data/climate_estimation/maxent_output/Gagea_bohemica.asc
NCOLS 510 
NROWS 277 
XLLCORNER -6.41666666666667 
YLLCORNER 30.25 
CELLSIZE 0.0833333333333333 
NODATA_value -3.4e+38 
[rows 22 to 43 of 277, columns 98 to 146 of 510]
-3.4e+38 -3.4e+38 -3.4e+38 -3.4e+38 -3.4e+38 -3.4e+38 -3.4e+38 -3.4e+38 -3.4e+38 -3.4e+38 -3.4e+38 -3.4e+38 -3.4e+38 -3.4e+38 -3.4e+38 -3.4e+38 -3.4e+38 -3.4e+38 -3.4e+38 -3.4e+38 -3.4e+38 0.723245918750763 0.754086673259735 0.793841063976288 0.808234632015228 0.817145049571991 0.81355893611908 0.826814234256744 0.793441414833069 0.808501720428467 0.818722367286682 0.779095351696014 0.776813626289368 0.785727560520172 0.795498549938202 0.791420519351959 0.789733827114105 0.77128404378891 0.730335295200348 0.723586976528168 0.748374044895172 0.751407623291016 0.742580950260162 0.797140896320343 0.764167964458466 0.764717519283295 0.728420555591583 0.750098466873169 0.743806838989258
-3.4e+38 -3.4e+38 -3.4e+38 -3.4e+38 -3.4e+38 -3.4e+38 -3.4e+38 -3.4e+38 -3.4e+38 -3.4e+38 -3.4e+38 -3.4e+38 -3.4e+38 -3.4e+38 -3.4e+38 -3.4e+38 -3.4e+38 0.649705350399017 0.68065744638443 0.702231228351593 0.729181945323944 0.762938559055328 0.781183063983917 0.799068450927734 0.811706602573395 0.808729648590088 0.79888778924942 0.798051059246063 0.800490915775299 0.820098876953125 0.782377243041992 0.783277094364166 0.784226059913635 0.782319903373718 0.780524790287018 0.78566175699234 0.750102579593658 0.743938505649567 0.739031195640564 0.717601954936981 0.714884519577026 0.70141464471817 0.742580950260162 0.757870435714722 0.712022185325623 0.728420555591583 0.735486686229706 0.705634951591492 0.758055984973907
-3.4e+38 -3.4e+38 -3.4e+38 -3.4e+38 -3.4e+38 -3.4e+38 -3.4e+38 -3.4e+38 -3.4e+38 -3.4e+38 -3.4e+38 -3.4e+38 -3.4e+38 -3.4e+38 0.593788504600525 0.591493129730225 0.63396829366684 0.653376758098602 0.696246206760406 0.71406751871109 0.751645505428314 0.773740410804749 0.786271691322327 0.791522264480591 0.801835834980011 0.78277599811554 0.785118043422699 0.761323869228363 0.812285304069519 0.785399913787842 0.7930708527565 0.804518580436707 0.759738564491272 0.765680491924286 0.759611487388611 0.75397515296936 0.737350881099701 0.726856291294098 0.728512763977051 0.723638594150543 0.711494266986847 0.713544309139252 0.718065321445465 0.732318878173828 0.719657003879547 0.69697117805481 0.708013892173767 0.753314077854156 0.723002552986145
-3.4e+38 -3.4e+38 -3.4e+38 -3.4e+38 -3.4e+38 -3.4e+38 -3.4e+38 -3.4e+38 -3.4e+38 -3.4e+38 -3.4e+38 -3.4e+38 0.599430799484253 0.600933253765106 0.60710197687149 0.626214623451233 0.649705350399017 0.678483963012695 0.710642695426941 0.754666805267334 0.760062992572784 0.789529383182526 0.796407043933868 0.769935011863708 0.780600547790527 0.785919547080994 0.772644281387329 0.772738397121429 0.791190028190613 0.763843297958374 0.76121997833252 0.773896634578705 0.784251868724823 0.778124988079071 0.778567254543304 0.760493814945221 0.755770862102509 0.703198611736298 0.694139182567596 0.70076459646225 0.683969736099243 0.687493562698364 0.681410670280457 0.678267776966095 0.693423688411713 0.694862067699432 0.695434749126434 0.704337775707245 0.725950598716736
-3.4e+38 -3.4e+38 -3.4e+38 -3.4e+38 -3.4e+38 -3.4e+38 -3.4e+38 -3.4e+38 -3.4e+38 0.673360109329224 0.674173593521118 0.658298432826996 0.631607413291931 0.622467756271362 0.632106482982635 0.654738485813141 0.687998473644257 0.715588390827179 0.741472542285919 0.762865960597992 0.792475163936615 0.782634258270264 0.766524195671082 0.770307958126068 0.749008417129517 0.762975633144379 0.766890168190002 0.751525342464447 0.753063201904297 0.761779010295868 0.776885390281677 0.778900027275085 0.782058477401733 0.801608562469482 0.772796094417572 0.775459885597229 0.729331374168396 0.708312332630157 0.705528497695923 0.701856732368469 0.707005381584167 0.691658914089203 0.682342350482941 0.637880563735962 0.674662411212921 0.681985318660736 0.687831997871399 0.713427066802979 0.764892339706421
-3.4e+38 -3.4e+38 -3.4e+38 0.570334315299988 0.640572845935822 0.643073976039886 0.700780093669891 0.701998710632324 0.676616609096527 0.695888221263885 0.694010019302368 0.693527340888977 0.666839778423309 0.659946858882904 0.673689067363739 0.699433743953705 0.727006256580353 0.746654748916626 0.745700240135193 0.779315054416656 0.750846445560455 0.761023879051208 0.775148272514343 0.742989063262939 0.752471089363098 0.712610960006714 0.744564950466156 0.751776576042175 0.731358826160431 0.734310209751129 0.740416467189789 0.793922960758209 0.807036161422729 0.794562816619873 0.791864693164825 0.782113313674927 0.734732449054718 0.718456566333771 0.716259956359863 0.687246322631836 0.682565569877625 0.712066471576691 0.659389674663544 0.660504937171936 0.642492890357971 0.680668354034424 0.665484070777893 0.706003427505493 0.771902859210968
0.554608941078186 0.556666076183319 0.585950553417206 0.599313855171204 0.637722074985504 0.649943709373474 0.696255683898926 0.699309825897217 0.704370498657227 0.711634039878845 0.709931671619415 0.726564943790436 0.722288727760315 0.718345284461975 0.720466196537018 0.740814208984375 0.756925165653229 0.783062756061554 0.782898664474487 0.775399088859558 0.769958257675171 0.782274007797241 0.754006683826447 0.712972283363342 0.706295251846313 0.732392907142639 0.70286762714386 0.731927752494812 0.722635447978973 0.733516931533813 0.742160379886627 0.754111170768738 0.80959165096283 0.817204117774963 0.771419763565063 0.743416845798492 0.734768211841583 0.684632122516632 0.685498893260956 0.678231477737427 0.686519622802734 0.688903510570526 0.679578483104706 0.677184820175171 0.696657061576843 0.646330058574677 0.676917195320129 0.712249636650085 0.741424322128296
0.554630935192108 0.597709596157074 0.621894478797913 0.609896600246429 0.631060183048248 0.670193612575531 0.693583607673645 0.709428250789642 0.706949055194855 0.744561433792114 0.729158520698547 0.719472050666809 0.740480065345764 0.735844492912292 0.755451261997223 0.778970777988434 0.791846632957458 0.783749461174011 0.778547525405884 0.779005110263824 0.750070214271545 0.709946572780609 0.723144888877869 0.726200044155121 0.667972028255463 0.698028683662415 0.696671545505524 0.729972064495087 0.724889516830444 0.691524803638458 0.693375885486603 0.740615665912628 0.74988204240799 0.781865954399109 0.737579345703125 0.736977517604828 0.687355160713196 0.686317682266235 0.69359302520752 0.688151836395264 0.700660109519958 0.688542008399963 0.692333698272705 0.676541030406952 0.67151290178299 0.699238777160645 0.697098851203918 0.700274646282196 0.702888011932373
0.57973438501358 0.577211737632751 0.612812459468842 0.614090800285339 0.656503796577454 0.688072979450226 0.697603344917297 0.706061661243439 0.726940512657166 0.72208034992218 0.743871450424194 0.760226845741272 0.744719207286835 0.770023882389069 0.803943812847137 0.788129866123199 0.817525386810303 0.785822153091431 0.756479918956757 0.758650183677673 0.730651617050171 0.72118216753006 0.673185288906097 0.672076225280762 0.696815669536591 0.710137486457825 0.717521607875824 0.698892176151276 0.688793540000916 0.710052847862244 0.701353371143341 0.698425471782684 0.679731130599976 0.690594136714935 0.694703340530396 0.690954267978668 0.686209797859192 0.701823234558105 0.699962556362152 0.696377158164978 0.696803271770477 0.695983290672302 0.685550391674042 0.676371097564697 0.677956759929657 0.662346184253693 0.663036525249481 0.71333259344101 0.666523635387421
0.609428822994232 0.609581768512726 0.598226606845856 0.623478770256042 0.665988624095917 0.687095940113068 0.706490576267242 0.728650271892548 0.73673152923584 0.753810107707977 0.766035377979279 0.789110779762268 0.79915064573288 0.799337089061737 0.807520747184753 0.833309590816498 0.808066368103027 0.812282800674438 0.782890737056732 0.768360733985901 0.743619978427887 0.705705404281616 0.682290971279144 0.69180953502655 0.66607654094696 0.692270874977112 0.688125848770142 0.70112931728363 0.703381359577179 0.718547105789185 0.700100421905518 0.692653775215149 0.68898344039917 0.693934619426727 0.651429116725922 0.657601833343506 0.646476626396179 0.65684974193573 0.65831995010376 0.649373590946198 0.649631261825562 0.655348300933838 0.681051552295685 0.639713704586029 0.669488608837128 0.668066084384918 0.672430574893951 0.679457187652588 0.663338899612427
0.61628919839859 0.604029774665833 0.63221663236618 0.644801437854767 0.688157260417938 0.708378672599792 0.721069812774658 0.754908621311188 0.774939656257629 0.800770878791809 0.80088859796524 0.801636397838593 0.806672334671021 0.823394417762756 0.816953182220459 0.819930672645569 0.831767559051514 0.79676753282547 0.785553634166718 0.752553343772888 0.747096240520477 0.700401902198792 0.691409170627594 0.662751257419586 0.679516136646271 0.685419857501984 0.681222856044769 0.701315224170685 0.713712155818939 0.705948233604431 0.668801665306091 0.664029121398926 0.656262576580048 0.655560076236725 0.640719652175903 0.641674160957336 0.642126381397247 0.643185257911682 0.649011433124542 0.64741039276123 0.644131183624268 0.648327469825745 0.634931325912476 0.636126339435577 0.635011196136475 0.679218471050262 0.685160338878632 0.59716385602951 0.617602109909058
0.656429529190063 0.65709924697876 0.657214879989624 0.667115747928619 0.703190743923187 0.712595701217651 0.701770305633545 0.748069941997528 0.778516530990601 0.810796499252319 0.818325400352478 0.81954026222229 0.793016791343689 0.804427623748779 0.823675215244293 0.808235108852386 0.809323608875275 0.807292878627777 0.765630066394806 0.758371293544769 0.718023359775543 0.7171391248703 0.678502380847931 0.66607654094696 0.677199423313141 0.680134117603302 0.691857755184174 0.704043388366699 0.670619428157806 0.681274592876434 0.683893501758575 0.669203758239746 0.664029121398926 0.652325630187988 0.654208719730377 0.647215664386749 0.644773006439209 0.634237766265869 0.633276879787445 0.639217734336853 0.65302050113678 0.655674695968628 0.644410312175751 0.638889968395233 0.61071640253067 0.620987057685852 0.607894778251648 0.600267052650452 0.591931402683258
0.696390390396118 0.699234426021576 0.697132229804993 0.702555954456329 0.713795363903046 0.747028827667236 0.760948479175568 0.731599271297455 0.752000391483307 0.789319515228271 0.749980747699738 0.802280008792877 0.81346720457077 0.793695390224457 0.796812653541565 0.804466605186462 0.767707765102386 0.776995003223419 0.77169668674469 0.768917918205261 0.73475044965744 0.723173856735229 0.69262832403183 0.69045627117157 0.65690404176712 0.710246205329895 0.677647411823273 0.674388647079468 0.683204770088196 0.689762949943542 0.687482237815857 0.686945140361786 0.679572284221649 0.667711615562439 0.68001127243042 0.663389027118683 0.659181535243988 0.661303400993347 0.647284388542175 0.65027791261673 0.635058164596558 0.620777726173401 0.62491911649704 0.604761719703674 0.594221413135529 0.628804981708527 0.601157605648041 0.587553679943085 0.55331963300705
0.717194020748138 0.721731007099152 0.732229709625244 0.744585275650024 0.766412973403931 0.754991352558136 0.778041660785675 0.740531444549561 0.763940751552582 0.747693002223969 0.758811831474304 0.736184477806091 0.757923066616058 0.787862837314606 0.792383253574371 0.772389531135559 0.812277436256409 0.780792951583862 0.772506713867188 0.733911633491516 0.724292814731598 0.696250259876251 0.693735122680664 0.647108376026154 0.624094843864441 0.642403066158295 0.66059136390686 0.682605266571045 0.694570779800415 0.696140825748444 0.694172084331512 0.696841478347778 0.684459269046783 0.678273320198059 0.666847229003906 0.650972247123718 0.654074192047119 0.658427655696869 0.634205162525177 0.617856323719025 0.611916482448578 0.600475490093231 0.593137860298157 0.603218972682953 0.628746688365936 0.628535866737366 0.567616879940033 0.5639608502388 0.571008861064911
0.74504429101944 0.763584852218628 0.760979294776917 0.764709889888763 0.777651488780975 0.783731937408447 0.777749121189117 0.784157454967499 0.742870926856995 0.763619780540466 0.788119971752167 0.761289775371552 0.777531504631042 0.745844483375549 0.802905380725861 0.754611551761627 0.769707202911377 0.753265559673309 0.729878842830658 0.729024589061737 0.714859247207642 0.669702649116516 0.660084962844849 0.609254002571106 0.624365866184235 0.63884311914444 0.66423898935318 0.694181025028229 0.699462175369263 0.697711706161499 0.731603801250458 0.686608016490936 0.670307517051697 0.649966835975647 0.645107507705688 0.641879141330719 0.655729532241821 0.670899569988251 0.639928042888641 0.619525253772736 0.601930201053619 0.59877473115921 0.622392773628235 0.645679712295532 0.63895320892334 0.581453919410706 0.556754410266876 0.533425271511078 0.564306557178497
0.766613245010376 0.77726149559021 0.777820348739624 0.773629426956177 0.80487847328186 0.789227724075317 0.780075669288635 0.761592507362366 0.766108274459839 0.722512185573578 0.740208148956299 0.720477998256683 0.781048119068146 0.748042404651642 0.750616371631622 0.759854316711426 0.751126706600189 0.722549617290497 0.725344061851501 0.70769077539444 0.711424887180328 0.652730464935303 0.60465133190155 0.602789580821991 0.621694624423981 0.649593889713287 0.67103099822998 0.686836183071136 0.721470355987549 0.712340950965881 0.705201029777527 0.701033532619476 0.695590436458588 0.683498680591583 0.637542188167572 0.645367801189423 0.661499261856079 0.662814915180206 0.647929847240448 0.645428419113159 0.629302382469177 0.638004958629608 0.628019511699677 0.60375964641571 0.574573755264282 0.579401075839996 0.535429894924164 0.52572762966156 0.529335200786591
0.799612522125244 0.800305783748627 0.813513457775116 0.801293313503265 0.791031777858734 0.757600069046021 0.776373267173767 0.775022864341736 0.762935876846313 0.755017757415771 0.713708996772766 0.760716676712036 0.724651992321014 0.735191583633423 0.703916013240814 0.709519743919373 0.747539281845093 0.716281056404114 0.688429832458496 0.648243427276611 0.64657062292099 0.640666961669922 0.626927375793457 0.612442672252655 0.620620727539062 0.641262114048004 0.668023407459259 0.684256017208099 0.717365801334381 0.709533751010895 0.702527582645416 0.689562439918518 0.712967157363892 0.715883195400238 0.677194833755493 0.684904873371124 0.689231157302856 0.671061098575592 0.663260340690613 0.673671901226044 0.6768439412117 0.646715223789215 0.619348764419556 0.581092536449432 0.549425601959229 0.58915650844574 0.586904287338257 0.582939088344574 0.609819769859314
0.793063759803772 0.814766228199005 0.819399774074554 0.815069139003754 0.825775384902954 0.784835934638977 0.783249795436859 0.764611959457397 0.765753090381622 0.780972063541412 0.743975520133972 0.730024397373199 0.697997152805328 0.695200741291046 0.697761058807373 0.685151100158691 0.686907649040222 0.698458790779114 0.647649049758911 0.634387671947479 0.634235262870789 0.634173274040222 0.640809595584869 0.633152365684509 0.613200187683105 0.64808452129364 0.674935579299927 0.724478363990784 0.709627032279968 0.70902955532074 0.72572922706604 0.730737328529358 0.735881447792053 0.680579543113708 0.676615953445435 0.698028087615967 0.65873658657074 0.640919387340546 0.638143539428711 0.632549464702606 0.64409875869751 0.639492273330688 0.637511134147644 0.586088955402374 0.568210363388062 0.620854020118713 0.599862396717072 0.588359594345093 0.626163721084595
0.798462212085724 0.828747510910034 0.836122989654541 0.838378667831421 0.814515650272369 0.832864880561829 0.795795023441315 0.79977822303772 0.77221816778183 0.768234133720398 0.785867691040039 0.776594758033752 0.722880899906158 0.726567208766937 0.719260096549988 0.711378514766693 0.68040668964386 0.694016098976135 0.684513211250305 0.678962767124176 0.673344850540161 0.641068518161774 0.684670150279999 0.634189069271088 0.603918254375458 0.639358520507812 0.669745802879333 0.696338176727295 0.710884511470795 0.732075393199921 0.743143141269684 0.720986127853394 0.709083378314972 0.687088370323181 0.710642516613007 0.681689202785492 0.616732478141785 0.645651459693909 0.653894364833832 0.653648138046265 0.654047131538391 0.655963242053986 0.587941229343414 0.58863627910614 0.590987920761108 0.590529143810272 0.609089314937592 0.627656936645508 0.637832283973694
0.797490239143372 0.815638720989227 0.824518799781799 0.815268635749817 0.818326652050018 0.806125938892365 0.81617796421051 0.828926861286163 0.781623482704163 0.776042580604553 0.741528987884521 0.729223310947418 0.723019599914551 0.73908257484436 0.732908010482788 0.716041445732117 0.706671178340912 0.710101127624512 0.711564898490906 0.717437624931335 0.711913764476776 0.71726781129837 0.709922730922699 0.659066677093506 0.663022458553314 0.674562454223633 0.702199578285217 0.737724363803864 0.705018937587738 0.727361619472504 0.717237412929535 0.722452282905579 0.712239027023315 0.694058477878571 0.70854914188385 0.715111494064331 0.71784907579422 0.700319468975067 0.687099456787109 0.658231139183044 0.670983672142029 0.643554508686066 0.64752185344696 0.643733739852905 0.609350681304932 0.620337843894958 0.63855105638504 0.659370005130768 0.62739771604538
0.751660585403442 0.77385812997818 0.749069571495056 0.775468647480011 0.787759065628052 0.815333664417267 0.769618988037109 0.794845998287201 0.786622047424316 0.748189508914948 0.739669501781464 0.736670255661011 0.732785999774933 0.730002045631409 0.723491609096527 0.72318023443222 0.687576353549957 0.704201519489288 0.698946833610535 0.715446293354034 0.749923169612885 0.780835688114166 0.754757285118103 0.736473441123962 0.693550884723663 0.682944238185883 0.696254134178162 0.686298072338104 0.699058473110199 0.734986960887909 0.727298676967621 0.718708515167236 0.717057943344116 0.728836476802826 0.72029310464859 0.719701826572418 0.730732381343842 0.699872136116028 0.704621076583862 0.701075971126556 0.715169310569763 0.722555756568909 0.689252972602844 0.688648045063019 0.653646290302277 0.651985645294189 0.656096041202545 0.65131014585495 0.636893391609192
0.775228440761566 0.731821537017822 0.751090943813324 0.781522035598755 0.772072315216064 0.778913199901581 0.78138142824173 0.77438360452652 0.7513028383255 0.754994094371796 0.748683035373688 0.715701699256897 0.710380256175995 0.728822529315948 0.714618504047394 0.696205079555511 0.699697732925415 0.718104362487793 0.693935692310333 0.742984890937805 0.770168125629425 0.771310269832611 0.812612295150757 0.822265267372131 0.780275464057922 0.732437014579773 0.713498055934906 0.708029389381409 0.723315894603729 0.697549223899841 0.749725699424744 0.734658420085907 0.725244522094727 0.698361575603485 0.744592905044556 0.72663402557373 0.735063970088959 0.759378552436829 0.747245967388153 0.758587837219238 0.773791611194611 0.777216017246246 0.750343382358551 0.725148022174835 0.712291121482849 0.725237667560577 0.693512916564941 0.692939341068268 0.662900269031525
