data/climate_estimation/maxent_output/Gagea_exilis.asc
NCOLS 180 
NROWS 46 
XLLCORNER 58.8333333333333 
YLLCORNER 34.4166666666667 
CELLSIZE 0.0833333333333333 
NODATA_value -3.4e+38 
[rows 20 to 39 of 46, columns 0 to 44 of 180]
0.956086575984955 0.911370635032654 0.730339705944061 0.602284371852875 0.57426905632019 0.548155725002289 0.525237560272217 0.512203097343445 0.525364279747009 0.59422492980957 0.623969972133636 0.654279410839081 0.797084093093872 0.838367223739624 0.685921192169189 0.415336340665817 0.308076441287994 0.23220631480217 0.345488280057907 0.362883657217026 0.290693163871765 0.209639430046082 0.215395152568817 0.208724781870842 0.223746374249458 0.216339156031609 0.238160535693169 0.270832687616348 0.282093733549118 0.267990857362747 0.244136393070221 0.222417309880257 0.227979525923729 0.203079760074615 0.213258147239685 0.187014281749725 0.18989959359169 0.195494160056114 0.185170859098434 0.199385657906532 0.183665260672569 0.194732174277306 0.198318615555763 0.168917909264565 0.13843035697937
0.972106754779816 0.866608440876007 0.759374022483826 0.730135202407837 0.625511705875397 0.60302859544754 0.556375205516815 0.494136899709702 0.502165794372559 0.489047706127167 0.510467648506165 0.64779531955719 0.619295418262482 0.648655951023102 0.755685389041901 0.735105633735657 0.449772894382477 0.305398374795914 0.310326665639877 0.294535011053085 0.276952177286148 0.232128098607063 0.203735649585724 0.21009449660778 0.218550279736519 0.23707689344883 0.236660704016685 0.251949101686478 0.284400910139084 0.278451919555664 0.253103226423264 0.217816606163979 0.215178847312927 0.216047868132591 0.197130173444748 0.203247904777527 0.210619926452637 0.185952171683311 0.19931548833847 0.196343064308167 0.203257292509079 0.21031565964222 0.19331993162632 0.187091141939163 0.158719792962074
0.925175905227661 0.981841087341309 0.964799344539642 0.906339287757874 0.808818519115448 0.666308343410492 0.612234950065613 0.52720695734024 0.49152672290802 0.447748780250549 0.412279278039932 0.468663543462753 0.52465409040451 0.574866890907288 0.718301951885223 0.671842932701111 0.680793941020966 0.60469126701355 0.411717474460602 0.328018814325333 0.309109926223755 0.232165843248367 0.201768472790718 0.189956024289131 0.186683803796768 0.199258655309677 0.238502040505409 0.243451684713364 0.263669818639755 0.268561065196991 0.236646443605423 0.229775100946426 0.211075067520142 0.216304257512093 0.209780693054199 0.192460283637047 0.19878201186657 0.204517841339111 0.189935579895973 0.209756731987 0.199576243758202 0.200027734041214 0.206872969865799 0.184483051300049 0.16129694879055
0.630211532115936 0.936619460582733 0.996229469776154 0.982156038284302 0.92334920167923 0.770100355148315 0.667359173297882 0.662997007369995 0.507379114627838 0.43856617808342 0.4116590321064 0.397044658660889 0.383194535970688 0.49749356508255 0.597769260406494 0.547405183315277 0.526057064533234 0.554821789264679 0.600313246250153 0.348172128200531 0.266175031661987 0.216611832380295 0.191722065210342 0.163347855210304 0.156497091054916 0.186933919787407 0.205653563141823 0.213358506560326 0.234064742922783 0.223281964659691 0.223868101835251 0.225442841649055 0.232015147805214 0.233066812157631 0.20869006216526 0.216561034321785 0.214910805225372 0.205504402518272 0.213074252009392 0.222884327173233 0.219226643443108 0.220663011074066 0.20281146466732 0.19073660671711 0.191155597567558
0.426713675260544 0.564762115478516 0.857628345489502 0.961057484149933 0.977709174156189 0.893274307250977 0.777511417865753 0.674914479255676 0.585281193256378 0.448356002569199 0.389989703893661 0.377443641424179 0.364167481660843 0.329036712646484 0.353345096111298 0.379115104675293 0.398346364498138 0.407363295555115 0.364159971475601 0.351147502660751 0.302411913871765 0.301615357398987 0.190926805138588 0.177542418241501 0.149377912282944 0.166157215833664 0.192491248250008 0.195750504732132 0.191487818956375 0.228716343641281 0.256033569574356 0.241111442446709 0.223501294851303 0.218205273151398 0.223729237914085 0.206640288233757 0.209306344389915 0.226255685091019 0.207442849874496 0.216959595680237 0.219349816441536 0.223284974694252 0.208747044205666 0.203758269548416 0.19131600856781
0.381996124982834 0.429092705249786 0.491119623184204 0.677575409412384 0.89879983663559 0.954943180084229 0.870036542415619 0.730761885643005 0.614936053752899 0.563047707080841 0.443714469671249 0.385987639427185 0.384907513856888 0.36365807056427 0.3108269572258 0.269934177398682 0.26502251625061 0.267929881811142 0.28556501865387 0.226670786738396 0.269824296236038 0.296354234218597 0.232109382748604 0.188834831118584 0.150477468967438 0.165903106331825 0.16962505877018 0.174696430563927 0.17220039665699 0.221673086285591 0.244768097996712 0.251202553510666 0.222684130072594 0.207935854792595 0.207564741373062 0.210597336292267 0.228623539209366 0.211290642619133 0.221117854118347 0.229316264390945 0.212303996086121 0.212533980607986 0.215678229928017 0.19927966594696 0.175376832485199
0.34728878736496 0.398818641901016 0.436738282442093 0.468041449785233 0.640718102455139 0.75357323884964 0.767036736011505 0.723749876022339 0.629945158958435 0.580091118812561 0.505276262760162 0.453564375638962 0.413382083177567 0.356797009706497 0.324041455984116 0.286740511655807 0.275382220745087 0.257120370864868 0.227582931518555 0.212024569511414 0.180586725473404 0.171424329280853 0.20118236541748 0.167434096336365 0.142955839633942 0.129154935479164 0.156719878315926 0.150689944624901 0.172057300806046 0.204611882567406 0.215121641755104 0.21835458278656 0.22509540617466 0.223909482359886 0.207016825675964 0.209934830665588 0.194269582629204 0.20273756980896 0.219317629933357 0.246001109480858 0.24384431540966 0.230227813124657 0.191805183887482 0.184180840849876 0.176033586263657
0.357194691896439 0.395154267549515 0.399641335010529 0.46073579788208 0.476962924003601 0.528855621814728 0.578684210777283 0.592222809791565 0.552421391010284 0.546869814395905 0.525471687316895 0.500722110271454 0.50223970413208 0.402228176593781 0.365303218364716 0.372152715921402 0.352789223194122 0.318048059940338 0.297250956296921 0.274627238512039 0.237595438957214 0.195549800992012 0.256980210542679 0.417357116937637 0.342697083950043 0.239946976304054 0.168115526437759 0.144868656992912 0.152071237564087 0.144669383764267 0.161349549889565 0.213799566030502 0.229740679264069 0.23488438129425 0.226476922631264 0.230412945151329 0.241426423192024 0.225422725081444 0.226580798625946 0.238225132226944 0.206182613968849 0.224787935614586 0.234155848622322 0.207907482981682 0.181986659765244
0.400835782289505 0.418611496686935 0.435325413942337 0.489307671785355 0.5074582695961 0.57393354177475 0.615677893161774 0.642289936542511 0.606941401958466 0.586418688297272 0.57548052072525 0.544037699699402 0.545178234577179 0.555703520774841 0.521330118179321 0.458111822605133 0.44366979598999 0.421401381492615 0.429564535617828 0.328031003475189 0.356796681880951 0.300153404474258 0.251823842525482 0.290067195892334 0.324040234088898 0.288517594337463 0.357330530881882 0.317538201808929 0.165998607873917 0.215835303068161 0.226776257157326 0.224635168910027 0.265734493732452 0.294036597013474 0.299439907073975 0.280930876731873 0.287707149982452 0.295606195926666 0.289802342653275 0.250918567180634 0.247024342417717 0.255955189466476 0.203247547149658 0.197570472955704 0.182980909943581
0.464379131793976 0.453439593315125 0.523179173469543 0.541812241077423 0.62310266494751 0.678300678730011 0.75294154882431 0.81086927652359 0.765230894088745 0.710907936096191 0.63041615486145 0.531944692134857 0.551474869251251 0.661014914512634 0.768678486347198 0.679427087306976 0.556399405002594 0.552739977836609 0.530182659626007 0.407860934734344 0.502585530281067 0.4754778444767 0.415358990430832 0.304080694913864 0.206545069813728 0.17851984500885 0.17836594581604 0.198955208063126 0.189429402351379 0.177627325057983 0.344361871480942 0.287889987230301 0.312326163053513 0.340443074703217 0.308548092842102 0.292952388525009 0.270855456590652 0.265066891908646 0.297137022018433 0.275468915700912 0.2466761469841 0.19301238656044 0.19782954454422 0.216367065906525 0.171652108430862
0.521095514297485 0.53796511888504 0.554490804672241 0.610864043235779 0.646320462226868 0.743066966533661 0.841909945011139 0.852787554264069 0.933699607849121 0.896340250968933 0.720727562904358 0.564830243587494 0.511063396930695 0.513771295547485 0.57464611530304 0.582772672176361 0.613477766513824 0.711296379566193 0.620353639125824 0.513220965862274 0.561401069164276 0.657208740711212 0.512992262840271 0.406907469034195 0.286276668310165 0.212566345930099 0.159210130572319 0.144025862216949 0.12816721200943 0.225299552083015 0.297715127468109 0.299127101898193 0.256778657436371 0.232875823974609 0.221953436732292 0.177230447530746 0.16667665541172 0.151327893137932 0.202698737382889 0.260922878980637 0.236822918057442 0.210758671164513 0.26134404540062 0.192918717861176 0.147582590579987
0.646776616573334 0.594931721687317 0.620158195495605 0.638155817985535 0.667037665843964 0.679380178451538 0.711269855499268 0.756612300872803 0.803316116333008 0.809856593608856 0.736644864082336 0.623780727386475 0.572496950626373 0.520737648010254 0.470009863376617 0.435780823230743 0.526888251304626 0.637298226356506 0.669759035110474 0.602803945541382 0.549447655677795 0.564325213432312 0.661254346370697 0.443649381399155 0.404483735561371 0.292509406805038 0.216739639639854 0.160368427634239 0.131860062479973 0.178945392370224 0.226682499051094 0.231979295611382 0.255766987800598 0.180237591266632 0.208041250705719 0.124804809689522 0.148055881261826 0.171550467610359 0.214747995138168 0.245045676827431 0.257444381713867 0.26192232966423 0.239721804857254 0.20175014436245 0.153127357363701
0.903939127922058 0.836468756198883 0.78685337305069 0.752481758594513 0.692713737487793 0.720351696014404 0.759758055210114 0.747525632381439 0.818810284137726 0.840448677539825 0.797264933586121 0.753144502639771 0.666815757751465 0.603865087032318 0.496428161859512 0.446608364582062 0.419264823198318 0.43164125084877 0.498194575309753 0.644969701766968 0.568377912044525 0.533811092376709 0.721257209777832 0.666905999183655 0.654930531978607 0.550396680831909 0.329003095626831 0.197996869683266 0.140739947557449 0.12794828414917 0.203686192631721 0.223346769809723 0.257787257432938 0.267757505178452 0.258082062005997 0.224797442555428 0.198195025324821 0.241827473044395 0.245570883154869 0.248489171266556 0.286365240812302 0.24361777305603 0.224006518721581 0.198226526379585 0.1802978515625
0.777407109737396 0.869991421699524 0.870795130729675 0.784521222114563 0.713878452777863 0.751361072063446 0.867923974990845 0.850929021835327 0.84451961517334 0.822922348976135 0.88044798374176 0.902881979942322 0.855634808540344 0.895979046821594 0.663709223270416 0.496355593204498 0.408532947301865 0.352278172969818 0.380224406719208 0.37000983953476 0.382018834352493 0.412436991930008 0.514928162097931 0.614445805549622 0.76755154132843 0.713460564613342 0.52096700668335 0.26975491642952 0.124700240790844 0.139714151620865 0.169998019933701 0.225333005189896 0.24372299015522 0.280396193265915 0.228469207882881 0.249189481139183 0.253451138734818 0.251961320638657 0.245817303657532 0.237500742077827 0.257344514131546 0.238664731383324 0.196173772215843 0.193747743964195 0.190005823969841
0.593035161495209 0.596820831298828 0.593584775924683 0.623413383960724 0.600227296352386 0.588989496231079 0.607652425765991 0.601882576942444 0.586931705474854 0.595409989356995 0.670215666294098 0.730714380741119 0.770239591598511 0.901163280010223 0.948064923286438 0.774359583854675 0.480099827051163 0.385929077863693 0.334282845258713 0.280541092157364 0.270258992910385 0.272632926702499 0.29089879989624 0.369080871343613 0.446893036365509 0.507742404937744 0.407438635826111 0.298450946807861 0.176966354250908 0.231070801615715 0.203534632921219 0.242006450891495 0.277187705039978 0.252239853143692 0.231959670782089 0.210093930363655 0.194655165076256 0.185861468315125 0.208849087357521 0.186695769429207 0.197113946080208 0.250554800033569 0.200485214591026 0.216863945126534 0.227704882621765
0.483895659446716 0.513075470924377 0.521489024162292 0.540273487567902 0.519315958023071 0.519916117191315 0.509779870510101 0.490859389305115 0.53576648235321 0.523818671703339 0.564535796642303 0.594002485275269 0.648905694484711 0.734529912471771 0.747160613536835 0.819497108459473 0.88671612739563 0.714203953742981 0.435739994049072 0.354027628898621 0.244692742824554 0.200066655874252 0.203061640262604 0.225891828536987 0.255682021379471 0.249883428215981 0.241085603833199 0.183596402406693 0.165766879916191 0.207533821463585 0.266837328672409 0.274460881948471 0.26552802324295 0.219917476177216 0.222601354122162 0.212568894028664 0.213549360632896 0.225418254733086 0.240766644477844 0.24349844455719 0.25327131152153 0.274019688367844 0.224008783698082 0.271221816539764 0.304059952497482
0.302822321653366 0.334783166646957 0.349455714225769 0.383267730474472 0.39659771323204 0.496247291564941 0.475541263818741 0.531600058078766 0.575852751731873 0.575061023235321 0.581872940063477 0.545452177524567 0.579352200031281 0.638255894184113 0.606810927391052 0.575169622898102 0.709149718284607 0.87775856256485 0.727670848369598 0.424774438142776 0.258054673671722 0.209396302700043 0.18593430519104 0.182765439152718 0.167829021811485 0.168817713856697 0.156619414687157 0.147547990083694 0.242753148078918 0.22355329990387 0.263042390346527 0.315653711557388 0.252095431089401 0.247699767351151 0.21920982003212 0.207447290420532 0.210557922720909 0.246426165103912 0.292089700698853 0.28568708896637 0.263268858194351 0.241924479603767 0.255843192338943 0.245381042361259 0.298647552728653
0.232825338840485 0.26850950717926 0.276538163423538 0.313475221395493 0.304704546928406 0.317313224077225 0.332511305809021 0.377674907445908 0.492981940507889 0.53698205947876 0.522842884063721 0.618135690689087 0.663377344608307 0.666786432266235 0.591105401515961 0.518277704715729 0.639449059963226 0.663554191589355 0.612048923969269 0.433769047260284 0.287990629673004 0.229161292314529 0.176825284957886 0.150905564427376 0.154423072934151 0.145854502916336 0.14510203897953 0.133854597806931 0.163283467292786 0.224533140659332 0.32012864947319 0.319094926118851 0.266533255577087 0.245409339666367 0.217597812414169 0.217451974749565 0.231347292661667 0.277013540267944 0.280322372913361 0.266786217689514 0.281118154525757 0.286197185516357 0.263255327939987 0.242046475410461 0.270059555768967
0.18371419608593 0.193135470151901 0.261480957269669 0.238101780414581 0.243065789341927 0.270644247531891 0.275365799665451 0.297173321247101 0.308439403772354 0.379171669483185 0.430456787347794 0.575999796390533 0.780076742172241 0.835611045360565 0.721009731292725 0.559776902198792 0.4695203602314 0.489886343479156 0.454217225313187 0.353835552930832 0.289049357175827 0.22493389248848 0.178021445870399 0.156942695379257 0.144752904772758 0.137608826160431 0.124760948121548 0.123843260109425 0.158061131834984 0.203866243362427 0.220886409282684 0.35941156744957 0.31227234005928 0.221682712435722 0.222088411450386 0.242502719163895 0.257471561431885 0.273707956075668 0.251963287591934 0.313254773616791 0.310462206602097 0.304511666297913 0.291908740997314 0.269940227270126 0.277471750974655
0.138698399066925 0.166952565312386 0.180101275444031 0.210480824112892 0.227205082774162 0.222586557269096 0.233697146177292 0.260872513055801 0.272230714559555 0.25204074382782 0.292783617973328 0.354966312646866 0.545197427272797 0.744171559810638 0.849252045154572 0.840760409832001 0.551501572132111 0.478618204593658 0.362839818000793 0.329285770654678 0.27859628200531 0.21781899034977 0.205292284488678 0.170004278421402 0.148660898208618 0.135516807436943 0.123579524457455 0.118780367076397 0.140968799591064 0.179420053958893 0.201843053102493 0.253088176250458 0.33429229259491 0.295863062143326 0.282184362411499 0.286302298307419 0.323268949985504 0.366563409566879 0.34063908457756 0.356432735919952 0.356020212173462 0.362754255533218 0.337897151708603 0.323790967464447 0.360670626163483
