data/climate_estimation/maxent_output/Gagea_afghanica.asc
NCOLS 245 
NROWS 94 
XLLCORNER 52.5 
YLLCORNER 33.6666666666667 
CELLSIZE 0.0833333333333333 
NODATA_value -3.4e+38 
[rows 0 to 19 of 94, columns 132 to 175 of 245]
0.720104098320007 0.729737818241119 0.732562124729156 0.718662142753601 0.694453835487366 0.75907689332962 0.828384637832642 0.823406577110291 0.877080321311951 0.873445391654968 0.870518445968628 0.868187487125397 0.867950439453125 0.866470575332642 0.809661865234375 0.79992949962616 0.798937797546387 0.801903367042542 0.850254237651825 0.856967628002167 0.888681292533875 0.924323737621307 0.926117837429047 0.716120064258575 0.721931338310242 0.770549237728119 0.801362633705139 0.797455191612244 0.845457911491394 0.868158519268036 0.879019021987915 0.881868898868561 0.880345523357391 0.89164000749588 0.886860072612762 0.893177092075348 0.888313949108124 0.900092661380768 0.896258294582367 0.89967405796051 0.903627097606659 0.903456389904022 0.903302311897278 0.90664666891098
0.801350712776184 0.801505744457245 0.800524771213531 0.794270992279053 0.767350733280182 0.761970341205597 0.837471008300781 0.899224877357483 0.899326086044312 0.87763911485672 0.867579400539398 0.812861859798431 0.809733211994171 0.809634208679199 0.807347118854523 0.857195496559143 0.858963191509247 0.897769689559937 0.896791398525238 0.92126989364624 0.925469696521759 0.928892910480499 0.720272541046143 0.723515868186951 0.78101259469986 0.811688423156738 0.805474817752838 0.850239157676697 0.871975183486938 0.880458235740662 0.883556962013245 0.888303458690643 0.895752251148224 0.895020663738251 0.896866679191589 0.897551417350769 0.895198166370392 0.9018474817276 0.900467336177826 0.900249898433685 0.904775619506836 0.907236874103546 0.905452609062195 0.904587984085083
0.80787068605423 0.824889123439789 0.861492276191711 0.856870830059052 0.846969544887543 0.828973352909088 0.856258809566498 0.912333369255066 0.883739769458771 0.814782857894897 0.811135351657867 0.804296731948853 0.800763189792633 0.804680109024048 0.901983380317688 0.93769371509552 0.928013205528259 0.897375762462616 0.923339605331421 0.954637467861176 0.968748033046722 0.954443991184235 0.76609879732132 0.775261402130127 0.816709101200104 0.811443865299225 0.84036648273468 0.872247815132141 0.875425219535828 0.883999884128571 0.888394832611084 0.890018403530121 0.891565680503845 0.89663553237915 0.899510860443115 0.89754194021225 0.902546048164368 0.901601433753967 0.906679809093475 0.902863144874573 0.912509083747864 0.908612191677094 0.907656729221344 0.913972616195679
0.924538195133209 0.927327454090118 0.948568999767303 0.945622622966766 0.921940982341766 0.912674367427826 0.903962373733521 0.905600070953369 0.81889820098877 0.815254092216492 0.80865204334259 0.799621760845184 0.802433013916016 0.846088469028473 0.864101111888885 0.862403273582458 0.842394530773163 0.562558770179749 0.62221747636795 0.954108059406281 0.970263123512268 0.792644560337067 0.821193277835846 0.81719309091568 0.85187953710556 0.8443363904953 0.87365996837616 0.883642315864563 0.888107538223267 0.893301963806152 0.897632718086243 0.901131391525269 0.893224060535431 0.899526298046112 0.901806533336639 0.899374723434448 0.904840707778931 0.905683100223541 0.909422874450684 0.911402523517609 0.91133189201355 0.914527237415314 0.913248240947723 0.913436114788055
0.92799973487854 0.928126513957977 0.947404384613037 0.922585844993591 0.905914425849915 0.906579196453094 0.934314966201782 0.82938951253891 0.803619384765625 0.760507106781006 0.755970358848572 0.794905662536621 0.495412141084671 0.446367681026459 0.504424035549164 0.551498591899872 0.550383508205414 0.604682862758636 0.620876789093018 0.671713531017303 0.72193431854248 0.778728604316711 0.828769624233246 0.852929413318634 0.850204408168793 0.872101902961731 0.888158559799194 0.888107538223267 0.886750936508179 0.895527482032776 0.897734940052032 0.902512073516846 0.898212254047394 0.906184554100037 0.904991745948792 0.907993972301483 0.911460876464844 0.907710254192352 0.909663796424866 0.909511566162109 0.909994661808014 0.915692627429962 0.919479370117188 0.914900720119476
0.870284736156464 0.87002158164978 0.870722472667694 0.859306693077087 0.78061854839325 0.809625566005707 0.775873720645905 0.811613500118256 0.812197268009186 0.809039652347565 0.432005047798157 0.414261609315872 0.436694949865341 0.4438496530056 0.443353742361069 0.492282271385193 0.543312609195709 0.598216950893402 0.620981454849243 0.666673541069031 0.717029988765717 0.776934087276459 0.804699420928955 0.84505957365036 0.875276803970337 0.877810001373291 0.896120011806488 0.896224081516266 0.897926449775696 0.899188280105591 0.903641045093536 0.90106999874115 0.902409672737122 0.909818112850189 0.907421231269836 0.906992435455322 0.909021198749542 0.912917137145996 0.916614353656769 0.911617875099182 0.914842188358307 0.91666579246521 0.91960209608078 0.91738373041153
0.858505845069885 0.903097569942474 0.896416068077087 0.893476366996765 0.832636892795563 0.813228070735931 0.79531854391098 0.541221618652344 0.467066138982773 0.506779968738556 0.47518065571785 0.466197818517685 0.473826169967651 0.520708441734314 0.512929499149323 0.510447144508362 0.551328897476196 0.614595532417297 0.6784308552742 0.722664833068848 0.774783492088318 0.817602038383484 0.818898320198059 0.852614462375641 0.879270553588867 0.896120011806488 0.900801360607147 0.901749014854431 0.904383420944214 0.90313321352005 0.89787369966507 0.905281186103821 0.905476093292236 0.90963339805603 0.90980076789856 0.913582444190979 0.914327561855316 0.909142553806305 0.919178426265717 0.912052571773529 0.919164001941681 0.916472554206848 0.915790557861328 0.910319566726685
0.954999268054962 0.954999268054962 0.968568921089172 0.955575585365295 0.949589252471924 0.941186249256134 0.883784651756287 0.875874817371368 0.611174941062927 0.523292303085327 0.556817471981049 0.573928236961365 0.563227415084839 0.605850994586945 0.58026921749115 0.581573724746704 0.660168588161469 0.682966232299805 0.726103901863098 0.766600489616394 0.791817903518677 0.824793756008148 0.85626631975174 0.889552235603333 0.903495669364929 0.905238032341003 0.91100662946701 0.906378507614136 0.905799448490143 0.906908333301544 0.912247061729431 0.909362852573395 0.908596038818359 0.912527561187744 0.917178809642792 0.917586863040924 0.912725985050201 0.920634567737579 0.920140564441681 0.917895257472992 0.917729794979095 0.90741902589798 0.904109299182892 0.902868330478668
0.926510632038116 0.957471311092377 0.973191618919373 0.985023140907288 0.984355628490448 0.985073447227478 0.984990954399109 0.979166388511658 0.710151255130768 0.677272975444794 0.686324954032898 0.654452860355377 0.638260543346405 0.676089286804199 0.672655999660492 0.654549360275269 0.733499705791473 0.737058579921722 0.776397109031677 0.794728457927704 0.823480129241943 0.853419542312622 0.891152679920197 0.908142626285553 0.909428656101227 0.914020001888275 0.915794849395752 0.919420301914215 0.919557273387909 0.920631170272827 0.917156875133514 0.920215785503387 0.917421340942383 0.917907655239105 0.920365393161774 0.920158445835114 0.92527449131012 0.92315286397934 0.918297231197357 0.912964224815369 0.905303776264191 0.896327018737793 0.894649386405945 0.888473153114319
0.572199583053589 0.638069093227386 0.938049793243408 0.943117558956146 0.970083236694336 0.970974087715149 0.963025808334351 0.731721878051758 0.644231855869293 0.593148529529572 0.581626236438751 0.637963056564331 0.719319939613342 0.728952348232269 0.75344455242157 0.79375171661377 0.78742927312851 0.788620710372925 0.831633508205414 0.861685454845428 0.903115391731262 0.906222999095917 0.913158535957336 0.911101162433624 0.91231507062912 0.920111656188965 0.924573421478271 0.922880530357361 0.938817739486694 0.942221283912659 0.943938732147217 0.946966052055359 0.998444497585297 0.935141861438751 0.926410734653473 0.925597429275513 0.924293398857117 0.908040285110474 0.906414031982422 0.900447070598602 0.89784437417984 0.877890408039093 0.868254005908966 0.872392535209656
0.530992925167084 0.578367054462433 0.607124626636505 0.615831255912781 0.660436272621155 0.666477024555206 0.650463461875916 0.625539779663086 0.604097187519073 0.642493605613708 0.65349280834198 0.615145683288574 0.615587174892426 0.704484283924103 0.82372659444809 0.795606791973114 0.836487948894501 0.836972892284393 0.863153457641602 0.886708736419678 0.910257577896118 0.918665945529938 0.921910226345062 0.930760622024536 0.935230553150177 0.929242193698883 0.929094910621643 0.931214392185211 0.941396951675415 0.944941639900208 0.997911989688873 0.995642423629761 0.991887867450714 0.991804897785187 0.989651560783386 0.976755619049072 0.956551313400269 0.984919369220734 0.872639238834381 0.873226821422577 0.875335872173309 0.87809032201767 0.862900912761688 0.858182609081268
0.522549092769623 0.527972459793091 0.567293345928192 0.583978056907654 0.58653861284256 0.62518972158432 0.624152302742004 0.61183762550354 0.667307794094086 0.681875944137573 0.720797955989838 0.712573289871216 0.710754036903381 0.75870019197464 0.828554689884186 0.819979786872864 0.845844924449921 0.867552876472473 0.897087752819061 0.913282990455627 0.917627811431885 0.921873986721039 0.92044872045517 0.927684545516968 0.935325264930725 0.941970944404602 0.940270125865936 0.938754022121429 0.944863021373749 0.942886054515839 0.935248255729675 0.927534997463226 0.91820240020752 0.884466528892517 0.986363410949707 0.969283401966095 0.870501220226288 0.807873427867889 0.906779110431671 0.959422409534454 0.964671909809113 0.840192079544067 0.831927299499512 0.831856429576874
0.538252949714661 0.5750333070755 0.592925131320953 0.593041062355042 0.639499723911285 0.634530425071716 0.628437101840973 0.676225244998932 0.673794150352478 0.730115473270416 0.735981941223145 0.781393527984619 0.780434787273407 0.834018111228943 0.843956768512726 0.87093198299408 0.893192231655121 0.878590822219849 0.895265102386475 0.919816613197327 0.928191542625427 0.936935901641846 0.938342154026031 0.937712371349335 0.937059044837952 0.948619365692139 0.931358754634857 0.997294902801514 0.996955513954163 0.917620301246643 0.918748319149017 0.916381180286407 0.903558015823364 0.88883113861084 0.832515239715576 0.944056570529938 0.830826997756958 0.768894731998444 0.754901945590973 0.802928984165192 0.742886960506439 0.89308375120163 0.764017462730408 0.78133088350296
0.583103895187378 0.58724445104599 0.600904822349548 0.645761132240295 0.641599595546722 0.639346778392792 0.692717313766479 0.691103398799896 0.754080176353455 0.748314440250397 0.747196972370148 0.78718900680542 0.820353746414185 0.843134462833405 0.871550500392914 0.898195266723633 0.906767308712006 0.899867951869965 0.908774137496948 0.919403672218323 0.927311301231384 0.934861898422241 0.940746426582336 0.943580746650696 0.9347825050354 0.924295723438263 0.996983647346497 0.994249165058136 0.987255871295929 0.971900463104248 0.977501153945923 0.986148238182068 0.86811625957489 0.848060131072998 0.827406108379364 0.964565098285675 0.949826776981354 0.928641438484192 0.918903172016144 0.923487961292267 0.912333846092224 0.871395111083984 0.851392209529877 0.646831393241882
0.591719686985016 0.619961380958557 0.666634380817413 0.664117336273193 0.661333203315735 0.705613315105438 0.703708946704865 0.700972735881805 0.767984569072723 0.767825841903687 0.804934620857239 0.803301751613617 0.840835630893707 0.874156892299652 0.876789331436157 0.905775964260101 0.931003212928772 0.931276261806488 0.912853240966797 0.917677521705627 0.917408227920532 0.92893648147583 0.933999300003052 0.940195083618164 0.938148140907288 0.926790714263916 0.910321354866028 0.994719743728638 0.898252546787262 0.88464367389679 0.881108582019806 0.829953372478485 0.971516311168671 0.951602578163147 0.93545937538147 0.948222994804382 0.751854300498962 0.759754240512848 0.727964401245117 0.711615324020386 0.698184311389923 0.682474374771118 0.652064085006714 0.860612213611603
0.609939515590668 0.672019898891449 0.673833131790161 0.668052136898041 0.710294961929321 0.722742080688477 0.713176190853119 0.765457689762115 0.765142560005188 0.803362488746643 0.809733271598816 0.840236663818359 0.887326002120972 0.885955274105072 0.907845139503479 0.935088336467743 0.936587572097778 0.943301022052765 0.926226317882538 0.920539379119873 0.919998705387115 0.924516379833221 0.927362263202667 0.930982351303101 0.927200973033905 0.919334948062897 0.912690162658691 0.906698286533356 0.904288232326508 0.887637138366699 0.886361420154572 0.86859655380249 0.849232792854309 0.802099704742432 0.77700537443161 0.728529870510101 0.723735749721527 0.746743559837341 0.726167321205139 0.72292822599411 0.702886700630188 0.680028676986694 0.66949588060379 0.639353573322296
0.618352770805359 0.680821537971497 0.681382417678833 0.676253616809845 0.730490148067474 0.730273306369781 0.76998645067215 0.784458339214325 0.821507275104523 0.822726666927338 0.849338352680206 0.856300473213196 0.892584562301636 0.911542236804962 0.915850043296814 0.939409196376801 0.944650292396545 0.945941746234894 0.956465542316437 0.925745069980621 0.921670436859131 0.929508149623871 0.925836026668549 0.9223712682724 0.913793861865997 0.910069286823273 0.902687966823578 0.898702502250671 0.886071085929871 0.874631762504578 0.873929560184479 0.87123054265976 0.85164612531662 0.82897287607193 0.815000474452972 0.794892728328705 0.7813680768013 0.762924313545227 0.72998046875 0.693209648132324 0.640302360057831 0.624130725860596 0.627776443958282 0.648395538330078
0.666195034980774 0.683648645877838 0.694705426692963 0.740041196346283 0.740680992603302 0.775951564311981 0.773232042789459 0.78998464345932 0.826538980007172 0.864149451255798 0.864641427993774 0.886219322681427 0.894436240196228 0.914821863174438 0.927940428256989 0.936931490898132 0.945327699184418 0.95732319355011 0.962311983108521 0.928795516490936 0.918122708797455 0.92413318157196 0.910147607326508 0.902941048145294 0.896601557731628 0.894786536693573 0.889787614345551 0.873158276081085 0.878929853439331 0.857001423835754 0.855803847312927 0.847934007644653 0.836581826210022 0.830558001995087 0.811357080936432 0.795523643493652 0.775280237197876 0.746340930461884 0.728390693664551 0.710093438625336 0.674056768417358 0.656075835227966 0.617008924484253 0.620216131210327
0.674009382724762 0.684578061103821 0.74524313211441 0.743123292922974 0.744918406009674 0.784363865852356 0.80828732252121 0.842792809009552 0.842529714107513 0.867648780345917 0.890859425067902 0.89078676700592 0.921009063720703 0.921966969966888 0.934368014335632 0.945260643959045 0.944246888160706 0.946462631225586 0.952854931354523 0.915857255458832 0.904026925563812 0.905787467956543 0.900769472122192 0.895919322967529 0.885295033454895 0.883715867996216 0.869463622570038 0.865989923477173 0.860534489154816 0.854884147644043 0.842690825462341 0.833841621875763 0.82555216550827 0.820019960403442 0.792109906673431 0.77221691608429 0.751344323158264 0.728503704071045 0.701770663261414 0.692324697971344 0.648652076721191 0.640888273715973 0.600359261035919 0.53895378112793
0.677804529666901 0.708641529083252 0.753300249576569 0.750430405139923 0.790596127510071 0.795729279518127 0.830907106399536 0.849043071269989 0.875576734542847 0.872193157672882 0.895509958267212 0.905759751796722 0.922180354595184 0.931842088699341 0.930867850780487 0.938406825065613 0.931315064430237 0.926172375679016 0.921225786209106 0.930175960063934 0.931054055690765 0.893249809741974 0.885770678520203 0.886108100414276 0.874606072902679 0.86496365070343 0.862076818943024 0.847617506980896 0.838542819023132 0.837225496768951 0.827743530273438 0.816370785236359 0.806624412536621 0.789994537830353 0.769569993019104 0.749469339847565 0.725502252578735 0.712692975997925 0.682665109634399 0.649822235107422 0.639623284339905 0.605502247810364 0.579885542392731 0.547930061817169
