data/climate_estimation/maxent_output/Gagea_gageoides.asc
NCOLS 488 
NROWS 157 
XLLCORNER 35.0833333333333 
YLLCORNER 28.5 
CELLSIZE 0.0833333333333333 
NODATA_value -3.4e+38 
[rows 76 to 94 of 157, columns 264 to 307 of 488]
0.13447317481041 0.139318495988846 0.139709293842316 0.139318987727165 0.13458676636219 0.121740601956844 0.121695935726166 0.102394342422485 0.101514272391796 0.112379878759384 0.136361554265022 0.165146887302399 0.15774217247963 0.183980256319046 0.207667991518974 0.217703610658646 0.258934706449509 0.262457668781281 0.335553526878357 0.349245756864548 0.449091613292694 0.475703328847885 0.544192671775818 0.564319610595703 0.625224769115448 0.62762713432312 0.734606206417084 0.721920669078827 0.773831903934479 0.779079854488373 0.789619386196136 0.791298925876617 0.753385066986084 0.768014073371887 0.815335392951965 0.798751175403595 0.762660205364227 0.819816708564758 0.877229273319244 0.857070028781891 0.800401926040649 0.615561425685883 0.576547086238861 0.554020166397095
0.0937026962637901 0.0820305570960045 0.0819172114133835 0.0706051215529442 0.075739748775959 0.0813174769282341 0.0960253030061722 0.0994780957698822 0.105600848793983 0.104742258787155 0.115945354104042 0.140725150704384 0.154569506645203 0.163330212235451 0.249238386750221 0.237366855144501 0.266722738742828 0.309877991676331 0.298635929822922 0.320861548185349 0.3779077231884 0.400904566049576 0.465021580457687 0.470795899629593 0.540668964385986 0.521080493927002 0.543507993221283 0.565221965312958 0.660645663738251 0.729883313179016 0.739132583141327 0.733629524707794 0.779641330242157 0.802319824695587 0.815630972385406 0.780552983283997 0.760679006576538 0.805532097816467 0.835018038749695 0.820601522922516 0.789386570453644 0.651164650917053 0.599492251873016 0.519024014472961
0.0665726438164711 0.0764045715332031 0.0791014581918716 0.0817983224987984 0.0680852979421616 0.0705456361174583 0.0784571319818497 0.0928262174129486 0.105558894574642 0.113010697066784 0.108317509293556 0.107982821762562 0.126917228102684 0.164488703012466 0.189820691943169 0.196357190608978 0.184274449944496 0.202616676688194 0.200042560696602 0.23962889611721 0.265280097723007 0.332737684249878 0.336911052465439 0.456569343805313 0.418477267026901 0.429912507534027 0.483085691928864 0.477007269859314 0.519140362739563 0.566572070121765 0.659053325653076 0.663528501987457 0.760568499565125 0.8235964179039 0.855585217475891 0.832864105701447 0.779963672161102 0.732533276081085 0.762308895587921 0.795083045959473 0.714504837989807 0.648383677005768 0.576088190078735 0.509464681148529
0.0855206772685051 0.119805030524731 0.10798267275095 0.104322023689747 0.0816699489951134 0.0845019593834877 0.0998061075806618 0.121350333094597 0.125415831804276 0.113064363598824 0.105360135436058 0.0882907882332802 0.104154773056507 0.107526332139969 0.130935713648796 0.145004689693451 0.134188577532768 0.16776904463768 0.202356114983559 0.200065687298775 0.247370734810829 0.250967770814896 0.307575792074203 0.328802078962326 0.383977472782135 0.415425360202789 0.398226678371429 0.418444901704788 0.47099632024765 0.492750823497772 0.476257264614105 0.544013500213623 0.603146135807037 0.72385162115097 0.793578922748566 0.836058557033539 0.86084109544754 0.767898619174957 0.752613842487335 0.689284384250641 0.667163550853729 0.611652553081512 0.555927157402039 0.562079250812531
0.104733020067215 0.12659677863121 0.16267429292202 0.231316223740578 0.178676217794418 0.107066504657269 0.103156231343746 0.0833561792969704 0.070278562605381 0.0752723589539528 0.0888455957174301 0.092038631439209 0.0881501659750938 0.0943537354469299 0.115150131285191 0.135394901037216 0.122265547513962 0.148281663656235 0.178917765617371 0.208655044436455 0.206629827618599 0.247666999697685 0.244325324892998 0.298259854316711 0.320242643356323 0.424249172210693 0.394493371248245 0.385100722312927 0.369258791208267 0.448869705200195 0.492879867553711 0.460744917392731 0.458531767129898 0.519093155860901 0.6019127368927 0.739038944244385 0.800589621067047 0.828384160995483 0.758173584938049 0.666027784347534 0.593436360359192 0.561558663845062 0.504030108451843 0.504428923130035
0.0649762526154518 0.101020649075508 0.165054276585579 0.14042617380619 0.0938181281089783 0.0683701112866402 0.0656980946660042 0.0705851688981056 0.0812167748808861 0.0700806528329849 0.0751375928521156 0.0919608473777771 0.101932138204575 0.094399020075798 0.111009418964386 0.118828855454922 0.144726321101189 0.134880095720291 0.15287446975708 0.179117977619171 0.166971117258072 0.201518163084984 0.235351204872131 0.258252650499344 0.255620270967484 0.299510985612869 0.286354869604111 0.312076032161713 0.34575554728508 0.36995404958725 0.427571177482605 0.439592003822327 0.398820906877518 0.407292574644089 0.442598253488541 0.58674430847168 0.702174305915833 0.791471540927887 0.772156238555908 0.68871009349823 0.605808794498444 0.538596987724304 0.534195780754089 0.464241027832031
0.0693233832716942 0.098371796309948 0.10810112208128 0.0558516085147858 0.0515243038535118 0.0515293627977371 0.0552794523537159 0.0632196590304375 0.067827932536602 0.0781919062137604 0.0698481351137161 0.0806052163243294 0.105676919221878 0.0978942289948463 0.123201169073582 0.140854254364967 0.154658511281013 0.135127201676369 0.144154384732246 0.163344293832779 0.180310785770416 0.203946352005005 0.190897598862648 0.215293794870377 0.228857591748238 0.226681753993034 0.262587010860443 0.278898924589157 0.321070700883865 0.301492273807526 0.345654666423798 0.363377183675766 0.380766987800598 0.36887663602829 0.397371262311935 0.437671989202499 0.519233167171478 0.613858759403229 0.7749302983284 0.781062543392181 0.615807771682739 0.54594087600708 0.454384446144104 0.431353867053986
0.0803890377283096 0.108294315636158 0.0649524703621864 0.0501316376030445 0.0545578822493553 0.0605945661664009 0.0504394508898258 0.0583163760602474 0.0651439055800438 0.0833761543035507 0.0780536085367203 0.0987826585769653 0.129116281867027 0.120268493890762 0.140937492251396 0.155870988965034 0.150889053940773 0.161011129617691 0.139412149786949 0.154149994254112 0.153947740793228 0.186250016093254 0.197068974375725 0.184244632720947 0.208064943552017 0.228399202227592 0.257119655609131 0.219259738922119 0.246737331151962 0.262116253376007 0.262116253376007 0.293173640966415 0.32351616024971 0.458704620599747 0.468213826417923 0.356899231672287 0.385856568813324 0.440410375595093 0.600591003894806 0.779484570026398 0.663378179073334 0.509698271751404 0.422436416149139 0.381120890378952
0.0631241425871849 0.0696445927023888 0.0693042576313019 0.0459519140422344 0.0485764369368553 0.0522769838571548 0.0582425929605961 0.047268558293581 0.0606230311095715 0.0900288000702858 0.125955909490585 0.162811264395714 0.128380179405212 0.171466022729874 0.211322769522667 0.19339120388031 0.177104443311691 0.165808767080307 0.154652506113052 0.149095132946968 0.174507185816765 0.186116635799408 0.19036291539669 0.19671368598938 0.172142252326012 0.194738149642944 0.207521975040436 0.233943268656731 0.241421326994896 0.205513924360275 0.217446535825729 0.224527388811111 0.276556879281998 0.37132728099823 0.564829766750336 0.432750463485718 0.370612561702728 0.4113529920578 0.492535024881363 0.604285180568695 0.659347832202911 0.54633229970932 0.434028029441833 0.428986221551895
0.0425011105835438 0.0586126632988453 0.0585104413330555 0.042675144970417 0.0423436351120472 0.0439020805060863 0.054218839854002 0.0605452209711075 0.0586310848593712 0.0970238521695137 0.162025824189186 0.248368218541145 0.302416741847992 0.243876740336418 0.274406999349594 0.214925795793533 0.191183686256409 0.191834464669228 0.176457464694977 0.165241405367851 0.174732312560081 0.174214616417885 0.168043181300163 0.184175699949265 0.189922109246254 0.176415950059891 0.182099193334579 0.194445088505745 0.212657406926155 0.23366878926754 0.253888577222824 0.231396198272705 0.218977823853493 0.210727170109749 0.290175795555115 0.381041526794434 0.314777433872223 0.297654926776886 0.401188790798187 0.471589386463165 0.647999346256256 0.639672160148621 0.570505738258362 0.48460853099823
0.0512747243046761 0.0924722477793694 0.0483373515307903 0.0380856990814209 0.0378359630703926 0.0422496870160103 0.0455639474093914 0.0585562363266945 0.0551392808556557 0.0841567888855934 0.138712331652641 0.214352890849113 0.309498876333237 0.302061289548874 0.399711042642593 0.305905729532242 0.214924946427345 0.228608697652817 0.21455679833889 0.170635372400284 0.186578720808029 0.174332991242409 0.179642856121063 0.184050038456917 0.194543749094009 0.248634964227676 0.200787931680679 0.170014798641205 0.17592965066433 0.233482643961906 0.390310883522034 0.346985697746277 0.233058258891106 0.197994813323021 0.203083574771881 0.215968206524849 0.228849589824677 0.236364156007767 0.283184319734573 0.31401139497757 0.422862619161606 0.439899146556854 0.407758504152298 0.387771517038345
0.0676988661289215 0.065559983253479 0.0445903465151787 0.0406463481485844 0.0420817509293556 0.0330413579940796 0.043932069092989 0.0550507642328739 0.0681023150682449 0.0761247128248215 0.119879260659218 0.163231834769249 0.227714315056801 0.30973944067955 0.405841946601868 0.491454690694809 0.283100843429565 0.207344904541969 0.234956949949265 0.228022500872612 0.186148270964622 0.198233425617218 0.252885341644287 0.241937458515167 0.235983982682228 0.228386268019676 0.207182094454765 0.193863198161125 0.193644225597382 0.198899641633034 0.373849809169769 0.419783055782318 0.262210577726364 0.185830935835838 0.167864874005318 0.173501417040825 0.190678954124451 0.215497329831123 0.183568924665451 0.215022087097168 0.290589541196823 0.271557867527008 0.271732568740845 0.323179751634598
0.0705480426549911 0.0484993830323219 0.0353178046643734 0.0315831303596497 0.0389020480215549 0.0317570939660072 0.0382996872067451 0.0493207722902298 0.068255752325058 0.0665640160441399 0.0910385027527809 0.143470793962479 0.196662351489067 0.263629972934723 0.309485346078873 0.472757041454315 0.48298567533493 0.339708030223846 0.25304701924324 0.238081589341164 0.22407928109169 0.275306910276413 0.312548458576202 0.320535272359848 0.242738366127014 0.221183180809021 0.207351580262184 0.193875625729561 0.193716034293175 0.19364307820797 0.261756181716919 0.38302618265152 0.270517706871033 0.173993051052094 0.174447506666183 0.174047112464905 0.146300256252289 0.156509339809418 0.160559847950935 0.166268914937973 0.202324017882347 0.20163369178772 0.228285104036331 0.26561176776886
0.065627321600914 0.0372146554291248 0.0283445175737143 0.0292724743485451 0.0315805189311504 0.0381556078791618 0.0399319864809513 0.0478228665888309 0.0739088952541351 0.0884961411356926 0.0819319561123848 0.119739346206188 0.171524524688721 0.22707100212574 0.234054118394852 0.359100043773651 0.535857558250427 0.545094609260559 0.390197575092316 0.365451812744141 0.333277195692062 0.356981724500656 0.464843600988388 0.387044489383698 0.306322157382965 0.265174180269241 0.242327779531479 0.227841064333916 0.207181304693222 0.193554535508156 0.24066162109375 0.356054812669754 0.225946366786957 0.19300588965416 0.163072273135185 0.157705679535866 0.157202422618866 0.151624217629433 0.146470606327057 0.150324776768684 0.131743103265762 0.155469417572021 0.170313894748688 0.164946913719177
0.068155825138092 0.0349919237196445 0.0273344293236732 0.027137640863657 0.0292046647518873 0.0339579097926617 0.0427515916526318 0.0431544333696365 0.066771425306797 0.0951463207602501 0.0914420709013939 0.0943344384431839 0.141760066151619 0.145197689533234 0.205528274178505 0.314970016479492 0.476778984069824 0.574169218540192 0.559514462947845 0.466465324163437 0.40270134806633 0.368602693080902 0.387445449829102 0.358674556016922 0.415198415517807 0.401754975318909 0.292802810668945 0.287763088941574 0.234564542770386 0.213601410388947 0.199958696961403 0.213435038924217 0.187020853161812 0.163410827517509 0.157729580998421 0.163260251283646 0.168893814086914 0.141982316970825 0.131979271769524 0.127224087715149 0.127284005284309 0.140343993902206 0.150291308760643 0.144925579428673
0.0882441848516464 0.0395331531763077 0.0394291281700134 0.0227411929517984 0.0254369135946035 0.0328313410282135 0.0430481396615505 0.0449260734021664 0.0578362978994846 0.0884703993797302 0.105256788432598 0.104967720806599 0.146639615297318 0.171513319015503 0.164312228560448 0.237138986587524 0.313523054122925 0.39368599653244 0.547633767127991 0.454320549964905 0.37913566827774 0.313082337379456 0.329288959503174 0.338709861040115 0.343192934989929 0.412064701318741 0.452481985092163 0.316147893667221 0.248873442411423 0.213318392634392 0.206493347883224 0.21310943365097 0.181063085794449 0.16924324631691 0.163737386465073 0.18149346113205 0.219208613038063 0.163709446787834 0.12476909160614 0.115851998329163 0.111385382711887 0.122813433408737 0.14171190559864 0.185290977358818
0.166196659207344 0.0618322640657425 0.0325162634253502 0.0354279987514019 0.0245327856391668 0.0307973027229309 0.041541762650013 0.0597955025732517 0.0578457526862621 0.077403336763382 0.105821706354618 0.116665929555893 0.207759708166122 0.149868071079254 0.143893301486969 0.174771308898926 0.222794234752655 0.268069684505463 0.430738180875778 0.501594126224518 0.427421808242798 0.358631640672684 0.364816278219223 0.337828040122986 0.337507158517838 0.374423414468765 0.430632770061493 0.369034618139267 0.277918756008148 0.240485295653343 0.277980387210846 0.286848396062851 0.271005749702454 0.181394323706627 0.169496268033981 0.17546558380127 0.225898534059525 0.219401761889458 0.147683352231979 0.12059012055397 0.132263690233231 0.132090762257576 0.1118089184165 0.179609522223473
0.222084432840347 0.133796617388725 0.0462390892207623 0.0418122708797455 0.0352379530668259 0.0286284051835537 0.0385428965091705 0.0520077757537365 0.0486854501068592 0.0720587968826294 0.0984114930033684 0.112811617553234 0.146456003189087 0.1656554043293 0.154813200235367 0.148222640156746 0.178736090660095 0.220987275242805 0.252120286226273 0.373659551143646 0.480683267116547 0.430013805627823 0.458149284124374 0.402110457420349 0.318270057439804 0.362994313240051 0.355751752853394 0.346092581748962 0.276492893695831 0.232820585370064 0.269853115081787 0.306719750165939 0.485364437103271 0.422143757343292 0.220470145344734 0.181376412510872 0.20030702650547 0.200713127851486 0.169677719473839 0.153255730867386 0.116069070994854 0.111860543489456 0.127764627337456 0.120543278753757
0.136017933487892 0.191379770636559 0.124813906848431 0.0370099656283855 0.0398715995252132 0.0310705788433552 0.0401034988462925 0.0522818565368652 0.0525151528418064 0.0622065886855125 0.0822279006242752 0.115887239575386 0.111234024167061 0.122944258153439 0.139708980917931 0.169173136353493 0.147530764341354 0.183766633272171 0.233824446797371 0.251153737306595 0.386931955814362 0.488645672798157 0.455753207206726 0.430493474006653 0.316500514745712 0.333724290132523 0.452229738235474 0.299408197402954 0.34405592083931 0.301554799079895 0.23235709965229 0.239827826619148 0.332168012857437 0.630960583686829 0.262551367282867 0.201430693268776 0.193859502673149 0.194183528423309 0.18256413936615 0.134885057806969 0.112437881529331 0.108415491878986 0.125016704201698 0.164671719074249
