data/climate_estimation/maxent_output/Gagea_gageoides.asc
NCOLS 488 
NROWS 157 
XLLCORNER 35.0833333333333 
YLLCORNER 28.5 
CELLSIZE 0.0833333333333333 
NODATA_value -3.4e+38 
[rows 114 to 132 of 157, columns 220 to 263 of 488]
0.13489080965519 0.139835327863693 0.141809046268463 0.0969003513455391 0.0905885919928551 0.0567988008260727 0.0367620997130871 0.0302771423012018 0.0404744334518909 0.0363590084016323 0.0362371690571308 0.0392417684197426 0.06905347853899 0.130990371108055 0.23536428809166 0.265504688024521 0.256245493888855 0.161051064729691 0.0638146474957466 0.0238976702094078 0.0406332798302174 0.0246122442185879 0.034586638212204 0.0772171840071678 0.168563321232796 0.185506790876389 0.129435464739799 0.120000451803207 0.156728610396385 0.100685521960258 0.0807503238320351 0.150123864412308 0.123279936611652 0.0927116349339485 0.0637715831398964 0.0521944016218185 0.0414114035665989 0.0366621389985085 0.0366137698292732 0.0393106937408447 0.0361310020089149 0.0432248562574387 0.0506362020969391 0.046832624822855
0.228382393717766 0.166069194674492 0.228562593460083 0.215438321232796 0.0967379733920097 0.0870611667633057 0.0589460581541061 0.0366470217704773 0.0499576255679131 0.0421624667942524 0.0392998196184635 0.0408427231013775 0.0532363653182983 0.0616425350308418 0.100646741688251 0.173760771751404 0.199564754962921 0.197188630700111 0.0729958787560463 0.0460834391415119 0.0405363664031029 0.028148340061307 0.0307802967727184 0.0568825826048851 0.0768074542284012 0.0885962173342705 0.116230867803097 0.115523852407932 0.111631639301777 0.132925048470497 0.0961767733097076 0.110767230391502 0.214650377631187 0.12585474550724 0.101749531924725 0.07498949021101 0.0445333048701286 0.0509051792323589 0.0529961362481117 0.030986126512289 0.0272068604826927 0.0300240479409695 0.0249559730291367 0.0363845489919186
0.192352801561356 0.220578968524933 0.213684290647507 0.277329206466675 0.187332823872566 0.116746962070465 0.0965054631233215 0.0684717521071434 0.0412081554532051 0.0368273593485355 0.0528706274926662 0.0489769540727139 0.05086774751544 0.0529579482972622 0.0809485986828804 0.0682344064116478 0.10686756670475 0.103203512728214 0.0580830164253712 0.0535272732377052 0.0281716771423817 0.030169028788805 0.0328934490680695 0.0478667020797729 0.0699365958571434 0.0761726498603821 0.137671560049057 0.149842992424965 0.193988233804703 0.181729957461357 0.118762396275997 0.0861199572682381 0.1591876745224 0.162307843565941 0.168579518795013 0.0816286355257034 0.0690674260258675 0.0545713193714619 0.0711126551032066 0.0464254580438137 0.0362524352967739 0.0274555217474699 0.0216257870197296 0.0215406846255064
0.205346345901489 0.188084825873375 0.324996709823608 0.416298896074295 0.354760766029358 0.310179233551025 0.219020277261734 0.186813309788704 0.0931294858455658 0.0732770040631294 0.051462322473526 0.0627037286758423 0.0623801313340664 0.0646255910396576 0.0745845064520836 0.056444700807333 0.0926942005753517 0.09234369546175 0.051484826952219 0.0358461365103722 0.0314736142754555 0.0302139669656754 0.0348384566605091 0.0439572595059872 0.0765644237399101 0.078596256673336 0.103922054171562 0.224160194396973 0.285001903772354 0.234229907393456 0.233494281768799 0.148932039737701 0.138831913471222 0.194147676229477 0.146731123328209 0.104685813188553 0.0982842147350311 0.0612218454480171 0.0543221011757851 0.0442483387887478 0.0408735200762749 0.0294611863791943 0.0258263479918242 0.0235031601041555
0.149853304028511 0.149019226431847 0.241470634937286 0.382843106985092 0.380573034286499 0.251139432191849 0.18251571059227 0.265030056238174 0.171705186367035 0.164040431380272 0.128253355622292 0.134211003780365 0.058658629655838 0.0522443428635597 0.0520336776971817 0.0672407671809196 0.0858527049422264 0.095187172293663 0.08819929510355 0.0651315897703171 0.0460897423326969 0.0375468134880066 0.0373176038265228 0.0516513399779797 0.070274643599987 0.0896503403782845 0.13154274225235 0.162343755364418 0.27740016579628 0.276351153850555 0.278602182865143 0.191559344530106 0.182791277766228 0.182708084583282 0.194684609770775 0.15021724998951 0.0957329496741295 0.0906140729784966 0.0595277138054371 0.0570948831737041 0.0547383986413479 0.0610724315047264 0.0433639995753765 0.0315023064613342
0.119990430772305 0.132431790232658 0.178553268313408 0.301025599241257 0.428525745868683 0.382890403270721 0.359506249427795 0.35103252530098 0.38381490111351 0.168402642011642 0.133936986327171 0.102698899805546 0.10267399251461 0.076839491724968 0.0712334588170052 0.0951199904084206 0.109602242708206 0.102170161902905 0.127684310078621 0.0948682352900505 0.0704851299524307 0.0607626847922802 0.0512327700853348 0.0513961091637611 0.055709145963192 0.054774597287178 0.113359853625298 0.198292478919029 0.241001859307289 0.294654726982117 0.316449165344238 0.325396686792374 0.334667563438416 0.28297546505928 0.235051721334457 0.149837359786034 0.135367885231972 0.102032959461212 0.0605921670794487 0.067878931760788 0.0874329134821892 0.107518531382084 0.184799194335938 0.190729215741158
0.118824988603592 0.111965999007225 0.128337636590004 0.214533910155296 0.243473395705223 0.371133416891098 0.350930541753769 0.301431477069855 0.351807564496994 0.335861474275589 0.261009871959686 0.184995427727699 0.0798202306032181 0.0740093886852264 0.0686782374978065 0.0686559602618217 0.0766112208366394 0.124324969947338 0.170388728380203 0.16510608792305 0.10757377743721 0.0725473985075951 0.0533683709800243 0.0654825568199158 0.0415673591196537 0.0524236932396889 0.0808712169528008 0.120828025043011 0.247388631105423 0.253769934177399 0.269601970911026 0.255563020706177 0.25694328546524 0.381937354803085 0.251293420791626 0.202028557658195 0.169315651059151 0.153429716825485 0.0876055881381035 0.0903779044747353 0.128424942493439 0.107670918107033 0.155886098742485 0.16584874689579
0.121443174779415 0.114461906254292 0.108001500368118 0.145373895764351 0.19117958843708 0.206166818737984 0.273604273796082 0.318465501070023 0.291404783725739 0.342406153678894 0.294621467590332 0.210441470146179 0.156775310635567 0.10813457518816 0.0971242189407349 0.0903734043240547 0.119126960635185 0.100145578384399 0.123007401823997 0.130474641919136 0.130324885249138 0.0712058916687965 0.0523979626595974 0.0734778046607971 0.0530597642064095 0.0531468205153942 0.091927595436573 0.0904756039381027 0.225961402058601 0.375456035137177 0.247317403554916 0.232777193188667 0.295914441347122 0.242951616644859 0.290136635303497 0.279492884874344 0.172370120882988 0.171686828136444 0.111483797430992 0.132358193397522 0.10301312059164 0.0886590778827667 0.0744887292385101 0.0918109863996506
0.142538085579872 0.125541418790817 0.118174090981483 0.122541636228561 0.150068953633308 0.156507298350334 0.191325977444649 0.215003356337547 0.220818996429443 0.213928908109665 0.251447945833206 0.282711833715439 0.166788592934608 0.126490011811256 0.118035905063152 0.113924108445644 0.145390033721924 0.121887534856796 0.126177906990051 0.105797588825226 0.174303531646729 0.147547513246536 0.132925093173981 0.0776780024170876 0.0664716511964798 0.0733052492141724 0.0758530125021935 0.155036509037018 0.134936764836311 0.253639817237854 0.261577427387238 0.186852589249611 0.201574802398682 0.278188973665237 0.27138888835907 0.317072093486786 0.339810013771057 0.24124002456665 0.132191553711891 0.106850519776344 0.105971053242683 0.0787557363510132 0.0816730558872223 0.0817665532231331
0.150540590286255 0.128068581223488 0.116418451070786 0.116783052682877 0.134503602981567 0.175448760390282 0.167756423354149 0.189830601215363 0.1981051415205 0.239021480083466 0.232647940516472 0.239234983921051 0.246708288788795 0.193521216511726 0.191233962774277 0.219548791646957 0.200576454401016 0.116054773330688 0.133299514651299 0.111907102167606 0.209731921553612 0.228047087788582 0.196579098701477 0.10705441981554 0.120854586362839 0.0827541053295135 0.107975624501705 0.104840822517872 0.143379747867584 0.124935083091259 0.148096472024918 0.231012955307961 0.226709142327309 0.277973115444183 0.268875807523727 0.362956166267395 0.354335933923721 0.288103342056274 0.199787557125092 0.130212500691414 0.124532520771027 0.120048388838768 0.0944049954414368 0.0673230811953545
0.117491200566292 0.113512106239796 0.140192702412605 0.127657666802406 0.128073260188103 0.168334946036339 0.162111103534698 0.222855150699615 0.271332621574402 0.222135618329048 0.222431480884552 0.194962024688721 0.212278455495834 0.212284415960312 0.160932689905167 0.171408951282501 0.218650832772255 0.190843313932419 0.119785435497761 0.111407369375229 0.155707970261574 0.18187689781189 0.170394390821457 0.14985154569149 0.0941523388028145 0.112521134316921 0.143409058451653 0.108242049813271 0.128870695829391 0.168143317103386 0.123996056616306 0.178670763969421 0.27023857831955 0.28574812412262 0.321447283029556 0.353553801774979 0.410367518663406 0.392524987459183 0.322971105575562 0.217868536710739 0.124986492097378 0.112226605415344 0.133645921945572 0.116108939051628
0.151409164071083 0.133398458361626 0.117435902357101 0.164214372634888 0.140105381608009 0.17216020822525 0.171955645084381 0.206033304333687 0.309365332126617 0.249833807349205 0.243109792470932 0.280225425958633 0.22710682451725 0.239117026329041 0.175696238875389 0.169889822602272 0.181436732411385 0.149794667959213 0.164868429303169 0.130689427256584 0.125792399048805 0.1587033867836 0.169543609023094 0.128249898552895 0.0937792584300041 0.157342076301575 0.185571163892746 0.188927099108696 0.122795417904854 0.145600438117981 0.118229240179062 0.170849815011024 0.19897235929966 0.310351103544235 0.272873759269714 0.387161284685135 0.29678151011467 0.331051856279373 0.289016664028168 0.287492603063583 0.179188281297684 0.185772359371185 0.184883639216423 0.240388125181198
0.143995374441147 0.171378836035728 0.151069849729538 0.137685313820839 0.121141038835049 0.181933522224426 0.170847117900848 0.246966764330864 0.238241270184517 0.266107946634293 0.262577891349792 0.303195357322693 0.258413136005402 0.287475526332855 0.189825221896172 0.211342424154282 0.192088320851326 0.231568485498428 0.204103201627731 0.180089801549911 0.142485946416855 0.137440204620361 0.127895697951317 0.123015366494656 0.122452937066555 0.144754588603973 0.151228293776512 0.329258769750595 0.264765530824661 0.176717802882195 0.13057067990303 0.175762012600899 0.168961241841316 0.26074030995369 0.288285315036774 0.330706030130386 0.24996417760849 0.297262191772461 0.357663303613663 0.283061474561691 0.254920065402985 0.178389176726341 0.209547907114029 0.281408101320267
0.16834531724453 0.148511737585068 0.138975337147713 0.176560655236244 0.161051675677299 0.142180114984512 0.163391917943954 0.212406292557716 0.233103588223457 0.197406947612762 0.270215958356857 0.263649821281433 0.21600778400898 0.254465639591217 0.182647824287415 0.216532632708549 0.230517208576202 0.209415674209595 0.19084994494915 0.151182129979134 0.119501903653145 0.114708378911018 0.16061532497406 0.14990545809269 0.144619792699814 0.154173910617828 0.164956763386726 0.170669421553612 0.269574165344238 0.288091421127319 0.174537420272827 0.191906094551086 0.147440940141678 0.216899275779724 0.279159396886826 0.25604647397995 0.288222044706345 0.30116879940033 0.379877179861069 0.248125463724136 0.348308503627777 0.329691052436829 0.310966342687607 0.302201837301254
0.165740057826042 0.190480276942253 0.168048292398453 0.157182887196541 0.148218140006065 0.176157608628273 0.172372549772263 0.184665039181709 0.210663214325905 0.239332437515259 0.225776299834251 0.225892916321754 0.232547178864479 0.226293459534645 0.240783765912056 0.226126626133919 0.200620397925377 0.206766784191132 0.235652968287468 0.188909620046616 0.176213145256042 0.139917284250259 0.134690940380096 0.153250426054001 0.187266290187836 0.169166281819344 0.133733496069908 0.137838393449783 0.168283820152283 0.267608433961868 0.33296737074852 0.234644457697868 0.166659235954285 0.190145224332809 0.200601756572723 0.206459030508995 0.219364494085312 0.30373603105545 0.283591955900192 0.384169727563858 0.354019105434418 0.324002474546432 0.330938756465912 0.295411556959152
0.26296728849411 0.207304760813713 0.171445474028587 0.196585074067116 0.190400347113609 0.16768915951252 0.205721899867058 0.1943069845438 0.201456680893898 0.17723836004734 0.167025089263916 0.17818920314312 0.202989712357521 0.243238061666489 0.289744645357132 0.331207424402237 0.325561195611954 0.289482593536377 0.285112947225571 0.225430622696877 0.169359162449837 0.205318003892899 0.174774765968323 0.157701998949051 0.16834057867527 0.197657540440559 0.16754262149334 0.203267380595207 0.173028379678726 0.150398284196854 0.266985386610031 0.348313689231873 0.206536188721657 0.206869140267372 0.232652276754379 0.254560500383377 0.254562348127365 0.261317253112793 0.348198354244232 0.343466579914093 0.433377683162689 0.459595561027527 0.381501197814941 0.260328322649002
0.554644525051117 0.401866674423218 0.254374951124191 0.256868422031403 0.228309720754623 0.1773531883955 0.203005120158195 0.179067850112915 0.168975830078125 0.181303322315216 0.200193807482719 0.242032125592232 0.280487835407257 0.28452268242836 0.352788090705872 0.36840033531189 0.431996405124664 0.406616806983948 0.261792153120041 0.341122478246689 0.284979581832886 0.237419366836548 0.190628290176392 0.172223150730133 0.203496232628822 0.202730655670166 0.140740722417831 0.165534868836403 0.182522997260094 0.155097126960754 0.200875297188759 0.263105630874634 0.272813647985458 0.311762630939484 0.378944307565689 0.322583198547363 0.272587686777115 0.328209936618805 0.264737039804459 0.313281714916229 0.31874480843544 0.441342055797577 0.375824332237244 0.435826152563095
0.541541218757629 0.514985859394073 0.400033414363861 0.31367826461792 0.270656168460846 0.281587511301041 0.220780819654465 0.236503601074219 0.209037303924561 0.190915942192078 0.225221484899521 0.244776114821434 0.309646487236023 0.341270744800568 0.457819640636444 0.402638912200928 0.429537266492844 0.403288900852203 0.340142846107483 0.29866436123848 0.316716074943542 0.34292921423912 0.321943044662476 0.263965576887131 0.228729590773582 0.176699370145798 0.159500598907471 0.164762079715729 0.170122846961021 0.193842023611069 0.21881391108036 0.205242499709129 0.313498556613922 0.361780434846878 0.386270135641098 0.363519281148911 0.273915708065033 0.389122694730759 0.325375288724899 0.301004648208618 0.298712342977524 0.349136918783188 0.315920382738113 0.43631511926651
0.664920270442963 0.527018964290619 0.4663967192173 0.393068730831146 0.348875999450684 0.357340484857559 0.246694594621658 0.264928460121155 0.20627136528492 0.243306919932365 0.222915574908257 0.223286643624306 0.336152166128159 0.359721422195435 0.405015856027603 0.488935768604279 0.406559646129608 0.461020946502686 0.51674097776413 0.449499875307083 0.284697085618973 0.324596047401428 0.264805942773819 0.379628688097 0.39201420545578 0.232917949557304 0.199213370680809 0.205439612269402 0.205378174781799 0.21188984811306 0.248198106884956 0.216717109084129 0.268840670585632 0.349626272916794 0.361148297786713 0.416937619447708 0.349418073892593 0.338989645242691 0.302935212850571 0.360854387283325 0.336851596832275 0.336330652236938 0.295217990875244 0.492650598287582
