data/climate_estimation/maxent_output/Gagea_reticulata.asc
NCOLS 908 
NROWS 247 
XLLCORNER 0.5 
YLLCORNER 28.4166666666667 
CELLSIZE 0.0833333333333333 
NODATA_value -3.4e+38 
[rows 210 to 230 of 247, columns 0 to 47 of 908]
0.00145735952537507 0.00319936126470566 0.00323631963692605 0.00323609635233879 0.00323595525696874 0.00229691388085485 0.0022973429877311 0.00190135079901665 0.00195040460675955 0.0018688557902351 0.00164492160547525 0.00164526316802949 0.00156685884576291 0.00156691099982709 0.00170555734075606 0.00149422592949122 0.00143231125548482 0.00130767654627562 0.00124667293857783 0.00108984287362546 0.000730410567484796 0.000698164105415344 0.000664280203636736 0.000961715937592089 0.000773476902395487 0.00070215726736933 0.000724262790754437 0.000724240439012647 0.000657599128317088 0.000626788241788745 0.000620264618191868 0.00062035903101787 0.000551587378140539 0.000600808125454932 0.00061804725555703 0.000561562017537653 0.000376682844944298 0.000358887977199629 0.000341893435688689 0.000325673056067899 0.000325623754179105 0.000325600733049214 0.00030892514041625 0.000308904098346829 0.000308898859657347 0.000226417672820389 0.000308842776576057 0.00029418568010442
0.00305013032630086 0.00266866898164153 0.00205689971335232 0.00188894500024617 0.00157272210344672 0.00173582055140287 0.00172377307899296 0.00172409717924893 0.00185846083331853 0.00149285478983074 0.00156799354590476 0.0014932444319129 0.00149367458652705 0.00162584031932056 0.0013632436748594 0.00136347487568855 0.00143253372516483 0.0012467474443838 0.000921838160138577 0.000768840138334781 0.000731835141777992 0.00111159542575479 0.00100954063236713 0.000883267028257251 0.000773222942370921 0.000736479472834617 0.000702073099091649 0.000724254990927875 0.000724263722077012 0.000751897343434393 0.000682984187733382 0.000600385305006057 0.00059738801792264 0.000569324300158769 0.000594584445934743 0.000330111128278077 0.000314334902213886 0.00035888486308977 0.000358781398972496 0.000341806502547115 0.000310093339066952 0.000324254331644624 0.000308911112369969 0.000206009994144551 0.000196202658116817 0.000196276843780652 0.000196112610865384 0.000280251406366006
0.00230949558317661 0.00162308488506824 0.00170552148483694 0.00164234905969352 0.00148989423178136 0.00218063080683351 0.00140710256528109 0.00135455827694386 0.00142307160422206 0.00135492603294551 0.00136407779064029 0.00136460270732641 0.0013080962235108 0.00124518305528909 0.00124575395602733 0.00124590296763927 0.00124657351989299 0.000921250262763351 0.0007679492700845 0.00116679910570383 0.00116649840492755 0.00105936615727842 0.00100971315987408 0.000883242872077972 0.000811206526122987 0.000773301057051867 0.000701951503288001 0.000701895449310541 0.000760357361286879 0.000752175983507186 0.000626786553766578 0.000658005592413247 0.000421749224187806 0.000597368809394538 0.000401510915253311 0.000363977072993293 0.00029908656142652 0.000299014471238479 0.000358781398972496 0.000325542030623183 0.000324310996802524 0.000308940914692357 0.000206058801268227 0.000206026263185777 0.000205906995688565 0.000186692879651673 0.000204501455300488 0.000214692350709811
0.00154710269998759 0.00142020080238581 0.0012947041541338 0.00129466434009373 0.00146142777521163 0.00134023546706885 0.0012292064493522 0.00122937245760113 0.00123710616026074 0.00117786496412009 0.00112855876795948 0.00124476116616279 0.00118503428529948 0.00118519982788712 0.0011856253258884 0.000799809524323791 0.00117392744868994 0.00117392744868994 0.0011181861627847 0.00107150035910308 0.00105959083884954 0.00105953216552734 0.000883239845279604 0.000883245898876339 0.000811177480500191 0.000773047213442624 0.00073597690789029 0.000701717799529433 0.000797738844994456 0.0005118646658957 0.000760365568567067 0.000760370749048889 0.000658005417790264 0.000421569216996431 0.000382076512323692 0.000346414977684617 0.000329670816427097 0.00029897119384259 0.00034316472010687 0.000326918700011447 0.000228366829105653 0.000465754012111574 0.000424244441092014 0.000532935198862106 0.000486612494569272 0.000486181816086173 0.000487278855871409 0.000463976699393243
0.00117604143451899 0.0011763806687668 0.00117649382445961 0.00117446517106146 0.00115964573342353 0.00117193802725524 0.00112268561497331 0.00106836156919599 0.000980305601842701 0.00102357286959887 0.00107632274739444 0.00112944364082068 0.00112967670429498 0.000834774516988546 0.000761021918151528 0.00117394444532692 0.0011739048641175 0.00102134223561734 0.00102133816108108 0.000972802459727973 0.000972813344560564 0.000972812355030328 0.000972839014139026 0.000883215689100325 0.000810780213214457 0.000806725875008851 0.000768164696637541 0.000648658431600779 0.000564047193620354 0.000563774548936635 0.000912086339667439 0.000912131159566343 0.000828639836981893 0.000487217213958502 0.000420894823037088 0.000346084329066798 0.000363555533112958 0.000397018389776349 0.000326762587064877 0.000510368612594903 0.000511415360961109 0.000389124557841569 0.000387581210816279 0.000387581210816279 0.000369913643226027 0.000369729532394558 0.00042437098454684 0.000423040008172393
0.0010663898428902 0.00106705352663994 0.00111129693686962 0.00106428319122642 0.000970785680692643 0.00107007683254778 0.00101868214551359 0.000847237359266728 0.000975686474703252 0.000719574803952128 0.000976588460616767 0.000755889981519431 0.000756001390982419 0.00106604385655373 0.00106602627784014 0.00102132791653275 0.00102133199106902 0.00102133920881897 0.000972788606304675 0.00097278569592163 0.00089280231622979 0.000972794543486089 0.000972803449258208 0.00101526745129377 0.000598202052060515 0.000598021375481039 0.000680287834256887 0.000680526602081954 0.000594951095990837 0.000595115474425256 0.000539726112037897 0.000536994950380176 0.000585488567594439 0.000441782758571208 0.000400307879317552 0.000381613615900278 0.000397196825360879 0.000360133941285312 0.000376503827283159 0.000427358289016411 0.000425388076109812 0.00042619401938282 0.000387796433642507 0.000352275965269655 0.000353013107087463 0.000404882710427046 0.000405146507546306 0.000386009109206498
0.00130403321236372 0.00091977568808943 0.000880873354617506 0.000880873354617506 0.000880825100466609 0.000807864591479301 0.000807358243037015 0.000807519303634763 0.000681420264299959 0.000652537972200662 0.000652986927889287 0.000625583867076784 0.00101617467589676 0.00092715845676139 0.000927166314795613 0.000927166314795613 0.000927191460505128 0.000927218177821487 0.000927210319787264 0.000850832439027727 0.000931925780605525 0.000931931484956294 0.000749298837035894 0.000659031444229186 0.000659031444229186 0.000659172597806901 0.000749606639146805 0.000749418511986732 0.00121078256051987 0.000655875250231475 0.000594732002355158 0.000539406202733517 0.000536798324901611 0.000463293021311983 0.000418434850871563 0.000566954724490643 0.000416602269979194 0.000395127455703914 0.000589127535931766 0.000448882317868993 0.00044696155237034 0.00040689914021641 0.000443847267888486 0.000444139499450102 0.000404118734877557 0.000367759203072637 0.000404935446567833 0.000321315892506391
0.000761160801630467 0.000761429837439209 0.000764834403526038 0.000732371176127344 0.00073273474117741 0.00073273474117741 0.000539917207788676 0.000563860405236483 0.000591796298976988 0.000622016959823668 0.000879402447026223 0.000842205423396081 0.00088367413263768 0.00088372448226437 0.000883737113326788 0.000878853141330183 0.00087888672715053 0.000888178474269807 0.000888166367076337 0.000888111884705722 0.000627768808044493 0.000658766948617995 0.000717816932592541 0.000658802164252847 0.000658537726849318 0.000749085214920342 0.000748982711229473 0.000687455933075398 0.000861749053001404 0.00086183100938797 0.000745481753256172 0.000594294047914445 0.000536694831680506 0.000463052332634106 0.000441189738921821 0.000456920999567956 0.000567824754398316 0.000617609126493335 0.000492228369694203 0.000490907463245094 0.000446637306595221 0.000406420789659023 0.000423996621975675 0.000444431934738532 0.000404013466322795 0.000367711792932823 0.000306496222037822 0.00027895814855583
0.000660650373902172 0.000605118868406862 0.000632512208539993 0.000632686249446124 0.000445610930910334 0.000467686360934749 0.000510831014253199 0.000871113734319806 0.000760562252253294 0.000764495111070573 0.000760534487199038 0.00076052313670516 0.000837680825497955 0.000837668834719807 0.000837668834719807 0.000768225116189569 0.000805999268777668 0.000569153751712292 0.000568977615330368 0.000627424335107207 0.000597397680394351 0.000627734349109232 0.000597250065766275 0.000658484874293208 0.000658291042782366 0.000749008322600275 0.000752524065319449 0.000717129209078848 0.000716963317245245 0.000861561042256653 0.000650710891932249 0.000590265437494963 0.000562319182790816 0.000689569511450827 0.000460981187643483 0.000712771899998188 0.000649082998279482 0.000565752212423831 0.000514837738592178 0.00046870022197254 0.000447332393378019 0.000466683850390837 0.000424247817136347 0.000425030273618177 0.000337086647050455 0.000321887026075274 0.000279066793154925 0.000278982275631279
0.000523116730619222 0.000523252470884472 0.00164191436488181 0.00165639561600983 0.00165785569697618 0.00071559997741133 0.000687561288941652 0.000658003322314471 0.000724830024410039 0.000724832934793085 0.000724827055819333 0.000724463723599911 0.000760515918955207 0.00051355198957026 0.000491836224682629 0.000515861727762967 0.000515995663590729 0.000515995663590729 0.00056886556558311 0.00056886556558311 0.0005968565819785 0.0005968565819785 0.000596872996538877 0.000597004080191255 0.000686965067870915 0.000716987007763237 0.00079007470048964 0.000789649551734328 0.00071634748019278 0.000790162244811654 0.000716714537702501 0.000589979987125844 0.00075813801959157 0.000689825566951185 0.000657294353004545 0.000625262153334916 0.000593933800701052 0.000566362461540848 0.000515248801093549 0.00046926669892855 0.000447703583631665 0.000466435623820871 0.000423996621975675 0.00035373296122998 0.000337342615239322 0.000321915780659765 0.000306294212350622 0.000306321133393794
0.00143391091842204 0.00148906442336738 0.00143404782284051 0.00209412956610322 0.00056920200586319 0.000544609676580876 0.000571522687096149 0.000571546028368175 0.000571569369640201 0.000629718590062112 0.000463477947050706 0.000465503777377307 0.000465655641164631 0.000445643265265971 0.000445575948106125 0.000467858044430614 0.000467885663965717 0.00051574275130406 0.000515727908350527 0.000568625458981842 0.000568353512790054 0.000568513467442244 0.000501351954881102 0.000501015572808683 0.000716998882126063 0.000716821174137294 0.000789762067142874 0.000789599551353604 0.00116528058424592 0.00086118042236194 0.00068272091448307 0.000876237114425749 0.000759138609282672 0.000660666672047228 0.000407976913265884 0.000653660332318395 0.000594031065702438 0.000540645211003721 0.000515852298121899 0.000468897167593241 0.000426756392698735 0.000465660821646452 0.000370309368008748 0.000353604729752988 0.000306469271890819 0.000321757746860385 0.000306226895190775 0.000305148190818727
0.00130032491870224 0.00176402111537755 0.00163447798695415 0.000494253123179078 0.000494228210300207 0.000494288746267557 0.000518707034643739 0.000381268910132349 0.000334045733325183 0.000368435372365639 0.000368273118510842 0.000406306586228311 0.000406204169848934 0.000386683852411807 0.000424010708229616 0.000424100435338914 0.00042404915438965 0.000467305741040036 0.000467305741040036 0.00051543052541092 0.000493425584863871 0.000454304099548608 0.000454392487881705 0.000474419386591762 0.000650464440695941 0.000716619775630534 0.000789437093771994 0.000789574580267072 0.0011119928676635 0.000861007021740079 0.000964117236435413 0.000876534497365355 0.000792469945736229 0.000549662625417113 0.000862753426190466 0.000719058734830469 0.000594420242123306 0.000540878332685679 0.000516291707754135 0.000355945521732792 0.000356224569259211 0.000388755579479039 0.00035330030368641 0.000353781069861725 0.000307194364722818 0.000203980278456584 0.000306461181025952 0.000278473133221269
0.00141416303813457 0.00148334447294474 0.00148364540655166 0.00042738561751321 0.000470997794764116 0.000329508737195283 0.000345871958415955 0.000345871958415955 0.000345871958415955 0.00031815649708733 0.000333883333951235 0.000333920819684863 0.000368300155969337 0.00036838126834482 0.000367756932973862 0.000386614206945524 0.000404006044846028 0.000423972262069583 0.000355640979250893 0.000392121903132647 0.00041161259287037 0.000432615313911811 0.000451967411208898 0.000474192347610369 0.000497099768836051 0.000744305551052094 0.000781515147536993 0.000781421782448888 0.00126724457368255 0.000544926675502211 0.0010416490258649 0.00091104896273464 0.000603105581831187 0.000549512449651957 0.000899491948075593 0.000719139236025512 0.000594387820456177 0.000540732638910413 0.000492708873935044 0.000261594948824495 0.000356358563294634 0.000339150050422177 0.000353748997440562 0.000214279134524986 0.000213852457818575 0.000213858540519141 0.000306416070088744 0.000278769613942131
0.00151125388219953 0.000443449098384008 0.000311303563648835 0.000284565554466099 0.000284643145278096 0.000298726226901636 0.000298762228339911 0.000329393020365387 0.000329470174619928 0.000329562753904611 0.000345934880897403 0.000345840497175232 0.000362877617590129 0.000333671108819544 0.000320280261803418 0.000293176621198654 0.000293579389108345 0.000307983922539279 0.000439602037658915 0.000249974604230374 0.000533344864379615 0.000557276187464595 0.000584881054237485 0.000614014978054911 0.000644110143184662 0.000767656951211393 0.000845638744067401 0.00322694680653512 0.00241291779093444 0.00223820423707366 0.000912315212190151 0.000793879444245249 0.000575371901504695 0.000754852721001953 0.000790440069977194 0.000719662639312446 0.000594777287915349 0.000541257380973548 0.000516758940648288 0.000356034783180803 0.000373613176634535 0.000356336240656674 0.000353684881702065 0.000224424395128153 0.000336985278408974 0.000337136210873723 0.000292556273052469 0.000278540479484946
0.000269083771854639 0.000258196465438232 0.000258130661677569 0.000258117506746203 0.000258117506746203 0.000258235930232331 0.000270943128271028 0.000270862481556833 0.000298647006275132 0.00028574006864801 0.000299939973047003 0.000286744354525581 0.000512483762577176 0.000361070706276223 0.000378941796952859 0.000415830931160599 0.000365153449820355 0.000383399630663916 0.000383413804229349 0.000439610419562086 0.00050610164180398 0.000506171199958771 0.000557565246708691 0.000584930006880313 0.000731910869944841 0.000378646625904366 0.00293363351374865 0.00234850496053696 0.00223855744116008 0.00254993652924895 0.000830319419037551 0.000756950816139579 0.000523192808032036 0.000575126963667572 0.00068667100276798 0.000654238683637232 0.000595329387579113 0.000516071973834187 0.000516896427143365 0.000391560461139306 0.000373449176549911 0.00035636973916553 0.00037170632276684 0.000337546312948689 0.000336901459377259 0.000213834224268794 0.000278661755146459 0.000278540479484946
0.000222985123400576 0.00022287733736448 0.000233955302974209 0.000233998187468387 0.000234016566537321 0.000234059465583414 0.000214627871173434 0.000403348967665806 0.000297674792818725 0.000297710794257 0.000312406860757619 0.000312392774503678 0.000312392774503678 0.000342894316418096 0.000342894316418096 0.000377717020455748 0.000415864953538403 0.000347930646967143 0.000365157960914075 0.000365137675544247 0.00045962751028128 0.000459668401163071 0.000506187265273184 0.000557439576368779 0.00220442400313914 0.00279489532113075 0.000567682203836739 0.00315130804665387 0.0027997400611639 0.00254776072688401 0.00075613654917106 0.000688440748490393 0.000720267067663372 0.000719179457519203 0.000687055347952992 0.000595784513279796 0.000541782646905631 0.000492839957587421 0.000431123247835785 0.000391823996324092 0.000391987239709124 0.000356492644641548 0.000339097081450745 0.000353358045686036 0.000337002042215317 0.000321317231282592 0.000306416070088744 0.000242400259594433
0.000168234255397692 0.000176440706127323 0.000176486137206666 0.00018522929167375 0.000366281456081197 0.000223402515985072 0.000234480437939055 0.000245325296418741 0.000245329574681818 0.000270231277681887 0.000270250457106158 0.000296737271128222 0.000296721147606149 0.000296721147606149 0.000311406853143126 0.000342961488058791 0.000342940504197031 0.000377668155124411 0.000347906810929999 0.00034787820186466 0.000365108397090808 0.00165439117699862 0.00182028906419873 0.00182058732025325 0.00208132015541196 0.00266299117356539 0.0029294400010258 0.00266501307487488 0.00244934926740825 0.00245080050081015 0.00223049009218812 0.000688286672811955 0.000790171383414418 0.000719058734830469 0.000654853763990104 0.000595394405536354 0.000541607500053942 0.00041117228101939 0.000391748704714701 0.000391861685784534 0.000373636605218053 0.000355411000782624 0.000337974808644503 0.00033668358810246 0.000321237341267988 0.000266632181592286 0.000266847957391292 0.00016901055641938
0.000288062467006966 0.000184053656994365 0.000193188665434718 0.000193190295249224 0.000193188665434718 0.000202762283151969 0.00020275755377952 0.000212813829421066 0.000212818427826278 0.000212828570511192 0.000234478342463262 0.000256745843216777 0.000269464508164674 0.00106662849429995 0.00111858837772161 0.00111858837772161 0.00123062543570995 0.00135468237567693 0.00142167904414237 0.00127705989871174 0.00133967492729425 0.00147457362618297 0.00182032631710172 0.00208153901621699 0.000343296123901382 0.00292422901839018 0.00254257093183696 0.00233542057685554 0.00222761416807771 0.00222965492866933 0.00202968204393983 0.000687516818288714 0.00222556968219578 0.000686632585711777 0.000654636591207236 0.000595589401200414 0.000567248440347612 0.00043126437230967 0.000411387591157109 0.000392062618630007 0.00037274812348187 0.000354696530848742 0.00021516386186704 0.000195343469385989 0.000195381086086854 0.000186201417818666 0.000177421679836698 0.00025408886722289
0.000167003381648101 0.00016700685955584 0.000175301989656873 0.000166992103913799 0.000166993864695542 0.000671902147587389 0.000184008662472479 0.000739747250918299 0.000776004570070654 0.000775971682742238 0.000814129016362131 0.00081410666462034 0.000828242918942124 0.000986672239378095 0.000986724277026951 0.00103497214149684 0.00103490252513438 0.00113901379518211 0.00119505729526281 0.00111565762199461 0.00135290075559169 0.00164016894996166 0.000313658500090241 0.000346091779647395 0.000361259648343548 0.00244334596209228 0.00244562141597271 0.00233308831229806 0.00212454656139016 0.00202777213416994 0.00184557237662375 0.00212341616861522 0.00212506856769323 0.000655034731607884 0.000595589401200414 0.00045257862075232 0.00045257862075232 0.000431236141594127 0.00041129338205792 0.000410056294640526 0.000372585054719821 0.000338628044119105 0.000187461075256579 0.000195391825400293 0.000195424072444439 0.000293530989438295 0.000266758026555181 0.000266740069491789
0.000554372207261622 0.000581701518967748 0.000581731554120779 0.000581728178076446 0.000640439451672137 0.000610231247264892 0.00059105217223987 0.000620474980678409 0.000650991569273174 0.000447704078396782 0.000470562605187297 0.000493976287543774 0.000517780601512641 0.000542775553185493 0.000617677753325552 0.000986672239378095 0.00108609849121422 0.0010347863426432 0.00113885093014687 0.00111570651642978 0.000299316656310111 0.000364409439498559 0.000346421700669453 0.000329916918417439 0.000346352229826152 0.00244232872501016 0.00222247280180454 0.00212298147380352 0.00193214474711567 0.00184475572314113 0.00193268922157586 0.00212367693893611 0.00212576473131776 0.000654709001537412 0.000497918925248086 0.000452487904112786 0.000431320862844586 0.000392024929169565 0.000372761714970693 0.000338951562298462 0.000196762470295653 0.000281090411590412 0.000281027576420456 0.000308124232105911 0.000293732999125496 0.000293834047624841 0.00026682997122407 0.000232364371186122
0.000405266473535448 0.000460833864053711 0.000316282210405916 0.000348384230164811 0.000365727813914418 0.000351203634636477 0.000351320602931082 0.000368541950592771 0.000405742146540433 0.000406023696996272 0.000447653554147109 0.000447792466729879 0.000469679944217205 0.000469770457129925 0.000543116359040141 0.000617746496573091 0.000680361408740282 0.00071399932494387 0.000786666758358479 0.00122869585175067 0.000299147039186209 0.000313913769787177 0.00244100671261549 0.00234912638552487 0.00244060019031167 0.0021195076406002 0.00193136709276587 0.00193230027798563 0.00165658642072231 0.00202660402283072 0.00212472071871161 0.00212550372816622 0.00193307816516608 0.000497732136864215 0.000452608859632164 0.000431490305345505 0.000410498410928994 0.000207075543585233 0.00020654549007304 0.000196762237465009 0.000206545315450057 0.000309450959321111 0.000280992680927739 0.000294880184810609 0.000308264774503186 0.000266793998889625 0.000232274876907468 0.000232368634897284
