data/climate_estimation/maxent_output/Gagea_reticulata.asc
NCOLS 908 
NROWS 247 
XLLCORNER 0.5 
YLLCORNER 28.4166666666667 
CELLSIZE 0.0833333333333333 
NODATA_value -3.4e+38 
[rows 189 to 209 of 247, columns 624 to 671 of 908]
0.167722016572952 0.252655833959579 0.209092974662781 0.0913415104150772 0.114062935113907 0.0682007148861885 0.0485316552221775 0.0377955920994282 0.0243032854050398 0.0196825917810202 0.0293915458023548 0.0363289937376976 0.0309165623039007 0.0343204773962498 0.0394291840493679 0.0499661266803741 0.0448479652404785 0.038833349943161 0.0320127792656422 0.0248807370662689 0.0167497601360083 0.01348174829036 0.00988723430782557 0.0086807357147336 0.00794867239892483 0.00794498715549707 0.00950360391288996 0.014641392044723 0.0227197613567114 0.0293303187936544 0.0567284189164639 0.0312827713787556 0.0111704235896468 0.00818317662924528 0.00746633857488632 0.0105271711945534 0.0134883653372526 0.0128027806058526 0.0102329542860389 0.00977729726582766 0.0101154549047351 0.022722139954567 0.029614569619298 0.0401360131800175 0.0446147844195366 0.043647650629282 0.0400715433061123 0.0397068820893764
0.151153698563576 0.224915578961372 0.279642879962921 0.148768559098244 0.109156265854836 0.10123398154974 0.0695736408233643 0.050962895154953 0.0508219711482525 0.0363017097115517 0.0334505997598171 0.0258747115731239 0.018756840378046 0.0213414896279573 0.0247299559414387 0.036326989531517 0.0434699319303036 0.0263580866158009 0.0211592148989439 0.0441725291311741 0.028990101069212 0.01558184530586 0.0092523917555809 0.00915842410176992 0.00952926371246576 0.00794498715549707 0.00991741474717855 0.0129318665713072 0.0189999621361494 0.027227433398366 0.0462229773402214 0.052215538918972 0.0287816971540451 0.0132818361744285 0.0126784797757864 0.0177718810737133 0.0192965026944876 0.014867446385324 0.00989902019500732 0.00940325669944286 0.00975939445197582 0.018444674089551 0.0238882694393396 0.0155389010906219 0.022684384137392 0.0545772090554237 0.0540416352450848 0.0640687644481659
0.247508376836777 0.1730085760355 0.145992890000343 0.142212674021721 0.160387277603149 0.132074236869812 0.0943984910845757 0.0718471631407738 0.0415009446442127 0.0490209348499775 0.0338634252548218 0.0243287682533264 0.0205215737223625 0.0196187607944012 0.0208419281989336 0.0221043638885021 0.0383322164416313 0.039080549031496 0.0231545194983482 0.0275232810527086 0.0172086302191019 0.0136757101863623 0.00844494253396988 0.00738747138530016 0.00739529775455594 0.00676581915467978 0.00802864879369736 0.0100825093686581 0.0239633545279503 0.0607415847480297 0.0569113530218601 0.0924415215849876 0.0481552854180336 0.0327285267412663 0.0405278764665127 0.0716900452971458 0.0761476084589958 0.0916999578475952 0.0234921351075172 0.00906946510076523 0.00975126773118973 0.0126311983913183 0.0238582137972116 0.0170807391405106 0.0282528176903725 0.0672928243875504 0.0856431126594543 0.128434851765633
0.296167820692062 0.209471210837364 0.155885994434357 0.106968864798546 0.0999294072389603 0.0948879346251488 0.0901877135038376 0.0780133455991745 0.0513399466872215 0.0508697107434273 0.0421954579651356 0.0312631726264954 0.0213691722601652 0.0188077613711357 0.016780212521553 0.0142886703833938 0.0264237187802792 0.0410677380859852 0.0223241318017244 0.0122174145653844 0.012072884477675 0.00844821706414223 0.00616281153634191 0.00616632262244821 0.00617335177958012 0.00646615913137794 0.00675095897167921 0.0175109356641769 0.0249871946871281 0.0568866729736328 0.0433807522058487 0.0398664735257626 0.0447449907660484 0.0633870661258698 0.148500546813011 0.133670687675476 0.139213025569916 0.200262829661369 0.081462487578392 0.0123017700389028 0.00907912384718657 0.0145237650722265 0.0163791216909885 0.0261310357600451 0.0338265039026737 0.0850825607776642 0.106114059686661 0.160718902945518
0.363514840602875 0.372545033693314 0.255873262882233 0.163778275251389 0.102339424192905 0.069161519408226 0.0756944194436073 0.0625294148921967 0.0521142557263374 0.0526473224163055 0.047131359577179 0.034186203032732 0.0234420578926802 0.0173482168465853 0.0151195973157883 0.0114251552149653 0.0178953167051077 0.0406936407089233 0.0223089847713709 0.0107933878898621 0.00822840537875891 0.00771915726363659 0.00675483234226704 0.00676000025123358 0.00478054489940405 0.00524389091879129 0.00575273344293237 0.0147932171821594 0.0150546561926603 0.0273603089153767 0.0184174701571465 0.0201689340174198 0.0534843504428864 0.0931539759039879 0.0917389765381813 0.14591047167778 0.224617660045624 0.214617669582367 0.100092135369778 0.0154274264350533 0.0104037774726748 0.0139945773407817 0.0151808736845851 0.0287184100598097 0.03692477196455 0.0921303257346153 0.106875963509083 0.10435476899147
0.236243829131126 0.330029428005219 0.329014956951141 0.334155827760696 0.228278681635857 0.0989539548754692 0.0865992978215218 0.0683725327253342 0.0561366155743599 0.0537480562925339 0.0494106560945511 0.0343414321541786 0.0226490739732981 0.0181791987270117 0.015913724899292 0.0114653408527374 0.0189014412462711 0.0442664846777916 0.0152036752551794 0.012839712202549 0.0176451988518238 0.0193360149860382 0.0142683265730739 0.0142683265730739 0.014966138638556 0.0130988601595163 0.0110500222072005 0.0110518699511886 0.0115224588662386 0.0136135900393128 0.0142344208434224 0.0176657065749168 0.0241444800049067 0.0511288084089756 0.0485760681331158 0.0569766312837601 0.134638696908951 0.232267677783966 0.0954927057027817 0.020975586026907 0.0148241259157658 0.0267045218497515 0.0207047704607248 0.0418993905186653 0.0457287542521954 0.0644480288028717 0.0744070261716843 0.0952504128217697
0.14641597867012 0.160592317581177 0.18489944934845 0.308880716562271 0.292920619249344 0.147439897060394 0.0992705076932907 0.081407755613327 0.0623005107045174 0.0471799373626709 0.0475433133542538 0.0330355204641819 0.0227115266025066 0.0190292242914438 0.0174662377685308 0.012033499777317 0.0120517695322633 0.0126649485900998 0.0082954503595829 0.00868650432676077 0.0249538123607635 0.0250470414757729 0.0170652065426111 0.0164450537413359 0.0241302885115147 0.0346503779292107 0.0115806348621845 0.0101447682827711 0.0101329442113638 0.0102023975923657 0.0110562369227409 0.0143082942813635 0.0162670519202948 0.027284774929285 0.0398248061537743 0.0503876805305481 0.0465688556432724 0.109292969107628 0.101615525782108 0.0209615435451269 0.0155707458034158 0.0318770967423916 0.046379916369915 0.0436639226973057 0.0328531488776207 0.0524900071322918 0.0503835156559944 0.069009080529213
0.104474008083344 0.10764080286026 0.118382856249809 0.158071860671043 0.16252113878727 0.1551583558321 0.15074098110199 0.096611388027668 0.0699726194143295 0.0520731322467327 0.0628660023212433 0.0376796163618565 0.0271788481622934 0.0228312276303768 0.0183036644011736 0.0131518775597215 0.0115342158824205 0.0106957191601396 0.00830990169197321 0.0156324338167906 0.015610015951097 0.0177641659975052 0.0195682272315025 0.0299016404896975 0.0447585992515087 0.181077376008034 0.0591348707675934 0.0126972133293748 0.0102024022489786 0.0126120615750551 0.0162522457540035 0.0187744423747063 0.0252789575606585 0.0606019236147404 0.0578931458294392 0.0984708592295647 0.0961418598890305 0.0615803934633732 0.140931904315948 0.0437456741929054 0.0202177613973618 0.0185424964874983 0.0248144920915365 0.0502748563885689 0.0377279184758663 0.0361229591071606 0.0303117893636227 0.0613167434930801
0.114422783255577 0.116991892457008 0.0920890495181084 0.0999860838055611 0.105109490454197 0.114915408194065 0.114402510225773 0.101386666297913 0.0744498074054718 0.057310838252306 0.0471873506903648 0.0490650571882725 0.0352443642914295 0.0273302346467972 0.0219091847538948 0.0144110852852464 0.0117261614650488 0.0117492722347379 0.0148920975625515 0.0171116944402456 0.0211287159472704 0.0277093220502138 0.047910038381815 0.0609480328857899 0.165065169334412 0.230159744620323 0.162178829312325 0.0323062762618065 0.0127072669565678 0.0150374099612236 0.0318088009953499 0.0698644816875458 0.102285653352737 0.0690377429127693 0.0653564184904099 0.10833065956831 0.11491784453392 0.0998941957950592 0.0569282658398151 0.0881474837660789 0.0300595406442881 0.0165377054363489 0.0283674187958241 0.0429116897284985 0.0516303665935993 0.0415035858750343 0.0267553236335516 0.0361591279506683
0.107506968080997 0.102542348206043 0.102056339383125 0.084568053483963 0.0865243002772331 0.0896417424082756 0.147527232766151 0.109125517308712 0.0828253030776978 0.0607199668884277 0.0587795376777649 0.0559789091348648 0.0509159378707409 0.0325541310012341 0.02742700278759 0.0187569037079811 0.0133208883926272 0.0121566979214549 0.0194824635982513 0.0261803884059191 0.0418078228831291 0.0471174158155918 0.0794511809945107 0.23824854195118 0.235152453184128 0.27798330783844 0.164694115519524 0.0689584836363792 0.0250823628157377 0.021146897226572 0.0414245538413525 0.103046372532845 0.0724885687232018 0.0263150837272406 0.0203233622014523 0.0220667794346809 0.0486801080405712 0.103816784918308 0.0482165925204754 0.0344476997852325 0.020696472376585 0.0165938343852758 0.019634522497654 0.0285636559128761 0.0472725182771683 0.0556804016232491 0.036520354449749 0.0281673297286034
0.107994221150875 0.164367198944092 0.12776206433773 0.119956687092781 0.119137726724148 0.0999002009630203 0.0899456366896629 0.140656292438507 0.094628170132637 0.0844862535595894 0.0669810175895691 0.0743212550878525 0.0729587972164154 0.0640437975525856 0.0526074282824993 0.0255221165716648 0.0189178455621004 0.0229474697262049 0.0203604493290186 0.0263079702854156 0.0371903479099274 0.0666396915912628 0.073471762239933 0.230826497077942 0.25742182135582 0.235895901918411 0.115007475018501 0.0827957913279533 0.0310449581593275 0.0242178440093994 0.0706459507346153 0.159402146935463 0.0747310519218445 0.0337876491248608 0.0675239190459251 0.0629303455352783 0.0485502146184444 0.0737911313772202 0.0966816619038582 0.114192128181458 0.0237801074981689 0.0267822574824095 0.022505097091198 0.0299003180116415 0.0355476550757885 0.0538175366818905 0.0476839691400528 0.0455750189721584
0.139002412557602 0.129760667681694 0.164642974734306 0.153329193592072 0.115182340145111 0.114625528454781 0.112043246626854 0.0958155915141106 0.151788488030434 0.113309778273106 0.111591197550297 0.120938986539841 0.152619630098343 0.136294111609459 0.0851962342858315 0.0437654592096806 0.025878669694066 0.0167621783912182 0.0213167313486338 0.0232531279325485 0.0305745042860508 0.0515214204788208 0.0713315010070801 0.167301326990128 0.236757412552834 0.231641501188278 0.171453878283501 0.0851792991161346 0.0275288615375757 0.0153774442151189 0.0166623946279287 0.0222880579531193 0.0275255925953388 0.0368761718273163 0.11691140383482 0.346482515335083 0.112308822572231 0.106033720076084 0.123476102948189 0.157461583614349 0.0547161176800728 0.0481543987989426 0.0547665022313595 0.0425366833806038 0.057044118642807 0.0404931753873825 0.0589243620634079 0.0496692471206188
0.152052998542786 0.167285740375519 0.150860279798508 0.156841024756432 0.149463504552841 0.118983581662178 0.13673534989357 0.124257259070873 0.13555745780468 0.100540526211262 0.122361078858376 0.101331055164337 0.222227200865746 0.163361459970474 0.18653193116188 0.0685271248221397 0.0347138494253159 0.0237134676426649 0.0265649762004614 0.0244816616177559 0.0270994007587433 0.0437460765242577 0.0539843589067459 0.0676202178001404 0.125984191894531 0.254320681095123 0.264763623476028 0.0769015848636627 0.0386145114898682 0.018213115632534 0.0141725772991776 0.0122742494568229 0.0158447120338678 0.0302691403776407 0.114038057625294 0.181150764226913 0.249843776226044 0.250261604785919 0.129564166069031 0.168925657868385 0.105417437851429 0.0974909365177155 0.104653932154179 0.0767133235931396 0.0530986227095127 0.0648143216967583 0.0460359677672386 0.0790711939334869
0.160153031349182 0.163940325379372 0.16807946562767 0.15378749370575 0.15250563621521 0.147727012634277 0.17592179775238 0.155218631029129 0.210285320878029 0.179049476981163 0.208673894405365 0.163555860519409 0.109498135745525 0.115980058908463 0.146069377660751 0.135007485747337 0.0429493300616741 0.0283521618694067 0.0304219834506512 0.0293531976640224 0.0283598303794861 0.0296572186052799 0.0430441163480282 0.0764488279819489 0.356170743703842 0.323961228132248 0.329701900482178 0.168317750096321 0.080925926566124 0.0245755333453417 0.0200683400034904 0.0127777038142085 0.0158782880753279 0.0254761390388012 0.114667050540447 0.16049599647522 0.261756867170334 0.245741039514542 0.271974623203278 0.20239645242691 0.19587254524231 0.120142444968224 0.223272770643234 0.165057301521301 0.134120687842369 0.0831594318151474 0.0600696690380573 0.06257563829422
0.155752196907997 0.223882898688316 0.194308385252953 0.187949240207672 0.16122342646122 0.198723211884499 0.191600173711777 0.162651717662811 0.202541932463646 0.238851338624954 0.233533322811127 0.179505527019501 0.15660671889782 0.199220225214958 0.120657674968243 0.10588800162077 0.0668949633836746 0.0407722219824791 0.0284780468791723 0.0321469753980637 0.0284102745354176 0.0272887796163559 0.0325386524200439 0.074501097202301 0.172727227210999 0.331621289253235 0.33591616153717 0.333419442176819 0.191992908716202 0.0634475275874138 0.0140037639066577 0.0245410893112421 0.014586447738111 0.0288840625435114 0.117756687104702 0.261957615613937 0.277595996856689 0.196406036615372 0.200127899646759 0.259396553039551 0.171937331557274 0.150948628783226 0.27923446893692 0.219062879681587 0.171789646148682 0.133982390165329 0.0874327719211578 0.0581846237182617
0.177144318819046 0.243912354111671 0.22419761121273 0.214703857898712 0.182440578937531 0.191752359271049 0.240594938397408 0.158949255943298 0.180807694792747 0.263478666543961 0.289820462465286 0.30147048830986 0.239712789654732 0.306090652942657 0.29595810174942 0.121054604649544 0.106198079884052 0.0699018910527229 0.0409662649035454 0.0503882765769958 0.0366316102445126 0.0339715480804443 0.0354923494160175 0.0503583252429962 0.0702024102210999 0.118692457675934 0.246773913502693 0.271487832069397 0.266533225774765 0.0841898620128632 0.0331087186932564 0.0246833451092243 0.0198528934270144 0.0246032625436783 0.0720493495464325 0.119482323527336 0.131549417972565 0.188746646046638 0.19818127155304 0.197312638163567 0.207270711660385 0.175762176513672 0.208703130483627 0.408212065696716 0.260138243436813 0.231479749083519 0.179593026638031 0.0663879811763763
0.188924074172974 0.186613216996193 0.197777733206749 0.236470296978951 0.216718956828117 0.216701418161392 0.219525158405304 0.17978523671627 0.194066941738129 0.235862985253334 0.278209388256073 0.278387010097504 0.3011394739151 0.296107470989227 0.33587047457695 0.259893625974655 0.154360577464104 0.122139193117619 0.0762203335762024 0.0449623093008995 0.0414409786462784 0.0515688471496105 0.0468365885317326 0.0489323399960995 0.0517128817737103 0.0855888053774834 0.078086331486702 0.135034456849098 0.13453434407711 0.074538454413414 0.0427002906799316 0.0198251586407423 0.0216350760310888 0.0256453976035118 0.056848019361496 0.109442055225372 0.122538797557354 0.211387291550636 0.276767820119858 0.328732490539551 0.315713703632355 0.214333072304726 0.176010414958 0.306224405765533 0.331633120775223 0.369223237037659 0.20370551943779 0.155111491680145
0.187137216329575 0.197896152734756 0.193079471588135 0.211556747555733 0.254882305860519 0.241181552410126 0.246221899986267 0.236469119787216 0.184374317526817 0.20147730410099 0.267863094806671 0.284718930721283 0.272752821445465 0.364067792892456 0.426801413297653 0.387959003448486 0.358663380146027 0.302531450986862 0.2746801674366 0.121156305074692 0.0832011699676514 0.0533170253038406 0.0694954320788383 0.0719598978757858 0.0730574578046799 0.0857259929180145 0.0706302523612976 0.118759840726852 0.122564733028412 0.0689967796206474 0.0318286530673504 0.0235995855182409 0.0226425398141146 0.031790267676115 0.0483918562531471 0.136168420314789 0.127698048949242 0.190067932009697 0.403499573469162 0.471826255321503 0.201265424489975 0.185175359249115 0.291963845491409 0.283787131309509 0.391623467206955 0.321266144514084 0.240528523921967 0.274961471557617
0.208619207143784 0.184103474020958 0.178285732865334 0.19837212562561 0.232656300067902 0.276005834341049 0.249696433544159 0.2622891664505 0.23821847140789 0.237734168767929 0.209722504019737 0.234957605600357 0.237150713801384 0.312603354454041 0.406151682138443 0.399362742900848 0.331581383943558 0.256018549203873 0.338186591863632 0.246091261506081 0.208202376961708 0.19607549905777 0.184485927224159 0.0712956413626671 0.0660525485873222 0.0675823912024498 0.0827323868870735 0.114224433898926 0.128550738096237 0.125638917088509 0.102152623236179 0.0549821145832539 0.0362537764012814 0.0350011400878429 0.0646267160773277 0.108741380274296 0.16508637368679 0.224892377853394 0.32225427031517 0.469143450260162 0.370454281568527 0.224494218826294 0.175508111715317 0.383963853120804 0.384339570999146 0.404725253582001 0.355438768863678 0.276405662298203
0.209438532590866 0.225099936127663 0.199181437492371 0.183557540178299 0.203548744320869 0.223750248551369 0.212785959243774 0.256250113248825 0.248016968369484 0.24803164601326 0.238015487790108 0.254124701023102 0.266889214515686 0.26432940363884 0.352289438247681 0.429160714149475 0.399380832910538 0.386507272720337 0.300907909870148 0.409774661064148 0.244903340935707 0.186549097299576 0.134623423218727 0.131164595484734 0.107614651322365 0.10262954980135 0.126489415764809 0.141076669096947 0.142226487398148 0.207357183098793 0.13658332824707 0.118781246244907 0.0896955132484436 0.0600901991128922 0.0624610260128975 0.0738900452852249 0.109994776546955 0.227031707763672 0.396716773509979 0.44782093167305 0.494804084300995 0.400356620550156 0.409300833940506 0.417999923229218 0.377852141857147 0.434265196323395 0.35083681344986 0.342778444290161
0.247407346963882 0.218161180615425 0.242017328739166 0.24233178794384 0.204461261630058 0.214859277009964 0.240749448537827 0.281509876251221 0.260681807994843 0.241281196475029 0.247832253575325 0.254022061824799 0.24460606276989 0.266763508319855 0.291883945465088 0.312327414751053 0.400823175907135 0.38663586974144 0.277481824159622 0.310675650835037 0.375906616449356 0.18895797431469 0.273616850376129 0.119492694735527 0.114185333251953 0.108702600002289 0.108772151172161 0.117598474025726 0.194857805967331 0.29026535153389 0.290472716093063 0.182319268584251 0.113806784152985 0.06839969009161 0.0982398092746735 0.0646368414163589 0.0977587252855301 0.196096703410149 0.258110523223877 0.427583962678909 0.461521834135056 0.483229070901871 0.449490636587143 0.210753545165062 0.315547376871109 0.206584230065346 0.404112219810486 0.39173436164856
