data/climate_estimation/maxent_output/Gagea_minima.asc
NCOLS 591 
NROWS 328 
XLLCORNER 9.08333333333333 
YLLCORNER 37.5 
CELLSIZE 0.0833333333333333 
NODATA_value -3.4e+38 
[rows 247 to 265 of 328, columns 176 to 219 of 591]
0.182249754667282 0.169220745563507 0.17471806704998 0.188905656337738 0.181573793292046 0.181847736239433 0.165334090590477 0.150955960154533 0.14236968755722 0.155544012784958 0.142479181289673 0.142337545752525 0.139006078243256 0.13345231115818 0.123835608363152 0.120589904487133 0.125408425927162 0.129856571555138 0.12980455160141 0.131763458251953 0.133218735456467 0.12807123363018 0.127942860126495 0.128109768033028 0.123071141541004 0.123009279370308 0.13616356253624 0.136231511831284 0.148794531822205 0.138673067092896 0.146485388278961 0.166562929749489 0.177785217761993 0.175325632095337 0.182975098490715 0.208837166428566 0.20712822675705 0.240902423858643 0.254337161779404 0.27092257142067 0.281049072742462 0.284131556749344 0.303890526294708 0.314373701810837
0.0285915341228247 0.0246240012347698 0.025353915989399 0.0274345986545086 0.200719997286797 0.17758072912693 0.178050920367241 0.169070556759834 0.149391874670982 0.147501885890961 0.144003227353096 0.145680040121078 0.147582545876503 0.133652567863464 0.126929134130478 0.126840025186539 0.128463819622993 0.126763686537743 0.123496420681477 0.125118225812912 0.140334978699684 0.14025117456913 0.134934440255165 0.135028794407845 0.134947910904884 0.135028794407845 0.141961693763733 0.142159506678581 0.159363448619843 0.169964775443077 0.164539083838463 0.167261466383934 0.177310273051262 0.188069432973862 0.191303566098213 0.204976379871368 0.225023359060287 0.251660078763962 0.268251210451126 0.302467316389084 0.313801407814026 0.317914813756943 0.335540503263474 0.345783740282059
0.026048194617033 0.0239759776741266 0.0239241793751717 0.0249144826084375 0.0263360757380724 0.0256825555115938 0.175770476460457 0.16923114657402 0.160896599292755 0.143746793270111 0.134696513414383 0.142086416482925 0.143931731581688 0.140593960881233 0.130489200353622 0.140524014830589 0.133602321147919 0.133775979280472 0.122314505279064 0.130002915859222 0.135082736611366 0.135244682431221 0.140796735882759 0.140894860029221 0.141105353832245 0.141119390726089 0.14106322824955 0.153878822922707 0.150512874126434 0.146970167756081 0.155483290553093 0.162484273314476 0.178175032138824 0.186942920088768 0.215907096862793 0.236345797777176 0.251778542995453 0.275645315647125 0.293603539466858 0.338430345058441 0.354751765727997 0.409469872713089 0.440165013074875 0.410470753908157
0.0240584667772055 0.0221365969628096 0.0227118264883757 0.0243383329361677 0.0239230208098888 0.0239255595952272 0.0252939835190773 0.0234089996665716 0.153139248490334 0.149138495326042 0.131563067436218 0.140527352690697 0.137088134884834 0.131595835089684 0.133669093251228 0.134150713682175 0.134217724204063 0.134271368384361 0.12868595123291 0.128853678703308 0.134043544530869 0.148164495825768 0.148355454206467 0.155632525682449 0.154152572154999 0.148355454206467 0.137892723083496 0.140232756733894 0.145878657698631 0.167993992567062 0.182085394859314 0.176783204078674 0.208560660481453 0.21088819205761 0.230662405490875 0.249593049287796 0.279482245445251 0.30361795425415 0.324316829442978 0.343625754117966 0.402072846889496 0.443155109882355 0.470828056335449 0.451391726732254
0.0228617805987597 0.0213087014853954 0.0227963589131832 0.023429112508893 0.0237487554550171 0.0239713024348021 0.0230022668838501 0.0204321481287479 0.141659528017044 0.141969561576843 0.131576225161552 0.133586019277573 0.140227720141411 0.142317280173302 0.141953721642494 0.140835270285606 0.135322496294975 0.133775979280472 0.134164109826088 0.127672642469406 0.127672642469406 0.146749183535576 0.146778285503387 0.145089700818062 0.137961447238922 0.138596177101135 0.145850569009781 0.165708720684052 0.177292972803116 0.171824127435684 0.202638223767281 0.220283791422844 0.229292541742325 0.242437928915024 0.264580219984055 0.280243039131165 0.301808416843414 0.332614988088608 0.352944523096085 0.40752711892128 0.444344729185104 0.500794470310211 0.454136162996292 0.463584244251251
0.0193879399448633 0.0205463115125895 0.0213245470076799 0.0213200189173222 0.0207791980355978 0.0213308744132519 0.0209960602223873 0.0203741695731878 0.0188732966780663 0.134915217757225 0.129874125123024 0.129874125123024 0.135252103209496 0.131977647542953 0.135256797075272 0.139345183968544 0.134113565087318 0.127736657857895 0.133044615387917 0.13316436111927 0.134650260210037 0.139970809221268 0.140110194683075 0.133326932787895 0.145784646272659 0.14497135579586 0.177514135837555 0.180813252925873 0.198480054736137 0.20827579498291 0.226060405373573 0.235898941755295 0.257795035839081 0.292151987552643 0.308060079813004 0.324241638183594 0.337038218975067 0.357077956199646 0.404355406761169 0.419907629489899 0.489656955003738 0.499795228242874 0.393624067306519 0.397420257329941
0.0199368260800838 0.0235091019421816 0.025775583460927 0.0219487231224775 0.0212996527552605 0.0199035555124283 0.0212878752499819 0.0193954762071371 0.131711214780807 0.125531032681465 0.129983276128769 0.123654007911682 0.12363924831152 0.125651240348816 0.12154034525156 0.121372155845165 0.121714346110821 0.121849022805691 0.124918691813946 0.131517544388771 0.140099182724953 0.13533727824688 0.135429084300995 0.146037459373474 0.15638342499733 0.182406410574913 0.185485944151878 0.208682700991631 0.214672908186913 0.232310578227043 0.253931760787964 0.274475425481796 0.285958111286163 0.311674386262894 0.362187623977661 0.342379450798035 0.387138724327087 0.406498223543167 0.430153101682663 0.471989274024963 0.498396575450897 0.469969302415848 0.41099688410759 0.322254985570908
0.0223995316773653 0.0223329607397318 0.0252510253340006 0.0245076473802328 0.0225823968648911 0.0225866120308638 0.0219735987484455 0.133937850594521 0.151691555976868 0.149956792593002 0.11766055226326 0.122638866305351 0.141375407576561 0.139761701226234 0.155436351895332 0.131333604454994 0.126625299453735 0.120606042444706 0.136778861284256 0.136928960680962 0.135395750403404 0.137111693620682 0.165028020739555 0.191609755158424 0.181696847081184 0.189847469329834 0.209907501935959 0.210205346345901 0.233245462179184 0.251413315534592 0.266165494918823 0.267367154359818 0.320087641477585 0.321368932723999 0.357875943183899 0.392185628414154 0.412458330392838 0.436350256204605 0.473050653934479 0.518899500370026 0.496057897806168 0.398275583982468 0.427206009626389 0.325413048267365
0.0234636496752501 0.0237616002559662 0.0243338886648417 0.0242559872567654 0.022623136639595 0.0220027584582567 0.0197811964899302 0.154256254434586 0.148389056324959 0.0194882061332464 0.125840127468109 0.144809037446976 0.145159363746643 0.139890626072884 0.131347119808197 0.140754491090775 0.149961799383163 0.137529224157333 0.183889269828796 0.158848628401756 0.154754191637039 0.15918929874897 0.1535305082798 0.178984716534615 0.219791263341904 0.234925508499146 0.208464786410332 0.225745096802711 0.255795210599899 0.286003828048706 0.304377853870392 0.316229432821274 0.322113901376724 0.361749202013016 0.387847989797592 0.451309889554977 0.474665254354477 0.515470385551453 0.515482127666473 0.527662754058838 0.528754472732544 0.455937653779984 0.374780476093292 0.269751995801926
0.0253020785748959 0.0244899112731218 0.0222754087299109 0.0243436433374882 0.0233745481818914 0.020035345107317 0.0206264425069094 0.0229259133338928 0.0211579352617264 0.121457315981388 0.146881982684135 0.163358822464943 0.159726679325104 0.142125025391579 0.121759362518787 0.128827467560768 0.155901104211807 0.145367875695229 0.145689994096756 0.163011863827705 0.161596685647964 0.162528842687607 0.170444265007973 0.165299370884895 0.213126644492149 0.227097675204277 0.264914721250534 0.301211774349213 0.286593645811081 0.288167357444763 0.302390992641449 0.333802700042725 0.386608988046646 0.408654689788818 0.390863627195358 0.424777030944824 0.495404839515686 0.500921666622162 0.48441207408905 0.514240562915802 0.416875928640366 0.472888231277466 0.292608052492142 0.272435516119003
0.0259659122675657 0.0247638914734125 0.0257705580443144 0.0235995855182409 0.0201487205922604 0.0207019653171301 0.0217423066496849 0.0206949263811111 0.0200701616704464 0.147627323865891 0.165811643004417 0.182091429829597 0.171035930514336 0.146610096096992 0.143662661314011 0.13455368578434 0.136127173900604 0.155332401394844 0.166041329503059 0.155845835804939 0.184377983212471 0.184577330946922 0.164354369044304 0.216370955109596 0.237265184521675 0.258599400520325 0.264642894268036 0.339384436607361 0.315907806158066 0.272607207298279 0.277407228946686 0.328786075115204 0.322965741157532 0.332268416881561 0.378208130598068 0.412859499454498 0.461334884166718 0.463788598775864 0.460905879735947 0.420377016067505 0.348430722951889 0.306921511888504 0.298785209655762 0.257256776094437
0.0273440256714821 0.0301140137016773 0.0290172193199396 0.0237489752471447 0.0232952553778887 0.0253875516355038 0.169557586312294 0.023156926035881 0.027373643592 0.183110728859901 0.192848324775696 0.213533267378807 0.178748905658722 0.155105292797089 0.151198670268059 0.148089662194252 0.158115580677986 0.158492252230644 0.162597924470901 0.178500890731812 0.179406553506851 0.18482580780983 0.175292864441872 0.220330566167831 0.268921881914139 0.247770205140114 0.283767551183701 0.27543443441391 0.329924166202545 0.319769352674484 0.320380985736847 0.357241690158844 0.391654193401337 0.310753494501114 0.328326284885406 0.338042318820953 0.38823989033699 0.459865361452103 0.384052395820618 0.401331871747971 0.367911636829376 0.247619971632957 0.193536385893822 0.187335953116417
0.265403002500534 0.0363519676029682 0.189635381102562 0.0254549253731966 0.0266766045242548 0.160635903477669 0.0269161202013493 0.164928466081619 0.186946019530296 0.209482029080391 0.21063968539238 0.166121274232864 0.150903180241585 0.187178686261177 0.206488475203514 0.22711081802845 0.219792649149895 0.19280119240284 0.165860459208488 0.166708528995514 0.182463735342026 0.164886936545372 0.170466303825378 0.187853798270226 0.209189236164093 0.231608793139458 0.221027374267578 0.279575616121292 0.326795995235443 0.37557652592659 0.38935312628746 0.414261668920517 0.436110079288483 0.413350969552994 0.367073237895966 0.362416833639145 0.360726296901703 0.362706482410431 0.337559968233109 0.291957765817642 0.386494159698486 0.304455935955048 0.272048830986023 0.194253087043762
0.187646180391312 0.0276757590472698 0.183225393295288 0.0346290916204453 0.0288149695843458 0.193252310156822 0.168435767292976 0.193551361560822 0.228121101856232 0.224862232804298 0.231859728693962 0.190164849162102 0.220985040068626 0.252869158983231 0.26774263381958 0.235897675156593 0.23388896882534 0.207578852772713 0.24129244685173 0.219295918941498 0.221301481127739 0.214451611042023 0.22789266705513 0.210046425461769 0.190095245838165 0.208707869052887 0.245099455118179 0.334301263093948 0.367064386606216 0.409294247627258 0.403447479009628 0.425602853298187 0.43879160284996 0.422607481479645 0.458907544612885 0.459106802940369 0.412409991025925 0.396501570940018 0.268684506416321 0.351605743169785 0.403368443250656 0.248131588101387 0.207297414541245 0.16220934689045
0.259257197380066 0.242763102054596 0.343984305858612 0.332746118307114 0.251888155937195 0.236511811614037 0.227547988295555 0.237785905599594 0.23834140598774 0.285918176174164 0.288456380367279 0.240398123860359 0.27783191204071 0.292684942483902 0.261143833398819 0.2053442299366 0.22630101442337 0.278204381465912 0.281778246164322 0.259321928024292 0.267599403858185 0.234871074557304 0.220512017607689 0.249971225857735 0.193460941314697 0.21026711165905 0.285450130701065 0.346145868301392 0.352975219488144 0.450947701931 0.504111588001251 0.497812241315842 0.463950902223587 0.381217032670975 0.355121284723282 0.39863309264183 0.408176064491272 0.43916243314743 0.472047626972198 0.389010190963745 0.341375261545181 0.319516211748123 0.221940547227859 0.210557013750076
0.236333221197128 0.283745169639587 0.317686080932617 0.239572003483772 0.385359168052673 0.385359168052673 0.484337121248245 0.396392464637756 0.388997673988342 0.32879501581192 0.308337032794952 0.251514941453934 0.297466814517975 0.279256492853165 0.237021818757057 0.196237459778786 0.208951413631439 0.269365072250366 0.318261414766312 0.305352717638016 0.296998143196106 0.317444562911987 0.279440671205521 0.313223123550415 0.332419872283936 0.313509732484818 0.334686815738678 0.392690896987915 0.390996724367142 0.387664407491684 0.479846745729446 0.419231474399567 0.467193096876144 0.527142405509949 0.5099937915802 0.494461923837662 0.513243913650513 0.522999703884125 0.481422692537308 0.536464512348175 0.509969472885132 0.362490326166153 0.352894842624664 0.270200461149216
0.369405061006546 0.566142678260803 0.452956259250641 0.400867849588394 0.53894180059433 0.46803343296051 0.530820429325104 0.544631123542786 0.460533499717712 0.549759566783905 0.407940328121185 0.354627460241318 0.336739331483841 0.360851019620895 0.408137798309326 0.360851019620895 0.33016511797905 0.350738763809204 0.322183221578598 0.388603538274765 0.404511272907257 0.391159296035767 0.369467705488205 0.446093589067459 0.428796112537384 0.385212272405624 0.379600822925568 0.100485645234585 0.0760881155729294 0.362405270338058 0.141464173793793 0.133926436305046 0.102093584835529 0.106430858373642 0.418797105550766 0.492735832929611 0.503343045711517 0.472770780324936 0.477619051933289 0.471503674983978 0.419364839792252 0.433561444282532 0.442490339279175 0.337341278791428
0.678234398365021 0.200696513056755 0.197196334600449 0.194253921508789 0.176658973097801 0.174618124961853 0.124636933207512 0.163952142000198 0.455971330404282 0.475612491369247 0.439538687467575 0.502640247344971 0.547156691551208 0.556038498878479 0.561247169971466 0.538181722164154 0.54862642288208 0.565394103527069 0.530674815177917 0.553863227367401 0.610325813293457 0.553220272064209 0.51640123128891 0.11797184497118 0.17106856405735 0.158074975013733 0.187712073326111 0.185152173042297 0.120987690985203 0.134741008281708 0.131253108382225 0.0980455949902534 0.0754019841551781 0.088094487786293 0.384698927402496 0.411310344934464 0.374940663576126 0.357579201459885 0.430191338062286 0.472255080938339 0.475250422954559 0.454278826713562 0.446284294128418 0.421829700469971
0.559514343738556 0.684925377368927 0.218047291040421 0.199075922369957 0.576665222644806 0.163043215870857 0.188147068023682 0.174787387251854 0.181047111749649 0.453651160001755 0.459074795246124 0.476492077112198 0.0838526859879494 0.0757032260298729 0.159061700105667 0.101145446300507 0.15187631547451 0.590266823768616 0.122808255255222 0.16912442445755 0.18418051302433 0.200254008173943 0.148183986544609 0.0958100184798241 0.130659431219101 0.0688004866242409 0.103834807872772 0.0616516135632992 0.0644413828849792 0.077261857688427 0.0676400512456894 0.0716819688677788 0.084624394774437 0.0720010697841644 0.356676876544952 0.344003647565842 0.30761507153511 0.173315182328224 0.153653874993324 0.181621700525284 0.313463091850281 0.336621552705765 0.374563187360764 0.435649901628494
