data/climate_estimation/maxent_output/Gagea_glacialis.asc
NCOLS 145 
NROWS 76 
XLLCORNER 34.3333333333333 
YLLCORNER 37.25 
CELLSIZE 0.0833333333333333 
NODATA_value -3.4e+38 
[rows 20 to 39 of 76, columns 44 to 87 of 145]
-3.4e+38 -3.4e+38 -3.4e+38 -3.4e+38 -3.4e+38 -3.4e+38 -3.4e+38 -3.4e+38 -3.4e+38 -3.4e+38 -3.4e+38 -3.4e+38 -3.4e+38 -3.4e+38 -3.4e+38 -3.4e+38 -3.4e+38 -3.4e+38 -3.4e+38 -3.4e+38 -3.4e+38 -3.4e+38 -3.4e+38 -3.4e+38 -3.4e+38 -3.4e+38 -3.4e+38 -3.4e+38 -3.4e+38 -3.4e+38 -3.4e+38 -3.4e+38 -3.4e+38 -3.4e+38 -3.4e+38 -3.4e+38 -3.4e+38 -3.4e+38 -3.4e+38 -3.4e+38 -3.4e+38 -3.4e+38 -3.4e+38 -3.4e+38
-3.4e+38 -3.4e+38 -3.4e+38 -3.4e+38 -3.4e+38 -3.4e+38 -3.4e+38 -3.4e+38 -3.4e+38 -3.4e+38 -3.4e+38 -3.4e+38 -3.4e+38 -3.4e+38 -3.4e+38 -3.4e+38 -3.4e+38 -3.4e+38 -3.4e+38 -3.4e+38 -3.4e+38 -3.4e+38 -3.4e+38 -3.4e+38 -3.4e+38 -3.4e+38 -3.4e+38 -3.4e+38 -3.4e+38 -3.4e+38 -3.4e+38 -3.4e+38 -3.4e+38 -3.4e+38 -3.4e+38 -3.4e+38 -3.4e+38 -3.4e+38 -3.4e+38 -3.4e+38 -3.4e+38 -3.4e+38 -3.4e+38 -3.4e+38
-3.4e+38 -3.4e+38 -3.4e+38 -3.4e+38 -3.4e+38 -3.4e+38 -3.4e+38 -3.4e+38 -3.4e+38 -3.4e+38 -3.4e+38 -3.4e+38 -3.4e+38 -3.4e+38 -3.4e+38 -3.4e+38 -3.4e+38 -3.4e+38 -3.4e+38 -3.4e+38 -3.4e+38 -3.4e+38 -3.4e+38 -3.4e+38 -3.4e+38 -3.4e+38 -3.4e+38 -3.4e+38 -3.4e+38 -3.4e+38 -3.4e+38 -3.4e+38 -3.4e+38 -3.4e+38 -3.4e+38 -3.4e+38 -3.4e+38 -3.4e+38 -3.4e+38 -3.4e+38 -3.4e+38 -3.4e+38 -3.4e+38 -3.4e+38
-3.4e+38 -3.4e+38 -3.4e+38 -3.4e+38 -3.4e+38 -3.4e+38 -3.4e+38 -3.4e+38 -3.4e+38 -3.4e+38 -3.4e+38 -3.4e+38 -3.4e+38 -3.4e+38 -3.4e+38 -3.4e+38 -3.4e+38 -3.4e+38 -3.4e+38 -3.4e+38 -3.4e+38 -3.4e+38 -3.4e+38 -3.4e+38 -3.4e+38 -3.4e+38 -3.4e+38 -3.4e+38 -3.4e+38 -3.4e+38 -3.4e+38 -3.4e+38 -3.4e+38 -3.4e+38 -3.4e+38 -3.4e+38 -3.4e+38 -3.4e+38 -3.4e+38 -3.4e+38 -3.4e+38 -3.4e+38 0.121489591896534 0.121564768254757
-3.4e+38 -3.4e+38 -3.4e+38 -3.4e+38 -3.4e+38 -3.4e+38 -3.4e+38 -3.4e+38 -3.4e+38 -3.4e+38 -3.4e+38 -3.4e+38 -3.4e+38 -3.4e+38 -3.4e+38 -3.4e+38 -3.4e+38 -3.4e+38 -3.4e+38 -3.4e+38 -3.4e+38 -3.4e+38 -3.4e+38 -3.4e+38 -3.4e+38 -3.4e+38 -3.4e+38 -3.4e+38 -3.4e+38 -3.4e+38 -3.4e+38 -3.4e+38 -3.4e+38 -3.4e+38 -3.4e+38 -3.4e+38 -3.4e+38 -3.4e+38 -3.4e+38 -3.4e+38 -3.4e+38 -3.4e+38 0.106658242642879 0.0884515643119812
-3.4e+38 -3.4e+38 -3.4e+38 -3.4e+38 -3.4e+38 -3.4e+38 -3.4e+38 -3.4e+38 -3.4e+38 -3.4e+38 -3.4e+38 -3.4e+38 -3.4e+38 -3.4e+38 -3.4e+38 -3.4e+38 -3.4e+38 -3.4e+38 -3.4e+38 -3.4e+38 -3.4e+38 -3.4e+38 -3.4e+38 -3.4e+38 -3.4e+38 -3.4e+38 -3.4e+38 -3.4e+38 -3.4e+38 -3.4e+38 -3.4e+38 -3.4e+38 -3.4e+38 -3.4e+38 -3.4e+38 -3.4e+38 -3.4e+38 -3.4e+38 -3.4e+38 -3.4e+38 -3.4e+38 0.0860163643956184 0.0684325993061066 0.0517473816871643
-3.4e+38 -3.4e+38 -3.4e+38 -3.4e+38 -3.4e+38 -3.4e+38 -3.4e+38 -3.4e+38 -3.4e+38 -3.4e+38 -3.4e+38 -3.4e+38 -3.4e+38 -3.4e+38 -3.4e+38 -3.4e+38 -3.4e+38 -3.4e+38 -3.4e+38 -3.4e+38 -3.4e+38 -3.4e+38 -3.4e+38 -3.4e+38 -3.4e+38 -3.4e+38 -3.4e+38 -3.4e+38 -3.4e+38 -3.4e+38 -3.4e+38 -3.4e+38 -3.4e+38 -3.4e+38 -3.4e+38 -3.4e+38 -3.4e+38 -3.4e+38 -3.4e+38 0.120703488588333 0.0973168984055519 0.0773162543773651 0.0313210189342499 0.0445940345525742
-3.4e+38 -3.4e+38 -3.4e+38 -3.4e+38 -3.4e+38 -3.4e+38 -3.4e+38 -3.4e+38 -3.4e+38 -3.4e+38 -3.4e+38 -3.4e+38 -3.4e+38 -3.4e+38 -3.4e+38 -3.4e+38 -3.4e+38 -3.4e+38 -3.4e+38 -3.4e+38 -3.4e+38 -3.4e+38 -3.4e+38 -3.4e+38 -3.4e+38 -3.4e+38 -3.4e+38 -3.4e+38 -3.4e+38 -3.4e+38 -3.4e+38 -3.4e+38 -3.4e+38 -3.4e+38 -3.4e+38 -3.4e+38 -3.4e+38 0.127584233880043 0.122647725045681 0.0774253830313683 0.0494278185069561 0.0172370355576277 0.0252404268831015 0.0278165582567453
-3.4e+38 -3.4e+38 -3.4e+38 -3.4e+38 -3.4e+38 -3.4e+38 -3.4e+38 -3.4e+38 -3.4e+38 -3.4e+38 -3.4e+38 -3.4e+38 -3.4e+38 -3.4e+38 -3.4e+38 -3.4e+38 -3.4e+38 -3.4e+38 -3.4e+38 -3.4e+38 -3.4e+38 -3.4e+38 -3.4e+38 -3.4e+38 -3.4e+38 -3.4e+38 -3.4e+38 -3.4e+38 -3.4e+38 -3.4e+38 -3.4e+38 -3.4e+38 -3.4e+38 -3.4e+38 0.159117981791496 0.151932343840599 0.11181465536356 0.0886306017637253 0.067490741610527 0.019324803724885 0.0264217108488083 0.0715465247631073 0.0165529847145081 0.0684777423739433
-3.4e+38 -3.4e+38 -3.4e+38 -3.4e+38 -3.4e+38 -3.4e+38 -3.4e+38 -3.4e+38 -3.4e+38 -3.4e+38 -3.4e+38 -3.4e+38 -3.4e+38 -3.4e+38 -3.4e+38 -3.4e+38 0.0758568495512009 0.0797994136810303 -3.4e+38 -3.4e+38 -3.4e+38 -3.4e+38 -3.4e+38 -3.4e+38 -3.4e+38 -3.4e+38 -3.4e+38 -3.4e+38 -3.4e+38 -3.4e+38 -3.4e+38 -3.4e+38 0.130479738116264 0.0995286554098129 0.100336685776711 0.0868616700172424 0.0659122988581657 0.0249668247997761 0.0170341487973928 0.147382646799088 0.159152343869209 0.299758613109589 0.118659026920795 0.0577919743955135
-3.4e+38 -3.4e+38 -3.4e+38 -3.4e+38 -3.4e+38 -3.4e+38 -3.4e+38 -3.4e+38 -3.4e+38 0.0612715780735016 0.0543941184878349 0.0521037764847279 0.0546750649809837 0.0591412447392941 0.0567549355328083 0.0682642012834549 0.0558363907039165 0.0573272332549095 0.083359494805336 0.111378915607929 0.0939851626753807 -3.4e+38 -3.4e+38 -3.4e+38 -3.4e+38 -3.4e+38 -3.4e+38 -3.4e+38 0.080144003033638 0.0765401944518089 0.0730307102203369 0.0971803963184357 0.0942926183342934 0.0566011890769005 0.0301132630556822 0.0317648351192474 0.0316797830164433 0.0269740000367165 0.0881174132227898 0.128290951251984 0.144629567861557 0.172012329101562 0.18725198507309 0.252928823232651
0.0304344594478607 0.0429820381104946 0.0465351864695549 0.0454151183366776 -3.4e+38 -3.4e+38 0.0534692034125328 0.0451907999813557 0.0444935671985149 0.046421505510807 0.0516063719987869 0.0521043874323368 0.0480361692607403 0.0451681837439537 0.0541992634534836 0.0479249097406864 0.104516468942165 0.0489388778805733 0.0501309223473072 0.0638737976551056 0.0714904963970184 0.0681395307183266 0.0699216797947884 0.0905427634716034 0.0809088200330734 -3.4e+38 0.0655185952782631 0.0791236013174057 0.0782042965292931 0.0754025429487228 0.0751767009496689 0.0485592596232891 0.0102367671206594 0.00922088883817196 0.00808896869421005 0.00622668536379933 0.0170138608664274 0.0767653360962868 0.261954694986343 0.1920495480299 0.120264738798141 0.0391810201108456 0.0675113424658775 0.126213371753693
0.0686176642775536 0.0444098748266697 0.0352277047932148 0.0376472845673561 0.0373351573944092 0.0421309731900692 0.0410720482468605 0.0410099029541016 0.0452835857868195 0.0425822548568249 0.0441023223102093 0.0542689710855484 0.0576183199882507 0.224895849823952 0.107931450009346 0.109884686768055 0.158236667513847 0.0798104330897331 0.113790698349476 0.0458683595061302 0.0472896359860897 0.0432425439357758 0.0387627668678761 0.0416677929461002 0.0676603093743324 0.0405715517699718 0.0342145040631294 0.0481981411576271 0.0466848723590374 0.0343133620917797 0.012905228883028 0.0152959199622273 0.0706347897648811 0.0242562107741833 0.132239818572998 0.0773077458143234 0.244576171040535 0.333919376134872 0.324125111103058 0.200404718518257 0.162680491805077 0.178455397486687 0.00659459736198187 0.0853586792945862
0.311784893274307 0.0840444713830948 0.102279677987099 0.058239609003067 0.0702226981520653 0.0474933385848999 0.071264311671257 0.0688256174325943 0.0680745840072632 0.063339851796627 0.0665721967816353 0.067653015255928 0.259063601493835 0.259271740913391 0.323766708374023 0.245349273085594 0.43022358417511 0.410150736570358 0.116286464035511 0.0640729740262032 0.0829199478030205 0.140291854739189 0.0525150410830975 0.0309712737798691 0.0292672328650951 0.0234823189675808 0.0212864708155394 0.0172061510384083 0.0241046063601971 0.0191967971622944 0.0125895291566849 0.0354372300207615 0.231228083372116 0.436013966798782 0.406905710697174 0.332517683506012 0.494529753923416 0.440551608800888 0.387033224105835 0.285884588956833 0.207976266741753 0.0212430898100138 0.00613955734297633 0.0118602635338902
0.484777957201004 0.267357617616653 0.4163738489151 0.292649149894714 0.306392312049866 0.0806801021099091 0.225276276469231 0.13293881714344 0.212690621614456 0.277350872755051 0.342702656984329 0.281421989202499 0.146777793765068 0.17690235376358 0.40795424580574 0.510000467300415 0.552562773227692 0.420255213975906 0.261980026960373 0.217831447720528 0.389526277780533 0.377934753894806 0.0856281965970993 0.0941691622138023 0.235222354531288 0.212395593523979 0.0285846367478371 0.104201503098011 0.336204648017883 0.430357933044434 0.261262387037277 0.0977493673563004 0.363474309444427 0.419602245092392 0.52832019329071 0.506727814674377 0.368718504905701 0.256378591060638 0.0713378861546516 0.023465758189559 0.0080389054492116 0.0091431513428688 0.226532191038132 0.198654621839523
0.526183426380157 0.543726027011871 0.610042572021484 0.46193066239357 0.308658063411713 0.333269059658051 0.387418299913406 0.358126640319824 0.518131375312805 0.539722681045532 0.471786201000214 0.561241269111633 0.43931570649147 0.254086941480637 0.320148497819901 0.310297191143036 0.405864775180817 0.569985508918762 0.606131136417389 0.608030915260315 0.60039746761322 0.546399533748627 0.407104671001434 0.408454567193985 0.531412363052368 0.426939964294434 0.153284788131714 0.195976227521896 0.439932405948639 0.54138320684433 0.346845239400864 0.374876379966736 0.539137482643127 0.567189335823059 0.528943598270416 0.34283122420311 0.174166023731232 0.0511930696666241 0.0184418112039566 0.0974909663200378 0.107219040393829 0.216713964939117 0.111743114888668 0.0325959771871567
0.61670845746994 0.673782885074615 0.669215619564056 0.526112973690033 0.477524310350418 0.510262727737427 0.475005090236664 0.428344249725342 0.525980114936829 0.595708250999451 0.567209899425507 0.577856183052063 0.480646401643753 0.414192140102386 0.399280548095703 0.272672563791275 0.352960705757141 0.386220812797546 0.487055063247681 0.600891470909119 0.657565712928772 0.543633580207825 0.528809666633606 0.512721300125122 0.484759837388992 0.499635189771652 0.443980783224106 0.51956182718277 0.49340409040451 0.620190739631653 0.570196270942688 0.517354309558868 0.416576445102692 0.34101739525795 0.342941910028458 0.289272367954254 0.0380174107849598 0.0723425224423409 0.202323064208031 0.279002279043198 0.298257112503052 0.130533084273338 0.0581133626401424 0.0641746744513512
0.557065725326538 0.595945954322815 0.644228398799896 0.606362700462341 0.574982523918152 0.582501947879791 0.521840214729309 0.44543918967247 0.475761979818344 0.467022866010666 0.574781835079193 0.64347779750824 0.62329888343811 0.533803820610046 0.480094254016876 0.405980497598648 0.333020776510239 0.359703630208969 0.377785891294479 0.40721207857132 0.413376599550247 0.485980242490768 0.559321582317352 0.536048769950867 0.474344313144684 0.493490487337112 0.453112065792084 0.363626271486282 0.362664937973022 0.399371087551117 0.352262079715729 0.211491048336029 0.125678405165672 0.103233993053436 0.121341921389103 0.074463352560997 0.119255565106869 0.328348904848099 0.383244842290878 0.256603896617889 0.177714318037033 0.0757704973220825 0.143424764275551 0.228844344615936
0.540505528450012 0.513308584690094 0.489513725042343 0.494783699512482 0.49558499455452 0.377203524112701 0.357965767383575 0.349102824926376 0.338095188140869 0.349096715450287 0.414095640182495 0.548750162124634 0.717134952545166 0.660169064998627 0.410229235887527 0.406010866165161 0.428796380758286 0.413309752941132 0.34784072637558 0.354107826948166 0.375916957855225 0.415647059679031 0.416724562644958 0.38469609618187 0.31740790605545 0.287754237651825 0.266773700714111 0.242693200707436 0.222094297409058 0.219430133700371 0.17142753303051 0.181476846337318 0.161281988024712 0.264323472976685 0.290879398584366 0.310063093900681 0.401041090488434 0.516527593135834 0.507461130619049 0.389856934547424 0.300381928682327 0.132215321063995 0.156449347734451 0.253981918096542
0.469683796167374 0.373768001794815 0.338463515043259 0.295421898365021 0.331824213266373 0.253369867801666 0.314512014389038 0.316663324832916 0.363173842430115 0.345627725124359 0.377755671739578 0.394623070955276 0.444699794054031 0.444386273622513 0.446514397859573 0.428213536739349 0.442847818136215 0.396032899618149 0.41290494799614 0.42822676897049 0.450381726026535 0.446466952562332 0.390499770641327 0.336322218179703 0.325988262891769 0.286992847919464 0.284829199314117 0.324909180402756 0.324390351772308 0.354575395584106 0.368717968463898 0.404357463121414 0.356221944093704 0.335253536701202 0.375123977661133 0.34464156627655 0.360153496265411 0.369642704725266 0.507660627365112 0.376965790987015 0.256446450948715 0.227291882038116 0.168170511722565 0.244392827153206
