data/climate_estimation/maxent_output/Gagea_setifolia.asc
NCOLS 228 
NROWS 109 
XLLCORNER 56.8333333333333 
YLLCORNER 29.3333333333333 
CELLSIZE 0.0833333333333333 
NODATA_value -3.4e+38 
[rows 0 to 18 of 109, columns 88 to 131 of 228]
0.202763348817825 0.193415910005569 0.191782921552658 0.178395092487335 0.188518241047859 0.186801716685295 0.192001491785049 0.19286872446537 0.201002568006516 0.206234097480774 0.193424299359322 0.197435542941093 0.195004239678383 0.211779937148094 0.212102800607681 0.229193702340126 0.245575070381165 0.22758387029171 0.248886436223984 0.241390138864517 0.258580058813095 0.258077383041382 0.264932096004486 0.290747880935669 0.297226965427399 0.350229829549789 0.423481464385986 0.349778145551682 0.415107786655426 0.409308791160583 0.483285665512085 0.518322050571442 0.586554646492004 0.610847532749176 0.670297384262085 0.723067462444305 0.944379091262817 0.976370215415955 0.801088929176331 0.7819664478302 0.983379900455475 0.749475121498108 0.327560126781464 0.199886605143547
0.185107588768005 0.199196994304657 0.169661104679108 0.177195310592651 0.184215635061264 0.187406569719315 0.18615397810936 0.186586752533913 0.192519575357437 0.189644694328308 0.186734452843666 0.204949706792831 0.21307384967804 0.199306711554527 0.205892398953438 0.224069461226463 0.221821546554565 0.222428277134895 0.228961110115051 0.250994384288788 0.244172275066376 0.294307172298431 0.30704003572464 0.341257631778717 0.320551514625549 0.343950003385544 0.432599633932114 0.399363428354263 0.407321482896805 0.447065055370331 0.524729907512665 0.535168051719666 0.589596450328827 0.630096554756165 0.666989147663116 0.942816078662872 0.890189528465271 0.72446483373642 0.619430184364319 0.54175865650177 0.496416747570038 0.371062517166138 0.237287238240242 0.171805962920189
0.198637127876282 0.172538086771965 0.181029483675957 0.163964793086052 0.178928971290588 0.161237522959709 0.170229822397232 0.174539655447006 0.175859600305557 0.187394008040428 0.188614085316658 0.201774373650551 0.186093121767044 0.187780052423477 0.199408769607544 0.207266017794609 0.208725765347481 0.216210514307022 0.221933200955391 0.221252724528313 0.267173558473587 0.295867294073105 0.307697266340256 0.322396963834763 0.348017960786819 0.35954737663269 0.418373614549637 0.448577135801315 0.554999947547913 0.631902039051056 0.720899999141693 0.770506381988525 0.559062838554382 0.525454640388489 0.463613748550415 0.581946492195129 0.468943268060684 0.423710763454437 0.38836458325386 0.367371678352356 0.253542423248291 0.224643141031265 0.180743142962456 0.158112123608589
0.175662621855736 0.150171861052513 0.161879226565361 0.167849153280258 0.168507486581802 0.174629583954811 0.177371844649315 0.172904133796692 0.174393981695175 0.175120741128922 0.173895865678787 0.175119698047638 0.183871775865555 0.191427066922188 0.196134850382805 0.195381477475166 0.195936009287834 0.202473551034927 0.20888414978981 0.221262097358704 0.226613655686378 0.26603290438652 0.308209151029587 0.369784951210022 0.381124079227448 0.367002725601196 0.444518685340881 0.486131876707077 0.585477888584137 0.611041605472565 0.717955827713013 0.772191107273102 0.733053684234619 0.5269655585289 0.32843890786171 0.349715799093246 0.308102279901505 0.281274646520615 0.273522883653641 0.275547832250595 0.200004190206528 0.196024999022484 0.155460134148598 0.145677208900452
0.150736808776855 0.155714482069016 0.160903617739677 0.168355852365494 0.172198250889778 0.177166432142258 0.176936656236649 0.176753029227257 0.178596258163452 0.17794893682003 0.180830389261246 0.172032311558723 0.178734079003334 0.185952037572861 0.185137510299683 0.18344309926033 0.183872684836388 0.186571136116982 0.198948726058006 0.215008765459061 0.233575001358986 0.272595167160034 0.306543171405792 0.343077272176743 0.363015323877335 0.430624783039093 0.419671356678009 0.425017863512039 0.478821218013763 0.686362087726593 0.673991739749908 0.692670106887817 0.714824676513672 0.397981017827988 0.295119673013687 0.334399491548538 0.292378783226013 0.246269017457962 0.234141483902931 0.216506913304329 0.161413073539734 0.166939333081245 0.138707831501961 0.135419264435768
0.158657774329185 0.147531971335411 0.148391887545586 0.152999445796013 0.154863387346268 0.165620669722557 0.165750607848167 0.162253752350807 0.17688761651516 0.177255317568779 0.179056406021118 0.172774285078049 0.171295896172523 0.172237604856491 0.178825005888939 0.179242834448814 0.174754187464714 0.181031093001366 0.204082891345024 0.226956695318222 0.228961259126663 0.226841792464256 0.281974047422409 0.359508872032166 0.418853908777237 0.400362759828568 0.450922518968582 0.375278562307358 0.467617452144623 0.605742752552032 0.777375221252441 0.594073474407196 0.429699897766113 0.320033043622971 0.248363584280014 0.272506684064865 0.267568230628967 0.239177480340004 0.234572291374207 0.163200035691261 0.154168397188187 0.147472277283669 0.143030047416687 0.138375461101532
0.143361896276474 0.151262223720551 0.157805100083351 0.164130076766014 0.16651251912117 0.166077971458435 0.170260608196259 0.171819567680359 0.170615211129189 0.169783979654312 0.176104858517647 0.17205385863781 0.171742722392082 0.173267677426338 0.173360034823418 0.175763189792633 0.170283824205399 0.18126568198204 0.203354761004448 0.202188014984131 0.251846194267273 0.237249031662941 0.229366034269333 0.325243532657623 0.294661968946457 0.320576339960098 0.358725488185883 0.368322670459747 0.822111308574677 0.867195665836334 0.678609609603882 0.482307761907578 0.328028589487076 0.255739450454712 0.231130301952362 0.244012892246246 0.210241734981537 0.214406549930573 0.162059217691422 0.152609303593636 0.14486762881279 0.145477667450905 0.138711050152779 0.149195492267609
0.155065029859543 0.159249827265739 0.160295262932777 0.151508167386055 0.151708036661148 0.168591275811195 0.17510013282299 0.167494639754295 0.17487271130085 0.167449548840523 0.167374148964882 0.171785235404968 0.172995120286942 0.167935311794281 0.172727361321449 0.169829651713371 0.164774745702744 0.183160811662674 0.209789469838142 0.253626853227615 0.254190891981125 0.208837047219276 0.274999022483826 0.281148940324783 0.231821671128273 0.280407398939133 0.261245846748352 0.566383540630341 0.923169314861298 0.707143723964691 0.470829516649246 0.367891430854797 0.322634786367416 0.236176118254662 0.222589030861855 0.195539861917496 0.160372152924538 0.145089998841286 0.146909385919571 0.147148996591568 0.138471469283104 0.14184632897377 0.154245868325233 0.151585534214973
0.15209749341011 0.160383582115173 0.161311015486717 0.160467326641083 0.16730560362339 0.162455573678017 0.169767737388611 0.161606460809708 0.16600227355957 0.16876620054245 0.170578822493553 0.169824466109276 0.161315023899078 0.168242454528809 0.16767244040966 0.165479302406311 0.160288751125336 0.199566632509232 0.221129596233368 0.225415021181107 0.202904060482979 0.184942424297333 0.223364502191544 0.215974628925323 0.259039729833603 0.236585259437561 0.314718693494797 0.68615198135376 0.82118421792984 0.523721575737 0.368239343166351 0.329913794994354 0.253728002309799 0.200880795717239 0.152430176734924 0.140887245535851 0.133773177862167 0.135715290904045 0.139437183737755 0.143077313899994 0.1280327886343 0.152236923575401 0.139936968684196 0.152094915509224
0.142154291272163 0.147986546158791 0.147830188274384 0.148062363266945 0.154259383678436 0.170883551239967 0.164600744843483 0.171016365289688 0.165765896439552 0.162923112511635 0.159922420978546 0.172453358769417 0.16467373073101 0.162415713071823 0.160152867436409 0.16521991789341 0.186858087778091 0.189117953181267 0.196487754583359 0.186606869101524 0.181902155280113 0.182281464338303 0.182848185300827 0.18171626329422 0.208147287368774 0.193422496318817 0.235962077975273 0.415413677692413 0.598635315895081 0.353523969650269 0.28358918428421 0.247573494911194 0.167494907975197 0.140137702226639 0.134169906377792 0.127633690834045 0.124108031392097 0.13814289867878 0.140217199921608 0.121826909482479 0.123190522193909 0.147462874650955 0.166100472211838 0.147109046578407
0.152372911572456 0.159461081027985 0.16652175784111 0.165566861629486 0.16769976913929 0.167044028639793 0.162517860531807 0.162177607417107 0.151101320981979 0.165679261088371 0.164550200104713 0.165887728333473 0.166925266385078 0.165468871593475 0.162859588861465 0.16483148932457 0.188774734735489 0.184281289577484 0.187717169523239 0.180974677205086 0.176591098308563 0.177144438028336 0.178608790040016 0.182470202445984 0.175416752696037 0.172847077250481 0.171557858586311 0.24105204641819 0.231536507606506 0.255036473274231 0.193669572472572 0.154501155018806 0.134649366140366 0.128454625606537 0.120992600917816 0.1208625882864 0.118993505835533 0.133939653635025 0.121051393449306 0.115145474672318 0.132875367999077 0.175844416022301 0.139992222189903 0.152173742651939
0.144652038812637 0.15176297724247 0.160560250282288 0.161024123430252 0.157188847661018 0.163497239351273 0.154661178588867 0.169591307640076 0.169061258435249 0.157048240303993 0.167706295847893 0.159250780940056 0.151426061987877 0.162601679563522 0.162576302886009 0.158362999558449 0.181123659014702 0.18273551762104 0.179117783904076 0.183936059474945 0.176063016057014 0.17270003259182 0.168074980378151 0.167112469673157 0.165819600224495 0.165949657559395 0.185338839888573 0.236326619982719 0.191690251231194 0.173883736133575 0.166604265570641 0.155142068862915 0.120434492826462 0.117462687194347 0.116583220660686 0.11311648786068 0.110790252685547 0.117436423897743 0.113108024001122 0.117527015507221 0.143267795443535 0.151698589324951 0.12911519408226 0.146627858281136
0.141795367002487 0.141983583569527 0.149842903017998 0.156336158514023 0.14769746363163 0.149424254894257 0.167864710092545 0.16865462064743 0.1548240929842 0.170788049697876 0.163088127970695 0.148181542754173 0.163956537842751 0.147233888506889 0.163643926382065 0.182375177741051 0.182016521692276 0.179486975073814 0.178885772824287 0.177061721682549 0.170229375362396 0.173422917723656 0.168910145759583 0.163411527872086 0.161680653691292 0.162359654903412 0.170491322875023 0.158260241150856 0.151706427335739 0.145302161574364 0.144458547234535 0.136140763759613 0.134923085570335 0.108180552721024 0.104982733726501 0.108043678104877 0.109062410891056 0.106958366930485 0.106610171496868 0.110667511820793 0.115011818706989 0.131331816315651 0.128378242254257 0.13979783654213
0.156023040413857 0.146255597472191 0.146100863814354 0.146294310688972 0.152188584208488 0.166015595197678 0.167715594172478 0.156953260302544 0.147947996854782 0.159809559583664 0.152217626571655 0.165536791086197 0.15126433968544 0.162285968661308 0.153446361422539 0.183718591928482 0.172511547803879 0.18552277982235 0.178580433130264 0.17628213763237 0.17262177169323 0.174463123083115 0.169218748807907 0.162232145667076 0.163169205188751 0.156840726733208 0.156881928443909 0.149687767028809 0.149569317698479 0.142335072159767 0.140320762991905 0.139074817299843 0.13213686645031 0.130254969000816 0.108356274664402 0.100727409124374 0.103122621774673 0.101319663226604 0.100550480186939 0.108852602541447 0.10267087072134 0.105663418769836 0.109445624053478 0.135819554328918
0.159124150872231 0.165786758065224 0.142767772078514 0.143755301833153 0.164154753088951 0.171432808041573 0.15886278450489 0.148948460817337 0.156747072935104 0.153418228030205 0.161408990621567 0.152259767055511 0.165236279368401 0.145904645323753 0.158236965537071 0.186086490750313 0.183086559176445 0.185140013694763 0.1809111982584 0.176754087209702 0.173251584172249 0.167665958404541 0.164368703961372 0.16406811773777 0.157418474555016 0.157211914658546 0.15766666829586 0.151394665241241 0.145487293601036 0.144490078091621 0.145333468914032 0.137136906385422 0.137136906385422 0.129248052835464 0.107463628053665 0.105506412684917 0.097179040312767 0.0962821990251541 0.0956795588135719 0.102070063352585 0.100883886218071 0.105638638138771 0.106370016932487 0.117796055972576
0.16227214038372 0.163895845413208 0.163810029625893 0.147846475243568 0.167319416999817 0.167717888951302 0.161705136299133 0.152088075876236 0.160474106669426 0.150570094585419 0.161339491605759 0.169183775782585 0.154195547103882 0.156516194343567 0.136433213949203 0.180177092552185 0.180263996124268 0.168696537613869 0.175117462873459 0.167501226067543 0.174928545951843 0.170025914907455 0.158884689211845 0.165619194507599 0.16045093536377 0.159500062465668 0.154608964920044 0.155056774616241 0.147101312875748 0.141329228878021 0.140120565891266 0.140113040804863 0.134001776576042 0.132868483662605 0.126673012971878 0.12377343326807 0.103966899216175 0.102125450968742 0.10110592097044 0.106849625706673 0.105438388884068 0.126355931162834 0.126541301608086 0.130222871899605
0.176290228962898 0.16216105222702 0.184274420142174 0.155150681734085 0.179761826992035 0.17667281627655 0.164789661765099 0.154983803629875 0.164047107100487 0.155655801296234 0.153415217995644 0.168262124061584 0.147402316331863 0.150664985179901 0.154943510890007 0.182778015732765 0.165138944983482 0.168269112706184 0.176349461078644 0.169101014733315 0.157387033104897 0.171943068504333 0.164815723896027 0.155384197831154 0.155188143253326 0.155190214514732 0.149725869297981 0.149705797433853 0.148428231477737 0.14893464744091 0.141216829419136 0.141234010457993 0.135039240121841 0.135020852088928 0.129131451249123 0.127358183264732 0.120749294757843 0.120152659714222 0.123942583799362 0.123983055353165 0.122734494507313 0.12665019929409 0.126014515757561 0.132153555750847
0.182406038045883 0.177877247333527 0.172662347555161 0.173383429646492 0.169652625918388 0.16386154294014 0.180403292179108 0.16471204161644 0.174096524715424 0.157823652029037 0.154838725924492 0.157862216234207 0.169365525245667 0.1616470515728 0.136503890156746 0.168604224920273 0.170431524515152 0.178276926279068 0.165252238512039 0.170653134584427 0.162203401327133 0.163190677762032 0.159935817122459 0.156156420707703 0.155171632766724 0.155080586671829 0.149675667285919 0.14964547753334 0.149597093462944 0.144330024719238 0.142335221171379 0.14353908598423 0.137254819273949 0.13652728497982 0.130566716194153 0.130509093403816 0.128754481673241 0.12879353761673 0.127080783247948 0.120879083871841 0.124752134084702 0.123052962124348 0.127030521631241 0.121690064668655
0.212968200445175 0.210297644138336 0.205082759261131 0.190142005681992 0.18426176905632 0.197861358523369 0.181490674614906 0.177953079342842 0.163242116570473 0.166751027107239 0.171599790453911 0.162531152367592 0.172758370637894 0.154109492897987 0.169635340571404 0.186133399605751 0.178007751703262 0.16207529604435 0.171399220824242 0.171849325299263 0.166391834616661 0.154942512512207 0.159344047307968 0.159155264496803 0.156125277280807 0.155082657933235 0.149633392691612 0.150856971740723 0.14431631565094 0.150752797722816 0.143470540642738 0.143431276082993 0.144607275724411 0.138743206858635 0.133748427033424 0.133078381419182 0.127214044332504 0.12552984058857 0.130221381783485 0.122839443385601 0.126803129911423 0.128463491797447 0.128018274903297 0.125044956803322
