data/climate_estimation/maxent_output/Gagea_villosa.asc
NCOLS 474 
NROWS 331 
XLLCORNER 1.08333333333333 
YLLCORNER 32.4166666666667 
CELLSIZE 0.0833333333333333 
NODATA_value -3.4e+38 
[rows 120 to 139 of 331, columns 135 to 179 of 474]
0.77554988861084 0.755094051361084 0.707190573215485 0.759100019931793 0.725058376789093 0.653846800327301 0.676344513893127 0.711616277694702 0.706877827644348 0.726588666439056 0.750197052955627 0.543654561042786 0.587759912014008 0.574819982051849 0.595865726470947 0.611091613769531 0.599003791809082 0.576591312885284 0.575292825698853 0.593683540821075 0.647912859916687 0.515907287597656 0.536986112594604 0.592292547225952 0.615656554698944 0.657270908355713 0.646870732307434 0.618254542350769 0.583429932594299 0.569332301616669 0.598430693149567 0.593081712722778 0.583292305469513 0.681572198867798 0.692444860935211 0.555017411708832 0.663477182388306 0.658685028553009 0.617728710174561 0.613840162754059 0.621734082698822 0.608661234378815 0.603801786899567 0.612676918506622 0.58254462480545
0.783032298088074 0.748923242092133 0.722452342510223 0.76788192987442 0.785536110401154 0.748799800872803 0.750507056713104 0.767066836357117 0.777152895927429 0.759899497032166 0.756361246109009 0.575318932533264 0.588472485542297 0.602012455463409 0.63005542755127 0.569877564907074 0.570045411586761 0.560692012310028 0.614710032939911 0.653227686882019 0.650326013565063 0.53747695684433 0.542853713035583 0.565303146839142 0.634105026721954 0.646930038928986 0.637749671936035 0.644877851009369 0.641329228878021 0.599327564239502 0.602064549922943 0.590147435665131 0.548914134502411 0.514564394950867 0.659630000591278 0.676283121109009 0.67757123708725 0.658076822757721 0.642865300178528 0.565787017345428 0.565062165260315 0.591972410678864 0.599940121173859 0.601608574390411 0.569404125213623
0.744279205799103 0.683320999145508 0.740343272686005 0.77041620016098 0.786833822727203 0.781161963939667 0.784854888916016 0.785096287727356 0.790710806846619 0.788126587867737 0.789306104183197 0.640332698822021 0.630077600479126 0.640216827392578 0.615538418292999 0.568898141384125 0.552208840847015 0.568986773490906 0.573739349842072 0.596770346164703 0.622608423233032 0.631078124046326 0.574581205844879 0.608884513378143 0.631998121738434 0.633537113666534 0.646133363246918 0.657229363918304 0.637329816818237 0.584825456142426 0.597254157066345 0.592627286911011 0.565979480743408 0.656229555606842 0.614806771278381 0.615757822990417 0.645759582519531 0.619544565677643 0.63138473033905 0.612345159053802 0.512128353118896 0.465378522872925 0.482292026281357 0.494444698095322 0.50605046749115
0.710659205913544 0.702304184436798 0.738215088844299 0.747491121292114 0.77032059431076 0.779151082038879 0.785368740558624 0.772002577781677 0.786759495735168 0.775422990322113 0.785342514514923 0.776456475257874 0.649958968162537 0.774467766284943 0.760432362556458 0.76971846818924 0.750576138496399 0.696940422058105 0.620876550674438 0.523155570030212 0.619924068450928 0.654244840145111 0.689207792282104 0.732692778110504 0.620193839073181 0.623362421989441 0.600767731666565 0.637285113334656 0.577379882335663 0.587506353855133 0.61518919467926 0.58890700340271 0.702498018741608 0.581294298171997 0.665869951248169 0.647024393081665 0.592141807079315 0.592334091663361 0.552062749862671 0.546925067901611 0.538319170475006 0.501523435115814 0.44842255115509 0.389793366193771 0.367682665586472
0.759440839290619 0.769222915172577 0.763571977615356 0.749908864498138 0.764384627342224 0.765300095081329 0.771829843521118 0.771525621414185 0.777556359767914 0.764503180980682 0.76685243844986 0.779732167720795 0.771574914455414 0.746390640735626 0.771514475345612 0.746597528457642 0.689330160617828 0.670889973640442 0.71533328294754 0.552068412303925 0.580365777015686 0.656473159790039 0.730812788009644 0.730361640453339 0.697998702526093 0.618580520153046 0.710102915763855 0.638907015323639 0.63173633813858 0.5860435962677 0.702343463897705 0.492361783981323 0.651594817638397 0.525816857814789 0.544227182865143 0.579362809658051 0.625913143157959 0.639312744140625 0.603655517101288 0.601503551006317 0.563608586788177 0.481659173965454 0.437145531177521 0.40039324760437 0.325522243976593
0.734262764453888 0.71943736076355 0.695388376712799 0.66914826631546 0.724583208560944 0.771489143371582 0.769795060157776 0.768405616283417 0.771362900733948 0.76942241191864 0.763852536678314 0.761951982975006 0.753738224506378 0.72582870721817 0.736552476882935 0.730635344982147 0.68100780248642 0.690105855464935 0.715866506099701 0.582073152065277 0.614447712898254 0.671312630176544 0.680498659610748 0.640958726406097 0.622104167938232 0.565514028072357 0.623119175434113 0.590861678123474 0.620211184024811 0.68524968624115 0.571326673030853 0.551863253116608 0.574946820735931 0.632889807224274 0.664508819580078 0.590495407581329 0.556999027729034 0.55181759595871 0.580252707004547 0.597923398017883 0.586130380630493 0.551721096038818 0.493789255619049 0.499735355377197 0.46856677532196
0.749455213546753 0.735410094261169 0.687133371829987 0.719717562198639 0.684369921684265 0.698246955871582 0.754187703132629 0.753889918327332 0.732517957687378 0.716418087482452 0.709563374519348 0.744746565818787 0.727276682853699 0.693905532360077 0.702470600605011 0.720056772232056 0.687757909297943 0.714445233345032 0.727390050888062 0.728636562824249 0.640337705612183 0.670083105564117 0.689902603626251 0.639174342155457 0.633131086826324 0.640796601772308 0.617880821228027 0.667934060096741 0.669973373413086 0.600657761096954 0.486717790365219 0.537549018859863 0.572468817234039 0.557305037975311 0.603132247924805 0.557064831256866 0.503969371318817 0.474704265594482 0.509384512901306 0.598287880420685 0.564732015132904 0.503552138805389 0.479150205850601 0.530662596225739 0.51269257068634
0.760827362537384 0.731118083000183 0.747370302677155 0.747901082038879 0.681119859218597 0.586165249347687 0.697408497333527 0.708826661109924 0.692112028598785 0.691048443317413 0.715828537940979 0.709504067897797 0.663675010204315 0.662537157535553 0.670951426029205 0.680432319641113 0.693986594676971 0.685410261154175 0.699027299880981 0.707175612449646 0.613182127475739 0.637507975101471 0.655824780464172 0.649934828281403 0.640319764614105 0.670251369476318 0.661657452583313 0.660224914550781 0.719968676567078 0.682828843593597 0.549960494041443 0.490738391876221 0.455796808004379 0.477395415306091 0.525327622890472 0.463099837303162 0.465696543455124 0.518547058105469 0.524982035160065 0.552848935127258 0.573720395565033 0.511583626270294 0.557191252708435 0.58796364068985 0.566304087638855
0.737430095672607 0.740800142288208 0.730750262737274 0.719758749008179 0.703031301498413 0.703571081161499 0.701968491077423 0.702865362167358 0.647903263568878 0.673138856887817 0.661353230476379 0.618215024471283 0.609451115131378 0.621822893619537 0.644874215126038 0.675870478153229 0.676441550254822 0.689497768878937 0.694439232349396 0.711173593997955 0.616057693958282 0.647575199604034 0.585095405578613 0.640451610088348 0.632970571517944 0.682662844657898 0.640497326850891 0.645918011665344 0.670377850532532 0.648645639419556 0.584355711936951 0.502956986427307 0.505772352218628 0.492207437753677 0.479845345020294 0.435313194990158 0.461220771074295 0.518092036247253 0.468717992305756 0.475229680538177 0.552751839160919 0.584130108356476 0.553228914737701 0.586877942085266 0.607743620872498
0.737347185611725 0.735509097576141 0.732708275318146 0.743783950805664 0.724234342575073 0.683058381080627 0.648014485836029 0.577003955841064 0.571767449378967 0.4000623524189 0.367418140172958 0.337314575910568 0.429694473743439 0.582340359687805 0.59180361032486 0.578114867210388 0.590009272098541 0.615777969360352 0.659947752952576 0.636876046657562 0.67036372423172 0.594315767288208 0.617803394794464 0.555167317390442 0.589476585388184 0.621385037899017 0.607271432876587 0.640305280685425 0.650084137916565 0.634502351284027 0.622583568096161 0.543085336685181 0.582635104656219 0.546703219413757 0.489889562129974 0.423408955335617 0.445650607347488 0.544362664222717 0.479390501976013 0.464082300662994 0.491355866193771 0.61743426322937 0.634794533252716 0.646556556224823 0.647462606430054
0.683227956295013 0.690141975879669 0.649513900279999 0.678864479064941 0.653563499450684 0.644219636917114 0.637919127941132 0.567861497402191 0.449812173843384 0.263891011476517 0.404425442218781 0.230775147676468 0.320368319749832 0.414285719394684 0.440749824047089 0.347928285598755 0.490464359521866 0.548716247081757 0.576926290988922 0.606844484806061 0.627133131027222 0.626263439655304 0.560768067836761 0.587241172790527 0.564243018627167 0.579132080078125 0.532616257667542 0.622029423713684 0.642589807510376 0.63921332359314 0.604748427867889 0.570213913917542 0.578373193740845 0.536542594432831 0.467898279428482 0.480707615613937 0.537475764751434 0.599572479724884 0.540346384048462 0.529987573623657 0.535794198513031 0.603938817977905 0.63708233833313 0.626587867736816 0.663469851016998
0.691481113433838 0.642924547195435 0.608474493026733 0.664643049240112 0.62788188457489 0.492519348859787 0.572016894817352 0.584775865077972 0.551177501678467 0.474894165992737 0.49962705373764 0.448635041713715 0.201473996043205 0.222481265664101 0.195653975009918 0.208263114094734 0.300350397825241 0.412311583757401 0.423773407936096 0.533126175403595 0.544987440109253 0.582329869270325 0.496501505374908 0.547360479831696 0.560141623020172 0.577103674411774 0.516135156154633 0.543683290481567 0.578164041042328 0.609598517417908 0.605474412441254 0.570517480373383 0.509927928447723 0.43106934428215 0.405815154314041 0.47806704044342 0.587825119495392 0.588705718517303 0.603830575942993 0.594302654266357 0.605925858020782 0.665185511112213 0.679941296577454 0.671159327030182 0.670808911323547
0.740727603435516 0.722108066082001 0.698273539543152 0.690762519836426 0.661393344402313 0.59873378276825 0.460914969444275 0.513860464096069 0.471320927143097 0.506556928157806 0.491641581058502 0.41867858171463 0.277973532676697 0.182835727930069 0.156945556402206 0.222624227404594 0.272128373384476 0.276548504829407 0.323543190956116 0.395466476678848 0.415955662727356 0.481857031583786 0.509713470935822 0.419939309358597 0.499430626630783 0.543378472328186 0.49443519115448 0.498732596635818 0.514551639556885 0.57438337802887 0.585336148738861 0.554951906204224 0.486503601074219 0.453719824552536 0.461437255144119 0.529247939586639 0.56598311662674 0.597280442714691 0.629150032997131 0.650542795658112 0.657282650470734 0.679826080799103 0.696542978286743 0.703518867492676 0.693425893783569
0.717103064060211 0.685549259185791 0.688505232334137 0.667723298072815 0.656008780002594 0.625006437301636 0.627452909946442 0.566059172153473 0.438691526651382 0.483953446149826 0.448430150747299 0.460331857204437 0.445604413747787 0.400066882371902 0.362353831529617 0.315996140241623 0.282133847475052 0.341265171766281 0.385611981153488 0.315909802913666 0.259820342063904 0.388782262802124 0.460885763168335 0.462626785039902 0.415374219417572 0.436105161905289 0.457133531570435 0.483536124229431 0.496077030897141 0.508936703205109 0.541138052940369 0.522350072860718 0.479066550731659 0.45027893781662 0.496886104345322 0.55879408121109 0.534556865692139 0.61157888174057 0.610440075397491 0.667237818241119 0.671220779418945 0.678407430648804 0.716122508049011 0.717350661754608 0.688859522342682
0.663724780082703 0.639226377010345 0.643135011196136 0.63057553768158 0.623633027076721 0.603977918624878 0.605017125606537 0.584183990955353 0.564738035202026 0.553429186344147 0.45746260881424 0.469746768474579 0.485324382781982 0.470693320035934 0.433268040418625 0.406703919172287 0.313199996948242 0.247756838798523 0.206842944025993 0.358421504497528 0.323211282491684 0.38688462972641 0.434552907943726 0.314216613769531 0.298942536115646 0.337764292955399 0.355302691459656 0.354196220636368 0.419315785169601 0.453378617763519 0.46613073348999 0.501950562000275 0.47243058681488 0.46520122885704 0.484962314367294 0.530144333839417 0.457577854394913 0.557670176029205 0.564103960990906 0.591672599315643 0.617923676967621 0.667742013931274 0.702197253704071 0.709276556968689 0.668216228485107
0.617359042167664 0.600247621536255 0.598090469837189 0.606711864471436 0.586995244026184 0.575143694877625 0.563490629196167 0.550123333930969 0.533867478370667 0.512703418731689 0.504720866680145 0.484423846006393 0.470473945140839 0.46537110209465 0.437206953763962 0.375465005636215 0.369825541973114 0.369568526744843 0.345852881669998 0.264312863349915 0.362909644842148 0.359319299459457 0.355353802442551 0.418821394443512 0.252723008394241 0.283401548862457 0.302006721496582 0.255625009536743 0.208334714174271 0.254139810800552 0.362074762582779 0.387882739305496 0.380173295736313 0.428418397903442 0.434266269207001 0.468314826488495 0.483055770397186 0.506393671035767 0.601921319961548 0.644156157970428 0.661596059799194 0.695715308189392 0.704430878162384 0.684506058692932 0.669537961483002
0.602818667888641 0.5923912525177 0.569011509418488 0.545603692531586 0.529982507228851 0.524025678634644 0.529406368732452 0.507047414779663 0.502301096916199 0.481711626052856 0.48026230931282 0.456007838249207 0.432843893766403 0.426591873168945 0.428812235593796 0.398674488067627 0.343950062990189 0.324065238237381 0.360828340053558 0.386649698019028 0.342484295368195 0.305681973695755 0.324536204338074 0.220333620905876 0.241861119866371 0.235394507646561 0.230821594595909 0.159844920039177 0.141259729862213 0.172245234251022 0.253096520900726 0.297233194112778 0.35078638792038 0.386353224515915 0.427126735448837 0.460894376039505 0.499721527099609 0.557903110980988 0.598985254764557 0.67644602060318 0.702770471572876 0.703932106494904 0.710345864295959 0.687595725059509 0.678187072277069
0.53603857755661 0.534572541713715 0.525581955909729 0.503195822238922 0.479016840457916 0.483378857374191 0.469018489122391 0.462121367454529 0.46823713183403 0.433807402849197 0.418480008840561 0.409590899944305 0.401015847921371 0.39855745434761 0.389804065227509 0.374623656272888 0.362708449363708 0.325713574886322 0.342083901166916 0.359113186597824 0.368148028850555 0.335700303316116 0.304381757974625 0.31305918097496 0.20282194018364 0.222039565443993 0.207145318388939 0.132404640316963 0.13999705016613 0.127048119902611 0.159377545118332 0.214748904109001 0.259395092725754 0.321462005376816 0.295654684305191 0.378945589065552 0.391588449478149 0.478385329246521 0.488584846258163 0.649014592170715 0.686442077159882 0.700208783149719 0.703029751777649 0.69667637348175 0.687619745731354
0.420659720897675 0.491769820451736 0.475554138422012 0.461247265338898 0.452432483434677 0.439237982034683 0.443294197320938 0.437200903892517 0.42152664065361 0.402535617351532 0.392108291387558 0.359484791755676 0.348355054855347 0.334496229887009 0.347856819629669 0.31880110502243 0.297209858894348 0.318264752626419 0.349751591682434 0.357001036405563 0.242066115140915 0.207105472683907 0.178293734788895 0.157574787735939 0.168835625052452 0.234072998166084 0.253085434436798 0.200522422790527 0.18157634139061 0.162358596920967 0.151112526655197 0.164519876241684 0.219103813171387 0.193819999694824 0.224963754415512 0.258805155754089 0.365305513143539 0.473833680152893 0.592024147510529 0.683199226856232 0.683634459972382 0.697692453861237 0.6816685795784 0.681277096271515 0.679231762886047
0.367719382047653 0.35747879743576 0.357314884662628 0.350529670715332 0.429423093795776 0.408531546592712 0.4011170566082 0.39201682806015 0.35984393954277 0.353110104799271 0.34248760342598 0.335333615541458 0.311357915401459 0.306011617183685 0.29399374127388 0.286695241928101 0.28866246342659 0.292267978191376 0.310405433177948 0.261585801839828 0.270461887121201 0.273311704397202 0.221909508109093 0.205500945448875 0.262970834970474 0.319369196891785 0.325039744377136 0.270377188920975 0.247262462973595 0.239925861358643 0.205500677227974 0.166090682148933 0.131273210048676 0.154647693037987 0.186745256185532 0.315376222133636 0.431147038936615 0.547495543956757 0.623227775096893 0.654713332653046 0.658776998519897 0.656986474990845 0.646855890750885 0.622781336307526 0.623589098453522
