data/climate_estimation/maxent_output/Gagea_chlorantha.asc
NCOLS 276 
NROWS 164 
XLLCORNER 34 
YLLCORNER 29.6666666666667 
CELLSIZE 0.0833333333333333 
NODATA_value -3.4e+38 
[rows 57 to 75 of 164, columns 176 to 219 of 276]
0.00744286831468344 0.0146923763677478 0.0156692806631327 0.0160749666392803 0.0163390934467316 0.0168907716870308 0.0171518586575985 0.0173204112797976 0.0175947435200214 0.0174986366182566 0.0174806918948889 0.0178927928209305 0.0178004279732704 0.0179354827851057 0.018132857978344 0.0182363279163837 -3.4e+38 -3.4e+38 -3.4e+38 -3.4e+38 -3.4e+38 -3.4e+38 -3.4e+38 -3.4e+38 -3.4e+38 -3.4e+38 -3.4e+38 -3.4e+38 -3.4e+38 -3.4e+38 -3.4e+38 -3.4e+38 -3.4e+38 -3.4e+38 -3.4e+38 -3.4e+38 -3.4e+38 -3.4e+38 -3.4e+38 -3.4e+38 -3.4e+38 -3.4e+38 -3.4e+38 -3.4e+38
0.0078317616134882 0.0145840914919972 0.0151936858892441 0.0157493203878403 0.0163512919098139 0.0165812652558088 0.0167618673294783 0.0168449822813272 0.0173738189041615 0.0175332967191935 0.0171914733946323 0.0173699054867029 0.0177591051906347 0.0175230223685503 0.0180553924292326 0.0177849661558867 -3.4e+38 -3.4e+38 -3.4e+38 -3.4e+38 -3.4e+38 -3.4e+38 -3.4e+38 -3.4e+38 -3.4e+38 -3.4e+38 -3.4e+38 -3.4e+38 -3.4e+38 -3.4e+38 -3.4e+38 -3.4e+38 -3.4e+38 -3.4e+38 -3.4e+38 -3.4e+38 -3.4e+38 -3.4e+38 -3.4e+38 -3.4e+38 -3.4e+38 -3.4e+38 -3.4e+38 -3.4e+38
0.00641099875792861 0.0116488616913557 0.015596148557961 0.0156838931143284 0.0159560646861792 0.0162704456597567 0.0163592174649239 0.0166406892240047 0.0169342234730721 0.016970431432128 0.0171099379658699 0.0174947287887335 0.0173297263681889 0.0173928216099739 0.0176622495055199 0.0171206537634134 -3.4e+38 -3.4e+38 -3.4e+38 -3.4e+38 -3.4e+38 -3.4e+38 -3.4e+38 -3.4e+38 -3.4e+38 -3.4e+38 -3.4e+38 -3.4e+38 -3.4e+38 -3.4e+38 -3.4e+38 -3.4e+38 -3.4e+38 -3.4e+38 -3.4e+38 -3.4e+38 -3.4e+38 -3.4e+38 -3.4e+38 -3.4e+38 -3.4e+38 -3.4e+38 -3.4e+38 -3.4e+38
0.0076103531755507 0.00956603605300188 0.0150548284873366 0.0157394055277109 0.0158013086766005 0.0160307344049215 0.0164027847349644 0.0164576172828674 0.0162956099957228 0.0164894945919514 0.0171215012669563 0.017139907926321 0.0171340797096491 0.0168047491461039 0.0172616001218557 0.0168298836797476 -3.4e+38 -3.4e+38 -3.4e+38 -3.4e+38 -3.4e+38 -3.4e+38 -3.4e+38 -3.4e+38 -3.4e+38 -3.4e+38 -3.4e+38 -3.4e+38 -3.4e+38 -3.4e+38 -3.4e+38 -3.4e+38 -3.4e+38 -3.4e+38 -3.4e+38 -3.4e+38 -3.4e+38 -3.4e+38 -3.4e+38 -3.4e+38 -3.4e+38 -3.4e+38 -3.4e+38 -3.4e+38
0.00548036955296993 0.00711446953937411 0.0146111659705639 0.0160504430532455 0.0156421568244696 0.0161851868033409 0.0161720644682646 0.0160876959562302 0.0165430065244436 0.0164283122867346 0.0166502725332975 0.0167532488703728 0.0164623036980629 0.0167829375714064 0.0167773365974426 0.016763336956501 -3.4e+38 -3.4e+38 -3.4e+38 -3.4e+38 -3.4e+38 -3.4e+38 -3.4e+38 -3.4e+38 -3.4e+38 -3.4e+38 -3.4e+38 -3.4e+38 -3.4e+38 -3.4e+38 -3.4e+38 -3.4e+38 -3.4e+38 -3.4e+38 -3.4e+38 -3.4e+38 -3.4e+38 -3.4e+38 -3.4e+38 -3.4e+38 -3.4e+38 -3.4e+38 -3.4e+38 -3.4e+38
0.00561136426404119 0.00669336132705212 0.0122975585982203 0.0157519448548555 0.0156017560511827 0.0160608291625977 0.0158584304153919 0.0159909278154373 0.016138419508934 0.0160795655101538 0.0161743219941854 0.0164515115320683 0.0164833664894104 0.0164514128118753 0.0166655294597149 0.0166238490492105 -3.4e+38 -3.4e+38 -3.4e+38 -3.4e+38 -3.4e+38 -3.4e+38 -3.4e+38 -3.4e+38 -3.4e+38 -3.4e+38 -3.4e+38 -3.4e+38 -3.4e+38 -3.4e+38 -3.4e+38 -3.4e+38 -3.4e+38 -3.4e+38 -3.4e+38 -3.4e+38 -3.4e+38 -3.4e+38 -3.4e+38 -3.4e+38 -3.4e+38 -3.4e+38 -3.4e+38 -3.4e+38
0.00551783526316285 0.0100726056843996 0.0115749444812536 0.0157491732388735 0.0161740332841873 0.0158771425485611 0.0156892649829388 0.0157382544130087 0.0156677700579166 0.015749529004097 0.0160453841090202 0.0164377205073833 0.0158247388899326 0.0160184446722269 0.0162458438426256 0.0161017589271069 -3.4e+38 -3.4e+38 -3.4e+38 -3.4e+38 -3.4e+38 -3.4e+38 -3.4e+38 -3.4e+38 -3.4e+38 -3.4e+38 -3.4e+38 -3.4e+38 -3.4e+38 -3.4e+38 -3.4e+38 -3.4e+38 -3.4e+38 -3.4e+38 -3.4e+38 -3.4e+38 -3.4e+38 -3.4e+38 -3.4e+38 -3.4e+38 -3.4e+38 -3.4e+38 -3.4e+38 -3.4e+38
0.00572566408663988 0.00990696810185909 0.0114823542535305 0.0155759500339627 0.0157519169151783 0.0157658625394106 0.01581677980721 0.0157830026000738 0.0156822241842747 0.0160081312060356 0.0159287769347429 0.0158671271055937 0.0153908124193549 0.0154590299353004 0.0157332420349121 0.0159071143716574 0.0159307066351175 0.0157411824911833 0.0160981640219688 0.0156991258263588 0.0159907918423414 0.0157279893755913 0.0159651879221201 0.0159621946513653 0.0159836784005165 0.0157943945378065 0.0155452964827418 0.0158080607652664 -3.4e+38 -3.4e+38 -3.4e+38 -3.4e+38 -3.4e+38 -3.4e+38 -3.4e+38 -3.4e+38 -3.4e+38 -3.4e+38 -3.4e+38 -3.4e+38 -3.4e+38 -3.4e+38 -3.4e+38 -3.4e+38
0.00673963641747832 0.01169746927917 0.011534514836967 0.0151825342327356 0.0154278995469213 0.015991535037756 0.0158309899270535 0.0154691152274609 0.0154633140191436 0.0155986053869128 0.0155404880642891 0.0152217745780945 0.0157503578811884 0.0151225784793496 0.0153436753898859 0.0156565736979246 0.0151194464415312 0.0153583474457264 0.0157074760645628 0.0157846566289663 0.0156962480396032 0.0155765498057008 0.0155446166172624 0.0157454535365105 0.0153413480147719 0.0158002972602844 0.0157207958400249 0.0157032180577517 -3.4e+38 -3.4e+38 -3.4e+38 -3.4e+38 -3.4e+38 -3.4e+38 -3.4e+38 -3.4e+38 -3.4e+38 -3.4e+38 -3.4e+38 -3.4e+38 -3.4e+38 -3.4e+38 -3.4e+38 -3.4e+38
0.00862633902579546 0.00735028879716992 0.0109076993539929 0.0143207740038633 0.0156978666782379 0.0153780253604054 0.0154769998043776 0.0157564673572779 0.0152682038024068 0.0151532413437963 0.0152873061597347 0.0153802828863263 0.0152545934543014 0.0152415633201599 0.0152033260092139 0.0147953759878874 0.0149911539629102 0.0152869941666722 0.01522096991539 0.0154891088604927 0.0155644277110696 0.0152614843100309 0.0155791137367487 0.0153340315446258 0.0152506399899721 0.0154884569346905 0.0151056181639433 0.0152024058625102 -3.4e+38 -3.4e+38 -3.4e+38 -3.4e+38 -3.4e+38 -3.4e+38 -3.4e+38 -3.4e+38 -3.4e+38 -3.4e+38 -3.4e+38 -3.4e+38 -3.4e+38 -3.4e+38 -3.4e+38 -3.4e+38
0.00717602437362075 0.0103515991941094 0.00923592038452625 0.013015316799283 0.0150743816047907 0.0155501738190651 0.0153829799965024 0.0157235041260719 0.0150455860421062 0.0155694372951984 0.0151865994557738 0.0152244567871094 0.0154966339468956 0.0144279338419437 0.0145780174061656 0.0146946310997009 0.0150924297049642 0.0151535635814071 0.0149803683161736 0.0154475923627615 0.0154578862711787 0.015341873280704 0.0150414882227778 0.0152736576274037 0.0152615429833531 0.0152044324204326 0.0154409511014819 0.0152496797963977 -3.4e+38 -3.4e+38 -3.4e+38 -3.4e+38 -3.4e+38 -3.4e+38 -3.4e+38 -3.4e+38 -3.4e+38 -3.4e+38 -3.4e+38 -3.4e+38 -3.4e+38 -3.4e+38 -3.4e+38 -3.4e+38
0.00725489901378751 0.00842560827732086 0.011225008405745 0.00972309615463018 0.0139530720189214 0.0155641809105873 0.015643335878849 0.0157095100730658 0.0152221145108342 0.0152823468670249 0.0151100168004632 0.0148208718746901 0.014355756342411 0.0146485641598701 0.0146047296002507 0.0143212117254734 0.0143754361197352 0.0147758480161428 0.0147353736683726 0.0146590350195765 0.0147754391655326 0.0150316413491964 0.014808070845902 0.0149553436785936 0.014818949624896 0.0147378137335181 0.015047375112772 0.0148537158966064 -3.4e+38 -3.4e+38 -3.4e+38 -3.4e+38 -3.4e+38 -3.4e+38 -3.4e+38 -3.4e+38 -3.4e+38 -3.4e+38 -3.4e+38 -3.4e+38 -3.4e+38 -3.4e+38 -3.4e+38 -3.4e+38
0.0064141945913434 0.00923466682434082 0.0104619273915887 0.0128521900624037 0.011644103564322 0.0143543835729361 0.015902504324913 0.0155652761459351 0.0155998356640339 0.0155499232932925 0.0152402371168137 0.0143367685377598 0.0144928246736526 0.0142451943829656 0.0143938595429063 0.0147474892437458 0.0143847828730941 0.0148078007623553 0.0148401465266943 0.0147574171423912 0.0147633999586105 0.0147169921547174 0.0147126289084554 0.014757139608264 0.0147113408893347 0.0148698836565018 0.0148291224613786 0.0151916733011603 -3.4e+38 -3.4e+38 -3.4e+38 -3.4e+38 -3.4e+38 -3.4e+38 -3.4e+38 -3.4e+38 -3.4e+38 -3.4e+38 -3.4e+38 -3.4e+38 -3.4e+38 -3.4e+38 -3.4e+38 -3.4e+38
0.00700643658638 0.00743257068097591 0.0101670790463686 0.0119665199890733 0.0096279364079237 0.0142369111999869 0.0154824946075678 0.0157040748745203 0.0159867387264967 0.0155520355328918 0.0152386026456952 0.0142821436747909 0.0138341188430786 0.0140005387365818 0.0140726631507277 0.014394449070096 0.0146757327020168 0.0147582357749343 0.0145981777459383 0.0148498890921474 0.0144515438005328 0.0144707085564733 0.0148668475449085 0.0145994015038013 0.0147181684151292 0.0143882669508457 0.0145525308325887 0.0147022269666195 -3.4e+38 -3.4e+38 -3.4e+38 -3.4e+38 -3.4e+38 -3.4e+38 -3.4e+38 -3.4e+38 -3.4e+38 -3.4e+38 -3.4e+38 -3.4e+38 -3.4e+38 -3.4e+38 -3.4e+38 -3.4e+38
0.00788830686360598 0.00767620746046305 0.00931212119758129 0.0115006491541862 0.00938731618225574 0.0135070700198412 0.0149771356955171 0.015645258128643 0.0154340406879783 0.0148509489372373 0.0143774366006255 0.0137146590277553 0.0138698508962989 0.0138797666877508 0.0139486491680145 0.0144021324813366 0.0144013492390513 0.0143007664009929 0.0145362624898553 0.0143200559541583 0.0142343295738101 0.0145137943327427 0.0149104250594974 0.0144751910120249 0.0146839283406734 0.0143945124000311 0.0148247061297297 0.0144131379202008 -3.4e+38 -3.4e+38 -3.4e+38 -3.4e+38 -3.4e+38 -3.4e+38 -3.4e+38 -3.4e+38 -3.4e+38 -3.4e+38 -3.4e+38 -3.4e+38 -3.4e+38 -3.4e+38 -3.4e+38 -3.4e+38
0.0100236479192972 0.00976192485541105 0.00832742732018232 0.0111368596553802 0.013969168998301 0.0113008776679635 0.0142159247770905 0.0149559294804931 0.0148444399237633 0.0143434936180711 0.0136285405606031 0.0135207492858171 0.0135573232546449 0.0135509837418795 0.0142188780009747 0.0142268668860197 0.0140980137512088 0.0143168987706304 0.0142308063805103 0.0147841079160571 0.0145043348893523 0.0146322539076209 0.0148294614627957 0.0144517328590155 0.01473050378263 0.014312045648694 0.014164486899972 0.0143592683598399 -3.4e+38 -3.4e+38 -3.4e+38 -3.4e+38 -3.4e+38 -3.4e+38 -3.4e+38 -3.4e+38 -3.4e+38 -3.4e+38 -3.4e+38 -3.4e+38 -3.4e+38 -3.4e+38 -3.4e+38 -3.4e+38
0.0104476045817137 0.00867934990674257 0.00732062989845872 0.00929567776620388 0.0112961903214455 0.00950966030359268 0.0125337652862072 0.0137515012174845 0.0140902120620012 0.0139279663562775 0.0130912261083722 0.0134615786373615 0.0134270871058106 0.0136072169989347 0.0138603681698442 0.0139221623539925 0.0136376889422536 0.0141446851193905 0.0144573068246245 0.0144201098009944 0.0146996648982167 0.0144175160676241 0.0147185893729329 0.0144730908796191 0.0143065294250846 0.0145754758268595 0.0142143359407783 0.0143691366538405 -3.4e+38 -3.4e+38 -3.4e+38 -3.4e+38 -3.4e+38 -3.4e+38 -3.4e+38 -3.4e+38 -3.4e+38 -3.4e+38 -3.4e+38 -3.4e+38 -3.4e+38 -3.4e+38 -3.4e+38 -3.4e+38
0.0113941906020045 0.0114337112754583 0.0107549810782075 0.00857599545270205 0.0116049824282527 0.0129091702401638 0.0101941926404834 0.0120795983821154 0.0129522876814008 0.0130367344245315 0.012377405539155 0.0126969888806343 0.0132623687386513 0.0131857534870505 0.0129471020773053 0.0114560704678297 0.012409427203238 0.0131006352603436 0.014122367836535 0.0143303982913494 0.0145673509687185 0.0145543189719319 0.0145662762224674 0.0143290841951966 0.0144455507397652 0.0142639297991991 0.0144230611622334 0.0144082186743617 -3.4e+38 -3.4e+38 -3.4e+38 -3.4e+38 -3.4e+38 -3.4e+38 -3.4e+38 -3.4e+38 -3.4e+38 -3.4e+38 -3.4e+38 -3.4e+38 -3.4e+38 -3.4e+38 -3.4e+38 -3.4e+38
0.0119086625054479 0.0126149570569396 0.0118682840839028 0.00977860111743212 0.0104341162368655 0.0115118520334363 0.0132198911160231 0.015776140615344 0.0114363813772798 0.0110961571335793 0.0110055496916175 0.0118628926575184 0.0114767700433731 0.0108508607372642 0.0097212390974164 0.0144217889755964 0.00986435543745756 0.00977232865989208 0.0118553582578897 0.0134796248748899 0.013619595207274 0.0144164366647601 0.0149382976815104 0.0147429145872593 0.0143258310854435 0.0145653737708926 0.0141804087907076 0.0141415232792497 -3.4e+38 -3.4e+38 -3.4e+38 -3.4e+38 -3.4e+38 -3.4e+38 -3.4e+38 -3.4e+38 -3.4e+38 -3.4e+38 -3.4e+38 -3.4e+38 -3.4e+38 -3.4e+38 -3.4e+38 -3.4e+38
