data/climate_estimation/maxent_output/Gagea_commutata.asc
NCOLS 135 
NROWS 142 
XLLCORNER 34.25 
YLLCORNER 30.1666666666667 
CELLSIZE 0.0833333333333333 
NODATA_value -3.4e+38 
[rows 0 to 19 of 142, columns 0 to 43 of 135]
0.004615855403244 0.00494843209162354 0.00584867037832737 0.00422502076253295 0.00476283021271229 0.00476814294233918 0.00484273629263043 0.00490239076316357 0.00497575476765633 0.00512723159044981 0.0053519569337368 -3.4e+38 -3.4e+38 -3.4e+38 -3.4e+38 -3.4e+38 -3.4e+38 -3.4e+38 -3.4e+38 -3.4e+38 -3.4e+38 -3.4e+38 -3.4e+38 -3.4e+38 -3.4e+38 -3.4e+38 -3.4e+38 -3.4e+38 -3.4e+38 -3.4e+38 -3.4e+38 -3.4e+38 -3.4e+38 -3.4e+38 -3.4e+38 -3.4e+38 -3.4e+38 -3.4e+38 -3.4e+38 -3.4e+38 -3.4e+38 -3.4e+38 -3.4e+38 -3.4e+38
0.00341041386127472 0.00383579661138356 0.00434879353269935 0.00469466112554073 0.00472807325422764 0.00453594699501991 0.0041829589754343 0.00485850172117352 0.00557171227410436 0.00663713412359357 0.00496028270572424 -3.4e+38 -3.4e+38 -3.4e+38 -3.4e+38 -3.4e+38 -3.4e+38 -3.4e+38 -3.4e+38 -3.4e+38 -3.4e+38 -3.4e+38 -3.4e+38 -3.4e+38 -3.4e+38 -3.4e+38 -3.4e+38 -3.4e+38 -3.4e+38 -3.4e+38 -3.4e+38 -3.4e+38 -3.4e+38 -3.4e+38 -3.4e+38 -3.4e+38 -3.4e+38 -3.4e+38 -3.4e+38 -3.4e+38 -3.4e+38 -3.4e+38 -3.4e+38 -3.4e+38
0.00249429303221405 0.00250274152494967 0.00258873635903001 0.00262124976143241 0.0027343463152647 0.00292963976971805 0.0028199574444443 0.0029320097528398 0.00352813140489161 0.00430058175697923 0.00527426926419139 0.00592642789706588 -3.4e+38 -3.4e+38 -3.4e+38 -3.4e+38 -3.4e+38 -3.4e+38 -3.4e+38 -3.4e+38 -3.4e+38 -3.4e+38 -3.4e+38 -3.4e+38 -3.4e+38 -3.4e+38 -3.4e+38 -3.4e+38 -3.4e+38 -3.4e+38 -3.4e+38 -3.4e+38 -3.4e+38 -3.4e+38 -3.4e+38 -3.4e+38 -3.4e+38 -3.4e+38 -3.4e+38 -3.4e+38 -3.4e+38 -3.4e+38 -3.4e+38 -3.4e+38
0.0026905913837254 0.00258625345304608 0.00253702374175191 0.0027466791216284 0.00267207156866789 0.00264416029676795 0.00264827441424131 0.00251279771327972 0.00255378358997405 0.00258859200403094 0.00301748816855252 0.00354159809648991 0.00491809751838446 0.00586699135601521 0.00679869344457984 -3.4e+38 -3.4e+38 -3.4e+38 0.00638913968577981 0.00605663564056158 0.00420919712632895 0.0059526520781219 -3.4e+38 -3.4e+38 -3.4e+38 -3.4e+38 -3.4e+38 -3.4e+38 -3.4e+38 -3.4e+38 -3.4e+38 -3.4e+38 -3.4e+38 -3.4e+38 -3.4e+38 -3.4e+38 -3.4e+38 -3.4e+38 -3.4e+38 -3.4e+38 -3.4e+38 -3.4e+38 -3.4e+38 -3.4e+38
0.00227781431749463 0.00265956739895046 0.00278359442017972 0.00292165647260845 0.00293721351772547 0.00241205561906099 0.00267348228953779 0.00267599592916667 0.00263517186976969 0.00264112441800535 0.00244067958556116 0.00289710168726742 0.00323058501817286 0.00330437324009836 0.00455489987507463 0.0054639270529151 0.00600614491850138 0.00619022222235799 0.00643545994535089 0.00637955544516444 0.00595671683549881 0.00578428013250232 0.00583771057426929 -3.4e+38 -3.4e+38 -3.4e+38 -3.4e+38 -3.4e+38 -3.4e+38 -3.4e+38 -3.4e+38 -3.4e+38 -3.4e+38 -3.4e+38 -3.4e+38 -3.4e+38 -3.4e+38 -3.4e+38 -3.4e+38 -3.4e+38 -3.4e+38 -3.4e+38 -3.4e+38 -3.4e+38
0.00206682062707841 0.00244669103994966 0.0025940400082618 0.00248334091156721 0.00228567630983889 0.00372854131273925 0.00371135189197958 0.002985505387187 0.00252645672298968 0.00241766567341983 0.00259752618148923 0.00231362786144018 0.00243434868752956 0.0024287176784128 0.00250154593959451 0.00302730873227119 0.00395823176950216 0.0050355875864625 0.0055925496853888 0.00577907916158438 0.00578311830759048 0.00565111637115479 0.0057564084418118 -3.4e+38 -3.4e+38 -3.4e+38 -3.4e+38 -3.4e+38 -3.4e+38 -3.4e+38 -3.4e+38 -3.4e+38 -3.4e+38 -3.4e+38 -3.4e+38 -3.4e+38 -3.4e+38 -3.4e+38 -3.4e+38 -3.4e+38 -3.4e+38 -3.4e+38 -3.4e+38 -3.4e+38
0.00212101684883237 0.0024408265016973 0.00256386282853782 0.00228111702017486 0.0021222485229373 0.0024171092081815 0.00306799309328198 0.00322206458076835 0.00287821632809937 0.00262072240002453 0.00240407465025783 0.00246990658342838 0.00268235011026263 0.00265892851166427 0.00295522878877819 0.00262296735309064 0.00244209659285843 0.00332369422540069 0.00494940672069788 0.00563772721216083 0.00517592066898942 0.00519517529755831 0.00526496069505811 0.00511751789599657 -3.4e+38 -3.4e+38 -3.4e+38 -3.4e+38 -3.4e+38 -3.4e+38 -3.4e+38 -3.4e+38 -3.4e+38 -3.4e+38 -3.4e+38 -3.4e+38 -3.4e+38 -3.4e+38 -3.4e+38 -3.4e+38 -3.4e+38 -3.4e+38 -3.4e+38 -3.4e+38
0.00267429067753255 0.00271446630358696 0.00248799659311771 0.00251121586188674 0.00230479729361832 0.00203690933994949 0.00243686628527939 0.00260959169827402 0.00239183567464352 0.00256072403863072 0.00280361482873559 0.00218262779526412 0.00253399694338441 0.00232572946697474 0.00235478160902858 0.00238164234906435 0.00262732594273984 0.0027834689244628 0.00361616513691843 0.00367951719090343 0.00285269599407911 0.00306001421995461 0.00412324862554669 0.0050987983122468 0.00506259361281991 -3.4e+38 -3.4e+38 -3.4e+38 0.00472184317186475 0.00326540460810065 0.00322638149373233 0.00319876265712082 -3.4e+38 -3.4e+38 -3.4e+38 -3.4e+38 -3.4e+38 -3.4e+38 -3.4e+38 -3.4e+38 -3.4e+38 -3.4e+38 -3.4e+38 -3.4e+38
0.00308980117551982 0.00333595904521644 0.00309150968678296 0.00285123684443533 0.00264809257350862 0.00211886200122535 0.00211416510865092 0.00230164267122746 0.0023707365617156 0.00210545677691698 0.00205962406471372 0.00255898176692426 0.00217363447882235 0.00218686833977699 0.00300224288366735 0.00348209519870579 0.00232760119251907 0.00250958721153438 0.00236225454136729 0.0026687381323427 0.00262354733422399 0.00262112286873162 0.00333974929526448 0.00461973808705807 0.00489684147760272 0.00482967402786016 -3.4e+38 0.0049518346786499 0.00498017342761159 0.00475337821990252 0.00340473442338407 0.00322838104330003 0.00320964166894555 0.00319534703157842 -3.4e+38 -3.4e+38 -3.4e+38 -3.4e+38 -3.4e+38 -3.4e+38 -3.4e+38 -3.4e+38 -3.4e+38 -3.4e+38
0.00336542446166277 0.00334057351574302 0.00325791980139911 0.0031744921579957 0.00297358678653836 0.00297473510727286 0.00238720863126218 0.00199196301400661 0.00255325366742909 0.00239556469023228 0.00204472546465695 0.00218844600021839 0.0029291904065758 0.002872264245525 0.00245197745971382 0.00239437958225608 0.00250586192123592 0.0025001335889101 0.00257357698865235 0.00255004107020795 0.00252798153087497 0.00263297883793712 0.00302377576008439 0.0037504022475332 0.00424564024433494 0.00436857994645834 0.00490847788751125 0.0049765482544899 0.00501384120434523 0.00483050150796771 0.0032848094124347 0.00340976659208536 0.00324947969056666 0.00337457214482129 -3.4e+38 -3.4e+38 -3.4e+38 -3.4e+38 -3.4e+38 -3.4e+38 -3.4e+38 -3.4e+38 -3.4e+38 -3.4e+38
0.00265682488679886 0.00204453454352915 0.00174445332959294 0.00178075768053532 0.00192966847680509 0.00181407399941236 0.00182959961239249 0.00272274413146079 0.003105194773525 0.00299919792450964 0.00223522889427841 0.00214574229903519 0.00202766316942871 0.00200860272161663 0.00194385088980198 0.00199788459576666 0.00211928063072264 0.00236532813869417 0.00261995079927146 0.00267374911345541 0.00252941227518022 0.00248568528331816 0.00281691201962531 0.00287134503014386 0.00300301983952522 0.00318099977448583 0.00408302387222648 0.00495040137320757 0.00482644094154239 0.00482269516214728 0.00503795826807618 0.00485905027016997 0.00458893505856395 0.0043685445562005 0.00309233530424535 0.00319772632792592 0.00302482489496469 0.00314161879941821 -3.4e+38 -3.4e+38 0.00278913020156324 0.00281448988243937 0.0028378504794091 -3.4e+38
0.00193233578465879 0.00269344379194081 0.00216594617813826 0.00199273624457419 0.00182613520883024 0.00192493863869458 0.00230294815264642 0.00237009953707457 0.00246417312882841 0.00254845037125051 0.00279915402643383 0.00317222671583295 0.00309061910957098 0.00299733132123947 0.00249734171666205 0.00230412418022752 0.00231781764887273 0.00228606234304607 0.00240122410468757 0.00255307997576892 0.00251248758286238 0.00239458540454507 0.00262932828627527 0.00263423984870315 0.00278508383780718 0.00327738793566823 0.00361775094643235 0.00402200454846025 0.00468215253204107 0.00473077269271016 0.0044985581189394 0.00439915247261524 0.00436716387048364 0.00426621735095978 0.00447871070355177 0.00439470633864403 0.00429381337016821 0.00427282555028796 0.00305946660228074 0.00313213723711669 0.0028790810611099 0.00378029374405742 0.0028277134988457 0.00278425961732864
0.00318192248232663 0.0033672652207315 0.00269419490359724 0.00231183785945177 0.0017974111251533 0.00180094188544899 0.00173339201137424 0.00158842361997813 0.0020475210621953 0.00254886737093329 0.00258740712888539 0.00300874351523817 0.00320269213989377 0.00347552471794188 0.00307631748728454 0.00273368367925286 0.0023389991838485 0.0023585744202137 0.00254363939166069 0.00260823615826666 0.00264454609714448 0.00269021186977625 0.00274590379558504 0.00275787780992687 0.0026979201938957 0.0027819131501019 0.00286423694342375 0.00320946285501122 0.00451575824990869 0.00359739176928997 0.00342013104818761 0.00392931699752808 0.00403065141290426 0.00415762281045318 0.00425979401916265 0.00436378177255392 0.00428972067311406 0.00419601704925299 0.00424944842234254 0.00309303542599082 0.00404641218483448 0.00382393202744424 0.00401381636038423 0.00283237709663808
0.00290891178883612 0.00252887862734497 0.00225603091530502 0.00212402828037739 0.00268622674047947 0.00267613423056901 0.00192555773537606 0.0016103625530377 0.00224727112799883 0.00299770850688219 0.00313436589203775 0.00230157165788114 0.00239023566246033 0.00252615450881422 0.00239932653494179 0.00227341870777309 0.00237910472787917 0.00245543988421559 0.00268725235946476 0.0029044256079942 0.00312411598861217 0.00291474000550807 0.00289653846994042 0.00273726717568934 0.00276594585739076 0.00290643400512636 0.00323979184031487 0.00299361580982804 0.0034376815892756 0.00425494601950049 0.00313637428916991 0.00326407025568187 0.00356027670204639 0.00348003045655787 0.00397598836570978 0.00389190553687513 0.00425797421485186 0.00431095343083143 0.00431015016511083 0.00411699060350657 0.00405855430290103 0.00404943944886327 0.00406234106048942 0.00405962811782956
0.00307654985226691 0.00262797460891306 0.00254499982111156 0.00275914138182998 0.00293199927546084 0.00238294852897525 0.001988235861063 0.00186961167491972 0.00194488128181547 0.00232582236640155 0.00272808712907135 0.00233517540618777 0.00216155312955379 0.00217275973409414 0.00188771309331059 0.00187912583351135 0.00169256201479584 0.00180568965151906 0.00242537073791027 0.00324882683344185 0.00330066867172718 0.00280464952811599 0.00275217345915735 0.0025367948692292 0.0028839239384979 0.0033572749234736 0.00358913955278695 0.00306670623831451 0.00299875647760928 0.00310352817177773 0.00334554119035602 0.00332195265218616 0.00341498223133385 0.00366664631292224 0.00366312614642084 0.00372714875265956 0.00404648762196302 0.00417096726596355 0.00426039751619101 0.00413370318710804 0.00423388369381428 0.00424385070800781 0.00405041314661503 0.00395949464291334
0.00273534818552434 0.00231539621017873 0.00197092536836863 0.00211839214898646 0.00233760895207524 0.001945213181898 0.00280668423511088 0.0028062928467989 0.00267946138046682 0.00305884913541377 0.00292301317676902 0.00278664915822446 0.00256666890345514 0.00230506178922951 0.00218906975351274 0.00210152962245047 0.00186280382331461 0.00185218011029065 0.00189166166819632 0.00226747966371477 0.00224438984878361 0.00278668943792582 0.00252297567203641 0.00289358268491924 0.00287556205876172 0.00328216119669378 0.00398355023935437 0.00484776915982366 0.00452469429001212 0.00326706748455763 0.00312435044907033 0.00333717768080533 0.00329394964501262 0.00351267913356423 0.00375143787823617 0.00394390383735299 0.00389208295382559 0.00399762252345681 0.0041314410045743 0.00439883675426245 0.00429081683978438 0.00428184401243925 0.00414715334773064 0.00395579868927598
0.00177966465707868 0.00163778499700129 0.00144992023706436 0.00133735744748265 0.00165987189393491 0.00213080458343029 0.00301674520596862 0.00228145183064044 0.00232361839152873 0.00279080937616527 0.00268807983957231 0.00244218180887401 0.00232653180137277 0.00250940700061619 0.00234527024440467 0.00205270294100046 0.0017124522710219 0.00170179340057075 0.00170224765315652 0.00243334821425378 0.00259547797031701 0.00258129020221531 0.00275558768771589 0.00284511735662818 0.0031713112257421 0.00284515065141022 0.00281298393383622 0.00320940581150353 0.00365595589391887 0.00369484769180417 0.00499101169407368 0.00477372342720628 0.00334973447024822 0.00352376559749246 0.00385084678418934 0.00392423989251256 0.00394658511504531 0.00392526527866721 0.00438464479520917 0.00434047635644674 0.00432129437103868 0.00429633026942611 0.00441290810704231 0.00384381273761392
0.00128161848988384 0.00117655459325761 0.00146341312211007 0.00166075141169131 0.00167646317277104 0.00234215357340872 0.00249017309397459 0.00205410248599946 0.00209352746605873 0.00260038394480944 0.00258739944547415 0.00242632138542831 0.00223739119246602 0.00211994862183928 0.00227853725664318 0.00155342591460794 0.00124024727847427 0.00142327172216028 0.00162043503951281 0.0021175139117986 0.00226573226973414 0.00245832838118076 0.00261728093028069 0.00282533536665142 0.0028212817851454 0.00293745216913521 0.00288624269887805 0.00290130591019988 0.00300867739133537 0.00302861211821437 0.00304276985116303 0.00449864473193884 0.00509348884224892 0.00342223676852882 0.00383285479620099 0.00377327459864318 0.00393726723268628 0.00401514070108533 0.00400430848821998 0.00401697354391217 0.00424739625304937 0.00447775796055794 0.00406016642227769 0.00366805866360664
0.00134064047597349 0.001519909594208 0.00183198333252221 0.00201219646260142 0.00227839732542634 0.00210778787732124 0.00200305646285415 0.00183097610715777 0.00188614090438932 0.00221761874854565 0.00269555929116905 0.00267003895714879 0.00230090436525643 0.00209993473254144 0.00216042203828692 0.00155683781486005 0.00137167400680482 0.00187037570867687 0.00227639777585864 0.00241492036730051 0.00248780404217541 0.00241054780781269 0.00241934671066701 0.00267388974316418 0.00262042810209095 0.00267870654352009 0.00292186043225229 0.00320196780376136 0.00308702629990876 0.00295634916983545 0.00296218646690249 0.00310763018205762 0.00336657161824405 0.00351546099409461 0.00351382605731487 0.00339614506810904 0.00348961423151195 0.00403161998838186 0.00401775119826198 0.00388636463321745 0.00389978336170316 0.00430017570033669 0.00421785423532128 0.00377656333148479
0.00159601622726768 0.00209688395261765 0.00255208346061409 0.0025380402803421 0.00225119129754603 0.00202848226763308 0.00209343200549483 0.00232486170716584 0.00221437588334084 0.00187389610800892 0.00204491708427668 0.00195011810865253 0.00210948404856026 0.0022672233171761 0.00182089407462627 0.0015733620384708 0.00208328198641539 0.00224494794383645 0.00251538376323879 0.00265258806757629 0.00241181463934481 0.00244676717557013 0.00247679720632732 0.00247681094333529 0.00259356619790196 0.002710928209126 0.0027919290587306 0.00276434887200594 0.00269472482614219 0.00285834120586514 0.0029487544670701 0.00295687303878367 0.00318967993371189 0.00311021599918604 0.00334182078950107 0.00340288947336376 0.00354396202601492 0.00377583992667496 0.00391571596264839 0.00359965534880757 0.00361152994446456 0.00357903842814267 0.00344604696147144 0.00327948573976755
