data/climate_estimation/maxent_output/Gagea_chlorantha.asc
NCOLS 276 
NROWS 164 
XLLCORNER 34 
YLLCORNER 29.6666666666667 
CELLSIZE 0.0833333333333333 
NODATA_value -3.4e+38 
[rows 76 to 94 of 164, columns 220 to 263 of 276]
0.0166178662329912 0.0169763062149286 0.0179563201963902 0.0187589954584837 0.018459664657712 0.0185881443321705 0.0191977974027395 0.0198395363986492 0.0198463294655085 0.0199141819030046 0.0197213795036077 0.0196525324136019 0.027160132303834 0.0272326488047838 0.027256416156888 0.0263834241777658 0.0250724125653505 0.0246246512979269 0.0231370311230421 0.0229906719177961 0.0227076932787895 0.0215051211416721 0.0209948681294918 0.021071283146739 0.0202260781079531 0.0200367197394371 0.0202048700302839 0.0204480942338705 0.0200330279767513 0.0220843479037285 0.0219079572707415 0.0230241902172565 0.023867879062891 0.0237935930490494 0.0156535375863314 0.018015680834651 0.0159482602030039 0.0151086812838912 0.0123813301324844 0.00863836146891117 0.0107630090788007 0.012154296040535 0.0136537607759237 0.0126199834048748
0.016745975241065 0.0174130611121655 0.018186628818512 0.0190544296056032 0.0190883353352547 0.0187622364610434 0.0190667249262333 0.0193904731422663 0.0191252529621124 0.0196519736200571 0.0188431926071644 0.0189912132918835 0.0268270038068295 0.0274184439331293 0.0254401620477438 0.0258616544306278 0.0253985244780779 0.0247818119823933 0.0234191846102476 0.0224285088479519 0.0217299424111843 0.0210979841649532 0.0207739230245352 0.0209484845399857 0.0208775885403156 0.0196271110326052 0.0202172920107841 0.020484222099185 0.0219979360699654 0.0219054780900478 0.0225567650049925 0.0249730665236712 0.0147527735680342 0.0141848782077432 0.0122054126113653 0.00987135898321867 0.0109729254618287 0.0126496786251664 0.0105211073532701 0.0105137694627047 0.0120274731889367 0.0140435108914971 0.0143374251201749 0.0128458207473159
0.0161335654556751 0.017307611182332 0.0185649301856756 0.0194943714886904 0.0199621114879847 0.0195131171494722 0.0190025065094233 0.019199326634407 0.0188999343663454 0.01885243691504 0.018935639411211 0.0187695454806089 0.027482507750392 0.0269416216760874 0.0251480340957642 0.0257005598396063 0.0241953767836094 0.0240870416164398 0.0232613049447536 0.0218556392937899 0.0207710210233927 0.0209953673183918 0.0196691267192364 0.0203790888190269 0.0205666106194258 0.0214331429451704 0.0215096585452557 0.0227687451988459 0.0187306832522154 0.017921069636941 0.010196290910244 0.0130744064226747 0.0153038082644343 0.00868396367877722 0.00717734359204769 0.00797060038894415 0.00911957770586014 0.0106586394831538 0.011357618495822 0.0136224608868361 0.0133385760709643 0.0138026122003794 0.0136893792077899 0.013605285435915
0.0164794921875 0.0170825757086277 0.0188469868153334 0.020030478015542 0.0199208483099937 0.0198940150439739 0.0190482791513205 0.0192780159413815 0.0190716814249754 0.0191087573766708 0.018608907237649 0.0188596583902836 0.0255794879049063 0.0251102074980736 0.0241811573505402 0.023659136146307 0.0228096097707748 0.0223318934440613 0.0218574739992619 0.0212109982967377 0.0195655561983585 0.0172948855906725 0.0141198690980673 0.0149921663105488 0.0141441477462649 0.0134920421987772 0.0105243492871523 0.00778163271024823 0.00616167159751058 0.00907956343144178 0.00767440954223275 0.00675507541745901 0.0073934537358582 0.00809578131884336 0.00896966643631458 0.00917494017630816 0.0101149622350931 0.0111105348914862 0.0143070220947266 0.0149652874097228 0.0157059784978628 0.0141744650900364 0.0139645161107183 0.0139229148626328
0.0158436950296164 0.0165871530771255 0.0178900714963675 0.019248491153121 0.0191229358315468 0.0191444382071495 0.0187926273792982 0.0186149701476097 0.0188390407711267 0.0183470193296671 0.0183609630912542 0.0256695318967104 0.02311896905303 0.0217442493885756 0.0186198949813843 0.0167883429676294 0.0150658246129751 0.0135259330272675 0.0142069440335035 0.0114208208397031 0.00922353006899357 0.00718601839616895 0.00659263739362359 0.00618456676602364 0.00580825610086322 0.00555920181795955 0.00594258308410645 0.00537573453038931 0.00360700231976807 0.00365990959107876 0.00564516428858042 0.00660012383013964 0.00774527154862881 0.00808564480394125 0.00845949351787567 0.0103467823937535 0.0121603272855282 0.0142554081976414 0.0154305137693882 0.0154315596446395 0.0146290780976415 0.014066269621253 0.0133283622562885 0.0132531188428402
0.0149795264005661 0.0160770658403635 0.0168346371501684 0.017650006338954 0.0178689993917942 0.0184020157903433 0.018170952796936 0.0186421032994986 0.0176841747015715 0.0179684869945049 0.0225574094802141 0.022183595225215 0.0218018051236868 0.0206383336335421 0.0186251569539309 0.0163405034691095 0.0142466304823756 0.00960583612322807 0.00890273507684469 0.00659540621563792 0.00600101426243782 0.00582085736095905 0.00641365675255656 0.00571642303839326 0.00535571668297052 0.00351547379978001 0.00509872101247311 0.0050816428847611 0.00566482683643699 0.00571264186874032 0.00712673692032695 0.00738175306469202 0.00746709061786532 0.00764195946976542 0.00817485339939594 0.010938816703856 0.0123827746137977 0.0127109615132213 0.0148844104260206 0.0146849388256669 0.014271916821599 0.0142823038622737 0.0139386942610145 0.0125075299292803
0.0139792691916227 0.0148222604766488 0.016156654804945 0.016628835350275 0.0169326048344374 0.0176890902221203 0.0175567772239447 0.017211951315403 0.0221926439553499 0.0225195121020079 0.0209940243512392 0.0203057266771793 0.0195146296173334 0.0159083604812622 0.01495729573071 0.0130697647109628 0.0130119398236275 0.00776436366140842 0.00652302615344524 0.0057786195538938 0.00481028528884053 0.00521716196089983 0.00562712643295527 0.00529413251206279 0.00345512363128364 0.00347293796949089 0.00517171900719404 0.00559433689340949 0.00545419892296195 0.00594337191432714 0.00591841759160161 0.00685129407793283 0.00671663554385304 0.00788652524352074 0.00792093016207218 0.00899018533527851 0.00929984170943499 0.0120162712410092 0.0137312822043896 0.0138914892449975 0.013598820194602 0.0135955391451716 0.0129592278972268 0.0101551599800587
0.0132682416588068 0.0139551125466824 0.0151048293337226 0.0155773442238569 0.0159457605332136 0.0163603853434324 0.0160940624773502 0.0214184671640396 0.0205114241689444 0.0208624880760908 0.0203804317861795 0.0192933529615402 0.0161847546696663 0.0134648103266954 0.0121629908680916 0.00658632256090641 0.00580236362293363 0.00540769658982754 0.00518405670300126 0.00478365924209356 0.00520166894420981 0.00543749937787652 0.00551083590835333 0.00526310922577977 0.00501659652218223 0.005169159732759 0.00558761181309819 0.00549076590687037 0.00527389440685511 0.00558346835896373 0.00664868205785751 0.00721657229587436 0.00790190696716309 0.00665099127218127 0.00614780280739069 0.00664560357108712 0.00706057203933597 0.00806599482893944 0.00949914567172527 0.00888083036988974 0.009147759526968 0.00900685228407383 0.0097671952098608 0.0093104150146246
0.0179268401116133 0.018118292093277 0.0195683445781469 0.0201215092092752 0.0205304995179176 0.0213178768754005 0.0205588024109602 0.0195132046937943 0.0183741822838783 0.0183528419584036 0.0194588024169207 0.0160993449389935 0.0155781330540776 0.0121389348059893 0.00987989455461502 0.0069177127443254 0.00547180883586407 0.00546854035928845 0.0050614015199244 0.00447636703029275 0.00477512972429395 0.0058790473267436 0.00502669718116522 0.00590519001707435 0.0069088046438992 0.00850835349410772 0.00849088188260794 0.00897581782191992 0.00945573672652245 0.00874190870672464 0.00874656066298485 0.00763210467994213 0.00644332403317094 0.00586793385446072 0.00596546800807118 0.00604905420914292 0.00664410647004843 0.00653818622231483 0.0071543687954545 0.00719295023009181 0.00752612575888634 0.0080675296485424 0.00867499783635139 0.010380513034761
0.0140125751495361 0.0111971786245704 0.0134223941713572 0.0176591295748949 0.0187142994254827 0.0203265454620123 0.0188173279166222 0.0192027166485786 0.0169323720037937 0.0126719418913126 0.0122277699410915 0.016054593026638 0.0130945378914475 0.00989658292382956 0.00503135845065117 0.00468978565186262 0.00450105126947165 0.0045204246416688 0.00426985416561365 0.00418464187532663 0.00450936937704682 0.00429678568616509 0.00690509006381035 0.00842846743762493 0.0103543354198337 0.0116831064224243 0.0121408896520734 0.0125150410458446 0.0117500303313136 0.00980412773787975 0.00801614206284285 0.00594080565497279 0.00567921018227935 0.00493940617889166 0.00539986230432987 0.00547397136688232 0.00589763419702649 0.00629437109455466 0.00658450601622462 0.00633820984512568 0.00703783938661218 0.00789214298129082 0.00919946376234293 0.00990312360227108
0.00809094496071339 0.0050610676407814 0.0051823235116899 0.00703314645215869 0.0069291484542191 0.00788466166704893 0.00788434967398643 0.0124355386942625 0.0136350421234965 0.0107204401865602 0.00884266290813684 0.0123728578910232 0.00631744973361492 0.0041197445243597 0.00425331946462393 0.00415169866755605 0.00371579243801534 0.00339608662761748 0.00386914447881281 0.00399169092997909 0.00393060874193907 0.0058134263381362 0.00915585458278656 0.00944098830223083 0.0099804000928998 0.0101824374869466 0.0108304107561707 0.010833477601409 0.0120413117110729 0.00974631030112505 0.00901283044368029 0.0081225885078311 0.00709346868097782 0.00651175435632467 0.00670835608616471 0.00554663175716996 0.00579958222806454 0.0056295907124877 0.00589444627985358 0.00611878605559468 0.00672545889392495 0.00775040406733751 0.00873326603323221 0.00846918858587742
0.00484874285757542 0.00440468173474073 0.00438047759234905 0.00270233070477843 0.00422007264569402 0.00405393075197935 0.00380682409740984 0.00628790725022554 0.00820291880518198 0.00517548667266965 0.00353498733602464 0.00378369935788214 0.00372871966101229 0.0035714665427804 0.0035605919547379 0.00350659224204719 0.00364459189586341 0.00343035883270204 0.00359632284380496 0.00360588310286403 0.00502011831849813 0.00667082611471415 0.00769900949671865 0.00886388216167688 0.00948457326740026 0.0101896142587066 0.00917565356940031 0.0100347092375159 0.0100551685318351 0.00912322103977203 0.00970548298209906 0.00868013501167297 0.00844975933432579 0.00733111100271344 0.00708925956860185 0.00545041635632515 0.00517449527978897 0.00539198704063892 0.0052604484371841 0.00564502831548452 0.00661891745403409 0.00759406061843038 0.00723490118980408 0.00738990912213922
0.0265694074332714 0.0262642875313759 0.0265264566987753 0.0254736263304949 0.00409894715994596 0.00412852875888348 0.00363281765021384 0.00314495316706598 0.00330537161789834 0.00299863470718265 0.00350532541051507 0.00233920966275036 0.0036479476839304 0.00357408588752151 0.00349145941436291 0.00323867471888661 0.00329591240733862 0.00289902114309371 0.00296943751163781 0.00358657259494066 0.00449245609343052 0.00529328547418118 0.00610753381624818 0.00709533505141735 0.00748334592208266 0.00768270203843713 0.00859245285391808 0.00841277278959751 0.00821576546877623 0.00823164265602827 0.00817234721034765 0.00774854701012373 0.00819467566907406 0.00707347318530083 0.00704991305246949 0.00626494130119681 0.00559417903423309 0.00506373774260283 0.00538090523332357 0.0057139853015542 0.00663239415735006 0.00650401832535863 0.00603114301338792 0.00641466816887259
0.0235664006322622 0.0223136097192764 0.0329925008118153 0.0323456823825836 0.00352347106672823 0.00324362143874168 0.00353583297692239 0.00285112019628286 0.00357059948146343 0.00275318557396531 0.00303844921290874 0.00302825286053121 0.0031968739349395 0.00330047705210745 0.00255105854012072 0.00246932054869831 0.00227174395695329 0.00227475655265152 0.00263224309310317 0.00277717225253582 0.00311510683968663 0.00391335878521204 0.00487323151901364 0.00588915590196848 0.00679055135697126 0.00702613778412342 0.00701823271811008 0.00767347868531942 0.00694834208115935 0.00694628292694688 0.00793750211596489 0.00764746032655239 0.0068807564675808 0.00698430091142654 0.00677532982081175 0.00655666459351778 0.00570962205529213 0.00487857218831778 0.00568713713437319 0.00639398349449039 0.00568573828786612 0.00590581586584449 0.0054560680873692 0.00602884171530604
0.0188460312783718 0.00329416710883379 0.00266653811559081 0.00280926004052162 0.00250079622492194 0.0022449204698205 0.00248075765557587 0.00279698893427849 0.0277991928160191 0.0281326770782471 0.00297407037578523 0.00281405472196639 0.00224278471432626 0.00256323372013867 0.00225403136573732 0.00227930932305753 0.00190098083112389 0.00194502843078226 0.00203244527801871 0.00211919448338449 0.00236607575789094 0.0029919114895165 0.00378001225180924 0.00489890994504094 0.00528390007093549 0.00448656128719449 0.00565619999542832 0.006490767467767 0.00579269044101238 0.0063284682109952 0.00635003391653299 0.00635789381340146 0.00578622287139297 0.00613222550600767 0.00565792759880424 0.00519208516925573 0.00474117742851377 0.00531501229852438 0.00543522415682673 0.00540369981899858 0.00528650265187025 0.00506520504131913 0.00500961765646935 0.00567711843177676
0.0297536253929138 0.0285695549100637 0.0234494414180517 0.0021287992130965 0.00183886021841317 0.00234664301387966 0.0213410202413797 0.00239072740077972 0.00249103852547705 0.00235884147696197 0.00260542542673647 0.00196369690820575 0.0016380506567657 0.00167541031260043 0.00170738610904664 0.00163337111007422 0.0019830116070807 0.00200264621526003 0.00180791947059333 0.00212263781577349 0.00196522963233292 0.00245103146880865 0.00293954508379102 0.00355233950540423 0.00419865315780044 0.00487820571288466 0.00483014062047005 0.00508035765960813 0.0043851057998836 0.00426277937367558 0.00502617517486215 0.00510921981185675 0.00428675347939134 0.00380977359600365 0.00409309891983867 0.00379219301976264 0.00396003713831306 0.00409786263480783 0.00440313760191202 0.00447465246543288 0.00552506744861603 0.00498738186433911 0.00536256795749068 0.00580378156155348
0.018046747893095 0.0152779016643763 0.0169954039156437 0.0016552519518882 0.00187972583808005 0.0212745405733585 0.0236271731555462 0.0216617807745934 0.00186612596735358 0.00147561391349882 0.00141302915289998 0.00189814937766641 0.00195668591186404 0.00151153397746384 0.00146835122723132 0.00123370881192386 0.00149685656651855 0.00153758865781128 0.00172337482217699 0.00169379590079188 0.00187584385275841 0.00249673519283533 0.00274295802228153 0.00323038292117417 0.00394806638360023 0.00387250725179911 0.00392378121614456 0.00394940190017223 0.00399102596566081 0.00430841604247689 0.00482338294386864 0.00412614038214087 0.00364477862603962 0.00323217059485614 0.0031400048173964 0.00423437869176269 0.00427970150485635 0.00423718895763159 0.0048065148293972 0.004692526999861 0.0051594041287899 0.00562876788899302 0.00705385906621814 0.00663789920508862
0.0144414678215981 0.00152294244617224 0.00144045252818614 0.0138702290132642 0.0204794947057962 0.0241571515798569 0.0184107553213835 0.014361516572535 0.00151219684630632 0.00125421595294029 0.00117443397175521 0.00197801366448402 0.0020819460041821 0.00200117938220501 0.00145629502367228 0.0012722589308396 0.0013046704698354 0.00153553846757859 0.00160941062495112 0.00149658799637109 0.00169662898406386 0.00201552151702344 0.00240500993095338 0.0026354412548244 0.00269517535343766 0.00272419676184654 0.00284154200926423 0.00310352235101163 0.00322728347964585 0.00340626947581768 0.00400052964687347 0.00486651109531522 0.0047559691593051 0.00451243901625276 0.00407465361058712 0.00416748225688934 0.00461629452183843 0.00452780677005649 0.00488872081041336 0.00490541663020849 0.00666257040575147 0.0066284816712141 0.006378757301718 0.00475731445476413
0.0118227628991008 0.00132043194025755 0.0127173932269216 0.015435578301549 0.0154651636257768 0.0195461511611938 0.0143047422170639 0.00106517225503922 0.00116385577712208 0.00156180781777948 0.00180386030115187 0.00189594109542668 0.0022510401904583 0.00197544996626675 0.00190648226998746 0.00181201181840152 0.00133459968492389 0.00149555236566812 0.00138813618104905 0.00153704883996397 0.0015043905004859 0.00169235607609153 0.00175047491211444 0.00179053039755672 0.00211028126068413 0.00219906214624643 0.00221278890967369 0.0021825626026839 0.00237135565839708 0.00273456587456167 0.00327775534242392 0.00542027223855257 0.004986681509763 0.00600322242826223 0.00431616464629769 0.00449823029339314 0.00436524813994765 0.00422835955396295 0.00468439515680075 0.00564510095864534 0.00552222412079573 0.00545396283268929 0.00444990443065763 0.00384015473537147
