data/climate_estimation/maxent_output/Gagea_afghanica.asc
NCOLS 245 
NROWS 94 
XLLCORNER 52.5 
YLLCORNER 33.6666666666667 
CELLSIZE 0.0833333333333333 
NODATA_value -3.4e+38 
[rows 60 to 79 of 94, columns 44 to 87 of 245]
0.936169326305389 0.934485614299774 0.93207049369812 0.930566668510437 0.933494687080383 0.936303794384003 0.944514036178589 0.956798553466797 0.962184429168701 0.980581104755402 0.981206119060516 0.978407561779022 0.977821350097656 0.979230225086212 0.979957938194275 0.978416919708252 0.979693710803986 0.976134598255157 0.975571691989899 0.976247131824493 0.976568102836609 0.975267946720123 0.968797564506531 0.962291479110718 0.953182876110077 0.943479061126709 0.930899620056152 0.914291381835938 0.900028586387634 0.885832190513611 0.875491499900818 0.727711260318756 0.790407001972198 0.77768462896347 0.78827702999115 0.84288614988327 0.870150148868561 0.883928418159485 0.897535085678101 0.891942620277405 0.87466436624527 0.868375957012177 0.850717604160309 0.781764388084412
0.943248808383942 0.937525272369385 0.936735272407532 0.928137421607971 0.951077997684479 0.959926605224609 0.965770542621613 0.957780659198761 0.960757791996002 0.967555224895477 0.974393546581268 0.980174720287323 0.982026517391205 0.978671669960022 0.978072822093964 0.977719068527222 0.97632497549057 0.974910497665405 0.973708987236023 0.972533524036407 0.971604943275452 0.971674382686615 0.966136574745178 0.959184885025024 0.949879169464111 0.941077828407288 0.928410232067108 0.918796241283417 0.905727624893188 0.891158223152161 0.86512964963913 0.795791327953339 0.791282057762146 0.704353928565979 0.707694232463837 0.752414405345917 0.766425728797913 0.847594857215881 0.858592092990875 0.872405648231506 0.853211462497711 0.854851484298706 0.860598564147949 0.832159042358398
0.934322237968445 0.923104643821716 0.945847630500793 0.943788945674896 0.941588222980499 0.939545810222626 0.933678686618805 0.942138671875 0.932652413845062 0.944429397583008 0.948073387145996 0.952376306056976 0.967455685138702 0.972984135150909 0.976866602897644 0.976076245307922 0.974786758422852 0.972526609897614 0.971878290176392 0.974931240081787 0.972200930118561 0.968106925487518 0.958122193813324 0.950476586818695 0.935953497886658 0.927797675132751 0.919785857200623 0.916012704372406 0.901260495185852 0.885282635688782 0.876375138759613 0.856070518493652 0.844790875911713 0.769534647464752 0.683436274528503 0.695011496543884 0.7488933801651 0.80356776714325 0.842932999134064 0.842476308345795 0.854586362838745 0.839753568172455 0.837931215763092 0.840165615081787
0.918378174304962 0.93959629535675 0.931986927986145 0.931207060813904 0.927846133708954 0.931405007839203 0.929467856884003 0.915289640426636 0.91734766960144 0.895131945610046 0.904852092266083 0.892972350120544 0.895249426364899 0.899543762207031 0.910330057144165 0.90574711561203 0.646806299686432 0.652455151081085 0.678814172744751 0.711488306522369 0.747869968414307 0.754538714885712 0.755171954631805 0.72372704744339 0.935489356517792 0.925956070423126 0.918179988861084 0.90676885843277 0.629478633403778 0.612770855426788 0.57968670129776 0.559907913208008 0.539751887321472 0.822809994220734 0.767427265644073 0.755605220794678 0.678905248641968 0.728562951087952 0.796809077262878 0.823517203330994 0.82589203119278 0.831530928611755 0.833809852600098 0.83315235376358
0.93353807926178 0.930633187294006 0.923219740390778 0.919042944908142 0.925391495227814 0.898758709430695 0.901201546192169 0.877238929271698 0.881898939609528 0.883357107639313 0.862885534763336 0.863097548484802 0.836422622203827 0.84282523393631 0.850141286849976 0.554664611816406 0.557504653930664 0.57438051700592 0.616088628768921 0.679681897163391 0.740237534046173 0.758417546749115 0.740608274936676 0.726909637451172 0.718311905860901 0.696473479270935 0.659644305706024 0.641658782958984 0.620489120483398 0.606967031955719 0.591006100177765 0.556839108467102 0.541398704051971 0.534997820854187 0.833901464939117 0.812123656272888 0.743624627590179 0.726362943649292 0.71848201751709 0.790281295776367 0.807060241699219 0.820273876190186 0.813343107700348 0.823375761508942
0.93533319234848 0.903650522232056 0.902722299098969 0.899174451828003 0.889041781425476 0.873947143554688 0.872379004955292 0.877969920635223 0.861144959926605 0.861823260784149 0.819700539112091 0.818137109279633 0.810920596122742 0.829283535480499 0.842815756797791 0.579887449741364 0.639216601848602 0.66512268781662 0.676405072212219 0.7127525806427 0.747418761253357 0.759168148040771 0.744157254695892 0.722044467926025 0.693384170532227 0.693502306938171 0.650541424751282 0.635287225246429 0.630412399768829 0.603694379329681 0.573728144168854 0.573091328144073 0.546084105968475 0.549679517745972 0.541116952896118 0.831468760967255 0.815808415412903 0.793716669082642 0.782866775989532 0.784030377864838 0.795482754707336 0.803949534893036 0.818261802196503 0.811080813407898
0.897424519062042 0.868668138980865 0.882718086242676 0.886793494224548 0.874421179294586 0.86342853307724 0.857538342475891 0.839104890823364 0.830755710601807 0.840399861335754 0.837360858917236 0.829787313938141 0.834690272808075 0.845342218875885 0.58165842294693 0.668001651763916 0.788159310817719 0.793555378913879 0.791789293289185 0.774027109146118 0.769398987293243 0.757533192634583 0.743526756763458 0.711980938911438 0.684376299381256 0.687080323696136 0.656543135643005 0.649175107479095 0.618794322013855 0.599507927894592 0.578715324401855 0.569645285606384 0.550173401832581 0.548571348190308 0.554171502590179 0.538113057613373 0.838133454322815 0.828602969646454 0.808729708194733 0.797246932983398 0.801464557647705 0.797999024391174 0.787531971931458 0.782460868358612
0.875874876976013 0.840555727481842 0.852250456809998 0.872381448745728 0.858123958110809 0.821440935134888 0.832705438137054 0.853320062160492 0.856085181236267 0.872139275074005 0.902026474475861 0.853897869586945 0.87152761220932 0.636823713779449 0.672257363796234 0.722145557403564 0.780701696872711 0.96553760766983 0.963855862617493 0.757534086704254 0.751807332038879 0.743812799453735 0.724577248096466 0.709841430187225 0.686696708202362 0.679716348648071 0.650974273681641 0.637305557727814 0.613566756248474 0.58683568239212 0.586234450340271 0.576367735862732 0.554010570049286 0.558099627494812 0.545978248119354 0.826401352882385 0.830635368824005 0.809179723262787 0.801152884960175 0.78863388299942 0.781261742115021 0.77130538225174 0.747891783714294 0.738256514072418
0.806894719600677 0.778431177139282 0.800363957881927 0.825799167156219 0.854940116405487 0.796423256397247 0.807047009468079 0.871147334575653 0.871753692626953 0.878569364547729 0.911698341369629 0.906875550746918 0.932125627994537 0.769847810268402 0.792125523090363 0.790672481060028 0.782689154148102 0.767893314361572 0.962996184825897 0.754030823707581 0.73333615064621 0.735229194164276 0.710501968860626 0.708472549915314 0.692838549613953 0.691589772701263 0.648539364337921 0.643683969974518 0.623191952705383 0.603481292724609 0.594167113304138 0.578402280807495 0.563799858093262 0.556050300598145 0.551555573940277 0.839945197105408 0.81975919008255 0.800196349620819 0.779645323753357 0.768823981285095 0.755469918251038 0.754161298274994 0.735221862792969 0.720634281635284
0.793358623981476 0.735393524169922 0.804647982120514 0.82480663061142 0.82034432888031 0.805305123329163 0.824548602104187 0.848899722099304 0.883533298969269 0.833174765110016 0.875179171562195 0.912049293518066 0.742033958435059 0.795453071594238 0.78798109292984 0.788094460964203 0.777004897594452 0.76789253950119 0.763969540596008 0.750163793563843 0.73030161857605 0.736678779125214 0.710998833179474 0.694092154502869 0.68854171037674 0.681758344173431 0.647998094558716 0.648762285709381 0.625403165817261 0.615186810493469 0.596017837524414 0.597419798374176 0.581025063991547 0.573591470718384 0.848732113838196 0.83886456489563 0.818301320075989 0.808075964450836 0.770253956317902 0.709308266639709 0.692923188209534 0.684494197368622 0.731072902679443 0.712409675121307
0.67538857460022 0.715161859989166 0.698164224624634 0.762795805931091 0.853320300579071 0.83026111125946 0.834253966808319 0.835638105869293 0.873806238174438 0.881226897239685 0.874458312988281 0.600870311260223 0.696300208568573 0.742350935935974 0.771425843238831 0.757248342037201 0.774527907371521 0.773346602916718 0.75077760219574 0.740293562412262 0.728995323181152 0.721421003341675 0.713049232959747 0.705079078674316 0.676635444164276 0.670967817306519 0.916800439357758 0.90950471162796 0.900550961494446 0.896088242530823 0.888327419757843 0.873473286628723 0.867666125297546 0.866781413555145 0.85221940279007 0.842041432857513 0.833196341991425 0.816156327724457 0.799073278903961 0.780093669891357 0.768992602825165 0.693938910961151 0.746795237064362 0.734469354152679
0.601688742637634 0.579568147659302 0.600100219249725 0.686311542987823 0.74043607711792 0.842780351638794 0.90648490190506 0.852254331111908 0.839526474475861 0.83867073059082 0.654964327812195 0.645634233951569 0.633282005786896 0.638587951660156 0.690362572669983 0.723378598690033 0.716580033302307 0.736076653003693 0.75395530462265 0.74888551235199 0.732735335826874 0.716138541698456 0.714079618453979 0.699986755847931 0.681559324264526 0.668051302433014 0.651686787605286 0.649904370307922 0.905105173587799 0.891945242881775 0.878545641899109 0.874799132347107 0.860043942928314 0.855133235454559 0.849443435668945 0.827914118766785 0.83101761341095 0.821791410446167 0.807398200035095 0.790446102619171 0.772938370704651 0.747574150562286 0.748987436294556 0.736105799674988
0.561921119689941 0.522008717060089 0.561408281326294 0.564676344394684 0.610294163227081 0.687802791595459 0.852505743503571 0.855688154697418 0.851282179355621 0.551117479801178 0.553161978721619 0.547849476337433 0.580646753311157 0.586771249771118 0.614745199680328 0.619089543819427 0.674472808837891 0.693559050559998 0.727090418338776 0.746974050998688 0.73627644777298 0.720604002475739 0.712285399436951 0.700713515281677 0.688343346118927 0.682084262371063 0.657127320766449 0.650708556175232 0.647122144699097 0.901976346969604 0.888268649578094 0.885495960712433 0.878327190876007 0.866877913475037 0.852473020553589 0.850158333778381 0.8484748005867 0.830879986286163 0.808220386505127 0.791369199752808 0.784159004688263 0.767515659332275 0.693062901496887 0.677737712860107
0.499008417129517 0.528082668781281 0.484550148248672 0.480903387069702 0.50504332780838 0.524309754371643 0.666531980037689 0.85612964630127 0.564065992832184 0.498553812503815 0.492310106754303 0.534216940402985 0.542463481426239 0.586995840072632 0.626091599464417 0.569475412368774 0.564826190471649 0.593725621700287 0.650043666362762 0.70858770608902 0.694155514240265 0.698073089122772 0.70443207025528 0.708841383457184 0.687664031982422 0.677874088287354 0.668496668338776 0.650343120098114 0.908620238304138 0.628721654415131 0.630528092384338 0.894158363342285 0.612608015537262 0.606089055538177 0.590740025043488 0.579630255699158 0.584770143032074 0.577573359012604 0.552039921283722 0.834980309009552 0.815347731113434 0.800884783267975 0.775170147418976 0.768893957138062
0.453639030456543 0.456529587507248 0.454725801944733 0.415294349193573 0.414432793855667 0.475311070680618 0.565819799900055 0.704073548316956 0.433874011039734 0.377790123224258 0.367745250463486 0.439692556858063 0.527832090854645 0.530155181884766 0.574414014816284 0.609831750392914 0.59743458032608 0.536176681518555 0.502955734729767 0.491963058710098 0.546373248100281 0.599146664142609 0.633675038814545 0.654174864292145 0.667035222053528 0.663032531738281 0.648124158382416 0.661973536014557 0.662243783473969 0.646437048912048 0.644285142421722 0.630194902420044 0.626378893852234 0.620792984962463 0.617278516292572 0.610126614570618 0.613109767436981 0.584555923938751 0.567202925682068 0.559333562850952 0.536419689655304 0.822263300418854 0.7962926030159 0.785035073757172
0.406075209379196 0.404890269041061 0.410144776105881 0.405396699905396 0.372906923294067 0.358458250761032 0.449183613061905 0.544398427009583 0.550403654575348 0.305144280195236 0.30195352435112 0.455470144748688 0.45019856095314 0.435886323451996 0.433155983686447 0.401549190282822 0.356585830450058 0.351022303104401 0.358490586280823 0.383113652467728 0.389200806617737 0.434617727994919 0.488515734672546 0.541483342647552 0.585931241512299 0.611907720565796 0.650393187999725 0.643285930156708 0.65130752325058 0.641804218292236 0.649141728878021 0.635854840278625 0.643359363079071 0.630510747432709 0.636300265789032 0.621462404727936 0.625156164169312 0.589043378829956 0.577954232692719 0.564127922058105 0.836705327033997 0.818914413452148 0.801325738430023 0.797112345695496
0.361616104841232 0.358799040317535 0.358057945966721 0.340614467859268 0.323013991117477 0.340103983879089 0.15535144507885 0.209862157702446 0.237606436014175 0.227545782923698 0.217472836375237 0.244808450341225 0.209224909543991 0.202109351754189 0.23663717508316 0.234762713313103 0.243658825755119 0.275722712278366 0.28306120634079 0.310116529464722 0.359807670116425 0.376455932855606 0.417778074741364 0.464662969112396 0.536720991134644 0.630954086780548 0.657553791999817 0.637179911136627 0.648682057857513 0.623015105724335 0.635233104228973 0.63197523355484 0.628105878829956 0.617186725139618 0.623434841632843 0.613193213939667 0.612180352210999 0.594394564628601 0.583441376686096 0.639988720417023 0.558917820453644 0.536046028137207 0.818727314472198 0.80217844247818
0.333288341760635 0.292122960090637 0.28558936715126 0.289557158946991 0.135265529155731 0.143834859132767 0.143713817000389 0.149172961711884 0.149338126182556 0.163874179124832 0.164038017392159 0.169005677103996 0.20219461619854 0.204250976443291 0.19993357360363 0.231663167476654 0.235822930932045 0.237702563405037 0.274763256311417 0.308950275182724 0.311920046806335 0.365018635988235 0.354842185974121 0.382459729909897 0.456471085548401 0.576191961765289 0.560408234596252 0.529202044010162 0.524436473846436 0.574327528476715 0.609616160392761 0.631600856781006 0.618741750717163 0.627373397350311 0.605506658554077 0.614462733268738 0.609571039676666 0.592692077159882 0.593606948852539 0.573480129241943 0.636192321777344 0.61559396982193 0.540992856025696 0.812259793281555
0.279779851436615 0.28019106388092 0.284970760345459 0.116882912814617 0.116647556424141 0.120292790234089 0.120977975428104 0.121598459780216 0.13519012928009 0.162356823682785 0.180742099881172 0.245071962475777 0.315680950880051 0.282921761274338 0.272498190402985 0.2752286195755 0.268409967422485 0.319805115461349 0.35589212179184 0.356719195842743 0.313330680131912 0.293186098337173 0.292610079050064 0.32957598567009 0.328314483165741 0.366628676652908 0.379851907491684 0.424530684947968 0.460881173610687 0.501660525798798 0.566454946994781 0.598130643367767 0.619629621505737 0.609477579593658 0.613703787326813 0.598126769065857 0.585112333297729 0.592856585979462 0.580453038215637 0.565369427204132 0.549917101860046 0.64288717508316 0.626291513442993 0.60518604516983
0.248373880982399 0.113796524703503 0.111101068556309 0.111962914466858 0.105512835085392 0.108083143830299 0.108548007905483 0.114122979342937 0.12996968626976 0.178375124931335 0.235957950353622 0.299762725830078 0.424366891384125 0.474249184131622 0.554853975772858 0.485039502382278 0.346489608287811 0.323638051748276 0.269118875265121 0.222454413771629 0.219758123159409 0.240271151065826 0.245307758450508 0.28625476360321 0.285619884729385 0.320827007293701 0.359520494937897 0.38399675488472 0.420068919658661 0.448169559240341 0.5011967420578 0.554877936840057 0.580165207386017 0.598339438438416 0.591821610927582 0.599799454212189 0.595687448978424 0.578260183334351 0.574162125587463 0.569707453250885 0.563532650470734 0.563689351081848 0.550155401229858 0.532015740871429
