data/climate_estimation/maxent_output/Gagea_soleirolii.asc
NCOLS 222 
NROWS 76 
XLLCORNER -8.66666666666667 
YLLCORNER 36.9166666666667 
CELLSIZE 0.0833333333333333 
NODATA_value -3.4e+38 
[rows 22 to 43 of 76, columns 50 to 99 of 222]
0.228840574622154 0.278730690479279 0.286334037780762 0.299837321043015 0.333686947822571 0.324342012405396 0.309474468231201 0.398889869451523 0.412065327167511 0.392883479595184 0.355867385864258 0.328846365213394 0.327758312225342 0.350746095180511 0.353095561265945 0.34130996465683 0.325905174016953 0.326167792081833 0.299645036458969 0.267375975847244 0.278694927692413 0.262655675411224 0.250455290079117 0.23054176568985 0.24997515976429 0.244629800319672 0.233036026358604 0.249068155884743 0.245536014437675 0.250085979700089 0.276733160018921 0.261742144823074 0.254119426012039 0.0184745695441961 0.018365390598774 0.020598353818059 0.0198377948254347 0.0221494231373072 0.0191211495548487 0.0185275170952082 0.0192091036587954 0.0187825243920088 0.0218009278178215 0.0157826226204634 0.0118325753137469 0.0121192140504718 0.0108622964471579 0.0108298491686583 0.00985912512987852 0.0116449790075421
0.232149347662926 0.257905632257462 0.290498405694962 0.284688949584961 0.32316380739212 0.354830116033554 0.325960516929626 0.363568395376205 0.356446593999863 0.355103701353073 0.352561593055725 0.365876764059067 0.380003571510315 0.371477276086807 0.375921905040741 0.360940366983414 0.35404759645462 0.341834843158722 0.319666743278503 0.296380877494812 0.285997956991196 0.278874933719635 0.267351478338242 0.252115398645401 0.255683034658432 0.263955265283585 0.241377130150795 0.251235097646713 0.237938731908798 0.243635192513466 0.241498216986656 0.279150992631912 0.0173026975244284 0.0190487410873175 0.0175285246223211 0.0199937298893929 0.0227016694843769 0.0257276240736246 0.0266452804207802 0.025969373062253 0.0233509112149477 0.0228346958756447 0.0223813485354185 0.0157346073538065 0.014090565033257 0.012326224707067 0.01194719504565 0.0121522825211287 0.0122927939519286 0.0144702149555087
0.256735682487488 0.276587158441544 0.303597331047058 0.313666224479675 0.311045140028 0.357354760169983 0.385869741439819 0.381900787353516 0.390046179294586 0.378258317708969 0.409317284822464 0.413897693157196 0.391242444515228 0.367473006248474 0.387338519096375 0.392955332994461 0.366093873977661 0.336119145154953 0.290382772684097 0.281242221593857 0.293585807085037 0.271672546863556 0.280627429485321 0.251021921634674 0.264359980821609 0.256653189659119 0.241138800978661 0.248006641864777 0.25198221206665 0.259332001209259 0.265176475048065 0.262154132127762 0.017918674275279 0.0183805879205465 0.0201364196836948 0.0212142262607813 0.0269614104181528 0.0303406827151775 0.0303410068154335 0.033165916800499 0.0316988937556744 0.0290890149772167 0.025811892002821 0.0217816662043333 0.0175920277833939 0.0164800994098186 0.0138777317479253 0.012475298717618 0.0148739144206047 0.0136466873809695
0.275795638561249 0.312690407037735 0.339396864175797 0.343962609767914 0.360299855470657 0.406307429075241 0.425253361463547 0.432391673326492 0.427099168300629 0.420313388109207 0.44400754570961 0.415833234786987 0.393319189548492 0.386204123497009 0.404105603694916 0.374878138303757 0.333911955356598 0.326909869909286 0.31385400891304 0.290789097547531 0.26966068148613 0.277429103851318 0.279496312141418 0.268547236919403 0.254814296960831 0.281666398048401 0.289396643638611 0.284361809492111 0.29967737197876 0.293565303087234 0.277774184942245 0.271933555603027 0.0175208617001772 0.0196605157107115 0.0211629346013069 0.0246426295489073 0.0295626148581505 0.0319547355175018 0.0369907319545746 0.0382411181926727 0.0401524603366852 0.0336963310837746 0.0312677510082722 0.0267728138715029 0.0237009152770042 0.0214757304638624 0.0164749603718519 0.0155779756605625 0.0156664401292801 0.0178663078695536
0.299178689718246 0.354955911636353 0.330335199832916 0.367682427167892 0.398476660251617 0.43512949347496 0.443057358264923 0.494591742753983 0.483313590288162 0.478134751319885 0.403846472501755 0.396468579769135 0.437941431999207 0.365696907043457 0.348172575235367 0.355927169322968 0.341730356216431 0.283943653106689 0.295459151268005 0.284558236598969 0.258768141269684 0.283930242061615 0.260717034339905 0.264834553003311 0.254406481981277 0.271283566951752 0.271732687950134 0.311555862426758 0.288820266723633 0.289860427379608 0.285188943147659 0.303922027349472 0.0205872766673565 0.0186715498566628 0.0230973102152348 0.0281503107398748 0.0304499380290508 0.0357910469174385 0.0390035212039948 0.039787158370018 0.0320693142712116 0.0394485592842102 0.0353382267057896 0.0323481373488903 0.0255481619387865 0.0229574628174305 0.0194119922816753 0.0194382313638926 0.0190065484493971 0.022552190348506
0.325437515974045 0.328297078609467 0.357889533042908 0.356997787952423 0.427649825811386 0.464172214269638 0.50614982843399 0.444324225187302 0.47524818778038 0.408338397741318 0.351925075054169 0.340487003326416 0.34142193198204 0.334512025117874 0.279590994119644 0.288992702960968 0.296869158744812 0.255714803934097 0.231043189764023 0.255192965269089 0.252975523471832 0.276412755250931 0.277482599020004 0.27350065112114 0.277144759893417 0.27307853102684 0.276142746210098 0.299667477607727 0.285755783319473 0.309372007846832 0.313242584466934 0.3001908659935 0.0187766402959824 0.0195100903511047 0.0228116381913424 0.0287542100995779 0.0343809574842453 0.0374624207615852 0.0428410321474075 0.0459935218095779 0.0346642881631851 0.0289001706987619 0.0396104529500008 0.0321696773171425 0.0275662671774626 0.0238840263336897 0.0228284597396851 0.0212739575654268 0.0237278956919909 0.0228335093706846
0.342155128717422 0.377512365579605 0.379604995250702 0.414696425199509 0.442240178585052 0.49250528216362 0.446587711572647 0.480990499258041 0.496836692094803 0.441552758216858 0.362733572721481 0.364225208759308 0.352949857711792 0.339932382106781 0.287234425544739 0.273120552301407 0.22986875474453 0.223626032471657 0.25393670797348 0.294886976480484 0.280266642570496 0.294430315494537 0.258482247591019 0.269195675849915 0.275999188423157 0.279712527990341 0.267019808292389 0.286101192235947 0.304535061120987 0.315590709447861 0.291327685117722 0.296560615301132 0.0153292631730437 0.0195978432893753 0.0223475154489279 0.028305746614933 0.0357489846646786 0.0422401390969753 0.0386332757771015 0.0426711365580559 0.0391301847994328 0.0311264581978321 0.0324411243200302 0.033740296959877 0.0329665541648865 0.0265172552317381 0.0252915490418673 0.0238950401544571 0.0235142018646002 0.024248568341136
0.372145384550095 0.386929005384445 0.408517807722092 0.459931075572968 0.480857491493225 0.515329897403717 0.423709124326706 0.465036422014236 0.414881139993668 0.388283014297485 0.39136865735054 0.377631217241287 0.391699373722076 0.347353458404541 0.297936379909515 0.281567007303238 0.231680706143379 0.217643544077873 0.272187352180481 0.28591600060463 0.27623587846756 0.258950769901276 0.252871423959732 0.282068312168121 0.280089259147644 0.298281371593475 0.299971610307693 0.29077935218811 0.310232043266296 0.303005367517471 0.31530174612999 0.296901017427444 0.0164894834160805 0.0161430556327105 0.0163002442568541 0.0213415771722794 0.0318654030561447 0.0396520830690861 0.0407373905181885 0.0286164171993732 0.0296174306422472 0.029006814584136 0.029425036162138 0.0273556057363749 0.0285782981663942 0.0275820177048445 0.0263750925660133 0.026742585003376 0.0245055537670851 0.0247638095170259
0.459695130586624 0.460257887840271 0.466342955827713 0.49350106716156 0.456437051296234 0.417594134807587 0.349563181400299 0.344379156827927 0.380441695451736 0.382010668516159 0.385856568813324 0.379709184169769 0.377830535173416 0.375690579414368 0.330686748027802 0.284469783306122 0.246514871716499 0.251927316188812 0.252136170864105 0.253388702869415 0.283170193433762 0.226679682731628 0.223807662725449 0.2438944876194 0.258811950683594 0.297247678041458 0.297651588916779 0.326115727424622 0.325423866510391 0.296754062175751 0.316622495651245 0.299897342920303 0.305580049753189 0.0157008990645409 0.0154288411140442 0.0166833028197289 0.0243766568601131 0.0331734977662563 0.031772181391716 0.0262086261063814 0.0301991980522871 0.0329068154096603 0.0288176815956831 0.0279780440032482 0.0250338390469551 0.0288469642400742 0.0267652925103903 0.0246909596025944 0.0245860368013382 0.0260724350810051
0.490400433540344 0.466431796550751 0.484806895256042 0.483674705028534 0.398211658000946 0.27320671081543 0.318287819623947 0.313312411308289 0.335226744413376 0.387184321880341 0.354085355997086 0.382778257131577 0.405640542507172 0.412091702222824 0.372540771961212 0.299497574567795 0.257554411888123 0.217004507780075 0.212133914232254 0.253475576639175 0.264093995094299 0.211558684706688 0.258138000965118 0.276104331016541 0.280833780765533 0.29447203874588 0.313639730215073 0.334794670343399 0.316725075244904 0.301004439592361 0.330020010471344 0.308462381362915 0.28220546245575 0.245357036590576 0.0151944737881422 0.0135927610099316 0.0191978439688683 0.0270271208137274 0.0275344289839268 0.0288559123873711 0.0294382888823748 0.0318306609988213 0.0320274718105793 0.026540607213974 0.0269956439733505 0.023807929828763 0.0204436834901571 0.0229884013533592 0.0193697810173035 0.0250394232571125
0.461362689733505 0.385871767997742 0.347694724798203 0.373404026031494 0.237791746854782 0.223337039351463 0.243984669446945 0.268182784318924 0.29261702299118 0.364367693662643 0.352156013250351 0.332613170146942 0.354684501886368 0.333615720272064 0.344345897436142 0.321460366249084 0.266454070806503 0.216581538319588 0.227190762758255 0.246505975723267 0.228237822651863 0.187734127044678 0.271753311157227 0.2618547976017 0.295512676239014 0.285428375005722 0.27536877989769 0.291305482387543 0.310310870409012 0.323958188295364 0.260501891374588 0.262879550457001 0.262798488140106 0.24294525384903 0.269073337316513 0.0142296189442277 0.0166401695460081 0.022676395252347 0.0246785990893841 0.0277392622083426 0.029667841270566 0.0316893085837364 0.0304998140782118 0.0190383400768042 0.0228236131370068 0.0199278537184 0.016430975869298 0.0159966368228197 0.0162216778844595 0.0235849004238844
0.2347781509161 0.203485250473022 0.239067003130913 0.209457680583 0.161888629198074 0.182361006736755 0.212021484971046 0.255790501832962 0.304849773645401 0.348014771938324 0.331377029418945 0.28750205039978 0.319772928953171 0.339752048254013 0.322137445211411 0.303240776062012 0.267147034406662 0.208749577403069 0.220879659056664 0.205471605062485 0.189991548657417 0.194924890995026 0.213929727673531 0.220239982008934 0.242647841572762 0.259471237659454 0.300442904233932 0.312268257141113 0.319923162460327 0.314647346735001 0.292550027370453 0.27493342757225 0.261720091104507 0.240195378661156 0.258753001689911 0.013578119687736 0.0163579117506742 0.0215594358742237 0.023041196167469 0.0252316854894161 0.0249790102243423 0.0285530723631382 0.0240423548966646 0.0200499426573515 0.0194260310381651 0.0145533159375191 0.0125102605670691 0.0135137960314751 0.0168054942041636 0.0192276388406754
0.199675232172012 0.150842010974884 0.135798037052155 0.130055770277977 0.131193622946739 0.153143346309662 0.167969763278961 0.23155964910984 0.271454364061356 0.267635405063629 0.305215656757355 0.273110806941986 0.269605427980423 0.325293242931366 0.323864996433258 0.28322634100914 0.2295291274786 0.187901571393013 0.161090463399887 0.146585389971733 0.179504543542862 0.179161235690117 0.241888657212257 0.291247010231018 0.242897778749466 0.273075252771378 0.280160486698151 0.30903348326683 0.310223132371902 0.324535667896271 0.303394675254822 0.269838571548462 0.255994558334351 0.251684486865997 0.280758410692215 0.0143630709499121 0.0143058989197016 0.0168083049356937 0.0194854270666838 0.0217481777071953 0.0214202422648668 0.024614542722702 0.0222458187490702 0.0206993333995342 0.0191883761435747 0.0156622249633074 0.0115393977612257 0.0131572559475899 0.0162260383367538 0.0213372763246298
0.199015080928802 0.180671572685242 0.121711403131485 0.100040659308434 0.112662822008133 0.155902028083801 0.159888878464699 0.190100222826004 0.22169403731823 0.231825068593025 0.212000444531441 0.230893343687057 0.261397451162338 0.300505042076111 0.258267134428024 0.229601383209229 0.204282253980637 0.173052549362183 0.146052703261375 0.167850956320763 0.207364201545715 0.188087403774261 0.214735001325607 0.276777595281601 0.276057630777359 0.303283989429474 0.296932816505432 0.301220893859863 0.330430179834366 0.335156470537186 0.314131379127502 0.285074412822723 0.300489574670792 0.242508471012115 0.261112481355667 0.013638068921864 0.0149224288761616 0.0154606895521283 0.017974155023694 0.0189537107944489 0.0182668305933475 0.0225761886686087 0.0245174095034599 0.0254173260182142 0.0217310655862093 0.0182792451232672 0.016591913998127 0.0209302548319101 0.021464554592967 0.0230619683861732
0.126819118857384 0.0933003425598145 0.0932945609092712 0.104458443820477 0.108128324151039 0.129478365182877 0.136640727519989 0.171781659126282 0.186056107282639 0.19679057598114 0.189467772841454 0.212006270885468 0.209690362215042 0.243802458047867 0.236713215708733 0.212196320295334 0.204630553722382 0.158511817455292 0.149491593241692 0.19769598543644 0.22757513821125 0.209858581423759 0.269888907670975 0.263860821723938 0.264810740947723 0.298518091440201 0.308414369821548 0.316354632377625 0.322172552347183 0.339451253414154 0.332108944654465 0.307295978069305 0.285498529672623 0.291947782039642 0.278181463479996 0.0155509077012539 0.0142015377059579 0.0147526562213898 0.0149104706943035 0.016330162063241 0.0183323659002781 0.019305257126689 0.0215369593352079 0.0200734827667475 0.0189202502369881 0.0191219802945852 0.0194669645279646 0.0235709063708782 0.0233097653836012 0.0238783974200487
0.0857187584042549 0.0920996442437172 0.0961065590381622 0.106603197753429 0.111607976257801 0.103111408650875 0.117142878472805 0.13960961997509 0.156127721071243 0.169135972857475 0.151850312948227 0.165414199233055 0.207267627120018 0.215856686234474 0.200222387909889 0.174440175294876 0.150180742144585 0.163626715540886 0.144198134541512 0.206099018454552 0.231292322278023 0.229451149702072 0.273717880249023 0.265878558158875 0.289227217435837 0.285637587308884 0.300558686256409 0.313712507486343 0.317096620798111 0.337669134140015 0.318592250347137 0.311688840389252 0.334604799747467 0.315216958522797 0.330688446760178 0.309998482465744 0.0147716337814927 0.0150799071416259 0.014587190002203 0.0152054456993937 0.0174821056425571 0.014795009046793 0.0160986017435789 0.020140977576375 0.0171556267887354 0.0186264459043741 0.0202900059521198 0.0216327756643295 0.0224869269877672 0.35852462053299
0.0983875244855881 0.0854767188429832 0.0960374400019646 0.0925331860780716 0.086455337703228 0.0944586023688316 0.0920458287000656 0.107708051800728 0.126326456665993 0.130321487784386 0.134926542639732 0.13339801132679 0.150431990623474 0.180448964238167 0.156887233257294 0.154923096299171 0.15389022231102 0.14680840075016 0.170092910528183 0.199883311986923 0.217244789004326 0.242285147309303 0.268428415060043 0.267777383327484 0.286116123199463 0.297948271036148 0.297827869653702 0.308816462755203 0.317058026790619 0.348496943712234 0.341796338558197 0.327188462018967 0.316002994775772 0.305360734462738 0.306823551654816 0.323144048452377 0.32579842209816 0.0154746985062957 0.0152688082307577 0.0156416427344084 0.018297141417861 0.0148741500452161 0.0177576504647732 0.0180404856801033 0.0185640845447779 0.0179097875952721 0.0182847157120705 0.0238785445690155 0.373282700777054 0.452871710062027
0.100180327892303 0.0985251218080521 0.0875458419322968 0.0752646178007126 0.0727984309196472 0.0829368382692337 0.0805828347802162 0.0882915630936623 0.0831778347492218 0.114885546267033 0.132945895195007 0.152757167816162 0.159908384084702 0.17106468975544 0.164992824196815 0.163148254156113 0.15547114610672 0.163749039173126 0.163562044501305 0.183835312724113 0.206642344594002 0.234450817108154 0.234312310814857 0.286128580570221 0.265798449516296 0.285391360521317 0.284473061561584 0.299744457006454 0.298069506883621 0.317025125026703 0.338622152805328 0.332697361707687 0.320318460464478 0.308925658464432 0.312555462121964 0.317253202199936 0.303368449211121 0.0149794509634376 0.0153916589915752 0.0151698235422373 0.0168821793049574 0.0164510030299425 0.019949845969677 0.0185361187905073 0.0202304422855377 0.0193502623587847 0.0210426934063435 0.384720474481583 0.387174099683762 0.480107486248016
0.0807390511035919 0.0834887474775314 0.0822492763400078 0.0794765278697014 0.0769066214561462 0.0777090862393379 0.0764408931136131 0.0842399448156357 0.0876839533448219 0.0911454856395721 0.119540750980377 0.139522016048431 0.156759321689606 0.146007165312767 0.151220962405205 0.141577869653702 0.14994016289711 0.154491484165192 0.173990845680237 0.196580335497856 0.192817091941833 0.199956521391869 0.222402825951576 0.251044511795044 0.279896378517151 0.272997319698334 0.256043970584869 0.290484517812729 0.305304229259491 0.315220177173615 0.307154148817062 0.311492532491684 0.316396504640579 0.313406199216843 0.302913039922714 0.311593651771545 0.328810185194016 0.0161020625382662 0.0169450417160988 0.0182256642729044 0.0158142652362585 0.018459502607584 0.0180856753140688 0.019872697070241 0.0199132487177849 0.0196749735623598 0.357010036706924 0.474903762340546 0.518887400627136 0.528078436851501
0.0933383405208588 0.0810152217745781 0.0893715247511864 0.099643275141716 0.105886556208134 0.120709478855133 0.114726111292839 0.108015865087509 0.0984631776809692 0.0998117327690125 0.110916003584862 0.113620348274708 0.115213878452778 0.124575711786747 0.135081827640533 0.139534175395966 0.128785073757172 0.146439850330353 0.149948224425316 0.191551446914673 0.217279836535454 0.226208671927452 0.201609998941422 0.245659232139587 0.277766942977905 0.257591485977173 0.242325142025948 0.26459926366806 0.283046036958694 0.305956065654755 0.321753710508347 0.306379556655884 0.325238764286041 0.297144442796707 0.289252668619156 0.296991914510727 0.312437623739243 0.302134841680527 0.323254615068436 0.0183533914387226 0.0142550310119987 0.0146813141182065 0.0165126379579306 0.0190695263445377 0.323088198900223 0.364844530820847 0.400751829147339 0.475397109985352 0.599919497966766 0.640550076961517
0.127806112170219 0.122651137411594 0.121124505996704 0.137584209442139 0.129508286714554 0.148749709129333 0.136853367090225 0.123330667614937 0.120838508009911 0.121252380311489 0.109734624624252 0.113870196044445 0.120112121105194 0.114108882844448 0.111414715647697 0.126186370849609 0.134085521101952 0.141790449619293 0.157092213630676 0.181449413299561 0.211171984672546 0.21636438369751 0.211634635925293 0.221706852316856 0.252379715442657 0.260398864746094 0.222480669617653 0.252029806375504 0.30616170167923 0.300891637802124 0.307925552129745 0.31744259595871 0.306855201721191 0.29042112827301 0.286965101957321 0.27890944480896 0.288219153881073 0.313798367977142 0.2981898188591 0.0164095833897591 0.254619091749191 0.279327124357224 0.362689435482025 0.398376166820526 0.45243376493454 0.553883254528046 0.610695898532867 0.631867408752441 0.633331537246704 0.707903981208801
0.189998105168343 0.146282270550728 0.14637915790081 0.165331244468689 0.183884665369987 0.162410840392113 0.165362328290939 0.148691698908806 0.143619209527969 0.131672367453575 0.119279697537422 0.110244460403919 0.124237976968288 0.127310737967491 0.122849501669407 0.126394659280777 0.125899896025658 0.139529168605804 0.164527699351311 0.18836884200573 0.162427186965942 0.180816158652306 0.208762794733047 0.19699002802372 0.247761622071266 0.257483690977097 0.246744200587273 0.224703475832939 0.264078557491302 0.282735168933868 0.289184212684631 0.281575739383698 0.316504329442978 0.305587947368622 0.277379214763641 0.252478122711182 0.29619300365448 0.306936472654343 0.273294568061829 0.291991680860519 0.331260949373245 0.281962156295776 0.363824844360352 0.467893600463867 0.532434642314911 0.564850687980652 0.611954689025879 0.599625945091248 0.63646924495697 0.664156317710876
