data/climate_estimation/maxent_output/Gagea_glacialis.asc
NCOLS 145 
NROWS 76 
XLLCORNER 34.3333333333333 
YLLCORNER 37.25 
CELLSIZE 0.0833333333333333 
NODATA_value -3.4e+38 
[rows 0 to 19 of 76, columns 88 to 131 of 145]
0.998741388320923 0.90614253282547 0.998187124729156 0.99802577495575 0.995005488395691 0.971652746200562 0.994649648666382 0.998402535915375 0.999295294284821 0.999082624912262 0.99913227558136 0.999263525009155 0.998983442783356 0.999343395233154 0.999459624290466 0.999046921730042 0.996031165122986 0.954376697540283 0.858990907669067 0.911251187324524 0.703891336917877 0.497294843196869 0.267767131328583 0.19566422700882 0.15538401901722 0.158710166811943 0.170560613274574 0.174262881278992 0.162810355424881 0.177774995565414 0.24249504506588 0.31947323679924 0.315610438585281 0.333814859390259 0.375544011592865 0.401127815246582 0.405501306056976 0.39412134885788 0.371989399194717 0.334882915019989 0.316026538610458 0.2813361287117 0.264989495277405 0.220400303602219
0.969469368457794 0.99120819568634 0.999984383583069 0.999877631664276 0.997262418270111 0.990105390548706 0.999772191047668 0.999869465827942 0.999817907810211 0.999764561653137 0.999687433242798 0.99975723028183 0.999700903892517 0.999665081501007 0.999606728553772 0.989835917949677 0.962877869606018 0.994739472866058 0.980378985404968 0.938665807247162 0.908484995365143 0.586644232273102 0.318663001060486 0.249715179204941 0.220409378409386 0.194569155573845 0.193273484706879 0.154540657997131 0.161015257239342 0.192373767495155 0.227848052978516 0.298087447881699 0.359985202550888 0.449725538492203 0.498973667621613 0.453320950269699 0.384484529495239 0.347809642553329 0.334287256002426 0.319100946187973 0.301615953445435 0.303894430398941 0.298755705356598 0.267165958881378
0.963445365428925 0.999957263469696 0.999982118606567 0.999652683734894 0.99994832277298 0.999957501888275 0.999510943889618 0.999978363513947 0.999998450279236 0.999999821186066 0.999995589256287 0.999976456165314 0.999967694282532 0.999968647956848 0.999191641807556 0.99960720539093 0.998620986938477 0.995780467987061 0.992839574813843 0.998796880245209 0.926489412784576 0.588972270488739 0.552822351455688 0.426791548728943 0.277904629707336 0.281735867261887 0.2432621717453 0.200865894556046 0.202900275588036 0.212766259908676 0.225925251841545 0.341677039861679 0.534879505634308 0.587001502513885 0.577982664108276 0.547833561897278 0.479883193969727 0.47286519408226 0.456925749778748 0.38980621099472 0.377674251794815 0.348587602376938 0.312039881944656 0.270857363939285
0.991765320301056 0.997907996177673 0.999977588653564 0.999721050262451 0.999841332435608 0.999990165233612 0.999942302703857 0.999947488307953 0.99999612569809 0.999999105930328 0.999995350837708 0.999989032745361 0.999865055084229 0.999908030033112 0.999994814395905 0.99999862909317 0.999991714954376 0.999302208423615 0.999777913093567 0.999875009059906 0.906769573688507 0.69958770275116 0.419160217046738 0.361221551895142 0.347947597503662 0.361553311347961 0.359068959951401 0.301949590444565 0.28177997469902 0.342903167009354 0.342035949230194 0.3941510617733 0.420650631189346 0.446872293949127 0.494223266839981 0.548825144767761 0.548445582389832 0.519915282726288 0.445015043020248 0.404118686914444 0.341355234384537 0.304178267717361 0.257435381412506 0.253062009811401
0.972332954406738 0.997283458709717 0.991730093955994 0.998971581459045 0.999944150447845 0.999985158443451 0.999945104122162 0.999903500080109 0.999979734420776 0.999995589256287 0.999995231628418 0.999971807003021 0.999997079372406 0.999996721744537 0.999999165534973 0.999993026256561 0.999966561794281 0.999931335449219 0.999928653240204 0.994719684123993 0.999698340892792 0.965063214302063 0.570870935916901 0.426054507493973 0.374432504177094 0.320332676172256 0.303678423166275 0.296226114034653 0.33180445432663 0.280138373374939 0.26768296957016 0.302491724491119 0.379475504159927 0.44476044178009 0.485746264457703 0.526609182357788 0.528109550476074 0.509660124778748 0.557547569274902 0.56948333978653 0.448849439620972 0.360984861850739 0.283958226442337 0.248499900102615
0.0436833947896957 0.235274419188499 0.232213363051414 0.865100204944611 0.993601977825165 0.999257028102875 0.89105361700058 0.999715268611908 0.993955075740814 0.999960958957672 0.999978959560394 0.999955534934998 0.999974489212036 0.999988973140717 0.999996244907379 0.999999284744263 0.999998569488525 0.999996721744537 0.999988198280334 0.999990582466125 0.999849081039429 0.774541854858398 0.995479643344879 0.93755316734314 0.562002599239349 0.331111818552017 0.412356048822403 0.319183975458145 0.24262547492981 0.293095707893372 0.304230362176895 0.382412910461426 0.427940011024475 0.482428640127182 0.53738397359848 0.567375302314758 0.560368001461029 0.570269227027893 0.691136002540588 0.635332226753235 0.603202223777771 0.509209632873535 0.416469901800156 0.337941616773605
0.346308648586273 0.222598314285278 0.652696073055267 0.476177752017975 0.882880568504333 0.604207098484039 0.290766388177872 0.754791498184204 0.412319839000702 0.585163056850433 0.653332829475403 0.719500482082367 0.84165370464325 0.888127326965332 0.99151337146759 0.999996781349182 0.999999761581421 0.999999642372131 0.999999701976776 0.999964475631714 0.99976110458374 0.999940872192383 0.999985218048096 0.99991899728775 0.997869729995728 0.645409286022186 0.58913642168045 0.411148726940155 0.374494880437851 0.430015414953232 0.397738188505173 0.490939915180206 0.552147805690765 0.564355611801147 0.613272547721863 0.637453854084015 0.639453291893005 0.657537460327148 0.716219484806061 0.715432047843933 0.684462368488312 0.594583451747894 0.579425811767578 0.542904138565063
0.395991116762161 0.716890096664429 0.693093240261078 0.532418370246887 0.167981997132301 0.0627572610974312 0.065208375453949 0.407834261655807 0.926417827606201 0.978049159049988 0.996869325637817 0.883871376514435 0.916086435317993 0.99503219127655 0.951693892478943 0.997104346752167 0.999920547008514 0.999990403652191 0.9999960064888 0.999871253967285 0.999984264373779 0.999998867511749 0.99999737739563 0.99999213218689 0.969431757926941 0.900331377983093 0.997643709182739 0.971885025501251 0.752553522586823 0.674718797206879 0.610123932361603 0.73265814781189 0.736040413379669 0.796748518943787 0.754186391830444 0.76757276058197 0.742175221443176 0.746199548244476 0.785179734230042 0.832426846027374 0.758477210998535 0.883973360061646 0.936399817466736 0.966429829597473
0.00600129971280694 0.0155111821368337 0.21481916308403 0.318326324224472 0.0247812736779451 0.479539901018143 0.186888232827187 0.606874227523804 0.981527507305145 0.879195511341095 0.875727236270905 0.983638346195221 0.967115938663483 0.905712187290192 0.722923099994659 0.936448097229004 0.998251914978027 0.975569844245911 0.977535545825958 0.999043643474579 0.999927401542664 0.999982476234436 0.999886393547058 0.998525977134705 0.993475139141083 0.999959945678711 0.998495161533356 0.996848404407501 0.963396430015564 0.892380833625793 0.984434843063354 0.968969762325287 0.978865563869476 0.973177313804626 0.972361505031586 0.89256876707077 0.985853910446167 0.982328653335571 0.983272790908813 0.946465313434601 0.989777803421021 0.988084375858307 0.992107033729553 0.97558319568634
0.00237434660084546 0.0117081021890044 0.0461026355624199 0.0506023056805134 0.0073421779088676 0.0441122725605965 0.582587659358978 0.493866682052612 0.637676060199738 0.558452069759369 0.155086874961853 0.153011038899422 0.0569547936320305 0.19057509303093 0.879127383232117 0.447054088115692 0.441019326448441 0.608791589736938 0.92023628950119 0.988256871700287 0.940469145774841 0.856965780258179 0.861406624317169 0.99986344575882 0.999996662139893 0.999999463558197 0.999987304210663 0.990930140018463 0.992546916007996 0.998591601848602 0.999299645423889 0.997977793216705 0.999279856681824 0.999639749526978 0.999830663204193 0.977134346961975 0.991901040077209 0.988828778266907 0.993742942810059 0.963377833366394 0.993048965930939 0.998910427093506 0.997708380222321 0.992264091968536
0.00266001210547984 0.00305569637566805 0.00733001064509153 0.00419326080009341 0.00242530950345099 0.00434923497959971 0.0484588928520679 0.0354118086397648 0.176383674144745 0.0964231640100479 0.43634882569313 0.59448504447937 0.172744765877724 0.0229449570178986 0.207871168851852 0.154518872499466 0.643602252006531 0.959317147731781 0.930692315101624 0.313724219799042 0.762389242649078 0.989967823028564 0.522337079048157 0.592170476913452 0.974672853946686 0.999976933002472 0.999922454357147 0.985102415084839 0.999760031700134 0.999993920326233 0.999978482723236 0.999996721744537 0.99999874830246 0.999998807907104 0.999998092651367 0.997384011745453 0.999987125396729 0.999949276447296 0.999978303909302 0.998198688030243 0.999976396560669 0.999850332736969 0.993980824947357 0.993311583995819
0.00440123770385981 0.0035561544355005 0.00344766862690449 0.00282888254150748 0.00235443701967597 0.00235267332755029 0.00208920962177217 0.00532148964703083 0.0106524704024196 0.0252611823379993 0.147925093770027 0.0373186245560646 0.00460387114435434 0.00433081015944481 0.0106601575389504 0.0354239717125893 0.131810411810875 0.119885206222534 0.0840283259749413 0.0324166193604469 0.118549361824989 0.0857023522257805 0.138809770345688 0.920485138893127 0.999320209026337 0.999658048152924 0.999445617198944 0.999480903148651 0.997655749320984 0.999618291854858 0.999971747398376 0.999973595142365 0.999900698661804 0.999972641468048 0.99993497133255 0.998120963573456 0.999979734420776 0.999989986419678 0.999934911727905 0.999868512153625 0.999947905540466 0.999390661716461 0.999125182628632 0.999933779239655
0.00603017257526517 0.00574966240674257 0.00444719195365906 0.0038581860717386 0.00392147246748209 0.00310701713897288 0.00317168422043324 0.00259181740693748 0.00296544190496206 0.00841131526976824 0.027846273034811 0.00806096103042364 0.00814103521406651 0.00330158672295511 0.00460840202867985 0.00449628988280892 0.00693442299962044 0.0104437032714486 0.0146237602457404 0.0223590042442083 0.0467444621026516 0.086514912545681 0.0901293978095055 0.264097362756729 0.693786203861237 0.974696278572083 0.999115705490112 0.999887764453888 0.991898477077484 0.976600885391235 0.995541393756866 0.999967813491821 0.999993801116943 0.999880433082581 0.999872148036957 0.999881505966187 0.999740421772003 0.99998015165329 0.999562323093414 0.995041072368622 0.999798893928528 0.999835312366486 0.999184727668762 0.999984741210938
0.012537969276309 0.00992184970527887 0.00601821346208453 0.00498332129791379 0.00625776778906584 0.00517409108579159 0.00542532838881016 0.00438018888235092 0.00355793908238411 0.00300306710414588 0.00296996394172311 0.00282743200659752 0.00319023081101477 0.0023064196575433 0.00525694712996483 0.0269840452820063 0.0524867102503777 0.0319240912795067 0.0670844092965126 0.170011878013611 0.211840242147446 0.275069773197174 0.412506997585297 0.625778794288635 0.622785151004791 0.599445462226868 0.639198780059814 0.86114090681076 0.829918086528778 0.995669066905975 0.999898552894592 0.99979704618454 0.999835610389709 0.995198667049408 0.977960407733917 0.99510794878006 0.992267966270447 0.996580004692078 0.998258650302887 0.968078911304474 0.998810172080994 0.999777376651764 0.999850273132324 0.999972283840179
0.0205659568309784 0.01626156270504 0.0109665663912892 0.0105672962963581 0.0104565285146236 0.00853188801556826 0.00874563306570053 0.0087024150416255 0.00878482963889837 0.00897190812975168 0.00865496415644884 0.00459584919735789 0.00364667945541441 0.00282655120827258 0.00131324352696538 0.00496332021430135 0.0177223272621632 0.0508878380060196 0.049489002674818 0.00983047299087048 0.00924921128898859 0.0178808327764273 0.0414896309375763 0.0644279420375824 0.217414289712906 0.49316531419754 0.285672217607498 0.314630687236786 0.704432785511017 0.965357601642609 0.99154806137085 0.980415225028992 0.995927512645721 0.956303417682648 0.988283812999725 0.968547105789185 0.878238558769226 0.988678812980652 0.920900225639343 0.980231821537018 0.997937917709351 0.998286068439484 0.999718606472015 0.999628722667694
0.0326070077717304 0.0266718938946724 0.0213214475661516 0.0170087926089764 0.0175118036568165 0.0141612989827991 0.0166433211416006 0.0205585155636072 0.0204472225159407 0.0164965391159058 0.0162866935133934 0.0163277816027403 0.011083560064435 0.00736395549029112 0.00193062238395214 0.00166817475110292 0.00154851702973247 0.00184771907515824 0.00734759867191315 0.00714505696669221 0.00804661493748426 0.0111332247033715 0.0323623456060886 0.127057760953903 0.20996630191803 0.167151436209679 0.268948674201965 0.174736455082893 0.267048269510269 0.458696246147156 0.758168995380402 0.896556556224823 0.9639812707901 0.703911602497101 0.941455483436584 0.952166616916656 0.765598297119141 0.984656155109406 0.800187051296234 0.985221862792969 0.978197038173676 0.98739492893219 0.989834010601044 0.983887851238251
0.0608533434569836 0.0491704568266869 0.0402560941874981 0.0322978273034096 0.0259350687265396 0.0255408920347691 0.03045997582376 0.0308356713503599 0.0298594236373901 0.0296812746673822 0.0294813271611929 0.0292401500046253 0.0234416276216507 0.0237510297447443 0.0117703806608915 0.0100514255464077 0.00886290147900581 0.00323479645885527 0.0024011938367039 0.0110869621858001 0.0221284814178944 0.0326517671346664 0.054508775472641 0.0999326854944229 0.0873541980981827 0.0784423500299454 0.0975598767399788 0.107830345630646 0.127680242061615 0.283026874065399 0.480301827192307 0.611399233341217 0.790787100791931 0.595886766910553 0.799425363540649 0.773001313209534 0.694717824459076 0.65880823135376 0.794290900230408 0.939985871315002 0.949221968650818 0.879362821578979 0.829353213310242 0.682750463485718
0.0874151811003685 0.0616731159389019 0.0498376488685608 0.0481741763651371 0.0457534603774548 0.0460973791778088 0.0450859852135181 0.0445915386080742 0.0432261563837528 0.0427226796746254 0.0421250574290752 0.0354233682155609 0.034806951880455 0.0151387201622128 0.0148282656446099 0.0150932697579265 0.0125616705045104 0.00491708796471357 0.00308161741122603 0.0102661289274693 0.0219831708818674 0.0400905422866344 0.12803490459919 0.0843102261424065 0.0586536750197411 0.0665282607078552 0.0655102506279945 0.0912994146347046 0.102472871541977 0.12263460457325 0.188428670167923 0.392477542161942 0.501757502555847 0.445457607507706 0.552430927753448 0.523108780384064 0.505294978618622 0.543734014034271 0.75401383638382 0.702547311782837 0.803606152534485 0.677545964717865 0.521482050418854 0.451015800237656
0.086958646774292 0.0743403732776642 0.062369879335165 0.0628380849957466 0.0534739680588245 0.0522284097969532 0.0449119694530964 0.0376278646290302 0.0236911103129387 0.0265301894396544 0.0254891216754913 0.0209517050534487 0.00977395288646221 0.00984944868832827 0.0030857038218528 0.00307984999381006 0.00376890925690532 0.00539352931082249 0.00382897956296802 0.0320034585893154 0.0979687571525574 0.119176156818867 0.10141484439373 0.054266482591629 0.0508448779582977 0.0460241474211216 0.0449254177510738 0.0678106397390366 0.098059393465519 0.0900775417685509 0.18841689825058 0.264272153377533 0.316804051399231 0.405727446079254 0.459888190031052 0.521413147449493 0.50353592634201 0.509259641170502 0.791762232780457 0.742934107780457 0.70895117521286 0.595468819141388 0.39707738161087 0.334879815578461
-3.4e+38 0.0852541625499725 0.0834089294075966 0.0819149017333984 0.0835502147674561 0.074279248714447 0.048846423625946 0.0267767384648323 0.0117398304864764 0.00972719211131334 0.0162998456507921 0.0205153152346611 0.0465214513242245 0.0213241316378117 0.0200644191354513 0.0338556841015816 0.0786212682723999 0.0781873017549515 0.0347939655184746 0.0202952343970537 0.0838610753417015 0.168622210621834 0.129291042685509 0.124230042099953 0.176694557070732 0.219074726104736 0.31278133392334 0.285549193620682 0.255836874246597 0.129463627934456 0.167875662446022 0.201476916670799 0.245847076177597 0.309227168560028 0.323485612869263 0.348548710346222 0.434137225151062 0.477917015552521 0.683349967002869 0.727000653743744 0.807025194168091 0.854595422744751 0.812494456768036 0.588695108890533
