data/climate_estimation/maxent_output/Gagea_graeca.asc
NCOLS 162 
NROWS 63 
XLLCORNER 20.1666666666667 
YLLCORNER 34.5 
CELLSIZE 0.0833333333333333 
NODATA_value -3.4e+38 
[rows 0 to 22 of 63, columns 104 to 155 of 162]
0.169267013669014 0.207255125045776 0.180596172809601 0.190969586372375 0.182028204202652 0.143128633499146 0.163678288459778 0.169803932309151 0.179821759462357 0.153940573334694 0.117244996130466 0.0968908667564392 0.102422930300236 0.116041421890259 0.104338817298412 0.0922118350863457 0.0812235251069069 0.0493533723056316 0.0289346538484097 0.0228353086858988 0.0198094639927149 0.0187849551439285 0.0204169470816851 0.0228411722928286 0.0241445209830999 0.0244367923587561 0.0239570885896683 0.0256517361849546 0.0261066034436226 0.0262602586299181 0.0274400040507317 0.0278781615197659 0.0280400142073631 0.026655025780201 0.0248270481824875 0.0208558030426502 0.0193461962044239 0.0169479381293058 0.0169297214597464 0.0186021532863379 0.0157013442367315 0.0129586672410369 0.0111317206174135 0.0117379119619727 0.0189450699836016 0.0178670436143875 0.0141407800838351 0.0144338319078088 0.0241246577352285 0.0273865964263678 0.0210491605103016 0.0220055785030127
0.259054124355316 0.265717804431915 0.228259056806564 0.216096177697182 0.187240973114967 0.167709723114967 0.159068182110786 0.162071600556374 0.143599271774292 0.126676008105278 0.134293377399445 0.11479402333498 0.122858963906765 0.115979246795177 0.114197932183743 0.102418661117554 0.0728837475180626 0.0467369630932808 0.0259040091186762 0.0286169052124023 0.0263240206986666 0.0231843516230583 0.0200868677347898 0.0196750164031982 0.022807564586401 0.0241327211260796 0.025932589545846 0.0275219157338142 0.0305345673114061 0.0315232500433922 0.0328795537352562 0.0360225588083267 0.0310647953301668 0.0273153502494097 0.0225380659103394 0.0205686818808317 0.0182084161788225 0.015537359751761 0.0142742022871971 0.0151836415752769 0.0133704952895641 0.0136067140847445 0.0116350296884775 0.0114506697282195 0.0152818625792861 0.016261475160718 0.0141129232943058 0.0145028047263622 0.0185759533196688 0.0190701652318239 0.0186616890132427 0.0233489405363798
0.237494647502899 0.286530464887619 0.275681287050247 0.252424597740173 0.202073156833649 0.172999754548073 0.171146169304848 0.195584550499916 0.169078648090363 0.14048969745636 0.143976956605911 0.133610844612122 0.13150343298912 0.130966395139694 0.11616363376379 0.100138023495674 0.0985565483570099 0.083746150135994 0.0551146678626537 0.0347338542342186 0.0357514955103397 0.024733655154705 0.0205121487379074 0.0209308061748743 0.024398485198617 0.0234118141233921 0.0267421770840883 0.0268197115510702 0.032288447022438 0.0336240865290165 0.0325140655040741 0.0334915816783905 0.029872540384531 0.0267414208501577 0.023387111723423 0.020053556188941 0.0181433465331793 0.0151880029588938 0.0144665390253067 0.0137887122109532 0.0138530004769564 0.0125232599675655 0.0115915415808558 0.0116731114685535 0.0137195205315948 0.0151704493910074 0.0125062698498368 0.014375539496541 0.016297735273838 0.0169844646006823 0.0205381009727716 0.027026854455471
0.217034012079239 0.242658585309982 0.210047170519829 0.188382476568222 0.220391690731049 0.204723581671715 0.162804797291756 0.157013058662415 0.163406670093536 0.156512826681137 0.140663489699364 0.108891397714615 0.131323546171188 0.138745427131653 0.13208119571209 0.118960946798325 0.100159466266632 0.079716332256794 0.0714994072914124 0.0546846427023411 0.0370136685669422 0.0209425948560238 0.0206067729741335 0.0199913624674082 0.0229382384568453 0.0228979028761387 0.0242654662579298 0.0280894450843334 0.0284501723945141 0.0303873084485531 0.0308083556592464 0.0319043509662151 0.0324298702180386 0.0303811933845282 0.0241264440119267 0.0194159280508757 0.0180886015295982 0.0146236335858703 0.0138592282310128 0.0136117357760668 0.0116660604253411 0.0114612095057964 0.0121336104348302 0.0119848120957613 0.0148635786026716 0.0167313870042562 0.0137868020683527 0.0155494445934892 0.0167142953723669 0.0168624557554722 0.0199532341212034 0.021916089579463
0.145738482475281 0.258084684610367 0.146887630224228 0.0958067700266838 0.21527162194252 0.185242503881454 0.144256740808487 0.127992570400238 0.133488580584526 0.152637556195259 0.111428745090961 0.0998801290988922 0.0952155515551567 0.112830862402916 0.123324066400528 0.115956962108612 0.0952432975172997 0.0771024227142334 0.071101501584053 0.0461752153933048 0.0282848123461008 0.0213311854749918 0.0246852301061153 0.0225903205573559 0.0229693539440632 0.0236305519938469 0.027272330597043 0.0273189768195152 0.0294828284531832 0.0278903059661388 0.0289903804659843 0.0290298648178577 0.0279188957065344 0.0265355259180069 0.0264612417668104 0.0180644765496254 0.0177981201559305 0.0134438648819923 0.013434692285955 0.0124691752716899 0.0115708857774734 0.0108114955946803 0.0110141662880778 0.0126054845750332 0.0125966183841228 0.0135073428973556 0.0141548551619053 0.0141924247145653 0.0142093133181334 0.0166291631758213 0.0184325892478228 0.0163909737020731
0.146092250943184 0.251201838254929 0.159546062350273 0.172851473093033 0.245094656944275 0.181161463260651 0.133224055171013 0.139900431036949 0.158393725752831 0.169944226741791 0.150108486413956 0.148491933941841 0.142425149679184 0.132696449756622 0.118129931390285 0.103676654398441 0.102408319711685 0.0810503587126732 0.0704961642622948 0.040143296122551 0.0219758711755276 0.0261470172554255 0.0261301547288895 0.0251081772148609 0.0248401276767254 0.0237922854721546 0.0249709226191044 0.026105422526598 0.0285072941333055 0.0302531756460667 0.0277939718216658 0.0256129745393991 0.0237949024885893 0.0238932147622108 0.0231369026005268 0.0202109627425671 0.0174833927303553 0.0150989843532443 0.0125060062855482 0.0110629582777619 0.0101980641484261 0.0101904571056366 0.0113678155466914 0.0109517918899655 0.0108385710045695 0.0121340211480856 0.013722519390285 0.013692625798285 0.0140475304797292 0.0161012411117554 0.0162139218300581 0.0161698907613754
0.230846583843231 0.243944600224495 0.142295718193054 0.187200874090195 0.233347624540329 0.224432334303856 0.138530775904655 0.132855027914047 0.176326870918274 0.195703417062759 0.166291162371635 0.149345964193344 0.156009957194328 0.143235668540001 0.118685223162174 0.103911064565182 0.09249497205019 0.0648770704865456 0.0501886308193207 0.0420900508761406 0.0245786048471928 0.0228325668722391 0.0260712169110775 0.0239722318947315 0.0258275847882032 0.0229873210191727 0.024874372407794 0.0271409973502159 0.0288499817252159 0.0275139100849628 0.0266510974615812 0.027300987392664 0.0237704310566187 0.0217066574841738 0.0208874493837357 0.0170508790761232 0.0146394623443484 0.0128142228350043 0.0121334949508309 0.0108170928433537 0.00984881818294525 0.00930471159517765 0.00983317475765944 0.0110399462282658 0.010954518802464 0.0126946093514562 0.0124883241951466 0.0127139110118151 0.015383237041533 0.0147217521443963 0.0147535353899002 0.0149490097537637
0.251171410083771 0.251182615756989 0.232672467827797 0.169294565916061 0.157347083091736 0.20442333817482 0.168674603104591 0.145568057894707 0.17757660150528 0.16132253408432 0.150724485516548 0.145023986697197 0.142190262675285 0.128825232386589 0.119378603994846 0.0995505228638649 0.0774688348174095 0.0577248483896255 0.0373214781284332 0.0299295149743557 0.0280251521617174 0.0255438350141048 0.0246884543448687 0.0288847703486681 0.0270062461495399 0.0254192687571049 0.0245675407350063 0.0273017752915621 0.0252431537955999 0.028240779414773 0.0263300891965628 0.0247827190905809 0.0240218658000231 0.0226254034787416 0.0198527239263058 0.0175272542983294 0.0147432191297412 0.0131036778911948 0.0111015764996409 0.0102221686393023 0.00932060182094574 0.00914241839200258 0.00963200535625219 0.00992190558463335 0.0110026318579912 0.0119436252862215 0.0133112836629152 0.0137558812275529 0.0154949873685837 0.0151916071772575 0.0144358864054084 0.0149261588230729
0.179563954472542 0.15984208881855 0.236057549715042 0.230023816227913 0.181601613759995 0.112357400357723 0.221108421683311 0.222282603383064 0.181984961032867 0.139772921800613 0.119829848408699 0.132528319954872 0.135246962308884 0.11570730805397 0.11934008449316 0.0814802795648575 0.053843516856432 0.0397056937217712 0.0289956126362085 0.02092070505023 0.0214704927057028 0.0286369472742081 0.0268662478774786 0.0297240018844604 0.0254350490868092 0.0249602496623993 0.024535434320569 0.0254365485161543 0.0274302214384079 0.0261302758008242 0.0246353447437286 0.0257775075733662 0.0242834221571684 0.0207587014883757 0.0189680997282267 0.0163828358054161 0.013939923606813 0.0129531053826213 0.0106536047533154 0.0103975487872958 0.00999243184924126 0.00974536035209894 0.0104058487340808 0.0108889378607273 0.0118196299299598 0.0134483771398664 0.0181220285594463 0.0215737856924534 0.0223497804254293 0.0245402045547962 0.0218756049871445 0.0228303018957376
0.272188782691956 0.24066136777401 0.250458121299744 0.251891851425171 0.249509319663048 0.258172661066055 0.2447819262743 0.226176932454109 0.209088280797005 0.109038479626179 0.0797558501362801 0.111863940954208 0.125469326972961 0.116139851510525 0.105710290372372 0.0817770659923553 0.057285089045763 0.0358729586005211 0.0234582647681236 0.0198372211307287 0.0193232167512178 0.0230728164315224 0.0253142490983009 0.0269003622233868 0.0247743837535381 0.0248430706560612 0.0252901576459408 0.0247423406690359 0.025839552283287 0.0269458275288343 0.0248502641916275 0.024070143699646 0.0226486101746559 0.0192856956273317 0.0197477992624044 0.0158143937587738 0.0148245915770531 0.0128525979816914 0.0109191238880157 0.0105377761647105 0.00991424918174744 0.0104350782930851 0.0103456405922771 0.0122108506038785 0.013117590919137 0.0146533474326134 0.0252176076173782 0.0351487398147583 0.0450818128883839 0.0521781630814075 0.0433384850621223 0.0475838631391525
0.257628947496414 0.282221406698227 0.261669814586639 0.245308712124825 0.27282840013504 0.262462735176086 0.230990409851074 0.160570651292801 0.180909678339958 0.14200633764267 0.102511420845985 0.117855042219162 0.126196667551994 0.111552260816097 0.103494137525558 0.0901419520378113 0.0655369684100151 0.0493356771767139 0.0281427409499884 0.0200443547219038 0.0184310898184776 0.0215557180345058 0.0236872974783182 0.0226642228662968 0.0253737512975931 0.0249378643929958 0.0233808103948832 0.0252771992236376 0.031367052346468 0.0284106619656086 0.0262569021433592 0.0245460513979197 0.0245426502078772 0.0211326722055674 0.0197539255023003 0.016967736184597 0.0143497409299016 0.0129020735621452 0.0121175656095147 0.010298689827323 0.00985635723918676 0.0100622531026602 0.0103791039437056 0.012706458568573 0.0139635736122727 0.0156567953526974 0.0328163914382458 0.055618055164814 0.0820473656058311 0.0868850201368332 0.0865229740738869 0.083806075155735
0.308165282011032 0.309833079576492 0.281972289085388 0.290818989276886 0.320336371660233 0.267660677433014 0.227441683411598 0.165153667330742 0.158837735652924 0.161464363336563 0.15031935274601 0.147083416581154 0.126093089580536 0.111960776150227 0.0993469282984734 0.0854206159710884 0.0514418669044971 0.0339090377092361 0.0238506123423576 0.0188905093818903 0.0169130936264992 0.0205047745257616 0.0203905738890171 0.0221195705235004 0.0215523708611727 0.0254996512085199 0.0220481548458338 0.0268230456858873 0.0297391526401043 0.0243973303586245 0.0250413883477449 0.0237784553319216 0.023302786052227 0.0214661806821823 0.0197036657482386 0.0165465492755175 0.0147276232019067 0.0128561574965715 0.0120139298960567 0.00953320879489183 0.00933173950761557 0.00899139977991581 0.00956460181623697 0.0120706083253026 0.0140270153060555 0.0197485368698835 0.0291035417467356 0.0654314160346985 0.0891179591417313 0.0977839231491089 0.0976910591125488 0.0975288823246956
0.350859522819519 0.317718833684921 0.321210861206055 0.334209233522415 0.319609940052032 0.272172391414642 0.24932873249054 0.221999675035477 0.19945439696312 0.178482800722122 0.16416709125042 0.150842234492302 0.123061984777451 0.10223376750946 0.0882305279374123 0.084967665374279 0.0840919241309166 0.0487861596047878 0.0427157580852509 0.0575647428631783 0.0208737812936306 0.0204860251396894 0.0197595600038767 0.0199035760015249 0.0217573791742325 0.0207425355911255 0.0196642279624939 0.0197605956345797 0.0212789122015238 0.0241859555244446 0.0258292015641928 0.0237222090363503 0.0220015365630388 0.0211507491767406 0.0172611847519875 0.0162942875176668 0.0149871502071619 0.0118869598954916 0.0112484954297543 0.0099619822576642 0.00901282951235771 0.0092410184442997 0.00929107144474983 0.0112387156113982 0.015681829303503 0.0226962510496378 0.0456930585205555 0.0701861158013344 0.0930958911776543 0.120723016560078 0.113258183002472 0.0966020002961159
0.385101288557053 0.360772609710693 0.359886139631271 0.339105069637299 0.309372305870056 0.273976564407349 0.240163549780846 0.214355990290642 0.195783734321594 0.181235387921333 0.166007801890373 0.140797480940819 0.125145107507706 0.115670569241047 0.0958367958664894 0.0870548635721207 0.0847008302807808 0.0583987049758434 0.0575560107827187 0.0710766017436981 0.0549849048256874 0.0292130503803492 0.0339782238006592 0.0277666542679071 0.0232299864292145 0.0232843197882175 0.023854898288846 0.0228422489017248 0.0298569537699223 0.0352433808147907 0.0334151461720467 0.0287261325865984 0.0285513121634722 0.0252241306006908 0.0204525999724865 0.017601503059268 0.0137196183204651 0.0123547120019794 0.0104426546022296 0.0102822687476873 0.00864208489656448 0.00920762028545141 0.00929916743189096 0.0112321097403765 0.0140467016026378 0.0201154984533787 0.0397157669067383 0.0774049833416939 0.0961652174592018 0.144916519522667 0.108466096222401 0.099169597029686
0.362370938062668 0.330015242099762 0.353573560714722 0.324256598949432 0.290694564580917 0.279442101716995 0.2552749812603 0.221696749329567 0.196167483925819 0.180952250957489 0.157633900642395 0.110270701348782 0.112320698797703 0.116869196295738 0.111341901123524 0.082233689725399 0.0703743472695351 0.0865234658122063 0.070030190050602 0.0683797299861908 0.0476305857300758 0.046575453132391 0.0478969812393188 0.0419333651661873 0.0360199585556984 0.0518411062657833 0.0545960254967213 0.0464647188782692 0.0459393374621868 0.0576299354434013 0.0628895834088326 0.0537451095879078 0.0387854501605034 0.0283770896494389 0.0222945250570774 0.0169850252568722 0.0157067272812128 0.0158060360699892 0.0113859968259931 0.00960983149707317 0.009314832277596 0.0089828260242939 0.00789996143430471 0.0106926737353206 0.0128438379615545 0.0155303562059999 0.0314778499305248 0.0675735622644424 0.0854428261518478 0.0991925448179245 0.102664738893509 0.0906839817762375
0.334860622882843 0.349065005779266 0.344128489494324 0.321532994508743 0.314256876707077 0.301663011312485 0.266320377588272 0.213839381933212 0.200560256838799 0.182783588767052 0.160902872681618 0.116749830543995 0.125013843178749 0.126358672976494 0.105464965105057 0.0879256203770638 0.0799422711133957 0.0878870710730553 0.0766941979527473 0.0897468850016594 0.0843581184744835 0.0706740692257881 0.0738809555768967 0.0663054883480072 0.0620933659374714 0.0726230293512344 0.0617856383323669 0.0630568489432335 0.0567968711256981 0.078565314412117 0.101769722998142 0.0883923694491386 0.0589474551379681 0.0347634665668011 0.0233634617179632 0.0183044280856848 0.0147059457376599 0.0150361927226186 0.0115855392068624 0.010010527446866 0.00861326791346073 0.00810572877526283 0.00773742562159896 0.00898132380098104 0.0107869300991297 0.013255107216537 0.0279454160481691 0.0521065406501293 0.0802998766303062 0.0782329142093658 0.0800754204392433 0.0768389776349068
0.349545538425446 0.358248740434647 0.362309962511063 0.390678197145462 0.354156762361526 0.329908609390259 0.285062462091446 0.228175029158592 0.208961829543114 0.180903941392899 0.160400494933128 0.12828902900219 0.130072593688965 0.100976131856441 0.111693613231182 0.117541790008545 0.104727998375893 0.115009628236294 0.0786430165171623 0.0789948180317879 0.0960123464465141 0.112819261848927 0.110980093479156 0.106281325221062 0.097285307943821 0.0943358242511749 0.100776717066765 0.0894109308719635 0.0654513314366341 0.0635486021637917 0.0932368412613869 0.120619401335716 0.0781340003013611 0.039768535643816 0.0265379026532173 0.0203026849776506 0.0151852695271373 0.0130476914346218 0.0118792075663805 0.00997128896415234 0.00960061699151993 0.00807933229953051 0.00883648172020912 0.00847479421645403 0.00884559005498886 0.011088146828115 0.0195396617054939 0.0339956469833851 0.0481141544878483 0.0527535080909729 0.0589532144367695 0.0579243265092373
0.33731535077095 0.373726963996887 0.391146242618561 0.418767750263214 0.392061918973923 0.332831531763077 0.264120876789093 0.216209128499031 0.200822114944458 0.168143838644028 0.173536658287048 0.164439976215363 0.140146464109421 0.0963416323065758 0.0913845896720886 0.120485432446003 0.135730162262917 0.113474525511265 0.116254158318043 0.150818720459938 0.136475995182991 0.149059861898422 0.124102190136909 0.116758316755295 0.151924952864647 0.127382457256317 0.133606940507889 0.142534196376801 0.125494241714478 0.067990705370903 0.0615339763462543 0.076646201312542 0.08738724142313 0.0476049110293388 0.0247206594794989 0.0191457141190767 0.0145228682085872 0.0112959230318666 0.0104969749227166 0.0100318621844053 0.00963426008820534 0.00848120916634798 0.0085085965692997 0.00865995604544878 0.00793039426207542 0.00886516273021698 0.0143634611740708 0.020769227296114 0.0235197432339191 0.0298906210809946 0.0353479944169521 0.0340123698115349
0.374105781316757 0.345233112573624 0.371407777070999 0.383823543787003 0.425803780555725 0.342010468244553 0.261619508266449 0.220260873436928 0.168398469686508 0.183409810066223 0.169914960861206 0.158958777785301 0.147626593708992 0.133860990405083 0.131248295307159 0.112188704311848 0.145792633295059 0.132916763424873 0.172645553946495 0.126520231366158 0.108616217970848 0.135726511478424 0.175204008817673 0.181186646223068 0.151313409209251 0.133123755455017 0.158546358346939 0.164551839232445 0.150345385074615 0.127472221851349 0.0731382071971893 0.0622962974011898 0.0566726140677929 0.0526793412864208 0.030628414824605 0.0196387656033039 0.0128288632258773 0.0126951793208718 0.010313494130969 0.0105219157412648 0.0100347306579351 0.00912055559456348 0.0094603830948472 0.00833006482571363 0.00779649056494236 0.00738273933529854 0.0110775297507644 0.0122276060283184 0.0110527668148279 0.0157589074224234 0.0200344696640968 0.0194746740162373
0.439760982990265 0.387836068868637 0.421285361051559 0.376713633537292 0.368900507688522 0.29879304766655 0.264674544334412 0.236791417002678 0.202056378126144 0.200164616107941 0.171598002314568 0.148564681410789 0.140864118933678 0.127655699849129 0.124653853476048 0.142407193779945 0.147686883807182 0.13964980840683 0.127070292830467 0.151557072997093 0.185509026050568 0.206014811992645 0.181336775422096 0.172064736485481 0.202677577733994 0.205379635095596 0.176333084702492 0.121959693729877 0.116866894066334 0.148311927914619 0.1230838149786 0.0977399200201035 0.0701741576194763 0.0550866052508354 0.0371730588376522 0.0249065402895212 0.0189588516950607 0.0170241221785545 0.0151389334350824 0.0126109281554818 0.0127695528790355 0.0121635561808944 0.0116824079304934 0.00927430670708418 0.00797488167881966 0.00774924596771598 0.00699601275846362 0.00866044592112303 0.00788354221731424 0.00709432503208518 0.00942552834749222 0.0125267542898655
0.463605761528015 0.429177731275558 0.436923146247864 0.283503085374832 0.268960922956467 0.248525306582451 0.198726519942284 0.241987735033035 0.221671149134636 0.18465468287468 0.138548582792282 0.145385757088661 0.133801177144051 0.122367523610592 0.124009445309639 0.118032708764076 0.146578788757324 0.144289702177048 0.149299427866936 0.156542763113976 0.083561547100544 0.105229265987873 0.0708322674036026 0.167708292603493 0.219924226403236 0.210069820284843 0.0969798862934113 0.0758316591382027 0.0951745733618736 0.161517649888992 0.126505360007286 0.113217361271381 0.0852845087647438 0.0731749385595322 0.05500827729702 0.0361404269933701 0.0258647035807371 0.0217653587460518 0.0234346650540829 0.0155433677136898 0.0123798567801714 0.0132671482861042 0.0111813051626086 0.00904657784849405 0.00764166144654155 0.00698696682229638 0.00699815526604652 0.00772791216149926 0.0086638368666172 0.00669810082763433 0.00752407731488347 0.00838165823370218
0.426909387111664 0.348921686410904 0.353445947170258 0.43140521645546 0.239078357815742 0.215752974152565 0.229451566934586 0.236337155103683 0.204174295067787 0.143813744187355 0.129002332687378 0.1463672965765 0.136811494827271 0.119272507727146 0.115463584661484 0.12817719578743 0.135425165295601 0.148362562060356 0.167364671826363 0.181166991591454 0.190158933401108 0.209720179438591 0.169849932193756 0.21970422565937 0.236110746860504 0.217943802475929 0.107096195220947 0.0784498378634453 0.0785840377211571 0.157530471682549 0.16156966984272 0.147363841533661 0.126623868942261 0.100078426301479 0.0825143158435822 0.0528400577604771 0.0377074033021927 0.0308915413916111 0.0443066731095314 0.0308428891003132 0.0143861453980207 0.0119955521076918 0.00995325669646263 0.00779093103483319 0.00716072414070368 0.0062373299151659 0.00658478168770671 0.00741538545116782 0.00753051694482565 0.00565920537337661 0.00562994228675961 0.00552326627075672
0.363664180040359 0.355974465608597 0.343981027603149 0.346383959054947 0.420384109020233 0.361620485782623 0.296036124229431 0.263772189617157 0.187485501170158 0.155500456690788 0.118009075522423 0.151610255241394 0.141447752714157 0.130162194371223 0.114192225039005 0.123641945421696 0.118223018944263 0.136573240160942 0.151238158345222 0.162532553076744 0.197758927941322 0.213370203971863 0.214103922247887 0.211600750684738 0.252154380083084 0.189746677875519 0.132802188396454 0.0844822600483894 0.0696747377514839 0.0961246117949486 0.190315499901772 0.169023767113686 0.140846431255341 0.126650288701057 0.105019070208073 0.0791491642594337 0.0550899915397167 0.0547660477459431 0.0382952354848385 0.036882434040308 0.0317776240408421 0.0143717229366302 0.00856342352926731 0.00636898400261998 0.00620085233822465 0.00600877078250051 0.00606050482019782 0.00657442817464471 0.00624821521341801 0.00543310679495335 0.00517428992316127 0.00525815552100539
