data/climate_estimation/maxent_output/Gagea_bulbifera.asc
NCOLS 546 
NROWS 202 
XLLCORNER 43.1666666666667 
YLLCORNER 36.8333333333333 
CELLSIZE 0.0833333333333333 
NODATA_value -3.4e+38 
[rows 100 to 119 of 202, columns 176 to 219 of 546]
0.798124372959137 0.803736984729767 0.803677618503571 0.809184312820435 0.814691364765167 0.762410163879395 0.812090337276459 0.800990283489227 0.800935983657837 0.800990283489227 0.806615591049194 0.8065465092659 0.833372235298157 0.833428978919983 0.833403766155243 0.83342581987381 0.838553011417389 0.838623225688934 0.838679134845734 0.833488881587982 0.833520352840424 0.838719546794891 0.863079786300659 0.910647392272949 0.891557693481445 0.89158821105957 0.891593277454376 0.89164412021637 0.89164412021637 0.891700088977814 0.891707718372345 0.89170515537262 0.887509822845459 0.887530624866486 0.887533187866211 0.865647196769714 0.88895308971405 0.888986587524414 0.874145269393921 0.874205827713013 0.87418931722641 0.89526641368866 0.895212531089783 0.89106273651123
0.797967433929443 0.803585112094879 0.803529143333435 0.809152901172638 0.814516544342041 0.783429682254791 0.850605010986328 0.795250952243805 0.795271515846252 0.795271515846252 0.822606265544891 0.828010618686676 0.833201944828033 0.838421106338501 0.838414907455444 0.838421106338501 0.838470876216888 0.838459730148315 0.838539302349091 0.838413059711456 0.862802028656006 0.862853825092316 0.862853825092316 0.910560786724091 0.891440629959106 0.891453385353088 0.891483902931213 0.891537308692932 0.891519546508789 0.88728654384613 0.887265801429749 0.887338519096375 0.887380063533783 0.887446522712708 0.908263266086578 0.908235490322113 0.90825629234314 0.908214688301086 0.895110189914703 0.891032099723816 0.891032099723816 0.869494616985321 0.890937745571136 0.874083518981934
0.82520067691803 0.83039402961731 0.855287313461304 0.860139429569244 0.864876985549927 0.886707246303558 0.795076072216034 0.795106947422028 0.822501301765442 0.827868640422821 0.822604954242706 0.827905118465424 0.827889144420624 0.827873110771179 0.833119928836823 0.838355839252472 0.838220238685608 0.867391109466553 0.838408708572388 0.862679958343506 0.862697243690491 0.862726032733917 0.862760543823242 0.891254782676697 0.891272604465485 0.891318440437317 0.891318440437317 0.891356647014618 0.887130618095398 0.887241303920746 0.887301087379456 0.887337446212769 0.908145189285278 0.925216138362885 0.925201833248138 0.908188223838806 0.908188223838806 0.904316842556 0.890871405601501 0.890815258026123 0.890820324420929 0.890871405601501 0.890876471996307 0.886634111404419
0.855136692523956 0.855166256427765 0.859988331794739 0.859963357448578 0.864748477935791 0.743683636188507 0.731520652770996 0.737612545490265 0.737657010555267 0.743700504302979 0.743654131889343 0.743683636188507 0.749814093112946 0.749810397624969 0.778760612010956 0.778635203838348 0.749863147735596 0.867218494415283 0.881353557109833 0.881372272968292 0.881345570087433 0.881372272968292 0.844415366649628 0.844415366649628 0.819804608821869 0.819820880889893 0.819969475269318 0.814583659172058 0.839694917201996 0.839725911617279 0.86436802148819 0.864342272281647 0.86436516046524 0.841390430927277 0.841527879238129 0.904198288917542 0.904157936573029 0.904200613498688 0.890728414058685 0.890771806240082 0.89079886674881 0.890687525272369 0.886472523212433 0.886490762233734
0.859903991222382 0.840468466281891 0.880016684532166 0.884396016597748 0.886547207832336 0.73133796453476 0.725290536880493 0.731375277042389 0.731393933296204 0.731386482715607 0.794609665870667 0.800249040126801 0.800145149230957 0.778517425060272 0.778584420681 0.778518915176392 0.80576092004776 0.811302781105042 0.805848300457001 0.811422348022461 0.881249368190765 0.881249368190765 0.844308376312256 0.819573044776917 0.819625198841095 0.839388012886047 0.839425265789032 0.839490354061127 0.839508950710297 0.864176273345947 0.864100158214569 0.864222049713135 0.862693428993225 0.857985854148865 0.857924401760101 0.857953667640686 0.858000457286835 0.858050227165222 0.84223872423172 0.837012529373169 0.904753565788269 0.90470016002655 0.884945213794708 0.906063318252563
0.859692931175232 0.840304553508759 0.90404886007309 0.842722058296204 0.791543006896973 0.839926481246948 0.839822471141815 0.766592442989349 0.794395387172699 0.794450283050537 0.794417381286621 0.79444831609726 0.800116539001465 0.805692315101624 0.805678844451904 0.800145149230957 0.805613040924072 0.80570912361145 0.805725932121277 0.805819988250732 0.876725018024445 0.881174564361572 0.887677073478699 0.866976857185364 0.862379550933838 0.862379550933838 0.862373769283295 0.883476853370667 0.883490085601807 0.883521795272827 0.883577346801758 0.86250627040863 0.857810199260712 0.857775032520294 0.857804358005524 0.857859969139099 0.857821881771088 0.857821881771088 0.811758100986481 0.811827778816223 0.811791300773621 0.811791300773621 0.870542228221893 0.87048351764679
0.859559059143066 0.900002837181091 0.903920590877533 0.924880027770996 0.791306257247925 0.754591703414917 0.754548013210297 0.76056694984436 0.766423881053925 0.766470491886139 0.766499221324921 0.772299349308014 0.799878656864166 0.800038397312164 0.800075769424438 0.876476943492889 0.876474261283875 0.880722105503082 0.876545131206512 0.880794405937195 0.880715191364288 0.880845248699188 0.883302211761475 0.883302211761475 0.88335782289505 0.88337367773056 0.862295925617218 0.86223828792572 0.862249851226807 0.88339751958847 0.862310349941254 0.857596337795258 0.857596337795258 0.857652008533478 0.857732832431793 0.857732832431793 0.852819979190826 0.852764666080475 0.811568856239319 0.811602056026459 0.833421409130096 0.870458364486694 0.870391249656677 0.870416462421417
0.77495414018631 0.807907998561859 0.917896211147308 0.921403527259827 0.921440660953522 0.834483802318573 0.754333198070526 0.782723188400269 0.782761693000793 0.794106841087341 0.858729541301727 0.863505303859711 0.863539695739746 0.863426089286804 0.868156909942627 0.880580127239227 0.880604267120361 0.880617678165436 0.880617678165436 0.880706071853638 0.880719423294067 0.880789041519165 0.883188366889954 0.883254587650299 0.883228123188019 0.883228123188019 0.883230745792389 0.883206903934479 0.862148880958557 0.862169086933136 0.839025020599365 0.833932816982269 0.857493758201599 0.857493758201599 0.857615649700165 0.852683007717133 0.852715730667114 0.852866411209106 0.85433042049408 0.838334083557129 0.838457226753235 0.870276629924774 0.870265424251556 0.870290577411652
0.80230450630188 0.807819604873657 0.833194553852081 0.854397535324097 0.859210014343262 0.817469418048859 0.862022280693054 0.866780459880829 0.853680610656738 0.858551442623138 0.853708565235138 0.858598172664642 0.863330185413361 0.863314092159271 0.868044078350067 0.868021488189697 0.880456864833832 0.88049441576004 0.880497097969055 0.880537271499634 0.880539953708649 0.880566775798798 0.882984399795532 0.883008241653442 0.883040070533752 0.883042693138123 0.883095681667328 0.883153975009918 0.862091243267059 0.862127542495728 0.833816349506378 0.83387303352356 0.833841502666473 0.833972454071045 0.857353031635284 0.852584660053253 0.875932633876801 0.875946283340454 0.875916242599487 0.854217827320099 0.849267482757568 0.849333703517914 0.87011992931366 0.870103120803833
0.802172541618347 0.802021622657776 0.83311128616333 0.849267661571503 0.846959590911865 0.857106864452362 0.857121527194977 0.861992239952087 0.866649985313416 0.866667032241821 0.858472585678101 0.858389019966125 0.844655394554138 0.849751234054565 0.863238275051117 0.867902994155884 0.880312025547028 0.880322754383087 0.880336165428162 0.880360305309296 0.880395174026489 0.880432724952698 0.882854461669922 0.882907509803772 0.882907509803772 0.882949948310852 0.882997632026672 0.883110463619232 0.861965954303741 0.861965954303741 0.857206344604492 0.857221007347107 0.85722690820694 0.833767771720886 0.828524768352509 0.875812351703644 0.87584513425827 0.87584513425827 0.875820517539978 0.854169189929962 0.849198222160339 0.849168121814728 0.849287331104279 0.844512581825256
0.796408355236053 0.801959276199341 0.807511627674103 0.849221229553223 0.83661162853241 0.861772835254669 0.690746366977692 0.690685093402863 0.672989845275879 0.654784619808197 0.667730212211609 0.667596518993378 0.849501550197601 0.849546670913696 0.849558711051941 0.849600851535797 0.867865085601807 0.867804110050201 0.880215466022491 0.880215466022491 0.867846488952637 0.880303978919983 0.882708549499512 0.882732450962067 0.882882535457611 0.882909059524536 0.882890522480011 0.861672639846802 0.861718833446503 0.857027292251587 0.857056677341461 0.857111215591431 0.857169926166534 0.880005478858948 0.875672817230225 0.875648140907288 0.87988418340683 0.879902958869934 0.87578934431076 0.849098801612854 0.849365055561066 0.849487245082855 0.844371974468231 0.877789318561554
0.822356283664703 0.822330355644226 0.827579617500305 0.856387376785278 0.841643512248993 0.68426126241684 0.672818422317505 0.65470552444458 0.66105729341507 0.661058843135834 0.661058843135834 0.66743803024292 0.667457342147827 0.673767387866974 0.673775136470795 0.673805952072144 0.698134899139404 0.867774724960327 0.867800176143646 0.854415595531464 0.867753267288208 0.880180537700653 0.882586419582367 0.882626235485077 0.882658123970032 0.882682025432587 0.861528158187866 0.861562848091125 0.861648321151733 0.856842279434204 0.856871604919434 0.879895329475403 0.879898011684418 0.879916787147522 0.88005268573761 0.875519514083862 0.853766977787018 0.875557839870453 0.871076107025146 0.871120750904083 0.871087253093719 0.829547345638275 0.829585552215576 0.844346284866333
0.816951215267181 0.841441333293915 0.846457004547119 0.85136741399765 0.870762228965759 0.648013055324554 0.647931516170502 0.654519438743591 0.654538810253143 0.660948872566223 0.660861432552338 0.667209923267365 0.660820424556732 0.673688650131226 0.673642337322235 0.673547446727753 0.67360919713974 0.698152422904968 0.680170595645905 0.680068254470825 0.680064380168915 0.880032896995544 0.880046308040619 0.882512092590332 0.882538616657257 0.861483573913574 0.861466228961945 0.861483573913574 0.861538529396057 0.856695294380188 0.879728615283966 0.879728615283966 0.879723250865936 0.879763603210449 0.853633344173431 0.822747945785522 0.822702586650848 0.832833230495453 0.817365527153015 0.817395031452179 0.812033116817474 0.811999917030334 0.795524179935455 0.789928317070007
0.805860638618469 0.811263203620911 0.841293334960938 0.846295952796936 0.870684027671814 0.870700836181641 0.654228627681732 0.647964894771576 0.629263162612915 0.642057478427887 0.642072975635529 0.648588001728058 0.66703987121582 0.667055308818817 0.673542022705078 0.67343944311142 0.673424005508423 0.679866433143616 0.679985821247101 0.679902672767639 0.69795548915863 0.698008894920349 0.698008894920349 0.741641163825989 0.741678059101105 0.861241817474365 0.882479071617126 0.882503032684326 0.886654138565063 0.882333636283875 0.811741352081299 0.811691582202911 0.811691582202911 0.811819612979889 0.806374371051788 0.806324005126953 0.806313931941986 0.800890862941742 0.800924837589264 0.80082643032074 0.795304834842682 0.795321941375732 0.78972065448761 0.789758741855621
0.805718123912811 0.805652260780334 0.836039245128632 0.841190278530121 0.868571937084198 0.857630789279938 0.699421107769012 0.635582685470581 0.635495007038116 0.635553240776062 0.641859471797943 0.648289203643799 0.648390114307404 0.666823327541351 0.673241019248962 0.673291206359863 0.654624104499817 0.679697036743164 0.679758667945862 0.679640889167786 0.69785463809967 0.697888970375061 0.679737150669098 0.707241833209991 0.741373121738434 0.741347253322601 0.724720597267151 0.632655501365662 0.632659375667572 0.811575353145599 0.811575353145599 0.806026518344879 0.811633765697479 0.811640381813049 0.806189715862274 0.806193053722382 0.806159496307373 0.800751745700836 0.800707638263702 0.795107364654541 0.795112788677216 0.795133352279663 0.789592564105988 0.789571762084961
0.800044119358063 0.650823771953583 0.657150685787201 0.710032284259796 0.716319680213928 0.70551723241806 0.600076198577881 0.635380744934082 0.635376870632172 0.616333484649658 0.616360664367676 0.6226487159729 0.629036605358124 0.648046374320984 0.673075139522552 0.654568195343018 0.673148453235626 0.66091400384903 0.660991430282593 0.679543018341064 0.679467618465424 0.679506123065948 0.706987380981445 0.706987380981445 0.707114934921265 0.632360339164734 0.632360339164734 0.632507920265198 0.632507920265198 0.63258558511734 0.626120924949646 0.626274645328522 0.811497628688812 0.811544120311737 0.806041955947876 0.822125792503357 0.816843926906586 0.800493776798248 0.800497174263 0.811518669128418 0.79497903585434 0.7894366979599 0.789377808570862 0.767980456352234
0.637884676456451 0.644320428371429 0.65064537525177 0.709935963153839 0.709801077842712 0.698961019515991 0.635079383850098 0.609724283218384 0.616137862205505 0.622557818889618 0.616100668907166 0.603153705596924 0.609434127807617 0.609476804733276 0.615917325019836 0.615998804569244 0.660681664943695 0.660704910755157 0.660735905170441 0.679221153259277 0.685649514198303 0.667216062545776 0.66729724407196 0.713064610958099 0.695187866687775 0.689034581184387 0.689034581184387 0.63221663236618 0.632368087768555 0.632391393184662 0.625977218151093 0.626045525074005 0.626119315624237 0.619922697544098 0.619714677333832 0.639245331287384 0.811247646808624 0.81670606136322 0.811355888843536 0.811329305171967 0.805920779705048 0.773576974868774 0.767812192440033 0.767776429653168
0.683261871337891 0.637813150882721 0.625463247299194 0.612598955631256 0.692645728588104 0.681172668933868 0.609518826007843 0.590175092220306 0.59024840593338 0.596494793891907 0.583254039287567 0.602859437465668 0.580083966255188 0.615676701068878 0.615661203861237 0.622084736824036 0.64150869846344 0.660515189170837 0.666912972927094 0.666964769363403 0.666922271251678 0.667090773582458 0.685647964477539 0.69515186548233 0.695125102996826 0.695073187351227 0.61862325668335 0.60588538646698 0.612372756004333 0.632100105285645 0.619361400604248 0.619473993778229 0.625960052013397 0.61322683095932 0.639008402824402 0.63257884979248 0.63257884979248 0.626314461231232 0.62629896402359 0.60255765914917 0.602714836597443 0.596324920654297 0.576853573322296 0.570504605770111
0.676802754402161 0.637521922588348 0.643885612487793 0.612519800662994 0.618910133838654 0.67468923330307 0.583655297756195 0.590049982070923 0.596369445323944 0.590028405189514 0.547482192516327 0.533601939678192 0.553758800029755 0.589323103427887 0.595720887184143 0.622048199176788 0.621894478797913 0.621867299079895 0.666640043258667 0.666804671287537 0.666816294193268 0.666725099086761 0.666810154914856 0.694832265377045 0.694790184497833 0.618394255638123 0.694912552833557 0.682392299175262 0.688883423805237 0.612205982208252 0.59951263666153 0.60597288608551 0.619375348091125 0.638775408267975 0.632423460483551 0.626058161258698 0.626159131526947 0.602491855621338 0.608862936496735 0.59613162279129 0.60254830121994 0.589889705181122 0.596284627914429 0.590042471885681
0.658820748329163 0.630905628204346 0.618661403656006 0.586581349372864 0.593020439147949 0.599310100078583 0.596139073371887 0.583543598651886 0.596094965934753 0.56065970659256 0.527354776859283 0.553488910198212 0.539689004421234 0.589068412780762 0.608802258968353 0.621753096580505 0.621669292449951 0.628018021583557 0.666446685791016 0.666630685329437 0.666535615921021 0.666589736938477 0.666651606559753 0.694633424282074 0.694656372070312 0.694732844829559 0.694907188415527 0.612008213996887 0.61207640171051 0.605587065219879 0.605732679367065 0.599402666091919 0.593021750450134 0.619258880615234 0.606539309024811 0.608527302742004 0.602309882640839 0.608684599399567 0.595953762531281 0.602343142032623 0.58970057964325 0.596126139163971 0.583466768264771 0.589845657348633
