data/climate_estimation/maxent_output/Gagea_peduncularis.asc
NCOLS 193 
NROWS 97 
XLLCORNER 21.4166666666667 
YLLCORNER 33.1666666666667 
CELLSIZE 0.0833333333333333 
NODATA_value -3.4e+38 
[rows 21 to 41 of 97, columns 0 to 48 of 193]
0.535758852958679 0.660732567310333 0.515954673290253 0.362631350755692 0.292001515626907 0.24714495241642 0.215373158454895 0.199328780174255 0.181576907634735 0.172253012657166 0.182991907000542 0.171206086874008 0.173708736896515 0.224527284502983 0.21466489136219 0.193538784980774 0.234633803367615 0.275940746068954 0.406310379505157 0.540278375148773 0.405942142009735 -3.4e+38 -3.4e+38 -3.4e+38 -3.4e+38 -3.4e+38 -3.4e+38 -3.4e+38 -3.4e+38 -3.4e+38 -3.4e+38 -3.4e+38 -3.4e+38 0.674722015857697 -3.4e+38 -3.4e+38 -3.4e+38 -3.4e+38 -3.4e+38 -3.4e+38 -3.4e+38 -3.4e+38 0.790383696556091 0.786901414394379 -3.4e+38 -3.4e+38 -3.4e+38 -3.4e+38 -3.4e+38
0.685057103633881 0.586895167827606 0.644467771053314 0.552631497383118 0.427768558263779 0.30270066857338 0.268541783094406 0.234778210520744 0.210688546299934 0.197839960455894 0.194012209773064 0.208246916532516 0.221038371324539 0.272354364395142 0.284189671278 0.273461699485779 0.262275367975235 0.276287585496902 0.331506103277206 0.511864602565765 0.572227478027344 0.457621097564697 0.394700944423676 -3.4e+38 -3.4e+38 -3.4e+38 -3.4e+38 -3.4e+38 -3.4e+38 -3.4e+38 -3.4e+38 0.708955585956573 0.727190136909485 0.762245893478394 0.753661751747131 -3.4e+38 -3.4e+38 -3.4e+38 -3.4e+38 -3.4e+38 -3.4e+38 -3.4e+38 -3.4e+38 -3.4e+38 -3.4e+38 -3.4e+38 -3.4e+38 -3.4e+38 -3.4e+38
0.818358063697815 0.655852437019348 0.561187207698822 0.663546085357666 0.570494890213013 0.40803188085556 0.328761845827103 0.290183514356613 0.252778679132462 0.230393946170807 0.220369800925255 0.250763952732086 0.248521864414215 0.25844931602478 0.296987265348434 0.28291192650795 0.276666074991226 0.297756463289261 0.297774434089661 0.358190715312958 0.412549138069153 0.496846944093704 0.47130674123764 -3.4e+38 -3.4e+38 -3.4e+38 -3.4e+38 -3.4e+38 -3.4e+38 -3.4e+38 0.706470489501953 0.700806736946106 0.708804845809937 -3.4e+38 -3.4e+38 -3.4e+38 -3.4e+38 -3.4e+38 -3.4e+38 -3.4e+38 -3.4e+38 -3.4e+38 -3.4e+38 -3.4e+38 -3.4e+38 -3.4e+38 -3.4e+38 -3.4e+38 -3.4e+38
0.826937973499298 0.635496139526367 0.674040377140045 0.647821426391602 0.656854569911957 0.598600387573242 0.486734449863434 0.429347693920135 0.327249139547348 0.28470054268837 0.284603089094162 0.413069486618042 0.376540273427963 0.356608182191849 0.308540225028992 0.269973874092102 0.246387451887131 0.306425184011459 -3.4e+38 -3.4e+38 0.368413776159286 0.501777172088623 0.523642838001251 0.477775454521179 0.598485946655273 0.552156507968903 0.663062989711761 -3.4e+38 -3.4e+38 0.754037499427795 0.722949504852295 -3.4e+38 -3.4e+38 -3.4e+38 -3.4e+38 -3.4e+38 -3.4e+38 -3.4e+38 -3.4e+38 -3.4e+38 -3.4e+38 -3.4e+38 -3.4e+38 -3.4e+38 -3.4e+38 -3.4e+38 -3.4e+38 -3.4e+38 -3.4e+38
0.850515127182007 0.814972937107086 0.848960697650909 0.695143282413483 0.734253585338593 0.718897223472595 0.65022599697113 0.551458358764648 0.513647615909576 0.484600514173508 0.439382940530777 0.426832288503647 0.434593826532364 0.509856760501862 0.522663712501526 0.440772593021393 0.344302862882614 0.350036352872849 0.377882927656174 0.434764564037323 0.446988582611084 0.461677610874176 0.525031447410583 0.505577802658081 0.543619215488434 0.544310748577118 0.727255642414093 0.712693512439728 0.746209323406219 0.688004195690155 -3.4e+38 -3.4e+38 0.69507771730423 -3.4e+38 -3.4e+38 -3.4e+38 -3.4e+38 -3.4e+38 -3.4e+38 -3.4e+38 -3.4e+38 -3.4e+38 -3.4e+38 -3.4e+38 -3.4e+38 -3.4e+38 -3.4e+38 -3.4e+38 -3.4e+38
0.84648722410202 0.862455308437347 0.8633953332901 0.831740975379944 0.761527180671692 0.765836775302887 0.725121080875397 0.642945826053619 0.590607404708862 0.545238614082336 0.515328466892242 0.525928854942322 0.525731325149536 0.572986721992493 0.660911560058594 0.670640051364899 0.529682755470276 0.425615072250366 0.415024220943451 0.432702749967575 0.429809600114822 0.45010244846344 0.512906432151794 0.504041016101837 -3.4e+38 -3.4e+38 -3.4e+38 0.686504364013672 -3.4e+38 -3.4e+38 0.64887672662735 0.668345212936401 0.662894666194916 -3.4e+38 -3.4e+38 -3.4e+38 -3.4e+38 -3.4e+38 -3.4e+38 -3.4e+38 -3.4e+38 -3.4e+38 -3.4e+38 -3.4e+38 -3.4e+38 -3.4e+38 -3.4e+38 -3.4e+38 -3.4e+38
0.867057383060455 0.842756509780884 0.855156123638153 0.864238023757935 0.778604924678802 0.786884546279907 0.733366370201111 0.677904546260834 0.55495810508728 0.503343284130096 0.506288170814514 0.542360961437225 0.569055497646332 0.544783353805542 0.568739891052246 0.577105760574341 0.564073503017426 0.419224679470062 0.463748395442963 0.433006525039673 0.448245733976364 0.528741538524628 0.645027220249176 0.605098307132721 0.559794962406158 -3.4e+38 -3.4e+38 -3.4e+38 -3.4e+38 -3.4e+38 -3.4e+38 -3.4e+38 -3.4e+38 -3.4e+38 -3.4e+38 -3.4e+38 0.753598272800446 0.774906516075134 -3.4e+38 -3.4e+38 -3.4e+38 -3.4e+38 -3.4e+38 -3.4e+38 -3.4e+38 -3.4e+38 -3.4e+38 -3.4e+38 -3.4e+38
0.871781468391418 0.893692374229431 0.877566516399384 0.892885088920593 0.877410411834717 0.821235835552216 0.776547193527222 0.755176424980164 0.705612540245056 0.672196447849274 0.682216465473175 0.467944830656052 0.400340348482132 0.368067175149918 0.363585621118546 0.373934119939804 0.405374675989151 0.507997512817383 0.510595083236694 0.499860018491745 0.608793616294861 0.682213604450226 0.683131635189056 0.702325344085693 0.574203312397003 -3.4e+38 -3.4e+38 -3.4e+38 -3.4e+38 -3.4e+38 -3.4e+38 -3.4e+38 -3.4e+38 -3.4e+38 -3.4e+38 0.73526006937027 0.770449340343475 0.782543540000916 0.782212853431702 -3.4e+38 -3.4e+38 -3.4e+38 -3.4e+38 -3.4e+38 -3.4e+38 -3.4e+38 -3.4e+38 -3.4e+38 -3.4e+38
0.893486201763153 0.89662903547287 0.904486000537872 0.895410001277924 0.894950091838837 0.856163620948792 0.838045597076416 0.819157361984253 0.795628905296326 0.818611741065979 0.741627275943756 0.720600485801697 0.586469352245331 0.624701380729675 0.48051181435585 0.422940939664841 0.572067081928253 0.462790668010712 0.441467672586441 0.451397955417633 -3.4e+38 0.55394458770752 0.630643665790558 0.616012632846832 0.596030831336975 0.634118497371674 0.669458031654358 0.673185586929321 -3.4e+38 -3.4e+38 -3.4e+38 -3.4e+38 -3.4e+38 -3.4e+38 -3.4e+38 -3.4e+38 0.72402822971344 0.756716966629028 0.808304131031036 0.761989057064056 -3.4e+38 -3.4e+38 -3.4e+38 -3.4e+38 -3.4e+38 -3.4e+38 -3.4e+38 -3.4e+38 -3.4e+38
0.880374193191528 0.889153301715851 0.890621721744537 0.886174142360687 0.903426229953766 0.904875993728638 0.854173719882965 0.853480279445648 0.757000505924225 0.801524758338928 0.810116350650787 0.727976083755493 0.689399063587189 0.71158641576767 0.668489336967468 0.617517352104187 0.641061067581177 0.639018535614014 0.604165017604828 0.50289398431778 0.490386009216309 0.528957784175873 -3.4e+38 0.707023501396179 0.782414197921753 0.733453571796417 0.849022388458252 0.845711469650269 0.779042541980743 0.660186171531677 0.699506759643555 0.784108221530914 0.676539301872253 -3.4e+38 -3.4e+38 -3.4e+38 -3.4e+38 -3.4e+38 -3.4e+38 -3.4e+38 -3.4e+38 -3.4e+38 -3.4e+38 -3.4e+38 -3.4e+38 -3.4e+38 -3.4e+38 -3.4e+38 -3.4e+38
0.817710876464844 0.871673405170441 0.876565635204315 0.876067161560059 0.886708498001099 0.895603597164154 0.85325026512146 0.858356535434723 0.864099085330963 0.877958178520203 0.780129432678223 0.801875472068787 0.776753485202789 0.742335796356201 0.703580558300018 0.616621196269989 0.636761367321014 0.685162901878357 0.719898819923401 0.630833625793457 0.579858601093292 0.56622725725174 0.582752227783203 0.523801267147064 0.813436925411224 0.767564415931702 0.773146569728851 0.827237248420715 0.853720366954803 0.871023118495941 0.865583896636963 0.846486151218414 0.758459806442261 0.666709899902344 -3.4e+38 -3.4e+38 -3.4e+38 -3.4e+38 -3.4e+38 -3.4e+38 -3.4e+38 -3.4e+38 -3.4e+38 -3.4e+38 -3.4e+38 -3.4e+38 -3.4e+38 -3.4e+38 -3.4e+38
0.790862381458282 0.761745274066925 0.747861683368683 0.841651618480682 0.871981739997864 0.881150960922241 0.873148679733276 0.879809558391571 0.880622148513794 0.855185210704803 0.875267207622528 0.784981429576874 0.802460610866547 0.850284337997437 0.793382465839386 0.732639849185944 0.598895609378815 0.612729430198669 0.617010772228241 0.631438553333282 0.640275776386261 0.632154405117035 0.603464484214783 0.575796961784363 -3.4e+38 0.577624917030334 0.611343622207642 0.666718006134033 0.731872260570526 0.869507670402527 0.87294340133667 0.79237961769104 0.71414852142334 0.766254484653473 -3.4e+38 -3.4e+38 -3.4e+38 -3.4e+38 -3.4e+38 -3.4e+38 -3.4e+38 -3.4e+38 -3.4e+38 -3.4e+38 -3.4e+38 -3.4e+38 -3.4e+38 -3.4e+38 0.809381663799286
0.866965055465698 0.853475868701935 0.81132572889328 0.813978016376495 0.849552154541016 0.819520115852356 0.824213981628418 0.875285029411316 0.880675733089447 0.874127686023712 0.859239935874939 0.798319160938263 0.776367902755737 0.775006413459778 0.797213792800903 0.738205850124359 0.735550880432129 0.638345122337341 0.578238725662231 0.580188512802124 0.572767198085785 0.585458815097809 0.66937518119812 0.626220464706421 0.739199697971344 0.645758330821991 0.579029619693756 0.675060629844666 0.804228603839874 0.843618512153625 0.822447657585144 0.723587870597839 0.731577277183533 0.739406526088715 -3.4e+38 -3.4e+38 -3.4e+38 -3.4e+38 -3.4e+38 -3.4e+38 -3.4e+38 -3.4e+38 -3.4e+38 -3.4e+38 -3.4e+38 -3.4e+38 -3.4e+38 -3.4e+38 -3.4e+38
0.737613379955292 0.717067122459412 0.72785097360611 0.770512402057648 0.682560443878174 0.628643035888672 0.700910270214081 0.811444044113159 0.825891673564911 0.81026554107666 0.798621296882629 0.713341891765594 0.817788004875183 0.822172701358795 0.759257435798645 0.793579638004303 0.7816162109375 0.764014005661011 0.739279329776764 0.67229962348938 0.599300622940063 0.598329246044159 0.556050181388855 0.593312084674835 0.650291264057159 0.608408987522125 0.573734939098358 0.576345086097717 0.617497146129608 0.638423144817352 0.743306338787079 0.708837032318115 0.7329460978508 0.692465364933014 -3.4e+38 -3.4e+38 -3.4e+38 -3.4e+38 -3.4e+38 -3.4e+38 -3.4e+38 -3.4e+38 -3.4e+38 -3.4e+38 -3.4e+38 -3.4e+38 -3.4e+38 -3.4e+38 -3.4e+38
0.704531610012054 0.675987482070923 -3.4e+38 0.469345599412918 0.629450440406799 0.795581340789795 0.730890035629272 0.587006032466888 0.576501548290253 0.665905773639679 -3.4e+38 -3.4e+38 -3.4e+38 0.712197721004486 0.577812850475311 0.774213850498199 0.833835303783417 0.807612180709839 0.817915797233582 0.808010816574097 0.687362968921661 0.650501668453217 0.628318965435028 0.64342075586319 0.657227039337158 0.639850437641144 0.592479109764099 0.597590804100037 0.682109534740448 0.751314163208008 0.711933612823486 0.72931170463562 0.732929825782776 0.745041728019714 0.634510576725006 -3.4e+38 -3.4e+38 -3.4e+38 -3.4e+38 -3.4e+38 -3.4e+38 -3.4e+38 -3.4e+38 -3.4e+38 -3.4e+38 -3.4e+38 -3.4e+38 -3.4e+38 -3.4e+38
0.755249500274658 0.692859709262848 -3.4e+38 0.508509635925293 0.75272673368454 0.869012117385864 0.808580935001373 0.746561288833618 0.723723828792572 0.619207859039307 0.583223223686218 0.559711098670959 -3.4e+38 -3.4e+38 -3.4e+38 -3.4e+38 0.697216808795929 0.681921780109406 0.624445140361786 0.69252473115921 0.680335104465485 0.769820749759674 0.80414891242981 0.780361652374268 0.797340571880341 0.811950623989105 0.845883786678314 0.873457431793213 0.851151347160339 0.797305881977081 0.807730317115784 0.666069865226746 0.698706448078156 0.696256995201111 0.732414484024048 0.628871023654938 -3.4e+38 -3.4e+38 -3.4e+38 -3.4e+38 -3.4e+38 -3.4e+38 -3.4e+38 -3.4e+38 -3.4e+38 -3.4e+38 -3.4e+38 -3.4e+38 -3.4e+38
0.754345655441284 0.695530474185944 0.633838355541229 0.651758968830109 0.792218506336212 0.828431129455566 0.82518470287323 0.817633330821991 0.826374173164368 0.816252648830414 0.787285029888153 0.742294430732727 0.706353604793549 0.626282215118408 0.52894514799118 -3.4e+38 -3.4e+38 -3.4e+38 -3.4e+38 -3.4e+38 -3.4e+38 0.640277087688446 0.817913472652435 0.809955358505249 0.630449175834656 0.633111000061035 0.818524897098541 0.847267329692841 0.785428464412689 0.811945021152496 0.680353224277496 0.616757154464722 -3.4e+38 0.70813924074173 0.822318196296692 0.810217320919037 0.820435285568237 0.814015746116638 0.625728070735931 -3.4e+38 -3.4e+38 -3.4e+38 -3.4e+38 -3.4e+38 -3.4e+38 -3.4e+38 -3.4e+38 -3.4e+38 -3.4e+38
0.757517278194427 0.784184753894806 0.740536749362946 0.706132173538208 0.769369125366211 0.812597930431366 0.812939941883087 0.816923856735229 0.817990779876709 0.845232307910919 0.85375440120697 0.862475752830505 0.856528460979462 0.766420304775238 0.716161727905273 0.583197832107544 0.554866075515747 0.562981247901917 0.700441241264343 0.751835227012634 0.797645151615143 0.687474548816681 0.57910943031311 0.616735637187958 0.559816658496857 0.443160235881805 0.477784365415573 0.491924554109573 0.608980894088745 0.788769960403442 0.675162613391876 0.575244069099426 -3.4e+38 0.701050698757172 0.67492413520813 0.734018921852112 0.857315480709076 0.815146446228027 0.623909056186676 -3.4e+38 -3.4e+38 -3.4e+38 -3.4e+38 -3.4e+38 -3.4e+38 -3.4e+38 -3.4e+38 -3.4e+38 -3.4e+38
0.757302105426788 0.77934604883194 0.744839668273926 0.742945432662964 0.822903335094452 0.829206943511963 0.816633582115173 0.814944207668304 0.833493113517761 0.833565592765808 0.829862475395203 0.840969681739807 0.868232131004333 0.851876676082611 0.794532358646393 0.641791582107544 0.53336089849472 0.514360129833221 0.573692619800568 0.651589930057526 0.653440594673157 0.652322053909302 0.608641445636749 0.479365050792694 0.484963327646255 0.469787389039993 0.457390278577805 0.432275235652924 0.75933051109314 0.625965774059296 0.596998393535614 0.566446244716644 -3.4e+38 0.636762976646423 0.673933625221252 0.659200370311737 0.735375881195068 0.669121623039246 -3.4e+38 0.699965953826904 0.723272979259491 0.587751269340515 -3.4e+38 -3.4e+38 -3.4e+38 -3.4e+38 -3.4e+38 -3.4e+38 -3.4e+38
0.732780575752258 0.712153673171997 0.722330749034882 0.79455304145813 0.81150621175766 0.792102634906769 0.783958911895752 0.767734229564667 0.768330633640289 0.809051334857941 0.805076718330383 0.822044789791107 0.80860698223114 0.814119696617126 0.716854810714722 0.727990329265594 0.618070244789124 0.64009290933609 0.583681881427765 0.507383286952972 0.526251196861267 -3.4e+38 -3.4e+38 0.508898019790649 0.51511424779892 0.462417483329773 -3.4e+38 0.471060872077942 0.636620163917542 0.58434647321701 0.614893853664398 0.612318694591522 -3.4e+38 -3.4e+38 -3.4e+38 -3.4e+38 -3.4e+38 -3.4e+38 -3.4e+38 0.657489478588104 0.73665326833725 0.788831949234009 0.67327868938446 -3.4e+38 -3.4e+38 -3.4e+38 -3.4e+38 -3.4e+38 -3.4e+38
0.755121111869812 0.731095433235168 0.74298232793808 0.760507881641388 0.748206973075867 0.767363965511322 0.77968043088913 0.708404958248138 0.763474106788635 0.761516690254211 0.786151707172394 0.82781583070755 0.812606513500214 0.792885184288025 0.735604763031006 0.714442670345306 0.731169819831848 0.761511623859406 0.767086207866669 0.771019279956818 0.653459191322327 0.509929299354553 0.494230568408966 -3.4e+38 0.5137580037117 0.503246009349823 -3.4e+38 -3.4e+38 0.541335582733154 0.561276733875275 0.661264002323151 0.626469433307648 0.536011397838593 -3.4e+38 -3.4e+38 -3.4e+38 -3.4e+38 -3.4e+38 -3.4e+38 -3.4e+38 0.695123434066772 0.770369708538055 0.703712165355682 -3.4e+38 -3.4e+38 -3.4e+38 -3.4e+38 -3.4e+38 -3.4e+38
