data/climate_estimation/maxent_output/Gagea_afghanica.asc
NCOLS 245 
NROWS 94 
XLLCORNER 52.5 
YLLCORNER 33.6666666666667 
CELLSIZE 0.0833333333333333 
NODATA_value -3.4e+38 
[rows 40 to 59 of 94, columns 0 to 43 of 245]
-3.4e+38 -3.4e+38 -3.4e+38 -3.4e+38 -3.4e+38 0.655735492706299 0.733847856521606 0.744847416877747 0.824422299861908 0.835564196109772 0.885322093963623 0.838269412517548 0.833894073963165 0.788679838180542 0.696662306785583 0.721669793128967 0.65991997718811 0.601504325866699 0.654774188995361 0.6681969165802 0.672109127044678 0.720127880573273 0.716459810733795 0.743815839290619 0.75439190864563 0.799746751785278 0.835898041725159 0.863224625587463 0.896150767803192 0.920201599597931 0.934642255306244 0.942665696144104 0.9376021027565 0.938569247722626 0.942498922348022 0.944311618804932 0.95973926782608 0.967218697071075 0.9711874127388 0.97746479511261 0.982537150382996 0.983582675457001 0.984803438186646 0.992660105228424
-3.4e+38 -3.4e+38 -3.4e+38 -3.4e+38 -3.4e+38 0.627892673015594 0.625437796115875 0.714193344116211 0.803129911422729 0.815620601177216 0.878454148769379 0.815772354602814 0.78517884016037 0.781901895999908 0.738259494304657 0.6862553358078 0.657056629657745 0.653439044952393 0.642661392688751 0.644747912883759 0.691060543060303 0.694096922874451 0.736912250518799 0.738717377185822 0.787748694419861 0.825117111206055 0.831944108009338 0.853146374225616 0.880258977413177 0.91908586025238 0.92044734954834 0.921621203422546 0.916525483131409 0.913830637931824 0.916369616985321 0.920305788516998 0.933132469654083 0.941554427146912 0.945133864879608 0.956229031085968 0.974411427974701 0.983553349971771 0.989708840847015 0.990066170692444
-3.4e+38 -3.4e+38 -3.4e+38 -3.4e+38 -3.4e+38 0.536442041397095 0.606819033622742 0.626430153846741 0.717678248882294 0.795238196849823 0.874397337436676 0.837892353534698 0.78996729850769 0.817173600196838 0.734001398086548 0.683771133422852 0.693106234073639 0.633149862289429 0.689861655235291 0.689393818378448 0.731252551078796 0.725704967975616 0.782307684421539 0.774041712284088 0.803352773189545 0.788788139820099 0.835107684135437 0.863724708557129 0.906216025352478 0.909931659698486 0.901417076587677 0.89921247959137 0.890671908855438 0.890680730342865 0.895120143890381 0.896683752536774 0.908344507217407 0.913582861423492 0.925673246383667 0.944551289081573 0.974249064922333 0.973358809947968 0.974568903446198 0.975623667240143
-3.4e+38 -3.4e+38 -3.4e+38 -3.4e+38 -3.4e+38 0.524317741394043 0.521448910236359 0.614164352416992 0.678612232208252 0.698381304740906 0.795262157917023 0.842353641986847 0.812544822692871 0.795069694519043 0.710801780223846 0.720487713813782 0.668760180473328 0.675828516483307 0.658344686031342 0.711512207984924 0.70119035243988 0.752669274806976 0.781708896160126 0.780750870704651 0.830523192882538 0.814590811729431 0.849926888942719 0.869768083095551 0.890482068061829 0.883033514022827 0.878280341625214 0.88028359413147 0.880439817905426 0.872086524963379 0.874946653842926 0.881725549697876 0.893689274787903 0.905870079994202 0.911859810352325 0.911961674690247 0.924510478973389 0.945143461227417 0.971312820911407 0.979990839958191
-3.4e+38 -3.4e+38 -3.4e+38 -3.4e+38 -3.4e+38 0.433169364929199 0.502858817577362 0.584421813488007 0.608175277709961 0.672500908374786 0.751059293746948 0.830332517623901 0.775246262550354 0.784583926200867 0.742042303085327 0.711902260780334 0.654992699623108 0.70443320274353 0.703512012958527 0.750510096549988 0.738258957862854 0.786685347557068 0.813762664794922 0.823274910449982 0.820280373096466 0.85642546415329 0.854601621627808 0.869282066822052 0.871746242046356 0.866870522499084 0.818890392780304 0.81030660867691 0.857510983943939 0.858611822128296 0.867143094539642 0.900335550308228 0.94413286447525 0.950315654277802 0.941737234592438 0.946402549743652 0.968514025211334 0.97855418920517 0.973375499248505 0.977343797683716
-3.4e+38 -3.4e+38 -3.4e+38 -3.4e+38 -3.4e+38 0.398163616657257 0.422867268323898 0.491609692573547 0.580717086791992 0.649563372135162 0.746604979038239 0.755074560642242 0.796885430812836 0.744087398052216 0.743538498878479 0.67795318365097 0.681094169616699 0.675350189208984 0.71758359670639 0.767647325992584 0.801770508289337 0.820068001747131 0.853069663047791 0.799981236457825 0.808663189411163 0.826204359531403 0.831102311611176 0.862339854240417 0.807199895381927 0.787112891674042 0.788768589496613 0.777814090251923 0.861542344093323 0.887123584747314 0.89386773109436 0.90431934595108 0.915550768375397 0.925812363624573 0.940163314342499 0.948031544685364 0.966629087924957 0.968075931072235 0.972848832607269 0.973376452922821
-3.4e+38 -3.4e+38 -3.4e+38 -3.4e+38 -3.4e+38 0.224192082881927 0.334782063961029 0.410463213920593 0.486097246408463 0.562723338603973 0.649926900863647 0.731328129768372 0.771847248077393 0.713787794113159 0.717704951763153 0.718048095703125 0.725989520549774 0.718428254127502 0.752160608768463 0.788863301277161 0.78356945514679 0.805658876895905 0.812612175941467 0.800409436225891 0.810928463935852 0.790023624897003 0.797870516777039 0.787498712539673 0.783235728740692 0.755420625209808 0.743546545505524 0.735374927520752 0.823563575744629 0.835953950881958 0.849225640296936 0.827751040458679 0.863040149211884 0.876188337802887 0.915414333343506 0.928816676139832 0.95610773563385 0.955722093582153 0.963890850543976 0.959885835647583
-3.4e+38 -3.4e+38 -3.4e+38 -3.4e+38 -3.4e+38 0.16352105140686 0.291404098272324 0.38643142580986 0.459276646375656 0.528505682945251 0.617746770381927 0.696360409259796 0.703144490718842 0.700187563896179 0.659382998943329 0.735755324363708 0.740477025508881 0.733462810516357 0.776927471160889 0.778552532196045 0.807158470153809 0.791833102703094 0.724233448505402 0.71927547454834 0.712427854537964 0.70343416929245 0.709244012832642 0.678283989429474 0.666889667510986 0.701774656772614 0.684624254703522 0.671915829181671 0.730944037437439 0.762211322784424 0.762265861034393 0.745879530906677 0.773226320743561 0.830276191234589 0.894887447357178 0.937145709991455 0.95014214515686 0.954780697822571 0.956104874610901 0.956238806247711
-339999999999999996123846586046231871488.000000000000000 -3.4e+38 -3.4e+38 -3.4e+38 -3.4e+38 0.127741232514381 0.154688209295273 0.285844653844833 0.363827854394913 0.428822904825211 0.512376546859741 0.606981754302979 0.700856804847717 0.737068116664886 0.710261285305023 0.712291181087494 0.713739156723022 0.788624584674835 0.79484087228775 0.775883674621582 0.716322124004364 0.703816950321198 0.636023819446564 0.616275548934937 0.603460192680359 0.599856197834015 0.599046528339386 0.642675638198853 0.611502289772034 0.587367653846741 0.607561528682709 0.574079811573029 0.624295294284821 0.636831939220428 0.650882542133331 0.677128612995148 0.788551509380341 0.859084188938141 0.910880446434021 0.944550752639771 0.961477994918823 0.962898075580597 0.964038670063019 0.956361711025238
-3.4e+38 -3.4e+38 -3.4e+38 -3.4e+38 -3.4e+38 0.0893071368336678 0.113713972270489 0.151997447013855 0.284615784883499 0.360448658466339 0.422445803880692 0.499299943447113 0.569683969020844 0.677248656749725 0.691502869129181 0.687523126602173 0.685539662837982 0.691197991371155 0.705976009368896 0.615670204162598 0.614543318748474 0.599768936634064 0.525494635105133 0.511307060718536 0.502684533596039 0.499988466501236 0.550214231014252 0.522994458675385 0.547229945659637 0.500091671943665 0.513974905014038 0.483508586883545 0.460586279630661 0.525865733623505 0.55164110660553 0.597424566745758 0.699248433113098 0.827652812004089 0.879343330860138 0.907837092876434 0.919766902923584 0.948129296302795 0.963124930858612 0.964943289756775
-3.4e+38 -3.4e+38 -3.4e+38 -3.4e+38 -3.4e+38 0.0625613927841187 0.0816641673445702 0.107310995459557 0.146250903606415 0.262209355831146 0.33996370434761 0.409296125173569 0.482549428939819 0.486510336399078 0.573137581348419 0.584366917610168 0.583814918994904 0.596813559532166 0.593859851360321 0.52115923166275 0.514599978923798 0.442375928163528 0.425327301025391 0.353598237037659 0.396539449691772 0.384753912687302 0.422009915113449 0.44427964091301 0.410931050777435 0.422889709472656 0.388700425624847 0.396078914403915 0.392823696136475 0.456865161657333 0.491407871246338 0.628933548927307 0.816382884979248 0.920837998390198 0.941511809825897 0.943455398082733 0.947064280509949 0.936716020107269 0.933107733726501 0.953032910823822
-3.4e+38 -3.4e+38 -3.4e+38 -3.4e+38 -3.4e+38 0.0459690280258656 0.0491810292005539 0.0753545537590981 0.102021053433418 0.186584189534187 0.258669376373291 0.320751130580902 0.329564481973648 0.395753741264343 0.415435135364532 0.414115577936172 0.415840357542038 0.419274717569351 0.430865228176117 0.367974698543549 0.354758262634277 0.298163086175919 0.2756627202034 0.263450801372528 0.29062083363533 0.308040767908096 0.306172370910645 0.328656077384949 0.338491290807724 0.34839254617691 0.332935720682144 0.345939576625824 0.34324637055397 0.415878921747208 0.519111752510071 0.738959133625031 0.845865309238434 0.866827249526978 0.921661496162415 0.935013353824615 0.937413930892944 0.943042457103729 0.940846979618073 0.95012241601944
-3.4e+38 -3.4e+38 -3.4e+38 -3.4e+38 -3.4e+38 0.0272845085710287 0.0357498154044151 0.0467814169824123 0.0603726580739021 0.0839614495635033 0.152478873729706 0.198230803012848 0.256745636463165 0.267705827951431 0.319746106863022 0.333105683326721 0.336514592170715 0.294102400541306 0.300266951322556 0.240775316953659 0.224165573716164 0.177944049239159 0.19056761264801 0.175274133682251 0.189313426613808 0.218182727694511 0.250438302755356 0.272791028022766 0.250807404518127 0.268820554018021 0.294099092483521 0.325069546699524 0.337299734354019 0.455083042383194 0.680374443531036 0.835166573524475 0.868274033069611 0.924470961093903 0.94106388092041 0.939711928367615 0.92817211151123 0.942520260810852 0.947010934352875 0.94368839263916
-3.4e+38 -3.4e+38 -3.4e+38 -3.4e+38 -3.4e+38 0.0191864334046841 0.0237584095448256 0.0318248756229877 0.0411240495741367 0.0563696771860123 0.101591430604458 0.137224867939949 0.157270282506943 0.197105243802071 0.211975634098053 0.219634115695953 0.227694556117058 0.214776769280434 0.183714434504509 0.148772969841957 0.133034318685532 0.119036160409451 0.127132669091225 0.114882089197636 0.129834711551666 0.155073434114456 0.169297203421593 0.201129719614983 0.217744931578636 0.248595133423805 0.278738617897034 0.311256289482117 0.514090955257416 0.677422344684601 0.847948670387268 0.917879343032837 0.918411791324615 0.946771919727325 0.942271709442139 0.927600800991058 0.932781040668488 0.927643477916718 0.954515516757965 0.960439682006836
0.00356189603917301 0.00496816914528608 0.00539194000884891 0.006666817702353 0.00870214309543371 0.0129925105720758 0.0173986870795488 0.0221073813736439 0.0302075911313295 0.0402261316776276 0.0602825619280338 0.0820683017373085 0.109130896627903 0.119803979992867 0.134151980280876 0.141008779406548 0.139730259776115 0.136197373270988 0.112142115831375 0.0991828888654709 0.0921869650483131 0.09796342253685 0.0867269933223724 0.0793132558465004 0.0902394726872444 0.107371382415295 0.127143636345863 0.185229524970055 0.209664925932884 0.262261062860489 0.554637849330902 0.627211809158325 0.890591382980347 0.853489875793457 0.878637373447418 0.898488998413086 0.925799071788788 0.949184000492096 0.942962527275085 0.935816049575806 0.941162645816803 0.944484114646912 0.948674023151398 0.951438128948212
0.00327438372187316 0.00439930614084005 0.00469455914571881 0.00503246765583754 0.00636448059231043 0.0078909657895565 0.00986823253333569 0.0131698055192828 0.016764122992754 0.0234889164566994 0.0407622456550598 0.0585849098861217 0.0667061135172844 0.0863891765475273 0.0959139540791512 0.104944169521332 0.100541919469833 0.0852473378181458 0.0810876563191414 0.0854456350207329 0.0757013931870461 0.0699570029973984 0.0613586530089378 0.0546085797250271 0.0631855949759483 0.0936867073178291 0.180140823125839 0.268971979618073 0.45653823018074 0.525086283683777 0.889749944210052 0.899731755256653 0.904009401798248 0.934280335903168 0.921141684055328 0.908097386360168 0.936699748039246 0.93394547700882 0.955707311630249 0.943327367305756 0.937394022941589 0.946499407291412 0.953554630279541 0.953160047531128
0.00293179322034121 0.00390891171991825 0.00427705654874444 0.00446370057761669 0.0045185312628746 0.0056742406450212 0.0070561496540904 0.00893327035009861 0.0120423845946789 0.015933221206069 0.0308717265725136 0.0415897965431213 0.0464814268052578 0.0644940063357353 0.0687820538878441 0.0756197571754456 0.0753831565380096 0.0721126422286034 0.0679986774921417 0.0623194016516209 0.0599362477660179 0.0552116371691227 0.066940151154995 0.109983280301094 0.150487184524536 0.320282459259033 0.621486008167267 0.72466903924942 0.903091609477997 0.902244687080383 0.884547054767609 0.925496101379395 0.972569406032562 0.94934207201004 0.938754975795746 0.945827126502991 0.949946403503418 0.938436210155487 0.93392550945282 0.931514382362366 0.939069330692291 0.931248128414154 0.934163212776184 0.940269529819489
0.0022619382943958 0.00361813534982502 0.00384012563154101 0.0039515201933682 0.00383415212854743 0.00470353988930583 0.00500603951513767 0.00649207830429077 0.00858620926737785 0.0114530744031072 0.0216287076473236 0.02922547981143 0.0338023267686367 0.04068249091506 0.0596007034182549 0.0756461620330811 0.0750361531972885 0.0956004709005356 0.140906170010567 0.349141031503677 0.483205080032349 0.571880042552948 0.683012306690216 0.786960422992706 0.877683877944946 0.828327298164368 0.924619197845459 0.888662397861481 0.915407359600067 0.971832752227783 0.919680833816528 0.889014184474945 0.914182126522064 0.904225766658783 0.920788466930389 0.930676400661469 0.924026787281036 0.919174015522003 0.915236055850983 0.917830586433411 0.917276740074158 0.916289925575256 0.91658216714859 0.922485291957855
0.00196991232223809 0.00260013481602073 0.00276497355662286 0.00280478270724416 0.00292362715117633 0.00337409717030823 0.00421649310737848 0.00541547825559974 0.00607503717765212 0.0107358703389764 0.0159847494214773 0.0361939519643784 0.0846482738852501 0.184055671095848 0.390319883823395 0.509643316268921 0.600958228111267 0.689953207969666 0.821736395359039 0.839460551738739 0.804474711418152 0.912141442298889 0.935022830963135 0.940258502960205 0.972850501537323 0.972172498703003 0.8558030128479 0.841729819774628 0.977725327014923 0.87904942035675 0.847564876079559 0.83804589509964 0.883239328861237 0.889853835105896 0.912316143512726 0.923756718635559 0.90971565246582 0.896381318569183 0.901003837585449 0.90344512462616 0.908398628234863 0.917430758476257 0.919981956481934 0.926783442497253
0.00148679676931351 0.0019855045247823 0.00213510799221694 0.0025458075106144 0.00252279941923916 0.00312924990430474 0.00301327113993466 0.00388815393671393 0.00552486814558506 0.0112454695627093 0.0219349805265665 0.0466001257300377 0.10233573615551 0.191261902451515 0.485998809337616 0.712717592716217 0.799521744251251 0.80411171913147 0.891205787658691 0.886500239372253 0.879435896873474 0.952731609344482 0.976961851119995 0.861736536026001 0.975321412086487 0.973985552787781 0.969315469264984 0.974889755249023 0.906740427017212 0.806369423866272 0.793781578540802 0.790484547615051 0.84036111831665 0.880015671253204 0.913874804973602 0.920034766197205 0.90214341878891 0.901580154895782 0.897392332553864 0.903348565101624 0.906071841716766 0.926718950271606 0.935546040534973 0.938679754734039
