data/climate_estimation/maxent_output/Gagea_bohemica.asc
NCOLS 510 
NROWS 277 
XLLCORNER -6.41666666666667 
YLLCORNER 30.25 
CELLSIZE 0.0833333333333333 
NODATA_value -3.4e+38 
[rows 220 to 241 of 277, columns 49 to 97 of 510]
0.103543505072594 0.116905383765697 0.121545121073723 0.125607684254646 0.13750284910202 0.171135932207108 0.201135516166687 0.232698559761047 0.302758365869522 0.35038635134697 0.37874835729599 0.39241760969162 0.392362684011459 0.341705292463303 0.320337772369385 0.387260854244232 0.378565758466721 0.291213065385818 0.203022420406342 0.137444064021111 0.0641233548521996 0.0832997485995293 0.0224639251828194 0.0336393490433693 0.0651019960641861 0.105630218982697 0.13066004216671 0.0836883038282394 0.0524387322366238 0.061751801520586 0.064845934510231 0.0386308468878269 0.0363155677914619 0.0370666906237602 0.0362200178205967 0.0398842766880989 0.0389791168272495 0.0360579490661621 0.0332208648324013 0.0363902635872364 0.0351863652467728 0.0356997773051262 0.0365326963365078 0.033132117241621 0.0347412042319775 0.0344377756118774 0.0350361652672291 0.0306523256003857 0.0290129277855158
0.134056687355042 0.228151649236679 0.179191723465919 0.121107153594494 0.113954290747643 0.117334745824337 0.134368866682053 0.170301467180252 0.217966854572296 0.270729929208755 0.268039226531982 0.219840869307518 0.21928197145462 0.2249865680933 0.274826914072037 0.239497050642967 0.188732773065567 0.119699954986572 0.11354237049818 0.0805005803704262 0.051454521715641 0.0388745479285717 0.0166542548686266 0.0165748186409473 0.0369406118988991 0.0471806526184082 0.0671597197651863 0.0494753234088421 0.0312027037143707 0.0417684018611908 0.0324347093701363 0.0313753336668015 0.0310102812945843 0.0303162019699812 0.0321986153721809 0.0287582632154226 0.0254032034426928 0.0311897397041321 0.0313366577029228 0.0265952162444592 0.0276789572089911 0.0298076495528221 0.0295273307710886 0.0314423218369484 0.0338205844163895 0.0326190255582333 0.033962793648243 0.0276850666850805 0.0235882326960564
0.2431770414114 0.235664710402489 0.151346489787102 0.0971913561224937 0.0864826366305351 0.090190552175045 0.0904833078384399 0.109078951179981 0.160107553005219 0.193412825465202 0.185023531317711 0.189241662621498 0.215209439396858 0.214592039585114 0.204892963171005 0.179666593670845 0.166364803910255 0.11608263105154 0.105330944061279 0.071334034204483 0.0449680015444756 0.0277952048927546 0.0230091474950314 0.0200432874262333 0.0261324793100357 0.0269847437739372 0.033195223659277 0.0315847732126713 0.0266614761203527 0.0250652953982353 0.0283439662307501 0.0260762516409159 0.0264990385621786 0.0295370034873486 0.0267286337912083 0.0233768075704575 0.0219201017171144 0.0235059391707182 0.0240504946559668 0.0214006341993809 0.0221430826932192 0.0266186390072107 0.0255434457212687 0.0261034574359655 0.0275268144905567 0.0270788092166185 0.025928970426321 0.0240008719265461 0.0207220744341612
0.112933561205864 0.106730908155441 0.105211921036243 0.100449748337269 0.0736118778586388 0.0682689398527145 0.0699149966239929 0.0794212147593498 0.121538959443569 0.156669303774834 0.17428532242775 0.180279150605202 0.181527674198151 0.185232177376747 0.218683302402496 0.179713800549507 0.132171601057053 0.115268521010876 0.0970142036676407 0.0658053532242775 0.0626490563154221 0.0544470846652985 0.0409405715763569 0.0274027679115534 0.0271134898066521 0.0325867347419262 0.0357213579118252 0.0284539666026831 0.0271540358662605 0.0261015128344297 0.023469340056181 0.0244383737444878 0.0243909452110529 0.0210670903325081 0.0216445289552212 0.0186745934188366 0.0184393916279078 0.0168567337095737 0.0183493420481682 0.0179963856935501 0.0186899229884148 0.0196269769221544 0.019109146669507 0.0200814642012119 0.0216787792742252 0.0199031252413988 0.0194570105522871 0.018591957166791 0.0180953815579414
0.104695215821266 0.0942439958453178 0.104281432926655 0.0830449238419533 0.0775637254118919 0.0635028854012489 0.0814971700310707 0.121758028864861 0.160360366106033 0.158905938267708 0.16442297399044 0.175455704331398 0.170582816004753 0.18049268424511 0.195992410182953 0.164688274264336 0.139909118413925 0.124452605843544 0.0941499546170235 0.0929539352655411 0.0782852694392204 0.052823506295681 0.0394065752625465 0.0349794924259186 0.0545171238481998 0.051990944892168 0.0446380749344826 0.0344261713325977 0.0269426237791777 0.0237244591116905 0.0220743305981159 0.0192794427275658 0.0180859565734863 0.0152394082397223 0.0150822848081589 0.0138817662373185 0.0139801148325205 0.0146813644096255 0.0139054842293262 0.0149894822388887 0.0169603433459997 0.0148270009085536 0.0161316152662039 0.0165033861994743 0.0175266526639462 0.0162442177534103 0.0153841553255916 0.0150646949186921 0.0146705023944378
0.0997679978609085 0.123476132750511 0.125816985964775 0.0968133360147476 0.103412687778473 0.0969140976667404 0.16779351234436 0.188283920288086 0.167990773916245 0.174468353390694 0.156272888183594 0.158875823020935 0.157383590936661 0.168146222829819 0.140035688877106 0.137655779719353 0.119341947138309 0.100822418928146 0.0981461405754089 0.0887912288308144 0.0699082016944885 0.0581793561577797 0.0533840209245682 0.0590890012681484 0.0548542141914368 0.0478501059114933 0.0396712906658649 0.0273745898157358 0.0227841455489397 0.0207477640360594 0.017198434099555 0.0143463248386979 0.0134079596027732 0.0117884613573551 0.0123681137338281 0.0112254796549678 0.0113141667097807 0.0123237762600183 0.0120518524199724 0.010875103995204 0.0113764889538288 0.0125232245773077 0.011748855933547 0.0129762664437294 0.0134748676791787 0.0126368086785078 0.0129149882122874 0.0137382969260216 0.0137756951153278
0.120999492704868 0.144185900688171 0.131926208734512 0.114148437976837 0.11312173306942 0.117740042507648 0.130038946866989 0.156112909317017 0.17427060008049 0.163792803883553 0.152891576290131 0.14756315946579 0.138454779982567 0.134576469659805 0.122218646109104 0.114183880388737 0.107270054519176 0.100637868046761 0.0927223041653633 0.0858279839158058 0.0653384774923325 0.0611785165965557 0.0551785118877888 0.0517432652413845 0.0479674935340881 0.0439507625997066 0.034048780798912 0.0259941499680281 0.0200952664017677 0.0159907825291157 0.0126756364479661 0.0113590443506837 0.0107051655650139 0.00986332446336746 0.00909421872347593 0.00898838881403208 0.00997851602733135 0.00919059570878744 0.00951579865068197 0.00974672567099333 0.0102644143626094 0.0110074523836374 0.0114790536463261 0.0116059770807624 0.0114575019106269 0.0128110889345407 0.0127268917858601 0.0133235920220613 0.0126038184389472
0.14792862534523 0.149676069617271 0.146263718605042 0.128880217671394 0.117337815463543 0.12254410982132 0.123009495437145 0.142793953418732 0.139102354645729 0.140348762273788 0.137101203203201 0.129323214292526 0.121685944497585 0.123462840914726 0.106857247650623 0.0957004651427269 0.0925594046711922 0.087306797504425 0.083543673157692 0.0730772465467453 0.0609550699591637 0.0550787895917892 0.0470012798905373 0.0424340441823006 0.0387292616069317 0.0385241843760014 0.0300404690206051 0.020982775837183 0.0157642867416143 0.0123707046732306 0.0109297269955277 0.00959970057010651 0.00790680106729269 0.00834973901510239 0.00883626937866211 0.0078938864171505 0.00744610698893666 0.00726792961359024 0.00782943423837423 0.00765539240092039 0.00853610411286354 0.00883141066879034 0.00942922942340374 0.0104133458808064 0.0110454773530364 0.0110551044344902 0.0122591545805335 0.0111505193635821 0.0111450832337141
0.125035300850868 0.111433804035187 0.118523545563221 0.11238794028759 0.104731492698193 0.0942956954240799 0.0981481373310089 0.10055585950613 0.0971154049038887 0.10520762950182 0.107594303786755 0.105264917016029 0.0997815728187561 0.102338738739491 0.0934281125664711 0.0825386494398117 0.075750470161438 0.0706051662564278 0.065739631652832 0.0578886792063713 0.0512793995440006 0.044505100697279 0.0376587882637978 0.0318242721259594 0.0327542647719383 0.0277113430202007 0.0204250086098909 0.0158588755875826 0.0110724531114101 0.00875108130276203 0.0073711764998734 0.00731468992307782 0.00680269813165069 0.00625198427587748 0.00584409013390541 0.00598154170438647 0.00602420140057802 0.00646669324487448 0.00683993427082896 0.00663467682898045 0.00819921214133501 0.00858644582331181 0.00878410693258047 0.00898333359509706 0.00902729667723179 0.00990836229175329 0.010075381025672 0.0104236975312233 0.0109425019472837
0.091554619371891 0.104545705020428 0.100746646523476 0.0897598713636398 0.0894828960299492 0.0853139162063599 0.088277131319046 0.0898100286722183 0.0790723264217377 0.079950824379921 0.0856520906090736 0.0784238204360008 0.0781640335917473 0.0792367160320282 0.0718211159110069 0.0640666708350182 0.0566205568611622 0.0556793138384819 0.0518413782119751 0.0441814474761486 0.0400808751583099 0.0344519205391407 0.0284160487353802 0.0285751987248659 0.0231223925948143 0.0198627468198538 0.0156769547611475 0.0127755189314485 0.00869700126349926 0.00634909234941006 0.00608780840411782 0.00621303310617805 0.00606356142088771 0.00475385505706072 0.00499651720747352 0.00511160772293806 0.00536370044574142 0.00567960040643811 0.00605938630178571 0.00629092939198017 0.00660027423873544 0.00692211231216788 0.00681207841262221 0.00712613668292761 0.00781975034624338 0.00867278035730124 0.00959799531847239 0.00996260903775692 0.00989250466227531
0.0854460150003433 0.0784262418746948 0.0888583734631538 0.0735600292682648 0.0695194900035858 0.0692151486873627 0.0738723427057266 0.0684934556484222 0.0691373720765114 0.072403721511364 0.0703019723296165 0.0614045038819313 0.0571768879890442 0.0562397576868534 0.0577007420361042 0.0487295910716057 0.0449683964252472 0.0409097820520401 0.0350034572184086 0.0354087017476559 0.0300374887883663 0.0254872366786003 0.0251811891794205 0.0205628965049982 0.0181737579405308 0.0156275928020477 0.0122653320431709 0.0101569844409823 0.00724069029092789 0.00550518231466413 0.00490488391369581 0.00486476300284266 0.00401874259114265 0.00402978667989373 0.00416259746998549 0.00494530238211155 0.00454414263367653 0.00461846403777599 0.00507656205445528 0.00555034214630723 0.00586373824626207 0.00518677243962884 0.00619179802015424 0.00622575869783759 0.00700715091079473 0.00733459182083607 0.00877850595861673 0.00877531431615353 0.00951051060110331
0.0778592675924301 0.0727406293153763 0.076824739575386 0.0639628767967224 0.0636659115552902 0.0654636472463608 0.0641331374645233 0.0577697530388832 0.0593850575387478 0.0562996156513691 0.0479148924350739 0.0475160852074623 0.0457084402441978 0.0436697229743004 0.042156495153904 0.0353290848433971 0.0325932651758194 0.0320600867271423 0.0269227549433708 0.0259176585823298 0.0222334880381823 0.0181280728429556 0.0170082170516253 0.0144127244129777 0.0135130574926734 0.0101822232827544 0.00848446507006884 0.00761105865240097 0.00595023296773434 0.0049496116116643 0.00380246876738966 0.00373259582556784 0.00378967262804508 0.00366614409722388 0.00342923030257225 0.00390749098733068 0.00402608374133706 0.00431851670145988 0.00465087220072746 0.00474738096818328 0.00469330418854952 0.00506374891847372 0.00515558756887913 0.00558879971504211 0.00609649950638413 0.00656706001609564 0.00705893663689494 0.00837449170649052 0.00914790574461222
0.0626913383603096 0.0628281459212303 0.0617874749004841 0.0593163818120956 0.0528646148741245 0.0511130951344967 0.0528169721364975 0.0433560945093632 0.0429167561233044 0.0435293540358543 0.0436705984175205 0.0353465229272842 0.0326181575655937 0.0311074834316969 0.0303517878055573 0.0286970753222704 0.0253086443990469 0.0221737381070852 0.0196861606091261 0.017329316586256 0.0145182646811008 0.0155684072524309 0.0131092760711908 0.0115254232659936 0.00889758951961994 0.00788617227226496 0.00645195366814733 0.0053381840698421 0.00431930227205157 0.0036361962556839 0.0034636608324945 0.00311323744244874 0.00312563683837652 0.00306096440181136 0.00338745280168951 0.00331446505151689 0.00378693803213537 0.00391471292823553 0.00411131279543042 0.00392265291884542 0.00437414599582553 0.00436499714851379 0.00452567404136062 0.00493321986868978 0.00528267212212086 0.00555397802963853 0.00599961448460817 0.00742307770997286 0.00770100811496377
0.0536995567381382 0.0530758090317249 0.0534104742109776 0.0441695638000965 0.0406540296971798 0.038818322122097 0.0430253446102142 0.0384061150252819 0.030982781201601 0.0318414978682995 0.0318415276706219 0.0278377011418343 0.0277994628995657 0.0254856329411268 0.0241488236933947 0.0200009010732174 0.0179436411708593 0.0172596964985132 0.0151137448847294 0.0142632750794291 0.0124777564778924 0.0116956951096654 0.00989706628024578 0.00823881849646568 0.00739348633214831 0.0061968807131052 0.00494644604623318 0.00424856971949339 0.00354789686389267 0.00304390699602664 0.00280314823612571 0.00267455610446632 0.00252838176675141 0.00253317761234939 0.00286509096622467 0.002905661938712 0.00289470213465393 0.00286819622851908 0.0032600499689579 0.00353089068084955 0.00412262743338943 0.00422515766695142 0.00451740482822061 0.00407627737149596 0.00447926251217723 0.00459815887734294 0.00519043859094381 0.00628938945010304 0.00639617117121816
0.0411604717373848 0.0401125699281693 0.0381730608642101 0.0349476300179958 0.0336500108242035 0.032265942543745 0.0283912047743797 0.0283964183181524 0.0287151839584112 0.0253808759152889 0.0218787975609303 0.0214546918869019 0.0208001378923655 0.0192225649952888 0.0179768986999989 0.0172753036022186 0.0159494411200285 0.0146493576467037 0.0122224930673838 0.0113059720024467 0.00950735341757536 0.00764608569443226 0.00719163892790675 0.00621833745390177 0.00516385119408369 0.00448344415053725 0.0036601813044399 0.00327215110883117 0.00283392146229744 0.00247224769555032 0.00210992339998484 0.00221784808672965 0.00209867069497705 0.00221458845771849 0.00229778327047825 0.00223164004273713 0.00239139515906572 0.00279121077619493 0.00306659354828298 0.00328438961878419 0.00335512030869722 0.00384797714650631 0.00396404415369034 0.00359258125536144 0.00359234842471778 0.00427252473309636 0.00469654332846403 0.00440941611304879 0.00401186803355813
0.0360425226390362 0.0321548283100128 0.0310176126658916 0.0273620653897524 0.0254027955234051 0.0239637289196253 0.0233141407370567 0.0215543489903212 0.0201583560556173 0.0190440304577351 0.0180807206779718 0.0157847218215466 0.0151892909780145 0.0139931980520487 0.0146077191457152 0.0132707199081779 0.0111864069476724 0.00996273756027222 0.00954149756580591 0.0080932816490531 0.00682251714169979 0.00592655828222632 0.00546806026250124 0.0047211404889822 0.00415611360222101 0.00334556819871068 0.00279117492027581 0.00252702552825212 0.00224233046174049 0.00205811066552997 0.00160878547467291 0.00166214059572667 0.0017888150177896 0.00192776985932142 0.00187569274567068 0.00197248114272952 0.00212825858034194 0.00218103732913733 0.0022618374787271 0.00249598082154989 0.00275856675580144 0.00360522419214249 0.00325646670535207 0.00304442783817649 0.0031771226786077 0.00361014693044126 0.00344415730796754 0.00324058905243874 0.00279743992723525
0.0251011922955513 0.0230293720960617 0.0233666691929102 0.022609531879425 0.0197673942893744 0.0191559065133333 0.0172498822212219 0.0161468144506216 0.0151394736021757 0.0162333287298679 0.0143982227891684 0.0139074185863137 0.0113689070567489 0.012625060044229 0.00963139906525612 0.00862333457916975 0.00837448798120022 0.00696661742404103 0.00655252020806074 0.00559466751292348 0.00501143513247371 0.00427357899025083 0.00381285231560469 0.00348666752688587 0.00289036915637553 0.00244907545857131 0.00205799844115973 0.00192179891746491 0.00178429845254868 0.00163255981169641 0.00131001905538142 0.00141820928547531 0.00143027119338512 0.00154046015813947 0.00164398981723934 0.00160685169976205 0.00165032525546849 0.00171271618455648 0.00183681165799499 0.00187229178845882 0.00238214456476271 0.00248723686672747 0.00214069988578558 0.00209561851806939 0.00252985558472574 0.003234340576455 0.00294529972597957 0.00250737112946808 0.00217282120138407
0.0210561603307724 0.0192641355097294 0.0186349526047707 0.0171658173203468 0.0160347241908312 0.0148751083761454 0.0135219879448414 0.0132669033482671 0.0128822168335319 0.0116924298927188 0.0107976738363504 0.0110710058361292 0.00899993255734444 0.00785514246672392 0.00719915982335806 0.00664319610223174 0.00622327579185367 0.00580666400492191 0.00485538737848401 0.0042058639228344 0.00377187132835388 0.00334813864901662 0.00278618838638067 0.00237387744709849 0.00217543658800423 0.00198440859094262 0.00169203907717019 0.0015879173297435 0.00131469557527453 0.0012176331365481 0.0011177712585777 0.00109426933340728 0.00121813954319805 0.00122515636030585 0.00125671981368214 0.00132478901650757 0.00128101150039583 0.00148664403241128 0.00142089079599828 0.00160509394481778 0.00167524302378297 0.00175897090230137 0.00147134473081678 0.00154945778194815 0.00164401042275131 0.00182905583642423 0.0018021936994046 0.00195339065976441 0.00190072017721832
0.0159197580069304 0.0146402530372143 0.0131034851074219 0.012377480044961 0.0118745369836688 0.0103987902402878 0.0102810645475984 0.00947028864175081 0.00896342191845179 0.00813878141343594 0.00781583227217197 0.00724072800949216 0.00713363429531455 0.00660031754523516 0.00546323647722602 0.00470250612124801 0.00443607429042459 0.00398966437205672 0.0036175325512886 0.00320029188878834 0.00270457472652197 0.00234266533516347 0.00218021124601364 0.0019041292835027 0.00168697477784008 0.00139752309769392 0.0012839661212638 0.00123993959277868 0.00102421711198986 0.000957772193942219 0.000881048734299839 0.000906384491827339 0.000938115932513028 0.000987881678156555 0.00100136885885149 0.00100079586263746 0.00105490523856133 0.00111414131242782 0.0010564555414021 0.00116362888365984 0.00111413421109319 0.00134657637681812 0.00116074562538415 0.00122843391727656 0.00137731595896184 0.00125982717145234 0.00131915463134646 0.00151251861825585 0.00144099304452538
0.0116395149379969 0.0109418453648686 0.0101771876215935 0.00976266991347075 0.00915981084108353 0.00855631753802299 0.00766836106777191 0.00723326159641147 0.00689741689711809 0.00645947456359863 0.00573446415364742 0.00514980731531978 0.00495773321017623 0.00497987447306514 0.00453047128394246 0.00396862300112844 0.00334973796270788 0.00308928056620061 0.00262160133570433 0.00242067803628743 0.00195024895947427 0.00177374004852027 0.00172216910868883 0.00131296762265265 0.00121900846716017 0.00115352496504784 0.00108302920125425 0.000917534285690635 0.000913093215785921 0.000789398152846843 0.000733856752049178 0.000747431127820164 0.000788533827289939 0.000825701863504946 0.000840714608784765 0.000788568810094148 0.000858428073115647 0.000840824679471552 0.000766813871450722 0.000809333811048418 0.000788752688094974 0.00100811687298119 0.000935987685807049 0.00107961229514331 0.00106050900649279 0.000976559065748006 0.00105638103559613 0.00110090570524335 0.00104630633722991
0.0092377969995141 0.00818671938031912 0.00770218763500452 0.00751563161611557 0.00701439240947366 0.00656980974599719 0.00546959741041064 0.00507691968232393 0.00489121023565531 0.00448913127183914 0.00432496843859553 0.00429199449717999 0.00365513772703707 0.00333499861881137 0.00319150695577264 0.00267710024490952 0.00253545050509274 0.00221813097596169 0.00192446704022586 0.00175783655140549 0.00146697286982089 0.00136956572532654 0.00123411184176803 0.00108504027593881 0.000970713212154806 0.000857901875860989 0.000731639156583697 0.000686570361722261 0.000730766856577247 0.000719799485523254 0.000613152282312512 0.000642242201138288 0.000567145529203117 0.000680108496453613 0.000596749479882419 0.000659355137031525 0.000625222804956138 0.000630046881269664 0.000682243960909545 0.000746558187529445 0.000771734688896686 0.000789821438957006 0.000799631583504379 0.000832796329632401 0.000775380933191627 0.000795577478129417 0.000827491865493357 0.000858624291140586 0.000830869888886809
0.0070030065253377 0.00637431116774678 0.00579071510583162 0.00524677149951458 0.00513672595843673 0.00479586096480489 0.00444511976093054 0.00374800222925842 0.00366832967847586 0.00355484802275896 0.0031431948300451 0.0028874350246042 0.00291785015724599 0.00266454927623272 0.00252882787026465 0.0020357386674732 0.00174944428727031 0.00151532620657235 0.00144893757533282 0.00133742648176849 0.00117044930811971 0.00110704579856247 0.000946286774706095 0.000829828903079033 0.000763169315177947 0.000733850756660104 0.000677222735248506 0.000618177757132798 0.000548568437807262 0.000571976124774665 0.000516641477588564 0.000549345160834491 0.000521852751262486 0.000496801512781531 0.000556881248485297 0.000493172730784863 0.000577769824303687 0.000510457262862474 0.000529252807609737 0.000572881079278886 0.000577427097596228 0.000556416343897581 0.000576449441723526 0.000573859782889485 0.000566510192584246 0.000594344572164118 0.000629894551821053 0.000623443222139031 0.000605863926466554
