data/climate_estimation/maxent_output/Gloriosa_modesta.asc
NCOLS 63 
NROWS 122 
XLLCORNER 27 
YLLCORNER -32.8333333333333 
CELLSIZE 0.0833333333333333 
NODATA_value -3.4e+38 
[rows 80 to 99 of 122, columns 0 to 45 of 63]
0.186583027243614 0.191442266106606 0.224571362137794 0.232416674494743 0.216305792331696 0.238877147436142 0.307475715875626 0.374062091112137 0.481184631586075 0.528276324272156 0.620608627796173 0.789830803871155 0.754394292831421 0.628895223140717 0.623144686222076 0.67134302854538 0.574825882911682 0.511842608451843 0.509051322937012 0.519477069377899 0.518641173839569 0.52786773443222 0.506369054317474 0.491739451885223 0.487421214580536 0.465240329504013 0.487270653247833 0.528529226779938 0.600638568401337 0.50500899553299 0.327025264501572 0.310660004615784 0.452994138002396 0.515376567840576 0.570112943649292 0.608593940734863 0.695107400417328 0.75449413061142 0.779646575450897 0.849331915378571 0.911081671714783 0.93288266658783 0.963881611824036 0.988087892532349 0.988132834434509 0.973137021064758
0.169687524437904 0.168533384799957 0.204121232032776 0.21012656390667 0.209619373083115 0.298956841230392 0.308715313673019 0.358928740024567 0.452272832393646 0.493981331586838 0.528684496879578 0.738378584384918 0.63222724199295 0.502006232738495 0.687481939792633 0.638551592826843 0.60486364364624 0.587116539478302 0.544836640357971 0.514303863048553 0.531161606311798 0.511772394180298 0.522231459617615 0.516567230224609 0.499846249818802 0.517008364200592 0.60931259393692 0.641570210456848 0.593077182769775 0.344074964523315 0.388766497373581 0.348054379224777 0.390065789222717 0.412253856658936 0.542918980121613 0.670219600200653 0.7190101146698 0.758981049060822 0.746226072311401 0.871375024318695 0.934016585350037 0.938417732715607 0.97152179479599 0.981964826583862 0.982631325721741 0.972525298595428
0.173784524202347 0.158968508243561 0.181986704468727 0.201189443469048 0.262238681316376 0.302189022302628 0.336230516433716 0.378875523805618 0.392017990350723 0.495983868837357 0.431646764278412 0.623818814754486 0.628790557384491 0.409962803125381 0.524067103862762 0.506595849990845 0.573312997817993 0.582647442817688 0.562935948371887 0.509095966815948 0.509214282035828 0.497635006904602 0.539153754711151 0.537000119686127 0.546935856342316 0.602335929870605 0.610938489437103 0.643848836421967 0.350951820611954 0.37994197010994 0.460551530122757 0.615481317043304 0.430974513292313 0.457903951406479 0.47979462146759 0.592716693878174 0.757886111736298 0.789551615715027 0.778524696826935 0.841137826442719 0.93963235616684 0.945869624614716 0.953682780265808 0.97765052318573 0.980966746807098 0.958584129810333
0.124126672744751 0.186394929885864 0.236971706151962 0.247855126857758 0.29023203253746 0.333087861537933 0.358392536640167 0.352187126874924 0.362586349248886 0.373895078897476 0.364682465791702 0.515688896179199 0.551562368869781 0.368429362773895 0.385087609291077 0.498403072357178 0.580266237258911 0.579436182975769 0.588035821914673 0.56819748878479 0.499512791633606 0.499772608280182 0.55782687664032 0.574170470237732 0.602253794670105 0.597608506679535 0.615714251995087 0.626643419265747 0.360659122467041 0.351021021604538 0.575732946395874 0.606729984283447 0.780325710773468 0.75506728887558 0.622882187366486 0.649123072624207 0.725452661514282 0.771969795227051 0.874526619911194 0.910431087017059 0.945827603340149 0.916441082954407 0.947885513305664 0.976495563983917 0.955435037612915 0.893929064273834
0.158072859048843 0.208212301135063 0.251101136207581 0.306272000074387 0.305210292339325 0.317956417798996 0.307853639125824 0.310924917459488 0.318816304206848 0.343765586614609 0.373112976551056 0.542641580104828 0.492408126592636 0.36216202378273 0.318408995866776 0.436117917299271 0.465531975030899 0.516340255737305 0.57453578710556 0.591504573822021 0.5323486328125 0.53889137506485 0.613355219364166 0.635472476482391 0.658897995948792 0.68025803565979 0.540703773498535 0.345575481653214 0.327001839876175 0.375326633453369 0.473444133996964 0.433561831712723 0.549420118331909 0.87619960308075 0.860990047454834 0.853573381900787 0.870038211345673 0.84641569852829 0.866125345230103 0.921780645847321 0.942978084087372 0.947977244853973 0.945997774600983 0.972263038158417 0.94336062669754 0.885762274265289
0.140534996986389 0.191431939601898 0.296494513750076 0.307305574417114 0.332109898328781 0.292577981948853 0.254985272884369 0.295096665620804 0.278741031885147 0.338998794555664 0.422434985637665 0.404580801725388 0.370561957359314 0.361664116382599 0.289697080850601 0.35089510679245 0.481193840503693 0.57368129491806 0.607496738433838 0.59183669090271 0.596303939819336 0.593465626239777 0.65855598449707 0.691674053668976 0.701400935649872 0.736967027187347 0.483731925487518 0.330098092556 0.313428938388824 0.413202911615372 0.46619576215744 0.561783790588379 0.456746220588684 0.848929822444916 0.938038945198059 0.894844889640808 0.910421669483185 0.894050300121307 0.898052930831909 0.927375853061676 0.943641662597656 0.949787437915802 0.959928929805756 0.965528011322021 0.928275287151337 0.854514420032501
0.19844363629818 0.236780866980553 0.295360058546066 0.280451714992523 0.322028040885925 0.307244569063187 0.268674522638321 0.315987169742584 0.272382140159607 0.338403642177582 0.307049006223679 0.340065330266953 0.314416319131851 0.338479906320572 0.33633416891098 0.347684800624847 0.445850074291229 0.539470970630646 0.568125903606415 0.604019820690155 0.622665882110596 0.675696671009064 0.71268492937088 0.717457413673401 0.762125313282013 0.739791452884674 0.452466398477554 0.346592754125595 0.324677854776382 0.347462505102158 0.529469549655914 0.6345254778862 0.67861008644104 0.709476232528687 0.913851499557495 0.944950699806213 0.880836427211761 0.927627861499786 0.912615299224854 0.920040249824524 0.953034460544586 0.952780663967133 0.965403914451599 0.933818101882935 0.863358736038208 0.713233590126038
0.220182731747627 0.260102182626724 0.264910727739334 0.288071602582932 0.29994609951973 0.275846242904663 0.314730495214462 0.270309835672379 0.29656308889389 0.318779706954956 0.292259216308594 0.307512760162354 0.296177536249161 0.324878752231598 0.323186963796616 0.353209942579269 0.430131405591965 0.500178515911102 0.586221098899841 0.620423197746277 0.691143929958344 0.749091744422913 0.744815647602081 0.713093101978302 0.689942002296448 0.65103816986084 0.459372848272324 0.382724106311798 0.41615617275238 0.461867600679398 0.47724774479866 0.620965659618378 0.866204261779785 0.908324003219604 0.937384963035583 0.945446670055389 0.923369944095612 0.91346400976181 0.911956131458282 0.931207239627838 0.949503004550934 0.961015403270721 0.951406180858612 0.923003375530243 0.840849637985229 0.688342750072479
0.197487264871597 0.241448983550072 0.256403386592865 0.284953266382217 0.275400072336197 0.294304877519608 0.300176858901978 0.255864948034286 0.263562351465225 0.302528351545334 0.288671344518661 0.272667497396469 0.283346235752106 0.284464091062546 0.291245818138123 0.346106678247452 0.386802583932877 0.490649521350861 0.56977778673172 0.650438904762268 0.732449114322662 0.766758859157562 0.693350195884705 0.666783154010773 0.637435078620911 0.538782596588135 0.471272826194763 0.430149346590042 0.39211767911911 0.425884395837784 0.689821064472198 0.865760087966919 0.908988654613495 0.87632691860199 0.899010837078094 0.934350311756134 0.911541879177094 0.888844966888428 0.914128720760345 0.925981521606445 0.945844888687134 0.946067929267883 0.909827053546906 0.874446213245392 0.814763605594635 0.658762812614441
0.183708235621452 0.220076411962509 0.249031618237495 0.286110073328018 0.293459385633469 0.326925128698349 0.268583357334137 0.282373070716858 0.279507160186768 0.290339559316635 0.280705392360687 0.25570085644722 0.254946619272232 0.29269140958786 0.353273749351501 0.435585290193558 0.491405576467514 0.534044623374939 0.659561634063721 0.731908798217773 0.793721318244934 0.79330587387085 0.786127924919128 0.730513513088226 0.665704131126404 0.580708622932434 0.518838167190552 0.481109529733658 0.456048309803009 0.443151623010635 0.633840382099152 0.905662953853607 0.90686559677124 0.924938559532166 0.867850422859192 0.920812547206879 0.865698099136353 0.866009652614594 0.900005102157593 0.927018821239471 0.929113209247589 0.900115132331848 0.799262344837189 0.741118311882019 0.683433413505554 0.659603357315063
0.206363052129745 0.219539538025856 0.242515489459038 0.269520491361618 0.268877595663071 0.34080582857132 0.330732643604279 0.266079008579254 0.292040169239044 0.259548008441925 0.281923949718475 0.257546722888947 0.279167592525482 0.315978199243546 0.384773135185242 0.423626214265823 0.519630491733551 0.503790080547333 0.599099636077881 0.686169743537903 0.785057127475739 0.850720942020416 0.864754617214203 0.780775725841522 0.727075815200806 0.63013231754303 0.561286568641663 0.539278030395508 0.495823532342911 0.523616552352905 0.687791109085083 0.839689254760742 0.924673855304718 0.932943165302277 0.879612624645233 0.848172008991241 0.868511855602264 0.870457172393799 0.899542629718781 0.929199039936066 0.935725808143616 0.890151560306549 0.853016078472137 0.786404371261597 0.655459403991699 0.582311153411865
0.191040351986885 0.194047808647156 0.213765665888786 0.224229037761688 0.215735152363777 0.273401856422424 0.299871683120728 0.252552211284637 0.264666736125946 0.275486946105957 0.241651654243469 0.239085808396339 0.277507543563843 0.335729539394379 0.393548130989075 0.448523938655853 0.443241775035858 0.514257431030273 0.630721032619476 0.721821129322052 0.805680990219116 0.875743269920349 0.886919677257538 0.842259883880615 0.779939711093903 0.722672700881958 0.690152227878571 0.600752592086792 0.618039846420288 0.682405710220337 0.666774749755859 0.861497104167938 0.932400166988373 0.942142605781555 0.911607086658478 0.849600434303284 0.857440412044525 0.900155663490295 0.900631129741669 0.942898392677307 0.941726803779602 0.88725882768631 0.838660001754761 0.757492899894714 0.624135196208954 0.59161514043808
0.173634767532349 0.182448461651802 0.189160406589508 0.20930840075016 0.187318444252014 0.242401897907257 0.250195056200027 0.260846227407455 0.292040169239044 0.265747278928757 0.259229302406311 0.268708974123001 0.317744344472885 0.391702175140381 0.42203152179718 0.474259227514267 0.451715558767319 0.570699155330658 0.640065848827362 0.728844463825226 0.830365419387817 0.887818336486816 0.9010329246521 0.880337178707123 0.855864763259888 0.783109724521637 0.708835601806641 0.592564404010773 0.659000337123871 0.706783354282379 0.698591947555542 0.909416019916534 0.938039302825928 0.901787757873535 0.877110958099365 0.864837348461151 0.874890089035034 0.894946098327637 0.930545270442963 0.93764054775238 0.911830067634583 0.848724186420441 0.780166566371918 0.668967545032501 0.623470902442932 -3.4e+38
0.151827514171600 0.155901372432709 0.155562788248062 0.168294206261635 0.201386481523514 0.217507213354111 0.223330542445183 0.259445667266846 0.257347285747528 0.281182646751404 0.278099089860916 0.294554114341736 0.33353465795517 0.390856057405472 0.41679123044014 0.459881514310837 0.491380780935287 0.541554391384125 0.668045043945312 0.726671397686005 0.820414006710052 0.807411015033722 0.843726515769958 0.815851449966431 0.840427935123444 0.799245238304138 0.739512503147125 0.744634866714478 0.670520603656769 0.809151232242584 0.757750689983368 0.866356670856476 0.945682048797607 0.919809579849243 0.825255453586578 0.841300070285797 0.897380888462067 0.917704880237579 0.917080104351044 0.870885729789734 0.835193514823914 0.757695198059082 0.684417963027954 0.634571015834808 0.571555495262146 -3.4e+38
0.122974283993244 0.140281647443771 0.150476217269897 0.16657692193985 0.179633066058159 0.20766094326973 0.240202993154526 0.243948698043823 0.255915999412537 0.284485757350922 0.308539927005768 0.323108941316605 0.319222509860992 0.39998459815979 0.397681146860123 0.439172953367233 0.48251947760582 0.543391406536102 0.646481037139893 0.717295944690704 0.795515954494476 0.846729636192322 0.806456923484802 0.858121931552887 0.876766860485077 0.842709481716156 0.849298477172852 0.839614868164062 0.819284319877625 0.816156923770905 0.850441575050354 0.826183974742889 0.971256673336029 0.975567698478699 0.869388103485107 0.857278943061829 0.882070541381836 0.844862520694733 0.867382168769836 0.83954644203186 0.76292210817337 0.720002830028534 0.65714031457901 0.588372945785522 -3.4e+38 -3.4e+38
0.126344755291939 0.149702101945877 0.140409991145134 0.16075599193573 0.177824079990387 0.201625317335129 0.235565915703773 0.24936155974865 0.272366970777512 0.294156849384308 0.282775461673737 0.325013995170593 0.359149008989334 0.388852834701538 0.427781611680984 0.426828324794769 0.504913926124573 0.574570596218109 0.6457359790802 0.744641840457916 0.807174921035767 0.814472138881683 0.864890336990356 0.870658874511719 0.859689235687256 0.861701846122742 0.827747464179993 0.856831729412079 0.844522297382355 0.845098793506622 0.783331692218781 0.859907507896423 0.980110049247742 0.960160374641418 0.915294289588928 0.875861525535583 0.902067124843597 0.80117654800415 0.755768418312073 0.751139163970947 0.725278198719025 0.688015878200531 0.585970997810364 -3.4e+38 -3.4e+38 -3.4e+38
0.131322935223579 0.132235884666443 0.150451108813286 0.156032636761665 0.190106064081192 0.190046712756157 0.221673622727394 0.223451510071754 0.256216555833817 0.299475312232971 0.307767987251282 0.324029624462128 0.351285576820374 0.407332569360733 0.436910897493362 0.509118676185608 0.548096597194672 0.599008083343506 0.675757884979248 0.721660375595093 0.780250191688538 0.828910768032074 0.858523964881897 0.870082318782806 0.858841598033905 0.859749972820282 0.86104291677475 0.849985420703888 0.871335625648499 0.874763250350952 0.894556701183319 0.961273610591888 0.945988476276398 0.872671246528625 0.906798660755157 0.899084150791168 0.883473932743073 0.826727747917175 0.786856234073639 0.716131985187531 0.666940212249756 0.606976687908173 0.563078582286835 -3.4e+38 -3.4e+38 -3.4e+38
0.119119189679623 0.147033095359802 0.144266396760941 0.171942308545113 0.174739435315132 0.198507517576218 0.241993770003319 0.254915505647659 0.294903755187988 0.305859625339508 0.340007215738297 0.356126397848129 0.400874882936478 0.421503782272339 0.486391544342041 0.522271037101746 0.552911758422852 0.597425043582916 0.668120503425598 0.738299965858459 0.787447094917297 0.838494539260864 0.861670315265656 0.890739023685455 0.836603105068207 0.849584996700287 0.865847051143646 0.87593537569046 0.88802969455719 0.883079767227173 0.921074748039246 0.945482730865479 0.936386525630951 0.923230111598969 0.911400556564331 0.835100591182709 0.832891762256622 0.758204996585846 0.70620459318161 0.596248269081116 0.610953748226166 0.537630140781403 -3.4e+38 -3.4e+38 -3.4e+38 -3.4e+38
0.131629228591919 0.149183928966522 0.15390308201313 0.177478849887848 0.185591816902161 0.202670887112617 0.252569586038589 0.277619779109955 0.321522980928421 0.330168664455414 0.363705664873123 0.359151065349579 0.389329314231873 0.427062481641769 0.485275864601135 0.506650388240814 0.540987312793732 0.589524447917938 0.699042916297913 0.733489096164703 0.792818427085876 0.824051916599274 0.888378500938416 0.908975601196289 0.861035466194153 0.84075528383255 0.860771596431732 0.854826629161835 0.870423078536987 0.879298985004425 0.903656661510468 0.930277943611145 0.922898471355438 0.941458880901337 0.886906087398529 0.817515313625336 0.758781969547272 0.667495369911194 0.554319977760315 0.551751554012299 0.539251267910004 -3.4e+38 -3.4e+38 -3.4e+38 -3.4e+38 -3.4e+38
0.155294120311737 0.155508115887642 0.168951004743576 0.193069279193878 0.216585129499435 0.237213835120201 0.244625329971313 0.283688545227051 0.264784336090088 0.344673931598663 0.338688373565674 0.388975381851196 0.381146967411041 0.47835585474968 0.509557485580444 0.537978529930115 0.559708476066589 0.578426718711853 0.673104643821716 0.740060985088348 0.799072325229645 0.806828081607819 0.822786450386047 0.897799134254456 0.826035857200623 0.796602189540863 0.842827081680298 0.86503928899765 0.856662213802338 0.860620141029358 0.875310659408569 0.881890296936035 0.858806252479553 0.847967445850372 0.803126573562622 0.750954627990723 0.684137344360352 0.561041593551636 0.488537639379501 0.452112197875977 -3.4e+38 -3.4e+38 -3.4e+38 -3.4e+38 -3.4e+38 -3.4e+38
