data/climate_estimation/maxent_output/Gloriosa_modesta.asc
NCOLS 63 
NROWS 122 
XLLCORNER 27 
YLLCORNER -32.8333333333333 
CELLSIZE 0.0833333333333333 
NODATA_value -3.4e+38 
[rows 60 to 79 of 122, columns 0 to 45 of 63]
0.151221081614494 0.17611725628376 0.17228738963604 0.196892276406288 0.221482902765274 0.251173138618469 0.252593487501144 0.270066350698471 0.278321415185928 0.272938460111618 0.282563924789429 0.28816282749176 0.302092254161835 0.327576994895935 0.336449444293976 0.310799598693848 0.327387034893036 0.349849820137024 0.369219750165939 0.382959842681885 0.360530436038971 0.379253387451172 0.414910107851028 0.438714504241943 0.475211918354034 0.492367178201675 0.532338619232178 0.574453353881836 0.588758409023285 0.623479247093201 0.622948348522186 0.669007658958435 0.69836962223053 0.708477675914764 0.656232357025146 0.677142262458801 0.684491276741028 0.734111666679382 0.756046891212463 0.837654411792755 0.900474488735199 0.943511307239532 0.950045883655548 0.974329769611359 0.956533551216125 0.986379265785217
0.153761848807335 0.173168197274208 0.176095828413963 0.188073188066483 0.203514516353607 0.21599255502224 0.223756462335587 0.236924543976784 0.253261715173721 0.275834143161774 0.280198007822037 0.279536783695221 0.313317954540253 0.319324910640717 0.324467808008194 0.326654046773911 0.352855831384659 0.358565896749496 0.383554100990295 0.362405836582184 0.3686343729496 0.365822941064835 0.386710196733475 0.41226002573967 0.469072103500366 0.48833566904068 0.519426882266998 0.547904372215271 0.598176717758179 0.627557575702667 0.635286390781403 0.650940597057343 0.708745241165161 0.664976537227631 0.652317345142365 0.685598194599152 0.697086155414581 0.741095185279846 0.7695472240448 0.810025632381439 0.857884287834167 0.920512974262238 0.918458759784698 0.940385818481445 0.944124639034271 0.956233143806458
0.154923766851425 0.165948361158371 0.188187032938004 0.185233533382416 0.209505066275597 0.245854750275612 0.25883886218071 0.249639466404915 0.253420799970627 0.260535269975662 0.251462519168854 0.264335334300995 0.291606515645981 0.321419030427933 0.339266926050186 0.332765698432922 0.362096935510635 0.38755789399147 0.376555740833282 0.357577383518219 0.36665952205658 0.340863615274429 0.369114220142365 0.387119084596634 0.406044363975525 0.4751156270504 0.500783920288086 0.530983805656433 0.589363932609558 0.635274469852448 0.66584700345993 0.664951920509338 0.688773691654205 0.628567278385162 0.65774804353714 0.661690890789032 0.704197525978088 0.736741006374359 0.750200688838959 0.770464837551117 0.847161710262299 0.886692941188812 0.913429021835327 0.93844336271286 0.947915256023407 0.958174347877502
0.135002970695496 0.149458527565002 0.187780722975731 0.216145843267441 0.222034513950348 0.23450031876564 0.24345800280571 0.255537062883377 0.258261471986771 0.262302368879318 0.266370296478271 0.279689341783524 0.2807796895504 0.302105665206909 0.333754539489746 0.340069144964218 0.36402553319931 0.37390273809433 0.387629598379135 0.367768049240112 0.376893311738968 0.359729647636414 0.360325872898102 0.384206801652908 0.439276903867722 0.472507387399673 0.4979527592659 0.529933452606201 0.570420622825623 0.605245530605316 0.642241895198822 0.693964719772339 0.701111435890198 0.616128742694855 0.642106056213379 0.663357675075531 0.685994625091553 0.754637539386749 0.755502760410309 0.766031503677368 0.820547759532928 0.878576397895813 0.911276638507843 0.93850439786911 0.964832007884979 0.949201464653015
0.133987218141556 0.160152897238731 0.187466382980347 0.224721640348434 0.243064761161804 0.229790464043617 0.24456998705864 0.25997257232666 0.275285750627518 0.272339105606079 0.276657432317734 0.299732595682144 0.30728143453598 0.310046076774597 0.330553352832794 0.33429417014122 0.354625135660172 0.365499913692474 0.387068539857864 0.383824050426483 0.389122277498245 0.380491852760315 0.36708652973175 0.384206801652908 0.414184063673019 0.432570844888687 0.469961941242218 0.532484531402588 0.564370632171631 0.603102743625641 0.659547746181488 0.698316752910614 0.60466080904007 0.612756848335266 0.62394118309021 0.65870600938797 0.714105188846588 0.746393859386444 0.752873599529266 0.794219732284546 0.79996645450592 0.863416910171509 0.896354794502258 0.926455974578857 0.942382395267487 0.949077904224396
0.120351456105709 0.150273054838181 0.175750643014908 0.180373802781105 0.216140478849411 0.242971241474152 0.26292759180069 0.264760166406631 0.272394299507141 0.278434664011002 0.286525994539261 0.325084984302521 0.326128900051117 0.331136971712112 0.359891951084137 0.336968988180161 0.373293519020081 0.40803661942482 0.398531228303909 0.419751584529877 0.36114302277565 0.3565893471241 0.38306736946106 0.427671670913696 0.426109373569489 0.459792464971542 0.499765127897263 0.555681943893433 0.593111395835876 0.637137711048126 0.683092057704926 0.707495152950287 0.667826473712921 0.670282483100891 0.717280566692352 0.711662709712982 0.716035544872284 0.722105026245117 0.756075203418732 0.755384385585785 0.78974187374115 0.821753144264221 0.877624094486237 0.92567503452301 0.91911119222641 0.934569776058197
0.117416903376579 0.1316247433424 0.154759377241135 0.184089615941048 0.217205092310905 0.236586958169937 0.2635577917099 0.253007084131241 0.267298102378845 0.279092311859131 0.295712888240814 0.326760679483414 0.359756827354431 0.364924043416977 0.370324641466141 0.378832280635834 0.394377410411835 0.43689551949501 0.458116412162781 0.406416654586792 0.418950617313385 0.43793386220932 0.438309758901596 0.447287350893021 0.453914165496826 0.484946250915527 0.568554997444153 0.591178953647614 0.640170931816101 0.67425811290741 0.693647742271423 0.730217933654785 0.665667712688446 0.70581728219986 0.725822687149048 0.703204691410065 0.723538398742676 0.713289260864258 0.758186042308807 0.779932141304016 0.822611510753632 0.821280181407928 0.853030979633331 0.910340011119843 0.939389944076538 0.935092389583588
0.142179891467094 0.135862618684769 0.162383615970612 0.200909733772278 0.198851808905602 0.215612962841988 0.236684516072273 0.252330839633942 0.273257404565811 0.301884829998016 0.333156913518906 0.338220030069351 0.38983616232872 0.408500611782074 0.419230103492737 0.427882015705109 0.442292064428329 0.465031623840332 0.48394051194191 0.493912875652313 0.49868232011795 0.527180552482605 0.513742506504059 0.554311692714691 0.518579065799713 0.524985373020172 0.63681548833847 0.633388519287109 0.671217381954193 0.709702432155609 0.645078599452972 0.5966876745224 0.561701714992523 0.651173710823059 0.648992598056793 0.655499339103699 0.627506494522095 0.58938056230545 0.684311926364899 0.830771207809448 0.833893775939941 0.801702797412872 0.835627496242523 0.895266711711884 0.94594669342041 0.929553508758545
0.158191457390785 0.15756157040596 0.178430214524269 0.18143992125988 0.21679250895977 0.22631724178791 0.246029749512672 0.261613994836807 0.295305848121643 0.301086783409119 0.349465906620026 0.358560413122177 0.386989384889603 0.429593533277512 0.455422013998032 0.453215420246124 0.492554605007172 0.486591994762421 0.535940110683441 0.597450196743011 0.603003799915314 0.628209352493286 0.640005946159363 0.668764650821686 0.664175450801849 0.673342764377594 0.689959228038788 0.714747250080109 0.728453040122986 0.624038875102997 0.56607323884964 0.563055813312531 0.506771445274353 0.616094589233398 0.644526720046997 0.556174695491791 0.591524064540863 0.579214811325073 0.660196781158447 0.762021243572235 0.876632630825043 0.855444192886353 0.822311818599701 0.874235332012177 0.930785000324249 0.943090915679932
0.182155579328537 0.185388058423996 0.189267784357071 0.213723689317703 0.21413491666317 0.242606103420258 0.273839265108109 0.278669893741608 0.292729318141937 0.316599667072296 0.383942991495132 0.427502393722534 0.45716455578804 0.444668680429459 0.442806214094162 0.517473578453064 0.521315157413483 0.53188693523407 0.582494854927063 0.623272061347961 0.67804878950119 0.736357569694519 0.75260978937149 0.761787414550781 0.781582236289978 0.768046677112579 0.780093729496002 0.719920098781586 0.54943835735321 0.507082104682922 0.446445524692535 0.539189338684082 0.480974555015564 0.504417836666107 0.509575009346008 0.556873500347137 0.439925998449326 0.49339696764946 0.602716386318207 0.725346267223358 0.835829615592957 0.872243404388428 0.838453471660614 0.84495747089386 0.922819554805756 0.94976794719696
0.172442421317101 0.170546904206276 0.193856030702591 0.242022141814232 0.242764011025429 0.273176372051239 0.302647560834885 0.279838919639587 0.276885777711868 0.34540456533432 0.409315288066864 0.458419889211655 0.462392866611481 0.45637646317482 0.497780859470367 0.520778119564056 0.527058005332947 0.582479059696198 0.622368514537811 0.551015198230743 0.746679067611694 0.801221191883087 0.811411798000336 0.811209797859192 0.783348262310028 0.727845191955566 0.65360289812088 0.455131620168686 0.451319485902786 0.50499564409256 0.478870570659637 0.404561877250671 0.369291365146637 0.386624604463577 0.442092597484589 0.491315245628357 0.415775835514069 0.406328350305557 0.666898548603058 0.701209366321564 0.814176142215729 0.798572957515717 0.775956571102142 0.823855042457581 0.887035429477692 0.95163094997406
0.154574945569038 0.197718501091003 0.218249633908272 0.228179082274437 0.255493015050888 0.286627441644669 0.30920198559761 0.359063178300858 0.346088021993637 0.375651836395264 0.385723620653152 0.427023440599442 0.503365814685822 0.472307771444321 0.508650243282318 0.515770494937897 0.562930166721344 0.613859415054321 0.587080717086792 0.500346481800079 0.538475334644318 0.771306157112122 0.831792950630188 0.740351796150208 0.441049873828888 0.355290830135345 0.388249725103378 0.414423495531082 0.473001956939697 0.500535070896149 0.507776021957397 0.426707744598389 0.506948888301849 0.484421849250793 0.367101192474365 0.377277225255966 0.447664380073547 0.454753190279007 0.559515237808228 0.482917487621307 0.69072550535202 0.76922619342804 0.84584367275238 0.837217211723328 0.909335255622864 0.948577225208282
0.16449137032032 0.170117184519768 0.197541028261185 0.242384389042854 0.267023712396622 0.298037201166153 0.346551716327667 0.404347389936447 0.427774548530579 0.388808131217957 0.374404221773148 0.395929545164108 0.46103623509407 0.480111122131348 0.494060486555099 0.545606315135956 0.617522895336151 0.663128972053528 0.477713882923126 0.430201143026352 0.533429980278015 0.56978964805603 0.704320192337036 0.714702606201172 0.564495623111725 0.408663511276245 0.365789115428925 0.424128413200378 0.486504942178726 0.506801605224609 0.477949142456055 0.450799316167831 0.536269843578339 0.375460058450699 0.346553593873978 0.416637122631073 0.367321044206619 0.4857097864151 0.570630371570587 0.428370267152786 0.528835475444794 0.738770127296448 0.869512915611267 0.842432916164398 0.879329204559326 0.906616687774658
0.164336457848549 0.190906286239624 0.209865286946297 0.277456730604172 0.289829164743423 0.313786506652832 0.337481081485748 0.389175236225128 0.411672174930573 0.403159767389297 0.38257423043251 0.39101055264473 0.423673629760742 0.461665213108063 0.528110384941101 0.527704179286957 0.584940612316132 0.596951603889465 0.535829842090607 0.446840226650238 0.612996995449066 0.625056564807892 0.619067847728729 0.728517651557922 0.755379199981689 0.556969404220581 0.410820186138153 0.462087869644165 0.516266644001007 0.529895484447479 0.438304245471954 0.389318108558655 0.423674166202545 0.389219999313354 0.363819688558578 0.330218583345413 0.312272638082504 0.348318725824356 0.50535660982132 0.622425734996796 0.685608565807343 0.753588259220123 0.762115716934204 0.84296590089798 0.871229946613312 0.919110894203186
0.152060970664024 0.185271009802818 0.243529170751572 0.273862808942795 0.299603402614594 0.355502158403397 0.347724348306656 0.366688072681427 0.370263338088989 0.383850574493408 0.34316286444664 0.355724215507507 0.425700008869171 0.46931916475296 0.501207828521729 0.517521142959595 0.542092800140381 0.51179438829422 0.507688820362091 0.534547626972198 0.609823644161224 0.627253234386444 0.569991171360016 0.672751605510712 0.767083823680878 0.776632189750671 0.775685250759125 0.529148697853088 0.527604818344116 0.558117568492889 0.523081004619598 0.548746407032013 0.576874136924744 0.549339711666107 0.579636335372925 0.561723828315735 0.51546573638916 0.552902281284332 0.701187431812286 0.773816108703613 0.788450837135315 0.767518699169159 0.842048764228821 0.92969161272049 0.944630861282349 0.960690140724182
0.176765516400337 0.204274788498878 0.236369997262955 0.299021422863007 0.306885957717896 0.376444101333618 0.344821929931641 0.375283896923065 0.334594368934631 0.36933434009552 0.36665341258049 0.378987431526184 0.417832314968109 0.474500626325607 0.49393817782402 0.517487823963165 0.530513882637024 0.591894209384918 0.544392645359039 0.549720406532288 0.561664700508118 0.543671190738678 0.547184705734253 0.563961982727051 0.539843559265137 0.669089317321777 0.796871781349182 0.746236324310303 0.669790744781494 0.563973486423492 0.590333521366119 0.624878942966461 0.671383798122406 0.662475943565369 0.685371398925781 0.671797454357147 0.691859304904938 0.660582304000854 0.811655521392822 0.813997685909271 0.760234475135803 0.889967858791351 0.914556503295898 0.944752216339111 0.946769177913666 0.964592456817627
0.235464945435524 0.220724150538445 0.246386185288429 0.25608491897583 0.342262417078018 0.360178887844086 0.336833477020264 0.356902211904526 0.340608865022659 0.365106523036957 0.41035857796669 0.455252796411514 0.463111817836761 0.468978583812714 0.50642317533493 0.51105010509491 0.57012152671814 0.543210625648499 0.545504033565521 0.543030738830566 0.543744921684265 0.518815219402313 0.502507627010345 0.51973295211792 0.510392606258392 0.524205982685089 0.594868183135986 0.744062185287476 0.687016785144806 0.613071739673615 0.634416878223419 0.648972809314728 0.691374599933624 0.743455827236176 0.743058681488037 0.77377313375473 0.775403380393982 0.802376687526703 0.83511346578598 0.834376096725464 0.852087676525116 0.921648025512695 0.931101381778717 0.959717631340027 0.967004835605621 0.968571960926056
0.212663695216179 0.224904298782349 0.274219840764999 0.286473035812378 0.327497541904449 0.312694817781448 0.312323391437531 0.310604810714722 0.365203320980072 0.402142912149429 0.434973001480103 0.430562973022461 0.42384284734726 0.447879672050476 0.636888146400452 0.636830568313599 0.625145375728607 0.510482132434845 0.512212693691254 0.521351277828217 0.490263551473618 0.501388430595398 0.498590558767319 0.500584840774536 0.481749624013901 0.482236176729202 0.522354066371918 0.580569863319397 0.5993492603302 0.556934893131256 0.511289298534393 0.588927268981934 0.6764155626297 0.729434907436371 0.733625113964081 0.688693106174469 0.731722474098206 0.775164365768433 0.811063230037689 0.849953532218933 0.870823502540588 0.91897588968277 0.969435811042786 0.977361738681793 0.979027926921844 0.979799866676331
0.208025708794594 0.219113364815712 0.237708896398544 0.245627924799919 0.305466175079346 0.313458144664764 0.274778008460999 0.355090528726578 0.450178235769272 0.506187379360199 0.488637208938599 0.511555433273315 0.603991270065308 0.617347002029419 0.668626189231873 0.671564936637878 0.586030423641205 0.514199197292328 0.534156739711761 0.504086434841156 0.532831728458405 0.493068933486938 0.532135307788849 0.48334401845932 0.482532739639282 0.458627551794052 0.503337502479553 0.551960468292236 0.613530933856964 0.407413154840469 0.47553476691246 0.584387362003326 0.603637099266052 0.634633719921112 0.630889534950256 0.713528335094452 0.729390621185303 0.727259635925293 0.754761695861816 0.826563119888306 0.857999861240387 0.947628259658813 0.98382568359375 0.992764174938202 0.988657474517822 0.976857304573059
0.202823787927628 0.195500269532204 0.217520818114281 0.23315617442131 0.222127914428711 0.226402431726456 0.270987659692764 0.426601499319077 0.48117396235466 0.542494475841522 0.549113571643829 0.687861979007721 0.775266885757446 0.725699782371521 0.65956574678421 0.664144098758698 0.514125764369965 0.502417981624603 0.504943609237671 0.538836598396301 0.52957808971405 0.529200613498688 0.499839782714844 0.497252076864243 0.503177642822266 0.483303159475327 0.474327325820923 0.50309944152832 0.567874729633331 0.470814108848572 0.321531027555466 0.394674122333527 0.537578403949738 0.582379221916199 0.640711665153503 0.656060874462128 0.673097193241119 0.750904858112335 0.765280961990356 0.818822920322418 0.890228390693665 0.952877163887024 0.975764214992523 0.988719344139099 0.98972076177597 0.981008589267731
