data/climate_estimation/maxent_output/Gloriosa_modesta.asc
NCOLS 63 
NROWS 122 
XLLCORNER 27 
YLLCORNER -32.8333333333333 
CELLSIZE 0.0833333333333333 
NODATA_value -3.4e+38 
[rows 40 to 59 of 122, columns 0 to 45 of 63]
0.434954285621643 0.445465743541718 0.461471170186996 0.502508223056793 0.543371498584747 0.509392380714417 0.503611445426941 0.497291773557663 0.493679910898209 0.529593467712402 0.47279617190361 0.488956034183502 0.533820271492004 0.605720698833466 0.732784867286682 0.691216826438904 0.67556631565094 0.660029947757721 0.582453727722168 0.541581213474274 0.516433835029602 0.526684522628784 0.510649919509888 0.505980134010315 0.508569717407227 0.491372048854828 0.453197985887527 0.434579759836197 0.452789664268494 0.499503195285797 0.526352763175964 0.517769992351532 0.564532160758972 0.595150709152222 0.630713582038879 0.668909966945648 0.696703553199768 0.775390684604645 0.859637916088104 0.900635123252869 0.921722054481506 0.925595939159393 0.925086915493011 0.884418547153473 0.867483615875244 0.8271843791008
0.412590771913528 0.39472371339798 0.433849066495895 0.476861149072647 0.482693642377853 0.46279501914978 0.489737421274185 0.530941903591156 0.625232756137848 0.681447088718414 0.673984050750732 0.641907215118408 0.677288770675659 0.680029690265656 0.760704278945923 0.691944539546967 0.673031091690063 0.600354850292206 0.577595710754395 0.54660165309906 0.519645869731903 0.533004820346832 0.52350264787674 0.517269194126129 0.518505752086639 0.501384139060974 0.475956529378891 0.463637620210648 0.476441025733948 0.487942099571228 0.537193596363068 0.586913049221039 0.572748959064484 0.633012056350708 0.64555299282074 0.692591428756714 0.720246434211731 0.796935737133026 0.868627846240997 0.905495524406433 0.924235343933105 0.91565614938736 0.918375670909882 0.923654675483704 0.889904618263245 0.87842184305191
0.369043469429016 0.361693918704987 0.402633517980576 0.418713837862015 0.449566543102264 0.433907300233841 0.473936349153519 0.548807799816132 0.535323619842529 0.532785952091217 0.614378213882446 0.716777205467224 0.794269204139709 0.725502133369446 0.670343518257141 0.623554766178131 0.585872948169708 0.533705651760101 0.546784520149231 0.52000105381012 0.520532071590424 0.513297319412231 0.503768682479858 0.524136006832123 0.540358066558838 0.505276918411255 0.476769328117371 0.462800174951553 0.491044223308563 0.499247848987579 0.545911550521851 0.545227825641632 0.589760661125183 0.628591775894165 0.656903922557831 0.697613537311554 0.740930676460266 0.789470732212067 0.861465334892273 0.907410323619843 0.928117275238037 0.922424614429474 0.93836897611618 0.931831181049347 0.919678926467896 0.906755805015564
0.358741611242294 0.347166031599045 0.375023990869522 0.387309700250626 0.395600169897079 0.396748423576355 0.411200881004333 0.393170356750488 0.362363427877426 0.356093227863312 0.403911203145981 0.548039972782135 0.556390225887299 0.499055802822113 0.481482565402985 0.501498639583588 0.520311832427979 0.47773540019989 0.477152645587921 0.529344499111176 0.51800662279129 0.51947557926178 0.507255673408508 0.531372845172882 0.537046611309052 0.525274872779846 0.473944813013077 0.481690585613251 0.516456484794617 0.512559235095978 0.551176011562347 0.551349520683289 0.615046143531799 0.649457633495331 0.675771057605743 0.692084431648254 0.718889355659485 0.79767107963562 0.841269016265869 0.892481327056885 0.919919431209564 0.943129062652588 0.94209498167038 0.942523658275604 0.918685913085938 0.872834444046021
0.343526542186737 0.327004015445709 0.350392431020737 0.377201318740845 0.405730664730072 0.437352359294891 0.437833666801453 0.442690938711166 0.423400521278381 0.387767434120178 0.391379445791245 0.428206712007523 0.372703701257706 0.357255339622498 0.364221930503845 0.384202390909195 0.410451680421829 0.414652645587921 0.448548257350922 0.496269315481186 0.54380476474762 0.559484362602234 0.564122915267944 0.5680051445961 0.560782790184021 0.517407476902008 0.491371750831604 0.489236027002335 0.528889060020447 0.545348167419434 0.566744863986969 0.566595017910004 0.618204832077026 0.65189403295517 0.588260173797607 0.5788334608078 0.67947643995285 0.73995453119278 0.809545695781708 0.863264143466949 0.909728765487671 0.943204641342163 0.953794598579407 0.956269025802612 0.940511167049408 0.881156623363495
0.317483931779861 0.317571341991425 0.369979739189148 0.38999205827713 0.411311328411102 0.404930919408798 0.390052199363708 0.374587565660477 0.360386520624161 0.356143206357956 0.353306084871292 0.380082845687866 0.320610612630844 0.311346769332886 0.368651896715164 0.383582383394241 0.326122105121613 0.372741162776947 0.47339728474617 0.482280910015106 0.506212949752808 0.559665024280548 0.572360694408417 0.518284559249878 0.523118913173676 0.528232216835022 0.499267071485519 0.52899032831192 0.54531729221344 0.56983757019043 0.575158417224884 0.613804757595062 0.616082012653351 0.624415218830109 0.574314773082733 0.387746185064316 0.593126714229584 0.73442816734314 0.765697836875916 0.829532742500305 0.894379019737244 0.928881585597992 0.948787987232208 0.957989513874054 0.956224858760834 0.925791800022125
0.29572120308876 0.323255002498627 0.355554044246674 0.335830360651016 0.332510024309158 0.357822269201279 0.38048380613327 0.35736420750618 0.347381770610809 0.334680646657944 0.325658321380615 0.304006814956665 0.278176993131638 0.290935814380646 0.401752889156342 0.316918760538101 0.306508243083954 0.392540991306305 0.464644402265549 0.47428172826767 0.501376450061798 0.558737397193909 0.542400419712067 0.521700024604797 0.493823409080505 0.493883520364761 0.495453298091888 0.514264285564423 0.536263108253479 0.537464916706085 0.570812702178955 0.583395779132843 0.597427725791931 0.610269606113434 0.561115384101868 0.388643711805344 0.59297651052475 0.642163455486298 0.770439743995667 0.8400799036026 0.895453810691833 0.908477962017059 0.938813269138336 0.950169086456299 0.954293668270111 0.928335666656494
0.300592660903931 0.316760569810867 0.31361585855484 0.307335913181305 0.320027679204941 0.346363544464111 0.382536828517914 0.372637212276459 0.357600003480911 0.361817389726639 0.33899974822998 0.267603605985641 0.280490517616272 0.288465678691864 0.279037296772003 0.281508803367615 0.327543318271637 0.386932760477066 0.4202820956707 0.4671491086483 0.535466432571411 0.531348884105682 0.551548719406128 0.523789703845978 0.468629240989685 0.470296442508698 0.492795526981354 0.49801179766655 0.502778351306915 0.520291149616241 0.522642552852631 0.561792433261871 0.581590890884399 0.594720482826233 0.558662831783295 0.584864854812622 0.615304410457611 0.662132263183594 0.771212935447693 0.838203847408295 0.885793089866638 0.900827348232269 0.930264413356781 0.924755752086639 0.941014051437378 0.926577806472778
0.289611220359802 0.28135946393013 0.311133921146393 0.342221200466156 0.351528197526932 0.36342391371727 0.369031429290771 0.358865946531296 0.345176786184311 0.361899554729462 0.319257497787476 0.269065141677856 0.281258404254913 0.271071583032608 0.299692094326019 0.287916570901871 0.308322995901108 0.361121326684952 0.417732179164886 0.502802491188049 0.527877151966095 0.52946799993515 0.542084634304047 0.475578546524048 0.44955188035965 0.453464329242706 0.432013034820557 0.436212927103043 0.463021636009216 0.468339323997498 0.46530756354332 0.524344563484192 0.584485709667206 0.55963259935379 0.619125962257385 0.599874317646027 0.700662553310394 0.755437552928925 0.77726936340332 0.835471570491791 0.886046826839447 0.909696400165558 0.926083326339722 0.921142637729645 0.923055469989777 0.909587860107422
0.266882926225662 0.285162359476089 0.310522973537445 0.343844592571259 0.358332395553589 0.377246767282486 0.335068792104721 0.34850600361824 0.332977861166 0.332140147686005 0.305840343236923 0.305758357048035 0.285899847745895 0.29804927110672 0.323203176259995 0.314007818698883 0.329268932342529 0.36217325925827 0.387336045503616 0.4564528465271 0.524494171142578 0.514807879924774 0.475883692502975 0.459689676761627 0.438490241765976 0.401334285736084 0.404948949813843 0.406781822443008 0.435718059539795 0.455808579921722 0.452027261257172 0.523578464984894 0.552985429763794 0.567623436450958 0.588423252105713 0.64839905500412 0.70329886674881 0.759695768356323 0.819956064224243 0.846095442771912 0.870080530643463 0.903831362724304 0.922618508338928 0.93870997428894 0.939355134963989 0.931755661964417
0.238023087382317 0.260912209749222 0.307080835103989 0.322300463914871 0.303084790706635 0.318976819515228 0.352833598852158 0.351374834775925 0.340453863143921 0.338699877262115 0.318469643592834 0.295344442129135 0.290180623531342 0.287495762109756 0.290535539388657 0.294543355703354 0.325939208269119 0.332935214042664 0.376662582159042 0.448885530233383 0.474268555641174 0.458617299795151 0.439236134290695 0.42101326584816 0.412415772676468 0.371852427721024 0.316882789134979 0.32148540019989 0.401550352573395 0.421630203723907 0.462216019630432 0.501302421092987 0.520406007766724 0.564128816127777 0.596381008625031 0.680636048316956 0.7343390583992 0.773120820522308 0.824686944484711 0.873860836029053 0.869291007518768 0.902836740016937 0.927247643470764 0.939238607883453 0.939529359340668 0.935325920581818
0.237131461501122 0.248124659061432 0.278516441583633 0.313897460699081 0.302672892808914 0.318037748336792 0.340242266654968 0.341112405061722 0.325962483882904 0.318075150251389 0.310181945562363 0.290155291557312 0.290474653244019 0.281519263982773 0.282938659191132 0.296525090932846 0.303818166255951 0.321343004703522 0.368480265140533 0.372369170188904 0.402779817581177 0.417879015207291 0.406974643468857 0.392648220062256 0.378178387880325 0.351343303918839 0.303850710391998 0.313632667064667 0.395318776369095 0.418153792619705 0.469732910394669 0.504777014255524 0.573833465576172 0.621496915817261 0.603477656841278 0.64665812253952 0.719502091407776 0.75548392534256 0.813854873180389 0.875928282737732 0.878495156764984 0.897282183170319 0.927253723144531 0.925909578800201 0.923399686813354 0.933361649513245
0.22124357521534 0.269415199756622 0.27816566824913 0.309809744358063 0.304781556129456 0.308097124099731 0.310640722513199 0.326461493968964 0.324261993169785 0.310233861207962 0.306127101182938 0.29282283782959 0.298760265111923 0.293182224035263 0.286388456821442 0.284697115421295 0.307923495769501 0.327691495418549 0.328156262636185 0.358594238758087 0.395418226718903 0.391433894634247 0.387174665927887 0.382616013288498 0.368181347846985 0.348197519779205 0.352329462766647 0.365492850542068 0.40366068482399 0.454116404056549 0.514007687568665 0.543684005737305 0.568268597126007 0.628841757774353 0.639502763748169 0.700802147388458 0.73348081111908 0.763458907604218 0.827444791793823 0.873747408390045 0.87617689371109 0.899229466915131 0.906989634037018 0.916308224201202 0.907046437263489 0.919146656990051
0.213172480463982 0.244389846920967 0.281749039888382 0.295013606548309 0.27982971072197 0.297296226024628 0.301878124475479 0.305553168058395 0.307469666004181 0.290818929672241 0.292988836765289 0.307810455560684 0.299320369958878 0.30070549249649 0.298086822032928 0.288544028997421 0.286379903554916 0.31255841255188 0.324496448040009 0.34771603345871 0.373423725366592 0.393159866333008 0.396915107965469 0.396103411912918 0.387651234865189 0.376613587141037 0.38796654343605 0.418939560651779 0.440482437610626 0.498652249574661 0.530781865119934 0.571090519428253 0.626793384552002 0.660493552684784 0.680740356445312 0.697520792484283 0.75480043888092 0.789463043212891 0.816893696784973 0.862358033657074 0.872467160224915 0.919387400150299 0.930080711841583 0.941233217716217 0.948249101638794 0.935262441635132
0.205729588866234 0.212374448776245 0.24393804371357 0.234628900885582 0.249422028660774 0.254456549882889 0.271658658981323 0.27800053358078 0.272609978914261 0.282279938459396 0.281271398067474 0.295393496751785 0.304956078529358 0.303073644638062 0.28367668390274 0.291590631008148 0.286413669586182 0.294276714324951 0.316138327121735 0.347124993801117 0.386886447668076 0.401700377464294 0.38498443365097 0.421101689338684 0.419409811496735 0.424434930086136 0.415438741445541 0.431481927633286 0.468503177165985 0.486589819192886 0.529332756996155 0.600175023078918 0.634999990463257 0.663645029067993 0.70885819196701 0.72148185968399 0.756061613559723 0.805746793746948 0.818374156951904 0.854865849018097 0.895812273025513 0.934253931045532 0.954180955886841 0.94182288646698 0.955324649810791 0.959673166275024
0.194857776165009 0.211907863616943 0.209888443350792 0.235855296254158 0.251500368118286 0.252216398715973 0.258233547210693 0.271928042173386 0.266077637672424 0.265482693910599 0.285243988037109 0.301889628171921 0.305153012275696 0.296274363994598 0.294071406126022 0.29799684882164 0.287302255630493 0.288428574800491 0.297835767269135 0.331197202205658 0.367374151945114 0.395495891571045 0.421157002449036 0.440239608287811 0.430115073919296 0.445196688175201 0.476188749074936 0.483799517154694 0.507040083408356 0.528051376342773 0.594847559928894 0.621160566806793 0.640273153781891 0.659744381904602 0.70041960477829 0.737191438674927 0.775505185127258 0.806765377521515 0.857643902301788 0.89240425825119 0.910109877586365 0.94258052110672 0.952983677387238 0.91703474521637 0.911576449871063 0.932030737400055
0.186153307557106 0.209890335798264 0.235289976000786 0.227244287729263 0.246468886733055 0.270007491111755 0.270643472671509 0.280938118696213 0.290421515703201 0.275809228420258 0.279620438814163 0.311786979436874 0.298792779445648 0.299293041229248 0.308016419410706 0.300191462039948 0.311923742294312 0.305002331733704 0.303285628557205 0.3171406686306 0.352358043193817 0.379413574934006 0.436097621917725 0.464193552732468 0.473077774047852 0.488903522491455 0.513989627361298 0.532645761966705 0.543691873550415 0.56912636756897 0.586749732494354 0.636852502822876 0.661052644252777 0.680248200893402 0.699589192867279 0.734854817390442 0.795188188552856 0.820274472236633 0.867286741733551 0.899518430233002 0.921691536903381 0.920129954814911 0.91725766658783 0.911483108997345 0.926560997962952 0.934619963169098
0.156810313463211 0.186994954943657 0.232201308012009 0.25412529706955 0.242237657308578 0.262910217046738 0.272206455469131 0.271149098873138 0.292740434408188 0.273857921361923 0.272536873817444 0.299502998590469 0.323955297470093 0.315657764673233 0.324561148881912 0.312788993120193 0.32597091794014 0.310962051153183 0.313091605901718 0.347268283367157 0.336916953325272 0.374865084886551 0.430545419454575 0.463370382785797 0.485830575227737 0.491430640220642 0.519684493541718 0.550470054149628 0.54880678653717 0.595945358276367 0.58896416425705 0.625760972499847 0.660320937633514 0.720093071460724 0.709998071193695 0.755619823932648 0.793810129165649 0.835106313228607 0.869422197341919 0.897033095359802 0.928252637386322 0.950880646705627 0.953350722789764 0.943458318710327 0.954114675521851 0.951413512229919
0.167342215776443 0.188094586133957 0.247541815042496 0.268905073404312 0.242846414446831 0.275183469057083 0.28104841709137 0.282661765813828 0.27239328622818 0.281897991895676 0.285999476909637 0.298693388700485 0.321265995502472 0.333210349082947 0.346811264753342 0.349713027477264 0.345203429460526 0.313458830118179 0.332327127456665 0.352423667907715 0.346735596656799 0.365117251873016 0.392372608184814 0.438575208187103 0.489825874567032 0.498530805110931 0.504149854183197 0.546840131282806 0.563654661178589 0.582775771617889 0.604859411716461 0.630766868591309 0.667628288269043 0.689892709255219 0.659033954143524 0.695289611816406 0.733466327190399 0.844282388687134 0.866183817386627 0.90064013004303 0.921592891216278 0.950792729854584 0.958626568317413 0.961363554000854 0.94180816411972 0.929536402225494
0.181238487362862 0.168922126293182 0.216258838772774 0.23654380440712 0.257260084152222 0.274482429027557 0.266819417476654 0.274835705757141 0.283933013677597 0.294929832220078 0.285831451416016 0.298767238855362 0.294949352741241 0.325212746858597 0.342318028211594 0.340019553899765 0.33453044295311 0.318494707345963 0.366582870483398 0.369786351919174 0.353311330080032 0.380204379558563 0.409485846757889 0.43590047955513 0.483310014009476 0.501416265964508 0.524414002895355 0.554304361343384 0.554336726665497 0.598531186580658 0.615983724594116 0.645297706127167 0.679050207138062 0.664360165596008 0.661508500576019 0.675841093063354 0.70012891292572 0.743757426738739 0.788767874240875 0.866816163063049 0.923496901988983 0.947697877883911 0.957736253738403 0.96131819486618 0.964459538459778 0.963325440883636
