data/climate_estimation/maxent_output/Helonias_bullata.asc
NCOLS 154 
NROWS 96 
XLLCORNER -83.5833333333333 
YLLCORNER 34.75 
CELLSIZE 0.0833333333333333 
NODATA_value -3.4e+38 
[rows 21 to 41 of 96, columns 0 to 48 of 154]
0.00398157490417361 0.00441351160407066 0.00486459117382765 0.00499344849959016 0.00486459117382765 0.00510295946151018 0.00439346255734563 0.00428005447611213 0.00450256140902638 0.0039570601657033 0.00426017213612795 0.00415019784122705 0.0044676112011075 0.00514878612011671 0.00530229508876801 0.0062301023863256 0.00606943015009165 0.00626992108300328 0.00584131944924593 0.00585785275325179 0.00726904161274433 0.00748014729470015 0.00826921686530113 0.00850924476981163 0.0125050395727158 0.0138218896463513 0.0206189472228289 0.0138218896463513 0.01378726772964 0.0128041198477149 0.0115558011457324 0.0112303234636784 0.00846568681299686 0.00871228706091642 0.00896511785686016 0.00965493638068438 0.0133979944512248 0.0152747724205256 0.021818520501256 0.0238884016871452 0.0257062558084726 0.0242708791047335 0.0241980850696564 0.0267104804515839 0.0282148309051991 0.030344445258379 0.0326287746429443 0.0334805734455585 0.0249073784798384
0.00441351160407066 0.00454327929764986 0.00467637227848172 0.00467637227848172 0.00540677085518837 0.00510295946151018 0.00535242585465312 0.004744294565171 0.00450256140902638 0.00426017213612795 0.00413719704374671 0.00376407452858984 0.00458597764372826 0.00530229508876801 0.00568795064464211 0.0060326810926199 0.005725490860641 0.00643588369712234 0.00519745144993067 0.00569064496085048 0.00572231877595186 0.00604516034945846 0.00622083432972431 0.00852979440242052 0.00970259308815002 0.0142204780131578 0.0142204780131578 0.0138218896463513 0.0148825952783227 0.0133979944512248 0.0124749727547169 0.0133979944512248 0.0130183063447475 0.00943003036081791 0.00943003036081791 0.0138218896463513 0.0142204780131578 0.015754347667098 0.0162065476179123 0.0235442314296961 0.0245786495506763 0.0263798106461763 0.0263798106461763 0.0283816009759903 0.0270707663148642 0.0313276946544647 0.0312340762466192 0.0335876122117043 0.0345706194639206
0.00503599783405662 0.00553485192358494 0.00480025634169579 0.0050070732831955 0.004555678460747 0.00476594036445022 0.00452310731634498 0.004744294565171 0.00448892125859857 0.00470747239887714 0.00445316080003977 0.0038190723862499 0.00480874814093113 0.00533017935231328 0.00585808884352446 0.0063044149428606 0.00605162000283599 0.00547638908028603 0.00519745144993067 0.00512818805873394 0.00539466738700867 0.00553752668201923 0.00689485250040889 0.00764161814004183 0.00998196937143803 0.0110357450321317 0.0110612278804183 0.0107518089935184 0.0153131000697613 0.0153131000697613 0.0134667586535215 0.014500412158668 0.0149199459701777 0.0104499282315373 0.0138551788404584 0.0138551788404584 0.0146611975505948 0.0162422116845846 0.0228896867483854 0.024214792996645 0.0241618398576975 0.0241618398576975 0.0266922302544117 0.0279267597943544 0.0299694817513227 0.031418401747942 0.032239131629467 0.032239131629467 0.0246777534484863
0.005306293256581 0.00532076926901937 0.00569690950214863 0.0050070732831955 0.00467637227848172 0.00441351160407066 0.00464294012635946 0.00486997328698635 0.00510755414143205 0.00506687769666314 0.00434559257701039 0.004516810644418 0.00502445735037327 0.00531239993870258 0.00561621971428394 0.00649293279275298 0.0063255038112402 0.00606999406591058 0.00566927948966622 0.00527728535234928 0.00538054388016462 0.00596379116177559 0.00742597226053476 0.00807064585387707 0.00852278154343367 0.01135328784585 0.0110612278804183 0.0110612278804183 0.0110612278804183 0.0107766399160028 0.0116074057295918 0.0161432642489672 0.0149558596313 0.0153499534353614 0.0116342008113861 0.0158253945410252 0.0162422116845846 0.0170437432825565 0.017530832439661 0.0237750038504601 0.0275714341551065 0.0268119275569916 0.0267533734440804 0.0287977121770382 0.0317234843969345 0.0341305285692215 0.0317234843969345 0.0341305285692215 0.024744413793087
0.00629717158153653 0.0056814132258296 0.00569690950214863 0.00513969548046589 0.00466364528983831 0.00453044753521681 0.00464294012635946 0.00501364329829812 0.00512306904420257 0.00506687769666314 0.00500666536390781 0.00515753868967295 0.00529413530603051 0.00586804375052452 0.00604417407885194 0.00666477857157588 0.00690576294437051 0.00566929113119841 0.00608779862523079 0.00584937259554863 0.00630021328106523 0.0066273920238018 0.00846891943365335 0.00894418451935053 0.0104665346443653 0.0129402261227369 0.0129402261227369 0.012579869478941 0.0119412979111075 0.0119412979111075 0.0116342008113861 0.0125595694407821 0.0166065320372581 0.0170812346041203 0.0170812346041203 0.0180298704653978 0.0180298704653978 0.0180658176541328 0.0185761470347643 0.0276781339198351 0.0263725090771914 0.040987990796566 0.0296833533793688 0.03045947663486 0.045248344540596 0.0336413569748402 0.0327108427882195 0.0351985581219196 0.0369066409766674
0.00556624447926879 0.00553485192358494 0.00554995005950332 0.00554995005950332 0.00467637227848172 0.00442601274698973 0.00477943755686283 0.00502783991396427 0.00525875529274344 0.00578362448140979 0.00586804375052452 0.00604417407885194 0.00717234378680587 0.0079490439966321 0.0079490439966321 0.00818653777241707 0.00763055589050055 0.00676446966826916 0.00694560259580612 0.00665486557409167 0.0069828019477427 0.00823002401739359 0.00798299442976713 0.00991179887205362 0.0107666850090027 0.0122451381757855 0.0139380311593413 0.0129674216732383 0.0122834770008922 0.0119676329195499 0.0125595694407821 0.012587258592248 0.0129465004429221 0.0189207009971142 0.0180658176541328 0.0180658176541328 0.0204196125268936 0.0274699795991182 0.0290444772690535 0.0298601854592562 0.0292465537786484 0.0291975848376751 0.0466088652610779 0.0479055568575859 0.0356405451893806 0.039438147097826 0.0362846925854683 0.0369066409766674 0.0408362708985806
0.0058059673756361 0.00597655354067683 0.00554995005950332 0.00540677085518837 0.00556451687589288 0.00491943163797259 0.00531215174123645 0.00573613215237856 0.00600071251392365 0.00595539202913642 0.00666477857157588 0.00758212944492698 0.00888188928365707 0.0101642673835158 0.00958940573036671 0.00890973303467035 0.00870657619088888 0.0082637956365943 0.00792298000305891 0.00758914928883314 0.00741066224873066 0.00777729321271181 0.00965663883835077 0.0109835118055344 0.0116234589368105 0.0147458156570792 0.0147458156570792 0.0136098600924015 0.0126341041177511 0.0132601410150528 0.0139462128281593 0.0139462128281593 0.0204196125268936 0.0204196125268936 0.0209999997168779 0.020611671730876 0.0233027059584856 0.0304741133004427 0.0313325002789497 0.0313913598656654 0.0340321734547615 0.0315502360463142 0.0350821390748024 0.0350306741893291 0.0367029048502445 0.0555526055395603 0.0402367524802685 0.042196698486805 0.0453933142125607
0.00567221315577626 0.00582240102812648 0.00583828100934625 0.00542096281424165 0.00543463323265314 0.00586836086586118 0.00571699067950249 0.00615765992552042 0.00663150148466229 0.00613161502406001 0.0071963258087635 0.0079490439966321 0.0104665216058493 0.01194126624614 0.0122935157269239 0.0122935157269239 0.010223756544292 0.010251578874886 0.00929852947592735 0.0104896342381835 0.0102196764200926 0.00995663087815046 0.0113244885578752 0.0113244885578752 0.0128790382295847 0.0126198595389724 0.0151933617889881 0.0111174797639251 0.0140260467305779 0.0133145619183779 0.0143726095557213 0.0204623620957136 0.0210418067872524 0.0239591524004936 0.0233027059584856 0.0234653186053038 0.0337976068258286 0.0354569032788277 0.0337976068258286 0.0347444005310535 0.0366444066166878 0.0368759594857693 0.0386423096060753 0.0531546659767628 0.0388214513659477 0.040679007768631 0.0570905841886997 0.0660237967967987 0.0673281624913216
0.00531215174123645 0.00583828100934625 0.00585360219702125 0.00602372642606497 0.00603829184547067 0.0065200375393033 0.0065200375393033 0.00704008201137185 0.00758312502875924 0.00771031668409705 0.0078561520203948 0.00845666415989399 0.0110946977511048 0.0126547925174236 0.0140209849923849 0.0126904873177409 0.0123978536576033 0.0114181833341718 0.0115978764370084 0.0116479033604264 0.0123187443241477 0.0120019987225533 0.0123408483341336 0.0123408483341336 0.0140088088810444 0.0129061052575707 0.0155391097068787 0.0144230984151363 0.0151401972398162 0.0147793972864747 0.0210418067872524 0.0227067992091179 0.0251442901790142 0.0251916758716106 0.0265765022486448 0.0260241460055113 0.0385165028274059 0.0374727137386799 0.0403353311121464 0.0374727137386799 0.0367056243121624 0.0387596450746059 0.0387028902769089 0.0369263514876366 0.0389235801994801 0.0576258972287178 0.0649376809597015 0.0732096210122108 0.107569918036461
0.00605975091457367 0.00562606891617179 0.00650431402027607 0.0065200375393033 0.00670808646827936 0.00745113380253315 0.00745113380253315 0.00825789850205183 0.00889628287404776 0.00884007103741169 0.00834757648408413 0.00898824911564589 0.0105223748832941 0.0130606777966022 0.0144703676924109 0.0141355395317078 0.0149638662114739 0.0131897041574121 0.0136230839416385 0.0132730267941952 0.0136964991688728 0.0172774065285921 0.0144511479884386 0.0136733837425709 0.0132981929928064 0.0159786455333233 0.0151401972398162 0.0155685385689139 0.0151688773185015 0.0163730513304472 0.0227496456354856 0.0251916758716106 0.0258979927748442 0.0266211349517107 0.0280776955187321 0.0406143069267273 0.0426846891641617 0.0415345914661884 0.0415345914661884 0.0426137186586857 0.0395847633481026 0.0417352691292763 0.0428821444511414 0.0431130826473236 0.0621698312461376 0.0638401582837105 0.100926660001278 0.105608321726322 0.113392405211926
0.00623584724962711 0.00660145469009876 0.00688560679554939 0.00745113380253315 0.00745113380253315 0.00767972087487578 0.00851112883538008 0.00969976373016834 0.00918924901634455 0.00935764238238335 0.00979647692292929 0.0118183372542262 0.0130948275327682 0.0157990884035826 0.0157627779990435 0.0153935542330146 0.0158670898526907 0.0143509348854423 0.0144039019942284 0.0144511479884386 0.0151742873713374 0.0151983657851815 0.0151742873713374 0.016009695827961 0.0144511479884386 0.0152704874053597 0.0144733674824238 0.0155964279547334 0.0163730513304472 0.0176719594746828 0.0278920792043209 0.0286729913204908 0.0294724386185408 0.0317404568195343 0.0311282631009817 0.0471359938383102 0.0494431369006634 0.04594511911273 0.04594511911273 0.0426846891641617 0.0426846891641617 0.0449996218085289 0.0429405607283115 0.0653010681271553 0.0656093135476112 0.0759563446044922 0.116712048649788 0.122074969112873 0.122074969112873
0.00800888147205114 0.00763137498870492 0.00764824170619249 0.00927151367068291 0.00851112883538008 0.00957088358700275 0.00901554152369499 0.00999083649367094 0.00973365176469088 0.0109718879684806 0.0101028634235263 0.0121900644153357 0.0142608946189284 0.0167138148099184 0.0167138148099184 0.0163174942135811 0.0163174942135811 0.0147835602983832 0.0144282439723611 0.0144726065918803 0.0152209252119064 0.0152209252119064 0.0151983657851815 0.0197934433817863 0.0178699027746916 0.0156960636377335 0.0152704874053597 0.0156227694824338 0.0190369188785553 0.0278920792043209 0.0300342757254839 0.034237090498209 0.0361062213778496 0.0353522710502148 0.0487267039716244 0.04984100908041 0.0562707595527172 0.0547651946544647 0.0547651946544647 0.0470742881298065 0.0435761697590351 0.0416442714631557 0.0473252274096012 0.0667314305901527 0.0720931366086006 0.081117607653141 0.125271245837212 0.132032439112663 0.196767702698708
0.00933606643229723 0.00891593284904957 0.00917088147252798 0.0103144710883498 0.0103329978883266 0.0106238909065723 0.0112424278631806 0.0103006288409233 0.0103006288409233 0.010490894317627 0.0116667384281754 0.0121575174853206 0.0151173742488027 0.0155156897380948 0.0162849966436625 0.0171262100338936 0.0154906893149018 0.0155478306114674 0.0122852260246873 0.0132803730666637 0.0145111633464694 0.0156435314565897 0.0160555969923735 0.0192863903939724 0.018363494426012 0.017892736941576 0.0169417280703783 0.017306562513113 0.0278920792043209 0.0332448668777943 0.0378211326897144 0.0388744249939919 0.0522113554179668 0.057985957711935 0.0565291866660118 0.0608252286911011 0.0592993944883347 0.0577210746705532 0.0805163010954857 0.0512055866420269 0.0461946688592434 0.0440429225564003 0.0479400232434273 0.0661035031080246 0.0801159739494324 0.0862301290035248 0.0971856862306595 0.148932427167892 0.202329993247986
0.011342803016305 0.0105287153273821 0.0108284177258611 0.0108684562146664 0.0114876022562385 0.0115046855062246 0.0112568410113454 0.0112701179459691 0.0112568410113454 0.0121368272230029 0.0127084096893668 0.013670957647264 0.0155450748279691 0.0163174942135811 0.0176120325922966 0.0181096624583006 0.0146235441789031 0.0132213514298201 0.0119859054684639 0.0132973818108439 0.0145282503217459 0.0156635418534279 0.0156635418534279 0.0165189038962126 0.0203634910285473 0.0193110164254904 0.018792200833559 0.026062561199069 0.0317404568195343 0.0378881096839905 0.0577210746705532 0.0608252286911011 0.0640841796994209 0.0611679926514626 0.0708943083882332 0.072391651570797 0.103400804102421 0.0957328602671623 0.0920058935880661 0.0578378140926361 0.0518121309578419 0.0481265895068645 0.0498437508940697 0.0540026240050793 0.0794949755072594 0.0906435996294022 0.135575115680695 0.232530072331429 0.226839944720268
0.0122954193502665 0.0126437954604626 0.0133435670286417 0.0133873578161001 0.012419817969203 0.0127651561051607 0.0121798012405634 0.0121798012405634 0.0121667059138417 0.0124013833701611 0.0127286007627845 0.013695471920073 0.0151731483638287 0.0163483843207359 0.0176453534513712 0.0195449646562338 0.0190442129969597 0.0146715044975281 0.0129211880266666 0.0136086391285062 0.0169265307486057 0.0208649784326553 0.0208649784326553 0.0198419820517302 0.020385317504406 0.0208405181765556 0.0296879969537258 0.0344537049531937 0.0522113554179668 0.05781065300107 0.065530888736248 0.0673083290457726 0.072797030210495 0.0747413262724876 0.117893069982529 0.111118033528328 0.114985257387161 0.111071430146694 0.110289290547371 0.0930218249559402 0.0814693868160248 0.0788233578205109 0.0747045055031776 0.0528976917266846 0.077865868806839 0.0891124680638313 0.229607135057449 0.21943923830986 0.222225308418274
0.0182293877005577 0.013718250207603 0.0144726065918803 0.0178699027746916 0.018363494426012 0.017482578754425 0.0179793369024992 0.0138644138351083 0.0131341470405459 0.0137608200311661 0.0144282439723611 0.013718624599278 0.0151987802237272 0.0168372690677643 0.0186507143080235 0.020094595849514 0.0217219833284616 0.0162777341902256 0.0158600136637688 0.0187274944037199 0.0256143473088741 0.0262855254113674 0.0243849791586399 0.0321797505021095 0.0321797505021095 0.0346769355237484 0.0346769355237484 0.0540090389549732 0.0581369586288929 0.0642505139112473 0.0946251526474953 0.109353266656399 0.109888933598995 0.126449167728424 0.143362298607826 0.141919270157814 0.143455028533936 0.134469866752625 0.124785959720612 0.0985527858138084 0.0968664735555649 0.0817094594240189 0.0822607204318047 0.0781087353825569 0.0796191990375519 0.17336343228817 0.237286150455475 0.245102509856224 0.227630719542503
0.0224611349403858 0.0202810391783714 0.0208405181765556 0.0198419820517302 0.0203634910285473 0.0194044131785631 0.0170307010412216 0.0210091918706894 0.0157072804868221 0.0164556987583637 0.0152454935014248 0.0159843415021896 0.0173078924417496 0.0181726608425379 0.0201284568756819 0.0222923383116722 0.0217563360929489 0.0223913919180632 0.0212872829288244 0.0283291563391685 0.0413810797035694 0.0424970053136349 0.0405009128153324 0.036602932959795 0.0394442826509476 0.0542900189757347 0.0529234707355499 0.0613606981933117 0.0819423943758011 0.0904365554451942 0.0997623950242996 0.121181644499302 0.127012178301811 0.148241713643074 0.152621984481812 0.228711783885956 0.218822464346886 0.207978680729866 0.197615206241608 0.135629385709763 0.118221998214722 0.110052458941936 0.0934576392173767 0.0876240432262421 0.157821595668793 0.268892914056778 0.270052194595337 0.249632373452187 0.224535867571831
0.0276065394282341 0.0219401232898235 0.0225402470678091 0.0219989493489265 0.02259835973382 0.0215099491178989 0.0226716343313456 0.0226716343313456 0.0178945381194353 0.0169339142739773 0.018228430300951 0.0177348125725985 0.01964395865798 0.0212943740189075 0.0212943740189075 0.0255655702203512 0.0268795862793922 0.0306106638163328 0.0306432992219925 0.0424563065171242 0.0482249036431313 0.0663157775998116 0.0616294220089912 0.0572210401296616 0.0572210401296616 0.0616294220089912 0.0802561789751053 0.0928689315915108 0.0952138230204582 0.110081344842911 0.156811475753784 0.182411730289459 0.199804753065109 0.211239412426949 0.228708133101463 0.23637256026268 0.261632710695267 0.237859293818474 0.208657518029213 0.191914498806 0.124609932303429 0.119121693074703 0.153517052531242 0.181642442941666 0.276084780693054 0.278087854385376 0.16882236301899 0.163160681724548 0.190552890300751
0.0305943060666323 0.027636019513011 0.0256391186267138 0.0263109374791384 0.0257221218198538 0.0263960845768452 0.0251220110803843 0.0251220110803843 0.0244453009217978 0.0198014974594116 0.0192735698074102 0.0202179942280054 0.0217885226011276 0.0223913919180632 0.0275834463536739 0.0276185162365437 0.0374597311019897 0.0414867289364338 0.0447321012616158 0.0508347973227501 0.0714298263192177 0.0733427107334137 0.0681272819638252 0.0698960199952126 0.0908977389335632 0.088826410472393 0.093195453286171 0.142740964889526 0.152893036603928 0.1561618745327 0.174250200390816 0.203796774148941 0.226319462060928 0.255967497825623 0.263446718454361 0.26874840259552 0.273715615272522 0.268367409706116 0.249779522418976 0.203216537833214 0.197213336825371 0.177086338400841 0.218121528625488 0.314529657363892 0.181142821907997 0.178000405430794 0.23635932803154 0.223878160119057 0.193713709712029
0.0403712168335915 0.0314512364566326 0.0322728119790554 0.0291546750813723 0.0405009128153324 0.0284785516560078 0.0271053686738014 0.0278150551021099 0.0292013976722956 0.0224462281912565 0.0224462281912565 0.0269452631473541 0.0261934455484152 0.0276508182287216 0.0276508182287216 0.0269452631473541 0.0374957360327244 0.0426333770155907 0.068015530705452 0.0770915225148201 0.0830440372228622 0.0830809250473976 0.113307811319828 0.102829530835152 0.105416133999825 0.143057942390442 0.146570965647697 0.1647809445858 0.17959988117218 0.265179067850113 0.28711012005806 0.328333228826523 0.330219149589539 0.358110964298248 0.372603952884674 0.388447940349579 0.374585568904877 0.371165722608566 0.316187471151352 0.214781150221825 0.21446131169796 0.306617796421051 0.319487810134888 0.337387770414352 0.194746792316437 0.23783677816391 0.241179555654526 0.219850927591324 0.257690757513046
0.0458933748304844 0.0483341291546822 0.0483341291546822 0.047047421336174 0.0448336042463779 0.0426850058138371 0.0426333770155907 0.0316144749522209 0.0316144749522209 0.033168438822031 0.0292013976722956 0.0284322947263718 0.0276803430169821 0.0284322947263718 0.0284322947263718 0.0284322947263718 0.0426333770155907 0.0648006647825241 0.0770915225148201 0.0791338086128235 0.11613491922617 0.127949744462967 0.131133317947388 0.119073763489723 0.161120876669884 0.168788820505142 0.1853187084198 0.273561716079712 0.314961820840836 0.338194459676743 0.330555707216263 0.352814644575119 0.374539911746979 0.378316313028336 0.398739039897919 0.490172833204269 0.384823769330978 0.388106405735016 0.343694418668747 0.321389853954315 0.296023458242416 0.324986428022385 0.324872761964798 0.434266924858093 0.256117463111877 0.231770619750023 0.243260771036148 0.225198984146118 0.194261327385902
