data/climate_estimation/maxent_output/Helonias_bullata.asc
NCOLS 154 
NROWS 96 
XLLCORNER -83.5833333333333 
YLLCORNER 34.75 
CELLSIZE 0.0833333333333333 
NODATA_value -3.4e+38 
[rows 0 to 20 of 96, columns 98 to 146 of 154]
0.0281378012150526 0.0257045887410641 0.0268954392522573 0.0276635233312845 0.0264498852193356 0.0262088980525732 0.0274199955165386 0.0411239378154278 0.0403986386954784 0.0442401878535748 0.0467878393828869 0.0449762046337128 0.0673925951123238 0.0730797946453094 0.0749958083033562 0.0749958083033562 0.0796149373054504 0.0782162621617317 0.080553263425827 0.0729498043656349 0.0537210367619991 0.0413263626396656 0.0431473180651665 0.0619087927043438 0.0949722677469254 0.172359153628349 0.249428808689117 0.467452257871628 0.656194865703583 0.737815201282501 0.854088664054871 0.884736359119415 0.919218838214874 0.917306184768677 0.921243906021118 0.915715157985687 0.865996122360229 0.84263950586319 0.832140028476715 0.837677359580994 0.920815587043762 0.93160218000412 0.94673752784729 0.966753005981445 0.944055736064911 0.95094496011734 0.953551292419434 0.906993210315704 0.255320757627487
0.0262088980525732 0.0233236569911242 0.0236694645136595 0.0240105520933867 0.0230642911046743 0.024523900821805 0.0257745664566755 0.0269576478749514 0.0254623796790838 0.0395918190479279 0.0407644212245941 0.0405478291213512 0.0424906834959984 0.0470002256333828 0.0674108490347862 0.0691376179456711 0.0753700062632561 0.0590473301708698 0.0562056340277195 0.0593850165605545 0.0562056340277195 0.0579244382679462 0.0493062287569046 0.0957500115036964 0.134628415107727 0.277250111103058 0.38077101111412 0.563375949859619 0.646566927433014 0.753470480442047 0.902291238307953 0.909168541431427 0.924386382102966 0.937222182750702 0.92610901594162 0.912684321403503 0.878942310810089 0.872808039188385 0.854776740074158 0.834847748279572 0.913416087627411 0.930611431598663 0.949864327907562 0.974370419979095 0.950770199298859 0.411906540393829 0.353779166936874 0.275544852018356 0.275860607624054
0.0241559259593487 0.0251668766140938 0.0221458673477173 0.0153116835281253 0.0209274217486382 0.0228328388184309 0.0235150326043367 0.0221012644469738 0.0229944195598364 0.025143688544631 0.0337045043706894 0.0364458039402962 0.0414146073162556 0.0413758456707001 0.0675582215189934 0.0694629773497581 0.0758081525564194 0.0549403987824917 0.0570701844990253 0.0627319440245628 0.066907025873661 0.0710998550057411 0.0738068670034409 0.113688230514526 0.137876033782959 0.332532495260239 0.412654995918274 0.527962386608124 0.648631811141968 0.708621144294739 0.854619383811951 0.908550798892975 0.939272940158844 0.930129885673523 0.927489936351776 0.90376752614975 0.882969260215759 0.896463453769684 0.85529762506485 0.897647559642792 0.902864694595337 0.923732995986938 0.984047710895538 0.97733610868454 0.514236271381378 0.356181353330612 0.357754677534103 0.277582377195358 0.270681142807007
0.0268654059618711 0.025398438796401 0.0256633870303631 0.0167033355683088 0.0227272231131792 0.0228328388184309 0.015542826615274 0.0152885550633073 0.0155034866183996 0.0238751173019409 0.0233889725059271 0.0264566708356142 0.039204727858305 0.0428843386471272 0.0673051476478577 0.0739308521151543 0.080153651535511 0.0581027194857597 0.0705246552824974 0.0779365748167038 0.0757923796772957 0.110495530068874 0.108430661261082 0.167377516627312 0.222189396619797 0.328387528657913 0.537874698638916 0.556312680244446 0.657116055488586 0.73090386390686 0.900582075119019 0.899931490421295 0.923698127269745 0.928777277469635 0.962604463100433 0.955146551132202 0.898730635643005 0.956234097480774 0.934371769428253 0.909606337547302 0.899236083030701 0.968794822692871 0.98322856426239 0.981084406375885 0.512309014797211 0.358565628528595 0.348805814981461 0.265486717224121 0.196484267711639
0.0298710875213146 0.0297424718737602 0.0275689009577036 0.0259463116526604 0.0259073302149773 0.0259461607784033 0.0179646778851748 0.0167339984327555 0.0155853619799018 0.0257613398134708 0.0383145846426487 0.0269508566707373 0.0646293088793755 0.0777345821261406 0.0810251459479332 0.0954411625862122 0.11188019067049 0.0759498849511147 0.112749770283699 0.123749420046806 0.122943267226219 0.125125348567963 0.181603237986565 0.209132611751556 0.302700132131577 0.465770572423935 0.523229002952576 0.668453276157379 0.697754859924316 0.799555420875549 0.931348919868469 0.917951583862305 0.978653073310852 0.976793050765991 0.964617013931274 0.959078550338745 0.954277575016022 0.962408423423767 0.948934376239777 0.938171863555908 0.923688471317291 0.973301649093628 0.987994790077209 0.996042728424072 0.517233550548553 0.603684723377228 0.485031187534332 0.386420994997025 0.374798268079758
0.0542752668261528 0.0511329807341099 0.0481485798954964 0.0327450707554817 0.0313748195767403 0.027238667011261 0.0193515866994858 0.018061276525259 0.0305966082960367 0.0477611981332302 0.0505467988550663 0.0850346013903618 0.0832138583064079 0.127273738384247 0.146128162741661 0.258042305707932 0.177921429276466 0.144381448626518 0.149304538965225 0.140239328145981 0.142811566591263 0.20282906293869 0.220612928271294 0.339349359273911 0.346002668142319 0.561088740825653 0.685221195220947 0.673586368560791 0.777735114097595 0.931348919868469 0.958139359951019 0.978891253471375 0.985508501529694 0.982463955879211 0.973523557186127 0.967827677726746 0.963633835315704 0.963241040706635 0.961322069168091 0.985173344612122 0.983466923236847 0.984518647193909 0.988885521888733 0.996690034866333 0.729883670806885 0.616176247596741 0.517166078090668 0.411366015672684 0.396904170513153
0.0911124050617218 0.0934152603149414 0.0640252754092216 0.0603715665638447 0.0537566468119621 0.0364182703197002 0.0353862792253494 0.0297967046499252 0.0351389944553375 0.0357607752084732 0.0915199965238571 0.176304653286934 0.249580591917038 0.265215814113617 0.349216490983963 0.362204790115356 0.334713757038116 0.240464806556702 0.243224292993546 0.231416001915932 0.230048015713692 0.230732634663582 0.314735740423203 0.362965553998947 0.502959430217743 0.662543654441833 0.695410311222076 0.718364834785461 0.85489946603775 0.912469089031219 0.987745046615601 0.985633015632629 0.990244448184967 0.988415420055389 0.982973575592041 0.977417409420013 0.974848210811615 0.970226466655731 0.990455090999603 0.991694271564484 0.991818606853485 0.991140604019165 0.995433926582336 0.997833728790283 0.75099903345108 0.633266389369965 0.630976021289825 0.531840801239014 0.40929850935936
0.112420998513699 0.110301464796066 0.105616733431816 0.107113495469093 0.0689692944288254 0.046618614345789 0.0436599776148796 0.0406812690198421 0.0611527860164642 0.114666827023029 0.198559194803238 0.291828662157059 0.3353491127491 0.428683966398239 0.399363964796066 0.394262433052063 0.402069240808487 0.289670765399933 0.278057247400284 0.26491716504097 0.335535287857056 0.333474606275558 0.367478787899017 0.515446662902832 0.551167368888855 0.741615772247314 0.71996408700943 0.849472761154175 0.886055409908295 0.97111314535141 0.984547078609467 0.99385279417038 0.993079900741577 0.992287576198578 0.990737020969391 0.996550559997559 0.994406163692474 0.99432647228241 0.993641912937164 0.995237648487091 0.996240794658661 0.995361149311066 0.996690034866333 0.998151659965515 0.775740444660187 0.655406653881073 0.524830996990204 0.531840801239014 0.419591844081879
0.170296281576157 0.129328906536102 0.130602329969406 0.122084595263004 0.116919197142124 0.0799811780452728 0.0835596174001694 0.124069668352604 0.197564795613289 0.267978370189667 0.362163573503494 0.411806493997574 0.439249813556671 0.562318563461304 0.569566547870636 0.613705992698669 0.48209148645401 0.452286005020142 0.402024567127228 0.390779286623001 0.371548771858215 0.371548771858215 0.533579289913177 0.649137198925018 0.62767082452774 0.790823221206665 0.861906170845032 0.94547837972641 0.96942400932312 0.977496743202209 0.986141562461853 0.993143737316132 0.993285000324249 0.993393182754517 0.991890609264374 0.987481236457825 0.994380831718445 0.993929922580719 0.993303239345551 0.996793210506439 0.99752551317215 0.997604072093964 0.998187303543091 0.99859607219696 0.786456763744354 0.645777642726898 0.53412789106369 0.427575528621674 0.413407742977142
0.180981814861298 0.192106798291206 0.194248825311661 0.138337597250938 0.138337597250938 0.143731325864792 0.147904828190804 0.170803174376488 0.306116133928299 0.313297390937805 0.446237832307816 0.452413350343704 0.567564010620117 0.61507910490036 0.72592693567276 0.716869175434113 0.686901986598969 0.514977276325226 0.442504733800888 0.421420723199844 0.427532941102982 0.529094696044922 0.568926930427551 0.741610288619995 0.764299869537354 0.865766763687134 0.943524956703186 0.963687837123871 0.98175311088562 0.985405147075653 0.990095496177673 0.994968473911285 0.994225561618805 0.993935585021973 0.998543500900269 0.985236167907715 0.993746817111969 0.994923055171967 0.994406580924988 0.99645322561264 0.997630834579468 0.998346865177155 0.998747885227203 0.663632392883301 0.674671828746796 0.533601343631744 0.515596210956573 0.413407742977142 0.403240919113159
0.1914142370224 0.19568857550621 0.205784678459167 0.203265532851219 0.15653994679451 0.165569707751274 0.253707826137543 0.283165812492371 0.292180746793747 0.413095384836197 0.44558247923851 0.566598773002625 0.572802305221558 0.674018263816833 0.717533767223358 0.770335018634796 0.707278788089752 0.652462840080261 0.60156911611557 0.465981096029282 0.456475526094437 0.581889450550079 0.612794995307922 0.767758190631866 0.870391249656677 0.944080293178558 0.953341245651245 0.972684025764465 0.983185946941376 0.990992784500122 0.993658363819122 0.995373547077179 0.995438396930695 0.993164122104645 0.990492641925812 0.982829749584198 0.993514120578766 0.977315723896027 0.980581998825073 0.996872782707214 0.997700810432434 0.99210661649704 0.497727066278458 0.68047046661377 0.668772578239441 0.515076696872711 0.39720892906189 0.373144865036011 0.286281079053879
0.196751296520233 0.199310228228569 0.20958699285984 0.217730477452278 0.21702852845192 0.172989994287491 0.20751741528511 0.327488005161285 0.363928198814392 0.390528321266174 0.523508131504059 0.565617322921753 0.707198619842529 0.766671180725098 0.776828765869141 0.742646157741547 0.688981056213379 0.633189976215363 0.603005468845367 0.460524886846542 0.589793503284454 0.63753205537796 0.672853410243988 0.772103667259216 0.888594806194305 0.953610420227051 0.964137017726898 0.980896890163422 0.984505474567413 0.992837488651276 0.99575537443161 0.996361255645752 0.994853079319 0.998930275440216 0.990065097808838 0.982098519802094 0.972902834415436 0.977855384349823 0.984824419021606 0.989224076271057 0.992177486419678 0.481635600328445 0.495435267686844 0.551517128944397 0.514412760734558 0.382343173027039 0.363335520029068 0.272167444229126 0.264657437801361
0.148179367184639 0.20003604888916 0.213430240750313 0.207859113812447 0.215012833476067 0.244578406214714 0.2782062292099 0.316763311624527 0.387405395507812 0.405513316392899 0.539484977722168 0.581664860248566 0.695341885089874 0.633802652359009 0.721005856990814 0.709112703800201 0.697238862514496 0.634327590465546 0.596413731575012 0.594063937664032 0.636714816093445 0.780307114124298 0.80749374628067 0.82365620136261 0.903627932071686 0.962685406208038 0.974232137203217 0.984104573726654 0.989021360874176 0.993468940258026 0.996940076351166 0.996445715427399 0.9955934882164 0.998844802379608 0.998350501060486 0.986530005931854 0.98236095905304 0.985908329486847 0.99019730091095 0.993297457695007 0.387882351875305 0.380736798048019 0.535780906677246 0.514412760734558 0.391410738229752 0.27768263220787 0.262749642133713 0.189091637730598 0.183014452457428
0.142952919006348 0.146965965628624 0.20619498193264 0.20851643383503 0.215630635619164 0.245310977101326 0.261349022388458 0.306372165679932 0.358748555183411 0.397461652755737 0.494844377040863 0.561985015869141 0.603658139705658 0.561725795269012 0.644478917121887 0.633265376091003 0.773720800876617 0.617068350315094 0.616632640361786 0.66261899471283 0.688390612602234 0.812653183937073 0.837917983531952 0.935683906078339 0.927953720092773 0.975185513496399 0.980751097202301 0.987115621566772 0.991704165935516 0.992697477340698 0.997217833995819 0.99763435125351 0.996774613857269 0.995335936546326 0.992426335811615 0.990877389907837 0.991463363170624 0.989720940589905 0.463946610689163 0.391190201044083 0.373012155294418 0.26831528544426 0.381745994091034 0.358820617198944 0.266085147857666 0.248681396245956 0.167347609996796 0.158864304423332 0.115476332604885
0.146965965628624 0.14794734120369 0.199622541666031 0.204341292381287 0.161205589771271 0.171924456954002 0.188736036419868 0.281808942556381 0.31090921163559 0.355630487203598 0.391884952783585 0.405051112174988 0.423162490129471 0.525847554206848 0.491620749235153 0.616556406021118 0.789060533046722 0.707039058208466 0.836872577667236 0.864954173564911 0.917626321315765 0.928683042526245 0.908530175685883 0.945337116718292 0.947537183761597 0.947314500808716 0.988137900829315 0.987416326999664 0.993374705314636 0.994957625865936 0.996808886528015 0.997479736804962 0.997057855129242 0.995720326900482 0.995745658874512 0.994750499725342 0.461697995662689 0.376463681459427 0.379706650972366 0.271538853645325 0.254425436258316 0.242042988538742 0.26611864566803 0.24127933382988 0.220029100775719 0.151226252317429 0.105118133127689 0.0930470675230026 0.061126846820116
0.158280596137047 0.158280596137047 0.204951390624046 0.210383787751198 0.220357641577721 0.170025870203972 0.178308203816414 0.261136412620544 0.264682203531265 0.317079991102219 0.265716880559921 0.382145524024963 0.408188164234161 0.5463587641716 0.537851274013519 0.694590747356415 0.862603783607483 0.896935164928436 0.928683042526245 0.926367461681366 0.936590313911438 0.945574223995209 0.94563215970993 0.950110852718353 0.95787501335144 0.96623706817627 0.989104330539703 0.990932464599609 0.993038833141327 0.993475317955017 0.996322929859161 0.996603012084961 0.996349513530731 0.473360776901245 0.452817887067795 0.456844240427017 0.367445468902588 0.376818150281906 0.34777358174324 0.244320303201675 0.170300900936127 0.234234213829041 0.211296081542969 0.139101892709732 0.128012537956238 0.0863507464528084 0.0825435668230057 0.0537596084177494 0.048566460609436
0.178657069802284 0.233349069952965 0.252427846193314 0.243139714002609 0.245677590370178 0.235071435570717 0.241174623370171 0.171635165810585 0.294066160917282 0.285597681999207 0.357474833726883 0.408644467592239 0.5463587641716 0.611918032169342 0.739337623119354 0.859015941619873 0.862600564956665 0.923215806484222 0.965809464454651 0.953847467899323 0.959477841854095 0.963036775588989 0.956066787242889 0.964696407318115 0.959959268569946 0.968021214008331 0.968128859996796 0.991637766361237 0.971153914928436 0.991132736206055 0.973740637302399 0.418424367904663 0.429746598005295 0.445790976285934 0.362814724445343 0.352621823549271 0.356438845396042 0.330468654632568 0.34627640247345 0.310847461223602 0.210898205637932 0.185997024178505 0.128853544592857 0.115558661520481 0.0747547149658203 0.0710988342761993 0.0651491284370422 0.0439410917460918 -3.4e+38
0.290559113025665 0.301606476306915 0.304545968770981 0.289968281984329 0.261758327484131 0.257753759622574 0.253001570701599 0.287678211927414 0.172271326184273 0.318963497877121 0.406414151191711 0.573253631591797 0.620024859905243 0.780398905277252 0.775160253047943 0.871129214763641 0.895596563816071 0.942647874355316 0.976796388626099 0.967679500579834 0.992979288101196 0.96790075302124 0.959959268569946 0.963488459587097 0.968225002288818 0.968309640884399 0.964091062545776 0.966042697429657 0.287628501653671 0.272944390773773 0.272944390773773 0.298575818538666 0.392542243003845 0.31873494386673 0.336877912282944 0.323892533779144 0.30885374546051 0.343143075704575 0.312401175498962 0.211090832948685 0.138212889432907 0.120096690952778 0.110227219760418 0.0974557027220726 0.0705660879611969 -3.4e+38 -3.4e+38 -3.4e+38 -3.4e+38
0.385043650865555 0.42677316069603 0.423174977302551 0.321945697069168 0.321945697069168 0.283984363079071 0.314337432384491 0.220494285225868 0.235882461071014 0.413150191307068 0.577554762363434 0.626477360725403 0.736062943935394 0.784512162208557 0.812419414520264 0.881998300552368 0.926064670085907 0.950127482414246 0.983486771583557 0.977280497550964 0.973800718784332 0.969600796699524 0.965116322040558 0.96864777803421 0.970252513885498 0.964556276798248 0.961531937122345 0.956482231616974 0.952806532382965 0.253445386886597 0.382643461227417 -3.4e+38 0.456335514783859 -3.4e+38 -3.4e+38 -3.4e+38 -3.4e+38 -3.4e+38 0.181889429688454 0.170568078756332 -3.4e+38 -3.4e+38 -3.4e+38 -3.4e+38 -3.4e+38 0.0209221430122852 0.0209036767482758 -3.4e+38 -3.4e+38
0.435782194137573 0.479572653770447 0.481809347867966 0.472104251384735 0.456705540418625 0.365870088338852 0.331500738859177 0.347782969474792 0.381662219762802 0.577554762363434 0.585679471492767 0.704014778137207 0.779528439044952 0.927958130836487 0.842582046985626 0.847838997840881 0.863889932632446 0.956294596195221 0.959993481636047 0.981909036636353 0.976512908935547 0.972903549671173 0.971756100654602 0.967609643936157 0.966236472129822 0.963318765163422 0.958285510540009 0.944817125797272 -3.4e+38 -3.4e+38 -3.4e+38 -3.4e+38 -3.4e+38 -3.4e+38 -3.4e+38 0.253740161657333 0.257538557052612 0.251812785863876 0.190130174160004 0.107578679919243 0.0999194234609604 -3.4e+38 -3.4e+38 -3.4e+38 -3.4e+38 0.0273301806300879 0.02616779319942 -3.4e+38 -3.4e+38
0.509581983089447 0.537729978561401 0.579582273960114 0.589729726314545 0.559946417808533 0.412182927131653 0.412199705839157 0.404064267873764 0.462982803583145 0.595261335372925 0.710838615894318 0.779528439044952 0.895439624786377 0.876892149448395 0.863455891609192 0.875194072723389 0.889209926128387 0.960079729557037 0.961984515190125 0.983063220977783 0.979141652584076 0.978106796741486 0.970637679100037 0.96783185005188 0.96484100818634 -3.4e+38 -3.4e+38 -3.4e+38 -3.4e+38 -3.4e+38 -3.4e+38 -3.4e+38 -3.4e+38 -3.4e+38 0.178983345627785 0.237780407071114 0.235770896077156 0.162260219454765 0.104129739105701 0.0959673449397087 0.0590363666415215 0.0565171800553799 0.0501468665897846 -3.4e+38 -3.4e+38 -3.4e+38 -3.4e+38 -3.4e+38 -3.4e+38
