data/climate_estimation/maxent_output/Heloniopsis_orientalis.asc
NCOLS 156 
NROWS 170 
XLLCORNER 130.333333333333 
YLLCORNER 31.1666666666667 
CELLSIZE 0.0833333333333333 
NODATA_value -3.4e+38 
[rows 100 to 124 of 170, columns 57 to 113 of 156]
-3.4e+38 -3.4e+38 -3.4e+38 -3.4e+38 -3.4e+38 -3.4e+38 -3.4e+38 -3.4e+38 -3.4e+38 -3.4e+38 -3.4e+38 -3.4e+38 -3.4e+38 -3.4e+38 -3.4e+38 -3.4e+38 -3.4e+38 -3.4e+38 -3.4e+38 -3.4e+38 0.673597395420074 0.688398361206055 0.709454476833344 0.690583765506744 -3.4e+38 -3.4e+38 -3.4e+38 -3.4e+38 0.662384629249573 0.662663698196411 0.671694934368134 0.649236857891083 0.651919841766357 0.692481338977814 0.779179453849792 0.75834184885025 0.760879933834076 0.692727029323578 0.692727029323578 0.729530930519104 0.70922315120697 0.706616461277008 0.707395076751709 0.73242324590683 0.721768915653229 0.724860787391663 0.728522419929504 0.72554486989975 0.715150535106659 0.691242218017578 0.673952341079712 0.682399570941925 0.657605886459351 0.695842564105988 0.709023058414459 0.710871160030365 0.706425905227661
-3.4e+38 -3.4e+38 -3.4e+38 -3.4e+38 -3.4e+38 -3.4e+38 -3.4e+38 -3.4e+38 -3.4e+38 -3.4e+38 -3.4e+38 -3.4e+38 -3.4e+38 -3.4e+38 -3.4e+38 -3.4e+38 -3.4e+38 -3.4e+38 -3.4e+38 -3.4e+38 0.666758418083191 0.69240802526474 0.671879887580872 0.66774994134903 -3.4e+38 -3.4e+38 -3.4e+38 0.649626970291138 0.667225301265717 0.672120809555054 0.756456732749939 0.746512234210968 0.761748790740967 0.785019099712372 0.754191994667053 0.71390289068222 0.728269457817078 0.717564821243286 0.775888562202454 0.581309020519257 0.760086536407471 0.733270704746246 0.750018417835236 0.710974335670471 0.759314239025116 0.757931351661682 0.717027306556702 0.740997135639191 0.71459025144577 0.684247970581055 0.684232711791992 0.630900621414185 0.683451175689697 0.692739069461823 0.699769973754883 0.707405805587769 0.695660710334778
-3.4e+38 -3.4e+38 -3.4e+38 -3.4e+38 -3.4e+38 -3.4e+38 -3.4e+38 -3.4e+38 -3.4e+38 -3.4e+38 -3.4e+38 -3.4e+38 -3.4e+38 -3.4e+38 -3.4e+38 -3.4e+38 -3.4e+38 -3.4e+38 -3.4e+38 0.654470503330231 0.69847846031189 0.696770310401917 0.667111396789551 0.659769535064697 0.653190612792969 0.655538082122803 0.644636511802673 0.659807980060577 0.613345205783844 0.778002977371216 0.784213662147522 0.700625360012054 0.657897353172302 0.762133479118347 0.754569888114929 0.712880432605743 0.732796549797058 0.638408780097961 0.606097459793091 0.649908304214478 0.742247879505157 0.703441262245178 0.714151442050934 0.69960743188858 0.721992909908295 0.724217534065247 0.752522349357605 0.740561783313751 0.693767368793488 0.712960481643677 0.686984360218048 0.606885552406311 0.644062519073486 0.655792355537415 0.696458578109741 0.707771003246307 0.680299758911133
-3.4e+38 -3.4e+38 -3.4e+38 -3.4e+38 -3.4e+38 -3.4e+38 -3.4e+38 -3.4e+38 -3.4e+38 -3.4e+38 -3.4e+38 -3.4e+38 -3.4e+38 -3.4e+38 -3.4e+38 -3.4e+38 -3.4e+38 -3.4e+38 0.618014335632324 0.617474317550659 0.680224120616913 0.675554394721985 0.653950870037079 0.653028607368469 0.652954697608948 0.655376315116882 0.641380906105042 0.649423778057098 0.724433243274689 0.756667137145996 0.746788084506989 0.711705982685089 0.714755296707153 0.771022856235504 0.754034221172333 0.755801498889923 0.748615860939026 0.501490592956543 0.387407004833221 0.580696940422058 0.7236407995224 0.65948498249054 0.699258923530579 0.702294409275055 0.734497606754303 0.757856845855713 0.767692565917969 0.759307503700256 0.739219605922699 0.727090418338776 0.692387759685516 0.674509823322296 0.682710528373718 0.688761472702026 0.640361905097961 0.636639297008514 0.61558198928833
-3.4e+38 -3.4e+38 -3.4e+38 -3.4e+38 -3.4e+38 -3.4e+38 -3.4e+38 -3.4e+38 -3.4e+38 -3.4e+38 -3.4e+38 -3.4e+38 -3.4e+38 -3.4e+38 -3.4e+38 -3.4e+38 -3.4e+38 -3.4e+38 0.546415507793427 0.619490444660187 0.671538591384888 0.657284796237946 0.656320095062256 0.660123825073242 0.64748215675354 0.633003115653992 0.62635725736618 0.620904922485352 0.786547839641571 0.73649924993515 0.643870234489441 0.692929625511169 0.710649311542511 0.762003421783447 0.597013592720032 0.55698025226593 0.388003885746002 0.242802083492279 0.406113028526306 0.743286669254303 0.696101009845734 0.687203824520111 0.732340037822723 0.737154722213745 0.762132108211517 0.761667490005493 0.755473136901855 0.75942724943161 0.744972705841064 0.722840130329132 0.689871728420258 0.691305100917816 0.696790099143982 0.648991465568542 0.589238345623016 0.573963403701782 0.549030542373657
-3.4e+38 -3.4e+38 -3.4e+38 -3.4e+38 -3.4e+38 -3.4e+38 -3.4e+38 -3.4e+38 -3.4e+38 -3.4e+38 -3.4e+38 -3.4e+38 -3.4e+38 -3.4e+38 -3.4e+38 -3.4e+38 -3.4e+38 0.565678000450134 0.595622181892395 0.657057285308838 0.669292211532593 0.627707779407501 0.657959938049316 0.677764415740967 0.617766618728638 0.615166902542114 0.782610714435577 0.782158315181732 0.750865459442139 0.714528799057007 0.625399827957153 0.632934331893921 0.74357408285141 0.72728568315506 0.466895699501038 0.495321750640869 0.231926411390305 0.42671874165535 0.727921366691589 0.695997893810272 0.6982781291008 0.724375128746033 0.742712736129761 0.740672767162323 0.679297864437103 0.751863837242126 0.752747595310211 0.747082591056824 0.724418342113495 0.706093013286591 0.725573420524597 0.692295670509338 0.642116725444794 0.564395129680634 0.531031489372253 0.522485733032227 0.509711086750031
-3.4e+38 -3.4e+38 -3.4e+38 -3.4e+38 -3.4e+38 -3.4e+38 -3.4e+38 -3.4e+38 -3.4e+38 -3.4e+38 -3.4e+38 -3.4e+38 -3.4e+38 -3.4e+38 -3.4e+38 -3.4e+38 0.562438309192657 0.593974828720093 0.677269995212555 0.64017242193222 0.685732007026672 0.788757145404816 0.795352160930634 0.791262686252594 0.771950662136078 0.788179039955139 0.783621966838837 0.739654362201691 0.724193692207336 0.571090459823608 0.552469849586487 0.691583037376404 0.737421274185181 0.494975537061691 0.394594103097916 0.599064767360687 0.426044911146164 0.436363220214844 0.595110774040222 0.688325166702271 0.686086475849152 0.658222079277039 0.646588802337646 0.709953248500824 0.605261385440826 0.732212722301483 0.722454607486725 0.591942369937897 0.620267927646637 0.614821553230286 0.570425927639008 0.568277537822723 0.528013586997986 0.503767848014832 0.464727163314819 0.397862613201141 0.399587213993073
-3.4e+38 -3.4e+38 -3.4e+38 -3.4e+38 -3.4e+38 -3.4e+38 -3.4e+38 -3.4e+38 -3.4e+38 -3.4e+38 -3.4e+38 -3.4e+38 -3.4e+38 -3.4e+38 0.580915868282318 0.5590540766716 0.563473105430603 0.665787935256958 0.664792597293854 0.793246269226074 0.775164067745209 0.792303502559662 0.769939243793488 0.755930244922638 0.766987323760986 0.78207939863205 0.776588976383209 0.751879632472992 0.721648216247559 0.583980143070221 0.537141621112823 0.588356614112854 0.726137161254883 0.401113152503967 0.342246383428574 0.658609092235565 0.328609645366669 0.173079416155815 0.177680134773254 0.542682766914368 0.635935485363007 0.621159791946411 0.570767760276794 0.503663241863251 0.358652144670486 0.525558173656464 0.520870625972748 0.328160911798477 0.230276092886925 0.254884719848633 0.302191287279129 0.326007038354874 0.276926100254059 0.277446508407593 0.281990349292755 0.336136251688004 0.339144438505173
-3.4e+38 -3.4e+38 -3.4e+38 -3.4e+38 -3.4e+38 -3.4e+38 -3.4e+38 -3.4e+38 -3.4e+38 -3.4e+38 -3.4e+38 -3.4e+38 -3.4e+38 0.554743349552155 0.627869427204132 0.611109375953674 0.676168978214264 0.664040207862854 0.685004711151123 0.787435233592987 0.753682374954224 0.783178746700287 0.752908110618591 0.768824100494385 0.784816026687622 0.764856278896332 0.775183618068695 0.769012033939362 0.743143022060394 0.689865052700043 0.599579870700836 0.599927008152008 0.714362978935242 0.368222326040268 0.297062695026398 0.646436452865601 0.600077927112579 0.346662729978561 0.228391602635384 0.228918015956879 0.229169398546219 0.409395068883896 0.509159684181213 0.263166636228561 0.325006484985352 0.461079925298691 0.318475812673569 0.136405304074287 0.124052323400974 0.150936737656593 0.151550129055977 0.160564973950386 0.152450352907181 0.195505425333977 0.250103652477264 0.264367997646332 0.288721233606339
-3.4e+38 -3.4e+38 -3.4e+38 -3.4e+38 -3.4e+38 -3.4e+38 -3.4e+38 -3.4e+38 -3.4e+38 -3.4e+38 -3.4e+38 -3.4e+38 0.575456440448761 0.554825127124786 0.662266075611115 0.693749904632568 0.683154881000519 0.79180645942688 0.794088244438171 0.741242647171021 0.722976684570312 0.758269608020782 0.735941231250763 0.764790892601013 0.765270531177521 0.776518881320953 0.768757462501526 0.756161689758301 0.728837370872498 0.713170647621155 0.683038830757141 0.683032810688019 0.723732829093933 0.366860955953598 0.193554863333702 0.62373423576355 0.690800070762634 0.554319381713867 0.517890870571136 0.360404431819916 0.196798980236053 0.348626166582108 0.456908077001572 0.219843342900276 0.256751000881195 0.308938324451447 0.249253734946251 0.158103108406067 0.112312488257885 0.107634127140045 0.125494375824928 0.13305002450943 0.155033841729164 0.197796508669853 0.25279375910759 0.266953974962234 0.33428093791008
-3.4e+38 -3.4e+38 -3.4e+38 -3.4e+38 -3.4e+38 -3.4e+38 -3.4e+38 -3.4e+38 -3.4e+38 -3.4e+38 -3.4e+38 0.687066972255707 0.653901875019073 0.531060338020325 0.62903356552124 0.676602184772491 0.687034010887146 0.79498302936554 0.772873640060425 0.747016429901123 0.655603528022766 0.741937696933746 0.757805407047272 0.751583158969879 0.760083734989166 0.769667327404022 0.765989542007446 0.751120924949646 0.715203881263733 0.549415230751038 0.696841478347778 0.715412497520447 0.706729471683502 0.627721786499023 0.409549087285995 0.626816868782043 0.627731740474701 0.632632553577423 0.66683042049408 0.569535315036774 0.313843607902527 0.497462630271912 0.522648870944977 0.346287965774536 0.524268925189972 0.44355908036232 0.339826285839081 0.259646594524384 0.159576818346977 0.125869885087013 0.139769166707993 0.171438053250313 0.197708338499069 0.25167128443718 0.303897678852081 0.380088120698929 0.399283856153488
-3.4e+38 -3.4e+38 -3.4e+38 -3.4e+38 -3.4e+38 -3.4e+38 -3.4e+38 -3.4e+38 -3.4e+38 -3.4e+38 -3.4e+38 0.700958371162415 0.658271551132202 0.529951810836792 0.647307634353638 0.682215511798859 0.650665938854218 0.663655638694763 0.768387734889984 0.758444607257843 0.736568510532379 0.752999663352966 0.761340260505676 0.74465274810791 0.745741963386536 0.748437523841858 0.755922913551331 0.739263772964478 0.726837337017059 0.70627224445343 0.697077631950378 0.696190595626831 0.698106586933136 0.675996422767639 0.607846319675446 0.571074426174164 0.554211497306824 0.5436851978302 0.637079298496246 0.627167701721191 0.507918477058411 0.509297668933868 0.577948868274689 0.522846817970276 0.531078159809113 0.502753853797913 0.193948149681091 0.194498792290688 0.237000957131386 0.236945301294327 0.226520836353302 0.261620938777924 0.300864100456238 0.357920557260513 0.424566924571991 0.488141149282455 0.491217136383057
-3.4e+38 -3.4e+38 -3.4e+38 -3.4e+38 -3.4e+38 -3.4e+38 -3.4e+38 -3.4e+38 -3.4e+38 -3.4e+38 0.696740567684174 0.691130697727203 0.606837391853333 0.578803479671478 0.683859348297119 0.661257266998291 0.660259068012238 0.655325293540955 0.792770028114319 0.770697355270386 0.763108134269714 0.772447049617767 0.743990480899811 0.741910874843597 0.748840034008026 0.758346676826477 0.753881096839905 0.723545968532562 0.695701360702515 0.710089802742004 0.715151250362396 0.705586373806 0.71654599905014 0.703445196151733 0.609466314315796 0.590997040271759 0.590712368488312 0.537866950035095 0.596500039100647 0.603423237800598 0.571466743946075 0.561164557933807 0.603235483169556 0.633813202381134 0.566779613494873 0.542419970035553 0.449892699718475 0.345104187726974 0.515498638153076 0.404074043035507 0.334596961736679 0.433701366186142 0.459237992763519 0.494763016700745 0.512108445167542 0.516970276832581 0.531184017658234
-3.4e+38 -3.4e+38 -3.4e+38 -3.4e+38 -3.4e+38 -3.4e+38 -3.4e+38 -3.4e+38 -3.4e+38 -3.4e+38 -3.4e+38 0.688263416290283 0.670646667480469 0.660255908966064 0.658894121646881 0.703105568885803 0.776154696941376 0.787988364696503 0.776678502559662 0.775110900402069 0.765271425247192 0.777503907680511 0.759550392627716 0.762227237224579 0.758215606212616 0.7582066655159 0.736541450023651 0.713044762611389 0.606017529964447 0.705156743526459 0.729539513587952 0.733063340187073 0.70840185880661 0.705909788608551 0.613752722740173 0.606835246086121 0.622703611850739 0.627960562705994 0.543663680553436 0.536218643188477 0.535273015499115 0.565960705280304 0.621265530586243 0.640476822853088 0.626942098140717 0.630338788032532 0.607770562171936 0.598238229751587 0.57396924495697 0.473385244607925 0.510387182235718 0.548593699932098 0.551589608192444 0.534063279628754 0.54738986492157 0.549697041511536 0.565632283687592
-3.4e+38 0.649591326713562 0.457927495241165 -3.4e+38 -3.4e+38 -3.4e+38 -3.4e+38 -3.4e+38 -3.4e+38 -3.4e+38 -3.4e+38 0.634384751319885 0.659101724624634 0.650011956691742 0.699207901954651 0.786594748497009 0.768082857131958 0.76570999622345 0.767172873020172 0.757641851902008 0.761772096157074 0.769528925418854 0.762188017368317 0.762810707092285 0.759539246559143 0.756281137466431 0.749787926673889 0.71191668510437 0.71349710226059 0.72212827205658 0.731585085391998 0.735274612903595 0.587372779846191 0.698914051055908 0.643665015697479 0.62053906917572 0.634923040866852 0.657028317451477 0.600267589092255 0.542423784732819 0.541106641292572 0.566953420639038 0.603701531887054 0.58305025100708 0.595070719718933 0.604784905910492 0.595167398452759 0.599789679050446 0.575978100299835 0.54731160402298 0.555824637413025 0.583160758018494 0.609186112880707 0.602853298187256 0.569789469242096 0.579345941543579 0.589862167835236
0.605042397975922 0.651861786842346 0.538537502288818 -3.4e+38 0.420340806245804 -3.4e+38 -3.4e+38 -3.4e+38 -3.4e+38 -3.4e+38 0.652446627616882 0.644581913948059 0.664034843444824 0.797545313835144 0.780857741832733 0.77619856595993 0.789821863174438 0.778622388839722 0.775651216506958 0.770005583763123 0.77244234085083 0.765228569507599 0.752322852611542 0.757713735103607 0.746279418468475 0.75275856256485 0.75093150138855 0.746777415275574 0.727311015129089 0.710157155990601 0.732637941837311 0.739406943321228 0.612117946147919 0.713844239711761 0.671687245368958 0.65704756975174 0.689932405948639 0.541544139385223 0.636493980884552 0.610630571842194 0.48417341709137 0.522610723972321 0.582136034965515 0.495180547237396 0.605226933956146 0.641051292419434 0.615904033184052 0.619164526462555 0.593474507331848 0.579817175865173 0.598397433757782 0.623103022575378 0.637655317783356 0.631735622882843 0.621103346347809 0.605312049388885 0.588892102241516
0.651028096675873 0.645766079425812 0.422440737485886 -3.4e+38 0.409668385982513 -3.4e+38 -3.4e+38 -3.4e+38 0.462476283311844 0.448133647441864 0.576627790927887 0.627373874187469 0.653253376483917 0.795861423015594 0.77777636051178 0.78357857465744 0.782532334327698 0.776099324226379 0.776453077793121 0.774143278598785 0.763948023319244 0.762103319168091 0.688926219940186 0.68604564666748 0.737883150577545 0.740568876266479 0.748866736888885 0.74591737985611 0.74794465303421 0.742920339107513 0.74454253911972 0.708900272846222 0.683304250240326 0.728680372238159 0.711601197719574 0.67379355430603 0.686100900173187 0.530869245529175 0.686982929706573 0.642744421958923 0.545216977596283 0.356760650873184 0.463103532791138 0.611926317214966 0.628636002540588 0.645193874835968 0.610296368598938 0.62467223405838 0.612659990787506 0.62628972530365 0.634194672107697 0.643531560897827 0.651360034942627 0.649004995822906 0.639020442962646 0.633196234703064 0.603010356426239
0.533922672271729 0.510020554065704 0.557040393352509 0.617069721221924 0.613711833953857 0.370603084564209 0.529263138771057 0.564144432544708 0.472517907619476 0.495438754558563 0.789729952812195 0.730504989624023 0.768625795841217 0.761857748031616 0.787348985671997 0.766208469867706 0.778074622154236 0.77712082862854 0.734535753726959 0.644211292266846 0.535928845405579 0.510363042354584 0.524645626544952 0.600289046764374 0.721801280975342 0.743064284324646 0.74663370847702 0.747042000293732 0.738223433494568 0.750457108020782 0.735940873622894 0.718097746372223 0.743689715862274 0.749676644802094 0.720135867595673 0.704550623893738 0.642418324947357 0.558193564414978 0.694223582744598 0.671605944633484 0.627187788486481 0.640698432922363 0.648102700710297 0.671042621135712 0.673346042633057 0.670618295669556 0.678534626960754 0.690410673618317 0.681600093841553 0.669379413127899 0.678060233592987 0.6776202917099 0.673134624958038 0.670819997787476 0.664370954036713 0.644341051578522 0.643565475940704
0.704537689685822 0.653100728988647 0.520009875297546 0.540358483791351 0.683040976524353 0.639796614646912 0.624739170074463 0.602786540985107 0.660812020301819 0.743381202220917 0.722585320472717 0.741508364677429 0.721205711364746 0.654112875461578 0.678618192672729 0.775907158851624 0.772767305374146 0.753393590450287 0.506926298141479 0.456631511449814 0.450479120016098 0.429307818412781 0.426458477973938 0.426641166210175 0.537584602832794 0.731149256229401 0.741679131984711 0.732729017734528 0.743279099464417 0.742605745792389 0.711270332336426 0.745104908943176 0.75488543510437 0.753467977046967 0.725572347640991 0.691952288150787 0.566844463348389 0.647276341915131 0.706715047359467 0.694251418113708 0.679232776165009 0.689649879932404 0.69442343711853 0.697127640247345 0.710749804973602 0.717509269714355 0.732283711433411 0.732244789600372 0.739038228988647 0.731331467628479 0.713216185569763 0.682847440242767 0.686054944992065 0.689626932144165 0.675680100917816 0.662967264652252 0.635063171386719
0.577851235866547 0.532080352306366 0.597666442394257 0.68127429485321 0.705041408538818 0.71241956949234 0.707058608531952 0.70515114068985 0.786254525184631 0.788603961467743 0.680765867233276 0.567177593708038 0.543946325778961 0.54134464263916 0.670731961727142 0.761142432689667 0.764033555984497 0.607094764709473 0.477253496646881 0.428880900144577 0.385456174612045 0.387912809848785 0.425487250089645 0.497036576271057 0.516753256320953 0.574949979782104 0.729801774024963 0.745604038238525 0.746606230735779 0.724716484546661 0.708247780799866 0.726340234279633 0.753694236278534 0.752649486064911 0.734707117080688 0.710061371326447 0.641250014305115 0.697642922401428 0.722995102405548 0.735449492931366 0.736568212509155 0.72056257724762 0.734948039054871 0.589724183082581 0.704635560512543 0.749216377735138 0.757236361503601 0.743886172771454 0.736655354499817 0.727902889251709 0.706114649772644 0.696082055568695 0.696071028709412 0.66890960931778 0.641287863254547 0.631894409656525 -3.4e+38
0.48740217089653 0.502138733863831 0.587290227413177 0.674724459648132 0.783918678760529 0.782131910324097 0.781287789344788 0.779375493526459 0.778022050857544 0.779225766658783 0.780196845531464 0.606990337371826 0.604552567005157 0.622281193733215 0.741739690303802 0.775038659572601 0.767941296100616 0.757770359516144 0.470133543014526 0.442522615194321 0.400519698858261 0.365996360778809 0.367481410503387 0.458696991205215 0.573558211326599 0.735331058502197 0.742064237594604 0.74626499414444 0.748304724693298 0.747715473175049 0.731000304222107 0.735683917999268 0.755293905735016 0.754406034946442 0.73247891664505 0.696549832820892 0.699107825756073 0.722332835197449 0.716758608818054 0.745189249515533 0.760312497615814 0.760833203792572 0.759077548980713 0.738174557685852 0.738723039627075 0.755920052528381 0.754007279872894 0.751624166965485 0.69354647397995 0.664228141307831 0.666551470756531 0.658861517906189 0.639957904815674 0.619465112686157 0.583551585674286 0.559948146343231 0.580672681331635
0.630848705768585 0.693626761436462 0.734883248806 0.745165228843689 0.747123837471008 0.763455986976624 0.769380331039429 0.773288249969482 0.770318508148193 0.770871818065643 0.576893866062164 0.554398238658905 0.574313104152679 0.615194618701935 0.734322130680084 0.766579329967499 0.766099154949188 0.761160314083099 0.610157132148743 0.458860069513321 0.417507320642471 0.363503903150558 0.328641206026077 0.391405522823334 0.614334046840668 0.6978839635849 0.699087381362915 0.74558025598526 0.747351825237274 0.744472920894623 0.736463069915771 0.739928245544434 0.752646863460541 0.752278506755829 0.740509390830994 0.711237907409668 0.736839413642883 0.745853185653687 0.749516546726227 0.755405724048615 0.757902801036835 0.727035939693451 0.693056225776672 0.738820791244507 0.750088393688202 0.739806950092316 0.742792308330536 0.740800380706787 0.682907819747925 0.613304555416107 -3.4e+38 -3.4e+38 -3.4e+38 -3.4e+38 0.542709290981293 0.543574512004852 0.559653282165527
0.742104113101959 0.749425649642944 0.750503778457642 0.744775950908661 0.610928416252136 0.698355853557587 0.7609983086586 0.764870464801788 0.764906167984009 0.720601975917816 0.543136179447174 0.565397918224335 0.606332302093506 0.666122794151306 0.767293930053711 0.761637449264526 0.760451138019562 0.693204402923584 0.649003148078918 0.496815115213394 0.434843987226486 0.376150876283646 0.3586345911026 0.377508908510208 0.455420315265656 0.518274426460266 0.69942969083786 0.74731856584549 0.736034512519836 0.748269438743591 0.749902069568634 0.752817332744598 0.758349478244781 0.757314801216125 0.741165161132812 0.735985338687897 0.759494602680206 0.757516920566559 0.755791127681732 0.753965735435486 0.74223405122757 0.726431608200073 0.622305333614349 0.585815131664276 0.637144148349762 0.636922299861908 0.6475670337677 0.674855887889862 0.552019119262695 -3.4e+38 -3.4e+38 -3.4e+38 -3.4e+38 -3.4e+38 0.517844319343567 0.527534186840057 0.555079579353333
0.745583117008209 0.745746076107025 0.752858400344849 0.762383878231049 0.752531766891479 0.492956906557083 0.754158198833466 0.549235224723816 0.569642007350922 0.592646241188049 0.514518857002258 0.595706701278687 0.638950169086456 0.698577046394348 0.756970405578613 0.751295328140259 0.758305549621582 0.648602902889252 0.599969744682312 0.534665822982788 0.461587429046631 0.410216897726059 0.383587211370468 0.393279403448105 0.424420326948166 0.546761989593506 0.747288346290588 0.748566865921021 0.749438881874084 0.751623570919037 0.753431618213654 0.757046282291412 0.758685827255249 0.756995737552643 0.755249202251434 0.754733085632324 0.751233875751495 0.749724626541138 0.741743385791779 0.691663444042206 0.63667905330658 0.603907108306885 -3.4e+38 -3.4e+38 0.58983701467514 0.575656533241272 0.563431799411774 0.580386459827423 0.442213177680969 0.422368884086609 -3.4e+38 -3.4e+38 -3.4e+38 -3.4e+38 -3.4e+38 -3.4e+38 0.52568918466568
0.738511323928833 0.737078905105591 0.747895181179047 0.736830174922943 0.747093856334686 0.745307564735413 0.742783486843109 0.339738726615906 0.392511159181595 0.62778377532959 0.607761323451996 0.751201689243317 0.741597712039948 0.731046855449677 0.756455838680267 0.755193591117859 0.753302574157715 0.684545695781708 0.634584367275238 0.59493750333786 -3.4e+38 0.484405308961868 0.436532467603683 0.447513222694397 0.450072288513184 0.577140629291534 0.738391101360321 0.750368118286133 0.752451479434967 0.749133467674255 0.75217592716217 0.751563847064972 0.750767588615417 0.747032403945923 0.747621119022369 0.746277332305908 0.741628348827362 0.736218810081482 0.67715722322464 0.603359520435333 0.59175831079483 0.555618047714233 -3.4e+38 -3.4e+38 0.60526567697525 0.602041661739349 0.502086102962494 0.519211053848267 0.414274454116821 -3.4e+38 -3.4e+38 -3.4e+38 -3.4e+38 -3.4e+38 -3.4e+38 -3.4e+38 0.504668831825256
