data/climate_estimation/maxent_output/Heloniopsis_orientalis.asc
NCOLS 156 
NROWS 170 
XLLCORNER 130.333333333333 
YLLCORNER 31.1666666666667 
CELLSIZE 0.0833333333333333 
NODATA_value -3.4e+38 
[rows 125 to 149 of 170, columns 0 to 56 of 156]
-3.4e+38 -3.4e+38 -3.4e+38 -3.4e+38 -3.4e+38 -3.4e+38 -3.4e+38 -3.4e+38 -3.4e+38 -3.4e+38 -3.4e+38 -3.4e+38 -3.4e+38 -3.4e+38 -3.4e+38 -3.4e+38 -3.4e+38 -3.4e+38 -3.4e+38 -3.4e+38 0.620221555233002 0.653796434402466 0.688330233097076 0.690038204193115 0.705301225185394 0.704613626003265 0.703783988952637 0.690540969371796 0.683566331863403 0.691243708133698 0.758246541023254 0.754463195800781 0.751831412315369 0.750447452068329 0.748138248920441 0.746057868003845 0.743476927280426 0.742606401443481 0.73953914642334 0.721520721912384 0.733606219291687 0.687563598155975 0.662763774394989 0.626620531082153 0.643055498600006 0.668875455856323 0.717158854007721 0.7193323969841 0.602618277072906 0.705507874488831 0.56407904624939 0.52382481098175 0.543545663356781 0.586266040802002 0.569823682308197 0.572382807731628 0.63225269317627
-3.4e+38 -3.4e+38 -3.4e+38 -3.4e+38 -3.4e+38 -3.4e+38 -3.4e+38 -3.4e+38 -3.4e+38 0.507936894893646 -3.4e+38 -3.4e+38 -3.4e+38 -3.4e+38 -3.4e+38 -3.4e+38 -3.4e+38 -3.4e+38 0.700060904026031 0.614861667156219 0.667842388153076 0.694865345954895 0.711157619953156 0.713774681091309 0.715887606143951 0.709566950798035 0.710837185382843 0.698453485965729 0.673750579357147 0.754816651344299 0.73736047744751 0.735226631164551 0.746916174888611 0.745284259319305 0.744095861911774 0.739723563194275 0.738801598548889 0.730024397373199 0.70342093706131 0.672467529773712 0.666307330131531 0.636160671710968 0.554541528224945 0.457920253276825 0.435850381851196 0.504681348800659 0.519906938076019 0.631440222263336 0.528674840927124 0.504021883010864 0.464663654565811 0.425577104091644 0.445310264825821 0.497783958911896 0.551130950450897 0.603281140327454 0.647592425346375
-3.4e+38 -3.4e+38 -3.4e+38 -3.4e+38 -3.4e+38 -3.4e+38 -3.4e+38 -3.4e+38 -3.4e+38 -3.4e+38 -3.4e+38 -3.4e+38 -3.4e+38 -3.4e+38 -3.4e+38 -3.4e+38 0.683654367923737 0.683785498142242 0.703873693943024 0.726456642150879 0.671472549438477 0.708721935749054 0.712990760803223 0.707425594329834 0.711031317710876 0.704742431640625 0.689118027687073 0.691115736961365 0.756730675697327 0.748401343822479 0.750382542610168 0.743565738201141 0.740647614002228 0.740407764911652 0.737431526184082 0.737357079982758 0.728809177875519 0.680640161037445 0.655420005321503 0.60591846704483 0.486141830682755 0.419323891401291 0.374560207128525 0.388995170593262 0.351291358470917 0.396946609020233 0.414305150508881 0.4218809902668 0.389367163181305 0.427221477031708 0.418276935815811 -3.4e+38 -3.4e+38 0.492943823337555 0.519642114639282 0.59684419631958 0.628120899200439
-3.4e+38 -3.4e+38 -3.4e+38 -3.4e+38 -3.4e+38 -3.4e+38 -3.4e+38 -3.4e+38 -3.4e+38 -3.4e+38 -3.4e+38 -3.4e+38 -3.4e+38 -3.4e+38 0.706651151180267 0.701720476150513 0.71110326051712 0.70422637462616 0.734539449214935 0.759889721870422 0.698577105998993 0.708135783672333 0.706171154975891 0.697663128376007 0.694064557552338 0.689567804336548 0.688656151294708 0.754218935966492 0.745908975601196 0.751964509487152 0.745540142059326 0.741247534751892 0.737091362476349 0.732271015644073 0.720285832881927 0.680914700031281 0.623614728450775 0.575132668018341 0.510082542896271 0.48179042339325 0.350255131721497 0.316231042146683 0.277829498052597 0.290170878171921 0.290557533502579 0.346465289592743 0.339703679084778 -3.4e+38 -3.4e+38 0.407300621271133 0.426756203174591 0.400528222322464 -3.4e+38 -3.4e+38 -3.4e+38 0.623607993125916 0.592079043388367
-339999999999999996123846586046231871488.000000000000000 -3.4e+38 -3.4e+38 -3.4e+38 -3.4e+38 -3.4e+38 -3.4e+38 -3.4e+38 -3.4e+38 -3.4e+38 -3.4e+38 0.6428342461586 0.682924330234528 0.68330591917038 0.726445138454437 0.740002751350403 0.735141336917877 0.726707816123962 0.756283283233643 0.756059646606445 0.749084770679474 0.70807284116745 0.755270779132843 0.759308218955994 0.748512387275696 0.734443545341492 0.741970956325531 0.74397599697113 0.750266194343567 0.745707988739014 0.741726875305176 0.736595153808594 0.730264723300934 0.657822966575623 0.569940447807312 0.433344423770905 0.372999429702759 0.37926459312439 0.416124194860458 0.388611733913422 0.245803505182266 0.296773433685303 0.272214442491531 0.317126542329788 0.310949623584747 -3.4e+38 0.485809922218323 0.600811421871185 0.465372741222382 -3.4e+38 -3.4e+38 -3.4e+38 -3.4e+38 -3.4e+38 0.659536302089691 0.6799276471138 0.611230492591858
-3.4e+38 -3.4e+38 -3.4e+38 -3.4e+38 -3.4e+38 -3.4e+38 -3.4e+38 0.624078750610352 0.562211692333221 -3.4e+38 0.645841717720032 0.635096967220306 0.649804592132568 0.703479170799255 0.729059755802155 0.750456154346466 0.753122389316559 0.753064215183258 0.754857242107391 0.745274543762207 0.736794412136078 0.738963484764099 0.747552514076233 0.753674864768982 0.72830718755722 0.634600520133972 0.70101660490036 0.72783237695694 0.732349753379822 0.714119911193848 0.664551019668579 0.63035637140274 0.625565886497498 0.568363904953003 0.42686453461647 0.398286670446396 0.367646545171738 0.32236635684967 0.344968855381012 0.28609299659729 0.193238452076912 0.222309499979019 0.331014186143875 0.211967661976814 0.338345617055893 0.322534531354904 0.403857588768005 0.497625827789307 0.451155245304108 -3.4e+38 -3.4e+38 -3.4e+38 -3.4e+38 0.592628061771393 0.643144071102142 0.687456250190735 -3.4e+38
-3.4e+38 -3.4e+38 -3.4e+38 -3.4e+38 -3.4e+38 -3.4e+38 0.552247524261475 0.587729454040527 0.628033995628357 0.654517590999603 0.662524044513702 0.690162539482117 0.695911347866058 0.707513809204102 0.72798216342926 0.74338698387146 0.747008264064789 0.744312703609467 0.750947535037994 0.748870670795441 0.748815894126892 0.748412370681763 0.752541899681091 0.738483488559723 0.504900574684143 0.377838551998138 0.541486382484436 0.714843034744263 0.625495553016663 0.660862863063812 0.575445890426636 0.419885098934174 0.401180803775787 0.416760981082916 0.313042312860489 0.329881340265274 0.405220299959183 0.298658788204193 0.310479879379272 0.294957101345062 0.309471130371094 0.153754562139511 0.193857297301292 0.427769243717194 0.243057027459145 0.386367082595825 0.421286076307297 0.396508902311325 -3.4e+38 -3.4e+38 -3.4e+38 -3.4e+38 0.471239238977432 0.599681258201599 0.634647309780121 -3.4e+38 -3.4e+38
-3.4e+38 -3.4e+38 -3.4e+38 -3.4e+38 -3.4e+38 -3.4e+38 0.557429075241089 0.596879184246063 0.677887797355652 0.683251857757568 0.694308996200562 0.707219302654266 0.718082904815674 0.727642953395844 0.736327528953552 0.737918198108673 0.745522201061249 0.7411989569664 0.73574697971344 0.740227222442627 0.74117249250412 0.733970463275909 0.727720618247986 0.669070363044739 0.50286066532135 0.475995093584061 0.614598155021667 0.654824376106262 0.618239641189575 0.426380604505539 0.372540414333344 0.352621167898178 0.389038920402527 0.362072467803955 0.334582269191742 -3.4e+38 -3.4e+38 -3.4e+38 0.308669567108154 0.289143085479736 0.316670477390289 0.159916326403618 0.222704067826271 0.371158927679062 0.34109091758728 0.445517957210541 0.466003805398941 0.477749317884445 0.420219302177429 -3.4e+38 -3.4e+38 -3.4e+38 0.528379499912262 0.61357706785202 0.697642147541046 0.662117421627045 0.57328462600708
-3.4e+38 -3.4e+38 -3.4e+38 -3.4e+38 -3.4e+38 -3.4e+38 0.542386054992676 0.632842600345612 0.660315632820129 0.668796300888062 0.683762192726135 0.688254594802856 0.713802635669708 0.71953147649765 0.707521915435791 0.710232317447662 0.725934326648712 0.738735496997833 0.735831677913666 0.719036281108856 0.705298602581024 0.702595829963684 0.626141965389252 0.523672044277191 0.624847769737244 0.484323173761368 0.490403890609741 0.437611699104309 0.43012535572052 0.371207147836685 0.347622931003571 0.341647744178772 0.373522967100143 0.315689742565155 0.285617738962173 0.324996918439865 -3.4e+38 -3.4e+38 0.291498452425003 0.372410476207733 0.364540338516235 0.400746673345566 0.457880645990372 0.523750782012939 0.543178081512451 0.567677795886993 0.582096874713898 0.586265027523041 0.585506200790405 0.617490768432617 0.591419994831085 0.401434123516083 0.49066823720932 0.665398180484772 0.670951187610626 -3.4e+38 -3.4e+38
-3.4e+38 -3.4e+38 -3.4e+38 -3.4e+38 -3.4e+38 0.486643761396408 0.534635066986084 0.605934679508209 0.618273258209229 0.658550024032593 0.680404424667358 0.681418061256409 0.683690547943115 0.643687307834625 0.695305228233337 0.704948663711548 0.694429934024811 0.711244285106659 0.724057555198669 0.727840542793274 0.708901584148407 0.68837183713913 0.574545621871948 -3.4e+38 0.514438688755035 0.521890938282013 0.454644054174423 0.373668015003204 0.294500827789307 0.327440619468689 0.287277847528458 0.280004113912582 0.330936044454575 0.285431891679764 0.291786283254623 -3.4e+38 -3.4e+38 -3.4e+38 0.310946136713028 0.37212410569191 0.3719482421875 0.561988234519958 0.594788908958435 0.605685532093048 0.629211485385895 0.618329048156738 0.619102418422699 0.608763158321381 0.601428747177124 0.490808308124542 0.418805599212646 0.382598787546158 -3.4e+38 0.519663751125336 -3.4e+38 -3.4e+38 -3.4e+38
-3.4e+38 -3.4e+38 -3.4e+38 -3.4e+38 -3.4e+38 -3.4e+38 0.460627555847168 0.590512037277222 0.554452478885651 0.620656192302704 0.61620020866394 0.63125741481781 0.548091173171997 0.528063237667084 0.52562290430069 0.657943844795227 0.520386815071106 0.537310600280762 0.667067527770996 0.669061899185181 0.668293058872223 0.663839161396027 0.632836878299713 -3.4e+38 0.436189502477646 0.367487788200378 0.367466956377029 0.315796852111816 -3.4e+38 0.368041574954987 0.476357251405716 0.334313303232193 0.27176371216774 -3.4e+38 -3.4e+38 -3.4e+38 -3.4e+38 -3.4e+38 0.348713338375092 0.574480175971985 0.604322493076324 0.618449747562408 0.621039748191833 0.618974626064301 0.611435770988464 0.610535323619843 0.639818131923676 0.626567780971527 0.624514758586884 0.599547028541565 0.521351099014282 0.489689290523529 -3.4e+38 -3.4e+38 -3.4e+38 -3.4e+38 -3.4e+38
-3.4e+38 -3.4e+38 -3.4e+38 -3.4e+38 0.489048600196838 0.453216940164566 0.443044066429138 0.515318274497986 0.479196220636368 0.519053995609283 0.528418123722076 0.560859441757202 0.523239850997925 0.504821181297302 0.501359224319458 0.459302663803101 0.449175298213959 0.482235640287399 0.527597606182098 0.528646111488342 0.518066465854645 0.569863200187683 0.616896748542786 0.605277478694916 0.450397372245789 0.438867211341858 0.34973931312561 0.366527765989304 0.324725598096848 0.486019253730774 0.643491923809052 0.64250773191452 0.38680037856102 0.304294258356094 0.345793336629868 0.360242128372192 0.569072008132935 0.643494069576263 0.630587100982666 0.631299793720245 0.632183790206909 0.646917641162872 0.668905854225159 0.708405017852783 0.665377616882324 0.660965502262115 0.659631490707397 0.675426781177521 0.685843169689178 0.681212604045868 0.655020117759705 0.555040180683136 0.562804996967316 -3.4e+38 -3.4e+38 -3.4e+38 0.667284965515137
0.563878118991852 0.513591051101685 0.625022411346436 0.525973677635193 0.465335786342621 0.577840507030487 0.468460142612457 0.551016569137573 0.442605495452881 -3.4e+38 -3.4e+38 -3.4e+38 -3.4e+38 -3.4e+38 -3.4e+38 -3.4e+38 -3.4e+38 -3.4e+38 -3.4e+38 0.421722382307053 0.46311953663826 0.595838069915771 0.648317039012909 0.528663575649261 0.478825002908707 -3.4e+38 0.351511895656586 -3.4e+38 0.323560446500778 0.484739989042282 0.655238926410675 0.708710134029388 0.520896375179291 0.535270094871521 0.615023493766785 0.702784240245819 0.712467968463898 0.699624478816986 0.707035064697266 0.683509588241577 0.685941696166992 0.67887669801712 0.701630055904388 0.711666285991669 0.709900319576263 0.710783243179321 0.714119493961334 0.707214176654816 0.689663648605347 0.70944356918335 0.681650638580322 0.647406697273254 0.599901914596558 0.59234631061554 -3.4e+38 -3.4e+38 0.665211319923401
-3.4e+38 0.512013614177704 0.557532727718353 0.583824992179871 0.466453224420547 0.675645351409912 0.655688524246216 0.546669483184814 0.426011264324188 -3.4e+38 -3.4e+38 -3.4e+38 -3.4e+38 -3.4e+38 -3.4e+38 -3.4e+38 -3.4e+38 -3.4e+38 -3.4e+38 0.5687375664711 0.450733095407486 0.473365694284439 0.57468444108963 0.450038135051727 -3.4e+38 -3.4e+38 -3.4e+38 -3.4e+38 0.327906221151352 0.364846378564835 0.537774682044983 0.645984709262848 0.715907752513885 0.713939547538757 0.706336796283722 0.706872045993805 0.716438055038452 0.704847514629364 0.692081809043884 0.689293622970581 0.686644315719604 0.693027138710022 0.716545641422272 0.712507784366608 0.712157189846039 0.706885635852814 0.695676445960999 0.681288659572601 0.693337142467499 0.65661346912384 0.643796443939209 0.616610765457153 0.63818347454071 -3.4e+38 -3.4e+38 -3.4e+38 -3.4e+38
0.461638867855072 0.506712973117828 0.678149342536926 0.622100830078125 0.497468680143356 0.671482741832733 0.665207862854004 0.437107473611832 0.433594733476639 -3.4e+38 -3.4e+38 -3.4e+38 -3.4e+38 -3.4e+38 0.452760189771652 0.424718260765076 0.425924628973007 -3.4e+38 -3.4e+38 -3.4e+38 -3.4e+38 0.464328289031982 -3.4e+38 -3.4e+38 -3.4e+38 -3.4e+38 -3.4e+38 0.6151442527771 0.622464537620544 0.666580438613892 0.73217761516571 0.72654128074646 0.723845839500427 0.708390533924103 0.715414106845856 0.722666084766388 0.720362842082977 0.712995052337646 0.69907933473587 0.695047438144684 0.703248023986816 0.710957050323486 0.685346603393555 0.695706963539124 0.708800971508026 0.707156956195831 0.702488422393799 0.669330775737762 0.654068052768707 0.599182426929474 0.565652668476105 -3.4e+38 -3.4e+38 -3.4e+38 -3.4e+38 -3.4e+38 -3.4e+38
0.445901662111282 0.491164147853851 0.680147409439087 0.671080350875854 0.486263632774353 0.524018883705139 0.566604137420654 0.586197972297668 0.561410009860992 0.456569582223892 0.425639867782593 0.417697966098785 -3.4e+38 0.448827922344208 0.645068645477295 0.634067952632904 0.426820904016495 -3.4e+38 -3.4e+38 -3.4e+38 -3.4e+38 -3.4e+38 -3.4e+38 -3.4e+38 -3.4e+38 0.625196635723114 0.711301684379578 0.712277352809906 0.684154629707336 0.711334884166718 0.735440135002136 0.73173725605011 0.723764181137085 0.728423118591309 0.705418467521667 0.709218204021454 0.720255494117737 0.714778006076813 0.711453318595886 0.674619793891907 0.659669995307922 0.667695462703705 0.686097860336304 0.692506313323975 0.698708415031433 0.688588857650757 0.647379398345947 0.559161722660065 0.518080592155457 0.50762277841568 -3.4e+38 -3.4e+38 -3.4e+38 -3.4e+38 -3.4e+38 -3.4e+38 -3.4e+38
0.549132347106934 0.437041282653809 0.674627006053925 0.68410336971283 0.608594715595245 0.66575676202774 0.68586254119873 0.710295617580414 0.710692286491394 0.670938372612 0.51351523399353 0.456084758043289 0.460481911897659 0.566383719444275 0.639959275722504 0.670922458171844 0.463922321796417 -3.4e+38 -3.4e+38 -3.4e+38 -3.4e+38 -3.4e+38 -3.4e+38 -3.4e+38 0.693999230861664 0.706843972206116 0.657609403133392 0.662615716457367 0.687427163124084 0.72426164150238 0.717452645301819 0.716049492359161 0.726731181144714 0.704038739204407 0.720455348491669 0.666769981384277 0.664654672145844 0.547466516494751 0.463946998119354 0.449039131402969 0.491721391677856 0.584675669670105 0.598787784576416 0.588738143444061 0.632414102554321 0.635386228561401 0.581196546554565 0.468595951795578 0.457835823297501 -3.4e+38 -3.4e+38 -3.4e+38 -3.4e+38 -3.4e+38 -3.4e+38 -3.4e+38 -3.4e+38
0.69412362575531 0.677197694778442 0.496192872524261 0.56227695941925 0.68000328540802 0.708057284355164 0.711219847202301 0.713154733181 0.715268552303314 0.677729427814484 0.67651504278183 0.668272912502289 0.652311265468597 0.644065856933594 0.636331081390381 0.590648591518402 0.443274229764938 -3.4e+38 -3.4e+38 -3.4e+38 -3.4e+38 0.476295441389084 0.659123241901398 0.551895081996918 0.57546204328537 0.683266818523407 0.687902748584747 0.68344384431839 0.680288434028625 0.723397135734558 0.717310547828674 0.717878043651581 0.715198755264282 0.696606040000916 0.710044085979462 0.667888104915619 0.542955756187439 0.463230013847351 0.414738863706589 -3.4e+38 -3.4e+38 -3.4e+38 0.499215990304947 0.525938391685486 0.510382294654846 0.607001543045044 0.511851131916046 0.446424633264542 -3.4e+38 -3.4e+38 -3.4e+38 -3.4e+38 -3.4e+38 -3.4e+38 -3.4e+38 -3.4e+38 -3.4e+38
0.685130655765533 0.655671775341034 0.393176138401031 0.38017675280571 0.366388350725174 0.565222859382629 0.62908399105072 0.691984236240387 0.69942319393158 0.702286243438721 0.704124808311462 0.69534158706665 0.691417872905731 0.686881601810455 0.529945373535156 0.382903456687927 0.386259019374847 -3.4e+38 -3.4e+38 -3.4e+38 0.419033497571945 0.6009281873703 0.472858160734177 -3.4e+38 0.562741219997406 0.67585414648056 0.689277112483978 0.679125368595123 0.677436470985413 0.690759599208832 0.715570271015167 0.702719151973724 0.70202910900116 0.676567912101746 0.641891837120056 0.473439067602158 0.455969512462616 0.400244444608688 -3.4e+38 -3.4e+38 -3.4e+38 -3.4e+38 -3.4e+38 -3.4e+38 0.463037133216858 0.464652806520462 0.415481418371201 -3.4e+38 -3.4e+38 -3.4e+38 -3.4e+38 -3.4e+38 -3.4e+38 -3.4e+38 -3.4e+38 -3.4e+38 -3.4e+38
0.341883182525635 0.342227458953857 0.394458740949631 0.647233724594116 0.681583523750305 0.684691607952118 0.680584192276001 0.544537782669067 0.694813907146454 0.70455527305603 0.716080009937286 0.710351586341858 0.71476674079895 0.699822187423706 0.499386817216873 0.315375834703445 0.341445297002792 -3.4e+38 0.455024123191833 0.394495040178299 -3.4e+38 -3.4e+38 -3.4e+38 -3.4e+38 0.634250581264496 0.630795478820801 0.662548303604126 0.663318693637848 0.64009952545166 0.683888018131256 0.691012680530548 0.671218514442444 0.672346234321594 0.655071556568146 0.59182208776474 0.431397527456284 -3.4e+38 -3.4e+38 -3.4e+38 -3.4e+38 -3.4e+38 -3.4e+38 -3.4e+38 -3.4e+38 -3.4e+38 0.375485002994537 0.357524007558823 -3.4e+38 -3.4e+38 -3.4e+38 -3.4e+38 -3.4e+38 -3.4e+38 -3.4e+38 -3.4e+38 -3.4e+38 -3.4e+38
0.309722125530243 0.310324311256409 0.342111438512802 0.471503436565399 0.677443385124207 0.709491848945618 0.704936027526855 0.709264874458313 0.710662484169006 0.709775924682617 0.712685286998749 0.709009885787964 0.718455374240875 0.654117286205292 0.478854119777679 0.366079956293106 0.426407903432846 0.566272139549255 0.491002112627029 -3.4e+38 -3.4e+38 -3.4e+38 -3.4e+38 0.556112408638 0.482827603816986 0.477585673332214 0.598866105079651 0.697650909423828 0.650955438613892 0.624974429607391 0.631144940853119 0.634780585765839 0.632513225078583 0.599658250808716 0.557227909564972 0.393941789865494 -3.4e+38 -3.4e+38 -3.4e+38 -3.4e+38 -3.4e+38 -3.4e+38 -3.4e+38 -3.4e+38 -3.4e+38 -3.4e+38 0.322582870721817 -3.4e+38 -3.4e+38 -3.4e+38 -3.4e+38 -3.4e+38 -3.4e+38 -3.4e+38 -3.4e+38 -3.4e+38 -3.4e+38
0.308424383401871 0.310851603746414 0.470788776874542 0.60054075717926 0.642472445964813 0.708449125289917 0.706397175788879 0.7088702917099 0.709569573402405 0.705696880817413 0.686779320240021 0.69035792350769 0.71817535161972 0.696106553077698 0.687430799007416 0.555371999740601 0.553877770900726 0.515178859233856 0.512646079063416 0.407330960035324 0.403059422969818 -3.4e+38 -3.4e+38 0.495129555463791 -3.4e+38 0.592042028903961 0.586106240749359 0.64527702331543 0.658201098442078 0.579009890556335 0.639830410480499 0.595366299152374 0.583383202552795 0.508476734161377 0.45875683426857 -3.4e+38 -3.4e+38 -3.4e+38 -3.4e+38 -3.4e+38 -3.4e+38 -3.4e+38 -3.4e+38 -3.4e+38 -3.4e+38 -3.4e+38 -3.4e+38 -3.4e+38 -3.4e+38 -3.4e+38 -3.4e+38 -3.4e+38 -3.4e+38 -3.4e+38 -3.4e+38 -3.4e+38 -3.4e+38
-3.4e+38 0.308951675891876 0.389900833368301 0.338719695806503 0.393468767404556 0.619498610496521 0.696312963962555 0.707046866416931 0.705534517765045 0.706676781177521 0.698874950408936 0.710673689842224 0.71393096446991 0.698329925537109 0.599057376384735 0.523573160171509 0.53698605298996 0.650835573673248 0.588134586811066 0.454020112752914 0.414498090744019 -3.4e+38 -3.4e+38 -3.4e+38 0.51404857635498 0.544240355491638 0.641070187091827 0.613465130329132 0.587291777133942 0.574365675449371 0.516777098178864 0.490016609430313 0.475166618824005 0.450753748416901 -3.4e+38 -3.4e+38 -3.4e+38 -3.4e+38 -3.4e+38 -3.4e+38 -3.4e+38 -3.4e+38 -3.4e+38 -3.4e+38 -3.4e+38 -3.4e+38 -3.4e+38 -3.4e+38 -3.4e+38 -3.4e+38 -3.4e+38 -3.4e+38 -3.4e+38 -3.4e+38 -3.4e+38 -3.4e+38 -3.4e+38
-3.4e+38 0.303273141384125 0.37209278345108 0.354794234037399 0.307535350322723 0.32117834687233 0.619413912296295 0.703405618667603 0.711040437221527 0.711525201797485 0.707724690437317 0.709856271743774 0.6660475730896 0.602721333503723 0.593991339206696 0.657139360904694 0.653332352638245 0.59623783826828 0.471872717142105 0.476409435272217 0.473036050796509 0.436405926942825 -3.4e+38 -3.4e+38 -3.4e+38 0.531129837036133 0.506951153278351 0.517006814479828 0.50073117017746 0.483676314353943 0.485241621732712 0.44207364320755 0.410307645797729 -3.4e+38 -3.4e+38 -3.4e+38 -3.4e+38 -3.4e+38 -3.4e+38 -3.4e+38 -3.4e+38 -3.4e+38 -3.4e+38 -3.4e+38 -3.4e+38 -3.4e+38 -3.4e+38 -3.4e+38 -3.4e+38 -3.4e+38 -3.4e+38 -3.4e+38 -3.4e+38 -3.4e+38 -3.4e+38 -3.4e+38 -3.4e+38
0.318020015954971 0.290560126304626 0.262415766716003 0.463806450366974 0.320024788379669 0.337826430797577 0.447675138711929 0.693075060844421 0.706920385360718 0.702088952064514 0.704058170318604 0.713544487953186 0.713554620742798 0.713099360466003 0.683743715286255 0.674800038337708 0.630470275878906 0.599424123764038 0.567874193191528 0.563118398189545 0.457627713680267 -3.4e+38 -3.4e+38 -3.4e+38 -3.4e+38 0.494653165340424 0.463134437799454 0.444721519947052 0.458915919065475 0.508928835391998 0.511852979660034 0.431784689426422 0.384789288043976 -3.4e+38 -3.4e+38 -3.4e+38 -3.4e+38 -3.4e+38 -3.4e+38 -3.4e+38 -3.4e+38 -3.4e+38 -3.4e+38 -3.4e+38 -3.4e+38 -3.4e+38 -3.4e+38 -3.4e+38 -3.4e+38 -3.4e+38 -3.4e+38 -3.4e+38 -3.4e+38 -3.4e+38 -3.4e+38 -3.4e+38 -3.4e+38
