data/climate_estimation/maxent_output/Helonias_bullata.asc
NCOLS 154 
NROWS 96 
XLLCORNER -83.5833333333333 
YLLCORNER 34.75 
CELLSIZE 0.0833333333333333 
NODATA_value -3.4e+38 
[rows 0 to 20 of 96, columns 0 to 48 of 154]
0.001207107095979 0.00118163949809968 0.00124519062228501 0.0012822583084926 0.00152691011317074 0.00153574289288372 0.00183295703027397 0.00183758768253028 0.00216680788435042 0.00227383617311716 0.00295385322533548 0.00422422681003809 0.00680269347503781 0.00990414340049028 0.0159201715141535 0.0237365961074829 0.0282776970416307 0.0304181557148695 0.0296430699527264 0.0310701541602612 0.0295071285218 0.0279348716139793 0.0264425538480282 0.0251093003898859 0.0236827153712511 0.0218347925692797 0.0212760139256716 0.0131446458399296 0.0128068029880524 0.0195390619337559 0.0211991295218468 0.0247243996709585 0.0261316876858473 0.0409097857773304 0.0464289821684361 0.0689281597733498 0.0780705139040947 0.0927508771419525 0.132750540971756 0.133567735552788 0.13395881652832 0.119044728577137 0.0811875015497208 0.0716944858431816 0.0473953932523727 0.037746723741293 0.0266815312206745 0.0240968707948923 0.024164441972971
0.00147587759420276 0.00144459481816739 0.00152691011317074 0.00157203373964876 0.00187153660226613 0.00188633927609771 0.0020962820854038 0.00254323217086494 0.00321835861541331 0.00313523574732244 0.00459158886224031 0.00739497831091285 0.0107649927958846 0.0173028707504272 0.0257892198860645 0.0424362830817699 0.0468199029564857 0.0456368215382099 0.0322110392153263 0.0226857345551252 0.031977467238903 0.0295071285218 0.0207664631307125 0.0192113965749741 0.016412602737546 0.0155293131247163 0.0133061585947871 0.0113994227722287 0.0108204446732998 0.0126309571787715 0.0133505119010806 0.0159914493560791 0.0244677774608135 0.0285286325961351 0.0315809100866318 0.0469009503722191 0.0788271799683571 0.0788271799683571 0.0875294655561447 0.0941951647400856 0.0921315178275108 0.0921315178275108 0.0814163684844971 0.0539132058620453 0.0487574972212315 0.0320056937634945 0.0210028383880854 0.0210028383880854 0.0210028383880854
0.00180974183604121 0.00191264681052417 0.00196895585395396 0.00175252242479473 0.002146688522771 0.00215688068419695 0.00261646485887468 0.00376760633662343 0.00406856369227171 0.00524801993742585 0.00762654654681683 0.0111014991998672 0.0183150693774223 0.0272258017212152 0.0447786450386047 0.050805825740099 0.050805825740099 0.0546248629689217 0.0348930470645428 0.0246536564081907 0.0227493941783905 0.0203917659819126 0.0193605590611696 0.0183810070157051 0.0157528836280107 0.0149544700980186 0.0127744181081653 0.00896751694381237 0.00873655825853348 0.00896751694381237 0.0137468557804823 0.0160430409014225 0.0165169592946768 0.0259304661303759 0.0294599253684282 0.032707829028368 0.0499604120850563 0.0552395880222321 0.0795200765132904 0.0880132094025612 0.0858371332287788 0.0643117278814316 0.0568814054131508 0.0568814054131508 0.037490114569664 0.0245595518499613 0.0221781004220247 0.0165157318115234 0.0165157318115234
0.00201220391318202 0.00238977512344718 0.00209121545776725 0.00215688068419695 0.00232932344079018 0.00282559916377068 0.00377556122839451 0.00451943464577198 0.00663193967193365 0.00871317461133003 0.0126534691080451 0.014019520021975 0.020866921171546 0.0310734510421753 0.0523603335022926 0.060766912996769 0.0623292401432991 0.0591034814715385 0.0419152826070786 0.0260304789990187 0.0234095118939877 0.0215397998690605 0.0205086003988981 0.0180415827780962 0.016688821837306 0.0105821676552296 0.0100151691585779 0.00950615853071213 0.00926139205694199 0.00947743281722069 0.0105024296790361 0.0149544700980186 0.0170030184090137 0.0193294249475002 0.0220344867557287 0.033658716827631 0.0373529978096485 0.0553919747471809 0.0555392019450665 0.0613885894417763 0.0600017793476582 0.0601488463580608 0.0437713451683521 0.0395651385188103 0.0287753865122795 0.0259906109422445 0.0174385868012905 0.0129457246512175 0.0129755884408951
0.00258081359788775 0.00280603440478444 0.0026106801815331 0.00261646485887468 0.0027526062913239 0.0035830985289067 0.00387711660005152 0.00647389562800527 0.0107215298339725 0.0140489675104618 0.0155644835904241 0.0151331573724747 0.0231599248945713 0.0353670530021191 0.0552178919315338 0.0642114356160164 0.0725978836417198 0.0623292401432991 0.0431060940027237 0.038808211684227 0.0247177369892597 0.0212464239448309 0.0201220773160458 0.0186148043721914 0.0118100652471185 0.0111799389123917 0.010338956490159 0.0100728562101722 0.0100444862619042 0.0100444862619042 0.0100444862619042 0.0114243440330029 0.0175014659762383 0.0133728208020329 0.0199512876570225 0.022737730294466 0.0258384048938751 0.0385276265442371 0.0426260009407997 0.0427314527332783 0.0428328402340412 0.0461809560656548 0.0418431684374809 0.0311633106321096 0.0303695369511843 0.0203917808830738 0.0151772806420922 0.0136992037296295 0.0147550934925675
0.00281283049844205 0.00289411284029484 0.00281935278326273 0.00313894404098392 0.0035830985289067 0.00376944150775671 0.00526111153885722 0.00964031554758549 0.0148050552234054 0.0147755471989512 0.022614823654294 0.022614823654294 0.0256454143673182 0.0363643392920494 0.0412835963070393 0.0626035183668137 0.0642114356160164 0.0609036274254322 0.043203990906477 0.0370944067835808 0.0236775353550911 0.0218567345291376 0.0207522306591272 0.0128354970365763 0.0121840303763747 0.0115364324301481 0.010143106803298 0.00960247404873371 0.0071211913600564 0.010367089882493 0.00768899824470282 0.0117910001426935 0.012102210894227 0.0137627758085728 0.0152476588264108 0.0173812452703714 0.0234535876661539 0.0266505461186171 0.0397223792970181 0.0296430885791779 0.0441402085125446 0.0328841656446457 0.0328841656446457 0.0328841656446457 0.0245128571987152 0.0160210411995649 0.0172182135283947 0.0203497186303139 0.0228294860571623
0.00375928124412894 0.00376760633662343 0.00376760633662343 0.0039718933403492 0.0040705450810492 0.00568102998659015 0.00804396066814661 0.00987905636429787 0.0151404859498143 0.0155394058674574 0.0159487500786781 0.0220363102853298 0.0250425674021244 0.0263723265379667 0.0402374416589737 0.0412835963070393 0.0456681102514267 0.0412835963070393 0.0402374416589737 0.0381432846188545 0.0243518482893705 0.02253139577806 0.0213463231921196 0.0135853867977858 0.0128664262592793 0.0110223507508636 0.0104372408241034 0.0075416062027216 0.00734723592177033 0.00734723592177033 0.00814279727637768 0.0083581255748868 0.00926263444125652 0.00950743351131678 0.0141981290653348 0.0161439199000597 0.0183979850262403 0.0274766776710749 0.0275367926806211 0.030484626069665 0.0313464812934399 0.0347633995115757 0.0347633995115757 0.0251555480062962 0.0284138340502977 0.034329529851675 0.0413459092378616 0.0511049926280975 0.0526129454374313
0.00281935278326273 0.00376760633662343 0.0040771528147161 0.00417841365560889 0.00553447846323252 0.00785240065306425 0.0084613086655736 0.0126391779631376 0.0140036968514323 0.01434276252985 0.0151087688282132 0.0155394058674574 0.0220363102853298 0.0256989616900682 0.0264246817678213 0.0364361591637135 0.041364923119545 0.041364923119545 0.0403167493641376 0.0257499981671572 0.0244512241333723 0.0231710951775312 0.0147517304867506 0.0139743434265256 0.0119724404066801 0.0116645470261574 0.00819459371268749 0.00798346195369959 0.00777774816378951 0.00775980018079281 0.00575328199192882 0.00637680431827903 0.0088272001594305 0.00725466292351484 0.0108400015160441 0.0111519433557987 0.0126829603686929 0.0189669225364923 0.0216041877865791 0.0216471832245588 0.024017533287406 0.0258661266416311 0.0270258598029613 0.0486158952116966 0.057022713124752 0.0457368828356266 0.0489801131188869 0.0541586838662624 0.0771663188934326
0.00282559916377068 0.00322216516360641 0.0040771528147161 0.00428913393989205 0.00568102998659015 0.00582200800999999 0.00847826059907675 0.009116280823946 0.0123142451047897 0.00937693100422621 0.0133148161694407 0.0136659676209092 0.0148050552234054 0.0168651714920998 0.0239096004515886 0.0271678473800421 0.0271678473800421 0.0365044213831425 0.0356401950120926 0.0257985107600689 0.025139607489109 0.0238712411373854 0.0204277448356152 0.0144015941768885 0.0126644475385547 0.00890021212399006 0.00782401766628027 0.00762239703908563 0.00741033488884568 0.00819459371268749 0.0060759917832911 0.0060759917832911 0.00673436978831887 0.00673436978831887 0.00766126206144691 0.0114716347306967 0.0130462506785989 0.0200192127376795 0.0216041877865791 0.023924769833684 0.0277941655367613 0.041932038962841 0.0506617650389671 0.0544429942965508 0.058491799980402 0.069189541041851 0.0764174461364746 0.0840873569250107 0.0838017240166664
0.00297743431292474 0.00339527358300984 0.00322216516360641 0.0039798691868782 0.00407871883362532 0.00553447846323252 0.00525258993729949 0.00566047336906195 0.00566047336906195 0.00785240065306425 0.00806007999926805 0.00942879822105169 0.0130442539229989 0.0148331047967076 0.0156530812382698 0.0239522494375706 0.0272162277251482 0.0272162277251482 0.026521610096097 0.0258444845676422 0.0251844208687544 0.0245410036295652 0.0210416000336409 0.0148091968148947 0.0130232097581029 0.00827555172145367 0.0080623421818018 0.00783969834446907 0.00581258116289973 0.00565130729228258 0.00626381253823638 0.00626381253823638 0.00484639452770352 0.00537189701572061 0.00788128562271595 0.00873441901057959 0.00967945158481598 0.0155680309981108 0.0168036222457886 0.0268997494131327 0.0335100069642067 0.0506617650389671 0.0556772761046886 0.0574567131698132 0.0615407228469849 0.0730092823505402 0.0838017240166664 0.0826685130596161 0.0844968631863594
0.00357766542583704 0.00358485127799213 0.00349227921105921 0.00323479087091982 0.0038845029193908 0.0039734193123877 0.00377088971436024 0.00367352250032127 0.0035786647349596 0.0035786647349596 0.00367352250032127 0.00554501358419657 0.00873307976871729 0.00995153374969959 0.0152512658387423 0.017826484516263 0.0246217492967844 0.0265661515295506 0.0265661515295506 0.0265661515295506 0.0258879046887159 0.0245822612196207 0.021630646660924 0.0152524095028639 0.0134133361279964 0.00874943658709526 0.00850964710116386 0.00554600125178695 0.00597782898694277 0.00597782898694277 0.00644250912591815 0.00498526869341731 0.00552578736096621 0.00595421018078923 0.00640026852488518 0.0101109808310866 0.016254935413599 0.0180062372237444 0.0268997494131327 0.0310655366629362 0.0349212884902954 0.0397677011787891 0.0589366294443607 0.0451364740729332 0.0471461787819862 0.0695223584771156 0.0746327936649323 0.07982187718153 0.0762833431363106
0.00377740780822933 0.00378460437059402 0.003591681830585 0.00332054891623557 0.00306985201314092 0.00283805560320616 0.00268819415941834 0.00340173672884703 0.00331388553604484 0.00331388553604484 0.00332020060159266 0.00377807393670082 0.00585306715220213 0.00923304166644812 0.0105020189657807 0.0157043915241957 0.0183244999498129 0.0183516573160887 0.0273451898247004 0.0266473274677992 0.0259670335799456 0.0253038816154003 0.0165403634309769 0.0160920843482018 0.0137889292091131 0.00899503007531166 0.00586284045130014 0.0057025202549994 0.00614712899550796 0.00662560621276498 0.00712617207318544 0.00788128562271595 0.00849068071693182 0.00936516467481852 0.0101109808310866 0.0111760068684816 0.0179593954235315 0.0198924709111452 0.0199443027377129 0.0310655366629362 0.0379451736807823 0.0369819775223732 0.0419829525053501 0.0419829525053501 0.0482144355773926 0.0482144355773926 0.0482144355773926 0.0741313099861145 0.0741313099861145
0.00453760754317045 0.00442845094949007 0.00379142467863858 0.00350523996166885 0.00267747044563293 0.00247080926783383 0.00234477943740785 0.00222517061047256 0.00211165682412684 0.00211165682412684 0.0025559535715729 0.00350487232208252 0.0039949375204742 0.00685780122876167 0.010518723167479 0.0119811212643981 0.0183516573160887 0.0188603512942791 0.0273827444761992 0.0273827444761992 0.0266839358955622 0.0260027199983597 0.0253386702388525 0.0165632050484419 0.0157023575156927 0.0138094108551741 0.00899503007531166 0.0094464523717761 0.0106696607545018 0.017967602238059 0.019300913438201 0.0133086759597063 0.00873441901057959 0.0104031218215823 0.0154561810195446 0.0166829694062471 0.0184318907558918 0.0204152930527925 0.0226096529513597 0.0255113523453474 0.0352811887860298 0.03904128074646 0.0418624095618725 0.0461695976555347 0.0461695976555347 0.031084543094039 0.0434484966099262 0.0480571165680885 0.0445761829614639
0.00516293244436383 0.00503877084702253 0.00347271468490362 0.00297296466305852 0.00254936725832522 0.00235282420180738 0.00203125970438123 0.00211890274658799 0.001877810806036 0.00182927947025746 0.00217158114537597 0.00299617671407759 0.00421619135886431 0.00618739379569888 0.00723629118874669 0.0122973183169961 0.0126392729580402 0.0193810276687145 0.0214654430747032 0.0281682014465332 0.027449632063508 0.0267491396516562 0.0260662827640772 0.0253709219396114 0.0161588583141565 0.0169485155493021 0.0156290326267481 0.0184808429330587 0.031018203124404 0.0332899019122124 0.0229507777839899 0.0151335103437304 0.012404172681272 0.0148027762770653 0.0159031432121992 0.0176168847829103 0.0180804505944252 0.0200264230370522 0.0215580407530069 0.0232633948326111 0.0277208928018808 0.0298259109258652 0.0441916398704052 0.0487372279167175 0.0472210273146629 0.031798180192709 0.0287252198904753 0.030889606103301 0.0300035420805216
0.00404900498688221 0.00405630096793175 0.00347271468490362 0.00277642230503261 0.00237675453536212 0.00225935177877545 0.00208514416590333 0.00203471397981048 0.00198213150724769 0.00214061816222966 0.00254516256973147 0.00289630959741771 0.00351064256392419 0.00480448780581355 0.00547408172860742 0.00847223587334156 0.0129893431439996 0.0147881107404828 0.0220785960555077 0.0320312976837158 0.0312157720327377 0.030420683324337 0.0267777163535357 0.0253709219396114 0.027930099517107 0.027745446190238 0.0291150603443384 0.0336690880358219 0.0379930473864079 0.0388856567442417 0.0326599180698395 0.0199773795902729 0.01312096696347 0.0141058741137385 0.0163612514734268 0.0168307218700647 0.0186006836593151 0.0200264230370522 0.0205527264624834 0.0238737277686596 0.0271948091685772 0.0292664263397455 0.0332421474158764 0.0346634089946747 0.0322259478271008 0.0321362093091011 0.0303412619978189 0.0219170916825533 0.030889606103301
0.00323735224083066 0.0032431879080832 0.00338878249749541 0.00278114201501012 0.00263930368237197 0.00250469008460641 0.00243997713550925 0.00238073035143316 0.00225928984582424 0.00220743613317609 0.00245357700623572 0.00291252927854657 0.00360870966687799 0.00402121944352984 0.00623606238514185 0.00938903447240591 0.0130046494305134 0.0220549777150154 0.0220785960555077 0.0238246265798807 0.0336718559265137 0.0319088473916054 0.0319460853934288 0.0302658677101135 0.0315739214420319 0.0339337028563023 0.0307152606546879 0.051268182694912 0.051268182694912 0.0382310226559639 0.0320985689759254 0.0149485254660249 0.0125213237479329 0.0138483801856637 0.0107661355286837 0.0110504478216171 0.0172737836837769 0.0131613751873374 0.0148924775421619 0.023359015583992 0.0279068034142256 0.0323126576840878 0.0308169052004814 0.0349994301795959 0.024196295067668 0.0252435710281134 0.0222134608775377 0.0215844959020615 0.0209710095077753
0.00265682837925851 0.00316479452885687 0.00307782157324255 0.00299832294695079 0.00292583974078298 0.00250469008460641 0.00228226976469159 0.00256437319330871 0.00250520277768373 0.00263556279242039 0.00264276238158345 0.00301525788381696 0.00368322827853262 0.00445744721218944 0.00639980845153332 0.00963516905903816 0.0151161998510361 0.015943543985486 0.0244233757257462 0.0256794635206461 0.0356186591088772 0.0337537974119186 0.034222885966301 0.0225349329411983 0.0229941848665476 0.0323986448347569 0.0358572751283646 0.0365274325013161 0.0365274325013161 0.0374790243804455 0.0240108482539654 0.0146390190348029 0.0132130105048418 0.00860984530299902 0.00997658912092447 0.0113471718505025 0.0113471718505025 0.0134867494925857 0.0142532447353005 0.02396634593606 0.027805607765913 0.0306741781532764 0.0350863598287106 0.0314757823944092 0.0331413000822067 0.0241083856672049 0.0226443558931351 0.0229299236088991 0.0245367418974638
0.00259285676293075 0.00298255006782711 0.00332941929809749 0.00332941929809749 0.00314725073985755 0.00316470768302679 0.00298676895909011 0.00284278602339327 0.00269780796952546 0.0029991629999131 0.00300735444761813 0.00334254093468189 0.00385488756000996 0.00502386596053839 0.0051569314673543 0.00687348190695047 0.0106771336868405 0.0151948872953653 0.016873437911272 0.0245092809200287 0.02505156211555 0.0237282998859882 0.0241156127303839 0.0230616498738527 0.0242856703698635 0.0333001799881458 0.0247725825756788 0.0357938222587109 0.0395334735512733 0.0356717742979527 0.021253565326333 0.0135861681774259 0.00909671559929848 0.00844834465533495 0.00954146403819323 0.0116820000112057 0.0129438620060682 0.0136755164712667 0.0143410349264741 0.0240457970649004 0.0286306329071522 0.0306741781532764 0.0339519679546356 0.0314757823944092 0.0332573838531971 0.0240238383412361 0.0257324669510126 0.0243414510041475 0.0253910534083843
0.00313771003857255 0.00322089833207428 0.00358131644316018 0.00358131644316018 0.00384598760865629 0.00349908205680549 0.00392997870221734 0.00348317972384393 0.00340319494716823 0.00331530626863241 0.00332470191642642 0.00359034375287592 0.00403287075459957 0.00488040503114462 0.00555283855646849 0.00687348190695047 0.00784075073897839 0.0106771336868405 0.0115268230438232 0.0151324262842536 0.0163337327539921 0.0166481044143438 0.0224718376994133 0.0230616498738527 0.0226771980524063 0.0230616498738527 0.0255367308855057 0.0254679638892412 0.0273222643882036 0.0253232456743717 0.0150930033996701 0.00963516905903816 0.00676004821434617 0.00626062415540218 0.00707459449768066 0.0108525976538658 0.0127387177199125 0.0136755164712667 0.0224250014871359 0.0267104804515839 0.029571209102869 0.0279004368931055 0.0286306329071522 0.0314757823944092 0.0241083856672049 0.024740606546402 0.024740606546402 0.0250752288848162 0.0257324669510126
0.00338843674398959 0.00348883541300893 0.00396991800516844 0.00437621027231216 0.00486459117382765 0.00472566764801741 0.00435633026063442 0.00376146007329226 0.00366433593444526 0.00367509690113366 0.00368551025167108 0.00386621500365436 0.00416281074285507 0.00494069000706077 0.00539375934749842 0.00615470483899117 0.00761794205754995 0.00784075073897839 0.0108832372352481 0.0103303389623761 0.0114470440894365 0.0114781754091382 0.0154657224193215 0.0163746941834688 0.0168462693691254 0.0176295470446348 0.0194767154753208 0.0175836775451899 0.0180463790893555 0.0162912048399448 0.0155311357229948 0.0098897647112608 0.00674305483698845 0.00712254643440247 0.00769046088680625 0.00828261114656925 0.0124112414196134 0.0141507899388671 0.0231499932706356 0.0255602020770311 0.0260285977274179 0.0260285977274179 0.0259453225880861 0.0266250539571047 0.0293796490877867 0.0234097149223089 0.0230066329240799 0.0254758857190609 0.024740606546402
0.00376756675541401 0.00386742176488042 0.00440059322863817 0.00485085416585207 0.00486459117382765 0.00525294477120042 0.00482882373034954 0.00428005447611213 0.00406192755326629 0.00406192755326629 0.0039686793461442 0.00427311891689897 0.00415019784122705 0.00479861162602901 0.00530229508876801 0.00625030137598515 0.00625030137598515 0.00776203675195575 0.00744183687493205 0.00780679704621434 0.0103584490716457 0.0103584490716457 0.0111829210072756 0.0121542355045676 0.0168058555573225 0.0181387793272734 0.0200408007949591 0.0180934444069862 0.0180463790893555 0.0124112414196134 0.0115558011457324 0.00806922093033791 0.00728082191199064 0.00747344177216291 0.00828261114656925 0.00896511785686016 0.0127720311284065 0.0141863180324435 0.0157165322452784 0.0238884016871452 0.0249073058366776 0.0249073058366776 0.0241230502724648 0.0267104804515839 0.029476772993803 0.0325214415788651 0.0333704873919487 0.025560274720192 0.0385514609515667
