data/climate_estimation/maxent_output/Hexacyrtis_dickiana.asc
NCOLS 25 
NROWS 77 
XLLCORNER 14.5833333333333 
YLLCORNER -28.75 
CELLSIZE 0.0833333333333333 
NODATA_value -3.4e+38 
[rows 0 to 42 of 77, columns 0 to 24 of 25]
0.862236917018890 0.93865567445755 0.970716118812561 0.934843182563782 0.910219252109528 0.769787013530731 0.706012964248657 0.606038212776184 0.466754943132401 0.315978854894638 0.273313581943512 0.204478278756142 0.166666805744171 0.135505899786949 0.101473808288574 0.0736298710107803 0.0523392856121063 0.0367479473352432 0.0263244900852442 0.0292606726288795 0.0215510595589876 0.0129318982362747 0.00493792304769158 0.00302904145792127 0.00213722861371934
0.855818688869476 0.901865303516388 0.969146192073822 0.948197960853577 0.927157998085022 0.837044358253479 0.731018364429474 0.605322360992432 0.48323592543602 0.343789994716644 0.260787427425385 0.209604412317276 0.21145623922348 0.136098504066467 0.093392588198185 0.0964411348104477 0.0629416927695274 0.044684361666441 0.0400331355631351 0.0204636678099632 0.0171348880976439 0.00996476411819458 0.00532226311042905 0.00257225637324154 0.00203667208552361
0.804758489131927 0.895621120929718 0.960732698440552 0.954394042491913 0.917573928833008 0.923500120639801 0.757081091403961 0.711383700370789 0.537273943424225 0.393900096416473 0.286555230617523 0.31097537279129 0.202461719512939 0.124417252838612 0.13321290910244 0.100379198789597 0.0636890679597855 0.034260880202055 0.0303320400416851 0.0178970769047737 0.0122332563623786 0.0069202957674861 0.00429468415677547 0.00291476817801595 0.00222818949259818
0.795981764793396 0.851245105266571 0.903986275196075 0.960365295410156 0.946339666843414 0.887210965156555 0.863991379737854 0.723140895366669 0.586267113685608 0.440026938915253 0.387681812047958 0.308455109596252 0.175779968500137 0.1392432898283 0.0954252853989601 0.0865949466824532 0.0532881990075111 0.0320208743214607 0.0185011923313141 0.011272381991148 0.0111334500834346 0.00620922073721886 0.00423714006319642 0.00312629668042064 0.00292837317101657
0.776620388031006 0.883988738059998 0.933212220668793 0.952910721302032 0.956822633743286 0.953658223152161 0.87182080745697 0.784025549888611 0.705586016178131 0.597751379013062 0.453723192214966 0.26157808303833 0.146333172917366 0.0823793709278107 0.0454886592924595 0.0585643537342548 0.0356139652431011 0.0194060802459717 0.0121862394735217 0.0132786510512233 0.00994547922164202 0.00560346245765686 0.00423316145315766 0.00395288644358516 0.00387007393874228
0.808374524116516 0.878366649150848 0.904389202594757 0.970196902751923 0.969077348709106 0.960824966430664 0.917661249637604 0.819551169872284 0.673305451869965 0.498380124568939 0.350815743207932 0.223327860236168 0.142142087221146 0.0931472480297089 0.0693832486867905 0.040531974285841 0.0361262932419777 0.0213466007262468 0.0122990179806948 0.0125217325985432 0.00784115865826607 0.00587874324992299 0.00586581183597445 0.00565793458372355 0.00436397409066558
0.79327517747879 0.827785551548004 0.899960994720459 0.954695880413055 0.974630355834961 0.964069426059723 0.926611721515656 0.820262849330902 0.641596853733063 0.4600630402565 0.326728284358978 0.188772484660149 0.109997101128101 0.080252580344677 0.0573852397501469 0.0353125408291817 0.0367245450615883 0.0203209351748228 0.0165763925760984 0.0123255345970392 0.00820702034980059 0.0101439617574215 0.0073935161344707 0.00551053648814559 0.00490267481654882
0.779430270195007 0.876682877540588 0.93130099773407 0.975826740264893 0.980784714221954 0.969734370708466 0.922314941883087 0.821998357772827 0.674427926540375 0.447466284036636 0.296809643507004 0.168890714645386 0.0988405719399452 0.0735064372420311 0.061358030885458 0.0489333644509315 0.0400795713067055 0.0245659612119198 0.016596008092165 0.0205703042447567 0.0125860664993525 0.0119988983497024 0.00819235108792782 0.00566699728369713 0.00503006856888533
0.839684367179871 0.912720501422882 0.929868102073669 0.981572389602661 0.980668067932129 0.956307768821716 0.931792616844177 0.834806144237518 0.684744775295258 0.470063149929047 0.317891269922256 0.186899855732918 0.10114224255085 0.0747510939836502 0.0567596852779388 0.0464513823390007 0.0401311032474041 0.0299679022282362 0.0263391565531492 0.0230665784329176 0.0170843116939068 0.0129849128425121 0.00986151024699211 0.00804389920085669 0.00520299002528191
0.848904430866241 0.887911081314087 0.951708078384399 0.97578901052475 0.982189476490021 0.968203842639923 0.928952932357788 0.844273209571838 0.705007433891296 0.506261646747589 0.321611642837524 0.185856342315674 0.12548004090786 0.0994409322738647 0.076012134552002 0.0609162822365761 0.0451582409441471 0.0304659530520439 0.0285028573125601 0.0213195402175188 0.0142439799383283 0.0090657789260149 0.00968081969767809 0.00701290788128972 0.00560205290094018
0.851703524589539 0.893232882022858 0.950815320014954 0.974495649337769 0.988529562950134 0.979665040969849 0.941048264503479 0.863543570041656 0.717259347438812 0.570511758327484 0.323235929012299 0.215178236365318 0.162651509046555 0.108530677855015 0.0947644636034966 0.0750027075409889 0.0501452572643757 0.0320758000016212 0.025161175057292 0.0191994253546 0.0135366152971983 0.00851426739245653 0.00786719378083944 0.00617441767826676 0.00654008286073804
0.875183880329132 0.912247478961945 0.962006092071533 0.966081380844116 0.980281591415405 0.980783045291901 0.948406755924225 0.896291315555573 0.761147499084473 0.615539789199829 0.401139140129089 0.254699617624283 0.199209228157997 0.163089260458946 0.118334829807281 0.0760549083352089 0.0477445535361767 0.0389362387359142 0.0271425135433674 0.0155076934024692 0.0112931719049811 0.00807325076311827 0.00700570084154606 0.00629652664065361 0.0059084314852953
0.871419131755829 0.913784384727478 0.94896274805069 0.970812976360321 0.963246166706085 0.981645345687866 0.963025033473969 0.907924950122833 0.788182139396667 0.660996317863464 0.473820477724075 0.305596679449081 0.241217315196991 0.187829196453094 0.1364566385746 0.071481004357338 0.0520215854048729 0.0458193905651569 0.0308935139328241 0.0144369788467884 0.0081769460812211 0.00837574154138565 0.00759374117478728 0.00600084848701954 0.00529451435431838
0.837228178977966 0.915540456771851 0.948723137378693 0.96990442276001 0.939734935760498 0.96603912115097 0.972474098205566 0.915614247322083 0.839335381984711 0.664615213871002 0.531952202320099 0.380336105823517 0.301898390054703 0.227522566914558 0.163959339261055 0.101374194025993 0.0861151814460754 0.0571274310350418 0.0380263663828373 0.026450801640749 0.0180270913988352 0.00971379969269037 0.00655483640730381 0.00527081592008471 0.00411258265376091
0.826683759689331 0.908267796039581 0.945839643478394 0.963006258010864 0.941951930522919 0.950256884098053 0.893956422805786 0.93972373008728 0.86325615644455 0.723548352718353 0.578267216682434 0.438577324151993 0.345770329236984 0.226474106311798 0.172571063041687 0.11166200786829 0.0780556127429008 0.0493000261485577 0.0353750437498093 0.0209184680134058 0.00846629496663809 0.0060242754407227 0.00549059547483921 0.00420462712645531 0.00334737868979573
0.808698832988739 0.896980941295624 0.93913471698761 0.96462869644165 0.965025305747986 0.875200808048248 0.974783360958099 0.951056957244873 0.878703653812408 0.779783368110657 0.609458804130554 0.511346280574799 0.351876735687256 0.234235197305679 0.160151079297066 0.105848111212254 0.0842458382248878 0.0534541383385658 0.0343140698969364 0.00992002431303263 0.00731499586254358 0.00498980423435569 0.0041011068969965 0.00341304554603994 0.00261780549772084
0.791285991668701 0.884343445301056 0.931476175785065 0.973835051059723 0.982743680477142 0.91609251499176 0.975286304950714 0.949892282485962 0.882641494274139 0.790657937526703 0.661069393157959 0.472442507743835 0.328073620796204 0.243120834231377 0.175130680203438 0.11762236058712 0.0768946185708046 0.0505875237286091 0.0204751938581467 0.00799594447016716 0.00635919533669949 0.00462487433105707 0.00394031358882785 0.00295609468594193 0.00223235739395022
0.80366438627243 0.868060648441315 0.915857791900635 0.964448273181915 0.982935726642609 0.985691905021667 0.976684093475342 0.942890226840973 0.886624097824097 0.776622712612152 0.634999215602875 0.435538113117218 0.316032916307449 0.206023275852203 0.153959557414055 0.11357257515192 0.0737099424004555 0.0310291536152363 0.00881653092801571 0.00750313699245453 0.00588122615590692 0.00514974072575569 0.00351493922062218 0.00261794473044574 0.00174825370777398
0.792504847049713 0.850597620010376 0.902370572090149 0.956504583358765 0.978875815868378 0.986330926418304 0.97370582818985 0.943815290927887 0.874022662639618 0.753476619720459 0.617234826087952 0.465731412172318 0.355960369110107 0.286904871463776 0.208352833986282 0.162270173430443 0.0962563380599022 0.0494187064468861 0.0174025967717171 0.00968887936323881 0.0079063456505537 0.00466427067294717 0.00341694499365985 0.00228981929831207 0.00175287202000618
0.785135686397552 0.837420642375946 0.914504170417786 0.960795760154724 0.983913540840149 0.983970165252686 0.960327208042145 0.922979414463043 0.875320374965668 0.79575502872467 0.669219136238098 0.515094816684723 0.402763217687607 0.317626059055328 0.225722029805183 0.176814690232277 0.112464882433414 0.0762326419353485 0.0386771894991398 0.0184169784188271 0.00851199496537447 0.00428659096360207 0.00335202575661242 0.00287713366560638 0.0025153027381748
0.790470838546753 0.823258340358734 0.903471887111664 0.954621016979218 0.979240775108337 0.977095246315002 0.947864830493927 0.906369924545288 0.842129051685333 0.755186140537262 0.629100441932678 0.53981614112854 0.426934689283371 0.304873287677765 0.232611030340195 0.1721460968256 0.0951931178569794 0.0497967079281807 0.027431458234787 0.0209812987595797 0.00765029853209853 0.00480582937598228 0.00399967702105641 0.00402082689106464 0.00320003274828196
0.783561229705811 0.817264080047607 0.891464173793793 0.946426808834076 0.972955226898193 0.972891330718994 0.944778621196747 0.899693965911865 0.825437605381012 0.704818725585938 0.591529607772827 0.454254388809204 0.34021720290184 0.249426826834679 0.164794474840164 0.125241473317146 0.104091860353947 0.0406413525342941 0.010873394086957 0.0115349385887384 0.00911233574151993 0.00789279490709305 0.00684146443381906 0.00492175249382854 0.00440962798893452
0.740631282329559 0.817587494850159 0.883972644805908 0.93377161026001 0.964921116828918 0.960209250450134 0.922843456268311 0.8836350440979 0.774447798728943 0.677464067935944 0.535422801971436 0.417202055454254 0.300747245550156 0.227217704057693 0.167331039905548 0.131442055106163 0.100143074989319 0.0385230034589767 0.0143233798444271 0.00714843487367034 0.00744589231908321 0.0101527441293001 0.00749900005757809 0.00585106341168284 0.00515669723972678
0.736345589160919 0.805901288986206 0.87214982509613 0.928141295909882 0.959131181240082 0.956654250621796 0.924025416374207 0.859110057353973 0.924692988395691 0.816413938999176 0.518885672092438 0.393200635910034 0.308632969856262 0.246273577213287 0.209153667092323 0.148580387234688 0.0799994543194771 0.0400362648069859 0.0143549786880612 0.0127900876104832 0.0177625268697739 0.00962785817682743 0.00811851024627686 0.00724802212789655 0.00671844277530909
0.735085368156433 0.806540369987488 0.870191812515259 0.919036865234375 0.95242178440094 0.94818103313446 0.982944309711456 0.96997594833374 0.91241055727005 0.817630648612976 0.702188849449158 0.58035796880722 0.302999287843704 0.283177524805069 0.231607273221016 0.168620198965073 0.0712945535778999 0.0389787442982197 0.0204355269670486 0.0320191271603107 0.0229715425521135 0.010899837128818 0.00824195798486471 0.00858097616583109 0.00894198473542929
0.743831515312195 0.799444615840912 0.861461460590363 0.802677631378174 0.950978934764862 0.993247926235199 0.985956072807312 0.962344110012054 0.888001561164856 0.813831567764282 0.695877552032471 0.553514719009399 0.459671944379807 0.265064895153046 0.271517634391785 0.202420487999916 0.130601435899734 0.0579007230699062 0.0600607953965664 0.0462612397968769 0.0236989576369524 0.0133584979921579 0.0101081496104598 0.0100090643391013 0.00967840943485498
0.736765384674072 0.795357644557953 0.858146071434021 0.761755347251892 0.930375993251801 0.99065887928009 0.984212398529053 0.954050719738007 0.907337546348572 0.808701634407043 0.705807745456696 0.592347085475922 0.53456723690033 0.363851606845856 0.317082077264786 0.226435527205467 0.153265863656998 0.0900207683444023 0.0578958764672279 0.0313523896038532 0.0230599511414766 0.0156078189611435 0.0136135052889585 0.012470880523324 0.0115986550226808
0.742997646331787 0.7542365193367 0.852051734924316 0.760899066925049 0.920962452888489 0.98994106054306 0.977591395378113 0.945834338665009 0.922892689704895 0.849256753921509 0.733153700828552 0.621575534343719 0.642745971679688 0.427131026983261 0.346599549055099 0.246145725250244 0.175249651074409 0.181856572628021 0.0714212879538536 0.0251139346510172 0.0205503348261118 0.0142183788120747 0.0167236793786287 0.0154639035463333 0.0134147368371487
-3.4e+38 0.758301794528961 0.807512104511261 0.755474746227264 0.916548669338226 0.988337576389313 0.975532114505768 0.955341041088104 0.932214140892029 0.894672214984894 0.808452129364014 0.775627553462982 0.705058872699738 0.585797309875488 0.500977754592896 0.406309574842453 0.282748252153397 0.206439569592476 0.114986680448055 0.0304996967315674 0.0221932884305716 0.0174273494631052 0.0175910983234644 0.0166585557162762 0.0162280350923538
-3.4e+38 -3.4e+38 0.805711686611176 0.757040917873383 0.910769939422607 0.988513052463531 0.971985995769501 0.954900443553925 0.917785704135895 0.886196732521057 0.805635035037994 0.699247121810913 0.596043944358826 0.480479210615158 0.449196755886078 0.335222214460373 0.165808722376823 0.12886880338192 0.0825271606445312 0.0359860435128212 0.0232045948505402 0.0235415268689394 0.0190703608095646 0.0176131147891283 0.0161845926195383
-3.4e+38 -3.4e+38 0.804315567016602 0.71734094619751 0.90677672624588 0.991375625133514 0.973592042922974 0.949443757534027 0.894613802433014 0.843726813793182 0.745970368385315 0.649355292320251 0.515846252441406 0.405955046415329 0.321412831544876 0.311631262302399 0.244117811322212 0.146023601293564 0.0571934245526791 0.0503114350140095 0.0354059748351574 0.0231815874576569 0.0232465974986553 0.0318294987082481 0.016474487259984
-3.4e+38 -3.4e+38 0.804188430309296 0.711114704608917 0.871949732303619 0.98976719379425 0.972835004329681 0.941496789455414 0.888179302215576 0.809690177440643 0.704862833023071 0.589147806167603 0.47901314496994 0.389160960912704 0.317855685949326 0.281896263360977 0.251301318407059 0.214458137750626 0.0810291096568108 0.0689373090863228 0.052357841283083 0.0318042524158955 0.0193628873676062 0.0270445793867111 0.0269002057611942
-3.4e+38 -3.4e+38 -3.4e+38 0.702279031276703 0.8658846616745 0.9901984333992 0.968787789344788 0.940694391727448 0.872347950935364 0.792694747447968 0.708368718624115 0.577165365219116 0.466165095567703 0.397426635026932 0.394667059183121 0.272317081689835 0.217393830418587 0.155874252319336 0.0811773836612701 0.0769340321421623 0.0829399824142456 0.0318640060722828 0.0234376452863216 0.0179863348603249 0.0244434401392937
-3.4e+38 -3.4e+38 -3.4e+38 0.825396239757538 0.864185631275177 0.989911198616028 0.971619606018066 0.937643945217133 0.87462043762207 0.804228067398071 0.717369318008423 0.592774629592896 0.506656169891357 0.414922088384628 0.283695012331009 0.329143017530441 0.230929583311081 0.16295699775219 0.113213405013084 0.106383457779884 0.103212803602219 0.0698146671056747 0.044246718287468 0.0163814090192318 0.020116975530982
-3.4e+38 -3.4e+38 0.60039210319519 0.653490781784058 0.861834228038788 0.987982392311096 0.970317482948303 0.933477699756622 0.877626895904541 0.799590408802032 0.738090455532074 0.629636228084564 0.541530609130859 0.443504184484482 0.26468226313591 0.314450234174728 0.284938842058182 0.228261038661003 0.198814496397972 0.145034775137901 0.0913147330284119 0.0473219938576221 0.0362247601151466 0.015649126842618 0.0170474592596292
-3.4e+38 -3.4e+38 0.603088855743408 0.773987591266632 0.822643995285034 0.987001061439514 0.984085440635681 0.951496183872223 0.889582216739655 0.805386662483215 0.73041969537735 0.498622477054596 0.428869754076004 0.279267489910126 0.211730018258095 0.229495510458946 0.176278829574585 0.227643206715584 0.156287476420403 0.143192633986473 0.0937841311097145 0.063769593834877 0.0396317280828953 0.0192820876836777 0.0140251154080033
-3.4e+38 -3.4e+38 0.60532808303833 0.596522271633148 0.778415679931641 0.985539138317108 0.98086142539978 0.958646535873413 0.905329048633575 0.820936977863312 0.644629895687103 0.575720012187958 0.561823189258575 0.344137698411942 0.299827069044113 0.213408678770065 0.255644947290421 0.235665574669838 0.148850932717323 0.111828364431858 0.087178498506546 0.0589320547878742 0.0397783815860748 0.0201064422726631 0.0147457318380475
-3.4e+38 -3.4e+38 -3.4e+38 0.602942824363708 0.774354100227356 0.963780879974365 0.98051643371582 0.942270994186401 0.830013334751129 0.754048049449921 0.634382486343384 0.591321766376495 0.396023869514465 0.403397679328918 0.355009496212006 0.218223884701729 0.255742639303207 0.204828277230263 0.149375140666962 0.118496924638748 0.0752265304327011 0.0421446077525616 0.0378714241087437 0.0215378571301699 0.012926566414535
-3.4e+38 -3.4e+38 -3.4e+38 0.59779167175293 0.774991750717163 0.945142686367035 0.978824138641357 0.954791367053986 0.86630916595459 0.757116138935089 0.628640413284302 0.508092820644379 0.470881760120392 0.356237769126892 0.367159634828568 0.253215461969376 0.206711038947105 0.218138068914413 0.152846083045006 0.0659329518675804 0.05402996763587 0.0285176280885935 0.0255245231091976 0.0114214280620217 0.00819392874836922
-3.4e+38 -3.4e+38 -3.4e+38 0.718969881534576 0.767237961292267 0.942783236503601 0.948175847530365 0.954703152179718 0.870698809623718 0.693804860115051 0.672542989253998 0.537807166576385 0.477806270122528 0.456820666790009 0.394382894039154 0.29101774096489 0.293859273195267 0.253426283597946 0.115395605564117 0.0623203776776791 0.0343365482985973 0.0281385332345963 0.0134747652336955 0.00856095273047686 0.00587733834981918
-339999999999999996123846586046231871488.000000000000000 -3.4e+38 -3.4e+38 0.718960702419281 0.765815377235413 0.920022428035736 0.960996866226196 0.950945556163788 0.888064205646515 0.712688803672791 0.69038200378418 0.610005915164948 0.535488426685333 0.491974979639053 0.346783965826035 0.314080417156219 0.208530813455582 0.209322929382324 0.142936512827873 0.0885420218110085 0.0565370544791222 0.0324211753904819 0.0157278757542372 0.00622675148770213 0.00631300639361143
-3.4e+38 -3.4e+38 -3.4e+38 0.676512539386749 0.764489352703094 0.917367041110992 0.940272450447083 0.959498167037964 0.912656247615814 0.768759548664093 0.652746975421906 0.640025556087494 0.523789405822754 0.451274424791336 0.399624973535538 0.300422102212906 0.316163003444672 0.217744737863541 0.166964963078499 0.115665569901466 0.050466924905777 0.0303577426820993 0.0172927044332027 0.00679519353434443 0.00587501004338264
-3.4e+38 -3.4e+38 -3.4e+38 0.673513233661652 0.712750911712646 0.913234829902649 0.93860650062561 0.93823117017746 0.86622542142868 0.787818610668182 0.687774360179901 0.557954788208008 0.539803564548492 0.460481494665146 0.339826941490173 0.389980465173721 0.226542547345161 0.230932250618935 0.168373435735703 0.10042192786932 0.0492604970932007 0.0269385576248169 0.0112219545990229 0.00707996590062976 0.00539129134267569
