data/climate_estimation/maxent_output/Iphigenia_oliveri.asc
NCOLS 357 
NROWS 509 
XLLCORNER 16.9166666666667 
YLLCORNER -27.9166666666667 
CELLSIZE 0.0833333333333333 
NODATA_value -3.4e+38 
[rows 483 to 503 of 509, columns 96 to 143 of 357]
0.601291060447693 0.60575920343399 0.603135704994202 0.603513360023499 0.60750937461853 0.610337138175964 0.648270130157471 0.669873893260956 0.692409873008728 0.70684814453125 0.711384356021881 0.692354619503021 0.715582549571991 0.736592710018158 0.731398463249207 0.733797669410706 0.739098489284515 0.744702935218811 0.721389293670654 0.724680781364441 0.722773909568787 0.704242825508118 0.706542491912842 0.693807363510132 0.699605524539948 0.693114399909973 0.681455433368683 0.694146990776062 0.702237904071808 0.698579967021942 0.694576501846313 0.661956429481506 0.655393481254578 0.613253057003021 0.607879459857941 0.656666040420532 0.688701272010803 0.732118844985962 0.78582352399826 0.77591347694397 0.771198213100433 0.746289849281311 0.718763887882233 0.733411967754364 0.738602757453918 0.759545087814331 0.769055187702179 0.776135265827179
0.58821713924408 0.585246086120605 0.611063659191132 0.606100082397461 0.628451466560364 0.629575669765472 0.650104224681854 0.665412306785583 0.697679340839386 0.703192472457886 0.703811287879944 0.716618299484253 0.723889648914337 0.731448888778687 0.758638143539429 0.750374138355255 0.736981749534607 0.733947336673737 0.740507423877716 0.721438050270081 0.70597642660141 0.701455771923065 0.695947885513306 0.69293749332428 0.689994633197784 0.676076114177704 0.682702898979187 0.666670322418213 0.686354339122772 0.702412903308868 0.702290832996368 0.692434430122375 0.598009824752808 0.645633399486542 0.68949818611145 0.684986591339111 0.668382704257965 0.776492834091187 0.809818744659424 0.800069451332092 0.734787106513977 0.699380159378052 0.689207255840302 0.713121116161346 0.724962770938873 0.745618045330048 0.752209186553955 0.768382608890533
0.57244610786438 0.573671877384186 0.579985737800598 0.57973849773407 0.614283382892609 0.62273907661438 0.641009747982025 0.662484884262085 0.681012094020844 0.693398654460907 0.717352867126465 0.71770840883255 0.750290513038635 0.757602453231812 0.756219089031219 0.755827009677887 0.741653144359589 0.731682300567627 0.723669230937958 0.721711874008179 0.689215302467346 0.698147714138031 0.690508246421814 0.686311781406403 0.688926041126251 0.676873803138733 0.677598476409912 0.687830090522766 0.67450875043869 0.683325529098511 0.666833102703094 0.649095237255096 0.697424232959747 0.719858944416046 0.709688067436218 0.66950523853302 0.695069253444672 0.777326226234436 0.83801680803299 0.828382909297943 0.756817042827606 0.713032007217407 0.719598114490509 0.72117155790329 0.720623791217804 0.732997059822083 0.743815660476685 0.750170171260834
0.541235387325287 0.55771791934967 0.57255220413208 0.576413750648499 0.580993115901947 0.628447771072388 0.641291975975037 0.656941175460815 0.685721337795258 0.69023734331131 0.708363115787506 0.733754634857178 0.748509883880615 0.762018144130707 0.776110410690308 0.771972000598907 0.762890160083771 0.724034368991852 0.710333406925201 0.703360676765442 0.681973457336426 0.662051200866699 0.662223637104034 0.665281772613525 0.655245840549469 0.666255533695221 0.648601114749908 0.656377196311951 0.66416072845459 0.684102892875671 0.680772602558136 0.672774851322174 0.695914447307587 0.704825520515442 0.726352691650391 0.733239591121674 0.751089453697205 0.797588765621185 0.835171699523926 0.857399225234985 0.804699838161469 0.789097845554352 0.757189631462097 0.737597525119781 0.737358152866364 0.731005370616913 0.747088313102722 0.754709184169769
0.529611825942993 0.542870998382568 0.532911419868469 0.567633390426636 0.58077472448349 0.611842095851898 0.639149188995361 0.63700795173645 0.673740923404694 0.679438054561615 0.686551868915558 0.71906566619873 0.747616469860077 0.764633536338806 0.788305938243866 0.774844765663147 0.75829154253006 0.731996655464172 0.707270920276642 0.707682728767395 0.665889322757721 0.654945731163025 0.641245603561401 0.639116942882538 0.634215891361237 0.658227503299713 0.641735672950745 0.628114223480225 0.645125508308411 0.635464072227478 0.64390903711319 0.654199123382568 0.67043125629425 0.730597853660583 0.766549587249756 0.772303462028503 0.798309862613678 0.841251254081726 0.859044313430786 0.894303619861603 0.864557325839996 0.818474233150482 0.775315225124359 0.758824944496155 0.749267101287842 0.74977046251297 0.754141807556152 0.775509774684906
0.512437582015991 0.52673602104187 0.532278656959534 0.547688901424408 0.570391476154327 0.588567137718201 0.616288304328918 0.629217207431793 0.648813307285309 0.680104076862335 0.689567983150482 0.710123717784882 0.733719348907471 0.746174216270447 0.770610451698303 0.76335883140564 0.741206109523773 0.719618082046509 0.709558427333832 0.680883049964905 0.650382041931152 0.629306852817535 0.618050158023834 0.619660437107086 0.62537008523941 0.631044566631317 0.615888357162476 0.623939275741577 0.63253927230835 0.634182333946228 0.626413762569427 0.629280209541321 0.664483726024628 0.654217004776001 0.664981305599213 0.729557871818542 0.825513541698456 0.850398898124695 0.880098342895508 0.882161915302277 0.85650223493576 0.801874697208405 0.756265103816986 0.760406076908112 0.745745599269867 0.750653982162476 0.755247235298157 0.757147192955017
0.481701701879501 0.497668325901031 0.51193368434906 0.50469046831131 0.537293612957001 0.568755328655243 0.599612891674042 0.617321789264679 0.63462245464325 0.648318588733673 0.665020227432251 0.695336103439331 0.715515494346619 0.723639667034149 0.740106403827667 0.734990954399109 0.715424239635468 0.710927367210388 0.670765697956085 0.66060209274292 0.643034100532532 0.602973282337189 0.603261888027191 0.595489144325256 0.609995722770691 0.604401588439941 0.604739248752594 0.612472414970398 0.617466628551483 0.607008934020996 0.60268634557724 0.601067960262299 0.59454071521759 0.559197604656219 0.549094140529633 0.61067134141922 0.720630168914795 0.747326135635376 0.750085055828094 0.760032117366791 0.765710830688477 0.773037493228912 0.740904748439789 0.730462253093719 0.764937996864319 0.762346744537354 0.76211017370224 0.755513191223145
0.457674533128738 0.482775181531906 0.486015528440475 0.504858434200287 0.524568498134613 0.555397689342499 0.57957124710083 0.589424252510071 0.617113590240479 0.629186511039734 0.640924274921417 0.650729477405548 0.67374861240387 0.686908960342407 0.710024118423462 0.696920037269592 0.690529584884644 0.691768884658813 0.655732989311218 0.641121029853821 0.629293322563171 0.593816041946411 0.581582486629486 0.577475607395172 0.604693949222565 0.611911952495575 0.592416167259216 0.605577766895294 0.6128169298172 0.608855545520782 0.597088277339935 0.608224093914032 0.600295662879944 0.569983422756195 0.541883587837219 0.564536452293396 0.615415871143341 0.614678740501404 0.632359623908997 0.649904906749725 0.677843451499939 0.692566573619843 0.693483710289001 0.718171775341034 0.75644588470459 0.774523437023163 0.789645493030548 0.784722626209259
0.454545587301254 0.462474703788757 0.466317296028137 0.496372610330582 0.504948854446411 0.523584365844727 0.569387018680573 0.561041712760925 0.567556917667389 0.603813946247101 0.611635863780975 0.637846529483795 0.645909905433655 0.674104630947113 0.670671403408051 0.676393270492554 0.669431149959564 0.67265373468399 0.646515250205994 0.63246077299118 0.614656686782837 0.597792387008667 0.599588692188263 0.590632677078247 0.598693013191223 0.599967896938324 0.594700634479523 0.612732589244843 0.613744735717773 0.597434520721436 0.610208988189697 0.594683766365051 0.594374299049377 0.584175646305084 0.586815774440765 0.582491993904114 0.590375006198883 0.563179969787598 0.570952773094177 0.632760226726532 0.65201061964035 0.617591321468353 0.65776801109314 0.735896348953247 0.752121686935425 0.766862511634827 0.788673639297485 0.802254259586334
0.427969425916672 0.450192511081696 0.45299106836319 0.455135196447372 0.484155476093292 0.510742783546448 0.517127275466919 0.532803535461426 0.554421424865723 0.587599158287048 0.599424779415131 0.615362942218781 0.633085250854492 0.616560220718384 0.625680923461914 0.659567534923553 0.654818832874298 0.655601322650909 0.646515250205994 0.626000285148621 0.624513506889343 0.605538129806519 0.596703946590424 0.582352995872498 0.593048334121704 0.600010275840759 0.607791244983673 0.614266753196716 0.593496263027191 0.591399133205414 0.604747116565704 0.605160534381866 0.609844028949738 0.605607628822327 0.591605007648468 0.583795428276062 0.569848239421844 0.542892038822174 0.548495411872864 0.621197879314423 0.586003243923187 0.584306418895721 0.676845490932465 0.729419529438019 0.755097270011902 0.795198976993561 0.798793971538544 0.792045116424561
0.385212510824203 0.410997718572617 0.407364368438721 0.433530688285828 0.427680790424347 0.454320400953293 0.477604061365128 0.499623358249664 0.524639010429382 0.561730980873108 0.580132484436035 0.60826575756073 0.593824744224548 0.609125733375549 0.621421217918396 0.639574110507965 0.641993522644043 0.633577704429626 0.637661695480347 0.631446897983551 0.623243391513824 0.611276566982269 0.591337978839874 0.598211467266083 0.607418060302734 0.60537451505661 0.614105641841888 0.601059198379517 0.587002456188202 0.591510057449341 0.609808743000031 0.621422171592712 0.639634311199188 0.641952633857727 0.65660548210144 0.624164223670959 0.541649460792542 0.539368808269501 0.548508822917938 0.537640392780304 0.555785298347473 0.598262786865234 0.670102059841156 0.710302650928497 0.766791105270386 0.818163216114044 0.821562230587006 0.800761163234711
0.35665574669838 0.357630848884583 0.366342931985855 0.401000887155533 0.422494828701019 0.433870702981949 0.460692226886749 0.46489217877388 0.491713434457779 0.543556571006775 0.57285487651825 0.596742868423462 0.607493698596954 0.62470418214798 0.606996119022369 0.634764909744263 0.640924155712128 0.643703639507294 0.630688309669495 0.627192437648773 0.619967818260193 0.603902280330658 0.590523183345795 0.599939703941345 0.604873776435852 0.611474394798279 0.614994645118713 0.602443337440491 0.613839983940125 0.595613062381744 0.616659343242645 0.627317011356354 0.6540806889534 0.658265948295593 0.670745611190796 0.630911648273468 0.572878062725067 0.552544593811035 0.538654923439026 0.556455969810486 0.565182268619537 0.594327926635742 0.645956575870514 0.716444373130798 0.772734344005585 0.814815104007721 0.825362622737885 0.810667991638184
0.321074873209 0.333097010850906 0.342735528945923 0.361172407865524 0.381402015686035 0.388104766607285 0.426336377859116 0.445866376161575 0.492901235818863 0.526717245578766 0.557967901229858 0.587973237037659 0.627137780189514 0.642537236213684 0.630198895931244 0.632017433643341 0.640206158161163 0.623764336109161 0.626018166542053 0.617887914180756 0.581173896789551 0.589367210865021 0.576004087924957 0.589770793914795 0.593949496746063 0.604029715061188 0.610097825527191 0.596179306507111 0.60746830701828 0.607113897800446 0.619391143321991 0.61939412355423 0.630903899669647 0.64191335439682 0.651191353797913 0.623972296714783 0.587086737155914 0.570575535297394 0.554323315620422 0.566605269908905 0.568659484386444 0.605137825012207 0.661488175392151 0.700060188770294 0.748202443122864 0.796099722385406 0.798742175102234 0.774592816829681
0.299004286527634 0.305312663316727 0.310412287712097 0.320835143327713 0.345909714698792 0.355605363845825 0.384255975484848 0.422173053026199 0.469692051410675 0.505854785442352 0.551705062389374 0.578894376754761 0.615663111209869 0.620253026485443 0.620566010475159 0.61414510011673 0.615156590938568 0.624993622303009 0.597367465496063 0.594554603099823 0.578173160552979 0.567663848400116 0.544663429260254 0.554189622402191 0.567003190517426 0.570160388946533 0.577849924564362 0.58484411239624 0.591527700424194 0.579210758209229 0.57340669631958 0.622076094150543 0.630071103572845 0.623508155345917 0.625933229923248 0.626762986183167 0.592280805110931 0.570997834205627 0.546441197395325 0.54993999004364 0.557328581809998 0.590642631053925 0.62891560792923 0.676325738430023 0.726382195949554 0.762800574302673 0.761354565620422 0.74591475725174
0.271038442850113 0.288319855928421 0.276231318712234 0.286191254854202 0.319318622350693 0.326220005750656 0.347174972295761 0.40406334400177 0.444610178470612 0.491024941205978 0.51852947473526 0.557701408863068 0.596491694450378 0.616781413555145 0.601357042789459 0.605267107486725 0.588727235794067 0.586335182189941 0.569838345050812 0.555208683013916 0.523834049701691 0.525727033615112 0.496443122625351 0.5080526471138 0.526120126247406 0.543096542358398 0.56421035528183 0.562212944030762 0.570618450641632 0.566692292690277 0.57550036907196 0.590912342071533 0.621481895446777 0.602933585643768 0.606180489063263 0.605666756629944 0.587834239006042 0.558976709842682 0.543921649456024 0.533660531044006 0.550464451313019 0.565133392810822 0.587066769599915 0.641867339611053 0.655531644821167 0.709786593914032 0.724121749401093 0.711664438247681
0.263016134500504 0.263600796461105 0.267476469278336 0.268880397081375 0.280777633190155 0.283568382263184 0.315536022186279 0.375953942537308 0.407381802797318 0.45827254652977 0.486624509096146 0.520328342914581 0.544640183448792 0.582826972007751 0.575306594371796 0.56957882642746 0.55822879076004 0.542953372001648 0.514167904853821 0.483686119318008 0.452411830425262 0.444145858287811 0.441015094518661 0.467680871486664 0.47405868768692 0.517224967479706 0.523939728736877 0.541961431503296 0.561352372169495 0.567927598953247 0.565665304660797 0.565107882022858 0.585002839565277 0.611582577228546 0.603285074234009 0.606058657169342 0.580104470252991 0.577236890792847 0.542716085910797 0.539133191108704 0.534072577953339 0.552121460437775 0.577506005764008 0.58722722530365 0.630749940872192 0.658436834812164 0.692104399204254 0.695083558559418
0.252768188714981 0.277571260929108 0.275400310754776 0.264229267835617 0.262366443872452 0.258154153823853 0.311150789260864 0.34565457701683 0.394764631986618 0.445082098245621 0.467892110347748 0.507554233074188 0.508445501327515 0.555600583553314 0.551020860671997 0.547558128833771 0.522421598434448 0.513206660747528 0.46129983663559 0.434088110923767 0.394911050796509 0.396983832120895 0.403493940830231 0.407905042171478 0.429829239845276 0.463912725448608 0.494909226894379 0.525808036327362 0.552212953567505 0.52963662147522 0.568474590778351 0.564818680286407 0.574232637882233 0.583156824111938 0.586573481559753 0.592771232128143 0.583269655704498 0.564680218696594 0.546539723873138 0.537382483482361 0.53536468744278 0.519427895545959 0.540551126003265 0.556024014949799 0.58637398481369 0.622241258621216 0.668420493602753 0.676746606826782
0.291616857051849 0.261854469776154 0.257903665304184 0.235899820923805 0.239440649747849 0.266505032777786 0.296269208192825 0.343329519033432 0.379019618034363 0.404812544584274 0.43507045507431 0.46516489982605 0.499156147241592 0.519477903842926 0.528414249420166 0.520102083683014 0.514034867286682 0.490829825401306 0.431085586547852 0.372083187103271 0.302509427070618 0.298696577548981 0.332473516464233 0.364234328269958 0.396916896104813 0.441915988922119 0.476218700408936 0.49923712015152 0.496094256639481 0.51256251335144 0.537433981895447 0.529416024684906 0.547268807888031 0.556438744068146 0.565677165985107 0.56388396024704 0.566167235374451 0.562616050243378 0.541938602924347 0.529118835926056 0.52400279045105 0.500889301300049 0.503010451793671 0.528838098049164 0.563303649425507 0.609046638011932 0.64160680770874 0.652604103088379
0.231378778815269 0.275407403707504 0.250344514846802 0.252113103866577 0.248755887150764 0.284677088260651 0.299077093601227 0.328374922275543 0.371785253286362 0.393774121999741 0.420931875705719 0.450981765985489 0.481722176074982 0.498117029666901 0.506095409393311 0.517468631267548 0.495954066514969 0.491025745868683 0.419674515724182 0.311384350061417 0.234362751245499 0.24213644862175 0.274588108062744 0.34164422750473 0.383287698030472 0.426822364330292 0.451194792985916 0.468292593955994 0.500678241252899 0.51939731836319 0.527798533439636 0.540825605392456 0.537985980510712 0.534497559070587 0.540677189826965 0.555191814899445 0.574007987976074 0.552158534526825 0.530193984508514 0.52486252784729 0.518404304981232 0.488466620445251 0.479767143726349 0.508196413516998 0.548110485076904 0.584240674972534 0.622069358825684 0.651832342147827
0.229851841926575 0.285876274108887 0.278759211301804 0.285834819078445 0.287556111812592 0.279852390289307 0.305363476276398 0.333573192358017 0.362889438867569 0.400062084197998 0.410725861787796 0.430517703294754 0.449191480875015 0.470781594514847 0.507404506206512 0.49429515004158 0.498540043830872 0.485055655241013 0.444232851266861 0.300331741571426 0.167341932654381 0.195768520236015 0.27410688996315 0.329813212156296 0.374593287706375 0.414489895105362 0.451042532920837 0.491722881793976 0.491612911224365 0.512626111507416 0.516792118549347 0.525035679340363 0.554238200187683 0.562673926353455 0.548817813396454 0.551783740520477 0.559331953525543 0.529461145401001 0.521660149097443 0.519309461116791 0.497535675764084 0.513906478881836 0.495942980051041 0.494845241308212 0.528275430202484 0.570024907588959 0.602096319198608 0.647611677646637
0.232464820146561 0.226313576102257 0.288614839315414 0.291330337524414 0.291909128427505 0.296409040689468 0.304098755121231 0.33165517449379 0.364348858594894 0.390237867832184 0.407382965087891 0.430245846509933 0.447635173797607 0.469846189022064 0.486414462327957 0.489967972040176 0.483473122119904 0.491065561771393 0.455634027719498 0.334549397230148 0.240172401070595 0.241419613361359 0.3064806163311 0.339349269866943 0.369875758886337 0.407908976078033 0.451163500547409 0.48836413025856 0.499203562736511 0.501407325267792 0.509352803230286 0.52698028087616 0.53501957654953 0.553060710430145 0.539723038673401 0.520050525665283 0.523794829845428 0.534059464931488 0.517265021800995 0.510546743869781 0.50507926940918 0.50146073102951 0.496792554855347 0.51196551322937 0.534424245357513 0.5551398396492 0.591525793075562 0.637159943580627
