data/climate_estimation/maxent_output/Iphigenia_oliveri.asc
NCOLS 357 
NROWS 509 
XLLCORNER 16.9166666666667 
YLLCORNER -27.9166666666667 
CELLSIZE 0.0833333333333333 
NODATA_value -3.4e+38 
[rows 126 to 146 of 509, columns 192 to 239 of 357]
0.17681123316288 0.32732093334198 0.343674272298813 0.370932072401047 0.392185270786285 0.43214276432991 0.46829617023468 0.517960846424103 0.571011066436768 0.602342128753662 0.622567355632782 0.618889808654785 0.584114074707031 0.552603185176849 0.518490850925446 0.468643993139267 0.443957298994064 0.4391730427742 0.525224626064301 0.380193769931793 0.321939945220947 0.291482597589493 0.270042151212692 0.253620833158493 0.23406046628952 0.313842177391052 0.288000762462616 0.266132265329361 0.253542602062225 0.252637922763824 0.275171369314194 0.290867447853088 0.311604917049408 0.274589240550995 0.242647975683212 0.235001757740974 0.252049088478088 0.264748394489288 0.277005106210709 0.29406750202179 0.379728138446808 0.391191124916077 0.452743887901306 0.502910792827606 0.578967154026031 0.587310671806335 0.581362068653107 0.617056846618652
0.251140058040619 0.326195418834686 0.373660176992416 0.384893923997879 0.399037450551987 0.430859118700027 0.47110903263092 0.526236653327942 0.559003829956055 0.606226623058319 0.597375273704529 0.581844091415405 0.572733938694 0.557585418224335 0.547971487045288 0.528694152832031 0.488316118717194 0.432233244180679 0.394628494977951 0.358534246683121 0.312105923891068 0.296367764472961 0.265117108821869 0.257372617721558 0.245115384459496 0.274092853069305 0.299010992050171 0.268620759248734 0.250939846038818 0.261864274740219 0.263896435499191 0.270335227251053 0.258216381072998 0.250535160303116 0.228918418288231 0.224299281835556 0.249189332127571 0.24592462182045 0.266234666109085 0.326123952865601 0.369600027799606 0.38000625371933 0.443896234035492 0.534606575965881 0.57111132144928 0.563651084899902 0.594861268997192 0.591991007328033
0.332848250865936 0.356736481189728 0.376852571964264 0.376137971878052 0.411290645599365 0.433376729488373 0.43208971619606 0.432386666536331 0.529302716255188 0.540922284126282 0.500573754310608 0.497139066457748 0.498682141304016 0.476396381855011 0.547180771827698 0.528089761734009 0.483834713697433 0.441300600767136 0.393048018217087 0.354201942682266 0.316821187734604 0.293123781681061 0.275043338537216 0.261666804552078 0.251845419406891 0.359927207231522 0.327942162752151 0.260535567998886 0.243912756443024 0.241476640105247 0.245820194482803 0.24189504981041 0.245663896203041 0.234121233224869 0.217207461595535 0.228791058063507 0.240789741277695 0.231170669198036 0.257561951875687 0.302403539419174 0.340457677841187 0.379879295825958 0.464227795600891 0.558835029602051 0.586692810058594 0.566709518432617 0.589282631874084 0.621766209602356
0.350697755813599 0.355412602424622 0.378351747989655 0.384803920984268 0.397390186786652 0.410502910614014 0.429314702749252 0.434432685375214 0.453688263893127 0.48142808675766 0.485969215631485 0.499603420495987 0.504846394062042 0.485711425542831 0.522046089172363 0.541028380393982 0.550159215927124 0.51534903049469 0.404426366090775 0.35823455452919 0.338145554065704 0.321034610271454 0.29186737537384 0.263087421655655 0.274109989404678 0.313656836748123 0.309494376182556 0.268323302268982 0.258074402809143 0.262438803911209 0.242262035608292 0.240174382925034 0.229213178157806 0.227378413081169 0.224183306097984 0.218445554375648 0.223734736442566 0.23484793305397 0.28830686211586 0.316554725170135 0.341492146253586 0.383319050073624 0.440223067998886 0.565092861652374 0.580140233039856 0.562174379825592 0.59453272819519 0.605667054653168
0.343162059783936 0.353992164134979 0.367701828479767 0.381503134965897 0.385936498641968 0.401283532381058 0.415259003639221 0.430238574743271 0.449662089347839 0.46275606751442 0.47683846950531 0.483975231647491 0.500198662281036 0.513466656208038 0.525015771389008 0.52570778131485 0.536263167858124 0.564352691173553 0.445241093635559 0.368934035301208 0.354697614908218 0.320534944534302 0.29070720076561 0.284145176410675 0.329450964927673 0.275393426418304 0.29079669713974 0.270688146352768 0.258175224065781 0.254164844751358 0.236233919858932 0.239513292908669 0.226329505443573 0.22075030207634 0.208794862031937 0.201606646180153 0.215518653392792 0.225605875253677 0.244415104389191 0.326802164316177 0.343918561935425 0.399550527334213 0.4547498524189 0.571369349956512 0.591512560844421 0.583088934421539 0.575995087623596 0.584797263145447
0.357214957475662 0.358454793691635 0.380360156297684 0.384306639432907 0.390272974967957 0.393046051263809 0.407650947570801 0.416488170623779 0.424761444330215 0.448239207267761 0.456677377223969 0.470547258853912 0.490612328052521 0.492553979158401 0.523971021175385 0.516581892967224 0.536431968212128 0.543612003326416 0.455373406410217 0.382786452770233 0.361352294683456 0.326063424348831 0.295925199985504 0.288877069950104 0.314974069595337 0.255007177591324 0.227729633450508 0.277743935585022 0.274587094783783 0.231879562139511 0.223652511835098 0.210272565484047 0.20293340086937 0.203403234481812 0.193962186574936 0.196410834789276 0.213392660021782 0.227040588855743 0.239190131425858 0.33694913983345 0.382339745759964 0.413790374994278 0.463609725236893 0.535508215427399 0.558900952339172 0.551401972770691 0.558001756668091 0.546023964881897
0.352218210697174 0.368681013584137 0.369851291179657 0.374468296766281 0.375484853982925 0.37954106926918 0.383284658193588 0.39802622795105 0.410593748092651 0.419774323701859 0.447072863578796 0.458878576755524 0.475989311933517 0.482840329408646 0.508507788181305 0.517535626888275 0.518137872219086 0.541180372238159 0.451040983200073 0.405015379190445 0.411697626113892 0.350788503885269 0.313396275043488 0.316039800643921 0.349557727575302 0.271656453609467 0.234829843044281 0.276042550802231 0.291499614715576 0.2285977602005 0.204734161496162 0.199128031730652 0.188561335206032 0.185411348938942 0.194818943738937 0.187899485230446 0.203690156340599 0.215063288807869 0.230642557144165 0.292610049247742 0.374754071235657 0.404752731323242 0.436200708150864 0.521450996398926 0.542915165424347 0.560359477996826 0.545157492160797 0.528634250164032
0.351363003253937 0.363199025392532 0.370709091424942 0.366004437208176 0.361157417297363 0.371284186840057 0.365389615297318 0.382060497999191 0.389756292104721 0.406126439571381 0.425156980752945 0.438720792531967 0.461096733808517 0.487318992614746 0.486982375383377 0.502535700798035 0.51824539899826 0.532763242721558 0.450101643800735 0.411838889122009 0.396027207374573 0.358668178319931 0.32897475361824 0.345248997211456 0.37053257226944 0.259152948856354 0.234744384884834 0.256675362586975 0.244614973664284 0.220507264137268 0.204261839389801 0.19473771750927 0.183450520038605 0.192345216870308 0.204707562923431 0.190063416957855 0.193400800228119 0.208785846829414 0.228435203433037 0.299248665571213 0.335641205310822 0.370847314596176 0.446368813514709 0.506793797016144 0.545731127262115 0.544616639614105 0.519742608070374 0.509915292263031
0.335545808076859 0.354410499334335 0.353152632713318 0.359206914901733 0.347332686185837 0.353690773248672 0.35736757516861 0.355734646320343 0.360742151737213 0.37615168094635 0.412867307662964 0.431081503629684 0.451773762702942 0.464834064245224 0.479317605495453 0.495860725641251 0.505264222621918 0.522324860095978 0.464579641819 0.410434156656265 0.376646012067795 0.361240297555923 0.375036269426346 0.461397647857666 0.46232858300209 0.278592556715012 0.237952396273613 0.252740114927292 0.218403518199921 0.20713996887207 0.194495901465416 0.198528647422791 0.18105936050415 0.188187152147293 0.188463881611824 0.19744473695755 0.201472923159599 0.202822774648666 0.209525868296623 0.269537359476089 0.319734662771225 0.369141280651093 0.4217649102211 0.477609157562256 0.526402711868286 0.546536564826965 0.525981068611145 0.535473644733429
0.316412091255188 0.33656707406044 0.350719660520554 0.34477162361145 0.331941574811935 0.327403098344803 0.320540904998779 0.326856523752213 0.343981087207794 0.36458820104599 0.394779622554779 0.409588605165482 0.437756359577179 0.45376318693161 0.462573498487473 0.476374089717865 0.486926317214966 0.506861388683319 0.474042445421219 0.428212434053421 0.378456920385361 0.359026551246643 0.400065511465073 0.472890466451645 0.502793550491333 0.409747660160065 0.26314702630043 0.235633105039597 0.211833938956261 0.201241567730904 0.187090620398521 0.20377516746521 0.181735679507256 0.17142990231514 0.180704027414322 0.192110791802406 0.209824815392494 0.204937383532524 0.210624724626541 0.268617033958435 0.302290737628937 0.351282566785812 0.425028920173645 0.466395020484924 0.510552108287811 0.529202461242676 0.520679593086243 0.499879211187363
0.311074644327164 0.320054978132248 0.334896057844162 0.330351531505585 0.313570141792297 0.302552133798599 0.31166398525238 0.311814069747925 0.318180203437805 0.336525917053223 0.375198811292648 0.406398624181747 0.432186603546143 0.439297944307327 0.442684829235077 0.458457767963409 0.478371024131775 0.491789430379868 0.49279722571373 0.466739475727081 0.408363699913025 0.391223132610321 0.450284957885742 0.501403450965881 0.54951673746109 0.55300509929657 0.323117643594742 0.241301909089088 0.227458700537682 0.203809186816216 0.179334655404091 0.173004478216171 0.172744110226631 0.177847266197205 0.191017776727676 0.182865917682648 0.215559870004654 0.215024501085281 0.262693971395493 0.277415543794632 0.305968463420868 0.324304640293121 0.402891993522644 0.477048009634018 0.492641985416412 0.531369149684906 0.512738883495331 0.488700687885284
0.290513157844543 0.296770960092545 0.312389105558395 0.312979847192764 0.310493230819702 0.300643891096115 0.290514796972275 0.294292211532593 0.300256967544556 0.334426432847977 0.361165314912796 0.38707172870636 0.412031888961792 0.416582435369492 0.438233107328415 0.448604077100754 0.456923484802246 0.471156895160675 0.493684500455856 0.494878351688385 0.420717775821686 0.412660330533981 0.48981761932373 0.508778810501099 0.487959563732147 0.499646812677383 0.337626457214355 0.245944634079933 0.218472525477409 0.206207320094109 0.188265398144722 0.177408963441849 0.175314500927925 0.181603670120239 0.200952798128128 0.202767819166183 0.202875152230263 0.215452253818512 0.260151237249374 0.283431679010391 0.297473043203354 0.304581046104431 0.3864706158638 0.441620439291 0.478166729211807 0.529907047748566 0.505028128623962 0.515701532363892
0.273534566164017 0.287799686193466 0.305835694074631 0.301011860370636 0.29609951376915 0.296765953302383 0.287313848733902 0.305000215768814 0.296148329973221 0.328673332929611 0.364695429801941 0.398050904273987 0.398958176374435 0.405172348022461 0.413264095783234 0.436150401830673 0.443315505981445 0.456961393356323 0.476063668727875 0.487844079732895 0.437007933855057 0.412001669406891 0.446617931127548 0.531563222408295 0.424759268760681 0.373728573322296 0.295112013816833 0.251626789569855 0.232315853238106 0.218730419874191 0.203886866569519 0.201643198728561 0.196578368544579 0.194473013281822 0.203683614730835 0.219283103942871 0.214605078101158 0.225197300314903 0.225930586457253 0.288467705249786 0.292428106069565 0.33815810084343 0.355616807937622 0.416070610284805 0.439550876617432 0.478149622678757 0.541214823722839 0.558508634567261
0.268255412578583 0.286632150411606 0.291293293237686 0.302008599042892 0.296386033296585 0.289291113615036 0.292778104543686 0.3048937022686 0.309122264385223 0.332248449325562 0.353764235973358 0.376769244670868 0.392815440893173 0.394117474555969 0.414049178361893 0.428234666585922 0.424225598573685 0.446538686752319 0.454269617795944 0.467860519886017 0.468820035457611 0.444982498884201 0.452208042144775 0.416385143995285 0.372477442026138 0.3194380402565 0.291286677122116 0.258321702480316 0.225948423147202 0.224219590425491 0.229993507266045 0.229328811168671 0.223246052861214 0.217515423893929 0.221124619245529 0.227777883410454 0.228960826992989 0.236891612410545 0.301912009716034 0.308017998933792 0.317437320947647 0.3438840508461 0.353090912103653 0.368405431509018 0.398417174816132 0.429717034101486 0.5478595495224 0.634438812732697
0.266255080699921 0.279101520776749 0.293003857135773 0.293930351734161 0.285967022180557 0.298663079738617 0.30022668838501 0.302101492881775 0.312771379947662 0.331854164600372 0.361891448497772 0.366057544946671 0.380173623561859 0.381263256072998 0.391125082969666 0.406900376081467 0.41413202881813 0.430760681629181 0.44234624505043 0.464052140712738 0.467321366071701 0.485231429338455 0.434728443622589 0.383686304092407 0.348800003528595 0.31790018081665 0.298312366008759 0.280723839998245 0.242490008473396 0.236041158437729 0.264477282762527 0.271427065134048 0.265112042427063 0.233655214309692 0.236201629042625 0.239371910691261 0.245982363820076 0.249567076563835 0.295554906129837 0.323663771152496 0.325965791940689 0.372010260820389 0.353941410779953 0.367305964231491 0.406733721494675 0.431263774633408 0.498914122581482 0.66115939617157
0.253993719816208 0.278825789690018 0.287957668304443 0.293539434671402 0.290970176458359 0.287249535322189 0.30029758810997 0.306889206171036 0.315543293952942 0.340544193983078 0.351045817136765 0.358941525220871 0.361037403345108 0.381565898656845 0.386824935674667 0.389214038848877 0.38946208357811 0.409019291400909 0.422127515077591 0.441926389932632 0.457102924585342 0.474987626075745 0.422192275524139 0.380439281463623 0.364137142896652 0.340093582868576 0.318207144737244 0.293499618768692 0.27828985452652 0.25631120800972 0.274234563112259 0.304743975400925 0.307449042797089 0.27695095539093 0.26106983423233 0.274626135826111 0.283340305089951 0.279607981443405 0.318185210227966 0.33717605471611 0.340810418128967 0.410610765218735 0.374949485063553 0.380890756845474 0.378090500831604 0.437611311674118 0.503053665161133 0.671410918235779
0.257890284061432 0.261484116315842 0.270075649023056 0.278440654277802 0.286728620529175 0.289899259805679 0.296723753213882 0.302191317081451 0.310291171073914 0.322352409362793 0.337244123220444 0.354940265417099 0.344109743833542 0.361305177211761 0.376104652881622 0.365324527025223 0.377950578927994 0.384085446596146 0.405250281095505 0.413294583559036 0.455501943826675 0.462200343608856 0.460924029350281 0.415861785411835 0.385161817073822 0.354195803403854 0.340078443288803 0.308997541666031 0.292138487100601 0.275861948728561 0.300917416810989 0.349721759557724 0.31405571103096 0.296649783849716 0.282646864652634 0.295958548784256 0.353350013494492 0.30811220407486 0.298463046550751 0.34888431429863 0.382397562265396 0.444715678691864 0.417166292667389 0.377954214811325 0.410993129014969 0.491266280412674 0.58256870508194 0.655622959136963
0.247164309024811 0.259449005126953 0.264938533306122 0.272998631000519 0.276558548212051 0.281397104263306 0.288878321647644 0.293749272823334 0.289804518222809 0.302440613508224 0.313461065292358 0.331437557935715 0.338944613933563 0.352202385663986 0.355091422796249 0.352473467588425 0.361798942089081 0.360209465026855 0.370364516973495 0.399635016918182 0.443407297134399 0.440952360630035 0.451328963041306 0.427116394042969 0.391255229711533 0.380621433258057 0.396589130163193 0.35457256436348 0.306325525045395 0.295145303010941 0.333186686038971 0.337019354104996 0.309934735298157 0.289048284292221 0.295074939727783 0.306621968746185 0.358568698167801 0.328323155641556 0.322321057319641 0.310409545898438 0.386826634407043 0.48347070813179 0.566311478614807 0.407256275415421 0.396698474884033 0.473525017499924 0.559089183807373 0.603820085525513
0.24939426779747 0.259578555822372 0.256746977567673 0.264662116765976 0.269641548395157 0.277259171009064 0.276354789733887 0.276940822601318 0.283257484436035 0.283964961767197 0.294977068901062 0.30868062376976 0.308812320232391 0.319678783416748 0.339143246412277 0.343455672264099 0.349557250738144 0.347522020339966 0.358312159776688 0.38488781452179 0.421492725610733 0.436163246631622 0.45670410990715 0.46865302324295 0.43565833568573 0.460733860731125 0.476466864347458 0.358639627695084 0.314711213111877 0.302513301372528 0.317897647619247 0.34891065955162 0.33900061249733 0.296406120061874 0.29623955488205 0.34339228272438 0.357751846313477 0.333827793598175 0.327628701925278 0.330577433109283 0.417939037084579 0.541449725627899 0.588820934295654 0.437036842107773 0.415176123380661 0.476379483938217 0.586851537227631 0.578021466732025
0.2468351572752 0.259940296411514 0.253390908241272 0.258110880851746 0.257849872112274 0.258610248565674 0.265308529138565 0.267414838075638 0.267158210277557 0.27089586853981 0.28033784031868 0.289824396371841 0.299360364675522 0.303052991628647 0.307020276784897 0.327095001935959 0.32460144162178 0.341972529888153 0.34942889213562 0.355835884809494 0.39484977722168 0.418885976076126 0.448316246271133 0.459055155515671 0.491239368915558 0.503804087638855 0.495679676532745 0.402322977781296 0.324787199497223 0.321679800748825 0.322673201560974 0.338902413845062 0.347887963056564 0.328695476055145 0.298588484525681 0.308797001838684 0.296152293682098 0.339726507663727 0.355860531330109 0.361398547887802 0.488345205783844 0.626674950122833 0.614119052886963 0.503869354724884 0.497596800327301 0.554803669452667 0.628294885158539 0.590363562107086
0.238100647926331 0.244646787643433 0.250756502151489 0.255934417247772 0.2427137196064 0.24653448164463 0.242526262998581 0.248635619878769 0.254131138324738 0.262103587388992 0.259301066398621 0.267398715019226 0.279948800802231 0.276027381420135 0.296643286943436 0.31028139591217 0.324493438005447 0.32800966501236 0.339508026838303 0.355974793434143 0.37475723028183 0.401398241519928 0.428580552339554 0.465111970901489 0.47272402048111 0.494163423776627 0.514199733734131 0.411029785871506 0.347002744674683 0.320749253034592 0.326146364212036 0.349141746759415 0.381759852170944 0.335914254188538 0.31825065612793 0.320285856723785 0.316163748502731 0.35937225818634 0.377154558897018 0.375397711992264 0.535134673118591 0.627396404743195 0.537402629852295 0.507645726203918 0.552267551422119 0.654251158237457 0.672136247158051 0.607909142971039
