data/climate_estimation/maxent_output/Lapageria_rosea.asc
NCOLS 29 
NROWS 287 
XLLCORNER -73.75 
YLLCORNER -54 
CELLSIZE 0.0833333333333335 
NODATA_value -3.4e+38 
[rows 124 to 154 of 287, columns 0 to 28 of 29]
0.563593864440918 0.644645214080811 0.724366068840027 0.844740211963654 0.889485239982605 0.940859794616699 0.955137968063354 0.961135685443878 0.954687356948853 0.94638979434967 0.939472436904907 0.940308153629303 0.888381242752075 0.840761125087738 0.741525888442993 0.662758946418762 0.667838215827942 0.787876784801483 0.814176976680756 0.591177523136139 0.644155979156494 0.628634810447693 0.80693256855011 0.824762880802155 0.82698667049408 0.780680954456329 0.634096026420593 0.492854654788971 0.406195074319839
0.584355175495148 0.636765480041504 0.706255972385406 0.817977786064148 0.881553113460541 0.935580193996429 0.947858393192291 0.96697735786438 0.947523713111877 0.918703019618988 0.914664328098297 0.903989791870117 0.855821669101715 0.796120762825012 0.708539605140686 0.611345827579498 0.616976022720337 0.678156197071075 0.840664088726044 0.863015294075012 0.805157959461212 0.770186841487885 0.81144791841507 0.677925825119019 0.825300216674805 0.722951710224152 0.631485819816589 0.455122470855713 0.340818911790848
0.556003987789154 0.647440552711487 0.713498532772064 0.812366187572479 0.834621608257294 0.914567649364471 0.940738379955292 0.946631491184235 0.905112445354462 0.87108987569809 0.863657057285309 0.883366823196411 0.823272526264191 0.747433125972748 0.699232518672943 0.610292792320251 0.516286015510559 0.548800528049469 0.516186773777008 0.605740070343018 0.495501071214676 0.656426310539246 0.827670276165009 0.7374067902565 0.642594516277313 0.764476478099823 0.644874155521393 0.580612361431122 0.469819575548172
0.546140313148499 0.62264609336853 0.69320821762085 0.77506285905838 0.831959426403046 0.901758909225464 0.93361884355545 0.929852902889252 0.869293212890625 0.861308217048645 0.871652126312256 0.838019967079163 0.789810180664062 0.74769389629364 0.646694779396057 0.609593689441681 0.507431983947754 0.464071035385132 0.579234778881073 0.468141674995422 0.634865820407867 0.753420352935791 0.769638657569885 0.6590855717659 0.67047792673111 0.750930786132812 0.537190854549408 0.449464738368988 0.399642586708069
0.525528788566589 0.546353757381439 0.663519740104675 0.757826089859009 0.814154624938965 0.884220957756042 0.917500555515289 0.944389343261719 0.903052151203156 0.876073837280273 0.873235106468201 0.818708717823029 0.778050720691681 0.765589535236359 0.676006019115448 0.615216970443726 0.4262655377388 0.51408976316452 0.659617304801941 0.688092112541199 0.673612475395203 0.820249974727631 0.792615234851837 0.75087833404541 0.650250554084778 0.765029191970825 0.606126725673676 0.386661171913147 0.313869416713715
0.497548371553421 0.574847877025604 0.648678362369537 0.733028769493103 0.7949098944664 0.824106872081757 0.907208621501923 0.935451924800873 0.904484570026398 0.855856597423553 0.831262767314911 0.813197374343872 0.756855607032776 0.674696385860443 0.601750016212463 0.5590580701828 0.468479692935944 0.352183252573013 0.25802081823349 0.366982817649841 0.495436578989029 0.620334982872009 0.79939478635788 0.764213025569916 0.80147522687912 0.817134141921997 0.857615351676941 0.529802680015564 0.303626388311386
0.50153523683548 0.551357805728912 0.619560062885284 0.641320824623108 0.714932799339294 0.784682393074036 0.847484767436981 0.891918003559113 0.864397525787354 0.8010213971138 0.815082192420959 0.791962444782257 0.735484421253204 0.657474875450134 0.512291967868805 0.42664361000061 0.405082851648331 0.511912643909454 0.477770835161209 0.443878322839737 0.354829549789429 0.49155730009079 0.718542456626892 0.770202398300171 0.71464467048645 0.812456607818604 0.890927255153656 0.775171518325806 0.455642223358154
0.483161866664886 0.540278434753418 0.566171228885651 0.615684628486633 0.689610779285431 0.727467477321625 0.747466742992401 0.802421867847443 0.792237401008606 0.749317526817322 0.801996767520905 0.791608154773712 0.720940589904785 0.595397233963013 0.477532178163528 0.502438426017761 0.42238387465477 0.327169895172119 0.174070313572884 0.291384518146515 0.274038255214691 0.284775733947754 0.44001242518425 0.667686104774475 0.736111998558044 0.774688720703125 0.839791774749756 0.733232378959656 0.590987324714661
0.457043081521988 0.50458836555481 0.525407254695892 0.536760091781616 0.577150106430054 0.640718281269073 0.666864335536957 0.707959830760956 0.698871076107025 0.677086770534515 0.707683622837067 0.728150844573975 0.695881366729736 0.635005593299866 0.552870810031891 0.446070522069931 0.315241485834122 0.202921435236931 0.340412199497223 0.226099327206612 0.192643746733665 0.659922897815704 0.690437197685242 0.749215841293335 0.739930152893066 0.71571934223175 0.548411190509796 0.627916097640991 0.543831288814545
0.409838020801544 0.42884761095047 0.48301562666893 0.517128944396973 0.519965469837189 0.568514108657837 0.571141958236694 0.620231568813324 0.631805717945099 0.641119062900543 0.637103259563446 0.656750380992889 0.594874083995819 0.584097027778625 0.508600831031799 0.419813066720963 0.519250929355621 0.269223928451538 0.539997160434723 0.273637712001801 0.473195254802704 0.59517377614975 0.739437162876129 0.690701365470886 0.716155290603638 0.539847671985626 0.382740497589111 0.441300928592682 0.390088886022568
0.376748710870743 0.410198211669922 0.409896016120911 0.459241807460785 0.466217547655106 0.478934168815613 0.481123983860016 0.499136120080948 0.54704213142395 0.601285457611084 0.589746415615082 0.542082190513611 0.470588237047195 0.490725606679916 0.408086270093918 0.338627576828003 0.337389945983887 0.337949335575104 0.328395962715149 0.464859992265701 0.40096390247345 0.514657974243164 0.731812417507172 0.698441088199615 0.70277613401413 0.634122550487518 0.57489287853241 0.372865051031113 0.197670266032219
0.360911071300507 0.352384090423584 0.375117510557175 0.414297074079514 0.421980381011963 0.416824907064438 0.416682362556458 0.401161074638367 0.43667995929718 0.489221602678299 0.496706485748291 0.494276821613312 0.452929973602295 0.493080586194992 0.434089124202728 0.440009713172913 0.387817770242691 0.258119195699692 0.541080117225647 0.468046098947525 0.567050158977509 0.625227153301239 0.645928382873535 0.600052952766418 0.628725469112396 0.587801992893219 0.563226938247681 0.397854566574097 0.179884970188141
0.337043732404709 0.329813748598099 0.363176494836807 0.376039057970047 0.379168033599854 0.386233955621719 0.381921261548996 0.412651538848877 0.406278759241104 0.425230592489243 0.472130239009857 0.469914168119431 0.454310089349747 0.45030477643013 0.437711328268051 0.4216148853302 0.431779146194458 0.333951413631439 0.447266697883606 0.584671974182129 0.580429196357727 0.547893881797791 0.589028000831604 0.692197263240814 0.603955328464508 0.575417399406433 0.429884701967239 0.387683779001236 0.29339075088501
0.312314510345459 0.323675453662872 0.325338512659073 0.330476939678192 0.345748543739319 0.343358397483826 0.359744191169739 0.366097509860992 0.378953963518143 0.410439491271973 0.475351423025131 0.478704422712326 0.42918798327446 0.442955017089844 0.493135064840317 0.482887357473373 0.434043228626251 0.399269431829453 0.565600872039795 0.509019076824188 0.641886413097382 0.502820253372192 0.590275645256042 0.597676157951355 0.61943531036377 0.564424633979797 0.514294385910034 0.409134447574615 0.205059543251991
0.307618141174316 0.312840968370438 0.32251837849617 0.31234872341156 0.343281626701355 0.367209643125534 0.365239262580872 0.354920506477356 0.391571223735809 0.450861632823944 -3.4e+38 -3.4e+38 0.450573235750198 0.473564684391022 0.495606124401093 0.517220377922058 0.446397691965103 0.38137149810791 0.395673304796219 0.534347236156464 0.6361403465271 0.54361367225647 0.672065496444702 0.619856834411621 0.584200859069824 0.528828382492065 0.50459897518158 0.375325173139572 0.234513252973557
0.296531021595001 0.313295602798462 0.325086086988449 0.321542084217072 0.353528022766113 0.358392208814621 0.355978906154633 0.385064750909805 0.412861913442612 0.437013655900955 0.461216479539871 -3.4e+38 0.439893066883087 0.438333928585052 0.432308673858643 0.436826050281525 0.467475444078445 0.453608483076096 0.575068354606628 0.445940613746643 0.49525848031044 0.528530597686768 0.623915016651154 0.63540506362915 0.579914748668671 0.481951415538788 0.449375718832016 0.359511107206345 0.172925144433975
0.353756427764893 0.355951398611069 0.3696049451828 0.376777470111847 0.364514380693436 0.353956341743469 0.390292048454285 0.38214585185051 0.39568504691124 0.41888040304184 -3.4e+38 0.468566179275513 0.436159640550613 0.481501311063766 0.499570250511169 0.608954429626465 0.686915397644043 0.590176582336426 0.640952110290527 0.625689208507538 0.480764895677567 0.635697543621063 0.65243136882782 0.590116918087006 0.55668842792511 0.305500507354736 0.426732659339905 0.345674186944962 0.158240005373955
0.387017697095871 0.369023531675339 0.38176017999649 0.401120781898499 -3.4e+38 -3.4e+38 0.404624611139297 0.406816571950912 0.430788606405258 0.48066920042038 0.462176531553268 0.455375105142593 0.428785592317581 0.529733538627625 0.523265540599823 0.557881653308868 0.574679315090179 0.702793300151825 0.686703383922577 0.587459027767181 0.629528403282166 0.589391529560089 0.672881484031677 0.470978170633316 0.413606643676758 0.337652713060379 0.400586038827896 0.314058035612106 0.169815108180046
0.419432044029236 0.412648171186447 0.410564810037613 -3.4e+38 -3.4e+38 -3.4e+38 -3.4e+38 -3.4e+38 -3.4e+38 -3.4e+38 0.481665968894958 0.44050270318985 0.436919122934341 0.499270528554916 0.51740574836731 0.464598178863525 0.612584471702576 0.688989877700806 0.725276947021484 0.700864017009735 0.694796621799469 0.667822062969208 0.624795973300934 0.587102711200714 0.374472051858902 0.344345986843109 0.358906269073486 0.20863763988018 0.170896530151367
0.469512373209 0.434247404336929 0.398161500692368 0.379416793584824 -3.4e+38 -3.4e+38 -3.4e+38 -3.4e+38 -3.4e+38 -3.4e+38 -3.4e+38 0.48285636305809 0.456181883811951 0.456748217344284 0.514351665973663 0.54004830121994 0.679401755332947 0.723550856113434 0.697934806346893 0.677143216133118 0.686044037342072 0.658142745494843 0.68139636516571 0.61596268415451 0.38169065117836 0.498747289180756 0.373420000076294 0.193475782871246 0.161546304821968
0.509608626365662 0.465212613344193 0.436227053403854 0.360805749893188 0.377789944410324 -3.4e+38 -3.4e+38 -3.4e+38 -3.4e+38 -3.4e+38 -3.4e+38 -3.4e+38 -3.4e+38 0.479502946138382 0.509765088558197 0.54841536283493 0.655347943305969 0.72132670879364 0.729430079460144 0.664715170860291 0.498430609703064 0.634511113166809 0.620551586151123 0.594980180263519 0.566126585006714 0.583392143249512 0.390215843915939 0.225740641355515 0.158556833863258
0.584123313426971 0.545371353626251 0.483532279729843 0.443223804235458 0.436777919530869 -3.4e+38 -3.4e+38 -3.4e+38 -3.4e+38 -3.4e+38 -3.4e+38 0.486682951450348 0.505975306034088 0.544182419776917 0.559596955776215 0.594741225242615 0.591532051563263 0.690338790416718 0.716669797897339 0.722232580184937 0.691302537918091 0.650282561779022 0.635998487472534 0.587868452072144 0.580618798732758 0.47258797287941 0.278122991323471 0.282394081354141 0.222602754831314
0.632861375808716 0.597147226333618 0.53529304265976 0.496630489826202 0.477390170097351 0.476207733154297 0.460130989551544 0.500057280063629 0.520957231521606 -3.4e+38 0.504470705986023 0.479914635419846 0.496815800666809 0.590342581272125 0.573105454444885 0.596891701221466 0.639997005462646 0.718026161193848 0.709228277206421 0.684414267539978 0.713871598243713 0.680427849292755 0.637139499187469 0.593468606472015 0.52260035276413 0.279800295829773 0.208629727363586 0.160618364810944 0.160007029771805
0.71822065114975 0.674842298030853 0.64410787820816 0.562983751296997 -3.4e+38 0.488230854272842 -3.4e+38 0.505094707012177 -3.4e+38 -3.4e+38 -3.4e+38 0.505848109722137 0.543366611003876 0.583212554454803 0.630647122859955 0.570066630840302 0.676258444786072 0.681377232074738 0.662912726402283 0.685157895088196 0.640287756919861 0.488013863563538 0.457743108272552 0.416667759418488 0.274229049682617 0.256533950567245 0.221191391348839 0.219712555408478 0.158261463046074
0.785630881786346 0.676471352577209 0.630521476268768 0.612413763999939 0.568520367145538 0.536568880081177 -3.4e+38 -3.4e+38 -3.4e+38 -3.4e+38 -3.4e+38 -3.4e+38 0.524353623390198 0.592172086238861 0.654482424259186 0.587586283683777 0.63611114025116 0.605826079845428 0.653530299663544 0.700439870357513 0.656477928161621 0.61763322353363 0.58172482252121 0.591142594814301 0.49887490272522 0.463452249765396 0.419560581445694 0.308952331542969 0.215609654784203
0.781357288360596 0.740268886089325 0.663297414779663 0.599448680877686 0.573500990867615 0.566614985466003 0.534808754920959 -3.4e+38 -3.4e+38 -3.4e+38 0.505400121212006 0.494965374469757 0.568076610565186 0.51283186674118 0.552409946918488 0.6069455742836 0.72764265537262 0.68756377696991 0.728844106197357 0.697719395160675 0.65161257982254 0.616150736808777 0.474158406257629 0.384210973978043 0.31028425693512 0.450825750827789 0.413789391517639 0.234783619642258 0.128790602087975
0.722052454948425 0.700883626937866 0.639583826065063 0.614570200443268 0.533287167549133 0.551831662654877 0.533838868141174 0.539176821708679 0.515803873538971 -3.4e+38 0.483547806739807 0.459761589765549 0.529411971569061 0.593445003032684 0.555514812469482 0.532280266284943 0.678085684776306 0.710878014564514 0.729947984218597 0.672181963920593 0.640130996704102 0.62546169757843 0.611276090145111 0.547710835933685 0.506550788879395 0.337492138147354 0.239475816488266 0.163198783993721 0.109139733016491
0.654239058494568 0.620832443237305 0.588896512985229 -3.4e+38 -3.4e+38 -3.4e+38 -3.4e+38 0.537626087665558 0.517314851284027 0.491958171129227 0.461842775344849 0.449597597122192 0.532466948032379 0.526255548000336 0.575866878032684 0.544927060604095 0.564168393611908 0.576926410198212 0.638427019119263 0.693650722503662 0.691265940666199 0.624261140823364 0.566406607627869 0.589532554149628 0.47334349155426 0.339926600456238 0.173850625753403 0.168547809123993 0.120247662067413
0.58895069360733 0.563954055309296 0.536968052387238 0.537771463394165 -3.4e+38 -3.4e+38 -3.4e+38 0.506265938282013 0.481393367052078 0.462335020303726 0.457008421421051 0.448794960975647 0.46331050992012 0.483405768871307 0.572777509689331 0.676723599433899 0.708637833595276 0.595097959041595 0.614632546901703 0.703647911548615 0.62071019411087 0.576362192630768 0.583540201187134 0.468968540430069 0.499861031770706 0.403470575809479 0.135400712490082 0.146113112568855 0.111221879720688
0.504576563835144 0.522628366947174 0.50767320394516 0.488381654024124 -3.4e+38 -3.4e+38 -3.4e+38 -3.4e+38 -3.4e+38 -3.4e+38 0.453521192073822 0.440950632095337 0.465389013290405 0.514729499816895 0.59891551733017 0.599403917789459 0.591883838176727 0.619169950485229 0.665913105010986 0.634209811687469 0.621377348899841 0.517902195453644 0.502087831497192 0.462810426950455 0.472347736358643 0.425070106983185 0.22573883831501 0.227188169956207 0.158835753798485
0.436082482337952 0.437502205371857 0.445551782846451 0.445099592208862 0.422658950090408 -3.4e+38 -3.4e+38 -3.4e+38 -3.4e+38 -3.4e+38 -3.4e+38 0.423876136541367 0.408255577087402 0.455105155706406 0.514384567737579 0.519323348999023 0.560898125171661 0.656630218029022 0.621649742126465 0.635813117027283 0.630575776100159 0.545202136039734 0.351307988166809 0.294401317834854 0.404351532459259 0.349097281694412 0.355946004390717 0.236518502235413 0.168039605021477
