data/climate_estimation/maxent_output/Lapageria_rosea.asc
NCOLS 29 
NROWS 287 
XLLCORNER -73.75 
YLLCORNER -54 
CELLSIZE 0.0833333333333335 
NODATA_value -3.4e+38 
[rows 186 to 216 of 287, columns 0 to 28 of 29]
0.0475972220301628 0.0505868270993233 0.0638694614171982 0.0782608836889267 0.0757166743278503 0.0685169249773026 0.0903260409832001 0.103823624551296 0.12609376013279 0.13959538936615 0.150579363107681 0.161933705210686 0.177121818065643 0.230464160442352 0.258968234062195 0.310524493455887 0.22783787548542 0.244893476366997 0.362051695585251 0.348354071378708 0.290389150381088 0.276574313640594 0.31383603811264 0.260090231895447 0.208502769470215 0.143935739994049 0.0995759814977646 0.0650079399347305 0.0473895817995071
0.0457557365298271 0.0571726001799107 0.0601526536047459 0.0725756734609604 0.0712013095617294 0.0833055153489113 0.0801914930343628 0.1112901866436 0.111019797623158 0.129325062036514 0.15765255689621 0.152930572628975 0.160760834813118 0.191093266010284 0.251154571771622 0.210833892226219 0.256781429052353 0.234155103564262 0.317489981651306 0.368415594100952 0.27885714173317 0.233515709638596 0.294656425714493 0.152583450078964 0.0941141396760941 0.0605680160224438 0.0477571822702885 0.0379455462098122 0.0369884446263313
0.0428464449942112 0.0513991937041283 0.0619232952594757 0.0667313560843468 0.0770323127508163 0.0817583650350571 0.0928415805101395 0.104221247136593 0.111578986048698 0.126263663172722 0.127331018447876 0.138661205768585 0.163223311305046 0.234372496604919 0.232426106929779 0.28802952170372 0.130536988377571 0.141178727149963 0.195418015122414 0.254381060600281 0.250119298696518 0.257859170436859 0.359437882900238 0.239644557237625 0.155547872185707 0.074760876595974 0.0380031503736973 0.0335094854235649 0.0335690900683403
0.0444767661392689 0.0514799356460571 0.0597448088228703 0.0687514767050743 0.0720183029770851 0.0830227583646774 0.0960937440395355 0.100806027650833 0.0990872532129288 0.0900135785341263 0.127612873911858 0.154383569955826 0.173422396183014 0.159561023116112 0.140796720981598 0.150353267788887 0.216776564717293 0.242234960198402 0.135781034827232 0.178154736757278 0.247654214501381 0.295059740543365 0.277991741895676 0.238539263606071 0.159044742584229 0.1109559237957 0.0764298066496849 0.0540680140256882 0.0428846180438995
0.0481091141700745 0.0530632957816124 0.0609089732170105 0.0687334910035133 0.0737735405564308 0.0836102962493896 0.0953256264328957 0.109443224966526 0.0942394360899925 0.0776815712451935 0.106827653944492 0.117797076702118 0.109056040644646 0.120795257389545 0.112492218613625 0.149635031819344 0.177469491958618 0.18443775177002 0.215247198939323 0.167179778218269 0.132830679416656 0.147176712751389 0.113095678389072 0.146443769335747 0.135582715272903 0.104939535260201 0.0778545662760735 0.0638553500175476 0.0514175444841385
0.0431064888834953 0.0549510344862938 0.0553503073751926 0.0595770999789238 0.0689791440963745 0.0806839913129807 0.0867175608873367 0.0880287438631058 0.106756471097469 0.0798467025160789 0.0981869772076607 0.120782569050789 0.14076791703701 0.106321632862091 0.124102286994457 0.0970613583922386 0.078758105635643 0.075152225792408 0.078294426202774 0.0813674479722977 0.0864924341440201 0.0733992755413055 0.0421014688909054 0.0627212598919868 0.0744557529687881 0.0566139183938503 0.0406807921826839 0.0362141579389572 0.0277891978621483
0.0138265108689666 0.0172266885638237 0.0536473952233791 0.061431560665369 0.060189601033926 0.067777156829834 0.0682128742337227 0.0547191426157951 0.0866669267416 0.112183980643749 0.124211110174656 0.0842225253582001 0.108585588634014 0.140953004360199 0.176411628723145 0.198171675205231 0.185308814048767 0.238209918141365 0.307556658983231 0.322109907865524 0.179345235228539 0.0393634364008904 0.0257294345647097 0.0269794892519712 0.0512371845543385 0.0330925621092319 0.0226981975138187 0.0201482269912958 0.0174977164715528
0.0136051531881094 0.0156454686075449 0.0180841665714979 0.0178591646254063 0.0627046898007393 0.0605284571647644 0.0662088394165039 0.0716311112046242 0.0627743378281593 0.0705395415425301 0.0936368182301521 0.143924087285995 0.105553440749645 0.0913054421544075 0.110606044530869 0.117955327033997 0.203023388981819 0.240874573588371 0.257936537265778 0.283441573381424 0.286214828491211 0.118845231831074 0.0321120582520962 0.0256686713546515 0.0539362169802189 0.0737889483571053 0.0507111996412277 0.0368427634239197 0.0294185150414705
0.0131319239735603 0.0148783940821886 0.0148410135880113 0.0179930087178946 0.0184089336544275 0.0213137716054916 0.0673057287931442 0.0703763887286186 0.0684486478567123 0.0772772580385208 0.084253154695034 0.124214977025986 0.0934784114360809 0.0692005455493927 0.0605767257511616 0.0774727314710617 0.0895382389426231 0.0731344446539879 0.0634558498859406 0.104025065898895 0.141978308558464 0.244448289275169 0.141816347837448 0.127316281199455 0.150788903236389 0.142067089676857 0.098433144390583 0.0577661953866482 0.0316818207502365
0.0117139322683215 0.0120907686650753 0.0382704995572567 0.0144278248772025 0.0165686253458261 0.0207034889608622 0.0663556158542633 0.0765332654118538 0.0764857605099678 0.0682156607508659 0.0718139857053757 0.107952624559402 0.082298532128334 0.0951192751526833 0.0764044970273972 0.07669897377491 0.060570377856493 0.045633714646101 0.0510839894413948 0.0385652966797352 0.0627065077424049 0.151867687702179 0.214134082198143 0.203672856092453 0.193865597248077 0.141339734196663 0.123203724622726 0.0681473985314369 0.0597024373710155
0.0104201408103108 0.010712057352066 0.0110468110069633 0.0358101576566696 0.0436620973050594 0.0523155257105827 0.0662014037370682 0.0671039596199989 0.0685558989644051 0.0579160787165165 0.0818536430597305 0.0949565321207047 0.0911014303565025 0.0833574905991554 0.0618524923920631 0.0630290657281876 0.0741676092147827 0.0862764939665794 0.109362602233887 0.0596072413027287 0.145784392952919 0.212846711277962 0.204514339566231 0.179717764258385 0.182959139347076 0.137885853648186 0.100829057395458 0.0776050016283989 0.0392319597303867
0.00876403041183949 0.00998207088559866 0.00999861862510443 0.0254570674151182 0.0285754185169935 0.0309558492153883 0.055044986307621 0.0499129146337509 0.0591740496456623 0.0584915727376938 0.0592615865170956 0.059370145201683 0.0754158347845078 0.123553827404976 0.0781499966979027 0.0458364821970463 0.139677509665489 0.205293715000153 0.246880441904068 0.223471254110336 0.160149127244949 0.152915298938751 0.14645878970623 0.115730859339237 0.147962421178818 0.11152683198452 0.0751950889825821 0.0473611280322075 0.027622040361166
0.00746608385816216 0.0232730209827423 0.025949701666832 0.0193824656307697 0.0103803724050522 0.0122317206114531 0.0337587743997574 0.0446772053837776 0.0358602255582809 0.0439602248370647 0.0631461665034294 0.0868636667728424 0.106133162975311 0.0912108272314072 0.0886089205741882 0.176163345575333 0.0993144959211349 0.0920344516634941 0.0790950506925583 0.0320192351937294 0.0224550049751997 0.0184602607041597 0.0130303762853146 0.0165821630507708 0.0658077746629715 0.0603992938995361 0.0405323728919029 0.0386672355234623 0.020575262606144
0.0073399837128818 0.00744836404919624 0.0227940250188112 0.0232400223612785 0.0181806646287441 0.0222461000084877 0.0381499528884888 0.0557319819927216 0.0529854856431484 0.0653213262557983 0.0737133994698524 0.0740970000624657 0.0914309546351433 0.0888320356607437 0.0928796827793121 0.0853458270430565 0.0621503740549088 0.0434380508959293 0.0434511341154575 0.0196826178580523 0.0208305884152651 0.0160421133041382 0.0116639994084835 0.0152879897505045 0.0389656126499176 0.0254634320735931 0.012354857288301 0.00734807224944234 0.00618174159899354
0.00678855367004871 0.0196707174181938 0.0200319141149521 0.0196864064782858 0.0185862667858601 0.0176736284047365 0.0333025306463242 0.0315789878368378 0.0245750453323126 0.0548011623322964 0.0735871195793152 0.0598058514297009 0.0656531825661659 0.070322722196579 0.106906928122044 0.112836502492428 0.0589381903409958 0.0304518807679415 0.0257344674319029 0.0226175934076309 0.018677469342947 0.023070115596056 0.0303411390632391 0.0289894193410873 0.00974895805120468 0.0080114621669054 0.00729626463726163 0.00615128222852945 0.00486033828929067
0.00564404530450702 0.00607143249362707 0.0194135159254074 0.0196701046079397 0.0182050187140703 0.0166791547089815 0.027158509939909 0.0267552994191647 0.0244321934878826 0.0286289788782597 0.0734428465366364 0.0527427643537521 0.0861993283033371 0.0646578669548035 0.0543855503201485 0.0613738410174847 0.0512724742293358 0.0272619780153036 0.0232326257973909 0.0209919363260269 0.0176409371197224 0.0130776027217507 0.0169218722730875 0.00853892415761948 0.00681464979425073 0.00682201702147722 0.00626902282238007 0.00551169645041227 0.00495750503614545
0.00586648611351848 0.0142204305157065 0.0171103794127703 0.0165216494351625 0.0153513932600617 0.0228378921747208 0.0320192463696003 0.0220763329416513 0.0364355929195881 0.0306369252502918 0.0399096459150314 0.0380135886371136 0.0386198572814465 0.039287131279707 0.0440864339470863 0.0454404056072235 0.0375123918056488 0.0309059638530016 0.0202930141240358 0.0172752309590578 0.0124142467975616 0.0103303296491504 0.00946483667939901 0.00807517860084772 0.00642492482438684 0.00670259911566973 0.00439855828881264 0.0054811155423522 0.00452872505411506
0.00558224832639098 0.0144545193761587 0.0149603793397546 0.0160696115344763 0.0171393007040024 0.0282889343798161 0.0302130430936813 0.0302469953894615 0.0243553407490253 0.0348326005041599 0.03962192684412 0.036952305585146 0.0331250689923763 0.0334629267454147 0.0442877970635891 0.0789598897099495 0.0806013867259026 0.0624181143939495 0.0472184792160988 0.01966193318367 0.0122254770249128 0.00974196847528219 0.00814913120120764 0.00727821001783013 0.00607695337384939 0.00547424703836441 0.0053401873447001 0.00495470268651843 0.00458752410486341
0.00493691861629486 0.014553889632225 0.0132104679942131 0.0167083516716957 0.0191494692116976 0.0249224156141281 0.0249846763908863 0.0313453711569309 0.0366497300565243 0.0405815131962299 0.0537044927477837 0.0428762249648571 0.0402220189571381 0.0581424087285995 0.0737458765506744 0.0812931582331657 0.0559974424540997 0.0384793728590012 0.0298243593424559 0.0248526893556118 0.0237120371311903 0.00950231775641441 0.0119004417210817 0.00908050406724215 0.00724493758752942 0.00406523561105132 0.00524812797084451 0.00544365448877215 0.00363254151307046
0.00431725103408098 0.0134693160653114 0.01358887180686 0.010140691883862 0.0205224994570017 0.008256571367383 0.0251653157174587 0.0251123532652855 0.0217207614332438 0.0283322557806969 0.0488553866744041 0.0425479039549828 0.0463459827005863 0.0518554821610451 0.0581363774836063 0.0516013354063034 0.0386792495846748 0.0393036454916 0.0294977799057961 0.0448457710444927 0.0253133270889521 0.0210725292563438 0.013490597717464 0.0128134023398161 0.0101883802562952 0.00888508185744286 0.00715919258072972 0.00347817526198924 0.00376838212832808
0.00501763029024005 0.00486585963517427 0.00507978023961186 0.0119614442810416 0.0155934570357203 0.0222222581505775 0.0149085381999612 0.0239483304321766 0.0333167985081673 0.0233466885983944 0.0381943397223949 0.0420882031321526 0.0530055575072765 0.0483510158956051 0.0455704741179943 0.053234126418829 0.0283288806676865 0.020959073677659 0.0172587335109711 0.0230834819376469 0.029009448364377 0.0145676583051682 0.0171830523759127 0.013854468241334 0.0120032699778676 0.0102140745148063 0.00999622605741024 0.0046934662386775 0.00307997944764793
0.00531808706000447 0.00513390498235822 0.00502654304727912 0.0132238650694489 0.0166820082813501 0.0202879719436169 0.021767046302557 0.0308362077921629 0.025821715593338 0.0341235473752022 0.031818114221096 0.0293756648898125 0.0388082936406136 0.0323530286550522 0.0261635556817055 0.0251691341400146 0.0319940485060215 0.0234901681542397 0.0198151245713234 0.010547106154263 0.00998857710510492 0.0238450523465872 0.0180544946342707 0.0123146567493677 0.00805883482098579 0.00452548824250698 0.00397894391790032 0.00532536394894123 0.0040629361756146
0.00547479372471571 0.00551525736227632 0.00524855544790626 0.00441796565428376 0.00693421624600887 0.00680637545883656 0.0139898788183928 0.0211626831442118 0.0203394405543804 0.0199909340590239 0.0219698362052441 0.0250074528157711 0.0263399574905634 0.0310699474066496 0.0456099472939968 0.0354439355432987 0.0299538802355528 0.0228461902588606 0.0161622520536184 0.0120789865031838 0.0107062682509422 0.0104787833988667 0.00839753914624453 0.0111762331798673 0.0068479860201478 0.00593241956084967 0.00564216403290629 0.00524263363331556 0.00360177410766482
0.00583121832460165 0.00583555735647678 0.0057875425554812 0.00506357755511999 0.00577558157965541 0.00616666534915566 0.0135179534554482 0.0150554217398167 0.0149903995916247 0.0242267176508904 0.022090807557106 0.0249683242291212 0.0312103517353535 0.0211375392973423 0.0344223082065582 0.0164919421076775 0.0140071455389261 0.0153550552204251 0.00957126822322607 0.0106704784557223 0.00922896340489388 0.00795711297541857 0.00657309032976627 0.00529386196285486 0.00457146484404802 0.0038033879827708 0.0046349591575563 0.00388220208697021 0.00312194065190852
0.00570479920133948 0.00622670259326696 0.00580944493412971 0.00625693565234542 0.00566532369703054 0.0153211327269673 0.0163790825754404 0.0139202568680048 0.0199962630867958 0.0187397189438343 0.0167525596916676 0.0324490889906883 0.0192877650260925 0.0178973656147718 0.0177410151809454 0.0266254581511021 0.0137818837538362 0.012134799733758 0.010224062949419 0.0114247119054198 0.00899222493171692 0.00845580548048019 0.00647024903446436 0.0052289180457592 0.00493882317095995 0.00403777975589037 0.0037588095292449 0.00334525480866432 0.00252499361522496
0.00597852328792214 0.00575579749420285 0.00524882739409804 0.00609059538692236 0.00642376253381371 0.00725151831284165 0.014456994831562 0.0160965155810118 0.0185790043324232 0.0195878110826015 0.0195357333868742 0.0185867790132761 0.0170043297111988 0.0185090061277151 0.0179753340780735 0.017187237739563 0.0149436863139272 0.0119707295671105 0.0102261137217283 0.0090229706838727 0.00725175021216273 0.00667588505893946 0.00710998149588704 0.00724568776786327 0.00505011808127165 0.00540865072980523 0.00473909638822079 0.00374662270769477 0.00345391477458179
0.00602745125070214 0.00666695414111018 0.00676135253161192 0.00684352265670896 0.00744881527498364 0.00715064210817218 0.0168218743056059 0.0200796946883202 0.0180871337652206 0.0193223357200623 0.0188091117888689 0.019836513325572 0.0227740500122309 0.0157495532184839 0.0170382130891085 0.017286092042923 0.0146983526647091 0.0115136513486505 0.0106734223663807 0.00877379346638918 0.00847857166081667 0.00638102041557431 0.00600934587419033 0.00685346545651555 0.00539411371573806 0.00516902375966311 0.00460531003773212 0.00406319741159678 0.00382795557379723
0.00597305549308658 0.00676760450005531 0.00681922305375338 0.00723164714872837 0.00559398112818599 0.00670214788988233 0.015722494572401 0.0194135867059231 0.0169646181166172 0.0200177263468504 0.0204473193734884 0.0187144298106432 0.0205409899353981 0.019595654681325 0.0182164050638676 0.0169416982680559 0.0147676933556795 0.012010782957077 0.0107778580859303 0.00849862862378359 0.00762885855510831 0.00773892970755696 0.00624722335487604 0.00553165562450886 0.00574254989624023 0.00562974764034152 0.00444263219833374 0.00466528488323092 0.00352417095564306
0.00610890658572316 0.00691251922398806 0.00652422616258264 0.00744775170460343 0.00759543152526021 0.00832146592438221 0.00810049008578062 0.00832933373749256 0.0174082275480032 0.0238690823316574 0.0197572950273752 0.015140094794333 0.0169707704335451 0.0188086498528719 0.0190391484647989 0.0176302213221788 0.0160388275980949 0.0121459802612662 0.0103786969557405 0.00869269389659166 0.00767774507403374 0.00737373204901814 0.00573579454794526 0.00614584935829043 0.0053058797493577 0.00508386362344027 0.00494155148044229 0.00394721515476704 0.00358844874426723
0.0061127096414566 0.00703341467306018 0.00754667539149523 0.00639737164601684 0.00675350893288851 0.00785819720476866 0.00769872171804309 0.0174559503793716 0.0236671157181263 0.0185411013662815 0.0191134065389633 0.0199055373668671 0.0169697199016809 0.0208940599113703 0.018269857391715 0.0184185560792685 0.0145438006147742 0.0121283400803804 0.0102537330240011 0.00948292389512062 0.00794388819485903 0.00705929100513458 0.00579775916412473 0.00491731334477663 0.00474723614752293 0.0050091864541173 0.00442997878417373 0.00379690062254667 0.00329551030881703
0.006438183598220 0.00679908227175474 0.00793297309428453 0.00750933634117246 0.00745806470513344 0.00812224671244621 0.00886059831827879 0.00992458872497082 0.0209683664143085 0.0271837376058102 0.0243222750723362 0.0248478055000305 0.0235031358897686 0.016971530392766 0.020116750150919 0.0206032637506723 0.0149647742509842 0.0108505999669433 0.0100852428004146 0.00889334920793772 0.00759299332275987 0.00703267985954881 0.00556471804156899 0.00449303304776549 0.00476908916607499 0.00404663057997823 0.00340683129616082 0.00302568450570107 0.00316057610325515
