data/climate_estimation/maxent_output/Lapageria_rosea.asc
NCOLS 29 
NROWS 287 
XLLCORNER -73.75 
YLLCORNER -54 
CELLSIZE 0.0833333333333335 
NODATA_value -3.4e+38 
[rows 217 to 247 of 287, columns 0 to 28 of 29]
0.00662922533228993 0.00626228889450431 0.00806265510618687 0.00852099619805813 0.00808434840291739 0.00897551234811544 0.0086109284311533 0.0251434519886971 0.026162326335907 0.0212640855461359 0.0185516607016325 0.0193654857575893 0.0229520462453365 0.0192463044077158 0.017064156010747 0.0164821352809668 0.0159024968743324 0.0123824803158641 0.00985889043658972 0.00833189487457275 0.00819822587072849 0.00598080502822995 0.00601071631535888 0.00464893970638514 0.00425389036536217 0.0040440303273499 0.00316368811763823 0.00302938465029001 0.00287508033216
0.00620055617764592 0.00692810211330652 0.00765816960483789 0.00864288304001093 0.0082611283287406 0.00864369049668312 0.00874830596148968 0.0234562158584595 0.0266046859323978 0.0249549429863691 0.0212701316922903 0.0218551624566317 0.0190777443349361 0.0257385019212961 0.0233795866370201 0.0206159688532352 0.0153965642675757 0.012270244769752 0.010142489336431 0.00810676999390125 0.00728369550779462 0.00606212578713894 0.00490261428058147 0.00428300024941564 0.00368741317652166 0.00316078145988286 0.00349150877445936 0.00326724536716938 0.00318336207419634
0.00646602129563689 0.00510839652270079 0.00667611788958311 0.00743950484320521 0.00686199031770229 0.00917893368750811 0.0199119877070189 0.0226551257073879 0.0250160377472639 0.0296573750674725 0.0287542678415775 0.018401212990284 0.0185981914401054 0.0258943326771259 0.0250683929771185 0.0196446664631367 0.0145473377779126 0.012013272382319 0.0108806407079101 0.0086293239146471 0.00685723731294274 0.00552340224385262 0.00511452369391918 0.00464423187077045 0.00372118898667395 0.00358986831270158 0.00426408089697361 0.00335887284018099 0.00284993462264538
0.00529790483415127 0.00560648506507277 0.00647286605089903 0.00466901902109385 0.00423680758103728 0.00543953850865364 0.018074132502079 0.0143574271351099 0.0265970285981894 0.0235564205795527 0.0257321707904339 0.0294527485966682 0.0191284511238337 0.0276818312704563 0.0250550545752048 0.0166815277189016 0.0136531554162502 0.0114189637824893 0.00937966629862785 0.00847357325255871 0.00665063876658678 0.00587446708232164 0.00512342946603894 0.00450080772861838 0.00442665349692106 0.0042210821993649 0.00378212099894881 0.00318076438270509 0.0029096317011863
0.00535167474299669 0.00451247161254287 0.0047577666118741 0.00458137597888708 0.00398852350190282 0.0103554558008909 0.00837781559675932 0.0110112326219678 0.0181296542286873 0.0220204461365938 0.0197705160826445 0.0345265567302704 0.0212371125817299 0.0213861409574747 0.0248127784579992 0.0157578531652689 0.0133908297866583 0.0102991526946425 0.00912364665418863 0.00738207949325442 0.00637242803350091 0.00560562964528799 0.00499198073521256 0.00470378343015909 0.00452682049944997 0.00376444286666811 0.00359858246520162 0.00316595821641386 0.00285570835694671
0.00443367473781109 0.00444718124344945 0.00440194318071008 0.00427553243935108 0.00421625887975097 0.00487029552459717 0.0188154578208923 0.0214137453585863 0.0174377392977476 0.0238656010478735 0.0161147061735392 0.0344299972057343 0.0177056603133678 0.0226824842393398 0.0241101756691933 0.0156983286142349 0.0130554577335715 0.0112635409459472 0.00851256400346756 0.00757573544979095 0.00641043996438384 0.00572254974395037 0.00509890075773001 0.00465015508234501 0.00449545867741108 0.00432054651901126 0.00350843952037394 0.00316089438274503 0.00277422438375652
0.00528972502797842 0.005014777649194 0.00468808179721236 0.00423951959237456 0.0037632214371115 0.00373847084119916 0.0073567540384829 0.0208264384418726 0.0262915436178446 0.033730573952198 0.0201846100389957 0.0382959321141243 0.0167537909001112 0.0146706104278564 0.025747288018465 0.015625286847353 0.0124364020302892 0.0104567175731063 0.00866780150681734 0.00749754579737782 0.00678581092506647 0.0057502519339323 0.0048052272759378 0.00422084517776966 0.00440606288611889 0.00370821519754827 0.00295299594290555 0.00283040362410247 0.00226596766151488
0.00536420335993171 0.0053188307210803 0.00461101671680808 0.00455313501879573 0.00492097809910774 0.00536743691191077 0.00998979806900024 0.0126556996256113 0.0217488445341587 0.0346525050699711 0.0374727323651314 0.0373935401439667 0.0222324803471565 0.0155334994196892 0.0266481190919876 0.0194720663130283 0.0127716362476349 0.0108928941190243 0.00903287343680859 0.0070782033726573 0.00679968856275082 0.00514668924733996 0.00477021606639028 0.00397258577868342 0.00308009772561491 0.00298222270794213 0.00292619480751455 0.00220340490341187 0.00107476417906582
0.00558279966935515 0.00527003034949303 0.00501406285911798 0.00487196771427989 0.00578051758930087 0.00638714153319597 0.00810905545949936 0.0210211873054504 0.034284021705389 0.0335522815585136 0.0218133963644505 0.0249159298837185 0.0345574580132961 0.035753171890974 0.0267798583954573 0.0190261919051409 0.0151748433709145 0.0116040175780654 0.00884624570608139 0.00722818309441209 0.00614914577454329 0.00524041475728154 0.00466442154720426 0.00378386955708265 0.00334351533092558 0.00264480896294117 0.0015424172161147 0.00221373676322401 0.00116587127558887
0.00553782237693667 0.00486763520166278 0.00448650494217873 0.00452736159786582 0.00540884677320719 0.00481837708503008 0.0146958930417895 0.0251125209033489 0.0244059097021818 0.0244466848671436 0.0184231214225292 0.0188270322978497 0.0242299530655146 0.0194222945719957 0.0246845800429583 0.0206489469856024 0.0159464050084352 0.0109106618911028 0.00830354820936918 0.00676634488627315 0.00551151903346181 0.00486993649974465 0.00419033505022526 0.00384089350700378 0.0030586130451411 0.00291386456228793 0.00147810019552708 0.00127346278168261 0.0010120696388185
0.00738140614703298 0.00545027945190668 0.00309161259792745 0.00278530642390251 0.00463726231828332 0.00392329785972834 0.0050889840349555 0.0192908681929111 0.0180523749440908 0.0156937837600708 0.0207674726843834 0.0162119287997484 0.0186143927276134 0.0166062824428082 0.0233319886028767 0.016535259783268 0.0155989592894912 0.0111168110743165 0.0100779319182038 0.0074647506698966 0.00542013486847281 0.00480516068637371 0.00425706617534161 0.00365778710693121 0.00334111507982016 0.00294023542664945 0.00143120298162103 0.00127335940487683 0.0011316416785121
0.00613221293315291 0.00528197735548019 0.00473736599087715 0.00363718182779849 0.00415803259238601 0.00422509759664536 0.00520027289167047 0.00455798069015145 0.0116545474156737 0.0236677043139935 0.0154486317187548 0.0128658954054117 0.0139589738100767 0.0146204922348261 0.019228745251894 0.0178892351686954 0.0157195441424847 0.0132559956982732 0.00928846001625061 0.00881380960345268 0.00634596310555935 0.00516675272956491 0.00410977425053716 0.00341565860435367 0.00325253722257912 0.00266418443061411 0.00256859185174108 0.00142215797677636 0.00110121560283005
0.00559990014880896 0.00595619203522801 0.00487287016585469 0.00427683629095554 0.00395821733400226 0.0044605853036046 0.00513453455641866 0.00487730605527759 0.0169118288904428 0.0265408903360367 0.0206880923360586 0.0158352013677359 0.0136125050485134 0.0121145993471146 0.0143774216994643 0.0163180250674486 0.0126940365880728 0.0101479860022664 0.00881036370992661 0.00792013760656118 0.00658614141866565 0.00616580247879028 0.00440135644748807 0.00359290326014161 0.00297900498844683 0.00271029071882367 0.00236368225887418 0.00197985698468983 0.00113741063978523
0.00543968845158815 0.00585322640836239 0.00379561120644212 0.00250404071994126 0.00248341867700219 0.00445709610357881 0.00544314179569483 0.00432281941175461 0.0141600584611297 0.0203848332166672 0.0291376113891602 0.0157177019864321 0.0118103632703424 0.0121772671118379 0.0124389287084341 0.0143550559878349 0.0117738703265786 0.0088297501206398 0.00778818177059293 0.006593048106879 0.00565415481105447 0.00355273601599038 0.00488913618028164 0.00234543695114553 0.00285617751069367 0.00140210962854326 0.00133839680347592 0.00111652864143252 0.000961338286288083
0.0055061811581254 0.00547673366963863 0.00397234549745917 0.00232543190941215 0.00426241476088762 0.00588306318968534 0.0060392958112061 0.00486097577959299 0.0147022008895874 0.0205701254308224 0.0284626819193363 0.0258987862616777 0.023254781961441 0.0156897343695164 0.0113150682300329 0.0115406392142177 0.0101948697119951 0.00930594746023417 0.00739976996555924 0.00580666214227676 0.00483699236065149 0.00453153438866138 0.00429064780473709 0.00265643908642232 0.00214464799501002 0.00166511803399771 0.00140900199767202 0.00125854217913002 0.00136365392245352
0.00567027553915977 0.00514622777700424 0.00375362881459296 0.00337391556240618 0.00552358105778694 0.00585298100486398 0.00723811937496066 0.00749899912625551 0.00558768678456545 0.0238710101693869 0.0293574668467045 0.0317231863737106 0.0302727017551661 0.0262633804231882 0.0180836319923401 0.0115047246217728 0.0112118376418948 0.0089489771053195 0.00707237655296922 0.00593652063980699 0.0052801426500082 0.0042720977216959 0.00380625389516354 0.00237878924235702 0.00231565441936255 0.00229482771828771 0.00164035905618221 0.00137720885686576 0.00117681582923979
0.00539970444515347 0.00389463710598648 0.00342453853227198 0.00422552041709423 0.0051235961727798 0.00503795919939876 0.00566988624632359 0.00698433956131339 0.0207984521985054 0.00930176209658384 0.0286662857979536 0.0284005738794804 0.0282354336231947 0.0226326324045658 0.018514595925808 0.0148927411064506 0.0115754986181855 0.00892131868749857 0.00708351703360677 0.00605098670348525 0.00465937936678529 0.0037322745192796 0.00363625772297382 0.00331974215805531 0.00187170773278922 0.0018865957390517 0.00175877287983894 0.00163036165758967 0.00128347345162183
0.00587313808500767 0.00551947252824903 0.00464578764513135 0.00448888866230845 0.0051745786331594 0.00515473354607821 0.00457586906850338 0.00485645513981581 0.00556810898706317 0.0181098394095898 0.0259209424257278 0.0284646414220333 0.0274194702506065 0.0221186187118292 0.018586091697216 0.0151223745197058 0.0120599949732423 0.0108851138502359 0.00852035544812679 0.0073889996856451 0.0066821570508182 0.0051911985501647 0.00436660181730986 0.00249083805829287 0.00238571618683636 0.00186420977115631 0.00156418594997376 0.00151172163896263 0.00122183398343623
0.00719473138451576 0.0063769044354558 0.00380422896705568 0.00383138726465404 0.00527663435786963 0.00572966085746884 0.00504859676584601 0.00497261807322502 0.00600330485031009 0.00517415488138795 0.0183588396757841 0.0179312285035849 0.0179963670670986 0.0195586271584034 0.0160463992506266 0.0127092013135552 0.0112268403172493 0.00980779714882374 0.00820603780448437 0.00754986610263586 0.00656735058873892 0.00333290034905076 0.00326805259101093 0.00261947349645197 0.00235640280880034 0.00195333664305508 0.0014101619599387 0.00119872309733182 0.00119960587471724
0.00615372834727168 0.00522150285542011 0.00395337864756584 0.00380843318998814 0.00504889991134405 0.00629884516820312 0.00646828161552548 0.00528505677357316 0.00444646365940571 0.00489993253722787 0.0139650478959084 0.015649750828743 0.0178262554109097 0.0167991537600756 0.0139263970777392 0.00994495674967766 0.00897299591451883 0.00850661564618349 0.00810292642563581 0.00756464339792728 0.00662429723888636 0.00331631931476295 0.0029032533057034 0.00390941696241498 0.00199177023023367 0.001788598485291 0.00136071327142417 0.00130167591851205 0.00120478507596999
0.00169091124553233 0.00414342619478703 0.00327073782682419 0.00430587958544493 0.00560731906443834 0.00699823908507824 0.00724736275151372 0.00699976272881031 0.00440412014722824 0.00391012756153941 0.00502664921805263 0.0161972716450691 0.0157561879605055 0.0152601897716522 0.0126517238095403 0.0103219682350755 0.00854393467307091 0.00749085936695337 0.00629151612520218 0.00772240152582526 0.00694646686315536 0.00587724288925529 0.00505927531048656 0.00252205855213106 0.00210964540019631 0.00190256582573056 0.00147704116534442 0.00141159165650606 0.000539134140126407
0.0017945395084098 0.0014123177388683 0.00118554034270346 0.00312015088275075 0.00508305709809065 0.00736413476988673 0.00743287103250623 0.00727100064978004 0.00499393744394183 0.00421519856899977 0.0137939210981131 0.0153336506336927 0.0154963284730911 0.0141982408240438 0.011409561149776 0.00994495488703251 0.00813411921262741 0.00693437969312072 0.00709717907011509 0.00767235597595572 0.00629161717370152 0.00519432360306382 0.00371104152873158 0.00342741142958403 0.00272881216369569 0.000675814691931009 0.00141611276194453 0.000563582289032638 0.000498162175063044
0.00180938607081771 0.00157376914285123 0.00351602653972805 0.00302295968867838 0.00465713953599334 0.0071055581793189 0.00754585629329085 0.00718095758929849 0.00517164077609777 0.00414887629449368 0.00452376296743751 0.014148173853755 0.0140776103362441 0.0112070078030229 0.0117899850010872 0.00963509548455477 0.0070464457385242 0.00653759157285094 0.00618213647976518 0.00654518092051148 0.00440157670527697 0.00421851966530085 0.00354631477966905 0.0028056725859642 0.00257314392365515 0.00211392040364444 0.000700730655808002 0.000498771783895791 0.000498422014061362
0.00162749877199531 0.00150996597949415 0.00124823045916855 0.00545787392184138 0.00581710692495108 0.00617698160931468 0.00676511321216822 0.00670573487877846 0.00633616838604212 0.00422020582482219 0.012862260453403 0.013181465677917 0.0176339726895094 0.0141581743955612 0.0114197302609682 0.00920514203608036 0.00757199060171843 0.0069707315415144 0.00636876933276653 0.00712536787614226 0.00688214600086212 0.00520212156698108 0.00309179094620049 0.00245517119765282 0.00234946864657104 0.00188217638060451 0.000657388125546277 0.000635990174487233 0.000491350016091019
0.00201586936600506 0.00175153452437371 0.00144954770803452 0.00129333091899753 0.0042524179443717 0.00629553804174066 0.00529794488102198 0.00558655243366957 0.00670022564008832 0.0061913370154798 0.0164642594754696 0.0198432877659798 0.0174047518521547 0.0120486980304122 0.0120778046548367 0.00911915674805641 0.00926491245627403 0.0097749549895525 0.00902516674250364 0.00730118434876204 0.00356270698830485 0.00365825463086367 0.00278589548543096 0.00246811984106898 0.00172237702645361 0.00169775157701224 0.00150602567009628 0.00116035912651569 0.000547162722796202
0.0021257393527776 0.00185794522985816 0.00145883741788566 0.00405979622155428 0.00502414209768176 0.00549786956980824 0.00570259569212794 0.00567353563383222 0.00500721903517842 0.00549602461978793 0.00597248692065477 0.0197492111474276 0.0155094685032964 0.0122337834909558 0.00979445688426495 0.0099963890388608 0.00953631568700075 0.00964115280658007 0.00841292459517717 0.00468740984797478 0.00602236716076732 0.0036756731569767 0.00290138181298971 0.00238961237482727 0.0017667351057753 0.0016885157674551 0.00134393002372235 0.000676827155984938 0.000480936403619125
0.003638771828264 0.00659062340855598 0.0062078945338726 0.0053210873156786 0.00631626741960645 0.00569559261202812 0.00456486316397786 0.00570902833715081 0.00593774439767003 0.00464805029332638 0.00476649636402726 0.0144851133227348 0.0154008651152253 0.0120862722396851 0.0100168641656637 0.00795863941311836 0.00687746983021498 0.00592131493613124 0.0045395246706903 0.00442788703367114 0.0041070762090385 0.00365829211659729 0.0019864640198648 0.00279549998231232 0.00209586299024522 0.000807508768048137 0.000637763587292284 0.000504183932207525 0.000481679395306855
0.00451756408438087 0.00417479453608394 0.00650685606524348 0.00394056690856814 0.00401690974831581 0.00507408147677779 0.00518289720639586 0.00568752828985453 0.00600375887006521 0.00509521458297968 0.00496173789724708 0.0148458322510123 0.0142556689679623 0.0115451524034142 0.00958563946187496 0.00756198540329933 0.00682400166988373 0.00581040978431702 0.00471640937030315 0.00404623290523887 0.00357884867116809 0.00302149751223624 0.00273104943335056 0.0023969984613359 0.000692962144967169 0.000733490625862032 0.000588931201491505 0.000598879822064191 0.000571027689147741
0.00449307588860393 0.00361202657222748 0.0053653372451663 0.00457129115238786 0.00354143907316029 0.0036273542791605 0.00486881239339709 0.00516195548698306 0.00490413885563612 0.00577418506145477 0.0057815439067781 0.00489461328834295 0.0131409699097276 0.0103544984012842 0.0103352190926671 0.00929237529635429 0.00673823757097125 0.00566580984741449 0.00515019427984953 0.00419355742633343 0.00391684472560883 0.00108605972491205 0.000980541459284723 0.00240979087539017 0.000699481053743511 0.000634997733868659 0.000625528744421899 0.000510599522385746 0.000597525446210057
0.00469516636803746 0.00429154001176357 0.0070316456258297 0.0058855377137661 0.00445852894335985 0.00101626291871071 0.00346468086354434 0.00413528503850102 0.00479309167712927 0.0060286782681942 0.00508921965956688 0.00443012872710824 0.00388898118399084 0.00373852276243269 0.0032035494223237 0.00892246142029762 0.00300364871509373 0.00289480644278228 0.00224294327199459 0.00200577103532851 0.00150540715549141 0.00120674213394523 0.000882865162566304 0.000840603723190725 0.000632542592938989 0.000700314238201827 0.000611161987762898 0.000461550516774878 0.000450907362392172
0.00422020209953189 0.00394194945693016 0.00385870086029172 0.00569555955007672 0.00551011087372899 0.0042210528627038 0.00336179789155722 0.0054162354208529 0.00535982521250844 0.00523350248113275 0.00447245733812451 0.00460182083770633 0.00400090776383877 0.00351409334689379 0.00359311094507575 0.0031290443148464 0.00284133548848331 0.00282124662771821 0.00232702307403088 0.00144875410478562 0.00142352795228362 0.00138987996615469 0.00113261584192514 0.000791082507930696 0.000739198294468224 0.000671992136631161 0.000608118483796716 0.000477601686725393 0.000465643592178822
