data/climate_estimation/maxent_output/Lilium_sulphureum.asc
NCOLS 134 
NROWS 80 
XLLCORNER 99.6666666666667 
YLLCORNER 23.4166666666667 
CELLSIZE 0.0833333333333334 
NODATA_value -3.4e+38 
[rows 0 to 19 of 80, columns 0 to 43 of 134]
0.018827645108104 0.0316096507012844 0.0617341995239258 0.0448368191719055 0.0967814698815346 0.296620786190033 0.226167634129524 0.148653417825699 0.195083558559418 0.09820955991745 0.138976395130157 0.270222723484039 0.413502424955368 0.160482719540596 0.233085781335831 0.514289021492004 0.662200808525085 0.384072333574295 0.387202501296997 0.152201443910599 0.0880651026964188 0.267417192459106 0.325375348329544 0.213554561138153 0.10198201239109 0.0742528513073921 0.102906778454781 0.45890799164772 0.164312750101089 0.736788034439087 0.820399343967438 0.425644159317017 0.750531435012817 0.924949288368225 0.959132194519043 0.984512865543365 0.996014595031738 0.998688340187073 0.999219119548798 0.999102413654327 0.999471664428711 0.998998045921326 0.999462306499481 0.99951446056366
0.0180548410862684 0.0266331154853106 0.122048929333687 0.0700928196310997 0.061473373323679 0.151639267802238 0.380394637584686 0.413511335849762 0.16339422762394 0.210679739713669 0.266443610191345 0.151511922478676 0.380580395460129 0.245244339108467 0.110681965947151 0.402976959943771 0.667752802371979 0.260220110416412 0.0899751931428909 0.0647850707173347 0.183299392461777 0.205374911427498 0.273792117834091 0.282114803791046 0.089835524559021 0.0720487013459206 0.148859515786171 0.298440933227539 0.0162896942347288 0.3924640417099 0.874665558338165 0.672904253005981 0.883485198020935 0.940712451934814 0.954263627529144 0.960646331310272 0.988072216510773 0.998157441616058 0.998937427997589 0.999450922012329 0.999549627304077 0.998942792415619 0.999458014965057 0.998938858509064
0.0472767129540443 0.182681918144226 0.192021638154984 0.126047939062119 0.0453295931220055 0.0465936586260796 0.0549377389252186 0.310541808605194 0.293664455413818 0.227613896131516 0.293361485004425 0.105735130608082 0.0628854408860207 0.147124215960503 0.346216112375259 0.16427081823349 0.56952041387558 0.564955174922943 0.121579863131046 0.205741599202156 0.234572768211365 0.15798419713974 0.252154290676117 0.287252396345139 0.103184580802917 0.0354562513530254 0.0407235585153103 0.0634911507368088 0.162285834550858 0.598319113254547 0.904869139194489 0.705008864402771 0.849751353263855 0.884006440639496 0.939274489879608 0.972753703594208 0.990413129329681 0.995553493499756 0.998372793197632 0.998604774475098 0.999475300312042 0.999539792537689 0.998800456523895 0.99839198589325
0.264731675386429 0.407967507839203 0.137764200568199 0.0651631876826286 0.0377170033752918 0.0615430437028408 0.176133945584297 0.17530158162117 0.452956438064575 0.268627732992172 0.092166893184185 0.0970548540353775 0.145203024148941 0.0448217205703259 0.20803502202034 0.545722901821136 0.44895738363266 0.652774572372437 0.169968217611313 0.172059878706932 0.0914826467633247 0.204673141241074 0.34063509106636 0.217828124761581 0.0690406188368797 0.0245105903595686 0.00783581845462322 0.0288446471095085 0.485022753477097 0.469074457883835 0.917767703533173 0.844254195690155 0.743938148021698 0.945080578327179 0.963458240032196 0.98042106628418 0.990163266658783 0.995603799819946 0.99815958738327 0.997140884399414 0.99900758266449 0.999353528022766 0.999156355857849 0.999499678611755
0.0874079540371895 0.303137063980103 0.179703995585442 0.11138429492712 0.0694530084729195 0.120722390711308 0.21893085539341 0.444653689861298 0.472181290388107 0.243184804916382 0.245896592736244 0.0892079025506973 0.199280142784119 0.0799014046788216 0.0428427308797836 0.264207780361176 0.628344476222992 0.511436104774475 0.069702610373497 0.0587931945919991 0.137269109487534 0.345727145671844 0.196043521165848 0.157382369041443 0.0674305856227875 0.0312333796173334 0.00857157539576292 0.350929081439972 0.806226313114166 0.808075845241547 0.922853291034698 0.799465596675873 0.88370406627655 0.908261060714722 0.964807033538818 0.9682377576828 0.988004565238953 0.992493510246277 0.995755016803741 0.995649397373199 0.998499274253845 0.999091327190399 0.999368965625763 0.999545872211456
0.0938535928726196 0.402109414339066 0.215411350131035 0.0915873646736145 0.0846922174096107 0.0334273539483547 0.0520178861916065 0.0613199099898338 0.21039754152298 0.257136404514313 0.0904449000954628 0.38137298822403 0.129548132419586 0.183141112327576 0.212759867310524 0.279431462287903 0.554246008396149 0.494712680578232 0.0352325476706028 0.0571157969534397 0.39870297908783 0.177037924528122 0.23614801466465 0.0724813640117645 0.115863189101219 0.0392570234835148 0.00170731311663985 0.00295309303328395 0.641996026039124 0.91464501619339 0.929566621780396 0.804437577724457 0.917130351066589 0.955702781677246 0.952892601490021 0.944975137710571 0.97450190782547 0.988062381744385 0.992790699005127 0.993553936481476 0.997500658035278 0.998011350631714 0.999191462993622 0.999329328536987
0.130453124642372 0.286210954189301 0.334999561309814 0.134744137525558 0.106672674417496 0.0446016415953636 0.0429934710264206 0.0393776446580887 0.0649992898106575 0.0537322536110878 0.108915701508522 0.299872308969498 0.219216242432594 0.07529466599226 0.0754324123263359 0.204552590847015 0.129543781280518 0.697979688644409 0.0542928129434586 0.241984710097313 0.33556666970253 0.0813055634498596 0.116996966302395 0.0739180371165276 0.112768746912479 0.179171964526176 0.0046551008708775 0.0646019503474236 0.409604012966156 0.92485785484314 0.935033559799194 0.802861750125885 0.914549171924591 0.95768141746521 0.960363566875458 0.973682641983032 0.954330444335938 0.975856482982635 0.973982036113739 0.992131471633911 0.992047667503357 0.996496379375458 0.996341168880463 0.996699333190918
0.218352869153023 0.178122028708458 0.462191373109818 0.157622709870338 0.135253295302391 0.0550582818686962 0.0432794205844402 0.048658225685358 0.065032958984375 0.084465928375721 0.14299875497818 0.335830718278885 0.23856520652771 0.109416149556637 0.194277003407478 0.0989285781979561 0.0892225280404091 0.627199113368988 0.364135295152664 0.527210175991058 0.0698242112994194 0.338692992925644 0.192935287952423 0.185438007116318 0.0686629489064217 0.0607924535870552 0.374638497829437 0.11563378572464 0.460960686206818 0.935652136802673 0.918296039104462 0.939593434333801 0.868682563304901 0.928659021854401 0.968569457530975 0.944478929042816 0.978320121765137 0.925895869731903 0.934851169586182 0.976590692996979 0.981100916862488 0.987784743309021 0.99392169713974 0.997763574123383
0.310437738895416 0.154641762375832 0.232581779360771 0.0521527640521526 0.144577771425247 0.0758746787905693 0.0420291535556316 0.0682828351855278 0.107880838215351 0.1806331127882 0.08389662951231 0.0862974375486374 0.4067063331604 0.229754105210304 0.417346686124802 0.582128882408142 0.882380843162537 0.702570080757141 0.42414978146553 0.261957973241806 0.0765542909502983 0.112138159573078 0.112158305943012 0.0855025798082352 0.0276466440409422 0.0457091927528381 0.393666654825211 0.658721923828125 0.906956613063812 0.945709526538849 0.93750536441803 0.953114807605743 0.930585205554962 0.963480353355408 0.972059786319733 0.920496821403503 0.972969472408295 0.984010398387909 0.976833045482635 0.990119278430939 0.992797017097473 0.996089041233063 0.997328162193298 0.997522354125977
0.275028377771378 0.223678484559059 0.537425637245178 0.0798344761133194 0.088718056678772 0.0837683156132698 0.0521351657807827 0.0380452796816826 0.0989660918712616 0.223846286535263 0.178993880748749 0.0931321009993553 0.199350938200951 0.471654891967773 0.185245022177696 0.51961612701416 0.90091872215271 0.2298544049263 0.0396150611341 0.0429988577961922 0.0465145036578178 0.112945884466171 0.108839467167854 0.0564650408923626 0.0332453288137913 0.127455607056618 0.0313729457557201 0.0489622093737125 0.475133866071701 0.76021683216095 0.952593088150024 0.904585540294647 0.960131108760834 0.913879692554474 0.930128872394562 0.921960592269897 0.956337809562683 0.970529794692993 0.986701667308807 0.994093656539917 0.995361804962158 0.993822276592255 0.995528101921082 0.995443105697632
0.30094775557518 0.0783688575029373 0.281259506940842 0.2187769562006 0.0866169929504395 0.104387894272804 0.0429792776703835 0.0506985075771809 0.0522779375314713 0.0949809551239014 0.300771504640579 0.163396894931793 0.371092170476913 0.49935981631279 0.252512186765671 0.378074198961258 0.912162244319916 0.239287808537483 0.034809984266758 0.0507432408630848 0.0715377256274223 0.286310404539108 0.220740079879761 0.0571070089936256 0.0482104420661926 0.0829093456268311 0.24463963508606 0.708507120609283 0.880552649497986 0.953833818435669 0.960733711719513 0.934605836868286 0.911746919155121 0.975170910358429 0.975837886333466 0.98033481836319 0.98148113489151 0.98017805814743 0.978919327259064 0.991861999034882 0.990862309932709 0.991859078407288 0.990796983242035 0.995818316936493
0.151517376303673 0.14461013674736 0.475445747375488 0.181369334459305 0.0520479902625084 0.107688523828983 0.210044249892235 0.121916100382805 0.0740455240011215 0.071410283446312 0.33515140414238 0.496543943881989 0.219783335924149 0.244594439864159 0.294393181800842 0.170260384678841 0.700006484985352 0.911813735961914 0.229318350553513 0.0862497016787529 0.453637391328812 0.280084550380707 0.348917543888092 0.0728066712617874 0.119958095252514 0.128990918397903 0.0807119533419609 0.417152017354965 0.916855275630951 0.962063610553741 0.906096518039703 0.971575915813446 0.964758217334747 0.977793335914612 0.975333273410797 0.978737413883209 0.981630861759186 0.986840128898621 0.98684173822403 0.99130243062973 0.991185426712036 0.990972578525543 0.991931021213531 0.993838787078857
0.331529200077057 0.172785505652428 0.699679374694824 0.234187081456184 0.0571196377277374 0.0591332204639912 0.222005665302277 0.406820863485336 0.315579921007156 0.193297237157822 0.310169279575348 0.705070495605469 0.414626955986023 0.308555245399475 0.506412923336029 0.111175715923309 0.454839706420898 0.944687485694885 0.601998031139374 0.248994871973991 0.323767513036728 0.678211092948914 0.545248091220856 0.134295925498009 0.0662056282162666 0.258720695972443 0.149514928460121 0.66223818063736 0.961773455142975 0.241608172655106 0.441030830144882 0.975620329380035 0.978621661663055 0.967443823814392 0.979602098464966 0.977994084358215 0.957158088684082 0.972726404666901 0.98239129781723 0.954181551933289 0.992084562778473 0.991408884525299 0.991057991981506 0.982499957084656
0.354841589927673 0.713095366954803 0.44494441151619 0.0802290961146355 0.0467791371047497 0.0441524349153042 0.0916248708963394 0.203335762023926 0.0814831778407097 0.0602436885237694 0.05887595936656 0.201388865709305 0.780003488063812 0.355641901493073 0.674892723560333 0.229145258665085 0.181059777736664 0.904403746128082 0.890951097011566 0.154420107603073 0.183690205216408 0.325977742671967 0.890554845333099 0.131382390856743 0.133250966668129 0.469796866178513 0.269542098045349 0.827171087265015 0.599488317966461 0.666013121604919 0.882027387619019 0.979880213737488 0.935672760009766 0.774815797805786 0.973096132278442 0.985172986984253 0.945645987987518 0.955228269100189 0.965258777141571 0.794926464557648 0.989154934883118 0.990839183330536 0.990925848484039 0.972777247428894
0.0740823149681091 0.677270650863647 0.503797471523285 0.0456015355885029 0.0423576161265373 0.061077494174242 0.0872582495212555 0.101525232195854 0.372696429491043 0.427429288625717 0.50098717212677 0.816943228244781 0.807073056697845 0.435712546110153 0.902468025684357 0.433805525302887 0.522942841053009 0.864268779754639 0.960050165653229 0.245661929249763 0.568222522735596 0.180617690086365 0.863834619522095 0.764446198940277 0.24332882463932 0.56343948841095 0.301852017641068 0.498637318611145 0.475576490163803 0.815357148647308 0.960868120193481 0.978331685066223 0.895903289318085 0.484703183174133 0.986915290355682 0.980486571788788 0.967631042003632 0.965915262699127 0.981915831565857 0.935793161392212 0.98753160238266 0.978201270103455 0.987734913825989 0.988306760787964
0.186675637960434 0.831398010253906 0.719102621078491 0.111343167722225 0.0556802190840244 0.0842375531792641 0.163857609033585 0.109563931822777 0.127116367220879 0.608743011951447 0.855527222156525 0.840583562850952 0.637987852096558 0.216452062129974 0.88844108581543 0.756898820400238 0.605176031589508 0.965025901794434 0.916200220584869 0.909073531627655 0.258183687925339 0.216453865170479 0.160059913992882 0.901170969009399 0.833224415779114 0.885588765144348 0.410120964050293 0.532107591629028 0.968161702156067 0.978729367256165 0.984159350395203 0.98534220457077 0.788905560970306 0.88684207201004 0.98495477437973 0.988736748695374 0.984722316265106 0.98896062374115 0.987671911716461 0.930876016616821 0.983661711215973 0.933885157108307 0.984982967376709 0.98472261428833
0.756909966468811 0.6888347864151 0.409593224525452 0.0590183101594448 0.0530398599803448 0.131890311837196 0.215039953589439 0.130948409438133 0.0545332692563534 0.158566445112228 0.75761091709137 0.587380588054657 0.151577711105347 0.203931510448456 0.870475471019745 0.816785156726837 0.578817784786224 0.723610818386078 0.981836497783661 0.456922024488449 0.206475898623466 0.625520825386047 0.683520495891571 0.956462264060974 0.979680001735687 0.858683824539185 0.952517986297607 0.970567345619202 0.70195871591568 0.987125217914581 0.981426656246185 0.986984252929688 0.460088670253754 0.989313423633575 0.972902655601501 0.988801956176758 0.957271456718445 0.986164271831512 0.980039775371552 0.864599466323853 0.973800539970398 0.982782602310181 0.978663980960846 0.957932353019714
0.906211853027344 0.252138733863831 0.0728222131729126 0.0560359135270119 0.0584363155066967 0.110071182250977 0.338606297969818 0.505618810653687 0.277333706617355 0.732349872589111 0.947502851486206 0.531918704509735 0.405638694763184 0.188503056764603 0.929920732975006 0.489453166723251 0.315204203128815 0.891882658004761 0.983642637729645 0.51093327999115 0.268772304058075 0.315057247877121 0.41253137588501 0.980678260326385 0.988755106925964 0.986874639987946 0.985601246356964 0.990399897098541 0.915688812732697 0.987457633018494 0.982131958007812 0.980913937091827 0.781055569648743 0.987928092479706 0.984645426273346 0.98676997423172 0.941470623016357 0.949761927127838 0.779617488384247 0.890513122081757 0.956304669380188 0.976828753948212 0.815633177757263 0.921160757541656
0.842249870300293 0.247218176722527 0.183347404003143 0.0682019367814064 0.0815051645040512 0.182879790663719 0.484439849853516 0.624684810638428 0.834105014801025 0.664786875247955 0.824918150901794 0.890618562698364 0.580655813217163 0.420687049627304 0.97827011346817 0.718955755233765 0.440881043672562 0.834641575813293 0.985402941703796 0.886139452457428 0.291083008050919 0.893749535083771 0.821922898292542 0.615453720092773 0.990375757217407 0.991176307201385 0.991957366466522 0.992181658744812 0.992178320884705 0.978022038936615 0.978618562221527 0.938234806060791 0.9339639544487 0.986509144306183 0.989638924598694 0.987644612789154 0.978435158729553 0.962728440761566 0.874177515506744 0.980648577213287 0.980828404426575 0.979749619960785 0.862562239170074 0.956936657428741
0.247519239783287 0.514476776123047 0.162626788020134 0.138142675161362 0.248095884919167 0.206679195165634 0.444262564182281 0.103799417614937 0.196099653840065 0.138968676328659 0.879001557826996 0.90627783536911 0.409187614917755 0.554991781711578 0.982714414596558 0.9002645611763 0.669068336486816 0.790602087974548 0.985092341899872 0.984782516956329 0.811566233634949 0.482162952423096 0.984258592128754 0.946038007736206 0.992841720581055 0.989437818527222 0.985782444477081 0.972026646137238 0.99027156829834 0.97867351770401 0.981060683727264 0.982796609401703 0.988946378231049 0.992687225341797 0.991641700267792 0.989162027835846 0.990667521953583 0.975950002670288 0.975077688694 0.986879885196686 0.982755124568939 0.981886744499207 0.851478815078735 0.973272442817688
