data/climate_estimation/maxent_output/Lilium_pumilum.asc
NCOLS 567 
NROWS 410 
XLLCORNER 89.0833333333333 
YLLCORNER 28.5833333333333 
CELLSIZE 0.0833333333333333 
NODATA_value -3.4e+38 
[rows 190 to 208 of 410, columns 176 to 219 of 567]
0.476488530635834 0.607157588005066 0.368676155805588 0.369805455207825 0.58685290813446 0.622868120670319 0.644420623779297 0.650350749492645 0.617922723293304 0.336061418056488 0.316244900226593 0.299483120441437 0.269165426492691 0.235280692577362 0.222205981612206 0.213352546095848 0.225278690457344 0.241966858506203 0.31576207280159 0.365494549274445 0.377214998006821 0.362313687801361 0.352986872196198 0.340305179357529 0.277250349521637 0.236881002783775 0.280054152011871 0.352194905281067 0.348509222269058 0.366871327161789 0.369839429855347 0.386841952800751 0.390948057174683 0.318600654602051 0.301047116518021 0.3112673163414 0.304469048976898 0.306385606527328 0.328699737787247 0.357878714799881 0.394500732421875 0.411521673202515 0.420671314001083 0.411929726600647
0.495021164417267 0.465269356966019 0.380853414535522 0.367995619773865 0.603417932987213 0.61113166809082 0.510899007320404 0.363534986972809 0.345955967903137 0.316032111644745 0.333561480045319 0.300913393497467 0.288771420717239 0.304324090480804 0.227630868554115 0.218084916472435 0.229425072669983 0.247169196605682 0.320291340351105 0.348854094743729 0.359318315982819 0.338498830795288 0.255670547485352 0.236689388751984 0.218461453914642 0.200894549489021 0.219686791300774 0.242229774594307 0.264624953269958 0.285042196512222 0.282725095748901 0.285567402839661 0.296632379293442 0.301463305950165 0.307797014713287 0.301504462957382 0.306463450193405 0.314742147922516 0.309335172176361 0.327304095029831 0.350001007318497 0.356915295124054 0.37592625617981 0.398046761751175
0.517568171024323 0.508418679237366 0.485559821128845 0.452567517757416 0.456720679998398 0.466973721981049 0.349504083395004 0.326884567737579 0.299740821123123 0.300388664007187 0.332273155450821 0.316986739635468 0.292251586914062 0.331536144018173 0.246859028935432 0.247890993952751 0.24770575761795 0.320831328630447 0.347470611333847 0.346944868564606 0.325308352708817 0.238980606198311 0.212295576930046 0.212219908833504 0.22981134057045 0.229602426290512 0.2220229357481 0.224806413054466 0.230759933590889 0.232536733150482 0.233882561326027 0.247451066970825 0.269202142953873 0.288932621479034 0.309368818998337 0.293729573488235 0.310360729694366 0.31612491607666 0.289078921079636 0.290159910917282 0.312893956899643 0.33750718832016 0.362219095230103 0.360998779535294
0.524952113628387 0.515291154384613 0.478661119937897 0.372267514467239 0.363173127174377 0.364460527896881 0.347454488277435 0.332108229398727 0.312287539243698 0.311657786369324 0.321924418210983 0.324373453855515 0.319530695676804 0.376922249794006 0.346564054489136 0.334885269403458 0.334904134273529 0.321027934551239 0.322525858879089 0.322786003351212 0.243516832590103 0.202598422765732 0.214320212602615 0.248542994260788 0.325294107198715 0.321996986865997 0.315304279327393 0.249701246619225 0.252772182226181 0.23672117292881 0.229523107409477 0.230597093701363 0.230597093701363 0.232807010412216 0.255427420139313 0.254360526800156 0.255197763442993 0.273978769779205 0.295064330101013 0.295696824789047 0.292535692453384 0.283941864967346 0.304220169782639 0.335563987493515
0.491375654935837 0.45914289355278 0.460182785987854 0.364267587661743 0.326580077409744 0.334411829710007 0.353367388248444 0.333426058292389 0.343295216560364 0.342337995767593 0.323004215955734 0.382156759500504 0.372648417949677 0.370117604732513 0.345155090093613 0.321654558181763 0.321369260549545 0.240732133388519 0.307988524436951 0.23149000108242 0.218258157372475 0.205617725849152 0.222676426172256 0.249726042151451 0.306396543979645 0.250592052936554 0.235927179455757 0.21423827111721 0.229140117764473 0.238334596157074 0.217692866921425 0.215642809867859 0.218579798936844 0.209830731153488 0.213847637176514 0.231743291020393 0.254390269517899 0.2572141289711 0.256431311368942 0.273451030254364 0.274439215660095 0.271961212158203 0.269501239061356 0.289059191942215
0.401241362094879 0.402384847402573 0.418649643659592 0.396922320127487 0.378333359956741 0.36314070224762 0.373505920171738 0.362372219562531 0.364289373159409 0.343060046434402 0.340347349643707 0.351350605487823 0.330100417137146 0.331977754831314 0.318514466285706 0.294500201940536 0.242853790521622 0.217715710401535 0.237004637718201 0.220530316233635 0.209220111370087 0.208036974072456 0.223430916666985 0.237690612673759 0.295053154230118 0.233310222625732 0.201318487524986 0.198476359248161 0.187159523367882 0.201398372650146 0.196868449449539 0.185516878962517 0.183794692158699 0.183950290083885 0.197169452905655 0.201048761606216 0.213912665843964 0.218179509043694 0.235838338732719 0.250218868255615 0.248449429869652 0.245522737503052 0.248490259051323 0.264957666397095
0.372761100530624 0.402378112077713 0.389216870069504 0.361709415912628 0.339606791734695 0.327032953500748 0.341880708932877 0.352602541446686 0.363733321428299 0.317013800144196 0.303447425365448 0.317781776189804 0.292996734380722 0.294237911701202 0.231121003627777 0.231179520487785 0.216481417417526 0.20622706413269 0.209942817687988 0.222564309835434 0.211157828569412 0.195208489894867 0.199210196733475 0.19922998547554 0.189306378364563 0.189007878303528 0.200463652610779 0.189273118972778 0.187651365995407 0.17683070898056 0.184100568294525 0.184100568294525 0.186478689312935 0.199770465493202 0.219881623983383 0.201567813754082 0.181307345628738 0.19708663225174 0.240081608295441 0.259626030921936 0.235778212547302 0.218158468604088 0.233251422643661 0.230936422944069
0.348010808229446 0.362411051988602 0.374358206987381 0.339462399482727 0.340368241071701 0.328136324882507 0.329696714878082 0.301877498626709 0.303210973739624 0.237444922327995 0.291710823774338 0.228445574641228 0.217381626367569 0.217544794082642 0.217131644487381 0.208352610468864 0.19574074447155 0.182190835475922 0.184902459383011 0.197672694921494 0.187059685587883 0.165190637111664 0.161788120865822 0.154403656721115 0.163042113184929 0.167850837111473 0.181287080049515 0.191001519560814 0.191015020012856 0.186442971229553 0.174738988280296 0.169572651386261 0.175554931163788 0.193630144000053 0.207194328308105 0.18894025683403 0.206425532698631 0.203743651509285 0.201384484767914 0.221302062273026 0.213956028223038 0.236435920000076 0.257135182619095 0.235129669308662
0.33195361495018 0.352383375167847 0.338998198509216 0.312306731939316 0.327581584453583 0.318590432405472 0.301683485507965 0.225016713142395 0.212159842252731 0.215680360794067 0.215021476149559 0.190679058432579 0.180298492312431 0.182357996702194 0.179756700992584 0.170879423618317 0.160305753350258 0.162922546267509 0.163416177034378 0.154556423425674 0.144231602549553 0.142187431454659 0.145259499549866 0.14845959842205 0.156181678175926 0.170916974544525 0.194358840584755 0.207278177142143 0.196219176054001 0.182101756334305 0.179557934403419 0.173950865864754 0.193645253777504 0.197090730071068 0.192586019635201 0.1952004134655 0.188388079404831 0.210013628005981 0.184719070792198 0.188125476241112 0.203232526779175 0.223209172487259 0.216665029525757 0.216248899698257
0.317088067531586 0.322381764650345 0.324879467487335 0.3277907371521 0.329043954610825 0.299092769622803 0.224631488323212 0.208859965205193 0.174593418836594 0.163442403078079 0.152833625674248 0.147588029503822 0.168720677495003 0.159916624426842 0.162285476922989 0.150716513395309 0.149379998445511 0.140836447477341 0.132709980010986 0.133763030171394 0.127131968736649 0.135884046554565 0.148699387907982 0.157537221908569 0.158765867352486 0.170033469796181 0.175349444150925 0.185383409261703 0.188248991966248 0.179909229278564 0.167471393942833 0.196921721100807 0.180743917822838 0.17923167347908 0.197900325059891 0.197204351425171 0.187775135040283 0.197898417711258 0.207408234477043 0.174827262759209 0.192950502038002 0.206427082419395 0.222385466098785 0.223446160554886
0.227328434586525 0.211228981614113 0.232549771666527 0.294165134429932 0.28447887301445 0.211802691221237 0.185951501131058 0.176371559500694 0.14372643828392 0.125853151082993 0.145803809165955 0.149659350514412 0.147246018052101 0.150605767965317 0.150605767965317 0.140655621886253 0.140904188156128 0.136106625199318 0.135822534561157 0.137008398771286 0.137041002511978 0.136330187320709 0.138354748487473 0.150621831417084 0.153379246592522 0.15115350484848 0.143952861428261 0.141555532813072 0.152677401900291 0.165747731924057 0.203444480895996 0.184438541531563 0.18006332218647 0.195537537336349 0.182466223835945 0.180803939700127 0.196196928620338 0.191118761897087 0.215667381882668 0.178110659122467 0.190984278917313 0.211699783802032 0.231397926807404 0.226701810956001
0.196015655994415 0.174131885170937 0.177447527647018 0.17186313867569 0.162543773651123 0.153482630848885 0.144505351781845 0.135881006717682 0.125763967633247 0.128612965345383 0.138043761253357 0.131634160876274 0.131762653589249 0.133182436227798 0.132005736231804 0.125230476260185 0.135351374745369 0.138460397720337 0.14680078625679 0.150275260210037 0.150282502174377 0.140406876802444 0.14181250333786 0.140987128019333 0.133635982871056 0.133683606982231 0.125108554959297 0.135027378797531 0.168794468045235 0.184955984354019 0.185043230652809 0.195576012134552 0.188914209604263 0.196652173995972 0.198078900575638 0.18249648809433 0.19608661532402 0.183489143848419 0.202050015330315 0.214868023991585 0.179923012852669 0.213700413703918 0.203679770231247 0.188310071825981
0.162622779607773 0.160664275288582 0.15144956111908 0.142226800322533 0.132703706622124 0.126042798161507 0.125880941748619 0.126477092504501 0.129368275403976 0.130431607365608 0.128588363528252 0.123213939368725 0.123092271387577 0.114840216934681 0.117137014865875 0.128118351101875 0.136558517813683 0.139824494719505 0.138727784156799 0.140459537506104 0.141630783677101 0.141792699694633 0.124626807868481 0.115448370575905 0.115396775305271 0.126026153564453 0.163456812500954 0.1768549233675 0.176994606852531 0.182296857237816 0.156923532485962 0.155786097049713 0.154344618320465 0.13739800453186 0.176208689808846 0.195676609873772 0.185641139745712 0.186644807457924 0.201469942927361 0.18005159497261 0.180520460009575 0.195234477519989 0.181423231959343 0.160720005631447
0.159613832831383 0.130006387829781 0.13057042658329 0.132312834262848 0.134141281247139 0.13289812207222 0.128653347492218 0.123738519847393 0.123051330447197 0.130635097622871 0.123533152043819 0.12334718555212 0.125891804695129 0.117473110556602 0.118980146944523 0.127239212393761 0.120762422680855 0.119003720581532 0.112921588122845 0.121181607246399 0.125889658927917 0.124289952218533 0.117152839899063 0.117013938724995 0.116347700357437 0.136220261454582 0.173479691147804 0.167606219649315 0.135825872421265 0.153147906064987 0.153077945113182 0.153731465339661 0.149561792612076 0.139535009860992 0.140477940440178 0.13935686647892 0.176651909947395 0.164105519652367 0.160451799631119 0.16481226682663 0.163508638739586 0.1618362814188 0.158271238207817 0.141952127218246
0.147168725728989 0.124834544956684 0.117196150124073 0.130011528730392 0.135966792702675 0.138158708810806 0.132320910692215 0.125462099909782 0.131373941898346 0.125249207019806 0.12534299492836 0.118559665977955 0.126977816224098 0.127079397439957 0.12163969874382 0.115155883133411 0.107207484543324 0.106333859264851 0.112530961632729 0.114976041018963 0.117792196571827 0.110057145357132 0.110301211476326 0.102677263319492 0.110497653484344 0.135052770376205 0.13142816722393 0.135681763291359 0.128033295273781 0.12273620814085 0.121645644307137 0.137878373265266 0.1508599370718 0.142076820135117 0.140977531671524 0.139109909534454 0.145091712474823 0.144916608929634 0.133556142449379 0.133177191019058 0.13618491590023 0.168533816933632 0.130768924951553 0.133423894643784
0.138423815369606 0.144567489624023 0.147031381726265 0.112241692841053 0.12233804911375 0.113907366991043 0.107557155191898 0.114532522857189 0.109334230422974 0.110487274825573 0.111472442746162 0.10258673876524 0.0963918715715408 0.096365824341774 0.103641830384731 0.0972361713647842 0.0970317348837852 0.0978806242346764 0.0990477129817009 0.101442739367485 0.109580226242542 0.109921388328075 0.102449290454388 0.103603400290012 0.104920759797096 0.113211818039417 0.112735651433468 0.119062207639217 0.116382442414761 0.113606289029121 0.113642640411854 0.121182069182396 0.13677953183651 0.144576862454414 0.145591869950294 0.141557976603508 0.131408393383026 0.148278847336769 0.132066071033478 0.12243414670229 0.121662296354771 0.134286254644394 0.121203660964966 0.121061988174915
0.142393469810486 0.143150627613068 0.122483372688293 0.123607017099857 0.114358559250832 0.107722900807858 0.10874267667532 0.0946336388587952 0.104296758770943 0.104229532182217 0.104333855211735 0.0911696925759315 0.0836379751563072 0.0856175497174263 0.0858437940478325 0.0907615646719933 0.0940148010849953 0.0936207547783852 0.101900473237038 0.094141036272049 0.0932924970984459 0.0960768386721611 0.104199454188347 0.112356163561344 0.106885947287083 0.0999808460474014 0.0991727188229561 0.105204828083515 0.104653149843216 0.108682915568352 0.115638218820095 0.11739893257618 0.125625908374786 0.129177376627922 0.125550732016563 0.129218354821205 0.13189110159874 0.132565587759018 0.131377786397934 0.116819210350513 0.103166878223419 0.110607378184795 0.10759536921978 0.107532992959023
0.130497723817825 0.114851087331772 0.126299723982811 0.11651573330164 0.115960963070393 0.125675320625305 0.11663856357336 0.110664695501328 0.104351572692394 0.0974440947175026 0.103202268481255 0.0849701017141342 0.104429461061954 0.0977454036474228 0.0864096507430077 0.0935510396957397 0.0926794037222862 0.101059451699257 0.095045804977417 0.0892660692334175 0.0961077585816383 0.106627807021141 0.0971846580505371 0.0989259257912636 0.10769134759903 0.100085385143757 0.0903761386871338 0.0891520455479622 0.0942912101745605 0.101874195039272 0.102703280746937 0.112074375152588 0.1137305945158 0.109579488635063 0.113542079925537 0.119549371302128 0.11613280326128 0.107603661715984 0.102920800447464 0.10806430876255 0.0994967222213745 0.11018693447113 0.111714571714401 0.110058210790157
0.15175324678421 0.0588136538863182 0.0563351847231388 0.11802426725626 0.109967529773712 0.110266424715519 0.104303359985352 0.098904624581337 0.10270057618618 0.103845842182636 0.0975441783666611 0.0970998629927635 0.097966656088829 0.0927366092801094 0.086432121694088 0.0871440842747688 0.0889675319194794 0.0958588123321533 0.0964136719703674 0.0951661616563797 0.0905986502766609 0.0905986502766609 0.0904519334435463 0.0862808078527451 0.0846557840704918 0.0800980553030968 0.0789823830127716 0.0835577324032784 0.0815505087375641 0.0823291838169098 0.0854072049260139 0.0874285325407982 0.0970407873392105 0.0975595191121101 0.0976523533463478 0.104944303631783 0.104893282055855 0.0982567667961121 0.109156548976898 0.100815884768963 0.107621014118195 0.108193576335907 0.100497595965862 0.0955272018909454
