data/climate_estimation/maxent_output/Lilium_lancifolium.asc
NCOLS 633 
NROWS 240 
XLLCORNER 93.0833333333333 
YLLCORNER 24.1666666666667 
CELLSIZE 0.0833333333333333 
NODATA_value -3.4e+38 
[rows 0 to 20 of 240, columns 441 to 489 of 633]
0.0158197395503521 0.0160515792667866 0.0169636253267527 0.0175604503601789 0.0190793182700872 0.0192444045096636 0.0169444382190704 0.0174149814993143 0.0183551255613565 0.0199352409690619 0.0212833639234304 0.0222839713096619 0.0245409179478884 0.0247225351631641 0.0245051812380552 0.0230160616338253 0.0217960607260466 0.0212507862597704 0.0188901070505381 0.0177974589169025 0.0179426856338978 0.0167637076228857 0.016231682151556 0.0147083783522248 0.0148114813491702 0.0142509397119284 0.0143445087596774 0.0136432284489274 0.0137088960036635 0.0146263418719172 0.0139090362936258 0.0142395161092281 0.0146676795557141 0.0144804185256362 0.0151822697371244 0.0157299060374498 0.0163431372493505 0.0167079530656338 0.0164294242858887 0.0175032708793879 0.0175986848771572 0.0188538879156113 0.019405372440815 0.0191630963236094 0.0200957003980875 0.0214374475181103 0.0222134348005056 0.0237394496798515 0.0239571742713451
0.0167917981743813 0.0171771012246609 0.0178756583482027 0.0185911748558283 0.0202284213155508 0.01679483987391 0.0182350743561983 0.0184497013688087 0.0199473649263382 0.0213558785617352 0.0223813038319349 0.023738756775856 0.0247218478471041 0.0257927384227514 0.0262759458273649 0.0236829239875078 0.0237588342279196 0.0227500647306442 0.0215389858931303 0.0199352279305458 0.0192285757511854 0.018534941598773 0.0180238075554371 0.0158506520092487 0.0153461946174502 0.0151579370722175 0.0157776828855276 0.0150575414299965 0.0148900337517262 0.0153746930882335 0.0151874478906393 0.0153615484014153 0.016237186267972 0.0160850659012794 0.0168465841561556 0.0174363050609827 0.0182142481207848 0.0186188723891973 0.0193490944802761 0.0189450271427631 0.0202050097286701 0.0204004608094692 0.0217937249690294 0.0217642318457365 0.02220250479877 0.0230507925152779 0.0248520709574223 0.0256277099251747 0.0257282052189112
0.0172726921737194 0.0184682458639145 0.0193716362118721 0.0199508406221867 0.0177335422486067 0.0224626287817955 0.0198097582906485 0.0201932322233915 0.0211887881159782 0.0229247845709324 0.0248233154416084 0.0255241841077805 0.0272644869983196 0.0287650339305401 0.0280442237854004 0.026606222614646 0.026512298732996 0.0253024753183126 0.0242251418530941 0.0218319781124592 0.0211098957806826 0.0201370399445295 0.0192580372095108 0.0185183566063643 0.0167308431118727 0.0164365731179714 0.0166482329368591 0.0162900742143393 0.0165542755275965 0.0171031225472689 0.0171723011881113 0.017260268330574 0.0175343845039606 0.0185666996985674 0.0182682834565639 0.0191964749246836 0.0189090352505445 0.0198915619403124 0.0204113610088825 0.0218154564499855 0.0226047113537788 0.0227315705269575 0.0236269943416119 0.0243006832897663 0.0256573129445314 0.026351572945714 0.0278181023895741 0.0291172973811626 0.0293277334421873
0.0187162980437279 0.0199400745332241 0.0207827277481556 0.0220894254744053 0.022639874368906 0.023736260831356 0.0208613108843565 0.0286385826766491 0.0232504233717918 0.0304945223033428 0.0271192565560341 0.0280921645462513 0.0298327952623367 0.0307836756110191 0.0316064096987247 0.0293930377811193 0.0290511306375265 0.028532886877656 0.0271255914121866 0.0242652893066406 0.0237817987799644 0.0227506551891565 0.0211589299142361 0.020516911521554 0.0180684998631477 0.0178605020046234 0.0180417206138372 0.0176009330898523 0.0188738107681274 0.0189114846289158 0.0187485292553902 0.0193549487739801 0.0192258898168802 0.0202521923929453 0.0209733657538891 0.0219362787902355 0.0218604132533073 0.022652255371213 0.023100346326828 0.0238237138837576 0.0255998428910971 0.0260572955012321 0.0269232895225286 0.0273151677101851 0.0287926439195871 0.0293032266199589 0.0307251997292042 0.0327739715576172 0.0330820344388485
0.0200245007872581 0.0209869854152203 0.023259524255991 0.0236109998077154 0.0251732207834721 0.025306973606348 0.0274070613086224 0.0295056812465191 0.0313680954277515 0.0271820202469826 0.02881477214396 0.0304633844643831 0.0327203646302223 0.0326681062579155 0.034231461584568 0.032694011926651 0.0323787853121758 0.0310260131955147 0.0308458395302296 0.0276427399367094 0.0263923462480307 0.0248359180986881 0.0242793243378401 0.0233252942562103 0.0212383698672056 0.0198936704546213 0.0207228064537048 0.0195114612579346 0.021133080124855 0.0203693751245737 0.0215008817613125 0.0213105287402868 0.0224294662475586 0.0236466564238071 0.0235194340348244 0.0244088768959045 0.0243278127163649 0.0253224391490221 0.0267384517937899 0.0275094043463469 0.0267544817179441 0.0281500853598118 0.0300585348159075 0.0316020958125591 0.0327928364276886 0.0328214317560196 0.0341602824628353 0.0352998040616512 0.037077222019434
0.0214702989906073 0.0232952404767275 0.0238722842186689 0.0256390254944563 0.0259586051106453 0.0270104538649321 0.0300763621926308 0.0264714471995831 0.0336199775338173 0.0289371721446514 0.0316037870943546 0.0328315272927284 0.0347751602530479 0.0352361910045147 0.0350171141326427 0.0364351458847523 0.0357606112957001 0.0350744053721428 0.0324297249317169 0.0309864953160286 0.0303798988461494 0.0289589241147041 0.0278801210224628 0.0255375448614359 0.0242981035262346 0.024046590551734 0.0237509235739708 0.0224621687084436 0.0227311067283154 0.0235534012317657 0.0234733410179615 0.0249121636152267 0.025045482441783 0.0255371406674385 0.0271279122680426 0.0272044353187084 0.0282894149422646 0.0284292958676815 0.028687285259366 0.0306326560676098 0.0310508962720633 0.0320893079042435 0.0329748652875423 0.0342436321079731 0.0348306111991405 0.0294194929301739 0.038080845028162 0.0393326878547668 0.0407316572964191
0.0242993012070656 0.0255961827933788 0.0265218764543533 0.0235273353755474 0.02391660772264 0.0311646908521652 0.0268579386174679 0.0292471889406443 0.0306352246552706 0.0336547680199146 0.0341454222798347 0.0367735400795937 0.0388613231480122 0.0383273288607597 0.0385849215090275 0.0395364947617054 0.0402341894805431 0.0371579341590405 0.0366557091474533 0.0368977002799511 0.035332415252924 0.0336562767624855 0.0297757983207703 0.0293357856571674 0.02839270606637 0.0279543530195951 0.0257164780050516 0.0271926764398813 0.0265998635441065 0.0263010356575251 0.0268892720341682 0.0276767071336508 0.0282429549843073 0.0290974304080009 0.0300842802971601 0.0310348272323608 0.0323557071387768 0.0327993519604206 0.0334755517542362 0.0359512642025948 0.0362845323979855 0.0365157350897789 0.0376453399658203 0.0389014557003975 0.0400840863585472 0.0353432446718216 0.0385660342872143 0.0449957624077797 0.0461807660758495
0.0249594431370497 0.0274450834840536 0.0242605619132519 0.0260525327175856 0.0336934924125671 0.0277112163603306 0.0368115305900574 0.0315992943942547 0.0341824479401112 0.0356581993401051 0.0381391942501068 0.0375043824315071 0.0410210192203522 0.0400789007544518 0.0419165305793285 0.0439863130450249 0.0412424355745316 0.04126887768507 0.0425692722201347 0.0407995581626892 0.0408485531806946 0.0375330448150635 0.0355547368526459 0.0348979234695435 0.0336652472615242 0.0311592984944582 0.0305461585521698 0.0320561081171036 0.0300803147256374 0.0311053488403559 0.031557235866785 0.0313917323946953 0.0324556231498718 0.0340644605457783 0.0363401249051094 0.0361288897693157 0.0370047800242901 0.0369049832224846 0.0363478176295757 0.0388968214392662 0.0403569415211678 0.0397848859429359 0.0425998903810978 0.0421178489923477 0.0437668673694134 0.0458890646696091 0.0479238070547581 0.0464929528534412 0.052215501666069
0.0252643041312695 0.0309695154428482 0.0261657424271107 0.0275089852511883 0.0309100896120071 0.0312127117067575 0.0335777588188648 0.035330917686224 0.0370447784662247 0.0387905277311802 0.0342641808092594 0.0377787128090858 0.0392831563949585 0.0419363938271999 0.041399359703064 0.0464124195277691 0.0490513443946838 0.0487879253923893 0.050513818860054 0.0492028556764126 0.0472477413713932 0.0439089126884937 0.0403460375964642 0.0396273173391819 0.0391908772289753 0.0368121229112148 0.0372191891074181 0.0361790359020233 0.0353308767080307 0.0345811434090137 0.0360728800296783 0.0367708764970303 0.0381907522678375 0.0378497466444969 0.0401476584374905 0.0396328419446945 0.0413777753710747 0.0433886125683784 0.0440114922821522 0.0446215681731701 0.0454704500734806 0.0450158789753914 0.0447200536727905 0.0473284497857094 0.0504227876663208 0.0509526804089546 0.053078044205904 0.0537765994668007 0.0566561780869961
0.0284911934286356 0.0330876745283604 0.0334539115428925 0.0303795263171196 0.034212801605463 0.0360555201768875 0.0384205169975758 0.040453877300024 0.0418343804776669 0.0356959626078606 0.0353675559163094 0.0405680164694786 0.0504538007080555 0.0488942712545395 0.0566393956542015 0.0596231110394001 0.0574590750038624 0.0569880232214928 0.057155005633831 0.0559961311519146 0.0546669885516167 0.0498043522238731 0.0483705922961235 0.0465155430138111 0.0431710220873356 0.0421850495040417 0.0432981140911579 0.040668897330761 0.040207926183939 0.0408442318439484 0.0402359366416931 0.0420454628765583 0.0433666296303272 0.0436452701687813 0.0453151687979698 0.0456286631524563 0.046794205904007 0.0479363799095154 0.0471297688782215 0.0483623258769512 0.0489250011742115 0.0493059046566486 0.0524394512176514 0.0525840073823929 0.0555862225592136 0.0394579134881496 0.0420084297657013 0.0608153715729713 0.0768798515200615
0.0320398509502411 0.0339404717087746 0.039969053119421 0.0349585600197315 0.0386110544204712 0.0407926887273788 0.0408834293484688 0.0413954444229603 0.0469262860715389 0.0525824204087257 0.0569697096943855 0.0571486130356789 0.0597443319857121 0.0623193643987179 0.066370777785778 0.0678929165005684 0.0664699822664261 0.0674728155136108 0.0659972503781319 0.0651691854000092 0.0589077658951283 0.0587652996182442 0.0571013018488884 0.0541153624653816 0.0480287298560143 0.0483040735125542 0.048182837665081 0.0488916635513306 0.0469221137464046 0.0457020960748196 0.0477988198399544 0.0470751710236073 0.048106025904417 0.0507571846246719 0.050082616508007 0.0512503199279308 0.0508675947785378 0.0524805970489979 0.0527013577520847 0.0538742654025555 0.054625928401947 0.0550316125154495 0.057946715503931 0.0586869195103645 0.0606636703014374 0.0644369423389435 0.0484373457729816 0.0677930265665054 0.0682652816176414
0.0374073386192322 0.0421073436737061 0.0455511920154095 0.0484338663518429 0.0437904559075832 0.0447879508137703 0.0497707389295101 0.0380151681602001 0.0345309898257256 0.0350756719708443 0.0377060510218143 0.0484079122543335 0.0635201185941696 0.0752736255526543 0.0763949006795883 0.0774325132369995 0.0741164088249207 0.075582392513752 0.0762069746851921 0.075516365468502 0.0685894563794136 0.0713299214839935 0.0652243345975876 0.0622903071343899 0.0587763078510761 0.0597384795546532 0.0583450756967068 0.0559323877096176 0.0518950633704662 0.0509225353598595 0.0517488457262516 0.0548705011606216 0.0528284572064877 0.0561358146369457 0.0585430152714252 0.0588927753269672 0.0569294169545174 0.0568766370415688 0.0602834820747375 0.0596298612654209 0.0608453154563904 0.0614766925573349 0.0643023252487183 0.0681564509868622 0.0691095367074013 0.0599564202129841 0.0733500719070435 0.0721691772341728 0.0728592425584793
0.0406821109354496 0.045831236988306 0.0434087850153446 0.054294403642416 0.0556947402656078 0.0608579441905022 0.0623789913952351 0.0592186525464058 0.0662560015916824 0.0602381192147732 0.0680939853191376 0.0602664239704609 0.0774303674697876 0.0855697691440582 0.0892539173364639 0.089045912027359 0.0881139114499092 0.0909004881978035 0.0907041355967522 0.0868915244936943 0.0845536589622498 0.0803133696317673 0.0698616355657578 -3.4e+38 0.0672241374850273 0.0714158862829208 0.0664021894335747 0.0603054165840149 -3.4e+38 0.0620105750858784 0.062794141471386 0.0636365339159966 0.0639106407761574 0.0625099614262581 0.0662830024957657 0.0654738694429398 0.0654463618993759 0.069316141307354 0.068769559264183 0.0654104351997375 0.0653654411435127 0.0717388689517975 0.0682614296674728 0.060139324516058 0.0680572912096977 0.0795404240489006 0.0772744491696358 0.0978156104683876 0.104994468390942
0.0481160469353199 0.0502532571554184 0.0573085322976112 0.0612729154527187 0.0620648004114628 0.071301206946373 0.0786726996302605 0.0859131887555122 0.0890141874551773 0.0814380869269371 0.0895306468009949 0.0775554776191711 0.100095346570015 0.102795042097569 0.106990911066532 0.105864070355892 0.10652868449688 0.105047225952148 0.100917920470238 0.0998763293027878 0.0987778827548027 0.090240016579628 -3.4e+38 0.0877979919314384 0.0848002657294273 0.0748915299773216 -3.4e+38 -3.4e+38 -3.4e+38 0.0699181631207466 0.0731693953275681 0.0733588635921478 0.0758154019713402 0.0781721621751785 0.0723702758550644 0.0744491368532181 0.0730284675955772 0.0746660083532333 0.0737227723002434 0.0687879920005798 0.0744357407093048 0.0783450976014137 0.0814924314618111 0.0844149142503738 0.0823940485715866 0.0798881500959396 0.0978923887014389 0.105244815349579 0.09210404753685
0.0581814981997013 0.0646139234304428 0.0685731768608093 0.0729667320847511 0.0793013274669647 0.0754335299134254 0.0757003873586655 0.0810257121920586 0.0999156311154366 0.111902564764023 0.104523181915283 0.119351431727409 0.119904264807701 0.129507675766945 0.131765201687813 0.131566047668457 0.126500874757767 0.123484410345554 0.119667291641235 0.117838069796562 0.102285720407963 -3.4e+38 0.100177302956581 0.0954136103391647 0.0939825251698494 0.0874340161681175 -3.4e+38 -3.4e+38 -3.4e+38 0.0852177292108536 0.0817921087145805 0.0828094109892845 0.0815239623188972 0.0822419971227646 0.0785703510046005 0.0756701678037643 0.0782064571976662 0.0769135653972626 0.0770740360021591 0.079509399831295 0.0834093391895294 0.087572306394577 0.0873743370175362 0.0871199145913124 0.0862401127815247 0.106542773544788 0.106784842908382 0.124657139182091 0.113420732319355
0.0748605579137802 0.0830937400460243 0.0929175838828087 0.0971190854907036 0.102085933089256 0.101132348179817 0.0993433445692062 0.108248628675938 0.125778496265411 0.12294863909483 0.141154870390892 0.151052579283714 0.154145419597626 0.154151991009712 0.144268527626991 0.15501357614994 0.152448624372482 0.143008336424828 0.138611108064651 0.131344750523567 -3.4e+38 0.115627311170101 0.113668479025364 -3.4e+38 -3.4e+38 -3.4e+38 -3.4e+38 -3.4e+38 -3.4e+38 0.0942434221506119 0.0934993103146553 0.0948998183012009 0.0884473621845245 0.0891459435224533 0.0862839818000793 0.0839282721281052 0.087964303791523 0.0884236544370651 0.0858836993575096 0.0896655321121216 0.0935742482542992 0.0944750085473061 0.0933131501078606 0.0963181555271149 0.112649150192738 0.107858575880527 0.113850466907024 0.117563664913177 0.110240772366524
0.0970812737941742 0.109247304499149 0.0996893793344498 0.128404974937439 0.139883324503899 0.142944410443306 0.143364369869232 0.159456580877304 0.158259123563766 0.174110278487206 0.186432555317879 0.186456054449081 0.189876690506935 0.198751762509346 0.188165485858917 0.190697073936462 0.175115212798119 0.167413651943207 0.15955026447773 0.144386202096939 -3.4e+38 -3.4e+38 -3.4e+38 -3.4e+38 -3.4e+38 -3.4e+38 -3.4e+38 -3.4e+38 -3.4e+38 0.117576390504837 0.113603644073009 0.0997583493590355 -3.4e+38 -3.4e+38 -3.4e+38 0.0942534580826759 0.0952204242348671 0.09209144115448 0.0948784053325653 0.100682929158211 0.101550437510014 0.104248441755772 0.10087776184082 0.116095133125782 0.112412258982658 0.1124447286129 0.118603244423866 -3.4e+38 -3.4e+38
0.103661619126797 0.120719730854034 0.106282941997051 0.190182447433472 0.210960209369659 0.219585582613945 0.230411782860756 0.203699052333832 0.224136680364609 0.236562520265579 0.241612806916237 0.229902639985085 0.24705670773983 0.224586263298988 0.225449651479721 0.217820942401886 0.212978407740593 -3.4e+38 -3.4e+38 -3.4e+38 0.163231432437897 -3.4e+38 -3.4e+38 -3.4e+38 -3.4e+38 -3.4e+38 -3.4e+38 -3.4e+38 -3.4e+38 0.111161671578884 0.116854436695576 -3.4e+38 -3.4e+38 -3.4e+38 -3.4e+38 -3.4e+38 0.0974492132663727 -3.4e+38 0.104476258158684 0.103376284241676 0.101182743906975 -3.4e+38 -3.4e+38 -3.4e+38 -3.4e+38 -3.4e+38 -3.4e+38 -3.4e+38 -3.4e+38
0.105038233101368 0.13267220556736 0.16791532933712 0.227304235100746 0.305491030216217 0.309559643268585 0.284390240907669 0.291206866502762 0.315614610910416 0.309667676687241 0.311845630407333 0.305400550365448 0.286014497280121 0.278741478919983 0.259652405977249 0.249310553073883 0.247085362672806 -3.4e+38 -3.4e+38 0.189563125371933 -3.4e+38 -3.4e+38 -3.4e+38 -3.4e+38 -3.4e+38 -3.4e+38 -3.4e+38 -3.4e+38 -3.4e+38 -3.4e+38 -3.4e+38 -3.4e+38 -3.4e+38 -3.4e+38 -3.4e+38 -3.4e+38 -3.4e+38 -3.4e+38 -3.4e+38 -3.4e+38 -3.4e+38 -3.4e+38 -3.4e+38 -3.4e+38 -3.4e+38 -3.4e+38 -3.4e+38 -3.4e+38 -3.4e+38
0.177920863032341 0.197875320911407 0.226979091763496 0.247868269681931 0.218389898538589 0.278491169214249 0.334457010030746 0.339613854885101 0.342505872249603 0.335651308298111 0.340698033571243 0.319614738225937 0.322788745164871 -3.4e+38 -3.4e+38 0.277040719985962 0.24184276163578 -3.4e+38 -3.4e+38 -3.4e+38 -3.4e+38 -3.4e+38 -3.4e+38 -3.4e+38 -3.4e+38 -3.4e+38 -3.4e+38 -3.4e+38 -3.4e+38 -3.4e+38 -3.4e+38 -3.4e+38 -3.4e+38 -3.4e+38 -3.4e+38 -3.4e+38 -3.4e+38 -3.4e+38 -3.4e+38 -3.4e+38 -3.4e+38 -3.4e+38 -3.4e+38 -3.4e+38 -3.4e+38 -3.4e+38 -3.4e+38 -3.4e+38 -3.4e+38
0.183579608798027 0.189718559384346 0.221635490655899 0.266656994819641 0.24565352499485 0.24831597507 0.286966621875763 0.333347201347351 0.382405698299408 0.38556432723999 0.370100975036621 0.350360006093979 0.333118289709091 0.341487109661102 -3.4e+38 -3.4e+38 -3.4e+38 -3.4e+38 -3.4e+38 -3.4e+38 -3.4e+38 -3.4e+38 -3.4e+38 -3.4e+38 -3.4e+38 -3.4e+38 -3.4e+38 -3.4e+38 -3.4e+38 -3.4e+38 -3.4e+38 -3.4e+38 -3.4e+38 -3.4e+38 -3.4e+38 -3.4e+38 -3.4e+38 -3.4e+38 -3.4e+38 -3.4e+38 -3.4e+38 -3.4e+38 -3.4e+38 -3.4e+38 -3.4e+38 -3.4e+38 -3.4e+38 -3.4e+38 -3.4e+38
