data/climate_estimation/maxent_output/Lilium_bakerianum.asc
NCOLS 80 
NROWS 108 
XLLCORNER 98.4166666666667 
YLLCORNER 22.3333333333333 
CELLSIZE 0.0833333333333334 
NODATA_value -3.4e+38 
[rows 60 to 79 of 108, columns 0 to 43 of 80]
0.882064044475555 0.757166802883148 0.670687735080719 0.917989313602448 0.683118939399719 0.313202947378159 0.860124468803406 0.939765512943268 0.524370789527893 0.899149239063263 0.914952576160431 0.835547268390656 0.908597528934479 0.918733716011047 0.951204061508179 0.927317976951599 0.922552227973938 0.881717324256897 0.870505690574646 0.949094951152802 0.962401270866394 0.843534290790558 0.829488635063171 0.34133979678154 0.561546802520752 0.541386663913727 0.332175433635712 0.906075298786163 0.948136687278748 0.9452805519104 0.79852169752121 0.440941840410233 0.736964702606201 0.663287580013275 0.841846525669098 0.76243394613266 0.619288980960846 0.850369572639465 0.843895673751831 0.708797216415405 0.715989768505096 0.749188482761383 0.702836394309998 0.729795873165131
0.848300158977509 0.643405437469482 0.670512199401855 0.92054945230484 0.827218055725098 0.284633487462997 0.647552251815796 0.921223163604736 0.462958604097366 0.91490238904953 0.863734185695648 0.828203499317169 0.719289779663086 0.911499500274658 0.953865766525269 0.917120158672333 0.892287790775299 0.945274770259857 0.806545436382294 0.92710542678833 0.963699400424957 0.793691992759705 0.862504005432129 0.532854557037354 0.186808705329895 0.149277105927467 0.276262104511261 0.588024973869324 0.531385958194733 0.849064469337463 0.618390798568726 0.923486471176147 0.892387688159943 0.888238549232483 0.902076363563538 0.812587440013885 0.745547294616699 0.86794251203537 0.799938023090363 0.767590343952179 0.776542663574219 0.496076643466949 0.774783611297607 0.674098193645477
0.884673535823822 0.621781051158905 0.713380217552185 0.922457635402679 0.620840728282928 0.274720072746277 0.878729403018951 0.9153151512146 0.420909732580185 0.898448288440704 0.707174062728882 0.856670379638672 0.788770079612732 0.920031130313873 0.926449835300446 0.867194592952728 0.879724621772766 0.938203632831573 0.735604524612427 0.877916753292084 0.950236260890961 0.52546638250351 0.631052553653717 0.469237148761749 0.736100852489471 0.558441638946533 0.817580819129944 0.723180294036865 0.839206576347351 0.617522954940796 0.820115029811859 0.952052533626556 0.931793868541718 0.955443024635315 0.873068988323212 0.821879684925079 0.846571862697601 0.727360129356384 0.563135802745819 0.578945696353912 0.6689692735672 0.618756532669067 0.733771800994873 0.567772150039673
0.341479957103729 0.367901891469955 0.571994066238403 0.908212125301361 0.458577662706375 0.289095193147659 0.892677247524261 0.885645270347595 0.445788621902466 0.905791521072388 0.798434734344482 0.749381542205811 0.653608798980713 0.909619569778442 0.889725685119629 0.794639706611633 0.764882326126099 0.936844050884247 0.850571691989899 0.750308096408844 0.782051980495453 0.63262677192688 0.474890112876892 0.508353769779205 0.762599587440491 0.297735214233398 0.866529643535614 0.901902139186859 0.646868586540222 0.884994685649872 0.766765654087067 0.946520924568176 0.921162486076355 0.925987660884857 0.887080729007721 0.895992577075958 0.878988921642303 0.652772307395935 0.44954526424408 0.439030468463898 0.410382837057114 0.464487433433533 0.690183162689209 0.606892347335815
0.558663904666901 0.781306028366089 0.526336252689362 0.859050273895264 0.315426528453827 0.351727783679962 0.91293066740036 0.874956607818604 0.532735288143158 0.825689911842346 0.768790662288666 0.756247758865356 0.864376783370972 0.909927725791931 0.842872738838196 0.786268889904022 0.619533717632294 0.899259328842163 0.873222768306732 0.920597672462463 0.669144034385681 0.776460647583008 0.905833840370178 0.8720862865448 0.551320850849152 0.208311408758163 0.672541379928589 0.915242910385132 0.836295545101166 0.881124377250671 0.612710893154144 0.753408789634705 0.821662366390228 0.904824614524841 0.875202000141144 0.847061216831207 0.804033935070038 0.561406314373016 0.361589044332504 0.304380834102631 0.129805520176888 0.117577850818634 0.471129179000854 0.428526341915131
0.718494415283203 0.871418476104736 0.733897924423218 0.862677156925201 0.41024261713028 0.192539870738983 0.470823168754578 0.512955963611603 0.566405534744263 0.741090178489685 0.832557499408722 0.5162273645401 0.806138277053833 0.81651896238327 0.856385827064514 0.819613814353943 0.697164952754974 0.708565413951874 0.936871409416199 0.948265314102173 0.682783126831055 0.677217662334442 0.832528829574585 0.741775929927826 0.464870035648346 0.247096166014671 0.511415362358093 0.923899173736572 0.880732297897339 0.772833466529846 0.624646306037903 0.606675505638123 0.496606975793839 0.778840184211731 0.8089719414711 0.762036085128784 0.740027785301208 0.433109253644943 0.23056860268116 0.196226805448532 0.0551936477422714 0.109660640358925 0.879267871379852 0.791549563407898
0.732053220272064 0.758095026016235 0.794794201850891 0.810326874256134 0.703712165355682 0.183058857917786 0.638955891132355 0.881201505661011 0.83714497089386 0.411132603883743 0.83715158700943 0.495591968297958 0.842868387699127 0.772150814533234 0.866655886173248 0.877416551113129 0.854515433311462 0.692132174968719 0.762218296527863 0.939237713813782 0.687690198421478 0.685457646846771 0.773308873176575 0.711234509944916 0.526448309421539 0.295078605413437 0.501253545284271 0.865004479885101 0.853297352790833 0.816323280334473 0.563786208629608 0.631449460983276 0.573721170425415 0.647277593612671 0.714538276195526 0.8117356300354 0.808729946613312 0.670746147632599 0.426349490880966 0.120991535484791 0.02345304004848 0.076160192489624 0.854246914386749 0.784672260284424
0.797491729259491 0.629185616970062 0.654823005199432 0.775496482849121 0.793752908706665 0.169282659888268 0.662746608257294 0.764484703540802 0.841720521450043 0.656599998474121 0.765256524085999 0.601926624774933 0.749163329601288 0.838081479072571 0.749190926551819 0.803293347358704 0.81757652759552 0.674967527389526 0.480637192726135 0.894745051860809 0.830137431621552 0.624467074871063 0.689212262630463 0.7577024102211 0.622068583965302 0.327313601970673 0.435693770647049 0.66384893655777 0.725032567977905 0.830353915691376 0.652604401111603 0.767200291156769 0.836050450801849 0.699744522571564 0.612269461154938 0.709441542625427 0.816643118858337 0.612465500831604 0.403646916151047 0.283177256584167 0.0265081655234098 0.0176017563790083 0.76051914691925 0.868163824081421
0.723607838153839 0.555343508720398 0.620799720287323 0.647052049636841 0.735166549682617 0.1595299243927 0.348055273294449 0.610780775547028 0.71229761838913 0.836592495441437 0.592966914176941 0.508114278316498 0.79783707857132 0.758812308311462 0.686129987239838 0.727572619915009 0.638118028640747 0.812477231025696 0.715015888214111 0.681935906410217 0.908999502658844 0.675868034362793 0.644927978515625 0.814067542552948 0.837896645069122 0.612196981906891 0.436038553714752 0.602657735347748 0.745120108127594 0.788831889629364 0.607091069221497 0.756510317325592 0.819974184036255 0.633243441581726 0.732555329799652 0.821456372737885 0.777135848999023 0.709850668907166 0.475392431020737 0.429741680622101 0.0837882459163666 0.0316999293863773 0.528927326202393 0.865820229053497
0.603479623794556 0.551661908626556 0.553069889545441 0.569127857685089 0.798340559005737 0.164480358362198 0.530718326568604 0.790098786354065 0.733388006687164 0.785400807857513 0.736566543579102 0.633189618587494 0.701371252536774 0.59461236000061 0.742233097553253 0.571534276008606 0.534995436668396 0.782850801944733 0.681566298007965 0.590403139591217 0.730627238750458 0.75434148311615 0.710894584655762 0.756138503551483 0.821801364421844 0.705340981483459 0.612639844417572 0.623123824596405 0.67130833864212 0.677132070064545 0.642016291618347 0.778841853141785 0.779922485351562 0.525409400463104 0.737502157688141 0.816075921058655 0.809737384319305 0.685386002063751 0.573133766651154 0.645560741424561 0.370709627866745 0.116053946316242 0.632334053516388 0.851968765258789
0.497905135154724 0.585664212703705 0.451849043369293 0.603107511997223 0.790022194385529 0.140833303332329 0.549408614635468 0.825163722038269 0.832784235477448 0.53667277097702 0.425794243812561 0.523611545562744 0.625073611736298 0.424004167318344 0.728999674320221 0.673632264137268 0.425897359848022 0.523857593536377 0.369341135025024 0.716489672660828 0.71088707447052 0.550173759460449 0.719529628753662 0.765613615512848 0.618938326835632 0.616123855113983 0.645899832248688 0.614228665828705 0.600310802459717 0.626838386058807 0.557609379291534 0.609252750873566 0.636454999446869 0.632951736450195 0.788794875144958 0.813673675060272 0.761468887329102 0.645035624504089 0.696531236171722 0.746384680271149 0.51976615190506 0.588156759738922 0.803126811981201 0.835489094257355
0.49691841006279 0.621513307094574 0.411864697933197 0.708255469799042 0.744952619075775 0.196701884269714 0.423318535089493 0.491656959056854 0.832429111003876 0.55071634054184 0.365898668766022 0.497238337993622 0.591727793216705 0.424781948328018 0.54568487405777 0.757133007049561 0.624607741832733 0.551141679286957 0.512772619724274 0.615579128265381 0.707594215869904 0.513628363609314 0.701752185821533 0.686463475227356 0.392850607633591 0.551291763782501 0.692622423171997 0.573206782341003 0.618326604366302 0.688626527786255 0.715114295482635 0.744054675102234 0.607769906520844 0.658849239349365 0.793793797492981 0.78444230556488 0.63136488199234 0.585647344589233 0.473364144563675 0.633268594741821 0.727362871170044 0.792865872383118 0.814257860183716 0.745603263378143
0.555382132530212 0.495865553617477 0.399505615234375 0.760970413684845 0.493600249290466 0.235984459519386 0.481139540672302 0.777359843254089 0.819402456283569 0.516844570636749 0.657862722873688 0.35057121515274 0.532218396663666 0.49200764298439 0.523154199123383 0.761875450611115 0.627837240695953 0.450456082820892 0.419910311698914 0.543571949005127 0.678544521331787 0.642111718654633 0.52180814743042 0.760008037090302 0.541872680187225 0.466816753149033 0.688106536865234 0.544072985649109 0.48811462521553 0.677770495414734 0.773558676242828 0.773845851421356 0.66980367898941 0.687617123126984 0.751951813697815 0.715483546257019 0.581723988056183 0.447180569171906 0.515808939933777 0.533177375793457 0.68057781457901 0.764896273612976 0.731226563453674 0.57206392288208
0.596178114414215 0.506293296813965 0.437405377626419 0.765504121780396 0.545621156692505 0.180000230669975 0.434839874505997 0.784521579742432 0.793090879917145 0.448515087366104 0.66605132818222 0.568799316883087 0.515876352787018 0.745567321777344 0.596906185150146 0.468048304319382 0.646581768989563 0.514624953269958 0.406641662120819 0.528841912746429 0.537078559398651 0.687828063964844 0.491575747728348 0.735646486282349 0.708877444267273 0.552658796310425 0.511713624000549 0.485684216022491 0.405712574720383 0.595931351184845 0.780531466007233 0.722073495388031 0.562488079071045 0.494406133890152 0.551162898540497 0.543492496013641 0.620824813842773 0.615174651145935 0.503025591373444 0.519953191280365 0.712784349918365 0.587762892246246 0.596727907657623 0.46153935790062
0.614174604415894 0.579273283481598 0.524565279483795 0.674103260040283 0.531081259250641 0.248433738946915 0.379875302314758 0.58656644821167 0.635785400867462 0.328631401062012 0.59131795167923 0.606979131698608 0.505463242530823 0.417032778263092 0.549211084842682 0.569430410861969 0.594343781471252 0.619533479213715 0.375654667615891 0.550147891044617 0.523328185081482 0.72821980714798 0.639869689941406 0.638579547405243 0.646591007709503 0.584216773509979 0.372949510812759 0.293077707290649 0.542885661125183 0.726584553718567 0.71120548248291 0.708492279052734 0.502403855323792 0.468781620264053 0.511146187782288 0.497607856988907 0.482883155345917 0.526985764503479 0.513238370418549 0.574168682098389 0.523756980895996 0.52836686372757 0.374698787927628 0.389527887105942
0.48213329911232 0.521663844585419 0.573164105415344 0.562460720539093 0.544278621673584 0.356210201978683 0.446935147047043 0.54509311914444 0.586102783679962 0.392421096563339 0.53261810541153 0.413085967302322 0.360508143901825 0.51891815662384 0.675494372844696 0.427388668060303 0.566152215003967 0.686060070991516 0.446304351091385 0.446330517530441 0.501581192016602 0.633885741233826 0.636077702045441 0.602648556232452 0.461982280015945 0.308436065912247 0.347324252128601 0.462651461362839 0.281407356262207 0.692136406898499 0.666831970214844 0.580365180969238 0.506280958652496 0.439073801040649 0.591722309589386 0.673538982868195 0.481352090835571 0.410843729972839 0.468818962574005 0.47724187374115 0.456727355718613 0.134731158614159 0.14211967587471 0.44068306684494
0.47871008515358 0.579666316509247 0.565517961978912 0.521866321563721 0.557509005069733 0.147945642471313 0.438655167818069 0.527031421661377 0.583508312702179 0.515799999237061 0.435662984848022 0.39759349822998 0.300628185272217 0.623669385910034 0.742346286773682 0.505047082901001 0.600649416446686 0.682674050331116 0.592964231967926 0.296964317560196 0.415707916021347 0.283365607261658 0.530368685722351 0.529913187026978 0.485419720411301 0.573875784873962 0.649613499641418 0.401540786027908 0.509817600250244 0.432596623897552 0.561931848526001 0.499413460493088 0.578072011470795 0.36769962310791 0.529439747333527 0.563641965389252 0.504728853702545 0.462333351373672 0.509173214435577 0.400206387042999 0.416854619979858 0.106679923832417 0.0955469608306885 0.139870807528496
0.426628828048706 0.543377459049225 0.502973318099976 0.486196160316467 0.571548223495483 0.147970587015152 0.45785266160965 0.609633564949036 0.47615858912468 0.626376211643219 0.610131561756134 0.489876061677933 0.288534671068192 0.658826768398285 0.577995598316193 0.494145452976227 0.40057960152626 0.65403139591217 0.557266175746918 0.493178218603134 0.515474081039429 0.351794689893723 0.496018409729004 0.658367812633514 0.595699787139893 0.656608283519745 0.696466445922852 0.654807507991791 0.630363821983337 0.319051891565323 0.357438147068024 0.599651455879211 0.642219305038452 0.486890494823456 0.34218892455101 0.433886259794235 0.483279645442963 0.50501811504364 0.56564724445343 0.401759415864944 0.463021814823151 0.125121504068375 0.179482966661453 0.206521213054657
0.51104861497879 0.536748886108398 0.417611181735992 0.50619637966156 0.608267962932587 0.272196233272552 0.302618384361267 0.595292389392853 0.531813442707062 0.553519010543823 0.751000165939331 0.349490195512772 0.283215224742889 0.465796679258347 0.505601048469543 0.586618781089783 0.637189626693726 0.354078471660614 0.605868220329285 0.622011065483093 0.409363716840744 0.492547273635864 0.366331487894058 0.391644418239594 0.577203333377838 0.517267882823944 0.585050225257874 0.632785558700562 0.515447437763214 0.642162561416626 0.251643896102905 0.448616951704025 0.489121168851852 0.614374816417694 0.32180055975914 0.290116935968399 0.236449852585793 0.447181820869446 0.462970972061157 0.387620657682419 0.157927095890045 0.125258415937424 0.364022105932236 0.474887043237686
0.337322115898132 0.375022768974304 0.402062028646469 0.513543367385864 0.608537614345551 0.594064831733704 0.416876256465912 0.304593205451965 0.585351288318634 0.581887185573578 0.658354997634888 0.413635641336441 0.422896593809128 0.421063125133514 0.597552180290222 0.491890847682953 0.626072525978088 0.528529524803162 0.545297622680664 0.442624449729919 0.261902958154678 0.427015900611877 0.538783192634583 0.239138260483742 0.305811166763306 0.615390479564667 0.390747368335724 0.382252156734467 0.373811393976212 0.563268840312958 0.620630025863647 0.230442643165588 0.306803047657013 0.438379347324371 0.452053666114807 0.207520514726639 0.343178957700729 0.114615090191364 0.526578724384308 0.243519306182861 0.178480967879295 0.22663252055645 0.218274280428886 0.620469391345978
