data/climate_estimation/maxent_output/Lilium_rubescens.asc
NCOLS 73 
NROWS 98 
XLLCORNER -124.333333333333 
YLLCORNER 33.9166666666667 
CELLSIZE 0.0833333333333333 
NODATA_value -3.4e+38 
[rows 0 to 20 of 98, columns 0 to 46 of 73]
0.101735733449459 0.219392642378807 0.312628090381622 0.447030425071716 0.518431663513184 0.618157267570496 0.702758073806763 0.566509664058685 0.58994472026825 0.755282759666443 0.736935794353485 0.675053656101227 0.599324584007263 0.269407361745834 0.0987082123756409 0.0873248353600502 0.172190099954605 0.356081187725067 0.161637619137764 0.084422692656517 0.0279324743896723 0.0388490967452526 0.0278464462608099 0.013809846714139 0.0129396691918373 0.00914302282035351 0.00709408381953835 0.00485892500728369 0.00329422834329307 0.00336016807705164 0.00308844912797213 0.00233886041678488 0.00183793588075787 0.00109396583866328 0.000943952414672822 0.000873792509082705 0.00109271612018347 0.00082032399950549 0.000847977004013956 0.000806885771453381 0.000807630305644125 0.000999977812170982 0.000999438459984958 0.00082327687414363 0.000969365355558693 0.00094585312763229 0.00109980278648436
-3.4e+38 0.189393386244774 0.311312139034271 0.447642952203751 0.509124636650085 0.650013327598572 0.681619644165039 0.615964889526367 0.66406261920929 0.740949273109436 0.676318228244781 0.699424624443054 0.630776405334473 0.361198991537094 0.236699998378754 0.212315857410431 0.300110965967178 0.0705760195851326 0.0388346053659916 0.0422443598508835 0.0121000129729509 0.00913460366427898 0.00732814613729715 0.00673784501850605 0.00796618312597275 0.00698361312970519 0.00475307088345289 0.0031131983269006 0.00239423522725701 0.00252737803384662 0.00251474278047681 0.00202694186009467 0.00158747972454876 0.000946192536503077 0.000776611850596964 0.000796431035269052 0.000724782817997038 0.000782680115662515 0.000784543692134321 0.000877053593285382 0.000968923617620021 0.000900107028428465 0.00105399102903903 0.000963999656960368 0.000919936283025891 0.0011060357792303 0.00101666885893792
-3.4e+38 0.1243936419487 0.272868633270264 0.440640389919281 0.465520679950714 0.611731648445129 0.605029046535492 0.643316388130188 0.567353248596191 0.703070938587189 0.630776822566986 0.6435786485672 0.620958089828491 0.352603256702423 0.126414760947227 0.0742692202329636 0.0983616411685944 0.0304731819778681 0.0163771361112595 0.0123767480254173 0.0163269452750683 0.00771134719252586 0.006701550912112 0.00722064170986414 0.00987998675554991 0.00943290814757347 0.00274380785413086 0.00204327888786793 0.00169487320818007 0.00180570385418832 0.00194692646618932 0.00165006099268794 0.00140191207174212 0.00107223878148943 0.000901775842066854 0.000875771220307797 0.000846757786348462 0.000975054688751698 0.000969759712461382 0.000993837602436543 0.00087037798948586 0.000999199226498604 0.000847098941449076 0.000850613752845675 0.000918803445529193 0.000898985948879272 0.000962304999120533
-3.4e+38 0.0985505133867264 0.198336139321327 0.393415123224258 0.557051420211792 0.675880670547485 0.624532699584961 0.7216557264328 0.707230031490326 0.721022486686707 0.650286436080933 0.368023484945297 0.565478026866913 0.28754186630249 0.206477642059326 0.0730849355459213 0.0394668318331242 0.0246553141623735 0.0202874504029751 0.0106240613386035 0.00662714801728725 0.00585382152348757 0.00710951210930943 0.0067989518865943 0.00707414047792554 0.0102352304384112 0.00499677797779441 0.00161462789401412 0.00149000692181289 0.00205899053253233 0.00157589721493423 0.00153715338092297 0.00133115332573652 0.00135685654822737 0.00114216574002057 0.00107816071249545 0.000914723612368107 0.000833603378850967 0.000974950089585036 0.00108230556361377 0.00111026363447309 0.00102129427250475 0.000946708663832396 0.000943752005696297 0.000942440878134221 0.00096523086540401 0.00112680613528937
-3.4e+38 0.106507360935211 0.303805351257324 0.402572959661484 0.543110728263855 0.578535795211792 0.714496493339539 0.712473630905151 0.697240769863129 0.626083135604858 0.47803670167923 0.516247510910034 0.628861606121063 0.422658115625381 0.249715596437454 0.138899490237236 0.0690351277589798 0.0415417179465294 0.034205362200737 0.0149296876043081 0.00548051483929157 0.00587325124070048 0.00855435431003571 0.00841766409575939 0.00702760508283973 0.0127389207482338 0.00452165212482214 0.00282851792871952 0.00229218369349837 0.00229687313549221 0.00211587199009955 0.00206354353576899 0.00174348684959114 0.00152129272464663 0.00132455781567842 0.00138069048989564 0.00131300534121692 0.00104383134748787 0.00115188804920763 0.00114085653331131 0.00120305607561022 0.0011141283903271 0.00110741599928588 0.000846580020152032 0.000805069110356271 0.000866241927724332 0.000993341556750238
-3.4e+38 -3.4e+38 0.268653243780136 0.373088032007217 0.566172778606415 0.637805700302124 0.703376829624176 0.69625997543335 0.69591349363327 0.657057881355286 0.495619922876358 0.724129438400269 0.61809378862381 0.565683007240295 0.205954775214195 0.173349991440773 0.0319701805710793 0.017329964786768 0.0137370759621263 0.0135870492085814 0.0144184287637472 0.00955906044691801 0.0131006063893437 0.0146343894302845 0.0102976858615875 0.00893859192728996 0.00652563292533159 0.00421913526952267 0.00378748890943825 0.00332263601012528 0.0034035483840853 0.00273360405117273 0.00380903179757297 0.0033289990387857 0.0016120292712003 0.00144762429408729 0.00160032941494137 0.00147678586654365 0.00127957167569548 0.00134818605147302 0.00131060532294214 0.00110794091597199 0.00102061172947288 0.000991361332125962 0.000864658504724503 0.000933980918489397 0.000772531318943948
-3.4e+38 -3.4e+38 0.188531845808029 0.386056184768677 0.532017409801483 0.66401082277298 0.710951566696167 0.70856499671936 0.699923515319824 0.549022018909454 0.689987480640411 0.661596417427063 0.656702101230621 0.556997418403625 0.570586144924164 0.23191112279892 0.0424572415649891 0.0175992175936699 0.0160446465015411 0.0198734421283007 0.0165162775665522 0.013363623060286 0.022637939080596 0.0281289126724005 0.0205744300037622 0.0105097321793437 0.0156700368970633 0.0109382923692465 0.00818046741187572 0.00491753965616226 0.00472274422645569 0.00392629951238632 0.00454075401648879 0.00367744360119104 0.00240317755378783 0.00240391260012984 0.00198357179760933 0.00146316864993423 0.00142767687793821 0.00142984068952501 0.00131117354612797 0.00110703671816736 0.000962200690992177 0.000984957441687584 0.000835211598314345 0.000778359768446535 0.000669590255711228
-3.4e+38 -3.4e+38 -3.4e+38 0.424822419881821 0.506497919559479 0.686949133872986 0.761086463928223 0.738830268383026 0.743610918521881 0.628048837184906 0.686122834682465 0.742627620697021 0.753268539905548 0.597357749938965 0.399377107620239 0.412063866853714 0.13780015707016 0.0224269833415747 0.0168674867600203 0.043583944439888 0.0310055091977119 0.0316553860902786 0.0327615812420845 0.0283704176545143 0.0241552367806435 0.0650091767311096 0.023843239992857 0.0148579571396112 0.0112335653975606 0.00950887240469456 0.00733417831361294 0.00563061889261007 0.00469216192141175 0.00350559293292463 0.00331260310485959 0.00306863477453589 0.00254942057654262 0.00219707237556577 0.00172920292243361 0.00146405806299299 0.00127955316565931 0.00168949773069471 0.00127732509281486 0.00107371364720166 0.000674451468512416 0.00059577904175967 0.000722432741895318
-3.4e+38 -3.4e+38 -3.4e+38 0.378115028142929 0.605701625347137 0.698099553585052 0.711354911327362 0.807241141796112 0.74715781211853 0.715244472026825 0.594230353832245 0.6017165184021 0.657612383365631 0.727425038814545 0.341905504465103 0.247122809290886 0.344286531209946 0.0345338620245457 0.0305122770369053 0.0326890610158443 0.094893790781498 0.12786753475666 0.0606457777321339 0.0621309280395508 0.0494051836431026 0.129398539662361 0.0383131019771099 0.033167690038681 0.0474956147372723 0.0172094367444515 0.0135738467797637 0.0128018716350198 0.0120221152901649 0.00807737000286579 0.00553953275084496 0.00411362200975418 0.00305694807320833 0.00250731664709747 0.00225608772598207 0.00197107112035155 0.00172436214052141 0.00141477806027979 0.00110792799387127 0.000877356273122132 0.000828254444058985 0.000647464126814157 0.000697810610290617
-3.4e+38 -3.4e+38 0.243507131934166 0.504090368747711 0.61504203081131 0.76435512304306 0.766386151313782 0.784794449806213 0.772667169570923 0.631881892681122 0.712783634662628 0.636602401733398 0.655913114547729 0.673983693122864 0.319686859846115 0.273602157831192 0.54559314250946 0.101390436291695 0.0642767176032066 0.100097827613354 0.131331980228424 0.142240777611732 0.138960838317871 0.193862676620483 0.527957081794739 0.120380885899067 0.464118331670761 0.703159093856812 0.407601237297058 0.134579017758369 0.042455118149519 0.0244276039302349 0.0212521068751812 0.0121150817722082 0.00801974907517433 0.00557282846421003 0.00358555046841502 0.00345357973128557 0.00272605428472161 0.00212909397669137 0.00154933659359813 0.00149603805039078 0.00131388031877577 0.000888627604581416 0.000902409548871219 0.000703238125424832 0.000678269658237696
-3.4e+38 -3.4e+38 0.278884589672089 0.535808861255646 0.737053215503693 0.785718381404877 0.838523089885712 0.857257068157196 0.822143495082855 0.752452254295349 0.759949266910553 0.739126026630402 0.671576678752899 0.569911181926727 0.441490441560745 0.348330855369568 0.550431370735168 0.512134850025177 0.440247118473053 0.226640522480011 0.105660103261471 0.20000134408474 0.155097752809525 0.195237755775452 0.580432236194611 0.602907180786133 0.515244722366333 0.61233389377594 0.272473156452179 0.122924320399761 0.0795702189207077 0.0656918957829475 0.0439019910991192 0.0197750777006149 0.0137402741238475 0.00828466005623341 0.00441127270460129 0.00419481657445431 0.0031390655785799 0.00262807542458177 0.00207080505788326 0.00137352431192994 0.00132302299607545 0.0011798586929217 0.000953985087107867 0.000724207144230604 0.000700900738593191
-3.4e+38 -3.4e+38 0.368410587310791 0.632854282855988 0.753224194049835 0.790018320083618 0.84273636341095 0.910646677017212 0.799139857292175 0.764753580093384 0.787512063980103 0.783374786376953 0.781981587409973 0.754716277122498 0.454439043998718 0.372367292642593 0.66282993555069 0.404426544904709 0.245587900280952 0.178968176245689 0.202758252620697 0.213746458292007 0.205914199352264 0.593848526477814 0.620721936225891 0.624711096286774 0.562143266201019 0.709861993789673 0.652637124061584 0.704525470733643 0.162395387887955 0.0805675089359283 0.0700170770287514 0.0312429666519165 0.0154181336984038 0.00958941597491503 0.00666020670905709 0.00434120930731297 0.00375714711844921 0.00301349814981222 0.00246746535412967 0.00157290906645358 0.00104436499532312 0.00106510543264449 0.000784028496127576 0.000723387696780264 0.000704898906406015
-3.4e+38 -3.4e+38 0.366186916828156 0.707084476947784 0.737669110298157 0.862829625606537 0.830282986164093 0.912620723247528 0.870062947273254 0.817876577377319 0.767093479633331 0.73590362071991 0.774536788463593 0.775600492954254 0.779241919517517 0.724582612514496 0.663263499736786 0.553648352622986 0.50194239616394 0.350642174482346 0.417714565992355 0.447544872760773 0.689730048179626 0.320114433765411 0.621886491775513 0.47083854675293 0.618963897228241 0.578388512134552 0.434355109930038 0.655521810054779 0.432524174451828 0.234427705407143 0.074593186378479 0.0372093245387077 0.0161470491439104 0.0106573766097426 0.00858815386891365 0.00576678244397044 0.00494307558983564 0.00334203150123358 0.00196295883506536 0.00157655740622431 0.00137013464700431 0.000841060827951878 0.000807988166343421 0.000549331773072481 0.000579024315811694
-3.4e+38 -3.4e+38 0.359104245901108 0.642539381980896 0.825806379318237 0.860388696193695 0.82954066991806 0.859271049499512 0.853912711143494 0.789374768733978 0.771946430206299 0.685676217079163 0.740959346294403 0.71144425868988 0.724856853485107 0.534100651741028 0.731683015823364 0.547431766986847 0.401590585708618 0.524614334106445 0.628263831138611 0.69509369134903 0.242728516459465 0.212490752339363 0.504298686981201 0.26183694601059 0.402246475219727 0.470536559820175 0.533712327480316 0.708707332611084 0.827598989009857 0.360700905323029 0.0701886191964149 0.0284112449735403 0.0200263112783432 0.0156888067722321 0.0120480302721262 0.0081496350467205 0.00523976841941476 0.00334691186435521 0.00223624776117504 0.00189678592141718 0.00126500928308815 0.0010392809053883 0.000831453362479806 0.000480590359074995 0.000562286761123687
-3.4e+38 0.206996977329254 0.332989752292633 0.692962110042572 0.88677304983139 0.865551650524139 0.889295279979706 0.848239421844482 0.852103769779205 0.790897130966187 0.753736257553101 0.754638433456421 0.759177982807159 0.78371798992157 0.603484630584717 0.758285462856293 0.762913048267365 0.682834088802338 0.579254925251007 0.529107511043549 0.712189257144928 0.654678642749786 0.288775324821472 0.0919464305043221 0.150949418544769 0.22978900372982 0.190083131194115 0.310751229524612 0.363159328699112 0.76021021604538 0.785296618938446 0.523053824901581 0.127258077263832 0.0450588278472424 0.0403316132724285 0.0307415630668402 0.0187339335680008 0.0126439873129129 0.00761563330888748 0.00539666647091508 0.00321777327917516 0.00189218576997519 0.00141022924799472 0.00104153214488178 0.000769957085140049 0.000429651670856401 0.00035029838909395
-3.4e+38 0.178734391927719 0.337637513875961 0.796096086502075 0.871328592300415 0.919084668159485 0.81279844045639 0.838976204395294 0.813926577568054 0.825496912002563 0.773968040943146 0.711982607841492 0.692397713661194 0.754635155200958 0.525526523590088 0.642926871776581 0.766871750354767 0.578542172908783 0.481036305427551 0.70210325717926 0.474449396133423 0.546431243419647 0.285730808973312 0.0675698816776276 0.0854770392179489 0.139355853199959 0.144545391201973 0.209542721509933 0.373705118894577 0.730595588684082 0.638148427009583 0.648125052452087 0.188836723566055 0.130922943353653 0.0517165623605251 0.0404097586870193 0.0214885231107473 0.0131070706993341 0.0100758345797658 0.0062668533064425 0.00378723838366568 0.0031239241361618 0.00174285646062344 0.00113286264240742 0.000844213995151222 0.000570392818190157 0.000470526196295395
0.142245516180992 0.207701340317726 0.436851143836975 0.794306993484497 0.790610373020172 0.897134721279144 0.783263504505157 0.80940455198288 0.864111542701721 0.771846354007721 0.774043381214142 0.763758182525635 0.709038317203522 0.733235418796539 0.797085046768188 0.50302118062973 0.539039492607117 0.469182699918747 0.477005898952484 0.655871093273163 0.316657423973083 0.592292666435242 0.0995864793658257 0.0632035210728645 0.090543270111084 0.0862834677100182 0.121582567691803 0.185069859027863 0.552360475063324 0.810267567634583 0.745476901531219 0.526464641094208 0.189257606863976 0.106046229600906 0.115399055182934 0.0669481530785561 0.0342002175748348 0.0214122347533703 0.012667671777308 0.00809562765061855 0.00636955071240664 0.00395588809624314 0.00238455971702933 0.0015892346855253 0.00125750678125769 0.000791568774729967 0.000556050275918096
0.120508849620819 0.216778412461281 0.548146605491638 0.798136353492737 0.858292400836945 0.881962656974792 0.925738751888275 0.864440858364105 0.819899916648865 0.814991533756256 0.756948590278625 0.710779309272766 0.708998918533325 0.783419251441956 0.732657253742218 0.688465416431427 0.455251067876816 0.625069856643677 0.666638672351837 0.696102797985077 0.428616881370544 0.111287444829941 0.077824704349041 0.0685472190380096 0.07245734333992 0.104537770152092 0.134861066937447 0.17298312485218 0.331615209579468 0.736011683940887 0.84759259223938 0.494957685470581 0.225276291370392 0.202914237976074 0.202160835266113 0.0876128301024437 0.0541875325143337 0.0358521044254303 0.0229659806936979 0.0135945426300168 0.00804209429770708 0.0052811955101788 0.00328756379894912 0.00216881488449872 0.0015165846562013 0.000933975039515644 0.000687669031322002
0.233720421791077 0.327144622802734 0.52575421333313 0.820892095565796 0.899375796318054 0.867542147636414 0.900296866893768 0.847464382648468 0.831701040267944 0.807678997516632 0.757325232028961 0.774790406227112 0.815137326717377 0.692829489707947 0.634151518344879 0.792472243309021 0.727346003055573 0.756424903869629 0.835202157497406 0.701562762260437 0.590309500694275 0.125554889440536 0.0852840319275856 0.0977412983775139 0.100651852786541 0.118135273456573 0.142495378851891 0.215094015002251 0.479310929775238 0.849277973175049 0.850071370601654 0.857431054115295 0.597321391105652 0.217805221676826 0.144714951515198 0.0913061872124672 0.0770134925842285 0.0506712533533573 0.0329341664910316 0.0231587775051594 0.015341036953032 0.00959966797381639 0.00571987871080637 0.00309480493888259 0.00192380987573415 0.00118339783512056 0.00085020560072735
0.281087189912796 0.508187234401703 0.652562916278839 0.813211500644684 0.876229524612427 0.920019507408142 0.930005729198456 0.895170450210571 0.811610162258148 0.776719570159912 0.811397612094879 0.7818803191185 0.839189350605011 0.748491585254669 0.768975496292114 0.816123962402344 0.795988619327545 0.722577393054962 0.595181047916412 0.285184353590012 0.130820423364639 0.118701681494713 0.121430441737175 0.115354754030704 0.122524730861187 0.0679316520690918 0.0894652903079987 0.210577338933945 0.309975236654282 0.4439657330513 0.777561783790588 0.851867020130157 0.634121477603912 0.256791889667511 0.223408699035645 0.181779280304909 0.113359846174717 0.0816987603902817 0.0559815801680088 0.0384410955011845 0.0238867104053497 0.0146732656285167 0.00930109992623329 0.00447706179693341 0.00322790606878698 0.00171549862716347 0.00102672690991312
0.311102598905563 0.56339693069458 0.656540095806122 0.738537192344666 0.86651337146759 0.908672571182251 0.920139670372009 0.877790212631226 0.817899703979492 0.833120226860046 0.842213988304138 0.810225307941437 0.816365003585815 0.824270248413086 0.860688388347626 0.798887491226196 0.782559633255005 0.473705947399139 0.25468236207962 0.197014316916466 0.137980863451958 0.160671204328537 0.110092349350452 0.0670763924717903 0.0404517613351345 0.0245055146515369 0.0278809145092964 0.0524880550801754 0.123980358242989 0.159373745322227 0.68278294801712 0.86629593372345 0.782966136932373 0.774682760238647 0.599147021770477 0.456032693386078 0.334912031888962 0.227721974253654 0.147249296307564 0.0958581790328026 0.0528986342251301 0.0229918379336596 0.0141500923782587 0.00725875236093998 0.00418388424441218 0.00239644129760563 0.00172589696012437
