data/climate_estimation/maxent_output/Lilium_canadense.asc
NCOLS 325 
NROWS 180 
XLLCORNER -88.4166666666667 
YLLCORNER 33.5833333333333 
CELLSIZE 0.0833333333333333 
NODATA_value -3.4e+38 
[rows 22 to 43 of 180, columns 250 to 299 of 325]
0.650277853012085 0.657992124557495 0.646897077560425 0.654945552349091 0.662148952484131 0.659193933010101 0.648026943206787 0.680199146270752 0.689361929893494 0.68790465593338 0.666268587112427 0.697035133838654 0.716401815414429 0.721596598625183 0.732253730297089 0.740141689777374 0.741176187992096 0.751612663269043 0.760245144367218 0.763860821723938 0.768782734870911 0.773202061653137 0.77682226896286 0.784776031970978 0.787856578826904 0.744272828102112 0.746300101280212 0.742568731307983 0.727809131145477 0.724398672580719 0.720233500003815 0.715861737728119 0.704391360282898 0.688483834266663 0.679357945919037 -3.4e+38 -3.4e+38 -3.4e+38 0.628147065639496 0.613788366317749 0.603173553943634 0.59300422668457 0.623117983341217 0.614557921886444 0.609571993350983 -3.4e+38 -3.4e+38 -3.4e+38 -3.4e+38 -3.4e+38
0.670678734779358 0.647213041782379 0.659193933010101 0.666045367717743 0.680547654628754 0.683293879032135 0.681340098381042 0.685194134712219 0.694652915000916 0.697035133838654 0.696694612503052 0.71041738986969 0.723009705543518 0.731913268566132 0.733308494091034 0.744871735572815 0.749914228916168 0.758565306663513 0.762188613414764 0.762188613414764 0.771680474281311 0.778391063213348 0.781136572360992 0.783540070056915 0.74070018529892 0.739183962345123 0.724420249462128 0.727992951869965 0.726373672485352 0.721745729446411 0.721202433109283 0.70469856262207 0.696283340454102 0.687809526920319 0.678372383117676 -3.4e+38 -3.4e+38 -3.4e+38 0.627481997013092 0.615321755409241 0.605992555618286 0.591412365436554 0.620891928672791 0.603158175945282 0.597949862480164 0.587467789649963 0.587078452110291 -3.4e+38 -3.4e+38 -3.4e+38
0.690082252025604 0.673184990882874 0.679436862468719 0.69004499912262 0.691489338874817 0.689698994159698 0.701366364955902 0.69814121723175 0.703403353691101 0.7086461186409 0.710728287696838 0.725019037723541 0.734356701374054 0.738077163696289 0.743159472942352 0.748212516307831 0.753235161304474 0.756881952285767 0.760340988636017 0.768884897232056 0.771242022514343 0.757040143013 0.757208287715912 0.735066950321198 0.73404061794281 0.728033423423767 0.732069551944733 0.72436386346817 0.719748973846436 0.717432618141174 0.717017352581024 0.70905077457428 0.694640159606934 0.686724603176117 0.674325227737427 0.668299436569214 -3.4e+38 -3.4e+38 -3.4e+38 -3.4e+38 -3.4e+38 0.586838603019714 0.620891928672791 0.611637115478516 0.59701281785965 0.593709230422974 0.56959080696106 0.553355753421783 0.536855459213257 0.549520671367645
0.69856995344162 0.706638395786285 0.694979071617126 0.689535737037659 0.69814121723175 0.699240922927856 0.7086461186409 0.709730386734009 0.712444186210632 0.718725800514221 0.727488398551941 0.736692309379578 0.741444170475006 0.749231398105621 0.75289511680603 0.750182449817657 0.750182449817657 0.758448481559753 0.763503074645996 0.744909405708313 0.746427595615387 0.745707511901855 0.745362281799316 0.721809387207031 0.72334611415863 0.725108921527863 0.732935070991516 0.731076598167419 0.710778474807739 0.715146899223328 0.708777785301208 0.696624517440796 0.68677830696106 0.681735754013062 0.669001638889313 0.666596412658691 -3.4e+38 -3.4e+38 -3.4e+38 -3.4e+38 -3.4e+38 0.587074279785156 0.618196070194244 0.614098906517029 0.604537069797516 0.591759562492371 0.590198397636414 0.554581880569458 0.554398894309998 0.551995456218719
0.715880215167999 0.716343462467194 0.713885247707367 0.70306122303009 0.700180530548096 0.712102591991425 0.712102591991425 0.717310905456543 0.717310905456543 0.728093087673187 0.734963297843933 0.746507704257965 0.746167838573456 0.751541197299957 0.751541197299957 0.755089998245239 0.753086984157562 0.754591703414917 0.756910085678101 0.733153641223907 0.733067393302917 0.737949669361115 0.735927820205688 0.742221772670746 0.727492988109589 0.723256230354309 0.725020408630371 0.717730581760406 0.705058395862579 0.706818640232086 0.699875056743622 0.699303865432739 0.68680328130722 0.679103553295135 0.670103788375854 0.664097487926483 0.659189224243164 -3.4e+38 -3.4e+38 -3.4e+38 -3.4e+38 0.587074279785156 0.618411242961884 0.612501442432404 0.603598713874817 0.590638041496277 0.583649694919586 0.568012654781342 0.555804133415222 0.504102289676666
0.726391613483429 0.725627660751343 0.725276827812195 0.721197783946991 0.717310905456543 0.715550899505615 0.721812605857849 0.72731614112854 0.726974189281464 0.733840107917786 0.745827853679657 0.75221461057663 0.750736474990845 0.744100153446198 0.747106909751892 0.752106428146362 0.749923706054688 0.749576032161713 0.722288131713867 0.71899938583374 0.729307651519775 0.734031617641449 0.73653644323349 0.739483654499054 0.714954257011414 0.715030491352081 0.704080700874329 0.704155147075653 0.70604145526886 0.692549407482147 0.696660339832306 0.688750207424164 0.686038136482239 0.669753909111023 0.663979947566986 0.65372908115387 0.654494822025299 -3.4e+38 -3.4e+38 -3.4e+38 -3.4e+38 -3.4e+38 -3.4e+38 -3.4e+38 -3.4e+38 0.589469134807587 0.582273125648499 0.574670076370239 0.531275272369385 0.489700347185135
0.733156144618988 0.722144663333893 0.727749943733215 0.734601378440857 0.731492757797241 0.728369891643524 0.734879434108734 0.719305992126465 0.72795182466507 0.743822693824768 0.7485311627388 0.758877277374268 0.75104683637619 0.748043537139893 0.747080504894257 0.75018972158432 0.746212542057037 0.736400246620178 0.716393351554871 0.711528480052948 0.723417997360229 0.718926250934601 0.728407979011536 0.727021455764771 0.705807387828827 0.705470502376556 0.701759815216064 0.696715950965881 0.699585378170013 0.698760747909546 0.688393831253052 0.679311513900757 0.67518562078476 0.668044805526733 0.666196227073669 0.635894417762756 0.642546355724335 0.620165526866913 0.604013383388519 0.591670751571655 0.576693177223206 0.575041830539703 0.569267392158508 0.5694220662117 -3.4e+38 -3.4e+38 0.604245245456696 0.552365124225616 0.550755143165588 0.542991518974304
0.740592241287231 0.730690181255341 0.736601591110229 0.737629950046539 0.739627122879028 0.733128845691681 0.740959644317627 0.734230518341064 0.736721038818359 0.738080859184265 0.745258212089539 0.758073508739471 0.752652168273926 0.747483611106873 0.745852291584015 0.742018640041351 0.736221849918365 0.741047441959381 0.716291129589081 0.711941599845886 0.710396289825439 0.710036277770996 0.709088563919067 0.714009940624237 0.69963127374649 0.695172667503357 0.694728016853333 0.692874014377594 0.690712928771973 0.690246284008026 0.688878118991852 0.673348188400269 0.67051500082016 0.669652104377747 0.660938799381256 0.626305818557739 0.631237149238586 0.605795621871948 0.590098142623901 0.577647089958191 0.568848669528961 0.568958103656769 0.562063336372375 0.565017282962799 0.563782572746277 0.563011288642883 -3.4e+38 -3.4e+38 -3.4e+38 -3.4e+38
0.747626066207886 0.73951256275177 0.743303120136261 0.7491814494133 0.739592134952545 0.734654605388641 0.734606087207794 0.737742185592651 0.742805421352386 0.739847540855408 0.740621745586395 0.758976638317108 0.752039909362793 0.741504669189453 0.752302467823029 0.74199765920639 0.740031063556671 0.737760305404663 0.736726224422455 0.711062788963318 0.70619797706604 0.704731702804565 0.702778935432434 0.704088866710663 0.686439514160156 0.687363028526306 0.687850713729858 0.687951028347015 0.685445427894592 0.687425017356873 0.688525319099426 0.684571981430054 0.677020132541656 0.670069396495819 0.659748017787933 0.638072967529297 0.616427004337311 0.592519462108612 0.576539814472198 0.566244006156921 0.560005903244019 0.562748610973358 0.562825679779053 0.562240242958069 0.567203044891357 -3.4e+38 -3.4e+38 -3.4e+38 -3.4e+38 -3.4e+38
0.753611624240875 0.754254937171936 0.744920372962952 0.74249279499054 0.742717087268829 0.733612358570099 0.729709923267365 0.731063842773438 0.73087877035141 0.736157536506653 0.742743849754333 0.753639757633209 0.751440823078156 0.748490571975708 0.742776930332184 0.740940928459167 0.733349502086639 0.728934168815613 0.709542512893677 0.695263087749481 0.692573368549347 0.68967616558075 0.687352657318115 0.687778472900391 0.660652458667755 0.666265726089478 0.669905722141266 0.672837734222412 0.677705407142639 0.679664433002472 0.676403164863586 0.668957114219666 0.661598682403564 0.650255382061005 0.639409601688385 0.624996662139893 0.603763461112976 0.573073863983154 0.555975258350372 0.552007138729095 0.551807463169098 0.554930150508881 0.56310248374939 0.559589326381683 0.565285742282867 0.559136569499969 -3.4e+38 -3.4e+38 -3.4e+38 -3.4e+38
0.758356750011444 0.747669696807861 0.745842576026917 0.734715521335602 0.729362368583679 0.722443580627441 0.720568656921387 0.722544312477112 0.721504628658295 0.713681757450104 0.72254490852356 0.736418724060059 0.745209693908691 0.737855434417725 0.731600105762482 0.730957448482513 0.723626613616943 0.695593535900116 0.691778540611267 0.678893029689789 0.677715361118317 0.672463715076447 0.673818171024323 0.643613219261169 0.650639533996582 0.652664422988892 0.661033630371094 0.666129648685455 0.667167484760284 0.662222325801849 0.657737970352173 0.649542987346649 0.636436522006989 0.619678020477295 0.619349122047424 0.616629958152771 0.593163549900055 0.564050912857056 0.547335505485535 0.547182559967041 0.548658788204193 0.553386867046356 0.559103667736053 0.562331795692444 0.56945937871933 0.56187778711319 0.567224621772766 0.570762097835541 0.570707559585571 0.568851053714752
0.745437562465668 0.736892819404602 0.738103687763214 0.722100853919983 0.721350252628326 0.713875949382782 0.703151166439056 0.702382445335388 0.696669578552246 0.698606729507446 0.705716133117676 0.71486622095108 0.724833905696869 0.710899412631989 0.699010789394379 0.694859862327576 0.677446484565735 0.678276300430298 0.661236166954041 0.656700253486633 0.644791960716248 0.630836546421051 0.618901133537292 0.63736766576767 0.640329420566559 0.650012910366058 0.650897562503815 0.643633902072906 0.63916277885437 0.638221919536591 0.634497106075287 0.620381712913513 0.607743740081787 0.609049260616302 0.617624223232269 0.608724117279053 0.589576423168182 0.57002854347229 0.55908465385437 0.550363838672638 0.550802111625671 0.553994417190552 0.544131517410278 0.55670577287674 0.560347259044647 0.564468324184418 0.569976210594177 0.5690056681633 0.570111334323883 0.569682121276855
0.747525274753571 0.734869658946991 0.721861183643341 0.712743639945984 0.699987590312958 0.700980067253113 0.684960424900055 0.678495287895203 0.676239013671875 0.681530892848969 0.679315447807312 0.681593179702759 0.679842829704285 0.677309930324554 0.659883439540863 0.650063753128052 0.647367656230927 0.63823676109314 0.632046818733215 0.613830864429474 0.600204527378082 0.59296578168869 0.604544758796692 0.619213104248047 0.628329873085022 0.634192168712616 0.630352854728699 0.617176055908203 0.607783079147339 0.611124336719513 0.621785342693329 0.613346517086029 0.609017133712769 0.626124978065491 0.628611207008362 0.620607256889343 0.589560985565186 0.576910972595215 0.568140864372253 0.555834531784058 0.558317720890045 0.558709919452667 0.556366980075836 0.558798253536224 0.568761587142944 0.566477417945862 0.569393515586853 0.569648325443268 0.570775985717773 0.565109968185425
0.746475517749786 0.735355079174042 0.71687650680542 0.698604583740234 0.684873342514038 0.672336459159851 0.659098923206329 0.654134273529053 0.646181464195251 0.652922093868256 0.645104587078094 0.640603959560394 0.648154020309448 0.620970368385315 0.605861067771912 0.603019058704376 0.561364471912384 0.579418778419495 0.585714876651764 0.573227167129517 0.566470921039581 0.569071888923645 0.581050932407379 0.59170538187027 0.592370569705963 0.590658009052277 0.594559490680695 0.595157384872437 0.601362228393555 0.612116575241089 0.61031574010849 0.61979478597641 0.620130360126495 0.635343551635742 0.621054768562317 0.613264918327332 0.593489527702332 0.582685530185699 0.580990254878998 0.574049055576324 0.563992440700531 0.561307847499847 0.558280050754547 0.56792277097702 0.567426979541779 0.567768156528473 0.568950533866882 0.559151232242584 0.557589709758759 0.55453360080719
0.744317352771759 0.731143593788147 0.710245132446289 0.687990069389343 0.669849455356598 0.656283259391785 0.645264148712158 0.631663501262665 0.621853113174438 0.596326410770416 0.579666018486023 0.587751567363739 0.570343434810638 0.489892661571503 0.458174884319305 0.453586548566818 0.430177718400955 0.440189063549042 0.457420378923416 0.446134716272354 0.49582052230835 0.5238938331604 0.515639126300812 0.547689199447632 0.548866152763367 0.527101755142212 0.558174014091492 0.592236459255219 0.598950505256653 0.608478844165802 0.615564703941345 0.630144238471985 -3.4e+38 0.628494143486023 0.611551284790039 0.602820813655853 0.594486832618713 0.586362361907959 0.584961593151093 0.573956191539764 0.567813396453857 0.552880465984344 0.544129908084869 0.521237313747406 0.510375261306763 0.507251799106598 0.519006669521332 0.496239274740219 0.506306707859039 0.490148037672043
0.744369983673096 0.720174014568329 0.696751058101654 0.667363107204437 0.641256749629974 0.626480996608734 0.612439811229706 0.599416732788086 0.57106477022171 0.470700889825821 0.44258189201355 0.462016433477402 0.435721278190613 0.400780558586121 0.39877513051033 0.368090450763702 0.347497671842575 0.37883523106575 0.364311456680298 0.381173819303513 0.39509505033493 0.411115109920502 0.447139948606491 0.501341581344604 0.490576356649399 0.53092622756958 0.579099833965302 0.591602563858032 0.607376396656036 -3.4e+38 -3.4e+38 -3.4e+38 0.629254043102264 0.623803079128265 0.608728587627411 0.600255787372589 0.600678384304047 0.591572761535645 0.58732932806015 0.582914292812347 0.575103640556335 0.569037556648254 0.567955195903778 0.54863303899765 0.547558784484863 0.551576972007751 0.55265349149704 0.552226543426514 0.553250789642334 0.56597626209259
0.739692628383636 0.717261731624603 0.688677906990051 0.655109286308289 0.626284658908844 0.603068828582764 0.500294625759125 0.481266349554062 0.475167274475098 0.435870319604874 0.389308899641037 0.380717277526855 0.352484792470932 0.340321838855743 0.318631082773209 0.33912655711174 0.326844662427902 0.309159755706787 0.311717331409454 0.290080219507217 0.296392679214478 0.330038577318192 0.357054859399796 0.4672911465168 0.536352038383484 0.555955171585083 -3.4e+38 -3.4e+38 -3.4e+38 -3.4e+38 -3.4e+38 0.614331066608429 0.611190319061279 0.617982149124146 0.611385643482208 0.608774721622467 0.606933832168579 0.608052551746368 0.600574135780334 0.593644142150879 0.591578841209412 0.584690630435944 0.568319082260132 0.569424450397491 0.563341319561005 0.574018239974976 0.563884675502777 0.56505936384201 0.562899112701416 0.576518416404724
0.676863551139832 0.720976591110229 0.617701530456543 0.567071318626404 0.529348969459534 0.504673063755035 0.486926913261414 0.467574030160904 0.450797110795975 0.422549873590469 0.35740327835083 0.343096733093262 0.329380393028259 0.303406924009323 0.296274960041046 0.279160141944885 0.256356120109558 0.25093275308609 0.234338566660881 0.231642752885818 0.254617512226105 0.301177054643631 0.379365921020508 0.476995050907135 0.535471320152283 -3.4e+38 -3.4e+38 -3.4e+38 -3.4e+38 -3.4e+38 0.6263707280159 0.627233266830444 -3.4e+38 0.61965000629425 0.622459411621094 -3.4e+38 -3.4e+38 0.603815078735352 0.60045063495636 0.611934781074524 -3.4e+38 -3.4e+38 -3.4e+38 0.580251395702362 0.577239513397217 0.566542088985443 0.565036952495575 0.557343482971191 0.552664399147034 0.552010416984558
0.666304111480713 0.654499292373657 0.621948719024658 0.558402001857758 0.523728728294373 0.488098055124283 0.44560918211937 0.427143394947052 0.396660655736923 0.388191759586334 0.335535287857056 0.310541868209839 0.291772812604904 0.275220453739166 0.259999781847 0.243861705064774 0.217240959405899 0.214244663715363 0.21927435696125 0.215962961316109 0.232229143381119 0.300057142972946 -3.4e+38 -3.4e+38 -3.4e+38 -3.4e+38 -3.4e+38 -3.4e+38 -3.4e+38 -3.4e+38 -3.4e+38 -3.4e+38 -3.4e+38 0.618471920490265 0.616982877254486 0.61013400554657 0.599903702735901 0.58514267206192 0.587767481803894 -3.4e+38 -3.4e+38 0.590058207511902 0.580999255180359 0.574731767177582 0.572420120239258 0.561399757862091 0.559859156608582 0.548134624958038 0.542334973812103 0.549782395362854
0.664475977420807 0.649632811546326 0.620113670825958 0.563847959041595 0.508924543857574 0.459734320640564 0.431141078472137 0.407459110021591 0.356397271156311 0.335465282201767 0.298857808113098 0.284301698207855 0.271877229213715 0.245567843317986 0.223095506429672 0.221992030739784 0.204562857747078 -3.4e+38 -3.4e+38 -3.4e+38 -3.4e+38 -3.4e+38 -3.4e+38 -3.4e+38 -3.4e+38 -3.4e+38 -3.4e+38 -3.4e+38 -3.4e+38 -3.4e+38 -3.4e+38 0.605086445808411 0.604813158512115 0.599874675273895 0.605518400669098 0.602789580821991 0.605734288692474 0.586544573307037 0.586645364761353 0.593727886676788 0.593618512153625 0.591798007488251 0.586801469326019 0.576192319393158 0.569551587104797 0.539035856723785 0.524034678936005 0.536064267158508 0.532986164093018 0.534171581268311
0.640545845031738 0.622674763202667 0.597382187843323 0.54507315158844 0.514020979404449 0.455502033233643 0.41404715180397 0.34717857837677 0.335992157459259 0.306071281433105 0.28245821595192 0.274769455194473 -3.4e+38 0.220545262098312 -3.4e+38 -3.4e+38 -3.4e+38 -3.4e+38 -3.4e+38 -3.4e+38 -3.4e+38 -3.4e+38 -3.4e+38 -3.4e+38 -3.4e+38 -3.4e+38 -3.4e+38 -3.4e+38 -3.4e+38 0.575127363204956 0.587259352207184 0.597811937332153 0.599840044975281 0.609436094760895 0.607331573963165 0.596916794776917 0.568760633468628 0.564372003078461 0.569928884506226 0.565322399139404 0.579594850540161 0.589811384677887 0.58481228351593 0.549846053123474 0.533010005950928 0.511937201023102 0.510072886943817 0.513651967048645 0.51454496383667 0.52272629737854
0.619282126426697 0.591834902763367 0.564107000827789 0.530306756496429 0.497801274061203 0.426250040531158 0.36482110619545 0.323701798915863 0.290021389722824 -3.4e+38 0.242917284369469 -3.4e+38 -3.4e+38 -3.4e+38 -3.4e+38 -3.4e+38 -3.4e+38 -3.4e+38 -3.4e+38 -3.4e+38 -3.4e+38 -3.4e+38 -3.4e+38 -3.4e+38 -3.4e+38 -3.4e+38 -3.4e+38 0.495758056640625 0.521491229534149 0.54788613319397 0.57507449388504 0.593701243400574 0.594431638717651 0.580863416194916 0.552125930786133 0.550975978374481 0.552239418029785 0.539980113506317 0.539371073246002 0.550232291221619 0.574968814849854 0.571001350879669 0.547626316547394 0.51604562997818 0.469541728496552 0.467856079339981 0.458543866872787 0.492805749177933 0.502265810966492 0.48395237326622
