data/climate_estimation/maxent_output/Lilium_sulphureum.asc
NCOLS 134 
NROWS 80 
XLLCORNER 99.6666666666667 
YLLCORNER 23.4166666666667 
CELLSIZE 0.0833333333333334 
NODATA_value -3.4e+38 
[rows 20 to 39 of 80, columns 88 to 131 of 134]
0.761062204837799 0.738295257091522 0.741975903511047 0.767140090465546 0.761227548122406 0.768976211547852 0.764908909797668 0.767789304256439 0.765886068344116 0.758390605449677 0.74897575378418 0.753176212310791 0.755682408809662 0.720051050186157 0.710715293884277 0.692225813865662 0.701671779155731 0.730521619319916 0.722192466259003 0.722572267055511 0.725029468536377 0.714816570281982 0.690651595592499 0.684223890304565 0.680569767951965 0.697438776493073 0.714136481285095 0.701972424983978 0.724246740341187 0.729583859443665 0.72285920381546 0.715867519378662 0.706319868564606 0.720326721668243 0.726074039936066 0.735733151435852 0.735417008399963 0.747131407260895 0.745450913906097 0.732048392295837 0.72448456287384 0.730743110179901 0.721802949905396 0.717074513435364
0.751873672008514 0.757322013378143 0.773167312145233 0.770056486129761 0.75107342004776 0.770777106285095 0.767009139060974 0.771175622940063 0.762726068496704 0.760456085205078 0.752393662929535 0.7516770362854 0.728040099143982 0.70715719461441 0.716592967510223 0.693741977214813 0.734947919845581 0.747395813465118 0.727731466293335 0.730987191200256 0.730791032314301 0.735085129737854 0.739430069923401 0.712969183921814 0.687378525733948 0.71257871389389 0.710606098175049 0.727800190448761 0.73372495174408 0.727322518825531 0.704819917678833 0.680665493011475 0.686220586299896 0.691912651062012 0.701621770858765 0.71659117937088 0.72783499956131 0.728394687175751 0.725035309791565 0.714019119739532 0.720973670482635 0.720817863941193 0.717735528945923 0.710515558719635
0.756567776203156 0.775129914283752 0.777422189712524 0.76350462436676 0.760248959064484 0.774612367153168 0.774341642856598 0.768185019493103 0.762224197387695 0.754266381263733 0.758986532688141 0.754124939441681 0.735105097293854 0.740576684474945 0.70552796125412 0.70994758605957 0.745781600475311 0.738566935062408 0.725023150444031 0.738059759140015 0.743918776512146 0.7424635887146 0.734092950820923 0.719496965408325 0.712665677070618 0.708985269069672 0.696259200572968 0.738888025283813 0.739764928817749 0.730845630168915 0.723481893539429 0.675259113311768 0.673198938369751 0.680221080780029 0.691554844379425 0.701163411140442 0.707824409008026 0.705927848815918 0.697530269622803 0.70255035161972 0.714958727359772 0.707413375377655 0.710321605205536 0.703675448894501
0.77847945690155 0.772209107875824 0.772904634475708 0.757128894329071 0.780001640319824 0.778664290904999 0.774969756603241 0.768874228000641 0.766617000102997 0.766084730625153 0.754135072231293 0.745441138744354 0.745815992355347 0.745306670665741 0.709963142871857 0.716271996498108 0.730614960193634 0.734370946884155 0.728535354137421 0.741659045219421 0.743861436843872 0.744288384914398 0.734046936035156 0.697130858898163 0.700874269008636 0.691002726554871 0.709247469902039 0.742563664913177 0.74319863319397 0.733788073062897 0.719196438789368 0.683420777320862 0.663294017314911 0.683964133262634 0.685770153999329 0.700547337532043 0.699157416820526 0.677681148052216 0.684414565563202 0.704628229141235 0.710003197193146 0.709716975688934 0.709387719631195 0.698038935661316
0.779298424720764 0.772284209728241 0.772587954998016 0.770740985870361 0.773391366004944 0.782402217388153 0.777438580989838 0.775023221969604 0.771351397037506 0.759415984153748 0.749314844608307 0.756435334682465 0.744405686855316 0.74287486076355 0.707026064395905 0.731851518154144 0.733493626117706 0.732805490493774 0.737864553928375 0.74476021528244 0.746553719043732 0.739935576915741 0.744631052017212 0.719961285591125 0.70485246181488 0.714163243770599 0.735637068748474 0.738131046295166 0.736416161060333 0.731110990047455 0.706645131111145 0.700644075870514 0.688092231750488 0.700278043746948 0.67777293920517 0.687482178211212 0.671852111816406 0.660593867301941 0.671087741851807 0.687102258205414 0.6897132396698 0.698491454124451 0.681201338768005 0.66287899017334
0.780441164970398 0.773122608661652 0.773418724536896 0.783817529678345 0.78856498003006 0.791946053504944 0.782220423221588 0.770164906978607 0.763734400272369 0.76049929857254 0.750994801521301 0.738556563854218 0.753328621387482 0.737936973571777 0.71638697385788 0.727852284908295 0.722179651260376 0.740445256233215 0.743551909923553 0.745981872081757 0.681543171405792 0.748707413673401 0.731053650379181 0.713482618331909 0.712827384471893 0.735870063304901 0.728781223297119 0.729901075363159 0.733185231685638 0.710566639900208 0.694530069828033 0.698705554008484 0.687913239002228 0.669402182102203 0.680378198623657 0.661757349967957 0.656634032726288 0.65208375453949 0.650975823402405 0.657320737838745 0.672269999980927 0.682897329330444 0.666438937187195 0.640035808086395
0.773185133934021 0.780275642871857 0.782575130462646 0.78921502828598 0.797041237354279 0.792398571968079 0.785706341266632 0.7791987657547 0.780247688293457 0.766636729240417 0.75530344247818 0.75041127204895 0.729768574237823 0.727935612201691 0.708417057991028 0.702551186084747 0.729550361633301 0.732954621315002 0.74452543258667 0.721848249435425 0.704589784145355 0.735383450984955 0.724144816398621 0.712751626968384 0.704583287239075 0.715628027915955 0.728959918022156 0.735897123813629 0.730583727359772 0.714718103408813 0.696775078773499 0.679902732372284 0.66269326210022 0.639257252216339 0.655618190765381 0.641526937484741 0.641010940074921 0.636218726634979 0.646805763244629 0.679103851318359 0.657663524150848 0.656322658061981 0.648132920265198 0.625281393527985
0.783608257770538 0.788768589496613 0.787733674049377 0.798752009868622 0.799240946769714 0.801174342632294 0.787339448928833 0.786373734474182 0.782055735588074 0.769015192985535 0.751840889453888 0.733939230442047 0.728619277477264 0.711986780166626 0.690033435821533 0.687010824680328 0.701850771903992 0.737930774688721 0.735742330551147 0.746663391590118 0.747183620929718 0.712778508663177 0.736901223659515 0.703952074050903 0.682619690895081 0.691473126411438 0.711888074874878 0.728470206260681 0.733775317668915 0.713134765625 0.698377192020416 0.691116571426392 0.66164755821228 0.666573643684387 0.674597263336182 0.674476623535156 0.646210193634033 0.649438261985779 0.687122106552124 0.701663374900818 0.650604367256165 0.654149830341339 0.659559965133667 0.64347505569458
0.793515503406525 0.787618398666382 0.787667095661163 0.802535533905029 0.802240252494812 0.801988661289215 0.799203872680664 0.792308449745178 0.788550317287445 0.776073157787323 0.751672804355621 0.73493504524231 0.702430784702301 0.708590686321259 0.687944889068604 0.68218058347702 0.717997789382935 0.737920343875885 0.734763741493225 0.723480105400085 0.718084692955017 0.716570675373077 0.681374371051788 0.686444401741028 0.686797797679901 0.684270739555359 0.678470373153687 0.725142121315002 0.729556798934937 0.703743875026703 0.678435564041138 0.663645625114441 0.667756080627441 0.676685273647308 0.676471650600433 0.661738812923431 0.677373647689819 0.654604971408844 0.691097557544708 0.688815474510193 0.632061064243317 0.673594355583191 0.687621235847473 0.660606682300568
0.787505745887756 0.794722616672516 0.795754313468933 0.804042041301727 0.806443631649017 0.804861843585968 0.79961895942688 0.79209178686142 0.789907395839691 0.788049399852753 0.765502750873566 0.740668416023254 0.742987871170044 0.724181830883026 0.691654443740845 0.701804518699646 0.710031867027283 0.715659141540527 0.714475810527802 0.69377601146698 0.696907222270966 0.699684381484985 0.726104617118835 0.728211522102356 0.716866016387939 0.732414782047272 0.739036321640015 0.747921466827393 0.711703836917877 0.719951212406158 0.705043017864227 0.736423254013062 0.719672501087189 0.703520476818085 0.697040498256683 0.681575238704681 0.66684228181839 0.686156094074249 0.710297346115112 0.64822244644165 0.661063969135284 0.701404809951782 0.681604266166687 0.675848722457886
0.803206026554108 0.807879626750946 0.807780861854553 0.808883666992188 0.812523066997528 0.815436542034149 0.799371182918549 0.794822335243225 0.792568147182465 0.786577701568604 0.76992803812027 0.768163859844208 0.76343560218811 0.755639910697937 0.709437072277069 0.705336332321167 0.698746681213379 0.713662803173065 0.732095301151276 0.709365844726562 0.703912198543549 0.702097058296204 0.714965403079987 0.725771725177765 0.744959592819214 0.753145337104797 0.757879972457886 0.744912624359131 0.741851329803467 0.739518702030182 0.745002865791321 0.740888357162476 0.717852771282196 0.68669056892395 0.683124542236328 0.662006199359894 0.676913559436798 0.700738906860352 0.662628412246704 0.654111325740814 0.672750890254974 0.702295541763306 0.683636367321014 0.687453210353851
0.812082827091217 0.818309426307678 0.815155863761902 0.811412990093231 0.817962467670441 0.80510026216507 0.798922061920166 0.792624890804291 0.778999209403992 0.784061074256897 0.780298233032227 0.781833648681641 0.763559520244598 0.741157054901123 0.710907280445099 0.718584716320038 0.704330205917358 0.724496960639954 0.714470028877258 0.696152925491333 0.691081762313843 0.69089549779892 0.698373377323151 0.713977873325348 0.736489593982697 0.744245171546936 0.759779810905457 0.734180510044098 0.715285241603851 0.720137357711792 0.722904145717621 0.700249493122101 0.682661473751068 0.683857321739197 0.691209077835083 0.676768064498901 0.728732645511627 0.697992861270905 0.658411026000977 0.646225571632385 0.679257273674011 0.695347964763641 0.684672832489014 0.689189016819
0.811396300792694 0.81566721200943 0.813007116317749 0.814699053764343 0.800253391265869 0.799635410308838 0.798661231994629 0.779046475887299 0.788818418979645 0.787727117538452 0.783933520317078 0.77651834487915 0.768723845481873 0.75849312543869 0.735676825046539 0.728962540626526 0.707463383674622 0.672747313976288 0.67085736989975 0.701269149780273 0.706095695495605 0.714533150196075 0.708327353000641 0.700758814811707 0.683396875858307 0.706757128238678 0.703272461891174 0.706941068172455 0.714942455291748 0.723386824131012 0.708069562911987 0.691465079784393 0.691815793514252 0.690320372581482 0.683972597122192 0.684056222438812 0.706564724445343 0.651022613048553 0.634860873222351 0.661728203296661 0.693095743656158 0.697134912014008 0.685192346572876 0.690263390541077
0.81802099943161 0.821311175823212 0.823640763759613 0.810258567333221 0.791839241981506 0.818167924880981 0.816672444343567 0.805656433105469 0.792794585227966 0.778573215007782 0.766393601894379 0.768884003162384 0.776534855365753 0.768721044063568 0.749335885047913 0.726855337619781 0.703191876411438 0.670536756515503 0.64196252822876 0.65398782491684 0.688934147357941 0.678326427936554 0.685889542102814 0.667143702507019 0.700034558773041 0.732966005802155 0.716450870037079 0.741317212581635 0.744331657886505 0.736903309822083 0.708006739616394 0.699475407600403 0.690463244915009 0.671554744243622 0.665152013301849 0.695255219936371 0.675447285175323 0.626098275184631 0.654581248760223 0.670483589172363 0.70523476600647 0.692846059799194 0.694155037403107 0.684590458869934
0.824411332607269 0.813287436962128 0.817872703075409 0.830515742301941 0.825607895851135 0.819528877735138 0.821382820606232 0.818575918674469 0.803224563598633 0.795217990875244 0.752330362796783 0.774850368499756 0.781587958335876 0.766495585441589 0.754995346069336 0.744756102561951 0.711432576179504 0.70936918258667 0.689553618431091 0.670295476913452 0.649652540683746 0.647417962551117 0.664965689182281 0.711372315883636 0.734778106212616 0.722850382328033 0.733568072319031 0.744993507862091 0.734873831272125 0.731492698192596 0.705233871936798 0.680496156215668 0.668298125267029 0.650986611843109 0.680440425872803 0.700249195098877 0.646396994590759 0.65679806470871 0.693340063095093 0.713497757911682 0.711685597896576 0.690061628818512 0.688485741615295 0.672684609889984
0.823607742786407 0.813873052597046 0.829058587551117 0.841994822025299 0.837699174880981 0.831617176532745 0.828017830848694 0.811977803707123 0.805043816566467 0.780213117599487 0.791934967041016 0.782700598239899 0.779334723949432 0.765540778636932 0.761920094490051 0.744684100151062 0.718564033508301 0.700223028659821 0.669218480587006 0.676927864551544 0.651587307453156 0.660488724708557 0.712808609008789 0.712343871593475 0.728791475296021 0.730482697486877 0.73411363363266 0.730872690677643 0.72723925113678 0.704611539840698 0.7036994099617 0.677179038524628 0.667579293251038 0.686089873313904 0.697325110435486 0.669833183288574 0.650637984275818 0.676217317581177 0.709876120090485 0.718113780021667 0.70392769575119 0.677244126796722 0.675770699977875 0.608998775482178
0.844726324081421 0.840277850627899 0.838367998600006 0.853631138801575 0.849174678325653 0.838183522224426 0.83547979593277 0.819948375225067 0.798056423664093 0.784270882606506 0.774127840995789 0.773322224617004 0.754492521286011 0.732795774936676 0.734553396701813 0.726914763450623 0.706141114234924 0.692301690578461 0.670851349830627 0.663287043571472 0.684935033321381 0.712876558303833 0.720286726951599 0.728147923946381 0.725282371044159 0.728699564933777 0.727555394172668 0.706028342247009 0.70192551612854 0.698824286460876 0.698256134986877 0.704700648784637 0.698192000389099 0.700385987758636 0.707164645195007 0.674087405204773 0.678474903106689 0.72361159324646 0.696072280406952 0.721496939659119 0.676069140434265 0.66936582326889 0.621314346790314 0.590753436088562
0.850836336612701 0.854746222496033 0.851910412311554 0.861064434051514 0.853882670402527 0.851886987686157 0.842446386814117 0.823013067245483 0.791967928409576 0.783690750598907 0.798280537128448 0.785759031772614 0.769271790981293 0.749768555164337 0.758175134658813 0.751772463321686 0.733227491378784 0.719768106937408 0.6961350440979 0.682711362838745 0.685850322246552 0.701683282852173 0.715911030769348 0.732477247714996 0.716180920600891 0.727308750152588 0.705850124359131 0.717679440975189 0.697171032428741 0.68870884180069 0.71818208694458 0.696226060390472 0.697139382362366 0.690027892589569 0.721559047698975 0.679847538471222 0.672321438789368 0.712401866912842 0.721168518066406 0.715992748737335 0.697860896587372 0.686200797557831 0.611239612102509 0.593909800052643
0.87151312828064 0.867783308029175 0.86987316608429 0.858670115470886 0.856169283390045 0.845690667629242 0.841817438602448 0.819269895553589 0.80832439661026 0.810227334499359 0.803925633430481 0.807865083217621 0.775821685791016 0.776474356651306 0.751695573329926 0.72769695520401 0.728004038333893 0.723395943641663 0.709747672080994 0.711538255214691 0.725764811038971 0.717198312282562 0.718062698841095 0.728608250617981 0.738010227680206 0.734494686126709 0.725386619567871 0.735024213790894 0.698002517223358 0.689529299736023 0.712809145450592 0.690896570682526 0.682010293006897 0.702750444412231 0.72373765707016 0.666880190372467 0.667452335357666 0.728666424751282 0.734237432479858 0.720401346683502 0.669077396392822 0.65054589509964 0.645227670669556 0.580471336841583
0.87051659822464 0.865740239620209 0.856038868427277 0.859803736209869 0.860795199871063 0.850025117397308 0.835245072841644 0.825036406517029 0.814175844192505 0.796197056770325 0.787780702114105 0.806088626384735 0.768145680427551 0.759383082389832 0.739517629146576 0.725546419620514 0.726771175861359 0.71161675453186 0.711022555828094 0.747929394245148 0.759807944297791 0.752468109130859 0.729688405990601 0.734207570552826 0.735087990760803 0.744512557983398 0.750528514385223 0.717275440692902 0.705996572971344 0.704618096351624 0.698474645614624 0.675386369228363 0.682370185852051 0.689270257949829 0.696879148483276 0.667684614658356 0.671264469623566 0.717930614948273 0.723554968833923 0.703015804290771 0.658133089542389 0.689164519309998 0.65650200843811 0.587805807590485
