data/climate_estimation/maxent_output/Lilium_speciosum.asc
NCOLS 603 
NROWS 202 
XLLCORNER 90.75 
YLLCORNER 23.5833333333333 
CELLSIZE 0.0833333333333333 
NODATA_value -3.4e+38 
[rows 21 to 41 of 202, columns 188 to 234 of 603]
0.00448419293388724 0.00460430327802896 0.00460717268288136 0.00466572260484099 0.00475691305473447 0.00488574523478746 0.00488691264763474 0.00501870643347502 0.00515309674665332 0.00523121654987335 0.00537138665094972 0.00551499985158443 0.00575255742296576 0.00601936364546418 0.00613479083403945 0.0063723074272275 0.00654331129044294 0.00679658958688378 0.00692700454965234 0.0071419351734221 0.00741815427318215 0.00770459277555346 0.00800264161080122 0.00815594382584095 0.00840884447097778 0.00879895687103271 0.00886823888868093 0.00921109318733215 0.00963824335485697 0.0099355960264802 0.0101257376372814 0.0104747507721186 0.0107181565836072 0.0111300852149725 0.0114271827042103 0.01164570171386 0.0117343161255121 0.0119586726650596 0.0119107235223055 0.0117751313373446 0.0116385286673903 0.0114162173122168 0.0117232427000999 0.0120378164574504 0.0122690424323082 0.0127427279949188 0.0127883926033974
0.00446656066924334 0.0045861997641623 0.00461215758696198 0.00465052947402 0.00472312094643712 0.00485077407211065 0.00498159555718303 0.0050771739333868 0.00517458096146584 0.00531382067129016 0.00547883566468954 0.00570961134508252 0.00595214636996388 0.00622864300385118 0.00634958688169718 0.00647251633927226 0.00661948090419173 0.00669653434306383 0.00703615415841341 0.00730843935161829 0.00744849350303411 0.00773567520081997 0.00812688935548067 0.00844120513647795 0.00857094675302505 0.0088016539812088 0.00914194621145725 0.00924822501838207 0.00967708881944418 0.0101635595783591 0.0105562247335911 0.0107581792399287 0.0110480356961489 0.0112593453377485 0.0115598728880286 0.0119148502126336 0.0120032988488674 0.0120923994109035 0.0120452344417572 0.0119107235223055 0.0116883544251323 0.0114184925332665 0.0115009853616357 0.0117232427000999 0.0123200099915266 0.0125559354200959 0.0132374372333288
0.00451861042529345 0.00467737903818488 0.00463139172643423 0.0047063585370779 0.00483382493257523 0.00487100100144744 0.00503963185474277 0.00509834242984653 0.00523553602397442 0.00533597311004996 0.00543873617425561 0.0057994294911623 0.00608978047966957 0.00613692263141274 0.00637452164664865 0.00649828836321831 0.00662408722564578 0.00685282377526164 0.00711804023012519 0.00739252846688032 0.00756417121738195 0.00785680860280991 0.00806688889861107 0.00844286754727364 0.00866854935884476 0.00900371838361025 0.00928278360515833 0.00953308120369911 0.00971555802971125 0.0103177959099412 0.0108761759474874 0.0110025033354759 0.011300140991807 0.0113873863592744 0.0116051491349936 0.0118270507082343 0.0121426377445459 0.0123235592618585 0.0122291864827275 0.0120452344417572 0.0116019882261753 0.0114686358720064 0.0114659471437335 0.0116345277056098 0.012229242362082 0.0124172791838646 0.013043187558651
0.00457126507535577 0.00469981180503964 0.00472243083640933 0.00481499126181006 0.00485255569219589 0.00498397182673216 0.00511865690350533 0.00515773519873619 0.00525736296549439 0.00539852771908045 0.00550208333879709 0.00584540003910661 0.00611302768811584 0.00634970422834158 0.0065218904055655 0.0066488734446466 0.00677794916555285 0.00696056289598346 0.00709397438913584 0.0074233147315681 0.00765217887237668 0.00794631149619818 0.00822303723543882 0.00847552344202995 0.00890252366662025 0.00914043560624123 0.009493762627244 0.00978794135153294 0.00975364539772272 0.0105546871200204 0.0110387513414025 0.0113334245979786 0.0116842715069652 0.0116459168493748 0.0120063778012991 0.0121895149350166 0.0122799891978502 0.0122799891978502 0.0122291864827275 0.0120888603851199 0.0115996347740293 0.0113845067098737 0.0114676048979163 0.0117369247600436 0.0120054818689823 0.0127059817314148 0.0130949495360255
0.00457981694489717 0.00475457264110446 0.00483090383931994 0.004925855435431 0.004964554682374 0.00509927561506629 0.00513877021148801 0.00523860706016421 0.00537985982373357 0.00546140829101205 0.00563057512044907 0.00586803909391165 0.00625368487089872 0.00634970422834158 0.00654678186401725 0.00674995500594378 0.00688174040988088 0.00704027805477381 0.00725697865709662 0.00748210912570357 0.00759716657921672 0.00809969194233418 0.00834794994443655 0.00867077708244324 0.00893597118556499 0.00938503164798021 0.00963577441871166 0.0100081525743008 0.0100127290934324 0.0106724230572581 0.0110789677128196 0.0115409065037966 0.0120754381641746 0.011951039545238 0.0122761894017458 0.0124647784978151 0.0124647784978151 0.0124182067811489 0.0119113633409142 0.0116395205259323 0.0115571208298206 0.0114307515323162 0.0114318206906319 0.0117418002337217 0.01237584464252 0.0125194815918803 0.0130524886772037
0.00460338732227683 0.00477439956739545 0.00490504968911409 0.00494412798434496 0.00507885357365012 0.00517838168889284 0.00521877314895391 0.00536008039489388 0.00536136096343398 0.00550591433420777 0.005759306717664 0.00611606100574136 0.00627686735242605 0.00651986664161086 0.00669738557189703 0.00674995500594378 0.00695941178128123 0.00714807212352753 0.00736727099865675 0.00762390904128551 0.00791884865611792 0.00807055272161961 0.00838269852101803 0.00870335754007101 0.00896905176341534 0.00941925123333931 0.00967090483754873 0.0102310534566641 0.0104268193244934 0.0108295995742083 0.011118721216917 0.011667026206851 0.0121085783466697 0.0121256066486239 0.0124491099268198 0.0126424105837941 0.0128379911184311 0.0124590890482068 0.0117323799058795 0.0113800968974829 0.0117276636883616 0.0113900983706117 0.0114357229322195 0.0115217128768563 0.012015126645565 0.0124772684648633 0.0132007850334048
0.00484386365860701 0.00488325953483582 0.00498005701228976 0.00500402180477977 0.00515707768499851 0.00529759004712105 0.00529972789809108 0.00544351944699883 0.00552784837782383 0.00557004194706678 0.00580571033060551 0.00618443917483091 0.00637313444167376 0.00661984831094742 0.0067467512562871 0.00693080620840192 0.00698558427393436 0.00725591974332929 0.00750869419425726 0.00765257095918059 0.0079486146569252 0.00819136388599873 0.0084142005071044 0.0086071053519845 0.0091064190492034 0.00945307873189449 0.00981233175843954 0.0102672185748816 0.0105780847370625 0.0108605278655887 0.0114026283845305 0.0117463823407888 0.0121895875781775 0.0125252921134233 0.012859390117228 0.0129649676382542 0.0131580596789718 0.0126345688477159 0.0120397545397282 0.0116412341594696 0.0117710176855326 0.011521253734827 0.0118321934714913 0.011837181635201 0.0120634930208325 0.0125267989933491 0.0131541341543198
0.00499066431075335 0.0049432311207056 0.0050380751490593 0.00523324264213443 0.00521715264767408 0.00527792563661933 0.00542172230780125 0.00550500303506851 0.00565434852614999 0.00569949112832546 0.00598386907950044 0.00627572974190116 0.00653734244406223 0.00669310614466667 0.00690080458298326 0.00695610884577036 0.00717193959280849 0.00742179900407791 0.00753651140257716 0.00785664934664965 0.0080071659758687 0.00837872270494699 0.00853919889777899 0.00879894010722637 0.00923962984234095 0.00948650669306517 0.00995363760739565 0.0103382347151637 0.0107291843742132 0.0111342258751392 0.0115538369864225 0.0119998883455992 0.0123200584203005 0.0126487165689468 0.0128904413431883 0.0131367556750774 0.012859390117228 0.0127118788659573 0.0123400464653969 0.0121174203231931 0.0123946284875274 0.0120449895039201 0.0122815268114209 0.0123833073303103 0.0125270299613476 0.0123912347480655 0.0130104050040245
0.00506586581468582 0.0051148310303688 0.00510228099301457 0.00519750081002712 0.00533666601404548 0.00550238881260157 0.00558751821517944 0.00569468829780817 0.00573972519487143 0.00582990748807788 0.00607632286846638 0.00648903893306851 0.00660860352218151 0.00674022361636162 0.00692523922771215 0.00711492542177439 0.00719772512093186 0.0074484795331955 0.00773665914312005 0.00788488704711199 0.00803594291210175 0.00840882863849401 0.00860019773244858 0.00899914745241404 0.00927179958671331 0.00955214910209179 0.0101032434031367 0.010484779253602 0.0106500741094351 0.0110980868339539 0.0112729948014021 0.0116984443739057 0.0118044521659613 0.012030141428113 0.0124741951003671 0.012351113371551 0.0124427797272801 0.0124003542587161 0.0121759818866849 0.0121308779343963 0.0123544251546264 0.0127273835241795 0.0129706021398306 0.013085201382637 0.0129504688084126 0.012963006272912 0.0133578600361943
0.00514624826610088 0.00517763895913959 0.00508946971967816 0.00522184884175658 0.00542133348062634 0.00546451425179839 0.00556933181360364 0.00565518392249942 0.00583076849579811 0.00581093458458781 0.00609885016456246 0.0064934347756207 0.00663613621145487 0.00681867776438594 0.00708257732912898 0.00716500217095017 0.00733429845422506 0.00747484620660543 0.00776404188945889 0.00791279226541519 0.00824749190360308 0.0084054647013545 0.00879542157053947 0.00906143337488174 0.00933494139462709 0.00976780615746975 0.0101367402821779 0.0102545246481895 0.0104243913665414 0.010623836889863 0.0109074953943491 0.0115642035380006 0.0115453852340579 0.0119817070662975 0.0122005203738809 0.0118210548534989 0.0120389265939593 0.0120046623051167 0.0117861181497574 0.0119601897895336 0.0123226679861546 0.0124141238629818 0.0127895716577768 0.0134167801588774 0.0135830594226718 0.0133002242073417 0.0132594974711537
0.00541581120342016 0.00534980511292815 0.0053972564637661 0.00549706164747477 0.00566360168159008 0.00564805045723915 0.00575996330007911 0.00574225885793567 0.00581346917897463 0.00587911903858185 0.00630362378433347 0.00653843488544226 0.00671338243409991 0.0069217081181705 0.00700226752087474 0.00737929763272405 0.0075207045301795 0.0077279070392251 0.00781781226396561 0.00812022294849157 0.0082146730273962 0.00859581679105759 0.00876043178141117 0.00899456348270178 0.00937377847731113 0.00965613964945078 0.00991408992558718 0.0102971671149135 0.0102712055668235 0.0103981383144855 0.0108720883727074 0.0111905392259359 0.0114988908171654 0.011795868165791 0.0116794398054481 0.0113517213612795 0.0117827001959085 0.0115688052028418 0.0117478761821985 0.0120971109718084 0.0123283602297306 0.0123283602297306 0.0126572381705046 0.0131816631183028 0.0139289917424321 0.013639448210597 0.0134025821462274
0.00549036497250199 0.00554270530119538 0.00558930123224854 0.00567795056849718 0.00578685011714697 0.00583944702520967 0.00595143483951688 0.00602643564343452 0.00603361334651709 0.00601441040635109 0.00631029950454831 0.00670848833397031 0.00696189608424902 0.00714813359081745 0.00726458104327321 0.00727069517597556 0.00755202258005738 0.00763988913968205 0.00785036291927099 0.00809382647275925 0.008310217410326 0.00858955550938845 0.00875405222177505 0.00906244944781065 0.00930461473762989 0.00966425705701113 0.00984923262149096 0.0100377295166254 0.0102378539741039 0.0101345060393214 0.0107123600319028 0.0109172854572535 0.0116605162620544 0.0115466779097915 0.0112245045602322 0.0114314453676343 0.0119924554601312 0.0120814759284258 0.0121807055547833 0.0124038085341454 0.0123712169006467 0.0127446791157126 0.0132260210812092 0.0132363960146904 0.0137816378846765 0.0143002970144153 0.0136960698291659
0.00560726039111614 0.00567256473004818 0.00572024937719107 0.00587336951866746 0.00598600599914789 0.00591002451255918 0.00595839228481054 0.0059624295681715 0.00605875765904784 0.00617493828758597 0.00659071700647473 0.00693265534937382 0.00706553366035223 0.0070459907874465 0.00731865549460053 0.00730097619816661 0.00758347008377314 0.00767170172184706 0.00782484002411366 0.00809974875301123 0.00834480859339237 0.00868944078683853 0.00876141432672739 0.00903300382196903 0.0092743868008256 0.00938219763338566 0.00963286589831114 0.0100051322951913 0.010196597315371 0.0102804275229573 0.010477134026587 0.010873306542635 0.0112837580963969 0.0108520453795791 0.0110596278682351 0.0113860294222832 0.0118163656443357 0.0120321782305837 0.012485415674746 0.0128594916313887 0.0130510237067938 0.0132024437189102 0.0134546793997288 0.0137116992846131 0.0138707309961319 0.0145426271483302 0.0139350797981024
0.00564841413870454 0.00572274439036846 0.0058325007557869 0.00587593158707023 0.00598861696198583 0.0059788441285491 0.00604846328496933 0.00609796028584242 0.00610589236021042 0.00627286313101649 0.00656927609816194 0.00688444077968597 0.00707533909007907 0.00715767964720726 0.00727111287415028 0.00749668059870601 0.00764032825827599 0.00770364562049508 0.0077153486199677 0.00806751567870378 0.00840074475854635 0.00856164004653692 0.00873294286429882 0.00880479346960783 0.00916833430528641 0.00918325688689947 0.00899161957204342 0.00903480034321547 0.00975961238145828 0.00938406400382519 0.0097722839564085 0.0109449001029134 0.0106429187580943 0.0105355037376285 0.0108168171718717 0.0113401738926768 0.0121100312098861 0.0124722495675087 0.0126580512151122 0.0128049412742257 0.0129128964617848 0.0130627248436213 0.0132989678531885 0.013653558678925 0.0139143513515592 0.0144625371322036 0.0145327849313617
0.00579599291086197 0.00591342197731137 0.00597593607380986 0.00607781065627933 0.00606378400698304 0.00609418144449592 0.00607811752706766 0.0061946683563292 0.0062450161203742 0.0062954262830317 0.00673939008265734 0.00697119440883398 0.0069317314773798 0.00686704274266958 0.00699866795912385 0.00713280728086829 0.00719443894922733 0.00725501123815775 0.00733943516388535 0.00783760566264391 0.00814077816903591 0.00820687785744667 0.00815135613083839 0.00837402604520321 0.00853441283106804 0.00819667149335146 0.00835367571562529 0.00886895973235369 0.00948119256645441 0.00911014433950186 0.00956301763653755 0.0101789068430662 0.0104865394532681 0.0106871677562594 0.0110912388190627 0.011969787068665 0.0118442978709936 0.0118170427158475 0.0121718822047114 0.0120429713279009 0.0124045526608825 0.012871022336185 0.012871022336185 0.0133541850373149 0.0138546014204621 0.0142921255901456 0.0146411908790469
0.0060387784615159 0.00600084057077765 0.00616144901141524 0.00627959240227938 0.00622016750276089 0.0062316725961864 0.00622048182412982 0.00620624795556068 0.0060999789275229 0.00639888737350702 0.00656638573855162 0.00664282310754061 0.00657649431377649 0.00650761509314179 0.00675245746970177 0.00690739741548896 0.00676113041117787 0.00717471819370985 0.00758695043623447 0.0078174127265811 0.00767957698553801 0.00818020105361938 0.00835981406271458 0.00849656853824854 0.00856507569551468 0.00847575627267361 0.00857432466000319 0.00909867323935032 0.00924019422382116 0.00931415893137455 0.00970287434756756 0.010556754656136 0.0110360840335488 0.0111536681652069 0.0113669866696 0.011257229372859 0.0111373411491513 0.0116814486682415 0.0122108617797494 0.0125760771334171 0.0128028765320778 0.013087147846818 0.0130475284531713 0.0134361293166876 0.0135761434212327 0.013784259557724 0.0141750080510974
0.0060892142355442 0.00612240750342607 0.00613440526649356 0.00631245272234082 0.00625763973221183 0.00626290962100029 0.00620444258674979 0.00601191259920597 0.00630466779693961 0.00668469350785017 0.00688091944903135 0.00673937937244773 0.00686856638640165 0.00680571608245373 0.00668345997110009 0.00699099060148001 0.00712172221392393 0.00725821126252413 0.00742430612444878 0.00748337991535664 0.00784996151924133 0.00823684129863977 0.00845703948289156 0.00840075314044952 0.00846895482391119 0.008537239395082 0.0087056728079915 0.0088019110262394 0.00913653150200844 0.00931145343929529 0.0100563410669565 0.010704037733376 0.0111063132062554 0.010714203119278 0.0107237920165062 0.0108125237748027 0.0112206935882568 0.0114250658079982 0.0118549233302474 0.0123001812025905 0.012429790571332 0.0126673588529229 0.0127613572403789 0.0130052203312516 0.0129094384610653 0.0130928354337811 0.0136217847466469
0.00623183744028211 0.0061735394410789 0.0061654937453568 0.00634513609111309 0.00624253181740642 0.00623417599126697 0.00634975591674447 0.00628415495157242 0.006401008926332 0.00673520425334573 0.00703571178019047 0.00711759272962809 0.00702937878668308 0.00683056423440576 0.00711600249633193 0.00724747451022267 0.00746684614568949 0.00744636170566082 0.00783979427069426 0.00804942101240158 0.00796894822269678 0.00797434337437153 0.00812710635364056 0.0082216365262866 0.00825825985521078 0.00820149481296539 0.00842075143009424 0.00858202949166298 0.00890425406396389 0.0097224535420537 0.0105687938630581 0.0104689933359623 0.0101817455142736 0.0101817455142736 0.0106794210150838 0.0111636780202389 0.0117052244022489 0.0120175806805491 0.0122473193332553 0.012597531080246 0.0129335420206189 0.012971400283277 0.0132023962214589 0.0133555606007576 0.0131703084334731 0.0133061176165938 0.0139216687530279
0.00620550615713 0.00630424311384559 0.00613855198025703 0.00631521129980683 0.00645188614726067 0.00639376323670149 0.00662452587857842 0.00656485324725509 0.0066907056607306 0.00700616184622049 0.00708057545125484 0.00694966968148947 0.00695475796237588 0.00716530159115791 0.00735117588192225 0.00735695986077189 0.00757284462451935 0.00780074438080192 0.00786581635475159 0.00824985932558775 0.00831911899149418 0.00823776610195637 0.00839555356651545 0.00855635013431311 0.00834623258560896 0.00841399375349283 0.00848183687776327 0.00864428002387285 0.00923804100602865 0.00965073052793741 0.0106450021266937 0.011125274002552 0.0107360212132335 0.0106346495449543 0.0105225080624223 0.0109185958281159 0.0114483218640089 0.0120009686797857 0.0127647304907441 0.0130453091114759 0.0131420930847526 0.0131420930847526 0.0132270101457834 0.0134603213518858 0.0135961296036839 0.0130934342741966 0.0138695687055588
0.00622222013771534 0.00628936756402254 0.00610636873170733 0.0062397844158113 0.00642510550096631 0.00672955671325326 0.00679457653313875 0.00692481780424714 0.0068585560657084 0.00704203872010112 0.00726069835945964 0.00712399324402213 0.00726703507825732 0.00732110859826207 0.00745472218841314 0.00776018761098385 0.00790886394679546 0.00790886394679546 0.00800891406834126 0.00804988294839859 0.00846052728593349 0.00862256344407797 0.00869589019566774 0.00867233239114285 0.00859570503234863 0.00881803687661886 0.00892418343573809 0.00886528752744198 0.00964159425348043 0.00989915803074837 0.0103796860203147 0.0109939649701118 0.0112874498590827 0.0109746558591723 0.0113012557849288 0.0106788650155067 0.0109985154122114 0.0115308361127973 0.0123927490785718 0.0131651563569903 0.0133966524153948 0.0135310832411051 0.0135310832411051 0.0135310832411051 0.0139040723443031 0.0133966524153948 0.0142841478809714
0.00625764625146985 0.00621561147272587 0.00604395288974047 0.00626934319734573 0.00664201844483614 0.00682974793016911 0.00696744956076145 0.00722862267866731 0.00721511198207736 0.00736715318635106 0.00736715318635106 0.00743065727874637 0.0073141697794199 0.00738221453502774 0.00751693919301033 0.00773495715111494 0.00788315199315548 0.00817029178142548 0.00841379072517157 0.0083360793069005 0.00864880532026291 0.00889560766518116 0.00901642255485058 0.00880083721131086 0.00862422585487366 0.00904512871056795 0.00947383791208267 0.00912103243172169 0.00984666869044304 0.0104295704513788 0.0111387837678194 0.0114677306264639 0.0111536281183362 0.0113669456914067 0.0123524079099298 0.011348226107657 0.011565244756639 0.0122108180075884 0.0125253489241004 0.0128764221444726 0.0134872179478407 0.0139617836102843 0.0138352960348129 0.0139710456132889 0.0142119536176324 0.0138681996613741 0.0135759748518467
