data/climate_estimation/maxent_output/Lilium_nepalense.asc
NCOLS 295 
NROWS 86 
XLLCORNER 80.3333333333333 
YLLCORNER 22.5833333333333 
CELLSIZE 0.0833333333333333 
NODATA_value -3.4e+38 
[rows 19 to 37 of 86, columns 88 to 131 of 295]
0.700792133808136 0.623419106006622 0.59787654876709 0.731014490127563 0.742745935916901 0.748341023921967 0.728604972362518 0.714989125728607 0.68251770734787 0.621960401535034 0.593484401702881 0.580477774143219 0.58140367269516 0.596368968486786 0.599995970726013 0.62934398651123 0.626900970935822 0.631204783916473 0.61131763458252 0.713102102279663 0.7447270154953 0.691424787044525 0.492392510175705 0.723225951194763 0.790431976318359 0.672773420810699 0.570411503314972 0.583342492580414 0.564227700233459 0.665814936161041 0.569811403751373 0.502669632434845 0.483383297920227 0.331284135580063 0.43018501996994 0.646793186664581 0.696135818958282 0.671206295490265 0.653773486614227 0.85079550743103 0.929631114006042 0.949643790721893 0.859625995159149 0.73390805721283
0.74453216791153 0.553911924362183 0.365305125713348 0.526232123374939 0.40337398648262 0.448987692594528 0.562942326068878 0.57544869184494 0.540286779403687 0.562729120254517 0.422502636909485 0.608812212944031 0.552568852901459 0.529595911502838 0.49971404671669 0.574195086956024 0.630951642990112 0.680474102497101 0.713441252708435 0.756813526153564 0.759550631046295 0.62285441160202 0.691068470478058 0.759970366954803 0.897262811660767 0.750267446041107 0.659823834896088 0.780229389667511 0.773793816566467 0.826017618179321 0.737772762775421 0.593954741954803 0.500016093254089 0.374845325946808 0.593017816543579 0.571078419685364 0.556921601295471 0.46403306722641 0.639889299869537 0.814185261726379 0.930775225162506 0.965501308441162 0.908670902252197 0.691980540752411
0.696489036083221 0.527358889579773 0.404530972242355 0.474986732006073 0.367765963077545 0.266341477632523 0.396404027938843 0.474893450737 0.562415301799774 0.676294028759003 0.688725590705872 0.619394779205322 0.551027059555054 0.473450213670731 0.338127255439758 0.598471164703369 0.698556363582611 0.721550345420837 0.746267974376678 0.757565379142761 0.740550398826599 0.753620266914368 0.825843334197998 0.793502449989319 0.90395200252533 0.931183874607086 0.709549725055695 0.795440196990967 0.905457615852356 0.731590449810028 0.722533047199249 0.558801710605621 0.609222114086151 0.638287007808685 0.651398777961731 0.661425888538361 0.749522030353546 0.678112924098969 0.813611805438995 0.850324511528015 0.95093435049057 0.984394907951355 0.932332098484039 0.852151572704315
0.644043028354645 0.617245078086853 0.628768086433411 0.45497190952301 0.389137923717499 0.244594126939774 0.457254439592361 0.631463289260864 0.741668343544006 0.747702717781067 0.872523128986359 0.654566586017609 0.73743736743927 0.63269430398941 0.557683169841766 0.705011069774628 0.728343546390533 0.759764969348907 0.750424802303314 0.611601293087006 0.669626235961914 0.849022567272186 0.800214767456055 0.943465888500214 0.99479478597641 0.951107323169708 0.822341084480286 0.844710886478424 0.979842066764832 0.915754973888397 0.664970219135284 0.591251015663147 0.689064085483551 0.852734923362732 0.750894665718079 0.875265717506409 0.816715657711029 0.8219113945961 0.874068200588226 0.937726080417633 0.982128798961639 0.997414767742157 0.95536470413208 0.945048689842224
0.826317429542542 0.730285167694092 0.878275394439697 0.621757566928864 0.663912355899811 0.473163485527039 0.383515328168869 0.580635190010071 0.809263586997986 0.902016401290894 0.952180445194244 0.821986138820648 0.867641806602478 0.843121707439423 0.72014981508255 0.781338334083557 0.775306522846222 0.780759930610657 0.712783336639404 0.702499330043793 0.762041866779327 0.758214235305786 0.752302765846252 0.920618712902069 0.999176502227783 0.983406543731689 0.933486461639404 0.966290950775146 0.996832132339478 0.967089712619781 0.838093936443329 0.829448640346527 0.833950102329254 0.943934440612793 0.89313280582428 0.870759606361389 0.948457598686218 0.891859412193298 0.911226153373718 0.975428402423859 0.998250544071198 0.997847497463226 0.988547921180725 0.991967797279358
0.950527369976044 0.989538133144379 0.928519010543823 0.898040592670441 0.600298941135406 0.23061466217041 0.472857773303986 0.757802367210388 0.814814269542694 0.892657577991486 0.984760284423828 0.978126049041748 0.938206732273102 0.918619513511658 0.782909274101257 0.836739599704742 0.791062355041504 0.80957704782486 0.788183450698853 0.868518233299255 0.789971172809601 0.802852272987366 0.85853773355484 0.915715217590332 0.999435901641846 0.999901175498962 0.999761998653412 0.999871015548706 0.995369553565979 0.933827519416809 0.978242933750153 0.913829505443573 0.938840687274933 0.991461873054504 0.962456941604614 0.96802830696106 0.986120581626892 0.959310173988342 0.979704618453979 0.974333107471466 0.997412741184235 0.998386800289154 0.997970223426819 0.997829616069794
0.989264011383057 0.99988067150116 0.999027788639069 0.949840605258942 0.760785043239594 0.306305974721909 0.637044847011566 0.954940497875214 0.999974012374878 0.999379813671112 0.97498893737793 0.999921202659607 0.997071325778961 0.867429614067078 0.821563601493835 0.852671027183533 0.825228214263916 0.80532169342041 0.863966584205627 0.951441466808319 0.844683468341827 0.867864966392517 0.895975768566132 0.977926969528198 0.999089777469635 0.999974548816681 0.999959707260132 0.999768137931824 0.996017813682556 0.989765524864197 0.997700989246368 0.974018335342407 0.990932047367096 0.998752534389496 0.994478285312653 0.993184506893158 0.996726930141449 0.990616619586945 0.996518850326538 0.982602000236511 0.997475922107697 0.998332262039185 0.998224556446075 0.997585356235504
0.999972939491272 0.999971926212311 0.999970197677612 0.991189539432526 0.86355721950531 0.880265533924103 0.844403624534607 0.884430587291718 0.999952673912048 0.999987244606018 0.999954760074615 0.999991893768311 0.995565354824066 0.850082218647003 0.918566644191742 0.931399345397949 0.847276031970978 0.809396922588348 0.857237637042999 0.986331403255463 0.958838999271393 0.983024001121521 0.917182207107544 0.997580409049988 0.996558904647827 0.999965369701385 0.999978542327881 0.999965310096741 0.999899923801422 0.999716401100159 0.996574640274048 0.997706472873688 0.997900187969208 0.999722957611084 0.99792093038559 0.993937373161316 0.997596085071564 0.998796761035919 0.99635237455368 0.986676275730133 0.999366879463196 0.999311566352844 0.999173998832703 0.996684491634369
0.99414324760437 0.99998676776886 0.999983549118042 0.999982595443726 0.989768385887146 0.993146121501923 0.998524844646454 0.999752640724182 0.999965310096741 0.999997556209564 0.9999178647995 0.999992787837982 0.993439137935638 0.87928181886673 0.950253903865814 0.959535419940948 0.928073704242706 0.889196991920471 0.962564051151276 0.984204888343811 0.999237716197968 0.998369336128235 0.994187414646149 0.999394476413727 0.997512757778168 0.999626636505127 0.999992966651917 0.999973118305206 0.999657928943634 0.995820283889771 0.996987581253052 0.996658802032471 0.999448776245117 0.999914109706879 0.999415099620819 0.996149003505707 0.995691299438477 0.998781502246857 0.998409569263458 0.989591121673584 0.99947714805603 0.999609589576721 0.999511241912842 0.997256100177765
0.996747672557831 0.999592423439026 0.991661906242371 0.99999475479126 0.999766707420349 0.999990105628967 0.999997198581696 0.999993920326233 0.999999225139618 0.99996292591095 0.999989032745361 0.999998569488525 0.998494267463684 0.954689681529999 0.928537964820862 0.983579218387604 0.961703181266785 0.942427575588226 0.963156282901764 0.991326212882996 0.995704889297485 0.999770998954773 0.999315440654755 0.999252736568451 0.991687774658203 0.999666571617126 0.99999612569809 0.999981999397278 0.99985533952713 0.999807357788086 0.997981131076813 0.991093337535858 0.990181922912598 0.999944567680359 0.99998664855957 0.999914467334747 0.99590790271759 0.984270453453064 0.999297261238098 0.997534692287445 0.99795800447464 0.999688029289246 0.999136090278625 0.999468386173248
0.639365971088409 0.846506178379059 0.940346539020538 0.999963283538818 0.999997437000275 0.999999165534973 0.999467134475708 0.988242149353027 0.999999582767487 0.995348811149597 0.999959468841553 0.999967634677887 0.999999821186066 0.997061789035797 0.982996702194214 0.980826318264008 0.999175906181335 0.995908677577972 0.977285265922546 0.996144533157349 0.99429589509964 0.998026907444 0.999929070472717 0.996792733669281 0.963588833808899 0.995645582675934 0.999979674816132 0.999995648860931 0.999980568885803 0.999995112419128 0.999990820884705 0.999933838844299 0.989090740680695 0.999863088130951 0.999994993209839 0.999990224838257 0.999821424484253 0.999719202518463 0.999723196029663 0.999943971633911 0.999761283397675 0.999571144580841 0.998232066631317 0.999713063240051
0.495390325784683 0.834598124027252 0.99744439125061 0.999999165534973 0.999995470046997 0.999999940395355 0.999999344348907 0.981535196304321 0.999997138977051 0.997304737567902 0.994589567184448 0.997749865055084 0.999996066093445 0.999999940395355 0.999999940395355 0.999941051006317 0.999998986721039 0.999999761581421 0.999918282032013 0.997312188148499 0.997960031032562 0.999926090240479 0.999981999397278 0.99365907907486 0.994640529155731 0.99993485212326 0.999987959861755 0.999999046325684 0.999977946281433 0.999999582767487 0.999998152256012 0.999959826469421 0.99991762638092 0.999987661838531 0.999997437000275 0.99995756149292 0.999990463256836 0.999988794326782 0.99994820356369 0.999960541725159 0.999788701534271 0.999914646148682 0.99598753452301 0.999792993068695
0.420990645885468 0.93188339471817 0.999955415725708 0.999999582767487 0.999999523162842 0.999967634677887 0.976552963256836 0.918139815330505 0.995881974697113 0.986324429512024 0.999101758003235 0.999997854232788 1 1 0.99997216463089 1 0.999999940395355 0.99999988079071 0.999999940395355 0.999999821186066 0.99999725818634 0.999916553497314 0.999994099140167 0.998057782649994 0.999978005886078 0.999999463558197 0.999999701976776 0.999998927116394 0.999990344047546 0.999993860721588 0.999999284744263 0.999994874000549 0.999997973442078 0.999996542930603 0.999999165534973 0.999983429908752 0.999381065368652 0.999965131282806 0.999985933303833 0.999953389167786 0.99997878074646 0.999956846237183 0.998397350311279 0.99951446056366
0.907566130161285 0.999630451202393 0.999996602535248 0.999985575675964 1 1 0.999977946281433 0.999999642372131 0.999468147754669 0.970146775245667 0.99897563457489 0.999999284744263 0.999998867511749 0.999996781349182 0.997520446777344 0.999941229820251 1 1 0.999990820884705 1 1 1 0.999999582767487 0.999998986721039 0.999929845333099 0.999998927116394 0.999999940395355 0.999999940395355 0.999997019767761 0.999995946884155 0.999999463558197 0.999999225139618 0.999999463558197 0.99999725818634 0.999995827674866 0.999999165534973 0.99999874830246 0.999898254871368 0.99966835975647 0.999885737895966 0.999970734119415 0.999727308750153 0.989585816860199 0.993988871574402
0.958248734474182 0.742708265781403 0.975244700908661 0.962873697280884 0.999991595745087 1 0.999989211559296 1 0.998226761817932 0.957214713096619 0.996826469898224 0.967689037322998 0.961135625839233 0.956131219863892 0.939987659454346 0.980177760124207 0.997302293777466 0.999999642372131 0.999999225139618 0.999934792518616 0.999997437000275 0.999999940395355 1 1 1 1 0.99999988079071 0.999999761581421 0.999949932098389 0.999999940395355 0.999999761581421 0.999998033046722 0.999932527542114 0.999819815158844 0.999391317367554 0.999999046325684 0.999999523162842 0.999899685382843 0.988683938980103 0.999397039413452 0.999738335609436 0.993308365345001 0.957353830337524 0.999235212802887
0.820829808712006 0.589805126190186 0.741925179958344 0.851176559925079 0.995940029621124 0.999868154525757 0.991464555263519 0.999707579612732 0.969644486904144 0.883463382720947 0.872350215911865 0.847591280937195 0.857032418251038 0.864098846912384 0.864772439002991 0.885964274406433 0.926181197166443 0.994857668876648 0.999983191490173 0.999331653118134 0.994355618953705 0.999979317188263 1 0.999999642372131 1 0.999999821186066 0.999987602233887 0.999996900558472 0.999777019023895 0.999995172023773 0.996762335300446 0.981582045555115 0.938087999820709 0.903621554374695 0.93914133310318 0.999488532543182 0.999605298042297 0.999985337257385 0.994988083839417 0.986022114753723 0.988826394081116 0.971369564533234 0.970818161964417 0.998517334461212
0.495624482631683 0.50762540102005 0.539914309978485 0.641678810119629 0.785993814468384 0.892713069915771 0.680161952972412 0.667414963245392 0.751857578754425 0.797270536422729 0.806931614875793 0.815541207790375 0.793307900428772 0.797974467277527 0.798577845096588 0.808923065662384 0.855512797832489 0.897672832012177 0.956449449062347 0.954411923885345 0.952025711536407 0.98498922586441 0.999951481819153 0.999990701675415 0.999902367591858 0.999988853931427 0.999885618686676 0.99609649181366 0.999484062194824 0.982360363006592 0.925291299819946 0.891369044780731 0.846497118473053 0.817359805107117 0.814480304718018 0.929706573486328 0.971882820129395 0.968182921409607 0.918912470340729 0.815924227237701 0.76946097612381 0.670025885105133 0.641321778297424 0.835099518299103
0.53073662519455 0.551370203495026 0.53291380405426 0.509752511978149 0.501492321491241 0.493760466575623 0.474242806434631 0.50606644153595 0.677375733852386 0.774722397327423 0.775284767150879 0.766300141811371 0.755614340305328 0.74455600976944 0.738705039024353 0.734609425067902 0.743700087070465 0.761177659034729 0.787710011005402 0.845742523670197 0.907907128334045 0.93719881772995 0.956880927085876 0.990071177482605 0.97792786359787 0.978908836841583 0.934260368347168 0.933716475963593 0.899870812892914 0.866838276386261 0.852554976940155 0.827641665935516 0.784455001354218 0.76158595085144 0.748875200748444 0.745590686798096 0.768351793289185 0.727440237998962 0.664815068244934 0.598591268062592 0.579648077487946 0.534229278564453 0.481711745262146 0.428734570741653
0.516283392906189 0.48758065700531 0.478631526231766 0.440728008747101 0.455848842859268 0.420056343078613 0.372076123952866 0.343123704195023 0.484279781579971 0.652864158153534 0.682736754417419 0.695394814014435 0.708593726158142 0.680126070976257 0.685100436210632 0.647560238838196 0.633262276649475 0.62955629825592 0.667339265346527 0.745228052139282 0.817349314689636 0.851580858230591 0.883272528648376 0.872543096542358 0.828782975673676 0.919484078884125 0.873081982135773 0.829440534114838 0.814599096775055 0.779082536697388 0.763303875923157 0.752388536930084 0.727278470993042 0.706520438194275 0.666810691356659 0.658782243728638 0.648664891719818 0.604432165622711 0.550118982791901 0.51824563741684 0.479139566421509 0.449351936578751 0.402608156204224 0.358375936746597
