data/climate_estimation/maxent_output/Lilium_sargentiae.asc
NCOLS 90 
NROWS 108 
XLLCORNER 102.083333333333 
YLLCORNER 26.4166666666667 
CELLSIZE 0.0833333333333333 
NODATA_value -3.4e+38 
[rows 80 to 99 of 108, columns 0 to 43 of 90]
0.983669698238373 0.93971711397171 0.982810974121094 0.515569686889648 0.981996774673462 0.911526620388031 0.977754831314087 0.962540090084076 0.98555451631546 0.98025107383728 0.897869408130646 0.975736081600189 0.978193700313568 0.971863269805908 0.967165291309357 0.971982479095459 0.919385373592377 0.908779621124268 0.93212902545929 0.92559015750885 0.920293688774109 0.876196265220642 0.926792562007904 0.915686964988708 0.891902923583984 0.848202407360077 0.858063459396362 0.730592966079712 0.637885510921478 0.516045749187469 0.560590386390686 0.480421602725983 0.45869055390358 0.444694131612778 0.378438025712967 0.341559708118439 0.332976251840591 0.324149250984192 0.319193631410599 0.26848840713501 0.273294776678085 0.320992469787598 0.292596012353897 0.212883964180946
0.957319259643555 0.924004971981049 0.98260086774826 0.830715119838715 0.966891050338745 0.948795437812805 0.961793005466461 0.950366199016571 0.958168089389801 0.819041669368744 0.913178086280823 0.964666128158569 0.975358486175537 0.835986852645874 0.93322890996933 0.951203286647797 0.914249122142792 0.910309672355652 0.925548613071442 0.913675963878632 0.917359888553619 0.866721272468567 0.834880888462067 0.868096053600311 0.812694251537323 0.820683062076569 0.773001492023468 0.702841639518738 0.621241390705109 0.598190367221832 0.519814193248749 0.515272319316864 0.467116922140121 0.389646977186203 0.367376923561096 0.37855464220047 0.350232005119324 0.358353972434998 0.312551409006119 0.323631644248962 0.337394148111343 0.413298308849335 0.367681831121445 0.244950965046883
0.897148609161377 0.894017696380615 0.957313418388367 0.9475417137146 0.946064233779907 0.966849148273468 0.962024569511414 0.979746162891388 0.966803550720215 0.888362884521484 0.978865563869476 0.980507016181946 0.973077058792114 0.8846475481987 0.954665124416351 0.908079266548157 0.901693344116211 0.914188027381897 0.907877027988434 0.912042915821075 0.89701235294342 0.906669914722443 0.87377256155014 0.905984461307526 0.887106120586395 0.861957013607025 0.733862459659576 0.619582116603851 0.636972606182098 0.572550594806671 0.53969419002533 0.497499495744705 0.477949172258377 0.397930115461349 0.362538009881973 0.38688862323761 0.363698750734329 0.368332386016846 0.329194635152817 0.279532790184021 0.314740538597107 0.347609102725983 0.287620395421982 0.254300147294998
0.86916595697403 0.892147481441498 0.983941912651062 0.988602161407471 0.986480534076691 0.977865278720856 0.95974987745285 0.982947409152985 0.974915027618408 0.974910795688629 0.97798764705658 0.975834131240845 0.973604679107666 0.870201051235199 0.967973411083221 0.954703629016876 0.917876064777374 0.889230906963348 0.919882535934448 0.904461741447449 0.901133716106415 0.897826969623566 0.898854792118073 0.885564982891083 0.887007892131805 0.863843679428101 0.731118977069855 0.677970170974731 0.612109243869781 0.536924004554749 0.632083415985107 0.570326209068298 0.469380438327789 0.40591487288475 0.420919299125671 0.427605241537094 0.375197917222977 0.383763134479523 0.355512708425522 0.365332186222076 0.43391352891922 0.397068113088608 0.396612077951431 0.457268595695496
0.931821227073669 0.783565282821655 0.957699298858643 0.981372237205505 0.988290965557098 0.986712634563446 0.968603134155273 0.98185932636261 0.983443319797516 0.983274400234222 0.96090829372406 0.960337221622467 0.957566857337952 0.965382397174835 0.962960422039032 0.955806374549866 0.892105579376221 0.910504937171936 0.937173843383789 0.923881053924561 0.880712807178497 0.885229766368866 0.883454263210297 0.888184189796448 0.870568335056305 0.864015638828278 0.741529047489166 0.697021305561066 0.632610380649567 0.544988393783569 0.648917853832245 0.675815880298615 0.551117956638336 0.481040745973587 0.417384147644043 0.389822691679001 0.363226592540741 0.342287212610245 0.345241665840149 0.296212464570999 0.36587381362915 0.3410424888134 0.389893531799316 0.517691433429718
0.742842853069305 0.752416729927063 0.980943441390991 0.95590752363205 0.946902096271515 0.985716342926025 0.982549488544464 0.982793271541595 0.981522977352142 0.981347918510437 0.930087149143219 0.946709513664246 0.967964828014374 0.891761243343353 0.934422433376312 0.917922496795654 0.922826766967773 0.938591718673706 0.881456077098846 0.886047422885895 0.891849637031555 0.845514535903931 0.878507435321808 0.870851516723633 0.836308598518372 0.815498828887939 0.776248574256897 0.742015838623047 0.636357188224792 0.547844469547272 0.564535558223724 0.561694860458374 0.609405994415283 0.643804490566254 0.663863897323608 0.565244376659393 0.49282369017601 0.404921114444733 0.385559260845184 0.397190928459167 0.436085313558578 0.489418655633926 0.557894647121429 0.676119327545166
0.626569509506226 0.900965988636017 0.98880660533905 0.989657461643219 0.984904289245605 0.971392512321472 0.985573947429657 0.982133269309998 0.973031342029572 0.979409575462341 0.954322397708893 0.966813862323761 0.963356137275696 0.893556237220764 0.936318397521973 0.946516871452332 0.861570835113525 0.84566056728363 0.863653361797333 0.83222109079361 0.869236528873444 0.890340030193329 0.891237199306488 0.861110508441925 0.770212769508362 0.779560029506683 0.794945955276489 0.802556335926056 0.61677759885788 0.588372051715851 0.622384011745453 0.529292702674866 0.653542160987854 0.680973172187805 0.710547804832458 0.744790494441986 0.624528884887695 0.479648381471634 0.428603678941727 0.369574546813965 0.485335052013397 0.671717643737793 0.667257189750671 0.666819214820862
0.795280456542969 0.711783468723297 0.959864020347595 0.990872800350189 0.988411664962769 0.978751063346863 0.980993449687958 0.982614099979401 0.983154535293579 0.967739403247833 0.948784053325653 0.874363481998444 0.919134199619293 0.893609166145325 0.965306043624878 0.938533186912537 0.818628311157227 0.918409287929535 0.91798859834671 0.923956751823425 0.916820108890533 0.86912590265274 0.850562989711761 0.827865660190582 0.827842950820923 0.75761353969574 0.795228958129883 0.780498325824738 0.605232119560242 0.569269359111786 0.602140307426453 0.554245233535767 0.525889456272125 0.632931590080261 0.574562728404999 0.690513610839844 0.544985830783844 0.559197247028351 0.537090957164764 0.451719611883163 0.437564134597778 0.616941392421722 0.664015233516693 0.662721574306488
0.505999982357025 0.626650929450989 0.974508225917816 0.989801228046417 0.988293349742889 0.987949311733246 0.986050844192505 0.984952569007874 0.98088264465332 0.924958467483521 0.928618669509888 0.956685960292816 0.970473170280457 0.959903120994568 0.867656588554382 0.863115966320038 0.781449854373932 0.89552253484726 0.936100661754608 0.918519675731659 0.899383187294006 0.858911156654358 0.845856070518494 0.819939255714417 0.800780653953552 0.752760887145996 0.772390425205231 0.759544670581818 0.714075088500977 0.616410493850708 0.636809825897217 0.605039715766907 0.610367774963379 0.535328149795532 0.604803740978241 0.575771450996399 0.679041385650635 0.681943356990814 0.612319111824036 0.518251895904541 0.522666037082672 0.606438040733337 0.648122727870941 0.60412335395813
0.461260229349136 0.508028447628021 0.869024157524109 0.967246174812317 0.989045321941376 0.983385562896729 0.98737758398056 0.96532541513443 0.965154409408569 0.957709968090057 0.978878796100616 0.971928536891937 0.969847679138184 0.96609753370285 0.956852674484253 0.92401784658432 0.840096950531006 0.756616711616516 0.899400472640991 0.906384766101837 0.889909088611603 0.837967336177826 0.816433668136597 0.832643687725067 0.802556097507477 0.7137850522995 0.738486528396606 0.750974357128143 0.739994585514069 0.727865159511566 0.671300649642944 0.585253477096558 0.670202314853668 0.659036219120026 0.606167614459991 0.645451068878174 0.672254264354706 0.707823097705841 0.69738358259201 0.631034433841705 0.654692709445953 0.667893528938293 0.669586956501007 0.663869082927704
0.705557584762573 0.341447234153748 0.413696378469467 0.811418890953064 0.989933252334595 0.987197637557983 0.982254266738892 0.98075133562088 0.973476469516754 0.964384257793427 0.962218403816223 0.971372246742249 0.971594452857971 0.9501873254776 0.890321612358093 0.932298600673676 0.864086985588074 0.862888872623444 0.930153906345367 0.898876845836639 0.893175959587097 0.834887504577637 0.766668438911438 0.865431785583496 0.853395760059357 0.807058751583099 0.819208800792694 0.777764797210693 0.679379522800446 0.737620711326599 0.772252798080444 0.734559655189514 0.772021651268005 0.731667578220367 0.731891512870789 0.729262232780457 0.737539231777191 0.709970593452454 0.70671808719635 0.69540148973465 0.662140190601349 0.681293964385986 0.68006831407547 0.64143979549408
0.597658574581146 0.356667578220367 0.614289283752441 0.888093709945679 0.99090576171875 0.9897181391716 0.972673714160919 0.988466739654541 0.980492949485779 0.968285858631134 0.976829409599304 0.924353301525116 0.97168505191803 0.968264758586884 0.959762036800385 0.950657188892365 0.756630837917328 0.894420862197876 0.919627785682678 0.846628606319427 0.844883024692535 0.770330309867859 0.816694855690002 0.770575761795044 0.82220858335495 0.846681356430054 0.850385308265686 0.837391674518585 0.74907374382019 0.667453348636627 0.697335243225098 0.71258544921875 0.720911800861359 0.742645263671875 0.751932501792908 0.711180448532104 0.704562664031982 0.664647042751312 0.676541209220886 0.674083888530731 0.638604462146759 0.638208150863647 0.665862739086151 0.618089199066162
0.619653284549713 0.401818513870239 0.908386826515198 0.980871260166168 0.992290914058685 0.989994943141937 0.932188987731934 0.99042135477066 0.982831954956055 0.984260499477386 0.980557560920715 0.919815599918365 0.977161288261414 0.959799230098724 0.842621445655823 0.689419031143188 0.909132540225983 0.951976776123047 0.937147676944733 0.899639248847961 0.905187129974365 0.853539288043976 0.854530990123749 0.780839204788208 0.834480285644531 0.848842680454254 0.849306046962738 0.787840187549591 0.765864729881287 0.775142848491669 0.707862615585327 0.670041739940643 0.740759432315826 0.775637567043304 0.732599794864655 0.72837769985199 0.700016677379608 0.699711799621582 0.647736489772797 0.676724791526794 0.6726895570755 0.621713697910309 0.581000030040741 0.558944761753082
0.847366392612457 0.641286790370941 0.992837071418762 0.994018375873566 0.956563711166382 0.989231765270233 0.873091220855713 0.989963352680206 0.983365833759308 0.989088952541351 0.983610570430756 0.86082398891449 0.956963300704956 0.775628447532654 0.689925312995911 0.949834287166595 0.958483874797821 0.939743936061859 0.939943611621857 0.908447504043579 0.899853110313416 0.899974346160889 0.882576167583466 0.72297590970993 0.803235471248627 0.818233728408813 0.850294530391693 0.825828850269318 0.801397860050201 0.778496384620667 0.726238191127777 0.753255367279053 0.742389678955078 0.769370079040527 0.722197353839874 0.728779733181 0.724583148956299 0.699441254138947 0.681621849536896 0.697547972202301 0.682353258132935 0.622823059558868 0.592734634876251 0.642622768878937
0.962043404579163 0.640075087547302 0.994760751724243 0.982128500938416 0.856460154056549 0.97252231836319 0.898050367832184 0.988292813301086 0.990623354911804 0.989071667194366 0.987003922462463 0.781361639499664 0.878747880458832 0.599132418632507 0.88459312915802 0.968659400939941 0.962805986404419 0.925639867782593 0.92811793088913 0.890577495098114 0.925098240375519 0.899203062057495 0.808107018470764 0.78161346912384 0.771600902080536 0.812906742095947 0.841531455516815 0.850712180137634 0.834439098834991 0.781818926334381 0.784036159515381 0.762174606323242 0.787598013877869 0.76464056968689 0.752396821975708 0.757510125637054 0.718959331512451 0.703901886940002 0.693369150161743 0.678210735321045 0.648272454738617 0.649286091327667 0.656966090202332 0.673537611961365
0.898562967777252 0.667326629161835 0.99557489156723 0.995695471763611 0.956048429012299 0.728252470493317 0.910166323184967 0.990072786808014 0.991251766681671 0.985844671726227 0.745765745639801 0.868867993354797 0.653746783733368 0.928241431713104 0.97567218542099 0.970775187015533 0.912141740322113 0.905158579349518 0.889619946479797 0.895255386829376 0.918331384658813 0.888767600059509 0.8401238322258 0.796377003192902 0.827572166919708 0.864939153194427 0.856260180473328 0.862120747566223 0.836045503616333 0.810920476913452 0.793346762657166 0.772024214267731 0.785732209682465 0.768146634101868 0.767488181591034 0.766772627830505 0.719833791255951 0.723575592041016 0.726902961730957 0.699616491794586 0.677469730377197 0.668488264083862 0.688787996768951 0.697618961334229
0.777462482452393 0.384542942047119 0.608936429023743 0.99376505613327 0.995515525341034 0.515606284141541 0.983682632446289 0.988476991653442 0.972620904445648 0.777763485908508 0.575639605522156 0.548131465911865 0.66196483373642 0.773815989494324 0.97555536031723 0.971923232078552 0.937733113765717 0.911754071712494 0.873666226863861 0.863344550132751 0.888184249401093 0.928395986557007 0.870757818222046 0.818787753582001 0.841473400592804 0.854654014110565 0.855787396430969 0.857260584831238 0.829366147518158 0.820007920265198 0.800129771232605 0.785290837287903 0.780349612236023 0.747445404529572 0.743152558803558 0.738457381725311 0.758287966251373 0.741142868995667 0.714036285877228 0.690063893795013 0.692388713359833 0.698966324329376 0.675653398036957 0.706369817256927
0.702764093875885 0.73945814371109 0.802709937095642 0.94920414686203 0.995864510536194 0.8870929479599 0.89041942358017 0.991733312606812 0.975880682468414 0.589442372322083 0.984914362430573 0.966367840766907 0.966396629810333 0.703511953353882 0.954451143741608 0.972586929798126 0.944928586483002 0.876718163490295 0.854514300823212 0.851007580757141 0.870338976383209 0.900685846805573 0.860001742839813 0.846325933933258 0.829180598258972 0.851993024349213 0.85987251996994 0.846507132053375 0.830369055271149 0.844452738761902 0.824413478374481 0.815725743770599 0.780896484851837 0.736116111278534 0.747170805931091 0.76433253288269 0.771271944046021 0.720634162425995 0.685440599918365 0.676772952079773 0.666638851165771 0.676132202148438 0.673642158508301 0.71801882982254
0.87068897485733 0.851136267185211 0.496728718280792 0.995926856994629 0.995804965496063 0.901652097702026 0.414330035448074 0.992562413215637 0.991292059421539 0.523905634880066 0.800319015979767 0.97386759519577 0.976265728473663 0.652739644050598 0.966313481330872 0.968738377094269 0.897964179515839 0.841518759727478 0.843130230903625 0.863099277019501 0.833997368812561 0.902988493442535 0.867649078369141 0.877922058105469 0.869993627071381 0.839149117469788 0.823125720024109 0.822852075099945 0.827649235725403 0.822042524814606 0.798765599727631 0.782399415969849 0.745300590991974 0.712415158748627 0.751761555671692 0.74715918302536 0.746376752853394 0.701045393943787 0.700012683868408 0.658662915229797 0.664197683334351 0.680608093738556 0.698600113391876 0.716742634773254
0.840261101722717 0.371424555778503 0.685229182243347 0.955490350723267 0.996548116207123 0.995461702346802 0.748476266860962 0.757661402225494 0.988775014877319 0.583759367465973 0.868657231330872 0.991762936115265 0.990620613098145 0.881861329078674 0.725928723812103 0.86952006816864 0.855861127376556 0.878099262714386 0.890651106834412 0.845213770866394 0.850236296653748 0.918092131614685 0.871418476104736 0.871633291244507 0.894738435745239 0.866757810115814 0.817459464073181 0.835204124450684 0.828982174396515 0.80193966627121 0.793640911579132 0.775742411613464 0.769870102405548 0.733571112155914 0.735939204692841 0.713001072406769 0.727191805839539 0.71485424041748 0.726866781711578 0.703632116317749 0.718512296676636 0.689970016479492 0.72150731086731 0.705348789691925
