data/climate_estimation/maxent_output/Lilium_concolor.asc
NCOLS 354 
NROWS 280 
XLLCORNER 106.583333333333 
YLLCORNER 31.25 
CELLSIZE 0.0833333333333333 
NODATA_value -3.4e+38 
[rows 100 to 119 of 280, columns 135 to 179 of 354]
0.0855655446648598 0.0999346897006035 0.109464935958385 0.117878541350365 0.14911162853241 0.160004645586014 0.192119628190994 0.228536054491997 0.257027298212051 0.348312646150589 0.359787553548813 0.369113802909851 0.446717381477356 0.498471617698669 0.550110936164856 0.586565375328064 0.62171733379364 0.714648544788361 0.755971372127533 0.759096622467041 0.7650545835495 0.76234245300293 0.779216051101685 0.782581806182861 0.788274347782135 0.778833627700806 0.783897876739502 0.78945004940033 0.798055768013 0.784157037734985 0.794104754924774 0.798326790332794 0.810770034790039 0.811845719814301 0.825381815433502 0.821251273155212 0.81183260679245 0.812783598899841 0.817377805709839 0.826797842979431 0.822011888027191 0.815677106380463 0.817019999027252 0.810298979282379 0.726489901542664
0.100763790309429 0.118189096450806 0.129405319690704 0.130422443151474 0.162947461009026 0.178135767579079 0.210575118660927 0.217968821525574 0.27205702662468 0.34265062212944 0.413743793964386 0.447136461734772 0.500022828578949 0.58521956205368 0.58421516418457 0.578317642211914 0.646163821220398 0.740928530693054 0.761804461479187 0.763786375522614 0.771409749984741 0.77486377954483 0.785520076751709 0.786288499832153 0.794780611991882 0.780186295509338 0.797378361225128 0.789301097393036 0.78027755022049 0.804640412330627 0.803338468074799 0.815285801887512 0.808596730232239 0.811433553695679 0.812148630619049 0.817299902439117 0.815764307975769 0.827372312545776 0.831639349460602 0.832678616046906 0.83189594745636 0.832460522651672 0.835815906524658 0.818179070949554 0.745214819908142
0.115892179310322 0.132178425788879 0.141659453511238 0.156588152050972 0.195363849401474 0.242083877325058 0.258330732584 0.257795482873917 0.303135395050049 0.355941653251648 0.378651529550552 0.443724095821381 0.49354213476181 0.583176732063293 0.615294456481934 0.60881370306015 0.64153915643692 0.743798494338989 0.775285959243774 0.775749921798706 0.770020306110382 0.77131199836731 0.787764489650726 0.787149429321289 0.793157398700714 0.791826367378235 0.788066148757935 0.79629909992218 0.816813170909882 0.804556608200073 0.807645559310913 0.812788486480713 0.808957576751709 0.815445840358734 0.814811110496521 0.826297700405121 0.827652513980865 0.826134085655212 0.840409815311432 0.838018417358398 0.835481882095337 0.839085400104523 0.832656681537628 0.826801776885986 0.758794009685516
0.119577661156654 0.130726426839828 0.149353086948395 0.163656651973724 0.203421697020531 0.251999765634537 0.270022243261337 0.27658611536026 0.315120071172714 0.339367270469666 0.406712055206299 0.455097854137421 0.484145075082779 0.551210105419159 0.6144939661026 0.604255020618439 0.683088481426239 0.747652232646942 0.761555135250092 0.771813213825226 0.777470827102661 0.783219695091248 0.788596868515015 0.79556941986084 0.794743061065674 0.800729155540466 0.795437335968018 0.812871992588043 0.820674896240234 0.813766717910767 0.818322777748108 0.817860245704651 0.827892005443573 0.827044248580933 0.834592163562775 0.83333295583725 0.837997615337372 0.842622220516205 0.839963257312775 0.83372688293457 0.828179478645325 0.83842933177948 0.850262582302094 0.832757472991943 0.833108901977539
0.107009023427963 0.127135798335075 0.145752131938934 0.157396048307419 0.186696618795395 0.235674366354942 0.249961853027344 0.270175635814667 0.307732909917831 0.36085256934166 0.407111585140228 0.481827229261398 0.515987396240234 0.545470535755157 0.581593751907349 0.655884623527527 0.689659893512726 0.764671504497528 0.770223021507263 0.772818982601166 0.777284920215607 0.78426605463028 0.797609567642212 0.799388468265533 0.812834084033966 0.805126011371613 0.808585941791534 0.815640091896057 0.82256406545639 0.815933644771576 0.818092346191406 0.826823592185974 0.826958477497101 0.8336580991745 0.834955930709839 0.845054149627686 0.847230315208435 0.841779828071594 0.831819534301758 0.822760462760925 0.82880562543869 0.832962393760681 0.759290456771851 0.756407499313354 0.741644561290741
0.105670280754566 0.132966309785843 0.144978433847427 0.15555639564991 0.187209352850914 0.220659181475639 0.227024585008621 0.266390144824982 0.304189622402191 0.352725684642792 0.411582887172699 0.463471233844757 0.499249249696732 0.554514169692993 0.594036042690277 0.651616454124451 0.724264740943909 0.762645542621613 0.777372539043427 0.782776296138763 0.788864135742188 0.787050485610962 0.803255379199982 0.811259150505066 0.818789720535278 0.819490969181061 0.823097467422485 0.828388452529907 0.821320950984955 0.819111287593842 0.822751522064209 0.831458449363708 0.830705285072327 0.840229392051697 0.83233767747879 0.841102123260498 0.84299898147583 0.834463953971863 0.832483768463135 0.750620305538177 0.747038006782532 0.762912809848785 0.758764505386353 0.74580454826355 0.744998335838318
0.103575050830841 0.137718662619591 0.149271115660667 0.153292968869209 0.181131169199944 0.198951601982117 0.234178453683853 0.263413399457932 0.310234010219574 0.35433366894722 0.40578418970108 0.462192356586456 0.538606762886047 0.560481488704681 0.631415247917175 0.691462516784668 0.735484719276428 0.773331224918365 0.789509534835815 0.79200953245163 0.800662755966187 0.806354224681854 0.806407690048218 0.816716313362122 0.826888144016266 0.818534374237061 0.817152321338654 0.83471667766571 0.832535326480865 0.829807639122009 0.829110026359558 0.829305946826935 0.82369589805603 0.835349678993225 0.826774656772614 0.838420867919922 0.84808886051178 0.842083513736725 0.845561504364014 0.76538360118866 0.754493534564972 0.742390215396881 0.755984604358673 0.741623818874359 0.744801759719849
0.102195419371128 0.123765297234058 0.145527556538582 0.166256055235863 0.195281147956848 0.2143195271492 0.241237670183182 0.285568058490753 0.322845757007599 0.377048939466476 0.445621967315674 0.50653064250946 0.578743159770966 0.600599825382233 0.675306797027588 0.739169418811798 0.789646089076996 0.7878737449646 0.80223935842514 0.803574919700623 0.798915505409241 0.818544030189514 0.81862884759903 0.821297466754913 0.82461816072464 0.830711603164673 0.820992469787598 0.826695382595062 0.834262490272522 0.834035456180573 0.829946398735046 0.823830187320709 0.749042153358459 0.845062494277954 0.83909410238266 0.755389809608459 0.768156111240387 0.759967029094696 0.762685894966125 0.765972018241882 0.753924310207367 0.751108646392822 0.745579183101654 0.740659773349762 0.73480898141861
0.110625915229321 0.132537290453911 0.158628970384598 0.180193766951561 0.214692860841751 0.242289170622826 0.286044746637344 0.295793622732162 0.35265064239502 0.418256819248199 0.472076714038849 0.541606783866882 0.639759719371796 0.647771179676056 0.719779372215271 0.777691304683685 0.796220541000366 0.804470002651215 0.813317894935608 0.811489224433899 0.819167733192444 0.820448815822601 0.826416850090027 0.83174592256546 0.828464865684509 0.835354387760162 0.838513731956482 0.841352105140686 0.843488156795502 0.840320765972137 0.758549690246582 0.749662220478058 0.749233603477478 0.754833936691284 0.75917911529541 0.75337427854538 0.74414473772049 0.745246708393097 0.750416815280914 0.753491103649139 0.767112255096436 0.752578914165497 0.759045958518982 0.749695777893066 0.746235311031342
0.120257459580898 0.14372418820858 0.163108006119728 0.194562375545502 0.231272011995316 0.264119267463684 0.311876028776169 0.355605661869049 0.390427529811859 0.44136518239975 0.430150598287582 0.493570178747177 0.64964085817337 0.723675131797791 0.780194520950317 0.796299695968628 0.805172860622406 0.812129378318787 0.821451902389526 0.824885427951813 0.825375735759735 0.825066208839417 0.832247853279114 0.837107241153717 0.849236011505127 0.844972014427185 0.847818315029144 0.840164482593536 0.76689887046814 0.752305269241333 0.771270155906677 0.776981294155121 0.855025410652161 0.763202488422394 0.770997881889343 0.756134152412415 0.757041692733765 0.764659941196442 0.746261656284332 0.756745040416718 0.757778644561768 0.748419761657715 0.755935370922089 0.743506252765656 0.739605486392975
0.129395857453346 0.147803470492363 0.177029654383659 0.168727770447731 0.196161404252052 0.234442412853241 0.358157187700272 0.322291791439056 0.386404663324356 0.438779234886169 0.467771261930466 0.547217726707458 0.643659174442291 0.786342322826385 0.804607272148132 0.734829664230347 0.732870697975159 0.823424935340881 0.82075423002243 0.834259986877441 0.828477442264557 0.842534363269806 0.843236327171326 0.844149887561798 0.844886720180511 0.763466775417328 0.771197378635406 0.763456344604492 0.775074362754822 0.775271058082581 0.770646810531616 0.766028046607971 0.783491432666779 0.773474335670471 0.757479727268219 0.755623459815979 0.759946525096893 0.765548765659332 0.750431597232819 0.733105003833771 0.750832200050354 0.7597616314888 0.740135669708252 0.73585045337677 0.727864503860474
0.159833967685699 0.177945479750633 0.211026251316071 0.181038156151772 0.218222051858902 0.263569533824921 0.332542657852173 0.35736808180809 0.408752351999283 0.476006597280502 0.53202497959137 0.606445729732513 0.66774845123291 0.728129625320435 0.740289390087128 0.732450425624847 0.747708976268768 0.747523009777069 0.833854019641876 0.839478254318237 0.842085182666779 0.848986387252808 0.853751957416534 0.852470397949219 0.770732939243317 0.776400148868561 0.780961096286774 0.788835167884827 0.78630793094635 0.778013288974762 0.787119090557098 0.769556879997253 0.768559455871582 0.766046822071075 0.764283001422882 0.778873920440674 0.767062842845917 0.758959770202637 0.749958753585815 0.737834274768829 0.747971653938293 0.75095796585083 0.745398879051208 0.730458974838257 0.732588112354279
0.179978594183922 0.195043370127678 0.189695864915848 0.274515092372894 0.268198817968369 0.305600225925446 0.361008495092392 0.444408863782883 0.476588696241379 0.55189448595047 0.612506151199341 0.690344929695129 0.730270504951477 0.736471712589264 0.743720650672913 0.760372161865234 0.751084864139557 0.761817395687103 0.764922797679901 0.843044817447662 0.854900360107422 0.859391033649445 0.854652523994446 0.864973485469818 0.779886424541473 0.776498436927795 0.792066812515259 0.788796544075012 0.787723660469055 0.785649597644806 0.778905868530273 0.77185070514679 0.777190268039703 0.784898042678833 0.791238486766815 0.777632653713226 0.765076577663422 0.75926661491394 0.742849946022034 0.739358305931091 0.733599483966827 0.737376034259796 0.737768769264221 0.733136236667633 0.720377802848816
0.199415802955627 0.229320526123047 0.206195563077927 0.270031988620758 0.28284102678299 0.340758472681046 0.418698132038116 0.487040877342224 0.544251322746277 0.58092874288559 0.6528280377388 0.715169191360474 0.7481409907341 0.830105662345886 0.752961575984955 0.758537590503693 0.775422394275665 0.771870970726013 0.853996872901917 0.858952045440674 0.854030311107635 0.863948881626129 0.86235511302948 0.795372366905212 0.795171082019806 0.799678683280945 0.796644568443298 0.789326250553131 0.793273329734802 0.800396025180817 0.785428881645203 0.783952057361603 0.791311800479889 0.791122138500214 0.787674605846405 0.795499920845032 0.770724833011627 0.762654364109039 0.749233782291412 0.745713889598846 0.746988356113434 0.739760339260101 0.735666215419769 0.739087164402008 0.724237442016602
0.21505169570446 0.260813117027283 0.296009927988052 0.287128537893295 0.343604326248169 0.389468610286713 0.490975171327591 0.585567772388458 0.625787079334259 0.699884712696075 0.721906542778015 0.747243821620941 0.75295889377594 0.761127352714539 0.768035590648651 0.776659429073334 0.775755345821381 0.772761642932892 0.787093460559845 0.79305112361908 0.787700891494751 0.799095749855042 0.793175041675568 0.79397577047348 0.798746824264526 0.797085404396057 0.794180452823639 0.807120025157928 0.804845929145813 0.784327149391174 0.795991957187653 0.794694662094116 0.779184341430664 0.788965582847595 0.777771353721619 0.771912455558777 0.770277500152588 0.769445180892944 0.748039484024048 0.744827508926392 0.742654919624329 0.760792434215546 0.737898707389832 0.724124610424042 0.72189873456955
0.265746265649796 0.331864207983017 0.357494354248047 0.346845865249634 0.396698802709579 0.46156907081604 0.521361231803894 0.636278212070465 0.672447025775909 0.698093593120575 0.749629139900208 0.755003869533539 0.773128032684326 0.772024691104889 0.768588185310364 0.775201499462128 0.790775775909424 0.795728147029877 0.794491529464722 0.786741673946381 0.79631108045578 0.800532221794128 0.789432764053345 0.789069294929504 0.79795253276825 0.79699981212616 0.803565859794617 0.798537194728851 0.806245863437653 0.804345011711121 0.802145838737488 0.793140232563019 0.78160834312439 0.781332671642303 0.778266489505768 0.758506715297699 0.757134199142456 0.754917562007904 0.744864284992218 0.751790642738342 0.739766180515289 0.738949716091156 0.73760324716568 0.555987954139709 0.552509248256683
0.308360636234283 0.367923259735107 0.447316825389862 0.489382475614548 0.57872462272644 0.567501068115234 0.628025710582733 0.706948339939117 0.734748959541321 0.753249645233154 0.76320868730545 0.762679219245911 0.778738915920258 0.777445912361145 0.782882750034332 0.785881817340851 0.788501679897308 0.795515954494476 0.791843354701996 0.797629237174988 0.793906211853027 0.801847040653229 0.798484086990356 0.785059928894043 0.792689800262451 0.798217236995697 0.799827754497528 0.791061222553253 0.794191122055054 0.793825745582581 0.799428939819336 0.78760027885437 0.786773383617401 0.780250549316406 0.778171062469482 0.769449651241302 0.771460711956024 0.761919617652893 0.752681136131287 0.575135886669159 0.582893550395966 0.568879842758179 0.557158708572388 0.551449954509735 0.551897943019867
0.350720256567001 0.432375371456146 0.492524415254593 0.588095307350159 0.670145213603973 0.724709868431091 0.651609301567078 0.740870237350464 0.756312489509583 0.773898839950562 0.781997561454773 0.776045143604279 0.782361507415771 0.796168267726898 0.799369335174561 0.802248477935791 0.802747964859009 0.807396411895752 0.810918629169464 0.802446126937866 0.803519248962402 0.798597812652588 0.788017749786377 0.807148873806 0.797904849052429 0.795314371585846 0.791230022907257 0.797629773616791 0.801972925662994 0.805326104164124 0.806922972202301 0.784221887588501 0.606148540973663 0.599943459033966 0.596449136734009 0.606597661972046 0.769644975662231 0.764918029308319 0.597613036632538 0.580964207649231 0.569319784641266 0.56102329492569 0.556168496608734 0.559667527675629 0.553918659687042
0.42887070775032 0.503392577171326 0.598717510700226 0.635995268821716 0.732434928417206 0.802901744842529 0.749213755130768 0.76262491941452 0.76731276512146 0.780085444450378 0.787540256977081 0.792403995990753 0.794269263744354 0.797813773155212 0.802256941795349 0.807218134403229 0.798544406890869 0.818803191184998 0.808499693870544 0.809160530567169 0.807304859161377 0.646796643733978 0.640048623085022 0.806302845478058 0.806167602539062 0.795108139514923 0.631665408611298 0.635989367961884 0.806652426719666 0.800685107707977 0.797648966312408 0.624527513980865 0.623549222946167 0.606288135051727 0.61596542596817 0.594646513462067 0.601604998111725 0.769958794116974 0.592730402946472 0.584801197052002 0.56536740064621 0.568062365055084 0.559796810150146 0.545737683773041 0.545726299285889
0.499350160360336 0.570589125156403 0.642468869686127 0.737877488136292 0.845712959766388 0.852913916110992 0.850563824176788 0.780740261077881 0.78944331407547 0.799115777015686 0.795206785202026 0.79588121175766 0.777763724327087 0.796337723731995 0.816311478614807 0.817840993404388 0.809290885925293 0.812777101993561 0.825497329235077 0.809499979019165 0.809779942035675 0.635172486305237 0.637216746807098 0.649692893028259 0.63850212097168 0.637887179851532 0.637174308300018 0.647754013538361 0.800195932388306 0.634455323219299 0.627186834812164 0.630448043346405 0.615911722183228 0.61711984872818 0.607049107551575 0.601100146770477 0.58366847038269 0.592809557914734 0.576835334300995 0.565545439720154 0.563583076000214 0.554916381835938 0.550137937068939 0.550481736660004 0.5474613904953
