data/climate_estimation/maxent_output/Lilium_distichum.asc
NCOLS 168 
NROWS 172 
XLLCORNER 123 
YLLCORNER 34.9166666666667 
CELLSIZE 0.0833333333333333 
NODATA_value -3.4e+38 
[rows 23 to 45 of 172, columns 0 to 50 of 168]
0.0404414162039757 0.0420975312590599 0.0410537607967854 0.0413809195160866 0.0431386046111584 0.0433713272213936 0.0424286983907223 0.0427786782383919 0.0470036529004574 0.0416657812893391 0.0456885248422623 0.0446098335087299 0.0436368435621262 0.0424934551119804 0.0414608307182789 0.0390603952109814 0.0504083707928658 0.0534336604177952 0.0521680265665054 0.0502186268568039 0.0533108897507191 0.0475385338068008 0.0650579929351807 0.0623488388955593 0.0605261102318764 0.0544693879783154 0.0487508028745651 0.0624323710799217 0.0574739649891853 0.0488884001970291 0.0578264184296131 0.0508348532021046 0.0568189956247807 0.0523513630032539 0.0602067932486534 0.0530547983944416 0.0668214857578278 0.0674755871295929 0.0643181726336479 0.070894330739975 0.0806857794523239 0.0876438394188881 0.0776403471827507 0.0738811045885086 0.0773967429995537 0.0741280168294907 0.08735391497612 0.0904835388064384 0.0836315304040909 0.0840037316083908 0.0928088948130608
0.0412001311779022 0.0307451840490103 0.0341374166309834 0.0343713127076626 0.0335532948374748 0.0336968414485455 0.0338407158851624 0.0482769906520844 0.0483994595706463 0.048701073974371 0.0472834222018719 0.0460130497813225 0.0450414195656776 0.0440221950411797 0.0429050289094448 0.0414141900837421 0.0445300005376339 0.0509232617914677 0.0540850572288036 0.0520433038473129 0.0506601333618164 0.0486721880733967 0.0472973696887493 0.0653870925307274 0.0622789673507214 0.0607984252274036 0.0547311007976532 0.0507466904819012 0.0650130808353424 0.0555191971361637 0.0639352053403854 0.0530586913228035 0.0676125958561897 0.0624770037829876 0.0691676363348961 0.0604978688061237 0.0634701699018478 0.0728558152914047 0.0761979147791862 0.0835412219166756 0.0777145549654961 0.0681788325309753 0.0804880261421204 0.0876208022236824 0.0802372992038727 0.0911310017108917 0.0800201743841171 0.0802168250083923 0.0999600365757942 0.0931764170527458 0.0972059741616249
0.0345008745789528 0.0348857380449772 0.0352432988584042 0.0356971323490143 0.0358598716557026 0.035121276974678 0.0352009795606136 0.0354621894657612 0.0346975475549698 0.0347664132714272 0.0488805584609509 0.047835111618042 0.0464057549834251 0.0454388819634914 0.0444608107209206 0.0472883470356464 0.0462937392294407 0.0446944795548916 0.0576322376728058 0.0539638102054596 0.0539558865129948 0.0554701797664165 0.048823993653059 0.0527247413992882 0.0657356604933739 0.0624367892742157 0.0581576563417912 0.0568287409842014 0.0670482441782951 0.0595217049121857 0.0506228879094124 0.0627897083759308 0.0607808865606785 0.0703817084431648 0.0592614822089672 0.0628711953759193 0.0661513954401016 0.0691800639033318 0.0796807706356049 0.0907462909817696 0.0801876857876778 0.0840563252568245 0.0773427709937096 0.0914609506726265 0.0802192017436028 0.0845428556203842 0.0840751677751541 0.08818419277668 0.0999377369880676 0.0934391170740128 0.109708830714226
0.0368120186030865 0.0371783748269081 0.0376248769462109 0.0369544811546803 0.0371751748025417 0.0365595519542694 0.0366740077733994 0.0370615795254707 0.0391996093094349 0.0393221601843834 0.0348657257854939 0.0371964983642101 0.0364997275173664 0.0468807779252529 0.0458264276385307 0.0487035363912582 0.0475298576056957 0.0461108572781086 0.0452166832983494 0.0574543476104736 0.0615150257945061 0.052619319409132 0.0572380125522614 0.0508060492575169 0.067939355969429 0.0648498386144638 0.0628939270973206 0.058551549911499 0.0695620402693748 0.0615803375840187 0.0594215281307697 0.0743431895971298 0.0654561668634415 0.0644123777747154 0.0743305087089539 0.0657087117433548 0.069106437265873 0.0689485967159271 0.0790336057543755 0.0941842272877693 0.0833974704146385 0.0873232632875443 0.0840796083211899 0.0957123637199402 0.0847783014178276 0.0956595093011856 0.0878762975335121 0.0924554988741875 0.110503956675529 0.115422643721104 0.121129088103771
0.0365930125117302 0.0382587946951389 0.0388827435672283 0.0392931811511517 0.0386095754802227 0.0387303195893764 0.0390168651938438 0.0380619168281555 0.0380940400063992 0.0407324619591236 0.0395122952759266 0.0395010858774185 0.0386735163629055 0.0367706939578056 0.0534977540373802 0.0459435805678368 0.0491043366491795 0.0478400960564613 0.0462025888264179 0.0449579022824764 0.043656975030899 0.0557567477226257 0.0545831732451916 0.0571736954152584 0.0532930716872215 0.0682443529367447 0.0673065856099129 0.0628969073295593 0.0608782954514027 0.0718354806303978 0.0616148859262466 0.0763693153858185 0.0676156654953957 0.0757427662611008 0.0668063908815384 0.0775179043412209 0.0714376866817474 0.0785336717963219 0.0824260711669922 0.0983317121863365 0.0867869108915329 0.091357946395874 0.0875695645809174 0.10344834625721 0.0918294787406921 0.103589080274105 0.0919763892889023 0.109327360987663 0.115981034934521 0.10614076256752 0.117191791534424
0.0374434515833855 0.0279402565211058 0.0308155845850706 0.027794836089015 0.0306301228702068 0.0302363708615303 0.0301416907459497 0.0295302513986826 0.0391725152730942 0.0418185777962208 0.0407674610614777 0.0400092601776123 0.0389708913862705 0.0377934873104095 0.0401944704353809 0.0475486442446709 0.0506944917142391 0.0494664497673512 0.0477268323302269 0.047943040728569 0.0449833460152149 0.0633382573723793 0.0564991272985935 0.0573512092232704 0.0508785769343376 0.0552327632904053 0.0691449344158173 0.0675144195556641 0.0608612224459648 0.0718961805105209 0.0637526884675026 0.0790955424308777 0.0675784200429916 0.0811366736888885 0.0721084624528885 0.0837407335639 0.0839737206697464 0.0885193273425102 0.0896272510290146 0.102267317473888 0.0901255458593369 0.107076540589333 0.0914130881428719 0.103822782635689 0.108771733939648 0.0960917100310326 0.100059762597084 0.120595932006836 0.130900651216507 0.11700077354908 0.116112299263477
0.0387458093464375 0.0276703853160143 0.0318557918071747 0.0321543924510479 0.0316321887075901 0.0318129323422909 0.0312297903001308 0.0306532103568316 0.0305134709924459 0.0433301664888859 0.0423915684223175 0.0409064032137394 0.0401456728577614 0.0403634011745453 0.0380846820771694 0.0379763059318066 0.0492020323872566 0.0504519753158092 0.0492659322917461 0.0494889281690121 0.0465005822479725 0.045508474111557 0.0635342597961426 0.0564202032983303 0.0596030689775944 0.0567693822085857 0.0534588806331158 0.0676088407635689 0.0629150494933128 0.0747734755277634 0.0721811652183533 0.0794705078005791 0.0793416872620583 0.0842228457331657 0.0718074813485146 0.0839076414704323 0.0878650993108749 0.0910493731498718 0.0920095443725586 0.10581623762846 0.0937507972121239 0.0988014787435532 0.0950848981738091 0.11233726143837 0.0999340936541557 0.104690089821815 0.111889988183975 0.116084910929203 0.136903181672096 0.121335312724113 0.127234607934952
0.0303827561438084 0.031405221670866 0.0292470548301935 0.032588217407465 0.0328661687672138 0.0331106260418892 0.0331858433783054 0.0320859588682652 0.0315068699419498 0.0307582374662161 0.0435515679419041 0.0422114208340645 0.042547594755888 0.0413967072963715 0.0391049422323704 0.038949478417635 0.0382362939417362 0.0523874834179878 0.052609384059906 0.0495872013270855 0.0496852621436119 0.0466194190084934 0.0656453147530556 0.0581298060715199 0.0615516752004623 0.0568497031927109 0.0569296702742577 0.0718807205557823 0.0737627074122429 0.0603007934987545 0.0747773721814156 0.0925138667225838 0.0829606577754021 0.0868782475590706 0.0746699422597885 0.0904529839754105 0.091003842651844 0.0923953056335449 0.100858956575394 0.110342852771282 0.102505214512348 0.103410683572292 0.107886396348476 0.103818878531456 0.104704916477203 0.109132409095764 0.135780841112137 0.120593272149563 0.121374391019344 0.131492152810097 0.126759439706802
0.0323132388293743 0.032544381916523 0.0309033337980509 0.0317050777375698 0.0319134928286076 0.0320592746138573 0.0312828309834003 0.0314078740775585 0.0323155075311661 0.0348736420273781 0.0336813442409039 0.0432681180536747 0.0438977740705013 0.04181008040905 0.0454485341906548 0.0428988710045815 0.038149856030941 0.0553065314888954 0.054189033806324 0.0512503422796726 0.0509329475462437 0.0481026880443096 0.0510621592402458 0.0653337687253952 0.0612073913216591 0.0613965168595314 0.0585863329470158 0.0555974468588829 0.0722228512167931 0.0661942139267921 0.0772596895694733 0.0759502127766609 0.0854383930563927 0.0879711881279945 0.0880198329687119 0.0847346857190132 0.0871052816510201 0.0959406420588493 0.0964965671300888 0.105716109275818 0.105745039880276 0.121663950383663 0.111961297690868 0.127422392368317 0.117032796144485 0.142012804746628 0.121486850082874 0.126938387751579 0.125911831855774 0.116234064102173 0.132388889789581
0.0339611694216728 0.0295776762068272 0.0329559631645679 0.03255245834589 0.0299897529184818 0.0303337350487709 0.0324264764785767 0.0322607904672623 0.0315516404807568 0.0305834226310253 0.0348637253046036 0.0450547561049461 0.0435881838202477 0.0434895679354668 0.0467225052416325 0.0443159267306328 0.0428988710045815 0.056822270154953 0.0537937767803669 0.0590810626745224 0.0524999387562275 0.0544275045394897 0.0525049977004528 0.0512790195643902 0.0650612637400627 0.0634647905826569 0.0601810589432716 0.0570102147758007 0.0745233371853828 0.0686337724328041 0.0802997201681137 0.0756759643554688 0.0780750587582588 0.102722428739071 0.0953495055437088 0.0885559320449829 0.0982977747917175 0.100642941892147 0.0893978476524353 0.110603198409081 0.111391440033913 0.124856226146221 0.117004856467247 0.132945850491524 0.124587930738926 0.141109421849251 0.131560146808624 0.136276870965958 0.137386962771416 0.143359690904617 0.136642470955849
0.0297982003539801 0.0302489399909973 0.0309359431266785 0.0232289917767048 0.0229638367891312 0.0229572653770447 0.024973351508379 0.0330098085105419 0.0322516039013863 0.0353944525122643 0.0306797213852406 0.0346575155854225 0.0506608411669731 0.045041237026453 0.0467092990875244 0.0472140312194824 0.0456278212368488 0.0440492630004883 0.057143110781908 0.0555660426616669 0.0541373305022717 0.0575511157512665 0.0541479997336864 0.0527575388550758 0.0668192133307457 0.0652441456913948 0.0622097626328468 0.0606902912259102 0.0761182904243469 0.0730307996273041 0.0853118225932121 0.0809930860996246 0.0944470763206482 0.0848553255200386 0.0997703969478607 0.088360384106636 0.0940020158886909 0.105005122721195 0.105582378804684 0.110096834599972 0.115561172366142 0.132548823952675 0.121582590043545 0.127606272697449 0.13063071668148 0.136963531374931 0.125282183289528 0.142078265547752 0.125872850418091 0.148254841566086 0.142257809638977
0.0344513393938541 0.0315702557563782 0.023930387571454 0.0237752627581358 0.0240801703184843 0.0236621759831905 0.0237096063792706 0.0339449904859066 0.033028606325388 0.0352939516305923 0.0314004682004452 0.0366485007107258 0.0517285354435444 0.0449652150273323 0.0495242923498154 0.0434043221175671 0.0466155335307121 0.0439997762441635 0.0581743866205215 0.0625383704900742 0.0557230338454247 0.0590248368680477 0.0556814484298229 0.0713747143745422 0.068767175078392 0.066987581551075 0.0638472437858582 0.0654143914580345 0.0801507085561752 0.0725641250610352 0.0880828052759171 0.0839193165302277 0.101568631827831 0.0910360142588615 0.105804838240147 0.108810842037201 0.0970633327960968 0.112179756164551 0.113409429788589 0.120471604168415 0.142259776592255 0.125964313745499 0.144329041242599 0.141186520457268 0.140657588839531 0.147706165909767 0.160752445459366 0.148397251963615 0.171955659985542 0.153521731495857 0.136596694588661
0.0353480167686939 0.0354587510228157 0.031923234462738 0.0242685247212648 0.0238979943096638 0.0243017617613077 0.035433903336525 0.0346245467662811 0.0370807312428951 0.0360710322856903 0.0358269512653351 0.0351151861250401 0.0483919642865658 0.0521241538226604 0.0500071980059147 0.049426544457674 0.0480915307998657 0.0615848042070866 0.0635745823383331 0.0581516660749912 0.0626963153481483 0.0603921599686146 0.0588876120746136 0.0556143149733543 0.0707811266183853 0.0678648352622986 0.0662558600306511 0.0804871171712875 0.0766922384500504 0.0895323231816292 0.0832071304321289 0.113267935812473 0.101156733930111 0.0936887785792351 0.109352760016918 0.123276755213737 0.130671486258507 0.122152417898178 0.122550375759602 0.128835871815681 0.136220350861549 0.135307610034943 0.163920238614082 0.146769449114799 0.165096014738083 0.147516459226608 0.153303861618042 0.141741365194321 0.166437819600105 0.159748002886772 0.172561630606651
0.0350213125348091 0.035610593855381 0.0360050909221172 0.0352922007441521 0.0243587139993906 0.024049049243331 0.0353533886373043 0.0376503579318523 0.0343317054212093 0.0367988720536232 0.0368721336126328 0.0350381210446358 0.0482282377779484 0.0527955889701843 0.0518448650836945 0.0502740368247032 0.0494106709957123 0.0487014055252075 0.0614300630986691 0.060198936611414 0.0638710483908653 0.0567480325698853 0.060387272387743 0.077905647456646 0.0726189538836479 0.06934754550457 0.0729015171527863 0.0869179517030716 0.0788358598947525 0.0821072682738304 0.114728793501854 0.10736907273531 0.0966108366847038 0.116793014109135 0.105159133672714 0.121786333620548 0.125653237104416 0.107802383601665 0.113596521317959 0.135751858353615 0.141382411122322 0.136705160140991 0.15658700466156 0.178615912795067 0.171119391918182 0.184782862663269 0.158095359802246 0.146632701158524 0.163900628685951 0.17020083963871 0.152667611837387
0.0352542288601398 0.0360814407467842 0.0361597090959549 0.0357828214764595 0.0363237373530865 0.035767275840044 0.0357266291975975 0.0357060246169567 0.0382577739655972 0.0374279841780663 0.0365928895771503 0.0356978699564934 0.0357788540422916 0.0537261292338371 0.0484339408576488 0.0514497272670269 0.0517406463623047 0.0646288692951202 0.0690678656101227 0.0692997202277184 0.0651023089885712 0.0638531595468521 0.0619328506290913 0.0789207741618156 0.0737648904323578 0.0740737468004227 0.0990446805953979 0.0858841985464096 0.0973430424928665 0.085161417722702 0.105476036667824 0.0985436141490936 0.0994144752621651 0.119459472596645 0.108031764626503 0.116318456828594 0.134436145424843 0.116684198379517 0.134268373250961 0.120472937822342 0.130201771855354 0.175789788365364 0.163005471229553 0.185323372483253 0.169791996479034 0.163259252905846 0.169833138585091 0.191627666354179 0.177619323134422 0.178038820624352 0.164959922432899
0.0362135320901871 0.0361309833824635 0.0358256436884403 0.0361841432750225 0.0366046093404293 0.0369599461555481 0.0397873893380165 0.0387583673000336 0.0353851057589054 0.0377532131969929 0.0372714512050152 0.036489050835371 0.0531898699700832 0.0502385869622231 0.0540126822888851 0.0525713041424751 0.0522284917533398 0.0657856240868568 0.0707034543156624 0.070565477013588 0.0667948946356773 0.0653160512447357 0.0635090991854668 0.0809205770492554 0.077307790517807 0.106722325086594 0.0972805470228195 0.0780774652957916 0.0893071219325066 0.107210628688335 0.0967493802309036 0.107472822070122 0.118495248258114 0.11045628786087 0.129559367895126 0.120589792728424 0.140386283397675 0.125903770327568 0.144562795758247 0.133689522743225 0.159696325659752 0.165402114391327 0.193220898509026 0.17245914041996 0.176832064986229 0.174158960580826 0.188867047429085 0.182267069816589 0.188420072197914 0.174900218844414 0.205189824104309
0.0363302938640118 0.0367518663406372 0.0367414243519306 0.036716639995575 0.0407410226762295 0.0401513874530792 0.0402997024357319 0.0395650267601013 0.0386073403060436 0.0386183001101017 0.0373834706842899 0.0375004522502422 0.0482616499066353 0.0562103427946568 0.055034875869751 0.0530745126307011 0.0534044355154037 0.0677830427885056 0.0658705234527588 0.0715560466051102 0.0684834644198418 0.0878231078386307 0.0867619812488556 0.0894296765327454 0.0858211889863014 0.104962877929211 0.0955591276288033 0.0967465564608574 0.0949483662843704 0.105493955314159 0.114938870072365 0.120821915566921 0.112666092813015 0.135876402258873 0.122802279889584 0.14210906624794 0.133228927850723 0.153975084424019 0.138202413916588 0.16755473613739 0.17170774936676 0.172621950507164 0.187648564577103 0.186090156435966 0.182909160852432 0.218281581997871 0.209063276648521 0.193138957023621 0.194639623165131 0.202361479401588 0.204250335693359
0.0539575479924679 0.0366254448890686 0.0401397570967674 0.0369406118988991 0.0410808958113194 0.0407450385391712 0.0399281866848469 0.0392892360687256 0.0393450185656548 0.0380561165511608 0.0383163280785084 0.0497682653367519 0.0534682348370552 0.0559579618275166 0.0554843433201313 0.054338913410902 0.070456475019455 0.0687570348381996 0.068795457482338 0.0736395493149757 0.091742716729641 0.0925310924649239 0.0889553725719452 0.0831623896956444 0.1157081797719 0.108053758740425 0.097431905567646 0.112088054418564 0.0977677777409554 0.112368628382683 0.112326607108116 0.114433839917183 0.138760462403297 0.128505378961563 0.150061935186386 0.152244299650192 0.137609228491783 0.146611794829369 0.144343569874763 0.182555377483368 0.193217217922211 0.194231957197189 0.19503952562809 0.193175002932549 0.221152171492577 0.193674802780151 0.204840093851089 0.200133696198463 0.186447635293007 0.193499088287354 0.204950824379921
0.0362559892237186 0.0399885475635529 0.0368973277509212 0.0366101264953613 0.0399132035672665 0.0401175133883953 0.0398829057812691 0.0399281866848469 0.0400075502693653 0.0383553169667721 0.0515407994389534 0.0506287477910519 0.0542602203786373 0.05629663169384 0.0566459782421589 0.0557346530258656 0.0787360370159149 0.0715490654110909 0.0763005241751671 0.0749321356415749 0.0963624939322472 0.0930278301239014 0.0892146304249763 0.0874368101358414 0.113986156880856 0.105470053851604 0.120908111333847 0.117799080908298 0.130751386284828 0.115363009274006 0.120139703154564 0.112305298447609 0.131441578269005 0.157710030674934 0.138075664639473 0.145025283098221 0.173637002706528 0.157916858792305 0.181521281599998 0.174333617091179 0.206579551100731 0.187850207090378 0.215937063097954 0.213572040200233 0.227898374199867 0.211188331246376 0.207707777619362 0.184431344270706 0.214876860380173 0.21053409576416 0.219941720366478
0.0538973808288574 0.0550785325467587 0.0407791063189507 0.040663305670023 0.0404827371239662 0.0540733188390732 0.0399245284497738 0.0535738579928875 0.0534829683601856 0.0525213032960892 0.0576098561286926 0.0551467277109623 0.0551312118768692 0.0586543716490269 0.0626455098390579 0.0814888998866081 0.0729622468352318 0.08005241304636 0.0780299305915833 0.0998815894126892 0.0979785025119781 0.0970945879817009 0.0931723043322563 0.125693842768669 0.119283355772495 0.108654208481312 0.127086117863655 0.111413307487965 0.138672962784767 0.122214071452618 0.131611600518227 0.153070539236069 0.139090806245804 0.129684522747993 0.151749223470688 0.154899537563324 0.178670451045036 0.163465693593025 0.189491093158722 0.216656908392906 0.191528052091599 0.218600943684578 0.198697119951248 0.218273386359215 0.222775921225548 0.197069495916367 0.22823677957058 0.203560814261436 0.218501418828964 0.228237390518188 0.229754373431206
0.055103100836277 0.0557271987199783 0.0545691810548306 0.0552803799510002 0.0540031455457211 0.0598810687661171 0.0589221231639385 0.0591542236506939 0.0595541633665562 0.0580354034900665 0.0569783486425877 0.0558542422950268 0.0648064836859703 0.0839185118675232 0.0842679142951965 0.0757973343133926 0.0810060873627663 0.0808488950133324 0.0789635255932808 0.102508001029491 0.0986564829945564 0.0995274856686592 0.124957554042339 0.11737097799778 0.12159837782383 0.13648696243763 0.122627452015877 0.153606846928596 0.13648784160614 0.133671909570694 0.138754710555077 0.149215131998062 0.151912614703178 0.176402598619461 0.162397354841232 0.189092308282852 0.169566050171852 0.181477680802345 0.188367903232574 0.194748476147652 0.205228090286255 0.180103465914726 0.204827323555946 0.203352957963943 0.205587342381477 0.200548395514488 0.204306587576866 0.246254190802574 0.232681602239609 0.219420045614243 0.220105409622192
0.0552775673568249 0.0553677678108215 0.0551651604473591 0.0541102588176727 0.0602677576243877 0.0602846704423428 0.0590610802173615 0.0597113184630871 0.0585244297981262 0.0573848895728588 0.0577245578169823 0.0566411353647709 0.0800181180238724 0.0847334265708923 0.0832372307777405 0.0835607796907425 0.0762509852647781 0.0818849503993988 0.105637587606907 0.103868819773197 0.102765709161758 0.0991529524326324 0.125416561961174 0.130310609936714 0.117859452962875 0.139016106724739 0.125478073954582 0.156548887491226 0.142894372344017 0.163483768701553 0.152097016572952 0.163350373506546 0.160100191831589 0.167237937450409 0.152607187628746 0.177369251847267 0.188871160149574 0.181927084922791 0.203488290309906 0.208379954099655 0.188693150877953 0.215586513280869 0.200112745165825 0.198361292481422 0.219535395503044 0.223824962973595 0.222292065620422 0.223994046449661 0.259604901075363 0.253256559371948 0.169090509414673
0.0552935749292374 0.0551377572119236 0.0596884228289127 0.0549327917397022 0.0612323321402073 0.0603185147047043 0.060250848531723 0.0593770034611225 0.057967621833086 0.0584418177604675 0.0624506585299969 0.0626961886882782 0.0885015353560448 0.0859109833836555 0.0848508179187775 0.0843046829104424 0.0852442979812622 0.0836467519402504 0.107480093836784 0.104145355522633 0.104717336595058 0.132311627268791 0.127901777625084 0.132115975022316 0.157154634594917 0.134156227111816 0.127687051892281 0.147321775555611 0.14662991464138 0.158955559134483 0.185353294014931 0.168246641755104 0.193841725587845 0.158495590090752 0.163362011313438 0.176140904426575 0.172377899289131 0.191941052675247 0.218705236911774 0.198574990034103 0.225974887609482 0.209699004888535 0.237178295850754 0.236340686678886 0.215356141328812 0.208275124430656 0.253720372915268 0.259874790906906 0.240876108407974 0.217890575528145 0.213622018694878
