data/climate_estimation/maxent_output/Lilium_distichum.asc
NCOLS 168 
NROWS 172 
XLLCORNER 123 
YLLCORNER 34.9166666666667 
CELLSIZE 0.0833333333333333 
NODATA_value -3.4e+38 
[rows 46 to 68 of 172, columns 102 to 152 of 168]
0.188141494989395 0.195992767810822 0.205999910831451 0.229228094220161 0.24051696062088 0.282670080661774 0.262453705072403 0.255215406417847 0.239677369594574 0.264637023210526 0.275226324796677 0.276199877262115 0.292535483837128 0.295944780111313 0.288427591323853 0.300417721271515 0.301577299833298 0.296095997095108 0.345325857400894 0.347498714923859 0.380908340215683 0.382557928562164 0.41928443312645 0.448250263929367 0.459112405776978 0.47611340880394 0.504221022129059 0.790271878242493 0.604579210281372 0.750043094158173 0.694730639457703 0.720454633235931 0.668349027633667 0.67722624540329 0.721914887428284 0.751565992832184 0.741381704807281 0.83258843421936 0.81661182641983 0.801928102970123 0.73792564868927 0.761261105537415 0.886227071285248 0.81443190574646 0.716514647006989 0.744104027748108 0.818722248077393 0.871859610080719 0.914608776569366 0.907627403736115 0.899217784404755
0.337844431400299 0.21734194457531 0.233221873641014 0.227710142731667 0.247003316879272 0.246600612998009 0.247466579079628 0.243078321218491 0.26602104306221 0.267785787582397 0.26738765835762 0.290282309055328 0.285985559225082 0.301264435052872 0.310557574033737 0.329071700572968 0.3405681848526 0.333691030740738 0.351668566465378 0.36897686123848 0.388816505670547 0.436559110879898 0.424999743700027 0.464338332414627 0.500865042209625 0.530212938785553 0.555466771125793 0.602611064910889 0.730276882648468 0.689368903636932 0.895863056182861 0.674494445323944 0.664900302886963 0.678592801094055 0.730048358440399 0.795867383480072 0.769598305225372 0.843071043491364 0.859059393405914 0.761931180953979 0.603250622749329 0.775951027870178 0.813239514827728 0.817038178443909 0.861517786979675 0.870945692062378 0.899188339710236 0.89910352230072 0.924062132835388 0.902523994445801 0.871480464935303
0.21561074256897 0.215921506285667 0.228196293115616 0.228160560131073 0.247993677854538 0.241160452365875 0.246385350823402 0.279407203197479 0.279336869716644 0.271395266056061 0.302106648683548 0.296265065670013 0.293099284172058 0.314776033163071 0.33928707242012 0.350822925567627 0.345832765102386 0.337842404842377 0.391022801399231 0.372236907482147 0.42987197637558 0.433570116758347 0.468545615673065 0.488920032978058 0.52527791261673 0.520470559597015 0.556580901145935 0.679311990737915 0.759833216667175 0.671210527420044 0.655665993690491 0.681276559829712 0.713712334632874 0.797277331352234 0.767263114452362 0.843420088291168 0.855320811271667 0.80361407995224 0.844096720218658 0.75975888967514 0.770011842250824 0.814510583877563 0.742048561573029 0.776063859462738 0.819646596908569 0.848491430282593 0.849969923496246 0.859072923660278 0.91879403591156 0.891802847385406 0.876293659210205
0.225774437189102 0.25605720281601 0.301602125167847 0.248875051736832 0.267098367214203 0.262822866439819 0.262787848711014 0.275975465774536 0.275094598531723 0.298683524131775 0.300545185804367 0.327198684215546 0.329132854938507 0.325037956237793 0.353267312049866 0.37581342458725 0.385990500450134 0.403534561395645 0.394603848457336 0.413753092288971 0.433193862438202 0.443734019994736 0.453686088323593 0.520934522151947 0.529240190982819 0.52565062046051 0.597590506076813 0.777328491210938 0.691621005535126 0.636473953723907 0.661867797374725 0.746899485588074 0.820871233940125 0.823756277561188 0.783818483352661 0.85049295425415 0.762105941772461 0.874117136001587 0.866768956184387 0.838501393795013 0.844307661056519 0.765872418880463 0.777592539787292 0.747296214103699 0.805652260780334 0.76286643743515 0.777179658412933 0.893933176994324 0.887142777442932 0.849405705928802 0.842663586139679
0.239889025688171 0.274283349514008 0.272256165742874 0.281969636678696 0.353962928056717 0.307927906513214 0.260372519493103 0.310713678598404 0.305202752351761 0.304249495267868 0.330413520336151 0.331975787878036 0.367377012968063 0.358060389757156 0.353016436100006 0.391061872243881 0.389402538537979 0.425725132226944 0.442298054695129 0.426368296146393 0.449036359786987 0.493039399385452 0.468117117881775 0.505941867828369 0.537260055541992 0.568070828914642 0.695488035678864 0.702262759208679 0.832747220993042 0.641896069049835 0.690268754959106 0.836295187473297 0.845261752605438 0.846395492553711 0.830955028533936 0.825761675834656 0.867355287075043 0.860933899879456 0.884942412376404 0.844516277313232 0.827373504638672 0.820482313632965 0.84897392988205 0.763168096542358 0.753161728382111 0.729598462581635 0.782241225242615 0.739888072013855 0.838454127311707 0.871605515480042 0.854898393154144
0.239129647612572 0.250272125005722 0.268896400928497 0.261569917201996 0.309486120939255 0.295369625091553 0.293796539306641 0.292091399431229 0.317868947982788 0.334540605545044 0.329102456569672 0.344490826129913 0.363913506269455 0.3975490629673 0.392827302217484 0.434065133333206 0.42644852399826 0.454541265964508 0.43186828494072 0.490487813949585 0.469436019659042 0.501016795635223 0.511608183383942 0.531459271907806 0.539744675159454 0.580447793006897 0.631326377391815 0.793874561786652 0.608823835849762 0.649731755256653 0.76829981803894 0.80470073223114 0.782989323139191 0.81592059135437 0.817039906978607 0.842437028884888 0.859044969081879 0.883123815059662 0.861582696437836 0.87904942035675 0.839523315429688 0.872379541397095 0.85849916934967 0.814010858535767 0.827364087104797 0.828606009483337 0.78223580121994 0.803055465221405 0.888558089733124 0.882254421710968 0.80876350402832
0.274889320135117 0.28178659081459 0.313005387783051 0.321001768112183 0.290167987346649 0.288150519132614 0.29218578338623 0.306763380765915 0.316342353820801 0.338005930185318 0.348347991704941 0.366638749837875 0.403395444154739 0.402234107255936 0.408139944076538 0.432347744703293 0.451352000236511 0.466099083423615 0.486563324928284 0.475732833147049 0.530095934867859 0.551333785057068 0.581935346126556 0.699883341789246 0.624400556087494 0.584407269954681 0.603083431720734 0.641201078891754 0.691910266876221 0.750803649425507 0.755230128765106 0.769541561603546 0.774089992046356 0.774889051914215 0.814516186714172 0.88347339630127 0.870876133441925 0.894277632236481 0.86056387424469 0.894146740436554 0.906109154224396 0.906547546386719 0.861701786518097 0.77009916305542 0.727539420127869 0.75270277261734 0.833579897880554 0.895791947841644 0.902494609355927 0.904031932353973 0.884217977523804
0.270662367343903 0.291034072637558 0.303752660751343 0.32634699344635 0.308118224143982 0.322637885808945 0.321815699338913 0.32436990737915 0.320671230554581 0.3441381752491 0.370852738618851 0.380306512117386 0.408503204584122 0.413820147514343 0.462010771036148 0.450400918722153 0.477463334798813 0.467430084943771 0.512510478496552 0.521140515804291 0.571183502674103 0.591057062149048 0.655862867832184 0.739435315132141 0.69587379693985 0.595573246479034 0.616999447345734 0.768474459648132 0.800001084804535 0.798299908638 0.82935619354248 0.831881284713745 0.766752243041992 0.759087860584259 0.870459794998169 0.877562761306763 0.839420318603516 0.909279346466064 0.90927928686142 0.907198667526245 0.866323888301849 0.874081194400787 0.853595972061157 0.783297538757324 0.795319437980652 0.813746392726898 0.866557240486145 0.864904582500458 0.906425893306732 0.888268291950226 0.875797986984253
0.316166490316391 0.311458945274353 0.28855112195015 0.340957641601562 0.321851491928101 0.319109618663788 0.324444711208344 0.322683840990067 0.354689389467239 0.347135752439499 0.389361411333084 0.383769601583481 0.421857953071594 0.434784024953842 0.467251926660538 0.486508548259735 0.480514466762543 0.531015276908875 0.571919500827789 0.561527609825134 0.605437397956848 0.64422744512558 0.637980461120605 0.635971784591675 0.636322617530823 0.624410688877106 0.621322810649872 0.821103513240814 0.817140758037567 0.748565137386322 0.806605458259583 0.787065148353577 0.78863662481308 0.850184082984924 0.860002219676971 0.88609254360199 0.899253726005554 0.871451020240784 0.871292531490326 0.905979514122009 0.883489370346069 0.812039971351624 0.75081741809845 0.745572865009308 0.756013572216034 0.743402004241943 0.837870001792908 0.875330448150635 0.905613780021667 0.879773914813995 0.914824187755585
0.312853038311005 0.288364142179489 0.324368417263031 0.326263040304184 0.324487030506134 0.326875060796738 0.322418212890625 0.352771699428558 0.350816577672958 0.365847796201706 0.388313710689545 0.39989385008812 0.433710515499115 0.439683735370636 0.465649902820587 0.483120948076248 0.513140678405762 0.535851120948792 0.580705940723419 0.588343322277069 0.658694446086884 0.678644239902496 0.665482938289642 0.658315598964691 0.64633584022522 0.683059692382812 0.702282190322876 0.765850365161896 0.769576489925385 0.808136522769928 0.769648551940918 0.766857445240021 0.876872181892395 0.915272057056427 0.894453644752502 0.886579871177673 0.922144830226898 0.917773842811584 0.906505584716797 0.917390942573547 0.918860077857971 0.856851041316986 0.873246490955353 0.802533864974976 0.830658316612244 0.824646949768066 0.899589240550995 0.92645925283432 0.924656331539154 0.931896686553955 0.936123490333557
0.311901062726974 0.297870069742203 0.294236332178116 0.328238427639008 0.327929019927979 0.324998170137405 0.356428146362305 0.35478600859642 0.366860538721085 0.391332656145096 0.408070504665375 0.428289502859116 0.444349020719528 0.463203519582748 0.487770617008209 0.517122626304626 0.526086866855621 0.560838878154755 0.595728754997253 0.653582036495209 0.708449423313141 0.750718057155609 0.695120275020599 0.691249668598175 0.655460894107819 0.725095689296722 0.80703204870224 0.881023228168488 0.834306955337524 0.815763294696808 0.778157532215118 0.830817937850952 0.916603565216064 0.82194983959198 0.911461710929871 0.918055891990662 0.925536394119263 0.886955738067627 0.804732322692871 0.756981730461121 0.922763407230377 0.930643975734711 0.928014278411865 0.914750158786774 0.886588752269745 0.844989359378815 0.88086348772049 0.899014711380005 0.904908537864685 0.858379483222961 0.919066786766052
0.351319432258606 0.347672671079636 0.333356231451035 0.326552033424377 0.360174149274826 0.35379096865654 0.37419405579567 0.374024242162704 0.403199106454849 0.405435353517532 0.402305275201797 0.448584675788879 0.432922035455704 0.487272202968597 0.544684231281281 0.524637937545776 0.569251298904419 0.632639169692993 0.77661657333374 0.864708006381989 0.858659684658051 0.809647858142853 0.787152886390686 0.677585244178772 0.663987040519714 0.744280457496643 0.808908343315125 0.844419956207275 0.895393490791321 0.840334594249725 0.805095791816711 0.883223533630371 0.917327880859375 0.928660929203033 0.923503577709198 0.908493876457214 0.931811332702637 0.905579030513763 0.752221941947937 0.847149729728699 0.908116638660431 0.919203996658325 0.915670156478882 0.901245594024658 0.895332098007202 0.905711650848389 0.906811058521271 0.937224924564362 0.914872288703918 0.860339522361755 0.780501186847687
0.362766832113266 0.35854160785675 0.353732943534851 0.365372657775879 0.377554416656494 0.367417007684708 0.407820016145706 0.413099348545074 0.404106348752975 0.404971778392792 0.441397607326508 0.437104463577271 0.474235653877258 0.495756179094315 0.51670503616333 0.589148700237274 0.674581825733185 0.856965661048889 0.828595459461212 0.719443798065186 0.825843989849091 0.814748525619507 0.738853991031647 0.686686038970947 0.710308313369751 0.774742722511292 0.87812215089798 0.919292271137238 0.883513748645782 0.820353806018829 0.876838624477386 0.903317034244537 0.878359079360962 0.876172244548798 0.916550576686859 0.924082517623901 0.928479731082916 0.947846114635468 0.922160863876343 0.935092806816101 0.92337441444397 0.904912829399109 0.940356194972992 0.925378262996674 0.938649892807007 0.941361844539642 0.945261538028717 0.923181474208832 0.927491724491119 0.882902264595032 0.71350508928299
0.421684056520462 0.395273238420486 0.432529866695404 0.397596091032028 0.376541644334793 0.413203775882721 0.405671268701553 0.405712813138962 0.415909737348557 0.42984277009964 0.439822614192963 0.491472601890564 0.533086001873016 0.582566678524017 0.607143700122833 0.759760439395905 0.713232159614563 0.733864724636078 0.719219923019409 0.662883222103119 0.691368281841278 0.662451982498169 0.693580448627472 0.714300334453583 0.784836232662201 0.877677977085114 0.908153653144836 0.895140886306763 0.829795837402344 0.878385722637177 0.940976560115814 0.896353304386139 0.865807235240936 0.940523684024811 0.949588894844055 0.945652842521667 0.84922581911087 0.844481289386749 0.936729788780212 0.951027572154999 0.950568675994873 0.939837336540222 0.895995020866394 0.9392329454422 0.925108015537262 0.901070296764374 0.776374936103821 0.909111440181732 0.890529215335846 0.855815351009369 0.665597021579742
0.446491181850433 0.466033279895782 0.396052896976471 0.412134200334549 0.385291576385498 0.417280405759811 0.449439495801926 0.436924636363983 0.451072037220001 0.456025213003159 0.459711015224457 0.488214939832687 0.585788547992706 0.697299897670746 0.657779693603516 0.727581143379211 0.669708847999573 0.666860818862915 0.671635925769806 0.67931741476059 0.666354119777679 0.682292819023132 0.729726076126099 0.787222862243652 0.85242110490799 0.876828789710999 0.860650658607483 0.874644875526428 0.870385348796844 0.94701212644577 0.90675562620163 0.797229707241058 0.840781807899475 0.919970571994781 0.955183327198029 0.947294771671295 0.925070643424988 0.916733264923096 0.927757322788239 0.952481985092163 0.943683385848999 0.987603902816772 0.94628632068634 0.908896267414093 0.884346127510071 0.855122148990631 0.830917119979858 0.638307988643646 0.554945826530457 0.569953620433807 0.554846882820129
0.468737870454788 0.433416306972504 0.4256911277771 0.412665098905563 0.426585793495178 0.397241175174713 0.435783833265305 0.431957721710205 0.469833344221115 0.482208281755447 0.491013824939728 0.557125687599182 0.596995890140533 0.592753469944 0.625566244125366 0.722171008586884 0.728849768638611 0.734422206878662 0.7104651927948 0.735142707824707 0.645550668239594 0.797113180160522 0.915056943893433 0.856723189353943 0.903358936309814 0.885889291763306 0.863384485244751 0.897979021072388 0.876262724399567 0.955376327037811 0.902745127677917 0.889362394809723 0.946180999279022 0.91938328742981 0.944804489612579 0.927784562110901 0.954156398773193 0.926545262336731 0.891466856002808 0.910369098186493 0.908798933029175 0.942223906517029 0.98438835144043 0.977810323238373 0.951335608959198 0.959784924983978 0.844423055648804 0.782369911670685 0.739842414855957 0.552895903587341 -3.4e+38
0.499928176403046 0.445343554019928 0.433700382709503 0.396501749753952 0.402954965829849 0.398153722286224 0.423756122589111 0.481209486722946 0.452546417713165 0.51228392124176 0.582200825214386 0.541155457496643 0.604720234870911 0.603870511054993 0.67694079875946 0.809622049331665 0.829565107822418 0.834883332252502 0.812866270542145 0.727035820484161 0.825227379798889 0.938610911369324 0.944834232330322 0.940010130405426 0.911564111709595 0.892056703567505 0.939993500709534 0.958365619182587 0.901153147220612 0.957473754882812 0.934539556503296 0.941145360469818 0.900569260120392 0.888775527477264 0.916364908218384 0.897570550441742 0.924941837787628 0.956927180290222 0.958262979984283 0.936598598957062 0.910075485706329 0.911666452884674 0.940890431404114 0.985475718975067 0.975972294807434 0.953529477119446 0.793909549713135 0.674882590770721 0.588151097297668 0.539795160293579 -3.4e+38
0.485852658748627 0.470077842473984 0.43646839261055 0.403392463922501 0.409283131361008 0.383691221475601 0.421306103467941 0.485159486532211 0.486290246248245 0.536206603050232 0.607588708400726 0.572795689105988 0.599034428596497 0.700877964496613 0.741762518882751 0.829855978488922 0.828630089759827 0.798880219459534 0.797165989875793 0.851243019104004 0.947641491889954 0.936921238899231 0.943975448608398 0.944215655326843 0.943886756896973 0.952213406562805 0.956956803798676 0.949527025222778 0.956088423728943 0.94709587097168 0.923084437847137 0.914321541786194 0.916904628276825 0.89454597234726 0.85313206911087 0.889065325260162 0.944751918315887 0.987937808036804 0.985225260257721 0.976987659931183 0.978493392467499 0.978547036647797 0.983886063098907 0.97172337770462 0.912323474884033 0.939868032932281 0.769798934459686 0.653909027576447 0.563322305679321 -3.4e+38 -3.4e+38
0.548007071018219 0.505078494548798 0.488737493753433 0.431875318288803 0.39148423075676 0.404507875442505 0.443955838680267 0.466376066207886 0.546077132225037 0.589028358459473 0.648993909358978 0.671753704547882 0.779946684837341 0.86071389913559 0.910687386989594 0.906083703041077 0.894003808498383 0.849518239498138 0.886059463024139 0.927470505237579 0.91455078125 0.931402146816254 0.941195845603943 0.921991109848022 0.925613880157471 0.923710227012634 0.928787350654602 0.906841814517975 0.955803215503693 0.959899365901947 0.943874478340149 0.935483336448669 0.939769089221954 0.866005480289459 0.82908433675766 0.892604768276215 0.92504221200943 0.923448741436005 0.959571778774261 0.986521244049072 0.972014009952545 0.958800435066223 0.960085034370422 0.97654789686203 0.907644093036652 0.854317009449005 0.869463682174683 0.733484387397766 0.57526159286499 -3.4e+38 -3.4e+38
0.62858647108078 0.561920404434204 0.503355622291565 0.488194227218628 0.45166090130806 0.416272878646851 0.479389399290085 0.522904515266418 0.624584019184113 0.669329285621643 0.765876650810242 0.849143862724304 0.839168608188629 0.896376669406891 0.905723094940186 0.93400913476944 0.932068288326263 0.90436851978302 0.950033843517303 0.959247529506683 0.94805645942688 0.949059903621674 0.918269574642181 0.891643524169922 0.894949734210968 0.946221113204956 0.947516441345215 0.958774328231812 0.934665322303772 0.917688548564911 0.904187560081482 0.885910987854004 0.911202847957611 0.88480681180954 0.793918788433075 0.752317607402802 0.863851964473724 0.940152645111084 0.980178892612457 0.960857570171356 0.91934734582901 0.946267545223236 0.911742687225342 0.887126207351685 0.875038683414459 0.861544132232666 0.845514178276062 0.781906545162201 -3.4e+38 -3.4e+38 -3.4e+38
0.716073513031006 0.652401804924011 0.658897280693054 0.641805827617645 0.55652129650116 0.524514436721802 0.614110112190247 0.580338060855865 0.75031715631485 0.8165602684021 0.868801653385162 0.913181304931641 0.91007274389267 0.923327207565308 0.958144187927246 0.941901087760925 0.939308941364288 0.958938300609589 0.958495497703552 0.943134069442749 0.943812131881714 0.944122016429901 0.936822295188904 0.884699523448944 0.887697577476501 0.825924098491669 0.929587543010712 0.94354659318924 0.940769672393799 0.932005167007446 0.913288474082947 0.886471569538116 0.734019994735718 0.80853682756424 0.796738564968109 0.852112829685211 0.922022938728333 0.977471351623535 0.969489693641663 0.966646254062653 0.96501499414444 0.974742233753204 0.916046977043152 0.893158972263336 0.828676223754883 0.849446892738342 0.772023797035217 -3.4e+38 -3.4e+38 -3.4e+38 -3.4e+38
0.852994501590729 0.803708612918854 0.742331206798553 0.688021779060364 0.623602986335754 0.612951815128326 0.650120913982391 0.728611290454865 0.7323037981987 0.824179112911224 0.863306820392609 0.897440016269684 0.84403532743454 0.93270879983902 0.935790061950684 0.90275639295578 0.908384561538696 0.942353487014771 0.964177310466766 0.928204834461212 0.903497397899628 0.932527363300323 0.945744335651398 0.935856580734253 0.887838184833527 0.860760688781738 0.882648289203644 0.906747758388519 0.900601089000702 0.923756062984467 0.939879357814789 0.925783157348633 0.902245402336121 0.878643274307251 0.887499272823334 0.923750340938568 0.965280950069427 0.96989643573761 0.964759171009064 0.96029144525528 0.965398550033569 0.950122475624084 0.901999413967133 0.872451186180115 0.845831036567688 -3.4e+38 -3.4e+38 -3.4e+38 -3.4e+38 -3.4e+38 -3.4e+38
0.902078747749329 0.901419043540955 0.863724529743195 0.774409592151642 0.667645812034607 0.703868567943573 0.743542730808258 0.851936459541321 0.87865948677063 0.934868633747101 0.912166953086853 0.830740630626678 0.872454822063446 0.958757281303406 0.909041225910187 0.898068130016327 0.92458701133728 0.9493248462677 0.961532175540924 0.927465319633484 0.922561049461365 0.9642493724823 0.939410328865051 0.895759165287018 0.920496642589569 0.917542278766632 0.908659040927887 0.873363554477692 0.899856567382812 0.911981642246246 0.814011693000793 0.882266044616699 0.917721927165985 0.912524998188019 0.884511590003967 0.961364269256592 0.952152490615845 0.954937040805817 0.951768457889557 0.951239585876465 0.949440479278564 0.942730486392975 0.934755086898804 0.856870949268341 0.728811502456665 -3.4e+38 -3.4e+38 -3.4e+38 -3.4e+38 -3.4e+38 -3.4e+38
