data/climate_estimation/maxent_output/Lilium_souliei.asc
NCOLS 114 
NROWS 79 
XLLCORNER 95.0833333333333 
YLLCORNER 23.4166666666667 
CELLSIZE 0.0833333333333333 
NODATA_value -3.4e+38 
[rows 20 to 39 of 79, columns 44 to 87 of 114]
0.897663772106171 0.87033623456955 0.83889228105545 0.831150770187378 0.851831614971161 0.895647466182709 0.902265429496765 0.909410715103149 0.924449920654297 0.930041193962097 0.932755947113037 0.920782864093781 0.911267399787903 0.814542770385742 0.790461122989655 0.952621221542358 0.971662223339081 0.972208499908447 0.885632216930389 0.85883367061615 0.872478067874908 0.895983874797821 0.978409230709076 0.983828485012054 0.986157476902008 0.9654461145401 0.991365015506744 0.988575220108032 0.99171507358551 0.989579617977142 0.992853879928589 0.975027322769165 0.99422949552536 0.997263789176941 0.864168047904968 0.997785747051239 0.997037708759308 0.789645612239838 0.985989570617676 0.909102022647858 0.616359949111938 0.630812406539917 0.970040082931519 0.910500347614288
0.93088710308075 0.911981642246246 0.874473035335541 0.877027213573456 0.911077439785004 0.918737888336182 0.874391317367554 0.859671235084534 0.934203505516052 0.879363000392914 0.951179981231689 0.951556980609894 0.918461978435516 0.826111972332001 0.793056964874268 0.840242922306061 0.954827189445496 0.954680740833282 0.978042125701904 0.866587817668915 0.979340851306915 0.982045888900757 0.947818875312805 0.988729417324066 0.98707503080368 0.97014993429184 0.990909516811371 0.994391739368439 0.995529115200043 0.99635648727417 0.993417263031006 0.980466663837433 0.997039496898651 0.997244417667389 0.940634548664093 0.998562574386597 0.936050295829773 0.875642955303192 0.987657785415649 0.715947866439819 0.51293957233429 0.81686395406723 0.997859179973602 0.994081199169159
0.920077741146088 0.941005408763885 0.937788367271423 0.868678569793701 0.927790522575378 0.918411314487457 0.933411478996277 0.893795549869537 0.921124041080475 0.914617598056793 0.941106081008911 0.95629358291626 0.949289202690125 0.869737505912781 0.868401825428009 0.892603933811188 0.946534812450409 0.972528636455536 0.980422794818878 0.92951762676239 0.973665416240692 0.92592978477478 0.989295899868011 0.950705289840698 0.992620468139648 0.945143282413483 0.969193577766418 0.989394783973694 0.996437728404999 0.996821463108063 0.995844781398773 0.99006861448288 0.980809092521667 0.968507349491119 0.984360873699188 0.995294570922852 0.940770745277405 0.997303009033203 0.991922557353973 0.815097868442535 0.679588675498962 0.594703137874603 0.916866660118103 0.995778203010559
0.913915038108826 0.943040430545807 0.94653445482254 0.90238881111145 0.938451290130615 0.939673781394958 0.94042307138443 0.937015354633331 0.940019249916077 0.954677522182465 0.954194724559784 0.962937712669373 0.965619921684265 0.929416596889496 0.954659819602966 0.937551617622375 0.948770642280579 0.980575561523438 0.950032114982605 0.987288296222687 0.986666560173035 0.954243183135986 0.984916090965271 0.986857354640961 0.993805527687073 0.994980573654175 0.940787255764008 0.981464982032776 0.995611727237701 0.993840098381042 0.997416853904724 0.998116791248322 0.924696803092957 0.86426317691803 0.998181700706482 0.970318555831909 0.786634266376495 0.984671115875244 0.990730166435242 0.806144118309021 0.414063543081284 0.522269427776337 0.957847535610199 0.989660143852234
0.931686460971832 0.949820935726166 0.940927028656006 0.937334358692169 0.94231504201889 0.936433136463165 0.959784090518951 0.940794289112091 0.958636224269867 0.952902495861053 0.956873834133148 0.97063285112381 0.968207538127899 0.935519695281982 0.965227425098419 0.981431782245636 0.976627230644226 0.982367813587189 0.985906660556793 0.930163681507111 0.899158835411072 0.953369200229645 0.99370551109314 0.993607342243195 0.993444919586182 0.996154010295868 0.987067401409149 0.937251508235931 0.990524649620056 0.993365705013275 0.986125826835632 0.997559249401093 0.995525538921356 0.846832096576691 0.999014258384705 0.998414516448975 0.953188478946686 0.876446902751923 0.995369672775269 0.964333653450012 0.38030806183815 0.41118448972702 0.775593936443329 0.940408170223236
0.947806477546692 0.954635858535767 0.887133896350861 0.935181677341461 0.94416606426239 0.955303192138672 0.947252690792084 0.960678398609161 0.907841145992279 0.94905024766922 0.970275521278381 0.977945506572723 0.972789585590363 0.950059950351715 0.972484648227692 0.976507902145386 0.985928595066071 0.988068640232086 0.987956881523132 0.974475085735321 0.781803488731384 0.992138028144836 0.994114100933075 0.982689380645752 0.982955038547516 0.989339053630829 0.994406163692474 0.997980117797852 0.959917366504669 0.962434053421021 0.944000005722046 0.944331347942352 0.848350584506989 0.995523631572723 0.999031662940979 0.998796105384827 0.919845938682556 0.776582539081573 0.883240640163422 0.993686676025391 0.601302444934845 0.285370051860809 0.336055606603622 0.709050714969635
0.9637371301651 0.952599108219147 0.967888176441193 0.805588841438293 0.964656472206116 0.962065398693085 0.904530167579651 0.916235446929932 0.871774315834045 0.959040343761444 0.971170783042908 0.982432067394257 0.982816815376282 0.979564547538757 0.982833743095398 0.988696038722992 0.952619135379791 0.911037802696228 0.963740825653076 0.699023365974426 0.983251214027405 0.993240356445312 0.981723427772522 0.964853823184967 0.993142783641815 0.997252821922302 0.991930246353149 0.997664451599121 0.997479438781738 0.9587681889534 0.987691283226013 0.997778058052063 0.996958374977112 0.997942268848419 0.999126553535461 0.9956334233284 0.946816682815552 0.762124001979828 0.822980880737305 0.890184760093689 0.499476194381714 0.294771075248718 0.509355843067169 0.807600080966949
0.973355948925018 0.965567708015442 0.965003788471222 0.806779325008392 0.970668911933899 0.96558952331543 0.964230298995972 0.964634954929352 0.874049186706543 0.980121493339539 0.970318973064423 0.985252141952515 0.975249886512756 0.973498702049255 0.981816589832306 0.988719701766968 0.992494940757751 0.992396175861359 0.560009598731995 0.634029030799866 0.934044778347015 0.995811641216278 0.995116353034973 0.989073038101196 0.961295306682587 0.98209947347641 0.979925751686096 0.997143864631653 0.99620258808136 0.993786871433258 0.998900711536407 0.997748851776123 0.972839593887329 0.982406735420227 0.99906998872757 0.998033106327057 0.994883239269257 0.914894342422485 0.4457146525383 0.605598986148834 0.522240996360779 0.330389857292175 0.838046073913574 0.969866752624512
0.866347134113312 0.974720776081085 0.964637815952301 0.832970798015594 0.974863827228546 0.966212153434753 0.981173813343048 0.934390008449554 0.871130228042603 0.944829285144806 0.971454679965973 0.984516799449921 0.98932808637619 0.983918845653534 0.981755137443542 0.991907238960266 0.994101881980896 0.994510769844055 0.941868484020233 0.962036967277527 0.5564284324646 0.996477365493774 0.995960116386414 0.997069895267487 0.997300505638123 0.995388090610504 0.979180753231049 0.980171680450439 0.97368198633194 0.998662710189819 0.985306143760681 0.990602195262909 0.95662248134613 0.952133238315582 0.992574632167816 0.99906599521637 0.936120331287384 0.956527411937714 0.715730965137482 0.641908049583435 0.755217790603638 0.532409191131592 0.999346971511841 0.99843966960907
0.782558023929596 0.95613831281662 0.950918793678284 0.736070811748505 0.978305757045746 0.975492775440216 0.935878574848175 0.917642831802368 0.902573585510254 0.803171694278717 0.988834619522095 0.981832265853882 0.990208387374878 0.991300702095032 0.986060619354248 0.986742913722992 0.955136656761169 0.921535134315491 0.996051669120789 0.993019759654999 0.769399881362915 0.996726095676422 0.997236132621765 0.997694611549377 0.987757682800293 0.992526054382324 0.967196941375732 0.900053918361664 0.997400283813477 0.998266279697418 0.977618217468262 0.91728276014328 0.9004927277565 0.91941249370575 0.988260686397552 0.99909907579422 0.998627662658691 0.995545983314514 0.628529608249664 0.713387310504913 0.920107781887054 0.531705498695374 0.997445106506348 0.999764621257782
0.819852113723755 0.946333467960358 0.973109364509583 0.763810336589813 0.978727996349335 0.984150648117065 0.971441984176636 0.967913150787354 0.956632852554321 0.756995022296906 0.902092039585114 0.988955616950989 0.99311363697052 0.991669118404388 0.99361652135849 0.98896723985672 0.941701114177704 0.955866098403931 0.996600687503815 0.990729212760925 0.841252565383911 0.971418917179108 0.953422248363495 0.989461064338684 0.964006960391998 0.960805296897888 0.975720882415771 0.96909761428833 0.995358169078827 0.969262957572937 0.974546253681183 0.859867811203003 0.893970966339111 0.917826950550079 0.944209694862366 0.996604979038239 0.999008774757385 0.983363449573517 0.357309758663177 0.899807512760162 0.82461005449295 0.553837537765503 0.998578369617462 0.998941898345947
0.903984606266022 0.911296784877777 0.971710741519928 0.858220756053925 0.797959446907043 0.903129935264587 0.988063037395477 0.988425135612488 0.985785603523254 0.952483296394348 0.622474491596222 0.987321317195892 0.987985610961914 0.994603037834167 0.99349969625473 0.993647813796997 0.995955348014832 0.85593169927597 0.997494995594025 0.995567858219147 0.906806290149689 0.612259387969971 0.996165633201599 0.998526990413666 0.986119329929352 0.919063150882721 0.997884094715118 0.986652433872223 0.958206534385681 0.938862025737762 0.930666148662567 0.970906972885132 0.988339126110077 0.998808562755585 0.997918665409088 0.998242616653442 0.958956480026245 0.840542376041412 0.439528614282608 0.9837526679039 0.664870142936707 0.30776110291481 0.495412766933441 0.9927978515625
0.970105409622192 0.5794438123703 0.967950224876404 0.971110820770264 0.719035029411316 0.827366650104523 0.974961459636688 0.991305112838745 0.981864213943481 0.971223473548889 0.665389895439148 0.908052802085876 0.993481934070587 0.992088496685028 0.994589447975159 0.995016872882843 0.99600738286972 0.810688853263855 0.871086835861206 0.990786254405975 0.920337855815887 0.84609192609787 0.998691558837891 0.99626761674881 0.949818551540375 0.910884618759155 0.993618607521057 0.984270751476288 0.976567447185516 0.930974721908569 0.961760759353638 0.994969129562378 0.998776733875275 0.999497294425964 0.99349319934845 0.970840454101562 0.489389210939407 0.507246732711792 0.631305158138275 0.992005109786987 0.588767290115356 0.614724159240723 0.693275809288025 0.88985151052475
0.988535642623901 0.603777170181274 0.986142754554749 0.968205451965332 0.803357601165771 0.927793800830841 0.841100752353668 0.991201281547546 0.978209912776947 0.974189519882202 0.990025699138641 0.960520446300507 0.846460461616516 0.989132702350616 0.996967732906342 0.947887659072876 0.990214347839355 0.997515261173248 0.989888727664948 0.960446834564209 0.870583951473236 0.762529730796814 0.948675870895386 0.981063544750214 0.934400856494904 0.954691469669342 0.997742652893066 0.993236184120178 0.98214191198349 0.97627180814743 0.987065434455872 0.997494220733643 0.997181832790375 0.972818911075592 0.936631083488464 0.950141966342926 0.612615823745728 0.280112951993942 0.984761714935303 0.929422497749329 0.767611503601074 0.745777666568756 0.389593183994293 0.996940672397614
0.949752032756805 0.549918651580811 0.993280172348022 0.994411110877991 0.839319705963135 0.907708287239075 0.956527531147003 0.940268814563751 0.989913642406464 0.986456334590912 0.977440059185028 0.868180871009827 0.951676607131958 0.806244492530823 0.995183408260345 0.885538518428802 0.997993588447571 0.997497975826263 0.990508556365967 0.96840113401413 0.615522384643555 0.996246218681335 0.971449553966522 0.994956493377686 0.985608041286469 0.974313497543335 0.995624125003815 0.997716844081879 0.986120700836182 0.995189666748047 0.965973496437073 0.900263369083405 0.706807434558868 0.881893396377563 0.89865642786026 0.599611461162567 0.375250846147537 0.311609447002411 0.876701056957245 0.914086937904358 0.713568389415741 0.288196057081223 0.553062319755554 0.898699283599854
0.982671678066254 0.499092996120453 0.994774162769318 0.995122015476227 0.861883521080017 0.876034557819366 0.952325761318207 0.984296500682831 0.991565942764282 0.987246930599213 0.98322069644928 0.964053332805634 0.996196329593658 0.886825680732727 0.949422299861908 0.921417415142059 0.991119086742401 0.998466610908508 0.994299173355103 0.993354439735413 0.662728786468506 0.966517925262451 0.973751783370972 0.971464216709137 0.951081275939941 0.995699882507324 0.997004926204681 0.998954236507416 0.993427515029907 0.977325737476349 0.663486838340759 0.384186446666718 0.728340446949005 0.483530074357986 0.739285886287689 0.871952712535858 0.398887664079666 0.826227784156799 0.751586735248566 0.876887083053589 0.346714794635773 0.367549866437912 0.79130893945694 0.801391363143921
0.964096248149872 0.51252007484436 0.996797502040863 0.996288239955902 0.853105008602142 0.68012523651123 0.938656389713287 0.897466838359833 0.992973268032074 0.99695086479187 0.991472065448761 0.99261611700058 0.995009124279022 0.995393097400665 0.743750035762787 0.870348751544952 0.995732188224792 0.973689079284668 0.993606150150299 0.967896401882172 0.685379981994629 0.987285792827606 0.903066396713257 0.797903537750244 0.936366736888885 0.985108494758606 0.988877058029175 0.983215093612671 0.931949079036713 0.97026515007019 0.745664119720459 0.230748414993286 0.210407942533493 0.200641751289368 0.288662046194077 0.397181838750839 0.79150915145874 0.902684450149536 0.773119509220123 0.531607568264008 0.195096373558044 0.911783456802368 0.941303551197052 0.966885328292847
0.967630803585052 0.435643434524536 0.997145533561707 0.996129810810089 0.838949799537659 0.6702601313591 0.986856579780579 0.798415720462799 0.98113888502121 0.995073854923248 0.997819066047668 0.9931920170784 0.98256516456604 0.935793399810791 0.69325840473175 0.85165548324585 0.939080595970154 0.91638970375061 0.948184907436371 0.988645851612091 0.795286774635315 0.920172274112701 0.540331602096558 0.977143824100494 0.968919277191162 0.983069658279419 0.9818274974823 0.979059815406799 0.64194130897522 0.528307437896729 0.655100047588348 0.679722964763641 0.186561152338982 0.376104354858398 0.668166816234589 0.254129648208618 0.878064036369324 0.838290989398956 0.44569793343544 0.333607167005539 0.256793916225433 0.971673607826233 0.924084842205048 0.987462639808655
0.993367910385132 0.442463874816895 0.981336534023285 0.997343063354492 0.803037524223328 0.908753395080566 0.993918478488922 0.953698813915253 0.882711887359619 0.991173565387726 0.991585969924927 0.987020432949066 0.90423995256424 0.892425179481506 0.938372671604156 0.979427218437195 0.984077095985413 0.981809377670288 0.942695081233978 0.696696281433105 0.617862939834595 0.730633318424225 0.283498227596283 0.702908754348755 0.975091516971588 0.99891322851181 0.998601973056793 0.926063776016235 0.560274839401245 0.315771341323853 0.408227682113647 0.36696645617485 0.232619658112526 0.786943733692169 0.697150826454163 0.339343279600143 0.216331779956818 0.443162441253662 0.178199291229248 0.122365303337574 0.300698488950729 0.992326378822327 0.914554357528687 0.970716059207916
0.990402936935425 0.479587256908417 0.963786482810974 0.997754156589508 0.664250016212463 0.856570065021515 0.982011139392853 0.987303614616394 0.978934228420258 0.963630318641663 0.995321273803711 0.996425449848175 0.964209377765656 0.981569170951843 0.921855032444 0.987466931343079 0.994477868080139 0.940950334072113 0.95489239692688 0.617385447025299 0.990408658981323 0.968617677688599 0.574692606925964 0.335317224264145 0.925635516643524 0.996899902820587 0.990145802497864 0.920677840709686 0.728076875209808 0.261088311672211 0.363471031188965 0.499938070774078 0.775434553623199 0.222091153264046 0.450200229883194 0.539090752601624 0.152388766407967 0.152968019247055 0.346132725477219 0.760717391967773 0.647150456905365 0.918781757354736 0.8033207654953 0.901427745819092
