data/climate_estimation/maxent_output/Lilium_washingtonianum.asc
NCOLS 145 
NROWS 109 
XLLCORNER -124.333333333333 
YLLCORNER 36.8333333333333 
CELLSIZE 0.0833333333333333 
NODATA_value -3.4e+38 
[rows 0 to 18 of 109, columns 84 to 125 of 145]
0.0276257898658514 0.0214734692126513 0.0242157317698002 0.0226887315511703 0.0190863572061062 0.00738108158111572 0.00593742122873664 0.00713413907214999 0.0153192123398185 0.0173485204577446 0.0151591589674354 0.0110548045486212 0.012833678163588 0.0156414210796356 0.0128603763878345 0.0115747973322868 0.0115150911733508 0.00970281101763248 0.00953524280339479 0.0101275509223342 0.00798806175589561 0.00803600996732712 0.00713530275970697 0.00706333527341485 0.00581343472003937 0.00473998859524727 0.00432817684486508 0.00386301893740892 0.00363334035500884 0.00349190155975521 0.00339355831965804 0.00338892778381705 0.00281424284912646 0.00293169124051929 0.00249872379936278 0.0021826196461916 0.00241996929980814 0.000163008910021745 0.000138291041366756 0.000214396190131083 0.000126491519040428 0.00010041560017271
0.0266475658863783 0.0158777255564928 0.0217705480754375 0.0185842588543892 0.0192249324172735 0.0176244806498289 0.00724488822743297 0.00401213765144348 0.00593514507636428 0.0075831301510334 0.0148827936500311 0.0143108088523149 0.00645651714876294 0.0119229210540652 0.012499219737947 0.0121373012661934 0.0123306307941675 0.0103480834513903 0.00914385262876749 0.00927402265369892 0.00810595881193876 0.00745779229328036 0.00676825828850269 0.00590534275397658 0.00551006244495511 0.0046471431851387 0.00436071446165442 0.00424205232411623 0.00345395016483963 0.00318075716495514 0.00316519406624138 0.00301399594172835 0.00269946199841797 0.00232249451801181 0.00228080805391073 0.00238510104827583 0.000112556357635185 0.000100134500826243 0.000100395423942246 0.000123017758596689 9.23992629395798e-05 7.52054402255453e-05
0.0227624382823706 0.015415983274579 0.0108702816069126 0.012578509747982 0.0147852627560496 0.0171372294425964 0.0044902372173965 0.00766776502132416 0.0147583447396755 0.00585594167932868 0.0135078439489007 0.0106511674821377 0.00559411197900772 0.0122550521045923 0.0122472131624818 0.012148454785347 0.0119315292686224 0.0101942140609026 0.0100997211411595 0.00939385406672955 0.00889549031853676 0.00762354535982013 0.00724330730736256 0.00628182990476489 0.00566011993214488 0.00484614260494709 0.00428612250834703 0.00406929804012179 0.00321890809573233 0.0031340392306447 0.00269867037422955 0.00237931474111974 0.00236299983225763 0.00205441261641681 0.00223230291157961 7.55768487579189e-05 9.76233568508178e-05 7.3515773692634e-05 8.07975156931207e-05 9.66254228842445e-05 4.99566885991953e-05 7.33791093807667e-05
0.0197923127561808 0.013158586807549 0.0114009641110897 0.0122887045145035 0.0126888295635581 0.00746308034285903 0.00869098957628012 0.0141939474269748 0.0161508526653051 0.0121824704110622 0.00554354023188353 0.0129286777228117 0.00543798506259918 0.0104701463133097 0.0122634498402476 0.0122675327584147 0.0127920852974057 0.0113704213872552 0.0107476059347391 0.00888320151716471 0.00832648761570454 0.00750283291563392 0.00767119694501162 0.00629546446725726 0.00536471279338002 0.00490378029644489 0.00398382032290101 0.0033196322619915 0.00303620449267328 0.00288646784611046 0.00254500517621636 0.00262730801478028 0.0020726069342345 0.00206465669907629 0.00176643347367644 0.0018886182224378 7.84695730544627e-05 7.9888450272847e-05 7.58404275984503e-05 8.04496085038409e-05 6.02493928454351e-05 6.4942600147333e-05
0.0109417689964175 0.0101095102727413 0.0116561623290181 0.0149770388379693 0.014352667145431 0.00622735172510147 0.012252151966095 0.0161227770149708 0.0172715354710817 0.0047013470903039 0.0132040688768029 0.0135994022712111 0.00727747473865747 0.0139153096824884 0.0147136840969324 0.0129994302988052 0.0121785439550877 0.0119040040299296 0.0100728077813983 0.0101229771971703 0.00895252544432878 0.00845812261104584 0.0073686596006155 0.00645449571311474 0.00512682599946856 0.00510051380842924 0.0044877459295094 0.00387169979512691 0.00332961138337851 0.0027723649982363 0.0024077920243144 0.00211809272877872 0.00198871642351151 0.00178217026405036 0.00178035849239677 0.00173717539291829 5.94684352108743e-05 6.73183749313466e-05 7.14064881321974e-05 4.28561215812806e-05 5.7960583944805e-05 6.8256602389738e-05
0.00857857521623373 0.00901924353092909 0.0107401749119163 0.0115223992615938 0.00914772134274244 0.0110396565869451 0.00826866738498211 0.0193478129804134 0.0130297290161252 0.00610167253762484 0.0162625126540661 0.00943696592003107 0.00629463838413358 0.0139378514140844 0.0127692669630051 0.0126310689374804 0.0102692591026425 0.0104077979922295 0.00863368157297373 0.00801405031234026 0.00662170816212893 0.00845077075064182 0.00627761427313089 0.00593511248007417 0.00518041895702481 0.00478336634114385 0.00419156020507216 0.00347518175840378 0.00263611390255392 0.00274968543089926 0.00224348716437817 0.00201149564236403 0.00201759743504226 0.00167237431742251 0.00148244539741427 0.00073400983819738 5.47597446711734e-05 6.28085908829235e-05 3.37345882144291e-05 4.52995627711061e-05 5.48874304513447e-05 6.65412298985757e-05
0.00937594473361969 0.00802425947040319 0.00942196603864431 0.013017020188272 0.0156619660556316 0.0155889391899109 0.0134785659611225 0.0171853583306074 0.00928287114948034 0.0171103104948997 0.0170659180730581 0.00508385943248868 0.0142760705202818 0.0124746188521385 0.0109204156324267 0.0135409403592348 0.0125049203634262 0.0120234414935112 0.0111028607934713 0.0102247577160597 0.00759607180953026 0.00595193868502975 0.00664591323584318 0.00591595144942403 0.0054771201685071 0.00460059521719813 0.00400983728468418 0.00355320074595511 0.00298439967446029 0.00261433655396104 0.00191889493726194 0.00177756627090275 0.00177297252230346 0.00151798781007528 0.00151709537021816 0.000689661013893783 5.93834411120042e-05 6.17786208749749e-05 3.08097369270399e-05 3.32858835463412e-05 4.59599286841694e-05 5.9624420828186e-05
0.0314723551273346 0.0189322009682655 0.0175825003534555 0.0176266711205244 0.0161368884146214 0.0157156772911549 0.0155817018821836 0.0159701034426689 0.0168478190898895 0.0194743499159813 0.017881540581584 0.010620940476656 0.0170388203114271 0.0158666186034679 0.0162382293492556 0.0162256713956594 0.0128954919055104 0.0130299804732203 0.0105715375393629 0.0107515882700682 0.00824235659092665 0.00783911067992449 0.00615934235975146 0.00561972288414836 0.00489348825067282 0.00445299968123436 0.00372079317457974 0.00344690307974815 0.00295379920862615 0.00241212011314929 0.00200958177447319 0.00181255582720041 0.00143089552875608 0.00142655498348176 0.00130358315072954 4.13065499742515e-05 5.12464575876947e-05 4.81491588288918e-05 5.34477476321626e-05 3.53343530150596e-05 4.57248606835492e-05 5.61315391678363e-05
0.0334804877638817 0.0311942771077156 0.0290126223117113 0.0195593144744635 0.0189831126481295 0.0178967490792274 0.0180476643145084 0.0119173573330045 0.0218279995024204 0.0208394471555948 0.0210507847368717 0.0184143055230379 0.0157934334129095 0.0183381959795952 0.0167292337864637 0.0150396162644029 0.0136989653110504 0.0122570646926761 0.0123801371082664 0.00965302530676126 0.00922022759914398 0.00756129249930382 0.00695738801732659 0.00547597371041775 0.00474100979045033 0.00452235946431756 0.00379556510597467 0.00319895450957119 0.0027941616717726 0.00240133400075138 0.00214640307240188 0.00137102114968002 0.00143717741593719 0.00138439028523862 0.000567571085412055 3.74519804609008e-05 4.47715829068329e-05 4.67034951725509e-05 5.59955260541756e-05 6.0852020396851e-05 3.96555915358476e-05 3.98186093661934e-05
0.0315547659993172 0.0298553127795458 0.0276938173919916 0.0204676631838083 0.0203383918851614 0.0179591905325651 0.0132011827081442 0.0159132927656174 0.0207855254411697 0.0239537674933672 0.0224876459687948 0.0196012407541275 0.0206833723932505 0.0190693810582161 0.0157822631299496 0.0160834453999996 0.0150915440171957 0.0125558162108064 0.0120964171364903 0.0105064334347844 0.00884687807410955 0.00817412789911032 0.00641487166285515 0.0055355541408062 0.00461251428350806 0.00445505138486624 0.00370519747957587 0.00352324661798775 0.00261138519272208 0.00199734535999596 0.00147911277599633 0.00125160964671522 0.00144113460555673 0.00123160739894956 0.00124090991448611 0.000527047435753047 4.52933309134096e-05 4.80062917631585e-05 5.22266782354563e-05 5.96799945924431e-05 3.99915152229369e-05 4.50545703643002e-05
0.0271196067333221 0.0299571417272091 0.0293115340173244 0.0243822615593672 0.0193570572882891 0.0165413543581963 0.0123670529574156 0.0232317522168159 0.0244322717189789 0.0243676323443651 0.0230306014418602 0.023635433986783 0.0177804101258516 0.0232997667044401 0.0178849883377552 0.0179795231670141 0.0144812166690826 0.013860821723938 0.0119519354775548 0.0114961294457316 0.0092482827603817 0.00777120748534799 0.00602226937189698 0.00608241278678179 0.00450538843870163 0.00407649669796228 0.00362660433165729 0.00301389629021287 0.00224899500608444 0.0021726677659899 0.00161139504052699 0.00116377195809036 0.00117359345313162 0.00118964188732207 0.000555881182663143 3.34232463501394e-05 3.55811571353115e-05 4.43964636360761e-05 4.46747653768398e-05 3.03409306070535e-05 4.48597020294983e-05 4.67078862129711e-05
0.0202896948903799 0.0209889430552721 0.0208713430911303 0.0198006071150303 0.0177105981856585 0.00999754015356302 0.0167039409279823 0.0217935424298048 0.0247440505772829 0.0259564649313688 0.0255365762859583 0.0243350509554148 0.0201674290001392 0.0245833788067102 0.0277773551642895 0.0232155416160822 0.0158718340098858 0.0129811782389879 0.0129817668348551 0.0105565972626209 0.00905480608344078 0.00769900111481547 0.00698872981593013 0.00558178825303912 0.00483536859974265 0.00397539557889104 0.00335275288671255 0.00281013711355627 0.00252518383786082 0.00219702697359025 0.00126057688612491 0.000966245774179697 0.00104046950582415 0.000974426860921085 0.000505279109347612 3.14416247420013e-05 3.65527594112791e-05 3.68203691323288e-05 4.26199403591454e-05 2.93492539640283e-05 4.46726371592376e-05 4.02125260734465e-05
0.0123104434460402 0.0179753378033638 0.0212402176111937 0.0162664148956537 0.0181290917098522 0.0136095965281129 0.024760577827692 0.0279160216450691 0.0259844455868006 0.021763114258647 0.0184679534286261 0.0267652980983257 0.0290061831474304 0.029107129201293 0.0308852307498455 0.025087870657444 0.0174194034188986 0.0128697985783219 0.0133877312764525 0.0107017047703266 0.00968740880489349 0.00769816804677248 0.00648038927465677 0.00542287109419703 0.00471854815259576 0.00399981718510389 0.00324813625775278 0.00270752352662385 0.00238056434318423 0.00199334952048957 0.00114164198748767 0.000994849135167897 0.000967175874393433 0.000410185748478398 0.000441902637248859 0.00050299073336646 2.93808607239043e-05 0.00059138733195141 4.80017224617768e-05 3.28168098349124e-05 5.27558622707147e-05 3.15425604640041e-05
0.00825388263911009 0.00833847746253014 0.0129742696881294 0.0162478778511286 0.0167645644396544 0.0243086311966181 0.0303959529846907 0.0277356524020433 0.0280885864049196 0.0197161640971899 0.0138641642406583 0.0262139886617661 0.0269766617566347 0.0264348853379488 0.0298925004899502 0.0277308169752359 0.0191689413040876 0.0155891980975866 0.0113899176940322 0.0111972326412797 0.00904402229934931 0.00777619518339634 0.00651077879592776 0.0053967172279954 0.00457863975316286 0.00376894930377603 0.00333172408863902 0.00292712124064565 0.00208138441666961 0.00143013312481344 0.00115616642870009 0.00142009276896715 0.000980434124357998 0.000364596809959039 0.000414166657719761 0.000523262133356184 3.00926167255966e-05 3.43723841069732e-05 2.52837999141775e-05 3.46310771419667e-05 4.30336440331303e-05 3.71974019799381e-05
0.0233286749571562 0.0131073789671063 0.0140717262402177 0.016670610755682 0.0293190181255341 0.0286722797900438 0.0324850156903267 0.0311754588037729 0.0335311107337475 0.0186342429369688 0.0120792863890529 0.0260811373591423 0.0259002540260553 0.0264960844069719 0.0271853841841221 0.0220807362347841 0.0205706972628832 0.0163574386388063 0.014084835536778 0.0116902906447649 0.00964109785854816 0.00796111300587654 0.00662533985450864 0.00572107313200831 0.00478423992171884 0.00393395777791739 0.00359434843994677 0.00292834988795221 0.00205403752624989 0.00156869320198894 0.00111592782195657 0.000965519808232784 0.000989946303889155 0.000429309700848535 0.000437734619481489 0.000430895976023749 3.09612296405248e-05 4.01753932237625e-05 3.20904800901189e-05 3.95916140405461e-05 4.92043654958252e-05 4.668885958381e-05
0.0248551853001118 0.0258584804832935 0.0144496792927384 0.0279860738664865 0.0299144126474857 0.0316391959786415 0.0218899790197611 0.0159069914370775 0.0143528617918491 0.0112695964053273 0.0117438808083534 0.0198835544288158 0.0317631475627422 0.0241877399384975 0.023887824267149 0.0248627196997404 0.0205080509185791 0.0151249803602695 0.013506188057363 0.0124039314687252 0.00943752657622099 0.00756117887794971 0.0072405394166708 0.00550650060176849 0.00462993979454041 0.00420768046751618 0.0035812952555716 0.00280803209170699 0.00257944571785629 0.00195563002489507 0.0013150826562196 0.00114415539428592 0.000762175011914223 0.000882469757925719 0.000431842490797862 0.000455943431006745 3.003731580975e-05 2.03512554435292e-05 3.17984486173373e-05 4.25086036557332e-05 6.46643457002938e-05 5.24943534401245e-05
0.0252090655267239 0.0136870266869664 0.0127710541710258 0.0314911082386971 0.0335845611989498 0.034165944904089 0.0166539214551449 0.0103538250550628 0.00888970401138067 0.0123658189550042 0.0134042780846357 0.0190388541668653 0.0347838290035725 0.0282656345516443 0.0263985153287649 0.0243611391633749 0.0203489270061255 0.0183430835604668 0.0141880679875612 0.0113435136154294 0.00965505465865135 0.0081804757937789 0.00674730725586414 0.0065196892246604 0.00514209037646651 0.00404789904132485 0.00345454830676317 0.0029500718228519 0.00273090740665793 0.00191174494102597 0.00178781012073159 0.00147775979712605 0.00107985374052078 0.000978919677436352 0.000418110546888784 2.33441915042931e-05 3.49595757143106e-05 2.49067634285893e-05 2.2532058210345e-05 2.43785507336725e-05 7.24746496416628e-05 7.685804303037e-05
0.00874133501201868 0.00752056110650301 0.0176547784358263 0.0285018477588892 0.02506990917027 0.0199259221553802 0.0142232505604625 0.00902050081640482 0.0148251000791788 0.0164405293762684 0.0179828647524118 0.0229017175734043 0.0323063917458057 0.0320791341364384 0.0213889628648758 0.026411896571517 0.0218214225023985 0.0182077325880527 0.0145893627777696 0.0127205401659012 0.0108213778585196 0.00883293058723211 0.00712937023490667 0.00604826072230935 0.00516674481332302 0.00445403018966317 0.00348662305623293 0.00317413755692542 0.00296175596304238 0.0022645378485322 0.00204487796872854 0.00175918720196933 0.00126468879170716 0.0010448960820213 0.00039796729106456 0.000447313883341849 2.47869356826413e-05 2.14518695429433e-05 3.33994612446986e-05 4.55726221844088e-05 3.94037197111174e-05 5.19854547746945e-05
0.00445062154904008 0.00750716775655746 0.0111043397337198 0.018350487574935 0.0155320353806019 0.0129847023636103 0.0143844727426767 0.0210184920579195 0.0195096135139465 0.0188044123351574 0.0216777641326189 0.0289584454149008 0.02958326600492 0.0364419594407082 0.0254254192113876 0.0277742762118578 0.02345403842628 0.0202018711715937 0.0175306424498558 0.0133892167359591 0.0108971539884806 0.00998587347567081 0.00795113574713469 0.00695637194439769 0.00568261323496699 0.0048645967617631 0.00377866229973733 0.00356533005833626 0.0028593938332051 0.00242692115716636 0.00188615475781262 0.00151312071830034 0.0012277098139748 0.00104101386386901 0.000361961021553725 0.000433302513556555 2.13961830013432e-05 2.54454971582163e-05 4.10826432926115e-05 2.03290401259437e-05 0.000131247696117498 0.000158960378030315
