data/climate_estimation/maxent_output/Lilium_taliense.asc
NCOLS 93 
NROWS 72 
XLLCORNER 99.5 
YLLCORNER 23.3333333333333 
CELLSIZE 0.0833333333333333 
NODATA_value -3.4e+38 
[rows 20 to 39 of 72, columns 44 to 87 of 93]
0.767544031143188 0.619959115982056 0.972831249237061 0.99604320526123 0.970372200012207 0.97696727514267 0.908277928829193 0.840770423412323 0.878592848777771 0.812073707580566 0.529710352420807 0.635832667350769 0.690769374370575 0.784716010093689 0.747905433177948 0.661154866218567 0.630299270153046 0.562108933925629 0.593570709228516 0.588923633098602 0.651101887226105 0.571063876152039 0.56335985660553 0.586190044879913 0.52873170375824 0.512729048728943 0.533685028553009 0.505923271179199 0.449074059724808 0.406585305929184 0.460792630910873 0.427148282527924 0.42982879281044 0.400000929832458 0.431850463151932 0.410569846630096 0.408082336187363 0.409109175205231 0.424888789653778 0.449191004037857 0.440254628658295 0.425006926059723 0.406359076499939 0.410727053880692
0.575385570526123 0.898856461048126 0.994349479675293 0.989778578281403 0.935259878635406 0.941668689250946 0.847377419471741 0.953849971294403 0.889562726020813 0.644932687282562 0.614263117313385 0.598364889621735 0.656164824962616 0.766941368579865 0.857872247695923 0.783388793468475 0.672040998935699 0.638775050640106 0.622613906860352 0.67357349395752 0.658739864826202 0.662205994129181 0.646910905838013 0.58694589138031 0.544593513011932 0.562827348709106 0.516957402229309 0.47113761305809 0.468211829662323 0.495525360107422 0.519162952899933 0.447953402996063 0.510788261890411 0.451600521802902 0.454508304595947 0.465866059064865 0.447053611278534 0.434718459844589 0.434957444667816 0.412599384784698 0.410275459289551 0.418525546789169 0.410365730524063 0.417865633964539
0.956988990306854 0.998327732086182 0.996736466884613 0.922698497772217 0.884919226169586 0.836784541606903 0.860036909580231 0.926747798919678 0.863250851631165 0.729586124420166 0.642727613449097 0.72324275970459 0.838234186172485 0.866857171058655 0.867724299430847 0.829258918762207 0.711868584156036 0.679436981678009 0.669348537921906 0.701924324035645 0.691437363624573 0.659340918064117 0.715293645858765 0.595620036125183 0.624662637710571 0.598656535148621 0.573175013065338 0.518528580665588 0.536284148693085 0.575594186782837 0.586283445358276 0.495043575763702 0.571214377880096 0.509089946746826 0.53489089012146 0.510517001152039 0.438681155443192 0.43719157576561 0.431501507759094 0.422555088996887 0.433316826820374 0.424926400184631 0.408451408147812 0.43983468413353
0.802536904811859 0.999074459075928 0.996006667613983 0.955810368061066 0.900733768939972 0.810894727706909 0.764817178249359 0.851031422615051 0.975790023803711 0.795488834381104 0.693019211292267 0.758352875709534 0.816826820373535 0.869052350521088 0.88041478395462 0.796624660491943 0.784073770046234 0.744540810585022 0.739202857017517 0.704342067241669 0.627010762691498 0.623052954673767 0.64665275812149 0.691289901733398 0.670900225639343 0.588984906673431 0.55173122882843 0.55607408285141 0.567175805568695 0.547622382640839 0.610226690769196 0.55178439617157 0.62360805273056 0.58551436662674 0.572628676891327 0.562773108482361 0.500236928462982 0.490359216928482 0.481582283973694 0.459346532821655 0.431586891412735 0.432210654020309 0.428145617246628 0.435479491949081
0.720711708068848 0.980068624019623 0.993855178356171 0.967546045780182 0.844767212867737 0.793320834636688 0.756263196468353 0.800430536270142 0.897606134414673 0.78575325012207 0.781127989292145 0.747092843055725 0.819407522678375 0.842101991176605 0.858542203903198 0.841597259044647 0.865609109401703 0.837606012821198 0.795665085315704 0.710388541221619 0.628816366195679 0.646298289299011 0.726201593875885 0.742445886135101 0.638099789619446 0.541015684604645 0.531696677207947 0.524901449680328 0.53094607591629 0.556353628635406 0.642733991146088 0.623448431491852 0.657912909984589 0.628604710102081 0.58958226442337 0.545934021472931 0.530547082424164 0.517017602920532 0.566063284873962 0.51077663898468 0.473316699266434 0.443159013986588 0.448858231306076 0.435065448284149
0.695928394794464 0.991657197475433 0.991808891296387 0.908627390861511 0.80011785030365 0.787357270717621 0.810953915119171 0.738247513771057 0.917612433433533 0.870537638664246 0.894317090511322 0.89815491437912 0.81441593170166 0.777828097343445 0.786979973316193 0.797572493553162 0.808777868747711 0.777759253978729 0.716710329055786 0.653279483318329 0.615192830562592 0.65266740322113 0.678500890731812 0.671038806438446 0.608144283294678 0.582542657852173 0.524252891540527 0.532631695270538 0.551303744316101 0.618487417697906 0.64310896396637 0.653559923171997 0.659270405769348 0.650196135044098 0.604028940200806 0.551392436027527 0.54557204246521 0.530270338058472 0.575770318508148 0.492668092250824 0.471084743738174 0.461777925491333 0.466458261013031 0.466749280691147
0.929489195346832 0.758961141109467 0.897833526134491 0.86353462934494 0.882474184036255 0.887350738048553 0.795231640338898 0.830641090869904 0.955498278141022 0.886318922042847 0.895354270935059 0.962827861309052 0.904495596885681 0.783103764057159 0.844343841075897 0.813329517841339 0.779197573661804 0.785781919956207 0.721107661724091 0.721846520900726 0.667293310165405 0.652304291725159 0.626955687999725 0.633464574813843 0.631134629249573 0.658073723316193 0.637801349163055 0.651400506496429 0.588065028190613 0.667552292346954 0.633750557899475 0.64010214805603 0.64776223897934 0.62220972776413 0.601779699325562 0.581638991832733 0.547636866569519 0.562597572803497 0.529960989952087 0.526648461818695 0.521582722663879 0.529900014400482 0.497342497110367 0.555947542190552
0.990221321582794 0.746223747730255 0.725648283958435 0.898244142532349 0.921543538570404 0.768602609634399 0.743305683135986 0.8716641664505 0.90423572063446 0.890037298202515 0.860158681869507 0.937623143196106 0.887444257736206 0.870090365409851 0.884443581104279 0.852680623531342 0.844042837619781 0.846217572689056 0.853545844554901 0.819863677024841 0.807788848876953 0.695367753505707 0.656667649745941 0.620475471019745 0.616216838359833 0.67204475402832 0.726574718952179 0.732117593288422 0.636769950389862 0.648430645465851 0.630245208740234 0.604626536369324 0.626562058925629 0.612954616546631 0.596662938594818 0.584664762020111 0.588970601558685 0.600970387458801 0.554226100444794 0.552360117435455 0.580315172672272 0.580672979354858 0.542307555675507 0.579994916915894
0.998677790164948 0.920931220054626 0.978064298629761 0.850077152252197 0.799721837043762 0.83698046207428 0.873300850391388 0.872854471206665 0.960115373134613 0.942928731441498 0.936282753944397 0.931087076663971 0.907199203968048 0.90852028131485 0.924802839756012 0.962230503559113 0.897551357746124 0.91422313451767 0.922323882579803 0.900743901729584 0.864316701889038 0.850583732128143 0.784469485282898 0.703804552555084 0.699306070804596 0.652539730072021 0.663752675056458 0.682823896408081 0.663266539573669 0.639399886131287 0.634045600891113 0.607270836830139 0.615912437438965 0.630514025688171 0.622884690761566 0.639396071434021 0.60509592294693 0.595308899879456 0.562536597251892 0.592681109905243 0.596465945243835 0.601660907268524 0.593142628669739 0.595962822437286
0.996773302555084 0.990678071975708 0.993016481399536 0.955456018447876 0.802759110927582 0.921481549739838 0.905923306941986 0.869444251060486 0.884064555168152 0.947080552577972 0.961322665214539 0.945403039455414 0.907123982906342 0.930433869361877 0.91776841878891 0.916241109371185 0.921450674533844 0.931194186210632 0.928283512592316 0.862493455410004 0.827792823314667 0.841496586799622 0.786405861377716 0.775127291679382 0.785945355892181 0.749794721603394 0.692801296710968 0.688924789428711 0.691727161407471 0.701816856861115 0.704483509063721 0.667562246322632 0.669182777404785 0.702880382537842 0.697325050830841 0.664571404457092 0.60766327381134 0.606143295764923 0.590310275554657 0.598662793636322 0.612889885902405 0.604861259460449 0.595921754837036 0.585881531238556
0.999547600746155 0.998050391674042 0.994060456752777 0.836028039455414 0.825762987136841 0.942613780498505 0.844331085681915 0.983600974082947 0.873597741127014 0.907102227210999 0.971682012081146 0.970444738864899 0.9390589594841 0.931359946727753 0.920406877994537 0.895703077316284 0.880576014518738 0.851311445236206 0.928739488124847 0.885641694068909 0.822921693325043 0.837124705314636 0.842383205890656 0.849453866481781 0.845917820930481 0.7989861369133 0.741492927074432 0.781139552593231 0.735682964324951 0.753350138664246 0.745525598526001 0.731643378734589 0.689309120178223 0.69482010602951 0.685658991336823 0.67243880033493 0.673392176628113 0.63224333524704 0.629154086112976 0.618326604366302 0.61350816488266 0.644824802875519 0.610111117362976 0.62500011920929
0.999650478363037 0.999426662921906 0.99472177028656 0.848413348197937 0.799867987632751 0.959113121032715 0.909026265144348 0.925846815109253 0.899011075496674 0.939752340316772 0.956205308437347 0.955111980438232 0.948263764381409 0.879113614559174 0.807533144950867 0.861880302429199 0.934004247188568 0.926150619983673 0.876811027526855 0.880322515964508 0.854400217533112 0.84676194190979 0.851757824420929 0.84669554233551 0.85094153881073 0.861579775810242 0.843067407608032 0.840032398700714 0.830781221389771 0.825170278549194 0.802453517913818 0.754488885402679 0.735539436340332 0.735522270202637 0.735385000705719 0.698946893215179 0.686622083187103 0.669390678405762 0.660390555858612 0.672135293483734 0.618201076984406 0.615807890892029 0.612833499908447 0.583389639854431
0.999726116657257 0.999573826789856 0.944476842880249 0.873473525047302 0.897541522979736 0.991791784763336 0.98147451877594 0.892632663249969 0.93868762254715 0.94196218252182 0.926432907581329 0.889717578887939 0.815394937992096 0.842305839061737 0.831430435180664 0.863812923431396 0.883763313293457 0.904431641101837 0.938604533672333 0.889971196651459 0.897256791591644 0.871655464172363 0.894225239753723 0.84441751241684 0.820831775665283 0.865463376045227 0.856170058250427 0.887594938278198 0.873804688453674 0.866605699062347 0.828716635704041 0.796050429344177 0.80513721704483 0.772027611732483 0.759677350521088 0.708983719348907 0.73164963722229 0.698753774166107 0.695812225341797 0.686832904815674 0.640132308006287 0.610303103923798 0.588882029056549 0.564989626407623
0.99858695268631 0.99808943271637 0.987414240837097 0.83873987197876 0.934578835964203 0.87986958026886 0.825513482093811 0.802787661552429 0.888296961784363 0.93991082906723 0.851986050605774 0.896084010601044 0.881471335887909 0.900869190692902 0.902578353881836 0.890971481800079 0.872715055942535 0.905193388462067 0.930043339729309 0.921248495578766 0.908611953258514 0.898798286914825 0.90886515378952 0.891633272171021 0.842675566673279 0.857518315315247 0.842098534107208 0.879578411579132 0.8757164478302 0.860811829566956 0.837571322917938 0.846569538116455 0.840393841266632 0.822856545448303 0.790156900882721 0.728094816207886 0.764430582523346 0.739797592163086 0.694870889186859 0.660001337528229 0.655199348926544 0.61159873008728 0.592369556427002 0.578415632247925
0.989576876163483 0.987902164459229 0.980890035629272 0.958957850933075 0.984734416007996 0.967525482177734 0.809328556060791 0.872948825359344 0.872017979621887 0.819187521934509 0.824290037155151 0.885722696781158 0.867572486400604 0.907224714756012 0.93322491645813 0.915633797645569 0.922362864017487 0.899784088134766 0.940037608146667 0.933297693729401 0.902020633220673 0.8781498670578 0.896619856357574 0.887609302997589 0.880987703800201 0.849956333637238 0.838207304477692 0.89197713136673 0.879824340343475 0.838541805744171 0.80293881893158 0.833145320415497 0.819912672042847 0.812584936618805 0.785107254981995 0.767455518245697 0.776212155818939 0.735900044441223 0.69969516992569 0.673443019390106 0.648626506328583 0.621000170707703 0.607894420623779 0.632171928882599
0.983888864517212 0.997018396854401 0.9992436170578 0.99356997013092 0.989783823490143 0.843106627464294 0.793576836585999 0.917886555194855 0.91672557592392 0.881883144378662 0.878604352474213 0.895711302757263 0.900043725967407 0.934365689754486 0.935447454452515 0.925926566123962 0.954700469970703 0.924184381961823 0.835684657096863 0.945823609828949 0.95714795589447 0.872370004653931 0.862021505832672 0.840366661548615 0.906881153583527 0.869610607624054 0.814186334609985 0.835972785949707 0.836259126663208 0.81119829416275 0.799084961414337 0.797630429267883 0.83876371383667 0.83638072013855 0.832042932510376 0.795524656772614 0.787575781345367 0.735989153385162 0.724644243717194 0.705941677093506 0.662535309791565 0.636634707450867 0.602807700634003 0.670789539813995
0.999873459339142 0.999808847904205 0.997229635715485 0.999259352684021 0.988257169723511 0.842947661876678 0.808665752410889 0.901889145374298 0.842677474021912 0.911307811737061 0.92609167098999 0.867131948471069 0.900215089321136 0.930022656917572 0.93189400434494 0.933200299739838 0.930609047412872 0.931195795536041 0.767531096935272 0.880141913890839 0.940448820590973 0.926090359687805 0.880459070205688 0.823424160480499 0.876463711261749 0.910464882850647 0.833955466747284 0.843838214874268 0.835600674152374 0.834487915039062 0.808094441890717 0.836530923843384 0.863080024719238 0.84169989824295 0.832806706428528 0.810666143894196 0.777631402015686 0.749506592750549 0.743941307067871 0.733135342597961 0.709819614887238 0.649862170219421 0.610935688018799 0.692131638526917
0.999416410923004 0.999891042709351 0.997453093528748 0.99806946516037 0.986856460571289 0.804659128189087 0.809016585350037 0.874219715595245 0.876255810260773 0.941128730773926 0.895555436611176 0.923780143260956 0.940891206264496 0.915593326091766 0.934583187103271 0.916410386562347 0.921766459941864 0.95947790145874 0.875628530979156 0.852141678333282 0.923279762268066 0.887869417667389 0.831791460514069 0.808117806911469 0.76887047290802 0.854753971099854 0.87409907579422 0.871483206748962 0.862802863121033 0.831689774990082 0.811386108398438 0.847917795181274 0.856604695320129 0.845163702964783 0.841637015342712 0.810399532318115 0.783903479576111 0.773526728153229 0.76521372795105 0.766519904136658 0.721050143241882 0.653640806674957 0.625909149646759 0.690359771251678
0.947013854980469 0.999885201454163 0.999598622322083 0.994745016098022 0.753000915050507 0.773717939853668 0.798731207847595 0.888090431690216 0.858139276504517 0.865788578987122 0.839150369167328 0.947041153907776 0.905519068241119 0.903168261051178 0.92475438117981 0.933872520923615 0.9482661485672 0.969643831253052 0.939160764217377 0.940794467926025 0.919440686702728 0.798797369003296 0.828853368759155 0.767867922782898 0.7814080119133 0.878087282180786 0.849125921726227 0.86205929517746 0.817957758903503 0.818280696868896 0.820905983448029 0.835907816886902 0.828417718410492 0.839351415634155 0.820870280265808 0.794912040233612 0.779627799987793 0.799294352531433 0.773722767829895 0.771713018417358 0.718128323554993 0.626720607280731 0.684657990932465 0.677919507026672
0.607753753662109 0.999785900115967 0.999172985553741 0.991721212863922 0.91297310590744 0.788281321525574 0.793669164180756 0.889178276062012 0.895320236682892 0.893209218978882 0.891091048717499 0.885049402713776 0.908438324928284 0.910973787307739 0.932791769504547 0.936921894550323 0.932394087314606 0.958704888820648 0.957638204097748 0.933605134487152 0.935447454452515 0.820309519767761 0.853305816650391 0.783879935741425 0.618388533592224 0.842073142528534 0.861207187175751 0.858055710792542 0.829793930053711 0.77920126914978 0.79946494102478 0.8237224817276 0.804359555244446 0.85289055109024 0.830554008483887 0.79618102312088 0.77553004026413 0.788644313812256 0.792245388031006 0.730623483657837 0.665868997573853 0.661946952342987 0.700997829437256 0.695570766925812
