data/climate_estimation/maxent_output/Lilium_canadense.asc
NCOLS 325 
NROWS 180 
XLLCORNER -88.4166666666667 
YLLCORNER 33.5833333333333 
CELLSIZE 0.0833333333333333 
NODATA_value -3.4e+38 
[rows 22 to 43 of 180, columns 50 to 99 of 325]
0.463901460170746 0.494970172643661 0.498939871788025 0.528523087501526 0.543396949768066 0.599043965339661 0.609704971313477 0.619173526763916 0.625855922698975 0.607744574546814 0.63818633556366 0.630593478679657 0.625187337398529 0.648698627948761 0.608210444450378 0.631685316562653 0.59544563293457 0.627311587333679 0.595220863819122 0.568481802940369 0.56821620464325 0.567993640899658 0.544658780097961 0.526035368442535 0.554538190364838 0.500391781330109 0.496961802244186 0.455612421035767 0.469513058662415 0.414412528276443 0.419654220342636 0.419446140527725 0.422566890716553 0.42642542719841 0.432231873273849 0.431285411119461 0.440450310707092 0.445952653884888 0.410938322544098 0.419656097888947 0.419016629457474 0.417020201683044 0.408037960529327 0.482825666666031 0.501239240169525 0.491532772779465 0.486162692308426 0.538081586360931 0.53455126285553 0.576250493526459
0.491907626390457 0.50635814666748 0.549132227897644 0.579334557056427 0.598449945449829 0.610557198524475 0.622680068016052 0.627314925193787 0.638257265090942 0.648840963840485 0.650061011314392 0.642607569694519 0.655341327190399 0.649422526359558 0.65116024017334 0.625111758708954 0.638445973396301 0.603147804737091 0.599691331386566 0.588202178478241 0.588362216949463 0.569013059139252 0.553806483745575 0.530983984470367 0.515601277351379 0.501132428646088 0.470310240983963 0.480862110853195 0.470475554466248 0.442493408918381 0.44722044467926 0.445351511240005 0.422946035861969 0.428765416145325 0.437833338975906 0.427860409021378 0.422843933105469 0.401763468980789 0.419072031974792 0.418200373649597 0.490790784358978 0.490326136350632 0.462959378957748 0.506600558757782 0.501520097255707 0.549622595310211 0.572806239128113 0.609669625759125 0.609921097755432 0.609673142433167
0.437319487333298 0.513933181762695 0.554235279560089 0.585201501846313 0.589757919311523 0.601474046707153 0.588728964328766 0.598635733127594 0.63700544834137 0.643638789653778 0.649525880813599 0.6530721783638 0.661777138710022 0.614099144935608 0.637393116950989 0.644614815711975 0.637175023555756 0.60504937171936 0.593525171279907 0.577837407588959 0.57761549949646 0.587316691875458 0.569990038871765 0.575286448001862 0.574884593486786 0.5169757604599 0.498684197664261 0.48797932267189 0.443978816270828 0.44132599234581 0.451835185289383 0.446279466152191 0.450702995061874 0.456852048635483 0.368366539478302 0.419545739889145 0.42316472530365 0.427017837762833 0.462334752082825 0.471676230430603 0.471221059560776 0.470952183008194 0.512711644172668 0.584581613540649 0.584626436233521 0.627084732055664 0.621626257896423 0.616215169429779 0.635993421077728 0.636016011238098
0.25602513551712 0.278585195541382 0.34293469786644 0.422492653131485 0.430815398693085 0.468275398015976 0.4734987616539 0.487988233566284 0.564290821552277 0.575549185276031 0.586492300033569 0.592931032180786 0.57538640499115 0.601366341114044 0.594087064266205 0.624778807163239 0.612609446048737 0.604720532894135 0.597458302974701 0.597458302974701 0.601001024246216 0.589940071105957 0.585782051086426 0.591108679771423 0.587602496147156 0.545739769935608 0.482694178819656 0.444558918476105 0.449712812900543 0.444383800029755 0.44899994134903 0.414770364761353 0.418985098600388 0.423108816146851 0.460087954998016 0.469076126813889 0.473563879728317 0.501315176486969 0.495130956172943 0.532484591007233 0.531960904598236 0.519082844257355 0.591388702392578 0.633623838424683 0.633669018745422 0.628054141998291 0.666495382785797 0.666405439376831 0.660451471805573 0.644034028053284
0.148973941802979 0.183702364563942 0.22664649784565 0.272735446691513 0.277135163545609 0.331564515829086 0.339720129966736 0.423975378274918 0.434335619211197 0.479763001203537 0.489801079034805 0.498959273099899 0.532471001148224 0.486648440361023 0.474184930324554 0.510094046592712 0.546599507331848 0.605461955070496 0.609691083431244 0.60369348526001 0.588693797588348 0.595935642719269 0.572593510150909 0.572932541370392 0.55608195066452 0.552270174026489 0.509192168712616 0.512191832065582 0.442509233951569 0.442509233951569 0.408572316169739 0.380951821804047 0.37288436293602 0.414042741060257 0.412794053554535 0.48766565322876 0.448457956314087 0.520299792289734 0.562559068202972 0.566907584667206 0.572042942047119 0.6191046833992 0.629159092903137 0.63470333814621 0.667123198509216 0.673130810260773 0.673130810260773 0.667460381984711 0.667437016963959 0.667257189750671
0.0948680564761162 0.108326770365238 0.136059820652008 0.167303368449211 0.201218277215958 0.204640120267868 0.238250032067299 0.288806021213531 0.328088313341141 0.349993109703064 0.389551788568497 0.379398852586746 0.402008175849915 0.394112557172775 0.420234024524689 0.450422078371048 0.493602722883224 0.539674758911133 0.586411476135254 0.586755156517029 0.583235740661621 0.537874698638916 0.534103810787201 0.562819242477417 0.510552167892456 0.510552167892456 0.509005546569824 0.457957923412323 0.457957923412323 0.398964613676071 0.40879687666893 0.403787791728973 0.404081702232361 0.447730720043182 0.479054778814316 0.509085357189178 0.512860178947449 0.554691791534424 0.616995394229889 0.610894083976746 0.615820705890656 0.654001414775848 0.658968389034271 0.674407362937927 0.674001276493073 0.658718287944794 0.673819541931152 0.66817706823349 0.668446719646454 0.66817706823349
0.068328358232975 0.0787482485175133 0.0976061001420021 0.138178020715714 0.137792825698853 0.148251160979271 0.176503509283066 0.178885474801064 0.22028873860836 0.248086959123611 0.295442879199982 0.285433888435364 0.300588071346283 0.332170695066452 0.316433936357498 0.357613563537598 0.394929975271225 0.444662868976593 0.454438835382462 0.499713212251663 0.500441431999207 0.497059762477875 0.518015444278717 0.517868459224701 0.456195116043091 0.46191930770874 0.441207826137543 0.44117471575737 0.441207826137543 0.441516488790512 0.441516488790512 0.462552487850189 0.446949869394302 0.452107310295105 0.481965124607086 0.486928582191467 0.534778237342834 0.598590791225433 0.641518175601959 0.651039242744446 0.63266521692276 0.655780494213104 0.655397295951843 0.662469506263733 0.6704460978508 0.677668273448944 0.67026561498642 0.677175343036652 0.682620108127594 0.684423863887787
0.0561397969722748 0.0561979524791241 0.0594536475837231 0.072467714548111 0.0842918306589127 0.100272014737129 0.124976389110088 0.155283391475677 0.165573492646217 0.164716646075249 0.199863404035568 0.217233180999756 0.251446008682251 0.238748267292976 0.27091246843338 0.297772854566574 0.311865091323853 0.354791760444641 0.359118640422821 0.392882138490677 0.401398062705994 0.396310955286026 0.397902339696884 0.436990290880203 0.436952501535416 0.435781389474869 0.430326849222183 0.46259930729866 0.428368240594864 0.410482972860336 0.416255563497543 0.417531698942184 0.466056257486343 0.529931724071503 0.589430928230286 0.577238440513611 0.588399708271027 0.613991022109985 0.619684100151062 0.624682188034058 0.629745841026306 0.634244501590729 0.664222955703735 0.663727998733521 0.679236173629761 0.678900301456451 0.678675472736359 0.68618768453598 0.685986697673798 0.685584723949432
0.0501683875918388 0.0496726334095001 0.0496251732110977 0.0482185557484627 0.0489448979496956 0.070368267595768 0.0827746242284775 0.101250104606152 0.115393079817295 0.132023811340332 0.160855278372765 0.175817221403122 0.171384692192078 0.199816197156906 0.23340331017971 0.22723200917244 0.254893392324448 0.273729413747787 0.306305348873138 0.308446675539017 0.343413203954697 0.339925050735474 0.37422651052475 0.371075212955475 0.407682597637177 0.386234760284424 0.386362493038177 0.380484968423843 0.38070210814476 0.418448805809021 0.410449594259262 0.413111180067062 0.470192134380341 0.55777245759964 0.545682847499847 0.571323096752167 0.582241833209991 0.582241833209991 0.613279163837433 0.61861127614975 0.62999552488327 0.635326862335205 0.64291387796402 0.665300965309143 0.664694547653198 0.678069889545441 0.685543239116669 0.687079787254333 0.686722636222839 0.686410129070282
0.0400835983455181 0.0397445522248745 0.0403628200292587 0.0405711494386196 0.040591012686491 0.0579324178397655 0.0715145841240883 0.0815782248973846 0.0937041789293289 0.114577829837799 0.13526177406311 0.151074543595314 0.14787720143795 0.162164494395256 0.195270359516144 0.216840714216232 0.22848716378212 0.230199038982391 0.258677750825882 0.261670708656311 0.29132080078125 0.332131892442703 0.357879906892776 0.363575249910355 0.345899224281311 0.375206500291824 0.418958693742752 0.458382219076157 0.372297465801239 0.375808775424957 0.392219632863998 0.431694954633713 0.438336491584778 0.484277904033661 0.491737365722656 0.519528746604919 0.552827596664429 0.568095207214355 0.567252159118652 0.605733811855316 0.598147809505463 0.61141312122345 0.642574369907379 0.665659964084625 0.658074617385864 0.681403934955597 0.681248128414154 0.68815004825592 0.688038527965546 0.678209900856018
0.0336760990321636 0.0364566147327423 0.0316434912383556 0.0311586782336235 0.0390059053897858 0.0438831970095634 0.0506134890019894 0.0623183511197567 0.0768231898546219 0.086423248052597 0.102716602385044 0.114915229380131 0.112513557076454 0.135477855801582 0.160704433917999 0.192627251148224 0.21428881585598 0.215706586837769 0.207335874438286 0.209287509322166 0.244692325592041 0.32773095369339 0.356155931949615 0.388677477836609 0.363501518964767 0.413813918828964 0.43232735991478 0.422202229499817 0.409514486789703 0.396397709846497 0.433825194835663 0.433384895324707 0.439041703939438 0.465634226799011 0.472552537918091 0.505265951156616 0.521899163722992 0.523251175880432 0.556704103946686 0.573583781719208 0.597432255744934 0.603099286556244 0.63424026966095 0.65167498588562 0.665299296379089 0.673853814601898 0.673853814601898 0.681200861930847 0.679777443408966 0.679777443408966
0.0327873229980469 0.0328767970204353 0.0303247533738613 0.0320426411926746 0.0344716534018517 0.0337833948433399 0.0415402613580227 0.0476030521094799 0.0575725808739662 0.065334863960743 0.0792169943451881 0.0775132328271866 0.0940790325403214 0.105327136814594 0.127211377024651 0.152508452534676 0.150583475828171 0.170146986842155 0.171687617897987 0.203447386622429 0.227255642414093 0.257253706455231 0.332116514444351 0.308007478713989 0.338000148534775 0.359810620546341 0.393333435058594 0.416583150625229 0.394317477941513 0.398590356111526 0.422505855560303 0.434345692396164 0.422899425029755 0.429594218730927 0.459735780954361 0.475153625011444 0.482648223638535 0.510065078735352 0.525400519371033 0.551671981811523 0.562244296073914 0.595819771289825 0.601870954036713 0.628191828727722 0.656990647315979 0.67313414812088 0.684338510036469 0.688545405864716 0.696221709251404 0.690972149372101
0.0277214869856834 0.0320408530533314 0.029361167922616 0.0288706291466951 0.0286199431866407 0.0322885848581791 0.0368010848760605 0.0360372923314571 0.044097401201725 0.0497710034251213 0.0602427124977112 0.0730113983154297 0.0707990229129791 0.0860157459974289 0.103811331093311 0.116870269179344 0.142661198973656 0.139865890145302 0.157832160592079 0.191824823617935 0.211698442697525 0.228867590427399 0.265610933303833 0.279741406440735 0.300456166267395 0.369651824235916 0.356074780225754 0.375913083553314 0.388216882944107 0.373540937900543 0.381755083799362 0.380393832921982 0.388358652591705 0.395454823970795 0.41873037815094 0.439675122499466 0.463148951530457 0.472414523363113 0.505638957023621 0.519975781440735 0.553158760070801 0.588935315608978 0.596458792686462 0.62392646074295 0.673681795597076 0.669277667999268 0.677373707294464 0.685087978839874 0.693133890628815 0.696966946125031
0.029184103012085 0.0272063110023737 0.0286895781755447 0.0276863034814596 0.0253821350634098 0.0303810983896255 0.0300054922699928 0.0311425775289536 0.0337034538388252 0.0401974990963936 0.0489813610911369 0.0548886060714722 0.0667006224393845 0.0808941498398781 0.0795950219035149 0.0967311039566994 0.108867414295673 0.131394177675247 0.159947171807289 0.175578966736794 0.192834600806236 0.21403956413269 0.240912303328514 0.253896176815033 0.277392417192459 0.293179005384445 0.322390049695969 0.342057317495346 0.321039974689484 0.348532915115356 0.340394288301468 0.344858378171921 0.346989303827286 0.378469198942184 0.392130434513092 0.420214861631393 0.428173899650574 0.458396583795547 0.496763110160828 0.506339967250824 0.540008842945099 0.574168086051941 0.61483097076416 0.645249724388123 0.667577862739563 0.68398255109787 0.697569012641907 0.671329736709595 0.67586886882782 0.679696798324585
0.0351240076124668 0.0266050342470407 0.0278802067041397 0.0269448924809694 0.0237664878368378 0.0232926830649376 0.0261116772890091 0.0259624551981688 0.0311002116650343 0.0353019833564758 0.0347651727497578 0.0423092171549797 0.0506388545036316 0.0616254471242428 0.0742038041353226 0.0890787914395332 0.100707024335861 0.121796809136868 0.146168038249016 0.162373214960098 0.186230376362801 0.204786047339439 0.22360073029995 0.236110523343086 0.256170868873596 0.262586057186127 0.282303124666214 0.29776269197464 0.304035007953644 0.293879926204681 0.304071485996246 0.304825097322464 0.311850905418396 0.341951996088028 0.353551626205444 0.382479161024094 0.415992468595505 0.425392478704453 0.460733711719513 0.477386057376862 0.557182669639587 0.597151696681976 0.631212294101715 0.651466131210327 0.6667240858078 0.660561800003052 0.610350251197815 0.61210310459137 0.593701720237732 0.597293555736542
0.0355746299028397 0.0319474786520004 0.0284612700343132 0.0252381134778261 0.0225956551730633 0.0202443841844797 0.0228945519775152 0.0225870944559574 0.0219390224665403 0.0269742514938116 0.0327535718679428 0.0343101806938648 0.0415838994085789 0.0470014922320843 0.0560651421546936 0.0727957859635353 0.100622527301311 0.11357020586729 0.126932069659233 0.157352343201637 0.172244340181351 0.189414367079735 0.2068140655756 0.215339705348015 0.234933346509933 0.267227083444595 0.283405929803848 0.285169810056686 0.256837874650955 0.271409541368484 0.24646669626236 0.270706832408905 0.277158617973328 0.306584388017654 0.338984072208405 0.376394987106323 0.382480502128601 0.418338984251022 0.471449464559555 0.536359786987305 0.574942111968994 0.613731980323792 0.636024713516235 0.621536672115326 0.622192442417145 0.597060263156891 0.61259788274765 0.593441545963287 0.574105322360992 0.581735372543335
0.0352179519832134 0.0300112143158913 0.0270509999245405 0.0252959597855806 0.02094392105937 0.0205541010946035 0.0186881143599749 0.0182354114949703 0.0207880008965731 0.0191049668937922 0.0247628968209028 0.0279331784695387 0.0392215512692928 0.0436284504830837 0.0530097633600235 0.0687352865934372 0.0757996737957001 0.106520511209965 0.123219259083271 0.145508706569672 0.160528466105461 0.175605222582817 0.182830840349197 0.227304250001907 0.246121495962143 0.249544322490692 0.263269484043121 0.263297498226166 0.230109438300133 0.216928154230118 0.218579217791557 0.212942019104958 0.231116607785225 0.262158274650574 0.301748126745224 0.329511195421219 0.398922264575958 0.451257526874542 0.476147651672363 0.53753662109375 0.569748878479004 0.593624889850616 0.610191702842712 0.602391839027405 0.578875303268433 0.595803737640381 0.588287115097046 0.568827688694 0.577572107315063 0.561903476715088
0.0306359883397818 0.0259227324277163 0.0233705341815948 0.0227610450237989 0.021810645237565 0.0209885574877262 0.0201966166496277 0.0199088342487812 0.0169823374599218 0.0189613867551088 0.0188370086252689 0.0226151440292597 0.0275550540536642 0.0409555286169052 0.049176063388586 0.0633237883448601 0.0716811269521713 0.0972451269626617 0.116455622017384 0.135271936655045 0.148731216788292 0.185078591108322 0.196543708443642 0.210433766245842 0.22999395430088 0.245542675256729 0.247970521450043 0.225813835859299 0.215886577963829 0.193421557545662 0.176521956920624 0.185180813074112 0.207000508904457 0.248839020729065 0.285805553197861 0.345082521438599 0.393065512180328 0.449500918388367 0.496090024709702 0.546541333198547 0.569139719009399 0.560720026493073 0.582829236984253 0.60033243894577 0.577140629291534 0.570193111896515 0.577649533748627 0.562342166900635 0.544714629650116 0.561409473419189
0.0231092311441898 0.0211997870355844 0.0192790757864714 0.0185275319963694 0.0178351383656263 0.0195703338831663 0.0193320047110319 0.0187479201704264 0.0181134641170502 0.0165428649634123 0.018750848248601 0.0213043447583914 0.0254620332270861 0.0332289822399616 0.0464319437742233 0.058938167989254 0.0716571658849716 0.0960628166794777 0.114353977143764 0.125739216804504 0.157294288277626 0.171835482120514 0.178873807191849 0.196391925215721 0.23662756383419 0.253546684980392 0.232425078749657 0.223307967185974 0.200249508023262 0.175484985113144 0.16825558245182 0.176877245306969 0.206333294510841 0.244510889053345 0.297687560319901 0.370913922786713 0.431360512971878 0.473259806632996 0.525504767894745 0.553249478340149 0.564977169036865 0.560803711414337 0.577269494533539 0.558654427528381 0.580721735954285 0.562084138393402 0.545302987098694 0.5574911236763 0.544189989566803 0.549946784973145
0.0215249322354794 0.0182771906256676 0.0195708498358727 0.018875677138567 0.0171170309185982 0.0164007060229778 0.0159049369394779 0.0155360959470272 0.0137614868581295 0.0155464708805084 0.0151161812245846 0.0170561242848635 0.0240085683763027 0.0314888805150986 0.0428658127784729 0.0556608140468597 0.0676211267709732 0.0954894721508026 0.106566347181797 0.135278150439262 0.157914131879807 0.171023309230804 0.204293102025986 0.216364175081253 0.234771683812141 0.251073837280273 0.231245070695877 0.208741560578346 0.1990986764431 0.189945578575134 0.17412468791008 0.202100947499275 0.225580379366875 0.265374332666397 0.329847276210785 0.373654305934906 0.433250397443771 0.492048472166061 0.529126644134521 0.544592559337616 0.536004066467285 0.55965518951416 0.576699256896973 0.592795193195343 0.547104239463806 0.553919732570648 0.573835968971252 0.57837986946106 0.561449825763702 0.56774640083313
0.0187351629137993 0.0186522323638201 0.0184914004057646 0.0157773699611425 0.017394607886672 0.015563640743494 0.014918640255928 0.0144916530698538 0.0132088046520948 0.0129134906455874 0.0144368698820472 0.0173115432262421 0.0222335588186979 0.0291342325508595 0.0432319790124893 0.0516942851245403 0.0764118358492851 0.0897390097379684 0.10733126103878 0.133904606103897 0.147286608815193 0.177824214100838 0.203232109546661 0.2219218313694 0.267234772443771 0.250917315483093 0.228755503892899 0.215138345956802 0.19734026491642 0.206896007061005 0.190125569701195 0.210728779435158 0.256745159626007 0.289149731397629 0.338828027248383 0.412423312664032 0.452347189188004 0.502489626407623 0.527211427688599 0.52241575717926 0.535178184509277 0.552848517894745 0.57200413942337 0.590810477733612 0.607514560222626 0.592843115329742 0.562582194805145 0.569500684738159 0.578933238983154 0.582452118396759
0.0166493523865938 0.0165300220251083 0.0151570811867714 0.0146331898868084 0.0145866787061095 0.0158195123076439 0.015199257992208 0.0147117236629128 0.0132508268579841 0.0128807127475739 0.0146624324843287 0.0202611722052097 0.0243054106831551 0.0337372049689293 0.0401319526135921 0.0598623976111412 0.0723039358854294 0.0891105234622955 0.115673124790192 0.13487720489502 0.165818452835083 0.178669422864914 0.191736027598381 0.23015233874321 0.250423729419708 0.256368160247803 0.248008355498314 0.229069754481316 0.215884119272232 0.215315654873848 0.241502568125725 0.236194595694542 0.271577805280685 0.316626250743866 0.353379130363464 0.43191722035408 0.480714619159698 0.509923875331879 0.527184963226318 0.545613944530487 0.537245273590088 0.585868299007416 0.568208873271942 0.582538068294525 0.604688048362732 0.612303376197815 0.631061851978302 0.636755228042603 0.604586541652679 0.577707827091217
