data/climate_estimation/maxent_output/Lilium_duchartrei.asc
NCOLS 190 
NROWS 105 
XLLCORNER 94 
YLLCORNER 26.5833333333333 
CELLSIZE 0.0833333333333333 
NODATA_value -3.4e+38 
[rows 60 to 79 of 105, columns 88 to 131 of 190]
0.613690912723541 0.717312633991241 0.779049515724182 0.713468790054321 0.381423950195312 0.692811727523804 0.712452292442322 0.312079817056656 0.877575874328613 0.957099676132202 0.950348734855652 0.954394459724426 0.778547406196594 0.787209630012512 0.929803073406219 0.972370445728302 0.989511907100677 0.863978743553162 0.85973709821701 0.836034834384918 0.762134671211243 0.674529433250427 0.462496489286423 0.404596090316772 0.430026471614838 0.417219698429108 0.451725512742996 0.425870716571808 0.479450821876526 0.503429591655731 0.548392295837402 0.56137079000473 0.589038789272308 0.623710453510284 0.675958216190338 0.604238152503967 0.605206489562988 0.599653482437134 0.596409201622009 0.590951025485992 0.549783766269684 0.551760673522949 0.502234637737274 0.510934770107269
0.708015203475952 0.756355583667755 0.785893380641937 0.808809876441956 0.648270130157471 0.483089685440063 0.809035658836365 0.42308583855629 0.470113098621368 0.8677898645401 0.910710573196411 0.72364467382431 0.597396910190582 0.946165263652802 0.970978796482086 0.986065804958344 0.987772405147552 0.860394418239594 0.770575106143951 0.54459410905838 0.793211579322815 0.603962182998657 0.457329273223877 0.441766053438187 0.425659209489822 0.410829424858093 0.444047778844833 0.47863358259201 0.440107554197311 0.448897123336792 0.495056986808777 0.518064618110657 0.566726088523865 0.620678842067719 0.566941499710083 0.607490479946136 0.589291214942932 0.604616463184357 0.556704580783844 0.548501968383789 0.535224854946136 0.501359462738037 0.497877150774002 0.449473023414612
0.621300756931305 0.867256641387939 0.846479117870331 0.831898629665375 0.767279088497162 0.458792597055435 0.71494734287262 0.895442247390747 0.849728226661682 0.943924963474274 0.943203568458557 0.560627162456512 0.953463196754456 0.954592227935791 0.982631981372833 0.980572164058685 0.921452879905701 0.639933466911316 0.47328644990921 0.746013581752777 0.589506208896637 0.474407374858856 0.467042565345764 0.46968874335289 0.449111014604568 0.4606813788414 0.434435784816742 0.410984814167023 0.423839181661606 0.452770441770554 0.452589094638824 0.538819372653961 0.553074777126312 0.552837491035461 0.562402188777924 0.536500155925751 0.538711249828339 0.550139486789703 0.548290371894836 0.537487804889679 0.475805014371872 0.500273585319519 0.460293412208557 0.457028746604919
0.598155677318573 0.884070754051208 0.863162100315094 0.855488419532776 0.609679639339447 0.545974552631378 0.647628128528595 0.953106999397278 0.740568995475769 0.945346117019653 0.946798801422119 0.929148972034454 0.93940943479538 0.977155566215515 0.965621948242188 0.886184334754944 0.755909383296967 0.495879083871841 0.469231903553009 0.76442813873291 0.447937041521072 0.349991858005524 0.416974604129791 0.485824406147003 0.432727783918381 0.387669026851654 0.386704564094543 0.368029534816742 0.390336453914642 0.412076562643051 0.46906441450119 0.474649995565414 0.49554318189621 0.547196984291077 0.493952453136444 0.483517497777939 0.470572710037231 0.494709551334381 0.48408916592598 0.479974508285522 0.4780333340168 0.441624909639359 0.438818991184235 0.382742196321487
0.816982924938202 0.81229442358017 0.871856510639191 0.886040151119232 0.574542939662933 0.535294830799103 0.72959041595459 0.899509847164154 0.183295115828514 0.9228395819664 0.923328220844269 0.960275769233704 0.972052216529846 0.976211428642273 0.960000157356262 0.973212420940399 0.912334442138672 0.684287548065186 0.672789394855499 0.480462282896042 0.519721210002899 0.3465636074543 0.42884886264801 0.353403925895691 0.320221096277237 0.36171954870224 0.363494217395782 0.392363369464874 0.389133602380753 0.379778623580933 0.404983699321747 0.426797389984131 0.51701819896698 0.487485975027084 0.447578459978104 0.495409786701202 0.482443600893021 0.481325775384903 0.421799153089523 0.416973948478699 0.42275208234787 0.444036066532135 0.369378328323364 0.370725244283676
0.859216272830963 0.739404737949371 0.847151637077332 0.876091480255127 0.601894438266754 0.361280828714371 0.351080387830734 0.457000374794006 0.701540589332581 0.963380336761475 0.952518343925476 0.961319267749786 0.964321732521057 0.974896371364594 0.973708689212799 0.955068469047546 0.868781864643097 0.796409785747528 0.624796748161316 0.722563683986664 0.548384010791779 0.592478692531586 0.335743635892868 0.31623786687851 0.318480938673019 0.318773955106735 0.349209129810333 0.342096596956253 0.352724641561508 0.38304927945137 0.385894328355789 0.437696844339371 0.46311229467392 0.473686158657074 0.450869679450989 0.455185920000076 0.464491635560989 0.463374465703964 0.447841584682465 0.421889036893845 0.361772507429123 0.352885991334915 0.352762788534164 0.309847444295883
0.592603385448456 0.792016446590424 0.902268469333649 0.824964165687561 0.475364834070206 0.24200913310051 0.115170150995255 0.271232783794403 0.945085227489471 0.938276529312134 0.961106300354004 0.974844753742218 0.978052794933319 0.97446221113205 0.935815036296844 0.898627102375031 0.809524059295654 0.648871421813965 0.6866415143013 0.855394124984741 0.730135202407837 0.584240972995758 0.381064713001251 0.47346493601799 0.35753145813942 0.356684058904648 0.320560991764069 0.33816060423851 0.352984607219696 0.338734894990921 0.400213569402695 0.417683511972427 0.43209844827652 0.423231422901154 0.416224092245102 0.414358973503113 0.442332088947296 0.464460998773575 0.448954284191132 0.415475338697433 0.378612250089645 0.300732612609863 0.299146503210068 0.296574831008911
0.671288907527924 0.921006977558136 0.772833943367004 0.740486800670624 0.468765765428543 0.265914291143417 0.124410726130009 0.908263266086578 0.966561555862427 0.974851191043854 0.932296216487885 0.975127279758453 0.975680649280548 0.981610774993896 0.942636013031006 0.966531038284302 0.93117082118988 0.770661413669586 0.789665460586548 0.935830891132355 0.740540027618408 0.748899102210999 0.480041116476059 0.593585312366486 0.48047935962677 0.42093488574028 0.308858633041382 0.305880218744278 0.353725552558899 0.357746690511703 0.412075787782669 0.391028374433517 0.37535148859024 0.377795964479446 0.432677388191223 0.419349312782288 0.432763159275055 0.461110502481461 0.452593147754669 0.425098478794098 0.426235884428024 0.356100618839264 0.298356741666794 0.285346508026123
0.936974942684174 0.722981035709381 0.797708868980408 0.467231959104538 0.604914724826813 0.298589110374451 0.0322215631604195 0.0493578314781189 0.963110625743866 0.925575256347656 0.950388252735138 0.974496066570282 0.976215898990631 0.930776476860046 0.974830508232117 0.981326937675476 0.979782581329346 0.888865232467651 0.940899312496185 0.946608662605286 0.833779215812683 0.830395698547363 0.631279110908508 0.704668045043945 0.64120215177536 0.381114214658737 0.276648432016373 0.294550389051437 0.335345983505249 0.338437438011169 0.378899604082108 0.365048766136169 0.360144704580307 0.367212116718292 0.379668563604355 0.422295302152634 0.477283775806427 0.491188496351242 0.427957236766815 0.428502857685089 0.375946640968323 0.324698448181152 0.297434359788895 0.267153203487396
0.895824491977692 0.531149387359619 0.63459837436676 0.47977551817894 0.593879878520966 0.714307844638824 0.07555191218853 0.416423290967941 0.890303432941437 0.969408631324768 0.952686607837677 0.976178109645844 0.9804767370224 0.952902734279633 0.870706617832184 0.915847659111023 0.973463177680969 0.972186326980591 0.961533069610596 0.962704360485077 0.953408360481262 0.910040020942688 0.932569921016693 0.919133901596069 0.771281778812408 0.333052158355713 0.305184930562973 0.292751163244247 0.307041317224503 0.319711208343506 0.327908277511597 0.356935322284698 0.356514275074005 0.377780377864838 0.396654546260834 0.414838552474976 0.459035336971283 0.408033132553101 0.367577791213989 0.301075309514999 0.260472893714905 0.261378794908524 0.241740420460701 0.224596589803696
0.46773898601532 0.86077618598938 0.732620120048523 0.736232817173004 0.451459378004074 0.430864870548248 0.88082230091095 0.548339009284973 0.890832602977753 0.985242068767548 0.832751154899597 0.98230504989624 0.979633450508118 0.983806729316711 0.947681844234467 0.740983545780182 0.979134440422058 0.943862020969391 0.924670159816742 0.962705492973328 0.94707065820694 0.951471388339996 0.942615687847137 0.918667495250702 0.664821863174438 0.588854551315308 0.387809842824936 0.305172741413116 0.3003209233284 0.307380557060242 0.307841449975967 0.321265548467636 0.348870366811752 0.330380082130432 0.368078976869583 0.401839464902878 0.323804467916489 0.314058184623718 0.290105134248734 0.265430182218552 0.253484100103378 0.25569349527359 0.243591800332069 0.227562248706818
0.482244431972504 0.570758044719696 0.597152829170227 0.469926625490189 0.225474298000336 0.312133848667145 0.877493679523468 0.968813121318817 0.987586677074432 0.981689512729645 0.878462195396423 0.957478046417236 0.978497564792633 0.964460849761963 0.938796937465668 0.692873895168304 0.874749541282654 0.963477611541748 0.957497358322144 0.960017085075378 0.952774465084076 0.950303554534912 0.909640312194824 0.677834808826447 0.744773745536804 0.745305180549622 0.480615943670273 0.376191854476929 0.342803746461868 0.314585000276566 0.32903864979744 0.336713820695877 0.356552600860596 0.326203018426895 0.314448744058609 0.31061315536499 0.291748255491257 0.291062891483307 0.281668037176132 0.259930908679962 0.254968523979187 0.219787567853928 0.209088951349258 0.21584977209568
0.370069980621338 0.583297550678253 0.582657158374786 0.361766904592514 0.238407522439957 0.580302774906158 0.24163818359375 0.321034222841263 0.888983130455017 0.96885222196579 0.947152018547058 0.7834832072258 0.938118040561676 0.736401557922363 0.778230309486389 0.703040301799774 0.775291800498962 0.833392977714539 0.906772971153259 0.94844388961792 0.94411027431488 0.777547359466553 0.846086442470551 0.602670192718506 0.590054929256439 0.615174770355225 0.532701432704926 0.43085241317749 0.426933497190475 0.352666407823563 0.318558841943741 0.329962253570557 0.318393468856812 0.320049107074738 0.298222810029984 0.297240972518921 0.292449235916138 0.27700474858284 0.251134991645813 0.251148104667664 0.243473529815674 0.231677174568176 0.190672531723976 0.195992857217789
0.441163778305054 0.796705186367035 0.75059974193573 0.372856050729752 0.333205163478851 0.40347546339035 0.743775606155396 0.966053366661072 0.985701978206635 0.987634599208832 0.937455356121063 0.840068280696869 0.763365864753723 0.956576645374298 0.949970602989197 0.965163230895996 0.955571413040161 0.905630469322205 0.820982158184052 0.950371026992798 0.854841947555542 0.805001318454742 0.708859086036682 0.829969346523285 0.84781402349472 0.843782484531403 0.646735966205597 0.541632652282715 0.451538354158401 0.416779100894928 0.344174385070801 0.309567153453827 0.291781693696976 0.316788971424103 0.304823160171509 0.279181599617004 0.27943354845047 0.252478629350662 0.253376394510269 0.264721035957336 0.244646459817886 0.227006733417511 0.207556650042534 0.175776481628418
0.912446856498718 0.787171304225922 0.843209862709045 0.401300668716431 0.524690270423889 0.552299499511719 0.400590389966965 0.86705482006073 0.986856043338776 0.98587965965271 0.981669545173645 0.955403804779053 0.907420635223389 0.963812470436096 0.980177342891693 0.965720236301422 0.96572208404541 0.963490962982178 0.93345320224762 0.960162162780762 0.923245131969452 0.848369777202606 0.879528403282166 0.93390566110611 0.919954359531403 0.879712760448456 0.731661915779114 0.516625285148621 0.423421382904053 0.493534833192825 0.325951457023621 0.295347064733505 0.29627001285553 0.329343020915985 0.30973482131958 0.284474164247513 0.247118338942528 0.24276539683342 0.252229183912277 0.234797775745392 0.230948030948639 0.199074894189835 0.192350253462791 0.157393842935562
0.802406370639801 0.965884804725647 0.923075199127197 0.549890637397766 0.38511922955513 0.717790186405182 0.537154376506805 0.945989668369293 0.983665704727173 0.6758793592453 0.785434365272522 0.976186752319336 0.974586725234985 0.980806112289429 0.976751089096069 0.922810852527618 0.84493225812912 0.869402170181274 0.963534116744995 0.906159996986389 0.958675384521484 0.901885986328125 0.9067542552948 0.917295694351196 0.91667377948761 0.893415808677673 0.800604343414307 0.687374174594879 0.412431418895721 0.543626189231873 0.366471439599991 0.330245494842529 0.321981310844421 0.322574377059937 0.278957694768906 0.279358178377151 0.248459130525589 0.249998494982719 0.243668898940086 0.221081957221031 0.231826081871986 0.200970783829689 0.196475803852081 0.176467657089233
0.649133265018463 0.797637701034546 0.986873209476471 0.523169338703156 0.535396039485931 0.872501611709595 0.734459340572357 0.969324827194214 0.894703805446625 0.922110199928284 0.972589015960693 0.96182107925415 0.969344556331635 0.904592275619507 0.967504978179932 0.952685356140137 0.78074187040329 0.813450276851654 0.936107933521271 0.820465445518494 0.947072684764862 0.941621065139771 0.948705554008484 0.90425568819046 0.917201220989227 0.75439316034317 0.592917323112488 0.610723197460175 0.505365490913391 0.695718467235565 0.456508904695511 0.438786149024963 0.413319766521454 0.430294930934906 0.303455919027328 0.274769753217697 0.254454642534256 0.255631357431412 0.217916890978813 0.228482306003571 0.214778438210487 0.207268133759499 0.182760179042816 0.167378172278404
0.929165422916412 0.649428904056549 0.98402613401413 0.964783549308777 0.68013870716095 0.891072392463684 0.756042659282684 0.876930713653564 0.831941366195679 0.952314794063568 0.978333830833435 0.9806107878685 0.958429992198944 0.759422719478607 0.96406877040863 0.898414194583893 0.843935608863831 0.828913509845734 0.95598304271698 0.886609077453613 0.955719470977783 0.916950643062592 0.944589078426361 0.927653789520264 0.873681247234344 0.763384222984314 0.650138854980469 0.747009694576263 0.779745221138 0.753758370876312 0.624110639095306 0.484865337610245 0.458465605974197 0.621261835098267 0.488689869642258 0.290832191705704 0.258575797080994 0.265491217374802 0.228488683700562 0.198902368545532 0.207383885979652 0.173270687460899 0.185772076249123 0.148136481642723
0.722209692001343 0.687269151210785 0.548788607120514 0.977474272251129 0.976201951503754 0.980804681777954 0.820587277412415 0.876024544239044 0.984232187271118 0.985150098800659 0.984920680522919 0.972156345844269 0.926828324794769 0.956141412258148 0.949554920196533 0.941595733165741 0.967732191085815 0.957312166690826 0.945005178451538 0.92246687412262 0.938231825828552 0.899039924144745 0.934607028961182 0.922238230705261 0.853982150554657 0.850345015525818 0.662289142608643 0.728734970092773 0.755064368247986 0.689892768859863 0.724780976772308 0.630293071269989 0.518801927566528 0.635953783988953 0.68830269575119 0.405305057764053 0.271175146102905 0.238728180527687 0.211289927363396 0.195216432213783 0.198290303349495 0.173708096146584 0.173438802361488 0.16087232530117
0.657487750053406 0.914038181304932 0.938400745391846 0.989509224891663 0.98838996887207 0.977600514888763 0.987743675708771 0.989187479019165 0.89820522069931 0.978154599666595 0.908709645271301 0.974404573440552 0.763217151165009 0.970815002918243 0.865213394165039 0.953422784805298 0.939963817596436 0.965649902820587 0.952287793159485 0.877999901771545 0.938925385475159 0.938354671001434 0.915575861930847 0.910506427288055 0.919671952724457 0.783030390739441 0.692114472389221 0.762178897857666 0.718417286872864 0.706523239612579 0.565947353839874 0.743052363395691 0.695541501045227 0.611159682273865 0.529615938663483 0.548276841640472 0.396746128797531 0.306352168321609 0.240351855754852 0.255780130624771 0.213214918971062 0.194412052631378 0.197657003998756 0.155962407588959
