data/climate_estimation/maxent_output/Lilium_callosum.asc
NCOLS 305 
NROWS 298 
XLLCORNER 110.416666666667 
YLLCORNER 24.25 
CELLSIZE 0.0833333333333333 
NODATA_value -3.4e+38 
[rows 132 to 153 of 298, columns 200 to 249 of 305]
0.863225400447845 0.876039505004883 0.912075400352478 0.923432886600494 0.951269149780273 0.96112072467804 0.955694139003754 0.964019238948822 0.97563773393631 0.984756708145142 0.991270363330841 0.995197713375092 0.997631072998047 0.999039709568024 0.999671161174774 0.999885439872742 0.999923408031464 0.999982178211212 0.999782621860504 0.999301135540009 -3.4e+38 -3.4e+38 -3.4e+38 -3.4e+38 -3.4e+38 -3.4e+38 -3.4e+38 -3.4e+38 -3.4e+38 -3.4e+38 -3.4e+38 -3.4e+38 -3.4e+38 -3.4e+38 -3.4e+38 -3.4e+38 -3.4e+38 -3.4e+38 -3.4e+38 -3.4e+38 -3.4e+38 -3.4e+38 -3.4e+38 -3.4e+38 -3.4e+38 -3.4e+38 -3.4e+38 -3.4e+38 -3.4e+38 -3.4e+38
0.887084782123566 0.902430415153503 0.919278264045715 0.939260721206665 0.945540308952332 0.965577244758606 0.965970575809479 0.968213379383087 0.978640079498291 0.984150648117065 0.990126967430115 0.996363162994385 0.998100876808167 0.999309480190277 0.999747395515442 0.999925434589386 0.999940633773804 0.999991357326508 0.999973356723785 0.999788463115692 0.998516738414764 -3.4e+38 -3.4e+38 -3.4e+38 -3.4e+38 -3.4e+38 -3.4e+38 -3.4e+38 -3.4e+38 -3.4e+38 -3.4e+38 -3.4e+38 -3.4e+38 -3.4e+38 -3.4e+38 -3.4e+38 -3.4e+38 -3.4e+38 -3.4e+38 -3.4e+38 -3.4e+38 -3.4e+38 -3.4e+38 -3.4e+38 -3.4e+38 -3.4e+38 -3.4e+38 -3.4e+38 -3.4e+38 -3.4e+38
0.891886591911316 0.913073539733887 0.935918390750885 0.946150243282318 0.953464031219482 0.958886802196503 0.971057236194611 0.971868991851807 0.98305755853653 0.988784849643707 0.99337762594223 0.995166003704071 0.998579919338226 0.999446153640747 0.999801695346832 0.999737143516541 0.999916851520538 0.99994683265686 0.999991297721863 0.999942302703857 0.998591482639313 0.997134149074554 -3.4e+38 -3.4e+38 -3.4e+38 -3.4e+38 -3.4e+38 -3.4e+38 -3.4e+38 -3.4e+38 -3.4e+38 -3.4e+38 -3.4e+38 -3.4e+38 -3.4e+38 -3.4e+38 -3.4e+38 -3.4e+38 -3.4e+38 -3.4e+38 -3.4e+38 -3.4e+38 -3.4e+38 -3.4e+38 -3.4e+38 -3.4e+38 -3.4e+38 -3.4e+38 -3.4e+38 -3.4e+38
0.917526066303253 0.932267725467682 0.938689470291138 0.951426386833191 0.959824502468109 0.970211267471313 0.968678176403046 0.97491180896759 0.984946131706238 0.990464746952057 0.995183646678925 0.996171712875366 0.997981131076813 0.999503135681152 0.999629855155945 0.999832689762115 0.999930441379547 0.999917507171631 0.999982357025146 0.999975621700287 0.99961131811142 0.997475028038025 0.9902223944664 -3.4e+38 -3.4e+38 -3.4e+38 -3.4e+38 -3.4e+38 -3.4e+38 -3.4e+38 -3.4e+38 -3.4e+38 -3.4e+38 -3.4e+38 -3.4e+38 -3.4e+38 -3.4e+38 -3.4e+38 -3.4e+38 -3.4e+38 -3.4e+38 -3.4e+38 -3.4e+38 -3.4e+38 -3.4e+38 -3.4e+38 -3.4e+38 -3.4e+38 -3.4e+38 -3.4e+38
0.936520934104919 0.946692287921906 0.952247142791748 0.962111353874207 0.961489200592041 0.971512019634247 0.977103888988495 0.982457876205444 0.990395307540894 0.992709398269653 0.995797038078308 0.996526956558228 0.998906195163727 0.999594807624817 0.999789714813232 0.999823689460754 0.999840259552002 0.999951183795929 0.999986290931702 0.999984443187714 0.999826788902283 0.998565316200256 0.996652722358704 0.9948770403862 -3.4e+38 -3.4e+38 -3.4e+38 -3.4e+38 -3.4e+38 -3.4e+38 -3.4e+38 -3.4e+38 -3.4e+38 -3.4e+38 -3.4e+38 -3.4e+38 -3.4e+38 -3.4e+38 -3.4e+38 -3.4e+38 -3.4e+38 -3.4e+38 -3.4e+38 -3.4e+38 -3.4e+38 -3.4e+38 -3.4e+38 -3.4e+38 -3.4e+38 -3.4e+38
0.956206560134888 0.964649498462677 0.966717660427094 0.971226155757904 0.970818340778351 0.976463258266449 0.982487440109253 0.986362993717194 0.99012953042984 0.991966724395752 0.995642721652985 0.997144639492035 0.999116241931915 0.999470829963684 0.999541223049164 0.999870240688324 0.999950110912323 0.999982833862305 0.999971389770508 0.999982178211212 0.999955594539642 0.999885439872742 0.998980283737183 0.995139718055725 0.983361005783081 -3.4e+38 -3.4e+38 -3.4e+38 -3.4e+38 -3.4e+38 -3.4e+38 -3.4e+38 -3.4e+38 -3.4e+38 -3.4e+38 -3.4e+38 -3.4e+38 -3.4e+38 -3.4e+38 -3.4e+38 -3.4e+38 -3.4e+38 -3.4e+38 -3.4e+38 -3.4e+38 -3.4e+38 -3.4e+38 -3.4e+38 -3.4e+38 -3.4e+38
0.970147430896759 0.979133605957031 0.979198157787323 0.979243993759155 0.98316890001297 0.985999345779419 0.988945305347443 0.988694489002228 0.993101239204407 0.995238542556763 0.996508300304413 0.997484803199768 0.998798727989197 0.999676465988159 0.999648094177246 0.999889254570007 0.999950528144836 0.99995744228363 0.999968707561493 0.999988496303558 0.999963760375977 0.999904453754425 0.999562859535217 0.996536016464233 0.991067409515381 -3.4e+38 -3.4e+38 -3.4e+38 -3.4e+38 -3.4e+38 -3.4e+38 -3.4e+38 -3.4e+38 -3.4e+38 -3.4e+38 -3.4e+38 -3.4e+38 -3.4e+38 -3.4e+38 -3.4e+38 -3.4e+38 -3.4e+38 -3.4e+38 -3.4e+38 0.0740406289696693 0.0960641279816628 -3.4e+38 -3.4e+38 -3.4e+38 -3.4e+38
0.986438512802124 0.983731329441071 0.987635791301727 0.988900423049927 0.991835594177246 0.991623997688293 0.991514921188354 0.994056105613708 0.993762075901031 0.994020760059357 0.997046887874603 0.997703492641449 0.998877286911011 0.999663889408112 0.99969494342804 0.999901413917542 0.999955594539642 0.999943673610687 0.999990105628967 0.999976754188538 0.999944806098938 0.999902963638306 0.999788701534271 0.998149216175079 0.988703191280365 0.981756806373596 -3.4e+38 -3.4e+38 -3.4e+38 -3.4e+38 -3.4e+38 -3.4e+38 -3.4e+38 -3.4e+38 -3.4e+38 -3.4e+38 -3.4e+38 -3.4e+38 -3.4e+38 -3.4e+38 -3.4e+38 -3.4e+38 -3.4e+38 -3.4e+38 0.0750360712409019 0.078127309679985 -3.4e+38 -3.4e+38 -3.4e+38 -3.4e+38
0.990709125995636 0.990837633609772 0.991385459899902 0.993215262889862 0.993828296661377 0.993838012218475 0.995550096035004 0.994587242603302 0.995983958244324 0.99629533290863 0.997928977012634 0.99878978729248 0.999172627925873 0.999666392803192 0.99983274936676 0.999935925006866 0.999950468540192 0.999970257282257 0.999988734722137 0.999966502189636 0.999934315681458 0.999876081943512 0.999806106090546 0.998592734336853 0.99375456571579 0.98691999912262 0.970809280872345 -3.4e+38 -3.4e+38 -3.4e+38 -3.4e+38 -3.4e+38 -3.4e+38 -3.4e+38 -3.4e+38 -3.4e+38 -3.4e+38 -3.4e+38 -3.4e+38 -3.4e+38 -3.4e+38 -3.4e+38 -3.4e+38 -3.4e+38 -3.4e+38 -3.4e+38 -3.4e+38 -3.4e+38 -3.4e+38 -3.4e+38
0.992765486240387 0.995131194591522 0.994097411632538 0.995963573455811 0.997799098491669 0.998057901859283 0.99725216627121 0.997240602970123 0.997277736663818 0.997214615345001 0.998129606246948 0.998635530471802 0.999386429786682 0.999529778957367 0.999792516231537 0.99993234872818 0.999926567077637 0.9999840259552 0.999989807605743 0.999973297119141 0.999953508377075 0.999865412712097 0.999662160873413 0.998147010803223 0.998008608818054 0.993674218654633 0.964351773262024 -3.4e+38 -3.4e+38 -3.4e+38 -3.4e+38 -3.4e+38 -3.4e+38 -3.4e+38 -3.4e+38 -3.4e+38 -3.4e+38 -3.4e+38 -3.4e+38 -3.4e+38 -3.4e+38 -3.4e+38 -3.4e+38 -3.4e+38 -3.4e+38 -3.4e+38 -3.4e+38 -3.4e+38 -3.4e+38 -3.4e+38
0.995010077953339 0.995888948440552 0.997080683708191 0.998070597648621 0.998740375041962 0.997929453849792 0.997992038726807 0.998049378395081 0.99823009967804 0.997964560985565 0.998353242874146 0.998872697353363 0.999235093593597 0.999449789524078 0.999672532081604 0.999831855297089 0.999933123588562 0.999980270862579 0.999983429908752 0.999958753585815 0.999922156333923 0.999788165092468 0.999698579311371 0.998778939247131 0.998412013053894 0.997002005577087 0.972687900066376 0.909670889377594 -3.4e+38 -3.4e+38 -3.4e+38 -3.4e+38 -3.4e+38 -3.4e+38 -3.4e+38 -3.4e+38 -3.4e+38 -3.4e+38 -3.4e+38 -3.4e+38 -3.4e+38 -3.4e+38 -3.4e+38 -3.4e+38 -3.4e+38 -3.4e+38 -3.4e+38 -3.4e+38 -3.4e+38 -3.4e+38
0.996673047542572 0.998080611228943 0.998031675815582 0.998047232627869 0.998209238052368 0.998235940933228 0.998002350330353 0.998174250125885 0.998526334762573 0.998597979545593 0.998490393161774 0.998910069465637 0.999193489551544 0.999449491500854 0.9997518658638 0.999796509742737 0.999902129173279 0.99995356798172 0.999978065490723 0.999961972236633 0.999928891658783 0.999770104885101 0.999567151069641 0.999036133289337 0.997318506240845 0.991425693035126 0.929096043109894 0.853638410568237 -3.4e+38 -3.4e+38 -3.4e+38 -3.4e+38 -3.4e+38 -3.4e+38 -3.4e+38 -3.4e+38 -3.4e+38 -3.4e+38 -3.4e+38 -3.4e+38 -3.4e+38 -3.4e+38 -3.4e+38 -3.4e+38 -3.4e+38 -3.4e+38 -3.4e+38 -3.4e+38 -3.4e+38 -3.4e+38
0.998424530029297 0.998725593090057 0.998754799365997 0.998640298843384 0.998695135116577 0.999234735965729 0.998716473579407 0.998516082763672 0.998503983020782 0.999198853969574 0.998844385147095 0.999129951000214 0.999360918998718 0.999511361122131 0.999579668045044 0.999718129634857 0.99989265203476 0.999944388866425 0.999974250793457 0.999943017959595 0.999907553195953 0.999775111675262 0.999526500701904 0.998777389526367 0.998517751693726 0.996020019054413 0.944210231304169 0.800437271595001 0.740726292133331 -3.4e+38 -3.4e+38 -3.4e+38 -3.4e+38 -3.4e+38 -3.4e+38 -3.4e+38 -3.4e+38 -3.4e+38 -3.4e+38 -3.4e+38 -3.4e+38 -3.4e+38 -3.4e+38 -3.4e+38 -3.4e+38 -3.4e+38 -3.4e+38 -3.4e+38 -3.4e+38 -3.4e+38
0.999602913856506 0.999109327793121 0.999201595783234 0.998753845691681 0.99921989440918 0.999223411083221 0.998762607574463 0.998459458351135 0.999334871768951 0.999062359333038 0.998943984508514 0.999237239360809 0.999085247516632 0.999399721622467 0.99945479631424 0.999642968177795 0.999876081943512 0.999909520149231 0.999943435192108 0.999944448471069 0.99981951713562 0.999684810638428 0.999009907245636 0.998349905014038 0.997210025787354 0.992278397083282 0.948209226131439 0.773199677467346 -3.4e+38 -3.4e+38 -3.4e+38 -3.4e+38 -3.4e+38 -3.4e+38 -3.4e+38 -3.4e+38 -3.4e+38 -3.4e+38 -3.4e+38 -3.4e+38 -3.4e+38 -3.4e+38 -3.4e+38 -3.4e+38 -3.4e+38 -3.4e+38 -3.4e+38 -3.4e+38 -3.4e+38 -3.4e+38
0.999743402004242 0.999600410461426 0.999257206916809 0.999357640743256 0.999475598335266 0.999149799346924 0.998547732830048 0.998323738574982 0.999210298061371 0.99900621175766 0.999168217182159 0.999069333076477 0.999275982379913 0.999564290046692 0.99954754114151 0.999560952186584 0.999780893325806 0.999719977378845 0.999873399734497 0.999775052070618 0.999125778675079 0.998461484909058 0.997319638729095 0.99745899438858 0.997123062610626 0.99450671672821 0.956690192222595 0.838056087493896 0.713282942771912 -3.4e+38 -3.4e+38 -3.4e+38 -3.4e+38 -3.4e+38 -3.4e+38 -3.4e+38 -3.4e+38 -3.4e+38 -3.4e+38 -3.4e+38 -3.4e+38 -3.4e+38 -3.4e+38 -3.4e+38 -3.4e+38 -3.4e+38 -3.4e+38 -3.4e+38 -3.4e+38 -3.4e+38
0.999803006649017 0.999666392803192 0.99971067905426 0.999590039253235 0.999559104442596 0.999389052391052 0.99937516450882 0.998758971691132 0.99898225069046 0.999137401580811 0.99900496006012 0.998994946479797 0.999059677124023 0.999395489692688 0.999608159065247 0.999767959117889 0.999755263328552 0.999656736850739 0.999726712703705 0.999710917472839 0.999283790588379 0.998202085494995 0.997698962688446 0.996797323226929 0.994807541370392 0.984738051891327 0.964351773262024 0.836851537227631 0.743090689182281 -3.4e+38 -3.4e+38 -3.4e+38 -3.4e+38 -3.4e+38 -3.4e+38 -3.4e+38 -3.4e+38 -3.4e+38 -3.4e+38 -3.4e+38 -3.4e+38 -3.4e+38 -3.4e+38 -3.4e+38 -3.4e+38 -3.4e+38 -3.4e+38 -3.4e+38 -3.4e+38 -3.4e+38
0.999886155128479 0.999888837337494 0.999805152416229 0.999843597412109 0.999811112880707 0.999183535575867 0.999064683914185 0.998638212680817 0.998938858509064 0.999062240123749 0.998926818370819 0.999188184738159 0.99908721446991 0.999150693416595 0.999311566352844 0.999517261981964 0.999388337135315 0.999418437480927 0.999799311161041 0.999641954898834 0.997875154018402 0.993972778320312 0.992296457290649 0.987345516681671 0.974580585956573 0.980593979358673 0.973771095275879 0.840241551399231 0.749949097633362 -3.4e+38 -3.4e+38 -3.4e+38 -3.4e+38 -3.4e+38 -3.4e+38 -3.4e+38 -3.4e+38 -3.4e+38 -3.4e+38 -3.4e+38 -3.4e+38 -3.4e+38 -3.4e+38 -3.4e+38 -3.4e+38 -3.4e+38 -3.4e+38 -3.4e+38 -3.4e+38 -3.4e+38
0.999854326248169 0.999854683876038 0.999891877174377 0.999848365783691 0.999826610088348 0.998757898807526 0.998835623264313 0.999167442321777 0.999193966388702 0.99895578622818 0.999241471290588 0.998581528663635 0.998796224594116 0.998812258243561 0.9987633228302 0.999284029006958 0.999417960643768 0.999427258968353 0.999694347381592 0.998963356018066 0.997524797916412 0.991304814815521 0.986259162425995 0.974245131015778 0.965041041374207 0.96504008769989 0.912780165672302 0.867303490638733 0.783533930778503 -3.4e+38 -3.4e+38 -3.4e+38 -3.4e+38 -3.4e+38 -3.4e+38 -3.4e+38 -3.4e+38 -3.4e+38 -3.4e+38 -3.4e+38 -3.4e+38 -3.4e+38 -3.4e+38 -3.4e+38 -3.4e+38 -3.4e+38 -3.4e+38 -3.4e+38 -3.4e+38 -3.4e+38
0.999895930290222 0.999920308589935 0.999846279621124 0.999802887439728 0.999526917934418 0.999376654624939 0.999233543872833 0.998994767665863 0.998943209648132 0.999321103096008 0.998993456363678 0.998929798603058 0.998796761035919 0.998824119567871 0.9991135597229 0.999016344547272 0.998733460903168 0.999096751213074 0.998898923397064 0.998423874378204 0.996697425842285 0.990798532962799 0.985218107700348 0.966295301914215 0.955309927463531 0.963199973106384 0.915557324886322 0.820597946643829 0.785649240016937 -3.4e+38 -3.4e+38 -3.4e+38 -3.4e+38 -3.4e+38 -3.4e+38 -3.4e+38 -3.4e+38 -3.4e+38 -3.4e+38 -3.4e+38 -3.4e+38 -3.4e+38 -3.4e+38 -3.4e+38 -3.4e+38 -3.4e+38 -3.4e+38 -3.4e+38 -3.4e+38 -3.4e+38
0.999878466129303 0.999890148639679 0.999905049800873 0.999864220619202 0.999726712703705 0.999563694000244 0.999415636062622 0.999455034732819 0.999180555343628 0.999076068401337 0.999287068843842 0.99920666217804 0.998991906642914 0.999238014221191 0.999031484127045 0.99850994348526 0.999315857887268 0.99961793422699 0.998723685741425 0.998836696147919 0.998358547687531 0.99413800239563 0.986920475959778 0.96556556224823 0.969024419784546 0.950029492378235 0.880920886993408 0.81709897518158 0.764619290828705 -3.4e+38 -3.4e+38 -3.4e+38 -3.4e+38 -3.4e+38 -3.4e+38 -3.4e+38 -3.4e+38 -3.4e+38 -3.4e+38 -3.4e+38 -3.4e+38 -3.4e+38 -3.4e+38 -3.4e+38 -3.4e+38 -3.4e+38 -3.4e+38 -3.4e+38 -3.4e+38 -3.4e+38
0.999877989292145 0.999905169010162 0.999902248382568 0.999793469905853 0.999801337718964 0.999595880508423 0.999720573425293 0.999559223651886 0.9994837641716 0.999561369419098 0.999400019645691 0.99915474653244 0.999354958534241 0.999183237552643 0.998172879219055 0.997662127017975 0.997227907180786 0.998176574707031 0.998232364654541 0.998651683330536 0.998374283313751 0.997464656829834 0.992709457874298 0.980774998664856 0.955797255039215 0.953772008419037 0.85728394985199 0.79325795173645 0.724340915679932 -3.4e+38 -3.4e+38 -3.4e+38 -3.4e+38 -3.4e+38 -3.4e+38 -3.4e+38 -3.4e+38 -3.4e+38 -3.4e+38 -3.4e+38 -3.4e+38 -3.4e+38 -3.4e+38 -3.4e+38 -3.4e+38 -3.4e+38 -3.4e+38 -3.4e+38 -3.4e+38 -3.4e+38
0.999961793422699 0.99994170665741 0.999940633773804 0.999862134456635 0.999873042106628 0.999833583831787 0.999761044979095 0.99974513053894 0.999602198600769 0.99974399805069 0.999626040458679 0.999497294425964 0.999532103538513 0.999140322208405 0.999120533466339 0.998982012271881 0.997641801834106 0.996401309967041 0.996846795082092 0.997541487216949 0.998113214969635 0.997613191604614 0.992163002490997 0.980142414569855 0.966235339641571 0.948482692241669 0.90901654958725 0.742993593215942 -3.4e+38 -3.4e+38 -3.4e+38 -3.4e+38 -3.4e+38 -3.4e+38 -3.4e+38 -3.4e+38 -3.4e+38 -3.4e+38 -3.4e+38 -3.4e+38 -3.4e+38 -3.4e+38 -3.4e+38 -3.4e+38 -3.4e+38 -3.4e+38 -3.4e+38 -3.4e+38 -3.4e+38 -3.4e+38
