data/climate_estimation/maxent_output/Lilium_bulbiferum.asc
NCOLS 176 
NROWS 175 
XLLCORNER 2.16666666666667 
YLLCORNER 40.5 
CELLSIZE 0.0833333333333333 
NODATA_value -3.4e+38 
[rows 0 to 19 of 175, columns 132 to 175 of 176]
-3.4e+38 -3.4e+38 -3.4e+38 -3.4e+38 -3.4e+38 -3.4e+38 -3.4e+38 -3.4e+38 -3.4e+38 -3.4e+38 -3.4e+38 -3.4e+38 -3.4e+38 -3.4e+38 -3.4e+38 -3.4e+38 -3.4e+38 -3.4e+38 0.235721573233604 0.23830047249794 0.247289150953293 0.248200237751007 0.248589932918549 0.247497513890266 -3.4e+38 -3.4e+38 -3.4e+38 -3.4e+38 -3.4e+38 -3.4e+38 -3.4e+38 -3.4e+38 -3.4e+38 -3.4e+38 -3.4e+38 -3.4e+38 -3.4e+38 -3.4e+38 -3.4e+38 -3.4e+38 -3.4e+38 -3.4e+38 -3.4e+38 -3.4e+38
-3.4e+38 -3.4e+38 -3.4e+38 -3.4e+38 -3.4e+38 -3.4e+38 -3.4e+38 -3.4e+38 -3.4e+38 -3.4e+38 -3.4e+38 -3.4e+38 -3.4e+38 -3.4e+38 -3.4e+38 -3.4e+38 -3.4e+38 -3.4e+38 -3.4e+38 -3.4e+38 -3.4e+38 -3.4e+38 -3.4e+38 -3.4e+38 -3.4e+38 -3.4e+38 -3.4e+38 -3.4e+38 -3.4e+38 -3.4e+38 -3.4e+38 -3.4e+38 -3.4e+38 -3.4e+38 -3.4e+38 -3.4e+38 -3.4e+38 -3.4e+38 -3.4e+38 -3.4e+38 -3.4e+38 -3.4e+38 -3.4e+38 -3.4e+38
-3.4e+38 -3.4e+38 -3.4e+38 -3.4e+38 -3.4e+38 -3.4e+38 -3.4e+38 -3.4e+38 -3.4e+38 -3.4e+38 -3.4e+38 -3.4e+38 -3.4e+38 -3.4e+38 -3.4e+38 -3.4e+38 -3.4e+38 -3.4e+38 -3.4e+38 -3.4e+38 -3.4e+38 -3.4e+38 -3.4e+38 -3.4e+38 -3.4e+38 -3.4e+38 -3.4e+38 -3.4e+38 -3.4e+38 -3.4e+38 -3.4e+38 -3.4e+38 -3.4e+38 -3.4e+38 -3.4e+38 -3.4e+38 -3.4e+38 -3.4e+38 -3.4e+38 -3.4e+38 -3.4e+38 -3.4e+38 -3.4e+38 -3.4e+38
-3.4e+38 -3.4e+38 -3.4e+38 -3.4e+38 -3.4e+38 -3.4e+38 -3.4e+38 -3.4e+38 -3.4e+38 -3.4e+38 -3.4e+38 -3.4e+38 -3.4e+38 -3.4e+38 -3.4e+38 -3.4e+38 -3.4e+38 -3.4e+38 -3.4e+38 -3.4e+38 -3.4e+38 -3.4e+38 -3.4e+38 -3.4e+38 -3.4e+38 -3.4e+38 -3.4e+38 -3.4e+38 -3.4e+38 -3.4e+38 -3.4e+38 -3.4e+38 -3.4e+38 -3.4e+38 -3.4e+38 -3.4e+38 -3.4e+38 -3.4e+38 -3.4e+38 -3.4e+38 -3.4e+38 -3.4e+38 -3.4e+38 -3.4e+38
-3.4e+38 0.218531504273415 0.218174234032631 0.216633170843124 -3.4e+38 -3.4e+38 -3.4e+38 -3.4e+38 -3.4e+38 -3.4e+38 -3.4e+38 -3.4e+38 -3.4e+38 -3.4e+38 -3.4e+38 -3.4e+38 -3.4e+38 -3.4e+38 -3.4e+38 -3.4e+38 -3.4e+38 -3.4e+38 -3.4e+38 -3.4e+38 -3.4e+38 -3.4e+38 -3.4e+38 -3.4e+38 -3.4e+38 -3.4e+38 -3.4e+38 -3.4e+38 -3.4e+38 -3.4e+38 -3.4e+38 -3.4e+38 -3.4e+38 -3.4e+38 -3.4e+38 -3.4e+38 -3.4e+38 -3.4e+38 -3.4e+38 -3.4e+38
0.219896137714386 0.217381551861763 0.217520594596863 0.21642193198204 -3.4e+38 -3.4e+38 -3.4e+38 -3.4e+38 -3.4e+38 -3.4e+38 -3.4e+38 -3.4e+38 -3.4e+38 -3.4e+38 -3.4e+38 -3.4e+38 -3.4e+38 -3.4e+38 -3.4e+38 -3.4e+38 -3.4e+38 -3.4e+38 -3.4e+38 -3.4e+38 -3.4e+38 -3.4e+38 -3.4e+38 -3.4e+38 -3.4e+38 -3.4e+38 -3.4e+38 -3.4e+38 -3.4e+38 -3.4e+38 -3.4e+38 -3.4e+38 -3.4e+38 -3.4e+38 -3.4e+38 -3.4e+38 -3.4e+38 -3.4e+38 -3.4e+38 -3.4e+38
0.218028083443642 0.217690482735634 0.218526110053062 0.217000439763069 0.223013669252396 0.241973966360092 0.234073624014854 -3.4e+38 -3.4e+38 -3.4e+38 -3.4e+38 -3.4e+38 -3.4e+38 -3.4e+38 -3.4e+38 -3.4e+38 -3.4e+38 -3.4e+38 -3.4e+38 -3.4e+38 -3.4e+38 -3.4e+38 -3.4e+38 -3.4e+38 -3.4e+38 -3.4e+38 -3.4e+38 -3.4e+38 -3.4e+38 -3.4e+38 -3.4e+38 -3.4e+38 -3.4e+38 -3.4e+38 -3.4e+38 -3.4e+38 -3.4e+38 -3.4e+38 -3.4e+38 0.157380893826485 0.136074438691139 0.108181565999985 0.0870149433612823 0.066737174987793
0.219454929232597 0.21789912879467 0.215682312846184 0.21370854973793 0.213335275650024 0.211275532841682 -3.4e+38 -3.4e+38 -3.4e+38 -3.4e+38 -3.4e+38 -3.4e+38 -3.4e+38 -3.4e+38 -3.4e+38 -3.4e+38 -3.4e+38 -3.4e+38 -3.4e+38 -3.4e+38 -3.4e+38 -3.4e+38 -3.4e+38 -3.4e+38 -3.4e+38 -3.4e+38 -3.4e+38 -3.4e+38 -3.4e+38 -3.4e+38 -3.4e+38 -3.4e+38 -3.4e+38 -3.4e+38 -3.4e+38 -3.4e+38 -3.4e+38 -3.4e+38 0.222403258085251 0.177325412631035 0.144974872469902 0.110206067562103 0.0861198380589485 0.0677095428109169
0.217016473412514 0.217729613184929 0.225635647773743 0.223364666104317 0.212516695261002 0.218600124120712 0.206988111138344 -3.4e+38 -3.4e+38 -3.4e+38 -3.4e+38 -3.4e+38 -3.4e+38 -3.4e+38 -3.4e+38 -3.4e+38 -3.4e+38 -3.4e+38 -3.4e+38 -3.4e+38 -3.4e+38 -3.4e+38 -3.4e+38 -3.4e+38 -3.4e+38 -3.4e+38 -3.4e+38 -3.4e+38 -3.4e+38 -3.4e+38 -3.4e+38 -3.4e+38 -3.4e+38 -3.4e+38 -3.4e+38 -3.4e+38 -3.4e+38 0.289182335138321 0.2536780834198 0.197460666298866 0.14868475496769 0.111302375793457 0.0879718661308289 0.0743063986301422
0.217432841658592 0.217173963785172 0.215059772133827 0.214069485664368 0.210838988423347 0.216012522578239 0.205490663647652 -3.4e+38 -3.4e+38 -3.4e+38 -3.4e+38 -3.4e+38 -3.4e+38 -3.4e+38 -3.4e+38 -3.4e+38 -3.4e+38 -3.4e+38 -3.4e+38 -3.4e+38 -3.4e+38 -3.4e+38 -3.4e+38 -3.4e+38 -3.4e+38 -3.4e+38 -3.4e+38 -3.4e+38 -3.4e+38 -3.4e+38 -3.4e+38 -3.4e+38 -3.4e+38 0.284260660409927 0.384314507246017 0.418130397796631 0.402435332536697 0.333015590906143 0.25250831246376 0.195505693554878 0.148273214697838 0.116076163947582 0.0850066319108009 0.071242019534111
0.217727065086365 0.217764243483543 0.215023338794708 0.213515967130661 -3.4e+38 -3.4e+38 0.201533734798431 0.195481404662132 -3.4e+38 -3.4e+38 -3.4e+38 -3.4e+38 -3.4e+38 -3.4e+38 -3.4e+38 -3.4e+38 -3.4e+38 -3.4e+38 -3.4e+38 -3.4e+38 -3.4e+38 -3.4e+38 -3.4e+38 -3.4e+38 -3.4e+38 -3.4e+38 -3.4e+38 -3.4e+38 0.0525591447949409 0.0619233511388302 0.0983198806643486 0.137336269021034 0.197170540690422 0.268579721450806 0.356891214847565 0.435632914304733 0.438073724508286 0.341655671596527 0.258707612752914 0.194294065237045 0.146860420703888 0.115223921835423 0.0876745581626892 0.0721233785152435
0.217857137322426 0.214338630437851 0.215313881635666 0.212110474705696 0.208470821380615 0.210562139749527 0.201014682650566 0.194935232400894 0.191900089383125 -3.4e+38 -3.4e+38 -3.4e+38 -3.4e+38 -3.4e+38 -3.4e+38 -3.4e+38 -3.4e+38 -3.4e+38 -3.4e+38 -3.4e+38 -3.4e+38 -3.4e+38 0.0953304916620255 0.0909446477890015 0.0842732936143875 0.0727104097604752 0.0660175904631615 0.0600335374474525 0.0573068968951702 0.0665881037712097 0.0927388072013855 0.123140625655651 0.17258620262146 0.239869713783264 0.316159963607788 0.389393866062164 0.374235987663269 0.299595862627029 0.231243416666985 0.18180438876152 0.142170697450638 0.11334639787674 0.0865651294589043 0.0726382806897163
0.225216716527939 0.223016351461411 0.22310446202755 0.219360336661339 0.216024935245514 0.211237922310829 0.205794602632523 0.191397801041603 0.18676432967186 0.163971081376076 0.137790575623512 0.115432024002075 -3.4e+38 -3.4e+38 -3.4e+38 -3.4e+38 -3.4e+38 0.11677485704422 0.113236285746098 0.10672864317894 0.105676561594009 0.10445711761713 0.0983505100011826 0.0866705104708672 0.0789084509015083 0.0722151547670364 0.0659538730978966 0.0623376704752445 0.0605456233024597 0.0687185600399971 0.0930705070495605 0.117482841014862 0.150906264781952 0.194172784686089 0.240664064884186 0.285027116537094 0.290453255176544 0.240192875266075 0.195270329713821 0.148679003119469 0.117876254022121 0.0939679443836212 0.0828592404723167 0.0758799239993095
0.211344450712204 0.212453842163086 0.219807356595993 0.217085361480713 0.212961003184319 0.209288701415062 0.203250244259834 0.197229295969009 0.179818615317345 0.148002162575722 0.12017983943224 0.103623896837234 0.0847703367471695 0.0782826095819473 -3.4e+38 0.111322775483131 0.108789883553982 0.110070995986462 0.109410755336285 0.104055441915989 0.105822250247002 0.0943921804428101 0.0900559723377228 0.110652536153793 0.0717117562890053 0.0670702084898949 0.0637221187353134 0.0630079582333565 0.0661900267004967 0.0727940648794174 0.0913262441754341 0.105206362903118 0.132175460457802 0.160238832235336 0.194320440292358 0.217700496315956 0.218311101198196 0.192763611674309 0.167426735162735 0.137353539466858 0.101526968181133 0.0845967009663582 0.0714912936091423 0.062134575098753
0.212403327226639 0.219724744558334 0.216545850038528 0.213585048913956 0.209761902689934 0.204415172338486 0.201245695352554 0.186863780021667 0.164773479104042 0.144185304641724 0.123466365039349 0.0988456532359123 0.0821498706936836 0.0847233608365059 0.088574655354023 0.100207574665546 0.141228824853897 0.105046972632408 0.149347558617592 0.13645476102829 0.102261677384377 0.0959991589188576 0.121275536715984 0.112731628119946 0.0728684142231941 0.0653496906161308 0.0903146415948868 0.0642684772610664 0.0646182298660278 0.0745102912187576 0.0849415883421898 0.106049180030823 0.132953867316246 0.145766496658325 0.163133054971695 0.160107418894768 0.161262854933739 0.138699352741241 0.127352550625801 0.099964402616024 0.0852173119783401 0.0687363967299461 0.0578443072736263 0.0528149716556072
0.229373142123222 0.216930285096169 0.21597346663475 0.21226005256176 0.208014786243439 0.203506395220757 0.197161316871643 0.183960050344467 0.168973818421364 0.144891813397408 0.164616584777832 -3.4e+38 0.124635450541973 0.0873006954789162 0.0903352871537209 -3.4e+38 0.105592466890812 0.1514563113451 0.145544216036797 0.147169098258018 0.140045806765556 0.131838724017143 0.124544598162174 0.117317393422127 0.10123448073864 0.0634160488843918 0.0893825143575668 0.0599784217774868 0.0975984185934067 0.0813822150230408 0.0885143503546715 0.0954860597848892 0.110943004488945 0.13087759912014 0.141842931509018 0.133037909865379 0.130991414189339 0.122015357017517 0.105080999433994 0.0847890228033066 0.0683133825659752 0.055945411324501 0.0473362915217876 0.0449832007288933
0.228077217936516 0.223285019397736 0.213431090116501 0.219133242964745 0.205662712454796 0.201491922140121 0.196804195642471 0.189139753580093 0.160144701600075 0.137588441371918 0.165587678551674 0.143558382987976 0.139131039381027 0.138343200087547 0.139820083975792 0.151475742459297 0.152278542518616 0.156842216849327 0.157213643193245 0.154368698596954 0.140794813632965 0.126774623990059 0.120430707931519 0.112117864191532 0.104070894420147 0.0960784777998924 0.0917925164103508 0.067756861448288 0.102066546678543 0.0751171484589577 0.0817358121275902 0.0882851630449295 0.104523234069347 0.117949925363064 0.128224298357964 0.12754462659359 0.123745761811733 0.10880072414875 0.0979297161102295 0.0791918188333511 0.064610630273819 0.0475972555577755 0.0407988615334034 0.0401096232235432
0.224801018834114 0.22296504676342 0.229514852166176 0.216800048947334 0.213161021471024 0.209568589925766 0.202530667185783 0.180272579193115 0.222402721643448 0.143273532390594 0.167091205716133 0.164578408002853 0.155447661876678 0.153730362653732 0.164408445358276 0.168587937951088 0.165550008416176 0.171808898448944 0.164195984601974 0.158461838960648 0.14679978787899 0.13642618060112 0.123865708708763 0.118458092212677 0.102671198546886 0.100535184144974 0.0992854833602905 0.0996320694684982 0.0682340413331985 0.0730497017502785 0.0791306346654892 0.0848193690180779 0.0999894887208939 0.105286359786987 0.104575425386429 0.107819378376007 0.0999166443943977 0.0973518192768097 0.0874946787953377 0.0710394829511642 0.0613956935703754 0.0506154447793961 0.0452980734407902 0.0424825809895992
0.23156975209713 0.230609148740768 0.226809710264206 0.224879756569862 0.221689164638519 0.226305201649666 0.221685394644737 0.196476295590401 0.183048337697983 0.201886594295502 0.187322571873665 0.173324182629585 0.171375259757042 0.177965298295021 0.171153515577316 0.185120284557343 0.196892067790031 0.184224098920822 0.16690294444561 0.161573171615601 0.14680714905262 0.137322217226028 0.126836121082306 0.118640914559364 0.107590369880199 0.104502692818642 0.0978484824299812 0.0971700400114059 0.0702025145292282 0.0993102788925171 0.108002662658691 0.0830773338675499 0.0854533240199089 0.091342031955719 0.0930585265159607 0.0954517722129822 0.0898905321955681 0.0860589444637299 0.0759521648287773 0.0673686936497688 0.0575343854725361 0.0521587543189526 0.0489607080817223 0.0448341779410839
0.230541691184044 0.239815130829811 0.236978188157082 0.233740016818047 0.229871809482574 0.227415904402733 0.220732986927032 0.24193748831749 0.212708905339241 0.200728520750999 0.156455278396606 0.185017660260201 0.176828861236572 0.182167574763298 0.188599184155464 0.20503094792366 0.224912151694298 0.206310093402863 0.19738033413887 0.171316295862198 0.14607934653759 0.139460176229477 0.123106874525547 0.113858684897423 0.102381356060505 0.0982135906815529 0.0965577140450478 0.103541553020477 0.104110769927502 0.101579532027245 0.104949988424778 0.0757590532302856 0.0773384571075439 0.082734614610672 0.0895178020000458 0.0872426182031631 0.085380919277668 0.0783695578575134 0.0733028948307037 0.0624580085277557 0.0565131567418575 0.0530445389449596 0.0519892387092113 0.0460523627698421
