data/climate_estimation/maxent_output/Lilium_bakerianum.asc
NCOLS 80 
NROWS 108 
XLLCORNER 98.4166666666667 
YLLCORNER 22.3333333333333 
CELLSIZE 0.0833333333333334 
NODATA_value -3.4e+38 
[rows 0 to 19 of 108, columns 0 to 43 of 80]
0.101686477661133 0.179751664400101 0.18504211306572 0.191488370299339 0.144204005599022 0.135330379009247 0.138292163610458 0.117992229759693 0.133908912539482 0.148957088589668 0.101840779185295 0.111054606735706 0.115412145853043 0.142826423048973 0.151444360613823 0.119805946946144 0.127922803163528 0.137870341539383 0.137119010090828 0.15476331114769 0.173204720020294 0.192195564508438 0.200673371553421 0.188440129160881 0.197755813598633 0.187844097614288 0.20325842499733 0.252377808094025 0.27159196138382 0.265008538961411 0.249283850193024 0.260589212179184 0.266340553760529 0.234981864690781 0.227038472890854 0.242473945021629 0.32243013381958 0.320408433675766 0.347766906023026 0.308807015419006 0.31566509604454 0.335511207580566 0.487903982400894 0.389812350273132
0.125798732042313 0.131174206733704 0.148841142654419 0.110473237931728 0.139320626854897 0.144258975982666 0.0933345407247543 0.108734510838985 0.107836276292801 0.128204271197319 0.111530482769012 0.126441478729248 0.130313605070114 0.155481353402138 0.131707042455673 0.14397357404232 0.132645830512047 0.14098909497261 0.141677349805832 0.146879434585571 0.165524542331696 0.201641157269478 0.229611024260521 0.204906061291695 0.224021434783936 0.200646966695786 0.236973375082016 0.260293304920197 0.283868074417114 0.305945932865143 0.303510755300522 0.274242669343948 0.284924894571304 0.294459819793701 0.250073790550232 0.310483425855637 0.277165025472641 0.303526014089584 0.310332953929901 0.332368612289429 0.345509588718414 0.449935108423233 0.457947373390198 0.475277155637741
0.109609417617321 0.101554602384567 0.124486818909645 0.134290680289268 0.113983765244484 0.131373256444931 0.160913929343224 0.124068684875965 0.150682747364044 0.117856256663799 0.119618497788906 0.144852861762047 0.134331420063972 0.142282247543335 0.165081858634949 0.144814655184746 0.153165966272354 0.142826750874519 0.159646287560463 0.173692852258682 0.192764297127724 0.199444696307182 0.241946548223495 0.241097137331963 0.244895413517952 0.24167300760746 0.244177848100662 0.27931135892868 0.275709301233292 0.29510822892189 0.332994490861893 0.312223166227341 0.271338760852814 0.325241565704346 0.263391882181168 0.356784641742706 0.31502166390419 0.38204488158226 0.353384226560593 0.349072515964508 0.37398973107338 0.415663927793503 0.505864858627319 0.476223081350327
0.1407540589571 0.102458938956261 0.151507690548897 0.141899347305298 0.136838898062706 0.144619926810265 0.126511052250862 0.151424363255501 0.158669590950012 0.160575181245804 0.171185329556465 0.130532845854759 0.144067570567131 0.165927886962891 0.181258127093315 0.182523846626282 0.177137672901154 0.158297166228294 0.155937924981117 0.178127348423004 0.223151594400406 0.235807001590729 0.262889206409454 0.268503069877625 0.270348519086838 0.269928485155106 0.269852608442307 0.294602423906326 0.299363374710083 0.304069548845291 0.326906651258469 0.347756206989288 0.362929254770279 0.361538261175156 0.346461623907089 0.373016238212585 0.3866868019104 0.43791076540947 0.456099361181259 0.372307807207108 0.453784316778183 0.453391641378403 0.429132372140884 0.475021243095398
0.111596778035164 0.113171473145485 0.111914724111557 0.116922087967396 0.135528519749641 0.136506855487823 0.122080475091934 0.142593935132027 0.127418324351311 0.136269301176071 0.155368149280548 0.150456488132477 0.15223203599453 0.187956139445305 0.193088009953499 0.188469067215919 0.198302552103996 0.187101125717163 0.187081962823868 0.224877297878265 0.262667119503021 0.273856937885284 0.27687394618988 0.293817520141602 0.282609969377518 0.299346029758453 0.312530130147934 0.322711229324341 0.336850374937057 0.338035076856613 0.357744932174683 0.355320453643799 0.365240007638931 0.39978614449501 0.340153515338898 0.401568233966827 0.437751859426498 0.375377267599106 0.411379337310791 0.473206877708435 0.460264384746552 0.43691810965538 0.491046279668808 0.516926467418671
0.0982244908809662 0.106750801205635 0.101174473762512 0.103412821888924 0.141230046749115 0.152794077992439 0.113621793687344 0.139517396688461 0.142725080251694 0.129565387964249 0.162043005228043 0.151711389422417 0.157609030604362 0.187390714883804 0.20758630335331 0.204458594322205 0.216832801699638 0.223090916872025 0.206095963716507 0.270608186721802 0.286580413579941 0.299905747175217 0.302588760852814 0.318019598722458 0.31009840965271 0.339049279689789 0.349366456270218 0.3544602394104 0.360753774642944 0.354686349630356 0.386574894189835 0.392274260520935 0.387117832899094 0.364205956459045 0.368709743022919 0.445420324802399 0.404423207044601 0.416920959949493 0.429330110549927 0.442800432443619 0.469833731651306 0.380204528570175 0.463069438934326 0.533689618110657
0.109434448182583 0.103651821613312 0.12001421302557 0.117804430425167 0.105202354490757 0.140784576535225 0.140484973788261 0.138347595930099 0.143925309181213 0.123820185661316 0.137611284852028 0.163543611764908 0.151756450533867 0.175367474555969 0.221024930477142 0.215259492397308 0.230999782681465 0.242522329092026 0.225610360503197 0.298061192035675 0.307392239570618 0.329172074794769 0.290085226297379 0.307832837104797 0.33392870426178 0.339956820011139 0.390710771083832 0.382148861885071 0.407003849744797 0.427305519580841 0.406154632568359 0.376017421483994 0.397584289312363 0.396961241960526 0.400728344917297 0.431824117898941 0.440287381410599 0.472440093755722 0.479165375232697 0.500755488872528 0.519320964813232 0.548171162605286 0.441826313734055 0.550036668777466
0.119973972439766 0.110727123916149 0.0961320921778679 0.116259217262268 0.116457708179951 0.135257393121719 0.138993769884109 0.161767989397049 0.136862635612488 0.149950325489044 0.143439501523972 0.157404989004135 0.160352259874344 0.186705261468887 0.209019735455513 0.230544060468674 0.237379252910614 0.220771729946136 0.24915811419487 0.312759459018707 0.32543671131134 0.348138451576233 0.345594495534897 0.33881688117981 0.355526268482208 0.392967641353607 0.408519327640533 0.437298357486725 0.441811829805374 0.447705566883087 0.471410870552063 0.405590325593948 0.416502773761749 0.464196801185608 0.520748674869537 0.505763173103333 0.479998648166656 0.475621521472931 0.50793844461441 0.491405040025711 0.515321135520935 0.553683757781982 0.567734897136688 0.445560306310654
0.0992831289768219 0.0931879654526711 0.106127388775349 0.10687131434679 0.113014742732048 0.129687130451202 0.147267699241638 0.137357279658318 0.1298568546772 0.136429503560066 0.175440654158592 0.148731634020805 0.135740160942078 0.184226900339127 0.203743308782578 0.215885832905769 0.260412693023682 0.235748827457428 0.307282149791718 0.324180990457535 0.368065357208252 0.268261402845383 0.388751536607742 0.434317320585251 0.402820110321045 0.428147196769714 0.471306353807449 0.472342103719711 0.469872176647186 0.443233788013458 0.430369466543198 0.444105803966522 0.448161482810974 0.467412501573563 0.478681206703186 0.477237552404404 0.486500799655914 0.539443135261536 0.536081790924072 0.548265814781189 0.518450498580933 0.481941819190979 0.572261095046997 0.505835950374603
0.0974002629518509 0.102195210754871 0.118938766419888 0.11689493060112 0.125254645943642 0.128385975956917 0.152581661939621 0.137003168463707 0.146088346838951 0.178944036364555 0.175389185547829 0.161164402961731 0.203353628516197 0.167764499783516 0.18990370631218 0.235524505376816 0.288146376609802 0.267071306705475 0.295281052589417 0.380705028772354 0.306294023990631 0.42224109172821 0.315162122249603 0.431237995624542 0.475558578968048 0.497854441404343 0.52038562297821 0.518856883049011 0.54351395368576 0.52494078874588 0.484898746013641 0.447016417980194 0.549132287502289 0.520498692989349 0.515062987804413 0.509848475456238 0.546249389648438 0.534259378910065 0.567989826202393 0.595091283321381 0.574784994125366 0.544897377490997 0.592119574546814 0.455089926719666
0.116240583360195 0.122238352894783 0.127219408750534 0.120620667934418 0.127009660005569 0.120678901672363 0.0733541399240494 0.169319733977318 0.138208404183388 0.159740969538689 0.146140143275261 0.186062693595886 0.223519921302795 0.242862656712532 0.25422215461731 0.231404393911362 0.300672501325607 0.314866900444031 0.307861834764481 0.418199837207794 0.44605615735054 0.45538741350174 0.35179215669632 0.51985090970993 0.31135156750679 0.332542359828949 0.459846973419189 0.556322932243347 0.570047855377197 0.589799225330353 0.533246874809265 0.489965170621872 0.544242918491364 0.586261987686157 0.534013986587524 0.548061668872833 0.556420624256134 0.554477691650391 0.620913803577423 0.556903958320618 0.601778864860535 0.651347875595093 0.666412949562073 0.635134279727936
0.129733204841614 0.118686273694038 0.127234667539597 0.125929266214371 0.10967943072319 0.131780311465263 0.0682070180773735 0.124269373714924 0.160920381546021 0.149029195308685 0.15566198527813 0.166091397404671 0.213891923427582 0.193412244319916 0.22883328795433 0.269301623106003 0.316097170114517 0.352634698152542 0.33816522359848 0.444529712200165 0.459419876337051 0.458890855312347 0.546858966350555 0.551367521286011 0.583937704563141 0.586463391780853 0.470346003770828 0.563721477985382 0.599422574043274 0.568261563777924 0.57752525806427 0.556316137313843 0.521599769592285 0.606617391109467 0.604602038860321 0.644947588443756 0.619534432888031 0.584872245788574 0.621074855327606 0.560943007469177 0.664095222949982 0.62542051076889 0.647063195705414 0.705902278423309
0.126208707690239 0.135157719254494 0.136345103383064 0.140819683670998 0.117867037653923 0.129393458366394 0.0692259818315506 0.133246853947639 0.178132757544518 0.0733015984296799 0.169978246092796 0.170152142643929 0.244586512446404 0.244642212986946 0.274133861064911 0.309734702110291 0.332029461860657 0.353671699762344 0.417102485895157 0.410208106040955 0.433330416679382 0.484992951154709 0.601257264614105 0.536034822463989 0.626936733722687 0.657926499843597 0.645669162273407 0.536235928535461 0.548711061477661 0.661219000816345 0.512829065322876 0.608750462532043 0.586654722690582 0.607294738292694 0.629871845245361 0.68217408657074 0.681189775466919 0.658953547477722 0.718826591968536 0.609542012214661 0.722917318344116 0.728809893131256 0.588233172893524 0.739564657211304
0.131887167692184 0.141826376318932 0.148252904415131 0.151859223842621 0.141156911849976 0.123478122055531 0.0745485723018646 0.13346666097641 0.189168274402618 0.0763366147875786 0.167880266904831 0.183608636260033 0.237270697951317 0.245022103190422 0.258235812187195 0.326346874237061 0.299888908863068 0.340759813785553 0.441415756940842 0.437366604804993 0.453297138214111 0.528105974197388 0.601413726806641 0.658460140228271 0.645680665969849 0.692349255084991 0.662370562553406 0.570988059043884 0.459770560264587 0.486422091722488 0.519434928894043 0.53969132900238 0.612962663173676 0.702631711959839 0.677931606769562 0.722356557846069 0.709287166595459 0.727456629276276 0.746045291423798 0.739730417728424 0.689059197902679 0.711408615112305 0.670159339904785 0.703458189964294
0.146332383155823 0.150379940867424 0.146957412362099 0.11463225632906 0.148603200912476 0.123353622853756 0.139868140220642 0.156663492321968 0.160676315426826 0.173293903470039 0.22978213429451 0.244777843356133 0.226763442158699 0.230236575007439 0.250051319599152 0.344435513019562 0.403493911027908 0.448497235774994 0.465469866991043 0.528716266155243 0.588461816310883 0.595225989818573 0.693500757217407 0.706433117389679 0.71093213558197 0.754639804363251 0.7725510597229 0.725170373916626 0.676090240478516 0.714762151241302 0.598429203033447 0.555992722511292 0.60257476568222 0.646426796913147 0.759865820407867 0.728484094142914 0.722920000553131 0.699967861175537 0.754278898239136 0.795644462108612 0.693897008895874 0.781298041343689 0.747236251831055 0.762924194335938
0.142849788069725 0.156578332185745 0.120354682207108 0.122615344822407 0.171482264995575 0.169672623276711 0.135365590453148 0.0763509422540665 0.0862089842557907 0.165497854351997 0.17082567512989 0.242989644408226 0.254356622695923 0.266575127840042 0.296322077512741 0.287544399499893 0.354034930467606 0.421983003616333 0.443961411714554 0.544532060623169 0.570649087429047 0.725600063800812 0.701191544532776 0.762101650238037 0.713543593883514 0.76020222902298 0.800326943397522 0.772659122943878 0.762346208095551 0.814780473709106 0.631596684455872 0.587386429309845 0.698407828807831 0.67361456155777 0.789954721927643 0.738265812397003 0.774098932743073 0.737886607646942 0.815187156200409 0.769946277141571 0.754719734191895 0.78908234834671 0.790571749210358 0.790728509426117
0.156433016061783 0.16285240650177 0.172355115413666 0.1316107660532 0.171071007847786 0.174504742026329 0.141485080122948 0.0901400595903397 0.182874888181686 0.17077000439167 0.221394583582878 0.238459244370461 0.28460419178009 0.241737619042397 0.244744449853897 0.302464127540588 0.353147149085999 0.505571365356445 0.495130389928818 0.532922387123108 0.662533700466156 0.673127293586731 0.70160573720932 0.7658571600914 0.804818570613861 0.834025204181671 0.782651007175446 0.830495536327362 0.791919946670532 0.754689157009125 0.749350547790527 0.607546985149384 0.786308109760284 0.755380690097809 0.71745491027832 0.830277919769287 0.824603021144867 0.810426712036133 0.849491775035858 0.778136074542999 0.757916629314423 0.822150588035583 0.853394150733948 0.485284596681595
0.149662956595421 0.175440117716789 0.135777235031128 0.138040736317635 0.183140575885773 0.169777140021324 0.208292007446289 0.0951228961348534 0.226032614707947 0.240983679890633 0.236141473054886 0.266072034835815 0.291993081569672 0.26965919137001 0.279553323984146 0.379683524370193 0.486823350191116 0.53913027048111 0.559234917163849 0.521313786506653 0.568059742450714 0.615795075893402 0.689835131168365 0.838113248348236 0.827467799186707 0.849617958068848 0.754956126213074 0.695052027702332 0.797965705394745 0.796054780483246 0.807184815406799 0.731883525848389 0.730554401874542 0.798519253730774 0.84393185377121 0.862064898014069 0.827623009681702 0.85931658744812 0.875443518161774 0.802177429199219 0.644464135169983 0.644519865512848 0.709715247154236 0.84174656867981
0.164780721068382 0.178351864218712 0.193341344594955 0.145867392420769 0.208655402064323 0.205293565988541 0.19216500222683 0.215768724679947 0.22565558552742 0.220464959740639 0.251455754041672 0.286823779344559 0.312506943941116 0.347836852073669 0.366499751806259 0.347854524850845 0.394780606031418 0.541725039482117 0.536939144134521 0.522339582443237 0.598928272724152 0.742894351482391 0.761852204799652 0.733073711395264 0.817062139511108 0.748278677463531 0.75795590877533 0.793249726295471 0.678796112537384 0.841046094894409 0.794759392738342 0.826961934566498 0.726347506046295 0.838596880435944 0.85079550743103 0.79215395450592 0.858593940734863 0.880801498889923 0.873202919960022 0.750130414962769 0.566746592521667 0.400191485881805 0.581062018871307 0.882664620876312
0.204526469111443 0.188444793224335 0.199172750115395 0.204775795340538 0.221201553940773 0.179403886198997 0.207765206694603 0.20902881026268 0.224645376205444 0.228680491447449 0.287098675966263 0.302921772003174 0.34346941113472 0.356536626815796 0.408549904823303 0.442934721708298 0.41068360209465 0.572601914405823 0.592642664909363 0.612208843231201 0.686331450939178 0.773371517658234 0.701842725276947 0.679184436798096 0.827496290206909 0.839315116405487 0.758088231086731 0.84099942445755 0.753041684627533 0.686890363693237 0.877038657665253 0.804821491241455 0.870117247104645 0.760923266410828 0.754152178764343 0.836359977722168 0.904937267303467 0.871224105358124 0.863988161087036 0.736990392208099 0.602838218212128 0.410118401050568 0.901796877384186 0.827042877674103
