data/climate_estimation/maxent_output/Lilium_philadelphicum.asc
NCOLS 643 
NROWS 270 
XLLCORNER -120.583333333333 
YLLCORNER 35.9166666666667 
CELLSIZE 0.0833333333333333 
NODATA_value -3.4e+38 
[rows 100 to 119 of 270, columns 528 to 571 of 643]
0.284932821989059 0.287414729595184 0.27443864941597 0.274279952049255 0.283661127090454 0.28362962603569 0.288649588823318 0.293234646320343 0.296938896179199 0.294674694538116 0.294725686311722 0.296624034643173 0.296469360589981 0.298078566789627 0.298187166452408 0.294561266899109 0.291437715291977 0.290808349847794 0.297944903373718 0.285322844982147 0.273996293544769 0.273186266422272 0.259879916906357 0.243823930621147 0.231802299618721 0.234360098838806 0.234327390789986 0.227648451924324 0.236050203442574 0.243509665131569 0.253039956092834 0.25605520606041 0.244798883795738 0.248077243566513 0.260935425758362 0.261036545038223 0.260532259941101 0.264908254146576 0.278509110212326 0.284665495157242 0.259915918111801 0.259976357221603 0.251741349697113 0.240062728524208
0.295823514461517 0.284430831670761 0.280230790376663 0.284536927938461 0.288860976696014 0.285248935222626 0.288315057754517 0.288411527872086 0.288389265537262 0.28675365447998 0.292640954256058 0.288476079702377 0.302081346511841 0.299012303352356 0.298944413661957 0.305470436811447 0.300858944654465 0.292831093072891 0.288103520870209 0.289827883243561 0.282147318124771 0.270179629325867 0.25767457485199 0.246480524539948 0.22953137755394 0.222041875123978 0.205990985035896 0.204204529523849 0.219922676682472 0.236838191747665 0.246098458766937 0.246949061751366 0.241252228617668 0.251208186149597 0.263395577669144 0.268505036830902 0.282161772251129 0.27538737654686 0.28540900349617 0.281513959169388 0.265102088451385 0.253547966480255 0.258569449186325 0.246653601527214
0.286940276622772 0.276124745607376 0.282995998859406 0.294952720403671 0.2859847843647 0.290510773658752 0.28362649679184 0.283524036407471 0.288070410490036 0.296659976243973 0.29908749461174 0.293747365474701 0.295647412538528 0.295600384473801 0.305281966924667 0.307239592075348 0.297377467155457 0.293698668479919 0.281442284584045 0.286716520786285 0.288283824920654 0.276875585317612 0.260143667459488 0.248707294464111 0.236651062965393 0.216484218835831 0.204859241843224 0.220071867108345 0.229593217372894 0.238701730966568 0.246298938989639 0.234092503786087 0.236808091402054 0.236765772104263 0.249823451042175 0.274536550045013 0.276169121265411 0.262724667787552 0.277038991451263 0.283167243003845 0.27027502655983 0.26368460059166 0.268786251544952 0.254600793123245
0.281842738389969 0.28169721364975 0.278234452009201 0.291258215904236 0.291282266378403 0.295788317918777 0.277039080858231 0.288641065359116 0.294045120477676 0.289512872695923 0.295728355646133 0.291143327951431 0.301931262016296 0.301733493804932 0.312101870775223 0.312061667442322 0.304786086082458 0.304735720157623 0.295614302158356 0.292003035545349 0.279813200235367 0.268597543239594 0.258741766214371 0.254408568143845 0.238794445991516 0.227277338504791 0.217793986201286 0.224538758397102 0.224543005228043 0.223074927926064 0.214472815394402 0.234728679060936 0.247037187218666 0.242275029420853 0.247063413262367 0.268692582845688 0.286079227924347 0.273853540420532 0.273829787969589 0.267171740531921 0.267946779727936 0.267920315265656 0.274829715490341 0.245368883013725
0.292131751775742 0.29199880361557 0.287976533174515 0.283451050519943 0.292922526597977 0.29290696978569 0.301437854766846 0.310630172491074 0.300096958875656 0.3012615442276 0.296546190977097 0.298406422138214 0.298251122236252 0.294708669185638 0.303676009178162 0.305517941713333 0.29651403427124 0.29651403427124 0.298440158367157 0.289505958557129 0.285911023616791 0.27449107170105 0.2645243704319 0.248865112662315 0.244361445307732 0.233353942632675 0.220946550369263 0.219625025987625 0.226007133722305 0.223893851041794 0.235085710883141 0.240359470248222 0.22832864522934 0.23707515001297 0.257613927125931 0.266514033079147 0.279240250587463 0.285187929868698 0.273111462593079 0.286219000816345 0.260726243257523 0.237802729010582 0.250159561634064 0.253280192613602
0.297924876213074 0.297874301671982 0.293705940246582 0.29834321141243 0.292247265577316 0.293237298727036 0.30084890127182 0.305416971445084 0.305513769388199 0.307415068149567 0.302716761827469 0.304544478654861 0.300227254629135 0.300246745347977 0.297439962625504 0.297329097986221 0.302100837230682 0.303980529308319 0.289650022983551 0.29205396771431 0.278236329555511 0.277087330818176 0.269570410251617 0.253909021615982 0.249922677874565 0.236173883080482 0.237286150455475 0.232747927308083 0.221059039235115 0.227560222148895 0.228458061814308 0.231985419988632 0.236493736505508 0.249923259019852 0.258479624986649 0.271712422370911 0.276846081018448 0.290762633085251 0.294069707393646 0.29618763923645 0.253562599420547 0.231903240084648 0.220890983939171 0.2734414935112
0.266909003257751 0.294349730014801 0.313463747501373 0.304369270801544 0.295287370681763 0.297930538654327 0.311736345291138 0.311758995056152 0.31172126531601 0.308193385601044 0.315838068723679 0.310221374034882 0.3065365254879 0.305930227041245 0.28870016336441 0.290431499481201 0.295092642307281 0.295162677764893 0.297649025917053 0.297587513923645 0.28599339723587 0.273994743824005 0.270439982414246 0.255029410123825 0.25502547621727 0.245603039860725 0.240925803780556 0.226278200745583 0.228033035993576 0.235264644026756 0.233765795826912 0.241264462471008 0.24127297103405 0.239776954054832 0.244544669985771 0.257164776325226 0.269382387399673 0.287336617708206 0.299630969762802 0.273399263620377 0.271823763847351 0.265277802944183 0.248913452029228 0.26686155796051
0.258994430303574 0.29596945643425 0.300764083862305 0.30077201128006 0.304795920848846 0.307475715875626 0.307363748550415 0.30274972319603 0.304679900407791 0.306541115045547 0.315084129571915 0.303119868040085 0.299586147069931 0.299561440944672 0.308516353368759 0.311217993497849 0.302089750766754 0.298497170209885 0.288950055837631 0.286255568265915 0.283418834209442 0.276526153087616 0.26319894194603 0.258911281824112 0.247323900461197 0.243309512734413 0.233030647039413 0.227067589759827 0.238933280110359 0.240650102496147 0.239183977246284 0.246779352426529 0.246796652674675 0.254604518413544 0.25944247841835 0.261313706636429 0.26290836930275 0.294507741928101 0.276194512844086 0.253110647201538 0.257278889417648 0.297291725873947 0.284923106431961 0.282855063676834
0.254513502120972 0.263004302978516 0.292578130960464 0.300576210021973 0.295068025588989 0.299846291542053 0.295787990093231 0.291199237108231 0.293029248714447 0.293565720319748 0.288967549800873 0.290766596794128 0.29256284236908 0.301587373018265 0.311417996883392 0.304863065481186 0.304013699293137 0.292225688695908 0.282830536365509 0.275745332241058 0.276660233736038 0.268327057361603 0.264278292655945 0.251214325428009 0.248108550906181 0.244123190641403 0.242646306753159 0.243763819336891 0.243759796023369 0.244722291827202 0.24399708211422 0.251718729734421 0.251705586910248 0.264581114053726 0.265318244695663 0.263777405023575 0.27311760187149 0.294701933860779 0.286857068538666 0.269675970077515 0.271306067705154 0.290257275104523 0.306328624486923 0.293627053499222
0.252138584852219 0.263744473457336 0.286331295967102 0.291018664836884 0.300006955862045 0.287735044956207 0.289586633443832 0.271845996379852 0.271995365619659 0.282063454389572 0.279433131217957 0.279460966587067 0.276137918233871 0.295307844877243 0.290668666362762 0.292444616556168 0.279210031032562 0.285452455282211 0.26919886469841 0.269185811281204 0.269190162420273 0.264188021421432 0.252931416034698 0.226407200098038 0.237423941493034 0.248168498277664 0.239805698394775 0.237044960260391 0.24461604654789 0.247177705168724 0.246407553553581 0.247092589735985 0.258091241121292 0.258987098932266 0.271220594644547 0.272905915975571 0.274820327758789 0.279214829206467 0.291058897972107 0.289566278457642 0.292024940252304 0.297421514987946 0.329501628875732 0.317661046981812
0.242964535951614 0.277942657470703 0.282395780086517 0.291733294725418 0.293545782566071 0.289659172296524 0.276678115129471 0.273275941610336 0.266203075647354 0.276234567165375 0.271769553422928 0.27356231212616 0.28730520606041 0.283872812986374 0.283822029829025 0.285602360963821 0.281145125627518 0.274362206459045 0.270085483789444 0.258575052022934 0.258793383836746 0.246233209967613 0.230924412608147 0.230275362730026 0.242272093892097 0.242522850632668 0.241362348198891 0.250222265720367 0.250250846147537 0.252035319805145 0.249292641878128 0.251998335123062 0.263278186321259 0.276621133089066 0.272096425294876 0.273051083087921 0.285348296165466 0.279349476099014 0.31428387761116 0.313342958688736 0.320969253778458 0.325836479663849 0.339162260293961 0.339113146066666
0.236673146486282 0.269665986299515 0.271449029445648 0.284219086170197 0.281638473272324 0.286221921443939 0.278559446334839 0.280429512262344 0.282094240188599 0.27705118060112 0.274354875087738 0.276123046875 0.276123046875 0.286402493715286 0.286479830741882 0.286412179470062 0.275264859199524 0.2762810587883 0.263718098402023 0.252343028783798 0.235609248280525 0.236281096935272 0.227978587150574 0.232484340667725 0.244170144200325 0.244207680225372 0.240267857909203 0.243400424718857 0.243344724178314 0.252826243638992 0.253581911325455 0.256041258573532 0.264136999845505 0.264767199754715 0.28188419342041 0.282444894313812 0.28556215763092 0.273588269948959 0.292680948972702 0.311714380979538 0.326786160469055 0.36262246966362 0.360186725854874 0.366322606801987
0.232795313000679 0.263242334127426 0.271586626768112 0.273351013660431 0.28431048989296 0.275238126516342 0.267708092927933 0.269455075263977 0.282867699861526 0.284709870815277 0.281393945217133 0.281419068574905 0.283910602331161 0.287368625402451 0.289088129997253 0.281479597091675 0.26870796084404 0.265469014644623 0.248698204755783 0.226044476032257 0.226044476032257 0.236462324857712 0.222346022725105 0.233690217137337 0.232973754405975 0.233648210763931 0.233612194657326 0.229126200079918 0.241330713033676 0.244220092892647 0.245969176292419 0.245969176292419 0.258635640144348 0.266734212636948 0.272826015949249 0.27277797460556 0.274538099765778 0.27970215678215 0.310817003250122 0.325880944728851 0.347444862127304 0.367435276508331 0.372709482908249 0.392320543527603
0.268176257610321 0.278384447097778 0.265754371881485 0.262767374515533 0.277796030044556 0.274528712034225 0.274605005979538 0.271967947483063 0.27814245223999 0.287483721971512 0.289380311965942 0.284843742847443 0.285895556211472 0.294690012931824 0.282352119684219 0.275651425123215 0.270785957574844 0.255175471305847 0.243366867303848 0.226850539445877 0.231352850794792 0.241913437843323 0.227201715111732 0.211640641093254 0.222862437367439 0.222108349204063 0.233813539147377 0.233083143830299 0.234754115343094 0.230295702815056 0.23476941883564 0.242820680141449 0.245582327246666 0.2502121925354 0.2502121925354 0.250178009271622 0.242562606930733 0.28496453166008 0.304656386375427 0.334745526313782 0.354468137025833 0.362022250890732 0.384221613407135 0.402451694011688
0.266456812620163 0.268238097429276 0.26769807934761 0.278526186943054 0.267040550708771 0.26877361536026 0.263840794563293 0.279617726802826 0.279567927122116 0.281438559293747 0.290150970220566 0.2867551445961 0.288600891828537 0.288605153560638 0.276850968599319 0.27681228518486 0.260862171649933 0.243425309658051 0.24342206120491 0.246597141027451 0.236300081014633 0.228758320212364 0.24062567949295 0.243080452084541 0.238485813140869 0.235308319330215 0.236367523670197 0.225322231650352 0.220981791615486 0.220957964658737 0.220940932631493 0.232544004917145 0.247739747166634 0.238766178488731 0.224653318524361 0.21755787730217 0.255933046340942 0.2739377617836 0.278345584869385 0.282054781913757 0.329603761434555 0.338238835334778 0.36980602145195 0.408467799425125
0.26841402053833 0.270178496837616 0.25893959403038 0.267758727073669 0.269582629203796 0.271354705095291 0.271311044692993 0.281466960906982 0.272995054721832 0.287773638963699 0.292135894298553 0.293994456529617 0.291526734828949 0.290788203477859 0.283927708864212 0.266921371221542 0.25101712346077 0.248949944972992 0.254958719015121 0.252222239971161 0.249349862337112 0.244682505726814 0.248550593852997 0.256406038999557 0.244616732001305 0.240056023001671 0.224458113312721 0.211290553212166 0.207764014601707 0.208409935235977 0.210038036108017 0.234027534723282 0.248633548617363 0.243509411811829 0.227818161249161 0.217725068330765 0.220653057098389 0.240678817033768 0.244652941823006 0.270386129617691 0.294677525758743 0.313947021961212 0.332942992448807 0.370529383420944
0.254889875650406 0.254971653223038 0.256631255149841 0.258893847465515 0.272059857845306 0.260759443044662 0.273920178413391 0.284190237522125 0.288733720779419 0.290815025568008 0.29593488574028 0.288224399089813 0.284802854061127 0.284802854061127 0.272818058729172 0.26081195473671 0.259219229221344 0.259955674409866 0.267123907804489 0.254222482442856 0.259143054485321 0.255010455846786 0.253333956003189 0.259097844362259 0.244738757610321 0.241973266005516 0.22623547911644 0.212688118219376 0.222572848200798 0.223211243748665 0.237333700060844 0.254275381565094 0.245139390230179 0.229372471570969 0.233831271529198 0.222907930612564 0.215214520692825 0.231033623218536 0.258952349424362 0.251834392547607 0.28255495429039 0.304917126893997 0.306820094585419 0.331642329692841
0.266138941049576 0.258055120706558 0.272815018892288 0.27286359667778 0.274717628955841 0.274694561958313 0.290591865777969 0.289882242679596 0.292471557855606 0.294434458017349 0.289126545190811 0.290984630584717 0.29985436797142 0.288828521966934 0.280194729566574 0.280158042907715 0.273237109184265 0.27837061882019 0.274048984050751 0.259850203990936 0.259897500276566 0.259952008724213 0.251013338565826 0.250253826379776 0.247360423207283 0.243479982018471 0.239603206515312 0.213513568043709 0.21357461810112 0.210068941116333 0.238256618380547 0.255241364240646 0.246028900146484 0.230895146727562 0.234703212976456 0.216075077652931 0.216743737459183 0.236505806446075 0.267634004354477 0.271888703107834 0.301234543323517 0.295368432998657 0.31675523519516 0.337112337350845
0.273625165224075 0.286990225315094 0.28701040148735 0.288895279169083 0.290759891271591 0.290709972381592 0.293353796005249 0.298021018505096 0.299972295761108 0.301831394433975 0.296443670988083 0.308815151453018 0.304109245538712 0.294321537017822 0.285575211048126 0.283153980970383 0.279285281896591 0.267781645059586 0.266640335321426 0.263616502285004 0.251480579376221 0.258509308099747 0.258552521467209 0.256964027881622 0.2529556453228 0.256880670785904 0.245154693722725 0.203557372093201 0.217296496033669 0.239745855331421 0.241545990109444 0.252134203910828 0.245449334383011 0.236329928040504 0.23073148727417 0.227654606103897 0.231367260217667 0.241968631744385 0.260411232709885 0.283209621906281 0.297270685434341 0.303768187761307 0.310464560985565 0.339040189981461
0.285130172967911 0.289681732654572 0.292383879423141 0.292402029037476 0.294267654418945 0.29890912771225 0.302224695682526 0.300876617431641 0.304194390773773 0.306186348199844 0.306189894676208 0.308125257492065 0.302639722824097 0.289069175720215 0.28931337594986 0.288361936807632 0.275452703237534 0.274665206670761 0.268593996763229 0.268690884113312 0.252296417951584 0.252440512180328 0.258646011352539 0.25949439406395 0.255377739667892 0.234543949365616 0.245980128645897 0.219353258609772 0.23753522336483 0.236726731061935 0.242414712905884 0.253076076507568 0.233426049351692 0.224143400788307 0.232307091355324 0.221384882926941 0.238260313868523 0.246805429458618 0.261368036270142 0.280783891677856 0.303730934858322 0.319740235805511 0.31454399228096 0.33478656411171
