data/climate_estimation/maxent_output/Lilium_columbianum.asc
NCOLS 377 
NROWS 289 
XLLCORNER -126.666666666667 
YLLCORNER 36.5 
CELLSIZE 0.0833333333333333 
NODATA_value -3.4e+38 
[rows 95 to 113 of 289, columns 0 to 42 of 377]
0.226108223199844 0.271913111209869 0.281776428222656 0.338853627443314 0.352265208959579 0.339670866727829 0.243824660778046 0.185680046677589 0.183457016944885 0.172196999192238 0.178949922323227 0.230390340089798 0.309590697288513 0.357700049877167 0.395517349243164 0.417597055435181 0.429956644773483 0.437930554151535 0.467025846242905 0.510201036930084 0.327502816915512 0.28041198849678 0.276195913553238 0.349828332662582 0.36484369635582 0.354042410850525 0.318821638822556 0.305297434329987 0.285042732954025 0.255726277828217 0.24056476354599 0.227522432804108 0.221994251012802 0.210982471704483 0.219971776008606 0.218435600399971 0.219658598303795 0.213091969490051 0.217807918787003 0.212449550628662 0.223397225141525 0.230915293097496 0.226023092865944
0.477227568626404 0.460803687572479 0.294842422008514 0.289594262838364 0.247591465711594 0.315689444541931 0.268945693969727 0.254554837942123 0.217181190848351 0.225330993533134 0.234481647610664 0.259429037570953 0.291998863220215 0.333459377288818 0.374818116426468 0.40163066983223 0.441078096628189 0.463222861289978 0.487201660871506 0.505684554576874 0.520743608474731 0.332161337137222 0.343095570802689 0.366731107234955 0.378790467977524 0.348786354064941 0.338512390851974 0.304435014724731 0.286157131195068 0.256322085857391 0.224471807479858 0.238717272877693 0.231314793229103 0.231884151697159 0.219659417867661 0.209915652871132 0.208266645669937 0.211524873971939 0.213636726140976 0.214464843273163 0.229646787047386 0.230664595961571 0.235757037997246
0.389849603176117 0.593275189399719 0.479345381259918 0.637982249259949 0.408466964960098 0.618349015712738 0.344054281711578 0.23773492872715 0.289365440607071 0.355458796024323 0.243427991867065 0.238872706890106 0.289586305618286 0.316039472818375 0.348989367485046 0.379703760147095 0.41031351685524 0.450772374868393 0.479256927967072 0.507213652133942 0.516871094703674 0.340054392814636 0.333622813224792 0.341292351484299 0.389963358640671 0.367092967033386 0.331750839948654 0.314075291156769 0.265187680721283 0.242632359266281 0.22017639875412 0.198771700263023 0.210156723856926 0.222679495811462 0.224670186638832 0.2206130027771 0.203978389501572 0.20430301129818 0.218064039945602 0.224540829658508 0.237071886658669 0.234453409910202 0.238108456134796
0.629782915115356 0.621607542037964 0.644588947296143 0.255059957504272 0.275300830602646 0.243754610419273 0.463437706232071 0.435425937175751 0.407632529735565 0.386727541685104 0.42695564031601 0.297882437705994 0.287335813045502 0.281727313995361 0.320186257362366 0.350497722625732 0.381644725799561 0.426115661859512 0.455378443002701 0.484941482543945 0.51078999042511 0.336339890956879 0.3455910384655 0.354125648736954 0.397102326154709 0.36899808049202 0.352854758501053 0.294088274240494 0.267638772726059 0.225625410676003 0.214677929878235 0.190068706870079 0.186567306518555 0.195095807313919 0.197341248393059 0.203979671001434 0.211216926574707 0.21469421684742 0.222898095846176 0.239606365561485 0.239711627364159 0.240295469760895 0.243416652083397
0.311262369155884 0.289433896541595 0.39529150724411 0.452152788639069 0.213474586606026 0.197189882397652 0.260259717702866 0.426250547170639 0.224420726299286 0.226595461368561 0.377123177051544 0.377658069133759 0.220871791243553 0.204525575041771 0.236328095197678 0.309918820858002 0.36068120598793 0.395457208156586 0.430961132049561 0.470621645450592 0.49324893951416 0.506190598011017 0.336174428462982 0.34719181060791 0.388443827629089 0.380048841238022 0.361911565065384 0.306236535310745 0.26519963145256 0.23333041369915 0.216105356812477 0.204887107014656 0.185457155108452 0.20076696574688 0.20561520755291 0.222733408212662 0.230743736028671 0.222324803471565 0.236100777983665 0.235436573624611 0.24222806096077 0.252648621797562 0.259127378463745
0.358847558498383 0.264297842979431 0.299901157617569 0.40111967921257 0.251860380172729 0.195183455944061 0.217048987746239 0.350130796432495 0.303672522306442 0.212689399719238 0.337108492851257 0.411609679460526 0.225603431463242 0.228407144546509 0.275629907846451 0.305323392152786 0.330389529466629 0.367607742547989 0.406630367040634 0.437985271215439 0.47532331943512 0.512423753738403 0.497272431850433 0.322784632444382 0.374561756849289 0.40044441819191 0.364438772201538 0.320179581642151 0.275520265102386 0.250762343406677 0.223555445671082 0.192066818475723 0.19549959897995 0.199888810515404 0.207953706383705 0.218170791864395 0.238264143466949 0.240239962935448 0.234352216124535 0.242959946393967 0.248087257146835 0.257731348276138 0.254792034626007
0.478046059608459 0.388776004314423 0.353789091110229 0.139887899160385 0.212505415081978 0.195856690406799 0.19922998547554 0.194118663668633 0.396685093641281 0.304127544164658 0.175270810723305 0.375457167625427 0.228889331221581 0.207436174154282 0.256559073925018 0.257442027330399 0.301505863666534 0.335898131132126 0.375161558389664 0.407073348760605 0.444909960031509 0.482715010643005 0.51640260219574 0.391376286745071 0.417470544576645 0.397978901863098 0.358712285757065 0.331786692142487 0.283938437700272 0.253869354724884 0.201688095927238 0.194998756051064 0.20786440372467 0.219375774264336 0.228380292654037 0.229323342442513 0.244334831833839 0.252163738012314 0.247621759772301 0.243094772100449 0.250060886144638 0.261653125286102 0.257216960191727
0.649847805500031 0.495343536138535 0.339052557945251 0.347126036882401 0.143063396215439 0.134645208716393 0.193431988358498 0.227746844291687 0.258545994758606 0.232728242874146 0.192296415567398 0.37471878528595 0.242514207959175 0.283036559820175 0.207638576626778 0.18276172876358 0.209082156419754 0.273503720760345 0.347336173057556 0.366479396820068 0.397348910570145 0.450036942958832 0.496957123279572 0.369599312543869 0.393058300018311 0.428139001131058 0.376593112945557 0.333473563194275 0.289185345172882 0.236348882317543 0.281406342983246 0.315526962280273 0.254705756902695 0.254675805568695 0.267227202653885 0.247610732913017 0.254048019647598 0.26350349187851 0.270100384950638 0.270728200674057 0.247126817703247 0.233176842331886 0.263197094202042
0.371322840452194 0.345121771097183 0.348404467105865 0.290556073188782 0.33258131146431 0.126915901899338 0.0988839715719223 0.133274376392365 0.166917100548744 0.193322420120239 0.199466824531555 0.385638773441315 0.244823828339577 0.224622771143913 0.236081182956696 0.219649106264114 0.195666670799255 0.2782943546772 0.314344584941864 0.343453675508499 0.376882135868073 0.394443184137344 0.446120500564575 0.497193425893784 0.516768217086792 0.531315207481384 0.373203217983246 0.352868467569351 0.348084181547165 0.368418157100677 0.35160630941391 0.325989484786987 0.323792278766632 0.296141505241394 0.293074190616608 0.28537729382515 0.296882182359695 0.298986673355103 0.30507904291153 0.293807953596115 0.298183709383011 0.262539356946945 0.237459719181061
0.376249432563782 0.351973414421082 0.289954125881195 0.352855861186981 0.522531628608704 0.340939819812775 0.401262283325195 0.242683276534081 0.135213106870651 0.164606139063835 0.244450241327286 0.370208472013474 0.212290734052658 0.264108657836914 0.252848446369171 0.284338742494583 0.269781738519669 0.197294443845749 0.182526871562004 0.3049236536026 0.36148676276207 0.385493069887161 0.416671305894852 0.442512780427933 0.459336042404175 0.51232236623764 0.564309120178223 0.430640250444412 0.407246440649033 0.444784045219421 0.417413979768753 0.363869935274124 0.352562457323074 0.354928910732269 0.347796112298965 0.345327347517014 0.341292947530746 0.357301890850067 0.331952005624771 0.322644919157028 0.323582679033279 0.303226202726364 0.306606769561768
0.627007246017456 0.609400451183319 0.607930421829224 0.534656822681427 0.306518852710724 0.5350062251091 0.376934885978699 0.185257613658905 0.14497996866703 0.200378388166428 0.209890693426132 0.358981668949127 0.371750891208649 0.382858097553253 0.338947951793671 0.369193077087402 0.30769020318985 0.213456764817238 0.161215335130692 0.145973637700081 0.178878948092461 0.23089836537838 0.27290216088295 0.393933922052383 0.453727602958679 0.50377231836319 0.509538173675537 0.410396128892899 0.374015092849731 0.39548996090889 0.458313137292862 0.397453874349594 0.417451828718185 0.426031947135925 0.41593211889267 0.395098000764847 0.39788156747818 0.381404429674149 0.377369552850723 0.361178815364838 0.355062216520309 0.345456063747406 0.338205307722092
0.716179430484772 0.422598004341125 0.289941191673279 0.28657004237175 0.313345789909363 0.311160832643509 0.371696799993515 0.338559180498123 0.1677176207304 0.248605817556381 0.301683068275452 0.203399404883385 0.314536839723587 0.384717673063278 0.241133570671082 0.231950163841248 0.261352807283401 0.19975171983242 0.198860213160515 0.200175374746323 0.247254461050034 0.31733500957489 0.36254420876503 0.387294501066208 0.182236060500145 0.270406574010849 0.49078631401062 0.536201119422913 0.4173943400383 0.433741092681885 0.447464138269424 0.466666609048843 0.470798969268799 0.487511217594147 0.473449468612671 0.452189296483994 0.449380934238434 0.458000540733337 0.419990181922913 0.409014821052551 0.401115655899048 0.379940956830978 0.368721812963486
0.620058417320251 0.408824414014816 0.385992050170898 0.513850808143616 0.490532428026199 0.381941705942154 0.298386961221695 0.28920567035675 0.147281244397163 0.153033271431923 0.225040212273598 0.300369679927826 0.350831925868988 0.414768546819687 0.280412256717682 0.216076731681824 0.190350592136383 0.206091284751892 0.211118176579475 0.265829503536224 0.276837915182114 0.125597417354584 0.217338725924492 0.13221675157547 0.193793147802353 0.15071514248848 0.337086617946625 0.462741911411285 0.399616539478302 0.331770837306976 0.404489576816559 0.435195416212082 0.425901114940643 0.438912868499756 0.487458676099777 0.503367900848389 0.471539735794067 0.431067109107971 0.386260151863098 0.40628644824028 0.407199382781982 0.376606673002243 0.390746593475342
0.448058366775513 0.27182349562645 0.325204759836197 0.435561120510101 0.339243471622467 0.309282451868057 0.230455428361893 0.186091512441635 0.293966293334961 0.383913815021515 0.236681386828423 0.23236158490181 0.549314916133881 0.59843510389328 0.347489386796951 0.227073848247528 0.184303402900696 0.21531642973423 0.262425243854523 0.338358521461487 0.192057386040688 0.188882052898407 0.146086812019348 0.126301944255829 0.252541214227676 0.252935975790024 0.402162700891495 0.423141837120056 0.365984320640564 0.492910146713257 0.300830185413361 0.338381916284561 0.359886050224304 0.391903042793274 0.463001161813736 0.497398197650909 0.429095953702927 0.389640986919403 0.335291653871536 0.344275444746017 0.37100014090538 0.388293772935867 0.413342237472534
0.41510745882988 0.338342607021332 0.322859704494476 0.323507279157639 0.243086278438568 0.205215826630592 0.192056313157082 0.293974250555038 0.345072537660599 0.498474478721619 0.41230496764183 0.43942978978157 0.616929590702057 0.17741222679615 0.211036548018456 0.198854327201843 0.187802374362946 0.235454753041267 0.262650102376938 0.358095020055771 0.305133730173111 0.185228496789932 0.246944591403008 0.190510913729668 0.189018204808235 0.323721438646317 0.360184073448181 0.399293392896652 0.384787082672119 0.462778925895691 0.428643226623535 0.295907258987427 0.378555595874786 0.360291212797165 0.403242915868759 0.437695652246475 0.433888018131256 0.370229750871658 0.352715760469437 0.370736122131348 0.360178232192993 0.389627814292908 0.383366048336029
0.326900154352188 0.317899316549301 0.473906964063644 0.406199097633362 0.446518093347549 0.367396712303162 0.302364766597748 0.282237648963928 0.305073738098145 0.459178358316422 0.643101632595062 0.58279937505722 0.552986323833466 0.374939471483231 0.148945555090904 0.146360650658607 0.0983941107988358 0.0935652703046799 0.175159558653831 0.274598062038422 0.363312184810638 0.313844323158264 0.303739666938782 0.311355888843536 0.249601766467094 0.28518083691597 0.315969705581665 0.181892991065979 0.156613677740097 0.354729413986206 0.445575147867203 0.418934375047684 0.288224667310715 0.132166981697083 0.187455743551254 0.255359828472137 0.418720006942749 0.428161054849625 0.360122054815292 0.348053872585297 0.345282375812531 0.344241350889206 0.326715379953384
0.514407634735107 0.442429184913635 0.500574469566345 0.326571255922318 0.367481827735901 0.597164154052734 0.388359546661377 0.44829985499382 0.259366005659103 0.376833528280258 0.66762775182724 0.747616052627563 0.632653415203094 0.305530935525894 0.392019301652908 0.373611509799957 0.180638417601585 0.13549941778183 0.176611855626106 0.295803189277649 0.337319046258926 0.674380779266357 0.327486425638199 0.277342200279236 0.198069214820862 0.193465173244476 0.253316789865494 0.111385673284531 0.130704119801521 0.219746857881546 0.367828607559204 0.420177698135376 0.400562822818756 0.205895200371742 0.217179998755455 0.364760339260101 0.361554056406021 0.310642838478088 0.237382650375366 0.242256700992584 0.255608707666397 0.277240335941315 0.293437302112579
0.554827213287354 0.54144150018692 0.510796129703522 0.378945082426071 0.38533541560173 0.605334877967834 0.444983631372452 0.489768475294113 0.533039271831512 0.294220060110092 0.338224947452545 0.531960487365723 0.805147290229797 0.616803467273712 0.514776349067688 0.292245030403137 0.283487647771835 0.458750426769257 0.562749445438385 0.701983094215393 0.65524810552597 0.308182269334793 0.241406977176666 0.212837472558022 0.219113856554031 0.202228233218193 0.210074365139008 0.129854336380959 0.18989409506321 0.282880842685699 0.295756548643112 0.372271329164505 0.359961539506912 0.36105951666832 0.311339646577835 0.200597494840622 0.364934742450714 0.358652889728546 0.111058488488197 0.135251402854919 0.108856208622456 0.185460671782494 0.285086363554001
0.45549264550209 0.478665441274643 0.6258345246315 0.531133711338043 0.441795825958252 0.492453664541245 0.661975562572479 0.494076043367386 0.472731560468674 0.335603356361389 0.486080825328827 0.551175594329834 0.785257399082184 0.770686566829681 0.465482354164124 0.359251379966736 0.221184641122818 0.316752910614014 0.48959019780159 0.731277525424957 0.517941296100616 0.522710263729095 0.307298600673676 0.262997329235077 0.207085072994232 0.168247193098068 0.188180774450302 0.234464585781097 0.205779850482941 0.157512232661247 0.151799529790878 0.315262079238892 0.238438531756401 0.142127707600594 0.208590194582939 0.175229340791702 0.153121873736382 0.345448315143585 0.226623222231865 0.231914654374123 0.160244315862656 0.126768380403519 0.194943845272064
