data/climate_estimation/maxent_output/Lilium_pensylvanicum.asc
NCOLS 889 
NROWS 271 
XLLCORNER 87.5833333333333 
YLLCORNER 40.5 
CELLSIZE 0.0833333333333333 
NODATA_value -3.4e+38 
[rows 168 to 188 of 271, columns 188 to 234 of 889]
0.411469966173172 0.487158477306366 0.501255631446838 0.544833898544312 0.582401752471924 0.58246785402298 0.589500844478607 0.570801138877869 0.582963287830353 0.585298120975494 0.564765512943268 0.57937890291214 0.593782544136047 0.641298472881317 0.620476484298706 0.657736241817474 0.703758120536804 0.705944538116455 0.624126851558685 0.482137382030487 0.432481557130814 0.318004965782166 0.346340149641037 0.56867653131485 0.426214426755905 0.374539881944656 0.390818297863007 0.51463782787323 0.726932108402252 0.67502897977829 0.563190042972565 0.470143675804138 0.510580003261566 0.612331390380859 0.681939363479614 0.808426141738892 0.865647077560425 0.889748394489288 0.853663086891174 0.853452503681183 0.857930958271027 0.85840106010437 0.842844247817993 0.852039515972137 0.845836043357849 0.868118703365326 0.855612516403198
0.42274796962738 0.483492732048035 0.54171234369278 0.579897403717041 0.633406102657318 0.636776387691498 0.613574504852295 0.616385102272034 0.601899921894073 0.579476237297058 0.563276886940002 0.540992319583893 0.571445643901825 0.620360434055328 0.620781064033508 0.556713998317719 0.641916632652283 0.508606970310211 0.351063668727875 0.350010603666306 0.289833605289459 0.284860223531723 0.414791733026505 0.546481907367706 0.457581579685211 0.460485577583313 0.569952189922333 0.571937263011932 0.678541898727417 0.670754790306091 0.693833589553833 0.570640563964844 0.533385396003723 0.583270728588104 0.744433641433716 0.819551050662994 0.832367599010468 0.856177031993866 0.839617490768433 0.754289984703064 0.798640489578247 0.781373858451843 0.818710923194885 0.855670869350433 0.783408939838409 0.821047306060791 0.834551751613617
0.467579394578934 0.522944748401642 0.597267091274261 0.654446244239807 0.667052268981934 0.670153439044952 0.644798994064331 0.602003514766693 0.603011429309845 0.571940660476685 0.559364676475525 0.552294313907623 0.571383237838745 0.587654948234558 0.603861749172211 0.56532347202301 0.394623309373856 0.29963743686676 0.366331785917282 0.513321280479431 0.405972182750702 0.408645361661911 0.543391704559326 0.600648045539856 0.515119791030884 0.586448848247528 0.702042758464813 0.779127657413483 0.808530747890472 0.817246317863464 0.690634787082672 0.674484550952911 0.570286154747009 0.540150284767151 0.548906683921814 0.574666440486908 0.564418375492096 0.642074465751648 0.591108977794647 0.580574989318848 0.649597764015198 0.671124160289764 0.809445142745972 0.757588505744934 0.699244678020477 0.726939678192139 0.745499670505524
0.508397340774536 0.541917145252228 0.605966806411743 0.705495595932007 0.701305568218231 0.672435462474823 0.657407402992249 0.610304892063141 0.603328883647919 0.581754684448242 0.569088697433472 0.559756219387054 0.574276208877563 0.586260735988617 0.601481854915619 0.419470429420471 0.458861380815506 0.469358891248703 0.336494266986847 0.343312591314316 0.4134461581707 0.385642826557159 0.620614886283875 0.745802760124207 0.722715198993683 0.753076255321503 0.775450229644775 0.782342433929443 0.69359964132309 0.619863092899323 0.540103435516357 0.462117344141006 0.554807543754578 0.57951545715332 0.73648065328598 0.663561105728149 0.519867122173309 0.650103509426117 0.527014017105103 0.551473379135132 0.663617670536041 0.644257128238678 0.779334723949432 0.705895125865936 0.782240152359009 0.7326380610466 0.632845103740692
0.473882555961609 0.555939793586731 0.601839423179626 0.6690514087677 0.698755383491516 0.674532771110535 0.652555286884308 0.591016411781311 0.593978404998779 0.576892077922821 0.527433931827545 0.585247397422791 0.567364513874054 0.413032293319702 0.519281983375549 0.587205231189728 0.428945988416672 0.446664035320282 0.501907289028168 0.529906749725342 0.487463086843491 0.403161346912384 0.520506918430328 0.654428601264954 0.724367022514343 0.73297780752182 0.706788122653961 0.642992436885834 0.541708767414093 0.571172773838043 0.494024395942688 0.495898604393005 0.740177750587463 0.795856416225433 0.760124027729034 0.674038052558899 0.494255125522614 0.644635379314423 0.750538289546967 0.748212933540344 0.754241645336151 0.617096126079559 0.769997894763947 0.774645924568176 0.723130464553833 0.622515022754669 0.706886768341064
0.491904646158218 0.553548336029053 0.58934485912323 0.606410980224609 0.662478864192963 0.652275145053864 0.644834816455841 0.624776780605316 0.609682738780975 0.487558841705322 0.458038806915283 0.589642882347107 0.578342497348785 0.477322220802307 0.600976705551147 0.38228651881218 0.432032972574234 0.630502223968506 0.665041029453278 0.666685521602631 0.64487886428833 0.514358758926392 0.414752542972565 0.48889946937561 0.554826974868774 0.696465492248535 0.606486916542053 0.570796251296997 0.663758397102356 0.693099319934845 0.583322942256927 0.540211617946625 0.636336922645569 0.744180917739868 0.745490074157715 0.684260487556458 0.536413550376892 0.687223076820374 0.745697796344757 0.693629860877991 0.731086313724518 0.719021379947662 0.74529367685318 0.731714963912964 0.682336747646332 0.669551730155945 0.682959258556366
0.488479018211365 0.517304420471191 0.551557183265686 0.590959846973419 0.625110030174255 0.60769522190094 0.633440017700195 0.615496814250946 0.599683821201324 0.578644871711731 0.577231705188751 0.573964476585388 0.57341343164444 0.5355464220047 0.503270626068115 0.320665866136551 0.518698811531067 0.607564032077789 0.608311295509338 0.638101756572723 0.685383677482605 0.631683588027954 0.425541430711746 0.440775454044342 0.435008734464645 0.471981316804886 0.580292940139771 0.735553801059723 0.69734114408493 0.585400283336639 0.676135063171387 0.56428986787796 0.691353917121887 0.726241588592529 0.734750211238861 0.705959558486938 0.54779052734375 0.700754046440125 0.693107128143311 0.664318740367889 0.699108719825745 0.705832421779633 0.68511563539505 0.730283260345459 0.708279490470886 0.674229145050049 0.659362375736237
0.457674294710159 0.49619647860527 0.524059891700745 0.561693429946899 0.587612986564636 0.604164004325867 0.605026125907898 0.58236289024353 0.582099854946136 0.580337285995483 0.575895547866821 0.570948123931885 0.566232442855835 0.583002686500549 0.514201045036316 0.308652311563492 0.412313222885132 0.492373704910278 0.545414328575134 0.573027491569519 0.591547250747681 0.595758736133575 0.423509329557419 0.559308230876923 0.529101312160492 0.607349455356598 0.66502058506012 0.683464229106903 0.662104368209839 0.676950871944427 0.65110057592392 0.667953014373779 0.714804589748383 0.67575740814209 0.699629724025726 0.654124438762665 0.6074138879776 0.678948521614075 0.678444266319275 0.675362050533295 0.674893975257874 0.669009149074554 0.669672966003418 0.676601827144623 0.642177283763885 0.648183703422546 0.643819570541382
0.423401236534119 0.485363483428955 0.507214903831482 0.523124754428864 0.560091137886047 0.586504459381104 0.564866960048676 0.576326906681061 0.574471116065979 0.569472253322601 0.563837647438049 0.548296988010406 0.575126886367798 0.480475872755051 0.335565656423569 0.382353842258453 0.514289736747742 0.598224639892578 0.610950112342834 0.610559642314911 0.625748515129089 0.610618531703949 0.520775318145752 0.633953809738159 0.645333170890808 0.682851135730743 0.680098712444305 0.654458224773407 0.692485749721527 0.693307280540466 0.671939194202423 0.65619295835495 0.681860506534576 0.666575729846954 0.692708373069763 0.673071265220642 0.699754476547241 0.654009580612183 0.629611074924469 0.648280680179596 0.625643193721771 0.649900555610657 0.609375894069672 0.642198801040649 0.616358160972595 0.603303015232086 0.56966233253479
0.428651303052902 0.450073689222336 0.492193520069122 0.503970384597778 0.526019811630249 0.515496969223022 0.546423554420471 0.540942907333374 0.548732697963715 0.553553760051727 0.508862316608429 0.539069533348083 0.547047078609467 0.350720763206482 0.462513148784637 0.577179074287415 0.571869909763336 0.556374609470367 0.580377161502838 0.570154190063477 0.543605327606201 0.447570502758026 0.552111804485321 0.64361172914505 0.624553978443146 0.566562056541443 0.637990534305573 0.674682140350342 0.658524394035339 0.642601013183594 0.672302663326263 0.660979509353638 0.609852492809296 0.594836294651031 0.650186717510223 0.643614590167999 0.645693778991699 0.584885597229004 0.580570876598358 0.572755634784698 0.600222885608673 0.61229419708252 0.61566835641861 0.584245979785919 0.587698876857758 0.603904008865356 0.557721853256226
0.419437497854233 0.430831223726273 0.449457049369812 0.471156358718872 0.495951294898987 0.510591924190521 0.519131243228912 0.522870719432831 0.55844384431839 0.518176138401031 0.399679780006409 0.304172515869141 0.294396549463272 0.420702189207077 0.552559554576874 0.539760947227478 0.560758054256439 0.577893674373627 0.481485188007355 0.418926954269409 0.434036999940872 0.54291182756424 0.579175472259521 0.566099226474762 0.4804427921772 0.606592416763306 0.630287945270538 0.652052998542786 0.618081271648407 0.627929925918579 0.595883071422577 0.584173440933228 0.562742173671722 0.595873534679413 0.617075860500336 0.628216207027435 0.609738409519196 0.577799260616302 0.555236279964447 0.562157273292542 0.559710681438446 0.584504842758179 0.549691319465637 0.563510894775391 0.513474225997925 0.524523377418518 0.539225041866302
0.397941797971725 0.416302114725113 0.434455335140228 0.46829891204834 0.468640506267548 0.474835485219955 0.485701084136963 0.513541042804718 0.510558247566223 0.50058251619339 0.316249668598175 0.292468935251236 0.309705346822739 0.462722063064575 0.540573060512543 0.549618721008301 0.443457573652267 0.344889521598816 0.354123294353485 0.496743410825729 0.563461899757385 0.591669917106628 0.550087571144104 0.382942318916321 0.369577944278717 0.544716596603394 0.581215858459473 0.579280257225037 0.552586853504181 0.638714015483856 0.647802829742432 0.637319326400757 0.621232688426971 0.626561999320984 0.617053151130676 0.589526116847992 0.579854428768158 0.543821334838867 0.524227738380432 0.544211387634277 0.537022709846497 0.531014800071716 0.510987401008606 0.530913889408112 0.507261991500854 0.519214868545532 0.531377494335175
0.382085233926773 0.388409525156021 0.41331422328949 0.445872575044632 0.439633429050446 0.46751743555069 0.505032002925873 0.48731455206871 0.424027383327484 0.291075170040131 0.277305215597153 0.373104214668274 0.344249278306961 0.24011142551899 0.242538705468178 0.242016151547432 0.320044219493866 0.317831039428711 0.4250628054142 0.559252381324768 0.560639321804047 0.475674629211426 0.355553954839706 0.407740533351898 0.485508561134338 0.543149650096893 0.606636226177216 0.57639342546463 0.62526261806488 0.542619526386261 0.535274803638458 0.577265739440918 0.588162899017334 0.615947425365448 0.579383075237274 0.567085564136505 0.546969830989838 0.54033887386322 0.547991633415222 0.513261497020721 0.525936961174011 0.520249247550964 0.501203298568726 0.514525413513184 0.534320116043091 0.542258560657501 0.52070951461792
0.35087588429451 0.389319032430649 0.405994385480881 0.419732749462128 0.438012838363647 0.46758845448494 0.461645990610123 0.370754152536392 0.291893690824509 0.248959973454475 0.339307188987732 0.374820947647095 0.244644686579704 0.226194098591805 0.292147040367126 0.228246837854385 0.226006492972374 0.256273001432419 0.407532244920731 0.43456369638443 0.258123755455017 0.275985538959503 0.275282323360443 0.382223665714264 0.546914577484131 0.518656492233276 0.485828816890717 0.449685543775558 0.422640293836594 0.447287708520889 0.563154578208923 0.575842082500458 0.572386384010315 0.590726852416992 0.578150868415833 0.566846609115601 0.544591546058655 0.53032511472702 0.514892160892487 0.507383763790131 0.507051348686218 0.478878945112228 0.467232972383499 0.471367031335831 0.504437506198883 0.496983557939529 0.554758787155151
0.386564046144485 0.383381843566895 0.393386423587799 0.407472610473633 0.395023256540298 0.35174572467804 0.32402703166008 0.290978103876114 0.266063064336777 0.235777601599693 0.222202345728874 0.204633459448814 0.189542189240456 0.192727610468864 0.192345410585403 0.187906637787819 0.229098796844482 0.308872520923615 0.261617511510849 0.268946558237076 0.273496717214584 0.439891546964645 0.334663540124893 0.240752995014191 0.2901970744133 0.280424892902374 0.314146190881729 0.391415804624557 0.438834667205811 0.477293312549591 0.517850875854492 0.533109664916992 0.575111389160156 0.562175810337067 0.550647139549255 0.538885891437531 0.511623978614807 0.53006112575531 0.515741765499115 0.519234836101532 0.497438848018646 0.466774642467499 0.456924080848694 0.459230333566666 0.489312827587128 0.502236604690552 0.553867518901825
0.369692802429199 0.375646680593491 0.324665784835815 0.30047532916069 0.359712064266205 0.427619427442551 0.399263978004456 0.391086220741272 0.321955740451813 0.311387300491333 0.327698469161987 0.256058722734451 0.220365032553673 0.201075106859207 0.228576391935349 0.31379047036171 0.290695875883102 0.342252224683762 0.318418890237808 0.394839495420456 0.504775047302246 0.491158783435822 0.398411899805069 0.240801274776459 0.24501645565033 0.338609457015991 0.419429242610931 0.47947108745575 0.51307737827301 0.532922208309174 0.559998631477356 0.547558546066284 0.54056978225708 0.515094697475433 0.537715673446655 0.51627242565155 0.547883033752441 0.523395955562592 0.522011041641235 0.525081276893616 0.488685816526413 0.491305321455002 0.502508997917175 0.501548647880554 0.467476695775986 0.458458036184311 0.52118331193924
0.351840794086456 0.361561328172684 0.330421388149261 0.325642704963684 0.415632784366608 0.385577321052551 0.416994988918304 0.373393684625626 0.364347547292709 0.417969703674316 0.343760520219803 0.393116563558578 0.350645214319229 0.305903881788254 0.300559669733047 0.316107541322708 0.453226536512375 0.503250479698181 0.458618074655533 0.460260391235352 0.443086981773376 0.265711635351181 0.204830303788185 0.224137052893639 0.293805688619614 0.336564511060715 0.340668588876724 0.4218390583992 0.475315779447556 0.52862548828125 0.500523149967194 0.499125987291336 0.523862361907959 0.528757870197296 0.484539031982422 0.441034942865372 0.46508377790451 0.496741652488708 0.533994913101196 0.490914136171341 0.486426889896393 0.499907910823822 0.496982544660568 0.499840259552002 0.508959949016571 0.486849665641785 0.505363583564758
0.325547426939011 0.356503337621689 0.29427769780159 0.329735964536667 0.37663346529007 0.39762955904007 0.406082540750504 0.313740402460098 0.372042715549469 0.365707457065582 0.445658683776855 0.419959634542465 0.407372951507568 0.306685000658035 0.345074355602264 0.35148960351944 0.421765804290771 0.450428813695908 0.434490889310837 0.39417952299118 0.285940498113632 0.190071627497673 0.228424876928329 0.298457503318787 0.377812325954437 0.47414630651474 0.513080954551697 0.521126985549927 0.487834304571152 0.512496829032898 0.503937184810638 0.519099652767181 0.432817399501801 0.360203176736832 0.432418763637543 0.493156373500824 0.524808406829834 0.474041521549225 0.472399264574051 0.485679030418396 0.482449263334274 0.482183963060379 0.496584445238113 0.49155580997467 0.444228291511536 0.470885068178177 0.516398191452026
0.327117592096329 0.338878005743027 0.370334208011627 0.322323590517044 0.381371766328812 0.351438730955124 0.394000858068466 0.410735964775085 0.365401357412338 0.379022121429443 0.42344406247139 0.408646136522293 0.336410313844681 0.291764169931412 0.380567997694016 0.384480506181717 0.372284799814224 0.409618020057678 0.317316055297852 0.26678529381752 0.208252772688866 0.195417687296867 0.422324150800705 0.47302833199501 0.497859209775925 0.492897868156433 0.494942963123322 0.496704131364822 0.493493169546127 0.481776297092438 0.393688261508942 0.299716919660568 0.316484898328781 0.431402117013931 0.481126844882965 0.503322958946228 0.471765398979187 0.471480756998062 0.471420496702194 0.475685328245163 0.484025567770004 0.49755921959877 0.441916167736053 0.437126517295837 0.486541271209717 0.422108203172684 0.436680823564529
0.296220153570175 0.315098881721497 0.351588279008865 0.321077167987823 0.360924512147903 0.331027537584305 0.376164674758911 0.363261103630066 0.391353279352188 0.330351710319519 0.412257820367813 0.40469229221344 0.432910352945328 0.393547564744949 0.429272413253784 0.378176122903824 0.415881365537643 0.409059911966324 0.299563199281693 0.355823874473572 0.239544615149498 0.141033262014389 0.172374382615089 0.331558257341385 0.458660900592804 0.462557703256607 0.496665179729462 0.471106767654419 0.427815973758698 0.401279538869858 0.215489566326141 0.216391310095787 0.357929199934006 0.479051351547241 0.465075820684433 0.454687237739563 0.456964701414108 0.445401817560196 0.436899662017822 0.449323713779449 0.450330257415771 0.462783396244049 0.415461212396622 0.413230985403061 0.412799924612045 0.430621474981308 0.455560654401779
0.291633665561676 0.321961015462875 0.329570591449738 0.366796761751175 0.330869883298874 0.369820654392242 0.38408699631691 0.365650355815887 0.372329384088516 0.372189819812775 0.327609360218048 0.339409053325653 0.370360285043716 0.408275932073593 0.419584006071091 0.390082836151123 0.435007184743881 0.383423537015915 0.395461440086365 0.337822496891022 0.358995050191879 0.207386314868927 0.13347727060318 0.131443053483963 0.175540447235107 0.243632733821869 0.407707512378693 0.426308512687683 0.356733709573746 0.210061252117157 0.202938184142113 0.309870660305023 0.360819101333618 0.418576389551163 0.435438215732574 0.436199218034744 0.436802685260773 0.385531514883041 0.44715142250061 0.442061334848404 0.439195603132248 0.422847390174866 0.37816846370697 0.390473872423172 0.400957196950912 0.433971345424652 0.458016455173492
