data/climate_estimation/maxent_output/Lilium_catesbaei.asc
NCOLS 162 
NROWS 122 
XLLCORNER -90 
YLLCORNER 25.8333333333333 
CELLSIZE 0.0833333333333333 
NODATA_value -3.4e+38 
[rows 22 to 43 of 122, columns 0 to 50 of 162]
0.173776894807816 0.197578847408295 0.202290222048759 0.21986785531044 0.220595270395279 0.223339155316353 0.224438369274139 0.219930067658424 0.219639658927917 0.193079218268394 0.206918179988861 0.202971577644348 0.204543516039848 0.218277350068092 0.211217895150185 0.215702846646309 0.213783994317055 0.231146246194839 0.269475042819977 0.298196256160736 0.349727958440781 0.35613164305687 0.369742125272751 0.396192848682404 0.387069970369339 0.409097075462341 0.408551931381226 0.424372911453247 0.397579103708267 0.377182751893997 0.377103805541992 0.369028478860855 0.333656132221222 0.329679518938065 0.330711752176285 0.309260070323944 0.287907540798187 0.276137173175812 0.252562820911407 0.240006998181343 0.233812153339386 0.255551308393478 0.236288979649544 0.225816026329994 0.217436581850052 0.218065842986107 0.211117520928383 0.23144918680191 0.24075835943222 0.266280055046082 0.279304593801498
0.182215183973312 0.193878516554832 0.220877453684807 0.208841606974602 0.20857660472393 0.211148872971535 0.205459386110306 0.195998191833496 0.184546366333961 0.193455517292023 0.189365983009338 0.206894963979721 0.196522325277328 0.209419190883636 0.213987410068512 0.220852062106133 0.20791232585907 0.217571169137955 0.247887223958969 0.292424559593201 0.349503397941589 0.362364709377289 0.368632197380066 0.373599648475647 0.416774243116379 0.445953726768494 0.446420967578888 0.433435410261154 0.432286500930786 0.375551104545593 0.375603586435318 0.356724232435226 0.351393342018127 0.319050341844559 0.306416839361191 0.293335825204849 0.271856069564819 0.261981636285782 0.262363195419312 0.242718368768692 0.266020029783249 0.246228501200676 0.242050990462303 0.241033554077148 0.222977206110954 0.222991704940796 0.212998300790787 0.213044911623001 0.235857307910919 0.266272991895676 0.270346969366074
0.181474536657333 0.198927715420723 0.208998784422874 0.201352834701538 0.20374570786953 0.198352411389351 0.193028077483177 0.184094786643982 0.179301604628563 0.17614184319973 0.194203794002533 0.203264519572258 0.221594080328941 0.219023108482361 0.210776135325432 0.211012080311775 0.203304708003998 0.217684254050255 0.242875874042511 0.299873352050781 0.334630936384201 0.369988977909088 0.378975749015808 0.370287775993347 0.419863522052765 0.413028657436371 0.422022849321365 0.421996772289276 0.43013209104538 0.408831506967545 0.408609718084335 0.372800052165985 0.373658210039139 0.339819371700287 0.332416951656342 0.312488466501236 0.271217525005341 0.241903215646744 0.22991481423378 0.232655003666878 0.212868422269821 0.232479229569435 0.25166130065918 0.25042450428009 0.231885522603989 0.235000267624855 0.212019935250282 0.207264453172684 0.224533826112747 0.253827065229416 0.273122847080231
0.176242917776108 0.186764717102051 0.191476717591286 0.200059682130814 0.203706845641136 0.198018506169319 0.188839092850685 0.176581144332886 0.176465973258018 0.181176260113716 0.186163142323494 0.202956154942513 0.196325480937958 0.218557924032211 0.203283086419106 0.220692723989487 0.196225836873055 0.205731526017189 0.236686199903488 0.294049352407455 0.316540271043777 0.342702895402908 0.387171894311905 0.394544154405594 0.423548102378845 0.423417538404465 0.424919575452805 0.420158088207245 0.435919106006622 0.414770513772964 0.376980870962143 0.369473248720169 0.354167133569717 0.329370677471161 0.314920216798782 0.290404587984085 0.238382831215858 0.246005788445473 0.226710096001625 0.202583953738213 0.213983207941055 0.233181953430176 0.249961972236633 0.264860928058624 0.240841686725616 0.211993202567101 0.204919695854187 0.212007269263268 0.230226635932922 0.234901756048203 0.248050823807716
0.157437235116959 0.175485789775848 0.176139146089554 0.191969975829124 0.191716685891151 0.186352744698524 0.186048001050949 0.180979639291763 0.180979639291763 0.19074709713459 0.207985773682594 0.20127922296524 0.20115002989769 0.210934638977051 0.203029274940491 0.220093876123428 0.230698585510254 0.217795103788376 0.242873266339302 0.286372542381287 0.286603540182114 0.317663311958313 0.360121011734009 0.404237121343613 0.465864956378937 0.460082858800888 0.461867690086365 0.495373487472534 0.438512086868286 0.440294355154037 0.409580111503601 0.368716984987259 0.353884041309357 0.326989889144897 0.330898493528366 0.275283128023148 0.260541647672653 0.223268181085587 0.194498345255852 0.19337785243988 0.232995554804802 0.251309126615524 0.257010012865067 0.215103253722191 0.227613091468811 0.222557261586189 0.222543850541115 0.208936884999275 0.208927154541016 0.226191073656082 0.235479220747948
0.161674186587334 0.180898874998093 0.168389022350311 0.172523215413094 0.203221663832664 0.192486435174942 0.202570363879204 0.206457287073135 0.207579717040062 0.192054986953735 0.197366505861282 0.205978721380234 0.205015778541565 0.22155524790287 0.220518246293068 0.22220404446125 0.218337148427963 0.229339867830276 0.241478145122528 0.23752173781395 0.293016791343689 0.320702791213989 0.340854644775391 0.382550865411758 0.437359541654587 0.468839168548584 0.478039532899857 0.486093074083328 0.436681360006332 0.425016611814499 0.403903096914291 0.364208191633224 0.391947120428085 0.35084855556488 0.315861970186234 0.262421071529388 0.232767164707184 0.204910025000572 0.190565764904022 0.178227782249451 0.197983592748642 0.219373777508736 0.237678095698357 0.225717678666115 0.236142829060555 0.221132770180702 0.210013061761856 0.213029086589813 0.22756752371788 0.217552870512009 0.260950297117233
0.162252679467201 0.159224584698677 0.18445685505867 0.188051149249077 0.188790276646614 0.209744870662689 0.212217390537262 0.21871043741703 0.218810394406319 0.242391481995583 0.21871043741703 0.220987901091576 0.207030341029167 0.21255986392498 0.222604632377625 0.233583733439445 0.234032645821571 0.228292480111122 0.213251784443855 0.224019184708595 0.269720137119293 0.312786519527435 0.358661353588104 0.367103755474091 0.403712600469589 0.461105972528458 0.455187916755676 0.46059662103653 0.431275248527527 0.422069847583771 0.412678927183151 0.37170073390007 0.360365301370621 0.319682568311691 0.286385983228683 0.241305634379387 0.212437659502029 0.161245778203011 0.146723523736 0.170546174049377 0.196984872221947 0.227448031306267 0.223046198487282 0.236641958355904 0.231299608945847 0.212471157312393 0.219771549105644 0.206501737236977 0.233407601714134 0.231641322374344 0.247389420866966
0.156411498785019 0.171031042933464 0.198158279061317 0.211213946342468 0.213929399847984 0.220409065485001 0.227414816617966 0.228649005293846 0.21540068089962 0.245077013969421 0.211268365383148 0.211149021983147 0.212003543972969 0.194596633315086 0.22805455327034 0.250031888484955 0.242296785116196 0.238897264003754 0.232870727777481 0.215820461511612 0.260438650846481 0.29694664478302 0.335581511259079 0.341164946556091 0.392111599445343 0.421789556741714 0.411376297473907 0.426080822944641 0.404890656471252 0.38907727599144 0.391086727380753 0.360094100236893 0.332824558019638 0.294484555721283 0.27878874540329 0.220591932535172 0.191272377967834 0.13221937417984 0.122890762984753 0.165928617119789 0.172288656234741 0.223924145102501 0.224023088812828 0.224149540066719 0.228028312325478 0.228033676743507 0.235795766115189 0.219767764210701 0.234548971056938 0.252947717905045 0.28597354888916
0.169216558337212 0.184551283717155 0.213380843400955 0.225939854979515 0.225812166929245 0.216650113463402 0.226536124944687 0.220570430159569 0.22498545050621 0.220733553171158 0.223681747913361 0.210731253027916 0.20647893846035 0.227317065000534 0.241154342889786 0.238756462931633 0.231279224157333 0.220383509993553 0.209495633840561 0.225316226482391 0.254948616027832 0.290972322225571 0.318991184234619 0.348382860422134 0.386521309614182 0.380131214857101 0.367223143577576 0.381813824176788 0.381679624319077 0.349020749330521 0.357468873262405 0.338677197694778 0.324558407068253 0.281526535749435 0.262842535972595 0.224714905023575 0.183434352278709 0.138596639037132 0.145945087075233 0.138560757040977 0.176868915557861 0.229608744382858 0.20809930562973 0.223142713308334 0.230749949812889 0.254287898540497 0.257832467556 0.251314878463745 0.267921954393387 0.324024826288223 0.36125922203064
0.192665204405785 0.232898727059364 0.219748944044113 0.23749166727066 0.236745238304138 0.23682627081871 0.241255834698677 0.24087743461132 0.233441740274429 0.247368231415749 0.227579534053802 0.214226126670837 0.224399954080582 0.226826518774033 0.240776583552361 0.233213976025581 0.232795387506485 0.219802498817444 0.214961409568787 0.237975090742111 0.240141049027443 0.274191975593567 0.293784141540527 0.321737825870514 0.351726830005646 0.341454118490219 0.329210340976715 0.347268909215927 0.328567743301392 0.305007219314575 0.306968420743942 0.293797820806503 0.284883230924606 0.24197643995285 0.228128284215927 0.211520656943321 0.191862553358078 0.16273857653141 0.151951596140862 0.169473230838776 0.1814244389534 0.195791125297546 0.21051187813282 0.233587130904198 0.253792464733124 0.260846734046936 0.264470785856247 0.298843890428543 0.320852547883987 0.345742732286453 0.394070476293564
0.206497147679329 0.23521925508976 0.250647753477097 0.266845107078552 0.262967497110367 0.262800961732864 0.251504123210907 0.259510278701782 0.254357606172562 0.238969534635544 0.232509315013885 0.216461479663849 0.233948901295662 0.23661407828331 0.237359121441841 0.242360576987267 0.227562665939331 0.228030696511269 0.193728908896446 0.194062858819962 0.234681040048599 0.25359845161438 0.287993013858795 0.291273266077042 0.311259746551514 0.301926106214523 0.290780156850815 0.303778022527695 0.30894923210144 0.273683607578278 0.260234713554382 0.238101243972778 0.229528293013573 0.216205015778542 0.21211676299572 0.206919595599174 0.186091050505638 0.16642826795578 0.16881151497364 0.170702949166298 0.182132765650749 0.189438417553902 0.215723499655724 0.235174536705017 0.241389408707619 0.262593954801559 0.305385619401932 0.326695054769516 0.345033288002014 0.377206325531006 0.381483256816864
0.209849074482918 0.243487119674683 0.259498775005341 0.283030331134796 0.305017590522766 0.279457718133926 0.273718893527985 0.261990308761597 0.250257551670074 0.253650993108749 0.24907560646534 0.228662371635437 0.2602359354496 0.256696403026581 0.246803030371666 0.22325786948204 0.214074194431305 0.204971060156822 0.205281645059586 0.220728069543839 0.220984950661659 0.234560266137123 0.258323609828949 0.281807631254196 0.294215977191925 0.266343951225281 0.262528508901596 0.272630244493484 0.252727746963501 0.248783841729164 0.22551640868187 0.19240939617157 0.186497196555138 0.197084799408913 0.19583086669445 0.208875074982643 0.206648603081703 0.205941930413246 0.191719904541969 0.179752424359322 0.188366115093231 0.197011351585388 0.206431731581688 0.249332278966904 0.254126787185669 0.263745993375778 0.306903541088104 0.315969109535217 0.36125248670578 0.3659787774086 0.365987181663513
0.207828909158707 0.236730113625526 0.249094173312187 0.284352689981461 0.311776131391525 0.323361366987228 0.316400021314621 0.284775584936142 0.279411911964417 0.255901366472244 0.259759098291397 0.251129657030106 0.272280871868134 0.273185044527054 0.235812395811081 0.222964465618134 0.197343707084656 0.197897985577583 0.203350350260735 0.226147770881653 0.224676594138145 0.255988448858261 0.254414796829224 0.276278674602509 0.270788162946701 0.270620852708817 0.241239786148071 0.23186294734478 0.219882100820541 0.215036019682884 0.204063683748245 0.166785150766373 0.165700644254684 0.172820791602135 0.17872117459774 0.197662726044655 0.199830859899521 0.216662839055061 0.202388539910316 0.205287724733353 0.199864789843559 0.187987640500069 0.193160846829414 0.219141036272049 0.266580849885941 0.294604003429413 0.317273050546646 0.332972943782806 0.34037059545517 0.339881271123886 0.360772669315338
0.210067391395569 0.221529871225357 0.253153473138809 0.28189742565155 0.320341318845749 0.324232041835785 0.321628838777542 0.285407334566116 0.279788047075272 0.285154700279236 0.266532778739929 0.27676197886467 0.268448024988174 0.257447004318237 0.236996009945869 0.22371980547905 0.201880559325218 0.196116536855698 0.200490027666092 0.211388006806374 0.224433988332748 0.227664187550545 0.258660465478897 0.250638425350189 0.265110611915588 0.250284612178802 0.23924121260643 0.219832137227058 0.206867754459381 0.192976176738739 0.170703619718552 0.152208045125008 0.144231513142586 0.141474828124046 0.149403795599937 0.168512180447578 0.195660755038261 0.200411051511765 0.206782683730125 0.19262820482254 0.176235273480415 0.168989732861519 0.18697002530098 0.23302835226059 0.250730276107788 0.295029640197754 0.294765710830688 0.316223442554474 0.317221075296402 0.317294180393219 0.339693576097488
0.217230036854744 0.228515356779099 0.261086672544479 0.25601851940155 0.285842686891556 0.314845204353333 0.316619634628296 0.305036813020706 0.280795872211456 0.262396723031998 0.24674266576767 0.273208200931549 0.256559550762177 0.248813584446907 0.252858072519302 0.234493046998978 0.20739771425724 0.210207208991051 0.205137223005295 0.210827842354774 0.221116438508034 0.219687402248383 0.23317539691925 0.239095911383629 0.249848544597626 0.21946856379509 0.215012222528458 0.185889840126038 0.196918338537216 0.177860543131828 0.154324144124985 0.131535246968269 0.106035932898521 0.116023071110249 0.118979953229427 0.149238064885139 0.1573586165905 0.182936832308769 0.193560808897018 0.18220391869545 0.161879852414131 0.149787589907646 0.16809144616127 0.204518660902977 0.226362347602844 0.242512330412865 0.27531498670578 0.302765071392059 0.301566600799561 0.322771489620209 0.322746485471725
0.206423938274384 0.219701856374741 0.249483361840248 0.244335934519768 0.266287088394165 0.279547482728958 0.287095665931702 0.291765570640564 0.266525983810425 0.249310001730919 0.270734161138535 0.25962769985199 0.252937436103821 0.237711280584335 0.244003981351852 0.239967465400696 0.230862870812416 0.207234337925911 0.210197925567627 0.225987032055855 0.226446330547333 0.224924102425575 0.229504123330116 0.23544380068779 0.229293987154961 0.233286425471306 0.213114947080612 0.187932103872299 0.180011212825775 0.167256772518158 0.151489317417145 0.131236493587494 0.0945948362350464 0.0976379215717316 0.115279205143452 0.152533054351807 0.171404704451561 0.173216119408607 0.1839359998703 0.18048283457756 0.445430874824524 0.15750814974308 0.148712575435638 0.174467787146568 0.1871118247509 0.249027073383331 0.267281055450439 0.300515383481979 0.292762219905853 0.272028058767319 0.29278638958931
0.214793905615807 0.220840990543365 0.240999236702919 0.264923810958862 0.246309846639633 0.272632449865341 0.259072661399841 0.268292397260666 0.24673829972744 0.248753070831299 0.255758732557297 0.23583023250103 0.269281268119812 0.25000587105751 0.243887767195702 0.225690931081772 0.220457896590233 0.235347777605057 0.215318337082863 0.222247943282127 0.234558701515198 0.234718456864357 0.239463523030281 0.233196422457695 0.232754841446877 0.214045464992523 0.201260030269623 0.188640803098679 0.187071323394775 0.164533168077469 0.152742683887482 0.121222168207169 0.108245529234409 0.107921540737152 0.127293676137924 0.147475883364677 0.162724927067757 0.166297882795334 0.173406600952148 0.174412727355957 0.444897949695587 0.166546523571014 0.165314629673958 0.179073020815849 0.180779784917831 0.217624008655548 0.247850507497787 0.254264175891876 0.25427058339119 0.242192268371582 0.260992497205734
0.181118428707123 0.201343730092049 0.239559128880501 0.259829789400101 0.238574385643005 0.242387667298317 0.263887703418732 0.248210027813911 0.26419660449028 0.255758732557297 0.255186676979065 0.246142268180847 0.256475269794464 0.245468527078629 0.231730923056602 0.240754052996635 0.244395956397057 0.227428138256073 0.260419011116028 0.238005191087723 0.252706587314606 0.26910200715065 0.241583213210106 0.235215798020363 0.230555027723312 0.213603839278221 0.206390798091888 0.185407847166061 0.188528850674629 0.184390872716904 0.153031274676323 0.140171021223068 0.140598699450493 0.129577115178108 0.136318042874336 0.142828300595284 0.160623967647552 0.162769213318825 0.167550206184387 0.162926375865936 0.162013828754425 0.163212522864342 0.156445220112801 0.134715989232063 0.162494480609894 0.188572749495506 0.217134267091751 0.20664756000042 0.2066810131073 0.212363213300705 0.249369665980339
0.178248524665833 0.20823535323143 0.239502876996994 0.225960448384285 0.231109008193016 0.249620229005814 0.242911294102669 0.258942931890488 0.24489039182663 0.254953950643539 0.256689786911011 0.252449691295624 0.256742358207703 0.236097171902657 0.225921779870987 0.236394703388214 0.233043998479843 0.254941254854202 0.260074526071548 0.248444586992264 0.264563947916031 0.27785450220108 0.27308788895607 0.251627773046494 0.227059856057167 0.228411003947258 0.211348041892052 0.199672222137451 0.171479597687721 0.170825615525246 0.156590208411217 0.148669198155403 0.139176234602928 0.139496132731438 0.144551172852516 0.147227063775063 0.155722975730896 0.154569327831268 0.152481555938721 0.142088413238525 0.145217001438141 0.129989773035049 0.126355782151222 0.117561765015125 0.123334139585495 0.139731898903847 0.161158889532089 0.185257971286774 0.197199642658234 0.202331468462944 0.22428885102272
0.168064326047897 0.181385397911072 0.207037433981895 0.217555850744247 0.216841086745262 0.222606614232063 0.233687803149223 0.233643442392349 0.249493613839149 0.250922381877899 0.250437527894974 0.246113732457161 0.2469252794981 0.236378625035286 0.208126842975616 0.223096340894699 0.230645626783371 0.245617613196373 0.243058279156685 0.269113957881927 0.277427494525909 0.282739520072937 0.277345418930054 0.279284119606018 0.240347683429718 0.21691669523716 0.203137755393982 0.19700713455677 0.184062615036964 0.172358438372612 0.163686335086823 0.156463027000427 0.141413241624832 0.129198104143143 0.1291244328022 0.132885992527008 0.140632688999176 0.149595499038696 0.455130606889725 0.434626817703247 0.399041503667831 0.380218178033829 0.373554795980453 0.351006388664246 0.334418654441833 0.395699501037598 0.137486442923546 0.140309408307076 0.157619476318359 0.166356027126312 0.179980427026749
0.143527552485466 0.180784359574318 0.19950370490551 0.198352783918381 0.221620589494705 0.233026042580605 0.211070165038109 0.249428987503052 0.246963560581207 0.25737339258194 0.240852802991867 0.229795277118683 0.233235225081444 0.223266452550888 0.193821653723717 0.216490104794502 0.227331414818764 0.238896399736404 0.260747075080872 0.272018164396286 0.291468620300293 0.28923824429512 0.260280340909958 0.260253667831421 0.243040010333061 0.208411380648613 0.222888097167015 0.205810993909836 0.195557162165642 0.175334215164185 0.163106337189674 0.157969921827316 0.129154771566391 0.132669717073441 0.124087497591972 0.447453886270523 0.438717931509018 0.441437661647797 0.417453765869141 0.416143178939819 0.36149474978447 0.338569521903992 0.326648592948914 0.296044290065765 0.295627027750015 0.308587700128555 0.377432197332382 0.119475074112415 0.137613877654076 0.138672828674316 0.151338145136833
0.126059502363205 0.159536093473434 0.182403907179832 0.206024512648582 0.208685338497162 0.222243949770927 0.218663617968559 0.225153088569641 0.214642822742462 0.256097406148911 0.238945305347443 0.216254159808159 0.220141217112541 0.205810725688934 0.185939729213715 0.19958433508873 0.239776566624641 0.267580926418304 0.262277066707611 0.286229491233826 0.298201441764832 0.298036098480225 0.282715737819672 0.255645513534546 0.245084092020988 0.240440994501114 0.219074219465256 0.200883999466896 0.197571024298668 0.19679157435894 0.179538384079933 0.153120756149292 0.142364844679832 0.129486620426178 0.40643498301506 0.386420398950577 0.371833652257919 0.388300895690918 0.406225919723511 0.380695641040802 0.369181990623474 0.315397709608078 0.29022690653801 0.272508531808853 0.283459544181824 0.308577448129654 0.349688112735748 0.361090958118439 0.396955519914627 0.406605005264282 0.400223881006241
