data/climate_estimation/maxent_output/Lilium_nanum.asc
NCOLS 226 
NROWS 37 
XLLCORNER 81.8333333333333 
YLLCORNER 26.8333333333333 
CELLSIZE 0.0833333333333333 
NODATA_value -3.4e+38 
[rows 0 to 19 of 37, columns 176 to 219 of 226]
0.526082217693329 0.568828403949738 0.744712710380554 0.477629363536835 0.451349437236786 0.417180776596069 0.49167388677597 0.76926988363266 0.682933807373047 0.821065008640289 0.857025444507599 0.858770668506622 0.754774153232574 0.804686486721039 0.79363614320755 0.671037077903748 0.671915411949158 0.776406824588776 0.884323418140411 0.926369726657867 0.904572188854218 0.930402457714081 0.886340439319611 0.840530455112457 0.903336763381958 0.985532522201538 0.98577469587326 0.868276655673981 0.807707190513611 0.900525748729706 0.521380543708801 0.877986252307892 0.862918496131897 0.789949715137482 0.816882312297821 0.817189991474152 0.606784999370575 0.578759908676147 0.799817562103271 0.881755769252777 0.883966565132141 0.853139877319336 0.788600444793701 0.787281453609467
0.60705977678299 0.672442018985748 0.784060657024384 0.556502819061279 0.489907383918762 0.526982426643372 0.545188248157501 0.678537666797638 0.501689732074738 0.740976572036743 0.868951737880707 0.874679863452911 0.782912194728851 0.791302800178528 0.834919989109039 0.741767585277557 0.707580924034119 0.660863161087036 0.662989377975464 0.939971208572388 0.941540420055389 0.939531147480011 0.921178996562958 0.872358798980713 0.901457726955414 0.925363600254059 0.987671852111816 0.922559678554535 0.893596529960632 0.986689448356628 0.984662771224976 0.853544533252716 0.678662717342377 0.807322323322296 0.847030162811279 0.836198925971985 0.848723113536835 0.824546754360199 0.980035662651062 0.983501017093658 0.870086193084717 0.826523780822754 0.671093881130219 0.7191521525383
0.471100211143494 0.590523362159729 0.763397693634033 0.636583626270294 0.592339336872101 0.510076224803925 0.50086385011673 0.519146919250488 0.46545472741127 0.716381967067719 0.893633544445038 0.88379567861557 0.839870631694794 0.762245714664459 0.769856810569763 0.853227853775024 0.819467008113861 0.733769416809082 0.636665225028992 0.742034316062927 0.847169637680054 0.94650399684906 0.944075584411621 0.932237088680267 0.914467513561249 0.925287187099457 0.925748825073242 0.931074202060699 0.989528477191925 0.982819497585297 0.989774823188782 0.723491489887238 0.697214722633362 0.883884131908417 0.858227491378784 0.904228627681732 0.849834144115448 0.873188614845276 0.856968462467194 0.982470989227295 0.890901803970337 0.86756831407547 0.843918323516846 0.868490874767303
0.658059179782867 0.590149700641632 0.776479005813599 0.668388664722443 0.586753308773041 0.613535583019257 0.591160237789154 0.499469667673111 0.530317366123199 0.739741086959839 0.872704684734344 0.912715375423431 0.907273769378662 0.754040062427521 0.744813501834869 0.776902377605438 0.86221581697464 0.759252190589905 0.656049966812134 0.74444317817688 0.743432641029358 0.860418379306793 0.939368009567261 0.9404057264328 0.927519381046295 0.931240022182465 0.910233855247498 0.783595025539398 0.902673006057739 0.990915954113007 0.989059448242188 0.922194540500641 0.739877283573151 0.900388598442078 0.91975736618042 0.899401128292084 0.735622107982635 0.716824352741241 0.869331181049347 0.985967993736267 0.903573751449585 0.865608215332031 0.861602783203125 0.759494066238403
0.835468590259552 0.691605091094971 0.755612790584564 0.82722020149231 0.613192439079285 0.709850788116455 0.56820821762085 0.599145829677582 0.72274512052536 0.758201539516449 0.588346183300018 0.795244157314301 0.902499079704285 0.909233272075653 0.871409833431244 0.755660057067871 0.817245423793793 0.864981651306152 0.681181788444519 0.715970635414124 0.872083127498627 0.957078456878662 0.959205269813538 0.872897207736969 0.941129744052887 0.943832457065582 0.944100737571716 0.836111068725586 0.920204401016235 0.947375953197479 0.983269512653351 0.928429841995239 0.719250202178955 0.778006434440613 0.935212314128876 0.92014479637146 0.89202892780304 0.864994049072266 0.88903546333313 0.919286489486694 0.984210789203644 0.887841105461121 0.870187163352966 0.789121389389038
0.804343938827515 0.86528742313385 0.841195821762085 0.905895352363586 0.854178607463837 0.613317966461182 0.590498983860016 0.662516713142395 0.653792500495911 0.715231120586395 0.667913973331451 0.716806411743164 0.926703691482544 0.923885107040405 0.914572179317474 0.899715662002563 0.908706367015839 0.883639931678772 0.725624024868011 0.714353621006012 0.828838169574738 0.909731984138489 0.962722599506378 0.959385097026825 0.887976169586182 0.894001662731171 0.893169403076172 0.870869874954224 0.886579811573029 0.866614937782288 0.985772430896759 0.940757274627686 0.797727346420288 0.79209315776825 0.948190271854401 0.939847767353058 0.934201955795288 0.915513157844543 0.916239798069 0.908318281173706 0.986801028251648 0.872280478477478 0.891276121139526 0.806581199169159
0.58160138130188 0.720999777317047 0.810750365257263 0.878019154071808 0.910362839698792 0.706496953964233 0.732777178287506 0.763010859489441 0.830432116985321 0.778331756591797 0.815284907817841 0.887637197971344 0.827622592449188 0.836121320724487 0.859926998615265 0.933312714099884 0.912372171878815 0.930335760116577 0.854683697223663 0.676928460597992 0.76407378911972 0.846122920513153 0.899888634681702 0.906030476093292 0.895741641521454 0.896198034286499 0.899260938167572 0.89455258846283 0.843905568122864 0.855957269668579 0.942003905773163 0.891578733921051 0.958634495735168 0.954989790916443 0.952492117881775 0.82238358259201 0.948697865009308 0.933962106704712 0.931553363800049 0.909708261489868 0.898818075656891 0.822142601013184 0.901914656162262 0.837950170040131
0.945263087749481 0.826727390289307 0.735912144184113 0.907137155532837 0.856664061546326 0.828860342502594 0.797508358955383 0.874710857868195 0.884266018867493 0.775654137134552 0.855503976345062 0.819973766803741 0.742437303066254 0.716929733753204 0.651451826095581 0.789110600948334 0.91012579202652 0.919946014881134 0.900464415550232 0.796927452087402 0.726835906505585 0.72974419593811 0.821155250072479 0.921296358108521 0.923860371112823 0.906120896339417 0.915200054645538 0.913469076156616 0.898137807846069 0.91595733165741 0.956584811210632 0.942816972732544 0.963433563709259 0.952885150909424 0.883187890052795 0.845651090145111 0.953948974609375 0.94312310218811 0.936143219470978 0.925553858280182 0.940029740333557 0.851070165634155 0.85087776184082 0.85234671831131
0.952459931373596 0.934401214122772 0.569738686084747 0.8707634806633 0.829621553421021 0.708049535751343 0.862894117832184 0.926992118358612 0.921432793140411 0.736159205436707 0.88666844367981 0.858058393001556 0.793747782707214 0.793457567691803 0.770027697086334 0.73827189207077 0.918617188930511 0.883721888065338 0.920499205589294 0.919571936130524 0.826919436454773 0.804150521755219 0.769867420196533 0.77299827337265 0.919068098068237 0.921945691108704 0.893681168556213 0.921619892120361 0.921117961406708 0.840939879417419 0.92153388261795 0.922978460788727 0.908260941505432 0.906383872032166 0.894982993602753 0.89298939704895 0.954200744628906 0.947739660739899 0.941920340061188 0.773347973823547 0.920995891094208 0.909833014011383 0.763859391212463 0.866851806640625
0.934563159942627 0.944208562374115 0.886229634284973 0.960416793823242 0.879932880401611 0.88362443447113 0.8501256108284 0.868279099464417 0.948489189147949 0.931715369224548 0.936666965484619 0.89688241481781 0.799876868724823 0.838459134101868 0.888235032558441 0.867789685726166 0.840013444423676 0.941930711269379 0.925702631473541 0.915129959583282 0.932610988616943 0.903553903102875 0.83215868473053 0.825571596622467 0.863457858562469 0.89668333530426 0.88758373260498 0.882774233818054 0.91057950258255 0.865025281906128 0.922230839729309 0.858206570148468 0.911734640598297 0.834383428096771 0.910097539424896 0.917130470275879 0.958218514919281 0.956844925880432 0.83188384771347 0.853629350662231 0.941597104072571 0.903197109699249 0.747001588344574 0.78091162443161
0.938412845134735 0.957413017749786 0.960774958133698 0.950652122497559 0.950820446014404 0.949671864509583 0.936651945114136 0.914851784706116 0.908153116703033 0.951072216033936 0.941713213920593 0.931751012802124 0.837168514728546 0.844709277153015 0.888392746448517 0.942940652370453 0.931366980075836 0.917801856994629 0.90500807762146 0.922898352146149 0.893881916999817 0.935632765293121 0.9029820561409 0.851154386997223 0.921202778816223 0.902862846851349 0.901618421077728 0.827391982078552 0.920665562152863 0.914842069149017 0.916303634643555 0.904212296009064 0.877808928489685 0.883069455623627 0.923248529434204 0.915066182613373 0.914222359657288 0.898725569248199 0.900535345077515 0.85005247592926 0.957326292991638 0.915590405464172 0.770343661308289 0.76076877117157
0.9562126994133 0.93050616979599 0.969932436943054 0.968607187271118 0.947301805019379 0.957149922847748 0.95448887348175 0.913950800895691 0.937032103538513 0.883024990558624 0.955493450164795 0.951384484767914 0.904914021492004 0.79807436466217 0.933035612106323 0.914704263210297 0.928040683269501 0.934311747550964 0.928426623344421 0.92925763130188 0.842053651809692 0.861182868480682 0.9134162068367 0.908406734466553 0.907905519008636 0.854466557502747 0.909334897994995 0.849290192127228 0.893401682376862 0.923505365848541 0.906560242176056 0.8704993724823 0.911588490009308 0.916440308094025 0.91321474313736 0.933914363384247 0.919323682785034 0.922710597515106 0.91810131072998 0.964772820472717 0.959966778755188 0.795771062374115 0.767402350902557 0.778701543807983
0.965258896350861 0.973415672779083 0.946779787540436 0.965826332569122 0.964226126670837 0.963456988334656 0.964746952056885 0.933958530426025 0.946194708347321 0.936148822307587 0.938433647155762 0.958722531795502 0.94595742225647 0.897956430912018 0.896069586277008 0.890970766544342 0.849753022193909 0.913595020771027 0.829447269439697 0.920736491680145 0.929888010025024 0.90109920501709 0.874918341636658 0.927371323108673 0.873456954956055 0.897045850753784 0.921201407909393 0.863586246967316 0.873102247714996 0.775369763374329 0.900229215621948 0.874093413352966 0.905593693256378 0.92382538318634 0.92729640007019 0.916509926319122 0.912995219230652 0.929531693458557 0.789852678775787 0.941406428813934 0.92133754491806 0.746071517467499 0.742175877094269 0.801203966140747
0.973744928836823 0.964576065540314 0.892651259899139 0.964175403118134 0.972966969013214 0.967414259910583 0.971243560314178 0.962937891483307 0.947955429553986 0.963020443916321 0.91830313205719 0.947346806526184 0.960668444633484 0.942811071872711 0.910299777984619 0.888685762882233 0.882200419902802 0.864448606967926 0.812080800533295 0.939695417881012 0.868781089782715 0.921847403049469 0.91846227645874 0.903055250644684 0.87644898891449 0.905888855457306 0.887189626693726 0.875075221061707 0.851897835731506 0.861205518245697 0.91215056180954 0.903060793876648 0.910296022891998 0.903963446617126 0.930604994297028 0.93700110912323 0.889975309371948 0.853756666183472 0.871037662029266 0.939234614372253 0.936876773834229 0.861322522163391 0.778330743312836 0.841099083423615
0.979637682437897 0.971104025840759 0.979246139526367 0.771464586257935 0.946610689163208 0.976200878620148 0.962171196937561 0.960004925727844 0.957087397575378 0.960995256900787 0.953265190124512 0.95437890291214 0.949715614318848 0.927700459957123 0.919709205627441 0.921955525875092 0.895870268344879 0.899682641029358 0.881819128990173 0.87785005569458 0.92275333404541 0.934676110744476 0.852486312389374 0.873798191547394 0.924962937831879 0.918313205242157 0.832553625106812 0.899020195007324 0.898658514022827 0.889172792434692 0.918548047542572 0.870742738246918 0.925434827804565 0.912900328636169 0.912283957004547 0.900806903839111 0.831465363502502 0.909477174282074 0.930870473384857 0.947761297225952 0.935612440109253 0.805367887020111 0.798788130283356 0.879764795303345
0.97675096988678 0.974129498004913 0.975698471069336 0.980135858058929 0.772580981254578 0.94243723154068 0.938584566116333 0.94788783788681 0.799534201622009 0.932313442230225 0.916475772857666 0.965130031108856 0.962621569633484 0.947162747383118 0.937987804412842 0.938900172710419 0.938304603099823 0.928485691547394 0.931172788143158 0.892333686351776 0.882110118865967 0.933309972286224 0.808553576469421 0.897095799446106 0.905606925487518 0.888684630393982 0.86583149433136 0.92997819185257 0.890395104885101 0.883365213871002 0.903846621513367 0.880671918392181 0.933419167995453 0.914906144142151 0.929999828338623 0.901830196380615 0.924295008182526 0.913122236728668 0.925516426563263 0.905399024486542 0.833315849304199 0.819315910339355 0.818541586399078 0.864084422588348
0.960284829139709 0.977872967720032 0.978177011013031 0.977916419506073 0.968299448490143 0.676922202110291 0.808587968349457 0.885324954986572 0.943009734153748 0.96685254573822 0.969527900218964 0.950721800327301 0.948551714420319 0.935699284076691 0.938574075698853 0.912674009799957 0.927484333515167 0.928488254547119 0.945784330368042 0.937957763671875 0.927983403205872 0.927996575832367 0.838536381721497 0.912347197532654 0.920171856880188 0.878643274307251 0.903375804424286 0.809690654277802 0.901652455329895 0.866621732711792 0.88915342092514 0.936013758182526 0.894270420074463 0.907984256744385 0.91461181640625 0.914891123771667 0.938238859176636 0.934260725975037 0.950714945793152 0.920095205307007 0.90143096446991 0.842964589595795 0.85765266418457 0.900591373443604
0.912635922431946 0.965020179748535 0.928913831710815 0.958473742008209 0.976472914218903 0.940029323101044 0.448490023612976 0.928519904613495 0.973392069339752 0.962967813014984 0.971027910709381 0.956831812858582 0.949965059757233 0.945243179798126 0.934675335884094 0.923638999462128 0.956642925739288 0.959356725215912 0.935149848461151 0.939146101474762 0.934960663318634 0.931708037853241 0.890264332294464 0.703109860420227 0.928905546665192 0.84045147895813 0.850659072399139 0.8609539270401 0.891314923763275 0.909772276878357 0.903465867042542 0.898108780384064 0.865366220474243 0.924210846424103 0.934185743331909 0.928945124149323 0.944037139415741 0.93351548910141 0.90762186050415 0.953509569168091 0.907039940357208 0.899521291255951 0.927049219608307 0.926162004470825
0.855294644832611 0.727618396282196 0.884906470775604 0.963791310787201 0.962972044944763 0.923959136009216 0.509550213813782 0.902472853660583 0.964083433151245 0.962137281894684 0.959021389484406 0.93511825799942 0.950365722179413 0.946036159992218 0.958104252815247 0.947367906570435 0.955256998538971 0.952309191226959 0.943513095378876 0.942649602890015 0.943128943443298 0.924570202827454 0.943855583667755 0.650474369525909 0.920130908489227 0.939739942550659 0.906543076038361 0.903327584266663 0.790600121021271 0.901203036308289 0.909557521343231 0.924788355827332 0.837138831615448 0.95179671049118 0.933535873889923 0.936423122882843 0.949151873588562 0.924114465713501 0.949410796165466 0.964457750320435 0.900374948978424 0.944269299507141 0.932406067848206 0.967217564582825
0.475866734981537 0.702414870262146 0.926214873790741 0.962293446063995 0.964103579521179 0.854738175868988 0.582642793655396 0.944962918758392 0.961344957351685 0.962536752223969 0.949466466903687 0.93134218454361 0.957655131816864 0.898370981216431 0.945976257324219 0.943715810775757 0.943515837192535 0.936475217342377 0.940104484558105 0.909865319728851 0.939957559108734 0.918177366256714 0.918802380561829 0.686294674873352 0.7874675989151 0.91966450214386 0.918280422687531 0.943754136562347 0.724363148212433 0.926340818405151 0.918240666389465 0.924995362758636 0.870220839977264 0.879480242729187 0.956758618354797 0.95303338766098 0.946860730648041 0.95296037197113 0.960877954959869 0.9555943608284 0.925357460975647 0.913810968399048 0.976995825767517 0.98807430267334
