data/climate_estimation/maxent_output/Lilium_grayi.asc
NCOLS 46 
NROWS 30 
XLLCORNER -83.25 
YLLCORNER 35.0833333333333 
CELLSIZE 0.0833333333333332 
NODATA_value -3.4e+38 
[rows 0 to 18 of 30, columns 0 to 43 of 46]
0.020398586988449 0.0201483312994242 0.0234389882534742 0.0212146416306496 0.0208739936351776 0.0184603836387396 0.0186141971498728 0.0177722238004208 0.0180790536105633 0.0187963377684355 0.0211719162762165 0.126101449131966 0.125637173652649 0.15101321041584 0.163453593850136 0.332271933555603 0.320705860853195 0.317353934049606 0.140095442533493 0.13992814719677 0.0981666073203087 0.0906728729605675 0.077073760330677 0.0635507851839066 0.0659753158688545 0.0630680248141289 0.0929951295256615 0.0919296890497208 0.0710168406367302 0.0614636577665806 0.0587954334914684 0.0615700222551823 0.0609033368527889 0.122942909598351 0.135010600090027 0.186521947383881 0.188325047492981 0.179102957248688 0.136443853378296 0.203392639756203 0.182549715042114 0.202262461185455 0.21468348801136 0.211511701345444
0.0273922346532345 0.0280624963343143 0.0286478046327829 0.0298086851835251 0.0250078737735748 0.0253016501665115 0.0249267965555191 0.129397302865982 0.118813179433346 0.130779460072517 0.117440469563007 0.116675205528736 0.167980641126633 0.165715783834457 0.165628254413605 0.183668345212936 0.311482012271881 0.171514391899109 0.13247774541378 0.123977646231651 0.104175835847855 0.0778784826397896 0.0716039165854454 0.0640007257461548 0.0591167360544205 0.0963869094848633 0.0881239622831345 0.082795761525631 0.0636874809861183 0.0583022572100163 0.058850884437561 0.0894070044159889 0.143638417124748 0.138143822550774 0.122531890869141 0.127958595752716 0.18941967189312 0.183506205677986 0.197084486484528 0.210352629423141 0.211965620517731 0.228943437337875 0.24436117708683 0.349696844816208
0.0301118195056915 0.0299947522580624 0.0282613579183817 0.0285710748285055 0.0284608528017998 0.0253820605576038 0.130443781614304 0.141070887446404 0.130265235900879 0.128383129835129 0.10711170732975 0.141511291265488 0.153772681951523 0.166132777929306 0.169627323746681 0.171975374221802 0.174282312393188 0.161725267767906 0.12462505698204 0.116948172450066 0.10078502446413 0.0758448988199234 0.0668881088495255 0.0605079084634781 0.055981457233429 0.0908260345458984 0.107981286942959 0.100072741508484 0.0592689216136932 0.060073047876358 0.0753971338272095 0.121773302555084 0.218775123357773 0.121316954493523 0.116507172584534 0.140893906354904 0.181567639112473 0.200733840465546 0.220544338226318 0.243979886174202 0.248064860701561 0.329026192426682 0.268486529588699 0.318936347961426
0.0286149140447378 0.0302344616502523 0.0325282365083694 0.035168893635273 0.0354693718254566 0.0358332507312298 0.140894398093224 0.130332946777344 0.154564738273621 0.140774548053741 0.141791760921478 0.153666853904724 0.129415437579155 0.168594986200333 0.16947890818119 0.172847881913185 0.147281512618065 0.136263594031334 0.127619549632072 0.110065847635269 0.101525254547596 0.09181297570467 0.0843239054083824 0.0628980621695518 0.0632514655590057 0.111334443092346 0.10389282554388 0.108130306005478 0.0995544493198395 0.0861915871500969 0.0537658482789993 0.0711868181824684 0.0792070031166077 0.11300228536129 0.125549972057343 0.141032531857491 0.153511002659798 0.208096787333488 0.206367447972298 0.268583178520203 0.283943027257919 0.303267389535904 0.303500264883041 0.303952515125275
0.0404534749686718 0.03723119571805 0.0349848419427872 0.0364385917782784 0.0337314009666443 0.0338769778609276 0.170775473117828 0.154865011572838 0.153955459594727 0.153179198503494 0.11772046983242 0.142398774623871 0.157139390707016 0.169794335961342 0.172480031847954 0.176098421216011 0.180329859256744 0.160084575414658 0.149066865444183 0.120967388153076 0.120441541075706 0.109979420900345 0.118346884846687 0.101255044341087 0.0848429799079895 0.115497134625912 0.106261432170868 0.0852040648460388 0.120207749307156 0.0836326405405998 0.0765233635902405 0.0775126591324806 0.103778354823589 0.130281358957291 0.144717395305634 0.1616490483284 0.210072085261345 0.22835847735405 0.268343806266785 0.308009326457977 0.327267944812775 0.32908833026886 0.324768841266632 0.32662832736969
0.0347749851644039 0.0381635613739491 0.0323581472039223 0.0304118525236845 0.0295949932187796 0.0303217768669128 0.0369807258248329 0.142609491944313 0.144106656312943 0.144106656312943 0.142525494098663 0.143936961889267 0.145335480570793 0.156290292739868 0.186973586678505 0.195093855261803 0.190971031785011 0.195860490202904 0.152806043624878 0.143128514289856 0.134039685130119 0.185484826564789 0.171711355447769 0.159914404153824 0.184957429766655 0.150306090712547 0.10095239430666 0.0924567803740501 0.0795015171170235 0.0760817304253578 0.0773449018597603 0.0793431773781776 0.11441208422184 0.142817690968513 0.158103182911873 0.227732643485069 0.191064789891243 0.146693348884583 0.27789044380188 0.401411265134811 0.382895648479462 0.383808881044388 0.376894235610962 0.441412627696991
0.037829514592886 0.0334505178034306 0.0393627136945724 0.0352268256247044 0.0360021516680717 0.0522478222846985 0.0475375950336456 0.155103355646133 0.143851831555367 0.142477884888649 0.156092420220375 0.158086717128754 0.186530351638794 0.173656716942787 0.189616441726685 0.193075910210609 0.196821764111519 0.197975233197212 0.217802867293358 0.2339828312397 0.203129127621651 0.218134999275208 0.189516469836235 0.237629905343056 0.208789303898811 0.177940100431442 0.141473829746246 0.0950149223208427 0.0817175433039665 0.0753548219799995 0.0639764219522476 0.0941792950034142 0.133709371089935 0.153938591480255 0.163425713777542 0.171568229794502 0.153682991862297 0.202321991324425 0.369182139635086 0.35478675365448 0.409881085157394 0.432929366827011 0.433062702417374 0.50030791759491
0.0406540259718895 0.041781809180975 0.041795939207077 0.0534125342965126 0.0749536901712418 0.0399488359689713 0.0353925563395023 0.0354813523590565 0.155991733074188 0.145680353045464 0.170510917901993 0.145657241344452 0.145127594470978 0.150834113359451 0.164257645606995 0.209739148616791 0.307885587215424 0.350111663341522 0.290481448173523 0.188322082161903 0.17773525416851 0.27256378531456 0.282703727483749 0.218240708112717 0.18762469291687 0.117580749094486 0.0988405644893646 0.0844082459807396 0.0900971367955208 0.0852039232850075 0.0973455235362053 0.139947846531868 0.148560494184494 0.173853650689125 0.19138976931572 0.208419635891914 0.221596732735634 0.342810958623886 0.416838437318802 0.400808811187744 0.402294158935547 0.462284624576569 0.466100037097931 0.564547002315521
0.035812258720398 0.0394248254597187 0.051023967564106 0.0627043917775154 0.0416623763740063 0.025931604206562 0.0319599136710167 0.0779867321252823 0.199442103505135 0.123514696955681 0.103571251034737 0.124070696532726 0.149590104818344 0.194192498922348 0.281859457492828 0.248355224728584 0.248387828469276 0.232547745108604 0.220404922962189 0.344521999359131 0.32173553109169 0.29780912399292 0.341107726097107 0.238742262125015 0.179548531770706 0.16251514852047 0.137848064303398 0.0936952605843544 0.101409129798412 0.0989705249667168 0.115588918328285 0.16304874420166 0.169677570462227 0.192921295762062 0.21723610162735 0.240528985857964 0.315093696117401 0.479427576065063 0.477697134017944 0.449227780103683 0.44975072145462 0.521677255630493 0.497171014547348 0.598210990428925
0.0276905559003353 0.0360381156206131 0.0188708137720823 0.0170927494764328 0.023782953619957 0.0339828170835972 0.0330780558288097 0.0175195466727018 0.0153258703649044 0.0202355533838272 0.115796230733395 0.126226678490639 0.149459511041641 0.165406048297882 0.195529341697693 0.195477172732353 0.231942817568779 0.251891434192657 0.360438108444214 0.361053258180618 0.434345990419388 0.420131772756577 0.409369319677353 0.34331426024437 0.278990387916565 0.197458058595657 0.173451274633408 0.14467117190361 0.115820333361626 0.150525867938995 0.162044867873192 0.188461765646935 0.21547669172287 0.238448366522789 0.268454700708389 0.487190961837769 0.519629120826721 0.534191906452179 0.48101082444191 0.478861451148987 0.476948171854019 0.553708672523499 0.65568882226944 0.596592009067535
0.0203519910573959 0.018783014267683 0.0117615237832069 0.016361229121685 0.0143712228164077 0.0125799914821982 0.0111911380663514 0.0106490096077323 0.0145239448174834 0.0183290522545576 0.0200350731611252 0.104797393083572 0.1263477653265 0.167071908712387 0.196746006608009 0.232550427317619 0.250779658555984 0.479602307081223 0.491319388151169 0.553951561450958 0.67449426651001 0.591712474822998 0.557933330535889 0.432807415723801 0.33055055141449 0.212237671017647 0.178367182612419 0.156839355826378 0.165318608283997 0.188314333558083 0.216315120458603 0.236075416207314 0.270328521728516 0.281451761722565 0.384204596281052 0.563133835792542 0.567209541797638 0.587274968624115 0.503517925739288 0.477295339107513 0.52326762676239 0.497608333826065 0.491522222757339 0.543278396129608
0.015923822298646 0.0125335957854986 0.0102668050676584 0.00916804000735283 0.0101986965164542 0.0101304203271866 0.00966487545520067 0.00875592604279518 0.00947772245854139 0.0094419727101922 0.0118507854640484 0.0231761280447245 0.128694340586662 0.150884613394737 0.182029038667679 0.229279950261116 0.375242620706558 0.557380259037018 0.612366676330566 0.731157600879669 0.707392871379852 0.69521576166153 0.451571196317673 0.421707779169083 0.359443604946136 0.223212957382202 0.196980774402618 0.195376709103584 0.208002999424934 0.235382780432701 0.346162557601929 0.442119777202606 0.48783940076828 0.614594459533691 0.678930163383484 0.638150691986084 0.551630616188049 0.558137655258179 0.507417321205139 0.577804327011108 0.495586782693863 0.430466681718826 0.467574596405029 0.531514465808868
0.0125512341037393 0.00999446213245392 0.00956838857382536 0.0082893306389451 0.00776050006970763 0.00905921589583158 0.00767737161368132 0.00763944815844297 0.00520155625417829 0.0075919833034277 0.0107651650905609 0.0130373770371079 0.105751506984234 0.139237597584724 0.193803951144218 0.449624508619308 0.672851085662842 0.634326279163361 0.767723321914673 0.757842183113098 0.707354366779327 0.672234296798706 0.588371455669403 0.457520633935928 0.382178157567978 0.297544807195663 0.264828711748123 0.258653074502945 0.360815584659576 0.382323771715164 0.541288077831268 0.564820468425751 0.649518549442291 0.675313234329224 0.665836036205292 0.666437268257141 0.663668990135193 0.632014214992523 0.545030236244202 0.519251823425293 0.458897918462753 0.405407279729843 0.381816148757935 0.382522732019424
0.0115064512938261 0.00978372152894735 0.00866764318197966 0.00683653075248003 0.00589907262474298 0.00580410053953528 0.00665928469970822 0.00629797438159585 0.00643852492794394 0.00610854756087065 0.00854039285331964 0.0114293321967125 0.0240778774023056 0.345725744962692 0.487636029720306 0.686119079589844 0.693100273609161 0.646337568759918 0.797034859657288 0.786233425140381 0.77090185880661 0.716064870357513 0.573127627372742 0.540380358695984 0.535331070423126 0.397954255342484 0.425750821828842 0.42432627081871 0.51325523853302 0.540806889533997 0.53805547952652 0.542926251888275 0.652666628360748 0.644255697727203 0.646137177944183 0.606235504150391 0.603227198123932 0.56839394569397 0.511736512184143 0.457037687301636 0.409587025642395 0.355722725391388 0.357155829668045 0.378148406744003
0.00828391127288342 0.00717832939699292 0.00569600332528353 0.00573588721454144 0.00603172043338418 0.00673919776454568 0.00670117046684027 0.00780070666223764 0.00819452200084925 0.00800034590065479 0.0106823230162263 0.0140832550823689 0.155389726161957 0.236017838120461 0.489962428808212 0.658002316951752 0.78190416097641 0.795116543769836 0.804545998573303 0.781551778316498 0.798669815063477 0.775848209857941 0.666373908519745 0.608517408370972 0.567076086997986 0.571471929550171 0.566260159015656 0.564926266670227 0.607145667076111 0.570239245891571 0.53957200050354 0.569750785827637 0.537987768650055 0.58758670091629 0.60248601436615 0.638708353042603 0.546760380268097 0.460246056318283 0.405269861221313 0.377049565315247 0.352165997028351 0.379465579986572 0.185371518135071 0.170050114393234
0.00619550934061408 0.00491135660558939 0.00566800124943256 0.0057401773519814 0.00509312516078353 0.00577681232243776 0.00756621360778809 0.00743748107925057 0.0082330871373415 0.0107453875243664 0.0194734651595354 0.109598062932491 0.218931615352631 0.492125749588013 0.742822408676147 0.793453216552734 0.819615304470062 0.835472702980042 0.80257660150528 0.82639878988266 0.831308722496033 0.818651974201202 0.78275591135025 0.66231632232666 0.661571145057678 0.667294383049011 0.666408538818359 0.739952981472015 0.679273068904877 0.62144672870636 0.585384607315063 0.584839761257172 0.577823042869568 0.567936778068542 0.562916338443756 0.460036903619766 0.398956954479218 0.377041429281235 0.371682077646255 0.368389040231705 0.372408509254456 0.347748517990112 0.172107353806496 0.169212728738785
0.005356375128031 0.00425616418942809 0.00413072109222412 0.00420305132865906 0.00405892496928573 0.00548934936523438 0.00556505331769586 0.00593004981055856 0.00919004250317812 0.0643674731254578 0.204643696546555 0.302596300840378 0.549056589603424 0.752701640129089 0.756105780601501 0.759864330291748 0.738822281360626 0.852521181106567 0.845262229442596 0.845625519752502 0.856051445007324 0.829854369163513 0.728532016277313 0.72652280330658 0.724924087524414 0.700012862682343 0.639666497707367 0.682881474494934 0.652019739151001 0.644912719726562 0.584859132766724 0.587644696235657 0.548879325389862 0.510488629341125 0.503463625907898 0.377235174179077 0.350397557020187 0.344343185424805 0.34626093506813 0.341559529304504 0.345911890268326 0.170657694339752 0.163657605648041 0.164320796728134
0.00421744538471103 0.00423346227034926 0.00416481168940663 0.00424048118293285 0.00469296239316463 0.0046452796086669 0.0332570001482964 0.0651970729231834 0.149991422891617 0.135669484734535 0.357052862644196 0.676557600498199 0.822311043739319 0.783632040023804 0.784730732440948 0.751809775829315 0.733600795269012 0.823583841323853 0.869107961654663 0.867425680160522 0.886269330978394 0.790991544723511 0.767775654792786 0.729354381561279 0.731573402881622 0.751925110816956 0.822030544281006 0.698320150375366 0.684679329395294 0.614529669284821 0.479482442140579 0.45720773935318 0.426471412181854 0.39027464389801 0.442028731107712 0.410686761140823 0.320826649665833 0.400572508573532 0.340699583292007 0.320322602987289 0.151686474680901 0.149284765124321 0.135336875915527 0.137809678912163
0.00414673192426562 0.00427902908995748 0.00441980920732021 0.00480591133236885 0.0222323164343834 0.0421081371605396 0.286792814731598 0.500842273235321 0.292372077703476 0.56268572807312 0.505219578742981 0.562122642993927 0.844569683074951 0.833604216575623 0.821058809757233 0.827827572822571 0.854222893714905 0.910494446754456 0.846541166305542 0.842117130756378 0.812326788902283 0.798033833503723 0.795293807983398 0.867923140525818 0.887249708175659 0.88203227519989 0.867393732070923 0.709584176540375 0.645285069942474 0.513335347175598 0.554743945598602 0.448376953601837 0.396761417388916 0.4549500644207 0.417734354734421 0.330478608608246 0.383659064769745 0.399541556835175 0.318619698286057 0.147643372416496 0.146779656410217 0.122796714305878 0.120965860784054 0.132007345557213
