data/climate_estimation/maxent_output/Lilium_lophophorum.asc
NCOLS 77 
NROWS 66 
XLLCORNER 97.3333333333333 
YLLCORNER 25.75 
CELLSIZE 0.0833333333333334 
NODATA_value -3.4e+38 
[rows 20 to 39 of 66, columns 0 to 43 of 77]
0.319893687963486 0.405249387025833 0.805458784103394 0.505391418933868 0.426275074481964 0.37721973657608 0.390176981687546 0.386002272367477 0.394399285316467 0.402318447828293 0.372625559568405 0.386937111616135 0.422781974077225 0.336272060871124 0.358209908008575 0.344144254922867 0.374455183744431 0.43068590760231 0.442537009716034 0.352684885263443 0.328187882900238 0.508198022842407 0.685012876987457 0.666296482086182 0.592093348503113 0.66511595249176 0.830490708351135 0.879066526889801 0.890960693359375 0.88596385717392 0.910357475280762 0.916926980018616 0.919521749019623 0.892098426818848 0.89821058511734 0.889443039894104 0.926857233047485 0.911376655101776 0.940731465816498 0.942349970340729 0.95418792963028 0.945102035999298 0.94728010892868 0.955396175384521
0.364040672779083 0.37414026260376 0.60546088218689 0.803324580192566 0.774091243743896 0.495453417301178 0.465510487556458 0.429741740226746 0.410497009754181 0.417197704315186 0.404879808425903 0.369288116693497 0.465726464986801 0.353015273809433 0.34984877705574 0.336243361234665 0.33673283457756 0.393435627222061 0.384854346513748 0.460353702306747 0.361453860998154 0.573081851005554 0.663571059703827 0.709942758083344 0.532003998756409 0.661748588085175 0.724825382232666 0.85823267698288 0.889967560768127 0.90746283531189 0.901595056056976 0.892177104949951 0.928994178771973 0.899588048458099 0.883945226669312 0.904010832309723 0.927138388156891 0.934224784374237 0.946294009685516 0.949724972248077 0.955842196941376 0.952378809452057 0.957257807254791 0.95572817325592
0.445897161960602 0.487996459007263 0.435638815164566 0.443459659814835 0.488387316465378 0.768161118030548 0.779440701007843 0.518632471561432 0.441893428564072 0.406420230865479 0.407296389341354 0.455239534378052 0.435964912176132 0.420049488544464 0.391589134931564 0.393576055765152 0.363546133041382 0.38207995891571 0.504681646823883 0.51520437002182 0.406065344810486 0.512509882450104 0.491580933332443 0.524208724498749 0.547527074813843 0.807517349720001 0.627552092075348 0.805569171905518 0.874460220336914 0.914588689804077 0.887947022914886 0.894881248474121 0.935914754867554 0.91268402338028 0.89948970079422 0.926599502563477 0.939202487468719 0.94357967376709 0.938907742500305 0.944541156291962 0.957616209983826 0.967961251735687 0.965084075927734 0.960080921649933
0.485164701938629 0.453181326389313 0.394981473684311 0.395966589450836 0.394589632749557 0.435476511716843 0.784704089164734 0.713931262493134 0.442135334014893 0.444336891174316 0.438628166913986 0.454359263181686 0.462160438299179 0.534998595714569 0.464411526918411 0.376961708068848 0.35755130648613 0.339574307203293 0.476129561662674 0.372364729642868 0.424699336290359 0.419280409812927 0.537299156188965 0.44065523147583 0.632086753845215 0.806647062301636 0.621801137924194 0.813726842403412 0.903353273868561 0.916571080684662 0.896689355373383 0.901893258094788 0.909980118274689 0.921406447887421 0.907942056655884 0.907442808151245 0.945145130157471 0.943544328212738 0.957035541534424 0.95173704624176 0.968930244445801 0.964415729045868 0.96834933757782 0.971653163433075
0.542957305908203 0.495458543300629 0.444046795368195 0.441566377878189 0.431867778301239 0.427738934755325 0.557400763034821 0.749231576919556 0.46374386548996 0.479661405086517 0.453845411539078 0.474573224782944 0.487873613834381 0.492316216230392 0.487697780132294 0.428065687417984 0.383698463439941 0.340449094772339 0.364776700735092 0.553871333599091 0.426575243473053 0.448728799819946 0.585558831691742 0.564951241016388 0.663024544715881 0.709540665149689 0.631342947483063 0.832712590694427 0.913291156291962 0.881163239479065 0.903630614280701 0.915896534919739 0.904415011405945 0.924360811710358 0.91185861825943 0.920367896556854 0.930412650108337 0.955148696899414 0.954832255840302 0.964178621768951 0.967272937297821 0.970323145389557 0.980540215969086 0.979601085186005
0.695425570011139 0.560436248779297 0.466452211141586 0.494661748409271 0.525294661521912 0.527099609375 0.498385608196259 0.707540035247803 0.643163442611694 0.487267583608627 0.497165411710739 0.489951938390732 0.498214811086655 0.499595105648041 0.50757247209549 0.561720728874207 0.446023374795914 0.49250316619873 0.369860708713531 0.556676089763641 0.421833664178848 0.475180566310883 0.620816946029663 0.735190451145172 0.616366744041443 0.730205118656158 0.622305035591125 0.806560277938843 0.883909463882446 0.921234309673309 0.902233958244324 0.918407022953033 0.907070338726044 0.918045699596405 0.932036995887756 0.944151878356934 0.939272105693817 0.949148893356323 0.961874186992645 0.963207185268402 0.976131439208984 0.974989712238312 0.975960433483124 0.967542886734009
0.84619665145874 0.639987826347351 0.517613351345062 0.515848338603973 0.55183619260788 0.65880012512207 0.764974772930145 0.78953093290329 0.773143827915192 0.735270500183105 0.52467280626297 0.528531491756439 0.477533131837845 0.524739384651184 0.543250322341919 0.628858149051666 0.479554772377014 0.605204880237579 0.43401250243187 0.440809547901154 0.452966421842575 0.508506178855896 0.659716010093689 0.682104408740997 0.54923802614212 0.615031123161316 0.755452990531921 0.850448131561279 0.916175723075867 0.907555043697357 0.889401733875275 0.92252516746521 0.918657064437866 0.922167539596558 0.933292031288147 0.925344467163086 0.949980437755585 0.965240120887756 0.968678116798401 0.958185195922852 0.978224158287048 0.976069688796997 0.980768799781799 0.958374202251434
0.811137557029724 0.854216694831848 0.619742512702942 0.511298537254333 0.639378309249878 0.609490811824799 0.658979296684265 0.657330930233002 0.703814804553986 0.795375108718872 0.582141518592834 0.526268661022186 0.545568883419037 0.528856039047241 0.531112968921661 0.656415283679962 0.493104606866837 0.642201960086823 0.467728465795517 0.583621203899384 0.477179855108261 0.53719300031662 0.62885969877243 0.67803293466568 0.550758242607117 0.674054324626923 0.813744485378265 0.834160983562469 0.92404180765152 0.879573583602905 0.930857360363007 0.919284164905548 0.916225492954254 0.923843920230865 0.942645072937012 0.952534675598145 0.954668700695038 0.952202081680298 0.949524402618408 0.973218977451324 0.959041357040405 0.983778238296509 0.974806129932404 0.971897602081299
0.700202584266663 0.863094627857208 0.813381373882294 0.616534650325775 0.600603342056274 0.599362254142761 0.556181490421295 0.592895984649658 0.577871024608612 0.786654949188232 0.688193202018738 0.577734470367432 0.565612614154816 0.524689555168152 0.570310235023499 0.719930231571198 0.481790512800217 0.601129710674286 0.579035580158234 0.735100448131561 0.555046439170837 0.569427669048309 0.727554380893707 0.602723121643066 0.681208074092865 0.784321069717407 0.779941201210022 0.897119581699371 0.877605199813843 0.908619463443756 0.919733464717865 0.892709195613861 0.90060818195343 0.934127509593964 0.948565781116486 0.956203401088715 0.963421225547791 0.974500358104706 0.977675974369049 0.956534862518311 0.960735082626343 0.983945965766907 0.940863251686096 0.977505326271057
0.690134108066559 0.85131698846817 0.84782463312149 0.711807429790497 0.640961289405823 0.611977934837341 0.611742317676544 0.600957632064819 0.596989512443542 0.716742038726807 0.707782506942749 0.79607892036438 0.601462602615356 0.610516607761383 0.624477207660675 0.681911408901215 0.614442825317383 0.652328848838806 0.681368589401245 0.704306244850159 0.532392680644989 0.658555746078491 0.629910349845886 0.605999708175659 0.766284883022308 0.789676249027252 0.898608684539795 0.884300231933594 0.897836565971375 0.844546139240265 0.897294819355011 0.935740649700165 0.911837756633759 0.944148242473602 0.957065999507904 0.95869916677475 0.964364349842072 0.97388356924057 0.948580861091614 0.958922147750854 0.97979336977005 0.971902310848236 0.959168672561646 0.979249835014343
0.821099162101746 0.860255539417267 0.807642877101898 0.697695076465607 0.679284393787384 0.681071996688843 0.647574663162231 0.649362921714783 0.638436436653137 0.635305881500244 0.687097132205963 0.789693236351013 0.694766461849213 0.682363450527191 0.66670948266983 0.597819685935974 0.618733704090118 0.556396007537842 0.57707691192627 0.716428935527802 0.662065207958221 0.641558289527893 0.590847313404083 0.664016127586365 0.706114768981934 0.869816064834595 0.863726198673248 0.915230333805084 0.845087945461273 0.899522721767426 0.93352609872818 0.908132672309875 0.912231206893921 0.954088449478149 0.963115334510803 0.963210999965668 0.933965682983398 0.971565783023834 0.970283985137939 0.981922745704651 0.965454459190369 0.970665574073792 0.96833735704422 0.977684497833252
0.761605024337769 0.879469573497772 0.836685180664062 0.771047830581665 0.730996906757355 0.741648435592651 0.718585968017578 0.71270227432251 0.689826667308807 0.664268314838409 0.695912480354309 0.678560733795166 0.649868488311768 0.718064308166504 0.702422022819519 0.646612584590912 0.637584924697876 0.69319474697113 0.511776864528656 0.707378029823303 0.631965398788452 0.660217463970184 0.764516711235046 0.708152532577515 0.703044533729553 0.880545377731323 0.884201228618622 0.889154314994812 0.789392173290253 0.916147112846375 0.908186435699463 0.909182190895081 0.921339571475983 0.93967205286026 0.966125845909119 0.966801047325134 0.9731405377388 0.972675442695618 0.917465507984161 0.978708207607269 0.977895557880402 0.967778503894806 0.955416917800903 0.976800143718719
0.855232775211334 0.80706912279129 0.78922700881958 0.74900484085083 0.752559185028076 0.720044136047363 0.751535356044769 0.7392697930336 0.754770278930664 0.728426456451416 0.758684039115906 0.754321992397308 0.686296701431274 0.717538237571716 0.696744382381439 0.730255663394928 0.5804083943367 0.584822416305542 0.549972295761108 0.80023992061615 0.774873614311218 0.736459255218506 0.697356581687927 0.730105817317963 0.874434173107147 0.886496901512146 0.857013285160065 0.780632853507996 0.838553488254547 0.921114325523376 0.927312552928925 0.918041467666626 0.93087112903595 0.949804902076721 0.965462803840637 0.96490204334259 0.960838496685028 0.971966326236725 0.962983012199402 0.963658392429352 0.978478074073792 0.976824820041656 0.861293375492096 0.974424660205841
0.848091781139374 0.832745313644409 0.812833189964294 0.812894940376282 0.806086897850037 0.779318571090698 0.815974771976471 0.821592271327972 0.765578806400299 0.77573823928833 0.75440514087677 0.777792930603027 0.724722385406494 0.527210354804993 0.742822349071503 0.761974394321442 0.764446318149567 0.647040247917175 0.660728991031647 0.69700038433075 0.808568060398102 0.688056170940399 0.634186029434204 0.757816970348358 0.803473651409149 0.799445986747742 0.888589918613434 0.877493679523468 0.896944880485535 0.918085992336273 0.9292853474617 0.935927152633667 0.949608087539673 0.953483998775482 0.969337344169617 0.951355576515198 0.964118003845215 0.955145478248596 0.967735648155212 0.965189039707184 0.976554811000824 0.977680563926697 0.863491058349609 0.959908664226532
0.839907646179199 0.804470241069794 0.827252805233002 0.835686802864075 0.832133948802948 0.808206498622894 0.818398296833038 0.812662482261658 0.7975834608078 0.788941204547882 0.778806388378143 0.755761861801147 0.779227018356323 0.461283922195435 0.746879279613495 0.768947958946228 0.768028497695923 0.645054459571838 0.591887772083282 0.768540024757385 0.827350616455078 0.74721086025238 0.602431833744049 0.818386554718018 0.860649585723877 0.835404753684998 0.87468409538269 0.891672134399414 0.889875173568726 0.915073215961456 0.921881675720215 0.945302307605743 0.9504514336586 0.953422784805298 0.950949013233185 0.966821312904358 0.927206337451935 0.958971679210663 0.975179195404053 0.882133603096008 0.974238872528076 0.975299060344696 0.872715950012207 0.969823837280273
0.830455780029297 0.808491051197052 0.845500886440277 0.786308109760284 0.828776955604553 0.818805992603302 0.814233601093292 0.797476172447205 0.798937141895294 0.776330888271332 0.791993618011475 0.758583784103394 0.747645199298859 0.499588042497635 0.645982086658478 0.7359778881073 0.782719671726227 0.781041860580444 0.566288888454437 0.800642430782318 0.802067935466766 0.803932428359985 0.646149933338165 0.660031795501709 0.851998209953308 0.837559640407562 0.805095195770264 0.810221374034882 0.892091572284698 0.911030232906342 0.925902128219604 0.930517315864563 0.938181459903717 0.935529708862305 0.909039676189423 0.967297077178955 0.960774958133698 0.961264729499817 0.963470637798309 0.901025056838989 0.940499067306519 0.968830764293671 0.815024673938751 0.962323367595673
0.823485314846039 0.837549865245819 0.852058470249176 0.701120734214783 0.750263929367065 0.82031124830246 0.821550369262695 0.799365043640137 0.802345335483551 0.783143877983093 0.741709649562836 0.769590139389038 0.763777375221252 0.62444943189621 0.684274077415466 0.760070979595184 0.761785268783569 0.694549560546875 0.625359892845154 0.803746342658997 0.801936089992523 0.793676793575287 0.773114323616028 0.591379821300507 0.581157207489014 0.863025009632111 0.867339432239532 0.843845903873444 0.829221367835999 0.915396630764008 0.925745010375977 0.930780947208405 0.942375123500824 0.957492351531982 0.807575166225433 0.96359246969223 0.954530894756317 0.971867859363556 0.925242960453033 0.764263033866882 0.964394152164459 0.969197154045105 0.810561895370483 0.909925818443298
0.84920459985733 0.874729156494141 0.759220778942108 0.609909057617188 0.319775372743607 0.682852268218994 0.771350920200348 0.813409149646759 0.793225586414337 0.782150387763977 0.782641172409058 0.573596179485321 0.786846399307251 0.736519813537598 0.551879584789276 0.716672003269196 0.758603990077972 0.756719768047333 0.695479393005371 0.693369746208191 0.819382548332214 0.736730813980103 0.809759080410004 0.794830083847046 0.61521452665329 0.681960940361023 0.863822102546692 0.849984586238861 0.87053781747818 0.909446060657501 0.932542741298676 0.937305867671967 0.945223391056061 0.961618006229401 0.865579962730408 0.894700706005096 0.962639391422272 0.963843584060669 0.695780158042908 0.9338618516922 0.955034554004669 0.945991694927216 0.721893846988678 0.781383872032166
0.849987685680389 0.602268576622009 0.204622030258179 0.193722516298294 0.306938916444778 0.83508962392807 0.821383357048035 0.81242835521698 0.783796191215515 0.748362123966217 0.753767788410187 0.569548785686493 0.745122909545898 0.777082920074463 0.631342470645905 0.312031000852585 0.673806607723236 0.776715874671936 0.687049388885498 0.707334518432617 0.794698059558868 0.766930520534515 0.708291351795197 0.823180317878723 0.711123406887054 0.724570870399475 0.843839824199677 0.843414306640625 0.874208688735962 0.891459226608276 0.935503482818604 0.93368399143219 0.94712907075882 0.963732182979584 0.923929154872894 0.752764999866486 0.916118919849396 0.908007383346558 0.756346106529236 0.956177711486816 0.953616380691528 0.957944750785828 0.953684091567993 0.681447327136993
0.867805957794189 0.838728904724121 0.518165409564972 0.149958819150925 0.253195077180862 0.698468327522278 0.60948258638382 0.436794340610504 0.405523419380188 0.653160631656647 0.683214485645294 0.538727402687073 0.675164222717285 0.74461042881012 0.747370719909668 0.319836318492889 0.49828365445137 0.78755784034729 0.689386785030365 0.661094009876251 0.788879930973053 0.786419630050659 0.675865232944489 0.775731980800629 0.70496678352356 0.781796932220459 0.871950447559357 0.865363538265228 0.882659614086151 0.908564567565918 0.934986233711243 0.933692812919617 0.92492288351059 0.957942366600037 0.952275216579437 0.921598494052887 0.678043901920319 0.611510753631592 0.743571996688843 0.934729278087616 0.918527960777283 0.896953701972961 0.937633991241455 0.809971034526825
