data/climate_estimation/maxent_output/Lilium_duchartrei.asc
NCOLS 190 
NROWS 105 
XLLCORNER 94 
YLLCORNER 26.5833333333333 
CELLSIZE 0.0833333333333333 
NODATA_value -3.4e+38 
[rows 20 to 39 of 105, columns 0 to 43 of 190]
0.00164824398234487 0.00127562321722507 0.00106013659387827 0.00103488913737237 0.000818546221125871 0.000976020528469235 0.000731394102331251 0.000573315483052284 0.000316121295327321 0.000160599665832706 0.000295824167551473 0.000240507157286629 0.000396119372453541 0.000592855212744325 0.000719389994628727 0.00115706550423056 0.000966541818343103 0.00112619285937399 0.00166233128402382 0.00145955593325198 0.000780997914262116 0.00116355740465224 0.00185536092612892 0.00288722501136363 0.00239976937882602 0.0019975898321718 0.00143401511013508 0.00151936826296151 0.00352781545370817 0.00617537554353476 0.0049214786849916 0.00880405120551586 0.00750893075019121 0.00385519932024181 0.00262480136007071 0.00235830736346543 0.00270931213162839 0.00532128848135471 0.00842938758432865 0.0047268052585423 0.002014972968027 0.00205146102234721 0.00226319767534733 0.00289988634176552
0.0018179293256253 0.0017397771589458 0.00103030854370445 0.00140581058803946 0.00151377287693322 0.00142378860618919 0.000993521069176495 0.000779899186454713 0.000409835076425225 0.000249624339630827 0.000248594558797777 0.000186867924639955 0.000234563267440535 0.000409760104957968 0.000526100629940629 0.000601038569584489 0.00105537404306233 0.00112910394091159 0.00115153274964541 0.00130071630701423 0.00114735728129745 0.00168330816086382 0.00260485149919987 0.00289749330841005 0.00350355845876038 0.00275835930369794 0.00199393671937287 0.00290222000330687 0.00409900490194559 0.00345481466501951 0.00443433597683907 0.00999084487557411 0.0229522455483675 0.00289893965236843 0.00233860779553652 0.00226305983960629 0.0025073136202991 0.00376572995446622 0.00817770883440971 0.00354111893102527 0.00411200849339366 0.00311957555823028 0.00283379619941115 0.00381123414263129
0.00134356028866023 0.00133027473930269 0.00128612911794335 0.00113862135913223 0.00124712102115154 0.00193220388609916 0.00162215053569525 0.00121929112356156 0.000620751525275409 0.000431379448855296 0.000692535424605012 0.000554193975403905 0.000628753798082471 0.000922700739465654 0.000639611156657338 0.000948174332734197 0.000784510048106313 0.000630299095064402 0.00140188541263342 0.00127019686624408 0.000778588524553925 0.00122094666585326 0.00349690183065832 0.00289861299097538 0.00278913369402289 0.00545785250142217 0.0025909140240401 0.00204540858976543 0.00234349770471454 0.00708709983155131 0.0111137628555298 0.0157601274549961 0.0237890519201756 0.0119360247626901 0.0038501254748553 0.00967389531433582 0.00755429686978459 0.00641125068068504 0.00727462768554688 0.0118167344480753 0.0124136507511139 0.0096908425912261 0.00866473373025656 0.00546312006190419
0.000799022789578885 0.00069085625000298 0.000890053575858474 0.000958665448706597 0.0008629493531771 0.00176170060876757 0.00262435805052519 0.00232261512428522 0.00187856494449079 0.00148286414332688 0.000876002945005894 0.000764158205129206 0.00127738493029028 0.00163620931562036 0.00167772534769028 0.00124181341379881 0.00107677129562944 0.000826024159323424 0.00137786415871233 0.00140085141174495 0.00124960334505886 0.00195930385962129 0.00328208762221038 0.00460544088855386 0.00443903915584087 0.0054876753129065 0.00379401538521051 0.00284989550709724 0.00621982244774699 0.00767752761021256 0.00468326546251774 0.006503667216748 0.0209164712578058 0.0455286204814911 0.0100188171491027 0.0380831360816956 0.0425791405141354 0.0371525660157204 0.0173759218305349 0.0190312936902046 0.0276583936065435 0.0309208389371634 0.0293944235891104 0.0217118039727211
0.000865994777996093 0.000844771740958095 0.000814214581623673 0.00136094656772912 0.00239708437584341 0.00220458139665425 0.00260536675341427 0.0042496221140027 0.00273295026272535 0.00179836887400597 0.00181894737761468 0.00121406407561153 0.00163227366283536 0.00301714590750635 0.00193197443149984 0.00191669061314315 0.00139301340095699 0.000970366469118744 0.00106658472213894 0.00159237754996866 0.00206395541317761 0.00183878501411527 0.00309165404178202 0.00314046419225633 0.00493501545861363 0.00465814117342234 0.00331248552538455 0.00607734592631459 0.0099586509168148 0.01058264169842 0.00383458263240755 0.00490571325644851 0.0173854772001505 0.0236628670245409 0.0355014279484749 0.0459399521350861 0.0719450786709785 0.0311892982572317 0.0170194711536169 0.0120280673727393 0.0183331910520792 0.0256113335490227 0.0260046944022179 0.0235614776611328
0.00218977127224207 0.0025159060023725 0.00264439079910517 0.00325441942550242 0.00273691839538515 0.00345358741469681 0.00372723420150578 0.00512730004265904 0.00498696742579341 0.00569266639649868 0.00568495178595185 0.00489177647978067 0.0031261364929378 0.00357648357748985 0.00490616215392947 0.00313862296752632 0.0015916742850095 0.00136030209250748 0.00169983343221247 0.00291498703882098 0.00461013475432992 0.00267666578292847 0.00311845471151173 0.00298109115101397 0.00469971215352416 0.00446547940373421 0.00676356721669436 0.00467426050454378 0.0111663667485118 0.0201958268880844 0.0209775939583778 0.0177024621516466 0.00621137535199523 0.00756155978888273 0.0068454728461802 0.0188747048377991 0.0675756335258484 0.0218573193997145 0.0309171844273806 0.0175395794212818 0.0237167589366436 0.0210190862417221 0.0156105570495129 0.0263471603393555
0.00213762302882969 0.00229262630455196 0.00257523078471422 0.00324506033211946 0.00410914281383157 0.00394661026075482 0.00417615985497832 0.00467116432264447 0.00398305896669626 0.00372855318710208 0.00528186559677124 0.00637801829725504 0.0049969395622611 0.00426628813147545 0.00665343599393964 0.00233080633915961 0.00110160664189607 0.00284290499985218 0.00247177365235984 0.00203029392287135 0.003900236915797 0.00650149863213301 0.00422619376331568 0.00444206595420837 0.0067344605922699 0.0085573885589838 0.00719217583537102 0.0113768624141812 0.0132444007322192 0.0225632395595312 0.0153841534629464 0.0293008144944906 0.0197270382195711 0.0125852199271321 0.020845390856266 0.0336615592241287 0.0284314639866352 0.0734310522675514 0.0182025264948606 0.0290573183447123 0.0457561500370502 0.0256427153944969 0.0203139372169971 0.0345954708755016
0.001375035149977 0.00128161429893225 0.00176324404310435 0.0017367327818647 0.00164847238920629 0.00156581937335432 0.00310554797761142 0.00333972880616784 0.00477343378588557 0.00303604360669851 0.00605948129668832 0.00552548374980688 0.00608702562749386 0.00770175689831376 0.00826429203152657 0.0044379523023963 0.00274100620299578 0.00515411328524351 0.00801333039999008 0.00755365611985326 0.00385872949846089 0.00738633284345269 0.00650838343426585 0.00564014539122581 0.00841997656971216 0.0136064840480685 0.0221895482391119 0.0189565103501081 0.0152440210804343 0.0196228884160519 0.0169021375477314 0.0199149753898382 0.0177429672330618 0.0205919574946165 0.0588576197624207 0.056553065776825 0.0681117549538612 0.0616729632019997 0.100955627858639 0.0848323628306389 0.0203446540981531 0.0135946720838547 0.0178017597645521 0.0268639791756868
0.00275988364592195 0.00278646987862885 0.00246557593345642 0.0022031266707927 0.00109541334677488 0.00115379353519529 0.00251322565600276 0.00244562677107751 0.00516379764303565 0.00182814069557935 0.00357743795029819 0.00552312703803182 0.0110216932371259 0.0141552165150642 0.00609047152101994 0.00613465346395969 0.00669907312840223 0.00604857830330729 0.0142567222937942 0.0143543612211943 0.00857622642070055 0.00895640719681978 0.0124515071511269 0.0138326287269592 0.0203929971903563 0.0178041607141495 0.0240937415510416 0.0207753721624613 0.0265211965888739 0.0207484140992165 0.0207296535372734 0.0294803772121668 0.0178905595093966 0.027845099568367 0.0258533991873264 0.0408174358308315 0.0738348588347435 0.0457468777894974 0.0833926796913147 0.0897339284420013 0.0579631552100182 0.0509104281663895 0.0183650497347116 0.0145164132118225
0.0035939970985055 0.00410490622743964 0.00382889597676694 0.00317144161090255 0.00289667956531048 0.00361848413012922 0.0028135736938566 0.0036451225169003 0.00602321140468121 0.00418626237660646 0.00622271653264761 0.0103373788297176 0.00689595611765981 0.00760808633640409 0.0199195276945829 0.023436201736331 0.0249747782945633 0.021063482388854 0.0265945047140121 0.0181081648916006 0.00941722840070724 0.00606639124453068 0.0106546636670828 0.014586815610528 0.0205001439899206 0.0286087412387133 0.0282358601689339 0.0157058704644442 0.0138675030320883 0.0424819812178612 0.0371752455830574 0.0399397723376751 0.0307523235678673 0.069414459168911 0.105150371789932 0.093519501388073 0.138049736618996 0.0772488117218018 0.0596574060618877 0.0548440925776958 0.146681129932404 0.0346032939851284 0.0573561973869801 0.0226527266204357
0.00411123177036643 0.00368317146785557 0.00363932526670396 0.00400724867358804 0.00409168703481555 0.00480292271822691 0.00396855268627405 0.00264175073243678 0.00337824318557978 0.00194921542424709 0.00278494320809841 0.00550961634144187 0.0115169640630484 0.0107702985405922 0.00605571642518044 0.00547111313790083 0.010011175647378 0.0159458518028259 0.0122212078422308 0.0273836962878704 0.0102281011641026 0.0131689207628369 0.00801352318376303 0.0230380780994892 0.0397938452661037 0.0355321355164051 0.032508660107851 0.0261137317866087 0.0358616299927235 0.0608623884618282 0.0586467012763023 0.046282172203064 0.0299383103847504 0.0202489960938692 0.0293253641575575 0.0338297970592976 0.0655544102191925 0.0722036808729172 0.108332760632038 0.0653648898005486 0.146224871277809 0.0408500172197819 0.0174978282302618 0.0248498693108559
0.00393670331686735 0.00342768826521933 0.00353603926487267 0.00382888852618635 0.00367777538485825 0.00266853743232787 0.00257605104707181 0.0031153776217252 0.00447108130902052 0.00662087323144078 0.00267274351790547 0.00768634304404259 0.0176598150283098 0.0230132695287466 0.0181392915546894 0.0137945907190442 0.00941727869212627 0.00749567244201899 0.01175856590271 0.0404531061649323 0.0331171788275242 0.0506299361586571 0.012404409237206 0.0197572931647301 0.0451327003538609 0.0717601403594017 0.0603928416967392 0.0448481924831867 0.0523951053619385 0.0774753540754318 0.0800866782665253 0.0604835487902164 0.0232542455196381 0.0184851177036762 0.00902436021715403 0.0165260285139084 0.0398498214781284 0.0139931254088879 0.025691406801343 0.022770281881094 0.115417815744877 0.111504450440407 0.0203051958233118 0.0221719853579998
0.00335106812417507 0.00300752930343151 0.00332364975474775 0.00342615554109216 0.00241605285555124 0.00243603833951056 0.0031189180444926 0.00370562798343599 0.00432000542059541 0.0103315534070134 0.00694076297804713 0.0120691256597638 0.00622735917568207 0.0155530385673046 0.0310183223336935 0.0238049663603306 0.0147256469354033 0.00991681031882763 0.0164746586233377 0.0244418457150459 0.031577080488205 0.0554369613528252 0.027843426913023 0.0330272801220417 0.0493119433522224 0.0816234201192856 0.0378184393048286 0.0549690574407578 0.0409133471548557 0.0751650333404541 0.123790353536606 0.0839228853583336 0.0396450757980347 0.0338284708559513 0.0175956264138222 0.0158246047794819 0.0207562372088432 0.0209528617560863 0.0275868456810713 0.0211465954780579 0.0222742576152086 0.0731595754623413 0.213197275996208 0.138344883918762
0.00223115645349026 0.00265485374256968 0.00227584270760417 0.00281830597668886 0.00185470643918961 0.00268578017130494 0.0055512934923172 0.00935714039951563 0.00833991821855307 0.0106891319155693 0.00383620336651802 0.00395908951759338 0.00456517748534679 0.008112957701087 0.0172279663383961 0.0423034653067589 0.0320163331925869 0.0203963853418827 0.0124633256345987 0.0504439137876034 0.0567894168198109 0.0576482862234116 0.0623333901166916 0.0909091010689735 0.112027928233147 0.145470976829529 0.124228052794933 0.0734686329960823 0.119143359363079 0.0872776582837105 0.119428016245365 0.117479860782623 0.0839536711573601 0.0803075879812241 0.0329242162406445 0.0391855686903 0.0395436696708202 0.0262319948524237 0.0288070850074291 0.0325931757688522 0.0305668003857136 0.0386814326047897 0.0474471896886826 0.129180103540421
0.00212367461062968 0.0013698668917641 0.001612514606677 0.00266112969256938 0.00461253663524985 0.00630766106769443 0.00602976279333234 0.00694608967751265 0.00919028278440237 0.0102979727089405 0.00517169432714581 0.00562565866857767 0.00573437800630927 0.00876180082559586 0.00868628546595573 0.026425689458847 0.0589467659592628 0.052182961255312 0.0285503976047039 0.0234872866421938 0.0820216834545135 0.0727020055055618 0.0450349152088165 0.0524808540940285 0.0921076387166977 0.116028688848019 0.0874964147806168 0.13422417640686 0.152938738465309 0.12185176461935 0.0649624988436699 0.109971418976784 0.160958603024483 0.161772206425667 0.0776625648140907 0.0474590547382832 0.0848787948489189 0.0383232124149799 0.0387416072189808 0.0394827947020531 0.0320521667599678 0.051595039665699 0.0542900897562504 0.0950198918581009
0.00448196055367589 0.00218893215060234 0.00160656648222357 0.0023914270568639 0.00229204446077347 0.00372967286966741 0.00344227999448776 0.00423569418489933 0.0078211072832346 0.0114872278645635 0.00569750741124153 0.00664893398061395 0.00811958871781826 0.00995212234556675 0.0163790732622147 0.0337878949940205 0.0537478812038898 0.0923851728439331 0.0623904652893543 0.0450202524662018 0.0280403457581997 0.0387758202850819 0.0618496537208557 0.0525961481034756 0.0654299855232239 0.070452906191349 0.0590941347181797 0.0656420364975929 0.12133464217186 0.170341402292252 0.0916716828942299 0.0575952865183353 0.108060635626316 0.183983370661736 0.170816689729691 0.126565128564835 0.0967250242829323 0.103042274713516 0.132814317941666 0.0604354701936245 0.0445462092757225 0.0370215959846973 0.038334097713232 0.0454936325550079
0.00205199792981148 0.00193217303603888 0.00360674504190683 0.00429244386032224 0.00643317867070436 0.00554339028894901 0.00679274322465062 0.00736585119739175 0.0108278263360262 0.00951834954321384 0.0051832920871675 0.00825408287346363 0.0159585922956467 0.0147715611383319 0.0147002954035997 0.0159495938569307 0.0452382937073708 0.0410814471542835 0.0800738632678986 0.0854384899139404 0.0440097637474537 0.038572009652853 0.0358764566481113 0.075697235763073 0.0581064894795418 0.0828781500458717 0.0455937422811985 0.0745879709720612 0.107558473944664 0.249874159693718 0.120465636253357 0.0677609294652939 0.184222802519798 0.199836075305939 0.207175984978676 0.187985464930534 0.157647654414177 0.0679894089698792 0.100178524851799 0.136666983366013 0.0625715553760529 0.0626266822218895 0.0835395157337189 0.0622532032430172
0.00554598728194833 0.00607853708788753 0.00933135859668255 0.00979414954781532 0.0076395901851356 0.00499553140252829 0.00477058300748467 0.00479814596474171 0.00813533458858728 0.00890073273330927 0.00576668931171298 0.00607285927981138 0.0087181543931365 0.00725899962708354 0.0193602200597525 0.0292359851300716 0.0212335083633661 0.0117866145446897 0.0326249711215496 0.101744934916496 0.100408397614956 0.0645398125052452 0.0298570729792118 0.0392740666866302 0.0780059844255447 0.076326884329319 0.0746916905045509 0.0600440353155136 0.194106057286263 0.331530630588531 0.144863530993462 0.0810601189732552 0.10115309804678 0.168240621685982 0.242415636777878 0.185300379991531 0.113174125552177 0.0836586505174637 0.100181944668293 0.20057424902916 0.0576411038637161 0.0890215784311295 0.131936147809029 0.0781919062137604
0.00701477332040668 0.0066021173261106 0.011107325553894 0.0114177037030458 0.00508993025869131 0.00587199395522475 0.00487361615523696 0.0053305015899241 0.00561789656057954 0.00808955635875463 0.00479064462706447 0.0062246834859252 0.00974657945334911 0.0215757247060537 0.0156984832137823 0.0150340050458908 0.0110850790515542 0.0108070652931929 0.0174782443791628 0.0798704102635384 0.0580261237919331 0.149914026260376 0.122516751289368 0.0821432620286942 0.106569513678551 0.073828361928463 0.0970106348395348 0.0626091733574867 0.0827293545007706 0.232501477003098 0.337698370218277 0.208626642823219 0.215323939919472 0.171060815453529 0.208212047815323 0.162444844841957 0.25372850894928 0.116659194231033 0.111843816936016 0.227903783321381 0.184007495641708 0.108091585338116 0.161379605531693 0.0990772247314453
0.0134302889928222 0.0141077153384686 0.0152912819758058 0.00551975145936012 0.010469407774508 0.0163895171135664 0.0137900933623314 0.0102238273248076 0.00636637397110462 0.0222931783646345 0.0100781433284283 0.0055928104557097 0.00602047517895699 0.0166929103434086 0.0166929103434086 0.0109073743224144 0.00952320825308561 0.0103506986051798 0.0170788075774908 0.0467643439769745 0.0452970452606678 0.126128241419792 0.109579220414162 0.171377912163734 0.170910477638245 0.0786129981279373 0.144729807972908 0.118010945618153 0.125067889690399 0.186582967638969 0.160327360033989 0.139919728040695 0.201747834682465 0.334338128566742 0.273959338665009 0.315206944942474 0.293476700782776 0.185015827417374 0.185015827417374 0.186384588479996 0.246627360582352 0.254771679639816 0.238314941525459 0.156849876046181
