data/climate_estimation/maxent_output/Lilium_superbum.asc
NCOLS 264 
NROWS 157 
XLLCORNER -91.6666666666667 
YLLCORNER 30.25 
CELLSIZE 0.0833333333333333 
NODATA_value -3.4e+38 
[rows 0 to 20 of 157, columns 192 to 239 of 264]
0.611117362976074 0.602848768234253 0.608816564083099 0.599883377552032 0.559982299804688 0.564920127391815 0.506094574928284 0.492747396230698 0.492509990930557 0.490858733654022 0.441582322120667 0.444606602191925 0.483394116163254 0.488875925540924 0.454047918319702 0.466903448104858 0.551547408103943 0.585841774940491 0.53689032793045 0.557202637195587 0.549866199493408 0.539083003997803 0.506266176700592 0.409147441387177 0.353811115026474 0.277750581502914 0.329494833946228 0.413033902645111 0.377071410417557 0.476308375597 0.503624796867371 0.485910415649414 0.478673726320267 0.580925643444061 0.582786619663239 0.585031449794769 0.603192269802094 0.544438600540161 0.486699134111404 0.454479545354843 0.537663698196411 0.556354820728302 0.569200694561005 0.587483108043671 0.586107790470123 0.607332050800323 0.59368908405304 0.595260143280029
0.543232023715973 0.570056617259979 0.57482248544693 0.577353596687317 0.564627289772034 0.539386570453644 0.497454464435577 0.496629983186722 0.512395441532135 0.48308590054512 0.501754999160767 0.543698310852051 0.515515863895416 0.510200202465057 0.458963215351105 0.543231606483459 0.566293120384216 0.56587165594101 0.546513676643372 0.549362301826477 0.497223287820816 0.538978457450867 0.509647905826569 0.385223627090454 0.30932080745697 0.286532074213028 0.339533925056458 0.354242086410522 0.376915246248245 0.509508490562439 0.50269079208374 0.562568187713623 0.530404627323151 0.608548283576965 0.614077568054199 0.563197076320648 0.603572905063629 0.567183613777161 0.490781307220459 0.534488439559937 0.565900385379791 0.563797056674957 0.574879825115204 0.606948733329773 0.623194396495819 0.633693397045135 0.60803496837616 0.601649820804596
0.454054296016693 0.506569981575012 0.538743793964386 0.509831249713898 0.437655419111252 0.466421902179718 0.49761164188385 0.487095564603806 0.454697579145432 0.467460870742798 0.487480193376541 0.527231752872467 0.550752580165863 0.513609290122986 0.57048487663269 0.561664819717407 0.565514266490936 0.523495137691498 0.555794060230255 0.560883164405823 0.538326025009155 0.49529105424881 0.416862607002258 0.373568385839462 0.330393433570862 0.28863513469696 0.327733606100082 0.285019397735596 0.387011498212814 0.496706604957581 0.56062912940979 0.535736799240112 0.477879703044891 0.601341485977173 0.630550265312195 0.610860705375671 0.615235686302185 0.589352488517761 0.49753412604332 0.535358130931854 0.572717547416687 0.574699223041534 0.588990926742554 0.617214739322662 0.622245967388153 0.633895337581635 0.65313732624054 0.641757428646088
0.485933125019073 0.532575666904449 0.536843419075012 0.46687451004982 0.488697379827499 0.459917664527893 0.424856245517731 0.40439248085022 0.393508046865463 0.440649211406708 0.40309551358223 0.466866135597229 0.516597032546997 0.551083266735077 0.544650316238403 0.526455581188202 0.508536875247955 0.503450036048889 0.537856578826904 0.530833840370178 0.467782378196716 0.402401715517044 0.368346065282822 0.348158270120621 0.304454952478409 0.321614414453506 0.375839233398438 0.309987396001816 0.489933490753174 0.507900297641754 0.569864690303802 0.440913438796997 0.480234235525131 0.566583156585693 0.614908933639526 0.62789785861969 0.616725862026215 0.61296135187149 0.505080938339233 0.599773108959198 0.577905476093292 0.594672441482544 0.605849742889404 0.627861082553864 0.651901006698608 0.66845828294754 0.676318049430847 0.661106944084167
0.520919322967529 0.526648640632629 0.486024558544159 0.490936309099197 0.483543187379837 0.455585926771164 0.453163236379623 0.457670092582703 0.461746960878372 0.448483318090439 0.437273979187012 0.432191163301468 0.401933580636978 0.486598640680313 0.448192149400711 0.412167578935623 0.448817074298859 0.451490819454193 0.467828571796417 0.480772614479065 0.402927726507187 0.364839464426041 0.347013264894485 0.341171950101852 0.241880834102631 0.300437927246094 0.271040946245193 0.304527103900909 0.427036464214325 0.485670387744904 0.508509457111359 0.460429072380066 0.499313056468964 0.51583206653595 0.593002259731293 0.638641178607941 0.624745666980743 0.550985872745514 0.538531243801117 0.593440353870392 0.530893504619598 0.599952578544617 0.629814147949219 0.650645792484283 0.660933196544647 0.685833394527435 0.690951585769653 0.681070685386658
0.528724670410156 0.477687686681747 0.485532432794571 0.485797971487045 0.443335145711899 0.42902022600174 0.416686654090881 0.451255202293396 0.447337061166763 0.442820966243744 0.443358212709427 0.433426111936569 0.392048090696335 0.414202392101288 0.45751017332077 0.459857225418091 0.449257999658585 0.449175804853439 0.440190494060516 0.425138413906097 0.355585247278214 0.347107261419296 0.314635515213013 0.261568546295166 0.258025318384171 0.283979266881943 0.322904080152512 0.383408486843109 0.429614245891571 0.52764904499054 0.5802401304245 0.490160554647446 0.51614898443222 0.609549522399902 0.591257631778717 0.628022134304047 0.626861274242401 0.568518340587616 0.610295057296753 0.596307873725891 0.53377902507782 0.591569066047668 0.634659886360168 0.656676590442657 0.684025287628174 0.680163741111755 0.706469416618347 0.693610906600952
0.486160725355148 0.441207349300385 0.453269928693771 0.435977309942245 0.462720155715942 0.454400479793549 0.417200237512589 0.452512055635452 0.434420168399811 0.447763353586197 0.430993884801865 0.425360411405563 0.441008299589157 0.454036086797714 0.449595153331757 0.456841349601746 0.438273638486862 0.445557236671448 0.442935615777969 0.376174211502075 0.335725635290146 0.29368457198143 0.287751108407974 0.238901883363724 0.302922785282135 0.358745962381363 0.406977087259293 0.451342970132828 0.493894636631012 0.578333795070648 0.515823006629944 0.548201143741608 0.569952726364136 0.61778736114502 0.63998156785965 0.645494699478149 0.649086475372314 0.586671411991119 0.605044603347778 0.576626420021057 0.593146800994873 0.629736125469208 0.645611584186554 0.661569893360138 0.688572645187378 0.696772217750549 0.711674809455872 0.702468872070312
0.50234043598175 0.415454477071762 0.449736952781677 0.419809281826019 0.418378114700317 0.423899203538895 0.409023761749268 0.414789825677872 0.418561071157455 0.415031015872955 0.422241479158401 0.403650224208832 0.421023190021515 0.405916541814804 0.416583716869354 0.447876870632172 0.427975565195084 0.445847421884537 0.446078509092331 0.384653627872467 0.301442921161652 0.297088325023651 0.267955780029297 0.232179492712021 0.297012329101562 0.396526485681534 0.428625464439392 0.491674810647964 0.508318185806274 0.558913350105286 0.623246014118195 0.570964932441711 0.63535350561142 0.631826817989349 0.64624410867691 0.672133684158325 0.662799596786499 0.638015687465668 0.563407778739929 0.620813310146332 0.627207338809967 0.616135537624359 0.622067868709564 0.670919954776764 0.684504389762878 0.709444344043732 0.724327027797699 0.707152187824249
0.50098043680191 0.459617346525192 0.421729475259781 0.415322691202164 0.395136088132858 0.408410519361496 0.429910600185394 0.425672829151154 0.416541486978531 0.407235890626907 0.380306720733643 0.371238529682159 0.401108086109161 0.414319455623627 0.410600513219833 0.413183450698853 0.410767436027527 0.459037274122238 0.460200250148773 0.455520182847977 0.345540106296539 0.257072806358337 0.239445477724075 0.258792728185654 0.357013911008835 0.400720655918121 0.471216142177582 0.524522662162781 0.538562715053558 0.581006526947021 0.642449498176575 0.567484378814697 0.651222169399261 0.672051966190338 0.680294573307037 0.672810435295105 0.626359403133392 0.585470974445343 0.615059733390808 0.639417111873627 0.591297686100006 0.57935243844986 0.612301588058472 0.663340091705322 0.694136917591095 0.717712044715881 0.739081144332886 0.720419943332672
0.49245685338974 0.453930765390396 0.470048040151596 0.3951795399189 0.412840664386749 0.412966758012772 0.363613724708557 0.421267211437225 0.403267592191696 0.404720574617386 0.37759193778038 0.38122421503067 0.357452154159546 0.407659024000168 0.43404632806778 0.435779869556427 0.431326299905777 0.440991163253784 0.47065407037735 0.463148057460785 0.414394915103912 0.321491926908493 0.263203471899033 0.282803654670715 0.34041640162468 0.412713438272476 0.538915574550629 0.541495978832245 0.607084572315216 0.626623868942261 0.623772203922272 0.567549347877502 0.626864373683929 0.638281226158142 0.667780458927155 0.67174506187439 0.617380201816559 0.581868946552277 0.676075160503387 0.672608494758606 0.594490587711334 0.630689918994904 0.646778345108032 0.672548770904541 0.703818023204803 0.724889814853668 0.737172484397888 0.583575069904327
0.464124619960785 0.467326164245605 0.462424993515015 0.413619101047516 0.421496123075485 0.443857103586197 0.36298206448555 0.42026424407959 0.409389644861221 0.355222910642624 0.356503754854202 0.355195105075836 0.357788890600204 0.383394688367844 0.401589900255203 0.397362262010574 0.412618577480316 0.472017407417297 0.482627421617508 0.489939540624619 0.418185591697693 0.388505637645721 0.317771106958389 0.321825593709946 0.378535360097885 0.440941721200943 0.546628296375275 0.588778674602509 0.638281524181366 0.662869811058044 0.644691526889801 0.592747032642365 0.641923487186432 0.674749612808228 0.668510258197784 0.685866236686707 0.592341601848602 0.608697652816772 0.691377818584442 0.68486350774765 0.63239848613739 0.645116150379181 0.669121265411377 0.684155881404877 0.718566119670868 0.733130931854248 0.752093553543091 0.599092066287994
0.461653470993042 0.470457911491394 0.478999197483063 0.437771260738373 0.456074446439743 0.453619480133057 0.462758004665375 0.446679800748825 0.400253981351852 0.37254923582077 0.368575483560562 0.367280334234238 0.362290591001511 0.392911285161972 0.421600818634033 0.45235151052475 0.422058135271072 0.498203992843628 0.491320133209229 0.465201944112778 0.424108952283859 0.44242000579834 0.359367847442627 0.378918081521988 0.409703284502029 0.515712857246399 0.581710338592529 0.635624647140503 0.661616504192352 0.643815338611603 0.640176177024841 0.641241729259491 0.674554288387299 0.696744740009308 0.688717246055603 0.670643925666809 0.58853542804718 0.585099995136261 0.65927255153656 0.69503527879715 0.663227617740631 0.672163128852844 0.681768000125885 0.699930846691132 0.730945825576782 0.745902538299561 0.760480105876923 0.611712634563446
0.498500913381577 0.511914074420929 0.476155936717987 0.494108110666275 0.499469846487045 0.509035587310791 0.460812091827393 0.433972209692001 0.446051269769669 0.420538127422333 0.374309450387955 0.369033455848694 0.389786094427109 0.397607892751694 0.438593327999115 0.471641778945923 0.49880576133728 0.481577605009079 0.459065109491348 0.566521406173706 0.475420117378235 0.426079392433167 0.372824966907501 0.391136020421982 0.500426888465881 0.578686535358429 0.62981903553009 0.630677461624146 0.667369782924652 0.669853985309601 0.633811056613922 0.673720061779022 0.702356159687042 0.692679166793823 0.705817580223083 0.629756391048431 0.584128856658936 0.602136611938477 0.60336822271347 0.66867059469223 0.667029559612274 0.674173653125763 0.704441249370575 0.730218946933746 0.742520034313202 0.752248704433441 0.763114869594574 0.634070754051208
0.486830025911331 0.513138890266418 0.534249782562256 0.537358403205872 0.543380439281464 0.497841507196426 0.525267601013184 0.515255212783813 0.474873125553131 0.420514553785324 0.42234879732132 0.384250909090042 0.407133638858795 0.445993691682816 0.41852393746376 0.518253803253174 0.477867871522903 0.505181193351746 0.502393841743469 0.604132354259491 0.532633543014526 0.469280123710632 0.474501639604568 0.485735028982162 0.558270156383514 0.627417385578156 0.655068516731262 0.675321757793427 0.675080418586731 0.673133611679077 0.663305163383484 0.672289907932281 0.701116263866425 0.700346887111664 0.689555287361145 0.621599137783051 0.597890317440033 0.573126554489136 0.624294459819794 0.63193142414093 0.672844052314758 0.714323043823242 0.724346935749054 0.735657811164856 0.756213009357452 0.76003885269165 0.770668864250183 0.641324579715729
0.502105116844177 0.531875014305115 0.540032148361206 0.54994410276413 0.560341835021973 0.568927049636841 0.565765500068665 0.510887563228607 0.472161829471588 0.475810110569 0.477664887905121 0.498827069997787 0.465335190296173 0.476950496435165 0.534896194934845 0.591222941875458 0.570323765277863 0.483114689588547 0.500268399715424 0.67543351650238 0.542735159397125 0.502738475799561 0.509360253810883 0.589595079421997 0.621436655521393 0.634446680545807 0.661369919776917 0.695020318031311 0.716037392616272 0.670243263244629 0.679100394248962 0.697156727313995 0.711341679096222 0.722637832164764 0.635637521743774 0.596420586109161 0.556355237960815 0.575842440128326 0.622807085514069 0.71012556552887 0.710548758506775 0.744628489017487 0.74335116147995 0.75517725944519 0.770916998386383 0.772929847240448 0.786099076271057 0.654417455196381
0.510554254055023 0.547185957431793 0.587128400802612 0.59863942861557 0.56745857000351 0.563142001628876 0.570335328578949 0.582182705402374 0.499000012874603 0.482098489999771 0.498448997735977 0.491177618503571 0.465337961912155 0.440698385238647 0.501484632492065 0.503111124038696 0.694819748401642 0.693945169448853 0.713422417640686 0.656757235527039 0.600732445716858 0.598281800746918 0.620619416236877 0.638768792152405 0.628225743770599 0.677928864955902 0.673255443572998 0.70501697063446 0.714680254459381 0.68714165687561 0.691256523132324 0.727090954780579 0.733859777450562 0.723831951618195 0.654244363307953 0.62293142080307 0.577072322368622 0.616470396518707 0.669068992137909 0.754495024681091 0.767337679862976 0.778963208198547 0.772050619125366 0.770325481891632 0.774535298347473 0.788139283657074 0.802245199680328 0.673260807991028
0.535017967224121 0.547944128513336 0.592960715293884 0.609045505523682 0.626322031021118 0.638294041156769 0.580389678478241 0.584166765213013 0.57512378692627 0.578350007534027 0.504913032054901 0.531021356582642 0.519433379173279 0.548657119274139 0.506539881229401 0.486223667860031 0.707630693912506 0.72078275680542 0.710540473461151 0.689039051532745 0.623918235301971 0.62876307964325 0.652086436748505 0.64983332157135 0.679666459560394 0.708394646644592 0.72463721036911 0.716691374778748 0.712571203708649 0.691741228103638 0.716277658939362 0.735462307929993 0.739552736282349 0.738251864910126 0.659825384616852 0.643093466758728 0.616306900978088 0.645124554634094 0.726021230220795 0.778202414512634 0.785301327705383 0.803306579589844 0.799911260604858 0.80136913061142 0.79163670539856 0.797357976436615 0.679645955562592 0.690382421016693
0.561429500579834 0.589817643165588 0.592248439788818 0.61216139793396 0.63178813457489 0.644019722938538 0.63929808139801 0.589960098266602 0.56797069311142 0.599159181118011 0.613698124885559 0.588505446910858 0.65856546163559 0.66481602191925 0.684765100479126 0.645024061203003 0.729083240032196 0.722075283527374 0.696027636528015 0.690605163574219 0.662345111370087 0.688919484615326 0.64768785238266 0.638296484947205 0.710760056972504 0.703671455383301 0.72782164812088 0.744131863117218 0.724137663841248 0.71559339761734 0.746558606624603 0.747821986675262 0.741282880306244 0.736797630786896 0.693181335926056 0.662329316139221 0.639343440532684 0.699447154998779 0.76563173532486 0.812201380729675 0.811088144779205 0.811129808425903 0.81186181306839 0.820285558700562 0.810999274253845 0.658391714096069 0.706941962242126 0.717672049999237
0.560613095760345 0.545734584331512 0.517741978168488 0.617229878902435 0.635916709899902 0.647368431091309 0.655239164829254 0.662284016609192 0.614619195461273 0.620882391929626 0.641476690769196 0.652905941009521 0.661650776863098 0.712519645690918 0.710874557495117 0.726531803607941 0.713830232620239 0.70861542224884 0.710192859172821 0.706695556640625 0.680285215377808 0.686952590942383 0.63635665178299 0.668468356132507 0.728902757167816 0.7089484333992 0.747423410415649 0.749234735965729 0.747205853462219 0.749096989631653 0.761196255683899 0.769011437892914 0.761123538017273 0.74298220872879 0.741508543491364 0.697372555732727 0.688103020191193 0.742171287536621 0.800993978977203 0.825982689857483 0.828627526760101 0.827600240707397 0.825083374977112 0.832094430923462 0.675051629543304 0.684735298156738 0.729843378067017 0.73131138086319
0.535403549671173 0.57036954164505 0.550531387329102 0.589960217475891 0.639936864376068 0.638782680034637 0.66016674041748 0.670182824134827 0.669046580791473 0.668534696102142 0.671316385269165 0.667364597320557 0.673442482948303 0.708624064922333 0.70657479763031 0.738350570201874 0.714978873729706 0.727906346321106 0.705948054790497 0.71039229631424 0.678041279315948 0.654171228408813 0.670411169528961 0.702328681945801 0.733918607234955 0.72649347782135 0.747002184391022 0.768274188041687 0.766719162464142 0.773867666721344 0.778056144714355 0.778900504112244 0.777523159980774 0.751219630241394 0.751039087772369 0.740238666534424 0.724376201629639 0.798596680164337 0.824597358703613 0.840146243572235 0.84076976776123 0.833819031715393 0.840485870838165 0.696009278297424 0.683825135231018 0.736786007881165 0.746057748794556 0.750641047954559
0.54218065738678 0.58778977394104 0.579428732395172 0.607622146606445 0.610020816326141 0.650083243846893 0.662884891033173 0.668937563896179 0.676897644996643 0.672591269016266 0.681699454784393 0.668055057525635 0.670186042785645 0.703342139720917 0.702578186988831 0.700793325901031 0.679996430873871 0.702047348022461 0.715564012527466 0.718425333499908 0.646960735321045 0.635060966014862 0.646464884281158 0.68136727809906 0.746046423912048 0.742644131183624 0.743029057979584 0.773465216159821 0.786389529705048 0.792335271835327 0.787368535995483 0.792573809623718 0.797337353229523 0.766792476177216 0.765826344490051 0.758789300918579 0.771948873996735 0.82600474357605 0.836097538471222 0.844553530216217 0.856375873088837 0.707744717597961 0.707489252090454 0.706190705299377 0.69937664270401 0.759444773197174 0.760400474071503 0.755796849727631
