data/climate_estimation/maxent_output/Lilium_rubescens.asc
NCOLS 73 
NROWS 98 
XLLCORNER -124.333333333333 
YLLCORNER 33.9166666666667 
CELLSIZE 0.0833333333333333 
NODATA_value -3.4e+38 
[rows 42 to 62 of 98, columns 0 to 46 of 73]
-3.4e+38 -3.4e+38 -3.4e+38 -3.4e+38 -3.4e+38 -3.4e+38 -3.4e+38 -3.4e+38 -3.4e+38 -3.4e+38 -3.4e+38 0.135755017399788 0.384569436311722 0.624571800231934 0.639028370380402 0.685514569282532 0.704538881778717 0.665469944477081 0.744732260704041 0.802419364452362 0.78820264339447 0.766792416572571 0.686993539333344 0.694009482860565 0.7015261054039 0.188896521925926 0.245747238397598 0.0547935999929905 0.019919753074646 0.0158288422971964 0.0137411030009389 0.0113812508061528 0.0095100300386548 0.00991571880877018 0.0103424452245235 0.0123804174363613 0.0166626069694757 0.0200322959572077 0.021609777584672 0.038203164935112 0.0649913921952248 0.195243686437607 0.449232131242752 0.412826895713806 0.459944605827332 0.568255484104156 0.792004823684692
-3.4e+38 -3.4e+38 -3.4e+38 -3.4e+38 -3.4e+38 -3.4e+38 -3.4e+38 -3.4e+38 -3.4e+38 -3.4e+38 -3.4e+38 -3.4e+38 -3.4e+38 0.565828263759613 0.564197421073914 0.65310001373291 0.670354068279266 0.670627474784851 0.712716579437256 0.856548428535461 0.804814577102661 0.853239774703979 0.777496933937073 0.650976538658142 0.784657418727875 0.62434047460556 0.541333258152008 0.117455542087555 0.0417203418910503 0.0246764663606882 0.0174806024879217 0.0134872924536467 0.00979727692902088 0.00959621742367744 0.00997826736420393 0.0121648628264666 0.0143065135926008 0.0153456963598728 0.0168561190366745 0.0209445022046566 0.0323946811258793 0.0959359779953957 0.308341085910797 0.402239859104156 0.502634704113007 0.559924781322479 0.633073627948761
-3.4e+38 -3.4e+38 -3.4e+38 -3.4e+38 -3.4e+38 -3.4e+38 -3.4e+38 -3.4e+38 -3.4e+38 -3.4e+38 -3.4e+38 -3.4e+38 -3.4e+38 -3.4e+38 0.558180093765259 0.635918915271759 0.659887850284576 0.671571671962738 0.780123293399811 0.832708418369293 0.813214123249054 0.819933235645294 0.867108464241028 0.865965902805328 0.582008719444275 0.761749446392059 0.423948675394058 0.194562390446663 0.0717889443039894 0.0331052057445049 0.0199564471840858 0.012556791305542 0.010302035138011 0.0102789206430316 0.00975600630044937 0.0109523236751556 0.012837721966207 0.0130119072273374 0.0136195532977581 0.0121882045641541 0.0153727075085044 0.0433725528419018 0.19563339650631 0.274699598550797 0.442663729190826 0.516047894954681 0.554747760295868
-3.4e+38 -3.4e+38 -3.4e+38 -3.4e+38 -3.4e+38 -3.4e+38 -3.4e+38 -3.4e+38 -3.4e+38 -3.4e+38 -3.4e+38 -3.4e+38 -3.4e+38 -3.4e+38 -3.4e+38 0.51526290178299 0.643298506736755 0.661742687225342 0.702318906784058 0.675532758235931 0.801775217056274 0.854206442832947 0.657365024089813 0.838443160057068 0.421429306268692 0.749317288398743 0.30399551987648 0.143381550908089 0.0689849406480789 0.0341212935745716 0.0179660674184561 0.0131500121206045 0.0100409584119916 0.00969448871910572 0.0101062171161175 0.0118133844807744 0.0119226612150669 0.0105608766898513 0.0110301719978452 0.00889649614691734 0.00833009835332632 0.0123142898082733 0.0495384223759174 0.0965818464756012 0.266267955303192 0.51087874174118 0.605367660522461
-3.4e+38 -3.4e+38 -3.4e+38 -3.4e+38 -3.4e+38 -3.4e+38 -3.4e+38 -3.4e+38 -3.4e+38 -3.4e+38 -3.4e+38 -3.4e+38 -3.4e+38 -3.4e+38 -3.4e+38 -3.4e+38 0.562206268310547 0.681342899799347 0.739535748958588 0.786653220653534 0.567753374576569 0.638020992279053 0.685638070106506 0.453760802745819 0.374264776706696 0.511351227760315 0.214343935251236 0.110502034425735 0.0612551867961884 0.0316809266805649 0.0175601858645678 0.0118740061298013 0.00830420665442944 0.0079560149461031 0.00847637560218573 0.0104685975238681 0.0129666775465012 0.0115077123045921 0.00920397415757179 0.00707075465470552 0.00606268551200628 0.00605343980714679 0.0158247984945774 0.039796769618988 0.180914044380188 0.362357467412949 0.572464346885681
-3.4e+38 -3.4e+38 -3.4e+38 -3.4e+38 -3.4e+38 -3.4e+38 -3.4e+38 -3.4e+38 -3.4e+38 -3.4e+38 -3.4e+38 -3.4e+38 -3.4e+38 -3.4e+38 -3.4e+38 -3.4e+38 0.431395292282104 0.633055329322815 0.733096122741699 0.786998987197876 0.853594541549683 0.838363349437714 0.735244929790497 0.49611896276474 0.334722757339478 0.368785917758942 0.22157846391201 0.10286146402359 0.0550446324050426 0.0269954577088356 0.0155663779005408 0.00910117942839861 0.0066634975373745 0.00685784826055169 0.00730402721092105 0.00940169766545296 0.0121048241853714 0.00965662766247988 0.0071086473762989 0.00574284698814154 0.00495106494054198 0.00490930490195751 0.0126351350918412 0.120428360998631 0.0363837219774723 0.138758599758148 0.404940217733383
-3.4e+38 -3.4e+38 -3.4e+38 -3.4e+38 -3.4e+38 -3.4e+38 -3.4e+38 -3.4e+38 -3.4e+38 -3.4e+38 -3.4e+38 -3.4e+38 -3.4e+38 -3.4e+38 -3.4e+38 0.19586518406868 0.306248873472214 0.546733796596527 0.70968359708786 0.791121900081635 0.829981803894043 0.863676309585571 0.870562314987183 0.334330409765244 0.221830055117607 0.26321017742157 0.132329076528549 0.0915196388959885 0.055686853826046 0.0230386033654213 0.0117213875055313 0.00596236204728484 0.00468368176370859 0.00484011322259903 0.00491845840588212 0.00611821515485644 0.00668901856988668 0.00570160802453756 0.0047867214307189 0.00403405260294676 0.00327400234527886 0.00325188343413174 0.00929040461778641 0.025895519182086 0.0686452314257622 0.0557386614382267 0.104093477129936
-3.4e+38 -3.4e+38 -3.4e+38 -3.4e+38 -3.4e+38 -3.4e+38 -3.4e+38 -3.4e+38 -3.4e+38 -3.4e+38 -3.4e+38 -3.4e+38 -3.4e+38 -3.4e+38 -3.4e+38 0.210061892867088 0.216535702347755 -3.4e+38 0.70445191860199 0.798229992389679 0.845748424530029 0.906565070152283 0.878446638584137 0.238759458065033 0.289039492607117 0.344733506441116 0.200461685657501 0.0732701867818832 0.0688385590910912 0.0437876395881176 0.0118705742061138 0.00456520263105631 0.00382756837643683 0.00341815501451492 0.00351830315776169 0.00372554967179894 0.0038087242282927 0.00333251850679517 0.00309552648104727 0.00271619181148708 0.00242415815591812 0.00215937057510018 0.00349229201674461 0.0121487416327 0.0124205406755209 0.0219025928527117 0.041967548429966
-339999999999999996123846586046231871488.000000000000000 -3.4e+38 -3.4e+38 -3.4e+38 -3.4e+38 -3.4e+38 -3.4e+38 -3.4e+38 -3.4e+38 -3.4e+38 -3.4e+38 -3.4e+38 -3.4e+38 -3.4e+38 -3.4e+38 -3.4e+38 -3.4e+38 -3.4e+38 -3.4e+38 0.626985609531403 0.843065977096558 0.75017124414444 0.495822578668594 0.107938133180141 0.111716143786907 0.348097771406174 0.184157386422157 0.0969852134585381 0.116639852523804 0.0670678541064262 0.0167951807379723 0.00531386397778988 0.0029254462569952 0.00242522638291121 0.00223933230154216 0.00219826586544514 0.00222343648783863 0.00227676704525948 0.0022085530217737 0.00204397412016988 0.00179080734960735 0.00182805559597909 0.00196036463603377 0.00415294151753187 0.00599038181826472 0.0118197882547975 0.0240436028689146
-3.4e+38 -3.4e+38 -3.4e+38 -3.4e+38 -3.4e+38 -3.4e+38 -3.4e+38 -3.4e+38 -3.4e+38 -3.4e+38 -3.4e+38 -3.4e+38 -3.4e+38 -3.4e+38 -3.4e+38 -3.4e+38 -3.4e+38 -3.4e+38 -3.4e+38 -3.4e+38 -3.4e+38 0.0589340440928936 0.0259940922260284 0.0103321531787515 0.0311433412134647 0.128392070531845 0.147622630000114 0.137586370110512 0.0565144307911396 0.0346650071442127 0.0263875648379326 0.00940330233424902 0.00328100682236254 0.00210000015795231 0.00160999689251184 0.00166307634208351 0.00143983331508934 0.00179538410156965 0.00163163070101291 0.0014786256942898 0.00160003558266908 0.00163510732818395 0.00177383283153176 0.00200142385438085 0.00289661227725446 0.00606445968151093 0.0123545583337545
-3.4e+38 -3.4e+38 -3.4e+38 -3.4e+38 -3.4e+38 -3.4e+38 -3.4e+38 -3.4e+38 -3.4e+38 -3.4e+38 -3.4e+38 -3.4e+38 -3.4e+38 -3.4e+38 -3.4e+38 -3.4e+38 -3.4e+38 -3.4e+38 -3.4e+38 -3.4e+38 -3.4e+38 0.0101783275604248 0.0240142997354269 0.0108300149440765 0.0520833656191826 0.104191049933434 0.0951438471674919 0.0739387720823288 0.0567207336425781 0.0196535121649504 0.0124786915257573 0.0090713445097208 0.00809463299810886 0.00339450663886964 0.00166834087576717 0.00137196178548038 0.00137765391264111 0.00139315135311335 0.00150225416291505 0.00133284204639494 0.00143964646849781 0.00139426498208195 0.00142193690408021 0.00161530543118715 0.00184068945236504 0.00204003625549376 0.00386334513314068
-3.4e+38 -3.4e+38 -3.4e+38 -3.4e+38 -3.4e+38 -3.4e+38 -3.4e+38 -3.4e+38 -3.4e+38 -3.4e+38 -3.4e+38 -3.4e+38 -3.4e+38 -3.4e+38 -3.4e+38 -3.4e+38 -3.4e+38 -3.4e+38 -3.4e+38 -3.4e+38 -3.4e+38 0.0115442229434848 0.0268208421766758 0.0212831012904644 0.0377113930881023 -3.4e+38 0.053579293191433 0.0463888123631477 0.101334966719151 0.0236420892179012 0.0173735078424215 0.0147129399701953 0.0224160961806774 0.00979830790311098 0.00317098968662322 0.00156646617688239 0.00134831247851253 0.00127330119721591 0.00110107124783099 0.00116305553819984 0.00119157193694264 0.00120389938820153 0.00116252654697746 0.00129052007105201 0.00161145441234112 0.00166190217714757 0.00217858050018549
-3.4e+38 -3.4e+38 -3.4e+38 -3.4e+38 -3.4e+38 -3.4e+38 -3.4e+38 -3.4e+38 -3.4e+38 -3.4e+38 -3.4e+38 -3.4e+38 -3.4e+38 -3.4e+38 -3.4e+38 -3.4e+38 -3.4e+38 -3.4e+38 -3.4e+38 -3.4e+38 -3.4e+38 0.0155723933130503 0.111334532499313 0.0709213241934776 0.0650336444377899 0.0522068180143833 0.0300389379262924 0.0193444341421127 0.0179234929382801 0.0422153621912003 0.0583140440285206 0.063953623175621 0.0425000227987766 0.0357543788850307 0.0161415319889784 0.00659182062372565 0.00188971892930567 0.0011679392773658 0.00106573372613639 0.00098136649467051 0.00102808198425919 0.000995954032987356 0.00104872696101665 0.00122636510059237 0.00046180683420971 0.000575309968553483 0.000648055924102664
-3.4e+38 -3.4e+38 -3.4e+38 -3.4e+38 -3.4e+38 -3.4e+38 -3.4e+38 -3.4e+38 -3.4e+38 -3.4e+38 -3.4e+38 -3.4e+38 -3.4e+38 -3.4e+38 -3.4e+38 -3.4e+38 -3.4e+38 -3.4e+38 -3.4e+38 -3.4e+38 -3.4e+38 -3.4e+38 0.0149369668215513 0.159780398011208 0.199214398860931 0.057156503200531 0.0249964036047459 0.0133562749251723 0.0127674043178558 0.0389116667211056 0.0785189718008041 0.0846724957227707 0.0516393147408962 0.0425972081720829 0.0317225381731987 0.0149695798754692 0.00433371169492602 0.00172042695339769 0.00102927291300148 0.000936820870265365 0.000810160592664033 0.000813546415884048 0.00077303871512413 0.000349764071870595 0.00043017792631872 0.000450875028036535 0.000522124406415969
-3.4e+38 -3.4e+38 -3.4e+38 -3.4e+38 -3.4e+38 -3.4e+38 -3.4e+38 -3.4e+38 -3.4e+38 -3.4e+38 -3.4e+38 -3.4e+38 -3.4e+38 -3.4e+38 -3.4e+38 -3.4e+38 -3.4e+38 -3.4e+38 -3.4e+38 -3.4e+38 -3.4e+38 -3.4e+38 0.0188941936939955 0.0924601480364799 0.571629405021667 0.225345104932785 0.0647427663207054 0.0241603944450617 0.0161440409719944 0.0126466704532504 0.0559316612780094 0.115129202604294 0.0721960961818695 0.0390943959355354 0.0244315378367901 0.0148859322071075 0.00672292709350586 0.00249148951843381 0.00109593407250941 0.000919849320780486 0.000248977768933401 0.000276673119515181 0.000274576945230365 0.00033380658715032 0.000346704415278509 0.000369394896551967 0.000396612653275952
-3.4e+38 -3.4e+38 -3.4e+38 -3.4e+38 -3.4e+38 -3.4e+38 -3.4e+38 -3.4e+38 -3.4e+38 -3.4e+38 -3.4e+38 -3.4e+38 -3.4e+38 -3.4e+38 -3.4e+38 -3.4e+38 -3.4e+38 -3.4e+38 -3.4e+38 -3.4e+38 -3.4e+38 -3.4e+38 -3.4e+38 0.0392780937254429 0.237599745392799 0.70782333612442 0.795653164386749 0.133868202567101 0.0416009873151779 0.0237592700868845 0.0300398617982864 0.109880171716213 0.0870732069015503 0.0493897572159767 0.0260000210255384 0.0146071910858154 0.00635578017681837 0.00257577304728329 0.00118440587539226 0.000278509396594018 0.000263316149357706 0.000200974172912538 0.000248475378612056 0.000257866573520005 0.000303349079331383 0.000314886739943177 0.000361390819307417
-3.4e+38 -3.4e+38 -3.4e+38 -3.4e+38 -3.4e+38 -3.4e+38 -3.4e+38 -3.4e+38 -3.4e+38 -3.4e+38 -3.4e+38 -3.4e+38 -3.4e+38 -3.4e+38 -3.4e+38 -3.4e+38 -3.4e+38 -3.4e+38 -3.4e+38 -3.4e+38 -3.4e+38 -3.4e+38 -3.4e+38 0.0437681674957275 0.457315564155579 0.8458371758461 0.881841778755188 0.904936552047729 0.433239459991455 0.203203350305557 0.0708341151475906 0.0646799132227898 0.0670497044920921 0.0612172931432724 0.026385735720396 0.0101042203605175 0.00691054714843631 0.00330206472426653 0.00135957112070173 0.000855034508276731 0.000242471884121187 0.000187889658263884 0.000181262046680786 0.000202878873096779 0.000249444099608809 0.000263665220700204 0.000269550044322386
-3.4e+38 -3.4e+38 -3.4e+38 -3.4e+38 -3.4e+38 -3.4e+38 -3.4e+38 -3.4e+38 -3.4e+38 -3.4e+38 -3.4e+38 -3.4e+38 -3.4e+38 -3.4e+38 -3.4e+38 -3.4e+38 -3.4e+38 -3.4e+38 -3.4e+38 -3.4e+38 -3.4e+38 -3.4e+38 -3.4e+38 0.0459598824381828 0.233720749616623 0.72530597448349 0.82987916469574 0.822304904460907 0.858830273151398 0.750611186027527 0.41042160987854 0.07958023250103 0.0348810330033302 0.0515740141272545 0.0327906869351864 0.0127929598093033 0.00681837229058146 0.0047218194231391 0.00159030791837722 0.000869159179273993 0.000251051736995578 0.00016678094107192 0.000162409574841149 0.000155870773596689 0.000173646738403477 0.000195929445908405 0.000207229648367502
-3.4e+38 -3.4e+38 -3.4e+38 -3.4e+38 -3.4e+38 -3.4e+38 -3.4e+38 -3.4e+38 -3.4e+38 -3.4e+38 -3.4e+38 -3.4e+38 -3.4e+38 -3.4e+38 -3.4e+38 -3.4e+38 -3.4e+38 -3.4e+38 -3.4e+38 -3.4e+38 -3.4e+38 -3.4e+38 -3.4e+38 -3.4e+38 0.118777826428413 0.469303488731384 0.74992561340332 0.613320350646973 0.461745619773865 0.643220543861389 0.402564734220505 0.167448699474335 0.0328250676393509 0.0206904113292694 0.0235055852681398 0.0130932098254561 0.00708402786403894 0.00393257848918438 0.00160603877156973 0.0010782863246277 0.000596214144024998 0.000142473640153185 0.000146434365888126 0.000142189048347063 0.000168791171745397 0.000138957475428469 0.000146774953464046
-3.4e+38 -3.4e+38 -3.4e+38 -3.4e+38 -3.4e+38 -3.4e+38 -3.4e+38 -3.4e+38 -3.4e+38 -3.4e+38 -3.4e+38 -3.4e+38 -3.4e+38 -3.4e+38 -3.4e+38 -3.4e+38 -3.4e+38 -3.4e+38 -3.4e+38 -3.4e+38 -3.4e+38 -3.4e+38 -3.4e+38 -3.4e+38 -3.4e+38 0.111050613224506 0.284329891204834 0.221905380487442 0.153204679489136 0.121833719313145 0.0539250858128071 0.0669857263565063 0.0708764940500259 0.0185939073562622 0.01177067309618 0.0102422079071403 0.00798228103667498 0.00878349132835865 0.00226130918599665 0.000969360233284533 0.00065920251654461 0.000519090157467872 0.00014539597032126 0.000134804853587411 0.000123715319205076 0.000133182154968381 0.000113644440716598
-3.4e+38 -3.4e+38 -3.4e+38 -3.4e+38 -3.4e+38 -3.4e+38 -3.4e+38 -3.4e+38 -3.4e+38 -3.4e+38 -3.4e+38 -3.4e+38 -3.4e+38 -3.4e+38 -3.4e+38 -3.4e+38 -3.4e+38 -3.4e+38 -3.4e+38 -3.4e+38 -3.4e+38 -3.4e+38 -3.4e+38 -3.4e+38 -3.4e+38 -3.4e+38 -3.4e+38 -3.4e+38 -3.4e+38 0.0272004306316376 0.0138721410185099 0.0159765593707561 0.019995441660285 0.0126353707164526 0.0104119405150414 0.00819084513932467 0.00835460983216763 0.0118362735956907 0.00577025162056088 0.00185432028956711 0.000801273970864713 0.000546603288967162 0.000423790101194754 0.000135765396407805 0.000111357614514418 0.000120505021186545 0.000108724772871938
