data/climate_estimation/maxent_output/Lilium_davidii.asc
NCOLS 174 
NROWS 136 
XLLCORNER 98.3333333333333 
YLLCORNER 24.4166666666667 
CELLSIZE 0.0833333333333333 
NODATA_value -3.4e+38 
[rows 80 to 99 of 136, columns 44 to 87 of 174]
0.972432613372803 0.368059635162354 0.523955821990967 0.976285398006439 0.98064798116684 0.972774386405945 0.982807576656342 0.968522071838379 0.895844638347626 0.923997282981873 0.940167129039764 0.835481524467468 0.963318884372711 0.940260469913483 0.957663595676422 0.887585997581482 0.928203105926514 0.943886935710907 0.887801706790924 0.786489427089691 0.588463008403778 0.72897481918335 0.581686615943909 0.554953694343567 0.55939918756485 0.576047420501709 0.527099847793579 0.542560398578644 0.513697683811188 0.529175996780396 0.5345299243927 0.516563415527344 0.546618282794952 0.523165643215179 0.544633150100708 0.505710601806641 0.439935266971588 0.380223542451859 0.338786453008652 0.309200048446655 0.292105555534363 0.274484872817993 0.258861243724823 0.258284330368042
0.678058445453644 0.738202035427094 0.903302490711212 0.97283262014389 0.923429489135742 0.765139758586884 0.963675796985626 0.975869119167328 0.842810571193695 0.864060521125793 0.902227401733398 0.659234464168549 0.947041690349579 0.951368033885956 0.958246648311615 0.852620303630829 0.951368868350983 0.838968396186829 0.71625828742981 0.732117354869843 0.671368598937988 0.841601431369781 0.668499708175659 0.663257837295532 0.662944614887238 0.683982908725739 0.570012152194977 0.548188626766205 0.533575475215912 0.548139035701752 0.50703090429306 0.534650266170502 0.536937057971954 0.534217715263367 0.512499988079071 0.47836309671402 0.415757298469543 0.382028549909592 0.319880902767181 0.281278938055038 0.247496962547302 0.241251394152641 0.225921988487244 0.236448720097542
0.555835485458374 0.824448466300964 0.948168039321899 0.973840415477753 0.876954972743988 0.511852025985718 0.974341094493866 0.958416521549225 0.925242066383362 0.905961394309998 0.943044126033783 0.817397654056549 0.968466818332672 0.898104190826416 0.957786917686462 0.96760106086731 0.939138174057007 0.870398759841919 0.761838972568512 0.87727952003479 0.895880043506622 0.894809603691101 0.806484818458557 0.723834335803986 0.70239669084549 0.846606373786926 0.766967594623566 0.581096947193146 0.551759421825409 0.562358379364014 0.521348416805267 0.496413826942444 0.525614559650421 0.489297777414322 0.515096247196198 0.439507365226746 0.390591323375702 0.346116751432419 0.308524668216705 0.2702896296978 0.230810254812241 0.216274708509445 0.21060799062252 0.216857522726059
0.955541253089905 0.96879917383194 0.97654777765274 0.975190579891205 0.775890052318573 0.861245810985565 0.976519763469696 0.970718801021576 0.967988073825836 0.971814393997192 0.962120294570923 0.860343217849731 0.954573035240173 0.833892583847046 0.960136532783508 0.968002140522003 0.935046911239624 0.924911499023438 0.791563630104065 0.870445489883423 0.885416567325592 0.865891933441162 0.894488632678986 0.848495423793793 0.769936203956604 0.868827521800995 0.895890593528748 0.704972267150879 0.572015404701233 0.548499703407288 0.518151640892029 0.502716183662415 0.513099789619446 0.489854365587234 0.474416792392731 0.423981875181198 0.366485416889191 0.334126055240631 0.28654083609581 0.267957627773285 0.227940529584885 0.230844631791115 0.24615977704525 0.240425810217857
0.667749345302582 0.97101491689682 0.9557945728302 0.9690962433815 0.473417073488235 0.979709327220917 0.940226018428802 0.9776890873909 0.900252640247345 0.961230039596558 0.940295040607452 0.755845427513123 0.926451027393341 0.954209625720978 0.935339987277985 0.868151664733887 0.968810379505157 0.88317197561264 0.83003169298172 0.880195319652557 0.873059928417206 0.87317556142807 0.790282011032104 0.916057705879211 0.901212275028229 0.856000483036041 0.817314743995667 0.831639170646667 0.719439566135406 0.631817400455475 0.564819276332855 0.59838330745697 0.545972168445587 0.528865098953247 0.495416611433029 0.433007329702377 0.375231236219406 0.351732522249222 0.331872820854187 0.332913190126419 0.266316533088684 0.269347697496414 0.301415026187897 0.278978914022446
0.865574598312378 0.950291097164154 0.927255213260651 0.944320261478424 0.73785662651062 0.971411049365997 0.961481988430023 0.970588028430939 0.861850202083588 0.870463371276855 0.666480243206024 0.77752298116684 0.887205123901367 0.932159006595612 0.675449430942535 0.834911823272705 0.96894234418869 0.897942423820496 0.92780613899231 0.923158228397369 0.870757699012756 0.915248811244965 0.795888423919678 0.775880992412567 0.844247341156006 0.78336775302887 0.791748762130737 0.778261244297028 0.718063473701477 0.649953782558441 0.649766623973846 0.588702142238617 0.580604255199432 0.534266173839569 0.451203674077988 0.401314586400986 0.403840124607086 0.368588387966156 0.368322432041168 0.318199008703232 0.310489296913147 0.339514493942261 0.414817124605179 0.345740288496017
0.965242326259613 0.894287705421448 0.900146007537842 0.88173508644104 0.872446179389954 0.953481376171112 0.965476095676422 0.971309065818787 0.937888503074646 0.898950159549713 0.741536319255829 0.949412703514099 0.96184778213501 0.960261642932892 0.748088717460632 0.896746635437012 0.945886373519897 0.941952764987946 0.946667671203613 0.920400083065033 0.911427736282349 0.868039488792419 0.904893040657043 0.868843793869019 0.924457252025604 0.909704804420471 0.877236902713776 0.753708839416504 0.665970265865326 0.680703401565552 0.650195300579071 0.620602667331696 0.560594916343689 0.550324380397797 0.443192213773727 0.395264744758606 0.4078209400177 0.387356281280518 0.396843433380127 0.334729254245758 0.281139194965363 0.309540987014771 0.32537430524826 0.277377337217331
0.923036873340607 0.849981367588043 0.881870746612549 0.928159236907959 0.957246422767639 0.969602048397064 0.972122490406036 0.964469730854034 0.972744405269623 0.917450785636902 0.917166531085968 0.976869940757751 0.973723590373993 0.966927289962769 0.739298343658447 0.952367603778839 0.977307915687561 0.960524678230286 0.917432606220245 0.962308704853058 0.941409409046173 0.923264443874359 0.924166023731232 0.941279947757721 0.927290081977844 0.931758642196655 0.896350145339966 0.768674612045288 0.720901131629944 0.68548709154129 0.615454614162445 0.705519497394562 0.633290946483612 0.527257740497589 0.456126242876053 0.456358313560486 0.470756947994232 0.401470005512238 0.414272487163544 0.371287971735001 0.371817260980606 0.438159167766571 0.391179382801056 0.394868493080139
0.944805085659027 0.909110963344574 0.773112297058105 0.939955592155457 0.959576904773712 0.968847453594208 0.958748698234558 0.968822717666626 0.972591400146484 0.948474884033203 0.965878784656525 0.97737991809845 0.981801331043243 0.978006362915039 0.935957014560699 0.963446080684662 0.97695654630661 0.958352744579315 0.966864287853241 0.967426657676697 0.967622935771942 0.941406011581421 0.904918372631073 0.940717339515686 0.958514750003815 0.923334896564484 0.907632768154144 0.774971067905426 0.747511446475983 0.714156866073608 0.637947559356689 0.732366979122162 0.758916318416595 0.607822000980377 0.533010900020599 0.461939126253128 0.417439967393875 0.386604696512222 0.367463201284409 0.357760518789291 0.311263144016266 0.369751155376434 0.341559857130051 0.381409645080566
0.923803925514221 0.72058242559433 0.751054584980011 0.949807941913605 0.931548297405243 0.945925056934357 0.959346950054169 0.97307288646698 0.953409135341644 0.961939692497253 0.968385696411133 0.971375048160553 0.976915717124939 0.974009811878204 0.781370878219604 0.885264039039612 0.971057593822479 0.971819937229156 0.971448004245758 0.922657370567322 0.955025494098663 0.941777110099792 0.878695011138916 0.940719246864319 0.931016325950623 0.874894618988037 0.861021757125854 0.842384815216064 0.811438739299774 0.721110582351685 0.639803767204285 0.644195795059204 0.645768702030182 0.693010747432709 0.719984769821167 0.749534964561462 0.615414798259735 0.541501402854919 0.428751081228256 0.393918424844742 0.404702246189117 0.448209434747696 0.496767729520798 0.568663835525513
0.783223211765289 0.607568979263306 0.866603255271912 0.922790110111237 0.95270174741745 0.960699319839478 0.960792303085327 0.966129302978516 0.932348608970642 0.970075070858002 0.969154894351959 0.975166261196136 0.980216503143311 0.934268474578857 0.794060528278351 0.882155120372772 0.978001475334167 0.916208028793335 0.892920732498169 0.886485695838928 0.857668459415436 0.944132149219513 0.944544196128845 0.963269472122192 0.915079832077026 0.812845289707184 0.827966213226318 0.874812066555023 0.883707523345947 0.712401986122131 0.669885218143463 0.73106575012207 0.609499096870422 0.744623601436615 0.784317553043365 0.816382050514221 0.849949300289154 0.675782024860382 0.501814603805542 0.45476883649826 0.382623344659805 0.490296632051468 0.717459321022034 0.715239107608795
0.836810648441315 0.74370151758194 0.69323867559433 0.91386616230011 0.942568480968475 0.96170836687088 0.948330938816071 0.904144525527954 0.926003575325012 0.93837559223175 0.970076978206635 0.967739999294281 0.945385932922363 0.961436033248901 0.942567229270935 0.967951059341431 0.975549936294556 0.850793778896332 0.965353786945343 0.970987617969513 0.9669069647789 0.959667801856995 0.951860666275024 0.941953837871552 0.912258386611938 0.898173809051514 0.841901540756226 0.866681814193726 0.874552488327026 0.711167514324188 0.665308713912964 0.698564648628235 0.641778171062469 0.608388543128967 0.72427225112915 0.641012966632843 0.774941027164459 0.605356216430664 0.621431827545166 0.567546725273132 0.476037830114365 0.447042793035507 0.64455246925354 0.709871768951416
0.817159414291382 0.48634061217308 0.602200567722321 0.930417001247406 0.934588730335236 0.953023612499237 0.93422532081604 0.920139372348785 0.958778142929077 0.954386532306671 0.969274699687958 0.959866404533386 0.976710975170135 0.956237494945526 0.973834037780762 0.921401143074036 0.917918026447296 0.832673966884613 0.957707107067108 0.96622496843338 0.965466678142548 0.964360117912292 0.950747132301331 0.948535561561584 0.896662771701813 0.884686946868896 0.85281902551651 0.878520667552948 0.875745117664337 0.83231794834137 0.733466148376465 0.75202488899231 0.708922147750854 0.701944828033447 0.612824320793152 0.679957985877991 0.658649981021881 0.769425451755524 0.757323503494263 0.682075202465057 0.546126008033752 0.551013290882111 0.634963274002075 0.694661855697632
0.891834497451782 0.429744839668274 0.457450449466705 0.807406067848206 0.921273946762085 0.930878698825836 0.879778146743774 0.950182557106018 0.960513174533844 0.973580360412598 0.970361709594727 0.953929483890533 0.959185242652893 0.942437410354614 0.956205487251282 0.967835545539856 0.974002063274384 0.916441142559052 0.775644421577454 0.962351858615875 0.962439060211182 0.962445616722107 0.929012656211853 0.911292910575867 0.933036029338837 0.906337261199951 0.829027771949768 0.849717378616333 0.864132344722748 0.876564383506775 0.860405087471008 0.802720189094543 0.688415110111237 0.784703373908997 0.76265275478363 0.692722320556641 0.733067989349365 0.769791841506958 0.81294322013855 0.788965344429016 0.688715517520905 0.719748675823212 0.729924201965332 0.736986398696899
0.911844253540039 0.615392506122589 0.332429349422455 0.38054022192955 0.749862492084503 0.91932886838913 0.893572926521301 0.948985636234283 0.958328425884247 0.963556945323944 0.96799224615097 0.962068200111389 0.927826166152954 0.944765448570251 0.887087404727936 0.804716289043427 0.884561479091644 0.927147030830383 0.936505138874054 0.96831887960434 0.969418227672577 0.963330626487732 0.919729471206665 0.866281807422638 0.962907731533051 0.950365245342255 0.923007845878601 0.934483587741852 0.89232325553894 0.823569655418396 0.878538310527802 0.906061828136444 0.884737908840179 0.90948349237442 0.881527066230774 0.866397678852081 0.845817565917969 0.881339371204376 0.84954959154129 0.815349280834198 0.781152546405792 0.737745761871338 0.767710983753204 0.756944715976715
0.833743155002594 0.525518953800201 0.327504992485046 0.535352408885956 0.810493052005768 0.915244340896606 0.904736280441284 0.942306280136108 0.934729337692261 0.948923468589783 0.955158472061157 0.956880331039429 0.953843235969543 0.964910268783569 0.94656902551651 0.961666643619537 0.964708745479584 0.83393782377243 0.958480417728424 0.964651763439178 0.942221105098724 0.936573565006256 0.894085109233856 0.917906105518341 0.887316405773163 0.940546572208405 0.955624997615814 0.954968690872192 0.954706847667694 0.877852082252502 0.818440020084381 0.846229672431946 0.861245810985565 0.864244878292084 0.892565846443176 0.902752161026001 0.832184433937073 0.829695880413055 0.773169934749603 0.775684595108032 0.760719418525696 0.718597888946533 0.707793235778809 0.746779501438141
0.592745065689087 0.517157137393951 0.361859291791916 0.807787299156189 0.903269350528717 0.920444309711456 0.918455719947815 0.898562252521515 0.935154318809509 0.950467169284821 0.936271905899048 0.903577864170074 0.927219152450562 0.948893964290619 0.960417687892914 0.909101366996765 0.778826594352722 0.952239215373993 0.958790183067322 0.959510803222656 0.957848727703094 0.96025949716568 0.940944969654083 0.947706341743469 0.902983963489532 0.947289049625397 0.951562285423279 0.957460343837738 0.912616312503815 0.900398015975952 0.91185075044632 0.862514555454254 0.8075070977211 0.90505850315094 0.933189809322357 0.889136493206024 0.853884160518646 0.845192134380341 0.824561953544617 0.747333586215973 0.789152085781097 0.797065019607544 0.687848091125488 0.616857707500458
0.594957590103149 0.701309382915497 0.549454510211945 0.874205768108368 0.902553081512451 0.858014583587646 0.916768550872803 0.843287587165833 0.929899096488953 0.888284981250763 0.939095437526703 0.931358873844147 0.883005619049072 0.959254682064056 0.832710444927216 0.769873917102814 0.962197721004486 0.936588943004608 0.952499270439148 0.960744678974152 0.954083144664764 0.962028324604034 0.958017587661743 0.964875161647797 0.85583508014679 0.919958293437958 0.937677085399628 0.960217952728271 0.95466810464859 0.934656023979187 0.924000442028046 0.886133432388306 0.905091345310211 0.903123438358307 0.936687052249908 0.892934024333954 0.890339255332947 0.895344734191895 0.847878992557526 0.804176926612854 0.820511996746063 0.785019218921661 0.714648962020874 0.642650425434113
0.644529044628143 0.804281115531921 0.548922181129456 0.891655147075653 0.804211795330048 0.750664710998535 0.880418717861176 0.846070885658264 0.874619781970978 0.928227603435516 0.941791474819183 0.940272808074951 0.829610586166382 0.912194788455963 0.681246519088745 0.918368220329285 0.962433040142059 0.96297961473465 0.958657324314117 0.952397525310516 0.95266318321228 0.961140275001526 0.958360850811005 0.916917562484741 0.908216297626495 0.897691905498505 0.928957045078278 0.957853317260742 0.949401676654816 0.950952887535095 0.929018795490265 0.925580739974976 0.906156659126282 0.943470537662506 0.917255282402039 0.920738697052002 0.928462028503418 0.89362108707428 0.852701663970947 0.850931465625763 0.809198915958405 0.751875400543213 0.745282411575317 0.745718598365784
0.7785524725914 0.731169164180756 0.53684014081955 0.873877346515656 0.888107240200043 0.849303722381592 0.663448870182037 0.828118324279785 0.879092276096344 0.913801550865173 0.930874586105347 0.743018388748169 0.883735060691833 0.713589072227478 0.939273416996002 0.92822653055191 0.951396346092224 0.944969892501831 0.947472870349884 0.949571132659912 0.954422056674957 0.95647144317627 0.946456074714661 0.934807956218719 0.908779680728912 0.925159156322479 0.9571373462677 0.950140058994293 0.958622574806213 0.953038930892944 0.940669298171997 0.930295705795288 0.92951774597168 0.941623449325562 0.929646611213684 0.929361343383789 0.945828199386597 0.898417115211487 0.910577297210693 0.891761243343353 0.858702600002289 0.805799603462219 0.801561892032623 0.828555762767792
