data/climate_estimation/maxent_output/Lilium_lophophorum.asc
NCOLS 77 
NROWS 66 
XLLCORNER 97.3333333333333 
YLLCORNER 25.75 
CELLSIZE 0.0833333333333334 
NODATA_value -3.4e+38 
[rows 40 to 59 of 66, columns 0 to 43 of 77]
0.82558798789978 0.253635376691818 0.383459627628326 0.235810816287994 0.0596874840557575 0.122260399162769 0.258708328008652 0.142320305109024 0.264063954353333 0.267950564622879 0.692975997924805 0.382776319980621 0.396483719348907 0.74734091758728 0.754125654697418 0.590974569320679 0.405722886323929 0.797596454620361 0.724599719047546 0.457281887531281 0.603705585002899 0.799884378910065 0.772088468074799 0.697591125965118 0.781653463840485 0.607185006141663 0.884269952774048 0.846754491329193 0.863164901733398 0.914443552494049 0.937999486923218 0.93313205242157 0.933308720588684 0.893432855606079 0.904978454113007 0.895194411277771 0.795769572257996 0.455680102109909 0.886541545391083 0.917556345462799 0.805141031742096 0.786671578884125 0.823718845844269 0.859383881092072
0.13923504948616 0.142741918563843 0.12712137401104 0.278222739696503 0.146111622452736 0.0466060601174831 0.108933322131634 0.132958859205246 0.117412529885769 0.142372950911522 0.586752474308014 0.402916461229324 0.414604634046555 0.749940693378448 0.650489687919617 0.379814684391022 0.377846300601959 0.751721918582916 0.776938080787659 0.788838744163513 0.339577317237854 0.793825030326843 0.749737441539764 0.555289506912231 0.605140268802643 0.523281395435333 0.893492519855499 0.884142696857452 0.86817330121994 0.892565369606018 0.9203981757164 0.921007215976715 0.923237204551697 0.704830944538116 0.606179416179657 0.734346151351929 0.372929364442825 0.811315834522247 0.933644771575928 0.790189445018768 0.703143537044525 0.855212211608887 0.897985577583313 0.809106886386871
0.0198570843786001 0.0319681763648987 0.166166082024574 0.0561449788510799 0.0505200028419495 0.0614036545157433 0.04886095225811 0.0542862378060818 0.0565851218998432 0.053429190069437 0.348068743944168 0.188527390360832 0.248021498322487 0.747364044189453 0.588186502456665 0.454724848270416 0.200305640697479 0.713216364383698 0.772286891937256 0.705278873443604 0.315681487321854 0.771692991256714 0.810826182365417 0.717901766300201 0.747211813926697 0.499786078929901 0.87980705499649 0.897028923034668 0.881245315074921 0.909416019916534 0.935263574123383 0.93015855550766 0.8717200756073 0.931725203990936 0.896137237548828 0.288408488035202 0.321926027536392 0.627795517444611 0.903060615062714 0.871846914291382 0.803003549575806 0.663665354251862 0.729606628417969 0.715453743934631
0.00754800252616405 0.028182614594698 0.0741109699010849 0.0252628400921822 0.01425860542804 0.0224472973495722 0.0221299696713686 0.0436934977769852 0.0411110520362854 0.1119230017066 0.0947249382734299 0.206641554832458 0.490238845348358 0.658836364746094 0.741558074951172 0.650743305683136 0.292200356721878 0.294247716665268 0.736456990242004 0.640323042869568 0.328603535890579 0.792828500270844 0.827942669391632 0.829232573509216 0.59385097026825 0.475393623113632 0.627125084400177 0.907699525356293 0.871874809265137 0.891625761985779 0.926586270332336 0.929268300533295 0.878531455993652 0.908278226852417 0.901236534118652 0.63494461774826 0.689761579036713 0.268218249082565 0.902999341487885 0.931720733642578 0.888696134090424 0.87627238035202 0.820632755756378 0.695677578449249
0.00441748974844813 0.00752143282443285 0.026579923927784 0.0426922217011452 0.0147396735846996 0.00888832006603479 0.0248467903584242 0.0154315447434783 0.0443106070160866 0.0648214668035507 0.298303931951523 0.416224628686905 0.582953751087189 0.324875622987747 0.502346992492676 0.731500446796417 0.738656282424927 0.203777596354485 0.51907753944397 0.533992886543274 0.232203781604767 0.724991738796234 0.831731259822845 0.556446492671967 0.522626161575317 0.508386075496674 0.388621598482132 0.866736888885498 0.902952611446381 0.844688653945923 0.892310559749603 0.923384249210358 0.782738626003265 0.642455399036407 0.569269239902496 0.915025532245636 0.834429264068604 0.403422206640244 0.8900386095047 0.919418454170227 0.88237464427948 0.738021612167358 0.772274672985077 0.631226599216461
0.00337957288138568 0.00390883954241872 0.0084386058151722 0.0224842634052038 0.023748142644763 0.012344853952527 0.00922117847949266 0.0119216768071055 0.0521346256136894 0.0488416105508804 0.297007024288177 0.361309319734573 0.266980797052383 0.15714418888092 0.427214801311493 0.540743052959442 0.688493728637695 0.227154657244682 0.449480950832367 0.64035177230835 0.244356945157051 0.700859487056732 0.756397724151611 0.662291824817657 0.657031774520874 0.61863124370575 0.334184855222702 0.499927669763565 0.888739168643951 0.885848820209503 0.833242297172546 0.896487355232239 0.787032961845398 0.581132590770721 0.631885349750519 0.916981935501099 0.785949349403381 0.450124561786652 0.673249423503876 0.608418583869934 0.740598678588867 0.620681285858154 0.597232580184937 0.638122379779816
0.00340760685503483 0.00323851127177477 0.00376856978982687 0.00681200297549367 0.0124188214540482 0.0336958318948746 0.00979844573885202 0.00983574148267508 0.0370245352387428 0.0455775558948517 0.0752333104610443 0.303047984838486 0.13959401845932 0.143738403916359 0.364744156599045 0.263744056224823 0.540972352027893 0.312452971935272 0.33779302239418 0.595517456531525 0.319848209619522 0.278623282909393 0.415821969509125 0.729816019535065 0.747236907482147 0.719590604305267 0.583682477474213 0.238777086138725 0.738398194313049 0.892367720603943 0.858663499355316 0.807278394699097 0.904727160930634 0.840050995349884 0.448321670293808 0.8879154920578 0.813191175460815 0.50864565372467 0.282907128334045 0.806666612625122 0.872293293476105 0.685208797454834 0.515580356121063 0.805749654769897
0.00474742660298944 0.00364734814502299 0.00337075581774116 0.00404118793085217 0.00562670407816768 0.0115141868591309 0.00923610758036375 0.0370353385806084 0.0398017130792141 0.107913419604301 0.0389854870736599 0.260264337062836 0.134769067168236 0.124164909124374 0.0779500231146812 0.108430773019791 0.479830116033554 0.488611400127411 0.109778620302677 0.52279806137085 0.561163067817688 0.212881281971931 0.307982116937637 0.632108151912689 0.773683786392212 0.658995985984802 0.59950065612793 0.259683817625046 0.490149676799774 0.870167076587677 0.883336901664734 0.813373684883118 0.803661346435547 0.890908181667328 0.389776319265366 0.451690852642059 0.734508037567139 0.510357916355133 0.434040635824203 0.87693202495575 0.777028918266296 0.557376623153687 0.486637711524963 0.713695049285889
0.0075283064506948 0.00455912295728922 0.00346533139236271 0.00361149222590029 0.00482229935005307 0.00703821051865816 0.0083411056548357 0.0389682613313198 0.108156286180019 0.287706077098846 0.0436316467821598 0.10261445492506 0.213455244898796 0.0574784576892853 0.0616540312767029 0.328713804483414 0.690900027751923 0.631589531898499 0.116966545581818 0.626486122608185 0.519518315792084 0.265499085187912 0.43613475561142 0.326829344034195 0.724714457988739 0.594639956951141 0.589949905872345 0.711412489414215 0.555010259151459 0.406817346811295 0.711965799331665 0.864009976387024 0.545201301574707 0.714857697486877 0.866140365600586 0.716043949127197 0.583664417266846 0.44680067896843 0.356128960847855 0.55236679315567 0.637807726860046 0.51027911901474 0.546781420707703 0.770600974559784
0.0151126338168979 0.00678704120218754 0.00414992962032557 0.0038723386824131 0.00351555366069078 0.00534886913374066 0.00744187040254474 0.0156957115978003 0.0433194376528263 0.286049336194992 0.162677749991417 0.0395047627389431 0.0506649613380432 0.0946501418948174 0.132603541016579 0.449731051921844 0.576529264450073 0.373553484678268 0.0969260036945343 0.710647106170654 0.749925374984741 0.290287643671036 0.378913253545761 0.507768571376801 0.478521078824997 0.684323072433472 0.647990942001343 0.593957781791687 0.405977427959442 0.530682265758514 0.364486426115036 0.771882832050323 0.434128016233444 0.840306580066681 0.883046507835388 0.689451575279236 0.589002192020416 0.265626519918442 0.760041236877441 0.588812351226807 0.71654224395752 0.635655641555786 0.586581170558929 0.719390213489532
0.0634738132357597 0.00868832506239414 0.00420561479404569 0.00376791134476662 0.00318397185765207 0.00515810353681445 0.00812224578112364 0.0243176128715277 0.0911428332328796 0.198780536651611 0.232358679175377 0.110120363533497 0.0252859722822905 0.385451287031174 0.357117533683777 0.337501704692841 0.493561446666718 0.503150939941406 0.0827843844890594 0.687767565250397 0.698560774326324 0.301714986562729 0.330273747444153 0.481826573610306 0.581693649291992 0.685580492019653 0.629302978515625 0.608458518981934 0.528340578079224 0.788293600082397 0.412552267313004 0.517845332622528 0.472735047340393 0.690151274204254 0.823810040950775 0.725447416305542 0.709111928939819 0.283497542142868 0.570051670074463 0.584413647651672 0.572767734527588 0.519234359264374 0.706163644790649 0.728236794471741
0.019432451575994 0.00705901021137834 0.00393805000931025 0.00321437837556005 0.00308985821902752 0.00633302750065923 0.0199140533804893 0.0300438608974218 0.101093575358391 0.110247366130352 0.0598880313336849 0.216388449072838 0.0265711974352598 0.313361436128616 0.302894026041031 0.182432651519775 0.591128706932068 0.386802613735199 0.0859778001904488 0.734679043292999 0.756249248981476 0.283212095499039 0.188180983066559 0.431176066398621 0.377351373434067 0.678302586078644 0.776062488555908 0.674955248832703 0.695678114891052 0.72253143787384 0.73650062084198 0.29770439863205 0.398285716772079 0.728833317756653 0.569913506507874 0.692064881324768 0.549949049949646 0.286568194627762 0.636527478694916 0.439795821905136 0.352925568819046 0.487276285886765 0.611701309680939 0.61968606710434
0.008952546864748 0.00411991588771343 0.00320730358362198 0.00315384636633098 0.00362632819451392 0.00608343584463 0.0109835620969534 0.021723311394453 0.0524250082671642 0.0222908183932304 0.0490686818957329 0.201603040099144 0.0291415099054575 0.158889606595039 0.169608175754547 0.0727328956127167 0.50565630197525 0.391077697277069 0.0682533904910088 0.709675192832947 0.671457350254059 0.267662584781647 0.182463616132736 0.56616348028183 0.275561034679413 0.546607255935669 0.708424091339111 0.824304044246674 0.676288068294525 0.591989517211914 0.463342219591141 0.263694912195206 0.367919415235519 0.474592387676239 0.442658990621567 0.494203627109528 0.631217837333679 0.346178859472275 0.461666196584702 0.219522312283516 0.570550501346588 0.548606514930725 0.586392879486084 0.578307509422302
0.00732251815497875 0.00436455849558115 0.00403760559856892 0.00360640208236873 0.00338951917365193 0.00477731414139271 0.00714456615969539 0.0131540587171912 0.0139246741309762 0.0535608194768429 0.239444717764854 0.341880202293396 0.0246335882693529 0.0352612808346748 0.0845193415880203 0.113381251692772 0.367411762475967 0.566484272480011 0.0702917352318764 0.474431097507477 0.74010843038559 0.233672797679901 0.344426602125168 0.64338743686676 0.431935250759125 0.354699999094009 0.623308300971985 0.641678631305695 0.602210760116577 0.403422117233276 0.395489722490311 0.461893290281296 0.568941056728363 0.595358848571777 0.584002375602722 0.48189640045166 0.274239659309387 0.243040099740028 0.304354161024094 0.110187038779259 0.289545178413391 0.549276411533356 0.744020044803619 0.732431471347809
0.00641776248812675 0.00416831718757749 0.00354870199225843 0.00290545076131821 0.00307001057080925 0.00415922747924924 0.00747598521411419 0.00803028792142868 0.0201965179294348 0.072821170091629 0.0740883126854897 0.0982923805713654 0.0163447298109531 0.167652979493141 0.232444107532501 0.201210886240005 0.367035835981369 0.511237621307373 0.07803113758564 0.395462483167648 0.731103658676147 0.165958106517792 0.284319758415222 0.496439576148987 0.54905092716217 0.517864584922791 0.470314025878906 0.676704347133636 0.697546243667603 0.499688476324081 0.563551723957062 0.429844111204147 0.598697364330292 0.67297887802124 0.472623109817505 0.49626412987709 0.240480706095695 0.626566231250763 0.521152019500732 0.227112859487534 0.129765823483467 0.439086645841599 0.670708656311035 0.606760323047638
0.0051308972761035 0.00397501047700644 0.00470010377466679 0.00286297057755291 0.00275816558860242 0.00374176865443587 0.00775734148919582 0.00584261026233435 0.0123433815315366 0.0199148654937744 0.112780690193176 0.0736688077449799 0.012899381108582 0.11572789400816 0.173132106661797 0.271943718194962 0.27816715836525 0.592134654521942 0.0888396948575974 0.258712202310562 0.709915816783905 0.138403862714767 0.475476235151291 0.545843958854675 0.546752572059631 0.586729645729065 0.434197574853897 0.608517348766327 0.755739867687225 0.628649234771729 0.424423396587372 0.355146437883377 0.541357278823853 0.641687631607056 0.292142510414124 0.569578051567078 0.211261317133904 0.403205960988998 0.42749559879303 0.199398472905159 0.19928078353405 0.371362566947937 0.412737011909485 0.529188811779022
0.00457392865791917 0.00358628528192639 0.00515056122094393 0.00349567108787596 0.00208501960150898 0.00416813185438514 0.0056129596196115 0.0046588983386755 0.00633104564622045 0.0363139994442463 0.141822546720505 0.0146277574822307 0.0512444972991943 0.122778058052063 0.106010347604752 0.167377889156342 0.519201815128326 0.529067516326904 0.0639752596616745 0.266176760196686 0.571698844432831 0.126542985439301 0.295944660902023 0.438798010349274 0.506964564323425 0.631641685962677 0.486795544624329 0.455156803131104 0.473281711339951 0.410694569349289 0.377932965755463 0.32539775967598 0.63782924413681 0.478765845298767 0.310807347297668 0.566401541233063 0.223810851573944 0.0810087397694588 0.234951883554459 0.141740918159485 0.0934821888804436 0.251530855894089 0.243143230676651 0.215438351035118
0.00431529618799686 0.00287084188312292 0.0035491578746587 0.00287761143408716 0.00266737816855311 0.00265824818052351 0.00428417697548866 0.00654617277905345 0.00914527848362923 0.0378308817744255 0.137316688895226 0.0113384649157524 0.134387597441673 0.225098222494125 0.321268439292908 0.229005962610245 0.511735439300537 0.413590222597122 0.0440877974033356 0.262737363576889 0.57697057723999 0.0896740108728409 0.319795787334442 0.547997117042542 0.385871857404709 0.482670545578003 0.55325722694397 0.33871653676033 0.464638620615005 0.315740525722504 0.261311769485474 0.354443460702896 0.687106847763062 0.495593398809433 0.242767512798309 0.220433324575424 0.176350295543671 0.0603751055896282 0.445563465356827 0.140004381537437 0.147798091173172 0.435002356767654 0.413974106311798 0.195150688290596
0.00344813312403858 0.00298711331561208 0.0031308876350522 0.00268586748279631 0.00256379949860275 0.00239717564545572 0.00343303056433797 0.00550817977637053 0.0115059316158295 0.101973786950111 0.159810215234756 0.00842303596436977 0.0513065047562122 0.321362555027008 0.330393612384796 0.27571639418602 0.472591161727905 0.424947023391724 0.0575409904122353 0.372881650924683 0.546495497226715 0.0772955119609833 0.488322526216507 0.520505726337433 0.295381784439087 0.57410740852356 0.563950002193451 0.394981384277344 0.463136553764343 0.427720189094543 0.345542699098587 0.479168206453323 0.552878797054291 0.535781919956207 0.14327010512352 0.142620131373405 0.21625816822052 0.0281948819756508 0.281998664140701 0.109478570520878 0.306303650140762 0.589017510414124 0.419818699359894 0.277560949325562
0.00280826888047159 0.00242586736567318 0.00264568068087101 0.00222187698818743 0.00231438758783042 0.00383987766690552 0.00715460535138845 0.0105081899091601 0.0113676311448216 0.0835960209369659 0.0371629633009434 0.00632584746927023 0.0587847046554089 0.430690377950668 0.257827669382095 0.181415066123009 0.519087433815002 0.180318370461464 0.0441618338227272 0.336264222860336 0.58257132768631 0.0970521122217178 0.394165277481079 0.429407060146332 0.265085607767105 0.391823410987854 0.421428799629211 0.538904547691345 0.423213422298431 0.388359278440475 0.293031930923462 0.269608944654465 0.473342478275299 0.553011536598206 0.220970526337624 0.210873052477837 0.0465826243162155 0.0861270353198051 0.0809065252542496 0.0444022119045258 0.296476453542709 0.424218773841858 0.411841124296188 0.169060155749321
