data/climate_estimation/maxent_output/Lilium_sargentiae.asc
NCOLS 90 
NROWS 108 
XLLCORNER 102.083333333333 
YLLCORNER 26.4166666666667 
CELLSIZE 0.0833333333333333 
NODATA_value -3.4e+38 
[rows 20 to 39 of 108, columns 44 to 87 of 90]
0.854175567626953 0.855887293815613 0.849224984645844 0.865910649299622 0.858950316905975 0.852967441082001 0.806103110313416 0.737193942070007 0.664799153804779 0.642095446586609 0.699952661991119 0.594734072685242 0.691156268119812 0.767495632171631 0.800796806812286 0.806461215019226 0.748177468776703 0.641678869724274 0.646308124065399 0.783607602119446 0.668047726154327 0.421289801597595 0.209850400686264 0.304310292005539 0.316838026046753 0.428498327732086 0.574916303157806 0.373432219028473 0.363566339015961 0.334044456481934 0.500500321388245 0.329675406217575 0.447704404592514 0.633077681064606 0.652711629867554 0.625480949878693 0.610498249530792 0.595163226127625 0.577067852020264 0.643530666828156 0.66025173664093 0.651102364063263 0.643968820571899 0.603539288043976
0.856043994426727 0.870503783226013 0.868528783321381 0.876226425170898 0.862332582473755 0.861787676811218 0.758352041244507 0.585997343063354 0.62303227186203 0.672945976257324 0.642996847629547 0.61094331741333 0.651547014713287 0.791119396686554 0.82449734210968 0.785445034503937 0.634854733943939 0.624333500862122 0.806868612766266 0.789543926715851 0.702512681484222 0.771285235881805 0.520257115364075 0.542953014373779 0.647239327430725 0.483424037694931 0.712620317935944 0.564930498600006 0.701739430427551 0.511406362056732 0.594437301158905 0.54154634475708 0.5468789935112 0.624582052230835 0.763139486312866 0.743031799793243 0.75322687625885 0.732799053192139 0.536193490028381 0.560236096382141 0.695579469203949 0.681435942649841 0.674383342266083 0.640387356281281
0.879351675510406 0.889576554298401 0.892896592617035 0.900074422359467 0.865073502063751 0.869047224521637 0.821931838989258 0.702046632766724 0.675931036472321 0.741007387638092 0.747496843338013 0.653471708297729 0.529300332069397 0.835518658161163 0.862419784069061 0.817785561084747 0.816606938838959 0.842512369155884 0.820514261722565 0.679183661937714 0.743634521961212 0.802361071109772 0.750085473060608 0.75995808839798 0.809807002544403 0.706896305084229 0.782798767089844 0.728583455085754 0.811394870281219 0.633679032325745 0.739934086799622 0.646205246448517 0.472109109163284 0.596840143203735 0.720488786697388 0.823390483856201 0.823189854621887 0.781176447868347 0.696562886238098 0.654933094978333 0.707904160022736 0.681833565235138 0.689152479171753 0.731436610221863
0.889301657676697 0.898055136203766 0.906089246273041 0.913305044174194 0.891967415809631 0.895431995391846 0.874935984611511 0.875721752643585 0.776058554649353 0.833963334560394 0.797103047370911 0.605522096157074 0.452009469270706 0.770513772964478 0.865856230258942 0.854059219360352 0.863588571548462 0.866484999656677 0.815996885299683 0.816912055015564 0.843541443347931 0.842206954956055 0.857259273529053 0.850103557109833 0.846694946289062 0.842167854309082 0.856870651245117 0.836191892623901 0.853330314159393 0.835066676139832 0.79441910982132 0.644415676593781 0.471876591444016 0.370701640844345 0.569119989871979 0.752416014671326 0.803262054920197 0.838947176933289 0.779605627059937 0.778145492076874 0.780588507652283 0.737889111042023 0.6705042719841 0.68674635887146
0.898838877677917 0.908169507980347 0.914564669132233 0.920932352542877 0.908876121044159 0.912463068962097 0.909454643726349 0.912926614284515 0.906801879405975 0.827998697757721 0.811630368232727 0.81169205904007 0.599930882453918 0.725635886192322 0.879965484142303 0.861987352371216 0.870306015014648 0.874333381652832 0.866567254066467 0.871929347515106 0.872442543506622 0.87043958902359 0.879008233547211 0.879865109920502 0.870252311229706 0.87346875667572 0.865720927715302 0.890010416507721 0.881648540496826 0.881648540496826 0.828117191791534 0.774162888526917 0.567111015319824 0.536982536315918 0.557116150856018 0.742491066455841 0.803585112094879 0.819154560565948 0.81702995300293 0.742918193340302 0.753359138965607 0.755836248397827 0.741655707359314 0.708957076072693
0.9086594581604 0.915343344211578 0.905275225639343 0.914657950401306 0.918213427066803 0.920977592468262 0.921499490737915 0.924437999725342 0.925517737865448 0.894877195358276 0.894040763378143 0.895000636577606 0.779678106307983 0.885269463062286 0.900593400001526 0.823083162307739 0.886449337005615 0.88483738899231 0.881466329097748 0.871881783008575 0.866673171520233 0.884548246860504 0.895450413227081 0.899945616722107 0.905364632606506 0.906371235847473 0.892419755458832 0.908233106136322 0.892528653144836 0.895803689956665 0.893179655075073 0.835082530975342 0.74878990650177 0.815469264984131 0.723176658153534 0.717285096645355 0.820745170116425 0.836347877979279 0.827086746692657 0.815422534942627 0.77934855222702 0.764443278312683 0.722356975078583 0.724636971950531
0.92177540063858 0.905356109142303 0.932674050331116 0.945571005344391 0.918241679668427 0.91077071428299 0.928656816482544 0.936710000038147 0.939342677593231 0.921046555042267 0.924497187137604 0.918329536914825 0.917656719684601 0.91378253698349 0.910590171813965 0.904471695423126 0.883169233798981 0.86966210603714 0.864620387554169 0.856558501720428 0.873532950878143 0.879220724105835 0.884052336215973 0.892119407653809 0.905981600284576 0.91395890712738 0.911619663238525 0.914787828922272 0.91986483335495 0.907613754272461 0.892768561840057 0.841976404190063 0.866388976573944 0.847744345664978 0.728235960006714 0.782453179359436 0.785387217998505 0.830137252807617 0.840249001979828 0.827210903167725 0.819485485553741 0.769405663013458 0.694552183151245 0.664097428321838
0.936846137046814 0.919971644878387 0.931362271308899 0.946605801582336 0.941031992435455 0.937105715274811 0.938674986362457 0.927113592624664 0.943801283836365 0.930053353309631 0.92613273859024 0.919831395149231 0.922108352184296 0.917075216770172 0.900127768516541 0.883628904819489 0.881108939647675 0.86505115032196 0.857725858688354 0.876081585884094 0.884963989257812 0.889012694358826 0.894724190235138 0.911341965198517 0.913891553878784 0.913735628128052 0.910811245441437 0.932961344718933 0.918525397777557 0.918222188949585 0.92815089225769 0.913842976093292 0.909773409366608 0.854400098323822 0.806557595729828 0.863126277923584 0.863960325717926 0.846538484096527 0.797304034233093 0.837204575538635 0.812714695930481 0.817058563232422 0.785543382167816 0.754409193992615
0.9518141746521 0.936968505382538 0.942719757556915 0.945123851299286 0.948700428009033 0.951279699802399 0.952774822711945 0.95327752828598 0.952344954013824 0.935415506362915 0.93383264541626 0.932020843029022 0.925067961215973 0.921651542186737 0.894696593284607 0.896684587001801 0.880646765232086 0.860323190689087 0.883142471313477 0.893860042095184 0.89449006319046 0.909439265727997 0.907122075557709 0.927312433719635 0.917397499084473 0.919532895088196 0.935553371906281 0.926504731178284 0.930978119373322 0.927306473255157 0.923261046409607 0.923201382160187 0.92327743768692 0.916791975498199 0.912881255149841 0.87822949886322 0.885733187198639 0.874870836734772 0.861330509185791 0.850505769252777 0.832295119762421 0.80497419834137 0.655351579189301 0.706574201583862
0.95858359336853 0.963543117046356 0.95886904001236 0.958791375160217 0.956363618373871 0.959005057811737 0.958483457565308 0.947819292545319 0.947091162204742 0.949568450450897 0.942383050918579 0.942590296268463 0.929015040397644 0.918969631195068 0.924971699714661 0.887412786483765 0.900382399559021 0.880631148815155 0.894100666046143 0.892291903495789 0.890494883060455 0.894015491008759 0.903581142425537 0.899182140827179 0.917027413845062 0.939564883708954 0.940422713756561 0.943031013011932 0.94654506444931 0.946357071399689 0.935542702674866 0.928748309612274 0.929308831691742 0.920726299285889 0.908801198005676 0.920224547386169 0.899897754192352 0.887034714221954 0.869679510593414 0.8395094871521 0.840401530265808 0.813619911670685 0.806596338748932 0.772314012050629
0.968948364257812 0.96953958272934 0.961563944816589 0.960125029087067 0.96483314037323 0.964467585086823 0.965686559677124 0.965889573097229 0.951166152954102 0.912702679634094 0.899480223655701 0.9449103474617 0.942251682281494 0.925795674324036 0.924536526203156 0.906734347343445 0.898325324058533 0.890600562095642 0.91436094045639 0.920226454734802 0.926019787788391 0.913359880447388 0.932824432849884 0.93755042552948 0.938027203083038 0.94759738445282 0.946358442306519 0.950462818145752 0.94951605796814 0.945752203464508 0.94947737455368 0.912170886993408 0.930916965007782 0.910465955734253 0.913397789001465 0.919930160045624 0.902348637580872 0.891870975494385 0.876658737659454 0.867387413978577 0.854770123958588 0.819603681564331 0.766328275203705 0.780242562294006
0.975004017353058 0.970442593097687 0.969204962253571 0.96987110376358 0.970285952091217 0.971323609352112 0.958871960639954 0.956675112247467 0.948661327362061 0.92810720205307 0.908435881137848 0.914261639118195 0.922085821628571 0.930921316146851 0.924276530742645 0.925957083702087 0.922228991985321 0.918519556522369 0.864521086215973 0.927259087562561 0.935843110084534 0.94335412979126 0.944270014762878 0.884735465049744 0.952410280704498 0.956164658069611 0.935513734817505 0.954219937324524 0.963456869125366 0.95128870010376 0.936057507991791 0.942499101161957 0.933748066425323 0.927384972572327 0.917431831359863 0.87820565700531 0.875889360904694 0.887981116771698 0.851666510105133 0.833265960216522 0.795511066913605 0.809808552265167 0.772143483161926 0.768278360366821
0.98110419511795 0.982129395008087 0.977476119995117 0.977261602878571 0.967636942863464 0.959411025047302 0.958360135555267 0.96276730298996 0.918311059474945 0.846317946910858 0.859452962875366 0.872088134288788 0.936495900154114 0.921971201896667 0.891043722629547 0.834690034389496 0.900709509849548 0.888205468654633 0.844744443893433 0.884923577308655 0.846544563770294 0.924817383289337 0.773674488067627 0.82651299238205 0.949962854385376 0.96347713470459 0.943524301052094 0.965925455093384 0.968247354030609 0.964739441871643 0.953707039356232 0.938363254070282 0.932053804397583 0.947344422340393 0.948676824569702 0.921841681003571 0.891404867172241 0.854282557964325 0.814902126789093 0.776441276073456 0.767790675163269 0.814209282398224 0.780751347541809 0.777628421783447
0.984365999698639 0.98679119348526 0.981227457523346 0.965620338916779 0.967279434204102 0.942041039466858 0.956069469451904 0.958769381046295 0.949241399765015 0.945539057254791 0.954387426376343 0.94355982542038 0.92330938577652 0.917656481266022 0.920840203762054 0.900916635990143 0.921197891235352 0.915147125720978 0.887815833091736 0.921366751194 0.919716358184814 0.822537004947662 0.823042750358582 0.926306784152985 0.929367303848267 0.972876489162445 0.958496510982513 0.974374532699585 0.973773002624512 0.97295618057251 0.971208035945892 0.959930658340454 0.949190020561218 0.947130918502808 0.924934387207031 0.9020134806633 0.896414697170258 0.88787704706192 0.850186169147491 0.80487734079361 0.802277863025665 0.823521494865417 0.772176802158356 0.791143476963043
0.986156761646271 0.985460937023163 0.984310448169708 0.976295173168182 0.976581871509552 0.957336783409119 0.967507660388947 0.960844576358795 0.96208930015564 0.965966761112213 0.925990343093872 0.914801359176636 0.943092048168182 0.954962491989136 0.959448099136353 0.944464921951294 0.954505383968353 0.957454144954681 0.958016097545624 0.932373642921448 0.954246163368225 0.927452802658081 0.94322657585144 0.963370084762573 0.940021455287933 0.978366136550903 0.967645704746246 0.979997158050537 0.979961931705475 0.975459814071655 0.971823453903198 0.961287915706635 0.951810956001282 0.948284804821014 0.947958648204803 0.917173743247986 0.90446001291275 0.871071398258209 0.86294037103653 0.824112594127655 0.804348886013031 0.791974067687988 0.758630931377411 0.77615350484848
0.991701126098633 0.985853970050812 0.988153338432312 0.980578541755676 0.981436192989349 0.971131920814514 0.971401989459991 0.971351623535156 0.973958671092987 0.956979632377625 0.951055228710175 0.969094157218933 0.964382350444794 0.96390038728714 0.963772118091583 0.947038769721985 0.953353524208069 0.961312472820282 0.950543284416199 0.954264342784882 0.971886992454529 0.972611844539642 0.979241907596588 0.981673240661621 0.976508319377899 0.984606266021729 0.975104033946991 0.966574609279633 0.984227776527405 0.976633250713348 0.982249796390533 0.97178715467453 0.967837154865265 0.961679816246033 0.941939413547516 0.929886698722839 0.942268550395966 0.904610276222229 0.903098225593567 0.870691001415253 0.834388077259064 0.823594152927399 0.776392340660095 0.799266576766968
0.990731239318848 0.991262197494507 0.991692245006561 0.983900129795074 0.975751638412476 0.974892258644104 0.973393857479095 0.975797355175018 0.965035080909729 0.976618528366089 0.966125667095184 0.973366320133209 0.960278570652008 0.958473205566406 0.954966008663177 0.964193761348724 0.966963291168213 0.960249781608582 0.969954073429108 0.971631526947021 0.973537504673004 0.978051662445068 0.982421875 0.986763060092926 0.982283890247345 0.983993887901306 0.98344749212265 0.980939090251923 0.984398543834686 0.987134635448456 0.979978978633881 0.978019714355469 0.974442720413208 0.971047401428223 0.958912312984467 0.947283625602722 0.93780118227005 0.912983119487762 0.906142234802246 0.892967224121094 0.862988173961639 0.844458997249603 0.832542419433594 0.773678779602051
0.98814445734024 0.986479699611664 0.98600447177887 0.984766244888306 0.978255689144135 0.977656424045563 0.971558034420013 0.974392950534821 0.976214110851288 0.9743971824646 0.964886963367462 0.959557950496674 0.948626577854156 0.968751668930054 0.965371549129486 0.970223069190979 0.961416482925415 0.966990768909454 0.970238208770752 0.97165459394455 0.975921154022217 0.980383217334747 0.983505010604858 0.98612904548645 0.991080820560455 0.991934835910797 0.992437839508057 0.988348186016083 0.988067388534546 0.989210546016693 0.983341336250305 0.973794102668762 0.912879228591919 0.921205759048462 0.961238086223602 0.952142119407654 0.941989481449127 0.927086234092712 0.894016981124878 0.884981274604797 0.867427051067352 0.850553750991821 0.84177839756012 0.798941791057587
0.98465633392334 0.985583186149597 0.985630214214325 0.980623781681061 0.97331440448761 0.956552147865295 0.962581276893616 0.966148853302002 0.960860908031464 0.963791728019714 0.966217994689941 0.957117974758148 0.96267831325531 0.965682208538055 0.963923275470734 0.972127676010132 0.96942126750946 0.965954661369324 0.976040482521057 0.96962308883667 0.980531573295593 0.980332493782043 0.980337738990784 0.988723814487457 0.991068124771118 0.99346649646759 0.992468297481537 0.991169571876526 0.982022345066071 0.982052206993103 0.987744450569153 0.981025218963623 0.957752287387848 0.915053725242615 0.91593599319458 0.924838125705719 0.91645348072052 0.912746131420135 0.905687749385834 0.88970947265625 0.859790682792664 0.81458193063736 0.813768684864044 0.826252639293671
0.979698300361633 0.972077667713165 0.977303206920624 0.975720584392548 0.97286981344223 0.958277761936188 0.96825635433197 0.970416188240051 0.958979487419128 0.953205823898315 0.96395206451416 0.957341194152832 0.951858460903168 0.95695960521698 0.970147669315338 0.969536185264587 0.94699615240097 0.971737742424011 0.974047422409058 0.965114772319794 0.969666481018066 0.982500851154327 0.984302580356598 0.987057030200958 0.991072595119476 0.993664443492889 0.993538498878479 0.996242344379425 0.976148247718811 0.971526980400085 0.989765703678131 0.986913681030273 0.979195415973663 0.917745351791382 0.772067010402679 0.825056195259094 0.776531159877777 0.825970590114594 0.897779583930969 0.883935451507568 0.893812775611877 0.868861734867096 0.704239368438721 0.793841958045959
