data/climate_estimation/maxent_output/Lilium_davidii.asc
NCOLS 174 
NROWS 136 
XLLCORNER 98.3333333333333 
YLLCORNER 24.4166666666667 
CELLSIZE 0.0833333333333333 
NODATA_value -3.4e+38 
[rows 100 to 119 of 136, columns 0 to 43 of 174]
0.681418716907501 0.680603802204132 0.905540347099304 0.858428120613098 0.951254069805145 0.898800075054169 0.909894049167633 0.941731572151184 0.894934117794037 0.867160141468048 0.918296158313751 0.953608691692352 0.943481028079987 0.937995374202728 0.922978460788727 0.821729004383087 0.922690749168396 0.692642033100128 0.85511839389801 0.904463112354279 0.69397634267807 0.866908967494965 0.848673582077026 0.788462519645691 0.849259793758392 0.817102015018463 0.69067370891571 0.849495470523834 0.780950903892517 0.818175852298737 0.771281599998474 0.808895289897919 0.834182143211365 0.798723578453064 0.800207674503326 0.750524044036865 0.808713257312775 0.828288614749908 0.81691300868988 0.822859346866608 0.822563767433167 0.792531490325928 0.697280406951904 0.430936902761459
0.66793555021286 0.660269916057587 0.517426490783691 0.627380609512329 0.935594916343689 0.93822181224823 0.649103999137878 0.943343341350555 0.940765142440796 0.826157808303833 0.885118782520294 0.938602685928345 0.927315413951874 0.939114153385162 0.944170892238617 0.825594544410706 0.911829590797424 0.776965618133545 0.696272253990173 0.861432015895844 0.890043914318085 0.691385447978973 0.85954624414444 0.823461532592773 0.843540668487549 0.822597622871399 0.810069859027863 0.742337584495544 0.829522609710693 0.768810093402863 0.738450646400452 0.824659705162048 0.786649346351624 0.794284701347351 0.751183152198792 0.778193056583405 0.819383144378662 0.795291602611542 0.794956862926483 0.814890563488007 0.77895188331604 0.450228601694107 0.462380111217499 0.570897936820984
0.814271926879883 0.424056470394135 0.43728044629097 0.897150933742523 0.945996344089508 0.950243592262268 0.678233623504639 0.943007826805115 0.943684339523315 0.859644770622253 0.910697400569916 0.878626227378845 0.935860753059387 0.945231676101685 0.934245109558105 0.922700762748718 0.930664122104645 0.864590287208557 0.900475800037384 0.81141608953476 0.871125340461731 0.905125379562378 0.757142543792725 0.840060830116272 0.822261393070221 0.784038841724396 0.75718629360199 0.812048435211182 0.80399352312088 0.752410054206848 0.770569562911987 0.802225351333618 0.800312876701355 0.777461349964142 0.769833564758301 0.784567475318909 0.803176820278168 0.799865901470184 0.802140235900879 0.747802495956421 0.757359981536865 0.515998423099518 0.300098896026611 0.791854858398438
0.372475147247314 0.597048819065094 0.695262610912323 0.931517899036407 0.955522060394287 0.918360114097595 0.628467917442322 0.943409502506256 0.932958126068115 0.87904280424118 0.907829463481903 0.920568227767944 0.897124528884888 0.92759644985199 0.929600119590759 0.923748254776001 0.868875741958618 0.92434561252594 0.860746264457703 0.865699768066406 0.877619028091431 0.805917382240295 0.654321730136871 0.838286399841309 0.833093047142029 0.709818065166473 0.826048791408539 0.787995219230652 0.824883699417114 0.805956065654755 0.788046717643738 0.803552269935608 0.778442919254303 0.78242427110672 0.799076437950134 0.777455568313599 0.720969974994659 0.604819178581238 0.711353361606598 0.717551529407501 0.527568519115448 0.364183038473129 0.323459714651108 0.678397178649902
0.202125728130341 0.915612459182739 0.908123731613159 0.89990371465683 0.936898767948151 0.939090132713318 0.591828882694244 0.93518477678299 0.944296002388 0.885242342948914 0.884629905223846 0.92425274848938 0.942907333374023 0.914851009845734 0.927686214447021 0.914809465408325 0.912704110145569 0.85968291759491 0.888838291168213 0.896507799625397 0.878991484642029 0.852602601051331 0.840029418468475 0.817927300930023 0.819775938987732 0.710133850574493 0.800141036510468 0.786478221416473 0.783520042896271 0.75902795791626 0.779216349124908 0.77729457616806 0.795634210109711 0.79302978515625 0.766181170940399 0.58267879486084 0.406408101320267 0.593937754631042 0.47458353638649 0.592136263847351 0.691379070281982 0.37703338265419 0.636953771114349 0.569919586181641
0.225286304950714 0.89229941368103 0.885526180267334 0.788241028785706 0.947021245956421 0.924290955066681 0.606836378574371 0.930354595184326 0.919449627399445 0.877023041248322 0.804815530776978 0.900323510169983 0.876029491424561 0.91272759437561 0.904127299785614 0.904184997081757 0.891838550567627 0.896932661533356 0.8811976313591 0.815273582935333 0.863324999809265 0.855589866638184 0.802818357944489 0.837645351886749 0.794013381004333 0.727663397789001 0.784346461296082 0.763299167156219 0.704697966575623 0.74549800157547 0.775980532169342 0.762939214706421 0.751628458499908 0.719207286834717 0.758109390735626 0.642197847366333 0.287984132766724 0.265791326761246 0.255096167325974 0.312560200691223 0.397055804729462 0.617270052433014 0.690114676952362 0.580678164958954
0.256816029548645 0.750692844390869 0.783554673194885 0.548614203929901 0.929865837097168 0.915202617645264 0.539950430393219 0.936146438121796 0.936073899269104 0.851589143276215 0.811104357242584 0.92824786901474 0.836448669433594 0.926114916801453 0.895725011825562 0.840689420700073 0.890389442443848 0.897111654281616 0.88158392906189 0.811461687088013 0.830270230770111 0.780233263969421 0.735263049602509 0.768301486968994 0.822468519210815 0.771884799003601 0.782483160495758 0.608534812927246 0.762482225894928 0.750342071056366 0.790923237800598 0.750189602375031 0.766155481338501 0.574418067932129 0.529462993144989 0.572428345680237 0.58503258228302 0.24174939095974 0.38701456785202 0.556588292121887 0.293521761894226 0.653021693229675 0.63784247636795 0.377738565206528
0.21783310174942 0.325969338417053 0.606239020824432 0.681105673313141 0.899723410606384 0.937542796134949 0.555386304855347 0.934440314769745 0.908730685710907 0.848864376544952 0.885198891162872 0.916765093803406 0.914338290691376 0.852172017097473 0.911289811134338 0.901576936244965 0.899998962879181 0.868598639965057 0.866330921649933 0.82370263338089 0.842487692832947 0.833061575889587 0.793352723121643 0.761962890625 0.741715371608734 0.685310959815979 0.706529378890991 0.439452201128006 0.665077924728394 0.759631276130676 0.814637541770935 0.794865906238556 0.73742812871933 0.535581886768341 0.373769730329514 0.42288213968277 0.385667353868484 0.289219111204147 0.62922602891922 0.565449178218842 0.333120167255402 0.245177790522575 0.380410701036453 0.210219383239746
0.163017496466637 0.788233995437622 0.845573604106903 0.810685038566589 0.901745915412903 0.920754730701447 0.599862337112427 0.905805110931396 0.906066000461578 0.78520530462265 0.87991738319397 0.939809083938599 0.927366077899933 0.921348452568054 0.910805523395538 0.881296992301941 0.901050567626953 0.874152660369873 0.877029955387115 0.828770816326141 0.855591475963593 0.828780472278595 0.80669116973877 0.79964691400528 0.724007964134216 0.80321604013443 0.776929438114166 0.639143347740173 0.480269610881805 0.753856837749481 0.816640555858612 0.760699331760406 0.706349849700928 0.637405395507812 0.336487412452698 0.400924652814865 0.470247387886047 0.607664167881012 0.278258353471756 0.417121648788452 0.434832245111465 0.203129544854164 0.203660801053047 0.312118470668793
0.128122374415398 0.694002866744995 0.787174582481384 0.871052920818329 0.870281398296356 0.949621140956879 0.646916627883911 0.869669258594513 0.913420975208282 0.749590456485748 0.935661017894745 0.92495334148407 0.924923419952393 0.920862674713135 0.889528334140778 0.895756959915161 0.825689673423767 0.888932108879089 0.852332174777985 0.810710191726685 0.821230113506317 0.84547084569931 0.747861802577972 0.808275580406189 0.687714457511902 0.776173651218414 0.747294127941132 0.603433012962341 0.580320596694946 0.708863914012909 0.739892601966858 0.758160769939423 0.601509213447571 0.386184126138687 0.214497715234756 0.167375832796097 0.185486912727356 0.19600248336792 0.20637571811676 0.243022114038467 0.361579358577728 0.148880675435066 0.156481802463531 0.280936658382416
0.457006514072418 0.694864153862 0.663722574710846 0.779258728027344 0.946292340755463 0.937378764152527 0.565481841564178 0.864865124225616 0.942329943180084 0.719297587871552 0.843279600143433 0.90415346622467 0.919614136219025 0.931918740272522 0.905246555805206 0.895399391651154 0.885972678661346 0.846575140953064 0.832782506942749 0.815917372703552 0.861485421657562 0.838335454463959 0.735124111175537 0.812574505805969 0.736988842487335 0.452642530202866 0.644534349441528 0.523899078369141 0.397622883319855 0.635504364967346 0.619225442409515 0.587887465953827 0.610222339630127 0.471029818058014 0.222365140914917 0.150097861886024 0.127697139978409 0.115277327597141 0.152838930487633 0.201594665646553 0.111430771648884 0.202369406819344 0.117162391543388 0.241106748580933
0.726930975914001 0.824143052101135 0.884066641330719 0.826365351676941 0.935822129249573 0.913735628128052 0.412427693605423 0.871410250663757 0.930607855319977 0.658932387828827 0.887839436531067 0.924659907817841 0.901713967323303 0.914821922779083 0.914569914340973 0.863626182079315 0.885637700557709 0.836298704147339 0.78953230381012 0.819110989570618 0.852629125118256 0.832449853420258 0.706097662448883 0.6961390376091 0.617795825004578 0.398499965667725 0.783862471580505 0.527296721935272 0.522293746471405 0.747295200824738 0.729333758354187 0.564518809318542 0.270929723978043 0.58390748500824 0.436088681221008 0.300579875707626 0.315135717391968 0.128932729363441 0.274225324392319 0.494557768106461 0.172223672270775 0.146908700466156 0.0981117114424706 0.344610214233398
0.475214511156082 0.884582102298737 0.889291703701019 0.872318804264069 0.942309677600861 0.927177608013153 0.5237095952034 0.92736554145813 0.941286146640778 0.606936872005463 0.92737090587616 0.920160293579102 0.876538574695587 0.902545094490051 0.8864426612854 0.876858711242676 0.88540107011795 0.876387238502502 0.838466584682465 0.874077260494232 0.84826272726059 0.857487559318542 0.619211971759796 0.599429249763489 0.69557386636734 0.235142976045609 0.710122346878052 0.48431071639061 0.704741477966309 0.801463067531586 0.735002040863037 0.65682065486908 0.617457568645477 0.205647647380829 0.188334569334984 0.174110546708107 0.194657295942307 0.234786152839661 0.303876727819443 0.542746722698212 0.32401978969574 0.221342474222183 0.18012809753418 0.237144231796265
0.523011386394501 0.929514169692993 0.854587912559509 0.792457818984985 0.935284733772278 0.792056202888489 0.414143562316895 0.91729348897934 0.928962647914886 0.660893440246582 0.920686960220337 0.914485454559326 0.859712243080139 0.890404880046844 0.899877190589905 0.887222051620483 0.886857390403748 0.880116164684296 0.828868389129639 0.784578740596771 0.86130702495575 0.86593097448349 0.711110591888428 0.7226802110672 0.388482004404068 0.486170709133148 0.449152052402496 0.29903781414032 0.716093957424164 0.768908858299255 0.761962950229645 0.525898098945618 0.258243083953857 0.463151454925537 0.360689461231232 0.54497879743576 0.416520863771439 0.304591506719589 0.545346200466156 0.53208339214325 0.310530811548233 0.323926359415054 0.370859682559967 0.328104227781296
0.554211139678955 0.92796927690506 0.780898988246918 0.790267765522003 0.930043637752533 0.906103730201721 0.353317767381668 0.758671879768372 0.925388336181641 0.624408185482025 0.907071352005005 0.877932071685791 0.850994229316711 0.738561868667603 0.891677916049957 0.88730001449585 0.881832778453827 0.861884474754333 0.862900197505951 0.761579275131226 0.850212395191193 0.849019587039948 0.686030387878418 0.717416405677795 0.465077549219131 0.27475306391716 0.227492719888687 0.286837100982666 0.430419266223907 0.389588564634323 0.621816873550415 0.411777675151825 0.73384153842926 0.690042495727539 0.659621179103851 0.666924655437469 0.478152632713318 0.388185352087021 0.593260943889618 0.469294279813766 0.416525900363922 0.410406291484833 0.197510346770287 0.406804531812668
0.747028529644012 0.925143003463745 0.757846415042877 0.828429281711578 0.918545961380005 0.746031641960144 0.328752189874649 0.917117595672607 0.922561585903168 0.553533315658569 0.906687796115875 0.753806233406067 0.865626156330109 0.828011810779572 0.885777533054352 0.87676340341568 0.840010941028595 0.852650761604309 0.857040047645569 0.692871630191803 0.798436045646667 0.860906600952148 0.502378880977631 0.549211263656616 0.428605258464813 0.629236042499542 0.457625597715378 0.633968591690063 0.518734514713287 0.658344924449921 0.412602037191391 0.565132260322571 0.767062962055206 0.722290694713593 0.755956590175629 0.630814790725708 0.528327822685242 0.536970615386963 0.345050424337387 0.231403976678848 0.240604013204575 0.302664160728455 0.264382749795914 0.363393992185593
0.717958450317383 0.518122673034668 0.517367899417877 0.705698549747467 0.931443989276886 0.606596410274506 0.353744298219681 0.925569474697113 0.918807089328766 0.581961572170258 0.912925243377686 0.847073078155518 0.814830780029297 0.710655152797699 0.881112277507782 0.871804475784302 0.790871500968933 0.780258357524872 0.867446482181549 0.797172844409943 0.695968091487885 0.705379068851471 0.549953103065491 0.4588403403759 0.447613507509232 0.602254033088684 0.298105746507645 0.667997002601624 0.707740366458893 0.448151439428329 0.674821436405182 0.542872667312622 0.751407623291016 0.69327187538147 0.681363999843597 0.65686821937561 0.677119970321655 0.647219359874725 0.306606382131577 0.190629810094833 0.182584017515182 0.164006531238556 0.182231023907661 0.323880136013031
0.27166947722435 0.684366047382355 0.886360883712769 0.648547291755676 0.923867881298065 0.416038811206818 0.46995684504509 0.921628654003143 0.91050398349762 0.680567741394043 0.864945471286774 0.822880744934082 0.822102844715118 0.868504166603088 0.877000391483307 0.842589139938354 0.801983177661896 0.669967770576477 0.860021591186523 0.829342842102051 0.841338932514191 0.600329458713531 0.697843015193939 0.776996314525604 0.741239547729492 0.444111168384552 0.232477024197578 0.513709962368011 0.734382450580597 0.611571133136749 0.693116903305054 0.40842017531395 0.493882685899734 0.564487874507904 0.677514612674713 0.648436427116394 0.566447913646698 0.466658920049667 0.274895936250687 0.155654758214951 0.132628038525581 0.0751156732439995 0.0628022700548172 0.189632207155228
0.629454255104065 0.864441692829132 0.915129423141479 0.846517503261566 0.921515822410583 0.576443135738373 0.18344184756279 0.607407867908478 0.660438299179077 0.694976508617401 0.828153550624847 0.86470353603363 0.621465861797333 0.84827709197998 0.840326428413391 0.855945646762848 0.825500428676605 0.70404189825058 0.696974992752075 0.84598582983017 0.831977963447571 0.636304676532745 0.578554451465607 0.723438799381256 0.606706142425537 0.374549001455307 0.24656355381012 0.388953804969788 0.750641524791718 0.681570649147034 0.529366970062256 0.397035390138626 0.358293294906616 0.278680622577667 0.467861950397491 0.51771754026413 0.441686362028122 0.416259050369263 0.188474759459496 0.106575958430767 0.102122843265533 0.041522953659296 0.0623695999383926 0.647735893726349
0.897795379161835 0.853556215763092 0.868273735046387 0.88068026304245 0.892784535884857 0.826528191566467 0.167592644691467 0.805307745933533 0.9094597697258 0.891168534755707 0.490634083747864 0.866497993469238 0.605625092983246 0.85234659910202 0.816768527030945 0.848368585109711 0.843113243579865 0.813127756118774 0.695640027523041 0.734993994235992 0.821296453475952 0.635853946208954 0.628898084163666 0.671606004238129 0.588126838207245 0.420103907585144 0.269880801439285 0.389310926198959 0.678655564785004 0.648301243782043 0.582699596881866 0.37585660815239 0.405090987682343 0.364362388849258 0.388670653104782 0.440249055624008 0.529238641262054 0.54682981967926 0.364340007305145 0.198400989174843 0.0749506503343582 0.0101819885894656 0.051850039511919 0.622124433517456
