data/climate_estimation/maxent_output/Lilium_medeoloides.asc
NCOLS 398 
NROWS 238 
XLLCORNER 125.583333333333 
YLLCORNER 34.8333333333333 
CELLSIZE 0.0833333333333333 
NODATA_value -3.4e+38 
[rows 69 to 91 of 238, columns 104 to 155 of 398]
0.0138729400932789 0.0153807448223233 0.0144347306340933 0.0132767111063004 0.0152678843587637 0.0156614575535059 0.014534343034029 0.0147598050534725 0.0137659991160035 0.0126909371465445 0.0131498808041215 0.0136803826317191 0.0140426456928253 0.0144301000982523 0.014890480786562 0.0183498412370682 0.0188708696514368 0.0194627661257982 0.0201416369527578 0.0207068007439375 0.0256841983646154 0.0265587959438562 0.0274406187236309 0.0285951532423496 0.032193448394537 0.0369086042046547 0.0372138656675816 0.0419540405273438 0.0437537170946598 0.048681452870369 0.0574219636619091 0.0733368545770645 0.0855990424752235 0.0877655670046806 0.0902369618415833 0.0870755091309547 0.0902698487043381 0.0881352126598358 0.0908612832427025 0.0897216275334358 0.0825337097048759 0.08930703997612 0.0873969420790672 0.0947696939110756 0.0857349038124084 0.0814583897590637 0.0901370346546173 0.0713655352592468 0.0892264544963837 0.0974307060241699 0.0981538221240044 0.100226916372776
0.0118448752909899 0.0119923045858741 0.0120689552277327 0.0124220056459308 0.0142133571207523 0.0130358375608921 0.0133798625320196 0.0137378219515085 0.0116533832624555 0.0122312670573592 0.0126953087747097 0.0127172581851482 0.0130291888490319 0.0134119018912315 0.0151494387537241 0.0156844332814217 0.0177132245153189 0.0183245744556189 0.0208496656268835 0.0284386500716209 0.0294312257319689 0.030296703800559 0.0311571359634399 0.0358115024864674 0.0360668711364269 0.0405635721981525 0.0537323392927647 0.0580890774726868 0.0607061386108398 0.0652096420526505 0.0753554403781891 0.0825575217604637 0.0893899127840996 0.0989689081907272 0.0931750684976578 0.0946599245071411 0.0938828662037849 0.0958969071507454 0.0956422612071037 0.0941240265965462 0.0952895879745483 0.0895180329680443 0.0934205055236816 0.0989128202199936 0.0935186222195625 0.10131698846817 0.0888480022549629 0.0906766057014465 0.104164734482765 0.10243908315897 0.103651985526085 0.110843636095524
0.0110470857471228 0.0113506810739636 0.0115947555750608 0.0116850305348635 0.0122019574046135 0.0125412363559008 0.0125615717843175 0.0117472726851702 0.0109234610572457 0.0102432249113917 0.0116417715325952 0.0120405349880457 0.0123816141858697 0.0137509377673268 0.0141641162335873 0.0159778408706188 0.0198505148291588 0.0250329300761223 0.0307568106800318 0.029497379437089 0.0299208145588636 0.0344952531158924 0.0384433344006538 0.0397539474070072 0.0447968952357769 0.0544439665973186 0.0596761964261532 0.0683122500777245 0.0803211629390717 0.0806256681680679 0.0893099308013916 0.0973554030060768 0.0949985384941101 0.104736484587193 0.0980998650193214 0.107111893594265 0.103082045912743 0.0988947674632072 0.107138387858868 0.1054368019104 0.10283900052309 0.106358267366886 0.102909944951534 0.10187878459692 0.105479426681995 0.108566358685493 0.105105124413967 0.103289261460304 0.106379672884941 0.109397903084755 0.107385754585266 0.108269728720188
0.0113477036356926 0.0105818519368768 0.010603990405798 0.0121769942343235 0.0113992942497134 0.011711142025888 0.0107208918780088 0.00997429993003607 0.0101850358769298 0.0116550559177995 0.0106606120243669 0.0110443001613021 0.0173470284789801 0.0131212454289198 0.014820883050561 0.0180995017290115 0.0268510188907385 0.0259130597114563 0.0267051756381989 0.0301259066909552 0.0345730818808079 0.0381624214351177 0.0436436347663403 0.0540825389325619 0.0545802265405655 0.0594310574233532 0.0652797892689705 0.0816276520490646 0.0854368060827255 0.0872979760169983 0.0991943255066872 0.0977569743990898 0.107284963130951 0.10284998267889 0.115313656628132 0.114911399781704 0.113922104239464 0.11279634386301 0.112232901155949 0.111071817576885 0.109828665852547 0.105547942221165 0.113085635006428 0.109899468719959 0.112418062984943 0.105700507760048 0.11179481446743 0.111572988331318 0.116426296532154 0.112780027091503 0.117862470448017 0.112748093903065
0.0105998385697603 0.0106815230101347 0.00995934475213289 0.0113669065758586 0.0116870766505599 0.0107112508267164 0.00998325273394585 0.0102540254592896 0.0096463356167078 0.0107660796493292 0.0110319461673498 0.0102912122383714 0.0117100793868303 0.0131930634379387 0.0152328247204423 0.0211442895233631 0.0233280211687088 0.0267485901713371 0.0298679582774639 0.0342781841754913 0.0348582938313484 0.0394996479153633 0.0535819865763187 0.058370616286993 0.0614507496356964 0.0633303001523018 0.0693121403455734 0.0838667526841164 0.0912728756666183 0.0998870357871056 0.105035945773125 0.106234349310398 0.112227879464626 0.116941690444946 0.12019494920969 0.115329138934612 0.119155131280422 0.115571223199368 0.112578876316547 0.111798003315926 0.115810967981815 0.10898594558239 0.115386471152306 0.11384117603302 0.118238992989063 0.114812642335892 0.11504228413105 0.118210315704346 0.123578429222107 0.124105229973793 0.126596584916115 0.125663921236992
0.00999521277844906 0.0100974934175611 0.0093963835388422 0.0104558737948537 0.0109094856306911 0.0102428598329425 0.0102710109204054 0.0094382157549262 0.00900419149547815 0.0101265320554376 0.0102937920019031 0.0159594751894474 0.0120228324085474 0.013540823943913 0.0154582364484668 0.0194003973156214 0.022347604855895 0.0274238530546427 0.0309743769466877 0.0346536338329315 0.0392864495515823 0.0495753884315491 0.0575292035937309 0.062106192111969 0.0668225288391113 0.0716701149940491 0.0822675302624702 0.0893423855304718 0.0951966494321823 0.104887299239635 0.108384236693382 0.114413112401962 0.119332134723663 0.125259414315224 0.120973899960518 0.127999827265739 0.12065102905035 0.117868632078171 0.118237763643265 0.115738600492477 0.116978012025356 0.115506872534752 0.121738329529762 0.126813620328903 0.123734064400196 0.121561400592327 0.124911807477474 0.121162325143814 0.116967633366585 0.126288056373596 0.124598972499371 0.127513557672501
0.0101132374256849 0.00945750344544649 0.00960089918226004 0.0100390752777457 0.010289610363543 0.0105716111138463 0.00970962643623352 0.00990038551390171 0.0102250976487994 0.0104726487770677 0.0128167746588588 0.0130735114216805 0.0132869565859437 0.0150837609544396 0.0195052400231361 0.0221205540001392 0.0244989898055792 0.0283422209322453 0.0352443903684616 0.0395311526954174 0.0498970709741116 0.0537830181419849 0.0612416304647923 0.0671228915452957 0.0833426862955093 0.0885687321424484 0.0924116596579552 0.0955653339624405 0.106425344944 0.114146061241627 0.118769302964211 0.123993709683418 0.126417562365532 0.128410130739212 0.136126384139061 0.134945213794708 0.128007784485817 0.131858482956886 0.128240123391151 0.115240037441254 0.118393287062645 0.117489732801914 0.120206020772457 0.128191351890564 0.132033959031105 0.127563819289207 0.131710469722748 0.122235238552094 0.132911995053291 0.135325655341148 0.134655222296715 0.133577287197113
0.0101508749648929 0.0105379270389676 0.00985895283520222 0.0102909235283732 0.0105568580329418 0.00970102101564407 0.0118053173646331 0.0145938256755471 0.0132719725370407 0.0147974817082286 0.0165477748960257 0.0187524799257517 0.0166081637144089 0.0190997775644064 0.0200743731111288 0.0221530590206385 0.0283454414457083 0.0319589897990227 0.0357313267886639 0.0442242808640003 0.0541752614080906 0.0593080744147301 0.0652025416493416 0.0707760378718376 0.0868050679564476 0.0915802419185638 0.0947113260626793 0.109791338443756 0.1175786703825 0.11761099845171 0.120457902550697 0.129527822136879 0.131806537508965 0.140364348888397 0.134929329156876 0.144312158226967 0.141084492206573 0.138254508376122 0.129492416977882 0.129295334219933 0.124741420149803 0.129844546318054 0.134611114859581 0.137625128030777 0.139051735401154 0.135591924190521 0.138183042407036 0.141908258199692 0.141620457172394 0.136158734560013 0.147966802120209 0.142754688858986
0.0087906327098608 0.0088792834430933 0.0101975481957197 0.0104583036154509 0.00984678976237774 0.0161940958350897 0.030947083607316 0.0316958837211132 0.0335581004619598 0.0215347968041897 0.014895155094564 0.0150964753702283 0.0155939320102334 0.0197638012468815 0.022173672914505 0.0250396449118853 0.0314896479249001 0.0325668677687645 0.0401464700698853 0.0541522689163685 0.0591164231300354 0.0648681074380875 0.0706821531057358 0.086602970957756 0.090546041727066 0.0947025194764137 0.108373634517193 0.119515843689442 0.122990071773529 0.127209231257439 0.131377875804901 0.140934139490128 0.147193610668182 0.140959590673447 0.147039994597435 0.141666129231453 0.146206140518188 0.14469800889492 0.134916737675667 0.140827745199203 0.136977329850197 0.132748439908028 0.138019055128098 0.130648046731949 0.136623024940491 0.14482156932354 0.148643061518669 0.138837277889252 0.14613838493824 0.146560117602348 0.149216935038567 0.151180043816566
0.00903392862528563 0.00915124546736479 0.0103128617629409 0.0106798484921455 0.00990395620465279 0.0101852137595415 0.0113148326054215 0.0151507733389735 0.0141005348414183 0.0134672848507762 0.0140846008434892 0.0156368166208267 0.0197707861661911 0.0222200658172369 0.0249937698245049 0.0304069183766842 0.0349203087389469 0.0365676768124104 0.0501771494746208 0.0592462494969368 0.061711098998785 0.0679099857807159 0.0819186717271805 0.0891421511769295 0.0958622470498085 0.108629420399666 0.111664935946465 0.125210523605347 0.124793477356434 0.132219523191452 0.143124759197235 0.150849178433418 0.151591390371323 0.154755592346191 0.159265443682671 0.146821796894073 0.134828716516495 0.134306594729424 0.157463431358337 0.154577985405922 0.144295617938042 0.150042980909348 0.150899156928062 0.153104841709137 0.155198872089386 0.147915467619896 0.158963933587074 0.147204801440239 0.146647736430168 0.154369905591011 0.153189405798912 0.155561164021492
0.00834333524107933 0.00849410519003868 0.00971454568207264 0.00994390342384577 0.0101915840059519 0.0104775922372937 0.010742986574769 0.012005771510303 0.0124465981498361 0.0139642860740423 0.0156386829912663 0.0176275093108416 0.0205052644014359 0.0227560568600893 0.0282635446637869 0.0343622788786888 0.0505582168698311 0.0493893176317215 0.0582965202629566 0.0611777640879154 0.0676906928420067 0.0806874483823776 0.0861236974596977 0.09342260658741 0.109135925769806 0.110058255493641 0.122154138982296 0.123175770044327 0.131584942340851 0.144654378294945 0.146600157022476 0.153595820069313 0.160874024033546 0.15264680981636 0.157373085618019 0.163871243596077 0.155772119760513 0.154765516519547 0.151591688394547 0.165101885795593 0.160172373056412 0.158206924796104 0.16403716802597 0.163461491465569 0.153494507074356 0.154059886932373 0.162798374891281 0.147454887628555 0.148491099476814 0.158094510436058 0.16905166208744 0.161682993173599
0.00877012964338064 0.00974002759903669 0.00921181309968233 0.00929281208664179 0.0094447573646903 0.0106929410248995 0.010809906758368 0.0124344984069467 0.0140371574088931 0.0143525982275605 0.0158589482307434 0.0179026629775763 0.0229423940181732 0.0258236825466156 0.0293026845902205 0.0360848866403103 0.0483998134732246 0.0561562515795231 0.060286071151495 0.0670239701867104 0.0802028551697731 0.0861539468169212 0.0915880277752876 0.104637421667576 0.110274612903595 0.117869406938553 0.123441316187382 0.127914160490036 0.135018512606621 0.142871081829071 0.156074479222298 0.15344563126564 0.170137122273445 0.171844482421875 0.174117624759674 0.167954578995705 0.162585377693176 0.15935455262661 0.158495157957077 0.157336220145226 0.1649229824543 0.16262049973011 0.16422475874424 0.167215242981911 0.156908676028252 0.158768996596336 0.13403594493866 0.131281226873398 0.16584774851799 0.172426030039787 0.171980559825897 0.179603457450867
0.00801844522356987 0.00937154144048691 0.00955785345286131 0.00958200264722109 0.00976473186165094 0.0100325429812074 0.0111083146184683 0.0126814572140574 0.0143077755346894 0.0146794393658638 0.0164264366030693 0.0186281800270081 0.023799566552043 0.0260460544377565 0.0299452170729637 0.0336489975452423 0.0472287759184837 0.0579103417694569 0.0648528933525085 0.0794533714652061 0.0859187766909599 0.0984351634979248 0.100698001682758 0.105333015322685 0.112600274384022 0.121995627880096 0.124549508094788 0.13624095916748 0.139551356434822 0.148924544453621 0.156583860516548 0.157509177923203 0.165804147720337 0.168543294072151 0.174721896648407 0.181579798460007 0.16396789252758 0.171498164534569 0.169605672359467 0.168431624770164 0.173930138349533 0.170494571328163 0.180058434605598 0.172742620110512 0.174376845359802 0.173680692911148 0.162134066224098 0.126490384340286 0.153649121522903 0.171364277601242 0.164725601673126 0.145895197987556
0.00814327225089073 0.0094479164108634 0.00970111414790154 0.0097369784489274 0.00987996533513069 0.0101675121113658 0.013011010363698 0.0132142258808017 0.0148676987737417 0.0150331780314445 0.0168476067483425 0.0212966781109571 0.023909792304039 0.026676194742322 0.0361003018915653 0.0488732755184174 0.0470712929964066 0.0591324493288994 0.0680282115936279 0.0846856087446213 0.0864323824644089 0.0969710573554039 0.102725394070148 0.106001287698746 0.118087768554688 0.125277832150459 0.133249700069427 0.142010524868965 0.148059546947479 0.156217381358147 0.155918762087822 0.151211142539978 0.159688383340836 0.171558573842049 0.175064831972122 0.188226729631424 0.181452304124832 0.177339002490044 0.179185375571251 0.175908386707306 0.178723499178886 0.172603636980057 0.183420330286026 0.180671855807304 0.184638485312462 0.181466847658157 0.173688933253288 0.178819432854652 0.10518741607666 0.133906945586205 0.14999321103096 0.170082896947861
0.00766219850629568 0.00877265632152557 0.00989332515746355 0.00991403311491013 0.0101538617163897 0.0103717958554626 0.0128636499866843 0.0144958356395364 0.0150975100696087 0.0168727468699217 0.0175118893384933 0.0221927184611559 0.0245281588286161 0.0307730752974749 0.039873793721199 0.0515563040971756 0.0526741519570351 0.0581050477921963 0.0830718129873276 0.0943732410669327 0.0978115648031235 0.102075316011906 0.106539532542229 0.114215865731239 0.11795075237751 0.134029448032379 0.136390179395676 0.142147243022919 0.156152725219727 0.149318188428879 0.155675962567329 0.156387761235237 0.160195514559746 0.159938350319862 0.174010619521141 0.18344658613205 0.184898361563683 0.195160076022148 0.185117691755295 0.18603678047657 0.183071509003639 0.187678098678589 0.187271639704704 0.182466983795166 0.182734534144402 0.188884034752846 0.177441149950027 0.150857105851173 0.0855995342135429 0.138489246368408 0.149530276656151 0.169986978173256
0.00790858920663595 0.00888064224272966 0.00906574353575706 0.00928635150194168 0.0105172637850046 0.0106628499925137 0.0131540074944496 0.0147490724921227 0.0166725479066372 0.0188270956277847 0.0216992013156414 0.0244950633496046 0.0277678500860929 0.0396489053964615 0.0629986748099327 0.0551204867660999 0.0539115071296692 0.0625174343585968 0.069882333278656 0.083569310605526 0.0918858051300049 0.107633627951145 0.112221732735634 0.115913458168507 0.126621767878532 0.132909789681435 0.143941417336464 0.150300264358521 0.154785633087158 0.157063752412796 0.171128660440445 0.165457263588905 0.163547113537788 0.164583832025528 0.18510527908802 0.184984669089317 0.179597601294518 0.188369795680046 0.186632990837097 0.199110120534897 0.189770936965942 0.199806168675423 0.189398720860481 0.188850045204163 0.193177834153175 0.190383285284042 0.196336597204208 0.196385681629181 0.121482037007809 0.0751921087503433 0.130367919802666 0.185277044773102
0.00806422159075737 0.00919189862906933 0.00944389961659908 0.00947856903076172 0.0095772473141551 0.0109050627797842 0.0135307833552361 0.0162796191871166 0.0201015956699848 0.0277255065739155 0.0283041168004274 0.0273564644157887 0.035797230899334 0.0441788136959076 0.059349536895752 0.0569468140602112 0.0587698630988598 0.0678684413433075 0.0827932730317116 0.0903332754969597 0.104277767241001 0.0966385081410408 0.114354744553566 0.118541844189167 0.132395520806313 0.132184058427811 0.147223904728889 0.156796053051949 0.163164749741554 0.169380113482475 0.168389528989792 0.173717051744461 0.181579828262329 0.170175671577454 0.17528523504734 0.182678759098053 0.179821521043777 0.196912869811058 0.201320290565491 0.192458674311638 0.191404908895493 0.199011325836182 0.198607310652733 0.204799860715866 0.212336719036102 0.203471004962921 0.216957151889801 0.182259574532509 0.133471757173538 0.0775143206119537 0.105444103479385 0.171516790986061
0.00821734964847565 0.00849314220249653 0.00865591876208782 0.00969880074262619 0.0108244707807899 0.0135243637487292 0.0196031052619219 0.0216312482953072 0.0293396599590778 0.0356332994997501 0.0287597253918648 0.0280270092189312 0.0561991557478905 0.0596296936273575 0.0593547374010086 0.0605895854532719 0.0604146607220173 0.0800378918647766 0.0870029702782631 0.101494252681732 0.104578398168087 0.11121629178524 0.117726005613804 0.129962235689163 0.132013961672783 0.137898743152618 0.150560438632965 0.152599707245827 0.160494387149811 0.169768586754799 0.176846593618393 0.17190808057785 0.179147824645042 0.183701246976852 0.182471081614494 0.19099497795105 0.197686284780502 0.195156574249268 0.211168259382248 0.194631770253181 0.207096934318542 0.211897656321526 0.209515064954758 0.21246263384819 0.213648170232773 0.223131716251373 0.21554371714592 0.205676823854446 0.203240156173706 0.125491619110107 0.116174288094044 0.146653354167938
0.0083764661103487 0.00924614910036325 0.0105485487729311 0.0113663859665394 0.0152349174022675 0.0193383041769266 0.0246787611395121 0.029069647192955 0.0353536605834961 0.0263457410037518 0.0252155140042305 0.028211185708642 0.0492161437869072 0.0608039796352386 0.0592468269169331 0.0621042437851429 0.0637844577431679 0.0812090486288071 0.0885398611426353 0.105834878981113 0.108072832226753 0.113138869404793 0.117632836103439 0.131047382950783 0.140667125582695 0.138673827052116 0.149152293801308 0.155601471662521 0.163481056690216 0.177631407976151 0.171755358576775 0.16446715593338 0.169219598174095 0.175526604056358 0.190669625997543 0.1931182295084 0.192193672060966 0.209057673811913 0.205792993307114 0.207493290305138 0.203021347522736 0.217853143811226 0.21299846470356 0.221777677536011 0.228016659617424 0.223258942365646 0.220284283161163 0.231294065713882 0.223373994231224 0.186436682939529 0.101824432611465 0.0458992458879948
0.00849021971225739 0.00942864175885916 0.0123969372361898 0.0314837247133255 0.0402834750711918 0.0399537459015846 0.0449759848415852 0.0426304936408997 0.0280740763992071 0.0292569398880005 0.0360065475106239 0.0404865331947803 0.0505184344947338 0.0599153749644756 0.0619158782064915 0.0643154457211494 0.0666176304221153 0.0862052738666534 0.102472990751266 0.107068851590157 0.108783259987831 0.123347252607346 0.12095595896244 0.130413845181465 0.138704910874367 0.148059353232384 0.152456611394882 0.161811426281929 0.168484687805176 0.176716893911362 0.176489040255547 0.187840402126312 0.187775939702988 0.17110250890255 0.183690890669823 0.20475772023201 0.201694324612617 0.208428576588631 0.207811340689659 0.217426121234894 0.220756873488426 0.223139077425003 0.233577832579613 0.226663932204247 0.22655676305294 0.224143400788307 0.202141731977463 0.173156261444092 0.139492884278297 0.0872239470481873 0.0813701897859573 0.0595212765038013
0.00862748641520739 0.00958260148763657 0.010784849524498 0.0143658081069589 0.0206749867647886 0.0252592321485281 0.0401171930134296 0.0417962074279785 0.0313983969390392 0.0440961830317974 0.0555658936500549 0.0561985410749912 0.0588463768362999 0.0722756236791611 0.0656817406415939 0.0672768503427505 0.0760528445243835 0.0891651511192322 0.101863749325275 0.106109961867332 0.119627095758915 0.116764940321445 0.121369913220406 0.133065357804298 0.144652828574181 0.147810459136963 0.159393236041069 0.1581841558218 0.157590001821518 0.162806287407875 0.180775254964828 0.194054707884789 0.190712556242943 0.18438608944416 0.207870051264763 0.214997947216034 0.21773798763752 0.217357903718948 0.219731256365776 0.218995600938797 0.218445807695389 0.230388209223747 0.230455845594406 0.242867022752762 0.241153955459595 0.246580049395561 0.228031113743782 0.19228906929493 0.141127854585648 0.0968535467982292 0.0646950528025627 0.0573213286697865
0.00812637619674206 0.00908472575247288 0.00989629607647657 0.0135251227766275 0.0382373593747616 0.046136062592268 0.043005608022213 0.0429664365947247 0.0412698984146118 0.0463815592229366 0.0529083833098412 0.0503031723201275 0.0627933964133263 0.0596901848912239 0.0654102340340614 0.0772610455751419 0.0778928324580193 0.090323194861412 0.104412645101547 0.11518370360136 0.114208988845348 0.119006007909775 0.134399011731148 0.139207720756531 0.147601410746574 0.146344304084778 0.14882829785347 0.147421762347221 0.15704832971096 0.171343266963959 0.18166746199131 0.18065619468689 0.187501162290573 0.206839188933372 0.209460556507111 0.208818033337593 0.224064603447914 0.232184767723083 0.224191337823868 0.229292094707489 0.241386264562607 0.240889310836792 0.241808757185936 0.247143760323524 0.248903080821037 0.258854448795319 0.260625660419464 0.215803533792496 0.104616858065128 0.104510918259621 0.0903355032205582 0.0785190165042877
0.00949538871645927 0.0107648056000471 0.0145728923380375 0.0229521729052067 0.0252375639975071 0.0312223434448242 0.0326939709484577 0.0340512283146381 0.0275762379169464 0.0311070084571838 0.0319515913724899 0.0332717560231686 0.0456161350011826 0.0610919706523418 0.077706091105938 0.0785358995199203 0.0790970027446747 0.0897520035505295 0.106984779238701 0.112393982708454 0.116926424205303 0.117113724350929 0.136310756206512 0.139322131872177 0.141341865062714 0.156675964593887 0.159664243459702 0.16209764778614 0.180429473519325 0.174490198493004 0.192592620849609 0.193517878651619 0.194490432739258 0.196067988872528 0.214858859777451 0.210629552602768 0.219585970044136 0.235953152179718 0.229349598288536 0.241371005773544 0.25330850481987 0.246503442525864 0.256889522075653 0.267472416162491 0.274434894323349 0.270529806613922 0.270130544900894 0.219051524996758 0.132990181446075 0.0658314526081085 0.0674589648842812 0.0650286972522736
