data/climate_estimation/maxent_output/Lilium_bulbiferum.asc
NCOLS 176 
NROWS 175 
XLLCORNER 2.16666666666667 
YLLCORNER 40.5 
CELLSIZE 0.0833333333333333 
NODATA_value -3.4e+38 
[rows 20 to 39 of 175, columns 44 to 87 of 176]
0.358810603618622 0.351284563541412 0.335864722728729 0.349023699760437 0.344611167907715 0.351054310798645 0.347173631191254 0.356380343437195 0.382126003503799 0.417869418859482 0.426969468593597 0.442916929721832 0.441448003053665 0.454416811466217 0.471995085477829 0.46063494682312 0.462340712547302 0.464697569608688 0.460952192544937 0.458728730678558 0.454904556274414 0.447042554616928 0.445812374353409 0.436083763837814 0.426269143819809 0.430405884981155 0.429517596960068 0.423648446798325 0.444543600082397 0.464573085308075 0.481084793806076 0.481835663318634 0.480347573757172 0.481644332408905 0.450681060552597 0.43610355257988 0.448921501636505 0.446666330099106 0.443793952465057 0.458088755607605 0.458979874849319 0.456798553466797 0.456820428371429 0.452638208866119
0.336170077323914 0.349022150039673 0.326015323400497 0.33198145031929 0.334590077400208 0.34119713306427 0.355177849531174 0.362072855234146 0.387960076332092 0.404126733541489 0.42526376247406 0.443522244691849 0.444570332765579 0.451925039291382 0.470147162675858 0.474400579929352 0.489134311676025 0.467101573944092 0.463245987892151 0.463146865367889 0.477652132511139 0.473467290401459 0.458262145519257 0.457910776138306 0.453286021947861 0.447453320026398 0.455548942089081 0.444576680660248 0.434123665094376 0.449868053197861 0.448535561561584 0.450314819812775 0.451482385396957 0.434664249420166 0.436235547065735 0.448680818080902 0.432399064302444 0.42824786901474 0.445773005485535 0.459595918655396 0.44282603263855 0.4417664706707 0.436808854341507 0.438310146331787
0.316677391529083 0.32762685418129 0.306762367486954 0.312178611755371 0.32466048002243 0.315953761339188 0.345517605543137 0.346175730228424 0.373855262994766 0.403247773647308 0.415261745452881 0.436450183391571 0.436016350984573 0.454136997461319 0.468022286891937 0.478073298931122 0.482219278812408 0.482763648033142 0.480979412794113 0.477658748626709 0.480204313993454 0.476777076721191 0.470387816429138 0.477938801050186 0.467941343784332 0.471879690885544 0.474478483200073 0.460722833871841 0.464419603347778 0.451561123132706 0.435694187879562 0.434841692447662 0.435032099485397 0.447898298501968 0.465452313423157 0.458914756774902 0.443215250968933 0.442560255527496 0.44277548789978 0.440418839454651 0.440354913473129 0.440399527549744 0.424709051847458 0.420028001070023
0.320703089237213 0.326594173908234 0.309100866317749 0.314054876565933 0.311963558197021 0.323813050985336 0.330499202013016 0.344087541103363 0.350406378507614 0.382271498441696 0.402410715818405 0.434363812208176 0.433015614748001 0.450162976980209 0.460719048976898 0.472664624452591 0.481604605913162 0.483073234558105 0.482298851013184 0.498696088790894 0.494679152965546 0.495698660612106 0.498710215091705 0.482223361730576 0.485542833805084 0.489443451166153 0.477433532476425 0.480246156454086 0.465658903121948 0.463375061750412 0.464229822158813 0.461987614631653 0.462234973907471 0.46336442232132 0.475093483924866 0.473426908254623 0.474709063768387 0.458777397871017 0.456255346536636 0.438080161809921 0.439044147729874 0.424218893051147 0.420376628637314 0.405354201793671
0.299489378929138 0.315453052520752 0.309384018182755 0.311362385749817 0.312852442264557 0.322561234235764 0.321163982152939 0.353783339262009 0.3602274954319 0.372495085000992 0.404796272516251 0.417169332504272 0.437802612781525 0.44330832362175 0.459352791309357 0.465365082025528 0.478724479675293 0.478463768959045 0.495049327611923 0.49674853682518 0.495855540037155 0.497610718011856 0.513290107250214 0.500634908676147 0.503364503383636 0.508188545703888 0.49306845664978 0.492827117443085 0.478315055370331 0.479082405567169 0.492707967758179 0.494256615638733 0.493436098098755 0.476214945316315 0.491019397974014 0.4889897108078 0.485819637775421 0.472674190998077 0.455705732107162 0.437836706638336 0.439306408166885 0.437677204608917 0.422977387905121 0.405964881181717
0.302644789218903 0.308131337165833 0.303634315729141 0.300623506307602 0.317251563072205 0.300754100084305 0.333268135786057 0.338794231414795 0.374189376831055 0.374899625778198 0.401274502277374 0.404837876558304 0.425127893686295 0.4355348944664 0.454092890024185 0.458716601133347 0.468373239040375 0.488614410161972 0.493533074855804 0.496491700410843 0.511654376983643 0.519246935844421 0.536975681781769 0.537762403488159 0.538491725921631 0.52347594499588 0.524400293827057 0.509792804718018 0.511800765991211 0.510825574398041 0.510825574398041 0.510454714298248 0.506858110427856 0.509334921836853 0.506650507450104 0.487388640642166 0.486083447933197 0.469502747058868 0.452845811843872 0.43903636932373 0.422794669866562 0.437495917081833 0.422977387905121 0.407328575849533
0.297841101884842 0.291776031255722 0.29534649848938 0.29956316947937 0.310665309429169 0.316648602485657 0.336822986602783 0.341046541929245 0.347733616828918 0.369240880012512 0.398920863866806 0.420116305351257 0.424802452325821 0.440702229738235 0.448803871870041 0.454155713319778 0.455487161874771 0.484864175319672 0.488002628087997 0.514011740684509 0.534759342670441 0.549775838851929 0.555545687675476 0.55405181646347 0.55405181646347 0.540849566459656 0.539633810520172 0.543183445930481 0.526889443397522 0.525665581226349 0.523515105247498 0.508171558380127 0.523482799530029 0.522084474563599 0.521054685115814 0.519825339317322 0.502865433692932 0.470128864049911 0.453330874443054 0.437592357397079 0.423176348209381 0.405497193336487 0.405837386846542 0.407955944538116
0.291216254234314 0.293484956026077 0.287368476390839 0.30342036485672 0.310291200876236 0.313630044460297 0.336947441101074 0.349049001932144 0.360505759716034 0.374482959508896 0.383584201335907 0.384690016508102 0.424704760313034 0.430722415447235 0.445252120494843 0.457740843296051 0.462433457374573 0.489354759454727 0.49116912484169 0.512507319450378 0.535263061523438 0.550073504447937 0.553439617156982 0.567577838897705 0.568464279174805 0.552840828895569 0.537430167198181 0.539279341697693 0.538779616355896 0.539534628391266 0.523850500583649 0.523064076900482 0.523503959178925 0.521896719932556 0.518964946269989 0.517078340053558 0.504652321338654 0.486677020788193 0.471536159515381 0.435305297374725 0.422813802957535 0.407737761735916 0.378203272819519 0.378540605306625
0.285722434520721 0.280645847320557 0.305518597364426 0.292497038841248 0.313990831375122 0.310755014419556 0.336650371551514 0.338758289813995 0.342166632413864 0.355106472969055 0.381813824176788 0.385116100311279 0.409635782241821 0.408927977085114 0.433989644050598 0.450879484415054 0.461393803358078 0.46618178486824 0.488681793212891 0.493993192911148 0.51408314704895 0.536105573177338 0.552271664142609 0.568285167217255 0.549743831157684 0.538338899612427 0.536869645118713 0.520970046520233 0.524287581443787 0.523166716098785 0.522224545478821 0.520907282829285 0.521032750606537 0.521885097026825 0.520130693912506 0.51994264125824 0.504487991333008 0.487278133630753 0.469224184751511 0.43832141160965 0.407891452312469 0.391838401556015 0.37898775935173 0.365924507379532
0.290780544281006 0.278928846120834 0.305734515190125 0.303171873092651 0.313026070594788 0.324486941099167 0.330155611038208 0.335326701402664 0.364333420991898 0.364333420991898 0.364333420991898 0.368953168392181 0.378991186618805 0.392156511545181 0.418924450874329 0.430731296539307 0.438458144664764 0.466126292943954 0.471825540065765 0.495459407567978 0.50146347284317 0.519656956195831 0.554511070251465 0.550565659999847 0.534786880016327 0.535032391548157 0.521268784999847 0.520079553127289 0.52038162946701 0.536380052566528 0.518764317035675 0.521143555641174 0.520535945892334 0.518518626689911 0.504068851470947 0.503609240055084 0.485750317573547 0.469748854637146 0.468159288167953 0.438021332025528 0.408576995134354 0.408792525529861 0.379952758550644 0.365075916051865
0.282761633396149 0.282522737979889 0.310298532247543 0.306241452693939 0.306733846664429 0.317415863275528 0.339686632156372 0.342341840267181 0.343408107757568 0.356109380722046 0.366164475679398 0.36227148771286 0.383864670991898 0.385085672140121 0.397094130516052 0.420248031616211 0.435873717069626 0.450187474489212 0.46896231174469 0.478293657302856 0.497873693704605 0.521425604820251 0.53829425573349 0.558171510696411 0.54092663526535 0.51863169670105 0.519781827926636 0.551989912986755 0.557974100112915 0.519296705722809 0.516546368598938 0.519757032394409 0.517331659793854 0.518399059772491 0.503036141395569 0.502344369888306 0.487453311681747 0.468603372573853 0.455302447080612 0.42406690120697 0.408105820417404 0.407738596200943 0.394343763589859 0.354573041200638
0.296504646539688 0.295324176549911 0.317583054304123 0.327255606651306 0.335298597812653 0.32646256685257 0.329567134380341 0.353535741567612 0.352076411247253 0.3508180975914 0.349426656961441 0.368401944637299 0.378288805484772 0.380630850791931 0.397750824689865 0.412301689386368 0.417685806751251 0.440946161746979 0.449530869722366 0.461421400308609 0.482867509126663 0.489740788936615 0.50413966178894 0.519126236438751 0.523203134536743 0.506447315216064 0.506662845611572 0.524486184120178 0.522024750709534 0.518976330757141 0.534759700298309 0.535523474216461 0.519410669803619 0.517306268215179 0.51834911108017 0.501425385475159 0.485794872045517 0.471002250909805 0.452375173568726 0.437286019325256 0.423774182796478 0.395071595907211 0.378892987966537 0.35153141617775
0.311860233545303 0.323456913232803 0.307069182395935 0.316694051027298 0.329726994037628 0.343953192234039 0.334948778152466 0.353164464235306 0.335409581661224 0.338797897100449 0.341982424259186 0.350139856338501 0.362569957971573 0.364793628454208 0.388438284397125 0.392970830202103 0.419577330350876 0.42195525765419 0.440443307161331 0.443236351013184 0.456338256597519 0.474536508321762 0.478337675333023 0.492264330387115 0.4925776720047 0.491314351558685 0.523313820362091 0.540527522563934 0.538802742958069 0.522688567638397 0.534290015697479 0.533654034137726 0.534521758556366 0.533389389514923 0.517368793487549 0.519566416740417 0.484674155712128 0.470409661531448 0.45473912358284 0.439756840467453 0.424187839031219 0.395071536302567 0.376727700233459 0.351956427097321
0.317415058612823 0.311807811260223 0.329701989889145 0.33074089884758 0.349756121635437 0.344909429550171 0.344373881816864 0.346519619226456 0.345564514398575 0.349916309118271 0.336338132619858 0.346981227397919 0.340680062770844 0.363627165555954 0.384730309247971 0.391499757766724 0.409596532583237 0.414286017417908 0.420565068721771 0.433988869190216 0.440794587135315 0.460809916257858 0.494052678346634 0.493639320135117 0.493480920791626 0.491825520992279 0.506995141506195 0.522522866725922 0.555216431617737 0.588416934013367 0.588574290275574 0.587909638881683 0.572426080703735 0.588640749454498 0.550420522689819 0.517693161964417 0.501458346843719 0.469414293766022 0.452193886041641 0.468281000852585 0.52156662940979 0.470863997936249 0.422427922487259 0.456956207752228
0.343605220317841 0.322050303220749 0.338567644357681 0.345352202653885 0.345524817705154 0.359279066324234 0.355062037706375 0.35853910446167 0.360529989004135 0.363715648651123 0.352823883295059 0.359582811594009 0.360032975673676 0.383953511714935 0.380394101142883 0.395973324775696 0.409285068511963 0.417337268590927 0.420812606811523 0.430934250354767 0.424931973218918 0.429134368896484 0.448112368583679 0.460997819900513 0.508199334144592 0.549752116203308 0.58146858215332 0.55524092912674 0.571717858314514 0.572572469711304 0.606483340263367 0.587323129177094 0.568459570407867 0.566281199455261 0.550661563873291 0.532109439373016 0.499547511339188 0.499564558267593 0.485271006822586 0.468638062477112 0.484585493803024 0.519928812980652 0.520689249038696 0.452424705028534
0.343647032976151 0.354336827993393 0.340529948472977 0.346564412117004 0.34637513756752 0.350871443748474 0.36721658706665 0.366002708673477 0.365788727998734 0.369938284158707 0.368580490350723 0.371225982904434 0.373163312673569 0.38942089676857 0.389981389045715 0.401045352220535 0.425729662179947 0.432013213634491 0.422770023345947 0.409597814083099 0.423036396503448 0.413888245820999 0.41881737112999 0.434487044811249 0.462344586849213 0.493420392274857 0.524821698665619 0.566030561923981 0.616892278194427 0.631360232830048 0.623509168624878 0.622060477733612 0.605052828788757 0.582553744316101 0.571647644042969 0.588204622268677 0.605384230613708 0.569458484649658 0.53719162940979 0.556420743465424 0.500137448310852 0.435329556465149 0.436531901359558 0.40449133515358
0.352729916572571 0.375931173563004 0.365379393100739 0.352116733789444 0.361409485340118 0.358675688505173 0.36379662156105 0.368385285139084 0.379877865314484 0.382557809352875 0.378099948167801 0.38300484418869 0.400737047195435 0.399380773305893 0.398643285036087 0.418440222740173 0.435140430927277 0.454990178346634 0.43089959025383 0.419515401124954 0.415454745292664 0.411882042884827 0.415402978658676 0.432845801115036 0.462110340595245 0.486272305250168 0.518836259841919 0.550249457359314 0.573323607444763 0.605103969573975 0.649972438812256 0.655414044857025 0.622193515300751 0.582217752933502 0.564880669116974 0.548503637313843 0.552858233451843 0.584905445575714 0.570799469947815 0.588069796562195 0.498388797044754 0.485906034708023 0.403030961751938 0.418895959854126
0.339176565408707 0.340645164251328 0.34572234749794 0.366077661514282 0.369126170873642 0.370130062103271 0.369993627071381 0.373044848442078 0.376201987266541 0.38774099946022 0.393934458494186 0.391165792942047 0.404983401298523 0.406655251979828 0.408290922641754 0.424365669488907 0.45023500919342 0.488557636737823 0.475206822156906 0.425964564085007 0.426820397377014 0.417985111474991 0.433937817811966 0.449544787406921 0.471659690141678 0.486500024795532 0.517721712589264 0.549384891986847 0.575384438037872 0.605701744556427 0.619216501712799 0.635705411434174 0.636851608753204 0.636657953262329 0.61540549993515 0.567889869213104 0.549921929836273 0.549236714839935 0.53531152009964 0.552612245082855 0.498344540596008 0.515157043933868 0.531878530979156 0.449387490749359
0.330608814954758 0.349669724702835 0.346901744604111 0.367060005664825 0.376811593770981 0.379103988409042 0.37632355093956 0.388083517551422 0.388126134872437 0.396899580955505 0.401193171739578 0.418811202049255 0.418179839849472 0.418704658746719 0.424730330705643 0.425741136074066 0.43895211815834 0.435815423727036 0.428920179605484 0.426541030406952 0.429137736558914 0.432349354028702 0.449236184358597 0.46626877784729 0.484994560480118 0.499978929758072 0.533397972583771 0.564499974250793 0.583077251911163 0.606539607048035 0.622678875923157 0.615478277206421 0.600669384002686 0.585065960884094 0.583784461021423 0.624474465847015 0.661188364028931 0.592759549617767 0.51639199256897 0.49592661857605 0.550441086292267 0.529281377792358 0.495795518159866 0.411085724830627
0.351664692163467 0.351691156625748 0.36214891076088 0.386148482561111 0.387948483228683 0.392304807901382 0.393062084913254 0.397588849067688 0.399545013904572 0.415512531995773 0.430009752511978 0.42894521355629 0.447868019342422 0.467078626155853 0.456964820623398 0.466698378324509 0.453998565673828 0.450929760932922 0.445644319057465 0.431740164756775 0.448428332805634 0.446064800024033 0.448746263980865 0.467999160289764 0.48478165268898 0.515386462211609 0.547817587852478 0.580290377140045 0.596496045589447 0.59008401632309 0.590431153774261 0.588462769985199 0.571484863758087 0.551538825035095 0.549005746841431 0.540384292602539 0.605339229106903 0.652343690395355 0.555373013019562 0.514262616634369 0.512238144874573 0.529326200485229 0.428769528865814 0.47253942489624
