data/climate_estimation/maxent_output/Lilium_washingtonianum.asc
NCOLS 145 
NROWS 109 
XLLCORNER -124.333333333333 
YLLCORNER 36.8333333333333 
CELLSIZE 0.0833333333333333 
NODATA_value -3.4e+38 
[rows 19 to 37 of 109, columns 84 to 125 of 145]
0.00278955022804439 0.00188469758722931 0.00328193278983235 0.00221329438500106 0.00515013234689832 0.00801245309412479 0.0095774894580245 0.019401378929615 0.0242546200752258 0.0226127523928881 0.028254384174943 0.0325470790266991 0.0240152049809694 0.0373152866959572 0.0340447798371315 0.0335308946669102 0.0265301261097193 0.022577928379178 0.0177344456315041 0.0129863638430834 0.0128408065065742 0.0104475077241659 0.0081059243530035 0.00735217705368996 0.00581986829638481 0.00456745643168688 0.00420814845710993 0.00368873472325504 0.00315731158480048 0.00238868617452681 0.00211653881706297 0.00141697679646313 0.00118603801820427 0.000414970854762942 0.00036158922011964 0.000374350289348513 2.3923586923047e-05 2.34523595281644e-05 2.7751842935686e-05 4.56044435850345e-05 0.000130223415908404 0.000127316743601114
0.00287001812830567 0.0032864750828594 0.00350182340480387 0.00238068751059473 0.00203035911545157 0.0033193479757756 0.00641358830034733 0.0151295363903046 0.021857488900423 0.0234959032386541 0.0376957282423973 0.0347365736961365 0.0206322446465492 0.0444311536848545 0.040250763297081 0.0323964431881905 0.0265257209539413 0.0259353965520859 0.0178433433175087 0.0169342160224915 0.0148179102689028 0.0114817330613732 0.00950032658874989 0.00794197432696819 0.00720053212717175 0.00573143362998962 0.00494644185528159 0.0040273698978126 0.00312817050144076 0.00303916702978313 0.00272271316498518 0.00198134453967214 0.00158198305871338 0.00100629986263812 0.000370424328139052 0.000338170590111986 0.000384070503059775 2.41228699451312e-05 0.000113005851744674 0.000124570142361335 3.47208442690317e-05 0.000133227746118791
0.00104932417161763 0.00210279622115195 0.00357174011878669 0.00292000081390142 0.00161117827519774 0.00386247434653342 0.00930902548134327 0.0105987200513482 0.0110579403117299 0.0226228553801775 0.0307527165859938 0.0319959372282028 0.0220998860895634 0.0477319024503231 0.0417023785412312 0.0425268709659576 0.0246049743145704 0.0312358904629946 0.0260397214442492 0.0199172515422106 0.0151359885931015 0.0138362748548388 0.0114292185753584 0.00936498865485191 0.0076810154132545 0.00621584476903081 0.00560835655778646 0.00395409110933542 0.00376108405180275 0.00333309499546885 0.00300470809452236 0.00246603018604219 0.00194902275688946 0.0016911500133574 0.00111251382622868 0.000377520162146538 0.000393692753277719 0.000378236261894926 0.000371042522601783 0.000123981808428653 3.72376562154386e-05 2.23467068281025e-05
0.00103457970544696 0.00183596508577466 0.00172372069209814 0.000989168649539351 0.00109509495086968 0.0022439721506089 0.00337033928371966 0.00533738126978278 0.00817260798066854 0.0113990530371666 0.0316004380583763 0.0348697230219841 0.0263989344239235 0.0402911305427551 0.0410977862775326 0.0407811440527439 0.0365605279803276 0.0349369160830975 0.031148374080658 0.0226944927126169 0.0179934315383434 0.0154129890725017 0.0124020706862211 0.009483159519732 0.00792270619422197 0.00755091803148389 0.00565033638849854 0.00417869444936514 0.0038645148742944 0.0040432121604681 0.00353303318843246 0.00283411960117519 0.00218064500950277 0.00201837532222271 0.000609475828241557 0.000655398471280932 0.000407799932872877 0.000370244582882151 0.00042929983465001 0.000111425164504908 3.36907396558672e-05 4.52194399258588e-05
0.000670180539600551 0.00117351126391441 0.00137749698478729 0.00121634418610483 0.00114514131564647 0.00188027182593942 0.00206661666743457 0.00387519039213657 0.00566827738657594 0.0100693162530661 0.0200517270714045 0.0181817691773176 0.0226879511028528 0.0279661808162928 0.0369383431971073 0.0411912091076374 0.0534300692379475 0.0474923849105835 0.033001534640789 0.0207026768475771 0.0255629681050777 0.0184165127575397 0.0163443237543106 0.0119294878095388 0.0101589057594538 0.00834989733994007 0.0053737610578537 0.00459825247526169 0.00418147584423423 0.0046083121560514 0.00412220181897283 0.00289897643961012 0.00258156633935869 0.00219257082790136 0.00189074780791998 0.00168970599770546 0.000622944382485002 0.00046090644900687 0.000409891625167802 0.000379095668904483 0.000395896524423733 9.60544712143019e-05
0.00124766014050692 0.0017106921877712 0.00167185196187347 0.00102723273448646 0.00137321359943599 0.00299351545982063 0.00344157963991165 0.00297836563549936 0.00344208045862615 0.00346876541152596 0.00636567687615752 0.0198359526693821 0.0360336117446423 0.0286655370146036 0.0513921640813351 0.0545631386339664 0.0551648512482643 0.0510509572923183 0.0471648313105106 0.0372674018144608 0.0250422228127718 0.0260980073362589 0.0202702414244413 0.0170137900859118 0.0113110532984138 0.00955098588019609 0.00692801456898451 0.00594884343445301 0.0050378255546093 0.00438485620543361 0.00470645632594824 0.0033501775469631 0.00304481596685946 0.00217959750443697 0.00214425567537546 0.00187479064334184 0.00073704996611923 0.000535519444383681 0.000397938973037526 0.000414282811107114 0.000348309433320537 0.000367811298929155
0.00261759199202061 0.00127747072838247 0.000761552772019058 0.000841521308757365 0.00114812445826828 0.0020841637160629 0.00269955582916737 0.00279241590760648 0.0040213274769485 0.00612395023927093 0.00781314726918936 0.0115343136712909 0.0307488441467285 0.0506940819323063 0.0570682622492313 0.0624614618718624 0.0533195249736309 0.0572144575417042 0.0549579784274101 0.0374691747128963 0.0376550927758217 0.0250919051468372 0.0257339905947447 0.0210410226136446 0.0126526346430182 0.0113615188747644 0.0112199652940035 0.00614706939086318 0.00639118999242783 0.0047828946262598 0.00443161139264703 0.0034195261541754 0.0033745497930795 0.00404971418902278 0.00317126652225852 0.00216862326487899 0.000791039143223315 0.000768676633015275 0.00072722154436633 0.000698713934980333 0.000529071083292365 0.000406561186537147
0.00198460137471557 0.00104286975692958 0.00122713204473257 0.000744922435842454 0.00111372827086598 0.0013438283931464 0.00127099768724293 0.00175364559981972 0.00182179897092283 0.00227395095862448 0.00352277583442628 0.004655955825001 0.006003656424582 0.0301593653857708 0.0585643500089645 0.059397678822279 0.0441685356199741 0.0618608221411705 0.0464116260409355 0.0463172718882561 0.0373686887323856 0.0304517634212971 0.019660010933876 0.01589928381145 0.0167388804256916 0.0106341671198606 0.0087651489302516 0.0065938145853579 0.00685687595978379 0.00664265779778361 0.00590051244944334 0.00426062569022179 0.00376035831868649 0.00394910667091608 0.00399129278957844 0.00652806414291263 0.0026555850636214 0.000825577881187201 0.000798200257122517 0.000643513805698603 0.0005129415076226 0.000567849958315492
0.00179325428325683 0.00330665940418839 0.0017684573540464 0.000943552062381059 0.000689008680637926 0.00105349672958255 0.0013488846598193 0.00152123789303005 0.00117290602065623 0.00145293492823839 0.00223536905832589 0.00274829962290823 0.00296409032307565 0.00390778575092554 0.0362416356801987 0.0549503602087498 0.0413833856582642 0.0464274436235428 0.0439292006194592 0.0431114584207535 0.0410342141985893 0.0215529352426529 0.0144340023398399 0.0167733356356621 0.0226009022444487 0.0178961958736181 0.0148651301860809 0.00993361603468657 0.0105330562219024 0.011829829774797 0.00784384366124868 0.00554231135174632 0.00566326268017292 0.00554401567205787 0.00616652145981789 0.00821432564407587 0.00604856526479125 0.002607855014503 0.000882050837390125 0.000601735606323928 0.000519677356351167 0.000610646500717849
0.00390650611370802 0.00525866309180856 0.00122953543905169 0.00163919129408896 0.00108544761314988 0.000680005119647831 0.000794114894233644 0.00134825054556131 0.00117600965313613 0.00112668785732239 0.00208124588243663 0.0025149337016046 0.00275259488262236 0.00356450281105936 0.00687200110405684 0.0321533642709255 0.0469460859894753 0.0472405105829239 0.0402003303170204 0.0386784672737122 0.0384342297911644 0.0359222181141376 0.0238912124186754 0.0189373269677162 0.0218034274876118 0.016189806163311 0.0123931132256985 0.00997951906174421 0.00865880306810141 0.00923982914537191 0.0101213101297617 0.00847104471176863 0.00774945039302111 0.00659847445785999 0.00762784481048584 0.0132705997675657 0.0101876249536872 0.00380313140340149 0.00326313683763146 0.00229660281911492 0.000637297867797315 0.000551032018847764
0.00223899586126208 0.00388088682666421 0.00274365674704313 0.00645834021270275 0.00382058648392558 0.00242443196475506 0.000724042125511914 0.00102932215668261 0.00109184416942298 0.0011859075166285 0.00179071922320873 0.00201558787375689 0.00228991615585983 0.0030427894089371 0.00867962185293436 0.0219727512449026 0.0326991379261017 0.0386646091938019 0.043263878673315 0.0395086705684662 0.0393064059317112 0.0385777801275253 0.0263370890170336 0.0264254342764616 0.0197735857218504 0.0176571793854237 0.0156432222574949 0.0137119265273213 0.0124354604631662 0.0107168219983578 0.012691505253315 0.00998457986861467 0.0112486891448498 0.0103809935972095 0.0101241441443563 0.0123525559902191 0.00945171993225813 0.00682158814743161 0.00438781687989831 0.00290809292346239 0.00199505221098661 0.00157932250294834
0.00109728751704097 0.00318664056248963 0.00316614774055779 0.00847490318119526 0.00658121984452009 0.00591238448396325 0.00351674109697342 0.000713392335455865 0.00051005108980462 0.000607907888479531 0.00120503373909742 0.00167677586432546 0.00137546251062304 0.00215574027970433 0.00397283397614956 0.00684042181819677 0.0131710804998875 0.0217078123241663 0.0345124825835228 0.0386211425065994 0.0402632504701614 0.03208864107728 0.02887406013906 0.0245231725275517 0.0223572384566069 0.0190916042774916 0.0183152426034212 0.015001006424427 0.0114984679967165 0.00958216655999422 0.00909239985048771 0.00912919268012047 0.010135599412024 0.0111503172665834 0.012743029743433 0.00899861473590136 0.00569002144038677 0.00431109080091119 0.00450443150475621 0.00351399672217667 0.00201161485165358 0.00135319936089218
0.00299913715571165 0.00749511970207095 0.00438255164772272 0.0037145207170397 0.00711418548598886 0.0223447252064943 0.0105955991894007 0.00280691497027874 0.000822106725536287 0.000322293664794415 0.000498151581268758 0.000758551119361073 0.00147870287764817 0.00284412456676364 0.00411612773314118 0.00335722253657877 0.00410048058256507 0.00738982995972037 0.0117440447211266 0.0263514332473278 0.0342584773898125 0.0342982076108456 0.0286556705832481 0.0270561184734106 0.0241375118494034 0.0202551726251841 0.0154507122933865 0.0110954586416483 0.0107338232919574 0.00884686689823866 0.00852180458605289 0.00917247775942087 0.00888082757592201 0.00878529902547598 0.00769206089898944 0.00599254248663783 0.00598283857107162 0.00483309151604772 0.00396736245602369 0.0026738541200757 0.00188566336873919 0.00137888896279037
0.0108585944399238 0.0116486009210348 0.0110476454719901 0.00523204635828733 0.0093269981443882 0.0191469211131334 0.00673652999103069 0.00606888253241777 0.00255252397619188 0.000841743138153106 0.00103916809894145 0.00053609540918842 0.0011613325914368 0.0022168131545186 0.00243762927129865 0.0019041815539822 0.00186396786011755 0.0029167088214308 0.00515719689428806 0.00788254104554653 0.0164450742304325 0.0263467617332935 0.0314718745648861 0.0262079387903214 0.0239567868411541 0.0221150051802397 0.0197104904800653 0.0171243157237768 0.0159403551369905 0.0142279267311096 0.0113949896767735 0.012308968231082 0.0117299361154437 0.0125382607802749 0.00974257290363312 0.00554040912538767 0.00455284398049116 0.00437718397006392 0.00324531132355332 0.00246468302793801 0.00213730498217046 0.00152966554742306
0.00448534544557333 0.00477539142593741 0.0054497579112649 0.00603467458859086 0.00935765262693167 0.0255340486764908 0.0203661676496267 0.0228360947221518 0.00583037547767162 0.0016666172305122 0.000949625100474805 0.000289419753244147 0.000284210604149848 0.000612790638115257 0.000950511777773499 0.00103739288169891 0.00132846308406442 0.00178013381082565 0.00261295866221189 0.0026745533104986 0.0052381525747478 0.00701534748077393 0.0109512433409691 0.0161845777183771 0.0186791252344847 0.015889560803771 0.0158556215465069 0.0135801052674651 0.0102122314274311 0.0101787652820349 0.00867426861077547 0.00842002872377634 0.00698719313368201 0.00551911629736423 0.00553640862926841 0.00467873783782125 0.004510507453233 0.00461456459015608 0.00365108414553106 0.00307464553043246 0.00203726999461651 0.00148725823964924
0.00432024011388421 0.00494086043909192 0.00469135073944926 0.00663698092103004 0.012442241422832 0.018764590844512 0.0308961011469364 0.0263550225645304 0.006360097322613 0.00347742182202637 0.00118543242570013 0.000369700195733458 0.000239540750044398 0.000195784712559544 0.000365094165317714 0.000580426130909473 0.000735365727450699 0.00113127892836928 0.0012449772330001 0.00178511464037001 0.00263090245425701 0.00285998196341097 0.00403982680290937 0.0048014922067523 0.00666826777160168 0.00352468900382519 0.00436082202941179 0.00488022994250059 0.00469544436782598 0.00593114737421274 0.00481506250798702 0.00443641934543848 0.00356032210402191 0.00282992422580719 0.00246738153509796 0.00324421958066523 0.00355184567160904 0.00365134608000517 0.00348587729968131 0.00282523292116821 0.00229142047464848 0.00163364491891116
0.00380162918008864 0.00394313875585794 0.00423161732032895 0.00488826958462596 0.00833422690629959 0.00894086621701717 0.0229871533811092 0.0326151922345161 0.0281182695180178 0.00586510961875319 0.00271253054961562 0.000886350870132446 0.000712330685928464 0.000506680051330477 0.000350081885699183 0.000294521887553856 0.000364993436960503 0.000499493267852813 0.000598259852267802 0.00084418267942965 0.000847905757836998 0.00102794426493347 0.00122047681361437 0.00164152879733592 0.00125370768364519 0.00137877836823463 0.00181366398464888 0.00278950831852853 0.00379178463481367 0.00326857669278979 0.00344787328504026 0.0033286374527961 0.00294374558143318 0.0020187885966152 0.00135028804652393 0.00211743032559752 0.00286498479545116 0.00371163687668741 0.00304686138406396 0.00237422459758818 0.00243196683004498 0.00162076379638165
0.00344626512378454 0.00413995608687401 0.00575709482654929 0.00512628303840756 0.00551253790035844 0.00710039399564266 0.00962300784885883 0.0126099614426494 0.0137784788385034 0.0159901268780231 0.00471154181286693 0.0038260396104306 0.00196625199168921 0.00111880607437342 0.000640297483187169 0.000513638369739056 0.000397184456232935 0.000347447086824104 0.000481075869174674 0.000784676463808864 0.00103433278854936 0.000952815636992455 0.00162720354273915 0.00207011727616191 0.00176959449891001 0.00198473199270666 0.00180180137977004 0.00246249814517796 0.00247245607897639 0.00173981382977217 0.00262283161282539 0.00359281245619059 0.00268041947856545 0.00257057254202664 0.0022546723484993 0.00220918841660023 0.00295648537576199 0.00278531084768474 0.00267397076822817 0.00245810952037573 0.00228433590382338 0.00140183104667813
0.00358673371374607 0.00476935831829906 0.00676542427390814 0.00747640011832118 0.0120381824672222 0.0124200424179435 0.0117041822522879 0.0114115998148918 0.0106999753043056 0.0127466879785061 0.0118639348074794 0.0136566869914532 0.00601365603506565 0.00283064879477024 0.0014113096985966 0.000799977337010205 0.000523954513482749 0.000609797541983426 0.000670214416459203 0.000732752261683345 0.00203356635756791 0.00231615733355284 0.00148402876220644 0.00156902603339404 0.0019654962234199 0.00224369508214295 0.00303144310601056 0.00361239071935415 0.00217759632505476 0.00140020565595478 0.00216516992077231 0.00263690482825041 0.00254134321585298 0.00267257122322917 0.00341943092644215 0.00292813451960683 0.00297059444710612 0.00317692733369768 0.00314242043532431 0.00268773641437292 0.00227223709225655 0.00169424479827285
