data/climate_estimation/maxent_output/Lilium_leichtlinii.asc
NCOLS 396 
NROWS 255 
XLLCORNER 108.833333333333 
YLLCORNER 23.9166666666667 
CELLSIZE 0.0833333333333333 
NODATA_value -3.4e+38 
[rows 176 to 197 of 255, columns 0 to 48 of 396]
0.219154626131058 0.207960322499275 0.202276840806007 0.206671059131622 0.218076109886169 0.197166875004768 0.255634933710098 0.261952340602875 0.138436153531075 0.160261809825897 0.209556996822357 0.33991676568985 0.300181835889816 0.286934942007065 0.312406271696091 0.32661384344101 0.313465267419815 0.344040393829346 0.263607412576675 0.315826117992401 0.350125193595886 0.342448562383652 0.345641881227493 0.327718108892441 0.304839849472046 0.244227349758148 0.230442047119141 0.0844727605581284 0.0905569642782211 0.0573610402643681 0.0506033524870872 0.0560057424008846 0.0605553463101387 0.0578524880111217 0.0610803849995136 0.0612171664834023 0.0575931891798973 0.0492718741297722 0.0477666258811951 0.0426614880561829 0.0370880290865898 0.0329750180244446 0.0307726487517357 0.0271496847271919 0.0293548703193665 0.0278349835425615 0.0285339169204235 0.0289683025330305 0.0268832296133041
0.220266327261925 0.218788176774979 0.22943215072155 0.236985489726067 0.247466266155243 0.245339199900627 0.246890053153038 0.199923053383827 0.117664270102978 0.311394155025482 0.264138072729111 0.313439130783081 0.320730358362198 0.366128236055374 0.352336376905441 0.354373574256897 0.355727732181549 0.346091747283936 0.35602343082428 0.334102869033813 0.361204445362091 0.344270020723343 0.353002339601517 0.2440465092659 0.370426774024963 0.205299407243729 0.234793931245804 0.22412870824337 0.164703905582428 0.0632816478610039 0.0564427077770233 0.056102953851223 0.0618414655327797 0.0619376264512539 0.0599066540598869 0.0560032241046429 0.0491555221378803 0.050007276237011 0.0464375987648964 0.0378297194838524 0.0326301231980324 0.0280679538846016 0.0265139825642109 0.0268952194601297 0.0256839133799076 0.0264045652002096 0.0284732524305582 0.038748063147068 0.0446702763438225
0.239831000566483 0.246895477175713 0.249071508646011 0.258835196495056 0.25354066491127 0.267642557621002 0.284861326217651 0.0620560869574547 0.110965088009834 0.333777695894241 0.253493100404739 0.36611944437027 0.372820347547531 0.363327115774155 0.339593380689621 0.343506395816803 0.380852192640305 0.331886351108551 0.322976350784302 0.365796238183975 0.36545866727829 0.38394033908844 0.33471292257309 0.382109612226486 0.385991930961609 0.407153248786926 0.398763477802277 0.395951598882675 0.409167498350143 0.169955834746361 0.08943110704422 0.0623365081846714 0.0576530881226063 0.0758793950080872 0.0687673091888428 0.0564225055277348 0.0509501621127129 0.0478912331163883 0.0394107513129711 0.0397017113864422 0.0459694378077984 0.0427882745862007 0.0409810580313206 0.038761842995882 0.0372540503740311 0.0433599092066288 0.0465499460697174 0.0545130558311939 0.0689414814114571
0.243169605731964 0.248969674110413 0.258147925138474 0.250072091817856 0.261596858501434 0.270044833421707 0.211747631430626 0.0815832167863846 0.20863664150238 0.25390613079071 0.329411655664444 0.298170775175095 0.352528840303421 0.338830858469009 0.332039058208466 0.368739366531372 0.380932956933975 0.342916637659073 0.331680238246918 0.384969711303711 0.368594378232956 0.387392699718475 0.396519333124161 0.393775880336761 0.401627957820892 0.405196070671082 0.395493119955063 0.202993676066399 0.160313323140144 0.172235935926437 0.172930181026459 0.128509029746056 0.0865019336342812 0.0769510269165039 0.0685041844844818 0.0551950559020042 0.051358237862587 0.045582041144371 0.049024511128664 0.0568770058453083 0.0648341476917267 0.0652683153748512 0.062106616795063 0.0597181767225266 0.0650616362690926 0.0762397348880768 0.0777607187628746 0.0830552354454994 0.100182190537453
0.2486182898283 0.238541156053543 0.277074038982391 0.277318447828293 0.28190141916275 0.290325284004211 0.190661877393723 0.121305070817471 0.331299632787704 0.318165838718414 0.348932236433029 0.29516413807869 0.328373938798904 0.319132775068283 0.301630824804306 0.385589450597763 0.395825266838074 0.323514997959137 0.340367913246155 0.3590147793293 0.339129000902176 0.384060591459274 0.395144164562225 0.395563662052155 0.430845856666565 0.431017935276031 0.424057722091675 0.462032377719879 0.459137797355652 0.469961881637573 0.459377288818359 0.228813469409943 0.137449935078621 0.0833105370402336 0.0676450431346893 0.0534440092742443 0.0556765794754028 0.0598035752773285 0.0644097402691841 0.0718275830149651 0.0829705372452736 0.0793451070785522 0.0771047696471214 0.089232325553894 0.0908006951212883 0.0977508425712585 0.10080374032259 0.105871617794037 0.115396276116371
0.252125650644302 0.28072202205658 0.268751263618469 0.284610092639923 0.295509427785873 0.304224520921707 0.328795731067657 0.24915075302124 0.312028348445892 0.345874547958374 0.340109795331955 0.31001016497612 0.322034478187561 0.353203564882278 0.370721399784088 0.400132417678833 0.34711566567421 0.361484795808792 0.394457012414932 0.38586163520813 0.388350516557693 0.447914779186249 0.439058303833008 0.450089335441589 0.450403809547424 0.448230028152466 0.465796113014221 0.453980773687363 0.337083995342255 0.213280647993088 0.306427925825119 0.178812772035599 0.108106657862663 0.0701171904802322 0.0629939138889313 0.0654181987047195 0.0680860877037048 0.0688479542732239 0.0791476219892502 0.0820020735263824 0.0951484590768814 0.0949535891413689 0.101997263729572 0.111724697053432 0.106303058564663 0.110826052725315 0.127481326460838 0.135994911193848 0.14519314467907
0.284051537513733 0.286851704120636 0.295192509889603 0.311869502067566 0.321333169937134 0.310557454824448 0.341423511505127 0.223313361406326 0.31780007481575 0.354443937540054 0.345908284187317 0.332434713840485 0.34564608335495 0.406615406274796 0.443797737360001 0.420071542263031 0.408781468868256 0.454051405191422 0.399354517459869 0.420429259538651 0.441649615764618 0.452301472425461 0.466016829013824 0.275865137577057 0.233535885810852 0.486544579267502 0.283764511346817 0.239818960428238 0.255587637424469 0.122438572347164 0.129275470972061 0.0990322083234787 0.0827213078737259 0.0740439519286156 0.0719949454069138 0.0711201578378677 0.0768726617097855 0.0832709968090057 0.0890708938241005 0.0995549932122231 0.115199513733387 0.116201534867287 0.120474226772785 0.13172122836113 0.134248599410057 0.138524606823921 0.15592885017395 0.164820745587349 0.166740015149117
0.278349280357361 0.292499601840973 0.301582872867584 0.27978640794754 0.307859510183334 0.324352920055389 0.319976538419724 0.351610332727432 0.341226160526276 0.363079518079758 0.36119756102562 0.359852343797684 0.390899896621704 0.439064055681229 0.432382673025131 0.442112028598785 0.468330919742584 0.46597945690155 0.431434065103531 0.453599095344543 0.452076613903046 0.475620687007904 0.4788419008255 0.295710355043411 0.105811506509781 0.254358410835266 0.286143660545349 0.28916934132576 0.273567169904709 0.160595417022705 0.132658809423447 0.116878420114517 0.113158777356148 0.0941295549273491 0.0875693336129189 0.101086139678955 0.094601534307003 0.0919652581214905 0.106927260756493 0.109035037457943 0.128436297178268 0.129590943455696 0.140342056751251 0.155469983816147 0.160957738757133 0.168269634246826 0.187410846352577 0.183623507618904 0.185852363705635
0.289606243371964 0.290210723876953 0.295441955327988 0.222780540585518 0.32299467921257 0.346332877874374 0.336102426052094 0.370386600494385 0.381913870573044 0.36489400267601 0.379053205251694 0.369962126016617 0.417645782232285 0.404922366142273 0.431050926446915 0.428361833095551 0.468704044818878 0.49448099732399 0.479517996311188 0.492964208126068 0.492276310920715 0.491320013999939 0.328761070966721 0.313412666320801 0.130769014358521 0.140483036637306 0.277592808008194 0.181928277015686 0.197756737470627 0.265794903039932 0.15705743432045 0.107694678008556 0.0988429263234138 0.0909695774316788 0.0887729451060295 0.0935035794973373 0.107292763888836 0.109027855098248 0.117024853825569 0.118577808141708 0.141268983483315 0.141428485512733 0.15573462843895 0.174286514520645 0.178329184651375 0.181879565119743 0.194197684526443 0.197683781385422 0.200706109404564
0.292889475822449 0.289219290018082 0.186697483062744 0.32166799902916 0.32500085234642 0.334227651357651 0.348850607872009 0.353027194738388 0.28796398639679 0.383926242589951 0.380356788635254 0.383692979812622 0.400459080934525 0.433609575033188 0.404980063438416 0.3736831843853 0.392732083797455 0.521791219711304 0.498443156480789 0.404432266950607 0.51104211807251 0.509790539741516 0.542441666126251 0.544923782348633 0.467116296291351 0.19473859667778 0.175421223044395 0.317857593297958 0.290388375520706 0.230903953313828 0.182650879025459 0.118715964257717 0.10439483076334 0.0946092456579208 0.0944665893912315 0.0947900041937828 0.106691904366016 0.108318589627743 0.126959472894669 0.128404304385185 0.151129886507988 0.156066939234734 0.169397339224815 0.180109933018684 0.181202560663223 0.184647977352142 0.192063763737679 0.206691905856133 0.200570598244667
0.293291836977005 0.219747364521027 0.32296347618103 0.333829522132874 0.341318696737289 0.355894148349762 0.273667126893997 0.191396996378899 0.23362597823143 0.381804049015045 0.393500119447708 0.438551217317581 0.432432174682617 0.385108083486557 0.18211954832077 0.186114594340324 0.491835087537766 0.498101145029068 0.427226364612579 0.500836491584778 0.435398072004318 0.565320372581482 0.560009777545929 0.574860095977783 0.543254375457764 0.29556742310524 0.252620041370392 0.227504700422287 0.162240445613861 0.112586013972759 0.128108337521553 0.100686214864254 0.10115347802639 0.101569034159184 0.107962593436241 0.101175978779793 0.123775161802769 0.124443531036377 0.134492546319962 0.137598425149918 0.157305493950844 0.158797025680542 0.169348850846291 0.176536813378334 0.178307011723518 0.191354468464851 0.297323018312454 0.210427194833755 0.205826565623283
0.290946811437607 0.30267545580864 0.308743178844452 0.329178631305695 0.251444697380066 0.166194468736649 0.167569428682327 0.118338085711002 0.199424996972084 0.390107899904251 0.421365886926651 0.327668726444244 0.232001319527626 0.452640175819397 0.162461653351784 0.165978908538818 0.358110040426254 0.271880775690079 0.350414484739304 0.565374910831451 0.319298535585403 0.443460673093796 0.342267990112305 0.250281602144241 0.14610692858696 0.109292276203632 0.216364204883575 0.276960998773575 0.137230098247528 0.14777772128582 0.116222202777863 0.127378776669502 0.144320040941238 0.126617133617401 0.119632966816425 0.126251727342606 0.125748321413994 0.127678215503693 0.129167675971985 0.138517394661903 0.153670638799667 0.153419315814972 0.165681689977646 0.163618296384811 0.172676637768745 0.177531480789185 0.203889206051826 0.193104177713394 0.190227493643761
0.301087349653244 0.308079749345779 0.314766258001328 0.230949744582176 0.213300257921219 0.169880017638206 0.118249632418156 0.125514000654221 0.396904736757278 0.411773800849915 0.428916066884995 0.403846383094788 0.366647571325302 0.151169523596764 0.135566353797913 0.119405418634415 0.0929044038057327 0.278266698122025 0.353160977363586 0.336838603019714 0.422796756029129 0.172567203640938 0.162526518106461 0.283451825380325 0.423647731542587 0.362356096506119 0.330402135848999 0.113097913563251 0.22647613286972 0.24052919447422 0.127276659011841 0.106590747833252 0.119898147881031 0.118883021175861 0.120090007781982 0.132242858409882 0.124477416276932 0.125319123268127 0.127310514450073 0.135856151580811 0.148681193590164 0.150625765323639 0.154438138008118 0.154808402061462 0.171357616782188 0.170707806944847 0.17541778087616 0.178358122706413 0.177162885665894
0.312388747930527 0.313008695840836 0.329413771629333 0.280590087175369 0.266531080007553 0.231654644012451 0.142868936061859 0.388237357139587 0.407253712415695 0.288576006889343 0.293974578380585 0.464531391859055 0.298038989305496 0.127275019884109 0.224537581205368 0.0870295166969299 0.347328454256058 0.370762974023819 0.357443809509277 0.592858135700226 0.520958840847015 0.249650418758392 0.574855089187622 0.444181442260742 0.292056381702423 0.164453700184822 0.15679857134819 0.188524574041367 0.191228315234184 0.227210015058517 0.133874252438545 0.124662503600121 0.141450837254524 0.116881549358368 0.123859740793705 0.130235627293587 0.128720283508301 0.122341401875019 0.124456591904163 0.133625239133835 0.135916128754616 0.149325877428055 0.14932681620121 0.151501968502998 0.166600987315178 0.166257292032242 0.166411429643631 0.170982375741005 0.171290040016174
0.299174904823303 0.329687237739563 0.331232666969299 0.241508200764656 0.181081384420395 0.126128822565079 0.40095928311348 0.424006998538971 0.41891410946846 0.194562345743179 0.25016576051712 0.280612975358963 0.237317949533463 0.176759198307991 0.216338515281677 0.277018636465073 0.411890506744385 0.156318515539169 0.285737246274948 0.521683156490326 0.434697687625885 0.287147462368011 0.138767838478088 0.152762547135353 0.422767728567123 0.34672224521637 0.156562879681587 0.132275313138962 0.159527599811554 0.131214678287506 0.107533909380436 0.126065507531166 0.155392333865166 0.116267673671246 0.132308274507523 0.13540406525135 0.137193411588669 0.120509915053844 0.122567996382713 0.129178732633591 0.132135733962059 0.147685259580612 0.145379573106766 0.149040639400482 0.149544402956963 0.160529106855392 0.161883741617203 0.162073910236359 0.167448207736015
0.307607710361481 0.34259432554245 0.296482801437378 0.15900906920433 0.104078777134418 0.222780391573906 0.337086141109467 0.41981166601181 0.367157995700836 0.298166900873184 0.165157288312912 0.339109480381012 0.306350558996201 0.171002730727196 0.292828500270844 0.209904506802559 0.19996739923954 0.305603533983231 0.150364995002747 0.152097120881081 0.199525445699692 0.19195844233036 0.13469161093235 0.400227099657059 0.649926722049713 0.392096966505051 0.139334335923195 0.110763907432556 0.107414022088051 0.101504489779472 0.0985350012779236 0.107221908867359 0.120198778808117 0.113323234021664 0.149425208568573 0.124363750219345 0.118696786463261 0.119476437568665 0.119239181280136 0.126799196004868 0.11354760825634 0.120798118412495 0.120447367429733 0.142927870154381 0.123994678258896 0.125738859176636 0.136171281337738 0.12969009578228 0.130483388900757
0.319694519042969 0.332080543041229 0.282161146402359 0.0792431607842445 0.176273554563522 0.14613051712513 0.341005355119705 0.32973900437355 0.209290131926537 0.265747666358948 0.129152148962021 0.401706844568253 0.295564353466034 0.186835750937462 0.319970011711121 0.285513013601303 0.190524697303772 0.274785608053207 0.134513109922409 0.114640183746815 0.140049815177917 0.284503877162933 0.407080620527267 0.648649513721466 0.412448227405548 0.290185511112213 0.238694220781326 0.237824708223343 0.116642460227013 0.098022386431694 0.0936776250600815 0.10437098890543 0.115830786526203 0.110346421599388 0.120453506708145 0.0975877940654755 0.114061966538429 0.0982576087117195 0.101340159773827 0.10808128118515 0.109761081635952 0.110788613557816 0.117003172636032 0.118231378495693 0.119937658309937 0.12201576679945 0.122241899371147 0.122966200113297 0.126252770423889
0.325116544961929 0.283353298902512 0.103080280125141 0.119784072041512 0.138943940401077 0.16750580072403 0.219210565090179 0.234456837177277 0.187071725726128 0.287888139486313 0.161058530211449 0.124465577304363 0.164275825023651 0.240279421210289 0.290271282196045 0.305754840373993 0.263869553804398 0.250870883464813 0.521566271781921 0.533147990703583 0.557546257972717 0.561705827713013 0.480783253908157 0.336299151182175 0.309810042381287 0.251467436552048 0.266219645738602 0.259093642234802 0.145815059542656 0.122910104691982 0.102849341928959 0.095256082713604 0.0969284027814865 0.100969694554806 0.0896311178803444 0.0890331938862801 0.0955674797296524 0.0959594696760178 0.0956516787409782 0.096684068441391 0.103039629757404 0.113314069807529 0.107948943972588 0.115129746496677 0.115840792655945 0.114645667374134 0.117095150053501 0.117790140211582 0.118035592138767
0.332646191120148 0.161222010850906 0.097939096391201 0.0986357405781746 0.139257997274399 0.433171004056931 0.104775384068489 0.155048593878746 0.254391044378281 0.191970378160477 0.185502678155899 0.153416693210602 0.340392798185349 0.244108080863953 0.385671138763428 0.620669484138489 0.494206964969635 0.581284999847412 0.638668358325958 0.587734162807465 0.422849088907242 0.349661827087402 0.281194627285004 0.260285019874573 0.23379422724247 0.223140105605125 0.216190114617348 0.117244996130466 0.113584019243717 0.101689875125885 0.100955151021481 0.0955442562699318 0.100538909435272 0.0828905031085014 0.0876555219292641 0.0917195901274681 0.091675266623497 0.0927320942282677 0.0941218361258507 0.0996339395642281 0.100178755819798 0.107581622898579 0.101335525512695 0.102474503219128 0.112187698483467 0.10575694590807 0.103829547762871 0.104717001318932 0.104932472109795
0.347147047519684 0.117718711495399 0.0924955829977989 0.088895209133625 0.258213341236115 0.34834498167038 0.145887538790703 0.122655034065247 0.425254493951797 0.185821205377579 0.174331471323967 0.201992601156235 0.232405602931976 0.298346221446991 0.563060760498047 0.632169604301453 0.508812367916107 0.625284671783447 0.618247389793396 0.400974541902542 0.338943392038345 0.224443212151527 0.20600500702858 0.195897102355957 0.163882523775101 0.440379589796066 0.19448234140873 0.0931615829467773 0.100544176995754 0.105623699724674 0.1004329174757 0.0986505746841431 0.121059894561768 0.0874190703034401 0.096751295030117 0.0867678672075272 0.0870454460382462 0.0929045528173447 0.0877038687467575 0.0878047049045563 0.0949442461133003 0.0952949151396751 0.0984494015574455 0.0987285003066063 0.0988162755966187 0.097757063806057 0.0984651520848274 0.0985759347677231 0.101300895214081
0.368102043867111 0.1191790625453 0.147758677601814 0.0900187715888023 0.11810714751482 0.0814631655812263 0.130845844745636 0.203861340880394 0.207137361168861 0.165757745504379 0.149161249399185 0.194641306996346 0.222279891371727 0.267558962106705 0.409914821386337 0.388999760150909 0.640504598617554 0.446123689413071 0.310806274414062 0.33483549952507 0.214477956295013 0.155694827437401 0.257916748523712 0.154073193669319 0.145076543092728 0.171143800020218 0.104639805853367 0.113053657114506 0.104654870927334 0.112103715538979 0.0949887186288834 0.104526653885841 0.0981277450919151 0.0952592790126801 0.103470079600811 0.0920846313238144 0.0923995226621628 0.093269445002079 0.0881730020046234 0.0965101346373558 0.0974422767758369 0.0917282178997993 0.0928410068154335 0.0928651839494705 0.0930401831865311 0.0931293442845345 0.0866159051656723 0.0889443680644035 0.0947210118174553
0.360534310340881 0.129941537976265 0.17961885035038 0.0959601327776909 0.143284440040588 0.198209404945374 0.375366300344467 0.328004956245422 0.105294942855835 0.156752780079842 0.152742311358452 0.206910476088524 0.224885329604149 0.213729560375214 0.300476491451263 0.401339411735535 0.383640855550766 0.233502373099327 0.302325785160065 0.397025018930435 0.159444406628609 0.259314149618149 0.16177724301815 0.140434056520462 0.293578296899796 0.294610261917114 0.210352838039398 0.169077828526497 0.133988752961159 0.0982996746897697 0.0972885712981224 0.105443716049194 0.114508837461472 0.108122676610947 0.102860502898693 0.107341475784779 0.10211855918169 0.0969163179397583 0.102372415363789 0.109896942973137 0.0978487879037857 0.0867617800831795 0.0868359953165054 0.086935430765152 0.0869697406888008 0.0899043828248978 0.0830158889293671 0.0837738141417503 0.0891199260950089
