data/climate_estimation/maxent_output/Lilium_speciosum.asc
NCOLS 603 
NROWS 202 
XLLCORNER 90.75 
YLLCORNER 23.5833333333333 
CELLSIZE 0.0833333333333333 
NODATA_value -3.4e+38 
[rows 105 to 125 of 202, columns 329 to 375 of 603]
0.243133619427681 0.252894967794418 0.271106719970703 0.269396066665649 0.27114537358284 0.278520375490189 0.270593255758286 0.268718302249908 0.263635247945786 0.264551162719727 0.267185837030411 0.265495181083679 0.27814194560051 0.280884593725204 0.275540143251419 0.270303219556808 0.259992927312851 0.255775988101959 0.258659094572067 0.261246025562286 0.209830671548843 0.22023618221283 0.216150283813477 0.228088364005089 0.19221219420433 0.170630544424057 0.165799453854561 0.170495241880417 0.179496273398399 0.197678953409195 0.225992277264595 0.237425714731216 0.25335156917572 0.298434793949127 0.294790536165237 0.287128508090973 0.268521100282669 0.24093958735466 0.218253970146179 0.206796944141388 0.193297192454338 0.183105379343033 0.170453518629074 0.164268925786018 -3.4e+38 -3.4e+38 -3.4e+38
0.250711470842361 0.259841173887253 0.268440842628479 0.281199485063553 0.279438018798828 0.277685344219208 0.282190829515457 0.280424445867538 0.282352566719055 0.297471344470978 0.294656723737717 0.294656723737717 0.292829185724258 0.289146661758423 0.283704668283463 0.277428597211838 0.287707448005676 0.273318260908127 0.262914717197418 0.207679376006126 0.216775149106979 0.208208099007607 0.214899525046349 0.19525533914566 0.166332334280014 0.143103510141373 0.135175451636314 0.1399235278368 0.137204483151436 0.156879648566246 0.176803171634674 0.190476611256599 0.221776455640793 0.269283562898636 0.335996240377426 0.315217792987823 0.288331478834152 0.264480143785477 -3.4e+38 0.216797769069672 0.210423529148102 0.197901859879494 0.183147564530373 0.167842254042625 0.159794062376022 -3.4e+38 -3.4e+38
0.272919237613678 0.29784232378006 0.302601873874664 0.30553126335144 0.323614507913589 0.322692036628723 0.322692036628723 0.320732921361923 0.31878274679184 0.31878274679184 0.314909130334854 0.330275863409042 0.325296431779861 0.320267528295517 0.314364016056061 0.305675894021988 0.2961405813694 0.27964186668396 0.232225850224495 0.221896067261696 0.216775149106979 0.215096041560173 0.206586286425591 0.184416875243187 0.155053079128265 0.124722838401794 0.114673472940922 0.113049358129501 0.107237987220287 0.122316740453243 0.136476308107376 0.166730344295502 0.22369097173214 0.28349182009697 0.376023143529892 0.348720610141754 0.310202032327652 0.278250515460968 0.255422621965408 0.250474005937576 0.211983948945999 0.212211430072784 0.197398781776428 0.171255171298981 0.161719128489494 -3.4e+38 -3.4e+38
0.316307693719864 0.329264491796494 0.351560324430466 0.354832798242569 0.352733433246613 0.35064285993576 0.359742224216461 0.359742224216461 0.357622474431992 0.355511486530304 0.352312684059143 0.348066478967667 0.341789066791534 0.334552228450775 0.344332575798035 0.339088678359985 0.327798217535019 0.252475768327713 0.238517865538597 0.240880221128464 0.227679431438446 0.222636565566063 0.216077074408531 0.192119106650352 0.159219518303871 0.140852406620979 0.11631578207016 0.111506186425686 0.109457023441792 0.114384263753891 0.13872803747654 0.184588626027107 0.222642853856087 0.302520364522934 0.422251343727112 0.363211393356323 0.305013179779053 0.278743147850037 0.260568618774414 0.251461237668991 0.236489772796631 0.219707742333412 0.195463895797729 0.179191917181015 0.165845662355423 -3.4e+38 -3.4e+38
0.366847187280655 0.377987563610077 0.38364240527153 0.400204867124557 0.397927761077881 0.395658999681473 0.389887750148773 0.387648910284042 0.400749087333679 0.396199256181717 0.388182014226913 0.381411522626877 0.375778794288635 0.371418505907059 0.364778906106949 0.357197612524033 0.341271102428436 0.267801642417908 0.279427587985992 0.25937095284462 0.243526443839073 0.236640006303787 0.230854511260986 0.201651707291603 0.181497693061829 0.148431986570358 0.127022847533226 0.109665870666504 0.105820707976818 0.115667924284935 0.152356013655663 0.185892894864082 0.237328916788101 0.308176189661026 0.34666833281517 0.323994904756546 0.276415556669235 0.27117645740509 0.264485955238342 0.256528794765472 0.238945856690407 0.230942651629448 0.215518280863762 0.189681053161621 0.177675560116768 -3.4e+38 -3.4e+38
0.425219893455505 0.425219893455505 0.432466864585876 0.450276911258698 0.447833210229874 0.44539687037468 0.438024967908859 0.429493308067322 0.424651384353638 0.419846683740616 0.412727922201157 0.4239821434021 0.416803419589996 0.413282752037048 0.406245738267899 0.396892517805099 0.316517859697342 0.313923865556717 0.304541438817978 0.289857596158981 0.257075309753418 0.246613129973412 0.229940950870514 0.226767733693123 0.202207922935486 0.168236956000328 0.124692149460316 0.102172791957855 0.104808904230595 0.127131164073944 0.158296957612038 0.198242664337158 0.227959543466568 0.239373221993446 0.201747089624405 0.184171214699745 0.237589925527573 0.253266841173172 0.275716423988342 0.282249718904495 0.256795823574066 0.247980833053589 0.22579950094223 0.208715349435806 -3.4e+38 -3.4e+38 -3.4e+38
0.460023522377014 0.484821915626526 0.480961412191391 0.478432089090347 0.497195690870285 0.495869427919388 0.484102845191956 0.479034632444382 0.472584009170532 0.461075961589813 0.452294856309891 0.443605810403824 0.436215281486511 0.431399494409561 0.375663280487061 0.372281730175018 0.369237452745438 0.361591815948486 0.329713821411133 0.32400244474411 0.292296558618546 0.272005289793015 0.24951483309269 0.22521710395813 0.202452763915062 0.182726860046387 0.133708819746971 0.0995981767773628 0.0793467238545418 0.117508187890053 0.151927709579468 0.187625497579575 0.192609086632729 0.172367870807648 0.138936072587967 0.147758081555367 0.215976640582085 0.258139550685883 0.271096229553223 0.273308247327805 0.268626153469086 0.246191874146461 0.22731614112854 0.196789592504501 0.182868242263794 -3.4e+38 -3.4e+38
0.52605926990509 0.541408777236938 0.533231437206268 0.533231437206268 0.530587613582611 0.541943907737732 0.536512196063995 0.521702647209167 0.519080519676208 0.505735874176025 0.497834116220474 0.489982306957245 0.482194483280182 0.400627255439758 0.390303075313568 0.37924137711525 0.37672233581543 0.381740003824234 0.372139692306519 0.34497857093811 0.319040387868881 0.298696577548981 0.268715262413025 0.231131300330162 0.188791677355766 0.136751443147659 0.121761739253998 0.0912986472249031 0.0785687640309334 0.0927770435810089 0.123869433999062 0.153800413012505 0.166403070092201 0.162015289068222 0.158185660839081 0.165989175438881 0.263558834791183 0.263981968164444 0.282374262809753 0.277809709310532 0.26274499297142 0.259334206581116 0.229684174060822 0.205593571066856 0.175541192293167 -3.4e+38 -3.4e+38
0.58143150806427 0.573044955730438 0.566131949424744 0.57910430431366 0.577726542949677 0.575019240379333 0.566708981990814 0.554354131221771 0.546167135238647 0.560336589813232 0.543978273868561 0.542643666267395 0.445177644491196 0.430432438850403 0.422298699617386 0.413951367139816 0.413644790649414 0.397682577371597 0.393155217170715 0.370140790939331 0.368214935064316 0.359196186065674 0.322659283876419 0.266078263521194 0.197948127985001 0.136791750788689 0.1068499609828 0.086062841117382 0.0782239884138107 0.0911956429481506 0.116463541984558 0.144503280520439 0.159266173839569 0.170235320925713 0.177761197090149 0.197903648018837 0.240178495645523 0.301248461008072 0.299787282943726 0.288100451231003 0.268738657236099 0.252486735582352 0.224782958626747 0.199160069227219 0.179126024246216 -3.4e+38 -3.4e+38
0.640736877918243 0.625252366065979 0.620981872081757 0.613978385925293 0.634116411209106 0.632724463939667 0.621634304523468 0.610364615917206 0.597754716873169 0.616519153118134 0.610863447189331 0.588684260845184 0.488352358341217 0.481840670108795 0.466813385486603 0.461118161678314 0.432085543870926 0.43027326464653 0.434004604816437 0.420492619276047 0.416042119264603 0.411535292863846 0.412624567747116 0.332215130329132 0.24308942258358 0.16940975189209 0.121845901012421 0.0965925604104996 0.0929164066910744 0.102877527475357 0.128438502550125 0.154149577021599 0.175806239247322 0.190861091017723 0.204589009284973 0.228202223777771 0.259994179010391 0.352166473865509 0.320913016796112 0.301351726055145 0.276147991418839 0.25855478644371 0.221211493015289 0.196520686149597 0.176243513822556 -3.4e+38 -3.4e+38
0.677078902721405 0.692778944969177 0.685859501361847 0.674706637859344 0.671960949897766 0.662260591983795 0.6766437292099 0.664109170436859 0.651515305042267 0.637506186962128 0.665725946426392 0.559721827507019 0.536392331123352 0.530227184295654 0.519913494586945 0.515829205513 0.502113401889801 0.471998184919357 0.476197779178619 0.458948850631714 0.463245928287506 0.476489365100861 0.457135677337646 0.381510376930237 0.293365210294724 0.21325296163559 0.173727214336395 0.146722495555878 0.133331000804901 0.145436659455299 0.158317521214485 0.185072779655457 0.198233008384705 0.213073253631592 0.225899428129196 0.251132518053055 0.287419646978378 0.299612373113632 0.345188111066818 0.32387375831604 0.28676038980484 -3.4e+38 -3.4e+38 -3.4e+38 -3.4e+38 -3.4e+38 -3.4e+38
0.740503907203674 0.768426835536957 0.744864463806152 0.73008668422699 0.736913084983826 0.769473016262054 0.751760363578796 0.74109297990799 0.704817950725555 0.689712524414062 0.59150892496109 0.577604055404663 0.567543745040894 0.579092741012573 0.583516180515289 0.561513125896454 0.537024736404419 0.512758374214172 0.519756734371185 0.523663103580475 0.514043748378754 0.489587754011154 0.462730318307877 0.419118881225586 0.338788032531738 0.270024508237839 0.227870538830757 0.207691177725792 0.199382618069649 0.192964777350426 0.199749857187271 0.225266695022583 0.232301041483879 0.250433892011642 0.265106678009033 0.291830480098724 0.309487074613571 0.308229953050613 0.360154420137405 -3.4e+38 -3.4e+38 -3.4e+38 -3.4e+38 -3.4e+38 -3.4e+38 -3.4e+38 -3.4e+38
0.795947670936584 0.785033941268921 0.781295418739319 0.806336939334869 0.829336702823639 0.824504613876343 0.815630316734314 0.825998663902283 0.771873891353607 0.721158802509308 0.638495743274689 0.641472399234772 0.653492629528046 0.632477760314941 0.619024991989136 0.58703750371933 0.573517501354218 0.555813193321228 0.566602051258087 0.559504926204681 0.556467473506927 0.530490219593048 0.494895458221436 0.432783186435699 0.382418781518936 0.321379840373993 0.289956867694855 0.27161318063736 0.26019299030304 0.25892373919487 0.26418125629425 0.266805797815323 0.277609497308731 0.277718991041183 0.309715241193771 0.314094662666321 0.321773260831833 -3.4e+38 -3.4e+38 -3.4e+38 -3.4e+38 0.290623754262924 -3.4e+38 -3.4e+38 -3.4e+38 -3.4e+38 0.143957763910294
0.836056113243103 0.84086674451828 0.866445422172546 0.852474868297577 0.874355554580688 0.868943810462952 0.857786297798157 0.82049697637558 0.793500006198883 0.76946359872818 0.670312345027924 0.650170266628265 0.674993991851807 0.678951561450958 0.646542191505432 0.622972130775452 0.612832963466644 0.604909241199493 0.609022319316864 0.60263192653656 0.589222967624664 0.574344396591187 0.536261856555939 0.466504216194153 0.421733945608139 0.376657515764236 0.32814159989357 0.327581435441971 0.317919731140137 0.330598890781403 0.317885160446167 0.314534842967987 0.30660292506218 0.319177985191345 0.318865805864334 -3.4e+38 -3.4e+38 -3.4e+38 -3.4e+38 -3.4e+38 -3.4e+38 -3.4e+38 -3.4e+38 -3.4e+38 -3.4e+38 -3.4e+38 0.145826935768127
0.886543214321136 0.896986484527588 0.912085771560669 0.869023084640503 0.906088352203369 0.897473573684692 0.866178214550018 0.852101027965546 0.840032279491425 0.833557188510895 0.812161147594452 0.706736445426941 0.709026515483856 0.70930153131485 0.687487542629242 0.739072680473328 0.721935153007507 0.710174798965454 0.6522376537323 0.647634565830231 0.640476584434509 0.596649169921875 0.560766696929932 0.502911746501923 0.457768023014069 0.417037218809128 0.392402201890945 0.35781142115593 0.367460548877716 0.373933285474777 0.365473985671997 0.363617271184921 0.365026831626892 0.364250659942627 -3.4e+38 -3.4e+38 -3.4e+38 -3.4e+38 -3.4e+38 -3.4e+38 -3.4e+38 -3.4e+38 -3.4e+38 -3.4e+38 -3.4e+38 -3.4e+38 -3.4e+38
0.930337309837341 0.930543661117554 0.918673098087311 0.913302302360535 0.910968124866486 0.913942635059357 0.902023613452911 0.872740030288696 0.879747450351715 0.873169839382172 0.853255271911621 0.76713764667511 0.755111396312714 0.733235239982605 0.775407195091248 0.750151574611664 0.749670088291168 0.68696928024292 0.677146315574646 0.677698314189911 0.684118807315826 0.656443774700165 0.597878992557526 0.535874426364899 0.471881866455078 0.438844799995422 0.408126503229141 0.381349712610245 0.382953405380249 0.381659656763077 0.399087339639664 0.404206395149231 0.402817279100418 -3.4e+38 -3.4e+38 -3.4e+38 -3.4e+38 -3.4e+38 -3.4e+38 -3.4e+38 -3.4e+38 -3.4e+38 -3.4e+38 -3.4e+38 -3.4e+38 0.21247909963131 -3.4e+38
0.935104787349701 0.947642862796783 0.934140026569366 0.942366540431976 0.918465733528137 0.928298473358154 0.918183982372284 0.908485293388367 0.896944344043732 0.890333771705627 0.869200825691223 0.847838163375854 0.835432708263397 0.765246331691742 0.74550873041153 0.730853617191315 0.715082168579102 0.716327667236328 0.721539616584778 0.707052111625671 0.714334487915039 0.69411289691925 0.617327034473419 0.542973816394806 0.47828596830368 0.450223982334137 0.42316672205925 0.417145967483521 0.417733758687973 -3.4e+38 -3.4e+38 -3.4e+38 -3.4e+38 -3.4e+38 0.404711127281189 0.400854408740997 0.38400000333786 0.44595593214035 0.425359547138214 -3.4e+38 -3.4e+38 -3.4e+38 -3.4e+38 -3.4e+38 -3.4e+38 0.219401329755783 0.197331458330154
0.966991186141968 0.958007156848907 0.956352889537811 0.957062721252441 0.947828769683838 0.94431871175766 0.933460175991058 0.925945043563843 0.913605868816376 0.896854937076569 0.881737947463989 0.876339793205261 0.802652776241302 0.784963369369507 0.753986001014709 0.746483266353607 0.739133238792419 0.740022122859955 0.735582888126373 0.735241889953613 0.726582109928131 0.701514720916748 0.626820147037506 0.544384956359863 0.564665734767914 0.560575425624847 0.447098523378372 0.445372432470322 0.437422931194305 -3.4e+38 -3.4e+38 -3.4e+38 -3.4e+38 0.434040039777756 0.420061200857162 0.410341382026672 0.475944846868515 0.450241267681122 0.441218912601471 0.414572447538376 0.401069760322571 -3.4e+38 -3.4e+38 -3.4e+38 -3.4e+38 0.245751291513443 0.214861631393433
0.973676383495331 0.975161790847778 0.975495576858521 0.964233756065369 0.960384428501129 0.952728390693665 0.9454705119133 0.942808568477631 0.927945375442505 0.918359339237213 0.903390169143677 0.832793056964874 0.804819405078888 0.802262902259827 0.77934855222702 0.781280994415283 0.757841229438782 0.761963784694672 0.746718347072601 0.735835552215576 0.714983820915222 0.68758225440979 0.616854846477509 0.547595679759979 0.60605388879776 0.582851827144623 0.566928744316101 0.550045788288116 0.446441173553467 0.441382944583893 0.438190549612045 0.443915486335754 0.438244342803955 0.43304032087326 0.512499988079071 0.506414175033569 0.491144984960556 0.476324021816254 0.447723537683487 0.422063618898392 0.406554222106934 -3.4e+38 -3.4e+38 -3.4e+38 0.286055475473404 0.252808898687363 0.240721926093102
0.981659471988678 0.981202304363251 0.977382659912109 0.970795035362244 0.95983761548996 0.962042152881622 0.957028567790985 0.950439453125 0.939186096191406 0.930320918560028 0.915052056312561 0.90462452173233 0.891460359096527 0.880651831626892 0.806230068206787 0.790580153465271 0.780695915222168 0.762139797210693 0.753188967704773 0.73788446187973 0.713403105735779 0.678850710391998 0.624263644218445 0.683397531509399 0.620013833045959 0.596051514148712 0.596747279167175 0.559867262840271 0.553180932998657 0.457328766584396 0.543052911758423 0.444973587989807 0.442842572927475 0.530846953392029 0.517219841480255 0.505645096302032 0.500478267669678 0.49404838681221 0.479228168725967 0.450548648834229 0.418996840715408 0.410867363214493 -3.4e+38 0.329489588737488 0.30813592672348 0.271863043308258 0.259099543094635
0.985552370548248 0.981522142887115 0.978493750095367 0.974165976047516 0.971542656421661 0.967764616012573 0.962580680847168 0.962538957595825 0.953356146812439 0.93972510099411 0.934517025947571 0.921782553195953 0.913641691207886 0.896831750869751 0.817166030406952 0.795344054698944 0.794286370277405 0.77515310049057 0.752149343490601 0.741652727127075 0.708822727203369 0.690402925014496 0.735570549964905 0.698607563972473 0.651428639888763 0.611340403556824 0.604697048664093 0.580577790737152 0.558789372444153 0.553392291069031 0.554044365882874 0.552986204624176 0.538975238800049 0.530056893825531 0.538139939308167 0.551541447639465 0.536070346832275 0.509536623954773 0.474572539329529 0.45385530591011 0.427504867315292 0.412692606449127 0.405356705188751 0.365825802087784 0.325396090745926 0.311225086450577 0.272988647222519
