data/climate_estimation/maxent_output/Lilium_leichtlinii.asc
NCOLS 396 
NROWS 255 
XLLCORNER 108.833333333333 
YLLCORNER 23.9166666666667 
CELLSIZE 0.0833333333333333 
NODATA_value -3.4e+38 
[rows 132 to 153 of 255, columns 98 to 146 of 396]
0.0432443171739578 0.0432030148804188 0.0435278564691544 0.0433237552642822 0.0435830913484097 0.0457965135574341 0.0461111254990101 0.045980803668499 0.0527029447257519 0.0520518608391285 0.0550307147204876 0.058568611741066 0.0617199949920177 0.0718312785029411 0.0836383998394012 0.0973675847053528 0.103771261870861 0.112419702112675 0.0932532325387001 0.120309896767139 0.127875193953514 0.138455510139465 0.146729186177254 0.126467064023018 0.126096725463867 0.147876262664795 0.156485065817833 0.16016311943531 0.118776187300682 0.0907974392175674 0.0565843060612679 0.0567542389035225 0.0922222211956978 0.151472702622414 0.201459676027298 0.246309950947762 0.246156573295593 0.240956008434296 0.242376178503036 0.225424662232399 0.224549770355225 -3.4e+38 -3.4e+38 -3.4e+38 -3.4e+38 -3.4e+38 -3.4e+38 -3.4e+38 -3.4e+38
0.0571756921708584 0.0406719297170639 0.040581151843071 0.0405472330749035 0.0429470874369144 0.0460517890751362 0.0469430834054947 0.0496516562998295 0.0525019243359566 0.0564619340002537 0.0559376925230026 0.064317025244236 0.0736885294318199 0.0846967846155167 0.0908738374710083 0.053424097597599 0.053624514490366 0.0572628565132618 0.0997996628284454 0.107471019029617 0.11557387560606 0.129084080457687 0.151108369231224 0.134850516915321 0.137188613414764 0.148003831505775 0.160135179758072 0.168232396245003 0.150134697556496 0.121044829487801 0.100555986166 0.102789126336575 0.123198457062244 0.179560393095016 0.22382278740406 0.24712972342968 0.23248727619648 0.230945125222206 0.216528728604317 0.226769208908081 0.211757764220238 -3.4e+38 -3.4e+38 -3.4e+38 -3.4e+38 -3.4e+38 -3.4e+38 -3.4e+38 -3.4e+38
0.0454601347446442 0.0370036475360394 0.0363796055316925 0.0390141531825066 0.0452739931643009 0.0420724302530289 0.0455876998603344 0.0523056872189045 0.0531820841133595 0.0606174170970917 0.0616536848247051 0.0699203014373779 0.0799390450119972 0.0920381397008896 0.0545852817595005 0.0574339181184769 0.0532763227820396 0.0569190382957458 0.0993712395429611 0.100805997848511 0.108368255198002 0.117757432162762 0.126355201005936 0.136765941977501 0.137896791100502 0.158563524484634 0.159420058131218 0.172300100326538 0.184612035751343 0.166086345911026 0.149137765169144 0.149197190999985 0.174303010106087 0.209965348243713 0.24265655875206 0.26620227098465 0.249166622757912 0.232291057705879 0.230587720870972 0.215884178876877 0.214910894632339 -3.4e+38 -3.4e+38 -3.4e+38 -3.4e+38 -3.4e+38 -3.4e+38 -3.4e+38 -3.4e+38
0.0283952802419662 0.0225753728300333 0.0243600439280272 0.0282101631164551 0.0362624004483223 0.0431553870439529 0.0473671741783619 0.0483235493302345 0.0569223053753376 0.0569592490792274 0.0666211843490601 0.0754462033510208 0.0868540778756142 0.0785722881555557 0.054191529750824 0.0536474995315075 0.0580811500549316 0.0626013427972794 0.107915580272675 0.101438403129578 0.115948811173439 0.117454029619694 0.127496212720871 0.128722175955772 0.148458063602448 0.149509906768799 0.17327880859375 0.174098670482635 0.190111175179482 0.201636910438538 0.198230922222137 0.199085772037506 0.199393570423126 0.218787044286728 0.273435682058334 0.257474601268768 0.238921999931335 0.223139300942421 0.22172212600708 0.204181000590324 0.215970069169998 0.216361209750175 -3.4e+38 -3.4e+38 -3.4e+38 -3.4e+38 -3.4e+38 -3.4e+38 -3.4e+38
0.0180346462875605 0.012562251649797 0.0156187210232019 0.0212248004972935 0.0292844474315643 0.0385700352489948 0.0463866479694843 0.0520874373614788 0.0578739903867245 0.0657467693090439 0.0718283355236053 0.0827125906944275 0.081334725022316 0.0936904475092888 0.0840540081262589 0.0553822629153728 0.0548060312867165 0.0640673115849495 0.108690239489079 0.110249012708664 0.118665546178818 0.127732887864113 0.129264622926712 0.137316420674324 0.1763806194067 0.149611786007881 0.161846533417702 0.187298566102982 0.202450305223465 0.217214897274971 0.216816693544388 0.234841272234917 0.235199525952339 0.255378812551498 0.272995680570602 0.275426477193832 0.257402211427689 0.239022448658943 0.206028863787651 0.208557158708572 0.220596671104431 0.216550201177597 -3.4e+38 -3.4e+38 -3.4e+38 -3.4e+38 -3.4e+38 -3.4e+38 -3.4e+38
0.0165073573589325 0.00818312261253595 0.0118269296362996 0.020586971193552 0.0301298853009939 0.0386272892355919 0.0465455166995525 0.0571145787835121 0.0578808784484863 0.0677046999335289 0.0728754252195358 0.0774374604225159 0.0891886651515961 0.103403210639954 0.0904113054275513 0.0906054005026817 0.0967185944318771 0.104259632527828 0.111174933612347 0.109779067337513 0.118258215487003 0.142528787255287 0.153154537081718 0.164220348000526 0.175743594765663 0.192850813269615 0.161885187029839 0.174901753664017 0.237909033894539 0.21881003677845 0.222428753972054 0.238316059112549 0.27853724360466 0.258177936077118 0.278119206428528 0.278558701276779 0.260049760341644 0.258483201265335 0.23974896967411 0.222264006733894 0.208155289292336 0.220088109374046 -3.4e+38 -3.4e+38 -3.4e+38 -3.4e+38 -3.4e+38 -3.4e+38 -3.4e+38
0.033692941069603 0.0138123128563166 0.0161340832710266 0.0241445396095514 0.0336568467319012 0.0403036214411259 0.0514516606926918 0.0544040314853191 0.0679164007306099 0.0686651393771172 0.0737088248133659 0.0849011316895485 0.0912979245185852 0.102991662919521 0.103356316685677 0.0922126770019531 0.0972812250256538 0.103784166276455 0.104122392833233 0.113501690328121 0.143925026059151 0.154486134648323 0.145509153604507 0.164222821593285 0.16610686480999 0.180404305458069 0.196233287453651 0.211603879928589 0.228138104081154 0.245915964245796 0.245335534214973 0.26362818479538 0.282331496477127 0.285356998443604 0.284005165100098 0.28543409705162 0.266547977924347 0.264692842960358 0.246250912547112 0.241709440946579 0.212735131382942 0.239496812224388 0.221518859267235 -3.4e+38 -3.4e+38 -3.4e+38 -3.4e+38 -3.4e+38 -3.4e+38
0.0398648418486118 0.0297397915273905 0.0294582657516003 0.0309303849935532 0.0395348630845547 0.0481037199497223 0.0549562312662601 0.0636688321828842 0.0654040053486824 0.0746742188930511 0.0741247981786728 0.0860587283968925 0.090852178633213 0.104590855538845 0.113242380321026 0.112467162311077 0.106798864901066 0.127754747867584 0.136096462607384 0.144861340522766 0.145618677139282 0.156530767679214 0.155966386198997 0.167560279369354 0.177722975611687 0.195068195462227 0.184780523180962 0.20130068063736 0.215366944670677 0.232565298676491 0.265092492103577 0.265445709228516 0.284230530261993 0.284835457801819 0.285734385251999 0.286846041679382 0.287954121828079 0.267995536327362 0.265317171812057 0.245825305581093 0.22987174987793 0.2427838742733 0.240980371832848 0.240889191627502 -3.4e+38 -3.4e+38 -3.4e+38 -3.4e+38 -3.4e+38
0.0394844934344292 0.046021580696106 0.0404871962964535 0.0422017499804497 0.0477335043251514 0.0558420233428478 0.057007472962141 0.0616992823779583 0.0711485669016838 0.0712838247418404 0.0813694670796394 0.0857048034667969 0.0996022149920464 0.0989607870578766 0.113690182566643 0.114203996956348 0.120504572987556 0.128431305289268 0.128822416067123 0.137256562709808 0.147072196006775 0.159621879458427 0.160121291875839 0.170341625809669 0.173216417431831 0.174414962530136 0.18854147195816 0.20365859568119 0.232340931892395 0.233896613121033 0.250263005495071 0.250232368707657 0.270595282316208 0.273052424192429 0.273583829402924 0.28759354352951 0.288236796855927 0.291044950485229 0.272167205810547 0.264926254749298 0.247437953948975 0.231115967035294 0.244132980704308 0.240497842431068 -3.4e+38 -3.4e+38 -3.4e+38 -3.4e+38 -3.4e+38
0.0408836789429188 0.0438118278980255 0.0477333143353462 0.0509877391159534 0.0509982854127884 0.0546528175473213 0.0637065842747688 0.067155085504055 0.0708144903182983 0.0776088461279869 0.0818404778838158 0.0870034843683243 0.100855484604836 0.100106574594975 0.108695961534977 0.114392332732677 0.123093463480473 0.121453322470188 0.130369782447815 0.130699187517166 0.151410415768623 0.162460952997208 0.172501802444458 0.174355655908585 0.174419611692429 0.177437007427216 0.201398208737373 0.204452455043793 0.219019502401352 0.238590955734253 0.238216653466225 0.257691860198975 0.257554978132248 0.272222012281418 0.260398030281067 0.275496870279312 0.275568962097168 0.294672101736069 0.275783181190491 0.251703351736069 0.246656119823456 0.230169594287872 0.24528081715107 0.243633225560188 -3.4e+38 -3.4e+38 -3.4e+38 -3.4e+38 -3.4e+38
0.0408130511641502 0.044535581022501 0.0444951988756657 0.0559790879487991 0.056036189198494 0.0596083141863346 0.0648567974567413 0.0684060603380203 0.0740140378475189 0.0780418515205383 0.0829304456710815 0.0953748151659966 0.102390378713608 0.109794698655605 0.108957193791866 0.109304703772068 0.116433642804623 0.122781910002232 0.1307672560215 0.141345888376236 0.142994031310081 0.152018472552299 0.155352488160133 0.1662707477808 0.178959921002388 0.180426374077797 0.206831991672516 0.208251163363457 0.225073575973511 0.22663214802742 0.242757186293602 0.242674767971039 0.246270284056664 0.278659045696259 0.279064178466797 0.262059658765793 0.27720108628273 0.279246509075165 0.257922321557999 0.251545071601868 0.234505772590637 0.217276856303215 0.245114237070084 0.244985520839691 0.247654065489769 -3.4e+38 -3.4e+38 -3.4e+38 -3.4e+38
0.0366778522729874 0.0390002168715 0.0415017232298851 0.0491020977497101 0.0571158491075039 0.0614484138786793 0.0646645203232765 0.07491085678339 0.0749757140874863 0.0750747844576836 0.0855004116892815 0.0902521312236786 0.0968227833509445 0.104798376560211 0.110581390559673 0.109766133129597 0.109017461538315 0.124591171741486 0.133387565612793 0.133640959858894 0.143425717949867 0.145040258765221 0.146620243787766 0.159460142254829 0.169027715921402 0.186239153146744 0.184777528047562 0.200149416923523 0.199930146336555 0.214430645108223 0.232059150934219 0.231732323765755 0.264901787042618 0.264853477478027 0.282180547714233 0.263931453227997 0.262597858905792 0.258396714925766 0.237610623240471 0.220901161432266 0.234298929572105 0.218419298529625 0.231158643960953 0.247287750244141 0.2473104596138 -3.4e+38 -3.4e+38 -3.4e+38 -3.4e+38
0.0395573154091835 0.0395761579275131 0.0396018922328949 0.0503991842269897 0.053652361035347 0.0624016113579273 0.0663232430815697 0.0761780068278313 0.0754277780652046 0.0815352201461792 0.0860160067677498 0.0922435745596886 0.0999137759208679 0.105322167277336 0.105605952441692 0.112143225967884 0.110638000071049 0.119614973664284 0.126954421401024 0.134887710213661 0.135573819279671 0.136947929859161 0.149164006114006 0.160709038376808 0.17627426981926 0.176171600818634 0.177712485194206 0.201863586902618 0.203457072377205 0.218255549669266 0.220127120614052 0.251618385314941 0.251392126083374 0.251302123069763 0.265327543020248 0.249722465872765 0.263788908720016 0.245484873652458 0.224580407142639 0.220690622925758 0.205489635467529 0.206333190202713 0.233277902007103 0.246756121516228 0.247431665658951 -3.4e+38 -3.4e+38 -3.4e+38 -3.4e+38
0.0380324460566044 0.0381119959056377 0.0371404886245728 0.0397895351052284 0.0550296865403652 0.0586670264601707 0.0665854513645172 0.077819712460041 0.0778999179601669 0.0833774209022522 0.0949404165148735 0.108124561607838 0.108466044068336 0.107581771910191 0.107060477137566 0.114690318703651 0.121005713939667 0.12198144197464 0.128504663705826 0.129929393529892 0.148719847202301 0.15032234787941 0.151875704526901 0.164982676506042 0.166564956307411 0.179054841399193 0.180577799677849 0.192997694015503 0.207029819488525 0.208712428808212 0.225289463996887 0.240243196487427 0.239942967891693 0.238384008407593 0.253909856081009 0.251391738653183 0.249492317438126 0.231945529580116 0.225876376032829 0.194092839956284 0.205697521567345 0.20781809091568 0.238388627767563 0.254298627376556 0.271042227745056 0.271912604570389 -3.4e+38 -3.4e+38 -3.4e+38
0.0360972732305527 0.0385430566966534 0.0383708886802197 0.0381333716213703 0.0514629632234573 0.0591597259044647 0.0686190575361252 0.0734701529145241 0.0786444991827011 0.0851614847779274 0.0969419702887535 0.103935673832893 0.105176649987698 0.110791973769665 0.117888428270817 0.117165774106979 0.123336389660835 0.130859792232513 0.130937069654465 0.142702221870422 0.152906268835068 0.152942731976509 0.166269212961197 0.166325286030769 0.169191509485245 0.170863226056099 0.180854588747025 0.185275331139565 0.186073631048203 0.213590890169144 0.213465139269829 0.215154305100441 0.244005039334297 0.243732944130898 0.257124423980713 0.252958536148071 0.256945580244064 0.25050961971283 0.233436867594719 0.214727208018303 0.210100203752518 0.224110558629036 0.23900394141674 0.257103353738785 0.269820004701614 0.272156178951263 0.326146334409714 -3.4e+38 -3.4e+38
0.0394074469804764 0.0370015203952789 0.0337898209691048 0.0363899692893028 0.0489646978676319 0.0601025260984898 0.07038963586092 0.0756608471274376 0.0866992697119713 0.0914292857050896 0.10617983341217 0.107029557228088 0.105519540607929 0.11124175786972 0.11147279292345 0.135427802801132 0.16421015560627 0.164298728108406 0.145315930247307 0.153799548745155 0.158120185136795 0.158612594008446 0.149439990520477 0.162573635578156 0.162378147244453 0.176400020718575 0.176276445388794 0.17775197327137 0.191168561577797 0.202237740159035 0.203933119773865 0.220226049423218 0.232769593596458 0.245577439665794 0.247493550181389 0.263021439313889 0.276994407176971 0.272376358509064 0.271860927343369 0.253631919622421 0.248638778924942 0.264452755451202 0.259090006351471 0.277464985847473 0.295088410377502 0.309391885995865 0.325959146022797 -3.4e+38 -3.4e+38
0.0412976555526257 0.0401662662625313 0.0402343049645424 0.0402300581336021 0.0536083579063416 0.0606792531907558 0.0774287730455399 0.0768263414502144 0.0939867421984673 0.100656569004059 0.107248112559319 0.102182939648628 0.107745543122292 0.123734973371029 0.131090193986893 0.139407202601433 0.156749114394188 0.193858787417412 0.170559972524643 0.159967675805092 0.159786999225616 0.161405131220818 0.162645414471626 0.164206355810165 0.168364942073822 0.166688531637192 0.168033078312874 0.180807799100876 0.193270966410637 0.194404602050781 0.208765655755997 0.222885027527809 0.238745883107185 0.252039164304733 0.265982091426849 0.266669183969498 0.282936811447144 0.29976487159729 0.295285254716873 0.310825675725937 0.288564532995224 0.287428915500641 0.303308814764023 0.298951625823975 0.317755699157715 0.33583676815033 -3.4e+38 -3.4e+38 -3.4e+38
0.0410359464585781 0.0444564335048199 0.0508316047489643 0.0545517578721046 0.078325942158699 0.0827582255005836 0.0829869583249092 0.0955679193139076 0.110640920698643 0.102675713598728 0.111432440578938 0.103534191846848 0.118563890457153 0.143102169036865 0.163351073861122 0.153261765837669 0.195996433496475 0.224419578909874 0.172075688838959 0.15256629884243 0.164081066846848 0.155156314373016 0.154996901750565 0.168441325426102 0.169469624757767 0.169885978102684 0.182742848992348 0.172494173049927 0.173552379012108 0.197711542248726 0.197563782334328 0.214095190167427 0.226505756378174 0.257988214492798 0.274451404809952 0.286499202251434 0.303837060928345 0.323412150144577 0.320428848266602 0.318144798278809 0.315122127532959 0.309574693441391 0.329179108142853 0.339155942201614 0.342985600233078 0.338006258010864 0.356785118579865 -3.4e+38 -3.4e+38
0.0540003292262554 0.047995138913393 0.0517555363476276 0.0561708398163319 0.0732380226254463 0.103738643229008 0.103253357112408 0.104287825524807 0.119524896144867 0.12103746086359 0.112504057586193 0.10550133138895 0.128461703658104 0.148189187049866 0.189929082989693 0.178340569138527 0.190342709422112 0.192190870642662 0.190639019012451 0.168572828173637 0.157947540283203 0.171431317925453 0.171292901039124 0.161588564515114 0.186983838677406 0.173751398921013 0.175440281629562 0.165507629513741 0.165570914745331 0.178201571106911 0.178126037120819 0.202872931957245 0.230439826846123 0.262764364480972 0.277053713798523 0.312029331922531 0.309430837631226 0.32961031794548 0.349277019500732 0.298765420913696 0.337677359580994 0.289052158594131 0.352175414562225 0.347707092761993 0.368740171194077 0.360864609479904 0.376043379306793 -3.4e+38 -3.4e+38
0.0530058443546295 0.0530223250389099 0.0554214753210545 0.0605168491601944 0.0651989877223969 0.0752207487821579 0.0933830514550209 0.0929486155509949 0.116173543035984 0.115413062274456 0.107213452458382 0.115397766232491 0.138928353786469 0.160136923193932 0.150601848959923 0.150662615895271 0.1704942882061 0.185080334544182 0.209706515073776 0.163301408290863 0.163601115345955 0.174255102872849 0.18725024163723 0.187156200408936 0.19003963470459 0.178355842828751 0.168385908007622 0.157823771238327 0.158011853694916 0.170084446668625 0.168416023254395 0.192025735974312 0.219736069440842 0.249595791101456 0.282239466905594 0.312572479248047 0.315466791391373 0.353671580553055 0.286545366048813 0.304600596427917 0.316694527864456 0.312301456928253 0.309097498655319 0.373533844947815 0.370713323354721 0.381230473518372 0.376710087060928 0.392671346664429 0.383440881967545
0.051887221634388 0.0547594949603081 0.0550598576664925 0.0608543083071709 0.0679002553224564 0.0800513550639153 0.0862001106142998 0.0949006676673889 0.109491296112537 0.109865114092827 0.111317381262779 0.118205174803734 0.162638485431671 0.163234427571297 0.142402276396751 0.144075632095337 0.152831345796585 0.154803678393364 0.165296629071236 0.155539929866791 0.167773082852364 0.189243301749229 0.178381651639938 0.169854238629341 0.181146502494812 0.168376475572586 0.160548642277718 0.160578340291977 0.159137487411499 0.160694196820259 0.183230981230736 0.197057172656059 0.225571721792221 0.253839462995529 0.281206160783768 0.313902705907822 0.33301118016243 0.349607080221176 0.308259427547455 0.303741544485092 0.340213358402252 0.318115025758743 0.31179279088974 0.326891124248505 0.344720751047134 0.381974011659622 0.399673283100128 0.413470238447189 0.403809458017349
0.0507076755166054 0.0529796630144119 0.0521707981824875 0.0632406696677208 0.0652342364192009 0.0785540118813515 0.08354252576828 0.0879542902112007 0.111459486186504 0.112850554287434 0.113271437585354 0.146207302808762 0.155191510915756 0.136820569634438 0.145224273204803 0.137757435441017 0.145925745368004 0.149182319641113 0.148626893758774 0.158777788281441 0.161367759108543 0.17063382267952 0.160851448774338 0.159326523542404 0.170982539653778 0.16201950609684 0.152896225452423 0.14272728562355 0.142083689570427 0.142107635736465 0.153164863586426 0.189101248979568 0.213546395301819 0.242756232619286 0.285674333572388 0.298583775758743 0.317298889160156 0.304754585027695 0.320902079343796 0.326511979103088 0.321667671203613 0.34176966547966 0.35422882437706 0.350353270769119 0.326773464679718 0.356814503669739 0.381397396326065 0.406070411205292 0.397080630064011
