data/climate_estimation/maxent_output/Lilium_brownii.asc
NCOLS 287 
NROWS 236 
XLLCORNER 98.1666666666667 
YLLCORNER 20.5 
CELLSIZE 0.0833333333333333 
NODATA_value -3.4e+38 
[rows 200 to 219 of 236, columns 88 to 131 of 287]
0.800977289676666 0.799198627471924 0.800411880016327 0.806373357772827 0.79485946893692 0.842958450317383 0.823856472969055 0.81565397977829 0.818346261978149 0.812754809856415 0.821201503276825 0.821850180625916 0.838440418243408 0.853974997997284 0.84654438495636 0.819967865943909 0.80841726064682 0.804780304431915 0.810856342315674 0.772074520587921 0.787869155406952 0.741477072238922 0.753159940242767 0.81268298625946 0.814626038074493 0.813004672527313 0.812101066112518 0.805923163890839 0.80527251958847 0.80535477399826 0.800914585590363 0.79809981584549 0.79434597492218 0.79290783405304 0.795854926109314 0.79118537902832 0.793919801712036 0.79644900560379 0.818966686725616 0.829844951629639 0.828271627426147 0.819547176361084 0.788493871688843 0.784787774085999
0.827371180057526 0.800450265407562 0.801684975624084 0.794075846672058 0.776574671268463 0.781631529331207 0.812313497066498 0.812548816204071 0.81546688079834 0.819229423999786 0.8139768242836 0.824017345905304 0.843535423278809 0.847533404827118 0.838017821311951 0.845929563045502 0.81778609752655 0.809502780437469 0.78314483165741 0.790829718112946 0.794455170631409 0.798352658748627 0.804279029369354 0.762563228607178 0.782308280467987 0.807667553424835 0.782742440700531 0.804747343063354 0.7973872423172 0.801845014095306 0.796042144298553 0.781604468822479 0.782771110534668 0.787388741970062 0.795629978179932 0.803149282932281 0.808357059955597 0.803332149982452 0.82196843624115 0.826707065105438 0.826988041400909 0.821690201759338 0.793853878974915 0.784334003925323
0.798551380634308 0.831586897373199 0.799862205982208 0.762750446796417 0.811529934406281 0.770892083644867 0.795022428035736 0.811838328838348 0.815816879272461 0.812425553798676 0.819178760051727 0.830179572105408 0.826325237751007 0.843465626239777 0.854113161563873 0.825633764266968 0.82926207780838 0.791918635368347 0.797701358795166 0.799692153930664 0.800655245780945 0.805165529251099 0.808543682098389 0.809161007404327 0.731292605400085 0.73009979724884 0.766054153442383 0.801426231861115 0.801723957061768 0.777554392814636 0.758722960948944 0.773310303688049 0.784170031547546 0.784231841564178 0.797914803028107 0.802483141422272 0.806714117527008 0.815044283866882 0.82135283946991 0.821731567382812 0.824389278888702 0.820300221443176 0.798545658588409 0.779000878334045
0.793539106845856 0.83109438419342 0.824391305446625 0.769363880157471 0.822753250598907 0.777660369873047 0.782968997955322 0.784820437431335 0.791718900203705 0.800633609294891 0.82124662399292 0.819168865680695 0.819138944149017 0.843256175518036 0.843915283679962 0.816955268383026 0.816864848136902 0.811541318893433 0.807559430599213 0.808209121227264 0.808105289936066 0.807627081871033 0.807817578315735 0.807250320911407 0.777210116386414 0.729315340518951 0.754648864269257 0.797758340835571 0.79903781414032 0.746226727962494 0.749158203601837 0.761377513408661 0.765240073204041 0.778228282928467 0.801634848117828 0.808687031269073 0.810286164283752 0.810545086860657 0.817421793937683 0.818070590496063 0.819129884243011 0.816028535366058 0.801738381385803 0.78492671251297
0.783876419067383 0.842919886112213 0.811168313026428 0.808373332023621 0.849387228488922 0.772114336490631 0.761378169059753 0.757522821426392 0.768080234527588 0.782461702823639 0.806335628032684 0.806783258914948 0.781616866588593 0.781075716018677 0.807272613048553 0.818357527256012 0.819602608680725 0.823265254497528 0.811197102069855 0.808298528194427 0.80964583158493 0.808601498603821 0.804938197135925 0.806788682937622 0.804878354072571 0.745794296264648 0.71293979883194 0.731630861759186 0.743652403354645 0.728831648826599 0.757744371891022 0.748193144798279 0.75462543964386 0.768754601478577 0.789532482624054 0.805477023124695 0.80367386341095 0.80648148059845 0.811318933963776 0.810960710048676 0.816396832466125 0.812006175518036 0.798508703708649 0.78929191827774
0.815293073654175 0.828038156032562 0.783832550048828 0.839779436588287 0.819553375244141 0.811692297458649 0.774771928787231 0.740089535713196 0.744021832942963 0.765783667564392 0.778721630573273 0.747110366821289 0.759977757930756 0.773331165313721 0.807706594467163 0.816173315048218 0.821346819400787 0.820009231567383 0.814935088157654 0.809554636478424 0.807511925697327 0.80815589427948 0.802968323230743 0.802412569522858 0.795137763023376 0.759856820106506 0.711375057697296 0.708525121212006 0.700451850891113 0.713896930217743 0.73182600736618 0.747201502323151 0.743862807750702 0.75142502784729 0.795217037200928 0.802898645401001 0.808105766773224 0.810415506362915 0.808196604251862 0.811378955841064 0.81302797794342 0.809508085250854 0.797581672668457 0.793902158737183
0.827923953533173 0.848424553871155 0.835177838802338 0.725237548351288 0.744668900966644 0.807236015796661 0.815458536148071 0.744722545146942 0.732432007789612 0.743520736694336 0.728903830051422 0.738573491573334 0.783661305904388 0.79467898607254 0.817508816719055 0.81608659029007 0.812297463417053 0.815449416637421 0.810773611068726 0.805335342884064 0.808546483516693 0.805915653705597 0.801680088043213 0.798894107341766 0.779222428798676 0.769111514091492 0.777394831180573 0.745277166366577 0.710897445678711 0.704019963741302 0.686270892620087 0.697348892688751 0.724760234355927 0.756989657878876 0.750401556491852 0.758480310440063 0.745588958263397 0.770159304141998 0.800449848175049 0.80298238992691 0.799983620643616 0.791323661804199 0.790818214416504 0.788678228855133
0.763262093067169 0.769870638847351 0.765586733818054 0.679757654666901 0.735776901245117 0.777899146080017 0.834928929805756 0.777134835720062 0.699221670627594 0.703908503055573 0.706506192684174 0.730534851551056 0.766389071941376 0.783316791057587 0.803183913230896 0.818735420703888 0.820787966251373 0.814209043979645 0.806907594203949 0.803292572498322 0.771164298057556 0.801972925662994 0.799164235591888 0.797135353088379 0.796307504177094 0.788998126983643 0.791644275188446 0.77776163816452 0.691396653652191 0.677394688129425 0.659606873989105 0.68206787109375 0.673352360725403 0.633788824081421 0.648298025131226 0.665428340435028 0.698748469352722 0.748810529708862 0.777470529079437 0.781007289886475 0.789885997772217 0.78068333864212 0.77396434545517 0.787124216556549
0.737568855285645 0.692759990692139 0.724926471710205 0.638178765773773 0.625249326229095 0.820901989936829 0.826433956623077 0.829326570034027 0.731884777545929 0.708449959754944 0.702363729476929 0.747862637042999 0.763253450393677 0.770870268344879 0.801603853702545 0.809930682182312 0.770839989185333 0.7937331199646 0.792574405670166 0.747445821762085 0.734022796154022 0.770077407360077 0.794385015964508 0.792427599430084 0.752321302890778 0.770434856414795 0.786888599395752 0.709389925003052 0.679124116897583 0.662738561630249 0.652020931243896 0.625834226608276 0.613178074359894 0.60943192243576 0.611125707626343 0.63809722661972 0.687893688678741 0.723642706871033 0.758900880813599 0.760159075260162 0.76678878068924 0.764146983623505 0.779882192611694 0.786790370941162
0.694290161132812 0.685535848140717 0.765956819057465 0.649990856647491 0.607296526432037 0.697420358657837 0.75425124168396 0.728616535663605 0.83364874124527 0.775480389595032 0.741719424724579 0.787326693534851 0.782625496387482 0.791059195995331 0.811362028121948 0.782413005828857 0.725007653236389 0.704972803592682 0.695551037788391 0.701174139976501 0.751538217067719 0.746358752250671 0.75525838136673 0.690550565719604 0.689334154129028 0.690025091171265 0.719265460968018 0.693994343280792 0.683266758918762 0.670194447040558 0.699564874172211 0.695905089378357 0.673430204391479 0.635950028896332 0.640269875526428 0.645582556724548 0.680377662181854 0.727508425712585 0.752124428749084 0.749444782733917 0.766220569610596 0.769479095935822 0.776021599769592 0.76641458272934
0.68355393409729 0.728024363517761 0.774282813072205 0.663038909435272 0.60698401927948 0.691203892230988 0.744351327419281 0.737232327461243 0.703239738941193 0.727053105831146 0.782530546188354 0.776904940605164 0.769318282604218 0.803798198699951 0.807307004928589 0.772768676280975 0.731434762477875 0.68994277715683 0.695134222507477 0.678507208824158 0.686428844928741 0.718928813934326 0.717990219593048 0.69128555059433 0.686875224113464 0.676803171634674 0.685436010360718 0.684255182743073 0.68474268913269 0.714722216129303 0.753884792327881 0.741164267063141 0.678762078285217 0.696875870227814 0.66059148311615 0.671777248382568 0.697768986225128 0.737997651100159 0.752469658851624 0.757145941257477 0.755631864070892 0.758614778518677 0.756966590881348 0.751675188541412
0.698163568973541 0.687935173511505 0.698316395282745 0.70732843875885 0.60166472196579 0.644486784934998 0.702914476394653 0.732092916965485 0.740190923213959 0.743384659290314 0.754642605781555 0.738032102584839 0.698662459850311 0.712357044219971 0.79889178276062 0.736286163330078 0.694936394691467 0.648536682128906 0.654146254062653 0.652760148048401 0.652047634124756 0.692984342575073 0.745580077171326 0.693732082843781 0.674447476863861 0.671366751194 0.683562874794006 0.658465445041656 0.670753657817841 0.700644135475159 0.714370906352997 0.702611446380615 0.712906360626221 0.713699996471405 0.730707287788391 0.723543524742126 0.734781801700592 0.746930956840515 0.757829606533051 0.77224600315094 0.762457072734833 0.74836391210556 0.768067240715027 0.75682806968689
0.722660660743713 0.658678531646729 0.616508543491364 0.634023249149323 0.669455349445343 0.611768305301666 0.649280965328217 0.693387150764465 0.74267590045929 0.748010039329529 0.769312143325806 0.795238614082336 0.751499772071838 0.63083690404892 0.647488117218018 0.764446079730988 0.604639053344727 0.64074569940567 0.64982545375824 0.641567766666412 0.643538177013397 0.692204415798187 0.651632070541382 0.661446988582611 0.649353861808777 0.670474767684937 0.692616581916809 0.673969328403473 0.671259045600891 0.681700587272644 0.68378210067749 0.706646740436554 0.713609933853149 0.714969873428345 0.719199955463409 0.73067045211792 0.746972799301147 0.751701056957245 0.754494845867157 0.758490920066833 0.748120725154877 0.752244174480438 0.755242764949799 0.74625301361084
0.589784383773804 0.59416389465332 0.628815650939941 0.67363840341568 0.657930493354797 0.617204964160919 0.669676303863525 0.653853118419647 0.750871121883392 0.731694757938385 0.733081817626953 0.77824467420578 0.797062456607819 0.738476932048798 0.601664185523987 0.734540820121765 0.736447870731354 0.573819518089294 0.586400628089905 0.594046652317047 0.639836430549622 0.636132299900055 0.647853255271912 0.6702601313591 0.656502783298492 0.662422895431519 0.668099820613861 0.66194212436676 0.634195148944855 0.655464053153992 0.671643137931824 0.686827182769775 0.667886853218079 0.671645402908325 0.686821579933167 0.688477575778961 0.694921970367432 0.696838140487671 0.736523509025574 0.754577159881592 0.704561710357666 0.709901571273804 0.742773592472076 0.727288246154785
0.613902628421783 0.603568375110626 0.60284435749054 0.596960604190826 0.628635168075562 0.606870770454407 0.687021970748901 0.727568089962006 0.730146646499634 0.724968194961548 0.700893342494965 0.709562182426453 0.771178424358368 0.785580694675446 0.808449506759644 0.559352457523346 0.534795045852661 0.585709989070892 0.635459661483765 0.641791164875031 0.636328935623169 0.66868394613266 0.700570464134216 0.707327008247375 0.65410977602005 0.638303160667419 0.632490515708923 0.642307639122009 0.669104993343353 0.640914916992188 0.651447534561157 0.65050482749939 0.650667309761047 0.631125688552856 0.648352384567261 0.636083483695984 0.641298651695251 0.654147446155548 0.683827519416809 0.689559876918793 0.659052491188049 0.655293822288513 0.6781947016716 0.705420076847076
0.571033835411072 0.597791433334351 0.589165389537811 0.628668189048767 0.545732140541077 0.638507723808289 0.615086138248444 0.711139142513275 0.726028561592102 0.734093487262726 0.752750813961029 0.750832498073578 0.687406420707703 0.622691094875336 0.582474231719971 0.624344706535339 0.694941937923431 0.729803502559662 0.662514865398407 0.692600071430206 0.674621522426605 0.684537291526794 0.705228745937347 0.67004919052124 0.662868082523346 0.666678786277771 0.709800541400909 0.697106301784515 0.692394435405731 0.679926872253418 0.624624729156494 0.624809622764587 0.614027082920074 0.58919370174408 0.578060150146484 0.606583774089813 0.581700444221497 0.598623812198639 0.642889380455017 0.600554049015045 0.620544075965881 0.654493451118469 0.675329804420471 0.687111079692841
0.512234628200531 0.543396294116974 0.54878968000412 0.521313309669495 0.515101969242096 0.605820953845978 0.657857477664948 0.683769881725311 0.716136693954468 0.717806160449982 0.736361920833588 0.73306542634964 0.665789663791656 0.602911710739136 0.609235346317291 0.67245090007782 0.667901515960693 0.61387836933136 0.575519025325775 0.604921400547028 0.629869937896729 0.68906581401825 0.639087438583374 0.604686677455902 0.625271916389465 0.583233714103699 0.590497612953186 0.571216881275177 0.566934645175934 0.568617939949036 0.615895330905914 0.601167678833008 0.549259424209595 0.533722519874573 0.523175477981567 0.530955731868744 0.53569883108139 0.564510643482208 0.562168896198273 0.57540899515152 0.602869391441345 0.618253648281097 0.631631731987 0.643844902515411
0.475544691085815 0.504101872444153 0.496398866176605 0.454439043998718 0.524549901485443 0.595075786113739 0.62169086933136 0.668377816677094 0.694529116153717 0.726818859577179 0.765167236328125 0.791041791439056 0.640302062034607 0.623207926750183 0.797079205513 0.74370676279068 0.734944820404053 0.606988370418549 0.616968095302582 0.702253103256226 0.715013861656189 0.667434990406036 0.642999529838562 0.64441329240799 0.602936863899231 0.555674612522125 0.546768009662628 0.527604758739471 0.554483890533447 0.614517390727997 0.576492249965668 0.560814142227173 0.605399191379547 0.499933391809464 0.472790241241455 0.507059872150421 0.490917891263962 0.506783246994019 0.524084270000458 0.532063364982605 0.568950414657593 0.572424590587616 0.597286343574524 0.608143329620361
0.486948639154434 0.402155697345734 0.385164171457291 0.423228830099106 0.545976519584656 0.575175285339355 0.568122506141663 0.640871942043304 0.665210366249084 0.723315536975861 0.755743980407715 0.790963172912598 0.699981391429901 0.672095894813538 0.759481310844421 0.732877671718597 0.663285851478577 0.672454297542572 0.704381048679352 0.668258607387543 0.761503756046295 0.728160798549652 0.696862518787384 0.709993720054626 0.621225357055664 0.543419718742371 0.506532669067383 0.486592322587967 0.530962228775024 0.531464636325836 0.580917537212372 0.571020901203156 0.505974650382996 0.427801102399826 0.411527007818222 0.442474365234375 0.445480525493622 0.451160669326782 0.475209146738052 0.495520263910294 0.520864427089691 0.534266293048859 0.550447642803192 0.569945216178894
0.448198705911636 0.340614795684814 0.341911405324936 0.369902938604355 0.470373392105103 0.503851175308228 0.524678647518158 0.574960172176361 0.656688690185547 0.696359217166901 0.739105522632599 0.759249627590179 0.729470491409302 0.760341942310333 0.757376074790955 0.719024240970612 0.795869648456573 0.781221032142639 0.778533697128296 0.689779758453369 0.750788748264313 0.734711527824402 0.720276355743408 0.681456565856934 0.585484206676483 0.645099401473999 0.582614064216614 0.592263281345367 0.570900142192841 0.561460137367249 0.538555562496185 0.399791121482849 0.373753577470779 0.380324989557266 0.370271295309067 0.376106321811676 0.396147698163986 0.408946007490158 0.432174891233444 0.445793181657791 0.46900674700737 0.496900528669357 0.522504866123199 0.530092775821686
