data/climate_estimation/maxent_output/Lilium_brownii.asc
NCOLS 287 
NROWS 236 
XLLCORNER 98.1666666666667 
YLLCORNER 20.5 
CELLSIZE 0.0833333333333333 
NODATA_value -3.4e+38 
[rows 40 to 59 of 236, columns 88 to 131 of 287]
0.00294742174446583 0.00359722855500877 0.0037511067930609 0.00384752149693668 0.00377365946769714 0.00995812471956015 0.0103404903784394 0.0108994282782078 0.0119978366419673 0.0139590939506888 0.0137253496795893 0.013958428055048 0.0153834568336606 0.0171519927680492 0.0161921568214893 0.0168692320585251 0.0164480805397034 0.019050532951951 0.019170144572854 0.0195624530315399 0.0189500860869884 0.0187918376177549 0.0199665240943432 0.0221486873924732 0.021729102358222 0.0215785093605518 0.0224124416708946 0.0346211902797222 0.0343257002532482 0.0354008637368679 0.035655353218317 0.0386342592537403 0.0403676107525826 0.0415560267865658 0.0408857949078083 0.0437003448605537 0.0423415973782539 0.042132593691349 0.044734101742506 0.0502097085118294 0.0474549867212772 0.0533650182187557 0.0552308484911919 0.0656995922327042
0.00355741358362138 0.00353254098445177 0.00954956281930208 0.00959906540811062 0.0112599013373256 0.0120885372161865 0.0113531928509474 0.0130551643669605 0.0140382433310151 0.0139797041192651 0.01542654260993 0.0173133928328753 0.0168111138045788 0.0182907395064831 0.0181267969310284 0.0180840790271759 0.0200703907757998 0.0189324114471674 0.0192955005913973 0.0186437796801329 0.019232377409935 0.0212429631501436 0.0224617384374142 0.022707611322403 0.0238690339028835 0.0251312423497438 0.024632154032588 0.0357152335345745 0.0395342260599136 0.0383959114551544 0.0385090336203575 0.0399780608713627 0.0407519266009331 0.0444285571575165 0.0461679771542549 0.0468617901206017 0.0489005073904991 0.0481988601386547 0.0511482618749142 0.0583046302199364 0.0524530000984669 0.0537792854011059 0.0642906650900841 0.0658551156520844
0.00393586466088891 0.00967900920659304 0.0102218240499496 0.010626726783812 0.0123398629948497 0.0119676748290658 0.0145798092707992 0.013194833882153 0.0163466483354568 0.016569197177887 0.0178714506328106 0.0192406624555588 0.0190935432910919 0.0192914567887783 0.0204976908862591 0.0209653694182634 0.0222321432083845 0.0229039043188095 0.0214840210974216 0.0209723096340895 0.0222450792789459 0.0226990897208452 0.0227779000997543 0.0253839697688818 0.0238553006201982 0.0352041013538837 0.0404365621507168 0.0401545576751232 0.040298268198967 0.0421365574002266 0.0412210337817669 0.0425021126866341 0.0460429862141609 0.0491916052997112 0.0497040152549744 0.0515879392623901 0.0524906292557716 0.0558230131864548 0.0571056716144085 0.0563408434391022 0.053896576166153 0.0609307922422886 0.0628580898046494 0.069337859749794
0.0107137123122811 0.0114587359130383 0.0120850410312414 0.0130125219002366 0.0133353602141142 0.0147943794727325 0.0162232406437397 0.0153196901082993 0.0165336560457945 0.0184607859700918 0.0202478505671024 0.0210888423025608 0.0227699372917414 0.0237726680934429 0.0224326215684414 0.0215396024286747 0.0234707519412041 0.0231004301458597 0.0240903273224831 0.0259784273803234 0.0234870035201311 0.0238842219114304 0.0258766058832407 0.0255957152694464 0.0394506603479385 0.0392433740198612 0.0402581281960011 0.0403915904462337 0.0450618863105774 0.0442862510681152 0.0471378155052662 0.0449911244213581 0.0449655912816525 0.04833023250103 0.0495476052165031 0.0515715256333351 0.0541992485523224 0.0569910928606987 0.0594393014907837 0.0650900304317474 0.0610608570277691 0.0620376318693161 0.071388453245163 0.0693360045552254
0.0124322408810258 0.0134408362209797 0.0129975974559784 0.0141260866075754 0.014990889467299 0.0155716156587005 0.0176743101328611 0.0171518251299858 0.0204720962792635 0.0225766114890575 0.0226270444691181 0.0238421726971865 0.0240282341837883 0.0243576839566231 0.025158703327179 0.0257477704435587 0.0256197080016136 0.0270082727074623 0.0260482802987099 0.0266939289867878 0.0283373631536961 0.0287323947995901 0.0287773814052343 0.0422140955924988 0.039773304015398 0.0440258234739304 0.0440515987575054 0.0456668250262737 0.0481768250465393 0.0478914119303226 0.0493637509644032 0.0489791892468929 0.050451435148716 0.0521145686507225 0.0516886711120605 0.0533163100481033 0.0560423210263252 0.0593670532107353 0.0599063150584698 0.0663432255387306 0.0729546770453453 0.0742089450359344 0.0852146148681641 0.0804902315139771
0.0128443082794547 0.0145911239087582 0.015567815862596 0.0164597611874342 0.0183648504316807 0.0188925378024578 0.0192333199083805 0.0191200021654367 0.0248187370598316 0.0243507530540228 0.0261049345135689 0.0260817669332027 0.0268947929143906 0.0285676196217537 0.0291566979140043 0.0283596571534872 0.0279816668480635 0.028967471793294 0.0324006527662277 0.0308917481452227 0.0280279982835054 0.0287474542856216 0.0451726913452148 0.0457623861730099 0.0444201827049255 0.0477671958506107 0.0474864654242992 0.0479147508740425 0.0488807708024979 0.0481575541198254 0.0529814250767231 0.0517523214221001 0.0560654997825623 0.0592807903885841 0.0600686259567738 0.0604101419448853 0.0572569407522678 0.0625772923231125 0.0646272227168083 0.0683379769325256 0.0718896463513374 0.0794110223650932 0.0803490728139877 0.084360346198082
0.0138652101159096 0.015024371445179 0.0164568740874529 0.0183683894574642 0.0193829759955406 0.0209417119622231 0.0242937058210373 0.0251510888338089 0.0267734806984663 0.0275068040937185 0.0310786459594965 0.0314652062952518 0.0325891450047493 0.0321816392242908 0.032955177128315 0.0337180122733116 0.031907182186842 0.0323013812303543 0.0331537462770939 0.0314961336553097 0.0306351725012064 0.0496403835713863 0.0500621423125267 0.0447333753108978 0.0491027757525444 0.0500110201537609 0.0530358292162418 0.0509640090167522 0.0540195927023888 0.0565865635871887 0.0601657703518867 0.0595705583691597 0.0599836148321629 0.0645513460040092 0.066707544028759 0.0672461315989494 0.0662591755390167 0.0699659213423729 0.0713602602481842 0.0760871767997742 0.0763395503163338 0.0729117542505264 0.077417366206646 0.0834977328777313
0.0151045508682728 0.0175706185400486 0.0183476507663727 0.0203654710203409 0.0226402599364519 0.0233387518674135 0.0268381703644991 0.0282292366027832 0.0276893246918917 0.0343982055783272 0.0333451293408871 0.0344214625656605 0.0375641658902168 0.0354893207550049 0.0376176722347736 0.0363955944776535 0.0356382802128792 0.0370666272938251 0.0354978442192078 0.0541848689317703 0.0527581162750721 0.0529377087950706 0.0512026958167553 0.0537267327308655 0.0537082776427269 0.0545240640640259 0.0539465844631195 0.0577168650925159 0.057918556034565 0.0609709769487381 0.058872826397419 0.0621928684413433 0.0674171298742294 0.0687782317399979 0.0686047449707985 0.0757546499371529 0.0716542452573776 0.0751025229692459 0.0809932053089142 0.0810098424553871 0.0807989686727524 0.0841090455651283 0.0866564214229584 0.0903443619608879
0.0184969287365675 0.0188750252127647 0.0203808937221766 0.0232537779957056 0.0249318387359381 0.0283484701067209 0.0281303748488426 0.0344724059104919 0.0361966118216515 0.0371914654970169 0.0383606739342213 0.0406615249812603 0.0376926474273205 0.041339173913002 0.0402735024690628 0.0411493927240372 0.0370989888906479 0.0358104705810547 0.0380110517144203 0.0559688061475754 0.0533466152846813 0.0593108125030994 0.0582316070795059 0.0613899566233158 0.0620371177792549 0.0625309869647026 0.063354529440403 0.0630361959338188 0.0604315809905529 0.0638041496276855 0.0652793571352959 0.0677127093076706 0.0697676613926888 0.0674597173929214 0.0719336718320847 0.0791105180978775 0.0798552334308624 0.0810234323143959 0.0897473245859146 0.0918698012828827 0.0871738865971565 0.0879243314266205 0.0857605189085007 0.0934434607625008
0.0193373505026102 0.0213063526898623 0.0235455129295588 0.0260935965925455 0.0255708880722523 0.0300647914409637 0.0331947319209576 0.0374804809689522 0.0413834527134895 0.0426934137940407 0.0458703078329563 0.0467559173703194 0.0449475273489952 0.0452589429914951 0.0461680889129639 0.0454731583595276 0.0452665016055107 0.0407626144587994 0.0393150448799133 0.0589939765632153 0.0649672746658325 0.0654602497816086 0.0653990656137466 0.0733508542180061 0.0715352892875671 0.0731491521000862 0.0733364969491959 0.0744045898318291 0.0705692768096924 0.0743876993656158 0.0744574517011642 0.0713898092508316 0.0733378231525421 0.0768430978059769 0.0730863660573959 0.0767142474651337 0.082340270280838 0.0870162844657898 0.0875613018870354 0.090474545955658 0.096438430249691 0.103948839008808 0.099188357591629 0.0967913866043091
0.0211830697953701 0.0253705028444529 0.0257669743150473 0.0271606799215078 0.0309765636920929 0.0332275032997131 0.0556493438780308 0.0586751699447632 0.0473836325109005 0.0477370508015156 0.0492066852748394 0.052862536162138 0.0497851297259331 0.0487991608679295 0.051758199930191 0.051873080432415 0.0509107783436775 0.0483081229031086 0.0710956379771233 0.0739661231637001 0.0754965096712112 0.0777307525277138 0.0808013156056404 0.0816218629479408 0.0852124989032745 0.0917670056223869 0.0948300212621689 0.0845529586076736 0.0791806876659393 0.0793971121311188 0.0787826329469681 0.0835132077336311 0.0817399471998215 0.0856337994337082 0.0832916647195816 0.0826278999447823 0.0821852162480354 0.0872247889637947 0.0930942073464394 0.0946728512644768 0.0984690859913826 0.107057169079781 0.10956522077322 0.106843426823616
0.0245139691978693 0.0279894191771746 0.0303232669830322 0.0343345552682877 0.0361301973462105 0.0602212995290756 0.0608964338898659 0.0643479451537132 0.0667811781167984 0.0733115822076797 0.0528323911130428 0.0569921247661114 0.0567738227546215 0.0545737855136395 0.0574296228587627 0.0559782758355141 0.055297564715147 0.0580998808145523 0.0852745845913887 0.0846145153045654 0.0904619619250298 0.0920199677348137 0.0908496156334877 0.0958484411239624 0.103224687278271 0.104903310537338 0.101358011364937 0.101916886866093 0.0948294550180435 0.0913841351866722 0.0904921665787697 0.0949544310569763 0.090999960899353 0.0903623029589653 0.0880202353000641 0.0923942029476166 0.0890036523342133 0.0991728603839874 0.104537114500999 0.107144117355347 0.108007363975048 0.110911503434181 0.11706804484129 0.112072840332985
0.0271561220288277 0.0319060236215591 0.0336927510797977 0.0374792478978634 0.0396908633410931 0.0634731128811836 0.0647841617465019 0.0709623619914055 0.0738043263554573 0.0853573530912399 0.086015410721302 0.0613725259900093 0.0632862895727158 0.0617401897907257 0.0577934645116329 0.0574990585446358 0.0621677376329899 0.0652380287647247 0.0948318392038345 0.0929198637604713 0.103285171091557 0.103241093456745 0.10793449729681 0.106693118810654 0.118298023939133 0.125204041600227 0.112579137086868 0.106538876891136 0.105100139975548 0.102209307253361 0.101032629609108 0.100094333291054 0.0999306365847588 0.0996508523821831 0.101357147097588 0.0950191989541054 0.0960785523056984 0.107777893543243 0.106151968240738 0.113575592637062 0.11357320100069 0.115073315799236 0.11788696795702 0.117391347885132
0.0301527306437492 0.0328188315033913 0.0396115407347679 0.0429999195039272 0.0452261120080948 0.0698050111532211 0.0723535642027855 0.0780863016843796 0.0775510966777802 0.0909818261861801 0.0904726013541222 0.0719779580831528 0.0676380693912506 0.0663469806313515 0.0663764700293541 0.0705963969230652 0.0735334232449532 0.110019110143185 0.104965977370739 0.110071815550327 0.121451072394848 0.125860542058945 0.120004922151566 0.12486606836319 0.12656132876873 0.137229397892952 0.127324551343918 0.119514472782612 0.111743547022343 0.105599485337734 0.111634410917759 0.113343574106693 0.115661986172199 0.106214866042137 0.112293250858784 0.103014715015888 0.112778127193451 0.115960672497749 0.115300431847572 0.115829862654209 0.12319029122591 0.127141401171684 0.127836182713509 0.128589913249016
0.0343456082046032 0.0402231402695179 0.062662161886692 0.0477427393198013 0.0736994370818138 0.0794526860117912 0.0798057913780212 0.0877331346273422 0.0877031460404396 0.100815713405609 0.103081479668617 0.114677034318447 0.0782945603132248 0.0756311565637589 0.0769691318273544 0.0808356702327728 0.0904822796583176 0.128544509410858 0.131181344389915 0.13786992430687 0.128002926707268 0.135000258684158 0.134137108922005 0.139153197407722 0.132833629846573 0.144591391086578 0.137366697192192 0.129536837339401 0.122290179133415 0.115918219089508 0.115045547485352 0.122019983828068 0.108491525053978 0.119601845741272 0.126097112894058 0.118157498538494 0.11989863216877 0.123054802417755 0.124923288822174 0.133136928081512 0.133377909660339 0.128233656287193 0.134642228484154 0.133843064308167
0.0560157783329487 0.0418789014220238 0.0469296239316463 0.0752513557672501 0.0849381238222122 0.0838103443384171 0.0879944562911987 0.0921560600399971 0.0900892466306686 0.103466898202896 0.110600478947163 0.124600976705551 0.0865077152848244 0.0894498527050018 0.0972476527094841 0.095780648291111 0.0988098457455635 0.156575962901115 0.149546444416046 0.153525784611702 0.142931789159775 0.140874221920967 0.155658602714539 0.148865148425102 0.145635083317757 0.150052174925804 0.14995650947094 0.141442567110062 0.122645363211632 0.12081965059042 0.132174119353294 0.124492898583412 0.123620182275772 0.131739601492882 0.12428555637598 0.135525688529015 0.121621556580067 0.129831716418266 0.131308436393738 0.135401546955109 0.135943844914436 0.142581805586815 0.142706468701363 0.145821109414101
0.0645958036184311 0.067867636680603 0.0529991276562214 0.0825654119253159 0.0908896699547768 0.0952882394194603 0.0995650142431259 0.0977315604686737 0.0972819104790688 0.111530631780624 0.132198438048363 0.126400470733643 0.133046314120293 0.141314774751663 0.110972605645657 0.108426310122013 0.160579279065132 0.158354684710503 0.156559631228447 0.171087592840195 0.167974248528481 0.167618110775948 0.166819334030151 0.162482932209969 0.16194349527359 0.154218837618828 0.151322826743126 0.151142179965973 0.135853230953217 0.141450226306915 0.13649395108223 0.142184063792229 0.144180864095688 0.136147677898407 0.13591405749321 0.133964151144028 0.139400854706764 0.143445044755936 0.138003423810005 0.141048580408096 0.147622063755989 0.154821455478668 0.148548066616058 0.143984884023666
0.0715811029076576 0.0816748067736626 0.0841888561844826 0.0878164991736412 0.0939741656184196 0.101472333073616 0.110079266130924 0.112179912626743 0.110485978424549 0.118432499468327 0.131733104586601 0.141474962234497 0.155546873807907 0.150924906134605 0.152885794639587 0.179561704397202 0.190036043524742 0.186534702777863 0.179318159818649 0.180276080965996 0.176030337810516 0.175518780946732 0.174944251775742 0.171639263629913 0.160931006073952 0.159168049693108 0.151567667722702 0.164955615997314 0.147555962204933 0.154923856258392 0.141514971852303 0.143536701798439 0.144640937447548 0.141974166035652 0.148028552532196 0.146095290780067 0.153842076659203 0.150079622864723 0.152177274227142 0.151007160544395 0.156804218888283 0.166441172361374 0.1659185141325 0.157091945409775
0.0815612301230431 0.0872991979122162 0.0909193977713585 0.0924600586295128 0.105127930641174 0.11144794523716 0.118329644203186 0.128391414880753 0.128537863492966 0.128395348787308 0.138062864542007 0.159376874566078 0.171980351209641 0.173255622386932 0.18731988966465 0.200796991586685 0.188744947314262 0.192095696926117 0.20092910528183 0.19831770658493 0.194498389959335 0.185150071978569 0.1981241106987 0.194083422422409 0.196242839097977 0.187178656458855 0.169355988502502 0.157377958297729 0.148737326264381 0.148839741945267 0.144953653216362 0.142545029520988 0.145174518227577 0.149427488446236 0.154610380530357 0.160883560776711 0.161645695567131 0.163713499903679 0.163185343146324 0.159514144062996 0.164480462670326 0.167500838637352 0.167349219322205 0.169419765472412
0.0920681804418564 0.0996672511100769 0.100599430501461 0.10342139005661 0.108645305037498 0.123895883560181 0.131112992763519 0.13415838778019 0.136687725782394 0.148406103253365 0.139866009354591 0.15479651093483 0.169464394450188 0.179464802145958 0.197096034884453 0.197464406490326 0.216682061553001 0.21917299926281 0.211522370576859 0.217329740524292 0.216279521584511 0.199559956789017 0.205418527126312 0.19492906332016 0.195333197712898 0.188398003578186 0.183132499456406 0.179726719856262 0.158909499645233 0.142032191157341 0.159613013267517 0.147303476929665 0.148883804678917 0.157372310757637 0.16096618771553 0.167644545435905 0.171362429857254 0.172197192907333 0.177183151245117 0.177534967660904 0.178538307547569 0.182506516575813 0.180599182844162 0.173134356737137
