data/climate_estimation/maxent_output/Lilium_pyrenaicum.asc
NCOLS 106 
NROWS 24 
XLLCORNER -6.08333333333333 
YLLCORNER 42.3333333333333 
CELLSIZE 0.0833333333333333 
NODATA_value -3.4e+38 
[rows 0 to 19 of 24, columns 0 to 43 of 106]
-339999999999999996123846586046231871488.000000000000000 -3.4e+38 -3.4e+38 -3.4e+38 -3.4e+38 -3.4e+38 -3.4e+38 -3.4e+38 -3.4e+38 -3.4e+38 -3.4e+38 -3.4e+38 -3.4e+38 -3.4e+38 -3.4e+38 -3.4e+38 -3.4e+38 -3.4e+38 -3.4e+38 -3.4e+38 -3.4e+38 -3.4e+38 -3.4e+38 -3.4e+38 -3.4e+38 -3.4e+38 -3.4e+38 -3.4e+38 -3.4e+38 -3.4e+38 -3.4e+38 -3.4e+38 -3.4e+38 -3.4e+38 -3.4e+38 -3.4e+38 -3.4e+38 -3.4e+38 -3.4e+38 -3.4e+38 -3.4e+38 -3.4e+38 -3.4e+38 -3.4e+38
-3.4e+38 -3.4e+38 -3.4e+38 -3.4e+38 -3.4e+38 -3.4e+38 -3.4e+38 -3.4e+38 -3.4e+38 -3.4e+38 -3.4e+38 -3.4e+38 -3.4e+38 -3.4e+38 -3.4e+38 -3.4e+38 -3.4e+38 -3.4e+38 -3.4e+38 -3.4e+38 -3.4e+38 -3.4e+38 -3.4e+38 -3.4e+38 -3.4e+38 -3.4e+38 -3.4e+38 -3.4e+38 -3.4e+38 -3.4e+38 -3.4e+38 -3.4e+38 -3.4e+38 -3.4e+38 -3.4e+38 -3.4e+38 -3.4e+38 -3.4e+38 -3.4e+38 -3.4e+38 -3.4e+38 -3.4e+38 -3.4e+38 -3.4e+38
-3.4e+38 -3.4e+38 -3.4e+38 -3.4e+38 -3.4e+38 -3.4e+38 -3.4e+38 -3.4e+38 -3.4e+38 -3.4e+38 -3.4e+38 -3.4e+38 -3.4e+38 -3.4e+38 -3.4e+38 -3.4e+38 -3.4e+38 -3.4e+38 -3.4e+38 -3.4e+38 -3.4e+38 -3.4e+38 -3.4e+38 -3.4e+38 -3.4e+38 -3.4e+38 -3.4e+38 -3.4e+38 -3.4e+38 -3.4e+38 -3.4e+38 -3.4e+38 -3.4e+38 -3.4e+38 -3.4e+38 -3.4e+38 -3.4e+38 -3.4e+38 -3.4e+38 -3.4e+38 -3.4e+38 -3.4e+38 -3.4e+38 -3.4e+38
-3.4e+38 -3.4e+38 -3.4e+38 -3.4e+38 -3.4e+38 -3.4e+38 -3.4e+38 -3.4e+38 -3.4e+38 -3.4e+38 -3.4e+38 -3.4e+38 -3.4e+38 -3.4e+38 -3.4e+38 -3.4e+38 -3.4e+38 -3.4e+38 -3.4e+38 -3.4e+38 -3.4e+38 -3.4e+38 -3.4e+38 -3.4e+38 -3.4e+38 -3.4e+38 -3.4e+38 -3.4e+38 -3.4e+38 -3.4e+38 -3.4e+38 -3.4e+38 -3.4e+38 -3.4e+38 -3.4e+38 -3.4e+38 -3.4e+38 -3.4e+38 -3.4e+38 -3.4e+38 -3.4e+38 -3.4e+38 -3.4e+38 -3.4e+38
-3.4e+38 -3.4e+38 -3.4e+38 -3.4e+38 -3.4e+38 -3.4e+38 -3.4e+38 -3.4e+38 -3.4e+38 -3.4e+38 -3.4e+38 -3.4e+38 -3.4e+38 -3.4e+38 -3.4e+38 -3.4e+38 -3.4e+38 -3.4e+38 -3.4e+38 -3.4e+38 -3.4e+38 -3.4e+38 -3.4e+38 -3.4e+38 -3.4e+38 -3.4e+38 -3.4e+38 -3.4e+38 -3.4e+38 -3.4e+38 -3.4e+38 -3.4e+38 -3.4e+38 -3.4e+38 -3.4e+38 -3.4e+38 -3.4e+38 -3.4e+38 -3.4e+38 -3.4e+38 -3.4e+38 -3.4e+38 -3.4e+38 -3.4e+38
-3.4e+38 -3.4e+38 -3.4e+38 -3.4e+38 -3.4e+38 -3.4e+38 -3.4e+38 -3.4e+38 -3.4e+38 -3.4e+38 -3.4e+38 -3.4e+38 -3.4e+38 -3.4e+38 -3.4e+38 -3.4e+38 -3.4e+38 -3.4e+38 -3.4e+38 -3.4e+38 -3.4e+38 -3.4e+38 -3.4e+38 -3.4e+38 -3.4e+38 -3.4e+38 -3.4e+38 -3.4e+38 -3.4e+38 -3.4e+38 -3.4e+38 -3.4e+38 -3.4e+38 -3.4e+38 -3.4e+38 -3.4e+38 -3.4e+38 -3.4e+38 -3.4e+38 -3.4e+38 -3.4e+38 -3.4e+38 -3.4e+38 -3.4e+38
-339999999999999996123846586046231871488.000000000000000 -3.4e+38 -3.4e+38 -3.4e+38 -3.4e+38 -3.4e+38 -3.4e+38 -3.4e+38 -3.4e+38 -3.4e+38 -3.4e+38 -3.4e+38 -3.4e+38 -3.4e+38 -3.4e+38 -3.4e+38 -3.4e+38 -3.4e+38 -3.4e+38 -3.4e+38 -3.4e+38 -3.4e+38 -3.4e+38 -3.4e+38 -3.4e+38 -3.4e+38 -3.4e+38 -3.4e+38 -3.4e+38 -3.4e+38 -3.4e+38 -3.4e+38 -3.4e+38 -3.4e+38 -3.4e+38 -3.4e+38 -3.4e+38 -3.4e+38 -3.4e+38 -3.4e+38 -3.4e+38 -3.4e+38 -3.4e+38 -3.4e+38
-3.4e+38 -3.4e+38 -3.4e+38 -3.4e+38 -3.4e+38 -3.4e+38 -3.4e+38 -3.4e+38 -3.4e+38 -3.4e+38 -3.4e+38 -3.4e+38 -3.4e+38 -3.4e+38 -3.4e+38 -3.4e+38 -3.4e+38 -3.4e+38 -3.4e+38 -3.4e+38 -3.4e+38 -3.4e+38 -3.4e+38 -3.4e+38 -3.4e+38 -3.4e+38 -3.4e+38 -3.4e+38 -3.4e+38 -3.4e+38 -3.4e+38 -3.4e+38 -3.4e+38 -3.4e+38 -3.4e+38 -3.4e+38 -3.4e+38 -3.4e+38 -3.4e+38 -3.4e+38 -3.4e+38 -3.4e+38 -3.4e+38 -3.4e+38
0.190957441926003 0.194020554423332 0.229977861046791 0.230936795473099 0.199829131364822 -3.4e+38 -3.4e+38 -3.4e+38 -3.4e+38 -3.4e+38 -3.4e+38 -3.4e+38 -3.4e+38 -3.4e+38 -3.4e+38 -3.4e+38 -3.4e+38 -3.4e+38 -3.4e+38 -3.4e+38 -3.4e+38 -3.4e+38 -3.4e+38 -3.4e+38 -3.4e+38 -3.4e+38 -3.4e+38 -3.4e+38 -3.4e+38 -3.4e+38 -3.4e+38 -3.4e+38 -3.4e+38 -3.4e+38 -3.4e+38 -3.4e+38 -3.4e+38 -3.4e+38 -3.4e+38 -3.4e+38 -3.4e+38 -3.4e+38 -3.4e+38 -3.4e+38
0.230746775865555 0.241487145423889 0.216984272003174 0.210892304778099 0.195742502808571 0.19832307100296 0.236341297626495 0.228957086801529 0.222725868225098 0.244015589356422 -3.4e+38 -3.4e+38 -3.4e+38 -3.4e+38 -3.4e+38 -3.4e+38 -3.4e+38 -3.4e+38 -3.4e+38 -3.4e+38 -3.4e+38 -3.4e+38 -3.4e+38 -3.4e+38 -3.4e+38 -3.4e+38 -3.4e+38 -3.4e+38 -3.4e+38 0.214350745081902 0.259759932756424 -3.4e+38 -3.4e+38 -3.4e+38 -3.4e+38 -3.4e+38 -3.4e+38 -3.4e+38 -3.4e+38 -3.4e+38 -3.4e+38 -3.4e+38 -3.4e+38 -3.4e+38
0.261451810598373 0.25146347284317 0.23843041062355 0.227014854550362 0.226505249738693 0.255898714065552 0.282661110162735 0.243978083133698 0.274580508470535 0.280634492635727 0.294905513525009 0.245159789919853 0.232565835118294 0.232255131006241 0.207134157419205 0.174887984991074 0.176147252321243 -3.4e+38 -3.4e+38 -3.4e+38 -3.4e+38 -3.4e+38 -3.4e+38 0.221204653382301 0.216293156147003 0.211262211203575 0.199591487646103 0.202333062887192 0.226955890655518 0.261193782091141 0.311226904392242 0.308548510074615 -3.4e+38 -3.4e+38 -3.4e+38 -3.4e+38 -3.4e+38 0.24154232442379 0.264765024185181 0.293742120265961 0.273923397064209 -3.4e+38 -3.4e+38 -3.4e+38
0.202950179576874 0.207093581557274 0.222168833017349 0.23086553812027 0.233855202794075 0.250368058681488 0.248605251312256 0.262576550245285 0.276288956403732 0.286132663488388 0.220998272299767 0.224425792694092 0.301172733306885 0.318281561136246 0.321495175361633 0.410085260868073 0.326692849397659 0.305666387081146 0.215594634413719 0.220896810293198 0.235283032059669 0.272562265396118 0.302105247974396 0.293461441993713 0.292635202407837 0.209754288196564 0.258564710617065 0.266928732395172 0.281835824251175 0.312575668096542 0.329077929258347 0.346780508756638 0.367428928613663 0.375514984130859 0.32263171672821 0.338012456893921 0.284162282943726 0.261502623558044 0.276145398616791 0.310238122940063 0.353052824735641 0.380012810230255 0.360501080751419 0.385165512561798
0.374997258186340 0.310991704463959 0.241509571671486 0.236208289861679 0.25346103310585 0.292641043663025 0.343451350927353 0.352049052715302 0.326320707798004 0.404903620481491 0.364775687456131 0.297574281692505 0.423720419406891 0.437898993492126 0.434685915708542 0.364646047353745 0.420489430427551 0.365302830934525 0.372608482837677 0.334824532270432 0.343744188547134 0.353687167167664 0.355188518762589 0.36030787229538 0.339044868946075 0.322823882102966 0.331717491149902 0.354028850793839 0.395371645689011 0.413770169019699 0.395595818758011 0.436619013547897 0.476252853870392 0.442868083715439 0.48785474896431 0.421850442886353 0.417568445205688 0.323245614767075 0.372854888439178 0.386273473501205 0.418412923812866 0.419571697711945 0.478651463985443 0.451367050409317
0.411295384168625 0.557785511016846 0.42756512761116 0.246151775121689 0.383477807044983 0.398566961288452 0.368575513362885 0.412274748086929 0.413217514753342 0.534588813781738 0.480416744947433 0.446914970874786 0.56176221370697 0.598489880561829 0.618936121463776 0.591227829456329 0.602008283138275 0.456069231033325 0.469870924949646 0.466148287057877 0.411336362361908 0.385912984609604 0.425454437732697 0.390826344490051 0.396717369556427 0.407912045717239 0.404235541820526 0.458444327116013 0.542730987071991 0.569912195205688 0.529807031154633 0.522406220436096 0.536612570285797 0.536168336868286 0.543656706809998 0.521685600280762 0.518135368824005 0.553552091121674 0.479971349239349 0.507381439208984 0.516407012939453 0.585048854351044 0.596708297729492 0.567704498767853
0.637702584266663 0.51482743024826 0.491121977567673 0.389529764652252 0.473929077386856 0.487220257520676 0.454512149095535 0.544813573360443 0.595026195049286 0.54381650686264 0.551564872264862 0.59943163394928 0.551289260387421 0.630030930042267 0.648533165454865 0.647243142127991 0.48622128367424 0.39942729473114 0.469244807958603 0.584310710430145 0.496187537908554 0.505517661571503 0.519599854946136 0.508927941322327 0.432427763938904 0.511719882488251 0.46420493721962 0.468843430280685 0.62646472454071 0.675141394138336 0.644405603408813 0.633070170879364 0.628284513950348 0.587819933891296 0.596390664577484 0.589985430240631 0.577671825885773 0.577691674232483 0.580034732818604 0.610158145427704 0.7069291472435 0.636301398277283 0.614135146141052 0.61937552690506
0.639436364173889 0.605752825737 0.612282156944275 0.493736505508423 0.63218080997467 0.672380924224854 0.650142192840576 0.622967958450317 0.673326671123505 0.62378191947937 0.637460112571716 0.575824320316315 0.546633243560791 0.625350892543793 0.603443920612335 0.632741093635559 0.641968667507172 0.590597450733185 0.573459625244141 0.574087858200073 0.632947146892548 0.622972130775452 0.556481540203094 0.551922023296356 0.488464564085007 0.542420208454132 0.532841622829437 0.538348734378815 0.536410570144653 0.583238065242767 0.605067610740662 0.61967796087265 0.642763197422028 0.675136983394623 0.725841999053955 0.716974020004272 0.692658662796021 0.679325759410858 0.762874603271484 0.834064841270447 0.76281076669693 0.802106559276581 0.717285633087158 0.655859053134918
0.620629549026489 0.648818612098694 0.662225186824799 0.661847412586212 0.601485311985016 0.627779960632324 0.616281628608704 0.648359417915344 0.610296070575714 0.489940583705902 0.560876131057739 0.568651080131531 0.56111741065979 0.541928291320801 0.584554076194763 0.663647592067719 0.700970888137817 0.625225365161896 0.578690946102142 0.542488098144531 0.640855550765991 0.617171704769135 0.527332305908203 0.521706640720367 0.523311734199524 0.525551319122314 0.535739243030548 0.515822529792786 0.534223854541779 0.533754408359528 0.546161472797394 0.58693790435791 0.600147306919098 0.679658532142639 0.688604533672333 0.698871433734894 0.710300207138062 0.730299830436707 0.728495895862579 0.760497152805328 0.753880620002747 0.73646742105484 0.781806886196136 0.807170867919922
0.651892185211182 0.685792863368988 0.502935588359833 0.665353834629059 0.573958575725555 0.531727850437164 0.461886286735535 0.570858001708984 0.377991288900375 0.398397713899612 0.52034592628479 0.473485857248306 0.568623304367065 0.507636189460754 0.58755749464035 0.569975614547729 0.599228084087372 0.59338390827179 0.543115258216858 0.524634838104248 0.51914918422699 0.520561814308167 0.493730068206787 0.512776851654053 0.493130922317505 0.500233113765717 0.47281602025032 0.487833976745605 0.478406429290771 0.569145917892456 0.568036913871765 0.516480267047882 0.601798832416534 0.633986055850983 0.668177247047424 0.689566135406494 0.689532220363617 0.736609101295471 0.735078871250153 0.668245494365692 0.614158511161804 0.577716529369354 0.602082371711731 0.647677004337311
0.394289970397949 0.263331085443497 0.243548348546028 0.199170142412186 0.300035834312439 0.137757673859596 0.114838637411594 0.19106213748455 0.148029193282127 0.185167089104652 0.223449125885963 0.226803466677666 0.337189733982086 0.267254024744034 0.432496696710587 0.482945531606674 0.360760480165482 0.406222283840179 0.420006304979324 0.374128431081772 0.397111833095551 0.320733994245529 0.355132311582565 0.414111346006393 0.368878602981567 0.373246341943741 0.48568868637085 0.404869765043259 0.490725129842758 0.571418821811676 0.491448551416397 0.508089363574982 0.458371430635452 0.476414263248444 0.522863984107971 0.625102519989014 0.470702677965164 0.651769459247589 0.522253453731537 0.559365093708038 0.583322405815125 0.591720342636108 0.68283486366272 0.651359856128693
0.277536481618881 0.139861673116684 0.0894240811467171 0.0592992305755615 0.0675236508250237 0.0365767441689968 0.0364960730075836 0.0501225590705872 0.0540277622640133 0.091596245765686 0.0881510078907013 0.120100192725658 0.12077371776104 0.167068362236023 0.204549372196198 0.240446746349335 0.253012180328369 0.221303731203079 0.26406192779541 0.193600505590439 0.224249854683876 0.217524945735931 0.30979585647583 0.33705946803093 0.371753543615341 0.373028814792633 0.382472723722458 0.359790027141571 0.40990823507309 0.522678732872009 0.409352213144302 0.300366818904877 0.465277761220932 0.458472818136215 0.557956278324127 0.598508059978485 0.262443512678146 0.265469372272491 0.274207979440689 0.386260837316513 0.426395803689957 0.463596493005753 0.640332400798798 0.505689263343811
