data/climate_estimation/maxent_output/Lilium_canadense.asc
NCOLS 325 
NROWS 180 
XLLCORNER -88.4166666666667 
YLLCORNER 33.5833333333333 
CELLSIZE 0.0833333333333333 
NODATA_value -3.4e+38 
[rows 88 to 109 of 180, columns 50 to 99 of 325]
0.200866028666496 0.194332778453827 0.191749930381775 0.190579354763031 0.164841130375862 0.149450957775116 0.152299255132675 0.165834844112396 0.1993587911129 0.191071912646294 0.212754935026169 0.212995931506157 0.212817400693893 0.21774634718895 0.293918997049332 0.294392973184586 0.313489198684692 0.321313321590424 0.318727672100067 0.358312666416168 0.428327709436417 0.480295449495316 0.493742316961288 0.485100418329239 0.49152073264122 0.478756785392761 0.532268583774567 0.571152031421661 0.59827709197998 0.658884346485138 0.676816523075104 0.701884865760803 0.658945024013519 0.723722517490387 0.740054488182068 0.746351361274719 0.750053524971008 0.74997878074646 0.68771094083786 0.544239640235901 0.456205368041992 0.403933346271515 0.535904824733734 0.674765050411224 0.666770279407501 0.688023865222931 0.746999979019165 0.752766191959381 0.75594687461853 0.751981377601624
0.187703222036362 0.20635624229908 0.213313311338425 0.196737438440323 0.203439459204674 0.224875241518021 0.220429047942162 0.2615906894207 0.251193165779114 0.241703376173973 0.257736802101135 0.254822254180908 0.281042098999023 0.289892554283142 0.334429025650024 0.352081686258316 0.360593229532242 0.35844898223877 0.355709582567215 0.409430205821991 0.452905863523483 0.517054557800293 0.536179065704346 0.55534827709198 0.573312759399414 0.538159668445587 0.627130508422852 0.656390786170959 0.677608132362366 0.676349520683289 0.704497933387756 0.695887982845306 0.687061429023743 0.72639399766922 0.729552805423737 0.732763588428497 0.725650310516357 0.724136590957642 0.678001701831818 0.531246542930603 0.464477956295013 0.436199009418488 0.488791346549988 0.548012673854828 0.681654155254364 0.667347848415375 0.736518561840057 0.746023416519165 0.74852991104126 0.749069511890411
0.1874730437994 0.193563744425774 0.21269603073597 0.233996704220772 0.230868369340897 0.25261202454567 0.256852626800537 0.295668333768845 0.281515955924988 0.271313309669495 0.289480656385422 0.295903742313385 0.28974911570549 0.335804671049118 0.375605970621109 0.374856889247894 0.398973196744919 0.399994820356369 0.406573861837387 0.451877951622009 0.45620733499527 0.525964438915253 0.566532850265503 0.634851574897766 0.632655799388885 0.654592275619507 0.59311842918396 0.650258362293243 0.67679226398468 0.677570343017578 0.698631227016449 0.689059793949127 0.709697008132935 0.721325635910034 0.726163625717163 0.728705048561096 0.728419244289398 0.689563989639282 0.653971493244171 0.568644344806671 0.522713303565979 0.507040023803711 0.549669921398163 0.604934513568878 0.668986558914185 0.666469752788544 0.667379081249237 0.72987300157547 0.745924055576324 0.748565793037415
0.170062318444252 0.186203971505165 0.205716639757156 0.219451293349266 0.230423629283905 0.290610015392303 0.282377809286118 0.266346782445908 0.262953341007233 0.289960831403732 0.296918869018555 0.283225834369659 0.292475551366806 0.348816424608231 0.36481985449791 0.37832960486412 0.440260380506516 0.409875005483627 0.457083195447922 0.460855960845947 0.503376126289368 0.574458539485931 0.573208630084991 0.643119931221008 0.637597858905792 0.632851302623749 0.588023006916046 0.584506750106812 0.606103777885437 0.598790109157562 0.643037438392639 0.634953022003174 0.687756299972534 0.692699730396271 0.720293045043945 0.692904531955719 0.693617820739746 0.67890989780426 0.656839668750763 0.666744410991669 0.636631965637207 0.623872756958008 0.607488751411438 0.643386244773865 0.691151142120361 0.676348865032196 0.673473298549652 0.72680526971817 0.732903480529785 0.738696873188019
0.169883787631989 0.186046838760376 0.229050680994987 0.249868929386139 0.274003952741623 0.27923971414566 0.301763862371445 0.302957355976105 0.291414946317673 0.280603319406509 0.267962276935577 0.265634059906006 0.324293404817581 0.350644886493683 0.414520502090454 0.417445987462997 0.44238543510437 0.459394305944443 0.46468722820282 0.440789043903351 0.505352914333344 0.579619228839874 0.624110817909241 0.615729808807373 0.618834257125854 0.640324592590332 0.565035581588745 0.591710984706879 0.583926618099213 0.582266688346863 0.576399624347687 0.640525579452515 0.649565041065216 0.683862268924713 0.682464957237244 0.697277903556824 0.708634674549103 0.706198036670685 0.689860999584198 0.697302758693695 0.705240547657013 0.655988872051239 0.65210235118866 0.681047260761261 0.665357172489166 0.663560628890991 0.643378555774689 0.68737781047821 0.713599979877472 0.728405714035034
0.200674563646317 0.228666186332703 0.252732783555984 0.248404294252396 0.321399658918381 0.299467444419861 0.301336377859116 0.312263309955597 0.311090618371964 0.319068282842636 0.256742537021637 0.282424509525299 0.276199251413345 0.331475913524628 0.355593055486679 0.420111685991287 0.445787787437439 0.504270792007446 0.511888980865479 0.480834096670151 0.553277671337128 0.59980982542038 0.627054035663605 0.648036181926727 0.617618501186371 0.569564044475555 0.571784436702728 0.50760942697525 0.562793374061584 0.561860144138336 0.626923978328705 0.646671175956726 0.640953660011292 0.641366600990295 0.640875220298767 0.658250033855438 0.696479558944702 0.694704413414001 0.699785947799683 0.708557784557343 0.694696545600891 0.654423594474792 0.683952808380127 0.683952808380127 0.647640347480774 0.647953748703003 0.700336813926697 0.672205626964569 0.673551201820374 0.675731718540192
0.205381587147713 0.243751719594002 0.278900742530823 0.286084681749344 0.310887724161148 0.298458933830261 0.322216242551804 0.300212025642395 0.289215683937073 0.285129696130753 0.304008513689041 0.28293251991272 0.267021715641022 0.288941144943237 0.34322452545166 0.406608998775482 0.472474157810211 0.557096660137177 0.531036376953125 0.555031895637512 0.595833480358124 0.602373600006104 0.597288370132446 0.647870659828186 0.647918105125427 0.618046045303345 0.560512959957123 0.506137132644653 0.571019053459167 0.615421652793884 0.659577369689941 0.63362991809845 0.603249192237854 0.632148325443268 0.646933913230896 0.644504547119141 0.639358103275299 0.655777752399445 0.664750576019287 0.704693496227264 0.693830549716949 0.687027752399445 0.657646656036377 0.67166143655777 0.651451110839844 0.676968097686768 0.662896633148193 0.619790434837341 0.653176605701447 0.67594438791275
0.22064183652401 0.268660008907318 0.27513661980629 0.310904949903488 0.310668975114822 0.286724776029587 0.32098177075386 0.33157604932785 0.339506268501282 0.305324554443359 0.300654172897339 0.27426940202713 0.267236143350601 0.279831260442734 0.346274346113205 0.392069756984711 0.47603240609169 0.564283430576324 0.604851722717285 0.603181600570679 0.607050955295563 0.625528693199158 0.623326003551483 0.651342511177063 0.635392367839813 0.595939218997955 0.621816456317902 0.556356251239777 0.607280492782593 0.640744090080261 0.66010445356369 0.640710473060608 0.609609544277191 0.61707615852356 0.613656580448151 0.629089891910553 0.660209000110626 0.658410370349884 0.66821825504303 0.674994945526123 0.698570787906647 0.689443528652191 0.690294921398163 0.658810317516327 0.654925763607025 0.648824393749237 0.628473341464996 0.651565730571747 0.61516934633255 0.671848773956299
0.252192854881287 0.325894862413406 0.353240579366684 0.364690482616425 0.30923143029213 0.343503832817078 0.334646791219711 0.355018377304077 0.341526210308075 0.316122114658356 0.311162680387497 0.311362504959106 0.266294449567795 0.290042191743851 0.333139657974243 0.393252909183502 0.464138269424438 0.604233026504517 0.636138617992401 0.630982995033264 0.659258723258972 0.657537937164307 0.65915310382843 0.653977155685425 0.643821656703949 0.625030934810638 0.638519108295441 0.589867830276489 0.636133432388306 0.672221660614014 0.628186285495758 0.64499431848526 0.592426300048828 0.576510787010193 0.637033760547638 0.609795868396759 0.641504883766174 0.657452166080475 0.680413126945496 0.674900531768799 0.66529393196106 0.694828450679779 0.664311528205872 0.662827134132385 0.696472644805908 0.719625115394592 0.690130889415741 0.670271873474121 0.614360630512238 0.614777624607086
0.338491439819336 0.402262955904007 0.399037033319473 0.340366899967194 0.339957535266876 0.35503351688385 0.420109957456589 0.378443032503128 0.373836010694504 0.359477043151855 0.312075018882751 0.32170382142067 0.312197536230087 0.318660497665405 0.364387780427933 0.417538076639175 0.489325881004333 0.594156384468079 0.661252319812775 0.654664695262909 0.628251254558563 0.680249214172363 0.63970160484314 0.625381350517273 0.636526763439178 0.651447117328644 0.631453633308411 0.600273370742798 0.614879131317139 0.636335372924805 0.656312465667725 0.647421419620514 0.610890507698059 0.603589296340942 0.599708735942841 0.64523983001709 0.624105036258698 0.657843291759491 0.680007994174957 0.68047434091568 0.708642303943634 0.708489120006561 0.699102580547333 0.646452605724335 0.686774015426636 0.716184437274933 0.699133634567261 0.69629043340683 0.647447526454926 0.633359432220459
0.40507110953331 0.438163846731186 0.449276030063629 0.372774124145508 0.413901299238205 0.456021726131439 0.532243490219116 0.487075179815292 0.387931138277054 0.373478084802628 0.368936568498611 0.322504490613937 0.320350706577301 0.370747298002243 0.384983628988266 0.43882817029953 0.501568853855133 0.586909294128418 0.669548630714417 0.668860256671906 0.676904559135437 0.661880671977997 0.644497871398926 0.642561376094818 0.611564159393311 0.611331343650818 0.606491982936859 0.614725768566132 0.631549417972565 0.648714184761047 0.629826366901398 0.631235718727112 0.610733926296234 0.558022558689117 0.579040288925171 0.562645494937897 0.625858426094055 0.656630754470825 0.670321106910706 0.707629978656769 0.698160111904144 0.687274515628815 0.69908481836319 0.633803725242615 0.72401624917984 0.728088021278381 0.710365355014801 0.695260107517242 0.667180895805359 0.599410653114319
0.498663693666458 0.557029724121094 0.49361652135849 0.496311873197556 0.439480602741241 0.470924496650696 0.487685859203339 0.488756448030472 0.365045249462128 0.371584236621857 0.368891388177872 0.354601323604584 0.354194939136505 0.404407382011414 0.406361043453217 0.461981892585754 0.525733232498169 0.60195928812027 0.650187969207764 0.65770411491394 0.650867223739624 0.632623016834259 0.629250884056091 0.629173099994659 0.643406867980957 0.610294699668884 0.620694577693939 0.616316378116608 0.581708610057831 0.597319424152374 0.57684862613678 0.575607657432556 0.556612014770508 0.607267677783966 0.631869077682495 0.610190391540527 0.641043365001678 0.653010904788971 0.700239956378937 0.71019059419632 0.709807991981506 0.709715187549591 0.683920562267303 0.631113469600677 0.713334381580353 0.717165112495422 0.719980955123901 0.710119545459747 0.666976511478424 0.631845057010651
0.492491722106934 0.564614355564117 0.583067119121552 0.539978086948395 0.52694696187973 0.468863308429718 0.487811088562012 0.490328669548035 0.389383435249329 0.336840569972992 0.404412657022476 0.399929642677307 0.388132810592651 0.426557183265686 0.429394006729126 0.469382047653198 0.51304692029953 0.582901656627655 0.619118988513947 0.634675323963165 0.603130340576172 0.616880595684052 0.614216923713684 0.628523945808411 0.591221153736115 0.606316089630127 0.586290776729584 0.601396381855011 0.578085720539093 0.6395024061203 0.540075957775116 0.573902368545532 0.589443624019623 0.61212033033371 0.643994688987732 0.622699856758118 0.639297544956207 0.657053291797638 0.707953751087189 0.70940899848938 0.698251664638519 0.684882700443268 0.649721682071686 0.694263637065887 0.714816272258759 0.720468461513519 0.714214146137238 0.701423764228821 0.68659919500351 0.653424441814423
0.493053078651428 0.530951023101807 0.567982971668243 0.589342474937439 0.530368268489838 0.480979204177856 0.510446786880493 0.541497766971588 0.375345915555954 0.345937371253967 0.377178251743317 0.421456784009933 0.424002408981323 0.407376438379288 0.451072603464127 0.458292603492737 0.492209404706955 0.546453356742859 0.586011111736298 0.614616870880127 0.612838447093964 0.563056170940399 0.563492357730865 0.577227413654327 0.557731688022614 0.555090606212616 0.550968766212463 0.545687258243561 0.578419089317322 0.57457035779953 0.574340105056763 0.537793159484863 0.534022450447083 0.573841392993927 0.604665279388428 0.620090544223785 0.658042848110199 0.668169558048248 0.710347831249237 0.700175285339355 0.687284052371979 0.698788940906525 0.65186470746994 0.723851025104523 0.735137939453125 0.722642600536346 0.716384828090668 0.702306151390076 0.696851313114166 0.669629156589508
0.45633402466774 0.483275294303894 0.531067609786987 0.552582740783691 0.530287146568298 0.49405562877655 0.511064767837524 0.522621989250183 0.486722320318222 0.416956603527069 0.412407904863358 0.471337884664536 0.446362882852554 0.455016881227493 0.418077200651169 0.438344597816467 0.456745803356171 0.510080635547638 0.563907325267792 0.594583749771118 0.561954021453857 0.527073085308075 0.528628289699554 0.541474461555481 0.53989714384079 0.536037087440491 0.547572195529938 0.544437646865845 0.571988880634308 0.571059942245483 0.570443093776703 0.543258488178253 0.543029606342316 0.554700672626495 0.566287040710449 0.61763858795166 0.678623914718628 0.708357334136963 0.715233445167542 0.708899796009064 0.686764419078827 0.636443376541138 0.64544689655304 0.692261219024658 0.726056277751923 0.730495572090149 0.725436985492706 0.699569582939148 0.681776285171509 0.643663763999939
0.489105820655823 0.463122993707657 0.491297423839569 0.513005912303925 0.532521069049835 0.521708965301514 0.525399446487427 0.559466361999512 0.542562544345856 0.501721620559692 0.482966989278793 0.492199808359146 0.492169260978699 0.47499343752861 0.441560387611389 0.415201425552368 0.41893345117569 0.469925850629807 0.551116406917572 0.509011745452881 0.524330139160156 0.508926630020142 0.542189419269562 0.572678208351135 0.570661723613739 0.567515552043915 0.502346992492676 0.513435900211334 0.535353422164917 0.551615118980408 0.534849464893341 0.559386134147644 0.520402789115906 0.534430027008057 0.565770208835602 0.621267318725586 0.706693649291992 0.714416921138763 0.708479106426239 0.699088215827942 0.726170837879181 0.666675746440887 0.680932760238647 0.695108652114868 0.705281674861908 0.714281678199768 0.73942244052887 0.696017205715179 0.690501153469086 0.655446231365204
0.475230067968369 0.493582516908646 0.490394324064255 0.499451547861099 0.528197765350342 0.565989255905151 0.568925082683563 0.589781105518341 0.569906115531921 0.550223767757416 0.53007173538208 0.527293622493744 0.490103900432587 0.490073412656784 0.440740883350372 0.440569639205933 0.441850185394287 0.45859694480896 0.495146602392197 0.515791177749634 0.505401849746704 0.537471294403076 0.55235892534256 0.536347389221191 0.52333927154541 0.52037912607193 0.512337625026703 0.508487343788147 0.532163202762604 0.546765446662903 0.546612501144409 0.511032462120056 0.51952052116394 0.551242589950562 0.566720724105835 0.630799293518066 0.695132434368134 0.704474449157715 0.724052011966705 0.698756277561188 0.666487574577332 0.632860064506531 0.663574159145355 0.707348108291626 0.731139421463013 0.715767443180084 0.717819094657898 0.682506382465363 0.675457775592804 0.65763396024704
0.443786650896072 0.448595553636551 0.520777344703674 0.517580449581146 0.573529839515686 0.570520341396332 0.589522302150726 0.589781284332275 0.589572727680206 0.56941282749176 0.532990217208862 0.530660510063171 0.511140465736389 0.490017294883728 0.455249667167664 0.455320209264755 0.456481695175171 0.508488059043884 0.491811037063599 0.51202404499054 0.517506659030914 0.535087585449219 0.54926598072052 0.549288511276245 0.565610885620117 0.519247829914093 0.530279517173767 0.55518513917923 0.562741458415985 0.572307467460632 0.572384893894196 0.53617000579834 0.51746529340744 0.569140493869781 0.613132417201996 0.648259520530701 0.72213476896286 0.721608519554138 0.712748110294342 0.697293817996979 0.647447645664215 0.629744589328766 0.662780940532684 0.687623620033264 0.712095141410828 0.715383052825928 0.713499069213867 0.698134005069733 0.704846143722534 0.678711712360382
0.463509500026703 0.503366589546204 0.510028719902039 0.552023351192474 0.579830765724182 0.588042378425598 0.589804351329803 0.608731985092163 0.619218409061432 0.588324189186096 0.550973474979401 0.559508621692657 0.54240745306015 0.505615055561066 0.484410226345062 0.442164748907089 0.472816288471222 0.512132704257965 0.546206831932068 0.511296689510345 0.516875267028809 0.515773952007294 0.514106154441833 0.527887582778931 0.54443883895874 0.513506889343262 0.529447495937347 0.565589666366577 0.5743408203125 0.556423008441925 0.536186218261719 0.562745690345764 0.558690071105957 0.57585734128952 0.578933894634247 0.641318023204803 0.659126937389374 0.660870134830475 0.678934395313263 0.712378025054932 0.644626140594482 0.677304744720459 0.70223993062973 0.695687115192413 0.672980308532715 0.699931085109711 0.680534839630127 0.645306587219238 0.661527395248413 0.642915546894073
0.531796872615814 0.543337941169739 0.53295224905014 0.58023601770401 0.599646210670471 0.61561393737793 0.618718326091766 0.617386102676392 0.617386102676392 0.617542862892151 0.597068846225739 0.563428103923798 0.542731702327728 0.504040718078613 0.446816861629486 0.45297646522522 0.493887066841125 0.530274033546448 0.514196157455444 0.547909617424011 0.499258697032928 0.530603051185608 0.528161108493805 0.524291157722473 0.537714958190918 0.521314799785614 0.551909267902374 0.577492237091064 0.601036012172699 0.583067417144775 0.547028601169586 0.54450911283493 0.560789704322815 0.570052623748779 0.585718333721161 0.619832634925842 0.640076041221619 0.64136266708374 0.642921090126038 0.641840994358063 0.606525242328644 0.619595229625702 0.644872426986694 0.663572430610657 0.673770427703857 0.682230293750763 0.667512238025665 0.677609026432037 0.665455520153046 0.647270262241364
0.530238389968872 0.558657824993134 0.535946488380432 0.556627869606018 0.588314771652222 0.604557931423187 0.621740758419037 0.618008494377136 0.617538332939148 0.632238626480103 0.611826717853546 0.562596023082733 0.540839433670044 0.505540430545807 0.474065393209457 0.473201304674149 0.477074384689331 0.511246383190155 0.529713451862335 0.545633375644684 0.545022249221802 0.494724541902542 0.491545855998993 0.516645193099976 0.543460667133331 0.526341140270233 0.527940988540649 0.587475776672363 0.569762766361237 0.575487971305847 0.557107985019684 0.535656571388245 0.532303392887115 0.549240529537201 0.58572119474411 0.621552646160126 0.606849074363708 0.639555215835571 0.59655088186264 0.60747230052948 0.60988837480545 0.619722068309784 0.594706356525421 0.603020071983337 0.629314363002777 0.625844836235046 0.61318963766098 0.634356260299683 0.610676825046539 0.598724782466888
0.528672754764557 0.541526317596436 0.573814868927002 0.586927652359009 0.575003504753113 0.609842717647552 0.62252014875412 0.619988620281219 0.61667412519455 0.614144086837769 0.592376053333282 0.575877726078033 0.522786855697632 0.506344795227051 0.471870690584183 0.469145476818085 0.487141847610474 0.47924667596817 0.493707925081253 0.527666449546814 0.542956233024597 0.524724185466766 0.534921824932098 0.528560996055603 0.532621026039124 0.536202609539032 0.551859676837921 0.53417694568634 0.594258248806 0.57455986738205 0.556601107120514 0.535808980464935 0.569544553756714 0.513941586017609 0.548847436904907 0.59223747253418 0.609968423843384 0.592028498649597 0.571448564529419 0.588935196399689 0.567528486251831 0.577707946300507 0.585547566413879 0.613281965255737 0.625911712646484 0.61173951625824 0.612341523170471 0.581599652767181 0.572044491767883 0.59204763174057
