data/climate_estimation/maxent_output/Lilium_superbum.asc
NCOLS 264 
NROWS 157 
XLLCORNER -91.6666666666667 
YLLCORNER 30.25 
CELLSIZE 0.0833333333333333 
NODATA_value -3.4e+38 
[rows 21 to 41 of 157, columns 144 to 191 of 264]
0.486916124820709 0.519837737083435 0.476671636104584 0.517022728919983 0.523858666419983 0.513297617435455 0.55270117521286 0.561793148517609 0.56431120634079 0.558615684509277 0.564484059810638 0.582599401473999 0.575963079929352 0.555188357830048 0.512593865394592 0.55621325969696 0.528292953968048 0.520361542701721 0.45692253112793 0.475773483514786 0.459072768688202 0.448825895786285 0.453389018774033 0.42752680182457 0.410117477178574 0.374662101268768 0.307602256536484 0.27138152718544 0.213965982198715 0.193735554814339 0.151564195752144 0.121835149824619 0.0827467441558838 0.103949144482613 0.103842176496983 0.058636263012886 0.0522122494876385 0.0755592361092567 0.113131076097488 0.161837577819824 0.251661211252213 0.291863530874252 0.293621569871902 0.34309658408165 0.321941137313843 0.384531736373901 0.438493669033051 0.486476421356201
0.482471585273743 0.488449424505234 0.482542663812637 0.522748470306396 0.520541906356812 0.523380875587463 0.558277428150177 0.575660586357117 0.577060878276825 0.588394820690155 0.5967036485672 0.602350831031799 0.575515449047089 0.588589668273926 0.543507754802704 0.552077174186707 0.518317818641663 0.528904259204865 0.502994537353516 0.513412535190582 0.459343373775482 0.4693783223629 0.462296813726425 0.445294678211212 0.437370836734772 0.400716841220856 0.383686155080795 0.302256226539612 0.284131616353989 0.231832027435303 0.211384624242783 0.17804853618145 0.137453451752663 0.10962537676096 0.0908775180578232 0.0813500136137009 0.104113712906837 0.137232154607773 0.183392882347107 0.247063532471657 0.300827592611313 0.356123834848404 0.391566932201385 0.418946743011475 0.404682874679565 0.367038816213608 0.458859711885452 0.517321228981018
0.496789515018463 0.496804177761078 0.489281058311462 0.52586156129837 0.535221219062805 0.538768589496613 0.581804215908051 0.583363771438599 0.582114219665527 0.591686904430389 0.587595701217651 0.5614053606987 0.571235358715057 0.569762766361237 0.590289115905762 0.563083469867706 0.531641066074371 0.525438666343689 0.507254242897034 0.514463782310486 0.517402350902557 0.510051429271698 0.507169842720032 0.501875460147858 0.498147040605545 0.478111237287521 0.443883985280991 0.378830850124359 0.356544345617294 0.300046861171722 0.294698446989059 0.242976158857346 0.200932875275612 0.162749379873276 0.159611582756042 0.157569289207458 0.157721221446991 0.180008977651596 0.255418390035629 0.310337722301483 0.344878375530243 0.383617877960205 0.433249771595001 0.437848925590515 0.439764589071274 0.440009564161301 0.397185862064362 0.410636991262436
0.497281104326248 0.495834827423096 0.493642121553421 0.536027014255524 0.542410671710968 0.539736986160278 0.569126665592194 0.569421172142029 0.5693638920784 0.557539463043213 0.566990077495575 0.58479768037796 0.567595243453979 0.592695772647858 0.567998230457306 0.565442621707916 0.538566887378693 0.50543487071991 0.518116116523743 0.509049892425537 0.518899083137512 0.506618440151215 0.506296515464783 0.498060196638107 0.487059205770493 0.497538298368454 0.484573572874069 0.461087167263031 0.429147988557816 0.379937082529068 0.354098349809647 0.320795923471451 0.309024780988693 0.268366873264313 0.233101293444633 0.196727767586708 0.214662864804268 0.328078895807266 0.33459335565567 0.349948823451996 0.409839063882828 0.42257359623909 0.459453195333481 0.444316446781158 0.431550949811935 0.387120693922043 0.387783288955688 0.547986924648285
0.498170495033264 0.494338721036911 0.534551084041595 0.539889574050903 0.53940737247467 0.579111278057098 0.578516840934753 0.578050434589386 0.56165611743927 0.559642553329468 0.581359088420868 0.569784283638 0.594174981117249 0.610742092132568 0.535794913768768 0.528577566146851 0.532195091247559 0.533923029899597 0.489104360342026 0.524590015411377 0.558220446109772 0.487072348594666 0.482005625963211 0.539850473403931 0.531282544136047 0.517236411571503 0.517579853534698 0.499601423740387 0.43125656247139 0.440332472324371 0.459447532892227 0.455151438713074 0.446762830018997 0.426128774881363 0.371110886335373 0.311524778604507 0.312424778938293 0.330758512020111 0.359042435884476 0.382814794778824 0.406346410512924 0.41747710108757 0.45158925652504 0.429892390966415 0.448027670383453 0.487883985042572 0.500323176383972 0.524648725986481
0.494258940219879 0.493120431900024 0.492903381586075 0.541373550891876 0.539770901203156 0.584650158882141 0.587335824966431 0.57658976316452 0.567270278930664 0.572318971157074 0.585712730884552 0.596715092658997 0.580686211585999 0.551531732082367 0.52309650182724 0.549994468688965 0.563470125198364 0.569033920764923 0.553747892379761 0.559869706630707 0.541308462619781 0.544168829917908 0.539766073226929 0.527571141719818 0.516281247138977 0.494275212287903 0.471025794744492 0.49323695898056 0.512196660041809 0.537192463874817 0.503799796104431 0.518015623092651 0.467792302370071 0.448444157838821 0.436057388782501 0.459196209907532 0.446120053529739 0.408081769943237 0.401617765426636 0.453016877174377 0.465731024742126 0.473554581403732 0.494799137115479 0.509765207767487 0.554500639438629 0.535304248332977 0.525794565677643 0.561058104038239
0.4906125664711 0.536147892475128 0.535025477409363 0.535329222679138 0.577922523021698 0.584026634693146 0.585588812828064 0.569146811962128 0.601726233959198 0.580382645130157 0.62992000579834 0.573089957237244 0.565912306308746 0.562464416027069 0.608249962329865 0.568028688430786 0.571553826332092 0.563343644142151 0.559901297092438 0.548379957675934 0.548335492610931 0.541755497455597 0.532030582427979 0.547804534435272 0.525742650032043 0.525325417518616 0.545646607875824 0.567065000534058 0.521578431129456 0.523343801498413 0.519939184188843 0.54439103603363 0.524367392063141 0.497371673583984 0.477201581001282 0.499077469110489 0.470152825117111 0.459776401519775 0.444681882858276 0.451986312866211 0.450835824012756 0.498667627573013 0.552572250366211 0.566652894020081 0.606577813625336 0.58445817232132 0.603516280651093 0.636055290699005
0.529718458652496 0.493122547864914 0.529475569725037 0.533083140850067 0.576283574104309 0.579203844070435 0.619829297065735 0.624717891216278 0.621944963932037 0.620727002620697 0.604771375656128 0.568627953529358 0.598548114299774 0.601906359195709 0.562536001205444 0.518678188323975 0.514999806880951 0.524066269397736 0.557670056819916 0.536068141460419 0.523301839828491 0.564631938934326 0.536954998970032 0.52911388874054 0.542695999145508 0.559005975723267 0.563089489936829 0.561992764472961 0.569987952709198 0.57216203212738 0.569691121578217 0.513702392578125 0.509447395801544 0.506786823272705 0.505210399627686 0.525113999843597 0.472743541002274 0.490506589412689 0.496102660894394 0.474565625190735 0.527301132678986 0.578944802284241 0.57863050699234 0.605013191699982 0.633038341999054 0.644249856472015 0.662483692169189 0.701753735542297
0.525211036205292 0.53196394443512 0.529582858085632 0.57563978433609 0.580245852470398 0.579448342323303 0.627086937427521 0.618556618690491 0.619083225727081 0.60633510351181 0.622297406196594 0.589761316776276 0.598019361495972 0.559600830078125 0.527423143386841 0.474759608507156 0.517973840236664 0.512241005897522 0.492527157068253 0.542178988456726 0.558071374893188 0.56347119808197 0.559435188770294 0.553314685821533 0.596503555774689 0.553563952445984 0.589868605136871 0.593246936798096 0.543817758560181 0.539702713489532 0.539887964725494 0.564912140369415 0.537804543972015 0.578141689300537 0.541923582553864 0.520374715328217 0.53216153383255 0.495688080787659 0.47634169459343 0.526752889156342 0.577587306499481 0.625929534435272 0.616528451442719 0.650790095329285 0.65986043214798 0.713296413421631 0.716897070407867 0.738479018211365
0.524895429611206 0.481047242879868 0.531091034412384 0.578299582004547 0.574998915195465 0.622034311294556 0.62334281206131 0.661202728748322 0.661997616291046 0.664645969867706 0.631622612476349 0.592320442199707 0.59705650806427 0.560470938682556 0.480604529380798 0.477804869413376 0.498295694589615 0.531745791435242 0.549289107322693 0.5581014752388 0.575645923614502 0.553287923336029 0.580538749694824 0.592190265655518 0.596177160739899 0.607089042663574 0.60631138086319 0.603886067867279 0.590889394283295 0.531340718269348 0.569261491298676 0.585568070411682 0.577143788337708 0.567118406295776 0.561024308204651 0.587664544582367 0.547973394393921 0.516183793544769 0.53412002325058 0.583731710910797 0.625523865222931 0.624580800533295 0.664112687110901 0.725161552429199 0.759523630142212 0.751246809959412 0.729682266712189 0.701645612716675
0.508859395980835 0.47609531879425 0.522323250770569 0.573478758335114 0.576704204082489 0.585585236549377 0.631978929042816 0.671323239803314 0.676399290561676 0.675948917865753 0.685699343681335 0.643210351467133 0.593232452869415 0.550943851470947 0.512160956859589 0.526561498641968 0.537564933300018 0.517399311065674 0.556073844432831 0.539213180541992 0.583707690238953 0.577405035495758 0.599880754947662 0.615280628204346 0.578831851482391 0.554122984409332 0.570390820503235 0.553723216056824 0.563592851161957 0.620816230773926 0.619905412197113 0.592905521392822 0.620706737041473 0.61159336566925 0.591718196868896 0.618058621883392 0.574891865253448 0.541794121265411 0.562636137008667 0.585094332695007 0.620007157325745 0.660539150238037 0.70523327589035 0.712336182594299 0.745659351348877 0.744847655296326 0.726873755455017 0.742855727672577
0.512596786022186 0.518276691436768 0.531543731689453 0.53550261259079 0.586202025413513 0.634451448917389 0.63843446969986 0.680958211421967 0.682103991508484 0.731414794921875 0.69215714931488 0.688167691230774 0.655206561088562 0.597696125507355 0.573501348495483 0.58658355474472 0.510290563106537 0.52911788225174 0.509054064750671 0.566533863544464 0.527204215526581 0.559513866901398 0.600491583347321 0.552655696868896 0.542234301567078 0.532374501228333 0.593182504177094 0.59810346364975 0.564304113388062 0.567385911941528 0.610010802745819 0.601173043251038 0.5874382853508 0.610068023204803 0.619465529918671 0.61123663187027 0.61865895986557 0.58879953622818 0.605431139469147 0.601083755493164 0.648029923439026 0.648598909378052 0.67474752664566 0.686817407608032 0.755147397518158 0.716476202011108 0.717689037322998 0.709426403045654
0.522757589817047 0.531173050403595 0.531332790851593 0.576863706111908 0.584873020648956 0.635798513889313 0.680814504623413 0.685137212276459 0.731558322906494 0.737286746501923 0.729200899600983 0.695131242275238 0.69734126329422 0.633749604225159 0.632338166236877 0.539831817150116 0.564703047275543 0.537136614322662 0.522814273834229 0.49482050538063 0.505734741687775 0.550682783126831 0.599338889122009 0.564479947090149 0.539967834949493 0.616683423519135 0.55764377117157 0.528091371059418 0.570771932601929 0.599301993846893 0.579606771469116 0.598900198936462 0.593475878238678 0.5807244181633 0.635459661483765 0.635394275188446 0.629640936851501 0.62459534406662 0.615330696105957 0.616792440414429 0.646949768066406 0.69820499420166 0.703494310379028 0.684007048606873 0.709453761577606 0.704904615879059 0.703972041606903 0.694504499435425
0.518827080726624 0.530245721340179 0.570330560207367 0.578291714191437 0.619643867015839 0.637962639331818 0.689709305763245 0.727622926235199 0.734003245830536 0.787446022033691 0.787472605705261 0.753791630268097 0.70613431930542 0.669801294803619 0.596815228462219 0.540701866149902 0.519030034542084 0.51689201593399 0.534304678440094 0.510093867778778 0.533465981483459 0.580174744129181 0.533255517482758 0.600317537784576 0.614477753639221 0.548391699790955 0.578777492046356 0.63716447353363 0.597015023231506 0.569758534431458 0.61198490858078 0.581506311893463 0.552913784980774 0.601403594017029 0.621648132801056 0.64935714006424 0.650110185146332 0.606770157814026 0.584034979343414 0.589337944984436 0.641029715538025 0.65006023645401 0.647117733955383 0.694838464260101 0.683407425880432 0.69033294916153 0.71251380443573 0.739907026290894
0.553980827331543 0.574264347553253 0.573034703731537 0.580819427967072 0.628973305225372 0.695087373256683 0.676460087299347 0.736773669719696 0.784367263317108 0.78003466129303 0.791064977645874 0.749452412128448 0.720079779624939 0.714803814888 0.557388663291931 0.546956121921539 0.501277923583984 0.52000617980957 0.507297337055206 0.554468810558319 0.567191183567047 0.503760099411011 0.610329210758209 0.646926403045654 0.586760759353638 0.648223876953125 0.602220237255096 0.575490176677704 0.617388486862183 0.620093941688538 0.608132302761078 0.625693142414093 0.596750855445862 0.616357326507568 0.622395932674408 0.572799205780029 0.569538652896881 0.572064161300659 0.565415978431702 0.579910397529602 0.591270327568054 0.633898913860321 0.640826761722565 0.678909420967102 0.667560398578644 0.727541744709015 0.690791726112366 0.716769397258759
0.558015048503876 0.614605724811554 0.630060851573944 0.628676295280457 0.699017465114594 0.685581564903259 0.73919939994812 0.751952230930328 0.730507075786591 0.787533521652222 0.784378945827484 0.760878026485443 0.762686729431152 0.726718604564667 0.587066948413849 0.512930810451508 0.493401914834976 0.501185059547424 0.559564113616943 0.554977715015411 0.609431385993958 0.521082878112793 0.613263845443726 0.601314544677734 0.684062898159027 0.616551399230957 0.679436445236206 0.676527321338654 0.624358713626862 0.635127007961273 0.610530078411102 0.599058449268341 0.565640270709991 0.513474583625793 0.534968256950378 0.5439612865448 0.547229826450348 0.572949707508087 0.56208872795105 0.597035944461823 0.603511869907379 0.666989743709564 0.672876000404358 0.704382598400116 0.691448986530304 0.681957960128784 0.672311961650848 0.683964550495148
0.5964195728302 0.605842590332031 0.636838436126709 0.706045389175415 0.693477749824524 0.697006106376648 0.737633109092712 0.737906992435455 0.74603271484375 0.780093371868134 0.775223553180695 0.739993631839752 0.720623254776001 0.59953373670578 0.595201194286346 0.538452625274658 0.520237565040588 0.535793483257294 0.624701678752899 0.579593658447266 0.56098872423172 0.573196828365326 0.59664660692215 0.675582528114319 0.725107610225677 0.685914695262909 0.535239219665527 0.532131671905518 0.569791197776794 0.562616944313049 0.55901038646698 0.573669135570526 0.564623951911926 0.541852056980133 0.501259922981262 0.508933067321777 0.538562893867493 0.562576293945312 0.577398061752319 0.587640464305878 0.591126441955566 0.588350534439087 0.643968760967255 0.663265347480774 0.725468873977661 0.719640970230103 0.725286543369293 0.705266892910004
0.628799140453339 0.636408269405365 0.715269684791565 0.71174168586731 0.748284041881561 0.68594765663147 0.714549124240875 0.724650084972382 0.723459482192993 0.750825166702271 0.749538362026215 0.770508110523224 0.620242834091187 0.551923334598541 0.581653892993927 0.544424653053284 0.481964468955994 0.557780563831329 0.571827948093414 0.530051171779633 0.544103264808655 0.623962998390198 0.631704330444336 0.679407715797424 0.608263313770294 0.550254881381989 0.571329534053802 0.577584028244019 0.601875483989716 0.64239501953125 0.643953382968903 0.610243797302246 0.611570417881012 0.577939212322235 0.537531673908234 0.497169017791748 0.56849879026413 0.540037393569946 0.560763418674469 0.537924706935883 0.582028865814209 0.58575040102005 0.64000803232193 0.661216974258423 0.726384162902832 0.741529643535614 0.733562529087067 0.772391080856323
0.627811372280121 0.71802818775177 0.725571990013123 0.722266793251038 0.695809483528137 0.720584630966187 0.716733038425446 0.702628374099731 0.738791108131409 0.739168763160706 0.735401093959808 0.686084747314453 0.560710430145264 0.57475757598877 0.517725110054016 0.51089870929718 0.489072442054749 0.5446497797966 0.597002267837524 0.534241616725922 0.548241972923279 0.623770475387573 0.669194877147675 0.615336239337921 0.57906299829483 0.574757277965546 0.653890192508698 0.764203667640686 0.734389424324036 0.704645216464996 0.650266766548157 0.595435619354248 0.571249842643738 0.572019338607788 0.554452955722809 0.556370496749878 0.557196795940399 0.529915511608124 0.556975781917572 0.57037490606308 0.580912709236145 0.592045962810516 0.642918229103088 0.672444999217987 0.728595793247223 0.743611812591553 0.733604848384857 0.758542895317078
0.673722922801971 0.737040936946869 0.729663789272308 0.728802800178528 0.739780187606812 0.736581861972809 0.719275295734406 0.686059594154358 0.733914077281952 0.728589951992035 0.717341482639313 0.657548189163208 0.632164716720581 0.571618556976318 0.532363831996918 0.517090260982513 0.513115406036377 0.588405787944794 0.553461134433746 0.563501834869385 0.668186247348785 0.652308762073517 0.585778594017029 0.590709209442139 0.60567182302475 0.708694577217102 0.802210807800293 0.788441836833954 0.71081155538559 0.653325438499451 0.622633099555969 0.595476090908051 0.575299561023712 0.576633989810944 0.590071201324463 0.596844971179962 0.660188436508179 0.618331491947174 0.579181551933289 0.554012477397919 0.576295435428619 0.635062217712402 0.673844039440155 0.6789391040802 0.740082502365112 0.735242545604706 0.722905874252319 0.767636120319366
0.728869318962097 0.732871472835541 0.737946093082428 0.75025737285614 0.72970187664032 0.735221683979034 0.697620630264282 0.694419026374817 0.695094347000122 0.734348475933075 0.710625171661377 0.664813458919525 0.626020610332489 0.64751809835434 0.52097874879837 0.518111646175385 0.535448729991913 0.574470937252045 0.517825841903687 0.561305224895477 0.618675887584686 0.549680948257446 0.544833421707153 0.581835746765137 0.637452960014343 0.732317507266998 0.797912418842316 0.742531836032867 0.666646718978882 0.636943578720093 0.635454595088959 0.603998363018036 0.647282898426056 0.630165815353394 0.668553173542023 0.713314294815063 0.743240773677826 0.69682365655899 0.637389719486237 0.60594254732132 0.661744892597198 0.667845189571381 0.674545466899872 0.719150900840759 0.726096153259277 0.736844658851624 0.765709161758423 0.777507841587067
