data/climate_estimation/maxent_output/Lilium_leucanthum.asc
NCOLS 82 
NROWS 90 
XLLCORNER 103.166666666667 
YLLCORNER 27.3333333333333 
CELLSIZE 0.0833333333333333 
NODATA_value -3.4e+38 
[rows 0 to 19 of 90, columns 0 to 43 of 82]
0.145312651991844 0.122447341680527 0.0875862464308739 0.111102290451527 0.187615573406219 0.28036692738533 0.362912863492966 0.541128933429718 0.275946289300919 0.206446126103401 0.205809250473976 0.343897849321365 0.452539920806885 0.450037717819214 0.475226432085037 0.629798352718353 0.687654197216034 0.678036510944366 0.737356781959534 0.764931380748749 0.643331944942474 0.730704784393311 0.777773320674896 0.752373993396759 0.729102790355682 0.748948991298676 0.742156624794006 0.691603600978851 0.700038254261017 0.731466889381409 0.726953148841858 0.715480864048004 0.690140426158905 0.666042923927307 0.720043540000916 0.720556378364563 0.680985927581787 0.671847522258759 0.627150118350983 0.595454216003418 0.540309250354767 0.625162541866302 0.694409430027008 0.780443370342255
0.242048501968384 0.277571558952332 0.287822723388672 0.248830243945122 0.250790059566498 0.276109904050827 0.329666346311569 0.487990438938141 0.52527129650116 0.371490061283112 0.262065201997757 0.302591800689697 0.340438842773438 0.455806374549866 0.618405759334564 0.676086366176605 0.717175364494324 0.708406209945679 0.786161184310913 0.718957602977753 0.78465062379837 0.812637865543365 0.79724645614624 0.773375928401947 0.754385828971863 0.766054928302765 0.77468079328537 0.773365139961243 0.766715407371521 0.766178488731384 0.761847138404846 0.74447101354599 0.714340925216675 0.723846852779388 0.711102962493896 0.699045360088348 0.717456758022308 0.715364277362823 0.680088818073273 0.672448039054871 0.59017014503479 0.561338841915131 0.677962839603424 0.779757380485535
0.295526057481766 0.330763399600983 0.398726582527161 0.399978756904602 0.392861127853394 0.4051174223423 0.311959981918335 0.37910258769989 0.480455309152603 0.659392297267914 0.437522768974304 0.30864804983139 0.313473463058472 0.557969391345978 0.57402229309082 0.611409544944763 0.698928117752075 0.774200975894928 0.772675275802612 0.726196944713593 0.738135457038879 0.719105064868927 0.762576222419739 0.565629959106445 0.627428591251373 0.724044680595398 0.773619055747986 0.785007774829865 0.768289387226105 0.774998128414154 0.755016088485718 0.754761517047882 0.744071543216705 0.748317360877991 0.734730303287506 0.699454426765442 0.69681304693222 0.629200458526611 0.691239476203918 0.747915327548981 0.708247303962708 0.689973056316376 0.614266455173492 0.765034079551697
0.168770506978035 0.217384651303291 0.258796960115433 0.308816015720367 0.386398643255234 0.460769951343536 0.485461473464966 0.45289671421051 0.416042268276215 0.504753291606903 0.703324437141418 0.556559443473816 0.353972762823105 0.455754727125168 0.559433400630951 0.536627888679504 0.562564134597778 0.62554943561554 0.529009640216827 0.577884197235107 0.581784069538116 0.695341050624847 0.648261070251465 0.575033009052277 0.535821199417114 0.679207444190979 0.77811062335968 0.804682552814484 0.809234082698822 0.787173509597778 0.781229257583618 0.777326941490173 0.768652081489563 0.773596584796906 0.785028636455536 0.78782331943512 0.794591426849365 0.769011378288269 0.790950238704681 0.807286381721497 0.793770313262939 0.78267115354538 0.812701106071472 0.816750228404999
0.124351851642132 0.172042220830917 0.172166600823402 0.156803876161575 0.243960946798325 0.264501631259918 0.334775328636169 0.504572808742523 0.659455180168152 0.699699938297272 0.711068511009216 0.567839443683624 0.501578867435455 0.372326910495758 0.466365993022919 0.581643402576447 0.55586713552475 0.44377464056015 0.441147446632385 0.532770097255707 0.683616757392883 0.698280036449432 0.691831052303314 0.650951862335205 0.74086594581604 0.736289083957672 0.785638928413391 0.802920877933502 0.774791717529297 0.791778802871704 0.797768831253052 0.785845637321472 0.799575924873352 0.800148725509644 0.804298222064972 0.775042772293091 0.745805025100708 0.784906685352325 0.780628323554993 0.798470556735992 0.832934379577637 0.841557443141937 0.837571501731873 0.857210397720337
0.0689514726400375 0.124678164720535 0.119305767118931 0.0834314301609993 0.221936360001564 0.295988738536835 0.192481487989426 0.294097006320953 0.453938722610474 0.652018070220947 0.723954916000366 0.562354803085327 0.421328097581863 0.436720848083496 0.544102132320404 0.554048717021942 0.527542412281036 0.399606287479401 0.510157406330109 0.586238026618958 0.729740977287292 0.774281084537506 0.800016403198242 0.811198234558105 0.778715014457703 0.799778878688812 0.814483284950256 0.831566154956818 0.812023222446442 0.791900634765625 0.815223932266235 0.786170482635498 0.774842917919159 0.793332815170288 0.797578155994415 0.783000111579895 0.689788520336151 0.69493567943573 0.741816878318787 0.726736664772034 0.81358015537262 0.864337980747223 0.867681443691254 0.850536406040192
0.0359719060361385 0.0411785542964935 0.0469960421323776 0.0905548557639122 0.130073457956314 0.169132307171822 0.150655522942543 0.260081022977829 0.259658604860306 0.473799109458923 0.665521025657654 0.685975730419159 0.705094933509827 0.741180658340454 0.657355546951294 0.497219264507294 0.536228001117706 0.438018769025803 0.437313199043274 0.597998440265656 0.68570613861084 0.779827296733856 0.840876340866089 0.863534152507782 0.853955864906311 0.854715466499329 0.849485099315643 0.857273995876312 0.859636306762695 0.835667848587036 0.815892994403839 0.822769999504089 0.822262704372406 0.816978752613068 0.79540741443634 0.807229042053223 0.800828993320465 0.782584130764008 0.812910377979279 0.763591408729553 0.745421886444092 0.802605748176575 0.806618213653564 0.814406931400299
0.209573775529861 0.15428201854229 0.0347645059227943 0.0281995367258787 0.0561741143465042 0.0632082000374794 0.0920294299721718 0.36482709646225 0.568628787994385 0.28588929772377 0.461608022451401 0.535044133663177 0.757492005825043 0.81140673160553 0.702764272689819 0.351000308990479 0.301697701215744 0.388899624347687 0.40834778547287 0.617021679878235 0.828371345996857 0.85054337978363 0.864045023918152 0.878278136253357 0.882995247840881 0.880701720714569 0.877501487731934 0.868811249732971 0.850316882133484 0.845090925693512 0.834576070308685 0.831444084644318 0.842822551727295 0.85269170999527 0.859458386898041 0.849262833595276 0.843761622905731 0.797094583511353 0.838952958583832 0.791995227336884 0.650524258613586 0.797324359416962 0.827268362045288 0.858143448829651
0.445538610219955 0.266367107629776 0.180748209357262 0.318208426237106 0.208444461226463 0.11113103479147 0.192202180624008 0.224440976977348 0.625453352928162 0.501214623451233 0.343052178621292 0.651142179965973 0.77933394908905 0.838026821613312 0.843850672245026 0.72014045715332 0.565708041191101 0.706868648529053 0.668976485729218 0.698216021060944 0.782772243022919 0.873240888118744 0.902986109256744 0.901242733001709 0.871504306793213 0.887216627597809 0.878323674201965 0.875236093997955 0.869029760360718 0.865425765514374 0.863896369934082 0.857644617557526 0.863730490207672 0.864216506481171 0.868173718452454 0.883970260620117 0.85230165719986 0.842299342155457 0.865030944347382 0.830432772636414 0.848682045936584 0.865023016929626 0.86711710691452 0.855589509010315
0.436235874891281 0.521765649318695 0.553563594818115 0.50747287273407 0.456842124462128 0.383257269859314 0.419556677341461 0.663317561149597 0.826833128929138 0.618128657341003 0.324535429477692 0.592412114143372 0.742263734340668 0.865858316421509 0.914193749427795 0.877175450325012 0.825024306774139 0.826175510883331 0.749687850475311 0.802489221096039 0.782031834125519 0.882441520690918 0.909744799137115 0.90804398059845 0.891641974449158 0.902969121932983 0.892541885375977 0.867994546890259 0.888855338096619 0.891969203948975 0.892334342002869 0.886629104614258 0.888615846633911 0.895915329456329 0.898617565631866 0.8997403383255 0.902617335319519 0.877428114414215 0.88659679889679 0.877353370189667 0.890843510627747 0.887388408184052 0.891836047172546 0.866341769695282
0.141459777951241 0.248824343085289 0.282094955444336 0.670868515968323 0.719046235084534 0.777905941009521 0.828205227851868 0.834869086742401 0.814233005046844 0.872770547866821 0.806272327899933 0.393468171358109 0.355668842792511 0.67775946855545 0.842986881732941 0.90363734960556 0.897498071193695 0.895274519920349 0.8973588347435 0.873680770397186 0.867796719074249 0.898402750492096 0.916414678096771 0.906282663345337 0.908014297485352 0.911000967025757 0.879043102264404 0.868407368659973 0.891771256923676 0.901959300041199 0.90893679857254 0.908268511295319 0.913275182247162 0.914046168327332 0.911907255649567 0.917018413543701 0.920081913471222 0.909662067890167 0.906969487667084 0.910843908786774 0.915759384632111 0.918176710605621 0.916906833648682 0.900450170040131
0.20367331802845 0.307024449110031 0.566077530384064 0.513009667396545 0.197712630033493 0.312924385070801 0.470790803432465 0.708304345607758 0.458229154348373 0.80994325876236 0.92228639125824 0.877583205699921 0.854952573776245 0.374377220869064 0.492440283298492 0.758494317531586 0.917091608047485 0.861261188983917 0.91699743270874 0.923530459403992 0.925535917282104 0.912370979785919 0.926130652427673 0.911080658435822 0.918941497802734 0.910807013511658 0.917880356311798 0.897767543792725 0.915978074073792 0.921608567237854 0.921351134777069 0.922604382038116 0.922117650508881 0.926839292049408 0.927025198936462 0.924713790416718 0.925415694713593 0.918221354484558 0.919654130935669 0.924427568912506 0.91888827085495 0.891711235046387 0.893469154834747 0.880489766597748
0.0954126045107841 0.179641276597977 0.392807960510254 0.139245122671127 0.200116008520126 0.357604533433914 0.432120233774185 0.397512793540955 0.550124883651733 0.386690348386765 0.655499577522278 0.734798312187195 0.907179534435272 0.935944437980652 0.914833307266235 0.767415463924408 0.924931049346924 0.725067436695099 0.808004200458527 0.920138776302338 0.9300936460495 0.933837056159973 0.935499012470245 0.929217576980591 0.93059515953064 0.929738879203796 0.933002293109894 0.931635797023773 0.923597037792206 0.936863243579865 0.931091606616974 0.92541241645813 0.926024079322815 0.926011979579926 0.929964423179626 0.930879771709442 0.934980869293213 0.926862001419067 0.93434065580368 0.934887230396271 0.936675608158112 0.936265230178833 0.919081151485443 0.916659414768219
0.241133809089661 0.303657025098801 0.490171790122986 0.12723308801651 0.0895724594593048 0.0897846296429634 0.121573872864246 0.260046690702438 0.287827283143997 0.240697994828224 0.250684857368469 0.555154800415039 0.772966623306274 0.782939910888672 0.909842967987061 0.947491705417633 0.926940858364105 0.789396703243256 0.79708057641983 0.856062889099121 0.778100311756134 0.926937282085419 0.937485694885254 0.939899206161499 0.941087543964386 0.937890589237213 0.934817969799042 0.932157099246979 0.94217711687088 0.941604435443878 0.9453244805336 0.939497828483582 0.941719591617584 0.946026384830475 0.945797741413116 0.944324135780334 0.942288637161255 0.942475736141205 0.930594563484192 0.911170184612274 0.903985500335693 0.921404361724854 0.892143785953522 0.92033576965332
0.25593176484108 0.25742495059967 0.374902546405792 0.16587670147419 0.0968577787280083 0.227780535817146 0.506409645080566 0.521196901798248 0.652965009212494 0.192832633852959 0.330121397972107 0.255754023790359 0.629442453384399 0.863568603992462 0.865099668502808 0.912412941455841 0.950540006160736 0.940082252025604 0.909660279750824 0.79953944683075 0.833373546600342 0.897950351238251 0.907480716705322 0.920440077781677 0.944289803504944 0.94618159532547 0.946670413017273 0.934388339519501 0.945560991764069 0.941967248916626 0.944667220115662 0.945221126079559 0.947116494178772 0.951664745807648 0.948494613170624 0.948033452033997 0.951487600803375 0.940850019454956 0.889264404773712 0.904188871383667 0.921023726463318 0.91227799654007 0.901741027832031 0.919128835201263
0.23404498398304 0.193423494696617 0.261839926242828 0.114905148744583 0.289467722177505 0.341186761856079 0.34607145190239 0.222897529602051 0.648470282554626 0.806452393531799 0.7629354596138 0.282592296600342 0.406448781490326 0.526906371116638 0.859911739826202 0.911292552947998 0.901951134204865 0.945959985256195 0.945671498775482 0.938362896442413 0.890560150146484 0.903870344161987 0.949641048908234 0.947408378124237 0.930676221847534 0.94241064786911 0.951901376247406 0.946425974369049 0.952697455883026 0.948750436306 0.9471435546875 0.945081174373627 0.948567569255829 0.952633559703827 0.95360404253006 0.954981684684753 0.96020770072937 0.957564353942871 0.933314979076385 0.927081823348999 0.942862629890442 0.945975065231323 0.924838304519653 0.878821134567261
0.137544885277748 0.122373722493649 0.262389272451401 0.148256093263626 0.133110612630844 0.234755992889404 0.224022626876831 0.177742227911949 0.309687554836273 0.396104365587234 0.88116329908371 0.538831412792206 0.341176956892014 0.738567769527435 0.76764053106308 0.734236180782318 0.944220066070557 0.943331241607666 0.950348556041718 0.948765516281128 0.948010981082916 0.949362516403198 0.955172896385193 0.955891489982605 0.948883771896362 0.958350360393524 0.957641124725342 0.960826218128204 0.956437468528748 0.953593134880066 0.955824017524719 0.957132339477539 0.956501126289368 0.953787863254547 0.955680429935455 0.963189899921417 0.964099943637848 0.968680679798126 0.971688032150269 0.9563028216362 0.964991331100464 0.961432218551636 0.91254073381424 0.845212340354919
0.132797166705132 0.139702826738358 0.243860766291618 0.0970426052808762 0.116289168596268 0.227630019187927 0.347975492477417 0.231289342045784 0.21022841334343 0.449171483516693 0.858941435813904 0.752188205718994 0.631804585456848 0.612814843654633 0.874049425125122 0.695948541164398 0.80271452665329 0.942425191402435 0.948239505290985 0.957942962646484 0.953910171985626 0.939307987689972 0.946434140205383 0.961247563362122 0.942996621131897 0.959025323390961 0.95931476354599 0.963695287704468 0.964081823825836 0.963913917541504 0.964998543262482 0.962130010128021 0.96466463804245 0.962041318416595 0.958279430866241 0.957780301570892 0.966995418071747 0.974311351776123 0.973980665206909 0.976886928081512 0.970165550708771 0.967429399490356 0.968573391437531 0.918196439743042
0.152067944407463 0.102093979716301 0.197717145085335 0.109574802219868 0.111442379653454 0.295709431171417 0.301931619644165 0.802001118659973 0.781050384044647 0.872781693935394 0.518406689167023 0.902621507644653 0.945277690887451 0.777214169502258 0.940861284732819 0.850458979606628 0.678442418575287 0.882519364356995 0.84620612859726 0.863140940666199 0.922934710979462 0.924403965473175 0.966183543205261 0.94810152053833 0.965127408504486 0.956150233745575 0.966994524002075 0.966964542865753 0.967019975185394 0.969731986522675 0.971348881721497 0.974096417427063 0.975021064281464 0.973699986934662 0.972192227840424 0.968276798725128 0.973662257194519 0.975179433822632 0.975287020206451 0.980318486690521 0.978810667991638 0.979161322116852 0.978886604309082 0.965297937393188
0.163046598434448 0.119112476706505 0.181562945246696 0.0932290628552437 0.157472625374794 0.205211117863655 0.387716293334961 0.206944078207016 0.68876177072525 0.560130834579468 0.377772718667984 0.672493577003479 0.93747091293335 0.92292732000351 0.948615789413452 0.948421835899353 0.649402499198914 0.737893283367157 0.951104044914246 0.968412935733795 0.960736513137817 0.970802843570709 0.955611705780029 0.972254455089569 0.961283683776855 0.97048944234848 0.970525085926056 0.974105775356293 0.974005460739136 0.975912988185883 0.97818911075592 0.976852297782898 0.977519035339355 0.97414094209671 0.976115167140961 0.981390476226807 0.982881665229797 0.982452809810638 0.98194020986557 0.979100525379181 0.976128160953522 0.978454053401947 0.974919736385345 0.976003885269165
