data/climate_estimation/maxent_output/Lilium_longiflorum.asc
NCOLS 419 
NROWS 537 
XLLCORNER 106 
YLLCORNER -7.66666666666667 
CELLSIZE 0.0833333333333333 
NODATA_value -3.4e+38 
[rows 0 to 25 of 537, columns 236 to 294 of 419]
-3.4e+38 -3.4e+38 -3.4e+38 0.249254450201988 0.249107405543327 -3.4e+38 -3.4e+38 -3.4e+38 0.283505976200104 0.294716686010361 0.303741723299026 -3.4e+38 -3.4e+38 0.32192987203598 0.333985239267349 0.341678529977798 0.353657901287079 0.355237185955048 0.340589225292206 0.325679779052734 0.336737036705017 0.318226754665375 0.309757977724075 0.300601184368134 0.315244168043137 0.295317888259888 0.270427018404007 0.280263006687164 0.330229312181473 0.329439759254456 0.350279182195663 0.3291896879673 0.324262708425522 0.364714324474335 0.404060900211334 0.418133914470673 0.440657824277878 0.484655439853668 0.556229889392853 0.581940591335297 0.564413964748383 0.610347986221313 0.618813157081604 0.535061419010162 0.501776874065399 0.504790782928467 -3.4e+38 -3.4e+38 -3.4e+38 -3.4e+38 -3.4e+38 -3.4e+38 -3.4e+38 -3.4e+38 -3.4e+38 -3.4e+38 -3.4e+38 -3.4e+38 -3.4e+38
-3.4e+38 -3.4e+38 -3.4e+38 -3.4e+38 -3.4e+38 -3.4e+38 -3.4e+38 0.291925668716431 0.292369246482849 0.300703465938568 0.31331130862236 0.310345947742462 0.312950521707535 0.315004378557205 0.329987496137619 0.33512356877327 0.329285055398941 0.345152139663696 0.315160095691681 0.335040092468262 0.338136047124863 0.297329545021057 0.290749281644821 0.313200563192368 0.297060579061508 0.285978823900223 0.272555738687515 0.304618448019028 0.305382668972015 0.308906018733978 0.318192660808563 0.329971253871918 0.327672153711319 0.454860389232635 0.404235571622849 0.31104040145874 0.311030298471451 0.385286450386047 0.403164088726044 0.456427246332169 0.470616072416306 0.533600866794586 0.545411705970764 0.512392699718475 0.476331532001495 -3.4e+38 -3.4e+38 -3.4e+38 -3.4e+38 -3.4e+38 -3.4e+38 -3.4e+38 -3.4e+38 -3.4e+38 -3.4e+38 -3.4e+38 -3.4e+38 -3.4e+38 -3.4e+38
-3.4e+38 -3.4e+38 -3.4e+38 -3.4e+38 -3.4e+38 0.281783938407898 0.279420524835587 0.290772289037704 0.297708928585052 0.305328994989395 0.32173678278923 0.323949933052063 0.315639793872833 0.315751194953918 0.308542728424072 0.320265024900436 0.329714298248291 0.322317481040955 0.336112082004547 0.340555429458618 0.332947313785553 0.287654757499695 0.282551616430283 0.289411216974258 0.297981023788452 0.29366147518158 0.287021100521088 0.309348821640015 0.340786546468735 0.368884682655334 0.387719184160233 0.366733312606812 0.354244083166122 0.392210602760315 0.272312462329865 0.269347786903381 0.273370176553726 0.306334584951401 0.322840660810471 0.364945501089096 0.460051298141479 0.534884989261627 0.531283318996429 0.491946667432785 0.469208538532257 0.453410625457764 -3.4e+38 -3.4e+38 -3.4e+38 -3.4e+38 -3.4e+38 -3.4e+38 -3.4e+38 -3.4e+38 -3.4e+38 -3.4e+38 -3.4e+38 -3.4e+38 -3.4e+38
-3.4e+38 -3.4e+38 -3.4e+38 -3.4e+38 -3.4e+38 0.287058621644974 0.297914415597916 0.306362599134445 0.318014591932297 0.32447138428688 0.323699980974197 0.33004692196846 0.317079782485962 0.313226133584976 0.311306089162827 0.294325768947601 0.307316988706589 0.300095617771149 0.317163169384003 0.320066124200821 0.316515803337097 0.289576232433319 0.283723652362823 0.280159205198288 0.329990059137344 0.29942861199379 0.317819654941559 0.343345105648041 0.372683256864548 0.36878228187561 0.396004348993301 0.382689714431763 0.403887063264847 0.333720445632935 0.253546178340912 0.248956203460693 0.262725740671158 0.291906267404556 0.317484259605408 0.365677207708359 0.418646514415741 0.46415051817894 0.469287693500519 0.501779973506927 0.462958633899689 0.442391991615295 -3.4e+38 -3.4e+38 -3.4e+38 -3.4e+38 -3.4e+38 -3.4e+38 -3.4e+38 -3.4e+38 -3.4e+38 -3.4e+38 -3.4e+38 -3.4e+38 -3.4e+38
-3.4e+38 -3.4e+38 -3.4e+38 -3.4e+38 0.282262355089188 0.293030738830566 0.300527095794678 0.297352284193039 0.311409801244736 0.315375834703445 0.324443310499191 0.347690582275391 0.317061334848404 0.319052636623383 0.319936156272888 0.327593326568604 0.333727955818176 0.319620370864868 0.32154655456543 0.309231609106064 0.289896696805954 0.272323340177536 0.272882789373398 0.330843597650528 0.329084813594818 0.3214330971241 0.366760045289993 0.383452594280243 0.379748940467834 0.321747958660126 0.332628548145294 0.312961637973785 0.306832760572433 0.246679738163948 0.230397552251816 0.256920486688614 0.258865982294083 0.252414494752884 0.268460154533386 0.31058856844902 0.344069570302963 0.367840498685837 0.448463529348373 0.488086551427841 0.435331344604492 0.420052736997604 -3.4e+38 -3.4e+38 -3.4e+38 -3.4e+38 -3.4e+38 -3.4e+38 -3.4e+38 -3.4e+38 -3.4e+38 -3.4e+38 -3.4e+38 -3.4e+38 -3.4e+38
-3.4e+38 -3.4e+38 -3.4e+38 -3.4e+38 -3.4e+38 -3.4e+38 0.306648343801498 0.305985659360886 0.314189583063126 0.33192378282547 0.322872489690781 0.34118178486824 0.323081225156784 0.336298525333405 0.340851306915283 0.360158115625381 0.370851904153824 0.333619892597198 0.327044099569321 0.297683358192444 0.273481398820877 0.280975013971329 0.311054170131683 0.345114976167679 0.341551601886749 0.358674764633179 0.366028100252151 0.384783059358597 0.318090677261353 0.316129237413406 0.275467813014984 0.245533064007759 0.234981924295425 0.232114598155022 0.232626929879189 0.245768591761589 0.226296216249466 0.241793856024742 0.245938941836357 0.278874427080154 0.299191325902939 0.336516052484512 0.402645349502563 0.389521926641464 0.42933377623558 0.416572660207748 -3.4e+38 -3.4e+38 -3.4e+38 -3.4e+38 -3.4e+38 -3.4e+38 -3.4e+38 -3.4e+38 -3.4e+38 -3.4e+38 -3.4e+38 -3.4e+38 -3.4e+38
-3.4e+38 -3.4e+38 -3.4e+38 -3.4e+38 -3.4e+38 -3.4e+38 -3.4e+38 0.317622482776642 0.325008034706116 0.331058412790298 0.329732447862625 0.335638761520386 0.34979572892189 0.340756237506866 0.352172076702118 0.345848977565765 0.35958668589592 0.332724094390869 0.331536591053009 0.296997517347336 0.298871785402298 0.309166222810745 0.313966363668442 0.35677844285965 0.332306772470474 0.368517100811005 0.402548253536224 0.360937386751175 0.325776100158691 0.278383672237396 0.253488689661026 0.239819154143333 0.225023403763771 0.214211449027061 0.215569734573364 0.211306065320969 0.208029791712761 0.213826447725296 0.223916366696358 0.254461616277695 0.262347459793091 0.296566069126129 0.393554776906967 0.387001037597656 0.366565436124802 0.3908651471138 -3.4e+38 -3.4e+38 -3.4e+38 -3.4e+38 -3.4e+38 -3.4e+38 -3.4e+38 -3.4e+38 -3.4e+38 -3.4e+38 -3.4e+38 -3.4e+38 -3.4e+38
-3.4e+38 -3.4e+38 -3.4e+38 -3.4e+38 -3.4e+38 -3.4e+38 -3.4e+38 0.314290404319763 0.321969330310822 0.333792835474014 0.330281883478165 0.3550765812397 0.353439211845398 0.358684122562408 0.388810575008392 0.365471184253693 0.351510137319565 0.329792678356171 0.338784068822861 0.333763360977173 0.321560472249985 0.314598172903061 0.326006770133972 0.350113153457642 0.340867727994919 0.328136265277863 0.350015789270401 0.349617809057236 0.314666002988815 0.277747541666031 0.243663743138313 0.232256233692169 0.216345235705376 0.227680623531342 0.239246055483818 0.205236852169037 0.210273802280426 0.238660678267479 0.224453568458557 0.263687193393707 0.260962247848511 0.32399594783783 0.349589347839355 0.350160092115402 0.358462125062943 0.371790915727615 -3.4e+38 -3.4e+38 -3.4e+38 -3.4e+38 -3.4e+38 -3.4e+38 -3.4e+38 -3.4e+38 -3.4e+38 -3.4e+38 -3.4e+38 -3.4e+38 -3.4e+38
-3.4e+38 -3.4e+38 -3.4e+38 -3.4e+38 -3.4e+38 -3.4e+38 -3.4e+38 -3.4e+38 0.33206969499588 0.320074111223221 0.331557750701904 0.365393370389938 0.380848169326782 0.380934178829193 0.381466776132584 0.370695531368256 0.362016916275024 0.357531934976578 0.39102178812027 0.366782605648041 0.325145959854126 0.347527503967285 0.331159114837646 0.340927213430405 0.345480471849442 0.334650099277496 0.356928735971451 0.331707090139389 0.301056116819382 0.265637338161469 0.26399952173233 0.217333644628525 0.204449817538261 0.193483293056488 0.200660035014153 0.199431642889977 0.206158176064491 0.223660439252853 0.280302137136459 0.270601511001587 0.276104778051376 0.294658303260803 0.353319704532623 0.331270068883896 0.333446472883224 0.366549134254456 -3.4e+38 -3.4e+38 -3.4e+38 -3.4e+38 -3.4e+38 -3.4e+38 -3.4e+38 -3.4e+38 -3.4e+38 -3.4e+38 -3.4e+38 -3.4e+38 -3.4e+38
-3.4e+38 -3.4e+38 -3.4e+38 -3.4e+38 -3.4e+38 -3.4e+38 -3.4e+38 0.32954353094101 0.333923727273941 -3.4e+38 0.340579360723495 0.37102273106575 0.404205679893494 0.393187969923019 0.388637751340866 0.391027629375458 0.394586563110352 0.375748366117477 0.379489868879318 0.380664139986038 0.354647934436798 0.370720952749252 0.358996450901031 0.346447825431824 0.345584034919739 0.335058033466339 0.362430661916733 0.352209866046906 0.325985550880432 0.286074012517929 0.268875777721405 0.235135078430176 0.229963973164558 0.202233165502548 0.18511788547039 0.185022816061974 0.195496827363968 0.220377191901207 0.271032124757767 0.274663120508194 0.299675732851028 0.321756929159164 0.344565868377686 0.374176979064941 0.322422206401825 -3.4e+38 -3.4e+38 -3.4e+38 -3.4e+38 -3.4e+38 -3.4e+38 -3.4e+38 -3.4e+38 -3.4e+38 -3.4e+38 -3.4e+38 -3.4e+38 -3.4e+38 -3.4e+38
-3.4e+38 -3.4e+38 -3.4e+38 0.302088707685471 0.316054850816727 0.317054867744446 -3.4e+38 -3.4e+38 -3.4e+38 -3.4e+38 0.358174115419388 0.374496340751648 0.394896894693375 0.389346897602081 0.400508105754852 0.40810152888298 0.385307759046555 0.381307542324066 0.37927833199501 0.399738639593124 0.384308695793152 0.392445236444473 0.40646556019783 0.384827107191086 0.345438599586487 0.333830952644348 0.338267028331757 0.349592983722687 0.328322917222977 0.259048879146576 0.23848968744278 0.207643613219261 0.197571158409119 0.201394230127335 0.19955550134182 0.199571803212166 0.191787496209145 0.241402000188828 0.284370213747025 0.346463412046432 0.327751100063324 0.326547473669052 0.363025069236755 0.331049382686615 0.30707523226738 -3.4e+38 -3.4e+38 -3.4e+38 -3.4e+38 -3.4e+38 -3.4e+38 -3.4e+38 -3.4e+38 -3.4e+38 -3.4e+38 -3.4e+38 -3.4e+38 -3.4e+38 -3.4e+38
-3.4e+38 -3.4e+38 -3.4e+38 0.319531083106995 -3.4e+38 -3.4e+38 -3.4e+38 -3.4e+38 -3.4e+38 0.364219516515732 0.37358632683754 0.384177088737488 0.390523731708527 0.386381596326828 0.404956489801407 0.399317115545273 0.387803673744202 0.394539833068848 0.407679498195648 0.422325938940048 0.424310117959976 0.400983393192291 0.376194030046463 0.386194080114365 0.358757346868515 0.388869524002075 0.390293806791306 0.394838839769363 0.308504641056061 0.249798029661179 0.243530780076981 0.245559468865395 0.205053493380547 0.199268147349358 0.200369298458099 0.210472673177719 0.212996378540993 0.2518610060215 0.264563083648682 0.292013108730316 0.312100440263748 0.287142813205719 0.296454191207886 0.291848987340927 0.295066475868225 0.305690139532089 -3.4e+38 -3.4e+38 -3.4e+38 -3.4e+38 -3.4e+38 -3.4e+38 -3.4e+38 -3.4e+38 -3.4e+38 -3.4e+38 -3.4e+38 -3.4e+38 -3.4e+38
-3.4e+38 -3.4e+38 -3.4e+38 -3.4e+38 -3.4e+38 -3.4e+38 -3.4e+38 -3.4e+38 -3.4e+38 0.368015706539154 0.3851498067379 0.378666639328003 0.379772663116455 0.389321476221085 0.401241630315781 0.399483531713486 0.417835593223572 0.422661691904068 0.40680718421936 0.426873326301575 0.443111538887024 0.420728772878647 0.397803843021393 0.383654296398163 0.396267175674438 0.433530211448669 0.501427948474884 0.432452112436295 0.313284993171692 0.270431309938431 0.295944362878799 0.268938422203064 0.209076911211014 0.244724497199059 0.267358243465424 0.289877742528915 0.329706758260727 0.225191742181778 0.207952380180359 0.225794970989227 0.242201343178749 0.301159918308258 0.266400963068008 0.280895411968231 0.292999148368835 0.304218143224716 0.300943553447723 -3.4e+38 -3.4e+38 -3.4e+38 -3.4e+38 -3.4e+38 -3.4e+38 -3.4e+38 -3.4e+38 -3.4e+38 -3.4e+38 -3.4e+38 -3.4e+38
-3.4e+38 -3.4e+38 -3.4e+38 -3.4e+38 -3.4e+38 -3.4e+38 -3.4e+38 -3.4e+38 -3.4e+38 -3.4e+38 0.395616233348846 0.411397159099579 0.392701148986816 0.406487196683884 0.398551493883133 0.400356084108353 0.408159047365189 0.404188990592957 0.423861533403397 0.43808189034462 0.498824179172516 0.446656376123428 0.417214721441269 0.427970051765442 0.454231053590775 0.477118611335754 0.460814446210861 0.364339232444763 0.361489862203598 0.352107346057892 0.271915912628174 0.229634627699852 0.224205657839775 0.207868918776512 0.210909187793732 0.222748801112175 0.275284647941589 0.235403433442116 0.208239495754242 0.220743417739868 0.256819665431976 0.28260537981987 0.281334668397903 0.301393300294876 0.308452516794205 0.313116043806076 0.307993978261948 -3.4e+38 -3.4e+38 -3.4e+38 -3.4e+38 -3.4e+38 -3.4e+38 -3.4e+38 -3.4e+38 -3.4e+38 -3.4e+38 -3.4e+38 -3.4e+38
-3.4e+38 -3.4e+38 -3.4e+38 -3.4e+38 -3.4e+38 -3.4e+38 -3.4e+38 -3.4e+38 0.375864624977112 -3.4e+38 -3.4e+38 0.409894913434982 0.411478072404861 0.418830513954163 0.411325812339783 0.410181224346161 0.411246746778488 0.416211128234863 0.425447314977646 0.459915965795517 0.500230133533478 0.44360426068306 0.447017431259155 0.475125223398209 0.527280330657959 0.568202972412109 0.497450619935989 0.475678026676178 0.459928959608078 0.376512289047241 0.293169021606445 0.258044987916946 0.218380138278008 0.212472230195999 0.213700652122498 0.200458407402039 0.213527947664261 0.215126678347588 0.234542861580849 0.271728157997131 0.287180036306381 0.293250948190689 0.288564682006836 0.325955539941788 0.388665437698364 0.341732203960419 0.314045935869217 -3.4e+38 -3.4e+38 -3.4e+38 -3.4e+38 -3.4e+38 -3.4e+38 -3.4e+38 -3.4e+38 -3.4e+38 -3.4e+38 -3.4e+38 -3.4e+38
-3.4e+38 -3.4e+38 -3.4e+38 -3.4e+38 -3.4e+38 -3.4e+38 -3.4e+38 -3.4e+38 0.392439275979996 0.401519417762756 -3.4e+38 0.433946043252945 0.427700906991959 0.419102549552917 0.415675640106201 0.424384415149689 0.441023707389832 0.4239481985569 0.453342109918594 0.467515528202057 0.478805154561996 0.466507792472839 0.467050939798355 0.518940329551697 0.606612682342529 0.489020079374313 0.446231663227081 0.462077856063843 0.533455908298492 0.486835926771164 0.288402557373047 0.266440361738205 0.240303471684456 0.233209416270256 0.273734092712402 0.295657813549042 0.263309568166733 0.251233845949173 0.259479582309723 0.327140659093857 0.358880490064621 0.338938921689987 0.313936948776245 0.333403319120407 0.390594959259033 0.33940178155899 0.322005152702332 -3.4e+38 -3.4e+38 -3.4e+38 -3.4e+38 -3.4e+38 -3.4e+38 -3.4e+38 -3.4e+38 -3.4e+38 -3.4e+38 -3.4e+38 -3.4e+38
-3.4e+38 -3.4e+38 -3.4e+38 -3.4e+38 -3.4e+38 -3.4e+38 -3.4e+38 -3.4e+38 -3.4e+38 0.394346863031387 0.434648036956787 0.453125774860382 0.428662121295929 0.424233317375183 0.420353680849075 0.43247663974762 0.47050616145134 0.455490350723267 0.467888087034225 0.456504464149475 0.476388096809387 0.545002639293671 0.484358012676239 0.518256604671478 0.561542809009552 0.544630289077759 0.406097888946533 0.398238807916641 0.436252504587173 0.369262903928757 0.306340664625168 0.265396744012833 0.27107760310173 0.268363505601883 0.409588843584061 0.327035576105118 0.292807251214981 0.322898000478745 0.312423527240753 0.330043196678162 0.405778080224991 0.385021060705185 0.34104785323143 0.365088820457458 0.421456962823868 0.354947477579117 -3.4e+38 -3.4e+38 -3.4e+38 -3.4e+38 -3.4e+38 -3.4e+38 -3.4e+38 -3.4e+38 -3.4e+38 -3.4e+38 -3.4e+38 -3.4e+38 -3.4e+38
-3.4e+38 -3.4e+38 -3.4e+38 -3.4e+38 -3.4e+38 0.352027207612991 -3.4e+38 0.377626895904541 -3.4e+38 0.417452603578568 0.433722317218781 0.439309060573578 0.424922347068787 0.431250482797623 0.427512735128403 0.436618566513062 0.459597259759903 0.462463617324829 0.467486947774887 0.454464554786682 0.475401699542999 0.553318381309509 0.533281445503235 0.587104618549347 0.540636003017426 0.43876251578331 0.443572878837585 0.421378821134567 0.390969038009644 0.358567893505096 0.313377439975739 0.303046047687531 0.280097484588623 0.274689584970474 0.324895560741425 0.293265402317047 0.343289285898209 0.326984763145447 0.361287474632263 0.469725847244263 0.494229584932327 0.392165809869766 0.382002949714661 0.376203447580338 0.392881542444229 0.375118374824524 -3.4e+38 -3.4e+38 -3.4e+38 -3.4e+38 -3.4e+38 -3.4e+38 -3.4e+38 -3.4e+38 -3.4e+38 -3.4e+38 -3.4e+38 -3.4e+38 -3.4e+38
-3.4e+38 -3.4e+38 -3.4e+38 -3.4e+38 -3.4e+38 -3.4e+38 -3.4e+38 0.376019060611725 -3.4e+38 0.407534241676331 0.420621305704117 0.424516886472702 0.428498834371567 0.425953775644302 0.457303196191788 0.483719944953918 0.490178912878036 0.491388946771622 0.486211150884628 0.47405081987381 0.462900638580322 0.515730142593384 0.511891782283783 0.522638618946075 0.475498378276825 0.402903527021408 0.468984544277191 0.468628317117691 0.38109877705574 0.323281139135361 0.340664595365524 0.330562502145767 0.303516060113907 0.293125092983246 0.371596217155457 0.342120766639709 0.33657443523407 0.33664545416832 0.386086761951447 0.531941175460815 0.558609127998352 0.365545094013214 0.375746756792068 0.365862727165222 0.384861707687378 0.397936403751373 -3.4e+38 -3.4e+38 -3.4e+38 -3.4e+38 -3.4e+38 -3.4e+38 -3.4e+38 -3.4e+38 -3.4e+38 -3.4e+38 -3.4e+38 -3.4e+38 -3.4e+38
-3.4e+38 -3.4e+38 -3.4e+38 -3.4e+38 -3.4e+38 -3.4e+38 -3.4e+38 -3.4e+38 -3.4e+38 0.399573594331741 0.418762743473053 0.427054703235626 0.431898146867752 0.469581037759781 0.506133735179901 0.4846530854702 0.503135502338409 0.486158221960068 0.484383881092072 0.489656090736389 0.48752024769783 0.498222470283508 0.550554275512695 0.568903148174286 0.53087842464447 0.453587800264359 0.419763207435608 0.509024560451508 0.42470109462738 0.385875165462494 0.39023545384407 0.368674278259277 0.342357248067856 0.328799813985825 0.368090271949768 0.343342423439026 0.368622481822968 0.342973589897156 0.423586010932922 0.489740371704102 0.465128302574158 0.470206558704376 0.425425887107849 0.396552413702011 0.398535579442978 0.393659025430679 -3.4e+38 -3.4e+38 -3.4e+38 -3.4e+38 -3.4e+38 -3.4e+38 -3.4e+38 -3.4e+38 -3.4e+38 -3.4e+38 -3.4e+38 -3.4e+38 -3.4e+38
-3.4e+38 -3.4e+38 -3.4e+38 -3.4e+38 0.339851319789886 -3.4e+38 -3.4e+38 -3.4e+38 0.393514692783356 0.388711422681808 0.399427980184555 0.417153269052505 0.462088257074356 0.444232612848282 0.47522896528244 0.471425384283066 0.474334180355072 0.481793195009232 0.470161765813828 0.479997545480728 0.485160678625107 0.544871389865875 0.651367962360382 0.634963810443878 0.677260160446167 0.615790665149689 0.499201446771622 0.474176853895187 0.404072880744934 0.411467701196671 0.462267309427261 0.396635204553604 0.37454628944397 0.357337266206741 0.373744249343872 0.360379695892334 0.3605015873909 0.359577417373657 0.419077694416046 0.481309622526169 0.446853429079056 0.531286776065826 0.510040283203125 0.433283269405365 0.424564868211746 -3.4e+38 -3.4e+38 -3.4e+38 -3.4e+38 -3.4e+38 -3.4e+38 -3.4e+38 -3.4e+38 -3.4e+38 -3.4e+38 -3.4e+38 -3.4e+38 -3.4e+38 -3.4e+38
-3.4e+38 -3.4e+38 -3.4e+38 -3.4e+38 0.333016335964203 0.347920894622803 -3.4e+38 -3.4e+38 0.37676465511322 0.380652159452438 0.402152359485626 0.427626222372055 0.441243141889572 0.436290621757507 0.46982079744339 0.442840546369553 0.474204689264297 0.470834672451019 0.492741733789444 0.486612349748611 0.509787619113922 0.532112896442413 0.728583931922913 0.688276946544647 0.765370607376099 0.580654799938202 0.504091799259186 0.4374098777771 0.456083923578262 0.43852436542511 0.433614790439606 0.412196725606918 0.41697633266449 0.434109747409821 0.453061640262604 0.429280132055283 0.415070474147797 0.424818783998489 0.475857257843018 0.47360897064209 0.503269553184509 0.497570276260376 0.477599382400513 0.440909504890442 -3.4e+38 -3.4e+38 -3.4e+38 -3.4e+38 -3.4e+38 -3.4e+38 -3.4e+38 -3.4e+38 -3.4e+38 -3.4e+38 -3.4e+38 -3.4e+38 -3.4e+38 -3.4e+38 -3.4e+38
-3.4e+38 -3.4e+38 -3.4e+38 -3.4e+38 -3.4e+38 0.339317858219147 -3.4e+38 0.365841448307037 0.372014909982681 0.389670163393021 0.411589503288269 0.401787549257278 0.410981863737106 0.416286110877991 0.416195631027222 0.44427964091301 0.496275335550308 0.499916553497314 0.519501209259033 0.529621124267578 0.514393866062164 0.470904916524887 0.546030163764954 0.535243391990662 0.633746683597565 0.555946052074432 0.48735785484314 0.45748570561409 0.464267283678055 0.454581737518311 0.457764953374863 0.443659275770187 0.501509487628937 0.529602646827698 0.510650336742401 0.475094020366669 0.525083899497986 0.515670835971832 0.467971056699753 0.468634396791458 0.535288035869598 0.49869829416275 0.500496208667755 -3.4e+38 -3.4e+38 -3.4e+38 -3.4e+38 -3.4e+38 -3.4e+38 -3.4e+38 -3.4e+38 -3.4e+38 -3.4e+38 -3.4e+38 -3.4e+38 -3.4e+38 -3.4e+38 -3.4e+38 -3.4e+38
-3.4e+38 -3.4e+38 0.30992928147316 -3.4e+38 0.323151439428329 0.336009711027145 0.339759647846222 0.346840143203735 0.35850191116333 0.379194676876068 0.401055455207825 0.392848551273346 0.408611416816711 0.409519821405411 0.423975050449371 0.482888132333755 0.536957681179047 0.49810591340065 0.519260942935944 0.508295893669128 0.536244034767151 0.506570935249329 0.58114367723465 0.633507668972015 0.520705103874207 0.506768584251404 0.516666114330292 0.486251413822174 0.471325516700745 0.461757272481918 0.487622559070587 0.508833289146423 0.524822890758514 0.511610805988312 0.522938847541809 0.518098890781403 0.565482139587402 0.575059950351715 0.527600526809692 0.532655954360962 0.540919423103333 0.508933186531067 0.482239991426468 -3.4e+38 -3.4e+38 -3.4e+38 -3.4e+38 -3.4e+38 -3.4e+38 -3.4e+38 -3.4e+38 -3.4e+38 -3.4e+38 -3.4e+38 -3.4e+38 -3.4e+38 -3.4e+38 -3.4e+38 -3.4e+38
-3.4e+38 -3.4e+38 -3.4e+38 -3.4e+38 0.325457572937012 0.333921909332275 0.345541685819626 0.348422139883041 0.353310197591782 0.36493182182312 0.375985682010651 0.393687069416046 0.397693961858749 0.405944526195526 0.416623264551163 0.454399019479752 0.473498374223709 0.490687370300293 0.51812732219696 0.533631503582001 0.533531308174133 0.508135914802551 0.539533495903015 0.545025706291199 0.510745465755463 0.484820395708084 0.504401624202728 0.482276797294617 0.471673160791397 0.519883871078491 0.542127549648285 0.539726972579956 0.495053023099899 0.554534435272217 0.534973561763763 0.554257333278656 0.606511056423187 0.609701633453369 0.587884306907654 0.55852746963501 0.552630007266998 0.559252858161926 -3.4e+38 -3.4e+38 -3.4e+38 -3.4e+38 -3.4e+38 -3.4e+38 -3.4e+38 -3.4e+38 -3.4e+38 -3.4e+38 -3.4e+38 -3.4e+38 -3.4e+38 -3.4e+38 -3.4e+38 -3.4e+38 -3.4e+38
-3.4e+38 -3.4e+38 -3.4e+38 -3.4e+38 0.323832660913467 0.32572740316391 0.330705255270004 0.338708639144897 0.344539076089859 0.369106858968735 0.366297900676727 0.380482763051987 0.391620367765427 0.401747554540634 0.422634571790695 0.435317695140839 0.493319720029831 0.49472314119339 0.503258228302002 0.547842085361481 0.491314619779587 0.481484234333038 0.444002658128738 0.474075645208359 0.478017240762711 0.476827174425125 0.53623104095459 0.480978071689606 0.516167342662811 0.569734990596771 0.551273584365845 0.52750152349472 0.535988986492157 0.529549062252045 0.586668372154236 0.645334184169769 0.655507266521454 0.591257452964783 0.608781814575195 -3.4e+38 -3.4e+38 -3.4e+38 -3.4e+38 -3.4e+38 -3.4e+38 -3.4e+38 -3.4e+38 -3.4e+38 -3.4e+38 -3.4e+38 -3.4e+38 -3.4e+38 -3.4e+38 -3.4e+38 -3.4e+38 -3.4e+38 -3.4e+38 -3.4e+38 -3.4e+38
