data/climate_estimation/maxent_output/Lilium_leichtlinii.asc
NCOLS 396 
NROWS 255 
XLLCORNER 108.833333333333 
YLLCORNER 23.9166666666667 
CELLSIZE 0.0833333333333333 
NODATA_value -3.4e+38 
[rows 154 to 175 of 255, columns 0 to 48 of 396]
0.0539980679750443 0.0190113913267851 0.0712253227829933 0.0527009256184101 0.033836092799902 0.0292705558240414 0.0140451965853572 0.0279712453484535 0.0177050828933716 0.0111016100272536 0.00235112803056836 0.00139069452416152 0.00080788362538442 0.00189988093916327 0.00120636681094766 0.00318161700852215 0.0021654216106981 0.00334749254398048 0.00444702757522464 0.0345005989074707 0.0429192520678043 0.0462483949959278 0.0666546523571014 0.0866867676377296 0.103108875453472 0.111208915710449 0.127835616469383 0.140011191368103 0.151889130473137 0.0604549385607243 0.0321644693613052 0.0261364635080099 0.028202960267663 0.019885865971446 0.0122163463383913 0.0139266084879637 0.0110076544806361 0.00955483410507441 0.00937079451978207 0.0124730169773102 0.0131322983652353 0.0130575792863965 0.012154002673924 0.013029488734901 0.0139267239719629 0.017047731205821 0.0213278587907553 0.0262767896056175 0.033594936132431
0.081265352666378 0.0801223516464233 0.0662947669625282 0.0855474770069122 0.0885010361671448 0.0897887721657753 0.0436620227992535 0.0620871372520924 0.0623991750180721 0.0235628485679626 0.0109528172761202 0.0109007796272635 0.0039487979374826 0.00327971181832254 0.00313986674882472 0.00160865904763341 0.00115955574437976 0.00334343803115189 0.0109534859657288 0.0337406881153584 0.0658107623457909 0.0681697651743889 0.0583395883440971 0.0772137269377708 0.127175152301788 0.1319829672575 0.164719864726067 0.135965079069138 0.142217695713043 0.0526411235332489 0.0452832207083702 0.0382628031075001 0.0208329278975725 0.0240063834935427 0.0138387391343713 0.0117855332791805 0.0117609649896622 0.00891103595495224 0.00874049309641123 0.0108500858768821 0.0132006630301476 0.0114557286724448 0.0132308341562748 0.0149607351049781 0.0156314838677645 0.0159471798688173 0.0194143708795309 0.023857120424509 0.0301919002085924
0.0715068206191063 0.0862424075603485 0.0866327211260796 0.0703903809189796 0.0815521329641342 0.0862636342644691 0.0955850929021835 0.0649449676275253 0.0323983430862427 0.0500337183475494 0.0307488813996315 0.00391070917248726 0.00913806445896626 0.00281710759736598 0.00292623462155461 0.0024244012311101 0.00427546445280313 0.00574921816587448 0.0162836648523808 0.0305835977196693 0.0314402170479298 0.0262096729129553 0.0134346513077617 0.0443066470324993 0.100440368056297 0.0835471153259277 0.129795297980309 0.157745480537415 0.154075637459755 0.0934421867132187 0.150048717856407 0.0586710870265961 0.057202510535717 0.0294073466211557 0.0158500149846077 0.0110134854912758 0.00953922607004642 0.00877590104937553 0.00869934447109699 0.00943008065223694 0.0115551622584462 0.0115745887160301 0.0131413890048862 0.0129835037514567 0.0149942869320512 0.0158470403403044 0.0183949694037437 0.0237020701169968 0.0343121290206909
0.0771588236093521 0.0785878673195839 0.0823023915290833 0.0868445113301277 0.0928074270486832 0.0898026823997498 0.0824949890375137 0.0956327989697456 0.0711017921566963 0.089200884103775 0.0552378669381142 0.0281054265797138 0.00791454873979092 0.0267464388161898 0.0071383211761713 0.00678549893200397 0.0169311985373497 0.0210268534719944 0.00887001864612103 0.0202177669852972 0.0137307038530707 0.0106967007741332 0.0145770395174623 0.0272599309682846 0.0282004717737436 0.035334188491106 0.0620901361107826 0.136508256196976 0.0893082246184349 0.0974466651678085 0.0879375785589218 0.18663401901722 0.195056080818176 0.116886273026466 0.0691063776612282 0.0236318446695805 0.011614334769547 0.010254199616611 0.0101589635014534 0.00996359065175056 0.0107057709246874 0.0134113803505898 0.0151594523340464 0.0175029542297125 0.0171703025698662 0.0173843074589968 0.0206960160285234 0.0242171622812748 0.02909005433321
0.0746518298983574 0.0758469477295876 0.0741541683673859 0.0778813287615776 0.0843611732125282 0.0785896256566048 0.088559128344059 0.0914039984345436 0.0974785089492798 0.103842079639435 0.052366454154253 0.0440455116331577 0.0420702882111073 0.0696119591593742 0.0175251141190529 0.0270748194307089 0.0320132672786713 0.0490973629057407 0.0732920318841934 0.10786734521389 0.109192073345184 0.108731560409069 0.104800522327423 0.112934865057468 0.113039411604404 0.0731902047991753 0.0504458881914616 0.0615733824670315 0.102058313786983 0.175980180501938 0.190336868166924 0.237538531422615 0.238121926784515 0.164207190275192 0.0979276821017265 0.0493272840976715 0.0216474011540413 0.0164784416556358 0.0153605043888092 0.0190094523131847 0.0130847096443176 0.0141575271263719 0.0163459051400423 0.0175868440419436 0.024498151615262 0.0244302712380886 0.0267224945127964 0.0273617971688509 0.0316126868128777
0.0861708745360374 0.0828296765685081 0.0815732702612877 0.0800996720790863 0.0819617956876755 0.0946014449000359 0.10480784624815 0.105799667537212 0.106230199337006 0.117123134434223 0.0736906751990318 0.110964380204678 0.0952426344156265 0.0634114220738411 0.0243716612458229 0.0855841636657715 0.104447573423386 0.107748977839947 0.1188660338521 0.147194817662239 0.150848433375359 0.165469467639923 0.171237424015999 0.180537432432175 0.178355425596237 0.122640691697598 0.170019745826721 0.176357746124268 0.167052254080772 0.193496227264404 0.235619217157364 0.241164177656174 0.251469850540161 0.213091194629669 0.103762187063694 0.0399604998528957 0.0250001586973667 0.0215360186994076 0.0143519919365644 0.0154206771403551 0.0132085438817739 0.0213923249393702 0.0229710806161165 0.0377045907080173 0.0571418926119804 0.0456984825432301 0.0338335558772087 0.0362386740744114 0.041856724768877
0.0855281129479408 0.0873787626624107 0.0899817273020744 0.0897924527525902 0.0912909507751465 0.0947647094726562 0.0988232418894768 0.111537232995033 0.117331400513649 0.118684574961662 0.122472882270813 0.126793697476387 0.132266029715538 0.10133171826601 0.0837947577238083 0.107626937329769 0.147169515490532 0.145849585533142 0.11855548620224 0.152324974536896 0.154914364218712 0.166651055216789 0.166055217385292 0.171549439430237 0.170480877161026 0.147759109735489 0.186183422803879 0.205683454871178 0.199144139885902 0.190593719482422 0.226441815495491 0.221248522400856 0.164511650800705 0.195540860295296 0.122556284070015 0.0346603356301785 0.0203255191445351 0.0199029259383678 0.0174969080835581 0.0152817815542221 0.0153016345575452 0.0187883246690035 0.0266324542462826 0.0282897911965847 0.0415212102234364 0.0430992916226387 0.0385921858251095 0.0450314991176128 0.0562351457774639
0.0845267921686172 0.0835428014397621 0.088883064687252 0.092079259455204 0.0916605517268181 0.0957358703017235 0.108175426721573 0.11525009572506 0.116516210138798 0.120120741426945 0.128746703267097 0.135834544897079 0.135341435670853 0.0983071550726891 0.117703847587109 0.0972054600715637 0.154934927821159 0.147524625062943 0.139902904629707 0.150800168514252 0.166946306824684 0.165731072425842 0.167543411254883 0.142235532402992 0.148636519908905 0.184940919280052 0.203172594308853 0.216843739151955 0.227527812123299 0.229026794433594 0.236536040902138 0.240497022867203 0.251396894454956 0.267125695943832 0.262387156486511 0.0849866792559624 0.0248315446078777 0.0199988167732954 0.0186409913003445 0.0188289098441601 0.0188315398991108 0.0188275929540396 0.0219234339892864 0.0263924114406109 0.038489818572998 0.0476372092962265 0.057051207870245 0.0598392114043236 0.0588478893041611
0.0806599706411362 0.0849183797836304 0.0862828642129898 0.105508677661419 0.107096314430237 0.115084379911423 0.114813268184662 0.121660053730011 0.117378368973732 0.117302663624287 0.121804974973202 0.130784511566162 0.146781206130981 0.138665273785591 0.142147779464722 0.106545060873032 0.159858569502831 0.144938722252846 0.148487985134125 0.152273818850517 0.160979896783829 0.159939914941788 0.166527464985847 0.184884130954742 0.202022701501846 0.200691431760788 0.205855280160904 0.189971446990967 0.198104858398438 0.236482232809067 0.242425471544266 0.237332656979561 0.263938277959824 0.27802437543869 0.265066564083099 0.106634452939034 0.035918090492487 0.0262184180319309 0.0248479600995779 0.0351413264870644 0.0213983748108149 0.0214707665145397 0.0217069815844297 0.0272336956113577 0.0362890176475048 0.0504840575158596 0.094353586435318 0.114559814333916 0.0698378831148148
0.0988266915082932 0.100364595651627 0.0906494930386543 0.0989649444818497 0.106183134019375 0.115753129124641 0.112763784825802 0.123863510787487 0.132648706436157 0.0959402695298195 0.121142268180847 0.124617725610733 0.132144019007683 0.138736218214035 0.14514471590519 0.150375545024872 0.140701130032539 0.143328040838242 0.143069371581078 0.139768972992897 0.158990919589996 0.187154278159142 0.18808026611805 0.195401340723038 0.202004045248032 0.200701996684074 0.215499445796013 0.219947755336761 0.233167409896851 0.172403007745743 0.263188540935516 0.251196175813675 0.267073720693588 0.284627050161362 0.287346720695496 0.209913834929466 0.110550500452518 0.0368715450167656 0.0310884527862072 0.0395759716629982 0.0375559814274311 0.0269562806934118 0.0251949522644281 0.0286986455321312 0.0351663157343864 0.0410716570913792 0.0590917617082596 0.0678104236721992 0.124729514122009
0.11180966347456 0.10956197977066 0.105472587049007 0.105186261236668 0.111860886216164 0.12782609462738 0.126660540699959 0.138785541057587 0.13475900888443 0.0760932043194771 0.14630463719368 0.143670633435249 0.145195245742798 0.138663992285728 0.140634760260582 0.148926809430122 0.13692045211792 0.127199292182922 0.169756308197975 0.164247661828995 0.172392562031746 0.193926021456718 0.19965435564518 0.170752510428429 0.211589381098747 0.220065116882324 0.220589488744736 0.222532272338867 0.234960421919823 0.261151105165482 0.161425292491913 0.274121940135956 0.278774797916412 0.289689093828201 0.217961996793747 0.167479947209358 0.173416197299957 0.0908420160412788 0.0371910929679871 0.0360472686588764 0.0470824167132378 0.0328304506838322 0.0260276794433594 0.0264683607965708 0.0309591386467218 0.0401376932859421 0.0466571226716042 0.0578908957540989 0.143367663025856
0.118262648582458 0.108144357800484 0.122303977608681 0.121319845318794 0.128247365355492 0.130666747689247 0.0810341089963913 0.0284225344657898 0.0548730008304119 0.0379716902971268 0.139748379588127 0.16203373670578 0.154221951961517 0.15936604142189 0.153972983360291 0.171958163380623 0.174197733402252 0.167684286832809 0.156624689698219 0.181367099285126 0.193907424807549 0.189321234822273 0.169690161943436 0.169845014810562 0.21908363699913 0.219162210822105 0.230550691485405 0.228544428944588 0.239852204918861 0.252376019954681 0.241086289286613 0.191444024443626 0.235014781355858 0.221438273787498 0.161617815494537 0.196289107203484 0.107514649629593 0.180174916982651 0.0635645017027855 0.0344629287719727 0.0335617363452911 0.0405278876423836 0.0284137148410082 0.0297512840479612 0.0369654037058353 0.0388782434165478 0.0557878166437149 0.0693915411829948 0.0904344618320465
0.0344104021787643 0.129077792167664 0.121146701276302 0.12950100004673 0.136454686522484 0.141798913478851 0.138571590185165 0.142041087150574 0.139865949749947 0.019810950383544 0.0142485881224275 0.0077757122926414 0.0201909579336643 0.0553309954702854 0.173236429691315 0.16899299621582 0.177658513188362 0.124138474464417 0.198625594377518 0.18312232196331 0.196958392858505 0.210502073168755 0.0796895697712898 0.206804692745209 0.224859267473221 0.224426314234734 0.237431257963181 0.238287135958672 0.245594009757042 0.269913852214813 0.266845405101776 0.263101041316986 0.0735647603869438 0.153386786580086 0.221513822674751 0.14161641895771 0.0826515257358551 0.148814782500267 0.144839704036713 0.0505333244800568 0.034388355910778 0.0333749651908875 0.0319982133805752 0.0320129878818989 0.0344226695597172 0.039641972631216 0.0475147552788258 0.0793496444821358 0.153836980462074
0.0373418591916561 0.123052671551704 0.136550053954124 0.0807875096797943 0.13687789440155 0.0874189287424088 0.15255019068718 0.113752029836178 0.168502256274223 0.172038003802299 0.107919543981552 0.0555152222514153 0.0219243858009577 0.187346011400223 0.191606074571609 0.176226288080215 0.11602883040905 0.0228273719549179 0.166848406195641 0.181104242801666 0.210062325000763 0.213107779622078 0.111751809716225 0.227304309606552 0.228355541825294 0.244019687175751 0.250029653310776 0.256696343421936 0.259767144918442 0.265687555074692 0.276679664850235 0.275387734174728 0.0733016356825829 0.125241845846176 0.256784111261368 0.153321832418442 0.085206501185894 0.104233354330063 0.138841614127159 0.0958609879016876 0.042508952319622 0.0541937500238419 0.0695420652627945 0.0361730381846428 0.0368371643126011 0.0440932773053646 0.0554613843560219 0.065263643860817 0.120074436068535
0.0286307409405708 0.0926932916045189 0.13849550485611 0.0761749967932701 0.0648961886763573 0.0528535023331642 0.0313898772001266 0.015624986961484 0.0571409426629543 0.0755746588110924 0.183764338493347 0.196622252464294 0.0333774909377098 0.0476860478520393 0.198146894574165 0.195512056350708 0.201714232563972 0.0397728830575943 0.0569756403565407 0.179923549294472 0.214832305908203 0.215100213885307 0.221354573965073 0.131064370274544 0.246193423867226 0.249499067664146 0.246004179120064 0.254780977964401 0.280182182788849 0.272210270166397 0.24598591029644 0.303057819604874 0.151703104376793 0.0700700804591179 0.103324741125107 0.127075523138046 0.0845930725336075 0.0695208981633186 0.0959194973111153 0.108488149940968 0.0560188479721546 0.0579369552433491 0.0731268003582954 0.052757766097784 0.0332080759108067 0.0410455800592899 0.0581089742481709 0.0892121493816376 0.097972147166729
0.0267201513051987 0.118256844580173 0.14797942340374 0.131363108754158 0.138455167412758 0.0908017680048943 0.0509646460413933 0.0258097872138023 0.0168814491480589 0.0419528409838676 0.152420997619629 0.0526656545698643 0.158179074525833 0.0928865820169449 0.207330986857414 0.0495725870132446 0.0774763971567154 0.039277758449316 0.0622416064143181 0.0502172559499741 0.101827748119831 0.128034517168999 0.0641253292560577 0.240993872284889 0.250392943620682 0.259777009487152 0.266198366880417 0.280494689941406 0.276776194572449 0.269202262163162 0.158686682581902 0.300517052412033 0.301859110593796 0.0619532391428947 0.0751753449440002 0.0860389694571495 0.0737090781331062 0.0546009801328182 0.0591153912246227 0.0790252834558487 0.0543809942901134 0.0480915158987045 0.0545988790690899 0.0442694500088692 0.0357179082930088 0.0410533808171749 0.0531048811972141 0.0595105290412903 0.128120511770248
0.0173293836414814 0.0195811055600643 0.0184746272861958 0.0186062064021826 0.0261217262595892 0.0225725173950195 0.030039981007576 0.0517839081585407 0.0489924475550652 0.0989254042506218 0.203214719891548 0.119974568486214 0.0781870186328888 0.222460299730301 0.225800603628159 0.228461772203445 0.225622549653053 0.227862745523453 0.228320941329002 0.091458335518837 0.127380013465881 0.0934956669807434 0.0341803841292858 0.215307682752609 0.257557451725006 0.270094364881516 0.19558809697628 0.290195196866989 0.295060813426971 0.213449269533157 0.201185345649719 0.232071712613106 0.32868567109108 0.0759851112961769 0.0676701813936234 0.0763642564415932 0.0601034201681614 0.0486017316579819 0.0608338937163353 0.0572162829339504 0.0531012341380119 0.0482491701841354 0.0440004765987396 0.0366036407649517 0.0376387052237988 0.0441531613469124 0.0417863801121712 0.0544833429157734 0.064868725836277
0.024582926183939 0.0259907972067595 0.0325233042240143 0.0738884136080742 0.0793861076235771 0.127527415752411 0.154190763831139 0.118990078568459 0.16901895403862 0.211572960019112 0.219470709562302 0.218968629837036 0.227058321237564 0.24551048874855 0.227490544319153 0.232565686106682 0.234607756137848 0.247408747673035 0.244322463870049 0.249068260192871 0.259108513593674 0.219995766878128 0.265107274055481 0.264154523611069 0.170463755726814 0.0566337145864964 0.0664641559123993 0.105405770242214 0.284883886575699 0.156433910131454 0.0819870010018349 0.159578859806061 0.319418996572495 0.155739262700081 0.0591882728040218 0.066855289041996 0.0536571107804775 0.0510416105389595 0.0610759444534779 0.0518582500517368 0.0512753315269947 0.0488372407853603 0.0470503270626068 0.0437709167599678 0.0421115458011627 0.040988102555275 0.0445375517010689 0.0424415059387684 0.0595340356230736
0.0248155891895294 0.0800274461507797 0.0346655733883381 0.176959022879601 0.189619541168213 0.189595818519592 0.186109483242035 0.201054126024246 0.22226457297802 0.198214411735535 0.201040551066399 0.261634021997452 0.23601146042347 0.234362751245499 0.230869546532631 0.241079539060593 0.246164113283157 0.254252463579178 0.255533367395401 0.264976680278778 0.267898976802826 0.282213479280472 0.272315412759781 0.264549136161804 0.279932647943497 0.0985519960522652 0.136284321546555 0.175605744123459 0.104930639266968 0.058837890625 0.0512597225606441 0.0736568197607994 0.0852654874324799 0.104287847876549 0.0734864175319672 0.0589428208768368 0.0536540672183037 0.0481051541864872 0.0596869513392448 0.0526893623173237 0.0527650192379951 0.0552885606884956 0.0484849438071251 0.0420511923730373 0.04336291924119 0.0385731421411037 0.0396475307643414 0.043164674192667 0.0431545935571194
0.0350336544215679 0.0857299640774727 0.14409926533699 0.196289569139481 0.191343620419502 0.192550212144852 0.202125549316406 0.198910281062126 0.194145381450653 0.20009882748127 0.250430464744568 0.243150129914284 0.246898144483566 0.260302722454071 0.279829472303391 0.264445394277573 0.253299355506897 0.262782365083694 0.282801032066345 0.259965270757675 0.274631857872009 0.277103185653687 0.297832161188126 0.295470893383026 0.30872318148613 0.306831985712051 0.163962781429291 0.0803437456488609 0.0447710901498795 0.0339251942932606 0.0476301722228527 0.0535523518919945 0.0708091929554939 0.0733193755149841 0.0842040702700615 0.0836320444941521 0.0601643808186054 0.0511015877127647 0.0533018335700035 0.0485823899507523 0.0466750748455524 0.0561909936368465 0.0515129342675209 0.0491120740771294 0.0383263640105724 0.0387172028422356 0.0370993614196777 0.0403122939169407 0.0380746424198151
0.0815784186124802 0.197384104132652 0.0996299684047699 0.203382462263107 0.193542018532753 0.196514412760735 0.210046336054802 0.222494870424271 0.221582919359207 0.256624400615692 0.147394582629204 0.208212718367577 0.294291406869888 0.302588254213333 0.303641736507416 0.297286927700043 0.27530038356781 0.287202090024948 0.296253085136414 0.304673761129379 0.301422864198685 0.295347213745117 0.298764586448669 0.306377351284027 0.316426813602448 0.286418467760086 0.113252192735672 0.0764791592955589 0.0880836248397827 0.0637948289513588 0.0428918674588203 0.0528174303472042 0.0667320340871811 0.0632422938942909 0.0736763402819633 0.0801475718617439 0.0641847997903824 0.0522264540195465 0.0557200647890568 0.0537777729332447 0.0469427295029163 0.0454665906727314 0.0496870055794716 0.0408009067177773 0.0332978554069996 0.0367280803620815 0.0342553555965424 0.0349851958453655 0.0383225306868553
0.205361306667328 0.208926752209663 0.200499579310417 0.179795026779175 0.187312111258507 0.204131960868835 0.213258504867554 0.238647639751434 0.259144455194473 0.199567139148712 0.150410205125809 0.196432381868362 0.316320955753326 0.298832923173904 0.308479577302933 0.303557723760605 0.313717871904373 0.306508362293243 0.30200332403183 0.319200932979584 0.325358271598816 0.305669605731964 0.299430102109909 0.319757133722305 0.33171021938324 0.343327611684799 0.147413268685341 0.0827315077185631 0.11585345864296 0.0853856801986694 0.0506377331912518 0.0624108985066414 0.0680500268936157 0.0698632597923279 0.0692907124757767 0.0639158710837364 0.0559401139616966 0.0502936504781246 0.0471314713358879 0.0526412762701511 0.0457481294870377 0.0372620411217213 0.0348519161343575 0.0358372591435909 0.0318291783332825 0.0316938385367393 0.0326449945569038 0.0306735076010227 0.0313572771847248
