data/climate_estimation/maxent_output/Lilium_pardalinum.asc
NCOLS 99 
NROWS 134 
XLLCORNER -124.5 
YLLCORNER 32.5833333333333 
CELLSIZE 0.0833333333333333 
NODATA_value -3.4e+38 
[rows 0 to 19 of 134, columns 46 to 91 of 99]
0.00171704590320587 0.00163652002811432 0.00119687407277524 0.00103712140116841 0.00112962198909372 0.00115243019536138 0.000901185965631157 0.000790278078056872 0.000760129187256098 0.00125472014769912 0.00134526786860079 0.00112689135130495 0.000942351412959397 0.00139808899257332 0.00137011287733912 0.00181998359039426 0.00141373474616557 0.00149367086123675 0.00140114256646484 0.00139535509515554 0.00160092429723591 0.00146890408359468 0.00125363690312952 0.00125450792256743 0.000991780310869217 0.00106815306935459 0.000574153731577098 0.000584761670324951 0.000612722535151988 0.000756383058615029 0.000314814154990017 0.000466330675408244 0.000672622118145227 0.000988174346275628 0.000577194965444505 0.000247293501161039 0.00044282287126407 0.000645039952360094 0.000442204356659204 0.000326283974573016 0.00029953513876535 0.000208621248020791 0.00025177065981552 0.000206755998078734 0.000272925535682589 0.000315989425871521
0.00193709006998688 0.0018541463650763 0.00144808413460851 0.00113380746915936 0.000861633801832795 0.000737097288947552 0.000714774243533611 0.000752839085180312 0.000717750110197812 0.000940326368436217 0.00116352399345487 0.000953381299041212 0.000963027938269079 0.000911665498279035 0.000952056085225195 0.0013698018155992 0.00149352068547159 0.00126904028002173 0.0014696012949571 0.00167374371085316 0.00118666491471231 0.00100322149228305 0.000951299502048641 0.00092044280609116 0.000774714688304812 0.0010365090565756 0.000753942993469536 0.000940794358029962 0.00049645418766886 0.000389161636121571 0.000437998649431393 0.000771428633015603 0.000849985342938453 0.000757064204663038 0.00052872090600431 0.00060713745187968 0.00060713745187968 0.000815819890704006 0.000479518814245239 0.000352403323631734 0.000274698599241674 0.000472807267215103 0.000299409672152251 0.000232489503105171 0.000194766238564625 0.000262191897490993
0.00167838949710131 0.00147334090434015 0.00148359243758023 0.00115883629769087 0.001069899299182 0.000764231604989618 0.000764821248594671 0.00108111603185534 0.000892404699698091 0.000816293293610215 0.000870020245201886 0.000770020647905767 0.000847696210257709 0.00068984879180789 0.000766389537602663 0.000870078743901104 0.00102815916761756 0.0011567740002647 0.00137570186052471 0.00142631691414863 0.00107905943877995 0.000904284592252225 0.000805976625997573 0.000762284791562706 0.000718048540875316 0.00117169553413987 0.00113182631321251 0.00120692956261337 0.00068882736377418 0.000383167556719854 0.000478770583868027 0.00060609623324126 0.000682882615365088 0.000634647149126977 0.000510690326336771 0.000590129115153104 0.000542251160368323 0.000379781937226653 0.000256544561125338 0.00019963963131886 0.000511929567437619 0.000640612037386745 0.000225953030167148 0.000299929641187191 0.000255714490776882 0.000189596365089528
0.00133275077678263 0.00129142787773162 0.00111070380080491 0.000879329396411777 0.000771346094552428 0.000694337475579232 0.000661083089653403 0.000663677928969264 0.00084282155148685 0.000942004146054387 0.000773914973251522 0.000732205749955028 0.000646320113446563 0.0007326117483899 0.000642897328361869 0.000784537405706942 0.00081454060273245 0.000968738808296621 0.0011162773007527 0.000980608630925417 0.000933271541725844 0.000799177447333932 0.000688489701133221 0.000685770704876631 0.000576914520934224 0.000899170991033316 0.00100091402418911 0.000807695381809026 0.000482946168631315 0.000351645168848336 0.000573671539314091 0.000668641529045999 0.00077794271055609 0.000743812532164156 0.000532681413460523 0.000488080055220053 0.000498312991112471 0.000497416593134403 0.000296427111607045 0.000209455873118713 0.0003119888715446 0.000506080396007746 0.000390440662158653 0.000811080157291144 0.000554793397895992 0.000406465609557927
0.00146910361945629 0.00105518684722483 0.000820062647107989 0.000723073724657297 0.000707234779838473 0.000656669901218265 0.000584984372835606 0.000683608872350305 0.000983835314400494 0.00106571009382606 0.000685501494444907 0.000710922700818628 0.000653430062811822 0.000547174480743706 0.000540644861757755 0.000652167364023626 0.000718047784175724 0.000823613430839032 0.000820653338450938 0.000855969206895679 0.000876358535606414 0.000865549547597766 0.000819366774521768 0.000699093681760132 0.000713853340130299 0.000621713639702648 0.000624636188149452 0.000606400310061872 0.000396777119021863 0.000603975844569504 0.000710550229996443 0.000669692759402096 0.000740099989343435 0.000757650006562471 0.000454170891316608 0.000523831869941205 0.000491657527163625 0.000487523502670228 0.000181762035936117 0.000247103540459648 0.000201541013666429 0.000416920433053747 0.000418707728385925 0.000929374538827688 0.00083376734983176 0.000800115230958909
0.00153651426080614 0.00114982691593468 0.000786971359048039 0.000621559156570584 0.000676239840686321 0.000666796404402703 0.000607128604315221 0.000591872492805123 0.000681888777762651 0.000752487452700734 0.000597343489062041 0.000558624742552638 0.000484220683574677 0.000562996603548527 0.000570985663216561 0.000630313123110682 0.000597659614868462 0.000658831733744591 0.000666947453282773 0.000734147964976728 0.000746897188946605 0.000711007742211223 0.000690818880684674 0.000686219602357596 0.000631773786153644 0.000635851640254259 0.000779550813604146 0.000558735453523695 0.000518734741490334 0.000666532840114087 0.000729830644559115 0.00075400184141472 0.000552338024135679 0.000333819421939552 0.000421744654886425 0.000591922551393509 0.000505168514791876 0.000418535637436435 0.000135097390739247 0.000218968503759243 0.000389627792173997 0.000750828650780022 0.000546416151337326 0.000489285797812045 0.000829622440505773 0.00175866356585175
0.00171528512146324 0.00140893447678536 0.000799269124399871 0.000685194390825927 0.000626669963821769 0.000579011859372258 0.000467296660644934 0.000399701821152121 0.000399924843804911 0.00053159985691309 0.000574522244278342 0.000541508663445711 0.000590218580327928 0.000701838347595185 0.000726539466995746 0.000711250817403197 0.000756698253098875 0.000663627230096608 0.000651548441965133 0.00076092139352113 0.000780820555519313 0.000722009397577494 0.000681187317240983 0.000785008247476071 0.000786214543040842 0.000669223489239812 0.000600516854319721 0.000653232622426003 0.000557760300580412 0.000806110037956387 0.000822481932118535 0.000420781230786815 0.000369910441804677 0.000307256617816165 0.000314798817271367 0.00032690359512344 0.000234109407756478 0.000229817189392634 0.000391907524317503 0.000545342336408794 0.000962374091614038 0.00104095321148634 0.00102939293719828 0.000662840902805328 0.000933471252210438 0.0015630692942068
0.00353864766657352 0.00203802110627294 0.00112744874786586 0.000996558694168925 0.000683539139572531 0.000561283493880183 0.00052523537306115 0.000327093061059713 0.000387763924663886 0.000545074115507305 0.00053847226081416 0.000471493229269981 0.000676174939144403 0.000744173652492464 0.000670319946948439 0.000728146522305906 0.000828028190881014 0.000799405272118747 0.000786564312875271 0.000851293734740466 0.000859215273521841 0.000747387588489801 0.000718804367352277 0.000760418246500194 0.000727606879081577 0.000669813365675509 0.000714268069714308 0.000763316173106432 0.000773487670812756 0.000646942004095763 0.000499306479468942 0.000326869019772857 0.000360041187377647 0.000342876155627891 0.000260925211478025 0.000221569673158228 0.000328449707012624 0.000448312348453328 0.000526736315805465 0.000530066143255681 0.000498197507113218 0.000548383046407253 0.000624119071289897 0.000695387832820415 0.00100425828713924 0.00191228371113539
0.00213496969081461 0.00221793539822102 0.00157059903722256 0.00125637138262391 0.000849806820042431 0.000453670741990209 0.000371660280507058 0.000358040386345237 0.000441727199358866 0.00059926783433184 0.0004977808566764 0.000559125386644155 0.000704365957062691 0.000738240429200232 0.000861480191815645 0.000899321341421455 0.000905820401385427 0.000906026689335704 0.000992973335087299 0.00108314515091479 0.00120104663074017 0.000985787366516888 0.000718184746801853 0.000805987976491451 0.000757545640226454 0.000808117911219597 0.00111691490747035 0.000981049262918532 0.000731399864889681 0.000426808779593557 0.000410707871196792 0.000426982558565214 0.000336033030180261 0.000297646678518504 0.000197796558495611 0.000178311631316319 0.000239896107814275 0.000345749023836106 0.000427735096309334 0.000509203469846398 0.000520083936862648 0.000560527434572577 0.000583666958846152 0.000747767218854278 0.00112178083509207 0.00148079136852175
0.00265868380665779 0.00254027009941638 0.00214504706673324 0.00129371311049908 0.000867342634592205 0.000516579544637352 0.000373629562091082 0.000397429335862398 0.000836908118799329 0.000650535570457578 0.000503754359669983 0.000682026904541999 0.000812501471955329 0.000787375145591795 0.000923670246265829 0.000903106178157032 0.000881945132277906 0.000893933407496661 0.000832068268209696 0.00118195032700896 0.00113607349339873 0.0010776276467368 0.000918177713174373 0.00104478350840509 0.00090435438323766 0.00116613367572427 0.00125416205264628 0.00107261713128537 0.000545664748642594 0.000556534563656896 0.00064854440279305 0.000443655648268759 0.000333844713168219 0.000233175916946493 0.000218628556467593 0.000201614820980467 0.000225334675633349 0.000273447920335457 0.000378257158445194 0.000414481299230829 0.000462853058706969 0.000479265960166231 0.000529150478541851 0.000606198562309146 0.000873668934218585 0.000888228474650532
0.00277901999652386 0.00290530337952077 0.00199472671374679 0.00158904679119587 0.000944856845308095 0.00081386195961386 0.000497932720463723 0.000461148621980101 0.000796105538029224 0.000629483547527343 0.000738055852707475 0.000741385156288743 0.000722837692592293 0.000762505223974586 0.000982251251116395 0.000816915708128363 0.000920674239750952 0.00102012988645583 0.00107838702388108 0.00112221366725862 0.00114122778177261 0.00110169174149632 0.00130758108571172 0.00124284857884049 0.00126995984464884 0.00128751888405532 0.00143669021781534 0.000560090004000813 0.000537909450940788 0.000727132835891098 0.000750303966924548 0.000484705407870933 0.000284834648482502 0.000244980736169964 0.000223677168833092 0.000156382491695695 0.000190668783034198 0.000195722488570027 0.000349082110915333 0.000398488686187193 0.000429601146606728 0.000500017660669982 0.000626201392151415 0.000634453084785491 0.000634411466307938 0.000843224464915693
0.00270006759092212 0.00247725751250982 0.00216977437958121 0.00202533905394375 0.000978715484961867 0.000667281099595129 0.000557881838176399 0.000750341219827533 0.000762482639402151 0.000723592878784984 0.000784333096817136 0.000663832004647702 0.000582662061788142 0.000675300252623856 0.000976118899416178 0.000834501523058861 0.000782154325861484 0.00088061613496393 0.00100391381420195 0.000986927188932896 0.00107586372178048 0.00125301326625049 0.00124762090854347 0.00138533883728087 0.00150712067261338 0.00158763315994292 0.00101221818476915 0.000536291452590376 0.000516115454956889 0.000700678559951484 0.000648651155643165 0.00045971033978276 0.000369654560927302 0.000243905262323096 0.00020420496002771 0.000182204516022466 0.000186234159627929 0.00020614369714167 0.000326893466990441 0.000396351999370381 0.000445241894340143 0.000555740261916071 0.000702296732924879 0.000756785448174924 0.000964924925938249 0.00106802838854492
0.00551089318469167 0.00260247965343297 0.00180696393363178 0.00264801667071879 0.00114512769505382 0.000726452970411628 0.00102322339080274 0.000914796197321266 0.00064274383476004 0.000659412646200508 0.000609844108112156 0.000590247684158385 0.000634740048553795 0.00100733002182096 0.000853492994792759 0.000813693564850837 0.000876496022101492 0.000939348537940532 0.000894025433808565 0.000945935433264822 0.00108520232606679 0.00104731507599354 0.00122436310630292 0.00146597868297249 0.00192977522965521 0.00165698910132051 0.000626377586741 0.000623118248768151 0.000505020725540817 0.000511029676999897 0.000374915543943644 0.000318369478918612 0.000266517919953912 0.00022041195188649 0.000189056605449878 0.000200645765289664 0.000209203542908654 0.000272728881100193 0.000332256691763178 0.0003882770834025 0.000410810636822134 0.000443419354269281 0.000545067479833961 0.000680524506606162 0.00115657434798777 0.001372673898004
0.00935704540461302 0.00600551161915064 0.00251469016075134 0.00201938534155488 0.00139887095429003 0.00107622402720153 0.0018260155338794 0.00118036987259984 0.000719387840945274 0.000804340408649296 0.000523551949299872 0.000558287487365305 0.0012683873064816 0.00116426695603877 0.00102356600109488 0.000978964962996542 0.000822530302684754 0.000827400595881045 0.000832431600429118 0.000881958170793951 0.00101314671337605 0.00120687030721456 0.00116230745334178 0.00114596891216934 0.00160747568588704 0.00127366522792727 0.000507365737576038 0.000527676020283252 0.000555961043573916 0.000424648722400889 0.000316582038067281 0.000324738502968103 0.000224182920646854 0.000216318003367633 0.000203000163310207 0.000214090352528729 0.000280448351986706 0.000297140970360488 0.000303741631796584 0.000424079946242273 0.000417405855841935 0.000387530599255115 0.000532857608050108 0.000581589411012828 0.000631857314147055 0.000881914573255926
0.00853678304702044 0.00845129787921906 0.00431108707562089 0.00254927016794682 0.00160977558698505 0.00220197276212275 0.00283929891884327 0.00229430454783142 0.00141514604911208 0.000585657195188105 0.000774653279222548 0.0018074307590723 0.00156008743215352 0.00130745954811573 0.000992271234281361 0.000869588810019195 0.000791123602539301 0.000756507040932775 0.000770943355746567 0.000927627901546657 0.0010005182120949 0.00118797365576029 0.00126676447689533 0.0012624851660803 0.00109333265572786 0.000722869765013456 0.000403541489504278 0.000545304326806217 0.000476420362247154 0.000354107323801145 0.000328973488649353 0.000325323780998588 0.000254560698522255 0.00026736906147562 0.000302665401250124 0.00025839771842584 0.000238048407481983 0.000326790846884251 0.000367956730769947 0.000422936078393832 0.000432183733209968 0.000371060508769006 0.000374155439203605 0.000528557691723108 0.00069295585853979 0.000877819780725986
0.009274129755795 0.0100992126390338 0.00764812109991908 0.00378153403289616 0.00277513149194419 0.00505654886364937 0.00303304614499211 0.0018674983875826 0.0012517609866336 0.000665610888972878 0.00149003486149013 0.00241258926689625 0.00157102185767144 0.00119963602628559 0.000899695151019841 0.00102948141284287 0.000998693518340588 0.000827252864837646 0.0009032774833031 0.000811596109997481 0.000721336051356047 0.000838033854961395 0.00111247948370874 0.00122521829325706 0.00067499338183552 0.000443261058535427 0.000405922415666282 0.000417244038544595 0.000400890858145431 0.000403510348405689 0.000318388338200748 0.000358054356183857 0.000321890402119607 0.000342710583936423 0.00035610789200291 0.000316401856252924 0.000300828425679356 0.000403303507482633 0.000395038106944412 0.00042474822839722 0.000449416635092348 0.000404215097660199 0.000478884758194908 0.000588696508202702 0.000731033098418266 0.00106719043105841
0.0161765851080418 0.0134037686511874 0.0109684839844704 0.00744341732934117 0.00498235039412975 0.00646425923332572 0.00424998858943582 0.00253851641900837 0.00164778379257768 0.000828312302473933 0.00206554913893342 0.0018735887715593 0.00153285136912018 0.00117296213284135 0.0010111095616594 0.00119100289884955 0.00115660799201578 0.000826499774120748 0.000794938358012587 0.000660700490698218 0.000619679514784366 0.000702984863892198 0.000804956594947726 0.000793829327449203 0.000441667682025582 0.000405557104386389 0.000496557855512947 0.000586638634558767 0.000422480516135693 0.000401326513383538 0.000445334328105673 0.000410919543355703 0.000453129352536052 0.000447840371634811 0.000376005948055536 0.000421637523686513 0.000435517576988786 0.000476545363198966 0.000456406472949311 0.000433496403275058 0.00043210803414695 0.000476266286568716 0.000494889973197132 0.000565968977753073 0.000751977146137506 0.000747656507883221
0.0188685655593872 0.0125083355233073 0.00974385347217321 0.00627442449331284 0.00707118399441242 0.00849838554859161 0.00654678791761398 0.00337858614511788 0.00267367670312524 0.00146075850352645 0.000915059470571578 0.00159773882478476 0.0014671036042273 0.00108006619848311 0.000989107880741358 0.00109755655284971 0.000919824058655649 0.000711869972292334 0.000780143425799906 0.000613280455581844 0.000620818173047155 0.000943986990023404 0.000814647879451513 0.000677610340062529 0.000389945664210245 0.000408380496082827 0.000558225787244737 0.000638229306787252 0.000530097808223218 0.00049710285384208 0.000565905822440982 0.000843528192490339 0.000439580500824377 0.00054433976765722 0.000433548004366457 0.000440157775301486 0.000585950736422092 0.000478014873806387 0.000459650647826493 0.000452315958682448 0.000444511999376118 0.000504152034409344 0.000539631699211895 0.000589432427659631 0.000587702379561961 0.000561308581382036
0.0159515365958214 0.0126833245158195 0.00968820042908192 0.00857042241841555 0.00921398960053921 0.00703954510390759 0.00464038178324699 0.00335405743680894 0.00321269081905484 0.00119710061699152 0.000983637874014676 0.00166590267326683 0.00171191862318665 0.00105528743006289 0.00081195414531976 0.000884167617186904 0.00105077924672514 0.000716673617716879 0.000699887692462653 0.000702860706951469 0.000661300437059253 0.000739824899937958 0.000663025712128729 0.000621404789853841 0.000372237962437794 0.000349280337104574 0.000597708916757256 0.00054725247900933 0.000545635528396815 0.000489684869535267 0.00076879549305886 0.000905881461221725 0.000603590393438935 0.00034502410562709 0.000327707239193842 0.000473230000352487 0.000653852941468358 0.00063257961301133 0.000561875756829977 0.000631479721050709 0.000537193962372839 0.000523786991834641 0.000524258706718683 0.000584159512072802 0.000568010669667274 0.000551378820091486
0.0142758879810572 0.011614628136158 0.00996163208037615 0.00864883791655302 0.0100081469863653 0.00832013506442308 0.00629580533131957 0.00430268980562687 0.00295347720384598 0.00128345459233969 0.00116615917067975 0.00176413962617517 0.00160384469199926 0.000970293709542602 0.000936392112635076 0.000990215572528541 0.000971675268374383 0.00101694313343614 0.000791771803051233 0.000802837312221527 0.000729200779460371 0.000521191861480474 0.000573195866309106 0.000947920139878988 0.000776681932620704 0.000387315871194005 0.00052362063433975 0.000856016355101019 0.000970582012087107 0.000887636968400329 0.000791830359958112 0.000938362732995301 0.00106714526191354 0.000419974938267842 0.000269223120994866 0.000393681053537875 0.000663318089209497 0.000811331323347986 0.000802496797405183 0.000686488812789321 0.000639488513115793 0.00059327925555408 0.000578043283894658 0.000578532053623348 0.000573147204704583 0.000509188626892865
