data/climate_estimation/maxent_output/Lilium_souliei.asc
NCOLS 114 
NROWS 79 
XLLCORNER 95.0833333333333 
YLLCORNER 23.4166666666667 
CELLSIZE 0.0833333333333333 
NODATA_value -3.4e+38 
[rows 40 to 59 of 79, columns 44 to 87 of 114]
0.997629582881927 0.531935274600983 0.88596099615097 0.998171091079712 0.601245701313019 0.981269717216492 0.989053785800934 0.988568663597107 0.991538166999817 0.951693594455719 0.991262137889862 0.997799277305603 0.992862641811371 0.930622220039368 0.858592092990875 0.975818634033203 0.993137419223785 0.733967483043671 0.979833960533142 0.557483553886414 0.882695496082306 0.914400517940521 0.518283009529114 0.513432264328003 0.852805018424988 0.902584135532379 0.974859774112701 0.638814151287079 0.307504713535309 0.128308653831482 0.0949063077569008 0.121200866997242 0.130386605858803 0.147912099957466 0.188275009393692 0.345753461122513 0.0980846434831619 0.110460042953491 0.293008774518967 0.86437326669693 0.864508807659149 0.723638474941254 0.716867685317993 0.860658466815948
0.995933890342712 0.414370179176331 0.897806823253632 0.995184481143951 0.562054693698883 0.873394846916199 0.970070362091064 0.98333340883255 0.995492100715637 0.973691999912262 0.957635998725891 0.962511301040649 0.923119962215424 0.892305731773376 0.826864898204803 0.993840634822845 0.951747119426727 0.770918965339661 0.982775092124939 0.608246922492981 0.235061377286911 0.612142145633698 0.375258713960648 0.250567048788071 0.644490361213684 0.636541724205017 0.571410834789276 0.632513225078583 0.416737675666809 0.140978813171387 0.0782796964049339 0.0644565150141716 0.0608206354081631 0.102445781230927 0.141021281480789 0.0646060556173325 0.160515233874321 0.0645924881100655 0.223433211445808 0.791894018650055 0.6808802485466 0.62541937828064 0.62280136346817 0.658637344837189
0.983901679515839 0.293473303318024 0.89479124546051 0.995934426784515 0.422629296779633 0.904538154602051 0.99167537689209 0.9461550116539 0.977470934391022 0.988095939159393 0.875428199768066 0.962968766689301 0.836781144142151 0.73280668258667 0.862446665763855 0.997134625911713 0.965777218341827 0.639912009239197 0.591362178325653 0.482220500707626 0.180709257721901 0.931256234645844 0.384391754865646 0.391940206289291 0.934317469596863 0.918615877628326 0.517860412597656 0.153309091925621 0.59696489572525 0.397119760513306 0.243142321705818 0.259338229894638 0.0693048164248466 0.228750303387642 0.549322187900543 0.122815355658531 0.101540967822075 0.0550444349646568 0.363556742668152 0.759592056274414 0.560345828533173 0.341762810945511 0.533629477024078 0.538351833820343
0.990643262863159 0.367560386657715 0.97565233707428 0.99537992477417 0.369309306144714 0.987435042858124 0.989435911178589 0.872008383274078 0.992308080196381 0.990369260311127 0.927940845489502 0.962918698787689 0.943969428539276 0.865102827548981 0.962826251983643 0.983131468296051 0.977856338024139 0.410981416702271 0.408389925956726 0.587893128395081 0.0761008933186531 0.718258023262024 0.307956039905548 0.779090702533722 0.991797387599945 0.924287438392639 0.73110020160675 0.607453405857086 0.115292027592659 0.103930786252022 0.0926739498972893 0.12013503909111 0.170560494065285 0.263936191797256 0.659553110599518 0.298596918582916 0.177603989839554 0.129752188920975 0.19783453643322 0.565415561199188 0.357569485902786 0.420053482055664 0.507665157318115 0.720536291599274
0.824207842350006 0.284001916646957 0.966025471687317 0.99720174074173 0.436537742614746 0.965357840061188 0.971517443656921 0.830498039722443 0.943006217479706 0.954438209533691 0.986908555030823 0.945635378360748 0.918167114257812 0.800605297088623 0.741786599159241 0.961685240268707 0.985355496406555 0.607458353042603 0.589272856712341 0.145651385188103 0.263327866792679 0.241597861051559 0.128145590424538 0.764985620975494 0.932181119918823 0.930911600589752 0.456567913293839 0.143757313489914 0.371734857559204 0.284771054983139 0.560878098011017 0.382475256919861 0.234492287039757 0.61968207359314 0.608452260494232 0.30341762304306 0.321857631206512 0.389022052288055 0.310522437095642 0.358763575553894 0.179673597216606 0.565304458141327 0.726274430751801 0.247034206986427
0.965113818645477 0.242048293352127 0.698710918426514 0.993018865585327 0.357763797044754 0.981490314006805 0.903899788856506 0.80581396818161 0.581684768199921 0.934914588928223 0.992312848567963 0.925503432750702 0.843244850635529 0.967317998409271 0.599396824836731 0.908142507076263 0.987946391105652 0.527500569820404 0.647588133811951 0.240432217717171 0.0820821300148964 0.0644385144114494 0.109171666204929 0.265333414077759 0.220567300915718 0.56581324338913 0.27474370598793 0.850566864013672 0.741572737693787 0.736576616764069 0.798765420913696 0.475107580423355 0.350773990154266 0.683592319488525 0.479316651821136 0.414326757192612 0.434723764657974 0.143954560160637 0.437307894229889 0.263207584619522 0.100489519536495 0.112803243100643 0.263240128755569 0.870908617973328
0.731897532939911 0.214829787611961 0.977293133735657 0.989720106124878 0.292772829532623 0.965899765491486 0.613958060741425 0.870086908340454 0.686334073543549 0.952152073383331 0.954560518264771 0.798048853874207 0.819679975509644 0.960501670837402 0.469359815120697 0.76732861995697 0.963433384895325 0.240867525339127 0.325197368860245 0.194926172494888 0.448829561471939 0.253920316696167 0.544835269451141 0.397050738334656 0.572666049003601 0.278990596532822 0.505918323993683 0.973887860774994 0.899191915988922 0.984866619110107 0.674571812152863 0.511927485466003 0.58321750164032 0.320711731910706 0.186947986483574 0.196102231740952 0.261818677186966 0.221615388989449 0.347814857959747 0.18521049618721 0.0499567613005638 0.2027348279953 0.466987013816833 0.947207391262054
0.478351205587387 0.229454964399338 0.986737489700317 0.97420608997345 0.309443533420563 0.975017666816711 0.768592357635498 0.630164563655853 0.460237771272659 0.941329717636108 0.881729006767273 0.645976603031158 0.565580189228058 0.96778005361557 0.735133945941925 0.499665766954422 0.551597952842712 0.323420584201813 0.20184388756752 0.218954160809517 0.469738215208054 0.11198153346777 0.65361887216568 0.801109731197357 0.312896460294724 0.724944829940796 0.441431999206543 0.964721918106079 0.873483836650848 0.89510315656662 0.737298548221588 0.788623511791229 0.718330323696136 0.26056581735611 0.129798516631126 0.123299360275269 0.108556844294071 0.131751298904419 0.283007502555847 0.219208210706711 0.0765245333313942 0.762481927871704 0.902081489562988 0.972810864448547
0.276261746883392 0.289395034313202 0.993087530136108 0.965105414390564 0.424577355384827 0.854113519191742 0.699381113052368 0.63941752910614 0.859659552574158 0.945470154285431 0.781487941741943 0.636536598205566 0.357232481241226 0.893920540809631 0.807703077793121 0.92620849609375 0.370592802762985 0.55458801984787 0.870151519775391 0.753138422966003 0.242842510342598 0.0753178223967552 0.35753270983696 0.865438640117645 0.584790527820587 0.728244185447693 0.276592671871185 0.412105143070221 0.517258524894714 0.837263107299805 0.709238469600677 0.594792187213898 0.465110898017883 0.201495155692101 0.0948111265897751 0.0781233534216881 0.0344385094940662 0.0297577567398548 0.137475222349167 0.121313169598579 0.18177692592144 0.78069794178009 0.967550456523895 0.923977255821228
0.398143321275711 0.11453128606081 0.392847537994385 0.41049525141716 0.459295988082886 0.687900722026825 0.831596314907074 0.300654262304306 0.738317131996155 0.738990008831024 0.826194941997528 0.732710301876068 0.455760568380356 0.465187102556229 0.971803247928619 0.986825108528137 0.407961636781693 0.390333890914917 0.6963170170784 0.457049816846848 0.185034513473511 0.0855837166309357 0.211806744337082 0.923500001430511 0.768208920955658 0.473418205976486 0.288420259952545 0.261979520320892 0.178257152438164 0.432281404733658 0.489938378334045 0.392503768205643 0.363048076629639 0.12570708990097 0.0598176568746567 0.0525278374552727 0.0152655765414238 0.0292660482227802 0.772589147090912 0.465756118297577 0.141417920589447 0.557441890239716 0.881013572216034 0.877751886844635
0.799800336360931 0.0996180921792984 0.63105297088623 0.970686018466949 0.888588666915894 0.217652812600136 0.834710896015167 0.277777165174484 0.822925508022308 0.651142299175262 0.851828634738922 0.874106049537659 0.808753192424774 0.439328014850616 0.575388550758362 0.986631989479065 0.440655291080475 0.427463799715042 0.584674060344696 0.431546896696091 0.225655809044838 0.0989165604114532 0.20883372426033 0.74655282497406 0.668711960315704 0.554884016513824 0.246300294995308 0.298863887786865 0.243618220090866 0.29602438211441 0.357630431652069 0.507773637771606 0.496751755475998 0.295537084341049 0.125860199332237 0.0340583845973015 0.00382810458540916 0.0216345377266407 0.671632885932922 0.446415275335312 0.330004632472992 0.44156414270401 0.879200160503387 0.898493647575378
0.913507223129272 0.0833311825990677 0.648266136646271 0.782495260238647 0.892765164375305 0.53779262304306 0.694670736789703 0.395675599575043 0.612708866596222 0.810481369495392 0.589431166648865 0.7087082862854 0.730231285095215 0.413701206445694 0.221367105841637 0.922770917415619 0.775842547416687 0.344930469989777 0.437696784734726 0.547281444072723 0.312508553266525 0.106538668274879 0.16310079395771 0.356082797050476 0.426808714866638 0.622387945652008 0.323664337396622 0.479727655649185 0.638094246387482 0.363010287284851 0.269415140151978 0.357067883014679 0.55683845281601 0.25336691737175 0.118325404822826 0.0814478769898415 0.00456910859793425 0.00291378609836102 0.391143649816513 0.759223222732544 0.649612247943878 0.555541813373566 0.810424149036407 0.845003247261047
0.838879406452179 0.0730852708220482 0.197507128119469 0.506263494491577 0.61497038602829 0.861574411392212 0.394912242889404 0.303965836763382 0.71388304233551 0.618557870388031 0.457017242908478 0.52410900592804 0.374293357133865 0.744292080402374 0.494040817022324 0.436964482069016 0.956750929355621 0.434255927801132 0.353700965642929 0.702965795993805 0.762398898601532 0.307399213314056 0.163565322756767 0.290163993835449 0.456926703453064 0.544118642807007 0.289616256952286 0.476597189903259 0.620979487895966 0.304340958595276 0.397944331169128 0.601050853729248 0.450449258089066 0.344768553972244 0.155579760670662 0.131860837340355 0.0153504647314548 0.00571864610537887 0.187089934945107 0.756379008293152 0.693709790706635 0.521114230155945 0.647395014762878 0.713012337684631
0.911729574203491 0.0711182430386543 0.382845222949982 0.812593817710876 0.633653104305267 0.738996922969818 0.626115381717682 0.426779568195343 0.513463914394379 0.374765425920486 0.568751037120819 0.326249867677689 0.281297236680984 0.665784955024719 0.423542767763138 0.305021524429321 0.536629498004913 0.61272257566452 0.509940564632416 0.584934949874878 0.740201354026794 0.438042819499969 0.304636776447296 0.3168905377388 0.371416926383972 0.374526023864746 0.334086537361145 0.527514338493347 0.510078608989716 0.21472005546093 0.43057107925415 0.614908695220947 0.592126667499542 0.33017510175705 0.22523295879364 0.292567640542984 0.111494489014149 0.0225548669695854 0.266484975814819 0.726437389850616 0.627888441085815 0.553074955940247 0.657586514949799 0.462556213140488
0.906264245510101 0.0550254918634892 0.394788861274719 0.87305349111557 0.888564050197601 0.347046345472336 0.240950211882591 0.319643020629883 0.407696217298508 0.233289957046509 0.536662518978119 0.434768825769424 0.201842814683914 0.25725519657135 0.154167160391808 0.540461540222168 0.512073040008545 0.257002770900726 0.53634786605835 0.613972425460815 0.322518765926361 0.322882831096649 0.348345369100571 0.318869560956955 0.303872555494308 0.321371793746948 0.25761741399765 0.303564608097076 0.32657516002655 0.31746917963028 0.568849384784698 0.640214145183563 0.480908513069153 0.301801413297653 0.345296919345856 0.407494753599167 0.196248769760132 0.241331771016121 0.598376095294952 0.736778318881989 0.747883975505829 0.533434092998505 0.408175140619278 0.328919589519501
0.816942512989044 0.0939111337065697 0.230817228555679 0.307005167007446 0.876946330070496 0.366159558296204 0.195670291781425 0.310816735029221 0.385285705327988 0.227567568421364 0.324178367853165 0.604406177997589 0.365354418754578 0.290136218070984 0.247671097517014 0.336672633886337 0.512503266334534 0.230594411492348 0.487393319606781 0.453984618186951 0.14519402384758 0.261149644851685 0.434386610984802 0.280693858861923 0.330432772636414 0.411525279283524 0.437698900699615 0.493177205324173 0.306365311145782 0.361543834209442 0.60652768611908 0.579581737518311 0.309006363153458 0.261501431465149 0.173004522919655 0.290639996528625 0.389796137809753 0.577959954738617 0.645693302154541 0.424827963113785 0.581680297851562 0.377165466547012 0.290688931941986 0.615817904472351
0.402374774217606 0.113781243562698 0.275811493396759 0.760526716709137 0.847225308418274 0.345484465360641 0.472602814435959 0.175618648529053 0.327745258808136 0.292981445789337 0.297479629516602 0.616608321666718 0.373917937278748 0.203267455101013 0.178981736302376 0.270630419254303 0.450616031885147 0.378862708806992 0.240464717149734 0.643058240413666 0.251656651496887 0.197597235441208 0.453584104776382 0.255815446376801 0.211435288190842 0.398702800273895 0.59800112247467 0.606351017951965 0.386801451444626 0.403120040893555 0.507564663887024 0.430901616811752 0.259372770786285 0.166315764188766 0.206943705677986 0.218021377921104 0.349664062261581 0.508966505527496 0.431706488132477 0.243970915675163 0.352623850107193 0.241529688239098 0.346191614866257 0.751057267189026
0.478409618139267 0.0781519263982773 0.24279573559761 0.767967224121094 0.76119339466095 0.284671604633331 0.497576802968979 0.373662352561951 0.307208955287933 0.589938640594482 0.37555792927742 0.235486939549446 0.404116034507751 0.25532078742981 0.17165507376194 0.258365124464035 0.27104926109314 0.495848506689072 0.220090717077255 0.601748406887054 0.545689523220062 0.273906588554382 0.224196061491966 0.21267132461071 0.157841384410858 0.316210627555847 0.662390291690826 0.489603877067566 0.267800748348236 0.211214035749435 0.257943034172058 0.248481914401054 0.314356714487076 0.300821930170059 0.207033142447472 0.218033239245415 0.412048995494843 0.266518741846085 0.264277786016464 0.168757632374763 0.17631633579731 0.279134750366211 0.345355480909348 0.645922243595123
0.454269379377365 0.118633009493351 0.184598043560982 0.378050833940506 0.455406367778778 0.213470906019211 0.399222940206528 0.417531371116638 0.293847113847733 0.196059465408325 0.299407213926315 0.3196841776371 0.336828052997589 0.366149991750717 0.144711062312126 0.280666768550873 0.249502539634705 0.612394332885742 0.406484097242355 0.396787464618683 0.409187763929367 0.31361711025238 0.137367427349091 0.0918112397193909 0.26024341583252 0.55550879240036 0.522600114345551 0.47998371720314 0.226128667593002 0.194164514541626 0.222579434514046 0.215256705880165 0.206429928541183 0.227443292737007 0.21590231359005 0.268067508935928 0.220402806997299 0.220569342374802 0.119030088186264 0.127299293875694 0.148403987288475 0.397338509559631 0.379138499498367 0.469658374786377
0.471475809812546 0.19817265868187 0.232956379652023 0.326609402894974 0.404276728630066 0.228145688772202 0.340845853090286 0.211748644709587 0.160049110651016 0.294852942228317 0.455135673284531 0.185289725661278 0.312462538480759 0.477981299161911 0.187810748815536 0.188260421156883 0.239897400140762 0.39347305893898 0.409373551607132 0.33772000670433 0.20059497654438 0.0999566540122032 0.124869465827942 0.196034952998161 0.0871150568127632 0.499256551265717 0.43323215842247 0.304775953292847 0.234511181712151 0.17934575676918 0.314943879842758 0.423833280801773 0.208094388246536 0.152371942996979 0.188054412603378 0.19035317003727 0.179900735616684 0.029219388961792 0.0294006243348122 0.161682695150375 0.180562928318977 0.472172111272812 0.319573670625687 0.392477720975876
