data/climate_estimation/maxent_output/Lilium_medeoloides.asc
NCOLS 398 
NROWS 238 
XLLCORNER 125.583333333333 
YLLCORNER 34.8333333333333 
CELLSIZE 0.0833333333333333 
NODATA_value -3.4e+38 
[rows 207 to 229 of 238, columns 104 to 155 of 398]
-3.4e+38 -3.4e+38 -3.4e+38 -3.4e+38 -3.4e+38 -3.4e+38 -3.4e+38 -3.4e+38 -3.4e+38 -3.4e+38 -3.4e+38 -3.4e+38 -3.4e+38 -3.4e+38 -3.4e+38 -3.4e+38 -3.4e+38 -3.4e+38 -3.4e+38 -3.4e+38 -3.4e+38 -3.4e+38 -3.4e+38 -3.4e+38 -3.4e+38 -3.4e+38 -3.4e+38 -3.4e+38 -3.4e+38 0.541721045970917 0.660850882530212 0.596250951290131 0.692477881908417 0.663794279098511 0.617353856563568 0.575159668922424 0.483032047748566 -3.4e+38 -3.4e+38 -3.4e+38 -3.4e+38 -3.4e+38 -3.4e+38 -3.4e+38 -3.4e+38 -3.4e+38 -3.4e+38 -3.4e+38 -3.4e+38 -3.4e+38 0.469019412994385 0.436629801988602
-3.4e+38 -3.4e+38 -3.4e+38 -3.4e+38 -3.4e+38 -3.4e+38 -3.4e+38 -3.4e+38 -3.4e+38 -3.4e+38 -3.4e+38 -3.4e+38 -3.4e+38 -3.4e+38 -3.4e+38 -3.4e+38 -3.4e+38 -3.4e+38 -3.4e+38 -3.4e+38 -3.4e+38 -3.4e+38 -3.4e+38 -3.4e+38 -3.4e+38 -3.4e+38 -3.4e+38 -3.4e+38 -3.4e+38 0.590013265609741 0.633946597576141 0.620865941047668 0.644596993923187 0.619059026241302 0.581246972084045 0.549056589603424 0.481689751148224 -3.4e+38 -3.4e+38 -3.4e+38 -3.4e+38 -3.4e+38 -3.4e+38 -3.4e+38 -3.4e+38 -3.4e+38 -3.4e+38 -3.4e+38 -3.4e+38 0.372136384248734 0.582993149757385 0.579599738121033
-3.4e+38 -3.4e+38 -3.4e+38 -3.4e+38 -3.4e+38 -3.4e+38 -3.4e+38 -3.4e+38 -3.4e+38 -3.4e+38 -3.4e+38 -3.4e+38 -3.4e+38 -3.4e+38 -3.4e+38 -3.4e+38 -3.4e+38 -3.4e+38 -3.4e+38 -3.4e+38 -3.4e+38 -3.4e+38 -3.4e+38 -3.4e+38 -3.4e+38 -3.4e+38 -3.4e+38 -3.4e+38 -3.4e+38 0.598833978176117 0.714235186576843 0.608470499515533 0.521428763866425 0.522356331348419 -3.4e+38 -3.4e+38 -3.4e+38 -3.4e+38 -3.4e+38 -3.4e+38 -3.4e+38 -3.4e+38 -3.4e+38 -3.4e+38 -3.4e+38 -3.4e+38 0.30542203783989 0.312147259712219 0.321488678455353 0.366329371929169 0.464773267507553 0.810445249080658
-3.4e+38 -3.4e+38 -3.4e+38 -3.4e+38 -3.4e+38 -3.4e+38 -3.4e+38 -3.4e+38 -3.4e+38 -3.4e+38 -3.4e+38 -3.4e+38 -3.4e+38 -3.4e+38 -3.4e+38 -3.4e+38 -3.4e+38 -3.4e+38 -3.4e+38 -3.4e+38 -3.4e+38 -3.4e+38 -3.4e+38 -3.4e+38 -3.4e+38 -3.4e+38 -3.4e+38 -3.4e+38 -3.4e+38 0.531010150909424 0.589189350605011 0.537122249603271 0.543924510478973 0.503749966621399 -3.4e+38 -3.4e+38 -3.4e+38 -3.4e+38 -3.4e+38 -3.4e+38 -3.4e+38 -3.4e+38 -3.4e+38 -3.4e+38 0.309974670410156 0.434815496206284 0.424262344837189 0.37481614947319 0.313511401414871 0.372541874647141 0.467081964015961 0.769498288631439
-3.4e+38 -3.4e+38 -3.4e+38 -3.4e+38 -3.4e+38 -3.4e+38 -3.4e+38 -3.4e+38 -3.4e+38 -3.4e+38 -3.4e+38 -3.4e+38 -3.4e+38 -3.4e+38 -3.4e+38 -3.4e+38 -3.4e+38 -3.4e+38 -3.4e+38 -3.4e+38 -3.4e+38 -3.4e+38 -3.4e+38 -3.4e+38 -3.4e+38 -3.4e+38 -3.4e+38 -3.4e+38 -3.4e+38 0.530725657939911 0.537013471126556 0.551739096641541 0.538560152053833 0.600766658782959 -3.4e+38 -3.4e+38 -3.4e+38 -3.4e+38 -3.4e+38 -3.4e+38 -3.4e+38 0.546763122081757 0.553979098796844 0.353367358446121 0.673082113265991 0.730159997940063 0.731877446174622 0.680405497550964 0.339862108230591 0.7403484582901 0.748088479042053 0.804791510105133
-3.4e+38 -3.4e+38 -3.4e+38 -3.4e+38 -3.4e+38 -3.4e+38 -3.4e+38 -3.4e+38 -3.4e+38 -3.4e+38 -3.4e+38 -3.4e+38 -3.4e+38 -3.4e+38 -3.4e+38 -3.4e+38 -3.4e+38 -3.4e+38 -3.4e+38 -3.4e+38 -3.4e+38 -3.4e+38 -3.4e+38 -3.4e+38 -3.4e+38 -3.4e+38 -3.4e+38 -3.4e+38 -3.4e+38 -3.4e+38 0.533039093017578 0.599211037158966 0.740068137645721 0.612099945545197 -3.4e+38 -3.4e+38 -3.4e+38 -3.4e+38 0.522882163524628 0.5208460688591 0.64943128824234 0.689868748188019 0.703129529953003 0.618108510971069 0.86925345659256 0.823790311813354 0.874100506305695 0.642764985561371 0.641455292701721 0.831646919250488 0.76503199338913 0.759544909000397
-3.4e+38 -3.4e+38 -3.4e+38 -3.4e+38 -3.4e+38 -3.4e+38 -3.4e+38 -3.4e+38 -3.4e+38 -3.4e+38 -3.4e+38 -3.4e+38 -3.4e+38 -3.4e+38 -3.4e+38 -3.4e+38 -3.4e+38 -3.4e+38 -3.4e+38 -3.4e+38 -3.4e+38 -3.4e+38 -3.4e+38 -3.4e+38 -3.4e+38 -3.4e+38 -3.4e+38 -3.4e+38 -3.4e+38 -3.4e+38 0.543482601642609 0.65825879573822 0.555405974388123 0.537841022014618 -3.4e+38 -3.4e+38 -3.4e+38 0.533934652805328 0.555766344070435 0.572292685508728 0.77347993850708 0.826421499252319 0.876289367675781 0.83946830034256 0.821078896522522 0.81810861825943 0.81825065612793 0.854065716266632 0.856411874294281 0.54152649641037 0.817916810512543 0.799756228923798
-3.4e+38 -3.4e+38 -3.4e+38 -3.4e+38 -3.4e+38 -3.4e+38 -3.4e+38 -3.4e+38 -3.4e+38 -3.4e+38 -3.4e+38 -3.4e+38 -3.4e+38 -3.4e+38 -3.4e+38 -3.4e+38 -3.4e+38 -3.4e+38 -3.4e+38 -3.4e+38 -3.4e+38 -3.4e+38 -3.4e+38 -3.4e+38 -3.4e+38 -3.4e+38 -3.4e+38 -3.4e+38 -3.4e+38 0.531148433685303 0.700203001499176 0.704982340335846 0.568148016929626 0.539844512939453 0.528459370136261 0.538599967956543 0.518783926963806 0.532362163066864 0.522866070270538 0.823098838329315 0.877166569232941 0.818192541599274 0.816489994525909 0.829526722431183 0.826510906219482 0.819839715957642 0.81369012594223 0.830734848976135 0.813030898571014 0.779065132141113 0.808297514915466 0.809177041053772
-3.4e+38 -3.4e+38 -3.4e+38 -3.4e+38 -3.4e+38 -3.4e+38 -3.4e+38 -3.4e+38 -3.4e+38 -3.4e+38 -3.4e+38 -3.4e+38 -3.4e+38 -3.4e+38 -3.4e+38 -3.4e+38 -3.4e+38 -3.4e+38 -3.4e+38 -3.4e+38 -3.4e+38 -3.4e+38 -3.4e+38 -3.4e+38 -3.4e+38 -3.4e+38 -3.4e+38 -3.4e+38 0.535748064517975 0.529726564884186 0.636975049972534 0.619315445423126 0.542549192905426 0.544128596782684 0.530051410198212 0.518072962760925 0.509509742259979 0.511925518512726 0.702300608158112 0.838142514228821 0.829516351222992 0.829646706581116 0.826635181903839 0.820049703121185 0.817479610443115 0.813394069671631 0.807304203510284 0.774262726306915 0.628882050514221 0.776640892028809 0.801638901233673 0.827273905277252
-3.4e+38 -3.4e+38 -3.4e+38 -3.4e+38 -3.4e+38 -3.4e+38 -3.4e+38 -3.4e+38 -3.4e+38 -3.4e+38 -3.4e+38 -3.4e+38 -3.4e+38 -3.4e+38 -3.4e+38 -3.4e+38 -3.4e+38 -3.4e+38 -3.4e+38 -3.4e+38 -3.4e+38 -3.4e+38 -3.4e+38 -3.4e+38 -3.4e+38 -3.4e+38 -3.4e+38 -3.4e+38 0.507039070129395 0.549785673618317 0.628130674362183 0.567172169685364 0.557133913040161 0.568788409233093 0.521474480628967 0.490895986557007 0.505233407020569 0.577067315578461 0.878791391849518 0.837000250816345 0.82083135843277 0.829598605632782 0.831001341342926 0.809808850288391 0.794732630252838 0.79106730222702 0.683888256549835 0.472257554531097 0.681568026542664 0.790987908840179 0.812229156494141 0.820097506046295
-3.4e+38 -3.4e+38 -3.4e+38 -3.4e+38 -3.4e+38 -3.4e+38 -3.4e+38 -3.4e+38 -3.4e+38 -3.4e+38 -3.4e+38 -3.4e+38 -3.4e+38 -3.4e+38 -3.4e+38 -3.4e+38 -3.4e+38 -3.4e+38 -3.4e+38 -3.4e+38 -3.4e+38 -3.4e+38 -3.4e+38 -3.4e+38 -3.4e+38 -3.4e+38 -3.4e+38 0.542925596237183 0.552045047283173 0.606761693954468 0.74076771736145 0.556918561458588 0.661458671092987 0.78664642572403 0.602137923240662 0.587492108345032 0.788980603218079 0.890421867370605 0.840987801551819 0.837168335914612 0.822066307067871 0.824098765850067 0.822178661823273 0.794319450855255 0.72838431596756 0.759586691856384 0.463911682367325 0.722765982151031 0.790587306022644 0.810044944286346 0.806293964385986 0.767363309860229
-3.4e+38 -3.4e+38 -3.4e+38 -3.4e+38 -3.4e+38 -3.4e+38 -3.4e+38 -3.4e+38 -3.4e+38 -3.4e+38 -3.4e+38 -3.4e+38 -3.4e+38 -3.4e+38 -3.4e+38 -3.4e+38 -3.4e+38 -3.4e+38 -3.4e+38 -3.4e+38 -3.4e+38 -3.4e+38 -3.4e+38 -3.4e+38 -3.4e+38 -3.4e+38 0.54665595293045 0.583856701850891 0.69729071855545 0.784474611282349 0.855369627475739 0.877674043178558 0.901074290275574 0.918280422687531 0.914687156677246 0.905157625675201 0.864386677742004 0.845466375350952 0.840903222560883 0.815248012542725 0.808440804481506 0.834633529186249 0.822004973888397 0.717590510845184 0.669749438762665 0.770788609981537 0.719659626483917 0.745338141918182 0.759308993816376 0.799411416053772 0.800379455089569 0.780276119709015
-3.4e+38 -3.4e+38 -3.4e+38 -3.4e+38 -3.4e+38 -3.4e+38 -3.4e+38 -3.4e+38 -3.4e+38 -3.4e+38 -3.4e+38 -3.4e+38 -3.4e+38 -3.4e+38 -3.4e+38 -3.4e+38 -3.4e+38 -3.4e+38 -3.4e+38 -3.4e+38 -3.4e+38 -3.4e+38 -3.4e+38 -3.4e+38 0.547343373298645 0.551333248615265 0.578357517719269 0.666127383708954 0.761402249336243 0.917741358280182 0.932409286499023 0.933551609516144 0.925083577632904 0.866473615169525 0.870716392993927 0.872560560703278 0.859371244907379 0.852397203445435 0.844688951969147 0.82694286108017 0.813729882240295 0.826349020004272 0.827012419700623 0.5798060297966 0.631056547164917 0.772975742816925 0.720709443092346 0.419289141893387 0.493252545595169 0.743917465209961 0.796058773994446 0.791722476482391
-3.4e+38 -3.4e+38 -3.4e+38 -3.4e+38 -3.4e+38 -3.4e+38 -3.4e+38 -3.4e+38 -3.4e+38 -3.4e+38 -3.4e+38 -3.4e+38 -3.4e+38 -3.4e+38 -3.4e+38 -3.4e+38 -3.4e+38 -3.4e+38 -3.4e+38 -3.4e+38 -3.4e+38 -3.4e+38 -3.4e+38 0.519588530063629 0.594747364521027 0.625815749168396 0.721007645130157 0.769781827926636 0.881243705749512 0.941873013973236 0.873770296573639 0.934958219528198 0.869182825088501 0.878341317176819 0.886800527572632 0.867665648460388 0.861926376819611 0.850538194179535 0.844677686691284 0.844853937625885 0.832781970500946 0.834641635417938 0.832021594047546 0.559613943099976 0.594414353370667 0.793267130851746 0.779002726078033 0.713989019393921 0.624256014823914 0.637046217918396 0.657666027545929 0.672613978385925
-3.4e+38 -3.4e+38 -3.4e+38 -3.4e+38 -3.4e+38 -3.4e+38 -3.4e+38 -3.4e+38 -3.4e+38 -3.4e+38 -3.4e+38 -3.4e+38 -3.4e+38 -3.4e+38 -3.4e+38 -3.4e+38 -3.4e+38 -3.4e+38 -3.4e+38 -3.4e+38 -3.4e+38 -3.4e+38 0.507785618305206 0.516112983226776 0.689009726047516 0.829620599746704 0.87152087688446 0.938565194606781 0.940063238143921 0.858766674995422 0.851941764354706 0.877564132213593 0.863685727119446 0.881541192531586 0.875968635082245 0.838405072689056 0.857111513614655 0.850984334945679 0.853509902954102 0.846528708934784 0.843771040439606 0.841842949390411 0.82092159986496 0.575212776660919 0.444141447544098 0.785793960094452 0.823743939399719 0.769201993942261 0.73324853181839 0.665186107158661 0.630532920360565 0.659495651721954
-3.4e+38 -3.4e+38 -3.4e+38 -3.4e+38 -3.4e+38 -3.4e+38 -3.4e+38 -3.4e+38 -3.4e+38 -3.4e+38 -3.4e+38 -3.4e+38 -3.4e+38 -3.4e+38 -3.4e+38 -3.4e+38 -3.4e+38 -3.4e+38 -3.4e+38 -3.4e+38 -3.4e+38 0.747144639492035 0.628866076469421 0.509900450706482 0.61688244342804 0.845224440097809 0.887336492538452 0.931978046894073 0.940359234809875 0.870564937591553 0.838724970817566 0.874371111392975 0.881089150905609 0.87493509054184 0.87876033782959 0.872327506542206 0.855602860450745 0.850039601325989 0.851628005504608 0.833165407180786 0.846752226352692 0.835016429424286 0.83658641576767 0.766775190830231 0.559868097305298 0.800377726554871 0.804978549480438 0.809638857841492 0.819783926010132 0.794092893600464 0.641912341117859 0.715136587619781
-3.4e+38 -3.4e+38 -3.4e+38 -3.4e+38 -3.4e+38 -3.4e+38 -3.4e+38 -3.4e+38 -3.4e+38 -3.4e+38 -3.4e+38 -3.4e+38 -3.4e+38 -3.4e+38 -3.4e+38 -3.4e+38 -3.4e+38 -3.4e+38 -3.4e+38 -3.4e+38 -3.4e+38 0.812662899494171 0.640557885169983 0.508948922157288 0.657984912395477 0.777532935142517 0.719081699848175 0.839589416980743 0.889490842819214 0.88392186164856 0.869076013565063 0.883628487586975 0.888799548149109 0.873043477535248 0.871029436588287 0.871429562568665 0.856794834136963 0.850133061408997 0.844103574752808 0.849128663539886 0.846413373947144 0.840390920639038 0.834589540958405 0.795363664627075 0.766131579875946 0.741674184799194 0.741391122341156 0.756102502346039 0.810661971569061 0.830872058868408 0.729881346225739 0.719188988208771
-3.4e+38 -3.4e+38 -3.4e+38 -3.4e+38 -3.4e+38 -3.4e+38 -3.4e+38 -3.4e+38 -3.4e+38 -3.4e+38 -3.4e+38 -3.4e+38 -3.4e+38 -3.4e+38 -3.4e+38 -3.4e+38 -3.4e+38 -3.4e+38 -3.4e+38 -3.4e+38 0.763181686401367 0.739078462123871 0.556732356548309 0.548519134521484 0.72378009557724 0.785868346691132 0.811448097229004 0.80119514465332 0.917265355587006 0.896731853485107 0.895403981208801 0.901475846767426 0.878095686435699 0.873312711715698 0.87346887588501 0.863217532634735 0.85396671295166 0.85220205783844 0.854726731777191 0.842760622501373 0.832551896572113 0.835168898105621 0.807639539241791 0.81972998380661 0.756434321403503 0.759105324745178 0.773373961448669 0.720590710639954 0.785656750202179 0.83637809753418 0.781044125556946 0.771603882312775
-3.4e+38 -3.4e+38 -3.4e+38 -3.4e+38 -3.4e+38 -3.4e+38 -3.4e+38 -3.4e+38 -3.4e+38 -3.4e+38 -3.4e+38 -3.4e+38 -3.4e+38 -3.4e+38 -3.4e+38 -3.4e+38 -3.4e+38 -3.4e+38 -3.4e+38 -3.4e+38 -3.4e+38 0.703019857406616 0.646518528461456 0.615597724914551 0.750653922557831 0.885881066322327 0.891342520713806 0.904025316238403 0.929775893688202 0.927533447742462 0.894419848918915 0.884337186813354 0.888736486434937 0.885945737361908 0.870902955532074 0.856083273887634 0.856702446937561 0.855170667171478 0.850034117698669 0.847664713859558 0.818060219287872 0.803697526454926 0.820328891277313 0.814810931682587 0.639467597007751 0.745822072029114 0.783908367156982 0.792290389537811 0.702990293502808 0.706013560295105 0.699752151966095 0.759872019290924
-3.4e+38 -3.4e+38 -3.4e+38 -3.4e+38 -3.4e+38 -3.4e+38 -3.4e+38 -3.4e+38 -3.4e+38 -3.4e+38 -3.4e+38 0.408040702342987 0.296017408370972 -3.4e+38 -3.4e+38 -3.4e+38 -3.4e+38 -3.4e+38 -3.4e+38 -3.4e+38 -3.4e+38 0.519919037818909 0.694032847881317 0.629620611667633 0.857292413711548 0.926642119884491 0.917762696743011 0.921178460121155 0.919028699398041 0.890733182430267 0.890573978424072 0.895841002464294 0.796025276184082 0.875536382198334 0.845319509506226 0.820510268211365 0.839117884635925 0.851129770278931 0.845184445381165 0.832817077636719 0.81036102771759 0.798137426376343 0.840291857719421 0.820094048976898 0.622701942920685 0.741094946861267 0.7814861536026 0.824003458023071 0.73798680305481 0.519736766815186 0.596022307872772 0.722553968429565
-3.4e+38 -3.4e+38 -3.4e+38 -3.4e+38 -3.4e+38 -3.4e+38 -3.4e+38 -3.4e+38 0.379583209753036 0.32501408457756 0.377960503101349 0.501461982727051 0.332384288311005 -3.4e+38 0.25607231259346 -3.4e+38 -3.4e+38 -3.4e+38 -3.4e+38 -3.4e+38 0.497458040714264 0.534936010837555 0.715707719326019 0.895281553268433 0.908049881458282 0.908140778541565 0.913547039031982 0.911198139190674 0.90889847278595 0.889029681682587 0.890428006649017 0.884353816509247 0.743801832199097 0.78336375951767 0.698285639286041 0.719174206256866 0.802048742771149 0.814140200614929 0.829371571540833 0.833452224731445 0.804997563362122 0.785551130771637 0.837809145450592 0.795148372650146 0.663098990917206 0.771833419799805 0.806938230991364 0.836317121982574 0.822908163070679 0.724984228610992 0.372868597507477 0.432935297489166
0.255822688341141 0.333284139633179 0.328502327203751 0.441967725753784 0.381622284650803 0.404527425765991 0.385392725467682 0.359541058540344 0.351769596338272 0.358922123908997 0.42454668879509 0.484405934810638 0.254964381456375 -3.4e+38 0.247549191117287 -3.4e+38 -3.4e+38 -3.4e+38 0.293027013540268 0.281511515378952 0.369257241487503 0.44278421998024 0.605740010738373 0.884111523628235 0.895691692829132 0.89424854516983 0.890579402446747 0.88814115524292 0.814800083637238 0.788892388343811 0.749318540096283 0.811784505844116 0.625660538673401 0.607789874076843 0.637984931468964 0.638820052146912 0.713193774223328 0.792783200740814 0.692955732345581 0.786443710327148 0.766396224498749 0.814784348011017 0.829074382781982 0.750870525836945 0.661720752716064 0.757005155086517 0.809876978397369 0.831267893314362 0.786866128444672 0.721330940723419 0.336809933185577 0.259824514389038
0.295721143484116 0.385467618703842 0.50647246837616 0.522572815418243 0.736477315425873 0.520953297615051 0.353304803371429 0.384239107370377 0.453238099813461 0.443844377994537 0.336949467658997 0.305562347173691 0.339792102575302 0.378247827291489 0.377416580915451 0.231411129236221 0.329411387443542 0.347171038389206 0.295998066663742 0.309680610895157 0.752670526504517 0.843457281589508 0.643231570720673 0.619237661361694 0.865925014019012 0.883678257465363 0.871460318565369 0.721737682819366 0.595770716667175 0.534913063049316 0.468648135662079 0.451019138097763 0.461375683546066 0.499132841825485 0.565806686878204 0.65089613199234 0.739355683326721 0.752996146678925 0.536674737930298 0.595556676387787 0.778300821781158 0.795500159263611 0.743544459342957 0.525039792060852 0.712064981460571 0.757534325122833 0.81378048658371 0.826367735862732 0.745598495006561 0.693521022796631 0.319491267204285 0.462305724620819
