data/climate_estimation/maxent_output/Lilium_lancifolium.asc
NCOLS 633 
NROWS 240 
XLLCORNER 93.0833333333333 
YLLCORNER 24.1666666666667 
CELLSIZE 0.0833333333333333 
NODATA_value -3.4e+38 
[rows 21 to 41 of 240, columns 245 to 293 of 633]
0.00333168637007475 0.00347151583991945 0.00364669528789818 0.00381295173428953 0.00373210338875651 0.00370649783872068 0.00398040702566504 0.00405573192983866 0.00409100623801351 0.00420727115124464 0.00396511238068342 0.00391755672171712 0.0039343130774796 0.00415993249043822 0.00433520134538412 0.00403859140351415 0.00417039589956403 0.00352361868135631 0.00247009331360459 0.00374997640028596 0.00425740331411362 0.0044200629927218 0.00452601118013263 0.00476598460227251 0.00492369523271918 0.00472597219049931 0.00299581699073315 0.00494734523817897 0.00543735781684518 0.0055199833586812 0.00599731411784887 0.00657353224232793 0.00741130905225873 0.00745887495577335 0.00827676989138126 0.0094114663079381 0.0102669885382056 0.0112677700817585 0.0123547147959471 0.0140234129503369 0.0159678924828768 0.0177075043320656 0.019368214532733 0.0213809367269278 0.0239906199276447 0.025053471326828 0.0169886648654938 0.0309248771518469 0.0344149619340897
0.00348734785802662 0.00365107040852308 0.00414323946461082 0.0039871484041214 0.00394574133679271 0.00419181026518345 0.00452722329646349 0.00451683672145009 0.00443898607045412 0.00422466173768044 0.00432653492316604 0.0040780627168715 0.00429285224527121 0.00479142321273685 0.00503952382132411 0.00515428511425853 0.00456832069903612 0.00431549968197942 0.00438842410221696 0.00456595793366432 0.00445143599063158 0.0047470023855567 0.00495612714439631 0.00552561646327376 0.00547376787289977 0.00526329036802053 0.00528472615405917 0.00535269314423203 0.00588215654715896 0.00615572556853294 0.00690744072198868 0.00743922404944897 0.0076632178388536 0.00813468731939793 0.00867409165948629 0.0101561173796654 0.0113861877471209 0.0130728967487812 0.0142103005200624 0.0167839881032705 0.0184337422251701 0.0206973981112242 0.0223609749227762 0.0267640724778175 0.0276211481541395 0.0285937841981649 0.0300191268324852 0.0355504564940929 0.0398360416293144
0.00397399393841624 0.00425818748772144 0.0045708972029388 0.00430908799171448 0.00450921105220914 0.00461079506203532 0.00502302590757608 0.00498966267332435 0.00469599198549986 0.00448871543630958 0.00466722343116999 0.00480205006897449 0.00506388396024704 0.00565925659611821 0.00557910976931453 0.00567144388332963 0.00552785629406571 0.00537068629637361 0.00536419032141566 0.00499527808278799 0.00344085087999701 0.00534938788041472 0.00364316161721945 0.00574911711737514 0.00600626273080707 0.00631978595629334 0.00625148694962263 0.00624581566080451 0.00691540259867907 0.00754778739064932 0.00744960643351078 0.00750475795939565 0.00808178540319204 0.00554080959409475 0.00958988908678293 0.0113206887617707 0.0127650741487741 0.0150133660063148 0.0159842576831579 0.0182531084865332 0.0200633425265551 0.0245286487042904 0.0269049610942602 0.0289058573544025 0.0305385701358318 0.0327572859823704 0.0364170521497726 0.0434645190834999 0.0526892654597759
0.00452917022630572 0.00473002018406987 0.00481313467025757 0.00477159721776843 0.00474989460781217 0.00507904496043921 0.00546985631808639 0.0053565357811749 0.00528760673478246 0.00501069473102689 0.00575942872092128 0.00571038341149688 0.00603147363290191 0.00594124058261514 0.00598099268972874 0.00617247354239225 0.00629529589787126 0.00593300117179751 0.00603701407089829 0.00393034005537629 0.00379155273549259 0.00405296310782433 0.00374554726295173 0.00414080498740077 0.00636371318250895 0.00667973374947906 0.00663297949358821 0.00474717328324914 0.0079513406381011 0.00792802590876818 0.00511122355237603 0.00522316666319966 0.008745894767344 0.0102524999529123 0.0114562539383769 0.0121511574834585 0.013670302927494 0.0165632516145706 0.0189946051687002 0.0217582453042269 0.0235111434012651 0.0292138531804085 0.0299020204693079 0.0300779659301043 0.0336829647421837 0.0423674918711185 0.0453269220888615 0.0569215938448906 0.0611100718379021
0.00476787937805057 0.0049443356692791 0.0049903248436749 0.00522527378052473 0.00545352604240179 0.00554855447262526 0.00590855302289128 0.00553257670253515 0.00553755555301905 0.00577868660911918 0.0058356961235404 0.00410155486315489 0.00632750196382403 0.00398176722228527 0.00418592244386673 0.00400665495544672 0.00426579359918833 0.00411111256107688 0.00431846408173442 0.00412516016513109 0.00410019094124436 0.00400016270577908 0.00424666376784444 0.00421969685703516 0.00431078439578414 0.00467330683022738 0.00491660134866834 0.00526727549731731 0.00862147007137537 0.00901571847498417 0.00601532869040966 0.00676511880010366 0.0105341542512178 0.0114541249349713 0.012787670828402 0.0139066642150283 0.0149862617254257 0.0181825179606676 0.0236516203731298 0.0250736847519875 0.0238366816192865 0.0321361124515533 0.0325834974646568 0.0394721142947674 0.043940644711256 0.0541507676243782 0.0633283630013466 0.0655749291181564 0.0742158219218254
0.00582632794976234 0.00559682957828045 0.00582799967378378 0.00587745476514101 0.00614097947254777 0.00615145964547992 0.00671893311664462 0.00670372601598501 0.00669740187004209 0.00628826068714261 0.00452486891299486 0.00447773188352585 0.00467242719605565 0.00438317703083158 0.00447706738486886 0.0043505784124136 0.00482883816584945 0.00488013261929154 0.00509354984387755 0.00452983425930142 0.00423278519883752 0.00445268675684929 0.00446959538385272 0.00475807581096888 0.00454070512205362 0.00470901560038328 0.00567071698606014 0.00632613524794579 0.0100848451256752 0.00683964462950826 0.00675435783341527 0.00726554356515408 0.00768353277817369 0.00852413009852171 0.0092566255480051 0.0154386200010777 0.018976790830493 0.0233014412224293 0.0260382890701294 0.0263103637844324 0.0297395046800375 0.038953959941864 0.0395375974476337 0.0492707416415215 0.0601871088147163 0.0669789537787437 0.0814651027321815 0.0839208662509918 0.0861995443701744
0.0058691487647593 0.00634389463812113 0.00681714294478297 0.00709416763857007 0.00705054821446538 0.00714443158358335 0.00765507342293859 0.00819440372288227 0.0078249741345644 0.00527422223240137 0.00533326296135783 0.00502999918535352 0.00555044505745173 0.00533181615173817 0.00545338122174144 0.00535436067730188 0.00546602392569184 0.00567519618198276 0.00574880000203848 0.0057313060387969 0.00515702459961176 0.00526262260973454 0.00548968510702252 0.00538027472794056 0.0054339487105608 0.00571475783362985 0.00623132893815637 0.00724708661437035 0.00773708755150437 0.00779961049556732 0.00781526789069176 0.00750062195584178 0.00794526468962431 0.00985509809106588 0.0114924572408199 0.0203404873609543 0.0253161545842886 0.0285657420754433 0.028311837464571 0.019578667357564 0.0366151407361031 0.0493062324821949 0.0507219620049 0.0530470907688141 0.0677704811096191 0.0737796872854233 0.0853688046336174 0.101926662027836 0.0960321351885796
0.00691051594913006 0.00741235679015517 0.0080810459330678 0.00799020193517208 0.00795407500118017 0.00829908810555935 0.00881058722734451 0.00942255742847919 0.00931098964065313 0.00610269512981176 0.00630260119214654 0.00655878521502018 0.00632843747735023 0.00652639148756862 0.00613140035420656 0.006178829818964 0.00609770510345697 0.00617660256102681 0.00657908385619521 0.00632925610989332 0.00629832176491618 0.00619590654969215 0.006417918484658 0.00636895420029759 0.00676429877057672 0.00696613965556026 0.00773845380172133 0.00810219906270504 0.0089154914021492 0.00919570680707693 0.00909159984439611 0.0099505577236414 0.0102965589612722 0.0113044669851661 0.0140177337452769 0.024972353130579 0.0275006182491779 0.0187784396111965 0.0320601351559162 0.0373564399778843 0.0475890263915062 0.0622740387916565 0.0584663599729538 0.0613735057413578 0.0706299990415573 0.0870596095919609 0.106193743646145 0.12304525822401 0.112105742096901
0.00832259189337492 0.00890034902840853 0.00913713034242392 0.00893704500049353 0.00996545515954494 0.0099802054464817 0.0103365089744329 0.0109839765354991 0.0111779943108559 0.0115349758416414 0.0115860272198915 0.00788369309157133 0.00752185005694628 0.00750716496258974 0.00727897882461548 0.00694550294429064 0.00712108984589577 0.00663006212562323 0.00697759259492159 0.00746110687032342 0.00706074945628643 0.00713203987106681 0.00731809018179774 0.00724006211385131 0.00759330671280622 0.00808744411915541 0.00874208193272352 0.00915059074759483 0.00934289116412401 0.0100661404430866 0.0105079524219036 0.0113188326358795 0.011364390142262 0.0129790296778083 0.0173489321023226 0.0307566337287426 0.0328809916973114 0.0220374781638384 0.0440572760999203 0.057712659239769 0.0615115165710449 0.0751512348651886 0.08444694429636 0.0823246538639069 0.094992071390152 0.11158636957407 0.129269301891327 0.149567455053329 0.135266184806824
0.0101973172277212 0.0108192479237914 0.0110097965225577 0.0113310646265745 0.0119800586253405 0.0122855454683304 0.0128172282129526 0.013912077061832 0.0136795854195952 0.0140421874821186 0.0136622479185462 0.00942779611796141 0.00902086216956377 0.00836029648780823 0.00838732905685902 0.00797401834279299 0.00778309069573879 0.00844400189816952 0.00847638491541147 0.00828336272388697 0.00797618925571442 0.00794281717389822 0.0083557590842247 0.0081999646499753 0.00872115883976221 0.00902663916349411 0.00925622414797544 0.00949148181825876 0.0108236279338598 0.0109384022653103 0.0114970244467258 0.0110575268045068 0.0120627414435148 0.0139960329979658 0.0202792938798666 0.0204441025853157 0.0402726456522942 0.0478211417794228 0.0509776771068573 0.074148453772068 0.0856269150972366 0.102358661592007 0.117974691092968 0.117944926023483 0.120410919189453 0.121779061853886 0.134788274765015 0.172848239541054 0.1713757365942
0.0120890354737639 0.0131403794512153 0.0139285363256931 0.0147305699065328 0.0148092824965715 0.0156029341742396 0.0163136329501867 0.0166891068220139 0.0163480062037706 0.015836825594306 0.010624916292727 0.0103952558711171 0.0105977896600962 0.0101062543690205 0.00987536553293467 0.00912420079112053 0.00943412724882364 0.00925739668309689 0.00912466272711754 0.00880853366106749 0.0085900342091918 0.0084374388679862 0.00812085252255201 0.00845691375434399 0.00926072150468826 0.0095193712040782 0.0104044014587998 0.010508868843317 0.0117689799517393 0.0122300609946251 0.0125938514247537 0.0126885129138827 0.0134901134297252 0.0193202588707209 0.0234359167516232 0.0251118335872889 0.0481471866369247 0.0646850168704987 0.0609214194118977 0.068860299885273 0.0902761369943619 0.103212758898735 0.120341084897518 0.142269447445869 0.169324934482574 0.173224940896034 0.17113932967186 0.215134233236313 0.207756355404854
0.0145869087427855 0.0156656187027693 0.0155721725896001 0.0171071775257587 0.01732531003654 0.0177408270537853 0.0176913999021053 0.0174171514809132 0.0118423411622643 0.0115448450669646 0.0113060735166073 0.0120696676895022 0.01134152431041 0.011519811116159 0.0107029881328344 0.0100625697523355 0.0108904903754592 0.0103740803897381 0.00995373446494341 0.00940645672380924 0.00906390137970448 0.00870537757873535 0.0087155494838953 0.00875761266797781 0.0100452331826091 0.0104513773694634 0.0111446073278785 0.0120691498741508 0.0115651246160269 0.0125320758670568 0.0135521581396461 0.00880576856434345 0.0169579833745956 0.0282809864729643 0.0567567571997643 0.0561788491904736 0.0773885771632195 0.0964265018701553 0.101589120924473 0.0961322337388992 0.119786612689495 0.129167228937149 0.116858415305614 0.162595257163048 0.19939287006855 0.219046458601952 0.211294651031494 0.241607695817947 0.264558017253876
0.0164745226502419 0.016923762857914 0.0119736092165112 0.0124049987643957 0.0193349719047546 0.0198742318898439 0.0138081777840853 0.0130224488675594 0.0132635869085789 0.0126111628487706 0.0138237569481134 0.014261569827795 0.0140901450067759 0.013599457219243 0.0131078707054257 0.0129422266036272 0.0124952141195536 0.0113169429823756 0.0105002028867602 0.0101589355617762 0.00914567802101374 0.00891591887921095 0.00872163753956556 0.00912361219525337 0.00964831095188856 0.0104419263079762 0.0128566054627299 0.0126932272687554 0.0141101256012917 0.0143459206447005 0.0100737018510699 0.0111879678443074 0.0229910388588905 0.0317958742380142 0.0633449703454971 0.084159292280674 0.108022280037403 0.132128000259399 0.0607862547039986 0.115209266543388 0.163352712988853 0.183219283819199 0.191698357462883 0.213100284337997 0.250342935323715 0.274293780326843 0.27840980887413 0.279503673315048 0.332819491624832
0.0119132967665792 0.012115178629756 0.013325328938663 0.0138199031352997 0.0144855054095387 0.0142475804314017 0.0138762248679996 0.0145698310807347 0.0143405050039291 0.013942327350378 0.0157631915062666 0.0162046905606985 0.0149966375902295 0.0154927838593721 0.0151328276842833 0.0140434484928846 0.0131576508283615 0.0117576206102967 0.0107399597764015 0.0103670936077833 0.00950889568775892 0.00898037105798721 0.00951262749731541 0.00976479798555374 0.0118683464825153 0.0124158412218094 0.0164892747998238 0.00906712003052235 0.00985150784254074 0.0165783818811178 0.0226353500038385 0.0235044918954372 0.0226185657083988 0.0329472236335278 0.0486717484891415 0.106633991003036 0.154246985912323 0.163544401526451 0.154840558767319 0.193431749939919 0.185374543070793 0.230175107717514 0.249935656785965 0.299277156591415 0.328185170888901 0.334288001060486 0.367787748575211 0.241164907813072 0.381120294332504
0.012362714856863 0.0138683849945664 0.0144315427169204 0.0143666723743081 0.0148927718400955 0.0154237831011415 0.0157533325254917 0.0156601071357727 0.015010779723525 0.0136906895786524 0.0146449748426676 0.0157342907041311 0.0155686559155583 0.0163272824138403 0.0157793797552586 0.0148213161155581 0.0136739751324058 0.0122629720717669 0.0112896263599396 0.0108918976038694 0.00982416607439518 0.00683736894279718 0.00688484264537692 0.0074625969864428 0.0140201104804873 0.017607169225812 0.0199780538678169 0.0201218742877245 0.0179498847573996 0.0260240323841572 0.0387537702918053 0.0341447256505489 0.0329950265586376 0.0460211783647537 0.0592934638261795 0.0690575316548347 0.186009496450424 0.236686378717422 0.238386675715446 0.291642129421234 0.289961040019989 0.299722909927368 0.335876673460007 0.353836119174957 0.408498615026474 0.276041656732559 0.451979577541351 0.446605384349823 0.464664131402969
0.0144124422222376 0.0166151653975248 0.016484247520566 0.0160302333533764 0.0165018904954195 0.017260430380702 0.0169758182018995 0.0162046495825052 0.0152673106640577 0.0144544253125787 0.0149592813104391 0.016032824292779 0.0155414864420891 0.0167592335492373 0.0170994345098734 0.0159255713224411 0.014546113088727 0.013856397010386 0.0147885167971253 0.013589303009212 0.011545998044312 0.00777723640203476 0.00799126736819744 0.00865225400775671 0.0161071084439754 0.0215406250208616 0.0286378376185894 0.0282357819378376 0.0290876552462578 0.038972407579422 0.0793691575527191 0.0591001436114311 0.038398340344429 0.0464620180428028 0.0747199282050133 0.154717177152634 0.2298643887043 0.245169624686241 0.140471622347832 0.324253618717194 0.416849911212921 0.420842856168747 0.449713170528412 0.422546982765198 0.47738790512085 0.51207834482193 0.47111588716507 0.535840213298798 0.547083675861359
0.0178144965320826 0.0197722446173429 0.0208767615258694 0.0209398586302996 0.020686274394393 0.019530376419425 0.0200676489621401 0.0208078175783157 0.0215864200145006 0.0183722600340843 0.0161116328090429 0.0154494801536202 0.0170278809964657 0.0162022635340691 0.0167951434850693 0.0163147300481796 0.0190441720187664 0.0205782763659954 0.0230432990938425 0.0141047472134233 0.0141052938997746 0.0133163966238499 0.00899976957589388 0.00946521665900946 0.0173016171902418 0.0211893934756517 0.0287160240113735 0.0426235906779766 0.0345789268612862 0.04347088560462 0.110755160450935 0.0641577392816544 0.0691048726439476 0.0613156743347645 0.109490022063255 0.231074392795563 0.307100564241409 0.286609262228012 0.182938471436501 0.442103773355484 0.49526447057724 0.536817729473114 0.541876256465912 0.394999504089355 0.339033514261246 0.558144748210907 0.590673387050629 0.600837111473083 0.599065184593201
0.0197410378605127 0.0224244985729456 0.0231061391532421 0.02359564229846 0.0241745319217443 0.0175850838422775 0.0213304311037064 0.0277161616832018 0.029583178460598 0.0252184011042118 0.0199255496263504 0.017875574529171 0.0242987163364887 0.0300816893577576 0.0351686850190163 0.0243165418505669 0.0343432687222958 0.0418658629059792 0.0237570740282536 0.0170790161937475 0.0162194706499577 0.0157353449612856 0.0100967260077596 0.0103222858160734 0.0127410152927041 0.0271775759756565 0.0372069366276264 0.0558537058532238 0.0567022487521172 0.0690171644091606 0.136574938893318 0.160259827971458 0.18943153321743 0.114024668931961 0.142760083079338 0.134281352162361 0.334274441003799 0.465729176998138 0.400124043226242 0.552458226680756 0.595507860183716 0.614600479602814 0.63323450088501 0.426790475845337 0.561686336994171 0.614515602588654 0.629711091518402 0.621079564094543 0.625824093818665
0.0205958560109138 0.0241629742085934 0.0232941564172506 0.0245451647788286 0.0270818118005991 0.0265219677239656 0.0277539100497961 0.0304155144840479 0.0348241105675697 0.0377874001860619 0.0335101410746574 0.0383322052657604 0.0394713766872883 0.0421322658658028 0.0955110639333725 0.0840649306774139 0.104082174599171 0.0518638603389263 0.0315718799829483 0.0236863419413567 0.0122547456994653 0.0113350264728069 0.0117257172241807 0.0127384820953012 0.0226124953478575 0.0318343043327332 0.0404582284390926 0.0666274130344391 0.130029916763306 0.102791666984558 0.0998100414872169 0.147668391466141 0.325698792934418 0.197171211242676 0.230174317955971 0.247195854783058 0.489936590194702 0.596930861473083 0.62622594833374 0.628243803977966 0.646247446537018 0.526886940002441 0.53262847661972 0.647900879383087 0.652345895767212 0.649143993854523 0.591694533824921 0.580380320549011 0.587046325206757
0.0247848480939865 0.0261838231235743 0.0257737897336483 0.028106065467 0.0270917341113091 0.0281023364514112 0.0304003432393074 0.0276833884418011 0.0292107407003641 0.0385385304689407 0.0382478497922421 0.0858912244439125 0.0949693247675896 0.0971821174025536 0.124907858669758 0.141973361372948 0.149197801947594 0.0974195823073387 0.0475211590528488 0.0335431210696697 0.0237944982945919 0.0149307157844305 0.0152890980243683 0.0158370919525623 0.0374731086194515 0.0463049449026585 0.0550433360040188 0.0653903409838676 0.0852013975381851 0.136971265077591 0.121102891862392 0.167355120182037 0.205045059323311 0.301377385854721 0.527082741260529 0.580222547054291 0.654139339923859 0.676542639732361 0.69160658121109 0.536406397819519 0.524206519126892 0.547759652137756 0.565214991569519 0.697085618972778 0.697684943675995 0.683724403381348 0.663597524166107 0.355286538600922 0.314098000526428
0.0237224902957678 0.0245062578469515 0.0250074230134487 0.0265394076704979 0.0274196416139603 0.0282240957021713 0.0301469508558512 0.0369725115597248 0.040047001093626 0.0482361577451229 0.0904990583658218 0.10459366440773 0.112021051347256 0.127358645200729 0.137453585863113 0.140080749988556 0.148988902568817 0.150457605719566 0.138231813907623 0.10498534142971 0.0556922554969788 0.0817519128322601 0.0864918157458305 0.0413425080478191 0.0471634902060032 0.0542252510786057 0.0806525349617004 0.111669734120369 0.13244341313839 0.190625876188278 0.25105294585228 0.311376810073853 0.279664218425751 0.433872580528259 0.526964843273163 0.534897327423096 0.564544260501862 0.580311357975006 0.560882031917572 0.494896799325943 0.520678281784058 0.547320544719696 0.535187304019928 0.729717016220093 0.730143845081329 0.726124942302704 0.67650830745697 0.602449119091034 0.581970572471619
