data/climate_estimation/maxent_output/Lilium_pyrenaicum.asc
NCOLS 106 
NROWS 24 
XLLCORNER -6.08333333333333 
YLLCORNER 42.3333333333333 
CELLSIZE 0.0833333333333333 
NODATA_value -3.4e+38 
[rows 0 to 19 of 24, columns 44 to 87 of 106]
-3.4e+38 -3.4e+38 -3.4e+38 -3.4e+38 -3.4e+38 -3.4e+38 -3.4e+38 -3.4e+38 -3.4e+38 -3.4e+38 -3.4e+38 -3.4e+38 -3.4e+38 0.507878243923187 0.52888298034668 0.556978464126587 0.625757694244385 0.685075461864471 0.653931677341461 0.682648956775665 0.671715080738068 0.724220335483551 0.725988686084747 0.707239210605621 0.717455804347992 0.673936486244202 0.700736999511719 0.727596402168274 0.706003546714783 0.646064460277557 0.680684268474579 0.645723819732666 0.57734751701355 0.566815972328186 0.296160280704498 0.520334959030151 0.507830023765564 0.484405547380447 0.45096829533577 0.414550513029099 0.41687422990799 0.381399363279343 0.370411098003387 0.310752838850021
-3.4e+38 -3.4e+38 -3.4e+38 -3.4e+38 -3.4e+38 -3.4e+38 -3.4e+38 -3.4e+38 -3.4e+38 -3.4e+38 -3.4e+38 -3.4e+38 -3.4e+38 0.501186788082123 0.511457920074463 0.566559791564941 0.644091248512268 0.692354142665863 0.675887048244476 0.698642790317535 0.708099663257599 0.738016903400421 0.743477404117584 0.729321777820587 0.728577435016632 0.765139579772949 0.732550323009491 0.74146842956543 0.691789925098419 0.729281544685364 0.67797440290451 0.643375813961029 0.613810420036316 0.55069899559021 0.491156250238419 0.427902430295944 0.20196034014225 0.411185443401337 0.382849901914597 0.370477676391602 0.351601481437683 0.327232956886292 0.285641670227051 0.294857501983643
-3.4e+38 -3.4e+38 -3.4e+38 -3.4e+38 -3.4e+38 -3.4e+38 -3.4e+38 -3.4e+38 -3.4e+38 -3.4e+38 -3.4e+38 -3.4e+38 -3.4e+38 0.479213118553162 0.506520807743073 0.597054064273834 0.662163734436035 0.717583954334259 0.693668127059937 0.735456109046936 0.686065256595612 0.737048447132111 0.775566041469574 0.726104438304901 0.755297124385834 0.740051805973053 0.700373470783234 0.739361166954041 0.713786363601685 0.737645506858826 0.690783321857452 0.679797887802124 0.595833122730255 0.560747265815735 0.505285203456879 0.472833186388016 0.199034318327904 0.353030294179916 0.326739728450775 0.312036663293839 0.302731573581696 0.325468391180038 0.271075040102005 0.250869244337082
-3.4e+38 -3.4e+38 -3.4e+38 -3.4e+38 -3.4e+38 -3.4e+38 -3.4e+38 -3.4e+38 -3.4e+38 -3.4e+38 -3.4e+38 -3.4e+38 0.451972633600235 0.461529850959778 0.487951993942261 0.587749004364014 0.600241363048553 0.73006534576416 0.708737254142761 0.742000102996826 0.753662347793579 0.732684791088104 0.761273264884949 0.719815731048584 0.733232975006104 0.720239341259003 0.71549779176712 0.738591611385345 0.717730581760406 0.706671595573425 0.660442173480988 0.664550006389618 0.574979186058044 0.533153712749481 0.519989788532257 0.456799894571304 0.380253881216049 0.353522181510925 0.346274822950363 0.301937580108643 0.293813109397888 0.238708287477493 0.24739246070385 0.248778358101845
-3.4e+38 -3.4e+38 -3.4e+38 -3.4e+38 -3.4e+38 -3.4e+38 -3.4e+38 -3.4e+38 -3.4e+38 -3.4e+38 -3.4e+38 -3.4e+38 0.44053390622139 0.47564759850502 0.505500972270966 0.577625632286072 0.591744780540466 0.609432101249695 0.719072103500366 0.747396171092987 0.722156822681427 0.7292440533638 0.733843982219696 0.691491067409515 0.732879757881165 0.743825972080231 0.712641477584839 0.725512266159058 0.701879799365997 0.703728795051575 0.707979202270508 0.661474168300629 0.608154773712158 0.540580034255981 0.524545907974243 0.458641201257706 0.399171054363251 0.351307243108749 0.320177376270294 0.328546464443207 0.353645026683807 0.310138493776321 0.263305336236954 0.276142358779907
-3.4e+38 -3.4e+38 -3.4e+38 -3.4e+38 -3.4e+38 -3.4e+38 -3.4e+38 -3.4e+38 -3.4e+38 -3.4e+38 -3.4e+38 -3.4e+38 0.373594969511032 0.467411905527115 0.496804535388947 0.603721261024475 0.610124945640564 0.6242715716362 0.720121264457703 0.689359545707703 0.703713297843933 0.749751091003418 0.710300862789154 0.706180214881897 0.711762428283691 0.707878351211548 0.674768686294556 0.7159184217453 0.715467274188995 0.693764746189117 0.712481915950775 0.652264893054962 0.605390429496765 0.52495288848877 0.497710376977921 0.456338465213776 0.36789858341217 0.346163064241409 0.318692862987518 0.381803393363953 0.329601228237152 0.295048892498016 0.347641080617905 0.28479391336441
-3.4e+38 -3.4e+38 -3.4e+38 -3.4e+38 -3.4e+38 -3.4e+38 -3.4e+38 -3.4e+38 -3.4e+38 -3.4e+38 -3.4e+38 0.341809570789337 0.43140384554863 0.450386643409729 0.505957186222076 0.545764744281769 0.561726629734039 0.621323466300964 0.676361858844757 0.736845552921295 0.722760796546936 0.754871010780334 0.749538838863373 0.707524180412292 0.706000566482544 0.735590875148773 0.749893486499786 0.667965650558472 0.684153914451599 0.723461151123047 0.70282381772995 0.67643791437149 0.580427885055542 0.540586471557617 0.504867076873779 0.462367594242096 0.357732385396957 0.32807445526123 0.32807445526123 0.341562807559967 0.322133779525757 0.361640751361847 0.346050560474396 0.276865243911743
-3.4e+38 -3.4e+38 -3.4e+38 -3.4e+38 -3.4e+38 -3.4e+38 -3.4e+38 -3.4e+38 -3.4e+38 -3.4e+38 -3.4e+38 0.391600996255875 0.411456972360611 0.462878823280334 0.511013746261597 0.556750416755676 0.572049260139465 0.644671440124512 0.749975621700287 0.763671338558197 0.74727201461792 0.776619851589203 0.784550428390503 0.753825008869171 0.792037785053253 0.727747440338135 0.726255476474762 0.68268746137619 0.688852369785309 0.732340812683105 0.693833708763123 0.668340504169464 0.576512575149536 0.517059922218323 0.504643321037292 0.445880949497223 0.348057091236115 0.352233380079269 0.366101861000061 0.317216128110886 0.311338126659393 0.341990619897842 0.36638343334198 0.312612920999527
-3.4e+38 -3.4e+38 -3.4e+38 -3.4e+38 -3.4e+38 -3.4e+38 -3.4e+38 -3.4e+38 -3.4e+38 -3.4e+38 -3.4e+38 0.394482135772705 0.363915711641312 0.452022939920425 0.514688730239868 0.56968367099762 0.585302293300629 0.719834625720978 0.739105641841888 0.724626660346985 0.751368880271912 0.803902626037598 0.790560185909271 0.795951187610626 0.752749264240265 0.798795640468597 0.734001994132996 0.736096918582916 0.701675713062286 0.698413670063019 0.662151396274567 0.668128907680511 0.599092245101929 0.527006089687347 0.517406702041626 0.432216137647629 0.386652499437332 0.188586160540581 0.338862150907516 0.360764116048813 0.367690473794937 0.329285800457001 0.34135639667511 0.345290273427963
-3.4e+38 -3.4e+38 -3.4e+38 -3.4e+38 -3.4e+38 -3.4e+38 -3.4e+38 -3.4e+38 -3.4e+38 -3.4e+38 0.370153486728668 0.33424699306488 0.431068390607834 0.465698033571243 0.530679523944855 0.572263300418854 0.668149352073669 0.736319780349731 0.774308681488037 0.797222673892975 0.809316277503967 0.818683922290802 0.790378570556641 0.779023051261902 0.786791503429413 0.792419850826263 0.73067307472229 0.751897394657135 0.747238337993622 0.679128646850586 0.629136085510254 0.629971027374268 0.5862957239151 0.533434510231018 0.49196782708168 0.229483351111412 0.45014551281929 0.432603001594543 0.159771651029587 0.185558050870895 0.364731013774872 0.359595954418182 0.390566974878311 0.344432055950165
-3.4e+38 -3.4e+38 -3.4e+38 -3.4e+38 -3.4e+38 -3.4e+38 -3.4e+38 -3.4e+38 -3.4e+38 0.339961290359497 0.357500046491623 0.389154762029648 0.449621438980103 0.488525778055191 0.636680722236633 0.709240555763245 0.740624308586121 0.734807550907135 0.761004447937012 0.795200169086456 0.820167243480682 0.815895199775696 0.828429877758026 0.777566730976105 0.784340441226959 0.803279638290405 0.805381953716278 0.7597416639328 0.764247477054596 0.689030408859253 0.647680699825287 0.61047351360321 0.56520539522171 0.516561627388 0.509879589080811 0.247600495815277 0.206783637404442 0.220532432198524 0.2038504332304 0.168952137231827 0.162178337574005 0.18489471077919 0.180464848875999 0.345763504505157
-3.4e+38 -3.4e+38 -3.4e+38 -3.4e+38 -3.4e+38 0.33689820766449 0.375914067029953 0.333378314971924 0.363520413637161 0.394183844327927 0.44419264793396 0.481226891279221 0.547759354114532 0.639406025409698 0.712846457958221 0.724643230438232 0.723354160785675 0.780433595180511 0.801372289657593 0.850997626781464 0.86278247833252 0.777058959007263 0.768835127353668 0.788132667541504 0.772313892841339 0.802688241004944 0.828411459922791 0.837589800357819 0.801439702510834 0.679396867752075 0.62483537197113 0.584689617156982 0.585482001304626 0.55578601360321 0.280803322792053 0.237859129905701 0.265984296798706 0.219691216945648 0.196644529700279 0.190595716238022 0.18653529882431 0.189752280712128 0.169352471828461 0.141026124358177
0.474892139434814 0.418450683355331 0.360166102647781 0.339585423469543 0.32609623670578 0.316438436508179 0.400803744792938 0.46045246720314 0.476153522729874 0.534053564071655 0.533243596553802 0.682865083217621 0.67036896944046 0.774303793907166 0.731314957141876 0.743106365203857 0.783752679824829 0.820672929286957 0.799521028995514 0.835994720458984 0.8362717628479 0.831625521183014 0.765302777290344 0.762798428535461 0.772048830986023 0.741219818592072 0.792283833026886 0.847458600997925 0.794036388397217 0.682992935180664 0.650496900081635 0.570891380310059 0.645840048789978 0.320998579263687 0.332070916891098 0.300405144691467 0.287632167339325 0.233993336558342 0.235100626945496 0.2314133644104 0.196848556399345 0.194414347410202 0.157059833407402 0.140544191002846
0.58646947145462 0.552992403507233 0.502009212970734 0.465733796358109 0.400860697031021 0.467642575502396 0.459598898887634 0.630901575088501 0.532047629356384 0.597705006599426 0.737312853336334 0.775622129440308 0.796950399875641 0.740135729312897 0.8123619556427 0.828202903270721 0.853118598461151 0.846784591674805 0.873181581497192 0.854840457439423 0.802208065986633 0.78881561756134 0.840429484844208 0.765363276004791 0.776548027992249 0.702056765556335 0.730287313461304 0.796593606472015 0.77214777469635 0.682505965232849 0.677912473678589 0.607628881931305 0.441429734230042 0.430073261260986 0.455716282129288 0.423232436180115 0.3323655128479 0.292566448450089 0.264646410942078 0.243156492710114 0.217160165309906 0.178594574332237 0.158096700906754 0.15433794260025
0.679250836372375 0.655388116836548 0.649231910705566 0.589411795139313 0.587375044822693 0.679301619529724 0.749373912811279 0.758009195327759 0.649697005748749 0.656310260295868 0.711519777774811 0.829466581344604 0.864374577999115 0.901806533336639 0.834465146064758 0.894871354103088 0.951224684715271 0.945676147937775 0.856240510940552 0.869096875190735 0.865897178649902 0.872241139411926 0.911636710166931 0.859328925609589 0.863128423690796 0.779559314250946 0.791971564292908 0.800734221935272 0.76909339427948 0.742126643657684 0.76591819524765 0.773823738098145 0.479089319705963 0.577039241790771 0.565425872802734 0.463588178157806 0.361966580152512 0.301557093858719 0.255801945924759 0.227298587560654 0.193742200732231 0.199194833636284 0.194086730480194 0.195676550269127
0.758625447750092 0.690605998039246 0.576996862888336 0.617429196834564 0.779689788818359 0.724827826023102 0.870068967342377 0.845580399036407 0.858938872814178 0.90405011177063 0.920055985450745 0.925039350986481 0.933668494224548 0.917663931846619 0.93379282951355 0.952571272850037 0.938096225261688 0.965816557407379 0.955182731151581 0.945495963096619 0.94864958524704 0.911704301834106 0.922361791133881 0.908881366252899 0.865575194358826 0.861171066761017 0.869433879852295 0.848752737045288 0.841521322727203 0.86634635925293 0.876103579998016 0.881625711917877 0.619216561317444 0.638788521289825 0.603177845478058 0.517147183418274 0.449234694242477 0.397309005260468 0.294030755758286 0.252955555915833 0.224767744541168 0.206326201558113 0.187939003109932 0.206924796104431
0.880259931087494 0.835199594497681 0.780177593231201 0.843305885791779 0.887825429439545 0.89894163608551 0.816288232803345 0.835430204868317 0.807430744171143 0.820409119129181 0.908676266670227 0.929941177368164 0.938775658607483 0.949225664138794 0.936795234680176 0.938306868076324 0.948214292526245 0.928943336009979 0.944874167442322 0.877969443798065 0.852271437644958 0.918088674545288 0.875208914279938 0.856121838092804 0.875233232975006 0.857741415500641 0.867171287536621 0.869250655174255 0.864004671573639 0.810716211795807 0.826567351818085 0.904466211795807 0.900642871856689 0.740075767040253 0.793420195579529 0.740972340106964 0.625979542732239 0.717522323131561 0.699707210063934 0.647150814533234 0.532696306705475 0.389495849609375 0.318369299173355 0.326640844345093
0.676122009754181 0.81537389755249 0.774264752864838 0.821370661258698 0.871481597423553 0.933683574199677 0.849998295307159 0.677574396133423 0.751953184604645 0.788044631481171 0.843726694583893 0.936051428318024 0.940600752830505 0.952113628387451 0.951952338218689 0.966749250888824 0.939709901809692 0.93838906288147 0.926272749900818 0.889182507991791 0.863982737064362 0.885614454746246 0.886072039604187 0.841156959533691 0.809389591217041 0.731516718864441 0.784181952476501 0.860801041126251 0.880269467830658 0.866135537624359 0.725413143634796 0.718903958797455 0.864286005496979 0.76499205827713 0.856116950511932 0.791787922382355 0.771421849727631 0.69583922624588 0.806652784347534 0.786803722381592 0.6836958527565 0.699671030044556 0.659490466117859 0.341732740402222
0.73781430721283 0.795069575309753 0.76645302772522 0.787353217601776 0.891171097755432 0.857537925243378 0.839315354824066 0.670897543430328 0.567232966423035 0.552758514881134 0.720557272434235 0.747209787368774 0.796354353427887 0.909072995185852 0.927661776542664 0.925841152667999 0.930900514125824 0.931429624557495 0.885102510452271 0.866344928741455 0.899723052978516 0.832919538021088 0.872495472431183 0.797746539115906 0.839775323867798 0.732413113117218 0.664653360843658 0.642717063426971 0.766235530376434 0.849889636039734 0.607849478721619 0.833774030208588 0.875554025173187 0.905854105949402 0.783848762512207 0.81504100561142 0.745986580848694 0.821811437606812 0.768524467945099 0.774514973163605 0.804346263408661 0.73610532283783 0.757160007953644 0.687644600868225
0.496828883886337 0.589955806732178 0.570850491523743 0.576191067695618 0.537775814533234 0.467518121004105 0.578563094139099 0.551207900047302 0.64735472202301 0.620447754859924 0.717413544654846 0.779899895191193 0.738434612751007 0.596025943756104 0.806006789207458 0.880838572978973 0.884848475456238 0.852049052715302 0.850244522094727 0.823988199234009 0.815770447254181 0.864912629127502 0.89913684129715 0.788470983505249 0.848381817340851 0.893207192420959 0.764410078525543 0.800973951816559 0.7587770819664 0.708723843097687 0.758861899375916 0.816771507263184 0.759165823459625 0.701178669929504 0.655700325965881 0.733662843704224 0.83798611164093 0.791541576385498 0.746172785758972 0.756925821304321 0.730433344841003 0.787435412406921 0.745424270629883 0.744762420654297
