data/climate_estimation/maxent_output/Lilium_callosum.asc
NCOLS 305 
NROWS 298 
XLLCORNER 110.416666666667 
YLLCORNER 24.25 
CELLSIZE 0.0833333333333333 
NODATA_value -3.4e+38 
[rows 22 to 43 of 298, columns 0 to 49 of 305]
0.00745451077818871 0.00693307537585497 0.00504949735477567 0.00501534575596452 0.00422990694642067 0.00530386809259653 0.00499952770769596 0.0050738868303597 0.00652139028534293 0.0055325236171484 0.0042967926710844 0.00458906264975667 0.00457368465140462 0.00609012553468347 0.00596142606809735 0.00633279886096716 0.00809554383158684 0.00846500042825937 0.0052729481831193 0.00490953261032701 0.0051332856528461 0.00577226374298334 0.00492474343627691 0.00611042557284236 0.00496649881824851 0.00506209023296833 0.00524530652910471 0.00502210995182395 0.00400300649926066 0.00484429718926549 0.00335903326049447 0.00362093583680689 0.00478486157953739 0.00337368412874639 0.00244246469810605 0.00268833828158677 0.00336470059119165 0.00274211354553699 0.00222815317101777 0.0031071905978024 0.00302496016956866 0.00229505891911685 0.0025575403124094 0.00310381245799363 0.00314883887767792 0.00219327467493713 0.00248846877366304 0.00276849907822907 0.00267567811533809 0.00262135220691562
0.00756245478987694 0.00558574264869094 0.00410259235650301 0.0051640747115016 0.00432026106864214 0.00529760587960482 0.00550790876150131 0.00589474430307746 0.00405432889238 0.00456464383751154 0.00420948304235935 0.00485621299594641 0.00507711013779044 0.00472870888188481 0.00656909076496959 0.00649968953803182 0.00894724857062101 0.0091798659414053 0.00492603704333305 0.00646672304719687 0.00567177403718233 0.00449272571131587 0.00623413175344467 0.00484353629872203 0.00518103549256921 0.00681742280721664 0.00738594913855195 0.00713955936953425 0.00432130508124828 0.00472975196316838 0.00337052484974265 0.00590358721092343 0.00371029367670417 0.00295531866140664 0.00371015118435025 0.00302322814241052 0.00207143859006464 0.00275141978636384 0.00307176937349141 0.00277809565886855 0.00271932943724096 0.0033721721265465 0.00256149750202894 0.00260743708349764 0.00264944578520954 0.00321422494016588 0.00332454033195972 0.00236595142632723 0.00267429137602448 0.00236627948470414
0.00544536579400301 0.00565235503017902 0.00418395502492785 0.00502520427107811 0.00475798547267914 0.00427696853876114 0.00575531227514148 0.00463676964864135 0.00458442559465766 0.00624056765809655 0.00606269203126431 0.00534930359572172 0.00536561291664839 0.00643443875014782 0.00595657853409648 0.0051641995087266 0.00369395525194705 0.00556391663849354 0.00667376536875963 0.00530942855402827 0.0061096241697669 0.00496142730116844 0.00874933507293463 0.00371922040358186 0.00421886052936316 0.00325625250115991 0.00313768535852432 0.00450142193585634 0.00432130508124828 0.00310730328783393 0.00352804502472281 0.00230056210421026 0.00296229496598244 0.0030381737742573 0.00244854483753443 0.00276038469746709 0.00332320178858936 0.00223444355651736 0.00264255004003644 0.00268593267537653 0.00277502904646099 0.00309356651268899 0.00349512998946011 0.00233072671107948 0.0024145869538188 0.00246145436540246 0.00280379550531507 0.00345708196982741 0.00334253767505288 0.00345599558204412
0.00542375072836876 0.00632828660309315 0.00552615569904447 0.00490919221192598 0.00473815761506557 0.00461312895640731 0.0040869964286685 0.0038474986795336 0.00536332791671157 0.00482890289276838 0.00619919784367085 0.00547396810725331 0.00392359867691994 0.00547118205577135 0.00482586910948157 0.00545270228758454 0.00397652667015791 0.00653438875451684 0.00651564355939627 0.00555589515715837 0.00440231431275606 0.00495862122625113 0.00505348807200789 0.0035620026756078 0.00435489136725664 0.00296258460730314 0.00320330029353499 0.00293329637497663 0.00325830420479178 0.00398219330236316 0.00265069026499987 0.0025905673392117 0.00248614558950067 0.00269226753152907 0.00296610314399004 0.00332968565635383 0.00265074032358825 0.00309295137412846 0.00222587492316961 0.00227409321814775 0.00253976951353252 0.00310012861154974 0.00328261451795697 0.00243342528119683 0.00237652356736362 0.00368516729213297 0.00256517948582768 0.00291179679334164 0.0033409942407161 0.0028004702180624
0.00619292026385665 0.00657498789951205 0.00623194267973304 0.00632617063820362 0.00571263488382101 0.00481928093358874 0.00446370895951986 0.00489759678021073 0.00400051847100258 0.00399972591549158 0.0038444553501904 0.00457605486735702 0.00589225860312581 0.00422275299206376 0.0038975584320724 0.00573763065040112 0.00585335679352283 0.00520086009055376 0.00530732655897737 0.00429971748962998 0.0042125266045332 0.00484230322763324 0.00393271585926414 0.00393449701368809 0.0028791215736419 0.00368263176642358 0.00408490654081106 0.00400823960080743 0.00281406077556312 0.00304795661941171 0.00329978694207966 0.002799037611112 0.00269541703164577 0.00283863861113787 0.00290528940968215 0.00327203026972711 0.00271535106003284 0.00309826387092471 0.00339079322293401 0.00227006361819804 0.003427404910326 0.00240044621750712 0.00329129956662655 0.0024480908177793 0.00333042931742966 0.00251891417428851 0.00266747432760894 0.00308588333427906 0.00275843986310065 0.00395490834489465
0.0036941054277122 0.00642259558662772 0.00607400061562657 0.00593638280406594 0.00365523062646389 0.00517144845798612 0.00447026314213872 0.00476722186431289 0.00420375308021903 0.0038900941144675 0.00458870874717832 0.00433967728167772 0.00600255839526653 0.00441649276763201 0.0043259896337986 0.0041103633120656 0.00438731256872416 0.00473239133134484 0.00452126609161496 0.0050989668816328 0.00370412971824408 0.00412170868366957 0.00301327276974916 0.00299548404291272 0.00333029055036604 0.00416524661704898 0.00298467534594238 0.00322444387711585 0.00332078244537115 0.00324911600910127 0.00330034759826958 0.0028171103913337 0.00311022065579891 0.00291905365884304 0.0029867438133806 0.00213366840034723 0.00222386559471488 0.00298112165182829 0.00352974631823599 0.00266105169430375 0.00241320463828743 0.00302362442016602 0.00349964387714863 0.00236535468138754 0.00253549474291503 0.00258170673623681 0.00271881045773625 0.00282098632305861 0.00286412984132767 0.00271366839297116
0.00427295733243227 0.0041434052400291 0.00464694434776902 0.00433038966730237 0.00345800537616014 0.00513874646276236 0.00477152271196246 0.00485458923503757 0.00497063808143139 0.00364989601075649 0.00390400947071612 0.00388971157371998 0.00477328570559621 0.00477355578914285 0.00510113080963492 0.00378531613387167 0.0036524748429656 0.00372627633623779 0.0040219696238637 0.00413100840523839 0.00420375214889646 0.00340449879877269 0.00392748787999153 0.00274262088350952 0.00269772275350988 0.00423517543822527 0.00397205911576748 0.00438577681779861 0.00317090773023665 0.00345254386775196 0.0033762704115361 0.00357951712794602 0.00351028121076524 0.00344187091104686 0.0021927987691015 0.00251753395423293 0.00283219409175217 0.00324211944825947 0.00237913290038705 0.00278550409711897 0.00310480850748718 0.00316187250427902 0.00350433751009405 0.00285486434586346 0.00278822029940784 0.00300334603525698 0.00310949888080359 0.00282686622813344 0.00321724405512214 0.0033910796046257
0.00551724061369896 0.00511811673641205 0.00421275710687041 0.00390836782753468 0.0038184248842299 0.00378113053739071 0.00444224663078785 0.00393671449273825 0.00401559332385659 0.00307787721976638 0.00314877950586379 0.00438045570626855 0.00387875782325864 0.00387667235918343 0.00386389577761292 0.00455671222880483 0.0047510014846921 0.00346828810870647 0.00306024961173534 0.0033082312438637 0.00339337158948183 0.00383541826158762 0.00391376856714487 0.00377509463578463 0.00268951198086143 0.00455811945721507 0.00408294145017862 0.00284591736271977 0.00316893332637846 0.0035097582731396 0.00345361907966435 0.00242802896536887 0.00249040382914245 0.00263782101683319 0.00285417889244854 0.0030429451726377 0.0021168957464397 0.0022108827251941 0.00254767527803779 0.0027335409540683 0.00271415803581476 0.00276301335543394 0.00378012447617948 0.00350647466257215 0.00342527613975108 0.00347955152392387 0.00367173855192959 0.00388414436019957 0.00281060207635164 0.00408438825979829
0.00332424929365516 0.00324791157618165 0.00520947342738509 0.00551173277199268 0.00355671509169042 0.00336991692893207 0.0053233546204865 0.00334999151527882 0.00340654538013041 0.00348569639027119 0.00371148716658354 0.00327088381163776 0.00333524076268077 0.00318045890890062 0.00333627965301275 0.0034022827167064 0.00392148969694972 0.0041703162714839 0.0041709067299962 0.0039105573669076 0.00390934012830257 0.00366217806003988 0.00374950747936964 0.00405410816892982 0.00268806517124176 0.00310824252665043 0.0034940093755722 0.00344006833620369 0.00357787008397281 0.00350965885445476 0.00344418385066092 0.00247554248198867 0.00279641849920154 0.00274966773577034 0.00303516956046224 0.00303379469551146 0.00308918091468513 0.00331308017484844 0.0033808855805546 0.00335720530711114 0.00309955514967442 0.00347566930577159 0.00345318345353007 0.00312703079544008 0.0041959322988987 0.00317478948272765 0.00335520063526928 0.00327456532977521 0.00463523901998997 0.00481695355847478
0.00429072929546237 0.00595030281692743 0.00436833966523409 0.00438054883852601 0.00574748124927282 0.00574130844324827 0.00352723244577646 0.00383294839411974 0.00274566723965108 0.00253958534449339 0.00362419057637453 0.00353100383654237 0.00368455704301596 0.0043210587464273 0.00286250445060432 0.00291939685121179 0.00322402454912663 0.00336617999710143 0.00297562731429935 0.00420027505606413 0.00430487096309662 0.00430962443351746 0.00432313792407513 0.00309518887661397 0.00309562706388533 0.00351114897057414 0.00388431013561785 0.00246298126876354 0.00266228290274739 0.00357898441143334 0.00232601491734385 0.0025212517939508 0.00247617368586361 0.00268678856082261 0.00238113990053535 0.0024315002374351 0.00261526159010828 0.00272022001445293 0.00236439937725663 0.00265460950322449 0.0027514947578311 0.00269538885913789 0.00309350551106036 0.00307079148478806 0.00383602594956756 0.003899279050529 0.00396051770076156 0.00367321027442813 0.00408788537606597 0.00441474933177233
0.00366037455387414 0.005493791308254 0.00510718021541834 0.00335506396368146 0.00336501747369766 0.00326637970283628 0.00237595569342375 0.00395076721906662 0.00267204502597451 0.00381880183704197 0.00398239539936185 0.00297272601164877 0.00342751201242208 0.00371599663048983 0.00371483992785215 0.00329190329648554 0.00329208979383111 0.00378405908122659 0.0032930220477283 0.00282667251303792 0.0030833245255053 0.00329041248187423 0.00362188788130879 0.00408167392015457 0.00259553408250213 0.00266409129835665 0.00262183113954961 0.00262353965081275 0.00277332379482687 0.00241512060165405 0.00236334442161024 0.00228041503578424 0.00344252679497004 0.00219307234510779 0.00325398496352136 0.00315857166424394 0.00347017589956522 0.00241234246641397 0.00361518957652152 0.00344610284082592 0.00350211933255196 0.00358398212119937 0.00415733968839049 0.00377837708219886 0.0033408731687814 0.00458360509946942 0.00345980073325336 0.00321081769652665 0.00373057438991964 0.00380226410925388
0.00197055982425809 0.0032766479998827 0.0026937413495034 0.00270127644762397 0.00250383419916034 0.00332901859655976 0.00289925513789058 0.00289925513789058 0.00301600317470729 0.00313611328601837 0.0032761839684099 0.00341631006449461 0.00341418292373419 0.00348320370540023 0.00302056851796806 0.00431073596701026 0.00308140437118709 0.00327919353730977 0.00359509768895805 0.00376128475181758 0.00377233442850411 0.0041431630961597 0.00415486190468073 0.00275548826903105 0.00277068978175521 0.00271274033002555 0.00265477923676372 0.00249241711571813 0.00369143951684237 0.00355080189183354 0.00332664651796222 0.00453094206750393 0.00444309320300817 0.00330611178651452 0.00355062657035887 0.00322780897840858 0.00442787632346153 0.003143081208691 0.00314245815388858 0.00313041312620044 0.00283407513052225 0.00447679962962866 0.00330646382644773 0.00343058397993445 0.0046935249119997 0.00468821637332439 0.00486186146736145 0.00360761163756251 0.00367905083112419 0.00380681548267603
0.00275533692911267 0.00244726263917983 0.00334389740601182 0.00326325767673552 0.00308967567980289 0.00238301232457161 0.00338447676040232 0.00339403701946139 0.00388615555129945 0.00369156361557543 0.00249334680847824 0.00287689454853535 0.00293218344449997 0.00259112939238548 0.003469756571576 0.00340206082910299 0.00352570926770568 0.0035251104272902 0.00387458736076951 0.00404850952327251 0.00413929531350732 0.00413929531350732 0.00274220481514931 0.00316160195507109 0.00317277852445841 0.00311437039636075 0.00270341173745692 0.00369860115461051 0.00361835141666234 0.0036207081284374 0.0031453100964427 0.00302283628843725 0.00444145919755101 0.00291341589763761 0.00320801674388349 0.00453140866011381 0.00433434965088964 0.00387227302417159 0.00393814267590642 0.00400537066161633 0.00289134331978858 0.00447540637105703 0.00416077906265855 0.00463672447949648 0.00312396744266152 0.00323963211849332 0.00499181868508458 0.00506999297067523 0.00536801293492317 0.00403470266610384
0.00314746610820293 0.00280618574470282 0.00225921883247793 0.00226521911099553 0.00231077778153121 0.00315595092251897 0.00248389621265233 0.00253382883965969 0.00278911273926497 0.00292791519314051 0.00304275727830827 0.0032335827127099 0.00315060117281973 0.00321175553835928 0.00322101102210581 0.00327295972965658 0.00303284963592887 0.00413449155166745 0.00289588933810592 0.00273948814719915 0.00279374187812209 0.00286306487396359 0.00315739749930799 0.00361956749111414 0.00363102369010448 0.00356666720472276 0.00292061781510711 0.00287578022107482 0.0028206747956574 0.00245048152282834 0.00360764982178807 0.00309008755721152 0.00296202325262129 0.00396110164001584 0.00403040274977684 0.00284599210135639 0.00386800104752183 0.00352056231349707 0.00402893545106053 0.00441898964345455 0.00295875058509409 0.00301755173131824 0.00305689172819257 0.00305585307069123 0.00350288557820022 0.00336925312876701 0.0033566253259778 0.00342954229563475 0.00547394622117281 0.00406004814431071
0.00398751767352223 0.00209083897061646 0.00320748169906437 0.00320693687535822 0.0029691681265831 0.00230237329378724 0.00314447726123035 0.00326830823905766 0.0032783760689199 0.00334217166528106 0.0034159361384809 0.00341419596225023 0.00308083393611014 0.00322109763510525 0.00361562892794609 0.00229915394447744 0.00384586676955223 0.00347318011336029 0.00348358228802681 0.00360426818951964 0.00361813325434923 0.00367228942923248 0.00368328671902418 0.00362712005153298 0.00356414401903749 0.00349767692387104 0.00305562955327332 0.00305675459094346 0.00300052179954946 0.00281185121275485 0.00405727094039321 0.003215869423002 0.00429202895611525 0.00433224765583873 0.00366544490680099 0.00395863596349955 0.00359284644946456 0.00358161190524697 0.0039318073540926 0.004096869379282 0.00417850771918893 0.00306717772036791 0.00313958921469748 0.00312702381052077 0.00450173811987042 0.00439746445044875 0.00465206010267138 0.00529054226353765 0.00540742091834545 0.00559828523546457
0.00327750318683684 0.00277259363792837 0.00420267041772604 0.00239836564287543 0.00291227572597563 0.0025336102116853 0.00352060701698065 0.00359045388177037 0.00359937199391425 0.0034028897061944 0.00381424441002309 0.00354471197351813 0.00346832163631916 0.00361268408596516 0.00258561503142118 0.0025930623523891 0.00259489915333688 0.00253069866448641 0.00264127692207694 0.00268937763758004 0.00261582247912884 0.00365935638546944 0.00319550465792418 0.00300466758199036 0.00300466758199036 0.0029491619206965 0.00263065914623439 0.00263981171883643 0.00298885046504438 0.00260110222734511 0.0041327397339046 0.00353279104456306 0.00301770493388176 0.00427764421328902 0.00420534983277321 0.0042817615903914 0.00419576419517398 0.0037290551699698 0.00411018216982484 0.00419208500534296 0.00273092067800462 0.00417531607672572 0.00290867243893445 0.00442821532487869 0.00410205684602261 0.00457686465233564 0.00466045876964927 0.00474822847172618 0.00482645351439714 0.00456945691257715
0.00340715656057 0.00340715656057 0.00274390680715442 0.00208299746736884 0.00283788563683629 0.00256686820648611 0.00268461857922375 0.00263192597776651 0.00263058464042842 0.00268955994397402 0.00292211235500872 0.00297793210484087 0.00297751044854522 0.00303247570991516 0.00281260954216123 0.00273863272741437 0.00274582672864199 0.00264082825742662 0.00259137386456132 0.0026323429774493 0.00379413017071784 0.00311428727582097 0.0030392340850085 0.00456852652132511 0.00440544122830033 0.00419677468016744 0.0029035781044513 0.00298605882562697 0.00329530029557645 0.00295086391270161 0.0027642548084259 0.00422253925353289 0.00369531847536564 0.00322404108010232 0.00316137890331447 0.00315265147946775 0.00309100258164108 0.00308907777070999 0.00274026650004089 0.00273030204698443 0.0038121766410768 0.00435923645272851 0.00403906311839819 0.0035830030683428 0.0035830030683428 0.00364015903323889 0.00371021870523691 0.00368676986545324 0.0038334873970598 0.00383045058697462
0.00348574994131923 0.00334603223018348 0.00294977240264416 0.00239824317395687 0.00192079343833029 0.00324992649257183 0.0033116927370429 0.00337508483789861 0.00344811053946614 0.002305559348315 0.00240095634944737 0.00240027625113726 0.0031964941881597 0.00296786078251898 0.00303196045570076 0.00314308307133615 0.00314602139405906 0.00320175755769014 0.00258216960355639 0.00386457447893918 0.00323263113386929 0.00448099430650473 0.00446433480829 0.00456555467098951 0.00306585105136037 0.00380818545818329 0.00234768074005842 0.00254639214836061 0.00231406837701797 0.00337103242054582 0.00289366627112031 0.00256003951653838 0.0037780380807817 0.00362305133603513 0.00321468594484031 0.0031607523560524 0.00316977128386497 0.00321295717731118 0.00292811542749405 0.00390602252446115 0.003528016153723 0.00337829650379717 0.00337820081040263 0.00344505533576012 0.0047499081119895 0.00474641565233469 0.00448688678443432 0.00503691611811519 0.00522203976288438 0.00464288471266627
0.00424855062738061 0.00225073518231511 0.0019654561765492 0.00273143034428358 0.00273852795362473 0.00248239375650883 0.00248239375650883 0.00253625516779721 0.00259243976324797 0.0026906740386039 0.0026490984018892 0.00234786886721849 0.0032645957544446 0.003385427640751 0.00244304165244102 0.00244792969897389 0.00235378043726087 0.00313334143720567 0.00267640198580921 0.00371829653158784 0.00363028841093183 0.00322261243127286 0.00328269856981933 0.00311014568433166 0.00386236445046961 0.00268793082796037 0.003046914935112 0.00300209480337799 0.00249967747367918 0.00306549365632236 0.00288387946784496 0.00271040061488748 0.00370471505448222 0.00322148622944951 0.00315878400579095 0.00291920430026948 0.00322230719029903 0.0032336066942662 0.0028514286968857 0.00285005639307201 0.00390065088868141 0.00338135845959187 0.00468634581193328 0.00434133922681212 0.00455962773412466 0.0045154495164752 0.00459059420973063 0.00448046438395977 0.00439546024426818 0.00562228634953499
0.00256388727575541 0.00418242765590549 0.00229200767353177 0.00204860395751894 0.00200650608167052 0.00203802133910358 0.0031895621214062 0.00285064312629402 0.00289523368701339 0.00295814429409802 0.00269770016893744 0.00268020643852651 0.00268633407540619 0.00274500320665538 0.00280413823202252 0.00260021653957665 0.00359533145092428 0.00279952678829432 0.0026188266929239 0.00266651855781674 0.00377616588957608 0.00385932764038444 0.00422979611903429 0.00432274304330349 0.00290003349073231 0.00309080583974719 0.0036920786369592 0.00299236550927162 0.00351464725099504 0.00288045173510909 0.0038535762578249 0.00385466706939042 0.00385794159956276 0.00370281934738159 0.00362999457865953 0.00336234085261822 0.00337078864686191 0.00304567953571677 0.00399655755609274 0.00407879753038287 0.0039007612504065 0.00337724457494915 0.00435655424371362 0.00434269057586789 0.00453294022008777 0.00442431587725878 0.00377695146016777 0.00531254196539521 0.00518865743651986 0.00507506309077144
0.00223803264088929 0.00185035250615329 0.00474627828225493 0.00287253921851516 0.00238606426864862 0.00243733800016344 0.00243726884946227 0.00217085774056613 0.00217693182639778 0.00356103852391243 0.00330734089948237 0.00204956787638366 0.00208656443282962 0.00326727400533855 0.00332496711052954 0.00265954388305545 0.00225308700464666 0.00338408607058227 0.00344551983289421 0.00345574109815061 0.00313014909625053 0.00358338234946132 0.00366114126518369 0.00374193442985415 0.00382012128829956 0.00375579670071602 0.00328227784484625 0.0025064772926271 0.0032919617369771 0.00281695742160082 0.00414478499442339 0.00282007036730647 0.00282924016937613 0.00394345726817846 0.0034559709019959 0.00306594581343234 0.00299603980965912 0.00293755298480392 0.00390186556614935 0.00382391642779112 0.00345781957730651 0.00345781957730651 0.00437046168372035 0.00426427414640784 0.00414302526041865 0.00379105051979423 0.00446909619495273 0.00444821547716856 0.00624173739925027 0.00557137187570333
0.00143423641566187 0.0013976227492094 0.00228501274250448 0.00228507746942341 0.00193277362268418 0.00188873382285237 0.001722760964185 0.00305617600679398 0.00284415949136019 0.00249460991472006 0.00253175594843924 0.00263265869580209 0.00249624601565301 0.00250195362605155 0.00253877765499055 0.00226009939797223 0.0033330381847918 0.00332280271686614 0.00302437832579017 0.00280676642432809 0.00280708423815668 0.00285769486799836 0.00275206938385963 0.00248416839167476 0.00243904232047498 0.00305612338706851 0.00420173443853855 0.00368710793554783 0.00322818569839001 0.00316804181784391 0.00294185802340508 0.00325316702947021 0.00274578318931162 0.0038667565677315 0.00330376601777971 0.00298480875790119 0.00265959906391799 0.00399678340181708 0.0040769511833787 0.00407556677237153 0.00355708901770413 0.00320389750413597 0.00381324626505375 0.00362833729013801 0.00337379821576178 0.00479150144383311 0.00448577292263508 0.00574222626164556 0.00525175174698234 0.00572361145168543
