data/climate_estimation/maxent_output/Lilium_sargentiae.asc
NCOLS 90 
NROWS 108 
XLLCORNER 102.083333333333 
YLLCORNER 26.4166666666667 
CELLSIZE 0.0833333333333333 
NODATA_value -3.4e+38 
[rows 60 to 79 of 108, columns 44 to 87 of 90]
0.48749628663063 0.470728725194931 0.467481732368469 0.423132479190826 0.400669127702713 0.366821229457855 0.368571817874908 0.397814363241196 0.395565748214722 0.379484087228775 0.347414612770081 0.358028441667557 0.502715647220612 0.631505906581879 0.471267938613892 0.520567059516907 0.544592618942261 0.463890105485916 0.598020493984222 0.55682247877121 0.506888210773468 0.574210524559021 0.656997978687286 0.607185900211334 0.605277955532074 0.600410103797913 0.605422735214233 0.588545083999634 0.543571531772614 0.589036643505096 0.740742862224579 0.740439772605896 0.763481199741364 0.757687330245972 0.72445821762085 0.757617056369781 0.764777362346649 0.761900544166565 0.71289199590683 0.715575575828552 0.76082843542099 0.759895145893097 0.759895145893097 0.735569417476654
0.460136502981186 0.419025927782059 0.41973140835762 0.433231920003891 0.37748971581459 0.346237182617188 0.346950978040695 0.368488043546677 0.39500704407692 0.339636921882629 0.361712366342545 0.371753960847855 0.649129629135132 0.450939953327179 0.47053650021553 0.469431102275848 0.478354573249817 0.500719010829926 0.554443061351776 0.485075950622559 0.484724462032318 0.578577160835266 0.572973132133484 0.58920806646347 0.585893511772156 0.639067530632019 0.640283703804016 0.501857578754425 0.538470327854156 0.705363690853119 0.744076490402222 0.717479228973389 0.692012667655945 0.727032244205475 0.714283406734467 0.760801076889038 0.761460542678833 0.760674893856049 0.762547969818115 0.734733402729034 0.763808071613312 0.730289995670319 0.732244789600372 0.740535318851471
0.395402848720551 0.402582079172134 0.394135713577271 0.396929681301117 0.376783132553101 0.339088827371597 0.324856638908386 0.345561116933823 0.342998325824738 0.337896525859833 0.361712366342545 0.423163145780563 0.559397041797638 0.443609893321991 0.460628777742386 0.43367400765419 0.476871579885483 0.567788481712341 0.471499174833298 0.473213195800781 0.484620004892349 0.511194050312042 0.538310527801514 0.502011597156525 0.544392764568329 0.619915246963501 0.480928808450699 0.529624462127686 0.600998640060425 0.729953467845917 0.736368358135223 0.668057978153229 0.662889301776886 0.67597895860672 0.681027293205261 0.724074959754944 0.733207046985626 0.730018794536591 0.702596247196198 0.702381491661072 0.690521895885468 0.732891440391541 0.734643638134003 0.715202450752258
0.396356016397476 0.398655116558075 0.385117292404175 0.356251001358032 0.368423223495483 0.316175103187561 0.289815157651901 0.311415046453476 0.307220876216888 0.341637670993805 0.42097795009613 0.587404847145081 0.41233503818512 0.451104283332825 0.417984545230865 0.455567806959152 0.539622128009796 0.490634053945541 0.467580378055573 0.48026031255722 0.494554340839386 0.509372293949127 0.486365139484406 0.480691641569138 0.589848041534424 0.475682705640793 0.503437876701355 0.647611379623413 0.72462260723114 0.712488353252411 0.699370741844177 0.67456728219986 0.648498952388763 0.635700285434723 0.692682921886444 0.722471117973328 0.735624372959137 0.690769255161285 0.680604517459869 0.741540968418121 0.730047583580017 0.715148031711578 0.672332465648651 0.712793409824371
0.366619944572449 0.352741926908493 0.331778287887573 0.313891291618347 0.321042209863663 0.30658096075058 0.288902431726456 0.286948889493942 0.324059367179871 0.374108880758286 0.505775988101959 0.467116236686707 0.431145668029785 0.413256704807281 0.427795082330704 0.486938744783401 0.449770987033844 0.472792088985443 0.46762827038765 0.484457224607468 0.497610628604889 0.469575434923172 0.472378373146057 0.543867766857147 0.487290918827057 0.476495295763016 0.607226848602295 0.691192388534546 0.652842104434967 0.667331635951996 0.659907460212708 0.676619827747345 0.640839517116547 0.617213428020477 0.68384850025177 0.705155968666077 0.714767158031464 0.693587243556976 0.726542532444 0.729806482791901 0.70907336473465 0.70676451921463 0.707513272762299 0.698996424674988
0.358187049627304 0.325009107589722 0.323811292648315 0.316181927919388 0.311757385730743 0.28415384888649 0.276915431022644 0.304653227329254 0.350969076156616 0.418331444263458 0.362540870904922 0.441944807767868 0.446236252784729 0.399573504924774 0.450702458620071 0.441884189844131 0.446491777896881 0.476497381925583 0.465853959321976 0.501681983470917 0.489246219396591 0.462981313467026 0.506730198860168 0.486000120639801 0.448227733373642 0.528777480125427 0.642716944217682 0.618092179298401 0.629909694194794 0.673584342002869 0.650101602077484 0.605905950069427 0.660177290439606 0.630096733570099 0.681266605854034 0.697108268737793 0.716659963130951 0.695558845996857 0.715276300907135 0.69828587770462 0.697555065155029 0.69567084312439 0.673213601112366 0.67814302444458
0.347927957773209 0.32720023393631 0.321391552686691 0.318750977516174 0.299047708511353 0.305120497941971 0.37017697095871 0.316513657569885 0.331148654222488 0.380726516246796 0.411909639835358 0.431536287069321 0.397013247013092 0.363745033740997 0.460154145956039 0.419990360736847 0.431502848863602 0.457708239555359 0.482725352048874 0.502470076084137 0.442533314228058 0.469362109899521 0.507993459701538 0.482402712106705 0.50710541009903 0.611772358417511 0.596635639667511 0.595132350921631 0.668238043785095 0.638733744621277 0.639573633670807 0.648188710212708 0.630332052707672 0.669661819934845 0.682401061058044 0.679010629653931 0.692197918891907 0.69850879907608 0.702743470668793 0.694083273410797 0.695538759231567 0.69970315694809 0.675832390785217 0.676612496376038
0.400430887937546 0.313024282455444 0.311301827430725 0.331031858921051 0.299728572368622 0.35682201385498 0.312957406044006 0.327167063951492 0.340152680873871 0.326907724142075 0.369515746831894 0.388998061418533 0.401320904493332 0.390965938568115 0.390456169843674 0.376289576292038 0.437819719314575 0.471584290266037 0.490438938140869 0.486102342605591 0.46980082988739 0.503185033798218 0.520421743392944 0.522501647472382 0.522696018218994 0.586782395839691 0.605019748210907 0.637774288654327 0.603858351707458 0.526142537593842 0.630122065544128 0.646659851074219 0.643619000911713 0.648367464542389 0.651244342327118 0.671813130378723 0.670716166496277 0.684635162353516 0.698917746543884 0.685181140899658 0.672470688819885 0.678145408630371 0.655430853366852 0.626941680908203
0.372035264968872 0.314176231622696 0.298796355724335 0.337429821491241 0.325817614793777 0.337957739830017 0.307377755641937 0.313329219818115 0.319257020950317 0.310510009527206 0.355579704046249 0.395243316888809 0.352359086275101 0.414386063814163 0.415603458881378 0.45232230424881 0.402182549238205 0.430513054132462 0.443044811487198 0.456734478473663 0.508606493473053 0.536456048488617 0.58541876077652 0.596662700176239 0.56661856174469 0.589616656303406 0.628314316272736 0.612484157085419 0.54247260093689 0.560837864875793 0.632458329200745 0.631567895412445 0.623653948307037 0.650019764900208 0.634473085403442 0.668600022792816 0.626148521900177 0.668114185333252 0.664440333843231 0.644908607006073 0.66608989238739 0.662867426872253 0.657255828380585 0.643599927425385
0.35901615023613 0.329620599746704 0.35347580909729 0.28808006644249 0.33044022321701 0.279324173927307 0.288394510746002 0.315188050270081 0.289991408586502 0.321710050106049 0.318010061979294 0.360778391361237 0.357095539569855 0.35834476351738 0.462756186723709 0.443525671958923 0.453342348337173 0.498745977878571 0.538850426673889 0.505545616149902 0.507274985313416 0.527977705001831 0.579380214214325 0.523195803165436 0.572134912014008 0.581766664981842 0.569457709789276 0.577119708061218 0.589146673679352 0.609176397323608 0.604849934577942 0.616758525371552 0.631695151329041 0.603155195713043 0.64366751909256 0.638595581054688 0.648134708404541 0.65463775396347 0.625446438789368 0.642365038394928 0.636911511421204 0.639524817466736 0.629369735717773 0.641633629798889
0.3717200756073 0.376629084348679 0.309794217348099 0.341453671455383 0.296450674533844 0.277935951948166 0.283714681863785 0.302491754293442 0.30234283208847 0.301155775785446 0.35070925951004 0.321220099925995 0.374985754489899 0.405310094356537 0.470604032278061 0.508485794067383 0.498631626367569 0.538832187652588 0.52690201997757 0.529117584228516 0.518049001693726 0.583365738391876 0.484435856342316 0.506159484386444 0.450378924608231 0.569997131824493 0.575127601623535 0.599932789802551 0.590764760971069 0.600655853748322 0.601269721984863 0.616120398044586 0.600647687911987 0.623430728912354 0.630016207695007 0.638136446475983 0.645808219909668 0.638104438781738 0.6355140209198 0.626109421253204 0.644003331661224 0.641414523124695 0.635171115398407 0.639609932899475
0.370161384344101 0.313016623258591 0.363369077444077 0.273770749568939 0.278946995735168 0.273098200559616 0.315329968929291 0.31698477268219 0.282066017389297 0.292250066995621 0.346794903278351 0.362695246934891 0.387534081935883 0.405482709407806 0.481122046709061 0.52757740020752 0.54925799369812 0.552666783332825 0.553299129009247 0.5265993475914 0.572575747966766 0.570861279964447 0.546665787696838 0.496247977018356 0.539683401584625 0.578205823898315 0.577846884727478 0.586000561714172 0.589677274227142 0.590955376625061 0.596559703350067 0.623740434646606 0.606393814086914 0.626120567321777 0.617705821990967 0.61979615688324 0.620905041694641 0.614391028881073 0.577072024345398 0.608859002590179 0.620551109313965 0.638615667819977 0.627920091152191 0.629994332790375
0.349167317152023 0.304320782423019 0.305302172899246 0.2676622569561 0.243894442915916 0.293147653341293 0.279266119003296 0.28276914358139 0.286924093961716 0.308755964040756 0.34369757771492 0.381200939416885 0.405177712440491 0.417101889848709 0.520274579524994 0.547717452049255 0.541904270648956 0.555896162986755 0.551864743232727 0.550113379955292 0.577807486057281 0.538201868534088 0.5652996301651 0.582784235477448 0.560817539691925 0.599148869514465 0.589084565639496 0.577690482139587 0.586577832698822 0.601163268089294 0.610313475131989 0.600001811981201 0.588228046894073 0.566913604736328 0.61527693271637 0.624175906181335 0.620451271533966 0.588776528835297 0.524563372135162 0.614642977714539 0.630839109420776 0.651455581188202 0.619893491268158 0.626925408840179
0.294967919588089 0.296586096286774 0.274872183799744 0.267538547515869 0.260339170694351 0.261892437934875 0.260028690099716 0.266854614019394 0.279711872339249 0.321678847074509 0.362876564264297 0.428384304046631 0.382700651884079 0.456818282604218 0.526176452636719 0.54840612411499 0.525430083274841 0.565570116043091 0.544155418872833 0.581207394599915 0.559087157249451 0.569960057735443 0.556926667690277 0.5799959897995 0.580849349498749 0.582075178623199 0.581243872642517 0.601961672306061 0.594868302345276 0.612883508205414 0.604384779930115 0.597407758235931 0.5842644572258 0.624570906162262 0.624305784702301 0.628648638725281 0.627754867076874 0.54730349779129 0.609168231487274 0.6349276304245 0.618546366691589 0.62433522939682 0.612479507923126 0.619662880897522
0.336548507213593 0.278832972049713 0.247380971908569 0.261478900909424 0.247271373867989 0.246307179331779 0.291097819805145 0.27117908000946 0.288620233535767 0.366703510284424 0.380534380674362 0.493907868862152 0.420288026332855 0.512226819992065 0.533717274665833 0.547220170497894 0.513752222061157 0.542690992355347 0.57534521818161 0.533806681632996 0.540439963340759 0.517053723335266 0.525121092796326 0.589298009872437 0.590770900249481 0.575068354606628 0.58337664604187 0.585746943950653 0.594094157218933 0.600991725921631 0.619702279567719 0.631186068058014 0.630923688411713 0.638395428657532 0.634266257286072 0.600592315196991 0.637531042098999 0.62260103225708 0.604016602039337 0.627592384815216 0.61185884475708 0.585007131099701 0.611498594284058 0.609551250934601
0.277561992406845 0.257594674825668 0.256472140550613 0.245980829000473 0.238132357597351 0.268275231122971 0.261597275733948 0.295542389154434 0.277889043092728 0.355884671211243 0.388279378414154 0.493148952722549 0.435435026884079 0.519111394882202 0.510880291461945 0.522311329841614 0.539636254310608 0.572862267494202 0.593696594238281 0.542141616344452 0.592459261417389 0.575182437896729 0.533480226993561 0.564443707466125 0.574233770370483 0.605972766876221 0.586179435253143 0.604385316371918 0.596564710140228 0.614135980606079 0.608637809753418 0.634670734405518 0.612415671348572 0.619870126247406 0.610148131847382 0.641933977603912 0.621552348136902 0.622069418430328 0.634786546230316 0.629424750804901 0.579073309898376 0.580264985561371 0.575500845909119 0.612431228160858
0.239050507545471 0.220025166869164 0.241165027022362 0.228445678949356 0.248049676418304 0.29249694943428 0.263842433691025 0.373035848140717 0.379392713308334 0.301475435495377 0.34918537735939 0.391677409410477 0.436862081289291 0.474191218614578 0.489030122756958 0.533350348472595 0.581633031368256 0.48930025100708 0.580683052539825 0.57196319103241 0.592830657958984 0.593600749969482 0.596979379653931 0.588455498218536 0.579535067081451 0.609121143817902 0.597973644733429 0.614271461963654 0.590318262577057 0.609569430351257 0.58870655298233 0.599852740764618 0.629294991493225 0.610805809497833 0.630264401435852 0.576777696609497 0.614803671836853 0.604945063591003 0.61284464597702 0.583420097827911 0.571735441684723 0.56000816822052 0.586476862430573 0.584927380084991
0.247459843754768 0.219921380281448 0.255822032690048 0.251530259847641 0.349207997322083 0.355042159557343 0.311312675476074 0.370649516582489 0.420693963766098 0.436898201704025 0.446652114391327 0.397243499755859 0.44250500202179 0.403804242610931 0.461073815822601 0.575034618377686 0.565044164657593 0.576256692409515 0.600504457950592 0.612601280212402 0.596195340156555 0.604779601097107 0.587070822715759 0.581929564476013 0.608752429485321 0.601291954517365 0.595133423805237 0.595061361789703 0.62062007188797 0.606407701969147 0.598402678966522 0.589387059211731 0.603322803974152 0.593828618526459 0.562781274318695 0.600431978702545 0.583464801311493 0.625520348548889 0.569230377674103 0.537261188030243 0.545916318893433 0.567987382411957 0.560520589351654 0.537846684455872
0.238372281193733 0.22675409913063 0.250310778617859 0.255764573812485 0.336040288209915 0.414832800626755 0.429408371448517 0.326739579439163 0.474442392587662 0.537623882293701 0.440111458301544 0.426391184329987 0.465665817260742 0.46417373418808 0.567983210086823 0.543022155761719 0.57770037651062 0.544049859046936 0.594939887523651 0.575955510139465 0.610712230205536 0.591253280639648 0.597929060459137 0.592493534088135 0.601310253143311 0.57498162984848 0.591439366340637 0.589530944824219 0.60616546869278 0.586119413375854 0.583043575286865 0.567340850830078 0.587806224822998 0.565531671047211 0.591538190841675 0.591385006904602 0.610953271389008 0.588277161121368 0.521776020526886 0.521531164646149 0.490178048610687 0.550462663173676 0.545119941234589 0.516331553459167
0.233437299728394 0.224833652377129 0.350836753845215 0.325295358896255 0.415631651878357 0.453739047050476 0.438205242156982 0.35380944609642 0.513149678707123 0.514530718326569 0.462294459342957 0.421814829111099 0.473921895027161 0.544575035572052 0.599687099456787 0.583939373493195 0.577636361122131 0.60103315114975 0.607563078403473 0.573731184005737 0.579521954059601 0.601659834384918 0.616062223911285 0.592050433158875 0.576518774032593 0.587119460105896 0.592252492904663 0.618573427200317 0.582727551460266 0.605898559093475 0.604602038860321 0.52699089050293 0.585573434829712 0.578039348125458 0.552092492580414 0.562419295310974 0.580451011657715 0.56171852350235 0.500358104705811 0.513549864292145 0.484805911779404 0.489244133234024 0.474485516548157 0.498091071844101
