data/climate_estimation/maxent_output/Lilium_carniolicum.asc
NCOLS 156 
NROWS 63 
XLLCORNER 11.8333333333333 
YLLCORNER 41.4166666666667 
CELLSIZE 0.0833333333333333 
NODATA_value -3.4e+38 
[rows 0 to 19 of 63, columns 45 to 89 of 156]
0.126370698213577 0.108873404562473 0.10369998216629 0.0915857702493668 0.0919021666049957 0.0812362506985664 0.0640672072768211 0.0570317469537258 0.0518624745309353 0.0436314903199673 0.0455588065087795 0.0413473285734653 0.0310875717550516 0.0334836877882481 0.0407260805368423 0.0401269234716892 0.0288837607949972 0.0377567298710346 0.029627887532115 0.0297450553625822 0.0357860177755356 0.0353882163763046 0.0277109313756227 0.0302437413483858 0.0305874645709991 0.0393897257745266 0.0353964231908321 0.032474372535944 0.0328885838389397 0.029611324891448 0.0293811801820993 0.0265313591808081 0.0265660732984543 0.0250020008534193 0.0293872840702534 0.026670454069972 0.0229688044637442 0.0228837057948112 0.024049311876297 0.0227590631693602 0.021905854344368 0.0185685325413942 0.021636975929141 0.0181017369031906 0.0189764071255922
0.183686196804047 0.173310935497284 0.13807512819767 0.113862231373787 0.11332793533802 0.0929478332400322 0.0809402838349342 0.0714440941810608 0.0643705874681473 0.0563678182661533 0.0517521426081657 0.0470865927636623 0.05262216553092 0.0447909869253635 0.0442424267530441 0.0447102822363377 0.0389145873486996 0.0459091030061245 0.0401624143123627 0.0395254045724869 0.0398862138390541 0.0415115058422089 0.0402472466230392 0.0374559946358204 0.0358694680035114 0.0354102253913879 0.0334088392555714 0.0382226444780827 0.0346096158027649 0.0328203216195107 0.028491098433733 0.0322550088167191 0.027190662920475 0.0230379849672318 0.0301502775400877 0.0280926525592804 0.0237873625010252 0.0258623212575912 0.0246753934770823 0.0235643107444048 0.0237184446305037 0.0224691443145275 0.0227050241082907 0.0227346625179052 0.0234629083424807
0.255618959665298 0.192118600010872 0.151507869362831 0.13632495701313 0.111665062606335 0.111928537487984 0.105000153183937 0.0987021625041962 0.0879969596862793 0.0825704336166382 0.0649413987994194 0.0631337538361549 0.0552763938903809 0.0556563772261143 0.0522294715046883 0.0483448095619678 0.0486450865864754 0.05130834877491 0.0455904491245747 0.0482731647789478 0.0448903441429138 0.0456096008419991 0.0449025444686413 0.0422193296253681 0.0402850061655045 0.03729597479105 0.0393427759408951 0.0358561351895332 0.0331793650984764 0.0291151273995638 0.0284386184066534 0.0290256273001432 0.0266479291021824 0.0296532772481441 0.0300480555742979 0.026574993506074 0.0277446750551462 0.022766986861825 0.0262312032282352 0.0246296040713787 0.0248879082500935 0.0238423962146044 0.0239669233560562 0.0218696072697639 0.0221911575645208
0.231937676668167 0.208593934774399 0.194205671548843 0.161869958043098 0.146580070257187 0.123047143220901 0.108080707490444 0.0987396985292435 0.11007159948349 0.0834127441048622 0.0756593644618988 0.0646772608160973 0.0661650970578194 0.06045987829566 0.0583088994026184 0.0581661835312843 0.058512669056654 0.0600799135863781 0.065299853682518 0.0492352619767189 0.0543665215373039 0.0474986061453819 0.045182641595602 0.0504596382379532 0.0467385165393353 0.0407892875373363 0.0368072763085365 0.0331988111138344 0.0306775905191898 0.0268678069114685 0.0286544188857079 0.0294484626501799 0.029591279104352 0.0322775170207024 0.0305315051227808 0.0271408632397652 0.0315057039260864 0.0295295566320419 0.0272574815899134 0.0257422085851431 0.0264564827084541 0.0257775373756886 0.0274532102048397 0.0283647235482931 0.0245904978364706
0.400071382522583 0.30621924996376 0.299503952264786 0.247120395302773 0.217803716659546 0.167078524827957 0.119758918881416 0.111649639904499 0.0989920943975449 0.0959831178188324 0.0871192663908005 0.0930453687906265 0.0699603110551834 0.0781280323863029 0.0735379010438919 0.0728278532624245 0.0795452445745468 0.0737287029623985 0.0671418160200119 0.0631831884384155 0.0584109164774418 0.0531465224921703 0.0578764639794827 0.0559807941317558 0.055906604975462 0.0500681512057781 0.0488549806177616 0.0442724153399467 0.0359040163457394 0.0310091264545918 0.0306088458746672 0.0309859495609999 0.0290604811161757 0.0305622797459364 0.0278555415570736 0.0290013942867517 0.0360269583761692 0.0308531280606985 0.0295825116336346 0.0302996169775724 0.0291997008025646 0.0318352878093719 0.0329106152057648 0.0325416997075081 0.0263086594641209
0.331024497747421 0.332734078168869 0.294789701700211 0.263724029064178 0.251577466726303 0.207007616758347 0.268100500106812 0.165995106101036 0.145978048443794 0.128394976258278 0.120970845222473 0.117881059646606 0.109570108354092 0.0937602743506432 0.0821807309985161 0.0904271230101585 0.0742347836494446 0.0716861933469772 0.0703082010149956 0.0842774882912636 0.0756033584475517 0.0685130655765533 0.0659028887748718 0.0648993104696274 0.062550887465477 0.061541985720396 0.055799812078476 0.0487265773117542 0.0431208685040474 0.0378610529005527 0.0289966929703951 0.0341279394924641 0.0385183468461037 0.0596747994422913 0.0403892546892166 0.0388206467032433 0.0403633043169975 0.0331338122487068 0.0319123938679695 0.0317062251269817 0.0311749707907438 0.0337456427514553 0.0349848121404648 0.0336056724190712 0.0313791260123253
0.331072479486465 0.296200484037399 0.221720978617668 0.214482501149178 0.213625878095627 0.176058694720268 0.192192956805229 0.159744456410408 0.155946016311646 0.161119133234024 0.165194630622864 0.125563025474548 0.134053036570549 0.135626703500748 0.12755261361599 0.11211734265089 0.0959225818514824 0.093408390879631 0.0874535962939262 0.0874535962939262 0.081760361790657 0.0792267248034477 0.074414998292923 0.0744017139077187 0.0665831714868546 0.059240497648716 0.0544404052197933 0.0445398427546024 0.0465156845748425 0.045110497623682 0.0509803220629692 0.048727635294199 0.0382155701518059 0.0371791534125805 0.0370288342237473 0.0384373888373375 0.0410311259329319 0.041979443281889 0.0404740758240223 0.0387356206774712 0.0395922176539898 0.0398602485656738 0.0340956896543503 0.0325416997075081 0.0324577316641808
0.485288500785828 0.343304008245468 0.278420716524124 0.210318341851234 0.173427432775497 0.173102617263794 0.167542412877083 0.174834907054901 0.133499428629875 0.133707031607628 0.14321306347847 0.123338773846626 0.124065615236759 0.123352624475956 0.135125860571861 0.137976318597794 0.125510588288307 0.106732793152332 0.118821568787098 0.0982686132192612 0.0922424346208572 0.0838964506983757 0.0824877098202705 0.0827434584498405 0.070158340036869 0.0629136189818382 0.0530899092555046 0.0505340844392776 0.0451574400067329 0.0352840684354305 0.0343047529459 0.0306849684566259 0.0334314964711666 0.0409705191850662 0.0476430580019951 0.046130545437336 0.0468937419354916 0.0414840392768383 0.042452197521925 0.0417426638305187 0.0423899404704571 0.0426076427102089 0.0409869104623795 0.0408443920314312 0.0352088063955307
0.330332964658737 0.283312618732452 0.261951863765717 0.233808681368828 0.324185937643051 0.382230967283249 0.273053109645844 0.2348912358284 0.154460147023201 0.156424641609192 0.147163733839989 0.150443151593208 0.152544021606445 0.145106568932533 0.153838127851486 0.156686097383499 0.180858299136162 0.169361472129822 0.145679980516434 0.127638220787048 0.123543359339237 0.113374575972557 0.104225285351276 0.0967982858419418 0.08708156645298 0.0793899372220039 0.0611970201134682 0.0557282008230686 0.0481328815221786 0.0471573248505592 0.0398889891803265 0.0399197600781918 0.0430841818451881 0.0401404052972794 0.0448347106575966 0.0522141940891743 0.0536881573498249 0.0505513772368431 0.0463322512805462 0.0471242107450962 0.0467050857841969 0.0440788604319096 0.0424442738294601 0.0435043387115002 0.0377970188856125
0.338961541652679 0.250238537788391 0.231463879346848 0.328982502222061 0.478348076343536 0.2672318816185 0.217665389180183 0.182181730866432 0.170137703418732 0.169387593865395 0.173912331461906 0.185757502913475 0.176988691091537 0.176240429282188 0.17904956638813 0.190106689929962 0.169374957680702 0.1778843998909 0.194603368639946 0.178403958678246 0.144731551408768 0.130631014704704 0.12162671983242 0.111646503210068 0.09633819013834 0.08868008852005 0.0805084630846977 0.0738160312175751 0.0677037909626961 0.0581533499062061 0.0454222597181797 0.0463896580040455 0.0571624897420406 0.0543774217367172 0.0584307126700878 0.0656939670443535 0.0616416409611702 0.0538246892392635 0.0532955750823021 0.0487318187952042 0.0509526915848255 0.0467647612094879 0.047512698918581 0.0427715629339218 0.0444590337574482
0.418306410312653 0.267845422029495 0.206331685185432 0.184927806258202 0.187791898846626 0.199464574456215 0.204094305634499 0.199424400925636 0.199908792972565 0.199458792805672 0.180969089269638 0.217320159077644 0.214818567037582 0.233581766486168 0.204700767993927 0.20324581861496 0.205135658383369 0.210600987076759 0.222332552075386 0.228173315525055 0.19413261115551 0.177080005407333 0.152814373373985 0.12792481482029 0.109289579093456 0.101278014481068 0.093363843858242 0.0805084630846977 0.0738160312175751 0.0682955607771873 0.0634648203849792 0.0567286089062691 0.0632266402244568 0.0613435506820679 0.0718197226524353 0.0669920817017555 0.0644977912306786 0.0671267285943031 0.0613460093736649 0.0480473339557648 0.0517595671117306 0.0500539839267731 0.0470641329884529 0.046851709485054 0.0461384244263172
0.333932846784592 0.236428558826447 0.197988376021385 0.181715846061707 0.188222989439964 0.186260312795639 0.19061516225338 0.187644243240356 0.203661903738976 0.207877606153488 0.234422460198402 0.225891679525375 0.245793774724007 0.284896463155746 0.268276453018188 0.27410414814949 0.253671705722809 0.237565100193024 0.236902475357056 0.241734504699707 0.255602926015854 0.239697679877281 0.191578760743141 0.163164526224136 0.149537861347198 0.128560021519661 0.106587380170822 0.0932106152176857 0.0874655991792679 0.0811910778284073 0.0852985456585884 0.0772992074489594 0.0733851566910744 0.0814063251018524 0.0769143849611282 0.0765092819929123 0.0713824480772018 0.0667824819684029 0.0553547590970993 0.0510328933596611 0.049289733171463 0.046760056167841 0.0456789992749691 0.049357570707798 0.046467050909996
0.299029022455215 0.240314066410065 0.201687589287758 0.184476673603058 0.178647816181183 0.187857523560524 0.178114145994186 0.192812636494637 0.184468001127243 0.214618802070618 0.200507447123528 0.226695239543915 0.271865546703339 0.357052147388458 0.326651155948639 0.298735797405243 0.287857264280319 0.287580579519272 0.305496633052826 0.283535659313202 0.317933678627014 0.365287154912949 0.341341525316238 0.240726709365845 0.187630400061607 0.162419110536575 0.150312304496765 0.131796762347221 0.115803584456444 0.106107890605927 0.0973498001694679 0.0918043553829193 0.0985560938715935 0.090041384100914 0.0880472138524055 0.0834121629595757 0.0712156370282173 0.0662203803658485 0.0574809312820435 0.0459984168410301 0.0475093051791191 0.0500493571162224 0.0470595583319664 0.0539756640791893 0.0509526915848255
0.352193593978882 0.304838210344315 0.225860238075256 0.194075345993042 0.192303285002708 0.190010160207748 0.176942467689514 0.163320168852806 0.172942042350769 0.195627301931381 0.199384436011314 0.218589663505554 0.229773506522179 0.291557937860489 0.294597715139389 0.299119621515274 0.289772063493729 0.30903759598732 0.33004891872406 0.352230578660965 0.371964156627655 0.487958341836929 0.515880763530731 0.472291648387909 0.436563640832901 0.281464606523514 0.222704604268074 0.166414022445679 0.146149650216103 0.126279771327972 0.128241077065468 0.119627811014652 0.109292797744274 0.106035254895687 0.0933822840452194 0.0890243873000145 0.0742757841944695 0.0612930618226528 0.0518982335925102 0.0464122258126736 0.0525100380182266 0.0453535132110119 0.049226887524128 0.0565251149237156 0.0538390465080738
0.438311249017715 0.361386179924011 0.3142931163311 0.270452320575714 0.215536549687386 0.193541526794434 0.167173579335213 0.179717525839806 0.171167269349098 0.181788384914398 0.185025423765182 0.200909420847893 0.203734040260315 0.218069702386856 0.254903495311737 0.272617250680923 0.289990067481995 0.333518266677856 0.363768398761749 0.40576708316803 0.489530473947525 0.46772900223732 0.46300995349884 0.404060870409012 0.369848102331161 0.369411319494247 0.323260128498077 0.300211131572723 0.212948158383369 0.171160832047462 0.14513935148716 0.138795450329781 0.123117715120316 0.11347409337759 0.104506015777588 0.0823889821767807 0.0746280625462532 0.0593524798750877 0.0456326454877853 0.0483594238758087 0.0486140586435795 0.0528346486389637 0.0514909997582436 0.0527520067989826 0.0563107803463936
0.548027515411377 0.451493054628372 0.426031202077866 0.324846178293228 0.276715040206909 0.237875044345856 0.198404118418694 0.192075222730637 0.207970410585403 0.205037102103233 0.191975370049477 0.186500206589699 0.185458526015282 0.218077480792999 0.234591692686081 0.247276052832603 0.311868667602539 0.354162275791168 0.433651685714722 0.491810500621796 0.706667244434357 0.687131106853485 0.492989927530289 0.332942932844162 0.307746082544327 0.270394057035446 0.252333045005798 0.231265932321548 0.201310351490974 0.18804694712162 0.201048970222473 0.185601830482483 0.151361644268036 0.130258336663246 0.100845418870449 0.090784564614296 0.0740682557225227 0.0637125670909882 0.0507113449275494 0.04682981595397 0.054263424128294 0.0569025948643684 0.0594109110534191 0.0575304552912712 0.0547977387905121
0.40537691116333 0.616462886333466 0.585257411003113 0.404966622591019 0.335871398448944 0.278993457555771 0.239165499806404 0.217566221952438 0.22945074737072 0.257297098636627 0.209258690476418 0.208512112498283 0.207974687218666 0.20608888566494 0.21223521232605 0.224410489201546 0.25983589887619 0.271527081727982 0.29976549744606 0.367567479610443 0.409777194261551 0.406612753868103 0.412810325622559 0.440068602561951 0.378800272941589 0.322988569736481 0.246461644768715 0.265974789857864 0.245958968997002 0.231272652745247 0.234125331044197 0.186200127005577 0.165054067969322 0.119896806776524 0.108366221189499 0.0994155257940292 0.0807059556245804 0.0743458792567253 0.0663701668381691 0.0604156479239464 0.0620451979339123 0.0657927319407463 0.065587043762207 0.0614235587418079 0.0687033087015152
0.552970170974731 0.66841334104538 0.601490020751953 0.478830218315125 0.415625631809235 0.392162054777145 0.375737398862839 0.348807126283646 0.351893812417984 0.272539019584656 0.220982179045677 0.220898598432541 0.21426559984684 0.207781389355659 0.201524421572685 0.209626212716103 0.257426708936691 0.256362736225128 0.272373080253601 0.276193559169769 0.269279688596725 0.255243927240372 0.239762410521507 0.268997222185135 0.27148163318634 0.280613631010056 0.285072654485703 0.272966802120209 0.252325445413589 0.218114480376244 0.202298268675804 0.177451342344284 0.151692390441895 0.123226769268513 0.112610004842281 0.095948725938797 0.0866832584142685 0.0805120393633842 0.0748509392142296 0.0666698962450027 0.0678397193551064 0.0663585066795349 0.0758446529507637 0.0870791077613831 0.0876636207103729
0.738536238670349 0.613361358642578 0.714234590530396 0.618626713752747 0.550580501556396 0.457336634397507 0.445121109485626 0.378878563642502 0.286055713891983 0.23639865219593 0.213639959692955 0.242745488882065 0.215715795755386 0.20572030544281 0.237737387418747 0.246228531002998 0.312272578477859 0.318557441234589 0.274660050868988 0.240464687347412 0.243546172976494 0.25165206193924 0.236964121460915 0.230984196066856 0.271765232086182 0.249314844608307 0.2094586789608 0.198637947440147 0.204338818788528 0.205698668956757 0.187206536531448 0.160708576440811 0.144212335348129 0.131968379020691 0.122693456709385 0.101618655025959 0.094754733145237 0.0876178443431854 0.0868696644902229 0.0811876207590103 0.0764246433973312 0.0804413035511971 0.0774209126830101 0.0790120139718056 0.0927184596657753
0.00534675922244787 0.762932002544403 0.641599118709564 0.792720973491669 0.733574628829956 0.605986416339874 0.525995850563049 0.450020849704742 0.329663276672363 0.280478745698929 0.275987684726715 0.242107838392258 0.221231058239937 0.236286029219627 0.311312198638916 0.44403463602066 0.451876282691956 0.330929577350616 0.265856176614761 0.24681955575943 0.222970873117447 0.231734380125999 0.219718188047409 0.245186448097229 0.312706649303436 0.324590802192688 0.243808895349503 0.21614807844162 0.202004939317703 0.220780834555626 0.224695026874542 0.203080222010612 0.146717309951782 0.130315035581589 0.119448825716972 0.109675318002701 0.101129099726677 0.0948204472661018 0.0948204472661018 0.0890695452690125 0.0838698893785477 0.0893014445900917 0.0849152877926826 0.08522629737854 0.0881114527583122
