data/climate_estimation/maxent_output/Lilium_davidii.asc
NCOLS 174 
NROWS 136 
XLLCORNER 98.3333333333333 
YLLCORNER 24.4166666666667 
CELLSIZE 0.0833333333333333 
NODATA_value -3.4e+38 
[rows 0 to 19 of 136, columns 0 to 43 of 174]
0.001515606418252 0.000472887710202485 0.000406270759413019 0.000338999991072342 0.000182918854989111 0.000243382237385958 0.000382075231755152 0.000270450400421396 0.00026502221589908 0.000121255572594237 0.000109011809399817 7.69211401348002e-05 4.97093860758469e-05 0.000128264058730565 0.000480267888633534 0.000224960880586877 0.000806154101155698 0.000871247553732246 0.00099396868608892 0.00145566125866026 0.00130869715940207 0.0013712429208681 0.00392767740413547 0.00550235481932759 0.0033136245328933 0.00443424843251705 0.00540768029168248 0.00599656021222472 0.00552562158554792 0.00488495640456676 0.00536757055670023 0.00615585409104824 0.00456517236307263 0.00396096846088767 0.00661606295034289 0.00468657957389951 0.0170070789754391 0.0155143206939101 0.00985666457563639 0.0130691947415471 0.018637141212821 0.0212448444217443 0.0249954871833324 0.0385496988892555
0.000464705546619371 0.000728079292457551 0.00033513136440888 0.000132342611323111 0.000120787175546866 0.000152198947034776 0.000245101779000834 0.00020701574976556 0.000196524764760397 8.35431419545785e-05 0.00012787917512469 0.00016346265329048 0.000117630166641902 0.000163639546371996 0.000433046079706401 0.000189667611266486 0.000229731114814058 0.0016542897792533 0.00179900566581637 0.00201890943571925 0.00237182783894241 0.00129303114954382 0.00362573890015483 0.00241952482610941 0.00203274609521031 0.00310519523918629 0.00794603582471609 0.00910753477364779 0.00624026311561465 0.00609824759885669 0.006250633392483 0.00642220955342054 0.00644284905865788 0.00270752026699483 0.00240824860520661 0.00318016833625734 0.00978441722691059 0.00516362953931093 0.00264176167547703 0.00438904808834195 0.0113382413983345 0.0134236197918653 0.0293585527688265 0.0517385452985764
8.77190395840444e-05 0.000262959947576746 0.000242278620135039 0.00014477749937214 9.17949364520609e-05 0.000107040068542119 0.000142206568852998 0.000212312821531668 0.000177094058017246 0.000117578514618799 0.000138237825012766 0.000207615506951697 0.00012552882253658 0.000123048754176125 0.000261243869317695 0.000361934537068009 0.000275741069344804 0.00120408029761165 0.00238924752920866 0.00351394643075764 0.00404241215437651 0.00548191880807281 0.00324153760448098 0.000767126155551523 0.000913439085707068 0.00167112518101931 0.00301103247329593 0.00430712010711432 0.00500536104664207 0.00740692764520645 0.00868019927293062 0.0099249267950654 0.00957056414335966 0.0076606129296124 0.00782773084938526 0.00552215566858649 0.00501174246892333 0.00207634130492806 0.000562431639991701 0.00140554737299681 0.00503302505239844 0.00838944315910339 0.0154667776077986 0.0445810481905937
8.52242010296322e-05 6.2214610807132e-05 6.54284303891473e-05 0.000109365719254129 9.23171246540733e-05 0.00013955365284346 0.000245420465944335 0.000265325652435422 0.000198121226276271 0.000127590217744 0.000127337101730518 0.000150545340147801 0.000188292600796558 0.000263458350673318 0.000145492405863479 0.000286210357444361 0.000200798487639986 0.000486135424580425 0.000695253373123705 0.00137390103191137 0.00355033786036074 0.00357199599966407 0.00365903647616506 0.000750678009353578 0.000570789503399283 0.000569531810469925 0.00109511718619615 0.00216783909127116 0.00273321429267526 0.00282031926326454 0.00607432657852769 0.00903256330639124 0.0091327503323555 0.00872873887419701 0.00601931009441614 0.00856733880937099 0.00596928503364325 0.00221382663585246 0.00138474046252668 0.00221970886923373 0.00617229752242565 0.00573969352990389 0.00887955445796251 0.0595017373561859
0.000329030270222574 0.000354684132616967 0.000228902732487768 0.000317175057716668 0.000325563974911347 0.000284749316051602 0.000285567919490859 0.000286226073512807 0.000265195849351585 0.000313327444018796 0.00026574352523312 0.000209250370971859 0.000262785091763362 0.000576843274757266 0.000119238007755484 0.000182012779987417 0.00042725374805741 0.000423881952883676 0.000583348039072007 0.000924113555811346 0.00185292307287455 0.00218737148679793 0.00693607190623879 0.00266726478002965 0.00120136910118163 0.00118480762466788 0.00138070620596409 0.00194717978592962 0.00420259730890393 0.00489442609250546 0.00702264392748475 0.0082282330840826 0.00835615489631891 0.00679650111123919 0.00374362152069807 0.00449266750365496 0.00930163636803627 0.00236843316815794 0.00312395323999226 0.006572843529284 0.0123234111815691 0.0291672050952911 0.0324518717825413 0.050206646323204
0.000268088566372171 0.000405456317821518 0.000515006890054792 0.000558871019165963 0.000450612627901137 0.000364195555448532 0.00038370001129806 0.000339858437655494 0.000330924813169986 0.000389146560337394 0.000411678658565506 0.000187271187314764 0.000280393287539482 0.000558877480216324 0.00061939429724589 0.000453227927209809 0.000481460941955447 0.00104072387330234 0.00140991143416613 0.00167238863650709 0.00196718284860253 0.00307664251886308 0.00395076628774405 0.0051546897739172 0.00564358290284872 0.0048327180556953 0.00464146817103028 0.00554307084530592 0.00883640348911285 0.00999201368540525 0.0106047922745347 0.00946190766990185 0.00909322779625654 0.0106117986142635 0.0113974716514349 0.0101397773250937 0.0103631131350994 0.00635735550895333 0.00243225647136569 0.00842345226556063 0.0186468102037907 0.0135056702420115 0.037610437721014 0.027485391125083
0.000210954895010218 0.000383680511731654 0.000362686405424029 0.000554871454369277 0.000508634489960968 0.000554474303498864 0.000486301898490638 0.000368555076420307 0.000262985791778192 0.000266193557763472 0.000337342353304848 0.000223412207560614 0.000450322637334466 0.000711766944732517 0.000945723964832723 0.00066946551669389 0.000921978731639683 0.00091025372967124 0.00087348825763911 0.00100672338157892 0.000792303238995373 0.00123336364049464 0.00405532773584127 0.00251457351259887 0.00257468782365322 0.0049749300815165 0.00562573783099651 0.00655290717259049 0.0100354868918657 0.0097787119448185 0.00952313281595707 0.00899753626435995 0.0090789832174778 0.00768457073718309 0.00935404002666473 0.00687225116416812 0.0112079018726945 0.00835591368377209 0.00381908006966114 0.00626380881294608 0.0214734487235546 0.0240044984966516 0.0302758906036615 0.0325277112424374
0.000181169452844188 0.000266378076048568 0.000226004733121954 0.000264314556261525 0.000245729257585481 0.00031174105242826 0.00036414634087123 0.00031011481769383 0.000338101759552956 0.000305710738757625 0.000289079151116312 0.000559956242796034 0.000618934165686369 0.000716946786269546 0.000457776128314435 0.000612816133070737 0.00102640094701201 0.000717574032023549 0.000748784746974707 0.000800859706941992 0.00121715269051492 0.000793391896877438 0.00186543934978545 0.00245288806036115 0.00205255788750947 0.00188464589882642 0.00275166146457195 0.00417645648121834 0.00602304050698876 0.0056586260907352 0.00569912092760205 0.00528686074540019 0.00619195681065321 0.00630635116249323 0.00687311263754964 0.00893372390419245 0.0109173515811563 0.0141753293573856 0.00812096800655127 0.0101932268589735 0.0162121243774891 0.0259580425918102 0.0328999534249306 0.0355240255594254
0.000180612114490941 0.000286372262053192 0.000281765562249348 0.000206949582207017 0.000166064171935432 0.000211271530133672 0.000264623231487349 0.000136404749355279 0.000238769003772177 0.000359134282916784 0.000666556414216757 0.000664663792122155 0.000354938179953024 0.000323960732202977 0.000485988071886823 0.000453459040727466 0.000613138196058571 0.000757586560212076 0.000812483427580446 0.00097864109557122 0.000814274069853127 0.00133205496240407 0.00355400238186121 0.00323991128243506 0.00236447248607874 0.00253874366171658 0.00288310879841447 0.00348250451497734 0.00393552798777819 0.00431087706238031 0.00428353110328317 0.00369793805293739 0.00504225445911288 0.00602235877886415 0.00846475083380938 0.0147284120321274 0.0183485541492701 0.0205002818256617 0.0237368252128363 0.021854143589735 0.0288807190954685 0.0344426855444908 0.0279445331543684 0.0315331853926182
0.000179838010808453 0.000354824966052547 0.000354784278897569 0.000286579073872417 0.000218539047637023 0.000158536247909069 0.000193518077139743 0.000157113638124429 0.000123625504784286 0.00026081275427714 0.000306678673950955 0.000607811321970075 0.00035158745595254 0.000175364562892355 0.000187350931810215 0.000210019905352965 0.000234248698689044 0.000653458468150347 0.000396218238165602 0.00120507343672216 0.00115624559111893 0.0014781680656597 0.0014605593169108 0.00304625555872917 0.00187194172758609 0.00140411918982863 0.00148961774539202 0.00168513809330761 0.00309299933724105 0.003981938585639 0.00407191645354033 0.00321933487430215 0.00553369289264083 0.00982339214533567 0.0148120718076825 0.0173844490200281 0.0227453131228685 0.0208707060664892 0.0243900679051876 0.0340279191732407 0.0353488512337208 0.0329488255083561 0.019406059756875 0.0219275988638401
0.000314236676786095 0.000381457706680521 0.000448174541816115 0.000395322655094787 0.000283527682768181 0.000225240204599686 0.00013111880980432 0.000219141948036849 0.000132006563944742 0.000151929591083899 0.000274277903372422 0.000486917444504797 0.000294176541501656 0.000169756458490156 0.000290998024865985 0.000322661857353523 0.000266598188318312 0.000271947326837108 0.000732729153241962 0.000739137234631926 0.000920744438190013 0.00100514467339963 0.00182017160113901 0.00399261293932796 0.002518055960536 0.00201174290850759 0.00234453496523201 0.00269013247452676 0.00235330918803811 0.00312245567329228 0.00442061806097627 0.00411029020324349 0.00414070254191756 0.00805989932268858 0.0142416143789887 0.0165126509964466 0.020833482965827 0.0305429734289646 0.0357489660382271 0.0436867102980614 0.043006993830204 0.0345039255917072 0.0204406250268221 0.0164024196565151
0.000473561114631593 0.000481402588775381 0.000452307664090768 0.000446631864178926 0.000447871600044891 0.000361702579539269 0.000198741356143728 0.000171872845385224 0.000204701733309776 0.00016837460862007 0.000277360843028873 0.000317985075525939 0.000398795469664037 4.70425911771599e-05 0.000223416238441132 0.00037897314177826 0.00117776112165302 0.000722276279702783 0.000972131558228284 0.00132033869158477 0.00172416632995009 0.00178373884409666 0.00198165792971849 0.00181388994678855 0.00365119241178036 0.00408730516210198 0.00493894331157207 0.00234851776622236 0.00369300716556609 0.00658299680799246 0.00748722208663821 0.00893181376159191 0.00712700188159943 0.00958551652729511 0.0145184518769383 0.0266084223985672 0.0344209931790829 0.0418629311025143 0.0484934262931347 0.045299056917429 0.0477096624672413 0.0423933789134026 0.0219488628208637 0.0233314670622349
0.000547698349691927 0.000445726211182773 0.000518698594532907 0.000543377245776355 0.000604550179559737 0.000478147296234965 0.000443175085820258 0.000322877749567851 0.000218763190787286 0.000286915863398463 0.000246507814154029 0.000228364660870284 0.000262319314060733 0.000205607255338691 0.000102272948424798 0.000550341967027634 0.000483377662021667 0.000536519335582852 0.00105645332951099 0.000922817445825785 0.000971242727246135 0.00112712278496474 0.0016160715604201 0.00122039520647377 0.00176938122604042 0.00173946190625429 0.00676938332617283 0.010700386017561 0.0113931614905596 0.0141478618606925 0.0163024421781301 0.0135807041078806 0.00949647836387157 0.011308834888041 0.0106656700372696 0.0214386712759733 0.0338770039379597 0.0511167719960213 0.0586776658892632 0.061384953558445 0.0490751452744007 0.0490710362792015 0.0234810169786215 0.0280535258352757
0.000800597132183611 0.000471173028927296 0.000477073306683451 0.000636398559436202 0.000784747069701552 0.000811449601314962 0.000548534037079662 0.000524829374626279 0.000292339303996414 0.00037186115514487 0.000309123453916982 0.000241669316892512 0.000204313735594042 0.000219012013985775 0.000348864559782669 0.000702895980793983 0.000728899089153856 0.000610249058809131 0.00141105975490063 0.000840017106384039 0.000967619998846203 0.00172492885030806 0.00191889540292323 0.00127804582007229 0.00168903986923397 0.00295885372906923 0.0076315370388329 0.00717655709013343 0.0102103371173143 0.00779308658093214 0.0138925295323133 0.0104373283684254 0.0120950769633055 0.0164841078221798 0.0157450642436743 0.0286489184945822 0.0371752195060253 0.0476147010922432 0.0555384196341038 0.0520646348595619 0.0485780537128448 0.054151862859726 0.0456126146018505 0.0335177034139633
0.000786464544944465 0.000804438488557935 0.000453257351182401 0.000444739882368594 0.000798865163233131 0.00102717464324087 0.000909222580958158 0.00079465884482488 0.000507786928210407 0.000600035535171628 0.000507145596202463 0.000502899754792452 0.000365499086910859 0.000351621012669057 0.00049007567577064 0.000680723402183503 0.000859752239193767 0.000944348052144051 0.000875542697031051 0.00208437046967447 0.00117602071259171 0.0019580707885325 0.00241761165671051 0.00229014898650348 0.00218768278136849 0.00355830788612366 0.00530449580401182 0.00475599989295006 0.00737704522907734 0.00621404452249408 0.0150734772905707 0.0212928354740143 0.0258864518254995 0.016933050006628 0.0309013500809669 0.0329349339008331 0.0364041663706303 0.0314804501831532 0.0413043014705181 0.0405630692839622 0.0448492579162121 0.0507133193314075 0.0712703466415405 0.0714388713240623
0.000687630381435156 0.000949204724747688 0.000982301309704781 0.000801127927843481 0.00133733032271266 0.00139171886257827 0.00132216326892376 0.00121655547991395 0.00107186008244753 0.0007402328774333 0.00100007059518248 0.000522914575412869 0.000308269402012229 0.00031649594893679 0.000450747844297439 0.000725365942344069 0.000838782987557352 0.00134379277005792 0.00206904881633818 0.00141045963391662 0.00190192181617022 0.0028351207729429 0.00387590355239809 0.00410723406821489 0.00394315086305141 0.00273137236945331 0.00444768369197845 0.00422873441129923 0.00771227572113276 0.00781329441815615 0.0135086085647345 0.0189595818519592 0.0236764959990978 0.0351326540112495 0.0319599211215973 0.0174667779356241 0.0261706952005625 0.0371636003255844 0.0363515242934227 0.0313835740089417 0.0326833203434944 0.0307909734547138 0.0501414686441422 0.0716636925935745
0.000698314281180501 0.000965116487350315 0.00127153552602977 0.00158394314348698 0.00145729619543999 0.00141858798451722 0.00113430945202708 0.000980215729214251 0.0016531350556761 0.00125037902034819 0.00122601352632046 0.000850546290166676 0.000569044903386384 0.00062400457682088 0.000520405126735568 0.000524217786733061 0.000659090699627995 0.000845094211399555 0.000905082793906331 0.00154100195504725 0.00235016993246973 0.00287192710675299 0.00492118811234832 0.00358542194589972 0.0072501408867538 0.00476820487529039 0.00282063195481896 0.00260047172196209 0.004744668956846 0.009599887765944 0.00635483581572771 0.00919187348335981 0.012382386252284 0.0281926672905684 0.0396744981408119 0.0285592544823885 0.0353449955582619 0.0364741422235966 0.0257226321846247 0.0266486722975969 0.0469449795782566 0.0586038678884506 0.0436373651027679 0.028975710272789
0.00092078244779259 0.000844105845317245 0.00115707295481116 0.00140174722764641 0.00181940698530525 0.00187800847925246 0.00129129935521632 0.00164169631898403 0.0021507574710995 0.00215875543653965 0.00189817405771464 0.00139651133213192 0.00119979202281684 0.00132400402799249 0.000882027845364064 0.000645991938654333 0.000718860188499093 0.000937487231567502 0.00140120612923056 0.00139841588679701 0.000861750857438892 0.0010770169319585 0.00189987814519554 0.00231773173436522 0.0028646974824369 0.00420766929164529 0.00451042456552386 0.00408078776672482 0.00472407462075353 0.00898854155093431 0.0140585824847221 0.0216061491519213 0.023754857480526 0.0278659630566835 0.0519469641149044 0.059523805975914 0.0527103021740913 0.051511213183403 0.0475944206118584 0.0390241108834743 0.0391537025570869 0.041488204151392 0.0488441921770573 0.0591550655663013
0.00130483589600772 0.0011186198098585 0.00122690526768565 0.00150512997061014 0.00173384021036327 0.00181577331386507 0.00243405974470079 0.00192413397599012 0.00263954279944301 0.00191954337060452 0.00185355462599546 0.00163513468578458 0.00141572370193899 0.00171808304730803 0.00203286786563694 0.0012011956423521 0.00105175608769059 0.00133413658477366 0.00179906701669097 0.00292640249244869 0.00270930002443492 0.00122901354916394 0.00186033535283059 0.00244966777972877 0.00357093242928386 0.00628172606229782 0.00719634396955371 0.00650303391739726 0.00736399227753282 0.00595203367993236 0.011426710523665 0.0150384781882167 0.0256541837006807 0.0286324769258499 0.033659640699625 0.0526360832154751 0.0679113641381264 0.0928399115800858 0.0884318873286247 0.0660934895277023 0.05201480910182 0.0425155162811279 0.0325024761259556 0.0451510511338711
0.0015809559263289 0.00152572127990425 0.00119692902080715 0.00137521990109235 0.00160937779583037 0.00158833106979728 0.00217798608355224 0.00277280667796731 0.00377338076941669 0.00254753674380481 0.00148871121928096 0.00187222717795521 0.00188995699863881 0.00187348679173738 0.00296676764264703 0.0033483118750155 0.00359354168176651 0.00254999264143407 0.00218018959276378 0.00146709987893701 0.00180535251274705 0.00260363542474806 0.00331536820158362 0.00374454748816788 0.00490463897585869 0.00471874605864286 0.0047376393340528 0.00835408549755812 0.00872112065553665 0.0113771045580506 0.0144568746909499 0.0104027027264237 0.00646223872900009 0.0094628194347024 0.0139923188835382 0.0149968070909381 0.0166919510811567 0.0304666049778461 0.0698342397809029 0.107135720551014 0.105613067746162 0.0713574886322021 0.0440860018134117 0.0292833093553782
