data/climate_estimation/maxent_output/Lilium_japonicum.asc
NCOLS 117 
NROWS 72 
XLLCORNER 131.166666666667 
YLLCORNER 33.4166666666667 
CELLSIZE 0.0833333333333333 
NODATA_value -3.4e+38 
[rows 44 to 65 of 72, columns 49 to 97 of 117]
0.633802950382233 -3.4e+38 0.612635374069214 -3.4e+38 -3.4e+38 -3.4e+38 -3.4e+38 -3.4e+38 0.656624674797058 0.657038807868958 0.702323853969574 0.840169668197632 0.812297165393829 0.797299206256866 0.868821442127228 0.813020408153534 0.815138399600983 0.7814901471138 0.828525304794312 0.812074899673462 0.862162113189697 0.855451047420502 0.869637608528137 0.87250828742981 0.840528547763824 0.788419365882874 0.67913281917572 0.591266751289368 0.655823528766632 0.543088674545288 0.345522880554199 0.312377959489822 0.182599380612373 0.146503165364265 0.233512371778488 0.253791213035583 0.328072607517242 0.0753217115998268 0.0089395996183157 0.0074302195571363 0.0147117553278804 0.00587945571169257 0.0655799731612206 0.122144356369972 0.0724050998687744 0.0761599466204643 0.0460316278040409 0.0349216610193253 0.0400180593132973
0.627084732055664 -3.4e+38 0.622021794319153 -3.4e+38 -3.4e+38 -3.4e+38 0.616787672042847 0.61152982711792 0.627285838127136 0.620878756046295 0.682399094104767 0.831052303314209 0.798910737037659 0.825495421886444 0.82648503780365 0.805854856967926 0.848208487033844 0.85998672246933 0.85332715511322 0.830994606018066 0.865080714225769 0.867128074169159 0.872599840164185 0.879891932010651 0.856375277042389 0.807722926139832 0.828684270381927 0.753044366836548 0.740882337093353 0.558827877044678 0.459760308265686 0.331141859292984 0.282515794038773 0.180091887712479 0.324150055646896 0.238225728273392 0.222341895103455 0.113053396344185 0.0189713127911091 0.0116292759776115 0.0108890235424042 0.0258783958852291 0.0806040614843369 0.0991931408643723 0.0494955256581306 0.0735630095005035 0.0523733273148537 0.0684948861598969 0.0543135888874531
0.634382545948029 0.629593193531036 0.62140154838562 0.607405066490173 0.600110769271851 0.619213581085205 0.605229377746582 0.610009491443634 0.81052303314209 0.716792464256287 0.830950081348419 0.835906386375427 0.816538333892822 0.755044162273407 0.814721822738647 0.850589692592621 0.848110675811768 0.875362455844879 0.883248388767242 0.885675251483917 0.886436998844147 0.876011729240417 0.874760210514069 0.859220385551453 0.837700664997101 0.816482722759247 0.854156494140625 0.834986448287964 0.694274842739105 0.57040947675705 0.558042526245117 0.637799143791199 0.296291440725327 0.264475911855698 0.377942830324173 0.275064408779144 0.223373338580132 0.159516528248787 0.058345228433609 0.0539111159741879 0.0969077050685883 0.140135496854782 0.143485724925995 0.125582858920097 0.143091320991516 0.165311619639397 0.144872948527336 0.119728907942772 0.0910710021853447
0.651227116584778 0.644094228744507 0.647702932357788 0.64024806022644 0.643564879894257 0.644456028938293 0.662799179553986 0.803981423377991 0.685520827770233 0.801480889320374 0.796596586704254 0.799968719482422 0.665039002895355 0.775022149085999 0.789191663265228 0.812416911125183 0.855732560157776 0.873111367225647 0.884717404842377 0.893800020217896 0.896159470081329 0.897233188152313 0.890765607357025 0.871472120285034 0.857344508171082 0.851587891578674 0.840960264205933 0.761341571807861 0.60818749666214 0.700636923313141 0.790486931800842 0.613023638725281 0.380766242742538 0.428671538829803 0.285537719726562 0.368998378515244 0.300050020217896 0.176668226718903 0.184277504682541 0.157515078783035 0.171453416347504 0.19057422876358 0.20360854268074 0.231839790940285 0.275438785552979 0.256816297769547 0.319138020277023 0.252417236566544 0.164015725255013
0.629372596740723 0.626414060592651 0.638579130172729 0.649875700473785 0.655547559261322 0.649144947528839 0.772606253623962 0.78584098815918 0.642863750457764 0.622020363807678 0.618507027626038 0.614999711513519 0.769868850708008 0.769367218017578 0.773459374904633 0.815313637256622 0.832557678222656 0.85299164056778 0.860064923763275 0.859283983707428 0.867065131664276 0.874840140342712 0.872826039791107 0.862494647502899 0.857459545135498 0.826364636421204 0.80697238445282 0.67577463388443 0.577595233917236 0.632705628871918 0.757724165916443 0.647363781929016 0.456941783428192 0.469094812870026 0.382824331521988 0.426689922809601 0.341434895992279 0.293964177370071 0.289826691150665 0.239402264356613 0.274051696062088 0.312615692615509 0.395940721035004 0.37228798866272 0.347356051206589 0.294497728347778 0.272812157869339 0.252046853303909 0.222837135195732
0.583853185176849 0.598083794116974 0.75472229719162 0.761024475097656 0.749635875225067 0.742959320545197 0.74541562795639 0.746305465698242 0.760316252708435 0.759915053844452 0.749047815799713 0.742192149162292 0.732186615467072 0.776067316532135 0.785917997360229 0.797941625118256 0.813727974891663 0.819497585296631 0.808896958827972 0.750073969364166 0.70877742767334 0.764524698257446 0.815011203289032 0.847266316413879 0.823953926563263 0.823498666286469 0.795108377933502 0.763527572154999 0.687307953834534 0.670413911342621 0.753633618354797 0.714585661888123 0.599893093109131 0.470595985651016 0.450996845960617 0.445624977350235 0.418416231870651 0.379534661769867 0.429768055677414 0.407032161951065 0.397381871938705 0.45191290974617 0.508019685745239 0.570540070533752 0.497882276773453 0.545686721801758 0.360306352376938 0.38966503739357 0.381745010614395
0.730799198150635 0.744769513607025 0.743595540523529 0.757342398166656 0.752690255641937 0.746651172637939 0.731168925762177 0.736425876617432 0.747979879379272 0.745669305324554 0.738082230091095 0.723765671253204 0.720970690250397 0.754865288734436 0.774191617965698 0.776744365692139 0.786760210990906 0.786039233207703 0.67297750711441 0.498547524213791 0.34512010216713 0.408134937286377 0.658085405826569 0.764351785182953 0.808478057384491 0.819786489009857 0.762797236442566 0.729881942272186 0.693580389022827 0.691634297370911 0.734660029411316 0.710752010345459 0.634943783283234 0.519372224807739 0.587723612785339 0.565199255943298 0.503737092018127 0.51042377948761 0.586564302444458 0.616588592529297 0.580197870731354 0.541961312294006 0.611642122268677 0.571419417858124 0.603192090988159 0.63959002494812 0.532902836799622 0.460923880338669 -3.4e+38
0.724484860897064 0.728870511054993 0.739217698574066 0.749659895896912 0.753032803535461 0.742213368415833 0.747259676456451 0.758990585803986 0.79830664396286 0.79649829864502 0.788476765155792 0.774461507797241 0.770333886146545 0.752933204174042 0.752711415290833 0.753964841365814 0.762028157711029 0.680723488330841 0.472986102104187 0.320756167173386 0.248629987239838 0.260849952697754 0.354752004146576 0.517421722412109 0.716709554195404 0.766499817371368 0.68699038028717 0.721562564373016 0.728594303131104 0.736819863319397 0.758025705814362 0.735719978809357 0.637852668762207 0.61294025182724 0.704381346702576 0.660424768924713 0.668778717517853 0.673691809177399 0.678742289543152 0.657201886177063 0.631354331970215 0.608590483665466 0.591682612895966 0.613623380661011 0.605710744857788 0.620637536048889 0.499954998493195 -3.4e+38 -3.4e+38
0.720928251743317 0.726271867752075 0.777258455753326 0.737739324569702 0.784073114395142 0.814198434352875 0.809888780117035 0.811010122299194 0.80676656961441 0.787978172302246 0.786137461662292 0.768068790435791 0.763796269893646 0.73504239320755 0.747434377670288 0.720166444778442 0.610429227352142 0.499886870384216 0.356992185115814 0.237356767058372 0.211426928639412 0.245597153902054 0.2908715903759 0.395220786333084 0.751590549945831 0.755675196647644 0.727809488773346 0.756069183349609 0.732539355754852 0.751642823219299 0.729048728942871 0.725246250629425 0.726539969444275 0.721236228942871 0.721387028694153 0.717008948326111 0.718191981315613 0.700507283210754 0.680319547653198 0.6763796210289 -3.4e+38 -3.4e+38 0.602629959583282 0.588925838470459 0.579496681690216 0.581554174423218 0.483994513750076 0.462186008691788 -3.4e+38
0.753317058086395 0.761627554893494 0.774744689464569 0.780034899711609 0.794591307640076 0.811403691768646 0.800292015075684 0.806977093219757 0.800704658031464 0.782748401165009 0.775151252746582 0.760713636875153 0.761294603347778 0.750459790229797 0.73100471496582 0.531707644462585 0.419744402170181 0.432103276252747 -3.4e+38 0.230196863412857 0.203443095088005 0.229856982827187 0.239638105034828 0.327486544847488 0.566589832305908 0.750069916248322 0.741238355636597 0.781514048576355 0.753782689571381 0.724264144897461 0.726833760738373 0.729630589485168 0.719398081302643 0.704390645027161 0.703669309616089 0.699354887008667 0.685269236564636 0.659796476364136 0.653287649154663 0.63477486371994 -3.4e+38 -3.4e+38 0.602606952190399 0.600073873996735 0.541392862796783 0.548312246799469 0.488084942102432 -3.4e+38 -3.4e+38
0.724110245704651 0.748041570186615 0.760253190994263 0.760981738567352 0.746939599514008 0.741046369075775 0.721976697444916 0.686444997787476 0.753114521503448 0.759574711322784 0.739317178726196 0.706636071205139 0.744793653488159 0.69465708732605 0.60333776473999 0.429964333772659 0.377229601144791 -3.4e+38 -3.4e+38 0.226872250437737 0.225300893187523 0.255455136299133 0.260595768690109 0.314313948154449 0.475789695978165 0.654563009738922 0.695388793945312 0.750002205371857 0.744622826576233 0.736386835575104 0.727789402008057 0.710384726524353 0.707477271556854 0.687216937541962 0.677101969718933 0.669236302375793 0.640252590179443 0.636614322662354 -3.4e+38 -3.4e+38 -3.4e+38 -3.4e+38 0.554910719394684 0.567089796066284 0.553152322769165 0.533243417739868 0.458793461322784 -3.4e+38 -3.4e+38
0.704639494419098 0.505087077617645 0.535956740379333 0.574145555496216 0.631393790245056 0.614212393760681 0.613658666610718 0.615190029144287 0.711004257202148 0.723400354385376 0.64950692653656 0.640255391597748 0.751980781555176 0.706416189670563 0.559868097305298 0.43657597899437 0.375710040330887 -3.4e+38 -3.4e+38 0.295495599508286 0.329118549823761 0.28316468000412 0.289338320493698 0.329323500394821 0.434497386217117 0.592655301094055 0.682747483253479 0.702061772346497 0.717516601085663 0.71062308549881 0.700787305831909 0.692016184329987 0.679201304912567 0.670680940151215 0.653292238712311 0.625569641590118 0.609970033168793 0.6091348528862 -3.4e+38 -3.4e+38 -3.4e+38 -3.4e+38 0.497414588928223 0.519156813621521 0.493326514959335 0.44533583521843 0.429609179496765 -3.4e+38 -3.4e+38
0.526459395885468 0.377908796072006 0.371295094490051 0.432922154664993 0.601605355739594 0.601229012012482 0.597864627838135 0.611609995365143 0.664724051952362 0.612592160701752 0.593625485897064 0.656646251678467 0.76144951581955 0.644700229167938 0.57688707113266 0.556147396564484 -3.4e+38 -3.4e+38 -3.4e+38 0.385834544897079 0.372616916894913 -3.4e+38 -3.4e+38 0.571981430053711 0.614289402961731 0.645002543926239 0.672711968421936 0.706260502338409 0.699494540691376 0.687688887119293 0.671688616275787 0.656501948833466 0.649492204189301 0.631496787071228 0.612078607082367 0.606848657131195 0.593246698379517 -3.4e+38 -3.4e+38 -3.4e+38 -3.4e+38 0.45381560921669 0.458541005849838 0.436139672994614 0.400956183671951 0.392829984426498 -3.4e+38 -3.4e+38 -3.4e+38
-3.4e+38 -3.4e+38 0.47066867351532 0.374111145734787 0.662459075450897 0.745345413684845 0.732119262218475 0.718504846096039 0.755558729171753 0.739507496356964 0.717674016952515 0.752726137638092 0.753672897815704 0.710396289825439 0.704425394535065 0.698031902313232 0.717211663722992 -3.4e+38 -3.4e+38 -3.4e+38 -3.4e+38 0.609504103660583 0.608317852020264 0.606473863124847 0.633390128612518 0.662943542003632 0.674089431762695 -3.4e+38 -3.4e+38 0.66886031627655 0.661796450614929 0.651105403900146 -3.4e+38 0.600735068321228 0.590519726276398 0.568369626998901 -3.4e+38 -3.4e+38 -3.4e+38 -3.4e+38 -3.4e+38 -3.4e+38 0.36376827955246 0.349599838256836 0.349759250879288 -3.4e+38 -3.4e+38 -3.4e+38 -3.4e+38
-3.4e+38 0.678960978984833 0.722677052021027 0.682134807109833 0.695805251598358 0.75238960981369 0.763127505779266 0.788281142711639 0.786816537380219 0.771140456199646 0.739699244499207 0.740798354148865 0.754960417747498 0.737494051456451 0.740643262863159 0.742327034473419 0.737138032913208 0.739964365959167 0.741245567798615 0.744900465011597 -3.4e+38 0.64665013551712 -3.4e+38 -3.4e+38 -3.4e+38 -3.4e+38 -3.4e+38 -3.4e+38 -3.4e+38 -3.4e+38 -3.4e+38 -3.4e+38 -3.4e+38 -3.4e+38 -3.4e+38 -3.4e+38 -3.4e+38 -3.4e+38 -3.4e+38 -3.4e+38 -3.4e+38 -3.4e+38 -3.4e+38 -3.4e+38 -3.4e+38 -3.4e+38 -3.4e+38 -3.4e+38 0.289803355932236
0.617093920707703 0.683637797832489 0.712733089923859 0.714485347270966 0.749748170375824 0.768419861793518 0.777929782867432 0.77317750453949 0.786528527736664 0.727847218513489 0.711491048336029 0.690924525260925 0.711443483829498 0.724399447441101 0.722739398479462 0.725779950618744 0.726414740085602 0.720749139785767 0.723301351070404 0.717636227607727 0.711643993854523 -3.4e+38 -3.4e+38 -3.4e+38 -3.4e+38 -3.4e+38 -3.4e+38 -3.4e+38 -3.4e+38 -3.4e+38 -3.4e+38 -3.4e+38 -3.4e+38 -3.4e+38 -3.4e+38 -3.4e+38 -3.4e+38 -3.4e+38 -3.4e+38 -3.4e+38 -3.4e+38 -3.4e+38 -3.4e+38 -3.4e+38 -3.4e+38 -3.4e+38 -3.4e+38 -3.4e+38 0.268140882253647
0.646622657775879 0.684889674186707 0.737994372844696 0.758242249488831 0.763472557067871 0.774292051792145 0.790619254112244 0.769048988819122 0.730822861194611 0.647349536418915 0.636208176612854 0.683553278446198 0.694220662117004 0.698487281799316 0.690743505954742 0.685375869274139 0.684633672237396 0.693701446056366 0.687051951885223 0.694657742977142 0.702521860599518 -3.4e+38 -3.4e+38 -3.4e+38 -3.4e+38 -3.4e+38 -3.4e+38 -3.4e+38 -3.4e+38 -3.4e+38 -3.4e+38 -3.4e+38 -3.4e+38 -3.4e+38 -3.4e+38 -3.4e+38 -3.4e+38 -3.4e+38 -3.4e+38 -3.4e+38 -3.4e+38 -3.4e+38 -3.4e+38 -3.4e+38 -3.4e+38 -3.4e+38 -3.4e+38 0.248210445046425 0.262972146272659
0.673923254013062 0.696636199951172 0.707340478897095 0.72879558801651 0.76026314496994 0.752165079116821 0.725077509880066 0.651412129402161 0.623849272727966 0.64850902557373 0.599918246269226 0.655191600322723 0.649960219860077 0.646850526332855 0.651254177093506 0.646603643894196 0.652188003063202 0.656821310520172 0.654200315475464 0.656280100345612 -3.4e+38 -3.4e+38 -3.4e+38 -3.4e+38 -3.4e+38 -3.4e+38 -3.4e+38 -3.4e+38 -3.4e+38 -3.4e+38 -3.4e+38 -3.4e+38 -3.4e+38 -3.4e+38 -3.4e+38 -3.4e+38 -3.4e+38 -3.4e+38 -3.4e+38 -3.4e+38 -3.4e+38 -3.4e+38 -3.4e+38 -3.4e+38 -3.4e+38 -3.4e+38 -3.4e+38 0.243811637163162 0.250605642795563
0.663735270500183 0.694204032421112 0.735655546188354 0.707585394382477 0.655965566635132 0.677871942520142 0.65195244550705 0.578487694263458 0.549162209033966 0.589060306549072 0.545144617557526 0.62853342294693 0.607078552246094 0.607979416847229 0.618645370006561 0.615383446216583 -3.4e+38 -3.4e+38 -3.4e+38 -3.4e+38 -3.4e+38 -3.4e+38 -3.4e+38 -3.4e+38 -3.4e+38 -3.4e+38 -3.4e+38 -3.4e+38 -3.4e+38 -3.4e+38 -3.4e+38 -3.4e+38 -3.4e+38 -3.4e+38 -3.4e+38 -3.4e+38 -3.4e+38 -3.4e+38 -3.4e+38 -3.4e+38 -3.4e+38 -3.4e+38 -3.4e+38 -3.4e+38 -3.4e+38 -3.4e+38 0.245779156684875 0.236488193273544 -3.4e+38
0.689474165439606 0.713889718055725 0.708389222621918 0.664316058158875 0.611905634403229 0.628435790538788 0.638759255409241 0.539780259132385 0.598365187644958 0.609221041202545 0.584496259689331 0.55599969625473 0.527866899967194 -3.4e+38 -3.4e+38 -3.4e+38 -3.4e+38 -3.4e+38 -3.4e+38 -3.4e+38 -3.4e+38 -3.4e+38 -3.4e+38 -3.4e+38 -3.4e+38 -3.4e+38 -3.4e+38 -3.4e+38 -3.4e+38 -3.4e+38 -3.4e+38 -3.4e+38 -3.4e+38 -3.4e+38 -3.4e+38 -3.4e+38 -3.4e+38 -3.4e+38 -3.4e+38 -3.4e+38 -3.4e+38 -3.4e+38 -3.4e+38 -3.4e+38 -3.4e+38 -3.4e+38 -3.4e+38 -3.4e+38 -3.4e+38
0.669420123100281 0.698445677757263 0.655248641967773 0.601210355758667 0.586582660675049 0.631430625915527 0.632255852222443 0.569588661193848 0.611827552318573 0.593023478984833 0.580596446990967 0.527489542961121 0.463813871145248 -3.4e+38 -3.4e+38 -3.4e+38 -3.4e+38 -3.4e+38 -3.4e+38 -3.4e+38 -3.4e+38 -3.4e+38 -3.4e+38 -3.4e+38 -3.4e+38 -3.4e+38 -3.4e+38 -3.4e+38 -3.4e+38 -3.4e+38 -3.4e+38 -3.4e+38 -3.4e+38 -3.4e+38 -3.4e+38 -3.4e+38 -3.4e+38 -3.4e+38 -3.4e+38 -3.4e+38 -3.4e+38 -3.4e+38 -3.4e+38 -3.4e+38 -3.4e+38 -3.4e+38 -3.4e+38 -3.4e+38 -3.4e+38
0.658899366855621 0.68145489692688 0.655135750770569 0.635004281997681 0.604167342185974 0.632289588451385 0.624948680400848 0.590082764625549 0.587958574295044 0.567859053611755 0.547333478927612 0.494143754243851 0.465638697147369 -3.4e+38 -3.4e+38 -3.4e+38 -3.4e+38 -3.4e+38 -3.4e+38 -3.4e+38 -3.4e+38 -3.4e+38 -3.4e+38 -3.4e+38 -3.4e+38 -3.4e+38 -3.4e+38 -3.4e+38 -3.4e+38 -3.4e+38 -3.4e+38 -3.4e+38 -3.4e+38 -3.4e+38 -3.4e+38 -3.4e+38 -3.4e+38 -3.4e+38 -3.4e+38 -3.4e+38 -3.4e+38 -3.4e+38 -3.4e+38 -3.4e+38 -3.4e+38 -3.4e+38 -3.4e+38 -3.4e+38 -3.4e+38
