data/climate_estimation/maxent_output/Lilium_philadelphicum.asc
NCOLS 643 
NROWS 270 
XLLCORNER -120.583333333333 
YLLCORNER 35.9166666666667 
CELLSIZE 0.0833333333333333 
NODATA_value -3.4e+38 
[rows 220 to 239 of 270, columns 440 to 483 of 643]
0.744104743003845 0.706725716590881 0.729134321212769 0.761048853397369 0.737776517868042 0.709367454051971 0.721484184265137 0.739219486713409 0.723388016223907 0.706865072250366 0.670950651168823 0.661451041698456 0.666580200195312 0.708153069019318 0.735317707061768 0.730644583702087 0.701276183128357 0.666509985923767 0.641160905361176 0.660107791423798 0.648876845836639 0.645007610321045 0.664809703826904 0.675873041152954 0.725428223609924 0.725967764854431 0.739436388015747 0.716672003269196 0.713576197624207 0.742895424365997 0.774466514587402 0.789770185947418 0.774228870868683 0.766928970813751 0.75907963514328 0.759981870651245 0.770866096019745 0.766877830028534 0.775118172168732 0.784119248390198 0.784593403339386 0.786175668239594 0.799045622348785 0.815514266490936
0.741237938404083 0.743188142776489 0.732113778591156 0.767021834850311 0.755045413970947 0.740098118782043 0.733301341533661 0.716828465461731 0.715240478515625 0.696684837341309 0.668135046958923 0.665826678276062 0.652311205863953 0.691166400909424 0.730920433998108 0.70135498046875 0.674971222877502 0.656280517578125 0.661156415939331 0.690134763717651 0.67461234331131 0.673580288887024 0.637716889381409 0.673135340213776 0.702542364597321 0.725224494934082 0.70756596326828 0.724099040031433 0.70864325761795 0.72783088684082 0.766343474388123 0.770933866500854 0.756462574005127 0.750972270965576 0.752856373786926 0.752407968044281 0.754830300807953 0.763805270195007 0.757767379283905 0.767277181148529 0.772212028503418 0.774676382541656 0.792563199996948 0.796307861804962
0.742519557476044 0.753513514995575 0.743025779724121 0.747371435165405 0.748513340950012 0.738730072975159 0.732369601726532 0.730998277664185 0.706084132194519 0.704512715339661 0.656232297420502 0.654670238494873 0.65545266866684 0.666902720928192 0.686334669589996 0.697093725204468 0.656974494457245 0.686819016933441 0.696956157684326 0.664990842342377 0.651860892772675 0.648957133293152 0.658365309238434 0.67473703622818 0.690993070602417 0.72665411233902 0.726743876934052 0.702605247497559 0.700254082679749 0.73792964220047 0.75731372833252 0.771595239639282 0.760087430477142 0.753866493701935 0.758959889411926 0.753927707672119 0.743916988372803 0.731374979019165 0.747357428073883 0.754021763801575 0.761433720588684 0.77031809091568 0.771623015403748 0.784867644309998
0.753973066806793 0.730386316776276 0.735954999923706 0.737251877784729 0.738819360733032 0.737190783023834 0.712910652160645 0.711320996284485 0.701246500015259 0.695647537708282 0.664265990257263 0.664217829704285 0.665064871311188 0.7044757604599 0.68690949678421 0.697918474674225 0.676183521747589 0.686794698238373 0.697365581989288 0.688482940196991 0.68255352973938 0.639229118824005 0.656040489673615 0.706131935119629 0.717989504337311 0.721392154693604 0.721347510814667 0.707326769828796 0.700033962726593 0.747380614280701 0.766689777374268 0.773541331291199 0.768417835235596 0.759146690368652 0.748630464076996 0.74501097202301 0.739858269691467 0.714275062084198 0.738502264022827 0.73921263217926 0.738926887512207 0.750000953674316 0.749296545982361 0.766493082046509
0.722752928733826 0.727906346321106 0.716477274894714 0.7108194231987 0.720658123493195 0.714069068431854 0.707382023334503 0.703690230846405 0.684446811676025 0.656483888626099 0.649291753768921 0.624650061130524 0.664510726928711 0.682483315467834 0.713187456130981 0.686092376708984 0.663555204868317 0.655342638492584 0.671821773052216 0.684023380279541 0.679649710655212 0.65680867433548 0.663090765476227 0.697040438652039 0.70148366689682 0.696158468723297 0.699640274047852 0.715095579624176 0.728059351444244 0.749870300292969 0.737724661827087 0.767171800136566 0.765381872653961 0.756097137928009 0.750489294528961 0.742437779903412 0.720674514770508 0.723605930805206 0.715441107749939 0.713726758956909 0.719290137290955 0.726486682891846 0.744464457035065 0.749877989292145
0.710357010364532 0.711876034736633 0.699494600296021 0.70026034116745 0.70026034116745 0.696824848651886 0.708488583564758 0.679570615291595 0.675321817398071 0.64692622423172 0.605083167552948 0.602285921573639 0.653548777103424 0.683833241462708 0.662187814712524 0.692077875137329 0.635810732841492 0.665569245815277 0.682441473007202 0.700037598609924 0.718290269374847 0.673441350460052 0.685515105724335 0.692253589630127 0.712272584438324 0.705600559711456 0.689015507698059 0.698582828044891 0.72140508890152 0.717419505119324 0.735796093940735 0.76860237121582 0.759600639343262 0.750519812107086 0.729180753231049 0.723364770412445 0.68469250202179 0.686397910118103 0.694446980953217 0.695563316345215 0.698092699050903 0.699391007423401 0.71970546245575 0.731824100017548
0.658148884773254 0.668064594268799 0.66681307554245 0.679784119129181 0.680051863193512 0.692801713943481 0.699328601360321 0.657722890377045 0.66543048620224 0.637000262737274 0.598605751991272 0.599163234233856 0.62465912103653 0.652174055576324 0.663200259208679 0.671037077903748 0.674666404724121 0.630090475082397 0.644309937953949 0.661100327968597 0.715549945831299 0.687055230140686 0.660384714603424 0.692386448383331 0.676707923412323 0.686633467674255 0.675407648086548 0.677753984928131 0.690652132034302 0.713250994682312 0.722476184368134 0.754962801933289 0.724987745285034 0.744409680366516 0.690637528896332 0.690785884857178 0.667963027954102 0.676585257053375 0.643628358840942 0.648592531681061 0.671925067901611 0.681018531322479 0.689961731433868 0.729943633079529
0.603131473064423 0.623499095439911 0.639216601848602 0.656376004219055 0.670474708080292 0.680652558803558 0.677651405334473 0.671357929706573 0.636426985263824 0.61818128824234 0.590460181236267 0.603753745555878 0.612061560153961 0.603774189949036 0.624440312385559 0.654115498065948 0.665585458278656 0.659202933311462 0.657099306583405 0.683834075927734 0.692822873592377 0.670219123363495 0.680162787437439 0.650964438915253 0.695073843002319 0.687937438488007 0.677789807319641 0.68326210975647 0.70495742559433 0.669391095638275 0.699916005134583 0.723595380783081 0.722224295139313 0.704003155231476 0.675213158130646 0.661646962165833 0.629901111125946 0.626228034496307 0.631612658500671 0.657083928585052 0.658584773540497 0.670952558517456 0.695416688919067 0.67604649066925
0.57977306842804 0.614964604377747 0.630452632904053 0.646401166915894 0.673814296722412 0.657376825809479 0.66539055109024 0.662998974323273 0.654232800006866 0.629852473735809 0.613757848739624 0.595732152462006 0.626181840896606 0.657161116600037 0.657477676868439 0.661744713783264 0.669241607189178 0.643104791641235 0.657750487327576 0.703527808189392 0.679848313331604 0.649445652961731 0.66675329208374 0.637550234794617 0.658644318580627 0.671537458896637 0.667939841747284 0.688655257225037 0.668739795684814 0.677976727485657 0.647282481193542 0.68820732831955 0.680333495140076 0.703989624977112 0.67902684211731 0.663707554340363 0.628814816474915 0.59731912612915 0.61642187833786 0.605163156986237 0.642468154430389 0.669607996940613 0.650608599185944 0.650625586509705
0.587011456489563 0.604064643383026 0.642029345035553 0.662020444869995 0.651504695415497 0.63872879743576 0.65294885635376 0.661504864692688 0.645583391189575 0.629826724529266 0.632195830345154 0.593699336051941 0.594150185585022 0.612911224365234 0.628130972385406 0.63606321811676 0.64320433139801 0.636606872081757 0.650403439998627 0.650810599327087 0.636460721492767 0.623886227607727 0.637855350971222 0.616729021072388 0.622891783714294 0.625483930110931 0.631457805633545 0.639523208141327 0.635908305644989 0.666127562522888 0.657884299755096 0.695988655090332 0.696904540061951 0.684468150138855 0.667770981788635 0.642607927322388 0.61637818813324 0.58266282081604 0.592929601669312 0.614331364631653 0.630890369415283 0.638792872428894 0.63000625371933 0.64233809709549
0.576322734355927 0.610587060451508 0.645323276519775 0.661986827850342 0.649463951587677 0.643380701541901 0.637862086296082 0.652160823345184 0.653484344482422 0.654851138591766 0.640003740787506 0.629999041557312 0.595340192317963 0.622016310691833 0.649064123630524 0.653302252292633 0.653302252292633 0.633804261684418 0.625215291976929 0.605140447616577 0.588412582874298 0.600915491580963 0.603535950183868 0.614072799682617 0.593570530414581 0.592693626880646 0.592554271221161 0.611738860607147 0.617458343505859 0.608838975429535 0.648839354515076 0.662899971008301 0.644976019859314 0.633271872997284 0.606633305549622 0.598442554473877 0.588229715824127 0.58685827255249 0.578610062599182 0.587810039520264 0.613478600978851 0.606083571910858 0.607664346694946 0.640536427497864
0.597084045410156 0.599798262119293 0.633283019065857 0.666716158390045 0.636847853660583 0.628345549106598 0.645654797554016 0.634062826633453 0.6284019947052 0.639150857925415 0.605197191238403 0.588643670082092 0.619770050048828 0.668928802013397 0.669541895389557 0.653980433940887 0.621363997459412 0.627358913421631 0.575227320194244 0.574656546115875 0.53653472661972 0.571563303470612 0.558720409870148 0.542742013931274 0.551613807678223 0.560622096061707 0.55413955450058 0.602471470832825 0.603081405162811 0.599776029586792 0.602503836154938 0.612724781036377 0.601050019264221 0.598280489444733 0.579797267913818 0.570980846881866 0.560388505458832 0.555149257183075 0.551983714103699 0.58569198846817 0.509058237075806 0.492482751607895 0.597165524959564 0.632148087024689
0.581297695636749 0.59817498922348 0.618731319904327 0.613084852695465 0.583885729312897 0.587100028991699 0.600849688053131 0.648116171360016 0.642458558082581 0.597623467445374 0.576041698455811 0.5964635014534 0.639197707176208 0.669179022312164 0.656838655471802 0.617699265480042 0.61059182882309 0.578494608402252 0.526760160923004 0.530419886112213 0.519735157489777 0.501678943634033 0.492038398981094 0.504132807254791 0.510663509368896 0.516759276390076 0.548593521118164 0.558702230453491 0.57729309797287 0.574851751327515 0.549599528312683 0.586352109909058 0.569050252437592 0.564850270748138 0.550370395183563 0.542352914810181 0.533905386924744 0.496154695749283 0.516323924064636 0.553141951560974 0.502863228321075 0.483878672122955 0.498949944972992 0.53897362947464
0.586324691772461 0.592427551746368 0.603400409221649 0.574321448802948 0.55850738286972 0.547666132450104 0.563463509082794 0.596043109893799 0.64300948381424 0.621075034141541 0.575219213962555 0.651427268981934 0.642610311508179 0.63035374879837 0.614836275577545 0.600352942943573 0.568484127521515 0.542734205722809 0.483105152845383 0.474354028701782 0.473665595054626 0.455244958400726 0.464224725961685 0.461731374263763 0.468575447797775 0.462228715419769 0.492941349744797 0.498207479715347 0.523950040340424 0.535296261310577 0.534131228923798 0.51788467168808 0.537897765636444 0.519280910491943 0.533368289470673 0.499213725328445 0.47077339887619 0.465027540922165 0.485182464122772 0.495625793933868 0.511180579662323 0.533669531345367 0.557077944278717 0.504125893115997
0.566523909568787 0.573578119277954 0.587593078613281 0.578878104686737 0.55083179473877 0.535568475723267 0.586782813072205 0.588504254817963 0.591837108135223 0.614832162857056 0.60177755355835 0.645486176013947 0.625443875789642 0.598966479301453 0.584492683410645 0.561600029468536 0.506997764110565 0.494971036911011 0.454875558614731 0.429190903902054 0.415113538503647 0.412271469831467 0.44425043463707 0.46177065372467 0.43036624789238 0.440311998128891 0.453946441411972 0.460079252719879 0.494084030389786 0.492694705724716 0.506301760673523 0.508612036705017 0.511968433856964 0.517260313034058 0.47361621260643 0.496195644140244 0.471975773572922 0.458209961652756 0.45679435133934 0.464299350976944 0.471493184566498 0.485096395015717 0.487454175949097 0.481390684843063
0.524143874645233 0.535446524620056 0.530552387237549 0.544616103172302 0.535918712615967 0.539447546005249 0.553341388702393 0.591959118843079 0.647933185100555 0.651676595211029 0.624719858169556 0.612086772918701 0.445769071578979 0.550354063510895 0.534663140773773 0.52260035276413 0.494711577892303 0.446332275867462 0.43997785449028 0.422519624233246 0.415846675634384 0.423975348472595 0.431129395961761 0.440148383378983 0.454843729734421 0.430567979812622 0.416754484176636 0.423308938741684 0.441847622394562 0.473797678947449 0.475997298955917 0.478523373603821 0.473335802555084 0.492270082235336 0.503185093402863 0.463995605707169 0.460929155349731 0.440551519393921 0.453842610120773 0.412652313709259 0.437061131000519 0.462037920951843 0.413703322410583 0.368590980768204
0.514785647392273 0.475585341453552 0.500595033168793 0.508033514022827 0.511336266994476 0.50172632932663 0.585866928100586 0.625507235527039 0.652300894260406 0.592500746250153 0.582557916641235 0.421114444732666 0.400584429502487 0.388538807630539 0.493956655263901 0.481635957956314 0.451776832342148 0.40846261382103 0.443255484104156 0.436526447534561 0.437136054039001 0.448030352592468 0.460397720336914 0.414711356163025 0.412290573120117 0.426714688539505 0.419153869152069 0.420220583677292 0.437508910894394 0.454987436532974 0.450535893440247 0.462350636720657 0.479089915752411 0.475045293569565 0.485240310430527 0.469451725482941 0.444856107234955 0.438471764326096 0.43494376540184 0.413374781608582 0.428848743438721 0.393469542264938 0.344849914312363 0.299357771873474
0.503710687160492 0.485427230596542 0.476575553417206 0.468518614768982 0.505854427814484 0.512587785720825 0.502991557121277 0.518907964229584 0.537647485733032 0.52800840139389 0.598736047744751 0.429494708776474 0.377170115709305 0.356334090232849 0.326508402824402 0.327893525362015 0.423916518688202 0.410719960927963 0.435201615095139 0.427109330892563 0.431006222963333 0.42830690741539 0.439550131559372 0.40481424331665 0.41001832485199 0.356916934251785 0.412867903709412 0.365566968917847 0.353796750307083 0.417768180370331 0.431743621826172 0.452967137098312 0.469861060380936 0.477778941392899 0.464374393224716 0.453356206417084 0.415527433156967 0.418316334486008 0.432180672883987 0.401024371385574 0.38537722826004 0.345666646957397 0.292426973581314 0.280684590339661
0.483851462602615 0.483635187149048 0.484664857387543 0.478283762931824 0.476013958454132 0.389973610639572 0.408708930015564 0.551086902618408 0.400398671627045 0.448978692293167 0.440678328275681 0.395020186901093 0.3597192466259 0.318769454956055 0.287307381629944 0.283491998910904 0.305034667253494 0.390773206949234 0.395764857530594 0.424422204494476 0.428811490535736 0.429186701774597 0.424151808023453 0.386503130197525 0.342585235834122 0.339184820652008 0.335705399513245 0.312623292207718 0.33561584353447 0.39553427696228 0.429711550474167 0.438478112220764 0.444319069385529 0.465804725885391 0.451075255870819 0.447948515415192 0.460578501224518 0.446733444929123 0.395147383213043 0.339395314455032 0.307054668664932 0.327386945486069 0.292751342058182 0.300793290138245
0.471966534852982 0.366531163454056 0.364681124687195 0.354837566614151 0.380676031112671 0.398299992084503 0.391459554433823 0.360388338565826 0.417142421007156 0.411217957735062 0.363463699817657 0.364051282405853 0.323760360479355 0.312871217727661 0.28961905837059 0.255102187395096 0.289347231388092 0.279007494449615 0.27464884519577 0.389657109975815 0.395759463310242 0.414120644330978 0.399829030036926 0.395677357912064 0.328233361244202 0.30265074968338 0.306000202894211 0.321376413106918 0.325866669416428 0.373379915952682 0.409685671329498 0.447187274694443 0.457708835601807 0.478900760412216 0.467619806528091 0.485917598009109 0.467558205127716 0.395787090063095 0.34947007894516 0.308935225009918 0.300390005111694 0.307598024606705 0.320946276187897 0.325976669788361
