data/climate_estimation/maxent_output/Lilium_brownii.asc
NCOLS 287 
NROWS 236 
XLLCORNER 98.1666666666667 
YLLCORNER 20.5 
CELLSIZE 0.0833333333333333 
NODATA_value -3.4e+38 
[rows 200 to 219 of 236, columns 0 to 43 of 287]
0.476979047060013 0.459561079740524 0.451666325330734 0.442382574081421 0.437548279762268 0.417629778385162 0.368966937065125 0.327238112688065 0.384416222572327 0.405498713254929 0.391099631786346 0.365469962358475 0.324783742427826 0.353024870157242 0.382956713438034 0.354333102703094 0.37070631980896 0.358207255601883 0.355200171470642 0.328901737928391 0.351712137460709 0.277139723300934 0.272533267736435 0.344588696956635 0.343994230031967 0.339116960763931 0.318009793758392 0.354564964771271 0.345396965742111 0.365447193384171 0.29211151599884 0.355785548686981 0.370088011026382 0.370711177587509 0.274532079696655 0.343905091285706 0.386238485574722 0.382381677627563 0.387710124254227 0.271605134010315 0.396822839975357 0.404092133045197 0.393586397171021 0.377536743879318
0.409045785665512 0.485025495290756 0.455094426870346 0.440341979265213 0.428780883550644 0.32818415760994 0.366564333438873 0.370232075452805 0.386116147041321 0.384649395942688 0.342435985803604 0.391451686620712 0.285685658454895 0.379547983407974 0.363800823688507 0.360412359237671 0.35562989115715 0.344563186168671 0.345818489789963 0.346622318029404 0.226804405450821 0.262064874172211 0.33220699429512 0.338560253381729 0.339804261922836 0.332660257816315 0.30930683016777 0.352789968252182 0.299004733562469 0.36254495382309 0.344511836767197 0.335712969303131 0.367224425077438 0.389887481927872 0.302253872156143 0.327044576406479 0.37821701169014 0.386946707963943 0.373042851686478 0.341081827878952 0.401253491640091 0.378699243068695 0.400746643543243 0.381746232509613
0.488688558340073 0.464837968349457 0.455312490463257 0.45830237865448 0.458728462457657 0.444147914648056 0.352485954761505 0.411083281040192 0.400167465209961 0.416617810726166 0.341912150382996 0.395828783512115 0.333466380834579 0.386797785758972 0.34907603263855 0.357685208320618 0.348218351602554 0.329034864902496 0.335107326507568 0.319073617458344 0.329237669706345 0.320681750774384 0.322241574525833 0.317346006631851 0.324285000562668 0.318673878908157 0.338886737823486 0.34354093670845 0.293050408363342 0.355004668235779 0.314286023378372 0.35325500369072 0.331948548555374 0.347818434238434 0.362548828125 0.341619431972504 0.384960114955902 0.375109374523163 0.381530702114105 0.370363414287567 0.293906211853027 0.35696667432785 0.387296915054321 0.351947665214539
0.469348162412643 0.466411024332047 0.362095415592194 0.333145439624786 0.42243567109108 0.352114170789719 0.415435194969177 0.426011621952057 0.43053463101387 0.359090119600296 0.410369515419006 0.39386385679245 0.361571371555328 0.368330389261246 0.335185140371323 0.355963349342346 0.340171486139297 0.321855008602142 0.325221419334412 0.320014417171478 0.306770414113998 0.310895562171936 0.27815043926239 0.318070650100708 0.323079884052277 0.308853983879089 0.320372641086578 0.324034541845322 0.349721401929855 0.321359783411026 0.32647031545639 0.358756273984909 0.302487790584564 0.338970065116882 0.36552432179451 0.340892612934113 0.353424578905106 0.362070620059967 0.368685692548752 0.305507510900497 0.377612322568893 0.348745137453079 0.33140504360199 0.356985419988632
0.522246778011322 0.400424212217331 0.363525032997131 0.448393613100052 0.391548305749893 0.475554287433624 0.467150986194611 0.380978375673294 0.374626934528351 0.40263432264328 0.406372904777527 0.381259441375732 0.370605856180191 0.360697716474533 0.332773387432098 0.325248688459396 0.325208127498627 0.269436866044998 0.301449149847031 0.278883665800095 0.295965790748596 0.261640131473541 0.286174178123474 0.300050318241119 0.305326491594315 0.2950179874897 0.320904046297073 0.318726152181625 0.278742671012878 0.322145640850067 0.302482813596725 0.260822504758835 0.328526496887207 0.321447521448135 0.32322832942009 0.315711319446564 0.315905600786209 0.342381805181503 0.345315933227539 0.335059940814972 0.308999359607697 0.315080225467682 0.296696782112122 0.333353310823441
0.493356227874756 0.495196998119354 0.473403602838516 0.478496789932251 0.428389340639114 0.369277805089951 0.384196519851685 0.446569800376892 0.440654307603836 0.342547953128815 0.314596980810165 0.361664563417435 0.392023354768753 0.371673256158829 0.363030940294266 0.338529676198959 0.30355429649353 0.28519207239151 0.282567620277405 0.288668274879456 0.298350691795349 0.232840955257416 0.260639518499374 0.293843030929565 0.254208654165268 0.252219915390015 0.306887537240982 0.312695682048798 0.311791211366653 0.280258536338806 0.264758974313736 0.335073292255402 0.315044641494751 0.304144740104675 0.308915466070175 0.303897768259048 0.302587032318115 0.303042054176331 0.309068560600281 0.31751275062561 0.317729562520981 0.257101684808731 0.305296450853348 0.278186231851578
0.46880242228508 0.496146112680435 0.514891445636749 0.398094177246094 0.354010432958603 0.362250119447708 0.394834220409393 0.449538826942444 0.458857715129852 0.399170964956284 0.404221385717392 0.389811456203461 0.383310914039612 0.361092299222946 0.318831264972687 0.329135656356812 0.311519920825958 0.309571892023087 0.287133723497391 0.290817618370056 0.282588571310043 0.251789063215256 0.262775331735611 0.277847528457642 0.284572780132294 0.193447843194008 0.269302904605865 0.294100731611252 0.30664399266243 0.313451856374741 0.320493549108505 0.317993849515915 0.317940175533295 0.307457745075226 0.30032667517662 0.294124960899353 0.285497814416885 0.269379258155823 0.271623253822327 0.283823877573013 0.267892867326736 0.279408842325211 0.269981950521469 0.284218311309814
0.526704609394073 0.498179286718369 0.491601884365082 0.458729147911072 0.469641149044037 0.358268171548843 0.393817961215973 0.429140895605087 0.397503852844238 0.421753853559494 0.343012362718582 0.347982048988342 0.373095571994781 0.368738770484924 0.287778824567795 0.326956480741501 0.294886708259583 0.304838418960571 0.272815555334091 0.26887384057045 0.244356170296669 0.230705052614212 0.257837474346161 0.273498564958572 0.259484559297562 0.191727370023727 0.23151721060276 0.236075326800346 0.282480627298355 0.267324060201645 0.263555079698563 0.240443795919418 0.297449439764023 0.283488273620605 0.266102284193039 0.259454041719437 0.279524087905884 0.249191477894783 0.242499575018883 0.270888119935989 0.253862261772156 0.264622569084167 0.260532081127167 0.320278495550156
0.514890670776367 0.520317018032074 0.455349534749985 0.435216307640076 0.372694849967957 0.432271629571915 0.458365917205811 0.421078026294708 0.419925481081009 0.412908017635345 0.372412532567978 0.368665546178818 0.358066409826279 0.277386993169785 0.34655687212944 0.316597014665604 0.299796491861343 0.293151795864105 0.255623668432236 0.265712648630142 0.2656409740448 0.256158202886581 0.26265811920166 0.22655363380909 0.253322809934616 0.252035886049271 0.21328504383564 0.265729039907455 0.251214206218719 0.281365811824799 0.282065391540527 0.308777451515198 0.296495169401169 0.295632928609848 0.265653520822525 0.27512514591217 0.283903777599335 0.289762496948242 0.244471430778503 0.266668885946274 0.253515303134918 0.251602381467819 0.222845852375031 0.227424174547195
0.498558133840561 0.49514427781105 0.454508721828461 0.472131878137589 0.30026838183403 0.323655515909195 0.428094059228897 0.405240148305893 0.403335571289062 0.393526703119278 0.389507055282593 0.380094796419144 0.356670767068863 0.305531084537506 0.289370119571686 0.307825714349747 0.247797146439552 0.240805238485336 0.263855308294296 0.25666806101799 0.251784890890121 0.252868473529816 0.25150141119957 0.232845842838287 0.259824484586716 0.232435703277588 0.20300218462944 0.263851970434189 0.280265688896179 0.285884857177734 0.277093291282654 0.284689426422119 0.287779361009598 0.280765473842621 0.263280093669891 0.256497025489807 0.256635844707489 0.278892159461975 0.273913741111755 0.215344950556755 0.230917870998383 0.217331245541573 0.208907395601273 0.195879876613617
0.505527079105377 0.469243735074997 0.462251842021942 0.459169656038284 0.313082933425903 0.266664654016495 0.335471034049988 0.403485357761383 0.396497547626495 0.367932975292206 0.369852006435394 0.327757298946381 0.320125669240952 0.336413681507111 0.253058731555939 0.264998823404312 0.297963887453079 0.278305947780609 0.25752866268158 0.247988775372505 0.238456666469574 0.233284905552864 0.236224338412285 0.214729368686676 0.195016831159592 0.187583699822426 0.259797841310501 0.199060901999474 0.215824335813522 0.233277648687363 0.279485315084457 0.283701002597809 0.254610985517502 0.278087615966797 0.277152061462402 0.245822936296463 0.249116405844688 0.271876931190491 0.264863014221191 0.248850986361504 0.210371226072311 0.222232595086098 0.204298809170723 0.184803813695908
0.445383876562119 0.435850739479065 0.422732442617416 0.413157999515533 0.409547328948975 0.23267887532711 0.361802965402603 0.326493591070175 0.268976658582687 0.363721877336502 0.280263781547546 0.247556552290916 0.298179566860199 0.317529886960983 0.228277921676636 0.300603270530701 0.274380177259445 0.275993794202805 0.252189755439758 0.236468940973282 0.233026340603828 0.224836945533752 0.221988543868065 0.232188284397125 0.231306165456772 0.232963785529137 0.210769757628441 0.248387455940247 0.167927697300911 0.233883962035179 0.242918878793716 0.268207103013992 0.260799050331116 0.265596628189087 0.235702067613602 0.282928496599197 0.251323014497757 0.26640909910202 0.256960034370422 0.238285303115845 0.227610871195793 0.215431049466133 0.268748104572296 0.234063670039177
0.430615276098251 0.415761023759842 0.376179546117783 0.389406502246857 0.400106608867645 0.218338668346405 0.242762386798859 0.353476464748383 0.361916929483414 0.360370188951492 0.2364272326231 0.331636756658554 0.320409506559372 0.260893791913986 0.214002206921577 0.283331662416458 0.270164996385574 0.265925943851471 0.225071832537651 0.23778361082077 0.208023265004158 0.224587604403496 0.219659075140953 0.208855420351028 0.210157722234726 0.192821815609932 0.230043962597847 0.232909172773361 0.173746153712273 0.191359668970108 0.212889283895493 0.212933912873268 0.266961872577667 0.257235139608383 0.250797748565674 0.252469003200531 0.262808233499527 0.263038814067841 0.23749278485775 0.260918945074081 0.219570472836494 0.217013403773308 0.226711362600327 0.251022309064865
0.410134792327881 0.377688467502594 0.362288504838943 0.385204315185547 0.38592517375946 0.149138644337654 0.203943237662315 0.349063068628311 0.344873875379562 0.336708247661591 0.192704573273659 0.314107596874237 0.307514369487762 0.151714906096458 0.284817337989807 0.269002467393875 0.276658356189728 0.196404069662094 0.238476440310478 0.233355417847633 0.202438607811928 0.209826767444611 0.211996868252754 0.203223466873169 0.199991762638092 0.21587809920311 0.206284761428833 0.179270833730698 0.183967798948288 0.148512274026871 0.193232789635658 0.199154883623123 0.216316193342209 0.254485815763474 0.26546174287796 0.23315916955471 0.245354384183884 0.244718208909035 0.262891888618469 0.251786321401596 0.216277405619621 0.222820162773132 0.260111778974533 0.261494606733322
0.401555240154266 0.367928713560104 0.371778905391693 0.371592402458191 0.23810763657093 0.15632463991642 0.248132288455963 0.321334481239319 0.303375422954559 0.244041204452515 0.184572204947472 0.29675230383873 0.216472044587135 0.203265026211739 0.279641836881638 0.275776356458664 0.249221056699753 0.201069340109825 0.238886833190918 0.227610945701599 0.21937595307827 0.190005108714104 0.195776477456093 0.206308335065842 0.207393676042557 0.218042299151421 0.189062193036079 0.205139324069023 0.212665244936943 0.145777001976967 0.168202757835388 0.205574586987495 0.202735751867294 0.233703643083572 0.232117488980293 0.221020445227623 0.232774421572685 0.199424266815186 0.233737513422966 0.232475832104683 0.240455642342567 0.231281816959381 0.223617777228355 0.271701782941818
0.330359727144241 0.296791851520538 0.302430301904678 0.34433388710022 0.327177554368973 0.183085709810257 0.253574103116989 0.317780792713165 0.276875972747803 0.181623473763466 0.204230949282646 0.213786125183105 0.105144359171391 0.179068729281425 0.276697903871536 0.260149508714676 0.240433633327484 0.178750291466713 0.232963874936104 0.224388405680656 0.214927405118942 0.20451320707798 0.170269802212715 0.128516122698784 0.203510016202927 0.199508115649223 0.176081895828247 0.202120333909988 0.201473668217659 0.209023952484131 0.137053713202477 0.139936998486519 0.167593255639076 0.169186547398567 0.185404598712921 0.237742573022842 0.184719637036324 0.243880465626717 0.231148526072502 0.214721381664276 0.221898078918457 0.229611739516258 0.264869272708893 0.248378232121468
0.276093363761902 0.262692779302597 0.268049687147141 0.321184188127518 0.314206600189209 0.260335028171539 0.249027088284492 0.237501055002213 0.210777536034584 0.178254291415215 0.161737367510796 0.0954078659415245 0.140952959656715 0.263648450374603 0.216227054595947 0.248999446630478 0.218452170491219 0.17474453151226 0.209834635257721 0.225048944354057 0.214638248085976 0.15452516078949 0.133166596293449 0.205926597118378 0.195853546261787 0.191366761922836 0.170572862029076 0.189096331596375 0.186074197292328 0.196455731987953 0.11026968061924 0.137946292757988 0.116399690508842 0.161025285720825 0.168544352054596 0.177859976887703 0.233778148889542 0.177725687623024 0.215010195970535 0.167801529169083 0.203935235738754 0.222577497363091 0.249818488955498 0.236133456230164
0.217908009886742 0.227099627256393 0.212179198861122 0.278799891471863 0.264782786369324 0.221844926476479 0.138481929898262 0.111223965883255 0.17706610262394 0.188793852925301 0.130558058619499 0.119897603988647 0.211521789431572 0.259187281131744 0.242011174559593 0.210251212120056 0.153912127017975 0.159702152013779 0.210162028670311 0.2120261490345 0.197313219308853 0.135438904166222 0.204044297337532 0.195662602782249 0.175565853714943 0.172634795308113 0.17305426299572 0.173394531011581 0.201617494225502 0.186920285224915 0.102426618337631 0.0683421045541763 0.125661090016365 0.171456068754196 0.155741333961487 0.12924787402153 0.167508274316788 0.156544789671898 0.160264223814011 0.198255464434624 0.219355642795563 0.212087124586105 0.230312794446945 0.217469081282616
0.175073191523552 0.165523216128349 0.166747450828552 0.165025219321251 0.1918925344944 0.137352362275124 0.102408535778522 0.15130540728569 0.20610211789608 0.251594007015228 0.105251759290695 0.17968787252903 0.198782652616501 0.246229723095894 0.22963148355484 0.175494879484177 0.16668289899826 0.120606884360313 0.161500677466393 0.162611246109009 0.147591263055801 0.137937128543854 0.173182591795921 0.190590858459473 0.157778158783913 0.159390151500702 0.166079685091972 0.155202195048332 0.189541161060333 0.165119752287865 0.0665525570511818 0.0488505102694035 0.0714493542909622 0.0887408256530762 0.119349390268326 0.168091684579849 0.102610625326633 0.0801788568496704 0.108949422836304 0.172901198267937 0.213302552700043 0.208023026585579 0.167632773518562 0.13317409157753
0.181420162320137 0.153552815318108 0.154165744781494 0.20147517323494 0.123818531632423 0.123873189091682 0.227340206503868 0.231969088315964 0.212565362453461 0.19709087908268 0.0972452163696289 0.161538153886795 0.193841680884361 0.231371030211449 0.223955437541008 0.120619520545006 0.131147459149361 0.103795371949673 0.103093422949314 0.152853950858116 0.15390233695507 0.120220430195332 0.191557377576828 0.187326550483704 0.183900371193886 0.174640610814095 0.177053168416023 0.184404656291008 0.17172409594059 0.172767266631126 0.172824114561081 0.0626955404877663 0.0616140142083168 0.0420896075665951 0.0787534937262535 0.134233817458153 0.109241910278797 0.0806775242090225 0.0883468389511108 0.128998816013336 0.167819440364838 0.173183664679527 0.17693455517292 0.183219477534294
