data/climate_estimation/maxent_output/Lilium_primulinum.asc
NCOLS 91 
NROWS 67 
XLLCORNER 98.4166666666667 
YLLCORNER 22.4166666666667 
CELLSIZE 0.0833333333333333 
NODATA_value -3.4e+38 
[rows 0 to 19 of 67, columns 0 to 43 of 91]
0.795710802078247 0.740796089172363 0.935431838035583 0.952023029327393 0.536416888237 0.876063644886017 0.818341374397278 0.547058522701263 0.569063246250153 0.695866525173187 0.597221553325653 0.652752101421356 0.554340064525604 0.509111344814301 0.509198904037476 0.485657036304474 0.507281482219696 0.517969787120819 0.558191537857056 0.535099625587463 0.573223412036896 0.604330956935883 0.632377505302429 0.453455537557602 0.435469567775726 0.517202258110046 0.688759028911591 0.698365330696106 0.711316823959351 0.762045562267303 0.704521596431732 0.59361332654953 0.754879176616669 0.765880346298218 0.757688581943512 0.839644491672516 0.766840994358063 0.673912942409515 0.835983633995056 0.833810806274414 0.763262331485748 0.701712489128113 0.867918074131012 0.8209547996521
0.898959100246429 0.791691303253174 0.972827255725861 0.964147925376892 0.605350434780121 0.772264003753662 0.954510152339935 0.88741409778595 0.600630700588226 0.65955114364624 0.736910760402679 0.632954180240631 0.726628303527832 0.540693581104279 0.594594895839691 0.550318896770477 0.567545890808105 0.580914855003357 0.614738345146179 0.639082610607147 0.624617636203766 0.659201622009277 0.670085906982422 0.566657066345215 0.449478685855865 0.679443299770355 0.714266777038574 0.66574090719223 0.687581121921539 0.733561277389526 0.774520516395569 0.771874845027924 0.692408561706543 0.702724993228912 0.689571022987366 0.702381908893585 0.609636247158051 0.825841724872589 0.877952754497528 0.88842761516571 0.736217081546783 0.647297918796539 0.769416511058807 0.861729085445404
0.915481328964233 0.976114690303802 0.959907591342926 0.961435735225677 0.823418319225311 0.750110566616058 0.736874639987946 0.918905854225159 0.723879456520081 0.773225963115692 0.805932760238647 0.783103168010712 0.775434255599976 0.610827744007111 0.639633178710938 0.622222483158112 0.629705667495728 0.639984726905823 0.676628172397614 0.641771554946899 0.603395700454712 0.57460230588913 0.645664215087891 0.40649476647377 0.648720979690552 0.815597832202911 0.678764820098877 0.658392906188965 0.769236147403717 0.785175919532776 0.77953439950943 0.830484628677368 0.788244962692261 0.72028124332428 0.759060680866241 0.839584529399872 0.842776119709015 0.840335726737976 0.843778073787689 0.826127707958221 0.753801465034485 0.640117228031158 0.736722707748413 0.764881908893585
0.948362767696381 0.99134749174118 0.979725539684296 0.930456936359406 0.951836884021759 0.836069762706757 0.931552529335022 0.916626632213593 0.819024085998535 0.766905069351196 0.817371129989624 0.781456112861633 0.816649675369263 0.703985035419464 0.677115499973297 0.661925494670868 0.734063506126404 0.682275712490082 0.725391089916229 0.693337619304657 0.741300165653229 0.753272473812103 0.441775947809219 0.408884555101395 0.583903849124908 0.778702020645142 0.783272862434387 0.759394645690918 0.703812539577484 0.760600686073303 0.75235790014267 0.791615009307861 0.784456670284271 0.773022711277008 0.848325729370117 0.847619593143463 0.796107947826385 0.803899824619293 0.844692230224609 0.888068020343781 0.816498994827271 0.788419187068939 0.571906447410583 0.636936724185944
0.99503093957901 0.961452603340149 0.985135734081268 0.972491204738617 0.973565518856049 0.946774840354919 0.969819247722626 0.927979111671448 0.841578722000122 0.802313804626465 0.79843270778656 0.858074069023132 0.854964911937714 0.800518393516541 0.721196234226227 0.785602807998657 0.744491338729858 0.750073790550232 0.769842505455017 0.749306261539459 0.788418829441071 0.796142756938934 0.66256457567215 0.658546924591064 0.449715465307236 0.850491940975189 0.828800559043884 0.795271515846252 0.799070656299591 0.790755271911621 0.755011558532715 0.757121860980988 0.742457330226898 0.853893756866455 0.757662177085876 0.828801155090332 0.777092695236206 0.766287207603455 0.819236874580383 0.890848278999329 0.736944556236267 0.817593991756439 0.685922026634216 0.648087620735168
0.979211211204529 0.987239897251129 0.975819408893585 0.967778444290161 0.943713068962097 0.988509237766266 0.977355659008026 0.93069189786911 0.938599765300751 0.861899018287659 0.911197185516357 0.901732981204987 0.890008330345154 0.847919046878815 0.836369931697845 0.809075117111206 0.810175001621246 0.804818511009216 0.813981354236603 0.78291380405426 0.727514624595642 0.665580928325653 0.853463232517242 0.849935472011566 0.55011385679245 0.856338143348694 0.847961187362671 0.802997827529907 0.776743113994598 0.779722154140472 0.738355219364166 0.684749722480774 0.797800302505493 0.852988660335541 0.740818977355957 0.748890221118927 0.734269320964813 0.740774512290955 0.808646500110626 0.896404147148132 0.88971471786499 0.87367582321167 0.645034432411194 0.677797138690948
0.942340493202209 0.98026579618454 0.992370367050171 0.989444136619568 0.959683299064636 0.984034061431885 0.985928058624268 0.941085398197174 0.958952903747559 0.944874346256256 0.925089716911316 0.924644529819489 0.917147755622864 0.849226295948029 0.890582203865051 0.871136724948883 0.839124381542206 0.859397649765015 0.871736168861389 0.811093986034393 0.7396120429039 0.742121160030365 0.857947409152985 0.849722445011139 0.62379115819931 0.752669274806976 0.733796119689941 0.78564727306366 0.742210984230042 0.737058401107788 0.754820644855499 0.745245754718781 0.789482116699219 0.73623389005661 0.733767449855804 0.715810000896454 0.727146744728088 0.736562252044678 0.752310812473297 0.882400095462799 0.889952957630157 0.836815178394318 0.519245207309723 0.75810569524765
0.950639665126801 0.988020062446594 0.973671019077301 0.992679834365845 0.984263956546783 0.986450970172882 0.986096322536469 0.969636380672455 0.959547102451324 0.936457931995392 0.950952649116516 0.947197914123535 0.949429273605347 0.898680627346039 0.868295848369598 0.921354055404663 0.901903867721558 0.893794894218445 0.85145777463913 0.905348300933838 0.87127411365509 0.680568695068359 0.872861981391907 0.810046195983887 0.754541158676147 0.562963366508484 0.803672432899475 0.869153261184692 0.777626931667328 0.705213010311127 0.811779737472534 0.768034934997559 0.72836834192276 0.702354967594147 0.764662802219391 0.79422128200531 0.818458199501038 0.901597797870636 0.894039809703827 0.890641689300537 0.815070390701294 0.735642910003662 0.557240545749664 0.830544114112854
0.933707654476166 0.864633083343506 0.930440843105316 0.989747762680054 0.990868926048279 0.942829549312592 0.981691002845764 0.985897123813629 0.940016984939575 0.944822072982788 0.951956391334534 0.960112631320953 0.960176229476929 0.913716435432434 0.886265814304352 0.871149480342865 0.9409219622612 0.943728744983673 0.915808081626892 0.868529736995697 0.918265700340271 0.710370659828186 0.733540773391724 0.795019924640656 0.785415768623352 0.695766687393188 0.878670752048492 0.813356578350067 0.734779834747314 0.709383845329285 0.791983783245087 0.765480816364288 0.750986337661743 0.767775535583496 0.789928436279297 0.839655816555023 0.907244682312012 0.909191250801086 0.876007080078125 0.830805599689484 0.589428424835205 0.594101786613464 0.631888210773468 0.846074342727661
0.771378993988037 0.806223332881927 0.987784564495087 0.993558526039124 0.990572988986969 0.955044269561768 0.990431368350983 0.982420206069946 0.961685299873352 0.949923157691956 0.916945993900299 0.970388352870941 0.956810832023621 0.919809222221375 0.943751454353333 0.915691077709198 0.853775084018707 0.904119551181793 0.924219727516174 0.865160584449768 0.856611669063568 0.925170958042145 0.795838594436646 0.747393488883972 0.754611253738403 0.654530882835388 0.741237580776215 0.772535800933838 0.726508498191833 0.740539848804474 0.869446635246277 0.792615115642548 0.762489020824432 0.812349200248718 0.826519012451172 0.849489688873291 0.898256301879883 0.78167849779129 0.806462347507477 0.811236917972565 0.638157963752747 0.533545136451721 0.834752142429352 0.826080203056335
0.896753013134003 0.956498920917511 0.989452540874481 0.989038467407227 0.981452882289886 0.932783722877502 0.985809326171875 0.98829048871994 0.971798956394196 0.969632506370544 0.966400980949402 0.929664671421051 0.968925058841705 0.934273540973663 0.924884736537933 0.864266514778137 0.911272943019867 0.837819278240204 0.919915378093719 0.824925243854523 0.931214213371277 0.923683285713196 0.861013352870941 0.832051277160645 0.604765713214874 0.817180275917053 0.764535903930664 0.81345146894455 0.782531499862671 0.761798441410065 0.80632883310318 0.869354546070099 0.831309914588928 0.852103531360626 0.796889245510101 0.735991537570953 0.71246725320816 0.779739320278168 0.780643105506897 0.6399005651474 0.534653663635254 0.560641050338745 0.801603674888611 0.813322007656097
0.993480384349823 0.992302179336548 0.99144846200943 0.993454396724701 0.994134366512299 0.921195149421692 0.994949758052826 0.987071573734283 0.976883471012115 0.960961997509003 0.962311506271362 0.961145222187042 0.970934331417084 0.940378665924072 0.935031414031982 0.918413937091827 0.958657503128052 0.884772956371307 0.914305984973907 0.855710327625275 0.864242076873779 0.891569912433624 0.871476888656616 0.808682858943939 0.6667360663414 0.761502981185913 0.768927812576294 0.76797342300415 0.745523273944855 0.868168830871582 0.871057450771332 0.879500687122345 0.84925103187561 0.817494869232178 0.712246298789978 0.531603217124939 0.721149325370789 0.612140834331512 0.707218885421753 0.756850481033325 0.621861219406128 0.782240748405457 0.739412784576416 0.785693824291229
0.987669229507446 0.988105058670044 0.979034781455994 0.990991473197937 0.986355781555176 0.92778080701828 0.989664912223816 0.99022775888443 0.974864304065704 0.972141861915588 0.959003329277039 0.946507930755615 0.973373532295227 0.961220383644104 0.947346389293671 0.948768556118011 0.924109518527985 0.925855219364166 0.829211711883545 0.828921616077423 0.881487607955933 0.770765364170074 0.814873099327087 0.770371675491333 0.704871356487274 0.798677325248718 0.72042578458786 0.739910781383514 0.738762557506561 0.784605264663696 0.851635932922363 0.83687949180603 0.784090936183929 0.806837618350983 0.747054994106293 0.425709068775177 0.403246909379959 0.391321390867233 0.538944244384766 0.630804896354675 0.783503651618958 0.815675497055054 0.74025297164917 0.634559214115143
0.977406680583954 0.983861744403839 0.882281422615051 0.995174586772919 0.988060355186462 0.896448493003845 0.989675283432007 0.98768824338913 0.973586797714233 0.971268057823181 0.982837975025177 0.953396260738373 0.961288154125214 0.978760600090027 0.964767098426819 0.95460319519043 0.897363364696503 0.912101805210114 0.855035722255707 0.821847259998322 0.738425672054291 0.714825987815857 0.74591052532196 0.806251049041748 0.798968732357025 0.802816450595856 0.594975113868713 0.783647119998932 0.770133972167969 0.787067294120789 0.840065956115723 0.832155764102936 0.726902008056641 0.657989919185638 0.713510692119598 0.719277560710907 0.360908687114716 0.635863900184631 0.677388608455658 0.498391211032867 0.820633292198181 0.781959056854248 0.604439198970795 0.553884029388428
0.67593902349472 0.903714299201965 0.956043720245361 0.995115518569946 0.991552948951721 0.906374931335449 0.986817479133606 0.991497874259949 0.985676825046539 0.987577795982361 0.988063216209412 0.966879069805145 0.948633909225464 0.972289323806763 0.949841797351837 0.945191740989685 0.895483613014221 0.891915380954742 0.863200664520264 0.851622045040131 0.85596227645874 0.854461908340454 0.749924957752228 0.803991079330444 0.740931034088135 0.712776720523834 0.46518948674202 0.70181542634964 0.842600286006927 0.897719144821167 0.89052402973175 0.7968630194664 0.693063855171204 0.514692902565002 0.640219211578369 0.611823260784149 0.433785617351532 0.740358531475067 0.761856853961945 0.604642152786255 0.448627889156342 0.622541308403015 0.367291748523712 0.241986334323883
0.985623896121979 0.991556942462921 0.987549245357513 0.99605804681778 0.996361434459686 0.924912452697754 0.991130411624908 0.992802321910858 0.986129581928253 0.980988144874573 0.979495167732239 0.984233558177948 0.959364175796509 0.952870965003967 0.980237066745758 0.963728010654449 0.928309142589569 0.903239607810974 0.862332880496979 0.914493083953857 0.927996397018433 0.81911164522171 0.830982625484467 0.721458494663239 0.875365436077118 0.847955942153931 0.63378119468689 0.526025414466858 0.810997247695923 0.888353824615479 0.863860249519348 0.794748187065125 0.774960875511169 0.443961292505264 0.591552078723907 0.72929435968399 0.753691852092743 0.423693716526031 0.671122193336487 0.695397555828094 0.319383442401886 0.322745382785797 0.56807279586792 0.799386203289032
0.957086145877838 0.987204134464264 0.989298701286316 0.989812970161438 0.995355725288391 0.944697201251984 0.989127576351166 0.993215560913086 0.987346470355988 0.990309476852417 0.985014915466309 0.985158145427704 0.974026501178741 0.974247574806213 0.975026607513428 0.985551178455353 0.958962976932526 0.916159152984619 0.892626821994781 0.905869722366333 0.931278884410858 0.78964376449585 0.862842679023743 0.743565082550049 0.864141166210175 0.817093074321747 0.665836751461029 0.659457743167877 0.779780626296997 0.798359870910645 0.846000969409943 0.748903751373291 0.482412278652191 0.292741000652313 0.231291517615318 0.291211694478989 0.313287824392319 0.356964975595474 0.369518220424652 0.604645371437073 0.214391604065895 0.238427937030792 0.549011290073395 0.841021418571472
0.965196669101715 0.957470238208771 0.989287734031677 0.997471034526825 0.997757375240326 0.903445422649384 0.992124736309052 0.995006620883942 0.984266817569733 0.985095202922821 0.989838659763336 0.983965694904327 0.978113830089569 0.983201682567596 0.957723259925842 0.960148215293884 0.950983881950378 0.944723427295685 0.930106341838837 0.932976901531219 0.896171867847443 0.874180316925049 0.917954981327057 0.840942859649658 0.506029069423676 0.757435619831085 0.565672636032104 0.493624806404114 0.736022889614105 0.806496322154999 0.749233424663544 0.821453273296356 0.621778964996338 0.310808211565018 0.193953290581703 0.166370987892151 0.164139732718468 0.267729669809341 0.287061274051666 0.142613738775253 0.339154958724976 0.138367354869843 0.453442960977554 0.813054144382477
0.993076145648956 0.994211554527283 0.994417786598206 0.997916340827942 0.994092106819153 0.834468126296997 0.991081237792969 0.996075212955475 0.964918732643127 0.989043235778809 0.988110899925232 0.986977994441986 0.983920216560364 0.988901853561401 0.964867055416107 0.964394450187683 0.962109684944153 0.947825789451599 0.940708637237549 0.969938576221466 0.945084810256958 0.829898655414581 0.789567947387695 0.766535341739655 0.484660595655441 0.886928558349609 0.665391385555267 0.601350545883179 0.887561202049255 0.877695798873901 0.690586030483246 0.365948796272278 0.795388460159302 0.603781998157501 0.504703462123871 0.537045180797577 0.183454230427742 0.431623429059982 0.734955191612244 0.25598019361496 0.215634480118752 0.119429990649223 0.685899972915649 0.808836579322815
0.994931995868683 0.995693445205688 0.99118310213089 0.997119426727295 0.998857021331787 0.893558084964752 0.998080313205719 0.99565714597702 0.950505495071411 0.993974208831787 0.994580507278442 0.989866971969604 0.990567564964294 0.990446984767914 0.976598083972931 0.983473002910614 0.963570356369019 0.969091176986694 0.943416357040405 0.957638263702393 0.953791379928589 0.739839255809784 0.743094086647034 0.786795794963837 0.325797140598297 0.835111141204834 0.544535756111145 0.890149295330048 0.929524123668671 0.882763624191284 0.868663191795349 0.78669548034668 0.301659226417542 0.287617206573486 0.216723680496216 0.284621447324753 0.388383418321609 0.568166434764862 0.845061480998993 0.548311352729797 0.363637089729309 0.262455999851227 0.468557894229889 0.753151834011078
