data/climate_estimation/maxent_output/Lilium_taliense.asc
NCOLS 93 
NROWS 72 
XLLCORNER 99.5 
YLLCORNER 23.3333333333333 
CELLSIZE 0.0833333333333333 
NODATA_value -3.4e+38 
[rows 0 to 19 of 72, columns 0 to 43 of 93]
0.729911804199219 0.659472107887268 0.638390302658081 0.62462705373764 0.789835095405579 0.460999429225922 0.496329426765442 0.50705099105835 0.424996942281723 0.382785975933075 0.580901622772217 0.737226724624634 0.712452292442322 0.586914658546448 0.750135481357574 0.884704053401947 0.740730345249176 0.910558044910431 0.934947490692139 0.80194216966629 0.473322451114655 0.49444243311882 0.514389395713806 0.693538725376129 0.696209788322449 0.559368431568146 0.452332317829132 0.732378363609314 0.448600113391876 0.540278077125549 0.934259712696075 0.973269879817963 0.901840090751648 0.773674786090851 0.915825188159943 0.778445363044739 0.815159380435944 0.795501887798309 0.869019448757172 0.907990574836731 0.963030636310577 0.994227707386017 0.990747332572937 0.955452859401703
0.746635317802429 0.668534576892853 0.664734542369843 0.424618422985077 0.66851544380188 0.649005234241486 0.490732938051224 0.546625435352325 0.399709224700928 0.437514424324036 0.454759180545807 0.589621424674988 0.805269360542297 0.709206402301788 0.857657313346863 0.901915431022644 0.816194951534271 0.882879972457886 0.953046441078186 0.821342289447784 0.455575346946716 0.533611238002777 0.608877003192902 0.865444958209991 0.830449819564819 0.567335724830627 0.543001890182495 0.644785583019257 0.859981417655945 0.972158014774323 0.98212206363678 0.97487735748291 0.918660402297974 0.834402441978455 0.780418336391449 0.958786129951477 0.963226556777954 0.976703405380249 0.98031222820282 0.947849869728088 0.92682546377182 0.989663124084473 0.959903657436371 0.956290304660797
0.770946741104126 0.71951425075531 0.514998078346252 0.557672202587128 0.774668872356415 0.61876106262207 0.411485016345978 0.550094187259674 0.697668373584747 0.615384936332703 0.523433148860931 0.532224237918854 0.833230495452881 0.895025312900543 0.785528540611267 0.802408933639526 0.840460121631622 0.755887389183044 0.957436800003052 0.969180881977081 0.833109259605408 0.6478351354599 0.932622194290161 0.870278000831604 0.905251860618591 0.627952098846436 0.733197808265686 0.753474235534668 0.650933802127838 0.938950598239899 0.987387239933014 0.984599947929382 0.989572405815125 0.960799038410187 0.920268297195435 0.97908353805542 0.990230023860931 0.98632937669754 0.988287091255188 0.987947165966034 0.968769311904907 0.993375837802887 0.981798648834229 0.96256947517395
0.701165437698364 0.679349839687347 0.689089000225067 0.575838446617126 0.848457455635071 0.674081146717072 0.4354208111763 0.453135639429092 0.712484359741211 0.833615183830261 0.80951327085495 0.737781405448914 0.828281402587891 0.941135704517365 0.889135360717773 0.847241640090942 0.92725795507431 0.686164081096649 0.917842149734497 0.971927225589752 0.956451952457428 0.85015881061554 0.89358788728714 0.972876250743866 0.957081735134125 0.756094753742218 0.620834589004517 0.879607319831848 0.779075980186462 0.978678286075592 0.986050248146057 0.874925136566162 0.946266233921051 0.986852049827576 0.983788430690765 0.994076609611511 0.989906907081604 0.956849157810211 0.88376522064209 0.925078690052032 0.996829867362976 0.99407833814621 0.99363249540329 0.97442626953125
0.67817211151123 0.753246665000916 0.713216841220856 0.848667085170746 0.788082361221313 0.483829140663147 0.408514648675919 0.418938159942627 0.553844511508942 0.724579691886902 0.560335874557495 0.512814521789551 0.523865580558777 0.763234078884125 0.96008425951004 0.885987997055054 0.957721769809723 0.824612736701965 0.793821811676025 0.983642041683197 0.984635174274445 0.776597678661346 0.815838098526001 0.907422363758087 0.990058124065399 0.759676575660706 0.768242180347443 0.953111588954926 0.89459228515625 0.990900933742523 0.974349737167358 0.982019662857056 0.993936061859131 0.982245683670044 0.99566113948822 0.988983690738678 0.995006859302521 0.982744574546814 0.848678112030029 0.875304818153381 0.99589079618454 0.977974057197571 0.995494961738586 0.993882358074188
0.721024334430695 0.726454377174377 0.422042161226273 0.857846915721893 0.813772976398468 0.389536529779434 0.393994837999344 0.477580189704895 0.554972231388092 0.597541451454163 0.850900650024414 0.886489868164062 0.913759648799896 0.966619491577148 0.968900680541992 0.918637871742249 0.980061292648315 0.923501431941986 0.947421669960022 0.986483454704285 0.985754907131195 0.861017763614655 0.968924701213837 0.825483441352844 0.991794466972351 0.987129807472229 0.877441883087158 0.971850335597992 0.914028584957123 0.96637886762619 0.960275113582611 0.99237984418869 0.996386885643005 0.995110273361206 0.995317876338959 0.95711088180542 0.992082536220551 0.959006071090698 0.913017690181732 0.904476583003998 0.996565282344818 0.993731439113617 0.992739796638489 0.995431303977966
0.56050032377243 0.520016372203827 0.593952596187592 0.894435882568359 0.881122648715973 0.56786984205246 0.445436000823975 0.545399248600006 0.68078476190567 0.621021568775177 0.662514746189117 0.934862494468689 0.969454646110535 0.974308371543884 0.956008493900299 0.814760804176331 0.984829127788544 0.978944003582001 0.963976621627808 0.989772081375122 0.99082624912262 0.991520166397095 0.881995677947998 0.861479222774506 0.803914427757263 0.993926703929901 0.992978394031525 0.995138704776764 0.951340973377228 0.97402811050415 0.996872842311859 0.996402084827423 0.996156275272369 0.994124531745911 0.99211460351944 0.995906293392181 0.980815768241882 0.986573934555054 0.996297299861908 0.992929816246033 0.993877649307251 0.994634330272675 0.993854641914368 0.992931485176086
0.409817606210709 0.623634397983551 0.866620182991028 0.871870458126068 0.796784222126007 0.454187840223312 0.447951346635818 0.642522096633911 0.745829284191132 0.666036665439606 0.501098573207855 0.728927731513977 0.967572152614594 0.952534019947052 0.753322899341583 0.816981911659241 0.986783504486084 0.985847055912018 0.965155482292175 0.981719434261322 0.984680771827698 0.950705111026764 0.855295658111572 0.979308366775513 0.985254466533661 0.996956646442413 0.997064471244812 0.99559086561203 0.997636497020721 0.998052597045898 0.988653898239136 0.995929002761841 0.968473672866821 0.996713519096375 0.959924697875977 0.993852376937866 0.93798416852951 0.989333868026733 0.996999800205231 0.997019827365875 0.996978759765625 0.991368174552917 0.996206045150757 0.993987083435059
0.717125296592712 0.662136793136597 0.912199854850769 0.689038634300232 0.484945595264435 0.455094486474991 0.476488292217255 0.604196906089783 0.834585964679718 0.903881728649139 0.826727688312531 0.966084837913513 0.984689772129059 0.939586997032166 0.91562956571579 0.811661541461945 0.992011368274689 0.953489363193512 0.90747082233429 0.992338478565216 0.985423922538757 0.963858604431152 0.899366021156311 0.923382461071014 0.955365538597107 0.997569620609283 0.992973804473877 0.997109413146973 0.977868497371674 0.993596971035004 0.997812211513519 0.983059525489807 0.964960217475891 0.998459994792938 0.992892324924469 0.984225034713745 0.972409963607788 0.980460047721863 0.997076332569122 0.997190177440643 0.986106812953949 0.993437767028809 0.996125936508179 0.995963156223297
0.810828149318695 0.916431784629822 0.913122177124023 0.70366245508194 0.660653412342072 0.497953444719315 0.546075642108917 0.710170447826385 0.896989762783051 0.937915861606598 0.975541830062866 0.957998335361481 0.979285717010498 0.987291634082794 0.959477841854095 0.933342814445496 0.991176307201385 0.983400583267212 0.950706243515015 0.992347240447998 0.994060754776001 0.995818257331848 0.915471911430359 0.996882617473602 0.994826912879944 0.985564708709717 0.995738327503204 0.991592645645142 0.99302864074707 0.996027410030365 0.996942341327667 0.956004738807678 0.953926801681519 0.998427987098694 0.997976839542389 0.976617813110352 0.986238360404968 0.983374714851379 0.998286366462708 0.997695922851562 0.993214130401611 0.997083842754364 0.995996415615082 0.993712604045868
0.764263689517975 0.783725619316101 0.6835116147995 0.847487270832062 0.65203869342804 0.638901770114899 0.765284955501556 0.749025702476501 0.897960484027863 0.64283150434494 0.773474454879761 0.722862362861633 0.98756468296051 0.991533875465393 0.930061340332031 0.964155256748199 0.993937611579895 0.994188785552979 0.983535468578339 0.99183189868927 0.996544718742371 0.997284293174744 0.994168043136597 0.969734132289886 0.998627185821533 0.998414754867554 0.997710824012756 0.998653531074524 0.974342584609985 0.998972594738007 0.986018776893616 0.951255738735199 0.958513855934143 0.999184489250183 0.999020755290985 0.997226297855377 0.993039727210999 0.985252499580383 0.995972156524658 0.998084723949432 0.997874140739441 0.991802215576172 0.992522656917572 0.992343485355377
0.775053024291992 0.698546588420868 0.853436350822449 0.881645262241364 0.670782089233398 0.776044905185699 0.735004305839539 0.92134952545166 0.974943459033966 0.817766547203064 0.551153898239136 0.778055012226105 0.979016005992889 0.993139088153839 0.984971344470978 0.979478776454926 0.995639860630035 0.985507547855377 0.953935325145721 0.982187032699585 0.997945427894592 0.996581792831421 0.998825430870056 0.989630818367004 0.999166786670685 0.995330333709717 0.997352480888367 0.999258518218994 0.979735493659973 0.999012887477875 0.991356611251831 0.979757785797119 0.918936431407928 0.987545728683472 0.99618673324585 0.998212933540344 0.998372495174408 0.990197956562042 0.995859146118164 0.998357951641083 0.997598886489868 0.978553295135498 0.978323400020599 0.979024350643158
0.92016339302063 0.941279649734497 0.881928443908691 0.868581652641296 0.714287281036377 0.690788090229034 0.95226377248764 0.979300737380981 0.986126065254211 0.842974424362183 0.806991338729858 0.832252085208893 0.861892521381378 0.995717108249664 0.995875895023346 0.992064118385315 0.995089888572693 0.994602501392365 0.98968917131424 0.99236786365509 0.989289939403534 0.99351578950882 0.997562408447266 0.992976486682892 0.998912036418915 0.982694566249847 0.999411642551422 0.9995157122612 0.969545781612396 0.998658955097198 0.989935338497162 0.912947475910187 0.915064334869385 0.996912598609924 0.989272832870483 0.984050452709198 0.998180449008942 0.996292352676392 0.998178064823151 0.997442722320557 0.996911108493805 0.954099655151367 0.964652836322784 0.989670634269714
0.778370559215546 0.933845698833466 0.949873089790344 0.8761026263237 0.727379620075226 0.690175414085388 0.761489927768707 0.949657022953033 0.986960709095001 0.983903825283051 0.798375248908997 0.984298706054688 0.995331227779388 0.991876482963562 0.993034541606903 0.99039614200592 0.996197462081909 0.998466670513153 0.997682809829712 0.997833371162415 0.99825394153595 0.993095755577087 0.998346269130707 0.998008370399475 0.999578595161438 0.994722962379456 0.999413371086121 0.994954347610474 0.987411856651306 0.999042809009552 0.952706873416901 0.871733903884888 0.976467728614807 0.999558806419373 0.999164223670959 0.997479438781738 0.992744624614716 0.998056292533875 0.998846471309662 0.994349598884583 0.996530175209045 0.977077662944794 0.987350225448608 0.995851397514343
0.842940449714661 0.911387979984283 0.948004186153412 0.936835467815399 0.787719309329987 0.800303876399994 0.840234696865082 0.927819550037384 0.99223256111145 0.99423348903656 0.903979659080505 0.977003455162048 0.9880730509758 0.99719375371933 0.929878771305084 0.99750280380249 0.994058310985565 0.997094631195068 0.998907923698425 0.999080955982208 0.998242616653442 0.996593713760376 0.999247193336487 0.9986732006073 0.997766435146332 0.999018132686615 0.99961119890213 0.996135890483856 0.999638438224792 0.999450027942657 0.9795001745224 0.946632504463196 0.913137912750244 0.99263995885849 0.999438881874084 0.998494923114777 0.996911525726318 0.999163210391998 0.999010562896729 0.998767793178558 0.991859495639801 0.975826144218445 0.882516920566559 0.933163106441498
0.931466042995453 0.944368779659271 0.958459675312042 0.959221839904785 0.89270156621933 0.944414794445038 0.916272044181824 0.928947508335114 0.991190075874329 0.991211175918579 0.996078312397003 0.9968181848526 0.993275940418243 0.988241016864777 0.990363299846649 0.99609363079071 0.997196793556213 0.994803190231323 0.998629212379456 0.999431848526001 0.999516904354095 0.998970150947571 0.999677419662476 0.994557619094849 0.988104939460754 0.999766767024994 0.998480975627899 0.97682112455368 0.999210476875305 0.999455332756042 0.979844212532043 0.826686561107635 0.88825124502182 0.99661910533905 0.999157309532166 0.998644590377808 0.999394059181213 0.999438941478729 0.998203754425049 0.997934460639954 0.961816132068634 0.964794933795929 0.980803370475769 0.995828926563263
0.92348039150238 0.938550114631653 0.964845061302185 0.960185050964355 0.898019850254059 0.963844120502472 0.988051772117615 0.974811434745789 0.986598134040833 0.995424628257751 0.989719033241272 0.984517633914948 0.995027959346771 0.998316168785095 0.998778343200684 0.999027848243713 0.998970925807953 0.999024569988251 0.995111644268036 0.999384641647339 0.99957001209259 0.99928617477417 0.999729633331299 0.999711751937866 0.987173914909363 0.999785304069519 0.999830067157745 0.997876107692719 0.991357803344727 0.999731481075287 0.998310267925262 0.810373961925507 0.835194647312164 0.973115921020508 0.995221674442291 0.999273121356964 0.999583899974823 0.998920321464539 0.992421746253967 0.990104377269745 0.984630286693573 0.997512400150299 0.995892465114594 0.9970623254776
0.906940937042236 0.970081329345703 0.979983806610107 0.963195860385895 0.917631983757019 0.972657740116119 0.980245113372803 0.99554044008255 0.996237993240356 0.996801972389221 0.996874392032623 0.959926307201385 0.99876606464386 0.998907089233398 0.998735189437866 0.998814344406128 0.999282240867615 0.999540627002716 0.999468147754669 0.998043358325958 0.998098015785217 0.997169554233551 0.99712598323822 0.988114237785339 0.999785125255585 0.99951446056366 0.999806106090546 0.996055006980896 0.977810084819794 0.99245274066925 0.999685168266296 0.933761239051819 0.725639581680298 0.77763956785202 0.95925498008728 0.999427020549774 0.9996377825737 0.997861623764038 0.996935606002808 0.995011627674103 0.989368379116058 0.989608287811279 0.99804949760437 0.9971804022789
0.926138520240784 0.963204741477966 0.987512052059174 0.985493838787079 0.980340540409088 0.985970258712769 0.993993043899536 0.993574976921082 0.988822102546692 0.995887935161591 0.9270339012146 0.998490273952484 0.99725741147995 0.998799622058868 0.997932732105255 0.999525606632233 0.999600231647491 0.999623894691467 0.999365091323853 0.999808609485626 0.998166561126709 0.999574601650238 0.999834954738617 0.999846637248993 0.999873518943787 0.999898254871368 0.999836802482605 0.997898697853088 0.977837681770325 0.985817790031433 0.993413329124451 0.891678869724274 0.74128270149231 0.8952556848526 0.981326043605804 0.999624848365784 0.999706983566284 0.995747447013855 0.999438464641571 0.997606575489044 0.994226694107056 0.996501684188843 0.952466249465942 0.993988811969757
0.975984871387482 0.95464301109314 0.989336967468262 0.973552942276001 0.958207130432129 0.98052966594696 0.997290253639221 0.994789123535156 0.997893273830414 0.867443323135376 0.905984103679657 0.994250476360321 0.999395370483398 0.99951708316803 0.99940025806427 0.998158633708954 0.999308943748474 0.999270737171173 0.999834001064301 0.999818861484528 0.999764561653137 0.999822378158569 0.999888837337494 0.99921190738678 0.999528586864471 0.99992036819458 0.999890089035034 0.99984210729599 0.996349394321442 0.863674640655518 0.938925683498383 0.908150434494019 0.775516152381897 0.987382829189301 0.998460292816162 0.999592006206512 0.999437093734741 0.984017193317413 0.999558806419373 0.997819125652313 0.998804330825806 0.999265789985657 0.957161366939545 0.998011827468872
