data/climate_estimation/maxent_output/Lilium_humboldtii.asc
NCOLS 69 
NROWS 100 
XLLCORNER -121.916666666667 
YLLCORNER 31.75 
CELLSIZE 0.0833333333333333 
NODATA_value -3.4e+38 
[rows 42 to 62 of 100, columns 0 to 46 of 69]
0.214141279459 0.429577529430389 0.519555926322937 0.633540451526642 0.697538137435913 0.553174793720245 0.710501313209534 0.617954254150391 0.676750242710114 0.643831491470337 0.680840849876404 0.72646427154541 0.724543571472168 0.596442341804504 0.448627591133118 0.356937199831009 0.138632923364639 0.0587790496647358 0.0396392270922661 0.0320674255490303 0.0281206741929054 0.0235215872526169 0.0259281788021326 0.0258901380002499 0.0277904104441404 0.0280475672334433 0.0312323234975338 0.0385483540594578 0.0576102733612061 0.0737029165029526 0.101546756923199 0.102061532437801 0.173975333571434 0.197829455137253 0.230132758617401 0.509947240352631 0.571597874164581 0.921206712722778 0.781626522541046 0.281245023012161 0.00760037079453468 0.00136034889146686 0.0136758396402001 0.000852162891533226 0.00273736868984997 0.0952604487538338 0.0095378840342164
0.405421108007431 0.472310543060303 0.483559757471085 0.592126071453094 0.614960312843323 0.73402327299118 0.507254242897034 0.682853996753693 0.652780890464783 0.594730257987976 0.600866734981537 0.696923851966858 0.73474133014679 0.7736936211586 0.666374206542969 0.738805532455444 0.557173013687134 0.0817192494869232 0.0341357886791229 0.0276873055845499 0.0271361730992794 0.0198217201977968 0.0206313449889421 0.0215259101241827 0.0221578385680914 0.026837844401598 0.030967254191637 0.0354477614164352 0.0452886484563351 0.0521913357079029 0.0662833079695702 0.0919075459241867 0.111269108951092 0.165959313511848 0.175805255770683 0.205215126276016 0.148523807525635 0.896033525466919 0.771708190441132 0.112511657178402 0.0124925905838609 0.0414033532142639 0.0267892386764288 0.00248968182131648 0.00206922646611929 0.0140236392617226 0.0152199594303966
0.339183986186981 0.517461776733398 0.556250154972076 0.56119567155838 0.570088028907776 0.60723602771759 0.706783831119537 0.440857321023941 0.430803328752518 0.462484180927277 0.575647413730621 0.623385667800903 0.705367684364319 0.731086313724518 0.732315301895142 0.723757266998291 0.758734464645386 0.323699146509171 0.0424478687345982 0.022333774715662 0.0193563643842936 0.0183526035398245 0.0157282296568155 0.0168862324208021 0.019505325704813 0.0168706309050322 0.0203141961246729 0.0244115237146616 0.0334753170609474 0.0382781587541103 0.0551265180110931 0.0713165402412415 0.0916177034378052 0.128076836466789 0.164498642086983 0.152673453092575 0.269736051559448 0.915412425994873 0.52340167760849 0.0486981384456158 0.0268205534666777 0.0252721942961216 0.0966736748814583 0.0401819944381714 0.0155261531472206 0.0129139581695199 0.0338209308683872
0.119369886815548 0.391002327203751 0.509847700595856 0.568087220191956 0.59027224779129 0.549600899219513 0.641237139701843 0.578992366790771 0.446670204401016 0.414340049028397 0.464516937732697 0.491346746683121 0.680811822414398 0.728745877742767 0.722820103168488 0.719010293483734 0.775426208972931 0.761290907859802 0.412999749183655 0.0236845351755619 0.0160036478191614 0.0136141357943416 0.0129202641546726 0.0106486165896058 0.013349455781281 0.0170862060040236 0.0162340514361858 0.0223354082554579 0.0264051221311092 0.0337228924036026 0.0379774607717991 0.0543357618153095 0.065888985991478 0.0948698446154594 0.153408616781235 0.152119487524033 0.786763429641724 0.955841779708862 0.68677830696106 0.0911606848239899 0.280678808689117 0.0919855311512947 0.157064259052277 0.0369392260909081 0.0742182955145836 0.0131271593272686 0.0423224754631519
-3.4e+38 0.216129869222641 0.446224540472031 0.535112142562866 0.509819507598877 0.566928327083588 0.633506000041962 0.644406914710999 0.603246927261353 0.38906317949295 0.424129694700241 0.475147515535355 0.550684750080109 0.665758967399597 0.665487408638 0.672158658504486 0.69531112909317 0.222476854920387 0.0371375530958176 0.0158996097743511 0.00945710204541683 0.00916458200663328 0.00844428688287735 0.01023103389889 0.0100569473579526 0.0134529769420624 0.0135728726163507 0.0182468388229609 0.0202652122825384 0.0270899720489979 0.0315460115671158 0.0365318022668362 0.0474051237106323 0.0525187365710735 0.0969498157501221 0.13453808426857 0.189313545823097 0.190612629055977 0.940839529037476 0.72480571269989 0.396949291229248 0.595143675804138 0.563794791698456 0.153065472841263 0.130202665925026 0.107149414718151 0.0757155567407608
-3.4e+38 -3.4e+38 0.281841814517975 0.470003545284271 0.518291234970093 0.533261835575104 0.542726933956146 0.602524995803833 0.674435496330261 0.427649319171906 0.33333745598793 0.342498064041138 0.39127591252327 0.587266862392426 0.671598672866821 0.6860231757164 0.675947427749634 0.38653039932251 0.0295874886214733 0.0121716978028417 0.00787748116999865 0.00527099194005132 0.00495929457247257 0.00849008280783892 0.00934479851275682 0.00989672355353832 0.00992785766720772 0.0129933441057801 0.0165633633732796 0.0217216480523348 0.0238697398453951 0.0277427081018686 0.032517496496439 0.0374174043536186 0.0430898331105709 0.0572104528546333 0.0714267641305923 0.139933094382286 0.946726560592651 0.862986087799072 0.528077244758606 0.783950865268707 0.637069463729858 0.17094224691391 0.140910878777504 0.205262154340744 0.105266094207764
-3.4e+38 -3.4e+38 -3.4e+38 0.350807875394821 0.526393473148346 0.577952325344086 0.57353937625885 0.663490295410156 0.6092409491539 0.654162883758545 0.511123776435852 0.345838367938995 0.354026079177856 0.50908899307251 0.675209879875183 0.691259980201721 0.723534405231476 0.547608494758606 0.117511913180351 0.0400716364383698 0.0132108312100172 0.013858444057405 0.00685316184535623 0.00565806264057755 0.00642171083018184 0.00961956661194563 0.00966976210474968 0.0092425337061286 0.0119500225409865 0.0165754221379757 0.0183053091168404 0.0201435927301645 0.0217663887888193 0.0256016813218594 0.0234402976930141 0.0282296240329742 0.042738001793623 0.145079374313354 0.846201956272125 0.853540897369385 0.699791371822357 0.890156030654907 0.144821226596832 0.21135775744915 0.271647155284882 0.380113124847412 0.135588631033897
-3.4e+38 -3.4e+38 -3.4e+38 -3.4e+38 -3.4e+38 0.55875027179718 0.583994805812836 0.614969849586487 0.443684548139572 0.422534286975861 0.599551022052765 0.588482677936554 0.38262540102005 0.450479954481125 0.635925829410553 0.639194309711456 0.705573618412018 0.686598718166351 0.755587100982666 0.713613033294678 0.175547882914543 0.0202520880848169 0.012097392231226 0.00751869054511189 0.0065783653408289 0.00978399533778429 0.0112969437614083 0.00994864758104086 0.00958200637251139 0.0136113576591015 0.0143355699256063 0.0134559236466885 0.0159351099282503 0.0142926974222064 0.0169377848505974 0.0201216377317905 0.037186972796917 0.22362120449543 0.969405353069305 0.834380865097046 0.937339544296265 0.871470272541046 0.161228165030479 0.245651856064796 0.550737142562866 0.509423911571503 0.14328770339489
-339999999999999996123846586046231871488.000000000000000 -3.4e+38 -3.4e+38 -3.4e+38 -3.4e+38 0.517004370689392 0.566724300384521 0.59801322221756 0.4610695540905 0.450609445571899 0.377079546451569 0.466009080410004 0.411206394433975 0.409820437431335 0.483683168888092 0.615519106388092 0.646477878093719 0.589657306671143 0.50822502374649 0.659969925880432 0.394919455051422 0.0349171794950962 0.0138943744823337 0.0120669472962618 0.0102162789553404 0.0119947558268905 0.0121848592534661 0.0115853417664766 0.0118238423019648 0.0112384213134646 0.0121828755363822 0.010278444737196 0.0113736065104604 0.011434281244874 0.0114623615518212 0.0115103563293815 0.0193757601082325 0.126877754926682 0.499264985322952 0.935613334178925 0.705310821533203 0.927390873432159 0.265132814645767 0.248626574873924 0.618298411369324 0.546484291553497 0.224376410245895
-3.4e+38 -3.4e+38 -3.4e+38 -3.4e+38 -3.4e+38 -3.4e+38 0.461374312639236 0.481491148471832 0.580011367797852 0.604309618473053 0.473418951034546 0.517852962017059 0.461243689060211 0.39570939540863 0.458653777837753 0.538537919521332 0.521051704883575 0.626969218254089 0.515621781349182 0.332103371620178 0.563016772270203 0.121194735169411 0.0252154059708118 0.0216886606067419 0.015689779073 0.0130008477717638 0.0150517923757434 0.012929760850966 0.0122266272082925 0.0112479561939836 0.0110452324151993 0.00855015031993389 0.00795869715511799 0.00812269374728203 0.00817789137363434 0.00944626703858376 0.0192204490303993 0.310730397701263 0.840812563896179 0.93068653345108 0.844882130622864 0.872803509235382 0.738052308559418 0.441006600856781 0.70463240146637 0.241206556558609 0.220031246542931
-3.4e+38 -3.4e+38 -3.4e+38 -3.4e+38 -3.4e+38 -3.4e+38 -3.4e+38 0.061723705381155 0.178240492939949 0.621050477027893 0.638921916484833 0.49132427573204 0.588236153125763 0.58689934015274 0.512589275836945 0.451222807168961 0.480876952409744 0.527916967868805 0.538667261600494 0.495039582252502 0.610610783100128 0.346365213394165 0.0544808432459831 0.037060558795929 0.0247195400297642 0.0196134895086288 0.0158994514495134 0.0151010388508439 0.0108559466898441 0.0107775647193193 0.00982268806546926 0.0091221472248435 0.00731092877686024 0.00668013701215386 0.008391123265028 0.00762857543304563 0.022631173953414 0.484498918056488 0.775246798992157 0.979125142097473 0.939077913761139 0.494891315698624 0.322946727275848 0.394689470529556 0.197353005409241 0.219351515173912 0.169011741876602
-3.4e+38 -3.4e+38 -3.4e+38 -3.4e+38 -3.4e+38 -3.4e+38 -3.4e+38 -3.4e+38 0.0269460994750261 0.0807150229811668 0.537343323230743 0.619004249572754 0.579503536224365 0.596298098564148 0.569330453872681 0.631230890750885 0.573576331138611 0.509013593196869 0.525206744670868 0.60739940404892 0.685812056064606 0.573798537254333 0.166878581047058 0.0867070630192757 0.0565298944711685 0.028512405231595 0.0252350084483624 0.0170967429876328 0.0115997940301895 0.0108944475650787 0.00948142725974321 0.00942736212164164 0.00656391447409987 0.00664502056315541 0.00802895519882441 0.00906814821064472 0.022293571382761 0.460576325654984 0.841538190841675 0.97473806142807 0.975359678268433 0.207088649272919 0.267360359430313 0.295399278402328 0.222598031163216 0.693548858165741 0.29293218255043
-3.4e+38 -3.4e+38 -3.4e+38 -3.4e+38 -3.4e+38 -3.4e+38 -3.4e+38 -3.4e+38 -3.4e+38 0.0557762607932091 0.100339151918888 0.434120267629623 0.58860170841217 0.556913256645203 0.523894131183624 0.542174816131592 0.533521175384521 0.577127695083618 0.603654325008392 0.620952785015106 0.629419386386871 0.728737890720367 0.653395652770996 0.397385090589523 0.118033729493618 0.05470185354352 0.0336742177605629 0.0199420843273401 0.0140874404460192 0.0113976169377565 0.00943329557776451 0.00752471014857292 0.00571924261748791 0.00473644817247987 0.00574019830673933 0.00523044215515256 0.00704887555912137 0.219604194164276 0.88668429851532 0.825657486915588 0.910968363285065 0.959570050239563 0.877467215061188 0.872170090675354 0.23154616355896 0.296884745359421 0.0807159021496773
-3.4e+38 -3.4e+38 -3.4e+38 -3.4e+38 -3.4e+38 -3.4e+38 -3.4e+38 -3.4e+38 -3.4e+38 -3.4e+38 0.120938390493393 0.205395102500916 0.486694127321243 0.576505541801453 0.538569211959839 0.537570178508759 0.573566675186157 0.592767834663391 0.628297746181488 0.685119986534119 0.671899259090424 0.767936706542969 0.825109481811523 0.86051607131958 0.566797077655792 0.13058315217495 0.0502360984683037 0.0232402626425028 0.0138830747455359 0.00922527816146612 0.00754254078492522 0.00599522981792688 0.00505624711513519 0.00467574363574386 0.00455435505136847 0.00393677642568946 0.00344458734616637 0.0197817627340555 0.419562071561813 0.952695250511169 0.98374742269516 0.952782094478607 0.533318400382996 0.778436005115509 0.561541795730591 0.327413380146027 0.0622813478112221
-3.4e+38 -3.4e+38 -3.4e+38 -3.4e+38 -3.4e+38 -3.4e+38 -3.4e+38 -3.4e+38 -3.4e+38 -3.4e+38 -3.4e+38 -3.4e+38 0.268865972757339 0.46745827794075 0.553850829601288 0.519423305988312 0.61264306306839 0.638812005519867 0.649355947971344 0.683141946792603 0.717852830886841 0.76562887430191 0.78504353761673 0.825631558895111 0.878510117530823 0.797145426273346 0.118359886109829 0.036410316824913 0.0181178897619247 0.00966634787619114 0.00743985781446099 0.00639461446553469 0.00521165365353227 0.00408339407294989 0.00383012951351702 0.00348974787630141 0.0030085954349488 0.00481145130470395 0.042867086827755 0.625901401042938 0.741763353347778 0.856512188911438 0.782735824584961 0.882145702838898 0.203199967741966 0.157238006591797 0.0344190038740635
-3.4e+38 -3.4e+38 -3.4e+38 -3.4e+38 -3.4e+38 -3.4e+38 -3.4e+38 -3.4e+38 -3.4e+38 -3.4e+38 -3.4e+38 -3.4e+38 0.196392938494682 0.338626205921173 0.440846055746078 0.508196651935577 0.650424659252167 0.663738429546356 0.676449596881866 0.704716682434082 0.740401387214661 0.793089807033539 0.785330832004547 0.857886850833893 0.872909307479858 0.896386563777924 0.8973388671875 0.188928619027138 0.058050125837326 0.0266720801591873 0.00926793180406094 0.00566467456519604 0.00532655091956258 0.00574449542909861 0.00451692892238498 0.00471498351544142 0.00380600523203611 0.00390925072133541 0.00696712732315063 0.0263606309890747 0.23015832901001 0.357150435447693 0.240410760045052 0.595818281173706 0.209253937005997 0.0901362746953964 0.0134024722501636
-3.4e+38 -3.4e+38 -3.4e+38 -3.4e+38 -3.4e+38 -3.4e+38 -3.4e+38 -3.4e+38 -3.4e+38 -3.4e+38 -3.4e+38 -3.4e+38 0.235801473259926 0.420799970626831 0.367293983697891 0.4611437022686 0.623502910137177 0.675496101379395 0.709067165851593 0.743708610534668 0.770306408405304 0.787822782993317 0.842324018478394 0.886969864368439 0.900402724742889 0.877598643302917 0.935532927513123 0.845401525497437 0.111862994730473 0.0229286011308432 0.00894712284207344 0.0102032627910376 0.0091514540836215 0.00785135477781296 0.00761181302368641 0.00775810889899731 0.00658762361854315 0.00621245335787535 0.121922835707664 0.979655861854553 0.415519714355469 0.922386109828949 0.820637822151184 0.807063519954681 0.433715134859085 0.0621133558452129 0.00559919280931354
-3.4e+38 -3.4e+38 -3.4e+38 -3.4e+38 -3.4e+38 -3.4e+38 -3.4e+38 -3.4e+38 -3.4e+38 -3.4e+38 -3.4e+38 -3.4e+38 -3.4e+38 -3.4e+38 0.370709389448166 0.46479457616806 0.570015966892242 0.669745266437531 0.674814581871033 0.756892383098602 0.776131272315979 0.819590866565704 0.855529427528381 0.872130274772644 0.893594980239868 0.908872008323669 0.900409281253815 0.941002607345581 0.896474123001099 0.0959171950817108 0.0155440550297499 0.0153521792963147 0.0178191568702459 0.0181377530097961 0.0155498422682285 0.0139877423644066 0.0133353555575013 0.0208433847874403 0.757351219654083 0.846631765365601 0.882926404476166 0.737427711486816 0.642665266990662 0.627768337726593 0.191549718379974 0.0190960858017206 0.00533924531191587
-3.4e+38 -3.4e+38 -3.4e+38 -3.4e+38 -3.4e+38 -3.4e+38 -3.4e+38 -3.4e+38 -3.4e+38 -3.4e+38 -3.4e+38 -3.4e+38 -3.4e+38 -3.4e+38 -3.4e+38 0.294650793075562 0.518334925174713 0.633250653743744 0.67741584777832 0.728661894798279 0.792758584022522 0.810956478118896 0.83825695514679 0.877040684223175 0.893120944499969 0.900718748569489 0.937062799930573 0.950059831142426 0.944895029067993 0.820976376533508 0.0719383805990219 0.0427546314895153 0.0442124754190445 0.0419128388166428 0.0532927848398685 0.0422191731631756 0.0291792675852776 0.0353363193571568 0.103362075984478 0.921166658401489 0.967754483222961 0.896948158740997 0.858060896396637 0.182217642664909 0.0506490804255009 0.0160743072628975 0.0106412684544921
-3.4e+38 -3.4e+38 -3.4e+38 -3.4e+38 -3.4e+38 -3.4e+38 -3.4e+38 -3.4e+38 -3.4e+38 -3.4e+38 -3.4e+38 -3.4e+38 -3.4e+38 -3.4e+38 -3.4e+38 0.198054745793343 0.351579666137695 0.552473247051239 0.671082437038422 0.749941229820251 0.790843844413757 0.816061079502106 0.834414303302765 0.810246765613556 0.89396071434021 0.897043824195862 0.909789979457855 0.921627461910248 0.946386814117432 0.964660048484802 0.957215487957001 0.896022856235504 0.91153621673584 0.944503366947174 0.911912560462952 0.198890641331673 0.12107902765274 0.333527684211731 0.965871393680573 0.992444455623627 0.981895267963409 0.895304322242737 0.419939339160919 0.117426536977291 0.057018306106329 0.0217444188892841 0.0156129952520132
-3.4e+38 -3.4e+38 -3.4e+38 -3.4e+38 -3.4e+38 -3.4e+38 -3.4e+38 -3.4e+38 -3.4e+38 -3.4e+38 -3.4e+38 -3.4e+38 -3.4e+38 -3.4e+38 -3.4e+38 0.279886156320572 0.325798571109772 0.536938309669495 0.614238440990448 0.699162125587463 0.800484240055084 0.799131035804749 0.834518909454346 0.86651474237442 0.828080177307129 0.853204727172852 0.909462869167328 0.918374538421631 0.931436598300934 0.930029630661011 0.958503782749176 0.965199768543243 0.920690953731537 0.952168464660645 0.969409584999084 0.992100059986115 0.973291337490082 0.942303061485291 0.958198368549347 0.896393716335297 0.626869738101959 0.237280622124672 0.065500870347023 0.0266678407788277 0.044116023927927 0.0256807189434767 0.0183741226792336
