data/climate_estimation/maxent_output/Lilium_maculatum.asc
NCOLS 129 
NROWS 154 
XLLCORNER 133.75 
YLLCORNER 32.75 
CELLSIZE 0.0833333333333333 
NODATA_value -3.4e+38 
[rows 0 to 25 of 154, columns 0 to 56 of 129]
0.000159090093803 5.03448718518484e-05 5.55987207917497e-05 5.78114450036082e-05 6.0783564549638e-05 6.30688737146556e-05 0.000236265594139695 8.27816256787628e-05 0.000109924760181457 0.00011186144547537 8.88194772414863e-05 9.47041844483465e-05 0.000122087250929326 0.000155469271703623 0.000150975145515986 0.000171119216247462 0.000181651164893992 0.000197257759282365 0.000216122236452065 0.000227931072004139 0.000284932786598802 0.000240194101934321 0.000282492226688191 0.00040580375934951 0.000411110842833295 0.000514849612955004 0.000690399261657149 0.000721453339792788 0.000732689339201897 0.000950663350522518 0.000929481873754412 0.00116239977069199 0.00122321979142725 0.0014670699601993 0.00148929236456752 0.00176935899071395 0.00216194242238998 0.00259290030226111 0.00249991752207279 0.00297906855121255 0.00354429008439183 0.00401818985119462 0.00594273023307323 0.0073457844555378 -3.4e+38 -3.4e+38 -3.4e+38 -3.4e+38 -3.4e+38 -3.4e+38 -3.4e+38 -3.4e+38 -3.4e+38 -3.4e+38 -3.4e+38 -3.4e+38 -3.4e+38
0.000166100842761807 5.51625889784191e-05 0.000214173036511056 7.39755778340623e-05 7.41675612516701e-05 7.87040771683678e-05 8.2788712461479e-05 8.76022386364639e-05 0.000110041568404995 0.000124374942970462 0.000130796441226266 0.000136056012706831 0.000149237865116447 0.000158024442498572 0.000197560380911455 0.000190584076335654 0.000233762315474451 0.000190954946447164 0.000258361193118617 0.000271298340521753 0.000296803569654003 0.000374900380847976 0.000462430325569585 0.000425943959271535 0.000522736518178135 0.000579145853407681 0.000680499651934952 0.000736818416044116 0.000758279580622911 0.000927745422814041 0.00094311434077099 0.00116708967834711 0.00127495708875358 0.00155114324297756 0.00176132202614099 0.00177770992740989 0.00221881177276373 0.00257069803774357 0.0024983671028167 0.00291835353709757 0.00399374915286899 0.00541977677494287 0.00640449719503522 -3.4e+38 -3.4e+38 -3.4e+38 -3.4e+38 -3.4e+38 -3.4e+38 -3.4e+38 -3.4e+38 -3.4e+38 -3.4e+38 -3.4e+38 -3.4e+38 -3.4e+38 -3.4e+38
0.000156465772306547 6.02790823904797e-05 7.51678016968071e-05 7.79883121140301e-05 6.81971650919877e-05 8.56553742778488e-05 0.000107456668047234 0.000115600327262655 0.000101855155662633 0.00012496740964707 0.000138884468469769 0.000153796732774936 0.000129557913169265 0.000157077694893815 0.000148491963045672 0.000199810761841945 0.000234622551943175 0.00019928315305151 0.000219752619159408 0.00028241696418263 0.000301932654110715 0.000319738406687975 0.000398737553041428 0.00049674155889079 0.000550362339708954 0.00057080842088908 0.000627046567387879 0.000780165893957019 0.000882612832356244 0.000624948879703879 0.000928635359741747 0.0013073516311124 0.00152700627222657 0.00152283324860036 0.00179677619598806 0.00196248712018132 0.00246540945954621 0.00244607217609882 0.00303032016381621 0.00399715173989534 0.00562373548746109 0.00594749208539724 -3.4e+38 -3.4e+38 -3.4e+38 -3.4e+38 -3.4e+38 -3.4e+38 -3.4e+38 -3.4e+38 -3.4e+38 -3.4e+38 -3.4e+38 -3.4e+38 -3.4e+38 -3.4e+38 -3.4e+38
6.06655812589452e-05 6.23204396106303e-05 7.62700365157798e-05 0.000283130502793938 0.000103389676951338 0.000108997759525664 9.40495883696713e-05 0.000123387071653269 0.000113864232844207 0.00011624809121713 0.000150256950291805 0.000160293086082675 0.000154251421918161 0.000115136324893683 0.0001532598544145 0.000191364117199555 0.000239249755395576 0.000260006549069658 0.000280850392300636 0.000305934227071702 0.000335579417878762 0.000409283820772544 0.000411040207836777 0.000450771593023092 0.000478528148960322 0.000583458109758794 0.000746362667996436 0.000587213726248592 0.000622225226834416 0.000982607016339898 0.00122329511214048 0.00127090886235237 0.00132688344456255 0.00184353359509259 0.00196230364963412 0.00217341328971088 0.00256866519339383 0.00240945070981979 0.00353612983599305 0.00435281498357654 -3.4e+38 -3.4e+38 -3.4e+38 -3.4e+38 -3.4e+38 -3.4e+38 -3.4e+38 -3.4e+38 -3.4e+38 -3.4e+38 -3.4e+38 -3.4e+38 -3.4e+38 -3.4e+38 -3.4e+38 -3.4e+38 -3.4e+38
6.47873894195072e-05 8.43115994939581e-05 0.000102250232885126 0.000103803642559797 0.000110372755443677 9.73912901827134e-05 0.000106363411759958 0.000113131769467145 0.000140316813485697 0.0001539454824524 0.000139234369271435 0.000145704922033474 0.000141140160849318 0.000185803204658441 0.000195452943444252 0.000200216381927021 0.00025038531748578 0.000218692235648632 0.000277453858871013 0.000303586362861097 0.000327776826452464 0.000392572517739609 0.00043177860789001 0.000543264090083539 0.000377915217541158 0.000544052512850612 0.00077506055822596 0.000834598788060248 0.00106764456722885 0.00107788329478353 0.00131727359257638 0.00162899203132838 0.00185838341712952 0.00180155877023935 0.00184310844633728 0.00216882489621639 0.0031079831533134 0.00391556462273002 -3.4e+38 -3.4e+38 -3.4e+38 -3.4e+38 -3.4e+38 -3.4e+38 -3.4e+38 -3.4e+38 -3.4e+38 -3.4e+38 -3.4e+38 -3.4e+38 -3.4e+38 -3.4e+38 -3.4e+38 -3.4e+38 -3.4e+38 -3.4e+38 -3.4e+38
8.58137573231943e-05 8.56854603625834e-05 0.00010411418043077 0.000110706110717729 0.000117053263238631 0.000110198889160529 0.0001147607981693 0.000138156712637283 0.000156182373757474 0.000131296095787548 0.00017773914441932 0.000184427277417853 0.000165678837220185 0.000188842153875157 0.000196311637409963 0.000208661702345125 0.0002195871056756 0.000245090777752921 0.000286220747511834 0.00031036144355312 0.000402099889470264 0.000416278082411736 0.000535961997229606 0.000564377929549664 0.000502038572449237 0.000623921048827469 0.000632695911917835 0.000993356690742075 0.00105024361982942 0.00139417848549783 0.0014009770238772 0.00167472544126213 0.00170284393243492 0.00163596437778324 0.00226566544733942 0.00241130217909813 0.00351831549778581 -3.4e+38 -3.4e+38 -3.4e+38 -3.4e+38 -3.4e+38 -3.4e+38 -3.4e+38 -3.4e+38 -3.4e+38 -3.4e+38 -3.4e+38 -3.4e+38 -3.4e+38 -3.4e+38 -3.4e+38 -3.4e+38 -3.4e+38 -3.4e+38 -3.4e+38 -3.4e+38
0.000107640349597204 0.000282169756246731 0.000118976749945432 0.000120825447083917 0.00013882271014154 0.000123204692499712 0.000146044127177447 0.000130036962218583 0.000159344825078733 0.000151089348946698 0.00015256050392054 0.000224754578084685 0.000226854899665341 0.000196981258341111 0.000244883325649425 0.000272421049885452 0.000272857345407829 0.000281725748209283 0.000299361592624336 0.000323122570989653 0.000279533676803112 0.000433395907748491 0.000532136356923729 0.000506340875290334 0.000736372661776841 0.000643889710772783 0.000817981024738401 0.000950673711486161 0.00111518753692508 0.00114476983435452 0.00170053413603455 0.00178941048216075 0.00183946080505848 0.0021639303304255 0.00247825868427753 0.00320105231367052 -3.4e+38 -3.4e+38 -3.4e+38 -3.4e+38 -3.4e+38 -3.4e+38 -3.4e+38 -3.4e+38 -3.4e+38 -3.4e+38 -3.4e+38 -3.4e+38 -3.4e+38 -3.4e+38 -3.4e+38 -3.4e+38 -3.4e+38 -3.4e+38 -3.4e+38 -3.4e+38 -3.4e+38
0.000291694130282849 0.000137641676701605 0.000144915073178709 0.000134940128191374 0.000136685543111525 0.000142555320053361 0.000191426661331207 0.000163378310389817 0.00016757364210207 0.000186829522135668 0.000196710156160407 0.000208507786737755 0.000211281963856891 0.000257207168033347 0.000233382466831245 0.000232615435379557 0.000246874085860327 0.000322150299325585 0.00032803340582177 0.000378471508156508 0.000424677360570058 0.000461693067336455 0.000574940000660717 0.000540883047506213 0.000640530313830823 0.000852893979754299 0.000857472536154091 0.00107094214763492 0.0011105960002169 0.00145144970156252 0.00180020451080054 0.00178811163641512 0.00231354171410203 0.0023260903544724 0.0025795737747103 -3.4e+38 -3.4e+38 -3.4e+38 -3.4e+38 -3.4e+38 -3.4e+38 -3.4e+38 -3.4e+38 -3.4e+38 -3.4e+38 -3.4e+38 -3.4e+38 -3.4e+38 -3.4e+38 -3.4e+38 -3.4e+38 -3.4e+38 -3.4e+38 -3.4e+38 -3.4e+38 -3.4e+38 -3.4e+38
0.000151575353811495 0.000136378177558072 0.000165282806847245 0.000142683566082269 0.000186447738087736 0.00015924840408843 0.000165194142027758 0.00017806859978009 0.000196610228158534 0.000197159184608608 0.00021320630912669 0.000212378668948077 0.000263200170593336 0.000251153891440481 0.00028654866036959 0.000306014437228441 0.000305572262732312 0.000263002642896026 0.000290090392809361 0.00037305144360289 0.000454717956017703 0.000488473917357624 0.000587852671742439 0.000650970672722906 0.000830385310109705 0.000818331202026457 0.000859300023876131 0.00109841569792479 0.00119309138972312 0.00163249694742262 0.00217271433211863 0.00231684534810483 0.00232555763795972 0.00247407401911914 -3.4e+38 -3.4e+38 -3.4e+38 -3.4e+38 -3.4e+38 -3.4e+38 -3.4e+38 -3.4e+38 -3.4e+38 -3.4e+38 -3.4e+38 -3.4e+38 -3.4e+38 -3.4e+38 -3.4e+38 -3.4e+38 -3.4e+38 -3.4e+38 -3.4e+38 -3.4e+38 -3.4e+38 -3.4e+38 -3.4e+38
0.000169376653502695 0.000173755310242996 0.000186838326044381 0.000193933155969717 0.000199056055862457 0.000209449222893454 0.000171096020494588 0.000230980556807481 0.00020535197108984 0.000206355340196751 0.000267972820438445 0.000272723293164745 0.000251112593105063 0.00029065742273815 0.000260587723460048 0.000308884511468932 0.000323089014273137 0.000351297319866717 0.000441415846580639 0.000466519093606621 0.000582432956434786 0.000600285304244608 0.000627758156042546 0.000786233635153621 0.0008397176861763 0.000902336614672095 0.00109803583472967 0.0010832006810233 0.00142397626768798 0.0016777056735009 0.00200423365458846 0.00203755940310657 0.00266432925127447 -3.4e+38 -3.4e+38 -3.4e+38 -3.4e+38 -3.4e+38 -3.4e+38 -3.4e+38 -3.4e+38 -3.4e+38 -3.4e+38 -3.4e+38 -3.4e+38 -3.4e+38 -3.4e+38 -3.4e+38 -3.4e+38 -3.4e+38 -3.4e+38 -3.4e+38 -3.4e+38 -3.4e+38 -3.4e+38 -3.4e+38 -3.4e+38
0.000184754055226222 0.000196463661268353 0.000233777187531814 0.000169804188772105 0.000220241679926403 0.000228089513257146 0.000238972919760272 0.000256543076829985 0.000268199044512585 0.000281993998214602 0.000277674844255671 0.0002844286209438 0.000302782602375373 0.000332519965013489 0.000336963275913149 0.000254716869676486 0.000292414741124958 0.000355335738277063 0.000300523068290204 0.00050087395356968 0.000510420126374811 0.000611528812441975 0.000673681613989174 0.000687607855070382 0.00083958450704813 0.00092456751735881 0.00113294762559235 0.00141573674045503 0.00150116381701082 0.00165310536976904 0.00168284040410072 0.00215289159677923 -3.4e+38 -3.4e+38 -3.4e+38 -3.4e+38 -3.4e+38 -3.4e+38 -3.4e+38 -3.4e+38 -3.4e+38 -3.4e+38 -3.4e+38 -3.4e+38 -3.4e+38 -3.4e+38 -3.4e+38 -3.4e+38 -3.4e+38 -3.4e+38 -3.4e+38 -3.4e+38 -3.4e+38 -3.4e+38 -3.4e+38 -3.4e+38 -3.4e+38
0.000237349668168463 0.000245818722760305 0.000259014370385557 0.000222046350245364 0.000277507118880749 0.000264260685071349 0.000278637016890571 0.000272089004283771 0.000253652862738818 0.000304304878227413 0.000310519622871652 0.000325425644405186 0.000344935746397823 0.000357646291377023 0.000364502862794325 0.000387718871934339 0.000366666266927496 0.000414869602536783 0.000570208940189332 0.000516305910423398 0.000534138875082135 0.000655553361866623 0.000786714779678732 0.000823372625745833 0.000906049855984747 0.00119107111822814 0.00142559828236699 0.0015219448832795 0.00146753911394626 0.00164230284281075 -3.4e+38 -3.4e+38 -3.4e+38 -3.4e+38 -3.4e+38 -3.4e+38 -3.4e+38 -3.4e+38 -3.4e+38 -3.4e+38 -3.4e+38 -3.4e+38 -3.4e+38 -3.4e+38 -3.4e+38 -3.4e+38 -3.4e+38 -3.4e+38 -3.4e+38 -3.4e+38 -3.4e+38 -3.4e+38 -3.4e+38 -3.4e+38 -3.4e+38 -3.4e+38 -3.4e+38
0.000278168881777674 0.000283168512396514 0.000285729009192437 0.000245971430558711 0.000320129009196535 0.000285864516627043 0.000242624111706391 0.000326655397657305 0.000321919505950063 0.000333850097376853 0.00035724975168705 0.000298533937893808 0.00029747755615972 0.000376041425624862 0.00037680275272578 0.000388686632504687 0.000501199741847813 0.000513414619490504 0.000636762531939894 0.000663319311570376 0.000509002653416246 0.000632477109320462 0.000659153971355408 0.000711770437192172 0.000881554035004228 0.00110823020804673 0.00120946147944778 0.00154516950715333 0.00190726132132113 0.00198468775488436 -3.4e+38 -3.4e+38 -3.4e+38 -3.4e+38 -3.4e+38 -3.4e+38 -3.4e+38 -3.4e+38 -3.4e+38 -3.4e+38 -3.4e+38 -3.4e+38 -3.4e+38 -3.4e+38 -3.4e+38 -3.4e+38 -3.4e+38 -3.4e+38 -3.4e+38 -3.4e+38 -3.4e+38 -3.4e+38 -3.4e+38 -3.4e+38 -3.4e+38 -3.4e+38 -3.4e+38
0.000287558388663456 0.000321695930324495 0.000310893927235156 0.000388155021937564 0.000355226104147732 0.000376179377781227 0.000328206107951701 0.000353083771187812 0.000349684560205787 0.00036462873686105 0.000395175477024168 0.000342457293299958 0.000390278466511518 0.000483837822685018 0.00042435567593202 0.00053863984066993 0.000546638562809676 0.000563539972063154 0.000554093683604151 0.000603919848799706 0.000578199455048889 0.0011856077471748 0.000699157011695206 0.00131951156072319 0.000820194196421653 0.00162686442490667 0.00199168873950839 0.00239802128635347 0.00309226918034256 -3.4e+38 -3.4e+38 -3.4e+38 -3.4e+38 -3.4e+38 -3.4e+38 -3.4e+38 -3.4e+38 -3.4e+38 -3.4e+38 -3.4e+38 -3.4e+38 -3.4e+38 -3.4e+38 -3.4e+38 -3.4e+38 -3.4e+38 -3.4e+38 -3.4e+38 -3.4e+38 -3.4e+38 -3.4e+38 -3.4e+38 -3.4e+38 -3.4e+38 -3.4e+38 -3.4e+38 -3.4e+38
0.000336166733177379 0.000355212192516774 0.000344186933944002 0.000382611382519826 0.000401511992095038 0.000463991396827623 0.000404502352466807 0.000436803908087313 0.000391443900298327 0.000474988453788683 0.000507816614117473 0.000449404178652912 0.000443169934442267 0.000541213375981897 0.000546357245184481 0.000558464031200856 0.000578462204430252 0.000553427671547979 0.000590182084124535 0.000701647193636745 0.000754219829104841 0.000920941878575832 0.000857596460264176 0.00127228791825473 0.00175352871883661 0.00151073362212628 0.00143980525899678 -3.4e+38 -3.4e+38 -3.4e+38 -3.4e+38 -3.4e+38 -3.4e+38 -3.4e+38 -3.4e+38 -3.4e+38 -3.4e+38 -3.4e+38 -3.4e+38 -3.4e+38 -3.4e+38 -3.4e+38 -3.4e+38 -3.4e+38 -3.4e+38 -3.4e+38 -3.4e+38 -3.4e+38 -3.4e+38 -3.4e+38 -3.4e+38 -3.4e+38 -3.4e+38 -3.4e+38 -3.4e+38 -3.4e+38 -3.4e+38
0.000424942380050197 0.000430746586062014 0.000397233030525967 0.000442541029769927 0.000434532819781452 0.000450481427833438 0.000564156507607549 0.000507205841131508 0.000503938412293792 0.000531303114257753 0.00052040017908439 0.000574568111915141 0.000572055403608829 0.000579689862206578 0.000594351324252784 0.000585026864428073 0.00101952266413718 0.00122488499619067 0.00100466352887452 0.000850893266033381 0.00104937655851245 0.00122741656377912 0.00147191621363163 0.00154466275125742 0.00165973464027047 0.00163109670393169 -3.4e+38 -3.4e+38 -3.4e+38 -3.4e+38 -3.4e+38 -3.4e+38 -3.4e+38 -3.4e+38 -3.4e+38 -3.4e+38 -3.4e+38 -3.4e+38 -3.4e+38 -3.4e+38 -3.4e+38 -3.4e+38 -3.4e+38 -3.4e+38 -3.4e+38 -3.4e+38 -3.4e+38 -3.4e+38 -3.4e+38 -3.4e+38 -3.4e+38 -3.4e+38 -3.4e+38 -3.4e+38 -3.4e+38 -3.4e+38 -3.4e+38
0.000494196428917348 0.000488859717734158 0.000542628753464669 0.000467990699689835 0.000399060023482889 0.000489529629703611 0.000555584672838449 0.000667870452161878 0.000566111179068685 0.000605690409429371 0.000634206691756845 0.000636287324596196 0.000756158609874547 0.000669697881676257 0.00159353436902165 0.000684394908603281 0.00109270960092545 0.00104099547024816 0.000991605105809867 0.00114440836478025 0.000791167665738612 0.00106563209556043 0.00117268739268184 0.00122282363008708 -3.4e+38 -3.4e+38 -3.4e+38 -3.4e+38 -3.4e+38 -3.4e+38 -3.4e+38 -3.4e+38 -3.4e+38 -3.4e+38 -3.4e+38 -3.4e+38 -3.4e+38 -3.4e+38 -3.4e+38 -3.4e+38 -3.4e+38 -3.4e+38 -3.4e+38 -3.4e+38 -3.4e+38 -3.4e+38 -3.4e+38 -3.4e+38 -3.4e+38 -3.4e+38 -3.4e+38 -3.4e+38 -3.4e+38 -3.4e+38 -3.4e+38 -3.4e+38 -3.4e+38
0.000654578616376966 0.000538216030690819 0.000613468524534255 0.000649823748972267 0.000544404610991478 0.000709500862285495 0.000729782448615879 0.000722770171705633 0.000755683635361493 0.000801622285507619 0.000827541283797473 0.000853738572914153 0.000865903683006763 0.00104637700133026 0.000929549860302359 0.00146698672324419 0.00162425241433084 0.00111690990161151 0.00156755675561726 0.00154647347517312 0.00149146083276719 0.00141748390160501 0.00157362932804972 -3.4e+38 -3.4e+38 -3.4e+38 -3.4e+38 -3.4e+38 -3.4e+38 -3.4e+38 -3.4e+38 -3.4e+38 -3.4e+38 -3.4e+38 -3.4e+38 -3.4e+38 -3.4e+38 -3.4e+38 -3.4e+38 -3.4e+38 -3.4e+38 -3.4e+38 -3.4e+38 -3.4e+38 -3.4e+38 -3.4e+38 -3.4e+38 -3.4e+38 -3.4e+38 -3.4e+38 -3.4e+38 -3.4e+38 -3.4e+38 -3.4e+38 -3.4e+38 -3.4e+38 -3.4e+38
0.000641724676825106 0.000700994743965566 0.000822383270133287 0.000696372415404767 0.00070963182952255 0.000789403507951647 0.000694397313054651 0.000867117953021079 0.000847761752083898 0.000916474324185401 0.000936392811127007 0.000967298343311995 0.00103891210164875 0.00120488868560642 0.00124762044288218 0.0010281550930813 0.00197902298532426 0.00179767957888544 0.00202326476573944 0.00141148641705513 0.00146099668927491 0.00172201229725033 0.00168745359405875 -3.4e+38 -3.4e+38 -3.4e+38 -3.4e+38 -3.4e+38 -3.4e+38 -3.4e+38 -3.4e+38 -3.4e+38 -3.4e+38 -3.4e+38 -3.4e+38 -3.4e+38 -3.4e+38 -3.4e+38 -3.4e+38 -3.4e+38 -3.4e+38 -3.4e+38 -3.4e+38 -3.4e+38 -3.4e+38 -3.4e+38 -3.4e+38 -3.4e+38 -3.4e+38 -3.4e+38 -3.4e+38 -3.4e+38 -3.4e+38 -3.4e+38 -3.4e+38 -3.4e+38 -3.4e+38
0.000737170630600303 0.000844565278384835 0.000776502303779125 0.000966012943536043 0.000836389313917607 0.000867045659106225 0.00104149978142232 0.000697312352713197 0.00107507035136223 0.00119141570758075 0.00222307606600225 0.00219789310358465 0.0018080793088302 0.00227756868116558 0.00287643587216735 0.00241097388789058 0.00198488426394761 0.0021009782794863 0.00218629860319197 0.00182055891491473 0.00199674745090306 0.00192098517436534 -3.4e+38 -3.4e+38 -3.4e+38 -3.4e+38 -3.4e+38 -3.4e+38 -3.4e+38 -3.4e+38 -3.4e+38 -3.4e+38 -3.4e+38 -3.4e+38 -3.4e+38 -3.4e+38 -3.4e+38 -3.4e+38 -3.4e+38 -3.4e+38 -3.4e+38 -3.4e+38 -3.4e+38 -3.4e+38 -3.4e+38 -3.4e+38 -3.4e+38 -3.4e+38 -3.4e+38 -3.4e+38 -3.4e+38 -3.4e+38 -3.4e+38 -3.4e+38 -3.4e+38 -3.4e+38 -3.4e+38
0.000836157123558223 0.00100072869099677 0.00101419095881283 0.0010409546084702 0.00113836931996047 0.00113378802780062 0.000767886638641357 0.000806631578598171 0.00115024473052472 0.00137409276794642 0.00165139092132449 0.00144952279515564 0.00258682412095368 0.00241276412270963 0.00288947252556682 0.00248017907142639 0.00330680259503424 0.00292078498750925 0.00271551217883825 0.00281048682518303 0.00254509644582868 0.00269269733689725 -3.4e+38 -3.4e+38 -3.4e+38 -3.4e+38 -3.4e+38 -3.4e+38 -3.4e+38 -3.4e+38 -3.4e+38 -3.4e+38 -3.4e+38 -3.4e+38 -3.4e+38 -3.4e+38 -3.4e+38 -3.4e+38 -3.4e+38 -3.4e+38 -3.4e+38 -3.4e+38 -3.4e+38 -3.4e+38 -3.4e+38 -3.4e+38 -3.4e+38 -3.4e+38 -3.4e+38 -3.4e+38 -3.4e+38 -3.4e+38 -3.4e+38 -3.4e+38 -3.4e+38 -3.4e+38 -3.4e+38
0.00106863607652485 0.0013457469176501 0.00113097717985511 0.00117478601168841 0.00106963608413935 0.00129358284175396 0.00109109922777861 0.000968332111369818 0.000617131066974252 0.00103554234374315 0.00188764929771423 0.00338695291429758 0.0029211041983217 0.00283180130645633 0.00311074429191649 0.00311973062343895 0.00305361952632666 0.00317291426472366 0.00313932704739273 0.00384668307378888 0.00343421567231417 -3.4e+38 -3.4e+38 -3.4e+38 -3.4e+38 -3.4e+38 -3.4e+38 -3.4e+38 -3.4e+38 -3.4e+38 -3.4e+38 -3.4e+38 -3.4e+38 -3.4e+38 -3.4e+38 -3.4e+38 -3.4e+38 -3.4e+38 -3.4e+38 -3.4e+38 -3.4e+38 -3.4e+38 -3.4e+38 -3.4e+38 -3.4e+38 -3.4e+38 -3.4e+38 -3.4e+38 -3.4e+38 -3.4e+38 -3.4e+38 -3.4e+38 -3.4e+38 -3.4e+38 -3.4e+38 -3.4e+38 -3.4e+38
0.00119252770673484 0.00148545240517706 0.00154781807214022 0.00151946349069476 0.00111769046634436 0.000564451678656042 0.00106690067332238 0.00101344427093863 0.00134650804102421 0.00243473239243031 0.00356100802309811 0.00432455539703369 0.00450608879327774 0.00476769870147109 0.00414338847622275 0.00405917130410671 0.00342414760962129 0.00407450180500746 0.00350761227309704 0.00400047330185771 -3.4e+38 -3.4e+38 -3.4e+38 -3.4e+38 -3.4e+38 -3.4e+38 -3.4e+38 -3.4e+38 -3.4e+38 -3.4e+38 -3.4e+38 -3.4e+38 -3.4e+38 -3.4e+38 -3.4e+38 -3.4e+38 -3.4e+38 -3.4e+38 -3.4e+38 -3.4e+38 -3.4e+38 -3.4e+38 -3.4e+38 -3.4e+38 -3.4e+38 -3.4e+38 -3.4e+38 -3.4e+38 -3.4e+38 -3.4e+38 -3.4e+38 -3.4e+38 -3.4e+38 -3.4e+38 -3.4e+38 -3.4e+38 -3.4e+38
0.00125704263336957 0.00167708878871053 0.00171629618853331 0.00177028344478458 0.00191478757187724 0.00181735935620964 0.00222729961387813 0.00167922652326524 0.00256581348367035 0.00389083102345467 0.00427631149068475 0.00490632513538003 0.00545883271843195 0.00517870951443911 0.00570034328848124 0.0054472885094583 0.00532922660931945 0.00434840470552444 -3.4e+38 -3.4e+38 -3.4e+38 -3.4e+38 -3.4e+38 -3.4e+38 -3.4e+38 -3.4e+38 -3.4e+38 -3.4e+38 -3.4e+38 -3.4e+38 -3.4e+38 -3.4e+38 -3.4e+38 -3.4e+38 -3.4e+38 -3.4e+38 -3.4e+38 -3.4e+38 -3.4e+38 -3.4e+38 -3.4e+38 -3.4e+38 -3.4e+38 -3.4e+38 -3.4e+38 -3.4e+38 -3.4e+38 -3.4e+38 -3.4e+38 -3.4e+38 -3.4e+38 -3.4e+38 -3.4e+38 -3.4e+38 -3.4e+38 -3.4e+38 -3.4e+38
0.00145664252340794 0.00175574619788677 0.00193153030704707 0.00111572432797402 0.00163184979464859 0.00248340493999422 0.00267575145699084 0.00248254556208849 0.00507037993520498 0.00606940779834986 0.00589154334738851 0.006323566660285 0.00653480924665928 0.00639630341902375 0.00623746123164892 0.00611678743734956 0.00572398258373141 0.00560566829517484 -3.4e+38 -3.4e+38 -3.4e+38 -3.4e+38 -3.4e+38 -3.4e+38 -3.4e+38 -3.4e+38 -3.4e+38 -3.4e+38 -3.4e+38 -3.4e+38 -3.4e+38 -3.4e+38 -3.4e+38 -3.4e+38 -3.4e+38 -3.4e+38 -3.4e+38 -3.4e+38 -3.4e+38 -3.4e+38 -3.4e+38 -3.4e+38 -3.4e+38 -3.4e+38 -3.4e+38 -3.4e+38 -3.4e+38 -3.4e+38 -3.4e+38 -3.4e+38 -3.4e+38 -3.4e+38 -3.4e+38 -3.4e+38 -3.4e+38 -3.4e+38 -3.4e+38
0.00235248170793056 0.00283284159377217 0.00314989779144526 0.00261655542999506 0.00277941953390837 0.00264251418411732 0.00607521319761872 0.00619942788034678 0.00677261082455516 0.00628843437880278 0.00611341092735529 0.00690484698861837 0.0068643307313323 0.00663432804867625 0.00722101051360369 0.00703241676092148 0.00569675117731094 -3.4e+38 -3.4e+38 -3.4e+38 -3.4e+38 -3.4e+38 -3.4e+38 -3.4e+38 -3.4e+38 -3.4e+38 -3.4e+38 -3.4e+38 -3.4e+38 -3.4e+38 -3.4e+38 -3.4e+38 -3.4e+38 -3.4e+38 -3.4e+38 -3.4e+38 -3.4e+38 -3.4e+38 -3.4e+38 -3.4e+38 -3.4e+38 -3.4e+38 -3.4e+38 -3.4e+38 -3.4e+38 -3.4e+38 -3.4e+38 -3.4e+38 -3.4e+38 -3.4e+38 -3.4e+38 -3.4e+38 -3.4e+38 -3.4e+38 -3.4e+38 -3.4e+38 -3.4e+38
