data/climate_estimation/maxent_output/Lilium_carniolicum.asc
NCOLS 156 
NROWS 63 
XLLCORNER 11.8333333333333 
YLLCORNER 41.4166666666667 
CELLSIZE 0.0833333333333333 
NODATA_value -3.4e+38 
[rows 0 to 19 of 63, columns 0 to 44 of 156]
0.069325298070908 0.123533554375172 0.118969403207302 0.12745176255703 0.14265775680542 0.168646067380905 0.184107139706612 0.213323339819908 0.261291682720184 0.325399547815323 0.314354002475739 0.438077956438065 0.484502196311951 0.67455667257309 0.732835233211517 0.821882605552673 0.888296961784363 0.907033443450928 0.943180859088898 0.976661145687103 0.969107210636139 0.974369525909424 0.974907755851746 0.921114683151245 0.765547394752502 0.654569327831268 0.56229156255722 0.346228629350662 0.187452539801598 0.0989713370800018 0.105329386889935 0.121251106262207 0.12681046128273 0.138146266341209 0.154949530959129 0.209919914603233 0.350487500429153 0.263258934020996 0.612237334251404 0.308862507343292 0.218289390206337 0.240870162844658 0.28018918633461 0.258696436882019 0.186253145337105
0.093687117099762 0.0903028249740601 0.134848818182945 0.0694431737065315 0.155523270368576 0.13792721927166 0.184894368052483 0.166166692972183 0.252389490604401 0.312313854694366 0.365554481744766 0.443364590406418 0.595540165901184 0.693922340869904 0.795609891414642 0.802380740642548 0.82612556219101 0.939390182495117 0.933528423309326 0.962263762950897 0.984283745288849 0.975869417190552 0.972878217697144 0.956052541732788 0.962872564792633 0.914199650287628 0.627292573451996 0.508519053459167 0.433444172143936 0.235589846968651 0.496282905340195 0.519872963428497 0.370855093002319 0.40423709154129 0.611289799213409 0.570605158805847 0.386478275060654 0.357148826122284 0.265756785869598 0.430819302797318 0.559256553649902 0.52535080909729 0.38878932595253 0.333841472864151 0.316909104585648
0.115107171237469 0.0674284473061562 0.0966418161988258 0.106480963528156 0.0882896333932877 0.169903442263603 0.131609320640564 0.203207075595856 0.243431940674782 0.278224349021912 0.3939408659935 0.51732861995697 0.696710228919983 0.676844418048859 0.854510903358459 0.857526361942291 0.919324398040771 0.962966561317444 0.967975199222565 0.930908858776093 0.980623364448547 0.991886854171753 0.988865196704865 0.987870812416077 0.988686263561249 0.985355496406555 0.970203459262848 0.966378629207611 0.957974910736084 0.957725822925568 0.953625977039337 0.951422095298767 0.898732542991638 0.891701996326447 0.939204454421997 0.907124042510986 0.815236806869507 0.834528863430023 0.463891506195068 0.437865674495697 0.745837569236755 0.883185565471649 0.840215861797333 0.804050147533417 0.572533369064331
0.0752696543931961 0.08096744120121 0.103242114186287 0.0848200097680092 0.0960491374135017 0.152330607175827 0.206960678100586 0.180957734584808 0.254967838525772 0.318179309368134 0.452919125556946 0.602008104324341 0.805790901184082 0.870473802089691 0.895490407943726 0.945378005504608 0.955648005008698 0.96239560842514 0.983317196369171 0.794959247112274 0.995529592037201 0.993018507957458 0.994523882865906 0.898119747638702 0.927298724651337 0.987932205200195 0.94844788312912 0.673543512821198 0.810640215873718 0.851843416690826 0.979691565036774 0.979986786842346 0.969281554222107 0.968531370162964 0.953159093856812 0.841900706291199 0.930593073368073 0.659507036209106 0.441638678312302 0.511622786521912 0.652716636657715 0.590017437934875 0.505164742469788 0.378219693899155 0.27157336473465
0.0884857326745987 0.0905705094337463 0.0890147536993027 0.096218965947628 0.144414961338043 0.181553304195404 0.233319744467735 0.280807882547379 0.296170055866241 0.380893021821976 0.636175096035004 0.833721458911896 0.756120502948761 0.873408496379852 0.92604798078537 0.938219904899597 0.971417129039764 0.989311456680298 0.989638566970825 0.99208664894104 0.980747520923615 0.996726930141449 0.955349326133728 0.959627628326416 0.985613286495209 0.972199499607086 0.982838213443756 0.987749695777893 0.861405849456787 0.668528258800507 0.674175977706909 0.807977735996246 0.983374714851379 0.951549768447876 0.954696714878082 0.907350063323975 0.686232924461365 0.680356085300446 0.51894873380661 0.434338539838791 0.430285751819611 0.413260251283646 0.499896705150604 0.378569483757019 0.345705658197403
0.0786225870251656 0.0924321860074997 0.105261199176311 0.115107782185078 0.1788080483675 0.3312828540802 0.226453617215157 0.309594571590424 0.505458056926727 0.61813896894455 0.883194267749786 0.90897411108017 0.94887775182724 0.934281349182129 0.912566661834717 0.902349412441254 0.924095332622528 0.951025545597076 0.983865916728973 0.971232235431671 0.984041929244995 0.968530595302582 0.95887303352356 0.981910467147827 0.98489910364151 0.981578528881073 0.975376904010773 0.94538688659668 0.822134077548981 0.730585157871246 0.669302403926849 0.655728042125702 0.63483852148056 0.658919095993042 0.768471419811249 0.896472573280334 0.868692874908447 0.770298004150391 0.741007208824158 0.690033495426178 0.591208457946777 0.54084700345993 0.486423075199127 0.404616564512253 0.347389429807663
0.0747201293706894 0.110944740474224 0.263285398483276 0.444970309734344 0.475731045007706 0.438560128211975 0.492222368717194 0.261268258094788 0.373469740152359 0.930224001407623 0.892502665519714 0.878773152828217 0.899080455303192 0.900749921798706 0.905170977115631 0.911137938499451 0.895131289958954 0.862138748168945 0.903383731842041 0.899110317230225 0.922760844230652 0.936819970607758 0.922867834568024 0.92425799369812 0.928961455821991 0.912696003913879 0.935956478118896 0.881934702396393 0.832722306251526 0.797835528850555 0.72072970867157 0.716617822647095 0.697220623493195 0.667678713798523 0.676005184650421 0.712663531303406 0.701326549053192 0.701342642307281 0.714683890342712 0.745403468608856 0.623534262180328 0.665481686592102 0.696927666664124 0.626965641975403 0.515659630298615
0.221131086349487 0.417675524950027 0.32944655418396 0.351895749568939 0.258517771959305 0.467093080282211 0.364478677511215 0.631544768810272 0.852677822113037 0.84178638458252 0.867708742618561 0.876987338066101 0.892153322696686 0.876884758472443 0.881255149841309 0.872831046581268 0.860348284244537 0.857203364372253 0.841054379940033 0.771411776542664 0.89218544960022 0.881556391716003 0.961208343505859 0.980891227722168 0.970729768276215 0.944352567195892 0.923445224761963 0.893705189228058 0.891589343547821 0.791937291622162 0.795985877513885 0.787327587604523 0.783174633979797 0.785275518894196 0.79837566614151 0.741625010967255 0.727779030799866 0.756393313407898 0.780170142650604 0.697765350341797 0.57648229598999 0.558217704296112 0.590814113616943 0.634398400783539 0.541752874851227
0.169608697295189 0.281290292739868 0.193646222352982 0.482602685689926 0.556986629962921 0.558326900005341 0.680039644241333 0.78793728351593 0.807709217071533 0.829196810722351 0.81181389093399 0.83928906917572 0.856265544891357 0.877022564411163 0.860623061656952 0.874947547912598 0.866985976696014 0.819443106651306 0.690797328948975 0.62730073928833 0.629494190216064 0.675525426864624 0.838748216629028 0.982255518436432 0.985005438327789 0.971410512924194 0.930033504962921 0.924840867519379 0.889851331710815 0.830135107040405 0.826903998851776 0.861185669898987 0.808670461177826 0.823619723320007 0.857261002063751 0.857932865619659 0.799377501010895 0.760025382041931 0.728598594665527 0.650666356086731 0.588263034820557 0.53303736448288 0.407712042331696 0.381102472543716 0.350379645824432
0.288107097148895 0.318437099456787 0.357253134250641 0.401258856058121 0.375967025756836 0.404703974723816 0.492606401443481 0.612387835979462 0.730241358280182 0.793377697467804 0.811643719673157 0.800687849521637 0.820010125637054 0.834697008132935 0.833131432533264 0.822771668434143 0.724113166332245 0.622969925403595 0.559682905673981 0.521887421607971 0.575225710868835 0.62961357831955 0.67436146736145 0.624130964279175 0.640846371650696 0.887445330619812 0.972131729125977 0.960053145885468 0.937411963939667 0.923093378543854 0.92962521314621 0.94044554233551 0.923903346061707 0.873415768146515 0.864882290363312 0.874537408351898 0.852913081645966 0.818297028541565 0.772558867931366 0.728470742702484 0.635633230209351 0.508167266845703 0.406724631786346 0.355465590953827 0.313619047403336
0.198728993535042 0.248234301805496 0.284480601549149 0.330559968948364 0.322303980588913 0.27878201007843 0.35221940279007 0.451652586460114 0.575170576572418 0.679761052131653 0.71343719959259 0.713925898075104 0.685528993606567 0.651302218437195 0.639567792415619 0.633561491966248 0.582310140132904 0.507895767688751 0.489892482757568 0.437180429697037 0.437842488288879 0.546623945236206 0.648581683635712 0.706654667854309 0.76960277557373 0.866557836532593 0.975420892238617 0.927267491817474 0.941998183727264 0.936385035514832 0.937796056270599 0.92317146062851 0.94428288936615 0.915598094463348 0.905826568603516 0.886274755001068 0.848509609699249 0.884853601455688 0.848485827445984 0.763812363147736 0.651425838470459 0.700994789600372 0.646408081054688 0.588173031806946 0.567844331264496
0.138390749692917 0.158565059304237 0.188031539320946 0.220773369073868 0.216122210025787 0.231330737471581 0.234817504882812 0.30703142285347 0.409448087215424 0.49270287156105 0.543971180915833 0.563847303390503 0.57978892326355 0.541052997112274 0.530039608478546 0.507662653923035 0.487276524305344 0.462245136499405 0.429482996463776 0.411378532648087 0.38435110449791 -3.4e+38 0.597903788089752 0.738811612129211 0.822049081325531 0.912354052066803 0.944728970527649 0.95267242193222 0.944114625453949 0.958625555038452 0.959479212760925 0.94946277141571 0.950645387172699 0.950730860233307 0.925327301025391 0.907093703746796 0.909315168857574 0.915408551692963 0.887103676795959 0.868125855922699 0.820311427116394 0.780553579330444 0.665786325931549 0.522660315036774 0.442879468202591
0.0991982072591782 0.108584724366665 0.130001962184906 0.138407796621323 0.133563324809074 0.155145198106766 0.148419812321663 0.219929933547974 0.27600023150444 0.346189975738525 0.384222507476807 0.412018209695816 0.447888195514679 0.474054723978043 0.485186815261841 0.485565394163132 -3.4e+38 -3.4e+38 -3.4e+38 -3.4e+38 -3.4e+38 -3.4e+38 0.373537242412567 0.414363533258438 0.79813814163208 0.906290650367737 0.919495463371277 0.93482893705368 0.943048477172852 0.95438951253891 0.976123511791229 0.974175155162811 0.960581004619598 0.953213214874268 0.950993001461029 0.936753749847412 0.938227236270905 0.916547536849976 0.91960483789444 0.897273480892181 0.809468626976013 0.661550462245941 0.61115574836731 0.492961466312408 0.369623422622681
0.0802630633115768 0.0777618810534477 0.0874502435326576 0.0919385328888893 0.0995379462838173 0.127441957592964 0.134435728192329 0.149942710995674 0.193633869290352 0.2326720058918 0.307706385850906 0.347761660814285 0.389426171779633 -3.4e+38 -3.4e+38 -3.4e+38 -3.4e+38 -3.4e+38 -3.4e+38 -3.4e+38 0.305272459983826 0.346717149019241 0.417866080999374 0.429620206356049 0.698904693126678 0.921700656414032 0.941140472888947 0.937463641166687 0.926253795623779 0.954579412937164 0.971772074699402 0.961287200450897 0.976539731025696 0.965845584869385 0.956905126571655 0.95811927318573 0.954127371311188 0.929990470409393 0.929495751857758 0.899326145648956 0.599319159984589 0.540697336196899 0.715890645980835 0.557507038116455 0.426676839590073
0.0500300452113152 0.050128348171711 0.0505595691502094 0.0602153949439526 0.0653984993696213 0.0781263932585716 0.0978576689958572 0.116628609597683 0.157005459070206 0.19116336107254 -3.4e+38 -3.4e+38 -3.4e+38 -3.4e+38 -3.4e+38 -3.4e+38 -3.4e+38 -3.4e+38 -3.4e+38 0.281803220510483 0.305166065692902 0.34895259141922 0.514124035835266 0.693106055259705 0.758369147777557 0.875335812568665 0.949933886528015 0.957894265651703 0.949948847293854 0.953965604305267 0.967598915100098 0.979295074939728 0.973157048225403 0.976103961467743 0.972583591938019 0.973946273326874 0.844553232192993 0.85649162530899 0.844735264778137 0.785464942455292 0.703436374664307 0.633077204227448 0.500077784061432 0.378724008798599 0.521037936210632
0.0410616435110569 0.0441816411912441 0.0472249276936054 0.047730028629303 0.0577413998544216 0.0696087852120399 0.0743463411927223 -3.4e+38 -3.4e+38 -3.4e+38 -3.4e+38 -3.4e+38 -3.4e+38 -3.4e+38 -3.4e+38 -3.4e+38 -3.4e+38 -3.4e+38 -3.4e+38 -3.4e+38 0.283117830753326 0.364705085754395 0.474924087524414 0.568791568279266 0.616231024265289 0.67398875951767 0.86179792881012 0.939440488815308 0.962286174297333 0.00225297291763127 0.00125781842507422 0.00136600586120039 0.897930562496185 0.97900116443634 0.98055374622345 0.977281451225281 0.977244317531586 0.962181985378265 0.96537584066391 0.842022836208344 0.78851979970932 0.690323054790497 0.613274872303009 0.500077784061432 0.384759366512299
0.033278029412031 0.0351998992264271 0.0401606298983097 0.0431554690003395 0.0434415750205517 0.0582596398890018 -3.4e+38 -3.4e+38 -3.4e+38 -3.4e+38 -3.4e+38 -3.4e+38 -3.4e+38 -3.4e+38 -3.4e+38 -3.4e+38 -3.4e+38 -3.4e+38 -3.4e+38 -3.4e+38 0.284127593040466 0.328179836273193 0.508873343467712 0.624366343021393 0.746890127658844 0.00250936951488256 0.00425462005659938 0.00335156638175249 0.956563174724579 0.000762004987336695 -3.4e+38 0.000242906040512025 0.0004285485483706 0.00582458777353168 0.980662047863007 0.982205510139465 0.978085041046143 0.96759557723999 0.967784643173218 0.874132573604584 0.810151755809784 0.768299579620361 0.730848014354706 0.663973867893219 0.548107028007507
0.0277528204023838 0.0292609892785549 0.0346676632761955 0.0374081917107105 0.0405745729804039 0.0485018640756607 -3.4e+38 -3.4e+38 -3.4e+38 -3.4e+38 -3.4e+38 -3.4e+38 -3.4e+38 -3.4e+38 -3.4e+38 -3.4e+38 -3.4e+38 -3.4e+38 -3.4e+38 -3.4e+38 -3.4e+38 0.000411500514019281 0.000849952688440681 0.639486908912659 0.74988204240799 0.00514274230226874 0.00277141085825861 0.00169201206881553 0.00155453127808869 0.000202027105842717 0.000144374702358618 -3.4e+38 0.000141871554660611 0.000260720204096287 0.00260786153376102 0.988366723060608 0.978627026081085 0.981082558631897 0.933454692363739 0.918422043323517 0.873715460300446 0.823240280151367 0.794016659259796 0.724053919315338 0.648042857646942
0.0256353784352541 0.0246953014284372 0.0306743253022432 0.03310252353549 0.0358076952397823 0.0398420318961143 0.0427513234317303 -3.4e+38 -3.4e+38 -3.4e+38 -3.4e+38 -3.4e+38 -3.4e+38 -3.4e+38 -3.4e+38 -3.4e+38 -3.4e+38 -3.4e+38 -3.4e+38 -3.4e+38 -3.4e+38 0.000401169410906732 0.000626306922640651 0.00123520696070045 0.00284045306034386 0.00426027039065957 0.00283825094811618 0.00326760043390095 0.000943588034715503 0.000619710714090616 0.000488075136672705 0.000140563599416055 0.000195441447431222 0.000233406666666269 0.000220284258830361 0.000761440547648817 0.0076577989384532 0.988161325454712 0.0118271065875888 0.0101944515481591 0.0122872004285455 0.00566428806632757 0.00445671379566193 0.810015618801117 0.751528918743134
0.0251187868416309 0.0241205170750618 0.0272189732640982 0.0297807119786739 0.0333301089704037 0.0359219126403332 0.0413152873516083 0.0484421625733376 -3.4e+38 -3.4e+38 -3.4e+38 -3.4e+38 -3.4e+38 -3.4e+38 -3.4e+38 -3.4e+38 -3.4e+38 -3.4e+38 -3.4e+38 -3.4e+38 -3.4e+38 0.000334209151333198 0.000497229164466262 0.000822077272459865 0.00161699298769236 0.00252814870327711 0.00182400364428759 0.0037537612952292 -3.4e+38 0.00107991998083889 0.000783065857831389 0.000193554631550796 0.000210886195418425 0.000233708778978325 0.00062113197054714 0.000581774511374533 0.00176658493001014 0.0184533130377531 0.0135556310415268 0.0084357475861907 0.00903812050819397 0.0222155228257179 0.00997252762317657 0.0074061555787921 0.00514568062499166
