data/climate_estimation/maxent_output/Lilium_carniolicum.asc
NCOLS 156 
NROWS 63 
XLLCORNER 11.8333333333333 
YLLCORNER 41.4166666666667 
CELLSIZE 0.0833333333333333 
NODATA_value -3.4e+38 
[rows 40 to 59 of 63, columns 0 to 44 of 156]
6.73707982059568e-05 0.000149506246089004 0.000369749817764387 0.000276863487670198 0.000200000693439506 0.0002093718649121 0.00018907620687969 0.000386966421501711 0.000403595622628927 0.00024993225815706 0.000232559294090606 0.000476623681606725 0.00030056995456107 8.25070674181916e-05 0.304407626390457 0.258029043674469 0.125149682164192 0.0750057026743889 0.0598806329071522 4.89110461785458e-05 4.75484957860317e-05 5.4828360589454e-05 5.48990501556545e-05 5.53094650967978e-05 -3.4e+38 -3.4e+38 -3.4e+38 -3.4e+38 -3.4e+38 -3.4e+38 -3.4e+38 -3.4e+38 -3.4e+38 -3.4e+38 -3.4e+38 -3.4e+38 -3.4e+38 -3.4e+38 -3.4e+38 -3.4e+38 -3.4e+38 -3.4e+38 -3.4e+38 -3.4e+38 -3.4e+38
6.71177331241779e-05 7.22130935173482e-05 0.000105871302366722 0.000168983999174088 0.000216182801523246 0.00022202824766282 0.000233673403272405 0.000182917137863114 0.000303801585687324 0.000243710121139884 0.000295600184472278 0.000544794835150242 0.462760388851166 0.000281789631117135 5.72572171222419e-05 0.229323387145996 0.114748664200306 0.0818077102303505 0.0656751617789268 5.21325819136109e-05 5.63513640372548e-05 5.53670506633352e-05 5.45474431419279e-05 6.39990394120105e-05 -3.4e+38 -3.4e+38 -3.4e+38 -3.4e+38 -3.4e+38 -3.4e+38 -3.4e+38 -3.4e+38 -3.4e+38 -3.4e+38 -3.4e+38 -3.4e+38 -3.4e+38 -3.4e+38 -3.4e+38 -3.4e+38 -3.4e+38 -3.4e+38 -3.4e+38 -3.4e+38 -3.4e+38
4.89211597596295e-05 6.79776057950221e-05 6.64322506054305e-05 6.98120929882862e-05 0.000102286547189578 0.000138741932460107 0.000194613501662388 0.000138870280352421 0.000169535371242091 0.000270528078544885 0.000386839499697089 0.000292278215056285 0.508192956447601 0.492867082357407 0.26504248380661 0.229327514767647 0.204422369599342 0.118536114692688 0.0954849943518639 0.0787315666675568 7.04110498190857e-05 6.99546217219904e-05 7.44142089388333e-05 7.90072153904475e-05 7.38515300326981e-05 -3.4e+38 -3.4e+38 -3.4e+38 -3.4e+38 -3.4e+38 -3.4e+38 -3.4e+38 -3.4e+38 -3.4e+38 -3.4e+38 -3.4e+38 -3.4e+38 -3.4e+38 -3.4e+38 -3.4e+38 -3.4e+38 -3.4e+38 -3.4e+38 -3.4e+38 -3.4e+38
4.17625451518688e-05 4.84997508465312e-05 6.71503075864166e-05 7.68809113651514e-05 7.42762713343836e-05 7.52758205635473e-05 8.85822810232639e-05 0.000100104203738738 9.83848949545063e-05 0.00019547448027879 0.0004402561171446 0.000351937342202291 0.466798216104507 0.515497863292694 0.30822366476059 0.373600542545319 0.458025634288788 0.167666301131248 0.122173920273781 0.105473652482033 0.0893794819712639 9.9703720479738e-05 8.54961981531233e-05 9.28787776501849e-05 8.03289949544705e-05 -3.4e+38 -3.4e+38 -3.4e+38 -3.4e+38 -3.4e+38 -3.4e+38 -3.4e+38 -3.4e+38 -3.4e+38 -3.4e+38 -3.4e+38 -3.4e+38 -3.4e+38 -3.4e+38 -3.4e+38 -3.4e+38 -3.4e+38 -3.4e+38 -3.4e+38 -3.4e+38
9.18334844755009e-05 3.37484780175146e-05 7.6808370067738e-05 0.000120800657896325 8.8898501417134e-05 5.47156741959043e-05 6.36634431430139e-05 0.000128657833556645 0.000166134428582154 8.65837937453762e-05 0.000111668057797942 0.482917726039886 0.489999681711197 0.54396516084671 0.486795723438263 0.484504669904709 0.444868236780167 0.420578241348267 0.153285548090935 0.171679824590683 0.148683980107307 0.000151379048475064 0.000116097144200467 0.000113749083539005 9.08161819097586e-05 -3.4e+38 -3.4e+38 -3.4e+38 -3.4e+38 -3.4e+38 -3.4e+38 -3.4e+38 -3.4e+38 -3.4e+38 -3.4e+38 -3.4e+38 -3.4e+38 -3.4e+38 -3.4e+38 -3.4e+38 -3.4e+38 -3.4e+38 -3.4e+38 -3.4e+38 -3.4e+38
6.79462900734507e-05 3.540861143847e-05 3.31653172906954e-05 8.16370738903061e-05 0.000121566321467981 7.9623372585047e-05 4.94681989948731e-05 0.000113187117676716 0.000120443757623434 0.00011130103666801 9.05064880498685e-05 0.506083905696869 0.499236792325974 0.39999783039093 0.436610639095306 0.547320485115051 0.413650006055832 0.543292045593262 0.25109726190567 0.162780374288559 3.47474197042175e-05 0.000121994416986126 0.0001118081054301 0.000104235456092283 9.93647336144932e-05 7.92097198427655e-05 -3.4e+38 -3.4e+38 -3.4e+38 -3.4e+38 -3.4e+38 -3.4e+38 -3.4e+38 -3.4e+38 -3.4e+38 -3.4e+38 -3.4e+38 -3.4e+38 -3.4e+38 -3.4e+38 -3.4e+38 -3.4e+38 -3.4e+38 -3.4e+38 -3.4e+38
3.5550314350985e-05 3.15639008476865e-05 2.15197069337592e-05 3.24385582644027e-05 0.000116128860099707 8.9387729531154e-05 4.65773227915633e-05 6.88686923240311e-05 0.000276041304459795 0.000185843018698506 7.69813996157609e-05 0.000218352215597406 0.468741029500961 0.469353497028351 0.469220012426376 0.48574885725975 0.447191208600998 0.521579742431641 0.308667957782745 0.212943285703659 0.27181276679039 0.244807124137878 0.000170865037944168 0.000128252519061789 0.0001220295089297 9.8410906502977e-05 -3.4e+38 -3.4e+38 -3.4e+38 -3.4e+38 -3.4e+38 -3.4e+38 -3.4e+38 -3.4e+38 -3.4e+38 -3.4e+38 -3.4e+38 -3.4e+38 -3.4e+38 -3.4e+38 -3.4e+38 -3.4e+38 -3.4e+38 -3.4e+38 -3.4e+38
2.72182605840499e-05 4.44003708253149e-05 3.17640296998434e-05 1.75097447936423e-05 2.33433856919874e-05 5.43987953278702e-05 8.01103233243339e-05 6.9208959757816e-05 8.22460642666556e-05 0.000205840973649174 0.000196600129129365 0.000346946413628757 0.489848464727402 0.461872637271881 0.459451645612717 0.492958754301071 0.479016572237015 0.511324882507324 0.511561751365662 0.433186650276184 0.41101747751236 0.329297751188278 4.99500092701055e-05 0.000198285793885589 0.000157262358698063 0.000128950880025513 8.09195335023105e-05 -3.4e+38 -3.4e+38 -3.4e+38 -3.4e+38 -3.4e+38 -3.4e+38 -3.4e+38 -3.4e+38 -3.4e+38 -3.4e+38 -3.4e+38 -3.4e+38 -3.4e+38 -3.4e+38 -3.4e+38 -3.4e+38 -3.4e+38 -3.4e+38
0.000011357849871 1.2562052688736e-05 4.32836131949443e-05 2.45544597419212e-05 1.15006960186292e-05 3.79846351279411e-05 8.36378530948423e-05 5.84602348681074e-05 6.07743713771924e-05 0.000187547702807933 0.000225309544475749 0.000226404663408175 0.421650439500809 0.458788722753525 0.431805700063705 0.420095235109329 0.479951828718185 0.484879285097122 0.291210860013962 0.551302671432495 0.362724214792252 0.000112286405055784 4.78314286738168e-05 0.000256848725257441 0.000185799828614108 0.000123101868666708 9.95575755950995e-05 6.68069769744761e-05 -3.4e+38 -3.4e+38 -3.4e+38 -3.4e+38 -3.4e+38 -3.4e+38 -3.4e+38 -3.4e+38 -3.4e+38 -3.4e+38 -3.4e+38 -3.4e+38 -3.4e+38 -3.4e+38 -3.4e+38 -3.4e+38 -3.4e+38
9.18422574613942e-06 8.58806470205309e-06 1.99543192138663e-05 1.47820665006293e-05 9.40377231017919e-06 1.23263598652557e-05 3.64490661013406e-05 4.00251446990296e-05 2.193976615672e-05 2.87538223346928e-05 0.000116528746730182 0.000151238971739076 0.410415142774582 0.33942848443985 0.386498987674713 0.465272814035416 0.484288662672043 0.502481400966644 0.451573193073273 0.535118818283081 0.411667019128799 0.0002931859344244 8.87265996425413e-05 0.000102932222944219 0.000299093342619017 0.000186901714187115 0.000142811419209465 7.65885342843831e-05 5.49175128981005e-05 -3.4e+38 -3.4e+38 -3.4e+38 -3.4e+38 -3.4e+38 -3.4e+38 -3.4e+38 -3.4e+38 -3.4e+38 -3.4e+38 -3.4e+38 -3.4e+38 -3.4e+38 -3.4e+38 -3.4e+38 -3.4e+38
3.31624232785543e-06 4.11984501624829e-06 7.9438068496529e-06 1.0552834282862e-05 1.42865910675027e-05 1.46937636600342e-05 1.30682929011527e-05 1.36271464725723e-05 5.02837829117198e-05 7.83743962529115e-05 0.000434100773418322 8.79543949849904e-05 0.000147403115988709 0.347067356109619 0.375687301158905 0.392752289772034 0.48426342010498 0.508774995803833 0.508207559585571 0.518975913524628 0.397106289863586 0.586677968502045 0.514035224914551 0.000358699559001252 8.84241526364349e-05 0.000212739425478503 0.000101868630736135 9.37149379751645e-05 6.35539763607085e-05 5.79109037062153e-05 -3.4e+38 -3.4e+38 -3.4e+38 -3.4e+38 -3.4e+38 -3.4e+38 -3.4e+38 -3.4e+38 -3.4e+38 -3.4e+38 -3.4e+38 -3.4e+38 -3.4e+38 -3.4e+38 -3.4e+38
1.47582534282265e-06 2.40083363678423e-06 4.74394346383633e-06 2.27607761189574e-05 6.04015913268086e-05 1.88264220923884e-05 1.2403786968207e-05 8.29766122478759e-06 1.90577247849433e-05 6.13211741438136e-05 0.000262364570517093 0.000142105418490246 0.000133420908241533 0.000221436392166652 0.399049669504166 0.401980549097061 0.408166199922562 0.451007634401321 0.000542652443982661 0.000587188813369721 0.539740979671478 0.578023493289948 0.5744269490242 0.566439986228943 0.000244148512138054 0.000240710956859402 0.000132226850837469 8.65954716573469e-05 9.07362918951549e-05 6.00001512793824e-05 5.55119659111369e-05 3.93841983168386e-05 -3.4e+38 -3.4e+38 -3.4e+38 -3.4e+38 -3.4e+38 -3.4e+38 -3.4e+38 -3.4e+38 -3.4e+38 -3.4e+38 -3.4e+38 -3.4e+38 -3.4e+38
1.08360336525948e-06 1.82359053724213e-06 4.59366356153623e-06 1.8286884369445e-05 1.72560321516357e-05 1.13733249236248e-05 1.05751851151581e-05 8.50342166813789e-06 9.39066467253724e-06 1.33795037982054e-05 9.83507052296773e-05 0.000162183016072959 0.000161931995535269 0.00028238448430784 0.000396264833398163 0.387200355529785 0.422913759946823 0.451842039823532 0.490093588829041 0.00130604719743133 0.000351999799022451 0.00084488547872752 0.000627045053988695 0.00031524823862128 0.000227482145419344 0.000183685246156529 0.00012035078543704 0.000117493204015773 0.000133917521452531 0.000125423728604801 8.78581049619243e-05 5.94410084886476e-05 2.98632603517035e-05 -3.4e+38 -3.4e+38 -3.4e+38 -3.4e+38 -3.4e+38 -3.4e+38 -3.4e+38 -3.4e+38 -3.4e+38 -3.4e+38 -3.4e+38 -3.4e+38
8.14510315194639e-07 1.40428619488375e-06 4.15455997426761e-06 7.50447543396149e-06 1.01707701105624e-05 8.03785769676324e-06 8.29978671390563e-06 1.13115092972293e-05 1.19827664093464e-05 9.26186930882977e-06 1.96900091395946e-05 5.46889350516722e-05 0.00013573128671851 0.000365749699994922 0.000564911984838545 0.000370928726624697 0.000687486201059073 0.445312798023224 0.293707609176636 0.404299974441528 0.00291488924995065 0.000776230997871608 0.000629820511676371 0.000239636792684905 0.000221048074308783 8.21014691609889e-05 0.000264682079432532 0.000521008973009884 0.000284634908894077 0.000177778958459385 0.000104638165794313 5.62565983273089e-05 3.69352383131627e-05 3.24882603308652e-05 2.55012073466787e-05 -3.4e+38 -3.4e+38 -3.4e+38 -3.4e+38 -3.4e+38 -3.4e+38 -3.4e+38 -3.4e+38 -3.4e+38 -3.4e+38
1.10640939965378e-06 1.59146861733461e-06 1.91510548575025e-06 4.52278709417442e-06 2.74826197710354e-06 4.27236727773561e-06 6.55163103147061e-06 9.4988863565959e-06 7.20288153388537e-06 6.10080905971699e-06 1.13627920654835e-05 6.10324168519583e-05 0.000287632632534951 0.000315198500175029 0.000247655319981277 0.000423749210312963 0.000776013475842774 0.000633949995972216 0.00359754380770028 0.479811608791351 0.53520542383194 0.593080878257751 0.000386500090826303 0.000232897058594972 0.000165623991051689 0.00263724662363529 0.00250096968375146 0.380842119455338 0.000282588560367003 0.000125494640087709 7.65888762543909e-05 5.63444009458181e-05 6.52306771371514e-05 3.7945883377688e-05 3.08736416627653e-05 -3.4e+38 -3.4e+38 -3.4e+38 -3.4e+38 -3.4e+38 -3.4e+38 -3.4e+38 -3.4e+38 6.50970548576879e-07 5.97818541336892e-07
2.8314480005065e-07 4.65431924112636e-07 8.76424451234925e-07 1.29869795273407e-06 2.25013695853704e-06 2.22508151637157e-06 2.83190502159414e-06 3.15217926072364e-06 3.21834545502497e-06 6.18112881056732e-06 9.32934472075431e-06 5.42712878086604e-05 0.000170013823662885 0.000152158725541085 0.000209189674933441 0.00126555026508868 0.00220887968316674 0.000547762319911271 0.000374510360416025 0.000401874916860834 0.000266722636297345 0.0004115380870644 0.00129906181246042 0.00086258165538311 0.000132696615764871 0.000221632508328184 0.00360023370012641 0.364277482032776 0.000200280017452314 8.99852166185156e-05 5.87850299780257e-05 3.42931889463216e-05 8.80176812643185e-05 6.24445165158249e-05 3.29652611981146e-05 1.88733956747456e-05 1.95424163393909e-05 1.27272742247442e-05 -3.4e+38 -3.4e+38 -3.4e+38 -3.4e+38 -3.4e+38 -3.4e+38 -3.4e+38
-3.4e+38 -3.4e+38 2.85254827758763e-07 4.87256443193473e-07 7.19195099918579e-07 9.83224367701041e-07 1.38605980737339e-06 1.98340126189578e-06 2.06176946448977e-06 3.38527956955659e-06 5.18569459018181e-06 1.696959407127e-05 5.9495447203517e-05 0.000143396828207187 0.000127245948533528 0.00149296480230987 0.0026032067835331 0.00347896036691964 0.00121351063717157 0.000666664564050734 0.000324300694046542 0.000370048219338059 0.000985679915174842 0.00302284397184849 0.00544459279626608 0.00185823906213045 0.00404541427269578 0.00229905312880874 0.00132420635782182 0.000261091277934611 0.000106521212728694 6.70867375447415e-05 5.13137165398803e-05 2.19126777665224e-05 4.25833095505368e-05 3.44038198818453e-05 2.59409953287104e-05 2.86335716737085e-06 1.1092361091869e-05 1.23182371680741e-06 -3.4e+38 -3.4e+38 -3.4e+38 -3.4e+38 -3.4e+38
-3.4e+38 -3.4e+38 -3.4e+38 3.10368818645657e-07 3.81713363140079e-07 7.5886197237196e-07 8.13989458947617e-07 1.09801487724326e-06 1.39350788685988e-06 2.6086202069564e-06 4.26560745836468e-06 1.25823935377412e-05 4.56284360552672e-05 0.00014247972285375 9.04202679521404e-05 0.000390190922189504 0.000550733297131956 0.00132589100394398 0.00345641560852528 0.000406577368266881 0.00139173213392496 0.0024617847520858 0.00564401177689433 0.00911706127226353 0.00842171255499125 0.0084115881472826 0.00440176436677575 0.00346994982101023 0.000790918129496276 0.000814432511106133 0.000679895165376365 0.000312211428536102 6.49026187602431e-05 1.7195556210936e-05 2.31210669880966e-05 1.37548304337543e-05 4.49708932137582e-06 2.5427777927689e-06 3.09215897686954e-06 1.62916001045232e-06 1.6878152564459e-06 9.87553335107805e-07 7.21468325082242e-07 9.21526805086614e-07 8.18292335225124e-07
-3.4e+38 -3.4e+38 -3.4e+38 -3.4e+38 3.58042456127805e-07 5.45048578715068e-07 6.62174841181695e-07 9.96076209958119e-07 1.31439890083129e-06 3.14186991090537e-06 2.03953914024169e-05 2.89581730612554e-05 2.75448783213506e-05 3.11408766719978e-05 3.58076977136079e-05 7.03603072906844e-05 0.000230420570005663 0.000341570616001263 0.00133747712243348 0.00289044436067343 0.000653673021588475 0.00139822496566921 0.00442114425823092 0.00317852944135666 0.00628828862681985 0.00875655561685562 0.00637292535975575 0.00041435076855123 0.000703989004250616 0.000986542669124901 0.000164677272550762 7.14761044946499e-05 3.58333927579224e-05 6.34301104582846e-05 3.56236123479903e-05 8.75835121405544e-06 1.16742103273282e-05 6.49569938104833e-06 3.30361194755824e-06 2.32527600019239e-06 1.85110445727332e-06 1.68929727806244e-06 1.22105063837807e-06 1.19714968604967e-06 5.88397051615175e-06
-3.4e+38 -3.4e+38 -3.4e+38 -3.4e+38 3.48968939078986e-07 4.45687760475266e-07 6.75542025874165e-07 1.06249569853389e-06 1.40531199122051e-06 3.16071600536816e-06 1.51659360199119e-05 2.28340177272912e-05 1.90944647329161e-05 4.35863912571222e-05 2.82809887721669e-05 2.06121148949023e-05 2.4898508854676e-05 5.4090214689495e-05 8.08770564617589e-05 0.000162354292115197 0.000139700772706419 7.5133539212402e-05 0.000140656789881177 0.000387081439839676 0.0044389208778739 0.00906085595488548 0.000559365027584136 0.000293744786176831 0.000149355735629797 0.000272615201538429 0.000220760601223446 4.09581880376209e-05 6.08692171226721e-05 5.23335511388723e-05 2.20025303860893e-05 2.30037367145997e-05 3.66403655789327e-05 2.29023389692884e-05 4.83665689898771e-06 2.06420304493804e-06 1.50886705796438e-06 1.57066551764729e-06 1.09414236248995e-06 8.31038278192864e-07 2.31111857829092e-06
