data/climate_estimation/maxent_output/Lilium_albanicum.asc
NCOLS 36 
NROWS 45 
XLLCORNER 19 
YLLCORNER 39.5 
CELLSIZE 0.0833333333333333 
NODATA_value -3.4e+38 
[rows 0 to 25 of 45, columns 0 to 35 of 36]
0.999447047710419 0.998618185520172 0.998906672000885 0.998477935791016 0.996987760066986 0.992768466472626 0.999259352684021 0.997759878635406 0.97520911693573 0.995764434337616 0.00684194080531597 0.00710291415452957 0.00642338627949357 0.00640882598236203 0.00637722993269563 0.00562020670622587 0.00546529749408364 0.00415426958352327 0.00353813357651234 0.00355244055390358 0.00313227786682546 0.00441857101395726 0.00498921284452081 0.0044754333794117 0.00379834370687604 0.00328975892625749 0.00244471756741405 0.00201897532679141 0.00184539530891925 0.00184670172166079 0.00216556899249554 0.00182382820639759 0.00142545951530337 0.00137483479920775 0.00156577466987073 0.00226129963994026
0.999837279319763 0.999577164649963 0.999448359012604 0.998020529747009 0.997567713260651 0.999543428421021 0.999318301677704 0.994146049022675 0.995255351066589 0.97477114200592 0.999462187290192 0.00667115719988942 0.00674734404310584 0.00642650993540883 0.00600908324122429 0.00579636730253696 0.00502339377999306 0.00374186062254012 0.00354276341386139 0.00489367311820388 0.00392169039696455 0.00313815544359386 0.00452742772176862 0.00524697173386812 0.00466825999319553 0.00403731502592564 0.0029615699313581 0.00203652260825038 0.00231867772527039 0.00232802145183086 0.00309585873037577 0.00261423643678427 0.00158637249842286 0.00139090383891016 0.00130648643244058 0.00155224394984543
0.999437093734741 0.999655604362488 0.999796748161316 0.999864101409912 0.999493718147278 0.999670267105103 0.999708354473114 0.987177312374115 0.978104114532471 0.950959801673889 0.992426991462708 0.999264717102051 0.99978244304657 0.999621272087097 0.999588012695312 0.999301970005035 0.995902299880981 0.990977764129639 0.00495115621015429 0.00556255830451846 0.00464257830753922 0.00301640178076923 0.00367657328024507 0.00488103507086635 0.00491763465106487 0.00387163064442575 0.0031753615476191 0.00247104302980006 0.00293279578909278 0.0036114442627877 0.00278155412524939 0.00173208676278591 0.00135273032356054 0.00140854821074754 0.00144293066114187 0.00127948052249849
0.996907711029053 0.99851268529892 0.999294519424438 0.999889552593231 0.999858200550079 0.999607563018799 0.995262503623962 0.997997343540192 0.998162031173706 0.985559642314911 0.979670524597168 0.998147070407867 0.999800026416779 0.999845921993256 0.99894779920578 0.996067702770233 0.99678099155426 0.995873868465424 0.992568373680115 0.986646354198456 0.987883508205414 0.924506902694702 0.00375250331126153 0.00469426205381751 0.00490043731406331 0.00316944089718163 0.00253941840492189 0.00250273337587714 0.00266636651940644 0.00374541967175901 0.00310001987963915 0.00188279652502388 0.00145254377275705 0.00134136085398495 0.00124637188855559 0.00122930505312979
0.998545169830322 0.999502301216125 0.99978244304657 0.998690485954285 0.999641180038452 0.999470233917236 0.997557401657104 0.999844789505005 0.999893963336945 0.998781859874725 0.97667407989502 0.993134498596191 0.999452948570251 0.999313831329346 0.999233603477478 0.999220252037048 0.999784648418427 0.999828040599823 0.999898493289948 0.997892439365387 0.97748851776123 0.913292229175568 0.847570538520813 0.91961544752121 0.00316579733043909 0.00284310150891542 0.0023287741933018 0.00297348294407129 0.00312528852373362 0.00298067112453282 0.00192745239473879 0.00188111409079283 0.00191222538705915 0.00147381657734513 0.00135707401204854 0.00185589166358113
0.966118395328522 0.999183475971222 0.999680459499359 0.999411106109619 0.880405902862549 0.994493842124939 0.996854424476624 0.999684274196625 0.999752819538116 0.998747527599335 0.989728391170502 0.999003291130066 0.999852359294891 0.99987381696701 0.999889731407166 0.99984872341156 0.999023854732513 0.990710377693176 0.940271854400635 0.901508688926697 0.951572299003601 0.929444372653961 0.907082200050354 0.821846902370453 0.83128023147583 0.859014809131622 0.863418161869049 0.917038679122925 0.937229633331299 0.00249259872362018 0.00219019106589258 0.002339270664379 0.00263739167712629 0.00201617460697889 0.017300071194768 0.0209954623132944
0.939512312412262 0.986469149589539 0.99914288520813 0.999276697635651 0.715422332286835 0.970744073390961 0.998933851718903 0.999771773815155 0.999507308006287 0.995510518550873 0.998978018760681 0.999784111976624 0.999823391437531 0.999762773513794 0.999847710132599 0.992920756340027 0.839913904666901 0.769323289394379 0.791946351528168 0.854176223278046 0.869022488594055 0.88905930519104 0.903746962547302 0.919443786144257 0.786530673503876 0.800904929637909 0.922519147396088 0.95949912071228 0.967507362365723 0.927624106407166 0.946975290775299 0.0153701519593596 0.95384293794632 0.016223406419158 0.00231574312783778 0.016079243272543
0.331944793462753 0.873727738857269 0.992695391178131 0.997118830680847 0.852705419063568 0.990107357501984 0.999662518501282 0.999656677246094 0.999625742435455 0.999520838260651 0.999672710895538 0.998165607452393 0.999808549880981 0.999843835830688 0.99984735250473 0.946842014789581 0.812916219234467 0.763012707233429 0.722413897514343 0.791057348251343 0.849944770336151 0.892702758312225 0.82879114151001 0.863993167877197 0.766271710395813 0.759094417095184 0.879125475883484 0.932707667350769 0.955690562725067 0.908615350723267 0.829738199710846 0.83900773525238 0.909301817417145 0.972822844982147 0.966748297214508 0.0138726094737649
0.662408113479614 0.110077485442162 0.308154106140137 0.632206976413727 0.476095885038376 0.995163798332214 0.999667644500732 0.999110698699951 0.999657154083252 0.999261200428009 0.999200046062469 0.9996737241745 0.999782562255859 0.999737858772278 0.998771250247955 0.911174118518829 0.811122000217438 0.743431150913239 0.701097726821899 0.807709455490112 0.806703507900238 0.870516657829285 0.900329530239105 0.872409641742706 0.749629378318787 0.729374051094055 0.806889712810516 0.932898998260498 0.911644041538239 0.876759707927704 0.802016198635101 0.618819355964661 0.727510154247284 0.880907893180847 0.00167969416361302 0.00150931882672012
0.683029651641846 0.235819652676582 0.0892834588885307 0.101579003036022 0.653942048549652 0.953555226325989 0.96104234457016 0.988235175609589 0.999749422073364 0.999679565429688 0.999522387981415 0.999411165714264 0.999545335769653 0.999582886695862 0.997990608215332 0.796551823616028 0.735575973987579 0.68763667345047 0.666860640048981 0.889544725418091 0.854089736938477 0.827363848686218 0.920344471931458 0.918688178062439 0.767272531986237 0.695341646671295 0.745510339736938 0.896424829959869 0.827806293964386 0.669827818870544 0.695445358753204 0.715172946453094 0.00134436343796551 0.517439186573029 0.0013150064041838 0.0112468563020229
0.304080873727798 0.189798727631569 0.0908150672912598 0.0732093676924706 0.278947085142136 0.613645255565643 0.993726909160614 0.99713796377182 0.999404489994049 0.996924102306366 0.999484181404114 0.999437987804413 0.974092662334442 0.698820292949677 0.91316419839859 0.792399108409882 0.643094897270203 0.599001169204712 0.577450752258301 0.605582237243652 0.734332144260406 0.678154051303864 0.775185823440552 0.970765054225922 0.910310924053192 0.714711666107178 0.687813699245453 0.670464038848877 0.641127824783325 0.637310087680817 0.821030795574188 0.779416263103485 0.550965487957001 0.750663697719574 0.679348766803741 0.791805326938629
0.296410709619522 0.119211755692959 0.0998063981533051 0.0898947566747665 0.101061150431633 0.236766248941422 0.857654392719269 0.996541142463684 0.989250838756561 0.927231073379517 0.990936279296875 0.874448239803314 0.675351202487946 0.830673694610596 0.907706916332245 0.875517725944519 0.849012672901154 0.897526502609253 0.644112169742584 0.585272312164307 0.510102808475494 0.628567576408386 0.933726727962494 0.994698584079742 0.98799067735672 0.8921919465065 0.669966876506805 0.729362368583679 0.74520218372345 0.886793851852417 0.887132227420807 0.79034012556076 0.515501797199249 0.6527099609375 0.62908548116684 0.895639300346375
0.450546354055405 0.377222895622253 0.147919356822968 0.120766311883926 0.116169363260269 0.159245729446411 0.402675658464432 0.932619273662567 0.776738822460175 0.861959993839264 0.78941410779953 0.930837988853455 0.96148145198822 0.831201553344727 0.64316725730896 0.641251146793365 0.704659044742584 0.974494934082031 0.979686796665192 0.652667999267578 0.615055739879608 0.949103713035583 0.996980667114258 0.994133234024048 0.995813310146332 0.997445464134216 0.898624300956726 0.824468970298767 0.972877442836761 0.985536098480225 0.893392443656921 0.669212460517883 0.4392409324646 0.527904152870178 0.000896714918781072 0.701091051101685
0.34771865606308 0.577999889850616 0.687513649463654 0.190461620688438 0.137178987264633 0.129976406693459 0.186811894178391 0.389651477336884 0.897847533226013 0.877750933170319 0.562057614326477 0.958301484584808 0.964505672454834 0.973867475986481 0.744392573833466 0.645744383335114 0.818290233612061 0.892206728458405 0.973890364170074 0.981339514255524 0.97929847240448 0.995050549507141 0.997302174568176 0.999077618122101 0.996762096881866 0.788666844367981 0.70274293422699 0.66342967748642 0.816239178180695 0.904729962348938 0.942073583602905 0.463485509157181 0.39922884106636 0.369219750165939 0.000712451757863164 0.000983080943115056
-3.4e+38 0.345036178827286 0.689503967761993 0.484425067901611 0.243051171302795 0.191030129790306 0.167458847165108 0.243954434990883 0.435392141342163 0.705032050609589 0.835200905799866 0.864373862743378 0.877606391906738 0.952953577041626 0.958413064479828 0.959733068943024 0.650184690952301 0.960874795913696 0.984657406806946 0.982376635074615 0.99777489900589 0.998146414756775 0.996423602104187 0.95904141664505 0.619290947914124 0.584418475627899 0.780916810035706 0.479104727506638 0.320161491632462 0.342501550912857 0.498717308044434 0.402794301509857 0.348592281341553 0.437924176454544 0.462173968553543 0.609693288803101
-3.4e+38 0.316040396690369 0.347562491893768 0.228249028325081 0.198924914002419 0.191078692674637 0.195895463228226 0.210413202643394 0.342144131660461 0.564811170101166 0.914547860622406 0.957046687602997 0.86524897813797 0.976431608200073 0.968194663524628 0.986964762210846 0.876019895076752 0.996570348739624 0.995541632175446 0.993522524833679 0.997529685497284 0.997386693954468 0.990853667259216 0.586471974849701 0.668895363807678 0.725118696689606 0.699531614780426 0.592524111270905 0.588756442070007 0.3296799659729 0.245668470859528 0.252526491880417 0.307075709104538 0.500069737434387 0.428001284599304 0.456157952547073
-3.4e+38 -3.4e+38 0.221120536327362 0.219112366437912 0.211740806698799 0.262338131666183 0.311547666788101 0.221114784479141 0.447034120559692 0.513023972511292 0.55268383026123 0.601064503192902 0.743255913257599 0.959321975708008 0.982981085777283 0.920445024967194 0.903032243251801 0.99146431684494 0.996240377426147 0.996610462665558 0.996920347213745 0.996279895305634 0.87995171546936 0.581710994243622 0.950470149517059 0.952271580696106 0.78991174697876 0.893369376659393 0.703076303005219 0.669245719909668 0.546687662601471 0.29559788107872 0.372569859027863 0.519717454910278 0.432851403951645 0.315607458353043
-3.4e+38 -3.4e+38 -3.4e+38 -3.4e+38 -3.4e+38 -3.4e+38 0.329961210489273 0.238260075449944 0.544613778591156 0.473458230495453 0.372226655483246 0.546416997909546 0.81447422504425 0.983039915561676 0.992089152336121 0.952960252761841 0.77812647819519 0.984914243221283 0.995631456375122 0.993269324302673 0.995754718780518 0.988127708435059 0.770036518573761 0.880028963088989 0.984515964984894 0.911103844642639 0.807961106300354 0.991885602474213 0.992748141288757 0.972629964351654 0.874224126338959 0.527794122695923 0.320720821619034 0.320178508758545 0.309410512447357 0.260499507188797
-3.4e+38 -3.4e+38 -3.4e+38 -3.4e+38 -3.4e+38 -3.4e+38 0.22740975022316 0.225166857242584 0.317538648843765 0.448138654232025 0.445189505815506 0.367530435323715 0.706625759601593 0.981853485107422 0.991365075111389 0.866621255874634 0.675830602645874 0.965532124042511 0.993808031082153 0.977062344551086 0.980885028839111 0.975127637386322 0.932267129421234 0.890183329582214 0.977225542068481 0.867512464523315 0.77373594045639 0.920135855674744 0.996704459190369 0.989087462425232 0.919294714927673 0.514656841754913 0.322147816419601 0.256503164768219 0.310941010713577 0.278148710727692
-3.4e+38 -3.4e+38 -3.4e+38 -3.4e+38 -3.4e+38 -3.4e+38 0.227179184556007 0.220700472593307 0.311931848526001 0.726116120815277 0.689168512821198 0.438541024923325 0.451508700847626 0.836650609970093 0.97063010931015 0.947437286376953 0.821126997470856 0.814216673374176 0.990183413028717 0.977481186389923 0.987250924110413 0.991485953330994 0.960052788257599 0.897866129875183 0.941073417663574 0.942894876003265 0.645446538925171 0.815518856048584 0.989195644855499 0.826090157032013 0.83197420835495 0.462389260530472 0.289435356855392 0.429009169340134 0.243911951780319 0.214873850345612
-3.4e+38 -3.4e+38 -3.4e+38 -3.4e+38 -3.4e+38 0.275277227163315 0.279676973819733 0.248790428042412 0.286063551902771 0.694650113582611 0.933010339736938 0.855821371078491 0.530521214008331 0.717070162296295 0.987461566925049 0.958154201507568 0.847515344619751 0.605619609355927 0.905798375606537 0.945080041885376 0.959903359413147 0.987954020500183 0.953802645206451 0.741154968738556 0.825904250144958 0.964061081409454 0.715937316417694 0.86886191368103 0.854975283145905 0.782366037368774 0.592163980007172 0.442526280879974 0.354342073202133 0.642281651496887 0.347701281309128 0.190128222107887
-3.4e+38 -3.4e+38 -3.4e+38 -3.4e+38 -3.4e+38 0.223731160163879 0.236739963293076 0.295024931430817 0.235113650560379 0.375065505504608 0.650434494018555 0.833865642547607 0.902121484279633 0.777223885059357 0.942138612270355 0.98114150762558 0.903644442558289 0.792094051837921 0.735236763954163 0.983233153820038 0.988617837429047 0.90874582529068 0.887058675289154 0.769492387771606 0.81538051366806 0.869033515453339 0.925341665744781 0.671180844306946 0.587003350257874 0.577101767063141 0.754170894622803 0.792610645294189 0.723973989486694 0.448768526315689 0.298367857933044 0.227549985051155
-3.4e+38 -3.4e+38 -3.4e+38 -3.4e+38 -3.4e+38 0.217491865158081 0.228062570095062 0.261293560266495 0.253283947706223 0.25808522105217 0.52779620885849 0.780404984951019 0.963089942932129 0.966791868209839 0.951677560806274 0.968262553215027 0.915566444396973 0.923992574214935 0.942450881004333 0.910608649253845 0.975493907928467 0.90224814414978 0.906936943531036 0.927047491073608 0.902463614940643 0.919766783714294 0.899292290210724 0.685643315315247 0.511409342288971 0.530619919300079 0.662497580051422 0.801179170608521 0.773882925510406 0.553655028343201 0.691019475460052 0.3316870033741
-3.4e+38 -3.4e+38 -3.4e+38 -3.4e+38 -3.4e+38 0.209288984537125 0.247604444622993 0.27893477678299 0.284080237150192 0.287789672613144 0.323012799024582 0.635017037391663 0.765217304229736 0.905739545822144 0.841424345970154 0.72582072019577 0.935384631156921 0.974560558795929 0.979108810424805 0.77826863527298 0.879504799842834 0.788113653659821 0.833781898021698 0.949128568172455 0.903382837772369 0.772594332695007 0.67493611574173 0.726473152637482 0.499271839857101 0.508939266204834 0.597430288791656 0.85982745885849 0.77387660741806 0.696152448654175 0.553817570209503 0.458854883909225
-339999999999999996123846586046231871488.000000000000000 -3.4e+38 -3.4e+38 -3.4e+38 -3.4e+38 0.185176342725754 0.215783968567848 0.276415258646011 0.317709863185883 0.351554214954376 0.40241727232933 0.542752504348755 0.697583198547363 0.741513192653656 0.70656019449234 0.440721273422241 0.75343906879425 0.982355237007141 0.980047285556793 0.720040559768677 0.614731669425964 0.730264008045197 0.838070213794708 0.941592872142792 0.95595121383667 0.860860645771027 0.618959546089172 0.813118755817413 0.515829086303711 0.469587385654449 0.571324050426483 0.727885961532593 0.437520086765289 0.64117157459259 0.848381638526917 0.674522161483765
-3.4e+38 -3.4e+38 -3.4e+38 -3.4e+38 -3.4e+38 0.224382892251015 0.202280148863792 0.225287526845932 0.319630354642868 0.39941069483757 0.419721364974976 0.439708948135376 0.31739541888237 0.356133550405502 0.464697748422623 0.882952809333801 0.739204466342926 0.814020395278931 0.892087399959564 0.767517387866974 0.58677089214325 0.604650974273682 0.93085914850235 0.875560641288757 0.839853584766388 0.860034823417664 0.764364957809448 0.600505471229553 0.462958514690399 0.444430440664291 0.576672792434692 0.641329526901245 0.488614052534103 0.738088130950928 0.940978467464447 0.873809933662415
