data/climate_estimation/maxent_output/Lilium_washingtonianum.asc
NCOLS 145 
NROWS 109 
XLLCORNER -124.333333333333 
YLLCORNER 36.8333333333333 
CELLSIZE 0.0833333333333333 
NODATA_value -3.4e+38 
[rows 57 to 75 of 109, columns 42 to 83 of 145]
0.16424223780632 0.161524787545204 0.129109129309654 0.142957523465157 0.110323637723923 0.0559432692825794 0.0868839845061302 0.145073518157005 0.10962301492691 0.0316000543534756 0.020911443978548 0.0121889086440206 0.0159882158041 0.0186215080320835 0.009716154076159 0.00812958739697933 0.0124422227963805 0.0064578359015286 0.00707083055749536 0.00548277515918016 0.000601805048063397 0.000534936087206006 0.000817915715742856 0.000373862421838567 0.000307530426653102 0.00027874018996954 0.000691205030307174 0.00250668567605317 0.000706670107319951 0.000458485534181818 0.000450188264949247 0.000479155365610495 0.000635121366940439 0.00122811447363347 0.00119713193271309 0.000756298424676061 0.00151803146582097 0.00136350409593433 0.000833751284517348 0.000906759465578943 0.00212452467530966 0.00399407977238297
0.265260875225067 0.130324900150299 0.10618631541729 0.0757803246378899 0.0622378587722778 0.0829653367400169 0.0701955258846283 0.0632347017526627 0.0581218302249908 0.0248826034367085 0.0152525007724762 0.0100112985819578 0.00996302906423807 0.00872905645519495 0.00968331936746836 0.0168833713978529 0.00945883244276047 0.00445254286751151 0.00316854356788099 0.00427543092519045 0.000635845237411559 0.000444302335381508 0.000954663322772831 0.000273665355052799 0.000283088040305302 0.000383307982701808 0.00115378352347761 0.00224189134314656 0.00102114852052182 0.000636726443190128 0.00051117961993441 0.000440174015238881 0.000697015842888504 0.00119753845501691 0.000828454561997205 0.000881226733326912 0.00184940174221992 0.000748487480450422 0.000846756971441209 0.000720564508810639 0.00150467164348811 0.00162279664073139
0.286838918924332 0.222772464156151 0.121851727366447 0.0502617917954922 0.0784075409173965 0.0992531552910805 0.041711937636137 0.027948871254921 0.0359533615410328 0.0402799211442471 0.0180804617702961 0.0124571500346065 0.00748850358650088 0.0061398702673614 0.00826389994472265 0.0111913783475757 0.00646197609603405 0.00172439322341233 0.00140346167609096 0.00181207025889307 0.00042741498327814 0.000339271588018164 0.000391817622585222 0.000296896352665499 0.000246867188252509 0.000352681672666222 0.000653287919703871 0.00103711348492652 0.0011695793364197 0.000397768599214032 0.000432315311627463 0.000507530523464084 0.000625780317932367 0.00114781619049609 0.000649680441711098 0.000726904545444995 0.000761063594836742 0.00106258771847934 0.00278025423176587 0.00121821858920157 0.000938796729315072 0.0010715665994212
0.298626452684402 0.157487362623215 0.0975913405418396 0.0448168739676476 0.0294372010976076 0.0281471628695726 0.0204681847244501 0.0203652270138264 0.021998880431056 0.0315613821148872 0.0329594127833843 0.0203221812844276 0.00829863920807838 0.0114320851862431 0.00820572301745415 0.00469711748883128 0.00859335064888 0.0020952271297574 0.000820292218122631 0.000557988532818854 0.000365500163752586 0.00029744760831818 0.000335853517754003 0.00031949786352925 0.000284992362139747 0.000495145563036203 0.000764066528063267 0.000795284344349056 0.000694634800311178 0.000303431297652423 0.000439535797340795 0.00113469362258911 0.00109028141014278 0.000554882979486138 0.000707104802131653 0.000848774332553148 0.000566208036616445 0.00232501863501966 0.00847327709197998 0.00279875076375902 0.00179391377605498 0.00107862753793597
0.349292606115341 0.219695210456848 0.196041509509087 0.0944685935974121 0.0717682540416718 0.0296417307108641 0.0293456539511681 0.0357515253126621 0.0302275773137808 0.0203672535717487 0.0181120540946722 0.0113885402679443 0.00817723572254181 0.011888025328517 0.00818525347858667 0.00357083161361516 0.00848824065178633 0.00434036273509264 0.000992098823189735 0.000543955422472209 0.000448551523732021 0.000524675822816789 0.000486063217977062 0.000414123962400481 0.000450945604825392 0.00106862070970237 0.00124704767949879 0.00151911471039057 0.0012025092728436 0.000385726627428085 0.000579662446398288 0.00194762961473316 0.00103916379157454 0.000487681041704491 0.00167831545695662 0.00267200660891831 0.00057380017824471 0.0012640404747799 0.00486027216538787 0.00417337799444795 0.000926458858884871 0.00105770886875689
0.381868183612823 0.255521982908249 0.299906879663467 0.123725466430187 0.0696081444621086 0.0468706302344799 0.039185706526041 0.0713581964373589 0.0183140803128481 0.0189315024763346 0.0162832085043192 0.00966018717736006 0.00709483586251736 0.00931448116898537 0.00606920104473829 0.00178789696656168 0.00166046072263271 0.00242091645486653 0.000916302145924419 0.000833255064208061 0.00102361780591309 0.00145213305950165 0.000974599970504642 0.000974635826423764 0.000960321165621281 0.00080258003436029 0.00093351915711537 0.00164588389452547 0.00100664712954313 0.000359015015419573 0.00029821926727891 0.000415050715673715 0.000336100230924785 0.000487421930301934 0.000841430563014001 0.00192975869867951 0.000822444504592568 0.000607795431278646 0.00233189598657191 0.00210321601480246 0.00133593962527812 0.00211066519841552
0.387923032045364 0.328214019536972 0.299569875001907 0.156955599784851 0.0761276185512543 0.0703819990158081 0.035435538738966 0.0294169168919325 0.026405269280076 0.0179396942257881 0.0114035550504923 0.0104925157502294 0.00498738372698426 0.00431715277954936 0.00247295806184411 0.00137042277492583 0.0013144607655704 0.000945396721363068 0.00186136818956584 0.00157743610907346 0.00150555453728884 0.00158595794346184 0.00177107111085206 0.000948659144341946 0.00125822785776109 0.000972669688053429 0.000815015577245504 0.00134442956186831 0.00134604959748685 0.000336260418407619 0.000252412137342617 0.000563333625905216 0.000877841201145202 0.000455280009191483 0.000692630652338266 0.00236382568255067 0.000962643418461084 0.000638227560557425 0.00111406319774687 0.00169460184406489 0.00260088057257235 0.00164175790268928
0.501785516738892 0.472765266895294 0.286563158035278 0.239913269877434 0.106808587908745 0.0630291327834129 0.0482145510613918 0.0356238782405853 0.0260307509452105 0.0192799363285303 0.0128399394452572 0.00956011097878218 0.00487219681963325 0.00296810059808195 0.00256056874059141 0.00461676111444831 0.00157452246639878 0.00120510556735098 0.00249420152977109 0.00165865779854357 0.00144588435068727 0.00130251934751868 0.0015864948509261 0.00135273847263306 0.00299383257515728 0.00112218142021447 0.000919539364986122 0.00085868954192847 0.000655951735097915 0.000372557406080887 0.000312432064674795 0.0032694039400667 0.00217915861867368 0.000452039908850566 0.00167464185506105 0.00315322098322213 0.00184552755672485 0.00122043665032834 0.000678718381095678 0.00183735182508826 0.00445252470672131 0.00100572034716606
0.664721012115479 0.469794690608978 0.380863547325134 0.259518086910248 0.143266081809998 0.119413509964943 0.0683774277567863 0.0451566204428673 0.030512934550643 0.0277915745973587 0.0228874105960131 0.0105488114058971 0.00478327460587025 0.00298283086158335 0.00497848121449351 0.00668329233303666 0.0016812231624499 0.00159668747801334 0.00291415909305215 0.00156393914949149 0.000873509037774056 0.000737022666726261 0.000766680052038282 0.00111896067392081 0.00125513796228915 0.000407530227676034 0.000587254646234214 0.000923042534850538 0.000746099336538464 0.000494384730700403 0.000320552528137341 0.00282798800617456 0.00163869163952768 0.000294855970423669 0.000372424576198682 0.000987014500424266 0.00302828662097454 0.00153489247895777 0.000691847410053015 0.00202606711536646 0.00236537354066968 0.000461666291812435
0.529751300811768 0.471615016460419 0.28046527504921 0.21569287776947 0.205225273966789 0.160418286919594 0.0966993793845177 0.074077382683754 0.106171101331711 0.0433034338057041 0.0240065231919289 0.0161733757704496 0.00590022932738066 0.00420179218053818 0.00947877764701843 0.00612702686339617 0.00174092617817223 0.00179354706779122 0.00274739391170442 0.00153073354158551 0.000766246230341494 0.000752339779864997 0.000618034333456308 0.000355712429154664 0.000396729476051405 0.000528470671270043 0.00102297100238502 0.00165649468544871 0.00079893582733348 0.000340851489454508 0.00027622896595858 0.00241133128292859 0.0012474813265726 0.000199027344933711 0.000148636900121346 0.000346953485859558 0.00242342264391482 0.000827122305054218 0.000459923699963838 0.00466617941856384 0.00145797419827431 0.000355662748916075
0.80828595161438 0.755689024925232 0.666713535785675 0.420971840620041 0.221827313303947 0.174548164010048 0.123239874839783 0.075083501636982 0.0637768507003784 0.0391095504164696 0.0266647692769766 0.019642312079668 0.00889252126216888 0.0057194153778255 0.00492945685982704 0.00512557849287987 0.0037881110329181 0.00166300334967673 0.000972942158114165 0.00113331386819482 0.00106820580549538 0.000997724942862988 0.000218825429328717 0.000226192089030519 0.000545133312698454 0.00086928578093648 0.000802570255473256 0.000817609776277095 0.000262142042629421 0.000261162349488586 0.000482408271636814 0.0013330428628251 0.00152828602585942 0.000237457599723712 0.000141297452501021 0.000397143216105178 0.00234283413738012 0.000717076007276773 0.000854354177135974 0.00183283863589168 0.000669663771986961 0.000802512804511935
0.608398616313934 0.782434523105621 0.636465191841125 0.617696821689606 0.467678129673004 0.215454638004303 0.17843359708786 0.110011324286461 0.0644464865326881 0.0411243699491024 0.0231921747326851 0.0204654280096292 0.0114491228014231 0.00877636857330799 0.00397179275751114 0.00280537339858711 0.0081251859664917 0.00116898340638727 0.000879622530192137 0.00236101797781885 0.00189518183469772 0.00114206911530346 0.000221954731387086 0.000199062604224309 0.000590034411288798 0.00130515859927982 0.000473335938295349 0.000248173688305542 0.000199722649995238 0.000381411198759452 0.000764391501434147 0.000628345005679876 0.00171138299629092 0.00019283386063762 0.000117409581434913 0.000211041056900285 0.000940516300033778 0.000161193325766362 0.000666840991470963 0.000346932618413121 0.000817240623291582 0.0030196993611753
0.550004184246063 0.8000528216362 0.642780542373657 0.632719337940216 0.599133551120758 0.428132832050323 0.3338603079319 0.192723423242569 0.0913013517856598 0.0523930452764034 0.0274299904704094 0.0195664931088686 0.0202794689685106 0.00764945801347494 0.00353273702785373 0.00228789774700999 0.00686020171269774 0.00123476376757026 0.00123014766722918 0.00213435082696378 0.00180893507786095 0.000594893004745245 0.000250948593020439 0.000287453731289133 0.000803638540674001 0.000734749773982912 0.000282728462480009 0.000134857182274573 0.000113309462903999 0.000344556814525276 0.000410421955166385 0.000181747716851532 0.000242275360506028 0.00014403164095711 0.000124097859952599 0.000403189304051921 0.000586245267186314 0.00013041528291069 6.0454462072812e-05 9.91764391073957e-05 0.00123505317606032 0.00234629772603512
0.684716105461121 0.602159380912781 0.712565124034882 0.709958791732788 0.671433448791504 0.591022312641144 0.533334970474243 0.362846553325653 0.148904398083687 0.107271857559681 0.0819227173924446 0.0572664588689804 0.112293764948845 0.0255010537803173 0.00397516926750541 0.00239554652944207 0.00477913161739707 0.00113465916365385 0.00118866842240095 0.00184511544648558 0.0014062188565731 0.000785944983363152 0.000239847577176988 0.000222735281568021 0.000606151239480823 0.000329046248225495 0.000122220662888139 0.000128924119053409 0.000170059458469041 0.000381096208002418 0.000161251417011954 0.000115019873192068 0.000151969623402692 0.000274315912974998 0.00117986579425633 0.00130725605413318 6.47681590635329e-05 3.51889138983097e-05 5.43061505595688e-05 0.00129063194617629 0.0005928740138188 0.000417823379393667
0.824324607849121 0.836800336837769 0.822921097278595 0.759020388126373 0.706060290336609 0.669914603233337 0.656738817691803 0.448667496442795 0.383382439613342 0.129380702972412 0.0693076625466347 0.0491585619747639 0.0367121957242489 0.0678156465291977 0.00828720256686211 0.00241270032711327 0.00284975953400135 0.00115998950786889 0.000685655570123345 0.0016172380419448 0.000815404462628067 0.000451480416813865 0.000393325288314372 0.000354986259480938 0.000226122501771897 0.000164527562446892 0.000135216003400274 0.000172977335751057 0.000144191886647604 8.73330063768663e-05 9.5319737738464e-05 0.00012062906898791 0.00035533681511879 0.00121182831935585 0.000433688896009699 4.55005392723251e-05 2.65564285655273e-05 4.58025169791654e-05 8.80980587680824e-05 0.00102257577236742 0.000452149601187557 0.000428529834607616
0.710536539554596 0.728721261024475 0.838495373725891 0.788758039474487 0.754991769790649 0.660012781620026 0.658196210861206 0.426149904727936 0.361713945865631 0.152872070670128 0.0917377397418022 0.0467985533177853 0.0438609942793846 0.0161381531506777 0.00893285125494003 0.00615690741688013 0.00169445527717471 0.000765760894864798 0.000952990783844143 0.00108884670771658 0.000628915673587471 0.000335447548422962 0.000355174648575485 0.000175363093148917 0.000100987177575007 0.000118232906970661 0.000186077188118361 0.000112115078081843 0.000118836156616453 8.42174194986001e-05 9.1376990894787e-05 0.00018924698815681 0.00117830163799226 0.000494945968966931 3.04594341287157e-05 2.96585149044404e-05 3.75215022359043e-05 8.37188490550034e-05 0.000201708782697096 0.000271512457402423 0.000580771767999977 0.000535743136424571
0.879517018795013 0.816953301429749 0.726491868495941 0.672234117984772 0.6637864112854 0.565082252025604 0.497221082448959 0.366400420665741 0.301156431436539 0.175194159150124 0.303521484136581 0.0909221097826958 0.0401008017361164 0.0144287031143904 0.00735678244382143 0.013433238491416 0.0175754576921463 0.00115460378583521 0.000788130098953843 0.00147849495988339 0.000974022666923702 0.000152447872096673 0.000213562525459565 0.000156850917846896 0.000104360820841976 0.000118706229841337 0.000114456270239316 0.000106426879938226 0.000121453849715181 7.22303811926395e-05 9.10856906557456e-05 0.000833107682410628 0.000273692276095971 4.56792113254778e-05 2.71401786449132e-05 3.8395548472181e-05 0.000179970535100438 0.000839751912280917 0.000849142612423748 0.00140567810740322 0.000884707609657198 0.000704126432538033
0.933965742588043 0.908772230148315 0.865928411483765 0.744618654251099 0.699052155017853 0.588258802890778 0.515325248241425 0.50974702835083 0.566090404987335 0.27773329615593 0.180842936038971 0.0741203129291534 0.0383332706987858 0.0171401184052229 0.0125954244285822 0.00846895761787891 0.0295192580670118 0.00181498203892261 0.000550585275050253 0.00127626792527735 0.000358460616553202 0.000149128274642862 0.000170595085364766 0.000114166643470526 0.000124786340165883 0.000126851969980635 0.000119748336146586 0.000116663664812222 0.000140573421958834 7.02329343766905e-05 0.000202955532586202 0.000544015609193593 3.5072702303296e-05 2.75374750344781e-05 4.42727578047197e-05 0.000232086269534193 0.00165659305639565 0.00147942162584513 0.000571714015677571 0.000716545444447547 0.00199941429309547 0.00127543194685131
0.888092517852783 0.926553905010223 0.883983731269836 0.838198184967041 0.793245673179626 0.612225770950317 0.6972336769104 0.618236601352692 0.73537141084671 0.450908780097961 0.32651424407959 0.0927674993872643 0.0437242835760117 0.0130457160994411 0.0166332703083754 0.0165255814790726 0.0109079852700233 0.00115882756654173 0.000327596208080649 0.00018734612967819 9.43482955335639e-05 0.000129822423332371 9.08232977963053e-05 0.00011410078877816 0.000118192605441436 0.000141025695484132 0.000124194790259935 0.000127321793115698 0.000106082719867118 0.000110715060145594 0.000471691455459222 0.00079357874346897 3.33435818902217e-05 5.3749365179101e-05 0.000827567360829562 0.00165202748030424 0.0017049292800948 0.000431244814535603 0.000384359038434923 0.00114903517533094 0.00318958703428507 0.00245819427073002
