data/climate_estimation/maxent_output/Lilium_distichum.asc
NCOLS 168 
NROWS 172 
XLLCORNER 123 
YLLCORNER 34.9166666666667 
CELLSIZE 0.0833333333333333 
NODATA_value -3.4e+38 
[rows 69 to 91 of 172, columns 51 to 101 of 168]
0.504249513149261 0.467769593000412 0.368425130844116 0.325196892023087 0.316806882619858 0.230032831430435 0.247930780053139 0.292506009340286 0.304151713848114 0.328844606876373 0.337735921144485 0.351183325052261 0.361588329076767 0.335654020309448 0.354181736707687 0.34224995970726 0.256105780601501 0.278711080551147 0.337129354476929 0.313554793596268 0.327484846115112 0.306784838438034 0.317123919725418 0.390480816364288 0.378277093172073 0.410782188177109 0.288823366165161 0.313802093267441 0.315612405538559 0.360585600137711 0.429132789373398 0.447405725717545 0.384192377328873 0.414817601442337 0.460209935903549 0.401035934686661 0.470511555671692 0.5147505402565 0.537351906299591 0.485823333263397 0.491113990545273 0.476071208715439 0.53013151884079 0.583071708679199 0.599604606628418 0.612528026103973 0.695372939109802 0.706016480922699 0.745878398418427 0.770437300205231 0.851531863212585
0.472463548183441 0.488072007894516 0.506671369075775 0.440066009759903 0.315723150968552 0.219901219010353 0.245273068547249 0.296782076358795 0.308096140623093 0.342832714319229 0.386495113372803 0.382922470569611 0.362917095422745 0.383709639310837 0.354590564966202 0.385163575410843 0.366734951734543 0.368124783039093 0.364629298448563 0.322719186544418 0.351059794425964 0.330883264541626 0.330469697713852 0.32388511300087 0.35804745554924 0.386274814605713 0.408442497253418 0.314156234264374 0.363995164632797 0.384994566440582 0.486663162708282 0.478242754936218 0.474340081214905 0.515457391738892 0.482599973678589 0.469960540533066 0.430379152297974 0.517957389354706 0.567559421062469 0.511751770973206 0.510471642017365 0.495894402265549 0.53272145986557 0.658622145652771 0.628239750862122 0.702406883239746 0.792895078659058 0.809431731700897 0.7969771027565 0.891640484333038 0.897502064704895
0.509831309318542 0.487032264471054 0.403167724609375 0.312539488077164 0.224850386381149 0.210029661655426 0.218375727534294 0.260211020708084 0.326871663331985 0.377162933349609 0.403052270412445 0.39056733250618 0.383928447961807 0.346447974443436 0.406217008829117 0.380507916212082 0.373303860425949 0.376892507076263 0.36852690577507 0.358502089977264 0.417447090148926 0.372385412454605 0.370439559221268 0.394728630781174 0.393056631088257 0.413467019796371 0.367257624864578 0.342937141656876 0.299831986427307 0.397881329059601 0.413656383752823 0.5214883685112 0.513327300548553 0.471998870372772 0.498382180929184 0.511352300643921 0.491268634796143 0.476649552583694 0.473432779312134 0.533479750156403 0.577778935432434 0.624358952045441 0.675616502761841 0.728752911090851 0.779406785964966 0.810394287109375 0.866707623004913 0.860299408435822 0.86674165725708 0.928988993167877 0.926372468471527
0.434134632349014 0.414284944534302 0.42759507894516 0.368898034095764 0.282480716705322 0.263643383979797 0.291551738977432 0.343024998903275 0.355244487524033 0.384738117456436 0.401538193225861 0.413415253162384 0.383323431015015 0.366785824298859 0.361420273780823 0.392088353633881 0.366238713264465 0.431253463029861 0.407410502433777 0.387010037899017 0.392442256212234 0.380589693784714 0.410477429628372 0.467184394598007 0.430308371782303 0.450387686491013 0.373137086629868 0.381990432739258 0.336758941411972 0.450534880161285 0.428286969661713 0.569405615329742 0.524198114871979 0.527029156684875 0.543753206729889 0.504315793514252 0.531077563762665 0.616660714149475 0.513943731784821 0.442085206508636 0.520846903324127 0.536838173866272 0.608710110187531 0.694368243217468 0.791954457759857 0.874127507209778 0.882572412490845 0.875403523445129 0.908093869686127 0.936537325382233 0.948672831058502
0.483799159526825 0.41825732588768 0.309050798416138 0.289696156978607 0.346664905548096 0.317407965660095 0.342670679092407 0.383446514606476 0.358789891004562 0.389693856239319 0.352133542299271 0.297434747219086 0.318269789218903 0.340885579586029 0.352462083101273 0.361138314008713 0.375426352024078 0.39802885055542 0.422949850559235 0.460239976644516 0.443356156349182 0.418140321969986 0.426461398601532 0.478840470314026 0.446382343769073 0.465558856725693 0.441833943128586 0.403799414634705 0.475286871194839 0.429037183523178 0.446140050888062 0.563122391700745 0.600005269050598 0.53936105966568 0.637336373329163 0.67194938659668 0.694390833377838 0.702087461948395 0.695330023765564 0.637777328491211 0.63739001750946 0.691623985767365 0.641646564006805 0.759739816188812 0.860658288002014 0.856542885303497 0.857111096382141 0.840367376804352 0.910472512245178 0.925132870674133 0.926550686359406
0.508859395980835 0.460491597652435 0.27753609418869 0.316460609436035 0.397150218486786 0.381985992193222 0.34480756521225 0.324903279542923 0.30109840631485 0.31420224905014 0.324401497840881 0.34571561217308 0.391281574964523 0.381700932979584 0.394104570150375 0.375293105840683 0.389690577983856 0.435104012489319 0.46959325671196 0.505242228507996 0.407898396253586 0.420221418142319 0.498508453369141 0.449617445468903 0.473854690790176 0.518822252750397 0.461592525243759 0.356868475675583 0.383712083101273 0.43591383099556 0.415414124727249 0.620520293712616 0.522554039955139 0.663263082504272 0.703544557094574 0.734599769115448 0.680130302906036 0.693588197231293 0.721790075302124 0.750083208084106 0.771285057067871 0.803621053695679 0.724540591239929 0.809756278991699 0.882831215858459 0.877356171607971 0.890681266784668 0.927332818508148 0.945594072341919 0.943882644176483 0.949862897396088
0.522537350654602 0.476343363523483 0.458201825618744 0.326021462678909 0.314742058515549 0.373920410871506 0.421957015991211 0.398067593574524 0.36767503619194 0.385171473026276 0.374584943056107 0.384039223194122 0.406841456890106 0.410123139619827 0.435952097177505 0.40734988451004 0.409734100103378 0.423610419034958 0.420213967561722 0.408024400472641 0.463279813528061 0.492169320583344 0.457666307687759 0.491768181324005 0.370500057935715 0.366463750600815 0.3286974132061 0.45549288392067 0.46302855014801 0.542644083499908 0.514752745628357 0.529889345169067 0.570955812931061 0.623282670974731 0.676676869392395 0.753074467182159 0.743204593658447 0.773608028888702 0.781294822692871 0.814469277858734 0.827676951885223 0.840262830257416 0.846408247947693 0.856937289237976 0.872953534126282 0.894023537635803 0.900284349918365 0.931493103504181 0.933379530906677 0.953050851821899 0.951512396335602
0.581031560897827 0.507879137992859 0.456856966018677 0.375775068998337 0.414005756378174 0.374838203191757 0.392658323049545 0.404974609613419 0.414816707372665 0.430105924606323 0.399823129177094 0.426638901233673 0.407458066940308 0.44622740149498 0.363655894994736 0.416530877351761 0.454689651727676 0.406408190727234 0.368344962596893 0.384906738996506 0.431334495544434 0.500968813896179 0.483365595340729 0.481459140777588 0.429978370666504 0.36951732635498 0.367287307977676 0.408718466758728 0.481171399354935 0.618651688098907 0.607563734054565 0.685554087162018 0.676635444164276 0.706332504749298 0.761691331863403 0.786200165748596 0.769011318683624 0.768616318702698 0.811525046825409 0.808756828308105 0.840695023536682 0.813269555568695 0.818792462348938 0.850424706935883 0.862917840480804 0.878925979137421 0.905210971832275 0.934638440608978 0.933348298072815 0.950546503067017 0.95792156457901
0.550188183784485 0.513655841350555 0.453232496976852 0.395195633172989 0.414476275444031 0.48916757106781 0.532836437225342 0.462137550115585 0.436109364032745 0.428530365228653 0.440698623657227 0.46938368678093 0.446097284555435 0.423027902841568 0.329836666584015 0.358364969491959 0.385869741439819 0.389156579971313 0.376505821943283 0.393755465745926 0.467233240604401 0.488888561725616 0.510153710842133 0.545754194259644 0.502626061439514 0.502369940280914 0.53688907623291 0.534307837486267 0.633359849452972 0.628727078437805 0.633638560771942 0.664896428585052 0.666558265686035 0.682727038860321 0.744557321071625 0.781101524829865 0.804070174694061 0.824635028839111 0.794430613517761 0.813539385795593 0.817346811294556 0.827770829200745 0.870073795318604 0.867098152637482 0.896937191486359 0.910927951335907 0.921391725540161 0.919776439666748 0.942823648452759 0.950788557529449 0.956337451934814
0.55115669965744 0.489218443632126 0.477209389209747 0.487208217382431 0.500295519828796 0.381924331188202 0.389700680971146 0.498680114746094 0.462278664112091 0.455356985330582 0.459627747535706 0.464771777391434 0.452243804931641 0.465603649616241 0.420631855726242 0.349461168050766 0.316362828016281 0.356190353631973 0.367369413375854 0.455465257167816 0.493889719247818 0.539335370063782 0.517288744449615 0.548886775970459 0.602748930454254 0.585325121879578 0.621657907962799 0.628610074520111 0.627716183662415 0.659671783447266 0.722964763641357 0.678501904010773 0.64574933052063 0.653520822525024 0.671570658683777 0.745736956596375 0.790319979190826 0.728217959403992 0.799411714076996 0.804496884346008 0.820397436618805 0.856139004230499 0.867096066474915 0.879353284835815 0.912809312343597 0.924387574195862 0.905837059020996 0.929006695747375 -3.4e+38 -3.4e+38 -3.4e+38
0.535453021526337 0.551466941833496 0.496114730834961 0.506382703781128 0.474669396877289 0.379189282655716 0.33681184053421 0.42209792137146 0.537584602832794 0.508183658123016 0.51171088218689 0.478366672992706 0.494178265333176 0.43590235710144 0.435028433799744 0.315160095691681 0.27008780837059 0.302865862846375 0.385320365428925 0.503572821617126 0.530758917331696 0.620426952838898 0.574188232421875 0.603680968284607 0.521808922290802 0.612220406532288 0.600479602813721 0.638464510440826 0.579712510108948 0.651713371276855 0.66759979724884 0.618352830410004 0.655445873737335 0.693977832794189 0.725316107273102 0.70797723531723 0.73127818107605 0.750605583190918 0.795405030250549 0.786597669124603 0.829326510429382 0.817494571208954 0.834273099899292 0.880438625812531 0.893038809299469 0.905041337013245 0.912923991680145 0.924752414226532 -3.4e+38 -3.4e+38 0.95500522851944
0.501671373844147 0.511174857616425 0.515322506427765 0.488932520151138 0.426946550607681 0.391070336103439 0.40824368596077 0.424874544143677 0.48616424202919 0.495805352926254 0.474833428859711 0.487871825695038 0.55710357427597 0.53414261341095 0.490633338689804 0.434730470180511 0.26652467250824 0.334495633840561 0.392527252435684 0.445681631565094 0.567881047725677 0.537545800209045 0.510328352451324 0.533355832099915 0.513081789016724 0.562589168548584 0.543416976928711 0.493485987186432 0.609460890293121 0.661803722381592 0.719915449619293 0.663959980010986 0.697517991065979 0.710658848285675 0.712738811969757 0.729813516139984 0.741865992546082 0.737264394760132 0.757459759712219 0.753822386264801 0.786230087280273 0.817791879177094 0.847448945045471 0.834696173667908 -3.4e+38 -3.4e+38 0.908534228801727 0.9166179895401 -3.4e+38 -3.4e+38 -3.4e+38
0.515592455863953 0.491994112730026 0.478983879089355 0.45281195640564 0.437331646680832 0.358360111713409 0.408853381872177 0.382849901914597 0.435594439506531 0.471681743860245 0.514516174793243 0.493079900741577 0.512910902500153 0.480974465608597 0.521805167198181 0.475163221359253 0.351207315921783 0.291733711957932 0.376808166503906 0.508388996124268 0.57641190290451 0.535711288452148 0.511354744434357 0.580876469612122 0.594591557979584 0.66861218214035 0.655302405357361 0.64145439863205 0.702559351921082 0.722588777542114 0.715305984020233 0.729080140590668 0.726981699466705 0.716043531894684 0.727294266223907 0.722322642803192 0.771736979484558 0.774887919425964 0.757510006427765 0.7422154545784 0.761793315410614 0.782976090908051 0.816009640693665 0.840875148773193 0.835466206073761 -3.4e+38 -3.4e+38 -3.4e+38 -3.4e+38 -3.4e+38 -3.4e+38
0.56148236989975 0.544585049152374 0.450724631547928 0.440134733915329 0.403053253889084 0.378448218107224 0.376217037439346 0.339554995298386 0.410747826099396 0.461860954761505 0.482164233922958 0.486481696367264 0.472174376249313 0.44857931137085 0.472000777721405 0.401547253131866 0.454402506351471 0.448882251977921 0.434296160936356 0.429144293069839 0.473414838314056 0.515196561813354 0.545786261558533 0.615867435932159 0.671598613262177 0.623965382575989 0.700965404510498 0.693883657455444 0.665876686573029 0.723501980304718 0.725753843784332 0.72110116481781 0.735189437866211 0.721773982048035 0.736408233642578 0.729430615901947 0.756016492843628 0.658249318599701 0.72570937871933 0.697820782661438 0.707831919193268 0.737563133239746 0.775264978408813 -3.4e+38 -3.4e+38 -3.4e+38 -3.4e+38 -3.4e+38 -3.4e+38 -3.4e+38 -3.4e+38
0.508690118789673 0.455994307994843 0.514716684818268 0.451875120401382 0.423447757959366 0.421724766492844 0.318703681230545 0.325042128562927 0.402171641588211 0.415329188108444 0.391131430864334 0.454693913459778 0.429990291595459 0.40157425403595 0.490032881498337 0.447793990373611 0.419577449560165 0.450588911771774 0.515945196151733 0.434422940015793 0.46458038687706 0.572734832763672 0.659157633781433 0.685440599918365 0.637743771076202 0.625507354736328 0.619917750358582 0.650928199291229 0.713420450687408 0.692738592624664 0.740924894809723 0.728062629699707 0.720179975032806 0.746677935123444 0.731841444969177 0.729688405990601 0.638795614242554 0.606722593307495 0.600187480449677 0.642671048641205 0.668779373168945 0.705419361591339 -3.4e+38 -3.4e+38 -3.4e+38 -3.4e+38 -3.4e+38 -3.4e+38 -3.4e+38 -3.4e+38 -3.4e+38
0.475802451372147 0.489857852458954 0.487912774085999 0.4599729180336 0.435025453567505 0.434718728065491 0.405212134122849 0.344957858324051 0.330308616161346 0.349023878574371 0.375587105751038 0.349839299917221 0.357589423656464 0.335058331489563 0.396185755729675 0.460239112377167 0.488123685121536 0.533243358135223 0.576804518699646 0.542320430278778 0.54787939786911 0.580312609672546 0.621249794960022 0.686048328876495 0.670327484607697 0.597098171710968 0.539072692394257 0.604606628417969 0.684861540794373 0.727651059627533 0.711941242218018 0.739076793193817 0.745209336280823 0.651630878448486 0.626592576503754 0.585539937019348 0.542230486869812 0.594924688339233 -3.4e+38 -3.4e+38 -3.4e+38 -3.4e+38 -3.4e+38 -3.4e+38 -3.4e+38 -3.4e+38 -3.4e+38 -3.4e+38 -3.4e+38 -3.4e+38 -3.4e+38
0.487816751003265 0.488979250192642 0.438606470823288 0.446579158306122 0.433456838130951 0.408782452344894 0.392296612262726 0.331978619098663 0.271484285593033 0.235099256038666 0.275022059679031 0.292660862207413 0.318524360656738 0.358093321323395 0.411314576864243 0.412469565868378 0.468544483184814 0.500868439674377 0.523516654968262 0.60086989402771 0.66380912065506 0.694020807743073 0.702421009540558 0.588360249996185 0.529449939727783 0.68461000919342 0.642388164997101 0.651633143424988 0.739268481731415 0.738171577453613 0.726662755012512 0.706524431705475 0.667433321475983 0.624175429344177 0.596013724803925 0.552758693695068 0.57403963804245 -3.4e+38 -3.4e+38 -3.4e+38 -3.4e+38 -3.4e+38 -3.4e+38 -3.4e+38 -3.4e+38 -3.4e+38 -3.4e+38 -3.4e+38 -3.4e+38 -3.4e+38 -3.4e+38
0.464776635169983 0.449737459421158 0.447037845849991 0.458448678255081 0.444939523935318 0.395938634872437 0.377759218215942 0.284918397665024 0.150478333234787 0.072404682636261 0.11127283424139 0.2019182741642 0.290136337280273 0.339553773403168 0.360369503498077 0.385084956884384 0.485780328512192 0.511347830295563 0.559641003608704 0.602790236473083 0.665450096130371 0.6334068775177 0.677659869194031 0.649611949920654 0.644214034080505 0.55224746465683 0.624158620834351 0.622847974300385 0.745711982250214 0.685293793678284 0.688006281852722 0.640289902687073 0.606198132038116 0.55962073802948 0.544260919094086 0.550147414207458 -3.4e+38 -3.4e+38 -3.4e+38 -3.4e+38 -3.4e+38 -3.4e+38 -3.4e+38 -3.4e+38 -3.4e+38 -3.4e+38 -3.4e+38 -3.4e+38 -3.4e+38 -3.4e+38 -3.4e+38
0.423373997211456 0.397335171699524 0.409844547510147 0.446588635444641 0.452344208955765 0.415744602680206 0.36336874961853 0.280101746320724 0.189263463020325 0.0910796448588371 0.0906388610601425 0.177172183990479 0.267504960298538 0.319300830364227 0.384754955768585 0.429712742567062 0.47672426700592 0.498656511306763 0.582842111587524 0.652087092399597 0.600050032138824 0.673018455505371 0.641485869884491 0.474207162857056 0.564651608467102 0.532486140727997 0.668737471103668 0.667008876800537 0.749878168106079 0.7048020362854 0.677765071392059 0.601857662200928 0.521137952804565 0.518963158130646 -3.4e+38 -3.4e+38 -3.4e+38 -3.4e+38 -3.4e+38 -3.4e+38 -3.4e+38 -3.4e+38 -3.4e+38 -3.4e+38 -3.4e+38 -3.4e+38 -3.4e+38 -3.4e+38 -3.4e+38 -3.4e+38 -3.4e+38
0.456147611141205 0.457649320363998 0.403416991233826 0.442175328731537 0.413454532623291 0.424840062856674 0.36096054315567 0.317177504301071 0.258861839771271 0.198333412408829 0.188559681177139 0.195342496037483 0.294179081916809 0.3497114777565 0.347619831562042 0.392671227455139 0.485903263092041 0.502681970596313 0.557038545608521 0.606319606304169 0.622090280056 0.673261284828186 0.603681921958923 0.501515746116638 0.448283761739731 0.523782074451447 0.720972537994385 0.769865155220032 0.745893180370331 0.590851664543152 0.604984879493713 0.558676183223724 0.51184207201004 -3.4e+38 -3.4e+38 -3.4e+38 -3.4e+38 -3.4e+38 -3.4e+38 -3.4e+38 -3.4e+38 -3.4e+38 -3.4e+38 -3.4e+38 -3.4e+38 -3.4e+38 -3.4e+38 -3.4e+38 -3.4e+38 -3.4e+38 -3.4e+38
0.489535510540009 0.476799249649048 0.438969552516937 0.437475949525833 0.434538185596466 0.383925080299377 0.296151369810104 0.225841194391251 0.228618040680885 0.261257708072662 0.321690768003464 0.326331228017807 0.348916500806808 0.290248155593872 0.22237129509449 0.324958294630051 0.434945553541183 0.501928448677063 0.578744649887085 0.626439332962036 0.570309579372406 0.494150668382645 0.376466453075409 0.442398399114609 0.378863275051117 0.670434951782227 0.769246935844421 0.74814510345459 0.661987245082855 0.540544211864471 0.507598161697388 0.513566255569458 -3.4e+38 -3.4e+38 -3.4e+38 -3.4e+38 -3.4e+38 -3.4e+38 -3.4e+38 -3.4e+38 -3.4e+38 -3.4e+38 -3.4e+38 -3.4e+38 -3.4e+38 -3.4e+38 -3.4e+38 -3.4e+38 -3.4e+38 -3.4e+38 -3.4e+38
0.469162374734879 0.495974838733673 0.473011285066605 0.459547162055969 0.430457323789597 0.332348227500916 0.192679390311241 0.248801037669182 0.242996767163277 0.340465217828751 0.390435636043549 0.433520525693893 0.460043251514435 0.359088689088821 0.329527020454407 0.372938454151154 0.447463899850845 0.496118456125259 0.597246170043945 0.529835760593414 0.536904036998749 0.531286537647247 0.381643116474152 0.236100062727928 0.495653122663498 0.771014988422394 0.764495730400085 0.728576302528381 0.638398110866547 0.519652426242828 0.483094602823257 -3.4e+38 -3.4e+38 -3.4e+38 -3.4e+38 -3.4e+38 -3.4e+38 -3.4e+38 -3.4e+38 -3.4e+38 -3.4e+38 -3.4e+38 -3.4e+38 -3.4e+38 -3.4e+38 -3.4e+38 -3.4e+38 -3.4e+38 -3.4e+38 -3.4e+38 -3.4e+38
0.563080430030823 0.539140939712524 0.501167118549347 0.477800279855728 0.466187238693237 0.397245705127716 0.329069584608078 0.294742465019226 0.334076762199402 0.376484572887421 0.444967120885849 0.450223207473755 0.537969529628754 0.486370265483856 0.458706676959991 0.523552000522614 0.406712979078293 0.413468956947327 0.545058965682983 0.443998336791992 0.367845386266708 0.405810117721558 0.361516505479813 0.386905819177628 0.757164359092712 0.783308625221252 0.782294094562531 0.675703406333923 0.603284060955048 0.52020651102066 -3.4e+38 -3.4e+38 -3.4e+38 -3.4e+38 -3.4e+38 -3.4e+38 -3.4e+38 -3.4e+38 -3.4e+38 -3.4e+38 -3.4e+38 -3.4e+38 -3.4e+38 -3.4e+38 -3.4e+38 -3.4e+38 -3.4e+38 -3.4e+38 -3.4e+38 -3.4e+38 -3.4e+38
