data/climate_estimation/maxent_output/Lilium_concolor.asc
NCOLS 354 
NROWS 280 
XLLCORNER 106.583333333333 
YLLCORNER 31.25 
CELLSIZE 0.0833333333333333 
NODATA_value -3.4e+38 
[rows 140 to 159 of 280, columns 180 to 224 of 354]
0.680686771869659 0.680178225040436 0.681674063205719 0.672702312469482 0.671723902225494 0.674554884433746 0.663674116134644 0.667548775672913 0.669691979885101 0.673745453357697 0.662498295307159 0.670017719268799 0.663049101829529 0.750164330005646 0.747832596302032 0.736353099346161 0.738195955753326 0.733350813388824 0.730446100234985 0.738811194896698 0.727646946907043 0.738544285297394 0.743185043334961 0.743063628673553 0.751249492168427 0.749408602714539 0.7542484998703 0.753495156764984 0.761567234992981 0.761944055557251 0.762446999549866 0.769934117794037 0.777813136577606 0.774198174476624 0.770027697086334 0.784182190895081 0.780885398387909 0.777562141418457 0.777576744556427 0.769513547420502 0.776185572147369 0.766798377037048 0.76676619052887 0.76806378364563 0.766894936561584
0.701213240623474 0.686513721942902 0.67745566368103 0.668762981891632 0.67551177740097 0.673278629779816 0.669786214828491 0.675089836120605 0.671803295612335 0.674397110939026 0.66794353723526 0.674555718898773 0.745646893978119 0.750703394412994 0.740240395069122 0.73346358537674 0.734664678573608 0.734774947166443 0.735382795333862 0.731129467487335 0.733891725540161 0.746187329292297 0.745151102542877 0.740167677402496 0.748327255249023 0.752962172031403 0.753063380718231 0.754651963710785 0.756898403167725 0.75228089094162 0.764748454093933 0.779058575630188 0.770115911960602 0.770853638648987 0.781521737575531 0.779438257217407 0.767817556858063 0.773457705974579 0.774769008159637 0.787002801895142 0.779817640781403 0.77829897403717 0.780317902565002 0.774702370166779 0.768301486968994
0.697506368160248 0.697381913661957 0.679725527763367 0.675023317337036 0.665463268756866 0.669532537460327 0.670317053794861 0.662784218788147 0.67339426279068 0.667735934257507 0.672772765159607 0.678710222244263 0.754668593406677 0.751560389995575 0.745712518692017 0.742804765701294 0.735209763050079 0.738293170928955 0.7294682264328 0.728110611438751 0.743496537208557 0.743520736694336 0.73755818605423 0.73878401517868 0.750302195549011 0.750783026218414 0.755821228027344 0.753435015678406 0.759774625301361 0.758016526699066 0.764691650867462 0.767278850078583 0.767668545246124 0.765536904335022 0.768418729305267 0.766693115234375 0.76898854970932 0.77073210477829 0.766062676906586 0.772477090358734 0.781440019607544 0.779231429100037 0.776074290275574 0.772547483444214 0.774068295955658
0.702700436115265 0.691658556461334 0.688165247440338 0.676317095756531 0.670301973819733 0.672416627407074 0.668000280857086 0.658413529396057 0.668790936470032 0.668596804141998 0.680575370788574 0.66625988483429 0.755541086196899 0.74775904417038 0.74805223941803 0.738202214241028 0.732171654701233 0.734628021717072 0.726742148399353 0.733826279640198 0.73832643032074 0.736999690532684 0.74500834941864 0.749071896076202 0.75245863199234 0.747333824634552 0.750955998897552 0.751019597053528 0.749295234680176 0.754936873912811 0.751350522041321 0.758384704589844 0.768810927867889 0.777848362922668 0.773596346378326 0.774122357368469 0.775096952915192 0.780327260494232 0.78036504983902 0.773996293544769 0.770709574222565 0.785501182079315 0.778102219104767 0.77816516160965 0.771834313869476
0.687781929969788 0.682151138782501 0.676641523838043 0.671572089195251 0.678221821784973 0.670202970504761 0.672469437122345 0.669702112674713 0.663124322891235 0.674471199512482 0.664041996002197 0.667858779430389 0.746363520622253 0.751541256904602 0.748337388038635 0.745163142681122 0.737769544124603 0.73691201210022 0.730919420719147 0.745040953159332 0.748449206352234 0.736454248428345 0.736597299575806 0.744786977767944 0.744252443313599 0.739676415920258 0.743083536624908 0.745943188667297 0.749751448631287 0.75287663936615 0.75223034620285 0.759634912014008 0.764639854431152 0.766428112983704 0.763374984264374 0.771150231361389 0.778384983539581 0.78469979763031 0.779214382171631 0.779439985752106 0.783651173114777 0.797590553760529 0.789645612239838 0.787370562553406 0.782820522785187
0.700075566768646 0.680377423763275 0.683213949203491 0.675694406032562 0.675436556339264 0.670700371265411 0.668870866298676 0.66980105638504 0.65725839138031 0.665840983390808 0.675575494766235 0.667744815349579 0.749053120613098 0.744397521018982 0.749802947044373 0.750036776065826 0.73238343000412 0.732214152812958 0.740800142288208 0.748786687850952 0.738031923770905 0.736268043518066 0.75692230463028 0.737330555915833 0.741051018238068 0.742114543914795 0.740570425987244 0.751870036125183 0.747037947177887 0.752503037452698 0.758589625358582 0.770247042179108 0.774802148342133 0.774693846702576 0.766439318656921 0.770389497280121 0.782499849796295 0.780559003353119 0.792694449424744 0.7874516248703 0.784574329853058 0.790240466594696 0.795805513858795 0.789361774921417 0.788892865180969
0.683359622955322 0.689568400382996 0.783636569976807 0.673652708530426 0.670232176780701 0.669105470180511 0.661905169487 0.661102592945099 0.66900235414505 0.671374440193176 0.667098641395569 0.669061064720154 0.745682597160339 0.749107658863068 0.745061278343201 0.736538589000702 0.73771059513092 0.734002232551575 0.731532275676727 0.735347151756287 0.738187611103058 0.741607844829559 0.741566777229309 0.741804838180542 0.733610033988953 0.736304640769958 0.745825827121735 0.748189091682434 0.74150538444519 0.756107211112976 0.761389553546906 0.772451877593994 0.78111732006073 0.783381700515747 0.779487371444702 0.777775287628174 0.772193074226379 0.783716976642609 0.78549587726593 0.777324557304382 0.780099928379059 0.785286486148834 0.792712092399597 0.79056441783905 0.787045359611511
0.784392654895782 0.79262363910675 0.778257250785828 0.762002468109131 0.759349882602692 0.758946776390076 0.754133284091949 0.747688293457031 0.747981429100037 0.742895841598511 0.750563859939575 0.752932012081146 0.747163653373718 0.749958693981171 0.742470681667328 0.740176975727081 0.746823191642761 0.732468962669373 0.735390245914459 0.738119125366211 0.731409132480621 0.737070322036743 0.733968138694763 0.732033014297485 0.732628524303436 0.742822468280792 0.74502819776535 0.748610377311707 0.749436795711517 0.758521437644958 0.76250833272934 0.762555062770844 0.768997430801392 0.77532571554184 0.779674410820007 0.773179769515991 0.782117068767548 0.786299467086792 0.799227595329285 0.794299900531769 0.792190253734589 0.782042860984802 0.788902640342712 0.786615312099457 0.788710713386536
0.79833984375 0.797716438770294 0.792349219322205 0.777121663093567 0.771145761013031 0.761041522026062 0.759927213191986 0.751170516014099 0.752271175384521 0.754609823226929 0.743169486522675 0.748453617095947 0.743943870067596 0.745021104812622 0.737443149089813 0.745775699615479 0.73640638589859 0.732567429542542 0.736471951007843 0.740293920040131 0.735470950603485 0.731056749820709 0.730127215385437 0.73633599281311 0.732534229755402 0.736343622207642 0.747098207473755 0.746762812137604 0.755168080329895 0.75806725025177 0.763662099838257 0.770458817481995 0.777198791503906 0.776346147060394 0.781408786773682 0.794407784938812 0.793862998485565 0.794197142124176 0.801335513591766 0.80240273475647 0.797407865524292 0.793292701244354 0.786127030849457 0.791943728923798 0.791363537311554
0.782546758651733 0.773770451545715 0.773659527301788 0.764785170555115 0.767177402973175 0.756820917129517 0.756484389305115 0.74993485212326 0.751706421375275 0.751622915267944 0.750534415245056 0.748086214065552 0.747077405452728 0.739173531532288 0.740871906280518 0.741421282291412 0.733989894390106 0.730925381183624 0.740298986434937 0.735323905944824 0.728672921657562 0.731584906578064 0.729423224925995 0.725654184818268 0.734163522720337 0.735567808151245 0.747052788734436 0.749717056751251 0.767900407314301 0.771615207195282 0.774415373802185 0.781606554985046 0.780667424201965 0.791504204273224 0.797665476799011 0.806448757648468 0.808207631111145 0.806758642196655 0.802219390869141 0.799336969852448 0.796260952949524 0.790889024734497 0.798501253128052 0.801415622234344 0.79721599817276
0.757403016090393 0.762601315975189 0.773048460483551 0.783504486083984 0.766745328903198 0.751054167747498 0.746040880680084 0.743092238903046 0.750949501991272 0.745487213134766 0.746365904808044 0.743624687194824 0.748213410377502 0.744766891002655 0.748381793498993 0.744730532169342 0.737975180149078 0.729908585548401 0.735007464885712 0.731604397296906 0.73364520072937 0.728791117668152 0.731816947460175 0.730996906757355 0.73880010843277 0.74662572145462 0.755742847919464 0.764976441860199 0.773875296115875 0.775087535381317 0.777812063694 0.775990903377533 0.783121585845947 0.792190253734589 0.79898202419281 0.802401125431061 0.792669653892517 0.785496830940247 0.795406997203827 0.793616354465485 0.811162889003754 0.814374446868896 0.813557326793671 0.806380748748779 0.808925986289978
0.764133870601654 0.771173179149628 0.808759272098541 0.783487439155579 0.764694690704346 0.754124581813812 0.746736824512482 0.741287052631378 0.745393037796021 0.753693103790283 0.745884895324707 0.753274261951447 0.749936103820801 0.746130764484406 0.750081121921539 0.748179912567139 0.745238959789276 0.74076920747757 0.738882422447205 0.73584246635437 0.733763515949249 0.731126248836517 0.737931787967682 0.73866593837738 0.738068461418152 0.748150527477264 0.752309083938599 0.763188362121582 0.769837021827698 0.774639129638672 0.779147803783417 0.782370269298553 0.777227938175201 0.787228465080261 0.789032459259033 0.794519662857056 0.793693244457245 0.803032875061035 0.811881899833679 0.815704703330994 0.81281054019928 0.814045310020447 0.817466735839844 0.822474896907806 0.821425378322601
0.766004920005798 0.794017732143402 0.806150197982788 0.771840989589691 0.754705548286438 0.748232483863831 0.749293208122253 0.751710057258606 0.741899013519287 0.749351024627686 0.747441649436951 0.745816171169281 0.749151825904846 0.744482219219208 0.74510794878006 0.744663596153259 0.735620200634003 0.738064825534821 0.73752772808075 0.739726483821869 0.738833427429199 0.738279759883881 0.7378049492836 0.741885125637054 0.744860231876373 0.744673252105713 0.749708235263824 0.751675367355347 0.761857151985168 0.773035228252411 0.779975473880768 0.785612642765045 0.77801251411438 0.788303196430206 0.806393086910248 0.81423157453537 0.826349496841431 0.829430520534515 0.830960333347321 0.829802095890045 0.826778709888458 0.832463562488556 0.82634174823761 0.823945105075836 0.814892411231995
0.784672379493713 0.797570109367371 0.796234905719757 0.77183324098587 0.756269812583923 0.758821725845337 0.748202323913574 0.754492342472076 0.748067080974579 0.756076335906982 0.749846041202545 0.753936409950256 0.75358122587204 0.75579696893692 0.754667043685913 0.74624490737915 0.748085379600525 0.742630541324615 0.737655878067017 0.739270746707916 0.739027976989746 0.740789830684662 0.744486093521118 0.746873259544373 0.74656617641449 0.74837189912796 0.758276164531708 0.764006316661835 0.774392247200012 0.776727557182312 0.783171236515045 0.799704015254974 0.803276002407074 0.803835988044739 0.801475405693054 0.806985020637512 0.808171153068542 0.828489422798157 0.821092963218689 0.833354830741882 0.824259221553802 0.818317413330078 0.820088148117065 0.827369511127472 0.821193099021912
0.800053417682648 0.845744252204895 0.793911993503571 0.767449915409088 0.766076683998108 0.755450308322906 0.761420428752899 0.753823518753052 0.760263204574585 0.756916165351868 0.759115815162659 0.753608763217926 0.756209492683411 0.751888334751129 0.747608542442322 0.740069627761841 0.750078439712524 0.743450880050659 0.746760785579681 0.741895258426666 0.750330984592438 0.751162648200989 0.741042852401733 0.752857267856598 0.756063878536224 0.763114154338837 0.770561933517456 0.774147748947144 0.789223372936249 0.789451777935028 0.797791063785553 0.807897865772247 0.819626569747925 0.833299100399017 0.829244256019592 0.82408607006073 0.823998689651489 0.823103845119476 0.820851445198059 0.818527638912201 0.813989043235779 0.81827437877655 0.824366211891174 0.829378008842468 0.818361699581146
0.803981304168701 0.821008324623108 0.775472581386566 0.77080237865448 0.762126326560974 0.754367589950562 0.756941020488739 0.760530173778534 0.754502832889557 0.759856402873993 0.758489549160004 0.747485399246216 0.749529302120209 0.748423457145691 0.748839557170868 0.751975059509277 0.75504857301712 0.749872863292694 0.74712872505188 0.746956706047058 0.754170298576355 0.753248989582062 0.756158828735352 0.758478343486786 0.766369879245758 0.772548019886017 0.784224390983582 0.787312209606171 0.797539830207825 0.803389072418213 0.817713618278503 0.823699593544006 0.831342458724976 0.841874718666077 0.853328466415405 0.838539004325867 0.832502245903015 0.834347665309906 0.829455316066742 0.831953585147858 0.82820188999176 0.842755556106567 0.839062392711639 0.835566222667694 0.830828845500946
0.819379508495331 0.777737617492676 0.775309860706329 0.770552217960358 0.761203050613403 0.760466396808624 0.756191432476044 0.761961579322815 0.758172035217285 0.758655071258545 0.754466950893402 0.754165530204773 0.756220996379852 0.75140643119812 0.755216181278229 0.753947019577026 0.751466751098633 0.751864671707153 0.746492147445679 0.750648140907288 0.756879687309265 0.759550988674164 0.761987090110779 0.767183363437653 0.776540577411652 0.782486140727997 0.7950040102005 0.809867680072784 0.816987156867981 0.829208076000214 0.831567585468292 0.836933255195618 0.838247776031494 0.835422396659851 0.83814924955368 0.837926685810089 0.846509516239166 0.846107006072998 0.850207626819611 0.842339158058167 0.847897410392761 0.839482843875885 0.835073053836823 0.842329621315002 0.831632912158966
0.806855976581573 0.77923971414566 0.767040312290192 0.770153403282166 0.769395291805267 0.759375512599945 0.765604078769684 0.764448642730713 0.7531778216362 0.752877175807953 0.757739901542664 0.760736405849457 0.756578266620636 0.754067361354828 0.752529203891754 0.75210577249527 0.749155640602112 0.752992868423462 0.755587339401245 0.759496629238129 0.762764990329742 0.764966368675232 0.766619622707367 0.780332088470459 0.788527131080627 0.794891357421875 0.80205374956131 0.812394797801971 0.825267910957336 0.827493369579315 0.835030376911163 0.833331644535065 0.83196085691452 0.844147980213165 0.840533852577209 0.839227914810181 0.850970864295959 0.850464761257172 0.853330790996552 0.851766884326935 0.845391809940338 0.846811354160309 0.845024347305298 0.846758961677551 0.841407775878906
0.787199139595032 0.771905183792114 0.776662290096283 0.776523768901825 0.766120374202728 0.766272783279419 0.762947142124176 0.758173644542694 0.760188400745392 0.76107382774353 0.757680118083954 0.757380366325378 0.765075623989105 0.75053471326828 0.755159854888916 0.755463302135468 0.75762677192688 0.758622348308563 0.77170068025589 0.762415051460266 0.763798952102661 0.773441970348358 0.78267502784729 0.79378741979599 0.808531582355499 0.809364557266235 0.81260484457016 0.817948639392853 0.833509206771851 0.836336374282837 0.852707386016846 0.84045398235321 0.840384185314178 0.847622454166412 0.845960021018982 0.855144143104553 0.854099988937378 0.856946647167206 0.84846305847168 0.855891585350037 0.852111279964447 0.845528244972229 0.843192577362061 0.845039904117584 0.842935979366302
0.782568037509918 0.782176315784454 0.775537431240082 0.775985598564148 0.767091155052185 0.76366138458252 0.762985527515411 0.762233018875122 0.7587970495224 0.765916347503662 0.75964742898941 0.765546321868896 0.760893702507019 0.753547847270966 0.759528696537018 0.768370091915131 0.760289669036865 0.766104638576508 0.771444082260132 0.772806227207184 0.779518306255341 0.778320372104645 0.793353080749512 0.803115248680115 0.811965346336365 0.817157089710236 0.828156232833862 0.837523102760315 0.847593188285828 0.850572049617767 0.843285977840424 0.855420291423798 0.859600484371185 0.85252457857132 0.854534327983856 0.857776045799255 0.858089983463287 0.862180709838867 0.866662502288818 0.869434595108032 0.868436098098755 0.859907746315002 0.865217268466949 0.864492535591125 0.847009837627411
