data/climate_estimation/maxent_output/Lilium_lancifolium.asc
NCOLS 633 
NROWS 240 
XLLCORNER 93.0833333333333 
YLLCORNER 24.1666666666667 
CELLSIZE 0.0833333333333333 
NODATA_value -3.4e+38 
[rows 168 to 188 of 240, columns 147 to 195 of 633]
0.547932744026184 0.545178472995758 0.540725350379944 0.536639213562012 0.540985822677612 0.53675103187561 0.544309854507446 0.533441781997681 0.532203793525696 0.546204209327698 0.513843595981598 0.497102230787277 0.50918185710907 0.50552499294281 0.514579474925995 0.586500942707062 0.71376359462738 0.553054332733154 0.601281762123108 0.554786503314972 0.578256726264954 0.669566094875336 0.594912588596344 0.601159274578094 0.60655003786087 0.613838791847229 0.652207374572754 0.634243547916412 0.608326017856598 0.709188163280487 0.593177855014801 0.624703347682953 0.774442970752716 0.830330073833466 0.824800610542297 0.830869019031525 0.790049850940704 0.769298613071442 0.749833464622498 0.815458059310913 0.85703319311142 0.850910723209381 0.802263855934143 0.782018661499023 0.8732048869133 0.873403191566467 0.862416207790375 0.838911890983582 0.85176682472229
0.540153503417969 0.544092357158661 0.531482636928558 0.537012755870819 0.531135439872742 0.514115273952484 0.527969121932983 0.516949892044067 0.507996559143066 0.512320280075073 0.498161822557449 0.487548351287842 0.477524489164352 0.507495105266571 0.55520486831665 0.662705838680267 0.614108502864838 0.586387395858765 0.556021690368652 0.555552423000336 0.650199770927429 0.572497069835663 0.581424295902252 0.59722101688385 0.608004093170166 0.62068098783493 0.595809638500214 0.598548650741577 0.663291990756989 0.625623643398285 0.594366073608398 0.74151885509491 0.818377792835236 0.775800228118896 0.827812075614929 0.796195447444916 0.790811121463776 0.765615284442902 0.720268726348877 0.821348786354065 0.854256510734558 0.864798367023468 0.809943914413452 0.870313942432404 0.860002458095551 0.866947829723358 0.877569198608398 0.885118663311005 0.878377020359039
0.556034088134766 0.538953900337219 0.533532619476318 0.526388943195343 0.53730183839798 0.518765807151794 0.510525345802307 0.506867229938507 0.504648685455322 0.497832655906677 0.483675420284271 0.479392349720001 0.502776443958282 0.539973795413971 0.58616054058075 0.537662208080292 0.620243966579437 0.59538733959198 0.558025777339935 0.592908143997192 0.59162825345993 0.568068087100983 0.594259798526764 0.582414209842682 0.622338593006134 0.608906090259552 0.56564337015152 0.645739853382111 0.625131368637085 0.581344187259674 0.670481503009796 0.802367508411407 0.757602035999298 0.790390253067017 0.814158201217651 0.759921133518219 0.72412109375 0.835572242736816 0.764043390750885 0.827593207359314 0.857202708721161 0.866852223873138 0.864054441452026 0.864788353443146 0.87569797039032 0.878380417823792 0.873227119445801 0.8702632188797 0.885954439640045
0.550710678100586 0.543250441551208 0.558828055858612 0.549159109592438 0.559220254421234 0.51075291633606 0.505524218082428 0.505443513393402 0.502079606056213 0.491619348526001 0.497380197048187 0.541788697242737 0.507846415042877 0.509970605373383 0.550799429416656 0.57534259557724 0.586710572242737 0.551587820053101 0.514839768409729 0.602680802345276 0.546875238418579 0.554478824138641 0.571838676929474 0.621381342411041 0.622862458229065 0.534449338912964 0.564912676811218 0.615568697452545 0.576667845249176 0.64405632019043 0.774618625640869 0.758566617965698 0.759750604629517 0.824824631214142 0.795537352561951 0.785136163234711 0.815193474292755 0.803705811500549 0.845355153083801 0.839147448539734 0.837883710861206 0.85468327999115 0.862471163272858 0.867290794849396 0.871830999851227 0.862926840782166 0.87907737493515 0.882803201675415 0.871222674846649
0.542955636978149 0.536037564277649 0.563866794109344 0.566750109195709 0.558255434036255 0.538971424102783 0.494170904159546 0.489934027194977 0.507267117500305 0.491775572299957 0.545456111431122 0.50345367193222 0.514948189258575 0.520402610301971 0.488561898469925 0.537755370140076 0.546762406826019 0.558514773845673 0.534315228462219 0.534865915775299 0.518894195556641 0.553298950195312 0.599667251110077 0.592794895172119 0.588532984256744 0.576275944709778 0.677607357501984 0.6901034116745 0.682981729507446 0.689023971557617 0.749455571174622 0.784560143947601 0.813820242881775 0.728585124015808 0.680210828781128 0.793036460876465 0.828714430332184 0.805595278739929 0.804547131061554 0.840151906013489 0.853288531303406 0.860996603965759 0.859072268009186 0.860375463962555 0.859033465385437 0.852104723453522 0.875001907348633 0.880953252315521 0.870682835578918
0.523267686367035 0.522215306758881 0.55313241481781 0.547270476818085 0.530763864517212 0.524791836738586 0.497553914785385 0.487764209508896 0.518989205360413 0.5197594165802 0.522039473056793 0.510385811328888 0.492690563201904 0.502117097377777 0.492426723241806 0.524970352649689 0.533616602420807 0.498989999294281 0.544323325157166 0.548952460289001 0.594241380691528 0.538544774055481 0.535933911800385 0.559137582778931 0.566348850727081 0.659003674983978 0.684367001056671 0.762438833713531 0.779030025005341 0.761126101016998 0.73345160484314 0.77760511636734 0.79312139749527 0.687328338623047 0.708280742168427 0.830598533153534 0.825129568576813 0.815178334712982 0.803694009780884 0.8228639960289 0.846374690532684 0.803464770317078 0.865936160087585 0.852993547916412 0.834206581115723 0.87144923210144 0.868643403053284 0.882620215415955 0.881102681159973
0.499902158975601 0.508200407028198 0.534885168075562 0.514241933822632 0.512174785137177 0.514430522918701 0.502328991889954 0.52887499332428 0.488806396722794 0.5187047123909 0.483153253793716 0.487587124109268 0.491209506988525 0.471309959888458 0.492986887693405 0.477970600128174 0.505867063999176 0.49869966506958 0.50290459394455 0.601873874664307 0.564245522022247 0.588967025279999 0.645496308803558 0.652837872505188 0.601385831832886 0.607481241226196 0.638108730316162 0.768919706344604 0.653939366340637 0.721754372119904 0.733848810195923 0.72747004032135 0.74858295917511 0.761827528476715 0.819413065910339 0.816428959369659 0.823199689388275 0.806647896766663 0.757373869419098 0.826404094696045 0.849493324756622 0.844573736190796 0.849078476428986 0.84048992395401 0.862680494785309 0.872078835964203 0.875578939914703 0.872608482837677 0.863152325153351
0.501711070537567 0.52300900220871 0.509705007076263 0.499016612768173 0.500275075435638 0.525335788726807 0.528941810131073 0.493096232414246 0.511773467063904 0.490915775299072 0.474926799535751 0.478594392538071 0.500202775001526 0.47577041387558 0.468313097953796 0.510047197341919 0.479308813810349 0.517168700695038 0.528324067592621 0.605480313301086 0.634414315223694 0.653340101242065 0.687155902385712 0.705108225345612 0.673043251037598 0.625403106212616 0.758598566055298 0.608370363712311 0.638961613178253 0.582627654075623 0.789615273475647 0.789596498012543 0.793811738491058 0.798803329467773 0.809565544128418 0.789512276649475 0.801512658596039 0.74310040473938 0.78556102514267 0.822188854217529 0.845357120037079 0.832685947418213 0.848419547080994 0.864299774169922 0.860739707946777 0.871246218681335 0.856624484062195 0.825395286083221 0.826490581035614
0.510185182094574 0.50848525762558 0.495020538568497 0.485952973365784 0.508130311965942 0.524009644985199 0.497694939374924 0.534526884555817 0.481200724840164 0.473369419574738 0.467582195997238 0.503058612346649 0.506714165210724 0.461563289165497 0.472829669713974 0.510530591011047 0.522413074970245 0.525341868400574 0.529913783073425 0.613858580589294 0.69739556312561 0.691421568393707 0.718962073326111 0.741865873336792 0.643053948879242 0.760782778263092 0.752102792263031 0.701180100440979 0.646901428699493 0.736499011516571 0.757963836193085 0.727484226226807 0.754207611083984 0.785327792167664 0.787324190139771 0.72565621137619 0.790741980075836 0.792461693286896 0.809499025344849 0.836926102638245 0.823933005332947 0.803834438323975 0.858587145805359 0.824223816394806 0.864175856113434 0.847013592720032 0.84391450881958 0.824678301811218 0.795883536338806
0.497495323419571 0.49063241481781 0.482981532812119 0.484804213047028 0.496446430683136 0.502871811389923 0.483020812273026 0.492486923933029 0.469581961631775 0.460270822048187 0.485403776168823 0.475008189678192 0.468248456716537 0.464612126350403 0.484042793512344 0.510589063167572 0.531376242637634 0.552133023738861 0.564804077148438 0.670061886310577 0.714786291122437 0.711287200450897 0.696653246879578 0.692163944244385 0.713172733783722 0.738454878330231 0.681745290756226 0.723659515380859 0.757581174373627 0.746534585952759 0.759165048599243 0.694363534450531 0.746033012866974 0.723224818706512 0.712880611419678 0.785207629203796 0.810612320899963 0.800950586795807 0.782777965068817 0.829974591732025 0.829164862632751 0.81849467754364 0.858693182468414 0.793854594230652 0.872186958789825 0.85909366607666 0.861711025238037 0.846696555614471 0.811504542827606
0.465076088905334 0.462116748094559 0.495682537555695 0.484569221735001 0.51506119966507 0.478506326675415 0.486700385808945 0.46906390786171 0.469838380813599 0.465283840894699 0.471012562513351 0.45223593711853 0.453499615192413 0.467744737863541 0.488300323486328 0.524331092834473 0.59170401096344 0.537411272525787 0.614091217517853 0.67999666929245 0.693521499633789 0.665079236030579 0.701502025127411 0.689020276069641 0.757847189903259 0.724229693412781 0.761139392852783 0.724615454673767 0.733270168304443 0.70300704240799 0.729079067707062 0.773415863513947 0.779252648353577 0.718693494796753 0.770330190658569 0.815977811813354 0.815914928913116 0.830359399318695 0.814578473567963 0.825170993804932 0.832244992256165 0.849600374698639 0.805559456348419 0.874692678451538 0.865169048309326 0.84649646282196 0.827192306518555 0.79787266254425 0.880679726600647
0.442124605178833 0.475863844156265 0.475032150745392 0.481029689311981 0.482532739639282 0.509163856506348 0.47227469086647 0.459739059209824 0.47429296374321 0.447207003831863 0.456181704998016 0.473276376724243 0.464787662029266 0.47686305642128 0.537659645080566 0.548655152320862 0.672357022762299 0.564543128013611 0.66044819355011 0.674834489822388 0.693070948123932 0.653109908103943 0.714461028575897 0.755287766456604 0.700395882129669 0.681161761283875 0.669828832149506 0.678038895130157 0.771904706954956 0.773666262626648 0.718282341957092 0.785649657249451 0.789990961551666 0.759021759033203 0.762658894062042 0.760100066661835 0.796552181243896 0.791240394115448 0.820710480213165 0.836331307888031 0.853705704212189 0.853976190090179 0.866109192371368 0.87523341178894 0.859606087207794 0.814870238304138 0.775851786136627 0.838932275772095 0.868884205818176
0.448974192142487 0.44720384478569 0.459664106369019 0.469038486480713 0.480656445026398 0.473010510206223 0.449877351522446 0.464307367801666 0.455430835485458 0.440465092658997 0.464892655611038 0.452579230070114 0.478350967168808 0.470590472221375 0.53080141544342 0.557729303836823 0.632605969905853 0.594413876533508 0.669581890106201 0.65620356798172 0.668640851974487 0.683787763118744 0.732360661029816 0.765008270740509 0.714890599250793 0.772050499916077 0.744408905506134 0.708536267280579 0.733446419239044 0.758355498313904 0.774655342102051 0.782758593559265 0.786684334278107 0.761316895484924 0.808041393756866 0.730908453464508 0.799834191799164 0.809948563575745 0.827742457389832 0.840833306312561 0.843559205532074 0.851638793945312 0.869631469249725 0.871009290218353 0.857700169086456 0.750477313995361 0.815369784832001 0.798821747303009 0.868319392204285
0.433150470256805 0.449764132499695 0.447948634624481 0.465329736471176 0.44949871301651 0.435064941644669 0.43379482626915 0.446955889463425 0.442271709442139 0.44573500752449 0.485741287469864 0.466305583715439 0.554707884788513 0.546419560909271 0.486108303070068 0.530534446239471 0.536536276340485 0.592638552188873 0.625181198120117 0.645886421203613 0.703491687774658 0.74816769361496 0.595335364341736 0.766892671585083 0.766255378723145 0.762159049510956 0.776511073112488 0.770923554897308 0.785891234874725 0.776401042938232 0.752831697463989 0.802852034568787 0.773827493190765 0.801116764545441 0.790136516094208 0.738995254039764 0.829005241394043 0.82226288318634 0.830688297748566 0.832903504371643 0.845077276229858 0.866174697875977 0.87144535779953 0.854922354221344 0.771668314933777 0.7809978723526 0.790255606174469 0.811706602573395 0.830913543701172
0.421777606010437 0.435072273015976 0.436788320541382 0.437590479850769 0.449816763401031 0.444604128599167 0.434043228626251 0.458678364753723 0.46267232298851 0.544363617897034 0.537556767463684 0.510018944740295 0.558831989765167 0.57262772321701 0.586351811885834 0.608089566230774 0.542990982532501 0.590823411941528 0.552008867263794 0.615298092365265 0.734251856803894 0.702863574028015 0.706302642822266 0.768870234489441 0.750012755393982 0.781669795513153 0.77159857749939 0.725890100002289 0.791055560112 0.743093729019165 0.803724467754364 0.804000437259674 0.802310228347778 0.814729571342468 0.795888543128967 0.749300420284271 0.800487637519836 0.813455581665039 0.846108496189117 0.831891238689423 0.860383868217468 0.856805801391602 0.876650929450989 0.802050352096558 0.75635290145874 0.758953988552094 0.791281521320343 0.87628698348999 0.763527154922485
0.416827082633972 0.420207053422928 0.418166428804398 0.435229629278183 0.428598999977112 0.431530922651291 0.437400132417679 0.464160054922104 0.460612952709198 0.537153422832489 0.582533121109009 0.596040189266205 0.521131277084351 0.644128262996674 0.687328696250916 0.596804618835449 0.585957109928131 0.598067164421082 0.616284668445587 0.725869059562683 0.652250826358795 0.769110202789307 0.65776526927948 0.761098802089691 0.735814988613129 0.773876309394836 0.763936400413513 0.762966930866241 0.732322633266449 0.79810106754303 0.788479804992676 0.805888116359711 0.810587167739868 0.815397918224335 0.785207688808441 0.742933094501495 0.760839998722076 0.819682121276855 0.849658310413361 0.849701881408691 0.863284230232239 0.868125259876251 0.876917481422424 0.76501077413559 0.744692742824554 0.737650513648987 0.83565765619278 0.856905698776245 0.783116161823273
0.416533082723618 0.431810557842255 0.455397665500641 0.442302078008652 0.44195345044136 0.435820817947388 0.436861842870712 0.530912339687347 0.514455139636993 0.592848122119904 0.611009180545807 0.603386521339417 0.539773344993591 0.66795402765274 0.678623974323273 0.607524693012238 0.564139306545258 0.60783839225769 0.716647565364838 0.748974859714508 0.75651615858078 0.749603688716888 0.742920875549316 0.77008593082428 0.738166034221649 0.728936910629272 0.783799111843109 0.795600414276123 0.765347003936768 0.793440282344818 0.794139921665192 0.805103302001953 0.805367469787598 0.783047497272491 0.800679743289948 0.819082796573639 0.733791768550873 0.84477424621582 0.823126494884491 0.820869028568268 0.850568771362305 0.85319983959198 0.865092992782593 0.759363412857056 0.779739618301392 0.733105480670929 0.75866174697876 0.725102603435516 0.769076526165009
0.441546618938446 0.443828016519547 0.488750278949738 0.480514883995056 0.424240052700043 0.455044537782669 0.458468675613403 0.488322824239731 0.603450238704681 0.624222576618195 0.65201598405838 0.667768955230713 0.669121563434601 0.629766523838043 0.687174618244171 0.657746315002441 0.576955199241638 0.612859070301056 0.672843873500824 0.6899733543396 0.723475456237793 0.754979372024536 0.7695472240448 0.769110918045044 0.722195267677307 0.719650566577911 0.781381189823151 0.776837408542633 0.783397257328033 0.800453960895538 0.782248854637146 0.758340239524841 0.794755935668945 0.811371684074402 0.827153146266937 0.789121866226196 0.789455711841583 0.84721839427948 0.825116991996765 0.771255612373352 0.830880641937256 0.848213970661163 0.876140296459198 0.758219420909882 0.792658925056458 0.733529090881348 0.771436810493469 0.801025688648224 0.854823648929596
0.453224003314972 0.480505079030991 0.54720550775528 0.522536337375641 0.435942262411118 0.561424314975739 0.619884073734283 0.624033033847809 0.55920535326004 0.664357483386993 0.664396822452545 0.680282235145569 0.693080604076385 0.705417931079865 0.70425021648407 0.679954767227173 0.607353389263153 0.630868792533875 0.628477096557617 0.705593049526215 0.755059957504272 0.747993409633636 0.774829864501953 0.777731955051422 0.737342178821564 0.727068662643433 0.726638615131378 0.794456422328949 0.784108102321625 0.806490361690521 0.762733578681946 0.757650852203369 0.82270073890686 0.833233177661896 0.802401125431061 0.770942986011505 0.81927353143692 0.749426424503326 0.751014649868011 0.80431342124939 0.78489363193512 0.872176826000214 0.806462407112122 0.739807784557343 0.723189890384674 0.794834733009338 0.85822582244873 0.785773754119873 0.754424393177032
0.432677924633026 0.459728300571442 0.493440061807632 0.461281657218933 0.441579341888428 0.510118246078491 0.567046344280243 0.637401878833771 0.648357927799225 0.591133117675781 0.668622672557831 0.701444089412689 0.697952091693878 0.690818846225739 0.698649406433105 0.69405859708786 0.673711001873016 0.715088605880737 0.666949212551117 0.705420553684235 0.759144902229309 0.766552209854126 0.771906673908234 0.76954710483551 0.744187116622925 0.700216770172119 0.773272514343262 0.796269178390503 0.785431027412415 0.766373813152313 0.759538054466248 0.784907221794128 0.825353384017944 0.826133847236633 0.825548946857452 0.812905490398407 0.789754033088684 0.718728005886078 0.763960838317871 0.777093470096588 0.856839954853058 0.856561005115509 0.792730867862701 0.75070858001709 0.747480571269989 0.852221727371216 0.75785768032074 0.725735664367676 0.762459516525269
0.48442268371582 0.543813049793243 0.522953391075134 0.531882703304291 0.585032105445862 0.566717445850372 0.604218780994415 0.582026064395905 0.675436079502106 0.677959322929382 0.674935340881348 0.695101022720337 0.689843475818634 0.675422728061676 0.696496844291687 0.698614239692688 0.720860481262207 0.700422346591949 0.693084537982941 0.743661165237427 0.71908050775528 0.770190358161926 0.746020019054413 0.713959217071533 0.742946982383728 0.76222151517868 0.79787015914917 0.793203175067902 0.786111116409302 0.811427295207977 0.782154679298401 0.807583928108215 0.828784108161926 0.82755708694458 0.825716018676758 0.807515501976013 0.725829184055328 0.70014476776123 0.770827651023865 0.811558485031128 0.867794156074524 0.806709229946136 0.801518678665161 0.697123348712921 0.739692270755768 0.77571576833725 0.772329807281494 0.816598951816559 0.803835272789001
