data/climate_estimation/maxent_output/Lilium_nanum.asc
NCOLS 226 
NROWS 37 
XLLCORNER 81.8333333333333 
YLLCORNER 26.8333333333333 
CELLSIZE 0.0833333333333333 
NODATA_value -3.4e+38 
[rows 0 to 19 of 37, columns 88 to 131 of 226]
0.129735335707664 0.0523203797638416 0.150758385658264 0.0388308092951775 0.026138661429286 0.0275908019393682 0.0353322885930538 0.0282030906528234 0.0259983744472265 0.0253810957074165 0.0391169264912605 0.0358876734972 0.0210672728717327 0.115977302193642 0.190374583005905 0.113565012812614 0.0367025099694729 0.0582533068954945 0.244143113493919 0.136902377009392 0.10554001480341 0.186526522040367 0.233043879270554 0.280737459659576 0.29719614982605 0.317701399326324 0.30505096912384 0.24814036488533 0.236269593238831 0.225132584571838 0.231116503477097 0.223865076899529 0.134088113903999 0.0943686291575432 0.0992292240262032 0.0675091594457626 0.0513893850147724 0.0368095636367798 0.0655619874596596 0.0777074918150902 0.0870013236999512 0.0905090644955635 0.132265612483025 0.445069283246994
0.136315286159515 0.0932692885398865 0.125726446509361 0.0445475280284882 0.0405861958861351 0.0562207512557507 0.0516938529908657 0.0501262247562408 0.0570930875837803 0.0719956755638123 0.0784372463822365 0.0324231199920177 0.0255492478609085 0.0826565995812416 0.159113198518753 0.062265370041132 0.0304464194923639 0.0532757826149464 0.160579919815063 0.257215887308121 0.0786127373576164 0.0719128325581551 0.0919526815414429 0.108368754386902 0.13551527261734 0.189137831330299 0.301973849534988 0.319887697696686 0.272700220346451 0.274782031774521 0.201968714594841 0.227893382310867 0.216395035386086 0.146363884210587 0.0876448526978493 0.0723900347948074 0.0506006591022015 0.0444460026919842 0.0576900206506252 0.0531506352126598 0.061687134206295 0.0845916867256165 0.0954142659902573 0.263724207878113
0.182348683476448 0.169618427753448 0.170735463500023 0.133662685751915 0.120258472859859 0.156397119164467 0.176432594656944 0.128937929868698 0.0897160917520523 0.134591221809387 0.0547416806221008 0.0571021288633347 0.0471482053399086 0.0474032424390316 0.127843514084816 0.0469164252281189 0.0559274293482304 0.108784437179565 0.203388914465904 0.260867238044739 0.310922235250473 0.296211212873459 0.241899028420448 0.349387645721436 0.265327781438828 0.309883445501328 0.332128703594208 0.268189072608948 0.150069355964661 0.161289766430855 0.166071221232414 0.112355433404446 0.169629752635956 0.182159677147865 0.144334703683853 0.101765245199203 0.099915124475956 0.0917382687330246 0.0890615209937096 0.0575307980179787 0.0793907567858696 0.0711515247821808 0.0713363662362099 0.258030593395233
0.0737332478165627 0.0739612132310867 0.047648198902607 0.0758262947201729 0.192087471485138 0.18243570625782 0.113934405148029 0.0732229948043823 0.0442035123705864 0.130497932434082 0.130022034049034 0.113668322563171 0.0580411739647388 0.104895785450935 0.0818780213594437 0.0382337234914303 0.0326936505734921 0.0310184508562088 0.0599424913525581 0.0889573767781258 0.249530136585236 0.355731040239334 0.388694226741791 0.38025963306427 0.361235737800598 0.29914391040802 0.291130751371384 0.197247177362442 0.0642690509557724 0.0690391138195992 0.0874428898096085 0.108264237642288 0.0767492279410362 0.0678746327757835 0.062295887619257 0.0644935891032219 0.0803159177303314 0.0714094117283821 0.0870814323425293 0.0557176806032658 0.0546424053609371 0.0642120987176895 0.0565344206988811 0.0867586731910706
0.0522248595952988 0.0646103769540787 0.054571844637394 0.108858190476894 0.0638557001948357 0.173069924116135 0.0499162971973419 0.0328592024743557 0.0274551752954721 0.0606873221695423 0.16028393805027 0.137579426169395 0.0856850370764732 0.196790501475334 0.0783360973000526 0.0344305597245693 0.0389949791133404 0.0489969253540039 0.0893112942576408 0.121842406690121 0.285621911287308 0.378771930932999 0.383984506130219 0.235125154256821 0.0931018367409706 0.0888792499899864 0.126809224486351 0.077529214322567 0.082989826798439 0.0607429146766663 0.0689106807112694 0.0734600573778152 0.0968245938420296 0.066951684653759 0.0594079680740833 0.0720812827348709 0.070899099111557 0.0812021344900131 0.106565997004509 0.0585799291729927 0.061632327735424 0.0656569600105286 0.0762953385710716 0.0876992717385292
0.165575981140137 0.181636065244675 0.189946472644806 0.181633740663528 0.118297979235649 0.221606075763702 0.0582592897117138 0.0368809811770916 0.0421910062432289 0.0370424650609493 0.0958070158958435 0.27768811583519 0.231544673442841 0.206049621105194 0.060013335198164 0.0400999337434769 0.0708883181214333 0.132342830300331 0.288310766220093 0.215377405285835 0.310661852359772 0.387515485286713 0.239600270986557 0.152805969119072 0.177273392677307 0.148713797330856 0.0807124376296997 0.129811301827431 0.179393991827965 0.0738229677081108 0.0859689936041832 0.131471067667007 0.221547782421112 0.0836813300848007 0.08454829454422 0.0827103555202484 0.102327488362789 0.130699053406715 0.174518436193466 0.0668911039829254 0.0680868774652481 0.070018082857132 0.0771741792559624 0.0935485512018204
0.282743752002716 0.274306952953339 0.277667731046677 0.280653029680252 0.25452333688736 0.258374512195587 0.189601600170135 0.047146562486887 0.081339567899704 0.1092649102211 0.193875372409821 0.292057722806931 0.285319536924362 0.185784488916397 0.0956573411822319 0.0575583390891552 0.0962132215499878 0.332580059766769 0.352501481771469 0.378781944513321 0.386686831712723 0.36411651968956 0.332468211650848 0.360628008842468 0.248416781425476 0.298140525817871 0.268130123615265 0.280380964279175 0.31826576590538 0.186728700995445 0.192886993288994 0.211117029190063 0.230566263198853 0.0973162278532982 0.168962046504021 0.111289076507092 0.193707913160324 0.209255054593086 0.157524436712265 0.081539660692215 0.0536697879433632 0.0644190162420273 0.077923595905304 0.117662228643894
0.259907752275467 0.286624938249588 0.286076962947845 0.236405879259109 0.226317688822746 0.11215003579855 0.209126606583595 0.267338991165161 0.173733353614807 0.0907970145344734 0.15592160820961 0.255075991153717 0.208109840750694 0.191486537456512 0.225953370332718 0.23639851808548 0.341551542282104 0.38481268286705 0.392589449882507 0.407795190811157 0.401185125112534 0.416333854198456 0.419284582138062 0.422484546899796 0.420786559581757 0.420335322618484 0.406366467475891 0.411987602710724 0.404115468263626 0.392912358045578 0.360009491443634 0.368600934743881 0.364179611206055 0.325640141963959 0.346739113330841 0.303093463182449 0.33083763718605 0.104871205985546 0.118159964680672 0.137490779161453 0.0734604075551033 0.086106188595295 0.134722605347633 0.0870518237352371
0.270838737487793 0.162364795804024 0.0945125967264175 0.170666083693504 0.093263640999794 0.0548566468060017 0.0656002387404442 0.171024367213249 0.26197025179863 0.144050389528275 0.0590040870010853 0.149958938360214 0.113361164927483 0.0694250091910362 0.124179676175117 0.25567752122879 0.275301903486252 0.224993824958801 0.197737708687782 0.347567796707153 0.307902276515961 0.33781760931015 0.325313955545425 0.392256647348404 0.302079916000366 0.393775135278702 0.383033722639084 0.350168377161026 0.344171673059464 0.287825644016266 0.338828831911087 0.385099619626999 0.220567226409912 0.261690437793732 0.298969358205795 0.113156728446484 0.189127892255783 0.14617857336998 0.170582309365273 0.181517198681831 0.221129536628723 0.116600029170513 0.207493498921394 0.108232319355011
0.235998675227165 0.254718124866486 0.207695558667183 0.244206875562668 0.251244872808456 0.212100982666016 0.108869925141335 0.156967982649803 0.20122903585434 0.149842709302902 0.127000823616982 0.128442332148552 0.103088706731796 0.111784607172012 0.118194401264191 0.148231044411659 0.162479907274246 0.137655064463615 0.206640988588333 0.188590183854103 0.240753814578056 0.216756895184517 0.311484158039093 0.334372103214264 0.201547518372536 0.376267999410629 0.246483087539673 0.27315229177475 0.203650936484337 0.322522908449173 0.373146265745163 0.362234324216843 0.286687850952148 0.153814360499382 0.28326553106308 0.239100113511086 0.21130083501339 0.10413359105587 0.118213348090649 0.239069029688835 0.413442641496658 0.430182307958603 0.421393185853958 0.390931516885757
0.280609607696533 0.2815181016922 0.258871704339981 0.29309144616127 0.209496706724167 0.13179637491703 0.108042046427727 0.0876994952559471 0.153753221035004 0.0703674182295799 0.0506526008248329 0.0683052763342857 0.050186961889267 0.0579948499798775 0.139904350042343 0.159084334969521 0.115912564098835 0.13714425265789 0.21883650124073 0.165197610855103 0.188191801309586 0.164673775434494 0.149924278259277 0.229389220476151 0.188316777348518 0.245999068021774 0.169403299689293 0.156582698225975 0.147669523954391 0.20959909260273 0.369633287191391 0.198467910289764 0.286638587713242 0.0941562354564667 0.1288902759552 0.236988440155983 0.253599524497986 0.155390158295631 0.201276421546936 0.295046627521515 0.337765753269196 0.27689254283905 0.410165101289749 0.451296508312225
0.277585089206696 0.155043497681618 0.0952417850494385 0.193174824118614 0.28651762008667 0.18393962085247 0.19088226556778 0.161726176738739 0.0726830959320068 0.0825340673327446 0.058995958417654 0.063494436442852 0.0308157484978437 0.0556584000587463 0.152658313512802 0.21346740424633 0.209030449390411 0.182393968105316 0.218049481511116 0.220983818173409 0.237437725067139 0.226771369576454 0.233927324414253 0.163848251104355 0.161095187067986 0.139510616660118 0.129605188965797 0.181038320064545 0.214671164751053 0.273963838815689 0.200126633048058 0.199203670024872 0.260636687278748 0.125105082988739 0.0972474366426468 0.218268364667892 0.163458585739136 0.0914131253957748 0.0990286767482758 0.198475226759911 0.316142320632935 0.238911509513855 0.197935342788696 0.216873809695244
0.197339132428169 0.243108987808228 0.128918126225471 0.224235370755196 0.305681556463242 0.288810193538666 0.218858063220978 0.145904913544655 0.119395695626736 0.137617245316505 0.128847852349281 0.0747872367501259 0.0641557574272156 0.0924031734466553 0.141660675406456 0.214680552482605 0.188121348619461 0.240114837884903 0.246591672301292 0.223499149084091 0.186970546841621 0.18471822142601 0.217342764139175 0.196773514151573 0.197425976395607 0.199870482087135 0.178090319037437 0.138416603207588 0.121339075267315 0.150520086288452 0.0964270457625389 0.132156938314438 0.146383583545685 0.121511176228523 0.0899654179811478 0.177720010280609 0.133203223347664 0.0884215459227562 0.117394886910915 0.14830194413662 0.15401853621006 0.155480086803436 0.178891658782959 0.288964539766312
0.130724564194679 0.187690526247025 0.128398239612579 0.128811657428741 0.129331469535828 0.203991055488586 0.143134593963623 0.109530471265316 0.143647164106369 0.136400386691093 0.134049504995346 0.0832703188061714 0.070382185280323 0.0913710221648216 0.138783380389214 0.212455406785011 0.226473778486252 0.227292731404305 0.230804458260536 0.196093752980232 0.217293947935104 0.219701528549194 0.201504707336426 0.199303060770035 0.186135113239288 0.147181212902069 0.128521740436554 0.140986308455467 0.153659135103226 0.144152358174324 0.138920873403549 0.112604953348637 0.110260032117367 0.0570595599710941 0.112914092838764 0.179951637983322 0.124194547533989 0.138850197196007 0.155766800045967 0.144622609019279 0.133919641375542 0.120343454182148 0.143738508224487 0.16425558924675
0.11558985710144 0.130765348672867 0.116922356188297 0.0753147304058075 0.113076716661453 0.160614386200905 0.0864989385008812 0.0657866597175598 0.166525691747665 0.15699514746666 0.0972274169325829 0.0748947337269783 0.0748827829957008 0.0978428423404694 0.114349693059921 0.182514786720276 0.167835161089897 0.118870072066784 0.126589119434357 0.166411593556404 0.170733153820038 0.137645572423935 0.134601190686226 0.149271368980408 0.136015877127647 0.118886262178421 0.141018614172935 0.160976365208626 0.159590423107147 0.189577028155327 0.183750659227371 0.103139936923981 0.102869242429733 0.125551640987396 0.158483609557152 0.137681812047958 0.106195077300072 0.133972331881523 0.162047371268272 0.158530995249748 0.142641812562943 0.127562403678894 0.187435403466225 0.178228512406349
0.164483398199081 0.155030876398087 0.147390797734261 0.136268585920334 0.127836167812347 0.113928526639938 0.126718133687973 0.0850961059331894 0.191603660583496 0.104955203831196 0.0885712653398514 0.0896549075841904 0.118745498359203 0.121833890676498 0.0954598858952522 0.119535699486732 0.104703292250633 0.0866111516952515 0.081216499209404 0.123673364520073 0.119504660367966 0.102216280996799 0.0978749915957451 0.0770870223641396 0.0741910189390182 0.0719684213399887 0.114782102406025 0.164946869015694 0.168665528297424 0.179004833102226 0.185990735888481 0.112998306751251 0.152231886982918 0.189299568533897 0.154735043644905 0.139459431171417 0.114080265164375 0.126431539654732 0.150801032781601 0.203189939260483 0.241524055600166 0.23058657348156 0.199423432350159 0.290467351675034
0.149859100580215 0.167439326643944 0.172304272651672 0.130106240510941 0.0959466248750687 0.151604726910591 0.158038586378098 0.141330718994141 0.185332387685776 0.107800342142582 0.109109789133072 0.0937292873859406 0.125308662652969 0.110023237764835 0.113164991140366 0.116173900663853 0.111804120242596 0.0813562422990799 0.10824815928936 0.113017402589321 0.101025894284248 0.104607716202736 0.0784916654229164 0.0582032836973667 0.0699264332652092 0.11626598238945 0.121867075562477 0.12676203250885 0.112500704824924 0.126968339085579 0.15385614335537 0.169735699892044 0.195353776216507 0.218382328748703 0.230327665805817 0.207872301340103 0.172228395938873 0.204394266009331 0.204385370016098 0.184429824352264 0.17319168150425 0.19971027970314 0.342354744672775 0.420677661895752
0.162086397409439 0.170979782938957 0.181390821933746 0.130534186959267 0.163165032863617 0.190134465694427 0.107805468142033 0.126099601387978 0.182013228535652 0.155584916472435 0.0849935859441757 0.0601832866668701 0.0864032357931137 0.0804439261555672 0.0842369124293327 0.0949476212263107 0.08557990193367 0.0667519643902779 0.107231631875038 0.162038415670395 0.2060916274786 0.239836037158966 0.124088332056999 0.0687218382954597 0.135014787316322 0.156064406037331 0.257292360067368 0.260387241840363 0.137182682752609 0.155722603201866 0.196137398481369 0.164355769753456 0.132279425859451 0.146495655179024 0.186046585440636 0.247823268175125 0.260790467262268 0.272612184286118 0.251294881105423 0.259665817022324 0.283348113298416 0.252239048480988 0.194362923502922 0.182191833853722
0.658581912517548 0.61523973941803 0.606979966163635 0.190775752067566 0.17095735669136 0.141229540109634 0.157018646597862 0.139816224575043 0.162588819861412 0.0987997725605965 0.198743477463722 0.0453987456858158 0.0827442333102226 0.0809006839990616 0.0938454642891884 0.140726163983345 0.169655725359917 0.217759564518929 0.247858211398125 0.32379737496376 0.375005096197128 0.367266267538071 0.167947128415108 0.0624502412974834 0.233739450573921 0.213548436760902 0.319824278354645 0.279930025339127 0.161490976810455 0.177029594779015 0.199840232729912 0.198413923382759 0.11242101341486 0.195010259747505 0.201803103089333 0.252435594797134 0.256530076265335 0.277131289243698 0.298156917095184 0.320891797542572 0.286682516336441 0.29241868853569 0.407646715641022 0.269248515367508
0.762644171714783 0.775104105472565 0.762098073959351 0.65467244386673 0.633284032344818 0.61567348241806 0.519863069057465 0.369012176990509 0.130066677927971 0.0978562384843826 0.0891154259443283 0.069034531712532 0.0770159885287285 0.0484145134687424 0.0809547603130341 0.173369199037552 0.113676279783249 0.0653216317296028 0.137230634689331 0.153875559568405 0.242999076843262 0.413719952106476 0.256228297948837 0.18306128680706 0.43031919002533 0.416642904281616 0.27083083987236 0.208723247051239 0.136112451553345 0.191766113042831 0.251328110694885 0.262035846710205 0.145459249615669 0.223661422729492 0.165196686983109 0.160516947507858 0.170733854174614 0.227077409625053 0.240314722061157 0.296709358692169 0.284266173839569 0.396862357854843 0.506468057632446 0.52379447221756
