data/climate_estimation/maxent_output/Lilium_maculatum.asc
NCOLS 129 
NROWS 154 
XLLCORNER 133.75 
YLLCORNER 32.75 
CELLSIZE 0.0833333333333333 
NODATA_value -3.4e+38 
[rows 104 to 129 of 154, columns 0 to 56 of 129]
-3.4e+38 -3.4e+38 -3.4e+38 -3.4e+38 -3.4e+38 -3.4e+38 -3.4e+38 -3.4e+38 -3.4e+38 -3.4e+38 -3.4e+38 -3.4e+38 -3.4e+38 -3.4e+38 -3.4e+38 -3.4e+38 -3.4e+38 -3.4e+38 -3.4e+38 -3.4e+38 -3.4e+38 -3.4e+38 -3.4e+38 -3.4e+38 -3.4e+38 -3.4e+38 -3.4e+38 -3.4e+38 -3.4e+38 -3.4e+38 -3.4e+38 -3.4e+38 -3.4e+38 -3.4e+38 -3.4e+38 -3.4e+38 0.365064024925232 0.471558421850204 0.42083802819252 0.401563078165054 -3.4e+38 -3.4e+38 -3.4e+38 0.309857130050659 0.327906936407089 0.386168926954269 0.895983934402466 0.892976105213165 0.95264732837677 0.924458801746368 0.937240600585938 0.639754474163055 0.849944353103638 0.934863567352295 0.961690723896027 0.436039000749588 0.959233522415161
-3.4e+38 -3.4e+38 -3.4e+38 -3.4e+38 -3.4e+38 -3.4e+38 -3.4e+38 -3.4e+38 -3.4e+38 -3.4e+38 -3.4e+38 -3.4e+38 -3.4e+38 -3.4e+38 -3.4e+38 -3.4e+38 -3.4e+38 -3.4e+38 -3.4e+38 -3.4e+38 -3.4e+38 -3.4e+38 -3.4e+38 -3.4e+38 -3.4e+38 -3.4e+38 -3.4e+38 -3.4e+38 -3.4e+38 -3.4e+38 -3.4e+38 -3.4e+38 -3.4e+38 -3.4e+38 -3.4e+38 0.319718658924103 0.47979062795639 0.480497628450394 0.37307134270668 0.371948152780533 0.33056566119194 0.314990133047104 0.28215503692627 0.289316326379776 0.367543548345566 0.898956000804901 0.937714576721191 0.566659867763519 0.300743341445923 0.958569169044495 0.956685304641724 0.604837417602539 0.869241714477539 0.957150280475616 0.916437983512878 0.854001581668854 0.942095041275024
-3.4e+38 -3.4e+38 -3.4e+38 -3.4e+38 -3.4e+38 -3.4e+38 -3.4e+38 -3.4e+38 -3.4e+38 -3.4e+38 -3.4e+38 -3.4e+38 -3.4e+38 -3.4e+38 -3.4e+38 -3.4e+38 -3.4e+38 -3.4e+38 -3.4e+38 -3.4e+38 -3.4e+38 -3.4e+38 -3.4e+38 -3.4e+38 -3.4e+38 -3.4e+38 -3.4e+38 -3.4e+38 -3.4e+38 -3.4e+38 -3.4e+38 -3.4e+38 -3.4e+38 -3.4e+38 0.273439258337021 0.273697882890701 0.374066054821014 0.356432557106018 0.305414974689484 0.30565670132637 0.305818825960159 0.291150778532028 0.26827535033226 0.281563550233841 0.855424225330353 0.928335785865784 0.905842959880829 0.590595245361328 0.640930116176605 0.983272314071655 0.970940828323364 0.976572334766388 0.966271221637726 0.940836489200592 0.571505486965179 0.936433613300323 0.668257892131805
-3.4e+38 -3.4e+38 -3.4e+38 -3.4e+38 -3.4e+38 -3.4e+38 -3.4e+38 -3.4e+38 -3.4e+38 -3.4e+38 -3.4e+38 -3.4e+38 -3.4e+38 -3.4e+38 -3.4e+38 -3.4e+38 -3.4e+38 -3.4e+38 -3.4e+38 -3.4e+38 -3.4e+38 -3.4e+38 -3.4e+38 -3.4e+38 -3.4e+38 -3.4e+38 -3.4e+38 -3.4e+38 -3.4e+38 -3.4e+38 -3.4e+38 -3.4e+38 -3.4e+38 -3.4e+38 0.231528431177139 0.259932160377502 0.329245805740356 0.282170057296753 0.282552719116211 0.321383416652679 0.275080680847168 0.26088485121727 0.281892776489258 0.410431861877441 0.945123672485352 0.874895393848419 0.240827187895775 0.404901146888733 0.542595148086548 0.986404955387115 0.976774334907532 0.974324762821198 0.885519623756409 0.397221922874451 0.876713871955872 0.899706721305847 0.301155745983124
-3.4e+38 -3.4e+38 -3.4e+38 -3.4e+38 -3.4e+38 -3.4e+38 -3.4e+38 -3.4e+38 -3.4e+38 -3.4e+38 -3.4e+38 -3.4e+38 -3.4e+38 -3.4e+38 -3.4e+38 -3.4e+38 -3.4e+38 -3.4e+38 -3.4e+38 -3.4e+38 -3.4e+38 -3.4e+38 -3.4e+38 -3.4e+38 -3.4e+38 -3.4e+38 -3.4e+38 -3.4e+38 -3.4e+38 -3.4e+38 -3.4e+38 -3.4e+38 -3.4e+38 0.238875985145569 0.245746314525604 0.297227084636688 0.515282273292542 0.274320393800735 0.416307926177979 0.603522121906281 0.383486747741699 0.376694738864899 0.86605042219162 0.959019243717194 0.93829470872879 0.632736623287201 0.183854296803474 0.194966450333595 0.932257294654846 0.985616028308868 0.945901274681091 0.964126527309418 0.515592992305756 0.942045271396637 0.661210417747498 0.301693707704544 0.325756132602692
-3.4e+38 -3.4e+38 -3.4e+38 -3.4e+38 -3.4e+38 -3.4e+38 -3.4e+38 -3.4e+38 -3.4e+38 -3.4e+38 -3.4e+38 -3.4e+38 -3.4e+38 -3.4e+38 -3.4e+38 -3.4e+38 -3.4e+38 -3.4e+38 -3.4e+38 -3.4e+38 -3.4e+38 -3.4e+38 -3.4e+38 -3.4e+38 -3.4e+38 -3.4e+38 -3.4e+38 -3.4e+38 -3.4e+38 -3.4e+38 -3.4e+38 -3.4e+38 0.251463234424591 0.245879650115967 0.389119535684586 0.571974575519562 0.647666215896606 0.904526054859161 0.919849693775177 0.941472709178925 0.961429715156555 0.955078363418579 0.972011804580688 0.913520276546478 0.747933685779572 0.0968952029943466 0.0681209042668343 0.332590699195862 0.853477835655212 0.950911939144135 0.905537009239197 0.83693915605545 0.856152355670929 0.83640855550766 0.67034500837326 0.329577445983887 0.313968181610107
-3.4e+38 -3.4e+38 -3.4e+38 -3.4e+38 -3.4e+38 -3.4e+38 -3.4e+38 -3.4e+38 -3.4e+38 -3.4e+38 -3.4e+38 -3.4e+38 -3.4e+38 -3.4e+38 -3.4e+38 -3.4e+38 -3.4e+38 -3.4e+38 -3.4e+38 -3.4e+38 -3.4e+38 -3.4e+38 -3.4e+38 -3.4e+38 -3.4e+38 -3.4e+38 -3.4e+38 -3.4e+38 -3.4e+38 -3.4e+38 0.292970210313797 0.264428079128265 0.239096164703369 0.312633574008942 0.486110180616379 0.90414172410965 0.932264149188995 0.934724271297455 0.954393267631531 0.924932897090912 0.956119358539581 0.976953625679016 0.980906307697296 0.964297413825989 0.693691790103912 0.0992974117398262 0.0536790788173676 0.0933325290679932 0.702065765857697 0.838803648948669 0.712023258209229 0.701897025108337 0.658898174762726 0.404121905565262 0.398711770772934 0.621774852275848 0.289418548345566
-3.4e+38 -3.4e+38 -3.4e+38 -3.4e+38 -3.4e+38 -3.4e+38 -3.4e+38 -3.4e+38 -3.4e+38 -3.4e+38 -3.4e+38 -3.4e+38 -3.4e+38 -3.4e+38 -3.4e+38 -3.4e+38 -3.4e+38 -3.4e+38 -3.4e+38 -3.4e+38 -3.4e+38 -3.4e+38 -3.4e+38 -3.4e+38 -3.4e+38 -3.4e+38 -3.4e+38 -3.4e+38 -3.4e+38 0.290947049856186 0.325722217559814 0.287434905767441 0.363680928945541 0.48622328042984 0.646421790122986 0.921609997749329 0.895244836807251 0.948189795017242 0.920280277729034 0.959459185600281 0.985251128673553 0.976605296134949 0.987991750240326 0.989218533039093 0.899230539798737 0.296764463186264 0.117776729166508 0.105981543660164 0.521125078201294 0.70409232378006 0.583006262779236 0.510036647319794 0.549106419086456 0.596726894378662 0.490795195102692 0.51136839389801 0.517251253128052
-3.4e+38 -3.4e+38 -3.4e+38 -3.4e+38 -3.4e+38 -3.4e+38 -3.4e+38 -3.4e+38 -3.4e+38 -3.4e+38 -3.4e+38 -3.4e+38 -3.4e+38 -3.4e+38 -3.4e+38 -3.4e+38 -3.4e+38 -3.4e+38 -3.4e+38 -3.4e+38 -3.4e+38 -3.4e+38 -3.4e+38 -3.4e+38 -3.4e+38 -3.4e+38 -3.4e+38 -3.4e+38 0.300095856189728 0.29095521569252 0.364133924245834 0.575873494148254 0.6348956823349 0.90538477897644 0.91347998380661 0.84242707490921 0.738233685493469 0.927921533584595 0.879188716411591 0.967084348201752 0.975409150123596 0.986736118793488 0.991902112960815 0.96511971950531 0.746836185455322 0.522154450416565 0.25600865483284 0.231259927153587 0.584312975406647 0.61002779006958 0.416392207145691 0.531194686889648 0.268022656440735 0.427036255598068 0.436031848192215 0.458028495311737 0.444692671298981
-3.4e+38 -3.4e+38 -3.4e+38 -3.4e+38 -3.4e+38 -3.4e+38 -3.4e+38 -3.4e+38 -3.4e+38 -3.4e+38 -3.4e+38 -3.4e+38 -3.4e+38 -3.4e+38 -3.4e+38 -3.4e+38 -3.4e+38 -3.4e+38 -3.4e+38 -3.4e+38 -3.4e+38 -3.4e+38 -3.4e+38 -3.4e+38 -3.4e+38 -3.4e+38 -3.4e+38 0.49397686123848 0.37916487455368 0.275504976511002 0.310964167118073 0.604857861995697 0.64062488079071 0.903330087661743 0.938793420791626 0.886729955673218 0.399718165397644 0.899978041648865 0.95455402135849 0.957460641860962 0.978912532329559 0.993121564388275 0.993481457233429 0.913297474384308 0.549693763256073 0.0581162646412849 0.309555113315582 0.504022061824799 0.409406423568726 0.761467576026917 0.530908226966858 0.431980490684509 0.324746608734131 0.272688210010529 0.161588579416275 0.258654177188873 0.454841136932373
-3.4e+38 -3.4e+38 -3.4e+38 -3.4e+38 -3.4e+38 -3.4e+38 -3.4e+38 -3.4e+38 -3.4e+38 -3.4e+38 -3.4e+38 -3.4e+38 -3.4e+38 -3.4e+38 -3.4e+38 -3.4e+38 -3.4e+38 -3.4e+38 -3.4e+38 -3.4e+38 -3.4e+38 -3.4e+38 -3.4e+38 -3.4e+38 -3.4e+38 -3.4e+38 -3.4e+38 0.559683740139008 0.373143464326859 0.256426930427551 0.321822911500931 0.470958650112152 0.389605224132538 0.518736243247986 0.941611766815186 0.930792212486267 0.885311424732208 0.950749695301056 0.972758531570435 0.918046474456787 0.901415884494781 0.919381320476532 0.93349277973175 0.788293659687042 0.619099140167236 0.415558189153671 0.313772916793823 0.297084540128708 0.318599194288254 0.53327739238739 0.613014280796051 0.649296045303345 0.565086603164673 0.438068896532059 0.211322173476219 0.0927786827087402 0.337232023477554
-3.4e+38 -3.4e+38 -3.4e+38 -3.4e+38 -3.4e+38 -3.4e+38 -3.4e+38 -3.4e+38 -3.4e+38 -3.4e+38 -3.4e+38 -3.4e+38 -3.4e+38 -3.4e+38 -3.4e+38 -3.4e+38 -3.4e+38 -3.4e+38 -3.4e+38 -3.4e+38 -3.4e+38 -3.4e+38 -3.4e+38 -3.4e+38 -3.4e+38 -3.4e+38 0.517369210720062 0.454456150531769 0.294926077127457 0.272816956043243 0.403831839561462 0.490675836801529 0.490324109792709 0.437613278627396 0.967545986175537 0.967093050479889 0.968194603919983 0.983587563037872 0.913037240505219 0.880490183830261 0.892463505268097 0.940495252609253 0.901018559932709 0.59028160572052 0.293312132358551 0.423995673656464 0.473443269729614 0.3765509724617 0.497368901968002 0.351889699697495 0.628150761127472 0.533474743366241 0.412492722272873 0.480528086423874 0.263816982507706 0.0760799795389175 0.266721338033676
-3.4e+38 -3.4e+38 -3.4e+38 -3.4e+38 -3.4e+38 -3.4e+38 -3.4e+38 -3.4e+38 -3.4e+38 -3.4e+38 -3.4e+38 -3.4e+38 -3.4e+38 -3.4e+38 -3.4e+38 -3.4e+38 -3.4e+38 -3.4e+38 -3.4e+38 -3.4e+38 -3.4e+38 -3.4e+38 -3.4e+38 -3.4e+38 -3.4e+38 -3.4e+38 -3.4e+38 0.422837018966675 0.34111288189888 0.299541711807251 0.462031990289688 0.638937532901764 0.952714025974274 0.967176735401154 0.975386440753937 0.982951164245605 0.97842812538147 0.989106297492981 0.965057849884033 0.963751554489136 0.931619465351105 0.929870367050171 0.735799908638 0.46686664223671 0.109775476157665 0.391297936439514 0.596773028373718 0.634150326251984 0.380511879920959 0.371182531118393 0.648460924625397 0.557918965816498 0.366381645202637 0.319016605615616 0.550969421863556 0.463818818330765 0.454623162746429
-339999999999999996123846586046231871488.000000000000000 -3.4e+38 -3.4e+38 -3.4e+38 -3.4e+38 -3.4e+38 -3.4e+38 -3.4e+38 -3.4e+38 -3.4e+38 -3.4e+38 -3.4e+38 -3.4e+38 -3.4e+38 -3.4e+38 -3.4e+38 -3.4e+38 0.292551279067993 0.181564211845398 -3.4e+38 -3.4e+38 -3.4e+38 -3.4e+38 -3.4e+38 -3.4e+38 -3.4e+38 -3.4e+38 0.26269719004631 0.454326599836349 0.367188096046448 0.623814702033997 0.942147850990295 0.963559985160828 0.973024129867554 0.979432165622711 0.971374869346619 0.977501749992371 0.986002087593079 0.908684074878693 0.955333471298218 0.927507877349854 0.889527022838593 0.792769193649292 0.438435286283493 0.461137413978577 0.528133511543274 0.608368337154388 0.638190805912018 0.0750920251011848 0.311520367860794 0.692528188228607 0.549783766269684 0.359865099191666 0.129280105233192 0.498222172260284 0.679681956768036 0.71129322052002
-3.4e+38 -3.4e+38 -3.4e+38 -3.4e+38 -3.4e+38 -3.4e+38 -3.4e+38 -3.4e+38 -3.4e+38 -3.4e+38 -3.4e+38 -3.4e+38 -3.4e+38 -3.4e+38 0.247029513120651 0.209230199456215 0.249476358294487 0.393707990646362 0.216172948479652 -3.4e+38 0.154004335403442 -3.4e+38 -3.4e+38 -3.4e+38 -3.4e+38 -3.4e+38 0.29447403550148 0.343500941991806 0.51726233959198 0.911748230457306 0.950183629989624 0.965310573577881 0.967877864837646 0.980572819709778 0.986588180065155 0.987826704978943 0.992744028568268 0.95775431394577 0.790250062942505 0.817091107368469 0.6868936419487 0.742931485176086 0.809827744960785 0.753057241439819 0.561447381973267 0.407250463962555 0.60627156496048 0.659185826778412 0.0972128584980965 0.443980306386948 0.744108855724335 0.447513610124588 0.265318989753723 0.0433072969317436 0.122443296015263 0.47697252035141 0.568057835102081
-3.4e+38 -3.4e+38 -3.4e+38 -3.4e+38 -3.4e+38 -3.4e+38 0.182410597801208 0.254382967948914 0.240741074085236 0.33106404542923 0.260224521160126 0.274579048156738 0.246456161141396 0.225940778851509 0.221323043107986 0.233817145228386 0.298962861299515 0.368188351392746 0.158461526036263 -3.4e+38 0.154401764273643 -3.4e+38 -3.4e+38 -3.4e+38 0.168020710349083 0.163979351520538 0.230993911623955 0.279647171497345 0.417224913835526 0.92598032951355 0.966362714767456 0.973303854465485 0.979497790336609 0.985704302787781 0.959599673748016 0.975833237171173 0.90542083978653 0.897903084754944 0.575789272785187 0.522412002086639 0.583874762058258 0.614374756813049 0.685451149940491 0.71759557723999 0.7001011967659 0.671386957168579 0.70982414484024 0.372905820608139 0.188610643148422 0.665590941905975 0.756142139434814 0.470113217830658 0.204437285661697 0.0388745218515396 0.238615944981575 0.432175606489182 0.631332874298096
-3.4e+38 0.185010209679604 0.189922496676445 0.174674823880196 0.172982975840569 0.168537646532059 0.223091393709183 0.292366087436676 0.393746942281723 0.412590742111206 0.648979187011719 0.382920652627945 0.213648408651352 0.23383092880249 0.314819842576981 0.308031648397446 0.211101323366165 0.199879348278046 0.22342237830162 0.256870001554489 0.250855147838593 0.136737748980522 0.200157254934311 0.22432242333889 0.178545027971268 0.189031571149826 0.854538142681122 0.772471845149994 0.728531658649445 0.69277560710907 0.968860387802124 0.976580262184143 0.984031200408936 0.921022951602936 0.824007868766785 0.831894934177399 0.660129487514496 0.535798013210297 0.4510857462883 0.409598886966705 0.493793368339539 0.554889798164368 0.681553423404694 0.708040416240692 0.596486389636993 0.685590445995331 0.586821436882019 0.43718096613884 0.67616194486618 0.72850626707077 0.682947039604187 0.43121749162674 0.13103948533535 0.0613885149359703 0.361160308122635 0.448043376207352 0.655095338821411
0.201430886983871 0.22414430975914 0.454838544130325 0.30988010764122 0.251504480838776 0.18321168422699 0.235530331730843 0.784534871578217 0.894688427448273 0.784073233604431 0.816395580768585 0.347408562898636 0.202395990490913 0.260490000247955 0.289497017860413 0.497398376464844 0.489718317985535 0.325575649738312 0.238820537924767 0.246061787009239 0.386898159980774 0.318688809871674 0.290868937969208 0.276036083698273 0.321823745965958 0.599887728691101 0.805942237377167 0.59446382522583 0.538045823574066 0.482759028673172 0.450869649648666 0.982863008975983 0.987931191921234 0.861025094985962 0.723381757736206 0.572407305240631 0.422516375780106 0.368095278739929 0.327690988779068 0.333248615264893 0.365349739789963 0.468489646911621 0.538088023662567 0.504901111125946 0.579492330551147 0.618624806404114 0.389179229736328 0.677867949008942 0.751895368099213 0.804349422454834 0.522641539573669 0.241763383150101 0.0680284574627876 0.142351552844048 0.360486507415771 0.816045939922333 0.653898596763611
0.845550358295441 0.608013808727264 0.983254373073578 0.981728553771973 0.680941700935364 0.234312251210213 0.339031726121902 0.688579082489014 0.97667670249939 0.974373519420624 0.835986435413361 0.392304211854935 0.259737282991409 0.48605489730835 0.638114035129547 0.519435882568359 0.300070971250534 0.26485088467598 0.309670120477676 0.424426585435867 0.630471050739288 0.779128015041351 0.665094971656799 0.685607671737671 0.976645708084106 0.915341258049011 0.459358513355255 0.269970238208771 0.256120592355728 0.26965805888176 0.625565469264984 0.869841694831848 0.9114870429039 0.796831786632538 0.68499743938446 0.443745672702789 0.287790149450302 0.293868064880371 0.323739737272263 0.336523473262787 0.351547062397003 0.344831079244614 0.447856813669205 0.562979161739349 0.648103833198547 0.469625204801559 0.367375880479813 0.481349468231201 0.760841071605682 0.763797640800476 0.566385507583618 0.376955032348633 0.136700704693794 0.283164262771606 0.493609547615051 0.71428382396698 0.812592923641205
0.988038659095764 0.985613167285919 0.985925137996674 0.983776211738586 0.985948801040649 0.930193364620209 0.984943509101868 0.980253159999847 0.98174774646759 0.97835648059845 0.980781018733978 0.817181169986725 0.646440804004669 0.479122936725616 0.519654393196106 0.332293510437012 0.256659150123596 0.272512435913086 0.350958853960037 0.52263867855072 0.923484683036804 0.903316497802734 0.969202876091003 0.983672320842743 0.982705593109131 0.983158469200134 0.921441674232483 0.580195069313049 0.601381719112396 0.635493099689484 0.804084122180939 0.993525505065918 0.950668573379517 0.888663411140442 0.576111674308777 0.403729110956192 0.294524371623993 0.277464300394058 0.250307559967041 0.308294117450714 0.336395055055618 0.446180403232574 0.474596172571182 0.529890060424805 0.6396324634552 0.64106947183609 0.500457465648651 0.567444324493408 0.769708156585693 0.760813295841217 0.544531404972076 0.272840440273285 0.296456187963486 0.481764078140259 0.44252935051918 0.69759476184845 0.784340858459473
0.971598267555237 0.977149844169617 0.986359596252441 0.988635003566742 0.990386843681335 0.988003134727478 0.989100754261017 0.983980476856232 0.984926342964172 0.986637592315674 0.982502996921539 0.985282063484192 0.936966121196747 0.984966933727264 0.917063355445862 0.731338202953339 0.638200581073761 0.708959460258484 0.784537553787231 0.796551287174225 0.833059668540955 0.895313560962677 0.920839965343475 0.979848563671112 0.986460268497467 0.986918270587921 0.646690368652344 0.627693176269531 0.641453802585602 0.686174273490906 0.825295567512512 0.971017897129059 0.943686485290527 0.857575297355652 0.578429162502289 0.41209676861763 0.342083066701889 0.275086224079132 0.235809683799744 0.269687443971634 0.357235133647919 0.407786011695862 0.404895156621933 0.493244707584381 0.597366034984589 0.562775015830994 0.521750807762146 0.584231972694397 0.692906677722931 0.689055144786835 0.6249680519104 0.410345643758774 0.602402210235596 0.693257093429565 0.709727585315704 0.777673900127411 0.879591166973114
0.90764182806015 0.839466333389282 0.787670731544495 0.755683481693268 0.859044909477234 0.925148189067841 0.948466598987579 0.97450715303421 0.987339019775391 0.986275970935822 0.990039050579071 0.989306569099426 0.977210342884064 0.977208614349365 0.862048089504242 0.729036092758179 0.80826073884964 0.864718377590179 0.874431252479553 0.866915285587311 0.727700889110565 0.803210914134979 0.933204293251038 0.970681548118591 0.954988479614258 0.828847348690033 0.756125450134277 0.765387892723083 0.79312789440155 0.839405953884125 0.954257786273956 0.92810332775116 0.898819148540497 0.639820516109467 0.553710520267487 0.435915291309357 0.352715402841568 0.289757907390594 0.296174585819244 0.311418145895004 0.349595218896866 0.376273661851883 0.400106847286224 0.582928121089935 0.475243031978607 0.573075413703918 0.584518671035767 0.644180476665497 0.741530954837799 0.747936904430389 0.622269034385681 0.594694495201111 0.802331387996674 0.781385540962219 0.846774995326996 0.882429003715515 0.780337631702423
0.638084948062897 0.602855682373047 0.482120782136917 0.378341674804688 0.484595715999603 0.625561654567719 0.697144985198975 0.782201886177063 0.853082001209259 0.861098349094391 0.935395181179047 0.906296193599701 0.863378167152405 0.863350987434387 0.715935468673706 0.841698527336121 0.885603368282318 0.89883679151535 0.920159637928009 0.952449560165405 0.905556499958038 0.585044622421265 0.865866541862488 0.606044888496399 0.626543641090393 0.695886135101318 0.684123933315277 0.746754288673401 0.822535037994385 0.816278994083405 0.841736495494843 0.815763056278229 0.847720086574554 0.542361676692963 0.452499955892563 0.410159915685654 0.373938649892807 0.363836050033569 0.357187330722809 0.356944501399994 0.374264478683472 0.398393481969833 0.509835958480835 0.578078508377075 0.581430971622467 0.526403248310089 0.602768123149872 0.651744544506073 0.747139990329742 0.745310544967651 0.795868098735809 0.796414911746979 0.835122644901276 0.832851827144623 0.803452908992767 0.704229176044464 0.652397871017456
0.459882467985153 0.486349821090698 0.462270677089691 0.420437216758728 0.462850511074066 0.587048828601837 0.623619914054871 0.689312815666199 0.702186346054077 0.693958878517151 0.723007082939148 0.729785323143005 0.760415375232697 0.817669034004211 0.801852166652679 0.855262160301208 0.877159297466278 0.841278791427612 0.856494665145874 0.843960106372833 0.827286779880524 0.780781209468842 0.768773794174194 0.381878107786179 0.426720410585403 0.621341466903687 0.604592680931091 0.787244558334351 0.712476074695587 0.690828084945679 0.772170841693878 0.809965550899506 0.648890972137451 0.456772238016129 0.418228805065155 0.445084482431412 -3.4e+38 0.364247232675552 0.38905131816864 0.388841569423676 0.441381871700287 0.468628317117691 0.493338584899902 0.606009542942047 0.614014327526093 0.555557906627655 0.558502316474915 0.704707562923431 0.722417116165161 0.708926379680634 0.788673579692841 0.825136065483093 0.839593708515167 0.792874574661255 0.712024211883545 0.577895998954773 0.667229890823364
0.387426495552063 0.383703649044037 0.326723754405975 0.370967388153076 0.368547856807709 0.456056177616119 0.476785898208618 0.491921901702881 0.571312308311462 0.510576963424683 0.478739887475967 0.491096675395966 0.575285732746124 0.662884533405304 0.718177914619446 0.70616751909256 0.722741186618805 0.72621876001358 0.720680415630341 0.683054685592651 0.710827767848969 0.634415626525879 0.519328415393829 0.414667308330536 0.427298933267593 0.536534488201141 0.681794106960297 0.723067402839661 0.717737138271332 0.63493824005127 0.703898191452026 0.587122917175293 0.456544160842896 0.433773398399353 0.414556115865707 -3.4e+38 -3.4e+38 0.381870299577713 0.453052699565887 0.45699068903923 0.481532663106918 0.505955994129181 0.56089448928833 0.582853674888611 0.518359541893005 0.561311721801758 0.565569937229156 0.613818824291229 0.589256048202515 0.670240163803101 0.756063103675842 0.815822422504425 0.73750764131546 0.728338122367859 0.655009925365448 0.680114269256592 -3.4e+38
0.37334069609642 0.311764150857925 0.258129805326462 0.271058738231659 0.304169118404388 0.343384981155396 0.35979175567627 0.372107356786728 0.387809336185455 0.360153496265411 0.333633065223694 0.388652771711349 0.464758783578873 0.543545544147491 0.630080580711365 0.603939473628998 0.682303309440613 0.792607307434082 0.802684843540192 0.668863713741302 0.591381311416626 0.565379798412323 0.503184795379639 0.494898974895477 0.466381072998047 0.549778640270233 0.632428288459778 0.690524339675903 0.568229258060455 0.52223140001297 0.747082769870758 0.637220501899719 0.373900085687637 0.363358378410339 0.359803467988968 -3.4e+38 -3.4e+38 0.445058584213257 0.463507980108261 0.472598224878311 0.562282025814056 0.548080682754517 0.556217908859253 0.536634147167206 0.578209578990936 0.522525608539581 0.529987752437592 0.532188475131989 0.557765781879425 0.646385908126831 0.653742372989655 0.753389418125153 0.799883127212524 0.730667352676392 0.753566086292267 0.68648087978363 -3.4e+38
