data/climate_estimation/maxent_output/Lilium_bakerianum.asc
NCOLS 80 
NROWS 108 
XLLCORNER 98.4166666666667 
YLLCORNER 22.3333333333333 
CELLSIZE 0.0833333333333334 
NODATA_value -3.4e+38 
[rows 40 to 59 of 108, columns 0 to 43 of 80]
0.910042107105255 0.893007636070251 0.818935036659241 0.912073314189911 0.762977361679077 0.938340902328491 0.939948737621307 0.793797135353088 0.832608699798584 0.922880947589874 0.928582906723022 0.9400594830513 0.947569966316223 0.927538156509399 0.936932027339935 0.957634210586548 0.957336485385895 0.928376972675323 0.964333593845367 0.98132050037384 0.975695192813873 0.983021855354309 0.989827752113342 0.975715935230255 0.967157959938049 0.985029518604279 0.993334949016571 0.99381697177887 0.993716180324554 0.992036581039429 0.992170095443726 0.982035040855408 0.991555631160736 0.991742491722107 0.989366948604584 0.989421784877777 0.990125000476837 0.954251766204834 0.986490905284882 0.987256765365601 0.972423434257507 0.952527165412903 0.982392966747284 0.969830095767975
0.939557790756226 0.904749572277069 0.93472146987915 0.871224284172058 0.833674907684326 0.908280253410339 0.905846834182739 0.946727871894836 0.840378820896149 0.910653293132782 0.948437452316284 0.937763273715973 0.94060355424881 0.917881488800049 0.956580102443695 0.967281401157379 0.959771811962128 0.937825679779053 0.969394862651825 0.975459575653076 0.98779422044754 0.989928722381592 0.990672826766968 0.988898515701294 0.933617413043976 0.993585765361786 0.993652939796448 0.992247402667999 0.991347253322601 0.992341935634613 0.992807626724243 0.990510642528534 0.984529793262482 0.984101474285126 0.979010999202728 0.977281749248505 0.956914782524109 0.987554848194122 0.977227985858917 0.983254015445709 0.960842788219452 0.926074385643005 0.944297611713409 0.979295909404755
0.940227389335632 0.94476056098938 0.851497232913971 0.855201959609985 0.915942430496216 0.886576175689697 0.918391942977905 0.849759817123413 0.918383657932281 0.937089085578918 0.942064583301544 0.947820782661438 0.936176419258118 0.929174840450287 0.953456580638885 0.974583923816681 0.974051475524902 0.972596883773804 0.978187263011932 0.986942112445831 0.980173408985138 0.97052526473999 0.984942674636841 0.898825287818909 0.992193698883057 0.988232433795929 0.991637945175171 0.987498998641968 0.992898941040039 0.992515861988068 0.992162823677063 0.987330973148346 0.99194347858429 0.98097175359726 0.987788021564484 0.988623261451721 0.98768538236618 0.987624287605286 0.986759006977081 0.984961271286011 0.965740621089935 0.918555974960327 0.924644529819489 0.94292026758194
0.950874209403992 0.931578576564789 0.890989899635315 0.700969576835632 0.954536855220795 0.915245711803436 0.949061095714569 0.83350545167923 0.943397998809814 0.92867636680603 0.959017753601074 0.957454681396484 0.931446969509125 0.961998283863068 0.94780820608139 0.97711044549942 0.964784979820251 0.959597647190094 0.974985241889954 0.990157008171082 0.987466394901276 0.99121367931366 0.832961857318878 0.876868546009064 0.980285584926605 0.993126749992371 0.992826223373413 0.991276800632477 0.984138607978821 0.988664150238037 0.987724900245667 0.992071986198425 0.991262435913086 0.989511728286743 0.987284898757935 0.988551616668701 0.977019667625427 0.979360103607178 0.98656439781189 0.982911705970764 0.982444047927856 0.94977605342865 0.78129255771637 0.855961441993713
0.941760659217834 0.953568816184998 0.944334805011749 0.796374320983887 0.803526043891907 0.952859878540039 0.948009669780731 0.840339481830597 0.945194005966187 0.928435206413269 0.958371698856354 0.950340986251831 0.925950348377228 0.961315214633942 0.948507487773895 0.976998209953308 0.982587695121765 0.973723948001862 0.970127880573273 0.991028547286987 0.989872217178345 0.989844620227814 0.97851973772049 0.98538202047348 0.84191769361496 0.989338517189026 0.979198336601257 0.992799580097198 0.99268639087677 0.991576433181763 0.986160397529602 0.986352622509003 0.983591616153717 0.988345503807068 0.984911739826202 0.98470002412796 0.970677137374878 0.967574417591095 0.982547402381897 0.98199999332428 0.958318591117859 0.960172533988953 0.893556237220764 0.868933141231537
0.809520304203033 0.903842985630035 0.954375207424164 0.954902350902557 0.707050979137421 0.915104150772095 0.925530970096588 0.759040474891663 0.962936282157898 0.944726824760437 0.944053053855896 0.936816692352295 0.934589385986328 0.897276282310486 0.978960990905762 0.966199994087219 0.98767077922821 0.986421525478363 0.9715695977211 0.988664746284485 0.979783952236176 0.971471428871155 0.987705111503601 0.990835309028625 0.933752298355103 0.990011513233185 0.984474122524261 0.992441892623901 0.988631010055542 0.989850044250488 0.980865657329559 0.965436577796936 0.990460634231567 0.988208055496216 0.980022847652435 0.960500597953796 0.954533696174622 0.95652836561203 0.978639900684357 0.98200660943985 0.98140823841095 0.977833926677704 0.862705409526825 0.887028634548187
0.604088366031647 0.87170135974884 0.919739723205566 0.95037317276001 0.735259830951691 0.89031195640564 0.946787178516388 0.76917576789856 0.961191654205322 0.970858871936798 0.961511969566345 0.962737500667572 0.958042621612549 0.868920743465424 0.935334861278534 0.974339187145233 0.985119760036469 0.987288236618042 0.983851373195648 0.988278329372406 0.97184431552887 0.977579355239868 0.98536092042923 0.989287912845612 0.951584815979004 0.984251201152802 0.978910386562347 0.9886794090271 0.980457365512848 0.977876305580139 0.981959581375122 0.979357481002808 0.988498628139496 0.976266622543335 0.978276610374451 0.942790746688843 0.948306262493134 0.954601526260376 0.960211157798767 0.979591608047485 0.981007218360901 0.967637658119202 0.727126479148865 0.933672487735748
0.581250846385956 0.836993515491486 0.767191290855408 0.91713935136795 0.815704822540283 0.833808124065399 0.939981698989868 0.834066569805145 0.805910587310791 0.896986544132233 0.973293483257294 0.975104153156281 0.97473931312561 0.954404592514038 0.801241815090179 0.98015022277832 0.968432664871216 0.986189484596252 0.987997651100159 0.973853230476379 0.989102780818939 0.948509395122528 0.988363742828369 0.9911008477211 0.965582847595215 0.877658247947693 0.990481555461884 0.987828373908997 0.985481560230255 0.967838644981384 0.990267276763916 0.983146071434021 0.973757982254028 0.966728925704956 0.961005866527557 0.971146106719971 0.976813435554504 0.981827855110168 0.980730593204498 0.980016231536865 0.958083510398865 0.920019567012787 0.771590232849121 0.965525388717651
0.532170355319977 0.423425614833832 0.516129314899445 0.898445725440979 0.905319929122925 0.544574499130249 0.921868860721588 0.934779822826385 0.741956770420074 0.835792601108551 0.955426037311554 0.975350499153137 0.969308495521545 0.964569985866547 0.819916367530823 0.935708165168762 0.976308643817902 0.969740808010101 0.986110985279083 0.987890064716339 0.978371798992157 0.93012934923172 0.951687037944794 0.987771928310394 0.965807914733887 0.948406755924225 0.98733526468277 0.98955762386322 0.973478972911835 0.964661121368408 0.986339569091797 0.982399463653564 0.977967739105225 0.961033344268799 0.968499422073364 0.981347620487213 0.98219233751297 0.980399608612061 0.974960923194885 0.96155047416687 0.799323976039886 0.806728959083557 0.852335631847382 0.968559145927429
0.336726367473602 0.366784185171127 0.818159878253937 0.947457671165466 0.940621078014374 0.561777055263519 0.942768275737762 0.921949982643127 0.794818520545959 0.902691304683685 0.854145050048828 0.97300660610199 0.961651206016541 0.964285790920258 0.977589726448059 0.961740374565125 0.911158680915833 0.981070399284363 0.983449757099152 0.965835809707642 0.983698546886444 0.982752203941345 0.986691892147064 0.975760221481323 0.953209519386292 0.925855755805969 0.972718179225922 0.981705725193024 0.96800023317337 0.972721219062805 0.986683011054993 0.985267877578735 0.979336440563202 0.973603129386902 0.976943612098694 0.983494341373444 0.980168223381042 0.966587543487549 0.95037180185318 0.952881097793579 0.850528955459595 0.672322332859039 0.963745713233948 0.937265872955322
0.46069523692131 0.564113438129425 0.884477436542511 0.926896989345551 0.85089498758316 0.506704032421112 0.956197440624237 0.963941752910614 0.816345751285553 0.875893592834473 0.927810788154602 0.92413467168808 0.970858335494995 0.970681607723236 0.965196251869202 0.911468923091888 0.957443654537201 0.896566450595856 0.984037756919861 0.942396581172943 0.983307421207428 0.971859276294708 0.98358541727066 0.975593209266663 0.872248411178589 0.988487005233765 0.977415561676025 0.986705541610718 0.981322705745697 0.976690113544464 0.98650187253952 0.985451579093933 0.977128982543945 0.981514751911163 0.967186510562897 0.948614239692688 0.89215761423111 0.937273561954498 0.937879979610443 0.842204332351685 0.738706767559052 0.690867125988007 0.921825349330902 0.930165946483612
0.840808629989624 0.831742644309998 0.82378739118576 0.899656116962433 0.906314134597778 0.462234169244766 0.953897356987 0.961141586303711 0.822795152664185 0.848799586296082 0.917665183544159 0.957868933677673 0.970871150493622 0.968747794628143 0.967776775360107 0.956451177597046 0.979976534843445 0.932219564914703 0.957079887390137 0.952117800712585 0.982511341571808 0.98688155412674 0.984972774982452 0.986048460006714 0.889239013195038 0.974624812602997 0.97661566734314 0.975642621517181 0.968830108642578 0.98429012298584 0.984630703926086 0.985634446144104 0.979884624481201 0.971388518810272 0.885256350040436 0.76397293806076 0.895752608776093 0.800662577152252 0.894757926464081 0.925482392311096 0.751490354537964 0.906198799610138 0.883469879627228 0.916015088558197
0.793283581733704 0.793627619743347 0.66511082649231 0.928591430187225 0.857423484325409 0.470089375972748 0.959644734859467 0.959364891052246 0.810524225234985 0.714815318584442 0.903969049453735 0.882741212844849 0.969283998012543 0.977243900299072 0.97322142124176 0.97557008266449 0.980307757854462 0.981445074081421 0.885760605335236 0.932766497135162 0.984338462352753 0.974289059638977 0.984735727310181 0.971980452537537 0.891683518886566 0.981835424900055 0.954859793186188 0.927920818328857 0.964689373970032 0.979021430015564 0.978423953056335 0.975573062896729 0.957873106002808 0.968321979045868 0.904156625270844 0.634017467498779 0.611288845539093 0.604034066200256 0.687106192111969 0.750823259353638 0.901098430156708 0.924879848957062 0.885752379894257 0.802817642688751
0.612447798252106 0.639023900032043 0.410653054714203 0.905137538909912 0.861000120639801 0.413412511348724 0.958049893379211 0.958318293094635 0.799876689910889 0.699975550174713 0.950981020927429 0.821833968162537 0.952092170715332 0.971825182437897 0.973140895366669 0.974037051200867 0.968318939208984 0.946709215641022 0.862113535404205 0.92339164018631 0.959339141845703 0.952155828475952 0.963406682014465 0.980039000511169 0.920653522014618 0.957328796386719 0.848721563816071 0.975648641586304 0.972740828990936 0.976308643817902 0.974695086479187 0.971979260444641 0.881558477878571 0.83743143081665 0.878758490085602 0.88266509771347 0.575473785400391 0.745316445827484 0.869135737419128 0.652347683906555 0.922310829162598 0.903630256652832 0.763548195362091 0.711795091629028
0.245754420757294 0.437597781419754 0.536090672016144 0.844485521316528 0.925187289714813 0.424408257007599 0.902335345745087 0.957773625850677 0.769106090068817 0.855548322200775 0.95923924446106 0.921534299850464 0.876612067222595 0.963906466960907 0.96978759765625 0.96704775094986 0.927449882030487 0.926551520824432 0.949636220932007 0.970183193683624 0.973974466323853 0.974702775478363 0.96161025762558 0.88542777299881 0.862907707691193 0.907468855381012 0.626004934310913 0.902077913284302 0.971009135246277 0.983737647533417 0.983456194400787 0.955146729946136 0.853186070919037 0.717426657676697 0.776821792125702 0.749098718166351 0.638381123542786 0.903702735900879 0.870625257492065 0.715552985668182 0.623541653156281 0.766246140003204 0.591996252536774 0.47350287437439
0.630404055118561 0.724387168884277 0.691871821880341 0.845644414424896 0.909128487110138 0.44974273443222 0.870262980461121 0.956121683120728 0.677286922931671 0.815907955169678 0.935335993766785 0.948630750179291 0.946383774280548 0.937676429748535 0.969287097454071 0.973764002323151 0.951230585575104 0.965413749217987 0.942397952079773 0.971884906291962 0.978752076625824 0.956766664981842 0.961998581886292 0.859845638275146 0.978099882602692 0.96872216463089 0.858607709407806 0.683283865451813 0.953117191791534 0.980854451656342 0.977268695831299 0.953370153903961 0.899303436279297 0.650752425193787 0.748834311962128 0.815657913684845 0.907486259937286 0.627269089221954 0.778635621070862 0.819087505340576 0.53309553861618 0.537213921546936 0.711774230003357 0.871338248252869
0.522398710250854 0.645407199859619 0.772599935531616 0.780574023723602 0.938057065010071 0.482688814401627 0.778961062431335 0.954999804496765 0.62794828414917 0.92486584186554 0.946108341217041 0.946562349796295 0.958409368991852 0.927022218704224 0.962649822235107 0.96912956237793 0.970218300819397 0.937771737575531 0.91648530960083 0.965982794761658 0.976540803909302 0.893657803535461 0.972788691520691 0.828043818473816 0.941214978694916 0.95167475938797 0.829666614532471 0.834432184696198 0.937445282936096 0.948178112506866 0.969243824481964 0.878594756126404 0.692914545536041 0.439050436019897 0.372440218925476 0.441603749990463 0.464390158653259 0.505761563777924 0.579848170280457 0.726641774177551 0.411629647016525 0.447464674711227 0.686512351036072 0.900770902633667
0.548611581325531 0.511234998703003 0.646614015102386 0.917785108089447 0.922774910926819 0.395649164915085 0.791355848312378 0.939864754676819 0.602569937705994 0.828488826751709 0.918334603309631 0.94008469581604 0.9610316157341 0.94031149148941 0.937496840953827 0.942434728145599 0.92979633808136 0.922074317932129 0.900917053222656 0.975200355052948 0.956599652767181 0.904063761234283 0.970550417900085 0.844828605651855 0.53315395116806 0.867077171802521 0.711878299713135 0.585963189601898 0.881135582923889 0.874188780784607 0.854774475097656 0.869039833545685 0.784245312213898 0.462991744279861 0.325741469860077 0.282065272331238 0.284095585346222 0.412197709083557 0.49433308839798 0.31436413526535 0.548162341117859 0.312016546726227 0.637811303138733 0.879222929477692
0.71268630027771 0.807449638843536 0.73046487569809 0.916490256786346 0.87270313501358 0.310993194580078 0.781474053859711 0.940575301647186 0.496113687753677 0.840494453907013 0.945891678333282 0.902687311172485 0.936102211475372 0.950803160667419 0.896694362163544 0.941723823547363 0.891723155975342 0.862900793552399 0.915151298046112 0.974177122116089 0.957764625549316 0.861060678958893 0.844643115997314 0.781561255455017 0.44907158613205 0.951961576938629 0.718897104263306 0.732621133327484 0.9537233710289 0.947300612926483 0.837383091449738 0.459522426128387 0.859738111495972 0.778911292552948 0.63300085067749 0.657201945781708 0.309585690498352 0.632774591445923 0.826273560523987 0.462573170661926 0.417663186788559 0.272288084030151 0.727721810340881 0.872413039207458
0.803183197975159 0.815771818161011 0.774712562561035 0.903764486312866 0.891345083713531 0.367365717887878 0.876470863819122 0.935511708259583 0.467048496007919 0.928782343864441 0.936770141124725 0.857456982135773 0.952878534793854 0.952403426170349 0.919150054454803 0.93776923418045 0.936106741428375 0.907444775104523 0.950738608837128 0.965488910675049 0.961763024330139 0.707773983478546 0.710588812828064 0.843080103397369 0.203313082456589 0.894937574863434 0.633849143981934 0.91130006313324 0.972606778144836 0.949322462081909 0.899064838886261 0.864352226257324 0.399291932582855 0.379537582397461 0.354092389345169 0.427200227975845 0.530956089496613 0.673348605632782 0.860770165920258 0.700953722000122 0.567316234111786 0.477495163679123 0.607002437114716 0.812891900539398
