data/climate_estimation/maxent_output/Lilium_pardalinum.asc
NCOLS 99 
NROWS 134 
XLLCORNER -124.5 
YLLCORNER 32.5833333333333 
CELLSIZE 0.0833333333333333 
NODATA_value -3.4e+38 
[rows 40 to 59 of 134, columns 0 to 45 of 99]
-3.4e+38 0.571362912654877 0.664075553417206 0.71144050359726 0.74806147813797 0.762740314006805 0.850225031375885 0.85065758228302 0.832532107830048 0.742489755153656 0.720541596412659 0.748020231723785 0.761538028717041 0.752719044685364 0.752364277839661 0.774343848228455 0.812470376491547 0.747334659099579 0.656877398490906 0.372892081737518 0.0994454771280289 0.0590998269617558 0.0349369794130325 0.0312642231583595 0.0261180438101292 0.0225584357976913 0.0200207158923149 0.0209481120109558 0.0271522887051105 0.0398692600429058 0.112177357077599 0.217374473810196 0.714901626110077 0.880668163299561 0.883228838443756 0.885651051998138 0.879260063171387 0.864021420478821 0.829707324504852 0.850284457206726 0.827517211437225 0.782116413116455 0.706767618656158 0.552802741527557 0.362179517745972 0.167210206389427
-3.4e+38 0.569520711898804 0.645009875297546 0.791260659694672 0.738887190818787 0.748154580593109 0.753293752670288 0.82110869884491 0.769635319709778 0.737332046031952 0.683631479740143 0.714378297328949 0.732487916946411 0.745172500610352 0.771790027618408 0.771339178085327 0.788057327270508 0.805896520614624 0.691951990127563 0.58060348033905 0.130175605416298 0.0666125938296318 0.0459158755838871 0.0333510413765907 0.0276771038770676 0.0253142025321722 0.0301188752055168 0.0278483536094427 0.0402936339378357 0.0575657337903976 0.17126128077507 0.331763833761215 0.702197313308716 0.884594082832336 0.885270416736603 0.863285183906555 0.869307816028595 0.881987512111664 0.824344635009766 0.736089169979095 0.70072478055954 0.780627310276031 0.697601735591888 0.695700526237488 0.651335656642914 0.430295139551163
-3.4e+38 0.603514790534973 0.649629414081573 0.689939856529236 0.732970893383026 0.81403774023056 0.739523768424988 0.808579802513123 0.753737211227417 0.754204571247101 0.613740563392639 0.627691209316254 0.756947100162506 0.645619094371796 0.691700756549835 0.792752861976624 0.799298048019409 0.825594961643219 0.813279569149017 0.832669615745544 0.439815282821655 0.0821807608008385 0.0554437078535557 0.0348642915487289 0.0410464331507683 0.0331911705434322 0.0279003530740738 0.0244438033550978 0.0363902933895588 0.0693331509828568 0.130350545048714 0.322271347045898 0.65860390663147 0.813876092433929 0.899639904499054 0.906077325344086 0.889526963233948 0.896409094333649 0.857634603977203 0.79152649641037 0.737237155437469 0.759898126125336 0.746431529521942 0.697949409484863 0.617451429367065 0.604093670845032
-3.4e+38 -3.4e+38 -3.4e+38 0.704628646373749 0.719165146350861 0.72700297832489 0.816565573215485 0.7857306599617 0.739084899425507 0.705298721790314 0.669689118862152 0.660571455955505 0.637576639652252 0.655819296836853 0.680884599685669 0.769326031208038 0.814145743846893 0.816954493522644 0.845188856124878 0.81139862537384 0.784930884838104 0.282014340162277 0.0966561064124107 0.0525498017668724 0.0400949530303478 0.0351588390767574 0.0234309062361717 0.0312235075980425 0.0427835509181023 0.0597564615309238 0.138151988387108 0.221458464860916 0.490656644105911 0.802489042282104 0.870390295982361 0.914538443088531 0.913208246231079 0.910020887851715 0.873845279216766 0.834368228912354 0.823376834392548 0.841248214244843 0.66633665561676 0.469936311244965 0.553996026515961 0.707164704799652
-3.4e+38 -3.4e+38 -3.4e+38 -3.4e+38 -3.4e+38 0.700501084327698 0.804132580757141 0.792911112308502 0.715231001377106 0.726430237293243 0.710045754909515 0.600705206394196 0.727888345718384 0.745731055736542 0.63507205247879 0.769369840621948 0.815406620502472 0.814134061336517 0.803597509860992 0.821567893028259 0.869211256504059 0.789529025554657 0.118927195668221 0.0597198456525803 0.0481207370758057 0.0374657325446606 0.040757529437542 0.0412004515528679 0.0538219287991524 0.0765616819262505 0.131760910153389 0.193552479147911 0.367864429950714 0.873778760433197 0.945310175418854 0.922713577747345 0.934133470058441 0.934112906455994 0.880722045898438 0.720816850662231 0.803545713424683 0.73743087053299 0.637254476547241 0.79856663942337 0.679222762584686 0.619004905223846
-3.4e+38 -3.4e+38 -3.4e+38 -3.4e+38 -3.4e+38 0.712397038936615 0.693395614624023 0.787819266319275 0.741561353206635 0.760300159454346 0.672520577907562 0.729816854000092 0.598046004772186 0.559617817401886 0.665085434913635 0.713089168071747 0.798273801803589 0.832051336765289 0.870296895503998 0.868351399898529 0.873784840106964 0.891132950782776 0.208623796701431 0.0638276115059853 0.0559728071093559 0.0379256159067154 0.0507869608700275 0.0542515628039837 0.0678451806306839 0.0933467894792557 0.110484749078751 0.215470805764198 0.453633904457092 0.860157668590546 0.880298495292664 0.966935336589813 0.925057113170624 0.921219527721405 0.882221639156342 0.897373676300049 0.903306186199188 0.757934391498566 0.581996977329254 0.581426620483398 0.819491744041443 0.824105739593506
-3.4e+38 -3.4e+38 -3.4e+38 -3.4e+38 -3.4e+38 -3.4e+38 0.799032926559448 0.682617008686066 0.665824711322784 0.654782831668854 0.684378564357758 0.675018966197968 0.616216659545898 0.754498958587646 0.649530351161957 0.632483720779419 0.730199813842773 0.763851404190063 0.85742461681366 0.842557191848755 0.831991493701935 0.78523576259613 0.13802894949913 0.0676643624901772 0.0573965199291706 0.0418365187942982 0.0656125992536545 0.0722941979765892 0.100564584136009 0.1181630641222 0.132093161344528 0.161786437034607 0.274877160787582 0.43741974234581 0.696545660495758 0.944998145103455 0.94909256696701 0.924486875534058 0.918734014034271 0.945683836936951 0.914477944374084 0.897417068481445 0.878574371337891 0.806740164756775 0.731584429740906 0.761530041694641
-3.4e+38 -3.4e+38 -3.4e+38 -3.4e+38 -3.4e+38 -3.4e+38 -3.4e+38 0.781604111194611 0.653729498386383 0.642652869224548 0.726713180541992 0.691672623157501 0.703670561313629 0.618264198303223 0.541921675205231 0.428147912025452 0.618618607521057 0.67242556810379 0.809060275554657 0.849076271057129 0.832170009613037 0.851241230964661 0.392668902873993 0.107411965727806 0.095442607998848 0.0803899392485619 0.0851631388068199 0.103111520409584 0.121168948709965 0.139372199773788 0.150591030716896 0.16462866961956 0.202743276953697 0.287253528833389 0.401002883911133 0.663046479225159 0.818568646907806 0.945141971111298 0.955140948295593 0.934142053127289 0.9120934009552 0.855119228363037 0.900170028209686 0.903773367404938 0.865188121795654 0.814181745052338
-3.4e+38 -3.4e+38 -3.4e+38 -3.4e+38 -3.4e+38 -3.4e+38 -3.4e+38 -3.4e+38 0.752239346504211 0.629194498062134 0.720711231231689 0.709788799285889 0.702544271945953 0.593416333198547 0.550318598747253 0.566977322101593 0.600711286067963 0.772562921047211 0.813090801239014 0.853763401508331 0.866794466972351 0.577542662620544 0.478916615247726 0.126190766692162 0.115870960056782 0.105938166379929 0.102180436253548 0.114271946251392 0.134434923529625 0.156422406435013 0.230010434985161 0.247355863451958 0.258475989103317 0.280286699533463 0.267257422208786 0.359103292226791 0.506493628025055 0.726149082183838 0.882376551628113 0.952866196632385 0.932665288448334 0.935470521450043 0.911133050918579 0.920646905899048 0.918411731719971 0.891567587852478
-3.4e+38 -3.4e+38 -3.4e+38 -3.4e+38 -3.4e+38 -3.4e+38 -3.4e+38 -3.4e+38 0.745312452316284 0.724017202854156 0.700121343135834 0.694697201251984 0.633502185344696 0.583925426006317 0.685048520565033 0.700846314430237 0.600430428981781 0.73635071516037 0.846886873245239 0.853913426399231 0.880730390548706 0.845852613449097 0.3537258207798 0.117444582283497 0.114190280437469 0.104963064193726 0.106083981692791 0.114577904343605 0.189191028475761 0.220697015523911 0.237896397709846 0.234378173947334 0.238303780555725 0.213872402906418 0.207308992743492 0.284562677145004 0.405121505260468 0.658592045307159 0.718217790126801 0.94968044757843 0.971793651580811 0.883320868015289 0.901373326778412 0.924056112766266 0.868983924388885 0.893434166908264
-3.4e+38 -3.4e+38 -3.4e+38 -3.4e+38 -3.4e+38 -3.4e+38 -3.4e+38 -3.4e+38 0.744040548801422 0.736424624919891 0.684584736824036 0.677028298377991 0.676496207714081 0.623881757259369 0.710566163063049 0.639129936695099 0.822535037994385 0.742324471473694 0.852213561534882 0.870959401130676 0.887773215770721 0.926764607429504 0.554303824901581 0.155126884579659 0.134310752153397 0.11765294522047 0.161590769886971 0.152785569429398 0.163209304213524 0.188210695981979 0.222477242350578 0.217927753925323 0.209433376789093 0.187226846814156 0.176313504576683 0.223309993743896 0.341149300336838 0.447595775127411 0.690912842750549 0.881513655185699 0.928418636322021 0.835981965065002 0.838914453983307 0.822230398654938 0.852344572544098 0.879697859287262
-3.4e+38 -3.4e+38 -3.4e+38 -3.4e+38 -3.4e+38 -3.4e+38 -3.4e+38 -3.4e+38 0.693097293376923 0.727528393268585 0.704885900020599 0.66376006603241 0.64560741186142 0.724022507667542 0.712972104549408 0.646433651447296 0.7518470287323 0.849632918834686 0.656444489955902 0.766099452972412 0.905890166759491 0.929789543151855 0.514540910720825 0.258795768022537 0.288062274456024 0.15961766242981 0.147898092865944 0.136879652738571 0.139647632837296 0.152730643749237 0.178318232297897 0.200531303882599 0.188306376338005 0.172721713781357 0.148063182830811 0.158036828041077 0.257852643728256 0.571731090545654 0.709993720054626 0.858876645565033 0.799910962581635 0.79449599981308 0.823372364044189 0.833987832069397 0.852188766002655 0.931240916252136
-3.4e+38 -3.4e+38 -3.4e+38 -3.4e+38 -3.4e+38 -3.4e+38 -3.4e+38 -3.4e+38 0.591245830059052 0.733434319496155 0.709665298461914 0.67392098903656 0.642681479454041 0.73975533246994 0.716195166110992 0.652318775653839 0.542823731899261 0.732299447059631 0.694552302360535 0.638418138027191 0.869236946105957 0.907073378562927 0.394042104482651 0.290063500404358 0.318983942270279 0.177428886294365 0.140143036842346 0.115328729152679 0.112706139683723 0.116534277796745 0.134005859494209 0.15737321972847 0.182102844119072 0.162480920553207 0.153434365987778 0.148222804069519 0.18161079287529 0.327928990125656 0.621163308620453 0.804364502429962 0.690623342990875 0.835017263889313 0.827648341655731 0.789518892765045 0.748382389545441 0.90124499797821
-3.4e+38 -3.4e+38 -3.4e+38 -3.4e+38 -3.4e+38 -3.4e+38 -3.4e+38 -3.4e+38 0.585032999515533 0.711932599544525 0.723949909210205 0.692139625549316 0.659970462322235 0.755209267139435 0.690126359462738 0.524428367614746 0.424760937690735 0.597756206989288 0.809974133968353 0.773904204368591 0.856119692325592 0.904401540756226 0.728915691375732 0.435476839542389 0.34095373749733 0.224668636918068 0.128289684653282 0.100901089608669 0.0958013236522675 0.092159166932106 0.101232700049877 0.113163091242313 0.153859078884125 0.154097884893417 0.140628561377525 0.144329458475113 0.161222472786903 0.225117310881615 0.450489640235901 0.492866814136505 0.732346653938293 0.85133558511734 0.744630932807922 0.776921331882477 0.812423408031464 0.884458184242249
-3.4e+38 -3.4e+38 -3.4e+38 -3.4e+38 -3.4e+38 -3.4e+38 -3.4e+38 -3.4e+38 0.577042520046234 0.71004182100296 0.717181026935577 0.700455486774445 0.677280247211456 0.780151128768921 0.712633490562439 0.509129166603088 0.595484495162964 0.629507660865784 0.537447154521942 0.674009680747986 0.857401251792908 0.782745242118835 0.714451193809509 0.54484224319458 0.373592734336853 0.281516343355179 0.11640103161335 0.0915713161230087 0.0795734152197838 0.0738315209746361 0.0772766023874283 0.120656430721283 0.197761759161949 0.128121718764305 0.135253265500069 0.13761979341507 0.151627987623215 0.172222331166267 0.297366768121719 0.517137825489044 0.628875017166138 0.726036727428436 0.759743273258209 0.683015525341034 0.691235065460205 0.718180775642395
-3.4e+38 -3.4e+38 -3.4e+38 -3.4e+38 -3.4e+38 -3.4e+38 -3.4e+38 -3.4e+38 -3.4e+38 0.711501181125641 0.716924786567688 0.706735789775848 0.693638443946838 0.818717479705811 0.798773944377899 0.584978699684143 0.642732918262482 0.73169207572937 0.514093279838562 0.398226380348206 0.746896088123322 0.672982633113861 0.574923038482666 0.449067085981369 0.515249252319336 0.258106857538223 0.152045175433159 0.0918044671416283 0.0782793387770653 0.065718948841095 0.0647149384021759 0.0688082948327065 0.0792350396513939 0.0923589169979095 0.104563772678375 0.140106841921806 0.144692525267601 0.160063982009888 0.229645475745201 0.41305860877037 0.640127956867218 0.596569955348969 0.52066445350647 0.528632640838623 0.682043254375458 0.796531558036804
-3.4e+38 -3.4e+38 -3.4e+38 -3.4e+38 -3.4e+38 -3.4e+38 -3.4e+38 -3.4e+38 -3.4e+38 0.702160000801086 0.716043531894684 0.705291032791138 0.711327612400055 0.812055051326752 0.799329042434692 0.688143670558929 0.59044748544693 0.776146352291107 0.562975525856018 0.344362705945969 0.39208060503006 0.518452763557434 0.430857211351395 0.380900502204895 0.544974446296692 0.327852100133896 0.270659863948822 0.147833034396172 0.0834826231002808 0.0657810568809509 0.0595675706863403 0.0628437250852585 0.0669901669025421 0.07546766102314 0.0852542743086815 0.110718995332718 0.154197782278061 0.160316422581673 0.20446515083313 0.325798779726028 0.45911380648613 0.460453897714615 0.410498082637787 0.398939847946167 0.520429372787476 0.46037420630455
-3.4e+38 -3.4e+38 -3.4e+38 -3.4e+38 -3.4e+38 -3.4e+38 -3.4e+38 -3.4e+38 -3.4e+38 0.453688025474548 0.701887726783752 0.706399261951447 0.715560972690582 0.700363397598267 0.824570298194885 0.797507703304291 0.585926115512848 0.52690714597702 0.654234945774078 0.503293454647064 0.576005935668945 0.447919130325317 0.302513539791107 0.45568522810936 0.459321588277817 0.318836450576782 0.347308844327927 0.22101354598999 0.129873365163803 0.0750410705804825 0.0606276243925095 0.0593607388436794 0.0664459466934204 0.0691709592938423 0.0750706121325493 0.0994331911206245 0.139712169766426 0.17256124317646 0.189395323395729 0.255372285842896 0.410241842269897 0.375234395265579 0.375129491090775 0.394908875226974 0.387350976467133 0.476589679718018
-3.4e+38 -3.4e+38 -3.4e+38 -3.4e+38 -3.4e+38 -3.4e+38 -3.4e+38 -3.4e+38 -3.4e+38 0.434012800455093 0.683793187141418 0.723971307277679 0.71335244178772 0.716582238674164 0.822545170783997 0.740784168243408 0.665694296360016 0.566839754581451 0.743535697460175 0.723807036876678 0.771885395050049 0.737719297409058 0.408547967672348 0.385115176439285 0.52239865064621 0.535229206085205 0.439233332872391 0.217301666736603 0.196281805634499 0.0920407772064209 0.0676446333527565 0.0652764737606049 0.0667585581541061 0.0743790045380592 0.0817857906222343 0.0915291979908943 0.134209290146828 0.179783537983894 0.199104964733124 0.236126035451889 0.30865404009819 0.384780406951904 0.360959827899933 0.367923110723495 0.316450178623199 0.428952932357788
-3.4e+38 -3.4e+38 -3.4e+38 -3.4e+38 -3.4e+38 -3.4e+38 -3.4e+38 -3.4e+38 -3.4e+38 -3.4e+38 0.646406412124634 0.69003838300705 0.715257585048676 0.711841464042664 0.70696610212326 0.798569858074188 0.696947872638702 0.548119306564331 0.48918479681015 0.621854066848755 0.795962929725647 0.811280310153961 0.417358160018921 0.421373873949051 0.357739478349686 0.429581224918365 0.398442000150681 0.243839412927628 0.200595989823341 0.10194169729948 0.0869754478335381 0.0767981112003326 0.0795110091567039 0.0855136588215828 0.0936001986265182 0.112989358603954 0.144578531384468 0.181255638599396 0.20044170320034 0.221849694848061 0.258684933185577 0.334638893604279 0.258956104516983 0.343042701482773 0.311196088790894 0.25490865111351
