data/climate_estimation/maxent_output/Lilium_medeoloides.asc
NCOLS 398 
NROWS 238 
XLLCORNER 125.583333333333 
YLLCORNER 34.8333333333333 
CELLSIZE 0.0833333333333333 
NODATA_value -3.4e+38 
[rows 92 to 114 of 238, columns 104 to 155 of 398]
0.00886038597673178 0.0117411287501454 0.0204759519547224 0.021229762583971 0.0171149577945471 0.0191362965852022 0.0358340293169022 0.0460001938045025 0.0218722578138113 0.0246106032282114 0.0280513782054186 0.0371304862201214 0.0580268502235413 0.0660131722688675 0.0691811442375183 0.0696786344051361 0.0858284160494804 0.105972006917 0.109119050204754 0.113128744065762 0.116785913705826 0.118593625724316 0.13793633878231 0.138447403907776 0.151370704174042 0.156856924295425 0.169480681419373 0.171912759542465 0.173263937234879 0.180513978004456 0.181623220443726 0.192518398165703 0.203770384192467 0.194966778159142 0.222610041499138 0.22871321439743 0.234961807727814 0.247752174735069 0.243006318807602 0.248553052544594 0.253631412982941 0.265257120132446 0.266054958105087 0.274895429611206 0.268446266651154 0.272247523069382 0.23702709376812 0.250955075025558 0.181102648377419 0.125214338302612 0.0869393199682236 0.0758385583758354
0.00984308123588562 0.0220224503427744 0.0174051057547331 0.0130556784570217 0.015991261228919 0.0211876556277275 0.0289945416152477 0.0192075725644827 0.0205203220248222 0.0273900367319584 0.0310778208076954 0.0503848716616631 0.0659147724509239 0.0695875734090805 0.0708732008934021 0.0656727999448776 0.0904560312628746 0.106166757643223 0.110614731907845 0.114096090197563 0.118317313492298 0.120174765586853 0.139026746153831 0.142940148711205 0.151358902454376 0.155739441514015 0.161935910582542 0.164749220013618 0.175999090075493 0.183877646923065 0.191595241427422 0.194698199629784 0.211988925933838 0.219549164175987 0.22090682387352 0.227581351995468 0.234894752502441 0.238622382283211 0.246978014707565 0.264365941286087 0.265967398881912 0.273883879184723 0.282145977020264 0.292804598808289 0.288322538137436 0.262899905443192 0.246629610657692 0.184195458889008 0.116479232907295 0.0798593834042549 0.0760259926319122 0.0713554248213768
0.00777325825765729 0.0121170105412602 0.0150468647480011 0.0121659571304917 0.0148662766441703 0.0168335251510143 0.0160432830452919 0.015327543951571 0.0209044460207224 0.0220551639795303 0.0266207586973906 0.0324733555316925 0.0604862570762634 0.0834766775369644 0.0818098410964012 0.0636007115244865 0.0865573137998581 0.0910809859633446 0.0963403061032295 0.114797703921795 0.118526071310043 0.120430022478104 0.138532221317291 0.151045396924019 0.15229369699955 0.16429278254509 0.165632784366608 0.168826431035995 0.181505337357521 0.187261372804642 0.202092826366425 0.209716245532036 0.20855875313282 0.217283129692078 0.23446361720562 0.238700076937675 0.25243279337883 0.250665903091431 0.258009612560272 0.268590956926346 0.286402970552444 0.287073373794556 0.286698997020721 0.312978357076645 0.309750139713287 0.297346472740173 0.264026373624802 0.158959209918976 0.117342859506607 0.0877341032028198 0.0766987353563309 -3.4e+38
0.0101776672527194 0.00873561389744282 0.01193474419415 0.0114624751731753 0.0129745490849018 0.0133312223479152 0.0140086188912392 0.015552232041955 0.0233856700360775 0.0238518007099628 0.0268420800566673 0.0423711985349655 0.0717626959085464 0.0695638582110405 0.0584578923881054 0.0514638125896454 0.062655046582222 0.0814774855971336 0.0892025530338287 0.0876800492405891 0.095053069293499 0.114207357168198 0.120844431221485 0.124977312982082 0.151343688368797 0.160300403833389 0.168073698878288 0.179869443178177 0.183417811989784 0.19743025302887 0.204160943627357 0.202928006649017 0.2103291451931 0.219246193766594 0.22976903617382 0.23878276348114 0.255580753087997 0.263037204742432 0.278754204511642 0.278769463300705 0.292680144309998 0.290681630373001 0.312333464622498 0.313600033521652 0.333165973424911 0.318646818399429 0.268578827381134 0.1734629124403 0.0859740599989891 0.08792994171381 -3.4e+38 -3.4e+38
0.00847605895251036 0.00754316477105021 0.00769138941541314 0.0098645705729723 0.0120270512998104 0.0124767301604152 0.0140375318005681 0.0172250829637051 0.0221327282488346 0.0207834281027317 0.0232831593602896 0.0397333465516567 0.0499539002776146 0.0444371625781059 0.0426438488066196 0.0565808564424515 0.0839800089597702 0.0890120938420296 0.0866136103868484 0.0955545082688332 0.118803381919861 0.139934107661247 0.138453111052513 0.142909228801727 0.139403209090233 0.143446683883667 0.149233043193817 0.166904866695404 0.171488121151924 0.178342759609222 0.197192132472992 0.202796280384064 0.219359084963799 0.224091932177544 0.244579270482063 0.244666770100594 0.265148103237152 0.26408252120018 0.291110157966614 0.291905015707016 0.309154599905014 0.306689441204071 0.314985007047653 0.335641920566559 0.307621568441391 0.278905481100082 0.231273904442787 0.127861633896828 0.109353609383106 0.0897236987948418 -3.4e+38 -3.4e+38
0.0074633527547121 0.00775157194584608 0.00785448029637337 0.01006203237921 0.0112984692677855 0.0116531131789088 0.0131702655926347 0.0162378586828709 0.01670784316957 0.0233328938484192 0.0220873262733221 0.0249356105923653 0.030586214736104 0.0315948016941547 0.0509700998663902 0.0893765985965729 0.0960516706109047 0.0969649478793144 0.0959151834249496 0.119979508221149 0.132649376988411 0.144055932760239 0.145635843276978 0.147529989480972 0.150158450007439 0.167225986719131 0.172651380300522 0.175667941570282 0.175470277667046 0.179733693599701 0.195477232336998 0.196445018053055 0.216772437095642 0.221628084778786 0.244833663105965 0.256897807121277 0.278069615364075 0.277450263500214 0.286998003721237 0.311503738164902 0.321401119232178 0.332778930664062 0.346473157405853 0.339379996061325 0.339293420314789 0.214490696787834 0.187916994094849 0.149621665477753 0.10432618111372 0.0982323288917542 -3.4e+38 -3.4e+38
0.0075565199367702 0.0077518168836832 0.00806766469031572 0.0102774873375893 0.0125514352694154 0.0141625069081783 0.0172457620501518 0.0164568033069372 0.0208022799342871 0.0200539771467447 0.0225223209708929 0.030373265966773 0.0312204398214817 0.0499595776200294 0.0867926776409149 0.0975167602300644 0.113282807171345 0.100839793682098 0.118018247187138 0.12423975020647 0.132757619023323 0.143798127770424 0.150607064366341 0.152794152498245 0.164419904351234 0.171988308429718 0.183091953396797 0.19245919585228 0.20050348341465 0.203285425901413 0.211956009268761 0.21864053606987 0.221553340554237 0.240293115377426 0.244828671216965 0.247559100389481 0.286006152629852 0.297458827495575 0.315390259027481 0.317965179681778 0.329692333936691 0.333136141300201 0.342203080654144 0.366278648376465 0.23211033642292 0.289592206478119 0.118432961404324 0.101468041539192 0.0827440768480301 -3.4e+38 -3.4e+38 -3.4e+38
0.00830189138650894 0.00793864205479622 0.0082832332700491 0.0101495031267405 0.0137649215757847 0.0154706574976444 0.025480518117547 0.0241327434778214 0.0210978426039219 0.0204133111983538 0.0321251749992371 0.0395946651697159 0.0491883829236031 0.0912348181009293 0.0973772257566452 0.104807302355766 0.114123746752739 0.0988264679908752 0.104823090136051 0.134276583790779 0.138609170913696 0.143163502216339 0.153215482831001 0.164869472384453 0.171733096241951 0.174210593104362 0.182135969400406 0.200560688972473 0.210633799433708 0.209515914320946 0.216120943427086 0.233831748366356 0.247418358922005 0.241829514503479 0.263037204742432 0.277571976184845 0.286191403865814 0.292918622493744 0.313930988311768 0.317335844039917 0.342078268527985 0.3105448782444 0.287924379110336 0.285588383674622 0.268982946872711 0.149180665612221 0.102621227502823 -3.4e+38 -3.4e+38 -3.4e+38 -3.4e+38 -3.4e+38
0.00775635149329901 0.00884655211120844 0.00918375793844461 0.0124195516109467 0.014135385863483 0.0189838111400604 0.0181343741714954 0.0174129698425531 0.0180247463285923 0.0264060869812965 0.0322861149907112 0.0525745078921318 0.0737011879682541 0.0777176395058632 0.0964565649628639 0.10900005698204 0.0971007868647575 0.100265644490719 0.121780209243298 0.134356006979942 0.141638413071632 0.151191905140877 0.157241240143776 0.168684497475624 0.174270704388618 0.175631448626518 0.192156061530113 0.205436855554581 0.210784703493118 0.227556452155113 0.225264072418213 0.238777458667755 0.252238094806671 0.259826600551605 0.276503950357437 0.286037474870682 0.296804636716843 0.321915298700333 0.327011406421661 0.342910706996918 0.341381281614304 0.265349984169006 0.247207090258598 0.187570720911026 0.127797454595566 0.103222526609898 0.0960970893502235 -3.4e+38 -3.4e+38 -3.4e+38 -3.4e+38 -3.4e+38
0.0102098351344466 0.0097450390458107 0.0121487798169255 0.0164952352643013 0.0169690381735563 0.0148217407986522 0.0216631125658751 0.0299891885370016 0.0259865038096905 0.0230626221746206 0.0363908633589745 0.0637447983026505 0.0688199028372765 0.0794993862509727 0.0923507586121559 0.0954531282186508 0.0915012881159782 0.11790607124567 0.132378593087196 0.13456267118454 0.143708720803261 0.147058710455894 0.163102969527245 0.169334456324577 0.178766965866089 0.180953070521355 0.196555927395821 0.215028062462807 0.210166037082672 0.231046512722969 0.236833170056343 0.260997325181961 0.257840931415558 0.283480644226074 0.278406292200089 0.302092730998993 0.305634737014771 0.319312393665314 0.337946474552155 0.335820615291595 0.365496307611465 0.283204138278961 0.185691863298416 0.126548796892166 0.101583354175091 0.12206955999136 0.105038173496723 -3.4e+38 -3.4e+38 -3.4e+38 -3.4e+38 -3.4e+38
0.00804696697741747 0.00828508660197258 0.0105778397992253 0.0121876494958997 0.0125192841514945 0.0128443306311965 0.013459200039506 0.0152648659422994 0.0170606449246407 0.025750145316124 0.0371783412992954 0.0495688132941723 0.0521762333810329 0.0541721433401108 0.0712135881185532 0.0730341151356697 0.0990287661552429 0.102862112224102 0.119722165167332 0.130105048418045 0.150339916348457 0.154445007443428 0.161285892128944 0.175203323364258 0.184084847569466 0.185236304998398 0.206753686070442 0.210310459136963 0.216380223631859 0.232112750411034 0.243139326572418 0.255670309066772 0.27747055888176 0.288815885782242 0.297619253396988 0.285581201314926 0.281156659126282 0.253588765859604 0.181573465466499 0.21443222463131 0.158505827188492 0.116298116743565 0.117441117763519 0.101842470467091 0.111701041460037 0.0966397672891617 -3.4e+38 -3.4e+38 -3.4e+38 -3.4e+38 -3.4e+38 -3.4e+38
0.0095500135794282 0.00795199442654848 0.0100646326318383 0.0113807776942849 0.0117648420855403 0.012035321444273 0.0149502782151103 0.0168619602918625 0.0253959074616432 0.0308910589665174 0.0316504798829556 0.0362414196133614 0.0369995571672916 0.0504957921802998 0.0720564275979996 0.116324007511139 0.120965607464314 0.123656243085861 0.126748397946358 0.141832426190376 0.147729709744453 0.152644217014313 0.167125016450882 0.179244160652161 0.188225924968719 0.192531526088715 0.213856250047684 0.224989846348763 0.234706833958626 0.233794182538986 0.252578288316727 0.273846596479416 0.273930907249451 0.284380823373795 0.303222239017487 0.313723057508469 0.261893510818481 0.300739407539368 0.298768818378448 0.28582102060318 0.230927228927612 0.187033772468567 0.137338370084763 0.111152365803719 0.103957958519459 -3.4e+38 -3.4e+38 -3.4e+38 -3.4e+38 -3.4e+38 -3.4e+38 -3.4e+38
0.0106715653091669 0.008102186024189 0.00941618904471397 0.0115936975926161 0.0130459116771817 0.0135752856731415 0.0139684062451124 0.0175142157822847 0.0282399710267782 0.0293668564409018 0.0276664309203625 0.033695250749588 0.0376568660140038 0.0602512843906879 0.0970605537295341 0.120114035904408 0.123989634215832 0.120574690401554 0.128793939948082 0.151531487703323 0.152547046542168 0.159261718392372 0.171606481075287 0.176283821463585 0.186065435409546 0.196661040186882 0.213647648692131 0.228647664189339 0.237280860543251 0.236489176750183 0.258908361196518 0.261004596948624 0.28568908572197 0.298409730195999 0.312486290931702 0.317467898130417 0.307185530662537 0.313303798437119 0.265365600585938 0.172373846173286 0.186177328228951 0.117554649710655 0.101977355778217 0.0950910076498985 -3.4e+38 -3.4e+38 -3.4e+38 -3.4e+38 -3.4e+38 -3.4e+38 -3.4e+38 -3.4e+38
0.0105768283829093 0.0108478851616383 0.0106207607313991 0.0110310325399041 0.0123423375189304 0.0127717312425375 0.0142922028899193 0.0161100290715694 0.0183248016983271 0.0252468418329954 0.0427580960094929 0.0373509973287582 0.032603420317173 0.101938813924789 0.104372039437294 0.102852053940296 0.103483013808727 0.0968369394540787 0.121173776686192 0.134767383337021 0.15916620194912 0.167353466153145 0.170459300279617 0.182740792632103 0.201315358281136 0.20071105659008 0.224507555365562 0.244987949728966 0.25412529706955 0.247428357601166 0.233713656663895 0.286819010972977 0.308531671762466 0.329710364341736 0.334502607584 0.355313301086426 0.369455218315125 0.359402269124985 0.284745872020721 0.137124761939049 0.0999910905957222 0.110339067876339 0.094685323536396 -3.4e+38 -3.4e+38 -3.4e+38 -3.4e+38 -3.4e+38 -3.4e+38 -3.4e+38 -3.4e+38 -3.4e+38
0.0117267724126577 0.0134284719824791 0.0108779454603791 0.0112121738493443 0.0115781864151359 0.0118566155433655 0.0146419536322355 0.0180965904146433 0.0226671230047941 0.0330144502222538 0.0334928259253502 0.0319826751947403 0.0333383083343506 0.0738412737846375 0.0653749257326126 0.0879141017794609 0.0965609773993492 0.098921462893486 0.130987465381622 0.150206238031387 0.164445072412491 0.166262984275818 0.179088249802589 0.190013974905014 0.207681059837341 0.214249804615974 0.238370671868324 0.240691423416138 0.261526346206665 0.243632555007935 0.225053489208221 0.26818710565567 0.313997060060501 0.330832779407501 0.351585060358047 0.370175093412399 0.387162119150162 0.388498544692993 0.309910327196121 0.126497074961662 0.111129842698574 0.10318037122488 -3.4e+38 -3.4e+38 -3.4e+38 -3.4e+38 -3.4e+38 -3.4e+38 -3.4e+38 -3.4e+38 -3.4e+38 -3.4e+38
0.0133930873125792 0.0136539423838258 0.0101342713460326 0.0125671764835715 0.0130104534327984 0.014536521397531 0.0230125691741705 0.0245413538068533 0.027157636359334 0.0397465601563454 0.0523746758699417 0.0324396342039108 0.0572940483689308 0.0801026001572609 0.0961510017514229 0.0981092378497124 0.125763192772865 0.125241354107857 0.150006055831909 0.154757097363472 0.165931597352028 0.178879410028458 0.184934735298157 0.192490473389626 0.21027684211731 0.212949126958847 0.233588606119156 0.239998146891594 0.213157907128334 0.222883135080338 0.213532820343971 0.303980201482773 0.312371671199799 0.293705105781555 0.361899524927139 0.360292464494705 0.335109978914261 0.287934809923172 0.137762263417244 0.102068945765495 0.095129206776619 -3.4e+38 -3.4e+38 -3.4e+38 -3.4e+38 -3.4e+38 -3.4e+38 -3.4e+38 -3.4e+38 -3.4e+38 -3.4e+38 -3.4e+38
0.0106092169880867 0.0131301051005721 0.0114061683416367 0.0153585560619831 0.0171520803123713 0.0209930706769228 0.0740690305829048 0.0742130801081657 0.0546374395489693 0.0815934538841248 0.0533878989517689 0.0399598106741905 0.0781549662351608 0.0714031159877777 0.0944425091147423 0.105369627475739 0.125945314764977 0.132200628519058 0.15199963748455 0.154614344239235 0.159131869673729 0.172937735915184 0.192120909690857 0.197085589170456 0.211763009428978 0.220711976289749 0.220204696059227 0.219267696142197 0.238808616995811 0.211313962936401 0.175651177763939 0.218947201967239 0.261323869228363 0.284005731344223 0.337760001420975 0.198543608188629 0.107435673475266 0.116865046322346 0.102016024291515 -3.4e+38 -3.4e+38 -3.4e+38 -3.4e+38 -3.4e+38 -3.4e+38 -3.4e+38 -3.4e+38 -3.4e+38 -3.4e+38 -3.4e+38 -3.4e+38 -3.4e+38
0.0124253425747156 0.00968270003795624 0.0118416035547853 0.0169189013540745 0.0422128476202488 0.0615493804216385 0.0782156586647034 0.0771082416176796 0.0759287104010582 0.0794240608811378 0.0424217842519283 0.0788523778319359 0.0845646485686302 0.0622677691280842 0.105317831039429 0.132462784647942 0.137778371572495 0.13168877363205 0.128952473402023 0.13200980424881 0.12395928800106 0.153808534145355 0.156897485256195 0.175436049699783 0.193723142147064 0.222350046038628 0.219048798084259 0.241818219423294 0.24608963727951 0.257238894701004 0.252742290496826 0.19405597448349 0.194716840982437 0.123726531863213 0.106477327644825 0.0983695536851883 0.0857281014323235 0.0798774734139442 -3.4e+38 -3.4e+38 -3.4e+38 -3.4e+38 -3.4e+38 -3.4e+38 -3.4e+38 -3.4e+38 -3.4e+38 -3.4e+38 -3.4e+38 -3.4e+38 -3.4e+38 -3.4e+38
0.0096910297870636 0.0140351308509707 0.013154461979866 0.016131529584527 0.0180160626769066 0.0202829763293266 0.0257166530936956 0.033716231584549 0.0475489385426044 0.0611299388110638 0.0674703195691109 0.107693254947662 0.104700744152069 0.0898806378245354 0.0649215802550316 0.0942913070321083 0.0892694070935249 0.100360184907913 0.120374523103237 0.132552862167358 0.153485909104347 0.151766985654831 0.175420179963112 0.20280134677887 0.206818461418152 0.227071434259415 0.248681277036667 0.24381810426712 0.18805518746376 0.178028717637062 0.208278581500053 0.24190491437912 0.211782231926918 0.124719209969044 0.0850116387009621 0.0795319899916649 0.086183212697506 -3.4e+38 -3.4e+38 -3.4e+38 -3.4e+38 -3.4e+38 -3.4e+38 -3.4e+38 -3.4e+38 -3.4e+38 -3.4e+38 -3.4e+38 -3.4e+38 -3.4e+38 -3.4e+38 -3.4e+38
0.0108857089653611 0.0132320476695895 0.0176313407719135 0.0151737509295344 0.0292723719030619 0.0537571460008621 0.0559440217912197 0.0816350132226944 0.0845527872443199 0.0474623292684555 0.0847182795405388 0.10972423106432 0.111966997385025 0.108595848083496 0.100210338830948 0.0626617893576622 0.0841909050941467 0.112156972289085 0.127013474702835 0.126152500510216 0.161153823137283 0.180814623832703 0.201153621077538 0.215980991721153 0.240265280008316 0.228280022740364 0.204408511519432 0.240616008639336 0.223331391811371 0.252326786518097 0.178440526127815 0.114242784678936 0.157612979412079 0.0918396934866905 0.0868020877242088 0.0805269330739975 -3.4e+38 -3.4e+38 -3.4e+38 -3.4e+38 -3.4e+38 -3.4e+38 -3.4e+38 -3.4e+38 -3.4e+38 -3.4e+38 -3.4e+38 -3.4e+38 -3.4e+38 -3.4e+38 -3.4e+38 -3.4e+38
0.012339592911303 0.013740143738687 0.0217725727707148 0.0189813487231731 0.0302113946527243 0.0430747382342815 0.0778713971376419 0.103579834103584 0.0838502049446106 0.0833192467689514 0.0866188406944275 0.0793401151895523 0.0816454887390137 0.0720109641551971 0.0901749506592751 0.0715515464544296 0.0933158472180367 0.135040178894997 0.135010406374931 0.157590419054031 0.182318687438965 0.20039875805378 0.219871267676353 0.224776357412338 0.219145581126213 0.217898786067963 0.163903340697289 0.178183406591415 0.252164423465729 0.20975099503994 0.168219923973083 0.106815569102764 0.0853594243526459 0.0790660008788109 -3.4e+38 -3.4e+38 -3.4e+38 -3.4e+38 -3.4e+38 -3.4e+38 -3.4e+38 -3.4e+38 -3.4e+38 -3.4e+38 -3.4e+38 -3.4e+38 -3.4e+38 -3.4e+38 -3.4e+38 -3.4e+38 -3.4e+38 -3.4e+38
0.0231686942279339 0.0185692217200994 0.0320275910198689 0.0423117205500603 0.0610669776797295 0.0491865649819374 0.0813794881105423 0.0870215520262718 0.0829364508390427 0.106712810695171 0.107778914272785 0.103588826954365 0.102262683212757 0.108655579388142 0.111759386956692 0.0725772902369499 0.122302681207657 0.136408731341362 0.189303547143936 0.196070626378059 0.185126855969429 0.172599613666534 0.207255348563194 0.192169472575188 0.182465568184853 0.186274334788322 0.189425304532051 0.0751799345016479 0.114253506064415 0.106529578566551 0.078293576836586 0.072461411356926 -3.4e+38 -3.4e+38 -3.4e+38 -3.4e+38 -3.4e+38 -3.4e+38 -3.4e+38 -3.4e+38 -3.4e+38 -3.4e+38 -3.4e+38 -3.4e+38 -3.4e+38 -3.4e+38 -3.4e+38 -3.4e+38 -3.4e+38 -3.4e+38 -3.4e+38 -3.4e+38
0.0317011959850788 0.0188591554760933 0.0305964667350054 0.0756924599409103 0.0452914983034134 0.0565836988389492 0.0687835738062859 0.0691818296909332 0.103344470262527 0.107152529060841 0.114858992397785 0.113521002233028 0.135185122489929 0.139168009161949 0.0996864214539528 0.120860949158669 0.156141459941864 0.161288231611252 0.184821009635925 0.186686158180237 0.203591555356979 0.20269738137722 0.224312454462051 0.220810383558273 0.151001900434494 0.111543640494347 0.105305753648281 0.0596418119966984 0.115324668586254 0.0924500972032547 0.0938759595155716 -3.4e+38 -3.4e+38 -3.4e+38 -3.4e+38 -3.4e+38 -3.4e+38 -3.4e+38 -3.4e+38 -3.4e+38 -3.4e+38 -3.4e+38 -3.4e+38 -3.4e+38 -3.4e+38 -3.4e+38 -3.4e+38 -3.4e+38 -3.4e+38 -3.4e+38 -3.4e+38 -3.4e+38
