data/climate_estimation/maxent_output/Lilium_japonicum.asc
NCOLS 117 
NROWS 72 
XLLCORNER 131.166666666667 
YLLCORNER 33.4166666666667 
CELLSIZE 0.0833333333333333 
NODATA_value -3.4e+38 
[rows 44 to 65 of 72, columns 0 to 48 of 117]
-3.4e+38 -3.4e+38 -3.4e+38 -3.4e+38 -3.4e+38 -3.4e+38 -3.4e+38 -3.4e+38 -3.4e+38 -3.4e+38 -3.4e+38 -3.4e+38 -3.4e+38 -3.4e+38 -3.4e+38 -3.4e+38 -3.4e+38 -3.4e+38 -3.4e+38 -3.4e+38 -3.4e+38 -3.4e+38 -3.4e+38 -3.4e+38 -3.4e+38 -3.4e+38 -3.4e+38 -3.4e+38 -3.4e+38 -3.4e+38 -3.4e+38 -3.4e+38 -3.4e+38 -3.4e+38 -3.4e+38 -3.4e+38 -3.4e+38 -3.4e+38 -3.4e+38 -3.4e+38 -3.4e+38 -3.4e+38 -3.4e+38 -3.4e+38 -3.4e+38 0.646008133888245 0.635497629642487 0.645397305488586 0.669377088546753
-3.4e+38 -3.4e+38 -3.4e+38 -3.4e+38 -3.4e+38 -3.4e+38 -3.4e+38 -3.4e+38 -3.4e+38 -3.4e+38 -3.4e+38 -3.4e+38 -3.4e+38 -3.4e+38 -3.4e+38 -3.4e+38 -3.4e+38 -3.4e+38 -3.4e+38 -3.4e+38 -3.4e+38 -3.4e+38 -3.4e+38 0.523778796195984 -3.4e+38 -3.4e+38 -3.4e+38 -3.4e+38 -3.4e+38 -3.4e+38 -3.4e+38 -3.4e+38 -3.4e+38 -3.4e+38 -3.4e+38 -3.4e+38 -3.4e+38 0.566122889518738 0.598632156848907 0.599980592727661 0.638037383556366 0.630653917789459 0.637885093688965 0.639512956142426 0.640530467033386 0.64309173822403 0.636916995048523 0.649181127548218 0.659053146839142
-3.4e+38 -3.4e+38 -3.4e+38 -3.4e+38 -3.4e+38 -3.4e+38 -3.4e+38 -3.4e+38 -3.4e+38 -3.4e+38 -3.4e+38 -3.4e+38 -3.4e+38 -3.4e+38 -3.4e+38 -3.4e+38 -3.4e+38 -3.4e+38 -3.4e+38 -3.4e+38 0.520286679267883 0.526921153068542 0.537152886390686 0.550598740577698 0.524256765842438 0.532545030117035 -3.4e+38 0.514071881771088 0.516615569591522 0.507704138755798 0.514603137969971 -3.4e+38 0.540446221828461 0.54878306388855 0.544888317584991 0.543827056884766 0.548025369644165 0.588029503822327 0.60960179567337 0.630118489265442 0.633884847164154 0.632549285888672 0.648178339004517 0.638700783252716 0.648254632949829 0.654719889163971 0.643817365169525 0.627873361110687 0.630807042121887
-3.4e+38 -3.4e+38 -3.4e+38 -3.4e+38 -3.4e+38 -3.4e+38 -3.4e+38 -3.4e+38 -3.4e+38 -3.4e+38 -3.4e+38 -3.4e+38 -3.4e+38 -3.4e+38 -3.4e+38 -3.4e+38 -3.4e+38 0.477454453706741 0.489955306053162 0.491784393787384 0.49372187256813 0.505972802639008 0.530093133449554 0.529459536075592 0.524702966213226 0.515510022640228 0.511219441890717 0.532121896743774 0.597899556159973 0.589941084384918 0.519234836101532 0.520200848579407 0.537759184837341 0.562578976154327 0.568189978599548 0.580722033977509 0.562450349330902 0.588824272155762 0.644183695316315 0.65458470582962 0.650013744831085 0.659456849098206 0.634564459323883 0.635594725608826 0.635196328163147 0.63405168056488 0.677697241306305 0.66990339756012 0.665288686752319
-3.4e+38 -3.4e+38 -3.4e+38 -3.4e+38 -3.4e+38 -3.4e+38 -3.4e+38 -3.4e+38 -3.4e+38 -3.4e+38 -3.4e+38 -3.4e+38 -3.4e+38 -3.4e+38 -3.4e+38 -3.4e+38 -3.4e+38 0.455491304397583 0.457255810499191 0.474967926740646 0.491927206516266 0.573229968547821 0.603855133056641 0.612731218338013 0.583177149295807 0.518983423709869 0.555014252662659 0.59549218416214 0.718779325485229 0.740594744682312 0.730889618396759 0.727238118648529 0.589825987815857 0.738629758358002 0.734220862388611 0.612467110157013 0.561075866222382 0.57542210817337 0.633445501327515 0.734516680240631 0.729020118713379 0.644056081771851 0.596984088420868 0.606812238693237 0.648171246051788 0.635164737701416 0.642995417118073 0.632793426513672 0.618680536746979
-3.4e+38 -3.4e+38 -3.4e+38 -3.4e+38 -3.4e+38 -3.4e+38 -3.4e+38 -3.4e+38 -3.4e+38 -3.4e+38 -3.4e+38 -3.4e+38 -3.4e+38 -3.4e+38 -3.4e+38 -3.4e+38 0.437947541475296 0.510635375976562 0.531086623668671 0.567828238010406 0.56660133600235 0.593456864356995 0.632325708866119 0.633781969547272 0.628866136074066 0.625854969024658 0.737933933734894 0.746589124202728 0.737614154815674 0.741142511367798 0.74111932516098 0.740176796913147 0.73090398311615 0.721972286701202 0.720469892024994 0.734319090843201 0.743349850177765 0.743153989315033 0.710118651390076 0.728570699691772 0.712747871875763 0.731737434864044 0.622083187103271 0.614522516727448 0.626665413379669 0.612619876861572 0.615690052509308 0.595761120319366 0.58362078666687
-3.4e+38 -3.4e+38 -3.4e+38 -3.4e+38 -3.4e+38 -3.4e+38 -3.4e+38 -3.4e+38 -3.4e+38 -3.4e+38 -3.4e+38 -3.4e+38 -3.4e+38 -3.4e+38 -3.4e+38 0.586413145065308 0.491881132125854 0.561908900737762 0.57574063539505 0.618060290813446 0.623566567897797 0.623774170875549 0.646892309188843 0.648960292339325 0.660786509513855 0.751682937145233 0.751770973205566 0.745485663414001 0.741083860397339 0.740283608436584 0.743743062019348 0.729831635951996 0.733647286891937 0.734171807765961 0.743725538253784 0.734515070915222 0.729058623313904 0.724284589290619 0.71321165561676 0.708284080028534 0.718826830387115 0.723223268985748 0.711600482463837 0.726220011711121 0.718531429767609 0.722519397735596 0.683031797409058 0.662184417247772 0.667270660400391
-3.4e+38 -3.4e+38 -3.4e+38 -3.4e+38 -3.4e+38 -3.4e+38 -3.4e+38 -3.4e+38 -3.4e+38 -3.4e+38 -3.4e+38 -3.4e+38 -3.4e+38 -3.4e+38 0.465443760156631 0.485223144292831 0.532390117645264 0.610695242881775 0.621487498283386 0.653193235397339 0.662750720977783 0.654742240905762 0.658766388893127 0.667797565460205 0.747668743133545 0.757857739925385 0.750161170959473 0.743920207023621 0.7474285364151 0.746214687824249 0.744406223297119 0.743035435676575 0.738438904285431 0.746214985847473 0.744719684123993 0.736740469932556 0.738490343093872 0.728560984134674 0.718407988548279 0.72212690114975 0.718840658664703 0.707099139690399 0.705986082553864 0.709044873714447 0.709421753883362 0.690858960151672 0.544162154197693 0.668461501598358 0.712692975997925
-3.4e+38 -3.4e+38 -3.4e+38 -3.4e+38 -3.4e+38 -3.4e+38 -3.4e+38 -3.4e+38 -3.4e+38 -3.4e+38 -3.4e+38 -3.4e+38 0.421021461486816 0.450429499149323 0.514593720436096 0.533596217632294 0.525713324546814 0.553393125534058 0.625056505203247 0.658179461956024 0.664123475551605 0.65977531671524 0.637367963790894 0.746468126773834 0.730744361877441 0.746003389358521 0.755287706851959 0.750473320484161 0.741900026798248 0.735788226127625 0.727887094020844 0.728213429450989 0.733619689941406 0.757722139358521 0.711552262306213 0.713797986507416 0.713937401771545 0.709203481674194 0.708923041820526 0.703665316104889 0.694956123828888 0.699199140071869 0.697649419307709 0.694647431373596 0.696595847606659 0.494891703128815 0.677557706832886 0.711255848407745 0.706137418746948
-3.4e+38 -3.4e+38 -3.4e+38 -3.4e+38 -3.4e+38 -3.4e+38 -3.4e+38 -3.4e+38 -3.4e+38 -3.4e+38 -3.4e+38 0.415386259555817 0.470040708780289 0.499820202589035 0.528335809707642 0.534247994422913 0.598875343799591 0.571633100509644 0.649981915950775 0.66139554977417 0.667183041572571 0.755856692790985 0.754236996173859 0.763348281383514 0.758131384849548 0.757674634456635 0.750141978263855 0.735125601291656 0.730250120162964 0.690676748752594 0.645867466926575 0.541044175624847 0.603325188159943 0.472744017839432 0.470002263784409 0.570387661457062 0.694525361061096 0.718009889125824 0.727137982845306 0.728732824325562 0.690551400184631 0.717926204204559 0.658343911170959 0.582099497318268 0.566120564937592 0.475288033485413 0.653023064136505 0.730665743350983 0.74022650718689
-339999999999999996123846586046231871488.000000000000000 -3.4e+38 -3.4e+38 -3.4e+38 -3.4e+38 -3.4e+38 -3.4e+38 -3.4e+38 -3.4e+38 -3.4e+38 0.430512577295303 0.476041525602341 0.533462285995483 0.537469446659088 0.590143263339996 0.596465945243835 0.609011173248291 0.594611346721649 0.596122860908508 0.63123893737793 0.742854475975037 0.754470467567444 0.760718286037445 0.756208658218384 0.749319911003113 0.743625521659851 0.740756154060364 0.698342204093933 0.540168941020966 0.374573796987534 0.383207857608795 0.24951459467411 0.237815603613853 0.206606298685074 0.237973496317863 0.302129715681076 0.344519048929214 0.414467543363571 0.371499598026276 0.527152538299561 0.423368066549301 0.394135981798172 0.375263094902039 0.357536971569061 0.346099615097046 0.365673899650574 0.452604413032532 0.601296663284302 0.706583738327026
-3.4e+38 -3.4e+38 -3.4e+38 -3.4e+38 -3.4e+38 -3.4e+38 -3.4e+38 -3.4e+38 0.547365009784698 0.404011368751526 0.499478489160538 0.564363241195679 0.592576324939728 0.598344802856445 0.599582970142365 0.627055764198303 0.644145309925079 0.624845206737518 0.587357223033905 0.73070502281189 0.729143738746643 0.738531112670898 0.751245498657227 0.748387157917023 0.748886942863464 0.703252017498016 0.655227541923523 0.373626470565796 0.282196342945099 0.210453614592552 0.184265792369843 0.136622056365013 0.0781219080090523 0.0612250603735447 0.0612137503921986 0.0898441597819328 0.0943087190389633 0.14782977104187 0.119568482041359 0.139217972755432 0.140032067894936 0.140971258282661 0.134403586387634 0.114379100501537 0.112097039818764 0.143535479903221 0.257148534059525 0.530577123165131 0.674355506896973
-3.4e+38 -3.4e+38 -3.4e+38 -3.4e+38 -3.4e+38 -3.4e+38 0.555871069431305 0.541235387325287 0.558169901371002 0.600752830505371 0.519973754882812 0.565273523330688 0.567203164100647 0.606457471847534 0.610368192195892 0.634438574314117 0.608854651451111 0.62365859746933 0.719910860061646 0.725738704204559 0.732619524002075 0.729959428310394 0.73800802230835 0.707284390926361 0.702024757862091 0.612872064113617 0.371892929077148 0.213053837418556 0.157531052827835 0.0698467493057251 0.0366049371659756 0.0230190698057413 0.0199327357113361 0.0227247234433889 0.0203645955771208 0.0271008666604757 0.0282060001045465 0.0430647768080235 0.0505608953535557 0.0650714933872223 0.0430041216313839 -3.4e+38 -3.4e+38 0.057604506611824 0.0413587838411331 0.0519918166100979 0.115008912980556 0.357404828071594 0.616382837295532
-3.4e+38 -3.4e+38 -3.4e+38 -3.4e+38 0.624500870704651 0.605094730854034 0.607170522212982 0.586034119129181 0.635041236877441 0.680770397186279 0.572726607322693 0.544651210308075 0.586725771427155 0.617560088634491 0.631064891815186 0.618200242519379 0.619796752929688 0.72211366891861 0.713686466217041 0.740093648433685 0.729191839694977 0.693239867687225 0.609340667724609 0.430997997522354 0.329531729221344 0.215325593948364 0.130501195788383 0.0592616274952888 0.0341146886348724 0.0224473420530558 0.00925853848457336 0.00762570602819324 0.00715105375275016 0.00788707006722689 0.00782008282840252 0.0104259513318539 0.0120862489566207 -3.4e+38 -3.4e+38 0.0315737016499043 0.038723386824131 0.0387532003223896 -3.4e+38 -3.4e+38 -3.4e+38 0.0409146547317505 0.0618063472211361 0.184736981987953 0.339548170566559
-3.4e+38 0.592712998390198 0.608500838279724 0.622558534145355 0.624007344245911 0.640808939933777 0.650722205638885 0.653297662734985 0.681318819522858 0.656364440917969 0.651297748088837 0.548647880554199 0.698069751262665 0.729469239711761 0.7154221534729 0.702435731887817 0.711827397346497 0.696879982948303 0.724505066871643 0.669934809207916 0.604037523269653 0.430158466100693 0.374869644641876 0.18294321000576 0.091615654528141 0.0391378775238991 0.0215751882642508 0.0139936786144972 0.0146425282582641 0.00948966573923826 0.00464474549517035 0.00542051251977682 0.00458759348839521 0.00496895797550678 0.00574534246698022 -3.4e+38 0.0110758217051625 0.0710655078291893 0.0167073905467987 -3.4e+38 -3.4e+38 -3.4e+38 -3.4e+38 -3.4e+38 0.0799206495285034 0.126813873648643 0.0596239678561687 -3.4e+38 -3.4e+38
0.591044127941132 0.597380876541138 0.609129428863525 0.628294825553894 0.64249449968338 0.641981482505798 0.658918380737305 0.66607803106308 0.678712964057922 0.645771503448486 0.624862790107727 0.648781359195709 0.686193645000458 0.731297075748444 0.673413634300232 0.40928727388382 0.415074557065964 0.471009373664856 0.419852763414383 0.31887423992157 0.207042276859283 0.14977990090847 0.132474333047867 0.0800151973962784 0.031113700941205 0.0217847861349583 0.0143048316240311 0.00960381608456373 0.00822574552148581 0.00605012942105532 0.00315746711567044 0.00327963358722627 0.00398275442421436 0.00304744997993112 0.0044103255495429 0.00437325378879905 0.00641896529123187 0.0117329154163599 0.0124945268034935 -3.4e+38 -3.4e+38 -3.4e+38 -3.4e+38 0.0661379843950272 0.0948785617947578 0.163109123706818 -3.4e+38 -3.4e+38 -3.4e+38
0.599306762218475 0.619885504245758 0.627259731292725 0.640230715274811 0.654894053936005 0.64717561006546 0.660241425037384 0.636836290359497 0.668927252292633 0.669224381446838 0.679526925086975 0.695328593254089 0.726966440677643 0.708378911018372 0.248149871826172 0.155815228819847 0.180070698261261 0.334926933050156 0.157137468457222 0.186260864138603 0.0936502441763878 0.0440844744443893 0.0241818018257618 0.0241726078093052 0.0113854929804802 0.0114210220053792 0.0171208661049604 0.00853842217475176 0.00782448519021273 0.00505463453009725 0.00453282287344337 0.0020997878164053 0.00266458326950669 0.00526128569617867 0.00288855144754052 0.00441741291433573 0.00720100710168481 0.0100360438227654 -3.4e+38 -3.4e+38 -3.4e+38 -3.4e+38 0.0609326660633087 0.0915466398000717 0.126573652029037 -3.4e+38 -3.4e+38 -3.4e+38 0.603191018104553
0.598147034645081 0.623105764389038 0.634463429450989 0.632163763046265 0.6566202044487 0.662822902202606 0.655687570571899 0.642484247684479 0.630498468875885 0.700714528560638 0.712194263935089 0.728409588336945 0.683102667331696 0.341976821422577 0.187324538826942 0.11500721424818 0.161100685596466 0.190498292446136 0.135762318968773 0.0642746239900589 0.0476289875805378 0.0273248627781868 0.0277174059301615 0.0195691231638193 0.0150949014350772 -3.4e+38 -3.4e+38 -3.4e+38 0.00911691039800644 0.00652996124699712 0.00551584921777248 0.00206235097721219 0.00284011499024928 0.00409400882199407 0.00372909544967115 0.00534936040639877 0.0110084777697921 0.0196432396769524 0.0388684906065464 -3.4e+38 -3.4e+38 -3.4e+38 0.087502732872963 0.114801459014416 0.210644751787186 0.20400458574295 0.345639914274216 0.471439450979233 0.624796688556671
0.613369226455688 0.653717935085297 0.64609307050705 0.673364222049713 0.689183056354523 0.690574884414673 0.683140218257904 0.681426405906677 0.692326009273529 0.710531175136566 0.673842549324036 0.620115697383881 0.356812447309494 0.223541364073753 0.194849982857704 0.11276513338089 0.0798327773809433 0.0642197877168655 0.0562581457197666 0.0396878235042095 0.034407515078783 0.0312001742422581 0.0294970870018005 0.0200705341994762 0.0148136550560594 0.0272474717348814 -3.4e+38 -3.4e+38 0.00949268322438002 0.0141480397433043 0.0105156833305955 0.00946937128901482 0.00978284142911434 0.0110372733324766 0.0160820838063955 0.0322490520775318 0.0464235953986645 0.0525623634457588 0.0636644139885902 0.0904509127140045 0.0780280008912086 0.0664532780647278 0.103484347462654 0.160674437880516 0.180379346013069 -3.4e+38 -3.4e+38 0.519648849964142 0.607951283454895
0.626100718975067 0.667313277721405 0.693992555141449 0.705147922039032 0.704435586929321 0.700062990188599 0.679535090923309 0.68673849105835 0.687151968479156 0.689841687679291 0.604944288730621 0.450861692428589 0.270938694477081 -3.4e+38 0.120611362159252 0.098204642534256 0.066877692937851 0.0531532466411591 0.0327305309474468 0.0334407575428486 0.0278952997177839 0.0246221404522657 0.0296436212956905 0.0257003251463175 0.0332485176622868 -3.4e+38 -3.4e+38 -3.4e+38 0.0316507704555988 0.029233556240797 0.0235333926975727 0.0443298257887363 0.061950609087944 0.0727952942252159 0.101906917989254 0.0841143131256104 0.0773255601525307 0.0738893076777458 0.0898141637444496 0.0947535410523415 0.0856734812259674 0.0860057547688484 -3.4e+38 0.165767550468445 -3.4e+38 -3.4e+38 -3.4e+38 0.556650280952454 0.646840691566467
0.63629424571991 0.647837102413177 0.632170617580414 0.607817590236664 0.551052570343018 0.639105021953583 0.545651912689209 0.480986654758453 0.488824188709259 0.435572952032089 0.393961012363434 0.348003923892975 0.269399493932724 -3.4e+38 0.0935042798519135 0.0767510086297989 0.0541184358298779 0.0384314954280853 -3.4e+38 0.0307456962764263 0.0383771248161793 0.030406791716814 0.0289183314889669 -3.4e+38 -3.4e+38 -3.4e+38 -3.4e+38 -3.4e+38 0.0717801377177238 0.0643044710159302 0.0768380984663963 0.0901253968477249 0.0847899615764618 0.0808080285787582 0.0734511911869049 0.0731273218989372 0.102055251598358 0.102865546941757 0.124213546514511 0.134121671319008 0.146684765815735 0.175351217389107 -3.4e+38 -3.4e+38 -3.4e+38 -3.4e+38 -3.4e+38 0.556494295597076 0.625941514968872
0.60280442237854 0.605436444282532 0.581780314445496 0.544776260852814 0.489825665950775 0.493691772222519 0.381606310606003 0.339046120643616 0.343291908502579 0.343457937240601 0.303191840648651 0.263991922140121 0.222469285130501 0.183721706271172 0.108309216797352 0.0903963968157768 0.0535039529204369 0.0398772172629833 0.0333649218082428 0.0439868420362473 0.15233325958252 0.150427997112274 0.043487187474966 0.0514430031180382 0.0618261396884918 0.0605293810367584 0.0879575684666634 0.142914235591888 0.119094133377075 0.114940479397774 0.113561622798443 0.126504942774773 0.178179979324341 0.293406397104263 0.160458758473396 0.155470639467239 0.154479309916496 0.181889533996582 0.20973938703537 0.202754586935043 0.252880841493607 0.25524052977562 0.284968256950378 -3.4e+38 -3.4e+38 -3.4e+38 0.538958728313446 0.572077929973602 0.635203838348389
