data/climate_estimation/maxent_output/Lilium_longiflorum.asc
NCOLS 419 
NROWS 537 
XLLCORNER 106 
YLLCORNER -7.66666666666667 
CELLSIZE 0.0833333333333333 
NODATA_value -3.4e+38 
[rows 26 to 51 of 537, columns 295 to 353 of 419]
-3.4e+38 -3.4e+38 -3.4e+38 -3.4e+38 -3.4e+38 -3.4e+38 -3.4e+38 -3.4e+38 -3.4e+38 -3.4e+38 -3.4e+38 -3.4e+38 -3.4e+38 -3.4e+38 -3.4e+38 -3.4e+38 -3.4e+38 0.900148451328278 0.92060375213623 0.932004690170288 0.918989479541779 0.930521965026855 0.915251135826111 0.902983367443085 0.862670481204987 0.842749655246735 0.86333692073822 0.857702255249023 0.846538901329041 0.834199786186218 0.886859476566315 0.841757535934448 0.784904897212982 0.784565806388855 0.747459292411804 0.661975681781769 0.613485991954803 0.65875107049942 0.602160394191742 0.59450501203537 0.58614194393158 0.600542187690735 0.604812800884247 0.62742406129837 0.616801977157593 0.60528576374054 0.642794847488403 0.615891635417938 0.615864753723145 0.611154496669769 0.60630077123642 0.601222157478333 0.613438129425049 0.632861614227295 0.668205440044403 0.693589985370636 0.715596556663513 0.705607652664185 0.742571115493774
-3.4e+38 -3.4e+38 -3.4e+38 -3.4e+38 -3.4e+38 -3.4e+38 0.849767923355103 -3.4e+38 -3.4e+38 -3.4e+38 -3.4e+38 -3.4e+38 -3.4e+38 -3.4e+38 -3.4e+38 0.905233204364777 0.86297470331192 0.927077293395996 0.952356934547424 0.971895217895508 0.975042581558228 0.977070033550262 0.930890917778015 0.933256387710571 0.884547829627991 0.802493751049042 0.842167973518372 0.800883889198303 0.783853650093079 0.802542865276337 0.833170473575592 0.814253568649292 0.759026050567627 0.73590213060379 0.633451044559479 0.593972146511078 0.569744050502777 0.576275527477264 0.553116977214813 0.518763184547424 0.496496498584747 0.495852112770081 0.523762702941895 0.527566969394684 0.555133402347565 0.54002434015274 0.551256835460663 0.549922108650208 0.548287391662598 0.552931189537048 0.540112018585205 0.539794027805328 0.560715317726135 0.602509617805481 0.688603818416595 0.759952485561371 0.766378223896027 0.656900525093079 0.646915674209595
-3.4e+38 -3.4e+38 -3.4e+38 -3.4e+38 -3.4e+38 -3.4e+38 -3.4e+38 -3.4e+38 -3.4e+38 -3.4e+38 -3.4e+38 -3.4e+38 -3.4e+38 0.89925754070282 0.875729739665985 0.899097740650177 0.929957211017609 0.919110059738159 0.984766006469727 0.986603558063507 0.964341759681702 0.964855313301086 0.922595024108887 0.863600671291351 0.860576093196869 0.837725758552551 0.804743945598602 0.80808961391449 0.768521845340729 0.771992325782776 0.776149272918701 0.796931326389313 0.765403568744659 0.67321240901947 0.587235808372498 0.568605184555054 0.51025778055191 0.472827583551407 0.443192362785339 0.438848555088043 0.442905515432358 0.433833211660385 0.452995747327805 0.457353860139847 0.482063055038452 0.481510579586029 0.504503011703491 0.486672699451447 -3.4e+38 -3.4e+38 0.512458384037018 0.496506571769714 0.511453986167908 0.563280820846558 0.647684335708618 0.690460920333862 0.656952440738678 0.653705239295959 0.647924482822418
-3.4e+38 -3.4e+38 -3.4e+38 -3.4e+38 -3.4e+38 -3.4e+38 -3.4e+38 -3.4e+38 -3.4e+38 -3.4e+38 -3.4e+38 0.951459586620331 0.936162889003754 0.931908845901489 0.900529682636261 0.93640524148941 0.96184766292572 0.970069169998169 0.990633010864258 0.978287816047668 0.940738916397095 0.912622153759003 0.881622493267059 0.864240825176239 0.839433610439301 0.792894005775452 0.860727965831757 0.796809375286102 0.77298903465271 0.742444396018982 0.692187547683716 0.659053146839142 0.611190617084503 0.540542840957642 0.498597651720047 0.470276951789856 0.454993635416031 0.401474714279175 0.392772793769836 0.388226389884949 0.387522786855698 0.38862156867981 0.406949728727341 0.410361379384995 -3.4e+38 -3.4e+38 0.470895618200302 0.488909542560577 0.486384868621826 -3.4e+38 -3.4e+38 -3.4e+38 0.504058003425598 0.528255999088287 0.583702683448792 0.618207156658173 -3.4e+38 -3.4e+38 0.752839505672455
-3.4e+38 -3.4e+38 -3.4e+38 -3.4e+38 -3.4e+38 -3.4e+38 -3.4e+38 -3.4e+38 0.92653876543045 0.946897447109222 0.940564155578613 0.971859395503998 0.975844740867615 0.960240304470062 0.934947609901428 0.96345442533493 0.984497487545013 0.988968670368195 0.991977989673615 0.974366724491119 0.933618605136871 0.874871253967285 0.814938127994537 0.816332519054413 0.795372545719147 0.834956586360931 0.789923548698425 0.766905426979065 0.717496156692505 0.701030075550079 0.603557407855988 0.519483804702759 0.473943591117859 0.440337866544724 0.417961806058884 0.431659579277039 0.409236371517181 0.377287328243256 0.380651921033859 0.370071530342102 0.378037691116333 0.381761908531189 -3.4e+38 0.436306864023209 0.587286114692688 0.448973506689072 -3.4e+38 -3.4e+38 -3.4e+38 -3.4e+38 -3.4e+38 0.559784531593323 0.59082704782486 0.529727160930634 -3.4e+38 -3.4e+38 -3.4e+38 0.819443464279175 0.840017795562744
-3.4e+38 -3.4e+38 -3.4e+38 -3.4e+38 0.941643118858337 0.908223330974579 -3.4e+38 0.930075466632843 0.924832105636597 0.928803265094757 0.959061503410339 0.973911881446838 0.981104910373688 0.977265596389771 0.970436155796051 0.964709162712097 0.98961329460144 0.994750320911407 0.988541603088379 0.97525829076767 0.926744103431702 0.820533096790314 0.745848536491394 0.745829284191132 0.75495570898056 0.739969849586487 0.692684471607208 0.640254616737366 0.591043412685394 0.588602602481842 0.521421492099762 0.467895597219467 0.447516202926636 0.423983156681061 0.406917124986649 0.404524117708206 0.388970285654068 0.359947204589844 0.355786025524139 0.373606950044632 0.352941602468491 0.378112643957138 0.378801077604294 0.394633889198303 0.436092913150787 0.4382184445858 -3.4e+38 -3.4e+38 -3.4e+38 -3.4e+38 0.556634962558746 0.577518999576569 0.607477068901062 -3.4e+38 -3.4e+38 -3.4e+38 0.758750975131989 0.797472774982452 0.821901261806488
-3.4e+38 -3.4e+38 -3.4e+38 0.907703340053558 0.925573527812958 0.942026615142822 0.946238696575165 0.937341213226318 0.958373427391052 0.956426620483398 0.959817409515381 0.969250202178955 0.977402627468109 0.976128041744232 0.98935741186142 0.973629713058472 0.97753518819809 0.970703542232513 0.953311622142792 0.923437774181366 0.869985044002533 0.73534619808197 0.685644865036011 0.682555854320526 0.761056125164032 0.67115706205368 0.687926888465881 0.57900071144104 0.487434327602386 0.470013737678528 0.461029887199402 0.415544241666794 0.417070627212524 0.44066458940506 0.413314819335938 0.405271768569946 0.391433089971542 0.384918451309204 0.342479914426804 0.354142963886261 0.396977156400681 0.361060500144958 0.390152215957642 0.420935809612274 0.442350834608078 -3.4e+38 -3.4e+38 -3.4e+38 -3.4e+38 0.560413718223572 0.577000975608826 0.607731521129608 -3.4e+38 -3.4e+38 -3.4e+38 0.694990873336792 0.738680183887482 0.805737853050232 0.890099287033081
-3.4e+38 -3.4e+38 -3.4e+38 0.926893532276154 0.939265727996826 0.973459899425507 0.969569265842438 0.969032287597656 0.970723628997803 0.975127279758453 0.976778566837311 0.976492702960968 0.97246116399765 0.98074471950531 0.98813670873642 0.991029858589172 0.942036747932434 0.927149713039398 0.895595550537109 0.879449963569641 0.803491711616516 0.750596821308136 0.685245037078857 0.71505731344223 0.736996471881866 0.685874342918396 0.554135978221893 0.51880007982254 0.491390973329544 0.492114335298538 0.471523314714432 0.450987070798874 -3.4e+38 -3.4e+38 -3.4e+38 0.430599570274353 0.406074196100235 0.397350758314133 0.354945719242096 0.363271236419678 0.390006273984909 0.386623919010162 0.411642253398895 0.449140012264252 0.485309213399887 0.527796506881714 -3.4e+38 -3.4e+38 -3.4e+38 0.603661239147186 0.626974642276764 0.69423371553421 0.663681924343109 0.646216452121735 0.691290259361267 0.741013646125793 0.779967308044434 0.834109246730804 0.868651032447815
-3.4e+38 -3.4e+38 -3.4e+38 0.90057110786438 0.961372435092926 0.954379618167877 0.944371283054352 0.946317315101624 0.935158550739288 0.961988806724548 0.95923775434494 0.937047719955444 0.935377836227417 0.953888833522797 0.96320915222168 0.951440215110779 0.903343617916107 0.882360994815826 0.874579012393951 0.834746599197388 0.778112053871155 0.764403879642487 0.704105854034424 0.649566888809204 0.595307230949402 0.588599622249603 0.548804223537445 0.515316069126129 0.513141393661499 0.501810729503632 0.482813715934753 0.448496580123901 0.499204099178314 -3.4e+38 -3.4e+38 0.425729870796204 0.462283104658127 0.441400200128555 0.434395909309387 0.44065397977829 0.455670475959778 0.48428025841713 0.538591265678406 0.597336947917938 0.574398159980774 0.597351253032684 0.648898065090179 0.638314068317413 0.599741995334625 0.634666323661804 0.694374740123749 0.684755802154541 -3.4e+38 -3.4e+38 0.672769844532013 0.704496502876282 0.771133005619049 0.859659194946289 0.93759673833847
-3.4e+38 -3.4e+38 0.908623695373535 0.925803184509277 0.945688724517822 0.911220490932465 0.91882985830307 0.926110804080963 0.90502792596817 0.904876828193665 0.888410806655884 0.920988261699677 0.926365792751312 0.909983336925507 0.921746492385864 0.932274341583252 0.924939274787903 0.892169296741486 0.866169333457947 0.828928411006927 -3.4e+38 0.726328134536743 0.694745361804962 0.64287406206131 0.609690487384796 0.521098017692566 0.534670531749725 0.506497204303741 0.507641732692719 0.531011343002319 0.503118336200714 0.523817896842957 -3.4e+38 -3.4e+38 -3.4e+38 0.515608072280884 0.515372693538666 0.498988062143326 0.55267322063446 0.679745674133301 0.718900620937347 0.792047321796417 0.749487996101379 0.680717289447784 0.649498283863068 0.673920750617981 0.67790424823761 0.691170871257782 0.68574321269989 -3.4e+38 0.700077712535858 -3.4e+38 -3.4e+38 -3.4e+38 0.735023736953735 0.819832444190979 0.881498396396637 0.925902247428894 0.964569091796875
-3.4e+38 -3.4e+38 -3.4e+38 0.886396765708923 0.919801294803619 0.853143334388733 0.863089442253113 0.86091160774231 0.869159519672394 0.855799078941345 0.857455730438232 0.853265345096588 0.878176212310791 0.845617115497589 0.838087737560272 0.863537311553955 0.859513342380524 0.858622670173645 0.848283112049103 0.826323986053467 -3.4e+38 0.693196713924408 0.660406589508057 0.61352276802063 0.575385928153992 -3.4e+38 0.589435636997223 0.626624047756195 0.561521410942078 0.537981331348419 -3.4e+38 -3.4e+38 -3.4e+38 -3.4e+38 -3.4e+38 0.619024157524109 0.661451816558838 0.708974182605743 0.753924787044525 0.721192359924316 0.709298253059387 0.654664397239685 0.660710275173187 0.708820939064026 0.712756872177124 0.741151511669159 0.769847750663757 0.797426462173462 0.819801926612854 -3.4e+38 -3.4e+38 -3.4e+38 -3.4e+38 -3.4e+38 0.753524303436279 0.795175850391388 0.880273997783661 0.955655336380005 0.987175047397614
-3.4e+38 0.909695148468018 0.867439985275269 0.843019068241119 0.873270094394684 0.857476353645325 0.844843566417694 0.838563323020935 0.84944349527359 0.842098236083984 0.847603917121887 0.844901919364929 0.834902226924896 0.821885228157043 0.824877560138702 0.829811096191406 0.824575543403625 0.812811434268951 0.805615901947021 0.798403441905975 0.774531841278076 0.697856068611145 0.67359733581543 0.616402208805084 0.601862072944641 0.583554804325104 0.651041984558105 0.833594918251038 0.832658171653748 0.631297647953033 0.645555138587952 0.682482421398163 0.683669805526733 0.748879194259644 0.834569811820984 0.814056515693665 0.812816739082336 0.829632580280304 0.820278942584991 0.918679177761078 0.971046924591064 0.880519449710846 0.889813899993896 0.889963626861572 0.890317261219025 0.874508738517761 0.841185212135315 0.861357271671295 0.86961954832077 0.862756669521332 -3.4e+38 -3.4e+38 -3.4e+38 0.797737300395966 0.813379764556885 0.849880993366241 0.899031758308411 0.955038130283356 0.984241127967834
0.931217432022095 0.899506688117981 0.915773570537567 0.841955840587616 0.867985844612122 0.84883040189743 -3.4e+38 -3.4e+38 -3.4e+38 -3.4e+38 -3.4e+38 -3.4e+38 -3.4e+38 -3.4e+38 -3.4e+38 -3.4e+38 0.775942862033844 0.774425745010376 0.796562492847443 0.814996659755707 0.743291854858398 0.694836616516113 -3.4e+38 0.613275349140167 -3.4e+38 0.597615838050842 0.668557345867157 0.857050716876984 0.923535764217377 0.727169930934906 0.746782898902893 0.843491673469543 0.948230266571045 0.980208277702332 0.954467535018921 0.963562071323395 0.942118227481842 0.945719599723816 0.918054461479187 0.96525901556015 0.986081182956696 0.987766027450562 0.986771106719971 0.97388482093811 0.965348660945892 0.935994863510132 0.892160654067993 0.903058111667633 0.903680026531219 0.894807636737823 0.866152882575989 -3.4e+38 -3.4e+38 0.812699019908905 0.82777738571167 0.855662286281586 0.907911777496338 0.962585926055908 0.985328495502472
0.931583404541016 0.887787103652954 0.96584951877594 0.925005257129669 0.85918128490448 0.819570004940033 -3.4e+38 -3.4e+38 -3.4e+38 -3.4e+38 -3.4e+38 -3.4e+38 -3.4e+38 -3.4e+38 -3.4e+38 -3.4e+38 0.788600087165833 0.741174221038818 0.740132629871368 0.745041906833649 0.684581279754639 -3.4e+38 -3.4e+38 -3.4e+38 -3.4e+38 0.607895970344543 0.642708420753479 0.73619669675827 0.867267370223999 0.952910184860229 0.985756516456604 0.992736160755157 0.9912189245224 0.979503571987152 0.95818030834198 0.951617121696472 0.941289663314819 0.942573428153992 0.955000877380371 0.986722528934479 0.991153180599213 0.987628281116486 0.977015733718872 0.956956624984741 0.92661464214325 0.921351134777069 0.919518113136292 0.93295556306839 0.934283196926117 0.917381942272186 -3.4e+38 -3.4e+38 -3.4e+38 -3.4e+38 -3.4e+38 0.882565379142761 0.915636956691742 0.946222186088562 0.986052751541138
0.92842572927475 0.876733243465424 0.947847366333008 0.927798688411713 0.823333978652954 0.798495650291443 -3.4e+38 -3.4e+38 -3.4e+38 -3.4e+38 -3.4e+38 0.778856694698334 0.776472389698029 0.775594770908356 -3.4e+38 -3.4e+38 -3.4e+38 -3.4e+38 0.702491402626038 -3.4e+38 -3.4e+38 -3.4e+38 -3.4e+38 -3.4e+38 0.740504145622253 0.784622311592102 0.860328555107117 0.949715197086334 0.970431387424469 0.975991189479828 0.993869185447693 0.988861083984375 0.974221706390381 0.977463781833649 0.966781079769135 0.964506566524506 0.962878108024597 0.965697288513184 0.974041044712067 0.928917467594147 0.967649161815643 0.987014412879944 0.983280658721924 0.969526052474976 0.942208230495453 0.947897553443909 0.951426923274994 0.958850979804993 -3.4e+38 -3.4e+38 -3.4e+38 -3.4e+38 -3.4e+38 -3.4e+38 -3.4e+38 -3.4e+38 -3.4e+38 0.951079726219177 0.981832802295685
0.949952244758606 0.873147964477539 0.889687657356262 0.898622810840607 0.881642043590546 0.833632349967957 0.74431711435318 0.712637543678284 0.721954584121704 -3.4e+38 0.767398357391357 0.837473452091217 0.830857038497925 0.758430302143097 -3.4e+38 -3.4e+38 -3.4e+38 -3.4e+38 -3.4e+38 -3.4e+38 -3.4e+38 -3.4e+38 0.689990699291229 0.845515310764313 0.869718968868256 0.853300213813782 0.910435557365417 0.964332818984985 0.956068694591522 0.982904016971588 0.970721125602722 0.964126646518707 0.965010523796082 0.971248149871826 0.971558690071106 0.970308661460876 0.96014940738678 0.944971740245819 0.934945523738861 0.960062325000763 0.960323572158813 0.977928042411804 0.974041283130646 0.960643887519836 0.93964546918869 0.946866989135742 0.961358189582825 -3.4e+38 -3.4e+38 -3.4e+38 -3.4e+38 -3.4e+38 -3.4e+38 -3.4e+38 -3.4e+38 -3.4e+38 -3.4e+38 0.970114350318909 0.989936172962189
0.974805891513824 0.934201955795288 0.949419260025024 0.971527755260468 0.99470043182373 0.990880012512207 0.899113655090332 0.762178719043732 0.751013040542603 0.761679232120514 0.80797803401947 0.847515225410461 0.866417288780212 0.757120668888092 -3.4e+38 -3.4e+38 -3.4e+38 -3.4e+38 -3.4e+38 -3.4e+38 -3.4e+38 0.790571510791779 0.838739216327667 0.715409815311432 0.756173491477966 0.834821999073029 0.948122978210449 0.993531942367554 0.993599593639374 0.983375608921051 0.966381549835205 0.966049015522003 0.960628867149353 0.971493721008301 0.978554487228394 0.980027079582214 0.972240149974823 0.949124872684479 0.93333226442337 0.930417835712433 0.933879852294922 0.96975165605545 0.974689960479736 0.96139669418335 0.938948333263397 0.950398683547974 -3.4e+38 -3.4e+38 -3.4e+38 -3.4e+38 -3.4e+38 -3.4e+38 -3.4e+38 -3.4e+38 -3.4e+38 -3.4e+38 -3.4e+38 0.980079174041748 0.989592611789703
0.93415904045105 0.98002427816391 0.997640550136566 0.997840821743011 0.999667644500732 0.996385991573334 0.9385786652565 0.91440749168396 0.875042915344238 0.846573710441589 0.84481543302536 0.844981729984283 0.800172328948975 0.742227256298065 -3.4e+38 -3.4e+38 -3.4e+38 -3.4e+38 0.644337296485901 0.728191614151001 0.645447015762329 0.645426630973816 0.780298948287964 0.815799713134766 0.836869299411774 0.84982967376709 0.969765484333038 0.994655311107635 0.992970407009125 0.994681596755981 0.977756857872009 0.977130651473999 0.977608859539032 0.978948175907135 0.983446598052979 0.984166383743286 -3.4e+38 -3.4e+38 -3.4e+38 0.915073275566101 0.931265413761139 0.939987123012543 0.983508944511414 0.963931381702423 0.939479053020477 -3.4e+38 -3.4e+38 -3.4e+38 -3.4e+38 -3.4e+38 -3.4e+38 -3.4e+38 -3.4e+38 -3.4e+38 -3.4e+38 -3.4e+38 -3.4e+38 -3.4e+38 -3.4e+38
0.882403612136841 0.890773057937622 0.960796654224396 0.968799769878387 0.987874329090118 0.988743841648102 0.98516583442688 0.982151985168457 0.958101093769073 0.928260803222656 0.918314158916473 0.787595868110657 0.731736898422241 0.717875480651855 -3.4e+38 -3.4e+38 -3.4e+38 0.653416931629181 0.698387145996094 0.634438157081604 -3.4e+38 0.671759128570557 0.793648421764374 0.875016987323761 0.865167140960693 0.889350354671478 0.938385546207428 0.985921382904053 0.980551183223724 0.98438286781311 0.978659391403198 0.979114353656769 0.971536636352539 0.980435013771057 0.982325911521912 -3.4e+38 -3.4e+38 -3.4e+38 -3.4e+38 -3.4e+38 -3.4e+38 0.953355014324188 0.965136110782623 0.951882421970367 -3.4e+38 -3.4e+38 -3.4e+38 -3.4e+38 -3.4e+38 -3.4e+38 -3.4e+38 -3.4e+38 -3.4e+38 -3.4e+38 -3.4e+38 -3.4e+38 -3.4e+38 -3.4e+38 -3.4e+38
0.978499114513397 0.992300271987915 0.993253886699677 0.990248560905457 0.962450206279755 0.987649381160736 0.99096155166626 0.998693466186523 0.999835431575775 0.999386668205261 0.971442818641663 0.794740080833435 0.705167829990387 0.695235431194305 -3.4e+38 0.703637480735779 0.674003839492798 -3.4e+38 -3.4e+38 -3.4e+38 -3.4e+38 0.739635705947876 0.768307626247406 0.821726024150848 0.875606060028076 0.883296370506287 0.956992626190186 0.97834175825119 0.975568354129791 0.986780285835266 0.985171794891357 0.982866942882538 0.972524464130402 -3.4e+38 -3.4e+38 -3.4e+38 -3.4e+38 -3.4e+38 -3.4e+38 -3.4e+38 -3.4e+38 -3.4e+38 0.945021986961365 0.946707606315613 -3.4e+38 -3.4e+38 -3.4e+38 -3.4e+38 -3.4e+38 -3.4e+38 -3.4e+38 -3.4e+38 -3.4e+38 -3.4e+38 -3.4e+38 -3.4e+38 -3.4e+38 -3.4e+38 -3.4e+38
0.94611644744873 0.994405031204224 0.999877870082855 0.999998033046722 0.999265372753143 0.998890459537506 0.999977171421051 0.999549746513367 0.999950230121613 0.996472835540771 0.878832578659058 0.772259175777435 0.722904443740845 0.721762001514435 0.771669566631317 0.728368937969208 -3.4e+38 -3.4e+38 -3.4e+38 -3.4e+38 0.778874039649963 0.770679771900177 0.789411783218384 0.841228306293488 0.978103339672089 0.925328612327576 0.936874866485596 0.964796423912048 0.978770136833191 0.986814916133881 0.987929999828339 0.988305330276489 0.97212952375412 -3.4e+38 -3.4e+38 -3.4e+38 -3.4e+38 -3.4e+38 -3.4e+38 -3.4e+38 -3.4e+38 -3.4e+38 -3.4e+38 0.946445405483246 -3.4e+38 -3.4e+38 -3.4e+38 -3.4e+38 -3.4e+38 -3.4e+38 -3.4e+38 -3.4e+38 -3.4e+38 -3.4e+38 -3.4e+38 -3.4e+38 -3.4e+38 -3.4e+38 -3.4e+38
0.982421636581421 0.986174941062927 0.999935925006866 0.999998688697815 0.999829471111298 0.999247312545776 0.999994158744812 1 1 0.996386647224426 0.956175625324249 0.947025001049042 0.788439273834229 0.782264232635498 0.759739100933075 0.772976040840149 0.724481701850891 0.732416570186615 -3.4e+38 -3.4e+38 0.775035738945007 -3.4e+38 0.862308084964752 0.87984836101532 0.971830070018768 0.969299972057343 0.951541543006897 0.986819267272949 0.985630631446838 0.990497708320618 0.985236585140228 0.977244973182678 -3.4e+38 -3.4e+38 -3.4e+38 -3.4e+38 -3.4e+38 -3.4e+38 -3.4e+38 -3.4e+38 -3.4e+38 -3.4e+38 -3.4e+38 -3.4e+38 -3.4e+38 -3.4e+38 -3.4e+38 -3.4e+38 -3.4e+38 -3.4e+38 -3.4e+38 -3.4e+38 -3.4e+38 -3.4e+38 -3.4e+38 -3.4e+38 -3.4e+38 -3.4e+38 -3.4e+38
0.900370657444 0.94326788187027 0.986576974391937 0.99950110912323 0.999999344348907 0.999998152256012 0.999997496604919 0.999999761581421 0.999906003475189 0.99496728181839 0.969064772129059 0.862696588039398 0.788354158401489 0.806915700435638 0.918348968029022 0.872247397899628 0.780668377876282 0.758648276329041 -3.4e+38 -3.4e+38 -3.4e+38 0.836235344409943 0.86752712726593 0.958933770656586 0.978902876377106 0.966351747512817 0.971192598342896 0.971140921115875 0.975573062896729 0.980022430419922 0.980826377868652 -3.4e+38 -3.4e+38 -3.4e+38 -3.4e+38 -3.4e+38 -3.4e+38 -3.4e+38 -3.4e+38 -3.4e+38 -3.4e+38 -3.4e+38 -3.4e+38 -3.4e+38 -3.4e+38 -3.4e+38 -3.4e+38 -3.4e+38 -3.4e+38 -3.4e+38 -3.4e+38 -3.4e+38 -3.4e+38 -3.4e+38 -3.4e+38 -3.4e+38 -3.4e+38 -3.4e+38 -3.4e+38
0.919690430164337 0.911129653453827 0.913383543491364 0.987461745738983 1 0.999935686588287 0.999966561794281 0.999993443489075 0.996746480464935 0.929768621921539 0.87368255853653 0.873556673526764 0.939615488052368 0.939800798892975 0.905923247337341 0.825743913650513 0.840215444564819 0.842163980007172 0.840206384658813 -3.4e+38 -3.4e+38 -3.4e+38 0.913988173007965 0.896891474723816 0.928454220294952 0.941502869129181 0.95901495218277 0.977515161037445 0.977693617343903 0.975342094898224 -3.4e+38 -3.4e+38 -3.4e+38 -3.4e+38 -3.4e+38 -3.4e+38 -3.4e+38 -3.4e+38 -3.4e+38 -3.4e+38 -3.4e+38 -3.4e+38 -3.4e+38 -3.4e+38 -3.4e+38 -3.4e+38 -3.4e+38 -3.4e+38 -3.4e+38 -3.4e+38 -3.4e+38 -3.4e+38 -3.4e+38 -3.4e+38 -3.4e+38 -3.4e+38 -3.4e+38 -3.4e+38 -3.4e+38
0.970726072788239 0.933368623256683 0.936616182327271 0.967186629772186 0.999625742435455 0.999999821186066 1 0.999999940395355 0.999972224235535 0.999906420707703 0.999457657337189 0.979203224182129 0.972688972949982 0.945797681808472 0.929636597633362 0.921809554100037 0.917618751525879 0.85552853345871 -3.4e+38 -3.4e+38 -3.4e+38 -3.4e+38 0.902198791503906 0.889260947704315 0.897109389305115 0.952990233898163 0.987985014915466 0.995343804359436 0.989121496677399 0.983773589134216 -3.4e+38 -3.4e+38 -3.4e+38 -3.4e+38 -3.4e+38 -3.4e+38 -3.4e+38 -3.4e+38 -3.4e+38 -3.4e+38 -3.4e+38 -3.4e+38 -3.4e+38 -3.4e+38 -3.4e+38 -3.4e+38 -3.4e+38 -3.4e+38 -3.4e+38 -3.4e+38 -3.4e+38 -3.4e+38 -3.4e+38 -3.4e+38 -3.4e+38 -3.4e+38 -3.4e+38 -3.4e+38 -3.4e+38
0.961494445800781 0.929426193237305 0.932447195053101 0.994666635990143 1 1 0.999999761581421 0.999996364116669 0.999999940395355 1 1 0.999984383583069 0.97303569316864 0.964924275875092 0.964387595653534 0.93929386138916 0.911551058292389 0.919073879718781 -3.4e+38 -3.4e+38 -3.4e+38 -3.4e+38 0.897207498550415 -3.4e+38 0.957183063030243 0.965624988079071 0.9858358502388 0.988511204719543 0.991004347801208 0.992341697216034 -3.4e+38 -3.4e+38 -3.4e+38 -3.4e+38 -3.4e+38 -3.4e+38 -3.4e+38 -3.4e+38 -3.4e+38 -3.4e+38 -3.4e+38 -3.4e+38 -3.4e+38 -3.4e+38 -3.4e+38 -3.4e+38 -3.4e+38 -3.4e+38 -3.4e+38 -3.4e+38 -3.4e+38 -3.4e+38 -3.4e+38 -3.4e+38 -3.4e+38 -3.4e+38 -3.4e+38 -3.4e+38 -3.4e+38
