data/climate_estimation/maxent_output/Lilium_speciosum.asc
NCOLS 603 
NROWS 202 
XLLCORNER 90.75 
YLLCORNER 23.5833333333333 
CELLSIZE 0.0833333333333333 
NODATA_value -3.4e+38 
[rows 21 to 41 of 202, columns 235 to 281 of 603]
0.0127865457907319 0.0128223383799195 0.0135795474052429 0.0137382904067636 0.014706333167851 0.0142680648714304 0.0153835145756602 0.0151001019403338 0.0151500543579459 0.0144106838852167 0.0129078105092049 0.0121658649295568 0.0118711479008198 0.010862248018384 0.0106445755809546 0.00986848585307598 0.0100883711129427 0.00879166461527348 0.00898480974137783 0.0102201029658318 0.0105561502277851 0.0101869162172079 0.00944519601762295 0.00930183194577694 0.00948448944836855 0.0106490338221192 0.0127893500030041 0.0147958714514971 0.0144118312746286 0.0142914354801178 0.0128090856596828 0.0130751160904765 0.0133805759251118 0.0136513579636812 0.0137716047465801 0.0128342006355524 0.0138186430558562 0.0129995187744498 0.0134873520582914 0.01390440762043 0.0147819127887487 0.0157758966088295 0.0159613005816936 0.0186900570988655 0.0198176261037588 0.0211984515190125 0.022370332852006
0.013185627758503 0.013030887581408 0.0130282929167151 0.013635921292007 0.014656001701951 0.0148787265643477 0.0155031690374017 0.0154501469805837 0.0152128981426358 0.0140271540731192 0.0125630935654044 0.0121711548417807 0.0116106253117323 0.0105518521741033 0.00924242008477449 0.00938384514302015 0.00985186453908682 0.009455063380301 0.00986291188746691 0.0108207399025559 0.0107409581542015 0.010370965115726 0.00981709361076355 0.00953740626573563 0.0107905985787511 0.012225428596139 0.0138650294393301 0.0146263120695949 0.0143973967060447 0.0146187152713537 0.0143980924040079 0.0138009749352932 0.0139210680499673 0.0135925775393844 0.0133599704131484 0.0140630695968866 0.014406050555408 0.0145221361890435 0.0140570364892483 0.0163862202316523 0.0166987664997578 0.0175537280738354 0.0175870805978775 0.0189144648611546 0.0204204823821783 0.0220011733472347 0.0229476019740105
0.0136443171650171 0.0133937196806073 0.0134370708838105 0.0140134571120143 0.0148795237764716 0.0154414046555758 0.0155620686709881 0.0155113860964775 0.015389746055007 0.0150996260344982 0.0139867663383484 0.012638901360333 0.0110733434557915 0.0108404047787189 0.00963605381548405 0.00999600347131491 0.0107619389891624 0.0109732830896974 0.0112548172473907 0.0113737741485238 0.0110147567465901 0.010359825566411 0.00998648907989264 0.00974090117961168 0.0113367429003119 0.0124568305909634 0.0131086744368076 0.0146567979827523 0.0146841406822205 0.0144926477223635 0.0140458717942238 0.0138398427516222 0.0134551227092743 0.0126570491120219 0.0143507579341531 0.0149726923555136 0.0156317204236984 0.0162983536720276 0.0167572144418955 0.0176231656223536 0.01850800588727 0.0188356954604387 0.0193597432225943 0.020121905952692 0.0214436501264572 0.0234094150364399 0.0243075042963028
0.0137505391612649 0.0138565702363849 0.0140687692910433 0.0146613577380776 0.0152081279084086 0.0153913944959641 0.0150005053728819 0.0149418478831649 0.0148319099098444 0.0142156695947051 0.0133200250566006 0.011973355896771 0.0103340540081263 0.00963544100522995 0.0114908739924431 0.0124614248052239 0.0121376039460301 0.0115378526970744 0.0115148406475782 0.0116521380841732 0.0110669834539294 0.0102596618235111 0.0106883672997355 0.010668340139091 0.0118115693330765 0.0126375565305352 0.0129663646221161 0.0132867079228163 0.0140349548310041 0.0135922376066446 0.0137943523004651 0.0129123590886593 0.01232226844877 0.0132997399196029 0.0145651698112488 0.0149775324389338 0.0159960426390171 0.0157746132463217 0.0167679786682129 0.0188672430813313 0.0195760726928711 0.0206798631697893 0.0216166693717241 0.0228414423763752 0.025008849799633 0.0259141866117716 0.0265149120241404
0.0137059679254889 0.0143227819353342 0.014757938683033 0.0152053833007812 0.0150473453104496 0.0148356556892395 0.0146141536533833 0.0143401138484478 0.0141744669526815 0.0138044487684965 0.0126723274588585 0.0106149408966303 0.0101821897551417 0.0103138312697411 0.0126099372282624 0.0129672484472394 0.0124850273132324 0.011874932795763 0.0117927668616176 0.0114774731919169 0.0108217811211944 0.0104680629447103 0.0105999009683728 0.0113470358774066 0.0117217777296901 0.0122279077768326 0.0127595262601972 0.0133061651140451 0.0134885972365737 0.0131506249308586 0.0124041587114334 0.0127494847401977 0.0133023876696825 0.0139287644997239 0.0140944300219417 0.0153516614809632 0.0160096324980259 0.0160676315426826 0.0166109688580036 0.0184532515704632 0.0193345583975315 0.0210825446993113 0.0235335845500231 0.0253240112215281 0.0267595779150724 0.0280124582350254 0.0293215196579695
0.0136513132601976 0.0145936282351613 0.0151365334168077 0.0148267364129424 0.0145105542615056 0.0140260150656104 0.0136039005592465 0.0138637516647577 0.0137028209865093 0.0135017894208431 0.012303021736443 0.0109539236873388 0.0100998161360621 0.0118949897587299 0.0116718206554651 0.0119593953713775 0.0123017495498061 0.0121215730905533 0.0121215730905533 0.011378601193428 0.0104343704879284 0.0105896759778261 0.0107676181942225 0.0111990422010422 0.011245590634644 0.0117681408300996 0.0124187031760812 0.0130661698058248 0.0133620845153928 0.0127582494169474 0.0125993397086859 0.0126233398914337 0.013828506693244 0.0139906825497746 0.013965068385005 0.0153482453897595 0.0157837681472301 0.0158541891723871 0.0168483704328537 0.0177829153835773 0.0190259199589491 0.020916324108839 0.0215156394988298 0.023981124162674 0.0260384045541286 0.0289407297968864 0.0300746019929647
0.0138096492737532 0.0145373297855258 0.0148048885166645 0.0143421562388539 0.0141372280195355 0.0132088148966432 0.0117959827184677 0.0133056091144681 0.0141416369006038 0.013256348669529 0.0117454417049885 0.0109919309616089 0.010634426958859 0.010644112713635 0.00987797323614359 0.0111065190285444 0.011606527492404 0.0121200568974018 0.0123593527823687 0.0114312926307321 0.0106337051838636 0.010831493884325 0.0112521378323436 0.0114673282951117 0.011712851934135 0.0121884783729911 0.0128880590200424 0.012961189262569 0.0132630234584212 0.0133445924147964 0.0126299932599068 0.0133576188236475 0.0139335989952087 0.0144231878221035 0.0142952352762222 0.0154374688863754 0.0164182092994452 0.0173929259181023 0.0175098069012165 0.0184074752032757 0.0193539522588253 0.0207367483526468 0.0220104232430458 0.0233041495084763 0.0268695671111345 0.0289390105754137 0.0282684713602066
0.0137586081400514 0.0147461714223027 0.0147461714223027 0.0144474590197206 0.0141423949971795 0.013881416991353 0.0137280439957976 0.0140914116054773 0.0142514258623123 0.0133683299645782 0.0118620004504919 0.0106975166127086 0.0113315051421523 0.010400902479887 0.00951297767460346 0.0108835948631167 0.0116589935496449 0.0122224995866418 0.0125050917267799 0.0123192621394992 0.0118156438693404 0.0120415454730392 0.0115834511816502 0.0118647394701838 0.0120035586878657 0.0127116339281201 0.0127937402576208 0.0132604399695992 0.0134299295023084 0.0137816527858377 0.0134669356048107 0.0137811591848731 0.0143125746399164 0.0145904095843434 0.0150990020483732 0.0160246584564447 0.0171030312776566 0.018000416457653 0.0190803986042738 0.0200431831181049 0.0208719167858362 0.0211839955300093 0.0227817296981812 0.0240803007036448 0.0284891277551651 0.030643979087472 0.0304860230535269
0.0137561233714223 0.0145299453288317 0.0153884664177895 0.0149789936840534 0.0148281464353204 0.0145148215815425 0.0142493546009064 0.0146756013855338 0.0142493546009064 0.0133773423731327 0.0115209864452481 0.012170409783721 0.0108108259737492 0.0100459307432175 0.00989855919033289 0.0109818624332547 0.0116211613640189 0.0113290986046195 0.0120398048311472 0.0122332237660885 0.0129183521494269 0.0126832816749811 0.012634995393455 0.012589855119586 0.0127832982689142 0.01287164632231 0.013104154728353 0.0132759176194668 0.0134053127840161 0.0131495874375105 0.0139745846390724 0.014232711866498 0.0147408237680793 0.0150845432654023 0.0157643053680658 0.0162786617875099 0.0170199051499367 0.0181106925010681 0.0198697298765182 0.0213145241141319 0.0225267801433802 0.0238361340016127 0.0250037964433432 0.0254566501826048 0.0278087165206671 0.0296695604920387 0.0282200966030359
0.0139156663790345 0.0142218610271811 0.0146392984315753 0.0154844848439097 0.0149187771603465 0.014809007756412 0.0146614592522383 0.0147701436653733 0.014503207989037 0.0132302101701498 0.0126004479825497 0.0118523919954896 0.00956988520920277 0.00847951415926218 0.00831008795648813 0.0101299500092864 0.010043335147202 0.0109304888173938 0.0120898261666298 0.0122842825949192 0.0129859764128923 0.0131503446027637 0.0127888536080718 0.0127615770325065 0.012997904792428 0.01316087692976 0.0135564832016826 0.0137498937547207 0.0138143710792065 0.0141294235363603 0.0144418645650148 0.0148235391825438 0.0150710847228765 0.0155707923695445 0.0163221899420023 0.0174739435315132 0.0184194277971983 0.0196966882795095 0.0215607658028603 0.022740637883544 0.0238834489136934 0.0244401544332504 0.025166342034936 0.0261540375649929 0.0275281015783548 0.0280803218483925 0.0286372471600771
0.0133630037307739 0.0137599166482687 0.0143184689804912 0.0152736408635974 0.0157389901578426 0.0151612805202603 0.0147486636415124 0.0151764750480652 0.0147610306739807 0.0136748189106584 0.0128898462280631 0.0118658058345318 0.00999042764306068 0.00972138531506062 0.009769924916327 0.0102259228006005 0.0111264633014798 0.0113320471718907 0.011470939964056 0.0121880620718002 0.0128593295812607 0.0126221226528287 0.0129594802856445 0.0124095510691404 0.0132459672167897 0.0140184378251433 0.0148827796801925 0.0147124771028757 0.0146042676642537 0.0148310279473662 0.0149052161723375 0.0153924226760864 0.0157345905900002 0.0163902416825294 0.0171766858547926 0.0179305486381054 0.0186445191502571 0.0202876590192318 0.0220325998961926 0.0238858573138714 0.0249043628573418 0.0253728330135345 0.0263541080057621 0.0274234302341938 0.0292658042162657 0.0298297200351954 0.0299644283950329
0.0133121469989419 0.0132141197100282 0.0140046197921038 0.0148290973156691 0.0159897934645414 0.0155272502452135 0.0154130393639207 0.0150009896606207 0.0137722482904792 0.0135224843397737 0.013325466774404 0.0121926367282867 0.0116026792675257 0.00989706534892321 0.0113203590735793 0.0119618102908134 0.0123353134840727 0.0127669554203749 0.0122429030016065 0.0120370592921972 0.0124726351350546 0.0124694695696235 0.0129704037681222 0.0134057505056262 0.0140696968883276 0.0152297830209136 0.0156790930777788 0.0158607587218285 0.0158589035272598 0.0161260813474655 0.0165846534073353 0.0165182258933783 0.0167321655899286 0.0173835381865501 0.0180039145052433 0.0190399028360844 0.0195257477462292 0.0205955095589161 0.0226577091962099 0.0243969485163689 0.0261309295892715 0.0263501200824976 0.0268826838582754 0.0285624563694 0.0306902918964624 0.030746703967452 0.0317615009844303
0.0135511625558138 0.0133068347349763 0.0133068347349763 0.0140966828912497 0.0150570003315806 0.0157745257019997 0.0150753818452358 0.0135610513389111 0.0120545327663422 0.0140054216608405 0.0130399027839303 0.012663871049881 0.0115667013451457 0.0115119479596615 0.0097908228635788 0.0115562230348587 0.0128199784085155 0.013648634776473 0.0129704037681222 0.0139887696132064 0.0135612580925226 0.0141866886988282 0.0146606704220176 0.0152129307389259 0.0154097676277161 0.0158859118819237 0.0163164269179106 0.0165054146200418 0.016855426132679 0.0168240312486887 0.0170000325888395 0.0175152514129877 0.0174395069479942 0.0180865954607725 0.0191807262599468 0.0197864416986704 0.0207844749093056 0.0213868301361799 0.0229076817631721 0.0255992561578751 0.0276936218142509 0.0283102095127106 0.0299962256103754 0.0317535027861595 0.0315952450037003 0.0327644646167755 0.0334237702190876
0.0137745998799801 0.0138767566531897 0.0136417560279369 0.014319664798677 0.0148788252845407 0.01569914072752 0.0147450659424067 0.0131660187616944 0.0129278833046556 0.0149333877488971 0.0142266340553761 0.0135320909321308 0.0123926363885403 0.0116107761859894 0.0104992240667343 0.0110543519258499 0.0119139244779944 0.0128748761489987 0.0141613138839602 0.0148259401321411 0.015113728120923 0.0157002881169319 0.0158203113824129 0.016035495325923 0.0162212550640106 0.0165019445121288 0.0168863758444786 0.017373951151967 0.0175768565386534 0.0176008865237236 0.0175125896930695 0.0181940607726574 0.0184198692440987 0.0186112187802792 0.0198960490524769 0.0206037554889917 0.0214027892798185 0.0218100529164076 0.0233443249017 0.0268911272287369 0.0279974173754454 0.0302947610616684 0.0308347549289465 0.0325629115104675 0.0314883030951023 0.03514239564538 0.0359684303402901
0.0144688179716468 0.0142142716795206 0.0135725224390626 0.0150511162355542 0.0153306880965829 0.0150910066440701 0.0148518020287156 0.014552784152329 0.0142891332507133 0.0148676708340645 0.0140297301113605 0.0127183403819799 0.0125855421647429 0.0122145190834999 0.0112984664738178 0.011152932420373 0.0122521128505468 0.0129293017089367 0.0136277573183179 0.0147197134792805 0.0160371176898479 0.0161855909973383 0.0165254026651382 0.0165939033031464 0.0169103760272264 0.0171696245670319 0.0175364632159472 0.0179100930690765 0.0184644889086485 0.0187036413699389 0.0188453681766987 0.0183071251958609 0.0190342403948307 0.0194760356098413 0.0204585753381252 0.0211644973605871 0.0217183157801628 0.0232648048549891 0.0243461318314075 0.0266688410192728 0.0287456065416336 0.0311484858393669 0.0319363176822662 0.0320841632783413 0.0333406068384647 0.0368755236268044 0.0378233678638935
0.0148697635158896 0.0140303941443563 0.0136421145871282 0.0154061606153846 0.0154061606153846 0.0147213283926249 0.0143598560243845 0.0143797472119331 0.0139759229496121 0.0137552870437503 0.0134256277233362 0.011540955863893 0.0110578704625368 0.0116235092282295 0.0121252313256264 0.0130790518596768 0.014470542781055 0.0153727252036333 0.0163124408572912 0.0165992025285959 0.0168713685125113 0.0168713685125113 0.017066728323698 0.0169412903487682 0.01743233948946 0.0178707484155893 0.0182906109839678 0.0183539241552353 0.0186811611056328 0.018701083958149 0.0189696177840233 0.0192312728613615 0.0194760356098413 0.0203021541237831 0.0209265202283859 0.0214764960110188 0.0227286033332348 0.0241577327251434 0.02622190117836 0.0275259856134653 0.0282815787941217 0.0311597529798746 0.031502328813076 0.0331968329846859 0.0389317311346531 0.0396655388176441 0.0404226630926132
0.0143772261217237 0.0146290780976415 0.0138642815873027 0.0147505169734359 0.0154496356844902 0.0145214246585965 0.0140451062470675 0.0138989323750138 0.0136839868500829 0.0123870000243187 0.0128577305004001 0.0127239348366857 0.0119945984333754 0.0128338132053614 0.0143640469759703 0.015392329543829 0.0166621599346399 0.0172328315675259 0.0173510834574699 0.0172531753778458 0.0171263795346022 0.0174229759722948 0.0174229759722948 0.0177971199154854 0.0177128426730633 0.0180890671908855 0.0178885012865067 0.0172497797757387 0.0181994400918484 0.0189133435487747 0.0197134297341108 0.0211881063878536 0.0215597935020924 0.0222785342484713 0.0231455191969872 0.023700375109911 0.0237987376749516 0.0252750869840384 0.0272263791412115 0.028908608481288 0.0289526358246803 0.031076280400157 0.0339709036052227 0.04264260455966 0.0452486015856266 0.0454327426850796 0.0431019924581051
0.0143084703013301 0.0146775851026177 0.014321087859571 0.0148281268775463 0.0145695768296719 0.0143448412418365 0.0139610357582569 0.0136100798845291 0.0125969024375081 0.0107082482427359 0.0118591114878654 0.0115510858595371 0.0125949960201979 0.0145640559494495 0.0157535150647163 0.0166924949735403 0.0174716785550117 0.0177856236696243 0.0179470609873533 0.0179470609873533 0.0178152117878199 0.0178152117878199 0.0178593005985022 0.0182593446224928 0.0181238725781441 0.0181550718843937 0.0178103260695934 0.0173276122659445 0.0185269769281149 0.0198533441871405 0.0215324573218822 0.0229438338428736 0.0233726091682911 0.0231164619326591 0.0246082283556461 0.0251374375075102 0.0256495904177427 0.0274269003421068 0.0259911548346281 0.0284073241055012 0.0318643376231194 0.0328199453651905 0.0394224040210247 0.0486090071499348 0.0492027401924133 0.0465801805257797 0.0432029142975807
0.0147466473281384 0.0147515935823321 0.0148930139839649 0.0137325478717685 0.0134960245341063 0.0142746800556779 0.0139341447502375 0.0134503785520792 0.0123295476660132 0.0102326413616538 0.0111678512766957 0.0118654081597924 0.0135494712740183 0.0150735015049577 0.0161151941865683 0.0172154325991869 0.017878495156765 0.0183648429811001 0.0186965726315975 0.0185592696070671 0.0183943826705217 0.018454821780324 0.0186432972550392 0.0185406133532524 0.0176261961460114 0.0176904164254665 0.0184563733637333 0.0184663720428944 0.020159475505352 0.0221461355686188 0.0230913404375315 0.0246670264750719 0.0246392823755741 0.0240034516900778 0.0255517065525055 0.0276441685855389 0.0283688902854919 0.0268500298261642 0.0277569107711315 0.0318447686731815 0.0328199453651905 0.0374737270176411 0.0462069287896156 0.0522098280489445 0.0495189651846886 0.046186625957489 0.0432134792208672
0.0147835491225123 0.0148931313306093 0.0137781035155058 0.0127119356766343 0.0123777287080884 0.0138467932119966 0.0138514908030629 0.0131163224577904 0.0117554031312466 0.0102003319188952 0.0105944098904729 0.0120924785733223 0.0141844786703587 0.0159036368131638 0.0165052153170109 0.0169857200235128 0.0175255406647921 0.0186353195458651 0.0191603060811758 0.0191810354590416 0.0182392187416553 0.0179325453937054 0.0173685234040022 0.0174546334892511 0.0166890602558851 0.0178486295044422 0.0187871046364307 0.0201991759240627 0.0220102742314339 0.0228778701275587 0.0243857521563768 0.0258653182536364 0.0255839359015226 0.0252604745328426 0.0259862225502729 0.0278642196208239 0.029738849028945 0.0302817318588495 0.0300517715513706 0.0348676554858685 0.0341970585286617 0.0396763682365417 0.0462952628731728 0.0514984019100666 0.0498794093728065 0.0461531542241573 0.0454139225184917
0.0148130301386118 0.0145667791366577 0.0137091977521777 0.0126531664282084 0.0120701491832733 0.0133924521505833 0.0134480558335781 0.0129382191225886 0.0113718649372458 0.0108027765527368 0.0126228872686625 0.0136844478547573 0.0149386879056692 0.016584612429142 0.0169084165245295 0.0172308348119259 0.0177304781973362 0.0187124833464622 0.0185869187116623 0.0179602112621069 0.0158759634941816 0.0162894930690527 0.0165570061653852 0.0163803268224001 0.0166921745985746 0.0179329365491867 0.020159475505352 0.02178043872118 0.0230644699186087 0.0237324088811874 0.0246670264750719 0.0261189490556717 0.0265726540237665 0.0264852549880743 0.0272333528846502 0.0280149634927511 0.0279823858290911 0.0303610768169165 0.0352318808436394 0.0365257821977139 0.0358587205410004 0.0370772927999496 0.0440396703779697 0.0484891571104527 0.0496358163654804 0.0483693145215511 0.0428622700273991
