data/climate_estimation/maxent_output/Lilium_michiganense.asc
NCOLS 265 
NROWS 181 
XLLCORNER -96.4166666666667 
YLLCORNER 34 
CELLSIZE 0.0833333333333333 
NODATA_value -3.4e+38 
[rows 40 to 59 of 181, columns 0 to 43 of 265]
0.267546206712723 0.269576489925385 0.263579070568085 0.376988679170609 0.372325330972672 0.369947850704193 0.354053348302841 0.355229675769806 0.327427417039871 0.328935205936432 0.355032801628113 0.372497498989105 0.412427425384521 0.561250507831573 0.607947707176208 0.676079094409943 0.680870652198792 0.678202509880066 0.663365423679352 0.663938283920288 0.665033876895905 0.667722463607788 0.668152511119843 0.637916088104248 0.657431125640869 0.663359642028809 0.650223076343536 0.65298718214035 0.669917166233063 0.65223491191864 0.655131101608276 0.652584731578827 0.655967772006989 0.669438779354095 0.65342903137207 0.654983222484589 0.670697033405304 0.671869695186615 0.66934859752655 0.684678494930267 0.680854856967926 0.681460320949554 0.682002544403076 0.678516626358032
0.27014684677124 0.273074746131897 0.273673087358475 0.371281445026398 0.377708584070206 0.492011904716492 0.472450166940689 0.443169742822647 0.298827290534973 0.220811933279037 0.263666242361069 0.263228923082352 0.371936768293381 0.535921454429626 0.580168783664703 0.67808985710144 0.665473401546478 0.679088354110718 0.662071526050568 0.646006762981415 0.649088859558105 0.666195333003998 0.651011109352112 0.65459930896759 0.641276240348816 0.644614100456238 0.653093874454498 0.655013978481293 0.671152234077454 0.656796872615814 0.672874510288239 0.654295086860657 0.65576833486557 0.65450119972229 0.672592639923096 0.670958995819092 0.652437627315521 0.670933961868286 0.68470686674118 0.683951675891876 0.66688996553421 0.684534847736359 0.680978775024414 0.694807648658752
0.262626051902771 0.275872647762299 0.279767155647278 0.37738248705864 0.361737012863159 0.478464245796204 0.476871520280838 0.431963711977005 0.256479501724243 0.222994357347488 0.254908412694931 0.290813624858856 0.328789979219437 0.495519459247589 0.544965803623199 0.66168624162674 0.678840458393097 0.66200840473175 0.645461320877075 0.661099553108215 0.647362887859344 0.648366570472717 0.633900463581085 0.622726380825043 0.62473338842392 0.644283175468445 0.635684847831726 0.654258489608765 0.654273450374603 0.672480046749115 0.652801513671875 0.650086522102356 0.650886654853821 0.669298589229584 0.655590295791626 0.654852688312531 0.66894268989563 0.669349431991577 0.668016254901886 0.666607677936554 0.666221439838409 0.680764853954315 0.683477938175201 0.680053889751434
0.276553720235825 0.278540253639221 0.269268900156021 0.366920411586761 0.367011398077011 0.483763426542282 0.477810084819794 0.413284987211227 0.246130928397179 0.206074669957161 0.246959939599037 0.280449509620667 0.395202279090881 0.454936474561691 0.599887013435364 0.659816920757294 0.65720409154892 0.656987309455872 0.660365223884583 0.66305947303772 0.647889971733093 0.628211677074432 0.629540205001831 0.616632461547852 0.637921810150146 0.642002940177917 0.648398518562317 0.649862706661224 0.653734266757965 0.649676859378815 0.645222663879395 0.644686818122864 0.647688925266266 0.646986782550812 0.637704074382782 0.654023349285126 0.651910126209259 0.65018767118454 0.666316866874695 0.664390444755554 0.66339522600174 0.664100646972656 0.665157973766327 0.68133944272995
0.276233613491058 0.277917742729187 0.272215604782104 0.367325633764267 0.357190042734146 0.480601698160172 0.522341370582581 0.413363754749298 0.237643793225288 0.182942256331444 0.187578663229942 0.233951464295387 0.391849339008331 0.516457438468933 0.581738173961639 0.654439151287079 0.656289279460907 0.657122135162354 0.644502639770508 0.641186535358429 0.626078128814697 0.62818568944931 0.631483197212219 0.633249461650848 0.638600647449493 0.640733897686005 0.640898644924164 0.641477167606354 0.644174456596375 0.643449544906616 0.642266511917114 0.643244028091431 0.642387986183167 0.644888579845428 0.632832705974579 0.649988770484924 0.648290693759918 0.631905436515808 0.646846830844879 0.647637069225311 0.645618200302124 0.644830167293549 0.645409464836121 0.680094122886658
0.276073664426804 0.276233613491058 0.2695172727108 0.36528468132019 0.492013245820999 0.481340616941452 0.520045638084412 0.45287498831749 0.328329741954803 0.16899673640728 0.181227341294289 0.324648052453995 0.405118644237518 0.547213017940521 0.57923686504364 0.645801305770874 0.654210329055786 0.639560878276825 0.642446935176849 0.640493869781494 0.627130925655365 0.628045558929443 0.614120781421661 0.63291209936142 0.635142743587494 0.639009892940521 0.636970162391663 0.636371076107025 0.640734851360321 0.63893985748291 0.65042245388031 0.636450886726379 0.656237959861755 0.66115140914917 0.628230333328247 0.64521062374115 0.646444499492645 0.646844744682312 0.632814824581146 0.645095586776733 0.661840975284576 0.646155059337616 0.660893797874451 0.667663037776947
0.271325379610062 0.273610234260559 0.368416786193848 0.372560679912567 0.484319716691971 0.494531393051147 0.55464631319046 0.504716396331787 0.437470495700836 0.374651074409485 0.314449220895767 0.431352615356445 0.458029419183731 0.511258661746979 0.584715366363525 0.633476853370667 0.65039473772049 0.637153685092926 0.643710494041443 0.627730011940002 0.628071546554565 0.627754628658295 0.609619617462158 0.628357887268066 0.63070273399353 0.630117535591125 0.633706092834473 0.649652659893036 0.650991678237915 0.649876534938812 0.646987915039062 0.650239586830139 0.657027065753937 0.659789681434631 0.642177224159241 0.64401113986969 0.645712554454803 0.646145820617676 0.648247063159943 0.646624207496643 0.647171258926392 0.647115409374237 0.663844883441925 0.663719713687897
0.281655937433243 0.39640811085701 0.389254420995712 0.396446257829666 0.506415724754333 0.578471541404724 0.537982404232025 0.515134990215302 0.499177843332291 0.482579708099365 0.465557634830475 0.479017198085785 0.506561398506165 0.534443497657776 0.589668571949005 0.634453237056732 0.637185037136078 0.641170501708984 0.62995320558548 0.629813075065613 0.643447518348694 0.613568723201752 0.629600048065186 0.627843737602234 0.629615426063538 0.629615426063538 0.613220274448395 0.64740377664566 0.646869659423828 0.646241843700409 0.662121474742889 0.651127874851227 0.656638383865356 0.661568403244019 0.661376595497131 0.644667565822601 0.643200039863586 0.641931712627411 0.644234001636505 0.644646227359772 0.644190013408661 0.662166595458984 0.642364680767059 0.675163567066193
0.394313961267471 0.394838154315948 0.407958149909973 0.545114517211914 0.525113821029663 0.584887325763702 0.563421726226807 0.545341849327087 0.528701961040497 0.512502491474152 0.511330425739288 0.509883046150208 0.535962462425232 0.53471052646637 0.596778512001038 0.636974811553955 0.637443482875824 0.64083856344223 0.62650591135025 0.627241849899292 0.628476619720459 0.633495926856995 0.633721351623535 0.631614446640015 0.629450678825378 0.631792306900024 0.631274938583374 0.646819114685059 0.650498509407043 0.650439262390137 0.664425373077393 0.668358147144318 0.658132672309875 0.665400445461273 0.665410459041595 0.663167893886566 0.643355131149292 0.625661849975586 0.642822325229645 0.658973157405853 0.658652484416962 0.660226762294769 0.656499028205872 0.665748059749603
0.400476157665253 0.534398794174194 0.533967137336731 0.541494429111481 0.615189909934998 0.589562952518463 0.573002994060516 0.564710319042206 0.534801185131073 0.539386451244354 0.535261511802673 0.544442117214203 0.542665660381317 0.571462094783783 0.623711824417114 0.635749340057373 0.640117645263672 0.626596391201019 0.626473486423492 0.629469215869904 0.64928275346756 0.646968483924866 0.64500093460083 0.631078898906708 0.631937623023987 0.648417115211487 0.649510860443115 0.651946365833282 0.657842218875885 0.653938829898834 0.652153491973877 0.672182857990265 0.68083655834198 0.682236790657043 0.66414749622345 0.647947251796722 0.661715567111969 0.638862550258636 0.637127995491028 0.652060031890869 0.653949320316315 0.659583508968353 0.671261429786682 0.664976179599762
0.412402987480164 0.546217858791351 0.548827350139618 0.618586301803589 0.603760004043579 0.611646771430969 0.592397928237915 0.593811631202698 0.588437080383301 0.562897503376007 0.569602489471436 0.555408775806427 0.564884901046753 0.593387961387634 0.619676291942596 0.636070251464844 0.644095242023468 0.643268704414368 0.646447062492371 0.631420791149139 0.650505781173706 0.647074580192566 0.643996894359589 0.649743437767029 0.633249461650848 0.649666845798492 0.650654375553131 0.638221919536591 0.655489027500153 0.669743776321411 0.657540798187256 0.660126507282257 0.665043473243713 0.667050719261169 0.666567981243134 0.66428530216217 0.642848670482635 0.635178685188293 0.632667422294617 0.647898256778717 0.664419054985046 0.669079065322876 0.671189785003662 0.684892296791077
0.569972336292267 0.554774880409241 0.621338725090027 0.624001264572144 0.619969844818115 0.606546223163605 0.622760117053986 0.607714712619781 0.583071351051331 0.583196520805359 0.577528417110443 0.56326687335968 0.585104048252106 0.60561865568161 0.621362805366516 0.640259444713593 0.645483553409576 0.645644724369049 0.649584710597992 0.63385146856308 0.648697972297668 0.628146767616272 0.62866085767746 0.646868109703064 0.648359179496765 0.652361392974854 0.654475569725037 0.655116021633148 0.65648353099823 0.671240448951721 0.67499852180481 0.678346693515778 0.682892382144928 0.681509435176849 0.679387748241425 0.658575236797333 0.640096783638 0.652988731861115 0.652763843536377 0.648819863796234 0.662543833255768 0.677351653575897 0.685144782066345 0.669524908065796
0.573191165924072 0.568412005901337 0.555632829666138 0.611378312110901 0.614638030529022 0.622857272624969 0.62203973531723 0.606123447418213 0.610331416130066 0.610045731067657 0.588672876358032 0.59157383441925 0.602707982063293 0.617326617240906 0.639818787574768 0.642461657524109 0.645224213600159 0.651398599147797 0.637418985366821 0.651125729084015 0.648523449897766 0.631622970104218 0.646230220794678 0.646036386489868 0.651964485645294 0.652475357055664 0.672020375728607 0.659901440143585 0.67436420917511 0.659589290618896 0.663493752479553 0.680479824542999 0.665413022041321 0.680734276771545 0.679649710655212 0.659666836261749 0.658113300800323 0.657376050949097 0.657571375370026 0.649233400821686 0.679063618183136 0.665727615356445 0.682738900184631 0.701416492462158
0.441512614488602 0.589361667633057 0.572794139385223 0.560547173023224 0.540402948856354 0.621085941791534 0.619902849197388 0.626871168613434 0.622569859027863 0.632546186447144 0.619379281997681 0.618547797203064 0.629571616649628 0.632808566093445 0.637259602546692 0.637979090213776 0.645839393138885 0.648185193538666 0.650038480758667 0.651639580726624 0.669996798038483 0.635293185710907 0.651740550994873 0.649192869663239 0.636848151683807 0.655428290367126 0.673382103443146 0.660615146160126 0.660411596298218 0.660110533237457 0.659207761287689 0.678667068481445 0.664412558078766 0.666018605232239 0.664722979068756 0.658657968044281 0.656001627445221 0.672959625720978 0.67056530714035 0.668131470680237 0.665176331996918 0.687529802322388 0.704168796539307 0.692129254341125
0.326936274766922 0.443993806838989 0.443602412939072 0.432756900787354 0.55202305316925 0.543151080608368 0.558196127414703 0.636193156242371 0.63594776391983 0.636545360088348 0.646683633327484 0.629137217998505 0.615591645240784 0.619207382202148 0.643160939216614 0.672812819480896 0.658610045909882 0.663500666618347 0.648540318012238 0.652931332588196 0.668030202388763 0.655206143856049 0.653430581092834 0.655243992805481 0.656115055084229 0.65505039691925 0.675359189510345 0.661410510540009 0.678861856460571 0.676953315734863 0.676640331745148 0.666977524757385 0.665008008480072 0.661306619644165 0.657261848449707 0.674164175987244 0.656195998191833 0.671301305294037 0.688602983951569 0.686860263347626 0.686650812625885 0.690627574920654 0.691335320472717 0.696161389350891
0.33720076084137 0.328028380870819 0.320223867893219 0.444971174001694 0.424126982688904 0.439281821250916 0.576472282409668 0.58711701631546 0.572173714637756 0.646933376789093 0.646931886672974 0.642662107944489 0.642755925655365 0.627345561981201 0.663909316062927 0.669032752513885 0.660546481609344 0.679329931735992 0.664377868175507 0.682547211647034 0.667893469333649 0.655214607715607 0.674964547157288 0.659056007862091 0.66060334444046 0.65789520740509 0.662205755710602 0.676564395427704 0.678741276264191 0.67829954624176 0.678154826164246 0.680164694786072 0.660158455371857 0.660486161708832 0.657942354679108 0.654420733451843 0.67301082611084 0.686163485050201 0.686363041400909 0.685389280319214 0.687332689762115 0.695157110691071 0.717518627643585 0.706716001033783
0.240277290344238 0.2361069470644 0.228888154029846 0.340066283941269 0.330647855997086 0.450034648180008 0.437616646289825 0.589177966117859 0.571673333644867 0.583669900894165 0.568473160266876 0.640786111354828 0.627778589725494 0.628565311431885 0.641582012176514 0.598498046398163 0.609038949012756 0.617608726024628 0.680445969104767 0.683383226394653 0.685862183570862 0.655431747436523 0.65919953584671 0.659287929534912 0.645504534244537 0.646086037158966 0.661708474159241 0.679169774055481 0.665487587451935 0.674209654331207 0.679920852184296 0.661427915096283 0.659745752811432 0.673618376255035 0.6549032330513 0.673195004463196 0.670860946178436 0.666743993759155 0.670099556446075 0.675533771514893 0.694223463535309 0.700565040111542 0.705893337726593 0.706726908683777
0.235424384474754 0.232229068875313 0.237456545233727 0.244671002030373 0.330124914646149 0.343176454305649 0.452960550785065 0.449016392230988 0.448059290647507 0.57168972492218 0.570050954818726 0.554325878620148 0.566869139671326 0.552250921726227 0.577808558940887 0.589114665985107 0.613843977451324 0.611878931522369 0.601222038269043 0.620189607143402 0.685892522335052 0.67430317401886 0.660600423812866 0.677538156509399 0.661163628101349 0.663125872612 0.659258782863617 0.659733772277832 0.663912057876587 0.661889135837555 0.663277447223663 0.676289916038513 0.67490690946579 0.670652508735657 0.68539434671402 0.668769359588623 0.665847599506378 0.666182219982147 0.688872635364532 0.692768275737762 0.697418868541718 0.701396107673645 0.706626892089844 0.708812057971954
0.164855420589447 0.234453663229942 0.244505286216736 0.245402917265892 0.35105362534523 0.340066283941269 0.34278866648674 0.474355101585388 0.461874008178711 0.460290312767029 0.448304802179337 0.583138823509216 0.567596316337585 0.57794600725174 0.575390875339508 0.575846970081329 0.464674532413483 0.4601109623909 0.633249461650848 0.618780553340912 0.603932321071625 0.673429906368256 0.675731956958771 0.664203107357025 0.665324687957764 0.658805072307587 0.656272411346436 0.657656192779541 0.671142280101776 0.671556949615479 0.677098751068115 0.67513519525528 0.671806156635284 0.669647753238678 0.667308330535889 0.665547609329224 0.664285659790039 0.665330410003662 0.686232626438141 0.676494359970093 0.68118941783905 0.687997758388519 0.706537187099457 0.693276822566986
0.164052128791809 0.242381766438484 0.252701193094254 0.252537846565247 0.34405979514122 0.363324493169785 0.360527992248535 0.472818553447723 0.472084254026413 0.471894294023514 0.470790803432465 0.459282964468002 0.445393443107605 0.443542152643204 0.452965050935745 0.46274271607399 0.460333645343781 0.469992995262146 0.463475823402405 0.460808455944061 0.604182243347168 0.5911505818367 0.674487888813019 0.659142076969147 0.659728705883026 0.659259557723999 0.65750116109848 0.656659483909607 0.66684764623642 0.672135412693024 0.673402070999146 0.673275947570801 0.670240581035614 0.652511298656464 0.663784742355347 0.663678526878357 0.66621595621109 0.665996372699738 0.672525107860565 0.695146560668945 0.70127546787262 0.691446661949158 0.69266939163208 0.694107949733734
