data/climate_estimation/maxent_output/Lilium_pumilum.asc
NCOLS 567 
NROWS 410 
XLLCORNER 89.0833333333333 
YLLCORNER 28.5833333333333 
CELLSIZE 0.0833333333333333 
NODATA_value -3.4e+38 
[rows 323 to 341 of 410, columns 132 to 175 of 567]
0.225542932748795 0.26113423705101 0.305203765630722 0.376596093177795 0.4139104783535 0.333076924085617 0.315022319555283 0.323131173849106 0.336874336004257 0.467868149280548 0.461138129234314 0.452351808547974 0.4502794444561 0.308780044317245 0.362434357404709 0.445914536714554 0.509742259979248 0.486209988594055 0.455068439245224 0.305634558200836 0.268927812576294 0.289314448833466 0.339716613292694 0.681654393672943 0.660877823829651 0.611656010150909 0.773666679859161 0.806336998939514 0.801161229610443 0.859465777873993 0.776610255241394 0.797221183776855 0.878465175628662 0.87843257188797 0.880479574203491 0.880072772502899 0.828058779239655 0.82757169008255 0.88074254989624 0.862803757190704 0.858712196350098 0.820528030395508 0.827750205993652 0.846250295639038
0.178510129451752 0.323189795017242 0.368720293045044 0.314177691936493 0.365217477083206 0.373560667037964 0.438263177871704 0.445135653018951 0.446301430463791 0.436659336090088 0.395236492156982 0.305488020181656 0.226266652345657 0.304810047149658 0.204150691628456 0.494056761264801 0.416167080402374 0.264190495014191 0.290267616510391 0.394480049610138 0.355455279350281 0.356229394674301 0.50888866186142 0.746436715126038 0.48039174079895 0.262047290802002 0.356278270483017 0.46474826335907 0.525745749473572 0.737937211990356 0.527657508850098 0.190548285841942 0.666695415973663 0.838383257389069 0.866771519184113 0.888277053833008 0.885868728160858 0.860664963722229 0.884791493415833 0.866357922554016 0.862958908081055 0.872199952602386 0.833345830440521 0.800171434879303
0.261733144521713 0.344244092702866 0.280825912952423 0.384933978319168 0.443025797605515 0.492221862077713 0.542810261249542 0.52705842256546 0.476256012916565 0.464014440774918 0.426760703325272 0.343903809785843 0.168317452073097 0.125696569681168 0.136680826544762 0.307208150625229 0.153977259993553 0.0791944339871407 0.0980484932661057 0.211402460932732 0.20685863494873 0.436698019504547 0.624524891376495 0.739994287490845 0.70588082075119 0.404965192079544 0.125413045287132 0.0926005989313126 0.189138785004616 0.156553074717522 0.320817977190018 0.238175705075264 0.202183067798615 0.777227699756622 0.863842785358429 0.884890258312225 0.864952027797699 0.883659720420837 0.888671278953552 0.84482342004776 0.856582641601562 0.860526561737061 0.87567549943924 0.867576718330383
0.380396664142609 0.373340964317322 0.236704453825951 0.224990770220757 0.321685940027237 0.395074307918549 0.46058252453804 0.469783991575241 0.489415854215622 0.510925769805908 0.471220552921295 0.440016984939575 0.338401317596436 0.288404762744904 0.185444712638855 0.144853726029396 0.070987693965435 0.031112976372242 0.0437744483351707 0.0896513685584068 0.122389182448387 0.201213464140892 0.50331974029541 0.715357661247253 0.466446757316589 0.404892206192017 0.182488948106766 0.163876920938492 0.169300630688667 0.0921334028244019 0.0549891442060471 0.0679664760828018 0.321169316768646 0.701899826526642 0.811075270175934 0.858080446720123 0.883168578147888 0.885770440101624 0.87463515996933 0.848902761936188 0.86322546005249 0.870067000389099 0.877003490924835 0.856129705905914
0.351660639047623 0.346356928348541 0.232241183519363 0.156124442815781 0.147943809628487 0.21719029545784 0.282214015722275 0.27823480963707 0.256737887859344 0.38550329208374 0.447636842727661 0.389734774827957 0.307803720235825 0.225163295865059 0.238217696547508 0.151657953858376 0.0710014551877975 0.0469169840216637 0.0539945401251316 0.10035939514637 0.0872137397527695 0.109354428946972 0.569979548454285 0.413645833730698 0.25294354557991 0.273072272539139 0.198855400085449 0.229591891169548 0.29701817035675 0.229436650872231 0.103735841810703 0.0798603817820549 0.243711158633232 0.509036779403687 0.811806976795197 0.864021420478821 0.867367923259735 0.870857000350952 0.826870083808899 0.857224225997925 0.872980535030365 0.885086119174957 0.88018935918808 0.878212928771973
0.421745359897614 0.443217366933823 0.453624069690704 0.293975740671158 0.242193594574928 0.235242694616318 0.258238613605499 0.351956814527512 0.329285502433777 0.379438370466232 0.39540633559227 0.346224337816238 0.241032302379608 0.129653677344322 0.132591292262077 0.186687111854553 0.0658188462257385 0.0704576745629311 0.103426784276962 0.15994256734848 0.301036775112152 0.328280806541443 0.457548558712006 0.126812800765038 0.100253790616989 0.136868193745613 0.115842320024967 0.310737520456314 0.411109000444412 0.423412650823593 0.367117613554001 0.396872043609619 0.43389955163002 0.60123473405838 0.663036584854126 0.679752469062805 0.792361080646515 0.783489227294922 0.796146214008331 0.818954527378082 0.801794290542603 0.82222306728363 0.867195069789886 0.879490852355957
0.460925757884979 0.532209098339081 0.566122710704803 0.566272795200348 0.517122387886047 0.492915958166122 0.447096228599548 0.507616817951202 0.499807149171829 0.474364101886749 0.400030106306076 0.341079920530319 0.327855169773102 0.28982138633728 0.219838127493858 0.194727912545204 0.116502024233341 0.0551977418363094 0.117350541055202 0.188090667128563 0.126021459698677 0.307936728000641 0.226242333650589 0.0964803844690323 0.10198512673378 0.15704457461834 0.155580803751945 0.222688689827919 0.333634346723557 0.269810974597931 0.155852466821671 0.353604972362518 0.568238258361816 0.322180300951004 0.362325966358185 0.37362214922905 0.359208226203918 0.501942873001099 0.640637814998627 0.733296096324921 0.748546600341797 0.802595198154449 0.822106182575226 0.852374136447906
0.364447921514511 0.527143955230713 0.467548727989197 0.444278538227081 0.5205979347229 0.511612772941589 0.498018085956573 0.500121891498566 0.477034270763397 0.426469504833221 0.330973654985428 0.28991824388504 0.223306953907013 0.201802492141724 0.149992272257805 0.186111733317375 0.136362299323082 0.067143052816391 0.0856569483876228 0.187608167529106 0.198531582951546 0.225706338882446 0.242339119315147 0.0889814272522926 0.136896669864655 0.22131435573101 0.248852625489235 0.233338698744774 0.262769252061844 0.348363041877747 0.30737891793251 0.372346848249435 0.482261002063751 0.387533217668533 0.162058308720589 0.146201983094215 0.121905073523521 0.183175161480904 0.197608694434166 0.407053381204605 0.450726270675659 0.61748331785202 0.741085052490234 0.81990122795105
0.246054485440254 0.422814548015594 0.469314306974411 0.362219572067261 0.307908296585083 0.329784244298935 0.358037948608398 0.405591249465942 0.327016770839691 0.279309779405594 0.208574503660202 0.211045518517494 0.174171820282936 0.156886503100395 0.150630414485931 0.163278937339783 0.163835301995277 0.108851365745068 0.108833208680153 0.142538949847221 0.169484212994576 0.20933523774147 0.227494463324547 0.118812285363674 0.1849015802145 0.184671565890312 0.129255697131157 0.283195227384567 0.376230150461197 0.189393669366837 0.188277900218964 0.221458494663239 0.322514981031418 0.471089988946915 0.283838599920273 0.198617711663246 0.147800609469414 0.132175773382187 0.141476765275002 0.152798786759377 0.152363061904907 0.231805816292763 0.6047483086586 0.797157108783722
0.338062256574631 0.51600855588913 0.495487302541733 0.363028794527054 0.323392063379288 0.29777193069458 0.304459095001221 0.26932093501091 0.243172332644463 0.201706662774086 0.153254419565201 0.15389221906662 0.15755532681942 0.158276185393333 0.198910191655159 0.198851615190506 0.204415902495384 0.194742247462273 0.176981016993523 0.18596975505352 0.206535786390305 0.164410561323166 0.162379011511803 0.149501249194145 0.10586816817522 0.100808627903461 0.154727399349213 0.343101412057877 0.27938112616539 0.121062196791172 0.105850674211979 0.177509814500809 0.332054138183594 0.430087119340897 0.409541517496109 0.307544589042664 0.190150305628777 0.154048219323158 0.181521639227867 0.22176992893219 0.294552087783813 0.314586073160172 0.427168607711792 0.760423958301544
0.297921121120453 0.301462352275848 0.448647111654282 0.282030791044235 0.18669730424881 0.163564205169678 0.163607060909271 0.191698551177979 0.199589863419533 0.175214648246765 0.122586362063885 0.153616651892662 0.185843452811241 0.214850530028343 0.221120238304138 0.219484061002731 0.182828232645988 0.19673652946949 0.208583623170853 0.18660794198513 0.172571301460266 0.106571160256863 0.108669467270374 0.147891357541084 0.144091784954071 0.16745688021183 0.201785057783127 0.208120048046112 0.131562888622284 0.118783444166183 0.181579723954201 0.28247606754303 0.309587955474854 0.400349915027618 0.367355555295944 0.299452275037766 0.23228856921196 0.157752692699432 0.156930729746819 0.173383519053459 0.25379467010498 0.482505142688751 0.681953608989716 0.608896434307098
0.191591531038284 0.300899147987366 0.457273483276367 0.310125142335892 0.234801694750786 0.219062000513077 0.192169308662415 0.152266219258308 0.144158825278282 0.166292950510979 0.132352784276009 0.113559924066067 0.150741904973984 0.18570239841938 0.179072454571724 0.191746428608894 0.227300465106964 0.220816507935524 0.214142382144928 0.199890717864037 0.174205496907234 0.1038568764925 0.0871310904622078 0.149963617324829 0.192276269197464 0.118881314992905 0.115216434001923 0.179496929049492 0.172656029462814 0.226382091641426 0.261122196912766 0.334432065486908 0.309796422719955 0.341480135917664 0.302439838647842 0.243629857897758 0.208756327629089 0.171023413538933 0.164977982640266 0.182454645633698 0.227094039320946 0.321626782417297 0.383984178304672 0.495852470397949
0.294311553239822 0.284516662359238 0.23788520693779 0.351571917533875 0.343681782484055 0.36176586151123 0.159802049398422 0.112503856420517 0.249535948038101 0.217796668410301 0.217271968722343 0.148635998368263 0.150887712836266 0.172248438000679 0.233428001403809 0.235564187169075 0.250164300203323 0.233941316604614 0.216941118240356 0.213539406657219 0.175614178180695 0.0968094915151596 0.0995818302035332 0.158330574631691 0.194891333580017 0.147254154086113 0.116400375962257 0.177349478006363 0.188355252146721 0.265078336000443 0.356852501630783 0.337188243865967 0.322789788246155 0.367924362421036 0.336996644735336 0.309004157781601 0.305335521697998 0.308203428983688 0.253756254911423 0.224002212285995 0.260420590639114 0.317417055368423 0.416995078325272 0.519136011600494
0.112910658121109 0.213613599538803 0.14392925798893 0.174188017845154 0.14281290769577 0.367371946573257 0.460719168186188 0.402723282575607 0.421338647603989 0.395606935024261 0.251692712306976 0.153509110212326 0.156217351555824 0.129380062222481 0.18351423740387 0.234317719936371 0.267280995845795 0.25774285197258 0.230056673288345 0.197401776909828 0.173294752836227 0.101867534220219 0.107519209384918 0.187074601650238 0.149796769022942 0.218163847923279 0.173466503620148 0.191905856132507 0.254104554653168 0.230664864182472 0.239995300769806 0.295548647642136 0.350034087896347 0.342438519001007 0.41529592871666 0.417605221271515 0.399041622877121 0.407909244298935 0.419466763734818 0.430633932352066 0.386857986450195 0.375769376754761 0.392049044370651 0.447744250297546
0.113091237843037 0.208921402692795 0.137467697262764 0.0983119308948517 0.19467006623745 0.365098059177399 0.287150651216507 0.328893721103668 0.217325955629349 0.306955248117447 0.187512874603271 0.173391059041023 0.196230202913284 0.165037959814072 0.217362761497498 0.244899526238441 0.23376838862896 0.226958259940147 0.2092604637146 0.178547531366348 0.187608987092972 0.155654013156891 0.120062790811062 0.208737328648567 0.236407592892647 0.243295103311539 0.237479791045189 0.244500279426575 0.282207250595093 0.200655102729797 0.199666410684586 0.182135805487633 0.255646377801895 0.358851283788681 0.331008166074753 0.321328192949295 0.414396226406097 0.434749275445938 0.448415189981461 0.506560683250427 0.504909574985504 0.48244309425354 0.47982919216156 0.429687917232513
0.13605172932148 0.213443368673325 0.113349996507168 0.156257063150406 0.199601575732231 0.237672761082649 0.168832719326019 0.231904596090317 0.156779900193214 0.273909360170364 0.324569046497345 0.304704010486603 0.179731279611588 0.242716103792191 0.206255465745926 0.200458899140358 0.160801455378532 0.171847775578499 0.160211026668549 0.151449307799339 0.165368899703026 0.209168925881386 0.21339550614357 0.246453449130058 0.254107743501663 0.277625381946564 0.243367701768875 0.169185981154442 0.218646615743637 0.270111262798309 0.316927820444107 0.262449026107788 0.339914560317993 0.251907676458359 0.196897447109222 0.230190619826317 0.343747854232788 0.292007207870483 0.326870560646057 0.35332864522934 0.394820541143417 0.458415269851685 0.498915046453476 0.508086562156677
0.143805593252182 0.250562131404877 0.251011967658997 0.126669481396675 0.134716808795929 0.164870291948318 0.141853556036949 0.183634042739868 0.164111524820328 0.221860587596893 0.234620034694672 0.255783885717392 0.289560168981552 0.231358289718628 0.133296251296997 0.151088431477547 0.176179021596909 0.157948017120361 0.127600014209747 0.117580637335777 0.109232507646084 0.156013578176498 0.206984534859657 0.225222527980804 0.26079535484314 0.243210390210152 0.209694340825081 0.167871043086052 0.184197828173637 0.230122715234756 0.275316089391708 0.290986210107803 0.23811998963356 0.19568894803524 0.233872011303902 0.28019306063652 0.303366869688034 0.244836419820786 0.268695890903473 0.288891643285751 0.263858735561371 0.340180844068527 0.347172260284424 0.400574922561646
0.127507448196411 0.168338879942894 0.204244524240494 0.175583779811859 0.175662472844124 0.125794753432274 0.103726349771023 0.125240743160248 0.177927374839783 0.120228156447411 0.130554720759392 0.136657819151878 0.215109631419182 0.258088320493698 0.179664209485054 0.184536844491959 0.164197221398354 0.110196560621262 0.104645721614361 0.149314016103745 0.161326512694359 0.128771275281906 0.0874140709638596 0.164561450481415 0.206622287631035 0.21253228187561 0.200539901852608 0.129508599638939 0.166070520877838 0.212318703532219 0.181353747844696 0.201812833547592 0.16520468890667 0.205403193831444 0.212757498025894 0.238307431340218 0.220619887113571 0.162258714437485 0.226845234632492 0.218906581401825 0.165070876479149 0.303823411464691 0.362028419971466 0.264968365430832
0.0953098013997078 0.128169760107994 0.136698573827744 0.132746815681458 0.164942473173141 0.146904870867729 0.12916986644268 0.126900717616081 0.148999258875847 0.182262718677521 0.225148871541023 0.207048818469048 0.2122912555933 0.302017003297806 0.310882955789566 0.245337381958961 0.20745162665844 0.173182845115662 0.133099034428596 0.129966750741005 0.133299365639687 0.139359936118126 0.162219375371933 0.160278558731079 0.142502963542938 0.175422221422195 0.224345877766609 0.119819179177284 0.119813084602356 0.169833689928055 0.168972939252853 0.148226648569107 0.142866849899292 0.178806155920029 0.113926023244858 0.116216152906418 0.112590789794922 0.101479478180408 0.111382931470871 0.114341013133526 0.159970805048943 0.206324443221092 0.237253099679947 0.209547683596611
