data/climate_estimation/maxent_output/Lilium_duchartrei.asc
NCOLS 190 
NROWS 105 
XLLCORNER 94 
YLLCORNER 26.5833333333333 
CELLSIZE 0.0833333333333333 
NODATA_value -3.4e+38 
[rows 40 to 59 of 105, columns 44 to 87 of 190]
0.20346599817276 0.139653697609901 0.12821663916111 0.13470895588398 0.233203932642937 0.198949962854385 0.112418375909328 0.152122378349304 0.310014128684998 0.48207551240921 0.116737022995949 0.262531846761703 0.301354438066483 0.272377997636795 0.0929788053035736 0.0526830144226551 0.0845390483736992 0.260583788156509 0.300135731697083 0.183337494730949 0.107690252363682 0.187130376696587 0.368039608001709 0.182553797960281 0.132761999964714 0.190803661942482 0.162145420908928 0.181521013379097 0.172592490911484 0.226945221424103 0.190270707011223 0.294328361749649 0.124512679874897 0.122419953346252 0.274933099746704 0.239574030041695 0.412265241146088 0.190809890627861 0.310658484697342 0.532530665397644 0.523615062236786 0.313407450914383 0.25711727142334 0.201602607965469
0.308431267738342 0.199393406510353 0.170681416988373 0.196706756949425 0.227003395557404 0.255680471658707 0.213172301650047 0.232501804828644 0.575786530971527 0.467326432466507 0.238455221056938 0.378716617822647 0.164653688669205 0.131745383143425 0.0964855253696442 0.0534013547003269 0.0773485451936722 0.155915930867195 0.190010651946068 0.307121723890305 0.214746102690697 0.119077190756798 0.169365227222443 0.375928908586502 0.204079672694206 0.179888844490051 0.132868781685829 0.145840123295784 0.143808409571648 0.277015328407288 0.185184061527252 0.252986013889313 0.313385099172592 0.179301887750626 0.208659261465073 0.235737502574921 0.49873161315918 0.463164865970612 0.456614077091217 0.224556013941765 0.312990188598633 0.66342294216156 0.407336980104446 0.388423264026642
0.264347493648529 0.214823052287102 0.155051231384277 0.221203178167343 0.17513470351696 0.202452227473259 0.140911161899567 0.379815280437469 0.289432495832443 0.664458990097046 0.492551147937775 0.247582226991653 0.116640366613865 0.145165622234344 0.0892024114727974 0.0938817858695984 0.0273506008088589 0.0762641429901123 0.116066865622997 0.115113891661167 0.213079705834389 0.288761854171753 0.392767429351807 0.310052365064621 0.363333821296692 0.183287665247917 0.101498998701572 0.106654331088066 0.140581145882607 0.241910129785538 0.358434587717056 0.167574197053909 0.360328733921051 0.305626451969147 0.221438035368919 0.291911870241165 0.344876646995544 0.346577137708664 0.237649038434029 0.334552794694901 0.466177999973297 0.619963943958282 0.688477098941803 0.738359451293945
0.156186804175377 0.28839784860611 0.193713277578354 0.271461457014084 0.143394410610199 0.210737973451614 0.278231561183929 0.365733236074448 0.456898242235184 0.361128360033035 0.700565278530121 0.501874387264252 0.203816637396812 0.219492241740227 0.225471436977386 0.195416435599327 0.180676907300949 0.106620609760284 0.100883975625038 0.127655327320099 0.127865433692932 0.125330626964569 0.167315036058426 0.39714714884758 0.468878328800201 0.401094615459442 0.269589126110077 0.344678789377213 0.251954317092896 0.232583999633789 0.517852127552032 0.313188582658768 0.370884031057358 0.441638886928558 0.319407731294632 0.3480603992939 0.387579470872879 0.35654678940773 0.458975166082382 0.41205495595932 0.336933225393295 0.43655925989151 0.380821138620377 0.574613749980927
0.105980172753334 0.218836382031441 0.256799250841141 0.299200743436813 0.187131613492966 0.191041886806488 0.175834640860558 0.223287522792816 0.495712608098984 0.188366577029228 0.505727589130402 0.64868837594986 0.198045626282692 0.372629076242447 0.183813616633415 0.442326307296753 0.359589904546738 0.206914246082306 0.181542560458183 0.17972506582737 0.108132004737854 0.113989122211933 0.086527019739151 0.10004561394453 0.405427783727646 0.495637506246567 0.615151345729828 0.692884624004364 0.713675737380981 0.480282008647919 0.412044495344162 0.513315737247467 0.422934412956238 0.33643501996994 0.444640398025513 0.397151529788971 0.425152212381363 0.439219534397125 0.486022680997849 0.506241738796234 0.280154138803482 0.318355232477188 0.477023720741272 0.250748574733734
0.0705715194344521 0.126066967844963 0.218055069446564 0.218040496110916 0.345125168561935 0.259386450052261 0.342893719673157 0.370918840169907 0.43119141459465 0.458583414554596 0.401834011077881 0.399674415588379 0.641463279724121 0.367182195186615 0.232218816876411 0.18295507133007 0.473714381456375 0.416818499565125 0.436685770750046 0.529933512210846 0.219222143292427 0.127649828791618 0.159667894244194 0.24877142906189 0.227319702506065 0.143969401717186 0.171579748392105 0.276066422462463 0.451802253723145 0.559481024742126 0.26875439286232 0.198213309049606 0.503346621990204 0.698076725006104 0.50215220451355 0.615191280841827 0.646148025989532 0.391372561454773 0.457420617341995 0.438498467206955 0.389261692762375 0.388234704732895 0.359383434057236 0.44078916311264
0.0770009756088257 0.110818386077881 0.176165774464607 0.293512940406799 0.303071677684784 0.373706489801407 0.373573362827301 0.157898053526878 0.265184730291367 0.639307081699371 0.367206573486328 0.260375529527664 0.397800594568253 0.651135206222534 0.589495301246643 0.543571829795837 0.48890346288681 0.392507314682007 0.493626534938812 0.592374503612518 0.54861444234848 0.357981264591217 0.162345841526985 0.160574346780777 0.230763852596283 0.197839334607124 0.124577507376671 0.122240990400314 0.233238279819489 0.476339906454086 0.125128626823425 0.217778742313385 0.162860184907913 0.343410819768906 0.696932911872864 0.688332557678223 0.721145033836365 0.412979274988174 0.371097356081009 0.495691239833832 0.42840114235878 0.472070902585983 0.550522208213806 0.60260272026062
0.167231544852257 0.230011820793152 0.254701137542725 0.323793828487396 0.280178904533386 0.411862999200821 0.311588644981384 0.10652369260788 0.127448081970215 0.361942946910858 0.571679592132568 0.502103507518768 0.462482810020447 0.372936993837357 0.703512728214264 0.676908254623413 0.585184633731842 0.653411269187927 0.486876994371414 0.287075459957123 0.252826005220413 0.434608846902847 0.365663707256317 0.20734316110611 0.198643520474434 0.224027693271637 0.287184655666351 0.258311539888382 0.182380154728889 0.352380961179733 0.646595895290375 0.39383926987648 0.255396574735641 0.19749441742897 0.315788954496384 0.641264498233795 0.746507465839386 0.40879100561142 0.451499402523041 0.510641753673553 0.448441803455353 0.580867290496826 0.47235369682312 0.344273090362549
0.161887124180794 0.190886184573174 0.19005274772644 0.313457369804382 0.348731637001038 0.343654870986938 0.343033075332642 0.27808478474617 0.178142383694649 0.335228681564331 0.617986679077148 0.600744664669037 0.638893783092499 0.721096456050873 0.432164222002029 0.452073395252228 0.335923284292221 0.428619980812073 0.46604323387146 0.20834593474865 0.236557289958 0.262415170669556 0.408379524946213 0.434451699256897 0.216963052749634 0.223788395524025 0.275309681892395 0.219467371702194 0.295510590076447 0.418852120637894 0.516974925994873 0.514594972133636 0.384699642658234 0.365319192409515 0.290542602539062 0.314838856458664 0.67078572511673 0.778986811637878 0.692766785621643 0.442021429538727 0.466964870691299 0.517303347587585 0.399469017982483 0.212055638432503
0.116385884582996 0.150901153683662 0.28102833032608 0.32494255900383 0.349711209535599 0.361822515726089 0.223678559064865 0.198823213577271 0.313607335090637 0.421188473701477 0.685667276382446 0.719411909580231 0.32736000418663 0.683744370937347 0.43062549829483 0.213811680674553 0.280479043722153 0.254272311925888 0.348829925060272 0.245909228920937 0.322217613458633 0.328274995088577 0.430759698152542 0.268144130706787 0.284725725650787 0.216848507523537 0.214059621095657 0.199027717113495 0.205392584204674 0.272328794002533 0.452282935380936 0.684265196323395 0.354253590106964 0.48404997587204 0.275384336709976 0.429261982440948 0.67765200138092 0.773236513137817 0.795103132724762 0.746896922588348 0.464266240596771 0.375468671321869 0.514465391635895 0.25745353102684
0.20519457757473 0.208842888474464 0.161649972200394 0.326200574636459 0.324510186910629 0.411676555871964 0.351949036121368 0.173862606287003 0.34115144610405 0.347289562225342 0.30444011092186 0.37711888551712 0.684695899486542 0.313955068588257 0.65404486656189 0.553234100341797 0.625929057598114 0.467816144227982 0.279334992170334 0.265740573406219 0.404495865106583 0.296461403369904 0.328191429376602 0.434262663125992 0.242190659046173 0.286775171756744 0.192716583609581 0.234795331954956 0.259842723608017 0.327677607536316 0.313014298677444 0.729371666908264 0.543387711048126 0.475310444831848 0.362204283475876 0.385395467281342 0.530819177627563 0.643664658069611 0.714346766471863 0.802557766437531 0.681018054485321 0.3714939057827 0.388380318880081 0.214632630348206
0.214261531829834 0.147864148020744 0.16127273440361 0.272613048553467 0.342357397079468 0.392892301082611 0.534946441650391 0.388001382350922 0.36890435218811 0.504150629043579 0.53919529914856 0.481249868869781 0.677436530590057 0.684404015541077 0.443878024816513 0.338750332593918 0.462577044963837 0.468004405498505 0.495695263147354 0.522602379322052 0.273571789264679 0.300316631793976 0.452073931694031 0.483993232250214 0.431887328624725 0.343491852283478 0.2143414914608 0.180060863494873 0.244159340858459 0.420970886945724 0.490835905075073 0.727557897567749 0.598785936832428 0.43828085064888 0.432140707969666 0.375732898712158 0.479794204235077 0.412887513637543 0.353146106004715 0.628658533096313 0.831927061080933 0.816925525665283 0.512967050075531 0.270582944154739
0.249738559126854 0.174757659435272 0.2230384349823 0.175235152244568 0.184154450893402 0.298589020967484 0.386346459388733 0.577891230583191 0.361108511686325 0.348230510950089 0.338103920221329 0.331216096878052 0.299924373626709 0.666039645671844 0.374284625053406 0.316412806510925 0.399975419044495 0.305902868509293 0.323939353227615 0.371252655982971 0.35756516456604 0.306855976581573 0.473327726125717 0.540429055690765 0.444388896226883 0.434417992830276 0.275744706392288 0.217962026596069 0.375714033842087 0.580840229988098 0.690751433372498 0.774587631225586 0.687342286109924 0.393187493085861 0.431751579046249 0.4232237637043 0.460942625999451 0.598829984664917 0.454091101884842 0.648195326328278 0.697824060916901 0.890594720840454 0.829554259777069 0.356799989938736
0.299877375364304 0.158795267343521 0.255385398864746 0.211896404623985 0.326212078332901 0.367638558149338 0.392629504203796 0.578336358070374 0.397380232810974 0.264081329107285 0.287592470645905 0.245308801531792 0.487275630235672 0.668209195137024 0.429274171590805 0.553079783916473 0.347446978092194 0.373870640993118 0.258312910795212 0.419775038957596 0.287072062492371 0.288669735193253 0.417180329561234 0.534337878227234 0.428364247083664 0.455938994884491 0.403513848781586 0.25566366314888 0.616005659103394 0.665620386600494 0.741664230823517 0.727949798107147 0.684647619724274 0.397493183612823 0.554878234863281 0.635042309761047 0.515621602535248 0.47911411523819 0.708081483840942 0.678357779979706 0.656786203384399 0.855388700962067 0.701788246631622 0.525727331638336
0.369989961385727 0.291269451379776 0.282572478055954 0.271880447864532 0.290914952754974 0.296951323747635 0.247182205319405 0.518194437026978 0.513665914535522 0.318640381097794 0.268845468759537 0.34341961145401 0.297966420650482 0.217360600829124 0.660635530948639 0.668428182601929 0.656526625156403 0.326743066310883 0.210012286901474 0.246986195445061 0.345076411962509 0.239370554685593 0.314779728651047 0.504452288150787 0.419365018606186 0.419145256280899 0.433812350034714 0.310872793197632 0.679099440574646 0.758555591106415 0.619992852210999 0.347112029790878 0.37836629152298 0.359139621257782 0.394399970769882 0.606187105178833 0.700956642627716 0.614827752113342 0.551084876060486 0.718267500400543 0.777658879756927 0.816983222961426 0.463862121105194 0.558064758777618
0.51951140165329 0.378496050834656 0.124256700277328 0.325513482093811 0.194966003298759 0.230964630842209 0.312800347805023 0.354978173971176 0.541743278503418 0.355498790740967 0.316946268081665 0.216642498970032 0.287535607814789 0.249114617705345 0.616750061511993 0.638724386692047 0.433109551668167 0.604612410068512 0.305509746074677 0.234083160758018 0.260062992572784 0.248932749032974 0.312572330236435 0.385778903961182 0.416962325572968 0.393923699855804 0.261352896690369 0.291288048028946 0.573694586753845 0.591169416904449 0.77472048997879 0.473477423191071 0.387337565422058 0.369645297527313 0.489001393318176 0.485684186220169 0.6024569272995 0.684085190296173 0.680994749069214 0.64325624704361 0.801521182060242 0.436907291412354 0.757683157920837 0.592462122440338
0.612959623336792 0.438042908906937 0.215408489108086 0.425371080636978 0.302768170833588 0.320128083229065 0.310789465904236 0.345939189195633 0.47893425822258 0.503340125083923 0.438459426164627 0.21791984140873 0.228932529687881 0.224829018115997 0.581783950328827 0.637805223464966 0.258819878101349 0.559887647628784 0.5579554438591 0.384270668029785 0.204621210694313 0.114240825176239 0.262237668037415 0.278871953487396 0.272217988967896 0.397057324647903 0.238208770751953 0.440473943948746 0.439563721418381 0.658990263938904 0.82586145401001 0.791348218917847 0.633354425430298 0.448568850755692 0.510920286178589 0.588898360729218 0.611649334430695 0.673350691795349 0.542228579521179 0.767607569694519 0.885354459285736 0.47847056388855 0.362680733203888 0.549745857715607
0.400309026241302 0.512973487377167 0.519991457462311 0.57734352350235 0.453626304864883 0.437503397464752 0.393608301877975 0.353421539068222 0.292971819639206 0.442341834306717 0.494127869606018 0.285505563020706 0.249575167894363 0.259371489286423 0.575425088405609 0.661845564842224 0.228303670883179 0.254909485578537 0.396792590618134 0.329833656549454 0.217685133218765 0.330123752355576 0.167562127113342 0.185693323612213 0.301471799612045 0.420753955841064 0.30537948012352 0.347563654184341 0.643393218517303 0.788191258907318 0.578614830970764 0.851441442966461 0.810018599033356 0.76647013425827 0.716111481189728 0.761275231838226 0.67482453584671 0.658814013004303 0.744088530540466 0.630364060401917 0.87607079744339 0.771398067474365 0.411787420511246 0.595038533210754
0.212172374129295 0.297790825366974 0.333614379167557 0.444355547428131 0.32441657781601 0.366965800523758 0.408513218164444 0.358546495437622 0.3292236328125 0.317182689905167 0.303159773349762 0.343513160943985 0.256691783666611 0.245708972215652 0.521455228328705 0.721413552761078 0.372832804918289 0.194800540804863 0.282222896814346 0.496580332517624 0.271780252456665 0.385079741477966 0.440073579549789 0.412621319293976 0.252057194709778 0.443507313728333 0.39559206366539 0.318963408470154 0.589309334754944 0.749229431152344 0.635649085044861 0.843623697757721 0.736319184303284 0.863196015357971 0.878459990024567 0.843435943126678 0.812425553798676 0.608821749687195 0.74041074514389 0.794200539588928 0.828264832496643 0.440334975719452 0.79491400718689 0.664053559303284
0.589483439922333 0.455853790044785 0.261137515306473 0.300879061222076 0.402370154857635 0.37512195110321 0.329675555229187 0.34719517827034 0.392595916986465 0.38300833106041 0.264772921800613 0.277428388595581 0.254344552755356 0.452970772981644 0.56239116191864 0.684478521347046 0.464436858892441 0.244623482227325 0.558249950408936 0.57106739282608 0.572736322879791 0.273802608251572 0.179737359285355 0.232378602027893 0.351831406354904 0.42110487818718 0.475146651268005 0.331806123256683 0.63292521238327 0.569200098514557 0.482814908027649 0.787127435207367 0.650299966335297 0.744870662689209 0.820425987243652 0.84055507183075 0.857012987136841 0.816724419593811 0.574059426784515 0.862746477127075 0.833580493927002 0.779026091098785 0.514411151409149 0.500338077545166
