data/climate_estimation/maxent_output/Lilium_bulbiferum.asc
NCOLS 176 
NROWS 175 
XLLCORNER 2.16666666666667 
YLLCORNER 40.5 
CELLSIZE 0.0833333333333333 
NODATA_value -3.4e+38 
[rows 80 to 99 of 175, columns 88 to 131 of 176]
0.896603286266327 0.896272361278534 0.883918344974518 0.861714422702789 0.834831535816193 0.784822225570679 0.783510684967041 0.793702661991119 0.827937245368958 0.827833116054535 0.847986817359924 0.855898022651672 0.858258068561554 0.857274949550629 0.865795016288757 0.864851236343384 0.861100792884827 0.859585762023926 0.85937088727951 0.85762631893158 0.861257791519165 0.864163458347321 0.863869547843933 0.862372577190399 0.863413274288177 0.867191791534424 0.866908967494965 0.823962450027466 0.788981974124908 0.76521909236908 0.783351719379425 0.762693047523499 0.752049922943115 0.748410761356354 0.734773755073547 0.729890406131744 0.729271709918976 0.713870763778687 0.576559543609619 0.573708653450012 0.568721055984497 0.563979923725128 0.5473952293396 0.528405725955963
0.890448331832886 0.888725101947784 0.863030195236206 0.843436539173126 0.826131939888 0.835190713405609 0.83490115404129 0.834817707538605 0.85715913772583 0.856246769428253 0.86995267868042 0.866218328475952 0.870530903339386 0.871684074401855 0.869112074375153 0.862885713577271 0.860512435436249 0.857021570205688 0.857988774776459 0.855894327163696 0.858583152294159 0.859829664230347 0.85814356803894 0.857165515422821 0.856767356395721 0.854824900627136 0.831549882888794 0.789715230464935 0.769094288349152 0.770592510700226 0.747413814067841 0.740179598331451 0.737070202827454 0.736882567405701 0.71365487575531 0.709471046924591 0.726682484149933 0.703911125659943 0.701873958110809 0.687103688716888 0.569535553455353 0.564362764358521 0.528935015201569 0.506017625331879
0.879114508628845 0.8787881731987 0.866406261920929 0.861039042472839 0.859459400177002 0.867826163768768 0.867826163768768 0.864337682723999 0.876436054706573 0.87592601776123 0.879758775234222 0.874619126319885 0.874733150005341 0.871521890163422 0.87031888961792 0.863376438617706 0.860356509685516 0.855261027812958 0.856077313423157 0.855668067932129 0.852959394454956 0.853258907794952 0.852386176586151 0.846436619758606 0.846972644329071 0.835897922515869 0.787537276744843 0.760877132415771 0.743210077285767 0.764730215072632 0.762686610221863 0.759289503097534 0.746716201305389 0.733968079090118 0.715289413928986 0.715168476104736 0.709710419178009 0.695108354091644 0.691005825996399 0.684462547302246 0.655103743076324 0.64504075050354 0.643845796585083 0.510899007320404
0.878054678440094 0.878050565719604 0.877629995346069 0.873740315437317 0.876361906528473 0.875291585922241 0.87954580783844 0.878687143325806 0.879672467708588 0.878640115261078 0.8786381483078 0.877861261367798 0.875337421894073 0.87043559551239 0.867252230644226 0.862358927726746 0.860588312149048 0.86074823141098 0.85698801279068 0.853926479816437 0.851430177688599 0.852051973342896 0.848996818065643 0.845878958702087 0.842578589916229 0.784174621105194 0.742014288902283 0.751885712146759 0.741819858551025 0.74521416425705 0.748606085777283 0.730025351047516 0.714382886886597 0.702784955501556 0.72631847858429 0.715411126613617 0.71130633354187 0.703966915607452 0.68925142288208 0.695842683315277 0.682874500751495 0.662642478942871 0.679231822490692 0.618850350379944
0.874664783477783 0.870143711566925 0.870403468608856 0.869584083557129 0.873045086860657 0.875801384449005 0.875363111495972 0.874987721443176 0.879901945590973 0.881269454956055 0.879098415374756 0.876459658145905 0.878291666507721 0.87326443195343 0.870352625846863 0.863644599914551 0.861510694026947 0.863303542137146 0.853314816951752 0.849288463592529 0.847096860408783 0.846685528755188 0.840902209281921 0.831458032131195 0.827701508998871 0.792336106300354 0.747443199157715 0.72655975818634 0.729718387126923 0.718793869018555 0.705690264701843 0.699419617652893 0.675635576248169 0.700115501880646 0.732223153114319 0.711944937705994 0.712063074111938 0.704349279403687 0.698880732059479 0.658801972866058 0.655725061893463 0.649059057235718 0.657742977142334 0.64589387178421
0.865844130516052 0.866075217723846 0.864660978317261 0.865336954593658 0.873217880725861 0.874670803546906 0.876919150352478 0.876334130764008 0.876814305782318 0.883213400840759 0.882538020610809 0.881698608398438 0.878427863121033 0.876947164535522 0.868942618370056 0.865428268909454 0.863207280635834 0.855501890182495 0.853386521339417 0.845876395702362 0.850509226322174 0.844134211540222 0.833465993404388 0.82670396566391 0.824830889701843 0.796352922916412 0.76842987537384 0.744897484779358 0.706225574016571 0.666774213314056 0.651718318462372 0.653909742832184 0.681398153305054 0.680387318134308 0.696043252944946 0.688392639160156 0.699709415435791 0.694128274917603 0.689828336238861 0.679383158683777 0.661524176597595 0.654213190078735 0.667382955551147 0.651062965393066
0.857795476913452 0.854523956775665 0.859416723251343 0.862760305404663 0.864965438842773 0.87193363904953 0.876474440097809 0.875690162181854 0.881672620773315 0.885365962982178 0.885181069374084 0.884050011634827 0.880163311958313 0.876548767089844 0.873050272464752 0.863902628421783 0.85977691411972 0.855094492435455 0.849132716655731 0.844541549682617 0.833622932434082 0.830118536949158 0.826673984527588 0.805238962173462 0.800964534282684 0.798830032348633 0.754817724227905 0.707106649875641 0.695374548435211 0.648038148880005 0.647849082946777 0.617955207824707 0.649796366691589 0.683400094509125 0.684646010398865 0.667809128761292 0.682122468948364 0.709058046340942 0.723390460014343 0.684640824794769 0.670377910137177 0.652784645557404 0.648847162723541 0.639565587043762
0.843019545078278 0.841223895549774 0.84872567653656 0.853486597537994 0.856085896492004 0.861879289150238 0.874006688594818 0.873593389987946 0.884462356567383 0.88793009519577 0.887908577919006 0.883208513259888 0.881200432777405 0.876516282558441 0.868710219860077 0.864951908588409 0.856028199195862 0.850437343120575 0.845439016819 0.842984199523926 0.835797667503357 0.825432121753693 0.800879895687103 0.796344995498657 0.763452768325806 0.763346016407013 0.757187128067017 0.723317384719849 0.699609220027924 0.692830443382263 0.626913130283356 0.632044076919556 0.663952946662903 0.729402601718903 0.758444368839264 0.686883211135864 0.755764603614807 0.73197877407074 0.735458016395569 0.782440900802612 0.716134488582611 0.640839636325836 0.625284910202026 0.694868147373199
0.826396346092224 0.827768683433533 0.83279687166214 0.840735971927643 0.849554240703583 0.862025201320648 0.86742240190506 0.87326055765152 0.879544138908386 0.884140133857727 0.887302756309509 0.882186710834503 0.878083109855652 0.875737726688385 0.870485663414001 0.859911918640137 0.855486869812012 0.847483396530151 0.842663168907166 0.840122044086456 0.823752641677856 0.799255847930908 0.795985698699951 0.791487514972687 0.779668688774109 0.787054657936096 0.782459497451782 0.780570983886719 0.803354561328888 0.793889820575714 0.797772765159607 0.689215183258057 0.765915274620056 0.820480108261108 0.810588359832764 0.726745307445526 0.811336815357208 0.803573608398438 0.811297118663788 0.757436394691467 0.768460869789124 0.786282777786255 0.686000406742096 0.640298128128052
0.815146505832672 0.815883815288544 0.81513649225235 0.83037006855011 0.845562815666199 0.852159380912781 0.86715829372406 0.871779501438141 0.877118349075317 0.881509900093079 0.881219565868378 0.880949676036835 0.880479753017426 0.87242591381073 0.869643568992615 0.864698231220245 0.859811007976532 0.860613703727722 0.838009536266327 0.834802627563477 0.822418689727783 0.817007184028625 0.78956550359726 0.812679886817932 0.765357136726379 0.791551530361176 0.798095464706421 0.821261525154114 0.803390622138977 0.84129786491394 0.808186054229736 0.684273838996887 0.621173202991486 0.811664521694183 0.715531945228577 0.7943474650383 0.821508765220642 0.821966052055359 0.753677785396576 0.832796573638916 0.796269237995148 0.721096456050873 0.791275799274445 0.724962770938873
0.814351916313171 0.813942849636078 0.809286534786224 0.839096367359161 0.845065057277679 0.85729992389679 0.8641716837883 0.880330085754395 0.881622493267059 0.880101442337036 0.885462164878845 0.885202348232269 0.886259615421295 0.883175015449524 0.87324047088623 0.877025663852692 0.876361727714539 0.89228892326355 0.890811562538147 0.840999841690063 0.885112762451172 0.801599860191345 0.845746040344238 0.840858817100525 0.845499873161316 0.865402460098267 0.803840160369873 0.827496767044067 0.772416830062866 0.802327871322632 0.72252368927002 0.635524392127991 0.721406519412994 0.82870614528656 0.765413761138916 0.690992951393127 0.813476145267487 0.845398664474487 0.810834228992462 0.825946390628815 0.791225731372833 0.824903964996338 0.777093529701233 0.8291956782341
0.822552025318146 0.807419538497925 0.803671419620514 0.832636713981628 0.840552926063538 0.863083481788635 0.879030764102936 0.88053435087204 0.887020111083984 0.884021937847137 0.879028797149658 0.855397820472717 0.855539917945862 0.889754176139832 0.88078248500824 0.884497940540314 0.874540150165558 0.871342778205872 0.900734007358551 0.882704496383667 0.866229057312012 0.883248686790466 0.860839426517487 0.882629096508026 0.8847975730896 0.881526708602905 0.849499523639679 0.883032441139221 0.646658182144165 0.63285094499588 0.651910185813904 0.60929811000824 0.772211670875549 0.780140042304993 0.692631542682648 0.842070400714874 0.827701091766357 0.826667547225952 0.848429203033447 0.807645857334137 0.839407622814178 0.772385001182556 0.773613452911377 0.828179180622101
0.817011773586273 0.797873497009277 0.826296389102936 0.860005676746368 0.847561419010162 0.872845411300659 0.883248627185822 0.866466045379639 0.890207529067993 0.885983765125275 0.828948736190796 0.831475377082825 0.893473029136658 0.854757010936737 0.851764798164368 0.861886024475098 0.905915081501007 0.832182288169861 0.844068646430969 0.875341951847076 0.882243871688843 0.882631242275238 0.827368080615997 0.795685231685638 0.836460947990417 0.879013240337372 0.784798502922058 0.736690640449524 0.692443013191223 0.850602567195892 0.828005909919739 0.793365359306335 0.816009283065796 0.855308711528778 0.859604060649872 0.861719727516174 0.846851587295532 0.856061816215515 0.848128497600555 0.815096318721771 0.828594863414764 0.833414196968079 0.840765953063965 0.818293988704681
0.806836426258087 0.795236706733704 0.850404560565948 0.845424175262451 0.827013492584229 0.859185814857483 0.854335904121399 0.840792000293732 0.816455841064453 0.796275019645691 0.832453906536102 0.851302623748779 0.852263689041138 0.779668033123016 0.853480935096741 0.894788324832916 0.889890015125275 0.872458457946777 0.874736845493317 0.892423570156097 0.876805126667023 0.904015123844147 0.896735906600952 0.795509159564972 0.669609785079956 0.737918496131897 0.853309631347656 0.860969185829163 0.722353637218475 0.839955031871796 0.829684436321259 0.823692202568054 0.831035256385803 0.855128228664398 0.829613864421844 0.840103507041931 0.853906273841858 0.849649786949158 0.835865914821625 0.74662446975708 0.835469305515289 0.8277308344841 0.817019283771515 0.824003279209137
0.811263680458069 0.824563086032867 0.830304503440857 0.854348003864288 0.879148602485657 0.82052606344223 0.668822169303894 0.763236999511719 0.694925963878632 0.805313944816589 0.66315084695816 0.691201150417328 0.674032688140869 0.866542041301727 0.901939332485199 0.900024712085724 0.894756257534027 0.752014815807343 0.539034843444824 0.808486759662628 0.899561941623688 0.909373104572296 0.828213751316071 0.878304243087769 0.801820635795593 0.801042556762695 0.802556812763214 0.819231748580933 0.712545216083527 0.870964348316193 0.867977261543274 0.838643431663513 0.851721584796906 0.850593268871307 0.802238762378693 0.833151161670685 0.827504515647888 0.82897537946701 0.793069899082184 0.812812089920044 0.82668536901474 0.858148694038391 0.825312316417694 0.848761081695557
0.842203140258789 0.794506013393402 0.828019917011261 0.872239232063293 0.860002458095551 0.885367870330811 0.840562701225281 0.735980927944183 0.688305675983429 0.755772888660431 0.769397437572479 0.872123181819916 0.899305641651154 0.913897454738617 0.892484664916992 0.810389935970306 0.695303082466125 0.874501347541809 0.241357415914536 0.58115291595459 0.704383850097656 0.883052110671997 0.890998899936676 0.842348754405975 0.838620007038116 0.741854310035706 0.803451240062714 0.879334151744843 0.885408103466034 0.818819522857666 0.76845109462738 0.609586358070374 0.737880885601044 0.591618239879608 0.435540378093719 0.742569506168365 0.757839262485504 0.689161479473114 0.460741519927979 0.770403921604156 0.774300217628479 0.823128521442413 0.808521807193756 0.860436856746674
0.848480701446533 0.709914565086365 0.605064630508423 0.651153802871704 0.805785357952118 0.885362148284912 0.786604225635529 0.514211058616638 0.348657429218292 0.623607337474823 0.748144268989563 0.646361887454987 0.609000444412231 0.916968584060669 0.886345148086548 0.549168646335602 0.6500643491745 0.852828204631805 0.553800225257874 0.132566004991531 0.767933785915375 0.779682159423828 0.878896236419678 0.877555191516876 0.876574635505676 0.598054587841034 0.71485823392868 0.765213251113892 0.644061207771301 0.751973927021027 0.815612137317657 0.754873096942902 0.548608660697937 0.687246978282928 0.77037388086319 0.804900407791138 0.840655744075775 0.766505599021912 0.623885214328766 0.776301443576813 0.803649187088013 0.697527348995209 0.758463025093079 0.792777597904205
0.829493582248688 0.859501004219055 0.862913966178894 0.840196967124939 0.556715548038483 0.662107706069946 0.830073416233063 0.628426253795624 0.640672326087952 0.49436753988266 0.489938765764236 0.780482470989227 0.899314522743225 0.74926894903183 0.516124427318573 0.245177805423737 0.486999183893204 0.454975724220276 0.744829952716827 0.25147208571434 0.341783285140991 0.738761901855469 0.870625972747803 0.873032927513123 0.850067436695099 0.79209566116333 0.549303293228149 0.621737062931061 0.850321888923645 0.868807852268219 0.796399414539337 0.662369191646576 0.70214569568634 0.689204096794128 0.794648945331573 0.85655689239502 0.883851289749146 0.862858593463898 0.674472630023956 0.71533066034317 0.877793490886688 0.789038598537445 0.828542470932007 0.880047917366028
0.841287076473236 0.770571112632751 0.762441456317902 0.784431338310242 0.854877889156342 0.595139801502228 0.320874959230423 0.223900377750397 0.21461895108223 0.402597904205322 0.669869422912598 0.89519852399826 0.738842904567719 0.418789058923721 0.279276341199875 0.0808438584208488 0.139108866453171 0.379151582717896 0.510854601860046 0.783326029777527 0.730353832244873 0.871050834655762 0.850106239318848 0.839009881019592 0.887148678302765 0.805264711380005 0.872586190700531 0.853661179542542 0.85785049200058 0.828961730003357 0.759961724281311 0.821065127849579 0.783729493618011 0.822680294513702 0.799238860607147 0.801958620548248 0.813151836395264 0.887714803218842 0.891973853111267 0.884847223758698 0.889453113079071 0.892308413982391 0.892885804176331 0.805334866046906
0.829037010669708 0.69292277097702 0.698657095432281 0.618146657943726 0.655315756797791 0.31834602355957 0.320551067590714 0.66787850856781 0.793718695640564 0.878822803497314 0.824607014656067 0.510006070137024 0.891337454319 0.397008895874023 0.184762328863144 0.203776687383652 0.187319993972778 0.200309082865715 0.343136668205261 0.823809623718262 0.879676878452301 0.890066623687744 0.864486694335938 0.844147086143494 0.882012724876404 0.812550127506256 0.715383410453796 0.817415952682495 0.611535668373108 0.66409295797348 0.766879796981812 0.86850506067276 0.853231370449066 0.830909907817841 0.873374938964844 0.885430932044983 0.881779074668884 0.900707066059113 0.89903849363327 0.894014060497284 0.88288426399231 0.8968825340271 0.851561367511749 0.860111892223358
