data/climate_estimation/maxent_output/Lilium_lankongense.asc
NCOLS 160 
NROWS 70 
XLLCORNER 91.6666666666667 
YLLCORNER 23 
CELLSIZE 0.0833333333333333 
NODATA_value -3.4e+38 
[rows 19 to 37 of 70, columns 44 to 87 of 160]
0.0363482572138309 0.0392092503607273 0.0549870133399963 0.0554609745740891 0.0659685805439949 0.0667017102241516 0.0504732318222523 0.0677769035100937 0.235797420144081 0.0923763141036034 0.100663922727108 0.0606042817234993 0.0607802495360374 0.234814405441284 0.379156023263931 0.636822104454041 0.0962843000888824 0.0643885061144829 0.571277976036072 0.203616514801979 0.768418312072754 0.986894130706787 0.209004983305931 0.0341009199619293 0.0134523380547762 0.00209533516317606 0.00136250990908593 0.00269543984904885 0.00968962348997593 0.0333284623920918 0.0684246495366096 0.641442894935608 0.920477509498596 0.989261746406555 0.688492059707642 0.894053220748901 0.969751417636871 0.745350122451782 0.744382321834564 0.982204914093018 0.997432172298431 0.996553063392639 0.80672812461853 0.995949327945709
0.040393341332674 0.0463949218392372 0.0953082889318466 0.132339805364609 0.101961672306061 0.110177479684353 0.210746884346008 0.217613488435745 0.210479184985161 0.130663216114044 0.0650724247097969 0.0524326749145985 0.0291345603764057 0.042915191501379 0.0225556325167418 0.0607717223465443 0.0755565240979195 0.211236238479614 0.187038943171501 0.427881151437759 0.791175603866577 0.988447844982147 0.931550443172455 0.607312202453613 0.112973757088184 0.0128120118752122 0.00302748568356037 0.00419159140437841 0.00610906584188342 0.0224645752459764 0.0589347705245018 0.263602733612061 0.692742347717285 0.991401195526123 0.962273716926575 0.661896169185638 0.721183180809021 0.859855651855469 0.905347287654877 0.993513941764832 0.99697357416153 0.983523607254028 0.765785396099091 0.998233497142792
0.0529193319380283 0.0637112036347389 0.0883253067731857 0.334252029657364 0.181730985641479 0.592417359352112 0.375067740678787 0.458679556846619 0.109969392418861 0.10037349909544 0.0281169265508652 0.0280502289533615 0.0383122116327286 0.0404654294252396 0.0881471261382103 0.28429251909256 0.617175579071045 0.919455587863922 0.971874237060547 0.985956311225891 0.989930808544159 0.744975686073303 0.945710182189941 0.900167465209961 0.798611044883728 0.0349191948771477 0.00482718832790852 0.00572119792923331 0.00710681779310107 0.0237501692026854 0.0850296691060066 0.457893192768097 0.899097204208374 0.977697491645813 0.984154880046844 0.91235625743866 0.51705664396286 0.993210971355438 0.989512264728546 0.985508143901825 0.995305836200714 0.994513690471649 0.72877711057663 0.998476266860962
0.0786271318793297 0.252348721027374 0.389423251152039 0.416115075349808 0.40103879570961 0.786515355110168 0.22266449034214 0.29850372672081 0.143683135509491 0.0581488721072674 0.0177830122411251 0.0211668573319912 0.0418680123984814 0.0833651572465897 0.179518520832062 0.137862399220467 0.272772580385208 0.170000895857811 0.393212735652924 0.636000752449036 0.754679441452026 0.203170597553253 0.978336095809937 0.708453476428986 0.211456283926964 0.02367939427495 0.00668639689683914 0.00625493424013257 0.00914922263473272 0.0493484251201153 0.354217618703842 0.564652979373932 0.918511986732483 0.925466597080231 0.796887278556824 0.978958129882812 0.538763642311096 0.989479541778564 0.985024988651276 0.942256212234497 0.997970998287201 0.988407015800476 0.73970890045166 0.999177813529968
0.0979514345526695 0.462055653333664 0.743094980716705 0.7461057305336 0.767198741436005 0.165285512804985 0.0905592665076256 0.541025102138519 0.401115477085114 0.162776082754135 0.110186822712421 0.0198425631970167 0.0152839655056596 0.0400387682020664 0.0583901070058346 0.111127234995365 0.121930405497551 0.152757585048676 0.0967055857181549 0.231864005327225 0.0791579931974411 0.0516401194036007 0.49229109287262 0.841723501682281 0.0444771759212017 0.00856171175837517 0.00700274016708136 0.00867031514644623 0.0166393183171749 0.0447178669273853 0.157710239291191 0.432841002941132 0.774162828922272 0.490476429462433 0.744974613189697 0.97641122341156 0.569319427013397 0.943445205688477 0.9439377784729 0.76683634519577 0.996563076972961 0.989903628826141 0.676018476486206 0.999252438545227
0.187116116285324 0.723832190036774 0.87403678894043 0.760964572429657 0.13087822496891 0.0697610452771187 0.294191867113113 0.403899848461151 0.130222722887993 0.0548144169151783 0.0483503937721252 0.0190049596130848 0.00694062886759639 0.00676404638215899 0.00478426180779934 0.00650475779548287 0.00827234704047441 0.00710384827107191 0.0084521621465683 0.016196059063077 0.0294302757829428 0.0296895820647478 0.23759900033474 0.586486160755157 0.0330915153026581 0.0131458593532443 0.0140117155387998 0.0158262886106968 0.0193424988538027 0.0379299148917198 0.0832837596535683 0.247946754097939 0.304868638515472 0.779659628868103 0.987282991409302 0.994965612888336 0.518039762973785 0.612202286720276 0.826107025146484 0.869463503360748 0.990134835243225 0.998114883899689 0.682673573493958 0.994753420352936
0.594028830528259 0.752554059028625 0.520902514457703 0.37630233168602 0.0556477345526218 0.0698679685592651 0.356217473745346 0.350636839866638 0.0432525239884853 0.0594031400978565 0.00499144895002246 0.00336058135144413 0.00315414904616773 0.00290727894753218 0.00266529619693756 0.00269415392540395 0.00256646960042417 0.00250781630165875 0.00275359954684973 0.00443553738296032 0.0115776155143976 0.12191466987133 0.908454060554504 0.932718634605408 0.0296354629099369 0.0152637949213386 0.0161410328000784 0.0151030141860247 0.0212366450577974 0.037809856235981 0.0927704051136971 0.139774426817894 0.454428434371948 0.855920851230621 0.852507650852203 0.896566927433014 0.409051209688187 0.954931616783142 0.973939418792725 0.956616640090942 0.991434872150421 0.997170090675354 0.713255226612091 0.98928165435791
0.469759792089462 0.807836830615997 0.233642220497131 0.125559031963348 0.104738242924213 0.107341669499874 0.788910567760468 0.18260470032692 0.0647086650133133 0.061731118708849 0.0035870224237442 0.00238354550674558 0.00242004310712218 0.0023893581237644 0.00223451410420239 0.00249984511174262 0.00250083557330072 0.00254747574217618 0.00316166039556265 0.0103082172572613 0.00688376650214195 0.0255285687744617 0.49136883020401 0.69409716129303 0.0226052552461624 0.016498813405633 0.0253667384386063 0.0214534588158131 0.0249425750225782 0.0402551367878914 0.10941107571125 0.100947760045528 0.291264802217484 0.478510946035385 0.927756488323212 0.837428092956543 0.349520653486252 0.90363597869873 0.948001146316528 0.983027756214142 0.980202496051788 0.999226927757263 0.752775847911835 0.960391044616699
0.383902013301849 0.439723402261734 0.121774710714817 0.116879716515541 0.0642149448394775 0.359216898679733 0.648820459842682 0.0225439630448818 0.0212969351559877 0.0260103289037943 0.0130118392407894 0.00478281173855066 0.00371694844216108 0.00216564675793052 0.00236378889530897 0.00236198958009481 0.00261763180606067 0.00280987238511443 0.00326952035538852 0.00543346861377358 0.0127766281366348 0.0482563115656376 0.477159798145294 0.0965853035449982 0.0220614615827799 0.0204325560480356 0.0268690809607506 0.0280146729201078 0.0235406924039125 0.0514012053608894 0.0855047032237053 0.0917084366083145 0.150945201516151 0.668383002281189 0.955768644809723 0.385575711727142 0.735074996948242 0.912840604782104 0.876453936100006 0.939752697944641 0.998747587203979 0.998621702194214 0.656214237213135 0.965861678123474
0.152232423424721 0.0844418033957481 0.0761094763875008 0.0481317415833473 0.0831197276711464 0.61518257856369 0.231568187475204 0.00629630638286471 0.00465699518099427 0.00507407123222947 0.00505998637527227 0.00827460363507271 0.00596417859196663 0.00380215886980295 0.00219352939166129 0.00255780690349638 0.00269269151613116 0.00317271868698299 0.00383288646116853 0.00725322403013706 0.0185777526348829 0.0244756210595369 0.442146480083466 0.0517718940973282 0.0276140328496695 0.0236962735652924 0.0300965495407581 0.0324864648282528 0.0382478572428226 0.0457499995827675 0.0790513306856155 0.14693096280098 0.242605641484261 0.682053208351135 0.952269315719604 0.325145184993744 0.93622761964798 0.978398442268372 0.992014765739441 0.972516417503357 0.998911559581757 0.995207846164703 0.536473333835602 0.964243292808533
0.632859289646149 0.407933682203293 0.22657698392868 0.0247055273503065 0.0806150808930397 0.182862281799316 0.00444244546815753 0.00415866076946259 0.0023532381746918 0.00226994906552136 0.00278508919291198 0.0044533209875226 0.0180846601724625 0.00537900952622294 0.00426251208409667 0.00486327288672328 0.00313453865237534 0.00364672858268023 0.00423143664374948 0.00524815591052175 0.0112472921609879 0.0253319665789604 0.515504240989685 0.117550142109394 0.0309541169553995 0.0318699218332767 0.0383846759796143 0.0397019721567631 0.0445232093334198 0.0487016439437866 0.076990433037281 0.137849792838097 0.319400399923325 0.922486245632172 0.966328382492065 0.262518793344498 0.727950513362885 0.993829965591431 0.993171036243439 0.984975636005402 0.998604595661163 0.996686816215515 0.615788280963898 0.991659104824066
0.658381283283234 0.237117305397987 0.0287656951695681 0.112542673945427 0.0475595630705357 0.00353858177550137 0.00490702176466584 0.00285076233558357 0.00181338028050959 0.00182944897096604 0.00252663181163371 0.00397034641355276 0.0132361957803369 0.00933241564780474 0.0051650139503181 0.00577326724305749 0.00646291207522154 0.00457179127261043 0.0053479066118598 0.00609747180715203 0.010013684630394 0.0428345277905464 0.465754449367523 0.0668367967009544 0.0345261059701443 0.0334403514862061 0.0428091995418072 0.0403307005763054 0.0482632517814636 0.0861809775233269 0.177649080753326 0.293612241744995 0.331994920969009 0.883844256401062 0.665479183197021 0.211069226264954 0.767132639884949 0.998765647411346 0.984304547309875 0.953902781009674 0.999152481555939 0.931202828884125 0.529977738857269 0.988571465015411
0.460274934768677 0.108104050159454 0.0644000917673111 0.0165298841893673 0.00167571275960654 0.00173687934875488 0.0280192885547876 0.00810850225389004 0.00187707296572626 0.00189242197666317 0.00308315549045801 0.00451108301058412 0.0130919730290771 0.00839440152049065 0.00686739571392536 0.00736867310479283 0.00797582138329744 0.00913423765450716 0.0086291590705514 0.0117444824427366 0.0115126138553023 0.0783844292163849 0.538534104824066 0.047982033342123 0.0318790934979916 0.0326671302318573 0.0524613633751869 0.0629262030124664 0.0763947889208794 0.0860255658626556 0.144868150353432 0.213293075561523 0.220297530293465 0.770795941352844 0.337179243564606 0.277246952056885 0.792191565036774 0.997575581073761 0.948722004890442 0.953730463981628 0.999464273452759 0.987093031406403 0.478637129068375 0.871576845645905
0.436640709638596 0.142989009618759 0.0250531602650881 0.00249034049920738 0.000547509465832263 0.000606969522777945 0.00799896940588951 0.0114975683391094 0.010594260878861 0.00280217616818845 0.00386525643989444 0.00965286325663328 0.0161661207675934 0.0129562066867948 0.0104602333158255 0.0106913056224585 0.0107169523835182 0.0131873767822981 0.0172724016010761 0.0506500080227852 0.0184436924755573 0.260584771633148 0.31683936715126 0.0423400700092316 0.039615374058485 0.0315703228116035 0.0411194860935211 0.0764562860131264 0.0952771902084351 0.089194267988205 0.14139761030674 0.22754792869091 0.253280133008957 0.778991878032684 0.298038572072983 0.366560518741608 0.945107102394104 0.999033153057098 0.937121570110321 0.968682944774628 0.999494791030884 0.88777369260788 0.447289317846298 0.992621660232544
0.159348577260971 0.0323955751955509 0.149251639842987 0.0018058338901028 0.000149633327964693 0.000266160466708243 0.00184419704601169 0.116165995597839 0.136249259114265 0.0249226819723845 0.02492281422019 0.139379739761353 0.0257835518568754 0.0568222030997276 0.0173803642392159 0.0146764125674963 0.0170829072594643 0.0221187528222799 0.0293737985193729 0.156994119286537 0.0488726496696472 0.338113516569138 0.106310322880745 0.0431783422827721 0.0423932746052742 0.0400691702961922 0.0407555252313614 0.18133407831192 0.106434054672718 0.0818774625658989 0.117665156722069 0.351133942604065 0.508527040481567 0.46576976776123 0.335648447275162 0.394195050001144 0.923587083816528 0.707550406455994 0.703581392765045 0.890904068946838 0.999051749706268 0.719371318817139 0.465973198413849 0.995664775371552
0.544620335102081 0.182890057563782 0.0202086940407753 0.000435742957051843 0.000211036473046988 0.000355874770320952 0.000644304265733808 0.00941457040607929 0.325958967208862 0.0695898160338402 0.0348133221268654 0.207501977682114 0.0941186025738716 0.172738790512085 0.0354694686830044 0.0146484570577741 0.019436914473772 0.0385805368423462 0.06240064650774 0.0629386827349663 0.210927814245224 0.493056297302246 0.0663376972079277 0.0358195044100285 0.0446722991764545 0.0726844668388367 0.0535172559320927 0.12621097266674 0.113850012421608 0.106253542006016 0.120100550353527 0.371412545442581 0.738916099071503 0.223849132657051 0.435109198093414 0.516434550285339 0.480269372463226 0.906405031681061 0.988532423973083 0.847635567188263 0.995121836662292 0.523817718029022 0.540456771850586 0.99796736240387
0.518333315849304 0.0336540974676609 0.00361725408583879 0.000861789740156382 0.000856555241625756 0.000936445023398846 0.00134963518939912 0.0078351953998208 0.0429809764027596 0.263173758983612 0.0725936442613602 0.0541597940027714 0.13623158633709 0.195177644491196 0.036269798874855 0.0180645436048508 0.0300183203071356 0.255931943655014 0.097245991230011 0.0792883113026619 0.452955514192581 0.487415432929993 0.0596397742629051 0.0449072383344173 0.0669568181037903 0.0745758339762688 0.161728784441948 0.0873506963253021 0.112326934933662 0.131977126002312 0.181717738509178 0.609919250011444 0.268129616975784 0.134656012058258 0.406194984912872 0.956512928009033 0.854844272136688 0.976589739322662 0.998379528522491 0.967930853366852 0.995845794677734 0.649397552013397 0.299324780702591 0.646913409233093
0.10393875837326 0.0100593520328403 0.00385322095826268 0.00231781764887273 0.0020746011286974 0.00262634991668165 0.00274417595937848 0.00877900794148445 0.0550828129053116 0.477687805891037 0.102497458457947 0.0903407111763954 0.0301173254847527 0.0649285763502121 0.0374928116798401 0.0224693827331066 0.0336068123579025 0.134371608495712 0.111515633761883 0.285659641027451 0.880743980407715 0.428374201059341 0.0840892270207405 0.0441363044083118 0.0768025442957878 0.0581347607076168 0.112157642841339 0.0999655425548553 0.152621850371361 0.244333401322365 0.237406194210052 0.146591827273369 0.141896352171898 0.542941927909851 0.530529797077179 0.985139667987823 0.995036005973816 0.979102790355682 0.980935513973236 0.986142992973328 0.985066533088684 0.915182948112488 0.27433779835701 0.816504240036011
0.0208795983344316 0.00954642798751593 0.00696448143571615 0.00516994390636683 0.00462986622005701 0.0050597651861608 0.00689842877909541 0.0102946860715747 0.0288168210536242 0.22408963739872 0.0972011014819145 0.0899301022291183 0.0265063028782606 0.035164650529623 0.039639089256525 0.0283903852105141 0.0355098284780979 0.0678064897656441 0.139031693339348 0.436253845691681 0.90952080488205 0.753845512866974 0.0903066471219063 0.0670932754874229 0.119125492870808 0.139859661459923 0.0569215603172779 0.0761866942048073 0.111021146178246 0.129025995731354 0.0787310898303986 0.147275701165199 0.345755875110626 0.523851454257965 0.974403440952301 0.949751675128937 0.967839241027832 0.992441654205322 0.919964194297791 0.91993772983551 0.970366895198822 0.967259049415588 0.247255861759186 0.829212009906769
