data/climate_estimation/maxent_output/Lilium_japonicum.asc
NCOLS 117 
NROWS 72 
XLLCORNER 131.166666666667 
YLLCORNER 33.4166666666667 
CELLSIZE 0.0833333333333333 
NODATA_value -3.4e+38 
[rows 22 to 43 of 72, columns 49 to 97 of 117]
-3.4e+38 -3.4e+38 -3.4e+38 -3.4e+38 -3.4e+38 -3.4e+38 -3.4e+38 -3.4e+38 -3.4e+38 -3.4e+38 -3.4e+38 -3.4e+38 -3.4e+38 -3.4e+38 -3.4e+38 -3.4e+38 -3.4e+38 -3.4e+38 -3.4e+38 -3.4e+38 -3.4e+38 -3.4e+38 -3.4e+38 0.65274053812027 0.65964263677597 0.645199298858643 -3.4e+38 -3.4e+38 -3.4e+38 -3.4e+38 -3.4e+38 -3.4e+38 -3.4e+38 -3.4e+38 -3.4e+38 -3.4e+38 -3.4e+38 -3.4e+38 -3.4e+38 -3.4e+38 0.442582130432129 0.477497577667236 0.486329048871994 0.48505973815918 0.813639402389526 0.80010861158371 0.761919379234314 0.71238112449646 0.691117823123932
-3.4e+38 -3.4e+38 -3.4e+38 -3.4e+38 -3.4e+38 -3.4e+38 -3.4e+38 -3.4e+38 -3.4e+38 -3.4e+38 -3.4e+38 -3.4e+38 -3.4e+38 -3.4e+38 -3.4e+38 -3.4e+38 -3.4e+38 -3.4e+38 -3.4e+38 -3.4e+38 0.655240297317505 0.642870962619781 0.654882490634918 0.662847518920898 0.656191647052765 0.642848491668701 -3.4e+38 -3.4e+38 -3.4e+38 -3.4e+38 -3.4e+38 -3.4e+38 -3.4e+38 -3.4e+38 -3.4e+38 -3.4e+38 -3.4e+38 -3.4e+38 -3.4e+38 -3.4e+38 0.449619650840759 0.486530065536499 0.482957720756531 0.496175557374954 0.815894305706024 0.77725625038147 0.640300333499908 0.691582262516022 0.690746366977692
-3.4e+38 -3.4e+38 -3.4e+38 -3.4e+38 -3.4e+38 -3.4e+38 -3.4e+38 -3.4e+38 -3.4e+38 -3.4e+38 -3.4e+38 -3.4e+38 -3.4e+38 -3.4e+38 -3.4e+38 -3.4e+38 -3.4e+38 0.63581258058548 0.660010814666748 0.650541126728058 0.670589864253998 0.67032116651535 0.667418241500854 0.673513531684875 0.644597351551056 -3.4e+38 -3.4e+38 -3.4e+38 -3.4e+38 -3.4e+38 -3.4e+38 -3.4e+38 -3.4e+38 -3.4e+38 -3.4e+38 -3.4e+38 -3.4e+38 -3.4e+38 0.436520755290985 0.433391749858856 0.44677197933197 0.501314640045166 0.493892133235931 0.821022391319275 0.737815678119659 0.715345621109009 0.669296622276306 0.697444915771484 0.673541784286499
-3.4e+38 -3.4e+38 -3.4e+38 -3.4e+38 -3.4e+38 -3.4e+38 -3.4e+38 -3.4e+38 -3.4e+38 -3.4e+38 -3.4e+38 -3.4e+38 -3.4e+38 -3.4e+38 -3.4e+38 -3.4e+38 -3.4e+38 0.656062662601471 0.660089313983917 0.656603336334229 0.681547582149506 0.674201130867004 0.673944294452667 0.658962309360504 0.645372986793518 -3.4e+38 -3.4e+38 -3.4e+38 -3.4e+38 -3.4e+38 -3.4e+38 -3.4e+38 -3.4e+38 -3.4e+38 -3.4e+38 -3.4e+38 -3.4e+38 0.397597908973694 0.502396583557129 0.504206538200378 0.488526195287704 0.517822563648224 0.522689521312714 0.812813282012939 0.758877873420715 0.607235550880432 0.680235803127289 0.709635198116302 0.642179071903229
-3.4e+38 -3.4e+38 -3.4e+38 -3.4e+38 -3.4e+38 -3.4e+38 -3.4e+38 -3.4e+38 -3.4e+38 -3.4e+38 -3.4e+38 -3.4e+38 -3.4e+38 -3.4e+38 -3.4e+38 -3.4e+38 -3.4e+38 0.658825159072876 0.685670614242554 0.66364449262619 0.638403356075287 0.646131336688995 -3.4e+38 -3.4e+38 -3.4e+38 -3.4e+38 -3.4e+38 -3.4e+38 -3.4e+38 -3.4e+38 -3.4e+38 -3.4e+38 -3.4e+38 -3.4e+38 0.363752037286758 0.350432872772217 0.361518979072571 0.394863963127136 0.459823310375214 0.751019299030304 0.794765591621399 0.789640188217163 0.788456916809082 0.758997023105621 0.755237996578217 0.582295954227448 0.661430776119232 0.671644747257233 0.622921705245972
-3.4e+38 -3.4e+38 -3.4e+38 -3.4e+38 -3.4e+38 -3.4e+38 -3.4e+38 -3.4e+38 -3.4e+38 -3.4e+38 -3.4e+38 -3.4e+38 -3.4e+38 -3.4e+38 -3.4e+38 -3.4e+38 -3.4e+38 0.640044093132019 0.664020955562592 0.648900210857391 0.656858146190643 0.646371185779572 -3.4e+38 -3.4e+38 -3.4e+38 -3.4e+38 -3.4e+38 -3.4e+38 -3.4e+38 -3.4e+38 -3.4e+38 -3.4e+38 0.406274259090424 0.471730947494507 0.457421988248825 0.408033609390259 0.369288414716721 0.43046435713768 0.498521149158478 0.740182220935822 0.735124528408051 0.731549143791199 0.715851306915283 0.580908477306366 0.521904408931732 0.649503648281097 0.602616846561432 0.635924518108368 0.63145238161087
-3.4e+38 -3.4e+38 -3.4e+38 -3.4e+38 -3.4e+38 -3.4e+38 -3.4e+38 -3.4e+38 -3.4e+38 -3.4e+38 -3.4e+38 -3.4e+38 -3.4e+38 -3.4e+38 -3.4e+38 -3.4e+38 -3.4e+38 0.640506148338318 0.650045216083527 0.653907418251038 0.659257113933563 0.680604517459869 -3.4e+38 -3.4e+38 -3.4e+38 -3.4e+38 -3.4e+38 -3.4e+38 -3.4e+38 0.720057964324951 0.728612124919891 0.454959869384766 0.712957978248596 0.647107779979706 0.259003430604935 0.743476629257202 0.439066886901855 0.698897540569305 0.326552897691727 0.389966934919357 0.33569210767746 0.429207682609558 0.492098063230515 0.422477811574936 0.636849462985992 0.603437125682831 0.485881626605988 0.538711428642273 0.54240208864212
-3.4e+38 -3.4e+38 -3.4e+38 -3.4e+38 -3.4e+38 -3.4e+38 -3.4e+38 -3.4e+38 -3.4e+38 -3.4e+38 -3.4e+38 -3.4e+38 -3.4e+38 -3.4e+38 -3.4e+38 -3.4e+38 -3.4e+38 -3.4e+38 0.652679026126862 0.682074844837189 0.710057437419891 0.687650620937347 -3.4e+38 -3.4e+38 -3.4e+38 -3.4e+38 0.70099002122879 0.720329582691193 0.632424473762512 0.354592949151993 0.321185141801834 0.666226029396057 0.423495292663574 0.587247550487518 0.444406718015671 0.338864773511887 0.324374437332153 0.247147083282471 0.255629330873489 0.279514402151108 0.331842958927155 0.443309843540192 0.466664344072342 0.562927842140198 0.535339534282684 0.554175794124603 0.527321934700012 0.428967744112015 0.406301498413086
-3.4e+38 -3.4e+38 -3.4e+38 -3.4e+38 -3.4e+38 -3.4e+38 -3.4e+38 -3.4e+38 -3.4e+38 -3.4e+38 -3.4e+38 -3.4e+38 -3.4e+38 -3.4e+38 -3.4e+38 -3.4e+38 -3.4e+38 -3.4e+38 0.668935596942902 0.706707775592804 0.665730476379395 0.665059030056 -3.4e+38 -3.4e+38 -3.4e+38 0.715617477893829 0.726709008216858 0.704962968826294 0.523345649242401 0.55763578414917 0.550983130931854 0.336969017982483 0.479644358158112 0.432154268026352 0.48608124256134 0.177370131015778 0.222730159759521 0.139918774366379 0.417502552270889 0.497530281543732 0.532370090484619 0.457018584012985 0.593127131462097 0.600562810897827 0.519744575023651 0.595695734024048 0.542711913585663 0.42764675617218 0.426069885492325
-3.4e+38 -3.4e+38 -3.4e+38 -3.4e+38 -3.4e+38 -3.4e+38 -3.4e+38 -3.4e+38 -3.4e+38 -3.4e+38 -3.4e+38 -3.4e+38 -3.4e+38 -3.4e+38 -3.4e+38 -3.4e+38 -3.4e+38 0.671026110649109 0.729033410549164 0.736755669116974 0.690252780914307 0.680163502693176 0.685295045375824 0.697677373886108 0.719116747379303 0.72588837146759 0.698049068450928 0.719481945037842 0.536652743816376 0.410855382680893 0.354493916034698 0.426139205694199 0.403666615486145 0.436706870794296 0.494657307863235 0.131920486688614 0.129017069935799 0.149274811148643 0.428072541952133 0.41561621427536 0.458329677581787 0.43945786356926 0.500464856624603 0.518586874008179 0.625530183315277 0.60343599319458 0.481504291296005 0.583271384239197 0.467229276895523
-3.4e+38 -3.4e+38 -3.4e+38 -3.4e+38 -3.4e+38 -3.4e+38 -3.4e+38 -3.4e+38 -3.4e+38 -3.4e+38 -3.4e+38 -3.4e+38 -3.4e+38 -3.4e+38 -3.4e+38 -3.4e+38 0.683759808540344 0.686017990112305 0.719059407711029 0.721569716930389 0.701055645942688 0.706656813621521 0.706001937389374 0.708101332187653 0.712988257408142 0.699440836906433 0.690318167209625 0.619351625442505 0.574396550655365 0.435896247625351 0.448194652795792 0.237033918499947 0.300526738166809 0.239056214690208 0.262680053710938 0.0920871272683144 0.0812096521258354 0.114576652646065 0.480581343173981 0.379568547010422 0.433510273694992 0.455093950033188 0.527157306671143 0.476750671863556 0.526230573654175 0.63688451051712 0.640977084636688 0.653518795967102 0.517437517642975
-3.4e+38 -3.4e+38 -3.4e+38 -3.4e+38 -3.4e+38 -3.4e+38 -3.4e+38 -3.4e+38 -3.4e+38 -3.4e+38 -3.4e+38 -3.4e+38 -3.4e+38 -3.4e+38 -3.4e+38 -3.4e+38 0.681721031665802 0.704431533813477 0.743632018566132 0.739985644817352 0.730545222759247 0.716203272342682 0.715351700782776 0.703819513320923 0.682697832584381 0.681434571743011 0.676130950450897 0.548121631145477 0.347602218389511 0.406169950962067 0.446606546640396 0.195533141493797 0.116562828421593 0.104500442743301 0.0736883580684662 0.0515169985592365 0.078819751739502 0.205425053834915 0.410150229930878 0.404213458299637 0.288935899734497 0.324092864990234 0.23837810754776 0.292561709880829 0.412239879369736 0.400341093540192 0.629559218883514 0.644522726535797 0.519880414009094
-3.4e+38 -3.4e+38 -3.4e+38 -3.4e+38 -3.4e+38 -3.4e+38 -3.4e+38 -3.4e+38 -3.4e+38 -3.4e+38 -3.4e+38 -3.4e+38 -3.4e+38 -3.4e+38 -3.4e+38 0.685694336891174 0.704709827899933 0.757917404174805 0.72683984041214 0.744481980800629 0.71233731508255 0.737137734889984 0.728836357593536 0.709801495075226 0.83467561006546 0.766889452934265 0.616323053836823 0.466198801994324 0.333944648504257 0.34068688750267 0.447412371635437 0.163448974490166 0.0865500494837761 0.0757328271865845 0.0529354177415371 0.0540987215936184 0.146203055977821 0.387497395277023 0.363824635744095 0.0823172852396965 0.121039435267448 0.136084005236626 0.13336655497551 0.178065583109856 0.226456239819527 0.275036841630936 0.58395129442215 0.498286128044128 0.394029647111893
-3.4e+38 -3.4e+38 -3.4e+38 -3.4e+38 -3.4e+38 -3.4e+38 -3.4e+38 -3.4e+38 -3.4e+38 -3.4e+38 -3.4e+38 -3.4e+38 -3.4e+38 -3.4e+38 0.679240524768829 0.71719765663147 0.751389563083649 0.767220497131348 0.767774701118469 0.867738783359528 0.857760608196259 0.832323133945465 0.767759561538696 0.814072728157043 0.77722829580307 0.58731335401535 0.51799350976944 0.256821483373642 0.230659618973732 0.410348206758499 0.497627258300781 0.0794525146484375 0.0437823757529259 0.032275952398777 0.0247273463755846 0.0189791154116392 0.0164342075586319 0.178783774375916 0.174849450588226 0.0917444750666618 0.076272577047348 0.0457972064614296 0.0397332012653351 0.135084256529808 0.0567713752388954 0.0273297689855099 0.0425689555704594 0.061170469969511 0.0430864468216896
-3.4e+38 -3.4e+38 -3.4e+38 -3.4e+38 -3.4e+38 -3.4e+38 -3.4e+38 -3.4e+38 -3.4e+38 -3.4e+38 -3.4e+38 -3.4e+38 0.66005140542984 0.674523115158081 0.702294051647186 0.758908152580261 0.75696212053299 0.858529329299927 0.796682357788086 0.84871381521225 0.778021275997162 0.674346208572388 0.728744328022003 0.790108382701874 0.758923232555389 0.661377012729645 0.521836459636688 0.276119261980057 0.218637615442276 0.28943720459938 0.541397929191589 0.0368172377347946 0.0110440906137228 0.0255491994321346 0.00562350312247872 0.0054916488006711 0.00384511239826679 0.00878872908651829 0.0990766435861588 0.0824540182948112 0.0205318033695221 0.0118495458737016 0.0101698627695441 0.013798632659018 0.0100690806284547 0.00666897930204868 0.00537371169775724 0.00520524522289634 0.00563163217157125
-3.4e+38 -3.4e+38 -3.4e+38 -3.4e+38 -3.4e+38 -3.4e+38 -3.4e+38 -3.4e+38 -3.4e+38 -3.4e+38 -3.4e+38 0.64703905582428 0.670997619628906 0.707874655723572 0.771806418895721 0.767395794391632 0.790524899959564 0.844386458396912 0.675134241580963 0.834210574626923 0.67103236913681 0.750740647315979 0.840735495090485 0.734843134880066 0.785104155540466 0.757567465305328 0.634636461734772 0.427277117967606 0.306453049182892 0.311795830726624 0.509024083614349 0.0121551416814327 0.00453539146110415 0.0584499202668667 0.0205998420715332 0.0031580813229084 0.00180458498653024 0.00173952872864902 0.00169142731465399 0.00258872704580426 0.00427074730396271 0.00306581798940897 0.00510619673877954 0.00545791257172823 0.00374275050126016 0.00289514358155429 0.00291988137178123 0.00328174792230129 0.00288917822763324
-3.4e+38 -3.4e+38 -3.4e+38 -3.4e+38 -3.4e+38 -3.4e+38 -3.4e+38 -3.4e+38 -3.4e+38 -3.4e+38 0.637369334697723 0.646309435367584 0.71138322353363 0.747502744197845 0.776982665061951 0.848033845424652 0.866473019123077 0.584697484970093 0.488421887159348 0.709403216838837 0.601586997509003 0.751714825630188 0.753638207912445 0.846500158309937 0.783924460411072 0.712962746620178 0.594779849052429 0.51702481508255 0.425845563411713 0.419443011283875 0.453732281923294 0.00545675912871957 0.00162955012638122 0.0427437350153923 0.231615602970123 0.0165069121867418 0.0081018041819334 0.00250243186019361 0.001246337313205 0.00222058617509902 0.00319361081346869 0.00160764914471656 0.0022937145549804 0.0022429539822042 0.00187040434684604 0.00191432447172701 0.00240088021382689 0.00238444586284459 0.00243869912810624
-3.4e+38 -3.4e+38 -3.4e+38 -3.4e+38 -3.4e+38 -3.4e+38 -3.4e+38 -3.4e+38 -3.4e+38 0.701124012470245 0.673154473304749 0.647931814193726 0.692351639270782 0.759925723075867 0.77957671880722 0.880452513694763 0.805098176002502 0.629637122154236 0.36361700296402 0.63716995716095 0.732100427150726 0.701310276985168 0.753571748733521 0.821296989917755 0.811074137687683 0.707025229930878 0.54352593421936 0.242966055870056 0.468839049339294 0.543887972831726 0.480485677719116 0.0297420881688595 0.00376835465431213 0.0923938974738121 0.0983085408806801 0.10247266292572 0.15775939822197 0.048223115503788 0.00216730986721814 0.00745857832953334 0.0100493207573891 0.00210499856621027 0.00552027998492122 0.00362205714918673 0.0024232070427388 0.00226333760656416 0.00238225236535072 0.00251302402466536 0.00294340937398374
-3.4e+38 -3.4e+38 -3.4e+38 -3.4e+38 -3.4e+38 -3.4e+38 -3.4e+38 -3.4e+38 -3.4e+38 0.722364008426666 0.680404603481293 0.653362691402435 0.709036231040955 0.742651343345642 0.779813230037689 0.804011225700378 0.742749452590942 0.704111993312836 0.591673612594604 0.712738871574402 0.7680304646492 0.685031652450562 0.696990072727203 0.715759992599487 0.754777729511261 0.674042463302612 0.615399837493896 0.519525468349457 0.47767448425293 0.478111207485199 0.47213414311409 0.168403342366219 0.039831530302763 0.0169328413903713 0.0157179795205593 0.0195880606770515 0.111484959721565 0.287637233734131 0.0126358568668365 0.0108580756932497 0.0556747429072857 0.0138371121138334 0.0107389027252793 0.00470122275874019 0.00147075357381254 0.00236583757214248 0.00330368266440928 0.00462994212284684 0.00483491225168109
-3.4e+38 -3.4e+38 -3.4e+38 -3.4e+38 -3.4e+38 -3.4e+38 -3.4e+38 -3.4e+38 0.719537973403931 0.723608374595642 0.675601720809937 0.673514902591705 0.715914845466614 0.768970608711243 0.791013896465302 0.80885112285614 0.868477284908295 0.772449553012848 0.754563927650452 0.815223693847656 0.682372093200684 0.68542206287384 0.7303466796875 0.787173509597778 0.761930227279663 0.615541160106659 0.486825346946716 0.556471586227417 0.572505474090576 0.503149747848511 0.294991254806519 0.286004930734634 0.0582001507282257 0.0472851954400539 0.0628809258341789 0.0156895499676466 0.0675880834460258 0.300477415323257 0.0500793419778347 0.0436103120446205 0.0761217549443245 0.11529615521431 0.0476325452327728 0.00951693300157785 0.00382553739473224 0.00383324781432748 0.00991284195333719 0.00795336253941059 0.00807178113609552
-3.4e+38 -3.4e+38 -3.4e+38 -3.4e+38 -3.4e+38 -3.4e+38 -3.4e+38 -3.4e+38 -3.4e+38 0.707875847816467 0.708003878593445 0.716155886650085 0.739815473556519 0.77866119146347 0.776181101799011 0.837599158287048 0.816131711006165 0.816410720348358 0.768562853336334 0.876820147037506 0.771919965744019 0.817345499992371 0.794364929199219 0.836489796638489 0.700799643993378 0.580071687698364 0.325669229030609 0.544668972492218 0.583184659481049 0.397906988859177 0.400251716375351 0.300459176301956 0.057236060500145 0.07282455265522 0.0961344093084335 0.101097971200943 0.0168827828019857 0.0161612797528505 0.015577120706439 0.0462889596819878 0.247474014759064 0.203506201505661 0.106781616806984 0.110869795084 0.0811684131622314 0.0682030618190765 0.0333126299083233 0.0110948206856847 0.0155743975192308
0.615475058555603 -3.4e+38 -3.4e+38 -3.4e+38 -3.4e+38 -3.4e+38 -3.4e+38 -3.4e+38 -3.4e+38 0.694762766361237 0.6883784532547 0.68938410282135 0.752900838851929 0.836614489555359 0.766988515853882 0.764353930950165 0.778386533260345 0.721741020679474 0.755823731422424 0.824759423732758 0.870783865451813 0.840715765953064 0.849517226219177 0.853641629219055 0.793384611606598 0.5954709649086 0.600626885890961 0.637910783290863 0.601236164569855 0.4625164270401 0.309112519025803 0.362616032361984 0.120603300631046 0.092425748705864 0.112987108528614 0.281337678432465 0.0676246359944344 0.00736064277589321 0.00745101645588875 0.0434151589870453 0.0741620659828186 0.053056962788105 0.0669583529233932 0.0726576745510101 0.0589865185320377 0.0624319165945053 0.033768430352211 0.0209984686225653 0.0269893538206816
