data/climate_estimation/maxent_output/Lilium_callosum.asc
NCOLS 305 
NROWS 298 
XLLCORNER 110.416666666667 
YLLCORNER 24.25 
CELLSIZE 0.0833333333333333 
NODATA_value -3.4e+38 
[rows 220 to 241 of 298, columns 0 to 49 of 305]
0.660860776901245 0.649672329425812 0.638313949108124 0.631586492061615 0.647197246551514 0.666174948215485 0.666333198547363 0.716916561126709 0.774542570114136 0.812709450721741 0.833857834339142 0.838832795619965 0.800739884376526 0.774322986602783 0.747125089168549 0.711612105369568 0.695206642150879 0.64897209405899 0.618928074836731 0.58394068479538 0.554137051105499 0.545135498046875 0.53046065568924 0.521996915340424 0.499526888132095 0.4753677546978 0.482454031705856 0.465979486703873 0.476068466901779 0.479829639196396 0.483639985322952 0.486672133207321 0.48888435959816 0.50073367357254 0.500556588172913 0.510234475135803 0.545185565948486 0.569252550601959 0.59381890296936 0.639065325260162 0.621078610420227 0.670572519302368 0.710324048995972 0.758249163627625 0.799608945846558 0.836983442306519 0.866015493869781 0.877908706665039 0.896771550178528 0.899398505687714
0.636004269123077 0.624923646450043 0.645037651062012 0.668079435825348 0.654503881931305 0.646180212497711 0.674906492233276 0.725385308265686 0.76493638753891 0.776433765888214 0.809073150157928 0.798371374607086 0.795355618000031 0.748767554759979 0.734164595603943 0.704152762889862 0.652847528457642 0.609654784202576 0.597237646579742 0.565012872219086 0.558636486530304 0.521610379219055 0.493822485208511 0.479110538959503 0.476066738367081 0.472051471471786 0.4620281457901 0.459074318408966 0.442713141441345 0.456707537174225 0.457658916711807 0.46399199962616 0.469908118247986 0.475505203008652 0.515110731124878 0.530215382575989 0.551682829856873 0.601452589035034 0.622136235237122 0.622547268867493 0.648851454257965 0.699804544448853 0.731204986572266 0.793437838554382 0.812857925891876 0.859275996685028 0.884508788585663 0.89740663766861 0.909860670566559 0.913171052932739
0.618017315864563 0.635019361972809 0.667661964893341 0.653918921947479 0.64879322052002 0.672597885131836 0.673878252506256 0.71275383234024 0.741977274417877 0.759364902973175 0.771516621112823 0.784820854663849 0.758586943149567 0.726020276546478 0.694058239459991 0.676658451557159 0.639622926712036 0.596499741077423 0.565533339977264 0.53064751625061 0.507873177528381 0.500629782676697 0.465083301067352 0.463664352893829 0.45074674487114 0.428575575351715 0.426513940095901 0.441468596458435 0.442598551511765 0.425042569637299 0.436651051044464 0.434621304273605 0.45016473531723 0.489017456769943 0.511247575283051 0.558959782123566 0.577664792537689 0.606306374073029 0.599236965179443 0.657691299915314 0.675020754337311 0.705578565597534 0.760574519634247 0.794153034687042 0.848444521427155 0.873686492443085 0.901471257209778 0.910614788532257 0.913519620895386 0.922078311443329
0.64862847328186 0.636421620845795 0.651608467102051 0.646235764026642 0.65736198425293 0.655608892440796 0.666085064411163 0.69731205701828 0.723526418209076 0.729101419448853 0.753952503204346 0.746976137161255 0.727170050144196 0.695077478885651 0.657240986824036 0.619260549545288 0.59293806552887 0.577348589897156 0.542102217674255 0.509384214878082 0.49912217259407 0.464435964822769 0.442281186580658 0.439772963523865 0.414799869060516 0.421500027179718 0.427230924367905 0.414475351572037 0.420490115880966 0.415266096591949 0.437986552715302 0.453192681074142 0.477309584617615 0.493321031332016 0.538907468318939 0.559965193271637 0.581208169460297 0.627395629882812 0.607722818851471 0.656902849674225 0.706204771995544 0.730017125606537 0.774704813957214 0.825455605983734 0.861068308353424 0.888246178627014 0.911640465259552 0.918462693691254 0.924492239952087 0.930387437343597
0.653541445732117 0.647126793861389 0.63994175195694 0.646067202091217 0.662229478359222 0.659685552120209 0.69846510887146 0.685023248195648 0.692132949829102 0.719530582427979 0.706470489501953 0.703341007232666 0.688024699687958 0.664686977863312 0.631548881530762 0.594286978244781 0.55609792470932 0.544035613536835 0.521480619907379 0.48851802945137 0.476619869470596 0.438520044088364 0.427107214927673 0.432430565357208 0.411464422941208 0.422116875648499 0.407859742641449 0.413388311862946 0.439406156539917 0.446951270103455 0.459230571985245 0.475310683250427 0.493754774332047 0.511673510074615 0.564818322658539 0.589282751083374 0.608182013034821 0.656479179859161 0.634962379932404 0.676328003406525 0.700112760066986 0.750978112220764 0.794220328330994 0.833798050880432 0.85500156879425 0.880919933319092 0.909149527549744 0.914206087589264 0.915840744972229 0.92575603723526
0.662860631942749 0.669356048107147 0.672247290611267 0.65237295627594 0.647817313671112 0.653343975543976 0.654530107975006 0.676146149635315 0.651835560798645 0.68210780620575 0.698654890060425 0.678257524967194 0.63985687494278 0.628468096256256 0.609394609928131 0.59045284986496 0.555276155471802 0.516493141651154 0.484097540378571 0.467547506093979 0.442121893167496 0.451801151037216 0.447617322206497 0.432738214731216 0.410194605588913 0.420940011739731 0.434626430273056 0.438366562128067 0.426906645298004 0.450516134500504 0.491676807403564 0.507004797458649 0.521443843841553 0.537726283073425 0.583747565746307 0.611872375011444 0.635626435279846 0.633477568626404 0.654505848884583 0.699846565723419 0.721397757530212 0.770128488540649 0.807247817516327 0.846046030521393 0.859928369522095 0.893178641796112 0.901293575763702 0.919341385364532 0.926185131072998 0.926330924034119
0.672742128372192 0.653823137283325 0.668367981910706 0.655665159225464 0.662736773490906 0.657930016517639 0.655841767787933 0.674456238746643 0.665982604026794 0.665525317192078 0.671326339244843 0.666950404644012 0.658233404159546 0.611306846141815 0.592747211456299 0.56605738401413 0.530779778957367 0.49403914809227 0.480332314968109 0.483617186546326 0.468290477991104 0.482300668954849 0.447739243507385 0.450558632612228 0.465129673480988 0.447577208280563 0.438610792160034 0.452068954706192 0.463948130607605 0.485479891300201 0.497515201568604 0.533304452896118 0.550648152828217 0.568272948265076 0.608897745609283 0.626903831958771 0.613792061805725 0.649264276027679 0.677464365959167 0.721583366394043 0.74304324388504 0.782918751239777 0.820883452892303 0.834174871444702 0.868378281593323 0.877423882484436 0.907487213611603 0.91210925579071 0.91727089881897 0.922801673412323
0.664520859718323 0.654259264469147 0.665035784244537 0.663199663162231 0.663482427597046 0.666563391685486 0.64058130979538 0.655385851860046 0.66512393951416 0.65950208902359 0.640228688716888 0.633007228374481 0.615952372550964 0.598027586936951 0.547269523143768 0.541686594486237 0.529833555221558 0.505276262760162 0.508131265640259 0.485494554042816 0.490715801715851 0.474082618951797 0.482329159975052 0.456409007310867 0.467808157205582 0.475872755050659 0.473189353942871 0.475534379482269 0.484850347042084 0.498751640319824 0.523454308509827 0.560846269130707 0.575074017047882 0.588855564594269 0.607894539833069 0.621747434139252 0.68231612443924 0.65659499168396 0.699753701686859 0.740115940570831 0.754190623760223 0.80476975440979 0.815440833568573 0.848489105701447 0.88093239068985 0.885619223117828 0.902750372886658 0.923551559448242 0.925524353981018 0.927925705909729
0.670096695423126 0.66889899969101 0.670280933380127 0.658445775508881 0.675468504428864 0.659398257732391 0.641116857528687 0.643120348453522 0.636283755302429 0.629669368267059 0.616507709026337 0.623777270317078 0.610857784748077 0.56058132648468 0.54500013589859 0.535491943359375 0.529524922370911 0.504334032535553 0.508901238441467 0.485883682966232 0.48892268538475 0.502484023571014 0.501278936862946 0.50510174036026 0.494337171316147 0.501239418983459 0.508353888988495 0.507371842861176 0.512765288352966 0.524029970169067 0.546115517616272 0.557769954204559 0.600020945072174 0.618960678577423 0.636232078075409 0.676932394504547 0.652383267879486 0.675847053527832 0.714181780815125 0.760700166225433 0.781617224216461 0.815571844577789 0.827434062957764 0.862348616123199 0.887082755565643 0.899906635284424 0.904812872409821 0.910663664340973 0.931565165519714 0.922199904918671
0.681212365627289 0.687796175479889 0.667265832424164 0.666094183921814 0.649245023727417 0.651417136192322 0.641182482242584 0.626514136791229 0.623365223407745 0.619121968746185 0.607583522796631 0.600898385047913 0.564813792705536 0.562371373176575 0.534705340862274 0.534293293952942 0.513323187828064 0.52351450920105 0.504094779491425 0.505200028419495 0.514771461486816 0.499935954809189 0.503214776515961 0.508858680725098 0.497289896011353 0.506832003593445 0.511547684669495 0.532381057739258 0.53993809223175 0.55540543794632 0.5826655626297 0.592350006103516 0.602412462234497 0.641531407833099 0.653188049793243 0.696431875228882 0.665726363658905 0.680205762386322 0.740395486354828 0.755263566970825 0.790531635284424 0.829892694950104 0.84344345331192 0.87319004535675 0.880720257759094 0.900313377380371 0.912941813468933 0.915943741798401 0.92118227481842 0.927658915519714
0.676036596298218 0.677142560482025 0.672755241394043 0.669352531433105 0.667936325073242 0.645645439624786 0.635713696479797 0.628960609436035 0.630604028701782 0.621971130371094 0.593593060970306 0.590695202350616 0.591325998306274 0.563484072685242 0.559686839580536 0.538030445575714 0.549259841442108 0.53091686964035 0.528453588485718 0.530304133892059 0.510069072246552 0.522038459777832 0.527493059635162 0.535441160202026 0.519923031330109 0.527007400989532 0.538423538208008 0.557956099510193 0.56950455904007 0.577635407447815 0.60019987821579 0.613894641399384 0.631555438041687 0.670279920101166 0.677040159702301 0.723955571651459 0.690046668052673 0.707018911838531 0.745778322219849 0.757784605026245 0.800049364566803 0.812887847423553 0.858333170413971 0.883573293685913 0.891415953636169 0.901662170886993 0.91951721906662 0.926724374294281 0.932295024394989 0.936486899852753
0.701096773147583 0.698970913887024 0.692897379398346 0.685551226139069 0.684870779514313 0.678131818771362 0.648231863975525 0.630402326583862 0.638523459434509 0.622562408447266 0.617597341537476 0.590906977653503 0.588118493556976 0.557910740375519 0.558013200759888 0.557873845100403 0.534038424491882 0.543862521648407 0.523196935653687 0.527048110961914 0.533171236515045 0.551083207130432 0.523049414157867 0.529158651828766 0.551076292991638 0.556353807449341 0.563355386257172 0.585240840911865 0.595113337039948 0.605433821678162 0.624256908893585 0.638164222240448 0.648905575275421 0.687170088291168 0.70184063911438 0.715523242950439 0.7038694024086 0.718910574913025 0.764392495155334 0.778281509876251 0.812930405139923 0.849914312362671 0.86908495426178 0.894840121269226 0.895647168159485 0.923815310001373 0.918168425559998 0.932895004749298 0.938299655914307 0.93804931640625
0.748312294483185 0.716461420059204 0.687219560146332 0.695773422718048 0.692483007907867 0.690698981285095 0.674200356006622 0.644192934036255 0.652127206325531 0.627465188503265 0.619345963001251 0.611494779586792 0.581640243530273 0.579709112644196 0.572312235832214 0.551752984523773 0.553835153579712 0.535970568656921 0.543299913406372 0.549177229404449 0.554273068904877 0.540051579475403 0.548994839191437 0.55756950378418 0.576171696186066 0.580244600772858 0.590699434280396 0.611496269702911 0.621601402759552 0.643848896026611 0.64866977930069 0.663500666618347 0.701472043991089 0.709212720394135 0.717878580093384 0.686334013938904 0.695851743221283 0.740873217582703 0.77845561504364 0.798727452754974 0.829671680927277 0.861605644226074 0.874970555305481 0.903610467910767 0.92114269733429 0.923231601715088 0.931246638298035 0.942837655544281 0.942297875881195 0.943232476711273
0.780409574508667 0.775345623493195 0.724327087402344 0.716524124145508 0.718985676765442 0.714982688426971 0.698789596557617 0.669068098068237 0.664332330226898 0.636489570140839 0.625565350055695 0.622402906417847 0.599319636821747 0.570905148983002 0.573286652565002 0.574788451194763 0.551224231719971 0.561491250991821 0.564840257167816 0.542461037635803 0.547297716140747 0.567204177379608 0.573363959789276 0.576627016067505 0.596425950527191 0.60306990146637 0.611176908016205 0.636831939220428 0.640765905380249 0.66623330116272 0.674943745136261 0.689698457717896 0.693859398365021 0.725888967514038 0.739185035228729 0.7067631483078 0.744194388389587 0.755882382392883 0.794899582862854 0.805503070354462 0.844791769981384 0.876234591007233 0.8995041847229 0.905190944671631 0.917639911174774 0.931441605091095 0.940441727638245 0.94786012172699 0.945103824138641 0.944997012615204
0.77432119846344 0.793656468391418 0.768541157245636 0.753092885017395 0.730364561080933 0.717594683170319 0.688745141029358 0.688723862171173 0.663140714168549 0.653620064258575 0.621019244194031 0.612479388713837 0.598104417324066 0.596441447734833 0.593867003917694 0.565083265304565 0.577700793743134 0.578964591026306 0.55723249912262 0.560714066028595 0.564653098583221 0.585281729698181 0.586305141448975 0.59561288356781 0.620930850505829 0.617564916610718 0.639057099819183 0.652933955192566 0.664464592933655 0.692611217498779 0.697046339511871 0.709872424602509 0.713504791259766 0.730093002319336 0.752623379230499 0.773696303367615 0.744982600212097 0.768874406814575 0.800226092338562 0.828098773956299 0.859415590763092 0.881776452064514 0.896224975585938 0.902929842472076 0.925122082233429 0.941695809364319 0.942700386047363 0.941361129283905 0.951630175113678 0.940958440303802
0.812323153018951 0.790317177772522 0.779367566108704 0.774592161178589 0.750527799129486 0.735606849193573 0.722271025180817 0.693342864513397 0.666999697685242 0.677804470062256 0.656195402145386 0.637770175933838 0.605536580085754 0.586072325706482 0.580444276332855 0.584693551063538 0.599835097789764 0.570329070091248 0.574532568454742 0.582675337791443 0.585386157035828 0.599262475967407 0.607892692089081 0.622170150279999 0.623872518539429 0.619218468666077 0.655690431594849 0.675058603286743 0.69085967540741 0.695405066013336 0.747653782367706 0.754729270935059 0.744190454483032 0.745805323123932 0.754737794399261 0.757703483104706 0.751109778881073 0.781554818153381 0.822721242904663 0.852172076702118 0.869621157646179 0.880440413951874 0.895848512649536 0.91323846578598 0.934912264347076 0.943141639232635 0.943478941917419 0.940674066543579 0.94133996963501 0.939000487327576
0.800792694091797 0.810919106006622 0.803709805011749 0.775472462177277 0.74940037727356 0.739945828914642 0.734195232391357 0.698286652565002 0.691583156585693 0.675006866455078 0.665242731571198 0.655645966529846 0.607412815093994 0.604964971542358 0.601037561893463 0.598954021930695 0.591845273971558 0.586210906505585 0.59251743555069 0.601554572582245 0.608242928981781 0.61727386713028 0.603739976882935 0.635804414749146 0.648531794548035 0.637637615203857 0.675162315368652 0.682759821414948 0.705270230770111 0.713304877281189 0.768024921417236 0.772782027721405 0.748985588550568 0.755379140377045 0.76918637752533 0.752143502235413 0.766694784164429 0.805814027786255 0.840279340744019 0.850232779979706 0.865998268127441 0.878812849521637 0.91447913646698 0.92156970500946 0.934140980243683 0.94668048620224 0.934993028640747 0.921877562999725 0.931140661239624 0.931305766105652
0.823852002620697 0.823730945587158 0.824177205562592 0.804779648780823 0.785426914691925 0.763655126094818 0.757717728614807 0.721108913421631 0.68509840965271 0.676480531692505 0.659036934375763 0.637331306934357 0.616085112094879 0.621272563934326 0.599542558193207 0.602299392223358 0.611655652523041 0.588027775287628 0.584436595439911 0.593171060085297 0.589967846870422 0.634594619274139 0.628056049346924 0.653646409511566 0.642811834812164 0.652026891708374 0.689048945903778 0.701340079307556 0.712439298629761 0.734520494937897 0.767141044139862 0.761383771896362 0.762411415576935 0.764652609825134 0.729195833206177 0.763812184333801 0.788126349449158 0.811604261398315 0.830060184001923 0.851099669933319 0.878156006336212 0.889552116394043 0.916711390018463 0.934927582740784 0.937547862529755 0.93674635887146 0.937695860862732 0.935009121894836 0.930791199207306 0.930505692958832
0.873722970485687 0.857235670089722 0.833047032356262 0.828467130661011 0.77802973985672 0.776836156845093 0.77464759349823 0.728709638118744 0.694029271602631 0.69386488199234 0.653883516788483 0.657964885234833 0.628232359886169 0.620658218860626 0.620449066162109 0.637908339500427 0.631452918052673 0.608420789241791 0.612528681755066 0.611111700534821 0.611432254314423 0.57804137468338 0.580326318740845 0.582013547420502 0.65459007024765 0.641636610031128 0.652409493923187 0.666184186935425 0.680665612220764 0.691467583179474 0.704765021800995 0.710866093635559 0.716774702072144 0.724506855010986 0.755110025405884 0.767969310283661 0.793634474277496 0.820140898227692 0.846788167953491 0.853376030921936 0.891821563243866 0.901108741760254 0.91914427280426 0.925747692584991 0.927019834518433 0.928706645965576 0.937714576721191 0.945119559764862 0.953424096107483 0.949159562587738
0.890474379062653 0.867349088191986 0.846089661121368 0.826228201389313 0.801565587520599 0.789072155952454 0.762579679489136 0.739258766174316 0.723324835300446 0.708531200885773 0.670695066452026 0.668530285358429 0.651611506938934 0.639473855495453 0.643975436687469 0.624861419200897 0.567426562309265 0.623834788799286 0.566307961940765 0.580055952072144 0.581779778003693 0.589837849140167 0.60099333524704 0.600323677062988 0.613914251327515 0.653803467750549 0.670063197612762 0.67823725938797 0.689050316810608 0.704135894775391 0.711346745491028 0.720037162303925 0.729808270931244 0.760978758335114 0.772179126739502 0.779677033424377 0.788518786430359 0.824801623821259 0.83955317735672 0.857231676578522 0.884776592254639 0.907497584819794 0.919826567173004 0.93909752368927 0.928955495357513 0.936968564987183 0.948035717010498 0.953829944133759 0.958690702915192 0.958348214626312
0.862310290336609 0.856554388999939 0.830288052558899 0.838731527328491 0.807525217533112 0.807953238487244 0.779560744762421 0.768647313117981 0.742245972156525 0.704877078533173 0.696241974830627 0.654914140701294 0.673322081565857 0.6489417552948 0.667132437229156 0.593080878257751 0.586952269077301 0.590860545635223 0.589873254299164 0.589384734630585 0.591001212596893 0.592166721820831 0.613322854042053 0.624913334846497 0.630342245101929 0.641267418861389 0.674399554729462 0.685803115367889 0.696440100669861 0.704657137393951 0.70687872171402 0.75328803062439 0.753288209438324 0.76839953660965 0.77373731136322 0.783394396305084 0.796801805496216 0.843119442462921 0.8536137342453 0.880922913551331 0.891576886177063 0.890987873077393 0.924402952194214 0.930523157119751 0.942172825336456 0.950297296047211 0.954655706882477 0.952874958515167 0.959864854812622 0.956769526004791
0.845599830150604 0.864655613899231 0.844526171684265 0.839471340179443 0.819732785224915 0.810886204242706 0.78285413980484 0.780910015106201 0.735562980175018 0.734724760055542 0.696671068668365 0.681524038314819 0.682189643383026 0.671508193016052 0.593302547931671 0.620496928691864 0.607023000717163 0.603201806545258 0.61027979850769 0.614454627037048 0.611374378204346 0.61123251914978 0.62278550863266 0.628958642482758 0.637929916381836 0.65895664691925 0.664293706417084 0.692422449588776 0.702359318733215 0.708885550498962 0.724470198154449 0.752853393554688 0.760152041912079 0.7652867436409 0.777741491794586 0.797902941703796 0.812111616134644 0.853420615196228 0.852298080921173 0.857971429824829 0.885061502456665 0.892578303813934 0.921125471591949 0.93233585357666 0.936194181442261 0.948427736759186 0.951560735702515 0.944363713264465 0.943319737911224 0.957980990409851
