data/climate_estimation/maxent_output/Lilium_longiflorum.asc
NCOLS 419 
NROWS 537 
XLLCORNER 106 
YLLCORNER -7.66666666666667 
CELLSIZE 0.0833333333333333 
NODATA_value -3.4e+38 
[rows 416 to 441 of 537, columns 118 to 176 of 419]
0.763262510299683 0.773249804973602 0.723194420337677 0.70345550775528 0.665263175964355 0.663285493850708 0.620362102985382 0.606380343437195 0.551181733608246 0.515411019325256 0.473590284585953 0.446066230535507 0.405274480581284 0.368889153003693 0.332562148571014 0.299158543348312 0.261367231607437 0.235521882772446 0.204130008816719 0.186526134610176 0.173819810152054 0.165034145116806 0.166707247495651 0.161883413791656 0.157702505588531 0.153757452964783 0.147691622376442 -3.4e+38 0.140570536255836 -3.4e+38 -3.4e+38 -3.4e+38 -3.4e+38 -3.4e+38 -3.4e+38 -3.4e+38 -3.4e+38 -3.4e+38 -3.4e+38 -3.4e+38 -3.4e+38 -3.4e+38 -3.4e+38 -3.4e+38 -3.4e+38 -3.4e+38 -3.4e+38 -3.4e+38 -3.4e+38 -3.4e+38 -3.4e+38 -3.4e+38 -3.4e+38 -3.4e+38 -3.4e+38 -3.4e+38 -3.4e+38 -3.4e+38 -3.4e+38
0.760038077831268 0.852505087852478 0.742057383060455 0.694669663906097 0.649535655975342 0.739110708236694 0.68078351020813 0.588386058807373 0.548050343990326 0.511940956115723 0.477521181106567 0.447884678840637 0.40378674864769 0.3592529296875 0.323926448822021 0.287608861923218 0.246891289949417 0.212546497583389 0.183565735816956 0.163914367556572 0.151755169034004 0.144248738884926 0.142715081572533 0.144924983382225 0.14022059738636 0.141766935586929 0.137782528996468 0.134521752595901 -3.4e+38 -3.4e+38 -3.4e+38 -3.4e+38 0.120115764439106 0.11320274323225 -3.4e+38 -3.4e+38 -3.4e+38 -3.4e+38 -3.4e+38 -3.4e+38 -3.4e+38 -3.4e+38 -3.4e+38 -3.4e+38 -3.4e+38 -3.4e+38 -3.4e+38 -3.4e+38 -3.4e+38 -3.4e+38 -3.4e+38 -3.4e+38 -3.4e+38 -3.4e+38 -3.4e+38 -3.4e+38 -3.4e+38 -3.4e+38 -3.4e+38
0.731354475021362 0.780746221542358 0.77298766374588 0.807319164276123 0.675283133983612 0.733721137046814 0.627645075321198 0.586870789527893 0.558596014976501 0.524469375610352 0.490254461765289 0.454591244459152 0.404943943023682 0.360602766275406 0.323977082967758 0.274683594703674 0.237174719572067 0.200319319963455 0.162437319755554 0.137275665998459 0.12964640557766 0.126438960433006 0.126859024167061 0.127979025244713 0.12704049050808 0.128628447651863 0.1291424036026 -3.4e+38 -3.4e+38 -3.4e+38 -3.4e+38 -3.4e+38 0.110782667994499 0.110426224768162 -3.4e+38 -3.4e+38 -3.4e+38 -3.4e+38 -3.4e+38 -3.4e+38 -3.4e+38 -3.4e+38 -3.4e+38 -3.4e+38 -3.4e+38 -3.4e+38 -3.4e+38 -3.4e+38 -3.4e+38 -3.4e+38 -3.4e+38 -3.4e+38 -3.4e+38 -3.4e+38 -3.4e+38 -3.4e+38 -3.4e+38 -3.4e+38 -3.4e+38
0.72047483921051 0.703957140445709 0.784308910369873 0.798363626003265 0.654394805431366 0.668070018291473 0.596445918083191 0.585462629795074 0.569038510322571 0.546176850795746 0.503102898597717 0.47157484292984 0.413847088813782 0.369645684957504 0.335791796445847 0.276648044586182 0.231836318969727 0.190579622983932 0.150760754942894 0.122605487704277 0.116384871304035 0.119271047413349 0.118566058576107 0.118537120521069 0.116152413189411 0.116715796291828 -3.4e+38 -3.4e+38 -3.4e+38 0.110828571021557 -3.4e+38 0.109567560255527 0.105840273201466 -3.4e+38 0.102846540510654 -3.4e+38 -3.4e+38 -3.4e+38 -3.4e+38 -3.4e+38 -3.4e+38 -3.4e+38 -3.4e+38 -3.4e+38 -3.4e+38 -3.4e+38 -3.4e+38 -3.4e+38 -3.4e+38 -3.4e+38 -3.4e+38 -3.4e+38 -3.4e+38 -3.4e+38 -3.4e+38 -3.4e+38 -3.4e+38 -3.4e+38 -3.4e+38
0.704455971717834 0.682218372821808 0.68318772315979 0.661579847335815 0.719021677970886 0.615679562091827 0.604918122291565 0.591410100460052 0.571074306964874 0.540939807891846 0.501998662948608 0.469938635826111 0.423571318387985 0.370740830898285 0.323511213064194 0.277152895927429 0.234552145004272 0.192575260996819 0.154745399951935 0.129841536283493 0.120432585477829 0.116669982671738 0.11396236717701 0.112393885850906 0.111505910754204 -3.4e+38 -3.4e+38 -3.4e+38 -3.4e+38 -3.4e+38 -3.4e+38 -3.4e+38 -3.4e+38 -3.4e+38 -3.4e+38 -3.4e+38 -3.4e+38 -3.4e+38 -3.4e+38 -3.4e+38 -3.4e+38 -3.4e+38 -3.4e+38 -3.4e+38 -3.4e+38 -3.4e+38 -3.4e+38 -3.4e+38 -3.4e+38 -3.4e+38 -3.4e+38 -3.4e+38 -3.4e+38 -3.4e+38 -3.4e+38 -3.4e+38 -3.4e+38 -3.4e+38 -3.4e+38
0.732633054256439 0.726991415023804 0.666303098201752 0.647803843021393 0.710215985774994 0.616718113422394 0.590855419635773 0.583771944046021 0.571525037288666 0.560222148895264 0.524925947189331 0.480528682470322 0.436801970005035 0.387689769268036 0.32945528626442 0.28448086977005 0.242671802639961 0.203200131654739 0.169499397277832 0.145769849419594 0.169644996523857 0.126994743943214 0.116457186639309 0.10936626046896 0.105868950486183 -3.4e+38 -3.4e+38 -3.4e+38 -3.4e+38 -3.4e+38 -3.4e+38 -3.4e+38 -3.4e+38 -3.4e+38 -3.4e+38 0.0965644121170044 -3.4e+38 -3.4e+38 -3.4e+38 -3.4e+38 -3.4e+38 -3.4e+38 -3.4e+38 -3.4e+38 -3.4e+38 -3.4e+38 -3.4e+38 -3.4e+38 -3.4e+38 -3.4e+38 -3.4e+38 -3.4e+38 -3.4e+38 -3.4e+38 -3.4e+38 -3.4e+38 -3.4e+38 -3.4e+38 -3.4e+38
0.702648162841797 0.68213939666748 0.673176288604736 0.760189592838287 0.732664525508881 0.60684859752655 0.578371226787567 0.567664623260498 0.568543076515198 0.562041342258453 0.530307829380035 0.497978925704956 0.444464713335037 0.394828259944916 0.345629334449768 0.29915452003479 0.251459062099457 0.218043610453606 0.229916766285896 0.17414353787899 0.191808074712753 0.136308312416077 0.121994189918041 0.109957993030548 0.103799112141132 -3.4e+38 -3.4e+38 -3.4e+38 -3.4e+38 -3.4e+38 -3.4e+38 -3.4e+38 -3.4e+38 -3.4e+38 -3.4e+38 -3.4e+38 -3.4e+38 -3.4e+38 -3.4e+38 -3.4e+38 -3.4e+38 -3.4e+38 -3.4e+38 -3.4e+38 -3.4e+38 -3.4e+38 -3.4e+38 -3.4e+38 -3.4e+38 -3.4e+38 -3.4e+38 -3.4e+38 -3.4e+38 -3.4e+38 -3.4e+38 -3.4e+38 -3.4e+38 -3.4e+38 -3.4e+38
0.685325443744659 0.68013459444046 0.662555158138275 0.717291295528412 0.69524085521698 0.626869320869446 0.650918543338776 0.567908465862274 0.5563845038414 0.539862811565399 0.523636400699615 0.498890787363052 0.456566840410233 0.40114638209343 0.349154561758041 0.304984897375107 0.256512403488159 0.232707962393761 0.254289299249649 0.201416805386543 0.167858392000198 0.137557342648506 0.117276303470135 0.108700826764107 0.100788295269012 0.0948199778795242 0.0916786789894104 -3.4e+38 -3.4e+38 -3.4e+38 -3.4e+38 -3.4e+38 -3.4e+38 -3.4e+38 -3.4e+38 -3.4e+38 -3.4e+38 0.0927337855100632 -3.4e+38 -3.4e+38 -3.4e+38 -3.4e+38 -3.4e+38 -3.4e+38 -3.4e+38 -3.4e+38 -3.4e+38 -3.4e+38 -3.4e+38 -3.4e+38 -3.4e+38 -3.4e+38 -3.4e+38 -3.4e+38 -3.4e+38 -3.4e+38 -3.4e+38 -3.4e+38 -3.4e+38
0.708617448806763 0.724587321281433 0.676999151706696 0.723709762096405 0.620493054389954 0.595972716808319 0.641817450523376 0.624124109745026 0.583807468414307 0.542538523674011 0.526558995246887 0.492530137300491 0.453725606203079 0.405436098575592 0.354258984327316 0.308061838150024 0.263952493667603 0.244755387306213 0.219219624996185 0.217620268464088 0.160580858588219 0.136439487338066 0.143276497721672 0.109497964382172 0.0999505594372749 0.0942420139908791 0.0895277708768845 0.0861198306083679 -3.4e+38 -3.4e+38 -3.4e+38 -3.4e+38 -3.4e+38 -3.4e+38 -3.4e+38 -3.4e+38 -3.4e+38 -3.4e+38 -3.4e+38 -3.4e+38 -3.4e+38 -3.4e+38 -3.4e+38 -3.4e+38 -3.4e+38 -3.4e+38 -3.4e+38 -3.4e+38 -3.4e+38 -3.4e+38 -3.4e+38 -3.4e+38 -3.4e+38 -3.4e+38 -3.4e+38 -3.4e+38 -3.4e+38 -3.4e+38 -3.4e+38
0.695288002490997 0.680416703224182 0.744533002376556 0.684492290019989 0.623742520809174 0.588840663433075 0.575208842754364 0.550414144992828 0.60529750585556 0.530447661876678 0.507552325725555 0.476666241884232 0.437535107135773 0.402306020259857 0.349569529294968 0.306964874267578 0.264585316181183 0.229917928576469 0.212404280900955 0.193963408470154 0.16044819355011 0.139318525791168 0.138786867260933 0.137637972831726 0.104201786220074 0.0916653499007225 0.086300402879715 0.0817760452628136 0.0792869329452515 -3.4e+38 -3.4e+38 -3.4e+38 -3.4e+38 -3.4e+38 -3.4e+38 -3.4e+38 -3.4e+38 -3.4e+38 -3.4e+38 -3.4e+38 -3.4e+38 -3.4e+38 -3.4e+38 -3.4e+38 -3.4e+38 -3.4e+38 -3.4e+38 -3.4e+38 -3.4e+38 -3.4e+38 -3.4e+38 -3.4e+38 -3.4e+38 -3.4e+38 -3.4e+38 -3.4e+38 -3.4e+38 -3.4e+38 -3.4e+38
0.681775689125061 0.772217154502869 0.777811288833618 0.661980032920837 0.63304203748703 0.580598115921021 0.562665045261383 0.543740332126617 0.522053062915802 0.512821018695831 0.505550920963287 0.468308568000793 0.41018334031105 0.38163548707962 0.340699464082718 0.300572335720062 0.26195901632309 0.227704882621765 0.209386467933655 0.181632563471794 0.161521106958389 0.132281184196472 0.129692047834396 0.118662506341934 0.106451593339443 0.0984867587685585 0.0878338143229485 0.0801215916872025 0.0748593658208847 0.0728547871112823 0.0705795139074326 -3.4e+38 -3.4e+38 -3.4e+38 -3.4e+38 -3.4e+38 -3.4e+38 -3.4e+38 -3.4e+38 -3.4e+38 -3.4e+38 -3.4e+38 -3.4e+38 -3.4e+38 -3.4e+38 -3.4e+38 -3.4e+38 -3.4e+38 -3.4e+38 -3.4e+38 -3.4e+38 -3.4e+38 -3.4e+38 -3.4e+38 -3.4e+38 -3.4e+38 -3.4e+38 -3.4e+38 -3.4e+38
0.741395890712738 0.728097796440125 0.697245657444 0.686836898326874 0.595096111297607 0.570797979831696 0.555095374584198 0.524846196174622 0.515712678432465 0.493168771266937 0.499239593744278 0.461104452610016 0.412541419267654 0.369963079690933 0.330144107341766 0.28813511133194 0.252392768859863 0.219750300049782 0.199606671929359 0.170794755220413 0.147567644715309 0.125269129872322 0.111410483717918 0.0997680649161339 0.0943509787321091 0.0943032428622246 0.0872724875807762 0.0787110403180122 0.0734080970287323 0.0709175691008568 0.0705867782235146 0.0708261281251907 -3.4e+38 -3.4e+38 -3.4e+38 -3.4e+38 -3.4e+38 -3.4e+38 -3.4e+38 -3.4e+38 -3.4e+38 -3.4e+38 -3.4e+38 -3.4e+38 -3.4e+38 -3.4e+38 -3.4e+38 -3.4e+38 -3.4e+38 -3.4e+38 -3.4e+38 -3.4e+38 -3.4e+38 -3.4e+38 -3.4e+38 -3.4e+38 -3.4e+38 -3.4e+38 -3.4e+38
0.741418123245239 0.69729882478714 0.652538359165192 0.65344774723053 0.57894104719162 0.574239492416382 0.531354546546936 0.519187390804291 0.510926425457001 0.501682579517365 0.474914729595184 0.432901918888092 0.394719243049622 0.353784769773483 0.317882090806961 0.277074217796326 0.243033692240715 0.222314104437828 0.186374291777611 0.165194734930992 0.139763817191124 0.116717226803303 0.103785701096058 0.0987649112939835 0.0991645082831383 0.0902089178562164 0.08214271068573 0.0762516707181931 0.0727154314517975 0.069746196269989 0.0688044652342796 0.0682612508535385 0.0703545138239861 0.0717196092009544 -3.4e+38 -3.4e+38 -3.4e+38 -3.4e+38 -3.4e+38 -3.4e+38 -3.4e+38 -3.4e+38 -3.4e+38 -3.4e+38 -3.4e+38 -3.4e+38 -3.4e+38 -3.4e+38 -3.4e+38 -3.4e+38 -3.4e+38 -3.4e+38 -3.4e+38 -3.4e+38 -3.4e+38 -3.4e+38 -3.4e+38 -3.4e+38 -3.4e+38
0.693412125110626 0.637891948223114 0.63260293006897 0.689478158950806 0.589360892772675 0.52813845872879 0.510393917560577 0.485962122678757 0.482199102640152 0.460314780473709 0.438024580478668 0.403022885322571 0.363970726728439 0.333375453948975 0.297253787517548 0.262372761964798 0.235764101147652 0.209594637155533 0.194001272320747 0.191689655184746 0.13651630282402 0.11463139206171 0.100029975175858 0.0911346077919006 0.0930643603205681 0.083381362259388 0.0742595195770264 0.0736893340945244 0.0726951882243156 0.070175364613533 0.0712753087282181 0.0721911042928696 0.0699017718434334 0.0726403445005417 0.0731534361839294 -3.4e+38 -3.4e+38 -3.4e+38 -3.4e+38 -3.4e+38 -3.4e+38 -3.4e+38 -3.4e+38 -3.4e+38 -3.4e+38 -3.4e+38 -3.4e+38 -3.4e+38 -3.4e+38 -3.4e+38 -3.4e+38 -3.4e+38 -3.4e+38 -3.4e+38 -3.4e+38 -3.4e+38 -3.4e+38 -3.4e+38 -3.4e+38
0.621508181095123 0.591778993606567 0.684382498264313 0.661073386669159 0.653743326663971 0.510715067386627 0.475803852081299 0.454801946878433 0.448495447635651 0.42557355761528 0.398537188768387 0.369998425245285 0.338569313287735 0.30337518453598 0.273724645376205 0.243494018912315 0.220886036753654 0.194002360105515 0.181920155882835 0.148023501038551 0.126909494400024 0.108707040548325 0.0965816453099251 0.0847897157073021 0.0757785513997078 0.0773971676826477 0.0745399370789528 0.0713712945580482 0.0702155008912086 0.0758852735161781 0.0704790875315666 0.0716546326875687 0.0727792531251907 0.073402464389801 0.0741251334547997 0.0751882791519165 -3.4e+38 -3.4e+38 -3.4e+38 -3.4e+38 -3.4e+38 -3.4e+38 -3.4e+38 -3.4e+38 -3.4e+38 -3.4e+38 -3.4e+38 -3.4e+38 -3.4e+38 -3.4e+38 -3.4e+38 -3.4e+38 -3.4e+38 -3.4e+38 -3.4e+38 -3.4e+38 -3.4e+38 -3.4e+38 -3.4e+38
0.621812462806702 0.647207617759705 0.598788261413574 0.620433628559113 0.609701335430145 0.471907019615173 0.442952692508698 0.416547685861588 0.405788540840149 0.3864426612854 0.363196223974228 0.339824259281158 0.311477720737457 0.287880003452301 0.254787743091583 0.23161569237709 0.20234526693821 0.180095613002777 0.163848772644997 0.145923390984535 0.129631772637367 0.108489163219929 0.0925276279449463 0.0825123116374016 0.0761862844228745 0.0723167434334755 0.0721779316663742 0.0715742632746696 0.0668294951319695 0.0662280768156052 0.0676655098795891 0.0671714097261429 0.0685210376977921 0.0725895240902901 0.0832367986440659 0.0856226980686188 0.0768138542771339 -3.4e+38 -3.4e+38 -3.4e+38 -3.4e+38 -3.4e+38 -3.4e+38 -3.4e+38 -3.4e+38 -3.4e+38 -3.4e+38 -3.4e+38 -3.4e+38 -3.4e+38 -3.4e+38 -3.4e+38 -3.4e+38 -3.4e+38 -3.4e+38 -3.4e+38 -3.4e+38 -3.4e+38 -3.4e+38
0.593178868293762 0.601089596748352 0.578112840652466 0.534573256969452 0.521864533424377 0.429563850164413 0.399165868759155 0.382011741399765 0.367255121469498 0.347109407186508 0.327753722667694 0.301949560642242 0.278106868267059 0.254398882389069 0.238087475299835 0.214268296957016 0.190769881010056 0.173594668507576 0.154511049389839 0.137572392821312 0.119906395673752 0.105923838913441 0.0899159088730812 0.0834363326430321 0.0754503384232521 0.0703472495079041 0.0657250136137009 0.0655654519796371 0.0643919110298157 0.0650796368718147 0.0682077705860138 0.067780002951622 0.0684782937169075 0.0739434361457825 0.0871104672551155 0.0880299881100655 0.090106375515461 0.0853249952197075 -3.4e+38 -3.4e+38 -3.4e+38 -3.4e+38 -3.4e+38 -3.4e+38 -3.4e+38 -3.4e+38 -3.4e+38 -3.4e+38 -3.4e+38 -3.4e+38 -3.4e+38 -3.4e+38 -3.4e+38 -3.4e+38 0.169412389397621 -3.4e+38 -3.4e+38 0.206668838858604 0.226196080446243
0.58702427148819 0.537108302116394 0.624830305576324 0.53527420759201 0.456879287958145 0.397222518920898 0.359763860702515 0.350384771823883 0.333807110786438 0.314947485923767 0.295648634433746 0.277314603328705 0.259497284889221 0.239395126700401 0.218113958835602 0.201454386115074 0.179957091808319 0.163891717791557 0.145695015788078 0.130645856261253 0.112855441868305 0.100986450910568 0.0949113592505455 0.0882040187716484 0.0789553746581078 0.074189692735672 0.066331721842289 0.0639207288622856 0.0630960315465927 0.0626218169927597 0.0641481056809425 0.0674737468361855 0.0717368423938751 0.0774353966116905 0.0791591703891754 0.0831365287303925 0.0839621424674988 0.0846401229500771 -3.4e+38 -3.4e+38 -3.4e+38 -3.4e+38 -3.4e+38 -3.4e+38 -3.4e+38 -3.4e+38 -3.4e+38 -3.4e+38 -3.4e+38 -3.4e+38 -3.4e+38 -3.4e+38 0.143016800284386 0.154906049370766 0.160958886146545 -3.4e+38 -3.4e+38 0.213181585073471 0.227511003613472
0.571399033069611 0.585174322128296 0.570542931556702 0.48488575220108 0.441948592662811 0.370106250047684 0.33956453204155 0.313734024763107 0.299897819757462 0.283281594514847 0.27033057808876 0.256022155284882 0.240033805370331 0.218253597617149 0.203423082828522 0.187708348035812 0.173548758029938 0.153546333312988 0.139154940843582 0.122990228235722 0.110427014529705 0.102601312100887 0.0987327843904495 0.096510037779808 0.0807642564177513 0.0756711885333061 0.0676481649279594 0.0661213845014572 0.0637114346027374 0.062680646777153 0.0646889433264732 0.0671576485037804 0.0700814798474312 0.0745108798146248 0.0795429870486259 0.0793233811855316 0.0829584002494812 0.0834638178348541 -3.4e+38 -3.4e+38 -3.4e+38 -3.4e+38 -3.4e+38 -3.4e+38 -3.4e+38 -3.4e+38 -3.4e+38 -3.4e+38 -3.4e+38 -3.4e+38 -3.4e+38 -3.4e+38 0.139914333820343 0.161088615655899 0.153053238987923 -3.4e+38 -3.4e+38 0.206073105335236 0.222110077738762
0.602422893047333 0.600464463233948 0.539630174636841 0.442816495895386 0.38143128156662 0.337441354990005 0.31501293182373 0.30366376042366 0.284201592206955 0.270212680101395 0.258790761232376 0.237492740154266 0.226409181952477 0.214958250522614 0.195090144872665 0.176458239555359 0.162653997540474 0.145912364125252 0.13295479118824 0.120952554047108 0.112352818250656 0.104275092482567 0.0996041670441628 0.0974424183368683 0.0812822952866554 0.0781610906124115 0.077850453555584 -3.4e+38 -3.4e+38 0.065077468752861 0.0654569566249847 0.066701740026474 0.0705706924200058 0.0725849494338036 0.077460490167141 0.0795671865344048 -3.4e+38 -3.4e+38 -3.4e+38 -3.4e+38 -3.4e+38 -3.4e+38 -3.4e+38 -3.4e+38 -3.4e+38 -3.4e+38 -3.4e+38 -3.4e+38 -3.4e+38 -3.4e+38 -3.4e+38 0.1145224198699 0.131692171096802 0.153347820043564 0.162561774253845 0.166045770049095 0.178438976407051 0.199884831905365 0.213083013892174
0.52195942401886 0.550076007843018 0.511890113353729 0.401253014802933 0.34532168507576 0.315762251615524 0.301727741956711 0.287062644958496 0.280009567737579 0.269443869590759 0.266473084688187 0.263401418924332 0.237224087119102 0.218441262841225 0.200851246714592 0.180932983756065 0.164694592356682 0.146883249282837 0.135895162820816 0.124682001769543 0.113135077059269 0.10470525175333 0.097403421998024 -3.4e+38 -3.4e+38 0.0799756571650505 0.0786381214857101 -3.4e+38 -3.4e+38 -3.4e+38 -3.4e+38 0.0699032694101334 -3.4e+38 -3.4e+38 -3.4e+38 -3.4e+38 -3.4e+38 -3.4e+38 -3.4e+38 -3.4e+38 -3.4e+38 -3.4e+38 -3.4e+38 -3.4e+38 -3.4e+38 -3.4e+38 -3.4e+38 -3.4e+38 -3.4e+38 -3.4e+38 0.103238306939602 0.123347789049149 0.136311858892441 0.176890805363655 0.188064202666283 0.190363854169846 0.191731378436089 0.194668009877205 0.225876122713089
0.548011541366577 0.473487824201584 0.40159946680069 0.35868626832962 0.324007749557495 0.303908318281174 0.283901751041412 0.271165281534195 0.264770030975342 0.259226709604263 0.268982142210007 0.28249192237854 0.255138754844666 0.226941302418709 0.205167263746262 0.18020986020565 0.164645284414291 0.148691803216934 0.137440875172615 0.131587103009224 0.12202275544405 0.109593763947487 0.101092509925365 -3.4e+38 -3.4e+38 -3.4e+38 -3.4e+38 -3.4e+38 -3.4e+38 -3.4e+38 -3.4e+38 -3.4e+38 -3.4e+38 -3.4e+38 -3.4e+38 -3.4e+38 -3.4e+38 -3.4e+38 -3.4e+38 -3.4e+38 -3.4e+38 -3.4e+38 -3.4e+38 -3.4e+38 -3.4e+38 -3.4e+38 -3.4e+38 0.0818703696131706 -3.4e+38 -3.4e+38 0.0951581671833992 0.175243020057678 0.302894175052643 0.212031036615372 0.180510222911835 0.198252841830254 0.215871229767799 0.211810111999512 0.233318984508514
0.507729589939117 0.433861672878265 0.383541077375412 0.34505033493042 0.307304382324219 0.287295520305634 0.263448059558868 0.25400048494339 0.245348677039146 0.241303533315659 0.244473055005074 0.252502799034119 0.236299499869347 0.217219650745392 0.198207333683968 0.178928196430206 0.161735817790031 0.148077398538589 0.140560477972031 0.129143133759499 0.119839377701283 0.1127894744277 -3.4e+38 -3.4e+38 -3.4e+38 -3.4e+38 -3.4e+38 -3.4e+38 -3.4e+38 -3.4e+38 -3.4e+38 -3.4e+38 -3.4e+38 -3.4e+38 -3.4e+38 -3.4e+38 -3.4e+38 -3.4e+38 -3.4e+38 -3.4e+38 -3.4e+38 -3.4e+38 -3.4e+38 -3.4e+38 -3.4e+38 -3.4e+38 -3.4e+38 -3.4e+38 0.0800771936774254 -3.4e+38 0.0823596939444542 0.140596568584442 0.299556910991669 0.195613995194435 0.152450159192085 0.190548539161682 0.19046351313591 0.189418852329254 0.177791863679886
0.48578754067421 0.422214359045029 0.365157335996628 0.323826223611832 0.29142364859581 0.265095353126526 0.247068598866463 0.237694263458252 0.223695516586304 0.215544059872627 0.210765808820724 0.213250696659088 0.210677996277809 0.203558102250099 0.191357269883156 0.175450444221497 0.158291295170784 0.150659412145615 0.144326105713844 0.125220715999603 0.115254282951355 0.113175556063652 -3.4e+38 -3.4e+38 -3.4e+38 -3.4e+38 -3.4e+38 -3.4e+38 -3.4e+38 -3.4e+38 -3.4e+38 -3.4e+38 -3.4e+38 -3.4e+38 -3.4e+38 -3.4e+38 -3.4e+38 -3.4e+38 -3.4e+38 -3.4e+38 -3.4e+38 -3.4e+38 -3.4e+38 -3.4e+38 -3.4e+38 -3.4e+38 -3.4e+38 -3.4e+38 0.0773712769150734 0.0761864557862282 0.0811129733920097 0.127181768417358 0.132464617490768 0.12278026342392 0.13455805182457 0.120357528328896 -3.4e+38 -3.4e+38 0.161827623844147
0.493460595607758 0.42263188958168 0.347263395786285 0.302228420972824 0.269220739603043 0.251680225133896 0.232039615511894 0.22159668803215 0.206707417964935 0.194776758551598 0.185994625091553 0.184748321771622 0.191497474908829 0.185994490981102 0.180449739098549 0.169093310832977 0.163485452532768 0.150759026408195 0.141937106847763 0.125788345932961 0.115704640746117 0.114648930728436 -3.4e+38 -3.4e+38 -3.4e+38 -3.4e+38 -3.4e+38 -3.4e+38 -3.4e+38 -3.4e+38 -3.4e+38 -3.4e+38 -3.4e+38 -3.4e+38 -3.4e+38 -3.4e+38 -3.4e+38 -3.4e+38 -3.4e+38 -3.4e+38 -3.4e+38 -3.4e+38 -3.4e+38 -3.4e+38 -3.4e+38 -3.4e+38 -3.4e+38 -3.4e+38 0.0804958716034889 0.0736740529537201 0.0875792652368546 0.111595548689365 0.0961670503020287 0.0867877826094627 -3.4e+38 -3.4e+38 -3.4e+38 -3.4e+38 -3.4e+38
0.455619215965271 0.401707023382187 0.34034189581871 0.293831676244736 0.259218752384186 0.236689776182175 0.225703284144402 0.208960473537445 0.195120856165886 0.180028095841408 0.170902922749519 0.174643561244011 0.176374092698097 0.173447102308273 0.169246777892113 0.166433691978455 0.158788993954659 0.153488963842392 0.138546168804169 0.124099478125572 0.114688396453857 -3.4e+38 -3.4e+38 -3.4e+38 -3.4e+38 -3.4e+38 -3.4e+38 -3.4e+38 -3.4e+38 -3.4e+38 -3.4e+38 -3.4e+38 -3.4e+38 -3.4e+38 -3.4e+38 -3.4e+38 -3.4e+38 -3.4e+38 -3.4e+38 -3.4e+38 -3.4e+38 -3.4e+38 -3.4e+38 -3.4e+38 -3.4e+38 -3.4e+38 -3.4e+38 0.11101820319891 0.0836287289857864 0.0713089555501938 0.0880935713648796 0.0793462321162224 0.0636275634169579 -3.4e+38 -3.4e+38 -3.4e+38 -3.4e+38 -3.4e+38 -3.4e+38
