data/climate_estimation/maxent_output/Lilium_nepalense.asc
NCOLS 295 
NROWS 86 
XLLCORNER 80.3333333333333 
YLLCORNER 22.5833333333333 
CELLSIZE 0.0833333333333333 
NODATA_value -3.4e+38 
[rows 38 to 56 of 86, columns 0 to 43 of 295]
5.53985555598047e-05 5.72907592868432e-05 5.37508385605179e-05 5.54456346435472e-05 5.75843369006179e-05 0.00171257613692433 0.00174541934393346 6.19467900833115e-05 6.08808768447489e-05 6.32983064861037e-05 6.90268643666059e-05 6.9999645347707e-05 0.00232504797168076 0.00240455474704504 0.00251387618482113 0.00260192062705755 0.00267563457600772 0.00276693422347307 0.00277664605528116 0.00312358979135752 0.00327653950080276 0.00337843061424792 0.0033086515031755 0.00311481999233365 0.00306352996267378 0.0031050038523972 0.00316907721571624 0.00292410375550389 0.00295978155918419 0.00285373069345951 0.00289477524347603 0.00279964739456773 0.00281684030778706 0.00265429844148457 0.00273802620358765 0.00286109303124249 0.00298786070197821 0.00302796508185565 0.00316925277002156 0.00359337730333209 0.00391932716593146 0.00423027900978923 0.0858638137578964 0.0869524851441383
4.9646056140773e-05 4.72741558041889e-05 5.23963317391463e-05 5.52173041796777e-05 5.32825943082571e-05 5.47148520126939e-05 5.57592829864006e-05 5.65959016967099e-05 6.20959544903599e-05 6.44651372567751e-05 6.58513454254717e-05 7.05109559930861e-05 0.00200737663544714 0.00211541354656219 0.00224863085895777 0.00249541993252933 0.00256846938282251 0.00240418547764421 0.00268137129023671 0.0027855527587235 0.00283483951352537 0.00286647491157055 0.00286802044138312 0.00285905250348151 0.0028698411770165 0.00284189730882645 0.00283430004492402 0.00271909707225859 0.00262088305316865 0.00273735355585814 0.00255126506090164 0.0026361586060375 0.00252877408638597 0.00262863468378782 0.00269941263832152 0.00267990306019783 0.00277195801027119 0.00284449104219675 0.0032715811394155 0.00333329057320952 0.00363645981997252 0.00389015348628163 0.00389855704270303 0.080458328127861
4.81787756143603e-05 4.59330731246155e-05 4.74914668302517e-05 5.27007687196601e-05 5.41186127520632e-05 5.4763258958701e-05 5.57222156203352e-05 5.71171767660417e-05 5.85228481213562e-05 5.97840517002624e-05 6.66511914459988e-05 6.61298108752817e-05 6.5018844907172e-05 0.00197792402468622 0.00209671235643327 0.00223047006875277 0.00224546203389764 0.00247770384885371 0.0025546639226377 0.0024445247836411 0.00239088106900454 0.00265950802713633 0.00269805756397545 0.00275735929608345 0.00272970087826252 0.00270013138651848 0.00261263735592365 0.00256094452925026 0.00247587030753493 0.00245377235114574 0.00239442544989288 0.00248830858618021 0.00255792425014079 0.00251775863580406 0.00251114182174206 0.00247874413616955 0.00261535914614797 0.00278773019090295 0.00305306678637862 0.00329548888839781 0.00351379602216184 0.0034846996422857 0.0742179602384567 0.0035276603884995
5.30651486769784e-05 5.14628081873525e-05 5.13770246470813e-05 5.21862857567612e-05 5.25074101460632e-05 5.19549066666514e-05 5.16465079272166e-05 5.675106876879e-05 5.87385875405744e-05 6.10463248449378e-05 6.31014700047672e-05 6.24585518380627e-05 6.53661409160122e-05 0.0019336516270414 0.00197922042571008 0.00204240018501878 0.0021617051679641 0.00225381506606936 0.00230374746024609 0.0024279395584017 0.00235751760192215 0.00230829883366823 0.00240338104777038 0.00266229268163443 0.0029076524078846 0.00278728432022035 0.00262996228411794 0.0023275688290596 0.00228069629520178 0.00221977522596717 0.00234814849682152 0.0024476102553308 0.00235686311498284 0.00227270764298737 0.00237064552493393 0.00251577096059918 0.00265673664398491 0.00281549873761833 0.00286083086393774 0.00300183147192001 0.00298893405124545 0.0031000564340502 0.00315315090119839 0.00315553252585232
5.48286516277585e-05 5.75759986531921e-05 5.32568155904301e-05 5.07930744788609e-05 5.40344335604459e-05 5.1884457207052e-05 5.10457102791406e-05 5.11676589667331e-05 5.69538642594125e-05 6.06489265919663e-05 6.34463358437642e-05 6.27714252914302e-05 6.14344389759935e-05 5.78522885916755e-05 5.62639252166264e-05 0.00193766411393881 0.00205485802143812 0.00219225022010505 0.00219849892891943 0.00210281857289374 0.00210928777232766 0.0022452415432781 0.00237439502961934 0.00268026604317129 0.00282111135311425 0.00274932361207902 0.00250104139558971 0.00226600375026464 0.00215240009129047 0.00211176206357777 0.00227165943942964 0.00231427536346018 8.98041034815833e-05 0.00217531970702112 0.00213793339207768 0.00232800305821002 0.00252254540100694 0.00269511225633323 0.00286330305971205 0.00283114914782345 0.00278515205718577 0.00291781174018979 0.00296831270679832 0.00280629680491984
5.50253644178156e-05 6.00714774918742e-05 5.92398282606155e-05 5.04693125549238e-05 5.14422827109229e-05 4.7441862989217e-05 4.55652043456212e-05 4.96709217259195e-05 5.16601248818915e-05 5.5012060329318e-05 6.32597366347909e-05 5.62618552066851e-05 5.93375189055223e-05 5.7478198868921e-05 5.69711846765131e-05 5.6237058743136e-05 0.00195605913177133 0.00196551997214556 0.00199399120174348 0.00202798680402339 0.00203664042055607 0.00207213824614882 0.0021776407957077 0.00233220285736024 0.00237563950940967 0.00248899962753057 0.00222233962267637 0.00207404070533812 0.00187809835188091 0.00204949267208576 8.91095551196486e-05 9.14633710635826e-05 7.92704668128863e-05 7.76742890593596e-05 0.0018275297479704 0.00208293995819986 0.00253793131560087 0.0027103335596621 0.00271506980061531 0.00281078252010047 0.00278014806099236 0.00259813712909818 0.00239695957861841 0.00241135829128325
0.000054663792980 6.05904351687059e-05 5.97830003243871e-05 5.22008376719896e-05 4.61468844150659e-05 4.3947122321697e-05 4.49864528491162e-05 4.49484869022854e-05 4.7736397391418e-05 5.3445477533387e-05 5.56811501155607e-05 5.66390663152561e-05 5.33773891220335e-05 5.21267684234772e-05 5.08474149683025e-05 5.29895878571551e-05 5.83245710004121e-05 0.00185265264008194 0.00193347479216754 0.00197570002637804 0.00197969051077962 0.00204165652394295 0.00213351286947727 0.00208510342054069 0.0021579812746495 0.00219930685125291 0.00204775133170187 0.00191656092647463 0.001810273504816 0.00175817392300814 0.0019842351321131 0.00190475443378091 0.00187698053196073 0.00171949749346823 0.00168145226780325 0.00199635978788137 0.0024392653722316 0.00264561828225851 0.00251887505874038 0.00269678118638694 0.0025244748685509 0.0023445775732398 0.00228728377260268 0.00211247242987156
5.06480100739282e-05 5.37752312084194e-05 5.35052895429544e-05 5.04405397805385e-05 4.3223742977716e-05 4.22896737291012e-05 4.24570025643334e-05 4.5341432269197e-05 4.74549779028166e-05 4.96554821438622e-05 4.57613823527936e-05 4.96611282869708e-05 4.82032628497109e-05 5.1367260311963e-05 5.19698078278452e-05 5.23551425430924e-05 5.94312732573599e-05 5.96867357671726e-05 6.09646485827398e-05 0.00193232041783631 0.00198290753178298 0.00206413213163614 0.00197874451987445 0.00203340570442379 0.00204887357540429 0.00200162851251662 0.00193638866767287 0.00176691019441932 0.00173597119282931 0.0016821640310809 0.00163160520605743 0.00168114772532135 0.00173422426450998 0.00158956286031753 0.0017066546715796 0.00183926604222506 0.00222505675628781 0.00251796026714146 0.00246033794246614 0.00241156062111259 0.00231360783800483 0.00231547560542822 0.00214296532794833 0.00191362213809043
3.79503289877903e-05 3.87390682590194e-05 4.27285667683464e-05 4.43550379713997e-05 3.88803855457809e-05 3.54321709892247e-05 3.46927809005138e-05 4.12464069086127e-05 4.52768326795194e-05 4.74616899737157e-05 4.60383780591656e-05 4.58579052065033e-05 4.8245070502162e-05 4.81545284856111e-05 5.30972210981417e-05 5.30031466041692e-05 5.45217844774015e-05 6.06909125053789e-05 5.67010320082773e-05 6.03590742684901e-05 6.22944935457781e-05 0.00193614535965025 0.00198190426453948 0.00198886333964765 0.00196344614960253 0.00184039957821369 0.0017910092137754 0.00174265215173364 0.00165334576740861 0.00166635203640908 0.00155806657858193 0.00157894822768867 0.0015198887558654 0.00155441404785961 0.00157297239638865 0.0017949107568711 0.00202081608586013 0.00214835768565536 0.00221322476863861 0.00216279923915863 0.00209340266883373 0.00210647378116846 0.00191808026283979 0.00185678293928504
3.04378136206651e-05 3.21554580295924e-05 3.21246734529268e-05 3.48357862094417e-05 3.48809226125013e-05 3.33383686665911e-05 3.32815907313488e-05 3.84548802685458e-05 4.29548090323806e-05 4.50889892817941e-05 4.425095175975e-05 4.12146946473513e-05 4.31098633271176e-05 4.59024122392293e-05 4.79769223602489e-05 4.85930577269755e-05 5.01461072417442e-05 5.76104030187707e-05 5.76244201511145e-05 5.64131478313357e-05 6.00025305175222e-05 6.34224925306626e-05 6.18213161942549e-05 0.00181402498856187 0.00183094351086766 0.00180960749275982 0.00180398102384061 0.0016604159027338 0.00155138748232275 0.00156813359353691 0.00152111484203488 0.0014380436623469 0.00142226146999747 0.00138784293085337 0.001525221276097 0.00167681265156716 0.00186478882096708 0.00201767403632402 0.0019327764166519 0.00189854449126869 0.00194341817405075 0.0018287196289748 0.00164820777717978 0.00166369811631739
2.51101137109799e-05 2.63779802480713e-05 2.80017065961147e-05 3.16982041113079e-05 3.08483431581408e-05 3.23646854667459e-05 3.27079833368771e-05 3.65325613529421e-05 3.89871820516419e-05 3.97917392547242e-05 3.82777543563861e-05 3.9507638575742e-05 3.82580365112517e-05 4.19999742007349e-05 4.35384463344235e-05 4.90502134198323e-05 5.09006276843138e-05 5.37287014594767e-05 5.85948218940757e-05 5.58804968022741e-05 5.56056183995679e-05 5.6329823564738e-05 5.79391889914405e-05 5.91960124438629e-05 0.00179124274291098 0.00168068031780422 0.0017006357666105 0.00158630369696766 0.00156887504272163 0.00147222890518606 0.00143711362034082 0.00142003665678203 0.00132481451146305 0.00136903091333807 0.0015064146136865 0.00149856344796717 0.00162390666082501 0.0017762224888429 0.00180457928217947 0.00178950536064804 0.00169000891037285 0.00160899595357478 0.00154241290874779 0.00149097316898406
2.73077112069586e-05 2.75522234005621e-05 2.87547791231191e-05 2.96930738841183e-05 3.18378915835638e-05 3.00846113532316e-05 2.90232201223262e-05 2.98353243124438e-05 3.41249760822393e-05 3.68310065823607e-05 3.67430984624662e-05 3.60251615347806e-05 3.7316007365007e-05 3.49301590176765e-05 3.77288852178026e-05 4.40038311353419e-05 4.63208380097058e-05 5.25049108546227e-05 5.04831477883272e-05 4.89127633045428e-05 5.44161557627376e-05 5.43166534043849e-05 5.18787492183037e-05 5.17296211910434e-05 5.35024992132094e-05 0.00163571280427277 0.00168444018345326 0.00161863735411316 0.00158450426533818 0.00160924985539168 0.00151000765617937 0.00144143449142575 0.00134694424923509 0.00136002863291651 0.00146910839248449 0.00147056905552745 0.00149765226524323 0.00165402737911791 0.00161125371232629 0.00156483054161072 0.00146323989611119 0.00140731234569103 0.00138839927967638 0.00124996888916939
2.98677823593607e-05 2.970313289552e-05 2.81554293906083e-05 2.99427065328928e-05 2.98800696327817e-05 3.02734097203938e-05 2.95405170618324e-05 2.99484618153656e-05 3.08875532937236e-05 3.37544370268006e-05 3.33972457156051e-05 3.52067727362737e-05 3.50342561432626e-05 3.32041454385035e-05 3.57271565007977e-05 3.42664643540047e-05 3.91765279346146e-05 4.50203369837254e-05 4.74549269711133e-05 4.67993231723085e-05 5.05141433677636e-05 4.98533518111799e-05 5.07517979713157e-05 5.05732314195484e-05 5.23694834555499e-05 5.37999330845196e-05 5.54843827558216e-05 0.0015870159259066 0.00146537227556109 0.00152740988414735 0.00154896359890699 0.00140251358971 0.00139168719761074 0.00139074889011681 0.00134465214796364 0.0013808716321364 0.00140170112717897 0.00145348766818643 0.00140103581361473 0.00138874223921448 0.00133626244496554 0.00131942541338503 0.00129147293046117 0.0012807649327442
3.02011758321896e-05 3.06957772409078e-05 3.05954890791327e-05 2.84012294287095e-05 2.91463038593065e-05 2.87389684672235e-05 2.76807786576683e-05 2.75939873972675e-05 3.15999895974528e-05 3.09769493469503e-05 3.14082026307005e-05 3.32007584802341e-05 3.15522302116733e-05 3.32251656800508e-05 3.31522969645448e-05 3.15859761030879e-05 3.41350933013018e-05 3.82963880838361e-05 3.89137021556962e-05 4.30693398811854e-05 4.76147615700029e-05 4.99033412779681e-05 4.66352030343842e-05 4.5492091885535e-05 4.61422860098537e-05 4.70130253233947e-05 4.95071071782149e-05 0.00152907008305192 0.00145301700104028 0.0014668662333861 0.00151881913188845 0.00147372740320861 0.00137331942096353 0.00128329684957862 0.00129415991250426 0.00125318067148328 0.00134238309692591 0.00127808644901961 0.00127764290664345 0.00122674135491252 0.00122632435522974 0.00122773775365204 0.00121300108730793 0.00123981526121497
3.83030128432438e-05 3.18800230161287e-05 2.82892578979954e-05 2.82853397948202e-05 2.66690167336492e-05 2.60491033259314e-05 2.99756502499804e-05 3.10284776787739e-05 2.99091552733444e-05 3.24109314533416e-05 3.15914876409806e-05 3.13853124680463e-05 3.22669184242841e-05 3.18066449835896e-05 3.06168367387727e-05 3.13120654027443e-05 3.17572557833046e-05 3.44839863828383e-05 3.94765738747083e-05 4.10671818826813e-05 4.59593247796874e-05 4.74434782518074e-05 4.78381880384404e-05 4.78451074741315e-05 4.38507304352242e-05 4.7369521780638e-05 4.31530534115154e-05 0.0013477485626936 0.00127589958719909 0.00128926686011255 0.00133394461590797 0.00131508964113891 0.00126637902576476 0.0012672966113314 0.00124290050007403 0.00120399426668882 0.00118016125634313 0.00119166786316782 0.00114464294165373 0.00111298833508044 0.00113606022205204 0.00118107860907912 0.00116846978198737 0.00119218020699918
3.56611308234278e-05 3.48446010320913e-05 2.86170525214402e-05 2.72948946076212e-05 2.55176400969503e-05 2.74972444458399e-05 3.29455506289378e-05 3.34795477101579e-05 3.23908316204324e-05 3.36320263158996e-05 3.31238516082522e-05 3.29981412505731e-05 3.03947181237163e-05 3.00590054393979e-05 3.12028969347011e-05 3.29119866364636e-05 3.25154433085117e-05 3.26840308844112e-05 3.84853883588221e-05 4.09432323067449e-05 4.31048538303003e-05 4.55211702501401e-05 4.59816510556266e-05 4.5691296691075e-05 4.59767907159403e-05 4.67824393126648e-05 4.64032345917076e-05 0.00145254749804735 0.00129741418641061 0.00116361293476075 0.00113587663508952 0.00113005063030869 0.00121776782907546 0.00121154333464801 0.00115340191405267 0.00118203484453261 0.00111176876816899 0.0010676491074264 0.00109021191019565 0.00107844709418714 0.0011226658243686 0.00110506417695433 0.00104978296440095 0.000993782421573997
3.4536231396487e-05 3.15003999276087e-05 3.02064981951844e-05 2.64437876467127e-05 2.71050266746897e-05 3.07854061247781e-05 3.6668421671493e-05 4.23720266553573e-05 3.65683445124887e-05 3.4845172194764e-05 3.38573481712956e-05 3.66391650459263e-05 3.78876029571984e-05 3.7139150663279e-05 3.90112581953872e-05 3.73647526430432e-05 3.45752741850447e-05 3.49890688084997e-05 3.56090058630798e-05 3.68868859368376e-05 4.2812287574634e-05 4.63055366708431e-05 4.75932756671682e-05 4.46587000624277e-05 4.40622243331745e-05 4.513166641118e-05 4.79051050206181e-05 0.00147280958481133 0.00144346070010215 0.00135432055685669 0.00122902495786548 0.00126333441585302 0.00126722257118672 0.00117330462671816 0.00110395601950586 0.00108084920793772 0.00101017532870173 0.0010346908820793 0.00103331368882209 0.0010791087988764 0.00116171629633754 0.00109682348556817 0.00103908218443394 0.00101290631573647
3.60039521183353e-05 3.05752000713255e-05 2.99805633403594e-05 2.94082674372476e-05 3.4466473152861e-05 3.61451384378597e-05 4.31499611295294e-05 5.12672231707256e-05 4.32834203820676e-05 4.51349369541276e-05 4.73162981506903e-05 5.08025623275898e-05 4.23550845880527e-05 3.86831088690087e-05 3.51024464180227e-05 3.37721794494428e-05 3.27329144056421e-05 3.27513698721305e-05 3.55211159330793e-05 3.48242283507716e-05 4.04450693167746e-05 4.84485972265247e-05 4.25903454015497e-05 4.86283497593831e-05 4.87123616039753e-05 5.01285976497456e-05 4.85590135212988e-05 0.00156014051754028 0.00155244243796915 0.0014440577942878 0.00148653087671846 0.00145570258609951 0.0013562518870458 0.00120771024376154 0.00107736350037158 0.00105492596048862 0.00104169454425573 0.000932475144509226 0.00102880969643593 0.00100650649983436 0.0010623533744365 0.00105788325890899 0.00102428335230798 0.000951863068621606
3.70096277038101e-05 3.39815705956426e-05 4.41240918007679e-05 5.8713059843285e-05 6.61533340462483e-05 6.20846403762698e-05 5.74584555579349e-05 5.82495667913463e-05 5.67909264646005e-05 5.19560890097637e-05 4.6696648496436e-05 4.1382598283235e-05 3.78029071725905e-05 3.3985805202974e-05 3.3516509574838e-05 3.29143076669425e-05 3.16808909701649e-05 3.36808152496815e-05 3.55568736267742e-05 3.54597286786884e-05 3.96663817809895e-05 4.6892928367015e-05 5.35475737706292e-05 5.48324387636967e-05 5.72077151446138e-05 5.92764881730545e-05 5.65490481676534e-05 0.00178742851130664 0.00162284332327545 0.00169905507937074 0.00174652575515211 0.00148456112947315 0.00141613907180727 0.00119975570123643 0.00106348597910255 0.00101604405790567 0.00102079764474183 0.00100011588074267 0.00102178798988461 0.00103028491139412 0.00104140129406005 0.0009421999566257 0.000910067523363978 0.000941781443543732
