data/climate_estimation/maxent_output/Lilium_leucanthum.asc
NCOLS 82 
NROWS 90 
XLLCORNER 103.166666666667 
YLLCORNER 27.3333333333333 
CELLSIZE 0.0833333333333333 
NODATA_value -3.4e+38 
[rows 20 to 39 of 90, columns 0 to 43 of 82]
0.234332352876663 0.203352868556976 0.127080529928207 0.108842596411705 0.110240086913109 0.144067972898483 0.323444604873657 0.131417393684387 0.519316792488098 0.293622314929962 0.607257306575775 0.846462070941925 0.959974408149719 0.968010485172272 0.962203979492188 0.97188127040863 0.904015302658081 0.969843864440918 0.958759129047394 0.96337616443634 0.97195440530777 0.964529693126678 0.970512688159943 0.969114124774933 0.973299860954285 0.974294483661652 0.977219879627228 0.972256302833557 0.978937268257141 0.980566024780273 0.97264963388443 0.97384649515152 0.979878664016724 0.979784846305847 0.974264323711395 0.981466233730316 0.98353099822998 0.985201895236969 0.984503448009491 0.979588687419891 0.974872648715973 0.971821367740631 0.965538918972015 0.972010374069214
0.215717807412148 0.179123967885971 0.145541325211525 0.146413892507553 0.241327553987503 0.131956517696381 0.277543812990189 0.0917648077011108 0.177838563919067 0.217852234840393 0.600569486618042 0.878320574760437 0.927008092403412 0.833049476146698 0.975464642047882 0.975954949855804 0.974279642105103 0.975573062896729 0.959879994392395 0.976619303226471 0.958561301231384 0.978597521781921 0.974942862987518 0.97724175453186 0.975731194019318 0.976786851882935 0.980244934558868 0.980295062065125 0.984161138534546 0.980787992477417 0.983803391456604 0.974763214588165 0.983433067798615 0.984342217445374 0.977690935134888 0.976804852485657 0.983853697776794 0.984253823757172 0.982444405555725 0.982020258903503 0.980982303619385 0.977996647357941 0.978887796401978 0.975913822650909
0.303500950336456 0.181905090808868 0.233533889055252 0.268338859081268 0.319499760866165 0.237410724163055 0.418814808130264 0.118870608508587 0.059920396655798 0.175021693110466 0.500371217727661 0.803829610347748 0.884031891822815 0.801548063755035 0.918975532054901 0.963569700717926 0.981271266937256 0.976725399494171 0.982468843460083 0.973714709281921 0.98089188337326 0.97069388628006 0.982655942440033 0.981286227703094 0.9830362200737 0.980239808559418 0.984780192375183 0.981271386146545 0.97632759809494 0.985131621360779 0.982778072357178 0.983635246753693 0.98280942440033 0.976629614830017 0.973572611808777 0.979575932025909 0.986885011196136 0.989730894565582 0.986042678356171 0.984405517578125 0.988969326019287 0.989119708538055 0.98630428314209 0.977997720241547
0.225554093718529 0.239551335573196 0.375059247016907 0.363379746675491 0.495133072137833 0.488095700740814 0.395155727863312 0.101360693573952 0.0670673325657845 0.128760039806366 0.229673251509666 0.657889544963837 0.795991837978363 0.767208814620972 0.952718734741211 0.966081440448761 0.965803325176239 0.98225349187851 0.982178807258606 0.97256201505661 0.983634829521179 0.98263144493103 0.979072034358978 0.984336912631989 0.980545580387115 0.978871643543243 0.985367059707642 0.986094892024994 0.987188458442688 0.978505313396454 0.987274169921875 0.98114413022995 0.97961562871933 0.986154079437256 0.990376234054565 0.988267958164215 0.986668765544891 0.989995539188385 0.989434361457825 0.991646587848663 0.990893185138702 0.990801632404327 0.992331624031067 0.989549577236176
0.25560274720192 0.421908318996429 0.441863626241684 0.233233407139778 0.430407017469406 0.668027877807617 0.348001033067703 0.154050841927528 0.579020917415619 0.470066547393799 0.396951675415039 0.534031629562378 0.913816094398499 0.853934049606323 0.566539466381073 0.807982563972473 0.968976974487305 0.973305881023407 0.983362853527069 0.985634088516235 0.987381637096405 0.986143350601196 0.98284524679184 0.978623569011688 0.980686366558075 0.976978123188019 0.970710337162018 0.964722514152527 0.98140275478363 0.980137288570404 0.979843378067017 0.986621260643005 0.985644280910492 0.982987284660339 0.991709351539612 0.993223667144775 0.991802155971527 0.993372857570648 0.99357932806015 0.994722902774811 0.993091225624084 0.992517590522766 0.993330538272858 0.993094086647034
0.474843829870224 0.507105886936188 0.448550581932068 0.261617004871368 0.480705112218857 0.745473682880402 0.253301352262497 0.100480549037457 0.119804829359055 0.641424953937531 0.932014763355255 0.832313418388367 0.81286883354187 0.802574574947357 0.937723994255066 0.932479977607727 0.861008644104004 0.789812922477722 0.971072137355804 0.987840890884399 0.989163875579834 0.988477408885956 0.986369907855988 0.983059704303741 0.986198902130127 0.980795502662659 0.987839639186859 0.972999691963196 0.971372604370117 0.98745208978653 0.986164033412933 0.988870084285736 0.987436771392822 0.990638732910156 0.989407062530518 0.992250978946686 0.99515038728714 0.995594680309296 0.995254278182983 0.993736386299133 0.988211452960968 0.989564597606659 0.990670144557953 0.994950294494629
0.22831816971302 0.383695006370544 0.651898860931396 0.334266275167465 0.713737070560455 0.753032326698303 0.331904143095016 0.129159733653069 0.0518488921225071 0.402450770139694 0.806996524333954 0.969711244106293 0.947642982006073 0.763911068439484 0.875853598117828 0.980956971645355 0.989095509052277 0.932872116565704 0.972592949867249 0.975919961929321 0.986016809940338 0.989381372928619 0.990624964237213 0.991074621677399 0.988006889820099 0.985473036766052 0.966991364955902 0.972981333732605 0.976716697216034 0.989105343818665 0.988776206970215 0.984910845756531 0.987388432025909 0.993662714958191 0.995327115058899 0.996088445186615 0.994936227798462 0.99585372209549 0.996027290821075 0.995953142642975 0.996044516563416 0.996450364589691 0.996097147464752 0.994731903076172
0.321265697479248 0.307824075222015 0.628024399280548 0.574389517307281 0.731085896492004 0.771783351898193 0.412187844514847 0.149570479989052 0.638395547866821 0.852163851261139 0.97437596321106 0.988219618797302 0.990307569503784 0.985228657722473 0.984199047088623 0.986727237701416 0.993276119232178 0.964784443378448 0.980291128158569 0.993654310703278 0.993905901908875 0.990762889385223 0.986728727817535 0.986536383628845 0.976249158382416 0.979569733142853 0.987939059734344 0.986580312252045 0.985742509365082 0.989635944366455 0.990290999412537 0.992020308971405 0.990952551364899 0.994309067726135 0.995177805423737 0.996398329734802 0.996267139911652 0.995583713054657 0.996715903282166 0.996600389480591 0.995906710624695 0.995588898658752 0.995159924030304 0.995620727539062
0.545089662075043 0.576581180095673 0.608282268047333 0.761832594871521 0.461004942655563 0.613653898239136 0.803204834461212 0.0955144166946411 0.319008022546768 0.522444427013397 0.909628868103027 0.947371900081635 0.995412886142731 0.994124591350555 0.995656132698059 0.994565844535828 0.994487226009369 0.99444717168808 0.99510133266449 0.994708478450775 0.991210579872131 0.990411400794983 0.984738290309906 0.990627229213715 0.990353226661682 0.992112457752228 0.987210392951965 0.98782604932785 0.985078275203705 0.982501685619354 0.993600189685822 0.987344086170197 0.984450578689575 0.994783997535706 0.995558738708496 0.996791779994965 0.996238112449646 0.994226038455963 0.997314810752869 0.996536910533905 0.996927678585052 0.996867179870605 0.99631679058075 0.994873940944672
0.525807440280914 0.779672801494598 0.526289343833923 0.861378073692322 0.819508671760559 0.843055605888367 0.880988657474518 0.491174846887589 0.743217945098877 0.822153091430664 0.897273123264313 0.978162944316864 0.993412375450134 0.995193958282471 0.995327472686768 0.995648562908173 0.995479881763458 0.994207561016083 0.994584977626801 0.996069312095642 0.990971028804779 0.994433999061584 0.994103252887726 0.986009418964386 0.983039021492004 0.988365650177002 0.994712889194489 0.990735232830048 0.98915708065033 0.979832291603088 0.978953838348389 0.991061627864838 0.992255568504333 0.990011513233185 0.994454324245453 0.996003687381744 0.996631324291229 0.993645548820496 0.997325539588928 0.997518658638 0.997480452060699 0.996663868427277 0.996329188346863 0.990879476070404
0.675163149833679 0.857970714569092 0.517577350139618 0.715244054794312 0.797007203102112 0.788000583648682 0.901172757148743 0.574963092803955 0.673859179019928 0.883708655834198 0.969637751579285 0.969944059848785 0.949423909187317 0.990388810634613 0.991685032844543 0.996732771396637 0.996745944023132 0.996718049049377 0.993524968624115 0.995771765708923 0.996531546115875 0.99682492017746 0.996447563171387 0.995209634304047 0.992512226104736 0.983337700366974 0.982257187366486 0.982925593852997 0.983122050762177 0.991883516311646 0.98510354757309 0.989809274673462 0.992513537406921 0.988435328006744 0.993262588977814 0.995089709758759 0.994764089584351 0.991073191165924 0.994731247425079 0.995639681816101 0.994706630706787 0.992748498916626 0.988911032676697 0.986167788505554
0.956147074699402 0.481323391199112 0.308457881212234 0.661507904529572 0.584410727024078 0.289087921380997 0.71880179643631 0.878318727016449 0.948243618011475 0.986403167247772 0.988353610038757 0.996478736400604 0.988785028457642 0.993555545806885 0.997407793998718 0.99712747335434 0.997599899768829 0.997839212417603 0.997181415557861 0.995477914810181 0.996511936187744 0.997688114643097 0.993802130222321 0.99350380897522 0.990819573402405 0.981571555137634 0.98800653219223 0.987007915973663 0.986142158508301 0.988534569740295 0.979204654693604 0.991689562797546 0.992001831531525 0.993969619274139 0.993514776229858 0.988715350627899 0.975219130516052 0.985173106193542 0.990743458271027 0.989077866077423 0.991158187389374 0.993636071681976 0.989355027675629 0.99188107252121
0.969996988773346 0.744995832443237 0.356866836547852 0.303823202848434 0.742534101009369 0.848184406757355 0.874742090702057 0.780203461647034 0.869757354259491 0.944080829620361 0.949453115463257 0.997471153736115 0.995697140693665 0.993035435676575 0.997110366821289 0.998036980628967 0.996414959430695 0.997028410434723 0.997221946716309 0.994788229465485 0.997126162052155 0.995742082595825 0.99437004327774 0.992127895355225 0.99506139755249 0.9892258644104 0.978898286819458 0.975717842578888 0.984013736248016 0.984800457954407 0.976709544658661 0.988465309143066 0.984835505485535 0.991271197795868 0.991568028926849 0.993312954902649 0.981586754322052 0.991693258285522 0.993706345558167 0.987210690975189 0.983774483203888 0.990955770015717 0.990974426269531 0.989528894424438
0.959477365016937 0.974355340003967 0.852328062057495 0.382665514945984 0.373317986726761 0.908423244953156 0.929578363895416 0.656666278839111 0.961964249610901 0.992622852325439 0.993839025497437 0.998199939727783 0.998105525970459 0.9974524974823 0.997784674167633 0.997922658920288 0.997539460659027 0.997688770294189 0.99667102098465 0.99594658613205 0.998021185398102 0.99711000919342 0.981675207614899 0.979805707931519 0.982961773872375 0.984056115150452 0.97762256860733 0.968508303165436 0.973834753036499 0.978547513484955 0.96832799911499 0.984640181064606 0.984764814376831 0.985683977603912 0.98733127117157 0.990125358104706 0.984855771064758 0.988977313041687 0.986896574497223 0.987411618232727 0.983379900455475 0.989375591278076 0.996330320835114 0.989407658576965
0.648196041584015 0.938754379749298 0.978779911994934 0.936327815055847 0.715056896209717 0.866475582122803 0.905656576156616 0.770865261554718 0.966687202453613 0.968866348266602 0.9972203373909 0.997324466705322 0.998023152351379 0.998174786567688 0.998138189315796 0.998448669910431 0.998321175575256 0.995673179626465 0.998145818710327 0.996211528778076 0.989410519599915 0.978878855705261 0.975342452526093 0.978235304355621 0.974703729152679 0.980340659618378 0.977889955043793 0.971895515918732 0.968052089214325 0.982296228408813 0.960935115814209 0.973241686820984 0.982043266296387 0.984534442424774 0.984348297119141 0.981639564037323 0.975789189338684 0.980675578117371 0.982921242713928 0.987017691135406 0.989931762218475 0.986158013343811 0.9936643242836 0.989762783050537
0.896104037761688 0.956503510475159 0.975612044334412 0.981610953807831 0.983179211616516 0.96405816078186 0.987797677516937 0.957762598991394 0.970370888710022 0.986600041389465 0.997053384780884 0.998227715492249 0.998120665550232 0.997173845767975 0.997507810592651 0.997879505157471 0.996111690998077 0.998518407344818 0.991949915885925 0.981457054615021 0.985377192497253 0.98041433095932 0.972721815109253 0.972944438457489 0.967973709106445 0.971962809562683 0.975879430770874 0.976369142532349 0.976164817810059 0.957723200321198 0.961726486682892 0.959247410297394 0.967097759246826 0.975634872913361 0.94999486207962 0.950243651866913 0.965361893177032 0.96622896194458 0.971159398555756 0.980043530464172 0.980287075042725 0.975510716438293 0.978878617286682 0.976919710636139
0.372814059257507 0.712734580039978 0.473577976226807 0.77517831325531 0.976346552371979 0.97906768321991 0.98614227771759 0.994248509407043 0.987353563308716 0.997202455997467 0.998160839080811 0.998419463634491 0.998748779296875 0.998133420944214 0.998814523220062 0.99762636423111 0.996746838092804 0.989661931991577 0.975822150707245 0.977943360805511 0.982290267944336 0.974715948104858 0.971095740795135 0.968532979488373 0.972608327865601 0.973920524120331 0.96825498342514 0.969853520393372 0.966382563114166 0.968596696853638 0.963083446025848 0.957898139953613 0.93661367893219 0.95105367898941 0.929720461368561 0.939903199672699 0.95428079366684 0.964731931686401 0.975135564804077 0.953968405723572 0.950265467166901 0.947520971298218 0.954334557056427 0.963456571102142
0.56596302986145 0.504392564296722 0.680374681949615 0.307827144861221 0.670379340648651 0.812681317329407 0.911664247512817 0.988080322742462 0.995692491531372 0.996019303798676 0.991454064846039 0.995435059070587 0.998528480529785 0.998319506645203 0.998511552810669 0.995366275310516 0.993248581886292 0.979226291179657 0.977047502994537 0.977888762950897 0.976419389247894 0.974693655967712 0.970244705677032 0.963295817375183 0.972979545593262 0.979673802852631 0.956020474433899 0.955185234546661 0.960848927497864 0.952794969081879 0.94637805223465 0.944842934608459 0.929053664207458 0.918611347675323 0.940831303596497 0.937081217765808 0.949050843715668 0.946717262268066 0.966022133827209 0.955366373062134 0.941384732723236 0.950988471508026 0.950162947177887 0.94845449924469
0.978489339351654 0.954671025276184 0.9834965467453 0.875996589660645 0.941321909427643 0.875942349433899 0.979171693325043 0.996333003044128 0.859275221824646 0.88348650932312 0.99763423204422 0.998604774475098 0.998295366764069 0.997011780738831 0.991388320922852 0.984492301940918 0.983071982860565 0.977236390113831 0.974981665611267 0.979441523551941 0.972950518131256 0.971475839614868 0.959258198738098 0.960319578647614 0.963999450206757 0.965376496315002 0.96126252412796 0.957039654254913 0.944561958312988 0.959776639938354 0.935204744338989 0.9312943816185 0.916456043720245 0.899536490440369 0.909737765789032 0.930987477302551 0.908072412014008 0.916628062725067 0.926416039466858 0.928277194499969 0.93852823972702 0.930289328098297 0.944080471992493 0.957844913005829
0.983953297138214 0.992368280887604 0.990908980369568 0.991907119750977 0.99535071849823 0.989737629890442 0.996431529521942 0.941805183887482 0.564249813556671 0.748311579227448 0.996656894683838 0.998773396015167 0.998281240463257 0.990804076194763 0.985297441482544 0.981194734573364 0.976044476032257 0.978180110454559 0.97497683763504 0.977988123893738 0.972315788269043 0.964396238327026 0.963071525096893 0.960792005062103 0.962307274341583 0.958212971687317 0.960327625274658 0.954817652702332 0.944706737995148 0.927139520645142 0.937478542327881 0.912185788154602 0.908318936824799 0.869499146938324 0.879343509674072 0.898266673088074 0.907532155513763 0.924382269382477 0.918324410915375 0.923867285251617 0.916921496391296 0.930357933044434 0.937401533126831 0.934151530265808
