data/climate_estimation/maxent_output/Lilium_pomponium.asc
NCOLS 89 
NROWS 31 
XLLCORNER 0.833333333333333 
YLLCORNER 42.5833333333333 
CELLSIZE 0.0833333333333333 
NODATA_value -3.4e+38 
[rows 0 to 21 of 31, columns 0 to 49 of 89]
0.410438686609268 0.416970759630203 0.417187362909317 0.403594017028809 0.374343425035477 0.357341378927231 0.0107809938490391 0.0100382985547185 0.00975164771080017 0.00983625650405884 0.0103418603539467 0.0116835972294211 0.00904215592890978 0.00824364181607962 0.00995942484587431 0.00495118740946054 0.00447433488443494 0.00515943998470902 0.00575332110747695 0.00673278560861945 0.00899962335824966 0.00865507498383522 0.00914734415709972 0.00945175904780626 0.0089227706193924 0.00726479711011052 0.00726168788969517 0.00757608795538545 0.00640811352059245 0.00685097835958004 0.00289928121492267 0.00173286651261151 0.00197334866970778 0.00380742526613176 0.00386330834589899 0.00205260817892849 0.0018276710761711 0.0016571304295212 0.00284039694815874 0.00314798345789313 0.00307060056366026 0.00325000449083745 0.00470990734174848 0.00404894165694714 0.00359068834222853 0.000980176730081439 0.000656995980534703 0.000578186300117522 0.000556468323338777 0.000591956952121109
0.414098411798477 0.413774967193604 0.395717144012451 0.362215220928192 0.333357930183411 0.0124729610979557 0.0122121376916766 0.011660878546536 0.0103974714875221 0.00792860705405474 0.00821225438266993 0.00834955088794231 0.00821186788380146 0.00914627034217119 0.00924582500010729 0.00881765224039555 0.00424334220588207 0.00393366999924183 0.00497591448947787 0.00661131367087364 0.0077234678901732 0.0091731296852231 0.0091417646035552 0.00880532339215279 0.00893267244100571 0.00790205225348473 0.00644595269113779 0.00470933876931667 0.00663575949147344 0.0087900897487998 0.00688591878861189 0.00328832631930709 0.0027153582777828 0.00352964317426085 0.00457720598205924 0.00254892115481198 0.00165876967366785 0.00155250437092036 0.00253057456575334 0.00604018336161971 0.00550084607675672 0.00416249781847 0.00491293612867594 0.00163272663485259 0.00138940825127065 0.000760527735110372 0.000664905004668981 0.000634378171525896 0.000568555784411728 0.000644392101094127
0.385262548923492 0.366144090890884 0.332779288291931 0.0121935820207 0.0123402671888471 0.0111103914678097 0.0101135456934571 0.0100225443020463 0.00848161056637764 0.00764995906502008 0.0073971739038825 0.00774835236370564 0.00769097125157714 0.00902505218982697 0.0105502502992749 0.00449581630527973 0.00411513773724437 0.00365951168350875 0.00400953274220228 0.00538432085886598 0.0062128403224051 0.00624532252550125 0.00824269186705351 0.00825013127177954 0.00852080527693033 0.00780674442648888 0.00670632952824235 0.00486599747091532 0.00419610645622015 0.00699149770662189 0.0108720986172557 0.00726939179003239 0.00525837345048785 0.00371427251957357 0.00457276776432991 0.00527313631027937 0.00247533665969968 0.00240168068557978 0.0037757505197078 0.00767129706218839 0.00750375585630536 0.00342517299577594 0.00154617079533637 0.00184339715633541 0.000940383062697947 0.0010818806476891 0.000979225849732757 0.000933442555833608 0.000666362000629306 0.181023135781288
0.328494846820831 0.343672066926956 0.311487406492233 0.011329191736877 0.0106664793565869 0.00967803969979286 0.0086741354316473 0.00887223891913891 0.00834152102470398 0.00760139245539904 0.00825750827789307 0.00766357313841581 0.00748983165249228 0.00799279287457466 0.0101165333762765 0.00542294885963202 0.00396936433389783 0.00403521489351988 0.00415239529684186 0.00413492135703564 0.00486901076510549 0.00435771653428674 0.00568832224234939 0.00549923162907362 0.00532878842204809 0.00515748281031847 0.00469513377174735 0.00581098487600684 0.00624761916697025 0.00535597605630755 0.00751048466190696 0.0102732311934233 0.00707963109016418 0.00549580110237002 0.00348686240613461 0.00637604016810656 0.0047616302035749 0.0037431763485074 0.00559715367853642 0.00805578660219908 0.00800236128270626 0.00288603734225035 0.00152465095743537 0.00119163969065994 0.00103794550523162 0.000974488153588027 0.00108336168341339 0.000926884007640183 0.177434459328651 0.193889155983925
0.354295432567596 0.329617917537689 0.0107134291902184 0.0105985980480909 0.0096730962395668 0.00973631534725428 0.0082401018589735 0.0081094354391098 0.00802783668041229 0.00802245736122131 0.00835536699742079 0.00893497653305531 0.00930796284228563 0.00840636901557446 0.0096720140427351 0.00412049097940326 0.00342656765133142 0.00372347747907043 0.00435325456783175 0.00437737954780459 0.00360495434142649 0.00402752542868257 0.00398962525650859 0.00541001325473189 0.0067663281224668 0.00805927719920874 0.00703578395769 0.00821901764720678 0.00801379512995481 0.00583392800763249 0.00532139558345079 0.00989353470504284 0.0106846671551466 0.00733273243531585 0.00453463010489941 0.00394633086398244 0.0058015794493258 0.0062713110819459 0.00552668888121843 0.00637315632775426 0.00731131713837385 0.00569059047847986 0.00362770515494049 0.00124524324201047 0.00105185736902058 0.00109352055005729 0.225290939211845 0.215714335441589 0.207801431417465 0.216888889670372
0.321879982948303 0.326336115598679 0.325858116149902 0.010688410140574 0.0101604489609599 0.00938401836901903 0.00854014791548252 0.00845979619771242 0.00830645766109228 0.00874290056526661 0.00841855816543102 0.00792599190026522 0.0076798009686172 0.00824214518070221 0.00382345169782639 0.00356167927384377 0.00286210211925209 0.0030074967071414 0.0029437318444252 0.00321091758087277 0.00275470339693129 0.0027827110607177 0.003930882550776 0.00532780354842544 0.00837696064263582 0.0094279907643795 0.00770567497238517 0.00868524052202702 0.0075359451584518 0.00608759466558695 0.0054332003928721 0.00723764859139919 0.0110255004838109 0.00943374540656805 0.0068742074072361 0.0048677041195333 0.00433628493919969 0.00766795501112938 0.0085221529006958 0.00469608884304762 0.00127965945284814 0.00103165255859494 0.00109666003845632 0.00132700894027948 0.00143225165084004 0.244537368416786 0.249688670039177 0.225477948784828 0.290513694286346 0.259654670953751
0.321500152349472 0.3227259516716 0.306352108716965 0.0105958506464958 0.00917499419301748 0.00879849214106798 0.0088448328897357 0.00860559567809105 0.00862902961671352 0.00861330609768629 0.00845686811953783 0.00775734288617969 0.00739346211776137 0.00655893003568053 0.00674629444256425 0.00647336198017001 0.00275221653282642 0.00288399239070714 0.00268468563444912 0.00250311195850372 0.00238723889924586 0.00242504826746881 0.00334401638247073 0.00372647121548653 0.00520736817270517 0.00895937904715538 0.00978816580027342 0.00950977206230164 0.0078393230214715 0.00533350091427565 0.00629857601597905 0.00680560432374477 0.0104698976501822 0.00996237155050039 0.00809049606323242 0.00846118852496147 0.00579320406541228 0.00511689623817801 0.00683992356061935 0.00351379974745214 0.00171332887839526 0.00102393282577395 0.220334127545357 0.22805018723011 0.00172844214830548 0.300016224384308 0.269851326942444 0.250448077917099 0.281086564064026 0.28187495470047
0.292081773281097 0.268155544996262 0.270731598138809 0.271407127380371 0.268750101327896 0.249881580471992 0.249004602432251 0.253977626562119 0.00762736657634377 0.0080615421757102 0.00797699484974146 0.0073240571655333 0.00832727272063494 0.00683315377682447 0.00619825394824147 0.00300212693400681 0.00300137978047132 0.00255504110828042 0.00243678269907832 0.00245033949613571 0.00212904438376427 0.00197425927035511 0.00171859958209097 0.00189903017599136 0.00242654094472528 0.00446267379447818 0.00715899327769876 0.00765846017748117 0.00484450813382864 0.00253606727346778 0.00350680365227163 0.00468122074380517 0.00477325264364481 0.00619096588343382 0.00788775831460953 0.00842414516955614 0.00535939913243055 0.00270865042693913 0.00297136954031885 0.00128651049453765 0.00114071171265095 0.206143468618393 0.229730784893036 0.249548777937889 0.276596277952194 0.271542549133301 0.23413935303688 0.243196338415146 0.287077903747559 0.333864629268646
0.263165742158890 0.263816565275192 0.279816538095474 0.262033939361572 0.262358039617538 0.265299141407013 0.259329050779343 0.240657120943069 0.228165447711945 0.236551225185394 0.242170989513397 0.242065653204918 0.00686227204278111 0.00333619117736816 0.00693890359252691 0.00336600630544126 0.00338503951206803 0.00288306456059217 0.002704061800614 0.00225302926264703 0.00229631690308452 0.00214647105894983 0.00193548004608601 0.00190990383271128 0.00195391802117229 0.00169194408226758 0.00197996152564883 0.00219212449155748 0.0019622640684247 0.00283309444785118 0.00290936161763966 0.00396039104089141 0.0039433054625988 0.00855289865285158 0.00992576498538256 0.00673519633710384 0.00353476428426802 0.00187134556472301 0.00199109292589128 0.00123757775872946 0.217925742268562 0.22298201918602 0.241218417882919 0.293075978755951 0.310277462005615 0.289824187755585 0.242079526185989 0.294440031051636 0.326015651226044 0.331565678119659
0.261231601238251 0.264341622591019 0.270526170730591 0.280646085739136 0.263930171728134 0.263269692659378 0.257118344306946 0.276402980089188 0.241737231612206 0.255055606365204 0.247535035014153 0.263024538755417 0.278436481952667 0.00354083953425288 0.00339640281163156 0.0037716010119766 0.00331487972289324 0.00340531812980771 0.00323507958091795 0.00272715813480318 0.00258364761248231 0.00204126816242933 0.00217475788667798 0.00223903823643923 0.00178996950853616 0.00188574253115803 0.0022704298608005 0.00279505993239582 0.00291590089909732 0.00312884524464607 0.00282114162109792 0.00344988773576915 0.00260723172686994 0.00343168992549181 0.00526922522112727 0.00830204226076603 0.00795159302651882 0.00225002411752939 0.00258846767246723 0.249035537242889 0.241704940795898 0.269580632448196 0.291278481483459 0.326283067464828 0.331592619419098 0.27130863070488 0.247044607996941 0.275956839323044 0.304058462381363 0.293121010065079
0.25203412771225 0.254158228635788 0.266094028949738 0.237193062901497 0.243587449193001 0.258038431406021 0.258435308933258 0.249496668577194 0.260001868009567 0.264901548624039 0.267212510108948 0.270562559366226 0.289688348770142 0.265030294656754 0.264923065900803 0.00369066139683127 0.00434786314144731 0.00368613330647349 0.00332328421063721 0.00327525404281914 0.00270084454677999 0.00250350241549313 0.00239267712458968 0.00266286986880004 0.00296531594358385 0.00299104722216725 0.00219185324385762 0.00223831832408905 0.00224387808702886 0.00260055577382445 0.00337633234448731 0.00368745950981975 0.00414224388077855 0.00221150275319815 0.00346978357993066 0.00380558334290981 0.00289705954492092 0.274256199598312 0.282596260309219 0.280586093664169 0.280521154403687 0.291780233383179 0.304735630750656 0.32877853512764 0.274309515953064 0.244085222482681 0.237234756350517 0.2689029276371 0.267869502305984 0.324180781841278
0.243763864040375 0.23153167963028 0.220980420708656 0.237351715564728 0.241966798901558 0.240452870726585 0.238074079155922 0.236206710338593 0.258437305688858 0.25131544470787 0.266825437545776 0.268767267465591 0.266211003065109 0.269847273826599 0.256013333797455 0.264528542757034 0.00334691978059709 0.271494030952454 0.0029819190967828 0.00271393312141299 0.00270382896997035 0.00307848025113344 0.00272759352810681 0.00267071952112019 0.00298634101636708 0.00224264734424651 0.00162839831318706 0.00126398494467139 0.00153740320820361 0.00241353502497077 0.00298932031728327 0.00340499286539853 0.00362731842324138 0.00333704007789493 0.00310759991407394 0.290421068668365 0.322963982820511 0.314060777425766 0.32383981347084 0.305815130472183 0.2889384329319 0.308945924043655 0.340567708015442 0.257154136896133 0.259564280509949 0.26467365026474 0.257266461849213 0.284944415092468 0.271647989749908 0.274168580770493
0.225736007094383 0.215389251708984 0.229581251740456 0.246350899338722 0.242944478988647 0.23231016099453 0.247649729251862 0.216708600521088 0.231690898537636 0.236289232969284 0.270319879055023 0.283878117799759 0.236360177397728 0.233433365821838 0.26545375585556 0.27807891368866 0.270373493432999 0.294584095478058 0.263874888420105 0.271860748529434 0.00307587976567447 0.00325034698471427 0.00309133948758245 0.00296686077490449 0.00285050994716585 0.00182634999509901 0.00146841560490429 0.00167843978852034 0.00190081889741123 0.00194548256695271 0.00293567893095315 0.00421604048460722 0.00769622623920441 0.00422366196289659 0.309683680534363 0.308122277259827 0.31425267457962 0.327085316181183 0.304582238197327 0.298836529254913 0.301666378974915 0.344889611005783 0.330357700586319 0.289866656064987 0.288215100765228 0.245926976203918 0.23969241976738 0.23649936914444 0.252759397029877 0.255097836256027
0.213277444243431 0.214029297232628 0.227688580751419 0.241742789745331 0.242222875356674 0.22701196372509 0.238654896616936 0.247930943965912 0.24634313583374 0.261714041233063 0.286897152662277 0.269528567790985 0.25068262219429 0.252597332000732 0.276372492313385 0.284671306610107 0.28180667757988 0.278659909963608 0.291995495557785 0.283429801464081 0.288272231817245 0.248751997947693 0.236103981733322 0.216886565089226 0.21038419008255 0.171681746840477 0.00208783592097461 0.00230783526785672 0.00255172699689865 0.201792821288109 0.00258206925354898 0.00551125360652804 0.00560624385252595 0.330125600099564 0.323125809431076 0.393052816390991 0.367148965597153 0.328377515077591 0.31558221578598 0.284332573413849 0.283941656351089 0.290384709835052 0.260765045881271 0.266833484172821 0.289043933153152 0.300873786211014 0.277136623859406 0.254633814096451 0.254946857690811 0.244566351175308
0.255586057901382 0.242832690477371 0.265113294124603 0.251720458269119 0.237646266818047 0.249557450413704 0.240054175257683 0.241117388010025 0.261458098888397 0.271400690078735 0.251653254032135 0.251529276371002 0.237435907125473 0.260078132152557 0.271512180566788 0.257789522409439 0.275353908538818 0.285875707864761 0.281879186630249 0.281607508659363 0.26603427529335 0.265614420175552 0.211558416485786 0.207440316677094 0.217904925346375 0.22475802898407 0.231872215867043 0.262703955173492 0.251939475536346 0.242069244384766 0.266723036766052 0.284877747297287 0.313079684972763 0.312935322523117 0.308673650026321 0.364172369241714 0.36345112323761 0.340828478336334 0.322908073663712 0.321874409914017 0.272511273622513 0.245109871029854 0.231623783707619 0.246718183159828 0.231817230582237 0.264536559581757 0.281670093536377 0.246558025479317 0.226608544588089 0.220676407217979
0.254362940788269 0.24572679400444 0.261002719402313 0.264183700084686 0.241278231143951 0.263458520174026 0.250228524208069 0.260811418294907 0.252356439828873 0.271268874406815 0.244010984897614 0.254394620656967 0.260095298290253 0.248790040612221 0.271483331918716 0.29388153553009 0.292404502630234 0.318606823682785 0.351254761219025 0.366376847028732 0.369465202093124 0.303546875715256 0.286947250366211 0.250255197286606 0.24329899251461 0.243854194879532 0.249695524573326 0.251818358898163 0.290546417236328 0.28490799665451 0.317718416452408 0.336155623197556 0.332424640655518 0.363398820161819 0.338001072406769 0.365210592746735 0.396239072084427 0.351026058197021 0.31178617477417 0.295168340206146 0.289223849773407 0.258516371250153 0.244063943624496 0.24607440829277 0.239105582237244 0.231887057423592 0.257029384374619 0.2468651086092 0.240011975169182 0.245538279414177
0.248726874589920 0.237454310059547 0.292176812887192 0.259164750576019 0.276208072900772 0.246427178382874 0.25292894244194 0.261889308691025 0.256374269723892 0.25508713722229 0.248303174972534 0.263856559991837 0.255938231945038 0.287061959505081 0.266217857599258 0.287653684616089 0.299632251262665 0.341541886329651 0.390851587057114 0.408406943082809 0.411454677581787 0.375819444656372 0.335700124502182 0.363327652215958 0.330030202865601 0.308948665857315 0.298913329839706 0.264910608530045 0.298381745815277 0.304168939590454 0.344125896692276 0.376810848712921 0.399697422981262 0.369570970535278 0.389880985021591 0.401349902153015 0.404873847961426 0.352316230535507 0.308367669582367 0.310287415981293 0.26307600736618 0.243445068597794 0.229208067059517 0.250659137964249 0.241794735193253 0.248593091964722 0.268566995859146 0.256113499403 0.260922819375992 0.235627710819244
0.275527030229568 0.273759931325912 0.258023768663406 0.27408304810524 0.255923628807068 0.258332192897797 0.261431008577347 0.260866165161133 0.26494973897934 0.252577602863312 0.267494410276413 0.26262891292572 0.259136408567429 0.264083027839661 0.314801573753357 0.327236175537109 0.319699317216873 0.386098325252533 0.411571472883224 0.402329534292221 0.401046723127365 0.432849615812302 0.469055831432343 0.44643372297287 0.429915815591812 0.400841772556305 0.347848117351532 0.267695277929306 0.301090329885483 0.293128877878189 0.278360843658447 0.329212337732315 0.322738319635391 0.36689493060112 0.389765858650208 0.413431465625763 0.387334644794464 0.339508831501007 0.320142984390259 0.286318749189377 0.254603326320648 0.251861691474915 0.278705209493637 0.257463157176971 0.25002533197403 0.269339084625244 0.266859114170074 0.246740311384201 0.254442155361176 0.27033206820488
0.263255059719086 0.272732436656952 0.257268577814102 0.272938400506973 0.271085888147354 0.280153900384903 0.245353937149048 0.23702347278595 0.275890052318573 0.265208452939987 0.282487809658051 0.28450533747673 0.27245420217514 0.306871712207794 0.32025408744812 0.324595868587494 0.317647159099579 0.329279184341431 0.423381000757217 0.43019238114357 0.459257215261459 0.478198707103729 0.461886495351791 0.446540355682373 0.487458497285843 0.454035431146622 0.30407041311264 0.275680810213089 0.316134244203568 0.314901441335678 0.317630022764206 0.291016429662704 0.319045633077621 0.371283948421478 0.401131272315979 0.382295846939087 0.349868655204773 0.309729784727097 0.290940016508102 0.302809566259384 0.289302110671997 0.270736873149872 0.262120127677917 0.271615862846375 0.255806386470795 0.267180770635605 0.261179029941559 0.225917279720306 0.198141485452652 0.169695451855659
0.0041529000736773 0.283699363470078 0.282200038433075 0.297780811786652 0.289653241634369 0.268486678600311 0.243417769670486 0.26084765791893 0.267343461513519 0.287563532590866 0.270134091377258 0.280485898256302 0.263531267642975 0.339213132858276 0.336966961622238 0.320188611745834 0.346174269914627 0.344272702932358 0.359601438045502 0.441268473863602 0.480441689491272 0.490385562181473 0.498907446861267 0.444228678941727 0.299885153770447 0.28246545791626 0.322780698537827 0.310063153505325 0.321097105741501 0.318759143352509 0.299823790788651 0.297208070755005 0.351417005062103 0.424893885850906 0.396274507045746 0.373893886804581 0.323296159505844 0.336930871009827 0.323792278766632 0.307272464036942 0.295477658510208 0.304830521345139 0.293148756027222 0.296141237020493 0.289401233196259 0.248503237962723 0.225962981581688 0.198388665914536 0.171120032668114 0.166314318776131
0.00385957071557641 0.00387839530594647 0.00394745590165257 0.00399313634261489 0.266334921121597 0.260178625583649 0.255506902933121 0.277891397476196 0.29134613275528 0.269981920719147 0.276501536369324 0.313437461853027 0.273669987916946 0.319531708955765 0.367173075675964 0.405148774385452 0.460215330123901 0.461568564176559 0.478361755609512 0.489943236112595 0.482041656970978 0.470924824476242 0.412903994321823 0.395039826631546 0.335529357194901 0.309867918491364 0.27579066157341 0.289588630199432 0.27833017706871 0.318431586027145 0.327307790517807 0.324940711259842 0.338363826274872 0.353861927986145 0.394232273101807 0.364399582147598 0.333526045084 -3.4e+38 -3.4e+38 0.332294791936874 0.332129776477814 0.289670497179031 0.298411041498184 0.280958324670792 0.274832159280777 0.243787810206413 0.22101703286171 0.189996942877769 0.177955269813538 0.152073249220848
0.00412709033116698 0.00396098801866174 0.00374697986990213 0.00352648389525712 0.00328206946142018 0.273410439491272 0.286823034286499 0.283865422010422 0.299518525600433 0.285074412822723 0.286357849836349 0.287598311901093 0.309178411960602 0.317731022834778 0.363957703113556 0.423958152532578 0.457232683897018 0.482715010643005 0.470786988735199 0.456198871135712 0.415380418300629 0.37144735455513 0.325922876596451 0.329995363950729 0.30298924446106 0.294489234685898 0.291325449943542 0.299926668405533 0.297481715679169 0.304614692926407 0.312897026538849 0.315681546926498 0.318783521652222 0.350270658731461 0.420657426118851 -3.4e+38 -3.4e+38 -3.4e+38 -3.4e+38 -3.4e+38 -3.4e+38 -3.4e+38 -3.4e+38 -3.4e+38 0.276071608066559 0.227182298898697 0.204595282673836 0.172953456640244 0.184361830353737 0.139981225132942
