data/climate_estimation/maxent_output/Lilium_sulphureum.asc
NCOLS 134 
NROWS 80 
XLLCORNER 99.6666666666667 
YLLCORNER 23.4166666666667 
CELLSIZE 0.0833333333333334 
NODATA_value -3.4e+38 
[rows 20 to 39 of 80, columns 0 to 43 of 134]
0.573106944561005 0.597979485988617 0.174795687198639 0.26494488120079 0.19336025416851 0.568598330020905 0.830250084400177 0.247730940580368 0.058329951018095 0.176707476377487 0.745253562927246 0.978303134441376 0.765038967132568 0.667205214500427 0.985481083393097 0.694386422634125 0.443033248186111 0.638554513454437 0.953871786594391 0.991810977458954 0.980824768543243 0.67148894071579 0.980050563812256 0.993535995483398 0.9939244389534 0.970078468322754 0.988442778587341 0.994085669517517 0.992433786392212 0.989119470119476 0.965291082859039 0.991600453853607 0.994412302970886 0.993649363517761 0.992004096508026 0.990653514862061 0.991375803947449 0.987402975559235 0.985879421234131 0.983013272285461 0.980200588703156 0.979422628879547 0.967987954616547 0.974865674972534
0.615386307239532 0.534078180789948 0.205319106578827 0.16799321770668 0.735795497894287 0.873305559158325 0.938199579715729 0.273999094963074 0.206018775701523 0.224542006850243 0.261477679014206 0.98131537437439 0.960238456726074 0.827093482017517 0.990256249904633 0.847060322761536 0.715488433837891 0.749871373176575 0.700359165668488 0.764722406864166 0.994117021560669 0.722593784332275 0.94498348236084 0.989021897315979 0.97908228635788 0.98921537399292 0.984840035438538 0.995596945285797 0.992504239082336 0.962028920650482 0.962404608726501 0.995442450046539 0.993016481399536 0.990426301956177 0.993304371833801 0.992313861846924 0.990077555179596 0.989872395992279 0.987067401409149 0.976097524166107 0.977206885814667 0.981477439403534 0.896042764186859 0.945210635662079
0.876197695732117 0.517468929290771 0.202490001916885 0.155675545334816 0.208294436335564 0.632067263126373 0.978399991989136 0.821154057979584 0.186355084180832 0.775501906871796 0.96616119146347 0.989267230033875 0.836984217166901 0.757426023483276 0.991355180740356 0.980035185813904 0.919153153896332 0.90107136964798 0.915743947029114 0.7337686419487 0.995023488998413 0.879495024681091 0.988731682300568 0.994495749473572 0.96244865655899 0.995328366756439 0.992198050022125 0.99656617641449 0.976962566375732 0.94003701210022 0.988520324230194 0.99124401807785 0.99456113576889 0.995062530040741 0.993207216262817 0.992836236953735 0.985390067100525 0.990178525447845 0.988242328166962 0.983052790164948 0.983791649341583 0.974624514579773 0.882303953170776 0.94571328163147
0.810243189334869 0.701151967048645 0.259758204221725 0.260843068361282 0.305716127157211 0.492402702569962 0.975156545639038 0.971621334552765 0.349337369203568 0.682294607162476 0.989002466201782 0.962150573730469 0.35595440864563 0.940688967704773 0.992977201938629 0.993812620639801 0.991429567337036 0.960148572921753 0.890696942806244 0.819859683513641 0.995242416858673 0.996302664279938 0.996117413043976 0.996740221977234 0.995355308055878 0.996248185634613 0.992730677127838 0.996984481811523 0.989059031009674 0.976545572280884 0.960160970687866 0.994835793972015 0.995166003704071 0.995576024055481 0.995288014411926 0.986103355884552 0.989776611328125 0.988379299640656 0.988690316677094 0.98321133852005 0.953106999397278 0.968252956867218 0.951726973056793 0.975317358970642
0.829645037651062 0.801969230175018 0.456323951482773 0.625084638595581 0.474039554595947 0.471569657325745 0.928530693054199 0.988296210765839 0.967766344547272 0.975714564323425 0.990500867366791 0.741507530212402 0.763097643852234 0.856572568416595 0.881097733974457 0.99431449174881 0.995221495628357 0.986989259719849 0.993781864643097 0.932259559631348 0.985684514045715 0.995113551616669 0.992273569107056 0.989985823631287 0.997412264347076 0.98836749792099 0.997870445251465 0.997587859630585 0.990416944026947 0.908891797065735 0.945759773254395 0.99646520614624 0.996995449066162 0.9964200258255 0.993229925632477 0.986968040466309 0.993686199188232 0.991039335727692 0.977948248386383 0.979913413524628 0.98173987865448 0.982099413871765 0.979066252708435 0.930639028549194
0.823081076145172 0.756235897541046 0.438916176557541 0.717670559883118 0.894513607025146 0.706912696361542 0.815455496311188 0.950337409973145 0.990194082260132 0.988567531108856 0.993030667304993 0.958921074867249 0.975215017795563 0.984758913516998 0.952721178531647 0.99498850107193 0.994875431060791 0.995743095874786 0.995703756809235 0.997164130210876 0.990062117576599 0.996583878993988 0.99281632900238 0.982134580612183 0.994421482086182 0.997606456279755 0.994673371315002 0.997665643692017 0.997982323169708 0.896378576755524 0.913523852825165 0.987584829330444 0.996207237243652 0.99646133184433 0.984394133090973 0.995188891887665 0.992426633834839 0.990066826343536 0.987038791179657 0.989345788955688 0.985956072807312 0.981317639350891 0.978240489959717 0.976855278015137
0.899378657341003 0.725325882434845 0.465253472328186 0.744437634944916 0.799360454082489 0.966706275939941 0.961801290512085 0.970254004001617 0.992087543010712 0.980484902858734 0.98566460609436 0.976057589054108 0.994937181472778 0.995556175708771 0.995172321796417 0.993278563022614 0.956514298915863 0.997032463550568 0.99705296754837 0.996825158596039 0.996806859970093 0.992534220218658 0.997455537319183 0.953147172927856 0.988846361637115 0.996941030025482 0.988832354545593 0.99572366476059 0.998308181762695 0.969691634178162 0.829448699951172 0.871481776237488 0.981540560722351 0.997255206108093 0.989883542060852 0.995923519134521 0.994692981243134 0.99299031496048 0.98949146270752 0.989166259765625 0.982059180736542 0.982798337936401 0.950574398040771 0.895347476005554
0.924008011817932 0.888729393482208 0.809301435947418 0.848633944988251 0.926263749599457 0.991640269756317 0.991312026977539 0.992872059345245 0.964641869068146 0.993788301944733 0.903570353984833 0.995585918426514 0.996381282806396 0.994162917137146 0.984683394432068 0.996689975261688 0.954703569412231 0.993928253650665 0.997383236885071 0.998169124126434 0.994659721851349 0.997284829616547 0.996625304222107 0.993111371994019 0.998514890670776 0.997949659824371 0.989051342010498 0.993082523345947 0.996240615844727 0.946610152721405 0.843421936035156 0.949376821517944 0.992054462432861 0.996714293956757 0.994665324687958 0.995734035968781 0.994415700435638 0.994530081748962 0.992134749889374 0.991406798362732 0.976962447166443 0.986287117004395 0.981154561042786 0.979536354541779
0.920322597026825 0.754399001598358 0.593996047973633 0.743132352828979 0.977356195449829 0.88631010055542 0.967040002346039 0.932908058166504 0.95315283536911 0.99407684803009 0.982945799827576 0.991162300109863 0.996265232563019 0.997063100337982 0.997706115245819 0.997886538505554 0.99522340297699 0.996832251548767 0.997953414916992 0.983542621135712 0.996665477752686 0.998635947704315 0.998839020729065 0.995621800422668 0.997611880302429 0.998918116092682 0.997673034667969 0.930204272270203 0.972327291965485 0.955826818943024 0.870727121829987 0.994506478309631 0.998179972171783 0.998210966587067 0.997823596000671 0.992061972618103 0.994855999946594 0.995395004749298 0.993870675563812 0.98772794008255 0.981206119060516 0.985970973968506 0.983492255210876 0.937278389930725
0.920713365077972 0.925126433372498 0.729510128498077 0.651742517948151 0.975682437419891 0.947156846523285 0.957558155059814 0.993544220924377 0.996033012866974 0.939862668514252 0.964199662208557 0.830606520175934 0.989876568317413 0.992421567440033 0.996995449066162 0.998162448406219 0.998502612113953 0.99837863445282 0.991327226161957 0.998874366283417 0.998931527137756 0.998439908027649 0.998485386371613 0.999183356761932 0.995721638202667 0.998219430446625 0.998740434646606 0.987712442874908 0.979804396629333 0.990298926830292 0.95619398355484 0.995894610881805 0.997638642787933 0.996900796890259 0.998148322105408 0.985624015331268 0.997075796127319 0.984068334102631 0.994861423969269 0.992320656776428 0.966173768043518 0.986755192279816 0.919427752494812 0.857443928718567
0.727878630161285 0.973560452461243 0.933560490608215 0.693999886512756 0.993342280387878 0.995223999023438 0.992979109287262 0.933221220970154 0.992597997188568 0.981778621673584 0.977788329124451 0.912039041519165 0.991221725940704 0.998304426670074 0.99822723865509 0.998104274272919 0.996274292469025 0.998180449008942 0.996358036994934 0.998827755451202 0.99786776304245 0.997563183307648 0.997900247573853 0.999330520629883 0.997115194797516 0.998555123806 0.999331951141357 0.978158593177795 0.987995088100433 0.998159885406494 0.95592600107193 0.998795807361603 0.984306812286377 0.988882064819336 0.998013198375702 0.990119636058807 0.992196917533875 0.996382415294647 0.995989501476288 0.99435418844223 0.941210091114044 0.965627312660217 0.828036785125732 0.962947010993958
0.813854873180389 0.926707088947296 0.981679320335388 0.909445583820343 0.993569433689117 0.994728147983551 0.995085954666138 0.908464729785919 0.995723187923431 0.988876640796661 0.997554183006287 0.997492909431458 0.998368859291077 0.998236835002899 0.998143553733826 0.99868255853653 0.998598098754883 0.998898983001709 0.998763740062714 0.998985826969147 0.995986580848694 0.997333109378815 0.998243391513824 0.99879652261734 0.999335527420044 0.998484075069427 0.99939227104187 0.893504500389099 0.997759103775024 0.995032906532288 0.968342423439026 0.998830020427704 0.998388707637787 0.997105181217194 0.96647173166275 0.993307292461395 0.994096219539642 0.996638536453247 0.996525228023529 0.944653332233429 0.969465017318726 0.883368968963623 0.978343844413757 0.986714661121368
0.990207016468048 0.75049901008606 0.967631101608276 0.992088377475739 0.79490602016449 0.98917031288147 0.990509688854218 0.968934595584869 0.996554732322693 0.995812952518463 0.960730135440826 0.997329831123352 0.985213994979858 0.998910188674927 0.997375786304474 0.998372793197632 0.999073386192322 0.998656392097473 0.998165011405945 0.998529314994812 0.999110162258148 0.999379575252533 0.998431503772736 0.99911493062973 0.999233305454254 0.999205470085144 0.996627867221832 0.934032917022705 0.999478101730347 0.9860919713974 0.866136848926544 0.95473313331604 0.999337136745453 0.998544752597809 0.90323406457901 0.998503804206848 0.992082893848419 0.996522605419159 0.962725162506104 0.881420016288757 0.849755048751831 0.893595516681671 0.931721925735474 0.983185112476349
0.990948855876923 0.889331459999084 0.81038761138916 0.988501310348511 0.993505239486694 0.880224585533142 0.985738337039948 0.993466258049011 0.998351097106934 0.99661523103714 0.991667807102203 0.980184614658356 0.998425364494324 0.998468220233917 0.997636735439301 0.999190747737885 0.999309897422791 0.999212622642517 0.998553156852722 0.999133884906769 0.999426782131195 0.998581171035767 0.996657371520996 0.999552667140961 0.999448895454407 0.954071223735809 0.958856284618378 0.979783236980438 0.999612212181091 0.97694456577301 0.98205178976059 0.987073421478271 0.99784916639328 0.998732566833496 0.991402626037598 0.992697060108185 0.998518228530884 0.997242033481598 0.90376877784729 0.997024655342102 0.993244230747223 0.992539346218109 0.901115298271179 0.984882116317749
0.995479702949524 0.988249540328979 0.995991587638855 0.957329511642456 0.996676504611969 0.996974885463715 0.955710291862488 0.998550713062286 0.998206794261932 0.994646906852722 0.985623002052307 0.997949182987213 0.999063849449158 0.99832022190094 0.998755097389221 0.998579204082489 0.999427378177643 0.999425053596497 0.999379754066467 0.999537408351898 0.999433040618896 0.999326169490814 0.999364018440247 0.999036908149719 0.999267578125 0.98052567243576 0.850968360900879 0.999678254127502 0.999130606651306 0.994499564170837 0.993162214756012 0.916831135749817 0.999516308307648 0.99789971113205 0.994008779525757 0.832621395587921 0.998910546302795 0.998486220836639 0.873331129550934 0.966057300567627 0.983051776885986 0.994416296482086 0.889683306217194 0.989788413047791
0.99076122045517 0.99532949924469 0.983690023422241 0.994462549686432 0.993144869804382 0.977285921573639 0.8633633852005 0.998628914356232 0.998308122158051 0.959897696971893 0.998755514621735 0.999015212059021 0.999173402786255 0.999285578727722 0.999169528484344 0.999381840229034 0.99916398525238 0.999477505683899 0.999538421630859 0.999292135238647 0.998178064823151 0.989447057247162 0.998008131980896 0.998488128185272 0.97735732793808 0.910015165805817 0.877186834812164 0.998555064201355 0.999114096164703 0.991866827011108 0.851859331130981 0.971128046512604 0.998211741447449 0.99895566701889 0.999446392059326 0.97539496421814 0.972530901432037 0.998581767082214 0.907969772815704 0.981777191162109 0.997506320476532 0.995500087738037 0.973407566547394 0.915375232696533
0.996987462043762 0.985043108463287 0.993165552616119 0.996317744255066 0.995421171188354 0.998483180999756 0.993192195892334 0.99862664937973 0.999110102653503 0.973585367202759 0.998798847198486 0.999130606651306 0.999119758605957 0.99881511926651 0.999366104602814 0.999299466609955 0.998608291149139 0.999556303024292 0.999491989612579 0.984926402568817 0.906954646110535 0.99193274974823 0.948900103569031 0.993083477020264 0.998057186603546 0.930416107177734 0.997535169124603 0.995263874530792 0.998644053936005 0.902377068996429 0.911918997764587 0.995508849620819 0.996488332748413 0.999620199203491 0.998758554458618 0.990768373012543 0.752156913280487 0.88545835018158 0.756779909133911 0.99481862783432 0.997855961322784 0.99650913476944 0.991613268852234 0.911946654319763
0.99620795249939 0.996439099311829 0.99621045589447 0.982092678546906 0.992817342281342 0.99825394153595 0.999093294143677 0.999143481254578 0.998986542224884 0.977399289608002 0.999404072761536 0.997175574302673 0.992462396621704 0.998561918735504 0.9994877576828 0.999571919441223 0.999532759189606 0.99885880947113 0.999456942081451 0.991874217987061 0.783167898654938 0.755722343921661 0.743859827518463 0.858673691749573 0.925908982753754 0.99632340669632 0.999027073383331 0.996192693710327 0.973196625709534 0.747036874294281 0.999018847942352 0.999318838119507 0.999588906764984 0.999718964099884 0.999038696289062 0.999231815338135 0.960179686546326 0.706166923046112 0.495445996522903 0.980935990810394 0.994921505451202 0.997650921344757 0.996507883071899 0.969901084899902
0.996865630149841 0.998131275177002 0.996528625488281 0.975437462329865 0.992927014827728 0.998371839523315 0.99807345867157 0.998730659484863 0.999289274215698 0.989810883998871 0.99760627746582 0.949288308620453 0.999403119087219 0.999287128448486 0.999440670013428 0.999548554420471 0.999483585357666 0.982447028160095 0.958896040916443 0.984259784221649 0.987396955490112 0.719974160194397 0.91437041759491 0.987070441246033 0.820173025131226 0.998746573925018 0.997980177402496 0.952792108058929 0.899332880973816 0.824618756771088 0.999722838401794 0.999243557453156 0.999744892120361 0.999782741069794 0.999697685241699 0.999421715736389 0.965986013412476 0.980671584606171 0.776378750801086 0.651450634002686 0.974718391895294 0.997230231761932 0.995910048484802 0.992331504821777
0.99790221452713 0.99536269903183 0.994694173336029 0.997879683971405 0.998910188674927 0.99907523393631 0.999286472797394 0.998602151870728 0.980655252933502 0.968618452548981 0.985104501247406 0.805570542812347 0.98393303155899 0.999387502670288 0.998937845230103 0.99926495552063 0.998623132705688 0.9677894115448 0.863199830055237 0.92717033624649 0.908494174480438 0.785746991634369 0.995327889919281 0.991361737251282 0.900577187538147 0.782473683357239 0.952167272567749 0.727378070354462 0.586852252483368 0.872041344642639 0.999831438064575 0.999283075332642 0.999688744544983 0.999579310417175 0.999699294567108 0.999585509300232 0.99931526184082 0.996428787708282 0.994001686573029 0.632322669029236 0.755744516849518 0.992596387863159 0.998111188411713 0.996498465538025
