data/climate_estimation/maxent_output/Lilium_nepalense.asc
NCOLS 295 
NROWS 86 
XLLCORNER 80.3333333333333 
YLLCORNER 22.5833333333333 
CELLSIZE 0.0833333333333333 
NODATA_value -3.4e+38 
[rows 19 to 37 of 86, columns 176 to 219 of 295]
0.906547009944916 0.898876786231995 0.960045278072357 0.860560536384583 0.847066044807434 0.814625203609467 0.762046873569489 0.672596156597137 0.610916137695312 0.64082258939743 0.855109035968781 0.977810204029083 0.99077433347702 0.993141651153564 0.997801423072815 0.998257160186768 0.999172389507294 0.998322069644928 0.991207420825958 0.997809231281281 0.999243557453156 0.998250722885132 0.998355329036713 0.999225795269012 0.998131096363068 0.998819351196289 0.997723519802094 0.992596685886383 0.99379426240921 0.997714519500732 0.997377336025238 0.997061491012573 0.993927180767059 0.996013939380646 0.99540787935257 0.993237793445587 0.991924405097961 0.990570664405823 0.988743960857391 0.989124894142151 0.991706967353821 0.990931928157806 0.979901790618896 0.98600447177887
0.972812414169312 0.960844159126282 0.917193949222565 0.770649373531342 0.690594851970673 0.670169115066528 0.613358855247498 0.540420830249786 0.502264559268951 0.503384232521057 0.544398248195648 0.64001452922821 0.722446501255035 0.804166555404663 0.977801442146301 0.990229368209839 0.997406125068665 0.977501153945923 0.995990037918091 0.996074438095093 0.999103665351868 0.99926745891571 0.998888850212097 0.998615980148315 0.998954296112061 0.997323215007782 0.992902219295502 0.989011287689209 0.993676006793976 0.998586773872375 0.995067358016968 0.994017481803894 0.995038509368896 0.995872020721436 0.994843482971191 0.995519280433655 0.993841290473938 0.993401765823364 0.990981936454773 0.991208970546722 0.991498827934265 0.989823698997498 0.986646294593811 0.953620731830597
0.783262491226196 0.748067259788513 0.659929513931274 0.592025995254517 0.564691364765167 0.538511633872986 0.47603252530098 0.414492219686508 0.395524203777313 0.398822396993637 0.4275803565979 0.473135560750961 0.503105640411377 0.562598645687103 0.681632339954376 0.974862039089203 0.97552478313446 0.995357275009155 0.99893856048584 0.99837064743042 0.997640907764435 0.998832523822784 0.999268054962158 0.998447835445404 0.999338150024414 0.997671663761139 0.997527241706848 0.997812390327454 0.995994746685028 0.997806966304779 0.997912287712097 0.994320273399353 0.995346188545227 0.997166454792023 0.996845722198486 0.994298458099365 0.991793215274811 0.994105041027069 0.993647158145905 0.991240382194519 0.993267118930817 0.991442620754242 0.990724682807922 0.960882484912872
0.597122490406036 0.589704275131226 0.495865494012833 0.458569288253784 0.439699083566666 0.412171840667725 0.357345700263977 0.306431174278259 0.29725381731987 0.329977065324783 0.362479746341705 0.385478973388672 0.446729689836502 0.486440032720566 0.555119872093201 0.648900747299194 0.938255488872528 0.989343822002411 0.997494459152222 0.999305605888367 0.999415338039398 0.998577177524567 0.998854100704193 0.998918652534485 0.999390661716461 0.999311685562134 0.999000251293182 0.999302506446838 0.998010754585266 0.998101353645325 0.998210847377777 0.996112048625946 0.986218988895416 0.989018142223358 0.992138683795929 0.98375141620636 0.988359868526459 0.987189173698425 0.994326889514923 0.987080812454224 0.986604332923889 0.992727339267731 0.992067635059357 0.988562405109406
0.413481682538986 0.376879781484604 0.375888675451279 0.35879972577095 0.339579850435257 0.305801004171371 0.275442838668823 0.252444446086884 0.247485846281052 0.276562362909317 0.322322130203247 0.362537205219269 0.415167897939682 0.462183505296707 0.53742778301239 0.632076859474182 0.961917519569397 0.998375415802002 0.999392569065094 0.999411404132843 0.99955552816391 0.999313652515411 0.999472796916962 0.999676764011383 0.999464869499207 0.999350190162659 0.998660147190094 0.998634159564972 0.998579084873199 0.997992634773254 0.996604204177856 0.99735015630722 0.993795394897461 0.981193602085114 0.986083984375 0.985817313194275 0.978436231613159 0.978980422019958 0.994212746620178 0.990918278694153 0.989668607711792 0.99371725320816 0.992344498634338 0.976926028728485
0.299660861492157 0.304030954837799 0.293227523565292 0.294698387384415 0.289751559495926 0.262314707040787 0.230658739805222 0.218537747859955 0.233170226216316 0.258950591087341 0.29409071803093 0.382116764783859 0.439653813838959 0.503897070884705 0.539144992828369 0.68527740240097 0.980584263801575 0.992749750614166 0.998843252658844 0.999416768550873 0.999630868434906 0.999704301357269 0.998896598815918 0.999176859855652 0.999731004238129 0.999444365501404 0.997561097145081 0.996463179588318 0.994426786899567 0.994084656238556 0.997056603431702 0.992927074432373 0.989931762218475 0.986301779747009 0.977416515350342 0.972330808639526 0.965219616889954 0.945665121078491 0.991349995136261 0.976668775081635 0.979949235916138 0.995069563388824 0.99258691072464 0.986306309700012
0.245731592178345 0.246055126190186 0.253763765096664 0.247495085000992 0.239052012562752 0.223450019955635 0.211678683757782 0.201887026429176 0.216312035918236 0.243322804570198 0.285599380731583 0.33131006360054 0.475451231002808 0.67240446805954 0.71367734670639 0.755439460277557 0.987918019294739 0.998817145824432 0.999628245830536 0.99966436624527 0.99979293346405 0.999649465084076 0.999545156955719 0.999750435352325 0.999231934547424 0.999012649059296 0.998167216777802 0.995381891727448 0.991363048553467 0.995453059673309 0.996289730072021 0.990098834037781 0.979409754276276 0.976276516914368 0.963788509368896 0.971490323543549 0.955357551574707 0.975163400173187 0.961629748344421 0.980555713176727 0.994126796722412 0.995318233966827 0.995750963687897 0.994226217269897
0.208692580461502 0.216502979397774 0.214816302061081 0.21436707675457 0.209431707859039 0.213958874344826 0.196391329169273 0.195514798164368 0.216112121939659 0.243196606636047 0.268964380025864 0.31796532869339 0.365453273057938 0.495197862386703 0.688618838787079 0.733787059783936 0.808378040790558 0.949642539024353 0.96551388502121 0.996324896812439 0.999031960964203 0.999516725540161 0.999752223491669 0.999555706977844 0.998888552188873 0.997748970985413 0.997286438941956 0.995079040527344 0.987780749797821 0.99274867773056 0.995399236679077 0.992997109889984 0.982613563537598 0.959180891513824 0.972351372241974 0.94182425737381 0.961812198162079 0.962136626243591 0.992113888263702 0.993651688098907 0.995670020580292 0.985598742961884 0.992530405521393 0.996344387531281
0.192357048392296 0.18763954937458 0.192238137125969 0.189318597316742 0.190188392996788 0.192278787493706 0.193485766649246 0.19940097630024 0.222084194421768 0.24060346186161 0.275302141904831 0.32455587387085 0.371040195226669 0.437517106533051 0.643853485584259 0.914122819900513 0.957627058029175 0.955182492733002 0.97907418012619 0.983774304389954 0.995857715606689 0.999456524848938 0.999746322631836 0.999663591384888 0.999433517456055 0.998976349830627 0.997356832027435 0.994630813598633 0.987547338008881 0.987558841705322 0.991430997848511 0.992268919944763 0.987381875514984 0.97208559513092 0.945068061351776 0.930084347724915 0.968092799186707 0.955248713493347 0.992364585399628 0.992837309837341 0.985793054103851 0.959833800792694 0.991902351379395 0.993943750858307
0.170301899313927 0.176952764391899 0.168683335185051 0.172196820378304 0.169209375977516 0.179178506135941 0.198025986552238 0.216492161154747 0.229678928852081 0.239856123924255 0.283015847206116 0.351736068725586 0.50366473197937 0.533632516860962 0.722435891628265 0.917736709117889 0.988391041755676 0.986882388591766 0.996246993541718 0.998414814472198 0.999009847640991 0.997344553470612 0.999427378177643 0.999773442745209 0.999374508857727 0.998045980930328 0.997933924198151 0.996870994567871 0.993273556232452 0.990301489830017 0.984440267086029 0.985708236694336 0.984676420688629 0.985133111476898 0.950015783309937 0.920336902141571 0.959041476249695 0.950198709964752 0.959403395652771 0.991742134094238 0.96740335226059 0.95974463224411 0.988466858863831 0.976517915725708
0.159637466073036 0.165182128548622 0.165148124098778 0.156108200550079 0.151433885097504 0.171775847673416 0.195713430643082 0.207727700471878 0.244180858135223 0.303058177232742 0.386207818984985 0.502482950687408 0.503620028495789 0.6705442070961 0.843383371829987 0.895218312740326 0.958907186985016 0.987921953201294 0.997767686843872 0.998748123645782 0.997366070747375 0.996269941329956 0.99717789888382 0.999644935131073 0.999806821346283 0.999078154563904 0.997898876667023 0.997455894947052 0.99590015411377 0.992929518222809 0.984034776687622 0.975861489772797 0.971156418323517 0.974123597145081 0.948571741580963 0.972536265850067 0.964063346385956 0.97928249835968 0.925755143165588 0.990537822246552 0.967265427112579 0.953879535198212 0.898013830184937 0.913974165916443
0.157375633716583 0.154860347509384 0.161050364375114 0.161002025008202 0.169865548610687 0.193573907017708 0.316333651542664 0.365814119577408 0.50739574432373 0.584215641021729 0.564788103103638 0.729056298732758 0.966431319713593 0.927179038524628 0.956625819206238 0.9371417760849 0.96065229177475 0.994064629077911 0.99722808599472 0.99885094165802 0.994619429111481 0.99422812461853 0.998881757259369 0.998009085655212 0.999264061450958 0.999586880207062 0.998221814632416 0.996766984462738 0.995290160179138 0.993020713329315 0.980374753475189 0.968197524547577 0.961138129234314 0.960165977478027 0.940538167953491 0.969311416149139 0.984806656837463 0.994981527328491 0.934040486812592 0.966683328151703 0.98474133014679 0.891889929771423 0.875777721405029 0.988690614700317
0.153199225664139 0.157942950725555 0.156184494495392 0.167508378624916 0.21000762283802 0.26498219370842 0.577718496322632 0.757880866527557 0.717598021030426 0.773866713047028 0.936154425144196 0.951528429985046 0.969190120697021 0.95745062828064 0.923154771327972 0.926853477954865 0.898514151573181 0.955533027648926 0.952233374118805 0.987612247467041 0.992992103099823 0.997458755970001 0.997491419315338 0.998390138149261 0.998954057693481 0.999509155750275 0.999139308929443 0.997905135154724 0.996110081672668 0.992893278598785 0.98175573348999 0.96648508310318 0.93029373884201 0.940400004386902 0.931651949882507 0.94400554895401 0.96319043636322 0.996298134326935 0.987215936183929 0.905434310436249 0.898693919181824 0.938225865364075 0.951346755027771 0.995540261268616
0.147223263978958 0.153784170746803 0.182863846421242 0.265219688415527 0.305203586816788 0.412816435098648 0.57685261964798 0.93085241317749 0.876972794532776 0.987913191318512 0.975552439689636 0.988604545593262 0.92659467458725 0.933624982833862 0.829794943332672 0.878174841403961 0.937917411327362 0.959884107112885 0.986750483512878 0.996825814247131 0.998694956302643 0.999479055404663 0.999679982662201 0.999668836593628 0.999597609043121 0.999072551727295 0.999160170555115 0.998981952667236 0.998033881187439 0.991342604160309 0.97555547952652 0.953211843967438 0.903735637664795 0.927316308021545 0.9293053150177 0.955803453922272 0.982902467250824 0.991903901100159 0.993259489536285 0.971035063266754 0.813510656356812 0.995820105075836 0.993559658527374 0.991126596927643
0.160896822810173 0.186793386936188 0.348212391138077 0.428756564855576 0.464187890291214 0.84582108259201 0.941783607006073 0.960898220539093 0.965185105800629 0.994944632053375 0.953164160251617 0.976303339004517 0.945318698883057 0.88789689540863 0.769747018814087 0.859118461608887 0.944330930709839 0.978161811828613 0.992566347122192 0.992854833602905 0.997246921062469 0.995671153068542 0.998167514801025 0.999021351337433 0.999039173126221 0.997615337371826 0.999607384204865 0.998449504375458 0.996230006217957 0.987049758434296 0.965196430683136 0.925008535385132 0.878307938575745 0.930289387702942 0.969204425811768 0.957587361335754 0.985340774059296 0.981783211231232 0.949002981185913 0.990750908851624 0.815167725086212 0.993854403495789 0.991071224212646 0.967235445976257
0.182799726724625 0.297183245420456 0.597248613834381 0.6664719581604 0.576534807682037 0.94408106803894 0.987920820713043 0.990835547447205 0.993272244930267 0.911031603813171 0.870761096477509 0.991506040096283 0.988592028617859 0.97298139333725 0.968905508518219 0.866821527481079 0.869410932064056 0.961768686771393 0.980230152606964 0.990496098995209 0.992772161960602 0.994600713253021 0.993829011917114 0.996615529060364 0.994189381599426 0.992209613323212 0.998382806777954 0.998641788959503 0.991397142410278 0.966661751270294 0.934799373149872 0.899319410324097 0.886557459831238 0.935975074768066 0.949611902236938 0.953825533390045 0.963733434677124 0.903042852878571 0.934599637985229 0.989996194839478 0.821482241153717 0.973545491695404 0.971582770347595 0.870624899864197
0.403123825788498 0.550402283668518 0.802610456943512 0.760110199451447 0.775337994098663 0.98349541425705 0.994666576385498 0.991763234138489 0.87246435880661 0.820396542549133 0.967293918132782 0.985592126846313 0.953722536563873 0.919820547103882 0.929843187332153 0.870327651500702 0.784698605537415 0.822278738021851 0.811667084693909 0.883097290992737 0.919582307338715 0.924725353717804 0.945647239685059 0.976097941398621 0.983447372913361 0.985988974571228 0.995431363582611 0.996744453907013 0.988838195800781 0.961455106735229 0.942639946937561 0.906032681465149 0.860607743263245 0.892432272434235 0.924249827861786 0.93400776386261 0.900958299636841 0.953780293464661 0.994814276695251 0.997367799282074 0.787208020687103 0.812469244003296 0.913830459117889 0.930140912532806
0.515518724918365 0.549767553806305 0.750996828079224 0.892537117004395 0.962520897388458 0.98624861240387 0.969691216945648 0.957663893699646 0.776798665523529 0.839244306087494 0.976761400699615 0.982122659683228 0.878641963005066 0.926922082901001 0.651242434978485 0.61851841211319 0.644129991531372 0.67127388715744 0.697490155696869 0.733156621456146 0.758425951004028 0.778615355491638 0.821881473064423 0.899655103683472 0.956697523593903 0.990865409374237 0.999018251895905 0.998958468437195 0.981602013111115 0.95019268989563 0.907143414020538 0.836029887199402 0.802085936069489 0.851778566837311 0.926207482814789 0.882315754890442 0.915550768375397 0.965338170528412 0.955979466438293 0.962465465068817 0.704527378082275 0.979314148426056 0.98629093170166 0.976251780986786
0.57828414440155 0.814357876777649 0.905026912689209 0.926222503185272 0.942386984825134 0.989294350147247 0.90643697977066 0.86334890127182 0.874083876609802 0.899773955345154 0.995799839496613 0.963409602642059 0.921682417392731 0.935883283615112 0.636619448661804 0.582548797130585 0.619887232780457 0.642537117004395 0.648983120918274 0.697127938270569 0.718010723590851 0.736527740955353 0.794232249259949 0.929260432720184 0.902046978473663 0.957448840141296 0.996559858322144 0.997198462486267 0.971136152744293 0.938256978988647 0.945334255695343 0.810666263103485 0.746832251548767 0.810881316661835 0.925044298171997 0.82976770401001 0.873104095458984 0.869835555553436 0.977654874324799 0.940027058124542 0.655113160610199 0.956084787845612 0.974101006984711 0.990469574928284
