data/climate_estimation/maxent_output/Lilium_lophophorum.asc
NCOLS 77 
NROWS 66 
XLLCORNER 97.3333333333333 
YLLCORNER 25.75 
CELLSIZE 0.0833333333333334 
NODATA_value -3.4e+38 
[rows 0 to 19 of 66, columns 0 to 43 of 77]
0.129448965191841 0.12240631878376 0.127913698554039 0.133147701621056 0.133387789130211 0.141365587711334 0.144153848290443 0.145431518554688 0.148371741175652 0.158664152026176 0.171639546751976 0.175147205591202 0.179482638835907 0.20056214928627 0.219518139958382 0.226880937814713 0.222940489649773 0.233113065361977 0.245243474841118 0.251247525215149 0.257286101579666 0.271969854831696 0.270978301763535 0.305871158838272 0.300149887800217 0.311323344707489 0.317959070205688 0.339439541101456 0.362891346216202 0.401974439620972 0.441589117050171 0.472506701946259 0.499195754528046 0.495705127716064 0.438457816839218 0.325076907873154 0.553341448307037 0.502191245555878 0.58575302362442 0.601727068424225 0.444194555282593 0.39040619134903 0.38921383023262 0.485766530036926
0.128210008144379 0.140572115778923 0.131942301988602 0.139856770634651 0.143459558486938 0.141815781593323 0.155926391482353 0.152666419744492 0.160655915737152 0.159021094441414 0.171337455511093 0.181381225585938 0.18745419383049 0.196549639105797 0.206197783350945 0.226878717541695 0.22777684032917 0.237363800406456 0.231042295694351 0.224306255578995 0.248560830950737 0.250934839248657 0.292436629533768 0.318748950958252 0.29801270365715 0.353030204772949 0.356627464294434 0.349846690893173 0.410903453826904 0.418629437685013 0.480498671531677 0.486400812864304 0.512316942214966 0.516777396202087 0.560199022293091 0.352183610200882 0.477594017982483 0.563910782337189 0.65973836183548 0.657343447208405 0.611348927021027 0.505951285362244 0.495693206787109 0.441283464431763
0.118127673864365 0.145805537700653 0.144857972860336 0.148343190550804 0.149618297815323 0.155227273702621 0.162042394280434 0.160860791802406 0.167240262031555 0.161839291453362 0.176883205771446 0.179901868104935 0.195040911436081 0.193613439798355 0.218871504068375 0.217311382293701 0.220693841576576 0.23323367536068 0.229560256004333 0.255461931228638 0.247960984706879 0.269629657268524 0.258062481880188 0.269833624362946 0.343205213546753 0.364046484231949 0.332624286413193 0.342076629400253 0.412142843008041 0.466675758361816 0.517625272274017 0.556825995445251 0.558803200721741 0.509501039981842 0.511067688465118 0.385540217161179 0.497002422809601 0.641087532043457 0.677287995815277 0.685430824756622 0.701207876205444 0.68665623664856 0.684238076210022 0.659794569015503
0.108549110591412 0.148246884346008 0.140895739197731 0.154150307178497 0.154558211565018 0.165013313293457 0.158835545182228 0.166668564081192 0.174831137061119 0.171600699424744 0.177272915840149 0.183673962950706 0.193094924092293 0.204814106225967 0.20844167470932 0.22133594751358 0.241597712039948 0.22730478644371 0.259547889232635 0.268557012081146 0.258375972509384 0.294392704963684 0.308782011270523 0.330069214105606 0.354254305362701 0.38605585694313 0.353307366371155 0.338283181190491 0.417971014976501 0.460077047348022 0.531758010387421 0.589331388473511 0.555336475372314 0.515222132205963 0.4665547311306 0.373370140790939 0.508698403835297 0.700562179088593 0.710499048233032 0.71877121925354 0.723941385746002 0.686758041381836 0.715720236301422 0.697979748249054
0.132330775260925 0.152985543012619 0.157080724835396 0.145576775074005 0.163815289735794 0.175433173775673 0.168088242411613 0.179744854569435 0.168926998972893 0.17154435813427 0.181658491492271 0.175816670060158 0.192554265260696 0.207853093743324 0.220939978957176 0.23411850631237 0.247033223509789 0.234191060066223 0.271895110607147 0.250371605157852 0.283160924911499 0.287993341684341 0.346069872379303 0.317235350608826 0.395997852087021 0.420493274927139 0.406615257263184 0.375182807445526 0.448486298322678 0.478963673114777 0.54726630449295 0.611604750156403 0.514780819416046 0.514970481395721 0.417212009429932 0.482088834047318 0.581506431102753 0.724781155586243 0.719583749771118 0.681737840175629 0.746644198894501 0.746257543563843 0.618631780147552 0.728831171989441
0.144159287214279 0.158977955579758 0.156971290707588 0.1715137809515 0.164726212620735 0.171330660581589 0.177071288228035 0.173702225089073 0.180766373872757 0.191119283437729 0.198367208242416 0.19501169025898 0.196930631995201 0.212531700730324 0.223365068435669 0.225052669644356 0.249221816658974 0.279553920030594 0.238376274704933 0.233256414532661 0.229110360145569 0.317841142416 0.372927218675613 0.387076079845428 0.391007393598557 0.462481886148453 0.475294202566147 0.430770874023438 0.499553918838501 0.551640093326569 0.581137120723724 0.62257319688797 0.481062710285187 0.406722217798233 0.661737442016602 0.717473924160004 0.725001931190491 0.738679707050323 0.740086317062378 0.769083201885223 0.681259155273438 0.777232766151428 0.786873757839203 0.725250720977783
0.154402822256088 0.162351578474045 0.158018797636032 0.17279015481472 0.162769675254822 0.175596967339516 0.178068682551384 0.180231809616089 0.199646010994911 0.201932415366173 0.197326228022575 0.192107871174812 0.189536437392235 0.208575651049614 0.216160953044891 0.250261336565018 0.250808745622635 0.280208230018616 0.239079788327217 0.248195424675941 0.292596310377121 0.259558439254761 0.35515695810318 0.410928130149841 0.433475643396378 0.478547632694244 0.503001391887665 0.503370821475983 0.53049898147583 0.59754890203476 0.64730030298233 0.684690594673157 0.646922647953033 0.682213425636292 0.462796658277512 0.755593538284302 0.747501909732819 0.753987014293671 0.772164463996887 0.779089391231537 0.793245792388916 0.791977882385254 0.795153856277466 0.808231115341187
0.189126804471016 0.173498511314392 0.17417024075985 0.174680113792419 0.164679661393166 0.190985485911369 0.19503191113472 0.185160502791405 0.197220370173454 0.200901493430138 0.202502697706223 0.208819806575775 0.204385817050934 0.205543830990791 0.230527877807617 0.265993863344193 0.273808985948563 0.29358571767807 0.246096163988113 0.236666455864906 0.343997299671173 0.288783669471741 0.300886482000351 0.375216782093048 0.48490583896637 0.522150218486786 0.549370467662811 0.584802210330963 0.637405157089233 0.645208179950714 0.69539612531662 0.724873125553131 0.766914367675781 0.68991607427597 0.475252002477646 0.567147493362427 0.814702868461609 0.782563447952271 0.792359709739685 0.810561776161194 0.806002199649811 0.806167721748352 0.782394647598267 0.679999351501465
0.173775136470795 0.205191314220428 0.20873898267746 0.217265382409096 0.193201839923859 0.185329914093018 0.185519352555275 0.192881643772125 0.182604983448982 0.192715674638748 0.194196805357933 0.206366062164307 0.23053140938282 0.229605942964554 0.221507921814919 0.254811197519302 0.278562933206558 0.303896844387054 0.253974318504333 0.237901479005814 0.376488268375397 0.385123044252396 0.363735854625702 0.417614549398422 0.512656271457672 0.505872011184692 0.566134035587311 0.613265097141266 0.663155019283295 0.668639898300171 0.745546162128448 0.764967858791351 0.697491884231567 0.663706839084625 0.81950044631958 0.593826353549957 0.610744297504425 0.78696882724762 0.837989270687103 0.840867936611176 0.828827917575836 0.838794648647308 0.827721118927002 0.801511883735657
0.191469490528107 0.189929202198982 0.218833848834038 0.217682689428329 0.216543659567833 0.208792716264725 0.212299853563309 0.197589680552483 0.214512199163437 0.204210504889488 0.208490744233131 0.219760417938232 0.228945598006248 0.233568340539932 0.25405353307724 0.245036438107491 0.284782260656357 0.318453550338745 0.23889072239399 0.213017985224724 0.326648235321045 0.421709507703781 0.420613557100296 0.389998614788055 0.509936511516571 0.513643622398376 0.523503363132477 0.592509269714355 0.70147317647934 0.707626044750214 0.775002419948578 0.773331582546234 0.806234359741211 0.714516580104828 0.833121001720428 0.701020300388336 0.844674944877625 0.500529825687408 0.570814371109009 0.600799739360809 0.850885570049286 0.850325226783752 0.853401064872742 0.825930833816528
0.223718255758286 0.205409690737724 0.211669623851776 0.224056839942932 0.243358805775642 0.237087205052376 0.224201709032059 0.223956421017647 0.219907477498055 0.216923743486404 0.222628459334373 0.225262224674225 0.219549879431725 0.227085739374161 0.262498915195465 0.280246764421463 0.29584413766861 0.271428853273392 0.266017645597458 0.191727176308632 0.330749958753586 0.432595402002335 0.343889683485031 0.344805926084518 0.386428445577621 0.589506268501282 0.631240487098694 0.705732464790344 0.705520272254944 0.746808528900146 0.786616265773773 0.793551862239838 0.817149639129639 0.841363310813904 0.837651968002319 0.842656075954437 0.864693939685822 0.866764008998871 0.856501936912537 0.583200752735138 0.827088713645935 0.870233297348022 0.835235595703125 0.856582999229431
0.232527986168861 0.231057092547417 0.219070181250572 0.237859845161438 0.225115239620209 0.244813740253448 0.247009247541428 0.226266026496887 0.223920315504074 0.222366884350777 0.227387607097626 0.238040551543236 0.241797730326653 0.247606351971626 0.253946274518967 0.281237334012985 0.283263981342316 0.240194231271744 0.214503541588783 0.1854527592659 0.330102145671844 0.404216468334198 0.195190668106079 0.291147917509079 0.350517988204956 0.55210667848587 0.648487210273743 0.680622756481171 0.713607847690582 0.784192860126495 0.810331046581268 0.832216143608093 0.827658712863922 0.833624839782715 0.849891126155853 0.876095533370972 0.845360577106476 0.885790228843689 0.889190554618835 0.880204498767853 0.715278625488281 0.758651316165924 0.87910270690918 0.698922574520111
0.250270277261734 0.253677636384964 0.225412428379059 0.230182364583015 0.236757189035416 0.244859918951988 0.275784254074097 0.265246987342834 0.242060244083405 0.250519901514053 0.247411325573921 0.237257778644562 0.262484788894653 0.264515191316605 0.252644687891006 0.253988027572632 0.294176369905472 0.335385411977768 0.254613518714905 0.202637985348701 0.396726280450821 0.405079007148743 0.211734548211098 0.302933156490326 0.483367890119553 0.618044197559357 0.706786215305328 0.737244665622711 0.753426969051361 0.776162385940552 0.838583111763 0.845994114875793 0.839893400669098 0.842086315155029 0.86877316236496 0.882907092571259 0.895498216152191 0.892898082733154 0.903848230838776 0.873985052108765 0.783114850521088 0.502241909503937 0.568546772003174 0.628864765167236
0.27912050485611 0.273976534605026 0.247764095664024 0.249101594090462 0.242497861385345 0.248697221279144 0.276293188333511 0.286479830741882 0.251826137304306 0.258226752281189 0.266585230827332 0.281224757432938 0.272795826196671 0.26906543970108 0.269883722066879 0.317285537719727 0.287454545497894 0.35749414563179 0.29207968711853 0.217437967658043 0.223834723234177 0.316619127988815 0.253429651260376 0.482574969530106 0.564819514751434 0.678587853908539 0.71370929479599 0.743285059928894 0.803637266159058 0.811308085918427 0.850569486618042 0.861467480659485 0.86967545747757 0.886658906936646 0.885859668254852 0.907763183116913 0.910560727119446 0.91095107793808 0.919765472412109 0.922898411750793 0.896357595920563 0.874675035476685 0.894661366939545 0.802399396896362
0.288422822952271 0.299817889928818 0.273885101079941 0.259026944637299 0.262998521327972 0.263976603746414 0.294046878814697 0.290856599807739 0.30891951918602 0.257573544979095 0.257178038358688 0.254426658153534 0.293882429599762 0.291178286075592 0.268912374973297 0.266831248998642 0.288359731435776 0.325330972671509 0.343253463506699 0.337068259716034 0.192204549908638 0.195430979132652 0.448474138975143 0.604824185371399 0.637720823287964 0.679715096950531 0.7579465508461 0.794566512107849 0.768324792385101 0.823434948921204 0.847258865833282 0.853034853935242 0.878254115581512 0.920429825782776 0.914443910121918 0.911284923553467 0.920997142791748 0.917557597160339 0.926233053207397 0.925423920154572 0.912352085113525 0.909652352333069 0.935517847537994 0.833011388778687
0.440228313207626 0.299727022647858 0.323170274496078 0.29169237613678 0.278731137514114 0.290385067462921 0.284346580505371 0.300790637731552 0.312713593244553 0.339230358600616 0.269112080335617 0.261725395917892 0.263505935668945 0.303741306066513 0.299429148435593 0.274278819561005 0.22220216691494 0.374165832996368 0.397663563489914 0.371581465005875 0.176046654582024 0.279409050941467 0.409916013479233 0.615371704101562 0.676384270191193 0.692948162555695 0.750076830387115 0.737590730190277 0.779200434684753 0.809744358062744 0.876397371292114 0.870068430900574 0.881797730922699 0.906650006771088 0.936840236186981 0.935978472232819 0.926236867904663 0.931031942367554 0.935752511024475 0.915733516216278 0.931356489658356 0.91695362329483 0.912326037883759 0.900143027305603
0.581384837627411 0.44395038485527 0.30712154507637 0.322786569595337 0.307485014200211 0.300924390554428 0.31298702955246 0.31498709321022 0.329282224178314 0.345868140459061 0.310176879167557 0.275948256254196 0.304123193025589 0.347024440765381 0.284635096788406 0.268539845943451 0.24072054028511 0.388814270496368 0.444271147251129 0.357884019613266 0.221863374114037 0.449751079082489 0.523094117641449 0.649566948413849 0.665167987346649 0.714495122432709 0.777030050754547 0.773738384246826 0.847670614719391 0.865022897720337 0.882712244987488 0.886286795139313 0.878425061702728 0.886713087558746 0.886477768421173 0.942887365818024 0.936025142669678 0.941852748394012 0.938960194587708 0.922376275062561 0.905537784099579 0.930780470371246 0.916389048099518 0.924605906009674
0.461300045251846 0.534719586372375 0.34459325671196 0.333204805850983 0.333101034164429 0.330083578824997 0.328723073005676 0.33522692322731 0.33595797419548 0.348952203989029 0.374828517436981 0.337101459503174 0.293371826410294 0.350219368934631 0.32514476776123 0.268581449985504 0.283930838108063 0.300592392683029 0.402830839157104 0.271950870752335 0.291997253894806 0.537817239761353 0.623249232769012 0.659358382225037 0.668296158313751 0.746200919151306 0.767283201217651 0.842441260814667 0.799349367618561 0.794842541217804 0.889478504657745 0.888470113277435 0.864295542240143 0.886421978473663 0.92451548576355 0.911470592021942 0.943863928318024 0.920882761478424 0.924656212329865 0.929133236408234 0.942362904548645 0.91342306137085 0.940580666065216 0.909217298030853
0.549512147903442 0.687558174133301 0.395208418369293 0.352660924196243 0.356129288673401 0.355448454618454 0.34917539358139 0.354877233505249 0.351099997758865 0.358236908912659 0.358433544635773 0.381339997053146 0.333184838294983 0.314817368984222 0.332982301712036 0.309003859758377 0.307045668363571 0.320892155170441 0.278092205524445 0.252414137125015 0.341051787137985 0.600169837474823 0.635360062122345 0.608211815357208 0.713309228420258 0.632351160049438 0.801977276802063 0.828543782234192 0.873630166053772 0.872625052928925 0.896436154842377 0.904706239700317 0.909022271633148 0.918924748897552 0.931750416755676 0.938276171684265 0.918039977550507 0.924555003643036 0.927984714508057 0.934497773647308 0.9417524933815 0.931313335895538 0.922863602638245 0.950422346591949
0.5083869099617 0.767094850540161 0.649634957313538 0.366020500659943 0.353357225656509 0.366003841161728 0.37203112244606 0.370250970125198 0.377033859491348 0.38104036450386 0.389438450336456 0.373179107904434 0.362545698881149 0.341075479984283 0.356926798820496 0.359002083539963 0.387101858854294 0.453060984611511 0.446201294660568 0.324918150901794 0.337877213954926 0.466933637857437 0.626446902751923 0.624705374240875 0.557084560394287 0.722849726676941 0.83184677362442 0.840684413909912 0.883413553237915 0.834625720977783 0.900234937667847 0.910234987735748 0.916818857192993 0.87699019908905 0.898674070835114 0.910184383392334 0.924224317073822 0.927808225154877 0.936666429042816 0.933400809764862 0.949837267398834 0.953456461429596 0.954980611801147 0.95865786075592
