data/climate_estimation/maxent_output/Lilium_catesbaei.asc
NCOLS 162 
NROWS 122 
XLLCORNER -90 
YLLCORNER 25.8333333333333 
CELLSIZE 0.0833333333333333 
NODATA_value -3.4e+38 
[rows 22 to 43 of 122, columns 51 to 101 of 162]
0.291741222143173 0.300920575857162 0.254786729812622 0.26131010055542 0.262166708707809 0.223269313573837 0.228023707866669 0.19988676905632 0.178500130772591 0.15117022395134 0.150068148970604 0.129647612571716 0.146970137953758 0.16803777217865 0.345379710197449 0.339509934186935 0.363239288330078 0.363070040941238 0.38555645942688 0.385919123888016 0.410802155733109 0.378176301717758 0.368755459785461 0.373771339654922 0.343892604112625 0.324111878871918 0.158185362815857 0.143610015511513 0.139828220009804 0.270049601793289 0.249245226383209 0.246790125966072 0.20994333922863 0.205301940441132 0.186379358172417 0.182196572422981 0.167468413710594 0.15529491007328 0.154423043131828 0.138997539877892 0.141807481646538 0.134212270379066 0.137685686349869 0.127946972846985 0.126565754413605 0.123449377715588 0.129794031381607 0.140448808670044 0.134495496749878 0.144963636994362 0.12948451936245
0.292571991682053 0.281498372554779 0.286602586507797 0.298057943582535 0.265226572751999 0.232992917299271 0.22135816514492 0.187862008810043 0.179337590932846 0.172752067446709 0.14741313457489 0.139571473002434 0.144568771123886 0.284253180027008 0.296151012182236 0.290029913187027 0.311509639024734 0.320192933082581 0.342421501874924 0.351188600063324 0.363376379013062 0.349692523479462 0.347193211317062 0.351281434297562 0.337519437074661 0.310127973556519 0.274938583374023 0.265280276536942 0.248594954609871 0.226731106638908 0.229090005159378 0.212645247578621 0.189257517457008 0.174690678715706 0.181555867195129 0.154469072818756 0.150869786739349 0.149069428443909 0.145233169198036 0.144507542252541 0.133873775601387 0.124206617474556 0.124083928763866 0.115666419267654 0.118014864623547 0.117777183651924 0.137162625789642 0.139265835285187 0.138229131698608 0.134951636195183 0.139732271432877
0.301796078681946 0.273608714342117 0.286462485790253 0.310599595308304 0.263320028781891 0.232695147395134 0.221094712615013 0.20350170135498 0.200707465410233 0.184858217835426 0.153995543718338 0.157576277852058 0.149896338582039 0.273434638977051 0.245740547776222 0.269311338663101 0.263852775096893 0.271560609340668 0.30101752281189 0.318790644407272 0.321556121110916 0.304791212081909 0.306404173374176 0.308850854635239 0.296469509601593 0.29726430773735 0.279033601284027 0.26020821928978 0.232404619455338 0.228648692369461 0.207769945263863 0.183851778507233 0.184113085269928 0.162577643990517 0.158200412988663 0.157112568616867 0.142109110951424 0.133950665593147 0.133062809705734 0.136656925082207 0.130040392279625 0.127369657158852 0.124517917633057 0.10917254537344 0.118172779679298 0.1154695302248 0.121125526726246 0.140153363347054 0.13910499215126 0.139456793665886 0.140341252088547
0.285047352313995 0.305501908063889 0.318356722593307 0.318334460258484 0.294816672801971 0.279895812273026 0.246848657727242 0.214225143194199 0.203439861536026 0.186487466096878 0.152406454086304 0.144752785563469 0.137033805251122 0.125629782676697 0.24535009264946 0.256434798240662 0.23382693529129 0.245379775762558 0.253851860761642 0.280254781246185 0.264686644077301 0.282354652881622 0.266356557607651 0.276192933320999 0.269669383764267 0.249295994639397 0.249838843941689 0.232660219073296 0.20663458108902 0.196206405758858 0.184107080101967 0.183724254369736 0.179278865456581 0.162673011422157 0.154407128691673 0.153727859258652 0.136013507843018 0.130832523107529 0.129887863993645 0.125316515564919 0.120234996080399 0.120362929999828 0.11766642332077 0.109374389052391 0.103437699377537 0.106784097850323 0.107266463339329 0.128474324941635 0.142693772912025 0.143569424748421 0.160249352455139
0.292150795459747 0.322329491376877 0.348856002092361 0.301459610462189 0.293694227933884 0.25217741727829 0.257166296243668 0.214111775159836 0.196190685033798 0.17279751598835 0.151994258165359 0.137473359704018 0.125524029135704 0.109618544578552 0.103521697223186 0.224988758563995 0.20053493976593 0.210429236292839 0.225156769156456 0.234773591160774 0.241280362010002 0.251983553171158 0.253407090902328 0.261512994766235 0.237544164061546 0.222968548536301 0.24093833565712 0.202023193240166 0.188273936510086 0.182925701141357 0.181280553340912 0.180243521928787 0.163338765501976 0.154133096337318 0.151380956172943 0.132389530539513 0.124653197824955 0.123425155878067 0.123991541564465 0.114563807845116 0.112008199095726 0.10832741856575 0.103523463010788 0.103093490004539 0.103952288627625 0.0972244292497635 0.111709430813789 0.117164716124535 0.131588160991669 0.131264001131058 0.149923205375671
0.308728039264679 0.329937964677811 0.358169227838516 0.338490456342697 0.285239547491074 0.269953101873398 0.25940477848053 0.215934321284294 0.182664319872856 0.160073906183243 0.146522969007492 0.151912659406662 0.119435213506222 0.0997868329286575 0.0911029949784279 0.194465339183807 0.171425387263298 0.186236098408699 0.192902803421021 0.210573852062225 0.215998694300652 0.208950147032738 0.224440529942513 0.224262058734894 0.230510592460632 0.215157106518745 0.20957812666893 0.193399280309677 0.179144725203514 0.179860323667526 0.16341207921505 0.155863225460052 0.14485228061676 0.141662076115608 0.136415496468544 0.131988599896431 0.138284265995026 0.123812943696976 0.115587383508682 0.117176532745361 0.108653791248798 0.10111341625452 0.0957611799240112 0.0958718284964561 0.104078084230423 0.10160306841135 0.10611866414547 0.116952449083328 0.125331908464432 0.138060837984085 0.147543802857399
0.301481544971466 0.328870505094528 0.342569500207901 0.329646587371826 0.305513501167297 0.288673341274261 0.249109476804733 0.212804555892944 0.181679248809814 0.154274716973305 0.134506538510323 0.120378196239471 0.113896861672401 0.0921806767582893 0.189740613102913 0.176955655217171 0.174992904067039 0.182883590459824 0.177941456437111 0.185245841741562 0.184653043746948 0.191363930702209 0.217732816934586 0.196704983711243 0.205347463488579 0.201427474617958 0.181307226419449 0.185378178954124 0.179375827312469 0.163833692669868 0.156427338719368 0.158616736531258 0.147370025515556 0.141488283872604 0.143972158432007 0.128453314304352 0.13023442029953 0.124964319169521 0.111806862056255 0.106294885277748 0.111536085605621 0.101287297904491 0.10327036678791 0.0983986631035805 0.0935966372489929 0.0947650447487831 0.11041346937418 0.107463233172894 0.134154215455055 0.138560071587563 0.158131539821625
0.318997383117676 0.360187262296677 0.354504227638245 0.369831025600433 0.321370095014572 0.270187854766846 0.248170509934425 0.20635761320591 0.201294407248497 0.163819909095764 0.133549064397812 0.111124716699123 0.112791657447815 0.0956036522984505 0.194455787539482 0.18188650906086 0.184592321515083 0.187584921717644 0.188412189483643 0.187723726034164 0.199155196547508 0.199137955904007 0.198802888393402 0.204347148537636 0.202974483370781 0.196811616420746 0.186356723308563 0.177179947495461 0.163613229990005 0.14795894920826 0.157604157924652 0.151626750826836 0.155020579695702 0.136237442493439 0.138248711824417 0.144201159477234 0.134806245565414 0.125131174921989 0.111943125724792 0.109539680182934 0.105877764523029 0.0954542607069016 0.100659064948559 0.0961569547653198 0.0860485062003136 0.0916827693581581 0.0940428972244263 0.112416386604309 0.125657260417938 0.132444024085999 0.14416216313839
0.360197633504868 0.372395277023315 0.368754655122757 0.345574080944061 0.312127768993378 0.305139154195786 0.262527942657471 0.212104603648186 0.173378467559814 0.145866930484772 0.121469378471375 0.110067017376423 0.107290297746658 0.198366343975067 0.19319848716259 0.18902176618576 0.183584839105606 0.185623094439507 0.191512793302536 0.183789491653442 0.190154612064362 0.186804443597794 0.185485556721687 0.1854557543993 0.192567273974419 0.177726522088051 0.172010719776154 0.177369475364685 0.155969947576523 0.152183219790459 0.145232781767845 0.139789193868637 0.14036200940609 0.129398211836815 0.127998471260071 0.140935093164444 0.13870133459568 0.12546318769455 0.12487106025219 0.11873871833086 0.0984987914562225 0.103940173983574 0.0987608283758163 0.0936828479170799 0.0889609977602959 0.0814155712723732 0.0963702648878098 0.107897892594337 0.113569863140583 0.130202114582062 0.135223269462585
0.38173434138298 0.361358314752579 0.352557480335236 0.345583140850067 0.320178091526031 0.303436845541 0.270529568195343 0.222765028476715 0.170303210616112 0.153676196932793 0.130400195717812 0.117129854857922 0.102888777852058 0.221045151352882 0.216556057333946 0.203895822167397 0.198358327150345 0.200676098465919 0.182499557733536 0.175481125712395 0.191528156399727 0.196946248412132 0.190588518977165 0.194545343518257 0.192822098731995 0.185255452990532 0.185294300317764 0.163519129157066 0.167940452694893 0.151970282196999 0.141276404261589 0.128495171666145 0.12235539406538 0.13238662481308 0.122289329767227 0.126216873526573 0.135457590222359 0.121641136705875 0.112401358783245 0.103726886212826 0.10301947593689 0.0940969586372375 0.0893644690513611 0.0799210593104362 0.0822332575917244 0.083315335214138 0.0859593823552132 0.103415757417679 0.10913097858429 0.121483080089092 0.141504302620888
0.370027840137482 0.360135823488235 0.362355768680573 0.345399707555771 0.318424314260483 0.299691706895828 0.231129437685013 0.209884032607079 0.166486367583275 0.150390535593033 0.137885674834251 0.133820623159409 0.108278520405293 0.226277530193329 0.221274748444557 0.215272650122643 0.209354639053345 0.191344082355499 0.189767822623253 0.182472810149193 0.187658667564392 0.192866533994675 0.185565516352654 0.18746779859066 0.191032975912094 0.176692768931389 0.166650474071503 0.155020594596863 0.150883898139 0.140395030379295 0.130358904600143 0.123916991055012 0.119137279689312 0.119585700333118 0.122087754309177 0.10923358798027 0.116773426532745 0.118617407977581 0.120826609432697 0.10334113240242 0.0950910598039627 0.0877072364091873 0.0822910442948341 0.0858939662575722 0.077708937227726 0.0833477377891541 0.0903372094035149 0.106055058538914 0.113093346357346 0.13188311457634 0.139966577291489
0.358285903930664 0.335327714681625 0.328480541706085 0.330670803785324 0.310467749834061 0.264769345521927 0.234219059348106 0.198378354310989 0.174586221575737 0.165842950344086 0.130519479513168 0.133125439286232 0.269842147827148 0.260454028844833 0.230288133025169 0.218371257185936 0.205709770321846 0.202318161725998 0.194451212882996 0.203785851597786 0.189977273344994 0.193904191255569 0.185754328966141 0.188005328178406 0.191740870475769 0.168710634112358 0.155923038721085 0.146684378385544 0.138269141316414 0.128426358103752 0.125946059823036 0.125132858753204 0.118971563875675 0.112954758107662 0.113327726721764 0.112109735608101 0.113990373909473 0.11075235158205 0.105540879070759 0.105089589953423 0.0974138453602791 0.0896294116973877 0.08268753439188 0.0806991755962372 0.0881923586130142 0.0887253507971764 0.0986639931797981 0.107882209122181 0.125884875655174 0.140321522951126 0.152034848928452
0.350308746099472 0.366750150918961 0.318076550960541 0.299786299467087 0.290312975645065 0.241982027888298 0.224911540746689 0.196962505578995 0.164391651749611 0.156623795628548 0.14863558113575 0.130222603678703 0.2740458548069 0.266644865274429 0.249462008476257 0.242550194263458 0.208028569817543 0.202333629131317 0.208857029676437 0.186484828591347 0.186408638954163 0.175592079758644 0.180944189429283 0.177993416786194 0.176767274737358 0.176853343844414 0.159209877252579 0.139046981930733 0.131950527429581 0.128357470035553 0.118191502988338 0.117128670215607 0.11234688013792 0.101064160466194 0.102270521223545 0.0995915308594704 0.0954657196998596 0.101480774581432 0.105200976133347 0.0937034860253334 0.0909108147025108 0.0827888548374176 0.0827317833900452 0.0926313847303391 0.0937345623970032 0.0941729173064232 0.109756208956242 0.110041052103043 0.133772566914558 0.158909231424332 0.161473318934441
0.340364336967468 0.327035784721375 0.295650988817215 0.274610638618469 0.249921575188637 0.219647720456123 0.190998822450638 0.1770900785923 0.173380017280579 0.145116284489632 0.141921773552895 0.137848258018494 0.315706372261047 0.276239782571793 0.267467767000198 0.245279297232628 0.238753706216812 0.216992989182472 0.201961979269981 0.191701352596283 0.177994057536125 0.167869955301285 0.18236155807972 0.17495796084404 0.155864462256432 0.155775278806686 0.151765942573547 0.144101619720459 0.135443016886711 0.123978175222874 0.127404138445854 0.118775501847267 0.100569218397141 0.101315557956696 0.101656563580036 0.090159498155117 0.0891387462615967 0.0915328934788704 0.0918101519346237 0.0971845760941505 0.0924480557441711 0.0961423143744469 0.0974214002490044 0.0959735065698624 0.101109735667706 0.110240906476974 0.110673360526562 0.128825560212135 0.156652957201004 0.164289087057114 0.186582550406456
0.302301526069641 0.282833158969879 0.281727582216263 0.256557077169418 0.245772138237953 0.200206488370895 0.165777087211609 0.156740188598633 0.151343449950218 0.148271858692169 0.137672901153564 0.299092590808868 0.311228454113007 0.291150093078613 0.257880032062531 0.251618981361389 0.239825963973999 0.20694026350975 0.19753110408783 0.179040834307671 0.165166586637497 0.166901469230652 0.160736158490181 0.155719816684723 0.153052940964699 0.137343049049377 0.134584173560143 0.136247232556343 0.12545482814312 0.121470466256142 0.118013694882393 0.106314644217491 0.101988062262535 0.0957392379641533 0.0923061296343803 0.0884712487459183 0.0934971421957016 0.0897724404931068 0.0921052917838097 0.0898342356085777 0.105687394738197 0.0989918410778046 0.102838575839996 0.109849110245705 0.11197218298912 0.112905435264111 0.129383444786072 0.139265805482864 0.16082689166069 0.182840555906296 0.21273835003376
0.290157079696655 0.273827910423279 0.291583001613617 0.272668302059174 0.23906022310257 0.208143398165703 0.144649803638458 0.134379908442497 0.132502272725105 0.127145871520042 0.128612592816353 0.299355119466782 0.290636569261551 0.286978602409363 0.24267166852951 0.251167237758636 0.227279737591743 0.215212762355804 0.189862608909607 0.159313499927521 0.159163475036621 0.14992681145668 0.134206712245941 0.133026495575905 0.131957292556763 0.12411242723465 0.131021395325661 0.117243446409702 0.125882565975189 0.124815426766872 0.1116723716259 0.101536996662617 0.0922177135944366 0.0923827588558197 0.0890507474541664 0.0872177481651306 0.0884478166699409 0.0848615616559982 0.0878840163350105 0.0985946133732796 0.109139896929264 0.121948830783367 0.1210613027215 0.118276946246624 0.112061560153961 0.127758756279945 0.132733330130577 0.161800131201744 0.190414905548096 0.196826636791229 0.229021862149239
0.253606766462326 0.247021213173866 0.262210041284561 0.263972669839859 0.221549108624458 0.182439148426056 0.145944118499756 0.110116273164749 0.109460227191448 0.111114159226418 0.288831949234009 0.263140469789505 0.257453441619873 0.245542660355568 0.231197237968445 0.211744159460068 0.185722231864929 0.171611249446869 0.154496610164642 0.142961293458939 0.136307388544083 0.125657692551613 0.11808617413044 0.117049314081669 0.110043190419674 0.120952397584915 0.111949652433395 0.111926101148129 0.108264438807964 0.112928353250027 0.109680332243443 0.107359126210213 0.09213937073946 0.0848456770181656 0.0877914279699326 0.0816625207662582 0.0828442275524139 0.0819753408432007 0.0900048688054085 0.102803692221642 0.120530754327774 0.129495725035667 0.143069893121719 0.139951571822166 0.133834227919579 0.130850657820702 0.15999698638916 0.169332593679428 0.201039806008339 0.224234104156494 0.256284236907959
0.260035961866379 0.260725289583206 0.236431077122688 0.238045692443848 0.216643407940865 0.171103566884995 0.131900295615196 0.0965862944722176 0.085439495742321 0.244897738099098 0.222492098808289 0.217999681830406 0.202828094363213 0.200933560729027 0.190736010670662 0.184015884995461 0.164811238646507 0.147850275039673 0.132125660777092 0.122289218008518 0.113628774881363 0.11319825053215 0.1041214838624 0.0978087186813354 0.107574865221977 0.101854205131531 0.106593377888203 0.100729905068874 0.106069765985012 0.105151645839214 0.0974674671888351 0.0965803861618042 0.0967485830187798 0.0937708020210266 0.0913668572902679 0.0805985704064369 0.0866619870066643 0.0912880003452301 0.0987446755170822 0.109291180968285 0.122089840471745 0.133857443928719 0.145044296979904 0.151265367865562 0.161301881074905 0.157462671399117 0.189440667629242 0.200477376580238 0.2290218770504 0.251357585191727 0.277680784463882
0.218253880739212 0.21192030608654 0.211825683712959 0.207530200481415 0.202490717172623 0.154387891292572 0.099243588745594 0.262350648641586 0.205724239349365 0.191829815506935 0.179607540369034 0.179731175303459 0.182609960436821 0.165197730064392 0.165265083312988 0.156172543764114 0.14606212079525 0.130855321884155 0.11343727260828 0.104476653039455 0.104217149317265 0.0945561528205872 0.0937689617276192 0.0985600873827934 0.0957441702485085 0.0975289940834045 0.0943491980433464 0.0865769535303116 0.093571849167347 0.0955604165792465 0.0974346026778221 0.094589039683342 0.0938927009701729 0.0910090133547783 0.0883523300290108 0.0863901972770691 0.0882930606603622 0.0894373804330826 0.0969936698675156 0.11639279872179 0.129891991615295 0.142408773303032 0.16430376470089 0.176317811012268 0.177583590149879 0.197621002793312 0.199771419167519 0.217259138822556 0.236221343278885 0.26496559381485 0.310106456279755
0.17499577999115 0.174934297800064 0.162691012024879 0.159305527806282 0.141706183552742 0.113998293876648 0.248717322945595 0.218635529279709 0.173836246132851 0.157153636217117 0.14484478533268 0.130592301487923 0.130737572908401 0.136724591255188 0.144302234053612 0.138382434844971 0.122488006949425 0.107322290539742 0.101165302097797 0.0976939275860786 0.0888965576887131 0.0920536741614342 0.0893910154700279 0.0911860913038254 0.0931635871529579 0.0951741561293602 0.0963775515556335 0.0963665768504143 0.0892084166407585 0.0884783864021301 0.0876636654138565 0.0895760357379913 0.0888787284493446 0.0862691774964333 0.08549914509058 0.0793408155441284 0.0886906385421753 0.0939060598611832 0.11029252409935 0.1193942502141 0.133210599422455 0.143158584833145 0.165023878216743 0.177054762840271 0.201125934720039 0.202637240290642 0.234560251235962 0.231389239430428 0.254486799240112 0.28476619720459 0.33246698975563
0.147116556763649 0.142969056963921 0.140986904501915 0.127300456166267 0.351743966341019 0.287469238042831 0.220313385128975 0.170327499508858 0.135132059454918 0.111621461808681 0.106440350413322 0.100728340446949 0.106328777968884 0.115772373974323 0.128870487213135 0.125236183404922 0.106686279177666 0.104559049010277 0.0914604663848877 0.0878880620002747 0.0748801231384277 0.0815452486276627 0.083298958837986 0.0849788933992386 0.0868097245693207 0.0928022935986519 0.0948210060596466 0.0983196869492531 0.0909979268908501 0.0929942205548286 0.0901335403323174 0.0913869515061378 0.0861273407936096 0.0852748230099678 0.0897574797272682 0.0902709513902664 0.095815010368824 0.102451868355274 0.110887169837952 0.135914772748947 0.146114572882652 0.165010124444962 0.187723249197006 0.205406978726387 0.212859258055687 0.23861762881279 0.245290324091911 0.259527921676636 0.27949658036232 0.312550604343414 0.350252002477646
0.390759766101837 0.393718957901001 0.343976587057114 0.314533859491348 0.282192826271057 0.244289234280586 0.176245346665382 0.135396093130112 0.109972938895226 0.0884962007403374 0.0885467305779457 0.0886447131633759 0.0967608541250229 0.108585052192211 0.114739164710045 0.110175788402557 0.103833511471748 0.0927325114607811 0.0802228897809982 0.0771814659237862 0.0792630538344383 0.0795377716422081 0.0795295089483261 0.0857171714305878 0.0894517004489899 0.0913710966706276 0.0967574864625931 0.0914337560534477 0.091416023671627 0.0955803543329239 0.0976792797446251 0.0948188006877899 0.0920349955558777 0.0884934067726135 0.091064028441906 0.0927771776914597 0.102107733488083 0.0999891683459282 0.126364290714264 0.133056074380875 0.147270321846008 0.17124417424202 0.189052119851112 0.204309299588203 0.229777336120605 0.25657844543457 0.264109671115875 0.279307425022125 0.289564579725266 0.335537940263748 0.375932514667511
