data/climate_estimation/maxent_output/Lilium_pensylvanicum.asc
NCOLS 889 
NROWS 271 
XLLCORNER 87.5833333333333 
YLLCORNER 40.5 
CELLSIZE 0.0833333333333333 
NODATA_value -3.4e+38 
[rows 0 to 20 of 271, columns 376 to 422 of 889]
0.387738436460495 0.396632671356201 0.396630525588989 0.396621584892273 0.397351503372192 0.396613508462906 0.396604150533676 0.396590948104858 0.406210035085678 0.40678796172142 0.40683925151825 0.406843036413193 0.392408758401871 0.409467697143555 0.39404633641243 0.393408238887787 0.384495675563812 0.384563803672791 0.396016597747803 0.395988404750824 0.378766715526581 0.379243016242981 0.314958930015564 0.309725493192673 0.315677344799042 0.311094611883163 0.392590910196304 0.386543393135071 0.386769384145737 0.386769384145737 0.39397656917572 0.302818298339844 0.42073068022728 0.415270417928696 0.408027946949005 0.423089355230331 0.422093272209167 0.417736649513245 0.417963773012161 0.408992052078247 0.408504098653793 0.411156982183456 0.421879500150681 0.422543436288834 0.417626112699509 0.427567064762115 0.418532252311707
0.401703894138336 0.407967448234558 0.407969355583191 0.410821527242661 0.410831242799759 0.406938850879669 0.40693998336792 0.410854429006577 0.410136312246323 0.410145461559296 0.410876512527466 0.407513290643692 0.402965575456619 0.402993977069855 0.410182595252991 0.41019931435585 0.389602601528168 0.378746002912521 0.378765344619751 0.384528040885925 0.384577423334122 0.384622097015381 0.384684324264526 0.39297616481781 0.397482722997665 0.394762754440308 0.395246982574463 0.307607144117355 0.308455616235733 0.304523855447769 0.308067470788956 0.312413781881332 0.311566770076752 0.330622673034668 0.327911019325256 0.313962429761887 0.313916683197021 0.316441506147385 0.330294907093048 0.334511667490005 0.33225280046463 0.414951145648956 0.415260970592499 0.425673574209213 0.42401048541069 0.423834234476089 0.416320532560349
0.40766116976738 0.407662659883499 0.407663345336914 0.41007599234581 0.41080430150032 0.410820454359055 0.407665997743607 0.410829097032547 0.410849034786224 0.410864114761353 0.384890079498291 0.396771907806396 0.407153636217117 0.410167545080185 0.40716689825058 0.4101702272892 0.417053878307343 0.407236278057098 0.385152548551559 0.378657966852188 0.401298135519028 0.406595885753632 0.407349556684494 0.406628489494324 0.406682521104813 0.415995627641678 0.41657555103302 0.417311728000641 0.418087929487228 0.413961440324783 0.397088170051575 0.422034859657288 0.422033339738846 0.419396609067917 0.43220841884613 0.338292479515076 0.312152117490768 0.338348299264908 0.333972752094269 0.33196097612381 0.331026703119278 0.33166578412056 0.33166578412056 0.431762844324112 0.321484178304672 0.30971348285675 0.422542423009872
0.413845807313919 0.413827568292618 0.413795113563538 0.42356750369072 0.423555254936218 0.432209014892578 0.394657611846924 0.394611835479736 0.423023790121078 0.417705357074738 0.407795161008835 0.386179089546204 0.402458369731903 0.417752742767334 0.43217059969902 0.417754918336868 0.414725959300995 0.38571435213089 0.414067387580872 0.416527360677719 0.379300355911255 0.422741293907166 0.42280250787735 0.423557460308075 0.415889114141464 0.415910661220551 0.415903925895691 0.41598042845726 0.426429212093353 0.417535811662674 0.418702214956284 0.421588778495789 0.423470824956894 0.442373096942902 0.433393687009811 0.416050881147385 0.429432898759842 0.430259227752686 0.434079349040985 0.427114367485046 0.41607403755188 0.415878504514694 0.416511386632919 0.430686920881271 0.405758321285248 0.407155513763428 0.411248385906219
0.423610597848892 0.404380619525909 0.413475334644318 0.424329102039337 0.423571228981018 0.423061490058899 0.432965368032455 0.43296492099762 0.432962507009506 0.432958573102951 0.432951360940933 0.40919092297554 0.415338218212128 0.436251610517502 0.432937622070312 0.436259031295776 0.414689838886261 0.418485909700394 0.432166010141373 0.414782732725143 0.410116046667099 0.41406324505806 0.418049186468124 0.418846130371094 0.423524767160416 0.426545083522797 0.421116292476654 0.421104073524475 0.421099245548248 0.420344561338425 0.420500189065933 0.410936295986176 0.411903947591782 0.400615721940994 0.411025255918503 0.422816097736359 0.425818115472794 0.424628794193268 0.412959486246109 0.42570972442627 0.413379520177841 0.403921335935593 0.404534578323364 0.404698491096497 0.395031422376633 0.395829528570175 0.395031422376633
0.408982515335083 0.427320301532745 0.409012198448181 0.428242385387421 0.428240865468979 0.42428719997406 0.437706083059311 0.423605531454086 0.413352727890015 0.423557132482529 0.423528075218201 0.432959228754044 0.436976104974747 0.436233907938004 0.413433521986008 0.418121755123138 0.417381644248962 0.418112307786942 0.415413647890091 0.41003292798996 0.410073727369308 0.414750725030899 0.432430446147919 0.40945029258728 0.41481676697731 0.426000386476517 0.4127197265625 0.419730633497238 0.419693171977997 0.418867200613022 0.411132752895355 0.411130875349045 0.411130875349045 0.410370796918869 0.430144727230072 0.41753289103508 0.422471433877945 0.41951921582222 0.408405065536499 0.412518799304962 0.419315755367279 0.411873281002045 0.410211950540543 0.409514397382736 0.410807251930237 0.403515964746475 0.393380880355835
0.424296468496323 0.424559473991394 0.434494972229004 0.437676042318344 0.438418060541153 0.434398144483566 0.437692075967789 0.434421002864838 0.434424161911011 0.434450954198837 0.433732450008392 0.434463560581207 0.418153911828995 0.418149024248123 0.437730699777603 0.418135046958923 0.418130159378052 0.418124198913574 0.415024250745773 0.415395051240921 0.414309710264206 0.414310395717621 0.415434300899506 0.409364223480225 0.426749289035797 0.422668725252151 0.412754148244858 0.430299371480942 0.419784128665924 0.418956249952316 0.419678926467896 0.418888568878174 0.429423302412033 0.42109802365303 0.420339405536652 0.419739097356796 0.428601950407028 0.418188095092773 0.407607346773148 0.408740073442459 0.40771746635437 0.408324152231216 0.418805688619614 0.420357137918472 0.413001477718353 0.413210481405258 0.403568029403687
0.45752090215683 0.438410043716431 0.438411474227905 0.434397965669632 0.424575626850128 0.434400230646133 0.424506157636642 0.433610677719116 0.43842750787735 0.434299319982529 0.423645853996277 0.42361518740654 0.423594236373901 0.433499693870544 0.433464586734772 0.442980915307999 0.418873101472855 0.427498549222946 0.442958742380142 0.442925870418549 0.442162215709686 0.424225777387619 0.427495747804642 0.426752388477325 0.426750153303146 0.426750302314758 0.431139320135117 0.421400815248489 0.420639485120773 0.420580565929413 0.43031507730484 0.43026402592659 0.419705659151077 0.430216908454895 0.429437667131424 0.418865412473679 0.399242669343948 0.389823108911514 0.395657449960709 0.386901915073395 0.38795006275177 0.399188190698624 0.418068587779999 0.419232994318008 0.421308845281601 0.422811269760132 0.415677756071091
0.435742288827896 0.435759663581848 0.438329547643661 0.42460310459137 0.424585312604904 0.425366669893265 0.433930069208145 0.433916926383972 0.43435600399971 0.438283950090408 0.425002366304398 0.438242793083191 0.434267580509186 0.433824837207794 0.443027764558792 0.443771630525589 0.443745315074921 0.42505356669426 0.42823725938797 0.442971885204315 0.447032749652863 0.428235590457916 0.427497148513794 0.432803422212601 0.432009875774384 0.42225393652916 0.440771251916885 0.430918276309967 0.431960016489029 0.410693615674973 0.409803062677383 0.411249905824661 0.430303305387497 0.43027451634407 0.410394310951233 0.417351692914963 0.407764673233032 0.399315506219864 0.398181825876236 0.406737089157104 0.405927956104279 0.417712509632111 0.418647885322571 0.419437140226364 0.420377343893051 0.420709580183029 0.420795142650604
0.430643200874329 0.435712844133377 0.435710549354553 0.444692313671112 0.435774683952332 0.434981375932693 0.426386684179306 0.444667607545853 0.453718781471252 0.443888455629349 0.443864583969116 0.452828139066696 0.434627205133438 0.44385552406311 0.447828322649002 0.447827994823456 0.447815418243408 0.425754070281982 0.443775534629822 0.447798430919647 0.425063729286194 0.447040915489197 0.442968606948853 0.432898014783859 0.422089427709579 0.411648750305176 0.420917093753815 0.42089706659317 0.420155495405197 0.420095443725586 0.419280529022217 0.419217675924301 0.419900983572006 0.419809490442276 0.411216735839844 0.410441905260086 0.41822412610054 0.410417079925537 0.419993072748184 0.430608212947845 0.421264439821243 0.418822646141052 0.408398479223251 0.408384263515472 0.418648093938828 0.429489880800247 0.430191248655319
0.431303322315216 0.424060791730881 0.424066096544266 0.421336829662323 0.421366393566132 0.422060579061508 0.435712069272995 0.448619067668915 0.439800024032593 0.439791113138199 0.444659352302551 0.44462314248085 0.4478440284729 0.447845607995987 0.44858792424202 0.444498270750046 0.448580056428909 0.444503575563431 0.420842558145523 0.413853496313095 0.444518774747849 0.443779289722443 0.453431755304337 0.443756818771362 0.443732976913452 0.452638477087021 0.452615857124329 0.441623032093048 0.442372351884842 0.452599763870239 0.451816946268082 0.421785801649094 0.420075416564941 0.420782536268234 0.429645776748657 0.411272674798965 0.42087322473526 0.420857131481171 0.440680950880051 0.450189709663391 0.435555934906006 0.431370496749878 0.431369185447693 0.441003113985062 0.430773228406906 0.439483076334 0.439488798379898
0.439999371767044 0.424695909023285 0.424708306789398 0.421999484300613 0.424768567085266 0.42482528090477 0.424095064401627 0.414921402931213 0.414947241544724 0.445936948060989 0.449365049600601 0.448615610599518 0.445219904184341 0.440133064985275 0.440136581659317 0.415079265832901 0.415089309215546 0.415115147829056 0.407409399747849 0.414469629526138 0.414515525102615 0.414564251899719 0.426466673612595 0.448556154966354 0.457523584365845 0.434239327907562 0.442957609891891 0.442884236574173 0.45261937379837 0.452619880437851 0.45676526427269 0.4526027739048 0.432549238204956 0.430612444877625 0.440132409334183 0.412156999111176 0.422452241182327 0.421660304069519 0.431688010692596 0.42137399315834 0.440478712320328 0.435551077127457 0.441000521183014 0.449572592973709 0.409240454435349 0.418883204460144 0.418883204460144
0.434012413024902 0.434046059846878 0.446635693311691 0.445916384458542 0.44073697924614 0.434084504842758 0.42476961016655 0.424778312444687 0.440765142440796 0.445929437875748 0.445929229259491 0.440783441066742 0.415663719177246 0.415672332048416 0.415695309638977 0.415735512971878 0.407932341098785 0.389811009168625 0.407953292131424 0.415079265832901 0.415120869874954 0.414438098669052 0.414483964443207 0.421547621488571 0.439501315355301 0.448562115430832 0.425527513027191 0.428705275058746 0.457523763179779 0.454223990440369 0.435257494449615 0.437410473823547 0.442158102989197 0.451714813709259 0.451685577630997 0.432016432285309 0.432009875774384 0.431215316057205 0.421461582183838 0.431931138038635 0.431139320135117 0.430316388607025 0.430005848407745 0.429221242666245 0.419739544391632 0.430236548185349 0.440407395362854
0.43469113111496 0.43469113111496 0.441400349140167 0.434711575508118 0.43473681807518 0.441427141427994 0.441439121961594 0.446646183729172 0.441455334424973 0.441470146179199 0.440756678581238 0.434805363416672 0.408311724662781 0.408363193273544 0.399960488080978 0.390065848827362 0.373961567878723 0.40011864900589 0.407896161079407 0.415703922510147 0.415072083473206 0.440867245197296 0.45047926902771 0.426985710859299 0.426262199878693 0.430243968963623 0.430226922035217 0.438218712806702 0.429469525814056 0.430265694856644 0.434954285621643 0.437431335449219 0.438160449266434 0.437407314777374 0.430884927511215 0.439068853855133 0.439000844955444 0.432038724422455 0.422314792871475 0.421513438224792 0.431954771280289 0.431937694549561 0.420648396015167 0.430056512355804 0.431113094091415 0.431071162223816 0.431061983108521
0.399991452693939 0.400071710348129 0.426452815532684 0.408524423837662 0.408537775278091 0.434703141450882 0.435324877500534 0.442133963108063 0.434762090444565 0.408690303564072 0.40025582909584 0.400288879871368 0.400284171104431 0.400305420160294 0.400338470935822 0.374493092298508 0.37419182062149 0.4000124335289 0.399995893239975 0.40842416882515 0.407915204763412 0.443758398294449 0.443787693977356 0.425011396408081 0.443122148513794 0.440889805555344 0.44251075387001 0.435687750577927 0.435687750577927 0.421335518360138 0.430959522724152 0.435682952404022 0.445782661437988 0.440972417593002 0.449819147586823 0.449807465076447 0.448774486780167 0.448975563049316 0.439665526151657 0.449060261249542 0.442145794630051 0.439593940973282 0.438818365335464 0.446151912212372 0.446109414100647 0.430065453052521 0.430080324411392
0.435200929641724 0.435227394104004 0.435241848230362 0.426434248685837 0.435748547315598 0.426922798156738 0.426944732666016 0.435292363166809 0.435320049524307 0.427015662193298 0.400213330984116 0.40068519115448 0.400704085826874 0.390108615159988 0.390582203865051 0.355894297361374 0.358033448457718 0.390259504318237 0.408964991569519 0.43609344959259 0.444370806217194 0.444406300783157 0.441528648138046 0.434217870235443 0.44446650147438 0.425014942884445 0.415640383958817 0.438173443078995 0.42869907617569 0.416633695363998 0.437468528747559 0.43747079372406 0.442503482103348 0.441767662763596 0.445040762424469 0.460132479667664 0.45965650677681 0.459648311138153 0.449817210435867 0.440445423126221 0.449858754873276 0.449833035469055 0.439613819122314 0.447870433330536 0.446997702121735 0.426755309104919 0.416308104991913
0.418563276529312 0.418533027172089 0.427377223968506 0.426878899335861 0.419045269489288 0.445145756006241 0.444662511348724 0.44516584277153 0.436283349990845 0.418729692697525 0.390364199876785 0.399288266897202 0.390467613935471 0.390439659357071 0.374626696109772 0.339560925960541 0.337737441062927 0.374728381633759 0.409783512353897 0.436498761177063 0.436527222394943 0.409424245357513 0.409437775611877 0.410021722316742 0.399305552244186 0.40960818529129 0.417679846286774 0.396883279085159 0.415093392133713 0.423840880393982 0.417179852724075 0.417240470647812 0.41251215338707 0.437471956014633 0.442502707242966 0.455517709255219 0.470840662717819 0.460464090108871 0.449675738811493 0.448874652385712 0.448883175849915 0.459599107503891 0.459653973579407 0.448748886585236 0.437447220087051 0.435002744197845 0.415079265832901
0.427265703678131 0.427247136831284 0.464458733797073 0.463949531316757 0.471665054559708 0.464474320411682 0.464484691619873 0.436674833297729 0.43719294667244 0.419114470481873 0.399538785219193 0.419159889221191 0.428504049777985 0.428453832864761 0.399699032306671 0.374985843896866 0.347968131303787 0.34799987077713 0.347668200731277 0.374756991863251 0.383429050445557 0.374833285808563 0.399567842483521 0.399605572223663 0.409843057394028 0.424690276384354 0.432852625846863 0.432266741991043 0.4388587474823 0.43228605389595 0.43886861205101 0.466706126928329 0.453622043132782 0.438166230916977 0.471717119216919 0.441154807806015 0.450798124074936 0.461307525634766 0.440899401903152 0.448557406663895 0.440076470375061 0.459661424160004 0.460442662239075 0.460429459810257 0.427862286567688 0.427827566862106 0.435902953147888
0.472146421670914 0.472173780202866 0.472162038087845 0.46441850066185 0.464432775974274 0.464430183172226 0.464950561523438 0.437101423740387 0.42868572473526 0.428733438253403 0.383243799209595 0.383363604545593 0.383412957191467 0.383451730012894 0.383409440517426 0.383881628513336 0.356022089719772 0.329896092414856 0.347841173410416 0.383189409971237 0.399746179580688 0.399837344884872 0.428153574466705 0.424508094787598 0.433272689580917 0.458717733621597 0.464018613100052 0.463583558797836 0.457017987966537 0.45772647857666 0.454330265522003 0.47663813829422 0.443712145090103 0.462144404649734 0.451440036296844 0.451700121164322 0.451680600643158 0.461824655532837 0.461795538663864 0.440991908311844 0.439762532711029 0.450747430324554 0.470850884914398 0.465340971946716 0.440047293901443 0.449863940477371 0.448851197957993
0.465353518724442 0.464858382940292 0.464899927377701 0.456118643283844 0.436742395162582 0.456206977367401 0.447577834129333 0.417913228273392 0.417877644300461 0.417928040027618 0.418011069297791 0.383624196052551 0.418022930622101 0.383719384670258 0.40103080868721 0.383758187294006 0.41811192035675 0.330052405595779 0.338037610054016 0.383494019508362 0.417833089828491 0.425367593765259 0.433714538812637 0.433239281177521 0.433234006166458 0.465408533811569 0.46476748585701 0.464026063680649 0.473452150821686 0.474167943000793 0.457776874303818 0.457763016223907 0.463850378990173 0.462117403745651 0.453022509813309 0.462020099163055 0.452918142080307 0.461891561746597 0.46592915058136 0.45166888833046 0.460231751203537 0.451592743396759 0.461021840572357 0.466096043586731 0.46098405122757 0.459287077188492 0.457384496927261
0.449578702449799 0.447391837835312 0.447423994541168 0.437687158584595 0.428727596998215 0.437703907489777 0.437692731618881 0.437688261270523 0.437713950872421 0.437722891569138 0.428799748420715 0.429293304681778 0.427563816308975 0.427181035280228 0.428862303495407 0.399923056364059 0.418453454971313 0.364455878734589 0.346222817897797 0.330352365970612 0.364571571350098 0.383892208337784 0.400200575590134 0.425378531217575 0.452788025140762 0.459856927394867 0.479073166847229 0.478267073631287 0.458615005016327 0.474241346120834 0.458573371171951 0.455018252134323 0.454635888338089 0.47298800945282 0.47291487455368 0.453815817832947 0.472862303256989 0.462735801935196 0.456948727369308 0.472002327442169 0.471949815750122 0.461102068424225 0.461032658815384 0.452378302812576 0.452356815338135 0.438846290111542 0.458349257707596
