data/climate_estimation/maxent_output/Lilium_michiganense.asc
NCOLS 265 
NROWS 181 
XLLCORNER -96.4166666666667 
YLLCORNER 34 
CELLSIZE 0.0833333333333333 
NODATA_value -3.4e+38 
[rows 60 to 79 of 181, columns 176 to 219 of 265]
0.229822084307671 0.199228748679161 0.164818778634071 0.165202349424362 0.185251295566559 0.199796035885811 0.256927192211151 0.270407378673553 0.291100531816483 0.304244607686996 0.323148965835571 0.282599925994873 0.269431084394455 0.252442508935928 0.248776406049728 0.257086575031281 0.283035069704056 0.286490112543106 0.317938685417175 0.341857433319092 0.435250252485275 0.621755957603455 0.653876841068268 0.655387163162231 0.643755733966827 0.628605544567108 0.595285892486572 0.572112739086151 0.567040920257568 0.61892831325531 0.587488889694214 0.573235988616943 0.564481735229492 0.535368204116821 0.437930524349213 0.41382759809494 0.39008840918541 0.301243722438812 0.255113452672958 0.247088029980659 0.264934360980988 0.274874657392502 0.28309965133667 0.366878002882004
0.249552950263023 0.214036628603935 0.210957884788513 0.191866725683212 0.201694697141647 0.192679718136787 0.279447019100189 0.28578582406044 0.291036427021027 0.288614273071289 0.289715737104416 0.275424957275391 0.274017363786697 0.255019098520279 0.263786375522614 0.284233212471008 0.315240114927292 0.316589623689651 0.328107088804245 0.44543781876564 0.536052048206329 0.599122047424316 0.709777414798737 0.70508861541748 0.730250477790833 0.74352490901947 0.707561731338501 0.695748209953308 0.639697253704071 0.642975986003876 0.579819202423096 0.600301325321198 0.573023974895477 0.515667498111725 0.477176368236542 0.460891485214233 0.386278361082077 0.338911503553391 0.292124390602112 0.263931274414062 0.236477240920067 0.212015762925148 0.253223955631256 0.364540606737137
0.291031867265701 0.242311716079712 0.238409727811813 0.220686823129654 0.234482422471046 0.326091438531876 0.337250083684921 0.308950632810593 0.335230678319931 0.319640338420868 0.304809629917145 0.280858159065247 0.29506254196167 0.295772671699524 0.311436474323273 0.377128839492798 0.414197772741318 0.441374510526657 0.430129885673523 0.457381635904312 0.507688462734222 0.547852218151093 0.725554287433624 0.735792338848114 0.729564189910889 0.696941554546356 0.701532781124115 0.699722766876221 0.642359673976898 0.63757449388504 0.562601447105408 0.584109365940094 0.515828430652618 0.474683910608292 0.473488420248032 0.471264868974686 0.406292706727982 0.351663410663605 0.328085392713547 0.262150287628174 0.257817357778549 0.240296691656113 0.255059003829956 0.348043501377106
0.317347079515457 0.274176597595215 0.255626231431961 0.256182700395584 0.254751533269882 0.362361758947372 0.358034282922745 0.375923126935959 0.361211568117142 0.326973229646683 0.318169444799423 0.353608459234238 0.34877809882164 0.426999896764755 0.410576939582825 0.438360959291458 0.480223715305328 0.45320588350296 0.467029631137848 0.528557777404785 0.578338205814362 0.704641819000244 0.747835218906403 0.796259701251984 0.762954771518707 0.695473790168762 0.707853734493256 0.687869429588318 0.625551700592041 0.656049609184265 0.614183783531189 0.574639499187469 0.500164031982422 0.503314077854156 0.486746281385422 0.457885473966599 0.462568998336792 0.396750837564468 0.380100160837173 0.301239222288132 0.277652740478516 0.267150819301605 0.313171565532684 0.385411649942398
0.387636631727219 0.315375030040741 0.389890730381012 0.410226941108704 0.351620376110077 0.374694019556046 0.402998805046082 0.384673565626144 0.371154636144638 0.409502565860748 0.399199813604355 0.414543688297272 0.480291247367859 0.494130253791809 0.507925391197205 0.540323615074158 0.523426115512848 0.55545437335968 0.600351572036743 0.617863535881042 0.621524453163147 0.736292123794556 0.792765438556671 0.797229826450348 0.776168584823608 0.708745002746582 0.679643094539642 0.732518792152405 0.67185240983963 0.673157095909119 0.632190763950348 0.583452999591827 0.580499291419983 0.553495645523071 0.549366235733032 0.538552343845367 0.474707663059235 0.468708157539368 0.438822120428085 0.418012708425522 0.349460810422897 0.333624452352524 0.346658229827881 0.353158324956894
0.432449519634247 0.430649042129517 0.436973333358765 0.448615849018097 0.421612232923508 0.421048998832703 0.433188557624817 0.425419837236404 0.445973336696625 0.436195641756058 0.456206023693085 0.556345999240875 0.541590094566345 0.599307477474213 0.610197126865387 0.645296156406403 0.661353647708893 0.642910361289978 0.630282461643219 0.696438193321228 0.665791094303131 0.757021427154541 0.805601954460144 0.815582394599915 0.763887107372284 0.724258542060852 0.678687989711761 0.648577153682709 0.626660168170929 0.619667649269104 0.633372366428375 0.603542864322662 0.667368710041046 0.662687599658966 0.584697365760803 0.616138339042664 0.605724990367889 0.536080121994019 0.513073563575745 0.447882473468781 0.396760255098343 0.388718783855438 0.349847137928009 0.379759311676025
0.496796667575836 0.468794941902161 0.457958608865738 0.478899866342545 0.46827644109726 0.438120782375336 0.472713887691498 0.485363930463791 0.483409404754639 0.588701844215393 0.603376626968384 0.62894469499588 0.614591538906097 0.67221599817276 0.721243321895599 0.758778214454651 0.701676368713379 0.732871353626251 0.695284605026245 0.724429845809937 0.725516796112061 0.814301311969757 0.821828663349152 0.815537691116333 0.779100120067596 0.692930817604065 0.682134568691254 0.679816901683807 0.674905240535736 0.659708559513092 0.68593955039978 0.702477633953094 0.717017590999603 0.717847228050232 0.704982280731201 0.696276903152466 0.635568141937256 0.620555222034454 0.561969399452209 0.546447098255157 0.514323353767395 0.453654706478119 0.463133841753006 0.418889492750168
0.532932341098785 0.49337637424469 0.507834434509277 0.514542400836945 0.486478298902512 0.509443342685699 0.50879293680191 0.519250094890594 0.594525933265686 0.632672190666199 0.677783846855164 0.674989461898804 0.691849648952484 0.702530205249786 0.746229350566864 0.778684556484222 0.77002215385437 0.774533331394196 0.743406414985657 0.764702975749969 0.785027027130127 0.794235944747925 0.804320693016052 0.80526477098465 0.773335814476013 0.662027359008789 0.678505182266235 0.675970792770386 0.682083070278168 0.716398239135742 0.732215166091919 0.744984269142151 0.74955677986145 0.776912212371826 0.791697680950165 0.737392663955688 0.732817888259888 0.694581747055054 0.682918727397919 0.618651628494263 0.556130170822144 0.542800724506378 0.482940346002579 0.453700870275497
0.60699051618576 0.625068366527557 0.56989324092865 0.566626071929932 0.56937575340271 0.616458535194397 0.615960717201233 0.667052388191223 0.680446684360504 0.719064950942993 0.705783545970917 0.719491064548492 0.759917378425598 0.730175793170929 0.765820920467377 0.803001880645752 0.798867344856262 0.816196382045746 0.792404294013977 0.817473173141479 0.823130905628204 0.825386106967926 0.828621923923492 0.758760809898376 0.716994225978851 0.712287187576294 0.713419854640961 0.706600844860077 0.720399558544159 0.744789481163025 0.74112206697464 0.759372353553772 0.802759766578674 0.783464074134827 0.780821740627289 0.795887529850006 0.797894060611725 0.763656079769135 0.757843017578125 0.737697780132294 0.681096374988556 0.589260220527649 0.565837562084198 0.544201016426086
0.591602146625519 0.652274906635284 0.678069353103638 0.658995747566223 0.66454941034317 0.683464884757996 0.698767781257629 0.733915567398071 0.717441380023956 0.727112472057343 0.762277483940125 0.794929087162018 0.778144776821136 0.802633047103882 0.814457058906555 0.820741236209869 0.803565979003906 0.814519584178925 0.813728153705597 0.813772976398468 0.823630690574646 0.815153896808624 0.778423488140106 0.722220063209534 0.723204672336578 0.700133442878723 0.679633319377899 0.725691616535187 0.719988882541656 0.743054211139679 0.775454044342041 0.75496631860733 0.777037262916565 0.775170147418976 0.777220249176025 0.800994694232941 0.797592103481293 0.807590067386627 0.787374198436737 0.762771725654602 0.752481937408447 0.690745770931244 0.710278928279877 0.634092748165131
0.662059843540192 0.681872427463531 0.69102954864502 0.677593946456909 0.682454228401184 0.718524575233459 0.730362594127655 0.720308065414429 0.738471210002899 0.749798893928528 0.794742584228516 0.788343608379364 0.807015180587769 0.820399522781372 0.81439882516861 0.806747555732727 0.819760859012604 0.807776510715485 0.79624617099762 0.795667946338654 0.793829083442688 0.802234292030334 0.797792494297028 0.782362103462219 0.761148512363434 0.752471089363098 0.740998864173889 0.72926265001297 0.719019949436188 0.728006839752197 0.72237241268158 0.753151774406433 0.786130547523499 0.782646119594574 0.802651822566986 0.793198525905609 0.823182046413422 0.805504143238068 0.805072546005249 0.768048465251923 0.761694669723511 0.741923809051514 0.718885600566864 0.711566209793091
0.713197767734528 0.731604516506195 0.732031166553497 0.705100774765015 0.688352763652802 0.731888830661774 0.753408789634705 0.770341455936432 0.788440883159637 0.781083881855011 0.804544031620026 0.805975258350372 0.821048855781555 0.805801093578339 0.836072027683258 0.794786036014557 0.812038838863373 0.804286479949951 0.787422716617584 0.784415245056152 0.769913852214813 0.770295739173889 0.762772977352142 0.762317061424255 0.748739004135132 0.721463859081268 0.721528947353363 0.699707627296448 0.700324833393097 0.69392865896225 0.69566136598587 0.700875639915466 0.732804119586945 0.750885307788849 0.767481744289398 0.788418173789978 0.813241064548492 0.782489955425262 0.785327672958374 0.760001599788666 0.758043229579926 0.709254562854767 0.699325978755951 0.687605082988739
0.737480938434601 0.720495223999023 0.729253470897675 0.695656478404999 0.717919588088989 0.733369052410126 0.768974363803864 0.784483313560486 0.785982429981232 0.785982429981232 0.800728023052216 0.803966701030731 0.810283720493317 0.806279718875885 0.810840249061584 0.801440954208374 0.772849261760712 0.758001029491425 0.754703164100647 0.756629109382629 0.748643457889557 0.760151147842407 0.731048285961151 0.709871232509613 0.741172254085541 0.695777714252472 0.691121101379395 0.675311505794525 0.66222870349884 0.650411665439606 0.654337882995605 0.690428137779236 0.707702457904816 0.729676067829132 0.729644179344177 0.777994930744171 0.756283402442932 0.770958662033081 0.744792222976685 0.727206528186798 0.737908780574799 0.736628532409668 0.694036900997162 0.680708050727844
0.733964025974274 0.710651397705078 0.699030935764313 0.692413747310638 0.706229090690613 0.709047973155975 0.746410727500916 0.751901805400848 0.77940559387207 0.789092600345612 0.799993991851807 0.806523859500885 0.79922878742218 0.796621203422546 0.775625109672546 0.771437525749207 0.737639784812927 0.724490106105804 0.70788449048996 0.713668406009674 0.712793231010437 0.722048223018646 0.694423913955688 0.675217568874359 0.670809209346771 0.667294204235077 0.656885921955109 0.645892918109894 0.62978857755661 0.611700475215912 0.633176267147064 0.633281052112579 0.638454139232635 0.658070802688599 0.686953902244568 0.703698813915253 0.738541066646576 0.698928534984589 0.7249396443367 0.711135268211365 0.698208570480347 0.681756019592285 0.677003085613251 0.66276079416275
0.718763470649719 0.723260283470154 0.675453305244446 0.690080881118774 0.662039697170258 0.670167207717896 0.675471067428589 0.687481284141541 0.69892817735672 0.73296707868576 0.775459766387939 0.760080397129059 0.774079620838165 0.768477916717529 0.776416301727295 0.744418680667877 0.720357596874237 0.70398086309433 0.687728106975555 0.65508759021759 0.666455924510956 0.661036849021912 0.631119191646576 0.62745076417923 0.592840194702148 0.540416717529297 0.543301939964294 0.563198089599609 0.598347008228302 0.590258836746216 0.604058921337128 0.603274703025818 0.576143741607666 0.561206459999084 0.59948056936264 0.634260237216949 0.650386393070221 0.65912914276123 0.66460770368576 0.650596082210541 0.646879971027374 0.657478392124176 0.660828530788422 0.676067173480988
0.721069931983948 0.729182064533234 0.706567943096161 0.678264796733856 0.595726490020752 0.58749932050705 0.562342405319214 0.594126045703888 0.641693234443665 0.709172904491425 0.73479688167572 0.734669387340546 0.749785304069519 0.743660688400269 0.72548633813858 0.712960422039032 0.695485293865204 0.666682064533234 0.655208885669708 0.640250146389008 0.656517922878265 0.624120116233826 0.616760015487671 0.574833571910858 0.530910611152649 0.434493392705917 0.505588412284851 0.56012761592865 0.569412410259247 0.570654451847076 0.579722285270691 0.585397303104401 0.584951281547546 0.602622389793396 0.617258310317993 0.61956787109375 0.620639681816101 0.600241184234619 0.600563824176788 0.559214174747467 0.565886378288269 0.585033297538757 0.518900394439697 0.696815729141235
0.741048276424408 0.707566976547241 0.697961449623108 0.636314749717712 0.60161018371582 0.479761064052582 0.461166203022003 0.509152591228485 0.613690912723541 0.652063190937042 0.69342702627182 0.729874789714813 0.727481424808502 0.726117551326752 0.710899233818054 0.677160739898682 0.678474009037018 0.664594888687134 0.644357562065125 0.644108712673187 0.628370642662048 0.618747353553772 0.592245638370514 0.581352412700653 0.505110800266266 0.519435286521912 0.51903235912323 0.549028873443604 0.584434926509857 0.598627805709839 0.601982772350311 0.606280922889709 0.602989852428436 0.604782283306122 0.577883064746857 0.564196348190308 0.499982714653015 0.476661264896393 0.490325927734375 0.555550694465637 0.497261226177216 0.479414343833923 0.471785306930542 0.648842930793762
0.713982582092285 0.692190885543823 0.692764461040497 0.638564169406891 0.612609446048737 0.552240312099457 0.479728907346725 0.53828102350235 0.584858953952789 0.644095361232758 0.685423254966736 0.690995395183563 0.68644255399704 0.689396798610687 0.689908146858215 0.681267440319061 0.639292597770691 0.627491235733032 0.618513226509094 0.62919807434082 0.637137889862061 0.612464725971222 0.620850741863251 0.595190167427063 0.547764718532562 0.538652062416077 0.550987899303436 0.567176997661591 0.60276460647583 0.599248468875885 0.5837242603302 0.613915026187897 0.614600002765656 0.602266371250153 0.547415375709534 0.466403007507324 0.448815762996674 0.374443143606186 0.472844660282135 0.522422254085541 0.465554177761078 0.396498262882233 0.456231504678726 0.57954066991806
0.731197774410248 0.694430887699127 0.689158856868744 0.668862879276276 0.650388479232788 0.568328976631165 0.542440176010132 0.574939668178558 0.608862638473511 0.640947222709656 0.647182524204254 0.684372067451477 0.688446223735809 0.659955084323883 0.669195115566254 0.659699261188507 0.665355503559113 0.659253597259521 0.652664065361023 0.629796028137207 0.642410516738892 0.64870297908783 0.626390397548676 0.586123943328857 0.609914720058441 0.567608118057251 0.554812014102936 0.576564848423004 0.563471257686615 0.563227832317352 0.557987987995148 0.587460994720459 0.606221258640289 0.598520636558533 0.547790706157684 0.478148519992828 0.452909350395203 0.439148396253586 0.442665636539459 0.483792632818222 0.456526607275009 0.384277790784836 0.447405636310577 0.576395571231842
0.732266366481781 0.723094940185547 0.695391237735748 0.663001239299774 0.642893433570862 0.603860080242157 0.591798841953278 0.618447780609131 0.60114711523056 0.661339402198792 0.657972276210785 0.652281761169434 0.645633518695831 0.661741137504578 0.640525221824646 0.660158812999725 0.663059175014496 0.652535915374756 0.639630675315857 0.650312602519989 0.627165913581848 0.638174116611481 0.595713675022125 0.599453628063202 0.584414839744568 0.551108121871948 0.534192621707916 0.54655259847641 0.534441828727722 0.508746325969696 0.482773274183273 0.486725866794586 0.523448646068573 0.559143304824829 0.563806533813477 0.519695162773132 0.491405785083771 0.41550475358963 0.309511423110962 0.398389995098114 0.376638621091843 0.355673015117645 0.492535620927811 0.574861705303192
