data/climate_estimation/maxent_output/Lilium_lankongense.asc
NCOLS 160 
NROWS 70 
XLLCORNER 91.6666666666667 
YLLCORNER 23 
CELLSIZE 0.0833333333333333 
NODATA_value -3.4e+38 
[rows 19 to 37 of 70, columns 88 to 131 of 160]
0.990311801433563 0.927622377872467 0.979572355747223 0.948823034763336 0.997857749462128 0.994268000125885 0.9939124584198 0.997907996177673 0.990256190299988 0.956522643566132 0.998089194297791 0.999634802341461 0.989227414131165 0.998437464237213 0.999751269817352 0.998817682266235 0.994084537029266 0.971399426460266 0.932803869247437 0.991932451725006 0.997726798057556 0.98998486995697 0.993655800819397 0.999775111675262 0.999330878257751 0.997990906238556 0.996898412704468 0.99844229221344 0.999736726284027 0.999660551548004 0.995943248271942 0.988452196121216 0.991289854049683 0.866190433502197 0.592716813087463 0.997692167758942 0.985401332378387 0.932779133319855 0.923871219158173 0.695210456848145 0.999429702758789 0.999939680099487 0.941205739974976 0.574080526828766
0.998529553413391 0.942990183830261 0.971292793750763 0.988371849060059 0.985261738300323 0.997646152973175 0.997062623500824 0.994985461235046 0.964539051055908 0.987997353076935 0.94081974029541 0.999305844306946 0.97062736749649 0.999775826931 0.99981278181076 0.99879515171051 0.995076954364777 0.854476153850555 0.9996377825737 0.996393442153931 0.999498128890991 0.998374760150909 0.996828675270081 0.999594032764435 0.999789774417877 0.998339653015137 0.99948263168335 0.995043992996216 0.981336534023285 0.912288904190063 0.974978923797607 0.979390203952789 0.857272446155548 0.696690201759338 0.627279937267303 0.971983432769775 0.982096016407013 0.909347772598267 0.594569385051727 0.820963799953461 0.975577712059021 0.999899089336395 0.999189496040344 0.836138486862183
0.998667120933533 0.952616810798645 0.960696220397949 0.986996531486511 0.996075570583344 0.998156487941742 0.997319340705872 0.996529579162598 0.991886675357819 0.999406278133392 0.969139993190765 0.988326728343964 0.982067942619324 0.998851597309113 0.9998379945755 0.999370276927948 0.999327123165131 0.883766353130341 0.995512664318085 0.99678909778595 0.996462523937225 0.993249297142029 0.999581634998322 0.999721944332123 0.99990326166153 0.999284863471985 0.997106492519379 0.892735481262207 0.701286375522614 0.923606753349304 0.781531691551208 0.927217960357666 0.972362637519836 0.712941229343414 0.95666092634201 0.92898428440094 0.971937656402588 0.658656239509583 0.678208470344543 0.941177904605865 0.943024516105652 0.998338997364044 0.999935448169708 0.911420881748199
0.999091804027557 0.949335932731628 0.865159273147583 0.983722805976868 0.971250116825104 0.998510241508484 0.999453008174896 0.998410761356354 0.998685359954834 0.999219536781311 0.999323010444641 0.915665864944458 0.966734886169434 0.999493777751923 0.996690690517426 0.999330043792725 0.99587494134903 0.895926296710968 0.998702466487885 0.982967257499695 0.951370060443878 0.990672528743744 0.998445391654968 0.998811304569244 0.998097121715546 0.989282608032227 0.995994806289673 0.929242491722107 0.52728670835495 0.500911295413971 0.485980272293091 0.601530134677887 0.70854914188385 0.94523024559021 0.9792520403862 0.937238693237305 0.812655925750732 0.476878315210342 0.980709314346313 0.987574934959412 0.99365645647049 0.998291254043579 0.999935567378998 0.993429720401764
0.998989999294281 0.945179581642151 0.859004437923431 0.996682345867157 0.932003438472748 0.995607733726501 0.999036848545074 0.999691545963287 0.998826920986176 0.996936857700348 0.985215902328491 0.886272311210632 0.962286114692688 0.990766406059265 0.98675411939621 0.992697894573212 0.998772203922272 0.944434463977814 0.985667526721954 0.814967453479767 0.997485995292664 0.996371507644653 0.9981409907341 0.997922420501709 0.997434914112091 0.882722973823547 0.812775611877441 0.889683961868286 0.901077806949615 0.465786159038544 0.691451728343964 0.894988298416138 0.559523224830627 0.973672389984131 0.960539221763611 0.752496123313904 0.648921966552734 0.558590292930603 0.994947195053101 0.983578205108643 0.99770975112915 0.999490916728973 0.999651372432709 0.994788467884064
0.999385237693787 0.92633193731308 0.971625089645386 0.998567461967468 0.987499296665192 0.967556416988373 0.998151183128357 0.99847686290741 0.997571349143982 0.976508140563965 0.972723424434662 0.988358616828918 0.997138321399689 0.997919499874115 0.997774422168732 0.991835355758667 0.898546099662781 0.858069956302643 0.924803793430328 0.572473406791687 0.914022922515869 0.996952295303345 0.999898552894592 0.999874770641327 0.987875282764435 0.836567938327789 0.627106666564941 0.71965491771698 0.683128595352173 0.530069291591644 0.946374535560608 0.906399309635162 0.658989191055298 0.513192534446716 0.750548362731934 0.455344080924988 0.354070484638214 0.610814154148102 0.998701155185699 0.981639087200165 0.994526863098145 0.992347061634064 0.996853113174438 0.996237635612488
0.999490261077881 0.853323996067047 0.951455771923065 0.995219171047211 0.996840178966522 0.995148479938507 0.991398274898529 0.999152600765228 0.999391734600067 0.992944300174713 0.996982872486115 0.984252154827118 0.99816632270813 0.999320566654205 0.990152359008789 0.993132352828979 0.853459358215332 0.99895042181015 0.995843768119812 0.837215304374695 0.628773987293243 0.987755298614502 0.999688625335693 0.998997032642365 0.987342536449432 0.92378181219101 0.56336897611618 0.678420126438141 0.793817818164825 0.943513751029968 0.515754461288452 0.756409466266632 0.82301127910614 0.411691576242447 0.412039160728455 0.666135728359222 0.93087899684906 0.876340508460999 0.982657134532928 0.945060908794403 0.978026568889618 0.981225311756134 0.948237359523773 0.988185703754425
0.999574244022369 0.812423467636108 0.994626879692078 0.99733555316925 0.997219324111938 0.998197197914124 0.987911283969879 0.998296916484833 0.999675929546356 0.998804450035095 0.984992861747742 0.96452409029007 0.996420919895172 0.999108910560608 0.920850932598114 0.997450888156891 0.812483906745911 0.975185453891754 0.985500633716583 0.79642528295517 0.793657720088959 0.970033049583435 0.982595086097717 0.99693775177002 0.88099592924118 0.615151405334473 0.359903454780579 0.29641979932785 0.350539296865463 0.366859167814255 0.399569600820541 0.46871417760849 0.662286996841431 0.310130596160889 0.335886359214783 0.6099454164505 0.966772437095642 0.967473864555359 0.91459047794342 0.909515500068665 0.964272618293762 0.973835527896881 0.873376309871674 0.935051739215851
0.998581290245056 0.788588523864746 0.960816025733948 0.99211984872818 0.995985865592957 0.999011933803558 0.993734121322632 0.990298509597778 0.991765856742859 0.982113778591156 0.973125696182251 0.950680136680603 0.999175369739532 0.991443634033203 0.935202240943909 0.997669816017151 0.837866604328156 0.494364857673645 0.859161972999573 0.669133007526398 0.529315173625946 0.883127689361572 0.876344203948975 0.836589455604553 0.873806118965149 0.723103165626526 0.383787482976913 0.25943398475647 0.227073445916176 0.220349341630936 0.317204862833023 0.390767127275467 0.233391940593719 0.427864372730255 0.231233865022659 0.523773372173309 0.942664742469788 0.895882248878479 0.867469966411591 0.861299693584442 0.879876792430878 0.880581676959991 0.966381251811981 0.916957139968872
0.998877763748169 0.678010821342468 0.970388174057007 0.998025298118591 0.985050737857819 0.994606494903564 0.997269809246063 0.964330732822418 0.991989731788635 0.951175630092621 0.908270955085754 0.963728606700897 0.999604761600494 0.994024693965912 0.867034494876862 0.837473094463348 0.757780373096466 0.413636207580566 0.987845003604889 0.674548923969269 0.687461793422699 0.989136517047882 0.985981285572052 0.799887239933014 0.393856585025787 0.854411900043488 0.708941280841827 0.541007995605469 0.560570538043976 0.24084934592247 0.528161525726318 0.826117277145386 0.359515726566315 0.318653076887131 0.208343833684921 0.677619576454163 0.93057519197464 0.830359101295471 0.652495622634888 0.808434367179871 0.811845421791077 0.937537372112274 0.743965327739716 0.932990968227386
0.998660326004028 0.62779039144516 0.996632814407349 0.997244834899902 0.9580899477005 0.998342275619507 0.998028874397278 0.981573104858398 0.991364419460297 0.987328171730042 0.961874663829803 0.992844462394714 0.997316479682922 0.996256291866302 0.685664474964142 0.685880780220032 0.835291802883148 0.232564225792885 0.913185596466064 0.591988265514374 0.940666556358337 0.999042987823486 0.987195312976837 0.922774314880371 0.857688724994659 0.330725461244583 0.309518128633499 0.289460927248001 0.347321748733521 0.436777412891388 0.569831371307373 0.88737815618515 0.614755034446716 0.455496966838837 0.371850967407227 0.479914277791977 0.832975268363953 0.669568598270416 0.726166546344757 0.792643189430237 0.91227650642395 0.979285836219788 0.520713448524475 0.66477757692337
0.999223470687866 0.691826403141022 0.98962926864624 0.992454171180725 0.93949943780899 0.984667718410492 0.987899959087372 0.997270226478577 0.986633121967316 0.978429079055786 0.934108257293701 0.909518480300903 0.992214322090149 0.997387230396271 0.841806709766388 0.827887415885925 0.350870192050934 0.525665521621704 0.504907190799713 0.333190441131592 0.934383392333984 0.987569391727448 0.987353384494781 0.749870598316193 0.378736853599548 0.674895703792572 0.587339520454407 0.829835593700409 0.692218005657196 0.526998162269592 0.865596771240234 0.859620034694672 0.618133723735809 0.637861430644989 0.701992452144623 0.622536480426788 0.672731757164001 0.449026972055435 0.831626832485199 0.916065275669098 0.535810589790344 0.560934662818909 0.821633756160736 0.615527451038361
0.99793928861618 0.614890098571777 0.994910717010498 0.968651115894318 0.929097950458527 0.80996835231781 0.982251286506653 0.998468160629272 0.979490518569946 0.950168013572693 0.992983222007751 0.82367730140686 0.976513803005219 0.998002052307129 0.783705174922943 0.866166353225708 0.493108540773392 0.236146301031113 0.200968369841576 0.297071665525436 0.541813969612122 0.482499033212662 0.826479971408844 0.560869991779327 0.965229094028473 0.922158896923065 0.921953320503235 0.947480976581573 0.771347224712372 0.662618219852448 0.898771405220032 0.77437424659729 0.722162485122681 0.741915464401245 0.397249698638916 0.742144227027893 0.564960420131683 0.311198472976685 0.332206964492798 0.559738039970398 0.968066811561584 0.98707240819931 0.998422145843506 0.713772535324097
0.997001647949219 0.544357180595398 0.990285098552704 0.829978227615356 0.956446647644043 0.863968193531036 0.987751245498657 0.988751769065857 0.929603815078735 0.93823105096817 0.990755796432495 0.722005188465118 0.921044230461121 0.992696642875671 0.487973481416702 0.595189988613129 0.43167382478714 0.717238783836365 0.518297433853149 0.805913090705872 0.685086667537689 0.824094533920288 0.563556730747223 0.782702028751373 0.995818316936493 0.978885650634766 0.997801244258881 0.893710374832153 0.796736836433411 0.846596419811249 0.635606646537781 0.467793524265289 0.478945553302765 0.566969573497772 0.51479184627533 0.661156535148621 0.461205184459686 0.19211807847023 0.478962510824203 0.755404353141785 0.989446222782135 0.991646647453308 0.999517858028412 0.976392269134521
0.991759359836578 0.563793540000916 0.992998003959656 0.908135294914246 0.826115787029266 0.714012622833252 0.983624339103699 0.963037014007568 0.843167841434479 0.788298010826111 0.992495536804199 0.902373194694519 0.747590899467468 0.792225539684296 0.590714871883392 0.436294853687286 0.467720717191696 0.73998612165451 0.299983501434326 0.873261451721191 0.943895757198334 0.601418554782867 0.911957383155823 0.729571640491486 0.994137167930603 0.972183108329773 0.978733062744141 0.922881901264191 0.943148136138916 0.914167761802673 0.564791679382324 0.368280857801437 0.356293022632599 0.327605336904526 0.374121487140656 0.589634120464325 0.508118569850922 0.258767336606979 0.93069452047348 0.978631854057312 0.994916081428528 0.97156423330307 0.996531248092651 0.997961640357971
0.989009439945221 0.675129890441895 0.94748318195343 0.868768632411957 0.831446349620819 0.952424228191376 0.985147833824158 0.918713748455048 0.836059033870697 0.604882419109344 0.967993915081024 0.934707224369049 0.981074512004852 0.631945371627808 0.794141709804535 0.964652359485626 0.917742431163788 0.503264367580414 0.226467922329903 0.639109075069427 0.966387152671814 0.830975294113159 0.911994934082031 0.560583055019379 0.708565235137939 0.792695641517639 0.958875596523285 0.906749784946442 0.849469006061554 0.762937307357788 0.482508689165115 0.298992395401001 0.26265749335289 0.148793652653694 0.135422378778458 0.384105056524277 0.349388360977173 0.451335519552231 0.937234401702881 0.993955731391907 0.984055876731873 0.974778831005096 0.973278701305389 0.954666972160339
0.66441798210144 0.70466423034668 0.857180714607239 0.937770128250122 0.552995204925537 0.892444610595703 0.893274486064911 0.938639521598816 0.891603767871857 0.699624419212341 0.70817494392395 0.993752598762512 0.997606217861176 0.667304337024689 0.656762838363647 0.886904835700989 0.725084543228149 0.422405809164047 0.24867944419384 0.463488966226578 0.983632445335388 0.928387045860291 0.755360245704651 0.57856547832489 0.549046635627747 0.434542834758759 0.731882095336914 0.776808857917786 0.698085904121399 0.669751167297363 0.361049592494965 0.220658108592033 0.202091798186302 0.0823987945914268 0.133704483509064 0.934639096260071 0.757318735122681 0.386805206537247 0.823874235153198 0.971189260482788 0.969908714294434 0.910713732242584 0.969155251979828 0.954898655414581
0.990980982780457 0.960462033748627 0.447189390659332 0.939244389533997 0.520431876182556 0.934801638126373 0.839967787265778 0.950299322605133 0.959621787071228 0.933625400066376 0.685421764850616 0.796609222888947 0.997366428375244 0.69882196187973 0.687163889408112 0.81397420167923 0.700293660163879 0.478711009025574 0.275712251663208 0.46009287238121 0.918427407741547 0.879994451999664 0.813246130943298 0.518627524375916 0.58884334564209 0.522435486316681 0.590622544288635 0.659721732139587 0.790329456329346 0.779524028301239 0.599886178970337 0.359736204147339 0.148401945829391 0.0353471301496029 0.10818162560463 0.889275312423706 0.743219971656799 0.633833169937134 0.735013782978058 0.970183730125427 0.975854814052582 0.852143228054047 0.853834092617035 0.935402512550354
0.907411575317383 0.962017416954041 0.748750925064087 0.859459757804871 0.628455102443695 0.811461985111237 0.928099870681763 0.797542214393616 0.877235114574432 0.89256751537323 0.661910474300385 0.451615303754807 0.978589951992035 0.917104363441467 0.607799768447876 0.700574696063995 0.7893927693367 0.583095252513885 0.292828798294067 0.391102373600006 0.639263987541199 0.706681966781616 0.855350732803345 0.613536596298218 0.758429169654846 0.866961002349854 0.659370303153992 0.560682356357574 0.65798145532608 0.820657670497894 0.547602653503418 0.342365860939026 0.269043147563934 0.0392787083983421 0.0289362594485283 0.694832801818848 0.927327632904053 0.873419225215912 0.818068504333496 0.944793939590454 0.958330392837524 0.831489741802216 0.787857234477997 0.752817451953888
