data/climate_estimation/maxent_output/Lilium_humboldtii.asc
NCOLS 69 
NROWS 100 
XLLCORNER -121.916666666667 
YLLCORNER 31.75 
CELLSIZE 0.0833333333333333 
NODATA_value -3.4e+38 
[rows 0 to 20 of 100, columns 0 to 46 of 69]
0.422575771808624 0.761236369609833 0.885409951210022 0.837340235710144 0.521076440811157 0.236353829503059 0.157493680715561 0.395748108625412 0.55371755361557 0.382067412137985 0.365968555212021 0.249995335936546 0.15939998626709 0.112082429230213 0.141679838299751 0.056702796369791 0.0383720211684704 0.0222415924072266 0.0129383495077491 0.0107793565839529 0.00710848998278379 0.00771896634250879 0.00261562061496079 0.001971808495 0.00116297986824065 0.000780774164013565 0.00072980165714398 0.00154383643530309 0.00110232795123011 0.000277395447483286 0.000430509826401249 0.000185221011633985 6.77436837577261e-05 7.36146030249074e-05 7.48233433114365e-05 8.68807182996534e-05 0.000104133570857812 5.95526180404704e-05 7.11825341568328e-05 0.000117677212983835 0.000129085121443495 0.000101676370832138 7.85502779763192e-05 0.000115024216938764 9.76603187154979e-05 7.988673314685e-05 6.87235660734586e-05
0.453056633472443 0.824655055999756 0.905179619789124 0.886571168899536 0.816940546035767 0.409657537937164 0.411031037569046 0.700430691242218 0.19820810854435 0.279866725206375 0.490751177072525 0.335707187652588 0.248943954706192 0.121180444955826 0.0692461431026459 0.0388898402452469 0.0490410327911377 0.037947203963995 0.0218824576586485 0.010903506539762 0.00983956456184387 0.00795971136540174 0.00610920414328575 0.00266000209376216 0.00118304486386478 0.000587812042795122 0.000546505325473845 0.000949344248510897 0.00110835966188461 0.000424071418819949 0.000416468625189736 0.000163156160851941 9.29666493902914e-05 6.52652379358187e-05 6.93374313414097e-05 6.25900793238543e-05 8.25533061288297e-05 7.2408132837154e-05 0.000101916244602762 0.000132805813336745 0.000136789123644121 0.000127924649859779 8.92699172254652e-05 9.85195802059025e-05 0.000112194647954311 6.61970479995944e-05 3.52593851857819e-05
0.388297080993652 0.59365326166153 0.791134774684906 0.869317054748535 0.89522260427475 0.861854791641235 0.841744482517242 0.574942946434021 0.407949477434158 0.343836486339569 0.440080553293228 0.296377629041672 0.311839252710342 0.215309306979179 0.187426388263702 0.0693804994225502 0.0458864942193031 0.0452671572566032 0.0263053700327873 0.0175854060798883 0.0135136283934116 0.00735003035515547 0.0056083807721734 0.00304303551092744 0.00118329550605267 0.000960056146141142 0.00124527723528445 0.000581586675252765 0.000573267403524369 0.000642541795969009 0.000340313359629363 0.000156622307258658 8.30183707876131e-05 7.59312970330939e-05 0.000103596386907157 8.71757947606966e-05 0.000105994666228071 8.90084047568962e-05 8.79569051903673e-05 0.00015891129442025 0.000131220949697308 0.000140349060529843 9.12302784854546e-05 0.000100227145594545 8.06007446954027e-05 3.04520326608326e-05 5.39251959708054e-05
0.435797542333603 0.494827210903168 0.57086980342865 0.738354206085205 0.864169061183929 0.853147208690643 0.82329386472702 0.750436663627625 0.595823705196381 0.584049463272095 0.45768940448761 0.340814352035522 0.15928940474987 0.155396372079849 0.144487172365189 0.13745029270649 0.105529196560383 0.0582248941063881 0.0658498182892799 0.0524205230176449 0.0181288346648216 0.00978348217904568 0.00612846110016108 0.00462344149127603 0.0018019286217168 0.00131546484772116 0.00105528987478465 0.000655856390949339 0.000331309362081811 0.00020477116049733 0.000234127874136902 0.000135667418362573 8.71312076924369e-05 5.87172180530615e-05 7.66133016441017e-05 6.80715602356941e-05 7.13116824044846e-05 8.59738502185792e-05 0.000135994661832228 0.000132212400785647 0.000131357053760439 0.00015124271158129 8.67640774231404e-05 0.000104496240965091 5.53436548216268e-05 6.44880346953869e-05 0.000114344140456524
0.562210559844971 0.539331018924713 0.498806029558182 0.517320811748505 0.670140564441681 0.786845862865448 0.813919186592102 0.800556004047394 0.789739608764648 0.642802894115448 0.505368709564209 0.384211480617523 0.255167752504349 0.161461040377617 0.100896060466766 0.102814950048923 0.0957327336072922 0.104039363563061 0.0804534777998924 0.0615124069154263 0.0349930599331856 0.01499392837286 0.00971565302461386 0.00438257027417421 0.00238782074302435 0.00137784611433744 0.000932724913582206 0.000501197588164359 0.000350627349689603 0.000271418539341539 0.000140480682603084 0.000122799174278043 8.1424972449895e-05 7.7590171713382e-05 7.45275538065471e-05 7.23380362614989e-05 9.06130226212554e-05 0.000102363279438578 0.000148035440361127 0.000141577635076828 0.000152010616147891 0.000172849322552793 8.83140601217747e-05 8.02816357463598e-05 4.61649178760126e-05 9.2462170869112e-05 8.46585098770447e-05
0.560750484466553 0.517908453941345 0.420956581830978 0.345770478248596 0.542491853237152 0.723376452922821 0.809948623180389 0.800214469432831 0.757367134094238 0.780805110931396 0.618102133274078 0.537508130073547 0.40064725279808 0.392604470252991 0.124996334314346 0.0797304660081863 0.0480502769351006 0.0638025104999542 0.101610191166401 0.0401396676898003 0.021168977022171 0.0107822800055146 0.013991360552609 0.00708112539723516 0.00343906856141984 0.0020140886772424 0.000958395656198263 0.000615345546975732 0.000411497370805591 0.000221240406972356 0.000156414665980265 0.000103326652606484 7.80357077019289e-05 7.50991166569293e-05 4.7376877773786e-05 8.97618228918873e-05 0.000103778598713689 9.88282263278961e-05 0.000150407999171875 0.000145629659527913 0.000160039853653871 0.000112225839984603 0.000114145448605996 4.7640765842516e-05 3.72905233234633e-05 6.95523922331631e-05 8.90798182808794e-05
0.53279036283493 0.456355154514313 0.364669680595398 0.304342895746231 0.339348047971725 0.522224426269531 0.677632093429565 0.796868860721588 0.749029695987701 0.727353930473328 0.670296549797058 0.631232857704163 0.526085615158081 0.437360644340515 0.228701904416084 0.154918149113655 0.079881489276886 0.0339911468327045 0.0568039268255234 0.0320957191288471 0.0211549643427134 0.0165215414017439 0.0186437387019396 0.0155332358554006 0.00425897212699056 0.0017412108136341 0.000976175186224282 0.000478754111099988 0.00031665395363234 0.000151642991113476 0.000136416667373851 8.00878478912637e-05 6.99446100043133e-05 5.02211150887888e-05 4.81412935187109e-05 9.88232422969304e-05 0.000103097525425255 0.00010783682228066 0.000167092788615264 0.000156249370775186 0.00016461756604258 0.000121916622447316 6.55593539704569e-05 9.44930434343405e-06 4.78244255646132e-05 9.54261486185715e-05 6.49371941108257e-05
0.503277063369751 0.415969163179398 0.342940926551819 0.255923062562943 0.247776702046394 0.380117416381836 0.794454336166382 0.784299731254578 0.766266286373138 0.774895429611206 0.666775465011597 0.633031129837036 0.569917142391205 0.482403099536896 0.335838288068771 0.145700559020042 0.0815341770648956 0.0364032685756683 0.0311772245913744 0.0297783464193344 0.023301986977458 0.0211416818201542 0.0172097738832235 0.0100008528679609 0.0105245765298605 0.00211775465868413 0.00116209452971816 0.000732107670046389 0.000359676487278193 0.000272469071205705 0.000123755118693225 7.12639739504084e-05 6.4776191720739e-05 4.32439155702014e-05 5.3468731493922e-05 6.49545763735659e-05 0.00010643394489307 0.000113710586447269 0.000170322018675506 0.000185914512258023 0.000122554483823478 7.10862732375972e-05 3.11226576741319e-05 2.34448634728324e-05 5.42740053788293e-05 5.58592801098712e-05 2.50843677349621e-05
0.510655522346497 0.432039707899094 0.345389157533646 0.291434407234192 0.253032594919205 0.287084549665451 0.508877515792847 0.818590402603149 0.846556544303894 0.815709829330444 0.77928614616394 0.72445821762085 0.599695682525635 0.493514537811279 0.463434398174286 0.217797711491585 0.0981693789362907 0.0532504767179489 0.02469452470541 0.0346549488604069 0.0355849526822567 0.0269054267555475 0.0254732631146908 0.00547991832718253 0.0107289683073759 0.00339030311442912 0.00185270060319453 0.00191702437587082 0.000731264357455075 0.000185081909876317 0.000119925694889389 8.7147687736433e-05 5.20637149747927e-05 4.48980572400615e-05 4.3341929995222e-05 6.72428650432266e-05 0.000100266719528008 0.000111284389276989 0.000112781563075259 0.000110342152765952 0.000123562989756465 5.90852323512081e-05 4.69514779979363e-05 6.7522851168178e-05 8.29529235488735e-05 5.70088232052512e-05 2.36948781093815e-05
0.464886099100113 0.425077557563782 0.342117339372635 0.282313257455826 0.262844562530518 0.251576036214828 0.353968411684036 0.718699991703033 0.753045678138733 0.861436784267426 0.801432728767395 0.66331022977829 0.635396480560303 0.542148113250732 0.472312092781067 0.313601404428482 0.150059849023819 0.0918308794498444 0.0584405474364758 0.036692526191473 0.043924368917942 0.0390628129243851 0.0189840588718653 0.00779091380536556 0.0117076616734266 0.0048121577128768 0.00383103592321277 0.00110497395507991 0.00042161947931163 0.000207624863833189 0.00013026429223828 8.06169264251366e-05 5.02471812069416e-05 4.27735976700205e-05 5.88305738347117e-05 4.41644951933995e-05 9.282844257541e-05 0.000111986337287817 0.000109465479908977 0.000105645776784513 0.000117356052214745 0.000117667550512124 5.98899932811037e-05 9.49594614212401e-05 5.41296722076368e-05 6.50876099825837e-05 4.94975356559735e-05
0.485867470502853 0.454072862863541 0.341909408569336 0.298234075307846 0.26139971613884 0.254105597734451 0.273996472358704 0.500441551208496 0.788338541984558 0.836759209632874 0.754582226276398 0.789733827114105 0.716850399971008 0.557629108428955 0.524732828140259 0.366424083709717 0.246550261974335 0.154424637556076 0.0912004113197327 0.0274682715535164 0.0536731779575348 0.0360546261072159 0.0483818612992764 0.0345081724226475 0.0134822884574533 0.00671081710606813 0.00305041903629899 0.000824966526124626 0.000521483307238668 0.000453805725555867 0.000146697057061829 6.78995565976948e-05 3.91242028854322e-05 9.9936132755829e-06 1.26426684801118e-05 1.24005555335316e-05 1.41003429234843e-05 1.45474150485825e-05 6.95244598318823e-05 9.72657653619535e-05 1.88321024552351e-07 2.2465458471288e-07 1.98640989879095e-07 7.35158610041253e-05 1.60763434564615e-07 3.86375904781744e-06 2.44057555391919e-05
0.400346219539642 0.37267655134201 0.376774549484253 0.328379184007645 0.309219509363174 0.25054195523262 0.256239533424377 0.405727386474609 0.730647206306458 0.865847408771515 0.85260409116745 0.807828783988953 0.750805556774139 0.581556141376495 0.555649161338806 0.408022820949554 0.254579395055771 0.160609811544418 0.101726040244102 0.0603135414421558 0.0371431224048138 0.0923304334282875 0.0543441846966743 0.0413136668503284 0.0159429889172316 0.00989450421184301 0.00251632812432945 0.00201505655422807 0.00116279406938702 0.000763385556638241 0.000205633725272492 6.43375897197984e-05 5.17155567649752e-05 4.55918379884679e-05 4.55340959888417e-05 4.7337689466076e-05 2.16416069065417e-07 2.12229650742302e-07 7.36600704840384e-05 8.82721578818746e-05 1.86772936672241e-07 1.8809606672221e-07 6.3400665339941e-07 1.71868336451553e-07 1.23747753377756e-07 1.27757672885309e-07 1.23954336572751e-07
0.396863281726837 0.366316676139832 0.3675836622715 0.338077247142792 0.333495765924454 0.308799117803574 0.288030028343201 0.375706940889359 0.615431547164917 0.774510085582733 0.812464952468872 0.769446969032288 0.740465581417084 0.706073462963104 0.681740045547485 0.452193796634674 0.399971574544907 0.267793118953705 0.153805181384087 0.0943716689944267 0.0410255677998066 0.0834560915827751 0.0584324300289154 0.035244345664978 0.0198245923966169 0.00615216000005603 0.00231633731164038 0.00191901728976518 0.00196574442088604 0.00101825839374214 0.000146053396747448 9.45583378779702e-05 4.02819132432342e-05 5.15569772687741e-05 5.68501272937283e-05 1.1973414075328e-05 5.26265503140166e-05 2.0215954066316e-07 2.10340530770736e-07 2.264653602424e-07 2.3490287048844e-07 1.83742685067045e-07 1.75950717107298e-07 1.75785629608072e-07 1.56426963826561e-07 1.23422267961359e-07 1.89544863360425e-07
0.356762737035751 0.369533181190491 0.368828684091568 0.378963798284531 0.407301992177963 0.39514285326004 0.369906783103943 0.386601388454437 0.549691259860992 0.772319078445435 0.769274413585663 0.768307983875275 0.780394494533539 0.670548439025879 0.601215243339539 0.477854430675507 0.43549457192421 0.297058582305908 0.232741862535477 0.0688509419560432 0.0303028896450996 0.0288248639553785 0.0579812712967396 0.0339163653552532 0.0214919149875641 0.00794856902211905 0.00236484943889081 0.00146006548311561 0.00192482920829207 0.00103769253473729 0.000117790448712185 8.52779048727825e-05 5.62754139536992e-05 4.43222306785174e-05 8.54785685078241e-06 7.46849991628551e-06 9.90056287264451e-06 4.79087102576159e-05 4.92528961331118e-05 2.40940636331288e-07 2.18014179154125e-07 1.64574288419317e-07 2.03774831675219e-07 2.79514637213651e-07 2.43828765178478e-07 1.67572224540891e-07 1.53065954577869e-07
0.341524064540863 0.358023375272751 0.415411978960037 0.418154776096344 0.427918046712875 0.425512105226517 0.430424004793167 0.474776089191437 0.548992037773132 0.657832503318787 0.752642512321472 0.777650773525238 0.767905950546265 0.617891490459442 0.590986490249634 0.467357724905014 0.426207453012466 0.30380842089653 0.275052100419998 0.114101454615593 0.0279433839023113 0.0133731830865145 0.0424867942929268 0.0263633523136377 0.00857250858098269 0.0233786217868328 0.00482427515089512 0.00489549292251468 0.00432659406214952 0.00143016991205513 0.000146962163853459 9.48498054640368e-05 7.41509211366065e-05 5.32838748767972e-05 1.06111265267828e-05 1.05838607851183e-05 8.08501499705017e-06 1.42044964377419e-05 1.42425496960641e-05 1.7382349426498e-07 1.74884291936905e-07 2.1750545897703e-07 2.02642965518862e-07 2.44100760937727e-07 2.27792938289895e-07 2.34200385307304e-07 1.73747764620202e-07
0.327583134174347 0.383380383253098 0.443424463272095 0.476832002401352 0.49753126502037 0.444167047739029 0.458730697631836 0.50693690776825 0.556017935276031 0.614038527011871 0.706185340881348 0.678143560886383 0.752071917057037 0.72773277759552 0.551560401916504 0.551501750946045 0.470224559307098 0.440692782402039 0.300474315881729 0.193432494997978 0.0809730514883995 0.0451348498463631 0.0205485746264458 0.0145971886813641 0.0132998460903764 0.0390788465738297 0.017122270539403 0.0122126890346408 0.00599806103855371 0.00254982919432223 0.000199456670088693 0.000159416376845911 2.65589624177665e-05 5.14391394972336e-05 1.37854904096457e-05 1.35521995616728e-05 7.3872374741768e-06 8.91118179424666e-06 4.96944157930557e-05 1.47920118820366e-07 1.8438714732838e-07 1.74517765572091e-07 1.61939595955118e-07 2.25073009119114e-07 2.11822481333002e-07 2.39796975165518e-07 1.92845078572645e-07
0.349338978528976 0.426011919975281 0.513195157051086 0.568308532238007 0.569019913673401 0.534888565540314 0.508868992328644 0.570252358913422 0.592310786247253 0.605635106563568 0.665210425853729 0.700639128684998 0.761609077453613 0.754760026931763 0.600955605506897 0.499542683362961 0.478795170783997 0.432888120412827 0.284490048885345 0.185401648283005 0.128559291362762 0.0487073510885239 0.0137609066441655 0.0146737033501267 0.0145272696390748 0.0326470360159874 0.0200765784829855 0.0102580096572638 0.00290546705946326 0.000635234697256237 0.000538897467777133 0.000177056906977668 0.000160452618729323 2.4065384423011e-05 1.49884108395781e-05 1.43639399539097e-05 1.13617461465765e-05 1.18215339171002e-05 3.96245959564112e-05 1.43444808031745e-07 8.17528302832216e-07 7.23505422683957e-07 7.67043559335434e-07 1.54050326273136e-07 1.69734278188116e-07 1.25220651625568e-07 9.90685791180113e-08
0.380031585693359 0.503060698509216 0.60687518119812 0.645325303077698 0.667058527469635 0.632149994373322 0.583108186721802 0.603261113166809 0.615907728672028 0.641088724136353 0.660889446735382 0.674802243709564 0.703214943408966 0.744480490684509 0.737501978874207 0.559044241905212 0.581105053424835 0.427882462739944 0.301006078720093 0.176164224743843 0.0758103132247925 0.0327370278537273 0.0152906561270356 0.0131237301975489 0.0139355827122927 0.0203680973500013 0.0226014964282513 0.0118273440748453 0.00606952700763941 0.00137752061709762 0.00135897018481046 0.000444227218395099 0.000189199316082522 0.000306065106997266 2.41322304646019e-05 1.56581118062604e-05 1.77453548531048e-05 1.01076202554395e-05 3.60746598744299e-05 3.01716063404456e-05 1.06724507986655e-06 7.28813574824017e-07 7.46006548979494e-07 1.46909286513619e-07 5.15416616053699e-07 1.19124322850439e-07 1.04440836423692e-07
0.439575284719467 0.58420991897583 0.65332305431366 0.687565088272095 0.742425799369812 0.733632385730743 0.696181535720825 0.677447974681854 0.675310075283051 0.654723763465881 0.660522282123566 0.554083526134491 0.552094757556915 0.698071002960205 0.647624492645264 0.607758700847626 0.599296450614929 0.566928684711456 0.430863112211227 0.278144329786301 0.135268941521645 0.075963594019413 0.0850221738219261 0.0317825376987457 0.0143679864704609 0.00895423907786608 0.00888839736580849 0.0142868123948574 0.0140854390338063 0.00375495385378599 0.00364405661821365 0.0023556153755635 0.000345096923410892 0.000604767468757927 3.8267855416052e-05 2.41320758505026e-05 1.55716370500159e-05 0.00013768499775324 1.22002247735509e-05 1.10469427454518e-05 9.07601133803837e-06 1.37868283900389e-07 1.25135173334456e-07 1.21877988590313e-07 1.71486476574501e-07 1.00704163230603e-07 1.2219798861679e-07
0.497724860906601 0.628116488456726 0.713695049285889 0.715971887111664 0.764411389827728 0.759546637535095 0.770997881889343 0.750360429286957 0.732615768909454 0.706651866436005 0.665262341499329 0.55414354801178 0.558673024177551 0.627728939056396 0.735687732696533 0.691692352294922 0.675660848617554 0.59660017490387 0.577522575855255 0.429300755262375 0.281518936157227 0.118774183094501 0.0583992227911949 0.0499812290072441 0.0208031628280878 0.0143200987949967 0.00996739789843559 0.00577773666009307 0.00537370797246695 0.0110666370019317 0.00319773936644197 0.00154779583681375 0.000568114512134343 0.000213434686884284 5.06562391819898e-05 3.68945584341418e-05 2.69425709120696e-05 2.81812281173188e-05 1.73791377164889e-05 1.16390474431682e-05 9.14202701096656e-06 1.05180777154601e-06 9.59377416620555e-07 7.60532884669374e-07 1.22532853197299e-07 1.6180430861823e-07 1.12163803578369e-07
0.63628625869751 0.703543186187744 0.713968336582184 0.763247013092041 0.80195289850235 0.803664445877075 0.806393682956696 0.81919139623642 0.79046493768692 0.769876778125763 0.654588222503662 0.597597479820251 0.569847345352173 0.654846906661987 0.65884917974472 0.628635287284851 0.702195823192596 0.67711865901947 0.577318787574768 0.517189145088196 0.287039935588837 0.188231140375137 0.120491228997707 0.110639080405235 0.0543175935745239 0.0306610688567162 0.00676699774339795 0.00286546465940773 0.00757275754585862 0.0107408594340086 0.00546354055404663 0.00251352787017822 0.0011648916406557 0.000675761373713613 0.0002728478575591 5.48059470020235e-05 4.86987191834487e-05 3.42723724315874e-05 2.29104425670812e-05 1.43143070090446e-05 1.2077868632332e-05 9.97891493170755e-06 1.14495537673065e-06 9.11282143079006e-07 1.63282010134935e-07 1.14828345942897e-07 1.01813597552791e-07
