data/climate_estimation/maxent_output/Lilium_auratum.asc
NCOLS 99 
NROWS 122 
XLLCORNER 133.333333333333 
YLLCORNER 33.25 
CELLSIZE 0.0833333333333333 
NODATA_value -3.4e+38 
[rows 96 to 119 of 122, columns 0 to 53 of 99]
0.297272503376007 0.437370181083679 0.808497786521912 0.816672921180725 0.775964796543121 0.768322288990021 0.44286435842514 0.817805230617523 0.818608283996582 0.49039027094841 0.182462155818939 0.285542070865631 0.508020877838135 0.819240093231201 0.818666100502014 0.583271086215973 0.33558663725853 0.203771680593491 0.434220910072327 0.48883193731308 0.446533232927322 0.238936990499496 0.200667917728424 0.250120282173157 0.37324532866478 0.466726005077362 0.513144791126251 0.47495436668396 0.476049214601517 0.806875646114349 0.785575211048126 0.3777976334095 0.208644613623619 0.192833334207535 0.192405000329018 0.549409806728363 0.754911422729492 0.765677154064178 0.556140780448914 0.398650348186493 0.329706132411957 0.277450621128082 0.281215667724609 0.316523760557175 0.382830947637558 0.404022514820099 0.459396600723267 0.634648382663727 0.709946870803833 0.715420126914978 0.683155179023743 0.556113481521606 0.687342286109924 0.736209750175476
0.779124140739441 0.786325037479401 0.809664905071259 0.811028897762299 0.812773108482361 0.812756180763245 0.812311589717865 0.804565608501434 0.812430024147034 0.81920725107193 0.794167220592499 0.815508127212524 0.81667298078537 0.818605244159698 0.815611064434052 0.81596177816391 0.546381831169128 0.478117048740387 0.409993410110474 0.426281303167343 0.256253838539124 0.176276624202728 0.18070775270462 0.245118960738182 0.393408417701721 0.787166059017181 0.779110372066498 0.800143778324127 0.809705495834351 0.811962604522705 0.807043612003326 0.779627740383148 0.482183665037155 0.48291289806366 0.502370119094849 0.693829119205475 0.817062556743622 0.797545552253723 0.768024086952209 0.381918519735336 0.339225560426712 0.293191015720367 0.265198111534119 0.26555061340332 0.348960906267166 0.453624427318573 0.691522836685181 0.694609045982361 0.704899072647095 0.713955521583557 0.714831471443176 0.693640053272247 0.703492522239685 0.736138939857483
0.792832314968109 0.790058434009552 0.782363712787628 0.784447371959686 0.787876784801483 0.784616589546204 0.786821067333221 0.795555055141449 0.798203945159912 0.804231882095337 0.809574067592621 0.812785923480988 0.801320135593414 0.803723335266113 0.818819046020508 0.811739981174469 0.818700969219208 0.795866966247559 0.811833500862122 0.785565614700317 0.640339851379395 0.535443246364594 0.609419524669647 0.662587881088257 0.680122137069702 0.709116399288177 0.763161361217499 0.772667944431305 0.798507511615753 0.805676221847534 0.803168773651123 0.463374137878418 0.436123162508011 0.454945832490921 0.504322648048401 0.693754851818085 0.788963973522186 0.789145171642303 0.768597424030304 0.512378811836243 0.355840742588043 0.3141088783741 0.266297847032547 0.250113725662231 0.295846521854401 0.494623184204102 0.581534326076508 0.580374240875244 0.698235988616943 0.705405592918396 0.703642785549164 0.701025605201721 0.709531128406525 0.72922545671463
0.773803055286407 0.765367567539215 0.765669107437134 0.764190554618835 0.760315895080566 0.755434572696686 0.742899835109711 0.732421875 0.717776298522949 0.749277532100677 0.762995064258575 0.778131186962128 0.785703778266907 0.797418236732483 0.803635954856873 0.80115157365799 0.803368151187897 0.802855551242828 0.80276221036911 0.753869891166687 0.584099769592285 0.683192372322083 0.74880462884903 0.752083778381348 0.7421795129776 0.524854183197021 0.623717963695526 0.75661426782608 0.771881937980652 0.765236496925354 0.64201807975769 0.489295274019241 0.516214787960052 0.56043404340744 0.625056564807892 0.794498145580292 0.771939754486084 0.764689326286316 0.60637378692627 0.549915611743927 0.392585098743439 0.33221772313118 0.294618844985962 0.297298431396484 0.313658088445663 0.365719795227051 0.405071675777435 0.578751564025879 0.703178286552429 0.690284311771393 0.704960763454437 0.710135221481323 0.721897780895233 0.740662574768066
0.751294791698456 0.749756634235382 0.738799333572388 0.732188284397125 0.711712837219238 0.69132274389267 0.694712936878204 0.555371642112732 0.455986469984055 0.49092423915863 0.551600992679596 0.650547862052917 0.640581130981445 0.737978637218475 0.718316614627838 0.765972197055817 0.75134688615799 0.727170705795288 0.72663825750351 0.522780895233154 0.697173893451691 0.74833220243454 0.743854761123657 0.748981714248657 0.760096251964569 0.742342591285706 0.369314134120941 0.768224477767944 0.464454829692841 0.48867005109787 0.517001569271088 0.440143972635269 0.528547704219818 0.582403302192688 0.641347646713257 0.765576183795929 0.74568110704422 0.757715821266174 0.546245515346527 0.488136947154999 0.42413917183876 0.366396576166153 0.349019318819046 0.334049880504608 0.333060324192047 0.352262616157532 0.443463444709778 0.698471546173096 0.70222669839859 0.702860116958618 0.700408041477203 0.712587475776672 0.723546087741852 0.740020930767059
0.730033874511719 0.706680297851562 0.70848560333252 0.694843471050262 0.690816581249237 0.649145483970642 0.68189150094986 0.669194221496582 0.602522671222687 0.531526148319244 0.713474214076996 0.70087718963623 0.651167333126068 0.672313749790192 0.589327573776245 0.633113205432892 0.573665678501129 0.556693434715271 0.585160613059998 0.546675980091095 0.652279794216156 0.693789303302765 0.687566220760345 0.709850013256073 0.685353696346283 0.720785796642303 0.713518142700195 0.689628541469574 0.257359147071838 0.303788661956787 0.543432831764221 0.523619472980499 0.754225254058838 0.683380424976349 0.659404754638672 0.753355503082275 0.745193779468536 0.731476247310638 0.571353316307068 0.517350494861603 0.482683748006821 -3.4e+38 0.415196985006332 0.38513109087944 0.386008143424988 0.392365634441376 0.490139722824097 0.672631919384003 0.707220077514648 0.708950936794281 0.696483314037323 0.70387589931488 0.726047396659851 0.732499361038208
0.712019979953766 0.708068311214447 0.68944388628006 0.663098454475403 0.687472224235535 0.656086027622223 0.61512678861618 0.584414839744568 0.593525230884552 0.59588497877121 0.670318722724915 0.635121703147888 0.517451763153076 0.629539370536804 0.479811757802963 0.435598582029343 0.454783856868744 0.50619250535965 0.496029853820801 0.50425785779953 0.559384763240814 0.581357896327972 0.58255535364151 0.640896201133728 0.514272570610046 0.618107676506042 0.506972193717957 0.362293303012848 0.24945555627346 0.305270373821259 0.493284404277802 0.737176477909088 0.744220793247223 0.740442276000977 0.649266242980957 0.74080228805542 0.719079077243805 0.569019675254822 0.539896905422211 0.513671278953552 -3.4e+38 -3.4e+38 0.450595736503601 0.424871802330017 0.427899599075317 0.453745126724243 0.554235994815826 0.640197277069092 0.680908143520355 0.604604184627533 0.670912086963654 0.696453869342804 0.701736450195312 0.667373776435852
0.699502408504486 0.673886954784393 0.662717521190643 0.653281688690186 0.658373892307281 0.674417853355408 0.560133159160614 0.454223096370697 0.420948326587677 0.483305394649506 0.490201056003571 0.592322885990143 0.477272152900696 0.439392328262329 0.397917956113815 0.358816236257553 0.381889790296555 0.429672986268997 0.477163761854172 0.526799261569977 0.562147736549377 0.728700459003448 0.754325866699219 0.755586683750153 0.381091207265854 0.306867122650146 0.27604666352272 0.257486045360565 0.328510612249374 0.297506779432297 0.515266358852386 0.707335233688354 0.737157046794891 0.620635867118835 0.632908940315247 0.736377239227295 0.727374792098999 0.509057462215424 0.501593589782715 0.500270664691925 -3.4e+38 -3.4e+38 0.492576628923416 0.456873774528503 0.463166564702988 0.580969750881195 0.494758248329163 0.510965049266815 0.502281486988068 0.629761934280396 0.571260452270508 0.588748335838318 0.599482953548431 0.561057448387146
0.680038094520569 0.658685207366943 0.659461498260498 0.628481030464172 0.503472626209259 0.439962208271027 0.398263067007065 0.409583568572998 0.357914686203003 0.398495763540268 0.416389048099518 0.405875504016876 0.352732360363007 0.389860242605209 0.39844337105751 -3.4e+38 -3.4e+38 0.452870547771454 0.492704063653946 0.561279594898224 0.570678114891052 0.657611906528473 0.651581764221191 0.466654717922211 0.390484631061554 0.356107145547867 0.300801813602448 0.308131843805313 0.442833036184311 0.305839359760284 0.514375686645508 0.713003814220428 0.593874573707581 0.548331737518311 0.703533113002777 0.727460920810699 0.602795541286469 0.497351855039597 0.484449326992035 -3.4e+38 -3.4e+38 -3.4e+38 0.533153295516968 0.5168217420578 -3.4e+38 -3.4e+38 0.612159252166748 0.53859281539917 0.558793723583221 0.597810029983521 0.564003646373749 0.540871024131775 0.574258029460907 0.558058142662048
0.629823327064514 0.584312915802002 0.539649963378906 0.523250818252563 0.37594997882843 0.346087038516998 0.301208764314651 0.312685877084732 0.313508778810501 0.371385395526886 0.353845208883286 -3.4e+38 -3.4e+38 0.398867964744568 0.418459266424179 0.383231461048126 -3.4e+38 -3.4e+38 -3.4e+38 0.601169645786285 0.552377104759216 0.50407338142395 0.457988440990448 -3.4e+38 -3.4e+38 0.453101813793182 0.375727504491806 0.413070917129517 0.4294213950634 0.324735015630722 0.688297748565674 0.733523905277252 0.719711244106293 0.683580994606018 0.72411060333252 0.706726789474487 0.610248804092407 0.504623591899872 0.471864521503448 0.447592616081238 -3.4e+38 -3.4e+38 -3.4e+38 -3.4e+38 0.555309951305389 0.607538998126984 0.581938862800598 0.581732332706451 0.602107226848602 0.537087619304657 -3.4e+38 -3.4e+38 0.557151317596436 0.575688242912292
0.39328396320343 0.412778198719025 0.459332197904587 0.43471360206604 0.28313359618187 0.336012154817581 0.309086173772812 0.35879322886467 0.346553444862366 -3.4e+38 0.556638598442078 0.707834959030151 0.494342356920242 -3.4e+38 -3.4e+38 -3.4e+38 -3.4e+38 -3.4e+38 0.641779601573944 0.690147280693054 0.572419822216034 -3.4e+38 -3.4e+38 -3.4e+38 0.533715963363647 0.534592509269714 0.474345564842224 0.457748591899872 0.43630975484848 0.369741529226303 0.618262052536011 0.725273251533508 0.724615931510925 0.71454918384552 0.713391065597534 0.709502100944519 0.702967524528503 0.669340133666992 0.485595643520355 0.457703858613968 0.453966200351715 0.425674170255661 0.49309891462326 -3.4e+38 0.545945703983307 -3.4e+38 -3.4e+38 -3.4e+38 -3.4e+38 -3.4e+38 -3.4e+38 -3.4e+38 -3.4e+38 -3.4e+38
0.404680401086807 0.354944616556168 0.392514735460281 0.321532666683197 0.219376683235168 0.254528433084488 0.367997854948044 0.238947704434395 0.384719848632812 0.36651936173439 0.454960495233536 0.55212664604187 0.490933179855347 -3.4e+38 -3.4e+38 -3.4e+38 -3.4e+38 0.580694854259491 0.612480044364929 0.662028014659882 -3.4e+38 -3.4e+38 -3.4e+38 0.527208983898163 0.554406344890594 0.581794261932373 0.584734499454498 0.718646705150604 0.743235290050507 0.517093241214752 0.730057120323181 0.718283712863922 0.713167011737823 0.710890173912048 0.709557712078094 0.702698707580566 0.672380685806274 0.627479195594788 0.560665845870972 0.516608655452728 0.612043619155884 0.649437129497528 0.49421015381813 0.461146056652069 -3.4e+38 -3.4e+38 -3.4e+38 -3.4e+38 -3.4e+38 -3.4e+38 -3.4e+38 -3.4e+38 -3.4e+38 -3.4e+38
0.453952819108963 0.339652866125107 0.350474029779434 0.33579558134079 0.353936702013016 0.156156942248344 0.212573349475861 0.491124391555786 0.279264628887177 0.440663665533066 0.481943398714066 0.442882835865021 -3.4e+38 -3.4e+38 -3.4e+38 -3.4e+38 0.465599209070206 0.575030148029327 0.60263854265213 -3.4e+38 -3.4e+38 -3.4e+38 0.494086682796478 0.561044156551361 0.719554424285889 0.762552857398987 0.755714356899261 0.751593828201294 0.732134878635406 0.695841789245605 0.719851076602936 0.718332886695862 0.701947510242462 0.702208280563354 0.702860236167908 0.684364199638367 0.652802348136902 0.64647102355957 0.671180188655853 0.633696675300598 0.63741272687912 0.578394711017609 0.504924356937408 0.461269587278366 -3.4e+38 -3.4e+38 -3.4e+38 -3.4e+38 -3.4e+38 -3.4e+38 -3.4e+38 -3.4e+38 -3.4e+38 -3.4e+38
-3.4e+38 -3.4e+38 0.351815074682236 0.325915634632111 0.356171607971191 0.166827216744423 0.253559559583664 0.426870852708817 0.393456637859344 0.51516181230545 0.519913077354431 0.517445504665375 0.432145178318024 -3.4e+38 -3.4e+38 -3.4e+38 0.523171246051788 0.59149968624115 0.692155957221985 0.598503053188324 0.470144629478455 0.532323598861694 0.628446578979492 0.64831006526947 0.722039818763733 0.739151895046234 0.736283242702484 0.742299497127533 0.737173557281494 0.727050364017487 0.713133692741394 0.701604425907135 0.705454111099243 0.691731512546539 0.695650517940521 0.695582211017609 0.656493782997131 0.639840662479401 0.622163355350494 0.577604651451111 0.495712995529175 0.469728708267212 0.472255647182465 -3.4e+38 -3.4e+38 -3.4e+38 -3.4e+38 -3.4e+38 -3.4e+38 -3.4e+38 -3.4e+38 -3.4e+38 -3.4e+38 -3.4e+38
-3.4e+38 -3.4e+38 0.328374862670898 0.421505391597748 0.406824350357056 0.44935205578804 0.514593601226807 0.595329642295837 0.675395607948303 0.698883533477783 0.707152843475342 0.685154855251312 0.6530601978302 0.674990475177765 0.622683942317963 0.40520116686821 0.467343747615814 0.682820081710815 0.676686763763428 -3.4e+38 -3.4e+38 0.412343949079514 0.438521683216095 0.553592383861542 0.736202538013458 0.745233654975891 0.74113517999649 0.717947244644165 0.725295662879944 0.715095818042755 0.665064215660095 0.609772205352783 0.697155296802521 0.636361300945282 0.682832479476929 0.595476865768433 0.594564020633698 0.56445437669754 0.420207262039185 -3.4e+38 -3.4e+38 -3.4e+38 -3.4e+38 -3.4e+38 -3.4e+38 -3.4e+38 -3.4e+38 -3.4e+38 -3.4e+38 -3.4e+38 -3.4e+38 -3.4e+38 -3.4e+38 -3.4e+38
-3.4e+38 -3.4e+38 0.333026736974716 0.398151427507401 0.400041401386261 0.613238155841827 0.709912776947021 0.708095371723175 0.706462442874908 0.709136664867401 0.709503591060638 0.684331357479095 0.6568204164505 0.469316929578781 0.392984062433243 0.352245450019836 -3.4e+38 0.455382406711578 -3.4e+38 -3.4e+38 -3.4e+38 0.54449987411499 0.720709800720215 0.738803088665009 0.745159566402435 0.745057165622711 0.730708956718445 0.712753772735596 0.715790033340454 0.71773761510849 0.613051652908325 0.702692925930023 0.704841911792755 0.693824887275696 0.589125156402588 0.448862105607986 -3.4e+38 -3.4e+38 -3.4e+38 -3.4e+38 -3.4e+38 -3.4e+38 -3.4e+38 -3.4e+38 -3.4e+38 -3.4e+38 -3.4e+38 -3.4e+38 -3.4e+38 -3.4e+38 -3.4e+38 -3.4e+38 -3.4e+38 -3.4e+38
-3.4e+38 -3.4e+38 0.339823216199875 0.620030403137207 0.688917458057404 0.701307952404022 0.704767942428589 0.704555869102478 0.689499199390411 0.693956792354584 0.705980360507965 0.679272532463074 0.66105842590332 0.567033767700195 0.457402229309082 0.403968632221222 -3.4e+38 -3.4e+38 -3.4e+38 -3.4e+38 -3.4e+38 0.508390486240387 0.634513556957245 0.728862226009369 0.741866290569305 0.738520503044128 0.7135369181633 0.71118688583374 0.725199520587921 0.719881355762482 0.700062155723572 0.701909482479095 0.698587536811829 0.699952185153961 0.601924657821655 0.478205353021622 -3.4e+38 -3.4e+38 -3.4e+38 -3.4e+38 -3.4e+38 -3.4e+38 -3.4e+38 -3.4e+38 -3.4e+38 -3.4e+38 -3.4e+38 -3.4e+38 -3.4e+38 -3.4e+38 -3.4e+38 -3.4e+38 -3.4e+38 -3.4e+38
0.558072745800018 0.687736868858337 0.68577116727829 0.691990733146667 0.698715925216675 0.706352353096008 0.685494363307953 0.617285549640656 0.703236758708954 0.702883660793304 0.703689277172089 0.710830926895142 0.708323419094086 0.694413959980011 0.63312292098999 0.432961165904999 0.427762567996979 -3.4e+38 -3.4e+38 -3.4e+38 0.558210909366608 0.666025161743164 0.715457916259766 0.73014497756958 0.737516224384308 0.738003075122833 0.734323084354401 0.725242078304291 0.720419883728027 0.713777840137482 0.709881961345673 0.68708473443985 0.677169144153595 0.67065042257309 0.561264753341675 0.467764109373093 -3.4e+38 -3.4e+38 -3.4e+38 -3.4e+38 -3.4e+38 -3.4e+38 -3.4e+38 -3.4e+38 -3.4e+38 -3.4e+38 -3.4e+38 -3.4e+38 -3.4e+38 -3.4e+38 -3.4e+38 -3.4e+38 -3.4e+38 -3.4e+38
0.639087080955505 0.656830549240112 0.660201847553253 0.682102262973785 0.691105484962463 0.698743522167206 0.685836672782898 0.585913777351379 0.56936639547348 0.578772604465485 0.668520271778107 0.693285286426544 0.709822535514832 0.692321598529816 0.653581142425537 0.522341072559357 0.465593844652176 0.454915970563889 -3.4e+38 -3.4e+38 0.570485889911652 0.626110255718231 0.650138556957245 0.71966415643692 0.733899891376495 0.732225894927979 0.733161330223083 0.723265767097473 0.721112787723541 0.696087002754211 0.67825311422348 0.675872921943665 0.630018413066864 0.528378188610077 0.452401340007782 -3.4e+38 -3.4e+38 -3.4e+38 -3.4e+38 -3.4e+38 -3.4e+38 -3.4e+38 -3.4e+38 -3.4e+38 -3.4e+38 -3.4e+38 -3.4e+38 -3.4e+38 -3.4e+38 -3.4e+38 -3.4e+38 -3.4e+38 -3.4e+38 -3.4e+38
0.658138394355774 0.648064732551575 0.692113816738129 0.692999124526978 0.697187602519989 0.695333540439606 0.633453547954559 0.587437450885773 0.613480865955353 0.696356475353241 0.707733690738678 0.701829135417938 0.695852994918823 0.670565605163574 0.64982795715332 0.59919947385788 0.61021614074707 -3.4e+38 -3.4e+38 -3.4e+38 -3.4e+38 -3.4e+38 0.630575835704803 0.664528548717499 0.686039865016937 0.722040951251984 0.722872495651245 0.72004646062851 0.709420561790466 0.6765456199646 0.674228668212891 0.661959052085876 0.456592917442322 -3.4e+38 -3.4e+38 -3.4e+38 -3.4e+38 -3.4e+38 -3.4e+38 -3.4e+38 -3.4e+38 -3.4e+38 -3.4e+38 -3.4e+38 -3.4e+38 -3.4e+38 -3.4e+38 -3.4e+38 -3.4e+38 -3.4e+38 -3.4e+38 -3.4e+38 -3.4e+38 -3.4e+38
0.649779915809631 0.690867722034454 0.689481794834137 0.693886578083038 0.695262491703033 0.693165123462677 0.696696937084198 0.705705881118774 0.675504684448242 0.699019849300385 0.71337628364563 0.695263803005219 0.687108814716339 0.639026761054993 0.546245157718658 -3.4e+38 -3.4e+38 -3.4e+38 -3.4e+38 -3.4e+38 -3.4e+38 -3.4e+38 -3.4e+38 -3.4e+38 0.535425305366516 0.621381640434265 0.691699087619781 0.713203489780426 0.716597318649292 0.678934037685394 0.686620354652405 0.578142166137695 0.379902720451355 -3.4e+38 -3.4e+38 -3.4e+38 -3.4e+38 -3.4e+38 -3.4e+38 -3.4e+38 -3.4e+38 -3.4e+38 -3.4e+38 -3.4e+38 -3.4e+38 -3.4e+38 -3.4e+38 -3.4e+38 -3.4e+38 -3.4e+38 -3.4e+38 -3.4e+38 -3.4e+38 -3.4e+38
0.679985761642456 0.672118127346039 0.668352842330933 0.616343200206757 0.621233761310577 0.664056897163391 0.702208817005157 0.704467177391052 0.711492836475372 0.711071789264679 0.704953968524933 0.604492723941803 0.522562861442566 0.481914460659027 -3.4e+38 -3.4e+38 -3.4e+38 -3.4e+38 -3.4e+38 -3.4e+38 -3.4e+38 -3.4e+38 -3.4e+38 -3.4e+38 0.538393080234528 0.599886834621429 0.649120151996613 0.659569621086121 0.632545113563538 0.593698859214783 0.514186501502991 0.418328523635864 -3.4e+38 -3.4e+38 -3.4e+38 -3.4e+38 -3.4e+38 -3.4e+38 -3.4e+38 -3.4e+38 -3.4e+38 -3.4e+38 -3.4e+38 -3.4e+38 -3.4e+38 -3.4e+38 -3.4e+38 -3.4e+38 -3.4e+38 -3.4e+38 -3.4e+38 -3.4e+38 -3.4e+38 -3.4e+38
0.519925177097321 0.390610426664352 0.314141035079956 0.312599837779999 0.373156726360321 0.579014182090759 0.645421743392944 0.659038722515106 0.700282394886017 0.706200778484344 0.66364973783493 0.486634433269501 0.441350519657135 -3.4e+38 -3.4e+38 -3.4e+38 -3.4e+38 -3.4e+38 -3.4e+38 -3.4e+38 -3.4e+38 -3.4e+38 -3.4e+38 -3.4e+38 0.486032575368881 0.507218956947327 0.571615517139435 0.55127364397049 0.501063644886017 0.449253499507904 0.434212803840637 0.35557621717453 -3.4e+38 -3.4e+38 -3.4e+38 -3.4e+38 -3.4e+38 -3.4e+38 -3.4e+38 -3.4e+38 -3.4e+38 -3.4e+38 -3.4e+38 -3.4e+38 -3.4e+38 -3.4e+38 -3.4e+38 -3.4e+38 -3.4e+38 -3.4e+38 -3.4e+38 -3.4e+38 -3.4e+38 -3.4e+38
0.385209619998932 0.325186461210251 0.287440478801727 -3.4e+38 -3.4e+38 -3.4e+38 0.44466707110405 0.580092191696167 0.588029444217682 0.692261338233948 0.614241600036621 0.456563681364059 -3.4e+38 -3.4e+38 -3.4e+38 -3.4e+38 -3.4e+38 -3.4e+38 -3.4e+38 -3.4e+38 -3.4e+38 -3.4e+38 -3.4e+38 -3.4e+38 -3.4e+38 -3.4e+38 -3.4e+38 0.388328403234482 0.38070484995842 0.363471776247025 0.354390174150467 -3.4e+38 -3.4e+38 -3.4e+38 -3.4e+38 -3.4e+38 -3.4e+38 -3.4e+38 -3.4e+38 -3.4e+38 -3.4e+38 -3.4e+38 -3.4e+38 -3.4e+38 -3.4e+38 -3.4e+38 -3.4e+38 -3.4e+38 -3.4e+38 -3.4e+38 -3.4e+38 -3.4e+38 -3.4e+38 -3.4e+38
