data/climate_estimation/maxent_output/Lilium_columbianum.asc
NCOLS 377 
NROWS 289 
XLLCORNER -126.666666666667 
YLLCORNER 36.5 
CELLSIZE 0.0833333333333333 
NODATA_value -3.4e+38 
[rows 209 to 227 of 289, columns 86 to 128 of 377]
0.10760136693716 0.134757980704308 0.15108135342598 0.142860725522041 0.0948720648884773 0.0665999799966812 0.0810414925217628 0.0499415919184685 0.0549710020422935 0.0611891336739063 0.0621414929628372 0.10191985219717 0.127039402723312 0.14726921916008 0.169842824339867 0.201794385910034 0.0760613009333611 0.0275001414120197 0.0325051844120026 0.0307491142302752 0.0202856231480837 0.0126968435943127 0.0261909756809473 0.0739545673131943 0.0902100279927254 0.0900187641382217 0.107897788286209 0.132573187351227 0.185936793684959 0.197466164827347 0.270710676908493 0.509032905101776 0.453347533941269 0.449170351028442 0.200347095727921 0.00830496661365032 0.00297005823813379 0.000498593435622752 0.000509359058924019 0.00134712527506053 0.00232591666281223 0.00280603277496994 0.00355513254180551
0.149087220430374 0.162338718771935 0.161949872970581 0.189410343766212 0.210221454501152 0.149899736046791 0.203804418444633 0.0820354819297791 0.0451280511915684 0.0620599687099457 0.0994453206658363 0.146006718277931 0.50976026058197 0.389369994401932 0.151116952300072 0.0370884127914906 0.0339498706161976 0.0380633920431137 0.0272223427891731 0.0228074304759502 0.00965313892811537 0.00500615872442722 0.0172038730233908 0.0401281118392944 0.0599339418113232 0.0670721977949142 0.0800309702754021 0.138429239392281 0.112549386918545 0.200484707951546 0.330839961767197 0.464129954576492 0.513319551944733 0.523852527141571 0.25824385881424 0.0295657254755497 0.00372077361680567 0.000709490559529513 0.000372204784071073 0.000321925064781681 0.000530933204572648 0.00109095277730376 0.00133055984042585
0.179578527808189 0.172235235571861 0.157200336456299 0.156487450003624 0.154187276959419 0.197367459535599 0.219035416841507 0.0910613536834717 0.0712589621543884 0.107474707067013 0.140576332807541 0.396003663539886 0.578491926193237 0.544836580753326 0.0469131618738174 0.0783638432621956 0.171486288309097 0.0483814105391502 0.0253579206764698 0.0158002283424139 0.00873883068561554 0.0074821668677032 0.0139308152720332 0.0195941645652056 0.0406004600226879 0.0494261756539345 0.05336519703269 0.061602596193552 0.0801657810807228 0.0998009145259857 0.251938432455063 0.312381237745285 0.510005056858063 0.521006226539612 0.532553553581238 0.17016664147377 0.017033526673913 0.00228999298997223 0.00139815162401646 0.000885370187461376 0.000457001384347677 0.000372142501873896 0.000476503540994599
0.157632887363434 0.115248255431652 0.0901373401284218 0.118265047669411 0.134834825992584 0.135962456464767 0.242740631103516 0.0549683123826981 0.126872569322586 0.393805146217346 0.511187255382538 0.56683361530304 0.599831759929657 0.0472992062568665 0.0410001464188099 0.141478165984154 0.240106701850891 0.0641639903187752 0.0202328898012638 0.014560779556632 0.00897732935845852 0.00431594764813781 0.00617061834782362 0.0097942678257823 0.0247882157564163 0.0428458116948605 0.0524738729000092 0.0695286244153976 0.179510474205017 0.133388847112656 0.185190379619598 0.229505881667137 0.311264246702194 0.384174197912216 0.389384418725967 0.423466622829437 0.131849765777588 0.0497746430337429 0.0121757946908474 0.00362805044278502 0.00125541677698493 0.000755487650167197 0.000565937429200858
0.101070091128349 0.0791238471865654 0.0678196772933006 0.0728817507624626 0.0728086158633232 0.0955915302038193 0.121886156499386 0.111642405390739 0.241698071360588 0.600412428379059 0.620425164699554 0.614618480205536 0.207819059491158 0.0284012295305729 0.0398326255381107 0.117245756089687 0.112313725054264 0.0626931414008141 0.0317344777286053 0.0093753794208169 0.00667270040139556 0.00577925145626068 0.00557578122243285 0.0107272630557418 0.0242647081613541 0.0428176783025265 0.0555633082985878 0.0933053866028786 0.198036402463913 0.237887188792229 0.395772874355316 0.365144461393356 0.357409328222275 0.36097264289856 0.328731119632721 0.371353685855865 0.344166815280914 0.374416351318359 0.152147620916367 0.0134277129545808 0.00378681300207973 0.00159399723634124 0.000757997389882803
0.0784992277622223 0.0718140155076981 0.051887784153223 0.0528858155012131 0.0515245795249939 0.0590394884347916 0.134547486901283 0.248054593801498 0.231966853141785 0.616641223430634 0.578662037849426 0.599280416965485 0.0334454476833344 0.0516514368355274 0.0269688796252012 0.0399736501276493 0.0189745537936687 0.0132530527189374 0.011630842462182 0.00724580883979797 0.00570287043228745 0.0058507421053946 0.00666150543838739 0.0111365625634789 0.0271605886518955 0.0374716520309448 0.0454677008092403 0.0591936148703098 0.0891763493418694 0.15744087100029 0.418273448944092 0.516006767749786 0.505335986614227 0.515678107738495 0.435390621423721 0.422527611255646 0.489753752946854 0.5025794506073 0.390108674764633 0.325327515602112 0.106679201126099 0.0131485257297754 0.00472345529124141
0.10122486948967 0.0958600640296936 0.0715402737259865 0.0467028133571148 0.0474700704216957 0.0477030016481876 0.122225999832153 0.222540214657784 0.214772522449493 0.339888781309128 0.603023529052734 0.580870807170868 0.0141594000160694 0.0201947670429945 0.0505916923284531 0.0195281244814396 0.0116420136764646 0.0131591306999326 0.00679872883483768 0.00653561018407345 0.00620506703853607 0.00637961318716407 0.01102708093822 0.0141272228211164 0.0240811686962843 0.0508237034082413 0.0615446493029594 0.043154563754797 0.0812137499451637 0.103776432573795 0.193866059184074 0.327083557844162 0.428366482257843 0.382755279541016 0.373932868242264 0.409143298864365 0.468879997730255 0.468252956867218 0.44085618853569 0.36361038684845 0.292528331279755 0.114971578121185 0.0844495967030525
0.095412902534008 0.0732045248150826 0.0449675619602203 0.0390427373349667 0.0387800633907318 0.0437499992549419 0.0588672645390034 0.336306303739548 0.4023197889328 0.604909420013428 0.390637993812561 0.0457410551607609 0.00901276897639036 0.0178190618753433 0.0241711437702179 0.0109637333080173 0.00879546627402306 0.0131506249308586 0.00827312469482422 0.00927445385605097 0.0230594426393509 0.01610885001719 0.00929205119609833 0.0253839492797852 0.0325283259153366 0.0508713237941265 0.0641238838434219 0.0449346378445625 0.0450121611356735 0.0814367681741714 0.221290439367294 0.315112859010696 0.315440148115158 0.308754682540894 0.309874832630157 0.361995130777359 0.396642297506332 0.41780498623848 0.427698761224747 0.39750063419342 0.354631423950195 0.236105039715767 0.185961499810219
0.0776501223444939 0.0752969980239868 0.0747139677405357 0.0548539757728577 0.0565488561987877 0.0364542603492737 0.0315957851707935 0.070948138833046 0.338044762611389 0.526383757591248 0.0316624529659748 0.011405061930418 0.00844928994774818 0.0127146895974874 0.0108572151511908 0.0110822813585401 0.00947915017604828 0.0179180502891541 0.0125318933278322 0.0171814002096653 0.0265024211257696 0.0238620955497026 0.0250122547149658 0.0513457134366035 0.0517184510827065 0.0535731576383114 0.0613834001123905 0.0424207746982574 0.0637920051813126 0.106801815330982 0.318415760993958 0.467592269182205 0.318415760993958 0.174202442169189 0.219199359416962 0.317593544721603 0.378867000341415 0.355295300483704 0.370423585176468 0.37895205616951 0.383445143699646 0.351536184549332 0.246335372328758
0.108975939452648 0.254702717065811 0.351449429988861 0.0929412692785263 0.0671985074877739 0.0436984077095985 0.0247589685022831 0.0512618646025658 0.0799575746059418 0.145996779203415 0.0114199453964829 0.00845202896744013 0.0256384909152985 0.0217603258788586 0.012798210605979 0.013887720182538 0.0240781344473362 0.0357658453285694 0.0485954768955708 0.0621501393616199 0.0333322361111641 0.0543363131582737 0.059764064848423 0.0765806287527084 0.0723921731114388 0.0560987032949924 0.0663748905062675 0.0661014392971992 0.0826801732182503 0.106234237551689 0.272167772054672 0.241792038083076 0.292244166135788 0.101662486791611 0.109717287123203 0.214922785758972 0.273051857948303 0.316635012626648 0.336274355649948 0.336274355649948 0.379814207553864 0.408240228891373 0.312242597341537
0.115597315132618 0.227728605270386 0.185643374919891 0.074250839650631 0.0656958594918251 0.0440670773386955 0.0284639038145542 0.186524122953415 0.159970939159393 0.0462632104754448 0.0083699906244874 0.00989215169101954 0.0248172786086798 0.0466805808246136 0.0232149492949247 0.0288359243422747 0.0922524705529213 0.479870826005936 0.0625356361269951 0.0967545136809349 0.0470297820866108 0.095711886882782 0.236579343676567 0.110628917813301 0.101121254265308 0.0726176276803017 0.0692992955446243 0.0849689990282059 0.0880565941333771 0.11030551046133 0.112465672194958 0.0620271638035774 0.106042876839638 0.108124732971191 0.0866040736436844 0.141674995422363 0.179204359650612 0.276668429374695 0.311796545982361 0.230358362197876 0.28470653295517 0.326907187700272 0.341651856899261
0.0804855301976204 0.17048442363739 0.177522733807564 0.0910721272230148 0.0678013861179352 0.0726904273033142 0.0691769793629646 0.0808697044849396 0.107056878507137 0.0614531747996807 0.0106306578963995 0.00927130132913589 0.0296730231493711 0.0376773998141289 0.0401892811059952 0.0529393404722214 0.195843353867531 0.570676028728485 0.129024252295494 0.0269559621810913 0.0214287377893925 0.0863091722130775 0.305939108133316 0.193211704492569 0.224795415997505 0.202627748250961 0.139280691742897 0.135968580842018 0.135928124189377 0.116420201957226 0.106106631457806 0.0616388879716396 0.106042876839638 0.0872303321957588 0.0660944133996964 0.101934924721718 0.135948851704597 0.228836700320244 0.238272085785866 0.17633655667305 0.184345945715904 0.33847451210022 0.335550993680954
0.130062013864517 0.220700934529305 0.222042575478554 0.296461552381516 0.191751554608345 0.136986896395683 0.184461757540703 0.0458671674132347 0.054103996604681 0.453692227602005 0.108652576804161 0.00668290909379721 0.0241464842110872 0.226042509078979 0.518711268901825 0.368287533521652 0.408747673034668 0.56987601518631 0.578088045120239 0.0605253614485264 0.0139334592968225 0.0403450764715672 0.203221768140793 0.403120219707489 0.388251155614853 0.311518102884293 0.201819092035294 0.157478824257851 0.1437968313694 0.108966179192066 0.105788238346577 0.0794394090771675 0.0797549933195114 0.106553889811039 0.106938660144806 0.135511308908463 0.10528901219368 0.141573265194893 0.22080434858799 0.150912761688232 0.186250448226929 0.429234802722931 0.380024462938309
0.292002588510513 0.325966656208038 0.225200101733208 0.184462934732437 0.148320883512497 0.235641866922379 0.0380525924265385 0.0257029794156551 0.0227473918348551 0.254082351922989 0.0534759014844894 0.00581712927669287 0.0336201637983322 0.207146689295769 0.611190974712372 0.60284423828125 0.13063345849514 0.0658793449401855 0.0824897661805153 0.0780962780117989 0.0119122108444571 0.0161924082785845 0.0466761514544487 0.366848021745682 0.35497522354126 0.329206496477127 0.266844093799591 0.159405827522278 0.137937128543854 0.099784754216671 0.0651465356349945 0.105788238346577 0.0797549933195114 0.0797063633799553 0.0650406703352928 0.0666724592447281 0.0791556909680367 0.180192857980728 0.191111698746681 0.116632431745529 0.2262182533741 0.515710651874542 0.513308048248291
0.36266553401947 0.448705732822418 0.352400243282318 0.124711334705353 0.145702138543129 0.105237610638142 0.0280758012086153 0.0131790153682232 0.00906853005290031 0.035600982606411 0.00740228313952684 0.0167336836457253 0.181602358818054 0.271682024002075 0.242296129465103 0.448023617267609 0.123006202280521 0.118291407823563 0.0818032026290894 0.0325878635048866 0.0112021621316671 0.0104565545916557 0.0232061073184013 0.0913093313574791 0.252942204475403 0.267059057950974 0.319342106580734 0.192046388983727 0.115622900426388 0.0796577632427216 0.0645859241485596 0.110636636614799 0.107954949140549 0.0649450197815895 0.0800962001085281 0.113761126995087 0.148667827248573 0.196065247058868 0.186348661780357 0.110119678080082 0.135858833789825 0.50278115272522 0.513569712638855
0.279553115367889 0.606338500976562 0.347879469394684 0.153100833296776 0.0978228896856308 0.0325363352894783 0.0273812264204025 0.0103130741044879 0.00486661866307259 0.0111476602032781 0.0193217061460018 0.0340749584138393 0.443687975406647 0.450286149978638 0.0202195066958666 0.0398870371282101 0.270096510648727 0.322430849075317 0.0635878592729568 0.0652558952569962 0.0268160495907068 0.00993572175502777 0.0500196404755116 0.408951282501221 0.525246918201447 0.420151740312576 0.488726735115051 0.24000971019268 0.143540650606155 0.102866798639297 0.0805548503994942 0.0702449753880501 0.0798766911029816 0.0637190043926239 0.0637190043926239 0.0837732255458832 0.112269066274166 0.119681335985661 0.11123875528574 0.145240858197212 0.337897449731827 0.358165949583054 0.438122242689133
0.264116585254669 0.353226333856583 0.341557085514069 0.262282371520996 0.093318447470665 0.0447095409035683 0.0724250450730324 0.0254639592021704 0.00567198591306806 0.0366858951747417 0.193545892834663 0.0102360956370831 0.0892120897769928 0.240678623318672 0.0228218659758568 0.00622017635032535 0.314168691635132 0.261020451784134 0.0550046153366566 0.0261914953589439 0.0100676510483027 0.0122922454029322 0.084739476442337 0.534499526023865 0.476751029491425 0.339619845151901 0.455203115940094 0.281040281057358 0.150303810834885 0.109174147248268 0.0760604068636894 0.0685539394617081 0.0644626021385193 0.0521736294031143 0.0634646639227867 0.0655513927340508 0.0894299298524857 0.0823640748858452 0.0678691640496254 0.147896498441696 0.526747405529022 0.522911965847015 0.315845757722855
0.311745911836624 0.272017449140549 0.367405742406845 0.269100874662399 0.208955019712448 0.208776399493217 0.0763993859291077 0.006981429643929 0.0987352356314659 0.589241445064545 0.184386029839516 0.00413170410320163 0.0137795303016901 0.079004593193531 0.0446019694209099 0.00464306073263288 0.0265173111110926 0.0417572446167469 0.0125861940905452 0.00557965086773038 0.00736530032008886 0.0543641857802868 0.482463300228119 0.547350704669952 0.32330596446991 0.416071623563766 0.308270364999771 0.191160038113594 0.174327179789543 0.11404462903738 0.0870676413178444 0.0645069777965546 0.0533830486238003 0.0523516796529293 0.056322555989027 0.0707636177539825 0.0691314488649368 0.0685143694281578 0.0689126327633858 0.160818919539452 0.544179379940033 0.527150869369507 0.438164442777634
0.382560580968857 0.366009831428528 0.392483919858932 0.239422991871834 0.158444032073021 0.284456223249435 0.0890652164816856 0.0249338541179895 0.42302793264389 0.464441180229187 0.0744766294956207 0.00235793180763721 0.00280019850470126 0.00682314019650221 0.0203729439526796 0.004409393761307 0.00435302779078484 0.0859488099813461 0.00671220757067204 0.00421165348961949 0.00939939357340336 0.262914270162582 0.544731676578522 0.374231189489365 0.502629935741425 0.12947840988636 0.174493923783302 0.143348351120949 0.117248840630054 0.0873304009437561 0.0827115997672081 0.061187669634819 0.0531687885522842 0.0533665381371975 0.0661950558423996 0.0710243135690689 0.0736124366521835 0.0594187267124653 0.0727432444691658 0.322437644004822 0.348101228475571 0.495207846164703 0.556117475032806
