data/climate_estimation/maxent_output/Lilium_catesbaei.asc
NCOLS 162 
NROWS 122 
XLLCORNER -90 
YLLCORNER 25.8333333333333 
CELLSIZE 0.0833333333333333 
NODATA_value -3.4e+38 
[rows 44 to 65 of 122, columns 0 to 50 of 162]
0.138134673237801 0.163957700133324 0.193780511617661 0.210611209273338 0.206603720784187 0.223892986774445 0.225877031683922 0.230769366025925 0.227049857378006 0.248699724674225 0.230877906084061 0.222052991390228 0.220603138208389 0.194181859493256 0.191026031970978 0.213464230298996 0.250741362571716 0.279690712690353 0.298707246780396 0.293014854192734 0.283725142478943 0.289279818534851 0.280216634273529 0.258755296468735 0.237720489501953 0.223364621400833 0.219840332865715 0.200266599655151 0.198379814624786 0.209280773997307 0.175411909818649 0.156077936291695 0.13907390832901 0.43434265255928 0.398238033056259 0.374482840299606 0.365473687648773 0.376953274011612 0.391444265842438 0.352440059185028 0.360557675361633 0.343278646469116 0.287655711174011 0.273160129785538 0.28042009472847 0.297521084547043 0.319971114397049 0.361884087324142 0.370832741260529 0.379954367876053 0.373673945665359
0.147602245211601 0.177455022931099 0.216571137309074 0.213227301836014 0.213469699025154 0.23348169028759 0.228679478168488 0.221427008509636 0.246932923793793 0.239875257015228 0.242976799607277 0.21789339184761 0.218982249498367 0.198077276349068 0.198895275592804 0.235049143433571 0.260749131441116 0.271711230278015 0.302071660757065 0.29479855298996 0.292790710926056 0.281108260154724 0.280993759632111 0.266147971153259 0.2505784034729 0.235501259565353 0.245053797960281 0.22522035241127 0.203917399048805 0.197799950838089 0.184194102883339 0.154034227132797 0.452104359865189 0.425931125879288 0.383460104465485 0.369022876024246 0.379486203193665 0.364777028560638 0.397324681282043 0.370731204748154 0.364344537258148 0.363230526447296 0.301417648792267 0.290882170200348 0.297709941864014 0.305227220058441 0.34562623500824 0.331310212612152 0.362071752548218 0.361921608448029 0.353203415870667
0.165201723575592 0.175787597894669 0.20196121931076 0.216550752520561 0.23001429438591 0.239603519439697 0.227176561951637 0.223843768239021 0.220469251275063 0.24925808608532 0.2472984790802 0.233231529593468 0.229352980852127 0.210399314761162 0.22650645673275 0.228168860077858 0.261699974536896 0.297518938779831 0.315939605236053 0.307414382696152 0.301723331212997 0.290043562650681 0.267766505479813 0.253659337759018 0.243600144982338 0.233679011464119 0.233405098319054 0.231356859207153 0.197233349084854 0.195286229252815 0.17403806746006 0.145437896251678 0.462168008089066 0.417838037014008 0.410864651203156 0.399164378643036 0.395750045776367 0.395841389894485 0.366724759340286 0.369129806756973 0.383051037788391 0.374086827039719 0.326084107160568 0.309422314167023 0.309489190578461 0.316252619028091 0.324550002813339 0.331521600484848 0.332081735134125 0.353395253419876 0.344712644815445
0.168078780174255 0.185416430234909 0.203081250190735 0.240608483552933 0.235620439052582 0.235855355858803 0.232067510485649 0.220389857888222 0.217282235622406 0.216990858316422 0.225783318281174 0.239228829741478 0.216973170638084 0.213180065155029 0.225070863962173 0.262747883796692 0.266843497753143 0.289355307817459 0.314950674772263 0.314950674772263 0.310887336730957 0.265520066022873 0.271028697490692 0.23502653837204 0.236661419272423 0.251504480838776 0.220694229006767 0.226848006248474 0.192834720015526 0.16612397134304 0.166865900158882 0.155125662684441 0.456936895847321 0.431273877620697 0.431026577949524 0.416161209344864 0.407771795988083 0.382299542427063 0.385402739048004 0.379046350717545 0.393717736005783 0.384058684110641 0.337570995092392 0.350720226764679 0.336081832647324 0.342887729406357 0.34322389960289 0.356542408466339 0.347737938165665 0.346444189548492 0.322188287973404
0.181552648544312 0.194696456193924 0.221493914723396 0.225471958518028 0.217870831489563 0.231392249464989 0.214857324957848 0.225810363888741 0.234846949577332 0.198688983917236 0.196023836731911 0.224741399288177 0.218213438987732 0.223879918456078 0.226595595479012 0.236025884747505 0.294396579265594 0.310286402702332 0.336459159851074 0.312591284513474 0.283280193805695 0.283309489488602 0.266747027635574 0.241307377815247 0.263368159532547 0.233209356665611 0.236361101269722 0.217486158013344 0.212836444377899 0.171063587069511 0.169437825679779 0.159826368093491 0.494603306055069 0.468262523412704 0.452107965946198 0.436386436223984 0.436176329851151 0.401735305786133 0.405200302600861 0.404882848262787 0.416250735521317 0.387678354978561 0.372507125139236 0.380153328180313 0.361657232046127 0.358580142259598 0.355664491653442 0.353770524263382 0.344989717006683 0.327922016382217 0.319709032773972
0.191523164510727 0.21676242351532 0.220887929201126 0.217396825551987 0.191452190279961 0.201213419437408 0.193037807941437 0.192415803670883 0.202615365386009 0.192910104990005 0.181936129927635 0.185582220554352 0.209135115146637 0.219146892428398 0.213057771325111 0.236034467816353 0.273775905370712 0.292468190193176 0.278287976980209 0.278257489204407 0.25980132818222 0.258052080869675 0.254502505064011 0.269379824399948 0.26390540599823 0.258797436952591 0.251855820417404 0.24181105196476 0.214563861489296 0.179985716938972 0.527094423770905 0.491904973983765 0.517162680625916 0.47085052728653 0.44535818696022 0.436516880989075 0.436586529016495 0.433131724596024 0.433397114276886 0.433903992176056 0.434435367584229 0.404420673847198 0.395175009965897 0.392836153507233 0.391595780849457 0.384896486997604 0.369403839111328 0.351483374834061 0.342665910720825 0.328155785799026 0.322027623653412
0.212860524654388 0.218574211001396 0.196560382843018 0.190954819321632 0.189122825860977 0.181433811783791 0.169969916343689 0.170417800545692 0.169109642505646 0.158513873815536 0.151823729276657 0.165494948625565 0.175244808197021 0.185221686959267 0.208678901195526 0.211599707603455 0.236148297786713 0.249300375580788 0.27284249663353 0.287292689085007 0.268318504095078 0.254444897174835 0.246168360114098 0.255319863557816 0.250163733959198 0.250172168016434 0.244545742869377 0.234767869114876 0.22743059694767 0.194798231124878 0.546481430530548 0.530832231044769 0.486905187368393 0.463202267885208 0.46646437048912 0.469431787729263 0.466750383377075 0.450908601284027 0.467298805713654 0.467184901237488 0.421293765306473 0.411707580089569 0.426443547010422 0.431605190038681 0.414430499076843 0.409436881542206 0.399642020463943 0.370869934558868 0.349647998809814 0.340487271547318 0.319235950708389
0.197997242212296 0.184245675802231 0.192944094538689 0.188433185219765 0.173012182116508 0.169587269425392 0.160535395145416 0.155742913484573 0.151509821414948 0.137974381446838 0.132128193974495 0.139035284519196 0.146246448159218 0.168959006667137 0.190368160605431 0.176380783319473 0.214429661631584 0.239371076226234 0.27626845240593 0.281707376241684 0.25865638256073 0.249343752861023 0.236366271972656 0.242026388645172 0.250184625387192 0.254636198282242 0.245176583528519 0.227072641253471 0.639890372753143 0.624943912029266 0.591152667999268 0.554581046104431 0.514270067214966 0.490004420280457 0.494438827037811 0.509242296218872 0.497381389141083 0.477861732244492 0.456793814897537 0.454068601131439 0.453913658857346 0.443572759628296 0.452131271362305 0.463997781276703 0.443191885948181 0.405929028987885 0.420538544654846 0.394035190343857 0.368283569812775 0.346359252929688 0.33113756775856
0.169940128922462 0.174499720335007 0.170944646000862 0.172571361064911 0.161828264594078 0.144928604364395 0.154628247022629 0.130414500832558 0.126737579703331 0.121485814452171 0.116355560719967 0.136852487921715 0.140936031937599 0.159496366977692 0.171345487236977 0.176250845193863 0.190457925200462 0.208692699670792 0.236707329750061 0.262029558420181 0.224913761019707 0.224905446171761 0.231644973158836 0.676340818405151 0.69527679681778 0.692686796188354 0.677778899669647 0.651841044425964 0.630598068237305 0.575568675994873 0.570906698703766 0.51507955789566 0.541275978088379 0.502298533916473 0.497790932655334 0.481033354997635 0.50875324010849 0.505358278751373 0.456920087337494 0.472753584384918 0.46936884522438 0.485925018787384 0.49118959903717 0.487446784973145 0.503980398178101 0.444393873214722 0.409890592098236 0.424875468015671 0.383876502513885 0.3588547706604 0.328272074460983
0.160044133663177 0.16337476670742 0.169980332255363 0.14690189063549 0.143765136599541 0.136468812823296 0.135472938418388 0.13401834666729 0.122211657464504 0.117012552917004 0.119639083743095 0.136539980769157 0.140772327780724 0.148219764232635 0.165121987462044 0.18131847679615 0.195879444479942 0.203225985169411 0.219855427742004 0.228855520486832 0.65288245677948 0.66048526763916 0.64314067363739 0.653256297111511 0.636533200740814 0.639362156391144 0.639324247837067 0.647336363792419 0.610832333564758 0.575419664382935 0.559535086154938 0.528453290462494 0.507936537265778 0.5117307305336 0.49778413772583 0.504860877990723 0.513298034667969 0.487444818019867 0.503642380237579 0.508756041526794 0.505618274211884 0.521847248077393 0.518574297428131 0.484637469053268 0.48089998960495 0.48179042339325 0.471199333667755 0.403615385293961 0.404366672039032 0.362278163433075 0.33594685792923
0.144570276141167 0.538190722465515 0.508093416690826 0.519050598144531 0.522070229053497 0.529369711875916 0.480588585138321 0.466349691152573 0.465742886066437 0.454095214605331 0.443203091621399 0.42360532283783 0.474681884050369 0.481137484312057 0.511011898517609 0.174777537584305 0.182507619261742 0.205715760588646 0.228819981217384 0.655176758766174 0.643787384033203 0.623075664043427 0.642528772354126 0.625824689865112 0.63124293088913 0.627757430076599 0.630748391151428 0.612059593200684 0.55976802110672 0.532017350196838 0.529365658760071 0.531638503074646 0.499748438596725 0.513252675533295 0.514403760433197 0.506409704685211 0.521948635578156 0.522203803062439 0.508677363395691 0.517534255981445 0.491351932287216 0.507185101509094 0.503849267959595 0.492772966623306 0.500899732112885 0.489359676837921 0.463475823402405 0.417217463254929 0.406023532152176 0.329942166805267 0.316420316696167
0.505817353725433 0.474281311035156 0.487094610929489 0.498179197311401 0.509447455406189 0.52055150270462 0.480147629976273 0.454943269491196 0.410088419914246 0.461858719587326 0.441854178905487 0.429738461971283 0.436244636774063 0.480534344911575 0.510753929615021 0.5494544506073 0.571678757667542 0.599110186100006 0.618923723697662 0.61832332611084 0.617819607257843 0.597230195999146 0.580640196800232 0.61119669675827 0.605924785137177 0.614656686782837 0.598158001899719 0.564932584762573 0.561945378780365 0.548599898815155 0.537260890007019 0.503098487854004 0.495138376951218 0.490739941596985 0.505994439125061 0.513848602771759 0.521202623844147 0.521170556545258 0.487137168645859 0.479864746332169 0.503829061985016 0.500467598438263 0.51622074842453 0.513671100139618 0.509712755680084 0.490248918533325 0.460434436798096 0.421324491500854 0.391928672790527 0.324838280677795 0.291278123855591
0.482977390289307 0.445480018854141 0.45684215426445 0.471985787153244 0.437426775693893 0.440044611692429 0.440225034952164 0.433629214763641 0.45424684882164 0.452729851007462 0.440914481878281 0.439326286315918 0.453876584768295 0.479578822851181 0.521206200122833 0.547807931900024 0.583821475505829 0.602296352386475 0.618117094039917 0.617510318756104 0.617355644702911 0.596844792366028 0.572362244129181 0.539515495300293 0.54759418964386 0.523742079734802 0.514444053173065 0.515824377536774 0.521602034568787 0.524466216564178 0.501709818840027 0.506684899330139 0.491915792226791 0.461874008178711 0.454629808664322 0.461981445550919 0.477212697267532 0.477161377668381 0.484919935464859 0.484826117753983 0.516466379165649 0.51244330406189 0.528812408447266 0.505708694458008 0.501651704311371 0.472014904022217 0.44017893075943 0.419639647006989 0.360108882188797 0.36797046661377 0.257001221179962
0.461318880319595 0.461869269609451 0.42820617556572 0.424385517835617 0.417058408260345 0.422279924154282 0.422279924154282 0.415207475423813 0.438823699951172 0.429420322179794 0.465189784765244 0.452828735113144 0.459000319242477 0.462610572576523 0.543581068515778 0.571334838867188 0.599187076091766 0.617942035198212 0.613743841648102 0.621447384357452 0.601898729801178 0.568597972393036 0.563290059566498 0.545826315879822 0.50520658493042 0.505163192749023 0.48224601149559 0.515638947486877 0.512922048568726 0.499001711606979 0.49778750538826 0.458145588636398 0.49945729970932 0.46898227930069 0.469584465026855 0.477095872163773 0.492603898048401 0.50408947467804 0.49629470705986 0.47372642159462 0.497069507837296 0.513345420360565 0.5014927983284 0.502549827098846 0.494292020797729 0.488018393516541 0.457253903150558 0.439093917608261 0.413935631513596 0.391915202140808 0.275031387805939
0.466797530651093 0.440265834331512 0.376419126987457 0.387171864509583 0.411903202533722 0.416331768035889 0.427029490470886 0.419882744550705 0.416273385286331 0.431137889623642 0.419755071401596 0.473490327596664 0.484175771474838 0.48758253455162 0.525251686573029 0.564173400402069 0.617624938488007 0.626381039619446 0.641187429428101 0.612703084945679 0.61621481180191 0.591957569122314 0.568864226341248 0.541248798370361 0.495237022638321 0.506483733654022 0.52349054813385 0.536822557449341 0.56151294708252 0.561558425426483 0.532990276813507 0.512482404708862 0.515089690685272 0.537078619003296 0.541086673736572 0.532375156879425 0.555586576461792 0.541372656822205 0.54539030790329 0.536916494369507 0.521816313266754 0.517817676067352 0.551985442638397 0.552024722099304 0.563612222671509 0.546721518039703 0.522271633148193 0.533861815929413 0.511175870895386 0.453360825777054 0.355213403701782
0.467854827642441 0.422836303710938 0.357867836952209 0.368156462907791 0.38205885887146 0.393022328615189 0.39975780248642 0.400035291910172 0.408311814069748 0.418301075696945 0.414327323436737 0.472662687301636 0.521221280097961 0.541061520576477 0.568816781044006 0.638075411319733 0.659188389778137 0.675182998180389 0.666984498500824 0.629811465740204 0.6237433552742 0.615618407726288 0.567760229110718 0.544004201889038 0.538297653198242 0.532528460025787 0.526154398918152 0.539427638053894 0.560869157314301 0.559744954109192 0.569315254688263 0.566643357276917 0.545814275741577 0.576734483242035 0.561042308807373 0.565922439098358 0.591173827648163 0.650099456310272 0.655800461769104 0.66066563129425 0.661648571491241 0.657090127468109 0.674307107925415 0.685253322124481 0.69307142496109 0.723471581935883 0.703252792358398 0.614483535289764 0.568517863750458 0.556580662727356 0.507766783237457
0.420212477445602 0.403688251972198 0.345083981752396 0.338325798511505 0.357264518737793 0.374275922775269 0.371039748191833 0.377835750579834 0.387405067682266 0.425729751586914 0.446994781494141 0.507303297519684 0.530329704284668 0.58647608757019 0.600877821445465 0.620072185993195 0.664131462574005 0.622187256813049 0.607953131198883 0.624458312988281 0.609168589115143 0.585965514183044 0.548153579235077 0.527840137481689 0.506955742835999 0.51275372505188 0.508765697479248 0.501148641109467 0.536442399024963 0.556566119194031 0.562511384487152 0.569269478321075 0.65131014585495 0.637101233005524 0.630814909934998 0.637954294681549 0.654202461242676 0.661873519420624 0.698887169361115 0.712444305419922 0.726058304309845 0.772028565406799 0.767517566680908 0.769093215465546 0.756122887134552 0.747856318950653 0.777995407581329 0.768471658229828 0.765142560005188 0.728730022907257 0.689548015594482
0.452980548143387 0.356781870126724 0.316437959671021 0.320208996534348 0.325055420398712 0.361405789852142 0.35863333940506 0.390506774187088 0.384761154651642 0.440725743770599 0.501073598861694 0.523813366889954 0.529628396034241 0.592867314815521 0.601751863956451 0.62662672996521 0.652051210403442 0.643879294395447 0.619110643863678 0.587964653968811 0.579839169979095 0.544210433959961 0.6096031665802 0.641025125980377 0.617644190788269 0.619855463504791 0.616289794445038 0.638466596603394 0.627652168273926 0.63603949546814 0.650736570358276 0.665509343147278 0.697724759578705 0.671086251735687 0.679083466529846 0.711576819419861 0.718568742275238 0.747578263282776 0.762729227542877 0.776134252548218 0.782536447048187 0.797787547111511 0.813541352748871 0.808349609375 0.78156852722168 0.77640289068222 0.786131381988525 0.777258932590485 0.787685036659241 0.784423291683197 0.774919867515564
0.371765911579132 0.305527299642563 0.271683245897293 0.292947709560394 0.303312063217163 0.338129758834839 0.347038626670837 0.385374546051025 0.434219628572464 0.452104687690735 0.468536525964737 0.505546510219574 0.517025291919708 0.551194369792938 0.685968935489655 0.696179568767548 0.674952149391174 0.675853192806244 0.666207790374756 0.651969611644745 0.651327729225159 0.667462050914764 0.649053752422333 0.625501453876495 0.618079543113708 0.621952891349792 0.631041407585144 0.646838307380676 0.691712617874146 0.706681251525879 0.721032440662384 0.735170423984528 0.74238121509552 0.756713390350342 0.744383156299591 0.781259417533875 0.764179706573486 0.820252239704132 0.832973957061768 0.83913242816925 0.844917416572571 0.846678853034973 0.866837799549103 0.844090282917023 0.813781797885895 0.811764299869537 0.785098373889923 0.790679275989532 0.795015037059784 0.805944800376892 0.797113716602325
0.303836405277252 0.264114856719971 0.25649231672287 0.265837013721466 0.294807195663452 0.33540353178978 0.359373956918716 0.375304490327835 0.418210923671722 0.430088758468628 0.501066446304321 0.546112895011902 0.665213882923126 0.678410589694977 0.671623110771179 0.664863288402557 0.664769351482391 0.673185646533966 0.657459914684296 0.665363311767578 0.689603447914124 0.674779772758484 0.655405163764954 0.656524360179901 0.651479780673981 0.621301829814911 0.655566990375519 0.691750168800354 0.713906586170197 0.742026150226593 0.769598603248596 0.776540815830231 0.820159912109375 0.810662806034088 0.822130680084229 0.822756886482239 0.827600240707397 0.864647150039673 0.844991743564606 0.837676405906677 0.830246210098267 0.854165494441986 0.843717932701111 0.847755670547485 0.856906890869141 0.836574554443359 0.812453329563141 0.798088133335114 0.815856397151947 0.806183218955994 0.804414451122284
0.290089309215546 0.263548582792282 0.274519443511963 0.276749432086945 0.286830276250839 0.308067977428436 0.336542904376984 0.343823701143265 0.387285053730011 0.438674539327621 0.600335240364075 0.639626383781433 0.655583143234253 0.666423916816711 0.669830858707428 0.664534270763397 0.648620128631592 0.655579447746277 0.662575006484985 0.662793874740601 0.695761859416962 0.686188161373138 0.672968089580536 0.699072122573853 0.633772492408752 0.645907163619995 0.68416428565979 0.713918745517731 0.747913956642151 0.794984340667725 0.853133499622345 0.862902522087097 0.861644804477692 0.870612621307373 0.868633687496185 0.863917648792267 0.846220016479492 0.845365345478058 0.821634769439697 0.797836065292358 0.798494756221771 0.810553014278412 0.817023873329163 0.822244048118591 0.827483534812927 0.852676212787628 0.854431867599487 0.836035311222076 0.821513772010803 0.819969058036804 0.818436920642853
0.282817482948303 0.240461334586143 0.255882143974304 0.248678684234619 0.242669299244881 0.270009785890579 0.281058609485626 0.331739544868469 0.457731157541275 0.532454550266266 0.566997230052948 0.639362752437592 0.659461319446564 0.68578565120697 0.699860870838165 0.695205390453339 0.695776998996735 0.701272785663605 0.672843158245087 0.711454451084137 0.704430282115936 0.679241180419922 0.692968130111694 0.710950016975403 0.73300975561142 0.720552444458008 0.744355261325836 0.785994052886963 0.830564737319946 0.855650842189789 0.803399085998535 0.731446266174316 0.804107785224915 0.837663948535919 0.8546382188797 0.856875956058502 0.823245882987976 0.790273308753967 0.769270181655884 0.765627086162567 0.77114462852478 0.773074090480804 0.818674564361572 0.832401990890503 0.838212549686432 0.847830355167389 0.856834530830383 0.858625769615173 0.845859408378601 0.84479171037674 0.795814335346222
