data/climate_estimation/maxent_output/Lilium_michiganense.asc
NCOLS 265 
NROWS 181 
XLLCORNER -96.4166666666667 
YLLCORNER 34 
CELLSIZE 0.0833333333333333 
NODATA_value -3.4e+38 
[rows 0 to 19 of 181, columns 88 to 131 of 265]
0.132276698946953 0.12245300412178 0.0884026661515236 0.0847799405455589 0.0942732766270638 0.0953458398580551 0.0888002514839172 0.0645308494567871 0.0762137323617935 0.0910907685756683 0.0740673765540123 0.0693102777004242 0.0612748377025127 0.0330346487462521 0.0242623221129179 0.0208359770476818 0.023439971730113 0.0149449314922094 0.0134367095306516 0.0118920858949423 0.00870629213750362 0.00744649907574058 0.00685090851038694 0.00695767113938928 0.00724940141662955 0.006226921454072 0.00659075938165188 0.00658019818365574 0.00693998066708446 0.0069372896105051 0.00716078514233232 0.00796531513333321 0.0093351798132062 0.0102905621752143 0.0114650698378682 0.0170977339148521 0.0206688810139894 0.0232284627854824 0.0267683919519186 0.0328727625310421 0.0383214503526688 0.0438470877707005 0.0633534342050552 0.0671396702528
0.126842975616455 0.106168746948242 0.117396451532841 0.0911572799086571 0.0894454419612885 0.0829049497842789 0.0836556702852249 0.0658336877822876 0.0793711692094803 0.0801120549440384 0.080085463821888 0.0783059373497963 0.0608705244958401 0.0451203696429729 0.0348940193653107 0.0263373218476772 0.0227150749415159 0.0145496604964137 0.0136373108252883 0.0108300121501088 0.00767455110326409 0.00657251384109259 0.00581488059833646 0.0061020259745419 0.00587012059986591 0.00553884310647845 0.00540142273530364 0.00536816194653511 0.00567436311393976 0.00533771375194192 0.00559386471286416 0.00607779715210199 0.00676546059548855 0.0081378947943449 0.0101990392431617 0.0109731703996658 0.0149366687983274 0.020340709015727 0.0247465632855892 0.0309365708380938 0.0339576043188572 0.0363861955702305 0.0380805283784866 0.0446002185344696
0.106143817305565 0.0985468253493309 0.0756200850009918 0.0783948078751564 0.0757304131984711 0.0786819830536842 0.075713150203228 0.0804929584264755 0.0801960974931717 0.0830957069993019 0.0764599367976189 0.0682513415813446 0.0583528317511082 0.0497375279664993 0.0436097346246243 0.0376862399280071 0.0285238549113274 0.0194450095295906 0.0167342107743025 0.0108490167185664 0.00813554879277945 0.00629405258223414 0.00535345915704966 0.00531170144677162 0.00583422603085637 0.00472107855603099 0.00471148639917374 0.00434101885184646 0.0046350471675396 0.00432124268263578 0.00448806816712022 0.00440596975386143 0.00459166476503015 0.00664216093719006 0.00748704979196191 0.00963248778134584 0.0119149088859558 0.0171404369175434 0.0225181914865971 0.0220410283654928 0.029233667999506 0.031842615455389 0.0404240526258945 0.0420204401016235
0.116008751094341 0.0872942581772804 0.0599190145730972 0.0631471872329712 0.0620241984724998 0.0736228674650192 0.0787369459867477 0.079695500433445 0.0820515900850296 0.0723890587687492 0.0558946765959263 0.054114144295454 0.0435420013964176 0.0405864045023918 0.0278070848435163 0.0311074405908585 0.023462101817131 0.0223970338702202 0.0191134549677372 0.0152089837938547 0.0109113957732916 0.00772994803264737 0.00635748030617833 0.00616340292617679 0.00683119567111135 0.00603143405169249 0.00482029700651765 0.00470673339441419 0.0052202413789928 0.00437577767297626 0.00358158745802939 0.00414847396314144 0.0040131714195013 0.00521130720153451 0.00598204135894775 0.00812951941043139 0.0115005020052195 0.0151025196537375 0.0178342815488577 0.0204910933971405 0.0257100984454155 0.0330485664308071 0.0352684669196606 0.0386018380522728
0.108218044042587 0.0856456831097603 0.0634031370282173 0.0564656630158424 0.0634317249059677 0.0728326886892319 0.0809971913695335 0.0776978582143784 0.0764032080769539 0.0567198023200035 0.0473424568772316 0.0503486432135105 0.0467185936868191 0.0443019308149815 0.0392136387526989 0.0324783809483051 0.0287517216056585 0.0228061266243458 0.0186852924525738 0.0154196992516518 0.0123106688261032 0.0105322655290365 0.00902198906987906 0.00733664445579052 0.00676179956644773 0.00622009066864848 0.00628879107534885 0.00591027084738016 0.00571351917460561 0.00526934349909425 0.0053550386801362 0.00520715536549687 0.00467535573989153 0.0054502934217453 0.00642167869955301 0.0077974428422749 0.00981738138943911 0.0131308808922768 0.0171236600726843 0.021275257691741 0.0245315562933683 0.0266753099858761 0.0325517691671848 0.0389280915260315
0.110462725162506 0.0763407424092293 0.0780779719352722 0.0801317617297173 0.0748109519481659 0.0875470638275146 0.0848015919327736 0.078188069164753 0.0664323419332504 0.0631164684891701 0.0560803934931755 0.0551081113517284 0.0524598732590675 0.0451573096215725 0.0398422889411449 0.030553562566638 0.026971559971571 0.0233628824353218 0.0177383944392204 0.0143969599157572 0.0124336695298553 0.0101772369816899 0.00916385278105736 0.00852024462074041 0.00692688068374991 0.00638615386560559 0.00592395849525928 0.00611931085586548 0.00588571559637785 0.00616047065705061 0.00599832786247134 0.00578726129606366 0.00619328813627362 0.00596455717459321 0.00631192652508616 0.00721066212281585 0.00923042930662632 0.0117327338084579 0.014714939519763 0.0169246010482311 0.0211066324263811 0.0227237530052662 0.0284309834241867 0.0466571748256683
0.139292404055595 0.130347296595573 0.132993295788765 0.12515926361084 0.0956610441207886 0.0965503677725792 0.0865006819367409 0.0790611878037453 0.0763605087995529 0.0702739283442497 0.0660859942436218 0.0558393374085426 0.0481702759861946 0.0459155961871147 0.0374165736138821 0.0308503359556198 0.0267541576176882 0.0227005500346422 0.0187403801828623 0.0159212499856949 0.0126589210703969 0.011778187006712 0.0101245418190956 0.00822815578430891 0.00796820223331451 0.0065362467430532 0.00667145429179072 0.00594183802604675 0.00648620678111911 0.00684732012450695 0.00602922029793262 0.00632059341296554 0.0068206898868084 0.00773960398510098 0.00744908442720771 0.00759371416643262 0.00945563428103924 0.0118360528722405 0.0130180818960071 0.0177545621991158 0.0186310149729252 0.0205837413668633 0.0249251779168844 0.0264816954731941
0.171079993247986 0.159553378820419 0.143673434853554 0.0982592552900314 0.103313915431499 0.0998234823346138 0.0904946103692055 0.0805707722902298 0.0748372748494148 0.0721343085169792 0.0591028891503811 0.0561243891716003 0.0485087744891644 0.0432550683617592 0.0368748567998409 0.0315335988998413 0.0269089676439762 0.0238326657563448 0.0196530781686306 0.0156697575002909 0.0138578340411186 0.0113801611587405 0.0098075931891799 0.00945128314197063 0.00838305801153183 0.00777399260550737 0.00735507998615503 0.00713887205347419 0.00748653989285231 0.00748653989285231 0.00681645050644875 0.0076691647991538 0.00762292137369514 0.00924315024167299 0.00857162475585938 0.00820798613131046 0.00880670081824064 0.0111230351030827 0.0127872098237276 0.0135447112843394 0.0138118173927069 0.0181485470384359 0.0209256894886494 0.0205067042261362
0.173695966601372 0.169083371758461 0.125538840889931 0.117992140352726 0.113267257809639 0.110815599560738 0.091956302523613 0.0851382166147232 0.0752974152565002 0.0727114751935005 0.0598591603338718 0.0576694011688232 0.0469522774219513 0.0473502203822136 0.0407086275517941 0.0346312299370766 0.0297985635697842 0.0256247334182262 0.0208966583013535 0.0179725084453821 0.0148375649005175 0.0130229005590081 0.0120945498347282 0.00997605081647635 0.00989672541618347 0.00877360347658396 0.00845345202833414 0.00847817398607731 0.0084642693400383 0.00812332984060049 0.00882769282907248 0.0083818593993783 0.00906446389853954 0.0101916352286935 0.0101738376542926 0.00726805021986365 0.00797055661678314 0.00849370658397675 0.0098046911880374 0.011317603290081 0.0106557309627533 0.0151535365730524 0.0162015520036221 0.016489177942276
0.182568669319153 0.151367723941803 0.142493054270744 0.131399571895599 0.123451180756092 0.106121435761452 0.10477577149868 0.0864038616418839 0.0832419395446777 0.071378692984581 0.0684568583965302 0.0565369911491871 0.0536353550851345 0.046537421643734 0.0412791408598423 0.035283911973238 0.0300902854651213 0.0258610434830189 0.0217488314956427 0.0188675466924906 0.0175570193678141 0.0147816464304924 0.0136394212022424 0.0125925317406654 0.0103778792545199 0.0104599064216018 0.0092963520437479 0.00918093509972095 0.00999509170651436 0.0104505717754364 0.0104779079556465 0.009977494366467 0.00995867699384689 0.0111387064680457 0.0112689910456538 0.00931329187005758 0.00661726668477058 0.00761647196486592 0.00814602430909872 0.0102364346385002 0.0109455399215221 0.013725564815104 0.0166343357414007 0.0156705863773823
0.172647207975388 0.172286450862885 0.142685040831566 0.134205967187881 0.124285466969013 0.103365018963814 0.105427049100399 0.0943836271762848 0.0834408774971962 0.0778532698750496 0.0750732570886612 0.0646068006753922 0.0547196939587593 0.0470260381698608 0.0432912036776543 0.037089541554451 0.0330235548317432 0.0288639161735773 0.0250007230788469 0.0238907020539045 0.0197319388389587 0.0168381091207266 0.0161640141159296 0.0143243195489049 0.0133996978402138 0.011889616958797 0.0110294632613659 0.0118632223457098 0.010985815897584 0.011471158824861 0.0114284502342343 0.0109700728207827 0.0118392836302519 0.0125241968780756 0.0135200722143054 0.0136088216677308 0.0111037818714976 0.010535535402596 0.011208388954401 0.0124168014153838 0.0150579120963812 0.0141637967899442 0.0138514535501599 0.0175617318600416
0.18780106306076 0.168122842907906 0.156506776809692 0.134920910000801 0.126242965459824 0.110377728939056 0.102171152830124 0.100320920348167 0.0890895128250122 0.0791062861680984 0.0752192810177803 0.0662587285041809 0.0593762323260307 0.0527732744812965 0.0489798821508884 0.0416786558926105 0.0359152592718601 0.0344487577676773 0.0295598451048136 0.025059262290597 0.0231871735304594 0.019982049241662 0.0199607722461224 0.0171151459217072 0.0152013516053557 0.0141650605946779 0.0139658451080322 0.0129434829577804 0.0124954655766487 0.013616856187582 0.0135905016213655 0.0130034005269408 0.0143978809937835 0.0137242721393704 0.0147475907579064 0.0158328451216221 0.0172133911401033 0.0131886936724186 0.0134879471734166 0.0143690928816795 0.0154978781938553 0.0145694576203823 0.0155022786930203 0.0159561242908239
0.183138996362686 0.169925957918167 0.146441072225571 0.128142014145851 0.119848698377609 0.118765130639076 0.106252007186413 0.110616438090801 0.0993196815252304 0.0880028381943703 0.0824003294110298 0.0696681439876556 0.0648077577352524 0.0552057959139347 0.0513321757316589 0.049516424536705 0.0461596138775349 0.039209146052599 0.0335789136588573 0.0314219184219837 0.0277867298573256 0.0246952995657921 0.0219064950942993 0.0194132011383772 0.0180924311280251 0.0181637778878212 0.0165530554950237 0.0153314871713519 0.0160754509270191 0.0162789188325405 0.0162063930183649 0.0158286765217781 0.0158048607409 0.0162560362368822 0.019230330362916 0.0178748145699501 0.0209360215812922 0.0219158101826906 0.0169929582625628 0.0174033157527447 0.0163836721330881 0.0191151965409517 0.0140596339479089 0.0138822104781866
0.147479727864265 0.144814118742943 0.148766785860062 0.134344130754471 0.139311626553535 0.131993591785431 0.123645454645157 0.116500690579414 0.100958146154881 0.0978000089526176 0.0934504494071007 0.0776074156165123 0.0741515830159187 0.0639705434441566 0.0611645355820656 0.0505271553993225 0.048521164804697 0.0455225370824337 0.0400507710874081 0.03266416862607 0.0314956568181515 0.029593663290143 0.0274188350886106 0.0249818097800016 0.0231437161564827 0.0207220930606127 0.0197303481400013 0.0182094518095255 0.0191507413983345 0.017563421279192 0.0181943438947201 0.0189691781997681 0.0186906475573778 0.0179548226296902 0.0200053080916405 0.0213373769074678 0.0228696092963219 0.0236102398484945 0.0283449292182922 0.0234909895807505 0.02439452894032 0.0212097093462944 0.0193917900323868 0.0198111273348331
0.187385022640228 0.195326939225197 0.156676858663559 0.147381708025932 0.138912856578827 0.150227069854736 0.139947637915611 0.125326216220856 0.114147812128067 0.101589515805244 0.105586014688015 0.0845606699585915 0.0808812528848648 0.0784795582294464 0.0698163360357285 0.0646912455558777 0.0576023198664188 0.0533479750156403 0.0491324625909328 0.042233694344759 0.0406002514064312 0.0346336476504803 0.0310253277420998 0.0297489985823631 0.0274644400924444 0.0244648214429617 0.0233042910695076 0.0235015675425529 0.0225802455097437 0.0226557441055775 0.0233805608004332 0.022342137992382 0.0223979037255049 0.0222889259457588 0.0236189961433411 0.0236592590808868 0.0254619363695383 0.0267726927995682 0.0287216827273369 0.0308769475668669 0.0302517358213663 0.0350411534309387 0.0336250513792038 0.0333378575742245
0.203477308154106 0.197125852108002 0.171953752636909 0.163142874836922 0.156770795583725 0.146876275539398 0.146361663937569 0.132056593894958 0.122910127043724 0.120617486536503 0.107937425374985 0.0956733524799347 0.089137390255928 0.0856691673398018 0.0801557525992393 0.0704830810427666 0.0645171403884888 0.0603840425610542 0.053899459540844 0.0498087927699089 0.047923631966114 0.0394032821059227 0.0367350019514561 0.0346618220210075 0.0324493013322353 0.0299009773880243 0.0300304088741541 0.0277083422988653 0.0268331225961447 0.0253961477428675 0.0255092643201351 0.0265144184231758 0.0264945719391108 0.0262772347778082 0.0283278338611126 0.0279975719749928 0.0299893580377102 0.031984843313694 0.0266678389161825 0.0290611442178488 0.0311631187796593 0.0329937785863876 0.0372741371393204 0.0372451394796371
0.213415861129761 0.204968765377998 0.176852762699127 0.170875996351242 0.164491713047028 0.15456049144268 0.148952856659889 0.143870532512665 0.139303669333458 0.125873446464539 0.127624079585075 0.11262670904398 0.109484747052193 0.104821652173996 0.0902350023388863 0.0865099057555199 0.0747806429862976 0.0657192394137383 0.0634076297283173 0.0591351948678493 0.0500582605600357 0.0464195534586906 0.0435359589755535 0.0414575412869453 0.0400000028312206 0.0380646176636219 0.0352843068540096 0.0327155366539955 0.0341122299432755 0.0300732087343931 0.029984449967742 0.0313752852380276 0.0313242934644222 0.0320469960570335 0.0335327014327049 0.0332179144024849 0.0332993790507317 0.0353819467127323 0.0318880155682564 0.0341670736670494 0.0345651172101498 0.0365495756268501 0.0381825193762779 0.0363651290535927
0.222139805555344 0.227174744009972 0.191976979374886 0.185065925121307 0.17873640358448 0.174511194229126 0.168455600738525 0.146296441555023 0.156938105821609 0.146095395088196 0.143432855606079 0.124696880578995 0.118875272572041 0.114343799650669 0.106548264622688 0.102283343672752 0.0953309088945389 0.0847749337553978 0.0787131115794182 0.0720806121826172 0.0693972557783127 0.064241498708725 0.0602220222353935 0.053086381405592 0.051401074975729 0.0492268577218056 0.0455846525728703 0.0459826998412609 0.0417287945747375 0.0420672595500946 0.0356456413865089 0.0371467247605324 0.0371694751083851 0.0383084155619144 0.041422862559557 0.0397562198340893 0.0395623482763767 0.0422793105244637 0.0419880971312523 0.0415493361651897 0.0439763218164444 0.0437440946698189 0.0422997437417507 0.0400030836462975
0.24193012714386 0.244414731860161 0.216781482100487 0.209220230579376 0.201453819870949 0.197458356618881 0.175285652279854 0.164603695273399 0.165906265377998 0.158915564417839 0.148047402501106 0.157544150948524 0.139425203204155 0.131030797958374 0.125473871827126 0.111818306148052 0.103224731981754 0.0990952625870705 0.0921254307031631 0.0846535563468933 0.0815516710281372 0.0758501216769218 0.0727234184741974 0.0675204992294312 0.0602279454469681 0.0577541701495647 0.0581923425197601 0.053614903241396 0.0494267269968987 0.0456055328249931 0.0496044792234898 0.0497498102486134 0.0478176362812519 0.0491833575069904 0.048983596265316 0.044899370521307 0.0471769869327545 0.0470534563064575 0.047750610858202 0.0454393923282623 0.0469704754650593 0.0481888130307198 0.0460462160408497 0.0445169098675251
0.292892158031464 0.264479607343674 0.250713586807251 0.233547493815422 0.226248130202293 0.204481303691864 0.206238582730293 0.185059294104576 0.174106433987617 0.177580699324608 0.161971434950829 0.138114258646965 0.133592575788498 0.117311023175716 0.133991286158562 0.128508329391479 0.120778530836105 0.11641687899828 0.107933782041073 0.09988833963871 0.0954565554857254 0.0887685492634773 0.0850745961070061 0.0788319185376167 0.0708924978971481 0.0738324373960495 0.0679967477917671 0.063580334186554 0.0581148825585842 0.0539946220815182 0.0586635507643223 0.0542117431759834 0.0542711056768894 0.0537005364894867 0.0533252395689487 0.0533252395689487 0.0533252395689487 0.0512814298272133 0.0510328635573387 0.0504438765347004 0.0542606040835381 0.0521784573793411 0.0510280765593052 0.0469818450510502
