data/climate_estimation/maxent_output/Lilium_primulinum.asc
NCOLS 91 
NROWS 67 
XLLCORNER 98.4166666666667 
YLLCORNER 22.4166666666667 
CELLSIZE 0.0833333333333333 
NODATA_value -3.4e+38 
[rows 20 to 39 of 67, columns 44 to 87 of 91]
0.39602467417717 0.76289826631546 0.818523764610291 0.448251187801361 0.533645629882812 0.780234754085541 0.453078776597977 0.736478626728058 0.315078765153885 0.889945805072784 0.930910110473633 0.87758332490921 0.216248601675034 0.95721846818924 0.956992924213409 0.939638614654541 0.95265132188797 0.879535853862762 0.479687541723251 0.49344989657402 0.663402259349823 0.618686974048615 0.757163107395172 0.792437970638275 0.738856971263885 0.798170208930969 0.922417879104614 0.927365183830261 0.95061719417572 0.954626321792603 0.955832302570343 0.768507063388824 0.839292466640472 0.918228924274445 0.867346167564392 0.776854336261749 0.70963317155838 0.743298053741455 0.767082154750824 0.634530365467072 0.654878497123718 0.613642573356628 0.592708230018616 0.571581423282623
0.180890411138535 0.241173610091209 0.495784908533096 0.883337199687958 0.907694339752197 0.945091187953949 0.587005019187927 0.411339670419693 0.550560414791107 0.951458096504211 0.972827613353729 0.898091316223145 0.156782597303391 0.954409122467041 0.986115157604218 0.941911220550537 0.947681427001953 0.931011080741882 0.524213194847107 0.521684885025024 0.625387966632843 0.706963658332825 0.85246330499649 0.818478047847748 0.869728744029999 0.949441254138947 0.917939841747284 0.955682635307312 0.952914416790009 0.949848711490631 0.98260509967804 0.847251653671265 0.78995418548584 0.874650716781616 0.807055294513702 0.729399383068085 0.695514440536499 0.627799868583679 0.689158856868744 0.685009896755219 0.658522367477417 0.639162719249725 0.607765257358551 0.550582408905029
0.0918922945857048 0.39848056435585 0.835932075977325 0.919331014156342 0.924931585788727 0.959883987903595 0.902319371700287 0.888071298599243 0.929501116275787 0.987933337688446 0.987614154815674 0.935047209262848 0.157837718725204 0.810328364372253 0.965784847736359 0.956204175949097 0.966886818408966 0.47514945268631 0.493706494569778 0.523198843002319 0.75974577665329 0.692616939544678 0.703869581222534 0.727849185466766 0.929762959480286 0.905989646911621 0.937180936336517 0.966876327991486 0.970576882362366 0.971465051174164 0.989038646221161 0.9167400598526 0.889582872390747 0.837095677852631 0.69990074634552 0.700057625770569 0.652605772018433 0.638198673725128 0.694001495838165 0.642846465110779 0.645181953907013 0.586177468299866 0.579253673553467 0.587615311145782
0.138135462999344 0.869560360908508 0.909667551517487 0.939071178436279 0.90176248550415 0.944091439247131 0.94968193769455 0.841838896274567 0.941791653633118 0.962864100933075 0.962694525718689 0.916176855564117 0.196026802062988 0.309485882520676 0.982137501239777 0.975373446941376 0.964281439781189 0.773289382457733 0.537268698215485 0.616208553314209 0.774176776409149 0.780537009239197 0.848618149757385 0.840266466140747 0.891127228736877 0.92264324426651 0.952147483825684 0.975553333759308 0.971817553043365 0.930170655250549 0.960320711135864 0.94450181722641 0.856563866138458 0.85228419303894 0.690479755401611 0.701834142208099 0.638909995555878 0.54746025800705 0.64899069070816 0.655701875686646 0.637379586696625 0.623181760311127 0.566454946994781 0.578387796878815
0.375439792871475 0.931817412376404 0.94138514995575 0.923241853713989 0.913990676403046 0.911210894584656 0.89845198392868 0.709904134273529 0.922209501266479 0.934510290622711 0.957985997200012 0.936080455780029 0.591132640838623 0.685515999794006 0.908700227737427 0.97116619348526 0.903919875621796 0.623475909233093 0.610305726528168 0.755093991756439 0.865199148654938 0.860273659229279 0.869566679000854 0.86029976606369 0.927645206451416 0.92635703086853 0.962188959121704 0.991567015647888 0.976704478263855 0.930792689323425 0.916527450084686 0.91284304857254 0.890823841094971 0.873920559883118 0.774620473384857 0.732051372528076 0.644471883773804 0.606264591217041 0.586611449718475 0.629919707775116 0.659365892410278 0.6270951628685 0.565788686275482 0.554022967815399
0.297099471092224 0.894674599170685 0.953808546066284 0.950406789779663 0.922610998153687 0.950752735137939 0.943355798721313 0.741615176200867 0.952057301998138 0.933110296726227 0.946956098079681 0.94412100315094 0.656668961048126 0.96957266330719 0.960978925228119 0.946154654026031 0.929769694805145 0.667143166065216 0.651086151599884 0.666759252548218 0.773570895195007 0.850452780723572 0.852437019348145 0.930858314037323 0.941234827041626 0.973849713802338 0.975105047225952 0.988805651664734 0.969574570655823 0.944622099399567 0.919198870658875 0.858520865440369 0.827152967453003 0.776324391365051 0.748781263828278 0.744184136390686 0.641774594783783 0.633099138736725 0.58454555273056 0.536421954631805 0.614321172237396 0.616514980792999 0.560563981533051 0.559108972549438
0.692704141139984 0.810275495052338 0.956795215606689 0.96157693862915 0.908545136451721 0.909069180488586 0.93746680021286 0.941615521907806 0.949541926383972 0.944049835205078 0.929183840751648 0.959298610687256 0.946839392185211 0.986545383930206 0.876351654529572 0.842232406139374 0.752937018871307 0.639054775238037 0.640286862850189 0.738061904907227 0.767998933792114 0.685795903205872 0.870376944541931 0.923593640327454 0.935787796974182 0.981390297412872 0.988397181034088 0.995551347732544 0.955730438232422 0.929004788398743 0.856873214244843 0.826519370079041 0.780289113521576 0.749040126800537 0.803600549697876 0.728943288326263 0.652806580066681 0.664481639862061 0.620246052742004 0.58509349822998 0.577352702617645 0.652613878250122 0.576245844364166 0.56118780374527
0.957268595695496 0.947486102581024 0.975302278995514 0.977830946445465 0.94706654548645 0.899419724941254 0.846313774585724 0.973095774650574 0.96127849817276 0.982189536094666 0.984415948390961 0.969839155673981 0.97605973482132 0.965512633323669 0.857830703258514 0.874134421348572 0.879907965660095 0.680062353610992 0.751817107200623 0.771262228488922 0.72596937417984 0.766571342945099 0.931189894676208 0.927832961082458 0.914232611656189 0.934676229953766 0.971520721912384 0.98490571975708 0.930863082408905 0.954127728939056 0.833239555358887 0.874146461486816 0.855573117733002 0.843135893344879 0.786288619041443 0.739184498786926 0.687237083911896 0.680855393409729 0.607950985431671 0.639808773994446 0.602103173732758 0.565773248672485 0.586768627166748 0.583678603172302
0.967543065547943 0.930854320526123 0.962525546550751 0.969341039657593 0.88817024230957 0.836382508277893 0.787046730518341 0.942837536334991 0.968078136444092 0.985529065132141 0.988277316093445 0.988776803016663 0.974626421928406 0.911058127880096 0.940634429454803 0.726755023002625 0.744698405265808 0.842129409313202 0.771866679191589 0.656425714492798 0.664400935173035 0.756006360054016 0.950897634029388 0.905779302120209 0.940723598003387 0.947238802909851 0.963375687599182 0.976066291332245 0.970909118652344 0.925982773303986 0.899589955806732 0.905001759529114 0.877328932285309 0.830454528331757 0.749845266342163 0.789433836936951 0.665861368179321 0.666432082653046 0.625579535961151 0.624200046062469 0.660927772521973 0.620340526103973 0.634990215301514 0.579604029655457
0.961551547050476 0.944615423679352 0.965192258358002 0.869658410549164 0.682301342487335 0.914573967456818 0.831648468971252 0.861945271492004 0.98255056142807 0.968569815158844 0.990082085132599 0.986083149909973 0.984082639217377 0.864333271980286 0.717833459377289 0.821139991283417 0.868576109409332 0.851727545261383 0.767104983329773 0.722621917724609 0.614348769187927 0.70639830827713 0.948978126049042 0.949390232563019 0.987322270870209 0.973960876464844 0.943993031978607 0.966067016124725 0.945909202098846 0.860352396965027 0.924177229404449 0.916227698326111 0.836898386478424 0.758259892463684 0.752617001533508 0.741924166679382 0.721898674964905 0.689413666725159 0.661928772926331 0.623292505741119 0.699542105197906 0.678755462169647 0.624103665351868 0.615910053253174
0.987680792808533 0.968444645404816 0.89433228969574 0.813102722167969 0.889843225479126 0.929579734802246 0.939274966716766 0.932198047637939 0.949497044086456 0.981308400630951 0.990837633609772 0.991060495376587 0.899506449699402 0.945732831954956 0.824204862117767 0.78187882900238 0.793034076690674 0.816456913948059 0.881556808948517 0.802488148212433 0.700375318527222 0.854588091373444 0.937765419483185 0.983346521854401 0.998684585094452 0.943368434906006 0.944453239440918 0.952731370925903 0.95946604013443 0.902825355529785 0.881679475307465 0.871899425983429 0.855917930603027 0.764621317386627 0.784087359905243 0.735193490982056 0.662199020385742 0.647506296634674 0.636498689651489 0.661247253417969 0.640084326267242 0.665264666080475 0.640388906002045 0.615815162658691
0.978067457675934 0.869384229183197 0.685985445976257 0.981318116188049 0.930613338947296 0.953477561473846 0.983777582645416 0.995111703872681 0.993539154529572 0.993096113204956 0.996114373207092 0.953969061374664 0.913592875003815 0.920682370662689 0.905912458896637 0.801107466220856 0.920816719532013 0.944939613342285 0.910414218902588 0.938618183135986 0.894029915332794 0.801234304904938 0.863421738147736 0.990698277950287 0.974341511726379 0.955240607261658 0.938132643699646 0.957139015197754 0.966727316379547 0.896788537502289 0.835298538208008 0.842262268066406 0.783560037612915 0.743703544139862 0.739494979381561 0.739086389541626 0.730803728103638 0.696234464645386 0.644514799118042 0.657135546207428 0.688177168369293 0.6814124584198 0.655116975307465 0.600740075111389
0.850301325321198 0.609022498130798 0.82272607088089 0.995544672012329 0.853112697601318 0.988111555576324 0.978066623210907 0.98973947763443 0.993668496608734 0.99420040845871 0.986654162406921 0.925525546073914 0.920809388160706 0.942681908607483 0.949332773685455 0.919041097164154 0.903629183769226 0.919608116149902 0.946346342563629 0.972682476043701 0.971882104873657 0.772915601730347 0.865815281867981 0.973644495010376 0.941681087017059 0.928061664104462 0.929180681705475 0.943589448928833 0.981384515762329 0.966632962226868 0.871741712093353 0.788648903369904 0.730842888355255 0.688604533672333 0.724416494369507 0.714246034622192 0.737565875053406 0.716074764728546 0.68736207485199 0.658713400363922 0.688074946403503 0.667703688144684 0.653597235679626 0.600227117538452
0.563472211360931 0.748686909675598 0.893290996551514 0.992908656597137 0.970082104206085 0.864859402179718 0.997003674507141 0.997355043888092 0.997764885425568 0.995439648628235 0.985619425773621 0.958184897899628 0.980653941631317 0.877905905246735 0.907313883304596 0.900531709194183 0.89717972278595 0.954067826271057 0.968885600566864 0.925010681152344 0.959165811538696 0.836921870708466 0.945756375789642 0.898997724056244 0.920846462249756 0.938320159912109 0.900404930114746 0.926427006721497 0.976483523845673 0.962337493896484 0.906022846698761 0.786750078201294 0.767137169837952 0.704468727111816 0.708383858203888 0.72171825170517 0.718211770057678 0.719336807727814 0.712909996509552 0.675711631774902 0.70653623342514 0.724550604820251 0.724982380867004 0.663525581359863
0.506231784820557 0.937583327293396 0.922723412513733 0.986598491668701 0.996798872947693 0.997080743312836 0.994168937206268 0.986965715885162 0.991316854953766 0.997171640396118 0.993730247020721 0.997871279716492 0.985056340694427 0.907226204872131 0.84153825044632 0.858467400074005 0.92958015203476 0.946057498455048 0.883532285690308 0.809411942958832 0.814825713634491 0.962604820728302 0.892660021781921 0.824166119098663 0.912419080734253 0.936242401599884 0.857823312282562 0.870086491107941 0.912810623645782 0.918911993503571 0.878162920475006 0.802419900894165 0.830443322658539 0.739703357219696 0.703689098358154 0.724535226821899 0.704160690307617 0.683612763881683 0.704034268856049 0.692213714122772 0.742131650447845 0.742964446544647 0.744446337223053 0.707205057144165
0.588216006755829 0.988214135169983 0.868257880210876 0.965590178966522 0.996772944927216 0.997076034545898 0.987722277641296 0.964359998703003 0.982640981674194 0.989639401435852 0.998443126678467 0.997008502483368 0.978119432926178 0.72404670715332 0.815353751182556 0.87241405248642 0.951103687286377 0.901054799556732 0.845619440078735 0.779557645320892 0.96054607629776 0.982436180114746 0.902516961097717 0.839487612247467 0.919598698616028 0.938975036144257 0.845464408397675 0.790972709655762 0.821709215641022 0.871753692626953 0.868640422821045 0.833764970302582 0.868434607982635 0.749573409557343 0.715466260910034 0.733483612537384 0.705143392086029 0.691563427448273 0.703838288784027 0.71750396490097 0.755302846431732 0.765207886695862 0.778745949268341 0.751256465911865
0.728938400745392 0.827221155166626 0.84887820482254 0.917012751102448 0.927147924900055 0.974202275276184 0.979994177818298 0.949780642986298 0.966667473316193 0.990020334720612 0.995609283447266 0.954341351985931 0.894776523113251 0.704059183597565 0.890113413333893 0.919261515140533 0.874795913696289 0.867554128170013 0.832201957702637 0.804854154586792 0.970721304416656 0.959014117717743 0.941820859909058 0.881682515144348 0.846605539321899 0.843857944011688 0.787151455879211 0.802542150020599 0.832656025886536 0.882474482059479 0.878267467021942 0.869667410850525 0.895183980464935 0.801406621932983 0.714288651943207 0.700882196426392 0.680314540863037 0.687185645103455 0.590594887733459 0.503364622592926 0.71125715970993 0.765869200229645 0.783403873443604 0.620270371437073
0.908294081687927 0.769733965396881 0.938359916210175 0.954511046409607 0.889216005802155 0.923623204231262 0.973716497421265 0.943507313728333 0.958189308643341 0.992152988910675 0.986246228218079 0.97991681098938 0.857044041156769 0.90582537651062 0.909202396869659 0.911171197891235 0.925838112831116 0.909463107585907 0.957437098026276 0.951583743095398 0.970789313316345 0.957252085208893 0.892393469810486 0.824958860874176 0.827840864658356 0.799219846725464 0.76925128698349 0.7310471534729 0.80336320400238 0.851365447044373 0.867119789123535 0.902829051017761 0.842846155166626 0.789779603481293 0.711724519729614 0.66003942489624 0.691224992275238 0.718034327030182 0.705132603645325 0.655164480209351 0.416370898485184 0.469997256994247 0.617365181446075 0.666716277599335
0.938824892044067 0.784550189971924 0.951530277729034 0.979279637336731 0.974864065647125 0.969936430454254 0.938349485397339 0.924982368946075 0.961558103561401 0.995898723602295 0.997878015041351 0.991495192050934 0.750586926937103 0.94145929813385 0.837810695171356 0.927076816558838 0.929622709751129 0.966184735298157 0.987411379814148 0.957870662212372 0.91019344329834 0.875807106494904 0.862921059131622 0.835696339607239 0.877639830112457 0.867117047309875 0.722268760204315 0.731171905994415 0.676734626293182 0.670336484909058 0.802930653095245 0.820941388607025 0.793143332004547 0.733587026596069 0.688893675804138 0.670307636260986 0.705686092376709 0.708320915699005 0.612147033214569 0.459210276603699 0.420207023620605 0.308218985795975 0.303862035274506 0.332542240619659
0.819419920444489 0.3557990193367 0.959051787853241 0.920136213302612 0.981590986251831 0.986822962760925 0.897450923919678 0.925815045833588 0.987774610519409 0.99356746673584 0.983425498008728 0.94091922044754 0.973355829715729 0.875901341438293 0.864022791385651 0.945964217185974 0.955375492572784 0.965820670127869 0.976944804191589 0.871052324771881 0.801934123039246 0.822287797927856 0.861619889736176 0.942060053348541 0.972155570983887 0.839082837104797 0.678359687328339 0.722141027450562 0.61215615272522 0.570260941982269 0.649615526199341 0.706693828105927 0.716078579425812 0.693186521530151 0.768011808395386 0.749219357967377 0.782125294208527 0.800475060939789 0.760887563228607 0.741170525550842 0.509989976882935 0.563749730587006 0.316115409135818 0.27182149887085
