data/climate_estimation/maxent_output/Lilium_chalcedonicum.asc
NCOLS 49 
NROWS 37 
XLLCORNER 19.8333333333333 
YLLCORNER 37.1666666666667 
CELLSIZE 0.0833333333333333 
NODATA_value -3.4e+38 
[rows 0 to 20 of 37, columns 0 to 48 of 49]
0.957327783107758 0.96669739484787 0.989123106002808 0.99669998884201 0.974294185638428 0.960061609745026 0.99468994140625 0.996624648571014 0.957947492599487 0.961539208889008 0.876092135906219 0.948303043842316 0.929312705993652 0.894377112388611 0.855426371097565 0.802936732769012 0.767676174640656 0.686377167701721 0.628674983978271 0.544638633728027 0.460137397050858 0.466504812240601 0.428274750709534 0.28897026181221 0.242758691310883 0.220503747463226 0.282014310359955 0.463416248559952 0.41434371471405 0.266571223735809 0.217024222016335 0.208624854683876 0.211716711521149 -3.4e+38 -3.4e+38 -3.4e+38 -3.4e+38 -3.4e+38 -3.4e+38 -3.4e+38 -3.4e+38 0.451355636119843 0.504302859306335 -3.4e+38 0.608455061912537 0.629474639892578 0.698020160198212 0.741963446140289 0.76651132106781
0.98901903629303 0.985816895961761 0.997783720493317 0.99590528011322 0.991338551044464 0.968874633312225 0.953246116638184 0.95793080329895 0.997681736946106 0.991444647312164 0.986270189285278 0.972443699836731 0.920397937297821 0.824805200099945 0.881277918815613 0.843498051166534 0.786867499351501 0.73096090555191 0.64297091960907 0.574820876121521 0.486385762691498 0.410973966121674 0.408599704504013 0.314791262149811 0.273909837007523 0.351811736822128 0.386107802391052 0.399919360876083 0.394305765628815 0.462816923856735 0.490289062261581 0.302023351192474 0.228773713111877 -3.4e+38 -3.4e+38 -3.4e+38 -3.4e+38 -3.4e+38 -3.4e+38 -3.4e+38 -3.4e+38 0.487048417329788 0.537713766098022 0.56723952293396 -3.4e+38 -3.4e+38 0.721507549285889 0.76856142282486 0.831367909908295
0.99086207151413 0.993065595626831 0.985727906227112 0.992821335792542 0.99389123916626 0.99316930770874 0.989118337631226 0.968573749065399 0.984576463699341 0.996610641479492 0.993804752826691 0.967788934707642 0.953485608100891 0.922525107860565 0.91129732131958 0.875875949859619 0.84281188249588 0.780169248580933 0.688083052635193 0.619520246982574 0.520942389965057 0.441648095846176 0.414565742015839 0.342638790607452 0.333162695169449 0.40646156668663 0.341461211442947 0.253289192914963 0.281594455242157 0.520004093647003 0.652093529701233 0.512762725353241 0.235426038503647 0.229141801595688 -3.4e+38 -3.4e+38 -3.4e+38 -3.4e+38 -3.4e+38 -3.4e+38 -3.4e+38 -3.4e+38 0.554654955863953 0.588162958621979 0.647714495658875 -3.4e+38 -3.4e+38 0.76775324344635 0.817459464073181
0.967989444732666 0.977349817752838 0.97729218006134 0.996493339538574 0.997657477855682 0.997254192829132 0.997429251670837 0.990748703479767 0.99649578332901 0.996608018875122 0.976584017276764 0.784287214279175 0.888645768165588 0.947396695613861 0.929906487464905 0.887836456298828 0.872198939323425 0.818620622158051 0.752932906150818 0.683237731456757 0.551843822002411 0.435198903083801 0.394364982843399 0.475157022476196 0.383242905139923 0.379965007305145 0.261137574911118 0.245128244161606 0.258724272251129 0.331877559423447 0.422273308038712 0.451798379421234 0.396984905004501 0.245449081063271 0.255039691925049 -3.4e+38 -3.4e+38 -3.4e+38 -3.4e+38 -3.4e+38 -3.4e+38 -3.4e+38 0.560455024242401 0.615202307701111 0.676560997962952 0.707580089569092 0.745552480220795 0.764864921569824 0.774889469146729
-3.4e+38 0.97730278968811 0.945883333683014 0.976036190986633 0.99688196182251 0.996198654174805 0.997256755828857 0.997909426689148 0.99864387512207 0.997862935066223 0.979005038738251 0.979974210262299 0.971826016902924 0.956901848316193 0.938105165958405 0.912557899951935 0.898372054100037 0.853218793869019 0.795790195465088 0.709419786930084 0.580849409103394 0.506963551044464 0.454010188579559 0.479297786951065 0.471402376890182 0.381662636995316 0.264539837837219 0.24250853061676 0.232482954859734 0.324383020401001 0.294556379318237 0.258164077997208 0.267044574022293 0.316259145736694 0.306296944618225 0.31906732916832 -3.4e+38 -3.4e+38 -3.4e+38 -3.4e+38 -3.4e+38 -3.4e+38 -3.4e+38 -3.4e+38 -3.4e+38 -3.4e+38 0.79032301902771 -3.4e+38 -3.4e+38
0.961176514625549 0.8934326171875 0.911449790000916 0.96154111623764 0.990451633930206 0.993632376194 0.992343544960022 0.996966242790222 0.99706369638443 0.997631669044495 0.996380984783173 0.987550497055054 0.989852964878082 0.98490697145462 0.9652019739151 0.958009243011475 0.924143671989441 0.909790635108948 0.878943145275116 0.79056179523468 0.662348449230194 0.553416192531586 0.511779606342316 0.517665326595306 0.564330101013184 0.533865928649902 0.287246465682983 0.263151735067368 0.292579501867294 0.234027877449989 0.211205586791039 0.22466354072094 0.255767405033112 0.436612039804459 0.672143280506134 0.392163515090942 0.340859651565552 -3.4e+38 -3.4e+38 -3.4e+38 -3.4e+38 -3.4e+38 -3.4e+38 -3.4e+38 -3.4e+38 -3.4e+38 -3.4e+38 -3.4e+38 -3.4e+38
0.960355699062347 0.84297239780426 0.860203981399536 0.965435087680817 0.99019992351532 0.991283535957336 0.993701875209808 0.994126617908478 0.995397925376892 0.996047794818878 0.995879471302032 0.996218085289001 0.991414666175842 0.98822546005249 0.982726216316223 0.944154679775238 0.946233630180359 0.903174936771393 0.903121769428253 0.853371679782867 0.707053959369659 0.568924963474274 0.498213052749634 0.48040446639061 0.454817682504654 0.433482706546783 0.311981499195099 0.292137891054153 0.258708000183105 0.267916828393936 0.263036519289017 0.27385550737381 0.250682294368744 0.329311102628708 0.346351623535156 0.332207769155502 0.358616292476654 -3.4e+38 -3.4e+38 -3.4e+38 -3.4e+38 -3.4e+38 -3.4e+38 -3.4e+38 -3.4e+38 -3.4e+38 -3.4e+38 -3.4e+38 -3.4e+38
0.5791996717453 0.586818873882294 -3.4e+38 0.893885433673859 0.97061014175415 0.984111130237579 0.992317020893097 0.993267595767975 0.994656562805176 0.994826853275299 0.9953333735466 0.996553003787994 0.993970453739166 0.99151748418808 0.986499547958374 0.937502443790436 0.957331597805023 0.959179639816284 0.91688346862793 0.887380480766296 0.841770827770233 0.634564101696014 0.531817674636841 0.474161833524704 0.433313220739365 0.37738099694252 0.34048855304718 0.32300341129303 0.278067797422409 0.290395855903625 0.271745383739471 0.269638150930405 0.289051562547684 0.324799239635468 0.330711334943771 0.468340963125229 0.445281833410263 0.440306127071381 -3.4e+38 -3.4e+38 -3.4e+38 -3.4e+38 -3.4e+38 -3.4e+38 -3.4e+38 -3.4e+38 -3.4e+38 -3.4e+38 -3.4e+38
0.73951917886734 0.599934160709381 -3.4e+38 0.675222337245941 0.717354476451874 0.952665567398071 0.933385372161865 0.992075800895691 0.993871808052063 0.995052874088287 0.994936048984528 0.993575870990753 0.996758759021759 0.99410092830658 0.988913059234619 0.984840214252472 0.94219446182251 0.973224937915802 0.943138718605042 0.916987419128418 0.903407216072083 0.699396014213562 0.614967465400696 0.546257078647614 0.472364842891693 0.395937472581863 0.359030842781067 0.334235668182373 0.310318797826767 0.259631186723709 0.26548045873642 0.310263305902481 0.274698823690414 0.354965448379517 0.387142032384872 0.40477642416954 0.50618451833725 0.551851809024811 0.56452476978302 0.567836821079254 -3.4e+38 -3.4e+38 -3.4e+38 -3.4e+38 -3.4e+38 -3.4e+38 -3.4e+38 -3.4e+38 -3.4e+38
0.603647470474243 0.639699041843414 0.515464127063751 0.529431939125061 0.736720025539398 0.954261064529419 0.986934125423431 0.986098825931549 0.992800831794739 0.995630025863647 0.995940208435059 0.994239091873169 0.995974779129028 0.995924592018127 0.989711701869965 0.982809245586395 0.977564036846161 0.979386806488037 0.972672581672668 0.949589490890503 0.915041923522949 0.787060856819153 0.686178684234619 0.602493524551392 0.537289381027222 0.465919643640518 0.430049002170563 0.37647157907486 0.345019608736038 0.336450457572937 0.306466221809387 0.301732927560806 0.365197569131851 0.366785973310471 0.336932480335236 0.423994570970535 0.447497934103012 0.591143012046814 0.76697713136673 0.605387389659882 -3.4e+38 -3.4e+38 -3.4e+38 -3.4e+38 -3.4e+38 -3.4e+38 -3.4e+38 -3.4e+38 -3.4e+38
-339999999999999996123846586046231871488.000000000000000 0.496556043624878 0.5253084897995 0.544054388999939 0.574969232082367 0.946699738502502 0.971631169319153 0.985764384269714 0.985307037830353 0.994619131088257 0.995135426521301 0.99564927816391 0.996853053569794 0.990353047847748 0.990778684616089 0.991155326366425 0.987843692302704 0.981863796710968 0.974602341651917 0.977144777774811 0.961095988750458 0.902849018573761 0.824402153491974 0.696982562541962 0.577438592910767 0.523762226104736 0.45466336607933 0.410855144262314 0.378366231918335 0.357101559638977 0.387802809476852 0.386931717395782 0.434506058692932 0.448546350002289 0.448174595832825 0.473426282405853 0.466704487800598 0.56181013584137 0.738691389560699 0.812347650527954 0.704821527004242 0.603505253791809 -3.4e+38 -3.4e+38 -3.4e+38 -3.4e+38 -3.4e+38 -3.4e+38 -3.4e+38
-3.4e+38 -3.4e+38 -3.4e+38 -3.4e+38 -3.4e+38 0.925363898277283 0.983226656913757 0.962643146514893 0.950082719326019 0.991954386234283 0.993778944015503 0.994487226009369 0.995022237300873 0.995802819728851 0.990997433662415 0.984638273715973 0.977263152599335 0.981309473514557 0.981918394565582 0.973676085472107 0.970495343208313 0.960213303565979 0.925658404827118 0.84054297208786 0.70580667257309 0.590782582759857 0.551221787929535 0.484740167856216 0.444691747426987 0.429454028606415 0.460324257612228 0.444404989480972 0.4541976749897 0.483439028263092 0.486115604639053 0.480700463056564 0.488951295614243 0.543629109859467 0.598119497299194 0.640329778194427 0.750730872154236 0.714013755321503 -3.4e+38 -3.4e+38 -3.4e+38 -3.4e+38 -3.4e+38 -3.4e+38 -3.4e+38
-3.4e+38 -3.4e+38 -3.4e+38 0.57487416267395 0.590741395950317 -3.4e+38 -3.4e+38 0.786525428295135 0.94607150554657 0.988812744617462 0.993321299552917 0.991934061050415 0.990086019039154 0.996374487876892 0.992989838123322 0.988828659057617 0.988400042057037 0.99074774980545 0.969529032707214 0.983363568782806 0.974522411823273 0.970046758651733 0.965459585189819 0.918449759483337 0.86205005645752 0.759842336177826 0.693822145462036 0.596071898937225 0.498157560825348 0.522172391414642 0.639339864253998 0.590005576610565 0.573186814785004 0.505995750427246 0.461547642946243 0.393848329782486 0.519857048988342 -3.4e+38 -3.4e+38 0.600934207439423 0.7872274518013 0.773943185806274 0.733510255813599 0.880141079425812 0.821496069431305 0.872370839118958 -3.4e+38 -3.4e+38 0.924810469150543
-3.4e+38 -3.4e+38 -3.4e+38 -3.4e+38 0.598542451858521 -3.4e+38 -3.4e+38 -3.4e+38 0.96842634677887 0.982738673686981 0.980619966983795 0.970175445079803 0.986128509044647 0.988216042518616 0.995116949081421 0.992863953113556 0.991153061389923 0.994171559810638 0.992240369319916 0.980600535869598 0.986808121204376 0.977250576019287 0.974893569946289 0.948914587497711 0.955410599708557 0.907505095005035 0.816039502620697 0.772431075572968 0.738198459148407 0.700558483600616 0.668030560016632 0.679064810276031 0.762253165245056 0.772891640663147 0.678881824016571 0.556407511234283 0.552228569984436 0.620511114597321 0.719582796096802 0.732890069484711 0.761554896831512 0.793760716915131 0.76426500082016 0.788114905357361 0.727001428604126 0.944117963314056 0.921279907226562 0.955681443214417 0.913397550582886
-3.4e+38 -3.4e+38 -3.4e+38 -3.4e+38 -3.4e+38 -3.4e+38 -3.4e+38 -3.4e+38 -3.4e+38 -3.4e+38 0.953729808330536 0.96292781829834 0.96765011548996 0.985829055309296 0.989323318004608 0.995128154754639 0.993084669113159 0.993687927722931 0.991886079311371 0.980823636054993 0.981655716896057 0.982148706912994 0.973974823951721 0.955280959606171 0.96306699514389 0.953758358955383 0.899355053901672 0.859456181526184 0.818132281303406 0.782805562019348 0.77959668636322 0.791234254837036 0.83822900056839 0.918801784515381 0.92309707403183 0.800687074661255 0.66097617149353 0.620364010334015 0.677695095539093 0.617582559585571 0.643848538398743 0.775891959667206 0.693701922893524 -3.4e+38 -3.4e+38 -3.4e+38 0.918562471866608 -3.4e+38 -3.4e+38
-3.4e+38 -3.4e+38 -3.4e+38 -3.4e+38 -3.4e+38 -3.4e+38 -3.4e+38 -3.4e+38 -3.4e+38 -3.4e+38 0.91314834356308 0.919360160827637 0.967522740364075 0.985790193080902 0.977040708065033 0.990364015102386 0.996330082416534 0.994649052619934 0.99187046289444 0.988536298274994 0.982575058937073 0.981279492378235 0.98038649559021 0.982480108737946 0.964899063110352 0.945502758026123 0.92679363489151 0.81740927696228 0.766654491424561 0.738745629787445 0.792519092559814 0.840435385704041 0.813027143478394 0.841878235340118 0.857471287250519 0.822883009910583 0.625885963439941 0.687158048152924 0.604051470756531 0.623802185058594 0.772792220115662 0.88456529378891 0.834411680698395 0.784245312213898 -3.4e+38 -3.4e+38 -3.4e+38 -3.4e+38 -3.4e+38
-3.4e+38 -3.4e+38 -3.4e+38 -3.4e+38 -3.4e+38 -3.4e+38 -3.4e+38 -3.4e+38 -3.4e+38 -3.4e+38 0.814191579818726 0.960161626338959 0.963338732719421 0.99584287405014 0.994969666004181 0.994248688220978 0.996024012565613 0.996501326560974 0.995655417442322 0.992678105831146 0.993309259414673 0.989537835121155 0.990613758563995 0.986167132854462 0.982094526290894 0.964625597000122 0.956499338150024 0.93859326839447 0.919982969760895 0.924362182617188 0.706996619701385 0.570782542228699 0.546829342842102 0.537050127983093 0.518633246421814 0.652061760425568 0.738806009292603 0.765128076076508 0.757487893104553 0.862521827220917 0.915170073509216 0.930476188659668 0.916513741016388 0.77951568365097 -3.4e+38 -3.4e+38 -3.4e+38 -3.4e+38 -3.4e+38
-3.4e+38 -3.4e+38 -3.4e+38 -3.4e+38 -3.4e+38 -3.4e+38 -3.4e+38 -3.4e+38 -3.4e+38 0.984769463539124 0.917844593524933 0.965046405792236 0.984403491020203 0.99710088968277 0.996226072311401 0.995026707649231 0.996697604656219 0.996624112129211 0.995804905891418 0.996519327163696 0.995925784111023 0.995243489742279 0.993225634098053 0.992820799350739 0.985214054584503 0.984528422355652 0.977110028266907 0.972209215164185 0.983901679515839 0.987448453903198 0.950547993183136 0.84062784910202 0.845293700695038 0.722196757793427 0.596202552318573 0.828402459621429 0.675422668457031 0.565295696258545 0.578483641147614 -3.4e+38 0.745475053787231 0.854758620262146 0.785225033760071 0.815698266029358 0.733906686306 0.776336014270782 0.790790736675262 -3.4e+38 -3.4e+38
-3.4e+38 -3.4e+38 -3.4e+38 -3.4e+38 -3.4e+38 -3.4e+38 -3.4e+38 -3.4e+38 0.946054220199585 0.992041945457458 0.957369267940521 0.83184027671814 0.993900656700134 0.994386672973633 0.996531069278717 0.993307769298553 0.987637281417847 0.991895318031311 0.989754855632782 0.995293796062469 0.995119452476501 0.995183229446411 0.993381261825562 0.994587540626526 0.993507981300354 0.984521746635437 0.986227571964264 0.989591240882874 0.978710770606995 0.981321930885315 0.96111536026001 0.916257441043854 0.95559424161911 0.929522395133972 0.849985480308533 0.890481293201447 0.893790602684021 0.837492644786835 0.736562490463257 0.737383246421814 0.678948223590851 -3.4e+38 0.900383353233337 0.966653227806091 0.876745522022247 0.991710484027863 0.985632479190826 0.900449275970459 0.682932257652283
-3.4e+38 -3.4e+38 -3.4e+38 -3.4e+38 -3.4e+38 -3.4e+38 -3.4e+38 -3.4e+38 0.949338972568512 0.806291282176971 0.916571497917175 0.819270431995392 0.967371463775635 0.969931662082672 0.992359220981598 0.990165412425995 0.976751565933228 0.94467693567276 0.938854038715363 0.975355863571167 0.990687906742096 0.99454927444458 0.993919253349304 0.994264960289001 0.995169579982758 0.989947140216827 0.988352179527283 0.989209830760956 0.989023149013519 0.990998327732086 0.982558965682983 0.979480504989624 0.966602802276611 0.940520584583282 0.869207680225372 0.856905877590179 0.919877052307129 0.927657723426819 0.867298424243927 0.787226021289825 0.781454503536224 0.681744754314423 0.58693927526474 0.968726456165314 0.943155825138092 0.907084465026855 0.964021861553192 0.973915934562683 0.991439819335938
-339999999999999996123846586046231871488.000000000000000 -3.4e+38 -3.4e+38 -3.4e+38 -3.4e+38 -3.4e+38 -3.4e+38 -3.4e+38 0.549130916595459 -3.4e+38 0.688133180141449 -3.4e+38 0.741254270076752 0.736843824386597 0.985158264636993 0.939318299293518 0.94482034444809 0.936862826347351 0.941697120666504 0.935709834098816 0.844815492630005 0.820715725421906 0.971210598945618 0.991089224815369 0.994057476520538 0.991938471794128 0.991875946521759 0.991482675075531 0.987372517585754 0.991745591163635 0.974701523780823 0.98384040594101 0.990653991699219 0.992738902568817 0.95800393819809 0.803551733493805 0.801386713981628 0.800269961357117 0.80517590045929 0.815420627593994 0.827997803688049 0.727802038192749 0.610203444957733 -3.4e+38 0.550112366676331 0.571653962135315 0.708113491535187 0.725802063941956 0.979832351207733
