data/climate_estimation/maxent_output/Lilium_pardalinum.asc
NCOLS 99 
NROWS 134 
XLLCORNER -124.5 
YLLCORNER 32.5833333333333 
CELLSIZE 0.0833333333333333 
NODATA_value -3.4e+38 
[rows 40 to 59 of 134, columns 46 to 91 of 99]
0.089103601872921 0.0487808734178543 0.0285267904400826 0.0164651535451412 0.01072480622679 0.00671369349583983 0.00780853815376759 0.0039404584094882 0.00238853041082621 0.00170396093744785 0.00105306459590793 0.000777677283622324 0.00120627461001277 0.000812546291854233 0.000376393843907863 0.000319979502819479 0.000412779219914228 0.000270910008111969 0.000181980271008797 0.000158220587763935 0.000149057130329311 0.000103094687801786 0.000109045235149097 0.000131408422021195 0.00017856783233583 0.0002719774201978 0.000160654773935676 9.91328925010748e-05 8.79994258866645e-05 0.000335766439093277 0.000198007619474083 7.36689835321158e-05 5.82387147005647e-05 0.000106784274976235 0.000363407249096781 0.000163783959578723 0.0001205314474646 0.000504411931615323 0.000224558170884848 0.000103775833849795 0.000142356293508783 0.000173896449268796 0.000113393471110612 0.000139795345603488 0.000261302746366709 0.000511514954268932
0.250224828720093 0.10002176463604 0.043429933488369 0.0269859004765749 0.0145698701962829 0.00881726387888193 0.00553061254322529 0.00353084597736597 0.00255571561865509 0.00205787131562829 0.00137920619454235 0.00095104449428618 0.000718768103979528 0.000641656981315464 0.000508464581798762 0.000302278000162914 0.000237916479818523 0.000219588182517327 0.000205594362341799 0.000177226102096029 8.12653306638822e-05 8.3607723354362e-05 0.000133398803882301 0.000158109774929471 0.000148843202623539 0.000158379814820364 8.15934690763243e-05 9.28772351471707e-05 0.000114077141915914 0.00021042839216534 0.00025300175184384 8.35658793221228e-05 5.58049177925568e-05 0.00010487647523405 0.000327467219904065 0.000149166298797354 0.000167553997016512 0.000256537081440911 0.000142680553835817 0.000164444747497328 0.000305438996292651 0.000198343768715858 0.000124854195746593 0.000170282961335033 0.000335302349412814 0.000458020716905594
0.325491398572922 0.191751837730408 0.101883858442307 0.0432423576712608 0.0244622826576233 0.0129635315388441 0.00737425498664379 0.00498603284358978 0.00291264965198934 0.00237458618357778 0.00145462749060243 0.00111413921695203 0.000741517462301999 0.000560491404030472 0.0010392494732514 0.000258517800830305 0.000224637013161555 0.000360291713150218 0.000316252902848646 0.000196668595890515 8.21482026367448e-05 7.59267641115002e-05 0.000128997067804448 0.000228280638111755 0.000119331300084013 8.7844739027787e-05 7.65901058912277e-05 0.000103181570011657 0.000140395117341541 0.000138235307531431 0.000266614108113572 7.15046990080737e-05 4.79201771668158e-05 7.0625806984026e-05 0.000161119765834883 5.9043915825896e-05 0.00014118455874268 0.000101127800007816 0.000153266650158912 0.000402281468268484 0.000243507311097346 0.000217924112803303 0.000108022664790042 0.000206071446882561 0.000343475316185504 0.000211097285500728
0.536343991756439 0.284160971641541 0.163666799664497 0.0708687901496887 0.0473994053900242 0.019950807094574 0.00992726441472769 0.00603949232026935 0.00348057714290917 0.00256647542119026 0.00204173848032951 0.00134636310394853 0.000694517104420811 0.00046941518667154 0.000938706216402352 0.00027403054991737 0.000242517809965648 0.000335009448463097 0.000298771599773318 0.000132574525196105 9.03337422641926e-05 9.98256582533941e-05 0.000158102746354416 0.000136826987727545 9.33101255213842e-05 5.66389317100402e-05 4.91984355903696e-05 9.58484088187106e-05 0.000110233668237925 6.60706937196665e-05 8.39706990518607e-05 5.97524303884711e-05 5.01905633427668e-05 9.65624785749242e-05 0.000126085957163014 5.23377748322673e-05 2.83814497379353e-05 4.23969213443343e-05 0.000184099728357978 0.000331313465721905 0.00025619933148846 0.000134417467052117 0.000107200474303681 0.000337435136316344 0.000253889011219144 0.000160545620019548
0.675663650035858 0.480426490306854 0.248554363846779 0.155489578843117 0.108277074992657 0.0398681461811066 0.0135061619803309 0.00975983869284391 0.0077001485042274 0.00548859080299735 0.00820968020707369 0.00261913309805095 0.000749682367313653 0.000488333695102483 0.000613400305155665 0.000273501413175836 0.000239531174884178 0.000293552060611546 0.000245098693994805 0.000157214453793131 7.97656321083196e-05 8.04222872829996e-05 0.00012825989688281 9.1411144239828e-05 5.5524920753669e-05 5.73932738916483e-05 6.78554060868919e-05 0.000102267047623172 6.50749861961231e-05 5.03063347423449e-05 5.91991702094674e-05 7.91880811448209e-05 0.000188965554116294 0.000193766987649724 2.96510424959706e-05 1.92293373402208e-05 2.6032834284706e-05 0.000189125974429771 0.000132665809360333 0.00010771273082355 0.000114007409138139 9.73305723164231e-05 0.000170811807038262 0.000273072888376191 0.000134221569169313 0.000251905643381178
0.793903410434723 0.700706958770752 0.39250573515892 0.230774462223053 0.253747910261154 0.0651932656764984 0.0477458238601685 0.0117683578282595 0.00661293882876635 0.0047843880020082 0.00359357893466949 0.00545918522402644 0.00111429439857602 0.000490978651214391 0.000491738086566329 0.000279756466625258 0.000169616134371608 0.00025563157396391 0.000152961947605945 0.000107896972622257 9.7264870419167e-05 9.76293958956376e-05 7.35561552573927e-05 6.53476163279265e-05 5.95377969148103e-05 7.33326887711883e-05 6.36729382677004e-05 3.96156719943974e-05 4.26331280323211e-05 5.15055908181239e-05 9.25203639781103e-05 0.00019906391389668 0.000100952725915704 2.24521918426035e-05 1.53779164975276e-05 2.39004402828868e-05 3.63850667781662e-05 0.000163239761604927 0.000111390945676249 0.000109768880065531 0.000124688216601498 0.000171498308191076 0.000205938558792695 0.000161888252478093 0.000159061994054355 0.000243572678300552
0.824842393398285 0.750896871089935 0.646310091018677 0.292464375495911 0.218792989850044 0.0605263859033585 0.0406689867377281 0.0148820476606488 0.0089833727106452 0.00456122681498528 0.00445140805095434 0.00180198322050273 0.00102749420329928 0.000831326120533049 0.000373331742594019 0.00020136748207733 0.00020172173390165 0.000191552826436237 0.000136300441226922 0.000100768680567853 9.95392838376574e-05 6.85699851601385e-05 4.40682815678883e-05 5.01068061566912e-05 7.65288714319468e-05 5.11778889631387e-05 5.38589920324739e-05 3.83135520678479e-05 4.10466054745484e-05 6.79662407492287e-05 0.000199726200662553 0.000108188090962358 1.81460127350874e-05 1.64926914294483e-05 2.01889870368177e-05 3.68334403901827e-05 6.99783122399822e-05 8.1104037235491e-05 0.000121397235488985 0.000114751805085689 0.000238574939430691 0.000274392077699304 0.000188301215530373 0.000193521045730449 0.000217172477277927 0.000320895196637139
0.738846778869629 0.683688342571259 0.640781819820404 0.310145288705826 0.13075840473175 0.0463885888457298 0.0294605772942305 0.0174871888011694 0.0276654046028852 0.00866369996219873 0.00428626826032996 0.00160051079001278 0.000950818648561835 0.00159608607646078 0.00182442832738161 0.000249997741775587 0.00017388749984093 0.000235181840253063 0.000167897611390799 5.76523925701622e-05 6.99990196153522e-05 5.90312665735837e-05 4.54335531685501e-05 5.34790378878824e-05 5.20068388141226e-05 4.89128324261401e-05 5.44410358997993e-05 3.39814796461724e-05 4.0711081965128e-05 0.000150661770021543 7.82668430474587e-05 2.48808901233133e-05 1.53222645167261e-05 2.05202522920445e-05 6.40812286292203e-05 0.000148686405736953 0.000152524007717147 0.000198681213078089 0.000148972918395884 0.00014007712888997 0.000253859761869535 0.000342028681188822 0.000177578185684979 0.000321329775033519 0.000424968544393778 0.000411083165090531
0.844430029392242 0.736725866794586 0.71867424249649 0.496471703052521 0.225334390997887 0.122025743126869 0.144855305552483 0.0296767558902502 0.0180935375392437 0.00776243396103382 0.00405073538422585 0.00186778139322996 0.0014588184421882 0.0010251144412905 0.00274549401365221 0.000290270370896906 0.00013799310545437 0.000210066224099137 9.60018296609633e-05 5.66533853998408e-05 6.25500542810187e-05 4.8570193030173e-05 5.16230466018897e-05 5.58528736291919e-05 5.34420614712872e-05 5.25071409356315e-05 6.03291155130137e-05 3.30723560182378e-05 7.09446903783828e-05 0.000111887435195968 2.02881456061732e-05 1.66118334163912e-05 2.29616489377804e-05 6.78467258694582e-05 0.000235812680330127 0.000217988999793306 0.000116521085146815 0.000138115690788254 0.000275447469903156 0.000180180213646963 0.000330320006469265 0.000177821144461632 0.000187577665201388 0.00037941089249216 0.000388843182008713 0.000282296008663252
0.846882522106171 0.808637380599976 0.76537698507309 0.642324388027191 0.646371304988861 0.332348316907883 0.494038701057434 0.0794240906834602 0.034904308617115 0.00985410064458847 0.00473869824782014 0.00147081993054599 0.00179941498208791 0.00186235050205141 0.00124662672169507 0.000226033982471563 9.82321216724813e-05 6.33402960374951e-05 3.9237074815901e-05 4.75199849461205e-05 4.05870123358909e-05 4.80911112390459e-05 4.95964995934628e-05 6.08058871875983e-05 5.49548858543858e-05 5.60469197807834e-05 4.52925341960508e-05 4.67240315629169e-05 0.000102437581517734 0.000139799187309109 1.80882980203023e-05 2.66695133177564e-05 0.000140692718559876 0.000234773920965381 0.000237262705923058 9.41332327784039e-05 8.75010373420082e-05 0.000174683227669448 0.000342560437275097 0.000336841796524823 0.000299384351819754 0.000157583432155661 0.000210176265682094 0.000376164301997051 0.000414537353208289 0.000294221652438864
0.87384957075119 0.858727157115936 0.778550744056702 0.762590765953064 0.684101760387421 0.683655917644501 0.537716329097748 0.182771161198616 0.0559810250997543 0.0114089157432318 0.002883494598791 0.00151752086821944 0.00105788186192513 0.000682702171616256 0.000285635062027723 0.000524628441780806 0.000157450165716 8.12625366961583e-05 4.79350055684336e-05 2.11384485737653e-05 3.98514384869486e-05 4.82156574435066e-05 5.56640661670826e-05 6.94223708705977e-05 5.97682301304303e-05 5.76334787183441e-05 5.69621515751351e-05 0.00010509260755498 0.000179772614501417 0.000110844026494306 2.81591874227161e-05 5.86605310672894e-05 0.000220918111153878 0.000250870565650985 9.04096305021085e-05 7.83657960710116e-05 0.000143891069456004 0.000207150311325677 0.000233901926549152 0.000283437606412917 0.000259015592746437 0.000202794966753572 0.000189566664630547 0.000394156435504556 0.000305480672977865 0.000296122248983011
0.89984267950058 0.858842611312866 0.784160077571869 0.791609287261963 0.738176167011261 0.629327297210693 0.411252498626709 0.342585891485214 0.277240514755249 0.0508583262562752 0.00312675023451447 0.00208390364423394 0.00185303657781333 0.00126138573978096 0.00138603139203042 0.000430111860623583 0.000229603552725166 6.49501598672941e-05 3.50377631548326e-05 2.33776427194243e-05 2.9394539524219e-05 5.04925665154587e-05 6.38213386991993e-05 7.07476210664026e-05 7.12696783011779e-05 5.46830342500471e-05 9.31134127313271e-05 0.000110439366835635 0.000148104649269953 5.6460288760718e-05 4.81080824101809e-05 0.000128443702124059 0.000186068893526681 0.000154154025949538 0.000163136472110637 0.000185721510206349 0.000243689370108768 0.000207353179575875 0.000187360434210859 0.000251739984378219 0.000177523281308822 0.000139756783028133 0.000196387263713405 0.000312472984660417 0.000298891885904595 0.000147767466842197
0.911475241184235 0.861410439014435 0.831292510032654 0.756462037563324 0.759613335132599 0.667831599712372 0.509164273738861 0.456640690565109 0.486255764961243 0.278603851795197 0.00817820802330971 0.00478558102622628 0.00718293944373727 0.00278902729041874 0.000380001292796806 0.000144329154863954 0.000107727988506667 3.69625195162371e-05 2.98717441182816e-05 4.14771966461558e-05 5.17260705237277e-05 4.41594638687093e-05 5.35427752765827e-05 4.88779514853377e-05 4.78329711768311e-05 5.51279954379424e-05 7.67167148296721e-05 9.97716051642783e-05 7.23335542716086e-05 4.80388953292277e-05 5.58226565772202e-05 0.000118012365419418 9.42240003496408e-05 9.71000335994177e-05 0.000206009324756451 0.000215897263842635 0.000202904891921207 0.000141430180519819 0.000156893627718091 0.000200976341147907 0.000119599426398054 0.000149097890243866 0.000241317771724425 0.00025527595425956 0.000130269065266475 9.7727490356192e-05
0.913586974143982 0.864913523197174 0.835105717182159 0.793073356151581 0.75412255525589 0.717028796672821 0.69616973400116 0.720391750335693 0.562231063842773 0.315912276506424 0.0105199934914708 0.0180651880800724 0.00340964971110225 0.000552010606043041 0.000285461224848405 0.000148844424984418 0.000102825644717086 4.702682417701e-05 3.26223453157581e-05 3.80186647817027e-05 4.55018598586321e-05 4.36409391113557e-05 5.02605362271424e-05 4.91417231387459e-05 4.74459011456929e-05 5.21123183716554e-05 4.39605501014739e-05 5.56327468075324e-05 4.82932118757162e-05 3.68408145732246e-05 5.73087127122562e-05 7.1136855694931e-05 6.96232600603253e-05 9.50787871261127e-05 0.00015513101243414 0.000187364072189666 0.00017267327348236 0.000126084894873202 0.000165782723343 0.000210464248084463 0.000123695732327178 0.000173028995050117 0.000227025579079054 0.000179041468072683 8.30708304420114e-05 7.59446411393583e-05
0.848450481891632 0.860471785068512 0.845374345779419 0.81430196762085 0.752788901329041 0.792856812477112 0.740799844264984 0.703328967094421 0.369358867406845 0.438534885644913 0.0146467760205269 0.00623155431821942 0.00169876287691295 0.00117192417383194 0.00312858633697033 0.000513116654474288 8.74304387252778e-05 7.16246067895554e-05 5.15246974828187e-05 4.34420944657177e-05 4.80562048323918e-05 5.67880015296396e-05 5.59567706659436e-05 4.15819886256941e-05 6.7870547354687e-05 1.70751570749417e-06 1.52923610130529e-06 1.7083352759073e-06 4.49268554802984e-05 1.6966105249594e-06 5.51771991013084e-05 9.71623449004255e-05 1.43320448842132e-06 0.000154718174599111 0.000135448557557538 0.000148172795888968 0.000124459445942193 0.000142126678838395 0.000181356357643381 0.000161975593073294 0.000144565899972804 0.000205641888896935 0.000180718547198921 7.31163599994034e-05 6.76654308335856e-05 0.000107552601548377
0.806348383426666 0.870744347572327 0.84800511598587 0.825626313686371 0.813302576541901 0.794270813465118 0.749026656150818 0.708568572998047 0.443651556968689 0.527148008346558 0.0214880388230085 0.00496179657056928 0.00904584210366011 0.00581789948046207 0.00757753709331155 0.00103192334063351 0.000127683641039766 6.13766969763674e-05 5.49124197277706e-05 5.28989548911341e-05 5.05433927173726e-05 1.57840929659869e-06 1.61914522323059e-06 4.1249644709751e-05 5.26332260051277e-05 1.6937332247835e-06 1.75466198015783e-06 1.02408812381327e-05 1.40465783715626e-06 1.63055085522501e-06 1.70050634551444e-06 1.6099054391816e-06 1.51490235111851e-06 1.56120461269893e-06 1.86766465049004e-06 5.47954186913557e-07 5.4684085171175e-07 0.000171041945577599 0.000165067744092084 0.000122401441331021 0.000174635119037703 0.000184219417860731 8.38926716824062e-05 4.91813625558279e-05 1.13802889245562e-06 0.000125570120871998
0.696353375911713 0.829667389392853 0.844534873962402 0.854326069355011 0.842916786670685 0.810050666332245 0.807435631752014 0.741432309150696 0.559296667575836 0.657203853130341 0.00959931593388319 0.00475068669766188 0.00737273320555687 0.0167043432593346 0.00976410415023565 0.000651245820336044 0.000238213411648758 6.6617714765016e-05 6.5932581492234e-05 7.72693456383422e-05 4.38737406511791e-05 5.22285990882665e-05 1.46731406402978e-06 1.5811573348401e-06 1.52503105255164e-06 1.62116089086339e-06 1.69585791809368e-06 2.0527452306851e-06 1.96448581846198e-06 1.67109124049603e-06 1.67544169471512e-06 1.62067499331897e-06 1.55299471771286e-06 1.48175035974418e-06 1.78037737441628e-06 6.96896506724443e-07 0.000135238631628454 0.000142946446430869 6.24301776497305e-07 2.09081849789072e-06 5.89066148677375e-05 9.98917457764037e-05 8.9908388645199e-07 8.5082700707062e-07 1.33136938984535e-06 4.79433037980925e-05
0.588112115859985 0.780106961727142 0.842706024646759 0.875625967979431 0.822616934776306 0.791748046875 0.784403562545776 0.756051480770111 0.719988644123077 0.619297385215759 0.0118649741634727 0.00448743952438235 0.00422157859429717 0.0117570329457521 0.0124502899125218 0.000258573069004342 0.000229925339226611 0.000144359728437848 7.11177199264057e-05 3.96159484807868e-05 6.39801655779593e-05 6.28726411378011e-05 3.13804375764448e-05 2.83288445643848e-05 1.54645044858626e-06 1.39405688059924e-06 1.45498700021562e-06 1.33957939851825e-06 1.37863446525444e-06 1.16186072318669e-06 1.37698737034953e-06 1.2390403298923e-06 4.66996254999685e-07 4.07352615638956e-07 9.14376778382575e-06 7.43479802167712e-07 6.62582635868603e-07 2.286129301865e-06 8.7209753019124e-07 5.85231719014701e-05 6.44807369098999e-05 1.37214919959661e-06 9.08859192350064e-07 9.10839105472405e-07 1.64844038863521e-06 1.10824876173865e-05
0.715424001216888 0.798963129520416 0.842170596122742 0.859149575233459 0.859363377094269 0.792223632335663 0.692578732967377 0.78219074010849 0.770376741886139 0.628862917423248 0.039029948413372 0.0104700149968266 0.0179096553474665 0.0505284182727337 0.0165007207542658 0.000327279820339754 0.000240943729295395 0.00021028338233009 8.59971769386902e-05 4.70745217171498e-05 6.25359898549505e-05 0.000116039474960417 4.20793403463904e-05 3.40303740813397e-05 1.71929832504247e-06 1.60859815423464e-06 1.56420173880178e-06 1.18195964660117e-06 1.100810322896e-06 1.04346247553622e-06 1.1505552492963e-06 1.09505367618112e-06 9.6980136277125e-07 1.47484172430268e-06 2.23672714128043e-06 2.15145155380014e-06 7.599946911796e-07 1.1656406968541e-05 1.10314504127018e-05 9.39467208809219e-05 6.29917267360725e-05 1.13348278318881e-06 7.72307430452202e-07 1.23151676234556e-06 1.89775823855598e-06 2.5188217023242e-06
0.390756130218506 0.613827109336853 0.772981405258179 0.827686786651611 0.863244891166687 0.832397818565369 0.826930344104767 0.769144117832184 0.720028638839722 0.714848101139069 0.183466866612434 0.0460584834218025 0.0627453550696373 0.0801832303404808 0.0296525191515684 0.000591668183915317 0.000384728627977893 0.000160742740263231 0.000128013154608198 6.58337303320877e-05 9.1276437160559e-05 0.000187452576938085 7.72334169596434e-05 2.34240851568757e-05 1.420354919901e-06 1.91042795449903e-06 1.76136029494955e-06 1.4872853171255e-06 1.50771995777177e-06 1.39936071263946e-06 1.19561377687205e-06 1.21273978948011e-06 1.59912258368422e-06 1.97085637410055e-06 2.10095868169446e-06 2.09297468245495e-06 8.05794684310968e-07 1.07718478830066e-05 1.08656877273461e-05 6.32402516203001e-05 9.29709203774109e-05 1.2965509768037e-06 9.75129637481587e-07 1.64292157478485e-06 9.27805376704782e-05 1.50563573697582e-05
