data/climate_estimation/maxent_output/Lilium_maritimum.asc
NCOLS 13 
NROWS 48 
XLLCORNER -123.916666666667 
YLLCORNER 37.9166666666667 
CELLSIZE 0.083333333333333 
NODATA_value -3.4e+38 
0.258959233760834 0.133424371480942 0.193327039480209 0.256468325853348 0.189200595021248 0.0684670880436897 0.0439703650772572 0.0199714545160532 0.0131897330284119 0.00508305430412292 0.00362838245928288 0.00915363896638155 0.00186500372365117
0.356662511825562 0.236815720796585 0.342671364545822 0.268349528312683 0.233036577701569 0.0934223309159279 0.0114184133708477 0.0156346186995506 0.0120278680697083 0.0105739245191216 0.00212206901051104 0.00204228493385017 0.00159285729750991
0.285217821598053 0.320751130580902 0.3186916410923 0.229218110442162 0.0930005609989166 0.0279241278767586 0.0284185465425253 0.0419215261936188 0.0488397963345051 0.0244934540241957 0.00894976127892733 0.00691132806241512 0.00552807189524174
0.349382221698761 0.291950106620789 0.36377814412117 0.160916224122047 0.101703383028507 0.0311409253627062 0.094044454395771 0.0548764951527119 0.130430206656456 0.0168109890073538 0.0193064585328102 0.00133949832525104 0.000705378071870655
0.383803516626358 0.352561801671982 0.29036208987236 0.171959280967712 0.0460528023540974 0.112132966518402 0.195562437176704 0.101428478956223 0.0753379985690117 0.128189951181412 0.0333537310361862 0.00240438524633646 0.000527627707924694
0.49389237165451 0.309484928846359 0.234256312251091 0.23849892616272 0.0703206583857536 0.0872772559523582 0.0816942527890205 0.0440191514790058 0.0749949514865875 0.0528598427772522 0.0740190073847771 0.0197719410061836 0.000751351995859295
0.539154291152954 0.348102748394012 0.311442792415619 0.169171839952469 0.0940657183527946 0.0377156771719456 0.0417205765843391 0.1288733035326 0.114339716732502 0.0366668961942196 0.0283814780414104 0.0604095570743084 0.00221729930490255
0.624519109725952 0.341884404420853 0.228711947798729 0.134015038609505 0.0432452261447906 0.145829990506172 0.0416195802390575 0.0313229374587536 0.0358164869248867 0.0156582482159138 0.0246433634310961 0.108340591192245 0.0113140176981688
0.581155836582184 0.401347756385803 0.254143804311752 0.185412302613258 0.104046195745468 0.219444260001183 0.153725981712341 0.0311745814979076 0.0120414094999433 0.0377118661999702 0.0326604023575783 0.0954325199127197 0.103146091103554
0.617846131324768 0.400173634290695 0.302516788244247 0.171761095523834 0.26450178027153 0.314189463853836 0.227980554103851 0.159899935126305 0.0473347418010235 0.0153073007240891 0.0264411363750696 0.131453588604927 0.0582860186696053
0.750390470027924 0.46135276556015 0.331263870000839 0.179921612143517 0.18145364522934 0.321790874004364 0.101216346025467 0.0957806631922722 0.139456391334534 0.10633909702301 0.131739437580109 0.13110662996769 0.144143730401993
0.73475581407547 0.450789123773575 0.328801363706589 0.155534416437149 0.147132828831673 0.202781841158867 0.053937241435051 0.086975209414959 0.189607992768288 0.0606996491551399 0.249154478311539 0.134840026497841 0.183495238423347
0.730749547481537 0.517726719379425 0.405521810054779 0.17944198846817 0.0902225598692894 0.0829316377639771 0.108150467276573 0.146349847316742 0.126795083284378 0.0179016310721636 0.0586909353733063 0.0827017202973366 0.0370353609323502
0.88288140296936 0.48040184378624 0.48842191696167 0.279955834150314 0.138001829385757 0.104871533811092 0.0594463609158993 0.0298742074519396 0.057903029024601 0.00643082614988089 0.0174290351569653 0.0620159432291985 0.00942792929708958
0.802344739437103 0.564115107059479 0.496127903461456 0.350226551294327 0.112527176737785 0.192759692668915 0.161413908004761 0.0745068266987801 0.0389466807246208 0.0799188688397408 0.00637622736394405 0.00826152507215738 0.00813230685889721
0.763943076133728 0.582350492477417 0.412615478038788 0.395348131656647 0.34380441904068 0.0727382451295853 0.0767058953642845 0.056481447070837 0.14161142706871 0.0535620264708996 0.0223232973366976 0.00579165061935782 0.0129524078220129
0.755008161067963 0.551022350788116 0.397581875324249 0.292251914739609 0.341362982988358 0.131487533450127 0.196836799383163 0.194170042872429 0.0191009975969791 0.0173391383141279 0.0531550273299217 0.0280069634318352 0.0337286777794361
0.806624948978424 0.571995317935944 0.421829640865326 0.312555491924286 0.23738494515419 0.266725093126297 0.171208098530769 0.256492555141449 0.0887000039219856 0.0357876606285572 0.079905092716217 0.120378017425537 0.0238018538802862
0.774519443511963 0.566867470741272 0.344823032617569 0.325257211923599 0.402298420667648 0.250545412302017 0.236374080181122 0.159847050905228 0.201385349035263 0.293081760406494 0.0924089103937149 0.0337571129202843 0.00678738579154015
0.677769601345062 0.432974398136139 0.279234349727631 0.210583969950676 0.424225240945816 0.277354657649994 0.205409690737724 0.298213005065918 0.182119056582451 0.225568190217018 0.266991406679153 0.0512739829719067 0.0207729041576385
0.609191477298737 0.385033220052719 0.315074384212494 0.119937151670456 0.133317589759827 0.319245785474777 0.107871107757092 0.13439454138279 0.233379274606705 0.227594166994095 0.316950976848602 0.359581679105759 0.218731135129929
0.541910588741302 0.337285399436951 0.332987010478973 0.163085788488388 0.137608841061592 0.129134073853493 0.0998424887657166 0.127778947353363 0.209950298070908 0.375800520181656 0.418425738811493 0.385917514562607 0.196535512804985
0.580066442489624 0.322690635919571 0.293545454740524 0.229871794581413 0.104641705751419 0.184518337249756 0.175294131040573 0.0805736780166626 0.221512734889984 0.382133901119232 0.444780111312866 0.453597068786621 0.423187404870987
0.662757098674774 0.418200314044952 0.398112863302231 0.308646470308304 0.246447563171387 0.0989673510193825 0.066123366355896 0.105145759880543 0.15607975423336 0.384992808103561 0.292557805776596 0.506149709224701 0.335786551237106
0.638835132122040 0.446472138166428 0.356840044260025 0.37345027923584 0.312881171703339 0.129858866333961 0.226911962032318 0.108566053211689 0.0875626653432846 0.131814852356911 0.140761435031891 0.496923953294754 0.249412566423416
0.839752912521362 0.586401581764221 0.42387393116951 0.407381385564804 0.281393885612488 0.241242289543152 0.130220219492912 0.0649698823690414 0.0261078085750341 0.049460981041193 0.0889205858111382 0.219201594591141 0.295716971158981
-3.4e+38 0.852920413017273 0.538275480270386 0.524785280227661 0.362821012735367 0.270208835601807 0.128165677189827 0.0831081867218018 0.050909161567688 0.0510213486850262 0.220387354493141 0.244539707899094 0.51149570941925
-3.4e+38 0.926608443260193 0.82974773645401 0.606962978839874 0.433144390583038 0.252000331878662 0.160239458084106 0.195847436785698 0.164837390184402 0.0565851666033268 0.149318650364876 0.533207893371582 0.348136872053146
-3.4e+38 0.933246254920959 0.929780066013336 0.765107333660126 0.532986164093018 0.352645725011826 0.223999425768852 0.181691095232964 0.141742736101151 0.312649726867676 0.166676551103592 0.516412675380707 0.276052325963974
-3.4e+38 0.843936681747437 0.929607927799225 0.85620379447937 0.688774049282074 0.430905222892761 0.326386213302612 0.215301483869553 0.117452763020992 0.155683696269989 0.348526656627655 0.0607107803225517 0.0889899879693985
-3.4e+38 0.725107610225677 0.9355828166008 0.901759505271912 0.752863585948944 0.500917613506317 0.393480032682419 0.26318484544754 0.133005008101463 0.0627527385950089 0.120988555252552 0.0790020227432251 0.0432025901973248
-3.4e+38 0.737894177436829 0.885461390018463 0.905088365077972 0.825301826000214 0.614977478981018 0.466241538524628 0.263223916292191 0.0912885218858719 0.0430831126868725 0.0660109892487526 0.166367039084435 0.112841114401817
-3.4e+38 0.714761912822723 0.902888715267181 0.911483883857727 0.864407002925873 0.699173271656036 0.544527649879456 0.305034220218658 0.0957441776990891 0.089231364428997 0.0781413316726685 0.0399271734058857 0.066030278801918
-3.4e+38 -3.4e+38 0.92232358455658 0.916778564453125 0.891971826553345 0.767275393009186 0.660613834857941 0.458562284708023 0.139323517680168 0.124992907047272 0.147711351513863 0.0169735495001078 0.00552500039339066
-3.4e+38 -3.4e+38 0.909192264080048 0.925190329551697 0.905427277088165 0.834272027015686 0.776758432388306 0.519509553909302 0.240519732236862 0.121789745986462 0.209351405501366 0.0219254214316607 0.0040652914904058
-3.4e+38 -3.4e+38 0.650626242160797 0.911225080490112 0.924134433269501 0.870155334472656 0.735323071479797 0.655421197414398 0.452386260032654 0.151627957820892 0.0784683898091316 0.0980832427740097 0.0133880581706762
-339999999999999996123846586046231871488.000000000000000 -3.4e+38 0.697618305683136 0.891428768634796 0.924426674842834 0.908220410346985 0.822916507720947 0.741946518421173 0.457405686378479 0.240480184555054 0.119336634874344 0.189482733607292 0.138123378157616
-3.4e+38 -3.4e+38 -3.4e+38 0.867826759815216 0.880822122097015 0.896268665790558 0.888564229011536 0.776720464229584 0.665237605571747 0.388441324234009 0.169859364628792 0.0888185426592827 0.104215569794178
-3.4e+38 -3.4e+38 -3.4e+38 -3.4e+38 0.704989731311798 0.84183669090271 0.877011656761169 0.871220290660858 0.736038565635681 0.596661150455475 0.333092391490936 0.160326808691025 0.115566186606884
-3.4e+38 -3.4e+38 -3.4e+38 -3.4e+38 -3.4e+38 -3.4e+38 0.861809492111206 0.872789740562439 0.831391513347626 0.677968204021454 0.553024709224701 0.326344907283783 0.223710551857948
-3.4e+38 -3.4e+38 -3.4e+38 -3.4e+38 -3.4e+38 -3.4e+38 0.50773286819458 0.852659285068512 0.876514434814453 0.781935811042786 0.744387567043304 0.54163384437561 0.382859915494919
-3.4e+38 -3.4e+38 -3.4e+38 -3.4e+38 -3.4e+38 -3.4e+38 -3.4e+38 -3.4e+38 0.84594738483429 0.798978090286255 0.845530092716217 0.691427290439606 0.530631124973297
-3.4e+38 -3.4e+38 -3.4e+38 -3.4e+38 -3.4e+38 -3.4e+38 -3.4e+38 -3.4e+38 -3.4e+38 0.878921627998352 0.873668611049652 0.806249797344208 0.672749876976013
-3.4e+38 -3.4e+38 -3.4e+38 -3.4e+38 -3.4e+38 -3.4e+38 -3.4e+38 -3.4e+38 -3.4e+38 -3.4e+38 0.833314120769501 0.845341980457306 0.79745751619339
-3.4e+38 -3.4e+38 -3.4e+38 -3.4e+38 -3.4e+38 -3.4e+38 -3.4e+38 -3.4e+38 -3.4e+38 -3.4e+38 -3.4e+38 0.83598667383194 0.874943792819977
-3.4e+38 -3.4e+38 -3.4e+38 -3.4e+38 -3.4e+38 -3.4e+38 -3.4e+38 -3.4e+38 -3.4e+38 -3.4e+38 -3.4e+38 0.820583581924438 0.88241046667099
-3.4e+38 -3.4e+38 -3.4e+38 -3.4e+38 -3.4e+38 -3.4e+38 -3.4e+38 -3.4e+38 -3.4e+38 -3.4e+38 0.774821102619171 0.803456664085388 0.897520422935486
-3.4e+38 -3.4e+38 -3.4e+38 -3.4e+38 -3.4e+38 -3.4e+38 -3.4e+38 -3.4e+38 -3.4e+38 -3.4e+38 0.818556606769562 0.769092798233032 -3.4e+38
