data/climate_estimation/maxent_output/Lilium_concolor.asc
NCOLS 354 
NROWS 280 
XLLCORNER 106.583333333333 
YLLCORNER 31.25 
CELLSIZE 0.0833333333333333 
NODATA_value -3.4e+38 
[rows 60 to 79 of 280, columns 45 to 89 of 354]
0.503285229206085 0.537326395511627 0.509929358959198 0.527493238449097 0.570360660552979 0.565785467624664 0.526927173137665 0.584883272647858 0.680172920227051 0.666603803634644 0.720280170440674 0.733017385005951 0.756455183029175 0.777210891246796 0.808126509189606 0.612965822219849 0.582047045230865 0.615938246250153 0.587621986865997 0.546252191066742 0.374869555234909 0.264689087867737 0.158855944871902 0.0880241990089417 0.0362966321408749 0.0207175146788359 0.0228853933513165 0.0164987929165363 0.0400123931467533 0.0355303138494492 0.0398775190114975 0.0357573069632053 0.0313141494989395 0.0221573561429977 0.0218347832560539 0.0244412496685982 0.0369336269795895 0.0406922549009323 0.0444886349141598 0.0543446987867355 0.0582442805171013 0.0719969123601913 0.0838058516383171 0.101457461714745 0.123079001903534
0.477787554264069 0.521368205547333 0.569009840488434 0.549572229385376 0.580040633678436 0.62060022354126 0.655787885189056 0.627440571784973 0.674248695373535 0.739876985549927 0.770068049430847 0.775558590888977 0.794846594333649 0.803722977638245 0.804074823856354 0.810796499252319 0.812705278396606 0.803568840026855 0.693075239658356 0.513387203216553 0.382782727479935 0.191710516810417 0.123784027993679 0.0598102994263172 0.0506531856954098 0.0363509058952332 0.0180833991616964 0.0189824923872948 0.0213397033512592 0.033597931265831 0.0155973043292761 0.0157537665218115 0.0152987521141768 0.0177332106977701 0.0167547911405563 0.0185411740094423 0.0237983837723732 0.0266638547182083 0.0308899246156216 0.0370119363069534 0.0411827266216278 0.0473680086433887 0.0575589276850224 0.0468698404729366 0.0601388178765774
0.519033551216125 0.559292554855347 0.577780723571777 0.620920121669769 0.639178037643433 0.652084171772003 0.674552857875824 0.690340042114258 0.682649195194244 0.703180551528931 0.730758666992188 0.774039804935455 0.768566727638245 0.79926985502243 0.779649198055267 0.671614706516266 0.684965670108795 0.680192232131958 0.492731600999832 0.424368143081665 0.27892541885376 0.163311317563057 0.0860556662082672 0.0611401945352554 0.0549320057034492 0.0360846519470215 0.0328971520066261 0.0304454863071442 0.0417053699493408 0.0194568429142237 0.013249896466732 0.0115794138982892 0.0117424270138144 0.013488738797605 0.0134692518040538 0.0147418705746531 0.018475815653801 0.0192557591944933 0.0213128291070461 0.0258301924914122 0.0291425175964832 0.0336003489792347 0.041772834956646 0.0540373101830482 0.0413701497018337
0.571815669536591 0.594958543777466 0.555721402168274 0.577034115791321 0.577547013759613 0.597596287727356 0.613789141178131 0.657285571098328 0.683602035045624 0.664497673511505 0.681779563426971 0.584962010383606 0.709761738777161 0.745413661003113 0.65744823217392 0.654365301132202 0.42596361041069 0.42023965716362 0.399183571338654 0.285363346338272 0.179712295532227 0.135914325714111 0.0946533679962158 0.0766599997878075 0.0680749863386154 0.0579014755785465 0.0349344946444035 0.0242825392633677 0.0171452891081572 0.0132707674056292 0.013193960301578 0.0114889265969396 0.0103174233809114 0.0114486003294587 0.011367304250598 0.0167260374873877 0.0196276027709246 0.0185632314532995 0.0181606058031321 0.0202592089772224 0.0280802585184574 0.0320674926042557 0.0320608243346214 0.0364572592079639 0.0264632124453783
0.54438990354538 0.560543358325958 0.555993616580963 0.574366927146912 0.611595809459686 0.631750822067261 0.607563018798828 0.629958927631378 0.604197204113007 0.540517568588257 0.601374447345734 0.653768301010132 0.582553446292877 0.623017549514771 0.622941613197327 0.616763353347778 0.548692643642426 0.365238070487976 0.267779052257538 0.240070596337318 0.199952065944672 0.198925390839577 0.11655317991972 0.0949556156992912 0.0807130709290504 0.0393782965838909 0.0238580927252769 0.0187341589480639 0.0160875376313925 0.0118477148935199 0.0112495087087154 0.0101267714053392 0.0103421565145254 0.0115717872977257 0.0127108013257384 0.013440391048789 0.0134258233010769 0.0134073793888092 0.0149585576727986 0.0186293963342905 0.0184331350028515 0.0206703785806894 0.0211677644401789 0.0151797858998179 0.0165661685168743
0.488051801919937 0.515718221664429 0.546158194541931 0.527309358119965 0.516137659549713 0.515812873840332 0.520300269126892 0.539655447006226 0.492572039365768 0.43062549829483 0.488936692476273 0.533379077911377 0.516535878181458 0.481411516666412 0.479333698749542 0.419131010770798 0.295230656862259 0.24627897143364 0.226422175765038 0.223764300346375 0.202225655317307 0.305823445320129 0.20219923555851 0.169386208057404 0.054149504750967 0.0298089869320393 0.0225510727614164 0.0165384337306023 0.0144426394253969 0.0130798574537039 0.0118593480437994 0.0108837382867932 0.0102200014516711 0.0121049666777253 0.0134940650314093 0.0121155977249146 0.0133437216281891 0.0135074397549033 0.0121331578120589 0.0121009266003966 0.012920793145895 0.0127555066719651 0.0145183373242617 0.0158111155033112 0.0185678731650114
0.440188735723495 0.454128503799438 0.453270822763443 0.441141217947006 0.430259734392166 0.439763158559799 0.471374094486237 0.475518584251404 0.500641644001007 0.440675854682922 0.419629752635956 0.519586801528931 0.530474960803986 0.430636167526245 0.370382875204086 0.366673529148102 0.335803180932999 0.340737044811249 0.208350911736488 0.31887412071228 0.261758774518967 0.239327445626259 0.110607601702213 0.0690560340881348 0.0402288921177387 0.0325928963720798 0.0328379794955254 0.0207435395568609 0.0167608242481947 0.014620834030211 0.0152548085898161 0.0133326463401318 0.0103463418781757 0.0108179897069931 0.0120519772171974 0.0122951082885265 0.0110478000715375 0.00936164800077677 0.00923437625169754 0.00831104721873999 0.00843982119113207 0.00912182964384556 0.0100150657817721 0.0128107834607363 0.0125519996508956
0.466333955526352 0.458431631326675 0.376537561416626 0.378118753433228 0.418566077947617 0.44478714466095 0.435070186853409 0.425882935523987 0.373337388038635 0.377894699573517 0.43323603272438 0.473898828029633 0.445980876684189 0.367613524198532 0.363356292247772 0.344116270542145 0.342825889587402 0.295888304710388 0.342723876237869 0.311759889125824 0.219507858157158 0.111403033137321 0.0744393989443779 0.0503282733261585 0.0423268526792526 0.0321692600846291 0.0311076696962118 0.0290575865656137 0.0208707842975855 0.0192918758839369 0.0148184634745121 0.0107584781944752 0.0120609989389777 0.0124033326283097 0.0137530425563455 0.00936491228640079 0.00939827226102352 0.00845341198146343 0.0077049913816154 0.00786532368510962 0.00797441881150007 0.00761609803885221 0.00762583175674081 0.00702251587063074 0.00724795740097761
0.42948716878891 0.415237873792648 0.330005526542664 0.351286172866821 0.414175659418106 0.460815995931625 0.423063457012177 0.343125760555267 0.335136532783508 0.389735519886017 0.433781951665878 0.413684099912643 0.39180326461792 0.338429629802704 0.320612370967865 0.289259880781174 0.274817436933517 0.344681680202484 0.317796021699905 0.213553890585899 0.113980926573277 0.0786411687731743 0.0653160139918327 0.0521588996052742 0.0444574616849422 0.0349344089627266 0.0318362973630428 0.0231436919420958 0.0175891183316708 0.013271015137434 0.0131922643631697 0.0119602484628558 0.00931180734187365 0.00934481900185347 0.00840939115732908 0.00713171204552054 0.00579794263467193 0.00577080016955733 0.00528185954317451 0.00530808279290795 0.00511152856051922 0.00462814886122942 0.00445231143385172 0.00452363304793835 0.00430293474346399
0.372133046388626 0.344914674758911 0.353665828704834 0.357767462730408 0.372158169746399 0.356516987085342 0.366888016462326 0.307230621576309 0.313737571239471 0.313543677330017 0.33533564209938 0.33070981502533 0.298523873090744 0.323164761066437 0.22955085337162 0.228429242968559 0.251575767993927 0.251201808452606 0.207796156406403 0.159145966172218 0.0839315354824066 0.0783491879701614 0.0641540437936783 0.0917696803808212 0.0923322662711143 0.0622142255306244 0.0328852273523808 0.0272894166409969 0.0179907437413931 0.0122628137469292 0.0101107582449913 0.00918714143335819 0.00738854100927711 0.00645808549597859 0.00575048290193081 0.00511991186067462 0.00493129016831517 0.00446378067135811 0.0040187006816268 0.00411381945014 0.00356059730984271 0.00314887054264545 0.00283498340286314 0.00287109310738742 0.00297871232032776
0.2440335303545 0.281917750835419 0.275733083486557 0.286060482263565 0.306139200925827 0.227616831660271 0.24594159424305 0.255716174840927 0.258289486169815 0.238368138670921 0.234339579939842 0.233608573675156 0.235662028193474 0.212122738361359 0.251853138208389 0.255712479352951 0.295180767774582 0.253790259361267 0.180064365267754 0.136800214648247 0.0859849825501442 0.122150495648384 0.0924379825592041 0.0837169289588928 0.0844754949212074 0.064348429441452 0.0286192987114191 0.0207877904176712 0.0146449254825711 0.010917098261416 0.00917254108935595 0.00664518307894468 0.00628145411610603 0.00516367144882679 0.00507808430120349 0.0044314730912447 0.00394150894135237 0.00403698347508907 0.00351740350015461 0.00322011345997453 0.00251854374073446 0.00218326924368739 0.00220993929542601 0.00123174069449306 0.00124503904953599
0.25111386179924 0.19209323823452 0.179256528615952 0.171662822365761 0.185674861073494 0.184564933180809 0.19584809243679 0.230276465415955 0.220785036683083 0.228155925869942 0.234672620892525 0.240612670779228 0.231788337230682 0.250938773155212 0.284968793392181 0.270316183567047 0.235046789050102 0.180542513728142 0.147364646196365 0.163463100790977 0.125828728079796 0.111076071858406 0.101301155984402 0.0763387233018875 0.0642275661230087 0.0341407395899296 0.0253725033253431 0.017017375677824 0.0140933729708195 0.0112309893593192 0.00842810142785311 0.00686925929039717 0.00564471120014787 0.00494046462699771 0.00439150491729379 0.00356976827606559 0.00363307725638151 0.00329205952584743 0.00319199333898723 0.00255168019793928 0.00196563242934644 0.00167538726236671 0.0015045840991661 0.00135998555924743 0.000761567265726626
0.223462998867035 0.15912589430809 0.1666559278965 0.167426601052284 0.164981752634048 0.17077149450779 0.1834846585989 0.181954860687256 0.18768584728241 0.209801375865936 0.225284472107887 0.210805386304855 0.212899371981621 0.236179172992706 0.231758743524551 0.196268871426582 0.180129170417786 0.149477377533913 0.148721858859062 0.140271976590157 0.132748782634735 0.103211969137192 0.0946184396743774 0.0773476585745811 0.0665571987628937 0.0481220595538616 0.0401982441544533 0.0187026280909777 0.0128405736759305 0.0102652590721846 0.00864513218402863 0.00655100494623184 0.00492823636159301 0.00395934656262398 0.00377006619237363 0.00307695637457073 0.00278814090415835 0.00251057860441506 0.00217008613981307 0.00200831750407815 0.00159125041682273 0.00133239070419222 0.00113871425855905 0.000938543060328811 0.000858433137182146
0.138378977775574 0.136701077222824 0.148979052901268 0.141644284129143 0.155224308371544 0.173176974058151 0.172335311770439 0.162560477852821 0.188213765621185 0.179325640201569 0.176228374242783 0.189492270350456 0.21207469701767 0.207673296332359 0.178792342543602 0.17437182366848 0.166294381022453 0.149751663208008 0.166744396090508 0.150038257241249 0.125649437308311 0.113574236631393 0.0783234462141991 0.0414222739636898 0.0346379727125168 0.0258999578654766 0.0212817899882793 0.0189852528274059 0.012979868799448 0.0104574002325535 0.00874593202024698 0.00664253160357475 0.00475520407781005 0.0040280781686306 0.00315306731499732 0.002464430173859 0.00239897635765374 0.00192117958795279 0.00170894397888333 0.00157227297313511 0.00133988622110337 0.00102327135391533 0.000817346794065088 0.000707428553141654 0.000406150647904724
0.118933506309986 0.134061381220818 0.121690265834332 0.137887895107269 0.152633517980576 0.158060058951378 0.153385043144226 0.164612963795662 0.168886423110962 0.163095474243164 0.164835914969444 0.150861158967018 0.164378181099892 0.164111748337746 0.20276103913784 0.195147454738617 0.164141058921814 0.149174943566322 0.14535391330719 0.126588225364685 0.103219769895077 0.10315328836441 0.079569511115551 0.0596654340624809 0.0316179655492306 0.0235321912914515 0.0155315110459924 0.013818284496665 0.0106161246076226 0.00948776584118605 0.00623670686036348 0.00528666889294982 0.00452620815485716 0.00319824670441449 0.00280880462378263 0.00237842556089163 0.00191515951883048 0.00164943002164364 0.00147665839176625 0.00117835332639515 0.00101779284887016 0.000809590041171759 0.000717183924280107 0.000557798310182989 0.000453224201919511
0.10531360656023 0.119797579944134 0.129094704985619 0.133867919445038 0.138958588242531 0.138430640101433 0.124202571809292 0.140572220087051 0.144197598099709 0.144289016723633 0.146649375557899 0.148851215839386 0.161645323038101 0.179119780659676 0.171531200408936 0.147609308362007 0.123476803302765 0.133291557431221 0.122219070792198 0.116822078824043 0.0787873044610023 0.071294903755188 0.0644905045628548 0.0536450296640396 0.0284937378019094 0.0191762708127499 0.0159220397472382 0.0127192074432969 0.00951833184808493 0.00716488808393478 0.00602403562515974 0.00477899936959147 0.00396516406908631 0.00289198569953442 0.00278276088647544 0.00221557426266372 0.00191886606626213 0.00155076279770583 0.00135318795219064 0.00106866634450853 0.000928163644857705 0.000746339850593358 0.000644418469164521 0.000449591054348275 0.000395211362047121
0.110868237912655 0.11510743200779 0.122158959507942 0.112530574202538 0.13006879389286 0.123796008527279 0.131164908409119 0.127266705036163 0.129116550087929 0.128147125244141 0.151817962527275 0.164953753352165 0.155996829271317 0.143388032913208 0.123753376305103 0.116160124540329 0.0948355048894882 0.0945657044649124 0.0884175598621368 0.0945713520050049 0.0709231048822403 0.0380305983126163 0.0315487682819366 0.0259990431368351 0.0214770846068859 0.0162065513432026 0.0140718324109912 0.0129332533106208 0.00955627858638763 0.00725841941311955 0.00610603718087077 0.00486745126545429 0.00418438529595733 0.00333578186109662 0.00277373683638871 0.0022685993462801 0.0017410070868209 0.0015321453101933 0.00122084200847894 0.00104618514887989 0.00082518020644784 0.000717902963515371 0.000563616107683629 0.000455092522315681 0.000356811709934846
0.120225585997105 0.115419909358025 0.117457464337349 0.114533416926861 0.12259092181921 0.11249016970396 0.118718102574348 0.110189981758595 0.122580118477345 0.123830445110798 0.136194497346878 0.127429693937302 0.1190020814538 0.12024263292551 0.115778498351574 0.103368766605854 0.0880642756819725 0.0716180205345154 0.0792811065912247 0.0718078166246414 0.0609118975698948 0.0321280620992184 0.0255465973168612 0.0214286800473928 0.0192307140678167 0.0163582991808653 0.0128721660003066 0.0123584261164069 0.00876861903816462 0.00669364770874381 0.00545758567750454 0.00434619653970003 0.00331571907736361 0.00279859127476811 0.00239058025181293 0.00192065606825054 0.0015445847529918 0.00133606267627329 0.00106664258055389 0.000914876582100987 0.000649572699330747 0.000553572725038975 0.000451625935966149 0.000384798360755667 0.000305138091789559
0.107864409685135 0.110323585569859 0.108430936932564 0.102494560182095 0.102772980928421 0.102174431085587 0.0987207964062691 0.10646690428257 0.116054028272629 0.103267647325993 0.104189850389957 0.104743234813213 0.103791072964668 0.0933801382780075 0.10434590280056 0.103737398982048 0.0854144841432571 0.0640075951814651 0.0633364096283913 0.060700599104166 0.0325942374765873 0.0281996931880713 0.0242944676429033 0.0191147681325674 0.0182283855974674 0.0165431667119265 0.0122733721509576 0.0087202163413167 0.00720164412632585 0.00612324522808194 0.00429707765579224 0.00365086109377444 0.00291060889139771 0.0025197530630976 0.00214076694101095 0.00170235882978886 0.00147033506073058 0.00116384460125118 0.00101023295428604 0.000802807218860835 0.000638859055470675 0.000500233087223023 0.000436169590102509 0.0003350772021804 0.000294326426228508
0.0957652777433395 0.0972166880965233 0.101942226290703 0.0959239304065704 0.094614252448082 0.0909593626856804 0.0931450724601746 0.100553475320339 0.104932323098183 0.0996731296181679 0.109161280095577 0.0883153080940247 0.0786088928580284 0.0704733356833458 0.078519269824028 0.0791144371032715 0.0636147856712341 0.0601697079837322 0.037782721221447 0.0208057127892971 0.0184757877141237 0.0165184903889894 0.0137644838541746 0.0115369288250804 0.0091965040192008 0.0132087711244822 0.0107778860256076 0.00910929683595896 0.00727841118350625 0.00537552544847131 0.00412189401686192 0.00324262911453843 0.00309321423992515 0.00251621729694307 0.00217766314744949 0.00172074709553272 0.00148267147596925 0.00118030188605189 0.00102158251684159 0.000818235042970628 0.000643673993181437 0.000497553672175854 0.000432548724347726 0.000344636879162863 0.000266619608737528
