data/climate_estimation/maxent_output/Lilium_nanum.asc
NCOLS 226 
NROWS 37 
XLLCORNER 81.8333333333333 
YLLCORNER 26.8333333333333 
CELLSIZE 0.0833333333333333 
NODATA_value -3.4e+38 
[rows 0 to 19 of 37, columns 0 to 43 of 226]
0.656076848506927 0.895209014415741 0.939636170864105 0.930776536464691 0.94193708896637 0.92177677154541 0.925244688987732 0.900782883167267 0.927992522716522 0.731032192707062 0.601442337036133 0.797573566436768 0.847130358219147 0.878486216068268 0.917883992195129 0.918015658855438 0.922284543514252 0.918885231018066 0.948399424552917 0.946178555488586 0.921114385128021 0.885552048683167 0.843594074249268 0.82669597864151 0.746783912181854 0.699910879135132 0.707155644893646 0.673675835132599 0.625498414039612 0.560189962387085 0.608136892318726 0.484636098146439 0.367507040500641 0.369350701570511 0.455532431602478 0.494181931018829 0.373219668865204 0.304368436336517 0.32541424036026 0.392387360334396 0.525477826595306 0.440385788679123 0.335062146186829 0.320616275072098
0.54112297296524 0.412670820951462 0.604976058006287 0.774194717407227 0.890221357345581 0.919692635536194 0.915402293205261 0.925317645072937 0.913407385349274 0.911130726337433 0.751257181167603 0.614156723022461 0.796095907688141 0.852293074131012 0.909778356552124 0.918150961399078 0.935447156429291 0.924385368824005 0.931879043579102 0.942209362983704 0.941333532333374 0.918103516101837 0.880630135536194 0.814475417137146 0.827912211418152 0.757871389389038 0.738040745258331 0.686142385005951 0.64691162109375 0.604270458221436 0.701963901519775 0.662493705749512 0.536154210567474 0.330497324466705 0.44487589597702 0.539287686347961 0.510089218616486 0.396676152944565 0.415371775627136 0.546925365924835 0.533984005451202 0.512354075908661 0.392619729042053 0.351661175489426
0.463560521602631 0.548795402050018 0.562490820884705 0.763040840625763 0.924086928367615 0.925819396972656 0.926122069358826 0.914190888404846 0.903972327709198 0.905227541923523 0.923207342624664 0.784706234931946 0.67069286108017 0.687554359436035 0.781241834163666 0.880989611148834 0.91874748468399 0.931330442428589 0.934511005878448 0.950128436088562 0.931866407394409 0.920042097568512 0.904613971710205 0.857042789459229 0.813257277011871 0.807785928249359 0.792611241340637 0.768415629863739 0.700874328613281 0.638815760612488 0.611974537372589 0.732742667198181 0.536347389221191 0.431795626878738 0.386958867311478 0.576197504997253 0.596304178237915 0.469136595726013 0.51087087392807 0.5604048371315 0.526561081409454 0.495323061943054 0.459193646907806 0.496490806341171
0.310828000307083 0.440042704343796 0.647382974624634 0.68081796169281 0.84560215473175 0.766668081283569 0.873869955539703 0.813920617103577 0.87586122751236 0.907306253910065 0.900358140468597 0.917248606681824 0.92428070306778 0.914850413799286 0.841300368309021 0.811314284801483 0.835791945457458 0.864300787448883 0.92426335811615 0.9521564245224 0.939084410667419 0.927515089511871 0.910102546215057 0.84483128786087 0.801968812942505 0.858380913734436 0.821695983409882 0.7948077917099 0.755067884922028 0.718015134334564 0.666156351566315 0.768132090568542 0.72622013092041 0.688230752944946 0.638800859451294 0.555424451828003 0.617353677749634 0.609952390193939 0.580911934375763 0.573152720928192 0.688976347446442 0.674072861671448 0.598534047603607 0.544755220413208
0.647507727146149 0.795859754085541 0.898754358291626 0.657841444015503 0.604853272438049 0.798165678977966 0.77818375825882 0.849019408226013 0.877921342849731 0.833550453186035 0.874736487865448 0.897385954856873 0.873454689979553 0.879805982112885 0.918976604938507 0.917167067527771 0.89752984046936 0.876295626163483 0.85262805223465 0.941163599491119 0.944070756435394 0.922237634658813 0.906358957290649 0.867484867572784 0.844741463661194 0.880296289920807 0.852674841880798 0.811303496360779 0.790582299232483 0.748658120632172 0.738304555416107 0.705853462219238 0.76429694890976 0.758687436580658 0.728948175907135 0.724241614341736 0.671423435211182 0.681613028049469 0.558480978012085 0.576479077339172 0.726047515869141 0.743761956691742 0.653227925300598 0.618456959724426
0.612095475196838 0.728588223457336 0.798145055770874 0.766458332538605 0.770466685295105 0.856942594051361 0.868902206420898 0.900055706501007 0.893123209476471 0.850100040435791 0.887647390365601 0.86725127696991 0.853553831577301 0.886906802654266 0.876947164535522 0.85058581829071 0.914550423622131 0.918763816356659 0.868702828884125 0.858542740345001 0.932955801486969 0.925812900066376 0.857195436954498 0.882824003696442 0.804571628570557 0.85980623960495 0.882867455482483 0.82587331533432 0.770071983337402 0.76694917678833 0.751002371311188 0.737319648265839 0.829444110393524 0.769779741764069 0.714445769786835 0.663908779621124 0.700422167778015 0.755983829498291 0.713538229465485 0.699350297451019 0.664300858974457 0.812864184379578 0.584150075912476 0.619775533676147
0.757971346378326 0.803358554840088 0.8274285197258 0.784252941608429 0.79272049665451 0.76689225435257 0.835310280323029 0.884309709072113 0.891098916530609 0.855025112628937 0.848788261413574 0.884057581424713 0.87894332408905 0.87719851732254 0.912445068359375 0.910636067390442 0.900277376174927 0.910362362861633 0.904428601264954 0.868904054164886 0.877852439880371 0.908948361873627 0.836033880710602 0.740496635437012 0.782706677913666 0.859646141529083 0.890296339988708 0.875348806381226 0.827174842357635 0.745148241519928 0.763478636741638 0.774228096008301 0.851440787315369 0.810454308986664 0.812164187431335 0.792460322380066 0.77946937084198 0.800584137439728 0.762962162494659 0.706927537918091 0.861310005187988 0.898298978805542 0.82293027639389 0.810716807842255
0.683650970458984 0.740124940872192 0.828244090080261 0.685815811157227 0.723223507404327 0.79547506570816 0.698851406574249 0.841727554798126 0.87653261423111 0.885376811027527 0.875396251678467 0.864128768444061 0.876228511333466 0.894939780235291 0.899546146392822 0.899438500404358 0.893747985363007 0.904207408428192 0.885338008403778 0.849500238895416 0.792841136455536 0.877204060554504 0.842910051345825 0.709483325481415 0.876680850982666 0.853341221809387 0.897938966751099 0.885682284832001 0.817198634147644 0.842927694320679 0.8323934674263 0.807628452777863 0.794603526592255 0.86839634180069 0.836984574794769 0.827733755111694 0.813203990459442 0.796629071235657 0.759004294872284 0.783900558948517 0.773296594619751 0.797575712203979 0.836153209209442 0.78297883272171
0.723872184753418 0.720482409000397 0.724645793437958 0.695039570331573 0.806396007537842 0.724421799182892 0.738811433315277 0.791350424289703 0.879240572452545 0.854491412639618 0.853911280632019 0.872499465942383 0.878548502922058 0.84893923997879 0.871020436286926 0.891596615314484 0.894552230834961 0.894308567047119 0.885703980922699 0.866369783878326 0.840314984321594 0.816566288471222 0.760069251060486 0.792823672294617 0.912057101726532 0.680709838867188 0.780975162982941 0.903052806854248 0.777057886123657 0.804104328155518 0.856321930885315 0.840730607509613 0.823615610599518 0.8987175822258 0.884342908859253 0.87093460559845 0.862429916858673 0.855429708957672 0.846877992153168 0.771603226661682 0.758049368858337 0.898627042770386 0.820459723472595 0.824751734733582
0.767062425613403 0.77930212020874 0.714588582515717 0.805146813392639 0.868302226066589 0.858675479888916 0.790762007236481 0.701704740524292 0.693323791027069 0.727705001831055 0.867946445941925 0.871545314788818 0.756269037723541 0.860224425792694 0.870934128761292 0.894474625587463 0.896127998828888 0.86494654417038 0.891735315322876 0.887247860431671 0.872520446777344 0.822876691818237 0.735078871250153 0.77975070476532 0.854913115501404 0.579382181167603 0.760181128978729 0.909904599189758 0.888494670391083 0.884316980838776 0.870919585227966 0.844207525253296 0.90425717830658 0.882008373737335 0.891148447990417 0.765434086322784 0.81719970703125 0.872993171215057 0.871302425861359 0.876404821872711 0.867111384868622 0.651120185852051 0.847258806228638 0.838865280151367
0.796940386295319 0.779637396335602 0.81209796667099 0.842563152313232 0.745486736297607 0.71582156419754 0.813581347465515 0.700052917003632 0.598282277584076 0.666102945804596 0.561871230602264 0.5030876994133 0.685797214508057 0.839731693267822 0.889194965362549 0.854221522808075 0.886619925498962 0.875552296638489 0.884527981281281 0.882505059242249 0.878439784049988 0.791917860507965 0.794959545135498 0.883404314517975 0.578676402568817 0.496537923812866 0.846464276313782 0.903480648994446 0.855765044689178 0.85954886674881 0.871441066265106 0.877840280532837 0.846718490123749 0.89429372549057 0.912863969802856 0.853038728237152 0.792119085788727 0.794557988643646 0.76999694108963 0.838074207305908 0.829186737537384 0.767079412937164 0.918413400650024 0.864819347858429
0.699329495429993 0.605438947677612 0.789479494094849 0.63188773393631 0.55362731218338 0.450194597244263 0.726358950138092 0.692097127437592 0.50685065984726 0.528683185577393 0.573660373687744 0.579208374023438 0.351903438568115 0.747699201107025 0.852134227752686 0.857494294643402 0.885165810585022 0.857627272605896 0.88946396112442 0.873493134975433 0.865783035755157 0.863552689552307 0.873308598995209 0.78744250535965 0.479746907949448 0.763732731342316 0.902418255805969 0.894849300384521 0.900774955749512 0.879038870334625 0.8431596159935 0.803671956062317 0.835310578346252 0.912465274333954 0.930785298347473 0.920835256576538 0.876585185527802 0.749556064605713 0.71580970287323 0.778627872467041 0.832771956920624 0.812454223632812 0.74359917640686 0.882134437561035
0.502948999404907 0.436856359243393 0.462887078523636 0.436555653810501 0.491681456565857 0.371735870838165 0.564616143703461 0.339024156332016 0.586460590362549 0.853925824165344 0.865631222724915 0.804811060428619 0.732620179653168 0.592630565166473 0.703381180763245 0.824094831943512 0.831064283847809 0.836912155151367 0.868037581443787 0.835270762443542 0.810951471328735 0.904672086238861 0.86129492521286 0.341297805309296 0.814752995967865 0.917705357074738 0.917810916900635 0.753065347671509 0.81947910785675 0.815969288349152 0.682001054286957 0.800430834293365 0.810459971427917 0.885550618171692 0.920669436454773 0.895324289798737 0.889830470085144 0.878397881984711 0.87932676076889 0.937143206596375 0.895116686820984 0.949671506881714 0.775711596012115 0.873850047588348
0.342641562223434 0.286661207675934 0.242728963494301 0.243511527776718 0.349438160657883 0.225448727607727 0.24817718565464 0.550448715686798 0.676025390625 0.742093145847321 0.647829413414001 0.838482201099396 0.793923258781433 0.851320028305054 0.843753099441528 0.787651777267456 0.784002423286438 0.863340139389038 0.80055046081543 0.819532334804535 0.845536231994629 0.914952158927917 0.45531690120697 0.53076559305191 0.913690865039825 0.864998936653137 0.873655259609222 0.928540647029877 0.929693937301636 0.929756224155426 0.885690152645111 0.637118518352509 0.902998268604279 0.928329229354858 0.969454407691956 0.976134657859802 0.941574573516846 0.961696922779083 0.915174841880798 0.634718537330627 0.84357351064682 0.976166725158691 0.786398947238922 0.862982988357544
0.333146303892136 0.240671917796135 0.206520959734917 0.256107836961746 0.184707760810852 0.204293832182884 0.405101150274277 0.362080127000809 0.597062408924103 0.667760252952576 0.580484390258789 0.636404275894165 0.591222882270813 0.686855554580688 0.838207960128784 0.854660332202911 0.799335777759552 0.445590436458588 0.306754618883133 0.635154604911804 0.837672829627991 0.560997724533081 0.861962914466858 0.900038480758667 0.898701250553131 0.918323874473572 0.913504540920258 0.94265204668045 0.899109184741974 0.940515100955963 0.896291732788086 0.927126228809357 0.890483021736145 0.938457608222961 0.937562704086304 0.916940331459045 0.981802344322205 0.955322563648224 0.875054657459259 0.732526481151581 0.891061127185822 0.983448624610901 0.83179372549057 0.591511368751526
0.297316253185272 0.231327712535858 0.163755625486374 0.176151558756828 0.138957738876343 0.199102014303207 0.224507451057434 0.232816115021706 0.321686536073685 0.367394626140594 0.512754738330841 0.509270071983337 0.490628123283386 0.573028206825256 0.697683811187744 0.813349008560181 0.745651721954346 0.778257489204407 0.83490377664566 0.874501585960388 0.846210777759552 0.579393148422241 0.785957932472229 0.884991645812988 0.728356003761292 0.793813824653625 0.909969687461853 0.835352838039398 0.895390629768372 0.947383403778076 0.904833912849426 0.883821070194244 0.945126831531525 0.925353586673737 0.942930817604065 0.985450267791748 0.899396181106567 0.985122442245483 0.912355065345764 0.965593218803406 0.945073425769806 0.986293435096741 0.689143478870392 0.652571618556976
0.32446214556694 0.222602814435959 0.173382326960564 0.233002290129662 0.207581326365471 0.222425356507301 0.339544981718063 0.404049009084702 0.483740270137787 0.494355916976929 0.525077521800995 0.627780675888062 0.554176807403564 0.628932654857635 0.730260848999023 0.680785059928894 0.622642815113068 0.557809114456177 0.489837288856506 0.591647207736969 0.681199669837952 0.636337578296661 0.73386561870575 0.852969944477081 0.915757894515991 0.914035677909851 0.915209412574768 0.61317652463913 0.924432098865509 0.90432208776474 0.807495594024658 0.950477838516235 0.798921823501587 0.955965220928192 0.923259317874908 0.886756777763367 0.936785280704498 0.947510778903961 0.941832482814789 0.977228343486786 0.988807618618011 0.942712903022766 0.86432558298111 0.94310474395752
0.182320088148117 0.237136229872704 0.212646827101707 0.253373235464096 0.265419006347656 0.251760721206665 0.38110363483429 0.402932435274124 0.408192247152328 0.579829514026642 0.640112817287445 0.641600549221039 0.699426829814911 0.668940961360931 0.640644311904907 0.626569926738739 0.631154298782349 0.595205664634705 0.471090346574783 0.570995390415192 0.604180872440338 0.570892930030823 0.761363327503204 0.859033942222595 0.772868394851685 0.877338349819183 0.818912267684937 0.896060466766357 0.92504745721817 0.916098654270172 0.774766266345978 0.898066103458405 0.910415053367615 0.534284234046936 0.849591970443726 0.931698441505432 0.728627324104309 0.85992693901062 0.949424982070923 0.966768383979797 0.95758581161499 0.991078674793243 0.992414236068726 0.991260051727295
0.176725342869759 0.294796973466873 0.31634134054184 0.241355717182159 0.227760404348373 0.260850697755814 0.511164546012878 0.487581104040146 0.364827573299408 0.420827358961105 0.563128054141998 0.458200186491013 0.561607003211975 0.652781546115875 0.540239751338959 0.502759277820587 0.542212665081024 0.628861784934998 0.564030885696411 0.482103884220123 0.340783685445786 0.657269835472107 0.756617367267609 0.805039703845978 0.78320699930191 0.774584114551544 0.792963564395905 0.736850321292877 0.800003707408905 0.807302713394165 0.595546185970306 0.741351187229156 0.887023568153381 0.909097850322723 0.884320139884949 0.928901851177216 0.718280911445618 0.860839605331421 0.945341050624847 0.899735033512115 0.969507932662964 0.958771407604218 0.945460975170135 0.970792293548584
0.104544952511787 0.0954408645629883 0.23553092777729 0.246059775352478 0.238913208246231 0.254305392503738 0.329950869083405 0.307020932435989 0.338354498147964 0.328211158514023 0.346020221710205 0.328516662120819 0.590488493442535 0.601727724075317 0.623480677604675 0.470286458730698 0.493284910917282 0.665105938911438 0.7245232462883 0.710932731628418 0.511476039886475 0.388131886720657 0.645633518695831 0.697360634803772 0.375757813453674 0.287323743104935 0.49207392334938 0.614368557929993 0.580374360084534 0.421675175428391 0.257033050060272 0.574677407741547 0.749529719352722 0.88512259721756 0.881092727184296 0.85706502199173 0.532568752765656 0.867397248744965 0.937141716480255 0.943159103393555 0.97633421421051 0.948342144489288 0.926257431507111 0.975830674171448
