data/climate_estimation/maxent_output/Lilium_superbum.asc
NCOLS 264 
NROWS 157 
XLLCORNER -91.6666666666667 
YLLCORNER 30.25 
CELLSIZE 0.0833333333333333 
NODATA_value -3.4e+38 
[rows 84 to 104 of 157, columns 96 to 143 of 264]
0.599488496780396 0.581743061542511 0.574409782886505 0.556498289108276 0.556981265544891 0.555618464946747 0.51472681760788 0.557162463665009 0.557153344154358 0.553866147994995 0.561672270298004 0.590350747108459 0.586788475513458 0.588160812854767 0.602903723716736 0.658176183700562 0.674915850162506 0.739320814609528 0.796099245548248 0.822282314300537 0.836216032505035 0.834110796451569 0.831467926502228 0.713676691055298 0.799997448921204 0.828955471515656 0.829245686531067 0.854613959789276 0.798822164535522 0.796395719051361 0.774374604225159 0.762466490268707 0.770565330982208 0.757987856864929 0.74536269903183 0.742275059223175 0.738281190395355 0.735016644001007 0.74046403169632 0.749838531017303 0.744590103626251 0.735921084880829 0.729372978210449 0.735471367835999 0.741428196430206 0.734747290611267 0.734917402267456 0.701742470264435
0.54003244638443 0.566700398921967 0.558111488819122 0.564805507659912 0.569194734096527 0.518873870372772 0.510934829711914 0.505950927734375 0.513770222663879 0.514730095863342 0.535329103469849 0.535319209098816 0.53445291519165 0.589527249336243 0.641660451889038 0.75408262014389 0.75458174943924 0.79562109708786 0.793300986289978 0.793294012546539 0.79042249917984 0.700450837612152 0.833087801933289 0.802396655082703 0.820690393447876 0.853871941566467 0.849282681941986 0.803777456283569 0.778644025325775 0.763605892658234 0.755221009254456 0.746198058128357 0.751037418842316 0.75118750333786 0.750596582889557 0.741046726703644 0.734997570514679 0.728462338447571 0.724686503410339 0.730807244777679 0.729273319244385 0.726129829883575 0.728210091590881 0.72820520401001 0.730906844139099 0.728206098079681 0.701099097728729 0.70048189163208
0.555445492267609 0.56176632642746 0.566865086555481 0.56832355260849 0.515415489673615 0.504677414894104 0.504674792289734 0.509057104587555 0.51973557472229 0.5257967710495 0.52517557144165 0.570462465286255 0.646920382976532 0.712666511535645 0.709050059318542 0.757333517074585 0.757719278335571 0.78966611623764 0.633774161338806 0.653534114360809 0.742850065231323 0.668740034103394 0.734000384807587 0.846123814582825 0.854029417037964 0.826445281505585 0.791100859642029 0.767025887966156 0.75504469871521 0.755639791488647 0.765542566776276 0.773654222488403 0.765282690525055 0.753766536712646 0.74426931142807 0.72996860742569 0.717242956161499 0.70723694562912 0.703311204910278 0.710793077945709 0.714416265487671 0.715464055538177 0.722675979137421 0.720733642578125 0.720898151397705 0.699995517730713 0.696525752544403 0.67319256067276
0.56350564956665 0.564671337604523 0.572003722190857 0.556313693523407 0.5038121342659 0.504059135913849 0.511862337589264 0.516866505146027 0.516615569591522 0.514952957630157 0.584650635719299 0.754701972007751 0.758229315280914 0.754553854465485 0.773255467414856 0.794121265411377 0.792428612709045 0.83860319852829 0.800700128078461 0.760659158229828 0.761374115943909 0.796831548213959 0.843717634677887 0.797571778297424 0.794257938861847 0.791084110736847 0.762467622756958 0.759293675422668 0.779452860355377 0.782731711864471 0.795894861221313 0.781396746635437 0.755458176136017 0.746867656707764 0.729788839817047 0.727927446365356 0.713268458843231 0.700551927089691 0.701252937316895 0.694919109344482 0.69036066532135 0.70370215177536 0.709055125713348 0.707266211509705 0.682518184185028 0.692389249801636 0.669208407402039 0.669218838214874
0.556354403495789 0.559131741523743 0.556685745716095 0.512302696704865 0.533748686313629 0.515994012355804 0.515989601612091 0.534000933170319 0.549688696861267 0.588659882545471 0.705974161624908 0.656625151634216 0.777197241783142 0.758715629577637 0.743911921977997 0.794126570224762 0.839299321174622 0.842899322509766 0.839600324630737 0.816350698471069 0.822843015193939 0.838198184967041 0.824432551860809 0.781504809856415 0.754405558109283 0.751362204551697 0.766287684440613 0.781529545783997 0.772014021873474 0.754313707351685 0.759001791477203 0.753107786178589 0.751783668994904 0.737106680870056 0.726016700267792 0.713260769844055 0.706599175930023 0.696506440639496 0.691979229450226 0.680442214012146 0.623009860515594 0.625357747077942 0.620695352554321 0.63506954908371 0.668729424476624 0.654402256011963 0.667716801166534 0.669008255004883
0.562847077846527 0.561421155929565 0.565493762493134 0.586012661457062 0.612468004226685 0.525165736675262 0.610546231269836 0.549068808555603 0.656098008155823 0.647029638290405 0.58973491191864 0.697625696659088 0.744587361812592 0.792213320732117 0.792782664299011 0.81481146812439 0.790590345859528 0.82451456785202 0.822860896587372 0.851223230361938 0.846912443637848 0.838017225265503 0.767044067382812 0.746971726417542 0.742462933063507 0.742547571659088 0.757024824619293 0.750336825847626 0.752976596355438 0.744934260845184 0.750738203525543 0.74685263633728 0.732501685619354 0.722676038742065 0.716069042682648 0.710053324699402 0.702575087547302 0.69651186466217 0.68378359079361 0.676828265190125 0.615517735481262 0.606652975082397 0.616851508617401 0.637190401554108 0.644210398197174 0.657287120819092 0.621089935302734 0.631507635116577
0.595931053161621 0.583357453346252 0.596288561820984 0.609392464160919 0.611915171146393 0.66850745677948 0.676631093025208 0.737525403499603 0.775641322135925 0.756200075149536 0.751451253890991 0.610016167163849 0.611412227153778 0.673585295677185 0.78850120306015 0.746198117733002 0.634357213973999 0.798566102981567 0.854479253292084 0.798977792263031 0.821179807186127 0.765240848064423 0.747600138187408 0.740576267242432 0.740726292133331 0.742797195911407 0.741402149200439 0.736209034919739 0.737938940525055 0.736377656459808 0.707943558692932 0.733572721481323 0.712393939495087 0.701648473739624 0.716073989868164 0.709257662296295 0.696332454681396 0.693087100982666 0.688549041748047 0.680331528186798 0.612496614456177 0.610001504421234 0.630995810031891 0.606506049633026 0.643710851669312 0.610423803329468 0.623964726924896 0.627955377101898
0.708934426307678 0.696794867515564 0.758431911468506 0.759813070297241 0.695845723152161 0.648611664772034 0.77721232175827 0.737511217594147 0.785424470901489 0.802690923213959 0.751432836055756 0.658199369907379 0.648126840591431 0.731417179107666 0.825677096843719 0.736788511276245 0.674879908561707 0.835981845855713 0.832478404045105 0.771457076072693 0.765726983547211 0.753956258296967 0.748380541801453 0.74542897939682 0.760094344615936 0.758127570152283 0.744323790073395 0.716340601444244 0.7147576212883 0.708917438983917 0.704025149345398 0.702592194080353 0.700857698917389 0.697547316551208 0.712080717086792 0.706521332263947 0.695688426494598 0.692437171936035 0.685110807418823 0.651196539402008 0.650533199310303 0.62447452545166 0.668669760227203 0.647722005844116 0.601255476474762 0.617490768432617 0.634434163570404 0.58476048707962
0.810774981975555 0.796286821365356 0.610663712024689 0.685570180416107 0.694792985916138 0.696515023708344 0.785256326198578 0.816633701324463 0.783236622810364 0.812766253948212 0.80568128824234 0.723588049411774 0.70596843957901 0.729478061199188 0.808147728443146 0.837958872318268 0.84257560968399 0.799078345298767 0.780566215515137 0.780723035335541 0.774929463863373 0.76071572303772 0.780590832233429 0.819837749004364 0.785922884941101 0.754301369190216 0.744643330574036 0.712253451347351 0.703122496604919 0.704341411590576 0.711268246173859 0.703561842441559 0.696915507316589 0.693432986736298 0.690571486949921 0.709985196590424 0.703128099441528 0.69575709104538 0.669825792312622 0.660032272338867 0.662895023822784 0.64238041639328 0.651709318161011 0.611471712589264 0.607450187206268 0.629399836063385 0.590662062168121 0.584473848342896
0.741742312908173 0.706234455108643 0.755930781364441 0.793146252632141 0.810270369052887 0.758867144584656 0.696850001811981 0.814260363578796 0.780817925930023 0.801773190498352 0.801815867424011 0.728302240371704 0.758533596992493 0.776795923709869 0.813259065151215 0.843868851661682 0.845752120018005 0.822557926177979 0.800275683403015 0.779719650745392 0.766975224018097 0.769701719284058 0.775852918624878 0.778541743755341 0.768207132816315 0.750595569610596 0.741363406181335 0.711611449718475 0.668024837970734 0.705481290817261 0.707176268100739 0.698005318641663 0.65491247177124 0.689285457134247 0.687744438648224 0.684244811534882 0.676064789295197 0.673175036907196 0.673341035842896 0.670450568199158 0.653023660182953 0.654938697814941 0.619036138057709 0.620017886161804 0.578064382076263 0.590386092662811 0.590387046337128 0.543185532093048
0.782368302345276 0.769479334354401 0.77051842212677 0.760783135890961 0.804838418960571 0.791289567947388 0.682632267475128 0.806591928005219 0.813916325569153 0.818521022796631 0.828745603561401 0.836462676525116 0.837932169437408 0.78314483165741 0.79954981803894 0.851843595504761 0.842392206192017 0.796876490116119 0.758572459220886 0.75595635175705 0.748665869235992 0.747271955013275 0.770770967006683 0.750403702259064 0.734827697277069 0.709759831428528 0.713988602161407 0.674543499946594 0.667354941368103 0.671654403209686 0.663566470146179 0.656832993030548 0.654257774353027 0.682429373264313 0.676040768623352 0.669646680355072 0.66610449552536 0.666275918483734 0.649296462535858 0.656375706195831 0.616798460483551 0.621047616004944 0.576192915439606 0.575546205043793 0.582692623138428 0.58721536397934 0.54613733291626 0.54574066400528
0.77892792224884 0.705220401287079 0.814850986003876 0.828465104103088 0.806490480899811 0.795367419719696 0.827346801757812 0.668820858001709 0.670693039894104 0.637890875339508 0.786261975765228 0.825623691082001 0.844425439834595 0.813443899154663 0.82913339138031 0.823868751525879 0.849314570426941 0.766216576099396 0.753308236598969 0.746135115623474 0.750533521175385 0.746625304222107 0.751004159450531 0.748226225376129 0.681060492992401 0.674534857273102 0.679051339626312 0.677137911319733 0.672065138816833 0.665525317192078 0.660908281803131 0.654329359531403 0.649877190589905 0.685292482376099 0.678908467292786 0.666258633136749 0.659831047058105 0.642168164253235 0.653013288974762 0.613235354423523 0.618143618106842 0.576557517051697 0.580406248569489 0.534421980381012 0.590473115444183 0.541669130325317 0.546096742153168 0.508762359619141
0.820883750915527 0.82138204574585 0.813718199729919 0.838394165039062 0.832158088684082 0.826678872108459 0.829554498195648 0.802607715129852 0.655266463756561 0.699506759643555 0.844701170921326 0.83262836933136 0.816710472106934 0.819887459278107 0.794230997562408 0.828765273094177 0.810224413871765 0.783818662166595 0.701850593090057 0.690441071987152 0.691465735435486 0.693133294582367 0.685623347759247 0.687136888504028 0.67858624458313 0.675508081912994 0.673587203025818 0.680216550827026 0.673692882061005 0.641665697097778 0.634926319122314 0.628189325332642 0.649210453033447 0.663438260555267 0.660662472248077 0.651520609855652 0.644605338573456 0.644583582878113 0.610927939414978 0.619409382343292 0.572654783725739 0.53505951166153 0.530951321125031 0.536952018737793 0.500116765499115 0.501051008701324 0.511258125305176 0.516216695308685
0.7765212059021 0.771442532539368 0.813656091690063 0.788655877113342 0.829264760017395 0.762781739234924 0.807883024215698 0.807394087314606 0.818607807159424 0.837184369564056 0.840221762657166 0.842730045318604 0.851343154907227 0.853738129138947 0.82838773727417 0.803071439266205 0.78244161605835 0.714726209640503 0.703081429004669 0.698724806308746 0.695824205875397 0.686057448387146 0.679738521575928 0.679654955863953 0.673582315444946 0.675121366977692 0.675220131874084 0.681837737560272 0.655655562877655 0.642458200454712 0.672166705131531 0.661232709884644 0.65959906578064 0.661525785923004 0.659890353679657 0.660841166973114 0.614584863185883 0.607673108577728 0.570667088031769 0.571031033992767 0.57030576467514 0.532784938812256 0.5261110663414 0.488428980112076 0.489341586828232 0.493608236312866 0.465104430913925 0.473778158426285
0.765551865100861 0.779656171798706 0.804374277591705 0.798988223075867 0.808583676815033 0.718002140522003 0.744839668273926 0.769423305988312 0.816004276275635 0.833023011684418 0.838477432727814 0.847406327724457 0.850387990474701 0.791904807090759 0.750590920448303 0.754159271717072 0.739817082881927 0.711006760597229 0.700773417949677 0.691357016563416 0.69237607717514 0.684439122676849 0.689592003822327 0.68290388584137 0.674735605716705 0.671646893024445 0.653698265552521 0.652254700660706 0.650625288486481 0.63331264257431 0.626905679702759 0.62049525976181 0.619080364704132 0.612892031669617 0.614596784114838 0.620837926864624 0.613913536071777 0.571684181690216 0.574491262435913 0.534033954143524 0.53400182723999 0.487836122512817 0.48781144618988 0.446835696697235 0.446811884641647 0.455328226089478 0.464525043964386 0.433758169412613
0.785866022109985 0.71926361322403 0.766923725605011 0.77491283416748 0.761377453804016 0.773696541786194 0.80568391084671 0.802487790584564 0.803754389286041 0.802068710327148 0.826961874961853 0.80469411611557 0.731909990310669 0.722516655921936 0.720933794975281 0.71213972568512 0.704905092716217 0.698622107505798 0.695569455623627 0.688284397125244 0.689009487628937 0.680685997009277 0.68270343542099 0.674523115158081 0.676359593868256 0.648652672767639 0.642755746841431 0.645780384540558 0.639276623725891 0.634293258190155 0.629530668258667 0.623558223247528 0.578938007354736 0.573038995265961 0.57757979631424 0.57859605550766 0.577185034751892 0.580661833286285 0.539665639400482 0.539390683174133 0.497927784919739 0.493878901004791 0.448532402515411 0.450008571147919 0.416491866111755 0.419305443763733 0.427497357130051 0.393082350492477
0.785119354724884 0.781148433685303 0.776320099830627 0.772777199745178 0.799354672431946 0.809599459171295 0.820514261722565 0.792761623859406 0.757545471191406 0.742345631122589 0.748480975627899 0.73957234621048 0.734444200992584 0.715300261974335 0.695064842700958 0.693059206008911 0.675680875778198 0.667718172073364 0.660197556018829 0.658172607421875 0.655286908149719 0.652001440525055 0.650168895721436 0.643866240978241 0.642226934432983 0.639146864414215 0.594292342662811 0.595236778259277 0.633012354373932 0.633024871349335 0.584728002548218 0.582695126533508 0.577006816864014 0.573764324188232 0.574038505554199 0.534426629543304 0.542278110980988 0.542242765426636 0.545427024364471 0.503762722015381 0.496095508337021 0.453849792480469 0.418421059846878 0.42149829864502 0.424072265625 0.382405370473862 0.385610908269882 0.357531756162643
0.782813549041748 0.723239779472351 0.772303938865662 0.75725644826889 0.770777225494385 0.79243940114975 0.789745151996613 0.730824768543243 0.718082249164581 0.700319111347198 0.708907663822174 0.69884204864502 0.702453792095184 0.686396718025208 0.642257750034332 0.641928255558014 0.627884328365326 0.61873459815979 0.612654030323029 0.604701161384583 0.606953799724579 0.605744957923889 0.647344470024109 0.644056022167206 0.639394819736481 0.597347557544708 0.59084141254425 0.628158390522003 0.582558333873749 0.586109161376953 0.579784393310547 0.577509820461273 0.538452088832855 0.530695736408234 0.536970317363739 0.541759729385376 0.546827495098114 0.550257802009583 0.506883859634399 0.501938164234161 0.458828330039978 0.457682877779007 0.424059689044952 0.383436948060989 0.380809426307678 0.380558162927628 0.353233426809311 0.358533978462219
0.737625539302826 0.720655262470245 0.761799097061157 0.769675612449646 0.760970711708069 0.759737551212311 0.750251770019531 0.722703874111176 0.705510079860687 0.650542974472046 0.696064949035645 0.687991261482239 0.684949934482574 0.635073602199554 0.587979316711426 0.544658541679382 0.579867124557495 0.567408859729767 0.607545554637909 0.60147225856781 0.598414480686188 0.601858139038086 0.600219130516052 0.593936920166016 0.600605905056 0.628306865692139 0.575736284255981 0.577965557575226 0.584836065769196 0.585447013378143 0.538150370121002 0.532392621040344 0.533613860607147 0.532267689704895 0.49253636598587 0.49990525841713 0.509135365486145 0.503496110439301 0.509367823600769 0.467443019151688 0.462955474853516 0.420641303062439 0.381828010082245 0.383945852518082 0.377896785736084 0.347971707582474 0.349224209785461 0.321864455938339
0.691675364971161 0.734946370124817 0.734565734863281 0.711866438388824 0.70301765203476 0.67905193567276 0.672175049781799 0.662274956703186 0.654201209545135 0.636516213417053 0.63207596540451 0.62836092710495 0.625296235084534 0.585222005844116 0.578280925750732 0.536539554595947 0.568598985671997 0.568768084049225 0.6005979180336 0.595187902450562 0.595178186893463 0.593535900115967 0.591904520988464 0.590927243232727 0.625534951686859 0.575858473777771 0.531581997871399 0.537633001804352 0.534060955047607 0.536902129650116 0.53372049331665 0.490488171577454 0.484956234693527 0.490717500448227 0.495602548122406 0.502617001533508 0.509108245372772 0.465671092271805 0.467426508665085 0.465674430131912 0.427132993936539 0.423441380262375 0.382855743169785 0.344952493906021 0.345221847295761 0.312599986791611 0.314659029245377 0.317883521318436
0.679038107395172 0.680757462978363 0.722419679164886 0.708576798439026 0.615949332714081 0.603941261768341 0.607389390468597 0.654573559761047 0.597930371761322 0.581790804862976 0.579424977302551 0.578039705753326 0.572980105876923 0.576418697834015 0.5706507563591 0.571112036705017 0.560764193534851 0.559800386428833 0.601693034172058 0.594966053962708 0.588903248310089 0.588894069194794 0.589544177055359 0.57575511932373 0.571040034294128 0.569654762744904 0.525307834148407 0.521764397621155 0.527369201183319 0.533655524253845 0.489529937505722 0.483387172222137 0.44426891207695 0.449777096509933 0.458305805921555 0.508476614952087 0.467159807682037 0.468049556016922 0.426799923181534 0.425375878810883 0.426810264587402 0.390276402235031 0.348637938499451 0.346431314945221 0.313491314649582 0.3123579621315 0.28194123506546 0.284661829471588
