data/climate_estimation/maxent_output/Luzuriaga_polyphylla.asc
NCOLS 42 
NROWS 114 
XLLCORNER -74.1666666666667 
YLLCORNER -46.0833333333333 
CELLSIZE 0.0833333333333333 
NODATA_value -3.4e+38 
[rows 88 to 109 of 114, columns 0 to 41 of 42]
0.825873553752899 0.834607422351837 0.836769580841064 0.845540106296539 0.845024168491364 0.84581446647644 0.872288048267365 -3.4e+38 -3.4e+38 -3.4e+38 0.932938933372498 0.972568571567535 0.975194036960602 0.972966969013214 0.972930431365967 0.986672461032867 0.969543099403381 0.966974556446075 0.981671214103699 0.973745882511139 0.933104276657104 0.934530436992645 0.91680520772934 0.884342551231384 0.655798733234406 0.492166936397552 0.361063152551651 0.288926512002945 0.228792384266853 0.190383210778236 0.141864776611328 0.113921262323856 0.0926425382494926 0.0695464387536049 0.0520950853824615 0.0359072834253311 0.0293073952198029 0.0214900486171246 0.017336493358016 0.0161720141768456 0.0109734823927283 0.0101342089474201
0.811931252479553 -3.4e+38 0.81097537279129 0.819835245609283 0.83298397064209 0.855105936527252 0.861427307128906 0.86569756269455 -3.4e+38 -3.4e+38 0.91888952255249 0.954729676246643 0.96488094329834 0.987539172172546 0.992665588855743 0.98768162727356 0.988067269325256 0.986828863620758 0.962848722934723 0.960888564586639 0.942065060138702 0.932491719722748 0.904342889785767 0.860853016376495 0.659278273582458 0.577568113803864 0.425435245037079 0.347980558872223 0.212875381112099 0.172523975372314 0.144551336765289 0.111296586692333 0.0870689749717712 0.0661291480064392 0.0434999912977219 0.0348027609288692 0.0268547236919403 0.020597867667675 0.0166298002004623 0.0154152130708098 0.0113536324352026 0.00950169377028942
0.839691996574402 0.826508224010468 0.871461153030396 0.846942782402039 0.843687951564789 0.844852089881897 0.861802041530609 0.889273047447205 0.894860923290253 -3.4e+38 0.927999019622803 0.956434428691864 0.973690152168274 0.971339881420135 0.984464347362518 0.992237150669098 0.98944103717804 0.980501711368561 0.977655231952667 0.959013044834137 0.946149110794067 0.922688663005829 0.858664512634277 0.865229189395905 0.752017259597778 0.467630207538605 0.400281131267548 0.372211515903473 0.233157828450203 0.179639637470245 0.164983257651329 0.120621681213379 0.0937751457095146 0.0664205625653267 0.0519101843237877 0.0403893105685711 0.0302325077354908 0.0219566207379103 0.015989575535059 0.0143307019025087 0.0112421996891499 0.00761409197002649
0.80827534198761 0.854857325553894 0.864105105400085 0.849649608135223 0.852925658226013 0.855417490005493 0.86093008518219 0.876704156398773 -3.4e+38 -3.4e+38 0.915802419185638 0.956530034542084 0.966963648796082 0.97887110710144 0.989959001541138 0.989829897880554 0.985236048698425 0.977412283420563 0.973434925079346 0.947272837162018 0.941424489021301 0.90664941072464 0.869146645069122 0.788658499717712 0.662611782550812 0.567081332206726 0.492284715175629 0.488430052995682 0.327928572893143 0.25154247879982 0.180539712309837 0.122398063540459 0.0900386795401573 0.0736951157450676 0.0585895292460918 0.0449830442667007 0.0328225046396255 0.022717721760273 0.0175835732370615 0.0136699322611094 0.00918410997837782 0.00785436015576124
0.811062097549438 0.846213459968567 0.843080461025238 0.849930644035339 0.859135091304779 0.860995650291443 0.8735111951828 0.881694793701172 0.887986361980438 -3.4e+38 0.919120073318481 0.945447504520416 0.960078954696655 0.966502904891968 0.980928897857666 0.968828141689301 0.977493345737457 0.979113876819611 0.961234152317047 0.945866703987122 0.918293952941895 0.878720939159393 0.7646644115448 0.649641513824463 0.627960920333862 0.608617007732391 0.547826528549194 0.417446702718735 0.257853180170059 0.200271442532539 0.173805892467499 0.118332654237747 0.0934495329856873 0.0727108791470528 0.0531285852193832 0.0392255447804928 0.0263418238610029 0.0206555593758821 0.0160665046423674 0.0127201182767749 0.0106310183182359 0.00785782653838396
0.815211951732635 0.859709620475769 0.850976347923279 0.845800399780273 0.832913875579834 0.86506974697113 0.867291986942291 -3.4e+38 -3.4e+38 -3.4e+38 0.953550636768341 0.970368325710297 0.958489179611206 0.964605152606964 0.962921619415283 0.974654138088226 0.979982078075409 0.972840189933777 0.953477621078491 0.943513095378876 0.807154715061188 0.738171875476837 0.742768526077271 0.678680896759033 0.648458659648895 0.47556072473526 0.351046025753021 0.267266273498535 0.199018031358719 0.159826502203941 0.137193605303764 0.12309243530035 0.0936175212264061 0.06856369972229 0.0512490794062614 0.0344519391655922 0.0280151329934597 0.021866399794817 0.0186727270483971 0.0147629603743553 0.0101069593802094 0.00762686552479863
0.798147618770599 0.815459072589874 0.83637136220932 0.851061642169952 0.864529848098755 0.863865911960602 0.870371401309967 0.869658350944519 -3.4e+38 -3.4e+38 0.9340500831604 0.97356253862381 0.979497373104095 0.973255276679993 0.978513538837433 0.977332711219788 0.966657102108002 0.959392964839935 0.908438384532928 0.929986417293549 0.875569581985474 0.698915898799896 0.650293350219727 0.736165940761566 0.562686741352081 0.399804055690765 0.283044666051865 0.244310438632965 0.205768838524818 0.170390382409096 0.150162801146507 0.110769212245941 0.0829812064766884 0.0680931061506271 0.0557673722505569 0.0417810305953026 0.0288183763623238 0.0219204090535641 0.0177367050200701 0.0153331523761153 0.0111608160659671 0.00901779718697071
0.807382106781006 0.817068457603455 0.834106504917145 0.856413781642914 0.868984460830688 0.870432913303375 0.885294556617737 -3.4e+38 0.882529497146606 0.914621114730835 0.93505847454071 0.967950820922852 0.976579070091248 0.987566292285919 0.969183087348938 0.978524684906006 0.973728537559509 0.958891749382019 0.953169167041779 0.924987316131592 0.895956635475159 0.85696268081665 0.638493299484253 0.648146271705627 0.502074778079987 0.433001071214676 0.331147342920303 0.276778638362885 0.230090603232384 0.198837265372276 0.144632384181023 0.11140788346529 0.0937863513827324 0.0743274018168449 0.0574963018298149 0.0427830293774605 0.0371587350964546 0.0246973913162947 0.0193183850497007 0.014685396105051 0.0116940680891275 0.00935251917690039
0.804500579833984 0.847827076911926 0.841261029243469 0.843894481658936 0.874022662639618 0.915966928005219 0.887539505958557 -3.4e+38 0.904937148094177 0.931070029735565 0.963356077671051 0.968092918395996 0.973503351211548 0.971028208732605 0.966815769672394 0.968748986721039 0.974033176898956 0.897204697132111 0.939697563648224 0.893034100532532 0.880190134048462 0.873343586921692 0.851478576660156 0.573534786701202 0.578072369098663 0.408662229776382 0.357513725757599 0.304881930351257 0.252535998821259 0.218572080135345 0.17582231760025 0.130599856376648 0.0955045446753502 0.0679173842072487 0.0571836121380329 0.0359766557812691 0.0295508522540331 0.0255087912082672 0.0194423161447048 0.0166109651327133 0.0117004476487637 0.0101743703708053
0.78862601518631 0.825519919395447 0.817058384418488 0.854897439479828 0.84970486164093 0.892053127288818 0.882350504398346 0.867559790611267 0.905131280422211 0.948374629020691 0.962055444717407 0.97808313369751 0.982302784919739 0.981571137905121 0.975582599639893 0.964691519737244 0.926956057548523 0.918126046657562 0.930866479873657 0.913571834564209 0.894380450248718 0.852947056293488 0.837430477142334 0.797852098941803 0.726378262042999 0.54630434513092 0.444447100162506 0.288714945316315 0.216747879981995 0.184116661548615 0.134723275899887 0.0967957749962807 0.081772580742836 0.0519699901342392 0.0450028069317341 0.037524901330471 0.0295949317514896 0.0243352837860584 0.0211024321615696 0.0174583569169044 0.0126859256997705 0.0110759260132909
0.761800110340118 0.792964458465576 0.850566983222961 0.86127769947052 0.853131353855133 0.892525494098663 0.898579955101013 -3.4e+38 -3.4e+38 0.94493556022644 0.949235200881958 0.964674532413483 0.970305979251862 0.979266226291656 0.970852017402649 0.924907624721527 0.948730885982513 0.951598107814789 0.933197975158691 0.893998086452484 0.857380449771881 0.784254312515259 0.69381707906723 0.79235851764679 0.516846239566803 0.368669986724854 0.306117802858353 0.234701380133629 0.196145370602608 0.163191378116608 0.119919784367085 0.0982658192515373 0.0775652304291725 0.0517361126840115 0.0446466058492661 0.0388496443629265 0.0288196243345737 0.0264867544174194 0.021293044090271 0.0174487885087729 0.0175628270953894 0.0108426101505756
0.762045323848724 0.798405408859253 0.821955561637878 0.826505184173584 0.865996837615967 0.853867053985596 0.866315186023712 -3.4e+38 -3.4e+38 0.952315628528595 0.965193867683411 0.975476443767548 0.979722857475281 0.97062873840332 0.926033675670624 0.955012738704681 0.938926935195923 0.940778493881226 0.919459760189056 0.906126856803894 0.866202592849731 0.811463713645935 0.761156916618347 0.726789176464081 0.475245773792267 0.350315034389496 0.314771413803101 0.276625394821167 0.219757258892059 0.18597038090229 0.152814358472824 0.118811912834644 0.0831420198082924 0.0640568360686302 0.0551889576017857 0.0447540022432804 0.0315310284495354 0.0261183567345142 0.0225559789687395 0.0180532485246658 0.0161869414150715 0.011689362116158
0.739843249320984 0.766469120979309 0.823763251304626 0.840629935264587 0.872656643390656 0.852629542350769 0.842870771884918 0.879467666149139 0.885160148143768 0.941722989082336 0.959215223789215 0.958978652954102 0.954599916934967 0.961984097957611 0.950032293796539 0.948652505874634 0.911699593067169 0.920651316642761 0.890114188194275 0.886614799499512 0.885658740997314 0.845852971076965 0.831564903259277 0.810180604457855 0.732134938240051 0.421993523836136 0.296071290969849 0.250094532966614 0.171716123819351 0.131974428892136 0.112343735992908 0.102022960782051 0.0927742794156075 0.0714634954929352 0.0609751977026463 0.0489693805575371 0.0371140763163567 0.0300765037536621 0.0243777893483639 0.021519361063838 0.0175729058682919 0.0150527553632855
0.731019735336304 0.776611983776093 0.809141278266907 0.830837547779083 0.837343811988831 0.860609948635101 0.863476097583771 0.878527462482452 0.885504841804504 0.935448467731476 0.96523779630661 0.973586320877075 0.966779291629791 0.960825622081757 0.949124872684479 0.937488257884979 0.9029940366745 0.880990922451019 0.882839024066925 0.900047659873962 0.862650096416473 0.781673967838287 0.68889856338501 0.679921388626099 0.69511204957962 0.397193670272827 0.364174216985703 0.327304691076279 0.253613620996475 0.179205775260925 0.121157377958298 0.0989615470170975 0.0791452676057816 0.0651135295629501 0.0542353950440884 0.0496143586933613 0.0381184257566929 0.0321121513843536 0.0259528551250696 0.0213783737272024 0.0176668874919415 0.0147236324846745
0.724408686161041 0.749542593955994 0.798422038555145 0.833667099475861 0.850440502166748 0.872198402881622 -3.4e+38 0.890565991401672 0.897241473197937 0.951346039772034 0.94939523935318 0.956432282924652 0.927666425704956 0.958229720592499 0.959927797317505 0.94318675994873 0.914162933826447 0.893130362033844 0.887430131435394 0.864836871623993 0.811739861965179 0.728496491909027 0.71156907081604 0.701704442501068 0.732328653335571 0.457459658384323 0.324560672044754 0.30116006731987 0.219952076673508 0.197214543819427 0.157277390360832 0.115098156034946 0.0866824761033058 0.0735001564025879 0.0563840977847576 0.0457562170922756 0.0365174412727356 0.0320655219256878 0.0260237250477076 0.0218082256615162 0.016948476433754 0.0134845087304711
0.690898656845093 0.736607372760773 0.772164106369019 0.799517035484314 0.823833346366882 0.855113208293915 0.842624545097351 0.879404842853546 0.903469324111938 0.940989255905151 0.930357098579407 0.963459134101868 0.927563965320587 0.936271548271179 0.942846894264221 0.920318484306335 0.913051068782806 0.860183298587799 0.894085645675659 0.79895681142807 0.713441431522369 0.734118700027466 0.719385623931885 0.714259028434753 0.54642391204834 0.447500854730606 0.4009850025177 0.300849586725235 0.290704756975174 0.22796693444252 0.180410161614418 0.13332810997963 0.101833395659924 0.0756036415696144 0.0589253529906273 0.0492929555475712 0.0398442223668098 0.0318141244351864 0.0263981986790895 0.0201205536723137 0.0137714222073555 0.0111861238256097
0.68299263715744 0.71713387966156 0.744763314723969 0.796780824661255 0.820411562919617 0.837052881717682 0.852587640285492 0.903886675834656 0.889824628829956 0.940278351306915 0.9506955742836 0.944312512874603 0.948900759220123 0.938256740570068 0.911200761795044 0.901598930358887 0.89471709728241 0.889395236968994 0.877292513847351 0.828899741172791 0.787981629371643 0.806290209293365 0.705679059028625 0.65673691034317 0.5633544921875 0.413938641548157 0.246523961424828 0.259631901979446 0.255874693393707 0.219750821590424 0.176428064703941 0.139959171414375 0.100417517125607 0.0800199210643768 0.0598765537142754 0.050307247787714 0.0382504053413868 0.0313284136354923 0.0248132683336735 0.0200147051364183 0.0173057038336992 0.0148434713482857
0.659717679023743 0.706125617027283 0.755644559860229 0.768603444099426 0.784907758235931 0.828088641166687 0.878390252590179 0.885427951812744 0.915894031524658 0.927032232284546 0.949177920818329 0.92891001701355 0.937744796276093 0.929769992828369 0.909365355968475 0.889408707618713 0.894652545452118 0.886018574237823 0.866861164569855 0.874590277671814 0.862560868263245 0.740472316741943 0.553606927394867 0.448644131422043 0.405069619417191 0.52367377281189 0.397415399551392 0.264713197946548 0.180712252855301 0.127756923437119 0.120724275708199 0.118259198963642 0.0971905514597893 0.0709878951311111 0.0581170655786991 0.0451310090720654 0.0374126322567463 0.028447087854147 0.023781031370163 0.0198444128036499 0.0167038720101118 0.0143102072179317
0.63447242975235 0.693782925605774 0.732999622821808 0.752291560173035 0.756810486316681 0.817612409591675 0.840071618556976 0.860197722911835 0.882785797119141 0.906850516796112 0.920941472053528 0.924616038799286 0.92490553855896 0.921518564224243 0.914989352226257 0.883676767349243 0.892358541488647 0.888009965419769 0.882640838623047 0.850200831890106 0.856765806674957 0.822144269943237 0.69272655248642 0.644578397274017 0.477886170148849 0.502397894859314 0.339459210634232 0.22911636531353 0.19453065097332 0.184394791722298 0.15396648645401 0.111331194639206 0.0896001309156418 0.0739874690771103 0.0557702332735062 0.047868762165308 0.0368952043354511 0.0299816224724054 0.0242553148418665 0.0203706678003073 0.0162310339510441 0.01276829931885
0.637036621570587 0.668229103088379 0.705729782581329 0.742459177970886 0.773719727993011 0.80978786945343 0.841727077960968 0.851058125495911 0.867592573165894 0.901215612888336 0.9106684923172 0.912589311599731 0.914541900157928 0.88299685716629 0.896491885185242 0.853576242923737 0.852868437767029 0.859576284885406 0.863395094871521 0.844897031784058 0.764948785305023 0.704913973808289 0.533896148204803 0.523196280002594 0.551821708679199 0.420180559158325 0.312936127185822 0.326939880847931 0.241794675588608 0.190335735678673 0.142695754766464 0.116016238927841 0.0952632501721382 0.0740552023053169 0.0611357688903809 0.0451862253248692 0.0349418856203556 0.0301827993243933 0.0249788761138916 0.0208606477826834 0.0131766125559807 0.0123628908768296
0.620482921600342 0.668248653411865 0.684952318668365 0.713871657848358 0.736940860748291 0.783195912837982 0.804804086685181 0.854417264461517 0.846632778644562 0.883082568645477 0.901714622974396 0.896032691001892 0.884615242481232 0.875468075275421 0.863359272480011 0.835546314716339 0.85099059343338 0.810369431972504 0.840540409088135 0.841416656970978 0.834838569164276 0.617747962474823 0.539713323116302 0.623256087303162 0.553857207298279 0.389785677194595 0.313438713550568 0.293059140443802 0.219596609473228 0.181354641914368 0.139832645654678 0.106089480221272 0.0804396942257881 0.0664181113243103 0.049366157501936 0.0401915870606899 0.0336849316954613 0.0297378860414028 0.0234134085476398 0.017671562731266 0.0153988040983677 0.00989919248968363
0.584261178970337 0.637111008167267 0.661873161792755 0.701975703239441 0.751473426818848 0.762133479118347 0.792439997196198 0.817269206047058 0.836100220680237 0.875385761260986 0.875691771507263 0.874027073383331 0.852286875247955 0.858988404273987 0.842940330505371 0.829331517219543 0.790836453437805 0.76591032743454 0.772656500339508 0.799342632293701 0.661396503448486 0.628961622714996 0.58866685628891 0.584535241127014 0.527134835720062 0.379305362701416 0.273177087306976 0.259516030550003 0.166859716176987 0.126955986022949 0.097187265753746 0.0805769115686417 0.064745806157589 0.0580027997493744 0.0505901016294956 0.0383814945816994 0.0328003540635109 0.0262434091418982 0.0199013464152813 0.0161295756697655 0.0121308229863644 0.00874173268675804
