data/climate_estimation/maxent_output/Luzuriaga_radicans.asc
NCOLS 35 
NROWS 142 
XLLCORNER -74.25 
YLLCORNER -45.75 
CELLSIZE 0.0833333333333335 
NODATA_value -3.4e+38 
[rows 54 to 80 of 142, columns 0 to 34 of 35]
-3.4e+38 -3.4e+38 -3.4e+38 -3.4e+38 -3.4e+38 -3.4e+38 -3.4e+38 -3.4e+38 0.63829106092453 0.809710025787354 0.90619295835495 0.904768049716949 0.938385844230652 0.941179811954498 0.763563454151154 0.401325017213821 0.262233257293701 0.344389766454697 0.296790540218353 0.449245393276215 0.50149393081665 0.619172036647797 0.668586015701294 0.627354919910431 0.636760711669922 0.616681396961212 0.596584677696228 0.545387923717499 0.490252554416656 0.502789497375488 0.643284559249878 0.673643231391907 0.73540335893631 0.701556265354156 0.457979649305344
-3.4e+38 -3.4e+38 -3.4e+38 -3.4e+38 -3.4e+38 -3.4e+38 -3.4e+38 -3.4e+38 0.552155554294586 0.812004745006561 0.934517204761505 0.942546725273132 0.94950920343399 0.966094672679901 0.91848224401474 0.477910310029984 0.196631610393524 0.218862354755402 0.355007022619247 0.875342607498169 0.608913004398346 0.698692917823792 0.727509498596191 0.677900612354279 0.62479966878891 0.635085463523865 0.630309581756592 0.736737549304962 0.801260888576508 0.58470743894577 0.714264273643494 0.842891812324524 0.787373602390289 0.625923037528992 0.622710168361664
-3.4e+38 -3.4e+38 -3.4e+38 -3.4e+38 -3.4e+38 -3.4e+38 -3.4e+38 -3.4e+38 0.497527152299881 0.620708823204041 0.641516327857971 0.581393182277679 0.612730383872986 0.578885614871979 0.504557251930237 0.271959483623505 0.170956715941429 0.249242082238197 0.329563766717911 0.73038649559021 0.694026112556458 0.656039178371429 0.691748023033142 0.694163084030151 0.665442049503326 0.643042325973511 0.648095309734344 0.747094750404358 0.814880728721619 0.776626646518707 0.899949014186859 0.888128221035004 0.805688560009003 0.709172070026398 0.6202512383461
-3.4e+38 -3.4e+38 -3.4e+38 -3.4e+38 -3.4e+38 -3.4e+38 -3.4e+38 -3.4e+38 -3.4e+38 0.5167595744133 0.477123349905014 0.453203707933426 0.409417062997818 0.228092193603516 0.176138877868652 0.159206092357635 0.170850574970245 0.21021181344986 0.376239448785782 0.455095738172531 0.582605123519897 0.685119807720184 0.709079444408417 0.710318028926849 0.713379979133606 0.685672402381897 0.689310431480408 0.672515749931335 0.845645546913147 0.968076884746552 0.942417204380035 0.781360983848572 0.802137315273285 0.713452398777008 0.598254084587097
-3.4e+38 -3.4e+38 -3.4e+38 -3.4e+38 -3.4e+38 -3.4e+38 -3.4e+38 -3.4e+38 -3.4e+38 0.572766125202179 0.556892037391663 0.575579822063446 0.574272811412811 0.388166755437851 0.255696773529053 0.187070459127426 0.207923263311386 0.303418964147568 0.398206502199173 0.456182092428207 0.669718742370605 0.760693311691284 0.755503118038177 0.75050687789917 0.732082426548004 0.723408997058868 0.788755476474762 0.87664008140564 0.840648949146271 0.889276266098022 0.77888548374176 0.698624014854431 0.818112671375275 0.676947712898254 0.49860405921936
-3.4e+38 -3.4e+38 -3.4e+38 -3.4e+38 -3.4e+38 -3.4e+38 -3.4e+38 -3.4e+38 -3.4e+38 -3.4e+38 0.709079384803772 0.704872250556946 0.692011415958405 0.721841275691986 0.553201735019684 0.444349676370621 0.432302892208099 0.463118940591812 0.512430787086487 0.555806398391724 0.721740663051605 0.776805996894836 0.777093589305878 0.760291278362274 0.759465336799622 0.758585631847382 0.79229348897934 0.801713407039642 0.626035749912262 0.600266337394714 0.634718656539917 0.656251728534698 0.643804728984833 0.721160411834717 0.452863723039627
-3.4e+38 -3.4e+38 -3.4e+38 -3.4e+38 -3.4e+38 -3.4e+38 -3.4e+38 -3.4e+38 -3.4e+38 -3.4e+38 0.802593231201172 0.838423669338226 0.825258135795593 0.805195689201355 0.736716628074646 0.617320239543915 0.632956206798553 0.650337517261505 0.716191232204437 0.721183955669403 0.778886258602142 0.822840094566345 0.809272110462189 0.809638440608978 0.766632556915283 0.698061525821686 0.649250149726868 0.714272856712341 0.866041362285614 0.883398711681366 0.843192994594574 0.872159361839294 0.71727442741394 0.585731029510498 0.436978697776794
-3.4e+38 -3.4e+38 -3.4e+38 -3.4e+38 -3.4e+38 -3.4e+38 -3.4e+38 -3.4e+38 -3.4e+38 -3.4e+38 -3.4e+38 0.840591311454773 0.872663199901581 0.865765631198883 0.866019487380981 0.751457750797272 0.756469666957855 0.802378952503204 0.857228517532349 0.814694762229919 0.827900946140289 0.839239835739136 0.872245907783508 0.819304943084717 0.752262353897095 0.766547203063965 0.688702642917633 0.831104695796967 0.873953878879547 0.784836113452911 0.827276051044464 0.90398246049881 0.773375809192657 0.581160128116608 0.389306008815765
-3.4e+38 -3.4e+38 -3.4e+38 -3.4e+38 -3.4e+38 -3.4e+38 -3.4e+38 -3.4e+38 -3.4e+38 -3.4e+38 -3.4e+38 0.866211116313934 0.864510953426361 0.876021027565002 0.90383642911911 0.931288301944733 0.905080676078796 0.892835259437561 0.916914105415344 0.859930574893951 0.868886113166809 0.861905217170715 0.8564413189888 0.847655355930328 0.852061867713928 0.814655065536499 0.883530497550964 0.850117385387421 0.80684357881546 0.767037689685822 0.927237510681152 0.875810742378235 0.730277597904205 0.547729253768921 0.361074537038803
-3.4e+38 -3.4e+38 -3.4e+38 -3.4e+38 -3.4e+38 -3.4e+38 -3.4e+38 -3.4e+38 -3.4e+38 -3.4e+38 -3.4e+38 0.856099128723145 0.860557496547699 0.906975030899048 0.934542179107666 0.938957035541534 0.911788403987885 0.921071588993073 0.919759035110474 0.905571937561035 0.888466477394104 0.886493384838104 0.860672950744629 0.825477778911591 0.792908072471619 0.75858736038208 0.782323837280273 0.87471079826355 0.885460913181305 0.705697059631348 0.782509326934814 0.870989799499512 0.675446569919586 0.50540417432785 0.324414968490601
-3.4e+38 -3.4e+38 -3.4e+38 -3.4e+38 -3.4e+38 -3.4e+38 -3.4e+38 -3.4e+38 -3.4e+38 -3.4e+38 -3.4e+38 -3.4e+38 0.885416626930237 0.908999800682068 0.95589417219162 0.960443556308746 0.950085878372192 0.944695830345154 0.944148242473602 0.928730845451355 0.899162292480469 0.902179896831512 0.87492972612381 0.86824768781662 0.809237122535706 0.761626124382019 0.691838264465332 0.703201234340668 0.671166896820068 0.665842592716217 0.854289710521698 0.873866617679596 0.775988757610321 0.502606749534607 0.298626631498337
-3.4e+38 -3.4e+38 -3.4e+38 -3.4e+38 -3.4e+38 -3.4e+38 -3.4e+38 -3.4e+38 -3.4e+38 -3.4e+38 -3.4e+38 0.877998411655426 0.896656692028046 0.953733205795288 0.966082572937012 0.945214450359344 0.957962393760681 0.94425094127655 0.948290646076202 0.932395577430725 0.912148535251617 0.887639999389648 0.900275707244873 0.871061384677887 0.883809804916382 0.903437733650208 0.911369621753693 0.97368848323822 0.947413086891174 0.84429532289505 0.700922727584839 0.692805051803589 0.678285837173462 0.454501211643219 0.292898207902908
-3.4e+38 -3.4e+38 -3.4e+38 -3.4e+38 -3.4e+38 -3.4e+38 -3.4e+38 -3.4e+38 -3.4e+38 -3.4e+38 -3.4e+38 0.90788996219635 0.926788985729218 0.946837306022644 0.934643268585205 0.946911036968231 0.95815509557724 0.95110684633255 0.947466969490051 0.948118329048157 0.940780937671661 0.916870474815369 0.927226603031158 0.923809468746185 0.883097290992737 0.89493465423584 0.935166716575623 0.995453774929047 0.988530218601227 0.969356417655945 0.916814982891083 0.873210668563843 0.68050628900528 0.403877973556519 0.269741326570511
-3.4e+38 -3.4e+38 -3.4e+38 -3.4e+38 -3.4e+38 -3.4e+38 -3.4e+38 -3.4e+38 -3.4e+38 -3.4e+38 -3.4e+38 0.920723676681519 0.950849115848541 0.96018123626709 0.94515860080719 0.947192013263702 0.955137550830841 0.955747485160828 0.960372567176819 0.948439240455627 0.920926034450531 0.911685764789581 0.911803066730499 0.896817445755005 0.848150551319122 0.805403590202332 0.821879684925079 0.882489204406738 0.939998269081116 0.974383652210236 0.771153151988983 0.703707158565521 0.579016923904419 0.413750380277634 0.241073861718178
-3.4e+38 -3.4e+38 -3.4e+38 -3.4e+38 -3.4e+38 -3.4e+38 -3.4e+38 -3.4e+38 -3.4e+38 -3.4e+38 0.920191526412964 0.939631521701813 0.944540977478027 0.959416270256042 0.96782660484314 0.95803964138031 0.965581715106964 0.963874816894531 0.966346919536591 0.953644156455994 0.944086313247681 0.934102058410645 0.922098517417908 0.897672951221466 0.898707151412964 0.930162131786346 0.950169026851654 0.853835165500641 0.884496867656708 0.924882650375366 0.884017765522003 0.696766972541809 0.510242223739624 0.375293850898743 0.24076971411705
-3.4e+38 -3.4e+38 -3.4e+38 -3.4e+38 -3.4e+38 -3.4e+38 -3.4e+38 -3.4e+38 -3.4e+38 0.896827161312103 0.916145324707031 0.945932030677795 0.956792175769806 0.964760780334473 0.96271014213562 0.971183359622955 0.970850110054016 0.963489294052124 0.955399870872498 0.953209459781647 0.948577404022217 0.953267872333527 0.94451630115509 0.892619490623474 0.917854905128479 0.96447765827179 0.954623460769653 0.846235394477844 0.761336266994476 0.914391160011292 0.866375505924225 0.760189831256866 0.532343566417694 0.335580259561539 0.210780814290047
-3.4e+38 -3.4e+38 -3.4e+38 -3.4e+38 -3.4e+38 -3.4e+38 -3.4e+38 -3.4e+38 -3.4e+38 0.832465827465057 0.891251742839813 0.935878932476044 0.958381772041321 0.971415817737579 0.97115421295166 0.971903562545776 0.965198755264282 0.965797066688538 0.950278282165527 0.945877432823181 0.943043768405914 0.945974767208099 0.949815332889557 0.964638829231262 0.963939368724823 0.79129946231842 0.855883598327637 0.800246775150299 0.925289213657379 0.880123913288116 0.879158020019531 0.710742950439453 0.518726587295532 0.350308537483215 0.218450620770454
-3.4e+38 -3.4e+38 -3.4e+38 -3.4e+38 -3.4e+38 -3.4e+38 -3.4e+38 -3.4e+38 0.812623083591461 0.86165976524353 0.885038733482361 0.939564943313599 0.964286267757416 0.971251547336578 0.976625025272369 0.975996673107147 0.972186148166656 0.963823199272156 0.956618189811707 0.956499576568604 0.946682333946228 0.956021249294281 0.971240103244781 0.937823474407196 0.885374665260315 0.827705919742584 0.949936032295227 0.864698350429535 0.890763700008392 0.925788760185242 0.840321242809296 0.634524405002594 0.436437994241714 0.332819908857346 0.216720178723335
-339999999999999996123846586046231871488.000000000000000 -3.4e+38 -3.4e+38 -3.4e+38 -3.4e+38 -3.4e+38 0.751304388046265 0.819702506065369 0.83239609003067 0.904822885990143 0.912205696105957 0.936826944351196 0.956287980079651 0.968641877174377 0.975492298603058 0.978354334831238 0.972542345523834 0.972205877304077 0.966892302036285 0.953698217868805 0.949133276939392 0.96383410692215 0.975902438163757 0.978122234344482 0.955221891403198 0.953510880470276 0.994265794754028 0.941011667251587 0.890109062194824 0.91822612285614 0.856478452682495 0.611842036247253 0.462165981531143 0.323223412036896 0.202766284346581
-3.4e+38 -3.4e+38 -3.4e+38 -3.4e+38 -3.4e+38 -3.4e+38 0.738730072975159 0.815088629722595 0.895762264728546 0.919113755226135 0.926266312599182 0.951692521572113 0.964069724082947 0.969061374664307 0.97958117723465 0.977447152137756 0.973368644714355 0.974895715713501 0.962009191513062 0.953801095485687 0.934326648712158 0.939400315284729 0.960540235042572 0.980019986629486 0.93716698884964 0.952430963516235 0.948939383029938 0.891063153743744 0.923834562301636 0.926826179027557 0.829381465911865 0.618234813213348 0.43812695145607 0.29444545507431 0.199919328093529
-3.4e+38 -3.4e+38 -3.4e+38 -3.4e+38 -3.4e+38 -3.4e+38 0.774434030056 0.816736578941345 0.92307311296463 0.935993611812592 0.947496354579926 0.935129523277283 0.956224262714386 0.972277820110321 0.974149405956268 0.982944428920746 0.984448730945587 0.973691344261169 0.962153017520905 0.943119585514069 0.903143882751465 0.832232058048248 0.736464142799377 0.866918206214905 0.862884104251862 0.910394608974457 0.91751354932785 0.838277399539948 0.87450897693634 0.887994289398193 0.801450967788696 0.715123772621155 0.499274969100952 0.341433107852936 0.219437465071678
-3.4e+38 -3.4e+38 -3.4e+38 -3.4e+38 -3.4e+38 -3.4e+38 0.802977561950684 0.857947468757629 0.920276582241058 0.92831939458847 0.94505512714386 0.943923711776733 0.9522824883461 0.968621492385864 0.979586899280548 0.985035538673401 0.984142422676086 0.962687492370605 0.951184391975403 0.926535785198212 0.833614230155945 0.72214812040329 0.641363680362701 0.582054793834686 0.706955015659332 0.630012691020966 0.537765324115753 0.611961901187897 0.955912888050079 0.862519025802612 0.826249301433563 0.639313578605652 0.495463103055954 0.32032111287117 0.20345439016819
-3.4e+38 -3.4e+38 -3.4e+38 -3.4e+38 -3.4e+38 0.787078440189362 0.849945724010468 0.877979218959808 0.893823146820068 0.90620493888855 0.927589952945709 0.936046421527863 0.939115643501282 0.923279464244843 0.910048067569733 0.899002015590668 0.941665649414062 0.960058629512787 0.939383149147034 0.906044781208038 0.780425310134888 0.640798389911652 0.576273798942566 0.546190977096558 0.548120260238647 0.524962723255157 0.456624299287796 0.588533639907837 0.723752498626709 0.899509906768799 0.725298225879669 0.588778614997864 0.41504842042923 0.288569957017899 0.213643848896027
-3.4e+38 -3.4e+38 -3.4e+38 -3.4e+38 -3.4e+38 0.781314492225647 0.835516452789307 0.890835285186768 0.906427621841431 0.907731711864471 0.908841967582703 0.909420847892761 0.877075493335724 0.843427121639252 0.845396459102631 0.838024199008942 0.854150116443634 0.911150574684143 0.924686074256897 0.86254358291626 0.794230341911316 0.785539388656616 0.84570723772049 0.845818161964417 0.624266803264618 0.553806483745575 0.485639750957489 0.607013881206512 0.861387193202972 0.818964958190918 0.780491530895233 0.583193480968475 0.446208029985428 0.310386806726456 0.193155080080032
-3.4e+38 -3.4e+38 -3.4e+38 -3.4e+38 -3.4e+38 0.781853079795837 0.836436092853546 0.874940633773804 0.90050220489502 0.900617241859436 0.902467310428619 0.870015442371368 0.854193270206451 0.773860692977905 0.763588786125183 0.788310945034027 0.806730329990387 0.87912505865097 0.901127398014069 0.857658088207245 0.78375118970871 0.806597650051117 0.860536694526672 0.960880517959595 0.960724294185638 0.732559442520142 0.764582931995392 0.715292811393738 0.893249034881592 0.893864214420319 0.763779103755951 0.655550718307495 0.452235221862793 0.305933117866516 0.213517516851425
-3.4e+38 -3.4e+38 -3.4e+38 -3.4e+38 -3.4e+38 0.796825051307678 0.816114902496338 0.854505062103271 0.857409715652466 0.888055145740509 0.886275231838226 0.866023004055023 0.798833787441254 0.785921216011047 0.800249397754669 0.784692168235779 0.813640475273132 0.8676797747612 0.890263080596924 0.822829902172089 0.753768384456635 0.719228267669678 0.812758684158325 0.875845551490784 0.976568996906281 0.979357481002808 0.937975883483887 0.885663747787476 0.902383327484131 0.726310014724731 0.795487523078918 0.609837830066681 0.465875506401062 0.288170486688614 0.188342854380608
-3.4e+38 -3.4e+38 -3.4e+38 -3.4e+38 0.78669261932373 0.812560141086578 0.841854214668274 0.885970890522003 0.85420161485672 0.887855768203735 0.884557783603668 0.848831057548523 0.793858110904694 0.763484120368958 0.750381886959076 0.747247695922852 0.782118737697601 0.892587959766388 0.865419745445251 0.788441300392151 0.73369824886322 0.64721018075943 0.604309558868408 0.699125468730927 0.672000408172607 0.798774123191833 0.619564712047577 0.77807205915451 0.934572339057922 0.800424635410309 0.642796456813812 0.674990713596344 0.471108645200729 0.355295151472092 0.235822945833206
