data/climate_estimation/maxent_output/Luzuriaga_radicans.asc
NCOLS 35 
NROWS 142 
XLLCORNER -74.25 
YLLCORNER -45.75 
CELLSIZE 0.0833333333333335 
NODATA_value -3.4e+38 
[rows 27 to 53 of 142, columns 0 to 34 of 35]
-3.4e+38 -3.4e+38 -3.4e+38 -3.4e+38 -3.4e+38 -3.4e+38 -3.4e+38 -3.4e+38 -3.4e+38 -3.4e+38 -3.4e+38 -3.4e+38 -3.4e+38 -3.4e+38 -3.4e+38 -3.4e+38 -3.4e+38 0.435521811246872 0.668905258178711 0.688327014446259 0.347130656242371 0.18753020465374 0.0919932723045349 0.0493065007030964 0.0331318378448486 0.0216327309608459 0.0235526170581579 0.0320302918553352 0.0474549755454063 0.0529591925442219 0.0482054315507412 0.042167816311121 0.0555848442018032 0.083471842110157 0.127340644598007
-3.4e+38 -3.4e+38 -3.4e+38 -3.4e+38 -3.4e+38 -3.4e+38 -3.4e+38 -3.4e+38 -3.4e+38 -3.4e+38 -3.4e+38 -3.4e+38 -3.4e+38 -3.4e+38 -3.4e+38 -3.4e+38 0.303775668144226 0.513851702213287 0.759070634841919 0.577999174594879 0.339716613292694 0.316814213991165 0.0700872242450714 0.0439782626926899 0.0389423184096813 0.023767963051796 0.0295069497078657 0.0358822792768478 0.0509333871304989 0.0557659640908241 0.0603321380913258 0.0585467629134655 0.0660892650485039 0.110747739672661 0.177534282207489
-3.4e+38 -3.4e+38 -3.4e+38 -3.4e+38 -3.4e+38 -3.4e+38 -3.4e+38 -3.4e+38 -3.4e+38 -3.4e+38 -3.4e+38 -3.4e+38 -3.4e+38 -3.4e+38 -3.4e+38 -3.4e+38 0.375815272331238 0.627505242824554 0.668737411499023 0.453237652778625 0.282147943973541 0.275857508182526 0.0733389481902122 0.0494820475578308 0.0333045236766338 0.0238788407295942 0.0309576950967312 0.0424319468438625 0.061564065515995 0.0610814467072487 0.0685214474797249 0.0665324479341507 0.0735268220305443 0.157851383090019 0.280264735221863
-3.4e+38 -3.4e+38 -3.4e+38 -3.4e+38 -3.4e+38 -3.4e+38 -3.4e+38 -3.4e+38 -3.4e+38 -3.4e+38 -3.4e+38 -3.4e+38 -3.4e+38 -3.4e+38 -3.4e+38 0.349401533603668 0.582718074321747 0.704572558403015 0.515578746795654 0.369672358036041 0.24181105196476 0.129831656813622 0.0668138563632965 0.0421580225229263 0.0303948540240526 0.0226924438029528 0.0279914606362581 0.0460669547319412 0.0646738782525063 0.0781169086694717 0.0875940322875977 0.0939034521579742 0.1855558604002 0.226913571357727 0.319064617156982
-3.4e+38 -3.4e+38 -3.4e+38 -3.4e+38 -3.4e+38 -3.4e+38 -3.4e+38 -3.4e+38 -3.4e+38 -3.4e+38 -3.4e+38 -3.4e+38 -3.4e+38 -3.4e+38 0.24350605905056 0.391883701086044 0.687777519226074 0.712233483791351 0.557587206363678 0.360983550548553 0.227270618081093 0.17349973320961 0.0850354880094528 0.0399929136037827 0.0293400753289461 0.0219074804335833 0.0266879517585039 0.0408050231635571 0.0670778825879097 0.0759975761175156 0.114281088113785 0.114648275077343 0.145535439252853 0.361497581005096 0.295353591442108
-3.4e+38 -3.4e+38 -3.4e+38 -3.4e+38 -3.4e+38 -3.4e+38 -3.4e+38 -3.4e+38 -3.4e+38 -3.4e+38 -3.4e+38 -3.4e+38 -3.4e+38 0.16559499502182 0.147399872541428 0.56126469373703 0.797430753707886 0.75127238035202 0.754827737808228 0.477639496326447 0.235756665468216 0.138633459806442 0.0703642442822456 0.042756013572216 0.0308098960667849 0.0236708242446184 0.0403585322201252 0.0515477918088436 0.0740451291203499 0.096307560801506 0.130669802427292 0.177085101604462 0.175741538405418 0.19856308400631 0.280245006084442
-3.4e+38 -3.4e+38 -3.4e+38 -3.4e+38 -3.4e+38 -3.4e+38 -3.4e+38 -3.4e+38 -3.4e+38 -3.4e+38 -3.4e+38 -3.4e+38 0.108432069420815 0.203073367476463 0.300718039274216 0.761347115039825 0.884161949157715 0.832887947559357 0.793128669261932 0.542728841304779 0.403855443000793 0.173679739236832 0.0893385037779808 0.0702035650610924 0.0447498448193073 0.0449148416519165 0.0652153864502907 0.0801794230937958 0.118821322917938 0.135995715856552 0.191589459776878 0.313484489917755 0.396672040224075 0.419473350048065 0.282917767763138
-3.4e+38 -3.4e+38 -3.4e+38 -3.4e+38 -3.4e+38 -3.4e+38 -3.4e+38 -3.4e+38 -3.4e+38 -3.4e+38 -3.4e+38 -3.4e+38 0.139002665877342 0.255674809217453 0.46357649564743 0.770902633666992 0.832729637622833 0.759422779083252 0.763405621051788 0.572864770889282 0.364285230636597 0.197489753365517 0.104948870837688 0.072439469397068 0.0641750544309616 0.0681212395429611 0.102834612131119 0.167146176099777 0.198563739657402 0.18466928601265 0.299061328172684 0.391272068023682 0.496751815080643 0.479737639427185 0.400997698307037
-3.4e+38 -3.4e+38 -3.4e+38 -3.4e+38 -3.4e+38 -3.4e+38 -3.4e+38 -3.4e+38 -3.4e+38 -3.4e+38 -3.4e+38 -3.4e+38 -3.4e+38 0.495965242385864 0.754467904567719 0.938726127147675 0.899942338466644 0.842268526554108 0.786390960216522 0.639294743537903 0.354644298553467 0.258718013763428 0.132800623774529 0.0879252701997757 0.0915841683745384 0.0995973646640778 0.148031607270241 0.216955468058586 0.233800113201141 0.269725561141968 0.379229873418808 0.376656383275986 0.460883885622025 0.511656761169434 0.456856995820999
-339999999999999996123846586046231871488.000000000000000 -3.4e+38 -3.4e+38 -3.4e+38 -3.4e+38 -3.4e+38 -3.4e+38 -3.4e+38 0.0800488889217377 -3.4e+38 -3.4e+38 -3.4e+38 0.467140525579453 0.809432208538055 0.8059943318367 0.857533395290375 0.861250460147858 0.875835418701172 0.815366089344025 0.519168317317963 0.309566855430603 0.210245281457901 0.113642945885658 0.103814296424389 0.116496413946152 0.156908094882965 0.212833002209663 0.263879925012589 0.292983114719391 0.370239019393921 0.479720801115036 0.564427137374878 0.482865184545517 0.488569647073746 0.419136971235275
-3.4e+38 -3.4e+38 -3.4e+38 -3.4e+38 -3.4e+38 -3.4e+38 -3.4e+38 -3.4e+38 0.0916211530566216 0.121244236826897 -3.4e+38 -3.4e+38 0.603375375270844 0.785722970962524 0.880184590816498 0.722734034061432 0.768403589725494 0.752579629421234 0.696003496646881 0.47040057182312 0.220986232161522 0.124411009252071 0.101548597216606 0.11217013001442 0.141092404723167 0.184433683753014 0.262857586145401 0.282718658447266 0.316238194704056 0.395061254501343 0.490010768175125 0.57303774356842 0.585331976413727 0.481837660074234 0.377495050430298
-3.4e+38 -3.4e+38 -3.4e+38 -3.4e+38 -3.4e+38 -3.4e+38 -3.4e+38 0.158075779676437 0.150614827871323 -3.4e+38 -3.4e+38 -3.4e+38 0.706800282001495 0.848384916782379 0.918181478977203 0.687827289104462 0.781475126743317 0.760425806045532 0.599562287330627 0.4186632335186 0.201351910829544 0.161699116230011 0.167035892605782 0.149129658937454 0.187163919210434 0.225799858570099 0.254465878009796 0.249681308865547 0.321855425834656 0.436577528715134 0.473823755979538 0.548779308795929 0.598769724369049 0.511167049407959 0.415572851896286
-3.4e+38 -3.4e+38 -3.4e+38 -3.4e+38 -3.4e+38 -3.4e+38 -3.4e+38 0.31804221868515 0.300711840391159 0.447545498609543 0.575027287006378 0.622569441795349 0.719487488269806 0.914116859436035 0.910780429840088 0.76032292842865 0.731659412384033 0.629999458789825 0.506101131439209 0.302856951951981 0.239662989974022 0.15576297044754 0.141933009028435 0.151075422763824 0.185044631361961 0.215241312980652 0.236769944429398 0.22534142434597 0.296495527029037 0.508785426616669 0.574534893035889 0.632226467132568 0.581078350543976 0.429890394210815 0.433466821908951
-3.4e+38 -3.4e+38 -3.4e+38 -3.4e+38 -3.4e+38 -3.4e+38 0.320556819438934 0.53011429309845 0.605602025985718 0.63787055015564 0.675374627113342 0.664431512355804 0.815280854701996 0.942151844501495 0.930978834629059 0.866344571113586 0.722145736217499 0.555838346481323 0.368068039417267 0.279858380556107 0.178525552153587 0.120115749537945 0.138709634542465 0.145931616425514 0.169827952980995 0.213491544127464 0.245418503880501 0.197901576757431 0.336767762899399 0.392342150211334 0.447396963834763 0.557729482650757 0.513232290744781 0.466365069150925 0.479364663362503
-3.4e+38 -3.4e+38 -3.4e+38 -3.4e+38 -3.4e+38 -3.4e+38 0.412305682897568 0.593907177448273 0.735943257808685 0.720470726490021 0.736201882362366 0.801017343997955 0.912086367607117 0.951562643051147 0.92773574590683 0.86166375875473 0.612976014614105 0.447038263082504 0.316515266895294 0.208312481641769 0.143904432654381 0.116711907088757 0.114288881421089 0.122251823544502 0.154739513993263 0.195526376366615 0.175745740532875 0.196190536022186 0.248528018593788 0.380453109741211 0.469351172447205 0.556338608264923 0.478801965713501 0.379926532506943 0.495119363069534
-3.4e+38 -3.4e+38 -3.4e+38 -3.4e+38 -3.4e+38 -3.4e+38 -3.4e+38 0.722373187541962 0.761575102806091 0.815676212310791 0.78904265165329 0.86414510011673 0.908460319042206 0.920418202877045 0.942092001438141 0.939872622489929 0.71564382314682 0.356505453586578 0.295397758483887 0.183767065405846 0.147264033555984 0.112693749368191 0.0807623043656349 0.100307933986187 0.137929379940033 0.180281937122345 0.178948730230331 0.174042537808418 0.256075084209442 0.349198788404465 0.524037182331085 0.601891338825226 0.591813504695892 0.666188776493073 0.506484687328339
-3.4e+38 -3.4e+38 -3.4e+38 -3.4e+38 -3.4e+38 -3.4e+38 -3.4e+38 0.77712869644165 0.803098082542419 0.817174911499023 0.857624471187592 0.912273585796356 0.966834843158722 0.951762199401855 0.976961076259613 0.954402506351471 0.745221495628357 0.446897774934769 0.317291855812073 0.182922258973122 0.171778708696365 0.121774062514305 0.0844218283891678 0.0885263532400131 0.134169712662697 0.155873373150826 0.180407956242561 0.17964169383049 0.20907287299633 0.333301395177841 0.381808161735535 0.448593944311142 0.501135110855103 0.482198923826218 0.498198240995407
-3.4e+38 -3.4e+38 -3.4e+38 -3.4e+38 -3.4e+38 -3.4e+38 0.778855860233307 0.811334788799286 0.812389612197876 0.818907201290131 0.851398527622223 0.926172912120819 0.965465366840363 0.977019667625427 0.982689142227173 0.959773004055023 0.738595724105835 0.638219773769379 0.366536974906921 0.189005732536316 0.147864118218422 0.10171927511692 0.10569966584444 0.125246599316597 0.148511454463005 0.172424331307411 0.229049369692802 0.209537699818611 0.232751220464706 0.303570598363876 0.390949964523315 0.434289634227753 0.607941627502441 0.533214271068573 0.539616227149963
-3.4e+38 -3.4e+38 -3.4e+38 -3.4e+38 -3.4e+38 -3.4e+38 0.785576343536377 0.806895554065704 0.837494969367981 0.832633376121521 0.841576874256134 0.929445266723633 0.960679590702057 0.97818797826767 0.988358676433563 0.97654801607132 0.980667591094971 0.936271488666534 0.646595418453217 0.170116230845451 0.140522360801697 0.124533228576183 0.136986374855042 0.18503026664257 0.21074104309082 0.221873462200165 0.266874223947525 0.244964525103569 0.204626217484474 0.211429119110107 0.328970223665237 0.645297050476074 0.477117657661438 0.313078373670578 0.33840623497963
-3.4e+38 -3.4e+38 -3.4e+38 -3.4e+38 -3.4e+38 -3.4e+38 -3.4e+38 0.800640821456909 0.809958219528198 0.849704921245575 0.856858670711517 0.910874128341675 0.95034122467041 0.969197332859039 0.987937748432159 0.983785331249237 0.983016967773438 0.938438415527344 0.162606507539749 0.132916003465652 0.19419002532959 0.202737972140312 0.259515345096588 0.274161159992218 0.273054987192154 0.294585675001144 0.334752917289734 0.338260412216187 0.309340953826904 0.299849897623062 0.334168136119843 0.641624569892883 0.39738130569458 0.496652156114578 0.470531851053238
-3.4e+38 -3.4e+38 -3.4e+38 -3.4e+38 -3.4e+38 -3.4e+38 -3.4e+38 -3.4e+38 0.797157108783722 0.838245511054993 0.872444212436676 0.903220355510712 0.939892768859863 0.96457827091217 0.96875661611557 0.979044854640961 0.941131889820099 0.634173989295959 0.158359929919243 0.149276569485664 0.28878265619278 0.315917640924454 0.296245366334915 0.367685794830322 0.402288913726807 0.40562430024147 0.457739293575287 0.420957386493683 0.52166759967804 0.652418673038483 0.474757939577103 0.284393548965454 0.55807626247406 0.630269467830658 0.561869442462921
-3.4e+38 -3.4e+38 -3.4e+38 -3.4e+38 -3.4e+38 -3.4e+38 -3.4e+38 -3.4e+38 0.781809210777283 0.794248759746552 0.878289341926575 0.882638812065125 0.918702602386475 0.935421884059906 0.921455800533295 0.85794597864151 0.412250846624374 0.218051910400391 0.306278556585312 0.315304517745972 0.320620059967041 0.397658497095108 0.441124379634857 0.50185638666153 0.519078135490417 0.514523804187775 0.555227994918823 0.559741795063019 0.733302116394043 0.705148339271545 0.739309132099152 0.591092884540558 0.541169166564941 0.707796931266785 0.534149467945099
-3.4e+38 -3.4e+38 -3.4e+38 -3.4e+38 -3.4e+38 -3.4e+38 -3.4e+38 -3.4e+38 -3.4e+38 0.793802380561829 0.846056401729584 0.895603060722351 0.904150366783142 0.895547926425934 0.802940547466278 0.449467569589615 0.197268828749657 0.13059201836586 0.149424642324448 0.355732172727585 0.417651325464249 0.467707812786102 0.478857725858688 0.578979849815369 0.647912323474884 0.606076836585999 0.609197676181793 0.557926535606384 0.633654177188873 0.596445858478546 0.621944427490234 0.717609882354736 0.64801299571991 0.429573833942413 0.482068240642548
-3.4e+38 -3.4e+38 -3.4e+38 -3.4e+38 -3.4e+38 -3.4e+38 -3.4e+38 -3.4e+38 -3.4e+38 0.802763521671295 0.799988508224487 0.846547186374664 0.878415882587433 0.883463740348816 0.895585834980011 0.546722233295441 0.270279288291931 0.276179939508438 0.215854614973068 0.259900361299515 0.411509782075882 0.623583853244781 0.597950279712677 0.643321692943573 0.695060193538666 0.66677862405777 0.640775799751282 0.634702086448669 0.59916764497757 0.677461981773376 0.72419148683548 0.741228938102722 0.695888340473175 0.443221688270569 0.34832289814949
-3.4e+38 -3.4e+38 -3.4e+38 -3.4e+38 -3.4e+38 -3.4e+38 -3.4e+38 -3.4e+38 0.684905648231506 0.769124746322632 0.810165822505951 0.803703963756561 0.870502233505249 0.914066314697266 0.910041630268097 0.732265710830688 0.484969139099121 0.422966182231903 0.301426112651825 0.313113152980804 0.532573759555817 0.474575042724609 0.586313128471375 0.688037514686584 0.718514144420624 0.708158254623413 0.663691699504852 0.698143541812897 0.771110892295837 0.819339752197266 0.835882246494293 0.628111302852631 0.694165289402008 0.466238498687744 0.57923024892807
-3.4e+38 -3.4e+38 -3.4e+38 0.339268565177917 -3.4e+38 -3.4e+38 -3.4e+38 -3.4e+38 0.647406160831451 0.724747359752655 0.856900751590729 0.873383343219757 0.818342685699463 0.825842797756195 0.890765726566315 0.715987384319305 0.427322238683701 0.464889049530029 0.347388982772827 0.379056453704834 0.444623827934265 0.503127694129944 0.555985510349274 0.628889381885529 0.6755530834198 0.683894455432892 0.653493225574493 0.702502071857452 0.770812630653381 0.783115744590759 0.892251074314117 0.850694179534912 0.741371750831604 0.656639516353607 0.587283849716187
-3.4e+38 -3.4e+38 -3.4e+38 0.426222264766693 0.443599134683609 -3.4e+38 -3.4e+38 -3.4e+38 0.655820310115814 0.763642549514771 0.757430553436279 0.829221248626709 0.803487360477448 0.790999352931976 0.678485214710236 0.489154726266861 0.377744615077972 0.282969146966934 0.3648282289505 0.428740620613098 0.45471054315567 0.528548300266266 0.608302056789398 0.625246644020081 0.601035237312317 0.648760080337524 0.628660976886749 0.558943390846252 0.576503574848175 0.75170761346817 0.773171722888947 0.868285596370697 0.773579478263855 0.707732081413269 0.593161463737488
