data/climate_estimation/maxent_output/Luzuriaga_polyphylla.asc
NCOLS 42 
NROWS 114 
XLLCORNER -74.1666666666667 
YLLCORNER -46.0833333333333 
CELLSIZE 0.0833333333333333 
NODATA_value -3.4e+38 
[rows 66 to 87 of 114, columns 0 to 41 of 42]
0.980713844299316 0.986052095890045 0.99018132686615 0.988457143306732 0.988848805427551 0.987018287181854 0.982052803039551 0.978782653808594 0.957382142543793 0.96101051568985 -3.4e+38 -3.4e+38 -3.4e+38 -3.4e+38 -3.4e+38 -3.4e+38 -3.4e+38 -3.4e+38 0.958473086357117 0.969418346881866 0.966679513454437 0.960256099700928 0.857914447784424 0.782921135425568 0.665449678897858 0.504280924797058 0.522150039672852 0.436353325843811 0.344035536050797 0.251929759979248 0.175452873110771 0.133341267704964 0.109680816531181 0.0914006233215332 0.0880123600363731 0.0464226305484772 0.0543416514992714 0.0431426763534546 0.0324877314269543 0.0259163808077574 0.0201402455568314 0.0163578912615776
0.98896312713623 0.991260528564453 0.992420077323914 0.992826581001282 0.99028068780899 0.991708636283875 0.989165008068085 0.983145475387573 0.976892471313477 0.974580407142639 -3.4e+38 -3.4e+38 -3.4e+38 -3.4e+38 -3.4e+38 -3.4e+38 0.980146944522858 0.979954779148102 0.987639248371124 0.985658466815948 0.9747354388237 0.966328144073486 0.91387152671814 0.860391974449158 0.708226442337036 0.633038282394409 0.526901960372925 0.446339279413223 0.350973874330521 0.246469289064407 0.204380542039871 0.131167456507683 0.124844379723072 0.0750982910394669 0.0624382682144642 0.043751634657383 0.0375041142106056 0.0440799407660961 0.0335780195891857 0.0267135482281446 0.021142240613699 0.0166894719004631
0.990678012371063 0.989434957504272 0.990238726139069 0.992736339569092 0.993406116962433 0.991750776767731 0.991396009922028 0.986610233783722 0.982079982757568 0.980311453342438 0.979069650173187 0.975585997104645 0.983182072639465 0.986312866210938 -3.4e+38 0.988147437572479 0.984071671962738 0.985187709331512 0.994601130485535 0.987633228302002 0.977408111095428 0.97101902961731 0.893700480461121 0.860112190246582 0.682139337062836 0.652512609958649 0.550473213195801 0.43205314874649 0.348776876926422 0.257069289684296 0.206628993153572 0.155769422650337 0.13188810646534 0.0878289565443993 0.0558012910187244 0.0452738590538502 0.0362730883061886 0.0419797748327255 0.0288357026875019 0.0257303006947041 0.0215543583035469 0.0189331062138081
0.990283608436584 0.989259243011475 0.992866516113281 0.993754267692566 0.993963956832886 0.991643667221069 0.993407428264618 0.993930757045746 0.987149834632874 -3.4e+38 0.979565560817719 -3.4e+38 0.981663107872009 -3.4e+38 -3.4e+38 -3.4e+38 0.985154092311859 0.992228507995605 0.99345725774765 0.994418501853943 0.967775464057922 0.970599293708801 0.93685120344162 0.903546750545502 0.701339900493622 0.603917181491852 0.455996334552765 0.384977757930756 0.310802817344666 0.233676359057426 0.197636753320694 0.153448224067688 0.109161846339703 0.0754771754145622 0.0614900253713131 0.0587734915316105 0.0403526984155178 0.0332565642893314 0.0273220371454954 0.0270771998912096 0.0209362432360649 0.0179017707705498
0.9899662733078 0.99022650718689 0.992898166179657 0.995981812477112 0.996640741825104 0.992979049682617 0.992241144180298 0.992147386074066 0.991646289825439 0.988540053367615 0.985809803009033 -3.4e+38 -3.4e+38 -3.4e+38 -3.4e+38 -3.4e+38 -3.4e+38 0.986492216587067 0.994869649410248 0.993748843669891 0.981664955615997 0.974590241909027 0.94989538192749 0.894653379917145 0.755829274654388 0.630470335483551 0.535621166229248 0.445861488580704 0.369119644165039 0.273982286453247 0.209442004561424 0.157388016581535 0.115964002907276 0.0903174728155136 0.0692093968391418 0.0778800919651985 0.0478161983191967 0.0324318706989288 0.0347674041986465 0.0281388647854328 0.0205161720514297 0.0173515938222408
0.989696085453033 0.992222607135773 0.993733048439026 0.995123207569122 0.995606303215027 0.995409786701202 0.996054947376251 0.993634879589081 0.990327775478363 0.989549517631531 0.988919138908386 0.985047042369843 -3.4e+38 -3.4e+38 -3.4e+38 0.986602246761322 0.989075660705566 0.995570003986359 0.98475182056427 0.98482757806778 0.986452698707581 0.966264069080353 0.956159830093384 0.865606546401978 0.790714859962463 0.631737530231476 0.541861355304718 0.400794237852097 0.303071230649948 0.23201310634613 0.214168965816498 0.153687864542007 0.103706747293472 0.0805927291512489 0.0733640417456627 0.0705911070108414 0.0438288152217865 0.0332976207137108 0.0321895554661751 0.0238370597362518 0.0235550627112389 0.0187434516847134
0.98943018913269 0.99262535572052 0.995211064815521 0.996048092842102 0.995227158069611 0.995977878570557 0.995871663093567 0.992754459381104 0.992258429527283 0.986602663993835 0.989163100719452 0.986285984516144 0.988139569759369 0.987464725971222 -3.4e+38 0.985825002193451 0.98488450050354 0.994356215000153 0.996127009391785 0.988635540008545 0.964950680732727 0.982064247131348 0.930912554264069 0.875598073005676 0.721349239349365 0.631240844726562 0.575007021427155 0.494682848453522 0.375422239303589 0.30270728468895 0.196764200925827 0.149375781416893 0.106924012303352 0.0903855711221695 0.0699218586087227 0.0586303398013115 0.0457104593515396 0.0323273912072182 0.0308428276330233 0.0272543225437403 0.0228192172944546 0.0196506828069687
0.983903765678406 0.992564558982849 0.99306732416153 0.99615889787674 0.995032608509064 0.995585501194 0.993832886219025 0.989669263362885 -3.4e+38 -3.4e+38 -3.4e+38 -3.4e+38 0.988210260868073 0.990670382976532 0.99040412902832 0.983470916748047 0.981639862060547 0.995266318321228 0.992147028446198 0.993637204170227 0.981703400611877 0.970528185367584 0.968137502670288 0.895633041858673 0.76738041639328 0.750769138336182 0.614312410354614 0.483768731355667 0.434773862361908 0.298981189727783 0.191842600703239 0.147021442651749 0.104810915887356 0.084656685590744 0.0780241116881371 0.0599331930279732 0.0446636825799942 0.032494205981493 0.0268534794449806 0.0268882066011429 0.0226239822804928 0.0190292093902826
0.975026428699493 0.989813983440399 0.993203043937683 0.9926518201828 0.992361605167389 0.994481086730957 0.99152535200119 0.989258885383606 0.987668693065643 -3.4e+38 -3.4e+38 -3.4e+38 0.985624492168427 0.986594259738922 0.988620698451996 0.984132528305054 0.980120182037354 0.985229194164276 0.982138693332672 0.994198262691498 0.910861134529114 0.938687801361084 0.969118535518646 0.941216230392456 0.807830393314362 0.670513153076172 0.603048086166382 0.54364424943924 0.36751589179039 0.33599129319191 0.226630359888077 0.14286082983017 0.104630932211876 0.0708175376057625 0.0728269070386887 0.0557124465703964 0.0383965149521828 0.0289235897362232 0.0290025174617767 0.0265277195721865 0.0205792784690857 0.0195531863719225
0.965485990047455 0.984098196029663 0.986204862594604 0.990234434604645 0.988825380802155 0.988484859466553 0.988481998443604 0.988184690475464 0.984500825405121 -3.4e+38 -3.4e+38 -3.4e+38 -3.4e+38 -3.4e+38 -3.4e+38 0.98260509967804 0.98189502954483 0.988786458969116 0.993437588214874 0.98987227678299 0.992520570755005 0.988646388053894 0.964739263057709 0.891766846179962 0.800722062587738 0.727075040340424 0.523698568344116 0.464645266532898 0.403099656105042 0.334859490394592 0.233426362276077 0.141631931066513 0.114476971328259 0.0787960663437843 0.0682950988411903 0.0519202463328838 0.037368930876255 0.0310315992683172 0.0288204401731491 0.0214125346392393 0.020054504275322 0.0186474807560444
0.950551569461823 0.969709157943726 0.980936825275421 0.986326217651367 0.985483646392822 0.982943892478943 0.981174826622009 0.982446730136871 0.982492804527283 0.979977369308472 -3.4e+38 -3.4e+38 -3.4e+38 -3.4e+38 -3.4e+38 -3.4e+38 0.978047609329224 0.967946171760559 0.983752369880676 0.989051342010498 0.981247305870056 0.984601497650146 0.934750437736511 0.825638294219971 0.859245777130127 0.776295959949493 0.620338797569275 0.37698045372963 0.281024187803268 0.317946374416351 0.226139351725578 0.164467364549637 0.105928517878056 0.078256644308567 0.0636919289827347 0.043010413646698 0.0315742194652557 0.0267688687890768 0.0236098803579807 0.0204214937984943 0.0222811661660671 0.0173901282250881
0.929983913898468 0.961904406547546 0.974412620067596 0.979097783565521 0.983233749866486 0.982968986034393 0.976957499980927 0.970436334609985 0.968586146831512 0.98050844669342 -3.4e+38 -3.4e+38 -3.4e+38 -3.4e+38 -3.4e+38 0.984498977661133 0.985839664936066 0.991887927055359 0.982273578643799 0.962938547134399 0.971772074699402 0.981539726257324 0.972080945968628 0.863924264907837 0.821615517139435 0.811535179615021 0.640672743320465 0.608453631401062 0.467498749494553 0.392378658056259 0.167255088686943 0.147993445396423 0.118617311120033 0.0780132636427879 0.0647330284118652 0.0461943000555038 0.0349935777485371 0.0318540185689926 0.0249221418052912 0.0232456550002098 0.0202513616532087 0.0165538862347603
0.908797383308411 0.944523751735687 0.95921927690506 0.973347961902618 0.975955724716187 0.966745376586914 0.969866991043091 0.969637393951416 0.964278399944305 -3.4e+38 -3.4e+38 -3.4e+38 -3.4e+38 -3.4e+38 0.978549599647522 0.986846148967743 0.994799792766571 0.989954471588135 0.988445997238159 0.990470170974731 0.949165344238281 0.986959636211395 0.957992315292358 0.969845950603485 0.827806830406189 0.901159405708313 0.671302437782288 0.473542243242264 0.364720046520233 0.363013505935669 0.274087935686111 0.181011810898781 0.122069247066975 0.0862680599093437 0.0609226152300835 0.0449099354445934 0.0361748486757278 0.0321126468479633 0.025340573862195 0.02338663674891 0.0179397482424974 0.0161711946129799
0.902031898498535 0.942321419715881 0.950397908687592 0.966831147670746 0.960608899593353 0.957747936248779 0.951555252075195 0.966799437999725 -3.4e+38 -3.4e+38 -3.4e+38 -3.4e+38 -3.4e+38 -3.4e+38 -3.4e+38 0.979818403720856 0.99755734205246 0.994665682315826 0.987547516822815 0.985962927341461 0.966797590255737 0.960140645503998 0.979135572910309 0.86170905828476 0.763248145580292 0.733909606933594 0.808355867862701 0.808996617794037 0.511973738670349 0.308265119791031 0.275022357702255 0.189733311533928 0.113970719277859 0.0824106857180595 0.055302519351244 0.0472580417990685 0.0357563756406307 0.0312384776771069 0.0247190948575735 0.0216035041958094 0.0179362967610359 0.0116941006854177
0.869158565998077 0.908537626266479 0.929235339164734 0.951038658618927 0.948235869407654 0.953334212303162 0.954146027565002 -3.4e+38 -3.4e+38 -3.4e+38 -3.4e+38 -3.4e+38 -3.4e+38 0.982869207859039 0.982623755931854 0.980264902114868 0.97135978937149 0.987636983394623 0.992833971977234 0.975494086742401 0.989487767219543 0.973048269748688 0.941166818141937 0.939175128936768 0.783959805965424 0.867272436618805 0.863394558429718 0.610186517238617 0.330422401428223 0.205549493432045 0.208788022398949 0.155531391501427 0.116012915968895 0.0874421000480652 0.0607578605413437 0.0475044138729572 0.0381245128810406 0.0296340398490429 0.0239746943116188 0.0219547748565674 0.0145490849390626 0.0128411268815398
0.860296130180359 0.887045323848724 0.920716881752014 0.93062698841095 0.935235142707825 0.943705916404724 -3.4e+38 -3.4e+38 -3.4e+38 -3.4e+38 -3.4e+38 -3.4e+38 -3.4e+38 0.979869365692139 0.984368920326233 0.982663035392761 0.986024022102356 0.982416272163391 0.977071106433868 0.992140054702759 0.960888922214508 0.97888970375061 0.975292086601257 0.888428628444672 0.876477360725403 0.888407111167908 0.635494351387024 0.432035118341446 0.283402621746063 0.239316716790199 0.238228157162666 0.173941895365715 0.103106640279293 0.0669310539960861 0.0529492981731892 0.0426040962338448 0.0337161980569363 0.0305212456732988 0.0245899241417646 0.0225274786353111 0.0168738309293985 0.0121628707274795
-3.4e+38 -3.4e+38 -3.4e+38 0.911942481994629 -3.4e+38 -3.4e+38 -3.4e+38 -3.4e+38 -3.4e+38 -3.4e+38 -3.4e+38 -3.4e+38 0.969513833522797 0.985816121101379 0.986711323261261 0.989440679550171 0.997632443904877 0.997844219207764 0.988453984260559 0.98815780878067 0.985119760036469 0.9667067527771 0.93036937713623 0.926732420921326 0.91729199886322 0.71092289686203 0.555278956890106 0.415307253599167 0.410763591527939 0.336503148078918 0.248274490237236 0.166745781898499 0.10804183781147 0.0764484107494354 0.059056717902422 0.0431675277650356 0.0344613008201122 0.0277937110513449 0.0229537673294544 0.0218659359961748 0.0164641123265028 0.0117960078641772
-3.4e+38 -3.4e+38 -3.4e+38 -3.4e+38 -3.4e+38 -3.4e+38 -3.4e+38 -3.4e+38 -3.4e+38 -3.4e+38 -3.4e+38 -3.4e+38 -3.4e+38 0.980160474777222 0.982878088951111 0.993483543395996 0.990550994873047 0.99005913734436 0.991835951805115 0.988827705383301 0.94610059261322 0.97929835319519 0.936838328838348 0.795854210853577 0.924814224243164 0.864576518535614 0.509787440299988 0.403054147958755 0.404739230871201 0.399778038263321 0.281190991401672 0.19490359723568 0.143291592597961 0.0799598321318626 0.061204444617033 0.0456341058015823 0.0360497869551182 0.0284803546965122 0.0253630112856627 0.0198582094162703 0.0166059192270041 0.0104787014424801
-3.4e+38 -3.4e+38 -3.4e+38 -3.4e+38 -3.4e+38 -3.4e+38 -3.4e+38 -3.4e+38 -3.4e+38 -3.4e+38 -3.4e+38 -3.4e+38 -3.4e+38 0.965992450714111 0.970575273036957 0.966905057430267 0.968494117259979 0.977437078952789 0.991530001163483 0.987626850605011 0.982408821582794 0.971169173717499 0.95851081609726 0.808747291564941 0.906143367290497 0.861390888690948 0.834847390651703 0.70367431640625 0.570820271968842 0.358694106340408 0.18078276515007 0.108416050672531 0.112672135233879 0.0829830691218376 0.0588031522929668 0.046772513538599 0.0354271344840527 0.0278537403792143 0.0226506441831589 0.0155183374881744 0.013476955704391 0.0122044775635004
-3.4e+38 -3.4e+38 -3.4e+38 -3.4e+38 -3.4e+38 -3.4e+38 -3.4e+38 -3.4e+38 0.912470996379852 -3.4e+38 -3.4e+38 -3.4e+38 -3.4e+38 0.981027245521545 0.988548636436462 0.984442889690399 0.980769097805023 0.977925479412079 0.987350642681122 0.987495899200439 0.957321465015411 0.966712117195129 0.953108847141266 0.916594266891479 0.8908731341362 0.636910974979401 0.514723002910614 0.388720095157623 0.402170658111572 0.262515813112259 0.155845776200294 0.103836387395859 0.10263729840517 0.0796780660748482 0.0553654059767723 0.0468742400407791 0.0341537483036518 0.023990124464035 0.0194655992090702 0.0158869326114655 0.0129904039204121 0.0103874998167157
0.838146507740021 0.873085200786591 -3.4e+38 0.844231307506561 0.842904567718506 -3.4e+38 -3.4e+38 -3.4e+38 -3.4e+38 -3.4e+38 -3.4e+38 -3.4e+38 -3.4e+38 0.961052775382996 0.961344599723816 0.978967666625977 0.979906797409058 0.986933648586273 0.988742053508759 0.98043417930603 0.967886447906494 0.958856046199799 0.910980641841888 0.877245485782623 0.776284277439117 0.573059976100922 0.420248717069626 0.445118457078934 0.304776757955551 0.210157826542854 0.15207177400589 0.0939624607563019 0.0765149295330048 0.0752815082669258 0.055085550993681 0.0432136356830597 0.0263401065021753 0.0226614847779274 0.0188905950635672 0.0167900417000055 0.0137276677414775 0.0100763691589236
0.847757816314697 0.841615796089172 0.844350934028625 0.843355774879456 0.846616327762604 0.833663642406464 -3.4e+38 -3.4e+38 -3.4e+38 -3.4e+38 0.916945040225983 0.962125301361084 0.979742228984833 0.97364616394043 0.965034902095795 0.974917948246002 0.962300598621368 0.980175733566284 0.987666249275208 0.980009377002716 0.965413570404053 0.948378324508667 0.935294032096863 0.769347548484802 0.702081024646759 0.620274782180786 0.35576656460762 0.338784724473953 0.241658374667168 0.185765489935875 0.15280869603157 0.116214513778687 0.0912688747048378 0.0685790553689003 0.0561961568892002 0.0408219583332539 0.0273306425660849 0.0227918680757284 0.0179984923452139 0.0157376229763031 0.0133135747164488 0.00869216024875641
