data/climate_estimation/maxent_output/Luzuriaga_marginata.asc
NCOLS 195 
NROWS 248 
XLLCORNER -73.6666666666667 
YLLCORNER -55.5833333333333 
CELLSIZE 0.0833333333333333 
NODATA_value -3.4e+38 
[rows 207 to 229 of 248, columns 0 to 51 of 195]
0.267137825489044 0.350524663925171 0.450917363166809 0.558753967285156 0.613619863986969 0.728305637836456 0.790722012519836 0.855104088783264 0.862529397010803 0.879722058773041 0.914021849632263 0.899467170238495 0.916527688503265 0.775977253913879 0.797457575798035 0.912231087684631 0.913352072238922 0.934443056583405 0.934333741664886 0.946809709072113 0.952700972557068 0.944393694400787 0.944700658321381 0.938638806343079 0.94010591506958 0.937639653682709 0.93347430229187 0.935006439685822 0.934596300125122 0.930985927581787 0.955663681030273 0.9527268409729 0.955118238925934 0.956310987472534 0.944253206253052 0.93799364566803 0.93799364566803 0.929517090320587 0.916106462478638 0.907816052436829 0.894761025905609 0.900221407413483 0.896391868591309 0.888974666595459 0.892846882343292 0.893791913986206 0.899673521518707 0.899390280246735 0.903580546379089 0.904852569103241 0.896192610263824 0.894022524356842
0.200261384248734 0.292077273130417 0.420745372772217 0.584281086921692 0.605847716331482 0.667297720909119 0.724646091461182 0.817173779010773 0.84337991476059 0.86546379327774 0.885400712490082 0.896840989589691 0.865579128265381 0.782332301139832 0.873886466026306 0.904378414154053 0.942813634872437 0.95926821231842 0.966524958610535 0.955384075641632 0.965508103370667 0.952899992465973 0.958038091659546 0.956354737281799 0.950573563575745 0.953169286251068 0.952981472015381 0.942977130413055 0.935987293720245 0.935551702976227 0.957088351249695 0.961343169212341 0.963273406028748 0.960365176200867 0.962632238864899 0.959345757961273 0.94084095954895 0.937966585159302 0.937966585159302 0.926102876663208 0.924561023712158 0.912235498428345 0.916936874389648 0.91157191991806 0.911714136600494 0.918530523777008 0.916802167892456 0.920509994029999 0.918688654899597 0.915527641773224 0.909706830978394 -3.4e+38
0.15329621732235 0.222116738557816 0.344192504882812 0.482846707105637 0.563514769077301 0.646207869052887 0.755618929862976 0.799619436264038 0.839893460273743 0.859882414340973 0.862756550312042 0.878038644790649 0.887302696704865 0.900808155536652 0.886534452438354 0.915367841720581 0.942241251468658 0.956750571727753 0.9586341381073 0.948851943016052 0.958684623241425 0.966052889823914 0.965874969959259 0.968157291412354 0.962794721126556 0.961070775985718 0.955416798591614 0.941181123256683 0.934642553329468 0.933129072189331 0.960783660411835 0.970046758651733 0.973295450210571 0.967932522296906 0.969908475875854 0.961504220962524 0.954892218112946 0.945464074611664 0.935549974441528 0.925846755504608 0.931530237197876 0.937426149845123 0.927515685558319 0.927686870098114 0.927881956100464 0.928428471088409 0.92258608341217 0.922422349452972 0.931355774402618 0.934917390346527 0.930520296096802 -3.4e+38
0.143012940883636 0.189656540751457 0.351365000009537 0.471774518489838 0.523414552211761 0.60377037525177 0.690511643886566 0.756034076213837 0.809265434741974 0.820866703987122 0.882108747959137 0.910575270652771 0.887422800064087 0.891329705715179 0.908246517181396 0.881698846817017 0.952374458312988 0.944941639900208 0.908051908016205 0.92771178483963 0.931033551692963 0.962431728839874 0.963578999042511 0.969975531101227 0.965322256088257 0.954114973545074 0.944901704788208 0.945993363857269 0.941816091537476 0.966547429561615 0.974931120872498 0.975950717926025 0.979985356330872 0.978300869464874 0.971556663513184 0.967830777168274 0.94971626996994 0.947896838188171 0.92998069524765 0.936143517494202 0.950950682163239 0.945844829082489 0.948721528053284 0.931865274906158 0.924543261528015 0.92239236831665 0.927113592624664 0.934743225574493 0.941689729690552 0.949844419956207 0.946976840496063 0.943712949752808
0.0941258370876312 0.163833305239677 0.308308213949203 0.402991265058517 0.53826117515564 0.53842705488205 0.588422238826752 0.710029304027557 0.758113920688629 0.812963545322418 0.894020140171051 0.903309106826782 0.894529521465302 0.906644761562347 0.926402390003204 0.890455484390259 0.914378583431244 0.911856949329376 0.88721364736557 0.910832703113556 0.917016386985779 0.923886775970459 0.924847066402435 0.933452844619751 0.939045190811157 0.93552827835083 0.93429708480835 0.947766184806824 0.953407406806946 0.954114437103271 0.979816198348999 0.982759714126587 0.978047966957092 0.976003646850586 0.969511091709137 0.964925646781921 0.957577407360077 0.943712055683136 0.941036462783813 0.950468778610229 0.952549159526825 0.932871758937836 0.926106929779053 0.922422766685486 0.925715744495392 0.923352658748627 0.933212757110596 0.940001428127289 0.945443272590637 0.953660190105438 0.951752305030823 0.947639882564545
0.0765384584665298 0.140520721673965 0.213315978646278 0.299033522605896 0.433531910181046 0.508484721183777 0.565399289131165 0.678472757339478 0.731879591941833 0.785460352897644 0.811295330524445 0.841695964336395 0.858484148979187 0.906306326389313 0.924340128898621 0.923003494739532 0.88447630405426 0.892900049686432 0.900199353694916 0.905073940753937 0.912347972393036 -3.4e+38 -3.4e+38 -3.4e+38 0.926165997982025 0.931096196174622 0.941360950469971 0.958418011665344 0.967662751674652 0.978508055210114 0.976632118225098 0.975859105587006 0.976317465305328 0.97615247964859 0.968816459178925 0.964033305644989 0.959895610809326 0.957979500293732 0.943358600139618 0.935107409954071 0.929884552955627 0.923791885375977 0.930812656879425 -3.4e+38 -3.4e+38 -3.4e+38 -3.4e+38 -3.4e+38 0.950536370277405 0.953521013259888 0.952407717704773 0.952580034732819
0.0475798510015011 0.0862278491258621 0.143240332603455 0.208262220025063 0.294082224369049 0.427805095911026 0.588719427585602 0.716856241226196 0.694452702999115 0.796566724777222 0.847606539726257 0.844479739665985 0.849654912948608 0.866189956665039 0.90714967250824 0.921246230602264 0.881082057952881 0.936625182628632 0.955989837646484 0.938976228237152 0.931817889213562 0.937774062156677 0.947777211666107 0.944457113742828 0.946000754833221 0.945794582366943 0.943671464920044 0.958537697792053 0.95768278837204 0.971514463424683 0.972659528255463 0.972596406936646 0.973957657814026 0.976136565208435 0.970272481441498 0.97245866060257 0.956164598464966 0.946491658687592 0.938254714012146 0.936176121234894 0.939963519573212 0.935538172721863 0.94531375169754 -3.4e+38 -3.4e+38 -3.4e+38 -3.4e+38 0.95293390750885 0.956229090690613 0.957064926624298 0.957287728786469 0.956233143806458
0.0330622941255569 0.0660174414515495 0.10809563845396 0.168288394808769 0.267457783222198 0.453338950872421 0.660350501537323 0.755815327167511 0.653041422367096 0.734087109565735 0.770179390907288 0.853931903839111 0.879032909870148 0.8729048371315 0.898025751113892 0.927034795284271 0.937885582447052 0.941942811012268 0.953979849815369 0.955984473228455 0.954646944999695 0.965931534767151 0.975429654121399 0.978139400482178 0.964907348155975 0.949599087238312 0.946834027767181 0.943423569202423 0.944642186164856 0.947434425354004 0.94668060541153 0.973942279815674 0.971794784069061 0.979336261749268 0.980128347873688 0.971175014972687 0.963313043117523 -3.4e+38 0.937832474708557 0.939750254154205 0.936361253261566 0.940172255039215 0.948584258556366 0.944805502891541 -3.4e+38 0.952426433563232 0.954367995262146 0.958825170993805 0.957929015159607 0.960467159748077 0.960467159748077 0.961247801780701
0.0278546363115311 0.0560831613838673 0.101981185376644 0.165867790579796 0.278486967086792 0.423193216323853 0.591270267963409 0.664224743843079 0.634175717830658 0.799887120723724 0.842337012290955 0.803822636604309 0.86127370595932 0.905224740505219 0.905645132064819 0.939396023750305 0.9522585272789 0.95134973526001 0.959916114807129 0.957744479179382 0.954010665416718 0.970171928405762 0.971613943576813 0.9665607213974 0.954278945922852 0.94817042350769 0.94200474023819 -3.4e+38 -3.4e+38 -3.4e+38 0.946526646614075 0.947632193565369 0.956725358963013 0.949175536632538 0.968610644340515 0.966975569725037 0.964126110076904 0.935721397399902 -3.4e+38 -3.4e+38 0.940082311630249 0.953485786914825 0.948534369468689 0.950630247592926 0.953752517700195 0.958168685436249 0.960592746734619 0.963199496269226 0.9651939868927 0.968204021453857 0.969781577587128 0.968660593032837
0.0242472253739834 0.0406183861196041 0.0776046812534332 0.12645722925663 0.210100576281548 0.319896966218948 0.433250308036804 0.606406390666962 0.586432814598083 0.743242621421814 0.729299902915955 0.835275530815125 0.91778165102005 0.931303799152374 0.906140208244324 0.950661420822144 0.963296055793762 0.963810324668884 0.962843477725983 0.96417373418808 0.95132040977478 0.950290501117706 0.956942021846771 0.952196180820465 -3.4e+38 -3.4e+38 -3.4e+38 -3.4e+38 0.947615444660187 0.948046743869781 0.952517509460449 0.948712646961212 0.943850815296173 0.937337696552277 0.938751935958862 -3.4e+38 0.938452005386353 0.932964146137238 0.936525166034698 0.941999971866608 -3.4e+38 -3.4e+38 0.948242902755737 0.958457469940186 0.967070400714874 0.964021146297455 0.968127250671387 0.971838533878326 0.975727617740631 0.9767245054245 0.977705836296082 0.975165605545044
0.0130589567124844 -3.4e+38 0.0676072016358376 0.119987018406391 0.217694818973541 0.265386164188385 0.386286705732346 0.511855840682983 0.534714460372925 0.682708144187927 0.78765732049942 0.85544091463089 0.850278675556183 0.887145638465881 0.897713124752045 0.905935764312744 0.937099039554596 0.970915973186493 0.971062362194061 0.956263303756714 0.961959302425385 0.933410286903381 -3.4e+38 -3.4e+38 -3.4e+38 -3.4e+38 -3.4e+38 0.947952568531036 0.950354874134064 0.95428729057312 0.95838475227356 0.964999258518219 0.9558265209198 0.933367848396301 0.92042350769043 -3.4e+38 -3.4e+38 -3.4e+38 0.915461361408234 0.919066190719604 0.921842813491821 0.931163251399994 0.939989328384399 0.954306960105896 0.961126625537872 0.975296199321747 0.975660979747772 0.982669293880463 0.985266029834747 0.98056423664093 0.978691518306732 0.97739565372467
0.0166649259626865 0.0297892428934574 0.0482393503189087 0.0947262719273567 0.129359945654869 0.22184157371521 0.315006911754608 0.374225705862045 0.469749301671982 0.648601651191711 0.732315957546234 0.765437424182892 0.81366366147995 0.894915878772736 0.894914269447327 0.893840253353119 0.896911025047302 0.932570278644562 0.956596314907074 0.950532972812653 0.953113973140717 0.962832629680634 -3.4e+38 -3.4e+38 0.951598882675171 0.974448621273041 0.978120625019073 0.964390933513641 0.969903945922852 0.984035134315491 0.988732814788818 0.986412167549133 0.961067140102386 0.9260493516922 -3.4e+38 -3.4e+38 -3.4e+38 -3.4e+38 0.924510419368744 0.932393848896027 0.934639394283295 0.941086530685425 0.963753700256348 0.968694150447845 0.972921907901764 0.97654789686203 0.977915525436401 0.979438900947571 0.979073643684387 0.977273225784302 0.975594878196716 0.975524365901947
0.017313614487648 0.0297900177538395 0.0544820427894592 0.080137275159359 0.136853724718094 0.192550852894783 0.275940179824829 0.413255929946899 0.485617071390152 0.555602729320526 0.666324496269226 0.764367938041687 0.828363060951233 0.817874193191528 0.846597969532013 0.874285876750946 0.90442568063736 0.915686309337616 0.918278276920319 0.948247075080872 0.9647496342659 0.964827656745911 -3.4e+38 0.980492472648621 0.981670677661896 0.985843062400818 0.98131000995636 0.984415471553802 0.98304009437561 0.982724189758301 0.99087381362915 0.979018449783325 0.953633010387421 -3.4e+38 -3.4e+38 -3.4e+38 -3.4e+38 -3.4e+38 0.935700297355652 0.939073443412781 0.941044270992279 0.955015659332275 0.972005486488342 0.977714955806732 0.981751024723053 0.981225848197937 0.982228100299835 0.984981000423431 0.978647589683533 0.974749445915222 0.970211267471313 0.965266287326813
0.0163133032619953 0.0288455151021481 0.0517279282212257 0.0793179869651794 0.120686806738377 0.160376697778702 0.26889106631279 0.357152909040451 0.478890299797058 0.614982545375824 0.662951588630676 0.708219885826111 0.798394739627838 0.849069952964783 0.836316168308258 0.876522600650787 0.922150373458862 0.932639837265015 0.943130612373352 0.95304811000824 0.976727068424225 0.978481233119965 0.967196524143219 0.98775327205658 0.988226711750031 0.985112071037292 0.988705992698669 0.989534080028534 0.991620481014252 0.991480708122253 0.987958610057831 0.977245330810547 0.960064113140106 -3.4e+38 -3.4e+38 -3.4e+38 -3.4e+38 -3.4e+38 0.946320295333862 0.950609564781189 0.958635926246643 0.971962869167328 0.987261652946472 0.988973915576935 0.986095666885376 0.984235882759094 0.985094547271729 0.979988038539886 0.970183372497559 0.967631042003632 0.963971555233002 0.959452211856842
0.0143426330760121 0.0239367447793484 0.0423430353403091 0.0664174780249596 0.1029112637043 0.161490455269814 0.206986010074615 0.287696480751038 0.397201538085938 0.507952272891998 0.576978921890259 0.679855823516846 0.718441069126129 0.807402908802032 0.810960471630096 0.876660764217377 0.9194455742836 0.928553760051727 0.936173617839813 0.959259390830994 0.971511125564575 0.980988562107086 0.964888632297516 0.984095096588135 0.990843594074249 0.98952728509903 0.991496503353119 0.99023026227951 0.990857422351837 0.990392088890076 0.983330368995667 0.983979225158691 0.959499418735504 -3.4e+38 -3.4e+38 -3.4e+38 -3.4e+38 -3.4e+38 0.954951405525208 0.957672536373138 0.973302066326141 0.987118124961853 0.991247594356537 0.984769821166992 0.980408906936646 0.973507761955261 0.965734302997589 0.963889062404633 0.965969979763031 0.958569705486298 0.95993971824646 0.957548260688782
0.0153495324775577 0.0279102139174938 0.042361669242382 0.0630312189459801 0.0931320190429688 0.131577789783478 0.200690239667892 0.295266419649124 0.368524193763733 0.432444483041763 0.511492013931274 0.64524644613266 0.684589147567749 0.780945360660553 0.793101489543915 0.873055815696716 0.903623640537262 0.909375786781311 0.938239455223083 0.960763454437256 0.972613394260406 0.973551988601685 0.96415650844574 0.976483523845673 0.986163914203644 0.993301391601562 0.991211295127869 0.993265211582184 0.993144929409027 0.986569941043854 0.989089727401733 0.986314058303833 0.975857734680176 -3.4e+38 -3.4e+38 -3.4e+38 -3.4e+38 -3.4e+38 -3.4e+38 -3.4e+38 0.974040031433105 0.983356177806854 0.975639402866364 0.966533839702606 -3.4e+38 -3.4e+38 -3.4e+38 -3.4e+38 -3.4e+38 -3.4e+38 -3.4e+38 0.961998164653778
0.0180575978010893 0.0263667497783899 0.0473081842064857 0.0632870048284531 0.1066535115242 0.143586918711662 0.219934925436974 0.265538245439529 0.363597542047501 0.386716276407242 0.509406864643097 0.560334980487823 0.633759260177612 0.684500217437744 0.79280012845993 0.808389246463776 0.864958941936493 0.907667934894562 0.920910596847534 0.944648742675781 0.945241868495941 0.968373954296112 0.973976314067841 0.984968423843384 0.988591253757477 0.990454435348511 0.992352306842804 0.991905570030212 0.991296291351318 0.991566777229309 0.99140477180481 0.992783725261688 0.987344264984131 -3.4e+38 -3.4e+38 -3.4e+38 -3.4e+38 0.971426248550415 0.972942769527435 -3.4e+38 -3.4e+38 -3.4e+38 -3.4e+38 -3.4e+38 -3.4e+38 -3.4e+38 -3.4e+38 -3.4e+38 -3.4e+38 0.966760337352753 0.970360696315765 0.972494065761566
0.0169108211994171 0.0244708321988583 0.0400605648756027 0.0571098811924458 0.0855720341205597 0.127333953976631 0.175999596714973 0.224874272942543 0.293342411518097 0.375021278858185 0.512407541275024 0.559220016002655 0.63823539018631 0.698633372783661 0.686166346073151 0.765173077583313 0.816483616828918 0.87505841255188 0.916989326477051 0.92898827791214 0.95318192243576 0.966345846652985 0.970571935176849 0.979737520217896 0.984899699687958 0.990268170833588 0.99172431230545 0.991415321826935 0.991820514202118 0.991747736930847 0.988610863685608 0.981996297836304 0.980388998985291 0.975610315799713 -3.4e+38 -3.4e+38 0.973860740661621 0.974945187568665 0.975308299064636 -3.4e+38 -3.4e+38 -3.4e+38 -3.4e+38 -3.4e+38 0.9703369140625 0.969794154167175 0.9695103764534 0.976257503032684 0.979176104068756 0.98090648651123 0.980568766593933 0.986055433750153
0.0175283160060644 0.0259283818304539 0.037160836160183 0.0515773743391037 0.0798725262284279 0.113627523183823 0.154079645872116 0.209724679589272 0.288678020238876 0.356262415647507 0.42982280254364 0.552524149417877 0.593247294425964 0.673880279064178 0.686621844768524 0.74056214094162 0.78710675239563 0.796872496604919 0.866598904132843 0.908308029174805 0.931570708751678 0.945575177669525 0.960268378257751 0.967006862163544 0.973805904388428 0.981312334537506 0.987723052501678 0.987654685974121 0.987459719181061 0.988577723503113 0.988603591918945 0.981717050075531 0.980142295360565 -3.4e+38 -3.4e+38 0.970366775989532 0.980718851089478 0.978555083274841 0.969745934009552 -3.4e+38 -3.4e+38 -3.4e+38 0.96614408493042 0.972189664840698 0.973533749580383 0.980916440486908 0.982735395431519 0.984571099281311 0.984700083732605 0.986452519893646 0.988165378570557 0.988245844841003
0.0198368635028601 -3.4e+38 -3.4e+38 0.0537502877414227 0.0835873931646347 0.106694459915161 0.146102026104927 0.202919006347656 0.27197003364563 0.315918654203415 0.406659096479416 0.511608839035034 0.611790657043457 0.675345003604889 0.71302717924118 0.749857366085052 0.807192325592041 0.811387419700623 0.831053793430328 0.862323462963104 -3.4e+38 0.930108904838562 0.94313108921051 0.941570460796356 0.961131989955902 0.974455595016479 0.976995885372162 0.977258384227753 0.980148196220398 0.980855762958527 0.980122625827789 0.979975402355194 0.976550698280334 -3.4e+38 0.956475853919983 0.966266274452209 0.966999530792236 0.973781883716583 0.964625000953674 -3.4e+38 -3.4e+38 0.968430817127228 0.980019390583038 0.98587554693222 0.986265122890472 0.986234426498413 0.986950933933258 0.988390505313873 0.989339053630829 0.988763630390167 0.988057017326355 0.986022531986237
-3.4e+38 -3.4e+38 -3.4e+38 0.0516400374472141 0.0781046375632286 0.101120792329311 0.142847314476967 0.195774018764496 0.233477383852005 0.296831667423248 0.361017316579819 0.439411103725433 0.539854466915131 0.613660335540771 0.665917813777924 0.694474577903748 0.737710058689117 0.788938462734222 0.841861009597778 0.842070758342743 0.889645457267761 0.910141229629517 0.90791380405426 0.914573788642883 -3.4e+38 0.951051533222198 0.957241177558899 0.976588487625122 0.976498484611511 0.966174483299255 0.970100402832031 0.963038742542267 -3.4e+38 0.966743469238281 0.973150670528412 0.969101250171661 0.959109783172607 0.963925242424011 0.95839911699295 -3.4e+38 -3.4e+38 0.959700167179108 0.973074615001678 0.988570332527161 0.991740226745605 0.992920100688934 0.992190420627594 0.990581512451172 0.989498615264893 0.990053474903107 0.989516973495483 0.98566734790802
-3.4e+38 -3.4e+38 -3.4e+38 0.0558301173150539 0.073999784886837 0.101181834936142 0.124263919889927 0.159183159470558 0.208476811647415 0.264760732650757 0.33774346113205 0.419599592685699 0.496813476085663 0.549927055835724 0.603207647800446 0.640599071979523 0.68366676568985 0.73999434709549 0.778057336807251 0.839365601539612 0.865159273147583 0.884795665740967 0.9153653383255 0.916891872882843 0.92394357919693 0.937548398971558 0.944941282272339 0.952436149120331 0.946547389030457 -3.4e+38 -3.4e+38 -3.4e+38 -3.4e+38 0.963495671749115 0.976069509983063 0.970459640026093 0.954510450363159 0.973673105239868 0.977544605731964 0.966972827911377 -3.4e+38 -3.4e+38 0.965484857559204 0.972260177135468 0.98485392332077 0.988653957843781 0.989789843559265 0.992884993553162 0.994337916374207 0.990463316440582 0.989884257316589 0.988018393516541
-3.4e+38 -3.4e+38 0.0426481030881405 0.054851807653904 0.07102220505476 0.0916140675544739 0.130003392696381 0.155823692679405 0.200389161705971 0.255607694387436 0.307163506746292 0.3932965695858 0.438332676887512 0.470692604780197 0.594777822494507 0.588958859443665 0.61720883846283 0.738608956336975 0.760965466499329 0.816817879676819 0.8431037068367 0.879076063632965 0.901392161846161 0.902260601520538 0.920917272567749 0.94584721326828 0.952556312084198 0.945621371269226 0.952750027179718 0.94795161485672 0.947131752967834 0.94147002696991 -3.4e+38 0.963192045688629 0.976333558559418 0.967577576637268 0.973081290721893 0.959370791912079 0.970224857330322 0.969569981098175 0.974619030952454 -3.4e+38 -3.4e+38 0.97535628080368 0.986069560050964 0.985933423042297 0.986465275287628 0.989322423934937 0.989660918712616 0.990179061889648 0.989735841751099 0.994812965393066
