data/climate_estimation/maxent_output/Luzuriaga_polyphylla.asc
NCOLS 42 
NROWS 114 
XLLCORNER -74.1666666666667 
YLLCORNER -46.0833333333333 
CELLSIZE 0.0833333333333333 
NODATA_value -3.4e+38 
[rows 44 to 65 of 114, columns 0 to 41 of 42]
-3.4e+38 -3.4e+38 -3.4e+38 -3.4e+38 0.780226409435272 0.915332317352295 0.940737068653107 0.94877415895462 0.941560864448547 0.951882302761078 0.891396045684814 0.87781822681427 0.827868044376373 0.781819999217987 0.784156560897827 0.766263663768768 0.804343819618225 0.820470452308655 0.818143367767334 0.73708587884903 0.699470996856689 0.648596346378326 0.636743009090424 0.65599113702774 0.648545742034912 0.592416107654572 0.654987990856171 0.665572881698608 0.582948565483093 0.502957582473755 0.422276854515076 0.34508752822876 0.280592620372772 0.218815937638283 0.189966425299644 0.1604945063591 0.106524810194969 0.0686779394745827 0.0498833023011684 0.0397881008684635 0.0307507049292326 0.0239260774105787
-3.4e+38 -3.4e+38 -3.4e+38 -3.4e+38 0.784796297550201 0.909222781658173 0.949719130992889 0.953624844551086 0.903171122074127 0.858730912208557 0.821338713169098 0.792139828205109 0.771689593791962 0.796946883201599 0.807828366756439 0.742833375930786 0.748682916164398 0.751559019088745 0.7733353972435 0.816705882549286 0.874234318733215 0.889324486255646 0.881039023399353 0.773709177970886 0.722241699695587 0.666922569274902 0.711603403091431 0.649227976799011 0.578275501728058 0.486682116985321 0.418967336416245 0.341807454824448 0.28226763010025 0.231825187802315 0.166444659233093 0.146777108311653 0.121931813657284 0.0700510069727898 0.0499769672751427 0.0395272262394428 0.0303009953349829 0.0242192931473255
-3.4e+38 -3.4e+38 -3.4e+38 -3.4e+38 0.811373591423035 0.902869999408722 0.914616227149963 0.93135529756546 0.85286271572113 0.81713455915451 0.772659182548523 0.772228598594666 0.73423445224762 0.766722679138184 0.78762948513031 0.744687378406525 0.737670183181763 0.730324566364288 0.768153250217438 0.821142375469208 0.88849538564682 0.895493745803833 0.919601857662201 0.897164940834045 0.809080719947815 0.784168839454651 0.738463163375854 0.654845237731934 0.585222005844116 0.503483057022095 0.413860946893692 0.338022083044052 0.290791004896164 0.231046289205551 0.182181179523468 0.130321010947227 0.0973918884992599 0.0760688409209251 0.0550338141620159 0.0421175062656403 0.0329943224787712 0.0264751520007849
-3.4e+38 -3.4e+38 -3.4e+38 -3.4e+38 0.801509261131287 0.840729355812073 0.876920759677887 0.84380978345871 0.819689750671387 0.794533550739288 0.778685986995697 0.732262313365936 0.754374861717224 0.807482600212097 0.771627247333527 0.761889755725861 0.755629777908325 0.757639706134796 0.790655851364136 0.818168997764587 0.867327272891998 0.891116917133331 0.892680585384369 0.892056822776794 0.848116338253021 0.782774746417999 0.736272513866425 0.65460216999054 0.570676982402802 0.502046346664429 0.428482830524445 0.338869690895081 0.285977125167847 0.23959769308567 0.201281502842903 0.130815967917442 0.111362911760807 0.0848295316100121 0.057730533182621 0.0463260188698769 0.0350137464702129 0.0290154032409191
-3.4e+38 -3.4e+38 -3.4e+38 0.812065303325653 0.845493316650391 0.890652775764465 0.92074978351593 0.823333024978638 0.820044755935669 0.799842596054077 0.770801246166229 0.743859708309174 0.755288600921631 0.780218005180359 0.751043796539307 0.75332236289978 0.794415354728699 0.797371864318848 0.815432727336884 0.825961768627167 0.825591325759888 0.84793347120285 0.858342289924622 0.835238933563232 0.844208419322968 0.739503085613251 0.744827806949615 0.653739511966705 0.598360061645508 0.498866409063339 0.414884090423584 0.336257517337799 0.264584422111511 0.212415471673012 0.179636642336845 0.144232913851738 0.113877512514591 0.080359160900116 0.0594561994075775 0.0459244698286057 0.0367224626243114 0.0290991868823767
-3.4e+38 -3.4e+38 -3.4e+38 0.802227675914764 0.851929843425751 0.864885866641998 0.919870436191559 0.860793888568878 0.822958707809448 0.84221225976944 0.788160741329193 0.763638854026794 0.778453946113586 0.788211703300476 0.800326585769653 0.790388584136963 0.802408516407013 0.835836350917816 0.879974782466888 0.848140299320221 0.825343728065491 0.842136859893799 0.850208461284637 0.841919124126434 0.790277004241943 0.802127599716187 0.722214579582214 0.658244132995605 0.609877467155457 0.543888926506042 0.416482836008072 0.349686712026596 0.299160957336426 0.235069125890732 0.172216966748238 0.137675687670708 0.103093035519123 0.0811207368969917 0.064453087747097 0.0530491098761559 0.0423352271318436 0.0319994613528252
-3.4e+38 -3.4e+38 -3.4e+38 0.833831906318665 0.872781991958618 0.922660827636719 0.931568920612335 0.87433522939682 0.822687268257141 0.802723944187164 0.780036747455597 0.781471908092499 0.813138782978058 0.851911604404449 0.818528771400452 0.810633420944214 0.822091102600098 0.847415506839752 0.838524341583252 0.817607939243317 0.822917878627777 0.853959023952484 0.872061192989349 0.872984647750854 0.849157273769379 0.799878597259521 0.706998348236084 0.65462327003479 0.598195552825928 0.588662564754486 0.493908911943436 0.349307745695114 0.282259583473206 0.241832062602043 0.191488772630692 0.142729640007019 0.102883391082287 0.0849773734807968 0.0684394165873528 0.0559432506561279 0.0451247841119766 0.0353251583874226
-3.4e+38 -3.4e+38 -3.4e+38 0.85436737537384 0.887525737285614 0.922711670398712 0.940324425697327 0.883193612098694 0.814847648143768 0.797060191631317 0.766122460365295 0.803773581981659 0.828688979148865 0.833287417888641 0.838885426521301 0.815847456455231 0.839927136898041 0.872286438941956 0.935436010360718 0.916417956352234 0.877697050571442 0.81875741481781 0.798444926738739 0.684531986713409 0.801567614078522 0.766576588153839 0.746331632137299 0.621985495090485 0.589134752750397 0.507696866989136 0.531014144420624 0.442817389965057 0.281985849142075 0.245368719100952 0.192829310894012 0.162371039390564 0.105266004800797 0.0832226499915123 0.0695662796497345 0.05643105879426 0.0405288413167 0.0357558242976665
-3.4e+38 -3.4e+38 0.831073939800262 0.873564004898071 0.909217834472656 0.932568252086639 0.856084823608398 0.816020905971527 0.803139686584473 0.77867728471756 0.786439597606659 0.788657665252686 0.808704912662506 0.825931966304779 0.855454683303833 0.830188453197479 0.868682563304901 0.899715721607208 0.951776146888733 0.928114831447601 0.902269959449768 0.893295586109161 0.88570898771286 0.854444146156311 0.809023976325989 0.77465033531189 0.744156956672668 0.646078169345856 0.552243888378143 0.470720529556274 0.450183808803558 0.451166778802872 0.327004879713058 0.213135585188866 0.180140465497971 0.139903247356415 0.10186754912138 0.0848039388656616 0.0716528668999672 0.0540611073374748 0.0445442833006382 0.0303194150328636
-3.4e+38 -3.4e+38 0.852145612239838 0.89946323633194 0.913913190364838 0.872521638870239 0.809768438339233 0.824182689189911 0.801128327846527 0.78728199005127 0.773959696292877 0.758124113082886 0.776736199855804 0.800121426582336 0.849900126457214 0.827468812465668 0.809749782085419 0.78680157661438 0.936359643936157 0.947576284408569 0.942870676517487 0.91828989982605 0.842959344387054 0.640148341655731 0.782514572143555 0.748299658298492 0.714313983917236 0.684903681278229 0.604806482791901 0.519339501857758 0.455535560846329 0.451815724372864 0.304588973522186 0.218152910470963 0.178986519575119 0.130774706602097 0.100027039647102 0.0804154872894287 0.0693470537662506 0.0545922815799713 0.0410970710217953 0.0330765768885612
-3.4e+38 -3.4e+38 0.849973440170288 0.897657811641693 0.928844094276428 0.852583348751068 0.808902382850647 0.808077991008759 0.797592103481293 0.76290637254715 0.772792279720306 0.766181468963623 0.770973920822144 0.781765103340149 0.782846033573151 0.823746979236603 0.845899760723114 0.803118050098419 0.870915293693542 0.976112186908722 0.949597895145416 0.837975144386292 0.681775271892548 0.854284763336182 0.71409410238266 0.640005230903625 0.729994118213654 0.616176605224609 0.560768961906433 0.490621209144592 0.413706034421921 0.329273909330368 0.273640632629395 0.209794759750366 0.170220673084259 0.111352823674679 0.0867797434329987 0.0772145688533783 0.0666475892066956 0.0448865927755833 0.0369703508913517 0.0299961660057306
-3.4e+38 -3.4e+38 -3.4e+38 0.892555117607117 0.917142987251282 0.850210547447205 0.83416485786438 0.81586366891861 0.801763474941254 0.789468467235565 0.787417411804199 0.769449353218079 0.782309472560883 0.794204831123352 0.83581531047821 0.858467042446136 0.882191181182861 0.914998471736908 0.841061472892761 0.870263576507568 0.911179065704346 0.925869882106781 0.815925478935242 0.871788799762726 0.778349101543427 0.807410895824432 0.744545459747314 0.581437587738037 0.548194885253906 0.460237950086594 0.368650317192078 0.301242738962173 0.253870099782944 0.212625101208687 0.167911633849144 0.117390632629395 0.089477427303791 0.0756707713007927 0.0536372177302837 0.0528388917446136 0.0397827364504337 0.0304981544613838
-3.4e+38 -3.4e+38 -3.4e+38 0.876524448394775 0.905032694339752 0.900385618209839 0.88042801618576 0.817408502101898 0.804532110691071 0.795567691326141 0.794212937355042 0.787364542484283 0.783667325973511 0.818634450435638 0.877721309661865 0.920850694179535 0.951485216617584 0.975608348846436 0.980440020561218 0.940819203853607 0.88630473613739 0.879091501235962 0.872151792049408 0.851447343826294 0.865523934364319 0.781089067459106 0.753345668315887 0.58929169178009 0.531321167945862 0.445407778024673 0.353328675031662 0.289870262145996 0.245770767331123 0.189043149352074 0.174239665269852 0.122412011027336 0.0940141752362251 0.0753236413002014 0.0612949691712856 0.0444087237119675 0.0372593142092228 0.031206039711833
-3.4e+38 -3.4e+38 -3.4e+38 0.900338292121887 0.896615982055664 0.902568817138672 0.872696876525879 0.848586678504944 0.840281009674072 0.817664384841919 0.805742979049683 0.809597671031952 0.794900476932526 0.829513967037201 0.884820997714996 0.918456315994263 0.961858928203583 0.979676902294159 0.983324587345123 0.961732566356659 0.95170396566391 0.910316586494446 0.773790717124939 0.889657557010651 0.853632628917694 0.796391665935516 0.684017241001129 0.573161005973816 0.513798534870148 0.434062540531158 0.342343300580978 0.276080429553986 0.244853660464287 0.175443083047867 0.146029487252235 0.116644121706486 0.0833027437329292 0.0629018768668175 0.0529729463160038 0.0435714013874531 0.0347804762423038 0.0303557068109512
-339999999999999996123846586046231871488.000000000000000 -3.4e+38 -3.4e+38 0.912595868110657 0.901544809341431 0.904670178890228 0.870019495487213 0.86712658405304 0.852319419384003 0.839004516601562 0.825053989887238 0.807872891426086 0.831927180290222 0.836909472942352 0.854706168174744 0.903910994529724 0.949535489082336 0.970213174819946 0.973670482635498 0.962348520755768 0.948227107524872 0.940032243728638 0.837240934371948 0.895263850688934 0.867233335971832 0.797084510326385 0.712647378444672 0.589414775371552 0.490043491125107 0.393967807292938 0.330182641744614 0.271066844463348 0.216185703873634 0.185693562030792 0.14059941470623 0.120915718376637 0.0961357280611992 0.0627847537398338 0.0511959344148636 0.0400033816695213 0.0342392548918724 0.0276740211993456
-3.4e+38 -3.4e+38 -3.4e+38 -3.4e+38 0.913966953754425 0.91380250453949 0.895538032054901 0.870325922966003 0.842636525630951 0.831295669078827 0.816211819648743 0.825455367565155 0.831851541996002 0.829136967658997 0.844353854656219 0.871623814105988 0.934496641159058 0.97875589132309 0.976812541484833 0.979548454284668 0.967033565044403 0.938054263591766 0.889350950717926 0.89239627122879 0.859277427196503 0.752479493618011 0.726466715335846 0.581913769245148 0.480996131896973 0.384377032518387 0.29534438252449 0.217174157500267 0.190833985805511 0.166759520769119 0.13768196105957 0.11888725310564 0.0968689918518066 0.0669902414083481 0.0527890399098396 0.0427388437092304 0.0352582223713398 0.0284960400313139
-3.4e+38 -3.4e+38 -3.4e+38 -3.4e+38 -3.4e+38 0.920503079891205 0.906310081481934 0.878261566162109 0.833894014358521 0.84454220533371 0.858631908893585 0.862874209880829 0.849062740802765 0.867135286331177 0.88249546289444 -3.4e+38 -3.4e+38 0.940433859825134 0.981232523918152 0.978380858898163 0.973339438438416 0.928446650505066 0.860690295696259 0.854990065097809 0.850108563899994 0.729565322399139 0.712528049945831 0.539703786373138 0.455632388591766 0.350172966718674 0.247852608561516 0.202714473009109 0.161944195628166 0.139916300773621 0.131242021918297 0.108194157481194 0.0853645280003548 0.0790609195828438 0.057839784771204 0.0423743017017841 0.0333715602755547 0.0261259544640779
-3.4e+38 -3.4e+38 -3.4e+38 -3.4e+38 0.927969515323639 0.922420918941498 0.916833639144897 0.879527688026428 0.85418313741684 0.869975388050079 0.877018630504608 0.874739944934845 0.884273529052734 0.894155979156494 0.907400488853455 0.913340449333191 -3.4e+38 0.940058827400208 0.970645904541016 0.954972147941589 0.931178450584412 0.931354880332947 0.90498548746109 0.886186420917511 0.851323246955872 0.776411712169647 0.658280551433563 0.518067359924316 0.424479871988297 0.332707226276398 0.284648329019547 0.17507928609848 0.149299010634422 0.136125206947327 0.12916487455368 0.103685393929482 0.0722756460309029 0.0774125978350639 0.0527566745877266 0.0359933041036129 0.0317451693117619 0.0254865624010563
-3.4e+38 0.948572635650635 0.954429745674133 0.943610310554504 -3.4e+38 0.947947144508362 0.943236827850342 0.910252332687378 0.883688688278198 0.879884600639343 0.878502488136292 0.891857385635376 0.887722730636597 0.913581252098083 0.937179267406464 -3.4e+38 0.971373498439789 0.976443588733673 0.984152257442474 0.97850501537323 0.97594940662384 0.92652302980423 0.933824598789215 0.87872326374054 0.787385821342468 0.77025955915451 0.609943747520447 0.478729844093323 0.394335806369781 0.334869652986526 0.235226050019264 0.183120012283325 0.142030462622643 0.144706577062607 0.120045937597752 0.0928779616951942 0.0636938512325287 0.0644728764891624 0.0428957901895046 0.031452689319849 0.0288643296808004 0.0245960783213377
-3.4e+38 0.958502054214478 0.966511905193329 0.971820294857025 0.966219484806061 0.960714340209961 0.952446758747101 0.949721097946167 0.933695673942566 -3.4e+38 -3.4e+38 0.923306882381439 0.921983242034912 0.937435746192932 0.951350033283234 0.961256384849548 0.978699684143066 0.978579103946686 0.990150272846222 0.983395218849182 0.978133618831635 0.966141283512115 0.89932382106781 0.826722323894501 0.805150747299194 0.691392421722412 0.599720060825348 0.472970813512802 0.348114430904388 0.285259217023849 0.213513240218163 0.137833848595619 0.117453627288342 0.114478334784508 0.105985231697559 0.075559638440609 0.0485070794820786 0.0435619167983532 0.0337080098688602 0.029644226655364 0.0259169451892376 0.0214701853692532
-3.4e+38 0.970002710819244 0.976400554180145 0.981955230236053 0.974982082843781 0.970443904399872 0.971347630023956 0.965289354324341 -3.4e+38 -3.4e+38 -3.4e+38 -3.4e+38 -3.4e+38 -3.4e+38 -3.4e+38 0.965833902359009 0.978642344474792 0.973020970821381 0.983184695243835 0.977338910102844 0.928523004055023 0.962918043136597 0.904855370521545 0.77200323343277 0.722278296947479 0.634908735752106 0.547619700431824 0.438836067914963 0.373936593532562 0.278030544519424 0.210584953427315 0.110577508807182 0.1452856361866 0.0960945785045624 0.0779785960912704 0.0531130470335484 0.0419672317802906 0.0474160835146904 0.0358684025704861 0.0265421792864799 0.0226782485842705 0.019343800842762
-3.4e+38 0.977396845817566 0.981854140758514 0.985326826572418 0.984610736370087 0.98122251033783 0.977172374725342 0.970046639442444 0.96255099773407 -3.4e+38 -3.4e+38 -3.4e+38 -3.4e+38 -3.4e+38 -3.4e+38 -3.4e+38 0.978875637054443 0.971740305423737 0.958777666091919 0.9680495262146 0.960238039493561 0.947344303131104 0.858826458454132 0.814038872718811 0.785480439662933 0.664246439933777 0.537208497524261 0.434867382049561 0.347188502550125 0.264434456825256 0.184064835309982 0.111612185835838 0.121954135596752 0.108526796102524 0.0968487039208412 0.0508207902312279 0.0487727709114552 0.0512438714504242 0.0333617217838764 0.0273657869547606 0.0204985197633505 0.0183066967874765
