data/climate_estimation/maxent_output/Luzuriaga_radicans.asc
NCOLS 35 
NROWS 142 
XLLCORNER -74.25 
YLLCORNER -45.75 
CELLSIZE 0.0833333333333335 
NODATA_value -3.4e+38 
[rows 81 to 107 of 142, columns 0 to 34 of 35]
-3.4e+38 -3.4e+38 -3.4e+38 -3.4e+38 0.775355994701385 0.808064579963684 0.82669597864151 0.875576496124268 0.864070296287537 0.875219345092773 0.894512414932251 0.86076945066452 0.803243160247803 0.765096187591553 0.704185843467712 0.746475994586945 0.817421019077301 0.894067704677582 0.847046911716461 0.815282762050629 0.696569621562958 0.636340916156769 0.583681404590607 0.611875295639038 0.782283008098602 0.625215590000153 0.800429046154022 0.889690101146698 0.87630707025528 0.713028430938721 0.669550001621246 0.653705775737762 0.392895519733429 0.294424563646317 0.215903624892235
-3.4e+38 -3.4e+38 -3.4e+38 -3.4e+38 0.761799573898315 0.810321569442749 0.854246377944946 0.845936298370361 0.858012616634369 0.867854237556458 0.874060273170471 0.846615314483643 0.812185764312744 0.81202095746994 0.787741184234619 0.778475105762482 0.838805258274078 0.889786183834076 0.848728358745575 0.801465630531311 0.699183225631714 0.637425601482391 0.583593189716339 0.736798763275146 0.878134787082672 0.889558494091034 0.847521662712097 0.952384233474731 0.912090718746185 0.834585666656494 0.652332127094269 0.729549646377563 0.448504984378815 0.251365005970001 0.175712913274765
-3.4e+38 -3.4e+38 -3.4e+38 -3.4e+38 0.773006200790405 0.796919822692871 0.83560311794281 0.867945075035095 0.852869808673859 0.848634898662567 0.853920817375183 0.807267785072327 0.838235199451447 0.836178839206696 0.784471869468689 0.759039461612701 0.776954531669617 0.871540904045105 0.857776582241058 0.802138328552246 0.727600574493408 0.652175962924957 0.562266826629639 0.514424681663513 0.37250554561615 0.532812297344208 0.663935780525208 0.787320673465729 0.918857872486115 0.874047696590424 0.815101385116577 0.798377513885498 0.810531973838806 0.333776891231537 0.175145179033279
-3.4e+38 -3.4e+38 -3.4e+38 0.704721391201019 0.764092624187469 0.80260968208313 0.831815898418427 0.803134083747864 0.80140095949173 0.779687583446503 0.79647433757782 0.794792532920837 0.791502177715302 0.788823187351227 0.735929369926453 0.687857925891876 0.717740654945374 0.844522774219513 0.851024210453033 0.817718207836151 0.738658308982849 0.670789182186127 0.645321071147919 0.769331932067871 0.712138473987579 0.641228318214417 0.505251467227936 0.647890567779541 0.854327142238617 0.859420597553253 0.672884345054626 0.737016081809998 0.885308682918549 0.533071398735046 0.23173326253891
-3.4e+38 -3.4e+38 -3.4e+38 0.702676594257355 0.768007457256317 0.780089735984802 0.76618093252182 0.749309599399567 0.756648242473602 0.758610248565674 0.771603524684906 0.75413578748703 0.687130093574524 0.679066717624664 0.637434005737305 0.620355844497681 0.647244095802307 0.707993388175964 0.729682803153992 0.763063967227936 0.775457799434662 0.807556748390198 0.699644029140472 0.575311899185181 0.356588631868362 0.476062417030334 0.413119196891785 0.392642021179199 0.558127045631409 0.764478325843811 0.809279382228851 0.755047082901001 0.761544823646545 0.53220134973526 0.302402913570404
-3.4e+38 -3.4e+38 -3.4e+38 0.675222992897034 0.739366829395294 0.797422230243683 0.726718902587891 0.717496693134308 0.709583580493927 0.690180420875549 0.687316119670868 0.689486026763916 0.633012294769287 0.609597742557526 0.554933726787567 0.484329611063004 0.556232035160065 0.638543903827667 0.671202719211578 0.720719754695892 0.883718073368073 0.778219640254974 0.591933131217957 0.421077847480774 0.598697543144226 0.394515842199326 0.309885561466217 0.85344123840332 0.87031489610672 0.853238165378571 0.778051376342773 0.673982381820679 0.40395313501358 0.393867403268814 0.269555032253265
-3.4e+38 -3.4e+38 -3.4e+38 -3.4e+38 0.708878755569458 0.755918741226196 0.687548637390137 0.665170252323151 0.674378097057343 0.663496136665344 0.639881193637848 0.637818515300751 0.577455997467041 0.549833953380585 0.52721118927002 0.504455745220184 0.524286389350891 0.603863656520844 0.657384693622589 0.65191251039505 0.627803683280945 0.68343061208725 0.811272323131561 0.552401840686798 0.791308104991913 0.461352735757828 0.673918724060059 0.780283510684967 0.854459524154663 0.811255753040314 0.709348320960999 0.450488358736038 0.284067362546921 0.271492928266525 0.198928251862526
-3.4e+38 -3.4e+38 -3.4e+38 -3.4e+38 0.649419069290161 0.696806669235229 0.675807118415833 0.660312652587891 0.601728618144989 0.618217706680298 0.597394227981567 0.563299894332886 0.504761576652527 0.467561721801758 0.483180671930313 0.540457189083099 0.562849760055542 0.590279936790466 0.669115543365479 0.799897253513336 0.741730809211731 0.630021274089813 0.630195200443268 0.621729016304016 0.578719556331635 0.702321588993073 0.574270844459534 0.673469305038452 0.862649857997894 0.798304677009583 0.712401747703552 0.569952189922333 0.4045150578022 0.232307463884354 0.108497887849808
-3.4e+38 -3.4e+38 -3.4e+38 -3.4e+38 0.64262580871582 0.643996775150299 0.642372608184814 0.599268913269043 0.579523205757141 0.592463493347168 0.555800318717957 0.495595335960388 0.43924555182457 0.372576862573624 0.404053837060928 0.497285932302475 0.517285108566284 0.578890740871429 0.672254621982574 0.81508481502533 0.797814965248108 0.776200532913208 0.679447114467621 0.48099684715271 0.794440567493439 0.69245433807373 0.76604825258255 0.796938300132751 0.805551826953888 0.691452264785767 0.658029854297638 0.479788064956665 0.394314289093018 0.236347079277039 0.0973574072122574
-3.4e+38 -3.4e+38 -3.4e+38 -3.4e+38 0.620055377483368 0.60989648103714 0.617318511009216 0.557118713855743 0.579058170318604 0.553325831890106 0.521707952022552 0.487226575613022 0.418059766292572 0.426836729049683 0.409817695617676 0.42674133181572 0.492494314908981 0.536156713962555 0.62444806098938 0.733155310153961 0.784402310848236 0.753786504268646 0.734887480735779 0.553197503089905 0.681961476802826 0.815906703472137 0.777391195297241 0.698382973670959 0.712659001350403 0.744929134845734 0.598165154457092 0.458783745765686 0.290095061063766 0.211910530924797 0.140377774834633
-3.4e+38 -3.4e+38 -3.4e+38 -3.4e+38 -3.4e+38 0.601793348789215 0.58424985408783 0.560711920261383 0.533972799777985 0.501509726047516 0.489881545305252 0.458210110664368 0.452175706624985 0.429196000099182 0.416045576334 0.427741050720215 0.454911023378372 0.508858144283295 0.618946731090546 0.746704638004303 0.850915968418121 0.817045867443085 0.733044266700745 0.622801423072815 0.812255263328552 0.719917595386505 0.83524751663208 0.61943519115448 0.705694794654846 0.67818957567215 0.596375226974487 0.464806824922562 0.32768851518631 0.200896725058556 0.10194918513298
-3.4e+38 -3.4e+38 -3.4e+38 -3.4e+38 -3.4e+38 -3.4e+38 0.601839125156403 0.570360362529755 0.540745556354523 0.491849482059479 0.492035716772079 0.507521450519562 0.479843109846115 0.44268000125885 0.451837122440338 0.480523467063904 -3.4e+38 -3.4e+38 0.539364755153656 0.760251224040985 0.849377334117889 0.838426113128662 0.712173700332642 0.58033275604248 0.573571622371674 0.72759485244751 0.815668940544128 0.647786140441895 0.773424744606018 0.657027423381805 0.53109872341156 0.364319503307343 0.274406403303146 0.163574233651161 0.0965180769562721
-3.4e+38 -3.4e+38 -3.4e+38 -3.4e+38 -3.4e+38 0.662931442260742 0.610816478729248 0.586087048053741 0.546918213367462 0.513751149177551 0.527689337730408 0.507866084575653 0.4726243019104 0.47996985912323 0.482616662979126 0.478057265281677 0.474088758230209 -3.4e+38 0.538519442081451 0.684107601642609 0.724393784999847 0.713860809803009 0.718809962272644 0.666845083236694 0.802928924560547 0.566452980041504 0.583861470222473 0.597267329692841 0.716849386692047 0.646365880966187 0.491866022348404 0.343082934617996 0.211047828197479 0.1419468075037 0.0772776082158089
-3.4e+38 -3.4e+38 0.763792991638184 0.78154468536377 0.739802777767181 -3.4e+38 0.699569642543793 0.644048452377319 0.609843969345093 0.579611003398895 0.52875292301178 0.499994188547134 0.507944583892822 0.463683485984802 0.478569567203522 0.489758491516113 -3.4e+38 0.556331396102905 0.626339912414551 0.79876047372818 0.839439988136292 0.906526923179626 0.943064212799072 0.832408547401428 0.860246121883392 0.818723142147064 0.530563950538635 0.755326569080353 0.692470550537109 0.599194347858429 0.450177431106567 0.220732375979424 0.200290009379387 0.126997917890549 0.0743636935949326
-3.4e+38 -3.4e+38 0.808423697948456 0.832408666610718 0.826832294464111 0.792699217796326 0.753030061721802 0.678787291049957 0.643073976039886 0.63685405254364 -3.4e+38 -3.4e+38 0.517576694488525 0.507847011089325 0.514454185962677 0.519463002681732 0.519905388355255 0.57116436958313 0.644101917743683 0.845113813877106 0.86296945810318 0.857663035392761 0.837645590305328 0.931732892990112 0.910122573375702 0.745109617710114 0.759795486927032 0.601755321025848 0.666320741176605 0.442843019962311 0.327814936637878 0.211806908249855 0.139908879995346 0.102447465062141 0.0629994943737984
-3.4e+38 -3.4e+38 0.84391713142395 0.857394874095917 0.871071398258209 0.832591116428375 0.790542840957642 0.750575244426727 0.704632043838501 -3.4e+38 -3.4e+38 -3.4e+38 -3.4e+38 -3.4e+38 -3.4e+38 -3.4e+38 0.540061712265015 0.548575103282928 0.598209738731384 0.790323555469513 0.826341450214386 0.713498711585999 0.870678901672363 0.91818767786026 0.934247493743896 0.892990112304688 0.832594811916351 0.712760865688324 0.548871517181396 0.56166684627533 0.296928346157074 0.206909641623497 0.112508915364742 0.0950188487768173 0.0545938387513161
-3.4e+38 -3.4e+38 0.876715958118439 0.891282856464386 0.899660706520081 0.877750992774963 0.844711601734161 0.782015800476074 0.710748434066772 0.665778696537018 -3.4e+38 -3.4e+38 -3.4e+38 -3.4e+38 -3.4e+38 -3.4e+38 -3.4e+38 0.602688848972321 0.600660622119904 0.646299183368683 0.801388204097748 0.802890419960022 0.927936136722565 0.952791333198547 0.912941217422485 0.835036993026733 0.813025534152985 0.677554547786713 0.593633651733398 0.511360704898834 0.289000570774078 0.223519057035446 0.116862781345844 0.0762003287672997 0.0575546771287918
-3.4e+38 0.89633846282959 0.916584372520447 0.927772521972656 0.916860103607178 0.906774580478668 0.880923509597778 0.81803172826767 0.759786486625671 0.641065001487732 0.623948514461517 -3.4e+38 -3.4e+38 -3.4e+38 -3.4e+38 -3.4e+38 -3.4e+38 -3.4e+38 -3.4e+38 0.67012095451355 0.802663147449493 0.818501651287079 0.897488594055176 0.946757018566132 0.927883207798004 0.839890897274017 0.667802810668945 0.71493798494339 0.615932762622833 0.502571880817413 0.369752883911133 0.243229657411575 0.134419739246368 0.0744963064789772 0.0480204597115517
0.898343443870544 0.924978137016296 0.932745814323425 0.922504603862762 0.931502759456635 0.919118762016296 0.910258054733276 0.863849222660065 0.796012103557587 0.717499196529388 0.68428111076355 -3.4e+38 -3.4e+38 -3.4e+38 -3.4e+38 -3.4e+38 -3.4e+38 0.640337467193604 0.696906626224518 0.835894107818604 0.879357993602753 0.85559868812561 0.826217412948608 0.907469272613525 0.906526684761047 0.87835156917572 0.795731127262115 0.703108966350555 0.61801552772522 0.513123631477356 0.365234464406967 0.244042307138443 0.106074199080467 0.0933407917618752 0.0563157014548779
0.904935717582703 0.940542578697205 0.927828371524811 0.910120069980621 0.915488719940186 0.941902101039886 0.922589063644409 0.889831483364105 0.823601007461548 0.756482362747192 0.720848560333252 0.682447254657745 0.638472020626068 0.660792768001556 0.671437561511993 -3.4e+38 0.646930515766144 0.657267689704895 0.751971781253815 0.907227039337158 0.902821779251099 0.864499926567078 0.880662560462952 0.933558642864227 0.897099137306213 0.857201218605042 0.809445023536682 0.709281086921692 0.562267184257507 0.47917041182518 0.363386511802673 0.177490904927254 0.110818557441235 0.0763774961233139 0.04726492613554
0.924014270305634 0.945344865322113 0.914118766784668 0.939469039440155 0.956644415855408 0.970500886440277 0.947645306587219 0.920098841190338 0.887480974197388 0.801920771598816 -3.4e+38 0.684283435344696 -3.4e+38 0.646248281002045 -3.4e+38 -3.4e+38 -3.4e+38 0.714307188987732 0.846022427082062 0.903402090072632 0.945086061954498 0.837278544902802 0.91580194234848 0.900177955627441 0.83768367767334 0.84112948179245 0.770145356655121 0.578639447689056 0.503186464309692 0.379193812608719 0.214149221777916 0.164073646068573 0.109892636537552 0.0723433047533035 0.041801817715168
0.929226636886597 0.939252138137817 0.917461097240448 0.924723207950592 0.950085163116455 0.980439245700836 0.957413256168365 0.899597883224487 0.867569625377655 0.826620697975159 0.774603426456451 0.731919884681702 -3.4e+38 -3.4e+38 -3.4e+38 -3.4e+38 -3.4e+38 -3.4e+38 0.797952830791473 0.922680556774139 0.956377625465393 0.884604573249817 0.87944221496582 0.817264020442963 0.842999815940857 0.857547283172607 0.773356914520264 0.688800930976868 0.589390456676483 0.492174237966537 0.369444698095322 0.247479021549225 0.164278820157051 0.0937136933207512 0.0559664815664291
0.942672431468964 0.935025036334991 0.928169310092926 0.927926957607269 0.956493854522705 0.971089243888855 0.961169242858887 0.937237501144409 0.860894441604614 0.811692416667938 0.787046015262604 0.747076213359833 0.697143793106079 -3.4e+38 -3.4e+38 -3.4e+38 0.701215863227844 0.761612415313721 0.895170271396637 0.854674816131592 0.884710609912872 0.901522636413574 0.95896327495575 0.911852657794952 0.934973418712616 0.870491921901703 0.770714640617371 0.684247255325317 0.490251690149307 0.371064037084579 0.231621503829956 0.260213732719421 0.163294479250908 0.0730454921722412 0.0401659309864044
-3.4e+38 0.932498514652252 0.940275728702545 0.955635726451874 0.963348805904388 0.948577344417572 0.933346748352051 0.914532124996185 0.855854451656342 0.829066812992096 0.743161976337433 0.750468611717224 0.704379260540009 0.68797242641449 0.666209042072296 -3.4e+38 0.677470564842224 0.708430886268616 0.872696101665497 0.936277985572815 0.913533687591553 0.82670921087265 0.938503503799438 0.939476847648621 0.938259243965149 0.83068323135376 0.769246399402618 0.697906851768494 0.60210645198822 0.474540680646896 0.390105158090591 0.201564520597458 0.116621531546116 0.065145269036293 0.0420965477824211
-3.4e+38 0.897061049938202 0.925209879875183 0.916291654109955 0.943344473838806 0.918329358100891 0.904423594474792 0.871161162853241 0.819686412811279 -3.4e+38 -3.4e+38 -3.4e+38 -3.4e+38 0.688377678394318 0.698819756507874 0.68389755487442 0.664789974689484 0.714024722576141 0.890679836273193 0.896604239940643 0.93487548828125 0.876075029373169 0.844590604305267 0.842169642448425 0.880138635635376 0.853157103061676 0.821984946727753 0.694225609302521 0.578953623771667 0.507829606533051 0.363661348819733 0.213673010468483 0.0973947048187256 0.0656724274158478 0.0411036722362041
0.851874053478241 0.864875793457031 0.896327137947083 0.907351493835449 0.89563924074173 0.87340921163559 0.88259893655777 0.834487497806549 0.794938981533051 0.762232780456543 -3.4e+38 -3.4e+38 -3.4e+38 0.657527327537537 0.648021101951599 0.654419481754303 0.667693793773651 0.692451000213623 0.80331951379776 0.847325384616852 0.940345823764801 0.955907344818115 0.96825122833252 0.872702658176422 0.856778740882874 0.877155303955078 0.7450812458992 0.653775990009308 0.594772577285767 0.443082332611084 0.395744949579239 0.266448259353638 0.0845636874437332 0.0607307367026806 0.0338723175227642
0.794692277908325 0.837580442428589 0.861983299255371 0.845592379570007 0.851576805114746 0.81941819190979 0.811105906963348 0.782045483589172 0.769094169139862 0.726181447505951 -3.4e+38 -3.4e+38 -3.4e+38 -3.4e+38 -3.4e+38 -3.4e+38 0.675373017787933 0.712091684341431 0.831120252609253 0.911665558815002 0.951555013656616 0.934876084327698 0.90820699930191 0.905559003353119 0.917642116546631 0.832535862922668 0.766740560531616 0.609479546546936 0.532071352005005 0.434193074703217 0.38725757598877 0.270225703716278 0.113019846379757 0.0844883471727371 0.0442625395953655
