data/climate_estimation/maxent_output/Luzuriaga_marginata.asc
NCOLS 195 
NROWS 248 
XLLCORNER -73.6666666666667 
YLLCORNER -55.5833333333333 
CELLSIZE 0.0833333333333333 
NODATA_value -3.4e+38 
[rows 23 to 45 of 248, columns 0 to 51 of 195]
-3.4e+38 -3.4e+38 -3.4e+38 -3.4e+38 -3.4e+38 -3.4e+38 0.0964390188455582 0.0942152887582779 0.117955960333347 0.0814223885536194 0.0671894699335098 0.0538420751690865 0.0434858649969101 0.0224091671407223 0.0165035426616669 0.0145318964496255 0.0104720117524266 0.0107039902359247 0.0109909791499376 0.0129741281270981 0.0154058504849672 0.0168397817760706 0.0219866745173931 0.0350120924413204 0.0345410704612732 0.0517358668148518 0.105399616062641 0.248200580477715 0.121231488883495 0.0533687919378281 0.0794679149985313 0.0523954667150974 0.0381278693675995 0.0286237932741642 0.0195749793201685 0.014046068303287 0.0278094355016947 0.126412227749825 0.10606774687767 0.051356628537178 0.181647464632988 0.113675355911255 0.100644774734974 0.0663331672549248 0.0180464293807745 0.00450512347742915 0.00122808280866593 0.0075914072804153 0.0150292916223407 0.0093969302251935 0.00483259558677673 0.0147288357838988
-3.4e+38 0.0617953054606915 -3.4e+38 -3.4e+38 -3.4e+38 0.0873910337686539 0.104236580431461 0.0928206592798233 0.0792622640728951 0.0709423571825027 0.0583207942545414 0.0468254275619984 0.0357964746654034 0.0215964019298553 0.0186411999166012 0.01615334674716 0.0121877985075116 0.0119809089228511 0.01297518145293 0.014500580728054 0.0179400816559792 0.0224530305713415 0.0305606480687857 0.0468924790620804 0.073171079158783 0.0547776222229004 0.0723380669951439 0.120049148797989 0.148576483130455 0.152120634913445 0.0846653580665588 0.103972718119621 0.0378989055752754 0.0260999538004398 0.0250744391232729 0.0133816907182336 0.0298525728285313 0.0920054093003273 0.0223589763045311 0.0162302553653717 0.0514877736568451 0.0860130190849304 0.0756578370928764 0.0472044833004475 0.0140208918601274 0.00495806057006121 0.00109545479062945 0.0113483909517527 0.00364937051199377 0.00955143105238676 0.00823645573109388 0.00708577316254377
-3.4e+38 0.0806906670331955 0.0844711288809776 -3.4e+38 -3.4e+38 0.0915707647800446 0.0964023917913437 0.108985416591167 0.0581573583185673 0.053403228521347 0.046562135219574 0.0402624681591988 0.0330153256654739 0.0230283197015524 0.0171002093702555 0.0127380937337875 0.0128199458122253 0.0124683203175664 0.0128993801772594 0.0152455288916826 0.018546974286437 0.0262439493089914 0.035195242613554 0.0491428188979626 0.0819280669093132 0.0923693999648094 0.0700085684657097 0.0658070594072342 0.0934626907110214 0.129418730735779 0.142787262797356 0.0908409208059311 0.06844861805439 0.0344823338091373 0.014121700078249 0.0143147110939026 0.0242109745740891 0.135957419872284 0.0173735078424215 0.00386484968475997 0.014943178743124 0.0611765310168266 0.121255196630955 0.0614763721823692 0.0159722343087196 0.00249119102954865 0.001945371623151 0.00333502353169024 0.00129055720753968 0.0018263648962602 0.00216557993553579 0.0044438075274229
0.103321313858032 0.112025283277035 -3.4e+38 -3.4e+38 -3.4e+38 0.0819654017686844 0.134111702442169 0.150321543216705 0.0491459928452969 0.0526208207011223 0.0433555245399475 0.0327407382428646 0.0245293993502855 0.0176651403307915 0.0156877338886261 0.0143250646069646 0.0132471574470401 0.0124903256073594 0.0135317696258426 0.0146483527496457 0.0183156616985798 0.0243624672293663 0.0364455170929432 0.0455324240028858 0.0649195536971092 0.0995458737015724 0.0757191926240921 0.0902529954910278 0.0831466615200043 0.0756590664386749 0.154253304004669 0.13478921353817 0.126374050974846 0.105485744774342 0.0157569628208876 0.0116487210616469 0.0107847414910793 0.106164783239365 0.0128329414874315 0.00437335995957255 0.0189350936561823 0.0285728704184294 0.0706334337592125 0.247136741876602 0.0443139858543873 0.00596552854403853 0.00149836670607328 0.000820749730337411 0.000723219418432564 0.000788510602433234 0.000779895577579737 0.00349194253794849
0.129392236471176 0.10539448261261 0.090707503259182 0.0877164527773857 0.087893582880497 0.0927705317735672 0.158551812171936 0.129740640521049 0.058468371629715 0.0489196926355362 0.0289782248437405 0.0251918584108353 0.0158477481454611 0.0144823044538498 0.0128397587686777 0.012418357655406 0.0119218472391367 0.0119929425418377 0.013052549213171 0.0151951033622026 0.016723670065403 0.0245572198182344 0.0479326210916042 0.0640328377485275 0.0935997813940048 0.0997014492750168 0.0507502108812332 0.110796429216862 0.0728118494153023 0.083914116024971 0.0962727591395378 0.100909695029259 0.0826675295829773 0.0487818345427513 0.0138939544558525 0.00858162809163332 0.0170981343835592 0.0963038429617882 0.00600105104967952 0.00132666924037039 0.00289694452658296 0.0130115346983075 0.0669244825839996 0.220513626933098 0.0564201436936855 0.00748472707346082 0.00213982257992029 0.00113571877591312 0.000787436554674059 0.00144241785164922 0.000728932151105255 0.00088735856115818
0.136228695511818 0.130965650081635 0.100046515464783 0.104169778525829 0.0880980789661407 0.113192416727543 0.196571841835976 0.152133330702782 0.0782152116298676 0.0406255535781384 0.0264408234506845 0.0175093449652195 0.0141675109043717 0.0121630085632205 0.0102645270526409 0.00986148044466972 0.0102898105978966 0.0113874208182096 0.0124965524300933 0.0156901404261589 0.0208069011569023 0.0268679242581129 0.0313002914190292 0.0404984466731548 0.0661421418190002 0.0637448877096176 0.0649208202958107 0.105984732508659 0.0642265379428864 0.107087545096874 0.107228323817253 0.11457023024559 0.097283162176609 0.0405598692595959 0.0133624132722616 0.00774475978687406 0.0162618048489094 0.0183887369930744 0.00398758053779602 0.00184044393245131 0.000622833089437336 0.00346875097602606 0.0288255605846643 0.029008062556386 0.0134646715596318 0.00350541737861931 0.000985797494649887 0.00169903412461281 0.0006885482580401 0.000838181120343506 0.00154341477900743 0.00178093707654625
0.114765763282776 0.129569128155708 0.125436067581177 0.119943238794804 0.115766756236553 0.155983030796051 0.201265469193459 0.147832289338112 0.0721798613667488 0.0377013795077801 0.0249247997999191 0.0173275321722031 0.011876261793077 0.00986902695149183 0.00880598090589046 0.00817645993083715 0.0078989714384079 0.00976575817912817 0.0116383349522948 0.0175776164978743 0.023093631491065 0.0310740172863007 0.0434463880956173 0.0573830790817738 0.0729549527168274 0.0735324248671532 0.0646229460835457 0.102441966533661 0.0674761384725571 0.090044341981411 0.0850449651479721 0.0702448561787605 0.0621978789567947 0.0363408848643303 0.0155102694407105 0.00871276389807463 0.00669375760480762 0.00502047734335065 0.00245865574106574 0.000884519482497126 0.000361277954652905 0.00139810773544014 0.00145716709084809 0.00340705667622387 0.00634791329503059 0.0018037217669189 0.00210692640393972 0.00185254123061895 0.000963738420978189 0.00130604370497167 0.00168934057001024 0.000983131118118763
0.106585264205933 0.122008755803108 0.142445951700211 0.13714462518692 0.163248106837273 0.175632402300835 0.155386880040169 0.177032202482224 0.132250443100929 0.0460040830075741 0.0233010668307543 0.0188022349029779 0.0108691034838557 0.00893172156065702 0.00740257604047656 0.00626018503680825 0.00654524378478527 0.00898861885070801 0.0119018256664276 0.0176742188632488 0.0216672401875257 0.0320258066058159 0.0428682342171669 0.0830051302909851 0.0818020030856133 0.0998118966817856 0.189424902200699 0.193356484174728 0.0716835185885429 0.102475792169571 0.0875965878367424 0.116063117980957 0.1051284968853 0.0554593615233898 0.0192323811352253 0.0160976592451334 0.0110646849498153 0.0144837591797113 0.0122271468862891 0.00183790433220565 0.00049927894724533 0.000298865285003558 0.000560648855753243 0.000938158889766783 0.00195958605036139 0.00108822283800691 0.0049870484508574 0.00493502616882324 0.0020875888876617 0.00212475028820336 0.00077701814007014 0.000767932971939445
0.128846675157547 0.142134457826614 0.140540316700935 0.163561791181564 0.216979414224625 0.290491849184036 0.213680937886238 0.271996021270752 0.18732675909996 0.0585670806467533 0.0292470417916775 0.0220965463668108 0.00948425196111202 0.00820218306034803 0.00743604032322764 0.00627544522285461 0.006801662966609 0.00883393548429012 0.0136696025729179 0.0173609424382448 0.0224205739796162 0.0291470028460026 0.0458477102220058 0.0560868792235851 0.08064866065979 0.0886913985013962 0.0848695561289787 0.165015608072281 0.126026391983032 0.0776593461632729 0.0908623710274696 0.0844391062855721 0.0590094141662121 0.0389347672462463 0.0246740616858006 0.0309549104422331 0.0176471695303917 0.0232501663267612 0.0297428872436285 0.00681335479021072 0.00133097893558443 0.00102709583006799 0.00158972444478422 0.000481735507491976 0.000605345179792494 0.00121121946722269 0.00451200781390071 0.00523280492052436 0.00133083702530712 0.000878958497196436 0.000556215876713395 0.000571366865187883
0.139397323131561 0.135786816477776 0.152087047696114 0.173093557357788 0.230338349938393 0.327168881893158 0.360792189836502 0.342596709728241 0.176852092146873 0.0618791542947292 0.0539651922881603 0.0278945546597242 0.0102257821708918 0.00870183762162924 0.00857148692011833 0.0080721415579319 0.00848936475813389 0.0101680615916848 0.0145130576565862 0.0211853459477425 0.0271737203001976 0.0296833477914333 0.0381142236292362 0.0567997060716152 0.0749009996652603 0.119184590876102 0.0913282707333565 0.114453762769699 0.102353408932686 0.151861608028412 0.122917450964451 0.0894590318202972 0.0636576935648918 0.0280089769512415 0.037986945360899 0.0392891876399517 0.0242481883615255 0.0197864212095737 0.0269534196704626 0.00661349622532725 0.0030116131529212 0.00332200923003256 0.000638655212242156 0.000473399151815102 0.000429572217399254 0.000583908695261925 0.00133617781102657 0.00136776163708419 0.000691572669893503 0.000516413187142462 0.000467848411062732 0.000494490843266249
0.133793160319328 0.164166212081909 0.149642169475555 0.151707231998444 0.205140888690948 0.371068984270096 0.472259074449539 0.328528434038162 0.239213764667511 0.208683848381042 0.126330852508545 0.0576094463467598 0.0128287803381681 0.0110114552080631 0.0108751626685262 0.0115009006112814 0.0123218838125467 0.0128970891237259 0.0180696435272694 0.023057023063302 0.0232443958520889 0.0237648487091064 0.0264567341655493 0.0455225817859173 0.106680117547512 0.0904541015625 0.0537133067846298 0.0653805360198021 0.0620015412569046 0.0877410769462585 0.0828436762094498 0.0625989735126495 0.0731655284762383 0.0651282295584679 0.0458390936255455 0.0181466061621904 0.011606365442276 0.0160582065582275 0.0333606079220772 0.0151568287983537 0.00476825516670942 0.00146448379382491 0.000657867058180273 0.000578500737901777 0.000607722322456539 0.000536367995664477 0.00113402982242405 0.00318560283631086 0.00109955843072385 0.00059754989342764 0.000463688455056399 0.000402091071009636
0.127264022827148 0.14090396463871 0.144915759563446 0.12336427718401 0.180640801787376 0.218852072954178 0.318261086940765 0.499030023813248 0.365633398294449 0.216614335775375 0.132188007235527 0.020621744915843 0.0142575306817889 0.013872005045414 0.0160356108099222 0.0168683137744665 0.0183875169605017 0.0174250584095716 0.0237425249069929 0.0293686594814062 0.0344668813049793 0.0330614633858204 0.0368422716856003 0.0402927473187447 0.0991996824741364 0.0667017698287964 0.0851263478398323 0.0841803848743439 0.077273353934288 0.102546237409115 0.139826789498329 0.0809555426239967 0.0828394964337349 0.0582674294710159 0.02238679677248 0.0143917556852102 0.0187943298369646 0.0127445822581649 0.0135035188868642 0.0105429897084832 0.00398386875167489 0.00265983934514225 0.00146516750101 0.000493570871185511 0.00105112080927938 0.00062069040723145 0.00142295402474701 0.00439995666965842 0.0015831176424399 0.000885436194948852 0.000601504987571388 0.000379176635760814
-3.4e+38 0.137210234999657 0.129502817988396 0.12054143846035 0.163751319050789 0.259689956903458 0.309873580932617 0.281265497207642 0.24397999048233 0.139199525117874 0.0707112848758698 0.0287481285631657 0.0210917852818966 0.0228868722915649 0.0248824898153543 0.0225404594093561 0.0252913888543844 0.0260083470493555 0.0324547402560711 0.038736667484045 0.0479869283735752 0.069560132920742 0.0897240936756134 0.0693297013640404 0.0393612012267113 0.0823532193899155 0.134278729557991 0.134972482919693 0.113978698849678 0.199883490800858 0.181201487779617 0.0844568908214569 0.100916333496571 0.0750011801719666 0.0260228030383587 0.0134511971846223 0.00952192209661007 0.010117313824594 0.0227799843996763 0.0125492857769132 0.00417091930285096 0.00819244049489498 0.00550419045612216 0.000793168554082513 0.000550937722437084 0.000513458740897477 0.0010296837426722 0.00263113039545715 0.00311960559338331 0.00152920209802687 0.000709720770828426 0.000380609330022708
-3.4e+38 0.13330389559269 0.128026008605957 0.161132663488388 0.116100065410137 0.158304810523987 0.238283142447472 0.152541965246201 0.106448084115982 0.066634014248848 0.0498900040984154 0.0469092503190041 0.038114320486784 0.0323822386562824 0.0349112898111343 0.0368609949946404 0.0367787182331085 0.038028821349144 0.0412764325737953 0.0487494058907032 0.0615752413868904 0.0893018692731857 0.0985343009233475 0.117112427949905 0.0851716250181198 0.0717481225728989 0.172803997993469 0.120452895760536 0.0655610412359238 0.100927263498306 0.144759565591812 0.102726392447948 0.0967735350131989 0.0568775199353695 0.0253982041031122 0.0150553416460752 0.00956600531935692 0.0152426101267338 0.0184870045632124 0.0111735006794333 0.00523196998983622 0.00458132056519389 0.00278018112294376 0.0017511120531708 0.00120451452676207 0.000793542189057916 0.000903413922060281 0.00130390841513872 0.00305786659009755 0.00185270793735981 0.000954737595748156 0.000482667324831709
-3.4e+38 -3.4e+38 0.123096570372581 0.148550465703011 0.206126436591148 0.194154411554337 0.166444435715675 0.0801399424672127 0.0532627627253532 0.0490569360554218 0.0446722470223904 0.0367099083960056 0.0454348549246788 0.044476181268692 0.0469778776168823 0.0456503294408321 0.0496166162192822 0.0515756346285343 0.0589634515345097 0.0617862418293953 0.0644252523779869 0.0775814428925514 0.086747020483017 0.0944601595401764 0.130613327026367 0.105646371841431 0.0603842735290527 0.0703709647059441 0.0523212105035782 0.0756047368049622 0.0922411233186722 0.122806616127491 0.12276653200388 0.0667982995510101 0.0272192880511284 0.0133861340582371 0.00961557775735855 0.0134707074612379 0.0137322265654802 0.0139077827334404 0.00785615295171738 0.00263843429274857 0.00123565329704434 0.00170667422935367 0.00169333745725453 0.000800822279416025 0.000847442890517414 0.00108896160963923 0.00282949069514871 0.00230909115634859 0.00121705862693489 0.000741303723771125
-3.4e+38 -3.4e+38 0.126616239547729 0.122183322906494 0.149581134319305 0.193359091877937 0.208229571580887 0.16446290910244 0.0693486630916595 0.0510741993784904 0.0513837561011314 0.0399859920144081 0.0361967720091343 0.043993778526783 0.0682375133037567 0.0652997568249702 0.0684551447629929 0.0741086155176163 0.0744379460811615 0.079022116959095 0.0821575596928596 0.0851850062608719 0.119281016290188 0.133629009127617 0.133018776774406 0.12159389257431 0.061505414545536 0.0492362231016159 0.0823815166950226 0.120603084564209 0.123491995036602 0.147752270102501 0.116122178733349 0.0957869589328766 0.0299392193555832 0.0154369622468948 0.00972188543528318 0.0122168604284525 0.020067485049367 0.00858164392411709 0.00414917385205626 0.00147336605004966 0.00155449204612523 0.0020546920131892 0.00135405559558421 0.00101746898144484 0.000807800213806331 0.000912931864149868 0.00161504361312836 0.00244811410084367 0.00160679314285517 0.0011666655773297
-3.4e+38 0.143918931484222 0.149208888411522 0.149544894695282 0.172694087028503 0.193301886320114 0.236872136592865 0.206240966916084 0.090196430683136 0.0688305050134659 0.0575782284140587 0.0417109914124012 0.0399588495492935 0.0580735467374325 0.0582166165113449 0.067849300801754 0.0789260715246201 0.086514949798584 0.0890346020460129 0.0906910747289658 0.100661136209965 0.139373421669006 0.156949177384377 0.166183814406395 0.107387557625771 0.124658085405827 0.0754180029034615 0.126176759600639 0.0638524889945984 0.0925760865211487 0.0893861576914787 0.122475355863571 0.087881475687027 0.10034966468811 0.0459007509052753 0.0184558350592852 0.00951751787215471 0.0187351759523153 0.022656599059701 0.0102188037708402 0.00685273902490735 0.0025316399987787 0.00153735361527652 0.0019715097732842 0.00126087223179638 0.000899251317605376 0.0009540063329041 0.000824897259008139 0.00159550947137177 0.00214963802136481 0.00145008112303913 0.00110127264633775
-3.4e+38 0.156301647424698 0.191390499472618 0.258091807365417 0.254056930541992 0.164348974823952 0.18222364783287 0.181761860847473 0.104986160993576 0.0675969868898392 0.0643957853317261 0.047362320125103 0.0427731573581696 0.0496753491461277 0.0606866925954819 0.076347254216671 0.0895227566361427 0.0897645428776741 0.0909966453909874 0.0940171778202057 0.102501250803471 0.136054962873459 0.147306621074677 0.229774177074432 0.245784997940063 0.136201575398445 0.123259320855141 0.133249968290329 0.056969977915287 0.114258922636509 0.0974355712532997 0.129537269473076 0.139057517051697 0.136023357510567 0.0539812929928303 0.0191316418349743 0.0111763793975115 0.00762249249964952 0.0130377318710089 0.0156063158065081 0.010008005425334 0.00505018699914217 0.00294657982885838 0.00131282734218985 0.0010643022833392 0.000954165821895003 0.000909035559743643 0.000801382586359978 0.00120737415272743 0.00139600376132876 0.00131066387984902 0.00112972140777856
-3.4e+38 0.177866354584694 0.220110297203064 0.213951915502548 0.242449209094048 0.196571558713913 0.194711223244667 0.144526034593582 0.0920583829283714 0.0667358189821243 0.0561127699911594 0.0538333877921104 0.0503646358847618 0.0579022094607353 0.0660902485251427 0.0789954736828804 0.0900060385465622 0.0954736694693565 0.0929691269993782 0.0901715978980064 0.0905595868825912 0.0937164500355721 0.144596382975578 0.156941622495651 0.252924203872681 0.222304776310921 0.174284905195236 0.141605854034424 0.0609756596386433 0.0574734844267368 0.109986834228039 0.13650606572628 0.138637408614159 0.134531244635582 0.0463710948824883 0.0217235069721937 0.0135629903525114 0.00742096034809947 0.00840837135910988 0.00923146214336157 0.00648315483704209 0.00430542137473822 0.00334715377539396 0.00113309593871236 0.00120358378626406 0.00121071503963321 0.000967856787610799 0.000864624511450529 0.00092348933685571 0.00110311864409596 0.00128178007435054 0.000857341219671071
-3.4e+38 0.179629102349281 0.275560230016708 0.342792421579361 0.335050880908966 0.343634366989136 0.319066852331161 0.185403898358345 0.0973328277468681 0.0626224875450134 0.0652872696518898 0.0558621622622013 0.0677229464054108 0.0618656799197197 0.0704095289111137 0.0769002661108971 0.081401951611042 0.084148958325386 0.0880745053291321 0.0925141572952271 0.0846708491444588 0.0770016238093376 0.0817352309823036 0.114704392850399 0.128645807504654 0.137684866786003 0.181233063340187 0.0757151767611504 0.072063572704792 0.0486982055008411 0.10724937915802 0.12907138466835 0.127256482839584 0.0879915133118629 0.0609144046902657 0.0210724081844091 0.0118685215711594 0.00768488319590688 0.00679313205182552 0.00384058873169124 0.0026727041695267 0.00299262045882642 0.00140668672975153 0.0015649973647669 0.00140794343315065 0.0012693393509835 0.00174734578467906 0.0010961681837216 0.000814067607279867 0.000738908245693892 0.000945097475778311 0.000814230414107442
-3.4e+38 0.160027340054512 0.278838902711868 0.370744079351425 0.381593883037567 0.373769670724869 0.333297848701477 0.254284203052521 0.124002896249294 0.067564070224762 0.0657625868916512 0.0685084834694862 0.113599233329296 0.0760119929909706 0.0750034973025322 0.0740518197417259 0.0752980411052704 0.0843948051333427 0.0939084067940712 0.103682190179825 0.123845264315605 0.146989122033119 0.0977393835783005 0.133000418543816 0.185770988464355 0.171492516994476 0.11355572193861 0.142864853143692 0.117376200854778 0.0513868816196918 0.0778641924262047 0.0969521403312683 0.131567001342773 0.165659993886948 0.0908288508653641 0.0276576839387417 0.014866441488266 0.00901117362082005 0.00505231972783804 0.0025211910251528 0.00165152223780751 0.00158910150639713 0.0023743633646518 0.00302542420104146 0.00243467814289033 0.00128677091561258 0.00129237631335855 0.00117138179484755 0.00101932091638446 0.00103244732599705 0.000795202038716525 0.000703004712704569
-3.4e+38 0.157201781868935 0.172588899731636 0.189969524741173 0.166735514998436 0.197536259889603 0.187699645757675 0.159251898527145 0.103592805564404 0.0769940391182899 0.0787854567170143 0.0820228904485703 0.117714889347553 0.0915541648864746 0.0782347917556763 0.0770675241947174 0.088395319879055 0.0925355106592178 0.0976679623126984 0.10287706553936 0.123285233974457 0.164183378219604 0.157661765813828 0.215128496289253 0.211783051490784 0.206013634800911 0.153307899832726 0.150029927492142 0.137505650520325 0.0812368020415306 0.0554035827517509 0.0601383745670319 0.0829390436410904 0.116900652647018 0.079952210187912 0.0388636998832226 0.0221949815750122 0.0124721070751548 0.00702760647982359 0.00478918477892876 0.0040003196336329 0.00586977414786816 0.00392527459189296 0.00258103129453957 0.00209657428786159 0.00163014198187739 0.00137736008036882 0.00124689191579819 0.000997620634734631 0.000785039737820625 0.000802257971372455 0.000723166158422828
-3.4e+38 -3.4e+38 0.140851274132729 0.128941148519516 0.130733162164688 0.13150928914547 0.0993181988596916 0.0966823846101761 0.0924846082925797 0.0880159959197044 0.0819715708494186 0.0929147899150848 0.0904327407479286 0.0856607630848885 0.0814288035035133 0.0852751284837723 0.0876051187515259 0.0963564664125443 0.107572220265865 0.125273331999779 0.125028312206268 0.176774308085442 0.328507214784622 0.37789061665535 0.150253728032112 0.198788821697235 0.177749380469322 0.132056325674057 0.103628061711788 0.0727017894387245 0.0635717958211899 0.0792622268199921 0.0975622683763504 0.114933580160141 0.11231753975153 0.0871492251753807 0.0421605929732323 0.0190585572272539 0.0129014188423753 0.00704685039818287 0.0061479234136641 0.00362920574843884 0.00303064892068505 0.00246292585507035 0.00206301733851433 0.00201959814876318 0.00141311925835907 0.00119462737347931 0.00109987938776612 0.000954317511059344 0.000665090978145599 0.000637942808680236
