data/climate_estimation/maxent_output/Luzuriaga_parviflora.asc
NCOLS 139 
NROWS 133 
XLLCORNER 166.75 
YLLCORNER -47.3333333333333 
CELLSIZE 0.0833333333333334 
NODATA_value -3.4e+38 
[rows 100 to 124 of 133, columns 0 to 55 of 139]
-3.4e+38 -3.4e+38 -3.4e+38 -3.4e+38 -3.4e+38 -3.4e+38 -3.4e+38 -3.4e+38 -3.4e+38 -3.4e+38 0.824720740318298 0.791160881519318 0.772355437278748 0.746111690998077 0.718008995056152 0.631158828735352 0.752062976360321 0.603054046630859 0.651234149932861 0.505550026893616 0.613691926002502 0.357713639736176 0.561792194843292 0.542716026306152 0.519169092178345 0.506746113300323 0.221914172172546 0.100986108183861 0.0853613391518593 0.107120126485825 0.0453215092420578 0.502794086933136 0.379185229539871 0.221843764185905 0.475810348987579 0.433117657899857 0.443706452846527 0.184335589408875 0.430953800678253 0.065224677324295 0.0264792442321777 0.0177569482475519 0.0177864506840706 0.018534092232585 0.0764012411236763 0.0278525408357382 0.0212667286396027 0.0460426509380341 0.0521796829998493 0.0541598834097385 0.0416147895157337 0.0250250026583672 0.0254589077085257 -3.4e+38 -3.4e+38 -3.4e+38
-3.4e+38 -3.4e+38 -3.4e+38 -3.4e+38 -3.4e+38 -3.4e+38 -3.4e+38 -3.4e+38 -3.4e+38 0.836807727813721 0.794181227684021 0.769019067287445 0.764791309833527 0.759926855564117 0.726382851600647 0.618303954601288 0.708023905754089 0.567046165466309 0.672390401363373 0.662783205509186 0.627414643764496 0.373068273067474 0.550739228725433 0.593424379825592 0.507287800312042 0.520101070404053 0.454862028360367 0.531353116035461 0.0403186716139317 0.0228533409535885 0.0243226364254951 0.232143804430962 0.112482316792011 0.0670859143137932 0.125646010041237 0.448759406805038 0.411945402622223 0.195650607347488 0.410500377416611 0.383443772792816 0.0710206031799316 0.0814749822020531 0.321975588798523 0.0253620073199272 0.0148550653830171 0.0197533164173365 0.0300721433013678 0.0435741581022739 0.0278596803545952 0.0310915149748325 0.039262093603611 0.0292574819177389 0.0262738224118948 0.0248076878488064 -3.4e+38 -3.4e+38
-339999999999999996123846586046231871488.000000000000000 -3.4e+38 -3.4e+38 -3.4e+38 -3.4e+38 -3.4e+38 -3.4e+38 0.833669662475586 0.809131622314453 0.789373159408569 0.79192441701889 0.738906681537628 0.728024840354919 0.724216163158417 0.550397872924805 0.613150775432587 0.692449390888214 0.595121562480927 0.607946038246155 0.672928929328918 0.59635990858078 0.450517565011978 0.501686036586761 0.586637496948242 0.491176545619965 0.53212970495224 0.523223638534546 0.176063224673271 0.505326330661774 0.482705444097519 0.101065069437027 0.0363431237637997 0.0340478084981441 0.0383990071713924 0.159762427210808 0.261050283908844 0.321706384420395 0.0773381590843201 0.230186820030212 0.402702778577805 0.228661239147186 0.120209001004696 0.400093734264374 0.1017761901021 0.0154449800029397 0.013119145296514 0.0183364693075418 0.0266494210809469 0.0266196448355913 0.0230522882193327 0.027861513197422 0.0302083939313889 0.0269280821084976 0.02485634945333 -3.4e+38 -3.4e+38
-3.4e+38 -3.4e+38 -3.4e+38 -3.4e+38 -3.4e+38 0.875536501407623 0.84832489490509 0.814019381999969 0.808186411857605 0.785077512264252 0.772495627403259 0.71745628118515 0.710004389286041 0.711670756340027 0.689095020294189 0.657009065151215 0.663852751255035 0.609907865524292 0.629897058010101 0.65643447637558 0.55468338727951 0.552511394023895 0.584824681282043 0.578240573406219 0.55261504650116 0.538443803787231 0.494024157524109 0.363809317350388 0.385593771934509 0.448829054832458 0.0307520609349012 0.0150113068521023 0.0267433114349842 0.280291318893433 0.446647584438324 0.267258822917938 0.0216795261949301 0.017705824226141 0.0426186546683311 0.386827379465103 0.391081124544144 0.186295509338379 0.190944150090218 0.24122528731823 0.0509921982884407 0.0190150924026966 0.0145220952108502 0.0175350587815046 0.0197844207286835 0.021714111790061 0.0242803450673819 0.0282043628394604 0.0274813491851091 -3.4e+38 -3.4e+38 -3.4e+38
-3.4e+38 -3.4e+38 -3.4e+38 -3.4e+38 0.858769357204437 0.839970707893372 0.818160891532898 0.821761846542358 0.80509477853775 0.759397447109222 0.721928298473358 0.722778797149658 0.728824019432068 0.753199636936188 0.691796541213989 0.688912332057953 0.544278264045715 0.638738811016083 0.630982398986816 0.665306806564331 0.628156423568726 0.579399108886719 0.529722690582275 0.315954715013504 0.0846066772937775 0.254255145788193 0.500053584575653 0.484682530164719 0.472649306058884 0.0200043898075819 0.0216271430253983 0.123081304132938 0.169876828789711 0.15407757461071 0.0389912463724613 0.0118935219943523 0.0111426515504718 0.016021691262722 0.0163831226527691 0.0619959570467472 0.166753619909286 0.0955125689506531 0.090469978749752 0.076971672475338 0.0301003642380238 0.0206097643822432 0.0181468278169632 0.0193706881254911 0.0217510685324669 0.0238788295537233 0.0233090091496706 0.0276903286576271 0.0277004484087229 -3.4e+38 -3.4e+38 -3.4e+38
-3.4e+38 -3.4e+38 -3.4e+38 0.870437741279602 0.843713223934174 0.819727003574371 0.818641006946564 0.808358013629913 0.762417674064636 0.772745966911316 0.703298211097717 0.764283418655396 0.719470679759979 0.74139279127121 0.68817675113678 0.681662380695343 0.514525532722473 0.609486162662506 0.556077361106873 0.64142370223999 0.638487696647644 0.580193221569061 0.353873550891876 0.0799718350172043 0.537114560604095 0.506393432617188 0.12467648088932 0.0682469084858894 0.0382002480328083 0.0121509591117501 0.158916011452675 0.441699236631393 0.12335778772831 0.00951312854886055 0.00570630794391036 0.00696719996631145 0.0114026181399822 0.0162455961108208 0.0134693766012788 0.0104080503806472 0.012174871750176 0.0109123038128018 0.0168461073189974 0.230504408478737 0.0701209604740143 0.0327824503183365 0.0271057691425085 0.0212102234363556 0.0228829700499773 0.0272568240761757 0.0302384532988071 0.0280703660100698 0.0279516968876123 -3.4e+38 -3.4e+38 -3.4e+38
-3.4e+38 -3.4e+38 0.87158590555191 0.841465950012207 0.841216206550598 0.816486954689026 0.79729688167572 0.776193857192993 0.779662609100342 0.784227013587952 0.782029747962952 0.735103487968445 0.738403737545013 0.722847938537598 0.709911942481995 0.604064762592316 0.608823001384735 0.612290382385254 0.592407047748566 0.646634459495544 0.550952315330505 0.609138309955597 0.551900446414948 0.105984091758728 0.489292412996292 0.369760006666183 0.314380347728729 0.296463251113892 0.0797192752361298 0.0360234118998051 0.0389236845076084 0.0180036425590515 0.00616782996803522 0.00579154724255204 0.00742988381534815 0.00675649289041758 0.013158823363483 0.0381559245288372 0.00629532616585493 0.00570617942139506 0.00647832173854113 0.00742194196209311 0.0108532700687647 0.0566431693732738 0.123313099145889 0.0813643932342529 0.0448817759752274 0.0268327239900827 0.0240700449794531 0.0285534486174583 0.0302615519613028 -3.4e+38 -3.4e+38 -3.4e+38 -3.4e+38 -3.4e+38
-3.4e+38 0.850103616714478 0.84797728061676 0.802399933338165 0.809772908687592 0.789535939693451 0.725406050682068 0.717299818992615 0.692042291164398 0.669461965560913 0.747964859008789 0.780640363693237 0.734551548957825 0.676572978496552 0.726079344749451 0.675347208976746 0.609655320644379 0.613172650337219 0.635458052158356 0.585951447486877 0.570646405220032 0.563737869262695 0.561153888702393 0.197754353284836 0.489715307950974 0.338565438985825 0.229654908180237 0.478495180606842 0.370967090129852 0.058652687817812 0.0093567818403244 0.00339973205700517 0.00336294714361429 0.00626704003661871 0.0102779548615217 0.00829723943024874 0.0406547375023365 0.0449850894510746 0.00608304748311639 0.00559430569410324 0.00682299118489027 0.0114820497110486 0.011205998249352 0.031290341168642 0.0657385289669037 0.0782926455140114 0.064547948539257 0.0443595871329308 0.0305488351732492 0.0340990573167801 -3.4e+38 -3.4e+38 -3.4e+38 -3.4e+38 -3.4e+38 -3.4e+38
0.841103672981262 0.841639161109924 0.843142688274384 0.827796638011932 0.818096518516541 0.797354400157928 0.755517482757568 0.733275771141052 0.770413219928741 0.714493095874786 0.676078319549561 0.776900351047516 0.648651838302612 0.641043186187744 0.719203293323517 0.698503792285919 0.629132390022278 0.664526283740997 0.60459953546524 0.493544548749924 0.499035000801086 0.514313936233521 0.557234883308411 0.47679990530014 0.522073566913605 0.492515295743942 0.46254089474678 0.3474240899086 0.390225797891617 0.45275804400444 0.0169715769588947 0.00750068668276072 0.00815668608993292 0.0162927862256765 0.0227862410247326 0.0447444207966328 0.0942414849996567 0.0268215015530586 0.0072452537715435 0.0195034481585026 0.116043291985989 0.0612968988716602 0.0145803736522794 0.0321317799389362 0.0296699870377779 0.0341443382203579 0.0593899935483932 0.0534105822443962 0.039068017154932 0.0374562367796898 -3.4e+38 -3.4e+38 -3.4e+38 -3.4e+38 -3.4e+38 -3.4e+38
0.815273106098175 0.818101942539215 0.807712852954865 0.795714378356934 0.781855404376984 0.66254073381424 0.675572097301483 0.696645200252533 0.626881062984467 0.73688542842865 0.786738812923431 0.782466053962708 0.621922969818115 0.596564888954163 0.728468656539917 0.703778684139252 0.689119398593903 0.647706091403961 0.52480536699295 0.576253294944763 0.601942956447601 0.344766646623611 0.278596371412277 0.219935894012451 0.51392674446106 0.513618230819702 0.345480054616928 0.431588709354401 0.434607207775116 0.414288610219955 0.0196969155222178 0.037916325032711 0.0651562586426735 0.0595634914934635 0.0746150091290474 0.178543776273727 0.188619673252106 0.0235271640121937 0.0222883485257626 0.225292026996613 0.28236335515976 0.0214668773114681 0.0225908104330301 0.0352141186594963 0.0408440195024014 0.0472650527954102 0.0381233170628548 0.0560595542192459 0.0493208952248096 0.0487526394426823 -3.4e+38 -3.4e+38 -3.4e+38 -3.4e+38 -3.4e+38 -3.4e+38
0.810230791568756 0.81622701883316 0.799287736415863 0.778035342693329 0.805620312690735 0.728599429130554 0.733705639839172 0.78054267168045 0.731654942035675 0.774292469024658 0.799167573451996 0.746023237705231 0.636906147003174 0.594926476478577 0.675436019897461 0.585564911365509 0.583483576774597 0.611142456531525 0.55991917848587 0.607890486717224 0.493049889802933 0.339660674333572 0.215352162718773 0.168419703841209 0.534483194351196 0.411246418952942 0.452185183763504 0.400721997022629 0.356749624013901 0.468466430902481 0.0258472077548504 0.0211743265390396 0.120676755905151 0.132573813199997 0.113958567380905 0.1335708796978 0.0513004474341869 0.0487328507006168 0.169822245836258 0.332895755767822 0.0182972978800535 0.0199764985591173 0.0391872823238373 0.0505748502910137 0.0768483877182007 0.0770723521709442 0.0601778142154217 0.0392288900911808 0.0471756532788277 -3.4e+38 -3.4e+38 -3.4e+38 -3.4e+38 -3.4e+38 -3.4e+38 -3.4e+38
0.803262531757355 0.814120233058929 0.820889353752136 0.748072564601898 0.674772679805756 0.741889953613281 0.755030930042267 0.762078762054443 0.781457781791687 0.839666426181793 0.817456543445587 0.72655200958252 0.673367977142334 0.570082902908325 0.52178418636322 0.610629856586456 0.428934514522552 0.636293530464172 0.487069398164749 0.39717110991478 0.264667212963104 0.277665883302689 0.205593317747116 0.301754176616669 0.451099246740341 0.472610950469971 0.366002142429352 0.150606423616409 0.426701039075851 0.297654718160629 0.0555737018585205 0.0272550154477358 0.04870580509305 0.126006215810776 0.0949640572071075 0.119965694844723 0.123495206236839 0.161920368671417 0.164873316884041 0.0568654425442219 0.0136939976364374 0.0306975189596415 0.0541454330086708 0.0943776443600655 0.115968897938728 0.121525965631008 0.0900261104106903 0.0540081113576889 0.0398161634802818 -3.4e+38 -3.4e+38 -3.4e+38 -3.4e+38 -3.4e+38 -3.4e+38 -3.4e+38
0.787190616130829 0.787475526332855 0.788998186588287 0.696227610111237 0.69978791475296 0.559346199035645 0.690336525440216 0.715771317481995 0.620868027210236 0.746455729007721 0.794462084770203 0.784537255764008 0.747358977794647 0.669163405895233 0.684888780117035 0.714285373687744 0.316544741392136 0.327244341373444 0.248934537172318 0.20539516210556 0.244222894310951 0.592738389968872 0.287243485450745 0.397962510585785 0.265087574720383 0.116717576980591 0.0955033674836159 0.38983541727066 0.332943677902222 0.158046394586563 0.0909777134656906 0.036329410970211 0.0533237755298615 0.144025504589081 0.235455855727196 0.314491808414459 0.320478618144989 0.159692794084549 0.0608688034117222 0.0494325198233128 0.0429556295275688 0.0568251572549343 0.0924549549818039 0.146664157509804 0.186306551098824 0.161369398236275 0.089674174785614 0.0628895983099937 -3.4e+38 -3.4e+38 -3.4e+38 -3.4e+38 -3.4e+38 -3.4e+38 -3.4e+38 -3.4e+38
0.770456254482269 0.788113236427307 0.794889271259308 0.777230322360992 0.69245833158493 0.58655458688736 0.713397979736328 0.675269544124603 0.682058751583099 0.721535444259644 0.805179119110107 0.787994921207428 0.605619430541992 0.555620789527893 0.725816011428833 0.567761540412903 0.287589281797409 0.261392742395401 0.288420557975769 0.214054450392723 0.278070330619812 0.265647500753403 0.208304658532143 0.206132397055626 0.141762211918831 0.124632865190506 0.202001586556435 0.325308561325073 0.135995775461197 0.131505355238914 0.0937650576233864 0.0832625776529312 0.0922343879938126 0.0863734260201454 0.247690752148628 0.411911755800247 0.374316096305847 0.148380428552628 0.104269355535507 0.0950494483113289 0.108427405357361 0.107488736510277 0.147551253437996 0.222542494535446 0.330580145120621 0.285276800394058 0.163502231240273 -3.4e+38 -3.4e+38 -3.4e+38 -3.4e+38 -3.4e+38 -3.4e+38 -3.4e+38 -3.4e+38 -3.4e+38
0.768866300582886 0.778379082679749 0.745471000671387 0.694314420223236 0.744337439537048 0.639355003833771 0.694063544273376 0.689600944519043 0.728197038173676 0.801284968852997 0.819712519645691 0.781952917575836 0.691384673118591 0.698144197463989 0.714391946792603 0.669561803340912 0.351181954145432 0.272169262170792 0.319119721651077 0.240284606814384 0.219825729727745 0.210679531097412 0.162390917539597 0.129986554384232 0.122355818748474 0.174922093749046 0.201371386647224 0.238494768738747 0.140863627195358 0.12867346405983 0.135995134711266 0.139061659574509 0.144556060433388 0.124579891562462 0.162205472588539 0.248875662684441 0.273461669683456 0.188505694270134 0.156822890043259 0.154896572232246 0.184573173522949 0.176656156778336 0.220992177724838 0.370558977127075 0.543302178382874 0.569508373737335 0.282042503356934 0.123335137963295 -3.4e+38 -3.4e+38 -3.4e+38 -3.4e+38 -3.4e+38 -3.4e+38 -3.4e+38 -3.4e+38
0.756335496902466 0.725233137607574 0.776706278324127 0.721372544765472 0.764749467372894 0.761383891105652 0.686094522476196 0.760088682174683 0.773335158824921 0.76531720161438 0.815220952033997 0.805954098701477 0.705254554748535 0.664484679698944 0.561766743659973 0.543796300888062 0.310059636831284 0.468417882919312 0.253984183073044 0.268050402402878 0.392793774604797 0.239514023065567 0.188410371541977 0.127708718180656 0.0929933115839958 0.126368299126625 0.131801873445511 0.166166692972183 0.155434340238571 0.151102885603905 0.184088796377182 0.274369478225708 0.202408090233803 0.137049302458763 0.099110908806324 0.151501566171646 0.225861415266991 0.22314165532589 0.262375831604004 0.286125332117081 0.259834796190262 0.0513576753437519 0.114270001649857 0.211586356163025 0.453250348567963 0.277740210294724 0.258212387561798 0.165829554200172 -3.4e+38 -3.4e+38 -3.4e+38 -3.4e+38 -3.4e+38 -3.4e+38 -3.4e+38 -3.4e+38
0.736870110034943 0.749122202396393 0.712734162807465 0.711805522441864 0.774500846862793 0.667267978191376 0.783965587615967 0.769250810146332 0.820164322853088 0.8253173828125 0.828619778156281 0.840772032737732 0.739724218845367 0.668622970581055 0.563287854194641 0.440403193235397 0.324635803699493 0.414313435554504 0.300490856170654 0.315906494855881 0.537176847457886 0.663699209690094 0.391743630170822 0.232485666871071 0.131698489189148 0.126904085278511 0.144020140171051 0.151113405823708 0.179895415902138 0.200515672564507 0.300807535648346 0.334511607885361 0.152328610420227 0.101191729307175 0.0798960030078888 0.100308991968632 0.102373093366623 0.313609808683395 0.347949266433716 0.178771242499352 0.0717776939272881 0.098551943898201 0.212788954377174 0.21429055929184 0.203372344374657 -3.4e+38 -3.4e+38 -3.4e+38 -3.4e+38 -3.4e+38 -3.4e+38 -3.4e+38 -3.4e+38 -3.4e+38 -3.4e+38 -3.4e+38
0.725561320781708 0.716119825839996 0.734746873378754 0.74707818031311 0.769891977310181 0.699896395206451 0.801515400409698 0.816454589366913 0.819320440292358 0.820804417133331 0.822639405727386 0.840498745441437 0.839313209056854 0.758520722389221 0.669605731964111 0.473104059696198 0.305355072021484 0.259132742881775 0.228979408740997 0.243902295827866 0.487524002790451 0.712788641452789 0.752387583255768 0.620353758335114 0.469245225191116 0.308737188577652 0.20224417746067 0.195878490805626 0.237124636769295 0.237124636769295 0.237847521901131 0.14686419069767 0.0764462649822235 0.0488679334521294 0.0722749903798103 0.0899418368935585 0.122106149792671 0.174542501568794 0.155067279934883 0.149096563458443 0.209261879324913 0.129839271306992 -3.4e+38 -3.4e+38 -3.4e+38 -3.4e+38 -3.4e+38 -3.4e+38 -3.4e+38 -3.4e+38 -3.4e+38 -3.4e+38 -3.4e+38 -3.4e+38 -3.4e+38 -3.4e+38
0.701387941837311 0.705647587776184 0.732654809951782 0.711161255836487 0.755846321582794 0.773578822612762 0.780404567718506 0.794027209281921 0.817263424396515 0.817176163196564 0.838885188102722 0.843604683876038 0.846743702888489 0.815546751022339 0.750255286693573 0.578045189380646 0.357506096363068 0.267705261707306 0.221709847450256 0.2496667355299 0.284565091133118 0.486979722976685 0.756715476512909 0.744990766048431 0.462236613035202 0.334179490804672 0.301459491252899 0.32935842871666 0.285311758518219 0.300599992275238 0.215540155768394 0.136833176016808 0.0680202916264534 0.0437506623566151 0.0496333688497543 0.0850894078612328 0.102357529103756 0.0813547596335411 0.104647897183895 0.253606021404266 0.25033164024353 0.151588723063469 -3.4e+38 -3.4e+38 -3.4e+38 -3.4e+38 -3.4e+38 -3.4e+38 -3.4e+38 -3.4e+38 -3.4e+38 -3.4e+38 -3.4e+38 -3.4e+38 -3.4e+38 -3.4e+38
0.704927384853363 0.704746544361115 0.717550098896027 0.732761859893799 0.740328550338745 0.753832697868347 0.767347514629364 0.77483457326889 -3.4e+38 0.825330555438995 0.81194394826889 0.833659589290619 0.819256186485291 0.838512718677521 0.793775141239166 0.624849915504456 0.452530413866043 0.325873166322708 0.268598556518555 0.289359986782074 0.32727912068367 0.357104420661926 0.43888908624649 0.460069745779037 0.451382517814636 0.466888546943665 0.559688866138458 0.565818846225739 0.483990907669067 0.449627339839935 0.45604595541954 0.263852715492249 0.0970403999090195 0.0602489486336708 0.0639254748821259 0.0742993056774139 0.0759101286530495 0.10495400428772 0.146933376789093 0.150206863880157 0.17059214413166 -3.4e+38 -3.4e+38 -3.4e+38 -3.4e+38 -3.4e+38 -3.4e+38 -3.4e+38 -3.4e+38 -3.4e+38 -3.4e+38 -3.4e+38 -3.4e+38 -3.4e+38 -3.4e+38 -3.4e+38
-3.4e+38 -3.4e+38 -3.4e+38 -3.4e+38 0.728649854660034 0.739921808242798 -3.4e+38 -3.4e+38 -3.4e+38 -3.4e+38 -3.4e+38 0.784757494926453 0.817449688911438 0.827245652675629 0.617934823036194 0.532437860965729 0.479891270399094 0.372818619012833 0.310570418834686 0.298868775367737 0.324780970811844 0.401306539773941 0.428277850151062 0.494216084480286 0.419617027044296 0.518917262554169 0.699735283851624 0.772478997707367 0.761063158512115 0.690846145153046 0.675413906574249 0.606845378875732 0.578499853610992 0.281943827867508 0.142301946878433 0.0986091867089272 0.0959906205534935 0.13783498108387 0.139741122722626 -3.4e+38 -3.4e+38 -3.4e+38 -3.4e+38 -3.4e+38 -3.4e+38 -3.4e+38 -3.4e+38 -3.4e+38 -3.4e+38 -3.4e+38 -3.4e+38 -3.4e+38 -3.4e+38 -3.4e+38 -3.4e+38 -3.4e+38
-3.4e+38 -3.4e+38 -3.4e+38 -3.4e+38 -3.4e+38 -3.4e+38 -3.4e+38 -3.4e+38 -3.4e+38 -3.4e+38 -3.4e+38 0.757865607738495 0.754295766353607 0.725918114185333 0.606239676475525 0.507241487503052 0.460700869560242 0.412216752767563 0.36508697271347 0.313364565372467 0.331426858901978 0.404148101806641 0.46733146905899 0.50062084197998 0.506350100040436 0.674454271793365 0.792407691478729 0.804059207439423 0.79110199213028 0.797821819782257 0.775521218776703 0.761995494365692 0.602533936500549 0.484243631362915 0.385370820760727 0.231241405010223 0.177021637558937 -3.4e+38 -3.4e+38 -3.4e+38 -3.4e+38 -3.4e+38 -3.4e+38 -3.4e+38 -3.4e+38 -3.4e+38 -3.4e+38 -3.4e+38 -3.4e+38 -3.4e+38 -3.4e+38 -3.4e+38 -3.4e+38 -3.4e+38 -3.4e+38 -3.4e+38
-3.4e+38 -3.4e+38 -3.4e+38 -3.4e+38 -3.4e+38 -3.4e+38 -3.4e+38 -3.4e+38 -3.4e+38 -3.4e+38 -3.4e+38 -3.4e+38 -3.4e+38 0.616658389568329 -3.4e+38 -3.4e+38 -3.4e+38 0.40433269739151 0.386185020208359 0.305932343006134 0.325242757797241 0.372735530138016 0.434923231601715 0.499952048063278 0.615998446941376 0.832938313484192 0.827658474445343 0.828454673290253 0.822694838047028 0.80584305524826 0.795586347579956 0.788573145866394 0.762786090373993 0.570769369602203 0.412160366773605 0.361421912908554 0.294402748346329 -3.4e+38 -3.4e+38 -3.4e+38 -3.4e+38 -3.4e+38 -3.4e+38 -3.4e+38 -3.4e+38 -3.4e+38 -3.4e+38 -3.4e+38 -3.4e+38 -3.4e+38 -3.4e+38 -3.4e+38 -3.4e+38 -3.4e+38 -3.4e+38 -3.4e+38
-3.4e+38 0.64514946937561 -3.4e+38 -3.4e+38 -3.4e+38 -3.4e+38 -3.4e+38 -3.4e+38 -3.4e+38 -3.4e+38 -3.4e+38 -3.4e+38 -3.4e+38 -3.4e+38 -3.4e+38 -3.4e+38 -3.4e+38 0.459482192993164 0.350754261016846 0.31720769405365 0.328953474760056 0.366154879331589 0.436974465847015 0.508938550949097 0.654341816902161 0.830621659755707 0.845425307750702 0.84469872713089 0.847556531429291 0.825261831283569 0.822091042995453 0.812457799911499 0.661425590515137 0.619470655918121 0.581908464431763 0.469049721956253 -3.4e+38 -3.4e+38 -3.4e+38 -3.4e+38 -3.4e+38 -3.4e+38 -3.4e+38 -3.4e+38 -3.4e+38 -3.4e+38 -3.4e+38 -3.4e+38 -3.4e+38 -3.4e+38 -3.4e+38 -3.4e+38 -3.4e+38 -3.4e+38 -3.4e+38 -3.4e+38
-3.4e+38 -3.4e+38 -3.4e+38 -3.4e+38 -3.4e+38 -3.4e+38 -3.4e+38 -3.4e+38 -3.4e+38 -3.4e+38 -3.4e+38 -3.4e+38 -3.4e+38 -3.4e+38 -3.4e+38 -3.4e+38 -3.4e+38 -3.4e+38 0.348200082778931 0.338346391916275 0.327301621437073 0.371946066617966 0.399548262357712 -3.4e+38 0.748049557209015 0.800432860851288 0.834777772426605 0.840940058231354 0.84274560213089 0.841946601867676 0.836358070373535 0.807176053524017 0.643513202667236 -3.4e+38 -3.4e+38 -3.4e+38 -3.4e+38 -3.4e+38 -3.4e+38 -3.4e+38 -3.4e+38 -3.4e+38 -3.4e+38 -3.4e+38 -3.4e+38 -3.4e+38 -3.4e+38 -3.4e+38 -3.4e+38 -3.4e+38 -3.4e+38 -3.4e+38 -3.4e+38 -3.4e+38 -3.4e+38 -3.4e+38
