data/climate_estimation/maxent_output/Luzuriaga_parviflora.asc
NCOLS 139 
NROWS 133 
XLLCORNER 166.75 
YLLCORNER -47.3333333333333 
CELLSIZE 0.0833333333333334 
NODATA_value -3.4e+38 
[rows 50 to 74 of 133, columns 56 to 111 of 139]
-3.4e+38 -3.4e+38 -3.4e+38 -3.4e+38 -3.4e+38 -3.4e+38 -3.4e+38 -3.4e+38 -3.4e+38 -3.4e+38 -3.4e+38 -3.4e+38 -3.4e+38 -3.4e+38 -3.4e+38 -3.4e+38 -3.4e+38 -3.4e+38 -3.4e+38 -3.4e+38 -3.4e+38 -3.4e+38 -3.4e+38 -3.4e+38 -3.4e+38 -3.4e+38 -3.4e+38 -3.4e+38 -3.4e+38 -3.4e+38 -3.4e+38 -3.4e+38 -3.4e+38 -3.4e+38 -3.4e+38 -3.4e+38 -3.4e+38 -3.4e+38 -3.4e+38 -3.4e+38 -3.4e+38 -3.4e+38 -3.4e+38 -3.4e+38 -3.4e+38 0.154580265283585 0.167104080319405 0.200737401843071 0.21202751994133 0.434557944536209 0.685177981853485 0.666000962257385 0.651196718215942 0.543114125728607 0.606994211673737 0.59503573179245
-3.4e+38 -3.4e+38 -3.4e+38 -3.4e+38 -3.4e+38 -3.4e+38 -3.4e+38 -3.4e+38 -3.4e+38 -3.4e+38 -3.4e+38 -3.4e+38 -3.4e+38 0.741815984249115 0.747003674507141 0.759258925914764 0.719813168048859 0.742173910140991 0.709535241127014 0.723813831806183 -3.4e+38 -3.4e+38 -3.4e+38 -3.4e+38 -3.4e+38 -3.4e+38 -3.4e+38 -3.4e+38 -3.4e+38 -3.4e+38 -3.4e+38 -3.4e+38 -3.4e+38 -3.4e+38 -3.4e+38 -3.4e+38 -3.4e+38 -3.4e+38 -3.4e+38 -3.4e+38 -3.4e+38 -3.4e+38 -3.4e+38 -3.4e+38 -3.4e+38 0.175620973110199 0.206312015652657 0.25200492143631 0.439595073461533 0.715173661708832 0.675597310066223 0.587199032306671 0.472369074821472 0.359430879354477 0.575845181941986 0.583065450191498
-3.4e+38 -3.4e+38 -3.4e+38 -3.4e+38 -3.4e+38 -3.4e+38 -3.4e+38 -3.4e+38 -3.4e+38 -3.4e+38 -3.4e+38 0.773427546024323 0.746206521987915 0.769643068313599 0.793268918991089 0.751148641109467 -3.4e+38 -3.4e+38 -3.4e+38 -3.4e+38 -3.4e+38 -3.4e+38 -3.4e+38 -3.4e+38 -3.4e+38 -3.4e+38 -3.4e+38 -3.4e+38 -3.4e+38 -3.4e+38 -3.4e+38 -3.4e+38 -3.4e+38 -3.4e+38 -3.4e+38 -3.4e+38 -3.4e+38 -3.4e+38 -3.4e+38 -3.4e+38 -3.4e+38 -3.4e+38 -3.4e+38 -3.4e+38 0.171895459294319 0.230758130550385 0.342024356126785 0.710017085075378 0.733881533145905 0.697693288326263 0.63615095615387 0.543766617774963 0.314417749643326 0.245554253458977 0.475676000118256 0.358956426382065
-3.4e+38 -3.4e+38 -3.4e+38 -3.4e+38 -3.4e+38 -3.4e+38 -3.4e+38 -3.4e+38 -3.4e+38 -3.4e+38 0.766610741615295 0.782595038414001 0.796953201293945 0.785248637199402 0.761902332305908 0.738329648971558 -3.4e+38 -3.4e+38 -3.4e+38 -3.4e+38 -3.4e+38 -3.4e+38 -3.4e+38 -3.4e+38 -3.4e+38 -3.4e+38 -3.4e+38 -3.4e+38 -3.4e+38 0.118738487362862 0.0958487540483475 -3.4e+38 -3.4e+38 -3.4e+38 -3.4e+38 -3.4e+38 -3.4e+38 -3.4e+38 -3.4e+38 -3.4e+38 -3.4e+38 -3.4e+38 -3.4e+38 -3.4e+38 0.178273379802704 0.330522656440735 0.741413652896881 0.745742738246918 0.62886780500412 0.664412260055542 0.653899312019348 0.541787207126617 0.319982528686523 0.184354051947594 0.280380934476852 0.25387904047966
-3.4e+38 -3.4e+38 -3.4e+38 -3.4e+38 -3.4e+38 -3.4e+38 -3.4e+38 -3.4e+38 0.747246503829956 0.791873216629028 0.803317487239838 0.787095189094543 0.768962740898132 0.784487426280975 0.769972681999207 0.77227121591568 0.724797785282135 0.700428128242493 0.727999806404114 0.699409544467926 -3.4e+38 -3.4e+38 -3.4e+38 -3.4e+38 -3.4e+38 -3.4e+38 -3.4e+38 -3.4e+38 0.188248351216316 0.183586701750755 0.13836669921875 -3.4e+38 -3.4e+38 -3.4e+38 -3.4e+38 -3.4e+38 -3.4e+38 -3.4e+38 -3.4e+38 -3.4e+38 -3.4e+38 -3.4e+38 0.160723060369492 0.143728747963905 0.217145904898643 0.687780499458313 0.718642115592957 0.640005171298981 0.600556135177612 0.675753533840179 0.57045590877533 0.460708290338516 0.21825335919857 0.238543897867203 0.188317388296127 0.0994125604629517
-3.4e+38 -3.4e+38 -3.4e+38 -3.4e+38 -3.4e+38 -3.4e+38 -3.4e+38 -3.4e+38 0.80546623468399 0.778153359889984 0.772910535335541 0.740143418312073 0.779578566551208 0.713473737239838 0.684182345867157 0.717775285243988 0.71625018119812 0.736793339252472 0.72472870349884 0.72540420293808 -3.4e+38 -3.4e+38 -3.4e+38 -3.4e+38 -3.4e+38 -3.4e+38 -3.4e+38 -3.4e+38 0.328137814998627 0.285913288593292 0.289729386568069 0.226294353604317 -3.4e+38 -3.4e+38 -3.4e+38 -3.4e+38 -3.4e+38 -3.4e+38 -3.4e+38 -3.4e+38 -3.4e+38 0.240210086107254 0.194447293877602 0.225397542119026 0.705402553081512 0.740740358829498 0.735432744026184 0.64553028345108 0.667777240276337 0.617782711982727 0.230106055736542 0.174531728029251 0.116568461060524 0.103108659386635 0.114232264459133 0.053265742957592
-3.4e+38 -3.4e+38 -3.4e+38 -3.4e+38 -3.4e+38 -3.4e+38 -3.4e+38 -3.4e+38 0.790872156620026 0.799474060535431 0.778671503067017 0.721429109573364 0.743691146373749 0.656531512737274 0.656529307365417 0.688476860523224 0.717487514019012 0.68571263551712 0.716855406761169 0.733189463615417 -3.4e+38 -3.4e+38 -3.4e+38 -3.4e+38 -3.4e+38 -3.4e+38 -3.4e+38 -3.4e+38 0.501525938510895 0.459182262420654 0.383095026016235 0.360531240701675 0.306181818246841 0.185705304145813 -3.4e+38 -3.4e+38 -3.4e+38 -3.4e+38 -3.4e+38 -3.4e+38 -3.4e+38 -3.4e+38 0.243654146790504 0.704693257808685 0.741635382175446 0.707361042499542 0.609952330589294 0.711588859558105 0.677893579006195 0.250251024961472 0.0863376557826996 0.0599015988409519 0.055916853249073 0.061136968433857 0.0609341524541378 0.0376177839934826
-3.4e+38 -3.4e+38 -3.4e+38 -3.4e+38 -3.4e+38 -3.4e+38 -3.4e+38 -3.4e+38 0.792320191860199 0.740702390670776 0.731719672679901 0.694745659828186 0.681688249111176 0.652684330940247 0.662600874900818 0.678624629974365 0.714662611484528 0.698863565921783 0.705961167812347 0.66761714220047 -3.4e+38 -3.4e+38 -3.4e+38 -3.4e+38 -3.4e+38 0.748856365680695 0.751039266586304 0.72183883190155 0.69538426399231 0.640143215656281 0.532853960990906 0.562770962715149 0.480547189712524 0.361450731754303 0.188029915094376 -3.4e+38 -3.4e+38 -3.4e+38 -3.4e+38 -3.4e+38 -3.4e+38 0.221935421228409 0.66761988401413 0.67935848236084 0.684316039085388 0.707229137420654 0.694897830486298 0.66923052072525 0.20540614426136 0.082537405192852 0.0422532930970192 0.0601080916821957 0.0583394952118397 0.0584034249186516 0.0861991569399834 0.048274789005518
-3.4e+38 -3.4e+38 -3.4e+38 -3.4e+38 -3.4e+38 -3.4e+38 -3.4e+38 -3.4e+38 0.796173691749573 0.79874849319458 0.751753866672516 0.689589440822601 0.704618692398071 0.64935040473938 0.638777673244476 0.687735319137573 0.686669647693634 0.713631272315979 0.664119362831116 0.517303287982941 -3.4e+38 -3.4e+38 -3.4e+38 0.737763941287994 0.755236923694611 0.772185862064362 0.764314949512482 0.752923846244812 0.730326056480408 0.70980179309845 0.662937223911285 0.622511446475983 0.572092652320862 0.34932416677475 0.123593963682652 0.104857981204987 -3.4e+38 -3.4e+38 -3.4e+38 -3.4e+38 0.234074681997299 0.188430681824684 0.411342859268188 0.46036633849144 0.64345395565033 0.665476262569427 0.450109153985977 0.152126491069794 0.0737406983971596 0.0729359462857246 0.0721947401762009 0.139000862836838 0.0620751343667507 0.0654969960451126 0.0702468305826187 0.0461757779121399
-3.4e+38 -3.4e+38 -3.4e+38 -3.4e+38 -3.4e+38 -3.4e+38 -3.4e+38 -3.4e+38 0.767594039440155 0.788222193717957 0.778235018253326 0.746659934520721 0.736809313297272 0.713335931301117 0.6920405626297 0.670725405216217 0.734847128391266 0.721924006938934 0.518238008022308 0.365539819002151 0.278311759233475 -3.4e+38 0.748854994773865 0.776745796203613 0.78716117143631 0.767140507698059 0.749833464622498 0.745526194572449 0.684253036975861 0.629893660545349 0.65471363067627 0.647081851959229 0.529088258743286 0.319358259439468 0.186267361044884 0.158602133393288 -3.4e+38 -3.4e+38 -3.4e+38 0.120532542467117 0.200117066502571 0.259204059839249 0.333749651908875 0.609041333198547 0.634251952171326 0.273378401994705 0.0919580236077309 0.0537583976984024 0.0331128388643265 0.0631986707448959 0.0767105370759964 0.0595920719206333 0.0973321571946144 0.0867660939693451 0.0680247694253922 0.0432470627129078
-3.4e+38 -3.4e+38 -3.4e+38 -3.4e+38 -3.4e+38 -3.4e+38 -3.4e+38 0.715171098709106 0.753035724163055 0.798273026943207 0.801112949848175 0.725563645362854 0.767337918281555 0.720966398715973 0.711205303668976 0.757029831409454 0.780789017677307 0.726342558860779 0.638524413108826 0.384805619716644 0.340182244777679 0.566904366016388 0.785497009754181 0.773467481136322 0.753744661808014 0.731382429599762 0.729028761386871 0.693097054958344 0.526308357715607 0.416868358850479 0.406262636184692 0.420834541320801 0.416013985872269 0.276702910661697 0.198009759187698 -3.4e+38 -3.4e+38 -3.4e+38 0.134145528078079 0.169841170310974 0.117111705243587 0.191535621881485 0.454339355230331 0.592634856700897 0.330661296844482 0.100462965667248 0.0937286093831062 0.123205795884132 0.0785476565361023 0.102002643048763 0.0710706412792206 0.0718501359224319 0.129974916577339 0.0994636341929436 0.069145642220974 -3.4e+38
-3.4e+38 -3.4e+38 -3.4e+38 -3.4e+38 -3.4e+38 -3.4e+38 -3.4e+38 0.757996678352356 0.759289026260376 0.800286650657654 0.740817308425903 0.714909076690674 0.71816474199295 0.709368646144867 0.74720174074173 0.806016027927399 0.793926656246185 0.818052291870117 0.801875472068787 0.465951412916183 0.360856950283051 0.710235834121704 0.743344008922577 0.721342146396637 0.70729786157608 0.593711793422699 0.590461194515228 0.496926248073578 0.361589729785919 0.314315140247345 0.18790827691555 0.232672318816185 0.283099472522736 0.216784417629242 -3.4e+38 -3.4e+38 -3.4e+38 -3.4e+38 0.0587430186569691 0.114900194108486 0.0809141248464584 0.121634528040886 0.37863951921463 0.364174485206604 0.102289199829102 0.0909893214702606 0.428224414587021 0.548123836517334 0.189050748944283 0.100746266543865 0.113446310162544 0.0907264575362206 0.109177313745022 0.100520506501198 -3.4e+38 -3.4e+38
-3.4e+38 -3.4e+38 -3.4e+38 -3.4e+38 -3.4e+38 -3.4e+38 0.775842547416687 0.782653629779816 0.808442056179047 0.777277231216431 0.766287684440613 0.729235887527466 0.74066162109375 0.754798710346222 0.791184723377228 0.81743061542511 0.826103925704956 0.833698570728302 0.755982518196106 0.670642554759979 0.730487704277039 0.761900186538696 0.719610035419464 0.696671187877655 0.581025898456573 0.464360505342484 0.395673900842667 0.303218394517899 0.14780355989933 0.0713168233633041 0.0401800312101841 0.0420554690063 -3.4e+38 -3.4e+38 -3.4e+38 -3.4e+38 -3.4e+38 -3.4e+38 -3.4e+38 -3.4e+38 -3.4e+38 0.0609138607978821 0.0948102921247482 -3.4e+38 -3.4e+38 0.139227047562599 0.413884401321411 0.360981285572052 0.139729872345924 0.0852958634495735 0.103077828884125 0.0624212175607681 -3.4e+38 -3.4e+38 -3.4e+38 -3.4e+38
-3.4e+38 -3.4e+38 -3.4e+38 -3.4e+38 -3.4e+38 0.762093424797058 0.771872401237488 0.7999027967453 0.793847382068634 0.800022780895233 0.753628373146057 0.739314436912537 0.720165252685547 0.627501130104065 0.716164886951447 0.817747354507446 0.835297286510468 0.829325199127197 0.803792595863342 0.753961384296417 0.753917992115021 0.717996418476105 0.692214548587799 0.496374279260635 0.370399475097656 0.271686553955078 0.221546992659569 0.131240710616112 0.0651941001415253 0.0345034524798393 0.0308883339166641 0.031431183218956 0.0351247191429138 -3.4e+38 -3.4e+38 -3.4e+38 -3.4e+38 -3.4e+38 -3.4e+38 -3.4e+38 -3.4e+38 -3.4e+38 -3.4e+38 -3.4e+38 -3.4e+38 0.112519882619381 0.291987419128418 0.144954890012741 0.0892018675804138 0.0656218230724335 -3.4e+38 -3.4e+38 -3.4e+38 -3.4e+38 -3.4e+38 -3.4e+38
-3.4e+38 -3.4e+38 -3.4e+38 -3.4e+38 0.745547890663147 0.778525471687317 0.773425281047821 0.781131148338318 0.776370048522949 0.794800996780396 0.739589154720306 0.748656153678894 0.763938903808594 0.77600508928299 0.753536224365234 0.808610141277313 0.828357636928558 0.814709782600403 0.750793099403381 0.586157560348511 0.735329627990723 0.64281553030014 0.507665872573853 0.379316806793213 0.295577049255371 0.226277276873589 0.170668736100197 0.0993058830499649 0.101685039699078 0.10675074160099 0.067670576274395 0.039048608392477 0.0252394881099463 -3.4e+38 -3.4e+38 -3.4e+38 -3.4e+38 -3.4e+38 -3.4e+38 -3.4e+38 -3.4e+38 -3.4e+38 -3.4e+38 -3.4e+38 -3.4e+38 0.0895470753312111 0.129178941249847 0.100375324487686 -3.4e+38 -3.4e+38 -3.4e+38 -3.4e+38 -3.4e+38 -3.4e+38 -3.4e+38 -3.4e+38
0.650354504585266 0.639061093330383 0.653919398784637 0.685026168823242 0.75806450843811 0.795045375823975 0.784515202045441 0.788500189781189 0.756746053695679 0.773922324180603 0.773060142993927 0.801494896411896 0.810621380805969 0.772911667823792 0.79632169008255 0.809165179729462 0.804179966449738 0.802059352397919 0.737881064414978 0.763195514678955 0.665692567825317 0.493378162384033 0.392163872718811 0.341354161500931 0.233518183231354 0.181557029485703 0.135734334588051 0.157072231173515 0.211833000183105 0.0730965510010719 0.037026584148407 0.0258014854043722 0.017261179164052 0.020046541467309 0.0228738989681005 -3.4e+38 -3.4e+38 -3.4e+38 -3.4e+38 -3.4e+38 -3.4e+38 -3.4e+38 -3.4e+38 -3.4e+38 -3.4e+38 -3.4e+38 -3.4e+38 -3.4e+38 -3.4e+38 -3.4e+38 -3.4e+38 -3.4e+38 -3.4e+38 -3.4e+38 -3.4e+38 -3.4e+38
0.665935039520264 0.648836314678192 0.693020403385162 0.761158406734467 0.775130391120911 0.77838122844696 0.78189492225647 0.792217016220093 0.794381082057953 0.802547216415405 0.808051407337189 0.811629772186279 0.803854286670685 0.766493737697601 0.791408777236938 0.784272253513336 0.794852554798126 0.768705070018768 0.775622367858887 0.652303218841553 0.626890540122986 0.408492624759674 0.580216526985168 0.25786218047142 0.223557904362679 0.194430485367775 0.263025850057602 0.192358449101448 0.14283861219883 0.0739614963531494 0.0820589363574982 0.0592848360538483 0.0236699543893337 0.0294035486876965 0.0193925835192204 -3.4e+38 -3.4e+38 -3.4e+38 -3.4e+38 -3.4e+38 -3.4e+38 -3.4e+38 -3.4e+38 -3.4e+38 -3.4e+38 -3.4e+38 -3.4e+38 -3.4e+38 -3.4e+38 -3.4e+38 -3.4e+38 -3.4e+38 -3.4e+38 -3.4e+38 -3.4e+38 -3.4e+38
0.68486076593399 0.72210294008255 0.810157537460327 0.778704941272736 0.760046243667603 0.776494801044464 0.754145622253418 0.777486383914948 0.770222783088684 0.798831760883331 0.80709832906723 0.784557223320007 0.789524495601654 0.771915435791016 0.786243736743927 0.734734952449799 0.651366770267487 0.592419445514679 0.591870129108429 0.557731926441193 0.644939124584198 0.559468805789948 0.462508738040924 0.327134400606155 0.304704070091248 0.163822650909424 0.137597501277924 0.124297745525837 0.135047122836113 0.141919896006584 0.120516434311867 0.0644591376185417 0.031868502497673 0.0271689686924219 -3.4e+38 -3.4e+38 -3.4e+38 -3.4e+38 -3.4e+38 -3.4e+38 -3.4e+38 -3.4e+38 -3.4e+38 -3.4e+38 -3.4e+38 -3.4e+38 -3.4e+38 -3.4e+38 -3.4e+38 -3.4e+38 -3.4e+38 -3.4e+38 -3.4e+38 -3.4e+38 -3.4e+38 -3.4e+38
0.730916917324066 0.781656920909882 0.786535918712616 0.796989381313324 0.792530119419098 0.747489809989929 0.781680822372437 0.716507732868195 0.761956810951233 0.800038039684296 0.7520831823349 0.755301952362061 0.775041460990906 0.745393037796021 0.710471749305725 0.582487761974335 0.578798055648804 0.653651654720306 0.508790373802185 0.462739855051041 0.56172126531601 0.473795771598816 0.465678989887238 0.433567762374878 0.170241981744766 0.134451240301132 0.479805320501328 0.487544357776642 0.149087756872177 0.120224356651306 0.10461588203907 0.071925550699234 0.0296083725988865 -3.4e+38 -3.4e+38 -3.4e+38 -3.4e+38 -3.4e+38 -3.4e+38 -3.4e+38 -3.4e+38 -3.4e+38 -3.4e+38 -3.4e+38 -3.4e+38 -3.4e+38 -3.4e+38 -3.4e+38 -3.4e+38 -3.4e+38 -3.4e+38 -3.4e+38 -3.4e+38 -3.4e+38 -3.4e+38 -3.4e+38
0.75137859582901 0.815050363540649 0.762792229652405 0.76222038269043 0.774397969245911 0.765332579612732 0.794711768627167 0.74288672208786 0.708509683609009 0.77538537979126 0.76274186372757 0.753432095050812 0.732971727848053 0.686956942081451 0.57053279876709 0.473433494567871 0.494019120931625 0.641860485076904 0.50614196062088 0.485807985067368 0.524528563022614 0.405526638031006 0.29739111661911 0.132263869047165 0.204830065369606 0.42719441652298 0.494091331958771 0.245045632123947 0.145269870758057 0.133283883333206 0.0755059719085693 0.035685807466507 -3.4e+38 -3.4e+38 -3.4e+38 -3.4e+38 -3.4e+38 -3.4e+38 -3.4e+38 -3.4e+38 -3.4e+38 -3.4e+38 -3.4e+38 -3.4e+38 -3.4e+38 -3.4e+38 -3.4e+38 -3.4e+38 -3.4e+38 -3.4e+38 -3.4e+38 -3.4e+38 -3.4e+38 -3.4e+38 -3.4e+38 -3.4e+38
0.794587790966034 0.786801695823669 0.79689234495163 0.779279768466949 0.774960279464722 0.789463043212891 0.793697535991669 0.750094175338745 0.65021938085556 0.784640729427338 0.764770448207855 0.726149678230286 0.552401602268219 0.630618631839752 0.468600928783417 0.405767917633057 0.507154941558838 0.536848068237305 0.6179079413414 0.419627606868744 0.350389361381531 0.193830981850624 0.242622300982475 0.242454245686531 0.479492366313934 0.2623570561409 0.207808420062065 0.381910115480423 0.218517825007439 0.145956352353096 0.075157456099987 -3.4e+38 -3.4e+38 -3.4e+38 -3.4e+38 -3.4e+38 -3.4e+38 -3.4e+38 -3.4e+38 -3.4e+38 -3.4e+38 -3.4e+38 -3.4e+38 -3.4e+38 -3.4e+38 -3.4e+38 -3.4e+38 -3.4e+38 -3.4e+38 -3.4e+38 -3.4e+38 -3.4e+38 -3.4e+38 -3.4e+38 -3.4e+38 -3.4e+38
0.804007709026337 0.791037201881409 0.779964089393616 0.789419591426849 0.789620578289032 0.792775392532349 0.778486728668213 0.709389925003052 0.633890330791473 0.784901082515717 0.747513592243195 0.688289046287537 0.482388466596603 0.565108358860016 0.537185251712799 0.532101988792419 0.521791160106659 0.520337581634521 0.611071407794952 0.451851397752762 0.387986332178116 0.323661029338837 0.25581893324852 0.210185378789902 0.218183025717735 0.204383119940758 0.418041825294495 0.510096192359924 0.236145704984665 0.207614853978157 -3.4e+38 -3.4e+38 -3.4e+38 -3.4e+38 -3.4e+38 -3.4e+38 -3.4e+38 -3.4e+38 -3.4e+38 -3.4e+38 -3.4e+38 -3.4e+38 -3.4e+38 -3.4e+38 -3.4e+38 -3.4e+38 -3.4e+38 -3.4e+38 -3.4e+38 -3.4e+38 -3.4e+38 -3.4e+38 -3.4e+38 -3.4e+38 -3.4e+38 -3.4e+38
0.791753828525543 0.765917599201202 0.772482097148895 0.790951669216156 0.808050036430359 0.7843297123909 0.753966927528381 0.696112632751465 0.710573971271515 0.77175384759903 0.717390120029449 0.590759634971619 0.497124552726746 0.59347939491272 0.691307127475739 0.536013960838318 0.604559004306793 0.522662460803986 0.555178642272949 0.408096224069595 0.399608492851257 0.44114089012146 0.259246796369553 0.188027784228325 0.240208432078362 0.361451387405396 0.332993268966675 0.62669426202774 0.52011913061142 -3.4e+38 -3.4e+38 -3.4e+38 -3.4e+38 -3.4e+38 -3.4e+38 -3.4e+38 -3.4e+38 -3.4e+38 -3.4e+38 -3.4e+38 -3.4e+38 -3.4e+38 -3.4e+38 -3.4e+38 -3.4e+38 -3.4e+38 -3.4e+38 -3.4e+38 -3.4e+38 -3.4e+38 -3.4e+38 -3.4e+38 -3.4e+38 -3.4e+38 -3.4e+38 -3.4e+38
0.765227794647217 0.777514815330505 0.784537076950073 0.80869734287262 0.814860343933105 0.791598975658417 0.771778166294098 0.677838087081909 0.750747203826904 0.74059134721756 0.681127488613129 0.644846320152283 0.584464728832245 0.603260815143585 0.705670356750488 0.603897035121918 0.678664803504944 0.5506991147995 0.48227646946907 0.465263813734055 0.421766728162766 0.325360059738159 0.280638337135315 0.345648765563965 0.524532437324524 0.612716853618622 0.416921406984329 0.248317882418633 -3.4e+38 -3.4e+38 -3.4e+38 -3.4e+38 -3.4e+38 -3.4e+38 -3.4e+38 -3.4e+38 -3.4e+38 -3.4e+38 -3.4e+38 -3.4e+38 -3.4e+38 -3.4e+38 -3.4e+38 -3.4e+38 -3.4e+38 -3.4e+38 -3.4e+38 -3.4e+38 -3.4e+38 -3.4e+38 -3.4e+38 -3.4e+38 -3.4e+38 -3.4e+38 -3.4e+38 -3.4e+38
0.771921455860138 0.794549882411957 0.809016525745392 0.81532746553421 0.825026094913483 0.736800849437714 0.751843690872192 0.746239304542542 0.708055734634399 0.606456875801086 0.617573261260986 0.666431665420532 0.60238128900528 0.677645087242126 0.68202930688858 0.599431753158569 0.572950899600983 0.528188943862915 0.519607603549957 0.415142387151718 0.456031888723373 0.473289340734482 0.641576707363129 0.581545114517212 0.417638927698135 0.519823372364044 0.197709873318672 0.176548525691032 -3.4e+38 -3.4e+38 -3.4e+38 -3.4e+38 -3.4e+38 -3.4e+38 -3.4e+38 -3.4e+38 -3.4e+38 -3.4e+38 -3.4e+38 -3.4e+38 -3.4e+38 -3.4e+38 -3.4e+38 -3.4e+38 -3.4e+38 -3.4e+38 -3.4e+38 -3.4e+38 -3.4e+38 -3.4e+38 -3.4e+38 -3.4e+38 -3.4e+38 -3.4e+38 -3.4e+38 -3.4e+38
