data/climate_estimation/maxent_output/Luzuriaga_marginata.asc
NCOLS 195 
NROWS 248 
XLLCORNER -73.6666666666667 
YLLCORNER -55.5833333333333 
CELLSIZE 0.0833333333333333 
NODATA_value -3.4e+38 
[rows 0 to 22 of 248, columns 104 to 155 of 195]
0.0110928015783429 0.011644390411675 0.0111928507685661 0.011152246966958 0.0109523730352521 0.0110111851245165 0.0107709895819426 0.0103619704023004 0.0101048005744815 0.0101929977536201 0.0102778831496835 0.0106737902387977 0.0108366888016462 0.0110273258760571 0.0112391132861376 0.0109529159963131 0.0111852595582604 0.0107914041727781 0.0109203159809113 0.011294892989099 0.0112610757350922 0.0112161692231894 0.0114647336304188 0.0112567543983459 0.0117993848398328 0.0128065031021833 0.0144565785303712 0.0155232520774007 0.0164261516183615 0.0195828471332788 0.0207101553678513 0.0224581975489855 0.0245814267545938 0.0270377229899168 0.0288652367889881 0.0293508414179087 0.0308199729770422 0.0327059663832188 0.0341460555791855 0.0361483320593834 0.036728523671627 0.0370249003171921 0.0374013632535934 0.0395061150193214 0.0402538701891899 0.040339071303606 0.0403024591505527 0.0397657752037048 0.0409341268241405 0.0417257994413376 0.0418828837573528 0.0386898182332516
0.0110934833064675 0.0107238655909896 0.0112933972850442 0.0107137663289905 0.0104787889868021 0.0108993928879499 0.0106444461271167 0.0101014040410519 0.0104516167193651 0.0104247583076358 0.0109120383858681 0.0104855941608548 0.0109115364030004 0.0107998037710786 0.0111862262710929 0.0111878188326955 0.0114176943898201 0.0111665716394782 0.0112297860905528 0.0120155466720462 0.011873166076839 0.0112992962822318 0.0108125694096088 0.0109163876622915 0.0115074226632714 0.0130060845986009 0.0145399468019605 0.0152809107676148 0.0173953361809254 0.0188634563237429 0.0204788707196712 0.0226875841617584 0.0245226491242647 0.0264546256512403 0.0287908706814051 0.0297603365033865 0.030525965616107 0.0344092883169651 0.0352076031267643 0.0353120900690556 0.0363458730280399 0.0371158868074417 0.0376574993133545 0.0385946407914162 0.0391321256756783 0.0399628020823002 0.0399032570421696 0.0396152995526791 0.0392060168087482 0.0401703678071499 0.0400404185056686 0.0386920720338821
0.0106308730319142 0.0109166437759995 0.0106160901486874 0.0109918499365449 0.0106954425573349 0.0106572629883885 0.0104536833241582 0.010391840711236 0.0105158975347877 0.0104799559339881 0.0107343308627605 0.0105278100818396 0.0101904002949595 0.0108697153627872 0.0104883816093206 0.0105689661577344 0.0113739743828773 0.010964822024107 0.0113053759559989 0.0111535508185625 0.0113487737253308 0.0108926789835095 0.0112163880839944 0.0115579608827829 0.0116190547123551 0.0128331854939461 0.0150235136970878 0.0153805688023567 0.0174539554864168 0.0184067226946354 0.0200256612151861 0.022308086976409 0.0238489490002394 0.0262151006609201 0.0271566491574049 0.0300306733697653 0.0303844567388296 0.034050352871418 0.0344220586121082 0.0341616868972778 0.0359745882451534 0.0370367728173733 0.0377218462526798 0.0382114239037037 0.0390260890126228 0.0384004786610603 0.0381228215992451 0.0378235466778278 0.0374731197953224 0.0384516157209873 0.0381405726075172 0.037442572414875
0.0111002987250686 0.0113437725231051 0.0112477988004684 0.0105015151202679 0.0108079453930259 0.0102636385709047 0.0106544708833098 0.0108585925772786 0.0103558339178562 0.0103424275293946 0.0106839062646031 0.0113192107528448 0.0110459038987756 0.0107696298509836 0.0113849714398384 0.0113525148481131 0.0111851450055838 0.0105865700170398 0.0114198736846447 0.0111738182604313 0.0108347572386265 0.0113983079791069 0.011612655594945 0.011822228319943 0.0118977734819055 0.0135351801291108 0.0147728687152267 0.0158226117491722 0.0176669247448444 0.0183313265442848 0.0205624382942915 0.0224530957639217 0.0240025762468576 0.026803670451045 0.0277287550270557 0.0295928344130516 0.030801348388195 0.0325076282024384 0.034309770911932 0.0344790332019329 0.0358413383364677 0.0375246219336987 0.0375121310353279 0.0383312031626701 0.0385887213051319 0.0377448759973049 0.0375051274895668 0.0376046970486641 0.0372409373521805 0.0367672555148602 0.0372333005070686 0.0375191420316696
0.0115585885941982 0.0113722402602434 0.011044823564589 0.0108498558402061 0.0107702817767859 0.0114023881033063 0.0105393994599581 0.0106464978307486 0.0106130577623844 0.0108720175921917 0.0109494049102068 0.0111505445092916 0.0110687660053372 0.0106727872043848 0.0107440147548914 0.010875609703362 0.0115586435422301 0.0112182339653373 0.011573476716876 0.0117316963151097 0.011259512975812 0.0117869954556227 0.0119028557091951 0.0121629443019629 0.012542087584734 0.0136137725785375 0.0142994625493884 0.0160789489746094 0.0180940367281437 0.0192907564342022 0.0206766296178102 0.0223269667476416 0.024635961279273 0.0269263871014118 0.0285560227930546 0.0297886002808809 0.0310207847505808 0.0329314991831779 0.0339327044785023 0.0346362665295601 0.0368523299694061 0.0370380505919456 0.0369357690215111 0.0372190549969673 0.0379695147275925 0.0373892039060593 0.0379406698048115 0.0366515256464481 0.0371679998934269 0.0378517620265484 0.0364071577787399 0.0351299718022346
0.0108692599460483 0.0115978578105569 0.0108915464952588 0.0113958362489939 0.0108025651425123 0.0108312955126166 0.0115377679467201 0.0106305303052068 0.0114716105163097 0.011261991225183 0.0115750748664141 0.0116098029538989 0.0111063551157713 0.0114455353468657 0.011429968290031 0.0114315627142787 0.0113385617733002 0.0119571993127465 0.0117665976285934 0.0119021758437157 0.0120735168457031 0.0127110360190272 0.0123559040948749 0.0128054181113839 0.0136797605082393 0.0151461586356163 0.0149678429588675 0.0168330315500498 0.0189169365912676 0.0196526814252138 0.0218941122293472 0.0227382984012365 0.0250586457550526 0.0262914448976517 0.0277900192886591 0.0303290914744139 0.0328164510428905 0.0342676788568497 0.0347395613789558 0.0361181758344173 0.0365627855062485 0.0371286422014236 0.0368393585085869 0.0370740331709385 0.0380617156624794 0.0382344052195549 0.0378918647766113 0.0374870970845222 0.0369030497968197 0.0365859717130661 0.035510491579771 0.0346041843295097
0.0109052723273635 0.0109519260004163 0.0110721914097667 0.0113053247332573 0.0107380831614137 0.010961945168674 0.0108977798372507 0.0112031288444996 0.0114329615607858 0.0112074287608266 0.0115253971889615 0.0111043322831392 0.0112754590809345 0.0115078371018171 0.0115786697715521 0.0112455217167735 0.0113473841920495 0.0115251811221242 0.0121361119672656 0.0121221952140331 0.0122219435870647 0.0123205482959747 0.0129584884271026 0.0128628714010119 0.0142076918855309 0.0154707320034504 0.0158721562474966 0.0177587103098631 0.0183296911418438 0.0192328412085772 0.022228641435504 0.0237073302268982 0.0255803354084492 0.026889381930232 0.0288340877741575 0.0311644114553928 0.0329990908503532 0.0341384373605251 0.0348789878189564 0.0359272323548794 0.0371468774974346 0.0372789055109024 0.0377714224159718 0.0369720868766308 0.0373438224196434 0.0374524258077145 0.0367835313081741 0.0372181832790375 0.0366608165204525 0.0359872505068779 0.0351917445659637 0.0352189540863037
0.010964403860271 0.0111311189830303 0.0108851986005902 0.0110913729295135 0.0109606217592955 0.010880128480494 0.0111987348645926 0.0121123502030969 0.0115387104451656 0.0114726070314646 0.0117630315944552 0.0116388304159045 0.0119628049433231 0.0116816097870469 0.0116399573162198 0.0112624429166317 0.0114199444651604 0.0117582557722926 0.0119097800925374 0.0122384820133448 0.013095373287797 0.0127680487930775 0.0131529588252306 0.0140073793008924 0.0145896906033158 0.01540298294276 0.0163398012518883 0.0178099479526281 0.0188359133899212 0.0207112915813923 0.0223769266158342 0.0239332374185324 0.0263485759496689 0.0279355365782976 0.0295564942061901 0.0310388412326574 0.0338899791240692 0.0340545438230038 0.0367111191153526 0.0366957634687424 0.0370810441672802 0.0380738750100136 0.0376793220639229 0.0360729172825813 0.0369160026311874 0.0378974787890911 0.0374219566583633 0.0383776798844337 0.037612646818161 0.035454235970974 0.0342643931508064 0.0347933284938335
0.0107823722064495 0.0108188157901168 0.0111920163035393 0.0107160359621048 0.0115360748022795 0.0113663002848625 0.0116570917889476 0.0122864004224539 0.01197225227952 0.0120832473039627 0.0122656542807817 0.0120962550863624 0.0123959863558412 0.0121274134144187 0.0124157145619392 0.0117376763373613 0.0126173859462142 0.01236223988235 0.0122755710035563 0.0126186665147543 0.012688803486526 0.0135391680523753 0.0141321821138263 0.0141594791784883 0.0159828718751669 0.0162805058062077 0.0166142582893372 0.0189019963145256 0.0196491852402687 0.0209586340934038 0.0228198226541281 0.0237150825560093 0.0256246495991945 0.0277354270219803 0.0301558095961809 0.0328173972666264 0.0344022028148174 0.0358659774065018 0.0374468564987183 0.0377991497516632 0.0384871549904346 0.0379973202943802 0.0378089807927608 0.038084838539362 0.0382748767733574 0.0370250828564167 0.0369887091219425 0.0360817238688469 0.0361184664070606 0.0351348668336868 0.0350132584571838 0.0350618250668049
0.0112468479201198 0.0110477712005377 0.0111824972555041 0.0108932107686996 0.0115468623116612 0.0119083896279335 0.0121280597522855 0.0126679036766291 0.0126821286976337 0.0125163281336427 0.0124620497226715 0.0125938653945923 0.0124110477045178 0.0124638248234987 0.0119931669905782 0.0124252149835229 0.0128372190520167 0.012665644288063 0.0129367234185338 0.0129144107922912 0.0133613366633654 0.0138947274535894 0.0147302281111479 0.0150280306115746 0.0159363504499197 0.0164204146713018 0.0166861806064844 0.0186580959707499 0.0192356240004301 0.0207815542817116 0.022537536919117 0.0246782470494509 0.0266722235828638 0.0281662885099649 0.031526293605566 0.0325637459754944 0.0353541225194931 0.0368937999010086 0.03744837641716 0.0379205271601677 0.0384518504142761 0.0384163670241833 0.0392255820333958 0.0395759530365467 0.038334421813488 0.0383019223809242 0.0367164090275764 0.035779844969511 0.0358707383275032 0.0359540060162544 0.0359297208487988 0.035287331789732
0.0106788026168942 0.0111811803653836 0.0115756671875715 0.0112891308963299 0.0117479329928756 0.011881991289556 0.0125147895887494 0.0132361147552729 0.0128905856981874 0.0124046970158815 0.0127821369096637 0.0128602823242545 0.0132932811975479 0.0132653126493096 0.0130421286448836 0.0132540771737695 0.0135753490030766 0.0132263395935297 0.0130352508276701 0.0129857063293457 0.0142073798924685 0.0146195963025093 0.0150257963687181 0.015497175976634 0.0159828718751669 0.0166254956275225 0.0178258903324604 0.018263965845108 0.0196452289819717 0.0208312664180994 0.0228370390832424 0.0255816075950861 0.0271034929901361 0.0287117753177881 0.0299543179571629 0.0333618149161339 0.035622201859951 0.0374151431024075 0.0383488275110722 0.0378549583256245 0.0376210436224937 0.0389875844120979 0.0390920825302601 0.0390937998890877 0.0393589697778225 0.0391243398189545 0.0383062548935413 0.0370805338025093 0.0357905924320221 0.0366216823458672 0.0364656001329422 0.0353264957666397
0.0107709420844913 0.0110809924080968 0.0114915650337934 0.0113657088950276 0.0117290113121271 0.0118041327223182 0.0132835591211915 0.0131280208006501 0.0132300453260541 0.0132137835025787 0.0130213238298893 0.0136589370667934 0.0131421545520425 0.0129326926544309 0.0130834933370352 0.0127646783366799 0.0137881627306342 0.0137067250907421 0.0138130309060216 0.0139017924666405 0.0138959195464849 0.0146842123940587 0.0149787273257971 0.0163692086935043 0.0164115186780691 0.0167763158679008 0.0181044340133667 0.0184826217591763 0.0186199806630611 0.0211601257324219 0.0239408407360315 0.024956526234746 0.027037626132369 0.0295585561543703 0.0317113436758518 0.0350727029144764 0.0377746932208538 0.0390438064932823 0.0401249900460243 0.0399321727454662 0.0378875248134136 0.0394602306187153 0.0397711098194122 0.0388981997966766 0.0398270338773727 0.0385627634823322 0.0370755456387997 0.036937989294529 0.0369364954531193 0.0370746850967407 0.0356947034597397 0.0344219319522381
0.0112188989296556 0.0115474993363023 0.011770554818213 0.0120759624987841 0.012112190015614 0.0127290524542332 0.0132404267787933 0.0129533391445875 0.0133662382140756 0.0138138523325324 0.013384428806603 0.0133407013490796 0.0131080560386181 0.0132650956511497 0.0135168489068747 0.0137473912909627 0.0144914928823709 0.014306222088635 0.0147843072190881 0.0145517773926258 0.0148351285606623 0.0155517254024744 0.0148908058181405 0.0158510971814394 0.0167345385998487 0.0178355313837528 0.0177649613469839 0.017944447696209 0.0195141155272722 0.0210028551518917 0.0234497357159853 0.0246054660528898 0.0266364570707083 0.0295925755053759 0.0314617119729519 0.0343429669737816 0.0371322333812714 0.0381808318197727 0.0388325937092304 0.0400562398135662 0.0406990610063076 0.0382978841662407 0.0374647788703442 0.0388094149529934 0.0367772653698921 0.0362643003463745 0.0370056331157684 0.0367387644946575 0.0371790863573551 0.0365177914500237 0.037092249840498 0.0340589880943298
0.011142373085022 0.0117755513638258 0.0119206150993705 0.012013042345643 0.0122734978795052 0.0127837071195245 0.0137717854231596 0.0135211450979114 0.0138218440115452 0.013630454428494 0.0136525295674801 0.0136804711073637 0.0136984186246991 0.0140299303457141 0.0139132188633084 0.0142793394625187 0.0141147505491972 0.0141618810594082 0.0142132565379143 0.0144874006509781 0.014661131426692 0.0155289638787508 0.0153349554166198 0.0161479730159044 0.0168672315776348 0.0175901241600513 0.0177267342805862 0.018403273075819 0.0198456570506096 0.0211632754653692 0.0222017262130976 0.02429991774261 0.0270343367010355 0.0287224929779768 0.031496312469244 0.0337004661560059 0.0356409288942814 0.0376320667564869 0.0396862030029297 0.0385927520692348 0.0377453118562698 0.0366778373718262 0.0387618690729141 0.0393181145191193 0.038227055221796 0.0367822051048279 0.0377367436885834 0.038179274648428 0.0372740961611271 0.0369428247213364 0.0356091298162937 0.035224873572588
0.0111627811565995 0.0119712147861719 0.0115335360169411 0.0126827592030168 0.0126731097698212 0.013061348348856 0.0139797553420067 0.0139585267752409 0.0136241065338254 0.014256120659411 0.0141817284747958 0.0146315572783351 0.0147426277399063 0.0150478780269623 0.0150299528613687 0.0150758875533938 0.0147241624072194 0.0146428234875202 0.0146364644169807 0.0155179798603058 0.0148983225226402 0.0151556255295873 0.0159285105764866 0.016370227560401 0.0166642423719168 0.017429132014513 0.0182615667581558 0.0189785193651915 0.0203961357474327 0.0216614548116922 0.0222017262130976 0.0235896743834019 0.0267735812813044 0.0281962510198355 0.0292292647063732 0.0316400825977325 0.0331599675118923 0.0355459973216057 0.0362596325576305 0.035611093044281 0.0373020693659782 0.0379038117825985 0.0381508246064186 0.0358363762497902 0.036080177873373 0.0358448252081871 0.0366859622299671 0.0362903103232384 0.0358590297400951 0.0344885624945164 0.0348626412451267 0.035727646201849
0.0117051005363464 0.0122990841045976 0.0122540043666959 0.0129831023514271 0.0133261932060122 0.0134896095842123 0.0142899733036757 0.0138695631176233 0.0141899297013879 0.0151412133127451 0.0144728217273951 0.0148834902793169 0.0147060491144657 0.0151580693200231 0.0151583170518279 0.0148247322067618 0.0145785743370652 0.0145479943603277 0.0149622494354844 0.0152058461681008 0.0151320062577724 0.0150452088564634 0.0159399937838316 0.0165343023836613 0.0171982515603304 0.0170537754893303 0.0181601755321026 0.0190756432712078 0.0206851717084646 0.021342059597373 0.022547660395503 0.0234581045806408 0.0258936546742916 0.0279226917773485 0.0291846357285976 0.0305612813681364 0.0324102491140366 0.033609926700592 0.0351541824638844 0.0360450521111488 0.0371867902576923 0.0381379052996635 0.0354212559759617 0.0353884063661098 0.0361531749367714 0.0363518260419369 0.0378766357898712 0.0372196398675442 0.0382805727422237 0.0363160148262978 0.0368112251162529 0.0365249589085579
0.0117051005363464 0.0126475542783737 0.012800338678062 0.0137782022356987 0.0146467154845595 0.0140503849834204 0.0147584266960621 0.0148082701489329 0.0144917583093047 0.0152181694284081 0.014721286483109 0.0151854287832975 0.0150553844869137 0.015130402520299 0.0150079494342208 0.0150929726660252 0.0150347929447889 0.0147699294611812 0.0148850996047258 0.0162004344165325 0.0158034637570381 0.0155119551345706 0.0160909406840801 0.0161313265562057 0.0166240595281124 0.0177701395004988 0.018081484362483 0.0188720915466547 0.0202526059001684 0.0201250277459621 0.0230040457099676 0.0234068650752306 0.0243664775043726 0.0260888524353504 0.0283350460231304 0.0302955489605665 0.0313371159136295 0.0333908349275589 0.0338252857327461 0.0357310734689236 0.0364873930811882 0.0374542400240898 0.0350224673748016 0.035061102360487 0.037409070879221 0.0386176481842995 0.0371640138328075 0.0363419465720654 0.0355270504951477 0.0363434851169586 0.0361051969230175 0.0366958305239677
0.0121754631400108 0.013449277728796 0.0133627587929368 0.0144068216904998 0.0141366701573133 0.014930940233171 0.0144483800977468 0.0151798408478498 0.0156087754294276 0.0155589245259762 0.0160299614071846 0.0151685001328588 0.0152268800884485 0.0151083003729582 0.0147357592359185 0.0155657883733511 0.0151181407272816 0.0147430570796132 0.0151223288848996 0.0156575497239828 0.0159029681235552 0.0153648899868131 0.0157373249530792 0.0165139771997929 0.0168660320341587 0.0179990269243717 0.0179197508841753 0.0188406277447939 0.019564101472497 0.0202993210405111 0.0214094500988722 0.0232302937656641 0.0243729017674923 0.0256629586219788 0.0267923884093761 0.0297069046646357 0.0294247735291719 0.0314118564128876 0.0320482850074768 0.0337740853428841 0.0343926548957825 0.0346037745475769 0.036124050617218 0.0374225378036499 0.0367445535957813 0.03634337708354 0.0365356281399727 0.03571717441082 0.0358993597328663 0.0372622683644295 0.0377802848815918 0.0384793393313885
0.0124401468783617 0.0128454798832536 0.0138619001954794 0.0139062507078052 0.014167700894177 0.0148691274225712 0.0149397263303399 0.016690194606781 0.0163695048540831 0.0164789464324713 0.0160666313022375 0.0163045115768909 0.0155740603804588 0.0148178404197097 0.014652936719358 0.0157409403473139 0.0159457474946976 0.0153460828587413 0.0150974951684475 0.0150357382372022 0.0158498473465443 0.0155733255669475 0.0157918743789196 0.0167363900691271 0.0164172556251287 0.0174988694489002 0.018080934882164 0.018476914614439 0.0197235122323036 0.0206622555851936 0.021723760291934 0.0217923633754253 0.0236300732940435 0.0255476254969835 0.0261709038168192 0.0285494066774845 0.0297946948558092 0.0306136235594749 0.0318799652159214 0.0324477218091488 0.0330189131200314 0.0347857587039471 0.035951841622591 0.0362386256456375 0.036347147077322 0.0352238193154335 0.0359806045889854 0.0361090153455734 0.037124540656805 0.0369292162358761 0.0365471355617046 0.0375741459429264
0.0126235727220774 0.0135440537706017 0.0137222800403833 0.0143011137843132 0.014453237876296 0.0149404918774962 0.015844875946641 0.0170567370951176 0.0170785430818796 0.0174316093325615 0.0166320521384478 0.0159380212426186 0.0156241860240698 0.0148126417770982 0.0152455409988761 0.0153718627989292 0.015894478186965 0.0156271401792765 0.0151051366701722 0.0147957112640142 0.0150784207507968 0.0160853695124388 0.0156517252326012 0.0168572869151831 0.0175067242234945 0.0170070100575686 0.0177198238670826 0.0182976797223091 0.0193481426686049 0.0192300975322723 0.0215355437248945 0.0215944536030293 0.0227389652282 0.0249026902019978 0.0255676340311766 0.0274142995476723 0.0286287907510996 0.0304021537303925 0.0314237363636494 0.0327524282038212 0.0336995124816895 0.035320807248354 0.0354153960943222 0.0346311368048191 0.0352199338376522 0.0349390394985676 0.0361686795949936 0.0361333712935448 0.0362857989966869 0.0364244319498539 0.0359120443463326 0.0370650179684162
0.0132858334109187 0.0134078906849027 0.0134036354720592 0.0145494127646089 0.0159100610762835 0.0159847773611546 0.0170968640595675 0.0171268302947283 0.0168172270059586 0.0169721338897943 0.0163961984217167 0.0156023865565658 0.0153766414150596 0.0154510959982872 0.0152637418359518 0.0155406082049012 0.0156817194074392 0.0150662958621979 0.0158698875457048 0.0152507834136486 0.0157697312533855 0.0157452579587698 0.0163909923285246 0.0161609500646591 0.0159800425171852 0.0170141160488129 0.0174711346626282 0.0174968801438808 0.0194013174623251 0.0188542772084475 0.0198230966925621 0.021059263497591 0.0219796877354383 0.0238914843648672 0.0247680433094501 0.0259805135428905 0.0276103019714355 0.0293461084365845 0.0306495204567909 0.0318805612623692 0.0331537276506424 0.034182533621788 0.0330347791314125 0.0335346758365631 0.0342251285910606 0.0353483781218529 0.0358300171792507 0.0354168452322483 0.036333329975605 0.0355845913290977 0.0373751409351826 0.0378774590790272
0.0135596543550491 0.0142618417739868 0.0148519789800048 0.0155908120796084 0.0157162453979254 0.0161276608705521 0.016322361305356 0.0160798821598291 0.0160920638591051 0.016186349093914 0.016562694683671 0.0161871463060379 0.0163093246519566 0.0151899419724941 0.0146106537431479 0.0149244675412774 0.0146610252559185 0.0150625612586737 0.0151724303141236 0.0149230472743511 0.0156978219747543 0.0158156957477331 0.016266006976366 0.0157343912869692 0.0159121286123991 0.0172197222709656 0.0175803992897272 0.0176011435687542 0.0183519273996353 0.0185887645930052 0.0188086926937103 0.0208671279251575 0.0203971695154905 0.0234995391219854 0.0243053287267685 0.0264026205986738 0.027141684666276 0.0283748749643564 0.0302629135549068 0.0306884944438934 0.0327414125204086 0.0328599363565445 0.032954640686512 0.0342995747923851 0.0350991114974022 0.035662580281496 0.0348762199282646 0.0360697135329247 0.0363858193159103 0.0366734676063061 0.0374649949371815 0.0403928011655807
0.0146810784935951 0.0149125037714839 0.015167148783803 0.0153531534597278 0.015120760537684 0.0158047880977392 0.0162398610264063 0.0165608376264572 0.0167334359139204 0.0159705318510532 0.0159396659582853 0.015467144548893 0.0149089116603136 0.0150701804086566 0.0146098667755723 0.0148961013182998 0.0153980450704694 0.0153083465993404 0.0151916053146124 0.0146998194977641 0.0159326009452343 0.0157467238605022 0.0161955207586288 0.0162148103117943 0.0169806238263845 0.0164717845618725 0.0163991786539555 0.0175077002495527 0.0169487427920103 0.017893560230732 0.0187211707234383 0.0195865053683519 0.0202767215669155 0.0220860056579113 0.0241183675825596 0.0253481641411781 0.0260231774300337 0.0280966237187386 0.0302117299288511 0.0316039882600307 0.0318928807973862 0.0325881317257881 0.0340323410928249 0.03394615650177 0.034893486648798 0.0353176109492779 0.0355123654007912 0.0360172130167484 0.0370509885251522 0.0382955074310303 0.0374365746974945 0.0392202585935593
