data/climate_estimation/maxent_output/Medeola_virginiana.asc
NCOLS 362 
NROWS 228 
XLLCORNER -89.9166666666667 
YLLCORNER 30.75 
CELLSIZE 0.0833333333333333 
NODATA_value -3.4e+38 
[rows 132 to 153 of 228, columns 50 to 99 of 362]
0.585391938686371 0.592985033988953 0.55141681432724 0.547114372253418 0.549385666847229 0.596509516239166 0.585312247276306 0.581971704959869 0.592169106006622 0.600030303001404 0.600531876087189 0.600531876087189 0.601548969745636 0.608679175376892 0.605473637580872 0.602138638496399 0.602403700351715 0.598215878009796 0.615635097026825 0.618969559669495 0.625728487968445 0.610531628131866 0.606766939163208 0.599385797977448 0.608343303203583 0.597408413887024 0.586946845054626 0.579337537288666 0.617491662502289 0.623673915863037 0.616705000400543 0.596301138401031 0.589007914066315 0.573854744434357 0.597980380058289 0.586681842803955 0.60574746131897 0.618898928165436 0.61811500787735 0.596324265003204 0.627498090267181 0.620414078235626 0.60962963104248 0.616167485713959 0.647962033748627 0.63370555639267 0.643853783607483 0.657411098480225 0.684899926185608 0.684513986110687
0.588439702987671 0.54315447807312 0.551650166511536 0.542138874530792 0.555336654186249 0.609685122966766 0.59515517950058 0.587143778800964 0.596942901611328 0.580434858798981 0.613436043262482 0.613556742668152 0.599778115749359 0.604450821876526 0.607694208621979 0.600868880748749 0.59763640165329 0.597827076911926 0.611420214176178 0.614405274391174 0.61736661195755 0.599381566047668 0.608516991138458 0.604753255844116 0.597469627857208 0.589704692363739 0.613937020301819 0.585350453853607 0.578254520893097 0.599292635917664 0.602267444133759 0.594888508319855 0.611558735370636 0.592864155769348 0.582797348499298 0.58939665555954 0.592373430728912 0.602575957775116 0.617231547832489 0.620176315307617 0.630146622657776 0.622564375400543 0.63685816526413 0.611975789070129 0.649994611740112 0.642949104309082 0.649632751941681 0.656765162944794 0.665790736675262 0.687286972999573
0.529525637626648 0.541599988937378 0.545604646205902 0.54051285982132 0.548744857311249 0.608029961585999 0.609064698219299 0.608940660953522 0.573886811733246 0.581679165363312 0.593991100788116 0.616045773029327 0.602682590484619 0.606894135475159 0.60306990146637 0.596540868282318 0.596169590950012 0.606768786907196 0.59960550069809 0.609379410743713 0.616330921649933 0.619342565536499 0.622255623340607 0.621766269207001 0.621095240116119 0.595670461654663 0.612483322620392 0.617221295833588 0.620405197143555 0.625394344329834 0.602461338043213 0.616280853748322 0.609014391899109 0.619997441768646 0.588384032249451 0.583777964115143 0.586850047111511 0.59738963842392 0.607702434062958 0.615791082382202 0.622401058673859 0.621925711631775 0.628545939922333 0.652805685997009 0.652490615844727 0.645272970199585 0.649781048297882 0.659208714962006 0.658447682857513 0.65849095582962
0.502655744552612 0.509454548358917 0.518516600131989 0.517565608024597 0.531769037246704 0.535483837127686 0.589729785919189 0.582077264785767 0.581954002380371 0.579363822937012 0.584156394004822 0.589938759803772 0.602582037448883 0.600247383117676 0.600155532360077 0.596708178520203 0.598905503749847 0.601880252361298 0.599925220012665 0.604976952075958 0.608132600784302 0.605785667896271 0.624090969562531 0.618680894374847 0.593209981918335 0.59593653678894 0.630472362041473 0.633566558361053 0.626207530498505 0.614996492862701 0.6255002617836 0.618690550327301 0.604170978069305 0.6043940782547 0.590865612030029 0.593565762042999 0.59290599822998 0.588041126728058 0.603295624256134 0.606110095977783 0.609315991401672 0.620949506759644 0.62724643945694 0.655506789684296 0.658836007118225 0.658000528812408 0.651979088783264 0.65151584148407 0.633422613143921 0.642873346805573
0.51904559135437 0.50367933511734 0.519244372844696 0.525512218475342 0.530808866024017 0.532240211963654 0.565320372581482 0.609219610691071 0.584301352500916 0.584301352500916 0.573616147041321 0.600531041622162 0.605339407920837 0.599256575107574 0.599543690681458 0.599065721035004 0.59258896112442 0.592440605163574 0.599305987358093 0.608757555484772 0.612155973911285 0.604885756969452 0.61101758480072 0.617144525051117 0.61674702167511 0.62271112203598 0.629010319709778 0.645699083805084 0.645409166812897 0.631091356277466 0.634541630744934 0.627182483673096 0.616931736469269 0.606252908706665 0.602886021137238 0.60611480474472 0.598756849765778 0.60222977399826 0.594137668609619 0.612964868545532 0.643757343292236 0.643228471279144 0.653587877750397 0.664741694927216 0.668063819408417 0.667593717575073 0.635738790035248 0.636526107788086 0.63268518447876 0.639315903186798
0.505266487598419 0.494495779275894 0.514528572559357 0.515800893306732 0.520988821983337 0.526292324066162 0.55120176076889 0.559629201889038 0.608531594276428 0.604706227779388 0.587050378322601 0.592267990112305 0.597238540649414 0.598142206668854 0.601902723312378 0.598743736743927 0.595562517642975 0.595166623592377 0.601895332336426 0.6044642329216 0.611156105995178 0.620493710041046 0.616441965103149 0.619610011577606 0.614989161491394 0.625024616718292 0.631222128868103 0.641029298305511 0.643866002559662 0.640381038188934 0.633602142333984 0.629543960094452 0.622615933418274 0.611896812915802 0.611996114253998 0.618446409702301 0.611890017986298 0.608117759227753 0.608348190784454 0.636287868022919 0.649631202220917 0.659420788288116 0.656085431575775 0.671012103557587 0.677777886390686 0.677218437194824 0.6553995013237 0.646301567554474 0.659613609313965 0.662103772163391
0.493080765008926 0.508869111537933 0.505236387252808 0.504648327827454 0.516029596328735 0.539352238178253 0.54450398683548 0.554448962211609 0.553370118141174 0.59710294008255 0.582784116268158 0.591575801372528 0.592564523220062 0.590235769748688 0.590705096721649 0.594233810901642 0.597735941410065 0.597102403640747 0.600847363471985 0.61039400100708 0.613314390182495 0.619269251823425 0.625543475151062 0.628499925136566 0.620143294334412 0.622857689857483 0.637143611907959 0.636216342449188 0.646698176860809 0.649988174438477 0.642261743545532 0.639206826686859 0.624720215797424 0.62444680929184 0.617719292640686 0.623949646949768 0.614477813243866 0.610785722732544 0.617936074733734 0.649308323860168 0.662747263908386 0.669208288192749 0.665657997131348 0.672205030918121 0.680625975131989 0.687227845191956 0.687055826187134 0.686744391918182 0.666063606739044 0.706420719623566
0.487457722425461 0.50846791267395 0.510763883590698 0.499918311834335 0.529058039188385 0.529912531375885 0.535273969173431 0.544849932193756 0.549104869365692 0.6180379986763 0.610757291316986 0.591261267662048 0.595446050167084 0.614233314990997 0.618280589580536 0.597488224506378 0.597134411334991 0.603281497955322 0.606212854385376 0.609319508075714 0.619226932525635 0.625352025032043 0.631521224975586 0.627038836479187 0.621721804141998 0.62013167142868 0.631102800369263 0.641944706439972 0.652421057224274 0.651874840259552 0.6485915184021 0.634208977222443 0.631244838237762 0.630847036838531 0.634048938751221 0.627161920070648 0.620128095149994 0.612604141235352 0.626906752586365 0.658588469028473 0.662188112735748 0.672197222709656 0.668699562549591 0.67551976442337 0.678968071937561 0.693679690361023 0.69010591506958 0.703120768070221 0.705752789974213 0.702032268047333
0.512832581996918 0.496416836977005 0.508937418460846 0.51163637638092 0.516642212867737 0.521977365016937 0.533406555652618 0.562784969806671 0.565277397632599 0.565921187400818 0.610540449619293 0.614891171455383 0.623741209506989 0.592454791069031 0.596287429332733 0.599969983100891 0.627953350543976 0.634145081043243 0.633856773376465 0.640572726726532 0.625352025032043 0.652997970581055 0.626839935779572 0.628568351268768 0.638994455337524 0.641982674598694 0.651880443096161 0.644751489162445 0.644634127616882 0.647428750991821 0.647740840911865 0.640740871429443 0.636750400066376 0.633463084697723 0.626608431339264 0.626409530639648 0.629721581935883 0.626079499721527 0.651087462902069 0.662163317203522 0.671480536460876 0.668922185897827 0.675487339496613 0.668519854545593 0.678806126117706 0.700256705284119 0.699581444263458 0.706230759620667 0.724692940711975 0.717863202095032
0.502322614192963 0.527003049850464 0.505990922451019 0.521205067634583 0.526582419872284 0.532172381877899 0.53011828660965 0.555177092552185 0.563207149505615 0.560049891471863 0.613184034824371 0.610057175159454 0.614823341369629 0.62315160036087 0.601994454860687 0.62687885761261 0.62996232509613 0.62917160987854 0.636330842971802 0.643145442008972 0.645586133003235 0.644348859786987 0.654242396354675 0.635341584682465 0.655350089073181 0.658547878265381 0.651309430599213 0.651326835155487 0.640477061271667 0.64029735326767 0.643341898918152 0.640062153339386 0.63645201921463 0.657309532165527 0.653780817985535 0.660899460315704 0.653649866580963 0.653898060321808 0.654171109199524 0.650447607040405 0.668023943901062 0.671466648578644 0.69987827539444 0.667950868606567 0.671672999858856 0.685050129890442 0.731345772743225 0.732832789421082 0.742335975170135 0.757831692695618
0.520043075084686 0.540745735168457 0.544587433338165 0.52400153875351 0.533171355724335 0.558967649936676 0.559585392475128 0.556458175182343 0.55717259645462 0.562718152999878 0.557741045951843 0.613122642040253 0.61727648973465 0.621301054954529 0.625450968742371 0.625376403331757 0.620498955249786 0.620648086071014 0.623330891132355 0.626269638538361 0.625275075435638 0.635403633117676 0.645678520202637 0.659363269805908 0.669537603855133 0.679229378700256 0.675509810447693 0.664117693901062 0.635340392589569 0.636003971099854 0.632666945457458 0.657203495502472 0.657235085964203 0.650019705295563 0.649597525596619 0.645971119403839 0.649064004421234 0.656590163707733 0.649677753448486 0.646301925182343 0.653581142425537 0.692490816116333 0.699316680431366 0.705465495586395 0.699226677417755 0.711827576160431 0.738666832447052 0.743162453174591 0.755756378173828 0.758417427539825
0.516832172870636 0.528418481349945 0.532998740673065 0.544714272022247 0.530434787273407 0.551009178161621 0.553537130355835 0.563238561153412 0.564102172851562 0.585084617137909 0.589145958423615 0.588891565799713 0.619524776935577 0.616612434387207 0.613005757331848 0.616332471370697 0.623511731624603 0.623014628887177 0.630029320716858 0.629165828227997 0.627642273902893 0.646473407745361 0.663120329380035 0.669559299945831 0.665010869503021 0.671782255172729 0.664439678192139 0.656554222106934 0.653074741363525 0.652670562267303 0.648567974567413 0.642718255519867 0.649672031402588 0.677719473838806 0.663490176200867 0.658857762813568 0.670231878757477 0.681003153324127 0.677638709545135 0.66725891828537 0.659453392028809 0.670677602291107 0.67494922876358 0.701757490634918 0.720407545566559 0.70154595375061 0.742233753204346 0.760411739349365 0.772795855998993 0.758827865123749
0.571461200714111 0.525426805019379 0.533997714519501 0.551598370075226 0.55206823348999 0.559396624565125 0.588947534561157 0.594414174556732 0.60006195306778 0.59211665391922 0.595938920974731 0.595263540744781 0.586062133312225 0.584221661090851 0.640355944633484 0.639976382255554 0.647436082363129 0.654609143733978 0.632446527481079 0.635534942150116 0.651853680610657 0.641331076622009 0.66250091791153 0.693094968795776 0.696250975131989 0.689087808132172 0.677881062030792 0.648383617401123 0.666152656078339 0.666103184223175 0.662432432174683 0.658981740474701 0.655422508716583 0.667047381401062 0.659445285797119 0.655460953712463 0.655354857444763 0.666961193084717 0.667010724544525 0.663217723369598 0.674724876880646 0.675243318080902 0.693695485591888 0.712994039058685 0.732237219810486 0.746118545532227 0.726901173591614 0.744264721870422 0.75971394777298 0.759250640869141
0.594455003738403 0.571197092533112 0.541988909244537 0.551063656806946 0.554944753646851 0.590921580791473 0.60071325302124 0.597240686416626 0.60679829120636 0.627158522605896 0.608550190925598 0.607496082782745 0.594174981117249 0.590411722660065 0.596102774143219 0.650404512882233 0.650546550750732 0.653648257255554 0.660795748233795 0.659680068492889 0.669693231582642 0.676361858844757 0.679492115974426 0.685600936412811 0.685551762580872 0.669957041740417 0.665423929691315 0.653737962245941 0.646842181682587 0.64644467830658 0.647530913352966 0.674008190631866 0.678841710090637 0.678447186946869 0.667297780513763 0.667304635047913 0.659300208091736 0.674748420715332 0.663734555244446 0.678964972496033 0.675161182880402 0.668294787406921 0.671878218650818 0.689511358737946 0.727187037467957 0.729046642780304 0.707026064395905 0.732851207256317 0.725629329681396 0.73324179649353
0.583717882633209 0.582575738430023 0.578498363494873 0.578104615211487 0.574459850788116 0.587612688541412 0.599045872688293 0.628118336200714 0.628822088241577 0.642345786094666 0.65668797492981 0.630481004714966 0.625090718269348 0.596563577651978 0.617447316646576 0.60356217622757 0.679694771766663 0.667397439479828 0.676737010478973 0.690306425094604 0.692829549312592 0.689555764198303 0.691810250282288 0.681345403194427 0.673767924308777 0.67342209815979 0.661759257316589 0.673503696918488 0.657999038696289 0.6549112200737 0.666513085365295 0.670476078987122 0.674567878246307 0.678318381309509 0.667470455169678 0.652094185352325 0.660284399986267 0.648519575595856 0.659721374511719 0.65973949432373 0.675209820270538 0.694040179252625 0.694187104701996 0.688401997089386 0.695214092731476 0.703589141368866 0.722489178180695 0.722646355628967 0.727832198143005 0.724662959575653
0.591496467590332 0.598591148853302 0.598591148853302 0.59959751367569 0.603649973869324 0.619267284870148 0.624813675880432 0.627024412155151 0.6411252617836 0.649499535560608 0.646289765834808 0.639370918273926 0.647692024707794 0.644918322563171 0.623624086380005 0.625180006027222 0.639367461204529 0.641196548938751 0.668291926383972 0.671833157539368 0.674580514431 0.66031402349472 0.670479893684387 0.657679438591003 0.676636576652527 0.688531816005707 0.688205659389496 0.669080495834351 0.665486931800842 0.657744586467743 0.680443167686462 0.681174874305725 0.685203433036804 0.695183634757996 0.670924365520477 0.663663566112518 0.671047985553741 0.673129916191101 0.654277145862579 0.676880896091461 0.676823616027832 0.689825773239136 0.713542520999908 0.703574120998383 0.697480797767639 0.712964773178101 0.702185273170471 0.708915889263153 0.710838913917542 0.710616886615753
0.579004645347595 0.578528702259064 0.583583772182465 0.582138001918793 0.612647712230682 0.627727746963501 0.624366223812103 0.634004473686218 0.649278461933136 0.64727658033371 0.638254404067993 0.637309670448303 0.656393110752106 0.655822515487671 0.652814209461212 0.641436040401459 0.643563091754913 0.645664870738983 0.657011449337006 0.665830969810486 0.673666775226593 0.676461815834045 0.672582983970642 0.663533985614777 0.647951185703278 0.652413487434387 0.654190421104431 0.68730753660202 0.679446518421173 0.683877825737 0.680048882961273 0.677059650421143 0.680947184562683 0.684444844722748 0.681288778781891 0.66720849275589 0.680297493934631 0.686516225337982 0.673022866249084 0.669250786304474 0.665737390518188 0.690125107765198 0.689953327178955 0.709503591060638 0.712270677089691 0.714868724346161 0.724257051944733 0.714097082614899 0.716011941432953 0.71564519405365
0.562860429286957 0.564246356487274 0.567801892757416 0.59074079990387 0.606017112731934 0.608348250389099 0.630798995494843 0.623653054237366 0.653893709182739 0.642692983150482 0.657025754451752 0.661506235599518 0.66108250617981 0.660933792591095 0.647541046142578 0.636933565139771 0.646150171756744 0.651311278343201 0.647757172584534 0.659372806549072 0.662575483322144 0.670072555541992 0.671520352363586 0.660967528820038 0.659417748451233 0.652314186096191 0.673224747180939 0.655974566936493 0.690840899944305 0.682893395423889 0.6839759349823 0.684890925884247 0.687466502189636 0.686800539493561 0.693225800991058 0.692833781242371 0.699196517467499 0.679029941558838 0.701910674571991 0.692307770252228 0.695301234722137 0.698923587799072 0.701026618480682 0.704815268516541 0.721066772937775 0.730145871639252 0.731651186943054 0.729114592075348 0.708540260791779 0.704741835594177
0.57521665096283 0.59074079990387 0.590345442295074 0.587055385112762 0.596096158027649 0.605603635311127 0.622646152973175 0.627746284008026 0.633923888206482 0.63379955291748 0.648751258850098 0.664011478424072 0.651784002780914 0.657013118267059 0.644644379615784 0.638372302055359 0.641549944877625 0.641301393508911 0.649920701980591 0.658380925655365 0.661633849143982 0.669305920600891 0.674119830131531 0.665146112442017 0.672509908676147 0.669095993041992 0.676168262958527 0.677980005741119 0.652072608470917 0.694215774536133 0.699969470500946 0.693380236625671 0.69315630197525 0.689331710338593 0.685764312744141 0.695626139640808 0.704421937465668 0.710672795772552 0.714166164398193 0.720410287380219 0.690549492835999 0.697520673274994 0.710135817527771 0.7165886759758 0.713504076004028 0.72893214225769 0.738870561122894 0.740710258483887 0.734055161476135 0.712323427200317
0.577380418777466 0.571625173091888 0.601722657680511 0.588018119335175 0.591984808444977 0.607190132141113 0.635174214839935 0.642807424068451 0.646821022033691 0.642939269542694 0.656392931938171 0.65629369020462 0.63504821062088 0.647010147571564 0.640192449092865 0.637104451656342 0.651358306407928 0.651606619358063 0.64920049905777 0.657512903213501 0.666083931922913 0.668860733509064 0.673477649688721 0.662682771682739 0.680772602558136 0.68590772151947 0.67370992898941 0.684047162532806 0.660306692123413 0.707148611545563 0.709772884845734 0.702449381351471 0.695771157741547 0.682160258293152 0.685638785362244 0.698025643825531 0.730151236057281 0.712801277637482 0.709565579891205 0.709565579891205 0.716071963310242 0.712867856025696 0.706009209156036 0.719139218330383 0.740774869918823 0.743368983268738 0.74710339307785 0.742174029350281 0.722631216049194 0.721763968467712
0.608982920646667 0.599625587463379 0.600905001163483 0.610371828079224 0.609875380992889 0.621353685855865 0.626577794551849 0.641738712787628 0.642839908599854 0.638907134532928 0.639108777046204 0.646381199359894 0.631114423274994 0.630418241024017 0.638163328170776 0.641596734523773 0.65164589881897 0.646561920642853 0.660525143146515 0.653143286705017 0.656746804714203 0.6650470495224 0.673403561115265 0.672616124153137 0.683486461639404 0.693732559680939 0.682116627693176 0.695162892341614 0.680422425270081 0.732634484767914 0.735482454299927 0.718946874141693 0.730930209159851 0.711044311523438 0.727053344249725 0.758373022079468 0.758505940437317 0.743704497814178 0.737159669399261 0.733996510505676 0.737040996551514 0.74221658706665 0.745453834533691 0.733906269073486 0.740893959999084 0.733020961284637 0.729784667491913 0.729549050331116 0.741226494312286 0.748950600624084
0.612173676490784 0.604338943958282 0.609925031661987 0.619379937648773 0.618783593177795 0.620583295822144 0.631479501724243 0.631984531879425 0.623083055019379 0.621129333972931 0.627551138401031 0.627551138401031 0.632974445819855 0.622991383075714 0.631328225135803 0.637019753456116 0.638575851917267 0.645766913890839 0.65035742521286 0.643856287002563 0.651706278324127 0.657384216785431 0.655288696289062 0.667530715465546 0.684706032276154 0.706606984138489 0.708050549030304 0.716351687908173 0.706426084041595 0.744552850723267 0.753712952136993 0.75359970331192 0.755865871906281 0.762347638607025 0.783173024654388 0.756062269210815 0.744318306446075 0.74772036075592 0.755509972572327 0.743752717971802 0.749064385890961 0.733091413974762 0.714031875133514 0.710474610328674 0.716611623764038 0.73664653301239 0.764706134796143 0.760535538196564 0.749378085136414 0.717242121696472
