data/climate_estimation/maxent_output/Medeola_virginiana.asc
NCOLS 362 
NROWS 228 
XLLCORNER -89.9166666666667 
YLLCORNER 30.75 
CELLSIZE 0.0833333333333333 
NODATA_value -3.4e+38 
[rows 22 to 43 of 228, columns 250 to 299 of 362]
0.635478019714355 0.635478019714355 0.635066747665405 0.6202672123909 0.629181921482086 0.631402552127838 0.611892342567444 0.62387615442276 0.595617592334747 0.591582119464874 0.591311454772949 0.584104537963867 0.584104537963867 0.596022844314575 0.602943301200867 0.573927581310272 0.592707276344299 0.571346044540405 0.586793661117554 0.598377048969269 0.60775500535965 0.608028829097748 0.611633896827698 0.609282851219177 0.626721262931824 0.641754806041718 0.662296712398529 0.646250605583191 0.657064259052277 0.653460741043091 0.653678417205811 0.656626224517822 0.651742994785309 0.652749419212341 0.652966976165771 0.657982468605042 0.667920887470245 0.667541146278381 0.665536105632782 0.664837241172791 0.668291032314301 -3.4e+38 -3.4e+38 -3.4e+38 -3.4e+38 -3.4e+38 -3.4e+38 -3.4e+38 0.700312256813049 0.699189186096191
0.64269745349884 0.64589524269104 0.640559136867523 0.636513411998749 0.636731266975403 0.643677592277527 0.635150611400604 0.627485871315002 0.627212762832642 0.591273248195648 0.591002285480499 0.59530770778656 0.591002285480499 0.573927581310272 0.57321709394455 0.592707276344299 0.579904735088348 0.586793661117554 0.598867237567902 0.582715094089508 0.60775500535965 0.610378563404083 0.610652208328247 0.607321560382843 0.629075884819031 0.634376585483551 0.641265153884888 0.649584591388702 0.668782114982605 0.660392463207245 0.644886195659637 0.648104310035706 0.640170753002167 0.64449679851532 0.656353235244751 0.661856770515442 0.667874574661255 0.664005875587463 0.668090105056763 0.673352599143982 0.672646701335907 -3.4e+38 -3.4e+38 -3.4e+38 0.693126618862152 0.695629417896271 0.693472623825073 0.695140779018402 0.697477638721466 0.696709215641022
0.649502515792847 0.648051083087921 0.652581691741943 0.652091681957245 0.632139980792999 0.647559821605682 0.631156146526337 0.627053320407867 0.625771522521973 0.625771522521973 0.618247151374817 0.601954996585846 0.57321709394455 0.580801069736481 0.588676512241364 0.600337624549866 0.590974152088165 0.599846959114075 0.582228302955627 0.586784899234772 0.585106372833252 0.588419139385223 0.609177887439728 0.631211161613464 0.631921350955963 0.633395373821259 0.650839865207672 0.662296712398529 0.6773641705513 0.668782114982605 0.670958161354065 0.665872693061829 0.65575760602951 0.663553357124329 0.669785618782043 0.663987755775452 0.666681826114655 0.667874574661255 0.676326811313629 0.673719882965088 0.672724425792694 0.688141882419586 0.6971755027771 0.699302494525909 0.697539448738098 0.699267148971558 0.70485931634903 0.710577130317688 0.702942967414856 0.708720564842224
0.65144020318985 0.652148842811584 0.656460344791412 0.636950552463531 0.640561461448669 0.63525915145874 0.639087796211243 0.642150104045868 0.632445454597473 0.637064397335052 0.633727431297302 0.607843816280365 0.600337624549866 0.604651868343353 0.611174762248993 0.591463565826416 0.594782531261444 0.577678442001343 0.58292943239212 0.586025238037109 0.588635385036469 0.58793032169342 0.608904719352722 0.606066286563873 0.636732399463654 0.633395373821259 0.654661774635315 0.658206880092621 0.673076689243317 0.673076689243317 0.683328092098236 0.674762785434723 0.670958161354065 0.671174943447113 0.677176356315613 0.674079418182373 0.674294888973236 0.679066181182861 0.683826506137848 0.689730644226074 0.696837306022644 0.69629317522049 0.697196662425995 0.702722489833832 0.704768180847168 0.706340670585632 0.712474763393402 0.714681327342987 0.714465439319611 0.716644823551178
0.65935605764389 0.663935303688049 0.643463432788849 0.643463432788849 0.622128486633301 0.626446723937988 0.625681519508362 0.645976662635803 0.645485520362854 0.640674471855164 0.645211696624756 0.619614660739899 0.615788102149963 0.589700043201447 0.59429270029068 0.594782531261444 0.599573850631714 0.582443058490753 0.582443058490753 0.585537970066071 0.589123606681824 0.584346413612366 0.609614014625549 0.610595524311066 0.636732399463654 0.632904291152954 0.648875772953033 0.662495195865631 0.660174369812012 0.668292999267578 0.678833961486816 0.674274265766144 0.661698520183563 0.658098816871643 0.680269300937653 0.680972337722778 0.685733199119568 0.686430871486664 0.691175878047943 0.703382611274719 0.696961164474487 0.705691635608673 0.704467296600342 0.705952048301697 0.715438425540924 0.714151918888092 0.723822176456451 0.722001016139984 0.725764036178589 0.717118620872498
0.653622567653656 0.648054718971252 0.62650465965271 0.644333302974701 0.62984162569046 0.624755680561066 0.628584265708923 0.632846236228943 0.660771667957306 0.656247913837433 0.631590127944946 0.623442232608795 0.602409601211548 0.598594486713409 0.595488846302032 0.599789977073669 0.599300801753998 0.577893495559692 0.582443058490753 0.585537970066071 0.609614014625549 0.609614014625549 0.610595524311066 0.636457860469818 0.632629871368408 0.657011806964874 0.648875772953033 0.662495195865631 0.660174369812012 0.673055171966553 0.67812979221344 0.665295302867889 0.653063297271729 0.683087170124054 0.687846720218658 0.688546121120453 0.689514696598053 0.693771839141846 0.70235538482666 0.703413486480713 0.704903841018677 0.713365495204926 0.714866876602173 0.716837167739868 0.723455667495728 0.725745677947998 0.731525838375092 0.727796673774719 0.729947865009308 0.725538790225983
0.670427441596985 0.644109427928925 0.648440062999725 0.623055696487427 0.626890361309052 0.630725264549255 0.615947842597961 0.635475814342499 0.643071830272675 0.668395459651947 0.639735758304596 0.639245510101318 0.611027777194977 0.606717586517334 0.606717586517334 0.607696890830994 0.603115797042847 0.603115797042847 0.598321735858917 0.601429045200348 0.606501042842865 0.6108118891716 0.632355451583862 0.632355451583862 0.65673816204071 0.657011806964874 0.654987335205078 0.668292999267578 0.682898938655853 0.67812979221344 0.677369892597198 0.677858293056488 0.687145411968231 0.690656006336212 0.692109763622284 0.696362733840942 0.696574747562408 0.697537779808044 0.706102311611176 0.707157015800476 0.710891425609589 0.71622771024704 0.722212910652161 0.728576302528381 0.731149852275848 0.733422160148621 0.739173889160156 0.739376425743103 0.741494834423065 0.730275332927704
0.644333302974701 0.618224501609802 0.62255734205246 0.626890361309052 0.605632126331329 0.609681367874146 0.613510012626648 0.640958547592163 0.647935450077057 0.64334636926651 0.618674039840698 0.622988402843475 0.598142385482788 0.590528011322021 0.590040981769562 0.585967361927032 0.602842330932617 0.599027693271637 0.59804904460907 0.598811388015747 0.628469526767731 0.632081031799316 0.63306200504303 0.661534249782562 0.657228052616119 0.672588765621185 0.662222683429718 0.657927513122559 0.674057185649872 0.64928537607193 0.660982966423035 0.685391247272491 0.690440714359283 0.690440714359283 0.694429993629456 0.70195484161377 0.703397333621979 0.708577692508698 0.713568687438965 0.722205221652985 0.717760384082794 0.72375100851059 0.729916274547577 0.736728370189667 0.742668032646179 0.741011083126068 0.747051417827606 0.75294154882431 0.749352812767029 0.752168118953705
0.627388298511505 0.631497979164124 0.606625616550446 0.614281475543976 0.614059627056122 0.590382039546967 0.620950520038605 0.616346716880798 0.64501279592514 0.630426228046417 0.626599907875061 0.597928762435913 0.602228939533234 0.567479372024536 0.590040981769562 0.609990060329437 0.602568924427032 0.602568924427032 0.602842330932617 0.62819516658783 0.628469526767731 0.632297098636627 0.658421695232391 0.657443761825562 0.672316193580627 0.668020367622375 0.667803525924683 0.674328863620758 0.641351819038391 0.637023329734802 0.658375918865204 0.682224690914154 0.693730890750885 0.697499394416809 0.70147317647934 0.70618462562561 0.715449452400208 0.720584690570831 0.725428760051727 0.729112088680267 0.727705895900726 0.734580934047699 0.741412103176117 0.744006931781769 0.750259578227997 0.75246399641037 0.758094847202301 0.756974399089813 0.748491704463959 -3.4e+38
0.634560108184814 0.614281475543976 0.608961820602417 0.608738422393799 0.581782937049866 0.589888036251068 0.587059855461121 0.589834690093994 0.624729037284851 0.619850039482117 0.601527273654938 0.601741194725037 0.597440898418427 0.566997349262238 0.597868382930756 0.609931349754333 0.609657287597656 0.606112241744995 0.631747961044312 0.632237911224365 0.628685474395752 0.658361673355103 0.654328942298889 0.668725192546844 0.66753101348877 0.668020367622375 0.675034701824188 0.666281759738922 0.665295302867889 0.691681444644928 0.694969594478607 0.693245828151703 0.697015583515167 0.705012142658234 0.709234774112701 0.714398264884949 0.723340570926666 0.728440821170807 0.736241936683655 0.735512554645538 0.738497853279114 0.742137432098389 0.748916327953339 0.754930377006531 0.761287271976471 0.763979971408844 0.76619154214859 0.769413232803345 0.759958326816559 0.759198784828186
0.609681367874146 0.605358123779297 0.604140102863312 0.608738422393799 0.585586190223694 0.587333261966705 0.590868234634399 0.591087639331818 0.59386545419693 0.589287400245667 0.59282386302948 0.571041822433472 0.570287466049194 0.597107350826263 0.588949263095856 0.613203823566437 0.63475090265274 0.63475090265274 0.635300278663635 0.652802050113678 0.657599210739136 0.662389397621155 0.654328942298889 0.668725192546844 0.664208352565765 0.668509364128113 0.675034701824188 0.677858293056488 0.685929417610168 0.695183634757996 0.702705144882202 0.702223837375641 0.705492913722992 0.709713697433472 0.717641115188599 0.726090133190155 0.730446338653564 0.738962054252625 0.743785262107849 0.743061423301697 0.749635815620422 0.753231942653656 0.75992614030838 0.766308844089508 0.772150158882141 0.774394452571869 0.776546478271484 0.770066022872925 0.766914904117584 0.766080677509308
0.61301326751709 0.576947927474976 0.608464419841766 0.581782937049866 0.587333261966705 0.533735692501068 0.586839735507965 0.589614510536194 0.591087639331818 0.551807284355164 0.589506685733795 0.589232921600342 0.570980906486511 0.60189288854599 0.593239188194275 0.613692462444305 0.639065802097321 0.638851761817932 0.655859053134918 0.656836688518524 0.66619998216629 0.666474163532257 0.681795716285706 0.669701278209686 0.674762785434723 0.675250947475433 0.674274265766144 0.680895268917084 0.695667147636414 0.70318603515625 0.710192203521729 0.709713697433472 0.713921666145325 0.721922338008881 0.725618600845337 0.733444035053253 0.733647406101227 0.742137432098389 0.746683299541473 0.753687977790833 0.756554007530212 0.763927459716797 0.767012715339661 0.773144483566284 0.775221228599548 0.781091690063477 0.770914077758789 0.776946067810059 0.769538283348083 0.762906968593597
0.572885155677795 0.576947927474976 0.580523312091827 0.583255708217621 0.58377605676651 0.542654395103455 0.536966323852539 0.536698997020721 0.538395464420319 0.549831569194794 0.549293160438538 0.545983374118805 0.575724422931671 0.575451672077179 0.598019361495972 0.622864961624146 0.647751688957214 0.639615654945374 0.66446590423584 0.670006394386292 0.670491635799408 0.685792446136475 0.681795716285706 0.668940424919128 0.679321229457855 0.678562223911285 0.681382596492767 0.690170645713806 0.693945825099945 0.701742112636566 0.709234774112701 0.71699732542038 0.721182525157928 0.728833138942719 0.733444035053253 0.73803323507309 0.742599666118622 0.749114155769348 0.752515494823456 0.75992614030838 0.763477683067322 0.767012715339661 0.773144483566284 0.775936782360077 0.781932830810547 0.775315880775452 0.777733206748962 0.77707427740097 0.779983401298523 0.772981107234955
0.572392702102661 0.575961470603943 0.580744862556458 0.58377605676651 0.542171537876129 0.536966323852539 0.528558015823364 0.537447035312653 0.53765994310379 0.542600512504578 0.537124633789062 0.546490013599396 0.536504626274109 0.576206684112549 0.60716724395752 0.631277501583099 0.652821719646454 0.648239314556122 0.673534333705902 0.693343579769135 0.689089775085449 0.681311368942261 0.672745883464813 0.68257075548172 0.682356119155884 0.68565833568573 0.700124144554138 0.698678970336914 0.70195484161377 0.709924161434174 0.71726405620575 0.721182525157928 0.725353062152863 0.733179926872253 0.737769782543182 0.745302557945251 0.748655498027802 0.75609964132309 0.75609964132309 0.759668231010437 0.765860319137573 0.769384264945984 0.776180148124695 0.779207944869995 0.784450054168701 0.777804136276245 0.783326089382172 0.780706107616425 0.780479431152344 0.779642403125763
0.575419068336487 0.580251336097717 0.582489967346191 0.542171537876129 0.549399971961975 0.58377605676651 0.528558015823364 0.528292000293732 0.528292000293732 0.528025984764099 0.533893644809723 0.541535615921021 0.534022808074951 0.581021666526794 0.607442617416382 0.631829142570496 0.656427800655365 0.672626495361328 0.659950435161591 0.67937046289444 0.675573348999023 0.676332592964172 0.686842441558838 0.689654231071472 0.689169883728027 0.69985443353653 0.706874430179596 0.706395447254181 0.704955995082855 0.713386595249176 0.725087463855743 0.728773593902588 0.736373007297516 0.740948915481567 0.741149425506592 0.748655498027802 0.755385756492615 0.758504390716553 0.762062549591064 0.765604376792908 0.768937587738037 0.775495707988739 0.778772294521332 0.7723029255867 0.778370976448059 0.781406044960022 0.783202946186066 0.784347057342529 0.783482730388641 0.786278963088989
0.579707503318787 0.588847219944 0.586293280124664 0.586293280124664 0.587059855461121 0.542654395103455 0.537927687168121 0.523397982120514 0.532256007194519 0.528292000293732 0.541111528873444 0.545802414417267 0.554729998111725 0.586110830307007 0.61590713262558 0.640030086040497 0.665573954582214 0.673385679721832 0.672626495361328 0.675573348999023 0.689654231071472 0.689867258071899 0.698369145393372 0.701435565948486 0.702378571033478 0.705647349357605 0.710611581802368 0.713386595249176 0.713118970394135 0.721763610839844 0.729243278503418 0.736109554767609 0.736575603485107 0.744317770004272 0.747935354709625 0.754671275615692 0.757792592048645 0.757792592048645 0.765155255794525 0.771721482276917 0.774748504161835 0.777782738208771 0.771620512008667 0.771595478057861 0.773647010326385 0.780267357826233 0.783159852027893 0.784267783164978 0.790103554725647 0.779473483562469
0.579928576946259 0.589067578315735 0.590594351291656 0.589341044425964 0.591361701488495 0.541167020797729 0.53765994310379 0.528769254684448 0.527348220348358 0.532734394073486 0.582967102527618 0.554787874221802 0.603738784790039 0.637930154800415 0.653018474578857 0.644616305828094 0.669863283634186 0.687062919139862 0.697651028633118 0.687914133071899 0.698158740997314 0.705663621425629 0.706141769886017 0.705394268035889 0.714814722537994 0.713595449924469 0.717315077781677 0.721024215221405 0.723404824733734 0.731715142726898 0.736777663230896 0.739959836006165 0.743594229221344 0.747214674949646 0.750820815563202 0.753956198692322 0.757080137729645 0.763999402523041 0.767485022544861 0.766900241374969 0.769926846027374 0.770896077156067 0.770842671394348 0.770860910415649 0.777547299861908 0.780157923698425 0.78125 0.784117460250854 0.787028133869171 0.786221385002136
0.584222078323364 0.584494888782501 0.589067578315735 0.594899773597717 0.595174252986908 0.592099130153656 0.583241164684296 0.587043166160583 0.587043166160583 0.587043166160583 0.592591345310211 0.602760851383209 0.629772424697876 0.620281100273132 0.657595574855804 0.678008139133453 0.698541581630707 0.694878756999969 0.705630958080292 0.715299367904663 0.709134042263031 0.707491934299469 0.713595449924469 0.713803648948669 0.721024215221405 0.721230506896973 0.724250853061676 0.72814416885376 0.732387065887451 0.739495694637299 0.742870092391968 0.747413277626038 0.750560641288757 0.749644041061401 0.749644041061401 0.756367087364197 0.760192394256592 0.758697390556335 0.762384057044983 0.765401005744934 0.768648326396942 0.766501426696777 0.770144701004028 0.770749509334564 0.778096735477448 0.781013250350952 0.777444899082184 0.784049510955811 0.783301711082458 0.775545120239258
0.593097925186157 0.59282386302948 0.597680330276489 0.59970223903656 0.59970223903656 0.60379695892334 0.603311717510223 0.604072570800781 0.599977433681488 0.604290246963501 0.634651720523834 0.634156882762909 0.657980263233185 0.657386958599091 0.685648441314697 0.68537437915802 0.702294290065765 0.720789790153503 0.716073155403137 0.722180366516113 0.72150582075119 0.717047929763794 0.716097772121429 0.723985016345978 0.723985016345978 0.727674245834351 0.727674245834351 0.734385430812836 0.738768339157104 0.746493458747864 0.746232330799103 0.750102579593658 0.750102579593658 0.753240525722504 0.752524256706238 0.755653440952301 0.76184755563736 0.757151544094086 0.761005640029907 0.767793834209442 0.767731130123138 0.772055149078369 0.774375259876251 0.774246454238892 0.777289867401123 0.774798393249512 0.776731073856354 0.780302762985229 0.77927029132843 0.781779885292053
0.597131013870239 0.601716876029968 0.602485477924347 0.633880615234375 0.633880615234375 0.634651720523834 0.638265013694763 0.63366174697876 0.63366174697876 0.634156882762909 0.663829982280731 0.659242749214172 0.663062036037445 0.681864738464355 0.709840774536133 0.713296949863434 0.727970242500305 0.724017024040222 0.730753302574158 0.72935277223587 0.729086875915527 0.728817224502563 0.727674245834351 0.726938724517822 0.730822622776031 0.734753131866455 0.734489321708679 0.738870739936829 0.745971083641052 0.750040054321289 0.74958199262619 0.745510458946228 0.748664379119873 0.752264797687531 0.754909694194794 0.757966637611389 0.749470412731171 0.752668499946594 0.763890564441681 0.767628967761993 0.771302282810211 0.774970412254333 0.77287632226944 0.772878646850586 0.767220497131348 0.770264565944672 0.773759663105011 0.772477626800537 0.778489947319031 0.776574552059174
0.597349345684052 0.632833421230316 0.637435913085938 0.637435913085938 0.642037034034729 0.641543030738831 0.63798862695694 0.654431760311127 0.662844777107239 0.665893375873566 0.669706284999847 0.694080591201782 0.718155384063721 0.688192367553711 0.712824106216431 0.731644153594971 0.730912268161774 0.737408638000488 0.733688235282898 0.727885007858276 0.732956767082214 0.737343549728394 0.736150503158569 0.734955549240112 0.739071488380432 0.732823967933655 0.736950099468231 0.745249152183533 0.748862981796265 0.756499528884888 0.751999378204346 0.751272916793823 0.751242101192474 0.754770398139954 0.754295706748962 0.750303864479065 0.749264538288116 0.749283194541931 0.761914014816284 0.764256477355957 0.770474553108215 0.770453691482544 0.768464326858521 0.77201920747757 0.768844902515411 0.766691207885742 0.769757807254791 0.772067248821259 0.773858308792114 0.771669209003448
0.623627066612244 0.627734839916229 0.644462585449219 0.637159526348114 0.66660213470459 0.66660213470459 0.669214487075806 0.664139688014984 0.697850346565247 0.701612174510956 0.704882442951202 0.704611420631409 0.732933938503265 0.720048785209656 0.741932988166809 0.737566709518433 0.736838638782501 0.744219303131104 0.740061700344086 0.734493494033813 0.739798009395599 0.739997804164886 0.74244612455368 0.738344490528107 0.745335578918457 0.740986227989197 0.744366586208344 0.747160792350769 0.750935018062592 0.759224891662598 0.758016705513 0.754436135292053 0.754384219646454 0.750964522361755 0.750149786472321 0.753983616828918 0.747265517711639 0.75041651725769 0.757849752902985 0.760895788669586 0.760888636112213 0.764667093753815 0.768601953983307 0.766286194324493 0.765824317932129 0.765272736549377 0.767538905143738 0.769888162612915 0.769558370113373 0.767284512519836
