data/climate_estimation/maxent_output/Medeola_virginiana.asc
NCOLS 362 
NROWS 228 
XLLCORNER -89.9166666666667 
YLLCORNER 30.75 
CELLSIZE 0.0833333333333333 
NODATA_value -3.4e+38 
[rows 66 to 87 of 228, columns 150 to 199 of 362]
0.680827021598816 0.656249582767487 0.66592001914978 0.676251530647278 0.673456728458405 0.675186634063721 0.68309211730957 0.689983785152435 0.712717652320862 0.685717642307281 0.689802944660187 0.712742149829865 0.707970559597015 0.691530644893646 0.710513830184937 0.691911220550537 0.699781239032745 0.700093924999237 0.707873284816742 0.715167343616486 0.696733832359314 0.700444161891937 0.677136600017548 0.687722146511078 0.694823861122131 0.69774729013443 0.699759423732758 0.714413583278656 0.693072319030762 0.688697636127472 0.687886416912079 0.687062442302704 0.686473369598389 0.686165988445282 0.682782173156738 0.661818146705627 0.657888531684875 0.649158716201782 0.629414260387421 0.642673969268799 0.61408007144928 0.628988146781921 0.618067502975464 0.630923867225647 0.639031231403351 0.658057570457458 0.581353902816772 0.471480578184128 0.407328307628632 0.39654478430748
0.678734600543976 0.659442245960236 0.680092811584473 0.693663418292999 0.690627813339233 0.690718829631805 0.690557181835175 0.698249459266663 0.72238701581955 0.70829701423645 0.708399653434753 0.729606330394745 0.724389672279358 0.705650389194489 0.695331454277039 0.69541996717453 0.695480287075043 0.703272223472595 0.720420062541962 0.726918697357178 0.731373071670532 0.710831463336945 0.711457431316376 0.715520143508911 0.721379041671753 0.726569294929504 0.718560397624969 0.70889538526535 0.712348401546478 0.711821734905243 0.71098405122757 0.706411421298981 0.701315939426422 0.705965042114258 0.706097424030304 0.691859006881714 0.67180722951889 0.668587565422058 0.659782707691193 0.64292961359024 0.633299112319946 0.583100140094757 0.590653777122498 0.65227884054184 0.647332310676575 0.655669093132019 0.657993018627167 0.560907900333405 0.451247334480286 0.455744475126266
0.695173621177673 0.679947972297668 0.689662635326385 0.69808828830719 0.708528280258179 0.705808579921722 0.703540742397308 0.703299701213837 0.709540665149689 0.717319965362549 0.716519117355347 0.735464513301849 0.70715343952179 0.707761526107788 0.702085256576538 0.702516257762909 0.702783942222595 0.712080895900726 0.700839698314667 0.728539407253265 0.735029578208923 0.74463814496994 0.745144188404083 0.743066549301147 0.720101952552795 0.722393691539764 0.741138279438019 0.735606074333191 0.730947971343994 0.73336535692215 0.732976078987122 0.729710161685944 0.725715637207031 0.729010283946991 0.720478534698486 0.69592297077179 0.68728232383728 0.662219941616058 0.652399122714996 0.645451426506042 0.660590589046478 0.636538743972778 0.648615598678589 0.659740567207336 0.681455254554749 0.690111339092255 0.665000021457672 0.531324744224548 0.500721991062164 0.482092320919037
0.701290488243103 0.677785575389862 0.694479286670685 0.716457068920135 0.704057395458221 0.701854765415192 0.707578897476196 0.710870087146759 0.737321197986603 0.71339213848114 0.740258932113647 0.722354114055634 0.71248996257782 0.713023006916046 0.712587416172028 0.710380673408508 0.713886618614197 0.727642893791199 0.747468233108521 0.757902145385742 0.755076348781586 0.74701464176178 0.747622549533844 0.745885014533997 0.743539988994598 0.744934141635895 0.743360161781311 0.752634763717651 0.746838212013245 0.746795356273651 0.736155331134796 0.75089818239212 0.746437132358551 0.723492503166199 0.715096652507782 0.714657783508301 0.696577072143555 0.668089628219604 0.681685984134674 0.664764165878296 0.663558304309845 0.663017690181732 0.667064487934113 0.690525710582733 0.694813430309296 0.692938148975372 0.695668339729309 0.615565538406372 0.520040273666382 0.516496360301971
0.688247799873352 0.672970533370972 0.689429223537445 0.697592079639435 0.70254111289978 0.703554749488831 0.707396149635315 0.738918602466583 0.713899612426758 0.742129564285278 0.727114140987396 0.718024909496307 0.736104011535645 0.739654958248138 0.721668422222137 0.728384733200073 0.738664031028748 0.759132206439972 0.765767991542816 0.766384243965149 0.766136527061462 0.776476562023163 0.763832747936249 0.744431674480438 0.74581116437912 0.765731871128082 0.760411441326141 0.759017467498779 0.754487335681915 0.753977358341217 0.745641112327576 0.741179823875427 0.740323126316071 0.740573704242706 0.732681155204773 0.719726920127869 0.706502914428711 0.691420495510101 0.705560863018036 0.678907036781311 0.687672019004822 0.691407978534698 0.700438678264618 0.728377461433411 0.71279913187027 0.722927689552307 0.725293636322021 0.665792644023895 0.566377580165863 0.58234703540802
0.68444150686264 0.700660467147827 0.715715825557709 0.724215507507324 0.727901935577393 0.732799649238586 0.736787497997284 0.740676283836365 0.743435800075531 0.743001103401184 0.746638059616089 0.741104423999786 0.741293430328369 0.744700610637665 0.748350203037262 0.743475317955017 0.757317662239075 0.773537993431091 0.777557492256165 0.778323650360107 0.78236973285675 0.786928772926331 0.7752925157547 0.772144794464111 0.773349523544312 0.774439334869385 0.770058810710907 0.765121579170227 0.753260731697083 0.752413392066956 0.756236553192139 0.758466482162476 0.754131019115448 0.749121248722076 0.72761332988739 0.714152753353119 0.709368705749512 0.707429707050323 0.715576469898224 0.718700528144836 0.717316627502441 0.734572529792786 0.746708393096924 0.736234605312347 0.74281245470047 0.742158234119415 0.729197323322296 0.655125737190247 0.578986883163452 0.614466190338135
0.67333447933197 0.688872635364532 0.704178333282471 0.710290491580963 0.725317358970642 0.729915678501129 0.733890473842621 0.740811944007874 0.744486749172211 0.744568109512329 0.747739672660828 0.742610096931458 0.746541857719421 0.749769747257233 0.752834737300873 0.76645165681839 0.77322393655777 0.779146909713745 0.78403627872467 0.788947284221649 0.785210907459259 0.790339469909668 0.786003589630127 0.788134813308716 0.792695343494415 0.795651197433472 0.791671872138977 0.783892691135406 0.776540458202362 0.773387789726257 0.769809722900391 0.756839334964752 0.748120844364166 0.740973353385925 0.701481342315674 0.708379507064819 0.686091721057892 0.716202855110168 0.714715003967285 0.708177328109741 0.72585141658783 0.766426265239716 0.758280515670776 0.756112456321716 0.762638509273529 0.749305725097656 0.725474774837494 0.686440706253052 0.634749293327332 0.64145815372467
0.66224193572998 0.678184688091278 0.691207051277161 0.707573652267456 0.720473051071167 0.726563274860382 0.733774781227112 0.738210320472717 0.742343485355377 0.745848059654236 0.749128937721252 0.752574026584625 0.748128294944763 0.75122207403183 0.756719470024109 0.771187007427216 0.799809396266937 0.787390828132629 0.806758403778076 0.806376755237579 0.79813152551651 0.79659765958786 0.787827372550964 0.796543598175049 0.79732608795166 0.813536882400513 0.809406280517578 0.796222627162933 0.789121985435486 0.778226613998413 0.765914499759674 0.766896367073059 0.750380456447601 0.718730211257935 0.71100652217865 0.707821130752563 0.734203457832336 0.724809050559998 0.714624047279358 0.727281332015991 0.730944991111755 0.774848103523254 0.772336363792419 0.776050269603729 0.765007615089417 0.748456537723541 0.737379729747772 0.722639501094818 0.648105025291443 0.640729546546936
0.650009989738464 0.654678225517273 0.678392052650452 0.695622563362122 0.693001210689545 0.703412294387817 0.711114108562469 0.734068334102631 0.739698171615601 0.743613243103027 0.757434904575348 0.761636912822723 0.759851932525635 0.762383937835693 0.759079992771149 0.776464343070984 0.79303914308548 0.813044905662537 0.817777395248413 0.814856469631195 0.80392724275589 0.809788703918457 0.804999887943268 0.806650817394257 0.812830984592438 0.811510682106018 0.818082690238953 0.807830631732941 0.796187937259674 0.784496188163757 0.767779350280762 0.760011553764343 0.751650452613831 0.742509067058563 0.74424010515213 0.758859574794769 0.743482351303101 0.732990562915802 0.7281454205513 0.741858661174774 0.741438269615173 0.75568151473999 0.784362852573395 0.767924845218658 0.769811451435089 0.730359256267548 0.774551331996918 0.715056419372559 0.633859872817993 0.65409916639328
0.61804610490799 0.641169905662537 0.649055421352386 0.665024876594543 0.689091384410858 0.699762642383575 0.703851819038391 0.712314426898956 0.735870599746704 0.740132093429565 0.755554616451263 0.763171494007111 0.773771643638611 0.769199192523956 0.775149703025818 0.785562992095947 0.801514565944672 0.804374873638153 0.820035874843597 0.824191451072693 0.818333089351654 0.815191328525543 0.814499318599701 0.818225800991058 0.820128500461578 0.830530345439911 0.824866712093353 0.818057239055634 0.803737998008728 0.791738629341125 0.775121867656708 0.771319031715393 0.757785558700562 0.753751814365387 0.762495160102844 0.771359801292419 0.749674797058105 0.753297090530396 0.758101582527161 0.749946653842926 0.745401442050934 0.767123162746429 0.786731123924255 0.78826367855072 0.758137941360474 0.735979795455933 0.743873775005341 0.689653873443604 0.650955557823181 0.67180323600769
0.569196879863739 0.592502534389496 0.60099059343338 0.624704301357269 0.652942359447479 0.667755961418152 0.676868915557861 0.706552624702454 0.707001745700836 0.735828816890717 0.755861937999725 0.75897878408432 0.768650352954865 0.773268699645996 0.778686761856079 0.785071432590485 0.79572868347168 0.80669891834259 0.818432509899139 0.818959891796112 0.823984324932098 0.827943980693817 0.817584335803986 0.820795714855194 0.832761526107788 0.825198590755463 0.823997139930725 0.821639120578766 0.814538061618805 0.807518899440765 0.796377539634705 0.783448278903961 0.770012438297272 0.777033448219299 0.782202303409576 0.775691032409668 0.760598361492157 0.785305798053741 0.770183503627777 0.754288554191589 0.745370864868164 0.771885097026825 0.777084589004517 0.784945249557495 0.753225028514862 0.733962297439575 0.703263282775879 0.668080985546112 0.678543448448181 0.689022123813629
0.490263849496841 0.539069175720215 0.563923954963684 0.572107195854187 0.606419801712036 0.629825711250305 0.645388901233673 0.675604283809662 0.702974617481232 0.73097163438797 0.735757529735565 0.749923825263977 0.755411088466644 0.763979315757751 0.771032094955444 0.773332476615906 0.781925857067108 0.789539992809296 0.797099947929382 0.798109948635101 0.794613838195801 0.789998233318329 0.790999174118042 0.797568798065186 0.810313999652863 0.817148447036743 0.817561209201813 0.814887642860413 0.810423314571381 0.803683996200562 0.793069541454315 0.775803625583649 0.770482003688812 0.778329968452454 0.77463573217392 0.759518146514893 0.755909025669098 0.776914656162262 0.788031399250031 0.766764521598816 0.7818284034729 0.780629992485046 0.772050499916077 0.767439424991608 0.73516321182251 0.70630931854248 0.667908549308777 0.688440084457397 0.726069390773773 0.698970019817352
0.462195217609406 0.500959992408752 0.524067163467407 0.540250897407532 0.572030425071716 0.587210655212402 0.637327373027802 0.643359422683716 0.671809315681458 0.700347065925598 0.723141252994537 0.73795223236084 0.743179857730865 0.751280069351196 0.751111209392548 0.753937542438507 0.752550005912781 0.756475985050201 0.755967736244202 0.759437561035156 0.746148467063904 0.75478720664978 0.762145578861237 0.762736856937408 0.767884314060211 0.77314829826355 0.790818333625793 0.785102546215057 0.782599329948425 0.799902975559235 0.785170376300812 0.782086253166199 0.791023552417755 0.782012522220612 0.772817075252533 0.755448222160339 0.775249779224396 0.777190864086151 0.775637865066528 0.772290170192719 0.767758905887604 0.758485436439514 0.772464036941528 0.756646275520325 0.724137604236603 0.688999056816101 0.667448818683624 0.677098989486694 0.68361485004425 0.689275324344635
0.450586080551147 0.447104841470718 0.459084808826447 0.489764600992203 0.483652144670486 0.507171154022217 0.555673241615295 0.567218363285065 0.610585570335388 0.648354768753052 0.682060182094574 0.70867395401001 0.721266746520996 0.731364905834198 0.7350834608078 0.731547594070435 0.732708334922791 0.735909044742584 0.739692330360413 0.72975891828537 0.712017238140106 0.729752779006958 0.746854662895203 0.753745198249817 0.748001217842102 0.731926560401917 0.741758286952972 0.764182567596436 0.776128530502319 0.743945300579071 0.774005055427551 0.769502997398376 0.779531002044678 0.78394877910614 0.768566370010376 0.77685159444809 0.773407101631165 0.778516590595245 0.755244612693787 0.765260398387909 0.775449395179749 0.777567565441132 0.751350402832031 0.734390914440155 0.714024543762207 0.691513955593109 0.673521101474762 0.674458384513855 0.653112471103668 0.689898669719696
0.428066372871399 0.412244260311127 0.420141905546188 0.428300976753235 0.436336725950241 0.441940903663635 0.460804134607315 0.46971333026886 0.515737414360046 0.57811313867569 0.631568849086761 0.673991560935974 0.710468709468842 0.727338135242462 0.725080847740173 0.717363297939301 0.721659481525421 0.737336099147797 0.731919050216675 0.738281726837158 0.755327343940735 0.738514244556427 0.756188929080963 0.761216282844543 0.737233340740204 0.748781144618988 0.741337358951569 0.710620939731598 0.701353549957275 0.69555526971817 0.72619241476059 0.715079009532928 0.742718279361725 0.768719732761383 0.77099472284317 0.767473518848419 0.755025863647461 0.750499546527863 0.752478539943695 0.761909067630768 0.761803567409515 0.742576003074646 0.727835655212402 0.707750022411346 0.702832758426666 0.687209129333496 0.682773649692535 0.682475745677948 0.654746413230896 0.757677733898163
0.369229793548584 0.383382320404053 0.383890837430954 0.391894966363907 0.391337960958481 0.39009827375412 0.355154633522034 0.398778080940247 0.460736602544785 0.535784959793091 0.60760110616684 0.67360520362854 0.70704448223114 0.711041331291199 0.72266960144043 0.72678941488266 0.748338222503662 0.748403310775757 0.755880117416382 0.755088269710541 0.753785490989685 0.754055619239807 0.762222111225128 0.748362243175507 0.752350151538849 0.753288626670837 0.74503368139267 0.74415111541748 0.745417177677155 0.745254874229431 0.742321372032166 0.724281370639801 0.728969871997833 0.717912197113037 0.7447669506073 0.736142635345459 0.724021852016449 0.72993940114975 0.731293559074402 0.738694965839386 0.745416760444641 0.725054025650024 0.705884635448456 0.69111829996109 0.69916820526123 0.650423884391785 0.659219920635223 0.637092709541321 0.645149946212769 0.705367505550385
0.356746017932892 0.354192614555359 0.362743526697159 0.400985419750214 0.400332570075989 0.332481354475021 0.306272208690643 0.318864703178406 0.366718053817749 0.5124551653862 0.590176403522491 0.652355968952179 0.685676574707031 0.714718878269196 0.737059831619263 0.733411133289337 0.751437306404114 0.751413881778717 0.751721918582916 0.741145014762878 0.73821222782135 0.749831557273865 0.742689311504364 0.740694344043732 0.744618356227875 0.722068905830383 0.711899816989899 0.710014760494232 0.729889810085297 0.73503041267395 0.730388045310974 0.740548491477966 0.71911609172821 0.708387076854706 0.722103834152222 0.734876453876495 0.737515807151794 0.734796166419983 0.73800802230835 0.735905706882477 0.732375502586365 0.699582457542419 0.6893230676651 0.67451012134552 0.656161546707153 0.659667253494263 0.65040248632431 0.663856148719788 0.674448311328888 0.705228507518768
0.359359860420227 0.345826625823975 0.363997042179108 0.370723098516464 0.361877232789993 0.296612530946732 0.317542910575867 0.317393124103546 0.335189342498779 0.455972999334335 0.593584597110748 0.638915479183197 0.675045609474182 0.723435759544373 0.724686026573181 0.739459872245789 0.737165868282318 0.747742772102356 0.748121917247772 0.728211998939514 0.732998013496399 0.735559642314911 0.719409823417664 0.724464118480682 0.70896452665329 0.727968990802765 0.720925748348236 0.696264088153839 0.725682854652405 0.713188409805298 0.729499816894531 0.718576788902283 0.719155490398407 0.7303746342659 0.742269039154053 0.73665052652359 0.741985559463501 0.734682977199554 0.742001056671143 0.741520643234253 0.712886929512024 0.67633056640625 0.669396162033081 0.662136793136597 0.646998286247253 0.669712603092194 0.67960000038147 0.698292791843414 0.721020996570587 0.737142980098724
0.357389509677887 0.341459333896637 0.363889425992966 0.370118886232376 0.326048493385315 0.294903695583344 0.282913625240326 0.302494764328003 0.324055701494217 0.444040983915329 0.537398815155029 0.602142453193665 0.652487874031067 0.703082978725433 0.725543737411499 0.741752862930298 0.741294145584106 0.73633474111557 0.73282116651535 0.735044479370117 0.725440859794617 0.729271829128265 0.693781673908234 0.719644725322723 0.691632390022278 0.697800159454346 0.69904226064682 0.683080852031708 0.688062906265259 0.696085512638092 0.692030608654022 0.706088542938232 0.696985960006714 0.72267735004425 0.722993731498718 0.722070038318634 0.734400391578674 0.727920234203339 0.742150962352753 0.742127299308777 0.716112673282623 0.66792905330658 0.664485394954681 0.65669184923172 0.634456872940063 0.661054193973541 0.69225662946701 0.728254497051239 0.745230555534363 0.767699301242828
0.326574891805649 0.348752498626709 0.365479230880737 0.325531870126724 0.317606329917908 0.277050852775574 0.27450293302536 0.339026182889938 0.339727461338043 0.367925703525543 0.45478954911232 0.538869976997375 0.647020697593689 0.676311075687408 0.717864871025085 0.717808425426483 0.73596465587616 0.736396014690399 0.737119615077972 0.732930660247803 0.716061413288116 0.72892439365387 0.716501593589783 0.686375856399536 0.691475510597229 0.693337023258209 0.691745281219482 0.686069190502167 0.690157055854797 0.693672299385071 0.679421246051788 0.67258882522583 0.668295383453369 0.691816926002502 0.711093842983246 0.701101899147034 0.721742808818817 0.721983373165131 0.743888735771179 0.744367837905884 0.745244979858398 0.683468043804169 0.640596508979797 0.626092433929443 0.640323102474213 0.686763167381287 0.68826287984848 0.745754480361938 0.764143824577332 0.761703491210938
0.33434784412384 0.365681350231171 0.377253890037537 0.314651966094971 0.36893105506897 0.296644568443298 0.280238151550293 0.414749324321747 0.388612240552902 0.365447402000427 0.409529328346252 0.534648597240448 0.596311867237091 0.663847982883453 0.696754574775696 0.71842348575592 0.717541217803955 0.733692109584808 0.711596965789795 0.72760134935379 0.720198392868042 0.720333695411682 0.71243417263031 0.70941823720932 0.688251852989197 0.691557705402374 0.692324638366699 0.668938934803009 0.688533306121826 0.690523505210876 0.674005925655365 0.667585730552673 0.667132437229156 0.658278405666351 0.690585255622864 0.70824807882309 0.723591506481171 0.713389813899994 0.713852941989899 0.736453592777252 0.744133949279785 0.711262106895447 0.674225389957428 0.633697032928467 0.639826893806458 0.671965658664703 0.699313521385193 0.745593369007111 0.74531090259552 0.770593285560608
0.325682938098907 0.354169189929962 0.323782354593277 0.335885971784592 0.339591503143311 0.323864787817001 0.284161686897278 0.40282928943634 0.400607198476791 0.46129447221756 0.419193208217621 0.496263295412064 0.603590667247772 0.641835927963257 0.692577540874481 0.714688718318939 0.707369029521942 0.704084098339081 0.710912823677063 0.710941433906555 0.731772601604462 0.714698851108551 0.714727222919464 0.70952981710434 0.68755966424942 0.689881443977356 0.688336849212646 0.666056573390961 0.693964540958405 0.689836442470551 0.657401919364929 0.645503163337708 0.640997767448425 0.652030289173126 0.669415175914764 0.696912467479706 0.685552775859833 0.694380462169647 0.739498794078827 0.742131650447845 0.740588486194611 0.708059549331665 0.694143831729889 0.648119866847992 0.651652097702026 0.683771073818207 0.714171051979065 0.739993929862976 0.759755313396454 0.760860085487366
