data/climate_estimation/maxent_output/Notholirion_bulbuliferum.asc
NCOLS 286 
NROWS 106 
XLLCORNER 84.75 
YLLCORNER 25.3333333333333 
CELLSIZE 0.0833333333333333 
NODATA_value -3.4e+38 
[rows 38 to 56 of 106, columns 44 to 87 of 286]
0.0783956721425056 0.0829392969608307 0.100582264363766 0.0739371031522751 0.0417504496872425 0.0394305028021336 0.0558369643986225 0.0529702082276344 0.0645987167954445 0.0781483426690102 0.0757151171565056 0.0728649273514748 0.0851763337850571 0.0851763337850571 0.090256504714489 0.0843096151947975 0.0795477703213692 0.0778805017471313 0.0772335827350616 0.0677645355463028 0.0613586232066154 0.065485455095768 0.0500568859279156 0.0512093529105186 0.0617676600813866 0.0589533373713493 0.0506178997457027 0.0480730533599854 0.0480197072029114 0.0486508458852768 0.0644363164901733 0.0497522950172424 0.0363937765359879 0.0536573603749275 0.0469691231846809 0.0444336161017418 0.0242521725594997 0.0241491012275219 0.0656972751021385 0.0460344292223454 0.0283906608819962 0.0622904524207115 0.0434268824756145 0.040435403585434
0.0483202487230301 0.0489481016993523 0.0226157139986753 0.0792648047208786 0.080437958240509 0.062873937189579 0.047146987169981 0.0420993901789188 0.0510621517896652 0.055015254765749 0.076289102435112 0.0800064653158188 0.0858303010463715 0.0858303010463715 0.087809145450592 0.0913432985544205 0.0879369452595711 0.0858303010463715 0.0807505548000336 0.054677102714777 0.053828839212656 0.0688510164618492 0.0762688964605331 0.0805659964680672 0.0707994922995567 0.0420938655734062 0.0595180056989193 0.0789989307522774 0.0776489824056625 0.0825979486107826 0.0814999639987946 0.0741052031517029 0.0525865629315376 0.0600676573812962 0.0396356396377087 0.0296097174286842 0.0132011519744992 0.0229334402829409 0.0788215473294258 0.0493478514254093 0.0291073471307755 0.0380716286599636 0.0313974134624004 0.0287120752036572
0.0390255637466908 0.0248838756233454 0.0107632400467992 0.0597124397754669 0.0993912369012833 0.074812263250351 0.0617048181593418 0.0604523979127407 0.0761115849018097 0.0631817951798439 0.0537980906665325 0.0489285737276077 0.0413343347609043 0.036251675337553 0.0522095784544945 0.0629595145583153 0.0664182156324387 0.0666321516036987 0.0619707927107811 0.0489360727369785 0.0421536676585674 0.0550232939422131 0.0795011520385742 0.0826268494129181 0.0875206515192986 0.0840646624565125 0.0855313315987587 0.0871500968933105 0.0871500968933105 0.0836998894810677 0.0897368267178535 0.0851714089512825 0.0752957314252853 0.062867172062397 0.04740334674716 0.0247510112822056 0.0197062753140926 0.0557380057871342 0.0692230463027954 0.0338943190872669 0.0264329425990582 0.0303951855748892 0.033503882586956 0.0454309545457363
0.0373815670609474 0.0147543074563146 0.0246784277260303 0.0800830274820328 0.0906442105770111 0.0690142288804054 0.0640811622142792 0.0614134967327118 0.0535788610577583 0.0521008595824242 0.0293392296880484 0.0321649350225925 0.0374958477914333 0.0358436107635498 0.0304666440933943 0.0417200364172459 0.0407969951629639 0.0416430979967117 0.0489825718104839 0.0272968430072069 0.035699151456356 0.0369699522852898 0.0444217100739479 0.0460250377655029 0.0455669872462749 0.045567661523819 0.0478281117975712 0.0478166826069355 0.0480824075639248 0.0452908724546432 0.037631306797266 0.0565836392343044 0.047797966748476 0.0527404174208641 0.0379565171897411 0.0416117198765278 0.0293904691934586 0.117758296430111 0.0608823746442795 0.0348266810178757 0.0374673306941986 0.0345545299351215 0.0395518839359283 0.0336209572851658
0.0166557971388102 0.0450577288866043 0.0769027546048164 0.0769027546048164 0.0751031711697578 0.0651533901691437 0.0710900500416756 0.0601443909108639 0.0322502851486206 0.0446909479796886 0.0450551360845566 0.036689531058073 0.0465013906359673 0.0437089838087559 0.0214017722755671 0.0252397377043962 0.0309855528175831 0.0247314739972353 0.0304595679044724 0.0342080406844616 0.0381719395518303 0.0396003760397434 0.0490635856986046 0.0491703189909458 0.0495335534214973 0.0474458411335945 0.0487704090774059 0.0463873632252216 0.0350098870694637 0.0221963934600353 0.0314800292253494 0.0325607918202877 0.0488340631127357 0.03880400583148 0.0473390407860279 0.0749728456139565 0.0668963864445686 0.0873007252812386 0.117489688098431 0.0629891604185104 0.0623177103698254 0.0748661682009697 0.0661858767271042 0.054884422570467
0.0205942466855049 0.0676401779055595 0.0705099403858185 0.0671740174293518 0.0467530079185963 0.0612435154616833 0.073826752603054 0.0773734375834465 0.0571121647953987 0.0425300933420658 0.037323173135519 0.0283742230385542 0.0178691707551479 0.0164787359535694 0.0192749463021755 0.0231828261166811 0.0238813422620296 0.024342967197299 0.0264700278639793 0.033749882131815 0.0358199365437031 0.042084563523531 0.0528770536184311 0.0521080605685711 0.048594631254673 0.0354768633842468 0.0240638311952353 0.0153039945289493 0.0118572516366839 0.0122909378260374 0.0133797014132142 0.0358778201043606 0.104755245149136 0.0954799801111221 0.0861931070685387 0.091459147632122 0.0545811913907528 0.0842222273349762 0.0726116299629211 0.103708848357201 0.116543784737587 0.0627080723643303 0.0402388758957386 0.0438940525054932
0.0331732071936131 0.0664546638727188 0.0944167599081993 0.050172571092844 0.0343371704220772 0.0264520850032568 0.0339598469436169 0.0368542075157166 0.0344212502241135 0.0322056710720062 0.0228991582989693 0.0178905390202999 0.0202499087899923 0.0207284279167652 0.0217053387314081 0.0273563954979181 0.0302372127771378 0.0350333973765373 0.0392726585268974 0.0417485535144806 0.0474889352917671 0.0490864142775536 0.0464073903858662 0.0313623286783695 0.0173204597085714 0.00954929552972317 0.0075559439137578 0.00717613799497485 0.018738953396678 0.0491840206086636 0.0572033599019051 0.104001007974148 0.0786089599132538 0.0598568357527256 0.0482030957937241 0.0482030957937241 0.032080415636301 0.0529618635773659 0.0487201809883118 0.0800819844007492 0.121186152100563 0.0994435027241707 0.0776869133114815 0.0902568772435188
0.0588287264108658 0.0835221037268639 0.0587023459374905 0.0132283484563231 0.0183493904769421 0.0245418641716242 0.0197129007428885 0.0270538814365864 0.0255520734935999 0.0248411372303963 0.0243487618863583 0.022097485139966 0.0202717017382383 0.0220586527138948 0.02522898837924 0.0243548508733511 0.0282175354659557 0.0228054150938988 0.0295135695487261 0.0402011200785637 0.0282979626208544 0.0289820916950703 0.0165168698877096 0.0104519855231047 0.00842485949397087 0.0101391123607755 0.00626885564997792 0.0203188024461269 0.0777825862169266 0.143902525305748 0.119826585054398 0.0716952010989189 0.0596631467342377 0.0323041640222073 0.028936417773366 0.0358940213918686 0.037510521709919 0.0441178008913994 0.04300332441926 0.0677681341767311 0.0458916537463665 0.0703388527035713 0.0630975887179375 0.0700396001338959
0.0386096760630608 0.0448795408010483 0.0261111948639154 0.014191560447216 0.0142597127705812 0.0187962912023067 0.0183421317487955 0.0166428536176682 0.0173885524272919 0.0157747715711594 0.0196119621396065 0.0134181026369333 0.0150110833346844 0.015927417203784 0.0162923987954855 0.0150604955852032 0.0162923987954855 0.0168595612049103 0.02002271451056 0.0295720268040895 0.0200637504458427 0.0119190169498324 0.00883239787071943 0.00573655311018229 0.00637830374762416 0.00955743528902531 0.0355673357844353 0.0704022645950317 0.110936470329762 0.0626477375626564 0.039412897080183 0.0520523861050606 0.0935904458165169 0.0725761875510216 0.0850328579545021 0.0831258147954941 0.111242152750492 0.07379300147295 0.0608267970383167 0.0327272191643715 0.0336193591356277 0.0540982782840729 0.0511662401258945 0.0740734487771988
0.0292578358203173 0.0380768850445747 0.0251354426145554 0.0220785550773144 0.0143659329041839 0.0152946580201387 0.0149741284549236 0.0246757529675961 0.0397298000752926 0.0286792926490307 0.0287423562258482 0.0119851399213076 0.0122594414278865 0.0199469067156315 0.0161486957222223 0.0117513090372086 0.0135798174887896 0.0171946287155151 0.0261907353997231 0.0299304760992527 0.0153618538752198 0.0082675414159894 0.00656717736274004 0.0100217564031482 0.0135264415293932 0.0436424911022186 0.0663936287164688 0.0534206293523312 0.0355398692190647 0.0260298140347004 0.0259085930883884 0.0343474075198174 0.0444084890186787 0.061004813760519 0.114504054188728 0.101474113762379 0.0334544070065022 0.0328310802578926 0.0333792045712471 0.0378633588552475 0.0458093546330929 0.0496839061379433 0.0313958935439587 0.0569071099162102
0.0191536322236061 0.0152194146066904 0.0224546007812023 0.0366060100495815 0.0318613499403 0.0236545726656914 0.0236768834292889 0.028004689142108 0.0427222847938538 0.0386029779911041 0.0319630354642868 0.0193185098469257 0.0126395942643285 0.0232884623110294 0.0115764085203409 0.0124061666429043 0.014068971388042 0.0196675173938274 0.0311127733439207 0.0206592865288258 0.00865034386515617 0.00695282127708197 0.0112107452005148 0.0130494982004166 0.0460646823048592 0.10899792611599 0.0312872603535652 0.0225189905613661 0.0206985231488943 0.0287372730672359 0.0413766950368881 0.0336224101483822 0.0382271967828274 0.0639345869421959 0.047052051872015 0.101576186716557 0.126248091459274 0.120262175798416 0.0527329556643963 0.0570198148488998 0.115752026438713 0.0520268268883228 0.0364874936640263 0.0451991371810436
0.0123854670673609 0.0190621484071016 0.0294762179255486 0.0511308610439301 0.0495018437504768 0.0356648936867714 0.0477725304663181 0.0286970194429159 0.0359357781708241 0.0153954941779375 0.0184234585613012 0.013108529150486 0.0183886028826237 0.0276278741657734 0.0166695956140757 0.0215172003954649 0.0236645005643368 0.0232199411839247 0.022003386169672 0.0102231623604894 0.00620299624279141 0.0101814232766628 0.049685575067997 0.082852803170681 0.147725716233253 0.0648884698748589 0.0726437047123909 0.0663321763277054 0.0765244886279106 0.0576682835817337 0.0500765405595303 0.0442136526107788 0.13453634083271 0.099767841398716 0.149903848767281 0.0568107739090919 0.0661367848515511 0.0959525108337402 0.131909713149071 0.117757730185986 0.141204178333282 0.113589972257614 0.0739921107888222 0.083318904042244
0.019093357026577 0.0184237156063318 0.0217400453984737 0.0225861072540283 0.0224213376641273 0.0193137135356665 0.0288625992834568 0.0521204769611359 0.0526080951094627 0.0177300311625004 0.0158559009432793 0.027940770611167 0.0376163832843304 0.0212045405060053 0.0228038895875216 0.0300318747758865 0.0239400342106819 0.0182496048510075 0.0145351765677333 0.00829062983393669 0.0115704694762826 0.023309426382184 0.0892474502325058 0.111804984509945 0.0934184044599533 0.0171198025345802 0.0464967601001263 0.198702812194824 0.0797326937317848 0.05772889778018 0.200250715017319 0.236891210079193 0.254855364561081 0.314130365848541 0.223855137825012 0.199740380048752 0.117493219673634 0.0861267670989037 0.0716842487454414 0.0757830366492271 0.0999027267098427 0.172089636325836 0.105978548526764 0.0485381223261356
0.0202513877302408 0.0300321634858847 0.030517740175128 0.0299524534493685 0.0224193185567856 0.0420650579035282 0.0563293844461441 0.0702303349971771 0.0912717133760452 0.0607138313353062 0.024000883102417 0.0777732655405998 0.0194379910826683 0.0128608988597989 0.0156020959839225 0.0184271279722452 0.0157197099179029 0.0145212477073073 0.0146085610613227 0.0219551715999842 0.0186253935098648 0.0124320732429624 0.0659572333097458 0.114543743431568 0.0601824931800365 0.0217204745858908 0.0337069779634476 0.181626856327057 0.0779255330562592 0.062078632414341 0.106243878602982 0.151419430971146 0.24047514796257 0.29404416680336 0.335535943508148 0.297154933214188 0.190345406532288 0.198466002941132 0.175728678703308 0.188621759414673 0.185732543468475 0.0867521092295647 0.0604856088757515 0.0642623826861382
0.0255340933799744 0.058548629283905 0.0234282650053501 0.0170124936848879 0.0311312302947044 0.0310329180210829 0.0256285686045885 0.0322424620389938 0.0338354781270027 0.072199821472168 0.0458036810159683 0.0608760304749012 0.0221805926412344 0.0211089644581079 0.0301854778081179 0.0290028601884842 0.0278051681816578 0.0302835144102573 0.0353386700153351 0.0430656298995018 0.0173997823148966 0.0145596154034138 0.0425075329840183 0.0837788507342339 0.0322585701942444 0.0164808556437492 0.0278033874928951 0.0894720181822777 0.167254224419594 0.0419284254312515 0.0388013832271099 0.0500983484089375 0.0618830136954784 0.0799707695841789 0.110587269067764 0.227224469184875 0.347676873207092 0.240928262472153 0.242772847414017 0.131915852427483 0.171683952212334 0.15071152150631 0.0937598049640656 0.0586784332990646
0.0529859811067581 0.0592496022582054 0.0438700094819069 0.061874732375145 0.0229004006832838 0.0172519609332085 0.0237150695174932 0.0625831633806229 0.146775737404823 0.102152958512306 0.0977869629859924 0.0857996270060539 0.0674274861812592 0.0565608590841293 0.0740159526467323 0.0895004719495773 0.0599828399717808 0.0420524924993515 0.0726847574114799 0.0261030215770006 0.0310833379626274 0.0231781378388405 0.0236955545842648 0.0675321370363235 0.0267387330532074 0.030050715431571 0.0585183836519718 0.103545799851418 0.164619013667107 0.25758296251297 0.204744040966034 0.138699144124985 0.336856037378311 0.163868024945259 0.231516852974892 0.313878297805786 0.202869683504105 0.0858512073755264 0.0931072533130646 0.103970922529697 0.0730875506997108 0.107167094945908 0.113927364349365 0.0956019535660744
0.0256327986717224 0.0480436682701111 0.0662759691476822 0.0257110688835382 0.0161781050264835 0.0233495123684406 0.0687147304415703 0.169971138238907 0.088177852332592 0.0353402756154537 0.0355583541095257 0.0233501847833395 0.0372118018567562 0.096123956143856 0.114239864051342 0.0533905439078808 0.0371667370200157 0.0226518120616674 0.0599473901093006 0.0688761174678802 0.0566184520721436 0.0273872055113316 0.056584395468235 0.042874064296484 0.0202585030347109 0.0175030361860991 0.0168478209525347 0.0310648996382952 0.0455176271498203 0.128783285617828 0.366398245096207 0.488847076892853 0.417690187692642 0.345229834318161 0.243646025657654 0.220329701900482 0.105412110686302 0.0393502227962017 0.0417439565062523 0.0501820705831051 0.0650341063737869 0.0442790910601616 0.0403971821069717 0.0373251587152481
0.0338467173278332 0.0840384215116501 0.0413569062948227 0.0169418826699257 0.0264695677906275 0.0179463736712933 0.034680463373661 0.166264280676842 0.109813518822193 0.0216532461345196 0.0286306608468294 0.0264735966920853 0.0464346744120121 0.029990466311574 0.0787554606795311 0.0251187607645988 0.0159110184758902 0.0135567262768745 0.0284166075289249 0.0824664905667305 0.0672855973243713 0.0429134331643581 0.0999964475631714 0.0394233353435993 0.0182514507323503 0.0198357310146093 0.026731338351965 0.0473194420337677 0.064781054854393 0.164187923073769 0.431851267814636 0.383414715528488 0.126857653260231 0.0528971329331398 0.0515178851783276 0.0650177597999573 0.0468985177576542 0.04934898391366 0.0339473634958267 0.0421961322426796 0.0444970801472664 0.054916325956583 0.0410360880196095 0.0362888909876347
0.0518414936959743 0.147183522582054 0.030741024762392 0.0262495558708906 0.0580271929502487 0.0510847829282284 0.0404743291437626 0.126549869775772 0.17666620016098 0.0967628881335258 0.115985535085201 0.0841644033789635 0.112994343042374 0.0506702028214931 0.116749174892902 0.0284546073526144 0.0175810866057873 0.0191648416221142 0.0169745441526175 0.0486372448503971 0.217571288347244 0.14202518761158 0.104512825608253 0.0313936062157154 0.0204786397516727 0.0354652516543865 0.0696970373392105 0.150203689932823 0.101661816239357 0.23091296851635 0.414459049701691 0.124183550477028 0.0839409530162811 0.0927437990903854 0.0835514515638351 0.0447438806295395 0.0682008937001228 0.094050221145153 0.0413735918700695 0.0506014302372932 0.0777126401662827 0.141420736908913 0.0503729097545147 0.0498466305434704
