data/climate_estimation/maxent_output/Notholirion_macrophyllum.asc
NCOLS 238 
NROWS 18 
XLLCORNER 81.9166666666667 
YLLCORNER 27.6666666666667 
CELLSIZE 0.0833333333333333 
NODATA_value -3.4e+38 
[rows 0 to 17 of 18, columns 88 to 131 of 238]
0.0978607162833214 0.0713367536664009 0.086407832801342 0.0875277891755104 0.0739542245864868 0.0429608449339867 0.0565646812319756 0.0700887218117714 0.0545895732939243 0.0477816797792912 0.0490644089877605 0.0409345291554928 0.042212687432766 0.0450342781841755 0.0540841445326805 0.0594295561313629 0.0523976534605026 0.0721253454685211 0.0656164735555649 0.0848718881607056 0.0753325670957565 0.10365829616785 0.109688557684422 0.0748704969882965 0.132681712508202 0.0819468423724174 0.0913996547460556 0.0769794657826424 0.105245597660542 0.129291400313377 0.121229037642479 0.0976438373327255 0.0585736222565174 0.0965999066829681 0.0857256948947906 0.0757208317518234 0.0385317839682102 0.0424611940979958 0.0822168067097664 0.145013570785522 0.156996205449104 0.139492064714432 0.11478915065527 0.101114310324192
0.111764833331108 0.09373689442873 0.112021327018738 0.0719459801912308 0.0491626635193825 0.0424897409975529 0.0345902852714062 0.0582078322768211 0.0287806689739227 0.020652886480093 0.027205953374505 0.0199449509382248 0.0232315808534622 0.0532707907259464 0.0585282705724239 0.043903511017561 0.0521842911839485 0.0771553367376328 0.0630073398351669 0.0687537118792534 0.0626249983906746 0.0569831468164921 0.0813799425959587 0.068877749145031 0.0850010067224503 0.0629250332713127 0.0599916242063046 0.0567817687988281 0.0730717033147812 0.121957369148731 0.0727043077349663 0.0971166342496872 0.0365698747336864 0.0483125373721123 0.0854548737406731 0.0909823179244995 0.059277318418026 0.0710648223757744 0.0977575778961182 0.108595132827759 0.0926212817430496 0.127220079302788 0.151816412806511 0.153852194547653
0.0531586706638336 0.0363514348864555 0.0688077881932259 0.0957170948386192 0.0673184543848038 0.0701390579342842 0.061302550137043 0.0297500248998404 0.0341131277382374 0.0238006673753262 0.0257219225168228 0.0117842722684145 0.0219405498355627 0.0560223311185837 0.075905904173851 0.0735707655549049 0.0644308924674988 0.0746369138360023 0.07560795545578 0.0807732418179512 0.0777465030550957 0.0838041454553604 0.0600294545292854 0.0619991198182106 0.0533336699008942 0.0496948137879372 0.0656648129224777 0.0777991563081741 0.0935925394296646 0.0723262280225754 0.0725114867091179 0.0926538556814194 0.0471326634287834 0.0361486002802849 0.0817082896828651 0.0626147389411926 0.0331334061920643 0.0361162759363651 0.072640486061573 0.106550469994545 0.0815894231200218 0.0675273388624191 0.070611298084259 0.113946877419949
0.0805631428956985 0.0486792027950287 0.076396144926548 0.101504400372505 0.0961141884326935 0.0775405764579773 0.0552945137023926 0.0466864965856075 0.0520128421485424 0.0489867106080055 0.0287179928272963 0.025022704154253 0.0353397689759731 0.0515402294695377 0.0760607719421387 0.0658100843429565 0.0812922641634941 0.0835283696651459 0.0789370760321617 0.065928541123867 0.0650905668735504 0.077197290956974 0.0696378946304321 0.0707272887229919 0.071564182639122 0.0666741356253624 0.0514662638306618 0.0470786020159721 0.0563762672245502 0.0370378568768501 0.0490314625203609 0.0548168122768402 0.0450955778360367 0.0323482379317284 0.0685496255755424 0.0498690195381641 0.0317205265164375 0.0421317666769028 0.0523953177034855 0.0548164322972298 0.0537976883351803 0.0603361837565899 0.0952581316232681 0.0989675223827362
0.0643463507294655 0.0465551353991032 0.0472987405955791 0.0480016991496086 0.0735222548246384 0.0537908561527729 0.0430884584784508 0.0547396317124367 0.0520578548312187 0.0508891828358173 0.032056886702776 0.0271979179233313 0.034586314111948 0.0506931655108929 0.0755234882235527 0.0776604562997818 0.0777969062328339 0.0789643451571465 0.0688700079917908 0.0764619335532188 0.0772796720266342 0.0709005296230316 0.071032889187336 0.0665738880634308 0.0538863465189934 0.0473717749118805 0.0520882569253445 0.0571889355778694 0.0542133972048759 0.0516069307923317 0.0413296148180962 0.040175274014473 0.0197079293429852 0.0405764989554882 0.0685974359512329 0.0453911647200584 0.0508757457137108 0.0582452900707722 0.0512332767248154 0.0457926131784916 0.0400867834687233 0.0472869463264942 0.0535517372190952 0.0552135966718197
0.0471052005887032 0.0439461171627045 0.0281124226748943 0.0412910468876362 0.0575174354016781 0.0329652354121208 0.0259583294391632 0.0610348023474216 0.0576427318155766 0.038006778806448 0.0279926471412182 0.0278241205960512 0.0367883443832397 0.0428190641105175 0.0661152824759483 0.0605683475732803 0.0438520647585392 0.0448805503547192 0.0579848960042 0.0595972798764706 0.0494319349527359 0.0479909889400005 0.0539447218179703 0.0494309216737747 0.0430090352892876 0.0510578714311123 0.0587740913033485 0.0591490343213081 0.0704638436436653 0.0677604973316193 0.0368279851973057 0.036499485373497 0.0453946627676487 0.0586405582726002 0.0500460863113403 0.0372295677661896 0.0482916571199894 0.0598415434360504 0.0553915500640869 0.0489084422588348 0.0408329255878925 0.0622439086437225 0.0557609014213085 0.0427649430930614
0.0550912618637085 0.0510518662631512 0.0496873706579208 0.0466471947729588 0.0411784239113331 0.0459003187716007 0.0310262497514486 0.0674479231238365 0.0390739254653454 0.0326407067477703 0.0333248227834702 0.0432267524302006 0.0441812872886658 0.0346836745738983 0.0424581207334995 0.0382839776575565 0.0309541448950768 0.0294350311160088 0.0439471155405045 0.0424225181341171 0.0364149063825607 0.0344396941363811 0.0276824925094843 0.0264124646782875 0.0254195928573608 0.0404746122658253 0.0594418607652187 0.0611032135784626 0.0650502741336823 0.0680016204714775 0.0401999056339264 0.0558190979063511 0.070449061691761 0.056395161896944 0.0497144646942616 0.0380525439977646 0.0427928827702999 0.0521509163081646 0.0722370967268944 0.0879819467663765 0.0783986002206802 0.0653075203299522 0.0935455784201622 0.0723571851849556
0.0592858903110027 0.0595471784472466 0.0460425727069378 0.0346900261938572 0.0548048093914986 0.0556402914226055 0.0511346831917763 0.064908929169178 0.0384682416915894 0.0390417836606503 0.0344649665057659 0.0455564819276333 0.0394675433635712 0.0409216359257698 0.0407577827572823 0.0389117710292339 0.0289127752184868 0.0372783020138741 0.0395589023828506 0.0351870656013489 0.0364696271717548 0.0269994605332613 0.0195853654295206 0.0237213112413883 0.0399686731398106 0.0424140095710754 0.0443138107657433 0.0391437523066998 0.044836699962616 0.0548982098698616 0.0585290677845478 0.0689679458737373 0.0775618106126785 0.0826113894581795 0.0736151561141014 0.0597186051309109 0.0733334273099899 0.0725432708859444 0.0631699338555336 0.0561997555196285 0.0619999170303345 0.10916730761528 0.128724649548531 0.155785262584686
0.0573901161551476 0.0615782178938389 0.0451424047350883 0.0580581463873386 0.066275954246521 0.0375024750828743 0.0450083687901497 0.0627859756350517 0.0544910579919815 0.0291762184351683 0.0207457318902016 0.030908664688468 0.0284471698105335 0.0297283306717873 0.0339146703481674 0.0302197802811861 0.0229969620704651 0.0367756001651287 0.0540152303874493 0.0656632035970688 0.0773165971040726 0.0410396493971348 0.0229432452470064 0.0450454428792 0.0521130375564098 0.0821418538689613 0.0821971967816353 0.0457194596529007 0.0526838526129723 0.0672702640295029 0.0554511249065399 0.0440062880516052 0.0489661991596222 0.0637406855821609 0.084929533302784 0.0917456522583961 0.0972574129700661 0.0876237377524376 0.0903374031186104 0.100045293569565 0.0822205767035484 0.0581658557057381 0.0515476353466511 0.0963018760085106
0.126495122909546 0.125071734189987 0.0641630962491035 0.0568236783146858 0.048933457583189 0.0535245873034 0.0490326844155788 0.0554038360714912 0.0333053097128868 0.0321930721402168 0.0149234794080257 0.0284919291734695 0.0269001759588718 0.031515546143055 0.0464571043848991 0.0538951307535172 0.0683445706963539 0.0752948671579361 0.0931562334299088 0.10644043982029 0.106508903205395 0.0527239255607128 0.0191696137189865 0.073602482676506 0.0673871859908104 0.0959471464157104 0.0873671621084213 0.0532409213483334 0.0564776621758938 0.0650326609611511 0.0643760710954666 0.034058790653944 0.0639167428016663 0.0660554468631744 0.0855995118618011 0.0868151783943176 0.0939045250415802 0.104580417275429 0.110478952527046 0.0950609222054482 0.0920550152659416 0.124725542962551 0.079509861767292 0.105782613158226
0.169577211141586 0.16687636077404 0.134028539061546 0.128508388996124 0.123089008033276 0.0989768356084824 0.0651171207427979 0.0437450669705868 0.0316658616065979 0.0289322640746832 0.0219312105327845 0.0248045362532139 0.0150205241516232 0.0260675884783268 0.0537226609885693 0.0353796593844891 0.0197355188429356 0.0428162030875683 0.0471879504621029 0.0735578015446663 0.123983964323997 0.0750841125845909 0.0540649183094501 0.131727918982506 0.120204038918018 0.0820656418800354 0.0655108243227005 0.0410124622285366 0.0599478594958782 0.0781105011701584 0.0821610018610954 0.0439784824848175 0.0715616345405579 0.0505130663514137 0.0470944158732891 0.049878615885973 0.0698413029313087 0.0752940475940704 0.0958195999264717 0.0876094326376915 0.122740715742111 0.152770817279816 0.158617794513702 0.173552811145782
0.148186326026917 0.1643026471138 0.160990551114082 0.113834492862225 0.10747030377388 0.0874582752585411 0.0627081990242004 0.0609422028064728 0.0348683409392834 0.0436337739229202 0.0441790297627449 0.0358098931610584 0.0212486479431391 0.0380630269646645 0.0678035989403725 0.0400809347629547 0.0207782424986362 0.0587494485080242 0.107452362775803 0.134882584214211 0.18358901143074 0.44542795419693 0.111554056406021 0.20515550673008 0.113087117671967 0.060222502797842 0.0406473390758038 0.0493380129337311 0.0469280034303665 0.06381805986166 0.0985747203230858 0.0324764102697372 0.0723062306642532 0.0559730418026447 0.0594044625759125 0.0855948030948639 0.110707305371761 0.128098636865616 0.140973791480064 0.131731018424034 0.118586800992489 0.0528403483331203 0.0484340749680996 0.0738532319664955
0.161492720246315 0.175933837890625 0.149629518389702 0.081229954957962 0.166491851210594 0.211965456604958 0.139148622751236 0.102789871394634 0.105925187468529 0.103001020848751 0.139121368527412 0.103482462465763 0.0830156728625298 0.0764860957860947 0.0429472737014294 0.0632344931364059 0.0601480677723885 0.0705493837594986 0.0679394826292992 0.0619948580861092 0.133431732654572 0.21635314822197 0.511117219924927 0.138399243354797 0.082539014518261 0.104389004409313 0.0364074520766735 0.0426204986870289 0.0626348257064819 0.0674282088875771 0.110939025878906 0.0454556941986084 0.0828203707933426 0.0867676958441734 0.0684450790286064 0.0655414685606956 0.0756544917821884 0.101288162171841 0.108865305781364 0.0488314479589462 0.0837117359042168 0.0606678128242493 0.127218633890152 0.124238520860672
0.182321235537529 0.188171729445457 0.120042763650417 0.148621782660484 0.185689240694046 0.331347525119781 0.18273888528347 0.139081090688705 0.203116714954376 0.205206111073494 0.247026994824409 0.178075224161148 0.110040225088596 0.0833193585276604 0.0512912236154079 0.0511711724102497 0.0478395223617554 0.0456524677574635 0.0329427868127823 0.0600507110357285 0.113537967205048 0.435222089290619 0.593690752983093 0.185122713446617 0.0710305944085121 0.0653128549456596 0.0496391132473946 0.0675136595964432 0.072115533053875 0.105337738990784 0.148243114352226 0.0798148661851883 0.108075328171253 0.0933256074786186 0.0633602440357208 0.0665756538510323 0.0874103531241417 0.107656888663769 0.0705551281571388 0.0440772548317909 0.0819609686732292 0.0590211376547813 0.128696262836456 0.543065011501312
0.185791686177254 0.173370152711868 0.182037860155106 0.235153660178185 0.211344882845879 0.345247864723206 0.416087985038757 0.159316852688789 0.218025580048561 0.356486439704895 0.175514593720436 0.170773401856422 0.10056533664465 0.117989666759968 0.129937157034874 0.136961355805397 0.143527537584305 0.0870313420891762 0.0693868324160576 0.113883160054684 0.136453717947006 0.508727073669434 0.892969071865082 0.441708594560623 0.135262906551361 0.17755138874054 0.0863196402788162 0.0892530754208565 0.0941257923841476 0.138748943805695 0.202367693185806 0.126053631305695 0.132499307394028 0.0884491577744484 0.0720374584197998 0.0705842077732086 0.0533960089087486 0.0816491320729256 0.0878278985619545 0.0747101604938507 0.100926645100117 0.171402469277382 0.166895315051079 0.513321399688721
0.121889725327492 0.143614038825035 0.256956905126572 0.214308008551598 0.455626636743546 0.93093878030777 0.494182109832764 0.237026855349541 0.264428645372391 0.829942047595978 0.379390150308609 0.141804248094559 0.112784117460251 0.157084599137306 0.278939098119736 0.192826479673386 0.307427406311035 0.245102450251579 0.252199709415436 0.316206455230713 0.4571313560009 0.86030375957489 0.952027380466461 0.528098702430725 0.486340582370758 0.432829141616821 0.449803799390793 0.168127566576004 0.116670556366444 0.21380203962326 0.60521000623703 0.128717318177223 0.118561521172523 0.122729770839214 0.106439061462879 0.0851729363203049 0.0577366426587105 0.10640899091959 0.0886057615280151 0.111736744642258 0.227576553821564 0.428108662366867 0.551036417484283 0.840418756008148
0.157915383577347 0.187019005417824 0.189512938261032 0.186488926410675 0.380867630243301 0.975012600421906 0.857245445251465 0.420176208019257 0.718678891658783 0.94975346326828 0.582339704036713 0.258841305971146 0.254822283983231 0.255867481231689 0.466568022966385 0.356535017490387 0.303039014339447 0.498464584350586 0.344420522451401 0.385028004646301 0.656036257743835 0.961936116218567 0.942968249320984 0.918077886104584 0.946211874485016 0.634858310222626 0.937253892421722 0.46922355890274 0.420234769582748 0.865870952606201 0.468624800443649 0.138094052672386 0.179750323295593 0.11626897752285 0.126958698034286 0.131209701299667 0.177891358733177 0.133764103055 0.161964133381844 0.760872483253479 0.724462568759918 0.811514914035797 0.879960656166077 0.85746157169342
0.28240904211998 0.209359660744667 0.220493033528328 0.272287786006927 0.371006458997726 0.973217785358429 0.988341629505157 0.981615245342255 0.985655248165131 0.954994320869446 0.427281200885773 0.807888627052307 0.379175424575806 0.451762467622757 0.939093232154846 0.549563467502594 0.585797905921936 0.882283806800842 0.54819518327713 0.690587520599365 0.641858041286469 0.96166455745697 0.930298149585724 0.925885081291199 0.961466908454895 0.954686343669891 0.946686804294586 0.951137244701385 0.524084806442261 0.933693766593933 0.558524191379547 0.379824072122574 0.412635952234268 0.547697186470032 0.405102342367172 0.401808142662048 0.306355535984039 0.226770892739296 0.34456604719162 0.825518310070038 0.868950247764587 0.820204377174377 0.889378607273102 0.888730585575104
