data/climate_estimation/maxent_output/Notholirion_macrophyllum.asc
NCOLS 238 
NROWS 18 
XLLCORNER 81.9166666666667 
YLLCORNER 27.6666666666667 
CELLSIZE 0.0833333333333333 
NODATA_value -3.4e+38 
[rows 0 to 17 of 18, columns 44 to 87 of 238]
0.130156025290489 0.165070623159409 0.146314889192581 0.130567073822021 0.174056097865105 0.121226578950882 0.113381780683994 0.0851054340600967 0.0753544494509697 0.0489361360669136 0.0547008104622364 0.0662733688950539 0.107087783515453 0.0774696469306946 0.0446762442588806 0.0382320322096348 0.0476705282926559 0.0443967916071415 0.052819337695837 0.111682832241058 0.0438669770956039 0.11370562762022 0.160897076129913 0.20833332836628 0.356286108493805 0.353400409221649 0.175605818629265 0.137772783637047 0.122032262384892 0.178362935781479 0.182428166270256 0.169604659080505 0.0417413674294949 0.210125029087067 0.260735958814621 0.111950792372227 0.106939770281315 0.149510636925697 0.124657742679119 0.113142140209675 0.122902259230614 0.115792654454708 0.076278068125248 0.0909290239214897
0.20142874121666 0.170007765293121 0.14957620203495 0.15532198548317 0.16934110224247 0.0790874138474464 0.0605507716536522 0.080794021487236 0.0853946208953857 0.142320528626442 0.0656974390149117 0.0616226568818092 0.0644704177975655 0.070383220911026 0.028070168569684 0.0375736579298973 0.0320257395505905 0.0270209107547998 0.0232131592929363 0.0243857000023127 0.0244474969804287 0.0227209515869617 0.0351292565464973 0.0756688714027405 0.15704944729805 0.19625324010849 0.213406309485435 0.247389525175095 0.143811076879501 0.12802591919899 0.11940710246563 0.122847609221935 0.10201071202755 0.189648047089577 0.281004756689072 0.236677795648575 0.0744095891714096 0.107470661401749 0.069042406976223 0.0826346352696419 0.0709134340286255 0.0481355972588062 0.0600425563752651 0.114891141653061
0.223508238792419 0.1142473295331 0.064987488090992 0.0980020016431808 0.0687018111348152 0.0660377144813538 0.0707719400525093 0.127859070897102 0.158870965242386 0.213489696383476 0.111763574182987 0.0645552724599838 0.0772893130779266 0.074017345905304 0.034777544438839 0.032115526497364 0.0302841104567051 0.0270819347351789 0.0216589532792568 0.0228929836302996 0.0236621610820293 0.0400190725922585 0.0255397949367762 0.0637182742357254 0.135505303740501 0.10970950871706 0.0900834947824478 0.107939556241035 0.156343281269073 0.105815038084984 0.0999069362878799 0.104022927582264 0.123638212680817 0.189078092575073 0.171759217977524 0.184947729110718 0.0605386942625046 0.0595722533762455 0.0597091764211655 0.0508929416537285 0.0504619106650352 0.0583864785730839 0.0710112079977989 0.106681846082211
0.273728966712952 0.14815166592598 0.152765184640884 0.167376816272736 0.0811294764280319 0.0787036120891571 0.133211314678192 0.170158922672272 0.196139276027679 0.24369603395462 0.172346636652946 0.0658598989248276 0.0629508197307587 0.0804995521903038 0.0698875337839127 0.0348372645676136 0.0311391167342663 0.0294890683144331 0.0520181320607662 0.0289829969406128 0.0276783592998981 0.0278126951307058 0.0482757650315762 0.0482263341546059 0.0591689832508564 0.0778180956840515 0.0995631217956543 0.119859673082829 0.146934419870377 0.137303337454796 0.0948796644806862 0.0642741918563843 0.0467686615884304 0.102456316351891 0.101788640022278 0.162578344345093 0.10065608471632 0.0599067248404026 0.0659259483218193 0.0598968379199505 0.0575124993920326 0.0499536246061325 0.0831997692584991 0.0644866153597832
0.309610217809677 0.283881634473801 0.273475497961044 0.256806164979935 0.191739782691002 0.133748605847359 0.178025722503662 0.210071191191673 0.239795655012131 0.299949318170547 0.164374962449074 0.0641816630959511 0.113143533468246 0.165684223175049 0.137533694505692 0.0479383058845997 0.0391515605151653 0.0444612242281437 0.0372814349830151 0.0459246635437012 0.0419249311089516 0.0515842735767365 0.0354902558028698 0.0400396250188351 0.0308769308030605 0.0372241102159023 0.0990298017859459 0.141583755612373 0.0840578824281693 0.0574620775878429 0.043303120881319 0.068917453289032 0.0340193286538124 0.054954968392849 0.0572059825062752 0.104542143642902 0.0794568732380867 0.0938412249088287 0.0645986422896385 0.0528824664652348 0.0480347350239754 0.037677638232708 0.0621235370635986 0.0463735945522785
0.304972678422928 0.27810937166214 0.297032594680786 0.288552552461624 0.241237819194794 0.169199988245964 0.22347566485405 0.158574491739273 0.168448850512505 0.295191526412964 0.253406375646591 0.118212722241879 0.234263524413109 0.173638552427292 0.127364829182625 0.129884645342827 0.0629666969180107 0.0619065426290035 0.0569339357316494 0.121865451335907 0.0872614160180092 0.0477707497775555 0.0449362620711327 0.0575275681912899 0.0471584014594555 0.0756519138813019 0.14081098139286 0.130177095532417 0.0631412416696548 0.0612329430878162 0.0485799163579941 0.0577268861234188 0.042763389647007 0.0488708093762398 0.0534115619957447 0.066966712474823 0.0871882140636444 0.0903889089822769 0.108628027141094 0.0859974175691605 0.0590245351195335 0.0456436760723591 0.0463934391736984 0.0410327203571796
0.228784888982773 0.249747052788734 0.191490486264229 0.259757399559021 0.273222386837006 0.266501069068909 0.206451594829559 0.133068293333054 0.133838161826134 0.193904221057892 0.269125193357468 0.250944703817368 0.299071788787842 0.243048921227455 0.217071533203125 0.181779637932777 0.162529498338699 0.155555948615074 0.157722264528275 0.146309465169907 0.165204524993896 0.156844109296799 0.197488769888878 0.210901096463203 0.132047712802887 0.16284953057766 0.183339342474937 0.327151298522949 0.218152225017548 0.126058101654053 0.126068815588951 0.105173580348492 0.0602728985249996 0.0533337444067001 0.0599688738584518 0.0927264094352722 0.121988371014595 0.0610022246837616 0.0785879269242287 0.079149417579174 0.0908374935388565 0.058376457542181 0.0609539300203323 0.0576292872428894
0.146727919578552 0.169128566980362 0.175061106681824 0.156722947955132 0.149115428328514 0.222825199365616 0.205098643898964 0.171584770083427 0.113831155002117 0.140132397413254 0.259832382202148 0.361145108938217 0.327846854925156 0.19469141960144 0.133299723267555 0.170809209346771 0.160835191607475 0.142616376280785 0.131926029920578 0.117187567055225 0.107592023909092 0.176317036151886 0.387763142585754 0.344255000352859 0.188465610146523 0.35967156291008 0.393739879131317 0.325404703617096 0.203800246119499 0.222483187913895 0.223893210291862 0.151192113757133 0.135544344782829 0.129165440797806 0.139475852251053 0.121094696223736 0.137559577822685 0.0577159449458122 0.0600744932889938 0.0554141625761986 0.0780157670378685 0.0894159600138664 0.0555352866649628 0.0516831427812576
0.135995909571648 0.124315440654755 0.089132159948349 0.132401466369629 0.238479971885681 0.213833838701248 0.319173783063889 0.213230133056641 0.114602982997894 0.110368430614471 0.220141485333443 0.269678503274918 0.316618114709854 0.215109527111053 0.156346037983894 0.166457667946815 0.203560471534729 0.211805090308189 0.173441976308823 0.127145290374756 0.0705180168151855 0.128030344843864 0.217216029763222 0.195040434598923 0.431629002094269 0.353441566228867 0.412339806556702 0.388899296522141 0.217547789216042 0.165727511048317 0.172931596636772 0.222976624965668 0.227683901786804 0.210068538784981 0.172185957431793 0.151115298271179 0.158734485507011 0.109221629798412 0.0835317373275757 0.067680262029171 0.079858161509037 0.120595306158066 0.116663746535778 0.055195115506649
0.269097298383713 0.0833679512143135 0.0517800189554691 0.163862884044647 0.374494314193726 0.37395840883255 0.371052384376526 0.14510789513588 0.0711313262581825 0.0642586499452591 0.0601627938449383 0.15233002603054 0.252962827682495 0.160424157977104 0.13904082775116 0.20099364221096 0.27758926153183 0.251645088195801 0.27516034245491 0.232889741659164 0.170086249709129 0.130488976836205 0.162005990743637 0.285621404647827 0.246175616979599 0.101796820759773 0.477824449539185 0.358227580785751 0.157195553183556 0.158632546663284 0.199942037463188 0.224114716053009 0.219977498054504 0.214412346482277 0.201342508196831 0.181421786546707 0.161316215991974 0.11753237247467 0.102738320827484 0.0933846011757851 0.0990144982933998 0.120602369308472 0.128232255578041 0.135665476322174
0.273733109235764 0.272299647331238 0.198188424110413 0.223913118243217 0.243676915764809 0.663026988506317 0.160685062408447 0.0964262932538986 0.0905100405216217 0.0457624867558479 0.0914389342069626 0.122190661728382 0.169594272971153 0.095215380191803 0.183089047670364 0.248917490243912 0.245616942644119 0.181826502084732 0.105060666799545 0.126466229557991 0.230259582400322 0.655454576015472 0.262402415275574 0.0973813608288765 0.061588354408741 0.12362302094698 0.440659552812576 0.447996646165848 0.121516115963459 0.183196812868118 0.358076125383377 0.36284938454628 0.254939079284668 0.249786093831062 0.219064518809319 0.166729137301445 0.123961053788662 0.141313925385475 0.142468437552452 0.130474016070366 0.123591020703316 0.125295877456665 0.143104195594788 0.1629409044981
0.662421882152557 0.421557992696762 0.267510414123535 0.576557636260986 0.769084095954895 0.431667000055313 0.24430276453495 0.202987104654312 0.228219717741013 0.163294941186905 0.23823444545269 0.13640795648098 0.101053111255169 0.0359181873500347 0.11866670101881 0.0970854461193085 0.128140419721603 0.114875376224518 0.165808215737343 0.197939813137054 0.255916565656662 0.691497445106506 0.104603931307793 0.102761581540108 0.0534407719969749 0.329159647226334 0.452848106622696 0.353651821613312 0.383964836597443 0.427202463150024 0.392217636108398 0.353116095066071 0.239050060510635 0.227696254849434 0.194603219628334 0.177663788199425 0.132810160517693 0.127740696072578 0.1415805965662 0.125755414366722 0.113870821893215 0.145022511482239 0.14418913424015 0.136565864086151
0.741328001022339 0.771176159381866 0.880806028842926 0.495319724082947 0.902843356132507 0.697077631950378 0.604646921157837 0.475963562726974 0.3068987429142 0.684904515743256 0.376406162977219 0.15913887321949 0.0451772697269917 0.029405465349555 0.0441509149968624 0.0776402875781059 0.0317803621292114 0.0602184124290943 0.143095970153809 0.191960155963898 0.590732216835022 0.701908588409424 0.193000793457031 0.172810018062592 0.11210235953331 0.203591823577881 0.153240099549294 0.140204608440399 0.293345093727112 0.301543265581131 0.302592426538467 0.203588858246803 0.192794173955917 0.168236255645752 0.1416395008564 0.125460788607597 0.120262175798416 0.118486426770687 0.122062191367149 0.121458873152733 0.134624779224396 0.129536777734756 0.129232048988342 0.120622508227825
0.999985039234161 0.999905347824097 0.999984979629517 0.94732540845871 0.998989284038544 0.850696980953217 0.811539471149445 0.961875915527344 0.97903311252594 0.844529747962952 0.29413691163063 0.177871823310852 0.13092528283596 0.150193333625793 0.0657408311963081 0.0635336190462112 0.0340462513267994 0.0677660927176476 0.188102945685387 0.261020690202713 0.665564835071564 0.877595484256744 0.492854356765747 0.25884735584259 0.137175366282463 0.314261198043823 0.123331569135189 0.0579303577542305 0.108988285064697 0.0684622004628181 0.0810324773192406 0.117936201393604 0.120760411024094 0.108332015573978 0.1153968796134 0.0702036619186401 0.12775544822216 0.110638462007046 0.0994540899991989 0.0882764086127281 0.111194960772991 0.128234162926674 0.15102943778038 0.163499683141708
0.997714340686798 0.999978125095367 0.999936759471893 0.999989986419678 0.999988317489624 0.999179601669312 0.881945610046387 0.999971687793732 0.854018568992615 0.53348582983017 0.257522255182266 0.210008829832077 0.348607778549194 0.326606929302216 0.244044750928879 0.0914614349603653 0.0638410001993179 0.104778490960598 0.418070316314697 0.867494642734528 0.613174796104431 0.978104591369629 0.82212370634079 0.533902108669281 0.385424703359604 0.273068517446518 0.110208198428154 0.0695280507206917 0.0923979803919792 0.0576390959322453 0.0531915910542011 0.0659850463271141 0.0859566256403923 0.116813205182552 0.161647692322731 0.164037704467773 0.13286979496479 0.10872495174408 0.0802296176552773 0.0491416715085506 0.119262397289276 0.156211167573929 0.16676589846611 0.177924856543541
0.908852338790894 0.999683976173401 0.990720808506012 0.998185813426971 0.999990105628967 0.999961674213409 0.999993205070496 0.999937832355499 0.9999880194664 0.89775013923645 0.533231019973755 0.260813921689987 0.824383735656738 0.785603046417236 0.833383798599243 0.366623610258102 0.17615120112896 0.128200188279152 0.20591327548027 0.770362794399261 0.965658962726593 0.993654012680054 0.988079190254211 0.649624943733215 0.379830092191696 0.234258130192757 0.209185972809792 0.220037788152695 0.118295557796955 0.0915207415819168 0.0476215295493603 0.116972833871841 0.206929475069046 0.282136172056198 0.283041089773178 0.426482737064362 0.149184539914131 0.193642422556877 0.135157227516174 0.108036726713181 0.162783563137054 0.172620728611946 0.185745760798454 0.180214568972588
0.556581974029541 0.7143434882164 0.835621297359467 0.939846634864807 0.998372077941895 0.999998927116394 0.994195222854614 0.959250569343567 0.999990344047546 0.988796472549438 0.654302835464478 0.447419464588165 0.714540123939514 0.999353289604187 0.666587650775909 0.283935189247131 0.255655199289322 0.29042175412178 0.579968154430389 0.799122869968414 0.995415508747101 0.9864741563797 0.946144461631775 0.912367939949036 0.405489146709442 0.426083087921143 0.305357187986374 0.474082857370377 0.213681623339653 0.235289245843887 0.126890137791634 0.0912680402398109 0.1756262332201 0.352220624685287 0.46628013253212 0.580854594707489 0.345889717340469 0.400435119867325 0.359765738248825 0.174408197402954 0.208098247647285 0.200155630707741 0.197497621178627 0.16513380408287
0.218436256051064 0.394535630941391 0.596209228038788 0.950382173061371 0.99997740983963 0.997535765171051 0.778445720672607 0.998239159584045 0.999997019767761 0.999965846538544 0.999979257583618 0.917519509792328 0.874571621417999 0.999756991863251 0.912315845489502 0.479692697525024 0.72747004032135 0.916729331016541 0.980725944042206 0.995005488395691 0.966423630714417 0.52993106842041 0.964673578739166 0.784806072711945 0.457039713859558 0.688317656517029 0.881166815757751 0.605571568012238 0.511799693107605 0.199544295668602 0.0453382804989815 0.127174690365791 0.30727082490921 0.363690078258514 0.449893981218338 0.800974726676941 0.751505017280579 0.545552790164948 0.470627874135971 0.214071556925774 0.253429740667343 0.208954766392708 0.223799392580986 0.206172466278076
