data/climate_estimation/maxent_output/Notholirion_bulbuliferum.asc
NCOLS 286 
NROWS 106 
XLLCORNER 84.75 
YLLCORNER 25.3333333333333 
CELLSIZE 0.0833333333333333 
NODATA_value -3.4e+38 
[rows 76 to 94 of 106, columns 220 to 263 of 286]
0.960867941379547 0.954807698726654 0.943708837032318 0.926790833473206 0.562259674072266 0.828552186489105 0.883389830589294 0.723053395748138 0.704504787921906 0.4953233897686 0.609416365623474 0.473075270652771 0.612477779388428 0.672956526279449 0.682052552700043 0.582969725131989 0.309622347354889 0.208913430571556 0.225912481546402 0.264586299657822 0.264515548944473 0.317005306482315 0.334575533866882 0.229694277048111 0.224660322070122 0.176880717277527 0.184445738792419 0.163583308458328 0.136648312211037 0.133079037070274 0.161489263176918 0.107298739254475 0.10006969422102 0.0902022048830986 0.0728477910161018 0.0506624989211559 0.0521206334233284 0.0519090369343758 0.0454203002154827 0.0460581034421921 0.0728869512677193 0.057537168264389 0.0666669458150864 0.0601859204471111
0.959778547286987 0.942895710468292 0.828971385955811 0.494134366512299 0.862807512283325 0.939682424068451 0.927446246147156 0.858066022396088 0.870572865009308 0.7429039478302 0.71264660358429 0.515718758106232 0.669790029525757 0.702851712703705 0.679312288761139 0.503811478614807 0.42345067858696 0.403762340545654 0.257260650396347 0.197817578911781 0.369712591171265 0.406549274921417 0.314366281032562 0.25771763920784 0.24795800447464 0.217479512095451 0.152299493551254 0.191170066595078 0.211563870310783 0.12331760674715 0.0880535468459129 0.0789396986365318 0.0815585106611252 0.0639277622103691 0.0591977648437023 0.0584673099219799 0.064808689057827 0.0542013645172119 0.0663198009133339 0.0556909926235676 0.0795335099101067 0.0618225708603859 0.0687621906399727 0.0623180195689201
0.944454789161682 0.795432567596436 0.59670752286911 0.937733232975006 0.956002354621887 0.92606258392334 0.934178829193115 0.888437509536743 0.866074979305267 0.858921945095062 0.79908162355423 0.417534470558167 0.628074049949646 0.646592795848846 0.70646733045578 0.634361982345581 0.553155183792114 0.48936265707016 0.368046998977661 0.406941682100296 0.367025166749954 0.422465443611145 0.3348368704319 0.318731695413589 0.326057493686676 0.254033803939819 0.216954961419106 0.233610183000565 0.195899605751038 0.138921603560448 0.102671511471272 0.136764749884605 0.101530060172081 0.0985965058207512 0.0727905035018921 0.0860074013471603 0.071761466562748 0.0662301480770111 0.0640952363610268 0.0677171349525452 0.0767979249358177 0.0693031176924706 0.0601780638098717 0.0509092696011066
0.889828383922577 0.526522159576416 0.869062304496765 0.963861584663391 0.957645773887634 0.92067962884903 0.922852456569672 0.880816042423248 0.914114415645599 0.870546042919159 0.680345714092255 0.620402157306671 0.580726683139801 0.645015716552734 0.695928990840912 0.740732252597809 0.674994647502899 0.537491202354431 0.492188215255737 0.451467990875244 0.480454951524734 0.449435323476791 0.419189006090164 0.383830815553665 0.327314764261246 0.282422035932541 0.275112926959991 0.227061316370964 0.168008655309677 0.157511115074158 0.170568615198135 0.190701439976692 0.109147593379021 0.161243945360184 0.098826952278614 0.0942260399460793 0.0973217412829399 0.0797809436917305 0.0702837854623795 0.067626565694809 0.0563028752803802 0.0539738088846207 0.0526172518730164 0.0486076660454273
0.665959894657135 0.92674595117569 0.954371392726898 0.9607053399086 0.912723898887634 0.911221504211426 0.895597398281097 0.891271531581879 0.919091105461121 0.867506980895996 0.778211653232574 0.705018818378448 0.746267974376678 0.797211229801178 0.790589272975922 0.776960670948029 0.709770739078522 0.608558058738708 0.539028942584991 0.493761360645294 0.51265275478363 0.477852791547775 0.4417664706707 0.436567723751068 0.336832046508789 0.348302990198135 0.319135218858719 0.278719931840897 0.220301151275635 0.226892203092575 0.240628510713577 0.234361037611961 0.142693266272545 0.202403530478477 0.137694239616394 0.149830460548401 0.115379549562931 0.0716289505362511 0.0678663551807404 0.0630035623908043 0.0551707856357098 0.0567889660596848 0.0507455207407475 0.0442487448453903
0.681266129016876 0.82414036989212 0.947285592556 0.958344042301178 0.941055119037628 0.91827780008316 0.886725127696991 0.872720718383789 0.890141665935516 0.93819522857666 0.850897371768951 0.750173568725586 0.798710286617279 0.796461343765259 0.809978187084198 0.800971210002899 0.707093238830566 0.676315605640411 0.609508037567139 0.570643365383148 0.525887012481689 0.426691800355911 0.421315312385559 0.399843364953995 0.4183030128479 0.3827044069767 0.315982699394226 0.277047753334045 0.263447970151901 0.262536525726318 0.226484954357147 0.250707626342773 0.187433749437332 0.226812228560448 0.193341538310051 0.168566003441811 0.148523733019829 0.0960898920893669 0.0868258699774742 0.0776968523859978 0.0661391615867615 0.0534899234771729 0.0516220554709435 0.0469466634094715
0.939917683601379 0.749324083328247 0.949224293231964 0.963510990142822 0.950193881988525 0.89588862657547 0.878310322761536 0.869015216827393 0.89175021648407 0.910927295684814 0.860241413116455 0.831207990646362 0.795170366764069 0.810576915740967 0.820393621921539 0.790293157100677 0.749499976634979 0.762309670448303 0.688785791397095 0.639726519584656 0.536067724227905 0.431334018707275 0.435711175203323 0.459927260875702 0.460226774215698 0.364971727132797 0.293026268482208 0.250229269266129 0.232500046491623 0.211146652698517 0.221566468477249 0.265226095914841 0.243038699030876 0.243411391973495 0.214003518223763 0.167523473501205 0.121548168361187 0.106364786624908 0.092567004263401 0.119062460958958 0.083294652402401 0.0646365955471992 0.0512985028326511 0.0511346682906151
0.94098037481308 0.723939061164856 0.951639771461487 0.956780672073364 0.91710376739502 0.876627087593079 0.876610279083252 0.890343129634857 0.863980114459991 0.920709073543549 0.879912793636322 0.893422782421112 0.875437140464783 0.812752425670624 0.783941507339478 0.750158786773682 0.748286545276642 0.711091041564941 0.647026836872101 0.569864153862 0.478716194629669 0.427996218204498 0.436876177787781 0.426377505064011 0.41616478562355 0.339235007762909 0.318816930055618 0.230159282684326 0.208628162741661 0.207191810011864 0.255177021026611 0.261828929185867 0.256649285554886 0.235645711421967 0.215229079127312 0.164774671196938 0.113514997065067 0.105319872498512 0.0925258547067642 0.118799701333046 0.0718243271112442 0.0616707019507885 0.055374164134264 0.0540196113288403
0.943260431289673 0.896316409111023 0.820892333984375 0.901956081390381 0.895914435386658 0.911837160587311 0.919152915477753 0.884658634662628 0.88531619310379 0.940297901630402 0.891387403011322 0.896755695343018 0.918686807155609 0.880534887313843 0.778235375881195 0.800904154777527 0.759307146072388 0.691531956195831 0.653406322002411 0.580583572387695 0.539350986480713 0.460884511470795 0.433112055063248 0.390413284301758 0.380746692419052 0.35253494977951 0.361890494823456 0.317552357912064 0.313597172498703 0.223302021622658 0.281466573476791 0.241129741072655 0.223031252622604 0.218847155570984 0.177976489067078 0.147666484117508 0.125629425048828 0.101459920406342 0.102183066308498 0.0834978371858597 0.0787178352475166 0.07576023042202 0.0762781500816345 0.0609369352459908
0.934203684329987 0.937850713729858 0.813629150390625 0.816313862800598 0.906205654144287 0.926840126514435 0.844088554382324 0.840325653553009 0.906826555728912 0.919280529022217 0.897158980369568 0.881741046905518 0.903175532817841 0.872759878635406 0.854693174362183 0.825706839561462 0.764925718307495 0.749322175979614 0.706379115581512 0.703752756118774 0.620526611804962 0.578995227813721 0.459588438272476 0.402094215154648 0.338839054107666 0.311014115810394 0.354690402746201 0.368402183055878 0.362489193677902 0.245935678482056 0.242340341210365 0.200180917978287 0.158894151449203 0.17155522108078 0.147329553961754 0.127965912222862 0.118952482938766 0.114793241024017 0.118547834455967 0.090082585811615 0.0878592431545258 0.0953794494271278 0.0965918898582458 0.0760670825839043
0.927354753017426 0.945989549160004 0.888308048248291 0.923303425312042 0.888657808303833 0.872324228286743 0.894400537014008 0.899450182914734 0.901888489723206 0.935857594013214 0.923449158668518 0.921290457248688 0.918240666389465 0.887704968452454 0.858623504638672 0.86562979221344 0.864565968513489 0.789535105228424 0.77434116601944 0.773919463157654 0.699089825153351 0.619859933853149 0.600317001342773 0.504262804985046 0.402549743652344 0.372461676597595 0.298913776874542 0.289365887641907 0.296176135540009 0.243708774447441 0.196072116494179 0.179099455475807 0.146392151713371 0.140911892056465 0.150082260370255 0.136319249868393 0.13967102766037 0.114745825529099 0.105920292437077 0.0883744955062866 0.0997811630368233 0.0997479632496834 0.101003997027874 0.0943553745746613
0.927564024925232 0.931667625904083 0.928851902484894 0.938275992870331 0.912362456321716 0.878844320774078 0.920819342136383 0.908479511737823 0.90050882101059 0.909878790378571 0.914278328418732 0.924834668636322 0.898931264877319 0.888030707836151 0.881452202796936 0.859141051769257 0.818983495235443 0.8093581199646 0.791200280189514 0.775963723659515 0.672250509262085 0.578031420707703 0.585667073726654 0.482446581125259 0.450084269046783 0.432773023843765 0.379567116498947 0.287216484546661 0.262261241674423 0.24662920832634 0.239641830325127 0.230546161532402 0.178671166300774 0.17235441505909 0.194733023643494 0.185846537351608 0.149029493331909 0.110778748989105 0.106974355876446 0.0962694808840752 0.0987202376127243 0.106446243822575 0.100648656487465 0.0924207642674446
0.877502799034119 0.933207869529724 0.932293355464935 0.932738363742828 0.865017473697662 0.878988683223724 0.909595370292664 0.879875481128693 0.922995567321777 0.904239654541016 0.893513739109039 0.916398882865906 0.899639248847961 0.892220020294189 0.871292531490326 0.86033684015274 0.815487623214722 0.77920013666153 0.682913064956665 0.754443883895874 0.684357285499573 0.546972393989563 0.563512325286865 0.51863157749176 0.516961276531219 0.485144197940826 0.412602335214615 0.320961326360703 0.351780354976654 0.269247144460678 0.288878887891769 0.255846351385117 0.225590854883194 0.172213152050972 0.174758434295654 0.161053895950317 0.146745324134827 0.146019533276558 0.116282276809216 0.112808302044868 0.107257917523384 0.100671038031578 0.11775928735733 0.0979654863476753
0.867898046970367 0.918902814388275 0.927435398101807 0.924120664596558 0.854346692562103 0.85758239030838 0.903721332550049 0.87818443775177 0.893290281295776 0.893294095993042 0.888625919818878 0.901245653629303 0.886382877826691 0.888030767440796 0.831577718257904 0.690813779830933 0.749668478965759 0.825271725654602 0.780099093914032 0.667837083339691 0.652106523513794 0.574264645576477 0.537304282188416 0.51766961812973 0.473560780286789 0.468913435935974 0.473339319229126 0.417527347803116 0.402664631605148 0.37284517288208 0.346009850502014 0.307268500328064 0.235358417034149 0.198935523629189 0.190291166305542 0.187436565756798 0.154081374406815 0.145707577466965 0.134806632995605 0.125577211380005 0.131741210818291 0.103217341005802 0.0971095860004425 0.0941904708743095
0.882802248001099 0.902369201183319 0.91586846113205 0.850216329097748 0.840676367282867 0.863209843635559 0.915057599544525 0.891561210155487 0.863268613815308 0.865111768245697 0.879337251186371 0.875260531902313 0.854471743106842 0.766113817691803 0.774195194244385 0.714062452316284 0.73259449005127 0.724564909934998 0.741874992847443 0.758546888828278 0.630461871623993 0.625158846378326 0.54496443271637 0.568461656570435 0.446131706237793 0.410029619932175 0.441354811191559 0.40893828868866 0.450314551591873 0.404760360717773 0.379774868488312 0.324189603328705 0.262618631124496 0.267801195383072 0.210289523005486 0.201153129339218 0.154034942388535 0.171131163835526 0.142729178071022 0.139762744307518 0.137017756700516 0.108039356768131 0.0908228605985641 0.0839633941650391
0.854277729988098 0.879800915718079 0.889184236526489 0.887673616409302 0.812023460865021 0.857790589332581 0.827546656131744 0.829531669616699 0.80256861448288 0.834355771541595 0.860295236110687 0.82317453622818 0.835455536842346 0.821673035621643 0.838914096355438 0.803302705287933 0.748275876045227 0.682802379131317 0.695090115070343 0.732733190059662 0.670246720314026 0.620977222919464 0.563988983631134 0.571976542472839 0.502772033214569 0.423722773790359 0.423873156309128 0.399510949850082 0.411291807889938 0.38421431183815 0.367026716470718 0.316858112812042 0.318103313446045 0.307504832744598 0.267444103956223 0.215796738862991 0.159897536039352 0.189771428704262 0.170874521136284 0.136929765343666 0.114875465631485 0.112552382051945 0.0931889042258263 0.0919726267457008
0.675622761249542 0.846731245517731 0.855744063854218 0.863426089286804 0.838588297367096 0.86691951751709 0.846374213695526 0.796992123126984 0.802690923213959 0.817821323871613 0.788373410701752 0.794747173786163 0.824226975440979 0.79555082321167 0.828540503978729 0.819415330886841 0.762905895709991 0.754713296890259 0.65919291973114 0.735550701618195 0.687488853931427 0.569896459579468 0.508549273014069 0.526251256465912 0.472919255495071 0.452929675579071 0.393528997898102 0.35015070438385 0.419532150030136 0.392307639122009 0.307368248701096 0.242099240422249 0.279275089502335 0.24680432677269 0.237950563430786 0.200985461473465 0.181225493550301 0.191183939576149 0.157427832484245 0.1364965736866 0.118574216961861 0.109845101833344 0.0984289571642876 0.097100205719471
0.563154280185699 0.827341735363007 0.857730686664581 0.863656342029572 0.855646848678589 0.85479748249054 0.767580032348633 0.748572707176208 0.808116555213928 0.812319338321686 0.787361919879913 0.797196567058563 0.785787224769592 0.796919107437134 0.828335404396057 0.813004434108734 0.776329934597015 0.805420935153961 0.703845918178558 0.49907922744751 0.699703454971313 0.72721529006958 0.479423582553864 0.448936939239502 0.375039130449295 0.468786329030991 0.406467586755753 0.282355040311813 0.312066555023193 0.30174931883812 0.245816960930824 0.228368908166885 0.21857014298439 0.262518405914307 0.250349283218384 0.244426369667053 0.204522892832756 0.199127152562141 0.15216913819313 0.151134505867958 0.138407751917839 0.114211335778236 0.107047230005264 0.0925007462501526
0.48842453956604 0.849873542785645 0.860431253910065 0.832740902900696 0.86886203289032 0.839283585548401 0.76647162437439 0.734306216239929 0.783218085765839 0.741526246070862 0.781341910362244 0.795991659164429 0.757022559642792 0.788880944252014 0.779134333133698 0.791232585906982 0.769255459308624 0.715044677257538 0.693435728549957 0.330065131187439 0.500961065292358 0.625018835067749 0.544589102268219 0.445945590734482 0.338172823190689 0.416321635246277 0.441638469696045 0.296734541654587 0.314095735549927 0.285163283348083 0.269506424665451 0.232990220189095 0.257694035768509 0.292843610048294 0.251205056905746 0.242899775505066 0.215538874268532 0.188944131135941 0.163084924221039 0.160525664687157 0.155333057045937 0.138091698288918 0.111015804111958 0.0944857522845268
