data/climate_estimation/maxent_output/Notholirion_macrophyllum.asc
NCOLS 238 
NROWS 18 
XLLCORNER 81.9166666666667 
YLLCORNER 27.6666666666667 
CELLSIZE 0.0833333333333333 
NODATA_value -3.4e+38 
[rows 0 to 17 of 18, columns 0 to 43 of 238]
0.964270830154419 0.941872239112854 0.962799191474915 0.969287753105164 0.960513591766357 0.946923613548279 0.90775465965271 0.895582795143127 0.885861933231354 0.853708803653717 0.753078281879425 0.797747433185577 0.770520329475403 0.610697150230408 0.668724954128265 0.677256345748901 0.510118067264557 0.577323317527771 0.517919182777405 0.426597684621811 0.330022245645523 0.243250980973244 0.264324605464935 0.505738317966461 0.428443729877472 0.468101620674133 0.449318379163742 0.375677615404129 0.396399974822998 0.404050290584564 0.380673736333847 0.396731168031693 0.376542210578918 0.411127746105194 0.275507092475891 0.332370549440384 0.4167620241642 0.423042148351669 0.431422144174576 0.431098103523254 0.257615745067596 0.204067528247833 0.202258929610252 0.139677569270134
0.96062183380127 0.966894030570984 0.971898376941681 0.943771123886108 0.932937860488892 0.953636467456818 0.914910197257996 0.867671549320221 0.894615948200226 0.823432862758636 0.747799456119537 0.795933187007904 0.804707586765289 0.713699042797089 0.714130520820618 0.652534961700439 0.57165253162384 0.582563757896423 0.527291059494019 0.471445858478546 0.32575649023056 0.329916268587112 0.426709175109863 0.452725380659103 0.410245418548584 0.498096197843552 0.35391241312027 0.311386942863464 0.333197891712189 0.37178298830986 0.394654601812363 0.377373695373535 0.373843491077423 0.429581999778748 0.342559397220612 0.292849451303482 0.305586278438568 0.289220094680786 0.366009920835495 0.368598133325577 0.311034858226776 0.241325631737709 0.21139819920063 0.165490835905075
0.884173214435577 0.962651610374451 0.896543443202972 0.822949767112732 0.719008386135101 0.928258836269379 0.917780101299286 0.796821177005768 0.818287968635559 0.842947006225586 0.834465146064758 0.604861557483673 0.83929169178009 0.775519192218781 0.722832083702087 0.677073538303375 0.576862573623657 0.667404890060425 0.534868657588959 0.481502711772919 0.455554038286209 0.471503615379333 0.527131319046021 0.405905425548553 0.524050295352936 0.495031505823135 0.372760891914368 0.352094024419785 0.334293484687805 0.309196680784225 0.286839097738266 0.332325994968414 0.377817511558533 0.431073158979416 0.426603138446808 0.365722477436066 0.251371920108795 0.237533673644066 0.293162703514099 0.347404032945633 0.333335071802139 0.139853060245514 0.216841042041779 0.24602147936821
0.690378785133362 0.729478240013123 0.717504024505615 0.763476252555847 0.653607249259949 0.861050665378571 0.637363970279694 0.874481976032257 0.936071336269379 0.893219470977783 0.897011339664459 0.843577563762665 0.758767187595367 0.782162964344025 0.775809288024902 0.739940762519836 0.695360600948334 0.713354051113129 0.509798884391785 0.43005433678627 0.603455066680908 0.58078932762146 0.337296605110168 0.57475608587265 0.51825749874115 0.463631153106689 0.257126450538635 0.285809367895126 0.279309630393982 0.206315279006958 0.266103267669678 0.286747515201569 0.39230939745903 0.380158275365829 0.352813541889191 0.358094751834869 0.353764712810516 0.374018579721451 0.472899079322815 0.416692584753036 0.497530430555344 0.31071799993515 0.198877900838852 0.224257320165634
0.540067791938782 0.483983427286148 0.495622724294662 0.62144923210144 0.492203205823898 0.53189343214035 0.845922827720642 0.918119370937347 0.92816436290741 0.881700396537781 0.897200345993042 0.870503604412079 0.848297297954559 0.75456964969635 0.587173044681549 0.544637203216553 0.667204916477203 0.539439618587494 0.536409258842468 0.526503384113312 0.667814671993256 0.401578724384308 0.441079884767532 0.617563545703888 0.438690721988678 0.420893847942352 0.495111167430878 0.474598616361618 0.554177761077881 0.358552008867264 0.187459722161293 0.378362059593201 0.500044226646423 0.477457195520401 0.568805932998657 0.425681293010712 0.494472444057465 0.398984760046005 0.194610297679901 0.339199930429459 0.552554428577423 0.297539204359055 0.181157097220421 0.411119848489761
0.491792649030685 0.426672607660294 0.538181483745575 0.415721774101257 0.460769832134247 0.728488922119141 0.702011942863464 0.890473902225494 0.919380843639374 0.883265733718872 0.894278764724731 0.857790946960449 0.831575512886047 0.838848769664764 0.746205270290375 0.624948024749756 0.240674689412117 0.148202151060104 0.363344490528107 0.581958174705505 0.422251492738724 0.623476445674896 0.60794335603714 0.565884292125702 0.629704177379608 0.557281315326691 0.569746255874634 0.579731822013855 0.563564538955688 0.41941511631012 0.463955909013748 0.362109899520874 0.51266074180603 0.551681876182556 0.604074358940125 0.609369575977325 0.531185328960419 0.348764002323151 0.235937848687172 0.374931067228317 0.557586848735809 0.317228406667709 0.176634773612022 0.382305532693863
0.46307584643364 0.312837153673172 0.351885437965393 0.289042919874191 0.48447647690773 0.535975337028503 0.550400674343109 0.655123710632324 0.721491396427155 0.824560940265656 0.820896089076996 0.779383599758148 0.83154958486557 0.791274905204773 0.819208204746246 0.791016399860382 0.795009791851044 0.795479238033295 0.714370548725128 0.735449075698853 0.692356824874878 0.624158680438995 0.602399826049805 0.367426246404648 0.418495774269104 0.652781784534454 0.631991028785706 0.631288528442383 0.592667996883392 0.667672693729401 0.664874732494354 0.528131604194641 0.62686961889267 0.462662041187286 0.588724851608276 0.516426920890808 0.533327102661133 0.373447448015213 0.481361418962479 0.430995106697083 0.558474361896515 0.211398020386696 0.19312995672226 0.195089414715767
0.425970524549484 0.332635074853897 0.525882065296173 0.474036663770676 0.568881928920746 0.705735087394714 0.744439959526062 0.802817225456238 0.807355225086212 0.815338134765625 0.884507775306702 0.838004767894745 0.858186900615692 0.836301922798157 0.77049708366394 0.73513925075531 0.854683220386505 0.890203475952148 0.795508861541748 0.899922966957092 0.948090732097626 0.958570241928101 0.70412015914917 0.719918668270111 0.660351276397705 0.64567369222641 0.272639334201813 0.620234906673431 0.66416472196579 0.910502135753632 0.681958973407745 0.322900176048279 0.626902639865875 0.704021990299225 0.894915282726288 0.864445865154266 0.447677850723267 0.403848439455032 0.529885590076447 0.659901678562164 0.416625410318375 0.315042912960052 0.436790972948074 0.145110160112381
0.442786276340485 0.426816076040268 0.593678414821625 0.611173927783966 0.614338338375092 0.742006421089172 0.748717248439789 0.762273073196411 0.863677203655243 0.904165327548981 0.901482820510864 0.937226116657257 0.915021002292633 0.892131745815277 0.885940968990326 0.913553476333618 0.899311602115631 0.932533860206604 0.898975968360901 0.980660617351532 0.986291587352753 0.967147707939148 0.934951901435852 0.872461795806885 0.914048671722412 0.746825218200684 0.919635951519012 0.699400067329407 0.701673746109009 0.981871426105499 0.742465376853943 0.638313233852386 0.206986412405968 0.448239028453827 0.80624932050705 0.975959420204163 0.97959178686142 0.690862953662872 0.507712066173553 0.860329568386078 0.822523832321167 0.763503670692444 0.677716553211212 0.307416915893555
0.603968739509583 0.678313136100769 0.589080095291138 0.543669402599335 0.618440210819244 0.840731561183929 0.815966427326202 0.688360571861267 0.744582533836365 0.867659032344818 0.773456335067749 0.847222328186035 0.916876375675201 0.860285997390747 0.867699444293976 0.905670404434204 0.921230852603912 0.945115327835083 0.956537127494812 0.905185401439667 0.992845594882965 0.984859943389893 0.99987518787384 0.99978232383728 0.999740958213806 0.992423534393311 0.99512505531311 0.897275924682617 0.988684833049774 0.975444078445435 0.988337814807892 0.851760029792786 0.662792563438416 0.546447515487671 0.681080758571625 0.97842013835907 0.9536013007164 0.683795392513275 0.371921867132187 0.551920771598816 0.966934204101562 0.997697770595551 0.977928280830383 0.511711180210114
0.209400951862335 0.44435653090477 0.524579286575317 0.53279572725296 0.574133396148682 0.671483039855957 0.634873986244202 0.651245892047882 0.60195130109787 0.614049077033997 0.589101433753967 0.879645705223083 0.884756863117218 0.907070159912109 0.823863983154297 0.863392233848572 0.952430486679077 0.982817828655243 0.994018912315369 0.984349548816681 0.948834359645844 0.999451041221619 0.999550342559814 0.978050529956818 0.94816666841507 0.995840489864349 0.996992111206055 0.994640648365021 0.975346982479095 0.870611548423767 0.977651119232178 0.988734602928162 0.954650580883026 0.981554090976715 0.928240656852722 0.932908594608307 0.99243152141571 0.931869506835938 0.726404547691345 0.670796632766724 0.993005633354187 0.998489499092102 0.965521216392517 0.593461692333221
0.162988275289536 0.256082892417908 0.02466612868011 0.512760698795319 0.562650680541992 0.616959691047668 0.605024397373199 0.678898274898529 0.484056651592255 0.43517678976059 0.741809725761414 0.662370204925537 0.72062361240387 0.831316828727722 0.780399739742279 0.62944483757019 0.748849868774414 0.948243618011475 0.995987296104431 0.999742090702057 0.914723694324493 0.899197399616241 0.999953925609589 0.98459267616272 0.810418963432312 0.698212921619415 0.72792387008667 0.665349006652832 0.669372975826263 0.626327157020569 0.556880176067352 0.973827242851257 0.898222088813782 0.871387302875519 0.990635395050049 0.749687194824219 0.994876325130463 0.991608679294586 0.996548593044281 0.94294673204422 0.998984098434448 0.998055458068848 0.900658428668976 0.818731486797333
0.105874493718147 0.0169320702552795 0.0129791600629687 0.0152292652055621 0.0197815410792828 0.021448090672493 0.564217507839203 0.595525324344635 0.599867701530457 0.411771297454834 0.359307080507278 0.360555469989777 0.507703363895416 0.739471316337585 0.519955456256866 0.411697268486023 0.469737857580185 0.947591245174408 0.996217668056488 0.997328400611877 0.917102575302124 0.999640464782715 0.97086238861084 0.770271956920624 0.810697555541992 0.669439435005188 0.61284065246582 0.444413155317307 0.441310167312622 0.388181149959564 0.311133980751038 0.340772241353989 0.415590673685074 0.351748824119568 0.811018347740173 0.667178273200989 0.99242502450943 0.92376172542572 0.998046517372131 0.997750461101532 0.990786254405975 0.999344885349274 0.871233642101288 0.736589372158051
0.0373906791210175 0.080432690680027 0.0108207296580076 0.0175411254167557 0.0167875867336988 0.0132543770596385 0.0167609453201294 0.473934888839722 0.540487408638 0.473414719104767 0.265951573848724 0.360815823078156 0.291382193565369 0.576435029506683 0.696372270584106 0.654552817344666 0.768206715583801 0.558459937572479 0.936697423458099 0.887118637561798 0.838619291782379 0.943036615848541 0.840336501598358 0.853793799877167 0.778012096881866 0.510005056858063 0.493995934724808 0.361954510211945 0.310529947280884 0.262844383716583 0.200764760375023 0.192747101187706 0.200593888759613 0.150137826800346 0.11332879960537 0.146038129925728 0.225830614566803 0.963913917541504 0.991966426372528 0.890595555305481 0.998531222343445 0.999547481536865 0.999849140644073 0.999870836734772
0.0472787618637085 0.076771542429924 0.00699113728478551 0.123533837497234 0.00955547019839287 0.0133020561188459 0.0142282219603658 0.0198813211172819 0.36222580075264 0.408938229084015 0.312743693590164 0.23542121052742 0.273677587509155 0.312021255493164 0.474175244569778 0.364426165819168 0.333114415407181 0.497396022081375 0.381687670946121 0.441264569759369 0.542368113994598 0.418766230344772 0.726761698722839 0.694637954235077 0.752123773097992 0.502492845058441 0.425572723150253 0.361621201038361 0.240027353167534 0.222308620810509 0.168301329016685 0.151632994413376 0.176526591181755 0.126663520932198 0.119170382618904 0.128501653671265 0.201685145497322 0.74699854850769 0.214325845241547 0.185250595211983 0.497833162546158 0.911336123943329 0.999862611293793 0.997106790542603
0.032361965626478 0.0517493709921837 0.0887448340654373 0.00854082405567169 0.00735566858202219 0.114192299544811 0.134049996733665 0.16024848818779 0.187257945537567 0.205848827958107 0.163304328918457 0.185051620006561 0.228300616145134 0.367540329694748 0.606408715248108 0.627229273319244 0.667863667011261 0.779516398906708 0.742127776145935 0.710836410522461 0.515945494174957 0.687900066375732 0.394611209630966 0.280243843793869 0.307618647813797 0.292614251375198 0.243711337447166 0.272621393203735 0.228524029254913 0.206335067749023 0.34694567322731 0.17355215549469 0.155028447508812 0.191419765353203 0.123429551720619 0.127577766776085 0.208981648087502 0.123952649533749 0.0937193930149078 0.113580748438835 0.159674361348152 0.629710733890533 0.998865008354187 0.717460811138153
0.0330058746039867 0.0404384098947048 0.0540211945772171 0.0719554051756859 0.00691561354324222 0.0121352029964328 0.16432249546051 0.134971305727959 0.152427703142166 0.166150122880936 0.167721629142761 0.177173927426338 0.234506174921989 0.231981605291367 0.227709367871284 0.194260880351067 0.404546529054642 0.426677525043488 0.572365462779999 0.475572466850281 0.747302770614624 0.906080961227417 0.789633989334106 0.661698400974274 0.724849164485931 0.695712804794312 0.548033118247986 0.562277853488922 0.231921121478081 0.231693297624588 0.113354332745075 0.160053834319115 0.493971973657608 0.133642062544823 0.10226234048605 0.0990508794784546 0.0960366800427437 0.107080169022083 0.389394372701645 0.625991821289062 0.886570870876312 0.997413456439972 0.999796330928802 0.481006681919098
0.033170323818922 0.0379070676863194 0.0464446246623993 0.0558764450252056 0.0679053142666817 0.0981712862849236 0.00923643819987774 0.180627882480621 0.10097736120224 0.0799547806382179 0.064888209104538 0.050910048186779 0.0453676395118237 0.0465814247727394 0.0500585399568081 0.0630812421441078 0.0752021744847298 0.150241449475288 0.191213563084602 0.25698909163475 0.509656012058258 0.462730348110199 0.307260632514954 0.311095148324966 0.307614386081696 0.307377099990845 0.249220937490463 0.176119923591614 0.121610045433044 0.105812519788742 0.0927495136857033 0.101640619337559 0.130853548645973 0.306113749742508 0.310194581747055 0.760776996612549 0.815120339393616 0.319169044494629 0.694849252700806 0.720841825008392 0.527375936508179 0.453720599412918 0.689987063407898 0.794508635997772
