data/climate_estimation/maxent_output/Notholirion_thomsonianum.asc
NCOLS 50 
NROWS 15 
XLLCORNER 70.75 
YLLCORNER 34.0833333333333 
CELLSIZE 0.0833333333333334 
NODATA_value -3.4e+38 
0.667899727821350 0.669212400913239 0.644973278045654 0.669430911540985 0.608216047286987 0.614100337028503 0.660963773727417 0.696139514446259 0.694246172904968 0.760087490081787 0.718017756938934 0.659924685955048 0.659543991088867 0.684101998806 0.677116632461548 0.687296271324158 0.658122897148132 0.634603023529053 0.62598043680191 0.632729649543762 0.635173797607422 0.61839497089386 0.65004563331604 0.635178029537201 0.619548797607422 0.58948290348053 0.593848884105682 0.602914094924927 0.64318722486496 0.671739757061005 0.62244713306427 0.604929149150848 0.586130142211914 0.585775434970856 0.583343625068665 0.587680816650391 0.61374032497406 0.603666245937347 0.619327783584595 0.615264058113098 0.632931888103485 0.611836791038513 0.62906289100647 0.6135134100914 0.585517048835754 0.548599600791931 0.533907413482666 0.57259875535965 0.607505083084106 0.626446604728699
0.679954946041107 0.685778200626373 0.657056510448456 0.653388559818268 0.608401715755463 0.647658348083496 0.704611539840698 0.736955642700195 0.729155957698822 0.764409780502319 0.694025635719299 0.66182678937912 0.705656588077545 0.71896106004715 0.721439719200134 0.684882700443268 0.651289582252502 0.646932184696198 0.640847563743591 0.618887901306152 0.635091781616211 0.66953581571579 0.634635210037231 0.629205286502838 0.601496160030365 0.629907071590424 0.626027703285217 0.639946162700653 0.654144287109375 0.655242502689362 0.641356706619263 0.622618615627289 0.615092873573303 0.604235589504242 0.587333261966705 0.583281099796295 0.584279954433441 0.587074756622314 0.584834814071655 0.60331803560257 0.6066654920578 0.598521888256073 0.613780975341797 0.578723967075348 0.551331400871277 0.547701120376587 0.57445228099823 0.614814698696136 0.628611087799072 0.622671663761139
0.692664623260498 0.672147214412689 0.68154376745224 0.615387976169586 0.615650534629822 0.696565806865692 0.713153183460236 0.756386041641235 0.727626025676727 0.689631104469299 0.700794756412506 0.698033392429352 0.719339668750763 0.727299690246582 0.732912003993988 0.715980291366577 0.67646861076355 0.643182396888733 0.652350425720215 0.663090765476227 0.667112231254578 0.680430352687836 0.644882202148438 0.610451638698578 0.600527465343475 0.639131367206573 0.669985115528107 0.671485960483551 0.650819480419159 0.598968505859375 0.598747134208679 0.586829662322998 0.591365933418274 0.575514137744904 0.596628844738007 0.593956470489502 0.596561849117279 0.587307155132294 0.587554097175598 0.586454510688782 0.588356137275696 0.584014654159546 0.585433483123779 0.562458753585815 0.551914930343628 0.560673773288727 0.575510442256927 0.589003324508667 0.630908787250519 0.58857786655426
0.664605736732483 0.699973165988922 0.698437690734863 0.665490627288818 0.665835916996002 0.726917326450348 0.735144674777985 0.757748365402222 0.715238809585571 0.68874591588974 0.737226903438568 0.705448031425476 0.706665635108948 0.677415370941162 0.720991373062134 0.723600327968597 0.701463043689728 0.661123752593994 0.684787631034851 0.687321126461029 0.699700057506561 0.665325939655304 0.632318019866943 0.641490161418915 0.643235623836517 0.684294283390045 0.682017147541046 0.650231540203094 0.648657321929932 0.636324882507324 0.618018805980682 0.592217087745667 0.595037221908569 0.575977444648743 0.585508465766907 0.580742359161377 0.587835788726807 0.581908941268921 0.598027169704437 0.58448988199234 0.59104597568512 0.584151923656464 0.587714552879333 0.582005023956299 0.591439008712769 0.570989429950714 0.581723690032959 0.610685527324677 0.612392425537109 0.618892014026642
0.702855110168457 0.715240776538849 0.718435823917389 0.719816625118256 0.72373104095459 0.743492662906647 0.752875983715057 0.736228168010712 0.728019297122955 0.737997055053711 0.728155851364136 0.728470683097839 0.731572568416595 0.719030022621155 0.712824285030365 0.724123358726501 0.694357693195343 0.683330416679382 0.695360481739044 0.703214406967163 0.702209830284119 0.6822350025177 0.667281568050385 0.665496110916138 0.67328929901123 0.690500497817993 0.655363917350769 0.633281528949738 0.610541939735413 0.592755436897278 0.613223135471344 0.604107081890106 0.585692524909973 0.580117523670197 0.59080845117569 0.61348682641983 0.602784156799316 0.595311641693115 0.595817863941193 0.588942468166351 0.598536968231201 0.617457091808319 0.591534197330475 0.606571137905121 0.61341005563736 0.593577861785889 0.598187267780304 0.586998522281647 0.602115750312805 0.626119554042816
0.672233760356903 0.70185375213623 0.705793976783752 0.715650200843811 0.738883852958679 0.746456444263458 0.72351861000061 0.746931731700897 0.760066866874695 0.766987383365631 0.768082499504089 0.768822848796844 0.724200785160065 0.721731185913086 0.72122061252594 0.706131815910339 0.68096923828125 0.706649541854858 0.703670263290405 0.702492594718933 0.699163854122162 0.684686720371246 0.672591209411621 0.678751707077026 0.688656806945801 0.689359307289124 0.693978786468506 0.668505549430847 0.644874215126038 0.615688323974609 0.612759530544281 0.5917027592659 0.584380507469177 0.608157277107239 0.615451872348785 0.589824140071869 0.600756824016571 0.589333176612854 0.592438697814941 0.590550124645233 0.608669996261597 0.631576061248779 0.599841773509979 0.627123594284058 0.613062262535095 0.591868042945862 0.604630708694458 0.58996045589447 0.604394555091858 0.617964625358582
0.673965036869049 0.699625551700592 0.718487739562988 0.729611992835999 0.738257527351379 0.729189813137054 0.738871335983276 0.756524562835693 0.760252058506012 0.761964678764343 0.761466264724731 0.762928366661072 0.760641396045685 0.71781051158905 0.710103571414948 0.708133101463318 0.706700146198273 0.702244579792023 0.701298892498016 0.70290595293045 0.698287010192871 0.664660930633545 0.673374176025391 0.681984961032867 0.687873363494873 0.692086935043335 0.70668637752533 0.665242552757263 0.644546091556549 0.623627901077271 0.611696541309357 0.599344491958618 0.605380356311798 0.62244439125061 0.601834058761597 0.583423912525177 0.58276903629303 0.576492786407471 0.601745545864105 0.609133303165436 0.629795134067535 0.642300128936768 0.640591204166412 0.646328389644623 0.645587623119354 0.642686069011688 0.639454305171967 0.628301382064819 0.628278374671936 0.609683096408844
0.711396932601929 0.720872163772583 0.723376274108887 0.730848670005798 0.735326886177063 0.742117464542389 0.748802483081818 0.750970721244812 0.755158126354218 0.759400486946106 0.759498178958893 0.759498417377472 0.757495939731598 0.711119711399078 0.70856785774231 0.746460020542145 0.702451765537262 0.700960278511047 0.699046790599823 0.695130050182343 0.68127304315567 0.667162835597992 0.69195944070816 0.69751363992691 0.70056164264679 0.672108948230743 0.691993057727814 0.675606667995453 0.660647451877594 0.637412071228027 0.638143181800842 0.619027554988861 0.633038401603699 0.64161342382431 0.626996457576752 0.58966475725174 0.604836285114288 0.613721191883087 0.640508830547333 0.635996997356415 0.644470751285553 0.638537764549255 0.631711483001709 0.640838384628296 0.638754487037659 0.623204350471497 0.640000700950623 0.649906277656555 0.643869876861572 0.640103161334991
0.710402846336365 0.715575993061066 0.724474310874939 0.732097685337067 0.73479300737381 0.737671494483948 0.742423176765442 0.75023078918457 0.751741051673889 0.753585875034332 0.757912456989288 0.755473732948303 0.750673115253448 0.746362924575806 0.745744228363037 0.741028964519501 0.696820199489594 0.696094572544098 0.692940413951874 0.686388671398163 0.698157012462616 0.691438972949982 0.689842343330383 0.69427078962326 0.708202958106995 0.665465414524078 0.67444258928299 0.693764686584473 0.668351173400879 0.65552031993866 0.649892747402191 0.657033920288086 0.647082805633545 0.639379441738129 0.605515003204346 0.604164481163025 0.624693691730499 0.625060856342316 0.646760106086731 0.628279209136963 0.638381540775299 0.64339542388916 0.650317549705505 0.648753464221954 0.646297991275787 0.635312855243683 0.633883535861969 0.644847691059113 0.647966206073761 0.654130458831787
0.717006683349609 0.718855440616608 0.724387168884277 0.726663768291473 0.731812596321106 0.738498151302338 0.738329887390137 0.746638596057892 0.750753462314606 0.752155721187592 0.752246201038361 0.750966191291809 0.74842232465744 0.748330593109131 0.704451858997345 0.700422585010529 0.703876733779907 0.693540871143341 0.697654485702515 0.698864459991455 0.70192164182663 0.698878347873688 0.699882090091705 0.681405007839203 0.707723140716553 0.673539996147156 0.66837203502655 0.685231268405914 0.675554811954498 0.681745886802673 0.675401508808136 0.67776745557785 0.634409964084625 0.635632693767548 0.619243383407593 0.617642819881439 0.63643354177475 0.646687805652618 0.626766860485077 0.637795269489288 0.650230228900909 0.655200004577637 0.657133221626282 0.657997906208038 0.658577799797058 0.64950567483902 0.646866142749786 0.64193469285965 0.618028521537781 0.627332210540771
0.714067220687866 0.714391529560089 0.718212485313416 0.72350412607193 0.727185249328613 0.734538197517395 0.740144371986389 0.744528889656067 0.747013211250305 0.750631988048553 0.750231385231018 0.747957825660706 0.749412477016449 0.708753764629364 0.709190964698792 0.707650244235992 0.70580780506134 0.697286009788513 0.69540673494339 0.696895480155945 0.699107885360718 0.702981948852539 0.702560245990753 0.703143656253815 0.707345902919769 0.696023523807526 0.700595736503601 0.68598347902298 0.715824484825134 0.719889402389526 0.716231048107147 0.707610785961151 0.667972266674042 0.676552534103394 0.661228120326996 0.645215690135956 0.640812397003174 0.636060178279877 0.63338178396225 0.644892513751984 0.649601995944977 0.652617514133453 0.697390019893646 0.659595608711243 0.660184919834137 0.659600794315338 0.665712773799896 0.665916740894318 0.646980047225952 0.615646958351135
0.721205294132233 0.719293892383575 0.719474613666534 0.722445845603943 0.726069450378418 0.733541905879974 0.734590291976929 0.740033209323883 0.741799592971802 0.74705308675766 0.745725989341736 0.751714766025543 0.708135724067688 0.70971018075943 0.708539843559265 0.709653317928314 0.705554902553558 0.70590740442276 0.70768541097641 0.700061440467834 0.695873200893402 0.699851870536804 0.694757282733917 0.693730592727661 0.698120176792145 0.707101583480835 0.672266244888306 0.700314700603485 0.727828681468964 0.731616616249084 0.712454795837402 0.720314741134644 0.720821619033813 0.657559156417847 0.638332545757294 0.647835373878479 0.647093534469604 0.635651051998138 0.616351187229156 0.63075053691864 0.64865517616272 0.649535059928894 0.693821787834167 0.658937096595764 0.660706341266632 0.660663187503815 0.665028274059296 0.668481051921844 0.655987024307251 0.622139275074005
0.724493741989136 0.724864602088928 0.725374400615692 0.72624546289444 0.73406445980072 0.732679605484009 0.737184941768646 0.738793075084686 0.744583368301392 0.748537361621857 0.746009647846222 0.7520472407341 0.708498477935791 0.711567103862762 0.710781514644623 0.709702253341675 0.71057790517807 0.709387063980103 0.706530094146729 0.706536531448364 0.699249804019928 0.70442807674408 0.693017303943634 0.681391000747681 0.703116476535797 0.70355236530304 0.70151424407959 0.717717170715332 0.718834578990936 0.706645905971527 0.673120260238647 0.65998500585556 0.719110190868378 0.689543902873993 0.650116443634033 0.637042284011841 0.634491920471191 0.636816203594208 0.629403471946716 0.617300510406494 0.633412837982178 0.649677395820618 0.650314152240753 0.652852654457092 0.656153917312622 0.658046543598175 0.66147780418396 0.669351398944855 0.670872569084167 0.67543226480484
0.723966479301453 0.729646146297455 0.730321228504181 0.734423160552979 0.727234542369843 0.731968879699707 0.736334383487701 0.739542126655579 0.744930386543274 0.746888935565948 0.748135685920715 0.706016540527344 0.708896517753601 0.710902512073517 0.711856842041016 0.70945280790329 0.709415435791016 0.709237337112427 0.706166088581085 0.708184123039246 0.703651070594788 0.703616857528687 0.701719284057617 0.698676645755768 0.702721893787384 0.706089317798615 0.708449184894562 0.709148943424225 0.69645494222641 0.695797026157379 0.659784197807312 0.645247161388397 0.677261590957642 0.679734587669373 0.664795815944672 0.656191349029541 0.642791330814362 0.632181227207184 0.632252275943756 0.621656954288483 0.629786193370819 0.64095813035965 0.652461647987366 0.651988387107849 0.654784798622131 0.657845318317413 0.663061559200287 0.666061818599701 0.67208993434906 0.675702154636383
0.721930742263794 0.722427248954773 0.723210453987122 0.72623348236084 0.720858216285706 0.732071757316589 0.731474041938782 0.741788327693939 0.744436085224152 0.744870960712433 0.746710419654846 0.707321643829346 0.711644053459167 0.714664936065674 0.715791523456573 0.713878691196442 0.709128022193909 0.708364188671112 0.704771459102631 0.704816222190857 0.70551598072052 0.704274773597717 0.705670535564423 0.702978551387787 0.703238189220428 0.705131053924561 0.706298410892487 0.703121781349182 0.694795727729797 0.684779226779938 0.670840680599213 0.644412338733673 0.669369280338287 0.668576538562775 0.640342354774475 0.638127028942108 0.636862754821777 0.645162761211395 0.641207873821259 0.64460289478302 0.645620107650757 0.648812353610992 0.646636605262756 0.653528988361359 0.656575381755829 0.657773017883301 0.661884307861328 0.668692350387573 0.674260258674622 0.675620138645172
