data/climate_estimation/maxent_output/Notholirion_bulbuliferum.asc
NCOLS 286 
NROWS 106 
XLLCORNER 84.75 
YLLCORNER 25.3333333333333 
CELLSIZE 0.0833333333333333 
NODATA_value -3.4e+38 
[rows 19 to 37 of 106, columns 132 to 175 of 286]
0.218589261174202 0.224100053310394 0.26662090420723 0.291490644216537 0.326067566871643 0.307377725839615 0.241806223988533 0.301461279392242 0.265838205814362 0.302841037511826 0.30247089266777 0.261871248483658 0.253694027662277 0.168835535645485 0.183624088764191 0.184833362698555 0.154397740960121 0.160298824310303 0.170317515730858 0.164932161569595 0.18444986641407 0.202682867646217 0.317551046609879 0.428715199232101 0.429295897483826 0.377539217472076 0.347511410713196 0.313943058252335 0.210723072290421 0.176625922322273 0.215909272432327 0.28084123134613 0.266698598861694 0.231503888964653 0.202038183808327 0.219152450561523 0.244978040456772 0.258619725704193 0.342172980308533 0.355406314134598 0.307421237230301 0.272074073553085 0.278616011142731 0.239387333393097
0.246317356824875 0.198326975107193 0.211656659841537 0.272886544466019 0.303691357374191 0.268648117780685 0.321761220693588 0.341267108917236 0.309642761945724 0.233589649200439 0.299470692873001 0.351757794618607 0.350031584501266 0.253951966762543 0.202374428510666 0.264618307352066 0.18353196978569 0.184974893927574 0.187517985701561 0.170881122350693 0.212385952472687 0.217400074005127 0.284125030040741 0.3060142993927 0.373171657323837 0.432124882936478 0.499680489301682 0.480155646800995 0.240117534995079 0.213951349258423 0.213690489530563 0.227111294865608 0.241178825497627 0.262119442224503 0.223154202103615 0.266327083110809 0.232560381293297 0.283616483211517 0.381070286035538 0.412134349346161 0.339577168226242 0.24779112637043 0.332471519708633 0.334180384874344
0.189672902226448 0.235009878873825 0.21660004556179 0.240474045276642 0.245377734303474 0.227143257856369 0.238911956548691 0.313283234834671 0.364921599626541 0.274020403623581 0.225870445370674 0.29947829246521 0.375876098871231 0.360655903816223 0.320461630821228 0.283146500587463 0.289596349000931 0.324697911739349 0.228726699948311 0.202188462018967 0.187289655208588 0.19194869697094 0.207874283194542 0.239696815609932 0.220903426408768 0.253036111593246 0.244090959429741 0.317871540784836 0.493435800075531 0.496843457221985 0.366512596607208 0.32535719871521 0.316411375999451 0.294758558273315 0.319695919752121 0.294601768255234 0.310123354196548 0.354533642530441 0.442778736352921 0.450367271900177 0.350515186786652 0.369184374809265 0.284324377775192 0.376877576112747
0.192943438887596 0.184804305434227 0.258099764585495 0.229904845356941 0.27115061879158 0.205809563398361 0.256674408912659 0.301766961812973 0.432769775390625 0.311404317617416 0.245002269744873 0.380429089069366 0.392064183950424 0.397126615047455 0.379000395536423 0.351812034845352 0.245917916297913 0.291061878204346 0.331656455993652 0.238113835453987 0.238261699676514 0.270980209112167 0.240623414516449 0.211723685264587 0.206640765070915 0.2340087890625 0.240058034658432 0.178089797496796 0.249625742435455 0.484217494726181 0.416418015956879 0.463027268648148 0.388434916734695 0.385178446769714 0.399595439434052 0.407576501369476 0.363800674676895 0.423188298940659 0.482715934514999 0.442896276712418 0.407499343156815 0.456677228212357 0.41796949505806 0.372630447149277
0.248341009020805 0.172084122896194 0.195134907960892 0.268165439367294 0.262023270130157 0.261585414409637 0.23475107550621 0.391871124505997 0.49074575304985 0.343900233507156 0.267751723527908 0.291657894849777 0.368331611156464 0.425567120313644 0.38210341334343 0.306438982486725 0.271690130233765 0.290578722953796 0.392655551433563 0.231017500162125 0.280980795621872 0.335883617401123 0.266450107097626 0.23997551202774 0.242946341633797 0.216636151075363 0.219984278082848 0.247952371835709 0.464828580617905 0.497913956642151 0.481860458850861 0.324872970581055 0.316485285758972 0.291295230388641 0.330820828676224 0.413985252380371 0.441568464040756 0.421407610177994 0.379438579082489 0.393802106380463 0.330534607172012 0.284144282341003 0.457784861326218 0.398634523153305
0.368143618106842 0.334976077079773 0.280464559793472 0.311747163534164 0.264372289180756 0.298134177923203 0.24344040453434 0.273575961589813 0.422764182090759 0.497755914926529 0.403913706541061 0.412473171949387 0.370447546243668 0.403164803981781 0.360367774963379 0.4345962703228 0.313975989818573 0.308596283197403 0.419159203767776 0.385463207960129 0.308552145957947 0.368029862642288 0.297495156526566 0.264092475175858 0.314405739307404 0.296618282794952 0.226479828357697 0.284116059541702 0.350982576608658 0.317430824041367 0.595921277999878 0.469485461711884 0.450806736946106 0.378515899181366 0.426465660333633 0.317270457744598 0.37538743019104 0.490250945091248 0.339675664901733 0.314460456371307 0.302737534046173 0.348474979400635 0.440285325050354 0.492790132761002
0.34448379278183 0.320891141891479 0.395300328731537 0.3923160135746 0.278287023305893 0.356307178735733 0.325649112462997 0.329170852899551 0.393040835857391 0.367980569601059 0.342521220445633 0.398323178291321 0.490647554397583 0.456661194562912 0.480258613824844 0.464595586061478 0.385955601930618 0.385955601930618 0.384066522121429 0.440565317869186 0.444290459156036 0.437844693660736 0.367408901453018 0.428751200437546 0.303526967763901 0.304706990718842 0.312960565090179 0.389028608798981 0.338330566883087 0.312800765037537 0.335416704416275 0.658314406871796 0.480413913726807 0.288539201021194 0.405432760715485 0.434875935316086 0.261675775051117 0.262513130903244 0.350474745035172 0.41560497879982 0.45897650718689 0.404561996459961 0.407162100076675 0.401935458183289
0.314396113157272 0.317342668771744 0.327395796775818 0.491228550672531 0.373420774936676 0.413831442594528 0.356736540794373 0.334694713354111 0.326203674077988 0.352952212095261 0.340100526809692 0.409325003623962 0.42588022351265 0.47648286819458 0.469021916389465 0.357582926750183 0.399929821491241 0.430517137050629 0.334312438964844 0.296669453382492 0.359150499105453 0.362109363079071 0.409537225961685 0.417630314826965 0.357214957475662 0.348204702138901 0.35839432477951 0.455194711685181 0.432104498147964 0.341914623975754 0.392158031463623 0.535152852535248 0.663443744182587 0.361558020114899 0.511061787605286 0.540353536605835 0.522617697715759 0.341935455799103 0.274698525667191 0.335028618574142 0.512722432613373 0.536369204521179 0.451742738485336 0.375534117221832
0.229050263762474 0.269205302000046 0.333044171333313 0.426191478967667 0.481612801551819 0.441078305244446 0.455987155437469 0.313164889812469 0.360221385955811 0.415752768516541 0.382936537265778 0.434421390295029 0.365790218114853 0.338213115930557 0.452456533908844 0.438919872045517 0.304645270109177 0.355138123035431 0.37662261724472 0.268898725509644 0.312538087368011 0.329155623912811 0.354086369276047 0.501442909240723 0.421761274337769 0.394325077533722 0.425162315368652 0.453400909900665 0.4812091588974 0.45786839723587 0.477225512266159 0.719545841217041 0.658339083194733 0.495136141777039 0.603654861450195 0.429260522127151 0.396273493766785 0.357968986034393 0.287353247404099 0.33467024564743 0.43860524892807 0.472276300191879 0.558725237846375 0.494592249393463
0.188860058784485 0.209100216627121 0.237201482057571 0.262904018163681 0.333454430103302 0.410717099905014 0.533751368522644 0.409747004508972 0.339535862207413 0.416071563959122 0.378746896982193 0.36642774939537 0.333564162254333 0.377618223428726 0.437392920255661 0.49082288146019 0.3700992166996 0.311149775981903 0.343015134334564 0.259553402662277 0.277628540992737 0.317096740007401 0.368974298238754 0.471942722797394 0.440751940011978 0.389689207077026 0.449458509683609 0.411540448665619 0.44519180059433 0.384772598743439 0.591593205928802 0.534918904304504 0.780738592147827 0.684898197650909 0.515227973461151 0.381496042013168 0.418320000171661 0.351535081863403 0.359891682863235 0.222724050283432 0.341604769229889 0.401019424200058 0.404570072889328 0.504125773906708
0.177497342228889 0.160473167896271 0.191042363643646 0.210063874721527 0.221838653087616 0.310115128755569 0.462813019752502 0.496254324913025 0.473859846591949 0.479204803705215 0.491627991199493 0.368156582117081 0.416180789470673 0.389089077711105 0.451445877552032 0.470025986433029 0.453095287084579 0.329446256160736 0.413526356220245 0.417017877101898 0.309306532144547 0.289404034614563 0.322023242712021 0.38953959941864 0.504804193973541 0.424752920866013 0.494348764419556 0.386775404214859 0.458525031805038 0.519032120704651 0.589456081390381 0.654535830020905 0.597008526325226 0.806100606918335 0.702040672302246 0.480210334062576 0.495387762784958 0.50501161813736 0.487536609172821 0.471213668584824 0.395381957292557 0.390085011720657 0.427410185337067 0.427688509225845
0.30515843629837 0.273850381374359 0.29976162314415 0.275545060634613 0.290730327367783 0.27589014172554 0.357801496982574 0.390165984630585 0.369380474090576 0.442154139280319 0.450722277164459 0.510879158973694 0.490462839603424 0.406201541423798 0.403368234634399 0.473755836486816 0.491506159305573 0.394900768995285 0.311429381370544 0.416622877120972 0.410905390977859 0.367249459028244 0.308765798807144 0.334319621324539 0.459452450275421 0.486307919025421 0.519073128700256 0.435315400362015 0.442948013544083 0.433391064405441 0.485488176345825 0.680972218513489 0.462365001440048 0.697550117969513 0.784512937068939 0.481690466403961 0.616182565689087 0.474447011947632 0.663358509540558 0.611541509628296 0.503175258636475 0.482773005962372 0.486220598220825 0.411329865455627
0.259633600711823 0.280953973531723 0.291934311389923 0.289220094680786 0.307183831930161 0.404445707798004 0.391362398862839 0.368193566799164 0.363671600818634 0.397892087697983 0.422039955854416 0.428975790739059 0.546457290649414 0.501550495624542 0.380569607019424 0.411481410264969 0.515940606594086 0.530322909355164 0.480781197547913 0.491225033998489 0.475557804107666 0.415381103754044 0.307128667831421 0.289827346801758 0.369814574718475 0.460686445236206 0.463525354862213 0.563103258609772 0.510504603385925 0.573039829730988 0.605992615222931 0.649258494377136 0.674660265445709 0.64419686794281 0.642260015010834 0.781314074993134 0.628672122955322 0.526756644248962 0.484870135784149 0.69106262922287 0.65421724319458 0.667295694351196 0.710479855537415 0.53667277097702
0.349961221218109 0.342955976724625 0.344407707452774 0.372627079486847 0.38450089097023 0.371767729520798 0.345826685428619 0.480246543884277 0.422821640968323 0.373723387718201 0.431883424520493 0.481208950281143 0.538223445415497 0.500190496444702 0.387162148952484 0.423552840948105 0.534985840320587 0.570014357566833 0.534944355487823 0.483706742525101 0.41825744509697 0.476686179637909 0.380299061536789 0.309550613164902 0.353569805622101 0.429926246404648 0.525012135505676 0.538403630256653 0.589827299118042 0.59744793176651 0.433477491140366 0.537076652050018 0.764425814151764 0.617186307907104 0.546840906143188 0.651331543922424 0.784215211868286 0.752501010894775 0.728245496749878 0.700701057910919 0.648746907711029 0.705201148986816 0.751479506492615 0.728055894374847
0.423174649477005 0.445095300674438 0.338881731033325 0.371363133192062 0.451140105724335 0.487530142068863 0.465169847011566 0.467478960752487 0.472385287284851 0.500735640525818 0.458425402641296 0.366970419883728 0.408931791782379 0.590526103973389 0.512734115123749 0.383988708257675 0.454400032758713 0.580083847045898 0.486085802316666 0.380379676818848 0.491426110267639 0.502113580703735 0.447024613618851 0.424985736608505 0.480631709098816 0.503872275352478 0.552636981010437 0.523993909358978 0.611320316791534 0.562183499336243 0.375577181577682 0.405105739831924 0.61909419298172 0.740451991558075 0.702938258647919 0.689653396606445 0.640815258026123 0.812819480895996 0.792020082473755 0.752778768539429 0.781111657619476 0.709522247314453 0.593978822231293 0.57646518945694
0.66373747587204 0.565755307674408 0.492089688777924 0.431451499462128 0.344932526350021 0.414169758558273 0.478048026561737 0.478290170431137 0.498520821332932 0.467167943716049 0.567392528057098 0.438477247953415 0.362788289785385 0.460079193115234 0.612620770931244 0.53104043006897 0.554927051067352 0.566129148006439 0.48465821146965 0.397775799036026 0.472156524658203 0.484275281429291 0.477634876966476 0.417693734169006 0.450783312320709 0.450154483318329 0.547099232673645 0.571314692497253 0.578328430652618 0.581977009773254 0.544511198997498 0.465949922800064 0.594558119773865 0.762088656425476 0.763710677623749 0.778992891311646 0.817306518554688 0.679608106613159 0.687340617179871 0.624193966388702 0.679421544075012 0.706264793872833 0.546672463417053 0.573634505271912
0.700212240219116 0.616631805896759 0.649015784263611 0.6183802485466 0.526277899742126 0.421094506978989 0.360625028610229 0.392967611551285 0.522535383701324 0.566637098789215 0.587362051010132 0.467151343822479 0.414239585399628 0.561883389949799 0.620753705501556 0.615722060203552 0.597716450691223 0.598761260509491 0.533647358417511 0.474517971277237 0.391730785369873 0.384720891714096 0.46690821647644 0.377250283956528 0.419616252183914 0.528445601463318 0.558793485164642 0.577531158924103 0.593051671981812 0.505153238773346 0.487868577241898 0.577023327350616 0.657787501811981 0.795346736907959 0.819426536560059 0.612967729568481 0.804026067256927 0.686337232589722 0.544124066829681 0.597279369831085 0.584280908107758 0.64700835943222 0.591818571090698 0.641016185283661
0.550014555454254 0.378424048423767 0.374509423971176 0.434888184070587 0.409858793020248 0.470101714134216 0.458809018135071 0.377508342266083 0.42630210518837 0.469874143600464 0.534946799278259 0.569930613040924 0.584902405738831 0.500302612781525 0.477255165576935 0.567558765411377 0.596718788146973 0.606099724769592 0.526279211044312 0.560084998607635 0.432955950498581 0.391183257102966 0.447924375534058 0.468361616134644 0.472195982933044 0.443527191877365 0.569453060626984 0.572627425193787 0.628347158432007 0.597816228866577 0.471961349248886 0.602722227573395 0.612296164035797 0.589462220668793 0.647828042507172 0.801664471626282 0.614103615283966 0.790450692176819 0.737873911857605 0.780282497406006 0.707726895809174 0.615802943706512 0.614192068576813 0.690217912197113
0.709861218929291 0.487060338258743 0.327565282583237 0.43800488114357 0.440644681453705 0.430557310581207 0.477036118507385 0.399710118770599 0.377289265394211 0.394819349050522 0.415799796581268 0.468604147434235 0.425206750631332 0.502426981925964 0.389684855937958 0.432900428771973 0.570306718349457 0.639674305915833 0.639279425144196 0.611125469207764 0.490453004837036 0.487371772527695 0.49243488907814 0.483362019062042 0.429674327373505 0.447757512331009 0.536324441432953 0.592338979244232 0.620488882064819 0.706304252147675 0.629516422748566 0.627172946929932 0.701424241065979 0.73051929473877 0.708010375499725 0.803651034832001 0.806436598300934 0.691286504268646 0.640080630779266 0.708916008472443 0.720699727535248 0.727534651756287 0.745942652225494 0.631448447704315
