data/climate_estimation/maxent_output/Ornithoglossum_undulatum.asc
NCOLS 101 
NROWS 73 
XLLCORNER 16.6666666666667 
YLLCORNER -34 
CELLSIZE 0.0833333333333333 
NODATA_value -3.4e+38 
[rows 42 to 62 of 73, columns 46 to 91 of 101]
0.471092700958252 0.441374123096466 0.383908599615097 0.401611655950546 0.354118049144745 0.336742758750916 0.328108489513397 0.32799106836319 0.340070009231567 0.339117407798767 0.337222963571548 0.31666824221611 0.345643281936646 0.360989093780518 0.336902886629105 0.373664110898972 0.376576870679855 0.384918570518494 0.397449523210526 0.413905024528503 0.433581829071045 0.450460314750671 0.471229076385498 0.472347229719162 0.461954176425934 0.430140256881714 0.425161957740784 0.377733111381531 0.375433027744293 0.379318922758102 0.341811746358871 0.315825402736664 0.315773516893387 0.309011548757553 0.341374278068542 0.330009669065475 0.327349215745926 0.3160580098629 0.324826896190643 0.328988969326019 0.318184167146683 0.313738167285919 0.317427098751068 0.295695275068283 0.289549559354782 0.31028687953949
0.458384305238724 0.442332148551941 0.440974861383438 0.434413582086563 0.418376237154007 0.426199585199356 0.386198341846466 0.368070334196091 0.352270752191544 0.368537843227386 0.366119027137756 0.353709697723389 0.362101703882217 0.370713382959366 0.380613744258881 0.403063178062439 0.422359019517899 0.429370373487473 0.437161922454834 0.481783598661423 0.495761960744858 0.496340692043304 0.527858138084412 0.52543580532074 0.514637589454651 0.503367781639099 0.461715251207352 0.438082575798035 0.447042763233185 0.441480338573456 0.412803500890732 0.399022310972214 0.368325471878052 0.387087017297745 0.366276383399963 0.366683781147003 0.348874241113663 0.369026333093643 0.356182008981705 0.348810076713562 0.349095106124878 0.324613243341446 0.324795097112656 0.315470665693283 0.316405415534973 0.301297247409821
0.545447707176208 0.450510263442993 0.434242099523544 0.433793067932129 0.434726387262344 0.43710532784462 0.435285687446594 0.401180386543274 0.399572283029556 0.423972368240356 0.413649827241898 0.424734175205231 0.393910527229309 0.397217750549316 0.428886234760284 0.431093335151672 0.457181662321091 0.463550001382828 0.506835103034973 0.531484127044678 0.536168575286865 0.54775059223175 0.55939918756485 0.577240288257599 0.566083312034607 0.555104851722717 0.543205916881561 0.502743721008301 0.496041625738144 0.500687181949615 0.491278469562531 0.470130264759064 0.469115704298019 0.449001461267471 0.444653362035751 0.446011334657669 0.418915838003159 0.408183604478836 0.399354696273804 0.39888870716095 0.391982704401016 0.355122804641724 0.32116836309433 0.304442465305328 0.338108241558075 0.308835715055466
0.591921269893646 0.529917359352112 0.479218155145645 0.447316020727158 0.45196008682251 0.472933769226074 0.451561063528061 0.454847425222397 0.453710615634918 0.468776524066925 0.461521506309509 0.427153348922729 0.424528032541275 0.441913366317749 0.453845500946045 0.462767094373703 0.497080236673355 0.544212937355042 0.566403806209564 0.589116394519806 0.61871474981308 0.619307816028595 0.619998276233673 0.610048174858093 0.60345196723938 0.625337779521942 0.584130227565765 0.579229354858398 0.556199252605438 0.582864999771118 0.559268832206726 0.555112481117249 0.543105721473694 0.52207362651825 0.515919864177704 0.467515051364899 0.471912264823914 0.435905635356903 0.448213994503021 0.44993457198143 0.444249838590622 0.399858444929123 0.354669660329819 0.301409393548965 0.310540497303009 0.278004080057144
0.604377150535583 0.579673588275909 0.550170481204987 0.475682497024536 0.466100782155991 0.500445485115051 0.523586750030518 0.494853168725967 0.481664001941681 0.495966494083405 0.508253812789917 0.460565507411957 0.477061450481415 0.477344691753387 0.500792980194092 0.506968975067139 0.548326730728149 0.572152435779572 0.590270757675171 0.627033114433289 0.624841928482056 0.658769547939301 0.614729821681976 0.612909495830536 0.636509776115417 0.644715547561646 0.669899523258209 0.658777832984924 0.644020259380341 0.639511048793793 0.642294883728027 0.648415565490723 0.621001958847046 0.614288151264191 0.56537663936615 0.559779465198517 0.527147531509399 0.499031513929367 0.488338500261307 0.484665036201477 0.46866512298584 0.441406965255737 0.410692870616913 0.332986861467361 0.392180413007736 0.359883278608322
0.653776407241821 0.627656102180481 0.589773297309875 0.538757860660553 0.516055941581726 0.499592006206512 0.504713118076324 0.521464824676514 0.529722929000854 0.558532953262329 0.538935780525208 0.514871418476105 0.508300185203552 0.5303955078125 0.553084135055542 0.587276935577393 0.58064603805542 0.629860937595367 0.658244848251343 0.657431125640869 0.702030181884766 0.684730112552643 0.664889097213745 0.673906683921814 0.707181215286255 0.704111099243164 0.742827892303467 0.721944570541382 0.713237702846527 0.727325737476349 0.750213980674744 0.738462924957275 0.695108890533447 0.65479302406311 0.655972599983215 0.617576360702515 0.576682388782501 0.562714517116547 0.538749516010284 0.530825436115265 0.519219815731049 0.481143862009048 0.44580340385437 0.440507084131241 0.505054473876953 0.497416436672211
0.740848064422607 0.71532154083252 0.693373143672943 0.606221973896027 0.574527025222778 0.562064945697784 0.544283986091614 0.548778295516968 0.55688202381134 0.575639665126801 0.580973505973816 0.571966052055359 0.551947593688965 0.570026576519012 0.615292191505432 0.631371855735779 0.641754746437073 0.689181387424469 0.708848357200623 0.731935083866119 0.721600472927094 0.728823006153107 0.73175036907196 0.718938171863556 0.728673219680786 0.763620734214783 0.771347105503082 0.778994143009186 0.795728266239166 0.824681639671326 0.805404007434845 0.79362279176712 0.789377272129059 0.758970320224762 0.708293259143829 0.665986001491547 0.615672767162323 0.598758637905121 0.584067583084106 0.58086085319519 0.576163709163666 0.552787780761719 0.527152359485626 0.471579015254974 0.512701630592346 0.553376793861389
0.79318368434906 0.756476819515228 0.741261005401611 0.755746424198151 0.657715022563934 0.616188526153564 0.671363711357117 0.638029396533966 0.601741790771484 0.614547193050385 0.648544788360596 0.668727695941925 0.655771493911743 0.661365628242493 0.67733770608902 0.717597126960754 0.707601845264435 0.735735356807709 0.769458115100861 0.74496865272522 0.756685853004456 0.764889359474182 0.743131160736084 0.749471843242645 0.712906539440155 0.717742323875427 0.763883471488953 0.810994863510132 0.845292031764984 0.87217378616333 0.874907910823822 0.855310261249542 0.829466342926025 0.78998875617981 0.75424599647522 0.755744218826294 0.700573265552521 0.670545816421509 0.602309226989746 0.6158726811409 0.621815145015717 0.482128858566284 0.528336703777313 0.492464989423752 0.570895671844482 0.603474676609039
0.796146929264069 0.822371959686279 0.773920238018036 0.789520621299744 0.735243797302246 0.665085554122925 0.705678880214691 0.674751758575439 0.672337651252747 0.696898877620697 0.720906794071198 0.713598608970642 0.701123893260956 0.708373069763184 0.720941603183746 0.729530453681946 0.751823127269745 0.761826395988464 0.773757874965668 0.765103936195374 0.804999828338623 0.804730772972107 0.70897763967514 0.738105237483978 0.700884401798248 0.706228733062744 0.870240032672882 0.880110561847687 0.890386998653412 0.897245705127716 0.8969646692276 0.898453891277313 0.870749235153198 0.841199159622192 0.794033467769623 0.789658606052399 0.748868465423584 0.72394210100174 0.703547596931458 0.591393887996674 0.634799599647522 0.483868986368179 0.468889325857162 0.547597587108612 0.773524105548859 0.806990027427673
0.809665322303772 0.841168165206909 0.788431346416473 0.782668173313141 0.782022058963776 0.73233300447464 0.713968873023987 0.731239199638367 0.738483130931854 0.734165847301483 0.752669930458069 0.748500049114227 0.753365516662598 0.71302056312561 0.748445510864258 0.792612373828888 0.728100121021271 0.77627831697464 0.793016910552979 0.783683121204376 0.780636191368103 0.789751648902893 0.828683733940125 0.792046666145325 0.830538988113403 0.887719869613647 0.903957784175873 0.906336486339569 0.919963836669922 0.932406663894653 0.908675968647003 0.91445118188858 0.911080479621887 0.880619525909424 0.847251951694489 0.810695171356201 0.783453524112701 0.774097979068756 0.765913724899292 0.734165191650391 0.604843616485596 0.630275011062622 0.641542434692383 0.770399332046509 0.836910963058472 0.868418395519257
0.832233190536499 0.82297545671463 0.798285245895386 0.832263827323914 0.788363397121429 0.755509614944458 0.774697244167328 0.786769568920135 0.797674775123596 0.777772843837738 0.771987557411194 0.792576551437378 0.78852242231369 0.678748071193695 0.657172083854675 0.688441276550293 0.764179289340973 0.763690114021301 0.790305554866791 0.776618897914886 0.775531888008118 0.789528846740723 0.84121036529541 0.903952121734619 0.895545303821564 0.886704444885254 0.915699601173401 0.916373312473297 0.932886183261871 0.929288506507874 0.9162837266922 0.90492582321167 0.907197117805481 0.898846387863159 0.862334132194519 0.83801394701004 0.813396155834198 0.814387619495392 0.792570769786835 0.776229619979858 0.710016548633575 0.79941463470459 0.85331392288208 0.836082220077515 0.860597610473633 0.901101589202881
0.858781754970551 0.846838355064392 0.823752045631409 0.84952300786972 0.821016848087311 0.799660861492157 0.797787308692932 0.812056481838226 0.802541494369507 0.81375378370285 0.808988809585571 0.727416694164276 0.674289703369141 0.670280635356903 0.655333638191223 0.654721140861511 0.691309034824371 0.715035259723663 0.722108602523804 0.758965015411377 0.788148999214172 0.816146492958069 0.844932436943054 0.880520761013031 0.87598592042923 0.893010199069977 0.917900204658508 0.932298421859741 0.922294437885284 0.921343147754669 0.91962331533432 0.912123441696167 0.912745773792267 0.893021821975708 0.889055907726288 0.878171384334564 0.860965311527252 0.834815442562103 0.831158876419067 0.824730098247528 0.796651422977448 0.854829609394073 0.872854769229889 0.877301812171936 0.913023710250854 0.9190274477005
0.858465492725372 0.858061015605927 0.843464255332947 0.861425161361694 0.82668548822403 0.833654582500458 0.823432564735413 0.80955982208252 0.823882818222046 0.774851739406586 0.654999554157257 0.631126046180725 0.615814685821533 0.639284491539001 0.671598076820374 0.674664616584778 0.698510050773621 0.736854493618011 0.752506971359253 0.782894790172577 0.813641011714935 0.832118093967438 0.840199053287506 0.866949379444122 0.892228364944458 0.910035252571106 0.920778632164001 0.923673808574677 0.916454911231995 0.918066680431366 0.916721165180206 0.906906843185425 0.905768573284149 0.898346900939941 0.876101970672607 0.877590954303741 0.877958238124847 0.862378120422363 0.865106105804443 0.842675149440765 0.856249988079071 0.867941498756409 0.888400435447693 0.902906358242035 0.917504489421844 0.924844443798065
0.843180179595947 0.856620609760284 0.84764575958252 0.871373295783997 0.848444998264313 0.832785785198212 0.855648338794708 0.841603457927704 0.695784270763397 0.655991077423096 0.632109761238098 0.667284369468689 0.630896329879761 0.681855320930481 0.700326144695282 0.716496109962463 0.733220815658569 0.778990626335144 0.8063605427742 0.825803399085999 0.823929727077484 0.843002796173096 0.879233598709106 0.900560557842255 0.917829930782318 0.932482421398163 0.928622841835022 0.934419751167297 0.932777881622314 0.921225726604462 0.924914300441742 0.919448435306549 0.904770851135254 0.899986207485199 0.878401398658752 0.879859149456024 0.866763591766357 0.875200986862183 0.864680230617523 0.871987402439117 0.87841522693634 0.886702060699463 0.899485468864441 0.92011421918869 0.932225108146667 0.93202006816864
0.681708574295044 0.804197549819946 0.853300273418427 0.868901968002319 0.862130463123322 0.866157352924347 0.856154799461365 0.840845823287964 0.660335302352905 0.621868968009949 0.613933682441711 0.666977167129517 0.681765675544739 0.740235209465027 0.752121806144714 0.786866068840027 0.786260843276978 0.807758271694183 0.833520233631134 0.861937880516052 0.864743530750275 0.884293496608734 0.912331640720367 0.918151140213013 0.939006984233856 0.941182494163513 0.939682602882385 0.934431612491608 0.930438756942749 0.92980033159256 0.933641016483307 0.926156103610992 0.918513655662537 0.894735932350159 0.898831963539124 0.882641732692719 0.880860328674316 0.874428987503052 0.883650541305542 0.878868043422699 0.885782778263092 0.905369579792023 0.908029019832611 0.923127710819244 0.927131533622742 0.932867109775543
0.531146764755249 0.713964521884918 0.832293570041656 0.852300345897675 0.847353994846344 0.806886672973633 0.841616749763489 0.845161616802216 0.710057020187378 0.635984480381012 0.661017537117004 0.677894353866577 0.740609884262085 0.791838586330414 0.837634801864624 0.849055111408234 0.858612835407257 0.868201553821564 0.877861440181732 0.881606936454773 0.899604916572571 0.924029052257538 0.94401741027832 0.952898800373077 0.95821338891983 0.962082207202911 0.956633567810059 0.951284050941467 0.942647337913513 0.939873933792114 0.92746490240097 0.917447924613953 0.912398338317871 0.902263760566711 0.888713181018829 0.895304381847382 0.872368693351746 0.868061602115631 0.877836585044861 0.902354896068573 0.910104870796204 0.907341182231903 0.918098986148834 0.933722794055939 0.94047886133194 0.9344402551651
0.591492295265198 0.821518242359161 0.829411804676056 0.825135827064514 0.824410319328308 0.768329620361328 0.807551681995392 0.833576202392578 0.843033671379089 0.705628752708435 0.716584324836731 0.752517342567444 0.810934722423553 0.845843017101288 0.894739329814911 0.891135334968567 0.906841278076172 0.893934428691864 0.922534704208374 0.923317313194275 0.939562618732452 0.954981744289398 0.961499989032745 0.973202288150787 0.977149248123169 0.976178467273712 0.97314864397049 0.96519947052002 0.951092660427094 0.945494711399078 0.93279367685318 0.917501091957092 0.91670835018158 0.901156604290009 0.893653750419617 0.895134091377258 0.876563847064972 0.883358657360077 0.893986344337463 0.896393418312073 0.914455533027649 0.91432386636734 0.932007253170013 0.940644979476929 0.940576195716858 0.94164627790451
0.767821967601776 0.77242910861969 0.801802098751068 0.77638053894043 0.769113063812256 0.708811163902283 0.795257389545441 0.841309487819672 0.830127835273743 0.791584670543671 0.811239659786224 0.807402193546295 0.851580321788788 0.903276920318604 0.923068821430206 0.937868058681488 0.944568753242493 0.936298072338104 0.942119956016541 0.953007996082306 0.958966016769409 0.978395879268646 0.98669707775116 0.987516045570374 0.983672857284546 0.984818458557129 0.980008959770203 0.978886365890503 0.971920549869537 0.957760989665985 0.945941686630249 0.919949054718018 0.911766171455383 0.890101552009583 0.90075272321701 0.88709944486618 0.87447452545166 0.882737576961517 0.903606414794922 0.908276855945587 0.917754232883453 0.929056882858276 0.931193351745605 0.941416144371033 0.951898574829102 0.954594373703003
0.853847801685333 0.798984110355377 0.727781295776367 0.718945264816284 0.718227922916412 0.707346379756927 0.829529166221619 0.879239916801453 0.881879329681396 0.859625816345215 0.849336326122284 0.865300118923187 0.88990330696106 0.942471504211426 0.961424291133881 0.971198320388794 0.971758425235748 0.957968950271606 0.959833264350891 0.972658812999725 0.983084738254547 0.990608751773834 0.98768162727356 0.981508255004883 0.979020476341248 0.975198268890381 0.977648913860321 0.977003395557404 0.979904115200043 0.973817467689514 0.960261046886444 0.95053619146347 0.922688245773315 0.900378346443176 0.874968945980072 0.873416304588318 0.895974040031433 0.879106938838959 0.91856575012207 0.915450751781464 0.923510730266571 0.929538786411285 0.946999132633209 0.95073539018631 0.953266680240631 0.953057169914246
0.827720522880554 0.790441691875458 0.706050455570221 0.694513380527496 0.648001432418823 0.749181926250458 0.82650101184845 0.886262655258179 0.876569151878357 0.881289839744568 0.914642989635468 0.915291249752045 0.935175120830536 0.951261878013611 0.966590642929077 0.979647994041443 0.979740142822266 0.973246574401855 0.981243252754211 0.988552093505859 0.988525390625 0.984817147254944 0.97870260477066 0.973547875881195 0.972634136676788 0.967553436756134 0.971310436725616 0.974221050739288 0.971655905246735 0.973440825939178 0.973732471466064 0.964853227138519 0.945328533649445 0.919529974460602 0.89733475446701 0.880228579044342 0.883232533931732 0.923381805419922 0.91343230009079 0.937088906764984 0.930530965328217 0.937719225883484 0.956767737865448 0.95444929599762 0.962337672710419 0.96212911605835
0.728201985359192 0.640643358230591 0.64982682466507 0.625332415103912 0.636357486248016 0.743740439414978 0.767607510089874 0.875582933425903 0.899588167667389 0.929742038249969 0.941776692867279 0.949340343475342 0.959675788879395 0.969435691833496 0.978547275066376 0.984087944030762 0.982378244400024 0.976696729660034 0.984516263008118 0.987494468688965 0.987016499042511 0.984515070915222 0.980776071548462 0.970435380935669 0.966267764568329 0.961811184883118 0.961933851242065 0.9637491106987 0.968493819236755 0.968063771724701 0.967875957489014 0.965678036212921 0.958874881267548 0.936728656291962 0.908822953701019 0.896991074085236 0.911400437355042 0.921175122261047 0.923921823501587 0.943038821220398 0.950702667236328 0.942468822002411 0.932144939899445 0.950075387954712 0.960881531238556 0.963996171951294
