data/climate_estimation/maxent_output/Ornithoglossum_viride.asc
NCOLS 130 
NROWS 155 
XLLCORNER 17.3333333333333 
YLLCORNER -34.9166666666667 
CELLSIZE 0.0833333333333333 
NODATA_value -3.4e+38 
[rows 76 to 94 of 155, columns 84 to 125 of 130]
0.00482000783085823 0.00578095018863678 0.00354671245440841 0.00428682891651988 0.00424264650791883 0.00517453486099839 0.00551750604063272 0.00563270039856434 0.00641540810465813 0.00680064456537366 0.00685119349509478 0.00605259370058775 0.00565350567921996 0.00531234545633197 0.00460519315674901 0.0046343537978828 0.00379776419140399 0.00339355715550482 0.00297237047925591 0.00251452019438148 0.00235395319759846 0.00204029679298401 0.00241526705212891 0.00314458599314094 0.00424676202237606 0.00499948766082525 0.00688210362568498 0.00744263175874949 0.00854749418795109 0.00951098743826151 0.0101465340703726 0.0111474860459566 0.011017357930541 0.011862950399518 0.0136845232918859 0.0139281088486314 0.0142378685995936 0.0149260656908154 0.0166935995221138 0.0174612086266279 0.0173618923872709 0.0167251247912645
0.0044545317068696 0.00589891895651817 0.00402927165850997 0.0040699546225369 0.00476047722622752 0.00505292136222124 0.00561845395714045 0.00577673316001892 0.00666324747726321 0.00694145308807492 0.00635699555277824 0.00643603736534715 0.00588469766080379 0.00535130267962813 0.00475957430899143 0.00427469843998551 0.00394268473610282 0.00354196224361658 0.00285006011836231 0.0027525348123163 0.00269198860041797 0.00259756785817444 0.00274197733961046 0.00336200487799942 0.00388327613472939 0.00455362442880869 0.00546090304851532 0.00682626385241747 0.00746263284236193 0.00878183636814356 0.00992763135582209 0.0100071113556623 0.0113650476559997 0.012639001943171 0.0141001855954528 0.0140581354498863 0.0161444898694754 0.0176930762827396 0.0170961543917656 0.0169322863221169 0.0173825118690729 0.0188678037375212
0.00538212899118662 0.00602992018684745 0.00347497686743736 0.00428078416734934 0.00498273549601436 0.00574496621266007 0.00642756605520844 0.00707282964140177 0.00716009782627225 0.00753198377788067 0.00742190005257726 0.00700981309637427 0.00590859912335873 0.00543892197310925 0.00517689017578959 0.00461525749415159 0.00422215973958373 0.00359828281216323 0.00326265511102974 0.00295101944357157 0.00303211715072393 0.00296998070552945 0.00298348884098232 0.00334093789570034 0.00393902137875557 0.00429400755092502 0.00535964872688055 0.00628387834876776 0.00679322239011526 0.00797185674309731 0.00843692850321531 0.010239789262414 0.0107694314792752 0.0115146031603217 0.012766232714057 0.0142133915796876 0.0162676982581615 0.0172674767673016 0.0176708921790123 0.017977349460125 0.0195281840860844 0.0176382847130299
0.00628245854750276 0.00679750740528107 0.0039370208978653 0.00462939869612455 0.00563464546576142 0.00637380825355649 0.0072024310939014 0.0075258775614202 0.00777718098834157 0.00824314914643764 0.00764822820201516 0.00697665568441153 0.00592250376939774 0.0056736571714282 0.00527387857437134 0.00479535758495331 0.00441702827811241 0.00407392997294664 0.00367828761227429 0.00344737572595477 0.00351157784461975 0.00323757855221629 0.00331686972640455 0.00378377106972039 0.00388678745366633 0.00425527431070805 0.00532595859840512 0.00625958573073149 0.00665501458570361 0.00779204955324531 0.00857302360236645 0.00939996168017387 0.00985248014330864 0.0125105204060674 0.0139902886003256 0.0153947742655873 0.0149864535778761 0.0177448634058237 0.0199473332613707 0.0193600319325924 0.0180631577968597 0.0171578153967857
0.00582701060920954 0.00765507621690631 0.00440745195373893 0.00501570478081703 0.00619364622980356 0.00709165679290891 0.00766008207574487 0.00783667899668217 0.00821979530155659 0.00766319176182151 0.00692957686260343 0.0069282241165638 0.00603236351162195 0.00572957331314683 0.00516699487343431 0.00482515711337328 0.00459570810198784 0.00439282553270459 0.00415402511134744 0.00404565315693617 0.00397348217666149 0.00405392097309232 0.00381947285495698 0.00397421699017286 0.00399447418749332 0.00462575210258365 0.0055759409442544 0.00616823323071003 0.0068710776977241 0.00745266955345869 0.00858455710113049 0.00958078261464834 0.0113196577876806 0.0117007605731487 0.0136574655771255 0.0143140461295843 0.0162725150585175 0.0182488914579153 0.0196362342685461 0.018620528280735 0.0202700458467007 0.0195882208645344
0.00597380520775914 0.00366716901771724 0.00411038193851709 0.00475491490215063 0.00710457097738981 0.00781135866418481 0.00781820435076952 0.00789050199091434 0.00820838380604982 0.00772352423518896 0.00653742160648108 0.00672425888478756 0.00618532346561551 0.00529800122603774 0.00512961950153112 0.00506353797391057 0.00451931543648243 0.00464252382516861 0.00451555848121643 0.00535239558666945 0.00480171339586377 0.00429484201595187 0.00451559759676456 0.00433379551395774 0.00443394016474485 0.00464457040652633 0.00579776149243116 0.00632570451125503 0.00690648565068841 0.00774948811158538 0.00849311985075474 0.00888452120125294 0.0108787333592772 0.0112695619463921 0.0124419899657369 0.0143170114606619 0.017212837934494 0.0188365839421749 0.0197685528546572 0.02154297567904 0.0224840641021729 0.0214273035526276
0.00551445735618472 0.00631396565586329 0.00370029709301889 0.00486655393615365 0.00609741592779756 0.00635588401928544 0.00702771777287126 0.00686069438233972 0.00654927175492048 0.0066388682462275 0.00712542189285159 0.0065911659039557 0.0063992477953434 0.00537990685552359 0.00534923328086734 0.00503639597445726 0.00509520946070552 0.00527816778048873 0.00571557646617293 0.0052293399348855 0.00515757268294692 0.00530588207766414 0.00526538211852312 0.00494964560493827 0.00501500489190221 0.00536990398541093 0.0052853780798614 0.00565772410482168 0.00662140967324376 0.00778551120311022 0.00839618686586618 0.00897316355258226 0.010811572894454 0.0114584695547819 0.013588878326118 0.0154580315575004 0.0171394925564528 0.0191834084689617 0.0198759809136391 0.0217652767896652 0.020809194073081 0.0232680942863226
0.00539172673597932 0.00629475386813283 0.00331919500604272 0.00387805607169867 0.00435312744230032 0.00543569587171078 0.00636551529169083 0.00589550472795963 0.00716508412733674 0.006679383572191 0.00654987851157784 0.00602410081773996 0.00603948859497905 0.00483989343047142 0.00525352312251925 0.00566414091736078 0.00543355010449886 0.00608627125620842 0.00620054500177503 0.00633869133889675 0.00666153058409691 0.00720816943794489 0.0057493788190186 0.00531669985502958 0.00510577484965324 0.00499033043161035 0.00577557599171996 0.00632790103554726 0.00666333734989166 0.00723594333976507 0.0083466861397028 0.00923868268728256 0.00977478269487619 0.0108373472467065 0.0130891613662243 0.0164477564394474 0.0187990367412567 0.020289670675993 0.0199102461338043 0.0198715571314096 0.0222861338406801 0.021520309150219
0.00353612843900919 0.00683665554970503 0.00344735546968877 0.00307567953132093 0.00389341823756695 0.00476260529831052 0.00535737676545978 0.00628857733681798 0.00687709543853998 0.00591073790565133 0.00572966272011399 0.00540080759674311 0.00487100053578615 0.00519742770120502 0.00544366426765919 0.00513351755216718 0.00560308480635285 0.00578966457396746 0.00591716030612588 0.00730478577315807 0.00779629731550813 0.00829512905329466 0.00829285196959972 0.0050154565833509 0.00468136742711067 0.00492368824779987 0.00512155564501882 0.00571432569995522 0.00723129697144032 0.00782928057014942 0.00867619086056948 0.00924727693200111 0.010092431679368 0.0101717608049512 0.0124079473316669 0.0169994533061981 0.0209350362420082 0.0202911570668221 0.0191556829959154 0.0187936536967754 0.0194873921573162 0.0222096908837557
0.00396135915070772 0.00426554307341576 0.00448799133300781 0.00404960056766868 0.00403351802378893 0.00455225165933371 0.00504381163045764 0.00591367622837424 0.00644244393333793 0.00635767634958029 0.00602524261921644 0.00515404064208269 0.0047513572499156 0.00519109982997179 0.00573704205453396 0.00590916071087122 0.00612766528502107 0.00690140528604388 0.00699869636446238 0.0087883360683918 0.00929903145879507 0.0100825680419803 0.00847951322793961 0.00558738550171256 0.00484919175505638 0.00523967389017344 0.00489545939490199 0.00581758189946413 0.00622719852253795 0.00813359674066305 0.00922649446874857 0.0101889837533236 0.0101032899692655 0.0114805679768324 0.0127662317827344 0.0144773852080107 0.0184181779623032 0.0204839371144772 0.0186452120542526 0.0188821814954281 0.021182008087635 0.0213479213416576
0.00443970458582044 0.00415324792265892 0.00409799395129085 0.00465969042852521 0.00451583880931139 0.00438083941116929 0.00591168785467744 0.00585255539044738 0.00639860238879919 0.00613307300955057 0.00575658492743969 0.00619526300579309 0.0059425225481391 0.00622983742505312 0.00609640451148152 0.006416205316782 0.00643138540908694 0.00685681030154228 0.00748140411451459 0.00844294112175703 0.00803654082119465 0.00832538958638906 0.00815148837864399 0.00579939782619476 0.00536359613761306 0.00521461013704538 0.00513013731688261 0.0057707978412509 0.00681710569187999 0.00696904817596078 0.00841173250228167 0.00977857317775488 0.00990441534668207 0.0126262055709958 0.0122154634445906 0.014674473553896 0.0156072471290827 0.0162970907986164 0.016252551227808 0.0197330396622419 0.0233887769281864 0.0241317264735699
0.00387732312083244 0.00399451795965433 0.00398755539208651 0.00380956148728728 0.00434915721416473 0.00435300869867206 0.00536178098991513 0.00587189430370927 0.00599993765354156 0.00679063703864813 0.00610027275979519 0.00591788021847606 0.00642276927828789 0.00625445926561952 0.00591507973149419 0.00659712171182036 0.00669984798878431 0.007072146050632 0.00731833558529615 0.00722881779074669 0.00841113552451134 0.00711093144491315 0.0062254904769361 0.00634203106164932 0.00545404199510813 0.00546671962365508 0.00551385572180152 0.00597508251667023 0.00665114121511579 0.00752056716009974 0.00807355158030987 0.0095487954095006 0.0118532311171293 0.0115310866385698 0.0124104050919414 0.0141961872577667 0.0126060489565134 0.0125901782885194 0.0163184013217688 0.0244406834244728 0.0283414330333471 0.0282649043947458
0.00339926243759692 0.00323091493919492 0.00368709559552372 0.00377591210417449 0.00379191781394184 0.00432770838961005 0.00468115648254752 0.00521859060972929 0.00542021589353681 0.00534248165786266 0.00623948033899069 0.00599592365324497 0.00646491628140211 0.00614462373778224 0.00685027614235878 0.0063421675004065 0.00615073088556528 0.0063415807671845 0.00625158846378326 0.00654548173770308 0.00623193057253957 0.00633135577663779 0.00668815663084388 0.00558775709941983 0.0057128188200295 0.00544047774747014 0.00561370328068733 0.00635703559964895 0.0063697462901473 0.00701168365776539 0.00789636559784412 0.00893339421600103 0.0107168387621641 0.0110007971525192 0.0113030709326267 0.011526339687407 0.0109340799972415 0.0124986991286278 0.015051007270813 0.019596254453063 0.0271118432283401 0.0264912582933903
0.00283427652902901 0.0030687062535435 0.00304618594236672 0.00345430220477283 0.00396889913827181 0.00420908816158772 0.00489445589482784 0.00501134386286139 0.00533278193324804 0.00578533904626966 0.0065768021158874 0.00573250185698271 0.00544285029172897 0.00630882801488042 0.00600660778582096 0.00600861525163054 0.00589299155399203 0.00594463665038347 0.0059013138525188 0.00558587769046426 0.0056943017989397 0.0057984902523458 0.0054208105430007 0.00493602268397808 0.005107247736305 0.00569365359842777 0.00531939975917339 0.00552831450477242 0.00608952203765512 0.00747702224180102 0.00864962488412857 0.00843731034547091 0.00983140897005796 0.0101179629564285 0.0110284443944693 0.010666842572391 0.0115543995052576 0.0164051186293364 0.0200342498719692 0.0221101809293032 0.0239067897200584 0.0282873306423426
0.00224320171400905 0.00250360392965376 0.00276720128022134 0.00336515437811613 0.00362875708378851 0.00354600558057427 0.0047164442948997 0.00494205672293901 0.00507316878065467 0.00569460168480873 0.00613795826211572 0.00609867414459586 0.00587253831326962 0.00562032731249928 0.00577936414629221 0.00546385254710913 0.00631537195295095 0.00602808408439159 0.00551850907504559 0.00545923598110676 0.0047060870565474 0.00454996060580015 0.00454602623358369 0.00498080626130104 0.00494734384119511 0.00537425512447953 0.00512699643149972 0.00533050857484341 0.00607874663546681 0.00727322231978178 0.00818912778049707 0.00838692206889391 0.00924074184149504 0.0103291226550937 0.0115152783691883 0.0102480966597795 0.0109403198584914 0.0141500439494848 0.0196585953235626 0.0239026546478271 0.0253566149622202 0.0236490275710821
0.00192712480202317 0.00212908373214304 0.00244009541347623 0.00262350495904684 0.00284062814898789 0.00349424895830452 0.00389477144926786 0.00444391090422869 0.00435075769200921 0.00495883449912071 0.00488219643011689 0.00580494850873947 0.0050703170709312 0.00552670378237963 0.00600926065817475 0.0052038305439055 0.00566042587161064 0.00581937981769443 0.0055029233917594 0.00499806320294738 0.00450784713029861 0.0045304917730391 0.00460792519152164 0.00455375295132399 0.0052708531729877 0.00520859332755208 0.00510889152064919 0.0058371601626277 0.00638488121330738 0.00646189972758293 0.00715772248804569 0.00741366390138865 0.00903063919395208 0.0102329887449741 0.0111937820911407 0.0112919453531504 0.0127668855711818 0.015115519054234 0.0177925024181604 0.0198300126940012 0.0200493391603231 0.0203103628009558
0.00151812680996954 0.00185724662151188 0.00201343069784343 0.00251056649722159 0.0026743293274194 0.00330096413381398 0.00328409764915705 0.00380090367980301 0.00457235798239708 0.00467423815280199 0.00508366711437702 0.00600093975663185 0.0056410557590425 0.00555424625054002 0.00520243728533387 0.00541370501741767 0.00539747532457113 0.00495305983349681 0.00504685845226049 0.00461505958810449 0.00426984019577503 0.00471827993169427 0.00461756298318505 0.00481105176731944 0.00469336332753301 0.00523370131850243 0.00556458905339241 0.00571272475644946 0.00619808072224259 0.00643690954893827 0.00684649497270584 0.00756029132753611 0.00880987104028463 0.011046371422708 0.0132807530462742 0.0137781696394086 0.0134341130033135 0.0146996695548296 0.0151538792997599 0.0170718431472778 0.0181179586797953 0.0170875117182732
0.00136195798404515 0.00160484539810568 0.00178056594450027 0.00204711896367371 0.00240202597342432 0.00283387280069292 0.00309786642901599 0.00354010658338666 0.00355355930514634 0.00400147354230285 0.00492616696283221 0.0049047083593905 0.00508605595678091 0.00560620939359069 0.0047253156080842 0.0048745097592473 0.00520982220768929 0.00488106952980161 0.00491355592384934 0.00475527578964829 0.00440879398956895 0.00449339114129543 0.00447007268667221 0.00491091189906001 0.0047202380374074 0.00544931320473552 0.00555314915254712 0.00631718058139086 0.00627189641818404 0.00609111366793513 0.0067087491042912 0.00711292307823896 0.00797964446246624 0.0102318171411753 0.0148228239268064 0.0139607284218073 0.012224349193275 0.0117394225671887 0.0132642555981874 0.0143540035933256 0.0156910941004753 0.0120094930753112
0.00124264927580953 0.00123228318989277 0.00151112594176084 0.00167580274865031 0.0022813742980361 0.00235101999714971 0.00244013243354857 0.00316423992626369 0.00276559079065919 0.0036677815951407 0.00408595334738493 0.00450434256345034 0.00475877709686756 0.00425695534795523 0.00459805782884359 0.00474116858094931 0.00485035171732306 0.00475042685866356 0.00455408357083797 0.00477886898443103 0.00433901185169816 0.00496134255081415 0.00490575935691595 0.00487954216077924 0.00515715172514319 0.00497319595888257 0.00587194319814444 0.00586949847638607 0.00573637802153826 0.006425307597965 0.00680545857176185 0.00771825388073921 0.0091280359774828 0.0112904123961926 0.0133919809013605 0.0110012581571937 0.010293529368937 0.00976442079991102 0.010316519998014 0.0129403341561556 0.0115236276760697 0.00991259049624205
