data/climate_estimation/maxent_output/Ornithoglossum_zeyheri.asc
NCOLS 31 
NROWS 34 
XLLCORNER 17.0833333333333 
YLLCORNER -31.4166666666667 
CELLSIZE 0.0833333333333333 
NODATA_value -3.4e+38 
0.995891392230988 0.984873712062836 0.991707742214203 0.91765421628952 0.911846160888672 0.950633406639099 0.731405258178711 0.632331609725952 0.524782538414001 0.603757321834564 0.355590879917145 0.317854195833206 0.306876599788666 0.273467242717743 0.235309660434723 0.221687346696854 0.0813713297247887 0.0677683651447296 0.051034651696682 0.0527112297713757 0.0591665208339691 0.0526242516934872 0.0513229928910732 0.0481871776282787 0.0442008450627327 0.0450397133827209 0.0417787246406078 0.0426702797412872 0.0426034368574619 0.0446786470711231 0.0458422563970089
0.997587084770203 0.988759100437164 0.982309699058533 0.988085329532623 0.984217584133148 0.880773186683655 0.849716007709503 0.760233700275421 0.694701611995697 0.471419543027878 0.506673276424408 0.343787848949432 0.328811019659042 0.289396405220032 0.245133250951767 0.148587584495544 0.128663644194603 0.0730685964226723 0.0583713725209236 0.0538886301219463 0.0535698644816875 0.0546691119670868 0.0542833469808102 0.0523354597389698 0.0520846806466579 0.042130321264267 0.045250479131937 0.0462124198675156 0.0470799840986729 0.0482622906565666 0.0434796325862408
0.997954964637756 0.987523794174194 0.987833321094513 0.983900427818298 0.978532731533051 0.954432129859924 0.926730155944824 0.822961747646332 0.731482446193695 0.639233708381653 0.539887011051178 0.346294403076172 0.345081508159637 0.252001225948334 0.231037393212318 0.115727245807648 0.126805245876312 0.103048399090767 0.102686241269112 0.0431824885308743 0.0567256286740303 0.0499139688909054 0.0516973957419395 0.0537697933614254 0.0488779693841934 0.0464316233992577 0.0509334728121758 0.0456614531576633 0.049400195479393 0.0458353534340858 0.0441656410694122
0.998226284980774 0.987771451473236 0.982873201370239 0.973780035972595 0.967120945453644 0.94149261713028 0.922681152820587 0.873109877109528 0.827581346035004 0.740996718406677 0.582431972026825 0.471244961023331 0.394659847021103 0.315541565418243 0.272371292114258 0.121028207242489 0.121499985456467 0.119308196008205 0.108019821345806 0.100255765020847 0.0987303107976913 0.0492239408195019 0.0503388345241547 0.0503134839236736 0.0492379702627659 0.0449527725577354 0.0475057065486908 0.0482753552496433 0.0486591197550297 0.046636912971735 0.0452170372009277
0.998017489910126 0.994035065174103 0.986388087272644 0.964168131351471 0.93720155954361 0.927230000495911 0.898699939250946 0.858592927455902 0.81315815448761 0.776571273803711 0.676735877990723 0.50211226940155 0.380085200071335 0.329686164855957 0.217511788010597 0.133158475160599 0.132574483752251 0.125074476003647 0.145901247859001 0.130874782800674 0.118041947484016 0.0646784827113152 0.0602676495909691 0.0533688254654408 0.0545487143099308 0.0597944147884846 0.0532943978905678 0.0504253655672073 0.0544594116508961 0.0509515479207039 0.0475490987300873
0.998819410800934 0.995160698890686 0.994868695735931 0.974243521690369 0.933794558048248 0.891547322273254 0.869143724441528 0.849133551120758 0.788591325283051 0.77434504032135 0.741045951843262 0.631738305091858 0.430877029895782 0.523184537887573 0.543906033039093 0.283772259950638 0.456641644239426 0.172197744250298 0.164914056658745 0.156759172677994 0.0826941430568695 0.0773521289229393 0.0632053837180138 0.0617040246725082 0.0562023967504501 0.0603136643767357 0.063353918492794 0.058008000254631 0.0538702495396137 0.055469062179327 0.0500167682766914
0.999450325965881 0.997232615947723 0.994963347911835 0.981492102146149 0.957076132297516 0.876812636852264 0.833069443702698 0.802908897399902 0.746009469032288 0.728813886642456 0.733752489089966 0.689111828804016 0.637387096881866 0.54888641834259 0.532079637050629 0.516118884086609 0.287910103797913 0.460764139890671 0.18660081923008 0.175045937299728 0.112665981054306 0.0868688076734543 0.0793852508068085 0.0738758891820908 0.0669934377074242 0.0654084011912346 0.063854955136776 0.0599456205964088 0.058653611689806 0.0540677197277546 0.0507242679595947
0.999667882919312 0.998601257801056 0.99221795797348 0.98546439409256 0.953142583370209 0.911719262599945 0.827823877334595 0.759263038635254 0.733101606369019 0.724048495292664 0.709164440631866 0.691341698169708 0.69593733549118 0.65856796503067 0.603279411792755 0.553795278072357 0.533574640750885 0.214908495545387 0.195941805839539 0.198513805866241 0.122220896184444 0.0929784253239632 0.0940623208880424 0.0850295498967171 0.0768485814332962 0.0749193429946899 0.0692561641335487 0.0634520575404167 0.0611160881817341 0.0552031435072422 0.0551354065537453
0.999816000461578 0.999128818511963 0.992578685283661 0.981849551200867 0.956607818603516 0.891089677810669 0.810918152332306 0.736165881156921 0.69382119178772 0.686679005622864 0.687164485454559 0.669124841690063 0.686807036399841 0.677291870117188 0.647940814495087 0.623004615306854 0.6100093126297 0.566918015480042 0.518597185611725 0.201322644948959 0.19720247387886 0.192213460803032 0.0965624004602432 0.094200611114502 0.0832707583904266 0.0812857449054718 0.0778839811682701 0.0708575621247292 0.065287172794342 0.0604635216295719 0.0541387610137463
0.998895287513733 0.996030807495117 0.994278311729431 0.988342702388763 0.964163243770599 0.897519946098328 0.801854491233826 0.742238998413086 0.689005136489868 0.674809396266937 0.661004543304443 0.673992991447449 0.68155974149704 0.680092871189117 0.668456554412842 0.659525394439697 0.638097763061523 0.607842206954956 0.569306552410126 0.224504426121712 0.221553206443787 0.199417248368263 0.133166179060936 0.0958028882741928 0.0954597890377045 0.0888221859931946 0.080226942896843 0.0731061995029449 0.0684005990624428 0.0616191476583481 0.0589533559978008
0.9991335272789 0.996759116649628 0.990784108638763 0.981374859809875 0.955971658229828 0.87412691116333 0.807479441165924 0.74208265542984 0.699703991413116 0.639112710952759 0.643450260162354 0.651760041713715 0.638685762882233 0.660959601402283 0.66629159450531 0.669231712818146 0.66139429807663 0.6432044506073 0.611279964447021 0.574438750743866 0.234049513936043 0.219524353742599 0.141000464558601 0.111429125070572 0.104890689253807 0.0953020304441452 0.0881352499127388 0.0829508081078529 0.0727720335125923 0.0677742958068848 0.0641054809093475
0.99952757358551 0.99658191204071 0.994760751724243 0.990247428417206 0.963113784790039 0.870701491832733 0.802039623260498 0.718889832496643 0.657840132713318 0.618222415447235 0.621484160423279 0.617371916770935 0.626361131668091 0.656015872955322 0.658050954341888 0.66090726852417 0.675213396549225 0.664557158946991 0.641228497028351 0.61007034778595 0.248725146055222 0.242443904280663 0.221847832202911 0.146599695086479 0.115060023963451 0.104895107448101 0.0959161296486855 0.0903496518731117 0.0833330452442169 0.0758379474282265 0.0709938406944275
0.99950647354126 0.998493671417236 0.992863297462463 0.983271777629852 0.965684652328491 0.91587769985199 0.825161576271057 0.749931395053864 0.644936203956604 0.607351422309875 0.617995083332062 0.623674273490906 0.646212637424469 0.636981248855591 0.653341889381409 0.645539164543152 0.660460710525513 0.669978320598602 0.661680221557617 0.634119868278503 0.612147688865662 0.249441117048264 0.237923294305801 0.219828605651855 0.152619421482086 0.137642964720726 0.105848237872124 0.0942712873220444 0.090518020093441 0.0809531584382057 0.0781613439321518
0.998519837856293 0.990248203277588 0.986334323883057 0.963028788566589 0.917852520942688 0.865669906139374 0.849194943904877 0.72871857881546 0.667799651622772 0.596028983592987 0.605650186538696 0.592559993267059 0.622717380523682 0.625476002693176 0.648162603378296 0.64970862865448 0.647767245769501 0.646291971206665 0.672672510147095 0.652831852436066 0.632904291152954 0.264713943004608 0.24544495344162 0.243566036224365 0.164010360836983 0.146959364414215 0.115718618035316 0.105990745127201 0.0934453010559082 0.0889017954468727 0.0825477540493011
0.998329758644104 0.990764796733856 0.977769374847412 0.94845974445343 0.943062543869019 0.825511038303375 0.845199227333069 0.791170716285706 0.652700424194336 0.625892221927643 0.6197709441185 0.609595656394958 0.621016442775726 0.590423345565796 0.620952367782593 0.616288661956787 0.638169884681702 0.639792680740356 0.6622234582901 0.661494135856628 0.648391664028168 0.69753897190094 0.661039412021637 0.252781808376312 0.229914277791977 0.163651809096336 0.118434615433216 0.135675445199013 0.108806483447552 0.100000083446503 0.0877729505300522
0.996910750865936 0.981073677539825 0.965849757194519 0.962533950805664 0.944260656833649 0.877244770526886 0.857915699481964 0.768042385578156 0.701791405677795 0.71419233083725 0.70140928030014 0.662497103214264 0.626168191432953 0.60809189081192 0.66192764043808 0.613893747329712 0.621157467365265 0.620801448822021 0.714852213859558 0.702320694923401 0.722797691822052 0.633929193019867 0.700480163097382 0.673675417900085 0.252578943967819 0.171917855739594 0.161114171147346 0.145104467868805 0.141416504979134 0.120615005493164 0.098117932677269
0.992267727851868 0.980379045009613 0.977310061454773 0.962432086467743 0.943412780761719 0.912497341632843 0.835579454898834 0.802323520183563 0.760001480579376 0.735823929309845 0.704571068286896 0.672577381134033 0.65163642168045 0.648234069347382 0.645103693008423 0.652368187904358 0.665889322757721 0.678438663482666 0.696448087692261 0.694091498851776 0.702569782733917 0.718666911125183 0.705406785011292 0.670292973518372 0.6537024974823 0.249494314193726 0.168302342295647 0.156858801841736 0.145022243261337 0.133354440331459 0.123452082276344
-3.4e+38 0.985620379447937 0.970524787902832 0.963573276996613 0.945941746234894 0.922886073589325 0.858381569385529 0.777175188064575 0.739945352077484 0.695643186569214 0.658115983009338 0.644292414188385 0.642724454402924 0.619522094726562 0.648392617702484 0.638717174530029 0.650081634521484 0.667457818984985 0.672981917858124 0.67936372756958 0.68877387046814 0.707364916801453 0.716530442237854 0.699592351913452 0.685680568218231 0.650115609169006 0.246162593364716 0.236862599849701 0.155544757843018 0.145163759589195 0.134658351540565
-339999999999999996123846586046231871488.000000000000000 0.980067133903503 0.972338318824768 0.957027196884155 0.944815754890442 0.899200677871704 0.886142790317535 0.825587868690491 0.717566251754761 0.685670137405396 0.635349571704865 0.622496724128723 0.601528525352478 0.607605218887329 0.629769861698151 0.633224070072174 0.62498939037323 0.64463859796524 0.653155326843262 0.669722557067871 0.676898777484894 0.682405233383179 0.701586008071899 0.714552164077759 0.691589891910553 0.69146341085434 0.651729941368103 0.251895576715469 0.162038967013359 0.161888688802719 0.147434070706367
-3.4e+38 0.975779950618744 0.971143901348114 0.938880681991577 0.919307827949524 0.889212787151337 0.849136054515839 0.805000960826874 0.718123972415924 0.659744620323181 0.625166773796082 0.608810424804688 0.597096681594849 0.594489753246307 0.609131574630737 0.601536273956299 0.605362296104431 0.622690081596375 0.653018534183502 0.641425967216492 0.661554276943207 0.680875241756439 0.675514340400696 0.692027747631073 0.72110253572464 0.690172433853149 0.677908658981323 0.649292945861816 0.249081164598465 0.16621707379818 0.151218920946121
-3.4e+38 -3.4e+38 0.963763296604156 0.939089059829712 0.915677189826965 0.882884085178375 0.858004510402679 0.784261405467987 0.741183340549469 0.658004641532898 0.615162432193756 0.612931132316589 0.593281507492065 0.592348217964172 0.587603807449341 0.587117612361908 0.597036838531494 0.60675847530365 0.614847362041473 0.634401798248291 0.657235503196716 0.650719225406647 0.673773050308228 0.683574795722961 0.685817062854767 0.697722136974335 0.683646142482758 0.6622593998909 0.655943930149078 0.24100586771965 0.165835425257683
-3.4e+38 -3.4e+38 0.958469092845917 0.932007014751434 0.922682285308838 0.888659834861755 0.837906837463379 0.76783299446106 0.761413812637329 0.660596072673798 0.647778749465942 0.612447917461395 0.602767169475555 0.583958566188812 0.576945066452026 0.585600316524506 0.577765941619873 0.591717422008514 0.610835313796997 0.621699571609497 0.627631604671478 0.627514541149139 0.647055864334106 0.650451600551605 0.678799510002136 0.691511332988739 0.693993508815765 0.675215721130371 0.6541947722435 0.63125342130661 0.223864272236824
-3.4e+38 -3.4e+38 -3.4e+38 0.938502430915833 0.903255343437195 0.877018213272095 0.864058613777161 0.79709804058075 0.747806012630463 0.703189015388489 0.663768708705902 0.612219333648682 0.578505277633667 0.592873871326447 0.578362584114075 0.583480775356293 0.574573397636414 0.570030033588409 0.58511346578598 0.600661933422089 0.604845464229584 0.622123301029205 0.631661355495453 0.645031571388245 0.650196552276611 0.667609035968781 0.682940483093262 0.698180794715881 0.673507273197174 0.650787532329559 0.632305443286896
-3.4e+38 -3.4e+38 -3.4e+38 0.920261025428772 0.901295304298401 0.861844956874847 0.83385694026947 0.816455662250519 0.766115069389343 0.702458620071411 0.66776704788208 0.642092168331146 0.599140048027039 0.574305236339569 0.575909376144409 0.550573825836182 0.587508141994476 0.565035402774811 0.572524130344391 0.579781413078308 0.594639480113983 0.600407719612122 0.611555099487305 0.611408114433289 0.648024022579193 0.660119593143463 0.65720796585083 0.662811934947968 0.681524097919464 0.670737981796265 0.63593977689743
-3.4e+38 -3.4e+38 -3.4e+38 -3.4e+38 0.906796216964722 0.853542804718018 0.842883467674255 0.779276013374329 0.757422745227814 0.704228162765503 0.687361001968384 0.656635761260986 0.600365579128265 0.586138963699341 0.584791004657745 0.566945195198059 0.591313540935516 0.578817188739777 0.575107753276825 0.567707121372223 0.559342861175537 0.590092957019806 0.592718720436096 0.604307234287262 0.618032991886139 0.641002535820007 0.631438255310059 0.647925198078156 0.652730464935303 0.681864500045776 0.648957312107086
-3.4e+38 -3.4e+38 -3.4e+38 -3.4e+38 0.886049449443817 0.839135646820068 0.826773166656494 0.794939696788788 0.733180284500122 0.686550736427307 0.66266131401062 0.612556159496307 0.581944525241852 0.59650707244873 0.585863769054413 0.591095387935638 0.581902325153351 0.555211663246155 0.540347874164581 0.548018515110016 0.569016456604004 0.578964591026306 0.580068171024323 0.575153648853302 0.586100399494171 0.608099043369293 0.622991323471069 0.635576367378235 0.649485111236572 0.649743318557739 0.66786003112793
-3.4e+38 -3.4e+38 -3.4e+38 -3.4e+38 -3.4e+38 0.833152115345001 0.805989146232605 0.796310901641846 0.745398879051208 0.670490384101868 0.641973733901978 0.602272629737854 0.603078544139862 0.559666097164154 0.594670951366425 0.575721561908722 0.575553715229034 0.564115405082703 0.565989375114441 0.546932339668274 0.555995464324951 0.552217066287994 0.561879813671112 0.565065801143646 0.581517159938812 0.580455958843231 0.600371420383453 0.610293209552765 0.626279056072235 0.634891211986542 0.66251677274704
-339999999999999996123846586046231871488.000000000000000 -3.4e+38 -3.4e+38 -3.4e+38 -3.4e+38 0.833053767681122 0.820313811302185 0.745336830615997 0.69671767950058 0.657984375953674 0.626164138317108 0.541945397853851 0.575781643390656 0.57037878036499 0.585235059261322 0.593037366867065 0.582457542419434 0.593407332897186 0.567964613437653 0.576393485069275 0.562792360782623 0.552329003810883 0.551083266735077 0.563038647174835 0.544507622718811 0.560769438743591 0.581659078598022 0.584814548492432 0.60637903213501 0.627086162567139 0.648288547992706
-3.4e+38 -3.4e+38 -3.4e+38 -3.4e+38 -3.4e+38 -3.4e+38 0.795006096363068 0.768722176551819 0.699878394603729 0.630681276321411 0.555136263370514 0.519817590713501 0.544996321201324 0.558987021446228 0.606812596321106 0.621905505657196 0.614683568477631 0.61744350194931 0.596745908260345 0.579380512237549 0.590511679649353 0.575285613536835 0.567941308021545 0.532384932041168 0.503113090991974 0.523501098155975 0.53807133436203 0.549331188201904 0.579088807106018 0.604962646961212 0.654836535453796
-3.4e+38 -3.4e+38 -3.4e+38 -3.4e+38 -3.4e+38 -3.4e+38 -3.4e+38 0.776791036128998 0.72828221321106 0.624824285507202 0.577210128307343 0.55199658870697 0.564593851566315 0.599845588207245 0.611520051956177 0.663942694664001 0.659812211990356 0.633188188076019 0.61331444978714 0.586335718631744 0.583159565925598 0.559166610240936 0.546194314956665 0.52315628528595 0.485808521509171 0.484198093414307 0.498140603303909 0.530113577842712 0.550910234451294 0.577546298503876 0.603408634662628
-3.4e+38 -3.4e+38 -3.4e+38 -3.4e+38 -3.4e+38 -3.4e+38 -3.4e+38 0.784268975257874 0.745989203453064 0.689828813076019 0.692298650741577 0.663070201873779 0.618348062038422 0.621634721755981 0.624968826770782 0.660825788974762 0.6474329829216 0.654163599014282 0.623679280281067 0.619760811328888 0.568259239196777 0.556094944477081 0.488886952400208 0.478982865810394 0.454350739717484 0.482955187559128 0.468315869569778 0.49631142616272 0.533150792121887 0.562653958797455 0.601048052310944
-3.4e+38 -3.4e+38 -3.4e+38 -3.4e+38 -3.4e+38 -3.4e+38 -3.4e+38 -3.4e+38 0.745347857475281 0.76080197095871 0.728665411472321 0.710548102855682 0.704130947589874 0.675538301467896 0.676649332046509 0.674306154251099 0.645308136940002 0.64672839641571 0.645696640014648 0.588091194629669 0.588413059711456 0.545615255832672 0.477897882461548 0.400879085063934 0.428105771541595 0.459962636232376 0.453722566366196 0.466189831495285 0.495554625988007 0.530633866786957 0.574419736862183
-3.4e+38 -3.4e+38 -3.4e+38 -3.4e+38 -3.4e+38 -3.4e+38 -3.4e+38 -3.4e+38 -3.4e+38 0.772850036621094 0.741495370864868 0.722371757030487 0.69826602935791 0.682378232479095 0.680847346782684 0.67707884311676 0.691505789756775 0.674955666065216 0.658370435237885 0.633105576038361 0.550439774990082 0.537141799926758 0.469934016466141 0.348415285348892 0.36372384428978 0.408283799886703 0.415759831666946 0.437384188175201 0.458908766508102 0.518733620643616 0.556053578853607
-3.4e+38 -3.4e+38 -3.4e+38 -3.4e+38 -3.4e+38 -3.4e+38 -3.4e+38 -3.4e+38 -3.4e+38 0.806286633014679 0.76754355430603 0.761185109615326 0.743935465812683 0.738793015480042 0.725834846496582 0.708731830120087 0.70658153295517 0.682536125183105 0.65642249584198 0.620377779006958 0.571086764335632 0.550151526927948 0.470860511064529 0.348016709089279 0.322849452495575 0.347715228796005 0.370812624692917 0.416163474321365 0.472340822219849 0.515254378318787 0.570959329605103
