data/climate_estimation/maxent_output/Ornithoglossum_dinteri.asc
NCOLS 107 
NROWS 119 
XLLCORNER 16.6666666666667 
YLLCORNER -32.3333333333333 
CELLSIZE 0.0833333333333333 
NODATA_value -3.4e+38 
[rows 20 to 39 of 119, columns 0 to 43 of 107]
0.84481143951416 0.862024366855621 0.884712636470795 0.888039112091064 0.886459589004517 0.835638523101807 0.600544333457947 0.554068624973297 0.487061440944672 0.435658991336823 0.42306199669838 0.374844431877136 0.353599041700363 0.346642851829529 0.33683505654335 0.336330205202103 0.534028649330139 0.513240873813629 0.501337945461273 0.485470920801163 0.471487700939178 0.447833001613617 0.4874107837677 0.534778296947479 0.580854058265686 0.616948544979095 0.632936835289001 0.646929681301117 0.641336619853973 0.661719918251038 0.67912358045578 0.66455864906311 0.660568237304688 0.647166013717651 0.642308354377747 0.64044600725174 0.637724816799164 0.633574366569519 0.632269084453583 0.628296315670013 0.626936912536621 0.615512311458588 0.616578578948975 0.475861787796021
0.814991533756256 0.833377778530121 0.85236257314682 0.876829743385315 0.735982120037079 0.6990767121315 0.631419837474823 0.575494289398193 0.497438848018646 0.432696014642715 0.393673360347748 0.371850073337555 0.352511286735535 0.33392408490181 0.332681924104691 0.324482381343842 0.317106753587723 0.490725189447403 0.470995664596558 0.459231346845627 0.442334949970245 0.449895560741425 0.475930899381638 0.522371411323547 0.578010499477386 0.603169560432434 0.616819381713867 0.631171584129333 0.644646286964417 0.646555185317993 0.644249141216278 0.651385903358459 0.647372603416443 0.642943263053894 0.639035165309906 0.634163677692413 0.630834639072418 0.617564260959625 0.616941332817078 0.617976009845734 0.602556943893433 0.608823895454407 0.597994446754456 0.463278859853745
0.780709624290466 0.80306738615036 0.695374310016632 0.715194642543793 0.747058212757111 0.751210570335388 0.705546796321869 0.627258241176605 0.536771595478058 0.4401895403862 0.389928251504898 0.351245015859604 0.323412358760834 0.314776659011841 0.320634871721268 0.493314534425735 0.301040589809418 0.449131578207016 0.437430530786514 0.430352479219437 0.437552362680435 0.45196732878685 0.500917375087738 0.545574247837067 0.572059333324432 0.577150464057922 0.591793835163116 0.612580835819244 0.617322623729706 0.626492261886597 0.625441551208496 0.613950073719025 0.630785286426544 0.629843354225159 0.624777734279633 0.620029747486115 0.625602781772614 0.612361013889313 0.612685739994049 0.601952254772186 0.590650022029877 0.587609887123108 0.594911336898804 0.448747396469116
0.745915949344635 0.647547483444214 0.671880125999451 0.69329571723938 0.72462671995163 0.765117704868317 0.751491069793701 0.625839293003082 0.533938705921173 0.425680339336395 0.377615928649902 0.35737931728363 0.314863502979279 0.476459473371506 0.460049569606781 0.450123101472855 0.269990593194962 0.428933471441269 0.433358728885651 0.419306039810181 0.434105306863785 0.468703389167786 0.503711104393005 0.531105041503906 0.349118143320084 0.557071089744568 0.583397448062897 0.584873616695404 0.596926987171173 0.616092443466187 0.607104241847992 0.606076717376709 0.602366805076599 0.599316239356995 0.607771873474121 0.605470061302185 0.591779828071594 0.590376257896423 0.5952108502388 0.583607196807861 0.58453094959259 0.562693417072296 0.571777284145355 0.443864315748215
0.609844446182251 0.623225331306458 0.6459681391716 0.680061876773834 0.833695232868195 0.744193136692047 0.7653768658638 0.642948806285858 0.507156014442444 0.432610839605331 0.383003979921341 0.363567650318146 0.321104377508163 0.449896723031998 0.429101467132568 0.415846675634384 0.255959570407867 0.409945249557495 0.423556119203568 0.42861419916153 0.44255205988884 0.469621747732162 0.492230594158173 0.312510550022125 0.335014134645462 0.350463598966599 0.35279306769371 0.563933491706848 0.575763821601868 0.585545599460602 0.583762288093567 0.584835648536682 0.584658682346344 0.582023024559021 0.579312801361084 0.597003877162933 0.587212681770325 0.582694709300995 0.578183352947235 0.578360140323639 0.566781401634216 0.574147820472717 0.430505841970444 0.430040270090103
0.583690464496613 0.607952892780304 0.738150358200073 0.771308124065399 0.803479433059692 0.722403764724731 0.75973653793335 0.640297710895538 0.502102494239807 0.407920390367508 0.336441487073898 0.342118084430695 0.317516684532166 0.269985526800156 0.386351019144058 0.215490370988846 0.233463421463966 0.402234017848969 0.42321965098381 0.445299506187439 0.456279158592224 0.471820533275604 0.281058996915817 0.295890986919403 0.310176819562912 0.316848963499069 0.328939080238342 0.338283538818359 0.350037038326263 0.357234746217728 0.577364504337311 0.576351881027222 0.574526369571686 0.573389708995819 0.571326732635498 0.570292174816132 0.575781643390656 0.577673971652985 0.574470639228821 0.563756287097931 0.563028812408447 0.548441767692566 0.418046772480011 0.406649738550186
0.674121916294098 0.701620280742645 0.732838451862335 0.767202258110046 0.791178822517395 0.718575835227966 0.749810636043549 0.589737296104431 0.427823722362518 0.348778367042542 0.309101551771164 0.293372452259064 0.286011844873428 0.272421777248383 0.231114357709885 0.193203628063202 0.38506954908371 0.4172742664814 0.427978247404099 0.262951105833054 0.285352677106857 0.284047067165375 0.285878866910934 0.282388418912888 0.289549231529236 0.292518854141235 0.307256639003754 0.313073962926865 0.332734405994415 0.333989560604095 0.339634895324707 0.338391840457916 0.339575558900833 0.567442774772644 0.563996016979218 0.562312126159668 0.545427083969116 0.540578484535217 0.541110396385193 0.535515964031219 0.534024775028229 0.404822081327438 0.395918726921082 0.387611031532288
0.672070682048798 0.696718454360962 0.732835471630096 0.765816271305084 0.809578835964203 0.725765228271484 0.72378933429718 0.507543444633484 0.364029884338379 0.318668365478516 0.295340240001678 0.290199041366577 0.279893517494202 0.260972648859024 0.400857210159302 0.236403703689575 0.268622845411301 0.27599236369133 0.282407104969025 0.288461178541183 0.293878763914108 0.284708887338638 0.278966784477234 0.276030242443085 0.270561575889587 0.272929608821869 0.276140570640564 0.286936849355698 0.292600899934769 0.310693919658661 0.318312525749207 0.314655691385269 0.315199285745621 0.320174753665924 0.313729405403137 0.31102442741394 0.521183729171753 0.515236914157867 0.504195749759674 0.503373563289642 0.507959246635437 0.371836453676224 0.37611523270607 0.366376042366028
0.679659307003021 0.706176161766052 0.733242332935333 0.775141835212708 0.827421367168427 0.735337495803833 0.678530633449554 0.453605324029922 0.33456414937973 0.293453246355057 0.297393232584 0.300420641899109 0.297854512929916 0.479225069284439 0.450846552848816 0.285175025463104 0.300263255834579 0.30378645658493 0.319975078105927 0.30984303355217 0.306366384029388 0.285370707511902 0.273642361164093 0.26698362827301 0.255175173282623 0.244855284690857 0.241805508732796 0.256063401699066 0.270845293998718 0.270107060670853 0.278876513242722 0.283934891223907 0.292614758014679 0.296851634979248 0.292293101549149 0.293338745832443 0.290728628635406 0.28426194190979 0.488847076892853 0.482965022325516 0.349617928266525 0.354591280221939 0.361139893531799 0.358371376991272
0.667379140853882 0.70463615655899 0.741139709949493 0.784203231334686 0.841988086700439 0.73251748085022 0.677430391311646 0.473482996225357 0.37725642323494 0.325259357690811 0.340442031621933 0.35296157002449 0.523798227310181 0.533419847488403 0.328103005886078 0.344335466623306 0.548254549503326 0.545565605163574 0.543975055217743 0.53410142660141 0.311093777418137 0.298906862735748 0.282900154590607 0.26253354549408 0.243327632546425 0.22800774872303 0.235093727707863 0.23295746743679 0.246843174099922 0.255187004804611 0.254869431257248 0.26776996254921 0.269495040178299 0.281561434268951 0.272331476211548 0.279684066772461 0.277395188808441 0.283372342586517 0.465924799442291 0.45305734872818 0.343053728342056 0.334562033414841 0.328681319952011 0.327407121658325
0.676810443401337 0.704485774040222 0.747900426387787 0.794698178768158 0.829375505447388 0.874436438083649 0.744828522205353 0.595650970935822 0.534870147705078 0.451049864292145 0.409948289394379 0.414976984262466 0.417934894561768 0.614068388938904 0.401132464408875 0.6118004322052 0.586113393306732 0.570706605911255 0.574228882789612 0.360360950231552 0.335178047418594 0.306743800640106 0.279365986585617 0.257977724075317 0.234775260090828 0.220169082283974 0.211685582995415 0.224207580089569 0.231445297598839 0.240175560116768 0.246405437588692 0.248504623770714 0.26467153429985 0.261733621358871 0.264917284250259 0.267438858747482 0.250421583652496 0.24947327375412 0.45407372713089 0.341687887907028 0.330645531415939 0.329760760068893 0.318034589290619 0.308307737112045
0.542683184146881 0.712397158145905 0.748330414295197 0.785215616226196 0.825913369655609 0.868435502052307 0.89087325334549 0.856582999229431 0.827747344970703 0.756267428398132 0.494180798530579 0.546433985233307 0.580018281936646 0.692216217517853 0.662022054195404 0.668291807174683 0.619771957397461 0.395991146564484 0.401856362819672 0.377856552600861 0.355816066265106 0.321298450231552 0.29473140835762 0.257739305496216 0.234730511903763 0.216140121221542 0.206590250134468 0.215026870369911 0.226801797747612 0.230888038873672 0.230933532118797 0.231155782938004 0.244550213217735 0.249883428215981 0.246877178549767 0.248763546347618 0.245399117469788 0.419265389442444 0.313219606876373 0.311216205358505 0.309220016002655 0.317460030317307 0.305603623390198 0.299726128578186
0.539328396320343 0.710505962371826 0.741157472133636 0.7796271443367 0.82989090681076 0.857275664806366 0.884100556373596 0.898856222629547 0.858057916164398 0.590750217437744 0.619163930416107 0.612444818019867 0.658386588096619 0.638505756855011 0.727559804916382 0.674876809120178 0.623433351516724 0.601655423641205 0.402470946311951 0.401298135519028 0.375589162111282 0.334988176822662 0.297723948955536 0.266870439052582 0.239683672785759 0.222524300217628 0.225077003240585 0.220322638750076 0.23267973959446 0.215787678956985 0.225181236863136 0.230441525578499 0.235504150390625 0.226738303899765 0.237733691930771 0.234073638916016 0.234135508537292 0.411852687597275 0.308860599994659 0.305724918842316 0.29603585600853 0.287437051534653 0.282300502061844 0.29363951086998
0.545282542705536 0.573062002658844 0.617508947849274 0.775075495243073 0.815704882144928 0.845832049846649 0.872993648052216 0.88528037071228 0.878849506378174 0.640299379825592 0.761068820953369 0.624345362186432 0.668934941291809 0.660756945610046 0.739615678787231 0.682279407978058 0.626831352710724 0.619674384593964 0.621754765510559 0.411091029644012 0.379553735256195 0.352802991867065 0.317880511283875 0.287348687648773 0.254570603370667 0.241675928235054 0.230741828680038 0.223496735095978 0.222999900579453 0.221697852015495 0.22104874253273 0.227269470691681 0.220678463578224 0.222547009587288 0.222547009587288 0.223922699689865 0.219493955373764 0.161282271146774 0.29392197728157 0.287835001945496 0.284294337034225 0.286677926778793 0.279643088579178 0.271359324455261
0.537279784679413 0.57118958234787 0.608835518360138 0.780785202980042 0.806898891925812 0.830009281635284 0.863231241703033 0.881789028644562 0.87728613615036 0.833084762096405 0.791070699691772 0.744565367698669 0.637977659702301 0.776979684829712 0.728718936443329 0.708435773849487 0.664103269577026 0.635341644287109 0.64079213142395 0.431213527917862 0.396303296089172 0.363754600286484 0.337641596794128 0.296105891466141 0.272351741790771 0.243282213807106 0.230561181902885 0.221980482339859 0.224743843078613 0.221637055277824 0.217336103320122 0.212459728121758 0.212478563189507 0.214016869664192 0.224279761314392 0.209344685077667 0.20329575240612 0.157363623380661 0.156871765851974 0.149150043725967 0.283848851919174 0.283162206411362 0.266623347997665 0.249147474765778
0.53456848859787 0.576435685157776 0.599080860614777 0.764159023761749 0.795137941837311 0.820867300033569 0.848122417926788 0.873115599155426 0.878563702106476 0.845341086387634 0.801125168800354 0.744562029838562 0.735702812671661 0.756587266921997 0.717024385929108 0.67619514465332 0.651458919048309 0.627296149730682 0.437479078769684 0.431686073541641 0.398400992155075 0.365284949541092 0.34342697262764 0.306683450937271 0.278749078512192 0.253463625907898 0.230079814791679 0.227396667003632 0.223808646202087 0.212121516466141 0.209412291646004 0.208695530891418 0.211844578385353 0.212470769882202 0.207825317978859 0.211100101470947 0.148052975535393 0.150569438934326 0.150106072425842 0.146175771951675 0.144162684679031 0.271245896816254 0.25230747461319 0.253011971712112
0.543564200401306 0.580099105834961 0.596190273761749 0.766780138015747 0.795226335525513 0.815281569957733 0.85316789150238 0.866369605064392 0.862818777561188 0.847315549850464 0.804160475730896 0.724446952342987 0.703793108463287 0.706601619720459 0.685339212417603 0.64227283000946 0.454724818468094 0.431685715913773 0.409586995840073 0.413608282804489 0.398797065019608 0.375075399875641 0.349378138780594 0.316612184047699 0.286120802164078 0.260453671216965 0.241880893707275 0.226253390312195 0.2301856726408 0.208632722496986 0.210308566689491 0.207101568579674 0.200551345944405 0.203986793756485 0.199738159775734 0.14895935356617 0.149281725287437 0.148597165942192 0.144705250859261 0.135677739977837 0.145327478647232 0.14548334479332 0.253643780946732 0.250055640935898
0.44654980301857 0.573827862739563 0.489333212375641 0.766508936882019 0.791751980781555 0.819794058799744 0.84666520357132 0.860070943832397 0.85580438375473 0.847066581249237 0.818850159645081 0.712996661663055 0.674175024032593 0.683437526226044 0.673413455486298 0.61886602640152 0.593102335929871 0.580977976322174 0.436872929334641 0.403280138969421 0.362381637096405 0.357076942920685 0.335420787334442 0.318255603313446 0.292342096567154 0.269460082054138 0.24339984357357 0.231751531362534 0.227688297629356 0.223311230540276 0.214856073260307 0.209178268909454 0.205383509397507 0.19928714632988 0.198343589901924 0.138146311044693 0.138410449028015 0.137695074081421 0.136564150452614 0.139069214463234 0.138076782226562 0.133067741990089 0.246010288596153 0.245446443557739
0.45428666472435 0.469511687755585 0.48515397310257 0.768827557563782 0.796060919761658 0.819810509681702 0.838965058326721 0.85851526260376 0.856852293014526 0.835018038749695 0.783114492893219 0.702748358249664 0.651443481445312 0.639732658863068 0.631229281425476 0.585503697395325 0.56229305267334 0.549571871757507 0.408215135335922 0.382798254489899 0.352862179279327 0.332574665546417 0.33821240067482 0.324203163385391 0.300437927246094 0.276304930448532 0.254470378160477 0.245592087507248 0.224431738257408 0.215852439403534 0.212741151452065 0.212077021598816 0.205176711082458 0.201934367418289 0.199317991733551 0.141381070017815 0.13859760761261 0.135236188769341 0.132342964410782 0.135016515851021 0.134300872683525 0.248401328921318 0.235138639807701 0.240155294537544
0.44931572675705 0.475571602582932 0.632719397544861 0.516168475151062 0.682414054870605 0.82723480463028 0.840987503528595 0.857493698596954 0.864421844482422 0.834083139896393 0.781025409698486 0.681860208511353 0.640717327594757 0.607068359851837 0.596440196037292 0.554017305374146 0.529439270496368 0.527543663978577 0.563753843307495 0.393014013767242 0.353390753269196 0.332224756479263 0.346332252025604 0.333353817462921 0.302556127309799 0.274958103895187 0.258901417255402 0.172552064061165 0.166484296321869 0.159260019659996 0.154667392373085 0.211917996406555 0.201887384057045 0.19927479326725 0.145597010850906 0.140348121523857 0.134894296526909 0.185040578246117 0.183008894324303 0.178372606635094 0.244301348924637 0.243373438715935 0.232237085700035 0.229468554258347
