data/climate_estimation/maxent_output/Ornithoglossum_viride.asc
NCOLS 130 
NROWS 155 
XLLCORNER 17.3333333333333 
YLLCORNER -34.9166666666667 
CELLSIZE 0.0833333333333333 
NODATA_value -3.4e+38 
[rows 133 to 151 of 155, columns 42 to 83 of 130]
0.000424376805312932 0.0005792056908831 0.000666375155560672 0.00121095194481313 0.00127717142459005 0.00154148519504815 0.00174959551077336 0.00154279952403158 0.00155557284597307 0.0018450595671311 0.00266832578927279 0.0027505224570632 0.00281529827043414 0.0030077591072768 0.00491130910813808 0.00801353994756937 0.00911809876561165 0.0106989378109574 0.0135131739079952 0.0195409506559372 0.021247323602438 0.0230432767421007 0.0208534393459558 0.0226362496614456 0.019221018999815 0.0194772630929947 0.0202410761266947 0.0182844270020723 0.0168153252452612 0.0140537479892373 0.0120692169293761 0.0107792420312762 0.012290745973587 0.014894830994308 0.0204306431114674 0.0187555607408285 0.0229107551276684 0.0248701274394989 0.0270296633243561 0.0285338461399078 0.0307756792753935 0.0307977814227343
0.000394164671888575 0.000614180928096175 0.000860419648233801 0.00142992823384702 0.00203109881840646 0.00234267977066338 0.00236742245033383 0.00283274077810347 0.00262304255738854 0.00232523237355053 0.00250920839607716 0.00237227557227015 0.003451012307778 0.00460121361538768 0.0058238678611815 0.00843319855630398 0.0156306903809309 0.0138529520481825 0.0169571824371815 0.0194241385906935 0.0217926744371653 0.0220312066376209 0.0236383713781834 0.0247686412185431 0.0258385334163904 0.0244139935821295 0.024773133918643 0.0215919259935617 0.0205374490469694 0.01935357414186 0.017686640843749 0.0152721228078008 0.0127808433026075 0.01784822717309 0.0216335840523243 0.0231684036552906 0.0246880035847425 0.0297217853367329 0.032179232686758 0.0362382978200912 0.0338094420731068 0.034022681415081
0.0350208953022957 0.000963101047091186 0.00142764486372471 0.00272453064098954 0.00509449560195208 0.00676700240001082 0.00710734259337187 0.00636583892628551 0.00504391500726342 0.00390756968408823 0.0060346876271069 0.00763675104826689 0.0119467303156853 0.015440234914422 0.0172829926013947 0.0235668011009693 0.0240034945309162 0.0226800013333559 0.0269892755895853 0.0292090736329556 0.029354577884078 0.0298236105591059 0.0320859104394913 0.0320256277918816 0.0312005579471588 0.0325104221701622 0.0316116213798523 0.0283665601164103 0.0306224804371595 0.0275668445974588 0.0228525344282389 0.0155772399157286 0.0199995189905167 0.022519439458847 0.0242083724588156 0.0273122247308493 0.0327129103243351 0.0335629247128963 0.0375188775360584 0.0376701466739178 0.0408808514475822 0.0380476415157318
0.0346973575651646 0.035826001316309 0.0570383556187153 0.062585324048996 0.0938956290483475 0.0123890629038215 0.012763244099915 0.014038166962564 0.0126980496570468 0.00799173023551702 0.0150538366287947 0.020524388179183 0.0235868114978075 0.0218040067702532 0.0203200932592154 0.0233936030417681 0.0219996459782124 0.0231824591755867 0.0268151685595512 0.0258484575897455 0.029711714014411 0.0285562947392464 0.0330979041755199 0.031682088971138 0.032761424779892 0.0349879153072834 0.0386804863810539 0.0412761196494102 0.0360928699374199 0.0352748855948448 0.0329521372914314 0.0328914076089859 0.0328310094773769 0.0337211638689041 0.0335329137742519 0.036128219217062 0.0374448597431183 0.0403545908629894 0.0434488654136658 0.0474976599216461 0.0493220910429955 0.051141731441021
0.0610697343945503 0.072116807103157 0.0678242966532707 0.141318917274475 0.119115725159645 0.131403833627701 0.012088623829186 0.0110016856342554 0.0110016856342554 0.00507649220526218 0.00678012380376458 0.00757555942982435 0.00876833964139223 0.00963514298200607 0.0167782697826624 0.0181699953973293 0.0165786780416965 0.0178453158587217 0.022579038515687 0.0255969297140837 0.0322305262088776 0.0312824547290802 0.0323679074645042 0.0343389473855495 0.0426065064966679 0.0437245965003967 0.0460876002907753 0.044061578810215 0.0430118329823017 0.0392984785139561 0.0340086109936237 0.034401498734951 0.0349132642149925 0.0349437072873116 0.036259651184082 0.0367747433483601 0.0391053706407547 0.0496933683753014 0.0549841932952404 0.0567394234240055 0.0584003552794456 0.0582748576998711
0.0627458915114403 0.121437668800354 0.0947902649641037 0.108918264508247 0.128888681530952 0.0140812918543816 0.015306556597352 0.0147766871377826 0.0161047838628292 0.00972677953541279 0.00518892053514719 0.00623121066018939 0.00471141049638391 0.00493840733543038 0.00375846982933581 0.00444862572476268 0.0604711398482323 0.138349711894989 0.244024842977524 0.021240521222353 0.0348132699728012 0.0421834178268909 0.0442008934915066 0.0427727065980434 0.0469841137528419 0.0458424352109432 0.0450761392712593 0.0411237068474293 0.0409182272851467 0.0391343347728252 0.0378168933093548 0.0363699607551098 0.034967515617609 0.0353483706712723 0.0380690656602383 0.04086734354496 0.0464969873428345 0.0477735437452793 0.0483811013400555 0.0543993264436722 0.0501295924186707 0.0612352229654789
0.118553899228573 0.12871989607811 0.149625316262245 0.144181624054909 0.16581754386425 0.196835905313492 0.258028596639633 0.19381707906723 0.26829794049263 0.0127174984663725 0.00958351232111454 0.00745322601869702 0.0666312724351883 0.0613752901554108 0.0629417970776558 0.049128171056509 0.0481033734977245 0.097489982843399 0.281812489032745 0.0349826328456402 0.0369962863624096 0.040732067078352 0.040660697966814 0.0337474942207336 0.0327835492789745 0.0385237820446491 0.0464015677571297 0.046672198921442 0.0415219068527222 0.0350387617945671 0.0360427536070347 0.0354379527270794 0.0322466716170311 0.0346596203744411 0.0337418988347054 0.0357039719820023 0.0395724251866341 0.0408731587231159 0.0489451065659523 0.0538156442344189 0.0641343891620636 0.0680903717875481
0.192960351705551 0.213147938251495 0.229257926344872 0.214854255318642 0.236193180084229 0.21207258105278 0.233393236994743 0.232444688677788 0.241859436035156 0.196516931056976 0.0219528488814831 0.0267437789589167 0.0285372901707888 0.0272106751799583 0.146196305751801 0.139744803309441 0.182878106832504 0.320420295000076 0.0362150371074677 0.04413191229105 0.0479303859174252 0.0474301390349865 0.0608520433306694 0.0594719126820564 0.054717380553484 0.0564874522387981 0.0514622889459133 0.0466158427298069 0.0411478132009506 0.0428879410028458 0.0445792973041534 0.0484649874269962 0.0450133047997952 0.0468944199383259 0.0480210408568382 0.0485955215990543 0.047913808375597 0.043099258095026 0.0429719127714634 0.0486238226294518 0.0525416173040867 0.0614053718745708
0.28467258810997 0.332725346088409 0.330219984054565 0.341280460357666 0.344934225082397 0.32482236623764 0.279463678598404 0.26073032617569 0.242827579379082 0.216841384768486 0.185606375336647 0.244066119194031 0.234921500086784 0.338663309812546 0.368766099214554 0.360933244228363 0.393320560455322 0.0420326180756092 0.0451339818537235 0.0479337424039841 0.0519168302416801 0.0598560273647308 0.0557376518845558 0.0515102669596672 0.0481159947812557 0.0472379103302956 0.0472076870501041 0.0458448976278305 0.0490789115428925 0.0460686609148979 0.0448467992246151 0.0446453988552094 0.0471085980534554 0.0456774644553661 0.0455826483666897 0.0439507812261581 0.0449123457074165 0.0476306825876236 0.0475586354732513 0.0512497872114182 0.052563663572073 0.0574793629348278
0.319333612918854 0.350111663341522 0.383059442043304 0.399291425943375 0.405339479446411 0.413533866405487 0.388433188199997 0.367029994726181 0.348566800355911 0.291157096624374 0.293441623449326 0.398696333169937 0.441692441701889 0.43944975733757 0.0533828362822533 0.0566697381436825 0.0543031916022301 0.0588125810027122 0.0593445040285587 0.0565052255988121 0.054414190351963 0.0573169998824596 0.0552689842879772 0.0515245273709297 0.048902478069067 0.0472680144011974 0.0414586775004864 0.033651877194643 0.0396701246500015 0.0418631657958031 0.0429160036146641 0.0364505387842655 0.0358697138726711 0.0369172692298889 0.0361842885613441 0.0348705910146236 0.0357659123837948 0.0352062992751598 0.0369478836655617 0.0375983342528343 0.0399021320044994 0.0454804860055447
0.451381206512451 0.353454142808914 0.364648163318634 0.352352887392044 0.360161006450653 0.360110908746719 0.444821745157242 0.374539285898209 0.433949798345566 0.405719369649887 0.513733804225922 0.470748126506805 0.506719529628754 0.500163435935974 0.537066757678986 0.565507054328918 0.106429308652878 0.0957142934203148 0.0855236798524857 0.0613927356898785 0.0451751798391342 0.0471560321748257 0.0584004893898964 0.0589562654495239 0.0538299158215523 0.051131684333086 0.0433084256947041 0.0294886138290167 0.0327959284186363 0.0369061045348644 0.0413427390158176 0.035530362278223 0.0350034050643444 0.0314213633537292 0.0267966482788324 0.0237212367355824 0.102432660758495 0.105761110782623 0.0244104508310556 0.0265738889575005 0.0290504023432732 0.0328846238553524
0.394210547208786 0.428480893373489 0.400184124708176 0.423058658838272 0.471490621566772 0.487413287162781 0.508666634559631 0.492756068706512 0.544184446334839 0.650184512138367 0.599941432476044 0.583057820796967 0.578741073608398 0.619971036911011 0.611790955066681 0.609972774982452 0.566408574581146 0.0958848744630814 0.074461966753006 0.0576710104942322 0.0471406951546669 0.070617713034153 0.0560371093451977 0.310942649841309 0.26123520731926 0.289176285266876 0.306125223636627 0.184501826763153 0.0292148590087891 0.192481771111488 0.23911988735199 0.243108347058296 -3.4e+38 -3.4e+38 -3.4e+38 0.0804940536618233 0.069135308265686 0.0673240423202515 0.0942626744508743 0.0989914163947105 0.119840502738953 0.130213186144829
0.424160540103912 0.44888174533844 0.452095419168472 0.463551789522171 0.488913238048553 0.527671754360199 0.537246227264404 0.534694790840149 0.716229259967804 0.759836554527283 0.701019406318665 0.685402631759644 0.631942510604858 0.619272232055664 0.640902578830719 0.600471377372742 -3.4e+38 -3.4e+38 -3.4e+38 -3.4e+38 -3.4e+38 -3.4e+38 -3.4e+38 -3.4e+38 -3.4e+38 -3.4e+38 -3.4e+38 -3.4e+38 0.171381443738937 0.157614529132843 0.168197229504585 -3.4e+38 -3.4e+38 -3.4e+38 -3.4e+38 -3.4e+38 -3.4e+38 -3.4e+38 -3.4e+38 -3.4e+38 -3.4e+38 0.129012048244476
0.453223675489426 0.467882126569748 0.499986052513123 0.502529740333557 0.526862800121307 0.560353100299835 0.574804186820984 0.584582448005676 0.696000158786774 0.711398780345917 0.710244238376617 0.69328498840332 0.648415625095367 0.605273485183716 0.55756688117981 0.508620381355286 -3.4e+38 -3.4e+38 -3.4e+38 -3.4e+38 -3.4e+38 -3.4e+38 -3.4e+38 -3.4e+38 -3.4e+38 -3.4e+38 -3.4e+38 -3.4e+38 -3.4e+38 -3.4e+38 -3.4e+38 -3.4e+38 -3.4e+38 -3.4e+38 -3.4e+38 -3.4e+38 -3.4e+38 -3.4e+38 -3.4e+38 -3.4e+38 -3.4e+38 -3.4e+38
0.506048560142517 0.49284753203392 0.534865379333496 0.513773918151855 0.518724918365479 0.587230920791626 0.724270522594452 0.719005584716797 0.689096689224243 0.670799076557159 0.651724398136139 0.690134286880493 0.615632116794586 0.597959399223328 -3.4e+38 -3.4e+38 -3.4e+38 -3.4e+38 -3.4e+38 -3.4e+38 -3.4e+38 -3.4e+38 -3.4e+38 -3.4e+38 -3.4e+38 -3.4e+38 -3.4e+38 -3.4e+38 -3.4e+38 -3.4e+38 -3.4e+38 -3.4e+38 -3.4e+38 -3.4e+38 -3.4e+38 -3.4e+38 -3.4e+38 -3.4e+38 -3.4e+38 -3.4e+38 -3.4e+38 -3.4e+38
0.543850183486938 0.541794240474701 0.54110187292099 0.530434429645538 0.54313999414444 0.568395256996155 0.725761890411377 0.733467221260071 0.703285932540894 0.649664163589478 0.58831399679184 0.619388043880463 0.614260077476501 -3.4e+38 -3.4e+38 -3.4e+38 -3.4e+38 -3.4e+38 -3.4e+38 -3.4e+38 -3.4e+38 -3.4e+38 -3.4e+38 -3.4e+38 -3.4e+38 -3.4e+38 -3.4e+38 -3.4e+38 -3.4e+38 -3.4e+38 -3.4e+38 -3.4e+38 -3.4e+38 -3.4e+38 -3.4e+38 -3.4e+38 -3.4e+38 -3.4e+38 -3.4e+38 -3.4e+38 -3.4e+38 -3.4e+38
0.569471716880798 -3.4e+38 -3.4e+38 -3.4e+38 0.764437019824982 0.689757943153381 0.752191483974457 -3.4e+38 -3.4e+38 -3.4e+38 -3.4e+38 -3.4e+38 -3.4e+38 -3.4e+38 -3.4e+38 -3.4e+38 -3.4e+38 -3.4e+38 -3.4e+38 -3.4e+38 -3.4e+38 -3.4e+38 -3.4e+38 -3.4e+38 -3.4e+38 -3.4e+38 -3.4e+38 -3.4e+38 -3.4e+38 -3.4e+38 -3.4e+38 -3.4e+38 -3.4e+38 -3.4e+38 -3.4e+38 -3.4e+38 -3.4e+38 -3.4e+38 -3.4e+38 -3.4e+38 -3.4e+38 -3.4e+38
-3.4e+38 -3.4e+38 -3.4e+38 -3.4e+38 -3.4e+38 -3.4e+38 -3.4e+38 -3.4e+38 -3.4e+38 -3.4e+38 -3.4e+38 -3.4e+38 -3.4e+38 -3.4e+38 -3.4e+38 -3.4e+38 -3.4e+38 -3.4e+38 -3.4e+38 -3.4e+38 -3.4e+38 -3.4e+38 -3.4e+38 -3.4e+38 -3.4e+38 -3.4e+38 -3.4e+38 -3.4e+38 -3.4e+38 -3.4e+38 -3.4e+38 -3.4e+38 -3.4e+38 -3.4e+38 -3.4e+38 -3.4e+38 -3.4e+38 -3.4e+38 -3.4e+38 -3.4e+38 -3.4e+38 -3.4e+38
-3.4e+38 -3.4e+38 -3.4e+38 -3.4e+38 -3.4e+38 -3.4e+38 -3.4e+38 -3.4e+38 -3.4e+38 -3.4e+38 -3.4e+38 -3.4e+38 -3.4e+38 -3.4e+38 -3.4e+38 -3.4e+38 -3.4e+38 -3.4e+38 -3.4e+38 -3.4e+38 -3.4e+38 -3.4e+38 -3.4e+38 -3.4e+38 -3.4e+38 -3.4e+38 -3.4e+38 -3.4e+38 -3.4e+38 -3.4e+38 -3.4e+38 -3.4e+38 -3.4e+38 -3.4e+38 -3.4e+38 -3.4e+38 -3.4e+38 -3.4e+38 -3.4e+38 -3.4e+38 -3.4e+38 -3.4e+38
