data/climate_estimation/maxent_output/Ornithoglossum_vulgare.asc
NCOLS 221 
NROWS 233 
XLLCORNER 12.1666666666667 
YLLCORNER -33.8333333333333 
CELLSIZE 0.0833333333333333 
NODATA_value -3.4e+38 
[rows 140 to 159 of 233, columns 92 to 137 of 221]
0.316649854183197 0.318307101726532 0.31972935795784 0.304581224918365 0.321789443492889 0.314881056547165 0.329465061426163 0.385410517454147 0.408194988965988 0.407988995313644 0.407473564147949 0.415595859289169 0.434050917625427 0.495436072349548 0.525118768215179 0.522726833820343 0.552188456058502 0.5423304438591 0.590146899223328 0.615750551223755 0.609507143497467 0.602401375770569 0.638992965221405 0.65207052230835 0.642832398414612 0.668483316898346 0.666778981685638 0.651652812957764 0.68597799539566 0.664917945861816 0.569446504116058 0.577755331993103 0.72634345293045 0.75114369392395 0.761748850345612 0.81214451789856 0.820169925689697 0.868275165557861 0.805544018745422 0.837811291217804 0.839240491390228 0.833092391490936 0.841709554195404 0.897177934646606 0.925325095653534 0.932700037956238
0.340903282165527 0.343344748020172 0.326150000095367 0.322510600090027 0.317935228347778 0.330694109201431 0.338624238967896 0.398695111274719 0.402392476797104 0.41361802816391 0.417635947465897 0.364617168903351 0.469838619232178 0.481255382299423 0.492671698331833 0.549787580966949 0.559605777263641 0.574345529079437 0.581014156341553 0.598651051521301 0.632250010967255 0.623500525951385 0.630662322044373 0.654556810855865 0.658433556556702 0.675384640693665 0.684854865074158 0.668910562992096 0.668940544128418 0.708029925823212 0.683255791664124 0.67882913351059 0.727618455886841 0.768868863582611 0.784884810447693 0.818016827106476 0.833278834819794 0.785987734794617 0.809738099575043 0.863440990447998 0.8500856757164 0.850370526313782 0.861272037029266 0.877168476581573 0.905808985233307 0.914412319660187
0.341372966766357 0.342716187238693 0.333357840776443 0.338777393102646 0.346461594104767 0.332122832536697 0.333535373210907 0.412292450666428 0.416400730609894 0.352873682975769 0.357408910989761 0.370960384607315 0.482578665018082 0.498439192771912 0.524547636508942 0.543632686138153 0.598182916641235 0.604804158210754 0.620438396930695 0.618866324424744 0.625087559223175 0.658326864242554 0.637822568416595 0.656757771968842 0.670392334461212 0.692439556121826 0.672037541866302 0.670996785163879 0.694424986839294 0.684433043003082 0.701431810855865 0.720962345600128 0.729901254177094 0.763905942440033 0.786112725734711 0.820299863815308 0.752620041370392 0.779250264167786 0.832103252410889 0.91257518529892 0.81980162858963 0.851104855537415 0.869026005268097 0.889310002326965 0.902592301368713 0.917583405971527
0.362567812204361 0.351432979106903 0.343825936317444 0.345294177532196 0.343320041894913 0.347149789333344 0.413596481084824 0.439538031816483 0.35876053571701 0.370626628398895 0.380063712596893 0.412481725215912 0.508725821971893 0.534638226032257 0.549866318702698 0.569619476795197 0.581433355808258 0.57893031835556 0.594471871852875 0.604174852371216 0.63517814874649 0.641601324081421 0.655658066272736 0.698097169399261 0.687031924724579 0.666065812110901 0.690362572669983 0.669524848461151 0.698199570178986 0.687693953514099 0.714279055595398 0.730889320373535 0.735120832920074 0.793766140937805 0.785200417041779 0.814612746238708 0.77190750837326 0.854172885417938 0.916457056999207 0.892707347869873 0.835640132427216 0.868540167808533 0.876303255558014 0.901465058326721 0.910976409912109 0.926595151424408
0.376093059778214 0.366195350885391 0.355101704597473 0.348179936408997 0.381675571203232 0.366178572177887 0.45526972413063 0.373749077320099 0.398419260978699 0.381754457950592 0.381005257368088 0.422876834869385 0.512864291667938 0.540491461753845 0.543688535690308 0.574258089065552 0.610370874404907 0.610791325569153 0.610334694385529 0.623564422130585 0.640316069126129 0.681823313236237 0.681611299514771 0.673336625099182 0.669568419456482 0.700434267520905 0.686786711215973 0.669208168983459 0.694250345230103 0.713054120540619 0.733883857727051 0.767396628856659 0.732622385025024 0.76590371131897 0.802747368812561 0.841796457767487 0.841854989528656 0.862488687038422 0.889336585998535 0.830023765563965 0.840968489646912 0.862155437469482 0.872830271720886 0.91098552942276 0.920101225376129 0.924165487289429
0.367284089326859 0.382505387067795 0.35759174823761 0.365588396787643 0.351289749145508 0.358552396297455 0.469514816999435 0.392207741737366 0.407429218292236 0.399609625339508 0.433098971843719 0.453426390886307 0.531351625919342 0.554361581802368 0.572498559951782 0.590187847614288 0.588095724582672 0.605469644069672 0.623955190181732 0.649595439434052 0.667194008827209 0.664955079555511 0.692804515361786 0.709034562110901 0.688932418823242 0.673678696155548 0.671476602554321 0.697737514972687 0.716665267944336 0.700954556465149 0.71767657995224 0.749239027500153 0.764116942882538 0.767543017864227 0.804091095924377 0.832817256450653 0.84459912776947 0.868510186672211 0.861344814300537 0.83011656999588 0.866434395313263 0.858368694782257 0.886117100715637 0.904046714305878 0.912170588970184 0.925894916057587
0.381888628005981 0.372907489538193 0.384291440248489 0.33233043551445 0.376426786184311 0.38561162352562 0.453070849180222 0.398258209228516 0.390335142612457 0.428714156150818 0.424370437860489 0.456362009048462 0.463600009679794 0.540020823478699 0.56563401222229 0.561969697475433 0.616084575653076 0.628957986831665 0.620388507843018 0.632475852966309 0.634243428707123 0.674186289310455 0.641204655170441 0.632929086685181 0.670917451381683 0.676327884197235 0.652711927890778 0.660786032676697 0.723767340183258 0.71961921453476 0.723697006702423 0.722825944423676 0.755289852619171 0.767803251743317 0.779560983181 0.829491138458252 0.844577610492706 0.859051942825317 0.809893429279327 0.851724863052368 0.863075733184814 0.896095633506775 0.898813784122467 0.907364666461945 0.919421911239624 0.931656897068024
0.498823076486588 0.365947902202606 0.338459253311157 0.306047260761261 0.339355915784836 0.382934629917145 0.448783338069916 0.444163709878922 0.458037376403809 0.452769845724106 0.466160237789154 0.476965010166168 0.511565685272217 0.592291355133057 0.600108206272125 0.607453346252441 0.604027211666107 0.613103628158569 0.642441987991333 0.649418592453003 0.648540854454041 0.669132649898529 0.672240197658539 0.64488285779953 0.6377272605896 0.688238203525543 0.699556171894073 0.673935234546661 0.702790796756744 0.724341213703156 0.7086541056633 0.734269380569458 0.767619609832764 0.78254759311676 0.797920763492584 0.843113243579865 0.849565982818604 0.867922782897949 0.827387571334839 0.828516662120819 0.858221173286438 0.890140533447266 0.919691443443298 0.916092157363892 0.927137792110443 0.927083075046539
0.511752784252167 0.448740124702454 0.333085298538208 0.313083738088608 0.313272744417191 0.39452937245369 0.414106130599976 0.44116485118866 0.45834282040596 0.497598946094513 0.518038690090179 0.527109563350677 0.53083860874176 0.514847636222839 0.546759068965912 0.635662198066711 0.627420246601105 0.633171439170837 0.636069476604462 0.625585496425629 0.66874486207962 0.617372870445251 0.632953107357025 0.62643837928772 0.66151636838913 0.662807881832123 0.668855249881744 0.674652993679047 0.721326410770416 0.727260172367096 0.751717984676361 0.761955618858337 0.771897852420807 0.786782264709473 0.801220715045929 0.839809417724609 0.861274242401123 0.87412440776825 0.847865104675293 0.86089551448822 0.900341629981995 0.896800398826599 0.88367223739624 0.907284796237946 0.933606266975403 0.942798852920532
0.480859339237213 0.447998374700546 0.351026177406311 0.36232978105545 0.370301514863968 0.389748424291611 0.465105026960373 0.470660537481308 0.45687273144722 0.491794228553772 0.516902565956116 0.519722521305084 0.553662717342377 0.5555060505867 0.536879777908325 0.598509430885315 0.618678331375122 0.651767194271088 0.665031254291534 0.65130889415741 0.637529969215393 0.645263254642487 0.64544016122818 0.660283386707306 0.636568188667297 0.661879479885101 0.694830119609833 0.661852121353149 0.692976951599121 0.749918282032013 0.758610367774963 0.788904845714569 0.776252090930939 0.772758185863495 0.787091374397278 0.828141450881958 0.861937642097473 0.871119320392609 0.927423775196075 0.916119873523712 0.922086954116821 0.918279826641083 0.930059313774109 0.926434695720673 0.927221536636353 0.936502516269684
0.402119964361191 0.45903354883194 0.358361780643463 0.348141849040985 0.506865262985229 0.372386127710342 0.450085043907166 0.471158385276794 0.501200020313263 0.509939730167389 0.544647455215454 0.530519843101501 0.528890371322632 0.559534072875977 0.573837280273438 0.587688803672791 0.640273630619049 0.679269909858704 0.655933916568756 0.689095079898834 0.671287298202515 0.630156934261322 0.673644661903381 0.657342970371246 0.652951896190643 0.667513251304626 0.693246841430664 0.723537445068359 0.698013246059418 0.771636486053467 0.779301881790161 0.799157857894897 0.806073248386383 0.80220890045166 0.813327074050903 0.822168231010437 0.861937642097473 0.824088394641876 0.920021831989288 0.921906054019928 0.925869047641754 0.933388769626617 0.943080961704254 0.935937464237213 0.934803605079651 0.936560451984406
0.417373836040497 0.402259260416031 0.389216780662537 0.388872116804123 0.43804144859314 0.468020170927048 0.480092018842697 0.491827785968781 0.513112008571625 0.540301322937012 0.537741541862488 0.541421294212341 0.562080085277557 0.583217680454254 0.59130322933197 0.588792026042938 0.649628102779388 0.641713857650757 0.648869395256042 0.697402536869049 0.695948362350464 0.691143214702606 0.676665544509888 0.669583797454834 0.664577841758728 0.707634449005127 0.68278968334198 0.72237640619278 0.768165707588196 0.779314517974854 0.796812832355499 0.829556405544281 0.848309695720673 0.825889766216278 0.830002844333649 0.854777574539185 0.861937642097473 0.798202157020569 0.843145310878754 0.909979820251465 0.905450761318207 0.924511551856995 0.931688249111176 0.934378802776337 0.933988153934479 0.928588271141052
0.448190301656723 0.445565223693848 0.427371442317963 0.41577136516571 0.468453735113144 0.48875766992569 0.502126395702362 0.518892347812653 0.536385536193848 0.555395603179932 0.580322623252869 0.574535369873047 0.563492774963379 0.602244853973389 0.597169637680054 0.606407582759857 0.676626205444336 0.666078209877014 0.712593674659729 0.698327958583832 0.680578410625458 0.705959975719452 0.706952750682831 0.683673620223999 0.710776031017303 0.715444028377533 0.756085991859436 0.756172657012939 0.760775744915009 0.801897704601288 0.835926175117493 0.892863392829895 0.874508023262024 0.872726142406464 0.876897573471069 0.850520968437195 0.849693894386292 0.864519655704498 0.829704761505127 0.878416955471039 0.901465237140656 0.917309105396271 0.926324486732483 0.929005801677704 0.926222383975983 0.92435085773468
0.464304208755493 0.437778562307358 0.454600960016251 0.457754760980606 0.514651715755463 0.50857937335968 0.529817938804626 0.518892347812653 0.547029674053192 0.566505491733551 0.568915367126465 0.575539290904999 0.581542134284973 0.614764332771301 0.685175657272339 0.682008802890778 0.698748648166656 0.718734562397003 0.721434473991394 0.717225074768066 0.713342607021332 0.698114514350891 0.742991805076599 0.748695373535156 0.726237654685974 0.767220675945282 0.74702912569046 0.785482168197632 0.795956373214722 0.821004927158356 0.843846380710602 0.899055063724518 0.919524371623993 0.902962803840637 0.878235578536987 0.875397205352783 0.87032824754715 0.816728591918945 0.85581362247467 0.9222252368927 0.92493087053299 0.926012277603149 0.92869645357132 0.932762980461121 0.928070962429047 0.927460134029388
0.456971079111099 0.483419358730316 0.455257296562195 0.474368393421173 0.477486222982407 0.492054522037506 0.50803941488266 0.542250156402588 0.550943553447723 0.559877991676331 0.57720559835434 0.59199470281601 0.656109690666199 0.706036806106567 0.686592936515808 0.69179379940033 0.7341268658638 0.741732537746429 0.724168419837952 0.714572310447693 0.711815357208252 0.716241776943207 0.74191552400589 0.74398535490036 0.750113248825073 0.761097848415375 0.78657478094101 0.776045083999634 0.786012649536133 0.819773375988007 0.860980451107025 0.913880527019501 0.904457211494446 0.925795495510101 0.882920861244202 0.882171928882599 0.862645149230957 0.897584199905396 0.862169742584229 0.928827702999115 0.930125653743744 0.927804231643677 0.933619976043701 0.929192721843719 0.917685449123383 0.928337395191193
0.463735997676849 0.437865376472473 0.512007832527161 0.492431610822678 0.499137371778488 0.513247966766357 0.569994151592255 0.573296964168549 0.56664913892746 0.562090158462524 0.576483488082886 0.666701674461365 0.725681841373444 0.709840357303619 0.698253810405731 0.709063053131104 0.747052431106567 0.733546853065491 0.749569118022919 0.719822406768799 0.725214302539825 0.762732267379761 0.75504732131958 0.772629618644714 0.779677867889404 0.779106438159943 0.789587736129761 0.808088958263397 0.815683901309967 0.81241774559021 0.876903176307678 0.914745926856995 0.905269265174866 0.930485367774963 0.90479564666748 0.886897563934326 0.887847244739532 0.896346807479858 0.882275581359863 0.914264738559723 0.930109560489655 0.915750741958618 0.91428941488266 0.917230546474457 0.914559543132782 0.915835380554199
0.462263554334641 0.478608250617981 0.517985582351685 0.46717357635498 0.509605050086975 0.514032006263733 0.57332044839859 0.578711748123169 0.576627790927887 0.59093713760376 0.586335182189941 0.703308045864105 0.720973253250122 0.719671905040741 0.714089512825012 0.7201247215271 0.739746987819672 0.740383744239807 0.746122121810913 0.734201550483704 0.755577623844147 0.758529543876648 0.757532119750977 0.792742252349854 0.808942317962646 0.819539964199066 0.796072423458099 0.799858391284943 0.829963147640228 0.861322641372681 0.876568615436554 0.897351920604706 0.92399936914444 0.918842613697052 0.909925222396851 0.890115320682526 0.899742960929871 0.913310050964355 0.904221594333649 0.925360262393951 0.927563667297363 0.910361051559448 0.915496230125427 0.912821233272552 0.914752602577209 0.905976891517639
0.490812867879868 0.477526843547821 0.552428781986237 0.539209067821503 0.531071305274963 0.514765799045563 0.59250420331955 0.594179391860962 0.599726736545563 0.605794668197632 0.71208119392395 0.729152619838715 0.726313829421997 0.723890662193298 0.733508825302124 0.721408784389496 0.751146137714386 0.757495045661926 0.773995637893677 0.741824328899384 0.78008908033371 0.786387860774994 0.790980696678162 0.770457088947296 0.779869794845581 0.812615275382996 0.804995894432068 0.835609972476959 0.845492541790009 0.859117090702057 0.872845947742462 0.905153930187225 0.91095769405365 0.918745160102844 0.912775218486786 0.908118307590485 0.914972424507141 0.931050837039948 0.904440641403198 0.917327046394348 0.928022742271423 0.916308283805847 0.909943521022797 0.919541478157043 0.914117217063904 0.910888910293579
0.513233363628387 0.489516168832779 0.486697137355804 0.540005385875702 0.554452836513519 0.530941188335419 0.530190706253052 0.586656212806702 0.671638369560242 0.725558936595917 0.744960606098175 0.734358847141266 0.726433098316193 0.742032885551453 0.72425901889801 0.777986943721771 0.768856823444366 0.748039484024048 0.753361105918884 0.77932596206665 0.782150506973267 0.819475531578064 0.79683518409729 0.800325512886047 0.821466207504272 0.813691854476929 0.828169405460358 0.857445240020752 0.842338144779205 0.865169763565063 0.866977572441101 0.906086564064026 0.917399644851685 0.91691529750824 0.912357687950134 0.920112252235413 0.924339056015015 0.936758697032928 0.911897778511047 0.922347903251648 0.923566043376923 0.922742664813995 0.909069180488586 0.903769016265869 0.911694645881653 0.9104905128479
0.526007294654846 0.520534515380859 0.5179283618927 0.56897646188736 0.565208792686462 0.613259851932526 0.602457106113434 0.692381799221039 0.733711063861847 0.746894419193268 0.762353897094727 0.743304252624512 0.73795360326767 0.750003039836884 0.75282746553421 0.787213563919067 0.781815826892853 0.778547942638397 0.808921098709106 0.806259453296661 0.810036301612854 0.832342565059662 0.803468883037567 0.833091557025909 0.833016693592072 0.818850934505463 0.825736582279205 0.855211198329926 0.841336309909821 0.892725050449371 0.898045182228088 0.90293288230896 0.892064690589905 0.880545675754547 0.915569007396698 0.917808473110199 0.931969165802002 0.934344053268433 0.908941090106964 0.93742698431015 0.927699863910675 0.921597063541412 0.916798233985901 0.906232118606567 0.906122803688049 0.915538847446442
