data/climate_estimation/maxent_output/Ornithoglossum_vulgare.asc
NCOLS 221 
NROWS 233 
XLLCORNER 12.1666666666667 
YLLCORNER -33.8333333333333 
CELLSIZE 0.0833333333333333 
NODATA_value -3.4e+38 
[rows 100 to 119 of 233, columns 138 to 183 of 221]
0.811076998710632 0.806408226490021 0.812240779399872 0.811450064182281 0.815186500549316 0.818383097648621 0.819940030574799 0.81696355342865 0.825801730155945 0.830608248710632 0.825734257698059 0.845903813838959 0.857669115066528 0.856611907482147 0.859220743179321 0.852894842624664 0.872224926948547 0.870359241962433 0.878145575523376 0.872609257698059 0.898367345333099 0.894828081130981 0.891590595245361 0.910168409347534 0.907090604305267 0.903264760971069 0.907149136066437 0.911326885223389 0.915919899940491 0.906880736351013 0.906638264656067 0.900536060333252 0.902507245540619 0.900527238845825 0.900015294551849 0.898485600948334 0.895123839378357 0.892252445220947 0.879796326160431 0.873217701911926 0.874599695205688 0.867697596549988 0.84915429353714 0.851125478744507 0.857169926166534 0.848304033279419
0.809765338897705 0.809115767478943 0.814382135868073 0.818349599838257 0.817712068557739 0.818858921527863 0.817584455013275 0.831151008605957 0.828872084617615 0.834755122661591 0.834755122661591 0.852851033210754 0.852077484130859 0.853156328201294 0.858538925647736 0.854148507118225 0.871683776378632 0.883577227592468 0.883669197559357 0.902007937431335 0.897120833396912 0.897223353385925 0.897404253482819 0.907655596733093 0.910988628864288 0.918771803379059 0.913463830947876 0.905783653259277 0.91402393579483 0.900155246257782 0.90498161315918 0.917779684066772 0.901758968830109 0.900791823863983 0.904743313789368 0.898806989192963 0.890737175941467 0.8958700299263 0.886966407299042 0.871972262859344 0.864467203617096 0.856250822544098 0.86642324924469 0.860321521759033 0.865088582038879 0.872311532497406
0.812841236591339 0.825919032096863 0.818953573703766 0.821617364883423 0.82262772321701 0.833690643310547 0.835404336452484 0.83236962556839 0.830957889556885 0.832053959369659 0.847156882286072 0.852154493331909 0.854110360145569 0.853721380233765 0.862830817699432 0.881737411022186 0.882764160633087 0.877234399318695 0.881808817386627 0.899070560932159 0.898610353469849 0.89499831199646 0.910463571548462 0.907202661037445 0.906405806541443 0.914340794086456 0.916292488574982 0.920623660087585 0.914174139499664 0.898835361003876 0.900670111179352 0.897539258003235 0.902195870876312 0.897285401821136 0.90177845954895 0.891589820384979 0.890031576156616 0.878251433372498 0.856802642345428 0.868233799934387 0.877751767635345 0.857587218284607 0.868539273738861 0.86872661113739 0.872235357761383 0.873480975627899
0.838453650474548 0.839648425579071 0.84014505147934 0.845237791538239 0.840739488601685 0.843376517295837 0.841580748558044 0.840739488601685 0.845030128955841 0.862798631191254 0.867308259010315 0.86108660697937 0.861524045467377 0.871926426887512 0.891089498996735 0.882243752479553 0.886508345603943 0.886609733104706 0.897648394107819 0.899545848369598 0.896112084388733 0.908416926860809 0.908945620059967 0.909692466259003 0.906786859035492 0.913994133472443 0.919571995735168 0.907813012599945 0.904577314853668 0.900309801101685 0.892487168312073 0.894062340259552 0.895933508872986 0.886995553970337 0.888814449310303 0.883817851543427 0.880920052528381 0.854297161102295 0.835556387901306 0.864539742469788 0.86844789981842 0.880904972553253 0.86089164018631 0.86073762178421 0.870985329151154 0.875331997871399
0.843715369701385 0.843343257904053 0.849221169948578 0.850144505500793 0.853444993495941 0.854023098945618 0.851826071739197 0.852871417999268 0.873128771781921 0.867493867874146 0.869346559047699 0.870001792907715 0.875455141067505 0.890491783618927 0.88808810710907 0.894763231277466 0.885478317737579 0.896185278892517 0.896601378917694 0.901394486427307 0.89533656835556 0.912065625190735 0.911841213703156 0.908426702022552 0.914612829685211 0.914746046066284 0.912423849105835 0.913432836532593 0.904317736625671 0.903254985809326 0.89877188205719 0.877014458179474 0.888993740081787 0.878277778625488 0.873806536197662 0.857282936573029 0.855019986629486 0.828572511672974 0.840957403182983 0.856870412826538 0.872336506843567 0.873566925525665 0.883342385292053 0.870022296905518 0.858238995075226 0.867713153362274
0.851179838180542 0.847338736057281 0.853836238384247 0.854413628578186 0.874531447887421 0.871026992797852 0.870408415794373 0.870517253875732 0.870517253875732 0.872780025005341 0.873211145401001 0.872773170471191 0.886366546154022 0.89318835735321 0.888680100440979 0.897275924682617 0.899082124233246 0.895312905311584 0.898813307285309 0.898553490638733 0.911142528057098 0.91020804643631 0.910336971282959 0.925019085407257 0.91680783033371 0.915684163570404 0.917522788047791 0.909696817398071 0.907221794128418 0.88317608833313 0.876850008964539 0.866066873073578 0.874883770942688 0.85921573638916 0.873750448226929 0.848401188850403 0.833718955516815 0.849976360797882 0.84893262386322 0.855894386768341 0.856284499168396 0.873500883579254 0.87544721364975 0.878588974475861 0.886658549308777 0.880471527576447
0.861998915672302 0.859553635120392 0.877470016479492 0.879156470298767 0.880922496318817 0.875066339969635 0.875066339969635 0.881236374378204 0.871265292167664 0.877211928367615 0.876363158226013 0.890107333660126 0.890529274940491 0.88667219877243 0.894613444805145 0.893339276313782 0.897744655609131 0.892265439033508 0.898049116134644 0.909463047981262 0.913721024990082 0.90805721282959 0.917679190635681 0.919182538986206 0.915466606616974 0.902660012245178 0.907559275627136 0.900619208812714 0.891545295715332 0.887084722518921 0.878600120544434 0.870490252971649 0.85125744342804 0.855550587177277 0.848012387752533 0.842325568199158 0.842804849147797 0.844504356384277 0.855780482292175 0.848858714103699 0.858182549476624 0.872277677059174 0.877845287322998 0.886658549308777 0.895010590553284 0.894575178623199
0.867744505405426 0.875558197498322 0.874810516834259 0.879995048046112 0.879773378372192 0.87903904914856 0.880806028842926 0.873029351234436 0.881964683532715 0.893500030040741 0.895257472991943 0.888829231262207 0.889719307422638 0.889728903770447 0.902409434318542 0.905937075614929 0.895719945430756 0.897196888923645 0.911480903625488 0.906392693519592 0.902142286300659 0.904591202735901 0.91667103767395 0.917161047458649 0.913726508617401 0.907423377037048 0.90020763874054 0.891084492206573 0.891387164592743 0.88461697101593 0.880225121974945 0.871313750743866 0.861819803714752 0.848447322845459 0.848704814910889 0.844461262226105 0.844716608524323 0.844333589076996 0.837644755840302 0.850726783275604 0.861183166503906 0.867896914482117 0.872491240501404 0.885871231555939 0.884908080101013 0.892869293689728
0.883522391319275 0.879522621631622 0.880985796451569 0.880985796451569 0.883768677711487 0.883871555328369 0.879260003566742 0.895246267318726 0.892220675945282 0.887383460998535 0.887686610221863 0.886289298534393 0.886390924453735 0.909447014331818 0.905479252338409 0.90144157409668 0.899696052074432 0.906074464321136 0.905478358268738 0.906756997108459 0.905796051025391 0.914382457733154 0.912863790988922 0.914429366588593 0.92112922668457 0.906304240226746 0.898687899112701 0.891934275627136 0.8932865858078 0.879754483699799 0.868270218372345 0.869147181510925 0.857501745223999 0.844792485237122 0.834091901779175 0.843231022357941 0.848004400730133 0.8338822722435 0.853365838527679 0.851256370544434 0.859116792678833 0.856488049030304 0.841552674770355 0.872058510780334 0.877360999584198 0.88141393661499
0.891319990158081 0.893726289272308 0.889656841754913 0.890753984451294 0.887094080448151 0.891845166683197 0.900839388370514 0.899420142173767 0.895102202892303 0.891714751720428 0.885168015956879 0.90689092874527 0.895623207092285 0.903146624565125 0.897003471851349 0.898918867111206 0.909484267234802 0.902845561504364 0.899277210235596 0.904097199440002 0.917754590511322 0.914917886257172 0.916183590888977 0.914713323116302 0.912306666374207 0.915332496166229 0.915278077125549 0.908040761947632 0.902217864990234 0.881182730197906 0.869109451770782 0.861209273338318 0.856153726577759 0.849153399467468 0.859086692333221 0.865950882434845 0.85893988609314 0.856366455554962 0.854382634162903 0.846423923969269 0.835657715797424 0.824607610702515 0.828314304351807 0.866309404373169 0.86465322971344 0.872690081596375
0.895712196826935 0.892889082431793 0.899359822273254 0.890056490898132 0.890056490898132 0.890554964542389 0.903022885322571 0.896991312503815 0.897064924240112 0.889466226100922 0.905796468257904 0.90542995929718 0.900994539260864 0.90456485748291 0.897111058235168 0.911900043487549 0.907105028629303 0.905635237693787 0.901018261909485 0.915196537971497 0.915530264377594 0.919357299804688 0.914464235305786 0.923957765102386 0.921162188053131 0.927882552146912 0.918835699558258 0.912402331829071 0.907280564308167 0.8908970952034 0.882422804832458 0.876783609390259 0.862355887889862 0.863731741905212 0.862759828567505 0.871601164340973 0.86282354593277 0.853050470352173 0.849234461784363 0.838765919208527 0.833527684211731 0.838730037212372 0.85383677482605 0.862842559814453 0.849119901657104 0.839087784290314
0.904047310352325 0.896582722663879 0.893870532512665 0.892987430095673 0.89503026008606 0.904461443424225 0.906205058097839 0.899466395378113 0.898705005645752 0.908359467983246 0.911204695701599 0.905117154121399 0.904933273792267 0.906398177146912 0.908020377159119 0.91101735830307 0.913002073764801 0.911139309406281 0.916460752487183 0.912266612052917 0.908703565597534 0.920413255691528 0.916856110095978 0.920151829719543 0.920518159866333 0.921343207359314 0.928137183189392 0.92439079284668 0.909564018249512 0.905545830726624 0.89520275592804 0.877104997634888 0.873095273971558 0.862163662910461 0.864619016647339 0.86290842294693 0.867144286632538 0.858270823955536 0.868160426616669 0.83443957567215 0.842482566833496 0.843514621257782 0.860294282436371 0.856818795204163 0.852411568164825 0.839666366577148
0.903584241867065 0.90311986207962 0.905418038368225 0.906241536140442 0.894347906112671 0.910197675228119 0.910553276538849 0.90195631980896 0.912215054035187 0.908189833164215 0.907727777957916 0.906016826629639 0.915634393692017 0.910550177097321 0.906735599040985 0.902546405792236 0.91132652759552 0.910023868083954 0.922201812267303 0.917274951934814 0.916935443878174 0.917179346084595 0.929807305335999 0.929289937019348 0.923342645168304 0.932770133018494 0.928042113780975 0.928930580615997 0.920011818408966 0.917110025882721 0.897001326084137 0.891911089420319 0.88239723443985 0.864785313606262 0.881061375141144 0.878574848175049 0.865042507648468 0.858067333698273 0.859716236591339 0.848101139068604 0.848175764083862 0.850289285182953 0.846451997756958 0.837467849254608 0.82560920715332 0.820107579231262
0.915323615074158 0.913660109043121 0.904590427875519 0.905234515666962 0.913938224315643 0.913229584693909 0.909305036067963 0.901111543178558 0.914394557476044 0.90809965133667 0.903726994991302 0.916329026222229 0.909078001976013 0.907540678977966 0.918988943099976 0.915237784385681 0.905093669891357 0.915282905101776 0.917432844638824 0.923522889614105 0.91765969991684 0.928839027881622 0.934951186180115 0.940339624881744 0.939024448394775 0.940294027328491 0.940570414066315 0.928319811820984 0.931236863136292 0.920525729656219 0.901945292949677 0.889058470726013 0.879011869430542 0.872945189476013 0.8858562707901 0.863501667976379 0.866452693939209 0.855133652687073 0.857092142105103 0.846432626247406 0.838141977787018 0.848426759243011 0.840560793876648 0.829456806182861 0.827168643474579 0.821628212928772
0.922763884067535 0.916702508926392 0.91582840681076 0.9077268242836 0.921349048614502 0.912792801856995 0.913142323493958 0.923586785793304 0.918003439903259 0.907719969749451 0.917374014854431 0.91115140914917 0.907439470291138 0.910922110080719 0.910201370716095 0.913510501384735 0.91654497385025 0.923585712909698 0.91973751783371 0.934440970420837 0.933695077896118 0.932176530361176 0.932101488113403 0.934208989143372 0.933565735816956 0.939476370811462 0.94287520647049 0.929567873477936 0.93584531545639 0.9266477227211 0.911954402923584 0.905499339103699 0.885462045669556 0.885474026203156 0.888139605522156 0.878556668758392 0.865843534469604 0.859715044498444 0.841950833797455 0.839554846286774 0.830599308013916 0.827025830745697 0.828789293766022 0.833238363265991 0.817259013652802 0.816774964332581
0.922448337078094 0.926617801189423 0.926055431365967 0.914796710014343 0.920285284519196 0.920772075653076 0.911386430263519 0.922622859477997 0.917495489120483 0.908417105674744 0.919141709804535 0.916559934616089 0.920301198959351 0.911165177822113 0.91689544916153 0.918548762798309 0.916640162467957 0.931841313838959 0.928980648517609 0.931584119796753 0.930343270301819 0.934111475944519 0.932660162448883 0.936332166194916 0.938082098960876 0.931861042976379 0.936154663562775 0.935801327228546 0.931751012802124 0.923900902271271 0.915692508220673 0.910469651222229 0.904053032398224 0.886763870716095 0.889929413795471 0.872612774372101 0.865455687046051 0.869708359241486 0.849577367305756 0.826040804386139 0.820797383785248 0.826326489448547 0.789872944355011 0.794171333312988 0.787369430065155 0.792513906955719
0.935964703559875 0.938245713710785 0.931329607963562 0.922352731227875 0.932856023311615 0.920109570026398 0.916616678237915 0.925609350204468 0.919864416122437 0.921887040138245 0.912945151329041 0.916698217391968 0.923512816429138 0.925059974193573 0.918056309223175 0.916128218173981 0.914936482906342 0.924455225467682 0.930418312549591 0.936760246753693 0.928553223609924 0.931093692779541 0.93938273191452 0.935552954673767 0.937832772731781 0.9369136095047 0.942956209182739 0.925572752952576 0.931625604629517 0.929909884929657 0.929784059524536 0.926436424255371 0.904786646366119 0.89014208316803 0.886504888534546 0.875901877880096 0.870216012001038 0.856334924697876 0.834018409252167 0.805879652500153 0.80290824174881 0.795414209365845 0.781029284000397 0.783470273017883 0.795066475868225 0.789200782775879
0.930475294589996 0.938770830631256 0.939580738544464 0.934680938720703 0.93522047996521 0.930662035942078 0.940487146377563 0.934267580509186 0.924119830131531 0.929124355316162 0.91631406545639 0.922140300273895 0.914094924926758 0.924723923206329 0.928053140640259 0.928077459335327 0.927921652793884 0.926302373409271 0.925793707370758 0.92783796787262 0.93197774887085 0.92640620470047 0.93314254283905 0.938760042190552 0.936626434326172 0.942556500434875 0.93885725736618 0.923011064529419 0.925425112247467 0.927302956581116 0.915907502174377 0.916426837444305 0.904665350914001 0.899646520614624 0.876760542392731 0.870957434177399 0.861584842205048 0.828168272972107 0.804018795490265 0.79469883441925 0.7907555103302 0.776151776313782 0.767734825611115 0.774129331111908 0.764019310474396 0.775239229202271
0.938957512378693 0.933271586894989 0.941404938697815 0.936391592025757 0.943287789821625 0.934782147407532 0.941525101661682 0.935219764709473 0.93632584810257 0.931049585342407 0.932724177837372 0.926478743553162 0.933548927307129 0.933659195899963 0.93328869342804 0.921582341194153 0.927628695964813 0.930327653884888 0.924490213394165 0.928988635540009 0.921864748001099 0.919891476631165 0.926207840442657 0.945772349834442 0.94597452878952 0.940159380435944 0.932332396507263 0.937331855297089 0.935190618038177 0.928645670413971 0.919135630130768 0.908179581165314 0.902472496032715 0.889998435974121 0.884524047374725 0.873267352581024 0.854715406894684 0.823344349861145 0.806940793991089 0.779208838939667 0.752435147762299 0.748836159706116 0.73207414150238 0.731446087360382 0.744858682155609 0.752989053726196
0.942374587059021 0.940764963626862 0.94832044839859 0.940097749233246 0.938310086727142 0.94037663936615 0.940495252609253 0.933603227138519 0.939977705478668 0.933832168579102 0.935604691505432 0.936147332191467 0.931726098060608 0.935064852237701 0.930368959903717 0.931436598300934 0.924841403961182 0.92978835105896 0.931875884532928 0.920450568199158 0.924849152565002 0.928114950656891 0.930381834506989 0.939821898937225 0.942050993442535 0.933823108673096 0.932634055614471 0.93889993429184 0.924475371837616 0.925353348255157 0.914644241333008 0.902584075927734 0.910585820674896 0.89728969335556 0.883743822574615 0.850625276565552 0.84251880645752 0.815508365631104 0.797505259513855 0.76331090927124 0.74721896648407 0.716772973537445 0.68875515460968 0.705950856208801 0.711465120315552 0.716718196868896
