data/climate_estimation/maxent_output/Ornithoglossum_undulatum.asc
NCOLS 101 
NROWS 73 
XLLCORNER 16.6666666666667 
YLLCORNER -34 
CELLSIZE 0.0833333333333333 
NODATA_value -3.4e+38 
[rows 0 to 20 of 73, columns 46 to 91 of 101]
0.0964395478367805 0.100202016532421 0.0996477231383324 0.101577319204807 0.0973976477980614 0.0996950343251228 0.0934345275163651 0.0845260173082352 0.0872321724891663 0.14272640645504 0.132622063159943 0.143992006778717 0.128282248973846 0.125677525997162 0.125909626483917 0.11261460930109 0.113086424767971 0.102076463401318 0.110891498625278 0.113060019910336 0.0973246246576309 0.0891029089689255 0.089500330388546 0.0753086432814598 0.0645238608121872 0.0714304894208908 0.0640667900443077 0.0613272674381733 0.0831364616751671 0.0904635488986969 0.100944496691227 0.10677994042635 0.108293041586876 0.104459926486015 0.0989914461970329 0.0948655307292938 0.097157821059227 0.0894681513309479 0.0863774642348289 0.0720397680997849 0.0712215527892113 0.0656449049711227 0.0606636106967926 0.0546214692294598 0.0547386258840561 0.0550066120922565
0.0992724448442459 0.0962494611740112 0.0944274142384529 0.0961227491497993 0.099058710038662 0.10602018982172 0.0980311334133148 0.140659511089325 0.159913808107376 0.159921318292618 0.141000434756279 0.145403206348419 0.132449984550476 0.136988505721092 0.130073755979538 0.109459392726421 0.115021102130413 0.115520536899567 0.124897673726082 0.114961184561253 0.0994692966341972 0.0960499942302704 0.100422948598862 0.0873796716332436 0.0763965845108032 0.073494553565979 0.0679878070950508 0.0754284933209419 0.0961027592420578 0.109490752220154 0.115318164229393 0.118887931108475 0.118107564747334 0.118081204593182 0.105873204767704 0.10789543390274 0.1031893491745 0.0888763070106506 0.0851684212684631 0.081068180501461 0.0734847709536552 0.0648054629564285 0.0616400763392448 0.0552797950804234 0.0538971461355686 0.0563789717853069
0.110051929950714 0.109964080154896 0.106438994407654 0.110082425177097 0.0992537960410118 0.176020607352257 0.167519271373749 0.165997639298439 0.167073786258698 0.148459479212761 0.153581634163857 0.153581634163857 0.134688481688499 0.145358249545097 0.134218171238899 0.151803001761436 0.139556899666786 0.123369917273521 0.129171460866928 0.117844872176647 0.113781273365021 0.108805097639561 0.0914417132735252 0.0957985296845436 0.0920599848031998 0.0817658007144928 0.0840847417712212 0.0912930965423584 0.120903752744198 0.141041472554207 0.14988611638546 0.146551877260208 0.159533098340034 0.133686050772667 0.123574011027813 0.11694073677063 0.105337463319302 0.0918223634362221 0.0904767066240311 0.078174389898777 0.0713536590337753 0.0644357278943062 0.0599304437637329 0.0555302463471889 0.052346620708704 0.0502006150782108
0.109043121337891 0.111494548618793 0.107741452753544 0.185929626226425 0.181273713707924 0.164932504296303 0.187191873788834 0.176911637187004 0.176037609577179 0.171809673309326 0.155559748411179 0.147981271147728 0.148139819502831 0.13714325428009 0.16634313762188 0.162438035011292 0.152791708707809 0.133961275219917 0.128305539488792 0.123173423111439 0.110905610024929 0.11034632474184 0.102970615029335 0.0998996645212173 0.0997843742370605 0.100190103054047 0.107063725590706 0.122804798185825 0.141110509634018 0.171643450856209 0.187246471643448 0.164218679070473 0.163252621889114 0.148112192749977 0.137371361255646 0.126992776989937 0.119563832879066 0.0994874387979507 0.0947033911943436 0.0820974633097649 0.0745982751250267 0.0658760666847229 0.0595853924751282 0.0583175122737885 0.0489542037248611 0.0409713014960289
0.169455155730247 0.184039056301117 0.174931883811951 0.191225454211235 0.198159337043762 0.194225624203682 0.184421598911285 0.194407284259796 0.183876633644104 0.160924047231674 0.168162852525711 0.155480921268463 0.144813537597656 0.176840171217918 0.179491773247719 0.14956571161747 0.149978592991829 0.132921263575554 0.139044225215912 0.11438263207674 0.1183150857687 0.116893962025642 0.102732345461845 0.109500177204609 0.113875523209572 0.114969469606876 0.116468757390976 0.136007189750671 0.175203531980515 0.207583010196686 0.228516846895218 0.214895829558372 0.180497482419014 0.162409022450447 0.149006471037865 0.136071920394897 0.123759664595127 0.107150621712208 0.0969473570585251 0.0868217572569847 0.0819458439946175 0.0711545795202255 0.0623778738081455 0.0545310154557228 0.0387277454137802 0.0322990864515305
0.17863342165947 0.208560585975647 0.206386640667915 0.206595212221146 0.199894368648529 0.190422475337982 0.199484199285507 0.188796892762184 0.205162703990936 0.194933831691742 0.168920814990997 0.160362750291824 0.176709234714508 0.185102328658104 0.165176779031754 0.162159398198128 0.145296484231949 0.139001086354256 0.126938074827194 0.131491988897324 0.128068789839745 0.117112368345261 0.119404457509518 0.121338732540607 0.121424339711666 0.133711814880371 0.135286316275597 0.154070764780045 0.189754024147987 0.217004224658012 0.22202180325985 0.208553746342659 0.175522699952126 0.170109540224075 0.171069458127022 0.140951812267303 0.129116892814636 0.115410156548023 0.105298809707165 0.0859005153179169 0.0759530588984489 0.0657276883721352 0.0617628432810307 0.0417008623480797 0.0284815020859241 0.0273932032287121
0.195778414607048 0.227256298065186 0.227425202727318 0.211475849151611 0.222926884889603 0.198732525110245 0.225537449121475 0.197931841015816 0.199685171246529 0.190575480461121 0.183652356266975 0.201970294117928 0.208402052521706 0.184289768338203 0.174079447984695 0.162074118852615 0.148081421852112 0.140667393803596 0.128498941659927 0.132533609867096 0.125491067767143 0.123903580009937 0.13152003288269 0.125544115900993 0.121309280395508 0.127784579992294 0.158245325088501 0.173199951648712 0.183023914694786 0.214130684733391 0.220116436481476 0.217598140239716 0.199116051197052 0.179585307836533 0.17283584177494 0.15414696931839 0.135042130947113 0.108883827924728 0.097973994910717 0.0811475738883018 0.070458821952343 0.0661122649908066 0.0570839457213879 0.0352860800921917 0.026310496032238 0.0253320373594761
0.209440752863884 0.216717779636383 0.234721198678017 0.227168068289757 0.231814235448837 0.205917418003082 0.208306297659874 0.219988510012627 0.184023439884186 0.239327654242516 0.234306454658508 0.205449894070625 0.19891120493412 0.194812402129173 0.166040852665901 0.153436571359634 0.151867032051086 0.137638881802559 0.144260406494141 0.124743491411209 0.130433112382889 0.129858091473579 0.131878510117531 0.130081117153168 0.13920359313488 0.141117796301842 0.139426335692406 0.154072001576424 0.17286916077137 0.179045021533966 0.207324057817459 0.224768802523613 0.207618087530136 0.190347671508789 0.184666752815247 0.15273979306221 0.13027149438858 0.111448474228382 0.0955783799290657 0.0779870599508286 0.0698545947670937 0.0616793669760227 0.0411018617451191 0.0321382842957973 0.027958370745182 0.031221566721797
0.261848658323288 0.276973128318787 0.268828630447388 0.252875953912735 0.263121992349625 0.258479446172714 0.239028051495552 0.234424591064453 0.258148670196533 0.255145370960236 0.229148045182228 0.225221753120422 0.197931662201881 0.187909349799156 0.155764758586884 0.147313788533211 0.153792724013329 0.137376472353935 0.149380549788475 0.13053086400032 0.134872078895569 0.125291660428047 0.12729811668396 0.132650405168533 0.140747278928757 0.136964172124863 0.152675062417984 0.155704766511917 0.165927976369858 0.197216033935547 0.204435005784035 0.226466909050941 0.21224445104599 0.193835809826851 0.164714336395264 0.142525613307953 0.131645336747169 0.105140186846256 0.0914149209856987 0.0769209712743759 0.0658012330532074 0.0496990159153938 0.0343836359679699 0.0326605141162872 0.0312979966402054 0.0347481220960617
0.255091726779938 0.28132426738739 0.295463562011719 0.262996435165405 0.260670095682144 0.244530588388443 0.219705000519753 0.23859840631485 0.241409510374069 0.24833057820797 0.231209337711334 0.200889334082603 0.191651999950409 0.171254366636276 0.167652651667595 0.149913042783737 0.148511797189713 0.145505353808403 0.13641893863678 0.132814422249794 0.119646064937115 0.130437836050987 0.118274830281734 0.137371748685837 0.141965314745903 0.125998333096504 0.144097790122032 0.142906934022903 0.171939224004745 0.178971752524376 0.192288503050804 0.205159068107605 0.195015043020248 0.185293659567833 0.163995161652565 0.144057214260101 0.1159443333745 0.101925022900105 0.0864202752709389 0.0795391425490379 0.0547873862087727 0.0406470000743866 0.0368325896561146 0.0324910096824169 0.034329429268837 0.0381112284958363
0.268684029579163 0.279128402471542 0.246551156044006 0.250835448503494 0.255416452884674 0.269124686717987 0.251271039247513 0.25157231092453 0.228651344776154 0.233342945575714 0.211083084344864 0.211426213383675 0.193119779229164 0.183669105172157 0.16270400583744 0.144944280385971 0.138602659106255 0.129528135061264 0.134921714663506 0.131136253476143 0.126527279615402 0.12166378647089 0.119660437107086 0.132290840148926 0.121569730341434 0.136620610952377 0.152863174676895 0.145570412278175 0.160212472081184 0.1726915538311 0.191947087645531 0.195830419659615 0.193616062402725 0.167212948203087 0.156116768717766 0.134403765201569 0.111702457070351 0.0976016893982887 0.0835358127951622 0.0581892058253288 0.047733336687088 0.0419365391135216 0.0360589399933815 0.0355817936360836 0.0359545238316059 0.0371347777545452
0.297863394021988 0.24564228951931 0.265791982412338 0.258800595998764 0.264412045478821 0.269938677549362 0.255716025829315 0.240197703242302 0.236765205860138 0.20606204867363 0.222205296158791 0.196240395307541 0.188516139984131 0.168725863099098 0.153507009148598 0.147599101066589 0.143486589193344 0.13237926363945 0.124376356601715 0.117993645370007 0.122506104409695 0.112296812236309 0.121804319322109 0.126988396048546 0.125298157334328 0.122920647263527 0.140024110674858 0.14754943549633 0.162293136119843 0.173569336533546 0.180599331855774 0.174878656864166 0.177326917648315 0.155007258057594 0.140053302049637 0.126491919159889 0.109600193798542 0.0880199074745178 0.0589116774499416 0.0518343709409237 0.0423802584409714 0.0399177297949791 0.0398014187812805 0.0393539071083069 0.0397713594138622 0.0389278084039688
0.257434397935867 0.25755512714386 0.24839024245739 0.262198358774185 0.257332921028137 0.256894767284393 0.221750527620316 0.238138347864151 0.222916498780251 0.216344326734543 0.202295944094658 0.201068088412285 0.175007820129395 0.170951351523399 0.170063719153404 0.158817559480667 0.144849330186844 0.122473634779453 0.124847397208214 0.113004229962826 0.12373648583889 0.115368701517582 0.11199463903904 0.11361738294363 0.121269509196281 0.124970637261868 0.136199057102203 0.141462028026581 0.164372116327286 0.173210889101028 0.165391519665718 0.158613607287407 0.152728125452995 0.132079973816872 0.129366472363472 0.1133883446455 0.105655573308468 0.0663628280162811 0.0534508191049099 0.0484410412609577 0.0443738326430321 0.0415225736796856 0.0405552536249161 0.0425617285072803 0.0430107861757278 0.0413641929626465
0.245894506573677 0.248841643333435 0.257117092609406 0.228709831833839 0.244944736361504 0.246956437826157 0.227408155798912 0.229162141680717 0.215081438422203 0.22248400747776 0.22397355735302 0.185815751552582 0.16970306634903 0.168079674243927 0.162908598780632 0.147749841213226 0.149578019976616 0.130150988698006 0.118049003183842 0.11334466189146 0.11179119348526 0.107234731316566 0.108127318322659 0.107334837317467 0.10711394995451 0.126049563288689 0.144620999693871 0.152481883764267 0.15546253323555 0.165424525737762 0.163432896137238 0.143109411001205 0.124210633337498 0.124755181372166 0.121142596006393 0.115684747695923 0.0916330441832542 0.0567932724952698 0.0476366356015205 0.0455909632146358 0.0422168783843517 0.0453474260866642 0.0470454543828964 0.0481060333549976 0.0467653274536133 0.0531538687646389
0.282588303089142 0.249237522482872 0.25676366686821 0.215753421187401 0.220017045736313 0.218201920390129 0.200156062841415 0.199044540524483 0.195633947849274 0.199530065059662 0.198425531387329 0.182236909866333 0.173852145671844 0.174870610237122 0.154777139425278 0.143857732415199 0.143668308854103 0.126742273569107 0.110635749995708 0.111711613833904 0.101132415235043 0.105474941432476 0.106629975140095 0.108204029500484 0.103740908205509 0.116071820259094 0.135043621063232 0.136650741100311 0.129036426544189 0.135026007890701 0.143521308898926 0.13710655272007 0.112279281020164 0.104501150548458 0.107927389442921 0.0896788239479065 0.076797254383564 0.0614302009344101 0.0542452000081539 0.0510875880718231 0.0524880737066269 0.0515606328845024 0.0522680692374706 0.0555676072835922 0.0544091910123825 0.0640077367424965
0.279620140790939 0.270347595214844 0.239618197083473 0.223150178790092 0.206836119294167 0.19190414249897 0.174729973077774 0.172978594899178 0.17532354593277 0.178686946630478 0.189125165343285 0.177826285362244 0.163599163293839 0.157770305871964 0.153689444065094 0.137611135840416 0.128258213400841 0.124091811478138 0.112802408635616 0.108327157795429 0.0967780500650406 0.0965230017900467 0.102141708135605 0.100933723151684 0.0977701470255852 0.115488722920418 0.11972688883543 0.11572590470314 0.116388775408268 0.12552747130394 0.132218539714813 0.121124729514122 0.113465540111065 0.09062509983778 0.0910537168383598 0.0833189859986305 0.0709906592965126 0.0670244842767715 0.0561929866671562 0.0560201853513718 0.0591512657701969 0.0630689486861229 0.0658827796578407 0.0661918520927429 0.0631319880485535 0.0742658749222755
0.268515229225159 0.263549298048019 0.243511751294136 0.213767468929291 0.224189475178719 0.180936902761459 0.170388579368591 0.153995841741562 0.154994085431099 0.151692450046539 0.167598068714142 0.166291907429695 0.158866047859192 0.149811834096909 0.13983154296875 0.138933956623077 0.122363954782486 0.117760613560677 0.108504198491573 0.102807603776455 0.0989803075790405 0.088898666203022 0.0886685848236084 0.0917393714189529 0.0960381329059601 0.0922936722636223 0.0983809009194374 0.10355432331562 0.115245468914509 0.11115774512291 0.107129767537117 0.104438364505768 0.106643326580524 0.0985527560114861 0.0969991609454155 0.086248978972435 0.085500955581665 0.0821628868579865 0.0674914196133614 0.062507800757885 0.064278170466423 0.0686303153634071 0.0694988146424294 0.0704109668731689 0.0695822685956955 0.0818408504128456
0.254677265882492 0.239127352833748 0.234481066465378 0.224908754229546 0.211233079433441 0.201102450489998 0.185071751475334 0.143823310732841 0.142583519220352 0.153517723083496 0.161933198571205 0.156861081719398 0.155667573213577 0.145112186670303 0.127911046147346 0.123516328632832 0.126216441392899 0.119625516235828 0.103926911950111 0.100293345749378 0.0899570733308792 0.0892952084541321 0.0839350000023842 0.0834988802671432 0.0864707380533218 0.07832370698452 0.0895428881049156 0.102665580809116 0.0999752357602119 0.0916014313697815 0.095642127096653 0.0983123406767845 0.102440260350704 0.107653446495533 0.102690532803535 0.0927558094263077 0.0951625406742096 0.0892677828669548 0.081559531390667 0.0730950608849525 0.0710076242685318 0.0767135843634605 0.0777873173356056 0.0778897032141685 0.0831091850996017 0.0838988944888115
0.270480513572693 0.244813412427902 0.230400621891022 0.230818763375282 0.197977602481842 0.195015162229538 0.181352570652962 0.172565937042236 0.140500664710999 0.156743794679642 0.157163843512535 0.156295388936996 0.137792870402336 0.135073289275169 0.140611737966537 0.115426436066628 0.127820074558258 0.120329342782497 0.110533393919468 0.106568768620491 0.0894978269934654 0.0794520974159241 0.0859058722853661 0.0896388813853264 0.074595108628273 0.081271804869175 0.0884089767932892 0.102733291685581 0.0853429511189461 0.0918536931276321 0.0876317322254181 0.0985348969697952 0.107803694903851 0.109830670058727 0.111533425748348 0.10836710780859 0.110876992344856 0.100322283804417 0.0868717581033707 0.0847770497202873 0.0804338380694389 0.0778594762086868 0.0799626931548119 0.0816868022084236 0.0846319198608398 0.089460164308548
0.260964274406433 0.240633338689804 0.230113238096237 0.233130425214767 0.231103077530861 0.197727471590042 0.188868790864944 0.164250522851944 0.148197889328003 0.156405687332153 0.148656815290451 0.149587705731392 0.152567103505135 0.134373798966408 0.136013954877853 0.12259192019701 0.130212798714638 0.115802682936192 0.112940900027752 0.0972167626023293 0.0923513174057007 0.08671535551548 0.0818121060729027 0.0778978243470192 0.0725578591227531 0.0715159252285957 0.0691249445080757 0.0769255980849266 0.0756596326828003 0.0832186117768288 0.0866238623857498 0.105613477528095 0.110790461301804 0.118785053491592 0.128097087144852 0.115481801331043 0.123581767082214 0.106157347559929 0.0957202538847923 0.100460067391396 0.0917368456721306 0.0880526676774025 0.0854339376091957 0.0858506709337234 0.0859107673168182 0.089497484266758
0.283510893583298 0.2659732401371 0.233776450157166 0.219282597303391 0.199657171964645 0.2000942081213 0.189736157655716 0.15810814499855 0.142916396260262 0.14755217730999 0.145433813333511 0.152699932456017 0.135856032371521 0.141045615077019 0.116416588425636 0.127437964081764 0.119536861777306 0.116671562194824 0.104512594640255 0.0976334810256958 0.0926731899380684 0.0880002528429031 0.0883806794881821 0.082480400800705 0.0844452157616615 0.0696223005652428 0.0592086501419544 0.0680000111460686 0.0704347044229507 0.0819824486970901 0.0936499908566475 0.112785510718822 0.12616565823555 0.132731407880783 0.130241334438324 0.131364673376083 0.118107929825783 0.110014244914055 0.112280696630478 0.104976043105125 0.102631196379662 0.100634604692459 0.0913334414362907 0.0914861485362053 0.0897179245948792 0.0908933579921722
