data/climate_estimation/maxent_output/Ornithoglossum_dinteri.asc
NCOLS 107 
NROWS 119 
XLLCORNER 16.6666666666667 
YLLCORNER -32.3333333333333 
CELLSIZE 0.0833333333333333 
NODATA_value -3.4e+38 
[rows 0 to 19 of 119, columns 44 to 87 of 107]
0.445435553789139 0.423545390367508 0.397555708885193 0.398114025592804 0.372368305921555 0.273124396800995 0.257144272327423 0.248240575194359 0.245316028594971 0.237097397446632 0.228335559368134 0.215154811739922 0.201600313186646 0.201855763792992 0.194398134946823 0.258939862251282 0.258623361587524 0.249677434563637 0.242291107773781 0.230244621634483 0.23563015460968 0.229522988200188 0.229522988200188 0.229603841900826 0.222827464342117 0.223298504948616 0.222244709730148 0.222091540694237 0.228036656975746 0.228303372859955 0.230912819504738 0.225582182407379 0.225800901651382 0.226126596331596 0.225873529911041 0.225946009159088 0.226804837584496 0.235499635338783 0.240619897842407 0.241706490516663 0.241884291172028 0.25059986114502 0.245047464966774 0.243845790624619
0.463006108999252 0.450421094894409 0.436193943023682 0.423960000276566 0.411147832870483 0.296476989984512 0.286640137434006 0.276576578617096 0.266364395618439 0.244691431522369 0.236016795039177 0.228652283549309 0.220511585474014 0.214333891868591 0.206700652837753 0.206239849328995 0.265148371458054 0.258213669061661 0.258259326219559 0.250435829162598 0.244028210639954 0.243723228573799 0.244201689958572 0.249592274427414 0.237907811999321 0.242756769061089 0.243309944868088 0.24239681661129 0.242766976356506 0.235978484153748 0.235659629106522 0.236373826861382 0.244680538773537 0.245648100972176 0.245886623859406 0.245965823531151 0.246241867542267 0.247556194663048 0.240839928388596 0.250084757804871 0.249861642718315 0.250672817230225 0.250745624303818 0.266183286905289
0.493345260620117 0.47934764623642 0.454382836818695 0.432053446769714 0.428529739379883 0.314160257577896 0.303661793470383 0.283176511526108 0.282617837190628 0.266027361154556 0.256116330623627 0.248339459300041 0.233499884605408 0.225162178277969 0.224954545497894 0.216306880116463 0.211304977536201 0.205239981412888 0.267030537128448 0.266172379255295 0.256778955459595 0.256355673074722 0.256714284420013 0.256487548351288 0.248971402645111 0.249327063560486 0.248792693018913 0.249283835291862 0.248942092061043 0.251127630472183 0.251212596893311 0.250914573669434 0.256773471832275 0.257117629051208 0.253604888916016 0.253813683986664 0.254062980413437 0.255046188831329 0.262090891599655 0.262368410825729 0.26470023393631 0.258774548768997 0.272005707025528 0.272842705249786
0.536187767982483 0.512223660945892 0.498130828142166 0.474766999483109 0.449493825435638 0.336018979549408 0.317881405353546 0.306583493947983 0.295906841754913 0.285779446363449 0.278416633605957 0.262827396392822 0.247195854783058 0.244682878255844 0.244321435689926 0.23025831580162 0.224662482738495 0.21790274977684 0.204549357295036 0.20369191467762 0.278770685195923 0.271955519914627 0.270870953798294 0.264831393957138 0.270783752202988 0.271595597267151 0.270494490861893 0.258490294218063 0.251586347818375 0.257512181997299 0.267457634210587 0.266411185264587 0.272571265697479 0.265524715185165 0.26623609662056 0.266719222068787 0.276380896568298 0.277135372161865 0.277643501758575 0.271478295326233 0.271641314029694 0.271519124507904 0.281633615493774 0.288639158010483
0.536571979522705 0.530395925045013 0.522818922996521 0.505582094192505 0.482462286949158 0.355738580226898 0.335842818021774 0.324858784675598 0.312959522008896 0.302044123411179 0.285098761320114 0.278885394334793 0.262139141559601 0.253237247467041 0.250312685966492 0.244003310799599 0.230518668889999 0.223478019237518 0.221961483359337 0.219137296080589 0.214787408709526 0.20831535756588 0.203178405761719 0.284513205289841 0.28497701883316 0.277739703655243 0.270975828170776 0.264138102531433 0.279894143342972 0.27912163734436 0.279701977968216 0.279701977968216 0.27224525809288 0.289003193378448 0.289384722709656 0.281975328922272 0.281837612390518 0.290744692087173 0.284865081310272 0.284605920314789 0.294983834028244 0.287514120340347 0.295378595590591 0.301745712757111
0.561918616294861 0.544826924800873 0.52792352437973 0.519052505493164 0.504187762737274 0.38216245174408 0.353559881448746 0.341226249933243 0.330416530370712 0.319564700126648 0.302099913358688 0.291584461927414 0.273967981338501 0.273758471012115 0.265550285577774 0.259083300828934 0.248548120260239 0.242526903748512 0.234001129865646 0.233682751655579 0.227160930633545 0.220080465078354 0.213757529854774 0.213298186659813 0.213882148265839 0.213314369320869 0.216056793928146 0.210096105933189 0.288198292255402 0.286863923072815 0.287211984395981 0.29680922627449 0.289453059434891 0.289453059434891 0.288955301046371 0.298663049936295 0.299351811408997 0.306386470794678 0.307454735040665 0.308641910552979 0.301166146993637 0.300941199064255 0.311544835567474 0.312950104475021
0.590250432491302 0.57380074262619 0.558818101882935 0.54289710521698 0.413915127515793 0.392893314361572 0.381764590740204 0.35279905796051 0.348607063293457 0.337130010128021 0.319564700126648 0.299605160951614 0.289704442024231 0.280549466609955 0.281408607959747 0.269774973392487 0.264489203691483 0.254680633544922 0.248208776116371 0.233087122440338 0.233682751655579 0.238786473870277 0.238178864121437 0.227338925004005 0.2261001765728 0.226582944393158 0.227191597223282 0.220777750015259 0.220523938536644 0.229026034474373 0.223819553852081 0.229500189423561 0.217999413609505 0.226355791091919 0.219947263598442 0.225006192922592 0.231376394629478 0.313868463039398 0.314478516578674 0.322733044624329 0.315134972333908 0.326215744018555 0.326457798480988 0.327461272478104
0.594603061676025 0.579255819320679 0.562597393989563 0.432669162750244 0.418837755918503 0.403605550527573 0.382465749979019 0.370418757200241 0.35890132188797 0.348992556333542 0.329501777887344 0.323356449604034 0.312314659357071 0.296099305152893 0.289029687643051 0.278856188058853 0.276106387376785 0.26464182138443 0.256760448217392 0.24668525159359 0.252171605825424 0.253025889396667 0.238131880760193 0.237565487623215 0.232099175453186 0.23214465379715 0.235818982124329 0.23474608361721 0.233928546309471 0.234019935131073 0.234707280993462 0.235402777791023 0.244057476520538 0.238013625144958 0.237799808382988 0.237449929118156 0.237408369779587 0.238069131970406 0.252704620361328 0.246406823396683 0.247013092041016 0.253184169530869 0.247571304440498 0.262684941291809
0.49652573466301 0.47182422876358 0.458672225475311 0.444889694452286 0.430295586585999 0.407193452119827 0.401911944150925 0.383302420377731 0.377480447292328 0.364912837743759 0.346653819084167 0.341925323009491 0.331749200820923 0.305324912071228 0.294220954179764 0.295165330171585 0.278800964355469 0.28586283326149 0.263308048248291 0.260993957519531 0.251824826002121 0.259080350399017 0.253025889396667 0.246249511837959 0.246054202318192 0.246151924133301 0.246298253536224 0.24772521853447 0.246461510658264 0.246979489922523 0.241010218858719 0.249792665243149 0.249670937657356 0.249580830335617 0.249670937657356 0.252360343933105 0.252759248018265 0.259063303470612 0.25888580083847 0.25253438949585 0.253754645586014 0.259528815746307 0.269362896680832 0.275891572237015
0.49836853146553 0.485036760568619 0.480261474847794 0.456447452306747 0.433425486087799 0.418774396181107 0.405541688203812 0.393389225006104 0.388143837451935 0.375759959220886 0.349893450737 0.337452560663223 0.333361566066742 0.322600781917572 0.303988069295883 0.311064809560776 0.2939832508564 0.278079211711884 0.276786386966705 0.274303734302521 0.267825901508331 0.26120725274086 0.261553823947906 0.261553823947906 0.260877668857574 0.261242538690567 0.254893451929092 0.255345046520233 0.261997729539871 0.256183087825775 0.255117774009705 0.26193630695343 0.255426347255707 0.255755484104156 0.271176785230637 0.259215772151947 0.265248417854309 0.265248417854309 0.271438151597977 0.260201811790466 0.275338888168335 0.268674314022064 0.282687664031982 0.282910794019699
0.526256501674652 0.511771321296692 0.494919866323471 0.481991171836853 0.459495574235916 0.445049852132797 0.421386450529099 0.401118487119675 0.384756505489349 0.378548562526703 0.360857456922531 0.348061412572861 0.343590050935745 0.33287051320076 0.320203453302383 0.320530861616135 0.296398133039474 0.291997760534286 0.292422533035278 0.276445835828781 0.27735099196434 0.270487576723099 0.266577363014221 0.266577363014221 0.267065584659576 0.260720759630203 0.260825395584106 0.267833143472672 0.26796218752861 0.267246961593628 0.277120590209961 0.270480781793594 0.270885467529297 0.271537750959396 0.278221666812897 0.278621524572372 0.271225452423096 0.277980268001556 0.28124874830246 0.281630605459213 0.282151311635971 0.275923758745193 0.289673775434494 0.290413469076157
0.531661331653595 0.516243457794189 0.500336825847626 0.492765098810196 0.480985224246979 0.44873383641243 0.44121977686882 0.427454739809036 0.399608731269836 0.403324902057648 0.377355962991714 0.363645702600479 0.354459434747696 0.334417819976807 0.334349364042282 0.31639763712883 0.305133938789368 0.29423576593399 0.289173722267151 0.28586345911026 0.285275012254715 0.275875180959702 0.276046752929688 0.27578666806221 0.275842756032944 0.276178479194641 0.270897328853607 0.27805083990097 0.283768117427826 0.284685581922531 0.278110831975937 0.277382552623749 0.278780102729797 0.285403043031693 0.285403043031693 0.285506188869476 0.288749605417252 0.295125037431717 0.288627952337265 0.289314359426498 0.289847850799561 0.288828432559967 0.288495928049088 0.290779143571854
0.536807358264923 0.528267323970795 0.511168420314789 0.496941596269608 0.473283529281616 0.47024017572403 0.454890370368958 0.437914282083511 0.409145385026932 0.395435065031052 0.393826872110367 0.379088789224625 0.368993401527405 0.349221557378769 0.335598915815353 0.325104922056198 0.314384192228317 0.297283887863159 0.290492624044418 0.281623065471649 0.286881655454636 0.290279418230057 0.290279418230057 0.285334020853043 0.285247772932053 0.285709112882614 0.293276339769363 0.295038163661957 0.288078635931015 0.294402152299881 0.293736070394516 0.293736070394516 0.286199420690536 0.293641984462738 0.301613241434097 0.294398844242096 0.294129490852356 0.296150237321854 0.295638740062714 0.296753793954849 0.303258568048477 0.295985817909241 0.296669095754623 0.296669095754623
0.54627650976181 0.546822190284729 0.532125949859619 0.499950259923935 0.484789609909058 0.489256501197815 0.449313253164291 0.442656993865967 0.419148474931717 0.40906435251236 0.395274758338928 0.382487207651138 0.37036257982254 0.350486636161804 0.337337523698807 0.320166170597076 0.323576360940933 0.305715411901474 0.299438416957855 0.303074955940247 0.302879810333252 0.292216658592224 0.292598247528076 0.299794495105743 0.293822854757309 0.294723838567734 0.295259714126587 0.302913010120392 0.303209394216537 0.304209262132645 0.30438444018364 0.303803205490112 0.303860515356064 0.303860515356064 0.298000305891037 0.304818719625473 0.305038511753082 0.305910646915436 0.313721776008606 0.313289076089859 0.314365416765213 0.314056307077408 0.32198902964592 0.32255232334137
0.534444987773895 0.535711169242859 0.535331249237061 0.529764473438263 0.502111077308655 0.495967000722885 0.464501053094864 0.460411548614502 0.434519231319427 0.409972280263901 0.398102849721909 0.393497943878174 0.378970265388489 0.367945939302444 0.341406345367432 0.337849020957947 0.324807494878769 0.31607660651207 0.304647207260132 0.305249333381653 0.304781287908554 0.295043528079987 0.295298606157303 0.294595628976822 0.296186476945877 0.304196357727051 0.31170192360878 0.30536013841629 0.303209394216537 0.303150206804276 0.30362257361412 0.30303168296814 0.313304156064987 0.314192146062851 0.315938472747803 0.322954833507538 0.322018951177597 0.319469153881073 0.319754004478455 0.322321027517319 0.32062304019928 0.322236627340317 0.322659850120544 0.322194516658783
0.521657705307007 0.522086322307587 0.522700190544128 0.521901905536652 0.509353876113892 0.499576508998871 0.475752919912338 0.462706625461578 0.45624765753746 0.425111383199692 0.400066584348679 0.37808284163475 0.38206285238266 0.370749890804291 0.351726651191711 0.339617043733597 0.337337523698807 0.316668599843979 0.314023613929749 0.306986719369888 0.296323090791702 0.296323090791702 0.297167867422104 0.298535972833633 0.305391162633896 0.307015299797058 0.314977526664734 0.315042048692703 0.312144607305527 0.323066651821136 0.331409931182861 0.323089182376862 0.323404431343079 0.331900149583817 0.321438640356064 0.322546809911728 0.322195321321487 0.338124841451645 0.338903963565826 0.33301705121994 0.332734942436218 0.321111500263214 0.322765201330185 0.322289705276489
0.518333673477173 0.507812738418579 0.507930219173431 0.508621692657471 0.507957279682159 0.498109012842178 0.496800154447556 0.465100169181824 0.448717623949051 0.445543557405472 0.422983407974243 0.397854804992676 0.383457571268082 0.363956600427628 0.368888556957245 0.342251360416412 0.338182836771011 0.32617598772049 0.315864503383636 0.310709148645401 0.29871454834938 0.305743664503098 0.300071895122528 0.307709842920303 0.308178782463074 0.315543949604034 0.316416412591934 0.323438793420792 0.331906288862228 0.340010046958923 0.333674848079681 0.33486220240593 0.334287792444229 0.334930986166 0.337830424308777 0.334793090820312 0.334732592105865 0.343269228935242 0.339616030454636 0.340086907148361 0.332451611757278 0.332167118787766 0.340908080339432 0.341412603855133
0.514044940471649 0.505856513977051 0.494519919157028 0.492355138063431 0.493523687124252 0.494692862033844 0.484965085983276 0.483787298202515 0.461489766836166 0.44634747505188 0.425614714622498 0.413154274225235 0.386073648929596 0.366175204515457 0.3710558116436 0.352394908666611 0.341018348932266 0.328008085489273 0.318303853273392 0.300163179636002 0.308179825544357 0.308179825544357 0.308250784873962 0.301410585641861 0.31103727221489 0.319355845451355 0.334254831075668 0.334042638540268 0.343063563108444 0.342851847410202 0.344116032123566 0.352347880601883 0.345485031604767 0.346225380897522 0.335314691066742 0.336707532405853 0.344204485416412 0.346205979585648 0.342968016862869 0.342907637357712 0.351441293954849 0.344661176204681 0.340399622917175 0.340795427560806
0.500413417816162 0.502382814884186 0.481681764125824 0.486887812614441 0.481430232524872 0.481894046068192 0.473369181156158 0.481609463691711 0.471605896949768 0.450140088796616 0.427932024002075 0.416260957717896 0.403350532054901 0.386881172657013 0.36320373415947 0.370637774467468 0.349675238132477 0.330344796180725 0.320334255695343 0.313899397850037 0.321527093648911 0.311617344617844 0.329572439193726 0.323678255081177 0.320045202970505 0.328822404146194 0.336139708757401 0.337370336055756 0.338517040014267 0.346764475107193 0.347477734088898 0.348408073186874 0.347505182027817 0.364347249269485 0.364846020936966 0.363676637411118 0.356038868427277 0.357324719429016 0.354008436203003 0.361764073371887 0.355067491531372 0.344874948263168 0.359429210424423 0.348008424043655
0.478482455015182 0.48505300283432 0.477652221918106 0.46918398141861 0.465799868106842 0.469987839460373 0.467497497797012 0.460042476654053 0.467965245246887 0.458043664693832 0.437413990497589 0.423615217208862 0.413784444332123 0.399826854467392 0.386341899633408 0.361826121807098 0.360076278448105 0.338794857263565 0.315198004245758 0.307924807071686 0.32233265042305 0.330126851797104 0.33043584227562 0.333640187978745 0.332808047533035 0.341814815998077 0.341587156057358 0.351254314184189 0.343235462903976 0.345934063196182 0.343657523393631 0.351252973079681 0.351535797119141 0.456081122159958 0.466136813163757 0.46171697974205 0.473236113786697 0.475046932697296 0.472816944122314 0.365688264369965 0.360341101884842 0.363665491342545 0.371040344238281 0.358702957630157
