data/climate_estimation/maxent_output/Ornithoglossum_undulatum.asc
NCOLS 101 
NROWS 73 
XLLCORNER 16.6666666666667 
YLLCORNER -34 
CELLSIZE 0.0833333333333333 
NODATA_value -3.4e+38 
[rows 21 to 41 of 73, columns 46 to 91 of 101]
0.27500057220459 0.252588957548141 0.234982684254646 0.221429288387299 0.198753073811531 0.1892931163311 0.165615066885948 0.153118461370468 0.142524987459183 0.139454081654549 0.149350687861443 0.13411670923233 0.138075575232506 0.12568986415863 0.121171623468399 0.129379153251648 0.119141049683094 0.111619800329208 0.102491147816181 0.103908777236938 0.0927368029952049 0.0951966196298599 0.0815355628728867 0.077963300049305 0.0806532427668571 0.0858970880508423 0.0656128004193306 0.064893551170826 0.0721588209271431 0.0888372361660004 0.101011611521244 0.114806160330772 0.13405105471611 0.150390699505806 0.155462577939034 0.143042847514153 0.133097976446152 0.11695758998394 0.111412301659584 0.100295789539814 0.106816463172436 0.0937317609786987 0.0956618338823318 0.0962497591972351 0.0932384356856346 0.0907759666442871
0.278592318296432 0.253908902406693 0.22675122320652 0.211857736110687 0.185366004705429 0.177300363779068 0.16067099571228 0.164333775639534 0.142742693424225 0.141620546579361 0.134697020053864 0.139286741614342 0.131294190883636 0.124857738614082 0.132037237286568 0.115577980875969 0.114080600440502 0.106704264879227 0.111794620752335 0.0971691533923149 0.0912633612751961 0.0981627553701401 0.0967340841889381 0.0906331911683083 0.0819510444998741 0.078109584748745 0.0777374058961868 0.0912484303116798 0.0765991434454918 0.0949574634432793 0.108320616185665 0.118496254086494 0.136859863996506 0.152938485145569 0.169798299670219 0.148755222558975 0.128314390778542 0.113772854208946 0.110368095338345 0.111593723297119 0.1064727678895 0.103922039270401 0.0986572504043579 0.0942942574620247 0.0934634059667587 0.0923454090952873
0.261642336845398 0.263963460922241 0.228352174162865 0.200434818863869 0.191772907972336 0.183089554309845 0.1622314453125 0.146841198205948 0.137979850172997 0.14043527841568 0.132846802473068 0.123128108680248 0.126776963472366 0.114137321710587 0.118210516870022 0.108885139226913 0.104978792369366 0.105484463274479 0.0975069031119347 0.0971525087952614 0.0885664597153664 0.0909406319260597 0.096506379544735 0.0935525819659233 0.0896266400814056 0.086841456592083 0.0858674645423889 0.082744687795639 0.0863028839230537 0.106545008718967 0.11079566180706 0.118977569043636 0.136670783162117 0.15387125313282 0.163489535450935 0.151316061615944 0.126757323741913 0.114715024828911 0.106735989451408 0.106774501502514 0.107971824705601 0.106955334544182 0.100616805255413 0.0975913777947426 0.0941395238041878 0.088951401412487
0.263583123683929 0.250015944242477 0.231525868177414 0.209049940109253 0.198006227612495 0.179845809936523 0.168545201420784 0.152962923049927 0.13714525103569 0.132504314184189 0.139510333538055 0.125732973217964 0.127636983990669 0.11203221976757 0.115053482353687 0.108231224119663 0.113874696195126 0.107183068990707 0.102860517799854 0.094338171184063 0.0969988405704498 0.0912660583853722 0.0932960882782936 0.0928042009472847 0.0983820855617523 0.0879361256957054 0.0855638682842255 0.0931801944971085 0.0991199314594269 0.10453637689352 0.117290779948235 0.129579037427902 0.134238928556442 0.150709241628647 0.149681866168976 0.147955685853958 0.126617133617401 0.112401574850082 0.101161666214466 0.100524216890335 0.10076617449522 0.105147756636143 0.0979193150997162 0.0879149958491325 0.0914971977472305 0.0827392488718033
0.264484077692032 0.247195780277252 0.235814973711967 0.21801832318306 0.187958642840385 0.176536530256271 0.16894643008709 0.154909506440163 0.144774198532104 0.133604779839516 0.134867891669273 0.131907254457474 0.132971212267876 0.114378690719604 0.114332281053066 0.109753094613552 0.114079311490059 0.105786718428135 0.10153690725565 0.101952135562897 0.0959610566496849 0.101292692124844 0.0921925380825996 0.100862994790077 0.0952312722802162 0.0970733985304832 0.0990914553403854 0.099758543074131 0.102757535874844 0.106442160904408 0.109721578657627 0.118132956326008 0.134018778800964 0.140534937381744 0.13730451464653 0.131521135568619 0.126540750265121 0.107701316475868 0.107182219624519 0.10126817971468 0.105804912745953 0.0991260334849358 0.100891456007957 0.0877193585038185 0.0805138573050499 0.0746468082070351
0.267696052789688 0.258960455656052 0.236898422241211 0.22210119664669 0.210737362504005 0.183882251381874 0.181690767407417 0.154335081577301 0.151245042681694 0.13029271364212 0.13870795071125 0.133498296141624 0.134597271680832 0.126088365912437 0.115032278001308 0.116028159856796 0.112046152353287 0.107952959835529 0.107679650187492 0.103148810565472 0.105773791670799 0.0996978282928467 0.0939915254712105 0.101372562348843 0.103844523429871 0.104632340371609 0.106459684669971 0.108411073684692 0.112214788794518 0.11589951813221 0.122857689857483 0.122962452471256 0.125265181064606 0.140792578458786 0.131723284721375 0.121350325644016 0.115382589399815 0.110671825706959 0.108372636139393 0.109908103942871 0.107141621410847 0.0967614948749542 0.0929778292775154 0.0855932533740997 0.0766154527664185 0.0719610601663589
0.292916774749756 0.261643081903458 0.256486415863037 0.231705188751221 0.217647880315781 0.198559284210205 0.193491533398628 0.170881241559982 0.151847839355469 0.147416010499001 0.15677273273468 0.158312350511551 0.146775424480438 0.128222405910492 0.119896322488785 0.10629890114069 0.113109745085239 0.103437997400761 0.106985032558441 0.103254333138466 0.115875005722046 0.109009273350239 0.105735085904598 0.116771250963211 0.109299890697002 0.114819519221783 0.123415537178516 0.113076321780682 0.124837391078472 0.120069198310375 0.123018987476826 0.129171103239059 0.133051872253418 0.132132515311241 0.123584754765034 0.12565615773201 0.119015596807003 0.116629928350449 0.111360691487789 0.112878881394863 0.105076685547829 0.102316275238991 0.0991493389010429 0.0872506648302078 0.0743231102824211 0.0638927519321442
0.286342740058899 0.279237776994705 0.259322762489319 0.245935410261154 0.215994164347649 0.227411776781082 0.200824052095413 0.192618355154991 0.178965702652931 0.164856731891632 0.154083654284477 0.16176626086235 0.160001441836357 0.130764111876488 0.127352729439735 0.12805101275444 0.117010660469532 0.11148789525032 0.116149924695492 0.111387826502323 0.11524511128664 0.116130664944649 0.112001866102219 0.10893040150404 0.121115751564503 0.129718258976936 0.128836944699287 0.139244049787521 0.137276768684387 0.135574027895927 0.131588950753212 0.136903256177902 0.127695888280869 0.133643940091133 0.124491505324841 0.125179469585419 0.125564008951187 0.126132190227509 0.119271621108055 0.116042070090771 0.111002370715141 0.113624818623066 0.0997599214315414 0.085405558347702 0.0767449587583542 0.0641460493206978
0.288638234138489 0.281088620424271 0.271997511386871 0.257410764694214 0.236502051353455 0.237634390592575 0.215532004833221 0.198684811592102 0.178853869438171 0.164606019854546 0.160043284296989 0.147438228130341 0.151201874017715 0.145839408040047 0.143285840749741 0.126531317830086 0.125150233507156 0.118996553122997 0.114507742226124 0.119127757847309 0.131969079375267 0.128685399889946 0.121925577521324 0.137390911579132 0.133296713232994 0.14514921605587 0.145165264606476 0.145819634199142 0.159529194235802 0.136368200182915 0.140890657901764 0.143289431929588 0.132413759827614 0.130866646766663 0.127534762024879 0.121829323470592 0.121916308999062 0.122732788324356 0.123113662004471 0.132403552532196 0.130739450454712 0.11538552492857 0.109495006501675 0.0956085473299026 0.077445462346077 0.0678043514490128
0.317074149847031 0.319465130567551 0.290526539087296 0.277924001216888 0.254138797521591 0.23772631585598 0.215534165501595 0.189111202955246 0.181697010993958 0.170217275619507 0.167062759399414 0.154460713267326 0.14970351755619 0.131633907556534 0.127631425857544 0.139270022511482 0.121128156781197 0.135089948773384 0.122919969260693 0.120410777628422 0.124075941741467 0.132403180003166 0.133513778448105 0.129001721739769 0.142112642526627 0.144876718521118 0.14718846976757 0.156226500868797 0.164565443992615 0.151731863617897 0.140881940722466 0.140714704990387 0.133697390556335 0.133099138736725 0.119897000491619 0.127611920237541 0.117631867527962 0.126600503921509 0.133792474865913 0.136983618140221 0.145249545574188 0.136193573474884 0.12791433930397 0.104690089821815 0.0828239843249321 0.0692434906959534
0.333412200212479 0.315264582633972 0.301906943321228 0.288125067949295 0.25655323266983 0.226753130555153 0.19917668402195 0.184984251856804 0.190348580479622 0.177377566695213 0.169667467474937 0.161543533205986 0.144286319613457 0.142709285020828 0.141639411449432 0.134459838271141 0.139589592814445 0.137676432728767 0.130369126796722 0.131378367543221 0.130088314414024 0.137676894664764 0.144117310643196 0.149923458695412 0.148910582065582 0.163384288549423 0.159100830554962 0.167292267084122 0.18277233839035 0.167480871081352 0.156826332211494 0.159219801425934 0.142152413725853 0.127123266458511 0.130788698792458 0.122430749237537 0.123408906161785 0.139163851737976 0.14757351577282 0.157341375946999 0.156131595373154 0.158384263515472 0.154209017753601 0.136487558484077 0.102590121328831 0.0856038480997086
0.331833869218826 0.313138514757156 0.292037099599838 0.273448616266251 0.247162699699402 0.230496346950531 0.22428198158741 0.210765644907951 0.194903537631035 0.181494235992432 0.180904030799866 0.163885101675987 0.153122335672379 0.162731021642685 0.152365773916245 0.164472103118896 0.147141844034195 0.144147455692291 0.14408840239048 0.140035077929497 0.133496671915054 0.14854907989502 0.149888813495636 0.151189848780632 0.173151150345802 0.162168443202972 0.171620845794678 0.191582664847374 0.182832285761833 0.186087653040886 0.174675509333611 0.170610263943672 0.151283323764801 0.136424601078033 0.145214438438416 0.124867528676987 0.142307385802269 0.147935658693314 0.161716818809509 0.169014111161232 0.181108087301254 0.17624107003212 0.182257503271103 0.155080229043961 0.125253319740295 0.0975669696927071
0.343419313430786 0.299623817205429 0.298618704080582 0.282246917486191 0.261019825935364 0.24273669719696 0.240504533052444 0.239821240305901 0.22331690788269 0.213645905256271 0.190352573990822 0.175668850541115 0.179976120591164 0.185818925499916 0.180338084697723 0.183284550905228 0.166390940546989 0.158674851059914 0.143994510173798 0.140031889081001 0.149331033229828 0.164509683847427 0.159175097942352 0.17219752073288 0.176253318786621 0.18326199054718 0.197171911597252 0.191532701253891 0.193168684840202 0.195728436112404 0.179069444537163 0.171123266220093 0.159846752882004 0.155007049441338 0.14877487719059 0.1476139575243 0.161671176552773 0.165648579597473 0.178107351064682 0.190732359886169 0.195613384246826 0.21779377758503 0.194459795951843 0.172347590327263 0.143264412879944 0.119893208146095
0.345465660095215 0.32713109254837 0.305984050035477 0.27915233373642 0.276484310626984 0.26374939084053 0.254877775907516 0.239721924066544 0.254799425601959 0.219293788075447 0.205419093370438 0.219400450587273 0.213131755590439 0.211382806301117 0.191030487418175 0.178247809410095 0.175830125808716 0.189147382974625 0.154391542077065 0.155558258295059 0.168474480509758 0.172379150986671 0.183848708868027 0.201418578624725 0.208030819892883 0.214438408613205 0.204182714223862 0.190309017896652 0.181155666708946 0.177927553653717 0.18611304461956 0.184559345245361 0.166467010974884 0.154998257756233 0.158288151025772 0.16184489428997 0.170588687062263 0.183682948350906 0.195128202438354 0.192423105239868 0.208344519138336 0.207505062222481 0.2039685100317 0.183855518698692 0.16004966199398 0.141907662153244
0.376010358333588 0.362436711788177 0.325013279914856 0.303415983915329 0.279777616262436 0.259606808423996 0.261227577924728 0.2498719394207 0.243819713592529 0.252603143453598 0.256816059350967 0.245649397373199 0.256164610385895 0.240430578589439 0.216702908277512 0.191438317298889 0.211765617132187 0.217257186770439 0.192969426512718 0.169487878680229 0.178942203521729 0.179474174976349 0.218740537762642 0.2286716401577 0.224060356616974 0.225254788994789 0.207579553127289 0.190786615014076 0.196317672729492 0.201808273792267 0.193114370107651 0.192432656884193 0.180702701210976 0.183017387986183 0.167184084653854 0.182354852557182 0.197372764348984 0.191320776939392 0.195875659584999 0.199319705367088 0.212493687868118 0.20915624499321 0.202960982918739 0.190622255206108 0.179010078310966 0.161363542079926
0.368628442287445 0.342250913381577 0.335739850997925 0.314750730991364 0.318182766437531 0.299770057201385 0.290899366140366 0.270383149385452 0.279863357543945 0.290989577770233 0.280719369649887 0.281662374734879 0.26384899020195 0.262967020273209 0.248072609305382 0.231796085834503 0.242429956793785 0.223391711711884 0.202025458216667 0.195186942815781 0.190713316202164 0.220299825072289 0.251051604747772 0.241531148552895 0.239084929227829 0.248423248529434 0.219300583004951 0.204503551125526 0.218168541789055 0.210464462637901 0.203885495662689 0.195444285869598 0.185854911804199 0.195556700229645 0.194516450166702 0.190026104450226 0.206780627369881 0.214704096317291 0.206906616687775 0.21918386220932 0.210336580872536 0.22203916311264 0.214601144194603 0.188403263688087 0.181667238473892 0.179600730538368
0.384533047676086 0.358126044273376 0.334951490163803 0.331634789705276 0.332640141248703 0.309828490018845 0.297701716423035 0.30073606967926 0.30659618973732 0.2731713950634 0.266199499368668 0.290348917245865 0.266702473163605 0.275730818510056 0.259751260280609 0.264128774404526 0.238571405410767 0.235190868377686 0.243423968553543 0.244964107871056 0.256731450557709 0.24850782752037 0.265237718820572 0.279619932174683 0.269911587238312 0.246053203940392 0.240510702133179 0.250720769166946 0.237554281949997 0.221623435616493 0.216027945280075 0.21505905687809 0.196249634027481 0.200315713882446 0.200345247983932 0.192358657717705 0.206054821610451 0.23015208542347 0.215089827775955 0.231499314308167 0.233291670680046 0.224240750074387 0.223300650715828 0.210821032524109 0.201047912240028 0.188086211681366
0.386654853820801 0.366334289312363 0.331770271062851 0.320846617221832 0.337802678346634 0.327467173337936 0.324074000120163 0.312610775232315 0.27269321680069 0.274202346801758 0.260919988155365 0.269734442234039 0.268088936805725 0.273573994636536 0.274599879980087 0.266386806964874 0.255850106477737 0.271188974380493 0.272263169288635 0.265956491231918 0.274618238210678 0.271755933761597 0.312234401702881 0.317418724298477 0.291259706020355 0.278112202882767 0.256638497114182 0.257155120372772 0.254522711038589 0.24471578001976 0.223139420151711 0.209442287683487 0.209873884916306 0.218786865472794 0.219882875680923 0.217055037617683 0.222306534647942 0.226069033145905 0.23456384241581 0.240247413516045 0.234776467084885 0.231054201722145 0.221299335360527 0.226336002349854 0.210201159119606 0.210070744156837
0.40386089682579 0.357471108436584 0.350553393363953 0.335799902677536 0.327626913785934 0.313506603240967 0.303301334381104 0.279222160577774 0.274929016828537 0.268845528364182 0.277234554290771 0.279292732477188 0.277765303850174 0.300070583820343 0.283195644617081 0.288637518882751 0.300453990697861 0.309157997369766 0.296689361333847 0.288106679916382 0.307223677635193 0.322484344244003 0.3532754778862 0.333056956529617 0.332273095846176 0.321388959884644 0.303104132413864 0.278222143650055 0.24959833920002 0.251933485269547 0.235332950949669 0.210054814815521 0.22477725148201 0.235041663050652 0.233867108821869 0.238785281777382 0.233307793736458 0.248542696237564 0.241708338260651 0.250663280487061 0.261659204959869 0.249737769365311 0.243732929229736 0.228560343384743 0.233927890658379 0.233170658349991
0.424183398485184 0.400881618261337 0.33360967040062 0.333861202001572 0.331775367259979 0.333560705184937 0.307877510786057 0.275838106870651 0.279001891613007 0.274163395166397 0.277674198150635 0.286284148693085 0.32291916012764 0.331758946180344 0.323213577270508 0.297583788633347 0.334195107221603 0.329014033079147 0.325910568237305 0.340417265892029 0.364517450332642 0.379640728235245 0.372053116559982 0.374982744455338 0.365234822034836 0.324285238981247 0.334049344062805 0.308333963155746 0.294455885887146 0.27550145983696 0.254402130842209 0.240977555513382 0.244490042328835 0.255233108997345 0.248750641942024 0.258784174919128 0.268796324729919 0.260587841272354 0.255541563034058 0.263408094644547 0.271783709526062 0.267014592885971 0.261007606983185 0.244654193520546 0.270886570215225 0.261620730161667
0.462279409170151 0.416250735521317 0.365650743246078 0.337054431438446 0.334597408771515 0.312770575284958 0.306056052446365 0.306377649307251 0.303542762994766 0.305216461420059 0.297220855951309 0.298733472824097 0.315513163805008 0.342585414648056 0.325007647275925 0.334694772958755 0.356548726558685 0.367876559495926 0.367376357316971 0.376531958580017 0.393977254629135 0.432039678096771 0.426160663366318 0.415229290723801 0.401251226663589 0.372370690107346 0.349859267473221 0.333826541900635 0.341787666082382 0.325974494218826 0.290397077798843 0.258578926324844 0.267944663763046 0.275969862937927 0.281484633684158 0.280522048473358 0.299092262983322 0.294355899095535 0.298221349716187 0.292103558778763 0.29548054933548 0.286221951246262 0.282597273588181 0.275511741638184 0.276183634996414 0.289241105318069
