data/climate_estimation/maxent_output/Ornithoglossum_dinteri.asc
NCOLS 107 
NROWS 119 
XLLCORNER 16.6666666666667 
YLLCORNER -32.3333333333333 
CELLSIZE 0.0833333333333333 
NODATA_value -3.4e+38 
[rows 0 to 19 of 119, columns 0 to 43 of 107]
0.383853673934937 0.381495743989944 0.336056232452393 0.309312999248505 0.294217705726624 0.323142945766449 0.247436195611954 0.280830472707748 0.348587810993195 0.469768345355988 0.562534272670746 0.597416639328003 0.597947299480438 0.609057724475861 0.61870813369751 0.641989409923553 0.663938939571381 0.682588636875153 0.699358761310577 0.703092873096466 0.706951379776001 0.726037919521332 0.719563782215118 0.588734447956085 0.678345203399658 0.622313857078552 0.575997889041901 0.51499217748642 0.490346431732178 0.510642111301422 0.418599039316177 0.42221873998642 0.433408260345459 0.452157825231552 0.568699657917023 0.550750434398651 0.539328992366791 0.668305695056915 0.656033635139465 0.65558248758316 0.630097150802612 0.613249719142914 0.604057669639587 0.578189790248871
0.358896672725677 0.361378371715546 0.346187770366669 0.352079093456268 0.315883904695511 0.341727614402771 0.284136056900024 0.309390485286713 0.335958480834961 0.410570621490479 0.548065423965454 0.592298626899719 0.616765201091766 0.644766986370087 0.664538085460663 0.67503809928894 0.689583718776703 0.699983298778534 0.714208245277405 0.708634078502655 0.726499497890472 0.699966609477997 0.709908962249756 0.698048710823059 0.65713369846344 0.610653877258301 0.570190250873566 0.482297033071518 0.482244342565536 0.52912849187851 0.422280102968216 0.434358209371567 0.447657197713852 0.45570507645607 0.436488091945648 0.555440723896027 0.565637230873108 0.56066370010376 0.671025037765503 0.656258165836334 0.656258165836334 0.640624463558197 0.613704800605774 0.596630692481995
0.434488415718079 0.407048761844635 0.354425847530365 0.370690762996674 0.378181725740433 0.345678836107254 0.285132765769958 0.304329395294189 0.367973744869232 0.43802136182785 0.533542454242706 0.603075981140137 0.636350452899933 0.656017184257507 0.675252139568329 0.68423980474472 0.704132974147797 0.714028716087341 0.71341198682785 0.711867988109589 0.721746325492859 0.71550065279007 0.68874979019165 0.68464195728302 0.652501225471497 0.626828789710999 0.579285204410553 0.524601399898529 0.510704338550568 0.534206569194794 0.420905858278275 0.434479355812073 0.442377328872681 0.433129459619522 0.450612962245941 0.581869959831238 0.581250369548798 0.579318881034851 0.567900359630585 0.69219696521759 0.656033635139465 0.655280232429504 0.660539269447327 0.521209180355072
0.49740344285965 0.456614017486572 0.341207087039948 0.328604400157928 0.326751381158829 0.363299310207367 0.353360563516617 0.364522635936737 0.405787348747253 0.467887580394745 0.548350214958191 0.605951189994812 0.655277848243713 0.675081014633179 0.690403521060944 0.703043639659882 0.705026566982269 0.718924939632416 0.718879282474518 0.710980355739594 0.71056079864502 0.715446174144745 0.694199323654175 0.678056240081787 0.657873511314392 0.621514856815338 0.590366363525391 0.554149568080902 0.553882956504822 0.431134581565857 0.42948979139328 0.438746005296707 0.442470490932465 0.44620954990387 0.453983813524246 0.581868410110474 0.573672592639923 0.588275015354156 0.603790998458862 0.578795909881592 0.558322370052338 0.542503118515015 0.535784721374512 0.531882047653198
0.552019834518433 0.451148390769958 0.406489461660385 0.381244957447052 0.342468023300171 0.433586567640305 0.427616715431213 0.434388399124146 0.470647424459457 0.520696520805359 0.582442402839661 0.624739825725555 0.655546426773071 0.685772299766541 0.705070555210114 0.699417352676392 0.734471559524536 0.72922670841217 0.751981735229492 0.716289281845093 0.704771637916565 0.724932789802551 0.710172235965729 0.66328102350235 0.652016162872314 0.630564033985138 0.589578151702881 0.59905880689621 0.457716345787048 0.452662825584412 0.437971621751785 0.441557258367538 0.45794352889061 0.462637633085251 0.449088990688324 0.474570572376251 0.588043808937073 0.582913041114807 0.60642808675766 0.593505322933197 0.591826021671295 0.586799681186676 0.570880770683289 0.567910194396973
0.552505612373352 0.490639358758926 0.488303065299988 0.461194276809692 0.434957951307297 0.49304261803627 0.502130508422852 0.455051422119141 0.477350294589996 0.532595634460449 0.600761234760284 0.636288166046143 0.665078580379486 0.668824315071106 0.694168567657471 0.719204187393188 0.730059623718262 0.748710870742798 0.738445818424225 0.716228663921356 0.705986678600311 0.703750252723694 0.702007353305817 0.678668260574341 0.540808320045471 0.509723603725433 0.509286761283875 0.495533138513565 0.503517150878906 0.508291959762573 0.479266583919525 0.478089392185211 0.463846206665039 0.469166725873947 0.463109642267227 0.481223165988922 0.492942541837692 0.597249805927277 0.607988297939301 0.617026507854462 0.622259140014648 0.606196999549866 0.582095205783844 0.578163146972656
0.606167316436768 0.588388979434967 0.558864235877991 0.578680813312531 0.547347903251648 0.541153252124786 0.544278621673584 0.552731275558472 0.548175156116486 0.580580949783325 0.631433248519897 0.645298480987549 0.659529864788055 0.67345005273819 0.471821874380112 0.495578527450562 0.515762150287628 0.746884524822235 0.727413535118103 0.715977489948273 0.715501189231873 0.683577835559845 0.682813048362732 0.549982666969299 0.536028027534485 0.535721659660339 0.525113523006439 0.534753620624542 0.527218520641327 0.518306732177734 0.508004486560822 0.501959800720215 0.477342635393143 0.485942244529724 0.479810297489166 0.494890809059143 0.49760913848877 0.507119536399841 0.62634539604187 0.643146455287933 0.626586675643921 0.622810006141663 0.608245968818665 0.604424834251404
0.691072285175323 0.703058183193207 0.662922084331512 0.629721641540527 0.591613173484802 0.575008034706116 0.564174294471741 0.557222127914429 0.591063678264618 0.600286304950714 0.608049213886261 0.618339657783508 0.65788871049881 0.663093626499176 0.69065248966217 0.719246804714203 0.506549417972565 0.505828261375427 0.717348694801331 0.705572366714478 0.705246210098267 0.693472146987915 0.550025999546051 0.539340615272522 0.548390626907349 0.553811430931091 0.543984949588776 0.543280065059662 0.543850839138031 0.54780900478363 0.526570498943329 0.512129306793213 0.507795751094818 0.500243306159973 0.485316216945648 0.487831830978394 0.488554686307907 0.511257112026215 0.520640254020691 0.520640254020691 0.65172278881073 0.634875357151031 0.617647290229797 0.620584845542908
0.782634735107422 0.741054356098175 0.699837863445282 0.650946199893951 0.563139975070953 0.573213219642639 0.542688429355621 0.540660202503204 0.549242377281189 0.578225255012512 0.598403871059418 0.613513350486755 0.627210021018982 0.664005815982819 0.684203386306763 0.703817665576935 0.698499262332916 0.706506013870239 0.717852234840393 0.70492696762085 0.692571818828583 0.561613082885742 0.540371656417847 0.536558330059052 0.526750504970551 0.547781527042389 0.537859916687012 0.529068768024445 0.533587157726288 0.537822246551514 0.546660840511322 0.527029395103455 0.521018981933594 0.514726758003235 0.498788952827454 0.511997401714325 0.511697590351105 0.534752070903778 0.525257527828217 0.544568479061127 0.541872441768646 0.528026223182678 0.527311742305756 0.510827958583832
0.838939309120178 0.787995398044586 0.737078785896301 0.645492851734161 0.562742829322815 0.521081566810608 0.544858336448669 0.546643972396851 0.5516597032547 0.580931484699249 0.601211607456207 0.622138738632202 0.637929558753967 0.626832783222198 0.641828536987305 0.646649062633514 0.663411676883698 0.696227848529816 0.686382174491882 0.694389581680298 0.681114256381989 0.558533072471619 0.545649290084839 0.546685516834259 0.517338454723358 0.5584357380867 0.541373729705811 0.547257900238037 0.537576794624329 0.546477854251862 0.54494446516037 0.525761306285858 0.520089507102966 0.523680806159973 0.519154191017151 0.517192363739014 0.526248276233673 0.524487733840942 0.533349096775055 0.542833030223846 0.556011319160461 0.555027842521667 0.54041314125061 0.514852225780487
0.837050318717957 0.809546411037445 0.75317245721817 0.662984311580658 0.585765898227692 0.51933741569519 0.552292704582214 0.535614967346191 0.563322901725769 0.573993384838104 0.589474260807037 0.621158540248871 0.623611629009247 0.62028694152832 0.611121296882629 0.621501743793488 0.636494696140289 0.664813995361328 0.674108982086182 0.670120418071747 0.53656941652298 0.545234560966492 0.343065679073334 0.533576965332031 0.514153718948364 0.54679661989212 0.556703746318817 0.541865468025208 0.557733774185181 0.541682064533234 0.536316692829132 0.524477362632751 0.527898967266083 0.516675770282745 0.531363368034363 0.53061455488205 0.54011994600296 0.559845387935638 0.558822810649872 0.556742370128632 0.554697811603546 0.562034904956818 0.543465256690979 0.54304438829422
0.832625031471252 0.828766942024231 0.780335783958435 0.696971237659454 0.630078196525574 0.575852334499359 0.5589439868927 0.578477799892426 0.592097818851471 0.592399597167969 0.581469595432281 0.588479578495026 0.581840455532074 0.587683498859406 0.608695924282074 0.607320189476013 0.62310802936554 0.660999655723572 0.661035716533661 0.658180475234985 0.535087287425995 0.334357053041458 0.532982587814331 0.531378448009491 0.513878047466278 0.535262286663055 0.555557012557983 0.565804898738861 0.551536619663239 0.539878368377686 0.539155602455139 0.529952585697174 0.542175531387329 0.520703554153442 0.529426395893097 0.548569738864899 0.568305373191833 0.576177179813385 0.575602471828461 0.564113140106201 0.553428828716278 0.552171349525452 0.539875268936157 0.548131346702576
0.821603834629059 0.817538797855377 0.805800080299377 0.754449307918549 0.684735655784607 0.630786240100861 0.599435687065125 0.581345438957214 0.601653158664703 0.590557217597961 0.584380924701691 0.59436559677124 0.585473001003265 0.600749015808105 0.610715091228485 0.620944738388062 0.640044629573822 0.649094521999359 0.647721827030182 0.654550611972809 0.521947681903839 0.52016270160675 0.520982801914215 0.522416412830353 0.52281129360199 0.644533634185791 0.667777180671692 0.553612947463989 0.546207785606384 0.544546961784363 0.534362316131592 0.673505365848541 0.66153746843338 0.661691665649414 0.660890519618988 0.680344700813293 0.567673206329346 0.578785419464111 0.566569209098816 0.564760446548462 0.564591884613037 0.551449477672577 0.551020503044128 0.548496782779694
0.835510194301605 0.817302525043488 0.820635259151459 0.760201394557953 0.706656455993652 0.665107786655426 0.63222324848175 0.630944013595581 0.60672253370285 0.607623398303986 0.598296463489532 0.595987856388092 0.594477534294128 0.616812229156494 0.611584067344666 0.626632273197174 0.636373460292816 0.633923947811127 0.640172123908997 0.628257036209106 0.509702146053314 0.510512113571167 0.50164794921875 0.521615028381348 0.510738670825958 0.635933578014374 0.667626619338989 0.544340431690216 0.543817758560181 0.543376982212067 0.673505365848541 0.663900971412659 0.663673460483551 0.663369059562683 0.671226263046265 0.689576387405396 0.708713233470917 0.575090110301971 0.572575211524963 0.563506662845612 0.5611452460289 0.549803555011749 0.549135744571686 0.54717755317688
0.837494194507599 0.836800515651703 0.817237973213196 0.762741684913635 0.736984968185425 0.693788588047028 0.681498169898987 0.659137666225433 0.616342544555664 0.606203496456146 0.583621084690094 0.593239963054657 0.583631038665771 0.601495802402496 0.621508300304413 0.611425399780273 0.405548006296158 0.413778424263 0.614599049091339 0.613329172134399 0.485839307308197 0.496099323034286 0.498938143253326 0.499403536319733 0.509687304496765 0.502008974552155 0.532121419906616 0.554111897945404 0.544561088085175 0.665991723537445 0.674926340579987 0.663673460483551 0.66306346654892 0.660119116306305 0.679050624370575 0.709082961082458 0.698030292987823 0.694315016269684 0.562759459018707 0.559371113777161 0.548283815383911 0.547406196594238 0.539276719093323 0.535535514354706
0.837917804718018 0.83504194021225 0.814422369003296 0.79194962978363 0.759348928928375 0.726638913154602 0.705235660076141 0.687522709369659 0.63537734746933 0.602510154247284 0.581784307956696 0.588657975196838 0.57889586687088 0.589953124523163 0.598749816417694 0.597884178161621 0.603858053684235 0.399213343858719 0.39850577712059 0.608717978000641 0.483971238136292 0.308771431446075 0.498234242200851 0.487643778324127 0.508696854114532 0.509637117385864 0.511574983596802 0.533547163009644 0.544561088085175 0.684259474277496 0.684630572795868 0.663139998912811 0.662986874580383 0.670754253864288 0.678205609321594 0.695068657398224 0.694570541381836 0.694403886795044 0.681077182292938 0.547200262546539 0.545968413352966 0.54373574256897 0.532278597354889 0.534180998802185
0.839657247066498 0.823899030685425 0.820572376251221 0.795333683490753 0.772793889045715 0.759242832660675 0.751804113388062 0.715298295021057 0.662357151508331 0.609262645244598 0.596659719944 0.583949565887451 0.574149072170258 0.562573552131653 0.591519176959991 0.589176297187805 0.595336675643921 0.395970731973648 0.39544153213501 0.397064626216888 0.593871712684631 0.598928511142731 0.484316855669022 0.485650032758713 0.498029291629791 0.499438464641571 0.510804772377014 0.661429584026337 0.673010528087616 0.683436453342438 0.681985676288605 0.673529207706451 0.672314822673798 0.666460871696472 0.677299082279205 0.695303678512573 0.691476821899414 0.669445037841797 0.665289461612701 0.666398763656616 0.541910231113434 0.532380104064941 0.52990859746933 0.529805898666382
0.85845685005188 0.84433925151825 0.848843693733215 0.829666376113892 0.80307948589325 0.802084863185883 0.772595524787903 0.732945740222931 0.691357135772705 0.63663113117218 0.591451525688171 0.580416023731232 0.566595375537872 0.555296778678894 0.56523060798645 0.583452939987183 0.583032250404358 0.580280244350433 0.578451335430145 0.385567963123322 0.590537786483765 0.591583251953125 0.604678869247437 0.609257280826569 0.623110890388489 0.636749744415283 0.648199796676636 0.650885879993439 0.674650132656097 0.68333774805069 0.683816730976105 0.682266533374786 0.670692324638367 0.678338170051575 0.675322651863098 0.681376218795776 0.668471276760101 0.664634764194489 0.664634764194489 0.652236700057983 0.658210873603821 0.657670140266418 0.516647398471832 0.506523072719574
0.865117371082306 0.87211811542511 0.88376647233963 0.878722190856934 0.852508425712585 0.829028427600861 0.799996197223663 0.722440481185913 0.479680716991425 0.448242694139481 0.398822128772736 0.5751673579216 0.563195586204529 0.549576461315155 0.546879529953003 0.556650817394257 0.555686175823212 0.543714642524719 0.542254090309143 0.562798142433167 0.562340259552002 0.551026284694672 0.574174463748932 0.595573306083679 0.6078200340271 0.635049760341644 0.647434592247009 0.650196850299835 0.673000276088715 0.684470891952515 0.683331787586212 0.680744469165802 0.668767273426056 0.6545370221138 0.660990118980408 0.647867262363434 0.654627978801727 0.65214616060257 0.650083303451538 0.658734858036041 0.646142244338989 0.645278692245483 0.502197086811066 0.493635416030884
0.868993818759918 0.885611593723297 0.889442443847656 0.898496985435486 0.882105946540833 0.836259305477142 0.799247682094574 0.555181980133057 0.479578286409378 0.447282046079636 0.405408084392548 0.384921073913574 0.35632061958313 0.347054064273834 0.541261315345764 0.531019270420074 0.541274666786194 0.536597371101379 0.519990861415863 0.527511239051819 0.517041981220245 0.491028249263763 0.522295713424683 0.550360321998596 0.595773220062256 0.620800793170929 0.636341631412506 0.647919237613678 0.653428316116333 0.683186411857605 0.680121898651123 0.68733686208725 0.664444983005524 0.66115927696228 0.648128986358643 0.644907414913177 0.651763617992401 0.640165209770203 0.636163055896759 0.645112454891205 0.642611563205719 0.620745420455933 0.61888462305069 0.498639047145844
