data/climate_estimation/maxent_output/Ornithoglossum_calcicola.asc
NCOLS 71 
NROWS 101 
XLLCORNER 12.75 
YLLCORNER -26.5833333333333 
CELLSIZE 0.0833333333333333 
NODATA_value -3.4e+38 
[rows 0 to 20 of 101, columns 0 to 47 of 71]
0.487900614738464 0.521953701972961 0.468956768512726 0.542399346828461 0.55142217874527 0.505813181400299 0.419378370046616 0.496349066495895 0.532965481281281 0.607295155525208 0.68431955575943 0.75328654050827 0.780682682991028 0.777675330638885 0.822207808494568 0.793074131011963 0.767155528068542 0.745211660861969 0.76135790348053 0.774236679077148 0.752832293510437 0.774577438831329 0.75650292634964 0.775051474571228 0.785842001438141 0.793785750865936 0.791395008563995 0.808331668376923 0.813850700855255 0.828140199184418 0.826337337493896 0.824798047542572 0.840405762195587 0.848455131053925 0.835277616977692 0.824071168899536 0.832681953907013 0.830546438694 0.812931001186371 0.832508563995361 0.82414436340332 0.819498121738434 0.798602640628815 0.812060356140137 0.77966970205307 0.771883428096771 0.758660793304443 0.75997793674469
0.497921645641327 0.467677772045135 0.45146170258522 0.445243507623672 0.413587719202042 0.434676289558411 0.44800266623497 0.46221736073494 0.538645446300507 0.66068959236145 0.763156116008759 0.79132604598999 0.808533668518066 0.824317157268524 0.851399660110474 0.812934279441833 0.770716905593872 0.74465674161911 0.744625687599182 0.767708003520966 0.759694278240204 0.759879529476166 0.789032518863678 0.790465772151947 0.79352605342865 0.785572290420532 0.816523671150208 0.823246657848358 0.825928032398224 0.830709159374237 0.838164210319519 0.830837607383728 0.842453002929688 0.836727142333984 0.826568126678467 0.836928308010101 0.831414759159088 0.820927500724792 0.828189015388489 0.823819398880005 0.824784755706787 0.805521965026855 0.781338274478912 0.798495590686798 0.772507131099701 0.775538444519043 0.755220174789429 0.754443883895874
0.44831308722496 0.419003844261169 0.435144633054733 0.447742491960526 0.478614509105682 0.51673835515976 0.495988011360168 0.540311276912689 0.612999320030212 0.700510859489441 0.788760185241699 0.818997263908386 0.853688538074493 0.859516382217407 0.868663907051086 0.843229472637177 0.778272271156311 0.763075530529022 0.747815668582916 0.759317636489868 0.752269566059113 0.790749073028564 0.767300307750702 0.775812864303589 0.783174991607666 0.811671733856201 0.811827898025513 0.801100730895996 0.815818309783936 0.82853639125824 0.842283308506012 0.843084335327148 0.827644348144531 0.824084877967834 0.83883273601532 0.839007973670959 0.827420890331268 0.817057907581329 0.822905838489532 0.826308250427246 0.824873208999634 0.788003981113434 0.788407266139984 0.794338703155518 0.770237505435944 0.770493745803833 0.742520093917847 0.744178533554077
0.428952157497406 0.404186278581619 0.445973217487335 0.468522131443024 0.555075883865356 0.551713585853577 0.489850074052811 0.547942221164703 0.666094660758972 0.763699948787689 0.842958331108093 0.855199873447418 0.855191349983215 0.869024932384491 0.865661025047302 0.850842118263245 0.774340093135834 0.7685546875 0.76090681552887 0.750184774398804 0.765681028366089 0.778490006923676 0.761853098869324 0.799527704715729 0.788790702819824 0.802208602428436 0.816055774688721 0.8265261054039 0.818575263023376 0.832056224346161 0.819399178028107 0.847506880760193 0.823903739452362 0.84152740240097 0.832137644290924 0.839532732963562 0.823690176010132 0.838801264762878 0.8125119805336 0.810634911060333 0.816380977630615 0.812877058982849 0.797436535358429 0.790354073047638 0.76148647069931 0.752671658992767 0.749413013458252 0.722613990306854
0.447759062051773 0.384576618671417 0.437285453081131 0.445708364248276 0.479186922311783 0.517111778259277 0.48597115278244 0.494714260101318 0.654785215854645 0.782605648040771 0.833748698234558 0.817848861217499 0.81546425819397 0.847223103046417 0.860604643821716 0.839053213596344 0.782554864883423 0.758690297603607 0.751603305339813 0.76368647813797 0.786665678024292 0.761027753353119 0.784927785396576 0.798832833766937 0.805592119693756 0.79386830329895 0.827840507030487 0.815295398235321 0.807466149330139 0.834908425807953 0.845574140548706 0.836248457431793 0.833991169929504 0.83706122636795 0.831682920455933 0.84285831451416 0.831611633300781 0.832224547863007 0.81608110666275 0.812215089797974 0.801906824111938 0.803321421146393 0.783788621425629 0.785080552101135 0.767384767532349 0.760530948638916 0.741121828556061 0.729300737380981
0.482501715421677 0.390082538127899 0.389898151159286 0.436325907707214 0.431398689746857 0.479407608509064 0.468833088874817 0.450517565011978 0.549324870109558 0.774251520633698 0.809045970439911 0.799257516860962 0.807050943374634 0.825644910335541 0.844119429588318 0.83137583732605 0.800740122795105 0.774032890796661 0.765143990516663 0.757889151573181 0.782006442546844 0.776087880134583 0.800027966499329 0.798993229866028 0.814602673053741 0.82508373260498 0.810248017311096 0.820537328720093 0.829336225986481 0.843051612377167 0.828844964504242 0.829941511154175 0.838680684566498 0.834591925144196 0.842361807823181 0.830729424953461 0.822150230407715 0.822764217853546 0.820518612861633 0.813420414924622 0.81366503238678 0.784716188907623 0.771515727043152 0.754100799560547 0.753397107124329 0.757308483123779 0.744048774242401 0.716370761394501
0.475610285997391 0.421816676855087 0.376809030771255 0.393463402986526 0.433364242315292 0.437139481306076 0.40848845243454 0.428949028253555 0.48492619395256 0.676749169826508 0.786667704582214 0.786288797855377 0.828646600246429 0.799227297306061 0.792708694934845 0.822888910770416 0.824696958065033 0.819402635097504 0.78392893075943 0.768946528434753 0.77150422334671 0.787031590938568 0.782663345336914 0.796263575553894 0.825773596763611 0.837733566761017 0.830644607543945 0.849009931087494 0.842795073986053 0.828782021999359 0.840814471244812 0.845844447612762 0.85394299030304 0.849008977413177 0.86469304561615 0.838108479976654 0.838255763053894 0.830623865127563 0.829802513122559 0.807118952274323 0.807955980300903 0.785373628139496 0.784716188907623 0.766954720020294 0.74737286567688 0.749576032161713 0.723917186260223 0.713717937469482
0.420511335134506 0.377626448869705 0.366521060466766 0.369428604841232 0.38242045044899 0.399789869785309 0.39068278670311 0.391534775495529 0.443213015794754 0.564521312713623 0.753145396709442 0.732554912567139 0.806211650371552 0.802193641662598 0.754524171352386 0.823237180709839 0.82275128364563 0.802955687046051 0.801935017108917 0.790241241455078 0.780923545360565 0.784513533115387 0.790445744991302 0.809608578681946 0.821055948734283 0.833102107048035 0.842152059078217 0.844587445259094 0.835239350795746 0.834743320941925 0.843157529830933 0.854665696620941 0.84587574005127 0.847578525543213 0.845504879951477 0.835876166820526 0.851751208305359 0.829662799835205 0.823381662368774 0.809578895568848 0.788790941238403 0.794874131679535 0.773695647716522 0.768711864948273 0.74639481306076 0.740396678447723 0.720440685749054 0.712461948394775
0.256320059299469 0.369957447052002 0.36229407787323 0.380967110395432 0.420217901468277 0.402304440736771 0.339765012264252 0.382676810026169 0.39760148525238 0.452342122793198 0.735702037811279 0.681011915206909 0.794182002544403 0.801262378692627 0.721091330051422 0.785705268383026 0.796154618263245 0.727395474910736 0.754092156887054 0.795098185539246 0.804706394672394 0.802728652954102 0.801270008087158 0.817493796348572 0.82675713300705 0.826109707355499 0.832506239414215 0.856051564216614 0.845713675022125 0.849161088466644 0.862201631069183 0.845734834671021 0.863829255104065 0.847658216953278 0.845950186252594 0.843111157417297 0.826570153236389 0.828500330448151 0.799065589904785 0.800217688083649 0.784943103790283 0.791982293128967 0.769325196743011 0.76083517074585 0.732353985309601 0.735378563404083 0.701963841915131 0.710964858531952
0.275896906852722 0.417427003383636 0.413879692554474 0.407529890537262 0.441363632678986 0.483395367860794 0.346267104148865 0.367188334465027 0.363663166761398 0.475440979003906 0.601252138614655 0.639516890048981 0.730791568756104 0.802945792675018 0.729338645935059 0.678302466869354 0.62669849395752 0.624439179897308 0.756457328796387 0.795542657375336 0.796638429164886 0.822123527526855 0.808953881263733 0.83130943775177 0.841726899147034 0.846014618873596 0.85089498758316 0.857128143310547 0.865527987480164 0.864100158214569 0.856665551662445 0.858065128326416 0.853648662567139 0.852409899234772 0.857724189758301 0.841217637062073 0.852941751480103 0.817362666130066 0.816828310489655 0.794241011142731 0.80417263507843 0.769663989543915 0.766381859779358 0.754858076572418 0.75439041852951 0.737048268318176 0.714280545711517 0.726734220981598
0.423897117376328 0.432749301195145 0.42135414481163 0.410859882831573 0.411606729030609 0.454039007425308 0.38828107714653 0.342442125082016 0.334742158651352 0.418880671262741 0.394339203834534 0.486938089132309 0.503430247306824 0.796028077602386 0.730229794979095 0.570024371147156 0.667330741882324 0.714334666728973 0.718974173069 0.785795390605927 0.800017595291138 0.800324738025665 0.819244503974915 0.830219030380249 0.853435218334198 0.853998005390167 0.855562627315521 0.862338662147522 0.860507428646088 0.864791393280029 0.864905416965485 0.86023223400116 0.861828565597534 0.861057221889496 0.85315477848053 0.853422999382019 0.864333689212799 0.845115959644318 0.83620697259903 0.817447483539581 0.80605536699295 0.782672941684723 0.784554362297058 0.77621054649353 0.747517585754395 0.734590530395508 0.710624933242798 0.720240831375122
0.445703119039536 0.437451094388962 0.428346455097198 0.402308940887451 0.400565385818481 0.399235814809799 0.35819000005722 0.365078508853912 0.321230113506317 0.31553241610527 0.271943062543869 0.309329330921173 0.344086766242981 0.649330854415894 0.609155535697937 0.580680727958679 0.607795834541321 0.667536675930023 0.743960559368134 0.792690694332123 0.8252072930336 0.830984354019165 0.84646475315094 0.840416729450226 0.859100759029388 0.871660053730011 0.86910742521286 0.877397835254669 0.879332602024078 0.880201041698456 0.866932451725006 0.86396598815918 0.859677135944366 0.857169091701508 0.864627540111542 0.8761186003685 0.87630957365036 0.869119107723236 0.874005556106567 0.854992747306824 0.83581930398941 0.800298452377319 0.795615255832672 0.786053478717804 0.767040610313416 0.742625057697296 0.731364190578461 0.728091180324554
0.276296854019165 0.421634674072266 0.430165708065033 0.394651621580124 0.365776717662811 0.368622332811356 0.32632315158844 0.309594184160233 0.274037390947342 0.276423513889313 0.287685960531235 0.306772083044052 0.317080914974213 0.530513286590576 0.649186849594116 0.52097225189209 0.641684293746948 0.664975821971893 0.719113290309906 0.789230823516846 0.82318127155304 0.837789416313171 0.859016537666321 0.86067271232605 0.866998970508575 0.871709764003754 0.878289937973022 0.883499145507812 0.892464160919189 0.901959240436554 0.884717643260956 0.879400968551636 0.867371559143066 0.888318359851837 0.876934111118317 0.896339237689972 0.888855874538422 0.873118877410889 0.869925439357758 0.870227515697479 0.842405736446381 0.835652887821198 0.815988838672638 0.802548766136169 0.773305416107178 0.756612300872803 0.734285712242126 0.712889909744263
0.250809967517853 0.279323309659958 0.408127546310425 0.377765983343124 0.370077848434448 0.339504837989807 0.319142520427704 0.374600976705551 0.384429007768631 0.380766034126282 0.339182943105698 0.399224579334259 0.384242743253708 0.413648396730423 0.568072319030762 0.49129644036293 0.56496125459671 0.650531530380249 0.7183797955513 0.731705486774445 0.806021928787231 0.853400349617004 0.860265493392944 0.870949029922485 0.88311892747879 0.889683485031128 0.892787158489227 0.917836427688599 0.91128945350647 0.900989174842834 0.906496345996857 0.897817254066467 0.900464713573456 0.89681875705719 0.901995718479156 0.914412021636963 0.892741441726685 0.885810256004333 0.883423030376434 0.86435729265213 0.861180543899536 0.855483055114746 0.822708189487457 0.828060328960419 0.783324599266052 0.764355897903442 0.744691729545593 0.728691816329956
0.264198362827301 0.227916061878204 0.258570581674576 0.36868342757225 0.371511667966843 0.339870929718018 0.342967242002487 0.365296065807343 0.4511738717556 0.480736762285233 0.449977338314056 0.493527799844742 0.444975614547729 0.453144639730453 0.632343173027039 0.58879691362381 0.541776537895203 0.64403760433197 0.686207294464111 0.758584678173065 0.793979525566101 0.831503450870514 0.86995255947113 0.886935412883759 0.910620629787445 0.899742007255554 0.92144763469696 0.932905435562134 0.915709972381592 0.931292116641998 0.930859982967377 0.913663506507874 0.915223479270935 0.901349306106567 0.901584386825562 0.917137682437897 0.908820271492004 0.907378077507019 0.894153416156769 0.87939453125 0.871850788593292 0.856245636940002 0.849640607833862 0.837594509124756 0.809716105461121 0.786164522171021 0.764036536216736 0.750865459442139
0.200469270348549 0.253469944000244 0.281399697065353 0.4082190990448 0.38191431760788 0.386198550462723 0.414398968219757 0.404956966638565 0.454417556524277 0.50979620218277 0.584179818630219 0.575204908847809 0.521838247776031 0.477088928222656 0.619473099708557 0.568079590797424 0.621294021606445 0.671867191791534 0.682935059070587 0.73126220703125 0.776793360710144 0.827912569046021 0.858331739902496 0.898383796215057 0.905862033367157 0.923234641551971 0.926464378833771 0.924146413803101 0.948118150234222 0.931181490421295 0.946681320667267 0.938482701778412 0.922392785549164 0.915441870689392 0.910251259803772 0.912962555885315 0.921205997467041 0.906492471694946 0.907293736934662 0.899067938327789 0.87506490945816 0.866770029067993 0.869093596935272 0.846716165542603 0.818286538124084 0.812913537025452 0.812046468257904 0.770416557788849
0.1989536434412 0.248267725110054 0.274602800607681 0.435027569532394 0.422033488750458 0.42378768324852 0.423402577638626 0.422904938459396 0.456977277994156 0.515903770923615 0.661903381347656 0.723662436008453 0.638964235782623 0.593632400035858 0.634554922580719 0.619966745376587 0.665672183036804 0.689795553684235 0.726472914218903 0.743425250053406 0.776340246200562 0.827810168266296 0.869862616062164 0.893146932125092 0.479961425065994 0.497085303068161 0.921743869781494 0.930974721908569 0.934187054634094 0.950215637683868 0.955246448516846 0.943848013877869 0.926600635051727 0.929706156253815 0.92119026184082 0.924350440502167 0.931120216846466 0.903210461139679 0.909871816635132 0.908771991729736 0.891450583934784 0.90078330039978 0.894884943962097 0.874142408370972 0.874672293663025 0.841630458831787 0.827301383018494 0.821081757545471
0.204072624444962 0.204502284526825 0.261232167482376 0.419945031404495 0.423669815063477 0.420111268758774 0.426292181015015 0.429392755031586 0.472597420215607 0.571141541004181 0.671367347240448 0.700218796730042 0.723626673221588 0.714695334434509 0.708256542682648 0.697532296180725 0.698253571987152 0.732310593128204 0.769706547260284 0.788749098777771 0.806916475296021 0.82859992980957 0.864629685878754 0.857679843902588 0.449579685926437 0.495093256235123 0.924700558185577 0.929649889469147 0.935953259468079 0.931560635566711 0.923687756061554 0.936133682727814 0.928065180778503 0.929527699947357 0.935733258724213 0.940453588962555 0.933180451393127 0.91521680355072 0.918643772602081 0.911035358905792 0.912655889987946 0.912941217422485 0.897572159767151 0.889440715312958 0.873606443405151 0.882381498813629 0.861628293991089 0.85094952583313
-3.4e+38 0.198585510253906 0.246566936373711 0.410692125558853 0.42733433842659 0.416834443807602 0.430024176836014 0.434063851833344 0.466822117567062 0.541139423847198 0.604926884174347 0.640258610248566 0.659009039402008 0.683121681213379 0.786212801933289 0.800080955028534 0.757602632045746 0.759316921234131 0.775538206100464 0.801458775997162 0.808127462863922 0.810045063495636 0.812541484832764 0.838713586330414 0.866995930671692 0.893051981925964 0.901619136333466 0.91827666759491 0.912483751773834 0.913860857486725 0.912145376205444 0.930706083774567 0.940743327140808 0.929826736450195 0.932702660560608 0.921120226383209 0.928310036659241 0.92617928981781 0.916013777256012 0.925289869308472 0.927016735076904 0.92585277557373 0.913618266582489 0.92132955789566 0.904068768024445 0.895812273025513 0.898933291435242 0.892326176166534
-3.4e+38 0.194342479109764 0.239542216062546 0.244824543595314 0.429731875658035 0.431420654058456 0.446891874074936 0.448203593492508 0.470665782690048 0.504127383232117 0.566803693771362 0.610013008117676 0.618345618247986 0.633243024349213 0.701310217380524 0.822514057159424 0.86365407705307 0.804895579814911 0.794473707675934 0.794523179531097 0.788461327552795 0.788443684577942 0.794079959392548 0.833379089832306 0.867813289165497 0.904952883720398 0.890518367290497 0.887601733207703 0.905858516693115 0.901337623596191 0.913632869720459 0.938395142555237 0.934439301490784 0.936384081840515 0.930415511131287 0.930207669734955 0.929237842559814 0.913049042224884 0.913426876068115 0.922947585582733 0.92605322599411 0.934145033359528 0.929327070713043 0.939120411872864 0.936061024665833 0.911429107189178 0.902404189109802 0.898374855518341
-3.4e+38 -3.4e+38 0.186590746045113 0.254446029663086 0.375891864299774 0.438646227121353 0.438107937574387 0.43885663151741 0.466562062501907 0.490744352340698 0.51332950592041 0.548250794410706 0.556888997554779 0.600675463676453 0.653765439987183 0.747984111309052 0.893150925636292 0.859800517559052 0.825506806373596 0.8143230676651 0.783984661102295 0.761218130588531 0.786586880683899 0.821663856506348 0.833240449428558 0.85005784034729 0.861806809902191 0.883569777011871 0.91724556684494 0.913441956043243 0.928110599517822 0.945507168769836 0.943364143371582 0.945531368255615 0.927438676357269 0.92797726392746 0.913215458393097 0.910389184951782 0.910666763782501 0.906953155994415 0.929015338420868 0.934109330177307 0.940510511398315 0.946450114250183 0.941966712474823 0.924952745437622 0.914397716522217 0.902962982654572
