data/climate_estimation/maxent_output/Ornithoglossum_parviflorum.asc
NCOLS 43 
NROWS 63 
XLLCORNER 16.5 
YLLCORNER -33.75 
CELLSIZE 0.0833333333333333 
NODATA_value -3.4e+38 
[rows 26 to 51 of 63, columns 0 to 42 of 43]
-3.4e+38 -3.4e+38 -3.4e+38 -3.4e+38 -3.4e+38 -3.4e+38 -3.4e+38 -3.4e+38 -3.4e+38 -3.4e+38 -3.4e+38 0.162131249904633 0.860439956188202 0.891765713691711 0.895250499248505 0.870685935020447 0.870360374450684 0.894531726837158 0.875482022762299 0.976600229740143 0.959230303764343 0.980830907821655 0.96649181842804 0.961106359958649 0.906522989273071 0.906618118286133 0.887292325496674 0.856284737586975 0.82392281293869 0.674509763717651 0.677463412284851 0.630146980285645 0.754412770271301 0.629112482070923 0.420576959848404 0.438641339540482 0.373366922140121 0.256447315216064 0.235054552555084 0.208993956446648 0.197572991251945 0.0111692063510418 0.00516650406643748
-3.4e+38 -3.4e+38 -3.4e+38 -3.4e+38 -3.4e+38 -3.4e+38 -3.4e+38 -3.4e+38 -3.4e+38 -3.4e+38 -3.4e+38 -3.4e+38 0.136946275830269 0.138334766030312 0.153107583522797 0.881278276443481 0.844348430633545 0.858219504356384 0.85711944103241 0.866796553134918 0.863956391811371 0.859918415546417 0.981462478637695 0.97198349237442 0.954917848110199 0.951348125934601 0.939185619354248 0.939393520355225 0.946689486503601 0.930274724960327 0.90443480014801 0.875137686729431 0.787077963352203 0.579376995563507 0.475186854600906 0.467453598976135 0.420391470193863 0.328534811735153 0.290748119354248 0.262464702129364 0.212460175156593 0.01298588514328 0.0138573236763477
-3.4e+38 -3.4e+38 -3.4e+38 -3.4e+38 -3.4e+38 -3.4e+38 -3.4e+38 -3.4e+38 -3.4e+38 -3.4e+38 -3.4e+38 -3.4e+38 0.138705775141716 0.137912094593048 0.795579671859741 0.797296226024628 0.80301296710968 0.12366496026516 0.749235451221466 0.846766769886017 0.865478932857513 0.876215994358063 0.86936092376709 0.98712420463562 0.969155550003052 0.952385246753693 0.974916338920593 0.981225788593292 0.976053833961487 0.969901144504547 0.961296498775482 0.925802409648895 0.90609347820282 0.743451654911041 0.540981113910675 0.472384333610535 0.425273865461349 0.392262578010559 0.335830599069595 0.296870082616806 0.255237340927124 0.231064662337303 0.0146664287894964
-3.4e+38 -3.4e+38 -3.4e+38 -3.4e+38 -3.4e+38 -3.4e+38 -3.4e+38 -3.4e+38 -3.4e+38 -3.4e+38 -3.4e+38 -3.4e+38 -3.4e+38 0.128242313861847 0.121444880962372 0.109495058655739 0.740938186645508 0.685629546642303 0.0878913998603821 0.782535076141357 0.849727869033813 0.888068497180939 0.914244532585144 0.914095878601074 0.892300665378571 0.894870638847351 0.987032651901245 0.978896498680115 0.978681445121765 0.970409095287323 0.972247719764709 0.888217270374298 0.85384863615036 0.81814169883728 0.601740837097168 0.531746983528137 0.500824093818665 0.396589726209641 0.374199092388153 0.285591185092926 0.263784795999527 0.228304639458656 0.0139751033857465
-3.4e+38 -3.4e+38 -3.4e+38 -3.4e+38 -3.4e+38 -3.4e+38 -3.4e+38 -3.4e+38 -3.4e+38 -3.4e+38 -3.4e+38 -3.4e+38 -3.4e+38 -3.4e+38 0.124622963368893 0.115688070654869 0.701982498168945 0.693779349327087 0.0954696461558342 0.114961311221123 0.879666864871979 0.902292251586914 0.915355980396271 0.915721476078033 0.937429487705231 0.933881223201752 0.938547492027283 0.916621148586273 0.910222351551056 0.906174302101135 0.96615344285965 0.900771200656891 0.904988408088684 0.809259057044983 0.677424967288971 0.604615926742554 0.570851743221283 0.538955926895142 0.418205738067627 0.311573654413223 0.309604316949844 0.248200729489326 0.0126560339704156
-3.4e+38 -3.4e+38 -3.4e+38 -3.4e+38 -3.4e+38 -3.4e+38 -3.4e+38 -3.4e+38 -3.4e+38 -3.4e+38 -3.4e+38 -3.4e+38 -3.4e+38 -3.4e+38 0.127920180559158 0.11532873660326 0.108732476830482 0.12608776986599 0.133641377091408 0.836149632930756 0.879144191741943 0.907984495162964 0.912498414516449 0.946687638759613 0.940261602401733 0.947282373905182 0.928806483745575 0.956613004207611 0.917335748672485 0.978764593601227 0.970836818218231 0.920336723327637 0.941638946533203 0.884787082672119 0.80965530872345 0.69291090965271 0.581165015697479 0.533294975757599 0.526627063751221 0.462516874074936 0.357122629880905 0.241682901978493 0.248615592718124
-339999999999999996123846586046231871488.000000000000000 -3.4e+38 -3.4e+38 -3.4e+38 -3.4e+38 -3.4e+38 -3.4e+38 -3.4e+38 -3.4e+38 -3.4e+38 -3.4e+38 -3.4e+38 -3.4e+38 -3.4e+38 -3.4e+38 0.116052754223347 0.130123302340508 0.135282441973686 0.144993722438812 0.161320388317108 0.909062683582306 0.883516609668732 0.919490814208984 0.927852869033813 0.959726393222809 0.960937321186066 0.964766561985016 0.939452588558197 0.93299013376236 0.979912161827087 0.892084717750549 0.947627902030945 0.970883309841156 0.928602516651154 0.883983612060547 0.816493153572083 0.695112287998199 0.658216893672943 0.552456676959991 0.46437880396843 0.426133036613464 0.329799234867096 0.298851042985916
-3.4e+38 -3.4e+38 -3.4e+38 -3.4e+38 -3.4e+38 -3.4e+38 -3.4e+38 -3.4e+38 -3.4e+38 -3.4e+38 -3.4e+38 -3.4e+38 -3.4e+38 -3.4e+38 -3.4e+38 -3.4e+38 0.130861237645149 0.130423247814178 0.135150820016861 0.865019083023071 0.891755700111389 0.914340674877167 0.938050150871277 0.963522970676422 0.959948003292084 0.955189049243927 0.944606423377991 0.942668795585632 0.943965971469879 0.982399880886078 0.776809871196747 0.850182950496674 0.93571275472641 0.901782810688019 0.893680036067963 0.856760680675507 0.704540252685547 0.610592544078827 0.57205468416214 0.313394069671631 0.302247673273087 0.326381176710129 0.335215747356415
-3.4e+38 -3.4e+38 -3.4e+38 -3.4e+38 -3.4e+38 -3.4e+38 -3.4e+38 -3.4e+38 -3.4e+38 -3.4e+38 -3.4e+38 -3.4e+38 -3.4e+38 -3.4e+38 -3.4e+38 -3.4e+38 0.145167723298073 0.131418377161026 0.143765389919281 0.153425872325897 0.900290071964264 0.90933483839035 0.907913327217102 0.946927785873413 0.958664059638977 0.96034973859787 0.951096177101135 0.951897859573364 0.935653209686279 0.894971013069153 0.808834254741669 0.770829856395721 0.815363347530365 0.842133104801178 0.797106444835663 0.753289520740509 0.719956755638123 0.530728220939636 0.425534695386887 0.19961866736412 0.264108657836914 0.406675845384598 0.353045165538788
-3.4e+38 -3.4e+38 -3.4e+38 -3.4e+38 -3.4e+38 -3.4e+38 -3.4e+38 -3.4e+38 -3.4e+38 -3.4e+38 -3.4e+38 -3.4e+38 -3.4e+38 -3.4e+38 -3.4e+38 -3.4e+38 -3.4e+38 0.146598115563393 0.142130985856056 0.158741742372513 0.175058096647263 0.207801043987274 0.942431211471558 0.945456743240356 0.943610668182373 0.950704455375671 0.942203760147095 0.933222472667694 0.922569096088409 0.893703937530518 0.876949369907379 0.810623288154602 0.805993437767029 0.808341145515442 0.788105309009552 0.771850526332855 0.676873743534088 0.57565975189209 0.523184537887573 0.510078430175781 0.344262063503265 0.352773547172546 0.377455085515976
-3.4e+38 -3.4e+38 -3.4e+38 -3.4e+38 -3.4e+38 -3.4e+38 -3.4e+38 -3.4e+38 -3.4e+38 -3.4e+38 -3.4e+38 -3.4e+38 -3.4e+38 -3.4e+38 -3.4e+38 -3.4e+38 -3.4e+38 -3.4e+38 0.14464670419693 0.155324935913086 0.188908636569977 0.184921011328697 0.212520748376846 0.199162155389786 0.193081632256508 0.931968927383423 0.925639152526855 0.915035605430603 0.880533456802368 0.941806614398956 0.809651792049408 0.787060141563416 0.815347135066986 0.804915428161621 0.747216701507568 0.708936750888824 0.70163881778717 0.672720789909363 0.588073194026947 0.540040731430054 0.449553817510605 0.4534972012043 0.405507922172546
-3.4e+38 -3.4e+38 -3.4e+38 -3.4e+38 -3.4e+38 -3.4e+38 -3.4e+38 -3.4e+38 -3.4e+38 -3.4e+38 -3.4e+38 -3.4e+38 -3.4e+38 -3.4e+38 -3.4e+38 -3.4e+38 -3.4e+38 -3.4e+38 -3.4e+38 0.885933756828308 0.168779388070107 0.917093217372894 0.916270911693573 0.18310184776783 0.904948830604553 0.906257808208466 0.894833564758301 0.867793440818787 0.86878502368927 0.935431003570557 0.863221228122711 0.745929360389709 0.800503373146057 0.792412996292114 0.791817724704742 0.816941797733307 0.767891705036163 0.619532883167267 0.510912179946899 0.499374181032181 0.355035275220871 0.472745776176453 0.352906495332718
-3.4e+38 -3.4e+38 -3.4e+38 -3.4e+38 -3.4e+38 -3.4e+38 -3.4e+38 -3.4e+38 -3.4e+38 -3.4e+38 -3.4e+38 -3.4e+38 -3.4e+38 -3.4e+38 -3.4e+38 -3.4e+38 -3.4e+38 -3.4e+38 -3.4e+38 -3.4e+38 0.891989469528198 0.876164674758911 0.837152659893036 0.873995363712311 0.89274662733078 0.861561596393585 0.82846599817276 0.916269481182098 0.954736053943634 0.946161985397339 0.807536780834198 0.795047581195831 0.799622058868408 0.812891364097595 0.877625584602356 0.882251977920532 0.826143860816956 0.760971784591675 0.748422920703888 0.508818209171295 0.387696266174316 0.429488211870193 0.301442384719849
-3.4e+38 -3.4e+38 -3.4e+38 -3.4e+38 -3.4e+38 -3.4e+38 -3.4e+38 -3.4e+38 -3.4e+38 -3.4e+38 -3.4e+38 -3.4e+38 -3.4e+38 -3.4e+38 -3.4e+38 -3.4e+38 -3.4e+38 -3.4e+38 -3.4e+38 -3.4e+38 0.891063034534454 0.842647671699524 0.813288450241089 0.961204349994659 0.976589918136597 0.98218047618866 0.797637283802032 0.841728568077087 0.884085297584534 0.92260617017746 0.858561098575592 0.846363067626953 0.826739251613617 0.810436606407166 0.8701052069664 0.885777235031128 0.862569272518158 0.855309724807739 0.797580420970917 0.582285583019257 0.436996400356293 0.336250841617584 0.273006290197372
-3.4e+38 -3.4e+38 -3.4e+38 -3.4e+38 -3.4e+38 -3.4e+38 -3.4e+38 -3.4e+38 -3.4e+38 -3.4e+38 -3.4e+38 -3.4e+38 -3.4e+38 -3.4e+38 -3.4e+38 -3.4e+38 -3.4e+38 -3.4e+38 -3.4e+38 -3.4e+38 -3.4e+38 0.825383543968201 0.964207887649536 0.951347351074219 0.939446747303009 0.975302577018738 0.944161832332611 0.910426616668701 0.927420973777771 0.917722225189209 0.867152750492096 0.867742300033569 0.840361595153809 0.833960652351379 0.850823283195496 0.876373827457428 0.875747680664062 0.875690817832947 0.803565263748169 0.824737250804901 0.610250234603882 0.341425269842148 0.246745333075523
-3.4e+38 -3.4e+38 -3.4e+38 -3.4e+38 -3.4e+38 -3.4e+38 -3.4e+38 -3.4e+38 -3.4e+38 -3.4e+38 -3.4e+38 -3.4e+38 -3.4e+38 -3.4e+38 -3.4e+38 -3.4e+38 -3.4e+38 -3.4e+38 -3.4e+38 -3.4e+38 -3.4e+38 0.82450944185257 0.968154013156891 0.955666959285736 0.927904188632965 0.884389221668243 0.916409552097321 0.864094972610474 0.803290367126465 0.871448993682861 0.855438470840454 0.828683137893677 0.800865888595581 0.835033357143402 0.845480024814606 0.865347504615784 0.908118724822998 0.835844576358795 0.831119298934937 0.841239392757416 0.743043124675751 0.355441868305206 0.35774689912796
-3.4e+38 -3.4e+38 -3.4e+38 -3.4e+38 -3.4e+38 -3.4e+38 -3.4e+38 -3.4e+38 -3.4e+38 -3.4e+38 -3.4e+38 -3.4e+38 -3.4e+38 -3.4e+38 -3.4e+38 -3.4e+38 -3.4e+38 -3.4e+38 -3.4e+38 -3.4e+38 -3.4e+38 0.979287445545197 0.958828866481781 0.947916388511658 0.924026310443878 0.853096663951874 0.760933637619019 0.913637459278107 0.757614254951477 0.719561278820038 0.750492215156555 0.728653728961945 0.763077795505524 0.787298440933228 0.815264701843262 0.86972838640213 0.864939391613007 0.862456023693085 0.821549952030182 0.80243045091629 0.762992262840271 0.562759459018707 0.403454452753067
-3.4e+38 -3.4e+38 -3.4e+38 -3.4e+38 -3.4e+38 -3.4e+38 -3.4e+38 -3.4e+38 -3.4e+38 -3.4e+38 -3.4e+38 -3.4e+38 -3.4e+38 -3.4e+38 -3.4e+38 -3.4e+38 -3.4e+38 -3.4e+38 -3.4e+38 -3.4e+38 -3.4e+38 0.963071823120117 0.961282730102539 0.929590463638306 0.930807173252106 0.88448828458786 0.7354656457901 0.853519856929779 0.858543753623962 0.610946416854858 0.623650789260864 0.637760996818542 0.67753267288208 0.752100706100464 0.791538178920746 0.821249723434448 0.841884553432465 0.861182987689972 0.848331868648529 0.810063660144806 0.670175850391388 0.743365824222565 0.45126673579216
-3.4e+38 -3.4e+38 -3.4e+38 -3.4e+38 -3.4e+38 -3.4e+38 -3.4e+38 -3.4e+38 -3.4e+38 -3.4e+38 -3.4e+38 -3.4e+38 -3.4e+38 -3.4e+38 -3.4e+38 -3.4e+38 -3.4e+38 -3.4e+38 -3.4e+38 -3.4e+38 -3.4e+38 0.976887941360474 0.957328796386719 0.941183686256409 0.932918548583984 0.887492179870605 0.753459095954895 0.672021090984344 0.841300964355469 0.71006053686142 0.423561751842499 0.51979672908783 0.625965595245361 0.660233378410339 0.673841416835785 0.819679200649261 0.806870222091675 0.819217562675476 0.790717482566833 0.835364043712616 0.70198267698288 0.689007222652435 0.670986831188202
-3.4e+38 -3.4e+38 -3.4e+38 -3.4e+38 -3.4e+38 -3.4e+38 -3.4e+38 -3.4e+38 -3.4e+38 -3.4e+38 -3.4e+38 -3.4e+38 -3.4e+38 -3.4e+38 -3.4e+38 -3.4e+38 -3.4e+38 -3.4e+38 -3.4e+38 -3.4e+38 -3.4e+38 0.952423214912415 0.941582441329956 0.908420622348785 0.9029501080513 0.896226942539215 0.759760558605194 0.554892241954803 0.664452970027924 0.73349940776825 0.560038208961487 0.330310076475143 0.584273815155029 0.616682708263397 0.706979691982269 0.790732622146606 0.789142727851868 0.782484233379364 0.752288341522217 0.656215846538544 0.752302348613739 0.656163930892944 0.575304210186005
-3.4e+38 -3.4e+38 -3.4e+38 -3.4e+38 -3.4e+38 -3.4e+38 -3.4e+38 -3.4e+38 -3.4e+38 -3.4e+38 -3.4e+38 -3.4e+38 -3.4e+38 -3.4e+38 -3.4e+38 -3.4e+38 -3.4e+38 -3.4e+38 -3.4e+38 -3.4e+38 -3.4e+38 0.959145545959473 0.921591103076935 0.926211893558502 0.860692203044891 0.831776976585388 0.777263641357422 0.516054689884186 0.47385773062706 0.719013929367065 0.479704111814499 0.268131077289581 0.33474737405777 0.566848993301392 0.662795186042786 0.769574463367462 0.779415965080261 0.796072661876678 0.731982350349426 0.666184961795807 0.654708564281464 0.613103926181793 0.575089514255524
-3.4e+38 -3.4e+38 -3.4e+38 -3.4e+38 -3.4e+38 -3.4e+38 -3.4e+38 -3.4e+38 -3.4e+38 -3.4e+38 -3.4e+38 -3.4e+38 -3.4e+38 -3.4e+38 -3.4e+38 -3.4e+38 -3.4e+38 -3.4e+38 -3.4e+38 -3.4e+38 -3.4e+38 -3.4e+38 0.94403064250946 0.871943473815918 0.90549373626709 0.741282343864441 0.756686627864838 0.629263281822205 0.417093276977539 0.679817318916321 0.479784041643143 0.299572139978409 0.383508414030075 0.470483243465424 0.578450381755829 0.709568381309509 0.803499221801758 0.665633082389832 0.691153287887573 0.658440113067627 0.604910433292389 0.574509561061859 0.549710512161255
-339999999999999996123846586046231871488.000000000000000 -3.4e+38 -3.4e+38 -3.4e+38 -3.4e+38 -3.4e+38 -3.4e+38 -3.4e+38 -3.4e+38 -3.4e+38 -3.4e+38 -3.4e+38 -3.4e+38 -3.4e+38 -3.4e+38 -3.4e+38 -3.4e+38 -3.4e+38 -3.4e+38 -3.4e+38 -3.4e+38 0.95748496055603 0.927265048027039 0.902628719806671 0.902677118778229 0.874130308628082 0.812520861625671 0.603808104991913 0.466778993606567 0.548709809780121 0.532492339611053 0.358603894710541 0.28419429063797 0.510475218296051 0.610919058322906 0.69522225856781 0.63173645734787 0.632910549640656 0.637780070304871 0.647705674171448 0.622186839580536 0.629200577735901 0.488428294658661
-3.4e+38 -3.4e+38 -3.4e+38 -3.4e+38 -3.4e+38 -3.4e+38 -3.4e+38 -3.4e+38 -3.4e+38 -3.4e+38 -3.4e+38 -3.4e+38 -3.4e+38 -3.4e+38 -3.4e+38 -3.4e+38 -3.4e+38 -3.4e+38 -3.4e+38 -3.4e+38 -3.4e+38 0.957195699214935 0.932738900184631 0.846128702163696 0.698819279670715 0.83076399564743 0.780918896198273 0.744608640670776 0.758550107479095 0.44324991106987 0.572320699691772 0.344658613204956 0.349650233983994 0.416304767131805 0.595964014530182 0.525801122188568 0.569558143615723 0.655778467655182 0.620814383029938 0.563393115997314 0.613549947738647 0.518751561641693 0.403649151325226
-3.4e+38 -3.4e+38 -3.4e+38 -3.4e+38 -3.4e+38 -3.4e+38 -3.4e+38 -3.4e+38 -3.4e+38 -3.4e+38 -3.4e+38 -3.4e+38 -3.4e+38 -3.4e+38 -3.4e+38 -3.4e+38 0.78071516752243 0.844834387302399 0.926439583301544 -3.4e+38 0.962063610553741 0.946283340454102 0.925432980060577 0.850553214550018 0.432388097047806 0.639372408390045 0.529804706573486 0.424059092998505 0.760177433490753 0.582166433334351 0.464191079139709 0.295423716306686 0.352196872234344 0.469932824373245 0.510833501815796 0.500576972961426 0.563539445400238 0.568582057952881 0.591995656490326 0.576605618000031 0.605319678783417 0.531854391098022 0.467384219169617
-3.4e+38 -3.4e+38 -3.4e+38 -3.4e+38 -3.4e+38 -3.4e+38 -3.4e+38 -3.4e+38 -3.4e+38 -3.4e+38 -3.4e+38 -3.4e+38 -3.4e+38 -3.4e+38 -3.4e+38 -3.4e+38 0.77549010515213 0.847423493862152 0.864020764827728 0.969523072242737 0.96662163734436 0.952595829963684 0.939900040626526 0.887677133083344 0.858480036258698 0.363024055957794 0.127338662743568 0.45203959941864 0.662841200828552 0.59797990322113 0.413239866495132 0.2756507396698 0.277991443872452 0.40454238653183 0.321038812398911 0.601938605308533 0.552004992961884 0.570652961730957 0.594874382019043 0.593232989311218 0.504310071468353 0.481792271137238 0.493071168661118
