data/climate_estimation/maxent_output/Ornithoglossum_calcicola.asc
NCOLS 71 
NROWS 101 
XLLCORNER 12.75 
YLLCORNER -26.5833333333333 
CELLSIZE 0.0833333333333333 
NODATA_value -3.4e+38 
[rows 42 to 62 of 101, columns 0 to 47 of 71]
-3.4e+38 -3.4e+38 -3.4e+38 -3.4e+38 -3.4e+38 -3.4e+38 -3.4e+38 -3.4e+38 -3.4e+38 -3.4e+38 -3.4e+38 -3.4e+38 -3.4e+38 -3.4e+38 0.369630962610245 0.397468596696854 0.417550474405289 0.468929976224899 0.505836963653564 0.541152656078339 0.534035265445709 0.596864342689514 0.598345756530762 0.610887944698334 0.619637131690979 0.651570558547974 0.850880742073059 0.888399600982666 0.920059025287628 0.958076536655426 0.973478734493256 0.984896004199982 0.990711271762848 0.999380230903625 0.998188197612762 0.998722195625305 0.999259352684021 0.988059639930725 0.990438103675842 0.993352055549622 0.994789063930511 0.995536923408508 0.996566236019135 0.997175931930542 0.997967779636383 0.997958362102509 0.997682452201843 0.997400224208832
-3.4e+38 -3.4e+38 -3.4e+38 -3.4e+38 -3.4e+38 -3.4e+38 -3.4e+38 -3.4e+38 -3.4e+38 -3.4e+38 -3.4e+38 -3.4e+38 -3.4e+38 -3.4e+38 0.380514800548553 0.401798248291016 0.398012071847916 0.413282752037048 0.488299340009689 0.51686304807663 0.5384361743927 0.585579693317413 0.584492266178131 0.596226751804352 0.627855122089386 0.688103914260864 0.878529191017151 0.916600108146667 0.951710104942322 0.969657838344574 0.976742148399353 0.981099367141724 0.983506917953491 0.971446514129639 0.979451715946198 0.991343557834625 0.975384771823883 0.977060675621033 0.987655639648438 0.98909193277359 0.992146790027618 0.995059847831726 0.996599733829498 0.997105896472931 0.997882783412933 0.997999310493469 0.997876286506653 0.997039020061493
-3.4e+38 -3.4e+38 -3.4e+38 -3.4e+38 -3.4e+38 -3.4e+38 -3.4e+38 -3.4e+38 -3.4e+38 -3.4e+38 -3.4e+38 -3.4e+38 -3.4e+38 -3.4e+38 -3.4e+38 0.400866508483887 0.416251361370087 0.414129346609116 0.455823332071304 0.506916582584381 0.532645165920258 0.579201400279999 0.598321139812469 0.632570505142212 0.682439148426056 0.719895482063293 0.872664630413055 0.926197946071625 0.943881154060364 0.971210300922394 0.978361189365387 0.979975342750549 0.981247305870056 0.960993826389313 0.976600170135498 0.969034194946289 0.966788947582245 0.977285027503967 0.989640474319458 0.992890238761902 0.99491024017334 0.996216773986816 0.997591495513916 0.99750429391861 0.997516751289368 0.996889710426331 0.997152268886566 0.997801840305328
-3.4e+38 -3.4e+38 -3.4e+38 -3.4e+38 -3.4e+38 -3.4e+38 -3.4e+38 -3.4e+38 -3.4e+38 -3.4e+38 -3.4e+38 -3.4e+38 -3.4e+38 -3.4e+38 -3.4e+38 -3.4e+38 0.411654561758041 0.419919699430466 0.37814673781395 0.482269793748856 0.559742867946625 0.537900924682617 0.617208898067474 0.650664508342743 0.68375027179718 0.731537461280823 0.893572330474854 0.925216376781464 0.957926392555237 0.972681224346161 0.983808696269989 0.988544166088104 0.980843842029572 0.96167004108429 0.960200369358063 0.971647977828979 0.97606360912323 0.984254717826843 0.993206262588501 0.996556222438812 0.998170793056488 0.997574210166931 0.996806561946869 0.997202098369598 0.997836232185364 0.99701339006424 0.996427059173584 0.99709540605545
-3.4e+38 -3.4e+38 -3.4e+38 -3.4e+38 -3.4e+38 -3.4e+38 -3.4e+38 -3.4e+38 -3.4e+38 -3.4e+38 -3.4e+38 -3.4e+38 -3.4e+38 -3.4e+38 -3.4e+38 -3.4e+38 -3.4e+38 0.424377053976059 0.448479831218719 0.459370583295822 0.525364935398102 0.582062661647797 0.624641954898834 0.670783221721649 0.711155951023102 0.742182970046997 0.889730036258698 0.934966504573822 0.950958013534546 0.968867599964142 0.977275907993317 0.986208200454712 0.977139592170715 0.946743786334991 0.976563155651093 0.989234507083893 0.990056037902832 0.991754353046417 0.996731698513031 0.996688663959503 0.99620658159256 0.994070529937744 0.997206747531891 0.996830105781555 0.997191727161407 0.997061252593994 0.996109187602997 0.995698571205139
-3.4e+38 -3.4e+38 -3.4e+38 -3.4e+38 -3.4e+38 -3.4e+38 -3.4e+38 -3.4e+38 -3.4e+38 -3.4e+38 -3.4e+38 -3.4e+38 -3.4e+38 -3.4e+38 -3.4e+38 -3.4e+38 -3.4e+38 -3.4e+38 0.453920632600784 0.402258396148682 0.511090219020844 0.586512207984924 0.610201239585876 0.667291939258575 0.711702227592468 0.727670669555664 0.892219245433807 0.815151154994965 0.860475897789001 0.899201333522797 0.965924739837646 0.956077575683594 0.940151989459991 0.950659155845642 0.985286056995392 0.994674444198608 0.987995743751526 0.988634824752808 0.994211554527283 0.994037628173828 0.994098663330078 0.993241488933563 0.997485935688019 0.996913254261017 0.996132433414459 0.994926869869232 0.991392016410828 0.99185711145401
-3.4e+38 -3.4e+38 -3.4e+38 -3.4e+38 -3.4e+38 -3.4e+38 -3.4e+38 -3.4e+38 -3.4e+38 -3.4e+38 -3.4e+38 -3.4e+38 -3.4e+38 -3.4e+38 -3.4e+38 -3.4e+38 -3.4e+38 -3.4e+38 0.482375234365463 0.492662668228149 0.453284591436386 0.57980877161026 0.624428272247314 0.644392907619476 0.680065751075745 0.720389485359192 0.887071549892426 0.774212598800659 0.852512121200562 0.85098671913147 0.933393061161041 0.938574612140656 0.943534433841705 0.977025389671326 0.984468519687653 0.992409288883209 0.980813443660736 0.991587579250336 0.99144846200943 0.993281066417694 0.988759219646454 0.991839647293091 0.993764817714691 0.995981216430664 0.994224548339844 0.990376770496368 0.992382645606995 0.993301928043365
-3.4e+38 -3.4e+38 -3.4e+38 -3.4e+38 -3.4e+38 -3.4e+38 -3.4e+38 -3.4e+38 -3.4e+38 -3.4e+38 -3.4e+38 -3.4e+38 -3.4e+38 -3.4e+38 -3.4e+38 -3.4e+38 -3.4e+38 -3.4e+38 -3.4e+38 0.499565988779068 0.447576731443405 0.55674546957016 0.612167418003082 0.637368977069855 0.683427214622498 0.687793135643005 0.728652060031891 0.762700915336609 0.817534327507019 0.787942886352539 0.922105967998505 0.962688326835632 0.986503720283508 0.992074847221375 0.842721104621887 0.800640881061554 0.802028477191925 0.784332871437073 0.804421484470367 0.986561477184296 0.983490884304047 0.984683394432068 0.986880481243134 0.99206155538559 0.990691065788269 0.995812654495239 0.995197176933289 0.994594037532806
-3.4e+38 -3.4e+38 -3.4e+38 -3.4e+38 -3.4e+38 -3.4e+38 -3.4e+38 -3.4e+38 -3.4e+38 -3.4e+38 -3.4e+38 -3.4e+38 -3.4e+38 -3.4e+38 -3.4e+38 -3.4e+38 -3.4e+38 -3.4e+38 -3.4e+38 -3.4e+38 0.465025931596756 0.476121157407761 0.58415675163269 0.664927423000336 0.680293083190918 0.704017162322998 0.893467128276825 0.762677609920502 0.758888959884644 0.796669483184814 0.843923985958099 0.908745408058167 0.986690104007721 0.857271909713745 0.836042940616608 0.757168292999268 0.767070114612579 0.771998941898346 0.762659728527069 0.750752925872803 0.747143626213074 0.988818407058716 0.987456977367401 0.991810917854309 0.996762275695801 0.997202038764954 0.997423350811005 0.996386885643005
-3.4e+38 -3.4e+38 -3.4e+38 -3.4e+38 -3.4e+38 -3.4e+38 -3.4e+38 -3.4e+38 -3.4e+38 -3.4e+38 -3.4e+38 -3.4e+38 -3.4e+38 -3.4e+38 -3.4e+38 -3.4e+38 -3.4e+38 -3.4e+38 -3.4e+38 -3.4e+38 0.582869946956635 0.477298021316528 0.580694794654846 0.62659478187561 0.687500596046448 0.708609580993652 0.893031477928162 0.735345959663391 0.701516687870026 0.793215155601501 0.869691908359528 0.894956409931183 0.937792539596558 0.868543148040771 0.783771932125092 0.790271937847137 0.838975667953491 0.985683381557465 0.993727028369904 0.96999579668045 0.986733436584473 0.994697332382202 0.993594288825989 0.996568083763123 0.998089969158173 0.998442351818085 0.998371362686157 0.997644543647766
-339999999999999996123846586046231871488.000000000000000 -3.4e+38 -3.4e+38 -3.4e+38 -3.4e+38 -3.4e+38 -3.4e+38 -3.4e+38 -3.4e+38 -3.4e+38 -3.4e+38 -3.4e+38 -3.4e+38 -3.4e+38 -3.4e+38 -3.4e+38 -3.4e+38 -3.4e+38 -3.4e+38 -3.4e+38 0.575514554977417 0.631692707538605 0.517483234405518 0.631091177463531 0.67796003818512 0.703519880771637 0.684247732162476 0.887513399124146 0.720760464668274 0.877908647060394 0.887734293937683 0.898832857608795 0.875932335853577 0.828723847866058 0.825548112392426 0.857894361019135 0.98938649892807 0.990757167339325 0.994777739048004 0.997784614562988 0.995759546756744 0.996701002120972 0.996993958950043 0.997778415679932 0.998664140701294 0.998530089855194 0.99883633852005 0.998299539089203
-3.4e+38 -3.4e+38 -3.4e+38 -3.4e+38 -3.4e+38 -3.4e+38 -3.4e+38 -3.4e+38 -3.4e+38 -3.4e+38 -3.4e+38 -3.4e+38 -3.4e+38 -3.4e+38 -3.4e+38 -3.4e+38 -3.4e+38 -3.4e+38 -3.4e+38 -3.4e+38 -3.4e+38 0.641222715377808 0.520357608795166 0.579910576343536 0.61669510602951 0.657768130302429 0.706436097621918 0.710883259773254 0.860996067523956 0.854820251464844 0.858537971973419 0.86150050163269 0.848961293697357 0.803666532039642 0.891639828681946 0.994219958782196 0.996266543865204 0.995772302150726 0.99680095911026 0.997888028621674 0.999140858650208 0.999366581439972 0.99808132648468 0.999046325683594 0.999074876308441 0.999063909053802 0.998233258724213 0.99704384803772
-3.4e+38 -3.4e+38 -3.4e+38 -3.4e+38 -3.4e+38 -3.4e+38 -3.4e+38 -3.4e+38 -3.4e+38 -3.4e+38 -3.4e+38 -3.4e+38 -3.4e+38 -3.4e+38 -3.4e+38 -3.4e+38 -3.4e+38 -3.4e+38 -3.4e+38 -3.4e+38 -3.4e+38 0.57776153087616 0.468371689319611 0.60564249753952 0.642931282520294 0.63519823551178 0.655526578426361 0.893612444400787 0.881523191928864 0.866367161273956 0.827053070068359 0.824712991714478 0.816652059555054 0.855013191699982 0.916531324386597 0.956313610076904 0.973026216030121 0.944225549697876 0.949132561683655 0.999706149101257 0.999730050563812 0.999299645423889 0.998860478401184 0.998991370201111 0.999173820018768 0.999068140983582 0.997890651226044 0.997949302196503
-3.4e+38 -3.4e+38 -3.4e+38 -3.4e+38 -3.4e+38 -3.4e+38 -3.4e+38 -3.4e+38 -3.4e+38 -3.4e+38 -3.4e+38 -3.4e+38 -3.4e+38 -3.4e+38 -3.4e+38 -3.4e+38 -3.4e+38 -3.4e+38 -3.4e+38 -3.4e+38 -3.4e+38 0.504004776477814 0.489795595407486 0.567739307880402 0.598339438438416 0.842692196369171 0.872975766658783 0.9073765873909 0.865074336528778 0.879171907901764 0.8576979637146 0.855808019638062 0.863889575004578 0.880850195884705 0.914130985736847 0.953898966312408 0.955113530158997 0.96357274055481 0.950771391391754 0.999610245227814 0.99973052740097 0.999594032764435 0.99941498041153 0.999415695667267 0.998665750026703 0.997355461120605 0.997781872749329 0.998371124267578
-3.4e+38 -3.4e+38 -3.4e+38 -3.4e+38 -3.4e+38 -3.4e+38 -3.4e+38 -3.4e+38 -3.4e+38 -3.4e+38 -3.4e+38 -3.4e+38 -3.4e+38 -3.4e+38 -3.4e+38 -3.4e+38 -3.4e+38 -3.4e+38 -3.4e+38 -3.4e+38 0.375432193279266 0.375072717666626 0.415666908025742 0.45573964715004 0.557032823562622 0.833177864551544 0.847780525684357 0.887409150600433 0.887615621089935 0.879398047924042 0.88677841424942 0.871930122375488 0.901459336280823 0.910797655582428 0.925735294818878 0.949475169181824 0.953181445598602 0.97426849603653 0.945721924304962 0.999780535697937 0.999577939510345 0.945454239845276 0.9526247382164 0.998730659484863 0.999166369438171 0.998998165130615 0.998823583126068 0.998953461647034
-3.4e+38 -3.4e+38 -3.4e+38 -3.4e+38 -3.4e+38 -3.4e+38 -3.4e+38 -3.4e+38 -3.4e+38 -3.4e+38 -3.4e+38 -3.4e+38 -3.4e+38 -3.4e+38 -3.4e+38 -3.4e+38 -3.4e+38 -3.4e+38 -3.4e+38 0.301081508398056 0.304139167070389 0.317185759544373 0.365675985813141 0.656173050403595 0.781464815139771 0.836090683937073 0.894466757774353 0.915767312049866 0.902046263217926 0.895773589611053 0.89395135641098 0.879110157489777 0.909045219421387 0.91885781288147 0.939565539360046 0.949053347110748 0.917646050453186 0.939256489276886 0.916008949279785 0.954016864299774 0.9657182097435 0.998004853725433 0.999413132667542 0.999101281166077 0.99922376871109 0.999518573284149 0.999236464500427 0.999075531959534
-3.4e+38 -3.4e+38 -3.4e+38 -3.4e+38 -3.4e+38 -3.4e+38 -3.4e+38 -3.4e+38 -3.4e+38 -3.4e+38 -3.4e+38 -3.4e+38 -3.4e+38 -3.4e+38 -3.4e+38 -3.4e+38 -3.4e+38 -3.4e+38 -3.4e+38 0.289337396621704 0.43474280834198 0.477701425552368 0.542374432086945 0.695414662361145 0.762686908245087 0.893276154994965 0.902538239955902 0.921999037265778 0.921101927757263 0.908674359321594 0.904577612876892 0.900221526622772 0.907543659210205 0.921388387680054 0.946678459644318 0.924191832542419 0.892452478408813 0.894407451152802 0.911513209342957 0.915803909301758 0.995972514152527 0.99580192565918 0.998115658760071 0.998870253562927 0.999019980430603 0.999319195747375 0.999576389789581 0.999162912368774
-3.4e+38 -3.4e+38 -3.4e+38 -3.4e+38 -3.4e+38 -3.4e+38 -3.4e+38 -3.4e+38 -3.4e+38 -3.4e+38 -3.4e+38 -3.4e+38 -3.4e+38 -3.4e+38 -3.4e+38 -3.4e+38 -3.4e+38 -3.4e+38 -3.4e+38 -3.4e+38 0.432923793792725 0.481586933135986 0.542293310165405 0.657991051673889 0.845574498176575 0.898319065570831 0.913360476493835 0.928888440132141 0.929152011871338 0.913716733455658 0.91684103012085 0.905205845832825 0.907128930091858 0.942087471485138 0.941030263900757 0.916499018669128 0.898632824420929 0.892719984054565 0.901318788528442 0.888810396194458 0.995285391807556 0.998290657997131 0.99942547082901 0.999752521514893 0.999551594257355 0.999736487865448 0.999507904052734 0.999264538288116
-3.4e+38 -3.4e+38 -3.4e+38 -3.4e+38 -3.4e+38 -3.4e+38 -3.4e+38 -3.4e+38 -3.4e+38 -3.4e+38 -3.4e+38 -3.4e+38 -3.4e+38 -3.4e+38 -3.4e+38 -3.4e+38 -3.4e+38 -3.4e+38 -3.4e+38 -3.4e+38 0.422902047634125 0.463680446147919 0.537557005882263 0.611629843711853 0.829171895980835 0.875440716743469 0.900775551795959 0.926099717617035 0.919683814048767 0.909590899944305 0.917409718036652 0.923127949237823 0.928180575370789 0.935171902179718 0.930221974849701 0.922298967838287 0.89338618516922 0.898773908615112 0.903093993663788 0.923082292079926 0.998064696788788 0.99879252910614 0.999648213386536 0.999824464321136 0.999795973300934 0.99962329864502 0.999488174915314 0.999359726905823
-3.4e+38 -3.4e+38 -3.4e+38 -3.4e+38 -3.4e+38 -3.4e+38 -3.4e+38 -3.4e+38 -3.4e+38 -3.4e+38 -3.4e+38 -3.4e+38 -3.4e+38 -3.4e+38 -3.4e+38 -3.4e+38 -3.4e+38 -3.4e+38 -3.4e+38 -3.4e+38 0.508249163627625 0.553948163986206 0.636449694633484 0.699288606643677 0.825038492679596 0.858099520206451 0.916838526725769 0.90175849199295 0.919438600540161 0.931899011135101 0.93378472328186 0.920920372009277 0.909626424312592 0.930525779724121 0.918617725372314 0.896775484085083 0.888256549835205 0.90807044506073 0.931750655174255 0.996554315090179 0.998300909996033 0.99968683719635 0.999720275402069 0.999800324440002 0.999699354171753 0.999681711196899 0.999604940414429 0.999173104763031
-3.4e+38 -3.4e+38 -3.4e+38 -3.4e+38 -3.4e+38 -3.4e+38 -3.4e+38 -3.4e+38 -3.4e+38 -3.4e+38 -3.4e+38 -3.4e+38 -3.4e+38 -3.4e+38 -3.4e+38 -3.4e+38 -3.4e+38 -3.4e+38 -3.4e+38 -3.4e+38 0.621586322784424 0.496319442987442 0.61386239528656 0.692497909069061 0.761685848236084 0.846209824085236 0.875275313854218 0.873566627502441 0.916110396385193 0.92661190032959 0.923921525478363 0.922240257263184 0.923175394535065 0.92041689157486 0.916234731674194 0.904925048351288 0.91190630197525 0.93096512556076 0.933448910713196 0.99633252620697 0.998088359832764 0.999731123447418 0.989435970783234 0.999778211116791 0.999702751636505 0.999543011188507 0.999449670314789 0.998529314994812
