data/climate_estimation/maxent_output/Ornithoglossum_calcicola.asc
NCOLS 71 
NROWS 101 
XLLCORNER 12.75 
YLLCORNER -26.5833333333333 
CELLSIZE 0.0833333333333333 
NODATA_value -3.4e+38 
[rows 63 to 83 of 101, columns 0 to 47 of 71]
-3.4e+38 -3.4e+38 -3.4e+38 -3.4e+38 -3.4e+38 -3.4e+38 -3.4e+38 -3.4e+38 -3.4e+38 -3.4e+38 -3.4e+38 -3.4e+38 -3.4e+38 -3.4e+38 -3.4e+38 -3.4e+38 -3.4e+38 -3.4e+38 -3.4e+38 -3.4e+38 0.611854374408722 0.645522058010101 0.543275952339172 0.69817990064621 0.736259162425995 0.846570312976837 0.827392160892487 0.915568947792053 0.902608275413513 0.918207228183746 0.936342716217041 0.928823828697205 0.92611426115036 0.907988965511322 0.902825474739075 0.8871009349823 0.915006697177887 0.935548961162567 0.990232169628143 0.995284795761108 0.994702517986298 0.997982740402222 0.998685657978058 0.999467611312866 0.999521255493164 0.999329090118408 0.998941421508789 0.997715473175049
-3.4e+38 -3.4e+38 -3.4e+38 -3.4e+38 -3.4e+38 -3.4e+38 -3.4e+38 -3.4e+38 -3.4e+38 -3.4e+38 -3.4e+38 -3.4e+38 -3.4e+38 -3.4e+38 -3.4e+38 -3.4e+38 -3.4e+38 -3.4e+38 -3.4e+38 -3.4e+38 0.603804409503937 0.625035881996155 0.707310378551483 0.672636330127716 0.72283524274826 0.793260097503662 0.819094181060791 0.884150207042694 0.598814487457275 0.921732783317566 0.920820772647858 0.92968761920929 0.932471632957458 0.908448457717896 0.888999879360199 0.914567530155182 0.927162766456604 0.927287042140961 0.99319314956665 0.996714413166046 0.996558368206024 0.999192416667938 0.981187999248505 0.986178874969482 0.999556601047516 0.999139904975891 0.998497307300568 0.997372150421143
-3.4e+38 -3.4e+38 -3.4e+38 -3.4e+38 -3.4e+38 -3.4e+38 -3.4e+38 -3.4e+38 -3.4e+38 -3.4e+38 -3.4e+38 -3.4e+38 -3.4e+38 -3.4e+38 -3.4e+38 -3.4e+38 -3.4e+38 -3.4e+38 -3.4e+38 -3.4e+38 -3.4e+38 0.605473875999451 0.675359606742859 0.634630382061005 0.705331802368164 0.780666887760162 0.872594952583313 0.578999936580658 0.875555574893951 0.88818621635437 0.907861769199371 0.935501635074615 0.931530952453613 0.912569880485535 0.899848937988281 0.930894792079926 0.930723547935486 0.947176277637482 0.996001660823822 0.996967196464539 0.998243272304535 0.989605307579041 0.989796996116638 0.985582411289215 0.999229252338409 0.998969256877899 0.998097598552704 0.996390700340271
-3.4e+38 -3.4e+38 -3.4e+38 -3.4e+38 -3.4e+38 -3.4e+38 -3.4e+38 -3.4e+38 -3.4e+38 -3.4e+38 -3.4e+38 -3.4e+38 -3.4e+38 -3.4e+38 -3.4e+38 -3.4e+38 -3.4e+38 -3.4e+38 -3.4e+38 -3.4e+38 -3.4e+38 0.579760611057281 0.64530873298645 0.606524288654327 0.698034942150116 0.822216391563416 0.89675360918045 0.518637359142303 0.87870717048645 0.877465605735779 0.910334229469299 0.917392492294312 0.91914838552475 0.909643650054932 0.910313248634338 0.93223249912262 0.937054812908173 0.995670974254608 0.996211588382721 0.997139811515808 0.999532639980316 0.990350127220154 0.986206531524658 0.982509136199951 0.999118685722351 0.998598158359528 0.997506499290466 0.993639588356018
-3.4e+38 -3.4e+38 -3.4e+38 -3.4e+38 -3.4e+38 -3.4e+38 -3.4e+38 -3.4e+38 -3.4e+38 -3.4e+38 -3.4e+38 -3.4e+38 -3.4e+38 -3.4e+38 -3.4e+38 -3.4e+38 -3.4e+38 -3.4e+38 -3.4e+38 -3.4e+38 -3.4e+38 0.389670610427856 0.470622956752777 0.582855224609375 0.663015007972717 0.798941314220428 0.753732264041901 0.828888118267059 0.904662847518921 0.892885744571686 0.909939289093018 0.9384446144104 0.933342337608337 0.919708013534546 0.934068262577057 0.95459395647049 0.958038568496704 0.996205747127533 0.996873319149017 0.999213874340057 0.999565005302429 0.98880809545517 0.984414517879486 0.999228477478027 0.998564183712006 0.997558355331421 0.994348108768463 0.991369605064392
-3.4e+38 -3.4e+38 -3.4e+38 -3.4e+38 -3.4e+38 -3.4e+38 -3.4e+38 -3.4e+38 -3.4e+38 -3.4e+38 -3.4e+38 -3.4e+38 -3.4e+38 -3.4e+38 -3.4e+38 -3.4e+38 -3.4e+38 -3.4e+38 -3.4e+38 -3.4e+38 -3.4e+38 0.449481785297394 0.46133229136467 0.552920281887054 0.657232463359833 0.790841579437256 0.756111621856689 0.852843582630157 0.893208503723145 0.878203630447388 0.899972856044769 0.925323009490967 0.932911515235901 0.917658507823944 0.921170115470886 0.938395619392395 0.941628754138947 0.990883708000183 0.996058404445648 0.997725188732147 0.99945056438446 0.986712098121643 0.999114036560059 0.998996198177338 0.998126089572906 0.995857954025269 0.993733942508698 0.990044295787811
-3.4e+38 -3.4e+38 -3.4e+38 -3.4e+38 -3.4e+38 -3.4e+38 -3.4e+38 -3.4e+38 -3.4e+38 -3.4e+38 -3.4e+38 -3.4e+38 -3.4e+38 -3.4e+38 -3.4e+38 -3.4e+38 -3.4e+38 -3.4e+38 -3.4e+38 -3.4e+38 0.405455440282822 0.444366037845612 0.456096649169922 0.536975562572479 0.694094955921173 0.786832332611084 0.763222515583038 0.851734578609467 0.851670742034912 0.904900550842285 0.920421719551086 0.910603702068329 0.921497702598572 0.91254860162735 0.924386441707611 0.927022397518158 0.935607194900513 0.989177286624908 0.993674397468567 0.996437549591064 0.998105406761169 0.998668849468231 0.999031066894531 0.999026298522949 0.997779846191406 0.997528970241547 0.995635330677032 0.994053244590759
-3.4e+38 -3.4e+38 -3.4e+38 -3.4e+38 -3.4e+38 -3.4e+38 -3.4e+38 -3.4e+38 -3.4e+38 -3.4e+38 -3.4e+38 -3.4e+38 -3.4e+38 -3.4e+38 -3.4e+38 -3.4e+38 -3.4e+38 -3.4e+38 -3.4e+38 -3.4e+38 0.362340956926346 0.367295861244202 0.477443486452103 0.514470815658569 0.680404305458069 0.788376271724701 0.749758958816528 0.816428065299988 0.887063682079315 0.891494572162628 0.889040410518646 0.918119072914124 0.915105521678925 0.918177485466003 0.911054253578186 0.93149596452713 0.936454176902771 0.989155113697052 0.996999800205231 0.997693836688995 0.999081194400787 0.998724043369293 0.998723566532135 0.998826682567596 0.997847974300385 0.997323870658875 0.9962198138237 0.995050609111786
-3.4e+38 -3.4e+38 -3.4e+38 -3.4e+38 -3.4e+38 -3.4e+38 -3.4e+38 -3.4e+38 -3.4e+38 -3.4e+38 -3.4e+38 -3.4e+38 -3.4e+38 -3.4e+38 -3.4e+38 -3.4e+38 -3.4e+38 -3.4e+38 -3.4e+38 -3.4e+38 0.357072919607162 0.378268986940384 0.463112622499466 0.516122460365295 0.658388137817383 0.791097402572632 0.734143316745758 0.80303555727005 0.833289325237274 0.88271826505661 0.892942190170288 0.933082222938538 0.927903652191162 0.939441621303558 0.944385588169098 0.953209400177002 0.965426802635193 0.965902209281921 0.994906067848206 0.998666405677795 0.998821556568146 0.998985528945923 0.998846530914307 0.998695373535156 0.996918737888336 0.997104942798615 0.99691766500473 0.996180951595306
-3.4e+38 -3.4e+38 -3.4e+38 -3.4e+38 -3.4e+38 -3.4e+38 -3.4e+38 -3.4e+38 -3.4e+38 -3.4e+38 -3.4e+38 -3.4e+38 -3.4e+38 -3.4e+38 -3.4e+38 -3.4e+38 -3.4e+38 -3.4e+38 -3.4e+38 -3.4e+38 0.369864255189896 0.363419145345688 0.40031898021698 0.540116250514984 0.658896923065186 0.761730909347534 0.713839769363403 0.823564052581787 0.810792922973633 0.878225922584534 0.900557696819305 0.9269979596138 0.938380241394043 0.949986159801483 0.951439380645752 0.965328931808472 0.966484904289246 0.963325917720795 0.99500036239624 0.998585820198059 0.998694181442261 0.998170912265778 0.998665988445282 0.998403012752533 0.997617363929749 0.996909141540527 0.996097803115845 0.996438205242157
-3.4e+38 -3.4e+38 -3.4e+38 -3.4e+38 -3.4e+38 -3.4e+38 -3.4e+38 -3.4e+38 -3.4e+38 -3.4e+38 -3.4e+38 -3.4e+38 -3.4e+38 -3.4e+38 -3.4e+38 -3.4e+38 -3.4e+38 -3.4e+38 -3.4e+38 -3.4e+38 -3.4e+38 0.384480625391006 0.391767680644989 0.512895882129669 0.635988175868988 0.763823628425598 0.702719867229462 0.80242520570755 0.812377631664276 0.872008740901947 0.770131170749664 0.774504363536835 0.934825301170349 0.953205645084381 0.957624971866608 0.955604135990143 0.952280163764954 0.959752023220062 0.974048018455505 0.998431622982025 0.998837828636169 0.998656213283539 0.998044490814209 0.998130142688751 0.997633934020996 0.997615277767181 0.996350228786469 0.996659517288208
-3.4e+38 -3.4e+38 -3.4e+38 -3.4e+38 -3.4e+38 -3.4e+38 -3.4e+38 -3.4e+38 -3.4e+38 -3.4e+38 -3.4e+38 -3.4e+38 -3.4e+38 -3.4e+38 -3.4e+38 -3.4e+38 -3.4e+38 -3.4e+38 -3.4e+38 -3.4e+38 -3.4e+38 0.380367606878281 0.389984101057053 0.519204020500183 0.652991652488708 0.752642154693604 0.689777731895447 0.798870444297791 0.639498829841614 0.720127642154694 0.754387319087982 0.770053207874298 0.82260537147522 0.855036616325378 0.951213777065277 0.955708205699921 0.956175088882446 0.9602912068367 0.976908326148987 0.998414397239685 0.998127162456512 0.99754273891449 0.997874557971954 0.997879564762115 0.997963547706604 0.997874200344086 0.998101592063904 0.997370779514313
-3.4e+38 -3.4e+38 -3.4e+38 -3.4e+38 -3.4e+38 -3.4e+38 -3.4e+38 -3.4e+38 -3.4e+38 -3.4e+38 -3.4e+38 -3.4e+38 -3.4e+38 -3.4e+38 -3.4e+38 -3.4e+38 -3.4e+38 -3.4e+38 -3.4e+38 -3.4e+38 -3.4e+38 -3.4e+38 0.404984623193741 0.503602683544159 0.627881169319153 0.165467500686646 0.72789454460144 0.616888523101807 0.603755056858063 0.705031633377075 0.730829179286957 0.789366483688354 0.837900817394257 0.852163553237915 0.849075078964233 0.947186291217804 0.935468912124634 0.937776148319244 0.957795143127441 0.997799873352051 0.97122198343277 0.996966183185577 0.997288882732391 0.997953653335571 0.997933089733124 0.997950196266174 0.997394502162933 0.965570449829102
-3.4e+38 -3.4e+38 -3.4e+38 -3.4e+38 -3.4e+38 -3.4e+38 -3.4e+38 -3.4e+38 -3.4e+38 -3.4e+38 -3.4e+38 -3.4e+38 -3.4e+38 -3.4e+38 -3.4e+38 -3.4e+38 -3.4e+38 -3.4e+38 -3.4e+38 -3.4e+38 -3.4e+38 -3.4e+38 0.39236119389534 0.478640288114548 0.630875647068024 0.198576867580414 0.572811245918274 0.619275748729706 0.590184152126312 0.686818420886993 0.730472087860107 0.796696662902832 0.822433888912201 0.827450454235077 0.847593665122986 0.915987849235535 0.919019043445587 0.936856150627136 0.954346120357513 0.972591638565063 0.996777236461639 0.99828839302063 0.998227715492249 0.997617363929749 0.997636198997498 0.997520923614502 0.997128903865814 0.967105507850647
-3.4e+38 -3.4e+38 -3.4e+38 -3.4e+38 -3.4e+38 -3.4e+38 -3.4e+38 -3.4e+38 -3.4e+38 -3.4e+38 -3.4e+38 -3.4e+38 -3.4e+38 -3.4e+38 -3.4e+38 -3.4e+38 -3.4e+38 -3.4e+38 -3.4e+38 -3.4e+38 -3.4e+38 -3.4e+38 0.403770476579666 0.416258990764618 0.614717483520508 0.196316450834274 0.539498805999756 0.598613202571869 0.568318128585815 0.685388207435608 0.741835474967957 0.763726651668549 0.789386630058289 0.831711173057556 0.80574232339859 0.909377217292786 0.92273736000061 0.933117866516113 0.943229913711548 0.866296589374542 0.978700637817383 0.976847469806671 0.97749125957489 0.997555613517761 0.998194932937622 0.997608721256256 0.997450530529022 0.996887147426605
-339999999999999996123846586046231871488.000000000000000 -3.4e+38 -3.4e+38 -3.4e+38 -3.4e+38 -3.4e+38 -3.4e+38 -3.4e+38 -3.4e+38 -3.4e+38 -3.4e+38 -3.4e+38 -3.4e+38 -3.4e+38 -3.4e+38 -3.4e+38 -3.4e+38 -3.4e+38 -3.4e+38 -3.4e+38 -3.4e+38 -3.4e+38 -3.4e+38 0.413281172513962 0.518093645572662 0.1905757188797 0.540361166000366 0.596314013004303 0.600477457046509 0.641274452209473 0.69347482919693 0.730791985988617 0.739735186100006 0.741862893104553 0.762168943881989 0.787202298641205 0.800406813621521 0.815067410469055 0.823249042034149 0.856104254722595 0.969236969947815 0.978330671787262 0.975700199604034 0.997941374778748 0.997389197349548 0.997389197349548 0.997219443321228 0.996944010257721
-3.4e+38 -3.4e+38 -3.4e+38 -3.4e+38 -3.4e+38 -3.4e+38 -3.4e+38 -3.4e+38 -3.4e+38 -3.4e+38 -3.4e+38 -3.4e+38 -3.4e+38 -3.4e+38 -3.4e+38 -3.4e+38 -3.4e+38 -3.4e+38 -3.4e+38 -3.4e+38 -3.4e+38 -3.4e+38 -3.4e+38 -3.4e+38 0.524904370307922 0.186550453305244 0.531698524951935 0.604001760482788 0.571539402008057 0.638136029243469 0.685109555721283 0.659333765506744 0.744800746440887 0.78731107711792 0.80727207660675 0.821862518787384 0.80254727602005 0.840028762817383 0.880408942699432 0.894700646400452 0.912623286247253 0.913832664489746 0.971328437328339 0.912293553352356 0.997280895709991 0.996257781982422 0.996401906013489 0.99669623374939
-3.4e+38 -3.4e+38 -3.4e+38 -3.4e+38 -3.4e+38 -3.4e+38 -3.4e+38 -3.4e+38 -3.4e+38 -3.4e+38 -3.4e+38 -3.4e+38 -3.4e+38 -3.4e+38 -3.4e+38 -3.4e+38 -3.4e+38 -3.4e+38 -3.4e+38 -3.4e+38 -3.4e+38 -3.4e+38 -3.4e+38 -3.4e+38 0.522207021713257 0.171182334423065 0.529056131839752 0.564775466918945 0.567653298377991 0.647010266780853 0.715032339096069 0.716705620288849 0.778931677341461 0.801383316516876 0.822039127349854 0.856126487255096 0.856220126152039 0.85573548078537 0.851588428020477 0.869470536708832 0.902061283588409 0.906517684459686 0.904905140399933 0.966295957565308 0.893148720264435 0.973540008068085 0.996282935142517 0.995324730873108
-3.4e+38 -3.4e+38 -3.4e+38 -3.4e+38 -3.4e+38 -3.4e+38 -3.4e+38 -3.4e+38 -3.4e+38 -3.4e+38 -3.4e+38 -3.4e+38 -3.4e+38 -3.4e+38 -3.4e+38 -3.4e+38 -3.4e+38 -3.4e+38 -3.4e+38 -3.4e+38 -3.4e+38 -3.4e+38 -3.4e+38 -3.4e+38 0.521961271762848 0.169332936406136 0.472736239433289 0.549499332904816 0.574764728546143 0.640587270259857 0.724136471748352 0.740024924278259 0.764273285865784 0.798657298088074 0.829741716384888 0.84996622800827 0.837696552276611 0.852547228336334 0.829319715499878 0.85367476940155 0.758286356925964 0.765733599662781 0.890167772769928 0.90095055103302 0.881053149700165 0.969544768333435 0.967111587524414 0.994206368923187
-3.4e+38 -3.4e+38 -3.4e+38 -3.4e+38 -3.4e+38 -3.4e+38 -3.4e+38 -3.4e+38 -3.4e+38 -3.4e+38 -3.4e+38 -3.4e+38 -3.4e+38 -3.4e+38 -3.4e+38 -3.4e+38 -3.4e+38 -3.4e+38 -3.4e+38 -3.4e+38 -3.4e+38 -3.4e+38 -3.4e+38 -3.4e+38 -3.4e+38 0.161941006779671 0.448930770158768 0.534779131412506 0.552329540252686 0.629035294055939 0.642337203025818 0.734432101249695 0.776652336120605 0.799557328224182 0.810736954212189 0.831663429737091 0.820539951324463 0.842503070831299 0.844553709030151 0.743626594543457 0.739571690559387 0.750018358230591 0.711669027805328 0.889573156833649 0.879806697368622 0.865714848041534 0.964505076408386 0.960716307163239
-3.4e+38 -3.4e+38 -3.4e+38 -3.4e+38 -3.4e+38 -3.4e+38 -3.4e+38 -3.4e+38 -3.4e+38 -3.4e+38 -3.4e+38 -3.4e+38 -3.4e+38 -3.4e+38 -3.4e+38 -3.4e+38 -3.4e+38 -3.4e+38 -3.4e+38 -3.4e+38 -3.4e+38 -3.4e+38 -3.4e+38 -3.4e+38 -3.4e+38 0.505626559257507 0.454744279384613 0.54051798582077 0.61203145980835 0.625219523906708 0.636807858943939 0.705413341522217 0.776124536991119 0.766158819198608 0.80198723077774 0.795904934406281 0.842962384223938 0.831926047801971 0.833476483821869 0.849689245223999 0.738903105258942 0.707473754882812 0.707769930362701 0.708011090755463 0.702389657497406 0.863669037818909 0.960606217384338 0.949202656745911
