data/climate_estimation/maxent_output/Ornithoglossum_parviflorum.asc
NCOLS 43 
NROWS 63 
XLLCORNER 16.5 
YLLCORNER -33.75 
CELLSIZE 0.0833333333333333 
NODATA_value -3.4e+38 
[rows 0 to 25 of 63, columns 0 to 42 of 43]
0.203816473484039 0.221561059355736 0.875454843044281 0.92251068353653 0.895505130290985 0.955479383468628 0.890878558158875 0.552998006343842 0.968800961971283 0.963108956813812 0.519457399845123 0.512188196182251 0.628505706787109 0.711830735206604 0.6933953166008 0.553068161010742 0.635146021842957 0.638383150100708 0.501680433750153 0.391134977340698 0.402394503355026 0.130445018410683 0.0627664774656296 0.0535078309476376 0.0325106270611286 0.0294948797672987 0.0118891196325421 0.0261822957545519 0.026462908834219 0.0261029452085495 0.0107591226696968 0.0104646049439907 0.00879506021738052 0.00911871995776892 0.000678417331073433 0.000792118196841329 0.00084995204815641 0.000731241889297962 0.000739589158911258 0.000695472583174706 0.000854759360663593 0.00816396810114384 0.00957439467310905
0.204507380723953 0.899519503116608 0.937462329864502 0.863422155380249 0.956354975700378 0.967184901237488 0.97113424539566 0.937993347644806 0.891162037849426 0.965120196342468 0.755757391452789 0.513477206230164 0.947379648685455 0.553336262702942 0.669428765773773 0.665149748325348 0.849207878112793 0.561339139938354 0.448342889547348 0.298290699720383 0.342546582221985 0.34955421090126 0.296399623155594 0.0571643672883511 0.0495567508041859 0.0124832559376955 0.0274198818951845 0.0294796582311392 0.0270366594195366 0.0257323905825615 0.0108533930033445 0.00980951078236103 0.000810205994639546 0.000723592878784984 0.000739757088012993 0.000772570725530386 0.000841282308101654 0.000850539654493332 0.000818951521068811 0.000763125368393958 0.00913035962730646 0.00809418130666018 0.00858946982771158
0.216856136918068 0.844360828399658 0.867619693279266 0.87126761674881 0.786841213703156 0.947163462638855 0.996319055557251 0.9926717877388 0.956938564777374 0.987321555614471 0.989793598651886 0.920900702476501 0.505511283874512 0.950222134590149 0.838392853736877 0.872190654277802 0.54437267780304 0.854199826717377 0.376561611890793 0.285667330026627 0.289285957813263 0.254508346319199 0.104262463748455 0.108822248876095 0.0455941967666149 0.0144737549126148 0.0287496317178011 0.0131304375827312 0.0291079171001911 0.0130956759676337 0.0122032621875405 0.0124625274911523 0.00074826629133895 0.000851022428832948 0.000874399731401354 0.000912795192562044 0.000927075103390962 0.000782428833190352 0.000759345479309559 0.000764439115300775 0.00775486091151834 0.00764797301962972 0.00743762729689479
0.229994580149651 0.152335613965988 0.883715987205505 0.932510495185852 0.945085108280182 0.839572012424469 0.974109828472137 0.982512176036835 0.972895205020905 0.988315582275391 0.981814026832581 0.989232182502747 0.975912868976593 0.953602313995361 0.689903974533081 0.868622720241547 0.807798206806183 0.75648707151413 0.334684759378433 0.203559949994087 0.278175801038742 0.239779889583588 0.136212483048439 0.101025857031345 0.128686875104904 0.0054040146060288 0.000778426590841264 0.0136860422790051 0.0120512526482344 0.0124014625325799 0.0131343519315124 0.000895632954780012 0.000859789957758039 0.00101028068456799 0.000837753352243453 0.000949392677284777 0.000825611292384565 0.00076981500023976 0.00887391436845064 0.00853649247437716 0.00773544097319245 0.00758409779518843 0.00696801720187068
-3.4e+38 0.282894939184189 0.870010793209076 0.932511508464813 0.96247398853302 0.97538959980011 0.914395332336426 0.992208123207092 0.96144437789917 0.991815209388733 0.996346175670624 0.993351459503174 0.99396425485611 0.99803102016449 0.991804122924805 0.970369100570679 0.959753274917603 0.616064667701721 0.635504543781281 0.618286669254303 0.551383316516876 0.593568384647369 0.147617623209953 0.0763010010123253 0.0806157439947128 0.00589257944375277 0.00504645612090826 0.00497111910954118 0.000975395203568041 0.000955401745159179 0.00095027667703107 0.000899785314686596 0.000829250318929553 2.52703612204641e-05 0.000917766825295985 0.000899622682482004 0.0106169115751982 0.00992168392986059 0.00927148852497339 0.00816728081554174 0.00851715728640556 0.00729491235688329 0.00725306710228324
-3.4e+38 -3.4e+38 0.918886542320251 0.934069991111755 0.869023501873016 0.914620220661163 0.934945106506348 0.99551260471344 0.984893977642059 0.988262474536896 0.996419489383698 0.983768999576569 0.983672976493835 0.998850464820862 0.997355818748474 0.983213722705841 0.946944952011108 0.929893732070923 0.585163831710815 0.620430946350098 0.539522290229797 0.257543355226517 0.110020890831947 0.11259900033474 0.114417642354965 0.0758922770619392 0.0930009782314301 0.0579441338777542 0.012774852104485 0.00123873457778245 2.94281871902058e-05 0.00110254890751094 0.00123580626677722 0.00102922460064292 0.000979535514488816 0.00106375210452825 0.0120376860722899 0.0105672720819712 0.00950253941118717 0.00800798833370209 0.00837204791605473 0.00694352015852928 0.00688137672841549
-3.4e+38 -3.4e+38 0.895237863063812 0.935066401958466 0.904725253582001 0.94523549079895 0.951666355133057 0.997730314731598 0.999039173126221 0.994713246822357 0.99922913312912 0.994311809539795 0.98664528131485 0.997971832752228 0.995747029781342 0.976227223873138 0.938993215560913 0.879936277866364 0.839905560016632 0.627956867218018 0.512110829353333 0.440939277410507 0.156285315752029 0.510406196117401 0.0502346754074097 0.0565282069146633 0.0510226860642433 0.0165161397308111 0.0166678484529257 0.0132094472646713 0.00106689031235874 0.00114499323535711 0.00120874680578709 0.0105372685939074 0.0114411609247327 0.0126553811132908 0.0125238616019487 0.0116415554657578 0.0200562700629234 0.018503587692976 0.0161831472069025 0.0164770409464836 0.0151568260043859
-3.4e+38 -3.4e+38 -3.4e+38 0.932664096355438 0.892132937908173 0.950421214103699 0.963658213615417 0.978876769542694 0.964743673801422 0.955109477043152 0.979309439659119 0.998931109905243 0.998163819313049 0.993060111999512 0.970731437206268 0.983774662017822 0.955484926700592 0.898676931858063 0.907802224159241 0.713366091251373 0.644838094711304 0.577728390693665 0.457034081220627 0.144616469740868 0.480466276407242 0.0468718037009239 0.0505196899175644 0.0180645193904638 0.0151899755001068 0.016671184450388 0.0199238173663616 0.000979142845608294 0.0121462224051356 0.0211745221167803 0.0195960570126772 0.0186578948050737 0.0218065306544304 0.0243976004421711 0.0226642712950706 0.020752027630806 0.0194774027913809 0.0170731246471405 0.0164317097514868
-3.4e+38 -3.4e+38 -3.4e+38 -3.4e+38 0.961828112602234 0.941275656223297 0.968772411346436 0.953685700893402 0.987632572650909 0.991541385650635 0.981521129608154 0.98680168390274 0.999220430850983 0.99461418390274 0.980860590934753 0.97346019744873 0.964094758033752 0.898800849914551 0.88742858171463 0.767234146595001 0.690426528453827 0.597105860710144 0.511739611625671 0.451066851615906 0.0434444211423397 0.0470906645059586 0.0348139330744743 0.0169505402445793 0.0123567301779985 0.0113254087045789 0.0159513186663389 0.0181002095341682 0.0172717571258545 0.0181417595595121 0.0179416462779045 0.0168384406715631 0.0194815192371607 0.0187897123396397 0.0202541016042233 0.0221462454646826 0.0187892708927393 0.0170767568051815 0.018810261040926
-3.4e+38 -3.4e+38 -3.4e+38 -3.4e+38 0.911116003990173 0.9314866065979 0.970763802528381 0.947380721569061 0.967058897018433 0.982057809829712 0.985987305641174 0.976832032203674 0.998876810073853 0.994604587554932 0.996239960193634 0.994728088378906 0.983517169952393 0.912642300128937 0.885287344455719 0.749912619590759 0.713842451572418 0.672687411308289 0.536370933055878 0.439075618982315 0.367644429206848 0.435145527124405 0.04056666046381 0.0371890775859356 0.039521336555481 0.0120812794193625 0.0114467386156321 0.0124281225726008 0.0132439592853189 0.0137327816337347 0.0149757033213973 0.0150590157136321 0.0163860507309437 0.0186389274895191 0.0166914351284504 0.0183810573071241 0.0188895743340254 0.0191627163439989 0.0194645319133997
-3.4e+38 -3.4e+38 -3.4e+38 -3.4e+38 -3.4e+38 0.974287748336792 0.952075779438019 0.979393541812897 0.981620728969574 0.981685280799866 0.978484511375427 0.991252243518829 0.986757397651672 0.995717644691467 0.996602952480316 0.992427170276642 0.972346246242523 0.933171987533569 0.852265000343323 0.787001490592957 0.724805057048798 0.634836912155151 0.519955039024353 0.400865197181702 0.325303792953491 0.363689988851547 0.0326370447874069 0.0274516437202692 0.0310446228832006 0.0139236664399505 0.0118314856663346 0.0103156119585037 0.0116609912365675 0.0118832299485803 0.013705937191844 0.012679603882134 0.0159912742674351 0.016817370429635 0.0186835415661335 0.0176201406866312 0.0174847189337015 0.0193202812224627 0.0183905828744173
-3.4e+38 -3.4e+38 -3.4e+38 -3.4e+38 -3.4e+38 0.97850626707077 0.973148703575134 0.952187240123749 0.984802842140198 0.989984571933746 0.99196445941925 0.986169278621674 0.962322950363159 0.999220252037048 0.993051528930664 0.993399381637573 0.98101282119751 0.939791321754456 0.927584767341614 0.887056469917297 0.762601375579834 0.636989831924438 0.537410318851471 0.421312212944031 0.325658172369003 0.265037298202515 0.238083779811859 0.0204013679176569 0.0200399830937386 0.0118036083877087 0.00747379567474127 0.0082897674292326 0.00854902155697346 0.00913743581622839 0.0100627727806568 0.0122269261628389 0.0146491760388017 0.0144460601732135 0.0146865472197533 0.0152339646592736 0.0152824651449919 0.0175398234277964 0.0164120737463236
-3.4e+38 -3.4e+38 -3.4e+38 -3.4e+38 -3.4e+38 0.980131447315216 0.972942173480988 0.979806065559387 0.98773330450058 0.997580766677856 0.984896421432495 0.991768777370453 0.968283474445343 0.997611045837402 0.99865847826004 0.992404162883759 0.990386068820953 0.931852042675018 0.932085990905762 0.882528185844421 0.736365079879761 0.56034779548645 0.533067226409912 0.389131605625153 0.293496489524841 0.245481163263321 0.219677522778511 0.0172557514160872 0.0177785120904446 0.0206572934985161 0.00905333552509546 0.00642646243795753 0.0067363721318543 0.00793963577598333 0.00776993902400136 0.0100537706166506 0.0106630949303508 0.0112379733473063 0.0140960123389959 0.0153565565124154 0.015163691714406 0.015044191852212 0.0143390269950032
-3.4e+38 -3.4e+38 -3.4e+38 -3.4e+38 -3.4e+38 -3.4e+38 0.987401306629181 0.977976739406586 0.985325157642365 0.971479654312134 0.977058112621307 0.980121076107025 0.992060124874115 0.974899590015411 0.996328592300415 0.989994645118713 0.974353790283203 0.918990790843964 0.899088859558105 0.78743976354599 0.734885275363922 0.574979305267334 0.460927546024323 0.418625384569168 0.287619292736053 0.255766302347183 0.197980463504791 0.168686464428902 0.0171168111264706 0.017231360077858 0.0227487441152334 0.00794324092566967 0.00905253924429417 0.00598002830520272 0.00667203729972243 0.00780002074316144 0.0105847911909223 0.0112015632912517 0.0113952690735459 0.0125793805345893 0.0130625516176224 0.0132011761888862 0.012328184209764
-3.4e+38 -3.4e+38 -3.4e+38 -3.4e+38 -3.4e+38 -3.4e+38 0.282082229852676 0.988071143627167 0.96802681684494 0.95612645149231 0.980177104473114 0.96857875585556 0.963985860347748 0.963007748126984 0.997653484344482 0.988760054111481 0.992263674736023 0.968502163887024 0.947604894638062 0.846985816955566 0.810883522033691 0.679215669631958 0.533035755157471 0.428641736507416 0.308741897344589 0.25951224565506 0.229588568210602 0.174988225102425 0.0140692451968789 0.0149694364517927 0.0161358937621117 0.00664875097572803 0.00665546208620071 0.0051517691463232 0.00615955796092749 0.00738111045211554 0.00750003987923265 0.00885612983256578 0.00958602223545313 0.0110538490116596 0.0120163047686219 0.0117504633963108 0.0116798803210258
-3.4e+38 -3.4e+38 -3.4e+38 -3.4e+38 -3.4e+38 -3.4e+38 0.282657742500305 0.975020408630371 0.954465508460999 0.964234709739685 0.962774515151978 0.98902153968811 0.996753096580505 0.952017664909363 0.998933494091034 0.991344571113586 0.966089725494385 0.975635349750519 0.956451833248138 0.946811676025391 0.904849350452423 0.789393126964569 0.675984561443329 0.480673521757126 0.385828167200089 0.27340903878212 0.252810835838318 0.222177818417549 0.256692409515381 0.275747954845428 0.0159412007778883 0.0145220784470439 0.00528583349660039 0.00441442895680666 0.00708439433947206 0.00517416140064597 0.00604261551052332 0.00658712023869157 0.00857993680983782 0.00900147762149572 0.0097118029370904 0.0100213335826993 0.0100287944078445
-339999999999999996123846586046231871488.000000000000000 -3.4e+38 -3.4e+38 -3.4e+38 -3.4e+38 -3.4e+38 -3.4e+38 0.97757750749588 0.935673177242279 0.946986973285675 0.981203138828278 0.9868443608284 0.999244511127472 0.999350726604462 0.999052882194519 0.998180866241455 0.996599316596985 0.998559415340424 0.997826993465424 0.961163222789764 0.904742479324341 0.896832525730133 0.665434241294861 0.528597593307495 0.423815697431564 0.45906999707222 0.388322412967682 0.358545482158661 0.211615234613419 0.280403196811676 0.21766984462738 0.0127322738990188 0.00476980302482843 0.00508658215403557 0.00637951027601957 0.00667902734130621 0.007766995113343 0.00578039698302746 0.00608165515586734 0.0081752110272646 0.00735224457457662 0.00854492094367743 0.00997311621904373
-3.4e+38 -3.4e+38 -3.4e+38 -3.4e+38 -3.4e+38 -3.4e+38 -3.4e+38 0.229563876986504 0.932036519050598 0.974677860736847 0.979057133197784 0.985383689403534 0.986733317375183 0.999423980712891 0.998745560646057 0.998909831047058 0.999041140079498 0.997632801532745 0.995982587337494 0.991143465042114 0.987427473068237 0.955159902572632 0.7905113697052 0.678898870944977 0.585438251495361 0.504288613796234 0.40672492980957 0.355788052082062 0.318135648965836 0.259943038225174 0.251101464033127 0.217455521225929 0.0121942544355989 0.00458256062120199 0.0048312284052372 0.00571083975955844 0.00742352893576026 0.00812956038862467 0.00636228593066335 0.00582476425915956 0.00646050833165646 0.00841469410806894 0.00750728975981474
-3.4e+38 -3.4e+38 -3.4e+38 -3.4e+38 -3.4e+38 -3.4e+38 -3.4e+38 -3.4e+38 0.228885054588318 0.96148681640625 0.979128897190094 0.982724368572235 0.9863401055336 0.979855358600616 0.998480796813965 0.996910214424133 0.994435787200928 0.965831995010376 0.967982411384583 0.958158075809479 0.959758520126343 0.946273446083069 0.855612218379974 0.749474942684174 0.557416915893555 0.533558011054993 0.410310596227646 0.396345138549805 0.330273419618607 0.265939205884933 0.251905500888824 0.216762274503708 0.213893845677376 0.0118942419067025 0.0111526800319552 0.0054191523231566 0.00576990377157927 0.00679474230855703 0.00501009589061141 0.00778714707121253 0.00566012971103191 0.00661999126896262 0.00713323662057519
-3.4e+38 -3.4e+38 -3.4e+38 -3.4e+38 -3.4e+38 -3.4e+38 -3.4e+38 -3.4e+38 0.217089995741844 0.960671842098236 0.970589160919189 0.982808291912079 0.974589109420776 0.977990031242371 0.999284088611603 0.987654566764832 0.984535813331604 0.919982850551605 0.914818942546844 0.888805270195007 0.934503555297852 0.894289135932922 0.753973186016083 0.737759113311768 0.623897552490234 0.531279861927032 0.460006415843964 0.409979313611984 0.387835294008255 0.323434114456177 0.284241020679474 0.269096672534943 0.184796050190926 0.21549217402935 0.0111644519492984 0.00523283798247576 0.00502088246867061 0.00525194685906172 0.00580133171752095 0.00643929420039058 0.00724442023783922 0.00528451334685087 0.00655455328524113
-3.4e+38 -3.4e+38 -3.4e+38 -3.4e+38 -3.4e+38 -3.4e+38 -3.4e+38 -3.4e+38 0.222130373120308 0.225128665566444 0.948105812072754 0.957776069641113 0.958911955356598 0.959060251712799 0.998048841953278 0.989986300468445 0.974458873271942 0.886730432510376 0.829422354698181 0.851646304130554 0.864339470863342 0.870154559612274 0.82318776845932 0.750780820846558 0.651799201965332 0.563405871391296 0.486514568328857 0.454288005828857 0.418719530105591 0.381844699382782 0.344761192798615 0.268445879220963 0.267410635948181 0.192127972841263 0.19233126938343 0.0110785728320479 0.00486340001225471 0.00511998496949673 0.00653112586587667 0.00740055227652192 0.00795906316488981 0.00707888696342707 0.0106801586225629
-3.4e+38 -3.4e+38 -3.4e+38 -3.4e+38 -3.4e+38 -3.4e+38 -3.4e+38 -3.4e+38 -3.4e+38 0.208003833889961 0.940391540527344 0.9492027759552 0.952722489833832 0.953964710235596 0.993996679782867 0.992188394069672 0.968165338039398 0.917805075645447 0.816356658935547 0.757091522216797 0.716593325138092 0.725705325603485 0.738309860229492 0.721937894821167 0.644556283950806 0.644319534301758 0.534183502197266 0.50590568780899 0.505812227725983 0.408833175897598 0.359800964593887 0.334263801574707 0.271614879369736 0.213373273611069 0.196806728839874 0.175539970397949 0.0112882135435939 0.00479504512622952 0.00487508904188871 0.00502436561509967 0.00666236132383347 0.0083501348271966 0.00867559295147657
-3.4e+38 -3.4e+38 -3.4e+38 -3.4e+38 -3.4e+38 -3.4e+38 -3.4e+38 -3.4e+38 -3.4e+38 0.202003762125969 0.927121698856354 0.952873885631561 0.952094078063965 0.937479555606842 0.994935989379883 0.991280496120453 0.965873599052429 0.961215853691101 0.809637904167175 0.642690360546112 0.73963862657547 0.763389587402344 0.712264597415924 0.695039212703705 0.668732106685638 0.617365896701813 0.587017595767975 0.528067827224731 0.534142315387726 0.429989039897919 0.40861514210701 0.355992823839188 0.337039530277252 0.237353399395943 0.203021481633186 0.172982841730118 0.177318826317787 0.00995031837373972 0.00464729033410549 0.0049424646422267 0.00488119525834918 0.00697685172781348 0.00840113963931799
-3.4e+38 -3.4e+38 -3.4e+38 -3.4e+38 -3.4e+38 -3.4e+38 -3.4e+38 -3.4e+38 -3.4e+38 -3.4e+38 0.190756410360336 0.927292287349701 0.930578052997589 0.952995240688324 0.931065738201141 0.995849370956421 0.982845544815063 0.980820596218109 0.946203827857971 0.70808070898056 0.799585402011871 0.780777394771576 0.846030294895172 0.798418641090393 0.696867346763611 0.688127398490906 0.694868922233582 0.606080114841461 0.526826322078705 0.516334116458893 0.534224212169647 0.511825680732727 0.469641238451004 0.35553565621376 0.238689258694649 0.22076715528965 0.170237988233566 0.177397593855858 0.0109973903745413 0.00504886358976364 0.00466964347288013 0.00694731110706925 0.00693447468802333
-3.4e+38 -3.4e+38 -3.4e+38 -3.4e+38 -3.4e+38 -3.4e+38 -3.4e+38 -3.4e+38 -3.4e+38 -3.4e+38 0.173785671591759 0.911503612995148 0.910012543201447 0.921817183494568 0.938214063644409 0.92667680978775 0.987098157405853 0.988613426685333 0.986790895462036 0.922994494438171 0.955514013767242 0.948216021060944 0.8599933385849 0.950562715530396 0.799717247486115 0.676687657833099 0.763664841651917 0.69604766368866 0.686931431293488 0.635330617427826 0.67557168006897 0.552171349525452 0.462989151477814 0.530194699764252 0.366539061069489 0.273267209529877 0.243667095899582 0.215307638049126 0.198718026280403 0.0104057928547263 0.00509357592090964 0.00560540007427335 0.00577305490151048
-3.4e+38 -3.4e+38 -3.4e+38 -3.4e+38 -3.4e+38 -3.4e+38 -3.4e+38 -3.4e+38 -3.4e+38 -3.4e+38 -3.4e+38 0.179462075233459 0.889500379562378 0.914673626422882 0.893258392810822 0.892226815223694 0.989547967910767 0.991227865219116 0.983872830867767 0.952889323234558 0.929584860801697 0.9436154961586 0.92434686422348 0.952627658843994 0.900077402591705 0.784106492996216 0.736674964427948 0.74645870923996 0.778728127479553 0.712772727012634 0.69797420501709 0.656545996665955 0.654858410358429 0.566136538982391 0.440586745738983 0.385697782039642 0.302555829286575 0.241186171770096 0.218579053878784 0.189494952559471 0.0105954948812723 0.0143644884228706 0.00595541251823306
