data/climate_estimation/maxent_output/Ornithoglossum_vulgare.asc
NCOLS 221 
NROWS 233 
XLLCORNER 12.1666666666667 
YLLCORNER -33.8333333333333 
CELLSIZE 0.0833333333333333 
NODATA_value -3.4e+38 
[rows 40 to 59 of 233, columns 138 to 183 of 221]
0.197895899415016 0.186384901404381 0.175731658935547 0.171424299478531 0.164192080497742 0.164130434393883 0.155269309878349 0.146918892860413 0.144991591572762 0.138673737645149 0.133435368537903 0.120791107416153 0.107716299593449 0.0943456366658211 0.082206554710865 0.0430299192667007 0.0373573116958141 0.0370994620025158 0.0360006801784039 0.0350851640105247 0.0387278720736504 0.0720232352614403 0.0789627507328987 0.0756489634513855 0.06816765666008 0.0701920613646507 0.0767346322536469 0.0763727873563766 0.085326224565506 0.0807193517684937 0.0665471777319908 0.064563661813736 0.0726614221930504 0.0731970369815826 0.0989137962460518 0.124818429350853 0.112851269543171 0.0935446918010712 0.0421725660562515 0.0267016775906086 0.0177887957543135 0.0128469625487924 0.0128228068351746 0.0141234593465924 0.0199951268732548 0.0326653681695461
0.193665236234665 0.19088588654995 0.179019451141357 0.167454048991203 0.170141041278839 0.170077413320541 0.157036483287811 0.150970011949539 0.151354074478149 0.142702624201775 0.132589474320412 0.124204814434052 0.109296843409538 0.103353314101696 0.0993819087743759 0.0569567978382111 0.0485293678939342 0.0452054962515831 0.0440856218338013 0.0471988692879677 0.0432842299342155 0.0807974934577942 0.0840384140610695 0.0825583562254906 0.0851997584104538 0.0715246722102165 0.0739333629608154 0.0872180610895157 0.0822638049721718 0.0656709522008896 0.0494069941341877 0.0492268428206444 0.0473560839891434 0.0493465401232243 0.0454268380999565 0.0414124540984631 0.0359166860580444 0.0263973362743855 0.0237199701368809 0.0237130410969257 0.0181919112801552 0.0149989640340209 0.0156216695904732 0.0166058260947466 0.0217333268374205 0.0330617837607861
0.195196032524109 0.186221420764923 0.183241739869118 0.177364155650139 0.174990072846413 0.161598086357117 0.153000950813293 0.158169656991959 0.147761315107346 0.142311409115791 0.130521014332771 0.126197934150696 0.131985127925873 0.129592537879944 0.12041649967432 0.10958281904459 0.060321144759655 0.060292474925518 0.0596502646803856 0.106190748512745 0.110780254006386 0.111162438988686 0.11791517585516 0.122117593884468 0.126424983143806 0.109209962189198 0.0849430039525032 0.0966261476278305 0.0763067230582237 0.0623232871294022 0.0686818957328796 0.0610557533800602 0.0539509169757366 0.0445993915200233 0.03758579865098 0.0321209505200386 0.0276731140911579 0.0226324535906315 0.0255762133747339 0.0258029717952013 0.0178349036723375 0.0198359545320272 0.0218437537550926 0.021263163536787 0.0329472944140434 0.0476253293454647
0.198192745447159 0.194342002272606 0.1920495480299 0.180345252156258 0.169785022735596 0.167372986674309 0.159827142953873 0.156946137547493 0.146971076726913 0.145712584257126 0.138090938329697 0.145163998007774 0.145352989435196 0.133426532149315 0.127697333693504 0.126527726650238 0.11458844691515 0.114479564130306 0.118307858705521 0.12307296693325 0.12495031952858 0.131391450762749 0.137127324938774 0.149342730641365 0.146548137068748 0.150242432951927 0.159910306334496 0.117795377969742 0.107345022261143 0.103819712996483 0.0852866694331169 0.0706659778952599 0.057071465998888 0.0445437580347061 0.0319648012518883 0.0250721517950296 0.0230218879878521 0.023014048114419 0.0277708619832993 0.0287071391940117 0.0237589627504349 0.021820705384016 0.0318371281027794 0.0465895123779774 0.0558806024491787 0.0573021769523621
0.201653495430946 0.197808623313904 0.18318834900856 0.183664679527283 0.17542065680027 0.172679021954536 0.167450726032257 0.160973235964775 0.155354484915733 0.148837313055992 0.149441689252853 0.159008339047432 0.153445512056351 0.143684893846512 0.138200685381889 0.134262070059776 0.13220103085041 0.132741868495941 0.12973128259182 0.140795201063156 0.15237520635128 0.162203684449196 0.173694714903831 0.182190462946892 0.176259323954582 0.176835045218468 0.184884965419769 0.151122480630875 0.123200193047523 0.0937583222985268 0.0776039958000183 0.0599986538290977 0.0511964187026024 0.0379302240908146 0.0328938253223896 0.0302825793623924 0.0281748734414577 0.029701292514801 0.0275985337793827 0.0345050543546677 0.0299224499613047 0.0350075736641884 0.0520615689456463 0.0564735196530819 0.0562561377882957 0.0651331469416618
0.2020383477211 0.19981150329113 0.192431092262268 0.18851800262928 0.176405042409897 0.176536545157433 0.166869446635246 0.165606170892715 0.162890091538429 0.168678432703018 0.167135059833527 0.172318905591965 0.155999481678009 0.151122406125069 0.149613752961159 0.146146982908249 0.148352548480034 0.147728800773621 0.152337208390236 0.155132159590721 0.168729037046432 0.189982682466507 0.200323730707169 0.209249466657639 0.207820042967796 0.161668583750725 0.130859166383743 0.126449197530746 0.0930526107549667 0.0783807337284088 0.0676656812429428 0.0632826909422874 0.0591100044548512 0.0510094463825226 0.0395320393145084 0.0369455814361572 0.0364505760371685 0.0403686501085758 0.0351956970989704 0.0447963289916515 0.0609583109617233 0.0828934088349342 0.0863167196512222 0.0762587115168571 0.0688007324934006 0.0859206840395927
0.205562725663185 0.208756119012833 0.194442182779312 0.189712807536125 0.182052314281464 0.1696757376194 0.170949772000313 0.180672720074654 0.177611917257309 0.172558560967445 0.178790301084518 0.166145458817482 0.161916151642799 0.157386615872383 0.158489778637886 0.167056575417519 0.159814968705177 0.164838939905167 0.170909717679024 0.18296654522419 0.195555061101913 0.204452902078629 0.209136754274368 0.207741305232048 0.18816602230072 0.139229640364647 0.108072698116302 0.0957505628466606 0.0933206230401993 0.0862477123737335 0.0892015025019646 0.0781931355595589 0.0643851459026337 0.0534895807504654 0.0447867624461651 0.0398758128285408 0.0421773716807365 0.0475823320448399 0.0458986833691597 0.0741623565554619 0.0885984003543854 0.101968355476856 0.102110058069229 0.0942164584994316 0.10353934019804 0.145394995808601
0.216153010725975 0.211074456572533 0.197106465697289 0.191769242286682 0.183626368641853 0.182182982563972 0.186228439211845 0.190250888466835 0.186900809407234 0.190269693732262 0.176783636212349 0.172150835394859 0.175058156251907 0.168952509760857 0.174924820661545 0.170284450054169 0.178110688924789 0.194627225399017 0.201175943017006 0.221605703234673 0.230857014656067 0.23338757455349 0.230010569095612 0.223042353987694 0.190239533782005 0.145661920309067 0.136602148413658 0.134620919823647 0.128176733851433 0.113958887755871 0.0828051120042801 0.0667881295084953 0.0632679611444473 0.0488814860582352 0.0419021360576153 0.0456407815217972 0.0540698431432247 0.0632127672433853 0.0744187012314796 0.10431244969368 0.0843748599290848 0.115073911845684 0.133673995733261 0.142220824956894 0.157684028148651 0.155315592885017
0.222897917032242 0.211662098765373 0.208731442689896 0.200721442699432 0.194656267762184 0.193921461701393 0.187216863036156 0.185473531484604 0.187198460102081 0.183865502476692 0.178519532084465 0.177853167057037 0.177513867616653 0.184752136468887 0.186705276370049 0.189303055405617 0.211061626672745 0.215168058872223 0.225592389702797 0.241361975669861 0.258696466684341 0.258618474006653 0.271222978830338 0.143689647316933 0.124821230769157 0.10521288216114 0.174297466874123 0.155872866511345 0.128806680440903 0.101221986114979 0.0793079137802124 0.0732325911521912 0.0822870060801506 0.0630518943071365 0.0524751543998718 0.0604193657636642 0.0892624035477638 0.118360251188278 0.145311012864113 0.164625078439713 0.13614097237587 0.134351804852486 0.148257732391357 0.141038566827774 0.136566147208214 0.137547448277473
0.223918721079826 0.21163247525692 0.206561222672462 0.208684459328651 0.19828750193119 0.195391476154327 0.180806651711464 0.178256213665009 0.189028590917587 0.187069237232208 0.185712397098541 0.188365563750267 0.190549731254578 0.194943934679031 0.19896000623703 0.213172823190689 0.229371786117554 0.232561245560646 0.240625157952309 0.265557497739792 0.282490372657776 0.282800614833832 0.299471497535706 0.285955280065536 0.165030896663666 0.239529833197594 0.192982360720634 0.151962608098984 0.12138195335865 0.100787490606308 0.110221318900585 0.109618060290813 0.0912504121661186 0.0733874663710594 0.0771437138319016 0.110620990395546 0.137272328138351 0.188886553049088 0.248240053653717 0.258783221244812 0.216766819357872 0.178290545940399 0.166767433285713 0.154933780431747 0.144055023789406 0.148462042212486
0.213514924049377 0.213981449604034 0.2130286693573 0.206853419542313 0.198694601655006 0.191703781485558 0.195278182625771 0.194969803094864 0.18531921505928 0.192443683743477 0.191729247570038 0.199196621775627 0.200355648994446 0.211992368102074 0.220436573028564 0.229060113430023 0.231784880161285 0.241035550832748 0.259142279624939 0.276061087846756 0.298507183790207 0.319429904222488 0.327162772417068 0.323643237352371 0.316232055425644 0.267434507608414 0.199424535036087 0.157485276460648 0.133278727531433 0.130378693342209 0.133937120437622 0.117517098784447 0.104518800973892 0.104866839945316 0.146903336048126 0.170806422829628 0.214847326278687 0.282129615545273 0.312089651823044 0.313032239675522 0.299965918064117 0.244043245911598 0.195292964577675 0.233213499188423 0.188878655433655 0.166140154004097
0.224501341581345 0.226046398282051 0.205535680055618 0.204765245318413 0.203570738434792 0.205854281783104 0.196183666586876 0.191028982400894 0.189384311437607 0.186803594231606 0.199062570929527 0.200314834713936 0.204987421631813 0.21525664627552 0.216899424791336 0.233870133757591 0.24549113214016 0.255115926265717 0.273406326770782 0.278373807668686 0.308589518070221 0.318001508712769 0.336135715246201 0.33154222369194 0.322539418935776 0.284665435552597 0.23207101225853 0.187467396259308 0.172621816396713 0.186008408665657 0.171826794743538 0.149690866470337 0.148601531982422 0.182743430137634 0.206139430403709 0.235811486840248 0.280991941690445 0.305967271327972 0.333261013031006 0.33244976401329 0.333817571401596 0.286982595920563 0.242709770798683 0.215030565857887 0.223844408988953 0.23066172003746
0.240371942520142 0.226747930049896 0.223233431577682 0.225421190261841 0.212793663144112 0.202875092625618 0.19979552924633 0.202080518007278 0.19831009209156 0.206715598702431 0.211074218153954 0.224757596850395 0.224341675639153 0.235068559646606 0.236259117722511 0.232985034584999 0.268086761236191 0.267810940742493 0.278967648744583 0.296034455299377 0.31212243437767 0.327298015356064 0.336902111768723 0.337308466434479 0.314731061458588 0.301191061735153 0.272553890943527 0.251267522573471 0.235826149582863 0.215818807482719 0.213889166712761 0.215660482645035 0.215712979435921 0.238557264208794 0.244867011904716 0.264258146286011 0.301001518964767 0.316326469182968 0.335597008466721 0.337160289287567 0.323562353849411 0.300702661275864 0.280620813369751 0.258855044841766 0.244608536362648 0.235059529542923
0.237216889858246 0.224675893783569 0.225529059767723 0.226017892360687 0.217688784003258 0.204464167356491 0.200314447283745 0.197329103946686 0.202878057956696 0.220732286572456 0.222174882888794 0.23113352060318 0.241232320666313 0.244828760623932 0.24931600689888 0.267717123031616 0.275713473558426 0.2862768471241 0.302461624145508 0.303447037935257 0.318175792694092 0.321717649698257 0.319705218076706 0.330695301294327 0.331375598907471 0.327257454395294 0.303595006465912 0.285225570201874 0.262939304113388 0.254329919815063 0.252160936594009 0.230909794569016 0.232163444161415 0.233349904417992 0.266686797142029 0.273177772760391 0.303144454956055 0.321790546178818 0.345546185970306 0.33092325925827 0.325652927160263 0.293368071317673 0.281132817268372 0.261384606361389 0.257421940565109 0.260300278663635
0.236810103058815 0.23604778945446 0.236555770039558 0.228047400712967 0.218661472201347 0.207951232790947 0.205584809184074 0.217155084013939 0.228896871209145 0.231131494045258 0.24396575987339 0.246410459280014 0.249343603849411 0.267615288496017 0.262058466672897 0.273430287837982 0.279499590396881 0.29284480214119 0.295650869607925 0.302084237337112 0.308708965778351 0.320293575525284 0.324891716241837 0.339518129825592 0.340851128101349 0.324677497148514 0.324047923088074 0.297252327203751 0.275474458932877 0.279058635234833 0.268368989229202 0.260024905204773 0.245883777737617 0.267782241106033 0.27401077747345 0.290557324886322 0.301071256399155 0.323939442634583 0.324578374624252 0.32894641160965 0.313753247261047 0.297363609075546 0.300723850727081 0.273812144994736 0.261321663856506 0.251080304384232
0.244229644536972 0.228976830840111 0.2329041659832 0.22064796090126 0.211215302348137 0.214483588933945 0.225908756256104 0.237526416778564 0.248291939496994 0.250150412321091 0.246173143386841 0.248724490404129 0.266905426979065 0.270906984806061 0.281631916761398 0.284858614206314 0.296298980712891 0.315036058425903 0.316626757383347 0.320063501596451 0.321263760328293 0.326060563325882 0.337724715471268 0.332879662513733 0.327678203582764 0.324123740196228 0.307413220405579 0.316965013742447 0.308081179857254 0.297292798757553 0.288530886173248 0.267563104629517 0.273745089769363 0.279384732246399 0.291041761636734 0.304770976305008 0.319839149713516 0.331139326095581 0.344493567943573 0.330548256635666 0.315219610929489 0.311580806970596 0.285076230764389 0.271295040845871 0.264414399862289 0.257643222808838
0.243312329053879 0.25366485118866 0.24326229095459 0.241335019469261 0.22553813457489 0.243844702839851 0.259516447782516 0.257485896348953 0.255892604589462 0.256073564291 0.2530477643013 0.270518600940704 0.272511512041092 0.281378358602524 0.277770668268204 0.292253017425537 0.30883777141571 0.322764694690704 0.31632399559021 0.321512371301651 0.32141986489296 0.330168426036835 0.33235976099968 0.332199722528458 0.337343215942383 0.347695469856262 0.338616609573364 0.322654336690903 0.31183922290802 0.300806999206543 0.290808141231537 0.284081012010574 0.283292949199677 0.307603150606155 0.328394949436188 0.327822417020798 0.339392721652985 0.342310786247253 0.343448489904404 0.333722561597824 0.331892937421799 0.321664988994598 0.300370395183563 0.294119656085968 0.267987966537476 0.25647497177124
0.261550575494766 0.249221205711365 0.239666000008583 0.240352183580399 0.241926282644272 0.255374401807785 0.260473310947418 0.259099811315536 0.259556978940964 0.264520049095154 0.280559659004211 0.274682581424713 0.289606958627701 0.287217497825623 0.282543003559113 0.307437002658844 0.304017603397369 0.330769836902618 0.326325356960297 0.326512455940247 0.335524082183838 0.350231528282166 0.363703072071075 0.351863145828247 0.369173556566238 0.35265439748764 0.3478102684021 0.33257257938385 0.325481444597244 0.311756461858749 0.300204664468765 0.306330353021622 0.310372322797775 0.341909497976303 0.340180844068527 0.344548106193542 0.354338139295578 0.349704056978226 0.35502502322197 0.336595922708511 0.330610722303391 0.32646319270134 0.32228547334671 0.310847371816635 0.283192694187164 0.272962808609009
0.25705349445343 0.244886696338654 0.245235785841942 0.253288477659225 0.258211642503738 0.262506723403931 0.265382200479507 0.267625868320465 0.27566733956337 0.278272181749344 0.290909290313721 0.294764995574951 0.297797471284866 0.30802658200264 0.285245627164841 0.323347330093384 0.318473517894745 0.324088335037231 0.32695734500885 0.339502394199371 0.364761620759964 0.365220248699188 0.375655740499496 0.386651217937469 0.378937989473343 0.360128164291382 0.361428558826447 0.355631917715073 0.341744244098663 0.34071934223175 0.328008025884628 0.335290789604187 0.347719937562943 0.363735347986221 0.362758547067642 0.3629230260849 0.380142092704773 0.358703523874283 0.343931436538696 0.3366359770298 0.344225466251373 0.339688032865524 0.34068638086319 0.32633849978447 0.304813653230667 0.29439052939415
0.253965020179749 0.252888292074203 0.257911711931229 0.26364141702652 0.264290750026703 0.268085539340973 0.272703588008881 0.278201133012772 0.281489431858063 0.284825950860977 0.301317185163498 0.308677524328232 0.30656236410141 0.300122767686844 0.305319666862488 0.324613720178604 0.328694730997086 0.328364819288254 0.333035677671432 0.346814960241318 0.368339061737061 0.386376857757568 0.388345420360565 0.386972993612289 0.379024118185043 0.381994307041168 0.375479131937027 0.373754739761353 0.368657648563385 0.353248506784439 0.366644531488419 0.378414422273636 0.380603522062302 0.385326087474823 0.384333878755569 0.384983003139496 0.390681147575378 0.37121456861496 0.345043420791626 0.349820703268051 0.348896980285645 0.354005992412567 0.356930941343307 0.361732929944992 0.342830032110214 0.311885595321655
