data/climate_estimation/maxent_output/Paris_vietnamensis.asc
NCOLS 61 
NROWS 27 
XLLCORNER 100.666666666667 
YLLCORNER 21.4166666666667 
CELLSIZE 0.0833333333333333 
NODATA_value -3.4e+38 
[rows 0 to 19 of 27, columns 0 to 43 of 61]
0.671780705451965 0.677572429180145 0.698224723339081 0.764354169368744 0.736733436584473 0.669916331768036 0.648206353187561 0.695243954658508 0.637619078159332 0.612855851650238 0.619626879692078 0.70072066783905 0.746341049671173 0.680564045906067 0.558352530002594 0.464545011520386 0.54821914434433 0.651314735412598 0.656393706798553 0.598927557468414 0.655536532402039 0.652599930763245 0.63641768693924 0.643945276737213 0.645285725593567 0.624160647392273 0.622941970825195 0.643689453601837 0.638751626014709 0.640545129776001 0.624414920806885 0.603569149971008 0.635294735431671 0.729463040828705 0.767548203468323 0.712541878223419 0.651364505290985 0.63328629732132 0.617251217365265 0.613909482955933 0.605613827705383 0.620930552482605 0.634537696838379 0.636216104030609
0.627080082893372 0.694574236869812 0.721222639083862 0.733282387256622 0.776184856891632 0.680667459964752 0.650468468666077 0.675271153450012 0.695117831230164 0.61099237203598 0.610540509223938 0.639421343803406 0.720095753669739 0.721038222312927 0.665135443210602 0.585791885852814 0.493992954492569 0.532368123531342 0.625815987586975 0.646670401096344 0.627764761447906 0.666861891746521 0.66034597158432 0.67623507976532 0.656162261962891 0.646886646747589 0.675673425197601 0.70919531583786 0.707281112670898 0.64009290933609 0.614604830741882 0.598006188869476 0.596061587333679 0.722368121147156 0.717806339263916 0.728772103786469 0.709478676319122 0.676553308963776 0.63608056306839 0.617686033248901 0.606756091117859 0.622724235057831 0.657312333583832 0.651242256164551
0.647198081016541 0.71043449640274 0.714492738246918 0.709458470344543 0.77434116601944 0.752159237861633 0.693061053752899 0.66712361574173 0.70588892698288 0.613649785518646 0.683970987796783 0.666670024394989 0.679132461547852 0.711799919605255 0.695529580116272 0.702554821968079 0.671889662742615 0.555386543273926 0.537454068660736 0.607820808887482 0.661244034767151 0.719121336936951 0.748568415641785 0.726400434970856 0.713151097297668 0.68101304769516 0.730736434459686 0.727961182594299 0.754474580287933 0.68699437379837 0.633755207061768 0.588732004165649 0.575581669807434 0.718941390514374 0.735379993915558 0.734271049499512 0.751644432544708 0.729835271835327 0.706887543201447 0.673619091510773 0.639973342418671 0.618217885494232 0.643252849578857 0.66230583190918
0.73334151506424 0.747824132442474 0.682101547718048 0.678492307662964 0.760782420635223 0.756824791431427 0.711051821708679 0.668825685977936 0.721499681472778 0.641343235969543 0.67153000831604 0.704998135566711 0.690322697162628 0.705186128616333 0.734263062477112 0.753692269325256 0.75227153301239 0.694974839687347 0.654155671596527 0.567771971225739 0.567407250404358 0.571028530597687 0.64745432138443 0.691976726055145 0.724714815616608 0.691673994064331 0.708081305027008 0.642657101154327 0.753829002380371 0.733138382434845 0.764325022697449 0.61967533826828 0.57491135597229 0.661836206912994 0.725492894649506 0.734903752803802 0.741480588912964 0.754957377910614 0.822399258613586 0.807118833065033 0.704472422599792 0.656340897083282 0.627703249454498 0.647136032581329
0.758046507835388 0.714206874370575 0.671598553657532 0.672423720359802 0.72638213634491 0.740343391895294 0.683338940143585 0.683834254741669 0.712878346443176 0.701320648193359 0.63229888677597 0.704791963100433 0.674006342887878 0.707493007183075 0.722495675086975 0.732355237007141 0.773035287857056 0.73285835981369 0.751322686672211 0.744751632213593 0.653583467006683 0.62401556968689 0.578377246856689 0.577585458755493 0.592006385326385 0.584131419658661 0.628760576248169 0.634162485599518 0.691823899745941 0.745578765869141 0.825229406356812 0.727868795394897 0.670370221138 0.704526960849762 0.733137905597687 0.710505545139313 0.704645216464996 0.71680760383606 0.775314152240753 0.765630960464478 0.748893678188324 0.724590182304382 0.679398417472839 0.64544266462326
0.733110308647156 0.701282262802124 0.668223440647125 0.677649676799774 0.716047942638397 0.737654328346252 0.724547028541565 0.692481338977814 0.689706206321716 0.762784838676453 0.699864506721497 0.677957236766815 0.713169932365417 0.698382079601288 0.692327082157135 0.738896191120148 0.770148694515228 0.76480621099472 0.76746141910553 0.765368103981018 0.74844229221344 0.752489805221558 0.72741037607193 0.731591761112213 0.644185662269592 0.604741632938385 0.579073011875153 0.59504497051239 0.684658885002136 0.751391589641571 0.774050414562225 0.735904693603516 0.728028416633606 0.743104219436646 0.710375964641571 0.713172316551208 0.693541347980499 0.718484938144684 0.712481677532196 0.729674339294434 0.771492004394531 0.751904010772705 0.724694073200226 0.701177835464478
0.684628546237946 0.665553271770477 0.694607198238373 0.74473774433136 0.739754140377045 0.759551286697388 0.761138200759888 0.699862062931061 0.701029002666473 0.719138383865356 0.746521234512329 0.685086190700531 0.667091965675354 0.688498973846436 0.694595873355865 0.694292902946472 0.744966864585876 0.755003213882446 0.772875607013702 0.754765689373016 0.720678389072418 0.708762526512146 0.702721118927002 0.726722836494446 0.709347188472748 0.721673727035522 0.658941984176636 0.649147510528564 0.603505849838257 0.632520794868469 0.632973194122314 0.657844722270966 0.689294815063477 0.706748008728027 0.72136777639389 0.711213231086731 0.652353286743164 0.739045858383179 0.739886820316315 0.689763128757477 0.740732192993164 0.771311283111572 0.758873820304871 0.743199706077576
0.675406873226166 0.714990258216858 0.745616376399994 0.769995450973511 0.743798077106476 0.768217086791992 0.769561529159546 0.769793808460236 0.742994368076324 0.730811238288879 0.727427065372467 0.786555588245392 0.717421412467957 0.682927072048187 0.757396399974823 0.758018672466278 0.724011719226837 0.742846965789795 0.738764464855194 0.752504348754883 0.771030008792877 0.762293517589569 0.701566755771637 0.695149540901184 0.670748591423035 0.746487736701965 0.821611404418945 0.797248303890228 0.697660863399506 0.653459548950195 0.632648587226868 0.614252209663391 0.62889575958252 0.655716180801392 0.776942431926727 0.719452142715454 0.663053274154663 0.69431859254837 0.734696209430695 0.684090137481689 0.789553165435791 0.810100793838501 0.782567083835602 0.780911684036255
0.70838463306427 0.705217897891998 0.726372361183167 0.744501173496246 0.748818516731262 0.774782240390778 0.77824342250824 0.788889288902283 0.78751939535141 0.712560951709747 0.767576694488525 0.750971019268036 0.712221920490265 0.741167902946472 0.774012446403503 0.741876721382141 0.782530128955841 0.775371432304382 0.795105397701263 0.781678855419159 0.764803826808929 0.779394447803497 0.770543336868286 0.708952188491821 0.714938998222351 0.671383559703827 0.762012422084808 0.79600328207016 0.789148092269897 0.760948300361633 0.70287561416626 0.659544587135315 0.641167819499969 0.617012143135071 0.656456410884857 0.705837786197662 0.718900561332703 0.649694383144379 0.67277330160141 0.708035409450531 0.81524533033371 0.805810332298279 0.805674970149994 0.813882768154144
0.692618310451508 0.679796397686005 0.734903395175934 0.769166052341461 0.790540158748627 0.787218928337097 0.77552729845047 0.803618311882019 0.803437829017639 0.767726838588715 0.697202801704407 0.714628159999847 0.75687438249588 0.692134737968445 0.765003859996796 0.682296693325043 0.765044748783112 0.762133479118347 0.782444357872009 0.807126939296722 0.740052223205566 0.722138464450836 0.774585902690887 0.766563534736633 0.713010191917419 0.68524968624115 0.711049318313599 0.734683096408844 0.775463223457336 0.695497870445251 0.794414818286896 0.832283854484558 0.71755176782608 0.673147261142731 0.625559985637665 0.66842395067215 0.753572344779968 0.715055108070374 0.642954587936401 0.707817018032074 0.808699488639832 0.786818087100983 0.800201833248138 0.801491975784302
0.709744453430176 0.726626574993134 0.741372108459473 0.746373295783997 0.790824472904205 0.77719384431839 0.758010625839233 0.738741040229797 0.799562990665436 0.769518911838531 0.729248404502869 0.75847464799881 0.814951360225677 0.758903980255127 0.708878338336945 0.721312344074249 0.734655737876892 0.778166830539703 0.722469091415405 0.723988831043243 0.723282933235168 0.777809977531433 0.757874846458435 0.714956283569336 0.695707678794861 0.727443397045135 0.705957770347595 0.726548135280609 0.797679841518402 0.703092217445374 0.770431816577911 0.842741131782532 0.85633385181427 0.817548871040344 0.701425313949585 0.647849380970001 0.670835316181183 0.722682416439056 0.663500368595123 0.791260480880737 0.737915635108948 0.797366738319397 0.812380313873291 0.812460780143738
0.737737536430359 0.715779602527618 0.754175901412964 0.745979487895966 0.787389695644379 0.787369906902313 0.788516998291016 0.758028507232666 0.75865364074707 0.814649045467377 0.80301833152771 0.74493545293808 0.806374788284302 0.818400323390961 0.811404764652252 0.79833984375 0.686824560165405 0.757062137126923 0.750631511211395 0.765087306499481 0.749752402305603 0.756292223930359 0.802904546260834 0.806253731250763 0.779602348804474 0.747353613376617 0.718263804912567 0.698552787303925 0.702957332134247 0.703580856323242 0.741978526115417 0.740800023078918 0.834127426147461 0.901423454284668 0.762649834156036 0.757369697093964 0.650853872299194 0.682501971721649 0.671031177043915 0.716601729393005 0.72344708442688 0.75984001159668 0.723290026187897 0.799751877784729
0.726782441139221 0.733363389968872 0.775930464267731 0.733938038349152 0.751262068748474 0.79900985956192 0.795712947845459 0.769747793674469 0.748176515102386 0.778451263904572 0.818888902664185 0.794729650020599 0.766798138618469 0.82279646396637 0.825120091438293 0.817570626735687 0.741989433765411 0.67667555809021 0.713115811347961 0.733969032764435 0.724090218544006 0.748568296432495 0.765484929084778 0.760500729084015 0.781406939029694 0.88599044084549 0.871348202228546 0.795860171318054 0.731835246086121 0.701437771320343 0.712570786476135 0.742983996868134 0.763228595256805 0.88854569196701 0.887250483036041 0.89393812417984 0.846099078655243 0.647912979125977 0.664356589317322 0.640267491340637 0.665619134902954 0.809005498886108 0.806419789791107 0.913681268692017
0.708603084087372 0.722363531589508 0.760317742824554 0.745721876621246 0.696513056755066 0.736829459667206 0.7904953956604 0.773975312709808 0.763631880283356 0.704433739185333 0.787436485290527 0.78804874420166 0.744940221309662 0.773807108402252 0.817772090435028 0.818777859210968 0.805558204650879 0.750647008419037 0.720705330371857 0.727318525314331 0.736054003238678 0.718897342681885 0.716692566871643 0.731591463088989 0.822576224803925 0.863308191299438 0.84028559923172 0.801677525043488 0.769965052604675 0.776032328605652 0.748503804206848 0.723965287208557 0.728999495506287 0.807928562164307 0.879616379737854 0.894274175167084 0.765483677387238 0.772825539112091 0.651081621646881 0.614159822463989 0.608322203159332 0.75808185338974 0.723579704761505 0.885107517242432
0.695888459682465 0.687106549739838 0.726851999759674 0.73582524061203 0.697149753570557 0.709177196025848 0.753224611282349 0.756076693534851 0.794467210769653 0.732541799545288 0.701660990715027 0.780366897583008 0.767649829387665 0.764937818050385 0.77592670917511 0.80053722858429 0.806979417800903 0.770385265350342 0.757332384586334 0.779646158218384 0.761284947395325 0.75818544626236 0.775463700294495 0.723958909511566 0.766449511051178 0.800600528717041 0.823254108428955 0.866227626800537 0.861685156822205 0.804890990257263 0.759921848773956 0.783668577671051 0.817574799060822 0.799648225307465 0.923810482025146 0.927855968475342 0.890302658081055 0.892539381980896 0.783380091190338 0.633136391639709 0.608802020549774 0.621826827526093 0.679918169975281 0.756027519702911
0.682273983955383 0.677023947238922 0.692956566810608 0.740140855312347 0.727632761001587 0.689004778862 0.756867468357086 0.705256879329681 0.727547883987427 0.733782827854156 0.700826287269592 0.760974884033203 0.745373964309692 0.743363082408905 0.790573239326477 0.760121405124664 0.752218306064606 0.803668677806854 0.788737893104553 0.756239950656891 0.729872167110443 0.773160636425018 0.765715718269348 0.789493441581726 0.773384213447571 0.763635993003845 0.773965299129486 0.813485443592072 0.85429573059082 0.808463633060455 0.836130857467651 0.785831212997437 0.812314927577972 0.836585581302643 0.850616216659546 0.916197419166565 0.929139077663422 0.944416344165802 0.919938921928406 0.796804249286652 0.643727004528046 0.592866003513336 0.600667357444763 0.63826310634613
0.66769814491272 0.694784045219421 0.679114401340485 0.705842137336731 0.69691014289856 0.68595677614212 0.693199872970581 0.671479284763336 0.751877844333649 0.772944390773773 0.71095484495163 0.738160610198975 0.763001322746277 0.70630818605423 0.778552830219269 0.788010120391846 0.745016992092133 0.78924036026001 0.82081127166748 0.801174938678741 0.758804857730865 0.764564394950867 0.786523938179016 0.812792181968689 0.809901356697083 0.794020593166351 0.807375729084015 0.827474892139435 0.823643505573273 0.808747828006744 0.850831270217896 0.831738531589508 0.769283771514893 0.866045236587524 0.860939204692841 0.793592035770416 0.90387350320816 0.955180287361145 0.935369670391083 0.859996378421783 0.782148480415344 0.683820128440857 0.596546173095703 0.624137103557587
0.646149218082428 0.644982874393463 0.660801231861115 0.65941596031189 0.663308799266815 0.701956748962402 0.660531878471375 0.72878885269165 0.747402131557465 0.68691873550415 0.755745351314545 0.718886077404022 0.683033287525177 0.725619792938232 0.771721541881561 0.79029792547226 0.744714021682739 0.752883613109589 0.768647789955139 0.81146639585495 0.790314316749573 0.773805618286133 0.780274927616119 0.811772406101227 0.802847862243652 0.804667353630066 0.808228433132172 0.81170654296875 0.862265825271606 0.821355640888214 0.82037365436554 0.851367235183716 0.784802913665771 0.776972115039825 0.919324696063995 0.897598385810852 0.783114969730377 0.908491909503937 0.956409573554993 0.927624821662903 0.920685708522797 0.833348035812378 0.609986007213593 0.622393727302551
0.62663322687149 0.651840448379517 0.627399623394012 0.653550386428833 0.656793475151062 0.665688157081604 0.698546707630157 0.646276831626892 0.68203341960907 0.647616803646088 0.775289833545685 0.733612239360809 0.661722779273987 0.677435100078583 0.747066915035248 0.757031321525574 0.744884729385376 0.750562131404877 0.744756698608398 0.780178546905518 0.817069828510284 0.817183017730713 0.791648387908936 0.80229127407074 0.817584216594696 0.813729703426361 0.822586953639984 0.827759087085724 0.826271653175354 0.838464736938477 0.851908445358276 0.859944939613342 0.804261028766632 0.794803500175476 0.852893888950348 0.898351550102234 0.791110455989838 0.824642777442932 0.921160817146301 0.962011337280273 0.935994207859039 0.861869633197784 0.695877492427826 0.648178935050964
0.634394645690918 0.600167214870453 0.642008781433105 0.678043127059937 0.649943888187408 0.630010545253754 0.656603157520294 0.642101764678955 0.642493844032288 0.675723910331726 0.730225920677185 0.697890818119049 0.649462282657623 0.661167442798615 0.680213570594788 0.698446094989777 0.71925950050354 0.76460200548172 0.772525906562805 0.761901140213013 0.799751043319702 0.835881590843201 0.832518994808197 0.821514964103699 0.825165927410126 0.836049973964691 0.837000012397766 0.866999447345734 0.874138474464417 0.845981299877167 0.862657248973846 0.872621595859528 0.872360825538635 0.800071477890015 0.84244042634964 0.835596442222595 0.79183703660965 0.792860925197601 0.793123841285706 0.880570769309998 0.820360541343689 0.750066101551056 0.777609705924988 0.69308203458786
