data/climate_estimation/maxent_output/Paris_polyphylla.asc
NCOLS 565 
NROWS 238 
XLLCORNER 75.9166666666667 
YLLCORNER 15.75 
CELLSIZE 0.0833333333333333 
NODATA_value -3.4e+38 
[rows 140 to 159 of 238, columns 88 to 131 of 565]
0.0365971475839615 0.0414053648710251 0.036209974437952 0.0358573645353317 0.00135938439052552 0.00152276002336293 0.0333640389144421 0.0327712371945381 0.0325034447014332 0.0272622685879469 0.0231471247971058 0.0258278995752335 0.0269261132925749 0.0293169487267733 0.037032101303339 0.0449542626738548 0.0484685562551022 0.0566396191716194 0.0675164088606834 0.0714447349309921 0.0608351342380047 0.0523597709834576 0.0523795336484909 0.0519020184874535 0.0727052390575409 0.0817632898688316 0.0747410878539085 0.090126633644104 0.0953627452254295 0.0442173779010773 0.0222816132009029 0.0212310869246721 0.0266357567161322 0.0206868536770344 0.0191981270909309 0.0220373850315809 0.0230210144072771 0.0248060896992683 0.0241506583988667 0.0234428606927395 0.0231880489736795 0.022511737421155 0.0250532776117325 0.027300737798214
0.0371889993548393 0.0402909480035305 0.0407041050493717 0.0346839725971222 0.034549068659544 0.0367742665112019 0.0375446081161499 0.0379968099296093 0.0285056941211224 0.0253922306001186 0.0285148024559021 0.0287541896104813 0.0274706725031137 0.0287609733641148 0.0323414169251919 0.036403089761734 0.0413610599935055 0.05575817450881 0.0653598234057426 0.0575030483305454 0.0577722378075123 0.050965566188097 0.0648480504751205 0.0634304359555244 0.0557278990745544 0.0639395713806152 0.0565831251442432 0.0494224838912487 0.0423853136599064 0.0632132664322853 0.0316308438777924 0.0171961486339569 0.0187776330858469 0.0192831605672836 0.0180711168795824 0.0172693226486444 0.0319361351430416 0.0362867154181004 0.0224969908595085 0.0222494173794985 0.0219599679112434 0.0213509872555733 0.0225466061383486 0.0253602024167776
0.0401874743402004 0.0430422239005566 0.0542335249483585 0.0410862527787685 0.0377871915698051 0.0373523570597172 0.0429058820009232 0.0394551306962967 0.02843670360744 0.031834926456213 0.0386023819446564 0.0402818322181702 0.0404059700667858 0.0609924644231796 0.0345663167536259 0.0371174514293671 0.0434658080339432 0.0661078467965126 0.059577651321888 0.0540293827652931 0.0493500269949436 0.0461342446506023 0.0474583655595779 0.0449403189122677 0.047748725861311 0.0438810847699642 0.0480133332312107 0.0468760132789612 0.0474093556404114 0.0217100158333778 0.0170633867383003 0.0183480437844992 0.0182085894048214 0.0168941486626863 0.0154970269650221 0.0282484125345945 0.0291810464113951 0.0296125542372465 0.0339231491088867 0.0185978468507528 0.0189529545605183 0.0199608523398638 0.0200573429465294 0.0233017690479755
0.0448201447725296 0.0460441783070564 0.056643184274435 0.0505869053304195 0.0449210479855537 0.0464453920722008 0.0448525324463844 0.0581279955804348 0.0551686994731426 0.0472772531211376 0.0449391938745975 0.0671331584453583 0.061562605202198 0.0684667974710464 0.0848296359181404 0.0776922255754471 0.0823611915111542 0.0900016874074936 0.0665028393268585 0.0670260041952133 0.0667432621121407 0.0673766061663628 0.0823108777403831 0.0716363415122032 0.0445478148758411 0.0485121943056583 0.0423376001417637 0.04161411896348 0.0211646053940058 0.0198404882103205 0.0216955691576004 0.0237725786864758 0.0213035084307194 0.0171344690024853 0.0156492665410042 0.0280621126294136 0.0287911090999842 0.0282139386981726 0.0156246824190021 0.0164179224520922 0.0180370453745127 0.0195026155561209 0.0228069238364697 0.00645462330430746
0.0595327354967594 0.0641864463686943 0.0736031755805016 0.0412059724330902 0.0451313443481922 0.0613998286426067 0.0457987450063229 0.0650469437241554 0.103545419871807 0.141781330108643 0.0732933804392815 0.133169293403625 0.0891792625188828 0.0616068616509438 0.101941332221031 0.0686469748616219 0.0902015864849091 0.097804844379425 0.0924017727375031 0.0984530001878738 0.103635266423225 0.099674753844738 0.0976007059216499 0.105408728122711 0.0836055651307106 0.0923129618167877 0.108922243118286 0.0781619995832443 0.0242748875170946 0.0225144233554602 0.027611430734396 0.0355751886963844 0.02392503246665 0.0190318673849106 0.0163412913680077 0.0289017800241709 0.0286739524453878 0.0285954214632511 0.0166617818176746 0.018572986125946 0.0199246034026146 0.0199339929968119 0.00679796608164907 0.00751155242323875
0.0465261377394199 0.06168557330966 0.0335434712469578 0.040623027831316 0.105813734233379 0.0557980351150036 0.0760200694203377 0.0819626674056053 0.136886209249496 0.106115117669106 0.0708936601877213 0.124922841787338 0.112593203783035 0.0939690917730331 0.0717897638678551 0.0868601202964783 0.104498237371445 0.0860440731048584 0.0924912393093109 0.0973947867751122 0.100136831402779 0.105365440249443 0.113115444779396 0.117301784455776 0.104643672704697 0.104566663503647 0.0960679799318314 0.096084401011467 0.0682497918605804 0.0237979236990213 0.0205512288957834 0.0204045251011848 0.0243920870125294 0.0200215484946966 0.0174112338572741 0.0308999065309763 0.0309151373803616 0.0321417190134525 0.0339722968637943 0.0198245365172625 0.0196143519133329 0.0202117394655943 0.00651710154488683 0.00740377698093653
0.0407247357070446 0.0252061150968075 0.029362203553319 0.0337346158921719 0.071943461894989 0.0663219392299652 0.0860701650381088 0.135984912514687 0.149156734347343 0.0866439789533615 0.0943535044789314 0.100208185613155 0.102800309658051 0.0877956822514534 0.120534852147102 0.0734049752354622 0.0844490453600883 0.0853778570890427 0.0983596369624138 0.103673867881298 0.10785249620676 0.109366692602634 0.120287619531155 0.122023604810238 0.11176323145628 0.10410438477993 0.0945772752165794 0.0776304826140404 0.0732482522726059 0.0641435086727142 0.0350637249648571 0.0304627642035484 0.0172373205423355 0.0191973447799683 0.0186324715614319 0.0326160751283169 0.0325875170528889 0.0343802683055401 0.0366798341274261 0.0382153764367104 0.0209407825022936 0.0209366977214813 0.00641933735460043 0.00728245219215751
0.0227192100137472 0.0272990092635155 0.0305524431169033 0.0355922728776932 0.0432285293936729 0.0639089196920395 0.0696257874369621 0.0747012943029404 0.0796821340918541 0.0838789567351341 0.0662993267178535 0.108483120799065 0.108503893017769 0.107105188071728 0.111835584044456 0.0840741172432899 0.0776666551828384 0.088235005736351 0.0954839736223221 0.103131018579006 0.108819551765919 0.107908152043819 0.118974588811398 0.115299642086029 0.105077460408211 0.107356570661068 0.102976992726326 0.0653454586863518 0.0396065041422844 0.0318232849240303 0.0304927863180637 0.0161327589303255 0.0200584828853607 0.0292603019624949 0.0245961863547564 0.0346046313643456 0.0332350432872772 0.0331648364663124 0.0365019291639328 0.03731394931674 0.0228025913238525 0.0225264951586723 0.00681030889973044 0.0071103498339653
0.024206480011344 0.0276495348662138 0.0339673571288586 0.056583259254694 0.0850300490856171 0.0832178890705109 0.0783435106277466 0.0819864496588707 0.0734576657414436 0.0867371708154678 0.103116817772388 0.104753836989403 0.0945802927017212 0.121306143701077 0.100136630237103 0.0818044170737267 0.0758896842598915 0.0719251185655594 0.080402746796608 0.0863872319459915 0.0951851159334183 0.0841663330793381 0.101619645953178 0.0983794257044792 0.0876882821321487 0.0836386457085609 0.0755473971366882 0.0468490533530712 0.0335070043802261 0.0317049957811832 0.0155609715729952 0.0146427853032947 0.0156875364482403 0.0230169259011745 0.043068815022707 0.0273567494004965 0.0338990539312363 0.0381741672754288 0.0389443375170231 0.0396728664636612 0.0223980229347944 0.0239323638379574 0.0073049133643508 0.00729483412578702
0.03201524913311 0.0336839258670807 0.0364047512412071 0.0677705779671669 0.11774742603302 0.0950033813714981 0.0776130929589272 0.0904394015669823 0.0712445750832558 0.0824965685606003 0.071942962706089 0.0985569804906845 0.10471848398447 0.145960107445717 0.118643097579479 0.0777363851666451 0.0682006627321243 0.0684671923518181 0.0770463719964027 0.0719630047678947 0.0746658369898796 0.0696020424365997 0.0836275890469551 0.0856694132089615 0.0796533301472664 0.0671637058258057 0.0550881251692772 0.0361016429960728 0.0300051756203175 0.0162252448499203 0.0158587545156479 0.0144509468227625 0.014528906904161 0.0164051689207554 0.0213289707899094 0.0207535531371832 0.0188235975801945 0.0191503465175629 0.0200068894773722 0.0209081266075373 0.0225431956350803 0.0247622448951006 0.025504095479846 0.0076634157449007
0.0297526642680168 0.0332276448607445 0.0430314280092716 0.0783922299742699 0.102533511817455 0.100381456315517 0.074294738471508 0.0763298496603966 0.0766196101903915 0.0864882841706276 0.157285675406456 0.103315033018589 0.0902214646339417 0.0999410003423691 0.127172648906708 0.0802360773086548 0.0725276172161102 0.0640019401907921 0.0678706616163254 0.0717615932226181 0.0585797466337681 0.0629920735955238 0.0632139146327972 0.0753904283046722 0.078195609152317 0.0700848996639252 0.0713216066360474 0.0486872605979443 0.0168034806847572 0.0151845598593354 0.0147379469126463 0.0147076593711972 0.00420245854184031 0.00437858980149031 0.00502703059464693 0.00588825484737754 0.00581233995035291 0.0055169714614749 0.00575696351006627 0.00623208982869983 0.0220363233238459 0.0233922973275185 0.0267910584807396 0.0276122111827135
0.0285772923380136 0.03725590929389 0.0291671603918076 0.0353244543075562 0.0371218919754028 0.0333711989223957 0.0316966734826565 0.053851630538702 0.0692585632205009 0.108348153531551 0.10322131216526 0.105381578207016 0.0957439318299294 0.0842749699950218 0.0944128483533859 0.0832102447748184 0.0677099972963333 0.0600277669727802 0.0638000071048737 0.0700069218873978 0.0545077472925186 0.0528265200555325 0.0557565689086914 0.0634347647428513 0.0748783499002457 0.0630592256784439 0.0473737642168999 0.0184785705059767 0.0231097750365734 0.0290766004472971 0.0267584156244993 0.0210934225469828 0.00466670282185078 0.0045105405151844 0.00553145678713918 0.00705227814614773 0.00656438898295164 0.00643989816308022 0.00633035320788622 0.00647182902321219 0.00655387761071324 0.00677878875285387 0.00724563980475068 0.0274541880935431
0.139973014593124 0.109665900468826 0.0270476713776588 0.0328131094574928 0.0278472844511271 0.0317834131419659 0.0213754810392857 0.0209224503487349 0.0286288037896156 0.103653453290462 0.112361498177052 0.0964977964758873 0.091960147023201 0.0731880068778992 0.0811841562390327 0.0882948860526085 0.0717901289463043 0.0585767477750778 0.0534494146704674 0.0514333359897137 0.052463460713625 0.0492577739059925 0.0465685576200485 0.0497128665447235 0.0701312944293022 0.0778844878077507 0.0634646341204643 0.0629787966609001 0.0368369184434414 0.0211583636701107 0.0259257741272449 0.00811243243515491 0.00674751680344343 0.00489542260766029 0.00510220183059573 0.00861196499317884 0.00649964855983853 0.00750766322016716 0.00661777006462216 0.00729902368038893 0.00724410079419613 0.00851344410330057 0.00845573656260967 0.00808735843747854
0.176169782876968 0.119274809956551 0.0267578940838575 0.0234329383820295 0.0266879126429558 0.029028782621026 0.0274504441767931 0.0168996788561344 0.0184144079685211 0.0268121436238289 0.0814978703856468 0.0664445161819458 0.0648820176720619 0.0664028003811836 0.0513701699674129 0.0513111837208271 0.0669901743531227 0.0610160939395428 0.0552053563296795 0.0477542765438557 0.0426075309514999 0.0422579608857632 0.0442818775773048 0.033172745257616 0.043747317045927 0.0554381497204304 0.0757468566298485 0.0287650395184755 0.0195267461240292 0.0163394995033741 0.00453137746080756 0.00476669985800982 0.00480232248082757 0.00473090680316091 0.00468709785491228 0.00502209039404988 0.00541820144280791 0.00626769056543708 0.00632452499121428 0.00802810303866863 0.00843772664666176 0.0095018008723855 0.00858781673014164 0.0274941232055426
0.0274252016097307 0.0278999879956245 0.0201081205159426 0.0384469293057919 0.01850869320333 0.0190424751490355 0.0223515015095472 0.0145554011687636 0.0166543629020452 0.0202575698494911 0.0429878160357475 0.0440339110791683 0.0347278341650963 0.0386827439069748 0.0355284251272678 0.0358353219926357 0.0568707659840584 0.0587383732199669 0.0491443984210491 0.0432811751961708 0.0470222942531109 0.0297666620463133 0.0390413925051689 0.0162850003689528 0.0548585765063763 0.0660242959856987 0.0255445074290037 0.00463345739990473 0.014279549010098 0.00416818493977189 0.00409085256978869 0.00455048540607095 0.00470678927376866 0.00486842542886734 0.0052233156748116 0.00556423375383019 0.00529019115492702 0.00520464777946472 0.00721794879063964 0.00929015222936869 0.00929632876068354 0.00844819564372301 0.0281217601150274 0.0271935649216175
0.0136684281751513 0.0164770539849997 0.0187951922416687 0.0173807237297297 0.0150659661740065 0.0146062895655632 0.0142436483874917 0.0124743590131402 0.0135324709117413 0.0227098539471626 0.018716786056757 0.0164167135953903 0.0143313314765692 0.027521625161171 0.0299590472131968 0.0335163995623589 0.0452081300318241 0.0467047616839409 0.0401594340801239 0.03624202683568 0.0352228693664074 0.0266591291874647 0.0347518064081669 0.0162083581089973 0.0247416440397501 0.0233052913099527 0.00620789872482419 0.00444248970597982 0.00472031906247139 0.00656018313020468 0.00482786074280739 0.00497403088957071 0.00530419871211052 0.00552073214203119 0.00538786314427853 0.00537770660594106 0.00605426542460918 0.00623030122369528 0.00614082813262939 0.0065413792617619 0.00815133843570948 0.0304071325808764 0.0277710612863302 0.0287294816225767
0.0117275882512331 0.014576998539269 0.0175716709345579 0.0200388859957457 0.0184101555496454 0.0144341364502907 0.0139781599864364 0.0119171729311347 0.0119340121746063 0.0143745709210634 0.0150720030069351 0.0143160475417972 0.0133093595504761 0.0286632496863604 0.0300497021526098 0.0286842435598373 0.0314082987606525 0.0307447630912066 0.0335722714662552 0.0318013690412045 0.0242355652153492 0.0142220398411155 0.0141354240477085 0.0133217656984925 0.00419463124126196 0.00513424165546894 0.00487597798928618 0.00556478137150407 0.0073845786973834 0.00621666153892875 0.017018036916852 0.00511975679546595 0.00609177071601152 0.00690583838149905 0.0063003241084516 0.00595304509624839 0.00869947578758001 0.0103265261277556 0.00626393873244524 0.00650252588093281 0.00786049291491508 0.0285873580724001 0.0271714609116316 0.0289741102606058
0.00272674532607198 0.0100073991343379 0.016039066016674 0.0173304900527 0.018120676279068 0.0130460783839226 0.0123570160940289 0.0110960211604834 0.0110800378024578 0.0140738310292363 0.0157109908759594 0.0145610691979527 0.0113497599959373 0.0180401727557182 0.0200922470539808 0.0226183887571096 0.0220696981996298 0.0222400780767202 0.0235692802816629 0.0190674439072609 0.0099532650783658 0.0114284176379442 0.0127804977819324 0.011188043281436 0.00438642827793956 0.00613841554149985 0.00696048606187105 0.00751518318429589 0.00723773008212447 0.0054769697599113 0.0195528026670218 0.0192794017493725 0.00599511293694377 0.00671161571517587 0.0084987198933959 0.00897489208728075 0.013051537796855 0.00732107227668166 0.00708834733814001 0.00673822499811649 0.00734203355386853 0.0280003622174263 0.0278223622590303 0.0280842185020447
0.00834436248987913 0.00853408593684435 0.014041974209249 0.015588104724884 0.0147225046530366 0.012818749062717 0.010529575869441 0.00967713259160519 0.00885295681655407 0.00992317963391542 0.0111273881047964 0.0138736041262746 0.0209211185574532 0.0208648629486561 0.0167095232754946 0.0163362268358469 0.0168572030961514 0.0183995943516493 0.0178990717977285 0.01712098531425 0.00918447412550449 0.0100345443934202 0.0128159178420901 0.0112100569531322 0.0173072684556246 0.00555262807756662 0.00599874695762992 0.00701859081164002 0.00798184610903263 0.0243834089487791 0.0220347866415977 0.023517731577158 0.022618729621172 0.0231764074414968 0.00809444766491652 0.0104719055816531 0.0127448635175824 0.0104249333962798 0.00952399149537086 0.00924091599881649 0.00710213836282492 0.0268897898495197 0.0281192101538181 0.0534742474555969
0.00639569666236639 0.00731955422088504 0.00839679781347513 0.0116777764633298 0.0132645973935723 0.0121806534007192 0.0121860848739743 0.010572905652225 0.00894579198211432 0.00850231852382421 0.0163182765245438 0.0209212247282267 0.0192290470004082 0.019396735355258 0.0160019099712372 0.0151012083515525 0.0152307413518429 0.0151903433725238 0.016065277159214 0.0162315126508474 0.00896816700696945 0.0100343832746148 0.0118492851033807 0.0229056142270565 0.0282472707331181 0.0251750480383635 0.0248805042356253 0.0306368414312601 0.0289600398391485 0.0338441021740437 0.0367718711495399 0.031214302405715 0.0275306943804026 0.0270959157496691 0.00819660443812609 0.00968654919415712 0.0604993849992752 0.0569198168814182 0.0102667603641748 0.00790087040513754 0.00756456051021814 0.0262330062687397 0.027727672830224 0.0557972565293312
