data/climate_estimation/maxent_output/Paris_delavayi.asc
NCOLS 123 
NROWS 124 
XLLCORNER 100 
YLLCORNER 22.25 
CELLSIZE 0.0833333333333333 
NODATA_value -3.4e+38 
[rows 80 to 99 of 124, columns 44 to 87 of 123]
0.892655670642853 0.901093900203705 0.924589514732361 0.927703738212585 0.936465442180634 0.942900657653809 0.951260089874268 0.956547677516937 0.964371144771576 0.972941398620605 0.982011020183563 0.985406696796417 0.989409208297729 0.990496516227722 0.988392412662506 0.98776787519455 0.987379312515259 0.974389612674713 0.973171710968018 0.963308811187744 0.941206753253937 0.979536235332489 0.981431424617767 0.955704629421234 0.956456422805786 0.977734565734863 0.973200857639313 0.982261419296265 0.984305679798126 0.978859603404999 0.97498607635498 0.973954916000366 0.973932445049286 0.957847356796265 0.951366901397705 0.964160978794098 0.958468019962311 0.950535297393799 0.958167254924774 0.953771829605103 0.919329464435577 0.941045761108398 0.928840637207031 0.902768790721893
0.888874173164368 0.896806478500366 0.878497540950775 0.912464797496796 0.93063884973526 0.934309303760529 0.953586637973785 0.96030056476593 0.969759523868561 0.976090013980865 0.981207728385925 0.989767789840698 0.991523623466492 0.990849077701569 0.988707482814789 0.9893878698349 0.986064732074738 0.97674286365509 0.980779469013214 0.975865423679352 0.95650053024292 0.958934247493744 0.986027359962463 0.97260308265686 0.954160630702972 0.943044424057007 0.963419377803802 0.973113119602203 0.980915367603302 0.978624939918518 0.97389018535614 0.973039507865906 0.967203199863434 0.950908303260803 0.949126005172729 0.96209990978241 0.951886236667633 0.939497351646423 0.951260626316071 0.949240386486053 0.921831429004669 0.939401507377625 0.921386003494263 0.899517476558685
0.891586780548096 0.879688084125519 0.871600687503815 0.927591741085052 0.929033994674683 0.921797692775726 0.933599233627319 0.953308045864105 0.962819516658783 0.974026441574097 0.97782027721405 0.989177465438843 0.989132463932037 0.988797962665558 0.989265859127045 0.988516807556152 0.986798703670502 0.983222246170044 0.985119640827179 0.971624433994293 0.978542149066925 0.969558775424957 0.954561710357666 0.964848756790161 0.959721207618713 0.895131409168243 0.945285975933075 0.941029787063599 0.963575482368469 0.97234320640564 0.972483694553375 0.969456851482391 0.963369250297546 0.952628493309021 0.942286372184753 0.949365377426147 0.954035997390747 0.92480993270874 0.935251295566559 0.94700300693512 0.922963082790375 0.918598651885986 0.918525397777557 0.90273380279541
0.851040422916412 0.830435574054718 0.862913966178894 0.93439656496048 0.916111707687378 0.928557872772217 0.938414990901947 0.946814298629761 0.958919703960419 0.967656970024109 0.978790700435638 0.984016954898834 0.985598146915436 0.986812651157379 0.988353133201599 0.985954105854034 0.987973928451538 0.97766500711441 0.979721784591675 0.971319496631622 0.977533280849457 0.983161211013794 0.9768306016922 0.972391307353973 0.937454402446747 0.89164012670517 0.931141257286072 0.949135422706604 0.950248837471008 0.960215628147125 0.964214086532593 0.969728171825409 0.958883762359619 0.940669476985931 0.922380030155182 0.929283320903778 0.93542742729187 0.923359453678131 0.933594465255737 0.93880558013916 0.916764795780182 0.90175473690033 0.897452890872955 0.900973975658417
0.846853375434875 0.802327334880829 0.833281755447388 0.925725698471069 0.927915036678314 0.950639665126801 0.947020292282104 0.937613070011139 0.955859839916229 0.967154324054718 0.9744011759758 0.979081332683563 0.9830601811409 0.985601305961609 0.983495354652405 0.985022723674774 0.984472393989563 0.983128845691681 0.981233477592468 0.976775884628296 0.973892569541931 0.983909130096436 0.983144998550415 0.974116027355194 0.950697064399719 0.897725820541382 0.910884082317352 0.941014289855957 0.934237122535706 0.958827257156372 0.978336751461029 0.972420930862427 0.953964233398438 0.920980513095856 0.906234502792358 0.914281189441681 0.930436074733734 0.906822741031647 0.870491921901703 0.919559419155121 0.901341199874878 0.900207698345184 0.915786564350128 0.903840899467468
0.871176719665527 0.824663281440735 0.88510799407959 0.918525397777557 0.946169972419739 0.968044459819794 0.933517277240753 0.935168385505676 0.949710547924042 0.962773382663727 0.969707548618317 0.976262450218201 0.97992730140686 0.981859266757965 0.979083955287933 0.982489764690399 0.979627132415771 0.972899675369263 0.972618401050568 0.973001301288605 0.976751029491425 0.976473867893219 0.976484596729279 0.969164669513702 0.945389688014984 0.846203625202179 0.889946699142456 0.898983776569366 0.931040823459625 0.966690719127655 0.982451677322388 0.977686583995819 0.956512331962585 0.89054936170578 0.865240931510925 0.852285444736481 0.809485852718353 0.793739318847656 0.817210018634796 0.8426473736763 0.880316436290741 0.870527505874634 0.851474046707153 0.915515661239624
0.921595215797424 0.894959032535553 0.866484820842743 0.889993190765381 0.950819849967957 0.943985998630524 0.936357915401459 0.933557033538818 0.947949230670929 0.958357810974121 0.963799834251404 0.963338494300842 0.97359961271286 0.975046515464783 0.967321395874023 0.975893318653107 0.977311670780182 0.978590846061707 0.975189089775085 0.96995997428894 0.974409282207489 0.979961633682251 0.976007580757141 0.961961328983307 0.917132318019867 0.848386704921722 0.875272989273071 0.917209446430206 0.956760346889496 0.98115611076355 0.974411427974701 0.96690559387207 0.961706399917603 0.905257642269135 0.863397300243378 0.851643741130829 0.807455837726593 0.821791708469391 0.789944708347321 0.837941348552704 0.834321260452271 0.830461621284485 0.854201436042786 0.902415454387665
0.936784386634827 0.933040738105774 0.851572453975677 0.894055902957916 0.941255033016205 0.929193556308746 0.928967773914337 0.929389655590057 0.939402043819427 0.961988270282745 0.962908267974854 0.962252378463745 0.952313899993896 0.952959060668945 0.94520765542984 0.965204894542694 0.97077465057373 0.975660860538483 0.974851667881012 0.972236275672913 0.967903137207031 0.972705960273743 0.966631293296814 0.959158420562744 0.92038369178772 0.825701534748077 0.837349414825439 0.940363705158234 0.96106344461441 0.964184165000916 0.974194228649139 0.953804612159729 0.947715520858765 0.912003517150879 0.882145285606384 0.886076152324677 0.850801825523376 0.823651194572449 0.810271501541138 0.883491039276123 0.814637064933777 0.89208722114563 0.851083040237427 0.885515511035919
0.904091775417328 0.923892498016357 0.880415439605713 0.92662501335144 0.907051026821136 0.923575282096863 0.931493580341339 0.922350645065308 0.933273494243622 0.956683218479156 0.957254707813263 0.960435569286346 0.94661271572113 0.950171053409576 0.931812942028046 0.947854578495026 0.963977634906769 0.966988027095795 0.973504245281219 0.972771286964417 0.968282163143158 0.974162817001343 0.978330194950104 0.973728775978088 0.939231514930725 0.917563140392303 0.813173353672028 0.909490048885345 0.91632479429245 0.929801285266876 0.951766908168793 0.959344983100891 0.954426884651184 0.879694581031799 0.847036600112915 0.820527374744415 0.777541697025299 0.762791156768799 0.803621411323547 0.836703896522522 0.882755637168884 0.86172753572464 0.859843969345093 0.873103737831116
0.856599509716034 0.86904764175415 0.931873023509979 0.904448509216309 0.890804946422577 0.919787406921387 0.928585886955261 0.906666338443756 0.90466445684433 0.933600008487701 0.945285499095917 0.949985504150391 0.940131783485413 0.95619148015976 0.942967116832733 0.932114839553833 0.954523622989655 0.956009984016418 0.958772659301758 0.964556396007538 0.971180081367493 0.977809846401215 0.979321658611298 0.975875675678253 0.951103985309601 0.918428480625153 0.791348576545715 0.838491797447205 0.839024007320404 0.861169815063477 0.871690571308136 0.889538884162903 0.88614547252655 0.812574028968811 0.793364524841309 0.744824528694153 0.744506299495697 0.827731609344482 0.907785713672638 0.818095862865448 0.793173909187317 0.866276741027832 0.898985803127289 0.830868601799011
0.853432238101959 0.928491771221161 0.944348394870758 0.906861901283264 0.893739879131317 0.921709358692169 0.929040789604187 0.901849448680878 0.866247415542603 0.880191683769226 0.920308649539948 0.935180604457855 0.932870030403137 0.956259310245514 0.9294353723526 0.915469586849213 0.950888276100159 0.952190816402435 0.951636731624603 0.955732345581055 0.965793907642365 0.977661371231079 0.980859696865082 0.979333639144897 0.964336037635803 0.916154682636261 0.815674364566803 0.767607510089874 0.77940559387207 0.865667462348938 0.797534048557281 0.869798123836517 0.796419262886047 0.78124338388443 0.759908318519592 0.802150189876556 0.839814960956573 0.906268239021301 0.810842216014862 0.704871833324432 0.782005310058594 0.895115375518799 0.805663049221039 0.831509947776794
0.862758636474609 0.934113621711731 0.929492950439453 0.919957458972931 0.907376348972321 0.897846221923828 0.903317809104919 0.878973960876465 0.877540647983551 0.888023614883423 0.920406222343445 0.92550265789032 0.937864243984222 0.955869793891907 0.938438773155212 0.902877628803253 0.89906632900238 0.907253086566925 0.90758341550827 0.845989882946014 0.832734763622284 0.928093612194061 0.971654057502747 0.973375499248505 0.941348254680634 0.918988943099976 0.920403122901917 0.885358095169067 0.768002688884735 0.747995615005493 0.744109809398651 0.767185866832733 0.866982042789459 0.869392037391663 0.8566575050354 0.900424242019653 0.89865118265152 0.82877516746521 0.778814435005188 0.714994966983795 0.886073350906372 0.896505117416382 0.725596010684967 0.80087274312973
0.923688888549805 0.935205936431885 0.927636981010437 0.905467331409454 0.888233244419098 0.889660894870758 0.889276385307312 0.860583424568176 0.848471939563751 0.878717124462128 0.910678267478943 0.915193557739258 0.940721333026886 0.931525707244873 0.920186817646027 0.874566495418549 0.821147978305817 0.900949954986572 0.932240188121796 0.928477346897125 0.913955271244049 0.797499120235443 0.881616830825806 0.938781678676605 0.959465384483337 0.962890923023224 0.930127263069153 0.892691254615784 0.861925601959229 0.801400125026703 0.736234486103058 0.890665233135223 0.94260847568512 0.941999316215515 0.936893403530121 0.913798213005066 0.893210113048553 0.870148122310638 0.790513038635254 0.761663138866425 0.919663906097412 0.914101839065552 0.739055275917053 0.717836856842041
0.925857186317444 0.905763149261475 0.900384783744812 0.897497475147247 0.892060101032257 0.908024072647095 0.909012019634247 0.843994379043579 0.85647839307785 0.808254539966583 0.778849422931671 0.876632571220398 0.89700049161911 0.87703812122345 0.832655429840088 0.802346348762512 0.817871630191803 0.8907470703125 0.910754263401031 0.863775253295898 0.854562282562256 0.812061548233032 0.805155336856842 0.795970916748047 0.831708371639252 0.899436950683594 0.895048677921295 0.878578245639801 0.848484992980957 0.830686330795288 0.767786264419556 0.920207440853119 0.964635848999023 0.968053340911865 0.932354927062988 0.901672184467316 0.867050647735596 0.832765817642212 0.729148745536804 0.804518699645996 0.915559828281403 0.899306118488312 0.769666969776154 0.731588780879974
0.890110671520233 0.875385403633118 0.883064210414886 0.898732721805573 0.925261676311493 0.940109312534332 0.89941418170929 0.845199704170227 0.85748964548111 0.739774465560913 0.660590171813965 0.739310145378113 0.777628183364868 0.767223477363586 0.772268652915955 0.874498963356018 0.877521336078644 0.921528935432434 0.951438307762146 0.953492820262909 0.955977737903595 0.928650081157684 0.950133085250854 0.898565948009491 0.815355956554413 0.764785051345825 0.779002010822296 0.789762079715729 0.795480251312256 0.745591163635254 0.811579048633575 0.930738270282745 0.97753769159317 0.954970598220825 0.912086725234985 0.824447691440582 0.811201214790344 0.777535438537598 0.773845136165619 0.857600927352905 0.889745056629181 0.844668924808502 0.766455411911011 0.671210646629333
0.867837905883789 0.861643135547638 0.891595721244812 0.904902279376984 0.913105607032776 0.945700109004974 0.861443340778351 0.67696475982666 0.655721962451935 0.6423579454422 0.688728213310242 0.690264880657196 0.690797865390778 0.778063595294952 0.836945295333862 0.90703547000885 0.911250710487366 0.947016775608063 0.961887300014496 0.963153064250946 0.96689110994339 0.970608234405518 0.97712653875351 0.974513351917267 0.915354192256927 0.837654232978821 0.875905156135559 0.807398319244385 0.815660715103149 0.843779146671295 0.820996522903442 0.960198879241943 0.979237973690033 0.950822651386261 0.886887609958649 0.809030592441559 0.845944225788116 0.88836270570755 0.82466322183609 0.846853375434875 0.785053491592407 0.849902451038361 0.763918101787567 0.735149264335632
0.859557867050171 0.887900114059448 0.946956992149353 0.911641895771027 0.858102917671204 0.8391233086586 0.663809955120087 0.61671644449234 0.622475683689117 0.68752646446228 0.652083456516266 0.722689867019653 0.691945433616638 0.77129191160202 0.834449350833893 0.834395527839661 0.836125731468201 0.882368981838226 0.951444029808044 0.967349827289581 0.967636048793793 0.969822645187378 0.977106988430023 0.972101390361786 0.946149289608002 0.863839685916901 0.880206882953644 0.906187415122986 0.894598603248596 0.897770345211029 0.936429440975189 0.971443891525269 0.979393243789673 0.943009734153748 0.885356664657593 0.810782909393311 0.866775631904602 0.908951461315155 0.853672742843628 0.858355939388275 0.771744608879089 0.861218810081482 0.805640280246735 0.805505692958832
0.854224741458893 0.946229100227356 0.935321629047394 0.765523254871368 0.675618946552277 0.566917300224304 0.65355783700943 0.651729702949524 0.732005417346954 0.772729575634003 0.668728828430176 0.730540633201599 0.699237763881683 0.726833701133728 0.755423486232758 0.745110094547272 0.770566642284393 0.787688136100769 0.815960288047791 0.942862927913666 0.958616077899933 0.962512016296387 0.937930822372437 0.946957945823669 0.884841680526733 0.756345748901367 0.872927784919739 0.867858231067657 0.728634774684906 0.830849289894104 0.941226124763489 0.966354489326477 0.976151466369629 0.926000535488129 0.92133766412735 0.846983194351196 0.879508972167969 0.869844615459442 0.808755815029144 0.826522469520569 0.788498818874359 0.835775256156921 0.818520307540894 0.783253788948059
0.841977000236511 0.92902547121048 0.770750045776367 0.647053480148315 0.656787991523743 0.642666876316071 0.736953139305115 0.747319638729095 0.837543666362762 0.760309040546417 0.724812090396881 0.812466144561768 0.8046635389328 0.739212393760681 0.705762445926666 0.731388092041016 0.784722566604614 0.842072486877441 0.848739564418793 0.820122718811035 0.845626652240753 0.855391979217529 0.88348513841629 0.867885112762451 0.89962774515152 0.75809371471405 0.687795519828796 0.85123884677887 0.817317247390747 0.645384013652802 0.754780828952789 0.920166254043579 0.932978272438049 0.969707071781158 0.80759859085083 0.866673946380615 0.861367702484131 0.825570404529572 0.780241370201111 0.787685334682465 0.758371889591217 0.786628007888794 0.814229547977448 0.729201972484589
0.856354057788849 0.606278002262115 0.859981775283813 0.816518187522888 0.700470149517059 0.727222800254822 0.815381944179535 0.796765387058258 0.842692852020264 0.815414190292358 0.734927415847778 0.788780748844147 0.862813115119934 0.755810856819153 0.75061446428299 0.784232079982758 0.767532110214233 0.823616683483124 0.836164712905884 0.837344527244568 0.83166229724884 0.841368496417999 0.805525898933411 0.793972194194794 0.736545205116272 0.726646184921265 0.673936128616333 0.720148801803589 0.80886447429657 0.746477782726288 0.630171239376068 0.6429842710495 0.813995718955994 0.918960928916931 0.800252199172974 0.755748867988586 0.840282022953033 0.810497045516968 0.806670725345612 0.765940606594086 0.774210393428802 0.675864279270172 0.729996919631958 0.685916662216187
