data/climate_estimation/maxent_output/Paris_polyphylla.asc
NCOLS 565 
NROWS 238 
XLLCORNER 75.9166666666667 
YLLCORNER 15.75 
CELLSIZE 0.0833333333333333 
NODATA_value -3.4e+38 
[rows 140 to 159 of 238, columns 308 to 351 of 565]
0.696376800537109 0.197757586836815 0.224996522068977 0.276801884174347 0.43058830499649 0.529296517372131 0.354497671127319 0.540994703769684 0.526615023612976 0.555112659931183 0.718515813350677 0.728709936141968 0.666510283946991 0.592719197273254 0.555587232112885 0.606557130813599 0.670714616775513 0.52712494134903 0.503128230571747 0.510964274406433 0.503571093082428 0.442572116851807 0.445085436105728 0.493280351161957 0.532746970653534 0.620641052722931 0.632338464260101 0.699960350990295 0.739505767822266 0.760845422744751 0.738391399383545 0.716234862804413 0.704644024372101 0.685975193977356 0.703862309455872 0.728296518325806 0.786326825618744 0.766498208045959 0.738609075546265 0.757994055747986 0.752190113067627 0.746101438999176 0.757426381111145 0.744327783584595
0.772777557373047 0.423238009214401 0.148926511406898 0.313543915748596 0.434822469949722 0.488861858844757 0.343684196472168 0.458784550428391 0.681204438209534 0.57648241519928 0.573042213916779 0.649267375469208 0.670651197433472 0.615374863147736 0.645824670791626 0.598504781723022 0.50990879535675 0.564080119132996 0.559253811836243 0.441505521535873 0.457431823015213 0.608769595623016 0.620172441005707 0.652548611164093 0.584458708763123 0.610054969787598 0.627810120582581 0.63352507352829 0.676572740077972 0.718716502189636 0.754200875759125 0.729507982730865 0.713564574718475 0.721177935600281 0.737019121646881 0.755957782268524 0.793529093265533 0.811009466648102 0.821714222431183 0.867452442646027 0.861187934875488 0.859757125377655 0.800313591957092 0.787215411663055
0.725713908672333 0.729363083839417 0.368796825408936 0.216110572218895 0.265010893344879 0.431826114654541 0.736737906932831 0.472686886787415 0.674622237682343 0.687926709651947 0.565257251262665 0.623981416225433 0.703672885894775 0.600737154483795 0.520125448703766 0.448980450630188 0.492617338895798 0.596307754516602 0.697289764881134 0.489466428756714 0.429963111877441 0.80563622713089 0.845905303955078 0.829853355884552 0.735193490982056 0.683148801326752 0.613999664783478 0.63528972864151 0.6369269490242 0.680590450763702 0.701888203620911 0.715526103973389 0.738140940666199 0.740073680877686 0.742727756500244 0.78004115819931 0.756435394287109 0.758157312870026 0.780609250068665 0.858740508556366 0.867418587207794 0.848922491073608 0.857644021511078 0.845994412899017
0.670098602771759 0.771773278713226 0.627933084964752 0.348902463912964 0.127747863531113 0.298191249370575 0.690375208854675 0.678846657276154 0.497360229492188 0.654657423496246 0.613964974880219 0.548194468021393 0.57276463508606 0.580226182937622 0.462806731462479 0.46284556388855 0.545351803302765 0.516698658466339 0.532781898975372 0.492997586727142 0.432170629501343 0.589899837970734 0.849075973033905 0.885938048362732 0.839618146419525 0.714469254016876 0.678883016109467 0.657930612564087 0.664394795894623 0.653544306755066 0.713847279548645 0.758982062339783 0.784570693969727 0.757701396942139 0.79587858915329 0.827891111373901 0.827382564544678 0.743858993053436 0.750703155994415 0.7845179438591 0.812513053417206 0.808967053890228 0.846421539783478 0.84730851650238
0.522570550441742 0.695363223552704 0.703231453895569 0.587027966976166 0.40417468547821 0.207993477582932 0.370349645614624 0.594187617301941 0.645219922065735 0.576621770858765 0.675777971744537 0.623300194740295 0.694104373455048 0.590927064418793 0.557085812091827 0.665964961051941 0.768838167190552 0.764265596866608 0.520138502120972 0.451821208000183 0.445971369743347 0.454453080892563 0.820237815380096 0.824785470962524 0.841882050037384 0.830758035182953 0.7864630818367 0.708455443382263 0.668606519699097 0.645611464977264 0.718587577342987 0.807669281959534 0.81298154592514 0.774580419063568 0.802973926067352 0.784561097621918 0.786545932292938 0.819986820220947 0.775829315185547 0.741538345813751 0.755388855934143 0.733909726142883 0.756983876228333 0.8023282289505
0.567860186100006 0.588156998157501 0.666685402393341 0.637502372264862 0.661271512508392 0.705608248710632 0.435854911804199 0.375100404024124 0.521218836307526 0.664566040039062 0.769112646579742 0.83058762550354 0.789534091949463 0.75767982006073 0.677717983722687 0.792428851127625 0.803006231784821 0.832431256771088 0.704286575317383 0.542583465576172 0.427250295877457 0.423514008522034 0.814891159534454 0.828250229358673 0.837152600288391 0.87073427438736 0.850409984588623 0.837838649749756 0.809807777404785 0.726546943187714 0.685363113880157 0.763982474803925 0.814852356910706 0.807954728603363 0.764448404312134 0.776991546154022 0.792035460472107 0.80391800403595 0.804778099060059 0.788251757621765 0.790895938873291 0.794053196907043 0.781089425086975 0.745569050312042
0.61085718870163 0.590476095676422 0.636128067970276 0.787798881530762 0.817691266536713 0.832303524017334 0.717743694782257 0.632966279983521 0.422603785991669 0.400572508573532 0.399643093347549 0.594192206859589 0.681955814361572 0.763926863670349 0.685155093669891 0.739926815032959 0.526919305324554 0.825068175792694 0.792079091072083 0.850927710533142 0.519856572151184 0.416934818029404 0.683165550231934 0.790774166584015 0.830144822597504 0.857787728309631 0.867148876190186 0.908811151981354 0.902443885803223 0.828866541385651 0.791672170162201 0.711602628231049 0.780521214008331 0.817007184028625 0.816040933132172 0.803429543972015 0.801626145839691 0.808653235435486 0.801447153091431 0.740637362003326 0.780744552612305 0.820965528488159 0.84810996055603 0.815942704677582
0.614458322525024 0.556505858898163 0.606469571590424 0.672514081001282 0.765707194805145 0.849784255027771 0.779988706111908 0.814282715320587 0.811587035655975 0.616735816001892 0.519985675811768 0.387542843818665 0.387000292539597 0.412859499454498 0.365019619464874 0.472674936056137 0.500720024108887 0.697204530239105 0.814718306064606 0.89480996131897 0.787363588809967 0.692512452602386 0.741723477840424 0.799058437347412 0.78928005695343 0.799484968185425 0.813628852367401 0.873394548892975 0.86711174249649 0.852105021476746 0.848500072956085 0.810603559017181 0.754956126213074 0.776424050331116 0.795821487903595 0.772204458713531 0.753529369831085 0.733172118663788 0.696016609668732 0.626818358898163 0.64875727891922 0.752099096775055 0.844805836677551 0.838431775569916
0.548843026161194 0.600643813610077 0.600529611110687 0.573565721511841 0.779480874538422 0.843732476234436 0.825940430164337 0.835668981075287 0.821073293685913 0.792485177516937 0.792772471904755 0.745937585830688 0.760021984577179 0.521992623806 0.418162167072296 0.345576167106628 0.38469398021698 0.661728918552399 0.798236489295959 0.833640098571777 0.787701785564423 0.765171945095062 0.81515234708786 0.776348829269409 0.798411786556244 0.778412699699402 0.814863622188568 0.803856253623962 0.835544407367706 0.857574582099915 0.847924172878265 0.827790200710297 0.789144694805145 0.795458257198334 0.734829068183899 0.794175863265991 0.764724493026733 0.766027510166168 0.792133986949921 0.652498066425323 0.616093814373016 0.629851818084717 0.757772088050842 0.815592885017395
0.557928621768951 0.528100490570068 0.587948799133301 0.584882736206055 0.672760844230652 0.788168549537659 0.782742440700531 0.827389121055603 0.78399932384491 0.688180923461914 0.65717226266861 0.652642011642456 0.708654046058655 0.663816869258881 0.708147048950195 0.551772177219391 0.529212772846222 0.414506554603577 0.510924398899078 0.520998418331146 0.622142553329468 0.717544913291931 0.78354024887085 0.80308073759079 0.79475200176239 0.67409348487854 0.828919649124146 0.831335961818695 0.744472503662109 0.815273880958557 0.850677967071533 0.823746681213379 0.792275547981262 0.802404642105103 0.706357777118683 0.747864007949829 0.811371982097626 0.748113811016083 0.882110059261322 0.727813363075256 0.715113341808319 0.674627065658569 0.634024679660797 0.689140379428864
0.730823576450348 0.610229313373566 0.569958388805389 0.694326460361481 0.778796792030334 0.716302096843719 0.76088672876358 0.74062842130661 0.782965362071991 0.80330228805542 0.794220566749573 0.628137290477753 0.596476376056671 0.542807042598724 0.750719785690308 0.861570715904236 0.835997104644775 0.640147805213928 0.545022964477539 0.495570510625839 0.457289695739746 0.521061480045319 0.613355040550232 0.83626115322113 0.805037140846252 0.685888230800629 0.75022953748703 0.809796690940857 0.683289468288422 0.847016572952271 0.853363811969757 0.832529664039612 0.805489242076874 0.763541221618652 0.769421279430389 0.690390527248383 0.701673865318298 0.702305376529694 0.780371069908142 0.7042356133461 0.659784436225891 0.659187614917755 0.792499959468842 0.62294465303421
0.664122104644775 0.598347663879395 0.662062466144562 0.720611691474915 0.743547141551971 0.821483492851257 0.813148379325867 0.839828789234161 0.811919987201691 0.768741965293884 0.799626648426056 0.771693825721741 0.611480057239532 0.633894920349121 0.493882417678833 0.74757581949234 0.807601451873779 0.800737082958221 0.747978329658508 0.661969184875488 0.560140907764435 0.522116780281067 0.46330726146698 0.589573502540588 0.760527491569519 0.779409229755402 0.575782597064972 0.64770632982254 0.711692333221436 0.851116240024567 0.831816375255585 0.795145630836487 0.801533699035645 0.770444810390472 0.786437094211578 0.829372823238373 0.797284662723541 0.767093181610107 0.615452527999878 0.614794850349426 0.606547117233276 0.652394890785217 0.761102318763733 0.659510791301727
0.61065411567688 0.664205312728882 0.656287431716919 0.69236546754837 0.616359889507294 0.773751199245453 0.759240746498108 0.798191606998444 0.857800781726837 0.675351798534393 0.605301439762115 0.776171684265137 0.750078141689301 0.593583285808563 0.487686663866043 0.589177668094635 0.635186731815338 0.740221738815308 0.581446051597595 0.782139539718628 0.815591096878052 0.681897044181824 0.5948646068573 0.471204221248627 0.596840918064117 0.800958454608917 0.729278922080994 0.561567962169647 0.708670854568481 0.821250081062317 0.744617998600006 0.751630902290344 0.736481070518494 0.808874189853668 0.767151474952698 0.735926270484924 0.726224958896637 0.758665800094604 0.723717987537384 0.614934802055359 0.574336469173431 0.578437089920044 0.627242743968964 0.656012356281281
0.651494264602661 0.757016658782959 0.667902827262878 0.661758720874786 0.670972645282745 0.690376281738281 0.765700936317444 0.614454925060272 0.627907872200012 0.606392860412598 0.761472761631012 0.699010133743286 0.559963762760162 0.498882800340652 0.576149761676788 0.518428921699524 0.578757643699646 0.7495938539505 0.543353796005249 0.69654780626297 0.805751800537109 0.832209050655365 0.771452009677887 0.643667459487915 0.504929721355438 0.567882180213928 0.714743793010712 0.579665422439575 0.796073853969574 0.697881817817688 0.727126240730286 0.737940669059753 0.707523286342621 0.768447041511536 0.749838829040527 0.735041081905365 0.642126679420471 0.761365294456482 0.837393820285797 0.739443838596344 0.591803133487701 0.580072104930878 0.589216589927673 0.573743522167206
0.638654172420502 0.730875730514526 0.740629971027374 0.746218919754028 0.793625593185425 0.584251463413239 0.705426394939423 0.673124551773071 0.693706810474396 0.665998816490173 0.655456125736237 0.793009042739868 0.777592480182648 0.686593890190125 0.620622336864471 0.53008496761322 0.430950284004211 0.466456830501556 0.497487097978592 0.590983152389526 0.593721628189087 0.771518886089325 0.89134156703949 0.652497828006744 0.716203391551971 0.523006498813629 0.583603084087372 0.585387647151947 0.661829888820648 0.667039334774017 0.678713262081146 0.626732349395752 0.668531954288483 0.649425089359283 0.659975707530975 0.655796587467194 0.684742093086243 0.608112096786499 0.728038370609283 0.654859960079193 0.572839498519897 0.5691938996315 0.616059184074402 0.598980903625488
0.712328493595123 0.683889627456665 0.730137407779694 0.814012825489044 0.808650553226471 0.6779825091362 0.540845274925232 0.55701220035553 0.611847341060638 0.548259973526001 0.595782458782196 0.665860712528229 0.616688847541809 0.668809771537781 0.880490720272064 0.841284513473511 0.656117022037506 0.500655293464661 0.430406630039215 0.447834759950638 0.566877424716949 0.613322257995605 0.860404670238495 0.855640947818756 0.856273889541626 0.77873170375824 0.537174165248871 0.568758189678192 0.560632526874542 0.590467751026154 0.700607657432556 0.681794881820679 0.71775221824646 0.715969324111938 0.641298592090607 0.729160189628601 0.7330362200737 0.639239072799683 0.725833117961884 0.60658472776413 0.566964089870453 0.574245452880859 0.581035792827606 0.586679995059967
0.719496071338654 0.752056837081909 0.757139086723328 0.807976841926575 0.817170739173889 0.776775598526001 0.643518567085266 0.569778800010681 0.566478371620178 0.549267947673798 0.499452501535416 0.461277306079865 0.474394261837006 0.742332756519318 0.827319324016571 0.730766773223877 0.615602612495422 0.525079309940338 0.554042935371399 0.50890189409256 0.467825263738632 0.495359122753143 0.647936046123505 0.817854285240173 0.835993707180023 0.616168141365051 0.642147481441498 0.549161314964294 0.52024120092392 0.530524373054504 0.659396648406982 0.625246167182922 0.69117546081543 0.696032345294952 0.656146705150604 0.574055552482605 0.696783602237701 0.572235703468323 0.609334528446198 0.587258577346802 0.573556244373322 0.570014953613281 0.594986259937286 0.577971339225769
0.750472664833069 0.721482574939728 0.7718226313591 0.752101063728333 0.773054659366608 0.782096266746521 0.686725854873657 0.647085309028625 0.678191959857941 0.580752193927765 0.568455994129181 0.61491459608078 0.425462335348129 0.538112103939056 0.624379634857178 0.674040019512177 0.756327211856842 0.743519723415375 0.542226493358612 0.481300801038742 0.511440932750702 0.595314025878906 0.571724832057953 0.892068982124329 0.89875340461731 0.783300757408142 0.767142355442047 0.635857403278351 0.528001725673676 0.524028122425079 0.534579992294312 0.578274369239807 0.627308785915375 0.633132636547089 0.614774584770203 0.565252542495728 0.579724073410034 0.603420913219452 0.612201452255249 0.580301523208618 0.576147258281708 0.573878943920135 0.583919286727905 0.561977565288544
0.763893246650696 0.785071730613708 0.725760757923126 0.802656829357147 0.728398203849792 0.684106171131134 0.779089748859406 0.735030174255371 0.602756083011627 0.481761008501053 0.598061621189117 0.50811767578125 0.594803214073181 0.520142495632172 0.429235994815826 0.43849191069603 0.534338772296906 0.684360027313232 0.513894259929657 0.606551110744476 0.480570644140244 0.534647166728973 0.612523674964905 0.660871982574463 0.85574859380722 0.86998188495636 0.89924943447113 0.795724868774414 0.63904744386673 0.551396310329437 0.488705396652222 0.499489903450012 0.550262749195099 0.584763944149017 0.575534820556641 0.579878926277161 0.578726589679718 0.583368480205536 0.590968430042267 0.595418453216553 0.590326428413391 0.564878880977631 0.556280791759491 0.578053832054138
0.741206347942352 0.763462901115417 0.648228764533997 0.809562683105469 0.798113107681274 0.685130000114441 0.748613774776459 0.831862390041351 0.727965950965881 0.536735892295837 0.502353131771088 0.537181198596954 0.635326087474823 0.627925336360931 0.528258740901947 0.544154047966003 0.525241553783417 0.502595186233521 0.447958141565323 0.614853084087372 0.551341772079468 0.436289668083191 0.662428259849548 0.65083783864975 0.539545953273773 0.78639543056488 0.923255801200867 0.838623583316803 0.66869705915451 0.605612993240356 0.496242165565491 0.490725040435791 0.515651941299438 0.548568069934845 0.465284317731857 0.579550206661224 0.571790039539337 0.569815397262573 0.584600329399109 0.573760151863098 0.576740205287933 0.579505383968353 0.569541871547699 0.543088912963867
