data/climate_estimation/maxent_output/Paris_mairei.asc
NCOLS 183 
NROWS 70 
XLLCORNER 87.4166666666667 
YLLCORNER 24.4166666666667 
CELLSIZE 0.0833333333333333 
NODATA_value -3.4e+38 
[rows 19 to 37 of 70, columns 86 to 128 of 183]
0.109067261219025 0.297864496707916 0.27183523774147 0.195635303854942 0.130923703312874 0.0191291831433773 0.246608704328537 0.552762269973755 0.476818144321442 0.928679049015045 0.71368008852005 0.865928292274475 0.844061374664307 0.45015013217926 0.340789347887039 0.140964701771736 0.311669498682022 0.554414987564087 0.848675608634949 0.902033865451813 0.939601957798004 0.928926110267639 0.882143676280975 0.876884400844574 0.860153317451477 0.790536046028137 0.895297765731812 0.802393794059753 0.93842089176178 0.924887120723724 0.930371642112732 0.85026741027832 0.927266597747803 0.912193655967712 0.912138104438782 0.772871494293213 0.652900457382202 0.597208082675934 0.690435469150543 0.583221912384033 0.637189328670502 0.543113052845001 0.507453918457031
0.040195818990469 0.273595541715622 0.425535649061203 0.442012250423431 0.403306603431702 0.0423760712146759 0.0655121132731438 0.0778067633509636 0.581664383411407 0.927750945091248 0.911409318447113 0.646455943584442 0.240030691027641 0.180162817239761 0.0990682244300842 0.237580955028534 0.93315064907074 0.944700002670288 0.929660975933075 0.927990019321442 0.93052750825882 0.891853809356689 0.848685562610626 0.939180016517639 0.904055893421173 0.906993865966797 0.890960574150085 0.916487395763397 0.720761001110077 0.849396705627441 0.928905367851257 0.927657067775726 0.909557998180389 0.823854804039001 0.683410048484802 0.655082106590271 0.591614544391632 0.598544120788574 0.51506769657135 0.646099627017975 0.642123997211456 0.731115937232971 0.668045401573181
0.0556513927876949 0.074897013604641 0.170226782560349 0.0414635725319386 0.273624360561371 0.0820753797888756 0.0445941314101219 0.0590825378894806 0.296472460031509 0.663963317871094 0.515285015106201 0.505201935768127 0.585403859615326 0.274279206991196 0.0807048678398132 0.119559288024902 0.81385338306427 0.882489383220673 0.944520950317383 0.926309168338776 0.945649862289429 0.912155270576477 0.937142729759216 0.951331615447998 0.928963899612427 0.944575786590576 0.939461350440979 0.885528564453125 0.942253410816193 0.4144546687603 0.94169157743454 0.843285083770752 0.88584303855896 0.817387700080872 0.729738712310791 0.771672546863556 0.755595207214355 0.696672439575195 0.649233400821686 0.809081256389618 0.832620978355408 0.672664105892181 0.801017880439758
0.0492519177496433 0.0246938113123178 0.117097161710262 0.0534606911242008 0.0397137552499771 0.0195916146039963 0.0825243219733238 0.0726012885570526 0.141895860433578 0.339935898780823 0.091383196413517 0.169511064887047 0.150775000452995 0.116919718682766 0.0820432230830193 0.152855545282364 0.118830896914005 0.763140082359314 0.749510526657104 0.822237551212311 0.941096127033234 0.94200074672699 0.954831600189209 0.921392798423767 0.806843638420105 0.949469804763794 0.920337021350861 0.899534344673157 0.951396226882935 0.510028481483459 0.94779497385025 0.931674897670746 0.875566959381104 0.845237374305725 0.651533424854279 0.800820350646973 0.910462439060211 0.842256307601929 0.756607890129089 0.798613309860229 0.784400582313538 0.894961357116699 0.818603754043579
0.0270434897392988 0.0123522141948342 0.0239121355116367 0.0226832684129477 0.0103551615029573 0.0269253570586443 0.0863903015851974 0.0320661850273609 0.352224558591843 0.477055221796036 0.193772956728935 0.0294538233429193 0.0111142238602042 0.00527161778882146 0.0683743804693222 0.556499660015106 0.224633380770683 0.112797282636166 0.346203088760376 0.93888932466507 0.952653884887695 0.953862965106964 0.884836375713348 0.473560780286789 0.788800954818726 0.956004738807678 0.939825236797333 0.949094176292419 0.932798981666565 0.614162504673004 0.940195202827454 0.897342383861542 0.904769957065582 0.82238233089447 0.747129797935486 0.862674951553345 0.933087885379791 0.898231267929077 0.875867307186127 0.897354185581207 0.815158069133759 0.863697111606598 0.907857954502106
0.0120488619431853 0.00864697154611349 0.00575718563050032 0.00739345513284206 0.0253729000687599 0.0191770810633898 0.132610350847244 0.0119914775714278 0.12272434681654 0.0245681144297123 0.0133242094889283 0.00360297644510865 0.0022055811714381 0.00240134773775935 0.0140420906245708 0.133187547326088 0.758534610271454 0.68509715795517 0.553797900676727 0.92042475938797 0.896764278411865 0.922731459140778 0.582809686660767 0.287088423967361 0.855288207530975 0.780388414859772 0.959172248840332 0.93771767616272 0.959135472774506 0.531485021114349 0.960011541843414 0.924852550029755 0.881825506687164 0.806836128234863 0.900996148586273 0.923310875892639 0.942637145519257 0.941198468208313 0.933274984359741 0.910830020904541 0.916860342025757 0.876073181629181 0.891765475273132
0.0239463727921247 0.0163637939840555 0.00703696347773075 0.021194014698267 0.0816588327288628 0.0218394324183464 0.0120960595086217 0.0415020473301411 0.00259078200906515 0.000886153837200254 0.000962330203037709 0.00151360128074884 0.00201080669648945 0.00260929926298559 0.00370812322944403 0.0136158773675561 0.0754371732473373 0.133934050798416 0.163241505622864 0.425835102796555 0.454873919487 0.88386195898056 0.451136201620102 0.110359586775303 0.298332720994949 0.869259774684906 0.958621203899384 0.959239542484283 0.89938747882843 0.457910865545273 0.950098276138306 0.951151967048645 0.890890061855316 0.912630975246429 0.948374152183533 0.95046865940094 0.94147801399231 0.750774025917053 0.93769371509552 0.936772584915161 0.922882080078125 0.916533827781677 0.909837126731873
0.0440925993025303 0.0222161337733269 0.0262990985065699 0.0411558859050274 0.0495996624231339 0.144454151391983 0.0736185535788536 0.0193489734083414 0.00158007070422173 0.000898693106137216 0.00116622087080032 0.00173280155286193 0.00236157211475074 0.00305777578614652 0.00363367167301476 0.00446825614199042 0.00630506407469511 0.00823249388486147 0.0110197570174932 0.0772391632199287 0.104338377714157 0.287545621395111 0.0497305579483509 0.175162449479103 0.163850158452988 0.841439306735992 0.796767175197601 0.967469990253448 0.448914378881454 0.947375595569611 0.948789596557617 0.89110141992569 0.852152645587921 0.907006144523621 0.944674670696259 0.582321524620056 0.557796955108643 0.744716644287109 0.94151359796524 0.934898555278778 0.94120317697525 0.934011578559875 0.932640969753265
0.0311061851680279 0.0311916172504425 0.101748578250408 0.0480651333928108 0.00753352278843522 0.00950496178120375 0.00560156954452395 0.00233647902496159 0.00153396872337908 0.00149456493090838 0.00190121552441269 0.0024943936150521 0.00317351194098592 0.00377416051924229 0.00412905821576715 0.00441669439896941 0.00474708247929811 0.00470944214612246 0.00500059733167291 0.0068107470870018 0.0556498542428017 0.0497252270579338 0.159600496292114 0.496511697769165 0.276546001434326 0.18850839138031 0.3944993019104 0.934844017028809 0.328467965126038 0.939328372478485 0.951387465000153 0.950374066829681 0.954582750797272 0.931770861148834 0.955228328704834 0.923550009727478 0.456711977720261 0.685720562934875 0.950159728527069 0.942449569702148 0.870009541511536 0.851512730121613 0.931446731090546
0.0886456370353699 0.0366627350449562 0.0158182103186846 0.00774599565193057 0.00602526869624853 0.00430655898526311 0.00342425517737865 0.00216182926669717 0.00193791626952589 0.00207251287065446 0.0026755747385323 0.00347190513275564 0.00436923466622829 0.00468346150591969 0.00493582850322127 0.00489639304578304 0.00452272407710552 0.00477066356688738 0.00459069339558482 0.00477991439402103 0.00551797403022647 0.0242415219545364 0.073576882481575 0.215926960110664 0.716297447681427 0.903357326984406 0.262428551912308 0.308188647031784 0.363655626773834 0.935193181037903 0.97094851732254 0.932101666927338 0.961398363113403 0.959901809692383 0.70411217212677 0.855604231357574 0.661587417125702 0.20518970489502 0.416192680597305 0.708963751792908 0.47407728433609 0.71702915430069 0.722085118293762
0.0253150518983603 0.030621686950326 0.0176010131835938 0.00612762803211808 0.00441152928397059 0.00288333720527589 0.00232961354777217 0.00232647429220378 0.00236821593716741 0.00260121654719114 0.00299030332826078 0.00379667733795941 0.00448691193014383 0.00484904367476702 0.0053150337189436 0.00542427552863955 0.00515282759442925 0.00497711030766368 0.00467126397415996 0.0049973176792264 0.00541302608326077 0.0409417226910591 0.3013975918293 0.770083129405975 0.823873817920685 0.953186273574829 0.602084636688232 0.978533565998077 0.918343007564545 0.802886247634888 0.90724915266037 0.454233437776566 0.481232196092606 0.462502300739288 0.473977714776993 0.432420939207077 0.751566350460052 0.496287554502487 0.151915863156319 0.385669440031052 0.460669726133347 0.417076140642166 0.489436060190201
0.00987629406154156 0.00636393344029784 0.00460703391581774 0.00274162483401597 0.00241440674290061 0.0024145757779479 0.00253775273449719 0.00237423088401556 0.00261894706636667 0.00294376187957823 0.00312658306211233 0.00322841550223529 0.00395818427205086 0.00473254173994064 0.00515091605484486 0.00552138080820441 0.0062293796800077 0.00595852918922901 0.00591493863612413 0.00525351241230965 0.00670186569914222 0.0579948164522648 0.0775048285722733 0.310567736625671 0.581791043281555 0.963595986366272 0.961608648300171 0.969766318798065 0.975603997707367 0.935486733913422 0.834651172161102 0.137553319334984 0.0737193152308464 0.0446612648665905 0.0934104323387146 0.561647772789001 0.193533003330231 0.171364799141884 0.227795705199242 0.172100365161896 0.203622460365295 0.206098601222038 0.200311720371246
0.00436122715473175 0.00295289722271264 0.0026824523229152 0.00258120731450617 0.00251968717202544 0.00246340897865593 0.00233460357412696 0.00250206049531698 0.00246217148378491 0.00265996716916561 0.00274725747294724 0.0032793446443975 0.0039235264994204 0.00415418250486255 0.00473884725943208 0.00529786199331284 0.00531566748395562 0.00673953024670482 0.00995667278766632 0.00920696835964918 0.00861314032226801 0.0739593952894211 0.320666581392288 0.614103138446808 0.853557348251343 0.94406270980835 0.981086194515228 0.98187255859375 0.929145395755768 0.304146558046341 0.433975160121918 0.186614096164703 0.0224827602505684 0.00884804222732782 0.0779753625392914 0.269463181495667 0.0719239562749863 0.0296130906790495 0.0641798377037048 0.0656259283423424 0.162738353013992 0.163311332464218 0.44439423084259
0.0029249913059175 0.00278002745471895 0.00266727339476347 0.00253276480361819 0.00250811805017292 0.00233671558089554 0.00241651618853211 0.00239796773530543 0.00237451517023146 0.00235125771723688 0.00265368539839983 0.00275398278608918 0.00354312360286713 0.00402293587103486 0.00459131365641952 0.00471374858170748 0.00481053907424212 0.00458905100822449 0.00568180764093995 0.0084776608273387 0.00766866467893124 0.00815428420901299 0.0181257128715515 0.0187171939760447 0.0909815952181816 0.305299133062363 0.573244154453278 0.84984278678894 0.712583780288696 0.226178392767906 0.0696489885449409 0.0517575033009052 0.0126886097714305 0.00317056477069855 0.00831269659101963 0.0742425993084908 0.154193669557571 0.0322930887341499 0.0155911231413484 0.0797797366976738 0.0436716638505459 0.177182376384735 0.275995939970016
0.00293460860848427 0.00304772146046162 0.00282603432424366 0.00277494452893734 0.00256641651503742 0.00230647926218808 0.00229266448877752 0.00246607745066285 0.00241386354900897 0.00241925660520792 0.00244165351614356 0.00275857141241431 0.00362701923586428 0.00409559858962893 0.0043581984937191 0.00460045132786036 0.00458398927003145 0.00442784000188112 0.00449377717450261 0.00676934700459242 0.0200242754071951 0.0259426850825548 0.0219288561493158 0.029158066958189 0.026803569868207 0.0635240077972412 0.413635343313217 0.873475134372711 0.823618829250336 0.549276828765869 0.148177310824394 0.0411513708531857 0.00575947668403387 0.00196406152099371 0.00246455287560821 0.0117971701547503 0.0686833411455154 0.0755769535899162 0.0299841593950987 0.0183678567409515 0.0302000120282173 0.224343776702881 0.213890239596367
0.00345703610219061 0.00337083498016 0.00284408498555422 0.0025838038418442 0.00254258653149009 0.00234683859162033 0.00240105437114835 0.00229626521468163 0.00243463413789868 0.00253418600186706 0.00263673975132406 0.00326051074080169 0.00407123379409313 0.00420671049505472 0.00404960988089442 0.00409081997349858 0.00451387371867895 0.00599855836480856 0.00529034622013569 0.00799113884568214 0.0189710669219494 0.0563279427587986 0.04596296697855 0.083867996931076 0.191528797149658 0.219405725598335 0.0697836130857468 0.226084724068642 0.927051067352295 0.335725456476212 0.0467510521411896 0.0514430738985538 0.0108538614585996 0.00174950028304011 0.00182615907397121 0.00243493868038058 0.00931914430111647 0.0286141093820333 0.134040057659149 0.0232457295060158 0.0254771765321493 0.163478940725327 0.213604956865311
0.0035652972292155 0.00338166067376733 0.00303547899238765 0.00269576674327254 0.0025697024539113 0.00239209388382733 0.00246665789745748 0.00248232134617865 0.00234722951427102 0.00247448007576168 0.00280515174381435 0.00323918438516557 0.00350946327671409 0.00423383107408881 0.00492682075127959 0.00536274025216699 0.00649622734636068 0.00526904966682196 0.00724743818864226 0.0127143980935216 0.0140804583206773 0.0225708466023207 0.0424299091100693 0.150340974330902 0.239058151841164 0.0723208785057068 0.0512433312833309 0.0626234859228134 0.344609022140503 0.926082253456116 0.29570409655571 0.0276393890380859 0.0167055167257786 0.00365264853462577 0.00216733431443572 0.00242544012144208 0.00388692715205252 0.00798863358795643 0.0278256312012672 0.0223319418728352 0.161691695451736 0.183063700795174 0.47991269826889
0.00376997119747102 0.00361696002073586 0.00330410758033395 0.00300270575098693 0.00266961310990155 0.00264968140982091 0.00254551507532597 0.00254743336699903 0.00257044425234199 0.00268383650109172 0.00317728077061474 0.00569138024002314 0.00649008527398109 0.00897860992699862 0.00980186369270086 0.00787223037332296 0.0123756444081664 0.053419217467308 0.0224470868706703 0.0270124636590481 0.0176943093538284 0.0196384228765965 0.0716478824615479 0.116128347814083 0.226478427648544 0.0392356887459755 0.0299168806523085 0.191956430673599 0.0759658440947533 0.298204481601715 0.682421088218689 0.0757069736719131 0.0216415487229824 0.0120334792882204 0.00417003966867924 0.00274661951698363 0.00348438834771514 0.00654572481289506 0.0134543692693114 0.0197941437363625 0.198231875896454 0.495015919208527 0.840543925762177
0.00417514611035585 0.00394351361319423 0.00373682798817754 0.0032321373000741 0.00298264157027006 0.00281412829644978 0.00268081086687744 0.00251770368777215 0.00263889017514884 0.00346608110703528 0.00470406142994761 0.0127570815384388 0.0204753018915653 0.0162167530506849 0.0190375484526157 0.042399350553751 0.0457620546221733 0.0472506582736969 0.0322429910302162 0.0168469492346048 0.0150062562897801 0.00963729340583086 0.015470577403903 0.0102664502337575 0.0244387593120337 0.0307934526354074 0.0736097395420074 0.0680191665887833 0.145125389099121 0.316278576850891 0.709713399410248 0.479371160268784 0.208578556776047 0.0455480851233006 0.0111696124076843 0.00418496038764715 0.00436638807877898 0.00440938957035542 0.00979679264128208 0.0174430664628744 0.0624893456697464 0.23217186331749 0.85166871547699
