data/climate_estimation/maxent_output/Paris_thibetica.asc
NCOLS 410 
NROWS 86 
XLLCORNER 84.5 
YLLCORNER 25.4166666666667 
CELLSIZE 0.0833333333333333 
NODATA_value -3.4e+38 
[rows 60 to 79 of 86, columns 0 to 43 of 410]
0.0109586613252759 0.0108192302286625 0.0108849685639143 0.0181208644062281 0.0335648842155933 0.140900120139122 0.213335156440735 0.493845254182816 0.496211022138596 0.586898386478424 0.786779224872589 0.882432997226715 0.499018102884293 0.26202991604805 0.203039467334747 0.139616429805756 0.42200979590416 0.917241275310516 0.478818148374557 0.376811891794205 0.861889243125916 0.941921651363373 0.778283774852753 0.994291365146637 0.990702569484711 0.979721486568451 0.685313105583191 0.854347825050354 0.869259774684906 0.992648482322693 0.754493594169617 0.687650203704834 0.193188652396202 0.273856461048126 0.775706470012665 0.994099676609039 0.995288372039795 0.9327152967453 0.993520200252533 0.80614823102951 0.988211393356323 0.824402749538422 0.178520038723946 0.207657411694527
0.0303700566291809 0.028334204107523 0.0226321499794722 0.0239407010376453 0.0207749828696251 0.0271567106246948 0.0438194833695889 0.164484024047852 0.294609755277634 0.165467202663422 0.315182864665985 0.482940465211868 0.725920617580414 0.556717693805695 0.361286133527756 0.106489963829517 0.289301842451096 0.277557641267776 0.218223303556442 0.169656038284302 0.663970708847046 0.496142208576202 0.987714290618896 0.992339789867401 0.955321550369263 0.855431079864502 0.210877567529678 0.713910102844238 0.976714789867401 0.979495406150818 0.339277684688568 0.057735413312912 0.228194713592529 0.131850928068161 0.386334359645844 0.990742325782776 0.927554249763489 0.408551156520844 0.334939867258072 0.937223613262177 0.94337260723114 0.979687333106995 0.776143550872803 0.861188113689423
0.017337379977107 0.0152455093339086 0.0151596544310451 0.0158902872353792 0.0257570091634989 0.0335626341402531 0.0249556712806225 0.0230391509830952 0.0248796567320824 0.0212682522833347 0.0228325463831425 0.0260851942002773 0.0664416626095772 0.102182470262051 0.235442042350769 0.387542426586151 0.174178510904312 0.0571447238326073 0.0735508427023888 0.209556758403778 0.122209921479225 0.613513112068176 0.890162110328674 0.576744616031647 0.95257294178009 0.318164497613907 0.235841900110245 0.472294628620148 0.776859164237976 0.83242654800415 0.280248910188675 0.0409300290048122 0.0191995855420828 0.0307531543076038 0.373248130083084 0.934439718723297 0.255687743425369 0.0700810104608536 0.410889357328415 0.526142776012421 0.2120001912117 0.922901451587677 0.996417999267578 0.992619514465332
0.00816520024091005 0.00880318880081177 0.0102487234398723 0.011304946616292 0.0136769879609346 0.0168186817318201 0.016502071171999 0.0203027836978436 0.0162393730133772 0.0198995005339384 0.014696404337883 0.0135905826464295 0.022565271705389 0.0225339978933334 0.0368724316358566 0.076127253472805 0.084500826895237 0.165533229708672 0.0701392441987991 0.147486835718155 0.0985539257526398 0.217220231890678 0.476935833692551 0.18173049390316 0.24974063038826 0.0785515755414963 0.0641723126173019 0.405449986457825 0.635075390338898 0.891895651817322 0.764877557754517 0.0794344320893288 0.00758881540969014 0.0303077343851328 0.201178297400475 0.683979094028473 0.76887309551239 0.20511157810688 0.0475756153464317 0.0756269693374634 0.0970096960663795 0.553072273731232 0.970598042011261 0.604891180992126
0.00761040113866329 0.00827138125896454 0.00821930635720491 0.00886682607233524 0.00907216034829617 0.0103330565616488 0.010207511484623 0.00919917225837708 0.0113098081201315 0.0150140421465039 0.0184770431369543 0.0117195025086403 0.00856282282620668 0.0107242409139872 0.0134336361661553 0.0194612592458725 0.0297381859272718 0.051450677216053 0.15751326084137 0.165270030498505 0.131829619407654 0.179225906729698 0.0563708059489727 0.121138200163841 0.0666410252451897 0.0946398377418518 0.179075479507446 0.205574989318848 0.562777638435364 0.423012256622314 0.579220235347748 0.268281668424606 0.0312808826565742 0.0377206243574619 0.324400126934052 0.777987658977509 0.299861818552017 0.0886232703924179 0.0224864650517702 0.0706878155469894 0.288260966539383 0.797435283660889 0.982852935791016 0.853892624378204
0.00766759365797043 0.0076881879940629 0.0083796251565218 0.00836312957108021 0.00762988766655326 0.0082523450255394 0.00838195811957121 0.008096176199615 0.00722614722326398 0.0071253483183682 0.00703097833320498 0.00750233558937907 0.011026063002646 0.0108541762456298 0.0134673127904534 0.0194380562752485 0.0279526002705097 0.0280100181698799 0.0299862567335367 0.0392444655299187 0.164500847458839 0.440857499837875 0.116658851504326 0.0329897217452526 0.0453230813145638 0.0510077886283398 0.0276594441384077 0.178820550441742 0.722606301307678 0.413682252168655 0.0610154420137405 0.0684747397899628 0.0185469314455986 0.010801482014358 0.354334473609924 0.168050721287727 0.0377843417227268 0.0177198946475983 0.014535398222506 0.121614404022694 0.576234638690948 0.941157817840576 0.963890612125397 0.212054565548897
0.007078520487994 0.00776359997689724 0.00779431173577905 0.00772765278816223 0.00777830602601171 0.007064298260957 0.00752166518941522 0.00704540405422449 0.00684076361358166 0.00673182448372245 0.00603621639311314 0.00598387699574232 0.00650052540004253 0.00667947297915816 0.0084506394341588 0.00933057814836502 0.0115834157913923 0.0158507451415062 0.0145209701731801 0.018120588734746 0.0193704552948475 0.0507986918091774 0.0416163839399815 0.0870465934276581 0.186746969819069 0.441721320152283 0.0366243347525597 0.0832072794437408 0.151990130543709 0.46372002363205 0.204244256019592 0.0385340228676796 0.0189308170229197 0.117947310209274 0.168272227048874 0.0608483515679836 0.00959210377186537 0.0321345888078213 0.127820238471031 0.463670611381531 0.663184583187103 0.403930723667145 0.840814590454102 0.430896073579788
0.00778383295983076 0.00858224742114544 0.00784983299672604 0.00786444265395403 0.00777971325442195 0.00702950544655323 0.00759017001837492 0.00751150539144874 0.00636844476684928 0.00629991898313165 0.00611801305785775 0.00610093027353287 0.00632966589182615 0.0175077933818102 0.0187676064670086 0.0184360798448324 0.00769836967810988 0.00831239484250546 0.00857008155435324 0.00792222190648317 0.00786564592272043 0.00666296062991023 0.0083789424970746 0.0142511492595077 0.0724908709526062 0.184205010533333 0.119363896548748 0.0417221747338772 0.11614415794611 0.107985518872738 0.0544422715902328 0.0140345925465226 0.017565194517374 0.0234133452177048 0.0134811652824283 0.0119296526536345 0.0161900706589222 0.109104044735432 0.17071259021759 0.0320693105459213 0.0973096340894699 0.0477622412145138 0.224292322993279 0.305024355649948
0.00792146567255259 0.00864040572196245 0.00859184935688972 0.00861576944589615 0.00851662736386061 0.00846905913203955 0.00840337760746479 0.00754397409036756 0.00737209478393197 0.00667920708656311 0.00657660514116287 0.00708267046138644 0.00696652941405773 0.0193535909056664 0.0191989373415709 0.0188292525708675 0.00656664837151766 0.00710837123915553 0.00653677526861429 0.00560669135302305 0.00679690483957529 0.00925176683813334 0.0114444857463241 0.0122339576482773 0.0189220551401377 0.0161704048514366 0.028206979855895 0.0145537918433547 0.00971278548240662 0.0100884037092328 0.00991688203066587 0.00971880555152893 0.0129189183935523 0.0236381106078625 0.0748857855796814 0.0747904181480408 0.131216749548912 0.100231319665909 0.0644116103649139 0.0122197344899178 0.0162337832152843 0.0179821997880936 0.0534342862665653 0.0627163946628571
0.00798592157661915 0.00802160054445267 0.00792295392602682 0.00865647289901972 0.00857904367148876 0.00855321902781725 0.00840452313423157 0.00823609344661236 0.0080953873693943 0.00801643822342157 0.00784925650805235 0.00781775265932083 0.0200324151664972 0.019638953730464 0.0210427846759558 0.0207170117646456 0.0188086200505495 0.0169708151370287 0.00649428321048617 0.00659811357036233 0.00613766862079501 0.00610367394983768 0.00625385018065572 0.00666100112721324 0.00604095915332437 0.00642546266317368 0.00586033333092928 0.005105075892061 0.00387819320894778 0.00410810252651572 0.00338324438780546 0.00275478605180979 0.0043119490146637 0.00652896007522941 0.0122464979067445 0.0143039915710688 0.0135648045688868 0.00970162823796272 0.00553678162395954 0.00349886273033917 0.0035679885186255 0.00565308751538396 0.00856278650462627 0.0119703663513064
0.00810901634395123 0.00805841293185949 0.00800825376063585 0.00872005894780159 0.00866928789764643 0.00860940292477608 0.0084452060982585 0.00903476495295763 0.00893144775182009 0.00801270548254251 0.00793650280684233 0.00716821756213903 0.0218575242906809 0.0216613728553057 0.0212649777531624 0.0211304295808077 0.0225980505347252 0.0244432371109724 0.00722604477778077 0.007246024440974 0.00732008973136544 0.00667733419686556 0.00609099678695202 0.00555873708799481 0.00517530785873532 0.00708789099007845 0.00665044505149126 0.00554672814905643 0.00502082379534841 0.00350197544321418 0.00313690863549709 0.0030840621329844 0.003385508665815 0.00371804856695235 0.00382565869949758 0.00373869016766548 0.00364629668183625 0.00254094717092812 0.00274692918173969 0.00349501566961408 0.0030049339402467 0.0025884413626045 0.00245615094900131 0.00262962351553142
0.00746822310611606 0.00813746824860573 0.00807481352239847 0.0087842121720314 0.00876651983708143 0.0086740842089057 0.00923792738467455 0.0091759730130434 0.00902268011122942 0.00808703806251287 0.0080047994852066 0.00792632251977921 0.0202566739171743 0.0200787279754877 0.0216701775789261 0.0212693698704243 0.0251103844493628 0.0247502438724041 0.0246153865009546 0.0207681506872177 0.0206166189163923 0.0205908976495266 0.0188408270478249 0.0188091080635786 0.00549508444964886 0.00540464511141181 0.00528335152193904 0.00477502448484302 0.0114403963088989 0.0103963324800134 0.00348232290707529 0.00375535245984793 0.00341938948258758 0.00325975427404046 0.00325162569060922 0.00290745380334556 0.00264441920444369 0.00237771915271878 0.00251036509871483 0.00226221652701497 0.00248976401053369 0.0020633318927139 0.0022597701754421 0.00222007581032813
0.00689625879749656 0.00750705413520336 0.00746546871960163 0.00739815225824714 0.00800973922014236 0.00796885974705219 0.00785162020474672 0.0084246601909399 0.00759471580386162 0.00820093043148518 0.00741687044501305 0.00730376224964857 0.0206005778163671 0.0203870106488466 0.0201031193137169 0.0199387352913618 0.0233809221535921 0.0230909939855337 0.0250133294612169 0.0226843059062958 0.0225512776523829 0.0207810439169407 0.0206430237740278 0.0172579325735569 0.015797883272171 0.0155883328989148 0.0141943302005529 0.0139110051095486 0.0126516986638308 0.0123569089919329 0.0122067956253886 0.0110687417909503 0.00377318100072443 0.00326340273022652 0.002962437691167 0.00268233474344015 0.00269198324531317 0.00256751012057066 0.00277356547303498 0.00253000296652317 0.00230170111171901 0.00229863496497273 0.00211620586924255 0.00206063804216683
0.00696869008243084 0.00695284828543663 0.00691280700266361 0.00753884483128786 0.00740090478211641 0.00735470000654459 0.00724044861271977 0.00778766255825758 0.00764469569548965 0.00756815215572715 0.00681877555325627 0.00670321518555284 0.00664347223937511 0.0189637914299965 0.0186945367604494 0.0185673218220472 0.0183886419981718 0.0214704312384129 0.0213649533689022 0.0211777240037918 0.0210224241018295 0.0209963582456112 0.0190691594034433 0.0174086280167103 0.0158505868166685 0.0145716471597552 0.0131870396435261 0.0129333324730396 0.0127759166061878 0.0125343138352036 0.0122966961935163 0.0132568152621388 0.0119687439873815 0.00377506064251065 0.00330080976709723 0.00316712795756757 0.00288016116246581 0.00283316452987492 0.00280165020376444 0.00280956062488258 0.00254447525367141 0.0025174233596772 0.00228320294991136 0.00224663317203522
0.00648589478805661 0.00707522081211209 0.00694772927090526 0.00688220048323274 0.00741877499967813 0.00731229176744819 0.00722946273162961 0.00714576477184892 0.00704903993755579 0.00701904529705644 0.00688274204730988 0.00683369487524033 0.0061493874527514 0.00608698092401028 0.0159178897738457 0.0172395035624504 0.0170867647975683 0.0169910844415426 0.0168233588337898 0.0180536583065987 0.0180237013846636 0.0195185076445341 0.0163682792335749 4.18549025198445e-05 4.1665363823995e-05 0.0146289002150297 0.0144027313217521 0.014197557233274 0.0140126021578908 0.0138143645599484 0.0148358512669802 0.0134145859628916 0.0132692577317357 0.0111454594880342 0.00380316819064319 0.00350283505395055 0.00317408610135317 0.00312437932007015 0.00283735105767846 0.00306847901083529 0.0027725410182029 0.00255581992678344 0.0025074346922338 0.00244420906528831
2.15101590583799e-05 2.13369239645544e-05 2.36670330195921e-05 2.65546586888377e-05 0.00684455409646034 0.00671502156183124 0.0066843256354332 0.00662591913715005 0.00650804163888097 0.0064409589394927 0.00639212178066373 0.00627434626221657 0.00622813450172544 0.00616729119792581 0.00556610012426972 0.00552517920732498 0.00544668734073639 0.0144586432725191 0.0156523566693068 0.0155357550829649 0.0154169658198953 0.0152640342712402 0.0150962732732296 0.0149616943672299 0.0148632600903511 0.014809082262218 0.0144914174452424 0.0143072316423059 0.0141625264659524 0.014006232842803 0.0138395959511399 0.0149123119190335 0.0123714525252581 0.0112912580370903 0.011233065277338 0.0102851390838623 0.0034856132697314 0.00315415253862739 0.00342353293672204 0.00309151341207325 0.00278776721097529 0.00305095524527133 0.00272935000248253 0.00243047461844981
1.9347822671989e-05 1.91598119272385e-05 2.14824940485414e-05 2.37299500440713e-05 2.56428138527554e-05 2.84117086266633e-05 0.00617263931781054 0.00610199058428407 0.00600452953949571 0.00594237819314003 0.00589358946308494 0.00530991749837995 0.00522298133000731 0.00518220337107778 0.00513650476932526 0.0050859204493463 0.00504311686381698 0.00500593055039644 0.0134301241487265 0.0144347846508026 0.0143209500238299 0.0141813792288303 0.0141426753252745 0.0138817746192217 0.0138047076761723 0.0136782834306359 0.0147290285676718 0.0146033074706793 0.0144242802634835 0.0130154164507985 0.0127775929868221 0.0137841710820794 0.0137681933119893 0.0126203037798405 0.0104869585484266 0.0104579720646143 0.00873536895960569 0.00951001793146133 0.00346052786335349 0.00312113226391375 0.0030819911044091 0.00277907075360417 0.00272935000248253 0.00266705173999071
1.55130437633488e-05 1.72096661117394e-05 1.93336836673552e-05 1.89803467947058e-05 2.11264850804582e-05 2.09554164030124e-05 2.05979922611732e-05 2.29422148549929e-05 2.26348201977089e-05 2.25052808673354e-05 2.49476743192645e-05 0.00538114132359624 0.00486192991957068 0.00481987651437521 0.00477329548448324 0.00472904881462455 0.00421655364334583 0.00461112940683961 0.0123682087287307 0.0123132532462478 0.0122408270835876 0.0132852448150516 0.0131607474759221 0.0129860732704401 0.0140755195170641 0.012722035869956 0.0137098589912057 0.013562842272222 0.0134258409962058 0.0133047373965383 0.0131165701895952 0.0142368245869875 0.0129591664299369 0.0127107398584485 0.0117469811812043 0.00973808858543634 0.0105626098811626 0.00959495361894369 0.00349522475153208 0.00377567205578089 0.00341488607227802 0.00301942601799965 0.00274310261011124 0.00268142321147025
1.39312278406578e-05 1.37118349812226e-05 1.51856766024139e-05 1.71014507941436e-05 1.67701182363089e-05 1.8726808775682e-05 1.84732052730396e-05 2.06176518986467e-05 2.04058960662223e-05 2.02279898076085e-05 1.99469996005064e-05 1.96355649677571e-05 0.0044629187323153 0.00444307737052441 0.00439185509458184 0.00435815006494522 0.00430765608325601 0.00427462020888925 0.0115940645337105 0.011482048779726 0.0113948462530971 0.0123785538598895 0.01219476852566 0.0120874783024192 0.0120116733014584 0.0118292663246393 0.0127548007294536 0.0126343853771687 0.0124764945358038 0.0123361479490995 0.0122188124805689 0.0121528003364801 0.0119925234466791 0.0119814844802022 0.0119206300005317 0.0107998820021749 0.0106944115832448 0.00972675532102585 0.00885184202343225 0.00947046745568514 0.00852667447179556 0.00336594018153846 0.00274563394486904 0.00270671956241131
1.09925595097593e-05 1.23511481433525e-05 1.37321485453867e-05 1.35540485644015e-05 1.51453905345988e-05 1.48870503835496e-05 1.6641406546114e-05 1.63832628459204e-05 1.62206924869679e-05 1.60466061061015e-05 1.59410847118124e-05 1.78777609107783e-05 0.00419241189956665 0.00413882872089744 0.00375034497119486 0.0037167954724282 0.00441495096310973 0.00398354744538665 0.00434189569205046 0.010718303732574 0.0105729252099991 0.010512194596231 0.0104082124307752 0.0113179245963693 0.0110834343358874 0.0109924059361219 0.0118220383301377 0.0118450317531824 0.0117073869332671 0.0126524707302451 0.012535035610199 0.012448949739337 0.0123715177178383 0.0122293634340167 0.0121985208243132 0.0109894806519151 0.0109221870079637 0.00981859862804413 0.00888967141509056 0.0087322061881423 0.00858865398913622 0.00776914600282907 0.00759431626647711 0.00627160025760531
