data/climate_estimation/maxent_output/Paris_thibetica.asc
NCOLS 410 
NROWS 86 
XLLCORNER 84.5 
YLLCORNER 25.4166666666667 
CELLSIZE 0.0833333333333333 
NODATA_value -3.4e+38 
[rows 40 to 59 of 86, columns 132 to 175 of 410]
0.880345463752747 0.897003293037415 0.868857681751251 0.900071799755096 0.995896816253662 0.959873616695404 0.887357234954834 0.919333457946777 0.771292090415955 0.736129343509674 0.989014446735382 0.671137630939484 0.897976398468018 0.5806605219841 0.0504981502890587 0.332789987325668 0.240274295210838 0.113660432398319 0.382637977600098 0.675907850265503 0.640458524227142 0.155623838305473 0.437809139490128 0.350852191448212 0.231086179614067 0.223764687776566 0.198063746094704 0.157722875475883 0.615508079528809 0.951413035392761 0.65221780538559 0.664542198181152 0.287543892860413 0.249544084072113 0.205668032169342 0.212957248091698 0.722241342067719 0.797427237033844 0.539840638637543 0.709431767463684 0.699570834636688 0.384322881698608 0.728977680206299 0.854045033454895
0.916845321655273 0.964259684085846 0.974171221256256 0.954445481300354 0.996268272399902 0.991377830505371 0.972878098487854 0.994681358337402 0.801665008068085 0.54484236240387 0.700590431690216 0.996476292610168 0.646261274814606 0.71673184633255 0.346017628908157 0.930623769760132 0.385848134756088 0.407265394926071 0.30768358707428 0.358928710222244 0.818452835083008 0.653193652629852 0.664217293262482 0.465277880430222 0.215611219406128 0.287620365619659 0.431298851966858 0.363739371299744 0.296926766633987 0.819473266601562 0.605658233165741 0.570118367671967 0.685739636421204 0.500958561897278 0.285813212394714 0.283266395330429 0.376597374677658 0.8594970703125 0.480714797973633 0.461317747831345 0.695362687110901 0.42209205031395 0.786542415618896 0.848477959632874
0.920796096324921 0.994048535823822 0.99479079246521 0.987505376338959 0.995525717735291 0.996394515037537 0.995982825756073 0.886819958686829 0.741238474845886 0.898771345615387 0.564481675624847 0.87735116481781 0.99670946598053 0.980263233184814 0.983144998550415 0.995809078216553 0.913083612918854 0.744658946990967 0.623095571994781 0.508879899978638 0.466407477855682 0.781131327152252 0.924788177013397 0.595322072505951 0.267915964126587 0.267997801303864 0.389482825994492 0.682965993881226 0.832655012607574 0.93493527173996 0.948367357254028 0.865550100803375 0.409145087003708 0.698994934558868 0.608374536037445 0.32049635052681 0.589682102203369 0.880970418453217 0.516930460929871 0.290732771158218 0.717235445976257 0.743385553359985 0.673460781574249 0.856827199459076
0.988212704658508 0.980546593666077 0.990090310573578 0.860790252685547 0.995875477790833 0.993322789669037 0.982749462127686 0.982349932193756 0.859583020210266 0.950362801551819 0.86118346452713 0.713801503181458 0.726861238479614 0.997571885585785 0.890057802200317 0.881723463535309 0.663062512874603 0.759194850921631 0.906223475933075 0.457041591405869 0.574810445308685 0.337083250284195 0.727338910102844 0.882986903190613 0.412357419729233 0.188097417354584 0.573920607566833 0.461508184671402 0.538842141628265 0.753291130065918 0.699630260467529 0.946441769599915 0.26550355553627 0.384668081998825 0.594431102275848 0.612815320491791 0.612774074077606 0.885861992835999 0.645842909812927 0.31520202755928 0.590237677097321 0.642637372016907 0.816947400569916 0.853196561336517
0.991996586322784 0.993772923946381 0.994004547595978 0.884727358818054 0.957122623920441 0.928225100040436 0.99642026424408 0.924597084522247 0.92173957824707 0.983739376068115 0.935334861278534 0.943835139274597 0.777408361434937 0.988662540912628 0.997649371623993 0.78307831287384 0.769256174564362 0.942994892597198 0.776586651802063 0.515606820583344 0.761421978473663 0.548452258110046 0.537643790245056 0.967357456684113 0.761008441448212 0.446058243513107 0.450425326824188 0.439652562141418 0.31793737411499 0.527626216411591 0.277626246213913 0.967830061912537 0.674810469150543 0.500258147716522 0.416377425193787 0.736138582229614 0.416308611631393 0.898283839225769 0.740875661373138 0.396384537220001 0.458991706371307 0.243751332163811 0.61841869354248 0.854652881622314
0.958588540554047 0.99068820476532 0.993660748004913 0.980306506156921 0.636611223220825 0.937174201011658 0.995133757591248 0.959449052810669 0.996890306472778 0.997640490531921 0.995653212070465 0.936193585395813 0.825185596942902 0.736648738384247 0.996195077896118 0.992315530776978 0.798709452152252 0.91927182674408 0.955686092376709 0.68014919757843 0.568879961967468 0.868896901607513 0.525662243366241 0.984512805938721 0.857275009155273 0.653055906295776 0.458312958478928 0.375031054019928 0.364286065101624 0.322184771299362 0.224696815013885 0.704180181026459 0.971606373786926 0.972798407077789 0.79882949590683 0.855697154998779 0.37493297457695 0.870461583137512 0.86884993314743 0.40239617228508 0.370569884777069 0.398585855960846 0.642657995223999 0.873329281806946
0.994451284408569 0.907839000225067 0.978846549987793 0.975044846534729 0.735986053943634 0.988318383693695 0.983189761638641 0.979464292526245 0.98845511674881 0.991977691650391 0.92981630563736 0.889247477054596 0.866629302501678 0.730761885643005 0.97142481803894 0.982698678970337 0.998099446296692 0.948998510837555 0.993889629840851 0.795021057128906 0.994064688682556 0.807865917682648 0.699133396148682 0.993255436420441 0.71161013841629 0.531283557415009 0.492172241210938 0.503178298473358 0.397027552127838 0.407470345497131 0.352908581495285 0.342218697071075 0.513377606868744 0.918861985206604 0.974100947380066 0.943545579910278 0.715332210063934 0.701277017593384 0.919513702392578 0.601976335048676 0.590310752391815 0.465028941631317 0.58666330575943 0.884464204311371
0.984735667705536 0.979600369930267 0.785353422164917 0.686092853546143 0.391996741294861 0.656765401363373 0.875025391578674 0.984948456287384 0.993897557258606 0.997365117073059 0.992785751819611 0.900954604148865 0.888848960399628 0.849657893180847 0.747871935367584 0.944825172424316 0.981617867946625 0.99791008234024 0.996365249156952 0.997142851352692 0.990011930465698 0.997083723545074 0.996183753013611 0.990029156208038 0.751013100147247 0.629601001739502 0.564496755599976 0.698794484138489 0.557017624378204 0.651335895061493 0.494796991348267 0.460213512182236 0.340471833944321 0.719492316246033 0.979040563106537 0.947107017040253 0.876016855239868 0.492581933736801 0.900811493396759 0.819182395935059 0.802904307842255 0.501727640628815 0.620838463306427 0.887709558010101
0.90261310338974 0.532304108142853 0.450079560279846 0.300170183181763 0.551354706287384 0.996022522449493 0.996890544891357 0.981830298900604 0.979695737361908 0.989748656749725 0.919863402843475 0.820558607578278 0.995039522647858 0.935333132743835 0.945158839225769 0.907771229743958 0.977224171161652 0.960346281528473 0.988952279090881 0.997521996498108 0.994721174240112 0.971126019954681 0.795154571533203 0.606309175491333 0.565354943275452 0.496627300977707 0.507325530052185 0.399011880159378 0.589395225048065 0.604551434516907 0.755077540874481 0.673072516918182 0.832221150398254 0.902572214603424 0.983532547950745 0.921902239322662 0.841593682765961 0.429054945707321 0.69609659910202 0.928679525852203 0.819717824459076 0.431130796670914 0.529093444347382 0.849386990070343
0.798028647899628 0.854872226715088 0.576565086841583 0.257603913545609 0.337229549884796 0.973538100719452 0.988481521606445 0.994916260242462 0.994584918022156 0.994516313076019 0.942143380641937 0.991253852844238 0.997747659683228 0.982119858264923 0.996479988098145 0.993915617465973 0.885067224502563 0.996389091014862 0.774236738681793 0.996848940849304 0.795219361782074 0.891307532787323 0.752653062343597 0.624653875827789 0.685162425041199 0.669730424880981 0.593119442462921 0.517538964748383 0.770234763622284 0.815848529338837 0.604696452617645 0.806631088256836 0.629281222820282 0.7593874335289 0.967605113983154 0.971754968166351 0.745915770530701 0.305364549160004 0.315380960702896 0.944900095462799 0.887215673923492 0.684876501560211 0.537785589694977 0.89099657535553
0.405534774065018 0.374634116888046 0.315765231847763 0.252938747406006 0.392893314361572 0.332860320806503 0.957668125629425 0.961349546909332 0.974970281124115 0.989946246147156 0.991219282150269 0.997259438037872 0.995264887809753 0.977854490280151 0.997629463672638 0.963184535503387 0.919929563999176 0.997263431549072 0.85027801990509 0.997487187385559 0.987074434757233 0.867625653743744 0.796674787998199 0.453242570161819 0.70623505115509 0.956989943981171 0.790194511413574 0.645540952682495 0.736337840557098 0.701385200023651 0.927895426750183 0.79414302110672 0.845077216625214 0.658121466636658 0.83567875623703 0.960020482540131 0.867469131946564 0.851014494895935 0.574334859848022 0.800383627414703 0.947690308094025 0.604543566703796 0.556814432144165 0.843985319137573
0.116063825786114 0.0544232465326786 0.027063911780715 0.214553162455559 0.836047410964966 0.497927516698837 0.314858317375183 0.662854790687561 0.995566368103027 0.996768057346344 0.994296431541443 0.98943042755127 0.806283831596375 0.969600200653076 0.997028589248657 0.987805426120758 0.992158532142639 0.99572765827179 0.913191437721252 0.99089652299881 0.907239437103271 0.925132215023041 0.726954400539398 0.589918792247772 0.817489981651306 0.994580149650574 0.922633349895477 0.865240871906281 0.915909349918365 0.754380822181702 0.835986137390137 0.967654526233673 0.791192650794983 0.913749873638153 0.885794460773468 0.971182465553284 0.979235947132111 0.823378264904022 0.612497448921204 0.800220906734467 0.959991097450256 0.688922584056854 0.684714436531067 0.728963315486908
0.0227646697312593 0.0134695172309875 0.0116717023774981 0.053816057741642 0.336668074131012 0.944910883903503 0.910257458686829 0.84343159198761 0.992388427257538 0.988449573516846 0.993011295795441 0.875106751918793 0.616605222225189 0.982514083385468 0.962180972099304 0.997324526309967 0.979961752891541 0.996798098087311 0.862816035747528 0.996158301830292 0.960430383682251 0.850513815879822 0.670276582241058 0.908654391765594 0.967798113822937 0.996518433094025 0.995825409889221 0.992003917694092 0.939642429351807 0.969783008098602 0.845235645771027 0.898410141468048 0.991877377033234 0.98056560754776 0.923676252365112 0.988624513149261 0.962737202644348 0.781964659690857 0.735136449337006 0.935792803764343 0.967540621757507 0.752011597156525 0.761195719242096 0.856601893901825
0.0103828059509397 0.00965470820665359 0.00969237461686134 0.0122879603877664 0.0461986847221851 0.207556366920471 0.332382798194885 0.394321709871292 0.743658125400543 0.769559741020203 0.985743284225464 0.770677387714386 0.326213866472244 0.627032101154327 0.984870553016663 0.994237005710602 0.994582653045654 0.991035223007202 0.804883658885956 0.997038781642914 0.990819871425629 0.875121355056763 0.933079361915588 0.990527808666229 0.995879828929901 0.996050000190735 0.94993656873703 0.995744466781616 0.994215548038483 0.968734979629517 0.949679553508759 0.93502414226532 0.910313189029694 0.98920464515686 0.96240246295929 0.99183976650238 0.981154501438141 0.960194170475006 0.868155717849731 0.871545612812042 0.981213569641113 0.959812641143799 0.744597434997559 0.922694861888885
0.0073415981605649 0.00737420422956347 0.00809362716972828 0.00881400145590305 0.0112882219254971 0.0165224112570286 0.0241512507200241 0.0349095836281776 0.217850938439369 0.291099309921265 0.604662358760834 0.170428574085236 0.442597180604935 0.427399337291718 0.977582633495331 0.965007722377777 0.997280895709991 0.785450637340546 0.995852947235107 0.985889315605164 0.85883504152298 0.75934499502182 0.909704089164734 0.996087431907654 0.869006991386414 0.850548923015594 0.943179726600647 0.990679860115051 0.981416463851929 0.99170058965683 0.990775465965271 0.991881430149078 0.965805232524872 0.990247309207916 0.991065919399261 0.917585432529449 0.986978232860565 0.910624921321869 0.972709357738495 0.849168181419373 0.98453289270401 0.971108675003052 0.837645769119263 0.928754448890686
0.00610527163371444 0.00612147152423859 0.00671673845499754 0.00735717033967376 0.00802292767912149 0.00945672485977411 0.0103111704811454 0.0122124832123518 0.0193421337753534 0.165168151259422 0.157829254865646 0.404296636581421 0.800103306770325 0.601758182048798 0.470563292503357 0.740082085132599 0.993125379085541 0.667337834835052 0.994570374488831 0.986570775508881 0.984554946422577 0.987813234329224 0.95954418182373 0.991061687469482 0.993273317813873 0.765497863292694 0.92060923576355 0.996030211448669 0.995566844940186 0.982827842235565 0.975659608840942 0.992601215839386 0.992197573184967 0.98999547958374 0.99204432964325 0.974209249019623 0.962028682231903 0.93188613653183 0.973321676254272 0.882526516914368 0.987559497356415 0.982315957546234 0.908607363700867 0.931302666664124
0.00548330880701542 0.00544048240408301 0.00601391959935427 0.00665401201695204 0.00725051155313849 0.00727385934442282 0.00863684713840485 0.00940126273781061 0.011128363199532 0.0152285164222121 0.0818755105137825 0.224438667297363 0.494466185569763 0.926732778549194 0.9870565533638 0.582674324512482 0.648714184761047 0.709747493267059 0.99382883310318 0.997538924217224 0.993006944656372 0.99676787853241 0.991892337799072 0.926893055438995 0.981137275695801 0.904591083526611 0.467535436153412 0.707122325897217 0.91922527551651 0.75279438495636 0.920788168907166 0.919994652271271 0.992250800132751 0.968202769756317 0.971472203731537 0.989369690418243 0.970393180847168 0.985621213912964 0.967754364013672 0.919383108615875 0.971607685089111 0.956440210342407 0.978188693523407 0.920879542827606
0.00486882915720344 0.00531641533598304 0.00532514275982976 0.00592772383242846 0.00647704442963004 0.00714569399133325 0.00779590848833323 0.00850255135446787 0.0109035857021809 0.0138224959373474 0.122061632573605 0.604398846626282 0.944419682025909 0.966426193714142 0.994542360305786 0.877653419971466 0.997639119625092 0.99120831489563 0.964701116085052 0.98815906047821 0.774670004844666 0.801696002483368 0.79181981086731 0.792585372924805 0.739783465862274 0.941958367824554 0.783549666404724 0.373261272907257 0.658865630626678 0.734814286231995 0.677293479442596 0.751541316509247 0.992326498031616 0.974054634571075 0.976302683353424 0.989335358142853 0.988919198513031 0.96205073595047 0.960559904575348 0.977089643478394 0.950778186321259 0.970257580280304 0.90046089887619 0.967321038246155
0.00409281253814697 0.00455053569748998 0.00511217908933759 0.00574782909825444 0.00584393925964832 0.00818317290395498 0.00896714814007282 0.0106318555772305 0.0106515185907483 0.017018623650074 0.168118938803673 0.229823902249336 0.615204215049744 0.854695856571198 0.99539315700531 0.995478749275208 0.989610493183136 0.994810879230499 0.993112981319427 0.97199410200119 0.402069240808487 0.276833325624466 0.197814851999283 0.305467396974564 0.834203720092773 0.458192944526672 0.411915421485901 0.476112902164459 0.384656459093094 0.416076719760895 0.41894668340683 0.390264928340912 0.964930236339569 0.844003736972809 0.8977330327034 0.990657925605774 0.989866077899933 0.978139460086823 0.817181408405304 0.990481972694397 0.973750531673431 0.989147901535034 0.889263868331909 0.98499858379364
0.00395046407356858 0.0044275731779635 0.00447209132835269 0.00503461761400104 0.00561698479577899 0.00632064277306199 0.0102700674906373 0.0205893758684397 0.0206114742904902 0.0225758925080299 0.204601883888245 0.608418166637421 0.867757380008698 0.971253097057343 0.992183208465576 0.996766626834869 0.997213959693909 0.99085932970047 0.634357988834381 0.752041101455688 0.476139694452286 0.133194863796234 0.0733363777399063 0.276833325624466 0.564583718776703 0.242008820176125 0.12980605661869 0.19959083199501 0.191080898046494 0.369949609041214 0.338028162717819 0.684547185897827 0.611530721187592 0.869210064411163 0.98878002166748 0.992147922515869 0.990544557571411 0.989964365959167 0.928386509418488 0.929458439350128 0.990602731704712 0.987404584884644 0.901395261287689 0.985223472118378
