data/climate_estimation/maxent_output/Paris_thibetica.asc
NCOLS 410 
NROWS 86 
XLLCORNER 84.5 
YLLCORNER 25.4166666666667 
CELLSIZE 0.0833333333333333 
NODATA_value -3.4e+38 
[rows 20 to 39 of 86, columns 264 to 307 of 410]
0.434087038040161 0.483657747507095 0.394071668386459 0.373050838708878 0.356779634952545 0.307577401399612 0.32002529501915 0.65572065114975 0.415509223937988 0.390842616558075 0.462660282850266 0.562153995037079 0.553106307983398 0.585024535655975 0.69859766960144 0.616780638694763 0.676085352897644 0.764982402324677 0.649596154689789 0.650389313697815 0.797630846500397 0.729960143566132 0.602420806884766 0.535946726799011 0.556098937988281 0.626094281673431 0.629232943058014 0.651045680046082 0.611262202262878 0.60042017698288 0.622230708599091 0.711207449436188 0.713795304298401 0.747141361236572 0.767006397247314 0.69269597530365 0.732238054275513 0.737219393253326 0.847236394882202 0.844755291938782 0.838701188564301 0.726046502590179 0.855762481689453 0.847466647624969
0.475350588560104 0.453068464994431 0.370742559432983 0.360145896673203 0.329511165618896 0.30588686466217 0.421602129936218 0.6481112241745 0.369055777788162 0.426074206829071 0.612951457500458 0.460199892520905 0.536456167697906 0.725200414657593 0.610124528408051 0.668648362159729 0.705420970916748 0.617443740367889 0.743911147117615 0.81509393453598 0.67430853843689 0.629912734031677 0.485137045383453 0.553483605384827 0.685070872306824 0.700410664081573 0.673486351966858 0.619703531265259 0.612738430500031 0.748299598693848 0.632099211215973 0.852703154087067 0.858154594898224 0.797114253044128 0.864528656005859 0.826915800571442 0.815034568309784 0.898299515247345 0.893988966941833 0.81451028585434 0.851297855377197 0.878844439983368 0.875954151153564 0.867938578128815
0.414413660764694 0.403999477624893 0.348790794610977 0.328408062458038 0.295988708734512 0.298880785703659 0.606388092041016 0.483108311891556 0.39456707239151 0.498431980609894 0.528286337852478 0.492175728082657 0.668744146823883 0.594693601131439 0.604118764400482 0.605232656002045 0.710442245006561 0.767549216747284 0.718147456645966 0.709992289543152 0.675304710865021 0.649528086185455 0.522805094718933 0.620967984199524 0.734591484069824 0.640957832336426 0.738881289958954 0.749513447284698 0.64558219909668 0.758341908454895 0.78920841217041 0.852035105228424 0.881666302680969 0.901841402053833 0.872424006462097 0.893270313739777 0.902003347873688 0.902219116687775 0.860632598400116 0.741176426410675 0.868555665016174 0.849694848060608 0.820545852184296 0.81702733039856
0.376197099685669 0.400488376617432 0.356851398944855 0.307996690273285 0.275831550359726 0.328627824783325 0.649100601673126 0.363992840051651 0.375506520271301 0.590549051761627 0.448584765195847 0.624045491218567 0.594511568546295 0.529374182224274 0.568087816238403 0.727194368839264 0.686109244823456 0.551606774330139 0.651848673820496 0.709641098976135 0.647602200508118 0.577727138996124 0.635361850261688 0.7568638920784 0.698210835456848 0.712161421775818 0.831246137619019 0.836709856987 0.729256927967072 0.850662291049957 0.756313264369965 0.893220543861389 0.916923999786377 0.912751078605652 0.911782503128052 0.903424322605133 0.884406447410583 0.829830169677734 0.722711443901062 0.725367486476898 0.807501971721649 0.786954939365387 0.770986258983612 0.793515205383301
0.351355850696564 0.317365795373917 0.28681892156601 0.298017144203186 0.29705548286438 0.524916529655457 0.506429016590118 0.338996857404709 0.536880970001221 0.407149493694305 0.484240055084229 0.596405148506165 0.485105007886887 0.491717219352722 0.687697410583496 0.637216746807098 0.655421078205109 0.646384358406067 0.59885036945343 0.619547247886658 0.593953251838684 0.506152093410492 0.82113641500473 0.773222267627716 0.820481836795807 0.854826271533966 0.873193085193634 0.833291172981262 0.895820379257202 0.870395004749298 0.922128260135651 0.924067139625549 0.924374341964722 0.922825813293457 0.917685568332672 0.889882504940033 0.831390082836151 0.76099419593811 0.721143424510956 0.727529942989349 0.80371356010437 0.859815061092377 0.843959033489227 0.7843217253685
0.347346067428589 0.286664247512817 0.269704788923264 0.287606060504913 0.410393327474594 0.653931975364685 0.370302051305771 0.486375212669373 0.350983887910843 0.354048281908035 0.577741086483002 0.413832902908325 0.447122842073441 0.551352918148041 0.636826753616333 0.562963485717773 0.613000690937042 0.586337924003601 0.650584697723389 0.581757485866547 0.471282958984375 0.69459342956543 0.806199550628662 0.804813086986542 0.86166787147522 0.910086393356323 0.908884406089783 0.903591692447662 0.89573335647583 0.923621296882629 0.93019837141037 0.927043676376343 0.919797658920288 0.921833693981171 0.873964428901672 0.814074754714966 0.750424742698669 0.749531030654907 0.750946640968323 0.809410512447357 0.88132917881012 0.886256635189056 0.846887648105621 0.79585725069046
0.281665652990341 0.249918892979622 0.25227826833725 0.394735157489777 0.610711097717285 0.345970004796982 0.405492126941681 0.417728304862976 0.338367998600006 0.518943786621094 0.424954146146774 0.391328871250153 0.465261787176132 0.612362861633301 0.534781217575073 0.537730693817139 0.528095841407776 0.546515703201294 0.524905860424042 0.403589338064194 0.486954003572464 0.832438051700592 0.821976125240326 0.906123757362366 0.895055532455444 0.925679862499237 0.924551904201508 0.897059857845306 0.91465175151825 0.926313102245331 0.918469429016113 0.8985755443573 0.891501486301422 0.892548203468323 0.811545372009277 0.784992814064026 0.731413602828979 0.821217358112335 0.772123396396637 0.873821973800659 0.865998208522797 0.808292746543884 0.774297535419464 0.780194699764252
0.247013911604881 0.264633536338806 0.268712371587753 0.64860737323761 0.337917238473892 0.351160496473312 0.349879950284958 0.351824849843979 0.397554099559784 0.47090357542038 0.377965927124023 0.374928295612335 0.486343801021576 0.462379634380341 0.516013860702515 0.517168462276459 0.625346183776855 0.623996675014496 0.394052565097809 0.401908606290817 0.768458545207977 0.878213822841644 0.919204771518707 0.924099206924438 0.921666443347931 0.926443994045258 0.89277708530426 0.891638815402985 0.895702660083771 0.88877546787262 0.902938544750214 0.874143183231354 0.900187849998474 0.887872040271759 0.873180866241455 0.679787635803223 0.721617937088013 0.827695369720459 0.770688891410828 0.806358158588409 0.802392601966858 0.848337233066559 0.866252303123474 0.860483765602112
0.24451445043087 0.263650506734848 0.341946393251419 0.516499936580658 0.333762109279633 0.340750694274902 0.316269278526306 0.35741052031517 0.4861661195755 0.37062931060791 0.371225476264954 0.379803627729416 0.401766747236252 0.460729569196701 0.414255291223526 0.465041875839233 0.623378872871399 0.365214854478836 0.451010346412659 0.586949110031128 0.8789883852005 0.880279898643494 0.929494678974152 0.931086003780365 0.929041385650635 0.925832509994507 0.914968848228455 0.909423291683197 0.908828020095825 0.919032037258148 0.911818444728851 0.915002226829529 0.893453359603882 0.884460628032684 0.79917448759079 0.69740617275238 0.780332505702972 0.779001533985138 0.886555910110474 0.89578104019165 0.876427471637726 0.89067554473877 0.891714990139008 0.859687447547913
0.248036772012711 0.338518142700195 0.598364651203156 0.309038102626801 0.366257756948471 0.308491736650467 0.340217739343643 0.456519305706024 0.368109971284866 0.370039105415344 0.381359875202179 0.388180643320084 0.435801416635513 0.401082932949066 0.372921645641327 0.563614666461945 0.364187359809875 0.420817643404007 0.731547713279724 0.850869476795197 0.821908116340637 0.888214707374573 0.911866784095764 0.921929061412811 0.924868285655975 0.909057915210724 0.884885311126709 0.896483838558197 0.916085600852966 0.921140372753143 0.875933468341827 0.869687855243683 0.895190596580505 0.903409242630005 0.789379000663757 0.724420428276062 0.822730958461761 0.796352922916412 0.871473371982574 0.905880510807037 0.899517059326172 0.898836076259613 0.891866624355316 0.864205479621887
0.302041828632355 0.489026010036469 0.389152735471725 0.349104255437851 0.30908727645874 0.320585817098618 0.430171728134155 0.344856262207031 0.355652540922165 0.376322388648987 0.387176483869553 0.402132242918015 0.370977073907852 0.375225812196732 0.471014618873596 0.408292323350906 0.372401803731918 0.641731262207031 0.834826231002808 0.741789758205414 0.817748188972473 0.902818024158478 0.912468731403351 0.92021232843399 0.928244173526764 0.901491224765778 0.845174431800842 0.863430440425873 0.912857115268707 0.863957405090332 0.817374050617218 0.888731300830841 0.87500536441803 0.871372878551483 0.827727496623993 0.790821552276611 0.808100342750549 0.850592494010925 0.891485750675201 0.904019236564636 0.901660561561584 0.894223749637604 0.877264618873596 0.851749062538147
0.348495692014694 0.295805841684341 0.402228891849518 0.371713221073151 0.320640593767166 0.36903715133667 0.361746728420258 0.346381068229675 0.370315313339233 0.35212829709053 0.407932639122009 0.393693834543228 0.345261722803116 0.434699386358261 0.412100911140442 0.353628367185593 0.488482266664505 0.80058217048645 0.698644578456879 0.762525498867035 0.884358048439026 0.914664745330811 0.922663807868958 0.879387974739075 0.916919112205505 0.8965824842453 0.843083381652832 0.868911266326904 0.881473362445831 0.848583936691284 0.871866524219513 0.855335652828217 0.836816251277924 0.883651733398438 0.85500830411911 0.771744608879089 0.805806875228882 0.865341186523438 0.885900139808655 0.898812830448151 0.890711426734924 0.832618415355682 0.817842721939087 0.861017167568207
0.31568843126297 0.348186105489731 0.365138590335846 0.329122096300125 0.275370717048645 0.384550034999847 0.322449207305908 0.331580370664597 0.354670166969299 0.403444439172745 0.416759043931961 0.314129739999771 0.353087425231934 0.411990791559219 0.36507311463356 0.433049410581589 0.703985691070557 0.671049773693085 0.682640433311462 0.847769439220428 0.89246141910553 0.899094521999359 0.886169373989105 0.897894740104675 0.852160453796387 0.817168354988098 0.795624375343323 0.846998989582062 0.852723896503448 0.839757859706879 0.862941741943359 0.807309329509735 0.862362861633301 0.870223701000214 0.810701310634613 0.844255328178406 0.876043975353241 0.873845279216766 0.876722455024719 0.888233006000519 0.868221998214722 0.826630711555481 0.789683163166046 0.816722512245178
0.255150854587555 0.31116572022438 0.32419216632843 0.3360495865345 0.303519666194916 0.302986621856689 0.290114134550095 0.339359492063522 0.39850190281868 0.386574536561966 0.37948939204216 0.362652778625488 0.472988158464432 0.501146674156189 0.499232947826385 0.50089305639267 0.621691763401031 0.748734772205353 0.840613186359406 0.908123135566711 0.917820334434509 0.889734089374542 0.851465344429016 0.889517903327942 0.754299879074097 0.814049959182739 0.836937844753265 0.867736041545868 0.830801963806152 0.835012972354889 0.81174236536026 0.782304227352142 0.832762479782104 0.839080572128296 0.875421166419983 0.842841923236847 0.83293080329895 0.850265920162201 0.876732230186462 0.89161479473114 0.845585703849792 0.851875245571136 0.85239166021347 0.865679800510406
0.26462522149086 0.303586214780807 0.315957307815552 0.277514219284058 0.327770113945007 0.330165147781372 0.390823602676392 0.318517416715622 0.318477362394333 0.347197383642197 0.35765278339386 0.458525061607361 0.490506052970886 0.652404129505157 0.764558494091034 0.64124059677124 0.883079349994659 0.860099017620087 0.861709415912628 0.910584807395935 0.910293698310852 0.84663599729538 0.836018562316895 0.786359965801239 0.762178063392639 0.771731972694397 0.8389812707901 0.898441553115845 0.861775875091553 0.798542559146881 0.758327424526215 0.828307807445526 0.816512763500214 0.854979813098907 0.832345306873322 0.801689803600311 0.783453226089478 0.833258926868439 0.87243264913559 0.871553480625153 0.798243701457977 0.806853830814362 0.787773191928864 0.769080519676208
0.274019449949265 0.2565937936306 0.288275599479675 0.283460974693298 0.285767644643784 0.400131613016129 0.355474323034286 0.383192092180252 0.457390636205673 0.473672688007355 0.410964727401733 0.412839353084564 0.448949337005615 0.690167486667633 0.897714972496033 0.868293941020966 0.87348473072052 0.89008092880249 0.884965658187866 0.886058807373047 0.840236604213715 0.827169954776764 0.841610848903656 0.764325380325317 0.682546198368073 0.792860984802246 0.852042257785797 0.802595913410187 0.799824178218842 0.759584248065948 0.80854594707489 0.841167211532593 0.837344348430634 0.805447340011597 0.784177780151367 0.753852367401123 0.769087255001068 0.859036684036255 0.869362831115723 0.834489345550537 0.813132405281067 0.789360642433167 0.729144513607025 0.714748561382294
0.245537057518959 0.302037268877029 0.260917276144028 0.307640492916107 0.328629285097122 0.414580494165421 0.454955041408539 0.469493120908737 0.51727169752121 0.530611097812653 0.496731579303741 0.446836441755295 0.648284792900085 0.892992496490479 0.890123665332794 0.907771289348602 0.767469227313995 0.766482830047607 0.813983559608459 0.841267049312592 0.788061857223511 0.739520013332367 0.752774953842163 0.639614582061768 0.711623668670654 0.779105365276337 0.816374242305756 0.774833023548126 0.802138388156891 0.836122035980225 0.865293860435486 0.812059283256531 0.771997570991516 0.742779493331909 0.741905093193054 0.711535513401031 0.751299977302551 0.870238065719604 0.829951167106628 0.785170912742615 0.766301274299622 0.799605369567871 0.721732974052429 0.716410160064697
0.25161001086235 0.302940428256989 0.313395142555237 0.316953510046005 0.327652603387833 0.43247401714325 0.540722846984863 0.528705656528473 0.5706627368927 0.616395056247711 0.466290056705475 0.688105404376984 0.633752644062042 0.807702422142029 0.872304499149323 0.812605798244476 0.802961587905884 0.595162212848663 0.639223456382751 0.724419593811035 0.728759348392487 0.601862788200378 0.718729019165039 0.724550366401672 0.759271383285522 0.812880396842957 0.76252418756485 0.712072432041168 0.828086018562317 0.878909349441528 0.853466391563416 0.761107504367828 0.758218586444855 0.732575476169586 0.706157863140106 0.713549137115479 0.804384291172028 0.860704958438873 0.817861378192902 0.808324754238129 0.79094672203064 0.721289336681366 0.71770715713501 0.696396172046661
0.267570316791534 0.297335624694824 0.332602024078369 0.3537457883358 0.365571260452271 0.505131959915161 0.577854216098785 0.56585681438446 0.539861977100372 0.527106583118439 0.563067734241486 0.611237049102783 0.512210011482239 0.584168612957001 0.653462886810303 0.609577715396881 0.659615755081177 0.562149226665497 0.631611406803131 0.598957121372223 0.607644259929657 0.702114939689636 0.780023694038391 0.864609718322754 0.88101726770401 0.779145240783691 0.775381624698639 0.73509269952774 0.843280255794525 0.884218633174896 0.838545799255371 0.773425042629242 0.780746221542358 0.758807063102722 0.715482413768768 0.805292844772339 0.839808404445648 0.78242951631546 0.77026242017746 0.814451217651367 0.776365995407104 0.713244616985321 0.750226318836212 0.666734755039215
0.278933197259903 0.318221628665924 0.407729983329773 0.334242254495621 0.432920455932617 0.510760247707367 0.53679358959198 0.508671462535858 0.550541162490845 0.522178649902344 0.665098786354065 0.574800431728363 0.748113512992859 0.799735188484192 0.595337748527527 0.564323246479034 0.602045178413391 0.691660583019257 0.712833404541016 0.612569749355316 0.678469955921173 0.796343386173248 0.785922169685364 0.799582600593567 0.747844040393829 0.772726714611053 0.780874013900757 0.804074585437775 0.874391376972198 0.840206742286682 0.79267293214798 0.751315832138062 0.734132409095764 0.700323045253754 0.802628517150879 0.815638899803162 0.834799110889435 0.74658739566803 0.762704730033875 0.772203087806702 0.758270561695099 0.726903021335602 0.73926854133606 0.762246370315552
