data/climate_estimation/maxent_output/Paris_forrestii.asc
NCOLS 71 
NROWS 146 
XLLCORNER 98.0833333333333 
YLLCORNER 24.6666666666667 
CELLSIZE 0.0833333333333334 
NODATA_value -3.4e+38 
[rows 40 to 59 of 146, columns 0 to 43 of 71]
0.0027452209033072 0.00171323062386364 0.0011623150203377 0.00138672045432031 0.00175336713436991 0.00181677448563278 0.00150877900887281 0.00115462474059314 0.00127867399714887 0.00164308317471296 0.00155185803305358 0.000960881821811199 0.00111845077481121 0.00119750306475908 0.00188795907888561 0.00276556238532066 0.00288335722871125 0.00280274171382189 0.00244123116135597 0.00310322036966681 0.00368249812163413 0.00315268198028207 0.0032843817025423 0.00349966972135007 0.00358174508437514 0.00402704114094377 0.00323406863026321 0.00337124499492347 0.00520671671256423 0.00379338278435171 0.00366236106492579 0.00313684321008623 0.00442628189921379 0.00645617162808776 0.00884755980223417 0.00783858727663755 0.00927618332207203 0.00884114485234022 0.0131882904097438 0.00959277153015137 0.0120204258710146 0.0108864270150661 0.0115995798259974 0.0136508969590068
0.00413722870871425 0.00359142455272377 0.00245773885399103 0.00153690157458186 0.00171271816361696 0.00269054574891925 0.00205513485707343 0.00133531866595149 0.0011088369647041 0.00131970318034291 0.00127722916658968 0.00109647039789706 0.00105106842238456 0.00131756928749382 0.0016676711384207 0.00236348668113351 0.0036231791600585 0.00360580161213875 0.00278106471523643 0.00263625662773848 0.00352854887023568 0.0036516566760838 0.00330375507473946 0.00371508440002799 0.00398141099140048 0.00428872276097536 0.00363211310468614 0.00196808739565313 0.0055724773555994 0.00702757248654962 0.00597754446789622 0.00436007836833596 0.00485306652262807 0.00537414662539959 0.00808124244213104 0.00715499836951494 0.00752215459942818 0.0043573728762567 0.0073715508915484 0.0100721260532737 0.0131826531141996 0.0127560328692198 0.0176622346043587 0.0164753627032042
0.00330432062037289 0.00475890934467316 0.00516185723245144 0.00373275275342166 0.00263998517766595 0.00312421377748251 0.00187984842341393 0.00105470058042556 0.00106670672539622 0.00114496937021613 0.00143436121288687 0.00120078609324992 0.0013811121461913 0.00180351117160171 0.00242668762803078 0.0031500868499279 0.00245028152130544 0.00345391663722694 0.00404859986156225 0.00291889230720699 0.00322320288978517 0.00386622850783169 0.00380244897678494 0.00383839081041515 0.00420073652639985 0.00494609074667096 0.00515762576833367 0.00515611656010151 0.00643577007576823 0.00717294961214066 0.00997958704829216 0.00890178233385086 0.00733159435912967 0.00687837274745107 0.0068174903281033 0.00511385919526219 0.00600734353065491 0.00835500936955214 0.010546401143074 0.0134707801043987 0.0133182611316442 0.0147359818220139 0.0192401148378849 0.0202083326876163
0.0058558601886034 0.00424159690737724 0.00341280549764633 0.00407626526430249 0.00451102666556835 0.00448708469048142 0.00199147593230009 0.0015097459545359 0.00153638690244406 0.00187600229401141 0.00253900000825524 0.00264570326544344 0.00246362644247711 0.00241722376085818 0.002922777319327 0.00417630840092897 0.00313391094096005 0.00304530560970306 0.00359190115705132 0.00426892843097448 0.00374742737039924 0.00361601356416941 0.00400527287274599 0.00437518116086721 0.00406849291175604 0.00541882729157805 0.00684188725426793 0.00722426362335682 0.00705314707010984 0.00819666031748056 0.0111396349966526 0.0102566704154015 0.00911246798932552 0.0101948231458664 0.00873665139079094 0.00602493342012167 0.00602759933099151 0.00802518893033266 0.0113263707607985 0.0112258354201913 0.0211259312927723 0.0186949539929628 0.0254795588552952 0.0269581824541092
0.00689923809841275 0.0080369571223855 0.00369211426004767 0.00306251156143844 0.00347793521359563 0.00581028591841459 0.00406713923439384 0.00204398948699236 0.00238475203514099 0.00156897818669677 0.001832170994021 0.00233454210683703 0.00317429751157761 0.00402123713865876 0.00328791700303555 0.0031333826482296 0.00358268339186907 0.00341565511189401 0.0034781526774168 0.00394458184018731 0.00384655361995101 0.00388940586708486 0.00502271996811032 0.00556522002443671 0.00532358512282372 0.00570916477590799 0.00646174233406782 0.00870717503130436 0.0100190946832299 0.0102130128070712 0.00915803387761116 0.0130426939576864 0.0111340545117855 0.00982315931469202 0.0101473210379481 0.00739436084404588 0.00625026039779186 0.00801901239901781 0.0171057693660259 0.0147243477404118 0.0234506372362375 0.0230189524590969 0.0223386157304049 0.0257139224559069
0.00573658710345626 0.00764323817566037 0.00889258924871683 0.00529853720217943 0.00382738676853478 0.0055074468255043 0.00522560207173228 0.00474418047815561 0.00255941180512309 0.00344586954452097 0.00228158896788955 0.0023002892266959 0.00241674087010324 0.00310649978928268 0.00410366803407669 0.00409260112792253 0.00325298169627786 0.00347736827097833 0.00366404606029391 0.0049997279420495 0.00565038854256272 0.00494418619200587 0.00650183763355017 0.00720074586570263 0.00628745928406715 0.00606876006349921 0.00587118184193969 0.0074140215292573 0.00872835610061884 0.00951189640909433 0.0137478373944759 0.016767218708992 0.0121827395632863 0.0084394533187151 0.0102925905957818 0.00956670008599758 0.00834563281387091 0.0130636924877763 0.0231903661042452 0.024074912071228 0.0271027348935604 0.0420168451964855 0.0358866900205612 0.016090614721179
0.00757460808381438 0.00687019061297178 0.00837647449225187 0.00949758850038052 0.00534749450162053 0.00753710651770234 0.00563125684857368 0.00639677979052067 0.00507652340456843 0.00423998339101672 0.00541518302634358 0.0044940123334527 0.00333328125998378 0.00351933273486793 0.00451231515035033 0.00509476428851485 0.00608391826972365 0.00496038142591715 0.00483679492026567 0.00465219607576728 0.00514561077579856 0.00629354501143098 0.00597472628578544 0.00810593087226152 0.00933651346713305 0.00730171659961343 0.00583490310236812 0.00609249388799071 0.00685145985335112 0.00648725405335426 0.0104142148047686 0.0211748983711004 0.0182803645730019 0.0119639160111547 0.00950536970049143 0.0129879638552666 0.0177330393344164 0.0231972448527813 0.0223939996212721 0.0287960488349199 0.0323655903339386 0.0421007350087166 0.0605744011700153 0.0550957396626472
0.00373189058154821 0.00541844964027405 0.00842695031315088 0.0118995355442166 0.0145542379468679 0.0124983321875334 0.0118794962763786 0.00891983136534691 0.00991094019263983 0.0100907515734434 0.00830709189176559 0.00921069644391537 0.00568747147917747 0.00390277639962733 0.00398915819823742 0.00582252070307732 0.00872227549552917 0.00772860832512379 0.0086040822789073 0.00658913375809789 0.00570405786857009 0.00854403711855412 0.00778478663414717 0.00724298739805818 0.00726146111264825 0.0128593612462282 0.00759050296619534 0.00674526812508702 0.00593730667605996 0.00641573686152697 0.011126690544188 0.016473688185215 0.0253443252295256 0.0194051098078489 0.0139634544029832 0.0111186895519495 0.0155463283881545 0.0197970662266016 0.0226123239845037 0.032705832272768 0.0263891369104385 0.0291136130690575 0.0442600660026073 0.0577328503131866
0.00312975328415632 0.00477231480181217 0.00943483226001263 0.0119576063007116 0.0138579411432147 0.0162876378744841 0.0107731474563479 0.00868107378482819 0.0111155835911632 0.0113930907100439 0.0147866029292345 0.0118407411500812 0.00671645905822515 0.00562584027647972 0.00514929415658116 0.00641604047268629 0.00923863891512156 0.00960384588688612 0.00827678572386503 0.0104289911687374 0.0074365078471601 0.00838677957653999 0.0103068305179477 0.0104042422026396 0.00843141879886389 0.00885164551436901 0.0126918805763125 0.0109003353863955 0.00963759422302246 0.00797853525727987 0.00924231391400099 0.013295890763402 0.0297889523208141 0.0221104137599468 0.0184802394360304 0.016901234164834 0.0166908260434866 0.0235009826719761 0.0218417681753635 0.0206295698881149 0.04441262409091 0.0350954793393612 0.0479290410876274 0.0466839224100113
0.00341960974037647 0.00568603677675128 0.0102696968242526 0.0138257443904877 0.0137377334758639 0.00985131785273552 0.0123322419822216 0.00735015003010631 0.0056113637983799 0.00923744030296803 0.0102527746930718 0.015651386231184 0.00927513279020786 0.0061622173525393 0.00720459828153253 0.00658946484327316 0.00780377071350813 0.0101306792348623 0.00837279390543699 0.0124046187847853 0.00897083431482315 0.00789257138967514 0.00973186921328306 0.00719999661669135 0.00687705725431442 0.00790190044790506 0.00886699091643095 0.0104984128847718 0.0154391061514616 0.0126469871029258 0.011634330265224 0.0137302922084928 0.0216897688806057 0.0355590470135212 0.032443929463625 0.0326009169220924 0.0380515791475773 0.0180540420114994 0.0297498609870672 0.0199049971997738 0.0465380549430847 0.0408821441233158 0.056163027882576 0.0532901920378208
0.00558395078405738 0.00574594782665372 0.00926820002496243 0.0145464893430471 0.0117553556337953 0.00781432539224625 0.00789520889520645 0.00947851128876209 0.00954322423785925 0.00900992937386036 0.00854139775037766 0.0109402909874916 0.0152816707268357 0.00958047620952129 0.00783049128949642 0.00839940644800663 0.00921917427331209 0.00922269653528929 0.00739468447864056 0.0113142160698771 0.0127427764236927 0.00724937068298459 0.00848985370248556 0.00633683009073138 0.0054202675819397 0.00646084314212203 0.00695772934705019 0.00831932667642832 0.0117044299840927 0.0161352250725031 0.0122521668672562 0.0132243372499943 0.017883101478219 0.0187047328799963 0.0308851841837168 0.0320040322840214 0.0495928712189198 0.0432767607271671 0.0531521216034889 0.0495877042412758 0.0554870218038559 0.0687208697199821 0.0457483269274235 0.061317004263401
0.00743017205968499 0.00539111858233809 0.00776875484734774 0.0129801919683814 0.011487377807498 0.00847186520695686 0.00642507011070848 0.0073891244828701 0.00938981119543314 0.00991931930184364 0.0175128411501646 0.0189168136566877 0.0136430282145739 0.0106749581173062 0.0109483050182462 0.00795138999819756 0.0119142988696694 0.00904027745127678 0.00650043180212379 0.00700033735483885 0.0132139222696424 0.0107133984565735 0.00880457367748022 0.009018843062222 0.00706577580422163 0.00796872843056917 0.00724368914961815 0.0091077946126461 0.0129917487502098 0.0189190935343504 0.0235672146081924 0.0239739492535591 0.0183165390044451 0.0238985661417246 0.0271190702915192 0.0393177829682827 0.0311255678534508 0.0249942298978567 0.0376398712396622 0.0475477166473866 0.0666538998484612 0.0721089243888855 0.0741633996367455 0.0680445805191994
0.00913112331181765 0.00755104282870889 0.00737306335940957 0.00813267566263676 0.00901381019502878 0.0106123061850667 0.00750139961019158 0.0105998301878572 0.0078270211815834 0.0115071767941117 0.0209139138460159 0.0247404258698225 0.0162015352398157 0.00816586706787348 0.0149702234193683 0.0144790578633547 0.0113365659490228 0.0130405174568295 0.00837390869855881 0.00730830989778042 0.00822546985000372 0.0161603074520826 0.0145811289548874 0.0129753043875098 0.0103207100182772 0.0110390586778522 0.00788791757076979 0.0085748853161931 0.00930233579128981 0.0127077335491776 0.0128880077973008 0.0199432000517845 0.0349462889134884 0.0251952949911356 0.0300866700708866 0.0516358017921448 0.0383524112403393 0.031086377799511 0.0280693750828505 0.0405230894684792 0.0470897033810616 0.0756562948226929 0.0559924691915512 0.0442152284085751
0.0325660370290279 0.0332214497029781 0.0209766197949648 0.0158892814069986 0.0148739870637655 0.0128230294212699 0.0144652621820569 0.0123902456834912 0.0135311093181372 0.0174113437533379 0.0279489979147911 0.0285801738500595 0.0162658207118511 0.0179133955389261 0.0104306563735008 0.0187403913587332 0.0165834445506334 0.0175786968320608 0.0156666412949562 0.0116385938599706 0.00981390196830034 0.0141693688929081 0.0207095872610807 0.0176167041063309 0.0137058142572641 0.0148882260546088 0.0153141729533672 0.0123645318672061 0.011408407241106 0.011030375957489 0.0152880307286978 0.0196280218660831 0.0317431651055813 0.0276385489851236 0.0264872256666422 0.050504457205534 0.0648311302065849 0.0505117177963257 0.0323528423905373 0.0251614805310965 0.0327388942241669 0.0688190832734108 0.0811459347605705 0.0510497055947781
0.00940204318612814 0.0301193278282881 0.0254366919398308 0.0321310013532639 0.0219002831727266 0.0209260359406471 0.022494463250041 0.0234068594872952 0.0178013052791357 0.0249108504503965 0.0330668613314629 0.0266649145632982 0.0220409911125898 0.0281509403139353 0.0227276179939508 0.0173639059066772 0.0204347241669893 0.0166121311485767 0.026263102889061 0.0252703707665205 0.0177993960678577 0.0176781844347715 0.0169936940073967 0.0231373589485884 0.0202731974422932 0.0176404081285 0.0207096170634031 0.0199627988040447 0.016226863488555 0.0128531930968165 0.0140267852693796 0.0195040926337242 0.0325511395931244 0.0434882417321205 0.0469642318785191 0.0364782549440861 0.050226591527462 0.0521008558571339 0.0572372786700726 0.0477299466729164 0.0374966077506542 0.0512769371271133 0.0822510048747063 0.0426283106207848
0.0275649968534708 0.0302733853459358 0.0336066596210003 0.014878423884511 0.0139669608324766 0.0114126224070787 0.0146322026848793 0.0233984552323818 0.0264891516417265 0.0234642438590527 0.0186426397413015 0.0196882449090481 0.0133206760510802 0.00920523516833782 0.0267720464617014 0.0188965369015932 0.0287723615765572 0.0213739145547152 0.017494386062026 0.0275369342416525 0.0293195713311434 0.0261490698903799 0.0188919045031071 0.0213130377233028 0.0295660831034184 0.0203107967972755 0.0213963445276022 0.024798447266221 0.0225584581494331 0.018070662394166 0.0163061190396547 0.0148729933425784 0.0185871813446283 0.0279283709824085 0.0409541465342045 0.0449631884694099 0.0336154438555241 0.0513498969376087 0.0550622642040253 0.043534692376852 0.058844480663538 0.111486233770847 0.129320353269577 0.0965394899249077
0.0176196899265051 0.0142340986058116 0.0457547530531883 0.0307926032692194 0.0282606221735477 0.0191373843699694 0.024555241689086 0.0126786800101399 0.0176716689020395 0.0320135392248631 0.0138724921271205 0.0116233183071017 0.0104762045666575 0.0142506780102849 0.0242962166666985 0.0304985381662846 0.0348368063569069 0.0144485542550683 0.0215130932629108 0.0180504377931356 0.0262096244841814 0.0346870087087154 0.033579520881176 0.0236824061721563 0.0285928901284933 0.0292873401194811 0.0278428215533495 0.0279551707208157 0.0334128625690937 0.0249748192727566 0.029474500566721 0.0138880936428905 0.0195498801767826 0.0276251137256622 0.0537849403917789 0.0503839366137981 0.0251086968928576 0.0378889739513397 0.0375831536948681 0.043951291590929 0.0951166972517967 0.0771103054285049 0.0920326933264732 0.125448569655418
0.0160103421658278 0.0128945298492908 0.0150371240451932 0.0559135004878044 0.0306337717920542 0.0105930948629975 0.0208793636411428 0.0238313190639019 0.00787815824151039 0.00774815725162625 0.0146201197057962 0.0211456157267094 0.0258749984204769 0.0194935724139214 0.0189783275127411 0.0183730069547892 0.0404854454100132 0.0274300891906023 0.0319118089973927 0.0263519249856472 0.0180341023951769 0.0272734798491001 0.0344852358102798 0.0325788035988808 0.0255935024470091 0.0318356342613697 0.0283299498260021 0.0235856529325247 0.0315597616136074 0.0301264449954033 0.0452380105853081 0.0311589892953634 0.0166214127093554 0.0212406273931265 0.0589420050382614 0.0332813486456871 0.027533857151866 0.0320220030844212 0.0330116450786591 0.0540119111537933 0.0613640956580639 0.0616473481059074 0.0921880081295967 0.0689084082841873
0.0263137966394424 0.0158339571207762 0.0204883795231581 0.0395436249673367 0.0539680011570454 0.0165785700082779 0.0344292223453522 0.0384285449981689 0.034795667976141 0.0133298682048917 0.0082636559382081 0.0123381922021508 0.0327187776565552 0.0375407449901104 0.0236617438495159 0.0148016596212983 0.0236334782093763 0.0447566695511341 0.0279919039458036 0.0216549877077341 0.0297559294849634 0.0254466868937016 0.0278061591088772 0.0270578004419804 0.0346221029758453 0.0297579411417246 0.0438409224152565 0.0202881265431643 0.0204125326126814 0.0408276841044426 0.0357820428907871 0.0589562691748142 0.0283475276082754 0.0437542758882046 0.0767396837472916 0.0749322772026062 0.0447993762791157 0.0367012731730938 0.0357160270214081 0.028349032625556 0.0450802855193615 0.0490343309938908 0.0529178902506828 0.032376054674387
0.0333532467484474 0.0289752967655659 0.0303222071379423 0.0688786804676056 0.0528215914964676 0.0318213403224945 0.0492194406688213 0.0221584346145391 0.0185797810554504 0.0139474309980869 0.00857081077992916 0.0117118051275611 0.0215959921479225 0.0256936904042959 0.0382456965744495 0.0280741024762392 0.0166485551744699 0.022680900990963 0.0463578067719936 0.0310399401932955 0.0277722589671612 0.0213054772466421 0.0235155038535595 0.0228211618959904 0.0407341048121452 0.0285703483968973 0.0383757092058659 0.0451078712940216 0.0276845805346966 0.0321216508746147 0.0349956452846527 0.0711098611354828 0.0660603493452072 0.0661223009228706 0.0333967544138432 0.0450263284146786 0.102960288524628 0.0581868216395378 0.0556352399289608 0.0547809675335884 0.0651296451687813 0.0649872794747353 0.060615811496973 0.124856807291508
