data/climate_estimation/maxent_output/Paris_forrestii.asc
NCOLS 71 
NROWS 146 
XLLCORNER 98.0833333333333 
YLLCORNER 24.6666666666667 
CELLSIZE 0.0833333333333334 
NODATA_value -3.4e+38 
[rows 20 to 39 of 146, columns 0 to 43 of 71]
0.000124490456073545 0.000124490456073545 9.83277204795741e-05 0.000107574305729941 0.000142700679134578 0.000127383027574979 0.000134502290165983 0.000135279493406415 0.000149128725752234 0.000168763086549006 0.000144927224027924 0.000150618143379688 0.000144668010761961 0.000133849447593093 0.000229329874855466 0.000232384831178933 0.000260331609752029 0.000178493486600928 0.000221325171878561 0.000331303715938702 0.000250756944296882 0.000217612177948467 0.000246490235440433 0.000361550250090659 0.000244239548919722 0.000439112191088498 0.000537996937055141 0.000488502322696149 0.000490697391796857 0.000680807570461184 0.000928513356484473 0.00131114409305155 0.00129617657512426 0.00132462033070624 0.00117857963778079 0.00144253822509199 0.001443843357265 0.00156497699208558 0.00187522650230676 0.00233123009093106 0.00275628990493715 0.00181035581044853 0.00211122981272638 0.00326092494651675
0.000161864591063932 0.000127041814266704 0.000112448615254834 0.000108760228613392 0.000151655360241421 0.00015622194041498 0.000123457459267229 9.44559797062539e-05 0.000113382950075902 0.00014740957703907 8.59309075167403e-05 0.000130812244606204 0.000155858404468745 0.000235465151490644 0.000251152290729806 0.000146681457408704 0.000148116538184695 0.000196756358491257 0.00018240739882458 0.000233782557188533 0.000269694020971656 0.000275890110060573 0.000316023972118273 0.00023970557958819 0.000347403169143945 0.00069327699020505 0.000641409133095294 0.000523219408933073 0.000577069004066288 0.000649634166620672 0.000801293004769832 0.000909312278963625 0.000994818517938256 0.000997327268123627 0.000897913880180568 0.00113451981451362 0.00137242639902979 0.0017481796676293 0.00278559187427163 0.00324085401371121 0.00368302990682423 0.00405202014371753 0.0040706149302423 0.00480914395302534
0.00019213417544961 0.000119837604870554 0.000108052176074125 0.000117677103844471 0.000184549920959398 0.000198104258743115 0.000157679969561286 0.000128665487864055 9.23379411688074e-05 0.000108346801425796 9.32408656808548e-05 7.4599105573725e-05 0.000139997704536654 0.000146474369103089 0.000230523219215684 0.000159809846081771 9.15013370104134e-05 9.97702954919077e-05 0.000103678517916705 9.11318929865956e-05 0.000250174896791577 0.000138296105433255 0.000356765696778893 0.000316306279273704 0.000365042884368449 0.00037252958281897 0.0006391167989932 0.000485585362184793 0.000383799895644188 0.000401734083425254 0.0004648654430639 0.000720425217878073 0.000931606395170093 0.000959173426963389 0.000836807244922966 0.00130878377240151 0.00194669142365456 0.00272046029567719 0.00324579863809049 0.0039777266792953 0.00373784336261451 0.00436926959082484 0.00532137509435415 0.0053780940361321
0.000233081562328152 0.000214598359889351 0.000196103865164332 0.000174712753505446 0.000210950907785445 0.000220442743739113 0.000196981607587077 0.000160831157700159 0.00012522388715297 7.65029981266707e-05 0.00011920090764761 8.26780524221249e-05 8.81227097124793e-05 0.000135189140564762 0.000200703303562477 0.000143613448017277 8.82334206835367e-05 0.000144318531965837 0.000149483254062943 0.000127166407764889 0.000105374143458903 0.000216008906136267 0.000218447239603847 0.000259008316788822 0.00027688784757629 0.000430246349424124 0.000778241024818271 0.000559289066586643 0.000498977606184781 0.000571363081689924 0.000627855304628611 0.000591852469369769 0.000727369973901659 0.00101516838185489 0.000964822014793754 0.000938753597438335 0.00162406114395708 0.00264259637333453 0.00297362054698169 0.00366360764019191 0.00519464537501335 0.00574406608939171 0.00664606830105186 0.00656230561435223
0.000265320180915296 0.000261469424003735 0.000266901799477637 0.000254708429565653 0.000238344116951339 0.000222743736230768 0.000227112730499357 0.000213513892958872 0.000180945469764993 0.000114128823042847 0.000100022261904087 0.000111250221380033 9.26783322938718e-05 0.000147357161040418 0.000167783000506461 0.000186211531399749 2.87053935608128e-05 0.000114048918476328 0.000134474321384914 0.000390027591492981 0.000223185692448169 0.000279579951893538 0.000359489000402391 0.000400029064621776 0.000440047035226598 0.000465699762571603 0.000440498202806339 0.000717631890438497 0.000836390536278486 0.00101938948500901 0.00057999457931146 0.000951028778217733 0.00136699446011335 0.00146472663618624 0.00187810731586069 0.00144839892163873 0.00179907691199332 0.0026485116686672 0.00424136547371745 0.00525212986394763 0.0064270282164216 0.00699053797870874 0.00688572507351637 0.00730723142623901
0.00029124939464964 0.000260168191744015 0.000271731289103627 0.000279038154985756 0.000233907951042056 0.000259746506344527 0.000275883154245093 0.000292386946966872 0.000236513631534763 0.000233654180192389 0.00016659963876009 0.000121594683150761 0.000150883264723234 0.000132522705825977 0.000122141893371008 0.000141350770718418 0.000107550557004288 5.96640093135647e-05 0.000222234011744149 0.000164496173965745 0.000170866216649301 0.000301513908198103 0.000346239132340997 0.000292931072181091 0.000400487857405096 0.000417787756305188 0.000323575572110713 0.000433264387538657 0.000430356623837724 0.00126779323909432 0.00185023131780326 0.00196558306924999 0.00245915772393346 0.00279320497065783 0.00233418354764581 0.00176943244878203 0.0021397799719125 0.00203043385408819 0.00366538832895458 0.00531170517206192 0.0075139831751585 0.00840215850621462 0.0085749477148056 0.00740540213882923
0.000366456864867359 0.000370383320841938 0.00031882175244391 0.000366129301255569 0.000252285273745656 0.000252120342338458 0.000318586215144023 0.000375087402062491 0.000365898653399199 0.00026971340412274 0.0002497952664271 0.000162736207130365 0.000195979751879349 0.00015085308405105 0.000125909369671717 0.000108070918940939 0.000118658899737056 0.000166118799825199 0.000281850952887908 0.000289847870590165 0.000224862829782069 0.000387459062039852 0.000251022720476612 0.00026853775489144 0.000488806457724422 0.000466049881651998 0.000362855673301965 0.000549427990335971 0.000657733471598476 0.00140427937731147 0.00137023557908833 0.00188955198973417 0.00149170460645109 0.00248099560849369 0.00192868115846068 0.002199771348387 0.00286620506085455 0.00286793988198042 0.00461064651608467 0.00589122856035829 0.00703779235482216 0.0077727846801281 0.00769929029047489 0.00708854850381613
0.000360660429578274 0.000400592543883249 0.000417989213019609 0.000405902945203707 0.000375525007257238 0.000244541355641559 0.000247030315222219 0.000377666903659701 0.000478909234516323 0.000412626715842634 0.00036662005004473 0.000248154858127236 0.000273482059128582 0.000231027966947295 0.000217443230212666 0.000172560306964442 0.000161128467880189 0.000221416747081093 0.000278014136711136 0.000332033960148692 0.000344111176673323 0.000296379817882553 0.000512652681209147 0.000333581090671942 0.000629118061624467 0.000555274484213442 0.000685534032527357 0.000545730290468782 0.000799881410785019 0.00110389338806272 0.000990300439298153 0.00151502888184041 0.00124087394215167 0.00257049035280943 0.00356717105023563 0.00406530266627669 0.00291099445894361 0.00464973924681544 0.00493690324947238 0.00540502462536097 0.00507769081741571 0.00608917931094766 0.00599561119452119 0.00632390333339572
0.000374635012121871 0.000288711307803169 0.000300225394312292 0.000335373304551467 0.000470199040137231 0.000458368798717856 0.000371144851669669 0.000557851453777403 0.000597516365814954 0.000537460437044501 0.000515086692757905 0.000462774070911109 0.000339126330800354 0.000397967000026256 0.000244337192270905 0.000153232758748345 0.000159043644089252 0.000213055536733009 0.000303205189993605 0.000320879596984014 0.00047283255844377 0.00065107032423839 0.000438262242823839 0.000654855801258236 0.000825581606477499 0.000825964729301631 0.000897174351848662 0.00097118760459125 0.000626229215413332 0.000935856602154672 0.000902448140550405 0.00140925962477922 0.00142526032868773 0.0023405090905726 0.00300293508917093 0.00372879207134247 0.00481350999325514 0.0046875448897481 0.00299757882021368 0.00401423778384924 0.00541705824434757 0.00538985105231404 0.00479486444965005 0.00479704048484564
0.000387936685001478 0.000453256710898131 0.000347121269442141 0.000342218205332756 0.000479811511468142 0.000590733368881047 0.0006428929627873 0.000625541608314961 0.000581877189688385 0.000480847957078367 0.000454536901088431 0.000609017442911863 0.000501732050906867 0.00050557340728119 0.000341067818226293 0.000243830771069042 0.000275039812549949 0.000231969548622146 0.000230475459829904 0.000275908183539286 0.000327234098222107 0.000354176067048684 0.000527659198269248 0.000743348500691354 0.000836478371638805 0.00122234283480793 0.000837636354845017 0.00159709411673248 0.000978336553089321 0.00075410190038383 0.000700431352015585 0.00101708259899169 0.00177385006099939 0.00131624611094594 0.00171235110610723 0.00220693508163095 0.00424107443541288 0.00559594295918941 0.00451351189985871 0.00542685994878411 0.00533211231231689 0.00385138252750039 0.00416458258405328 0.00651327986270189
0.000441737181972712 0.000446058867964894 0.000558724394068122 0.000465924676973373 0.000444982113549486 0.000513877370394766 0.000604490574914962 0.000751543382648379 0.000740951916668564 0.000575352925807238 0.00063759833574295 0.000819356821011752 0.000788082019425929 0.000669069006107748 0.000552777259144932 0.000474537839181721 0.000495432177558541 0.000359038298483938 0.000262764398939908 0.000294193043373525 0.000363357976311818 0.000513271777890623 0.000485722033772618 0.000275540543952957 0.000340249272994697 0.000529756711330265 0.000644446234218776 0.000731716630980372 0.00100574211683124 0.00102666101884097 0.00102669722400606 0.00108969979919493 0.00166574295144528 0.00239973003044724 0.00341564882546663 0.00361775769852102 0.00432247761636972 0.00692553492262959 0.00808122381567955 0.00749716581776738 0.00711319642141461 0.00670924549922347 0.00549578759819269 0.00583456689491868
0.000398848089389503 0.000433001085184515 0.000599455204792321 0.000595392775721848 0.000545376271475106 0.000536114384885877 0.000627724570222199 0.000725263089407235 0.000773605366703123 0.000903186271898448 0.000791216909419745 0.000938631244935095 0.000716315873432904 0.000709235144313425 0.00062762841116637 0.000531391066033393 0.000644165615085512 0.000702482066117227 0.000464065524283797 0.000410044041927904 0.000478862464660779 0.000604285218287259 0.000898026337381452 0.000870407151523978 0.000397230498492718 0.000514191691763699 0.000669226516038179 0.000876822741702199 0.00138980045448989 0.00149942305870354 0.00137676566373557 0.00174184644129127 0.00152911886107177 0.00251407385803759 0.00266638002358377 0.00441162521019578 0.00438375677913427 0.0049858158454299 0.0067629455588758 0.00910709146410227 0.0110922316089272 0.0107668247073889 0.0087801506742835 0.00679213693365455
0.000509194505866617 0.00048376974882558 0.000632792769465595 0.000766008743084967 0.000675851479172707 0.00058841286227107 0.000653319351840764 0.000686312618199736 0.000688834290485829 0.000827653508167714 0.00102361047174782 0.00122524157632142 0.000870925083290786 0.000621482729911804 0.000685890438035131 0.000679859600495547 0.000686966755893081 0.000922388222534209 0.00103571568615735 0.00105683738365769 0.000811837322544307 0.000741206051316112 0.000436529313446954 0.000528276315890253 0.000715545087587088 0.000819501408841461 0.000948076718486845 0.00113392097409815 0.00113258033525199 0.00109526515007019 0.00175119680352509 0.00200792239047587 0.00249466393142939 0.00315173505805433 0.00202782033011317 0.00140906078740954 0.00195319298654795 0.0026301525067538 0.00280257943086326 0.00318600935861468 0.00449649803340435 0.00851350091397762 0.0120989959686995 0.0127276638522744
0.000490412523504347 0.000652234419248998 0.000752657477278262 0.000828561140224338 0.000792407197877765 0.000601856387220323 0.000509492470882833 0.000636001990642399 0.000911308685317636 0.00107650156132877 0.00097639870364219 0.00135971466079354 0.00106846471317112 0.000712048262357712 0.000665054772980511 0.000961127516347915 0.00132442393805832 0.00111872376874089 0.00125253468286246 0.00137890654150397 0.00154537672642618 0.00142279337160289 0.000680706696584821 0.000668949447572231 0.000676514755468816 0.000677992531564087 0.000841022178065032 0.0015118079027161 0.00115783768706024 0.00230031460523605 0.00265571242198348 0.00214148731902242 0.0040446138009429 0.00154067086987197 0.00216744001954794 0.00307751330547035 0.00321251689456403 0.0022133132442832 0.00393604021519423 0.00427279202267528 0.00368152977898717 0.00337330717593431 0.00713622011244297 0.0114960577338934
0.000487307086586952 0.000593493750784546 0.000655202893540263 0.000742397154681385 0.000782388611696661 0.000820974935777485 0.00066513114143163 0.000771329505369067 0.000896636280231178 0.00123113591689616 0.00104794465005398 0.00141787983011454 0.00126605434343219 0.000989315798506141 0.000910474045667797 0.000869070936460048 0.00148880551569164 0.00174576137214899 0.00159493996761739 0.0014432230964303 0.00167042051907629 0.0020213290117681 0.00203153933398426 0.000965419691056013 0.00076467078179121 0.00123404862824827 0.00128879642579705 0.00134047563187778 0.0015596995363012 0.00159368105232716 0.00243274611420929 0.0035743610933423 0.00455273175612092 0.00186542561277747 0.00183744251262397 0.00274007115513086 0.0028765017632395 0.00425498001277447 0.00490206852555275 0.00457437708973885 0.00624493835493922 0.00838780496269464 0.00534890545532107 0.00943425297737122
0.000644840707536787 0.000804898620117456 0.000727359962183982 0.000686330953612924 0.000765168224461377 0.000893029966391623 0.000727588834706694 0.000808508892077953 0.00114659010432661 0.00116169929970056 0.0015240628272295 0.000886913971044123 0.00131025142036378 0.00169841467868537 0.000844871625304222 0.00130105263087898 0.00168409629259259 0.00196682568639517 0.00222673895768821 0.00187685363925993 0.00170352088753134 0.000967168831266463 0.00119971216190606 0.00164896424394101 0.0013324684696272 0.00190661626402289 0.00121816096361727 0.00122843065764755 0.0014784203376621 0.00356423645280302 0.00481648463755846 0.00354539323598146 0.00536354212090373 0.00266302470117807 0.00381907285191119 0.00480765523388982 0.00446624914184213 0.0040587168186903 0.00633315928280354 0.00289105833508074 0.0085436487570405 0.00889916531741619 0.0143917258828878 0.00956545863300562
0.000720611889846623 0.00104299944359809 0.00102490710560232 0.000902105122804642 0.00079183850903064 0.000795513042248785 0.000763809424825013 0.000872899428941309 0.001142363762483 0.00149994646199048 0.00174455274827778 0.00105592852924019 0.00131508021149784 0.00224445411004126 0.0015905030304566 0.00244417646899819 0.00290765147656202 0.00273518194444478 0.00272394833154976 0.0031182796228677 0.00312321120873094 0.00157588499132544 0.00116911379154772 0.0021451807115227 0.0015831101918593 0.00207184930332005 0.00334997428581119 0.00309490505605936 0.00284052267670631 0.00302167818881571 0.00380798359401524 0.00194822798948735 0.0031024778727442 0.00431536696851254 0.00357312196865678 0.00593592645600438 0.00638945028185844 0.00617774808779359 0.00901872850954533 0.00810840912163258 0.0048378761857748 0.0149257201701403 0.014015425927937 0.0202901065349579
0.001252811984159 0.00105432351119816 0.00127863604575396 0.00100827484857291 0.000880507926922292 0.000725570367649198 0.000718554831109941 0.000947650754824281 0.000907031702809036 0.00168783299159259 0.00184890872333199 0.00184283731505275 0.00158577028196305 0.00207739765755832 0.00272327405400574 0.0028904324863106 0.00286825792863965 0.00231723347678781 0.00244001136161387 0.00252002780325711 0.00131682539358735 0.00188306893687695 0.00217994442209601 0.00322334561496973 0.00277419132180512 0.0029555989895016 0.00454786978662014 0.00371112860739231 0.00316770956851542 0.00323714525438845 0.0052117807790637 0.00210385606624186 0.00201865611597896 0.00313819013535976 0.00508420215919614 0.00577522814273834 0.00650086626410484 0.00828298553824425 0.0119148343801498 0.0134358257055283 0.0154186440631747 0.0176131501793861 0.0238035507500172 0.0244702473282814
0.001279286458157 0.00100064114667475 0.00129952852148563 0.00127910054288805 0.000932801165618002 0.00094171310774982 0.000772519910242409 0.000907999987248331 0.00114094314631075 0.00155073124915361 0.00189632084220648 0.00160469184629619 0.00130208942573518 0.00189025071449578 0.00176840298809111 0.00208393018692732 0.00319482781924307 0.00249535054899752 0.00173872499726713 0.00224631745368242 0.0019822814501822 0.00264479243196547 0.00278124422766268 0.0044579696841538 0.00351950083859265 0.00541315041482449 0.00432324828580022 0.00243077916093171 0.00271843723021448 0.00398534070700407 0.00584498327225447 0.00259498925879598 0.00288527482189238 0.00393207557499409 0.00591298192739487 0.00821662414819002 0.00736652594059706 0.00945201050490141 0.01182796433568 0.0134285418316722 0.00787846092134714 0.0114782443270087 0.00985674373805523 0.015297669917345
0.00132208724971861 0.00108052860014141 0.0014153013471514 0.00143506936728954 0.00126074417494237 0.000988077837973833 0.000770138227380812 0.000832928402815014 0.00104568351525813 0.00164040550589561 0.00145153421908617 0.00107478781137615 0.000992356333881617 0.00137559999711812 0.00178157316986471 0.00159392063505948 0.00243961904197931 0.00267883436754346 0.00240034749731421 0.00232974509708583 0.0031391722150147 0.0034128746483475 0.00357314222492278 0.00308120483532548 0.00417962996289134 0.00426920503377914 0.00362520199269056 0.00334258121438324 0.00171453214716166 0.0015665132086724 0.00323906354606152 0.00296511896885931 0.00406987639144063 0.00596526404842734 0.00773810874670744 0.00692999316379428 0.00701859826222062 0.0107299154624343 0.0128746423870325 0.00663387635722756 0.00750695262104273 0.0131486123427749 0.00851389113813639 0.012017460539937
