data/climate_estimation/maxent_output/Paris_fargesii.asc
NCOLS 218 
NROWS 159 
XLLCORNER 98.25 
YLLCORNER 23.5833333333333 
CELLSIZE 0.0833333333333333 
NODATA_value -3.4e+38 
[rows 20 to 39 of 159, columns 132 to 175 of 218]
0.0330550596117973 0.0324988886713982 0.0320030264556408 0.0320019610226154 0.0332746915519238 0.0345439612865448 0.0343612283468246 0.0336111485958099 0.0327772423624992 0.0326294898986816 0.0326993651688099 0.0333191491663456 0.0328034237027168 0.032739844173193 0.0316050983965397 0.0303403753787279 0.0311601534485817 0.0302493702620268 0.0315313749015331 0.0333068296313286 0.0354146286845207 0.0376288518309593 0.0399100333452225 0.0378882251679897 0.0341914743185043 0.0336732640862465 0.0350970476865768 0.038687702268362 0.0440232791006565 0.054409570991993 0.0673841163516045 0.0706134364008904 0.0743372440338135 0.0788865461945534 0.0819643288850784 0.0901111662387848 0.0917460918426514 0.0957422107458115 0.103968389332294 0.114255383610725 0.11359216272831 0.118249639868736 0.117704920470715 0.120177052915096
0.0336452722549438 0.0357655771076679 0.0351803936064243 0.0342131927609444 0.0330748520791531 0.0344977900385857 0.0358906127512455 0.0349255129694939 0.034439604729414 0.0351915322244167 0.0353245362639427 0.0342958047986031 0.0346642807126045 0.0338853970170021 0.0332480818033218 0.0319879204034805 0.0321431457996368 0.031787034124136 0.0314115509390831 0.030457504093647 0.0346659831702709 0.0379454642534256 0.0375239625573158 0.0317173153162003 0.0329369381070137 0.0330569818615913 0.0379606708884239 0.0412527546286583 0.0484267733991146 0.0549839958548546 0.0660319253802299 0.0708163380622864 0.0740109458565712 0.082394190132618 0.0921140313148499 0.0936157330870628 0.0978280454874039 0.105973593890667 0.110890932381153 0.118948452174664 0.12024699151516 0.1243936419487 0.127384781837463 0.124282479286194
0.0409865118563175 0.0393659733235836 0.0373850129544735 0.0352963656187057 0.0360705256462097 0.0356053784489632 0.0371803194284439 0.037296287715435 0.0372047759592533 0.0367814712226391 0.0361284352838993 0.0377975441515446 0.036950409412384 0.0356867574155331 0.0346953608095646 0.0329726971685886 0.032635074108839 0.0321495458483696 0.029201427474618 0.0299211349338293 0.0302015654742718 0.0318758822977543 0.0285981129854918 0.0304516907781363 0.0334718711674213 0.035689327865839 0.0402009896934032 0.0471273139119148 0.05459139123559 0.0578652992844582 0.0610420629382133 0.0626867935061455 0.0661329254508018 0.0836549401283264 0.0943044647574425 0.103274501860142 0.107243940234184 0.111114852130413 0.120489083230495 0.125837758183479 0.126562774181366 0.130835562944412 0.128910809755325 0.130402997136116
0.0426042824983597 0.0404016524553299 0.0379769504070282 0.0350197106599808 0.0356387756764889 0.0366697162389755 0.0385857038199902 0.0380452200770378 0.0384694412350655 0.0383531339466572 0.0392906256020069 0.0380604080855846 0.0372432433068752 0.0368499755859375 0.0353775732219219 0.0345883145928383 0.0327003076672554 0.0309782400727272 0.0307931378483772 0.0293452721089125 0.0302433334290981 0.0275322757661343 0.0266953948885202 0.0306293237954378 0.0337642431259155 0.0395600758492947 0.0432655028998852 0.050948228687048 0.0561866462230682 0.0551160611212254 0.0563192814588547 0.0604566894471645 0.0729193910956383 0.08732670545578 0.099579319357872 0.108167245984077 0.108748711645603 0.116696618497372 0.123951256275177 0.133658230304718 0.136154100298882 0.132439896464348 0.13740648329258 0.133154705166817
0.0440142825245857 0.0395327247679234 0.0368177592754364 0.035592332482338 0.0362870842218399 0.0391755066812038 0.0402256026864052 0.0407984293997288 0.0408712476491928 0.0408273562788963 0.0417148396372795 0.0401530675590038 0.0400860495865345 0.0406159497797489 0.0380341894924641 0.0363225266337395 0.0350034572184086 0.0344667173922062 0.0316924303770065 0.0273279249668121 0.0239141006022692 0.0241801049560308 0.0317647978663445 0.0338050425052643 0.0361695401370525 0.0413498356938362 0.0452913083136082 0.0518408790230751 0.0543878711760044 0.0624207630753517 0.0670502036809921 0.0736957788467407 0.0862439721822739 0.0948641374707222 0.101355619728565 0.109250865876675 0.117770828306675 0.122164711356163 0.126885414123535 0.133534237742424 0.138337254524231 0.140035673975945 0.142039149999619 0.143468886613846
0.0442241318523884 0.0396898873150349 0.0368823520839214 0.0375298783183098 0.0402220860123634 0.0400913171470165 0.0407673716545105 0.0421041697263718 0.0428586788475513 0.0440057069063187 0.0445712059736252 0.0442642755806446 0.0434423163533211 0.0424716211855412 0.039773978292942 0.0381501130759716 0.035718210041523 0.0333635024726391 0.0313895083963871 0.0299579426646233 0.0298310238867998 0.0305961519479752 0.0308562368154526 0.0325319468975067 0.038977961987257 0.0425157770514488 0.048664566129446 0.0520150773227215 0.0591726079583168 0.0649922266602516 0.0731818899512291 0.083244763314724 0.0904992744326591 0.0983110815286636 0.109900951385498 0.122017808258533 0.130597293376923 0.138110354542732 0.144963994622231 0.149038597941399 0.14870622754097 0.14825926721096 0.148123309016228 0.153782427310944
0.0424106642603874 0.0391873084008694 0.0369577296078205 0.0390325151383877 0.040576595813036 0.0423866361379623 0.0434630028903484 0.0454771034419537 0.0480399541556835 0.0467825531959534 0.0477170832455158 0.0479357801377773 0.0477927476167679 0.0453766770660877 0.0443811193108559 0.0436864569783211 0.04102823138237 0.040596429258585 0.0381463468074799 0.034983154386282 0.0320269092917442 0.0340043306350708 0.037495207041502 0.0404099076986313 0.0454391688108444 0.0494375713169575 0.0531725250184536 0.0577363483607769 0.0631625950336456 0.0719976052641869 0.0795003399252892 0.0870018377900124 0.0982625484466553 0.106978833675385 0.115754872560501 0.12514939904213 0.136935859918594 0.151972621679306 0.154176294803619 0.155035272240639 0.157956749200821 0.154216572642326 0.157151773571968 0.15308503806591
0.0423658713698387 0.0377510488033295 0.0392907038331032 0.0399292819201946 0.0420666746795177 0.0444830842316151 0.0458191148936749 0.049960657954216 0.0514452755451202 0.0540253669023514 0.0525976829230785 0.0534083470702171 0.0531002283096313 0.0513656251132488 0.0493180640041828 0.0497329346835613 0.0458294488489628 0.0436671487987041 0.0420537926256657 0.040055938065052 0.0395932346582413 0.0428487919270992 0.0491495952010155 0.0508012324571609 0.0530598685145378 0.0561274364590645 0.0579928569495678 0.0630325749516487 0.0698860809206963 0.0825614333152771 0.0904404520988464 0.0991948768496513 0.112601235508919 0.122294798493385 0.126977875828743 0.137854725122452 0.144618943333626 0.158182665705681 0.161198571324348 0.155987828969955 0.160554736852646 0.15705718100071 0.158633351325989 0.156638070940971
0.042360745370388 0.0402650497853756 0.0430873706936836 0.0465688407421112 0.0492634139955044 0.0529988929629326 0.057669498026371 0.0586856305599213 0.0625065043568611 0.061933733522892 0.0582300424575806 0.0621007271111012 0.0629921555519104 0.0629919022321701 0.0569093972444534 0.0576911866664886 0.0577950552105904 0.0562699474394321 0.0537428222596645 0.0502777844667435 0.0512713529169559 0.0521370582282543 0.0598277077078819 0.0577014461159706 0.060838907957077 0.0635039657354355 0.0683636665344238 0.0746136903762817 0.0810050293803215 0.090063251554966 0.100008994340897 0.109343320131302 0.119095847010612 0.124883309006691 0.125428959727287 0.131632640957832 0.14705266058445 0.150690257549286 0.163672581315041 0.166256964206696 0.167263597249985 0.155540853738785 0.152480378746986 0.158247366547585
0.0453314110636711 0.0468130074441433 0.0488209649920464 0.0517558418214321 0.05396868288517 0.0616009421646595 0.0632768422365189 0.0555625110864639 0.0610120184719563 0.0667192339897156 0.0675240084528923 0.0702039897441864 0.0676511600613594 0.0672420561313629 0.0627801418304443 0.0648593679070473 0.0661787092685699 0.0666781961917877 0.0649748742580414 0.0657052770256996 0.0663730055093765 0.0658646151423454 0.06715177744627 0.0688574239611626 0.0699916183948517 0.0731562376022339 0.0820003598928452 0.0867968797683716 0.0932581201195717 0.100064128637314 0.107199035584927 0.103874951601028 0.109140440821648 0.119846872985363 0.133333936333656 0.144880816340446 0.15329621732235 0.16908785700798 0.177682176232338 0.178478017449379 0.169062227010727 0.167804330587387 0.170484393835068 0.170083209872246
0.0501656457781792 0.0559688434004784 0.0575852692127228 0.0629735887050629 0.0665367469191551 0.0690031871199608 0.0615086629986763 0.0694736242294312 0.0722047910094261 0.0778276845812798 0.0791095122694969 0.0775799825787544 0.0796512290835381 0.0758299827575684 0.0764316692948341 0.0776604562997818 0.0785701349377632 0.0750196278095245 0.0758045837283134 0.0757216736674309 0.0750051587820053 0.078124113380909 0.0809203460812569 0.0820087715983391 0.0830104053020477 0.0876869261264801 0.0941066890954971 0.0976795330643654 0.099674716591835 0.1031588986516 0.0921764597296715 0.101485013961792 0.115960076451302 0.127124831080437 0.14765901863575 0.161541253328323 0.170371815562248 0.173515006899834 0.174695312976837 0.176226928830147 0.183899730443954 0.184123575687408 0.18679878115654 0.185154959559441
0.0499443784356117 0.0576911717653275 0.062239021062851 0.0683735013008118 0.0703928768634796 0.0717530101537704 0.0764585509896278 0.0823639631271362 0.0872336700558662 0.0871139168739319 0.0924506038427353 0.0875671580433846 0.0908182039856911 0.0908605381846428 0.0874338299036026 0.0852583050727844 0.0885351374745369 0.0852540209889412 0.0854591429233551 0.086343802511692 0.085649348795414 0.0853793695569038 0.0914312601089478 0.0979698970913887 0.101226307451725 0.0998162776231766 0.103822834789753 0.102129310369492 0.104119203984737 0.0960627049207687 0.11218298971653 0.124464064836502 0.13456754386425 0.15360601246357 0.16225291788578 0.164751380681992 0.169187694787979 0.169227406382561 0.176704049110413 0.192469105124474 0.191403731703758 0.193965166807175 0.203024238348007 0.2035301476717
0.0567588582634926 0.0609488263726234 0.0732407867908478 0.0779301151633263 0.0836620554327965 0.084454134106636 0.0881058126688004 0.0922536477446556 0.0955252051353455 0.101554110646248 0.101730182766914 0.102607883512974 0.103314526379108 0.10535079985857 0.103151142597198 0.10019351541996 0.0994635745882988 0.0960462540388107 0.096701055765152 0.10206264257431 0.103258982300758 0.112402886152267 0.116859368979931 0.117685690522194 0.103704020380974 0.0983430370688438 0.0930479094386101 0.102669328451157 0.104309104382992 0.113406129181385 0.129252031445503 0.141913220286369 0.1485825330019 0.165473222732544 0.172610431909561 0.172512903809547 0.179084166884422 0.187409698963165 0.195196926593781 0.20592950284481 0.209787428379059 0.210922420024872 0.208086177706718 0.213228940963745
0.0656664147973061 0.0736798569560051 0.084325298666954 0.0849518924951553 0.0907242521643639 0.0950804278254509 0.10344086587429 0.105700485408306 0.113270170986652 0.116017110645771 0.114278025925159 0.114873506128788 0.117452189326286 0.114005975425243 0.114604100584984 0.113836608827114 0.11736124008894 0.116095945239067 0.116925559937954 0.121520519256592 0.128629848361015 0.141579806804657 0.135786861181259 0.126475423574448 0.118738755583763 0.114512257277966 0.12806361913681 0.131379976868629 0.137070685625076 0.143581882119179 0.153388261795044 0.15964663028717 0.159690022468567 0.165380507707596 0.164142295718193 0.177599355578423 0.183694705367088 0.187435060739517 0.197045862674713 0.204321518540382 0.211355850100517 0.219011142849922 0.230312079191208 0.225389331579208
0.0820779949426651 0.0870078131556511 0.091302827000618 0.0942182168364525 0.0983593240380287 0.104809731245041 0.114195816218853 0.12183989584446 0.132391378283501 0.123203702270985 0.123113602399826 0.123774610459805 0.122051753103733 0.122412770986557 0.128680616617203 0.133344247937202 0.132051035761833 0.135196194052696 0.138551712036133 0.145874366164207 0.147944375872612 0.148839712142944 0.129518121480942 0.12473301589489 0.116656839847565 0.116280056536198 0.123895615339279 0.132026821374893 0.143251180648804 0.16440849006176 0.16395802795887 0.164986804127693 0.166015461087227 0.165644004940987 0.174786821007729 0.176136121153831 0.183748006820679 0.187832817435265 0.203152105212212 0.226044222712517 0.234206527471542 0.227033466100693 0.236908763647079 0.235917419195175
0.0908751711249352 0.0968292355537415 0.0987206175923347 0.104717262089252 0.108355522155762 0.115822143852711 0.120910152792931 0.132291436195374 0.141432479023933 0.138433381915092 0.142788022756577 0.140522852540016 0.138450965285301 0.130013406276703 0.138993784785271 0.139499589800835 0.136839911341667 0.141708925366402 0.147908121347427 0.144554018974304 0.146167412400246 0.148107767105103 0.1548161059618 0.145903050899506 0.141285821795464 0.135363310575485 0.13915553689003 0.148549571633339 0.137583032250404 0.167853385210037 0.172230944037437 0.182791471481323 0.172857373952866 0.161056101322174 0.191448330879211 0.187163755297661 0.19135907292366 0.188607409596443 0.211759388446808 0.236617460846901 0.246073141694069 0.255877643823624 0.245707035064697 0.25182381272316
0.0997304618358612 0.103803291916847 0.105193473398685 0.107268661260605 0.111894488334656 0.119184486567974 0.128835991024971 0.138001546263695 0.141946747899055 0.154601126909256 0.152979612350464 0.156476750969887 0.148016273975372 0.149542883038521 0.142401307821274 0.156613200902939 0.154755085706711 0.149292290210724 0.14211405813694 0.149133771657944 0.163947761058807 0.174025624990463 0.17253389954567 0.14992618560791 0.13284620642662 0.133484989404678 0.164464443922043 0.176847532391548 0.185997128486633 0.188491344451904 0.182320073246956 0.184948787093163 0.191046595573425 0.197348892688751 0.205817028880119 0.19773805141449 0.20907860994339 0.227197110652924 0.241362854838371 0.255806088447571 0.258880108594894 0.261891692876816 0.269590735435486 0.268788427114487
0.110468551516533 0.112367510795593 0.113495163619518 0.120052650570869 0.125657886266708 0.132479310035706 0.139956966042519 0.139510184526443 0.135255113244057 0.146479904651642 0.160016134381294 0.160843014717102 0.157236531376839 0.164423555135727 0.164992615580559 0.171662703156471 0.175304993987083 0.173397585749626 0.151218295097351 0.163943737745285 0.176803633570671 0.182376354932785 0.198883950710297 0.198442444205284 0.190013661980629 0.187388628721237 0.163478404283524 0.157356083393097 0.169634506106377 0.175944790244102 0.170776024460793 0.195641100406647 0.193951666355133 0.174861595034599 0.191952615976334 0.177330330014229 0.21734943985939 0.251958131790161 0.260207206010818 0.262088030576706 0.27363258600235 0.282169908285141 0.286069244146347 0.276821374893188
0.116878934204578 0.118687056005001 0.122422657907009 0.129542365670204 0.132832646369934 0.138664051890373 0.1429702937603 0.151588886976242 0.153007283806801 0.154804557561874 0.158447444438934 0.169467493891716 0.181453227996826 0.171332687139511 0.174923792481422 0.181656628847122 0.184855058789253 0.190859660506248 0.186750769615173 0.185688182711601 0.199359238147736 0.209158599376678 0.195878341794014 0.210299670696259 0.221484139561653 0.217796444892883 0.218418791890144 0.216178625822067 0.201410323381424 0.202274695038795 0.176855176687241 0.209621608257294 0.234504118561745 0.234908536076546 0.239819630980492 0.248831361532211 0.249600037932396 0.253070622682571 0.240855187177658 0.286047160625458 0.281796097755432 0.293865621089935 0.296804666519165 0.304976761341095
0.124049551784992 0.121110267937183 0.124657928943634 0.136989027261734 0.137352764606476 0.135014027357101 0.137864753603935 0.148585543036461 0.162880301475525 0.167747020721436 0.169736966490746 0.177137434482574 0.18220616877079 0.184269547462463 0.186000257730484 0.192896038293839 0.195747971534729 0.198145747184753 0.205513268709183 0.2139001339674 0.22306127846241 0.226359903812408 0.230219453573227 0.232021600008011 0.218757584691048 0.229359492659569 0.238359972834587 0.234476834535599 0.243027672171593 0.238237351179123 0.218599140644073 0.228562667965889 0.230994194746017 0.26423454284668 0.272457838058472 0.275717884302139 0.28968209028244 0.296263605356216 0.303990751504898 0.311786383390427 0.315479934215546 0.310920506715775 0.312195926904678 0.312590390443802
