data/climate_estimation/maxent_output/Paris_axialis.asc
NCOLS 24 
NROWS 28 
XLLCORNER 102.666666666667 
YLLCORNER 28.0833333333333 
CELLSIZE 0.0833333333333333 
NODATA_value -3.4e+38 
0.630331695079803 0.661929726600647 0.660760104656219 0.687019824981689 0.716192662715912 0.739919662475586 0.799236238002777 0.807895421981812 0.801607429981232 0.78998589515686 0.779913663864136 0.766373872756958 0.754380643367767 0.740207493305206 0.725113153457642 0.716101050376892 0.710510492324829 0.703924715518951 0.699849486351013 0.682899534702301 0.671536564826965 0.660465717315674 0.642544984817505 0.636749505996704
0.650598585605621 0.700338542461395 0.717554688453674 0.722930550575256 0.758268117904663 0.788371503353119 0.827800571918488 0.822161972522736 0.816695749759674 0.805401265621185 0.790775537490845 0.777809858322144 0.761239290237427 0.74999862909317 0.730277121067047 0.720537781715393 0.714423477649689 0.705476403236389 0.695770263671875 0.676718890666962 0.664514183998108 0.658419966697693 0.642184734344482 0.63120037317276
0.646929144859314 0.700994729995728 0.747487127780914 0.804063558578491 0.756642282009125 0.811530947685242 0.838987529277802 0.835828065872192 0.828012764453888 0.813560128211975 0.801122546195984 0.788930296897888 0.769323587417603 0.749836981296539 0.735220313072205 0.726771652698517 0.71832150220871 0.711501657962799 0.688840985298157 0.679679751396179 0.665661096572876 0.651384234428406 0.633862912654877 0.621720254421234
0.690868556499481 0.762530982494354 0.828674554824829 0.781217694282532 0.802529573440552 0.846566915512085 0.850104331970215 0.845322728157043 0.838359117507935 0.824436485767365 0.815069913864136 0.793701231479645 0.774078965187073 0.756104469299316 0.736603438854218 0.725769579410553 0.717146158218384 0.701111257076263 0.680531859397888 0.668144047260284 0.656179547309875 0.645215332508087 0.633859515190125 0.615610659122467
0.72365927696228 0.793698847293854 0.824423491954803 0.768694400787354 0.855932414531708 0.866682708263397 0.858937382698059 0.841969072818756 0.841720104217529 0.835570454597473 0.822016656398773 0.798456311225891 0.775375127792358 0.75551700592041 0.739867627620697 0.727283477783203 0.713914811611176 0.698520362377167 0.679605960845947 0.664302885532379 0.648451685905457 0.63403731584549 0.626496076583862 0.609229683876038
0.677485048770905 0.756637394428253 0.771751880645752 0.833056032657623 0.828113198280334 0.866265833377838 0.852828919887543 0.858030557632446 0.855575919151306 0.84323650598526 0.829606354236603 0.808939516544342 0.780216455459595 0.755054950714111 0.739310681819916 0.723924815654755 0.719306290149689 0.69302225112915 0.676472187042236 0.662828922271729 0.647000372409821 0.633436679840088 0.617923617362976 0.600489497184753
0.68606960773468 0.714925825595856 0.762971162796021 0.754010677337646 0.816383123397827 0.80832976102829 0.865548431873322 0.864971280097961 0.856780588626862 0.848016262054443 0.835554778575897 0.805931210517883 0.781515955924988 0.753365457057953 0.732671856880188 0.722910702228546 0.713202297687531 0.686271369457245 0.673158884048462 0.653452455997467 0.641165137290955 0.633627951145172 0.612474799156189 0.597353398799896
0.688649535179138 0.738973796367645 0.755727410316467 0.724510669708252 0.764920711517334 0.793440580368042 0.844381153583527 0.838289320468903 0.856051862239838 0.843955039978027 0.834678471088409 0.807555198669434 0.776388764381409 0.750337660312653 0.736153066158295 0.720432162284851 0.703777432441711 0.680478513240814 0.664159893989563 0.654198706150055 0.645681977272034 0.63632470369339 0.620844483375549 0.597761273384094
0.679393649101257 0.704393684864044 0.716516077518463 0.723071455955505 0.756046235561371 0.765123426914215 0.821912109851837 0.80702805519104 0.833468914031982 0.841902911663055 0.835411429405212 0.793494522571564 0.769785940647125 0.740121006965637 0.731230676174164 0.708297610282898 0.687681317329407 0.672050714492798 0.660433709621429 0.649741053581238 0.644121885299683 0.643052160739899 0.623352289199829 0.606459379196167
0.706125319004059 0.676051020622253 0.699809491634369 0.736877620220184 0.732363641262054 0.737012565135956 0.780349254608154 0.776119291782379 0.786692023277283 0.85363495349884 0.825271487236023 0.777177214622498 0.73836886882782 0.722725749015808 0.708767533302307 0.695271134376526 0.677895665168762 0.663096725940704 0.656173288822174 0.645867764949799 0.64661306142807 0.637360513210297 0.613229990005493 0.608097851276398
0.738705933094025 0.718386769294739 0.755662977695465 0.722359716892242 0.7372767329216 0.72496223449707 0.765044987201691 0.783178985118866 0.782304227352142 0.840871214866638 0.808028221130371 0.744063794612885 0.71152538061142 0.704768002033234 0.69164913892746 0.677547037601471 0.668425977230072 0.65894079208374 0.6476891040802 0.646377146244049 0.642626762390137 0.626886963844299 0.601795256137848 0.578448712825775
0.716024219989777 0.811830878257751 0.826362013816833 0.797819674015045 0.807449042797089 0.805135428905487 0.767976105213165 0.76192718744278 0.769623875617981 0.780615866184235 0.771643757820129 0.731011748313904 0.699164390563965 0.684489190578461 0.676753520965576 0.669534683227539 0.657400488853455 0.650726616382599 0.639957368373871 0.638057589530945 0.612225890159607 0.598583221435547 0.581857860088348 0.566053032875061
0.651457548141479 0.729780912399292 0.79215145111084 0.774441659450531 0.743938744068146 0.760248959064484 0.747590303421021 0.736400008201599 0.740837156772614 0.736359417438507 0.750340640544891 0.731261491775513 0.702690601348877 0.679984033107758 0.6755011677742 0.663134694099426 0.65452629327774 0.642360031604767 0.628064632415771 0.610393106937408 0.600773990154266 0.589524865150452 0.577243685722351 0.566367328166962
0.63847690820694 0.651733934879303 0.673120677471161 0.750851035118103 0.72796642780304 0.702158868312836 0.707814753055573 0.723623156547546 0.732335686683655 0.737135767936707 0.731351733207703 0.716273128986359 0.702847003936768 0.680876314640045 0.656201958656311 0.651988744735718 0.637782096862793 0.627662897109985 0.613290071487427 0.601929783821106 0.595545530319214 0.587777674198151 0.569839477539062 0.560090959072113
0.692451596260071 0.658982932567596 0.660815715789795 0.715658843517303 0.685634553432465 0.688973248004913 0.695394396781921 0.7081218957901 0.713346064090729 0.713972508907318 0.712835133075714 0.703214764595032 0.692288160324097 0.678731441497803 0.654221832752228 0.632367491722107 0.624151349067688 0.623218297958374 0.610926389694214 0.597200214862823 0.588181972503662 0.576058447360992 0.571274161338806 0.564514338970184
0.711090743541718 0.706475079059601 0.675453901290894 0.731805562973022 0.698490142822266 0.682765007019043 0.688187003135681 0.718791007995605 0.814297437667847 0.709088504314423 0.693975985050201 0.682912588119507 0.668489634990692 0.669769644737244 0.638182580471039 0.624715626239777 0.614467859268188 0.61136382818222 0.599384963512421 0.591659128665924 0.578293979167938 0.574431657791138 0.56689465045929 0.558077394962311
0.629998743534088 0.646061062812805 0.781008005142212 0.833789765834808 0.73646867275238 0.68860125541687 0.698044180870056 0.814653098583221 0.771992087364197 0.706918835639954 0.684382855892181 0.674893140792847 0.650687396526337 0.653016269207001 0.630283296108246 0.618726074695587 0.609342873096466 0.60035228729248 0.591011941432953 0.583052098751068 0.577652990818024 0.571059942245483 0.56267899274826 0.557040214538574
0.62337726354599 0.63100790977478 0.800146102905273 0.875192523002625 0.762049555778503 0.745871305465698 0.745293140411377 0.829720199108124 0.726482629776001 0.663868427276611 0.654914915561676 0.655514359474182 0.644791841506958 0.657355844974518 0.629039943218231 0.621637582778931 0.613994181156158 0.613219797611237 0.58554071187973 0.574629783630371 0.572492778301239 0.566816568374634 0.560101330280304 0.555040538311005
0.637491524219513 0.637187838554382 0.770715117454529 0.833202719688416 0.728962481021881 0.793942987918854 0.741308510303497 0.699813961982727 0.668685138225555 0.645225763320923 0.640402019023895 0.645288586616516 0.650387644767761 0.652271568775177 0.632450938224792 0.614173650741577 0.609730899333954 0.619385957717896 0.600780308246613 0.56852251291275 0.565593779087067 0.566393673419952 0.56216686964035 0.552732527256012
0.749016106128693 0.721614241600037 0.733785092830658 0.822706639766693 0.745554208755493 0.83117139339447 0.723480224609375 0.692898035049438 0.649719297885895 0.645547807216644 0.624761283397675 0.631121635437012 0.634929299354553 0.627245962619781 0.627989053726196 0.617792665958405 0.604000806808472 0.608498513698578 0.619518399238586 0.581889986991882 0.555921792984009 0.548592269420624 0.546376943588257 0.54497903585434
0.803104400634766 0.757455408573151 0.7754225730896 0.851883947849274 0.785453319549561 0.747263014316559 0.758448004722595 0.812762141227722 0.685850441455841 0.61790257692337 0.613176047801971 0.621165156364441 0.615403354167938 0.609920740127563 0.601641952991486 0.617611765861511 0.615426421165466 0.599307954311371 0.588871717453003 0.590376496315002 0.566380798816681 0.557435870170593 0.539005279541016 0.542804896831512
0.822014033794403 0.818623900413513 0.867245852947235 0.846654534339905 0.811268150806427 0.776140511035919 0.86050271987915 0.819524466991425 0.658896625041962 0.614576518535614 0.613065004348755 0.611802816390991 0.60768985748291 0.606827735900879 0.589369475841522 0.581776022911072 0.590004205703735 0.577004909515381 0.578207612037659 0.565125226974487 0.558781445026398 0.547011375427246 0.542133271694183 0.530152440071106
0.789105236530304 0.809711158275604 0.850938200950623 0.771112322807312 0.756768345832825 0.743596374988556 0.848905801773071 0.787077665328979 0.623537540435791 0.61003440618515 0.6126788854599 0.604442238807678 0.595182001590729 0.590874195098877 0.597834408283234 0.581147015094757 0.601717948913574 0.593071699142456 0.578486442565918 0.556757032871246 0.543212652206421 0.544133067131042 0.534951984882355 0.527563989162445
0.731365442276001 0.797216832637787 0.795962452888489 0.714507579803467 0.725386023521423 0.729016959667206 0.84965854883194 0.741783916950226 0.682413458824158 0.632768154144287 0.586458146572113 0.63173246383667 0.603252470493317 0.588313102722168 0.591368615627289 0.600737392902374 0.590757250785828 0.592666387557983 0.577862799167633 0.548098385334015 0.54320353269577 0.533789753913879 0.522208094596863 0.530782759189606
0.728691160678864 0.774442076683044 0.759568810462952 0.681270122528076 0.68056845664978 0.686064302921295 0.775242865085602 0.723494112491608 0.697362959384918 0.607872545719147 0.627178728580475 0.684345841407776 0.653266131877899 0.589960634708405 0.576506555080414 0.588441073894501 0.602047920227051 0.585062503814697 0.574328005313873 0.548157632350922 0.540570020675659 0.531536281108856 0.519171357154846 0.528769552707672
0.763270020484924 0.751042425632477 0.747909188270569 0.654130935668945 0.66411566734314 0.713628649711609 0.834756314754486 0.790948092937469 0.626654386520386 0.643316149711609 0.6619593501091 0.581926465034485 0.609418570995331 0.592099785804749 0.565568149089813 0.588011384010315 0.581381916999817 0.560884118080139 0.553167283535004 0.546686589717865 0.543264508247375 0.526790916919708 0.51515781879425 0.512578904628754
0.791411221027374 0.721329689025879 0.741237223148346 0.678135871887207 0.698538541793823 0.76728892326355 0.840258121490479 0.796739816665649 0.665497899055481 0.583483517169952 0.564825356006622 0.568276643753052 0.559125781059265 0.581169247627258 0.592266857624054 0.619476735591888 0.573295414447784 0.541773915290833 0.544269442558289 0.547781586647034 0.549734652042389 0.517391622066498 0.511892676353455 0.519613325595856
0.788512110710144 0.782402992248535 0.712011992931366 0.67884486913681 0.621209919452667 0.646517097949982 0.619340598583221 0.72049081325531 0.656816065311432 0.559692919254303 0.627199828624725 0.648852646350861 0.656839907169342 0.661513149738312 0.594603419303894 0.575844585895538 0.553694486618042 0.550107955932617 0.536454617977142 0.547199249267578 0.544764578342438 0.512718081474304 0.506092071533203 0.509879052639008
