data/climate_estimation/maxent_output/Paris_fargesii.asc
NCOLS 218 
NROWS 159 
XLLCORNER 98.25 
YLLCORNER 23.5833333333333 
CELLSIZE 0.0833333333333333 
NODATA_value -3.4e+38 
[rows 100 to 119 of 159, columns 88 to 131 of 218]
0.505753874778748 0.505616426467896 0.480328261852264 0.480055421590805 0.462694078683853 0.513602435588837 0.493775904178619 0.48257514834404 0.484704971313477 0.460110872983932 0.444159537553787 0.460175931453705 0.478615909814835 0.495544880628586 0.513289868831635 0.528040587902069 0.540155470371246 0.545369446277618 0.570949852466583 0.582534492015839 0.60331517457962 0.6272332072258 0.646490097045898 0.627549231052399 0.636459410190582 0.643227696418762 0.630865693092346 0.661943018436432 0.645423531532288 0.647436380386353 0.661009550094604 0.657872021198273 0.65164041519165 0.628369629383087 0.610276401042938 0.645133674144745 0.668783187866211 0.712650775909424 0.676264584064484 0.688517153263092 0.648201048374176 0.678165197372437 0.721681237220764 0.73181140422821
0.489829421043396 0.519956290721893 0.528041183948517 0.505643367767334 0.449976533651352 0.489391803741455 0.491726368665695 0.492429226636887 0.464550286531448 0.45676925778389 0.470889747142792 0.481436967849731 0.489887267351151 0.486166685819626 0.498427748680115 0.523289620876312 0.548993408679962 0.560549437999725 0.569121658802032 0.599689960479736 0.602150022983551 0.611097633838654 0.628815114498138 0.635244071483612 0.634992897510529 0.647678077220917 0.626618921756744 0.65182238817215 0.643532037734985 0.647863209247589 0.643600940704346 0.625635385513306 0.618623375892639 0.636062443256378 0.677200436592102 0.668292820453644 0.688716173171997 0.693447351455688 0.692534744739532 0.676826059818268 0.690029621124268 0.703224241733551 0.717449367046356 0.755591928958893
0.524238705635071 0.542726397514343 0.520683884620667 0.509726405143738 0.454172044992447 0.438982099294662 0.475335687398911 0.487448900938034 0.479359120130539 0.468814641237259 0.464083701372147 0.484342724084854 0.482940763235092 0.520230293273926 0.518933951854706 0.537949621677399 0.552205264568329 0.556820869445801 0.595442473888397 0.592268109321594 0.619158327579498 0.634384095668793 0.644709467887878 0.649351596832275 0.652599155902863 0.653948128223419 0.654849410057068 0.648502230644226 0.641335248947144 0.647351861000061 0.629840731620789 0.636689364910126 0.623099505901337 0.669620513916016 0.700999140739441 0.680241405963898 0.700172185897827 0.710797011852264 0.72410374879837 0.74287223815918 0.726824998855591 0.711330473423004 0.746902406215668 0.761375069618225
0.533331751823425 0.519586801528931 0.52987414598465 0.499346643686295 0.452820509672165 0.440435409545898 0.444078654050827 0.468837708234787 0.451518446207047 0.467719703912735 0.47870609164238 0.471055209636688 0.503940522670746 0.511267960071564 0.522530436515808 0.544255018234253 0.553719401359558 0.569006204605103 0.583258211612701 0.601803123950958 0.629929959774017 0.64712780714035 0.637928545475006 0.643186390399933 0.658320963382721 0.673570036888123 0.66512793302536 0.650317311286926 0.656562566757202 0.653699636459351 0.658374607563019 0.637479364871979 0.646108269691467 0.678408205509186 0.691554665565491 0.688653409481049 0.704840242862701 0.73142945766449 0.73485654592514 0.748501718044281 0.731780469417572 0.732954919338226 0.751281499862671 0.753588080406189
0.514535427093506 0.508605301380157 0.504665970802307 0.493782967329025 0.448342382907867 0.454079329967499 0.457011729478836 0.467581212520599 0.467711091041565 0.471847116947174 0.47981208562851 0.485949337482452 0.484071284532547 0.504220008850098 0.494372338056564 0.537936747074127 0.581382095813751 0.583352148532867 0.613113224506378 0.642941951751709 0.667562425136566 0.654987156391144 0.674239754676819 0.677781045436859 0.680742144584656 0.684119403362274 0.678486466407776 0.675879001617432 0.659588873386383 0.649976849555969 0.645028173923492 0.626906156539917 0.645105838775635 0.673369765281677 0.685440957546234 0.689280211925507 0.710580289363861 0.733365893363953 0.748732388019562 0.740677714347839 0.715247988700867 0.742018580436707 0.739711761474609 0.773205101490021
0.496773153543472 0.482072710990906 0.450350284576416 0.438478112220764 0.440309554338455 0.455110967159271 0.450102001428604 0.467994302511215 0.481716960668564 0.494555711746216 0.49332132935524 0.505301415920258 0.507532358169556 0.51019299030304 0.531087577342987 0.563270092010498 0.594919741153717 0.605389773845673 0.624577760696411 0.643868505954742 0.672551691532135 0.686227083206177 0.684364676475525 0.692380130290985 0.688305974006653 0.692164897918701 0.703126788139343 0.692795753479004 0.668922901153564 0.666851818561554 0.652483403682709 0.642500221729279 0.667196333408356 0.674639165401459 0.683214068412781 0.706349611282349 0.734736025333405 0.747638821601868 0.749384045600891 0.756559133529663 0.748789191246033 0.739053964614868 0.769896268844604 0.805740535259247
0.488466292619705 0.480563163757324 0.478091657161713 0.468499153852463 0.45133239030838 0.464643716812134 0.467149287462234 0.478107780218124 0.491229921579361 0.497619390487671 0.50901198387146 0.530369579792023 0.531764388084412 0.542253494262695 0.580688536167145 0.57842493057251 0.598340451717377 0.62342780828476 0.654481053352356 0.668977081775665 0.688821017742157 0.696384847164154 0.710225641727448 0.72368049621582 0.71720016002655 0.714524328708649 0.713389158248901 0.709608614444733 0.692751944065094 0.676956236362457 0.657978594303131 0.649350225925446 0.653137803077698 0.660903990268707 0.682072460651398 0.707318127155304 0.727321624755859 0.730563759803772 0.758265674114227 0.743366360664368 0.746313810348511 0.75151538848877 0.799737453460693 0.787976741790771
0.46996545791626 0.46853643655777 0.464311957359314 0.468912899494171 0.464105248451233 0.472182631492615 0.475566923618317 0.482888996601105 0.501657605171204 0.526058316230774 0.523891270160675 0.548616290092468 0.538121461868286 0.567211508750916 0.579218327999115 0.60341876745224 0.613578319549561 0.659628748893738 0.668802857398987 0.690910696983337 0.702645540237427 0.714116871356964 0.711646974086761 0.73330295085907 0.731269478797913 0.734887957572937 0.725325882434845 0.713752031326294 0.693191766738892 0.69268012046814 0.662221908569336 0.646152138710022 0.631207168102264 0.667609095573425 0.683451592922211 0.699459314346313 0.728127300739288 0.734822392463684 0.742506146430969 0.74344128370285 0.748636364936829 0.751315951347351 0.776086270809174 0.802151441574097
0.461827546358109 0.453932553529739 0.455505877733231 0.465641528367996 0.476034075021744 0.507450520992279 0.503176033496857 0.513035953044891 0.541954696178436 0.53815633058548 0.54784882068634 0.561298131942749 0.574780464172363 0.577809751033783 0.602478325366974 0.628379225730896 0.650055110454559 0.670691251754761 0.688559293746948 0.729569315910339 0.725321888923645 0.734686613082886 0.767436623573303 0.760103583335876 0.750304341316223 0.731774568557739 0.724425673484802 0.727208435535431 0.7162184715271 0.706303298473358 0.665450811386108 0.649805188179016 0.616207599639893 0.630567729473114 0.679890692234039 0.686391353607178 0.718012452125549 0.744041264057159 0.706160187721252 0.746252477169037 0.737303137779236 0.732165813446045 0.757001996040344 0.783965826034546
0.443868517875671 0.451642334461212 0.474364459514618 0.493285685777664 0.511345863342285 0.519465982913971 0.531664609909058 0.549121379852295 0.538351655006409 0.55997234582901 0.571752309799194 0.574888944625854 0.594428479671478 0.621074616909027 0.619763076305389 0.653127014636993 0.679323792457581 0.705732464790344 0.737596809864044 0.749947786331177 0.749041795730591 0.783321022987366 0.773634493350983 0.780076920986176 0.749405860900879 0.757590889930725 0.74685525894165 0.729241013526917 0.719680368900299 0.689428985118866 0.676368355751038 0.653379440307617 0.609520971775055 0.636782944202423 0.67608642578125 0.682950854301453 0.685199379920959 0.68805855512619 0.707270741462708 0.698493778705597 0.715376794338226 0.7294961810112 0.744805812835693 0.758946120738983
0.437290549278259 0.453707277774811 0.477468132972717 0.490796804428101 0.523313403129578 0.525491058826447 0.536649107933044 0.556600391864777 0.569401860237122 0.585127294063568 0.594501614570618 0.608607709407806 0.619562327861786 0.620437800884247 0.647235155105591 0.681738674640656 0.688027083873749 0.720315039157867 0.739595949649811 0.766524255275726 0.779106080532074 0.780066430568695 0.770530462265015 0.788737535476685 0.770904719829559 0.766564071178436 0.754713952541351 0.750542402267456 0.73015832901001 0.722699046134949 0.68686056137085 0.647532820701599 0.618479669094086 0.6214280128479 0.644307732582092 0.645906746387482 0.653195261955261 0.668361067771912 0.689196348190308 0.720237672328949 0.747447073459625 0.758596181869507 0.791597127914429 0.810228228569031
0.453700125217438 0.460293680429459 0.497547149658203 0.486247897148132 0.53434818983078 0.544707894325256 0.556628346443176 0.581457853317261 0.597300827503204 0.609650731086731 0.618523716926575 0.627867460250854 0.653110325336456 0.648345112800598 0.678848326206207 0.691873669624329 0.711377203464508 0.742800414562225 0.752261996269226 0.768086850643158 0.770733237266541 0.760138332843781 0.772941708564758 0.78979629278183 0.778824388980865 0.768931925296783 0.747479259967804 0.767131209373474 0.740370631217957 0.708065807819366 0.685578107833862 0.66921055316925 0.630134522914886 0.602497577667236 0.638220548629761 0.668781280517578 0.654393196105957 0.662574172019958 0.684873819351196 0.715887546539307 0.74301415681839 0.771338105201721 0.808979988098145 0.827159643173218
0.462961792945862 0.486956119537354 0.506096065044403 0.508236587047577 0.534052729606628 0.557940006256104 0.595983743667603 0.603049337863922 0.61746072769165 0.629303574562073 0.65304571390152 0.665636658668518 0.684086084365845 0.6816046833992 0.705818057060242 0.708856821060181 0.734215974807739 0.742510914802551 0.758661210536957 0.763193190097809 0.783551037311554 0.772863388061523 0.787267506122589 0.791709899902344 0.791060626506805 0.791296243667603 0.772870361804962 0.766526579856873 0.725704073905945 0.719743311405182 0.701044857501984 0.690714478492737 0.645094454288483 0.597285389900208 0.640362501144409 0.641320288181305 0.628910064697266 0.642464995384216 0.662776410579681 0.690951287746429 0.723232388496399 0.766127824783325 0.795500934123993 0.829467356204987
0.459818661212921 0.49865448474884 0.527377784252167 0.536026060581207 0.573528170585632 0.596548557281494 0.620812177658081 0.63887757062912 0.652744233608246 0.671683430671692 0.677848100662231 0.687179327011108 0.700120151042938 0.709548592567444 0.729971945285797 0.724863708019257 0.749980926513672 0.771664559841156 0.76298588514328 0.782802164554596 0.782890498638153 0.789333462715149 0.801866710186005 0.797100841999054 0.786389410495758 0.785252749919891 0.783740401268005 0.777981340885162 0.747492969036102 0.730213463306427 0.704366087913513 0.695376515388489 0.65481835603714 0.611535966396332 0.570547342300415 0.577937543392181 0.624419152736664 0.649007260799408 0.683743059635162 0.697387635707855 0.711593866348267 0.722114145755768 0.767618536949158 0.787167370319366
0.483072310686111 0.528131484985352 0.55054897069931 0.570829510688782 0.605594515800476 0.636993765830994 0.657681465148926 0.672394037246704 0.692744135856628 0.699804365634918 0.714420557022095 0.709370136260986 0.721862494945526 0.734403431415558 0.75237363576889 0.748659074306488 0.759413838386536 0.77470725774765 0.78647917509079 0.796122968196869 0.794187664985657 0.798655211925507 0.791332840919495 0.792954742908478 0.800430059432983 0.793184518814087 0.785544633865356 0.781763792037964 0.774590790271759 0.730343163013458 0.726101934909821 0.688398361206055 0.66451621055603 0.651002466678619 0.59642368555069 0.540563642978668 0.567775249481201 0.634526610374451 0.647552311420441 0.66319751739502 0.680710077285767 0.742867052555084 0.781819522380829 0.790881752967834
0.529477655887604 0.55863231420517 0.592855095863342 0.61365419626236 0.651796519756317 0.675656974315643 0.708549082279205 0.711502492427826 0.725975334644318 0.724505960941315 0.73328685760498 0.738392174243927 0.744353652000427 0.759558916091919 0.767471432685852 0.770352423191071 0.784268140792847 0.778429687023163 0.792243659496307 0.797732591629028 0.808506309986115 0.807994961738586 0.801040351390839 0.794944286346436 0.799209773540497 0.786862373352051 0.797344624996185 0.790046513080597 0.768356025218964 0.740278303623199 0.729409575462341 0.688203632831573 0.677502751350403 0.656956553459167 0.596979856491089 0.582259178161621 0.581602573394775 0.583810150623322 0.613603711128235 0.660317242145538 0.72363805770874 0.771658539772034 0.778779625892639 0.802632808685303
0.577464699745178 0.608563601970673 0.651295721530914 0.676124751567841 0.699011147022247 0.724933981895447 0.741011559963226 0.747126936912537 0.764446556568146 0.764937341213226 0.77887761592865 0.779870808124542 0.785675466060638 0.790528893470764 0.803025901317596 0.795312941074371 0.798353970050812 0.786805152893066 0.788056790828705 0.801219820976257 0.80072945356369 0.800173401832581 0.817976415157318 0.80047219991684 0.788017511367798 0.788589775562286 0.792780339717865 0.782806575298309 0.774932205677032 0.771642923355103 0.751369595527649 0.718432128429413 0.682455956935883 0.664297640323639 0.635870933532715 0.558357298374176 0.589901924133301 0.582224309444427 0.618645846843719 0.702393651008606 0.715343058109283 0.761716723442078 0.77971488237381 0.799158334732056
0.649970829486847 0.685056865215302 0.710288166999817 0.726858258247375 0.755186855792999 0.772874057292938 0.773215770721436 0.786068499088287 0.797554075717926 0.79663360118866 0.800220370292664 0.818497002124786 0.814144492149353 0.814768970012665 0.810621500015259 0.816107511520386 0.820558607578278 0.818455934524536 0.815520405769348 0.819587647914886 0.823554337024689 0.816199064254761 0.809271931648254 0.800264120101929 0.797186732292175 0.790959775447845 0.779823362827301 0.784959852695465 0.781450927257538 0.77266526222229 0.76930159330368 0.763873517513275 0.769703030586243 0.735363960266113 0.653955698013306 0.574900269508362 0.566477060317993 0.618577241897583 0.677247703075409 0.707917451858521 0.735105574131012 0.753212630748749 0.784251153469086 0.797476887702942
0.719267964363098 0.743986546993256 0.763586759567261 0.786762654781342 0.79134213924408 0.810340404510498 0.83424973487854 0.8248610496521 0.830500185489655 0.826153516769409 0.842745661735535 0.84057205915451 0.838068783283234 0.841219842433929 0.841858625411987 0.839839458465576 0.82424008846283 0.825502455234528 0.82835841178894 0.824140191078186 0.826558649539948 0.819467961788177 0.820039987564087 0.814057588577271 0.80879545211792 0.796232879161835 0.796555936336517 0.79615992307663 0.790705442428589 0.783441483974457 0.773832738399506 0.749433100223541 0.720522820949554 0.688184797763824 0.641132533550262 0.601675450801849 0.59059202671051 0.611984550952911 0.661165475845337 0.702435493469238 0.741606175899506 0.745693325996399 0.780038297176361 0.784622967243195
0.782948136329651 0.803082287311554 0.822519302368164 0.82929003238678 0.852035045623779 0.858114123344421 0.868301272392273 0.859172582626343 0.857771635055542 0.857456922531128 0.864702939987183 0.857380032539368 0.859320759773254 0.858720541000366 0.856029391288757 0.855730831623077 0.84966915845871 0.847782135009766 0.846258223056793 0.846514582633972 0.833819448947906 0.830607891082764 0.831391394138336 0.818395853042603 0.806968092918396 0.805985808372498 0.802207708358765 0.798948228359222 0.795987665653229 0.777105867862701 0.769616842269897 0.754919350147247 0.722521543502808 0.709190189838409 0.655857026576996 0.612944424152374 0.630759239196777 0.683070838451385 0.684810042381287 0.709463179111481 0.742989480495453 0.772907912731171 0.790612697601318 0.806150913238525
