data/climate_estimation/maxent_output/Paris_incompleta.asc
NCOLS 127 
NROWS 74 
XLLCORNER 38.25 
YLLCORNER 38.5833333333333 
CELLSIZE 0.0833333333333333 
NODATA_value -3.4e+38 
[rows 0 to 19 of 74, columns 45 to 89 of 127]
0.0178076047450304 0.0191466510295868 0.0163548365235329 0.0136679131537676 0.010154390707612 0.0072359018959105 0.0072626955807209 0.00495137227699161 0.00310263107530773 0.00681487703695893 0.00480988994240761 0.00301783299073577 0.002173867309466 0.00208294345065951 0.00162932497914881 0.00136997096706182 0.00109689543023705 0.000885473913513124 0.000704674515873194 0.000690946879331023 0.000566664384678006 0.000479633978102356 0.00041854489245452 0.000356412230757996 0.000319775805110112 0.000220991132664494 0.000277415820164606 0.000304799585137516 0.00023281695030164 0.000201274961000308 0.000162597934831865 0.000123795747640543 7.90652266005054e-05 6.59278521197848e-05 5.84261033509392e-05 5.51098128198646e-05 4.85947639390361e-05 4.25331963924691e-05 3.83759979740717e-05 3.50798145518638e-05 3.39578582497779e-05 3.4608045098139e-05 2.65417838818394e-05 2.64987393165939e-05 2.43634058278985e-05
0.0213907342404127 0.0207030288875103 0.0205737072974443 0.0175094455480576 0.0149020738899708 0.0116844568401575 0.00839301198720932 0.00553522957488894 0.00652578705921769 0.00825212616473436 0.00451927445828915 0.00345726567320526 0.0027073840610683 0.00218333583325148 0.00181162566877902 0.00139003631193191 0.0011521513806656 0.00104033865500242 0.00101225357502699 0.000832588761113584 0.000788545585237443 0.000677444157190621 0.000593347474932671 0.000492135412059724 0.000352329690940678 0.000323117477819324 0.000451063271611929 0.000350389076629654 0.000309338298393413 0.000224730538320728 0.000169887047377415 0.00013302882143762 9.79244723566808e-05 7.75851221987978e-05 6.7819157266058e-05 6.54035538900644e-05 6.46761109237559e-05 5.41467088623904e-05 5.01675312989391e-05 4.23281162511557e-05 4.47535167040769e-05 3.94799208152108e-05 3.91124667658005e-05 3.32178678945638e-05 3.00023257295834e-05
0.0540717840194702 0.0577443987131119 0.0475304462015629 0.0268246233463287 0.0234591830521822 0.0195875056087971 0.0133407050743699 0.0157540515065193 0.0115819936618209 0.00654762797057629 0.00474004307761788 0.00330709642730653 0.00268689962103963 0.00191930739674717 0.00172959372866899 0.00164883257821202 0.00153106125071645 0.00127585639711469 0.00120489276014268 0.0011728546814993 0.00100820197258145 0.000838277104776353 0.000651939015369862 0.000562977453228086 0.000461840623756871 0.000516685133334249 0.000496285152621567 0.000399217620724812 0.000329216825775802 0.000253773876465857 0.000224586299736984 0.0001666366297286 0.000118726595246699 9.77504532784224e-05 8.70823350851424e-05 8.58474159031175e-05 7.75923108449206e-05 7.07600120222196e-05 6.74654220347293e-05 6.21712024440058e-05 5.60531152586918e-05 4.83199546579272e-05 4.34598550782539e-05 4.10758984799031e-05 3.89708256989252e-05
0.0846984833478928 0.0711225345730782 0.0736076384782791 0.0867730900645256 0.036181379109621 0.0212455540895462 0.0169922634959221 0.0109671214595437 0.0127948299050331 0.0111750708892941 0.00698621571063995 0.00414537591859698 0.0029265652410686 0.002361019840464 0.00202367687597871 0.00174001953564584 0.00143363373354077 0.00136605440638959 0.0012602413771674 0.00122074433602393 0.00109210622031242 0.000949882494751364 0.00074943684739992 0.000751925341319293 0.000794638646766543 0.000655558076687157 0.000539672560989857 0.000478996167657897 0.000451228726888075 0.000395601440686733 0.000358293036697432 0.000230263685807586 0.000170605679159053 0.000135121867060661 0.000122516838018782 0.000111614739580546 0.000100880686659366 9.07684152480215e-05 8.85834015207365e-05 7.41862168069929e-05 7.35557696316391e-05 7.16171125532128e-05 5.54886355530471e-05 4.93296502099838e-05 4.38193856098223e-05
0.12847737967968 0.129812523722649 0.125206410884857 0.141896903514862 0.107819214463234 0.0393920689821243 0.0323690511286259 0.0232631601393223 0.012584418989718 0.00813623052090406 0.00727844098582864 0.00721198553219438 0.00602597370743752 0.0040732161141932 0.00269778375513852 0.00221614865586162 0.00198571081273258 0.00192701176274568 0.0015666619874537 0.00139230489730835 0.00121656444389373 0.00110686779953539 0.00108028436079621 0.00105686800088733 0.000912616262212396 0.000801690854132175 0.000775944499764591 0.000805436167865992 0.00066968600731343 0.000504069146700203 0.000408603111281991 0.000334899057634175 0.000235491927014664 0.00019208324374631 0.000159913470270112 0.000158969647600316 0.000136132337502204 0.000123423815239221 0.000113605725346133 0.000102205609437078 9.66348452493548e-05 8.74859179020859e-05 7.74893560446799e-05 6.99258016538806e-05 5.52436940779444e-05
0.13754315674305 0.186954170465469 0.236421018838882 0.205200403928757 0.172144815325737 0.0814395025372505 0.0609457828104496 0.0326154232025146 0.0174232199788094 0.0110949603840709 0.00704139424487948 0.0043420153670013 0.00363639974966645 0.00365704786963761 0.00356798223219812 0.00327793089672923 0.00257081002928317 0.00225338013842702 0.00223652017302811 0.00205440539866686 0.00177389767486602 0.00155218504369259 0.00151315343100578 0.00144639960490167 0.0014088146854192 0.00145740993320942 0.00120146328117698 0.00101427233312279 0.000746755686122924 0.00063981325365603 0.000515417545102537 0.000422473007347435 0.00034832552773878 0.000282688182778656 0.000228120712563396 0.000224019357119687 0.000191718238056637 0.000159261442604475 0.000151848202222027 0.000138292598421685 0.000127275736304 0.000107293606561143 9.75859584286809e-05 8.31763827591203e-05 7.80342088546604e-05
0.247037976980209 0.279104351997375 0.24391196668148 0.229751035571098 0.171882182359695 0.11042708158493 0.0780319049954414 0.0446304567158222 0.0272232294082642 0.01977932266891 0.0140826692804694 0.00754873268306255 0.00567914312705398 0.00363392196595669 0.00354644819162786 0.00400179484859109 0.00347366137430072 0.00283162947744131 0.0024318506475538 0.00247565074823797 0.00231009279377759 0.00257195578888059 0.00204235990531743 0.00205558491870761 0.00199270318262279 0.00178431137464941 0.00138087559025735 0.00127881753724068 0.0010905769886449 0.000962817342951894 0.000822407426312566 0.000594672805164009 0.000515851250384003 0.000404239661293104 0.000365131942089647 0.000306642788928002 0.000273925106739625 0.000228535092901438 0.00020132792997174 0.000186512625077739 0.000155977759277448 0.000140560063300654 0.000124127574963495 0.000110107997898012 9.62683188845403e-05
0.48323467373848 0.507273733615875 0.47723513841629 0.411709576845169 0.297900348901749 0.223226487636566 0.174629956483841 0.119718223810196 0.0804958045482635 0.0594642125070095 0.0478838346898556 0.0485888905823231 0.0429354906082153 0.00810176599770784 0.00963009707629681 0.00684249401092529 0.00601126300171018 0.00461523374542594 0.00408671610057354 0.00382917420938611 0.00421580346301198 0.00335066393017769 0.00308848218992352 0.00309864012524486 0.0025470913387835 0.00224764668382704 0.00200647651217878 0.00184133497532457 0.00160101824440062 0.00134847685694695 0.00111387460492551 0.000863774272147566 0.000722716911695898 0.000569593685213476 0.000481608090922236 0.000423001940362155 0.000373212358681485 0.00032257370185107 0.000283590314211324 0.000246502953814343 0.000215287480386905 0.000183760756044649 0.000158983981236815 0.000141082098707557 0.000120279510156251
0.78401106595993 0.827255070209503 0.796608865261078 0.741788923740387 0.647746562957764 0.625357151031494 0.562813997268677 0.443623423576355 0.327349841594696 0.17094786465168 0.100738376379013 0.0640006214380264 0.0467145517468452 0.0265393331646919 0.020743977278471 0.0170100722461939 0.0111388508230448 0.00860601011663675 0.00697424961254001 0.00644719786942005 0.00597671931609511 0.00521448720246553 0.00442297197878361 0.00406980747357011 0.00370796001516283 0.00317753618583083 0.00275062932632864 0.00239835167303681 0.00203619664534926 0.00173202145379037 0.00143495528027415 0.00127615127712488 0.00100882723927498 0.000832540856208652 0.000688033236656338 0.00059073482407257 0.000486863136757165 0.000404703576350585 0.000358179095201194 0.000310071016428992 0.000290329131530598 0.000234791572438553 0.000220996371353976 0.000174185202922672 0.000163833887199871
0.889184534549713 0.874828934669495 0.851770639419556 0.820289731025696 0.825068175792694 0.786426901817322 0.717672884464264 0.618505895137787 0.526458203792572 0.422257900238037 0.383934259414673 0.242006599903107 0.143426701426506 0.0927495509386063 0.0539242178201675 0.0318407751619816 0.022716673091054 0.0170888416469097 0.0130113177001476 0.0104723479598761 0.00788548029959202 0.00714373076334596 0.00663232384249568 0.00607421901077032 0.00563834235072136 0.00485371286049485 0.00368055584840477 0.00324483867734671 0.00287296203896403 0.00232352782040834 0.00206435238942504 0.00191761658061296 0.00159205694217235 0.0012045648181811 0.000954817340243608 0.000785694341175258 0.000649288645945489 0.000554000434931368 0.000495020009111613 0.000367345783160999 0.000350523449014872 0.000300103245535865 0.000241610963712446 0.000214174942811951 0.000201653034309857
0.920867323875427 0.907864272594452 0.891771495342255 0.874607384204865 0.847535967826843 0.849354565143585 0.827399134635925 0.771104216575623 0.691753923892975 0.728929042816162 0.703383803367615 0.579128444194794 0.354521423578262 0.217196434736252 0.122837357223034 0.0745076239109039 0.0469870455563068 0.0326409302651882 0.0210580285638571 0.0158805400133133 0.0124602159485221 0.0109337726607919 0.00884092412889004 0.00812864396721125 0.00742803933098912 0.0057313060387969 0.0052934312261641 0.00468573858961463 0.00405797502025962 0.00342133035883307 0.00288828834891319 0.00243426812812686 0.00201771617867053 0.00162262399680912 0.0013919590273872 0.00102285936009139 0.000882847816683352 0.000779069436248392 0.000610811344813555 0.00051011546747759 0.000423095480073243 0.000368154200259596 0.00030345786944963 0.000266941788140684 0.000229079116252251
0.942695498466492 0.922231137752533 0.90272444486618 0.897610664367676 0.886013209819794 0.882962107658386 0.874614119529724 0.869314134120941 0.859431207180023 0.824678778648376 0.776116192340851 0.727510452270508 0.626118540763855 0.424201726913452 0.244781240820885 0.154646262526512 0.101731508970261 0.0597156770527363 0.0337057337164879 0.023199712857604 0.0171701498329639 0.0128374788910151 0.0116002857685089 0.0102164028212428 0.00877843145281076 0.00748425209894776 0.00687844399362803 0.00570395682007074 0.00513339648023248 0.00409167120233178 0.00373465474694967 0.00306937284767628 0.00281438697129488 0.00231707748025656 0.00174299522768706 0.00142095133196563 0.00124581961426884 0.000950135814491659 0.000814374652691185 0.000636244716588408 0.000498791923746467 0.000461465009720996 0.000379803590476513 0.000313647469738498 0.000261746667092666
0.961195349693298 0.949812471866608 0.930726230144501 0.903595447540283 0.897648215293884 0.817621886730194 0.900919735431671 0.897797703742981 0.890987038612366 0.879516661167145 0.842000663280487 0.787520051002502 0.598832309246063 0.493468672037125 0.464991390705109 0.306684136390686 0.235685646533966 0.0972896218299866 0.056958083063364 0.0370028987526894 0.0262284465134144 0.0195027198642492 0.0153034254908562 0.0120418798178434 0.0106704533100128 0.00982002448290586 0.00881134625524282 0.00797104183584452 0.00698274979367852 0.00565650686621666 0.00543962279334664 0.00443772412836552 0.00425092875957489 0.00308216270059347 0.0023653453681618 0.00192772666923702 0.00155730568803847 0.00119049614295363 0.00097314640879631 0.000718415540177375 0.000616715231444687 0.000541373039595783 0.000442294665845111 0.000359609286533669 0.000298769155051559
0.971223711967468 0.964818358421326 0.956472337245941 0.936978578567505 0.8332679271698 0.769870698451996 0.877358198165894 0.914629817008972 0.905625522136688 0.895032346248627 0.896621286869049 0.890074372291565 0.841394245624542 0.793156862258911 0.670292854309082 0.497031837701797 0.310131311416626 0.240900814533234 0.108056947588921 0.057543121278286 0.0362910330295563 0.027071300894022 0.0215964280068874 0.0179821439087391 0.0163551345467567 0.0177346225827932 0.0198535080999136 0.0152514483779669 0.0140804639086127 0.012532134540379 0.0104079581797123 0.0106787160038948 0.0103444773703814 0.00843146443367004 0.00602841610088944 0.00437150150537491 0.00313320313580334 0.00172623456455767 0.00121734326239675 0.000903383712284267 0.000727123639080673 0.000554311671294272 0.000458375725429505 0.000420832860982046 0.00034952352871187
0.966774344444275 0.973781049251556 0.967203140258789 0.947150230407715 0.854151606559753 0.741580665111542 0.850595235824585 0.875269651412964 0.79944634437561 0.912090063095093 0.9117231965065 0.920843482017517 0.912164270877838 0.84199845790863 0.758922338485718 0.833092868328094 0.610461711883545 0.388043463230133 0.178290367126465 0.0900238454341888 0.0595813244581223 0.0431132316589355 0.0383076891303062 0.030797166749835 0.0245326552540064 0.0253092516213655 0.034986037760973 0.0600403882563114 0.0458964854478836 0.0550400651991367 0.0695220530033112 0.0821408107876778 0.0817920416593552 0.0751271173357964 0.0522710606455803 0.0277909506112337 0.0203419402241707 0.010839001275599 0.00803640019148588 0.00413229875266552 0.00178473128471524 0.000942484999541193 0.000697658571880311 0.000542805064469576 0.000437327194958925
0.926232576370239 0.974089026451111 0.782793998718262 0.730322122573853 0.585063099861145 0.593188047409058 0.69685685634613 0.664712250232697 0.654467523097992 0.759918630123138 0.931373596191406 0.925237238407135 0.90228283405304 0.918879985809326 0.914186656475067 0.864311814308167 0.863754868507385 0.627913534641266 0.360755443572998 0.256279617547989 0.165852606296539 0.113958790898323 0.0794016495347023 0.0525438562035561 0.0435883291065693 0.0425732135772705 0.0433952324092388 0.0634126514196396 0.104454204440117 0.192503586411476 0.299621760845184 0.187812253832817 0.0851861089468002 0.0478920340538025 0.03669598326087 0.0279306024312973 0.0210386142134666 0.0184087436646223 0.0149596547707915 0.00886926706880331 0.00574063276872039 0.00342150824144483 0.00172598427161574 0.00115661113522947 0.000947086839005351
0.733547508716583 0.701654016971588 0.855644166469574 0.634921610355377 0.671338617801666 0.747227311134338 0.651467978954315 0.625125825405121 0.671561181545258 0.74271947145462 0.943689107894897 0.94471675157547 0.941023945808411 0.933281302452087 0.938698768615723 0.927553951740265 0.901403248310089 0.726767778396606 0.669872760772705 0.58290833234787 0.4103844165802 0.354924529790878 0.219225212931633 0.112250290811062 0.0880346372723579 0.0697127878665924 0.0678621232509613 0.144154250621796 0.497364729642868 0.542844176292419 0.507616937160492 0.424292832612991 0.285342872142792 0.271524399518967 0.231951832771301 0.0949034094810486 0.0745543390512466 0.0363983139395714 0.0209650509059429 0.0105010727420449 0.00560173997655511 0.0037553976289928 0.00208360003307462 0.00111438904423267 0.000811872479971498
0.771579504013062 0.68092405796051 0.740779101848602 0.715848684310913 0.657103896141052 0.706685721874237 0.699478089809418 0.776122748851776 0.862335562705994 0.908796310424805 0.745446443557739 0.742748320102692 0.800035655498505 0.949003875255585 0.937835812568665 0.931360065937042 0.909492313861847 0.868752002716064 0.703140556812286 0.648014783859253 0.632533669471741 0.647684454917908 0.598236560821533 0.433388769626617 0.256965547800064 0.330868899822235 0.284790009260178 0.349297791719437 0.272890210151672 0.311877757310867 0.360003083944321 0.430064260959625 0.424134135246277 0.365415662527084 0.232232421636581 0.125055193901062 0.0503527782857418 0.0243082866072655 0.0127924047410488 0.00869239121675491 0.00701467506587505 0.00471254112198949 0.00228404346853495 0.00127202179282904 0.00105662597343326
0.737761735916138 0.701401114463806 0.730293691158295 0.768863677978516 0.688616812229156 0.688397705554962 0.725739896297455 0.757490396499634 0.720391094684601 0.730320632457733 0.741128087043762 0.798133432865143 0.890253841876984 0.938917577266693 0.938739895820618 0.956194162368774 0.938132464885712 0.94615250825882 0.888084888458252 0.822309672832489 0.769224464893341 0.714969515800476 0.679281175136566 0.570163905620575 0.522394418716431 0.320435136556625 0.212304785847664 0.202362850308418 0.273312240839005 0.345777958631516 0.381998687982559 0.395596742630005 0.377264887094498 0.343784093856812 0.435128331184387 0.464715212583542 0.236303701996803 0.066900447010994 0.0202218238264322 0.0096144387498498 0.00529410550370812 0.00327013991773129 0.00229490222409368 0.00165291398297995 0.0016163227846846
0.855608999729156 0.793601810932159 0.960615038871765 0.790387332439423 0.905302226543427 0.751206755638123 0.731350243091583 0.813620805740356 0.796109437942505 0.798083066940308 0.763786375522614 0.768503904342651 0.81725686788559 0.859199702739716 0.914828300476074 0.882129013538361 0.939875543117523 0.940488040447235 0.953115701675415 0.946342527866364 0.884595692157745 0.833519697189331 0.8396897315979 0.791456043720245 0.539013206958771 0.406788617372513 0.410018533468246 0.451795071363449 0.448014825582504 0.448695123195648 0.45694500207901 0.452670514583588 0.417531162500381 0.440262973308563 0.579197287559509 0.568650364875793 0.53666615486145 0.355409651994705 0.149219900369644 0.0429440401494503 0.018078625202179 0.00987183768302202 0.00475714495405555 0.0044368184171617 0.00419781729578972
