data/climate_estimation/maxent_output/Paris_cronquistii.asc
NCOLS 66 
NROWS 29 
XLLCORNER 102.916666666667 
YLLCORNER 22.75 
CELLSIZE 0.0833333333333333 
NODATA_value -3.4e+38 
[rows 0 to 19 of 29, columns 0 to 43 of 66]
0.658436655998230 0.66802304983139 0.64790952205658 0.627439916133881 0.616726517677307 0.616715013980865 0.623606324195862 0.626936197280884 0.614286422729492 0.605161845684052 0.604986667633057 0.629450261592865 0.615473985671997 0.606183409690857 0.618579089641571 0.623965740203857 0.613869488239288 0.615383267402649 0.622979402542114 0.630514204502106 0.632359504699707 0.630350947380066 0.637161254882812 0.632773756980896 0.631811380386353 0.637815952301025 0.640119254589081 0.641206920146942 0.648176193237305 0.65033221244812 0.655729949474335 0.657267510890961 0.658368408679962 0.648463845252991 0.640325605869293 0.613901674747467 0.620928704738617 0.617318272590637 0.618469834327698 0.618337690830231 0.616763710975647 0.613836884498596 0.598590850830078 0.591490387916565
0.669110476970673 0.66051709651947 0.644429087638855 0.613887190818787 0.614271461963654 0.615080654621124 0.628370642662048 0.618518173694611 0.609370231628418 0.600937366485596 0.630188524723053 0.639201641082764 0.616930484771729 0.607827842235565 0.619863092899323 0.624311685562134 0.609943628311157 0.606828451156616 0.611163198947906 0.620434463024139 0.626510441303253 0.626404523849487 0.634800970554352 0.629365146160126 0.630460143089294 0.637480080127716 0.63888680934906 0.644668281078339 0.647777915000916 0.654555976390839 0.657650768756866 0.660610139369965 0.664001166820526 0.65733790397644 0.644218802452087 0.622748672962189 0.612544178962708 0.610009372234344 0.62061882019043 0.606761634349823 0.615345776081085 0.600299119949341 0.595247030258179 0.587929725646973
0.655560374259949 0.639342904090881 0.626874387264252 0.612715780735016 0.623524487018585 0.623905718326569 0.613693177700043 0.612160205841064 0.608697950839996 0.603823184967041 0.631884813308716 0.628231644630432 0.622484505176544 0.613510966300964 0.607191741466522 0.610291182994843 0.60347056388855 0.60469788312912 0.60934966802597 0.616528928279877 0.619443714618683 0.624305129051208 0.632171332836151 0.627147257328033 0.627755701541901 0.630418241024017 0.634470880031586 0.640446841716766 0.635010600090027 0.634067416191101 0.646146178245544 0.661300241947174 0.662530779838562 0.652839958667755 0.646471202373505 0.643902957439423 0.633414447307587 0.611264526844025 0.604798674583435 0.603293180465698 0.599573075771332 0.611315429210663 0.607960343360901 0.602365136146545
0.645328283309937 0.643563389778137 0.620782077312469 0.628078579902649 0.622663974761963 0.621056914329529 0.621339201927185 0.619045436382294 0.629091203212738 0.627650499343872 0.631732225418091 0.62773323059082 0.614461660385132 0.604186475276947 0.604915618896484 0.602939188480377 0.598913550376892 0.597468972206116 0.605306327342987 0.611468255519867 0.614758372306824 0.62348598241806 0.622443795204163 0.62361216545105 0.624005138874054 0.624805212020874 0.635710775852203 0.645407259464264 0.649690628051758 0.654848456382751 0.633415877819061 0.650462746620178 0.66198205947876 0.664198577404022 0.661796271800995 0.652235627174377 0.639666318893433 0.629378616809845 0.614974439144135 0.602053463459015 0.620091915130615 0.631346702575684 0.626305818557739 0.621263325214386
0.665781319141388 0.649116277694702 0.617801427841187 0.62875097990036 0.617299139499664 0.623479545116425 0.624560475349426 0.631695568561554 0.641348421573639 0.629177510738373 0.61565625667572 0.611608147621155 0.608133733272552 0.605149507522583 0.611114084720612 0.610950291156769 0.592027246952057 0.59619152545929 0.593100070953369 0.592923104763031 0.606568872928619 0.609915435314178 0.611942887306213 0.615420043468475 0.617437839508057 0.624261379241943 0.635522603988647 0.64631050825119 0.646988868713379 0.649626195430756 0.6418097615242 0.643800556659698 0.639705300331116 0.642113626003265 0.654158294200897 0.648465514183044 0.641031324863434 0.629347562789917 0.621827006340027 0.606389820575714 0.627734363079071 0.64106547832489 0.641731441020966 0.623841106891632
0.643926680088043 0.634647786617279 0.637546300888062 0.620468735694885 0.618367314338684 0.627218425273895 0.630134701728821 0.631456673145294 0.635521411895752 0.611358106136322 0.602235436439514 0.602800846099854 0.607860624790192 0.621761918067932 0.630992949008942 0.607338786125183 0.589446604251862 0.59449827671051 0.58577162027359 0.58522754907608 0.593695163726807 0.599234759807587 0.602770149707794 0.605920493602753 0.619284868240356 0.627081513404846 0.635724723339081 0.645820200443268 0.657564580440521 0.674616098403931 0.67656010389328 0.679090023040771 0.671055793762207 0.648823857307434 0.635621190071106 0.633428752422333 0.631003677845001 0.623787999153137 0.611407339572906 0.615986585617065 0.636031746864319 0.652992367744446 0.636277973651886 0.618390142917633
0.628341794013977 0.631856322288513 0.633037149906158 0.620195806026459 0.624830603599548 0.628710985183716 0.627956449985504 0.626997113227844 0.615792334079742 0.602290749549866 0.597456872463226 0.607982158660889 0.611386239528656 0.614360451698303 0.635896563529968 0.59370356798172 0.573984980583191 0.576880037784576 0.578389346599579 0.580911219120026 0.587481439113617 0.59289962053299 0.599407136440277 0.6056107878685 0.616375148296356 0.62628972530365 0.636068344116211 0.643540382385254 0.653436601161957 0.673259794712067 0.680330753326416 0.682425737380981 0.692083775997162 0.675254285335541 0.654537498950958 0.658855080604553 0.637344360351562 0.632619857788086 0.631702423095703 0.621963798999786 0.649589776992798 0.656305432319641 0.637902975082397 0.613336145877838
0.627043306827545 0.616514205932617 0.610554218292236 0.623905301094055 0.632392585277557 0.626501381397247 0.615037739276886 0.605079054832458 0.605062067508698 0.601187884807587 0.606430172920227 0.638721227645874 0.616453409194946 0.593807816505432 0.591154277324677 0.569675624370575 0.566390752792358 0.571209907531738 0.57580155134201 0.578728556632996 0.582879662513733 0.588909208774567 0.594882428646088 0.601625084877014 0.610275149345398 0.621710002422333 0.634297072887421 0.64414519071579 0.653084993362427 0.666399776935577 0.682850480079651 0.685871720314026 0.692660808563232 0.694944977760315 0.665463447570801 0.664617598056793 0.663803577423096 0.653222262859344 0.647398948669434 0.648828148841858 0.658387720584869 0.661370515823364 0.638274431228638 0.61583399772644
0.634226083755493 0.620991468429565 0.596980929374695 0.626953780651093 0.636443197727203 0.614882349967957 0.594395101070404 0.598119080066681 0.61161744594574 0.600346148014069 0.641811788082123 0.629205584526062 0.579931020736694 0.567218661308289 0.560917794704437 0.562747836112976 0.567187309265137 0.572149813175201 0.575719475746155 0.571983277797699 0.579738318920135 0.581799447536469 0.588068246841431 0.596953630447388 0.6080042719841 0.618170022964478 0.629608154296875 0.637909352779388 0.654567718505859 0.666757941246033 0.67971670627594 0.691050827503204 0.694420993328094 0.67836195230484 0.644507348537445 0.665424764156342 0.656367361545563 0.626464605331421 0.634667217731476 0.655591607093811 0.660676777362823 0.662524700164795 0.634843766689301 0.629630088806152
0.648144543170929 0.628105998039246 0.598845839500427 0.634173393249512 0.636935651302338 0.601492822170258 0.591595947742462 0.609474003314972 0.615775108337402 0.600719511508942 0.63211590051651 0.590836465358734 0.568087518215179 0.566761910915375 0.564461052417755 0.571679472923279 0.573303759098053 0.589523613452911 0.573114812374115 0.571371376514435 0.583623886108398 0.584442675113678 0.585342347621918 0.592075526714325 0.603616833686829 0.61644172668457 0.627282917499542 0.639399886131287 0.647419095039368 0.656206369400024 0.663363456726074 0.675440073013306 0.674789607524872 0.682400345802307 0.646237730979919 0.631307303905487 0.655054211616516 0.642055690288544 0.610247254371643 0.619292676448822 0.644241511821747 0.642918169498444 0.658790588378906 0.605357348918915
0.643912971019745 0.642330706119537 0.593345284461975 0.632067084312439 0.630677819252014 0.594529926776886 0.596508383750916 0.628076612949371 0.626823723316193 0.609245717525482 0.570935070514679 0.608262598514557 0.593091368675232 0.569764077663422 0.571436166763306 0.586218297481537 0.581328630447388 0.59039694070816 0.583309352397919 0.570553243160248 0.578144431114197 0.594867050647736 0.582198143005371 0.586974799633026 0.594922780990601 0.609520435333252 0.621434450149536 0.634166955947876 0.645253300666809 0.655706882476807 0.662022769451141 0.660617589950562 0.658152341842651 0.646275639533997 0.642267644405365 0.630094826221466 0.632451891899109 0.642522871494293 0.627022385597229 0.602121591567993 0.596385657787323 0.619396090507507 0.640360713005066 0.604226291179657
0.61944854259491 0.639363825321198 0.592643022537231 0.625622034072876 0.622758507728577 0.59685218334198 0.599979519844055 0.626702547073364 0.612772047519684 0.584379613399506 0.606177806854248 0.639806866645813 0.607158720493317 0.581671893596649 0.579714179039001 0.587020814418793 0.590896010398865 0.580440521240234 0.567824244499207 0.567429065704346 0.587003886699677 0.60382068157196 0.59470546245575 0.589035034179688 0.606851577758789 0.599993228912354 0.614788591861725 0.628170311450958 0.642119228839874 0.653932988643646 0.663161516189575 0.672619521617889 0.676563024520874 0.675338625907898 0.661479890346527 0.63618266582489 0.62658417224884 0.63408362865448 0.611856460571289 0.613810539245605 0.588018715381622 0.588697671890259 0.620203137397766 0.588406980037689
0.629114806652069 0.627483427524567 0.60548722743988 0.629833996295929 0.617718756198883 0.598848581314087 0.596510052680969 0.594480454921722 0.587470591068268 0.605841875076294 0.640425622463226 0.640454709529877 0.600485146045685 0.583219647407532 0.577968239784241 0.583193898200989 0.588799595832825 0.582602202892303 0.577807247638702 0.566555380821228 0.575043559074402 0.593082129955292 0.596093773841858 0.590527534484863 0.596745073795319 0.595654010772705 0.607150077819824 0.619937062263489 0.634400308132172 0.648074924945831 0.653011202812195 0.652292966842651 0.649861514568329 0.651555359363556 0.638358414173126 0.648065984249115 0.618389189243317 0.611439168453217 0.606089472770691 0.593213260173798 0.587762355804443 0.565614700317383 0.589635252952576 0.596469044685364
0.615880966186523 0.615661323070526 0.60885888338089 0.622547805309296 0.629320442676544 0.598194420337677 0.591477870941162 0.589279174804688 0.589479029178619 0.634030103683472 0.648055911064148 0.653792560100555 0.644013643264771 0.628979563713074 0.599588930606842 0.582734227180481 0.588373422622681 0.586903035640717 0.586133539676666 0.579074859619141 0.587330460548401 0.595302581787109 0.587437570095062 0.585201144218445 0.582879722118378 0.589408993721008 0.608974695205688 0.628968834877014 0.632631540298462 0.645247995853424 0.648477017879486 0.656872630119324 0.66015362739563 0.665038347244263 0.666149437427521 0.672374486923218 0.62828254699707 0.599311530590057 0.601485550403595 0.58350270986557 0.587591111660004 0.558333158493042 0.56706976890564 0.555681586265564
0.643215239048004 0.628445863723755 0.613174200057983 0.614736199378967 0.618884980678558 0.596348762512207 0.596338510513306 0.595834136009216 0.586676180362701 0.608561515808105 0.617408633232117 0.644511044025421 0.644301176071167 0.639313042163849 0.612068593502045 0.593643069267273 0.599730849266052 0.590124845504761 0.590304315090179 0.593249022960663 0.593841731548309 0.588858008384705 0.588425159454346 0.58483761548996 0.586551547050476 0.602340459823608 0.611559987068176 0.625045359134674 0.637056052684784 0.64292585849762 0.647102117538452 0.653777182102203 0.669082581996918 0.677988350391388 0.67498517036438 0.664202213287354 0.636490821838379 0.606182217597961 0.593887567520142 0.589882910251617 0.576493382453918 0.560355544090271 0.544260442256927 0.539650559425354
0.646586716175079 0.624674081802368 0.621006906032562 0.619582176208496 0.613091349601746 0.60098135471344 0.595449268817902 0.594156801700592 0.592162847518921 0.60450541973114 0.601721823215485 0.611014008522034 0.619436681270599 0.620905578136444 0.611159801483154 0.60448431968689 0.598720788955688 0.592882633209229 0.597145020961761 0.60032707452774 0.618900954723358 0.612542927265167 0.604308426380157 0.609605014324188 0.608617663383484 0.614083886146545 0.618714034557343 0.625960290431976 0.636299133300781 0.648304045200348 0.650029182434082 0.663966774940491 0.676346719264984 0.672650873661041 0.653129100799561 0.633638739585876 0.628102481365204 0.596928715705872 0.596751570701599 0.598803818225861 0.602869749069214 0.595595717430115 0.571005284786224 0.536836981773376
0.628234803676605 0.631764054298401 0.629213273525238 0.616083264350891 0.612642049789429 0.627945840358734 0.624316155910492 0.621896982192993 0.603896617889404 0.600714802742004 0.600793957710266 0.597339332103729 0.60608446598053 0.611981928348541 0.61762523651123 0.608035802841187 0.60527640581131 0.60640561580658 0.609989583492279 0.615391552448273 0.625458300113678 0.630389273166656 0.634205758571625 0.651686370372772 0.652248740196228 0.65305894613266 0.637819945812225 0.63598644733429 0.64697390794754 0.655600428581238 0.660606682300568 0.669820606708527 0.677564322948456 0.666384518146515 0.660912930965424 0.655301690101624 0.626902163028717 0.618622004985809 0.595057547092438 0.616295158863068 0.632905304431915 0.630094647407532 0.588555753231049 0.564061224460602
0.624962866306305 0.641106009483337 0.659176588058472 0.625716209411621 0.613070428371429 0.676689982414246 0.694982051849365 0.676663815975189 0.644096434116364 0.624870836734772 0.599956035614014 0.601265430450439 0.596670389175415 0.60262268781662 0.609013378620148 0.61005026102066 0.614104509353638 0.614336729049683 0.614914655685425 0.626506268978119 0.618887901306152 0.61970180273056 0.631061851978302 0.659347295761108 0.659440696239471 0.655655741691589 0.666253924369812 0.668154299259186 0.663755178451538 0.666518688201904 0.667231142520905 0.670187056064606 0.679344713687897 0.675058841705322 0.668403506278992 0.662562549114227 0.664714932441711 0.63955283164978 0.609630763530731 0.640974223613739 0.667541682720184 0.645012199878693 0.593592405319214 0.570982336997986
0.639041125774384 0.631268441677094 0.632230520248413 0.618748366832733 0.600739181041718 0.624109625816345 0.701479434967041 0.729025185108185 0.686837375164032 0.635609567165375 0.621727824211121 0.610969841480255 0.608041644096375 0.601731479167938 0.615252375602722 0.62694787979126 0.632254719734192 0.623563766479492 0.635125875473022 0.649093806743622 0.64893501996994 0.625756978988647 0.629393994808197 0.638388574123383 0.65000319480896 0.650232434272766 0.672844290733337 0.677139759063721 0.684092879295349 0.685555636882782 0.684217929840088 0.676515638828278 0.667921900749207 0.669985234737396 0.658207714557648 0.65733814239502 0.66436505317688 0.63405966758728 0.634486734867096 0.676349282264709 0.64869612455368 0.617966949939728 0.600141167640686 0.604696035385132
0.690072536468506 0.685030698776245 0.632570564746857 0.609287261962891 0.594346523284912 0.59000688791275 0.698188245296478 0.694471597671509 0.702400088310242 0.687317669391632 0.658058106899261 0.62630695104599 0.612311840057373 0.604629516601562 0.619166672229767 0.646559178829193 0.647017657756805 0.634235024452209 0.641197085380554 0.642543315887451 0.643582224845886 0.655759394168854 0.64434289932251 0.643515110015869 0.648958206176758 0.649966776371002 0.662232398986816 0.677883684635162 0.694375693798065 0.701811373233795 0.704119265079498 0.694721698760986 0.684292137622833 0.682417750358582 0.682329714298248 0.676123142242432 0.65690016746521 0.658389806747437 0.656953811645508 0.689593732357025 0.661002159118652 0.65146017074585 0.659475564956665 0.647891640663147
