data/climate_estimation/maxent_output/Paris_mairei.asc
NCOLS 183 
NROWS 70 
XLLCORNER 87.4166666666667 
YLLCORNER 24.4166666666667 
CELLSIZE 0.0833333333333333 
NODATA_value -3.4e+38 
[rows 19 to 37 of 70, columns 0 to 42 of 183]
0.059397429227829 0.0675840377807617 0.0266558174043894 0.0388023853302002 0.04731385409832 0.0904050692915916 0.0683490261435509 0.0235232952982187 0.023112528026104 0.0166396982967854 0.00609565246850252 0.00501967966556549 0.00596183631569147 0.0117671154439449 0.0183800738304853 0.00587827665731311 0.00835879426449537 0.00826914515346289 0.0106252618134022 0.0167346391826868 0.0188309829682112 0.0160404425114393 0.0149925919249654 0.0145644154399633 0.0127306431531906 0.0116904769092798 0.00979999452829361 0.0109795415773988 0.00612757727503777 0.0208759941160679 0.00818230211734772 0.00626143207773566 0.00652810279279947 0.00984211824834347 0.0100241797044873 0.00744393607601523 0.010229934938252 0.00826144870370626 0.00627803569659591 0.00572675559669733 0.0103787602856755 0.00994477514177561 0.00807848572731018
0.144448012113571 0.104390062391758 0.0515793934464455 0.109642952680588 0.137538477778435 0.0860390663146973 0.0587818920612335 0.0696165934205055 0.0669034570455551 0.0315385349094868 0.0241421218961477 0.0228659510612488 0.0235990229994059 0.0176806785166264 0.022669518366456 0.00535500235855579 0.00559662841260433 0.00492326682433486 0.00844104588031769 0.0103067122399807 0.015229769051075 0.0134059200063348 0.0158233270049095 0.0169690568000078 0.0111471191048622 0.00712087564170361 0.0136046605184674 0.0150274587795138 0.0124298529699445 0.0195616465061903 0.00828137807548046 0.00847908761352301 0.00650995736941695 0.0102116540074348 0.00852891243994236 0.00883950479328632 0.0095226876437664 0.00885203015059233 0.00558795128017664 0.00823347829282284 0.00891700387001038 0.007602842990309 0.0079418420791626
0.0685795024037361 0.0544513650238514 0.164773911237717 0.105519361793995 0.141823634505272 0.122208751738071 0.0662268996238708 0.0346575938165188 0.0389508903026581 0.0637295246124268 0.064419761300087 0.0575269162654877 0.0371443182229996 0.027199998497963 0.0309095289558172 0.0147103369235992 0.00925836246460676 0.00694727431982756 0.00858148187398911 0.0163428615778685 0.0154320793226361 0.0145806428045034 0.0160239897668362 0.0173854772001505 0.0106596471741796 0.0145545871928334 0.018355829641223 0.00810359418392181 0.010317618958652 0.0182443410158157 0.0136876692995429 0.00567705044522882 0.00371696753427386 0.00614127982407808 0.00543444650247693 0.00571316154673696 0.00668674567714334 0.00581152038648725 0.00401030667126179 0.00786913093179464 0.0140594579279423 0.0198028981685638 0.0244941562414169
0.0350165851414204 0.108143016695976 0.0825110971927643 0.0155287496745586 0.191988408565521 0.0961565375328064 0.0326238349080086 0.0335028879344463 0.0497434511780739 0.0615571737289429 0.0595122687518597 0.0562814921140671 0.0511457584798336 0.039472047239542 0.0310043655335903 0.0157265570014715 0.0129422647878528 0.0112276086583734 0.012108787894249 0.015532017685473 0.0181329008191824 0.0194513630121946 0.0163427125662565 0.0158802159130573 0.0178386997431517 0.0163785070180893 0.0112435594201088 0.0134806968271732 0.0111125195398927 0.0152448192238808 0.00719589879736304 0.00231506279669702 0.00236630509607494 0.00549239804968238 0.00536206737160683 0.00643701478838921 0.0115051120519638 0.014770420268178 0.0202621836215258 0.0251576751470566 0.037108201533556 0.0477080829441547 0.0456705540418625
0.09053073823452 0.0138813741505146 0.00688678398728371 0.022231986746192 0.158257529139519 0.154013454914093 0.0209066104143858 0.0425177104771137 0.0917753353714943 0.0928597450256348 0.0840236023068428 0.0718415379524231 0.059234332293272 0.0312489606440067 0.0193418562412262 0.0229628458619118 0.022656038403511 0.0188488643616438 0.016991276293993 0.0172259770333767 0.0219061020761728 0.0273455996066332 0.0291751623153687 0.0280503109097481 0.0193689223378897 0.0181464105844498 0.0169712714850903 0.0116074811667204 0.00624644430354238 0.0102054569870234 0.00662882253527641 0.00579730700701475 0.00408109650015831 0.00475175771862268 0.00247986987233162 0.00503257615491748 0.01447878126055 0.00771699799224734 0.00361960218288004 0.00999198481440544 0.0121019408106804 0.0235119014978409 0.0652613788843155
0.0159843843430281 0.0156374461948872 0.0054415762424469 0.0786066874861717 0.158626466989517 0.0875024944543839 0.104806624352932 0.135783791542053 0.113298714160919 0.0863717198371887 0.0698878616094589 0.0611806027591228 0.0454957187175751 0.0375333651900291 0.0220857448875904 0.0194917898625135 0.0236347690224648 0.0184592064470053 0.0150179928168654 0.0233002174645662 0.0228206738829613 0.0199513640254736 0.0220177359879017 0.0261982269585133 0.025880791246891 0.0149727538228035 0.0138559332117438 0.00975852645933628 0.00616683252155781 0.00593668362125754 0.00272844708524644 0.00343771348707378 0.00371462316252291 0.00278378161601722 0.00143118749838322 0.00297020771540701 0.00656979950144887 0.00315903313457966 0.00376854091882706 0.0171575043350458 0.0459215939044952 0.0746903643012047 0.142531961202621
0.0457395203411579 0.0358168855309486 0.0177972484380007 0.0486554205417633 0.0302213914692402 0.02489691413939 0.0599778406322002 0.0618833266198635 0.0615579523146152 0.0507548712193966 0.0440407060086727 0.0341517105698586 0.0237001199275255 0.0195903368294239 0.0170814022421837 0.0167691446840763 0.0174507796764374 0.0172601621598005 0.0195916667580605 0.018330005928874 0.0181326139718294 0.0161211788654327 0.0270340573042631 0.0323018208146095 0.0222253147512674 0.00850322190672159 0.027806518599391 0.0438938625156879 0.0208115354180336 0.0121075101196766 0.0123675987124443 0.0119243506342173 0.0203691534698009 0.013099336065352 0.00915499683469534 0.00775348674505949 0.00362670235335827 0.00598932011052966 0.0169529784470797 0.0223867557942867 0.021515978500247 0.0190024897456169 0.0726346969604492
0.167544901371002 0.077738031744957 0.0244357027113438 0.067124642431736 0.019931435585022 0.0065498361364007 0.0165924113243818 0.00827175099402666 0.0104083055630326 0.0186664611101151 0.0191880259662867 0.0155806886032224 0.0168433431535959 0.00793572142720222 0.0204766690731049 0.0147776305675507 0.0125218834728003 0.0106621077284217 0.014519676566124 0.0187362525612116 0.023354634642601 0.0271813534200191 0.0354895256459713 0.0357649438083172 0.016075499355793 0.0230240877717733 0.0352614261209965 0.131848499178886 0.0325968824326992 0.0192095972597599 0.0420891977846622 0.0436231568455696 0.0586406402289867 0.0302853547036648 0.0135151771828532 0.00854041613638401 0.0047081564553082 0.0131894405931234 0.0126663995906711 0.0118568362668157 0.00749562215059996 0.0181051231920719 0.0538491047918797
0.74275130033493 0.200468868017197 0.096111997961998 0.0485668890178204 0.0172183364629745 0.00860045198351145 0.0129051208496094 0.00673235161229968 0.0036512934602797 0.00764560326933861 0.0115761011838913 0.0177596546709538 0.0317032039165497 0.0334773734211922 0.0221101213246584 0.0147127062082291 0.00976210832595825 0.00470816344022751 0.0167587101459503 0.0270650871098042 0.0294503327459097 0.0331940688192844 0.0360190309584141 0.0323560424149036 0.0338968001306057 0.0612969286739826 0.0445221289992332 0.14381442964077 0.226256236433983 0.0256666410714388 0.048169020563364 0.141388654708862 0.0290059596300125 0.0277555044740438 0.0116681940853596 0.0154142649844289 0.0195296909660101 0.0205900445580482 0.022141570225358 0.0347671061754227 0.0229863617569208 0.0529383607208729 0.0721830800175667
0.979827880859375 0.379733473062515 0.0900434553623199 0.036877203732729 0.0312280468642712 0.0319546423852444 0.0125237861648202 0.00831390731036663 0.00327648525126278 0.0117148896679282 0.0279015228152275 0.051730427891016 0.0519978627562523 0.125482335686684 0.0267776492983103 0.0406575798988342 0.0219346731901169 0.0148780951276422 0.0295404586941004 0.0322149060666561 0.0366614945232868 0.0350232683122158 0.0168784242123365 0.0219226535409689 0.0752838179469109 0.0497625134885311 0.29012930393219 0.88041353225708 0.341339856386185 0.0567416734993458 0.0710389912128448 0.773497760295868 0.157066762447357 0.0229946598410606 0.0156828779727221 0.0260962601751089 0.0729293152689934 0.0386912450194359 0.0880888774991035 0.0615046359598637 0.0628427490592003 0.0992194041609764 0.244364693760872
0.871544539928436 0.845884680747986 0.100765146315098 0.116031780838966 0.0586506389081478 0.184139490127563 0.0314011611044407 0.0375984460115433 0.0135104600340128 0.00801437720656395 0.0224868375808001 0.0798377320170403 0.183388724923134 0.389240592718124 0.0808336213231087 0.111470118165016 0.0874883085489273 0.0338355973362923 0.0481405444443226 0.0417903363704681 0.0468759089708328 0.0284758694469929 0.0272067673504353 0.0373504385352135 0.0363736115396023 0.0352181605994701 0.186518251895905 0.889221251010895 0.808355748653412 0.219993934035301 0.520444393157959 0.898294389247894 0.466076582670212 0.0653192400932312 0.0600402280688286 0.0637536272406578 0.243946999311447 0.135980397462845 0.0848671123385429 0.298267871141434 0.122550994157791 0.151108905673027 0.601664006710052
0.949470221996307 0.666664302349091 0.13080407679081 0.41975349187851 0.831163227558136 0.318468779325485 0.215802296996117 0.0275761801749468 0.00344961252994835 0.0137066701427102 0.0627433434128761 0.0853617638349533 0.171534359455109 0.837534308433533 0.730536043643951 0.276669472455978 0.202030822634697 0.05153938382864 0.0729595795273781 0.0508604198694229 0.0631683766841888 0.0471819974482059 0.0948842465877533 0.0485644973814487 0.0515566095709801 0.086467057466507 0.161788940429688 0.875307977199554 0.750014901161194 0.805453360080719 0.699682772159576 0.884173989295959 0.201957359910011 0.697487652301788 0.146478027105331 0.2179896235466 0.854970514774323 0.377589404582977 0.439088404178619 0.815460205078125 0.369039237499237 0.67216545343399 0.536740362644196
0.982925415039062 0.789916813373566 0.95735377073288 0.820263087749481 0.986748158931732 0.971020221710205 0.428406447172165 0.0695422440767288 0.00606105150654912 0.0329728461802006 0.427516281604767 0.924561619758606 0.970467746257782 0.602722644805908 0.915805816650391 0.93241947889328 0.109927669167519 0.0714781060814857 0.0934428498148918 0.0662669315934181 0.0548862516880035 0.0966367200016975 0.361657679080963 0.0758558735251427 0.0938234105706215 0.129435420036316 0.717267632484436 0.923122525215149 0.339588224887848 0.183047622442245 0.806912660598755 0.896042943000793 0.846502482891083 0.914148390293121 0.529369175434113 0.849177658557892 0.916015565395355 0.877801060676575 0.871635675430298 0.902162909507751 0.855612993240356 0.907085776329041 0.767800331115723
0.988386392593384 0.988779962062836 0.767942845821381 0.98315167427063 0.554149925708771 0.964482605457306 0.859831511974335 0.149331107735634 0.174447536468506 0.121992379426956 0.172018304467201 0.969696819782257 0.298761785030365 0.211795821785927 0.657823920249939 0.922822594642639 0.0973331928253174 0.19841106235981 0.235541045665741 0.0868952944874763 0.0562537983059883 0.0937957391142845 0.848153710365295 0.427846878767014 0.809592843055725 0.193103358149529 0.922039806842804 0.912353038787842 0.661766707897186 0.172792926430702 0.565660536289215 0.760360777378082 0.894496738910675 0.90347158908844 0.918428301811218 0.918898284435272 0.777421772480011 0.920498490333557 0.878071546554565 0.918423295021057 0.936694443225861 0.900592088699341 0.817059397697449
0.970796167850494 0.7596195936203 0.258052498102188 0.214210748672485 0.810999989509583 0.829697728157043 0.933177709579468 0.847553491592407 0.892094612121582 0.958530724048615 0.981818079948425 0.955628991127014 0.608008503913879 0.10244907438755 0.808710038661957 0.905638694763184 0.128152564167976 0.270030498504639 0.326102167367935 0.213910356163979 0.133663669228554 0.426870346069336 0.825085043907166 0.929050207138062 0.934971690177917 0.896958589553833 0.924036622047424 0.923338711261749 0.924138128757477 0.289728432893753 0.733438789844513 0.924109756946564 0.897827565670013 0.911797940731049 0.905536353588104 0.923323929309845 0.707292914390564 0.925946831703186 0.899622321128845 0.89411062002182 0.940029501914978 0.932756125926971 0.845486164093018
0.761210501194 0.190662980079651 0.0734926611185074 0.272483319044113 0.326624721288681 0.132599294185638 0.77675586938858 0.989691376686096 0.97397792339325 0.391424924135208 0.164252251386642 0.59270828962326 0.0905991494655609 0.0858557298779488 0.166516691446304 0.957014620304108 0.346145063638687 0.222966775298119 0.745820283889771 0.39448007941246 0.275705367326736 0.456717938184738 0.886169135570526 0.915692269802094 0.924401640892029 0.945250988006592 0.949619114398956 0.867334604263306 0.939996659755707 0.421604514122009 0.77909791469574 0.922472596168518 0.930609583854675 0.928047001361847 0.846821844577789 0.837368071079254 0.77317076921463 0.332303285598755 0.73438435792923 0.894085824489594 0.757131338119507 0.9522625207901 0.920902252197266
0.471299290657043 0.531173050403595 0.17591093480587 0.0574775487184525 0.0723086297512054 0.077961653470993 0.324766010046005 0.906316936016083 0.3184814453125 0.0475088022649288 0.0173356402665377 0.127708628773689 0.0146093582734466 0.0406007915735245 0.0449046455323696 0.620667338371277 0.938175737857819 0.772618532180786 0.666605651378632 0.958498299121857 0.916921675205231 0.633725941181183 0.923268020153046 0.903318047523499 0.937282919883728 0.911032915115356 0.916813969612122 0.43745556473732 0.903453171253204 0.85204017162323 0.109566010534763 0.0584064610302448 0.250997185707092 0.737206161022186 0.914912581443787 0.81996363401413 0.922161400318146 0.621989011764526 0.469095587730408 0.933656573295593 0.931388795375824 0.956104338169098 0.860890686511993
0.558769106864929 0.25425511598587 0.102359168231487 0.033694077283144 0.0728870928287506 0.185863569378853 0.543923377990723 0.950202524662018 0.605861902236938 0.110280431807041 0.0104487258940935 0.0570789016783237 0.010928955860436 0.00757002038881183 0.0104092732071877 0.0458427965641022 0.660585165023804 0.467423141002655 0.943191826343536 0.812200725078583 0.60041743516922 0.951154947280884 0.937106907367706 0.938632607460022 0.928983688354492 0.900906145572662 0.880471885204315 0.887964010238647 0.927933216094971 0.863780617713928 0.507318496704102 0.0350036546587944 0.108370676636696 0.362568020820618 0.920704483985901 0.94699239730835 0.693469941616058 0.43902313709259 0.109055928885937 0.312704563140869 0.54094010591507 0.895899534225464 0.350694328546524
0.180638760328293 0.0594971254467964 0.0307616610080004 0.0243543926626444 0.10638677328825 0.363580912351608 0.816675662994385 0.883142173290253 0.0772872343659401 0.00994592346251011 0.00414606975391507 0.00858420040458441 0.00546019291505218 0.0104866921901703 0.0365191549062729 0.414154917001724 0.289228886365891 0.0171632803976536 0.556308150291443 0.581451773643494 0.0878212600946426 0.562490165233612 0.665219664573669 0.870810925960541 0.956246733665466 0.902590155601501 0.934849262237549 0.929042458534241 0.703354835510254 0.545047581195831 0.741607069969177 0.0373472198843956 0.0696467310190201 0.531942427158356 0.844797670841217 0.610248744487762 0.442870289087296 0.478742748498917 0.108164496719837 0.0246497299522161 0.122650966048241 0.751549541950226 0.201719403266907
