data/climate_estimation/maxent_output/Paris_delavayi.asc
NCOLS 123 
NROWS 124 
XLLCORNER 100 
YLLCORNER 22.25 
CELLSIZE 0.0833333333333333 
NODATA_value -3.4e+38 
[rows 0 to 19 of 124, columns 44 to 87 of 123]
0.155460447072983 0.0641591921448708 0.257586091756821 0.4065922498703 0.658803462982178 0.763520002365112 0.802650272846222 0.726578116416931 0.70967423915863 0.741994380950928 0.858134508132935 0.620673716068268 0.697571754455566 0.851400911808014 0.860034942626953 0.921903491020203 0.937643110752106 0.933804750442505 0.942932546138763 0.943239152431488 0.942235112190247 0.957026660442352 0.965534687042236 0.965097784996033 0.965570628643036 0.96773362159729 0.969269156455994 0.956894159317017 0.938295483589172 0.931832909584045 0.9003746509552 0.927888929843903 0.904910385608673 0.910678327083588 0.924681782722473 0.861116647720337 0.849370777606964 0.894147992134094 0.91568261384964 0.903287529945374 0.893871366977692 0.904019176959991 0.897164821624756 0.895659029483795
0.35293060541153 0.04469233751297 0.124176934361458 0.20104868710041 0.485767155885696 0.564584255218506 0.885931730270386 0.863852441310883 0.912357985973358 0.902745962142944 0.906355679035187 0.855724096298218 0.89515608549118 0.921620726585388 0.93986314535141 0.942499399185181 0.948266565799713 0.942837595939636 0.946531236171722 0.944848835468292 0.949322998523712 0.958895444869995 0.969495594501495 0.978078603744507 0.969618022441864 0.984099864959717 0.979830026626587 0.969080984592438 0.951493084430695 0.945906519889832 0.936184048652649 0.946867823600769 0.928396821022034 0.939071536064148 0.913255870342255 0.903056800365448 0.930984675884247 0.931576073169708 0.927484512329102 0.919368743896484 0.893727779388428 0.909725964069366 0.914612114429474 0.89450740814209
0.436734706163406 0.190540686249733 0.320294946432114 0.392321705818176 0.46562647819519 0.698667705059052 0.834563314914703 0.895991146564484 0.906466424465179 0.911708652973175 0.94356894493103 0.958030939102173 0.955409228801727 0.907742619514465 0.806772291660309 0.945570468902588 0.946770191192627 0.959383845329285 0.960348725318909 0.960863053798676 0.947878837585449 0.961721897125244 0.973156094551086 0.981947004795074 0.985006392002106 0.983284950256348 0.982899725437164 0.986349165439606 0.967559337615967 0.949510455131531 0.945676147937775 0.954486846923828 0.942239880561829 0.925281882286072 0.942080080509186 0.936066687107086 0.942444920539856 0.941194117069244 0.93740439414978 0.932596147060394 0.933394253253937 0.932015419006348 0.930231809616089 0.932338833808899
0.465277343988419 0.225588902831078 0.280986279249191 0.463674694299698 0.644711911678314 0.645693242549896 0.588754832744598 0.786254405975342 0.813284814357758 0.889976501464844 0.902281165122986 0.943297445774078 0.966604590415955 0.958216726779938 0.94809478521347 0.924570024013519 0.940624833106995 0.949483633041382 0.959301948547363 0.96563059091568 0.97092068195343 0.974803924560547 0.978681981563568 0.977755665779114 0.98292464017868 0.983281672000885 0.979519963264465 0.983416318893433 0.974962651729584 0.96052074432373 0.961301565170288 0.960642755031586 0.957252025604248 0.955477297306061 0.955997943878174 0.953208982944489 0.95035982131958 0.946609139442444 0.941077470779419 0.942100882530212 0.93586528301239 0.940364122390747 0.940050661563873 0.930192112922668
0.311977505683899 0.460937172174454 0.565339267253876 0.748427867889404 0.769412159919739 0.887665927410126 0.762195527553558 0.823111414909363 0.922672510147095 0.950769305229187 0.95182204246521 0.941566824913025 0.957191944122314 0.968077480792999 0.964145421981812 0.937623798847198 0.965514183044434 0.967461347579956 0.967955946922302 0.970767915248871 0.973492085933685 0.975282728672028 0.978570580482483 0.978892624378204 0.981286823749542 0.97956782579422 0.979898869991302 0.976068377494812 0.971702337265015 0.970696747303009 0.966404259204865 0.962881624698639 0.962998926639557 0.960491180419922 0.960131824016571 0.957853257656097 0.95580530166626 0.955798625946045 0.952563285827637 0.95085883140564 0.943815886974335 0.948369681835175 0.947777211666107 0.942594945430756
0.449606329202652 0.35444039106369 0.443746477365494 0.577012121677399 0.591030895709991 0.913334369659424 0.858312487602234 0.812508046627045 0.910521149635315 0.950555324554443 0.972276091575623 0.969071626663208 0.961379408836365 0.976474344730377 0.965300500392914 0.970630466938019 0.973318994045258 0.974267184734344 0.972027122974396 0.974456787109375 0.975005149841309 0.976611375808716 0.978152573108673 0.978900134563446 0.979506611824036 0.978734493255615 0.978021502494812 0.974404156208038 0.970864415168762 0.96787965297699 0.964932501316071 0.966385781764984 0.965463638305664 0.964411497116089 0.963448464870453 0.963554680347443 0.961375951766968 0.958793759346008 0.95759516954422 0.950614333152771 0.952445805072784 0.948968350887299 0.95450222492218 0.954321801662445
0.546923518180847 0.286396205425262 0.631186544895172 0.820748746395111 0.824522078037262 0.932368874549866 0.949414670467377 0.915884435176849 0.929463267326355 0.950323283672333 0.963889896869659 0.974105417728424 0.9775630235672 0.977233290672302 0.934391677379608 0.974420547485352 0.979182243347168 0.978576481342316 0.977336704730988 0.977477252483368 0.975701212882996 0.974737823009491 0.975212097167969 0.976024925708771 0.974776804447174 0.975171089172363 0.975272476673126 0.972213387489319 0.970405697822571 0.969270706176758 0.966439723968506 0.96785169839859 0.965854227542877 0.965622067451477 0.965115010738373 0.966057121753693 0.961680889129639 0.963615238666534 0.96179074048996 0.956653237342834 0.959056854248047 0.955905079841614 0.957163333892822 0.958049774169922
0.504122138023376 0.366529732942581 0.649810671806335 0.651114404201508 0.911002278327942 0.920176267623901 0.948903262615204 0.968531727790833 0.961664140224457 0.954275727272034 0.960434079170227 0.981597185134888 0.958194255828857 0.979616522789001 0.983500123023987 0.982165455818176 0.979803442955017 0.97974818944931 0.978254795074463 0.978288471698761 0.976361751556396 0.974806308746338 0.973533153533936 0.974686741828918 0.968974888324738 0.970888137817383 0.971993565559387 0.971697688102722 0.968804776668549 0.96729987859726 0.965350687503815 0.965830326080322 0.965768873691559 0.966635584831238 0.96599006652832 0.966705441474915 0.965033411979675 0.965000152587891 0.962408065795898 0.961175203323364 0.95906674861908 0.957299649715424 0.9555304646492 0.955167829990387
0.753166019916534 0.617832243442535 0.664973020553589 0.758649587631226 0.888500213623047 0.953424155712128 0.955081582069397 0.979177176952362 0.979451239109039 0.977911174297333 0.982141137123108 0.963706314563751 0.985675990581512 0.985403954982758 0.985187292098999 0.983744084835052 0.98153167963028 0.980153501033783 0.978370845317841 0.977933049201965 0.97713166475296 0.975663125514984 0.974122881889343 0.969382464885712 0.970160245895386 0.966974556446075 0.967460691928864 0.968480408191681 0.960068881511688 0.958718240261078 0.962231934070587 0.962307989597321 0.963066399097443 0.964987874031067 0.965632021427155 0.964435696601868 0.964972674846649 0.964679300785065 0.960094809532166 0.953597128391266 0.954647481441498 0.957580626010895 0.949752449989319 0.955529570579529
0.757870495319366 0.825653076171875 0.764084875583649 0.900286614894867 0.944410443305969 0.966053128242493 0.953212261199951 0.950558602809906 0.964554786682129 0.981724441051483 0.98569530248642 0.98754346370697 0.986716270446777 0.986783504486084 0.986348569393158 0.985065400600433 0.982259154319763 0.980531811714172 0.980298757553101 0.978815495967865 0.976223528385162 0.974861860275269 0.97266548871994 0.972072720527649 0.968509197235107 0.967272698879242 0.958711266517639 0.959353029727936 0.95527046918869 0.955405473709106 0.958894371986389 0.959562599658966 0.962995171546936 0.957890510559082 0.957895338535309 0.956416547298431 0.957286655902863 0.958356440067291 0.953913867473602 0.955398857593536 0.946789920330048 0.956007063388824 0.946620404720306 0.95160049200058
0.53865647315979 0.769611418247223 0.877006769180298 0.858447432518005 0.808695733547211 0.852679073810577 0.941421389579773 0.973357498645782 0.980781555175781 0.987603545188904 0.988648355007172 0.988576292991638 0.988316655158997 0.987448751926422 0.987221837043762 0.985367894172668 0.982969224452972 0.981036603450775 0.981079757213593 0.980549156665802 0.974656879901886 0.972571134567261 0.972303509712219 0.96822851896286 0.962618947029114 0.960156559944153 0.955915927886963 0.949965715408325 0.95567113161087 0.952632009983063 0.955995500087738 0.954054117202759 0.960551083087921 0.95497339963913 0.951972782611847 0.954574942588806 0.95425933599472 0.953121185302734 0.949908375740051 0.947502017021179 0.946760416030884 0.951301336288452 0.943669319152832 0.943474590778351
0.706137239933014 0.879978656768799 0.473483145236969 0.505407392978668 0.903602421283722 0.934626698493958 0.977124631404877 0.987404406070709 0.988426804542542 0.989099144935608 0.989886462688446 0.98974734544754 0.989526033401489 0.989246606826782 0.987009942531586 0.985273540019989 0.982333064079285 0.980011463165283 0.979036033153534 0.977411031723022 0.974945425987244 0.971148669719696 0.96602189540863 0.967881560325623 0.961069166660309 0.957137942314148 0.951407670974731 0.945057690143585 0.94566684961319 0.950745284557343 0.943350672721863 0.945327997207642 0.946809232234955 0.945786714553833 0.94788521528244 0.945178031921387 0.947154760360718 0.951094388961792 0.949376821517944 0.942304313182831 0.938208162784576 0.937746822834015 0.929237484931946 0.951875746250153
0.893985986709595 0.593208074569702 0.264327764511108 0.380485147237778 0.881167888641357 0.976808726787567 0.983431041240692 0.989362895488739 0.989551424980164 0.989400148391724 0.989597201347351 0.990531980991364 0.990716814994812 0.989517629146576 0.987898051738739 0.984763205051422 0.982697308063507 0.980660200119019 0.978883564472198 0.97659170627594 0.974995911121368 0.970436811447144 0.964695334434509 0.959756076335907 0.958856284618378 0.951674938201904 0.947452306747437 0.935591459274292 0.935087025165558 0.9397913813591 0.940122485160828 0.942974209785461 0.941754102706909 0.94270396232605 0.941206812858582 0.94252073764801 0.942695736885071 0.940127551555634 0.940658152103424 0.94421911239624 0.931574940681458 0.91841059923172 0.945482671260834 0.949835360050201
0.517181932926178 0.259645044803619 0.442721575498581 0.910857498645782 0.961970865726471 0.983809173107147 0.989137053489685 0.989000558853149 0.989481210708618 0.989726662635803 0.989815711975098 0.989532172679901 0.990065515041351 0.988518178462982 0.9876469373703 0.984332263469696 0.982420146465302 0.97971773147583 0.977971971035004 0.975705087184906 0.973181664943695 0.971608936786652 0.962852478027344 0.959711074829102 0.950693249702454 0.943726241588593 0.940221965312958 0.934295296669006 0.927410364151001 0.932001769542694 0.932366192340851 0.930583417415619 0.931479334831238 0.93253618478775 0.934640824794769 0.934077620506287 0.931826293468475 0.9369056224823 0.926700174808502 0.919707953929901 0.910083055496216 0.903779208660126 0.9150270819664 0.921243906021118
0.231864556670189 0.484257131814957 0.765408337116241 0.965834200382233 0.985192596912384 0.98979789018631 0.988749861717224 0.989060521125793 0.98933207988739 0.989417433738708 0.989496171474457 0.989152610301971 0.988082647323608 0.986794292926788 0.985450863838196 0.983927190303802 0.980395257472992 0.978196680545807 0.97665411233902 0.972614288330078 0.970587015151978 0.96789938211441 0.960525631904602 0.953090608119965 0.94476443529129 0.938285410404205 0.932098090648651 0.9284907579422 0.921324014663696 0.920780777931213 0.924115717411041 0.9211066365242 0.922560155391693 0.920672059059143 0.92523729801178 0.926908135414124 0.92267632484436 0.916936576366425 0.928590893745422 0.911285579204559 0.907357931137085 0.89303195476532 0.883037745952606 0.912928521633148
0.602825582027435 0.920824587345123 0.969903230667114 0.986260056495667 0.990342438220978 0.989229321479797 0.988635718822479 0.988865852355957 0.988986134529114 0.989257454872131 0.988643705844879 0.988487303256989 0.987746059894562 0.985306680202484 0.984179675579071 0.982744097709656 0.98076730966568 0.977510213851929 0.972672760486603 0.96876060962677 0.966003596782684 0.960916101932526 0.95590341091156 0.950838804244995 0.942726075649261 0.931945860385895 0.924151122570038 0.918343484401703 0.912188708782196 0.907590627670288 0.910212278366089 0.908341228961945 0.913144707679749 0.910948097705841 0.909981727600098 0.915266394615173 0.911290407180786 0.909898698329926 0.904032647609711 0.904695272445679 0.903763115406036 0.881326258182526 0.88939893245697 0.919526040554047
0.953638255596161 0.987208187580109 0.984917163848877 0.990191400051117 0.990003526210785 0.989121735095978 0.988680899143219 0.988336503505707 0.988494336605072 0.988712131977081 0.988267123699188 0.987219274044037 0.986370325088501 0.984238386154175 0.982322692871094 0.980797171592712 0.978416919708252 0.976061046123505 0.97284984588623 0.966289877891541 0.962619066238403 0.956200003623962 0.951356768608093 0.943961083889008 0.932842612266541 0.926324486732483 0.915129840373993 0.911573469638824 0.902671098709106 0.900876522064209 0.897584855556488 0.898774325847626 0.901601076126099 0.901739120483398 0.899354755878448 0.898975014686584 0.900696694850922 0.891130030155182 0.894339025020599 0.917859554290771 0.889581680297852 0.847275257110596 0.856511533260345 0.873458981513977
0.990055918693542 0.992224633693695 0.991730153560638 0.990950107574463 0.98978316783905 0.989464163780212 0.988310694694519 0.987289726734161 0.987696290016174 0.987816631793976 0.988513827323914 0.986976504325867 0.98435366153717 0.982828915119171 0.981231808662415 0.978905856609344 0.97602790594101 0.974067866802216 0.971694707870483 0.967284798622131 0.960621953010559 0.953149914741516 0.944698810577393 0.941096246242523 0.93110316991806 0.91917085647583 0.912955343723297 0.904920876026154 0.898180961608887 0.894789338111877 0.886292099952698 0.880913615226746 0.882673442363739 0.881362199783325 0.882228195667267 0.886007010936737 0.877785801887512 0.885535299777985 0.891103029251099 0.873590528964996 0.869718790054321 0.848784506320953 0.866461038589478 0.878104746341705
0.994239330291748 0.99294126033783 0.99268764257431 0.991113126277924 0.989947319030762 0.988447308540344 0.987610757350922 0.986874401569366 0.986437320709229 0.987311124801636 0.988279938697815 0.986241817474365 0.983098387718201 0.982385218143463 0.978887677192688 0.976710379123688 0.973128736019135 0.971716701984406 0.966117203235626 0.965980470180511 0.957036137580872 0.948099434375763 0.945284485816956 0.936004519462585 0.921938717365265 0.91094559431076 0.899308800697327 0.888821959495544 0.880601406097412 0.878275394439697 0.881713628768921 0.882287263870239 0.871190190315247 0.880208253860474 0.87132740020752 0.870199203491211 0.857149600982666 0.856681883335114 0.851869225502014 0.849522471427917 0.851146578788757 0.842545688152313 0.886961400508881 0.871988236904144
0.995425462722778 0.993803799152374 0.991993427276611 0.990959107875824 0.989335596561432 0.988885879516602 0.987017571926117 0.986383020877838 0.986335277557373 0.987206995487213 0.989639818668365 0.983722388744354 0.98247903585434 0.980738699436188 0.978295683860779 0.977086961269379 0.973321139812469 0.970750451087952 0.966895401477814 0.958715677261353 0.953794240951538 0.951353132724762 0.941581666469574 0.929048240184784 0.913404941558838 0.903474807739258 0.885549962520599 0.8757683634758 0.866563141345978 0.862627565860748 0.866651833057404 0.859702169895172 0.859561204910278 0.862085223197937 0.878457605838776 0.883434474468231 0.873565316200256 0.853891789913177 0.837988257408142 0.841407060623169 0.834914088249207 0.867059290409088 0.900977253913879 0.857073605060577
