data/climate_estimation/maxent_output/Paris_fargesii.asc
NCOLS 218 
NROWS 159 
XLLCORNER 98.25 
YLLCORNER 23.5833333333333 
CELLSIZE 0.0833333333333333 
NODATA_value -3.4e+38 
[rows 80 to 99 of 159, columns 44 to 87 of 218]
0.0919944941997528 0.0848815962672234 0.163055121898651 0.231871113181114 0.0782604366540909 0.249025002121925 0.263939052820206 0.432038426399231 0.692961990833282 0.99509871006012 0.958943545818329 0.863544046878815 0.955547273159027 0.917053878307343 0.832597255706787 0.819440066814423 0.832119464874268 0.833269655704498 0.857433199882507 0.863593935966492 0.885919809341431 0.910014271736145 0.930515587329865 0.943764805793762 0.961324989795685 0.968193113803864 0.97468626499176 0.983077228069305 0.984622061252594 0.982483804225922 0.976126790046692 0.958366751670837 0.928518176078796 0.900443911552429 0.882189393043518 0.858631134033203 0.834839403629303 0.797942042350769 0.788907945156097 0.732708156108856 0.656942844390869 0.631760478019714 0.610562384128571 0.588519871234894
0.143874257802963 0.0701699629426003 0.220955342054367 0.277789682149887 0.163097903132439 0.244527071714401 0.555780708789825 0.7465940117836 0.976446509361267 0.984455525875092 0.909425497055054 0.864634811878204 0.96266120672226 0.810131251811981 0.747047483921051 0.791388809680939 0.836450397968292 0.825778961181641 0.821710884571075 0.840699851512909 0.86678159236908 0.903096914291382 0.924325346946716 0.945547878742218 0.955218553543091 0.96447741985321 0.976522505283356 0.980176150798798 0.983705580234528 0.981935560703278 0.980745375156403 0.961273550987244 0.932289600372314 0.905651152133942 0.881873071193695 0.847530663013458 0.809666454792023 0.794707477092743 0.762749373912811 0.768970191478729 0.688806891441345 0.625159978866577 0.598602473735809 0.551302194595337
0.102984242141247 0.0248453002423048 0.131124764680862 0.344243168830872 0.239493489265442 0.410416066646576 0.620444476604462 0.728590488433838 0.776086270809174 0.985261559486389 0.964389622211456 0.955125331878662 0.858735680580139 0.874691307544708 0.749242901802063 0.804598987102509 0.768315553665161 0.756735861301422 0.795525789260864 0.819895327091217 0.863406598567963 0.895286560058594 0.921279191970825 0.936846971511841 0.950839400291443 0.966301143169403 0.974374353885651 0.978045523166656 0.985401809215546 0.985358119010925 0.981545269489288 0.959810376167297 0.932285845279694 0.903491377830505 0.887612998485565 0.834375500679016 0.811010956764221 0.779336392879486 0.76893162727356 0.740488171577454 0.703459143638611 0.681001305580139 0.600054919719696 0.573839426040649
0.0539517290890217 0.0992412716150284 0.202344074845314 0.430734783411026 0.254760414361954 0.353251039981842 0.425044029951096 0.619052588939667 0.859769940376282 0.991987347602844 0.987698793411255 0.954936444759369 0.968613922595978 0.894250333309174 0.908442139625549 0.748572945594788 0.737769484519958 0.75513356924057 0.771344602108002 0.806409895420074 0.850018382072449 0.886482000350952 0.922290146350861 0.942741632461548 0.955623924732208 0.965005338191986 0.977631986141205 0.979680478572845 0.986422538757324 0.988678276538849 0.985426783561707 0.97151392698288 0.942197263240814 0.89471846818924 0.859168112277985 0.827248752117157 0.787801623344421 0.782995641231537 0.747942924499512 0.749346733093262 0.699088394641876 0.675502419471741 0.638378858566284 0.628487467765808
0.0360135361552238 0.167388737201691 0.181756108999252 0.463558971881866 0.341390937566757 0.328600376844406 0.627896845340729 0.776790082454681 0.95297771692276 0.99287086725235 0.967818200588226 0.964229345321655 0.987260401248932 0.962787330150604 0.923531532287598 0.80773401260376 0.84322202205658 0.775093138217926 0.798053979873657 0.798429846763611 0.849110722541809 0.893801987171173 0.914132833480835 0.940608084201813 0.95535135269165 0.9670250415802 0.975614130496979 0.981447637081146 0.985094130039215 0.988554120063782 0.987543225288391 0.981702864170074 0.954263091087341 0.909942746162415 0.841176450252533 0.811257600784302 0.777463376522064 0.786391139030457 0.757559776306152 0.745016396045685 0.71442037820816 0.678271889686584 0.633683502674103 0.653647780418396
0.148265331983566 0.285744249820709 0.306157112121582 0.472371011972427 0.333771765232086 0.421830207109451 0.506883502006531 0.760403990745544 0.810389399528503 0.972094476222992 0.988664269447327 0.987058162689209 0.990104794502258 0.967490017414093 0.964569807052612 0.869302690029144 0.909876823425293 0.853446364402771 0.822425246238708 0.796587347984314 0.857183516025543 0.902065336704254 0.930993676185608 0.948068916797638 0.958575427532196 0.968691468238831 0.975368559360504 0.984504222869873 0.986914575099945 0.989114224910736 0.988431334495544 0.986896932125092 0.969268083572388 0.948803842067719 0.883677244186401 0.805790901184082 0.774076223373413 0.769491195678711 0.789899528026581 0.752231478691101 0.713774979114532 0.668296158313751 0.646958589553833 0.627131044864655
0.00788296665996313 0.236081525683403 0.408368080854416 0.493700951337814 0.367570012807846 0.495916932821274 0.674334049224854 0.673478186130524 0.772672533988953 0.906925678253174 0.981823861598969 0.991807103157043 0.982819020748138 0.984113574028015 0.981808602809906 0.941275298595428 0.953393816947937 0.938468456268311 0.790645956993103 0.793670952320099 0.874569773674011 0.92863517999649 0.94344836473465 0.957250654697418 0.962473154067993 0.971074223518372 0.978566288948059 0.982313096523285 0.987926483154297 0.990345537662506 0.990801811218262 0.984781384468079 0.971676409244537 0.930630207061768 0.86260062456131 0.801668107509613 0.740556716918945 0.76521772146225 0.81080287694931 0.771322309970856 0.734536349773407 0.666790723800659 0.649832248687744 0.630637049674988
0.0710631683468819 0.22500379383564 0.4266497194767 0.48945552110672 0.43148136138916 0.523210525512695 0.664102673530579 0.786352634429932 0.864812433719635 0.924461364746094 0.951054692268372 0.954703986644745 0.988225877285004 0.982031226158142 0.988684594631195 0.965542674064636 0.942407131195068 0.952738046646118 0.794726073741913 0.838574826717377 0.912697374820709 0.943849563598633 0.952114641666412 0.961292743682861 0.971778094768524 0.976087212562561 0.981463134288788 0.986463069915771 0.988456666469574 0.990790843963623 0.988782644271851 0.982367932796478 0.936335325241089 0.886035799980164 0.841590940952301 0.777938663959503 0.724471867084503 0.757900059223175 0.793891727924347 0.759952366352081 0.734877526760101 0.688129961490631 0.665167212486267 0.604513883590698
0.112985499203205 0.256134629249573 0.486232906579971 0.550569832324982 0.548229575157166 0.562692403793335 0.671062052249908 0.748054206371307 0.845730423927307 0.931276023387909 0.811990976333618 0.767419934272766 0.897927820682526 0.875330448150635 0.894765615463257 0.958504736423492 0.97027176618576 0.953490555286407 0.937023043632507 0.9148308634758 0.927052438259125 0.950095653533936 0.961587071418762 0.965111672878265 0.973542273044586 0.980522274971008 0.980721533298492 0.986494123935699 0.989073991775513 0.987749755382538 0.985750198364258 0.967751622200012 0.938222944736481 0.895985066890717 0.855440855026245 0.804107248783112 0.765802383422852 0.763217270374298 0.769867658615112 0.76599532365799 0.737381517887115 0.702903151512146 0.655765771865845 0.589026808738708
0.310006529092789 0.421291083097458 0.49506738781929 0.5692218542099 0.601713120937347 0.625548660755157 0.69710248708725 0.754429519176483 0.773162007331848 0.871688783168793 0.966070592403412 0.908405065536499 0.952985405921936 0.978473961353302 0.97289913892746 0.977813422679901 0.974685430526733 0.97733861207962 0.978465735912323 0.95169985294342 0.948460280895233 0.959888517856598 0.967383563518524 0.972045540809631 0.977418541908264 0.98188728094101 0.98296844959259 0.985972881317139 0.989722847938538 0.987018465995789 0.98511129617691 0.972143173217773 0.940583407878876 0.911293029785156 0.858655333518982 0.816842615604401 0.798896551132202 0.771722912788391 0.766599357128143 0.753390371799469 0.721951901912689 0.684295833110809 0.638580143451691 0.577985405921936
0.0649212896823883 0.311420351266861 0.464328497648239 0.557040512561798 0.59849089384079 0.65488988161087 0.638091385364532 0.711325466632843 0.721209585666656 0.82502955198288 0.893510937690735 0.952624917030334 0.97732275724411 0.989160597324371 0.990439236164093 0.991338670253754 0.974933862686157 0.97249448299408 0.972240388393402 0.968746900558472 0.966742396354675 0.970545589923859 0.973222255706787 0.979339480400085 0.981338083744049 0.98462438583374 0.98770409822464 0.988580346107483 0.989545941352844 0.988011002540588 0.983807682991028 0.972087979316711 0.954894185066223 0.923412919044495 0.891040086746216 0.830540537834167 0.812381386756897 0.784250199794769 0.751847505569458 0.731279850006104 0.683396756649017 0.644229888916016 0.595248937606812 0.594807088375092
0.387318521738052 0.491855084896088 0.585077702999115 0.602407217025757 0.576805293560028 0.610015749931335 0.762029886245728 0.769209623336792 0.838857114315033 0.864876747131348 0.890496253967285 0.931463122367859 0.985986232757568 0.992678344249725 0.992175102233887 0.989128530025482 0.991630434989929 0.989440858364105 0.990236163139343 0.984189391136169 0.981948256492615 0.97995799779892 0.980298757553101 0.982899129390717 0.985701560974121 0.985661447048187 0.988108336925507 0.98961216211319 0.98883068561554 0.98773318529129 0.983227670192719 0.975514709949493 0.963931441307068 0.942432165145874 0.90673691034317 0.868371367454529 0.818790912628174 0.776182532310486 0.755273282527924 0.724016010761261 0.681359767913818 0.601729273796082 0.601674795150757 0.572032332420349
0.303663730621338 0.549722850322723 0.618284702301025 0.635117828845978 0.660073757171631 0.681938230991364 0.788227617740631 0.843285501003265 0.865591406822205 0.892084777355194 0.939490795135498 0.946945786476135 0.982837319374084 0.977806091308594 0.990756988525391 0.991825103759766 0.990025758743286 0.869677662849426 0.991635918617249 0.991302669048309 0.987345278263092 0.9853555560112 0.989255249500275 0.987292408943176 0.987087726593018 0.989661395549774 0.991737186908722 0.991848528385162 0.988635838031769 0.986703336238861 0.982168018817902 0.975759744644165 0.967048943042755 0.945228695869446 0.910895049571991 0.876069903373718 0.820852935314178 0.792574048042297 0.752377331256866 0.717343866825104 0.65522825717926 0.618210554122925 0.567088842391968 0.550702214241028
0.423550397157669 0.588398337364197 0.225891277194023 0.371753007173538 0.729915082454681 0.766231894493103 0.85199511051178 0.853553831577301 0.796698272228241 0.737065732479095 0.813602805137634 0.938781440258026 0.769515097141266 0.982407867908478 0.985889852046967 0.983876883983612 0.854797601699829 0.943904042243958 0.990593731403351 0.993219971656799 0.993915915489197 0.989943206310272 0.994092345237732 0.991508722305298 0.991354167461395 0.99247407913208 0.992383122444153 0.989427506923676 0.988655626773834 0.986525475978851 0.984824299812317 0.978180766105652 0.967330932617188 0.951070189476013 0.922172904014587 0.891883730888367 0.847446799278259 0.795302510261536 0.73378598690033 0.682875514030457 0.640403985977173 0.604557871818542 0.571563899517059 0.53126472234726
0.514841914176941 0.45403778553009 0.533977627754211 0.689926207065582 0.72070974111557 0.815909147262573 0.642014861106873 0.899804294109344 0.854137241840363 0.689251661300659 0.743991732597351 0.877476811408997 0.491962820291519 0.962884724140167 0.976396560668945 0.976550698280334 0.800035893917084 0.984402418136597 0.990726709365845 0.994383871555328 0.994419872760773 0.99467945098877 0.992724418640137 0.994325935840607 0.994596600532532 0.993916451931 0.993025541305542 0.990723252296448 0.988069295883179 0.985246539115906 0.984090983867645 0.975687205791473 0.973334074020386 0.959614932537079 0.929429948329926 0.88801246881485 0.845061182975769 0.782090306282043 0.737662672996521 0.675822973251343 0.62405127286911 0.59204488992691 0.553573966026306 0.515405654907227
0.383914202451706 0.381738275289536 0.638881385326385 0.751821160316467 0.791006684303284 0.782915234565735 0.340996950864792 0.873184144496918 0.803087115287781 0.769490301609039 0.749846875667572 0.948065459728241 0.74437028169632 0.968729972839355 0.89465057849884 0.97283399105072 0.974826753139496 0.942763566970825 0.973269939422607 0.992704153060913 0.981593787670135 0.981739521026611 0.975910723209381 0.98596203327179 0.993708550930023 0.992377579212189 0.983980238437653 0.984385311603546 0.984501838684082 0.981023013591766 0.9811891913414 0.977664113044739 0.973222732543945 0.954354465007782 0.919474959373474 0.887443125247955 0.820018589496613 0.778694152832031 0.717228651046753 0.668986260890961 0.623479783535004 0.572479605674744 0.529056429862976 0.486427813768387
0.400586754083633 0.701634764671326 0.7452152967453 0.785167753696442 0.796550095081329 0.642229318618774 0.770480632781982 0.819618463516235 0.878171861171722 0.950385451316833 0.939284324645996 0.952233135700226 0.781590402126312 0.96039754152298 0.749123573303223 0.95867919921875 0.940559804439545 0.909718334674835 0.919880032539368 0.9698286652565 0.950699865818024 0.951708853244781 0.959922790527344 0.96038556098938 0.95962929725647 0.983291923999786 0.963614046573639 0.939966380596161 0.975803375244141 0.970274984836578 0.966444313526154 0.965312242507935 0.962981522083282 0.942572116851807 0.909898281097412 0.865115582942963 0.826758742332458 0.763410747051239 0.714816629886627 0.648305296897888 0.609017550945282 0.548022508621216 0.534824848175049 0.512274324893951
0.691539585590363 0.518235385417938 0.767653822898865 0.705464422702789 0.832181751728058 0.305259674787521 0.866252362728119 0.749272763729095 0.891324818134308 0.866994142532349 0.955326557159424 0.941601634025574 0.629097640514374 0.915471911430359 0.958894491195679 0.948406398296356 0.827010452747345 0.922378361225128 0.879719972610474 0.930158197879791 0.907845020294189 0.917564988136292 0.932772636413574 0.956806063652039 0.913482189178467 0.906864941120148 0.944661974906921 0.949923634529114 0.94535756111145 0.96393084526062 0.957581460475922 0.949477910995483 0.952787816524506 0.922032237052917 0.892230033874512 0.864201843738556 0.801034986972809 0.751692056655884 0.704545557498932 0.672813594341278 0.626379787921906 0.5640469789505 0.537763714790344 0.539317548274994
0.721571922302246 0.701182544231415 0.716396987438202 0.694831073284149 0.852240443229675 0.58821028470993 0.824954688549042 0.808290183544159 0.841675639152527 0.794638931751251 0.816887140274048 0.506750822067261 0.662438631057739 0.841383934020996 0.931969940662384 0.533546388149261 0.768869042396545 0.818118333816528 0.782879173755646 0.772804915904999 0.809776782989502 0.847003638744354 0.846962153911591 0.936760604381561 0.945474326610565 0.902455449104309 0.934727311134338 0.935070753097534 0.933701634407043 0.934138715267181 0.933381736278534 0.930005848407745 0.915775775909424 0.900561571121216 0.862402498722076 0.815469145774841 0.774030566215515 0.749269425868988 0.699193596839905 0.666326761245728 0.60907769203186 0.594913423061371 0.556287586688995 0.560397684574127
0.766000270843506 0.773171544075012 0.679179489612579 0.698127686977386 0.794992446899414 0.793344080448151 0.784225225448608 0.843226909637451 0.839915573596954 0.917336285114288 0.852093994617462 0.621489524841309 0.943737387657166 0.954894244670868 0.954940974712372 0.624638438224792 0.883494198322296 0.686591267585754 0.662221312522888 0.675363421440125 0.707195162773132 0.768715143203735 0.847434997558594 0.784434080123901 0.864569127559662 0.77423095703125 0.799089372158051 0.855628609657288 0.899369239807129 0.907866299152374 0.899592638015747 0.890889525413513 0.879732668399811 0.860831201076508 0.827774167060852 0.792359709739685 0.745669901371002 0.72126978635788 0.677318096160889 0.638498067855835 0.599464774131775 0.542546451091766 0.536915481090546 0.532928824424744
