data/climate_estimation/maxent_output/Paris_mairei.asc
NCOLS 183 
NROWS 70 
XLLCORNER 87.4166666666667 
YLLCORNER 24.4166666666667 
CELLSIZE 0.0833333333333333 
NODATA_value -3.4e+38 
[rows 0 to 18 of 70, columns 129 to 171 of 183]
0.131214886903763 0.128383040428162 0.125092223286629 0.129757985472679 0.13971221446991 0.145536229014397 0.148229822516441 0.134558632969856 0.167251572012901 0.191242054104805 0.179067835211754 0.178311496973038 0.194948643445969 0.218514233827591 0.243667617440224 0.218246713280678 0.219113528728485 0.230773895978928 0.299908667802811 0.375836491584778 0.424071937799454 0.376303613185883 0.345450758934021 0.322338461875916 0.369464606046677 0.43540170788765 0.46951487660408 0.408671528100967 0.476853340864182 0.60995876789093 0.530300378799438 0.41333419084549 0.44695058465004 0.483964383602142 0.505258977413177 0.568586647510529 0.509870767593384 0.551448285579681 0.495978862047195 0.534803569316864 0.557719469070435 0.545930981636047 0.485830843448639
0.124354086816311 0.129637062549591 0.135748624801636 0.145023062825203 0.149266123771667 0.142049521207809 0.159519717097282 0.142687737941742 0.170600086450577 0.184099033474922 0.199862331151962 0.213803187012672 0.219933152198792 0.217887043952942 0.229606539011002 0.201886668801308 0.206876888871193 0.225238919258118 0.314889043569565 0.377303689718246 0.416044056415558 0.392438739538193 0.440394461154938 0.457074970006943 0.428105294704437 0.50162672996521 0.49230894446373 0.472326725721359 0.518675446510315 0.528220236301422 0.500557065010071 0.635914504528046 0.578747808933258 0.564668774604797 0.515011191368103 0.574423432350159 0.606757640838623 0.525853097438812 0.454478681087494 0.618358016014099 0.622121095657349 0.59074467420578 0.5400710105896
0.156625911593437 0.154330208897591 0.144068986177444 0.142189666628838 0.156536087393761 0.168527260422707 0.169564321637154 0.169842556118965 0.166994854807854 0.187641993165016 0.191674575209618 0.202962473034859 0.224795877933502 0.151438221335411 0.224417507648468 0.233208850026131 0.239160552620888 0.269936084747314 0.24324806034565 0.295838326215744 0.361543297767639 0.342995971441269 0.426749557256699 0.585494697093964 0.547553300857544 0.483995050191879 0.524724781513214 0.438483476638794 0.486078232526779 0.568303227424622 0.636908411979675 0.505734741687775 0.572072505950928 0.598679602146149 0.549209475517273 0.637318253517151 0.635215401649475 0.528845429420471 0.452285319566727 0.625838339328766 0.648670554161072 0.592771589756012 0.486884117126465
0.18639349937439 0.197831526398659 0.170704454183578 0.158058196306229 0.162562757730484 0.173540785908699 0.180609822273254 0.168222367763519 0.168586879968643 0.195781633257866 0.199502125382423 0.23590362071991 0.232738971710205 0.205143392086029 0.218551322817802 0.268601655960083 0.215592190623283 0.195699885487556 0.246354326605797 0.288446456193924 0.44721519947052 0.393427699804306 0.383514314889908 0.493447870016098 0.627269089221954 0.629982948303223 0.50427120923996 0.539474129676819 0.575396597385406 0.495239406824112 0.63242769241333 0.57684314250946 0.46837705373764 0.653579115867615 0.570441424846649 0.602216184139252 0.456236481666565 0.410045653581619 0.5724778175354 0.586487948894501 0.634500086307526 0.647966384887695 0.478159129619598
0.187058672308922 0.234190464019775 0.166238844394684 0.149837374687195 0.178640633821487 0.192482396960258 0.190836474299431 0.182333841919899 0.164021775126457 0.208773717284203 0.226713463664055 0.221788495779037 0.233531728386879 0.220561861991882 0.249878257513046 0.275888532400131 0.245866566896439 0.234881281852722 0.339897513389587 0.459324508905411 0.496263384819031 0.464144229888916 0.351405769586563 0.35275074839592 0.372533679008484 0.597097039222717 0.586584031581879 0.55846893787384 0.589835703372955 0.455102115869522 0.391146570444107 0.509517669677734 0.632532358169556 0.528306066989899 0.690075814723969 0.692285418510437 0.506097376346588 0.586451709270477 0.618315756320953 0.558333039283752 0.630508363246918 0.665047645568848 0.51021283864975
0.315706580877304 0.266173183917999 0.196658924221992 0.168663904070854 0.183215782046318 0.196214318275452 0.205305710434914 0.211352050304413 0.207024335861206 0.245346680283546 0.268148988485336 0.2208441644907 0.211835592985153 0.237483367323875 0.272890001535416 0.296625137329102 0.32980552315712 0.342166006565094 0.440593838691711 0.483969539403915 0.471760600805283 0.399198234081268 0.332900702953339 0.388428449630737 0.517949879169464 0.50826233625412 0.648674249649048 0.574439108371735 0.436930418014526 0.450287282466888 0.506030976772308 0.360102534294128 0.569186508655548 0.709293901920319 0.699263870716095 0.697628021240234 0.558989882469177 0.572001338005066 0.483705818653107 0.603557705879211 0.687938511371613 0.629426419734955 0.459679573774338
0.219957917928696 0.317407220602036 0.254142969846725 0.211256921291351 0.195606023073196 0.205043867230415 0.208729773759842 0.223630219697952 0.240594550967216 0.25449275970459 0.276239305734634 0.219909369945526 0.221333771944046 0.280488520860672 0.291853010654449 0.334669798612595 0.338209092617035 0.389593303203583 0.414500564336777 0.510448753833771 0.507976293563843 0.465910226106644 0.413348764181137 0.471128970384598 0.548650026321411 0.640486121177673 0.650059759616852 0.557804226875305 0.562316656112671 0.439731687307358 0.552038550376892 0.437780052423477 0.359703212976456 0.624070107936859 0.737204492092133 0.735339820384979 0.435847878456116 0.421101897954941 0.549711883068085 0.700506389141083 0.624486982822418 0.588351845741272 0.459894210100174
0.15529927611351 0.237456277012825 0.361341804265976 0.23347370326519 0.213077157735825 0.217397153377533 0.209370121359825 0.19843427836895 0.216972410678864 0.277853697538376 0.305866122245789 0.26565209031105 0.241250917315483 0.296337187290192 0.319944381713867 0.352965086698532 0.339279770851135 0.349181115627289 0.432427108287811 0.512622356414795 0.530888974666595 0.448807001113892 0.439719259738922 0.322276562452316 0.369974315166473 0.390339434146881 0.539480030536652 0.566823184490204 0.443561315536499 0.636696755886078 0.501832127571106 0.557033538818359 0.58331823348999 0.63345593214035 0.745185017585754 0.736936867237091 0.359375596046448 0.432516694068909 0.724899530410767 0.60631787776947 0.657183885574341 0.476225167512894 0.550644755363464
0.241696298122406 0.302351534366608 0.365007162094116 0.229309991002083 0.229244977235794 0.235162943601608 0.241765648126602 0.225486785173416 0.234528139233589 0.265197813510895 0.323230415582657 0.283093243837357 0.241251587867737 0.283432513475418 0.349177598953247 0.3661769926548 0.394784390926361 0.403118550777435 0.467335611581802 0.532124757766724 0.574601829051971 0.496907085180283 0.462602078914642 0.35591122508049 0.352533131837845 0.339649200439453 0.401175707578659 0.376495331525803 0.463623732328415 0.604298293590546 0.572463572025299 0.437624573707581 0.442928105592728 0.59246838092804 0.536076903343201 0.792802810668945 0.425060570240021 0.659636616706848 0.713878929615021 0.503949761390686 0.558703303337097 0.490462869405746 0.554810881614685
0.204712182283401 0.327934473752975 0.439868867397308 0.332834959030151 0.250570565462112 0.256941884756088 0.254719197750092 0.244161829352379 0.262860059738159 0.268098652362823 0.36055713891983 0.317929953336716 0.286085814237595 0.307816803455353 0.375860095024109 0.403518706560135 0.431374371051788 0.456172108650208 0.505622327327728 0.519345045089722 0.596322238445282 0.501829206943512 0.497930347919464 0.378575146198273 0.349182605743408 0.372246623039246 0.401756882667542 0.431189388036728 0.506904602050781 0.626528382301331 0.586508929729462 0.486532628536224 0.573214471340179 0.485741883516312 0.481960237026215 0.800332486629486 0.724946439266205 0.791042625904083 0.478119015693665 0.731662929058075 0.646265208721161 0.645300447940826 0.49267715215683
0.190817028284073 0.234155043959618 0.291579157114029 0.436789512634277 0.270739674568176 0.266433775424957 0.270951867103577 0.266572803258896 0.255791991949081 0.274526566267014 0.405760198831558 0.336150586605072 0.358919590711594 0.378543883562088 0.400957524776459 0.390042096376419 0.446680009365082 0.482510089874268 0.527943909168243 0.517724931240082 0.537959635257721 0.385653048753738 0.513514637947083 0.420793414115906 0.358234643936157 0.411389380693436 0.463126122951508 0.522921621799469 0.442723631858826 0.446998178958893 0.673312783241272 0.596508026123047 0.700427055358887 0.771160423755646 0.812796592712402 0.822302222251892 0.759329676628113 0.694964528083801 0.505705237388611 0.565540194511414 0.575186371803284 0.531628608703613 0.37248483300209
0.179964959621429 0.186965867877007 0.246585831046104 0.367809265851974 0.440026879310608 0.280066430568695 0.296411871910095 0.294467002153397 0.29973241686821 0.33293816447258 0.409079641103745 0.429682493209839 0.403826713562012 0.382842063903809 0.394039958715439 0.409576684236526 0.469633728265762 0.504266381263733 0.547408819198608 0.558064222335815 0.638599038124084 0.436010479927063 0.440811783075333 0.436626046895981 0.383079171180725 0.349739521741867 0.458908975124359 0.546231985092163 0.539223074913025 0.465927451848984 0.579622626304626 0.707682549953461 0.581057667732239 0.75773012638092 0.822833955287933 0.654390037059784 0.406816214323044 0.423791021108627 0.438135772943497 0.574077665805817 0.577658116817474 0.479858815670013 0.405686736106873
0.244658142328262 0.234140902757645 0.217140108346939 0.220804810523987 0.445073306560516 0.43431681394577 0.305248558521271 0.33989229798317 0.34231972694397 0.305738836526871 0.381481379270554 0.475920885801315 0.388394147157669 0.388523727655411 0.41097092628479 0.44699415564537 0.486624121665955 0.526224076747894 0.574188649654388 0.444618731737137 0.582711517810822 0.568669319152832 0.441826194524765 0.465639799833298 0.369290292263031 0.385319590568542 0.394062995910645 0.467387855052948 0.604084432125092 0.538308024406433 0.659394919872284 0.724738538265228 0.643199980258942 0.725472927093506 0.845492720603943 0.671513080596924 0.396310657262802 0.453782260417938 0.509990751743317 0.729841709136963 0.698927998542786 0.485585540533066 0.471698313951492
0.446459770202637 0.350731313228607 0.26422381401062 0.260243922472 0.302055031061172 0.597164511680603 0.311829596757889 0.324350029230118 0.37050524353981 0.330850303173065 0.420566499233246 0.51481294631958 0.399112790822983 0.390774071216583 0.432706147432327 0.504412233829498 0.515841066837311 0.541015088558197 0.50850248336792 0.543303251266479 0.652092456817627 0.546193838119507 0.398287057876587 0.468456149101257 0.539043068885803 0.485287517309189 0.432757675647736 0.437927395105362 0.630865693092346 0.704155266284943 0.600660920143127 0.633692681789398 0.677708148956299 0.607959926128387 0.835994303226471 0.86972451210022 0.686311542987823 0.539826989173889 0.804444849491119 0.737664818763733 0.779184818267822 0.53757643699646 0.620737731456757
0.33999839425087 0.473550140857697 0.414888858795166 0.290740966796875 0.417652279138565 0.668826043605804 0.345738619565964 0.301459848880768 0.418317675590515 0.430780231952667 0.398125290870667 0.530961990356445 0.406094670295715 0.433696240186691 0.478272259235382 0.536336421966553 0.537494480609894 0.562084496021271 0.625076949596405 0.552732646465302 0.701141893863678 0.58126300573349 0.417836159467697 0.413642138242722 0.543340444564819 0.594734311103821 0.59713488817215 0.563707411289215 0.633609235286713 0.771058142185211 0.703780233860016 0.684822499752045 0.774564325809479 0.55454283952713 0.775163292884827 0.874773383140564 0.842940807342529 0.709064066410065 0.765931665897369 0.885612726211548 0.857429146766663 0.641285598278046 0.535647213459015
0.303050011396408 0.346273511648178 0.457246273756027 0.447948336601257 0.446690410375595 0.732124328613281 0.441634654998779 0.336445152759552 0.390622705221176 0.453642070293427 0.512530982494354 0.59664785861969 0.454356014728546 0.509344935417175 0.549565434455872 0.553836405277252 0.558593213558197 0.612229704856873 0.656676054000854 0.708363056182861 0.694341123104095 0.458648175001144 0.404217928647995 0.404942780733109 0.474360913038254 0.552596926689148 0.469623297452927 0.434703171253204 0.443160235881805 0.598528921604156 0.818014681339264 0.710201323032379 0.82449209690094 0.658653318881989 0.639589369297028 0.894349694252014 0.905016601085663 0.644998967647552 0.681114673614502 0.777690410614014 0.930419325828552 0.647293746471405 0.659008622169495
0.580407977104187 0.431155830621719 0.381742566823959 0.524290323257446 0.379216253757477 0.766836047172546 0.50079870223999 0.381317913532257 0.391137719154358 0.356340527534485 0.447437435388565 0.633775770664215 0.476886600255966 0.583545565605164 0.635678768157959 0.579107999801636 0.596645832061768 0.642923176288605 0.478461444377899 0.75684654712677 0.730565071105957 0.410631209611893 0.401885420084 0.443670809268951 0.481466770172119 0.503064334392548 0.65395987033844 0.700373589992523 0.742988348007202 0.828707277774811 0.841849505901337 0.754713356494904 0.875706195831299 0.774635016918182 0.818293750286102 0.904640018939972 0.900158643722534 0.728097915649414 0.866513788700104 0.693876326084137 0.933334469795227 0.920214772224426 0.758160531520844
0.829608976840973 0.868725061416626 0.633670628070831 0.690558552742004 0.403196275234222 0.726899027824402 0.704781115055084 0.417982995510101 0.404946446418762 0.43054661154747 0.459425926208496 0.696983873844147 0.505639731884003 0.627420425415039 0.590048313140869 0.645058691501617 0.599114179611206 0.560145914554596 0.612229526042938 0.791849195957184 0.780720591545105 0.536668479442596 0.443285763263702 0.496130764484406 0.573674499988556 0.525431454181671 0.546973168849945 0.76385486125946 0.833796620368958 0.852701485157013 0.809190928936005 0.66015100479126 0.884534239768982 0.873202264308929 0.847934126853943 0.912025094032288 0.923180639743805 0.926929116249084 0.752118945121765 0.735465705394745 0.687386453151703 0.940766274929047 0.937419235706329
0.526054739952087 0.85043066740036 0.815879702568054 0.82655930519104 0.624290585517883 0.570372104644775 0.792213320732117 0.48357880115509 0.487415730953217 0.477601557970047 0.511909008026123 0.763495266437531 0.549903392791748 0.690643072128296 0.712117314338684 0.646017551422119 0.504415690898895 0.651045024394989 0.791309535503387 0.786593317985535 0.732411861419678 0.467326045036316 0.455170929431915 0.56414407491684 0.62517511844635 0.564283072948456 0.455718100070953 0.595503807067871 0.840381264686584 0.817294836044312 0.619116246700287 0.661545276641846 0.893641769886017 0.894200265407562 0.846140801906586 0.888116419315338 0.881411492824554 0.841742396354675 0.729511320590973 0.893135905265808 0.914428532123566 0.950121819972992 0.945521831512451
