data/climate_estimation/maxent_output/Paris_delavayi.asc
NCOLS 123 
NROWS 124 
XLLCORNER 100 
YLLCORNER 22.25 
CELLSIZE 0.0833333333333333 
NODATA_value -3.4e+38 
[rows 20 to 39 of 124, columns 44 to 87 of 123]
0.996225118637085 0.994644284248352 0.992166876792908 0.989913165569305 0.988927841186523 0.988558232784271 0.986967802047729 0.985950231552124 0.985530972480774 0.986877381801605 0.98791766166687 0.982960164546967 0.982050955295563 0.980155527591705 0.978315353393555 0.974346935749054 0.972787380218506 0.968143701553345 0.965224087238312 0.960752725601196 0.949173867702484 0.944857358932495 0.933855891227722 0.928155541419983 0.914269804954529 0.890441358089447 0.873283803462982 0.855464041233063 0.843493402004242 0.846683025360107 0.850682437419891 0.852711796760559 0.851605713367462 0.851875841617584 0.863728940486908 0.875650525093079 0.853260576725006 0.846166253089905 0.841206669807434 0.824600338935852 0.831989407539368 0.911159098148346 0.864836633205414 0.859096527099609
0.996991574764252 0.995444178581238 0.992686212062836 0.990610659122467 0.988585650920868 0.988342106342316 0.98776650428772 0.986360251903534 0.985889077186584 0.986628890037537 0.987228751182556 0.982265412807465 0.981091499328613 0.978851854801178 0.975905656814575 0.972571194171906 0.969290137290955 0.964987814426422 0.962551236152649 0.957249224185944 0.948125541210175 0.93907904624939 0.935305535793304 0.923598408699036 0.909646093845367 0.896126925945282 0.873400628566742 0.842489898204803 0.830004215240479 0.838315784931183 0.841176271438599 0.839309930801392 0.839854955673218 0.864988923072815 0.872014820575714 0.866899073123932 0.84302145242691 0.840165078639984 0.828400075435638 0.819341838359833 0.86145943403244 0.910051226615906 0.849784731864929 0.869532704353333
0.997765958309174 0.996021628379822 0.993698477745056 0.990162789821625 0.988645017147064 0.990038216114044 0.988664567470551 0.987893760204315 0.987258434295654 0.988384068012238 0.983289182186127 0.980787992477417 0.979724645614624 0.976590633392334 0.974381864070892 0.971403181552887 0.963830471038818 0.96114718914032 0.956429541110992 0.952423632144928 0.945428669452667 0.939355731010437 0.934864521026611 0.92048567533493 0.911547899246216 0.898225128650665 0.863158762454987 0.830656707286835 0.816884458065033 0.827982008457184 0.857709467411041 0.856372594833374 0.858393788337708 0.854350984096527 0.847961962223053 0.849984288215637 0.83082789182663 0.824058651924133 0.810166299343109 0.812562346458435 0.896787762641907 0.874357342720032 0.85236644744873 0.88179349899292
0.998347043991089 0.997185230255127 0.995299875736237 0.99241316318512 0.992196619510651 0.991220712661743 0.98999011516571 0.988852918148041 0.989887714385986 0.986917555332184 0.982253313064575 0.981432020664215 0.978688716888428 0.97487735748291 0.972688794136047 0.966983139514923 0.960070908069611 0.954990923404694 0.950197517871857 0.945509076118469 0.942689776420593 0.935315608978271 0.932528018951416 0.922304391860962 0.911263883113861 0.905069768428802 0.868807435035706 0.845334768295288 0.826142907142639 0.819072306156158 0.828405857086182 0.841274917125702 0.849918961524963 0.836940824985504 0.83526599407196 0.843259632587433 0.827788412570953 0.808676242828369 0.794038891792297 0.820885002613068 0.900317430496216 0.837655603885651 0.841699123382568 0.895925879478455
0.998857915401459 0.997983396053314 0.996716678142548 0.994843244552612 0.993900001049042 0.992577373981476 0.991005063056946 0.991909444332123 0.989552974700928 0.984806835651398 0.981699168682098 0.979375541210175 0.97717958688736 0.972006261348724 0.971960425376892 0.966676652431488 0.959075689315796 0.955845773220062 0.947521388530731 0.945035219192505 0.938993215560913 0.936705470085144 0.930595278739929 0.923073709011078 0.909908533096313 0.888925850391388 0.865284442901611 0.836876034736633 0.817706704139709 0.810758650302887 0.822389721870422 0.82582426071167 0.829997003078461 0.824529588222504 0.821972131729126 0.808408796787262 0.796208381652832 0.802432000637054 0.801718711853027 0.871681094169617 0.868266701698303 0.82432609796524 0.879616916179657 0.849847197532654
0.999226152896881 0.998545587062836 0.997426450252533 0.996667742729187 0.994880437850952 0.993910849094391 0.992714524269104 0.992618501186371 0.98782604932785 0.985718607902527 0.982178390026093 0.979813516139984 0.97487735748291 0.97168493270874 0.96891325712204 0.964892268180847 0.960761070251465 0.950677573680878 0.942817986011505 0.935189723968506 0.932945013046265 0.931363105773926 0.926333963871002 0.914232730865479 0.902087152004242 0.886936724185944 0.860309839248657 0.839691400527954 0.821586549282074 0.806954443454742 0.805753409862518 0.812603890895844 0.811441540718079 0.814487874507904 0.815242826938629 0.791828155517578 0.785889208316803 0.79584413766861 0.838312566280365 0.890149891376495 0.829637169837952 0.86434280872345 0.824642658233643 0.827883303165436
0.999541759490967 0.999101638793945 0.998212158679962 0.997201442718506 0.996204316616058 0.995234608650208 0.995016932487488 0.991406679153442 0.988276779651642 0.984986662864685 0.980050146579742 0.978595495223999 0.973356664180756 0.970070779323578 0.965984106063843 0.959399163722992 0.958755910396576 0.944762468338013 0.936632037162781 0.9297154545784 0.92013144493103 0.914240300655365 0.915531098842621 0.907923579216003 0.885739088058472 0.869409441947937 0.853619456291199 0.846148431301117 0.827667534351349 0.812770128250122 0.790897011756897 0.789308667182922 0.799616694450378 0.794436156749725 0.784465968608856 0.765132784843445 0.767230987548828 0.831474125385284 0.878612458705902 0.816795825958252 0.835413873195648 0.842458307743073 0.82110869884491 0.869107484817505
0.999706149101257 0.999392867088318 0.998682677745819 0.997976243495941 0.996916532516479 0.995989143848419 0.995031595230103 0.991101741790771 0.988279044628143 0.98627245426178 0.98124223947525 0.977044463157654 0.971193134784698 0.968093276023865 0.96394807100296 0.956665992736816 0.953881025314331 0.940004825592041 0.928590655326843 0.917354166507721 0.908999502658844 0.901214003562927 0.895303964614868 0.886764764785767 0.872927963733673 0.857369780540466 0.838853299617767 0.831920444965363 0.832795023918152 0.802790343761444 0.780764698982239 0.774215579032898 0.782953441143036 0.792409718036652 0.762734055519104 0.773858189582825 0.77504974603653 0.881859123706818 0.809702575206757 0.816965758800507 0.816280961036682 0.821852445602417 0.830779075622559 0.851922690868378
0.999802708625793 0.999462962150574 0.998941540718079 0.998454391956329 0.997703969478607 0.997166693210602 0.994510769844055 0.992172658443451 0.988796770572662 0.985258460044861 0.980943739414215 0.975431025028229 0.969820380210876 0.965978860855103 0.959021747112274 0.953582167625427 0.950790822505951 0.935977756977081 0.923152029514313 0.910935819149017 0.898076117038727 0.881669640541077 0.874571681022644 0.866798639297485 0.854974925518036 0.833114326000214 0.830339670181274 0.820140242576599 0.815698444843292 0.798600912094116 0.775344371795654 0.769391536712646 0.778251886367798 0.770763456821442 0.76007068157196 0.771603524684906 0.803078413009644 0.854951620101929 0.809286832809448 0.815267145633698 0.808213710784912 0.823496282100677 0.850734114646912 0.826100409030914
0.99983686208725 0.999592125415802 0.999094545841217 0.998668789863586 0.998111665248871 0.996707916259766 0.993899881839752 0.990884304046631 0.987828612327576 0.984797954559326 0.980997502803802 0.97314041852951 0.968001484870911 0.963553309440613 0.958254992961884 0.95317554473877 0.941647708415985 0.93881231546402 0.920641899108887 0.896262407302856 0.885158896446228 0.871451258659363 0.860668182373047 0.848607003688812 0.837693572044373 0.831811547279358 0.825381100177765 0.812732100486755 0.798104047775269 0.799309432506561 0.765412509441376 0.748906970024109 0.754801511764526 0.7509645819664 0.761271893978119 0.800540626049042 0.864979386329651 0.799099326133728 0.814671218395233 0.803377091884613 0.817255854606628 0.837893068790436 0.830521464347839 0.826799273490906
0.999864041805267 0.999614179134369 0.999278545379639 0.998800098896027 0.998077988624573 0.996811866760254 0.993977010250092 0.990904688835144 0.986378729343414 0.9831183552742 0.979252278804779 0.971541106700897 0.96637225151062 0.960940539836884 0.954697668552399 0.944059491157532 0.937644422054291 0.931736409664154 0.929552912712097 0.905709087848663 0.881369829177856 0.868937492370605 0.84855055809021 0.843979358673096 0.83294951915741 0.81418913602829 0.806589007377625 0.792917609214783 0.774789214134216 0.773983001708984 0.761238813400269 0.744094848632812 0.738829851150513 0.758209407329559 0.783021986484528 0.840736091136932 0.8179731965065 0.808737695217133 0.80218368768692 0.810150742530823 0.828050255775452 0.819322526454926 0.827192008495331 0.827198147773743
0.999885141849518 0.999649465084076 0.999237239360809 0.998742640018463 0.998507022857666 0.996470868587494 0.993895769119263 0.991145193576813 0.986715734004974 0.982297301292419 0.97646301984787 0.968461573123932 0.960983335971832 0.959115922451019 0.948380172252655 0.942982316017151 0.933910429477692 0.927396833896637 0.921907067298889 0.908336877822876 0.898615658283234 0.868510723114014 0.856983840465546 0.842508435249329 0.840861141681671 0.814940810203552 0.791670978069305 0.784940838813782 0.775772452354431 0.767783999443054 0.745770037174225 0.738272249698639 0.752556800842285 0.774486184120178 0.80226743221283 0.785534262657166 0.815626204013824 0.817255437374115 0.804677844047546 0.821493923664093 0.818527340888977 0.821696817874908 0.830608069896698 0.826465904712677
0.999887824058533 0.999631702899933 0.999227941036224 0.998796761035919 0.998338997364044 0.996093094348907 0.993673741817474 0.990220069885254 0.987327754497528 0.984325170516968 0.97674435377121 0.967825651168823 0.958277463912964 0.95113080739975 0.944907963275909 0.932658612728119 0.928799211978912 0.922664821147919 0.921618759632111 0.90303510427475 0.894521057605743 0.882347702980042 0.880769610404968 0.867200791835785 0.854766190052032 0.81091433763504 0.794743537902832 0.784354090690613 0.779146671295166 0.759889423847198 0.758724689483643 0.790579438209534 0.758993446826935 0.770550310611725 0.792867124080658 0.803699314594269 0.815259873867035 0.804599940776825 0.792071580886841 0.826261699199677 0.814262628555298 0.818133592605591 0.828088223934174 0.835247278213501
0.999863982200623 0.999560236930847 0.999294698238373 0.998805820941925 0.99776291847229 0.9956094622612 0.993261158466339 0.991103768348694 0.989090919494629 0.986625194549561 0.98169869184494 0.971377849578857 0.959173202514648 0.945548415184021 0.932678997516632 0.929372549057007 0.927464008331299 0.920568346977234 0.914712131023407 0.904003024101257 0.890327930450439 0.877867758274078 0.887883961200714 0.876046001911163 0.861105382442474 0.835129261016846 0.78716367483139 0.782369554042816 0.786801278591156 0.762546539306641 0.794917643070221 0.758300483226776 0.770793437957764 0.776811242103577 0.772337377071381 0.797088086605072 0.803467512130737 0.809578001499176 0.804389774799347 0.804211020469666 0.799859642982483 0.821824193000793 0.836061060428619 0.83592027425766
0.999815762042999 0.999435901641846 0.999212563037872 0.998166620731354 0.996500253677368 0.994762241840363 0.992982804775238 0.991369783878326 0.989742040634155 0.988934695720673 0.984032690525055 0.977207660675049 0.972252190113068 0.955624222755432 0.93205201625824 0.922786891460419 0.921255707740784 0.922186672687531 0.912347495555878 0.901427209377289 0.882910490036011 0.878416776657104 0.876993596553802 0.859955310821533 0.849224865436554 0.828822791576385 0.792887806892395 0.777814626693726 0.795117676258087 0.782766699790955 0.783331274986267 0.763964593410492 0.764594554901123 0.772813022136688 0.773312032222748 0.794994115829468 0.807317733764648 0.792651474475861 0.813206851482391 0.815316379070282 0.829236268997192 0.813415288925171 0.818570017814636 0.826777160167694
0.999361574649811 0.998924195766449 0.998242378234863 0.997121334075928 0.99533748626709 0.993358969688416 0.991955697536469 0.990712583065033 0.990810871124268 0.988614916801453 0.980561017990112 0.97766649723053 0.963129699230194 0.945305168628693 0.927240252494812 0.909969449043274 0.916218876838684 0.925403296947479 0.910157680511475 0.90027266740799 0.880716025829315 0.875563025474548 0.875873267650604 0.845035493373871 0.835919499397278 0.822485983371735 0.801251232624054 0.809249877929688 0.765063405036926 0.786500930786133 0.75041002035141 0.755884766578674 0.767731845378876 0.761086583137512 0.781343936920166 0.779311716556549 0.796716868877411 0.796229302883148 0.798457741737366 0.832220256328583 0.826132714748383 0.830526769161224 0.843839347362518 0.852692365646362
0.998194515705109 0.997850835323334 0.996940493583679 0.995454072952271 0.994195163249969 0.992992281913757 0.991278111934662 0.991402626037598 0.990597546100616 0.985748589038849 0.976618766784668 0.957219302654266 0.941931009292603 0.932108461856842 0.916630625724792 0.901722609996796 0.907681345939636 0.915770053863525 0.908427655696869 0.8970747590065 0.886655211448669 0.881039917469025 0.857880711555481 0.842811942100525 0.831014394760132 0.828714668750763 0.823121786117554 0.78522926568985 0.796697616577148 0.765066206455231 0.753191232681274 0.755163490772247 0.766558229923248 0.767316579818726 0.769886314868927 0.797398209571838 0.782470047473907 0.806228697299957 0.816949546337128 0.836704611778259 0.844590544700623 0.844074130058289 0.852289617061615 0.848558902740479
0.997226536273956 0.996065378189087 0.995081424713135 0.994450151920319 0.993285119533539 0.991115808486938 0.989818394184113 0.989455878734589 0.979853630065918 0.973551511764526 0.962805449962616 0.950705528259277 0.938008785247803 0.930151462554932 0.916354179382324 0.90671294927597 0.908301174640656 0.908097803592682 0.908599436283112 0.900064051151276 0.889184296131134 0.875531494617462 0.848730623722076 0.831020891666412 0.833577156066895 0.832890629768372 0.797723293304443 0.817839324474335 0.763928592205048 0.756048440933228 0.749950230121613 0.772510468959808 0.775092899799347 0.759024858474731 0.76854282617569 0.796303570270538 0.803998947143555 0.808891355991364 0.814921319484711 0.841464638710022 0.851006388664246 0.854285836219788 0.856520712375641 0.851796269416809
0.9979407787323 0.995712041854858 0.995287775993347 0.993649840354919 0.992562830448151 0.989252150058746 0.985142588615417 0.979361474514008 0.973896205425262 0.968450844287872 0.959921598434448 0.949456989765167 0.936884224414825 0.925787746906281 0.913040995597839 0.909642100334167 0.900613903999329 0.901172041893005 0.90091860294342 0.8907590508461 0.878625392913818 0.863056778907776 0.841577708721161 0.827496707439423 0.829490065574646 0.823656797409058 0.791987121105194 0.789122402667999 0.758204519748688 0.740433037281036 0.764653623104095 0.756383299827576 0.760468363761902 0.762774467468262 0.775715529918671 0.791139602661133 0.80987936258316 0.818026423454285 0.82369476556778 0.849045038223267 0.853486180305481 0.854989945888519 0.859017908573151 0.856490969657898
0.998056173324585 0.996235907077789 0.992418527603149 0.991765439510345 0.988460958003998 0.986062228679657 0.980139017105103 0.975185930728912 0.971619546413422 0.96535587310791 0.95647782087326 0.949161231517792 0.941298305988312 0.92999255657196 0.909630239009857 0.906038343906403 0.899505436420441 0.894556820392609 0.884457647800446 0.870154917240143 0.853670179843903 0.839332342147827 0.851499557495117 0.828930139541626 0.837148070335388 0.798852503299713 0.794152319431305 0.765539348125458 0.7581427693367 0.751218497753143 0.751625955104828 0.750712454319 0.75334620475769 0.764073550701141 0.781751811504364 0.79952871799469 0.826442778110504 0.810012638568878 0.837560415267944 0.849983632564545 0.855944454669952 0.8537318110466 0.860712468624115 0.858545005321503
