data/climate_estimation/maxent_output/Paris_polyphylla.asc
NCOLS 565 
NROWS 238 
XLLCORNER 75.9166666666667 
YLLCORNER 15.75 
CELLSIZE 0.0833333333333333 
NODATA_value -3.4e+38 
[rows 60 to 79 of 238, columns 132 to 175 of 565]
0.000576016376726329 0.000646359112579376 0.000812290993053466 0.000565643887966871 0.000555202248506248 0.000794369145296514 0.000759942573495209 0.000963307684287429 0.000932889292016625 0.000672433816362172 0.000638805388007313 0.000596274971030653 0.00064846733585 0.000720855197869241 0.000959339609835297 0.000931591494008899 0.000743440119549632 0.000857808219734579 0.000624881300609559 0.00151887990068644 0.00155863666441292 0.00151136924978346 0.00114187831059098 0.00143569055944681 0.00173083157278597 0.00174581364262849 0.00135184451937675 0.00106447434518486 0.00098425941541791 0.00085020117694512 0.000287763337837532 0.000280429347185418 0.000301437597954646 0.000357720447937027 0.000363463099347427 0.000375503179384395 0.00038574414793402 0.000483117648400366 0.000496616819873452 0.000585900503210723 0.000714487337972969 0.00069965876173228 0.000673537841066718 0.000518239510711282
0.000703189114574343 0.000626075896434486 0.000647420645691454 0.00081473495811224 0.000601943349465728 0.000577592931222171 0.000676336814649403 0.000663501210510731 0.000710518099367619 0.000683738791849464 0.000673753209412098 0.000670781068038195 0.000596932077314705 0.000761328788939863 0.000836496241390705 0.000793572573456913 0.000683351245243102 0.000981584656983614 0.000881924177519977 0.00152757554315031 0.00203010556288064 0.00119516183622181 0.000887184811290354 0.000365428277291358 0.000460572075098753 0.000477898778626695 0.00045429592137225 0.000434539484558627 0.000331592687871307 0.00028930592816323 0.000308612361550331 0.00031166902044788 0.000322794716339558 0.000392754154745489 0.000417138391640037 0.000494246080052108 0.000516660162247717 0.000538787979166955 0.000615041237324476 0.000622514868155122 0.00060679588932544 0.000446720659965649 0.000297385355224833 0.000197174740605988
0.000925066589843482 0.000841618340928108 0.000814371451269835 0.000787762168329209 0.000592407712247223 0.000560339540243149 0.000522739021107554 0.00047507940325886 0.000435612862929702 0.000441718904767185 0.000589323695749044 0.000671111512929201 0.000567312468774617 0.000586461334023625 0.00078629981726408 0.000832649995572865 0.000693293812219054 0.000752167718019336 0.00134012149646878 0.00175722199492157 0.00131409068126231 0.00021156805451028 0.000279361876891926 0.000350745423929766 0.000285510293906555 0.000364570529200137 0.000352756818756461 0.00034887294168584 0.000340717408107594 0.000322453532135114 0.000307326641632244 0.00031620089430362 0.000339530233759433 0.000334868993377313 0.000388597982237116 0.000318630191031843 0.000403854181058705 0.000516574247740209 0.000397296447772533 0.000396409712266177 0.000266991672106087 0.000204304422368295 0.00017955141083803 0.000450918654678389
0.000897391582839191 0.000613295938819647 0.000485131691675633 0.000573199125938118 0.000604007160291076 0.000814101542346179 0.000607215217314661 0.000703242490999401 0.000645428197458386 0.000674594135489315 0.00063223805045709 0.000585984613280743 0.000914622389245778 0.00117144163232297 0.00125008972827345 0.00111561955418438 0.000580168794840574 0.000493243336677551 0.000952337286435068 0.000550413213204592 0.000369919580407441 0.000219024281250313 0.000218179353396408 0.000278733670711517 0.000272831442998722 0.000254238198976964 0.000263440364506096 0.000245992065174505 0.000274666672339663 0.000206291471840814 0.000232662408961914 0.00024618799216114 0.000245412724325433 0.00023173657245934 0.000245412724325433 0.000247267133090645 0.000294942961772904 0.000397837720811367 0.000289800227619708 0.000202065406483598 0.000170546365552582 0.000134608664666303 0.000140316871693358 0.000188983583939262
0.000738212664145976 0.000886874389834702 0.000668880995362997 0.000583588902372867 0.000856733357068151 0.000777777517214417 0.000811784586403519 0.00104632915463299 0.00103086268063635 0.00100578449200839 0.00134464853908867 0.00105136062484235 0.00121886108536273 0.000989127205684781 0.00124185113236308 0.00062405556673184 0.00061223836382851 0.000578366045374423 0.000753089028876275 0.000467474252218381 0.000335216143867001 0.000307765963952988 0.000218313027289696 0.000224498318857513 0.00022622114920523 0.00031707261223346 0.000496357621159405 0.000368543260265142 0.000368612556485459 0.000188450983841904 0.000191636689123698 0.000275055906968191 0.000241081215790473 0.000188947073183954 0.000216970191104338 0.000248296855716035 0.000338306213961914 0.000366428314009681 0.000232243139180355 0.000161665448104031 0.00014020393427927 0.000180079689016566 0.000227369731874205 0.000519737950526178
0.000680583412759006 0.00075050542363897 0.000659673649352044 0.000563752604648471 0.000532430945895612 0.000928275345358998 0.000835495942737907 0.00105584587436169 0.00140321662183851 0.00114919594489038 0.00104588095564395 0.000753468135371804 0.00091675651492551 0.00095403753221035 0.000702840217854828 0.000689078995492309 0.000932791037485003 0.000356103293597698 0.000265146634774283 0.000226844480494037 0.000312312156893313 0.000444622128270566 0.0004112372698728 0.000315967365168035 0.000315323530230671 0.000343006278853863 0.000520364206749946 0.000445252080680802 0.00039298934279941 0.000266175047727302 0.000191301747690886 0.000294887664495036 0.000181797746336088 0.000187630139407702 0.000200837836018763 0.000263958965661004 0.00036908034235239 0.000266002462012693 0.000153729793964885 0.000134387708385475 0.000187041921890341 0.000204368916456588 0.000526080606505275 0.00110544241033494
0.000739984447136521 0.000692594505380839 0.000681471137795597 0.000574494595639408 0.000888549082446843 0.000910539645701647 0.000596977362874895 0.000765573757234961 0.00141589879058301 0.000713798159267753 0.000517312611918896 0.000479871174320579 0.000665600411593914 0.000742166070267558 0.00125595298595726 0.000656996911857277 0.00036388065200299 0.000504747673403472 0.000187796613317914 0.000258859276073053 0.000363509578164667 0.0006023672176525 0.000587840972002596 0.000434162124292925 0.000553766498342156 0.000348971807397902 0.00043259869562462 0.000217082881135866 0.00023830370628275 0.000195039494428784 0.00023725327628199 0.000324700580677018 0.000221748967305757 0.000278655294096097 0.000289329298539087 0.000285090791294351 0.000271472992608324 0.000165380333783105 0.000123489153338596 0.00016462552594021 0.000514870858751237 0.000809522229246795 0.00147288211155683 0.000680604134686291
0.000691778608597815 0.000595689576584846 0.000451389438239858 0.000581707747187465 0.000690952700097114 0.000641222344711423 0.000841150700580329 0.00150090584065765 0.00231913663446903 0.00232223491184413 0.00100111705251038 0.000762383628170937 0.00137200369499624 0.00109501008410007 0.00136832881253213 0.000983619829639792 0.000383303995477036 0.00040386026375927 0.000266623654169962 0.000251585413934663 0.000278730527497828 0.000283249450149015 0.00028307203319855 0.00025694485520944 0.000350056419847533 0.000585561385378242 0.000581975618842989 0.000235301718930714 0.000219804613152519 0.00033224854269065 0.000420621508965269 0.000273392448434606 0.00028891340480186 0.000332027295371518 0.000291432486847043 0.000223441340494901 0.000197047367691994 0.000144372854265384 0.000170468760188669 0.000274117657681927 0.000834258506074548 0.00105871260166168 0.000864045578055084 0.000225883413804695
0.000728155486285686 0.000199316651560366 0.00019272489589639 0.000278126797638834 0.000666428124532104 0.000905129010789096 0.00115566980093718 0.000890557246748358 0.00163430627435446 0.00115099642425776 0.00152342615183443 0.00174932787194848 0.00243276148103178 0.00181745691224933 0.00133082258980721 0.000322767591569573 0.000218620101804845 0.000191322571481578 0.000269988871878013 0.000372825830709189 0.000373346207197756 0.000366637163097039 0.000278691470157355 0.000474954053061083 0.000623169704340398 0.000766312761697918 0.000964302395004779 0.000628959445748478 0.000273563986411318 0.000782073475420475 0.000240602632402442 0.000173770007677376 0.000208037527045235 0.000224876595893875 0.000207283810595982 0.000192705687368289 0.000196561202756129 0.000265935232164338 0.000218918896280229 0.000176766523509286 0.000638957659248263 0.00105942273512483 0.000547096133232117 0.000256767816608772
0.000812716025393456 0.000229669050895609 0.000208626675885171 0.000269173178821802 0.000265425333054736 0.00116932496894151 0.000259934109635651 0.000568034884054214 0.00299243093468249 0.00114119984209538 0.000821577035821974 0.000789316312875599 0.00146505062002689 0.00101081246975809 0.000764595461077988 0.00068195816129446 0.0004333799588494 0.000406694773118943 0.000317260040901601 0.000672975496854633 0.000288450246443972 0.000216172586078756 0.000372400099877268 0.000364202016498893 0.000294851633952931 0.000365589512512088 0.00037370144855231 0.000766683137044311 0.000479945243569091 0.00060488295275718 0.000257742358371615 0.000249267090111971 0.000327286979882047 0.000318693142617121 0.000309589639073238 0.000316303339786828 0.000349101610481739 0.000427270395448431 0.000208438272238709 0.000189381651580334 0.000408660678658634 0.000730474479496479 0.000323216110700741 0.000197248751646839
0.000310475792502984 0.000288917624857277 0.000441841053543612 0.000157527189003304 0.000217872628127225 0.000181213981704786 0.000125482663861476 0.000881480693351477 0.00202247966080904 0.00287379301153123 0.00117078679613769 0.00117396656423807 0.0011350498534739 0.00112869404256344 0.00032889487920329 0.000682464393321425 0.000312269985442981 0.000707433384377509 0.000588341965340078 0.000680005818139762 0.000503553019370884 0.00067109934752807 0.000279791711363941 0.00021198378817644 0.000283076951745898 0.000653227849397808 0.00156010466162115 0.0010244669392705 0.000981844495981932 0.000821544963400811 0.000633704708889127 0.000522656249813735 0.00065851304680109 0.000805632153060287 0.000519295688718557 0.000384632468922064 0.000707940082065761 0.000266918126726523 0.00031621367088519 0.000239563960349187 0.00024471350479871 0.000581082422286272 0.000282069348031655 0.000299483072012663
0.000232761725783348 0.00032036768971011 0.000163617558428086 0.000132908244268037 0.000188087084097788 0.000178495640284382 0.000203064177185297 0.000339844089467078 0.00242676632478833 0.00205926923081279 0.000626651337370276 0.000575208629015833 0.000562907545827329 0.000571438577026129 0.000351933122146875 0.00059318047715351 0.000576838094275445 0.000441959506133571 0.000307334354147315 0.000534160586539656 0.000822145841084421 0.00029695825651288 0.000206725977477618 0.000274132064078003 0.000700263131875545 0.00221581780351698 0.000871563621331006 0.000366047519491985 0.000367813045158982 0.000262808956904337 0.00036979911965318 0.000855182646773756 0.00115058687515557 0.000477761117508635 0.000355140771716833 0.000242093490669504 0.00050097203347832 0.000587889167945832 0.000480737275211141 0.000264379079453647 0.000534289691131562 0.000414049398386851 0.000218601417145692 0.000196834793314338
0.000188092846656218 0.000292630080366507 0.000191990940948017 0.00018797256052494 0.000130422107758932 0.000174504268215969 0.000140248841489665 0.000190123479114845 0.0025635736528784 0.000341052073054016 0.000195901840925217 0.000790272897575051 0.000572289922274649 0.000735903915483505 0.000767320743761957 0.00121019105426967 0.000580983352847397 0.000248075841227546 0.000394078844692558 0.0010497416369617 0.00051502016140148 0.0002151791122742 0.000298899452900514 0.000212354148970917 0.000373550865333527 0.00213817530311644 0.00107503787148744 0.000231062542297877 0.00029513897607103 0.000279749336186796 0.000420793890953064 0.00029390724375844 0.000665449013467878 0.00026137160602957 0.000182044954271987 0.00016334444808308 0.000268574221991003 0.000734602857846767 0.000603989930823445 0.000416552618844435 0.000877840328030288 0.000344172760378569 0.000200369337107986 0.000211315142223611
0.000438162154750898 0.000401096214773133 0.00040982523933053 0.000282532389974222 0.000270387303316966 0.000266149028902873 0.000216402753721923 0.000289817864540964 0.00191556080244482 0.00376648409292102 0.0045349863357842 0.00466339942067862 0.00201378134079278 0.00118245230987668 0.000742894248105586 0.0113606685772538 0.00192507752217352 0.000330388342263177 0.000564291724003851 0.00194161070976406 0.000332344323396683 0.000299388862913474 0.000674329348839819 0.000605418696068227 0.000481235358165577 0.00146995508112013 0.00214857049286366 0.00103790289722383 0.00122207857202739 0.000719665607903153 0.00114202534314245 0.000428135099355131 0.000980542507022619 0.000275049125775695 0.000190714330528863 0.0002008108276641 0.000183137890417129 0.000448187289293855 0.00208469922654331 0.00125849805772305 0.000878433580510318 0.000310542644001544 0.000209263860597275 0.000315283163217828
0.000432560773333535 0.000556385610252619 0.00287241768091917 0.00287815486080945 0.00348612805828452 0.00491682440042496 0.00424360716715455 0.00572202587500215 0.00325167644768953 0.00382271548733115 0.00458675343543291 0.00693037733435631 0.00976380053907633 0.00573057075962424 0.0117468293756247 0.0219953861087561 0.0115626435726881 0.000881938496604562 0.00230006733909249 0.00389026757329702 0.00335330958478153 0.00406694691628218 0.00508530810475349 0.00488287722691894 0.00538421422243118 0.00555582344532013 0.00527603877708316 0.00544508500024676 0.00454306416213512 0.00338951777666807 0.00329161086119711 0.00199307198636234 0.00193901546299458 0.000881132727954537 0.000251241523073986 0.000356920645572245 0.000457846297649667 0.000852817494887859 0.00210527377203107 0.00174408010207117 0.000729807477910072 0.000431225576903671 0.000246163574047387 0.000350024638464674
0.000523593451362103 0.000565134279895574 0.00238195387646556 0.00366388075053692 0.00188695068936795 0.000532434205524623 0.00182292191311717 0.00177779782097787 0.00251658027991652 0.00674795219674706 0.0459933392703533 0.00499014556407928 0.00242636539041996 0.00159443018492311 0.016129968687892 0.0136862127110362 0.00563974212855101 0.0159074813127518 0.00188866490498185 0.00133085285779089 0.00518516916781664 0.00351459952071309 0.00438325526192784 0.00782173778861761 0.00348445330746472 0.00270366948097944 0.00270199705846608 0.00304829142987728 0.00355234905146062 0.00299201160669327 0.00141586421523243 0.00115436408668756 0.000471892242785543 0.000943758117500693 0.00155553873628378 0.000715581933036447 0.000430090207373723 0.000596608035266399 0.00110603787470609 0.000869484734721482 0.000790121790487319 0.000844036811031401 0.000983681995421648 0.00238018622621894
0.000538365333341062 0.000533130543772131 0.000567980692721903 0.00231634639203548 0.00240679550915956 0.0029277226421982 0.00340631231665611 0.000497446279041469 0.00342139741405845 0.0537065751850605 0.0102059859782457 0.00845810864120722 0.00322759267874062 0.0049005476757884 0.00826434697955847 0.0117217916995287 0.00941669847816229 0.015876580029726 0.0111827831715345 0.00283316755667329 0.00340388645417988 0.00340810627676547 0.00582597311586142 0.00785570964217186 0.00628612888976932 0.00390756782144308 0.0043187509290874 0.00297458004206419 0.000660961552057415 0.000403016048949212 0.000673473870847374 0.000392665911931545 0.000268014060566202 0.00028457646840252 0.000645480991806835 0.0011131705250591 0.000584141467697918 0.000263859983533621 0.000607784488238394 0.000457907182862982 0.000260791421169415 0.00044615488150157 0.000995508511550725 0.00119856861419976
0.000564032699912786 0.000664033927023411 0.000735701527446508 0.00285216281190515 0.000653070164844394 0.0034321891143918 0.00613503716886044 0.0102022178471088 0.0547356642782688 0.0523147843778133 0.00612681452184916 0.00398725224658847 0.0039183790795505 0.00672260252758861 0.00673315208405256 0.00474830949679017 0.000573303084820509 0.00799222756177187 0.0132308434695005 0.00281571527011693 0.00271403789520264 0.00484613794833422 0.00293756881728768 0.00240166252478957 0.00323771964758635 0.00232216040603817 0.00107698678039014 0.00150567677337676 0.00172108726110309 0.000831002893391997 0.00117469951510429 0.00116600643377751 0.00079509784700349 0.000406098261009902 0.000625991960987449 0.000778478395659477 0.000585761270485818 0.000474833679618314 0.000478162721265107 0.000369766697986051 0.00043728671153076 0.000439756637206301 0.000558159255888313 0.000579431361984462
0.000388717016903684 0.000345397478668019 0.000266602088231593 0.000266670976998284 0.000266823830315843 0.000260792498011142 0.000421282340539619 0.00166943005751818 0.00495818629860878 0.00842058286070824 0.00863659754395485 0.0117995217442513 0.00404814397916198 0.00383606157265604 0.00312521704472601 0.00311613082885742 0.00243394426070154 0.00643170392140746 0.0155156562104821 0.0109161958098412 0.0013093143934384 0.00201294338330626 0.00108199217356741 0.00156469107605517 0.00103095930535346 0.000526692252606153 0.00069457245990634 0.00208229897543788 0.00178871618118137 0.00140201195608824 0.00170832476578653 0.000821597408503294 0.000510314770508558 0.00039922702126205 0.000370309920981526 0.000516125350259244 0.000269737327471375 0.000231069803703576 0.000257620820775628 0.000215165549889207 0.000234205494052731 0.000465730379801244 0.000560561427846551 0.000426832761149853
0.000355042604496703 0.000334408425260335 0.000240365989156999 0.00025233969790861 0.000252400495810434 0.000738999340683222 0.00027369087911211 0.00121432216838002 0.0035029761493206 0.00276925601065159 0.00204396643675864 0.0025117346085608 0.00554478634148836 0.0025090470444411 0.00200780807062984 0.00202646572142839 0.00291299843229353 0.00625861063599586 0.00461349962279201 0.00542829465121031 0.00103074673097581 0.000846164126414806 0.000855653081089258 0.000672637368552387 0.000657953787595034 0.000687178282532841 0.000843965564854443 0.00174281734507531 0.000635817239526659 0.000377857882995158 0.000670827052090317 0.00132621522061527 0.000630988099146634 0.000644977961201221 0.000526195159181952 0.000273872865363955 0.000284645037027076 0.000249798118602484 0.000239238797803409 0.000159791699843481 0.000218440603930503 0.000547271803952754 0.000703963916748762 0.000707994622644037
