data/climate_estimation/maxent_output/Paris_incompleta.asc
NCOLS 127 
NROWS 74 
XLLCORNER 38.25 
YLLCORNER 38.5833333333333 
CELLSIZE 0.0833333333333333 
NODATA_value -3.4e+38 
[rows 40 to 59 of 74, columns 0 to 44 of 127]
-3.4e+38 -3.4e+38 -3.4e+38 -3.4e+38 -3.4e+38 -3.4e+38 -3.4e+38 -3.4e+38 -3.4e+38 -3.4e+38 -3.4e+38 -3.4e+38 -3.4e+38 -3.4e+38 -3.4e+38 -3.4e+38 -3.4e+38 -3.4e+38 -3.4e+38 -3.4e+38 -3.4e+38 -3.4e+38 -3.4e+38 -3.4e+38 -3.4e+38 -3.4e+38 -3.4e+38 -3.4e+38 -3.4e+38 -3.4e+38 -3.4e+38 -3.4e+38 -3.4e+38 -3.4e+38 -3.4e+38 -3.4e+38 0.302488923072815 0.586452543735504 0.784740209579468 0.992633759975433 0.987153351306915 0.95732456445694 0.350074738264084 0.408960938453674 0.524641156196594
-3.4e+38 -3.4e+38 -3.4e+38 -3.4e+38 -3.4e+38 -3.4e+38 -3.4e+38 -3.4e+38 -3.4e+38 -3.4e+38 -3.4e+38 -3.4e+38 -3.4e+38 -3.4e+38 -3.4e+38 -3.4e+38 -3.4e+38 -3.4e+38 -3.4e+38 -3.4e+38 -3.4e+38 -3.4e+38 -3.4e+38 -3.4e+38 -3.4e+38 -3.4e+38 -3.4e+38 -3.4e+38 -3.4e+38 -3.4e+38 -3.4e+38 -3.4e+38 -3.4e+38 -3.4e+38 0.305143266916275 0.416553020477295 0.809349715709686 0.952307403087616 0.381344228982925 0.816464722156525 0.974477112293243 0.967614471912384 0.920395195484161 0.203200399875641 0.380506068468094
-3.4e+38 -3.4e+38 -3.4e+38 -3.4e+38 -3.4e+38 -3.4e+38 -3.4e+38 -3.4e+38 -3.4e+38 -3.4e+38 -3.4e+38 -3.4e+38 -3.4e+38 -3.4e+38 -3.4e+38 -3.4e+38 -3.4e+38 -3.4e+38 -3.4e+38 -3.4e+38 -3.4e+38 -3.4e+38 -3.4e+38 -3.4e+38 -3.4e+38 -3.4e+38 -3.4e+38 -3.4e+38 -3.4e+38 -3.4e+38 -3.4e+38 0.295650005340576 0.290296018123627 0.503703415393829 0.739291071891785 0.933002948760986 0.771613478660583 0.215677961707115 0.308617532253265 0.142482474446297 0.303966283798218 0.129121318459511 0.634189784526825 0.0736243277788162 0.0957412868738174
-3.4e+38 -3.4e+38 -3.4e+38 -3.4e+38 -3.4e+38 -3.4e+38 -3.4e+38 -3.4e+38 -3.4e+38 -3.4e+38 -3.4e+38 -3.4e+38 -3.4e+38 0.465898036956787 0.422342926263809 -3.4e+38 -3.4e+38 -3.4e+38 -3.4e+38 -3.4e+38 -3.4e+38 -3.4e+38 -3.4e+38 -3.4e+38 -3.4e+38 -3.4e+38 -3.4e+38 -3.4e+38 -3.4e+38 0.377495139837265 0.6278076171875 0.638419449329376 0.76032292842865 0.934788286685944 0.980362594127655 0.204990193247795 0.269409984350204 0.304180979728699 0.499008625745773 0.263639897108078 0.185714468359947 0.138207420706749 0.0767681673169136 0.104474045336246 0.0241095200181007
-3.4e+38 -3.4e+38 -3.4e+38 -3.4e+38 -3.4e+38 -3.4e+38 0.690923631191254 0.683204174041748 0.560616612434387 0.450442850589752 0.357664704322815 0.389432042837143 0.363773316144943 0.267183512449265 0.24908310174942 0.346495419740677 0.411876171827316 0.577411711215973 -3.4e+38 -3.4e+38 -3.4e+38 -3.4e+38 -3.4e+38 -3.4e+38 -3.4e+38 0.5542231798172 0.51317286491394 0.478119313716888 0.705571353435516 0.673677682876587 0.967121958732605 0.984387993812561 0.989407598972321 0.967574536800385 0.125929772853851 0.149950265884399 0.0584251247346401 0.0648031085729599 0.21865114569664 0.262357175350189 0.335960239171982 0.0933103337883949 0.035282026976347 0.0574175007641315 0.104287177324295
0.741289854049683 -3.4e+38 -3.4e+38 0.740169703960419 0.653458118438721 0.717802584171295 0.503563821315765 0.55099755525589 0.328652709722519 0.221761167049408 0.118149757385254 0.11640191078186 0.0864679217338562 0.0473569221794605 0.0976658463478088 0.194950640201569 0.316998779773712 0.435172498226166 0.601783454418182 0.748384475708008 0.747622907161713 0.701872229576111 -3.4e+38 0.663871347904205 0.6282639503479 0.599850296974182 0.873968601226807 0.921141982078552 0.987490236759186 0.357680201530457 0.333738744258881 0.0505976527929306 0.0575839169323444 0.0276706870645285 0.0317007191479206 0.0760942548513412 0.0611519068479538 0.116174444556236 0.0752815753221512 0.0841798931360245 0.117459289729595 0.0632892549037933 0.0100603131577373 0.0704570338129997 0.184376329183578
0.603294014930725 0.610608458518982 0.713847279548645 0.459912121295929 0.436940014362335 0.299464464187622 0.332812368869781 0.26539620757103 0.10189425945282 0.0785954296588898 0.0485562533140182 0.0461224280297756 0.0419393926858902 0.0426482111215591 0.0417150259017944 0.0395949482917786 0.080686442553997 0.246281802654266 0.117054164409637 0.317817389965057 0.680776178836823 0.86083984375 0.918035924434662 0.950445711612701 0.876926004886627 0.904667913913727 0.950980484485626 0.323732942342758 0.0259754937142134 0.0267181657254696 0.0235307030379772 0.0310337599366903 0.0280658099800348 0.0538430288434029 0.0712968707084656 0.0799064338207245 0.0468442812561989 0.0455529540777206 0.113462626934052 0.00776363350450993 0.0570832118391991 0.00652455305680633 0.0575718320906162 0.120169177651405 0.0609103962779045
0.136941179633141 0.124867849051952 0.215066641569138 0.0995018631219864 0.0949059575796127 0.0868721529841423 0.108257129788399 0.077813982963562 0.0510841384530067 0.0460732392966747 0.042401447892189 0.038046807050705 0.0380673930048943 0.0411195680499077 0.0347456857562065 0.0340930074453354 0.0356709435582161 0.0326562859117985 0.0304089747369289 0.0323474779725075 0.139363363385201 0.165665850043297 0.124185711145401 0.273224681615829 0.284662634134293 0.0254729669541121 0.0404615327715874 0.0545780099928379 0.0190921276807785 0.0288259088993073 0.0610314570367336 0.0643981099128723 0.0528296791017056 0.0922162234783173 0.0865100026130676 0.0700920820236206 0.0504178144037724 0.0405944623053074 0.0151775237172842 0.00652363989502192 0.00976173393428326 0.00400235457345843 0.0555480383336544 0.0246929731220007 0.00873118545860052
0.0590809881687164 0.053514901548624 0.0966171398758888 0.0485953949391842 0.0473105870187283 0.0451857782900333 0.043193694204092 0.0417871996760368 0.0431358218193054 0.0375479981303215 0.0369299314916134 0.0348913744091988 0.0437232367694378 0.0439819246530533 0.0317348167300224 0.0301762036979198 0.0264695174992085 0.0272630769759417 0.0265857484191656 0.0249817073345184 0.0267028845846653 0.0220624376088381 0.0191724486649036 0.0298352036625147 0.0222243536263704 0.0243715457618237 0.0340367928147316 0.0235719289630651 0.0184257719665766 0.0300860852003098 0.0449665226042271 0.0864678993821144 0.0751509219408035 0.0529958121478558 0.0305939055979252 0.0155774326995015 0.0127666834741831 0.00413415487855673 0.00508039398118854 0.0751224160194397 0.0532810837030411 0.0222795251756907 0.0244111549109221 0.0221224389970303 0.0384954735636711
0.0411454811692238 0.0467648804187775 0.0419498197734356 0.0433022230863571 0.0402837581932545 0.0446236580610275 0.0441107228398323 0.0411613397300243 0.0474509336054325 0.0352431237697601 0.0312997996807098 0.0309798941016197 0.0269772037863731 0.0295306630432606 0.0401872843503952 0.0451264344155788 0.0429302528500557 0.037900373339653 0.0331766195595264 0.0236484371125698 0.024158613756299 0.0304616019129753 0.0221334677189589 0.0141921490430832 0.0159102436155081 0.0276988446712494 0.0483535751700401 0.0252530854195356 0.0291022770106792 0.0529647320508957 0.0713507086038589 0.0580702796578407 0.0308110490441322 0.0154909053817391 0.00861893221735954 0.00402973871678114 0.0145057076588273 0.0154181951656938 0.0254510976374149 0.0153066245839 0.00330703984946012 0.0464053750038147 0.0789213627576828 0.0746195465326309 0.0672978386282921
0.0378673449158669 0.033424261957407 0.0349202677607536 0.0318475924432278 0.0287728030234575 0.0366946272552013 0.0403348654508591 0.0428110547363758 0.0432429350912571 0.0304140020161867 0.0232319142669439 0.020247733220458 0.0158743839710951 0.0186287332326174 0.0171531923115253 0.0251251105219126 0.0356890559196472 0.047632247209549 0.031875554472208 0.0263975653797388 0.0273425579071045 0.0234180893748999 0.0248292870819569 0.0213782228529453 0.0344503968954086 0.0284760128706694 0.0565949566662312 0.0541029684245586 0.0400696247816086 0.0269210860133171 0.0223830491304398 0.0227494612336159 0.0209142062813044 0.0028343852609396 0.00927954912185669 0.0178184788674116 0.0249326918274164 0.028143972158432 0.0138865131884813 0.00424628937616944 0.00540384836494923 0.0183467902243137 0.0170269217342138 0.0470798462629318 0.00621023122221231
0.0379549525678158 0.0326852761209011 0.0372472777962685 0.029772013425827 0.0247462950646877 0.024577084928751 0.0228153616189957 0.0338586159050465 0.0478364154696465 0.0443007946014404 0.0319458842277527 0.0226183421909809 0.0154922055080533 0.0118063669651747 0.012371901422739 0.0139381438493729 0.0133468490093946 0.0156817380338907 0.0213787220418453 0.0274339653551579 0.0251908302307129 0.0173758622258902 0.0240006577223539 0.0172503497451544 0.0107997506856918 0.012454298324883 0.0172439515590668 0.016025660559535 0.00904029794037342 0.00456515839323401 0.00401522591710091 0.006346071138978 0.00326855573803186 0.00768698193132877 0.0239011198282242 0.035651221871376 0.0188079681247473 0.0118545349687338 0.00383564853109419 0.0123721277341247 0.017285693436861 0.0127818444743752 0.0113620245829225 0.012687741778791 0.00886918418109417
0.0229871161282063 0.0219032261520624 0.0143673652783036 0.0143093559890985 0.0121453423053026 0.0122337844222784 0.0125118037685752 0.0153880612924695 0.0300336144864559 0.0609907619655132 0.0472980849444866 0.0140493661165237 0.0134030412882566 0.0132304951548576 0.0122256567701697 0.00791224837303162 0.00963765010237694 0.00959982071071863 0.0119067952036858 0.0123731521889567 0.0102069908753037 0.00739646330475807 0.00443327985703945 0.00329305324703455 0.00339387473650277 0.00520612578839064 0.00547953601926565 0.00446149287745357 0.00584638491272926 0.00559313641861081 0.0112806670367718 0.0144121879711747 0.0171710513532162 0.0236686393618584 0.0444615222513676 0.047674648463726 0.0275965165346861 0.0168151687830687 0.00637041684240103 0.00873511005192995 0.0145781794562936 0.0148752490058541 0.0145131563767791 0.0332827046513557 0.0125443497672677
0.00968216825276613 0.00818261411041021 0.00634904718026519 0.00802221521735191 0.00835941080003977 0.0101792132481933 0.00940495356917381 0.0108543504029512 0.0129173500463367 0.0165829304605722 0.0162672512233257 0.0151278143748641 0.012728969566524 0.0134971039369702 0.00971812568604946 0.011354030109942 0.0111453961580992 0.0126454457640648 0.0123122166842222 0.00895802490413189 0.00542667042464018 0.00500525953248143 0.00328344665467739 0.00349519611336291 0.00801934581249952 0.0079876659438014 0.0105703352019191 0.014769583940506 0.0174642838537693 0.0150672513991594 0.0137613285332918 0.0159550178796053 0.0170275624841452 0.0151153840124607 0.0206680670380592 0.0410754457116127 0.0226772073656321 0.0118821384385228 0.0111114587634802 0.00636419467628002 0.0117379110306501 0.0173018202185631 0.0100273545831442 0.00236288201995194 0.00619220966473222
0.00690517155453563 0.00453784503042698 0.00353447045199573 0.00449390476569533 0.0115640135481954 0.0126861063763499 0.00862766522914171 0.00540759600698948 0.00355855491943657 0.00299044675193727 0.00266004726290703 0.0033797447104007 0.0063172522932291 0.00648517580702901 0.00737918121740222 0.00956052541732788 0.00472384784370661 0.00469885859638453 0.00527254305779934 0.00392108969390392 0.00410946412011981 0.00379389920271933 0.00430116755887866 0.00406730407848954 0.00479569938033819 0.00959104672074318 0.00827509630471468 0.00967837776988745 0.0109046055004001 0.0107261762022972 0.0139729082584381 0.0172629225999117 0.0136994915083051 0.0131747769191861 0.0207099746912718 0.0329311229288578 0.0274296849966049 0.0218738373368979 0.0139172971248627 0.0174204111099243 0.0199352726340294 0.0128901042044163 0.0109771201387048 0.00971219874918461 0.0144651774317026
0.00423949444666505 0.00337320822291076 0.00224580382928252 0.00209770165383816 0.0031419787555933 0.0024168724194169 0.00146065640728921 0.00174496986437589 0.00148926919791847 0.00146936054807156 0.00142832321580499 0.00187529274262488 0.00185572518967092 0.00161868904251605 0.00169158272910863 0.00227475981228054 0.00357075617648661 0.00551790837198496 0.00580536248162389 0.00495000556111336 0.00602276436984539 0.00648411270231009 0.00693508377298713 0.0100544914603233 0.012758512981236 0.0058674500323832 0.00874891690909863 0.0169717259705067 0.0108716115355492 0.0105588007718325 0.0157401319593191 0.0201082397252321 0.0151260932907462 0.0147187747061253 0.0178493224084377 0.0172627493739128 0.0196111090481281 0.0093572149053216 0.0112198600545526 0.0334626249969006 0.0172786824405193 0.0139727713540196 0.0123161356896162 0.0106303403154016 0.0100115071982145
0.00319671118631959 0.00224586972035468 0.0020341738127172 0.00123317015822977 0.00119036820251495 0.00157322071027011 0.00152643583714962 0.00388312968425453 0.00870577897876501 0.00953523255884647 0.00708352867513895 0.00530994450673461 0.00601382460445166 0.00554256187751889 0.00544925732538104 0.00403235666453838 0.00383274373598397 0.00754890684038401 0.00690412009134889 0.00600907998159528 0.0085537675768137 0.00996384583413601 0.00880560930818319 0.0118557633832097 0.013889585621655 0.020209526643157 0.013445240445435 0.0143487043678761 0.0123432707041502 0.0120167685672641 0.010113975033164 0.00982125569134951 0.00846822932362556 0.0069097145460546 0.00382451037876308 0.00443805567920208 0.0030031471978873 0.00552050117403269 0.0101791704073548 0.00874499417841434 0.00358297023922205 0.00395378423854709 0.00358548085205257 0.00482219830155373 0.00134979037102312
0.008410809561610 0.00895590614527464 0.00329880067147315 0.00155612663365901 0.00112104695290327 0.00123396934941411 0.00131054071243852 0.00290861492976546 0.00470222579315305 0.00753568531945348 0.0158481393009424 0.0161572676151991 0.00996742956340313 0.00418730033561587 0.00418191915377975 0.00412576738744974 0.00416553067043424 0.00749824242666364 0.00829289387911558 0.0088668018579483 0.00572280818596482 0.00316519453190267 0.00294324057176709 0.00547693483531475 0.00525516318157315 0.00610420387238264 0.00405255658552051 0.0016657137311995 0.00166367460042238 0.0018340660026297 0.00188934581819922 0.00173703534528613 0.00226742122322321 0.00216372450813651 0.00162006379105151 0.00179472775198519 0.0020302867051214 0.00470203626900911 0.00276940874755383 0.0016382064204663 0.00103980058338493 0.000825782539322972 0.000584051245823503 0.000469092192361131 0.000384905695682392
0.0020713557023555 0.0082008820027113 0.00323454826138914 0.00192367972340435 0.00374993355944753 0.00244169263169169 0.00103884085547179 0.00416102726012468 0.00454923696815968 0.00671493960544467 0.0104494355618954 0.00851517729461193 0.00382252084091306 0.00541577860713005 0.00937255471944809 0.0116920676082373 0.0136304963380098 0.0136126894503832 0.00846534874290228 0.0038100928068161 0.00192053883802146 0.00126304279547185 0.000730400672182441 0.000870195799507201 0.0023221718147397 0.00600706413388252 0.00743657210841775 0.00590994954109192 0.00386679917573929 0.00269999168813229 0.00436167465522885 0.00533954380080104 0.00792617443948984 0.0059181060642004 0.00169010600075126 0.00314171612262726 0.00811871979385614 0.0112517010420561 0.0102779073640704 0.00819106493145227 0.00602686917409301 0.0028064742218703 0.0026737623848021 0.00112007185816765 0.00228330167010427
0.000703608733601868 0.000904698215890676 0.000987065373919904 0.00101687805727124 0.00094908638857305 0.00147183786612004 0.00153065915219486 0.000986121594905853 0.00108589266892523 0.000864910369273275 0.00453095929697156 0.0082655418664217 0.00134763878304511 0.000232107471674681 0.000418529525632039 0.00143167620990425 0.0126989390701056 0.0317540653049946 0.0268916878849268 0.0140536753460765 0.00675485050305724 0.00173961941618472 0.00101630727294832 0.000449518673121929 0.000412335299188271 0.000548371579498053 0.00109363149385899 0.00212024268694222 0.00250482256524265 0.00309742614626884 0.00861957669258118 0.0099128745496273 0.00913715455681086 0.00425293948501348 0.00521869258955121 0.0160997994244099 0.0187521371990442 0.0110104195773602 0.00998277775943279 0.0120219523087144 0.0127021614462137 0.00977756455540657 0.00283323042094707 0.00550102209672332 0.00883227400481701
