data/climate_estimation/maxent_output/Paris_forrestii.asc
NCOLS 71 
NROWS 146 
XLLCORNER 98.0833333333333 
YLLCORNER 24.6666666666667 
CELLSIZE 0.0833333333333334 
NODATA_value -3.4e+38 
[rows 80 to 99 of 146, columns 0 to 43 of 71]
0.0573058873414993 0.0437384471297264 0.0444107763469219 0.0491602122783661 0.0551599860191345 0.0578608699142933 0.0455603636801243 0.0589543879032135 0.0416080988943577 0.0639464110136032 0.0847388356924057 0.093007817864418 0.0819319039583206 0.0986912623047829 0.0613117143511772 0.0576711110770702 0.0359116941690445 0.0361536629498005 0.038265623152256 0.0609657317399979 0.0852423459291458 0.08853629976511 0.077280230820179 0.0984333083033562 0.105923548340797 0.0993609726428986 0.13363616168499 0.133248895406723 0.127244368195534 0.149900645017624 0.158401772379875 0.136678338050842 0.204414919018745 0.160403773188591 0.179321795701981 0.193770945072174 0.192856460809708 0.190633580088615 0.163243696093559 0.153400778770447 0.197082906961441 0.216957822442055 0.21040190756321 0.205145493149757
0.0689496397972107 0.064710721373558 0.0643279775977135 0.0504313409328461 0.0501659624278545 0.0618596784770489 0.0670735314488411 0.0628353580832481 0.060056284070015 0.0560471713542938 0.066039003431797 0.089180700480938 0.0914935320615768 0.0683073997497559 0.0261554773896933 0.047127690166235 0.0464799329638481 0.0407575406134129 0.0476352460682392 0.0405824519693851 0.0504607446491718 0.070062942802906 0.0627999603748322 0.0926425382494926 0.151985988020897 0.153261929750443 0.127036273479462 0.151980176568031 0.116430275142193 0.138775229454041 0.17880018055439 0.205014422535896 0.142503157258034 0.184705004096031 0.191060602664948 0.200924932956696 0.188429459929466 0.203839987516403 0.172106847167015 0.15692526102066 0.209253877401352 0.234009295701981 0.227863907814026 0.205869719386101
0.0769123435020447 0.0808640792965889 0.0867713540792465 0.0726445317268372 0.0573141686618328 0.0590042807161808 0.0717861726880074 0.0841504707932472 0.0517212748527527 0.0481743924319744 0.0644236132502556 0.0909098982810974 0.102659143507481 0.0786195769906044 0.042447030544281 0.0414046235382557 0.0588210821151733 0.0332326889038086 0.0287223197519779 0.0404661260545254 0.0500878505408764 0.0941476598381996 0.0793918296694756 0.0777041912078857 0.12210825830698 0.183527633547783 0.194979205727577 0.141937956213951 0.165483951568604 0.18654377758503 0.139730706810951 0.212574541568756 0.170635387301445 0.140486672520638 0.197519659996033 0.206755086779594 0.195123091340065 0.145324170589447 0.141926869750023 0.196554705500603 0.224155247211456 0.242265224456787 0.257711201906204 0.211510732769966
0.142566099762917 0.0735467746853828 0.110255137085915 0.0609293282032013 0.0462757349014282 0.0731515362858772 0.0824696272611618 0.0862837955355644 0.0570826008915901 0.0418579652905464 0.0770893394947052 0.101514078676701 0.0682764798402786 0.0636298358440399 0.0442083701491356 0.0532372929155827 0.0586345195770264 0.0395568422973156 0.0363999269902706 0.0589268580079079 0.106422074139118 0.113438211381435 0.104034118354321 0.0683885514736176 0.0743793472647667 0.0902742370963097 0.175072550773621 0.187509283423424 0.176227301359177 0.198485434055328 0.124780707061291 0.110742077231407 0.144688084721565 0.193586707115173 0.172011479735374 0.220480903983116 0.223622962832451 0.170678541064262 0.208176523447037 0.224590048193932 0.22087799012661 0.253644585609436 0.276867598295212 0.231783136725426
0.121961958706379 0.139761358499527 0.118257135152817 0.0828727185726166 0.0565896257758141 0.0682943612337112 0.087262324988842 0.0865627303719521 0.0906604006886482 0.0682114735245705 0.109584137797356 0.117165103554726 0.0566404350101948 0.0446855239570141 0.0496146082878113 0.0616211406886578 0.0619104951620102 0.071957029402256 0.0635097399353981 0.111943431198597 0.131326705217361 0.104095704853535 0.0798347443342209 0.0704099833965302 0.0907211303710938 0.142358988523483 0.136025339365005 0.203555852174759 0.172056242823601 0.115879759192467 0.121827088296413 0.171074256300926 0.0991378128528595 0.179146841168404 0.229250475764275 0.226597145199776 0.235879212617874 0.197454407811165 0.208912312984467 0.188681021332741 0.252927601337433 0.285129994153976 0.281283676624298 0.208222791552544
0.0458782166242599 0.0876951366662979 0.140299081802368 0.110231585800648 0.0875256732106209 0.0746998339891434 0.0850735977292061 0.0869732946157455 0.0926984772086143 0.108651585876942 0.118555225431919 0.116161428391933 0.0493697710335255 0.046793095767498 0.0738283693790436 0.06391691416502 0.0965064987540245 0.0692768543958664 0.0853291451931 0.0806617364287376 0.126964330673218 0.115828186273575 0.102658793330193 0.0880266651511192 0.115143828094006 0.15481536090374 0.195468083024025 0.184316828846931 0.162977889180183 0.166456520557404 0.120073072612286 0.168179720640182 0.134786456823349 0.104869909584522 0.202486217021942 0.249809667468071 0.257392644882202 0.160597950220108 0.158783659338951 0.219817608594894 0.281627684831619 0.269973427057266 0.268300086259842 0.219238445162773
0.0444433726370335 0.042271763086319 0.0951859205961227 0.165308117866516 0.095812015235424 0.0808162018656731 0.0819542035460472 0.0740557909011841 0.0574095137417316 0.0664944499731064 0.121296770870686 0.130001321434975 0.0900233238935471 0.0556111298501492 0.0780899971723557 0.102362520992756 0.089232861995697 0.0646351724863052 0.0654949545860291 0.0854974836111069 0.135886833071709 0.125864416360855 0.0947807356715202 0.0962093099951744 0.0608738958835602 0.0799205452203751 0.0882352739572525 0.152168244123459 0.170048967003822 0.119262993335724 0.207637012004852 0.149054870009422 0.178753808140755 0.190127521753311 0.213616073131561 0.267950803041458 0.287427932024002 0.126890376210213 0.160634219646454 0.299579501152039 0.262877017259598 0.303804397583008 0.223055869340897 0.281208366155624
0.0354445390403271 0.0957449078559875 0.126414269208908 0.156784877181053 0.0980761274695396 0.0874515324831009 0.0965511575341225 0.0929157212376595 0.0760326310992241 0.0779528394341469 0.112480312585831 0.141161054372787 0.0919710323214531 0.0480826944112778 0.0681767389178276 0.11072164773941 0.106612414121628 0.0867809280753136 0.0759254470467567 0.0984083265066147 0.136239841580391 0.139254808425903 0.113840863108635 0.107850551605225 0.072118878364563 0.0737613588571548 0.0779092907905579 0.0967865809798241 0.0999907478690147 0.129203319549561 0.197406768798828 0.185407072305679 0.137667179107666 0.142311304807663 0.215370357036591 0.190327271819115 0.295588880777359 0.156450137495995 0.266351521015167 0.304375737905502 0.21147358417511 0.255584627389908 0.238768264651299 0.293296277523041
0.0338378176093102 0.0636272206902504 0.151526018977165 0.188328921794891 0.153628572821617 0.107069186866283 0.114920176565647 0.113128960132599 0.0927075371146202 0.106409661471844 0.094522163271904 0.154320150613785 0.096487432718277 0.0697413757443428 0.0734252408146858 0.139724239706993 0.128313884139061 0.128818050026894 0.106834650039673 0.122651167213917 0.116561725735664 0.158881291747093 0.109543643891811 0.120678201317787 0.0792316123843193 0.0798051804304123 0.0880696326494217 0.0968529284000397 0.115174435079098 0.149395659565926 0.20734129846096 0.197112753987312 0.161766111850739 0.20768415927887 0.169008895754814 0.17110350728035 0.321543186903 0.308646261692047 0.347655594348907 0.197367712855339 0.361704915761948 0.312304764986038 0.322706639766693 0.25354391336441
0.035614188760519 0.0564129278063774 0.0704003199934959 0.109026469290257 0.205631881952286 0.108133286237717 0.102243043482304 0.116117343306541 0.109255984425545 0.0769775807857513 0.0873636528849602 0.176085963845253 0.125000134110451 0.136545524001122 0.143970713019371 0.151448637247086 0.0898496136069298 0.159278973937035 0.137267559766769 0.135699197649956 0.114701919257641 0.123074486851692 0.0721354633569717 0.127556994557381 0.0942704528570175 0.0808385834097862 0.0969526693224907 0.123669862747192 0.155812993645668 0.12910583615303 0.13644303381443 0.241947785019875 0.206971794366837 0.264233231544495 0.304669618606567 0.318175822496414 0.346058666706085 0.336936712265015 0.30398291349411 0.214157611131668 0.258726269006729 0.273470282554626 0.272434681653976 0.190490141510963
0.0631595328450203 0.0453457646071911 0.0458413511514664 0.075615793466568 0.127967447042465 0.200338080525398 0.118233174085617 0.132538482546806 0.138151407241821 0.104384958744049 0.153056070208549 0.178087428212166 0.185767576098442 0.154531493782997 0.162566110491753 0.134035617113113 0.100461848080158 0.172953858971596 0.143029779195786 0.137719973921776 0.134375512599945 0.187346220016479 0.0873163267970085 0.0952995494008064 0.0977530479431152 0.0891404896974564 0.0814323499798775 0.120671346783638 0.169235825538635 0.16666179895401 0.145152300596237 0.196418687701225 0.268406689167023 0.222683265805244 0.31118181347847 0.326476842164993 0.277990072965622 0.15232490003109 0.165970966219902 0.180048853158951 0.271117448806763 0.284605890512466 0.234954744577408 0.213058650493622
0.18243969976902 0.0738489702343941 0.0650385916233063 0.0546267926692963 0.0564085282385349 0.199913665652275 0.206844866275787 0.134524330496788 0.168016567826271 0.163722008466721 0.0952850356698036 0.170811474323273 0.204025402665138 0.137711524963379 0.145327687263489 0.13489805161953 0.148383438587189 0.185609728097916 0.154514774680138 0.146892353892326 0.089111752808094 0.139767572283745 0.135760173201561 0.101885251700878 0.109809964895248 0.0851964876055717 0.0962799564003944 0.102645829319954 0.130767181515694 0.201959535479546 0.175450205802917 0.250098675489426 0.2824327647686 0.241887077689171 0.29721599817276 0.356497168540955 0.293041169643402 0.150960996747017 0.181621849536896 0.222682535648346 0.395498216152191 0.376784086227417 0.249178856611252 0.245319828391075
0.152163371443748 0.192538276314735 0.129862532019615 0.073846347630024 0.0733672529459 0.09690260887146 0.285363703966141 0.120141446590424 0.117013022303581 0.184805333614349 0.105647459626198 0.196505919098854 0.230084389448166 0.133687153458595 0.107888005673885 0.161140412092209 0.173253729939461 0.201495140790939 0.170362994074821 0.112167485058308 0.12971119582653 0.178356915712357 0.129532754421234 0.0877309814095497 0.120230980217457 0.149770334362984 0.132236272096634 0.118827171623707 0.126700714230537 0.215346619486809 0.269057810306549 0.215749323368073 0.251505106687546 0.282901674509048 0.242188453674316 0.39297291636467 0.405083030462265 0.312791436910629 0.24237884581089 0.434080123901367 0.408543437719345 0.457863956689835 0.286238312721252 0.363080769777298
0.337753772735596 0.108203560113907 0.204335540533066 0.184856742620468 0.0838657543063164 0.160679414868355 0.316210567951202 0.133065775036812 0.0756635144352913 0.199754595756531 0.20830263197422 0.179323390126228 0.24197193980217 0.130331426858902 0.142509326338768 0.200556606054306 0.226527258753777 0.194331467151642 0.177162259817123 0.173845306038857 0.127363875508308 0.219277665019035 0.14473120868206 0.0927999541163445 0.098840668797493 0.155777543783188 0.191498473286629 0.195869386196136 0.175643235445023 0.219670340418816 0.317311555147171 0.275170654058456 0.282076984643936 0.334933876991272 0.216692581772804 0.377666115760803 0.410879135131836 0.4498450756073 0.370262801647186 0.428181380033493 0.52870774269104 0.548670291900635 0.37951397895813 0.303310513496399
0.468602567911148 0.0745811760425568 0.114444598555565 0.18471847474575 0.190692082047462 0.188793405890465 0.3643439412117 0.19870026409626 0.0834485813975334 0.173532336950302 0.177304551005363 0.252491623163223 0.281945466995239 0.168382227420807 0.192318335175514 0.243276923894882 0.2183006554842 0.186470717191696 0.212390750646591 0.191577851772308 0.235398799180984 0.194509044289589 0.10469401627779 0.0899167731404305 0.0912937298417091 0.125626131892204 0.165486186742783 0.135222941637039 0.125135585665703 0.131955817341805 0.22440131008625 0.362552970647812 0.294554978609085 0.388163596391678 0.288151443004608 0.283243358135223 0.473655581474304 0.490690857172012 0.322578519582748 0.365361511707306 0.465311169624329 0.605575382709503 0.385661870241165 0.40769961476326
0.531075358390808 0.23009891808033 0.155280113220215 0.127453297376633 0.25335893034935 0.124755859375 0.386720836162567 0.251639574766159 0.11842692643404 0.135878026485443 0.0753913074731827 0.18676233291626 0.316897332668304 0.148284256458282 0.265841960906982 0.278722256422043 0.204199656844139 0.223213598132133 0.202951341867447 0.103875771164894 0.274750024080276 0.235131531953812 0.094531424343586 0.0958379060029984 0.109459176659584 0.129857838153839 0.146194040775299 0.229519784450531 0.259578168392181 0.295268535614014 0.370176941156387 0.393167644739151 0.329040437936783 0.433075517416 0.380745440721512 0.438040733337402 0.502172589302063 0.485589414834976 0.399226576089859 0.526555895805359 0.3959741294384 0.635397851467133 0.671347737312317 0.51792848110199
0.25105157494545 0.590034127235413 0.582623243331909 0.321726202964783 0.373081475496292 0.117347791790962 0.38101190328598 0.381781846284866 0.123895071446896 0.111518204212189 0.120435126125813 0.203303068876266 0.346518874168396 0.202177181839943 0.308392465114594 0.215150147676468 0.247889682650566 0.159033626317978 0.13393871486187 0.160657420754433 0.306234002113342 0.28340157866478 0.133631870150566 0.111527241766453 0.130952164530754 0.173649847507477 0.155725717544556 0.174235492944717 0.30418387055397 0.372650653123856 0.401994615793228 0.373337477445602 0.28047126531601 0.46185502409935 0.460724323987961 0.476244062185287 0.491224735975266 0.583693981170654 0.596605181694031 0.439737886190414 0.436356991529465 0.423691064119339 0.706909537315369 0.731262743473053
0.11274765431881 0.172626033425331 0.464092016220093 0.613433241844177 0.516526341438293 0.276007205247879 0.264831185340881 0.47440105676651 0.2093246281147 0.204395413398743 0.14566208422184 0.18717049062252 0.379896700382233 0.253966391086578 0.339056074619293 0.34066703915596 0.212152600288391 0.105933122336864 0.183588176965714 0.320271372795105 0.282378405332565 0.226687282323837 0.113578513264656 0.115644842386246 0.159774899482727 0.204460218548775 0.177928283810616 0.138764023780823 0.206051290035248 0.386626571416855 0.372887462377548 0.243840843439102 0.284487575292587 0.483296126127243 0.500087082386017 0.476749092340469 0.540407776832581 0.457507580518723 0.525125205516815 0.42476013302803 0.630196690559387 0.673656105995178 0.704120814800262 0.694829702377319
0.166268885135651 0.115905687212944 0.286648035049438 0.68842613697052 0.560165584087372 0.436382055282593 0.173781022429466 0.476110577583313 0.351292163133621 0.353960454463959 0.17509588599205 0.218213856220245 0.414460271596909 0.384594738483429 0.379769772291183 0.316516548395157 0.190289691090584 0.25649818778038 0.200460165739059 0.368717461824417 0.199828624725342 0.126755192875862 0.117197252810001 0.124255448579788 0.170668855309486 0.254680871963501 0.311659932136536 0.264929682016373 0.392787754535675 0.438459843397141 0.38573032617569 0.365377098321915 0.284318029880524 0.515101194381714 0.457655638456345 0.402767956256866 0.595443665981293 0.467928260564804 0.57115250825882 0.479854553937912 0.523296058177948 0.592687726020813 0.705053150653839 0.605141043663025
0.269017368555069 0.403681010007858 0.483561784029007 0.71217405796051 0.51948618888855 0.410685032606125 0.154134809970856 0.288683027029037 0.544829189777374 0.3826624751091 0.15126758813858 0.187299430370331 0.373410671949387 0.45717915892601 0.426559001207352 0.195657223463058 0.20812264084816 0.332776010036469 0.386556804180145 0.376743823289871 0.212691634893417 0.195728808641434 0.134562239050865 0.148683115839958 0.214278876781464 0.309636145830154 0.366177052259445 0.409357964992523 0.414442718029022 0.475769728422165 0.474000513553619 0.444250792264938 0.40917494893074 0.497427254915237 0.549344837665558 0.475786149501801 0.615147471427917 0.553202986717224 0.676356792449951 0.504665672779083 0.712351560592651 0.749540090560913 0.714041292667389 0.656022489070892
