data/climate_estimation/maxent_output/Petermannia_cirrosa.asc
NCOLS 100 
NROWS 176 
XLLCORNER 145.333333333333 
YLLCORNER -32 
CELLSIZE 0.0833333333333334 
NODATA_value -3.4e+38 
[rows 19 to 37 of 176, columns 0 to 42 of 100]
0.000400222226744518 0.000538614520337433 0.000500751950312406 0.00039283384103328 0.000398996489821002 0.000857362349051982 0.00188191351480782 0.00374245457351208 0.00454335892572999 0.011939400807023 0.0051767653785646 0.000953582988586277 0.000664510473143309 -3.4e+38 -3.4e+38 -3.4e+38 -3.4e+38 -3.4e+38 -3.4e+38 -3.4e+38 -3.4e+38 -3.4e+38 -3.4e+38 -3.4e+38 -3.4e+38 -3.4e+38 -3.4e+38 -3.4e+38 -3.4e+38 -3.4e+38 -3.4e+38 -3.4e+38 -3.4e+38 -3.4e+38 -3.4e+38 -3.4e+38 -3.4e+38 -3.4e+38 -3.4e+38 -3.4e+38 -3.4e+38 -3.4e+38 -3.4e+38
0.000401416415115818 0.000541141489520669 0.000608486472629011 0.000384110899176449 0.000312440446577966 0.000535881612449884 0.000659971148706973 0.0013027765089646 0.00419395696371794 0.00867847539484501 0.00572704756632447 0.00257057952694595 0.000656037183944136 0.000411924265790731 -3.4e+38 0.00046144166844897 -3.4e+38 -3.4e+38 -3.4e+38 -3.4e+38 -3.4e+38 -3.4e+38 -3.4e+38 -3.4e+38 -3.4e+38 -3.4e+38 -3.4e+38 -3.4e+38 -3.4e+38 -3.4e+38 -3.4e+38 -3.4e+38 -3.4e+38 -3.4e+38 -3.4e+38 -3.4e+38 -3.4e+38 -3.4e+38 -3.4e+38 -3.4e+38 -3.4e+38 -3.4e+38 -3.4e+38
0.000405403523473069 0.000523344671819359 0.000550794531591237 0.000286861322820187 0.00022042628552299 0.000216473883483559 0.000242824491579086 0.000957785116042942 0.00300546362996101 0.00258827325887978 0.00121829111594707 0.00334576983004808 0.00307423155754805 0.000446103833382949 0.000280589680187404 0.000278718071058393 -3.4e+38 0.000437521812273189 0.000343516585417092 -3.4e+38 -3.4e+38 -3.4e+38 -3.4e+38 -3.4e+38 -3.4e+38 -3.4e+38 -3.4e+38 -3.4e+38 -3.4e+38 -3.4e+38 -3.4e+38 -3.4e+38 -3.4e+38 -3.4e+38 -3.4e+38 -3.4e+38 -3.4e+38 -3.4e+38 -3.4e+38 -3.4e+38 -3.4e+38 -3.4e+38 -3.4e+38
0.000445052894065157 0.000389268068829551 0.000359082041541114 0.000407734623877332 0.00021590362302959 0.000208673547604121 0.000364100676961243 0.000496836204547435 0.00106062099803239 0.000831267854664475 0.0011265903012827 0.00109493278432637 0.00258899223990738 0.00048962322762236 0.000269833661150187 0.000247041054535657 0.000192945517483167 0.000196175984456204 0.000218499626498669 -3.4e+38 0.000228144985157996 -3.4e+38 -3.4e+38 -3.4e+38 -3.4e+38 -3.4e+38 -3.4e+38 -3.4e+38 -3.4e+38 -3.4e+38 -3.4e+38 -3.4e+38 -3.4e+38 -3.4e+38 -3.4e+38 -3.4e+38 -3.4e+38 -3.4e+38 -3.4e+38 -3.4e+38 -3.4e+38 -3.4e+38 -3.4e+38
0.000318731152219698 0.000323450367432088 0.000341320381266996 0.000364113890100271 0.0004390926042106 0.000261321576545015 0.000269483949523419 0.00029035157058388 0.000417641131207347 0.000378837285097688 0.000557555817067623 0.000588855298701674 0.0011224023764953 0.000829284137580544 0.000277295563137159 0.000227424432523549 0.000172974803717807 0.000163207296282053 0.000162013835506514 0.00015550413809251 0.000190594728337601 -3.4e+38 -3.4e+38 -3.4e+38 0.000164582947036251 0.000156041132868268 -3.4e+38 -3.4e+38 -3.4e+38 -3.4e+38 -3.4e+38 -3.4e+38 -3.4e+38 -3.4e+38 -3.4e+38 -3.4e+38 -3.4e+38 -3.4e+38 -3.4e+38 -3.4e+38 -3.4e+38 -3.4e+38 -3.4e+38
0.000239379034610465 0.000366991473129019 0.000450743245892227 0.000324119639117271 0.000321913772495463 0.000262650894001126 0.000254967890214175 0.000268762145424262 0.000267182156676427 0.000293002784019336 0.000344699597917497 0.000545191927812994 0.000792446779087186 0.000633513496723026 0.000325169530697167 0.000298949249554425 0.000153679371578619 0.000274415913736448 0.000165350429597311 0.000141794007504359 0.000135800786665641 0.000129994907183573 0.00012300768867135 0.000146806662087329 0.000151083004311658 0.000163705495651811 -3.4e+38 -3.4e+38 -3.4e+38 -3.4e+38 -3.4e+38 -3.4e+38 -3.4e+38 -3.4e+38 -3.4e+38 -3.4e+38 -3.4e+38 -3.4e+38 -3.4e+38 -3.4e+38 -3.4e+38 -3.4e+38 -3.4e+38
0.000261189823504537 0.000287805974949151 0.000263560563325882 0.000238674707361497 0.000219047637074254 0.000209596371860243 0.000198446316062473 0.000199681584490463 0.000214890300412662 0.000247330463025719 0.00032600382110104 0.000330387090798467 0.000342325045494363 0.000580068619456142 0.000961925135925412 0.000270466320216656 0.000173863139934838 0.000162621203344315 0.00020261193276383 0.000967441301327199 0.000244089038460515 0.000132567962282337 0.000130614236695692 0.000159452712978236 0.000156239722855389 0.000148380204336718 0.000146563237649389 -3.4e+38 -3.4e+38 -3.4e+38 -3.4e+38 -3.4e+38 -3.4e+38 -3.4e+38 -3.4e+38 -3.4e+38 -3.4e+38 -3.4e+38 -3.4e+38 -3.4e+38 -3.4e+38 -3.4e+38 -3.4e+38
0.000254273065365851 0.000241353933233768 0.000231214158702642 0.000234171951888129 0.000211557286093011 0.000207735371077433 0.000203375821001828 0.000213031788007356 0.000234441002248786 0.000247794727329165 0.000236253617913462 0.000192484701983631 0.000278345978586003 0.000458236143458635 0.00064503273461014 0.000408916239393875 0.000158502094564028 0.000146771111758426 0.000231601006817073 0.00138304312713444 0.000227608368732035 0.000146210091770627 0.000141566517413594 0.000133496025227942 0.000161770061822608 0.00015302628162317 0.000146326230606064 -3.4e+38 -3.4e+38 -3.4e+38 -3.4e+38 -3.4e+38 -3.4e+38 -3.4e+38 -3.4e+38 -3.4e+38 -3.4e+38 -3.4e+38 -3.4e+38 -3.4e+38 -3.4e+38 -3.4e+38 -3.4e+38
0.000255835679126903 0.000225468829739839 0.00020679528824985 0.000211007383768447 0.000160139141371474 0.000157994116307236 0.000157804708578624 0.000177795722265728 0.000175079010659829 0.000167300458997488 0.000165296965860762 0.000167147794854827 0.000196348191821016 0.000270682969130576 0.000435729394666851 0.000452592328656465 0.000345006381394342 0.00018066621851176 0.000144128280226141 0.000152729611727409 0.000141458585858345 0.000160993251483887 0.000148288381751627 0.000152342618093826 0.000140633870614693 0.000134109111968428 0.000128029103507288 0.000125000078696758 -3.4e+38 -3.4e+38 -3.4e+38 -3.4e+38 -3.4e+38 -3.4e+38 -3.4e+38 -3.4e+38 -3.4e+38 -3.4e+38 -3.4e+38 -3.4e+38 -3.4e+38 -3.4e+38 -3.4e+38
0.000235672443523072 0.000229625889915042 0.000203249015612528 0.00020350085105747 0.000160037030582316 0.000155488582095131 0.00015469487698283 0.000158985261805356 0.00015871666255407 0.000154864945216104 0.000156639332999475 0.000171410370967351 0.000193591229617596 0.000193127547390759 0.000276097212918103 0.000262448447756469 0.000274020654615015 0.0002539461129345 0.000148780760355294 0.000134983187308535 0.000134713467559777 0.000131749344291165 0.00016381376190111 0.000167670208611526 0.000159143644850701 0.000140907999593765 0.000140655902214348 0.000138754054205492 -3.4e+38 0.000508767319843173 0.000324296241160482 -3.4e+38 -3.4e+38 -3.4e+38 -3.4e+38 -3.4e+38 -3.4e+38 -3.4e+38 -3.4e+38 -3.4e+38 -3.4e+38 -3.4e+38 -3.4e+38
0.000234401886700653 0.000219951893086545 0.000216059255762957 0.000208535740966909 0.000203278512344696 0.000192012623301707 0.000156224152306095 0.000150110499816947 0.000145866564707831 0.00015014827658888 0.000155165835167281 0.000165948891662993 0.000175112465512939 0.000172685162397102 0.00024199542531278 0.000235987216001377 0.000223095179535449 0.000140957839903422 0.000130856380565092 0.000127099949168041 0.000148112871102057 0.000138312578201294 0.000175345980096608 0.000176403933437541 0.00017860576917883 0.000160209412570111 0.000142491742735729 0.000146814607433043 0.000124979575048201 0.000322600564686581 0.000176398083567619 -3.4e+38 -3.4e+38 -3.4e+38 -3.4e+38 -3.4e+38 -3.4e+38 -3.4e+38 -3.4e+38 -3.4e+38 -3.4e+38 -3.4e+38 -3.4e+38
0.000289653864456341 0.000223563416511752 0.000212025333894417 0.000202429699129425 0.000200905677047558 0.000197519228095189 0.000189944068551995 0.000186912715435028 0.00018152259872295 0.00017803798255045 0.000144842764711939 0.000153849643538706 0.000217776061617769 0.000216544329305179 0.000232578793657012 0.000254275277256966 0.000182904681423679 0.000167587888427079 0.000163362405146472 0.000149198560393415 0.000132870700326748 7.6762808021158e-05 0.000149374900502153 0.000213023595279083 0.000204083640710451 0.000205193486181088 0.000186264936928637 0.000156339287059382 0.000141044947667979 0.000162121359608136 0.000157957285409793 0.000158706679940224 0.000183040261617862 -3.4e+38 -3.4e+38 -3.4e+38 -3.4e+38 -3.4e+38 -3.4e+38 -3.4e+38 -3.4e+38 -3.4e+38 -3.4e+38
0.000279319297987968 0.000264528061961755 0.000252711877692491 0.000209827136131935 0.000198811176232994 0.00019441258336883 0.00019578578940127 0.000194463165826164 0.000193928834050894 0.000182569026947021 0.000179809008841403 0.000177229449036531 0.000183021256816573 0.000196984896319918 0.000224322764552198 0.000249010481638834 0.000261388078797609 0.000299926439765841 0.000339382473612204 0.000356107630068436 0.000151633124914952 8.86023335624486e-05 0.000169378763530403 0.000198032968910411 0.000218441608012654 0.000206520038773306 0.000224417162826285 0.000180328861461021 0.0001575339701958 0.000189368511200882 0.000172608633874916 0.000194352192920633 0.000201845308765769 0.000220708039705642 0.000205003263545223 0.000224826755584218 -3.4e+38 0.000444326753495261 -3.4e+38 -3.4e+38 -3.4e+38 -3.4e+38 -3.4e+38
0.000258551357546821 0.000254904967732728 0.000256369356065989 0.000250025390414521 0.000243155605858192 0.000238686610828154 0.000233273909543641 0.000260278611676767 0.000254817306995392 0.00024449490592815 0.000235783081734553 0.000181486524525099 0.000182502102688886 0.000183369658770971 0.000230718462262303 0.000226723859668709 0.000244787952397019 0.000294205761747435 0.000318239210173488 0.000219903318793513 0.000192378152860329 0.00020851033332292 0.000163022967171855 0.000201385832042433 0.000211087826755829 0.000237923857639544 0.000268058181973174 0.000217748020077124 0.000201532049686648 0.000235037063248456 0.000194888561964035 0.000237320840824395 0.00023113410861697 0.000256554922088981 0.000212847095099278 0.000142491582664661 -3.4e+38 0.000446942605776712 0.00033003106364049 -3.4e+38 -3.4e+38 -3.4e+38 0.000484879099531099
0.000260274508036673 0.000268352014245465 0.000262874498730525 0.000256446714047343 0.000251606659730896 0.000242834386881441 0.000225337949814275 0.000231040772632696 0.000251946621574461 0.000264144357061014 0.000254536513239145 0.000236856489209458 0.000178292859345675 0.000177192297996953 0.000186751378350891 0.00020998966647312 0.000226327480049804 0.000249096221523359 0.000210840968065895 0.000326999317621812 0.00046885822666809 0.000266603572526947 0.000184230360900983 0.000175171328010038 0.000204933094209991 0.00019692990463227 0.000234907362028025 0.000234349790844135 0.000473828491521999 0.00052609242266044 0.000262730551185086 0.000331603485392407 0.000241766072576866 0.000281701155472547 0.000328445690684021 0.000215972540900111 0.000201221380848438 0.000336846336722374 0.000383028585929424 0.000391739158658311 -3.4e+38 -3.4e+38 0.000769427453633398
0.000442923861555755 0.000639973965007812 0.00032926895073615 0.000328174763126299 0.00030212922138162 0.000292908196570352 0.000286185706499964 0.000264177186181769 0.000297681835945696 0.000322232750477269 0.000249160919338465 0.000228540855459869 0.000229106983169913 0.000246237526880577 0.000195302563952282 0.000192092920769937 0.0002011173783103 0.000214745523408055 0.000246900133788586 0.000477731664432213 0.000467638194095343 0.000321023224387318 0.000222148766624741 0.000184878706932068 0.000198420704691671 0.000214771222090349 0.000214771222090349 0.000258876418229192 0.000271924043772742 0.000331108691170812 0.000533559243194759 0.000391371140722185 0.000385939754778519 0.000350354675902054 0.000232250007684343 0.000298541650408879 0.000288034614641219 0.000342875224305317 0.000676872325129807 0.000780339876655489 0.000524389382917434 0.00082834146451205 -3.4e+38
0.000456825539004058 0.000316777499392629 0.000309177732560784 0.000273510930128396 0.000261538982158527 0.000258844607742503 0.000250893936026841 0.000268349802354351 0.000291392876533791 0.000306557718431577 0.000311273441184312 0.000240516950725578 0.000242177018662915 0.00027592055266723 0.00027133640833199 0.000204160576686263 0.000209230114705861 0.000206259588594548 0.000233324492000975 0.000326850480632856 0.000298591912724078 0.000493547006044537 0.000247834977926686 0.000195483284187503 0.000205100091989152 0.000225900192162953 0.00026342598721385 0.000388591783121228 0.000367142085451633 0.000410112086683512 0.000527301570400596 0.000521314621437341 0.000491918413899839 0.000536815030500293 0.000396106799598783 0.000584683613851666 0.000478209694847465 0.000417489878600463 0.000746573437936604 0.000831788638606668 0.00111127540003508 0.001345602911897 0.000693222275003791
0.000255463208304718 0.000235810875892639 0.000262358313193545 0.000230559671763331 0.000236865453189239 0.000239221277297474 0.000234116028877907 0.000247553893132135 0.000258174637565389 0.000273454934358597 0.000226991032832302 0.000246685114689171 0.000259198946878314 0.000278779771178961 0.000260188331594691 0.000291325937723741 0.000296922662528232 0.000207202945603058 0.00020316663722042 0.000212475250009447 0.000238351261941716 0.000378280674340203 0.000424944388214499 0.000227536802412942 0.000212594619370066 0.000225884505198337 0.000262318586464971 0.000359144702088088 0.000322514766594395 0.000469023623736575 0.000777513370849192 0.000838184671010822 0.00086608697893098 0.000731369305867702 0.000687807973008603 0.000522247166372836 0.00060410046717152 0.000457367656053975 0.000433952605817467 0.000521350360941142 0.00147367035970092 0.00142489385325462 0.00110289175063372
0.000209970676223747 0.000208007390028797 0.000211559541639872 0.000232983482419513 0.000224615796469152 0.000213986335438676 0.000212759608984925 0.00021962050232105 0.000179863418452442 0.000187305908184499 0.00019731382781174 0.000215263033169322 0.00023364249500446 0.000238121952861547 0.000231838741456158 0.000239019995206036 0.000252262718277052 0.000204798765480518 0.000225310082896613 0.000203773801331408 0.000217232198338024 0.000255047896644101 0.000442956603365019 0.000256636849371716 0.000199162008357234 0.000211174876312725 0.000202354232897051 0.000213354593142867 0.00028253230266273 0.000450541963800788 0.000759788730647415 0.00156294577755034 0.00132820010185242 0.00156283762771636 0.00143909046892077 0.00103123381268233 0.00106965564191341 0.000538643274921924 0.000447646743850783 0.000533994112629443 0.00105953554157168 0.00112266920041293 0.00202196044847369
