data/climate_estimation/maxent_output/Petermannia_cirrosa.asc
NCOLS 100 
NROWS 176 
XLLCORNER 145.333333333333 
YLLCORNER -32 
CELLSIZE 0.0833333333333334 
NODATA_value -3.4e+38 
[rows 95 to 113 of 176, columns 43 to 85 of 100]
0.00306679029017687 0.0031380164436996 0.00382865313440561 0.00490902038291097 0.00460619013756514 0.00404913723468781 0.00490966532379389 0.00486699212342501 0.00460993498563766 0.00567279430106282 0.00634415680542588 0.00897960644215345 0.0131294196471572 0.0126368971541524 0.01087393052876 0.0119083961471915 0.0189860630780458 0.0222985222935677 0.0268659610301256 0.0201529040932655 0.0218433048576117 0.0245394892990589 0.0183470230549574 0.0167381912469864 0.0172947943210602 0.0158394314348698 0.0180098358541727 0.0297284852713346 0.0367742739617825 0.0509036034345627 0.0520869456231594 0.0416015014052391 0.0605443455278873 0.0697985514998436 0.06465233117342 0.0872260183095932 0.0946203097701073 0.129501312971115 0.156115621328354 0.145098388195038 0.112235650420189 0.110270880162716 0.124112881720066
0.00399642065167427 0.00446218717843294 0.00422774581238627 0.00416994327679276 0.00383299868553877 0.00343311717733741 0.00485797412693501 0.00609134789556265 0.00612729694694281 0.00576402666047215 0.0054307603277266 0.00751163717359304 0.00917764753103256 0.0114480694755912 0.0107576036825776 0.0123285846784711 0.0169934313744307 0.0217829309403896 0.0249302815645933 0.0243392251431942 0.0201612133532763 0.0217655710875988 0.0219006314873695 0.0216499119997025 0.0265219788998365 0.018941268324852 0.0205711200833321 0.0261212605983019 0.0418902784585953 0.0339272059500217 0.0365273915231228 0.0335878692567348 0.0367159843444824 0.0498436577618122 0.0552156269550323 0.0793807655572891 0.0867887288331985 0.124713130295277 0.160280272364616 0.157860428094864 0.145773112773895 0.14338144659996 0.14449568092823
0.00410433067008853 0.00548391463235021 0.00482698297128081 0.00426569301635027 0.00352430995553732 0.0043529961258173 0.00429303431883454 0.00401848368346691 0.00427107093855739 0.00545346923172474 0.00523032713681459 0.00751274544745684 0.00731800682842731 0.00708924233913422 0.00988994538784027 0.0116903949528933 0.0183230228722095 0.0210032965987921 0.0222795773297548 0.0221461690962315 0.0222421623766422 0.0320849642157555 0.0330652371048927 0.0181998629122972 0.01402139198035 0.0213725566864014 0.0222326572984457 0.021018510684371 0.0323452986776829 0.0427642837166786 0.039261631667614 0.0294180903583765 0.0305287092924118 0.0431634485721588 0.0530149377882481 0.0840250849723816 0.0830854699015617 0.119914039969444 0.217036530375481 0.212972775101662 0.253650844097137 0.186237886548042 0.182125374674797
0.00336009194143116 0.00461069820448756 0.00411878759041429 0.00487621687352657 0.00426612934097648 0.00444194627925754 0.00405153539031744 0.00391702353954315 0.00507661327719688 0.00501157669350505 0.00510302651673555 0.00679066684097052 0.0065887188538909 0.00744273792952299 0.0101483436301351 0.0112705817446113 0.017259119078517 0.021005230024457 0.0224418845027685 0.0278801638633013 0.022324675694108 0.0179331731051207 0.0193025358021259 0.0195445902645588 0.0172554701566696 0.0211586207151413 0.0212839934974909 0.0221743825823069 0.0271540526300669 0.028770113363862 0.0420905500650406 0.0339036323130131 0.0334173440933228 0.0397157482802868 0.0602224543690681 0.120798721909523 0.118550539016724 0.124095588922501 0.169874131679535 0.247429326176643 0.326494216918945 0.248487576842308 0.227466598153114
0.00405855104327202 0.00470739835873246 0.00467989733442664 0.00394270522519946 0.00397486286237836 0.00398236326873302 0.00512012699618936 0.00371595635078847 0.00496116792783141 0.00511734094470739 0.00485552521422505 0.00509799504652619 0.00716233626008034 0.00756171392276883 0.0077799535356462 0.0115655921399593 0.0166288688778877 0.0195368379354477 0.0221811756491661 0.0271123740822077 0.0173967592418194 0.0142408674582839 0.010991265065968 0.0142001127824187 0.0183732155710459 0.0219580363482237 0.0282806977629662 0.020556602627039 0.0223047025501728 0.0252949874848127 0.0282056611031294 0.0300936233252287 0.0319204702973366 0.0365405827760696 0.0612197071313858 0.103249728679657 0.164074599742889 0.286743372678757 0.159885793924332 0.166784375905991 0.228282928466797 0.30025839805603 0.226813420653343
0.00391669012606144 0.00387150747701526 0.00303819379769266 0.00284198787994683 0.00367242353968322 0.00465511763468385 0.00370232085697353 0.00447959173470736 0.00436345348134637 0.00440852669999003 0.00470932200551033 0.00647335592657328 0.00719166034832597 0.00797730963677168 0.0078405998647213 0.00787353049963713 0.0116367610171437 0.0167861878871918 0.0193436555564404 0.0244162324815989 0.0168876480311155 0.0113305812701583 0.00911650061607361 0.0108236270025373 0.0148559603840113 0.0183380879461765 0.0214933473616838 0.021972244605422 0.0294409543275833 0.035070825368166 0.0331464894115925 0.0291877035051584 0.0441907793283463 0.0477601401507854 0.053847711533308 0.0671553537249565 0.173308670520782 0.231699779629707 0.148835510015488 0.188733890652657 0.203627988696098 0.210742875933647 0.235787972807884
0.00395888928323984 0.00410778494551778 0.00520701054483652 0.00532505381852388 0.00491950940340757 0.0044536511413753 0.00447388971224427 0.00325837731361389 0.00441756332293153 0.00485999975353479 0.00474167056381702 0.00484841410070658 0.00660223746672273 0.00758832274004817 0.0102684106677771 0.0101396758109331 0.011586687527597 0.0179535821080208 0.0190846975892782 0.0234790407121181 0.0209774691611528 0.0135544463992119 0.0101305339485407 0.0113648809492588 0.0130145447328687 0.0153040643781424 0.0197016485035419 0.0211258102208376 0.0251219179481268 0.0262253694236279 0.0315932668745518 0.0335563383996487 0.0548609755933285 0.0493883490562439 0.0577511042356491 0.0830520689487457 0.148737996816635 0.231517121195793 0.139873266220093 0.203732877969742 0.185789048671722 0.220717713236809 0.169203475117683
0.00559359462931752 0.00386271975003183 0.00516677182167768 0.00519097363576293 0.00370410876348615 0.00351276411674917 0.00434739422053099 0.00582378404214978 0.00469418987631798 0.00474974140524864 0.00450535351410508 0.00494545232504606 0.00661666551604867 0.00700675137341022 0.00791595596820116 0.011324611492455 0.011926575563848 0.0177866630256176 0.019937239587307 0.0188722051680088 0.0202128775417805 0.0185445882380009 0.0127704655751586 0.0161085836589336 0.0163726154714823 0.0164609495550394 0.0233469400554895 0.0224957931786776 0.0151667278259993 0.0167589783668518 0.0229954235255718 0.0279503539204597 0.0459277629852295 0.0501765049993992 0.0531206279993057 0.0917052403092384 0.129155904054642 0.153326377272606 0.326602399349213 0.226412519812584 0.141044706106186 0.217172458767891 0.124992050230503
0.00494130980223417 0.00379177578724921 0.00486058928072453 0.00390942813828588 0.00276337680406868 0.00343924481421709 0.0042732423171401 0.00440220581367612 0.0045582358725369 0.00448721880093217 0.00476205768063664 0.00485707493498921 0.00663254642859101 0.00726119941100478 0.00791935063898563 0.0102626336738467 0.0124208424240351 0.0164068713784218 0.019309014081955 0.0143416002392769 0.0140281822532415 0.0247088931500912 0.0222123339772224 0.021177401766181 0.0190488863736391 0.0162885226309299 0.0182310286909342 0.0239342786371708 0.0193789210170507 0.019254345446825 0.0221046693623066 0.0230008903890848 0.0360084734857082 0.0569588802754879 0.0555070303380489 0.068601593375206 0.107610963284969 0.145281955599785 0.234563142061234 0.296984672546387 0.178627520799637 0.178218767046928 0.149104624986649
0.00342920492403209 0.0025267843157053 0.00351517600938678 0.00270174094475806 0.00269536627456546 0.00339191639795899 0.00312202470377088 0.00343926995992661 0.00351526332087815 0.00455544097349048 0.00475853402167559 0.00477384030818939 0.00642081163823605 0.00688073690980673 0.00746123911812901 0.0110058477148414 0.0119242500513792 0.0171363577246666 0.0125974947586656 0.0125829577445984 0.0182711910456419 0.0189739875495434 0.0392343327403069 0.0242438856512308 0.0248513519763947 0.0305441040545702 0.0254321284592152 0.0258901137858629 0.0300171691924334 0.0276402905583382 0.0214921794831753 0.0348845310509205 0.0480862632393837 0.0544733442366123 0.0848080888390541 0.0903169065713882 0.114577732980251 0.135707572102547 0.177368327975273 0.197106122970581 0.179035216569901 0.215313747525215 0.187854573130608
0.00333307567052543 0.0033910246565938 0.00319537101313472 0.0024487825576216 0.00260218256153166 0.00318326451815665 0.00340835587121546 0.00352133368141949 0.00473710615187883 0.00489151338115335 0.00467081135138869 0.00496104964986444 0.00504992855712771 0.00693791033700109 0.00799364037811756 0.0101154129952192 0.0117351002991199 0.0155545836314559 0.0120396791025996 0.0156299490481615 0.0171882603317499 0.0248121879994869 0.0383627340197563 0.0290990564972162 0.0266605000942945 0.0316726341843605 0.0345797911286354 0.0327780768275261 0.025276318192482 0.0245676320046186 0.0264137778431177 0.0407764911651611 0.0765669196844101 0.0666185319423676 0.083244301378727 0.0878232195973396 0.141483575105667 0.144971683621407 0.147140055894852 0.150874182581902 0.250136077404022 0.330780506134033 0.219667166471481
0.00455753551796079 0.0035178589168936 0.00276321289129555 0.00264361337758601 0.00280977692455053 0.00273537961766124 0.00387222063727677 0.00369614525698125 0.00445712730288506 0.00497828796505928 0.00474323565140367 0.00496045593172312 0.00654893089085817 0.00667302310466766 0.0075780376791954 0.0109428949654102 0.0108863450586796 0.0153734115883708 0.0151224648579955 0.0168393794447184 0.0223769042640924 0.0240024644881487 0.0360144339501858 0.0380415916442871 0.0408190302550793 0.0375353656709194 0.0294196624308825 0.0226277429610491 0.0224773734807968 0.0254276022315025 0.0361393950879574 0.0394870489835739 0.0687539726495743 0.0791416391730309 0.10373368114233 0.0952617228031158 0.131354987621307 0.161588191986084 0.221734046936035 0.234585955739021 0.561622738838196 0.348727166652679 0.315747320652008
0.00444890046492219 0.00386958080343902 0.00314033403992653 0.00312275555916131 0.00312553253024817 0.00306523009203374 0.003789272159338 0.00379798538051546 0.00493954261764884 0.00470525538548827 0.00440543610602617 0.0063463463447988 0.00671584531664848 0.00646385224536061 0.00702855410054326 0.0103422468528152 0.0105106271803379 0.0111874975264072 0.0140491481870413 0.0197779200971127 0.0233524870127439 0.0250785667449236 0.0244954489171505 0.0394082516431808 0.0375340655446053 0.0321982689201832 0.025903319939971 0.0279111210256815 0.0292612705379725 0.0321065373718739 0.0484323538839817 0.0650496035814285 0.0823549702763557 0.0791783630847931 0.0837642326951027 0.101603820919991 0.143447622656822 0.16276752948761 0.263396710157394 0.395853936672211 0.683358728885651 0.584483563899994 0.451148301362991
0.00384129863232374 0.00325144338421524 0.00277739600278437 0.00318451295606792 0.00318049918860197 0.00384057755582035 0.00365037680603564 0.00471332482993603 0.00420188205316663 0.00410257466137409 0.00627753417938948 0.00666657835245132 0.00776743516325951 0.00707903783768415 0.00909864623099566 0.00905231013894081 0.0100366771221161 0.0111149847507477 0.0141877941787243 0.0156154436990619 0.0197779200971127 0.0223594903945923 0.018316350877285 0.0258836019784212 0.0295546781271696 0.031710721552372 0.0306613612920046 0.0272458344697952 0.0295916963368654 0.0431032776832581 0.0626015514135361 0.0600601471960545 0.0718896090984344 0.0864263996481895 0.124405674636364 0.123814821243286 0.168875843286514 0.201742932200432 0.26739713549614 0.404679298400879 0.515047967433929 0.708680689334869 0.691700577735901
0.00252238265238702 0.00279917777515948 0.00311161973513663 0.00328039773739874 0.00360082322731614 0.00313707324676216 0.00280363508500159 0.00365597032941878 0.00367144658230245 0.00499568926170468 0.00531911943107843 0.00588587671518326 0.00802828650921583 0.00770367356017232 0.00888807978481054 0.008595728315413 0.00938799511641264 0.00947392638772726 0.0132145946845412 0.0139696067199111 0.0187263283878565 0.0162945743650198 0.0191217809915543 0.0201064832508564 0.0284766033291817 0.0280537959188223 0.0313930176198483 0.0362085551023483 0.0388648733496666 0.0401237457990646 0.0567677058279514 0.07522813975811 0.0723922848701477 0.102530844509602 0.122092336416245 0.176289722323418 0.150138989090919 0.199051961302757 0.281784653663635 0.519389271736145 0.649348676204681 0.792784333229065 0.638783752918243
0.00186265003867447 0.00196716445498168 0.00241666729561985 0.00256620463915169 0.0025740209966898 0.00252943090163171 0.00274879252538085 0.00297119934111834 0.0030896554235369 0.00406207516789436 0.0042058052495122 0.00529910111799836 0.00537745514884591 0.00569944176822901 0.00640842877328396 0.00683661596849561 0.00872733816504478 0.00987362116575241 0.0133470287546515 0.0141258491203189 0.0182921513915062 0.0152156669646502 0.014412060379982 0.0151974437758327 0.0204759575426579 0.028272507712245 0.0313969925045967 0.0458999872207642 0.0525102168321609 0.0562929585576057 0.0445790588855743 0.0639180541038513 0.0797117277979851 0.105644159018993 0.136525437235832 0.164337351918221 0.153423383831978 0.167624279856682 0.263307154178619 0.411257207393646 0.543969690799713 0.758194088935852 0.696829319000244
0.00154433422721922 0.00247692572884262 0.00186958676204085 0.00190697761718184 0.00211921404115856 0.00200530700385571 0.00235762656666338 0.00244766380637884 0.00255471537820995 0.00316569162532687 0.00393921555951238 0.00433114822953939 0.00496515957638621 0.00538201443850994 0.00652113649994135 0.00656577385962009 0.00955239497125149 0.00960742309689522 0.0128663741052151 0.0114228064194322 0.0169792864471674 0.0116942571476102 0.0111523820087314 0.0117569398134947 0.0169155113399029 0.0293003413826227 0.0381024666130543 0.0348821841180325 0.0430277362465858 0.0663281381130219 0.0611059255897999 0.0709327012300491 0.0898147970438004 0.115591049194336 0.139271229505539 0.15540899336338 0.137795597314835 0.17541728913784 0.273522466421127 0.236897706985474 0.577756106853485 0.683688402175903 0.782012760639191
0.00153663754463196 0.00167893501929939 0.00151108927093446 0.00159992976114154 0.00226026843301952 0.00188432319555432 0.00217289221473038 0.00225952873006463 0.00240797572769225 0.00305822910740972 0.00307292770594358 0.00405469909310341 0.00425106659531593 0.00503997690975666 0.0059628807939589 0.00654022768139839 0.00845928583294153 0.00792571995407343 0.0105155799537897 0.0113418428227305 0.0160835273563862 0.0110967587679625 0.0115954633802176 0.0126519715413451 0.0159202963113785 0.0266786459833384 0.044149287045002 0.0413881652057171 0.0499502532184124 0.068478100001812 0.0928098484873772 0.098217599093914 0.0984728783369064 0.0953811258077621 0.110564827919006 0.106256082653999 0.122340343892574 0.13592292368412 0.160000294446945 0.162196695804596 0.411798566579819 0.544485151767731 0.746049523353577
0.00129917729645967 0.00158843351528049 0.0015668406849727 0.00126652570907027 0.00174315774347633 0.00178017816506326 0.00182295544072986 0.00182208698242903 0.00194435240700841 0.00290700793266296 0.00291316583752632 0.00370947341434658 0.00405390793457627 0.00528850732371211 0.00605867942795157 0.00732946256175637 0.00688449945300817 0.00911139510571957 0.0100245447829366 0.00987887196242809 0.0132683739066124 0.0119728539139032 0.0115619003772736 0.00986455194652081 0.0202054623514414 0.0265053659677505 0.0293896663933992 0.0321820080280304 0.0368955433368683 0.0613198913633823 0.0939311906695366 0.150231242179871 0.103725455701351 0.0983302816748619 0.0957829132676125 0.108215413987637 0.13040018081665 0.134750336408615 0.159841805696487 0.19388584792614 0.196827754378319 0.406444728374481 0.46612286567688
