data/climate_estimation/maxent_output/Petermannia_cirrosa.asc
NCOLS 100 
NROWS 176 
XLLCORNER 145.333333333333 
YLLCORNER -32 
CELLSIZE 0.0833333333333334 
NODATA_value -3.4e+38 
[rows 95 to 113 of 176, columns 0 to 42 of 100]
0.000118522366392426 0.000125016013043933 0.000161115705850534 0.000168770202435553 0.000169619190273806 0.000179762093466707 0.000200299866264686 0.000203625182621181 0.000197045606910251 0.00016980197688099 0.000176331552211195 0.000190730133908801 0.000209419304155745 0.000272121600573882 0.000274760095635429 0.000303898385027424 0.000414572423323989 0.000457024434581399 0.000490922888275236 0.000502534967381507 0.000557207153178751 0.000521832203958184 0.000759954389650375 0.000816444517113268 0.000867651600856334 0.000966996944043785 0.0013150186277926 0.00149961758870631 0.00148649199400097 0.00136127613950521 0.00154754449613392 0.00148353865370154 0.00113715464249253 0.00111971772275865 0.00110970018431544 0.00130857352633029 0.00151414680294693 0.00152592314407229 0.0013789344811812 0.0012930923840031 0.00166729313787073 0.00115260318852961 0.00147919123992324
0.000108265194285195 0.00012377169332467 0.000159306902787648 0.000159107192303054 0.000168770202435553 0.000181088063982315 0.000196566121303476 0.000194115709746256 0.00018913640815299 0.000199831178179011 0.000215919208130799 0.000227868818910792 0.000240745561313815 0.000266242685029283 0.000267813680693507 0.00028585598920472 0.000388563959859312 0.000426141254138201 0.000444305158453062 0.000445722020231187 0.000484431133372709 0.000518746906891465 0.000732722342945635 0.000747142941690981 0.000794475898146629 0.000912437855731696 0.00102458870969713 0.00102197646629065 0.00099452433642 0.00140452501364052 0.00148330233059824 0.0014195756521076 0.00101753941271454 0.00102681689895689 0.00106571556534618 0.00111224874854088 0.00148689618799835 0.00122348836157471 0.00113237497862428 0.00151008425746113 0.00215386459603906 0.00169130030553788 0.00182705419138074
0.000115450689918362 0.000154776134877466 0.000159306902787648 0.000162740761879832 0.000159107192303054 0.000206655764486641 0.000229696917813271 0.0002288445684826 0.0002288445684826 0.000240036068134941 0.000269364711130038 0.000282098102616146 0.000281035550870001 0.00030778453219682 0.000246994197368622 0.000330027542077005 0.000361883139703423 0.000395653216401115 0.000403385754907504 0.000456448091426864 0.000491620623506606 0.000697471550665796 0.000551827601157129 0.000570100441109389 0.000836146762594581 0.000915549113415182 0.000924764492083341 0.000927381741348654 0.000963302736636251 0.001402493333444 0.00100965739693493 0.000985737540759146 0.000958305376116186 0.000961106852628291 0.00125978339929134 0.00131651933770627 0.00147041154559702 0.00145613972563297 0.00138763978611678 0.0014053873019293 0.00182755209971219 0.00232741446234286 0.00239884527400136
0.000159230505232699 0.000161362535436638 0.00016231469635386 0.000156065943883732 0.000204485579160973 0.000220540634472854 0.000229297249461524 0.000228145843720995 0.00022287828323897 0.000228787743253633 0.000301255320664495 0.000321516970871016 0.000337622099323198 0.000359539437340572 0.00030398482340388 0.000410228560213 0.000457148271379992 0.000450968451332301 0.000486029224703088 0.000516513886395842 0.000615563767496496 0.000640213198494166 0.000505812698975205 0.000553684600163251 0.000634460826404393 0.000861689739394933 0.000864828238263726 0.000851503049489111 0.000954737595748156 0.000997915398329496 0.000957579002715647 0.000897963182069361 0.000842114619445056 0.00110876327380538 0.001164635643363 0.00124981405679137 0.00163659418467432 0.00167376303579658 0.00167802884243429 0.00208188244141638 0.00219475408084691 0.00295753171667457 0.00340244430117309
0.000148268605698831 0.000151327083585784 0.000186485500307754 0.000183371375896968 0.000197055211174302 0.000270428077783436 0.000292652403004467 0.000290647440124303 0.000280406995443627 0.00028253739583306 0.000300117419101298 0.000385283958166838 0.000422135926783085 0.000425890262704343 0.000457712420029566 0.00051166902994737 0.000501767091918737 0.000521795358508825 0.000468000856926665 0.000495535263326019 0.000540535605978221 0.000470421888167039 0.000559345702640712 0.00057319801999256 0.000647420878522098 0.000662697537336498 0.000650522415526211 0.000630955852102488 0.000852296943776309 0.000856656057294458 0.000867581693455577 0.000853609293699265 0.00102553516626358 0.00103781011421233 0.00111275620292872 0.00154280033893883 0.00155601755250245 0.00195425981655717 0.0020153196528554 0.00250754901207983 0.00255139917135239 0.00331855867989361 0.00420226342976093
0.000136040602228604 0.000145841229823418 0.000181063063791953 0.000186065211892128 0.000238957276451401 0.000256548577453941 0.000273415062110871 0.000379319622879848 0.00035662340815179 0.000335924414684996 0.00034704600693658 0.000460376933915541 0.000506133656017482 0.000599633902311325 0.000665742554701865 0.000573853380046785 0.000592057476751506 0.000499368296004832 0.000552558049093932 0.000491206010337919 0.000568014336749911 0.000612766947597265 0.00073418312240392 0.000614196818787605 0.000629410613328218 0.000616377219557762 0.000608592643402517 0.000599814986344427 0.000600836589001119 0.000776258355472237 0.000751630519516766 0.000744016433600336 0.00098944001365453 0.00132537609897554 0.00158774526789784 0.00311843305826187 0.00192188424989581 0.00173860986251384 0.0021775015629828 0.00218503037467599 0.00304384855553508 0.00392985669896007 0.0045058187097311
0.000129797437693924 0.000169726699823514 0.000170272862305865 0.000181648298166692 0.00024132346152328 0.000251570367254317 0.000327196350554004 0.000352608592947945 0.000439200579421595 0.000419679301558062 0.000422584795160219 0.000633077288512141 0.000840337830595672 0.000861527631059289 0.000810194120276719 0.000673043599817902 0.000583397806622088 0.000628054258413613 0.000529610202647746 0.00065008964156732 0.000584326568059623 0.000675063172820956 0.000757520843762904 0.000751081446651369 0.000586292997468263 0.000591061252634972 0.000589842558838427 0.000599915685597807 0.000731229607481509 0.000700682925526053 0.000698519346769899 0.000919268291909248 0.000996402814052999 0.00133522914256901 0.00197295006364584 0.00271760066971183 0.00216212752275169 0.00222031911835074 0.00211564544588327 0.00258665857836604 0.00322127365507185 0.00395827647298574 0.00382520793937147
0.000126515311421826 0.000165923178428784 0.000170575411175378 0.000228145843720995 0.000234389313845895 0.000290416093776003 0.000311038224026561 0.000404217455070466 0.000428320141509175 0.000410722394008189 0.00060755416052416 0.000787542026955634 0.000829905678983778 0.00104442413430661 0.000773310428485274 0.000697782030329108 0.000737927795853466 0.000618087709881365 0.000538693566340953 0.000620562757831067 0.000578715815208852 0.00064208306139335 0.000736428890377283 0.000760599796194583 0.000590160547289997 0.000603555759880692 0.000623675819952041 0.000715961505193263 0.000690785993356258 0.000678162963595241 0.000674351467750967 0.000882868131157011 0.00114611466415226 0.00124432845041156 0.00225484673865139 0.00408223317936063 0.00335201504640281 0.00254908693023026 0.00235451315529644 0.00310388719663024 0.00364724523387849 0.00474097672849894 0.00378287816420197
0.000123380566947162 0.000157867005327716 0.000165923178428784 0.00021094131807331 0.000282089167740196 0.000290060852421448 0.000307124922983348 0.000309466966427863 0.000403430400183424 0.000404515187256038 0.000542673922609538 0.00084167072782293 0.000820456945803016 0.000993067747913301 0.00077724305447191 0.000654465868137777 0.000569003052078187 0.000493103463668376 0.00056080223293975 0.000482874631416053 0.00055739824892953 0.000586609414312989 0.000923306273762137 0.000749684928450733 0.000750012579374015 0.000836417777463794 0.000797933374997228 0.0007318394491449 0.000703986675944179 0.000840132706798613 0.000796511536464095 0.000852415047120303 0.00154688116163015 0.00206785695627332 0.00240263994783163 0.00323893548920751 0.00248968135565519 0.00293487682938576 0.00296379090286791 0.0039240294136107 0.00377979082986712 0.00487678870558739 0.00513747753575444
0.000121217519335914 0.000154812223627232 0.000159063638420776 0.000207631761441007 0.000285858724964783 0.000300754589261487 0.000436831382103264 0.000317272555548698 0.000311880692606792 0.000384437327738851 0.000556359998881817 0.000798891182057559 0.000811159959994256 0.000575413228943944 0.000627420318778604 0.000685502076521516 0.000604286964517087 0.00052989722462371 0.000564608199056238 0.00047084761899896 0.000493745028506964 0.000575409329030663 0.000835890241432935 0.000666269916109741 0.000908586604055017 0.00102130940649658 0.000932774331886321 0.000921642757020891 0.000859542342368513 0.000763680087402463 0.000759191869292408 0.00101485871709883 0.00160589790903032 0.00231895409524441 0.00327733531594276 0.00337889790534973 0.00301220384426415 0.00376001303084195 0.0037393372040242 0.00370278768241405 0.00454281037673354 0.0042154504917562 0.0042150286026299
0.000124087498988956 0.000148981765960343 0.000199908201466314 0.00020894622139167 0.000306958798319101 0.000287191651295871 0.000406627630582079 0.000421381846535951 0.000301759166177362 0.000541194516699761 0.000415641785366461 0.000567473005503416 0.000553167017642409 0.000570735661312938 0.000617131823673844 0.000553825811948627 0.000620917649939656 0.00053241295972839 0.000424256519181654 0.000444647390395403 0.000484098156448454 0.000529341341461986 0.000734232249669731 0.000865076261106879 0.000914238742552698 0.00119824893772602 0.000944931991398335 0.000849653035402298 0.00111371616367251 0.000794665014836937 0.00072684366023168 0.000966050487477332 0.00183879886753857 0.00197911472059786 0.00255209021270275 0.00323683209717274 0.00335084646940231 0.00342418579384685 0.00445955758914351 0.00406376598402858 0.00457829143851995 0.00439653731882572 0.00419770972803235
0.000121238925203215 0.000156976224388927 0.000164767101523466 0.000206247539608739 0.000292986514978111 0.000220612913835794 0.00040277699008584 0.00042509104241617 0.000309370370814577 0.000441068055806682 0.00042003724956885 0.000431376218330115 0.0005253876443021 0.000580614490900189 0.000632902549114078 0.000548930431250483 0.000623692874796689 0.000510990968905389 0.000514234299771488 0.00042779537034221 0.000578700448386371 0.000599091057665646 0.000703546917065978 0.00099025503732264 0.00115958089008927 0.00117833376862109 0.00110093737021089 0.00102800806052983 0.000996331451460719 0.0010668330360204 0.000904387386981398 0.000926047563552856 0.00167011620942503 0.00177932437509298 0.00232716440223157 0.00314905936829746 0.00338808842934668 0.00304932123981416 0.0041181375272572 0.00426290975883603 0.00364402635022998 0.00409157993271947 0.00450093531981111
0.000153200307977386 0.000161890464369208 0.000285138608887792 0.000286041991785169 0.000301123160170391 0.000313825003104284 0.000324716093018651 0.000413942965678871 0.000289963063551113 0.000304893765132874 0.000405380764277652 0.000414650829043239 0.000442522170487791 0.000575796526391059 0.000506887561641634 0.000559938722290099 0.000596732366830111 0.000494819600135088 0.000491339713335037 0.000498585344757885 0.000541822751984 0.000561299442779273 0.000807744916528463 0.000899749167729169 0.000980756245553493 0.00100469321478158 0.000951393682043999 0.000968537002336234 0.000917799538001418 0.000925744883716106 0.00109632837120444 0.00111714540980756 0.00154945871327072 0.00167317665182054 0.0019836793653667 0.00256017176434398 0.00318890600465238 0.00298184505663812 0.00297221611253917 0.00346566061489284 0.00355905527248979 0.00322239077650011 0.00389423896558583
0.000152540334966034 0.000161477000801824 0.000289940013317391 0.000294867786578834 0.000309635302983224 0.000316404621116817 0.000322042003972456 0.000311258307192475 0.000233486309298314 0.000315086712362245 0.000327144400216639 0.000404096121201292 0.000443952885689214 0.000595795165281743 0.000513937673531473 0.000590178358834237 0.000567467766813934 0.00058650184655562 0.00046399820712395 0.000483657466247678 0.000639876176137477 0.000702919787727296 0.000793214305303991 0.00110584299545735 0.000890065683051944 0.000924910476896912 0.000868077855557203 0.00115913443733007 0.00115109886974096 0.00106843071989715 0.000823182112071663 0.00102596078068018 0.00106208492070436 0.0015118281589821 0.00182166090235114 0.00182549026794732 0.00283811404369771 0.00269344332627952 0.00266250409185886 0.00219831964932382 0.0030446017626673 0.00236715166829526 0.00324954534880817
0.000115139060653746 0.000208122160984203 0.000223777518840507 0.000290260068140924 0.000238716820604168 0.000314156612148508 0.000232415273785591 0.000228672448429279 0.000238014734350145 0.000244055088842288 0.000249266333412379 0.000323733314871788 0.000452519190730527 0.000476033688755706 0.000504252035170794 0.000535905826836824 0.000576778256800026 0.000557819264940917 0.000553187448531389 0.000605713576078415 0.000633119198027998 0.00088563613826409 0.000947582186199725 0.00103359064087272 0.000979396398179233 0.000995925744064152 0.00082423078129068 0.00103484303690493 0.00102415052242577 0.00103878742083907 0.000976009294390678 0.000948875851463526 0.000974046823102981 0.00132158596534282 0.00134998466819525 0.00156309234444052 0.00223140302114189 0.00221330625936389 0.00208797142840922 0.00186835415661335 0.00193279644008726 0.00187861069571227 0.00265308632515371
0.000161964009748772 0.000158665556227788 0.000207080855034292 0.000230811929213814 0.000233933227718808 0.000236769395996816 0.00017675782146398 0.000193780215340666 0.000194805266801268 0.000197766959900036 0.000205528747756034 0.00021607922099065 0.000281663582427427 0.000365431420505047 0.000486264645587653 0.00049210712313652 0.00052580627379939 0.000524050497915596 0.000567817420233041 0.000581716652959585 0.000740536779630929 0.000798639841377735 0.000887363741640002 0.000868857547175139 0.000895340228453279 0.000841316243167967 0.000929200497921556 0.000936413882300258 0.000931101036258042 0.000913748750463128 0.000978254480287433 0.00094460096443072 0.000928282737731934 0.00119037088006735 0.00124983454588801 0.00133782788179815 0.00170891161542386 0.00181371544022113 0.00170713814441115 0.00145378045272082 0.00144090782850981 0.00129385222680867 0.00205210712738335
0.000121670083899517 0.000122160956379957 0.000166708821780048 0.000225987882004119 0.000230866309721023 0.000232199410675094 0.000171866195159964 0.000182170842890628 0.000157138900249265 0.000161065327120014 0.000161848292918876 0.000166971105500124 0.000227243261178955 0.000299600011203438 0.000386307336157188 0.000379673030693084 0.000402257574023679 0.000534514139872044 0.000574211764615029 0.000680331664625555 0.000769631238654256 0.00074242620030418 0.00073806889122352 0.000707253580912948 0.000800261099357158 0.000768468773458153 0.000800022156909108 0.000879498140420765 0.000878140621352941 0.000840434280689806 0.000721829477697611 0.000743353157304227 0.000875442347023636 0.00113587966188788 0.00107775023207068 0.00151608779560775 0.00154107983689755 0.00171293818857521 0.0014920620014891 0.00145455240271986 0.00119665521197021 0.00125824275892228 0.00143237365409732
9.41475518629886e-05 9.8714190244209e-05 0.000133787500089966 0.000169228078448214 0.000230567748076282 0.000128978004795499 0.00014122374705039 0.00014078825188335 0.000152620166772977 0.000122995916171931 0.000131978507852182 0.000167754376889206 0.000218058616155759 0.000285740417893976 0.000298162398394197 0.000375377101590857 0.000407437502872199 0.000525314884725958 0.000514049781486392 0.000540718552656472 0.000605911365710199 0.00070908572524786 0.000644783140160143 0.000563635665457696 0.000550886383280158 0.000731085252482444 0.000691473251208663 0.000694468268193305 0.000813406775705516 0.000795937958173454 0.000709832587745041 0.00080090353731066 0.000948066357523203 0.00085634714923799 0.00114695576485246 0.00141747808083892 0.00125872425269336 0.00139496277552098 0.0019144726684317 0.00148551259189844 0.00146431871689856 0.00127148313913494 0.00149112020153552
7.27950100554153e-05 9.8622047516983e-05 0.000133110253955238 0.000166491183335893 0.000169228078448214 0.000125571357784793 0.00012835486268159 0.000131515029352158 0.000148390769027174 0.000150531443068758 0.000131629043607973 0.000166802303283475 0.00021654786542058 0.000273410027148202 0.000284407782601193 0.0003760801628232 0.000393007532693446 0.000499339657835662 0.000483692158013582 0.000519104418344796 0.000496039632707834 0.000524994451552629 0.000452248292276636 0.000446295103756711 0.000590574869420379 0.000607770925853401 0.000644136685878038 0.000585172034334391 0.000678765878546983 0.000667570566292852 0.00070565304486081 0.000723932927940041 0.000778607849497348 0.000849943317007273 0.000998785719275475 0.00117698730900884 0.00106222659815103 0.00138778949622065 0.00139364157803357 0.00161950243636966 0.00160297239199281 0.00157858233433217 0.00123312009964138
