data/climate_estimation/maxent_output/Philesia_magellanica.asc
NCOLS 25 
NROWS 152 
XLLCORNER -74.25 
YLLCORNER -52.0833333333333 
CELLSIZE 0.0833333333333331 
NODATA_value -3.4e+38 
[rows 70 to 104 of 152, columns 0 to 24 of 25]
0.418218582868576 0.418049544095993 0.481183916330338 0.468045473098755 0.512564778327942 0.50169563293457 0.458883672952652 0.470611780881882 0.563531994819641 0.519363522529602 0.64995676279068 0.676023542881012 0.678220808506012 0.777286052703857 0.873772442340851 0.926068782806396 0.921345949172974 0.876921474933624 0.810514092445374 0.843772947788239 0.83555656671524 0.816728532314301 0.772710263729095 0.738956212997437 0.691350638866425
0.42193740606308 0.397751420736313 0.43433278799057 0.502389848232269 0.460921704769135 0.458280593156815 0.451279193162918 0.502702355384827 0.586564123630524 0.62068122625351 0.60703432559967 0.71006053686142 0.845110893249512 0.756888687610626 0.758589208126068 0.90278148651123 0.902444899082184 0.825294256210327 0.628622651100159 0.563293814659119 0.730699121952057 0.713178396224976 0.785155892372131 0.732337057590485 0.670239627361298
0.375231623649597 0.375690937042236 0.440082252025604 0.457893311977386 0.44966584444046 0.440253853797913 0.472972482442856 0.49742978811264 0.521166622638702 0.639135241508484 0.685742318630219 0.791039168834686 0.855585038661957 0.769189953804016 0.83427757024765 0.708479344844818 0.624419510364532 0.685686707496643 0.70669287443161 0.741165459156036 0.788803517818451 0.732694387435913 0.749659895896912 0.725001096725464 0.716562628746033
0.385331362485886 0.399227261543274 0.441614001989365 0.456887096166611 0.45476108789444 0.450584083795547 0.541042566299438 0.562606275081635 0.510830640792847 0.711626172065735 0.752047300338745 0.814085841178894 0.73730057477951 0.805516362190247 0.87889838218689 0.861672639846802 0.876978933811188 0.853969216346741 0.732418060302734 0.772042095661163 0.783102810382843 0.778982579708099 0.756805181503296 0.729823410511017 0.711676359176636
0.443267822265625 0.415895849466324 0.459863632917404 0.484484016895294 0.474954307079315 0.43364691734314 0.53031861782074 0.523155331611633 0.584140002727509 0.711960434913635 0.704595565795898 0.666213691234589 0.789809286594391 0.832223355770111 0.876481711864471 0.858552038669586 0.853147625923157 0.804151833057404 0.844738364219666 0.793437063694 0.759097695350647 0.755943238735199 0.735236048698425 0.739515960216522 0.741667747497559
0.49023574590683 0.480108916759491 0.448484718799591 0.515814363956451 0.454558998346329 0.465390235185623 0.507122457027435 0.59063595533371 0.571576476097107 0.672329902648926 0.672564446926117 0.752281010150909 0.732421517372131 0.85297566652298 0.830881416797638 0.822013080120087 0.832535088062286 0.836434125900269 0.828617930412292 0.790861845016479 0.772925555706024 0.755804359912872 0.748650133609772 0.613108098506927 0.624614536762238
0.495122462511063 0.497953653335571 0.508022665977478 0.487039387226105 0.468956083059311 0.491102308034897 0.527347683906555 0.483629822731018 0.569276869297028 0.631923079490662 0.708380937576294 0.767179250717163 0.810464084148407 0.812851369380951 0.788373231887817 0.847652852535248 0.845127761363983 0.839049994945526 0.817788183689117 0.78348571062088 0.742316842079163 0.748830854892731 0.566025078296661 0.544282376766205 0.548791885375977
0.588418900966644 0.582992196083069 0.498158097267151 0.540922284126282 0.552225291728973 0.493067294359207 0.52752411365509 0.525701820850372 0.575733840465546 0.622186303138733 0.66285240650177 0.707911968231201 0.770773410797119 0.818441092967987 0.822202444076538 0.828738927841187 0.839162290096283 0.814652562141418 0.779110133647919 0.774698257446289 0.730651915073395 0.709434151649475 0.703497707843781 0.678214311599731 0.436412692070007
0.604845941066742 0.6258225440979 0.609111309051514 0.585163235664368 0.555338978767395 0.599660634994507 0.562633395195007 0.543949067592621 0.582456707954407 0.654157936573029 0.648058235645294 0.729043900966644 0.754037201404572 0.790302336215973 0.830478072166443 0.812070488929749 0.809571504592896 0.79208642244339 0.767099261283875 0.732297837734222 0.697059512138367 0.685490667819977 0.676452934741974 0.569999217987061 0.497102916240692
0.644357860088348 0.457741171121597 0.670073330402374 0.386547386646271 0.66991513967514 0.665333926677704 0.623358845710754 0.568197071552277 0.636910736560822 0.621570765972137 0.619292020797729 0.657834231853485 0.737656354904175 0.770858883857727 0.79482114315033 0.799848556518555 0.793271660804749 0.769357919692993 0.735727488994598 0.557721316814423 0.674902677536011 0.574876010417938 0.435171693563461 0.338645905256271 0.278102725744247
0.425021886825562 0.435967743396759 0.433001339435577 0.44588714838028 0.482808083295822 0.439556330442429 0.474532037973404 0.414102733135223 0.648170232772827 0.610023200511932 0.671535909175873 0.727676451206207 0.777350664138794 0.78434419631958 0.788859665393829 0.753670573234558 0.765078008174896 0.728814423084259 0.716287732124329 0.685573518276215 0.663976430892944 0.656329154968262 0.557677268981934 0.473049074411392 0.41049712896347
0.48035141825676 0.503175735473633 0.469602704048157 0.520464301109314 0.498561710119247 0.510495185852051 0.47683846950531 0.478176087141037 0.426022440195084 0.435183942317963 0.667792797088623 0.720040440559387 0.756650507450104 0.78330796957016 0.767926633358002 0.744217753410339 0.73283576965332 0.719587087631226 0.683749377727509 0.631485342979431 0.61964625120163 0.530801355838776 0.503372669219971 0.42385196685791 0.325931638479233
0.566036462783813 0.593118667602539 0.461377143859863 0.509604871273041 0.54356861114502 0.514006614685059 0.484649330377579 0.468852430582047 0.521181881427765 0.453523129224777 0.426027923822403 0.427247881889343 0.723872065544128 0.743781566619873 0.723941385746002 0.710858464241028 0.680084943771362 0.664272129535675 0.646307170391083 0.596942722797394 0.478327184915543 0.425328999757767 0.359573483467102 0.259274274110794 0.188549935817719
0.522535145282745 0.538533985614777 0.54411792755127 0.591116905212402 0.612439930438995 0.539913952350616 0.575582444667816 0.562246859073639 0.730136036872864 0.554240763187408 0.485860198736191 0.410369038581848 0.685603320598602 0.645840466022491 0.706051290035248 0.7004035115242 0.681377947330475 0.654286086559296 0.445822328329086 0.593820333480835 0.486730933189392 0.400765955448151 0.286221861839294 0.194856092333794 0.164533823728561
0.575287878513336 0.573052942752838 0.60727846622467 0.555808246135712 0.565002262592316 0.577920019626617 0.599127769470215 0.59332287311554 0.597351729869843 0.817419290542603 0.763648927211761 0.719124853610992 0.652414739131927 0.662830531597137 0.661884963512421 0.643237054347992 0.635450661182404 0.59335070848465 0.423886299133301 0.539285182952881 0.423230528831482 0.337656319141388 0.283655017614365 0.222160309553146 0.182053416967392
0.592225670814514 0.580458521842957 0.611947774887085 0.62322735786438 0.62086021900177 0.619014084339142 0.692445278167725 0.633323431015015 0.616230309009552 0.754402756690979 0.774270296096802 0.723197162151337 0.688166081905365 0.651551008224487 0.648952126502991 0.638611257076263 0.597766816616058 0.582933783531189 0.388892233371735 0.529891014099121 0.395845025777817 0.278552830219269 0.259873747825623 0.19874681532383 0.151443421840668
0.639343917369843 0.648671090602875 0.674234688282013 0.681815683841705 0.64368063211441 0.672007977962494 0.718568980693817 0.892170667648315 0.849014759063721 0.81152206659317 0.675255119800568 0.718253970146179 0.717186570167542 0.644163370132446 0.628407537937164 0.601518452167511 0.575361549854279 0.554954588413239 0.512828648090363 0.335781455039978 0.241745814681053 0.287995278835297 0.156170502305031 0.179395318031311 0.131112053990364
0.624663770198822 0.646685123443604 0.661899626255035 0.690839171409607 0.750671088695526 0.739892721176147 0.70689582824707 0.663189947605133 0.858455538749695 0.810739874839783 0.821694731712341 0.793534815311432 0.756032824516296 0.587388575077057 0.578928232192993 0.526131093502045 0.528718650341034 0.500558435916901 0.470871239900589 0.281557500362396 0.212405055761337 0.163293436169624 0.187734872102737 0.128875643014908 0.0930860117077827
0.69295459985733 0.720267295837402 0.741530120372772 0.699961721897125 0.765591502189636 0.791589081287384 0.719549357891083 0.893069267272949 0.908329844474792 0.871746420860291 0.832490265369415 0.839423716068268 0.744003236293793 0.638278484344482 0.612723171710968 0.536856651306152 0.512264788150787 0.314445674419403 0.272804796695709 0.236588254570961 0.263960987329483 0.202159434556961 0.155915111303329 0.112811885774136 0.0836973786354065
0.686246037483215 0.727629661560059 0.744615733623505 0.78775680065155 0.776151239871979 0.802074313163757 0.769430220127106 0.729816019535065 0.906672894954681 0.868529617786407 0.828565657138824 0.835733830928802 0.811111807823181 0.6959228515625 0.614919304847717 0.523229777812958 0.463622272014618 0.31555449962616 0.371854603290558 0.313174068927765 0.233407899737358 0.182007521390915 0.138639658689499 0.106372244656086 0.0734999626874924
0.691323518753052 0.722340226173401 0.754226088523865 0.7855104804039 0.796063780784607 0.845104932785034 0.770341694355011 0.934328734874725 0.904942035675049 0.918151438236237 0.881174802780151 0.893364250659943 0.787460267543793 0.488267868757248 0.556435585021973 0.499175369739532 0.305526494979858 0.289328664541245 0.356104522943497 0.276097148656845 0.221176207065582 0.155515179038048 0.116909563541412 0.0893994644284248 0.0694925040006638
0.671470820903778 0.824954986572266 0.762150645256042 0.776006937026978 0.825397133827209 0.855056941509247 0.76101553440094 0.930793285369873 0.905807733535767 0.923588812351227 0.933955609798431 0.869556903839111 0.778262197971344 0.673136532306671 0.651065945625305 0.469595551490784 0.416549235582352 0.271707981824875 0.315075725317001 0.252036541700363 0.205844074487686 0.1396843791008 0.0996292531490326 0.0684476494789124 0.0520541220903397
0.678163230419159 0.710509836673737 0.822123467922211 0.808504283428192 0.855530977249146 0.810376524925232 0.841384410858154 0.939306199550629 0.901978492736816 0.925686776638031 0.930946588516235 0.907644748687744 0.839130580425262 0.697720289230347 0.509604036808014 0.42360582947731 0.38284832239151 0.238010555505753 0.192606270313263 0.145698919892311 0.156629234552383 0.123301796615124 0.0922795012593269 0.0630971342325211 0.0488019660115242
0.676342070102692 0.734116733074188 0.857340097427368 0.810740232467651 0.821509718894958 0.879730105400085 0.856723725795746 0.968101918697357 0.947706401348114 0.896749556064606 0.962074100971222 0.65290093421936 0.827733755111694 0.729598045349121 0.709320902824402 0.489168405532837 0.383593380451202 0.320088058710098 0.2575763463974 0.125848099589348 0.153874918818474 0.0713130086660385 0.048295758664608 0.0318399667739868 0.0230273343622684
0.715458631515503 0.836984515190125 0.835416853427887 0.880926787853241 0.847689509391785 0.874423503875732 0.85052877664566 0.821597874164581 0.778626799583435 0.913121342658997 0.936410248279572 0.910340487957001 0.634224057197571 0.78214418888092 0.55772340297699 0.250232368707657 0.226862236857414 0.189731776714325 0.143948078155518 0.112095765769482 0.0834495276212692 0.107398323714733 0.0764476731419563 0.0536409839987755 0.0349662117660046
0.697348356246948 0.764133155345917 0.861846446990967 0.849309623241425 0.870380997657776 0.886256992816925 0.833169043064117 0.867007493972778 0.827399015426636 0.957140862941742 0.963087141513824 0.909291923046112 0.882143020629883 0.647084832191467 0.647900283336639 0.418141484260559 0.229661107063293 0.186881721019745 0.148890614509583 0.101578332483768 0.135372638702393 0.106787003576756 0.0683973357081413 0.049640778452158 0.0324758440256119
0.710124671459198 0.761164367198944 0.873748898506165 0.893963873386383 0.867417573928833 0.881609916687012 0.861702024936676 0.854428708553314 0.822556018829346 0.859433591365814 0.745530664920807 0.721926391124725 0.851468086242676 0.79508376121521 0.747872889041901 0.254237711429596 0.218011021614075 0.18284022808075 0.233436495065689 0.166223004460335 0.1086715310812 0.0854947865009308 0.0595435984432697 0.0407691299915314 0.0315277427434921
0.712918221950531 0.748853802680969 0.767582178115845 0.896815121173859 0.866328477859497 0.887771368026733 0.844818353652954 0.854868412017822 0.854768455028534 0.846945941448212 0.780306279659271 0.727272093296051 0.678342342376709 0.543880462646484 0.424748867750168 0.583627223968506 0.18601131439209 0.338377207517624 0.206109747290611 0.17235204577446 0.11153905838728 0.0931329131126404 0.0777227729558945 0.0564454533159733 0.0386200323700905
0.659293472766876 0.711280405521393 0.7630375623703 0.876778244972229 0.870984613895416 0.890545010566711 0.871487081050873 0.837780714035034 0.874901592731476 0.821901142597198 0.777609169483185 0.904345691204071 0.826582670211792 0.548211812973022 0.285522103309631 0.232800468802452 0.216681733727455 0.266133785247803 0.197538301348686 0.134852960705757 0.111453242599964 0.0793562680482864 0.116753049194813 0.0655772164463997 0.0327392891049385
0.65996927022934 0.748622179031372 0.793495535850525 0.90744286775589 0.868676006793976 0.876328885555267 0.835319876670837 0.869614779949188 0.886163115501404 0.826670467853546 0.757421374320984 0.629863858222961 0.60589861869812 0.457778632640839 0.29993736743927 0.497649103403091 0.386189639568329 0.15838535130024 0.211406528949738 0.128570929169655 0.0956830009818077 0.0859913155436516 0.0597073584794998 0.0610150396823883 0.0425812378525734
0.68367725610733 0.716721475124359 0.737737715244293 0.885572791099548 0.913412630558014 0.879246890544891 0.828651666641235 0.819580793380737 0.818741142749786 0.765832006931305 0.666353106498718 0.647766053676605 0.800407230854034 0.655315816402435 0.620208263397217 0.48931947350502 0.39820721745491 0.268851846456528 0.158139988780022 0.147164463996887 0.100990854203701 0.075070396065712 0.0465292073786259 0.0365394577383995 0.0185053627938032
0.704085230827332 0.758655309677124 0.751131951808929 0.900041818618774 0.876486361026764 0.856215298175812 0.84838479757309 0.780199289321899 0.815719127655029 0.750535845756531 0.807276785373688 0.677730321884155 0.809562981128693 0.656104266643524 0.647241532802582 0.445681124925613 0.350464522838593 0.26500529050827 0.155733212828636 0.124440774321556 0.0762020796537399 0.0732864215970039 0.060387346893549 0.0335858948528767 0.0272503234446049
0.68532806634903 0.734001517295837 0.745241820812225 0.870804488658905 0.811511099338531 0.815072238445282 0.845523953437805 0.796269237995148 0.858396530151367 0.72145140171051 0.63684356212616 0.511690080165863 0.464610129594803 0.383785516023636 0.620378851890564 0.34262752532959 0.367763131856918 0.334875762462616 0.191729679703712 0.109253689646721 0.0714111551642418 0.0643062144517899 0.0445584319531918 0.0361386314034462 0.0277098659425974
0.725559711456299 0.769891977310181 0.781906366348267 0.869929432868958 0.852295160293579 0.833130419254303 0.823349356651306 0.765273630619049 0.758938670158386 0.818405330181122 0.719621002674103 0.558578014373779 0.511480510234833 0.389531493186951 0.450817316770554 0.202250108122826 0.352553486824036 0.227517947554588 0.186920776963234 0.0955671966075897 0.0772333294153214 0.0605247616767883 0.0501440651714802 0.0315221920609474 0.0269700940698385
0.690696179866791 0.784778118133545 0.830664217472076 0.872807443141937 0.855909466743469 0.876568496227264 0.84274297952652 0.853046596050262 0.702201128005981 0.721657872200012 0.667608857154846 0.528347253799438 0.421368271112442 0.277302354574203 0.498149991035461 0.271039724349976 0.260700672864914 0.150324791669846 0.129587739706039 0.116086199879646 0.0757959634065628 0.0469635650515556 0.0446936003863811 0.0333083234727383 0.0266938358545303
