data/climate_estimation/maxent_output/Philesia_magellanica.asc
NCOLS 25 
NROWS 152 
XLLCORNER -74.25 
YLLCORNER -52.0833333333333 
CELLSIZE 0.0833333333333331 
NODATA_value -3.4e+38 
[rows 105 to 139 of 152, columns 0 to 24 of 25]
0.663973391056061 0.767767310142517 0.822053670883179 0.879123866558075 0.87909197807312 0.899261593818665 0.857646942138672 0.869727373123169 0.718970537185669 0.610174119472504 0.624870538711548 0.440538614988327 0.419724673032761 0.474708378314972 0.372918456792831 0.388039708137512 0.333307683467865 0.218546167016029 0.122099496424198 0.107473902404308 0.0838233754038811 0.0648254901170731 0.0374536104500294 0.0188094042241573 0.0165718551725149
0.636167883872986 0.78824108839035 0.806665003299713 0.854581773281097 0.857487320899963 0.900928378105164 0.861726582050323 0.850495398044586 0.808811545372009 0.626570880413055 0.58890426158905 0.450027674436569 0.377404123544693 0.503078758716583 0.335113704204559 0.296941548585892 0.288629025220871 0.168182268738747 0.149531960487366 0.0667124316096306 0.0505532026290894 0.0360520519316196 0.035694919526577 0.0197697784751654 0.0128406602889299
0.666346788406372 0.772564351558685 0.809010446071625 0.769562304019928 0.877210676670074 0.888707160949707 0.863478422164917 0.907654643058777 0.84129410982132 0.738962113857269 0.708654224872589 0.431732296943665 0.668352484703064 0.528329372406006 0.380399942398071 0.226596027612686 0.178313761949539 0.221072390675545 0.145482584834099 0.0634156614542007 0.0442872159183025 0.0498180910944939 0.0448234155774117 0.0301781818270683 0.0131859425455332
0.691303789615631 0.729910373687744 0.745351433753967 0.741889774799347 0.87970370054245 0.896227777004242 0.89661318063736 0.856834828853607 0.856193661689758 0.873192548751831 0.77670431137085 0.639287114143372 0.703459620475769 0.705966651439667 0.31855720281601 0.28029653429985 0.184064030647278 0.122808404266834 0.122908607125282 0.0626917108893394 0.0502719171345234 0.0559347756206989 0.066919669508934 0.0380776189267635 0.0178576949983835
0.746576547622681 0.745447099208832 0.733293831348419 0.738989174365997 0.903063654899597 0.865962982177734 0.897752583026886 0.864786505699158 0.875991106033325 0.814807713031769 0.791504323482513 0.868936598300934 0.8470578789711 0.73091733455658 0.507950961589813 0.317707657814026 0.27030423283577 0.108218640089035 0.112230971455574 0.0820507854223251 0.0502811782062054 0.0591322183609009 0.0585333406925201 0.0410573594272137 0.0261325780302286
0.662265181541443 0.758699595928192 0.777450859546661 0.791383922100067 0.859301626682281 0.846749722957611 0.907329142093658 0.867480635643005 0.884926199913025 0.869678199291229 0.772167205810547 0.652333378791809 0.702968418598175 0.527395248413086 0.510159134864807 0.294845253229141 0.36868354678154 0.104555070400238 0.143090337514877 0.0810939967632294 0.0434407219290733 0.0522086508572102 0.0510528162121773 0.0438492186367512 0.0274062659591436
0.582657217979431 0.72483903169632 0.743809938430786 0.753751754760742 0.893609285354614 0.876189172267914 0.910571813583374 0.872952938079834 0.888888120651245 0.807582259178162 0.771470785140991 0.760238707065582 0.440311104059219 0.517090857028961 0.295687735080719 0.221541807055473 0.241820380091667 0.103864811360836 0.149323105812073 0.105217903852463 0.0420379154384136 0.0546743273735046 0.03929802775383 0.0467189699411392 0.0276994556188583
0.550463855266571 0.691907048225403 0.722442984580994 0.81118768453598 0.858996748924255 0.892703652381897 0.903491675853729 0.874902784824371 0.877949655056 0.808843910694122 0.762624979019165 0.629946112632751 0.828465282917023 0.686838567256927 0.38695102930069 0.204229608178139 0.127629280090332 0.0907392799854279 0.104337178170681 0.113093443214893 0.0389025658369064 0.0264965631067753 0.0478226765990257 0.0338015854358673 0.0245481096208096
0.591299593448639 0.612205028533936 0.698502779006958 0.812196314334869 0.864561319351196 0.884595453739166 0.905808329582214 0.877942681312561 0.88287365436554 0.851889789104462 0.732215344905853 0.575817108154297 0.37017884850502 0.489781469106674 0.222396239638329 0.173590213060379 0.194588899612427 0.131984263658524 0.0669704303145409 0.0457913242280483 0.033501248806715 0.0240179337561131 0.0223197415471077 0.0200210567563772 0.0152057623490691
0.607564806938171 0.648389756679535 0.701311051845551 0.805010318756104 0.829226315021515 0.883629739284515 0.919564425945282 0.881228506565094 0.891761958599091 0.8031285405159 0.739652454853058 0.704730689525604 0.783533573150635 0.378790020942688 0.295107215642929 0.228806793689728 0.248093605041504 0.156900674104691 0.0922985002398491 0.0824922397732735 0.0289346724748611 0.0214010123163462 0.0139631051570177 0.0128562655299902 0.0121486270800233
0.629821479320526 0.689591228961945 0.679008305072784 0.758532345294952 0.841483414173126 0.869424939155579 0.885374128818512 0.877983868122101 0.796438217163086 0.798179924488068 0.76747989654541 0.741193473339081 0.574158072471619 0.505639135837555 0.452049046754837 0.444621413946152 0.169921591877937 0.190970301628113 0.106668271124363 0.0780712813138962 0.0336370393633842 0.0277115050703287 0.0161677896976471 0.0127397011965513 0.00859557650983334
0.543508410453796 0.66580855846405 0.732069194316864 0.704687297344208 0.863379716873169 0.883468270301819 0.910738050937653 0.884441077709198 0.89008355140686 0.818323791027069 0.769424617290497 0.715491414070129 0.566314101219177 0.55356639623642 0.654024720191956 0.217825174331665 0.315237104892731 0.319992005825043 0.159250631928444 0.0947668850421906 0.0458311140537262 0.0172542277723551 0.0129397353157401 0.00934315007179976 0.00637756753712893
0.513166487216949 0.617410838603973 0.706923723220825 0.703026592731476 0.688802659511566 0.892968535423279 0.917895555496216 0.884654641151428 0.874297797679901 0.812476515769958 0.771420657634735 0.706945657730103 0.563016176223755 0.501552641391754 0.472088724374771 0.177779361605644 0.172550946474075 0.196265384554863 0.159287080168724 0.146513417363167 0.0664385482668877 0.0255586970597506 0.0146354539319873 0.0109812757000327 0.00708529260009527
0.563522398471832 0.604235112667084 0.647588789463043 0.696584761142731 0.672443985939026 0.895074963569641 0.91299295425415 0.889358401298523 0.88795018196106 0.696631669998169 0.708017289638519 0.702840745449066 0.552299916744232 0.557613909244537 0.583123385906219 0.230844110250473 0.118151098489761 0.186810865998268 0.220579281449318 0.132230162620544 0.0921299383044243 0.0525820702314377 0.0452321618795395 0.0339265055954456 0.0205745100975037
0.56525844335556 0.537522256374359 0.611833214759827 0.668555736541748 0.666555821895599 0.863553285598755 0.916865885257721 0.890610873699188 0.890300333499908 0.770431995391846 0.770952701568604 0.586849451065063 0.519631803035736 0.502902567386627 0.555159032344818 0.228381931781769 0.0978726297616959 0.0800717771053314 0.0690758749842644 0.0850968062877655 0.0939964652061462 0.0637247264385223 0.0552480965852737 0.0387554802000523 0.0183823239058256
0.555517733097076 0.509669303894043 0.606810688972473 0.675527930259705 0.707656741142273 0.903684496879578 0.920466482639313 0.892588019371033 0.890875995159149 0.82798820734024 0.717745304107666 0.645418703556061 0.395700931549072 0.252026289701462 0.353619456291199 0.157959431409836 0.0805862247943878 0.056745108217001 0.0391981303691864 0.0314930379390717 0.0313401184976101 0.0604487806558609 0.0367169342935085 0.0224480293691158 0.0144029334187508
0.475265383720398 0.506026744842529 0.632783591747284 0.624355256557465 0.64948558807373 0.86539363861084 0.92237114906311 0.886979818344116 0.876182496547699 0.865135848522186 0.745400130748749 0.675424695014954 0.517846584320068 0.318987339735031 0.280921041965485 0.0645048841834068 0.0748050436377525 0.0513896308839321 0.0378476679325104 0.0258941985666752 0.0185768827795982 0.0139114912599325 0.0121057983487844 0.00920391734689474 0.0078241229057312
0.436417996883392 0.591227769851685 0.625289559364319 0.653256952762604 0.641404390335083 0.879096031188965 0.913101971149445 0.924735367298126 0.89380145072937 0.821482717990875 0.731731474399567 0.671719610691071 0.631202936172485 0.486157178878784 0.312315672636032 0.280225366353989 0.0714545696973801 0.0511341728270054 0.0353915877640247 0.0255396347492933 0.0177368000149727 0.0123642645776272 0.00867048557847738 0.00687240902334452 0.00508110085502267
0.451028674840927 0.595959722995758 0.616665601730347 0.659606039524078 0.701759874820709 0.68196839094162 0.875057995319366 0.908225178718567 0.893004894256592 0.883039176464081 0.725499033927917 0.6448974609375 0.595429003238678 0.479445159435272 0.271363168954849 0.304372578859329 0.160301432013512 0.0821697041392326 0.0545092895627022 0.0292444359511137 0.018236780539155 0.0118837086483836 0.00793185736984015 0.00619082618504763 0.00483076181262732
0.442911475896835 0.500935733318329 0.635734856128693 0.666879713535309 0.727564871311188 0.726205825805664 0.91584849357605 0.894512832164764 0.893925726413727 0.836778581142426 0.785607278347015 0.575623095035553 0.475481510162354 0.475464105606079 0.49186384677887 0.326123893260956 0.312651842832565 0.12125737965107 0.053775817155838 0.0340276993811131 0.0339090712368488 0.0178392920643091 0.0124946739524603 0.00810842961072922 0.00528583768755198
0.419012904167175 0.512912392616272 0.660556256771088 0.681092917919159 0.680464684963226 0.756189584732056 0.69129866361618 0.886891007423401 0.882449805736542 0.835662662982941 0.75923877954483 0.480593234300613 0.341482311487198 0.235613375902176 0.458150565624237 0.428998500108719 0.199990049004555 0.11147890239954 0.067349374294281 0.0430614314973354 0.0233106315135956 0.0167039278894663 0.0103568434715271 0.0078992610797286 0.00546533847227693
0.399024039506912 0.490498065948486 0.576352953910828 0.672984898090363 0.704679489135742 0.765553116798401 0.699041664600372 0.692033648490906 0.58537220954895 0.817113935947418 0.796761631965637 0.435311585664749 0.307603985071182 0.226628810167313 0.409831583499908 0.40513026714325 0.287543118000031 0.103044047951698 0.0660955980420113 0.0474455803632736 0.0313271582126617 0.0265087746083736 0.0130374580621719 0.00684246746823192 0.00501026259735227
0.427242010831833 0.507192313671112 0.545873880386353 0.655603647232056 0.690688192844391 0.69080126285553 0.695728719234467 0.706312894821167 0.810516953468323 0.802043676376343 0.83337414264679 0.483795374631882 0.288019716739655 0.215674087405205 0.357057362794876 0.416210055351257 0.225900575518608 0.149974912405014 0.0782092958688736 0.118487648665905 0.0384770520031452 0.021969135850668 0.0103487269952893 0.00665452890098095 0.00611723912879825
0.412756443023682 0.49707880616188 0.583904802799225 0.679100275039673 0.673844277858734 0.690922200679779 0.695070207118988 0.602664768695831 0.590962707996368 0.854628920555115 0.728303253650665 0.557922422885895 0.351648718118668 0.248845934867859 0.231796413660049 0.391834765672684 0.345433294773102 0.190194323658943 0.039695430546999 0.0311108771711588 0.023434042930603 0.0147976772859693 0.0108870454132557 0.00789805594831705 0.00529399840161204
0.347421109676361 0.494030654430389 0.552574872970581 0.608889818191528 0.675456881523132 0.679658830165863 0.699475049972534 0.714478433132172 0.610602200031281 0.61654394865036 0.857499897480011 0.563446164131165 0.604450106620789 0.449014157056808 0.198853433132172 0.100953429937363 0.0981297269463539 0.0377091877162457 0.0256499256938696 0.0139870187267661 0.010503233410418 0.0067451186478138 0.00564653892070055 0.00483525637537241 0.00414612470194697
0.362727701663971 0.484912365674973 0.594128310680389 0.598149657249451 0.714276015758514 0.753497064113617 0.763561069965363 0.709099054336548 0.614812791347504 0.897355914115906 0.83216667175293 0.670942842960358 0.534409999847412 0.417354613542557 0.435470968484879 0.18613301217556 0.0526220090687275 0.0387875959277153 0.02397570759058 0.0153673496097326 0.00942708924412727 0.00740134576335549 0.00574959721416235 0.00468246452510357 0.00388946430757642
0.323030412197113 0.498901516199112 0.570332467556 0.600393712520599 0.640163123607635 0.686933636665344 0.844219565391541 0.901641130447388 0.908274710178375 0.873630225658417 0.701686441898346 0.715914845466614 0.730124592781067 0.407737612724304 0.248531833291054 0.353586167097092 0.200661912560463 0.101121373474598 0.0250674821436405 0.0236140824854374 0.0109818959608674 0.00833110697567463 0.00771648017689586 0.00685117533430457 0.00612555583938956
0.312632769346237 0.471454530954361 0.553319752216339 0.583432555198669 0.649521589279175 0.743587076663971 0.793092012405396 0.783608317375183 0.890231132507324 0.893152296543121 0.888122618198395 0.776487290859222 0.648742258548737 0.471126466989517 0.25476747751236 0.304561108350754 0.187051400542259 0.0888609439134598 0.0249979812651873 0.0182849448174238 0.0201203469187021 0.0162256974726915 0.0185485370457172 0.0193136464804411 0.0147531246766448
0.33121332526207 0.425741225481033 0.577941417694092 0.59023129940033 0.689807951450348 0.784260213375092 0.792114675045013 0.84220814704895 0.898495078086853 0.903595805168152 0.826269268989563 0.822386205196381 0.739611268043518 0.581945061683655 0.475772053003311 0.168251305818558 0.0707488209009171 0.066819041967392 0.071504183113575 0.114097349345684 0.0915557816624641 0.0440971851348877 0.0214688237756491 0.0153993377462029 0.0174910929054022
0.328032195568085 0.467170894145966 0.521593749523163 0.600460946559906 0.624331057071686 0.785079121589661 0.755299627780914 0.808644831180573 0.85879373550415 0.893894910812378 0.892698585987091 0.585555016994476 0.801188170909882 0.713748037815094 0.508335947990417 0.14501379430294 0.18133307993412 0.135870695114136 0.122290454804897 0.0748167559504509 0.115464985370636 0.127216562628746 0.0561446733772755 0.0366268903017044 0.028629956766963
0.324644476175308 0.450926244258881 0.504583418369293 0.585464835166931 0.628848016262054 0.793028116226196 0.808770775794983 0.794555068016052 0.819147884845734 0.883091747760773 0.866483390331268 0.824407815933228 0.752626597881317 0.562181174755096 0.38437157869339 0.364081472158432 0.352888971567154 0.139568075537682 0.146258369088173 0.148192167282104 0.073919877409935 0.0450540743768215 0.0436293929815292 0.0581793114542961 0.0284846648573875
0.327731788158417 0.44108909368515 0.52033406496048 0.544829249382019 0.756316661834717 0.774076521396637 0.805343270301819 0.781071245670319 0.784024655818939 0.578057706356049 0.589876890182495 0.852330386638641 0.761282742023468 0.493954300880432 0.564233243465424 0.45310965180397 0.320385128259659 0.17180609703064 0.0727174431085587 0.0840917602181435 0.0401292778551579 0.0476976856589317 0.0353976935148239 0.0556740164756775 0.0492422617971897
0.390086710453033 0.462739586830139 0.506513357162476 0.506664872169495 0.724188983440399 0.764503836631775 0.808569610118866 0.776732385158539 0.593889892101288 0.593163430690765 0.894772469997406 0.813831984996796 0.701793789863586 0.593541324138641 0.395295172929764 0.373376786708832 0.12451097369194 0.0782717242836952 0.0399841368198395 0.0555128045380116 0.0515589900314808 0.0224760808050632 0.0130991172045469 0.00618643406778574 0.00474977493286133
0.404059678316116 0.450488984584808 0.496035665273666 0.520859837532043 0.742586672306061 0.744447410106659 0.776180863380432 0.760758101940155 0.790607810020447 0.803501427173615 0.895020306110382 0.74856424331665 0.697517156600952 0.691421389579773 0.665647685527802 0.599217355251312 0.17242643237114 0.0833713337779045 0.045203372836113 0.0221506413072348 0.0139995655044913 0.00856299977749586 0.00660233711823821 0.0051920460537076 0.00463946117088199
0.399990856647491 0.447517096996307 0.522847294807434 0.517180144786835 0.760218739509583 0.747190296649933 0.775645792484283 0.759880602359772 0.655693829059601 0.795090079307556 0.882876694202423 0.723439693450928 0.587356209754944 0.60463273525238 0.375377953052521 0.245792403817177 0.135369718074799 0.0869981199502945 0.0467110201716423 0.025878481566906 0.0124241188168526 0.00864605791866779 0.00662890821695328 0.00479806214570999 0.00295465113595128
