data/climate_estimation/maxent_output/Philesia_magellanica.asc
NCOLS 25 
NROWS 152 
XLLCORNER -74.25 
YLLCORNER -52.0833333333333 
CELLSIZE 0.0833333333333331 
NODATA_value -3.4e+38 
[rows 0 to 34 of 152, columns 0 to 24 of 25]
-339999999999999996123846586046231871488.000000000000000 -3.4e+38 -3.4e+38 -3.4e+38 -3.4e+38 -3.4e+38 -3.4e+38 -3.4e+38 -3.4e+38 -3.4e+38 -3.4e+38 0.748551845550537 0.785986483097076 0.745482981204987 0.610972464084625 0.496467739343643 0.559609830379486 0.459309160709381 0.518161654472351 0.67019784450531 0.675179421901703 0.604815125465393 0.614196121692657 0.591127753257751 0.512731313705444
-3.4e+38 -3.4e+38 -3.4e+38 -3.4e+38 -3.4e+38 -3.4e+38 -3.4e+38 -3.4e+38 -3.4e+38 -3.4e+38 -3.4e+38 0.78754848241806 0.844226658344269 0.795946657657623 0.57505339384079 0.439785480499268 0.439760118722916 0.483978509902954 0.696148157119751 0.655237972736359 0.607527196407318 0.565563321113586 0.542807579040527 0.493578165769577 0.409939676523209
-3.4e+38 -3.4e+38 -3.4e+38 -3.4e+38 -3.4e+38 -3.4e+38 -3.4e+38 -3.4e+38 -3.4e+38 -3.4e+38 0.779469192028046 0.846268653869629 0.820722699165344 0.726447761058807 0.624692380428314 0.466775208711624 0.528024733066559 0.548746526241302 0.651539146900177 0.731233179569244 0.652200996875763 0.576641082763672 0.534560978412628 0.454562842845917 0.450339078903198
-3.4e+38 -3.4e+38 -3.4e+38 -3.4e+38 -3.4e+38 -3.4e+38 -3.4e+38 -3.4e+38 -3.4e+38 0.757682502269745 0.810966908931732 0.85314267873764 0.754305720329285 0.672036111354828 0.513305962085724 0.436760187149048 0.419001787900925 0.443501532077789 0.541482925415039 0.563206732273102 0.609109342098236 0.562173366546631 0.539464771747589 0.462369561195374 0.493467450141907
-3.4e+38 -3.4e+38 -3.4e+38 -3.4e+38 -3.4e+38 -3.4e+38 -3.4e+38 -3.4e+38 -3.4e+38 0.731809020042419 0.799688398838043 0.800116837024689 0.746612548828125 0.798595070838928 0.458617657423019 0.379718840122223 0.430866420269012 0.462693929672241 0.475538223981857 0.572440564632416 0.612424194812775 0.590331196784973 0.58159327507019 0.668097913265228 0.652324914932251
-3.4e+38 -3.4e+38 -3.4e+38 -3.4e+38 -3.4e+38 -3.4e+38 -3.4e+38 -3.4e+38 0.668893456459045 0.776806771755219 0.778024733066559 0.796188235282898 0.793360650539398 0.806710958480835 0.791077733039856 0.643743813037872 0.708762228488922 0.419277787208557 0.434767156839371 0.531478583812714 0.563467144966125 0.619095385074615 0.756823778152466 0.580666124820709 0.492910385131836
-3.4e+38 -3.4e+38 -3.4e+38 -3.4e+38 -3.4e+38 -3.4e+38 0.55051726102829 0.662556827068329 0.70737487077713 0.825417578220367 0.824890792369843 0.815570414066315 0.854184567928314 0.742584407329559 0.781092643737793 0.828760087490082 0.678555905818939 0.491125792264938 0.512254059314728 0.530815124511719 0.579257786273956 0.729207515716553 0.811243891716003 0.797779619693756 0.720718801021576
-3.4e+38 -3.4e+38 -3.4e+38 -3.4e+38 -3.4e+38 -3.4e+38 0.541463255882263 0.629708528518677 0.803111791610718 0.869751274585724 0.864456653594971 0.885840952396393 0.879486739635468 0.774321436882019 0.720710575580597 0.627675831317902 0.509204864501953 0.533827066421509 0.523734152317047 0.570960819721222 0.561342716217041 0.66052109003067 0.767349779605865 0.806121289730072 0.716208338737488
-3.4e+38 -3.4e+38 -3.4e+38 -3.4e+38 -3.4e+38 -3.4e+38 0.564336061477661 0.682608127593994 0.88091641664505 0.907251119613647 0.892210304737091 0.867267549037933 0.836986422538757 0.777307629585266 0.784242510795593 0.700221061706543 0.607918977737427 0.546003639698029 0.559704720973969 0.598354935646057 0.527702510356903 0.413999944925308 0.365025550127029 0.575468122959137 0.570306181907654
-3.4e+38 -3.4e+38 -3.4e+38 -3.4e+38 -3.4e+38 -3.4e+38 0.639778971672058 0.755242168903351 0.897718369960785 0.91420042514801 0.911859393119812 0.810150027275085 0.813750207424164 0.739044189453125 0.66735714673996 0.604695796966553 0.633458197116852 0.597984731197357 0.559507369995117 0.562147915363312 0.459794968366623 0.346462160348892 0.304388999938965 0.253877729177475 0.413448333740234
-3.4e+38 -3.4e+38 -3.4e+38 -3.4e+38 -3.4e+38 0.630445301532745 0.782587349414825 0.810192704200745 0.839411199092865 0.809219658374786 0.854196667671204 0.730571031570435 0.703006029129028 0.576492547988892 0.504827201366425 0.511982679367065 0.573708891868591 0.60088187456131 0.619458258152008 0.577925562858582 0.446830868721008 0.342694729566574 0.292970150709152 0.267621904611588 0.2738057076931
-3.4e+38 -3.4e+38 -3.4e+38 -3.4e+38 -3.4e+38 0.647650241851807 0.784605860710144 0.907525777816772 0.886785924434662 0.799107909202576 0.755180239677429 0.66567599773407 0.615638792514801 0.557539224624634 0.559577584266663 0.570014119148254 0.584438323974609 0.601530373096466 0.624353408813477 0.609794080257416 0.533156394958496 0.572265625 0.692068219184875 0.694231927394867 0.401889264583588
-3.4e+38 -3.4e+38 -3.4e+38 -3.4e+38 -3.4e+38 0.673460960388184 0.774475336074829 0.818011701107025 0.866781115531921 0.78892195224762 0.736496984958649 0.638239622116089 0.653838038444519 0.572772562503815 0.611554741859436 0.648817718029022 0.67019522190094 0.650509834289551 0.638920485973358 0.595030963420868 0.542657554149628 0.644482016563416 0.757208347320557 0.851094126701355 0.76518577337265
-3.4e+38 -3.4e+38 -3.4e+38 -3.4e+38 -3.4e+38 0.701535940170288 0.73408442735672 0.810572564601898 0.81079626083374 0.782010138034821 0.735531151294708 0.679459035396576 0.60755729675293 0.599642813205719 0.683786034584045 0.732232093811035 0.752905786037445 0.714159309864044 0.640236556529999 0.573780059814453 0.512153089046478 0.537030100822449 0.711810290813446 0.774471879005432 0.779448449611664
-3.4e+38 -3.4e+38 -3.4e+38 -3.4e+38 0.717169523239136 0.755522191524506 0.829315721988678 0.889597773551941 0.82316392660141 0.807289302349091 0.79365748167038 0.718995749950409 0.650347173213959 0.658437192440033 0.729912221431732 0.798078060150146 0.777506589889526 0.712535798549652 0.622796595096588 0.547725260257721 0.477602928876877 0.417105406522751 0.427931547164917 0.572358965873718 0.544359862804413
-3.4e+38 -3.4e+38 -3.4e+38 -3.4e+38 0.732755422592163 0.774511992931366 0.833635747432709 0.905040442943573 0.874560832977295 0.850464582443237 0.861207842826843 0.766432523727417 0.726345181465149 0.738517582416534 0.769850313663483 0.846182525157928 0.802421987056732 0.74055552482605 0.631385564804077 0.570933878421783 0.462763875722885 0.402915477752686 0.383361518383026 0.499801844358444 0.708232581615448
-3.4e+38 -3.4e+38 -3.4e+38 -3.4e+38 0.759041249752045 0.844012796878815 0.90861701965332 0.932883977890015 0.899277925491333 0.868017792701721 0.839857041835785 0.782361268997192 0.77379298210144 0.802901923656464 0.865805327892303 0.873378157615662 0.848760664463043 0.781207203865051 0.670748233795166 0.548686265945435 0.469617813825607 0.400935918092728 0.508646488189697 0.694470882415771 0.803848564624786
-3.4e+38 -3.4e+38 -3.4e+38 -3.4e+38 0.796883463859558 0.873041450977325 0.920638144016266 0.943815112113953 0.914529860019684 0.880837202072144 0.855053544044495 0.813694894313812 0.818859159946442 0.840395212173462 0.863011300563812 0.897684812545776 0.890154838562012 0.840996265411377 0.735504627227783 0.650133788585663 0.549015462398529 0.460779428482056 0.363172978162766 0.407684296369553 0.275148272514343
-3.4e+38 -3.4e+38 -3.4e+38 0.757949531078339 0.832422316074371 0.912386476993561 0.936008870601654 0.886179268360138 0.8777956366539 0.894976019859314 0.880235910415649 0.876580119132996 0.851579010486603 0.863521456718445 0.894358515739441 0.894177138805389 0.883401572704315 0.887805819511414 0.811651289463043 0.720535516738892 0.682175636291504 0.666872918605804 0.650948345661163 0.790669322013855 0.710537493228912
-3.4e+38 -3.4e+38 -3.4e+38 0.787381947040558 0.878965020179749 0.923943042755127 0.884215831756592 0.850711345672607 0.902093708515167 0.896929919719696 0.890908002853394 0.888860404491425 0.878813743591309 0.888118922710419 0.884405434131622 0.873043775558472 0.85730767250061 0.882986485958099 0.829165875911713 0.763940691947937 0.799490332603455 0.866972684860229 0.724873840808868 0.545060515403748 0.281835049390793
-3.4e+38 -3.4e+38 -3.4e+38 0.781010746955872 0.870682775974274 0.93439769744873 0.866728723049164 0.842649519443512 0.877561151981354 0.880428075790405 0.860152900218964 0.872395992279053 0.862498104572296 0.862193644046783 0.840805232524872 0.793218314647675 0.824899911880493 0.85857480764389 0.845075130462646 0.788474559783936 0.932377696037292 0.810880124568939 0.491714388132095 0.281410753726959 0.53218811750412
-3.4e+38 -3.4e+38 -3.4e+38 -3.4e+38 0.851965129375458 0.90537303686142 0.854109466075897 0.854638040065765 0.851730227470398 0.860399603843689 0.853258788585663 0.854472041130066 0.836393654346466 0.832606852054596 0.819829940795898 0.790880262851715 0.800456941127777 0.845276951789856 0.877012133598328 0.785615026950836 0.673876881599426 0.651074469089508 0.86211770772934 0.509005963802338 0.802434265613556
-3.4e+38 -3.4e+38 -3.4e+38 -3.4e+38 0.809856295585632 0.870022594928741 0.881853103637695 0.871995270252228 0.828303158283234 0.829555451869965 0.824454307556152 0.81050705909729 0.790914833545685 0.770178556442261 0.790069282054901 0.802566409111023 0.813804924488068 0.853008210659027 0.900355577468872 0.929000079631805 0.777747690677643 0.612988889217377 0.613049328327179 0.615253865718842 0.553905785083771
-3.4e+38 -3.4e+38 -3.4e+38 -3.4e+38 0.798980891704559 0.830116808414459 0.85526967048645 0.83308744430542 0.825060546398163 0.825899720191956 0.785621881484985 0.747659027576447 0.726445019245148 0.687620282173157 0.716974854469299 0.772277891635895 0.799337089061737 0.853192687034607 0.919444382190704 0.941691756248474 0.869644463062286 0.827341735363007 0.680412530899048 0.393662333488464 0.786291301250458
-3.4e+38 -3.4e+38 -3.4e+38 -3.4e+38 0.792570173740387 0.811244964599609 0.808163702487946 0.789217293262482 0.806136012077332 0.797156512737274 0.768400907516479 0.738886475563049 0.704843699932098 0.723184943199158 0.713752448558807 0.724112868309021 0.773520112037659 0.82468169927597 0.879028975963593 0.8934366106987 0.856930553913116 0.807063162326813 0.77598637342453 0.480161875486374 0.662348210811615
-3.4e+38 -3.4e+38 -3.4e+38 -3.4e+38 -3.4e+38 0.785540401935577 0.779407143592834 0.774213075637817 0.766797602176666 0.744548439979553 0.743078291416168 0.721290767192841 0.720052182674408 0.714953780174255 0.702491760253906 0.71025824546814 0.727907121181488 0.793590843677521 0.886464357376099 0.916328012943268 0.930053055286407 0.861882030963898 0.758726119995117 0.58547967672348 0.802613198757172
-3.4e+38 -3.4e+38 -3.4e+38 -3.4e+38 -3.4e+38 -3.4e+38 0.780022501945496 0.769516885280609 0.760922372341156 0.73537814617157 0.751596510410309 0.765354871749878 0.756910800933838 0.730233907699585 0.742221176624298 0.750692307949066 -3.4e+38 -3.4e+38 0.813130497932434 0.922569274902344 0.917818903923035 0.887724816799164 0.704062163829803 0.512768626213074 0.487865835428238
-3.4e+38 -3.4e+38 -3.4e+38 -3.4e+38 -3.4e+38 0.798509955406189 0.781280875205994 0.78284478187561 0.773377478122711 0.762026309967041 0.777851343154907 0.774213314056396 0.75767195224762 0.761499345302582 0.765054821968079 0.763917326927185 0.763739407062531 -3.4e+38 0.811411023139954 0.87203460931778 0.808192372322083 0.704934477806091 0.696153342723846 0.599563956260681 0.779994606971741
-3.4e+38 -3.4e+38 0.839274644851685 0.840980291366577 0.827464938163757 -3.4e+38 0.833832919597626 0.821697890758514 0.818220376968384 0.809930324554443 0.781164884567261 0.766201257705688 0.771987676620483 0.745835900306702 0.76307737827301 0.779538512229919 -3.4e+38 0.817003786563873 0.875579476356506 0.940769493579865 0.909070074558258 0.937701106071472 0.964587569236755 0.806276798248291 0.805278718471527
-3.4e+38 -3.4e+38 0.832521438598633 0.849865734577179 0.876490354537964 0.874111771583557 0.864128470420837 0.842161297798157 0.834275841712952 0.827068626880646 -3.4e+38 -3.4e+38 0.778200328350067 0.768703281879425 0.785203099250793 0.791175901889801 0.794645011425018 0.832831561565399 0.902350842952728 0.961305022239685 0.930361807346344 0.889452934265137 0.838839411735535 0.919104218482971 0.86332231760025
-3.4e+38 -3.4e+38 0.865478992462158 0.883464932441711 0.893686830997467 0.88422292470932 0.880005955696106 0.885166764259338 0.861316561698914 -3.4e+38 -3.4e+38 -3.4e+38 -3.4e+38 -3.4e+38 -3.4e+38 -3.4e+38 0.798797726631165 0.816806852817535 0.851682424545288 0.925554037094116 0.892962515354156 0.689463675022125 0.88279139995575 0.89145290851593 0.817858457565308
-3.4e+38 -3.4e+38 0.871530175209045 0.884949505329132 0.893951535224915 0.901062369346619 0.897827684879303 0.897809147834778 0.869376480579376 0.836563646793365 -3.4e+38 -3.4e+38 -3.4e+38 -3.4e+38 -3.4e+38 -3.4e+38 -3.4e+38 0.842178225517273 0.850144505500793 0.818931877613068 0.837201595306396 0.781793117523193 0.933921575546265 0.925891280174255 0.855640470981598
-3.4e+38 0.871158540248871 0.894189417362213 0.914991676807404 0.894322156906128 0.907938182353973 0.909677565097809 0.912471055984497 0.90188068151474 0.823458075523376 0.824586868286133 -3.4e+38 -3.4e+38 -3.4e+38 -3.4e+38 -3.4e+38 -3.4e+38 -3.4e+38 -3.4e+38 0.810740053653717 0.846367835998535 0.815200507640839 0.885459840297699 0.920738220214844 0.822088718414307
0.873367786407471 0.913533985614777 0.931262373924255 0.951773524284363 0.935762822628021 0.911095678806305 0.929886341094971 0.934762597084045 0.921923339366913 0.889237940311432 0.866893231868744 -3.4e+38 -3.4e+38 -3.4e+38 -3.4e+38 -3.4e+38 -3.4e+38 0.863603115081787 0.896110236644745 0.934640407562256 0.92180609703064 0.837361097335815 0.800548791885376 0.856772780418396 0.802994608879089
0.880405783653259 0.939038574695587 0.960006833076477 0.969110012054443 0.968637704849243 0.936287522315979 0.927567183971405 0.937349557876587 0.927869498729706 0.904145240783691 0.887511968612671 0.859362542629242 0.835582137107849 0.855044603347778 0.871782183647156 -3.4e+38 0.862316846847534 0.881011009216309 0.923262715339661 0.972221910953522 0.928238928318024 0.849084734916687 0.8439701795578 0.89519214630127 0.782575190067291
