data/climate_estimation/maxent_output/Prosartes_trachycarpa.asc
NCOLS 607 
NROWS 333 
XLLCORNER -132.833333333333 
YLLCORNER 30.75 
CELLSIZE 0.0833333333333333 
NODATA_value -3.4e+38 
[rows 220 to 239 of 333, columns 138 to 183 of 607]
0.0298139341175556 0.0106580257415771 0.0104861613363028 0.0918195471167564 0.0179961584508419 0.00911925546824932 0.0462624169886112 0.382406443357468 0.337210237979889 0.4030981361866 0.543211698532104 0.485486596822739 0.30552276968956 0.106116332113743 0.0853243470191956 0.0716330111026764 0.0586852356791496 0.0565472804009914 0.118419662117958 0.0268377102911472 0.0184199102222919 0.0153372809290886 0.205599144101143 0.0243541672825813 0.0304524656385183 0.163961261510849 0.18432529270649 0.0358942002058029 0.0045501203276217 0.00503132399171591 0.0549355149269104 0.0859646499156952 0.00622137915343046 0.00476710544899106 0.00425162119790912 0.0182738676667213 0.016658628359437 0.0109544824808836 0.00977589748799801 0.0028909316752106 0.00700439419597387 0.0384778380393982 0.0464674420654774 0.00532464869320393 0.00398207362741232 0.00493877939879894
0.00945902243256569 0.00146220822352916 0.00636717537418008 0.00527113908901811 0.00991160795092583 0.077160507440567 0.113875426352024 0.0606553852558136 0.304508894681931 0.375362694263458 0.496782779693604 0.608178377151489 0.641265749931335 0.616845607757568 0.1426000893116 0.281066685914993 0.273027122020721 0.308359116315842 0.709580957889557 0.205551818013191 0.0194629114121199 0.0151798315346241 0.0763076394796371 0.0125371608883142 0.0280257388949394 0.152931541204453 0.104491747915745 0.0515418313443661 0.0131416143849492 0.00580808753147721 0.0549882352352142 0.0202805250883102 0.00171152898110449 0.00147037499118596 0.00451097916811705 0.0203474313020706 0.00385920214466751 0.00376822287216783 0.00975538231432438 0.0233029443770647 0.121102437376976 0.152784138917923 0.00421892246231437 0.00118910463061184 0.0037232858594507 0.134399250149727
0.000780988309998065 0.0557534731924534 0.02693010866642 0.00192081392742693 0.00247540837153792 0.00712888548150659 0.148339509963989 0.240052476525307 0.322211414575577 0.350033789873123 0.371069818735123 0.517499089241028 0.675648033618927 0.677206873893738 0.653678238391876 0.155333369970322 0.165414214134216 0.257407635450363 0.366492390632629 0.655340552330017 0.0507246404886246 0.0152152944356203 0.0355370789766312 0.0127489250153303 0.0212769564241171 0.0728686451911926 0.0592179745435715 0.0330316238105297 0.0337192788720131 0.0169202014803886 0.0155818816274405 0.00441150041297078 0.00163996650371701 0.00190762139391154 0.00186812214087695 0.00325411488302052 0.00308365118689835 0.00321666128002107 0.0310869105160236 0.233784958720207 0.0407710932195187 0.0045340214855969 0.00120769662316889 0.00138652941677719 0.0102717373520136 0.100823268294334
0.00322624831460416 0.0106302285566926 0.0239036343991756 0.00912182871252298 0.0233435090631247 0.0151126822456717 0.031920000910759 0.0491481833159924 0.242267861962318 0.367450952529907 0.353250682353973 0.47025939822197 0.631224811077118 0.510152697563171 0.614629924297333 0.211700946092606 0.204307302832603 0.235642239451408 0.286054104566574 0.0655021741986275 0.072854071855545 0.0536703988909721 0.0141266984865069 0.0107233552262187 0.0265232194215059 0.0572493597865105 0.0421179458498955 0.0132153239101171 0.0167742557823658 0.00493103777989745 0.00390108744613826 0.00434742355719209 0.00179346022196114 0.00145568582229316 0.00148946919944137 0.0031834898982197 0.00300905178301036 0.0123384846374393 0.277619570493698 0.0516355261206627 0.000551701989024878 0.00107114727143198 0.00135716889053583 0.00539650768041611 0.0141901029273868 0.0235503874719143
0.00122583797201514 0.00339358462952077 0.00258064130321145 0.00522995973005891 0.0196752548217773 0.100444160401821 0.0999508053064346 0.0991034954786301 0.0845288336277008 0.131125405430794 0.244703397154808 0.196985945105553 0.206615418195724 0.257093787193298 0.284036785364151 0.226741030812263 0.646503984928131 0.368346840143204 0.19255419075489 0.0628993585705757 0.0509897768497467 0.21816685795784 0.459125399589539 0.024513078853488 0.0260726194828749 0.0737265720963478 0.0792955085635185 0.0106978137046099 0.0163523033261299 0.0123008759692311 0.00434830645099282 0.00162273168098181 0.00160123081877828 0.00154578452929854 0.0013634393690154 0.003150220727548 0.00298107252456248 0.079104445874691 0.0257847905158997 0.000650552159640938 0.00112912873737514 0.00153352355118841 0.0160420686006546 0.085810974240303 0.0833852514624596 0.196091502904892
0.000133293026010506 0.000251230580033734 0.00277021108195186 0.00751622952520847 0.0159979201853275 0.0485407784581184 0.0971242263913155 0.129200220108032 0.148609429597855 0.156687393784523 0.189877241849899 0.173293739557266 0.204895108938217 0.369859248399734 0.678490400314331 0.301485538482666 0.375810265541077 0.224611133337021 0.168478727340698 0.0786614194512367 0.122156590223312 0.112344026565552 0.591148018836975 0.051019549369812 0.0229847617447376 0.0661079585552216 0.0248033851385117 0.0115810791030526 0.0127972913905978 0.00457022618502378 0.00399309815838933 0.0016761333681643 0.00164116593077779 0.0014540886040777 0.0013503689551726 0.00309131504036486 0.0130673106759787 0.0701976493000984 0.000742161937523633 0.000575206184294075 0.00168538268189877 0.0291926078498363 0.534163117408752 0.47497895359993 0.0557954907417297 0.065047949552536
6.88808286213316e-05 0.000223007504246198 0.000264534523012117 0.00146332115400583 0.00416170293465257 0.0137112094089389 0.00919343903660774 0.111926682293415 0.16005665063858 0.225670576095581 0.273201137781143 0.185228481888771 0.463680058717728 0.60111528635025 0.69102817773819 0.658383727073669 0.580533862113953 0.217682763934135 0.127163887023926 0.0554518550634384 0.12797600030899 0.224801674485207 0.254837870597839 0.030100729316473 0.0182883553206921 0.0161591451615095 0.0077838352881372 0.0216199830174446 0.00386541709303856 0.00370579399168491 0.00420346250757575 0.00178714911453426 0.00166320253629237 0.00152660277672112 0.00298082106746733 0.00307864276692271 0.0560163408517838 0.129144877195358 0.00157452234998345 0.00212211161851883 0.197655498981476 0.609355568885803 0.566294252872467 0.0558160170912743 0.0458688884973526 0.132995784282684
6.65400802972727e-05 0.000105438331956975 0.000146584439789876 0.000295160716632381 0.000909691501874477 0.00221317424438894 0.00658776937052608 0.0514282062649727 0.102583609521389 0.161211088299751 0.273737877607346 0.292676895856857 0.43868488073349 0.544697463512421 0.646668791770935 0.691701054573059 0.471525639295578 0.196721747517586 0.0695476531982422 0.056079376488924 0.0771917253732681 0.0696429386734962 0.0453287176787853 0.131874665617943 0.0449248738586903 0.023351538926363 0.0180462338030338 0.00756117515265942 0.00346868229098618 0.00405209884047508 0.00460252352058887 0.00197244738228619 0.00176202831789851 0.00154706183820963 0.00354738300666213 0.036310326308012 0.766150057315826 0.0671853870153427 0.00202170223928988 0.0171619299799204 0.898624062538147 0.871448934078217 0.0705480054020882 0.0588311515748501 0.196075186133385 0.38968425989151
7.0435409725178e-05 9.03060354175977e-05 7.50871477066539e-05 0.000243954142206348 0.00073341530514881 0.00201192009262741 0.00558320293202996 0.0280692242085934 0.102169409394264 0.141562759876251 0.231131002306938 0.270790934562683 0.372712701559067 0.520056664943695 0.605666220188141 0.697554707527161 0.747176110744476 0.583940029144287 0.0617888681590557 0.0669080168008804 0.112142667174339 0.154635518789291 0.256193876266479 0.109333254396915 0.0963123217225075 0.0186290927231312 0.0167717933654785 0.00701510813087225 0.00767381768673658 0.00421568611636758 0.00511835562065244 0.00199016276746988 0.00181576423346996 0.00377599149942398 0.0276598278433084 0.115053810179234 0.258629441261292 0.0229693856090307 0.0178774669766426 0.206713631749153 0.56161242723465 0.32855623960495 0.311949163675308 0.464308857917786 0.885692715644836 0.423085391521454
2.53870239248499e-05 3.3330205042148e-05 6.86032071826048e-05 9.1573252575472e-05 0.000264216418145224 0.00149020622484386 0.00322165270335972 0.00746717769652605 0.0693449825048447 0.128516688942909 0.171274185180664 0.258588135242462 0.305284649133682 0.398584961891174 0.546943664550781 0.579816162586212 0.57011604309082 0.761862516403198 0.156717568635941 0.150281980633736 0.308310002088547 0.226151451468468 0.0546004436910152 0.0238536838442087 0.0239554885774851 0.0142768975347281 0.0147541034966707 0.0211182907223701 0.0119091728702188 0.00414419127628207 0.00441132253035903 0.0041746748611331 0.00413109501823783 0.0037907927762717 0.0285263061523438 0.054268904030323 0.0213399566709995 0.00859980750828981 0.0202286336570978 0.192200243473053 0.141569659113884 0.0708670318126678 0.873587071895599 0.853534698486328 0.748662769794464 0.374868780374527
2.27814471145393e-05 2.32476049859542e-05 2.9824506782461e-05 9.89382897387259e-05 0.00057426915736869 0.00137290731072426 0.00370097043924034 0.0058712693862617 0.0269888043403625 0.0983242467045784 0.138439655303955 0.187796011567116 0.267703682184219 0.333006083965302 0.434199005365372 0.55541867017746 0.583419501781464 0.733353435993195 0.143470019102097 0.443007260560989 0.184577122330666 0.033312551677227 0.0300010982900858 0.0217984300106764 0.0255758743733168 0.0188434571027756 0.0172647833824158 0.0101646594703197 0.0231157522648573 0.00452636973932385 0.00418043555691838 0.00413689902052283 0.00406732596457005 0.00395924411714077 0.00317064928822219 0.0205955989658833 0.0071524572558701 0.0148623930290341 0.0171989798545837 0.032176960259676 0.0346662029623985 0.110993213951588 0.647281110286713 0.832449316978455 0.748087167739868 0.342077076435089
2.42403148149606e-05 2.43972917814972e-05 6.79464792483486e-05 0.000201950082555413 0.00021017987455707 0.000492255843710154 0.00282606249675155 0.00317275547422469 0.017152538523078 0.0477692037820816 0.0963838249444962 0.144283086061478 0.246313229203224 0.245276138186455 0.3732088804245 0.463940590620041 0.535062789916992 0.700598537921906 0.146467968821526 0.117873288691044 0.0744135528802872 0.0765619650483131 0.430807411670685 0.108894802629948 0.0272723082453012 0.0423410013318062 0.127016097307205 0.0679690390825272 0.0816396027803421 0.0871134400367737 0.0813478454947472 0.0101222777739167 0.0102882906794548 0.0610515475273132 0.0283305011689663 0.0549648553133011 0.0120040960609913 0.0830481126904488 0.449875026941299 0.134712070226669 0.194406554102898 0.481344550848007 0.570694446563721 0.771262109279633 0.494948625564575 0.661487758159637
2.93063549179351e-05 2.43068698182469e-05 2.71997050731443e-05 6.09418275416829e-05 0.000130475978949107 0.000378995900973678 0.00292149838060141 0.00394241651520133 0.0126583762466908 0.0559144988656044 0.0965639054775238 0.136156916618347 0.16806723177433 0.237880825996399 0.263791710138321 0.419602811336517 0.48524397611618 0.661692261695862 0.157455682754517 0.0978904068470001 0.340160757303238 0.342641413211823 0.703372478485107 0.196155220270157 0.0462640151381493 0.0248035322874784 0.0256818141788244 0.0248114261776209 0.023070914670825 0.0432188659906387 0.0499077774584293 0.00918232277035713 0.00916415080428123 0.0608203150331974 0.0804103463888168 0.272745698690414 0.0434469245374203 0.142177000641823 0.152820616960526 0.14273376762867 0.224036991596222 0.318610161542892 0.428703159093857 0.412186354398727 0.46458426117897 0.79018497467041
3.38382415066008e-05 2.82223008980509e-05 2.49119730142411e-05 5.42077577847522e-05 0.000123685211292468 0.000303250621072948 0.000980568933300674 0.000870840507559478 0.00848293956369162 0.0180756747722626 0.0521978586912155 0.108701795339584 0.143323123455048 0.210581883788109 0.245915561914444 0.412773370742798 0.548442900180817 0.642936170101166 0.0820318758487701 0.100267246365547 0.267106562852859 0.725610733032227 0.705737829208374 0.147664487361908 0.0638092011213303 0.0406834669411182 0.0294678378850222 0.028616689145565 0.079059861600399 0.0212464891374111 0.0419527478516102 0.0467172302305698 0.0300367847084999 0.0296434219926596 0.0663367956876755 0.115952506661415 0.0998561233282089 0.0931911170482635 0.164689376950264 0.0648963451385498 0.0945987552404404 0.0934548825025558 0.256190270185471 0.416921079158783 0.752929985523224 0.751388072967529
3.60667727363762e-05 2.87699203909142e-05 2.61926907114685e-05 5.17656590091065e-05 5.22030204592738e-05 0.000132996443426237 0.000787113443948328 0.00215858034789562 0.00625282758846879 0.0137243196368217 0.0449928119778633 0.0793146267533302 0.153048351407051 0.220470726490021 0.277637541294098 0.423125088214874 0.558779776096344 0.679916441440582 0.0849198848009109 0.0906044095754623 0.153372839093208 0.47833839058876 0.823805093765259 0.0517056807875633 0.0690166503190994 0.0691494047641754 0.0384232327342033 0.109253123402596 0.250669002532959 0.175307244062424 0.0169470869004726 0.014382891356945 0.0283515341579914 0.0289275106042624 0.0598671808838844 0.0294508747756481 0.0129770515486598 0.0123885478824377 0.0516000986099243 0.0531190000474453 0.0269627124071121 0.0413888841867447 0.610348403453827 0.427744954824448 0.350585848093033 0.539080560207367
3.5208577173762e-05 3.17478697979823e-05 2.90466832666425e-05 2.68375224550255e-05 5.33798629476223e-05 0.000133305962663144 0.000663237005937845 0.00201919488608837 0.00873298291116953 0.0136192925274372 0.0426467731595039 0.057693213224411 0.139577835798264 0.183235213160515 0.221953243017197 0.402929395437241 0.460256576538086 0.467478722333908 0.158541083335876 0.147340729832649 0.334910809993744 0.872425019741058 0.836724519729614 0.0536283627152443 0.0641082525253296 0.0764330700039864 0.0398541688919067 0.100463517010212 0.15494692325592 0.40186220407486 0.0572881028056145 0.034468587487936 0.0882762894034386 0.0649883076548576 0.0356385633349419 0.0237946379929781 0.0121440710499883 0.0130432136356831 0.0138237979263067 0.027913011610508 0.0247563235461712 0.16213470697403 0.384978055953979 0.234471172094345 0.284169614315033 0.636288821697235
3.41890154231805e-05 3.28483693010639e-05 3.20184626616538e-05 2.91003125312272e-05 5.69691219425295e-05 5.81041094847023e-05 0.00012962194159627 0.000573574856389314 0.00173884199466556 0.00676850415766239 0.0137205701321363 0.0425754673779011 0.102001950144768 0.182176470756531 0.228822246193886 0.31144717335701 0.349106460809708 0.479875236749649 0.393433183431625 0.323998361825943 0.605819761753082 0.876487076282501 0.868690311908722 0.0894357711076736 0.0625347420573235 0.140107363462448 0.0730930417776108 0.122160360217094 0.178847938776016 0.604715406894684 0.271224170923233 0.0121839726343751 0.0690986812114716 0.0986576527357101 0.0908437743782997 0.0670130252838135 0.0325417816638947 0.0308502502739429 0.0143241537734866 0.027066309005022 0.0386949330568314 0.303101748228073 0.468291282653809 0.170661672949791 0.305161356925964 0.608435034751892
3.46165106748231e-05 3.43284373229835e-05 3.1562663934892e-05 6.42153027001768e-05 5.9924630477326e-05 6.24914318905212e-05 0.000135927810333669 0.000231015073950402 0.00140212359838188 0.0065600648522377 0.0161199700087309 0.0576240867376328 0.111057341098785 0.168604493141174 0.1931042522192 0.204255253076553 0.331157356500626 0.454265236854553 0.536636710166931 0.74954617023468 0.772969305515289 0.3557168841362 0.15429699420929 0.375269174575806 0.121827259659767 0.499261260032654 0.362287163734436 0.200367659330368 0.124277159571648 0.389082372188568 0.165735632181168 0.0107064517214894 0.0564799681305885 0.24469843506813 0.242220968008041 0.228055775165558 0.182151630520821 0.183326929807663 0.102343618869781 0.0333389788866043 0.0483166947960854 0.0738826096057892 0.142377749085426 0.103258535265923 0.324771165847778 0.562331676483154
3.85702805942856e-05 3.81759418814909e-05 3.30781658703927e-05 3.18005695589818e-05 6.09844246355351e-05 5.92985707044136e-05 6.18632111581974e-05 0.000136226415634155 0.000607803754974157 0.00247045140713453 0.0165315493941307 0.0615024194121361 0.111140482127666 0.150830194354057 0.177248641848564 0.219490721821785 0.240485712885857 0.391643524169922 0.609686493873596 0.714705586433411 0.788362979888916 0.454765915870667 0.227003455162048 0.826759815216064 0.77467554807663 0.750440239906311 0.779916763305664 0.274855822324753 0.199792176485062 0.408622473478317 0.571609020233154 0.0155526008456945 0.014835842885077 0.0911035165190697 0.189909517765045 0.257443130016327 0.17867648601532 0.313410371541977 0.244643807411194 0.195992082357407 0.0733929052948952 0.132825642824173 0.159120962023735 0.0826111286878586 0.17279040813446 0.330656707286835
4.37193775724154e-05 3.8517468055943e-05 3.58880388375837e-05 3.29609647451434e-05 6.34824464214034e-05 5.66547641938087e-05 6.05126260779798e-05 0.000315421842969954 0.000671453075483441 0.00236893561668694 0.00503412028774619 0.0231204628944397 0.0771017819643021 0.144303888082504 0.160060003399849 0.227736473083496 0.284743040800095 0.337383627891541 0.311151742935181 0.482539415359497 0.748245894908905 0.820879936218262 0.458950012922287 0.837207019329071 0.826983034610748 0.790837645530701 0.762957274913788 0.556145846843719 0.21165169775486 0.544498980045319 0.548993110656738 0.270991563796997 0.0319949723780155 0.0322125926613808 0.0528475418686867 0.0431122705340385 0.0388588905334473 0.0303843058645725 0.0943757221102715 0.370149284601212 0.223783597350121 0.32177522778511 0.363606184720993 0.119179762899876 0.0555791556835175 0.0586647838354111
