data/climate_estimation/maxent_output/Prosartes_lanuginosa.asc
NCOLS 217 
NROWS 139 
XLLCORNER -93.9166666666667 
YLLCORNER 32.4166666666667 
CELLSIZE 0.0833333333333333 
NODATA_value -3.4e+38 
[rows 100 to 119 of 139, columns 44 to 87 of 217]
0.204871147871017 0.208557069301605 0.211270779371262 0.209464326500893 0.213679403066635 0.217774450778961 0.221191555261612 0.225465252995491 0.224975720047951 0.229288190603256 0.234047248959541 0.259814441204071 0.265596300363541 0.266147673130035 0.266396999359131 0.295542329549789 0.298290312290192 0.318859428167343 0.321607083082199 0.349288612604141 0.348064541816711 0.355779081583023 0.356251806020737 0.329007804393768 0.334681421518326 0.356406301259995 0.36190590262413 0.384777635335922 0.415667414665222 0.409627020359039 0.421630680561066 0.422518193721771 0.42863005399704 0.409633815288544 0.425613909959793 0.393993616104126 0.427911132574081 0.439727574586868 0.43472358584404 0.447095721960068 0.470277070999146 0.457780718803406 0.466319233179092 0.472279340028763
0.180479973554611 0.185047432780266 0.2040746062994 0.20869268476963 0.220287024974823 0.228301152586937 0.23224139213562 0.23780021071434 0.21350409090519 0.234224513173103 0.233872979879379 0.239090442657471 0.26212802529335 0.262400686740875 0.267437487840652 0.273499459028244 0.312114715576172 0.317947447299957 0.322283536195755 0.324569284915924 0.328221321105957 0.335657060146332 0.336063534021378 0.339540034532547 0.35070863366127 0.356628626585007 0.36171218752861 0.373467266559601 0.408554941415787 0.416676163673401 0.440609484910965 0.453490346670151 0.452623605728149 0.445083886384964 0.442989617586136 0.434754312038422 0.408029288053513 0.419115394353867 0.46304252743721 0.439616054296494 0.440010070800781 0.441172897815704 0.442593067884445 0.455327689647675
0.18239426612854 0.183081924915314 0.208086654543877 0.196924060583115 0.212184622883797 0.215712428092957 0.240827888250351 0.217785403132439 0.24178247153759 0.243598207831383 0.24415984749794 0.244914591312408 0.240742236375809 0.26372167468071 0.269387990236282 0.312692165374756 0.316959172487259 0.326991617679596 0.290936052799225 0.324798315763474 0.338537812232971 0.347738325595856 0.335387498140335 0.339336216449738 0.344377934932709 0.361021399497986 0.333520412445068 0.349897414445877 0.408382803201675 0.427913576364517 0.440411359071732 0.446192651987076 0.452470362186432 0.456427097320557 0.467643737792969 0.472380936145782 0.458048731088638 0.494408279657364 0.494562655687332 0.476345747709274 0.476013720035553 0.469940274953842 0.464601278305054 0.478580057621002
0.185714662075043 0.186050549149513 0.196563526988029 0.200904324650764 0.207163885235786 0.211932614445686 0.217016950249672 0.217737913131714 0.247398421168327 0.247268080711365 0.253221064805984 0.254691362380981 0.254919111728668 0.282919973134995 0.273724675178528 0.282534062862396 0.297145843505859 0.304778933525085 0.303785860538483 0.307421147823334 0.310776352882385 0.309327870607376 0.307984262704849 0.306760340929031 0.307173192501068 0.321662306785583 0.333164572715759 0.355063945055008 0.383313804864883 0.407626688480377 0.419178932905197 0.472820669412613 0.484862476587296 0.496669232845306 0.488324046134949 0.491561383008957 0.483682453632355 0.49995893239975 0.492871135473251 0.50139707326889 0.514490306377411 0.515799641609192 0.523297429084778 0.518986284732819
0.184981435537338 0.190001085400581 0.199957743287086 0.200183883309364 0.208574786782265 0.208664059638977 0.2163907289505 0.221112802624702 0.223044380545616 0.257167488336563 0.263020098209381 0.264675110578537 0.264633983373642 0.293229132890701 0.287857323884964 0.288671284914017 0.301875531673431 0.314949214458466 0.313005447387695 0.290357530117035 0.325698643922806 0.313354462385178 0.311686635017395 0.306399762630463 0.310761481523514 0.330988705158234 0.348548710346222 0.371387839317322 0.388181447982788 0.414195775985718 0.477102667093277 0.450378447771072 0.497466504573822 0.501778066158295 0.509261310100555 0.513032078742981 0.496956646442413 0.474949210882187 0.447468966245651 0.505973875522614 0.468497723340988 0.522492229938507 0.485621631145477 0.47347828745842
0.195130079984665 0.190758585929871 0.193844899535179 0.200279846787453 0.208490803837776 0.217202678322792 0.225356921553612 0.23418964445591 0.239588111639023 0.271486610174179 0.277172148227692 0.278112053871155 0.277655214071274 0.31696942448616 0.302418023347855 0.300787508487701 0.275327831506729 0.278984159231186 0.28619858622551 0.300594091415405 0.298312604427338 0.287640273571014 0.280083984136581 0.275487989187241 0.29039865732193 0.341318845748901 0.369225114583969 0.375444978475571 0.401611536741257 0.425270617008209 0.448444038629532 0.437542974948883 0.449535220861435 0.456137448549271 0.467918515205383 0.513121128082275 0.495484590530396 0.459939062595367 0.447355449199677 0.480338931083679 0.47578039765358 0.4767005443573 0.471917629241943 0.480661690235138
0.184308126568794 0.193429589271545 0.19756418466568 0.205600127577782 0.233804136514664 0.217760995030403 0.226114466786385 0.242858365178108 0.248689159750938 0.285627841949463 0.291773974895477 0.292558699846268 0.291451632976532 0.295643985271454 0.290116727352142 0.288658767938614 0.283603131771088 0.287097275257111 0.29435133934021 0.294035255908966 0.298131823539734 0.290963172912598 0.289046466350555 0.283758968114853 0.30310720205307 0.319017171859741 0.374246776103973 0.399020254611969 0.423387229442596 0.442755818367004 0.443826764822006 0.435650080442429 0.429863393306732 0.435683250427246 0.500825047492981 0.463848799467087 0.49498450756073 0.499039590358734 0.459466338157654 0.460299074649811 0.468083560466766 0.470974981784821 0.478141903877258 0.487040877342224
0.180921882390976 0.196773454546928 0.198221653699875 0.206064954400063 0.213188573718071 0.225624024868011 0.234808921813965 0.243334650993347 0.280078589916229 0.290419191122055 0.29700556397438 0.296392172574997 0.299990922212601 0.30800986289978 0.307772427797318 0.300257921218872 0.291769534349442 0.289542853832245 0.293747007846832 0.287706166505814 0.291143000125885 0.289349049329758 0.293288290500641 0.2872354388237 0.297635406255722 0.334806501865387 0.386008203029633 0.398195445537567 0.43001925945282 0.430320918560028 0.430756866931915 0.424528539180756 0.423907876014709 0.434337019920349 0.445867478847504 0.450283616781235 0.441333681344986 0.481374502182007 0.473189473152161 0.453667461872101 0.474247813224792 0.503092288970947 0.511146664619446 0.526643216609955
0.18402424454689 0.186181858181953 0.211274340748787 0.223782584071159 0.229248106479645 0.233921036124229 0.239833027124405 0.279834419488907 0.298914402723312 0.305892467498779 0.300710707902908 0.304376631975174 0.302840411663055 0.316233664751053 0.319962531328201 0.309096127748489 0.303001910448074 0.302047908306122 0.268479913473129 0.254094034433365 0.28048837184906 0.284106910228729 0.288900285959244 0.30816239118576 0.303576946258545 0.329770058393478 0.333842426538467 0.361899048089981 0.373902708292007 0.357949554920197 0.404823124408722 0.404470205307007 0.422736167907715 0.421200126409531 0.425107628107071 0.436460912227631 0.440685033798218 0.440161347389221 0.432780414819717 0.492990791797638 0.472601354122162 0.467212021350861 0.516847968101501 0.476516664028168
0.1870057284832 0.191601186990738 0.203183576464653 0.231273353099823 0.233031630516052 0.23957197368145 0.248405188322067 0.285669356584549 0.295783340930939 0.310300409793854 0.318615555763245 0.327397882938385 0.325496554374695 0.322799146175385 0.327060371637344 0.317455589771271 0.311345487833023 0.305906027555466 0.281389176845551 0.266943693161011 0.252429097890854 0.269884616136551 0.273108601570129 0.303024649620056 0.317950308322906 0.318762272596359 0.339838057756424 0.334844321012497 0.352378249168396 0.352786719799042 0.357300162315369 0.362769395112991 0.397374957799911 0.408244073390961 0.412108808755875 0.430894076824188 0.434485614299774 0.426713585853577 0.446341782808304 0.458527952432632 0.465203136205673 0.466676115989685 0.473915964365005 0.470375508069992
0.171208068728447 0.195273905992508 0.200270190834999 0.232718527317047 0.234506234526634 0.244646176695824 0.275847882032394 0.28581103682518 0.304007142782211 0.351030290126801 0.321394443511963 0.324049144983292 0.322787910699844 0.321099013090134 0.325879782438278 0.298592686653137 0.289942592382431 0.294379115104675 0.285968035459518 0.280556112527847 0.270403653383255 0.278820812702179 0.283524304628372 0.288211584091187 0.3282690346241 0.328900098800659 0.344471096992493 0.340270578861237 0.340914875268936 0.351967483758926 0.351936876773834 0.339863717556 0.344517022371292 0.390493422746658 0.393214970827103 0.405533015727997 0.416637420654297 0.432394474744797 0.444238066673279 0.451759517192841 0.460478901863098 0.46005716919899 0.467412859201431 0.469450980424881
0.194322556257248 0.206215187907219 0.203441187739372 0.231298014521599 0.243989586830139 0.275336295366287 0.285786062479019 0.29978883266449 0.312886148691177 0.321118474006653 0.314404278993607 0.316876381635666 0.320455849170685 0.329373985528946 0.292596042156219 0.298088073730469 0.298140048980713 0.298683732748032 0.290938019752502 0.29152113199234 0.285798102617264 0.290016293525696 0.287635773420334 0.298127293586731 0.30166432261467 0.302755773067474 0.350365608930588 0.367927223443985 0.357074052095413 0.357416212558746 0.351034849882126 0.339409112930298 0.349442601203918 0.353810667991638 0.399412423372269 0.398622334003448 0.40993919968605 0.422235637903214 0.42591068148613 0.441276282072067 0.441914319992065 0.454581379890442 0.449049860239029 0.443508744239807
0.200669392943382 0.213128790259361 0.214484557509422 0.238676056265831 0.245240643620491 0.274703741073608 0.293197691440582 0.306865930557251 0.315247416496277 0.308682531118393 0.312080174684525 0.319885432720184 0.328890383243561 0.301595628261566 0.292048186063766 0.297370195388794 0.29778715968132 0.309879034757614 0.295228123664856 0.286786496639252 0.300167292356491 0.285628229379654 0.288555771112442 0.297104626893997 0.312235951423645 0.316919028759003 0.327847748994827 0.384544998407364 0.385404169559479 0.397030591964722 0.380094885826111 0.360757946968079 0.371661752462387 0.407106250524521 0.411463409662247 0.42240247130394 0.42273622751236 0.42240247130394 0.42717033624649 0.430215716362 0.435807138681412 0.436912834644318 0.392035067081451 0.42594376206398
0.208138212561607 0.240782856941223 0.218826994299889 0.244718834757805 0.244981795549393 0.262722760438919 0.295353084802628 0.266150563955307 0.299557596445084 0.302337288856506 0.276054441928864 0.280150651931763 0.293261855840683 0.287930935621262 0.288476973772049 0.284254193305969 0.289570778608322 0.295660525560379 0.281214833259583 0.276667296886444 0.289781153202057 0.256694704294205 0.287039339542389 0.296390563249588 0.310720473527908 0.327028959989548 0.33801206946373 0.378555059432983 0.390245407819748 0.416149020195007 0.408551335334778 0.384112000465393 0.36507847905159 0.411754965782166 0.416256248950958 0.415446579456329 0.434769570827484 0.442632645368576 0.435770153999329 0.42378443479538 0.436753332614899 0.437789887189865 0.425753742456436 0.446329087018967
0.225152313709259 0.234622672200203 0.236377939581871 0.24810503423214 0.252154022455215 0.256281822919846 0.256488502025604 0.260720700025558 0.302626371383667 0.317429840564728 0.295343488454819 0.285281658172607 0.283646643161774 0.284732043743134 0.284383505582809 0.294790953397751 0.281407922506332 0.273184686899185 0.267566710710526 0.272231131792068 0.275152951478958 0.278514981269836 0.286326140165329 0.295141518115997 0.314713507890701 0.331432312726974 0.341973334550858 0.359263986349106 0.413546085357666 0.413908511400223 0.401449352502823 0.451569467782974 0.444050401449203 0.416636794805527 0.42891925573349 0.420686006546021 0.420819580554962 0.429289728403091 0.424371182918549 0.43806117773056 0.445401817560196 0.445900142192841 0.434522807598114 0.499339938163757
0.211855009198189 0.217150181531906 0.232447698712349 0.243531942367554 0.247602894902229 0.25610163807869 0.265686303377151 0.26989933848381 0.278998732566833 0.292796075344086 0.300876021385193 0.296373426914215 0.300684958696365 0.285938531160355 0.285390913486481 0.286886364221573 0.286576986312866 0.267486929893494 0.266896724700928 0.28464549779892 0.274821847677231 0.250847846269608 0.290276825428009 0.309254765510559 0.314818173646927 0.335825890302658 0.352960348129272 0.36334103345871 0.417338997125626 0.441450744867325 0.440450251102448 0.479762971401215 0.479221314191818 0.465661734342575 0.458469837903976 0.464849233627319 0.448668301105499 0.449993431568146 0.42632183432579 0.426221489906311 0.487141728401184 0.526565253734589 0.468007683753967 0.449825704097748
0.212545275688171 0.219797998666763 0.23213142156601 0.24438251554966 0.252923101186752 0.264700204133987 0.268237560987473 0.269608378410339 0.273553967475891 0.278077751398087 0.288337826728821 0.292524516582489 0.301763027906418 0.292241930961609 0.298176884651184 0.298206686973572 0.286887377500534 0.27500331401825 0.243584975600243 0.278057605028152 0.278006494045258 0.276298463344574 0.288587629795074 0.303418785333633 0.313839465379715 0.329646050930023 0.350502729415894 0.374829083681107 0.426475942134857 0.426645368337631 0.432989716529846 0.432484894990921 0.471742987632751 0.465204805135727 0.459103316068649 0.458927303552628 0.459341168403625 0.508472323417664 0.517605006694794 0.525779187679291 0.516250431537628 0.524861812591553 0.48669758439064 0.485923528671265
0.215265706181526 0.21949191391468 0.21222223341465 0.239788934588432 0.251661628484726 0.2643903195858 0.25480243563652 0.264082580804825 0.278944611549377 0.283298045396805 0.293014258146286 0.293495446443558 0.299178838729858 0.299050241708755 0.298870265483856 0.293833315372467 0.255116373300552 0.276249259710312 0.270468413829803 0.279225468635559 0.273198157548904 0.27617084980011 0.288228780031204 0.303177684545517 0.323212951421738 0.374338567256927 0.393155694007874 0.406709223985672 0.413729012012482 0.419793367385864 0.41916361451149 0.472639858722687 0.465560525655746 0.46613797545433 0.452755242586136 0.460089653730392 0.460089653730392 0.460821509361267 0.469673991203308 0.520094633102417 0.510737597942352 0.458080410957336 0.458222687244415 0.467373073101044
0.218454793095589 0.222167015075684 0.218847543001175 0.246887937188148 0.226136818528175 0.230004280805588 0.237165540456772 0.246109560132027 0.251605808734894 0.260467439889908 0.265823304653168 0.266407519578934 0.29083925485611 0.262727171182632 0.267603814601898 0.310190320014954 0.269152879714966 0.250030517578125 0.244784727692604 0.269985973834991 0.270193189382553 0.282317042350769 0.285603642463684 0.303656369447708 0.356857687234879 0.367448002099991 0.39128103852272 0.385100126266479 0.400478959083557 0.407472282648087 0.412883043289185 0.459129840135574 0.459703087806702 0.459809124469757 0.459420412778854 0.453767269849777 0.455199867486954 0.462661415338516 0.461196482181549 0.449704647064209 0.438636124134064 0.440725266933441 0.433637201786041 0.440770834684372
0.198485761880875 0.203204855322838 0.218006104230881 0.226071819663048 0.238505139946938 0.24560584127903 0.249828115105629 0.250425964593887 0.256202757358551 0.253379315137863 0.254083961248398 0.250387817621231 0.249846443533897 0.255086958408356 0.262773424386978 0.300127625465393 0.261103063821793 0.255372673273087 0.25028669834137 0.267071187496185 0.266873925924301 0.273703336715698 0.29132267832756 0.303869307041168 0.313755720853806 0.368646055459976 0.373542070388794 0.393948316574097 0.407337456941605 0.406810581684113 0.407608479261398 0.41434633731842 0.452933132648468 0.45286300778389 0.461121141910553 0.455064713954926 0.455756604671478 0.447013080120087 0.448112547397614 0.436722785234451 0.444978713989258 0.388873666524887 0.389499425888062 0.415411949157715
