data/climate_estimation/maxent_output/Prosartes_trachycarpa.asc
NCOLS 607 
NROWS 333 
XLLCORNER -132.833333333333 
YLLCORNER 30.75 
CELLSIZE 0.0833333333333333 
NODATA_value -3.4e+38 
[rows 300 to 319 of 333, columns 276 to 321 of 607]
0.522325873374939 0.538111984729767 0.534931540489197 0.491548329591751 0.487419635057449 0.605778992176056 0.504336416721344 0.32929390668869 0.462511509656906 0.505638480186462 0.301540553569794 0.348419219255447 0.582156598567963 0.707372486591339 0.588587939739227 0.725876867771149 0.779039919376373 0.804690003395081 0.776801228523254 0.740866363048553 0.744912624359131 0.585887968540192 0.656638145446777 0.643075406551361 0.623557507991791 0.467395722866058 0.56192010641098 0.259527653455734 0.133315518498421 0.269192487001419 0.112931467592716 0.0789238065481186 0.0741310492157936 0.0637054368853569 0.059794045984745 0.121755972504616 0.110616154968739 0.110932946205139 0.125919237732887 0.256279140710831 0.265733689069748 0.146834850311279 0.123064920306206 0.128315180540085 0.166434362530708 0.274514496326447
0.516069769859314 0.436521768569946 0.422861695289612 0.391284227371216 0.337271928787231 0.49949836730957 0.461663335561752 0.29996520280838 0.432882517576218 0.466021955013275 0.320187956094742 0.222187057137489 0.605378985404968 0.624792575836182 0.558034718036652 0.699399411678314 0.761966466903687 0.743157923221588 0.751495718955994 0.791296780109406 0.693626821041107 0.554106891155243 0.608415365219116 0.648609399795532 0.549080848693848 0.422051578760147 0.257037490606308 0.123582594096661 0.108441337943077 0.102537661790848 0.0991449728608131 0.0641748905181885 0.0996377095580101 0.0715337619185448 0.0598799735307693 0.137278780341148 0.172284334897995 0.272351264953613 0.289168685674667 0.285417050123215 0.293222039937973 0.0755864679813385 0.0681663826107979 0.0798682346940041 0.14224249124527 0.25351282954216
0.377746790647507 0.437010258436203 0.392543703317642 0.296605050563812 0.247306972742081 0.370179355144501 0.302724927663803 0.152897655963898 0.343994110822678 0.366998583078384 0.467457920312881 0.206085547804832 0.640308916568756 0.558431684970856 0.474323272705078 0.621639966964722 0.734249532222748 0.66108649969101 0.591371178627014 0.60367625951767 0.527822434902191 0.509673357009888 0.57072252035141 0.719925224781036 0.588934659957886 0.385794311761856 0.109349451959133 0.100350968539715 0.0968351885676384 0.0989756509661674 0.0881263017654419 0.0624860674142838 0.0753543823957443 0.0783756896853447 0.0702493786811829 0.193977385759354 0.396661102771759 0.493307799100876 0.491881012916565 0.491881012916565 0.106149077415466 0.0653172805905342 0.0639207735657692 0.0779333338141441 0.135747477412224 0.174614861607552
0.164474353194237 0.30220702290535 0.336683183908463 0.201838612556458 0.243552714586258 0.476324796676636 0.245838537812233 0.0961007550358772 0.157323718070984 0.289109766483307 0.224886044859886 0.221425235271454 0.28886091709137 0.53797173500061 0.598244190216064 0.703763484954834 0.704745829105377 0.690275073051453 0.519772410392761 0.384777724742889 0.481848269701004 0.628430902957916 0.670868873596191 0.685754358768463 0.522322237491608 0.351973414421082 0.207249701023102 0.0906079784035683 0.0881049558520317 0.0926424264907837 0.0786271393299103 0.057018555700779 0.0659897029399872 0.0805488973855972 0.0835974663496017 0.199224099516869 0.404800266027451 0.513788640499115 0.380695760250092 0.0456845462322235 0.0301035568118095 0.0302471909672022 0.0343294590711594 0.0706683397293091 0.0757038295269012 0.155580192804337
0.181828260421753 0.13216008245945 0.151415124535561 0.149263486266136 0.128431871533394 0.27868378162384 0.100255250930786 0.265740543603897 0.323994219303131 0.335608154535294 0.248570144176483 0.266898691654205 0.209690034389496 0.242881149053574 0.262527465820312 0.475362598896027 0.440534859895706 0.573129534721375 0.575536608695984 0.520519435405731 0.555316567420959 0.669314801692963 0.686720430850983 0.645431101322174 0.482898831367493 0.34407252073288 0.212239176034927 0.0984663888812065 0.0759509354829788 0.0787411034107208 0.0291328728199005 0.0686459466814995 0.0791991353034973 0.0719125643372536 0.0833711624145508 0.17686465382576 0.371669828891754 0.402807742357254 0.346214950084686 0.0347682312130928 0.0290795564651489 0.0291008707135916 0.0297563560307026 0.0328367352485657 0.0851024091243744 0.141809239983559
0.0519710667431355 0.195370301604271 0.188786879181862 0.115571513772011 0.094039760529995 0.0631086006760597 0.0332612097263336 0.0714916065335274 0.196806952357292 0.371148854494095 0.316078007221222 0.30193093419075 0.298231720924377 0.139657407999039 0.141544818878174 0.162407472729683 0.320051699876785 0.440653562545776 0.359256118535995 0.389274507761002 0.437036246061325 0.546050429344177 0.57539963722229 0.615661323070526 0.486680030822754 0.392068326473236 0.208098486065865 0.0972870737314224 0.0733852162957191 0.0331874825060368 0.0252620354294777 0.0879075229167938 0.0896773710846901 0.0811400786042213 0.0713679268956184 0.0890083685517311 0.239368915557861 0.404192209243774 0.354437947273254 0.0330556519329548 0.0278048980981112 0.0279051493853331 0.0293666459619999 0.0335986614227295 0.0488956049084663 0.105461545288563
0.00732289953157306 0.0245175193995237 0.0781751647591591 0.0507733002305031 0.0562235713005066 0.0362120345234871 0.0301676522940397 0.0202830210328102 0.0742593258619308 0.179403930902481 0.331857293844223 0.325129449367523 0.329855710268021 0.265779972076416 0.102969080209732 0.120706453919411 0.221822902560234 0.350449651479721 0.581725895404816 0.592417418956757 0.602021276950836 0.425811648368835 0.39003199338913 0.591042220592499 0.623871028423309 0.310310840606689 0.194128558039665 0.0956951677799225 0.0408060550689697 0.0322089679539204 0.0333304069936275 0.25676429271698 0.0911834314465523 0.0764632597565651 0.0661986246705055 0.0688251182436943 0.110141396522522 0.24809704720974 0.231994986534119 0.0540400855243206 0.0137236081063747 0.0267204362899065 0.0340082496404648 0.0387661829590797 0.045126810669899 0.0555031225085258
0.00518348626792431 0.0059744599275291 0.00795880146324635 0.00785272475332022 0.0193692967295647 0.0768872499465942 0.117533586919308 0.0263017453253269 0.0510874725878239 0.11827877163887 0.251043051481247 0.227701619267464 0.265837758779526 0.280772835016251 0.114351280033588 0.119939535856247 0.252413034439087 0.365556299686432 0.408010810613632 0.497710436582565 0.506637096405029 0.369744420051575 0.240427821874619 0.325039058923721 0.465712368488312 0.301602393388748 0.0941901877522469 0.0829994976520538 0.0407388210296631 0.0352722033858299 0.0163496360182762 0.0946811661124229 0.100907288491726 0.0332486405968666 0.0297441650182009 0.0313027873635292 0.0781340599060059 0.0906737148761749 0.236682072281837 0.0886740386486053 0.013224970549345 0.0126514686271548 0.0163986720144749 0.0360923409461975 0.020874185487628 0.0457190126180649
0.0092410147190094 0.00717293564230204 0.00635914783924818 0.0064820684492588 0.00960872322320938 0.031530249863863 0.0798776373267174 0.0344404205679893 0.0318810306489468 0.0746438726782799 0.106792822480202 0.120465464890003 0.111429497599602 0.152286991477013 0.142474561929703 0.219173461198807 0.172756001353264 0.372220188379288 0.326788157224655 0.23501493036747 0.240480855107307 0.296487897634506 0.239684134721756 0.15634573996067 0.296437710523605 0.303557366132736 0.0954976826906204 0.0427202470600605 0.0388063117861748 0.0173163507133722 0.0147410780191422 0.037912130355835 0.0505645759403706 0.0340863019227982 0.0307379774749279 0.027199063450098 0.0356470569968224 0.0964787602424622 0.224803805351257 0.196271046996117 0.0156956966966391 0.0132167786359787 0.0167470332235098 0.0170241203159094 0.0192236676812172 0.0417943224310875
0.0624245330691338 0.00901567470282316 0.00817088317126036 0.00722374441102147 0.0100400187075138 0.0298612602055073 0.0319939814507961 0.0393813364207745 0.0176833271980286 0.0162380058318377 0.0431104376912117 0.0588414669036865 0.0508828386664391 0.0266519729048014 0.143464162945747 0.300606071949005 0.213402941823006 0.308025807142258 0.250382483005524 0.142302080988884 0.159145563840866 0.17001374065876 0.163197323679924 0.0808373093605042 0.0826750919222832 0.187991306185722 0.0911267995834351 0.0413924753665924 0.0375186204910278 0.0164471659809351 0.0151252606883645 0.0147060509771109 0.0330299027264118 0.0350497588515282 0.028648579493165 0.0263594016432762 0.0250360630452633 0.0374524593353271 0.100336067378521 0.209228485822678 0.0178592540323734 0.0143769253045321 0.0158013794571161 0.0156605578958988 0.0350361727178097 0.0350926704704762
0.200384557247162 0.0117725841701031 0.0101598091423512 0.00818007718771696 0.0113315647467971 0.0304871685802937 0.0127513250336051 0.0997480824589729 0.0406163781881332 0.0181749295443296 0.0204584468156099 0.0216797273606062 0.0229688305407763 0.062628760933876 0.092047430574894 0.268230080604553 0.326197236776352 0.339388728141785 0.241972520947456 0.0665381476283073 0.0681439265608788 0.0678867101669312 0.0723661780357361 0.0339345335960388 0.0395094864070415 0.0866747796535492 0.0405881069600582 0.0382809191942215 0.0187186021357775 0.0183091256767511 0.0180613435804844 0.0360270366072655 0.0361851155757904 0.0286825988441706 0.0338962487876415 0.0323471650481224 0.0304649099707603 0.0313877277076244 0.0853844732046127 0.213422283530235 0.0290786810219288 0.0156480800360441 0.013815893791616 0.0148111954331398 0.0371861271560192 0.0332802198827267
0.0702938586473465 0.0210976861417294 0.0127987209707499 0.00934294983744621 0.00882874708622694 0.0108079919591546 0.0117614483460784 0.053524274379015 0.0449562892317772 0.0193671975284815 0.0206668619066477 0.0214506071060896 0.0240977182984352 0.0630616620182991 0.0879653915762901 0.210737958550453 0.332205832004547 0.255473345518112 0.140886381268501 0.0730794370174408 0.0325944870710373 0.0336820594966412 0.0315483398735523 0.0343326851725578 0.0407572686672211 0.0949673801660538 0.0186887811869383 0.0172929763793945 0.0181452464312315 0.0181734226644039 0.0198709238320589 0.100796662271023 0.0422457717359066 0.0374212116003036 0.0299167446792126 0.0327721498906612 0.0347136706113815 0.0290156695991755 0.0413009077310562 0.223868370056152 0.0975678414106369 0.0172155480831861 0.0157196614891291 0.0158228259533644 0.0355767421424389 0.0351950414478779
0.065303310751915 0.0264080949127674 0.0138436974957585 0.00986927095800638 0.0089682824909687 0.00412959884852171 0.0106566119939089 0.0172118674963713 0.0563691630959511 0.0213710833340883 0.0214834064245224 0.0207922626286745 0.0229741670191288 0.0256778635084629 0.0725867599248886 0.240646556019783 0.239759221673012 0.13438081741333 0.138626232743263 0.0691363587975502 0.0352272167801857 0.0325322821736336 0.0156253408640623 0.0167850255966187 0.0172871332615614 0.0184366349130869 0.0192531645298004 0.0178915373980999 0.0183722339570522 0.0194708928465843 0.020550848916173 0.04563994333148 0.0432630479335785 0.0391782149672508 0.0349874198436737 0.0310571063309908 0.0358152166008949 0.0322105064988136 0.0408785007894039 0.0967458933591843 0.0304917022585869 0.017654687166214 0.0173051785677671 0.0180523525923491 0.0497215203940868 0.0408808514475822
0.0206898134201765 0.0183901283890009 0.0137157337740064 0.0102709531784058 0.00830980855971575 0.00433139037340879 0.00468876818194985 0.0125567177310586 0.0479667708277702 0.0636938363313675 0.0208023190498352 0.0202139616012573 0.0208399258553982 0.0204317308962345 0.0245549064129591 0.0869086980819702 0.128730788826942 0.107158064842224 0.0506895817816257 0.0309629645198584 0.0350053608417511 0.0319801270961761 0.0159971378743649 0.0171979181468487 0.0170510057359934 0.0174807831645012 0.0164926666766405 0.0152806453406811 0.0171064306050539 0.0194420237094164 0.0195986684411764 0.0195521507412195 0.0370802357792854 0.0375781357288361 0.0341388657689095 0.0156644973903894 0.0143740642815828 0.0329791605472565 0.0425980426371098 0.103990815579891 0.0282823089510202 0.0215213503688574 0.0190861523151398 0.0199282672256231 0.0423768535256386 0.0423450730741024
0.0160418916493654 0.0203124359250069 0.0394934192299843 0.014526417478919 0.00923350360244513 0.00434931274503469 0.00474759982898831 0.00540413754060864 0.0149797946214676 0.0215659365057945 0.0197559706866741 0.0183660946786404 0.0231773499399424 0.0235856808722019 0.019119868054986 0.0255148112773895 0.0308300741016865 0.0369593054056168 0.0197160560637712 0.0322059951722622 0.0352309308946133 0.0151091041043401 0.0155261009931564 0.0160861741751432 0.014562388882041 0.0159900765866041 0.0143232466652989 0.0138121135532856 0.0139172486960888 0.0165733620524406 0.0161021295934916 0.0173092950135469 0.0168695338070393 0.0171313788741827 0.0333023779094219 0.0146836182102561 0.0116621954366565 0.0285875871777534 0.0358358323574066 0.224517986178398 0.0304588060826063 0.0205723289400339 0.0193836372345686 0.0208737794309855 0.020942285656929 0.0478856861591339
0.00764995580539107 0.0165792051702738 0.0988893955945969 0.0968632623553276 0.0158964265137911 0.012030822224915 0.00564211327582598 0.00551994936540723 0.00617873389273882 0.00796070694923401 0.0201305784285069 0.00881673488765955 0.0220443103462458 0.0307205189019442 0.0104868868365884 0.0103201437741518 0.0127509878948331 0.0150770414620638 0.0155997974798083 0.0286811161786318 0.0150041580200195 0.0131008764728904 0.0140872858464718 0.0160101503133774 0.0155934737995267 0.0159087423235178 0.018854571506381 0.00700551085174084 0.00647970382124186 0.0144410468637943 0.0146279623731971 0.0157107207924128 0.0170788373798132 0.0151403527706861 0.0152578381821513 0.013570754788816 0.0116381635889411 0.0106749339029193 0.0290090125054121 0.0384351164102554 0.0266783591359854 0.0208994839340448 0.0235600937157869 0.020316431298852 0.020974975079298 0.0228601228445768
0.00732845952734351 0.0163538884371519 0.0173459760844707 0.0380799360573292 0.0408934205770493 0.0756867229938507 0.0412451326847076 0.00648528290912509 0.00664963433519006 0.0069789681583643 0.0226465426385403 0.00883262790739536 0.0257568806409836 0.0324215069413185 0.0124902315437794 0.0117975072935224 0.0112126870080829 0.0120391109958291 0.013365039601922 0.00758140720427036 0.0132016809657216 0.0131625076755881 0.0138500332832336 0.0134507268667221 0.0159623380750418 0.0165412370115519 0.0207599923014641 0.00722877262160182 0.00655939476564527 0.0135007696226239 0.0147243961691856 0.014706046320498 0.0166640672832727 0.0146030681207776 0.0132523998618126 0.0124413445591927 0.0126727260649204 0.00950876716524363 0.010410200804472 0.0122776078060269 0.023261833935976 0.0220183916389942 0.0231390558183193 0.0235801320523024 0.0209973379969597 0.0232900455594063
0.00668679364025593 0.00723351957276464 0.0150128658860922 0.0154960509389639 0.0343282148241997 0.0777955278754234 0.128007486462593 0.0187205672264099 0.00789608061313629 0.00697622401639819 0.00976685434579849 0.00923497788608074 0.0108665740117431 0.0124225979670882 0.0109939202666283 0.0113695356994867 0.011987691745162 0.0120125776156783 0.014534343034029 0.0163665302097797 0.00793580804020166 0.0153700103983283 0.0156114334240556 0.014217521995306 0.00633734883740544 0.00666863098740578 0.020121406763792 0.00711108557879925 0.00577262975275517 0.0065981219522655 0.0146225206553936 0.0162481274455786 0.0164464190602303 0.0133895631879568 0.0134781301021576 0.0116448374465108 0.0123027497902513 0.00907268654555082 0.00822592619806528 0.0125712584704161 0.0111832823604345 0.0204799696803093 0.0195908769965172 0.0222304854542017 0.0223972946405411 0.0254047326743603
0.00687280762940645 0.00661923503503203 0.00731484405696392 0.0150084681808949 0.0332375317811966 0.0812340527772903 0.141314372420311 0.0824920758605003 0.020573178306222 0.00752319768071175 0.00905171874910593 0.00977666489779949 0.0096358060836792 0.0104187671095133 0.00879271607846022 0.0099094845354557 0.0128582324832678 0.0119603192433715 0.0140485288575292 0.0168434530496597 0.0308801252394915 0.0158530529588461 0.00681088119745255 0.00295477663166821 0.00708803907036781 0.00770677765831351 0.00598385697230697 0.00548129295930266 0.00526382774114609 0.00560915237292647 0.0138621460646391 0.0172164086252451 0.0161167830228806 0.0126030696555972 0.0116114588454366 0.0114291226491332 0.0106337256729603 0.00933013390749693 0.00674967002123594 0.0275434497743845 0.0279035698622465 0.00967685598880053 0.0098210396245122 0.0192108191549778 0.0241360515356064 0.0306334439665079
0.00680786883458495 0.00621735816821456 0.00711962627246976 0.0149714769795537 0.0352674871683121 0.117105737328529 0.211200565099716 0.141445621848106 0.0509806163609028 0.00356519850902259 0.0251335706561804 0.0126303099095821 0.00947820860892534 0.0122960396111012 0.00402408884838223 0.00440222676843405 0.0151057802140713 0.0051489039324224 0.00666240276768804 0.00634336052462459 0.00700253527611494 0.015175137668848 0.00636846013367176 0.00283885491080582 0.00771297421306372 0.00938333012163639 0.00250466726720333 0.0057510775513947 0.0044981106184423 0.0049530016258359 0.00619252491742373 0.015899732708931 0.0139620108529925 0.013045190833509 0.0100961625576019 0.00975632667541504 0.00975805148482323 0.00852376874536276 0.00658263405784965 0.0113023808225989 0.0284927915781736 0.00892297457903624 0.00876367464661598 0.00976733863353729 0.0120062753558159 0.0264956913888454
