data/climate_estimation/maxent_output/Prosartes_smithii.asc
NCOLS 90 
NROWS 162 
XLLCORNER -125.583333333333 
YLLCORNER 36.0833333333333 
CELLSIZE 0.0833333333333333 
NODATA_value -3.4e+38 
[rows 120 to 139 of 162, columns 45 to 89 of 90]
0.000283948931610212 0.000264636008068919 0.000293677905574441 0.000667030806653202 0.00172880943864584 0.003070336766541 0.0283367615193129 0.100072935223579 0.203329488635063 0.178306594491005 0.274058282375336 0.301361262798309 0.402954161167145 0.559782922267914 0.521935224533081 0.465687394142151 0.351299464702606 0.197841793298721 0.144770711660385 0.137470066547394 0.100528836250305 0.0615668743848801 0.0253552403301001 0.00515099195763469 0.000748105405364186 0.000362244842108339 0.000334082433255389 0.000207906763534993 7.35227804398164e-05 0.000285242538666353 4.33426757808775e-05 1.51464755617781e-05 7.98389282863354e-06 2.67000655185257e-06 5.18785691383528e-06 6.60919795336667e-06 8.19728575152112e-06 1.01343148344313e-05 8.6769223344163e-06 8.296281521325e-06 8.80026618688134e-06 2.72916313406313e-05 0.00018365663709119 3.57315548171755e-05 3.82982398150489e-06
0.000211305101402104 0.00020703487098217 0.000186429097084329 0.000258382176980376 0.000983016449026763 0.00538878981024027 0.0321760065853596 0.0765494108200073 0.0454151630401611 0.116537369787693 0.239335283637047 0.290715485811234 0.374857544898987 0.641933083534241 0.555362939834595 0.475021630525589 0.431275188922882 0.354295969009399 0.232523679733276 0.129103779792786 0.0614189989864826 0.0770651400089264 0.0838445425033569 0.0255582220852375 0.000662618374917656 0.000561131862923503 0.000736276619136333 0.000658438308164477 0.00100740394555032 0.000208603392820805 9.55783762037754e-05 1.0711411050579e-05 5.24045935890172e-06 3.00066449199221e-06 4.06183971790597e-06 7.04801141182543e-06 9.55642190092476e-06 1.01493296824628e-05 1.03547290564165e-05 8.36980507301632e-06 2.14852843782865e-05 5.11383987031877e-05 0.000102794350823388 1.04060136436601e-05 8.20834975456819e-06
0.000179192400537431 0.000167087840964086 0.000175267734448425 0.000191343642654829 0.000358685821993276 0.00160196458455175 0.00666114594787359 0.0154770677909255 0.0267723370343447 0.0577839203178883 0.12973290681839 0.181891202926636 0.162905216217041 0.537957668304443 0.587016642093658 0.501966416835785 0.46244865655899 0.423266887664795 0.304105758666992 0.146824344992638 0.0626330152153969 0.0798940062522888 0.175058275461197 0.0887136310338974 0.00314695085398853 0.00197037379257381 0.00424343720078468 0.00169471220578998 0.000102826270449441 2.46276904363185e-05 1.96078544831835e-05 5.28127202414908e-06 4.28705243393779e-06 6.48813193038222e-06 7.74784712120891e-06 5.89117007621098e-06 7.52183086660807e-06 7.14491898179404e-06 7.13391409590258e-06 8.37509287521243e-06 1.65289839060279e-05 3.08867747662589e-05 1.45465692185098e-05 7.85447991802357e-06 9.80093682301231e-06
0.000158445574925281 0.000142369433888234 0.000137135546538047 0.000158759095938876 0.000249192700721323 0.000570974370930344 0.00299501535482705 0.00366970896720886 0.0108452243730426 0.0646320953965187 0.110658816993237 0.146987959742546 0.212183460593224 0.507749915122986 0.626583516597748 0.502135813236237 0.45270574092865 0.419723272323608 0.347438871860504 0.203582212328911 0.134342327713966 0.172885373234749 0.189682736992836 0.0966053828597069 0.003624536562711 0.00998487323522568 0.00161806948017329 0.00010137877688976 5.2817656978732e-05 2.47400002990616e-05 1.83635329449316e-05 6.882558864163e-06 4.6781115088379e-06 5.21661149832653e-06 7.54215398046654e-06 5.86939495406114e-06 6.88926047587302e-06 6.87820738676237e-06 6.86100020175218e-06 7.65375807532109e-06 6.41100405118777e-06 1.03878774098121e-05 7.88828856457258e-06 6.41328097117366e-06 1.04768378150766e-05
0.000219897294300608 0.00011926196020795 0.000119053955131676 0.000130153246573173 0.000178700938704424 0.000273531681159511 0.00106172997038811 0.00427384627982974 0.0228639747947454 0.0608039684593678 0.0707949176430702 0.0663245394825935 0.0954685658216476 0.113452814519405 0.483799189329147 0.527461230754852 0.491890609264374 0.427847295999527 0.445490211248398 0.313857227563858 0.221288844943047 0.11332444101572 0.087704598903656 0.121436104178429 0.00494132237508893 0.001918327761814 0.000487641809741035 0.000371032569091767 0.00234552379697561 0.000240771478274837 1.50151017805911e-05 1.65441906574415e-05 1.78154568857281e-05 1.41384807648137e-05 1.616762165213e-05 1.9676375814015e-05 1.99467631318839e-05 6.17800697000348e-06 1.15144775918452e-05 3.06638895608558e-07 2.0833317648794e-07 3.01836223570717e-07 8.22766742203385e-06 3.36938484224447e-07 2.64590344158933e-05
9.68268359429203e-05 0.000102834565041121 0.000103765509265941 0.000122592522529885 0.00014044348790776 0.000199512083781883 0.000474366941489279 0.00260914932005107 0.00756995426490903 0.0209150370210409 0.0265760291367769 0.0343403406441212 0.0838384106755257 0.17928147315979 0.302269011735916 0.559348821640015 0.497721582651138 0.465459406375885 0.460111916065216 0.395399838685989 0.201422333717346 0.12555168569088 0.108006067574024 0.137495338916779 0.00738552864640951 0.00134927511680871 0.00530973309651017 0.00353576382622123 0.00638861302286386 0.000685618841089308 3.10706927848514e-05 1.00661536635016e-05 9.73577516560908e-06 9.48196429817472e-06 8.48020863486454e-06 2.22527944515605e-07 2.38547016806478e-07 6.19150341663044e-06 8.26711766421795e-06 3.0647208859591e-07 3.2444037856294e-07 2.99232715406106e-06 2.25303296019774e-07 3.90210885825581e-07 4.2242061226716e-07
8.56183833093382e-05 9.18172809178941e-05 9.77004528976977e-05 0.000114824077172671 0.00013931468129158 0.000172838335856795 0.000321667146636173 0.00116497161798179 0.00351392244920135 0.0113656502217054 0.0154922707006335 0.019326401874423 0.0353474020957947 0.0249448753893375 0.108875967562199 0.370490223169327 0.477987259626389 0.489935904741287 0.472445726394653 0.461694717407227 0.249825000762939 0.146101579070091 0.12712650001049 0.146864652633667 0.00222608749754727 0.00133762054610997 0.00409213127568364 0.012957458384335 0.00776572246104479 0.000357447454007342 7.79365218477324e-05 1.2744575542456e-05 1.15749035103363e-05 1.51416761582368e-05 1.35683121698094e-05 8.83654502104037e-06 1.93987204966106e-07 2.21930235966283e-07 1.97617481489942e-07 2.22282892536896e-07 2.98212427196631e-07 4.6206511683522e-07 4.30278191743128e-07 3.33897673954198e-07 4.09946409263284e-07
8.60038489918225e-05 8.77646962180734e-05 9.64253631536849e-05 0.000122186655062251 0.000147380138514563 0.00018085038755089 0.000248712109168991 0.000569819298107177 0.00224384921602905 0.0075127063319087 0.00719181727617979 0.012903562746942 0.0187004711478949 0.0306353084743023 0.0546428523957729 0.217568621039391 0.460768431425095 0.505921721458435 0.492237120866776 0.516053140163422 0.406143516302109 0.159138768911362 0.141144692897797 0.129519745707512 0.00264556030742824 0.00112644862383604 0.00166655273642391 0.00800009444355965 0.010499244555831 6.43269813735969e-05 7.18505907570943e-05 4.08577725465875e-05 1.3625738574774e-05 1.27590928968857e-05 2.54096303251572e-05 2.27600194193656e-05 4.63457308796933e-06 4.24466088588815e-06 1.93455662156339e-07 1.76284871145072e-07 2.29627531211918e-07 1.74854477563713e-07 1.56705269205304e-07 1.25666872463626e-07 2.12042053249206e-07
8.12150319688953e-05 0.000100377474154811 0.000113092864921782 0.000126259052194655 0.000163715172675438 0.00020394402963575 0.00026365477242507 0.00041909801075235 0.000925324682611972 0.00183120369911194 0.00601915596053004 0.0108166066929698 0.0125058386474848 0.02494066208601 0.122733853757381 0.236469015479088 0.470979332923889 0.483241021633148 0.514205634593964 0.533176183700562 0.511082649230957 0.244899809360504 0.240109458565712 0.254174619913101 0.00982741452753544 0.00299856322817504 0.0100058959797025 0.0310635399073362 0.013703141361475 8.03534348960966e-05 6.74024413456209e-05 6.64139588479884e-05 1.62501510203583e-05 1.55791149154538e-05 2.16448097489774e-05 5.63552603125572e-05 1.29489262690186e-05 1.02073054222274e-05 2.95104314318451e-07 2.60300652143997e-07 2.16939866959365e-07 1.4179769891598e-07 1.1218894258036e-07 1.05634796909726e-07 1.26192944094328e-07
9.51397596509196e-05 0.000113892725494225 0.000140880161779933 0.000171269435668364 0.00019141125085298 0.000221564885578118 0.000273313780780882 0.000345928099704906 0.000518936896696687 0.00115982617717236 0.00238415808416903 0.00482067884877324 0.00729308556765318 0.00793798547238111 0.0198070667684078 0.0601224005222321 0.185727536678314 0.422478944063187 0.526534974575043 0.502719342708588 0.468573868274689 0.435560643672943 0.381201982498169 0.281599134206772 0.0454833693802357 0.0181558541953564 0.0363548286259174 0.0422893725335598 0.0214361436665058 0.000193768806639127 0.00010868877870962 5.50689364899881e-05 3.32165145664476e-05 2.11470960493898e-05 3.41222767019644e-05 0.000119276242912747 3.04134446196258e-05 3.18451998282399e-06 2.12639037044937e-07 3.46934200479154e-07 3.13406587792997e-07 2.37495768828921e-07 1.95753003140453e-07 1.83310319812335e-07 1.3455225200687e-07
0.000115693401312456 0.000153452041558921 0.000193463667528704 0.00022730664932169 0.000256847473792732 0.000285602145595476 0.000315814919304103 0.000325323519064113 0.000408121384680271 0.00185542041435838 0.00318231806159019 0.00473684445023537 0.00723292445763946 0.00556269055232406 0.0106448940932751 0.0588785968720913 0.26692807674408 0.54212474822998 0.538980841636658 0.494996249675751 0.549112915992737 0.540087342262268 0.408478409051895 0.304654270410538 0.0867941603064537 0.125157564878464 0.116944178938866 0.00697174854576588 0.000829087861347944 0.00246462039649487 0.000325002183672041 0.00174630712717772 0.000188159247045405 4.08727682952303e-05 2.33489117817953e-05 8.27813491923735e-05 2.44777875195723e-05 2.03570493795269e-06 1.6945813285929e-07 3.46947263096808e-06 2.97753422273672e-06 2.95299673780391e-06 5.29927092429716e-07 5.58299518615968e-07 2.7642704480968e-07
0.000171749488799833 0.000230718200327829 0.000267620722297579 0.00030766538111493 0.000305868510622531 0.000332626077579334 0.000365254381904379 0.000356297532562166 0.000410726817790419 0.000639214646071196 0.00230068084783852 0.0032433143351227 0.004233384039253 0.00461936835199594 0.00754574127495289 0.0415341071784496 0.288125693798065 0.549179553985596 0.569419205188751 0.548733472824097 0.565484404563904 0.52413022518158 0.46455442905426 0.344348460435867 0.206016108393669 0.136815413832664 0.126718506217003 0.0156563203781843 0.00241886102594435 0.0150443874299526 0.00611394364386797 0.00331265921704471 0.00633643288165331 0.000123913516290486 4.24949939770158e-05 0.000164328841492534 0.000158719019964337 2.78837114819908e-06 2.32200068239763e-06 1.62265905601089e-06 2.37743756770215e-06 3.4163465443271e-06 4.93851359806285e-07 3.01593036056147e-06 5.7735496739042e-07
0.00032853230368346 0.000375251489458606 0.000364971434464678 0.000400191114749759 0.000398023054003716 0.000401320983655751 0.000437791168224066 0.000418767856899649 0.000379942706786096 0.000444385601440445 0.00094202347099781 0.00156082783360034 0.00320171867497265 0.00424049096181989 0.0108028473332524 0.0369569435715675 0.150443807244301 0.415679126977921 0.577588856220245 0.572069525718689 0.564417481422424 0.457373887300491 0.427619934082031 0.358541429042816 0.298228293657303 0.222323954105377 0.143168225884438 0.0837928205728531 0.0119581697508693 0.040514063090086 0.0276470892131329 0.00581508222967386 0.0116793299093843 0.000590858922805637 8.16874235169962e-05 0.000254744489211589 0.00425082119181752 4.07239167543594e-05 6.58660655972199e-06 6.07912352279527e-06 1.55765164322474e-07 1.21763562788146e-07 1.13901506892944e-07 1.30203986259403e-07 2.16463647007004e-07
0.000496097782161087 0.000537897343747318 0.000466309895273298 0.000486608128994703 0.000480799411889166 0.000510306155774742 0.000501762435305864 0.000446073885541409 0.000385458784876391 0.000359734491212294 0.000676115334499627 0.00101153436116874 0.00217160489410162 0.00373203889466822 0.00867541320621967 0.0213479194790125 0.0518659874796867 0.136893287301064 0.264978021383286 0.570636630058289 0.580729007720947 0.507490754127502 0.427421599626541 0.365334302186966 0.279506266117096 0.228744760155678 0.198600143194199 0.154657736420631 0.0634766668081284 0.0744269341230392 0.0644223690032959 0.00821207277476788 0.00283539621159434 0.000353000068571419 0.000190331105841324 0.000354847405105829 0.00084376591257751 0.000187323050340638 2.03829804377165e-05 1.10703394966549e-05 2.711935167099e-06 2.67646828433499e-06 4.25239750256878e-06 3.55137018459573e-07 1.15004901601878e-07
0.000781969167292118 0.000657232070807368 0.000619149359408766 0.000615931407082826 0.000603364256676286 0.000589860719628632 0.000579440151341259 0.00049685052363202 0.000423863646574318 0.000559738429728895 0.000496501044835895 0.000692930072546005 0.00164476316422224 0.00255608302541077 0.00474146474152803 0.00982995051890612 0.0192143153399229 0.159256190061569 0.506422579288483 0.568667769432068 0.550220966339111 0.501791477203369 0.389653474092484 0.317284405231476 0.270636051893234 0.24932698905468 0.221319258213043 0.157612755894661 0.0930592864751816 0.0896377637982368 0.0675577968358994 0.0166017599403858 0.0110872993245721 0.00505951652303338 0.000427861115895212 0.000302883534459397 0.000351037801010534 0.000471436535008252 0.000204083335120231 3.03076758427778e-05 7.24072378943674e-05 4.05703667638591e-06 2.09484073820931e-06 3.7439227185132e-07 1.20268396130996e-07
0.00128246983513236 0.00094490748597309 0.000770624785218388 0.000718827941454947 0.000717424845788628 0.00076697173062712 0.00071346020558849 0.000551624805666506 0.000428944069426507 0.000544324691873044 0.000396621617255732 0.000374459254089743 0.000724013079889119 0.000980406999588013 0.00240989215672016 0.00876806955784559 0.0173510815948248 0.0862397775053978 0.336191415786743 0.477521926164627 0.543457865715027 0.459394842386246 0.399146378040314 0.37006476521492 0.308750838041306 0.249065846204758 0.215196281671524 0.163831934332848 0.139408022165298 0.104284211993217 0.0292438678443432 0.0133384242653847 0.0235666800290346 0.0152130722999573 0.0068997498601675 0.00123650254681706 0.000759847462177277 0.000730883970391005 0.000282584194792435 5.95194760535378e-05 9.82215351541527e-05 8.11367281130515e-05 9.24523828871315e-06 4.85366399516352e-06 7.73111921148484e-08
0.00191370840184391 0.00119558698497713 0.000804884009994566 0.000735227135010064 0.000774970336351544 0.000849370728246868 0.000953535723965615 0.000747195386793464 0.000461821182398126 0.000285739341052249 0.000189466954907402 0.000266124727204442 0.000380447221687064 0.000603128341026604 0.0016910593258217 0.00336851296015084 0.00779635226354003 0.0337868444621563 0.0482138842344284 0.174525991082191 0.214805096387863 0.267633259296417 0.445438146591187 0.408241420984268 0.333678364753723 0.271352857351303 0.229829773306847 0.191815748810768 0.164705276489258 0.130708068609238 0.0405432097613811 0.0228542927652597 0.0268150642514229 0.0243814941495657 0.0118432529270649 0.00143904215656221 0.000708491774275899 0.000852682860568166 0.000379903707653284 0.000199045083718374 0.000100253069831524 1.75550849235151e-05 2.14818601307343e-06 2.48120113610639e-06 2.11127613169992e-07
0.0021280781365931 0.00117559742648154 0.000796350708696991 0.000714499154128134 0.000749832077417523 0.000894239055924118 0.00107523577753454 0.0007292574737221 0.000419038173276931 0.000266217102762312 0.00018051837105304 0.000134793153847568 0.0003673987230286 0.00147833244409412 0.000547424715477973 0.00132416712585837 0.00380815495736897 0.00416660588234663 0.0198750570416451 0.0985023751854897 0.283290803432465 0.520543217658997 0.484986841678619 0.412394016981125 0.333633124828339 0.27917492389679 0.241302028298378 0.205905124545097 0.175158813595772 0.147380501031876 0.1072011962533 0.0563248321413994 0.0321559272706509 0.0185832008719444 0.0095236636698246 0.00634536612778902 0.00113527534995228 0.00162167777307332 0.000579408428166062 0.000141263924888335 8.54854806675576e-05 4.14997157349717e-05 2.84268799077836e-06 4.89950889459578e-06 3.26176092357855e-07
0.00224404595792294 0.000989933731034398 0.00065087724942714 0.000590686453506351 0.00055558595340699 0.000622303632553667 0.000619633123278618 0.000444007018813863 0.000310390547383577 0.000218340093852021 0.000152532928041182 0.000115484392154031 0.000331284740241244 0.000535269093234092 0.000949563283938915 0.00073721562512219 0.00108728907071054 0.00477208383381367 0.0230793636292219 0.0688798129558563 0.245754212141037 0.398667722940445 0.529616296291351 0.418328255414963 0.344161778688431 0.281181842088699 0.23338994383812 0.202369913458824 0.182812035083771 0.157262668013573 0.136351823806763 0.0995689705014229 0.0390432476997375 0.0260158479213715 0.015633137896657 0.00998563319444656 0.00783680193126202 0.00140111846849322 0.000839558953884989 0.000639240839518607 0.000315128010697663 0.000170986997545697 6.5464228100609e-05 1.10034789031488e-05 2.50929929279664e-06
0.00234921392984688 0.000817157793790102 0.000565315829589963 0.000445964105892926 0.000396096264012158 0.000372500391677022 0.000323397049214691 0.000240642140852287 0.000209636666113511 0.000161686184583232 0.000129423613543622 0.00010065890091937 0.000105467071989551 0.000188278499990702 0.000164034776389599 0.000208533994737081 0.000568409857805818 0.00118781754281372 0.00484361592680216 0.0109438365325332 0.103025145828724 0.0996317192912102 0.250896066427231 0.123939350247383 0.283832937479019 0.279529720544815 0.244664907455444 0.208656474947929 0.187821179628372 0.157250091433525 0.148131757974625 0.123992115259171 0.0655594393610954 0.0472063645720482 0.0292702130973339 0.0190572291612625 0.0131629388779402 0.00804086215794086 0.00108307471964508 0.00085971032967791 0.000664979626890272 0.00032704442855902 8.40228240122087e-05 7.45493753129267e-06 3.07173536384653e-06
