data/climate_estimation/maxent_output/Prosartes_lanuginosa.asc
NCOLS 217 
NROWS 139 
XLLCORNER -93.9166666666667 
YLLCORNER 32.4166666666667 
CELLSIZE 0.0833333333333333 
NODATA_value -3.4e+38 
[rows 20 to 39 of 139, columns 88 to 131 of 217]
0.0985011160373688 0.100412525236607 0.100235231220722 0.101665802299976 0.100578211247921 0.113201528787613 0.111770085990429 0.106245703995228 0.0996636971831322 0.0801996663212776 0.0657476410269737 0.0596587210893631 0.0415816679596901 0.0305891409516335 0.0303050503134727 0.0310738701373339 0.0244082491844893 0.0257156249135733 0.026397367939353 0.0269780550152063 0.0279603581875563 0.0290707219392061 0.0295778103172779 0.0296089611947536 0.0250620450824499 0.0250298846513033 0.0258341636508703 0.0348657369613647 0.0450454093515873 0.0528194718062878 0.0590173676609993 0.0647131204605103 0.0829082950949669 0.0930776223540306 0.0966732874512672 0.0671296566724777 0.0625704973936081 0.0642234086990356 0.0637909322977066 0.0771160647273064 0.0912737771868706 0.113416977226734 0.15777462720871 0.255892604589462
0.123856492340565 0.126225039362907 0.124892763793468 0.124031417071819 0.123233959078789 0.10749439895153 0.103374034166336 0.0988713428378105 0.0928549394011497 0.0779721140861511 0.062074426561594 0.0506551191210747 0.041336715221405 0.0313667058944702 0.0319130793213844 0.0326892659068108 0.02907894551754 0.0300032682716846 0.0309752691537142 0.0358941368758678 0.0345210991799831 0.0458087064325809 0.0458666570484638 0.0394577570259571 0.0397841297090054 0.0300044436007738 0.0387548059225082 0.0447986200451851 0.052917692810297 0.0704812631011009 0.0803658366203308 0.0754609704017639 0.083462156355381 0.0941906124353409 0.0872686132788658 0.0668646395206451 0.0848733633756638 0.0840414613485336 0.08433598279953 0.104188516736031 0.134200140833855 0.182418704032898 0.239173516631126 0.304515838623047
0.117194920778275 0.134343102574348 0.115990787744522 0.112782076001167 0.10011813044548 0.114572763442993 0.112713173031807 0.0916985124349594 0.0886401385068893 0.0743743851780891 0.0528935715556145 0.0419876575469971 0.0405762046575546 0.0363259501755238 0.0368139259517193 0.027775052934885 0.0298584159463644 0.0360418111085892 0.0374726466834545 0.0405709967017174 0.0471945405006409 0.0548394918441772 0.0564397946000099 0.0565105937421322 0.0635279715061188 0.0489906296133995 0.0528174377977848 0.0691493451595306 0.0688192695379257 0.0811040848493576 0.0801100879907608 0.0843221098184586 0.093838706612587 0.0793970748782158 0.0749030783772469 0.0700301006436348 0.0671427622437477 0.0854923129081726 0.10031732916832 0.1269661039114 0.184850424528122 0.240953415632248 0.272398829460144 0.336509436368942
0.123524941504002 0.121234968304634 0.118520833551884 0.115416683256626 0.101500280201435 0.104551091790199 0.102000534534454 0.0981465205550194 0.0741123184561729 0.0701689347624779 0.0503966696560383 0.0414392165839672 0.0360351614654064 0.0360351614654064 0.0376216173171997 0.0374470576643944 0.034789651632309 0.0377534776926041 0.0527595020830631 0.0558709166944027 0.0561447516083717 0.0755877122282982 0.0781094878911972 0.102082937955856 0.0902662575244904 0.0762340873479843 0.0748655125498772 0.0831098705530167 0.0931593328714371 0.104811862111092 0.102701917290688 0.0946513041853905 0.0909795537590981 0.0748511701822281 0.0649599134922028 0.0642367303371429 0.0670396462082863 0.0737239196896553 0.101300410926342 0.123765602707863 0.177189826965332 0.213459998369217 0.27265003323555 0.30033928155899
0.147643372416496 0.166376352310181 0.126533016562462 0.121136218309402 0.120981320738792 0.126505091786385 0.11021976172924 0.0864606276154518 0.0807182490825653 0.0692651644349098 0.0502135828137398 0.0365598686039448 0.0365598686039448 0.0375819317996502 0.037389051169157 0.0392959043383598 0.0471796207129955 0.0528810285031796 0.0487691201269627 0.0666627883911133 0.0690689757466316 0.0914545804262161 0.120923884212971 0.122366562485695 0.119908951222897 0.116952493786812 0.0974372774362564 0.123616196215153 0.119138233363628 0.117695450782776 0.114915117621422 0.106999389827251 0.0885194018483162 0.0831240192055702 0.0795770436525345 0.0599547401070595 0.0635734647512436 0.0702990218997002 0.0729212686419487 0.103953160345554 0.131242573261261 0.182227596640587 0.181418180465698 0.210282638669014
0.159749940037727 0.160940259695053 0.158580794930458 0.15450245141983 0.132480785250664 0.118984654545784 0.105249777436256 0.10224948823452 0.0779770910739899 0.0591281540691853 0.0436819903552532 0.035774402320385 0.0370611734688282 0.0442320853471756 0.0449555553495884 0.0472524762153625 0.0500477701425552 0.0550222247838974 0.066796712577343 0.0682302340865135 0.0904987677931786 0.107828691601753 0.140531852841377 0.141773566603661 0.13546496629715 0.147905707359314 0.108553975820541 0.117106966674328 0.113777726888657 0.112615033984184 0.108288191258907 0.100878208875656 0.108184590935707 0.08005141466856 0.0771060362458229 0.072193332016468 0.0663141682744026 0.0656765624880791 0.0664099529385567 0.073128268122673 0.106701731681824 0.132360190153122 0.140064626932144 0.141072154045105
0.177050337195396 0.176369428634644 0.176876649260521 0.175362840294838 0.147647365927696 0.151812165975571 0.117928609251976 0.0891751423478127 0.0680303201079369 0.0567238964140415 0.0439311228692532 0.0415548235177994 0.0429121404886246 0.0444376207888126 0.0461939759552479 0.0457599982619286 0.0579006858170033 0.0647547021508217 0.0771922767162323 0.0798405110836029 0.106735229492188 0.108070641756058 0.135462567210197 0.13465242087841 0.129874870181084 0.106135055422783 0.114254526793957 0.110505506396294 0.107884459197521 0.108207330107689 0.105874828994274 0.0986664220690727 0.0973410233855247 0.0889915376901627 0.0837331488728523 0.0780583471059799 0.0631423741579056 0.0620095580816269 0.065275214612484 0.0716447159647942 0.0799097716808319 0.0849001556634903 0.0896259546279907 0.121114395558834
0.207469522953033 0.199601992964745 0.196045786142349 0.19842267036438 0.169681265950203 0.131311133503914 0.100739784538746 0.0851519480347633 0.0646308287978172 0.0702823475003242 0.0535498932003975 0.0531656891107559 0.0545705743134022 0.0523883178830147 0.0540256313979626 0.0583737567067146 0.0618232786655426 0.0726033076643944 0.077529564499855 0.103437952697277 0.105028606951237 0.102712213993073 0.1086540594697 0.105127841234207 0.101280391216278 0.130822837352753 0.109683983027935 0.103836067020893 0.102703735232353 0.133596643805504 0.112616650760174 0.0946692600846291 0.0932867601513863 0.0893267765641212 0.0807320699095726 0.07107163220644 0.0654606521129608 0.0682650282979012 0.0622170679271221 0.0686977729201317 0.0589096024632454 0.0627120658755302 0.0660636499524117 0.070334404706955
0.178358271718025 0.170359268784523 0.171175584197044 0.175176560878754 0.15253634750843 0.115361765027046 0.106274016201496 0.0814440846443176 0.0800586342811584 0.0631815791130066 0.0640847384929657 0.0621526911854744 0.0549028031527996 0.0641203597187996 0.0657043606042862 0.0644313618540764 0.0689817070960999 0.069276325404644 0.0767092332243919 0.101314716041088 0.101515285670757 0.0952872186899185 0.101651012897491 0.0995551496744156 0.0982467383146286 0.101079739630222 0.102849394083023 0.0980047807097435 0.126954674720764 0.114523380994797 0.108248732984066 0.0945598930120468 0.090232327580452 0.0868291035294533 0.0790406167507172 0.0702879577875137 0.074061393737793 0.0786411389708519 0.0555798932909966 0.0526775270700455 0.0495130680501461 0.0538998916745186 0.0517174825072289 0.0595822595059872
0.129793956875801 0.145035043358803 0.150511279702187 0.156406119465828 0.134015664458275 0.109239935874939 0.0933423414826393 0.0948406532406807 0.0739329755306244 0.063185378909111 0.0649040788412094 0.0628518462181091 0.0644184648990631 0.0636050403118134 0.0651767626404762 0.064677469432354 0.0672354251146317 0.0681328549981117 0.0782387927174568 0.0783206894993782 0.0759457349777222 0.0725477412343025 0.0829283446073532 0.0914792865514755 0.0876416563987732 0.0927645117044449 0.0936581268906593 0.10590622574091 0.110424309968948 0.108280807733536 0.114295035600662 0.0908048674464226 0.0890817940235138 0.0662891939282417 0.0618267320096493 0.0567771680653095 0.0625490695238113 0.0629510879516602 0.0585431084036827 0.0482827350497246 0.0445986278355122 0.0478979907929897 0.0516265854239464 0.0519964881241322
0.12412516772747 0.117257580161095 0.115063712000847 0.117595352232456 0.0999025106430054 0.106555081903934 0.0852108523249626 0.0866759419441223 0.0743412971496582 0.0677149742841721 0.0744294002652168 0.0753719583153725 0.0745381787419319 0.0661336183547974 0.0659325495362282 0.0666369944810867 0.064029224216938 0.0634055733680725 0.0539426207542419 0.0545264668762684 0.0608084164559841 0.0679256543517113 0.0763022750616074 0.0729444921016693 0.0680898055434227 0.0892534106969833 0.089547872543335 0.1061757132411 0.105106212198734 0.105323016643524 0.0903715491294861 0.0874064043164253 0.0681649670004845 0.0663398802280426 0.04886868968606 0.0475471168756485 0.0513693541288376 0.0521813780069351 0.0621279813349247 0.0501798875629902 0.0538247488439083 0.0571969151496887 0.0583738870918751 0.0604186952114105
0.0987264364957809 0.0862115323543549 0.0984622314572334 0.0837092325091362 0.0877996683120728 0.0917663276195526 0.0848315954208374 0.0768408849835396 0.0683228224515915 0.0693833604454994 0.0692448914051056 0.0777348428964615 0.0762579292058945 0.0761063098907471 0.0763692706823349 0.0734520927071571 0.05958641320467 0.0501733794808388 0.0508243925869465 0.0513110533356667 0.0558290109038353 0.0555492006242275 0.0709077268838882 0.0678821429610252 0.0654610320925713 0.0667424276471138 0.0771645456552505 0.0855433121323586 0.101735018193722 0.103096388280392 0.0904714688658714 0.0789705291390419 0.0697428062558174 0.0524209588766098 0.0509666502475739 0.0380383841693401 0.0423083081841469 0.0565931014716625 0.0576091185212135 0.0608879514038563 0.0630182549357414 0.0592348910868168 0.0547658503055573 0.0768085345625877
0.0770502239465714 0.0841796323657036 0.0840270668268204 0.0837092325091362 0.0889761969447136 0.0731290951371193 0.0754776149988174 0.0798303335905075 0.0713062807917595 0.0821053981781006 0.0802439823746681 0.0912221521139145 0.100137375295162 0.0981841534376144 0.0960577353835106 0.0756504461169243 0.0637570917606354 0.0474503040313721 0.0475142411887646 0.053446389734745 0.0521067082881927 0.0519613921642303 0.057285625487566 0.0565270893275738 0.0635286569595337 0.0649802833795547 0.0744253098964691 0.0782880485057831 0.103115499019623 0.103347592055798 0.0815387293696404 0.0840171724557877 0.0651643946766853 0.0545786172151566 0.0478113777935505 0.0469139628112316 0.0457852222025394 0.0617704354226589 0.0706865563988686 0.0714998245239258 0.0793801471590996 0.0795970261096954 0.0866495743393898 0.0931887775659561
0.0754547268152237 0.0729955360293388 0.0724412202835083 0.0682343319058418 0.0719600468873978 0.0738431587815285 0.0772200599312782 0.072588175535202 0.0750483274459839 0.0732628926634789 0.0815708562731743 0.0907149538397789 0.112711638212204 0.0948247089982033 0.0879810974001884 0.0831428393721581 0.0707898810505867 0.0597850829362869 0.0502501726150513 0.0508845895528793 0.0489924699068069 0.0480573065578938 0.0546559877693653 0.0476148724555969 0.0621038563549519 0.0629959255456924 0.0723771303892136 0.0740706399083138 0.101124443113804 0.0926058888435364 0.0838022008538246 0.0858567357063293 0.0661999806761742 0.0531061664223671 0.0530836172401905 0.0599194802343845 0.0789146646857262 0.0782869309186935 0.090339682996273 0.0899313762784004 0.103070303797722 0.0974726378917694 0.133995592594147 0.127583608031273
0.0563617199659348 0.0753622204065323 0.0674450099468231 0.0780755653977394 0.0813522487878799 0.074316494166851 0.0781586021184921 0.0814764052629471 0.0822923928499222 0.0954013615846634 0.101904928684235 0.114017494022846 0.10970301181078 0.1164535805583 0.115796208381653 0.111199907958508 0.0897788479924202 0.0666311234235764 0.0560961551964283 0.0479756221175194 0.0477913692593575 0.0518629401922226 0.0526270382106304 0.053780484944582 0.062121044844389 0.0606205984950066 0.0736446753144264 0.0747165828943253 0.0890754386782646 0.093516081571579 0.0976525321602821 0.0784253254532814 0.0813275799155235 0.083775594830513 0.0755307897925377 0.0986890867352486 0.0978395715355873 0.0954307243227959 0.108829975128174 0.119782395660877 0.139771789312363 0.147032082080841 0.159260466694832 0.157268822193146
0.0571796149015427 0.0578047074377537 0.0596934221684933 0.0615312159061432 0.0637635439634323 0.082832857966423 0.0856239199638367 0.0896483436226845 0.104564733803272 0.09975765645504 0.110730275511742 0.111019231379032 0.139384970068932 0.134145945310593 0.129207625985146 0.124855257570744 0.102713994681835 0.0878760069608688 0.0701842978596687 0.0540729612112045 0.0535012558102608 0.0506323501467705 0.0529845207929611 0.0627626106142998 0.0613836869597435 0.0707551911473274 0.0734409540891647 0.0849876701831818 0.0888982489705086 0.0927965864539146 0.0981208309531212 0.102727003395557 0.0936896577477455 0.0975844711065292 0.0926858857274055 0.117926433682442 0.116090185940266 0.113652728497982 0.128376245498657 0.144231960177422 0.144418656826019 0.174120381474495 0.189639940857887 0.183597281575203
0.0627396404743195 0.0634906515479088 0.0754579827189445 0.0782276168465614 0.0802216976881027 0.0824516490101814 0.0852145180106163 0.0845628157258034 0.106600917875767 0.109886758029461 0.12610898911953 0.122779332101345 0.133248180150986 0.130032151937485 0.125884920358658 0.122370861470699 0.118627302348614 0.0980162844061852 0.0734443739056587 0.062018271535635 0.0611403696238995 0.0601813606917858 0.0587433129549026 0.0681696459650993 0.0703441575169563 0.0808333158493042 0.0823411867022514 0.0854628160595894 0.0846257582306862 0.0906858146190643 0.0940364077687263 0.102477215230465 0.0937860235571861 0.112473472952843 0.114630006253719 0.103410683572292 0.113017484545708 0.132612258195877 0.147860988974571 0.144537329673767 0.150299310684204 0.184756487607956 0.182435795664787 0.192882061004639
0.0717633441090584 0.0726180374622345 0.0752446129918098 0.0786448419094086 0.0797579661011696 0.0812327861785889 0.0944933295249939 0.1063526943326 0.10515733063221 0.108644790947437 0.135376542806625 0.130744516849518 0.148283541202545 0.142277702689171 0.142159983515739 0.136045411229134 0.119743533432484 0.100146278738976 0.0849113240838051 0.0706564784049988 0.0592233166098595 0.0685530155897141 0.0683439150452614 0.0869551748037338 0.0905567929148674 0.0790412649512291 0.0815937072038651 0.083629347383976 0.0843930616974831 0.0903690531849861 0.107397302985191 0.115812703967094 0.121553152799606 0.111596643924713 0.128326833248138 0.131296098232269 0.129900008440018 0.126946493983269 0.128162384033203 0.132786080241203 0.176831722259521 0.188969597220421 0.231021359562874 0.224884673953056
0.0703955069184303 0.075175978243351 0.0767445638775826 0.0790005549788475 0.0753484293818474 0.10131011903286 0.106669306755066 0.109334111213684 0.107430838048458 0.138076707720757 0.134855851531029 0.14833801984787 0.148175194859505 0.14761009812355 0.143560409545898 0.138427749276161 0.118814572691917 0.117706410586834 0.0980609804391861 0.0825552716851234 0.0808441936969757 0.0793256759643555 0.102082997560501 0.0978149622678757 0.087190069258213 0.0901042148470879 0.0930661931633949 0.0960215255618095 0.099521741271019 0.108122572302818 0.110581494867802 0.103239089250565 0.137527242302895 0.123208940029144 0.129087880253792 0.143364891409874 0.144670158624649 0.160896837711334 0.128306567668915 0.152006760239601 0.1408431828022 0.171703040599823 0.186935126781464 0.228446185588837
0.087636761367321 0.0847881063818932 0.0862206593155861 0.089965283870697 0.100474812090397 0.120569638907909 0.125577375292778 0.123814731836319 0.162734791636467 0.163077220320702 0.158061504364014 0.178029224276543 0.151715531945229 0.149943649768829 0.148472562432289 0.143546879291534 0.142645105719566 0.119378224015236 0.13452810049057 0.111298441886902 0.109579667448997 0.0954421386122704 0.0930999517440796 0.117466032505035 0.10371009260416 0.0938411951065063 0.0969656109809875 0.0976222977042198 0.0934267118573189 0.10760685801506 0.129779264330864 0.12102622538805 0.125988632440567 0.124956168234348 0.143417716026306 0.141370609402657 0.138954922556877 0.146314144134521 0.164777874946594 0.150902405381203 0.136113733053207 0.147423431277275 0.183565035462379 0.223655834794044
