data/climate_estimation/maxent_output/Prosartes_smithii.asc
NCOLS 90 
NROWS 162 
XLLCORNER -125.583333333333 
YLLCORNER 36.0833333333333 
CELLSIZE 0.0833333333333333 
NODATA_value -3.4e+38 
[rows 60 to 79 of 162, columns 0 to 44 of 90]
-3.4e+38 -3.4e+38 -3.4e+38 -3.4e+38 -3.4e+38 -3.4e+38 -3.4e+38 -3.4e+38 -3.4e+38 -3.4e+38 -3.4e+38 -3.4e+38 -3.4e+38 -3.4e+38 -3.4e+38 -3.4e+38 -3.4e+38 -3.4e+38 0.809192597866058 0.815756618976593 0.786037743091583 0.814940392971039 0.816243469715118 0.797156095504761 0.776604473590851 0.753239274024963 0.692121028900146 0.664598405361176 0.577276289463043 0.53803163766861 0.538429200649261 0.603457510471344 0.62682169675827 0.675857961177826 0.701391756534576 0.786190509796143 0.789219439029694 0.782242357730865 0.770878672599792 0.750815868377686 0.711700856685638 0.651005864143372 0.624590992927551 0.593889057636261 0.586279988288879
-3.4e+38 -3.4e+38 -3.4e+38 -3.4e+38 -3.4e+38 -3.4e+38 -3.4e+38 -3.4e+38 -3.4e+38 -3.4e+38 -3.4e+38 -3.4e+38 -3.4e+38 -3.4e+38 -3.4e+38 -3.4e+38 -3.4e+38 -3.4e+38 0.807013332843781 0.801085889339447 0.754439771175385 0.777589201927185 0.780808091163635 0.776208698749542 0.776570975780487 0.767160654067993 0.702739179134369 0.653454422950745 0.593778729438782 0.522145569324493 0.517824232578278 0.741771638393402 0.775415778160095 0.703701555728912 0.697367191314697 0.787810266017914 0.792519092559814 0.785383760929108 0.743510127067566 0.711413860321045 0.645995616912842 0.622717618942261 0.58275693655014 0.565859019756317 0.551676094532013
-3.4e+38 -3.4e+38 -3.4e+38 -3.4e+38 -3.4e+38 -3.4e+38 -3.4e+38 -3.4e+38 -3.4e+38 -3.4e+38 -3.4e+38 -3.4e+38 -3.4e+38 -3.4e+38 -3.4e+38 -3.4e+38 -3.4e+38 0.824639678001404 0.800989508628845 0.810818493366241 0.813315212726593 0.814615547657013 0.818702101707458 0.803901791572571 0.794799387454987 0.787538886070251 0.728904664516449 0.649296224117279 0.594071626663208 0.562249600887299 0.559326887130737 0.712897717952728 0.752869188785553 0.749404907226562 0.722536027431488 0.691788613796234 0.749361753463745 0.745173215866089 0.725647807121277 0.681903481483459 0.649923741817474 0.582566201686859 0.579128682613373 0.536617040634155 0.532331883907318
-3.4e+38 -3.4e+38 -3.4e+38 -3.4e+38 -3.4e+38 -3.4e+38 -3.4e+38 -3.4e+38 -3.4e+38 -3.4e+38 -3.4e+38 -3.4e+38 -3.4e+38 -3.4e+38 -3.4e+38 -3.4e+38 -3.4e+38 0.802003562450409 0.777179300785065 0.806897222995758 0.813633263111115 0.826951384544373 0.822254061698914 0.810154259204865 0.784204363822937 0.794263780117035 0.739124000072479 0.680323481559753 0.584492385387421 0.589810729026794 0.600369572639465 0.763208568096161 0.765753149986267 0.761550068855286 0.752097070217133 0.738417506217957 0.728054583072662 0.685854017734528 0.696040689945221 0.636060178279877 0.631730198860168 0.577858090400696 0.553751409053802 0.499978065490723 0.505028069019318
-3.4e+38 -3.4e+38 -3.4e+38 -3.4e+38 -3.4e+38 -3.4e+38 -3.4e+38 -3.4e+38 -3.4e+38 -3.4e+38 -3.4e+38 -3.4e+38 -3.4e+38 -3.4e+38 -3.4e+38 -3.4e+38 -3.4e+38 0.783374547958374 0.772992014884949 0.763315260410309 0.814728677272797 0.808231770992279 0.816572666168213 0.796580493450165 0.806009232997894 0.794368326663971 0.744991362094879 0.646268248558044 0.569502532482147 0.573723673820496 0.718353092670441 0.756518959999084 0.770330488681793 0.750842928886414 0.74389773607254 0.722468912601471 0.713848173618317 0.688165783882141 0.651513934135437 0.63967502117157 0.609134078025818 0.572520732879639 0.528678119182587 0.502286314964294 0.4901422560215
-3.4e+38 -3.4e+38 -3.4e+38 -3.4e+38 -3.4e+38 -3.4e+38 -3.4e+38 -3.4e+38 -3.4e+38 -3.4e+38 -3.4e+38 -3.4e+38 -3.4e+38 -3.4e+38 -3.4e+38 -3.4e+38 -3.4e+38 0.788696348667145 0.783517360687256 0.810523509979248 0.807054162025452 0.810947358608246 0.808799922466278 0.802204132080078 0.800740718841553 0.768388152122498 0.725451529026031 0.624507427215576 0.563353538513184 0.570730865001678 0.706586003303528 0.773124516010284 0.764127731323242 0.769463837146759 0.759285748004913 0.708175003528595 0.685656070709229 0.691489458084106 0.6278116106987 0.626039743423462 0.60341888666153 0.537716746330261 0.500965118408203 0.478143781423569 0.467056423425674
-3.4e+38 -3.4e+38 -3.4e+38 -3.4e+38 -3.4e+38 -3.4e+38 -3.4e+38 -3.4e+38 -3.4e+38 -3.4e+38 -3.4e+38 -3.4e+38 -3.4e+38 -3.4e+38 -3.4e+38 -3.4e+38 -3.4e+38 0.833798468112946 0.816732823848724 0.812917828559875 0.821646690368652 0.806600093841553 0.798159897327423 0.806709706783295 0.785752892494202 0.765919387340546 0.712307095527649 0.639600157737732 0.650000810623169 0.675705850124359 0.657773852348328 0.698738694190979 0.760077059268951 0.755370318889618 0.752976655960083 0.705888688564301 0.679338216781616 0.652659237384796 0.623105704784393 0.591046392917633 0.560393631458282 0.513342022895813 0.478460639715195 0.450520843267441 0.451401442289352
-3.4e+38 -3.4e+38 -3.4e+38 -3.4e+38 -3.4e+38 -3.4e+38 -3.4e+38 -3.4e+38 -3.4e+38 -3.4e+38 -3.4e+38 -3.4e+38 -3.4e+38 -3.4e+38 -3.4e+38 -3.4e+38 -3.4e+38 0.829506754875183 0.811384439468384 0.818614542484283 0.801273465156555 0.789301097393036 0.792161047458649 0.780355870723724 0.771051704883575 0.767007112503052 0.748359322547913 0.699007451534271 0.708712041378021 0.736966907978058 0.709011912345886 0.699931681156158 0.729791343212128 0.709841966629028 0.681256949901581 0.711033940315247 0.682987451553345 0.640258967876434 0.592383146286011 0.542603135108948 0.527650892734528 0.493020176887512 0.459194093942642 0.436723381280899 0.453993767499924
-3.4e+38 -3.4e+38 -3.4e+38 -3.4e+38 -3.4e+38 -3.4e+38 -3.4e+38 -3.4e+38 -3.4e+38 -3.4e+38 -3.4e+38 -3.4e+38 -3.4e+38 -3.4e+38 -3.4e+38 -3.4e+38 -3.4e+38 0.838135957717896 0.82620495557785 0.816036939620972 0.806035757064819 0.779904246330261 0.790889620780945 0.771350204944611 0.765637755393982 0.746756911277771 0.743069887161255 0.731361091136932 0.71692955493927 0.751149356365204 0.725926697254181 0.7710120677948 0.770040333271027 0.739466726779938 0.708128929138184 0.67157781124115 0.654981374740601 0.609631359577179 0.5948765873909 0.548671960830688 0.521013081073761 0.476620078086853 0.445224612951279 0.442660123109818 0.415973782539368
-3.4e+38 -3.4e+38 -3.4e+38 -3.4e+38 -3.4e+38 -3.4e+38 -3.4e+38 -3.4e+38 -3.4e+38 -3.4e+38 -3.4e+38 -3.4e+38 -3.4e+38 -3.4e+38 -3.4e+38 -3.4e+38 0.823578119277954 0.825141906738281 0.821174919605255 0.820493936538696 0.805470883846283 0.806714594364166 0.773437798023224 0.754072606563568 0.755391597747803 0.728596687316895 0.731288313865662 0.703480303287506 0.714306950569153 0.742295444011688 0.718206226825714 0.751013398170471 0.764525413513184 0.697980165481567 0.645704805850983 0.665655374526978 0.657157123088837 0.610764801502228 0.575197100639343 0.544159352779388 0.497288525104523 0.458625286817551 0.425609201192856 0.417105227708817 0.336243212223053
-3.4e+38 -3.4e+38 -3.4e+38 -3.4e+38 -3.4e+38 -3.4e+38 -3.4e+38 -3.4e+38 -3.4e+38 -3.4e+38 -3.4e+38 -3.4e+38 -3.4e+38 -3.4e+38 -3.4e+38 -3.4e+38 0.826577007770538 0.830963492393494 0.830501675605774 0.807072162628174 0.785490691661835 0.773213863372803 0.775204658508301 0.738037109375 0.735648393630981 0.700277388095856 0.695881605148315 0.656486988067627 0.68480509519577 0.734595119953156 0.747564136981964 0.736573994159698 0.743662893772125 0.706183910369873 0.690569996833801 0.630332946777344 0.599728643894196 0.550928056240082 0.562958061695099 0.521016716957092 0.472695887088776 0.43600007891655 0.420560449361801 0.41244849562645 0.251079708337784
-3.4e+38 -3.4e+38 -3.4e+38 -3.4e+38 -3.4e+38 -3.4e+38 -3.4e+38 -3.4e+38 -3.4e+38 -3.4e+38 -3.4e+38 -3.4e+38 -3.4e+38 -3.4e+38 -3.4e+38 -3.4e+38 0.830262303352356 0.835874617099762 0.811693847179413 0.786048710346222 0.790140748023987 0.779322385787964 0.7371506690979 0.668178975582123 0.588860809803009 0.669202983379364 0.66398161649704 0.593041837215424 0.612345039844513 0.70239669084549 0.716815888881683 0.69680380821228 0.694997191429138 0.676291465759277 0.639286458492279 0.584777355194092 0.557339549064636 0.555773019790649 0.534126341342926 0.482716709375381 0.464514434337616 0.415348827838898 0.411624103784561 0.388756841421127 0.173999518156052
-3.4e+38 -3.4e+38 -3.4e+38 -3.4e+38 -3.4e+38 -3.4e+38 -3.4e+38 -3.4e+38 -3.4e+38 -3.4e+38 -3.4e+38 -3.4e+38 -3.4e+38 -3.4e+38 -3.4e+38 -3.4e+38 0.819602608680725 0.818895578384399 0.816360592842102 0.770873129367828 0.766741335391998 0.768549263477325 0.750478804111481 0.727295398712158 0.518291234970093 0.700071930885315 0.68582159280777 0.568673193454742 0.669900178909302 0.686257123947144 0.694461107254028 0.664742946624756 0.64452463388443 0.627160787582397 0.609924256801605 0.574955523014069 0.558013916015625 0.559092283248901 0.516767680644989 0.469035536050797 0.43047896027565 0.422862529754639 0.391732335090637 0.278748780488968 0.172412782907486
-3.4e+38 -3.4e+38 -3.4e+38 -3.4e+38 -3.4e+38 -3.4e+38 -3.4e+38 -3.4e+38 -3.4e+38 -3.4e+38 -3.4e+38 -3.4e+38 -3.4e+38 -3.4e+38 -3.4e+38 0.806579947471619 0.824869334697723 0.826774537563324 0.799336910247803 0.791841983795166 0.765007197856903 0.744298100471497 0.735589504241943 0.708660185337067 0.645656287670135 0.642637193202972 0.481665313243866 0.380448132753372 0.473916709423065 0.604965090751648 0.656968891620636 0.640653789043427 0.643717646598816 0.609137237071991 0.591323018074036 0.583382904529572 0.536733627319336 0.499690800905228 0.503902912139893 0.45323520898819 0.404522359371185 0.406373888254166 0.363765627145767 0.218913376331329 0.158071279525757
-3.4e+38 -3.4e+38 -3.4e+38 -3.4e+38 -3.4e+38 -3.4e+38 -3.4e+38 -3.4e+38 -3.4e+38 -3.4e+38 -3.4e+38 -3.4e+38 -3.4e+38 -3.4e+38 0.777447283267975 0.796652972698212 0.845959007740021 0.822693228721619 0.826140463352203 0.787772953510284 0.771585404872894 0.765378475189209 0.724612653255463 0.716322422027588 0.646504878997803 0.474594742059708 0.303384572267532 0.38253790140152 0.497367024421692 0.563145458698273 0.658262014389038 0.630601346492767 0.634341895580292 0.610825598239899 0.588262677192688 0.560780942440033 0.513060390949249 0.485860049724579 0.460027724504471 0.429641395807266 0.416110277175903 0.395173847675323 0.383235365152359 0.241659238934517 0.134870409965515
-3.4e+38 -3.4e+38 -3.4e+38 -3.4e+38 -3.4e+38 -3.4e+38 -3.4e+38 -3.4e+38 -3.4e+38 -3.4e+38 -3.4e+38 -3.4e+38 -3.4e+38 -3.4e+38 0.754691123962402 0.809050500392914 0.809905827045441 0.810394823551178 0.792619109153748 0.764389514923096 0.75250381231308 0.746496617794037 0.72760146856308 0.711929380893707 0.69609522819519 0.267520517110825 0.203396648168564 0.267946153879166 0.29430815577507 0.351139813661575 0.500836551189423 0.612843155860901 0.591134786605835 0.59488832950592 0.578671813011169 0.537634491920471 0.47532457113266 0.485139131546021 0.455046087503433 0.415846228599548 0.371253341436386 0.32912278175354 0.366025567054749 0.400920569896698 0.199880421161652
-3.4e+38 -3.4e+38 -3.4e+38 -3.4e+38 -3.4e+38 -3.4e+38 -3.4e+38 -3.4e+38 -3.4e+38 -3.4e+38 -3.4e+38 -3.4e+38 -3.4e+38 -3.4e+38 0.767803132534027 0.803661406040192 0.810516953468323 0.823890805244446 0.792172491550446 0.765023708343506 0.720944106578827 0.704340994358063 0.711681246757507 0.697211682796478 0.634885191917419 0.321876645088196 0.14221465587616 0.246744140982628 0.22935551404953 0.549246966838837 0.496797472238541 0.595640480518341 0.580552875995636 0.573239684104919 0.552266001701355 0.522285044193268 0.501810491085052 0.469539672136307 0.433143258094788 0.417893648147583 0.404782235622406 0.37566065788269 0.47106397151947 0.401819139719009 0.143002539873123
-3.4e+38 -3.4e+38 -3.4e+38 -3.4e+38 -3.4e+38 -3.4e+38 -3.4e+38 -3.4e+38 -3.4e+38 -3.4e+38 -3.4e+38 -3.4e+38 -3.4e+38 0.757475018501282 0.770472049713135 0.786824226379395 0.810442507266998 0.817268908023834 0.801940619945526 0.765315353870392 0.75275582075119 0.719254612922668 0.701793909072876 0.673104107379913 0.548775315284729 0.259166091680527 0.149630904197693 0.328300565481186 0.465681999921799 0.481333196163177 0.570771098136902 0.583139359951019 0.574883103370667 0.552412509918213 0.534560143947601 0.512597918510437 0.492252767086029 0.47130286693573 0.452762633562088 0.438048481941223 0.431433707475662 0.433404594659805 0.463178902864456 0.231508120894432 0.0859700962901115
-3.4e+38 -3.4e+38 -3.4e+38 -3.4e+38 -3.4e+38 -3.4e+38 -3.4e+38 -3.4e+38 -3.4e+38 -3.4e+38 -3.4e+38 -3.4e+38 -3.4e+38 0.770152270793915 0.777191340923309 0.789141118526459 0.810402393341064 0.800016045570374 0.772519111633301 0.756476640701294 0.730877459049225 0.712505578994751 0.700879812240601 0.664340853691101 0.563532173633575 0.545190393924713 0.327497392892838 0.248375788331032 0.215764731168747 0.289360225200653 0.402647763490677 0.57343977689743 0.543284237384796 0.427686035633087 0.39605438709259 0.474572002887726 0.486719191074371 0.473535776138306 0.434326142072678 0.408307820558548 0.435005277395248 0.505688726902008 0.443910419940948 0.158529579639435 0.0830277651548386
-3.4e+38 -3.4e+38 -3.4e+38 -3.4e+38 -3.4e+38 -3.4e+38 -3.4e+38 -3.4e+38 -3.4e+38 -3.4e+38 -3.4e+38 -3.4e+38 -3.4e+38 0.773949503898621 0.768401384353638 0.74718302488327 0.777911305427551 0.779962778091431 0.766734302043915 0.726648449897766 0.726096332073212 0.718550443649292 0.687749922275543 0.673177361488342 0.638248264789581 0.602510690689087 0.260536879301071 0.154330939054489 0.157137095928192 0.152569711208344 0.246439561247826 0.309844881296158 0.28554505109787 0.423875778913498 0.379748493432999 0.501618981361389 0.483634293079376 0.456519186496735 0.39478787779808 0.421921879053116 0.528136730194092 0.530196368694305 0.503759145736694 0.313511669635773 0.0863427594304085
