data/climate_estimation/maxent_output/Prosartes_trachycarpa.asc
NCOLS 607 
NROWS 333 
XLLCORNER -132.833333333333 
YLLCORNER 30.75 
CELLSIZE 0.0833333333333333 
NODATA_value -3.4e+38 
[rows 300 to 319 of 333, columns 506 to 551 of 607]
0.00779262371361256 0.00770628917962313 0.0073808990418911 0.00746304029598832 0.00810212828218937 0.00834693107753992 0.00882099010050297 0.00931705068796873 0.00883598998188972 0.00843931268900633 0.00851970259100199 0.00843964517116547 0.00836631003767252 0.0078791743144393 0.00738978292793036 0.0071341092698276 0.00689746020361781 0.00722503708675504 0.00753380684182048 0.00753303477540612 0.00726708956062794 0.00698296399787068 0.00722099933773279 0.00714893825352192 0.00697942730039358 0.00733152916654944 0.00750336749479175 0.00719344243407249 0.00764848850667477 0.00757761904969811 0.00717362528666854 0.00659846886992455 0.00590850971639156 0.0062025161460042 0.0060188234783709 0.00567613821476698 0.0056441524066031 0.00602699443697929 0.00655392883345485 0.0065407520160079 0.00663960678502917 0.00687756529077888 0.00690558226779103 0.00799317378550768 0.00868272874504328 0.00996966753154993
0.00790439825505018 0.00721728196367621 0.00712064607068896 0.00782458391040564 0.00783607456833124 0.00834074802696705 0.00820794980973005 0.00808190461248159 0.00786141771823168 0.00757579458877444 0.00761973299086094 0.00747077353298664 0.00714596547186375 0.00718057807534933 0.0068423617631197 0.00669192522764206 0.00713898474350572 0.00734839402139187 0.00730200903490186 0.0072023500688374 0.00716779893264174 0.00679563311859965 0.00708952080458403 0.00706571480259299 0.00710786832496524 0.00707176886498928 0.00739175966009498 0.00685331132262945 0.0073073455132544 0.00711573893204331 0.00681333197280765 0.00638338318094611 0.00601531658321619 0.00599109707400203 0.00572069874033332 0.00575676932930946 0.00564834009855986 0.00584758911281824 0.00660133268684149 0.00666226446628571 0.00704567413777113 0.00775000639259815 0.0074672969058156 0.00751116685569286 0.00795612577348948 0.00895674712955952
0.00762997288256884 0.00746906409040093 0.00724731292575598 0.00721929036080837 0.00774002354592085 0.00744971074163914 0.00728883780539036 0.00748404720798135 0.00714227976277471 0.00703531876206398 0.00656386138871312 0.00610644137486815 0.00636260025203228 0.00631397636607289 0.00645343167707324 0.00644456641748548 0.00660202000290155 0.00707323104143143 0.00703428452834487 0.00683617172762752 0.00671296985819936 0.00643354933708906 0.00667446246370673 0.00654724566265941 0.00707855029031634 0.00711819715797901 0.00728278048336506 0.00733374105766416 0.00716710323467851 0.0070449011400342 0.0069121615961194 0.00645411247387528 0.00603935634717345 0.00603390671312809 0.0057721845805645 0.0056650759652257 0.0054383440874517 0.00562894809991121 0.00621625175699592 0.0067442269064486 0.00778873730450869 0.00743933720514178 0.00739917904138565 0.00733952037990093 0.00743479700759053 0.00737819541245699
0.00764435576274991 0.00705769704654813 0.00652012275531888 0.00693463813513517 0.00671489490196109 0.00681522116065025 0.00690641533583403 0.00703243492171168 0.00669418042525649 0.00634707463905215 0.00598622765392065 0.00547741865739226 0.00545019097626209 0.00588137097656727 0.00597409578040242 0.00608218647539616 0.00631784833967686 0.00664640311151743 0.00696097034960985 0.00672500533983111 0.00673309108242393 0.00637573795393109 0.00612731743603945 0.00627447431907058 0.00669985124841332 0.00707945134490728 0.00702971778810024 0.00678243767470121 0.00682398676872253 0.00711819343268871 0.00689438777044415 0.00620033266022801 0.00596414878964424 0.00621031923219562 0.00576310604810715 0.00543578015640378 0.00506531819701195 0.00523253064602613 0.00603248178958893 0.00666635250672698 0.00714016100391746 0.00772572727873921 0.0072654215618968 0.00645163701847196 0.00665245112031698 0.00711402390152216
0.00745315244421363 0.00685339001938701 0.00659888610243797 0.00610110908746719 0.00611726893112063 0.00614419393241405 0.00665318919345737 0.00651389826089144 0.0065015098080039 0.00623893458396196 0.005610391497612 0.0051057580858469 0.00482777506113052 0.00499484827741981 0.00499703781679273 0.00562686938792467 0.0058203274384141 0.00624368758872151 0.00667610624805093 0.00648916140198708 0.0063699884340167 0.00660607870668173 0.00618332903832197 0.0061716977506876 0.00655737472698092 0.00659381272271276 0.00659293495118618 0.00646797893568873 0.00641554873436689 0.00638508470728993 0.00625528069213033 0.00632091192528605 0.00571131659671664 0.00563989207148552 0.00570505997166038 0.00543081387877464 0.00491872988641262 0.00554923852905631 0.00610760832205415 0.00651484029367566 0.00702056288719177 0.00688084261491895 0.00683072209358215 0.00632380740717053 0.00700362073257565 0.00635436875745654
0.00718534225597978 0.00641333730891347 0.00576438661664724 0.00567242968827486 0.00580183230340481 0.00624254625290632 0.00708126369863749 0.00707020191475749 0.00657723657786846 0.00603821268305182 0.00541253760457039 0.00484911352396011 0.00435465993359685 0.0045771854929626 0.00490142730996013 0.00517702382057905 0.00531460391357541 0.00568282278254628 0.00593794463202357 0.00598394405096769 0.00599727919325233 0.00624663103371859 0.00619911681860685 0.00605613691732287 0.00609848974272609 0.00622082501649857 0.00621243892237544 0.00608387170359492 0.00613806070759892 0.00600149761885405 0.00573889026418328 0.00570844253525138 0.0056941220536828 0.00572249200195074 0.00536083057522774 0.00524181872606277 0.00514562940225005 0.00546254497021437 0.00572201516479254 0.00642151199281216 0.00695398729294538 0.00687164347618818 0.00654395762830973 0.0061830491758883 0.00596237182617188 0.00631883228197694
0.00641934340819716 0.0058521400205791 0.00532305892556906 0.00519669661298394 0.0056861606426537 0.00630963500589132 0.006698003038764 0.00692088063806295 0.00667017046362162 0.00592994736507535 0.0053319726139307 0.00499748159199953 0.00461247889325023 0.00442539434880018 0.00450626760721207 0.00484002102166414 0.00528003415092826 0.00551133276894689 0.00590284820646048 0.00570436706766486 0.00599932298064232 0.00604219967499375 0.00629513617604971 0.00646642409265041 0.00605032593011856 0.00573395937681198 0.00573720782995224 0.00576475588604808 0.00565507635474205 0.00560294883325696 0.00566385639831424 0.00573098612949252 0.0055305939167738 0.00572319328784943 0.00524611119180918 0.00519805308431387 0.00519629381597042 0.0059253852814436 0.00668367883190513 0.00693976972252131 0.00708832731470466 0.00681939115747809 0.00646128552034497 0.00656899763271213 0.00678607355803251 0.00657477509230375
0.00611927174031734 0.00534944562241435 0.00506807724013925 0.00503664091229439 0.00577495200559497 0.00609671836718917 0.00663555413484573 0.00679167546331882 0.00676067126914859 0.0061204289086163 0.00535870110616088 0.00518073607236147 0.00467437040060759 0.00463613215833902 0.00463419780135155 0.00484285037964582 0.00513381650671363 0.00540344696491957 0.0053855087608099 0.00558702601119876 0.00564810680225492 0.00604936294257641 0.0059667257592082 0.00610602647066116 0.00568291638046503 0.00564585626125336 0.00542499497532845 0.00537147279828787 0.00530062336474657 0.00520590459927917 0.00505278445780277 0.00520935328677297 0.00522076990455389 0.00504057016223669 0.00486210407689214 0.00522325467318296 0.00547517836093903 0.00560610182583332 0.00591781083494425 0.00672033103182912 0.00695169437676668 0.00673698401078582 0.0068178428336978 0.00691915955394506 0.00656528864055872 0.00652941921725869
0.0058301268145442 0.00527638476341963 0.005123361479491 0.00565956952050328 0.00589926680549979 0.00610709702596068 0.00597252510488033 0.00635157246142626 0.00571969849988818 0.00551040424033999 0.00515205832198262 0.00486790109425783 0.0048245107755065 0.00471856305375695 0.00463501922786236 0.00462846225127578 0.0050828130915761 0.00527086295187473 0.00530422758311033 0.00588156143203378 0.00561657035723329 0.00575061142444611 0.00562985241413116 0.00559925427660346 0.00561031047254801 0.00509421480819583 0.00508015975356102 0.00479713454842567 0.00480508618056774 0.00487575586885214 0.00472760805860162 0.00474230386316776 0.00484849326312542 0.00481211207807064 0.00469062151387334 0.00509983440861106 0.00483593018725514 0.00513059925287962 0.00573347974568605 0.00653497781604528 0.0063389134593308 0.00659724650904536 0.00668511027470231 0.0063818646594882 0.006489013787359 0.0059601035900414
0.00562896672636271 0.00549897784367204 0.00557344919070601 0.00559987826272845 0.00572670064866543 0.00584531715139747 0.00557207874953747 0.00556283770129085 0.00538915302604437 0.00523492367938161 0.00482430635020137 0.00448737014085054 0.00458129867911339 0.0044510355219245 0.00442533846944571 0.00489199813455343 0.00487081008031964 0.00530422758311033 0.00516926357522607 0.00541326217353344 0.00563947018235922 0.00571617949754 0.00551769090816379 0.00502447318285704 0.00507755810394883 0.00493441941216588 0.00437336787581444 0.00447224965319037 0.00456987367942929 0.00432859547436237 0.00435041124001145 0.00435975473374128 0.00450520450249314 0.00463686184957623 0.00450601056218147 0.00455470429733396 0.00469467788934708 0.00468802126124501 0.00544909201562405 0.00581385660916567 0.00561706582084298 0.00548344990238547 0.0058579770848155 0.00598972570151091 0.00577894737944007 0.00540897948667407
0.0052344836294651 0.00561730703338981 0.0059133623726666 0.0055402023717761 0.00561121245846152 0.00568101461976767 0.00530643155798316 0.00522891664877534 0.00494144624099135 0.00468832440674305 0.00426742667332292 0.00440015504136682 0.00438741501420736 0.00438131671398878 0.00447129411622882 0.00451601296663284 0.00488708168268204 0.00511526502668858 0.00522403093054891 0.00528358155861497 0.00541430665180087 0.00525222811847925 0.00532226357609034 0.00495832553133368 0.00462182192131877 0.00436737947165966 0.00425542844459414 0.00403135409578681 0.00383063405752182 0.00384107464924455 0.00410909717902541 0.00404145801439881 0.00413135997951031 0.00419023726135492 0.00420811492949724 0.00418274011462927 0.00433063553646207 0.0045756958425045 0.00493017677217722 0.00538531737402081 0.00568071519955993 0.00537842232733965 0.00543551566079259 0.00553837139159441 0.00537926657125354 0.00528662651777267
0.00561979413032532 0.00554107315838337 0.00544972717761993 0.00571364723145962 0.00600360613316298 0.00596986943855882 0.00523972930386662 0.00479790614917874 0.00451634591445327 0.0043578022159636 0.00417766254395247 0.00411739991977811 0.00431892927736044 0.00423976453021169 0.00416721077635884 0.00458047632128 0.00467519322410226 0.0047202967107296 0.00509490538388491 0.00508872745558619 0.00492201000452042 0.00498257437720895 0.00504583818838 0.00474277744069695 0.00429103663191199 0.0040270583704114 0.00400349264964461 0.00395995145663619 0.00374627998098731 0.00359741155989468 0.00372831965796649 0.00384815619327128 0.0039483392611146 0.00409452430903912 0.00421675527468324 0.00405745254829526 0.00417592795565724 0.00436248769983649 0.00485082203522325 0.00481060799211264 0.00511576468124986 0.00513950595632195 0.0053194984793663 0.00514788273721933 0.00499497912824154 0.00488140992820263
0.00503698922693729 0.00551684619858861 0.00572574883699417 0.00623733643442392 0.00656203599646688 0.00652310671284795 0.00614998023957014 0.00525144301354885 0.00458600092679262 0.00419831369072199 0.00395811954513192 0.00406981166452169 0.00406052451580763 0.00405725231394172 0.0042688874527812 0.00423346972092986 0.0043557588942349 0.00461626844480634 0.00465037161484361 0.00482418667525053 0.00474557001143694 0.00482703046873212 0.00471602007746696 0.00457669515162706 0.0043981671333313 0.00397420767694712 0.00362304924055934 0.00356206600554287 0.00354153476655483 0.00338533241301775 0.00340352673083544 0.00339696928858757 0.00355430273339152 0.00411167973652482 0.00410680845379829 0.00408411957323551 0.00401293393224478 0.00435246247798204 0.00443732272833586 0.00466499151661992 0.00524463504552841 0.00500410096719861 0.00467638159170747 0.0111279645934701 0.010546337813139 0.0112717840820551
0.00494497455656528 0.00531014567241073 0.00571996532380581 0.00664364779368043 0.00743228057399392 0.00738484365865588 0.00614480394870043 0.00499494234099984 0.00449727801606059 0.00397159112617373 0.00387366767972708 0.00371260289102793 0.00401180423796177 0.00418245233595371 0.00420855591073632 0.00424746237695217 0.00430361600592732 0.00435114512220025 0.00442856783047318 0.00441058212891221 0.00453053833916783 0.00457976851612329 0.00463359802961349 0.00433729402720928 0.00428836001083255 0.00392287503927946 0.00363661418668926 0.00342306331731379 0.00332993105985224 0.00329500762745738 0.00327874929644167 0.00331433676183224 0.00341033074073493 0.0035967668518424 0.0036119525320828 0.00386600592173636 0.00393218779936433 0.00411217613145709 0.00434851087629795 0.00447921408340335 0.00456839939579368 0.00491743255406618 0.0113594504073262 0.0114242350682616 0.011296883225441 0.0115575799718499
0.00461819441989064 0.00565093522891402 0.00578989693894982 0.00663573574274778 0.00747187668457627 0.00740330526605248 0.00592588493600488 0.00497912382707 0.00447490438818932 0.00395652558654547 0.00345970853231847 0.00360370404087007 0.00376699329353869 0.00370826432481408 0.00384562672115862 0.00409557158127427 0.00410928530618548 0.00417372211813927 0.00428361678496003 0.00432141916826367 0.00427113706246018 0.0043577398173511 0.00448096124455333 0.00430618040263653 0.00391444191336632 0.00365551258437335 0.00344512355513871 0.00321511644870043 0.00313986768014729 0.00304419081658125 0.00300455000251532 0.00301883043721318 0.00313398195430636 0.00338104087859392 0.00344851147383451 0.00354100367985666 0.00366885052062571 0.00397220207378268 0.00418041553348303 0.00443536601960659 0.00441192556172609 0.0115142716094851 0.0113699855282903 0.0118180336430669 0.0120779164135456 0.0119953416287899
0.00464104022830725 0.00511817401275039 0.00522811943665147 0.00583138456568122 0.0064080348238349 0.00589853525161743 0.005475337151438 0.00473129469901323 0.00416157860308886 0.0038826318923384 0.00345380930230021 0.00340979173779488 0.00344552425667644 0.00354826590046287 0.00356503762304783 0.0038502044044435 0.00365579035133123 0.00406803796067834 0.00403840281069279 0.00412234012037516 0.00405037775635719 0.00404388923197985 0.00397226400673389 0.00402928981930017 0.00358257908374071 0.00344880158081651 0.00309976516291499 0.00286833266727626 0.00278395088389516 0.00286103622056544 0.00282810884527862 0.00271468469873071 0.00299995788373053 0.0031767226755619 0.00326818134635687 0.00349928857758641 0.00352033623494208 0.00371777103282511 0.00387663417495787 0.00409023696556687 0.0105774775147438 0.010844100266695 0.01120825111866 0.0115892691537738 0.0121628362685442 0.0124608287587762
0.00426076957955956 0.00480983359739184 0.00478480942547321 0.00490661058574915 0.00493624154478312 0.00503842858597636 0.00472968677058816 0.00449889479205012 0.00406094361096621 0.0037800557911396 0.00338452565483749 0.00324593880213797 0.0033250292763114 0.00346766086295247 0.00345120299607515 0.00350878108292818 0.00355386221781373 0.00356687884777784 0.00378245697356761 0.0038474602624774 0.00378430192358792 0.00387326790951192 0.00357087841257453 0.00368986674584448 0.00341049511916935 0.00307657034136355 0.00309758936055005 0.00294497911818326 0.00264847837388515 0.00277943816035986 0.00271457433700562 0.00264603877440095 0.00290433061309159 0.00300165917724371 0.00315738888457417 0.00333224749192595 0.00324223702773452 0.00338871846906841 0.00364119443111122 0.00384036940522492 0.0100141055881977 0.0101786348968744 0.0109605798497796 0.0115166734904051 0.0109044015407562 0.0108481263741851
0.00391327869147062 0.00412228191271424 0.00404107058420777 0.00423295795917511 0.00421100622043014 0.00413785176351666 0.00413527572527528 0.00417837267741561 0.00383656448684633 0.00359150511212647 0.00340169412083924 0.00311774481087923 0.00319193908944726 0.00322211743332446 0.00321110989898443 0.00325988046824932 0.00333628593944013 0.00356535660102963 0.00348894996568561 0.0036801805254072 0.00369356363080442 0.00348492432385683 0.00338201271370053 0.00312403426505625 0.00310851400718093 0.00288526131771505 0.00279967347159982 0.00279967347159982 0.00263573369011283 0.0025694000069052 0.00240205717273057 0.00260749878361821 0.00265850289724767 0.00262506539002061 0.003045434365049 0.0029282970353961 0.00321434438228607 0.00334483245387673 0.00354210822843015 0.00375255919061601 0.00977426860481501 0.0101036811247468 0.0102397939190269 0.0102833500131965 0.0100039644166827 0.0103794727474451
0.0035814109724015 0.00368207809515297 0.00360106863081455 0.00360106863081455 0.0035423943772912 0.00344175891950727 0.00352468970231712 0.00354302395135164 0.00369728566147387 0.00351561652496457 0.00338286999613047 0.00319993891753256 0.00312235159799457 0.00311555853113532 0.00317966332659125 0.00311406305991113 0.00318388058803976 0.00330089102499187 0.00341400899924338 0.00350143783725798 0.00358685641549528 0.00335065321996808 0.00326943793334067 0.00300453277304769 0.00289217382669449 0.00260471645742655 0.00249277986586094 0.00242916075512767 0.00254455697722733 0.00255677686072886 0.00240620039403439 0.0024772621691227 0.00240356149151921 0.00260709575377405 0.00277767749503255 0.00296274479478598 0.00287810550071299 0.00316714309155941 0.00323610729537904 0.0035692029632628 0.00902028474956751 0.0095203248783946 0.00947947427630424 0.0097671439871192 0.00949651747941971 0.00975805800408125
0.00326478341594338 0.00328547693789005 0.00336556509137154 0.00319913751445711 0.00318382168188691 0.00304118939675391 0.00288925785571337 0.00299320882186294 0.00324403517879546 0.00336951902136207 0.00329143251292408 0.00305521953850985 0.00327194947749376 0.00303041725419462 0.00313353189267218 0.00316338404081762 0.00321740075014532 0.00326329795643687 0.00330363353714347 0.00338216428644955 0.00330763519741595 0.00334754143841565 0.00317477248609066 0.00289160432294011 0.00277715525589883 0.00261922739446163 0.00247439066879451 0.00245307758450508 0.00230993609875441 0.00230279425159097 0.0022911240812391 0.00240719201974571 0.00239451928064227 0.0024961216840893 0.00268664374016225 0.00278612389229238 0.00280114146880805 0.00284204259514809 0.00714732240885496 0.00803211703896523 0.00835479982197285 0.00920182280242443 0.00930885318666697 0.00915620848536491 0.00912811607122421 0.0096370093524456
