data/climate_estimation/maxent_output/Prosartes_smithii.asc
NCOLS 90 
NROWS 162 
XLLCORNER -125.583333333333 
YLLCORNER 36.0833333333333 
CELLSIZE 0.0833333333333333 
NODATA_value -3.4e+38 
[rows 100 to 119 of 162, columns 0 to 44 of 90]
-3.4e+38 -3.4e+38 -3.4e+38 -3.4e+38 -3.4e+38 -3.4e+38 -3.4e+38 -3.4e+38 -3.4e+38 -3.4e+38 -3.4e+38 -3.4e+38 -3.4e+38 -3.4e+38 -3.4e+38 -3.4e+38 -3.4e+38 0.749029874801636 0.768211364746094 0.772786974906921 0.744838237762451 0.725932121276855 0.631667137145996 0.493250459432602 0.298184543848038 0.535093367099762 0.48550084233284 0.0944243222475052 0.0594047680497169 0.291345983743668 0.270584851503372 0.419379562139511 0.382246494293213 0.380721688270569 0.270449489355087 0.189160645008087 0.276414096355438 0.259275108575821 0.242138013243675 0.151725500822067 0.23333914577961 0.0864177867770195 0.16470693051815 0.223277762532234 0.201724588871002
-3.4e+38 -3.4e+38 -3.4e+38 -3.4e+38 -3.4e+38 -3.4e+38 -3.4e+38 -3.4e+38 -3.4e+38 -3.4e+38 -3.4e+38 -3.4e+38 -3.4e+38 -3.4e+38 -3.4e+38 -3.4e+38 -3.4e+38 0.767874777317047 0.784470319747925 0.783177554607391 0.73395848274231 0.713970065116882 0.615179121494293 0.461330860853195 0.571805417537689 0.556904315948486 0.525233387947083 0.489564657211304 0.261985421180725 0.120053894817829 0.247598811984062 0.434440165758133 0.312336385250092 0.25345441699028 0.119329877197742 0.237640902400017 0.247152701020241 0.269503831863403 0.160278856754303 0.113120958209038 0.174258530139923 0.118704028427601 0.26134580373764 0.263760596513748 0.18870835006237
-3.4e+38 -3.4e+38 -3.4e+38 -3.4e+38 -3.4e+38 -3.4e+38 -3.4e+38 -3.4e+38 -3.4e+38 -3.4e+38 -3.4e+38 -3.4e+38 -3.4e+38 -3.4e+38 -3.4e+38 -3.4e+38 -3.4e+38 0.78573203086853 0.81676584482193 0.776899635791779 0.782823622226715 0.687962055206299 0.651946425437927 0.349239677190781 0.457761853933334 0.54709529876709 0.35428786277771 0.389588356018066 0.446809738874435 0.405990451574326 0.430156648159027 0.450455695390701 0.464527070522308 0.353889137506485 0.032639279961586 0.105024568736553 0.300981402397156 0.319740146398544 0.0129555743187666 0.122090488672256 0.0376971364021301 0.188007935881615 0.110272690653801 0.0193356350064278 0.0630910098552704
-3.4e+38 -3.4e+38 -3.4e+38 -3.4e+38 -3.4e+38 -3.4e+38 -3.4e+38 -3.4e+38 -3.4e+38 -3.4e+38 -3.4e+38 -3.4e+38 -3.4e+38 -3.4e+38 -3.4e+38 -3.4e+38 -3.4e+38 0.77813446521759 0.836345195770264 0.810227394104004 0.765866696834564 0.698298692703247 0.655239820480347 0.275320410728455 0.390855848789215 0.506115853786469 0.137862548232079 0.347332060337067 0.499020546674728 0.353614151477814 0.512143969535828 0.437255650758743 0.500946283340454 0.204625070095062 0.0210280809551477 0.066557951271534 0.240529254078865 0.00676479144021869 0.00613041827455163 0.0444172993302345 0.0106964791193604 0.0273314323276281 0.0270466040819883 0.0321632698178291 0.138081163167953
-3.4e+38 -3.4e+38 -3.4e+38 -3.4e+38 -3.4e+38 -3.4e+38 -3.4e+38 -3.4e+38 -3.4e+38 -3.4e+38 -3.4e+38 -3.4e+38 -3.4e+38 -3.4e+38 -3.4e+38 -3.4e+38 0.504988312721252 0.696619629859924 0.86415308713913 0.866067111492157 0.771413326263428 0.727660894393921 0.647469341754913 0.370856583118439 0.138751655817032 0.148766577243805 0.286014974117279 0.440425753593445 0.43520188331604 0.078897126019001 0.305589735507965 0.387568801641464 0.227796673774719 0.0206279922276735 0.0307856537401676 0.173318728804588 0.12773472070694 0.0101159187033772 0.00127676606643945 0.00342241255566478 0.00779450917616487 0.00567896943539381 0.00985889229923487 0.0118632232770324 0.256365895271301
-3.4e+38 -3.4e+38 -3.4e+38 -3.4e+38 -3.4e+38 -3.4e+38 -3.4e+38 -3.4e+38 -3.4e+38 -3.4e+38 -3.4e+38 -3.4e+38 -3.4e+38 -3.4e+38 -3.4e+38 -3.4e+38 0.47954472899437 0.71623831987381 0.861172258853912 0.82851254940033 0.820265650749207 0.683973968029022 0.663268208503723 0.582571864128113 0.286055445671082 0.216465219855309 0.103386208415031 0.0591279864311218 0.219036057591438 0.0109299849718809 0.0714460164308548 0.310346603393555 0.0281843803822994 0.0164157822728157 0.0858832895755768 0.0271921157836914 0.0419859066605568 0.00990543607622385 0.000682092155329883 0.0010865485528484 0.00247387564741075 0.0018348362063989 0.0036757830530405 0.0110744200646877 0.293693393468857
-3.4e+38 -3.4e+38 -3.4e+38 -3.4e+38 -3.4e+38 -3.4e+38 -3.4e+38 -3.4e+38 -3.4e+38 -3.4e+38 -3.4e+38 -3.4e+38 -3.4e+38 -3.4e+38 -3.4e+38 0.443143486976624 0.565097510814667 0.845010936260223 0.857260167598724 0.764982759952545 0.787950813770294 0.664644956588745 0.636021077632904 0.602492034435272 0.223362535238266 0.455504715442657 0.38665845990181 0.222518801689148 0.104746200144291 0.287987887859344 0.0101286498829722 0.0139340087771416 0.0107591385021806 0.0170986484736204 0.0570890717208385 0.00749806920066476 0.0344243049621582 0.00126702641136944 0.000528982141986489 0.000628577778115869 0.000511577643919736 0.000900909712072462 0.00200793659314513 0.015270653180778 0.253218859434128
-3.4e+38 -3.4e+38 -3.4e+38 -3.4e+38 -3.4e+38 -3.4e+38 -3.4e+38 -3.4e+38 -3.4e+38 -3.4e+38 -3.4e+38 -3.4e+38 -3.4e+38 -3.4e+38 0.381213247776031 0.418263375759125 0.608382284641266 0.832794547080994 0.827838957309723 0.815264642238617 0.774760007858276 0.751471817493439 0.661328017711639 0.605225443840027 0.568286240100861 0.0807160288095474 0.151964411139488 0.124339938163757 0.368055045604706 0.210783630609512 0.06588164716959 0.00810916908085346 0.0244610868394375 0.066569447517395 0.089516818523407 0.0156501103192568 0.00157812505494803 0.000434443703852594 0.000289670861093327 0.00027503800811246 0.00032139229006134 0.00047251270734705 0.000813637394458055 0.00302056316286325 0.0226900335401297
-3.4e+38 -3.4e+38 -3.4e+38 -3.4e+38 -3.4e+38 -3.4e+38 -3.4e+38 -3.4e+38 -3.4e+38 -3.4e+38 -3.4e+38 -3.4e+38 -3.4e+38 -3.4e+38 0.450193405151367 0.693612933158875 0.806990087032318 0.867362082004547 0.866396963596344 0.841414868831635 0.758352398872375 0.723998308181763 0.652344405651093 0.573188483715057 0.572468876838684 0.291192948818207 0.459676861763 0.368647068738937 0.0319345183670521 0.0460759997367859 0.175995588302612 0.0838769376277924 0.102693103253841 0.372595518827438 0.118495717644691 0.0314619168639183 0.00111807393841445 0.000413688452681527 0.000277050858130679 0.000269567884970456 0.000252357189310715 0.000344914878951386 0.000806135416496545 0.00456082029268146 0.0445187799632549
-3.4e+38 -3.4e+38 -3.4e+38 -3.4e+38 -3.4e+38 -3.4e+38 -3.4e+38 -3.4e+38 -3.4e+38 -3.4e+38 -3.4e+38 -3.4e+38 -3.4e+38 -3.4e+38 0.554724156856537 0.775882422924042 0.778620719909668 0.81673264503479 0.864708423614502 0.847176253795624 0.799856245517731 0.726453542709351 0.66260153055191 0.580771863460541 0.479608774185181 0.503252506256104 0.347070664167404 0.467474579811096 0.212079674005508 0.0752517208456993 0.237349048256874 0.373036026954651 0.062939889729023 0.0169066432863474 0.00332433893345296 0.000660180114209652 0.00047630284097977 0.000393375259591267 0.000299518869724125 0.00021115348499734 0.000167572929058224 0.000259616033872589 0.000815778679680079 0.00291321869008243 0.0144206061959267
-3.4e+38 -3.4e+38 -3.4e+38 -3.4e+38 -3.4e+38 -3.4e+38 -3.4e+38 -3.4e+38 -3.4e+38 -3.4e+38 -3.4e+38 -3.4e+38 -3.4e+38 -3.4e+38 0.62925922870636 0.770351350307465 0.77105838060379 0.76080584526062 0.792064487934113 0.834354996681213 0.798516154289246 0.724267184734344 0.59900563955307 0.597179174423218 0.577238261699677 0.412065088748932 0.453818947076797 0.266454041004181 0.383668929338455 0.476857125759125 0.255141973495483 0.0729879215359688 0.00731682823970914 0.00140470592305064 0.000818322121631354 0.000480080314446241 0.000337658333592117 0.000247692631091923 0.000184060976607725 0.000141252821777016 0.000121482320537325 0.000161582313012332 0.000287206989014521 0.00106674211565405 0.00249322247691453
-3.4e+38 -3.4e+38 -3.4e+38 -3.4e+38 -3.4e+38 -3.4e+38 -3.4e+38 -3.4e+38 -3.4e+38 -3.4e+38 -3.4e+38 -3.4e+38 -3.4e+38 -3.4e+38 0.637647807598114 0.766778767108917 0.827881991863251 0.784941136837006 0.773532688617706 0.776125311851501 0.773206353187561 0.556289374828339 0.334740102291107 0.399172306060791 0.575248003005981 0.514577925205231 0.340367436408997 0.492328286170959 0.294269979000092 0.418098092079163 0.462954878807068 0.10922334343195 0.0328425839543343 0.00175028364174068 0.000762077863328159 0.000470176135422662 0.000286172260530293 0.000201206159545109 0.000165882083820179 0.00013594793563243 0.000103225458587985 0.000179821858182549 0.000412367633543909 0.00132555363234133 0.00574384117498994
-3.4e+38 -3.4e+38 -3.4e+38 -3.4e+38 -3.4e+38 -3.4e+38 -3.4e+38 -3.4e+38 -3.4e+38 -3.4e+38 -3.4e+38 -3.4e+38 -3.4e+38 -3.4e+38 0.688860297203064 0.757571995258331 0.759957134723663 0.79991203546524 0.814400315284729 0.762136340141296 0.753508448600769 0.508349061012268 0.466395258903503 0.0933900997042656 0.222097739577293 0.500681042671204 0.180655732750893 0.229937985539436 0.366347849369049 0.350988417863846 0.494831651449203 0.53711462020874 0.433492183685303 0.00742665864527225 0.000842110603116453 0.000484240183141083 0.000242063455516472 0.000200651047634892 0.000127732870168984 9.03283289517276e-05 7.74180662119761e-05 0.000132117347675376 0.000364373496267945 0.000926091684959829 0.00423286342993379
-3.4e+38 -3.4e+38 -3.4e+38 -3.4e+38 -3.4e+38 -3.4e+38 -3.4e+38 -3.4e+38 -3.4e+38 -3.4e+38 -3.4e+38 -3.4e+38 -3.4e+38 -3.4e+38 -3.4e+38 -3.4e+38 0.78635972738266 0.750890135765076 0.77774566411972 0.792106807231903 0.730448842048645 0.439973503351212 0.589775085449219 0.176487401127815 0.145779520273209 0.22982083261013 0.104153878986835 0.221967175602913 0.336525082588196 0.51810097694397 0.537373840808868 0.54588395357132 0.389601826667786 0.228150621056557 0.00341178406961262 0.000667322601657361 0.000244726135861129 0.000146383172250353 0.000111846085928846 7.82857023295946e-05 8.20137720438652e-05 0.000104150996776298 0.00025494396686554 0.0010196395451203 0.00248719565570354
-3.4e+38 -3.4e+38 -3.4e+38 -3.4e+38 -3.4e+38 -3.4e+38 -3.4e+38 -3.4e+38 -3.4e+38 -3.4e+38 -3.4e+38 -3.4e+38 -3.4e+38 -3.4e+38 -3.4e+38 -3.4e+38 -3.4e+38 -3.4e+38 0.747555196285248 0.780059695243835 0.735002100467682 0.45047390460968 0.439109236001968 0.334301054477692 0.0975570008158684 0.250306814908981 0.242815271019936 0.0738222450017929 0.357625156641006 0.536158084869385 0.553402662277222 0.556731283664703 0.556180834770203 0.538263142108917 0.213055729866028 0.000803712930064648 0.000250593438977376 0.000159389121108688 0.000116122981125955 0.00010774902330013 0.000109306944068521 0.000130407948745415 0.000187675235792994 0.000529301527421921 0.00209546834230423
-3.4e+38 -3.4e+38 -3.4e+38 -3.4e+38 -3.4e+38 -3.4e+38 -3.4e+38 -3.4e+38 -3.4e+38 -3.4e+38 -3.4e+38 -3.4e+38 -3.4e+38 -3.4e+38 -3.4e+38 -3.4e+38 -3.4e+38 -3.4e+38 0.781186640262604 0.741866171360016 0.74106502532959 0.617322623729706 0.582796156406403 0.529609858989716 0.362960755825043 0.0913309678435326 0.0524070300161839 0.112096570432186 0.267585039138794 0.530046582221985 0.451358675956726 0.582860112190247 0.503350496292114 0.553068399429321 0.479805409908295 0.00165992835536599 0.000236964071518742 0.000172907733940519 0.000137473471113481 0.000142950899316929 0.000145217956742272 0.000163553166203201 0.000218665110878646 0.000325371685903519 0.00140853004995733
-3.4e+38 -3.4e+38 -3.4e+38 -3.4e+38 -3.4e+38 -3.4e+38 -3.4e+38 -3.4e+38 -3.4e+38 -3.4e+38 -3.4e+38 -3.4e+38 -3.4e+38 -3.4e+38 -3.4e+38 -3.4e+38 -3.4e+38 -3.4e+38 -3.4e+38 0.790211796760559 0.718766987323761 0.664816379547119 0.592491328716278 0.601044356822968 0.509726941585541 0.13765424489975 0.314881861209869 0.120353527367115 0.0851373821496964 0.154774099588394 0.164581403136253 0.577069818973541 0.403261482715607 0.333026677370071 0.0919236689805984 0.000768517085816711 0.000225315816351213 0.000187925557838753 0.000157867907546461 0.000185731929377653 0.000186362784006633 0.000234979495871812 0.000278854189673439 0.000372052018065006 0.000663760351017118
-3.4e+38 -3.4e+38 -3.4e+38 -3.4e+38 -3.4e+38 -3.4e+38 -3.4e+38 -3.4e+38 -3.4e+38 -3.4e+38 -3.4e+38 -3.4e+38 -3.4e+38 -3.4e+38 -3.4e+38 -3.4e+38 -3.4e+38 -3.4e+38 -3.4e+38 -3.4e+38 0.764177739620209 0.673054039478302 0.618570446968079 0.546752095222473 0.39927738904953 0.339756041765213 0.148375526070595 0.0515908002853394 0.00903304014354944 0.0221167132258415 0.0794897079467773 0.364515125751495 0.467587798833847 0.191119730472565 0.217177867889404 0.00291212764568627 0.000245464907493442 0.000241885660216212 0.000224389557843097 0.000238311302382499 0.000269272655714303 0.000300594430882484 0.000363313884008676 0.000459860719274729 0.000621689949184656
-3.4e+38 -3.4e+38 -3.4e+38 -3.4e+38 -3.4e+38 -3.4e+38 -3.4e+38 -3.4e+38 -3.4e+38 -3.4e+38 -3.4e+38 -3.4e+38 -3.4e+38 -3.4e+38 -3.4e+38 -3.4e+38 -3.4e+38 -3.4e+38 -3.4e+38 -3.4e+38 -3.4e+38 0.726282000541687 0.623067259788513 0.599352300167084 0.486935138702393 0.37973165512085 0.135752290487289 0.0732235834002495 0.0235208831727505 0.0226728655397892 0.367507606744766 0.406128346920013 0.581428170204163 0.519927084445953 0.00857156701385975 0.00460825301706791 0.000307664449792355 0.000309774855850264 0.000305292778648436 0.000319590850267559 0.000341147766448557 0.000382502999855205 0.000446565332822502 0.000301290303468704 0.000401812692871317
-3.4e+38 -3.4e+38 -3.4e+38 -3.4e+38 -3.4e+38 -3.4e+38 -3.4e+38 -3.4e+38 -3.4e+38 -3.4e+38 -3.4e+38 -3.4e+38 -3.4e+38 -3.4e+38 -3.4e+38 -3.4e+38 -3.4e+38 -3.4e+38 -3.4e+38 -3.4e+38 -3.4e+38 0.730703830718994 0.685433626174927 0.611111044883728 0.522960603237152 0.347810417413712 0.192834690213203 0.26850625872612 0.212334021925926 0.0262507796287537 0.17640495300293 0.602120459079742 0.539945483207703 0.581250905990601 0.239564582705498 0.00223458372056484 0.00029058157815598 0.000311626819893718 0.000336055440129712 0.000396976858610287 0.000417191709857434 0.000254422338912264 0.000274738005828112 0.000314717763103545 0.000343377847457305
