data/climate_estimation/maxent_output/Pseudotrillium_rivale.asc
NCOLS 23 
NROWS 21 
XLLCORNER -124.333333333333 
YLLCORNER 41.4166666666667 
CELLSIZE 0.0833333333333335 
NODATA_value -3.4e+38 
0.595432102680206 0.713074803352356 0.788244903087616 0.855071604251862 0.85593456029892 0.883344411849976 0.842725694179535 0.802533268928528 0.82345587015152 0.683918535709381 0.403856784105301 0.282422661781311 0.364123642444611 0.348761260509491 0.380230784416199 0.370662957429886 0.459665507078171 0.494502902030945 0.420153111219406 0.35834476351738 0.320248484611511 0.288461446762085 0.460247009992599
0.666773855686188 0.779772102832794 0.797160029411316 0.852625131607056 0.85880720615387 0.853151977062225 0.857208967208862 0.88670152425766 0.817378282546997 0.67527848482132 0.595847487449646 0.3595911860466 0.294444531202316 0.272611409425735 0.28560671210289 0.316284894943237 0.394174814224243 0.333740055561066 0.243839249014854 0.231784895062447 0.29619574546814 0.337594479322433 0.481957286596298
0.628181636333466 0.723721265792847 0.794663786888123 0.859813272953033 0.834679365158081 0.87054055929184 0.872070789337158 0.868622899055481 0.808396279811859 0.679108142852783 0.558010458946228 0.345825523138046 0.264059156179428 0.235032364726067 0.196668013930321 0.215360209345818 0.246465519070625 0.189592152833939 0.269165277481079 0.249915033578873 0.302333921194077 0.394267976284027 0.294372916221619
0.650640606880188 0.733934938907623 0.811797201633453 0.858440577983856 0.79348349571228 0.790080904960632 0.836306929588318 0.860441505908966 0.769918978214264 0.647912085056305 0.604426085948944 0.458198189735413 0.397025108337402 0.315723031759262 0.310335278511047 0.285032123327255 0.211168736219406 0.196174934506416 0.347000777721405 0.347440838813782 0.38054546713829 0.255436092615128 0.197707161307335
0.646420896053314 0.746281504631042 0.773071587085724 0.82299143075943 0.773739278316498 0.839846730232239 0.845699846744537 0.846550524234772 0.743748307228088 0.642973303794861 0.529283463954926 0.403390645980835 0.334522932767868 0.314723610877991 0.345072090625763 0.295682668685913 0.355817079544067 0.291064113378525 0.266499698162079 0.199395850300789 0.18428909778595 0.25021106004715 0.166752487421036
0.645542025566101 0.690664231777191 0.709521889686584 0.83874237537384 0.825443029403687 0.85816490650177 0.869117319583893 0.814508557319641 0.698417067527771 0.626319646835327 0.482468098402023 0.383093953132629 0.337876528501511 0.375819474458694 0.266175806522369 0.297296762466431 0.274028331041336 0.140497982501984 0.170071020722389 0.116962045431137 0.120588384568691 0.182039529085159 0.135992765426636
0.662695407867432 0.74721622467041 0.780925393104553 0.872054040431976 0.827326595783234 0.810840547084808 0.853377640247345 0.810008883476257 0.703268110752106 0.528903007507324 0.415660589933395 0.351770967245102 0.341657996177673 0.25662225484848 0.18180575966835 0.156045779585838 0.129996299743652 0.124092161655426 0.0705770552158356 0.0670502483844757 0.123569384217262 0.232737585902214 0.152469456195831
0.699270069599152 0.744153261184692 0.822191298007965 0.853561878204346 0.84229564666748 0.849726736545563 0.838569164276123 0.793952345848083 0.633504748344421 0.518079459667206 0.307757437229156 0.248700961470604 0.306709855794907 0.191285833716393 0.121969498693943 0.12474025785923 0.0613262578845024 0.0390962027013302 0.0385883897542953 0.0804777219891548 0.0861783921718597 0.107509166002274 0.0897736549377441
0.646490752696991 0.742610275745392 0.761113703250885 0.816544890403748 0.87313711643219 0.853112876415253 0.887316346168518 0.808365941047668 0.729210734367371 0.524968385696411 0.269065022468567 0.182392373681068 0.192852377891541 0.150994926691055 0.0893654972314835 0.0603560321033001 0.0333298891782761 0.0261619631201029 0.0240894630551338 0.0269438028335571 0.0425250977277756 0.113201938569546 0.116539441049099
0.649121463298798 0.686441540718079 0.780177772045135 0.828565061092377 0.856770157814026 0.859215795993805 0.896760523319244 0.852055311203003 0.734097301959991 0.502189636230469 0.275347501039505 0.170094430446625 0.203779324889183 0.171700820326805 0.091045930981636 0.0989808142185211 0.0349553935229778 0.0194138158112764 0.033871054649353 0.0406942404806614 0.0477466955780983 0.0580666735768318 0.112343855202198
0.655571043491364 0.740785241127014 0.801917016506195 0.856175005435944 0.877278387546539 0.890457630157471 0.907322466373444 0.858859479427338 0.721050381660461 0.544559419155121 0.454085528850555 0.404844373464584 0.193852543830872 0.123446621000767 0.14175109565258 0.0957517772912979 0.0521106831729412 0.0277432575821877 0.0301600899547338 0.0830922797322273 0.124947890639305 0.169622108340263 0.154234483838081
0.657354831695557 0.802561104297638 0.801867187023163 0.872163593769073 0.836171865463257 0.862418174743652 0.898205697536469 0.849246323108673 0.770385682582855 0.576702892780304 0.60364818572998 0.472660034894943 0.170192286372185 0.164357990026474 0.146946385502815 0.0616114139556885 0.0789626911282539 0.0972155034542084 0.038333036005497 0.0246153343468904 0.0343181863427162 0.113839611411095 0.16170246899128
0.611420094966888 0.752802968025208 0.799570739269257 0.85060065984726 0.864305317401886 0.881500601768494 0.890172362327576 0.840213179588318 0.636875927448273 0.576553404331207 0.53125786781311 0.514940023422241 0.401631623506546 0.236224859952927 0.141689479351044 0.0851122140884399 0.0706398189067841 0.0938997268676758 0.15745684504509 0.142489194869995 0.0458100028336048 0.0419920533895493 0.103647544980049
0.488622605800629 0.679115831851959 0.777449011802673 0.845874428749084 0.859848320484161 0.881555497646332 0.895206689834595 0.809502243995667 0.807155013084412 0.73681652545929 0.619792401790619 0.509333431720734 0.410436362028122 0.256503134965897 0.123490951955318 0.127212196588516 0.205427274107933 0.291008710861206 0.196384012699127 0.129424273967743 0.0584279522299767 0.0808648094534874 0.0645978078246117
-3.4e+38 0.634626090526581 0.778704166412354 0.855071663856506 0.862971901893616 0.900340795516968 0.894074857234955 0.872473299503326 0.777390599250793 0.710089087486267 0.601144373416901 0.509953677654266 0.420835584402084 0.313188940286636 0.255538761615753 0.22893463075161 0.28241366147995 0.119258180260658 0.0815419629216194 0.0905974507331848 0.0328896306455135 0.0256739240139723 0.0187759324908257
-3.4e+38 0.537422239780426 0.722316384315491 0.856381595134735 0.852211654186249 0.894649624824524 0.86724990606308 0.874071180820465 0.684725344181061 0.720835149288177 0.522481203079224 0.394024610519409 0.283423393964767 0.270178198814392 0.152951821684837 0.113035269081593 0.139778062701225 0.0655750781297684 0.0408809185028076 0.0337929241359234 0.0443598330020905 0.0198631826788187 0.0166630316525698
-3.4e+38 0.48929888010025 0.677985310554504 0.846862137317657 0.898469507694244 0.913651943206787 0.864801704883575 0.882705450057983 0.819632232189178 0.738849282264709 0.630604982376099 0.30386421084404 0.255571693181992 0.250664174556732 0.210108533501625 0.0855375379323959 0.0772217586636543 0.0600259825587273 0.0554192550480366 0.0340353660285473 0.0189383924007416 0.0186250582337379 0.0172527879476547
-3.4e+38 0.524709641933441 0.766644299030304 0.845693945884705 0.894762575626373 0.888854742050171 0.916372537612915 0.893866658210754 0.829729676246643 0.807340383529663 0.536962926387787 0.351037114858627 0.428992003202438 0.358764231204987 0.263242304325104 0.179236054420471 0.132448017597198 0.0960640087723732 0.0822069570422173 0.0466537326574326 0.0150561109185219 0.0135071175172925 0.0195861700922251
-339999999999999996123846586046231871488.000000000000000 -3.4e+38 0.74238646030426 0.834480345249176 0.896718859672546 0.909050822257996 0.912913501262665 0.876275599002838 0.883641064167023 0.82296884059906 0.549963295459747 0.603980720043182 0.44098225235939 0.419556766748428 0.224508181214333 0.20909720659256 0.0615651570260525 0.0410701110959053 0.0469067730009556 0.0432665273547173 0.044336125254631 0.0227954480797052 0.0241523683071136
-3.4e+38 -3.4e+38 0.67357075214386 0.829972624778748 0.9002925157547 0.906290471553802 0.912302136421204 0.88072669506073 0.867477178573608 0.7642902135849 0.689669787883759 0.572556018829346 0.457140475511551 0.41424772143364 0.409451544284821 0.261147350072861 0.0796712711453438 0.0371266938745975 0.0526678338646889 0.0584282204508781 0.0522240102291107 0.0312310755252838 0.0338308624923229
-3.4e+38 -3.4e+38 -3.4e+38 0.845048010349274 0.888055801391602 0.889323532581329 0.895784735679626 0.915894865989685 0.862492978572845 0.8060422539711 0.666935801506042 0.541225910186768 0.410434633493423 0.42781725525856 0.348171353340149 0.350352585315704 0.196027114987373 0.0459381863474846 0.0506791174411774 0.101313233375549 0.0842509940266609 0.0800639912486076 0.0640762448310852
