data/climate_estimation/maxent_output/Sandersonia_aurantiaca.asc
NCOLS 51 
NROWS 66 
XLLCORNER 28.25 
YLLCORNER -32.5 
CELLSIZE 0.0833333333333333 
NODATA_value -3.4e+38 
[rows 24 to 47 of 66, columns 0 to 50 of 51]
0.790562868118286 0.900707602500916 0.888122141361237 0.815306007862091 0.846890568733215 0.786746621131897 0.714573442935944 0.64309424161911 0.67544424533844 0.642647981643677 0.674670815467834 0.786499738693237 0.863144874572754 0.741057634353638 0.585488021373749 0.606043219566345 0.622698187828064 0.672850966453552 0.737111151218414 0.782729268074036 0.816794693470001 0.835285723209381 0.866037786006927 0.903713643550873 0.898671269416809 0.899153292179108 0.96055144071579 0.972936749458313 0.975135147571564 0.980075001716614 0.978209495544434 0.976081192493439 0.972286224365234 0.877975523471832 0.650910973548889 0.691076993942261 0.753205597400665 0.643544137477875 0.490164458751678 0.3566754758358 0.272500783205032 0.219853863120079 -3.4e+38 -3.4e+38 -3.4e+38 -3.4e+38 -3.4e+38 -3.4e+38 -3.4e+38 -3.4e+38 -3.4e+38
0.920462131500244 0.915606915950775 0.825289249420166 0.760673761367798 0.771753430366516 0.69357818365097 0.602883338928223 0.600266993045807 0.544539153575897 0.520110011100769 0.524675369262695 0.661061227321625 0.720656275749207 0.725207090377808 0.559224188327789 0.51166158914566 0.587158501148224 0.671202123165131 0.720446228981018 0.760451197624207 0.767569541931152 0.819440305233002 0.874181866645813 0.899186193943024 0.93372517824173 0.954587578773499 0.965740501880646 0.976759314537048 0.975859045982361 0.976701498031616 0.978679597377777 0.960846722126007 0.942478060722351 0.942839741706848 0.813424170017242 0.651422262191772 0.558713972568512 0.480381190776825 0.453013032674789 0.330665975809097 0.273954749107361 -3.4e+38 -3.4e+38 -3.4e+38 -3.4e+38 -3.4e+38 -3.4e+38 -3.4e+38 -3.4e+38 -3.4e+38 -3.4e+38
0.940889894962311 0.884831130504608 0.68080335855484 0.683611690998077 0.650340497493744 0.683149397373199 0.575638294219971 0.506592750549316 0.475188314914703 0.402697831392288 0.409706175327301 0.509183585643768 0.733507931232452 0.787585020065308 0.381507843732834 0.460131049156189 0.577465176582336 0.618253409862518 0.664448320865631 0.697604656219482 0.787625730037689 0.81151270866394 0.853256642818451 0.890873074531555 0.926654040813446 0.950277090072632 0.967122256755829 0.975168645381927 0.981847286224365 0.978530883789062 0.962402582168579 0.94630229473114 0.91896003484726 0.745252549648285 0.887323617935181 0.804631054401398 0.590735495090485 0.482037991285324 0.380913943052292 0.322984933853149 -3.4e+38 -3.4e+38 -3.4e+38 -3.4e+38 -3.4e+38 -3.4e+38 -3.4e+38 -3.4e+38 -3.4e+38 -3.4e+38 -3.4e+38
0.918364942073822 0.677986860275269 0.524788379669189 0.565657317638397 0.587859690189362 0.631833732128143 0.522600114345551 0.357923537492752 0.3986556828022 0.422722548246384 0.439493477344513 0.410240679979324 0.50540167093277 0.692727982997894 0.532690286636353 0.263884365558624 0.392765164375305 0.550590515136719 0.638240873813629 0.710614085197449 0.771215617656708 0.808364927768707 0.871922314167023 0.912312507629395 0.929677665233612 0.955929458141327 0.964005291461945 0.964064359664917 0.968252956867218 0.974365055561066 0.970689833164215 0.958853602409363 0.896990478038788 0.592095255851746 0.615516841411591 0.616655051708221 0.497821629047394 0.39615935087204 0.367780655622482 -3.4e+38 -3.4e+38 -3.4e+38 -3.4e+38 -3.4e+38 -3.4e+38 -3.4e+38 -3.4e+38 -3.4e+38 -3.4e+38 -3.4e+38 -3.4e+38
0.909021437168121 0.766457319259644 0.562341392040253 0.461570084095001 0.42249459028244 0.556188404560089 0.40957123041153 0.419428080320358 0.493143528699875 0.437978267669678 0.339313596487045 0.425441473722458 0.538596212863922 0.74203485250473 0.599070727825165 0.353367984294891 0.316218316555023 0.467044472694397 0.579151153564453 0.685789406299591 0.768280446529388 0.843767583370209 0.903525054454803 0.925018310546875 0.945313572883606 0.935890197753906 0.92875611782074 0.954053342342377 0.962812185287476 0.967737317085266 0.959437727928162 0.949269473552704 0.915943264961243 0.881494760513306 0.714409351348877 0.420998483896255 0.37074539065361 0.395796358585358 -3.4e+38 -3.4e+38 -3.4e+38 -3.4e+38 -3.4e+38 -3.4e+38 -3.4e+38 -3.4e+38 -3.4e+38 -3.4e+38 -3.4e+38 -3.4e+38 -3.4e+38
0.801508784294128 0.776282906532288 0.745087862014771 0.616425633430481 0.401416689157486 0.507285714149475 0.369418144226074 0.554652750492096 0.552180588245392 0.453713029623032 0.500925540924072 0.851216733455658 0.878473579883575 0.706620991230011 0.358653664588928 0.384607583284378 0.364409565925598 0.441714346408844 0.475898027420044 0.661302208900452 0.81694883108139 0.879691660404205 0.920920193195343 0.909134685993195 0.944735825061798 0.906250357627869 0.899353384971619 0.95486706495285 0.955621004104614 0.95180481672287 0.950650572776794 0.930327653884888 0.883529961109161 0.763298034667969 0.50040191411972 0.358535885810852 0.363704651594162 -3.4e+38 -3.4e+38 -3.4e+38 -3.4e+38 -3.4e+38 -3.4e+38 -3.4e+38 -3.4e+38 -3.4e+38 -3.4e+38 -3.4e+38 -3.4e+38 -3.4e+38 -3.4e+38
0.497079432010651 0.646245062351227 0.748780131340027 0.625419497489929 0.408569395542145 0.327293872833252 0.276397198438644 0.485631763935089 0.535984396934509 0.622976303100586 0.821694791316986 0.834335148334503 0.869009792804718 0.352192640304565 0.365319848060608 0.463688045740128 0.638988196849823 0.500670313835144 0.554272890090942 0.603329658508301 0.778396248817444 0.903816223144531 0.929234445095062 0.919527769088745 0.917701363563538 0.934225261211395 0.908964037895203 0.910538792610168 0.945826709270477 0.935540914535522 0.922616958618164 0.839529037475586 0.848635673522949 0.511109530925751 0.337370842695236 0.356311917304993 -3.4e+38 -3.4e+38 -3.4e+38 -3.4e+38 -3.4e+38 -3.4e+38 -3.4e+38 -3.4e+38 -3.4e+38 -3.4e+38 -3.4e+38 -3.4e+38 -3.4e+38 -3.4e+38 -3.4e+38
0.537704646587372 0.731421828269958 0.764444768428802 0.74140328168869 0.643142461776733 0.327249944210052 0.258284568786621 0.53074586391449 0.617735266685486 0.722496569156647 0.747487485408783 0.820313155651093 0.802724599838257 0.373811632394791 0.353715509176254 0.544413387775421 0.616159617900848 0.829136431217194 0.829704225063324 0.767984449863434 0.831458449363708 0.877426028251648 0.903624594211578 0.933526933193207 0.927442610263824 0.897216022014618 0.856595396995544 0.873070299625397 0.889478862285614 0.868133544921875 0.846856474876404 0.828774273395538 0.724922478199005 0.363399714231491 0.355036199092865 0.332641124725342 -3.4e+38 -3.4e+38 -3.4e+38 -3.4e+38 -3.4e+38 -3.4e+38 -3.4e+38 -3.4e+38 -3.4e+38 -3.4e+38 -3.4e+38 -3.4e+38 -3.4e+38 -3.4e+38 -3.4e+38
0.433562964200974 0.425956517457962 0.491132616996765 0.719238817691803 0.744006335735321 0.352898687124252 0.286190330982208 0.723345875740051 0.856150507926941 0.926340341567993 0.9390007853508 0.618199944496155 0.365935325622559 0.338079184293747 0.37166091799736 0.445898771286011 0.469057828187943 0.625315845012665 0.920955717563629 0.92355865240097 0.919886529445648 0.938069224357605 0.914657294750214 0.916405200958252 0.932555198669434 0.919323563575745 0.894135177135468 0.882861137390137 0.908083319664001 0.854308366775513 0.83186286687851 0.728717923164368 0.637353658676147 0.397726714611053 0.360586434602737 -3.4e+38 -3.4e+38 -3.4e+38 -3.4e+38 -3.4e+38 -3.4e+38 -3.4e+38 -3.4e+38 -3.4e+38 -3.4e+38 -3.4e+38 -3.4e+38 -3.4e+38 -3.4e+38 -3.4e+38 -3.4e+38
0.340250164270401 0.514421880245209 0.73166698217392 0.835592806339264 0.741214215755463 0.595060348510742 0.462192267179489 0.772120475769043 0.942658483982086 0.934332072734833 0.920254409313202 0.529566705226898 0.334469079971313 0.328084528446198 0.406965911388397 0.469189435243607 0.586695373058319 0.552566111087799 0.887136578559875 0.964061379432678 0.954260647296906 0.953323662281036 0.927682161331177 0.929813504219055 0.927297234535217 0.920849859714508 0.905528485774994 0.891063094139099 0.899222493171692 0.879180312156677 0.821762979030609 0.700535714626312 0.592848896980286 0.453198313713074 -3.4e+38 -3.4e+38 -3.4e+38 -3.4e+38 -3.4e+38 -3.4e+38 -3.4e+38 -3.4e+38 -3.4e+38 -3.4e+38 -3.4e+38 -3.4e+38 -3.4e+38 -3.4e+38 -3.4e+38 -3.4e+38 -3.4e+38
0.304373621940613 0.479460209608078 0.715118944644928 0.742712497711182 0.608032524585724 0.560360968112946 0.743468046188354 0.921362996101379 0.948822557926178 0.933265328407288 0.897099375724792 0.518890857696533 0.345966666936874 0.34303891658783 0.378323972225189 0.553596138954163 0.66994708776474 0.766229510307312 0.816622138023376 0.930603623390198 0.95252138376236 0.9242222905159 0.952214181423187 0.93949419260025 0.928508818149567 0.9299635887146 0.908020794391632 0.899297416210175 0.879551231861115 0.813698172569275 0.712427139282227 0.743395924568176 0.674206078052521 0.514266312122345 -3.4e+38 -3.4e+38 -3.4e+38 -3.4e+38 -3.4e+38 -3.4e+38 -3.4e+38 -3.4e+38 -3.4e+38 -3.4e+38 -3.4e+38 -3.4e+38 -3.4e+38 -3.4e+38 -3.4e+38 -3.4e+38 -3.4e+38
0.310108184814453 0.435968846082687 0.558732748031616 0.776973307132721 0.7000452876091 0.725223481655121 0.913959145545959 0.947490453720093 0.878567099571228 0.884704947471619 0.808559060096741 0.52135705947876 0.395853608846664 0.426108300685883 0.481484323740005 0.543312013149261 0.696904122829437 0.911525964736938 0.947471499443054 0.954362630844116 0.963523685932159 0.95270448923111 0.921537041664124 0.928970038890839 0.929818511009216 0.928741931915283 0.911197423934937 0.902807652950287 0.888778448104858 0.811208784580231 0.71078896522522 0.725835800170898 0.625983417034149 0.576127231121063 -3.4e+38 -3.4e+38 -3.4e+38 -3.4e+38 -3.4e+38 -3.4e+38 -3.4e+38 -3.4e+38 -3.4e+38 -3.4e+38 -3.4e+38 -3.4e+38 -3.4e+38 -3.4e+38 -3.4e+38 -3.4e+38 -3.4e+38
0.299268215894699 0.329931378364563 0.471969306468964 0.534533858299255 0.625471949577332 0.884527146816254 0.877268671989441 0.814020752906799 0.793988406658173 0.740885317325592 0.60197377204895 0.517397224903107 0.462530970573425 0.456073611974716 0.498911291360855 0.730834186077118 0.911310970783234 0.960504949092865 0.928976893424988 0.949114263057709 0.951532781124115 0.949182510375977 0.884565114974976 0.895734369754791 0.899010300636292 0.919082939624786 0.915370106697083 0.873262465000153 0.852337241172791 0.799851953983307 0.695045351982117 0.69995653629303 0.638802111148834 -3.4e+38 -3.4e+38 -3.4e+38 -3.4e+38 -3.4e+38 -3.4e+38 -3.4e+38 -3.4e+38 -3.4e+38 -3.4e+38 -3.4e+38 -3.4e+38 -3.4e+38 -3.4e+38 -3.4e+38 -3.4e+38 -3.4e+38 -3.4e+38
0.5933518409729 0.714059710502625 0.636466801166534 0.804248094558716 0.823314547538757 0.91889750957489 0.908349335193634 0.884199559688568 0.820595324039459 0.729833543300629 0.620794057846069 0.563009560108185 0.526039183139801 0.572404861450195 0.541452586650848 0.727739214897156 0.962166547775269 0.947214901447296 0.961109459400177 0.900435566902161 0.962993264198303 0.929538607597351 0.87919557094574 0.899631142616272 0.931358814239502 0.916996121406555 0.90495902299881 0.822248578071594 0.766621112823486 0.73842442035675 0.728700459003448 0.655661284923553 -3.4e+38 -3.4e+38 -3.4e+38 -3.4e+38 -3.4e+38 -3.4e+38 -3.4e+38 -3.4e+38 -3.4e+38 -3.4e+38 -3.4e+38 -3.4e+38 -3.4e+38 -3.4e+38 -3.4e+38 -3.4e+38 -3.4e+38 -3.4e+38 -3.4e+38
0.635546684265137 0.640031576156616 0.460658848285675 0.533997654914856 0.684517025947571 0.789803624153137 0.929241955280304 0.937553346157074 0.883650898933411 0.791087090969086 0.672640800476074 0.601143062114716 0.58302253484726 0.588415443897247 0.638813436031342 0.789864122867584 0.914238572120667 0.961595296859741 0.975455641746521 0.904747307300568 0.834926009178162 0.91655170917511 0.910837888717651 0.946850895881653 0.935471475124359 0.929051399230957 0.888118922710419 0.854985296726227 0.786385297775269 0.72979211807251 0.662282168865204 -3.4e+38 -3.4e+38 -3.4e+38 -3.4e+38 -3.4e+38 -3.4e+38 -3.4e+38 -3.4e+38 -3.4e+38 -3.4e+38 -3.4e+38 -3.4e+38 -3.4e+38 -3.4e+38 -3.4e+38 -3.4e+38 -3.4e+38 -3.4e+38 -3.4e+38 -3.4e+38
0.612352252006531 0.385159075260162 0.456961303949356 0.574537754058838 0.704955339431763 0.808121085166931 0.890772461891174 0.957850635051727 0.925516724586487 0.84074467420578 0.739891827106476 0.68607097864151 0.655251383781433 0.685321748256683 0.761509835720062 0.786615252494812 0.933777391910553 0.973314344882965 0.977854013442993 0.960294187068939 0.816372990608215 0.862782657146454 0.923395216464996 0.938821613788605 0.951107144355774 0.943074643611908 0.893222808837891 0.840953588485718 0.79789137840271 0.72238689661026 0.635258316993713 -3.4e+38 -3.4e+38 -3.4e+38 -3.4e+38 -3.4e+38 -3.4e+38 -3.4e+38 -3.4e+38 -3.4e+38 -3.4e+38 -3.4e+38 -3.4e+38 -3.4e+38 -3.4e+38 -3.4e+38 -3.4e+38 -3.4e+38 -3.4e+38 -3.4e+38 -3.4e+38
0.700181126594543 0.473348438739777 0.591321289539337 0.677099764347076 0.76860898733139 0.88986349105835 0.963133275508881 0.961686789989471 0.950208902359009 0.919014692306519 0.845864653587341 0.765993177890778 0.768025398254395 0.780246734619141 0.817882895469666 0.854490458965302 0.972696483135223 0.972433030605316 0.93284660577774 0.891351222991943 0.870619833469391 0.868503332138062 0.910294711589813 0.946057498455048 0.944117844104767 0.928176522254944 0.884583950042725 0.84117591381073 0.753469884395599 0.666460812091827 -3.4e+38 -3.4e+38 -3.4e+38 -3.4e+38 -3.4e+38 -3.4e+38 -3.4e+38 -3.4e+38 -3.4e+38 -3.4e+38 -3.4e+38 -3.4e+38 -3.4e+38 -3.4e+38 -3.4e+38 -3.4e+38 -3.4e+38 -3.4e+38 -3.4e+38 -3.4e+38 -3.4e+38
0.594869792461395 0.575052857398987 0.624487400054932 0.761301636695862 0.783661305904388 0.931768357753754 0.945505976676941 0.941246628761292 0.918875515460968 0.919038772583008 0.893448173999786 0.853218376636505 0.854424297809601 0.835154175758362 0.916353583335876 0.904995262622833 0.957372963428497 0.981531918048859 0.945825278759003 0.832951426506042 0.840749859809875 0.874315559864044 0.919837117195129 0.93680876493454 0.922836005687714 0.884586989879608 0.832675457000732 0.739928007125854 0.667392313480377 0.566006422042847 -3.4e+38 -3.4e+38 -3.4e+38 -3.4e+38 -3.4e+38 -3.4e+38 -3.4e+38 -3.4e+38 -3.4e+38 -3.4e+38 -3.4e+38 -3.4e+38 -3.4e+38 -3.4e+38 -3.4e+38 -3.4e+38 -3.4e+38 -3.4e+38 -3.4e+38 -3.4e+38 -3.4e+38
0.516454637050629 0.569346010684967 0.644279479980469 0.790655374526978 0.843182682991028 0.918251991271973 0.958201944828033 0.933568179607391 0.942679166793823 0.951525568962097 0.944597244262695 0.944974601268768 0.944522738456726 0.945005476474762 0.937227010726929 0.962368309497833 0.948972344398499 0.985199809074402 0.985062837600708 0.913586318492889 0.906894862651825 0.902462720870972 0.905089318752289 0.924483001232147 0.896309792995453 0.842376708984375 0.753085792064667 0.680127680301666 0.599768340587616 -3.4e+38 -3.4e+38 -3.4e+38 -3.4e+38 -3.4e+38 -3.4e+38 -3.4e+38 -3.4e+38 -3.4e+38 -3.4e+38 -3.4e+38 -3.4e+38 -3.4e+38 -3.4e+38 -3.4e+38 -3.4e+38 -3.4e+38 -3.4e+38 -3.4e+38 -3.4e+38 -3.4e+38 -3.4e+38
0.50165331363678 0.627097547054291 0.665803909301758 0.807503044605255 0.932578921318054 0.951530575752258 0.917735517024994 0.950932145118713 0.954537510871887 0.949457585811615 0.955699503421783 0.953925132751465 0.958760201931 0.942687630653381 0.962260723114014 0.937647581100464 0.957024991512299 0.988920927047729 0.975035488605499 0.957370400428772 0.930771946907043 0.917609930038452 0.893661320209503 0.85440868139267 0.825546085834503 0.786994338035583 0.694683969020844 0.59566468000412 -3.4e+38 -3.4e+38 -3.4e+38 -3.4e+38 -3.4e+38 -3.4e+38 -3.4e+38 -3.4e+38 -3.4e+38 -3.4e+38 -3.4e+38 -3.4e+38 -3.4e+38 -3.4e+38 -3.4e+38 -3.4e+38 -3.4e+38 -3.4e+38 -3.4e+38 -3.4e+38 -3.4e+38 -3.4e+38 -3.4e+38
0.685819447040558 0.736233592033386 0.780129015445709 0.826187431812286 0.928716480731964 0.947799921035767 0.924589395523071 0.922176897525787 0.927602350711823 0.908437490463257 0.924076020717621 0.967238306999207 0.965977787971497 0.923103153705597 0.974969029426575 0.979535818099976 0.984472393989563 0.965838193893433 0.896163284778595 0.938246548175812 0.926466464996338 0.921252071857452 0.889998495578766 0.862297475337982 0.802054822444916 0.683106899261475 0.586067080497742 0.549053609371185 -3.4e+38 -3.4e+38 -3.4e+38 -3.4e+38 -3.4e+38 -3.4e+38 -3.4e+38 -3.4e+38 -3.4e+38 -3.4e+38 -3.4e+38 -3.4e+38 -3.4e+38 -3.4e+38 -3.4e+38 -3.4e+38 -3.4e+38 -3.4e+38 -3.4e+38 -3.4e+38 -3.4e+38 -3.4e+38 -3.4e+38
0.723896265029907 0.732810199260712 0.853045046329498 0.864971458911896 0.917285859584808 0.929246544837952 0.955109059810638 0.960601687431335 0.939534962177277 0.847450852394104 0.868922233581543 0.956688642501831 0.963483452796936 0.934287309646606 0.973890781402588 0.98053902387619 0.982131600379944 0.964512348175049 0.95423299074173 0.934145271778107 0.91199254989624 0.908328175544739 0.846716284751892 0.810727655887604 0.676707327365875 0.573621451854706 0.52666562795639 -3.4e+38 -3.4e+38 -3.4e+38 -3.4e+38 -3.4e+38 -3.4e+38 -3.4e+38 -3.4e+38 -3.4e+38 -3.4e+38 -3.4e+38 -3.4e+38 -3.4e+38 -3.4e+38 -3.4e+38 -3.4e+38 -3.4e+38 -3.4e+38 -3.4e+38 -3.4e+38 -3.4e+38 -3.4e+38 -3.4e+38 -3.4e+38
0.675790667533875 0.744385063648224 0.829714715480804 0.899915456771851 0.930109441280365 0.924149215221405 0.917034864425659 0.960224330425262 0.940714776515961 0.849661409854889 0.838715493679047 0.901386380195618 0.887771844863892 0.950484156608582 0.949629366397858 0.942246973514557 0.967018365859985 0.959149360656738 0.962164700031281 0.941276371479034 0.914946794509888 0.870350658893585 0.778601229190826 0.643219649791718 0.537428081035614 0.511777639389038 -3.4e+38 -3.4e+38 -3.4e+38 -3.4e+38 -3.4e+38 -3.4e+38 -3.4e+38 -3.4e+38 -3.4e+38 -3.4e+38 -3.4e+38 -3.4e+38 -3.4e+38 -3.4e+38 -3.4e+38 -3.4e+38 -3.4e+38 -3.4e+38 -3.4e+38 -3.4e+38 -3.4e+38 -3.4e+38 -3.4e+38 -3.4e+38 -3.4e+38
0.701966643333435 0.754226565361023 0.79466986656189 0.875142514705658 0.936818659305573 0.944299042224884 0.895414888858795 0.866600215435028 0.929050743579865 0.82580441236496 0.766588091850281 0.860276401042938 0.915752291679382 0.90324604511261 0.860451936721802 0.917220294475555 0.907145440578461 0.907688438892365 0.927250564098358 0.918237328529358 0.888486981391907 0.801324129104614 0.678224980831146 0.53397399187088 0.428705424070358 -3.4e+38 -3.4e+38 -3.4e+38 -3.4e+38 -3.4e+38 -3.4e+38 -3.4e+38 -3.4e+38 -3.4e+38 -3.4e+38 -3.4e+38 -3.4e+38 -3.4e+38 -3.4e+38 -3.4e+38 -3.4e+38 -3.4e+38 -3.4e+38 -3.4e+38 -3.4e+38 -3.4e+38 -3.4e+38 -3.4e+38 -3.4e+38 -3.4e+38 -3.4e+38
