data/climate_estimation/maxent_output/Sandersonia_aurantiaca.asc
NCOLS 51 
NROWS 66 
XLLCORNER 28.25 
YLLCORNER -32.5 
CELLSIZE 0.0833333333333333 
NODATA_value -3.4e+38 
[rows 0 to 23 of 66, columns 0 to 50 of 51]
0.101995445787907 0.12354277074337 0.147876620292664 0.147861912846565 0.176639705896378 0.225512340664864 0.16022901237011 0.161745131015778 0.123558558523655 0.117039069533348 0.0809087455272675 0.0877174511551857 0.0993086695671082 0.11975322663784 0.195069462060928 0.319513231515884 0.350737005472183 0.379476308822632 0.454052150249481 0.466518878936768 0.560484051704407 0.635164797306061 0.671740293502808 0.773375451564789 0.769690275192261 0.836077928543091 0.890207886695862 0.874286830425262 0.866849064826965 0.850880265235901 0.840974390506744 0.815699696540833 0.792941749095917 0.804415464401245 0.898505985736847 0.928388595581055 0.947872638702393 0.915192306041718 0.941947221755981 0.903837919235229 0.497522324323654 0.250573962926865 0.239385664463043 0.135745361447334 0.130779951810837 0.470463484525681 0.125880524516106 0.124373525381088 0.143149212002754 0.226569518446922 0.243750527501106
0.105432152748108 0.106224536895752 0.140217751264572 0.15253321826458 0.176076322793961 0.211798653006554 0.173131585121155 0.17796802520752 0.18387246131897 0.135766461491585 0.130941241979599 0.142944633960724 0.16675677895546 0.182851210236549 0.300608396530151 0.338292390108109 0.493043452501297 0.580401539802551 0.637443006038666 0.65160995721817 0.570999026298523 0.680059790611267 0.722982287406921 0.751236021518707 0.860239088535309 0.838072240352631 0.911610007286072 0.899619817733765 0.893508672714233 0.882727563381195 0.850203514099121 0.814242362976074 0.837064146995544 0.838770747184753 0.923626065254211 0.956141233444214 0.940086007118225 0.920791387557983 0.734307765960693 0.659286260604858 0.413336843252182 0.264173001050949 0.307824462652206 0.159401670098305 0.333971738815308 0.382384866476059 0.101144962012768 0.107029348611832 0.137130975723267 0.195085480809212 0.218033969402313
0.110623575747013 0.109481528401375 0.12436380982399 0.153031915426254 0.185701131820679 0.244963526725769 0.258968442678452 0.176763579249382 0.213341593742371 0.209216400980949 0.214691460132599 0.158431023359299 0.225739732384682 0.26492378115654 0.284763842821121 0.433629423379898 0.539439797401428 0.599929332733154 0.648364007472992 0.721380412578583 0.629865109920502 0.693684756755829 0.766003847122192 0.726015090942383 0.865313589572906 0.868167817592621 0.913980841636658 0.936547636985779 0.902108430862427 0.891373038291931 0.895584106445312 0.840710163116455 0.853773415088654 0.889027118682861 0.932797610759735 0.933989226818085 0.937321543693542 0.937774121761322 0.848681688308716 0.803978502750397 0.440935850143433 0.264717996120453 0.366737216711044 0.128664091229439 0.248952865600586 0.377499222755432 0.0944513007998466 0.0844348594546318 0.121383525431156 0.178219854831696 0.214155450463295
0.122165024280548 0.115575969219208 0.123582348227501 0.0957074984908104 0.16712698340416 0.221792325377464 0.25175940990448 0.278803527355194 0.298410296440125 0.213069438934326 0.230317175388336 0.262419611215591 0.273980289697647 0.396086394786835 0.430570542812347 0.529696881771088 0.579518496990204 0.607632875442505 0.640388011932373 0.699210226535797 0.764586329460144 0.726899027824402 0.768068432807922 0.897873818874359 0.906293392181396 0.892112255096436 0.922602891921997 0.930950045585632 0.864681839942932 0.848955571651459 0.844620883464813 0.831856429576874 0.873633623123169 0.898335337638855 0.918667197227478 0.902109682559967 0.91816645860672 0.845989584922791 0.890932142734528 0.687049806118011 0.226730450987816 0.146080270409584 0.254380762577057 0.104274660348892 0.22322590649128 0.330320686101913 0.0765923634171486 0.0804781690239906 0.114620693027973 0.170777589082718 0.232947885990143
0.158007502555847 0.146207690238953 0.1372911632061 0.137586459517479 0.15214629471302 0.195623993873596 0.235932648181915 0.296825259923935 0.328242003917694 0.251760005950928 0.266724079847336 0.2972452044487 0.34063920378685 0.441250324249268 0.481353402137756 0.512728452682495 0.635686159133911 0.680223703384399 0.682807445526123 0.749664783477783 0.736556112766266 0.850523948669434 0.868609249591827 0.901507794857025 0.915631055831909 0.932462692260742 0.915189146995544 0.890482366085052 0.837863743305206 0.861850917339325 0.8390251994133 0.860029697418213 0.869704127311707 0.86664491891861 0.836394727230072 0.905544519424438 0.798237383365631 0.714427709579468 0.661568403244019 0.527994096279144 0.165047168731689 0.139078497886658 0.153985068202019 0.0901009887456894 0.122454479336739 0.229398846626282 0.0631576105952263 0.0773703455924988 0.12198693305254 0.18990059196949 0.263138562440872
0.179509475827217 0.20633852481842 0.179133474826813 0.148206278681755 0.233128592371941 0.175517380237579 0.228775843977928 0.287601858377457 0.324204057455063 0.264104038476944 0.268241614103317 0.307132244110107 0.375724583864212 0.449931710958481 0.583541572093964 0.517964601516724 0.596371352672577 0.672318816184998 0.760466456413269 0.76722252368927 0.815000712871552 0.810969352722168 0.880023419857025 0.905549168586731 0.914875507354736 0.955332219600677 0.949908316135406 0.928673624992371 0.895881175994873 0.898198485374451 0.878646194934845 0.860221982002258 0.887855172157288 0.869437873363495 0.802497804164886 0.734758913516998 0.699913501739502 0.625903427600861 0.719425678253174 0.471483170986176 0.201376840472221 0.233498200774193 0.261394560337067 0.221194267272949 0.0738516673445702 0.205059766769409 0.0706859081983566 0.112749978899956 0.145042836666107 0.225607216358185 0.290542840957642
0.245395585894585 0.233001083135605 0.176126420497894 0.206762358546257 0.247857719659805 0.228094637393951 0.251107513904572 0.242436498403549 0.28998202085495 0.359861999750137 0.290886223316193 0.288585007190704 0.460053682327271 0.47382128238678 0.531689882278442 0.570946097373962 0.666064023971558 0.728080868721008 0.746132910251617 0.683340191841125 0.666778922080994 0.747123301029205 0.893231868743896 0.87536609172821 0.939510226249695 0.943836987018585 0.947350323200226 0.937592148780823 0.920832574367523 0.879271745681763 0.824136972427368 0.831959784030914 0.839566230773926 0.852132856845856 0.92805278301239 0.83715283870697 0.932271599769592 0.920409798622131 0.898842811584473 0.685836911201477 0.513210356235504 0.402765601873398 0.29744479060173 0.344015747308731 0.0992500111460686 0.32914811372757 0.147428959608078 0.128112316131592 0.168114826083183 0.256642520427704 0.293121457099915
0.225867733359337 0.213171258568764 0.190157145261765 0.269732564687729 0.275382548570633 0.235729187726974 0.27781343460083 0.304578810930252 0.286888271570206 0.344885230064392 0.391699135303497 0.439087957143784 0.479108452796936 0.474094063043594 0.583667039871216 0.574084639549255 0.701005458831787 0.743799924850464 0.721740305423737 0.615773320198059 0.574781954288483 0.615491688251495 0.684990704059601 0.730821251869202 0.896422982215881 0.927627623081207 0.941161692142487 0.935222983360291 0.918487787246704 0.913356006145477 0.901528716087341 0.87997031211853 0.892143785953522 0.957638204097748 0.955752611160278 0.940665423870087 0.929080545902252 0.88184916973114 0.68307089805603 0.644169390201569 0.369109749794006 0.296906054019928 0.195482343435287 0.236843004822731 0.133379891514778 0.129059240221977 0.239653632044792 0.178921222686768 0.192719578742981 0.244156688451767 0.282781034708023
0.179076477885246 0.196885094046593 0.239935576915741 0.279766887426376 0.292181819677353 0.257708460092545 0.275048047304153 0.313710391521454 0.340788215398788 0.383584350347519 0.369053959846497 0.480165302753448 0.579882979393005 0.57908308506012 0.672634363174438 0.672584474086761 0.763309180736542 0.801221251487732 0.767358660697937 0.582823216915131 0.570981323719025 0.499126613140106 0.565958797931671 0.650112628936768 0.791540205478668 0.907447755336761 0.933626055717468 0.923816382884979 0.941273510456085 0.901940226554871 0.938593506813049 0.930494487285614 0.968756377696991 0.970757722854614 0.961929798126221 0.912182331085205 0.87429141998291 0.782320141792297 0.798441112041473 0.769049108028412 0.561409890651703 0.407318353652954 0.384273946285248 0.57048773765564 0.461543172597885 0.218770548701286 0.296409279108047 0.28194797039032 0.232725530862808 0.269261300563812 0.280280470848083
0.200030356645584 0.251035511493683 0.262377023696899 0.302247494459152 0.266519784927368 0.267706245183945 0.25888928771019 0.277962356805801 0.306790858507156 0.375033110380173 0.42458587884903 0.496990889310837 0.589672982692719 0.691857695579529 0.757645547389984 0.74593597650528 0.743432700634003 0.816979050636292 0.70246297121048 0.551498830318451 0.516513466835022 0.512736856937408 0.574778139591217 0.605490267276764 0.726381301879883 0.815504312515259 0.920607089996338 0.876528799533844 0.882024466991425 0.867775499820709 0.846029102802277 0.932951688766479 0.953096807003021 0.955151438713074 0.964542150497437 0.970783829689026 0.93910801410675 0.906010150909424 0.930690944194794 0.788022935390472 0.655776143074036 0.568426966667175 0.57447075843811 0.606665432453156 0.460097044706345 0.278875529766083 0.270635932683945 0.323514014482498 0.288600265979767 0.302677601575851 0.310624986886978
0.218517675995827 0.268889904022217 0.316248416900635 0.294653952121735 0.28403839468956 0.286208897829056 0.245599761605263 0.277291595935822 0.292947024106979 0.313267409801483 0.385402411222458 0.448154419660568 0.528653740882874 0.659221172332764 0.767631888389587 0.795033991336823 0.772815644741058 0.759443402290344 0.595209658145905 0.582437753677368 0.490986078977585 0.554995894432068 0.590650200843811 0.58799421787262 0.609930753707886 0.79973429441452 0.842480003833771 0.85287070274353 0.864489138126373 0.83814400434494 0.84179550409317 0.913203597068787 0.963834762573242 0.956132411956787 0.944832026958466 0.898804545402527 0.931535124778748 0.920918762683868 0.72681188583374 0.774996876716614 0.794896066188812 0.780131042003632 0.729146003723145 0.645477414131165 0.531659662723541 0.508494913578033 0.380557984113693 0.305088222026825 0.275366604328156 0.27882245182991 0.291659474372864
0.235763192176819 0.27682426571846 0.295246005058289 0.328122138977051 0.300439774990082 0.298356354236603 0.271792739629745 0.264000535011292 0.284151524305344 0.350310087203979 0.387734204530716 0.442437916994095 0.498812079429626 0.572777569293976 0.660515785217285 0.74266117811203 0.802466690540314 0.75920569896698 0.543462753295898 0.560445189476013 0.494560867547989 0.534609615802765 0.660432279109955 0.621968150138855 0.616592645645142 0.767427623271942 0.850878059864044 0.87125438451767 0.897859990596771 0.913779377937317 0.862762689590454 0.896447420120239 0.883961081504822 0.953568756580353 0.855113208293915 0.618011832237244 0.804418861865997 0.853197395801544 0.463492810726166 0.601222455501556 0.627512097358704 0.80756539106369 0.7386314868927 0.730169773101807 0.694576919078827 0.714484870433807 0.531282007694244 0.335884809494019 0.289088517427444 0.265188276767731 0.248259708285332
0.259091883897781 0.299785703420639 0.310432255268097 0.331851720809937 0.32288733124733 0.319960474967957 0.294526338577271 0.27474719285965 0.284151524305344 0.295355647802353 0.318521410226822 0.376548647880554 0.49005863070488 0.572175920009613 0.654379606246948 0.768603026866913 0.781472086906433 0.55418986082077 0.534948766231537 0.517425775527954 0.501768350601196 0.618279039859772 0.660313606262207 0.647896587848663 0.706028759479523 0.686761617660522 0.854870915412903 0.872126221656799 0.902827978134155 0.892079651355743 0.887393772602081 0.876549005508423 0.843428611755371 0.879368185997009 0.756496727466583 0.763748645782471 0.69564551115036 0.588074564933777 0.513032019138336 0.429343014955521 0.653745174407959 0.82671058177948 0.657539069652557 0.738924920558929 0.683444738388062 0.687752246856689 0.55229651927948 0.39397594332695 0.324438989162445 0.263944894075394 0.230334520339966
0.272428423166275 0.323801577091217 0.364172846078873 0.349748253822327 0.371932715177536 0.331679612398148 0.314203292131424 0.297328621149063 0.321828097105026 0.308974862098694 0.354217052459717 0.441647291183472 0.55275171995163 0.648701786994934 0.725080609321594 0.791051149368286 0.791202783584595 0.717376828193665 0.687755465507507 0.732571184635162 0.645212590694427 0.635483860969543 0.642365336418152 0.68584805727005 0.631811678409576 0.703896224498749 0.774178206920624 0.855053603649139 0.930634379386902 0.867332756519318 0.871476948261261 0.872495174407959 0.845141470432281 0.864191710948944 0.920633733272552 0.848848938941956 0.82146030664444 0.770922660827637 0.533214449882507 0.466681450605392 0.511665642261505 0.585445284843445 0.621250450611115 0.690598785877228 0.64972847700119 0.475420147180557 0.491802424192429 0.391858160495758 0.263503909111023 0.218167766928673 0.170496881008148
0.328085124492645 0.34703853726387 0.402904570102692 0.437896430492401 0.406663000583649 0.417190611362457 0.389986217021942 0.382903009653091 0.357239782810211 0.352678596973419 0.403475731611252 0.604074776172638 0.641566932201385 0.743026852607727 0.776336491107941 0.764589846134186 0.776062250137329 0.661451041698456 0.736622333526611 0.757283389568329 0.632681012153625 0.670037627220154 0.600518703460693 0.693438768386841 0.748450696468353 0.817977070808411 0.815065026283264 0.824697732925415 0.915014982223511 0.933355033397675 0.892989933490753 0.872115552425385 0.818940043449402 0.784139454364777 0.831257522106171 0.821350693702698 0.779922127723694 0.831746697425842 0.755775392055511 0.583199858665466 0.448964774608612 0.466801732778549 0.425304293632507 0.598386764526367 0.555952847003937 0.503075659275055 0.442862063646317 0.315935462713242 0.210366740822792 0.177386343479156 0.122479431331158
0.391371995210648 0.406402885913849 0.447082072496414 0.535738348960876 0.548941552639008 0.552880227565765 0.537320852279663 0.512240171432495 0.535111784934998 0.473046153783798 0.487915635108948 0.749431371688843 0.70626300573349 0.734346568584442 0.763312220573425 0.628356039524078 0.46224918961525 0.337524175643921 0.499622523784637 0.474801391363144 0.491998940706253 0.4325330555439 0.404007643461227 0.540377855300903 0.848467767238617 0.852759957313538 0.784420669078827 0.79110860824585 0.908793985843658 0.933595657348633 0.904640436172485 0.91132265329361 0.926967024803162 0.934118986129761 0.921552956104279 0.826863884925842 0.679420173168182 0.720691442489624 0.71315461397171 0.674274086952209 0.664369106292725 0.599108278751373 0.472043842077255 0.402380108833313 0.429932951927185 0.367344349622726 0.291925370693207 0.227313697338104 0.166688352823257 0.106645442545414 0.085885725915432
0.497851133346558 0.485544383525848 0.534709870815277 0.622079491615295 0.758273422718048 0.675716459751129 0.705585777759552 0.731388092041016 0.74825119972229 0.724273562431335 0.737787842750549 0.759048461914062 0.762458443641663 0.740172147750854 0.588269114494324 0.419838637113571 0.382663726806641 0.292680531740189 0.40234386920929 0.440391331911087 0.359655261039734 0.395638227462769 0.383842051029205 0.491150408983231 0.72463858127594 0.92065691947937 0.902097582817078 0.787105143070221 0.868912994861603 0.926048994064331 0.930861413478851 0.944973647594452 0.945440411567688 0.959541857242584 0.93310421705246 0.769114375114441 0.654991686344147 0.616780161857605 0.641163766384125 0.661153793334961 0.501625239849091 0.467632263898849 0.394474416971207 0.362633913755417 0.244787141680717 0.209149569272995 0.227879106998444 0.160784050822258 0.110378228127956 0.0719130411744118 0.0595193393528461
0.615449428558350 0.599031150341034 0.711477339267731 0.795301139354706 0.813875019550323 0.819818794727325 0.837428331375122 0.828414618968964 0.85747629404068 0.816244661808014 0.801939010620117 0.833162665367126 0.725065469741821 0.497813194990158 0.336888283491135 0.287768632173538 0.306243568658829 0.279023140668869 0.298028379678726 0.30642294883728 0.361541718244553 0.276437669992447 0.30928960442543 0.390835016965866 0.629595875740051 0.893028199672699 0.917795836925507 0.828252911567688 0.771673738956451 0.938622415065765 0.950947940349579 0.941510438919067 0.949825882911682 0.951391100883484 0.916513502597809 0.876476466655731 0.878356456756592 0.876682460308075 0.634244799613953 0.717841625213623 0.657899677753448 0.472760766744614 0.442580252885818 0.334719508886337 0.238928526639938 0.189079686999321 0.138319551944733 0.0951561853289604 0.0666982606053352 0.0477162636816502 0.0429066643118858
0.707382678985596 0.707182765007019 0.771147727966309 0.811177730560303 0.798841238021851 0.879774928092957 0.86313408613205 0.87137770652771 0.908017694950104 0.843640446662903 0.75565904378891 0.647050857543945 0.384577631950378 0.291330218315125 0.371904343366623 0.307676583528519 0.220665112137794 0.203344210982323 0.159423276782036 0.187908127903938 0.302932590246201 0.245980590581894 0.17320317029953 0.546370625495911 0.604617059230804 0.87338125705719 0.802772104740143 0.652224004268646 0.686270892620087 0.867724001407623 0.953350007534027 0.963752150535583 0.946371495723724 0.962214291095734 0.942450881004333 0.953604161739349 0.935029685497284 0.857984721660614 0.748381793498993 0.748925924301147 0.706657290458679 0.532622098922729 0.388242959976196 0.269534200429916 0.220932617783546 0.155701860785484 0.111183509230614 0.0783253461122513 0.0521000921726227 0.0372233688831329 -3.4e+38
0.58911520242691 0.649448335170746 0.807563006877899 0.819395244121552 0.786127507686615 0.82072925567627 0.891089141368866 0.895161330699921 0.809447050094604 0.378461927175522 0.256692349910736 0.306331187486649 0.31664502620697 0.3153475522995 0.355367094278336 0.325441300868988 0.269370704889297 0.287652343511581 0.274137943983078 0.210335060954094 0.223080664873123 0.269041359424591 0.193154320120811 0.330615133047104 0.247649133205414 0.51749461889267 0.711963593959808 0.880326509475708 0.748322188854218 0.925577700138092 0.964609622955322 0.969802916049957 0.947141110897064 0.952718913555145 0.959713995456696 0.874785959720612 0.875622630119324 0.882831215858459 0.78629606962204 0.673799276351929 0.50842672586441 0.447324097156525 0.313122302293777 0.228019937872887 0.167277202010155 0.123403236269951 0.0997871607542038 0.0714749470353127 0.0490465722978115 0.0398536249995232 -3.4e+38
0.626910448074341 0.664834678173065 0.809998869895935 0.771670520305634 0.758274495601654 0.820602416992188 0.853675484657288 0.897072792053223 0.715389013290405 0.541744232177734 0.321185380220413 0.288942873477936 0.317909985780716 0.330620974302292 0.323683887720108 0.306713998317719 0.287595361471176 0.301471412181854 0.198260858654976 0.189210087060928 0.24477943778038 0.150802209973335 0.200692191720009 0.345436185598373 0.206558272242546 0.272722482681274 0.599300980567932 0.909048855304718 0.685851156711578 0.853248715400696 0.786979019641876 0.932601630687714 0.944613337516785 0.895974040031433 0.970790326595306 0.908596515655518 0.757368743419647 0.761482000350952 0.732370674610138 0.553662776947021 0.395589351654053 0.312972694635391 0.268815159797668 0.18718446791172 0.135216444730759 0.104898132383823 0.0823782905936241 0.0614897385239601 -3.4e+38 -3.4e+38 -3.4e+38
0.73849755525589 0.748921036720276 0.832939803600311 0.826048612594604 0.769018352031708 0.878495872020721 0.885949015617371 0.886966049671173 0.920808970928192 0.700016975402832 0.532267212867737 0.357169985771179 0.369679927825928 0.411145359277725 0.360570967197418 0.274718403816223 0.206447601318359 0.231600850820541 0.207643046975136 0.206075116991997 0.131788358092308 0.11172516644001 0.123199313879013 0.26790463924408 0.408917993307114 0.514369666576385 0.60284411907196 0.549172103404999 0.756117820739746 0.752923548221588 0.873273432254791 0.673783659934998 0.604088485240936 0.718637585639954 0.775998115539551 0.888959527015686 0.734266698360443 0.720172345638275 0.616957604885101 0.530186355113983 0.459645509719849 0.346905201673508 0.229333639144897 0.144677996635437 0.107715003192425 0.093573696911335 0.0769869983196259 -3.4e+38 -3.4e+38 -3.4e+38 -3.4e+38
0.707230389118195 0.827837705612183 0.845411419868469 0.829573512077332 0.829701840877533 0.904395043849945 0.909005463123322 0.862957835197449 0.925627112388611 0.902745485305786 0.762283504009247 0.717475891113281 0.501263082027435 0.421490371227264 0.404291182756424 0.335592567920685 0.360683411359787 0.346069037914276 0.328703969717026 0.391552239656448 0.380826711654663 0.318833261728287 0.362634390592575 0.647812366485596 0.822978436946869 0.808519065380096 0.611001193523407 0.758688449859619 0.961594581604004 0.964179158210754 0.971500158309937 0.915449380874634 0.652746677398682 0.533509612083435 0.765393316745758 0.881286203861237 0.873442947864532 0.74376916885376 0.619389235973358 0.556343257427216 0.435365110635757 0.332954049110413 0.200907170772552 0.134614005684853 0.111065201461315 0.0917991474270821 -3.4e+38 -3.4e+38 -3.4e+38 -3.4e+38 -3.4e+38
0.780784666538239 0.848164498806 0.885682344436646 0.863557398319244 0.874946892261505 0.821077227592468 0.773808062076569 0.806077361106873 0.819443166255951 0.773783981800079 0.900098383426666 0.739542543888092 0.666366636753082 0.631201028823853 0.46294116973877 0.462378233671188 0.518495440483093 0.561175584793091 0.51978874206543 0.59990006685257 0.596134841442108 0.71343731880188 0.57217401266098 0.874157965183258 0.867959320545197 0.68607771396637 0.923353135585785 0.959150791168213 0.974558472633362 0.973253607749939 0.978353083133698 0.973132848739624 0.95677387714386 0.543344795703888 0.568584382534027 0.829758584499359 0.78756445646286 0.650372624397278 0.579158663749695 0.424793183803558 0.291227400302887 0.22333088517189 0.161226838827133 0.137105405330658 -3.4e+38 -3.4e+38 -3.4e+38 -3.4e+38 -3.4e+38 -3.4e+38 -3.4e+38
