data/climate_estimation/maxent_output/Schelhammera_undulata.asc
NCOLS 134 
NROWS 112 
XLLCORNER 142.333333333333 
YLLCORNER -37.9166666666667 
CELLSIZE 0.0833333333333333 
NODATA_value -3.4e+38 
[rows 20 to 39 of 112, columns 45 to 89 of 134]
0.000224987015826628 0.000231448269914836 0.000287780625512823 0.000285088695818558 0.000284358073258772 0.000330113398376852 0.000330137409036979 0.00032247620401904 0.0003094240964856 0.000319852697430179 0.000359831028617918 0.000392669404391199 0.000380375393433496 0.000377216638298705 0.000447297672508284 0.000457969435956329 0.000477995228720829 0.000558550993446261 0.000571561162360013 0.000712659908458591 0.000758485577534884 0.000989220920018852 0.000965624931268394 0.00104754720814526 0.00124759820755571 0.00135894864797592 0.00166064745280892 0.00178829312790185 0.00187158910557628 0.00209352490492165 0.00209684623405337 0.00221938104368746 0.0023932137992233 0.002707066712901 0.0031184870749712 0.00340579031035304 0.00352787249721587 0.00420878548175097 0.004247244913131 0.00510178925469518 0.00582703156396747 0.00670255720615387 0.00798232108354568 0.00743691343814135 0.00849194638431072
0.000240409062826075 0.000249058910412714 0.000284310663118958 0.000306147616356611 0.000364183011697605 0.000372639944544062 0.000353802053723484 0.000351121154380962 0.00034584803506732 0.000382127560442314 0.00037821548175998 0.000396722549339756 0.000391860696254298 0.00039293259033002 0.000401210098061711 0.000487699173390865 0.0005022082477808 0.000589320727158338 0.000594930490478873 0.000708583451341838 0.000811730686109513 0.00098221015650779 0.00110168696846813 0.00129756925161928 0.00131495262030512 0.0013660331023857 0.00178705481812358 0.00185571622569114 0.00225254124961793 0.00208965083584189 0.00225697527639568 0.00259394361637533 0.0030769226141274 0.00360352057032287 0.00403699046000838 0.00409358181059361 0.00494454568251967 0.00516951270401478 0.00615387782454491 0.00628392351791263 0.00744396494701505 0.00830583460628986 0.00830583460628986 0.00834805145859718 0.00813277717679739
0.000257364183198661 0.000252829835517332 0.000251821125857532 0.000307357142446563 0.000389432330848649 0.000408545281970873 0.000460584822576493 0.00047717901179567 0.000442541058873758 0.000421596574597061 0.000414688547607511 0.000411244895076379 0.000396160932723433 0.000395894894609228 0.000421425036620349 0.000552192272152752 0.000545208458788693 0.000625357090029866 0.000754679087549448 0.000796152511611581 0.000922242295928299 0.000989055377431214 0.00108333386015147 0.00137158553116024 0.0013742137234658 0.001756452023983 0.00179071072489023 0.00230780453421175 0.00221079355105758 0.0024748183786869 0.00259486539289355 0.00317627866752446 0.0042388653382659 0.0047441404312849 0.00477685639634728 0.00561513379216194 0.00595493335276842 0.0061237164773047 0.00689423549920321 0.00781559385359287 0.00837864633649588 0.00882125925272703 0.0087543148547411 0.00980840157717466 0.0107109453529119
0.000263673515291885 0.000277067680144683 0.000281700631603599 0.000329688744386658 0.000441344280261546 0.000532560574356467 0.000531536701600999 0.000465724384412169 0.000390073371818289 0.000452786305686459 0.000430766318459064 0.000428378261858597 0.000426671700552106 0.000430842832429335 0.000446053978521377 0.000540143635589629 0.000550011289305985 0.00066126073943451 0.000810126715805382 0.000867407361511141 0.00103232043329626 0.00104976398870349 0.00127657933626324 0.00134737358894199 0.00139768759254366 0.00179627165198326 0.00190353253856301 0.0023127687163651 0.00243103760294616 0.00270212534815073 0.0032200354617089 0.00378509820438921 0.00494998320937157 0.00559815717861056 0.00583095941692591 0.00671821506693959 0.00697573134675622 0.00753814866766334 0.00854133069515228 0.00921248458325863 0.0095294201746583 0.00985720474272966 0.010028931312263 0.0106209609657526 0.0117194466292858
0.00026562949642539 0.000280520267551765 0.000276745762676001 0.000283072586171329 0.000361749902367592 0.000560660730116069 0.000530787277966738 0.000504004012327641 0.000474513595690951 0.000476580753456801 0.000459739385405555 0.000462001538835466 0.000468467100290582 0.000485016556922346 0.000479331880342215 0.000575370562728494 0.000568093673791736 0.000678264535963535 0.000850995187647641 0.000867551658302546 0.00108988175634295 0.00114680640399456 0.00138652743771672 0.00140566343907267 0.001812499249354 0.00184922339394689 0.00205919565632939 0.00242626201361418 0.00285869045183063 0.00337050133384764 0.00385798723436892 0.00461852597072721 0.00530242035165429 0.00602717977017164 0.00690137268975377 0.00708860624581575 0.00850309245288372 0.008917436003685 0.0104658100754023 0.0104658333584666 0.0107654966413975 0.0107654966413975 0.0110033368691802 0.0114565510302782 0.0129981152713299
0.000299679086310789 0.000302194588584825 0.000346350279869512 0.000344462489010766 0.000366825115634128 0.000473721156595275 0.000545074406545609 0.000572011223994195 0.000513170612975955 0.000512457976583391 0.000510325888171792 0.000495047075673938 0.00050059228669852 0.000486639735754579 0.000497557921335101 0.000608899805229157 0.000619555939920247 0.00072931736940518 0.000863643537741154 0.00087800354231149 0.00105237250681967 0.00133397756144404 0.00142457592301071 0.00151594472117722 0.0019351450027898 0.00201509729959071 0.00219531077891588 0.00253307307139039 0.00296487007290125 0.00359939434565604 0.00475948303937912 0.00553338835015893 0.00640676636248827 0.00725615117698908 0.00755758071318269 0.0088440328836441 0.00979753583669662 0.010622295551002 0.0110123315826058 0.0118974521756172 0.0118298307061195 0.0122206592932343 0.0120195429772139 0.0130395414307714 0.0151299517601728
0.000317336904117838 0.000363443687092513 0.00038387838867493 0.00037397860432975 0.000430531479651108 0.00043514245771803 0.000575999671127647 0.000666167470626533 0.000674378417897969 0.000641542312223464 0.000524331582710147 0.000545894668903202 0.000535387778654695 0.000529479642864317 0.000526273215655237 0.000621988496277481 0.000669510278385133 0.000750187668018043 0.000879043596796691 0.000943527033086866 0.00114741048309952 0.00136198499239981 0.0014481806429103 0.00153812335338444 0.00204210518859327 0.00214842078275979 0.00231541064567864 0.00280303368344903 0.0038759526796639 0.00429083267226815 0.00511461915448308 0.00583864981308579 0.00658563151955605 0.00781346298754215 0.00921417679637671 0.00986667349934578 0.0104838851839304 0.0113131841644645 0.0122262286022305 0.0135216657072306 0.0132464561611414 0.0123296966776252 0.0138119161128998 0.0152695877477527 0.0158033724874258
0.000378539960365742 0.000395096954889596 0.00046978922910057 0.000444156699813902 0.000483271927805617 0.000576410093344748 0.000760402821470052 0.000882911263033748 0.000868245784658939 0.000730843574274331 0.00069781654747203 0.000674892915412784 0.00067678710911423 0.000685899751260877 0.000696554721798748 0.000679476535879076 0.000880302570294589 0.000867292168550193 0.000952395668718964 0.000991693348623812 0.00121795223094523 0.00151881051715463 0.00158995192032307 0.00169792026281357 0.00222720811143517 0.00235329498536885 0.00287710526026785 0.00325930188409984 0.00406490126624703 0.00461962260305882 0.00535610923543572 0.00616304762661457 0.00736673874780536 0.00828236248344183 0.010182362049818 0.0112521052360535 0.0115650240331888 0.0127583080902696 0.0137329734861851 0.0139379743486643 0.0137878470122814 0.0142139438539743 0.0154976593330503 0.016812527552247 0.0153725873678923
0.000414427573559806 0.000531990430317819 0.000488042889628559 0.000486277742311358 0.000617675657849759 0.000716388516593724 0.000886847090441734 0.00109772244468331 0.00095259229419753 0.000893604476004839 0.00075130199547857 0.000712803448550403 0.000717898015864193 0.000730887230020016 0.000753157830331475 0.000887899019289762 0.000923537358175963 0.000885575544089079 0.00106461450923234 0.00109193555545062 0.00134870538022369 0.00165959692094475 0.00169180438388139 0.00181326700840145 0.00243035284802318 0.00297972396947443 0.00337186688557267 0.00434460444375873 0.00487193930894136 0.00548468064516783 0.00566909741610289 0.00661164848133922 0.00783498585224152 0.00913840346038342 0.0114689478650689 0.0126309851184487 0.0129637410864234 0.0139860780909657 0.0148656507954001 0.0163623373955488 0.0152390897274017 0.0158235020935535 0.0169433634728193 0.0155064184218645 0.014962762594223
0.000586074660532176 0.000674175505992025 0.000645523774437606 0.000623193627689034 0.000742142088711262 0.000950892106629908 0.00110068928916007 0.00142937642522156 0.0012262468226254 0.00117168622091413 0.000944554049056023 0.000773973297327757 0.000757961825001985 0.000771984923630953 0.00092685513664037 0.000945371633861214 0.000952333386521786 0.00117340334691107 0.00116638303734362 0.00115940475370735 0.00125819584354758 0.00102266191970557 0.00125063676387072 0.00194205599837005 0.00251147826202214 0.00307449186220765 0.00361911952495575 0.00437062000855803 0.00487193930894136 0.00564900040626526 0.00649663852527738 0.00793940294533968 0.00932004116475582 0.0125328414142132 0.0131790563464165 0.0145089356228709 0.0138809997588396 0.0143669620156288 0.0169403199106455 0.0179695282131433 0.0171749442815781 0.0190120171755552 0.0193846225738525 0.0171789061278105 0.0160326510667801
0.000704113452229649 0.000852066732477397 0.000825377937871963 0.00066000921651721 0.000829638913273811 0.00106636784039438 0.00130310340318829 0.0015036603435874 0.00135779392439872 0.00111844495404512 0.0010155433556065 0.000807997537776828 0.000845786766149104 0.00103648041840643 0.000950368179474026 0.000961171346716583 0.00116953533142805 0.00124730134848505 0.00124730134848505 0.00147010781802237 0.00148282910231501 0.00127940427046269 0.00131373503245413 0.0024485900066793 0.00286806165240705 0.00369450496509671 0.00435639405623078 0.00452327122911811 0.00503824232146144 0.00605194550007582 0.00700551876798272 0.00852079968899488 0.0113483080640435 0.0149773927405477 0.0153114972636104 0.0176172982901335 0.0166743863373995 0.0152369514107704 0.0174345150589943 0.0189911797642708 0.0200203116983175 0.0223758369684219 0.0226242579519749 0.0211703609675169 0.018527839332819
0.000913453928660601 0.00084977998631075 0.000832013203762472 0.000858612824231386 0.00104257208295166 0.00117387482896447 0.00143230624962598 0.00140279252082109 0.00137086433824152 0.00105637859087437 0.00087140075629577 0.000857083068694919 0.0008567288168706 0.00103705178480595 0.00110966165084392 0.00121328711975366 0.00122894160449505 0.0014833394670859 0.0015199821209535 0.00180433981586248 0.0018377125961706 0.0019918258767575 0.00252609374001622 0.00302278879098594 0.00350590818561614 0.0038973749615252 0.00467911083251238 0.00534541346132755 0.00598499551415443 0.00719001237303019 0.00859712809324265 0.0100603438913822 0.0134238703176379 0.0164708308875561 0.023454686626792 0.0217180754989386 0.0231784526258707 0.0201433915644884 0.0202338006347418 0.0216237101703882 0.0252774506807327 0.0287174675613642 0.024342043325305 0.0211342237889767 0.0228494927287102
0.00109933468047529 0.00109579088166356 0.000928798282984644 0.000903508742339909 0.00109650264494121 0.00111163919791579 0.00119364319834858 0.00144048966467381 0.00118746131192893 0.000957205193117261 0.000909927068278193 0.000931369548197836 0.0010538020869717 0.00106299517210573 0.00128063000738621 0.00133141898550093 0.00146531965583563 0.0015123508637771 0.00194011942949146 0.00233678985387087 0.00245632883161306 0.00270570768043399 0.00294505897909403 0.00359915290027857 0.00421333080157638 0.0043609319254756 0.00495076971128583 0.0052498341538012 0.00635383231565356 0.00750706437975168 0.00918550416827202 0.0110889049246907 0.0137971788644791 0.0197217483073473 0.0275484900921583 0.0327274687588215 0.0345776714384556 0.0243120156228542 0.0211423728615046 0.0199406258761883 0.0227595809847116 0.0278580002486706 0.031952265650034 0.0291561651974916 0.0254533421248198
0.00118187081534415 0.00114942074287683 0.00111475598532706 0.00112878473009914 0.00116861856076866 0.00128118030261248 0.00121472042519599 0.00132768950425088 0.00127089361194521 0.00107689865399152 0.00102152593899518 0.00100738799665123 0.00113136495929211 0.00107466930057853 0.00133789330720901 0.00139662798028439 0.00157098402269185 0.00181904912460595 0.00222306209616363 0.00243260990828276 0.00289825815707445 0.00322520174086094 0.00379683380015194 0.00416331738233566 0.00488179316744208 0.00528207514435053 0.00595165230333805 0.00621728971600533 0.00772349489852786 0.00891862157732248 0.0107814595103264 0.0119226677343249 0.0146554345265031 0.0211311373859644 0.0323968045413494 0.0419816672801971 0.0265230648219585 0.0235953237861395 0.0211537089198828 0.0224804151803255 0.0246629435569048 0.0284065846353769 0.0317843817174435 0.0323142223060131 0.0350144021213055
0.00147155707236379 0.001481625251472 0.00122157263103873 0.00119024468585849 0.00147362321149558 0.00133388547692448 0.00124751019757241 0.00128449930343777 0.00112035998608917 0.00108098273631185 0.000895910430699587 0.000997538678348064 0.0012202764628455 0.00140871002804488 0.00135911244433373 0.00160736183170229 0.00163060845807195 0.00199071737006307 0.00229071103967726 0.00255312281660736 0.00327301770448685 0.00417830282822251 0.00443348754197359 0.00450991280376911 0.00499799940735102 0.00591918174177408 0.00640515005216002 0.00721665984019637 0.00876402668654919 0.0102746095508337 0.0117918429896235 0.0142165003344417 0.0172045174986124 0.0206154324114323 0.0263263527303934 0.0331999734044075 0.0332352817058563 0.0283543542027473 0.0221290774643421 0.0254340171813965 0.0322054214775562 0.0354395769536495 0.0419741533696651 0.0356322415173054 0.024795513600111
0.0014228782383725 0.00164189015049487 0.00154399615712464 0.00132953212596476 0.00153175333980471 0.00126138865016401 0.00107657257467508 0.00106606562621891 0.000893260585144162 0.000871374795679003 0.000948256114497781 0.00104768108576536 0.00127741019241512 0.00170534907374531 0.00178177026100457 0.00168004643637687 0.00166981271468103 0.00195722701027989 0.00232826685532928 0.00247465237043798 0.00340847065672278 0.00436858600005507 0.00431219348683953 0.00471296906471252 0.00538991298526525 0.00586562743410468 0.00745596177875996 0.00894923135638237 0.0101595725864172 0.0122671918943524 0.0136766089126468 0.0155592132359743 0.0169351026415825 0.0208054799586535 0.0231492109596729 0.0293541550636292 0.0280340742319822 0.0278146080672741 0.0267331674695015 0.0250235721468925 0.029176440089941 0.034575317054987 0.0421492494642735 0.0444528050720692 0.0471124574542046
0.00145153549965471 0.00156216160394251 0.00160489999689162 0.00170672195963562 0.00171107170172036 0.00159272190649062 0.0010989778675139 0.00106606562621891 0.000908279267605394 0.000859350839164108 0.000746391247957945 0.00106843456160277 0.00128361652605236 0.00162674265448004 0.00157218752428889 0.00180615810677409 0.00182178465183824 0.002134601585567 0.00250570056959987 0.00292917620390654 0.00326552684418857 0.00361425499431789 0.00454313168302178 0.00546998297795653 0.00584246870130301 0.00690151657909155 0.00789386313408613 0.0103551838546991 0.0127190193161368 0.013477579690516 0.0149243408814073 0.017267644405365 0.0196240376681089 0.0207396429032087 0.0263117048889399 0.0293607674539089 0.0272868052124977 0.0291897971183062 0.0285460762679577 0.0269119571894407 0.0308824852108955 0.0366954505443573 0.0468720570206642 0.0503194071352482 0.0675606727600098
0.00154053722508252 0.0019048968097195 0.00192061485722661 0.00206117308698595 0.00214794115163386 0.00161375687457621 0.00125908583868295 0.00111904903315008 0.00115494756028056 0.000937754288315773 0.000973601825535297 0.00111513945739716 0.00131340906955302 0.00152658671140671 0.0014728419482708 0.00184401450678706 0.00182680285070091 0.00212805019691586 0.00286646513268352 0.00296625774353743 0.00352375744841993 0.00410771043971181 0.00442177802324295 0.00532035017386079 0.0056224032305181 0.00699160667136312 0.0088539645075798 0.0103850085288286 0.0130339944735169 0.0154014071449637 0.0165802128612995 0.0172168407589197 0.0198402609676123 0.0209329798817635 0.0243133679032326 0.0258197989314795 0.0283371787518263 0.0284174401313066 0.0254159104079008 0.0308796092867851 0.0372472740709782 0.0473648644983768 0.0550530701875687 0.0650790706276894 0.0953973233699799
0.00162570422980934 0.00199580914340913 0.00199215556494892 0.00247420556843281 0.00200587720610201 0.00169088516850024 0.00166077120229602 0.00140139053110033 0.00114281533751637 0.00114589021541178 0.00113087310455739 0.00110909645445645 0.00133153796195984 0.00127558375243098 0.00163033930584788 0.00191656791139394 0.00186425400897861 0.0025469702668488 0.00301142386160791 0.00345100206322968 0.00348842842504382 0.0041764504276216 0.00490297563374043 0.00576908374205232 0.00629382347688079 0.00677942764014006 0.00995333306491375 0.0127089191228151 0.0154775073751807 0.017056543380022 0.0169884450733662 0.0176397860050201 0.0185542926192284 0.0188082791864872 0.022635554894805 0.0215304140001535 0.0228618811815977 0.0241879243403673 0.0282818898558617 0.0355392023921013 0.037707943469286 0.0460372604429722 0.0578840635716915 0.0774895548820496 0.084439218044281
0.00202120561152697 0.00254856748506427 0.00315270363353193 0.00331347435712814 0.00215043337084353 0.0021869302727282 0.00203115656040609 0.00168648199178278 0.00142593879718333 0.00143664109054953 0.001356684952043 0.00122687709517777 0.00133020966313779 0.00152732199057937 0.00158268248196691 0.00185817130841315 0.00220306939445436 0.00269255694001913 0.00315099093131721 0.00374820176512003 0.0035731503739953 0.00429464969784021 0.00502570811659098 0.0058041475713253 0.00690294895321131 0.00839475635439157 0.00977028533816338 0.013366905041039 0.0155735155567527 0.0171667728573084 0.0192262604832649 0.0177040249109268 0.0172488912940025 0.0199721660465002 0.0192988887429237 0.0229033604264259 0.0251964405179024 0.0256202612072229 0.0309739392250776 0.0376985371112823 0.0491988733410835 0.0603775195777416 0.0734646916389465 0.066107451915741 0.0916347429156303
