data/climate_estimation/maxent_output/Schelhammera_undulata.asc
NCOLS 134 
NROWS 112 
XLLCORNER 142.333333333333 
YLLCORNER -37.9166666666667 
CELLSIZE 0.0833333333333333 
NODATA_value -3.4e+38 
[rows 0 to 19 of 112, columns 45 to 89 of 134]
0.000113670241262298 0.000133734865812585 0.000135715206852183 0.000152440552483313 0.00015444599557668 0.000158236085553654 0.000181383817107417 0.000173833381268196 0.000171731837326661 0.000177810710738413 0.000189293321454898 0.000194072883459739 0.000194072883459739 0.000198915353394113 0.000201135291717947 0.000204398151254281 0.000244857306824997 0.000250996265094727 0.000298937811749056 0.000305203982861713 0.000315950397634879 0.000423228309955448 0.00043879181612283 0.000452653883257881 0.000474942644359544 0.000512757163960487 0.000615024589933455 0.000663796090520918 0.000808943528681993 0.000841238244902343 0.000886017456650734 0.00103668437805027 0.00103079376276582 0.000999939977191389 0.00133938738144934 0.00123119121417403 0.00131379917729646 0.00136618909891695 0.00129656947683543 0.00145541166421026 0.00152810721192509 0.00198487099260092 0.00239464198239148 0.00333070335909724 0.00428174855187535
0.000112992624053732 0.000131556356791407 0.000150907100760378 0.000149950312334113 0.000151365791680291 0.000177156587596983 0.000180235976586118 0.000215160878724419 0.000196934284758754 0.000205545147764497 0.000206086653633974 0.00022140025976114 0.000196421271539293 0.000190867867786437 0.000190867867786437 0.000196959997992963 0.00024186450173147 0.000252716970862821 0.000254771439358592 0.000311149720801041 0.000309059920255095 0.000367254368029535 0.00041085813427344 0.000532977341208607 0.000564207730349153 0.000591595657169819 0.000618587248027325 0.000673278525937349 0.000687513675075024 0.000679012795444578 0.000856830622069538 0.00101911276578903 0.00100139190908521 0.000926654727663845 0.00129265314899385 0.00121189362835139 0.00121760950423777 0.00133052305318415 0.00132290180772543 0.00142031151335686 0.00147063471376896 0.00197483599185944 0.00265153287909925 0.0031365102622658 0.00434699561446905
0.000121929617307615 0.000121605400636327 0.000144592617289163 0.000140709817060269 0.00016768580826465 0.000173507563886233 0.000200945491087623 0.000209159319638275 0.0002109515335178 0.000242626018007286 0.000243648973992094 0.00020160926214885 0.000206946628168225 0.000189322716323659 0.000191695115063339 0.000198081819689833 0.000250653509283438 0.000251657475018874 0.000263202091446146 0.00030062033329159 0.000318409118335694 0.000370081019354984 0.000389521796023473 0.000524305622093379 0.0005399034707807 0.000553632620722055 0.000582146865781397 0.000649460183922201 0.00063639524159953 0.000694696442224085 0.000799458008259535 0.000795281899627298 0.000930996669922024 0.000911408802494407 0.00126100180204958 0.00114605284761637 0.00115851708687842 0.00120172393508255 0.00110777444206178 0.00138920557219535 0.00151565845590085 0.00192848464939743 0.0025263805873692 0.00302770058624446 0.0041452320292592
0.000124058176879771 0.000140610049129464 0.00014237042341847 0.000172680229297839 0.000173859021742828 0.000201757851755247 0.000222031478188001 0.000224486488150433 0.000231438127229922 0.000237280240980908 0.000230982361244969 0.000236773485084996 0.00023292271362152 0.000193209270946681 0.000194046675460413 0.000203071249416098 0.000246577023062855 0.000252043595537543 0.000297734222840518 0.000305258581647649 0.000316222634864971 0.000373172108083963 0.000494598352815956 0.000525927462149411 0.000548996787983924 0.00054608378559351 0.000570199801586568 0.000632991665042937 0.000630516093224287 0.00064738083165139 0.000766040873713791 0.000768527446780354 0.000703437312040478 0.000909309950657189 0.000871060241479427 0.000906164990738034 0.000963697966653854 0.00100519007537514 0.00104255275800824 0.00110705196857452 0.00145923264790326 0.00180973869282752 0.00238156225532293 0.0028377256821841 0.00362930609844625
0.000119157106382772 0.000136548012960702 0.000140604242915288 0.000157537040649913 0.000164830576977693 0.000217549051740207 0.000223859329707921 0.00019173500186298 0.000165010045748204 0.000165512537932955 0.00016468417015858 0.000166239668033086 0.000197109518921934 0.000239600660279393 0.000191695115063339 0.000203260075068101 0.000249176926445216 0.000261069944826886 0.000297157006571069 0.00032107625156641 0.000376296986360103 0.000375766394427046 0.000436894682934508 0.000479714886751026 0.000473837309982628 0.000498100533150136 0.000520029221661389 0.000546110270079225 0.00053138961084187 0.000540617969818413 0.000560455489903688 0.000579559942707419 0.00070244399830699 0.000833114085253328 0.000816222687717527 0.000903586682397872 0.000877451966516674 0.000633129791822284 0.000687697727698833 0.000715754402335733 0.00125543994363397 0.00174186320509762 0.00244104024022818 0.0033559906296432 0.00368193490430713
0.000138345174491405 0.000134449437609874 0.000159818941028789 0.000156820940901525 0.000203577728825621 0.000181154769961722 0.000196513341506943 0.000159562710905448 0.000131289576529525 0.000107730716990773 0.000114906979433727 0.000137855953653343 0.000192056322703138 0.000231530299060978 0.000180051763891242 0.000201433256734163 0.00026053303736262 0.000294752884656191 0.000309357157675549 0.000361748068826273 0.000428560830187052 0.000428082857979462 0.000515216903295368 0.000542760128155351 0.000478453672258183 0.000489443424157798 0.000529342505615205 0.000507049262523651 0.000544419512152672 0.000550494296476245 0.000528382894117385 0.00056206458248198 0.000688393833115697 0.0007335917907767 0.00083668262232095 0.000875166093464941 0.000761250033974648 0.000506169279105961 0.000602266460191458 0.000702118326444179 0.000931563670746982 0.00177352945320308 0.00237223505973816 0.00289035495370626 0.00337899173609912
0.000139278912683949 0.000184793447260745 0.000185594384674914 0.000186953227967024 0.000186151941306889 0.000186249002581462 0.00018893025116995 0.00013205106370151 0.000113076072011609 9.2653906904161e-05 9.13448457140476e-05 0.000133811467094347 0.000195468674064614 0.000231784622883424 0.000223251830902882 0.000244096794631332 0.000295180856483057 0.000298042228678241 0.000361983489710838 0.000368071283446625 0.000408325693570077 0.000479147653095424 0.000530319230165333 0.000551148026715964 0.000471573992399499 0.000516939500812441 0.00051767349941656 0.000528020784258842 0.000543184811249375 0.000540843582712114 0.000539616972673684 0.000565951748285443 0.000691572728101164 0.000733401800971478 0.000743508688174188 0.000757137197069824 0.00064593309070915 0.000376550859073177 0.000478935573482886 0.000589047442190349 0.000882918888237327 0.00187432835809886 0.00260830437764525 0.00283756083808839 0.00308855809271336
0.000180586212081835 0.000183097028639168 0.000197875910089351 0.000196761073311791 0.000199548769160174 0.000198791225557216 0.000158801893121563 0.000158531634951942 0.000132097600726411 0.000130171916680411 0.00013162472168915 0.000164403914823197 0.000199309317395091 0.000281799410004169 0.000248329801252112 0.000264986010733992 0.000307361828163266 0.000334488664520904 0.000364507752237841 0.000423309858888388 0.000412303925259039 0.000553239195141941 0.000570454343687743 0.000459235219750553 0.000467625155579299 0.000524760165717453 0.000490595586597919 0.000542269204743207 0.00056723813759163 0.000658200646284968 0.000641535560134798 0.000649610941763967 0.000696185161359608 0.000727912760339677 0.000741683295927942 0.000784138333983719 0.00073064916068688 0.000460800685686991 0.000587398768402636 0.000685418373905122 0.00143158994615078 0.00219188560731709 0.00240453914739192 0.00285135116428137 0.00315166125074029
0.000183255106094293 0.000204185678740032 0.000194949039723724 0.000186833975021727 0.00018633394211065 0.000187395242392085 0.00017809952259995 0.000176139015820809 0.000178876740392298 0.000188430189155042 0.000210037236684002 0.000239018234424293 0.000255640392424539 0.000305968860629946 0.000295873818686232 0.000300425715977326 0.000312704942189157 0.00033636053558439 0.000389420572901145 0.000404906342737377 0.00041257101111114 0.000573699770029634 0.000446094752987847 0.000472541258204728 0.000500222551636398 0.00041191274067387 0.000445440993644297 0.000550215190742165 0.000544874055776745 0.000703752331901342 0.00066390831489116 0.000667532032821327 0.000692061672452837 0.000737346359528601 0.000739435607101768 0.000778904359322041 0.000836388499010354 0.000629745074547827 0.000919346523005515 0.000856573577038944 0.00130987912416458 0.00223580887541175 0.00239963154308498 0.00273380056023598 0.00293250940740108
0.000207118995604105 0.000231563797569834 0.000239187793340534 0.000186554185347632 0.000192137958947569 0.000189694052096456 0.000185583674465306 0.000191651299246587 0.000216532323975116 0.000226248259423301 0.000236767038586549 0.000278073392109945 0.000319834216497838 0.000312855845550075 0.000305019348161295 0.00029789051041007 0.000366813299478963 0.000375045696273446 0.000404532212996855 0.000409163243602961 0.000442904129158705 0.000495941611006856 0.000512129277922213 0.000404878839617595 0.000426684564445168 0.000431156164268032 0.000445681769633666 0.000464792014099658 0.000586885667871684 0.000689134059939533 0.00070885248715058 0.000714326277375221 0.000738232163712382 0.000734958157408983 0.000788540754001588 0.000761012197472155 0.000842491630464792 0.00106864469125867 0.00107810425106436 0.00138613732997328 0.0017787623219192 0.00276157888583839 0.00263625616207719 0.00272424542345107 0.00280451425351202
0.000255151768215001 0.000246045354288071 0.00022476093727164 0.000229927492910065 0.000232811391470022 0.00023577077081427 0.000235324041568674 0.000228682125452906 0.000273813289823011 0.000276482634944841 0.000276134524028748 0.000318076316034421 0.000332988769514486 0.000297535938443616 0.000299557606922463 0.000295469129923731 0.000368401291780174 0.000379850273020566 0.000407948391512036 0.000404081016313285 0.000447949569206685 0.000510608777403831 0.000533939339220524 0.000485599244711921 0.000494965817779303 0.0004463205114007 0.000461128976894543 0.000590743031352758 0.000557388586457819 0.000597120902966708 0.000718789931852371 0.000724910001736134 0.00071589887375012 0.000796209846157581 0.000941096397582442 0.00102215365041047 0.00102628418244421 0.00112061726395041 0.0013606573920697 0.00158949301112443 0.00214012293145061 0.0026944363489747 0.00293167377822101 0.00290526286698878 0.00304348836652935
0.00023563762078993 0.000233394472161308 0.000237032247241586 0.000231882615480572 0.00021937326528132 0.000265185750322416 0.00026411801809445 0.000277399842161685 0.000285586953395978 0.000325637171044946 0.000307220499962568 0.000349513691617176 0.00038734870031476 0.000416577910073102 0.000306940142763779 0.000349256675690413 0.000372796610463411 0.000389807421015576 0.000410289067076519 0.00055885105393827 0.000576018646825105 0.000484157499158755 0.000484780699480325 0.000513119681272656 0.000505606061778963 0.000519190391059965 0.000564239802770317 0.000586176000069827 0.000597538193687797 0.000597120902966708 0.00068841187749058 0.000727989594452083 0.0007622423581779 0.000938618613872677 0.000967048516031355 0.00100903166458011 0.00107889738865197 0.00132965855300426 0.00142057123593986 0.00174116785638034 0.00212767207995057 0.00265151099301875 0.0029062598478049 0.00308572337962687 0.00354227470234036
0.000229615790885873 0.000223002789425664 0.000227872413233854 0.000253320118645206 0.000250549346674234 0.000262245448539034 0.000265172071522102 0.000323674757964909 0.00031062847119756 0.00035195829696022 0.000374253926565871 0.000399124692194164 0.000405116676120088 0.000339589430950582 0.000353636045474559 0.000386521773179993 0.000444933684775606 0.000453729764558375 0.000480181857710704 0.000509720586705953 0.000617035257164389 0.000613429001532495 0.000667937216348946 0.000629716261755675 0.00074045464862138 0.00063981453422457 0.000650724105071276 0.000695791037287563 0.000729880994185805 0.000683961960021406 0.000714887981303036 0.000747586425859481 0.000909315655007958 0.000982261379249394 0.000993281020782888 0.00107598013710231 0.00125904090236872 0.0013420800678432 0.00168369628954679 0.00201328541152179 0.00247754901647568 0.00300710927695036 0.00336857954971492 0.00370779749937356 0.00395384384319186
0.000218444984056987 0.000215458378079347 0.000210258614970371 0.000279010535450652 0.000279800995485857 0.000239345114096068 0.000315434066578746 0.000311939598759636 0.000369172572391108 0.000378209399059415 0.000387284468160942 0.000384893210139126 0.00040008471114561 0.000350223766872659 0.000430737680289894 0.000419741409132257 0.000456112786196172 0.000491923419758677 0.000521050533279777 0.000540284789167345 0.000584979425184429 0.000608491303864866 0.000789416546467692 0.000813146238215268 0.000764366588555276 0.000786650227382779 0.000814846891444176 0.000706100254319608 0.000715135131031275 0.000769178615882993 0.000775403343141079 0.000913210387807339 0.000987004954367876 0.00103898020461202 0.00126881466712803 0.00127940333914012 0.00138897495344281 0.00157000601757318 0.00172145816031843 0.0021181448828429 0.00250668590888381 0.0029436657205224 0.00370336067862809 0.00405504740774632 0.00468287849798799
0.000224497183808126 0.000217716093175113 0.00022232138144318 0.000288406416075304 0.000259492080658674 0.00023723418416921 0.000298139551887289 0.000264585192780942 0.000351586757460609 0.000330691167619079 0.00033819061354734 0.000328936032019556 0.000340665981639177 0.000351247057551518 0.000369276618584991 0.000364751904271543 0.000479104579426348 0.000522417831234634 0.000528247212059796 0.000559481966774911 0.000544771493878216 0.000749105995055288 0.000782034476287663 0.000739269191399217 0.000985433347523212 0.000842758629005402 0.000811371486634016 0.000841652159579098 0.000918227655347437 0.000934002571739256 0.000942792219575495 0.000932297785766423 0.000950791232753545 0.00122616451699287 0.00128712935838848 0.00134052569046617 0.00165156438015401 0.00180970772635192 0.00206916686147451 0.00246399757452309 0.00301624741405249 0.00331579567864537 0.00398808065801859 0.00449653808027506 0.00532610528171062
0.000232840015087277 0.000222247268538922 0.000224114250158891 0.000255048304097727 0.000250674085691571 0.00024255366588477 0.00027403881540522 0.000276191305601969 0.000273511395789683 0.000320166611345485 0.000333232252160087 0.000330905138980597 0.000360207544872537 0.000365761923603714 0.000380307057639584 0.00039543051389046 0.000497532775625587 0.000516652828082442 0.000528247212059796 0.000562653527595103 0.000667936285026371 0.000701185199432075 0.000751021434552968 0.00101601320784539 0.000974654511082917 0.00097913364879787 0.000993976602330804 0.000901433872058988 0.000913009862415493 0.000952782924287021 0.00112581951543689 0.00111309357453138 0.00120055524166673 0.00123677612282336 0.00151659338735044 0.00157729221973568 0.00164182332810014 0.00198761094361544 0.00232215644791722 0.00252047670073807 0.00285150529816747 0.00337494700215757 0.0041380999609828 0.00539602339267731 0.00605826545506716
0.00025369506329298 0.000244691065745428 0.00023387859982904 0.000225265786866657 0.000248817232204601 0.00025124751846306 0.000252643279964104 0.000299733190331608 0.000293753604637459 0.000307527661789209 0.000347930763382465 0.000364165141945705 0.000356921867933124 0.000389072607504204 0.000414880167227238 0.000411935558076948 0.000534985621925443 0.000540528271812946 0.000556560989934951 0.000574680918361992 0.000699259398970753 0.000772701227106154 0.000814034370705485 0.000957003503572196 0.000986944185569882 0.00103291077539325 0.00114083511289209 0.00113340001553297 0.00110283226240426 0.00111999362707138 0.00117585470434278 0.00120396143756807 0.00143806694541126 0.00143293419387192 0.00148168206214905 0.00181655760388821 0.00199982593767345 0.00239174184389412 0.00248098187148571 0.00290679256431758 0.00328407972119749 0.00380947720259428 0.00462912162765861 0.00570757035166025 0.00709389336407185
0.000215878913877532 0.000241577683482319 0.000241740606725216 0.000238053093198687 0.000218296161619946 0.00025458395248279 0.000246998853981495 0.000259581458522007 0.000303670152788982 0.000304556626360863 0.000314604578306898 0.00030945593607612 0.000385748717235401 0.000395162962377071 0.000418850861024112 0.000422556884586811 0.000419557793065906 0.00053077470511198 0.000580636726226658 0.000600541708990932 0.000712693145032972 0.000771181599702686 0.000939477817155421 0.000973054440692067 0.0010337308049202 0.00110663415398449 0.00109901872929186 0.00111411046236753 0.00130602763965726 0.00138979835901409 0.0014145951718092 0.00150834210216999 0.00150686269626021 0.00177888257894665 0.00187951640691608 0.0019333747914061 0.00239776284433901 0.00250392267480493 0.00283364555798471 0.00350930239073932 0.0038401132915169 0.00467385491356254 0.00515172211453319 0.00629399018362164 0.00762012926861644
0.000211446458706632 0.000254568149102852 0.000253569014603272 0.00024498300626874 0.000242568232351914 0.000275578524451703 0.000267566705588251 0.000264671427430585 0.000270805525360629 0.000313253171043471 0.000326583773130551 0.000332060386426747 0.000324590277159587 0.000412592315115035 0.000423726916778833 0.000436225207522511 0.000471064180601388 0.00055098335724324 0.000585703295655549 0.000738582806661725 0.000736407935619354 0.000763915362767875 0.000953419250436127 0.00104730692692101 0.0011313637951389 0.00130111491307616 0.00133782078046352 0.00142784928902984 0.00138602848164737 0.00140650325920433 0.00146537437103689 0.00185149104800075 0.00194767478387803 0.0018459161510691 0.00220268359407783 0.00243347929790616 0.00285590928979218 0.00282486551441252 0.00323742046020925 0.00392400193959475 0.00433633802458644 0.00536476774141192 0.00600381288677454 0.0064605250954628 0.0079062394797802
0.000230578632908873 0.000267051364062354 0.00025339811691083 0.000259111897321418 0.000254437152761966 0.000292900920612738 0.000293326185783371 0.000283768342342228 0.000278353341855109 0.000337841862346977 0.00034114473965019 0.000364597392035648 0.000355644995579496 0.000375446281395853 0.000459364673588425 0.000489637372083962 0.000476547924336046 0.00057655043201521 0.000571892946027219 0.000707028317265213 0.000764610012993217 0.0007817666628398 0.000980186276137829 0.00107717805076391 0.00123619998339564 0.00132142635993659 0.00136967422440648 0.00142516172491014 0.00175286980811507 0.00187825469765812 0.00184091099072248 0.00196240330114961 0.00195336691103876 0.00228246347978711 0.00263121747411788 0.00300107267685235 0.00312978401780128 0.0031579548958689 0.00379601283930242 0.00424080668017268 0.00484144315123558 0.00570307904854417 0.00682925432920456 0.00715314503759146 0.00905807130038738
