data/climate_estimation/maxent_output/Schelhammera_undulata.asc
NCOLS 134 
NROWS 112 
XLLCORNER 142.333333333333 
YLLCORNER -37.9166666666667 
CELLSIZE 0.0833333333333333 
NODATA_value -3.4e+38 
[rows 60 to 79 of 112, columns 45 to 89 of 134]
0.00169151788577437 0.00186995300464332 0.0017795484745875 0.00183412560727447 0.00187500938773155 0.00211805524304509 0.00247714738361537 0.00305638718418777 0.0031026869546622 0.00837367959320545 0.00802306737750769 0.0078016547486186 0.00717589864507318 0.00702338526025414 0.00931983441114426 0.00792743824422359 0.00665994919836521 0.00757098430767655 0.00813735276460648 0.00831782072782516 0.0140022439882159 0.0131094409152865 0.0155967930331826 0.0175480116158724 0.0180110353976488 0.0178271923214197 0.0208120439201593 0.0180267076939344 0.0180042218416929 0.0176728386431932 0.0204395111650229 0.0152652710676193 0.0232813805341721 0.0320032462477684 0.0616867505013943 0.106202252209187 0.177846565842628 0.330669283866882 0.357209473848343 0.363043755292892 0.343994140625 0.351847738027573 0.37266993522644 0.38041016459465 0.410423457622528
0.00196182355284691 0.00225938227958977 0.00339597836136818 0.00215950654819608 0.00205042911693454 0.00217669853009284 0.00267811235971749 0.0028540228959173 0.00340566993691027 0.00345436576753855 0.00928036123514175 0.00951202400028706 0.00897548720240593 0.00910248886793852 0.00974426697939634 0.0082095330581069 0.00774746248498559 0.00757098430767655 0.00885733962059021 0.0104911718517542 0.01450199726969 0.0174676105380058 0.0196720194071531 0.0187565665692091 0.0196006875485182 0.0212148819118738 0.0217720586806536 0.0144281247630715 0.0129172308370471 0.0205216817557812 0.0117206731811166 0.0182607360184193 0.0243461895734072 0.0420967526733875 0.0799333527684212 0.122557759284973 0.225065603852272 0.269791424274445 0.289539605379105 0.366710811853409 0.370472341775894 0.354509145021439 0.371695518493652 0.394856840372086 0.401706784963608
0.00253080204129219 0.00258795125409961 0.00299603142775595 0.00200533377937973 0.00199338351376355 0.00217345240525901 0.0024655326269567 0.0027246882673353 0.00299890711903572 0.00359430839307606 0.00406589126214385 0.00425467127934098 0.0112114446237683 0.00948982685804367 0.00920484960079193 0.00838109198957682 0.00786375906318426 0.00944649614393711 0.00863009039312601 0.0106678567826748 0.0137810008600354 0.0203747823834419 0.0199890471994877 0.0214028004556894 0.0232113394886255 0.0125515712425113 0.0146278366446495 0.0194377172738314 0.0167884919792414 0.0129154240712523 0.0130280489102006 0.0156285353004932 0.021070035174489 0.0371439903974533 0.0767937302589417 0.164131239056587 0.170882567763329 0.201262578368187 0.26337081193924 0.351570427417755 0.357160031795502 0.365722239017487 0.38083827495575 0.369508415460587 0.380567789077759
0.002127590123564 0.00262133288197219 0.00231422414071858 0.00212116097100079 0.00200707116164267 0.00262742675840855 0.00280374940484762 0.00322717498056591 0.00333586451597512 0.00352182285860181 0.004529376514256 0.00453630043193698 0.012958207167685 0.0116605302318931 0.00974027160555124 0.00999595317989588 0.00904858857393265 0.00974421855062246 0.0106146968901157 0.0117516424506903 0.0142118632793427 0.0177740976214409 0.0119962906464934 0.0102063901722431 0.012236556969583 0.0136822741478682 0.0155414268374443 0.0251661874353886 0.0203174725174904 0.0161784887313843 0.0155630558729172 0.0167380291968584 0.0229057166725397 0.0344652757048607 0.0603944770991802 0.0814055427908897 0.0661116167902946 0.163372054696083 0.184932097792625 0.245810076594353 0.368712693452835 0.393327832221985 0.372650474309921 0.361219465732574 0.296563446521759
0.0024536345154047 0.00283879763446748 0.0026310330722481 0.00231440435163677 0.00221454352140427 0.00258017145097256 0.00254337978549302 0.00317088048905134 0.00299435597844422 0.00382145354524255 0.00398376723751426 0.00462021864950657 0.00491470843553543 0.0116958068683743 0.010571395047009 0.00900914985686541 0.0101823378354311 0.0102858794853091 0.0122966412454844 0.0134865073487163 0.0157455615699291 0.0191237684339285 0.0130765484645963 0.0149977775290608 0.0112853888422251 0.0141231063753366 0.0138195576146245 0.0162282753735781 0.0186271239072084 0.0185885094106197 0.0183509010821581 0.0210549477487803 0.026400975883007 0.0498386956751347 0.041586946696043 0.0526409335434437 0.0825099423527718 0.0934989377856255 0.110795766115189 0.21801595389843 0.345292747020721 0.37959885597229 0.403631418943405 0.374172121286392 0.276022255420685
0.00261556589975953 0.00377409975044429 0.0027886142488569 0.00254419026896358 0.00265355943702161 0.00269126449711621 0.00263910368084908 0.00291127758100629 0.00310235330834985 0.00328368716873229 0.00360257900319993 0.00443892134353518 0.00470748031511903 0.0113820973783731 0.0114999851211905 0.0097489021718502 0.0101575572043657 0.0104583129286766 0.0120054325088859 0.0137367723509669 0.0169700458645821 0.0195964630693197 0.00906647183001041 0.0101960012689233 0.0109612764790654 0.0135953081771731 0.0133812883868814 0.0185540020465851 0.0217689108103514 0.0182993207126856 0.0281307566910982 0.0259811338037252 0.0504253022372723 0.0627212971448898 0.0576284900307655 0.05828907340765 0.101779259741306 0.116947263479233 0.14241386950016 0.212116375565529 0.273691803216934 0.367101311683655 0.4086694419384 0.437542349100113 0.326273322105408
0.00249842600896955 0.0030663947109133 0.00355446501635015 0.00295420712791383 0.00274858949705958 0.00277352915145457 0.00307948631234467 0.0030629332177341 0.00340476352721453 0.00403316644951701 0.00473572732880712 0.0054276161827147 0.00642578024417162 0.00561614986509085 0.0133018782362342 0.0107333697378635 0.0108197694644332 0.0120244333520532 0.013297819532454 0.0153111210092902 0.00616951147094369 0.00730068050324917 0.00760696129873395 0.00862161256372929 0.0119782276451588 0.0130965812131763 0.016268277540803 0.0205928590148687 0.0178076904267073 0.0286645367741585 0.0390652567148209 0.0292998980730772 0.0544411353766918 0.0691137090325356 0.0645674616098404 0.0731906890869141 0.126370564103127 0.208414480090141 0.217975348234177 0.190314203500748 0.317604571580887 0.373180717229843 0.403100252151489 0.42621636390686 0.441404849290848
0.00260840961709619 0.00275933160446584 0.00288199656642973 0.00285929907113314 0.00319102220237255 0.00293263699859381 0.00298160081729293 0.00320067931897938 0.00392201961949468 0.00411355402320623 0.00511706946417689 0.00514866318553686 0.00533573655411601 0.00617426494136453 0.00529801566153765 0.0125294681638479 0.00603675609454513 0.00671069091185927 0.00556496437638998 0.0053142630495131 0.00615988578647375 0.00709474412724376 0.00805266667157412 0.00924319494515657 0.0113133285194635 0.0135133825242519 0.0141806751489639 0.0212713070213795 0.0216338466852903 0.027597775682807 0.0401658043265343 0.0368825905025005 0.0593146830797195 0.0767739862203598 0.0744718015193939 0.097087025642395 0.0852276086807251 0.172551766037941 0.24086882174015 0.262239128351212 0.28613418340683 0.300012707710266 0.399597823619843 0.437539160251617 0.490576446056366
0.00235977419652045 0.00260933511890471 0.00299430824816227 0.00341118173673749 0.00341304438188672 0.00354050123132765 0.00300124567002058 0.00334843038581312 0.00472984882071614 0.00490905111655593 0.00451640924438834 0.00463753845542669 0.00479774689301848 0.00588578544557095 0.00596596347168088 0.00598885584622622 0.00544485449790955 0.00665720831602812 0.00706190289929509 0.00663019483909011 0.00683166505768895 0.00711448863148689 0.00773442815989256 0.00927433092147112 0.0129865072667599 0.0130775552242994 0.014613788574934 0.016648905351758 0.0218888781964779 0.029792370274663 0.0411541275680065 0.0463039763271809 0.0751189589500427 0.0773668140172958 0.0797404572367668 0.107503071427345 0.134122982621193 0.129691421985626 0.211235910654068 0.25089219212532 0.280744612216949 0.325533181428909 0.423280477523804 0.457680523395538 0.48524409532547
0.00207598507404327 0.00235229358077049 0.00296029075980186 0.0033182380720973 0.00370227987878025 0.00366900418885052 0.00423465901985765 0.00363951013423502 0.00439453963190317 0.00471531134098768 0.0049545899964869 0.00593789573758841 0.00592998787760735 0.00675529288128018 0.00654117437079549 0.00705267768353224 0.00684555992484093 0.0065169776789844 0.00643006386235356 0.00698392558842897 0.00699096731841564 0.00688943266868591 0.00725829089060426 0.00866019073873758 0.0115929516032338 0.0149111645296216 0.01676170155406 0.0177725367248058 0.0215010177344084 0.035339180380106 0.0446798354387283 0.0476516000926495 0.0825007930397987 0.0692140236496925 0.0895214602351189 0.12341546267271 0.0912068411707878 0.143233850598335 0.214349746704102 0.246380418539047 0.301895081996918 0.327801674604416 0.337629735469818 0.465080410242081 0.508961617946625
0.00174017390236259 0.00155569624621421 0.00268713803961873 0.0030946193728596 0.00443204678595066 0.00505305547267199 0.00542579777538776 0.00431306567043066 0.00424848822876811 0.00492345355451107 0.00578586384654045 0.00606783712282777 0.00613535428419709 0.00708422297611833 0.00716300867497921 0.0072126304730773 0.00676022190600634 0.00658695120364428 0.00585575960576534 0.00692292768508196 0.00763415638357401 0.00724287703633308 0.00771983992308378 0.00990977231413126 0.0131720127537847 0.0164633188396692 0.0147001221776009 0.0160167198628187 0.0206883549690247 0.0266980491578579 0.0330518484115601 0.0484202429652214 0.0874092504382133 0.0709006860852242 0.0879115462303162 0.129139766097069 0.0953000783920288 0.155221998691559 0.237265512347221 0.277644693851471 0.301878780126572 0.332587748765945 0.347501873970032 0.447830438613892 0.511611938476562
0.00138119165785611 0.00165722181554884 0.00269505172036588 0.0032552748452872 0.00360358250327408 0.0052496949210763 0.00461671594530344 0.00398723315447569 0.00417557265609503 0.00464975321665406 0.00584555650129914 0.00546414218842983 0.00632478063926101 0.00632492359727621 0.00699592428281903 0.00706604821607471 0.00663359276950359 0.00582205411046743 0.00441602850332856 0.00687756203114986 0.00930946134030819 0.00786564126610756 0.0121756950393319 0.0113576604053378 0.0140643659979105 0.0179073959589005 0.0130395833402872 0.0146780405193567 0.0193910896778107 0.0212382134050131 0.0336576513946056 0.039545800536871 0.061518881469965 0.0671366453170776 0.0866996198892593 0.0873451977968216 0.13835035264492 0.121825620532036 0.219750910997391 0.263081938028336 0.298182100057602 0.31423681974411 0.437863498926163 0.466466426849365 0.49856024980545
0.00204156595282257 0.00223875720985234 0.00337938312441111 0.00366875203326344 0.00401913607493043 0.00413089571520686 0.00489670969545841 0.00389626249670982 0.00459284940734506 0.00432544900104403 0.00547936605289578 0.00574756460264325 0.00596423260867596 0.00632354989647865 0.00548643665388227 0.00599134713411331 0.00737849483266473 0.00525398924946785 0.003083361312747 0.00651421677321196 0.00932396110147238 0.00981458928436041 0.0104930717498064 0.011927530169487 0.0131118716672063 0.0157996583729982 0.0155995916575193 0.0132483262568712 0.0164639092981815 0.0231261067092419 0.0345031954348087 0.039963461458683 0.048015158623457 0.0824190527200699 0.095208041369915 0.0881300270557404 0.0966576710343361 0.124045290052891 0.176303341984749 0.261372685432434 0.275951385498047 0.312407284975052 0.415268987417221 0.469291925430298 0.480454206466675
0.0026839729398489 0.00351837486959994 0.00339883822016418 0.00388293550349772 0.00368906976655126 0.00402710679918528 0.0043856417760253 0.00455027725547552 0.00435871491208673 0.00500500807538629 0.00552200246602297 0.00559212500229478 0.00687563372775912 0.0075635639950633 0.00554474769160151 0.0060481927357614 0.00639338418841362 0.00548908859491348 0.004090984351933 0.00640208693221211 0.00721894111484289 0.0111919036135077 0.0106270527467132 0.012223158031702 0.0118403704836965 0.01622449234128 0.0155947487801313 0.0150143438950181 0.0153454514220357 0.0234101545065641 0.0270108692348003 0.0372874289751053 0.0493436381220818 0.0604072511196136 0.097887821495533 0.101757667958736 0.104078099131584 0.169328734278679 0.145735681056976 0.236122474074364 0.266374349594116 0.35463359951973 0.402882665395737 0.397780209779739 0.46543624997139
0.00291951163671911 0.00295249256305397 0.00343154044821858 0.00392263708636165 0.00375264952890575 0.00331023056060076 0.00371637847274542 0.00456392671912909 0.00457311980426311 0.00555920088663697 0.00602693483233452 0.00625274237245321 0.0069393515586853 0.00643923599272966 0.00553430570289493 0.00634103687480092 0.00626320904120803 0.00513246096670628 0.00566720915958285 0.00600011553615332 0.00630702590569854 0.0114641645923257 0.0136277070268989 0.00969871133565903 0.0111577613279223 0.0146365724503994 0.0125003531575203 0.0130225643515587 0.0189248751848936 0.0273196175694466 0.0280902497470379 0.0416997261345387 0.0426665432751179 0.0485053732991219 0.0807123705744743 0.106052801012993 0.104669228196144 0.132553309202194 0.138828679919243 0.198363766074181 0.191014617681503 0.368522256612778 0.396032094955444 0.395569205284119 0.462908506393433
0.00298690819181502 0.00291998125612736 0.00338203320279717 0.00397630780935287 0.00366945867426693 0.00345180230215192 0.00348864356055856 0.00401527527719736 0.00459140073508024 0.00578585779294372 0.00582788186147809 0.00528096361085773 0.00742764212191105 0.00808558519929647 0.00646521057933569 0.00728212110698223 0.00666773784905672 0.00604214007034898 0.00813588872551918 0.00784443970769644 0.00692712888121605 0.0105223106220365 0.0153745831921697 0.0116652455180883 0.0109744388610125 0.0140675865113735 0.0137715199962258 0.0135716488584876 0.0199915505945683 0.0271898843348026 0.0342933870851994 0.0389713123440742 0.0369632206857204 0.0440788976848125 0.066333219408989 0.091064989566803 0.110638216137886 0.13461434841156 0.183371543884277 0.239679217338562 0.212655022740364 0.393043488264084 0.403181612491608 0.417684078216553 0.458044439554214
0.00221561291255057 0.00248992652632296 0.0029015492182225 0.00309802684932947 0.0037191656883806 0.00417693005874753 0.00417957548052073 0.0041790553368628 0.00421700393781066 0.00480218278244138 0.00498206587508321 0.00518673751503229 0.00578658329322934 0.00642683217301965 0.00643672281876206 0.00661828415468335 0.0066465875133872 0.00841428339481354 0.0101696290075779 0.00911504868417978 0.00841698609292507 0.0103240264579654 0.0170509070158005 0.0170180015265942 0.0118207419291139 0.0119550069794059 0.0134879508987069 0.0205160081386566 0.0274482723325491 0.0263224933296442 0.0392803698778152 0.0334920510649681 0.0312633328139782 0.0484269857406616 0.0599835216999054 0.0898342132568359 0.166945338249207 0.186451658606529 0.184939548373222 0.253829419612885 0.270333737134933 0.380802124738693 0.422395408153534 0.439401119947433 0.465244024991989
0.00286342203617096 0.00298714847303927 0.00272219022735953 0.00316404504701495 0.00355653162114322 0.00391607359051704 0.00422397721558809 0.00427290750667453 0.00434532016515732 0.00443813856691122 0.00465541053563356 0.00512231653556228 0.00513210147619247 0.00606168014928699 0.0070619429461658 0.00817558914422989 0.00872073974460363 0.0127190658822656 0.0111438194289804 0.00821125973016024 0.0104150716215372 0.00940322503447533 0.011323650367558 0.0149528281763196 0.011606939136982 0.0129039008170366 0.0195382926613092 0.0248301383107901 0.0373653024435043 0.0462322607636452 0.0327617600560188 0.0404115356504917 0.0427758358418941 0.044528640806675 0.108631819486618 0.15313820540905 0.183575421571732 0.202536419034004 0.228286907076836 0.302937567234039 0.339587956666946 0.386500775814056 0.428270816802979 0.446357607841492 0.4598348736763
0.00232988246716559 0.00282321101985872 0.00315870065242052 0.00290090870112181 0.00346048548817635 0.00415599392727017 0.00397838279604912 0.00437975209206343 0.00483563868328929 0.00415715528652072 0.00406092591583729 0.00513273989781737 0.00634148297831416 0.00803002342581749 0.00818119756877422 0.00914075318723917 0.00950224418193102 0.0102704660966992 0.00932120997458696 0.0103378528729081 0.0110270055010915 0.0121356137096882 0.0115819983184338 0.011692232452333 0.0161530692130327 0.014276172965765 0.0231977738440037 0.0342191457748413 0.0428199470043182 0.0622024312615395 0.0601534582674503 0.0467396676540375 0.0751295909285545 0.0602395161986351 0.110966488718987 0.156308799982071 0.199149057269096 0.212734878063202 0.256659060716629 0.301445096731186 0.349485695362091 0.383841514587402 0.418122738599777 0.446485906839371 0.477491229772568
0.00230494770221412 0.00271655549295247 0.00319019216112792 0.0030047835316509 0.00334954191930592 0.00359945860691369 0.00412802817299962 0.00419423636049032 0.00497581856325269 0.00462081981822848 0.0041780429892242 0.00519151892513037 0.0070147723890841 0.00818497873842716 0.0102871488779783 0.0120873898267746 0.0117306485772133 0.0124696111306548 0.0121511854231358 0.0110954558476806 0.0123632131144404 0.014477577060461 0.0195949990302324 0.0156571604311466 0.0219523664563894 0.0161723736673594 0.0242122989147902 0.0416931174695492 0.0525391511619091 0.0778676047921181 0.0717918202280998 0.0605046488344669 0.102786675095558 0.0909060686826706 0.121564455330372 0.151815786957741 0.176149040460587 0.230507269501686 0.285625010728836 0.335722625255585 0.341297566890717 0.394056022167206 0.415327697992325 0.444048404693604 0.476339519023895
