data/climate_estimation/maxent_output/Schoenocaulon_mortonii.asc
NCOLS 48 
NROWS 52 
XLLCORNER -102.583333333333 
YLLCORNER 16.9166666666667 
CELLSIZE 0.0833333333333333 
NODATA_value -3.4e+38 
[rows 21 to 41 of 52, columns 0 to 45 of 48]
0.679498851299286 0.79101437330246 0.769677698612213 0.823143839836121 0.781815528869629 0.737537086009979 0.69665914773941 0.670751571655273 0.636812806129456 0.72700446844101 0.726663410663605 0.725336194038391 0.76320868730545 0.777796745300293 0.73067569732666 0.650243937969208 0.619421660900116 0.579908192157745 0.659228801727295 0.481841832399368 0.396329998970032 0.64920699596405 0.703546047210693 0.667292594909668 0.641842901706696 0.634362101554871 0.613169074058533 0.639695703983307 0.771822690963745 0.738047242164612 0.628726422786713 0.583564937114716 0.516618311405182 0.498363971710205 0.529557883739471 0.580320239067078 0.648297965526581 0.745826542377472 0.730697333812714 0.594484865665436 0.552918314933777 0.486545324325562 0.455434203147888 0.462016433477402 0.462054252624512 0.568406343460083
0.66105729341507 0.822754144668579 0.803419470787048 0.817602336406708 0.785484790802002 0.762452960014343 0.759576201438904 0.736104488372803 0.709716379642487 0.685011386871338 0.752105236053467 0.77780544757843 0.809796154499054 0.800728559494019 0.78400856256485 0.727889597415924 0.626413643360138 0.54417210817337 0.662959039211273 0.477120578289032 0.31354171037674 0.53609299659729 0.648965120315552 0.579208076000214 0.568643987178802 0.660320639610291 0.654159367084503 0.707612454891205 0.726699650287628 0.626244902610779 0.650926947593689 0.588037550449371 0.528382837772369 0.533463895320892 0.572271227836609 0.59634804725647 0.60768711566925 0.701504290103912 0.763485968112946 0.65992945432663 0.54201751947403 0.507436156272888 0.45672807097435 0.491184949874878 0.474427670240402 0.618889033794403
0.574406385421753 0.820035040378571 0.834586918354034 0.817113637924194 0.812467932701111 0.801730751991272 0.79019159078598 0.695780754089355 0.679890334606171 0.712348699569702 0.752547442913055 0.780150651931763 0.774657726287842 0.739054501056671 0.743104159832001 0.72120076417923 0.637143671512604 0.531795918941498 0.588664591312408 0.587519347667694 0.28815895318985 0.350260347127914 0.384513825178146 0.309051752090454 0.432211130857468 0.635295331478119 0.691275596618652 0.665925145149231 0.646129131317139 0.620501935482025 0.593717753887177 0.669858932495117 0.689797222614288 0.657497704029083 0.668718576431274 0.670700132846832 0.653105080127716 0.699819087982178 0.819222450256348 0.802217423915863 0.600078701972961 0.516723990440369 0.481591671705246 0.49105840921402 0.520320057868958 0.6180419921875
0.484104692935944 0.673067033290863 0.841103196144104 0.837837934494019 0.766330718994141 0.684543251991272 0.660882771015167 0.631253659725189 0.589695155620575 0.738713383674622 0.770646095275879 0.80440229177475 0.787977457046509 0.722926318645477 0.704391479492188 0.666422963142395 0.624189078807831 0.538123071193695 0.543669402599335 0.5531165599823 0.321159034967422 0.283537864685059 0.301950752735138 0.318089365959167 0.365328699350357 0.520516932010651 0.705128192901611 0.678804099559784 0.697263836860657 0.681972324848175 0.623044073581696 0.666853845119476 0.728858828544617 0.695494651794434 0.703510046005249 0.690154075622559 0.707954406738281 0.726048171520233 0.812972784042358 0.888688623905182 0.813065111637115 0.668402493000031 0.585197150707245 0.563331425189972 0.5845667719841 0.642837464809418
0.465844005346298 0.439501374959946 0.519604802131653 0.566955029964447 0.503181874752045 0.545667231082916 0.520780742168427 0.538571417331696 0.669099390506744 0.78483510017395 0.791422784328461 0.827780842781067 0.771629929542542 0.669641315937042 0.638724446296692 0.612797260284424 0.571763038635254 0.509523570537567 0.519209444522858 0.420416563749313 0.31418839097023 0.287308812141418 0.382857292890549 0.346568822860718 0.413279503583908 0.483860909938812 0.512359261512756 0.683344841003418 0.690836548805237 0.671277225017548 0.642722070217133 0.598859906196594 0.660154283046722 0.847750127315521 0.799689710140228 0.695667922496796 0.704319834709167 0.696148753166199 0.833163440227509 0.871989071369171 0.866486608982086 0.863411128520966 0.86876368522644 0.786115527153015 0.648910045623779 0.673382341861725
0.472362816333771 0.46055606007576 0.425882577896118 0.435350120067596 0.445432156324387 0.461661845445633 0.460947245359421 0.545430123806 0.645934820175171 0.750882923603058 0.772559821605682 0.833411812782288 0.787238299846649 0.678175210952759 0.585846960544586 0.547116458415985 0.483498007059097 0.44500607252121 0.443830579519272 0.400992184877396 0.340147107839584 0.370174378156662 0.35700860619545 0.371940851211548 0.416793584823608 0.443202614784241 0.54355126619339 0.577360928058624 0.686964333057404 0.697083473205566 0.669836580753326 0.622406005859375 0.682995736598969 0.718188166618347 0.730006754398346 0.710544764995575 0.708152174949646 0.727728486061096 0.806249558925629 0.826545536518097 0.813241839408875 0.815873742103577 0.798105418682098 0.728119671344757 0.699706077575684 0.724924027919769
0.539328515529633 0.47320431470871 0.45232880115509 0.428366273641586 0.423896312713623 0.417713165283203 0.430435508489609 0.509427905082703 0.544935047626495 0.647392272949219 0.719123840332031 0.806206405162811 0.760612487792969 0.658896803855896 0.574963748455048 0.507000744342804 0.506682693958282 0.468069851398468 0.478989511728287 0.457036554813385 0.426088780164719 0.3966064453125 0.391513645648956 0.413060516119003 0.427201151847839 0.559433281421661 0.654575049877167 0.590236485004425 0.661629199981689 0.704825043678284 0.677438914775848 0.641045570373535 0.707143723964691 0.648141324520111 0.657413959503174 0.659742534160614 0.688189566135406 0.685166478157043 0.737507879734039 0.748971700668335 0.765140116214752 0.75172084569931 0.722825407981873 0.815077900886536 0.848266661167145 0.800573229789734
0.58198481798172 0.513012945652008 0.49259677529335 0.458245098590851 0.437420785427094 0.414934158325195 0.417136967182159 0.428058683872223 0.61738920211792 0.627175509929657 0.632497847080231 0.717994749546051 0.806248188018799 0.707166969776154 0.586352527141571 0.517545104026794 0.514716267585754 0.492968291044235 0.504490971565247 0.470861315727234 0.469117552042007 0.429202854633331 0.422541320323944 0.45293390750885 0.56084281206131 0.76825875043869 0.76550018787384 0.652138769626617 0.679069101810455 0.626668572425842 0.654706954956055 0.626939833164215 0.643010020256042 0.632491886615753 0.644421339035034 0.646485447883606 0.692731201648712 0.659307420253754 0.683472394943237 0.660375237464905 0.612213551998138 0.641375005245209 0.542038440704346 0.665275037288666 0.803102672100067 0.839528918266296
0.75538694858551 0.674992263317108 0.576753616333008 0.497514307498932 0.501743912696838 0.452629297971725 0.449106156826019 0.446141064167023 0.472240120172501 0.516707479953766 0.716307461261749 0.657982349395752 0.729608237743378 0.783087372779846 0.658915579319 0.616022229194641 0.531637191772461 0.501433908939362 0.497917592525482 0.491810262203217 0.549001157283783 0.522685468196869 0.456788808107376 0.503495752811432 0.557066380977631 0.523388683795929 0.519640922546387 0.558425962924957 0.614642918109894 0.63070672750473 0.703947722911835 0.672866344451904 0.641876220703125 0.650880336761475 0.647495925426483 0.636384665966034 0.66570246219635 0.589125752449036 0.506532728672028 0.52024507522583 0.495472848415375 0.543823480606079 0.520968914031982 0.56741851568222 0.685351252555847 0.772420942783356
0.87706595659256 0.797861754894257 0.692095041275024 0.573760449886322 0.555628716945648 0.67016476392746 0.51490730047226 0.415121763944626 0.395948648452759 0.447027981281281 0.518870949745178 0.502811968326569 0.599177241325378 0.733879685401917 0.741536438465118 0.694006323814392 0.556530296802521 0.483652561903 0.545778393745422 0.511554598808289 0.519811630249023 0.476656943559647 0.467516720294952 0.460652709007263 0.479994028806686 0.553525328636169 0.571662366390228 0.584882318973541 0.707942306995392 0.762736678123474 0.734796166419983 0.670316576957703 0.684268593788147 0.67228239774704 0.666125595569611 0.63317459821701 0.636561989784241 0.525293052196503 0.485435664653778 0.489796429872513 0.444600343704224 0.416517019271851 0.493062824010849 0.473415970802307 0.570815682411194 0.629416882991791
0.850965201854706 0.79910135269165 0.708425402641296 0.694794118404388 0.680715560913086 0.724562644958496 0.715571761131287 0.491110891103745 0.440545290708542 0.39548271894455 0.407031863927841 0.445300996303558 0.570167481899261 0.764052987098694 0.674758017063141 0.625186681747437 0.575734853744507 0.512605726718903 0.540460884571075 0.526426196098328 0.488076478242874 0.474676489830017 0.490310490131378 0.458486706018448 0.55840939283371 0.633815884590149 0.611261665821075 0.631637096405029 0.733052134513855 0.70011180639267 0.752176642417908 0.631472945213318 0.667857706546783 0.707135021686554 0.710740029811859 0.692271709442139 0.622998952865601 0.492195963859558 0.490084201097488 0.469408422708511 0.438278883695602 0.474075496196747 0.472468346357346 0.494352161884308 0.488202303647995 0.482056587934494
0.872289836406708 0.817450761795044 0.778121173381805 0.801112413406372 0.754650294780731 0.633842587471008 0.59074079990387 0.497186601161957 0.443963706493378 0.534299194812775 0.493358433246613 0.62477445602417 0.555698037147522 0.678125143051147 0.565834641456604 0.519492387771606 0.529171645641327 0.514801919460297 0.516669094562531 0.498250931501389 0.494528472423553 0.475650817155838 0.514477729797363 0.464196026325226 0.460758984088898 0.550487816333771 0.621587157249451 0.580111145973206 0.620881974697113 0.571519434452057 0.598504841327667 0.633811891078949 0.706592559814453 0.717897355556488 0.738711178302765 0.663711190223694 0.688030183315277 0.623638927936554 0.51648336648941 0.45770987868309 0.439752072095871 0.433574885129929 0.477238833904266 0.560014128684998 0.514965057373047 0.417098253965378
0.858828902244568 0.836251854896545 0.778639674186707 0.779642403125763 0.793149650096893 0.744293868541718 0.610466837882996 0.518543660640717 0.481228977441788 0.605735719203949 0.666483461856842 0.762273669242859 0.660952389240265 0.59441465139389 0.602195799350739 0.668976545333862 0.650876760482788 0.568645477294922 0.561167538166046 0.548210740089417 0.520521402359009 0.518964290618896 0.489564388990402 0.475946635007858 0.466149002313614 0.560692489147186 0.603574335575104 0.515184223651886 0.529453575611115 0.645015716552734 0.651730120182037 0.752412259578705 0.730287969112396 0.708134174346924 0.709423422813416 0.606790363788605 0.654371380805969 0.61450058221817 0.697019159793854 0.655213475227356 0.493864893913269 0.441215604543686 0.513023912906647 0.550404727458954 0.613889336585999 0.438717931509018
0.850198566913605 0.804909527301788 0.793068289756775 0.775601804256439 0.701343655586243 0.714086532592773 0.681775033473969 0.631061136722565 0.588834881782532 0.633369922637939 0.682195723056793 0.770164668560028 0.836633086204529 0.778850436210632 0.677819013595581 0.696882963180542 0.714264929294586 0.701734244823456 0.614913821220398 0.609968185424805 0.587233424186707 0.568207561969757 0.51261031627655 0.480826914310455 0.532574951648712 0.513974666595459 0.508088350296021 0.487041890621185 0.551846146583557 0.66326117515564 0.773528516292572 0.736039161682129 0.725793540477753 0.669735968112946 0.594695508480072 0.570229411125183 0.504314422607422 0.53349244594574 0.58922153711319 0.706845462322235 0.592687010765076 0.476652652025223 0.466991543769836 0.542426764965057 0.548182368278503 0.427714675664902
0.789120733737946 0.801886022090912 0.796879172325134 0.757144927978516 0.756772220134735 0.676186561584473 0.69721394777298 0.650640368461609 0.597787439823151 0.65087890625 0.735516667366028 0.749041795730591 0.828374564647675 0.865439832210541 0.851125121116638 0.777761578559875 0.857936441898346 0.799187481403351 0.683402419090271 0.65447860956192 0.61971527338028 0.578123331069946 0.537207126617432 0.519977807998657 0.578015029430389 0.55756938457489 0.506897985935211 0.508683264255524 0.603004813194275 0.678903758525848 0.768438756465912 0.731791734695435 0.72921484708786 0.729080438613892 0.606110394001007 0.519133567810059 0.531544864177704 0.498261600732803 0.509950816631317 0.518744051456451 0.53299206495285 0.476614207029343 0.432731986045837 0.458106577396393 0.494558662176132 0.450877279043198
0.813290297985077 0.798074424266815 0.779565393924713 0.746719837188721 0.735327661037445 0.715539455413818 0.705402314662933 0.682366490364075 0.71521407365799 0.76015442609787 0.801470756530762 0.819162249565125 0.827410876750946 0.870678782463074 0.934279322624207 0.923937737941742 0.895528614521027 0.833981096744537 0.751873373985291 0.72683310508728 0.669626295566559 0.631633222103119 0.608671605587006 0.6055948138237 0.550021052360535 0.566423773765564 0.523753464221954 0.558943033218384 0.639950633049011 0.722522974014282 0.74624091386795 0.702411949634552 0.702778339385986 0.722602784633636 0.553610980510712 0.521597266197205 0.547882854938507 0.504916846752167 0.531017482280731 0.524669110774994 0.509785056114197 0.476174563169479 0.430118948221207 0.502305865287781 0.545781314373016 0.435124635696411
0.814597427845001 0.805877327919006 0.795951426029205 0.774636745452881 0.768029808998108 0.758249282836914 0.742930948734283 0.741709172725677 0.788582563400269 0.829394221305847 0.84570974111557 0.860249221324921 0.860756695270538 0.852966964244843 0.917753458023071 0.934179246425629 0.919874668121338 0.895172774791718 0.878897786140442 0.810117900371552 0.750152587890625 0.733140051364899 0.68006694316864 0.655139148235321 0.602724671363831 0.580222368240356 0.555573701858521 0.534037947654724 0.595426738262177 0.68144553899765 0.715001404285431 0.662659108638763 0.68276447057724 0.664692580699921 0.534550070762634 0.534493863582611 0.513617753982544 0.52728945016861 0.54220050573349 0.55072009563446 0.484165698289871 0.427008122205734 0.438554376363754 0.527703523635864 0.596527397632599 0.495056748390198
0.809330880641937 0.797597110271454 0.803844094276428 0.796291649341583 0.797367334365845 0.816706955432892 0.81827175617218 0.813152551651001 0.835080623626709 0.854758679866791 0.885819613933563 0.893881499767303 0.890267074108124 0.887499749660492 0.890704929828644 0.915382862091064 0.907868385314941 0.885865390300751 0.858497262001038 0.817624986171722 0.834890246391296 0.786651253700256 0.737815082073212 0.731630980968475 0.66439014673233 0.63721090555191 0.665812075138092 0.673863053321838 0.617511391639709 0.599514722824097 0.6364586353302 0.666362106800079 0.622375190258026 0.554838836193085 0.536638975143433 0.540759027004242 0.504036605358124 0.519122242927551 0.555306315422058 0.56317263841629 0.493203431367874 0.450587183237076 0.471096575260162 0.434918284416199 0.483066529035568 0.432310283184052
-339999999999999996123846586046231871488.000000000000000 0.788731396198273 0.786886513233185 0.777499735355377 0.784659266471863 0.823944568634033 0.819136381149292 0.83156019449234 0.855848908424377 0.882046222686768 0.8962442278862 0.902926862239838 0.896912217140198 0.890324652194977 0.885092079639435 0.881608664989471 0.932434737682343 0.928357303142548 0.896502137184143 0.895204305648804 0.874876499176025 0.839931011199951 0.821364283561707 0.799033343791962 0.765195667743683 0.719513177871704 0.696107268333435 0.786209523677826 0.74091100692749 0.644162952899933 0.591369330883026 0.594413816928864 0.584203362464905 0.568914353847504 0.597644090652466 0.530838191509247 0.516694128513336 0.490013480186462 0.455312371253967 0.51527327299118 0.530170440673828 0.447497546672821 0.466228187084198 0.442578285932541 0.540831863880157 0.456706404685974
-3.4e+38 -3.4e+38 -3.4e+38 -3.4e+38 -3.4e+38 -3.4e+38 -3.4e+38 -3.4e+38 0.867535293102264 0.883587777614594 0.905913949012756 0.919604539871216 0.914613485336304 0.917570471763611 0.906907796859741 0.897536754608154 0.898499310016632 0.930038332939148 0.94197416305542 0.940714359283447 0.890505790710449 0.871667802333832 0.848770081996918 0.817522704601288 0.824824452400208 0.763058543205261 0.746623516082764 0.79828804731369 0.791248083114624 0.667379677295685 0.688672065734863 0.665897727012634 0.674963176250458 0.671717166900635 0.73036777973175 0.568478524684906 0.558377802371979 0.597877681255341 0.573711752891541 0.507035136222839 0.511012375354767 0.45970219373703 0.477528244256973 0.463621348142624 0.470163345336914 0.557248294353485
-3.4e+38 -3.4e+38 -3.4e+38 -3.4e+38 -3.4e+38 -3.4e+38 -3.4e+38 -3.4e+38 -3.4e+38 0.895934581756592 0.906453192234039 0.922994256019592 0.931290566921234 0.92833286523819 0.914277613162994 0.906463205814362 0.891618669033051 0.913173735141754 0.946295380592346 0.949565410614014 0.927213072776794 0.934214890003204 0.870684027671814 0.868285775184631 0.839512705802917 0.83688086271286 0.809308648109436 0.876311123371124 0.747558891773224 0.728264689445496 0.725031316280365 0.737347900867462 0.779266834259033 0.780769467353821 0.729992151260376 0.59916764497757 0.597990274429321 0.669797360897064 0.745599269866943 0.637586832046509 0.593582630157471 0.643939733505249 0.547822833061218 0.475694686174393 0.541542053222656 0.558865606784821
