data/climate_estimation/maxent_output/Schoenocaulon_officinale.asc
NCOLS 476 
NROWS 190 
XLLCORNER -105.666666666667 
YLLCORNER 10 
CELLSIZE 0.0833333333333333 
NODATA_value -3.4e+38 
[rows 48 to 71 of 190, columns 318 to 370 of 476]
0.312817960977554 0.348335474729538 0.374999552965164 0.38253527879715 0.352718830108643 0.340216755867004 0.332957893610001 0.344737857580185 0.360291868448257 0.379506170749664 0.423758983612061 0.464598208665848 0.464532852172852 0.376439839601517 0.224579840898514 0.184016048908234 0.175077244639397 0.125752866268158 0.092329241335392 0.0795757994055748 0.0696405917406082 0.0708388909697533 0.0824962258338928 -3.4e+38 -3.4e+38 -3.4e+38 -3.4e+38 -3.4e+38 -3.4e+38 -3.4e+38 -3.4e+38 -3.4e+38 -3.4e+38 -3.4e+38 -3.4e+38 -3.4e+38 -3.4e+38 -3.4e+38 -3.4e+38 -3.4e+38 -3.4e+38 -3.4e+38 -3.4e+38 -3.4e+38 -3.4e+38 -3.4e+38 -3.4e+38 -3.4e+38 -3.4e+38 -3.4e+38 -3.4e+38 -3.4e+38 -3.4e+38
0.327977627515793 0.361286520957947 0.3767009973526 0.376464068889618 0.393853038549423 0.328094631433487 0.302389115095139 0.326787054538727 0.361028850078583 0.402447909116745 0.421643882989883 0.450880795717239 0.465379953384399 0.403111904859543 0.360610872507095 0.290101438760757 0.240469664335251 0.157008990645409 0.105865351855755 0.0751785561442375 0.0660946145653725 0.0833219140768051 0.103417105972767 0.120415337383747 -3.4e+38 -3.4e+38 -3.4e+38 -3.4e+38 -3.4e+38 -3.4e+38 -3.4e+38 -3.4e+38 -3.4e+38 -3.4e+38 -3.4e+38 -3.4e+38 -3.4e+38 -3.4e+38 -3.4e+38 -3.4e+38 -3.4e+38 -3.4e+38 -3.4e+38 -3.4e+38 -3.4e+38 -3.4e+38 -3.4e+38 -3.4e+38 -3.4e+38 -3.4e+38 -3.4e+38 -3.4e+38 -3.4e+38
0.340946078300476 0.369505882263184 0.373603731393814 0.404479116201401 0.400684595108032 0.339810073375702 0.320194929838181 0.319834053516388 0.353314131498337 0.389165848493576 0.40283328294754 0.439839988946915 0.435110300779343 0.445955336093903 0.380605250597 0.318099677562714 0.290154248476028 0.215971484780312 0.115465119481087 0.0748677253723145 0.0646653100848198 0.0915851220488548 0.103118918836117 0.13990943133831 0.135393142700195 0.128841727972031 -3.4e+38 -3.4e+38 -3.4e+38 -3.4e+38 -3.4e+38 -3.4e+38 -3.4e+38 -3.4e+38 -3.4e+38 -3.4e+38 -3.4e+38 -3.4e+38 -3.4e+38 -3.4e+38 -3.4e+38 -3.4e+38 -3.4e+38 -3.4e+38 -3.4e+38 -3.4e+38 -3.4e+38 -3.4e+38 -3.4e+38 -3.4e+38 -3.4e+38 -3.4e+38 -3.4e+38
0.331344753503799 -3.4e+38 -3.4e+38 0.402244716882706 0.384565144777298 0.361329585313797 0.339925289154053 0.340242773294449 0.362437725067139 0.384683072566986 0.430255055427551 0.482928574085236 0.47519838809967 0.420529752969742 0.39427450299263 0.312725484371185 0.273910224437714 0.216933101415634 0.143672600388527 0.0822236388921738 0.0736464858055115 0.106560654938221 0.181891962885857 0.198234349489212 0.155475839972496 0.125128075480461 0.104887023568153 -3.4e+38 -3.4e+38 -3.4e+38 -3.4e+38 -3.4e+38 -3.4e+38 -3.4e+38 -3.4e+38 -3.4e+38 -3.4e+38 -3.4e+38 -3.4e+38 -3.4e+38 -3.4e+38 -3.4e+38 -3.4e+38 -3.4e+38 -3.4e+38 -3.4e+38 -3.4e+38 -3.4e+38 -3.4e+38 -3.4e+38 -3.4e+38 -3.4e+38 -3.4e+38
-3.4e+38 -3.4e+38 -3.4e+38 0.410498857498169 0.388324588537216 -3.4e+38 0.347886025905609 0.357177197933197 0.367615044116974 0.391121685504913 0.442154079675674 0.494254440069199 0.497806698083878 0.433563441038132 0.370179921388626 0.341535240411758 0.337866932153702 0.283294528722763 0.158326506614685 0.114836655557156 0.0996346175670624 0.142642378807068 0.17611375451088 0.177667990326881 0.169679269194603 0.14253006875515 0.114891417324543 0.0976165980100632 -3.4e+38 -3.4e+38 -3.4e+38 -3.4e+38 -3.4e+38 -3.4e+38 -3.4e+38 -3.4e+38 -3.4e+38 -3.4e+38 -3.4e+38 -3.4e+38 -3.4e+38 -3.4e+38 -3.4e+38 -3.4e+38 -3.4e+38 -3.4e+38 -3.4e+38 -3.4e+38 -3.4e+38 -3.4e+38 -3.4e+38 -3.4e+38 -3.4e+38
-3.4e+38 -3.4e+38 -3.4e+38 -3.4e+38 0.390294939279556 -3.4e+38 -3.4e+38 0.361994177103043 0.385236442089081 0.41811329126358 0.428693830966949 0.445692509412766 0.471747398376465 0.437763452529907 0.392592191696167 0.388582199811935 0.37018346786499 0.307407706975937 0.203896313905716 0.165191993117332 0.180727735161781 0.190706044435501 0.195207983255386 0.196270674467087 0.168812111020088 0.133265346288681 0.123748056590557 0.10975220054388 0.104389384388924 0.100318670272827 0.0886430293321609 -3.4e+38 -3.4e+38 -3.4e+38 -3.4e+38 -3.4e+38 -3.4e+38 -3.4e+38 -3.4e+38 -3.4e+38 -3.4e+38 -3.4e+38 -3.4e+38 -3.4e+38 -3.4e+38 -3.4e+38 -3.4e+38 -3.4e+38 -3.4e+38 -3.4e+38 -3.4e+38 -3.4e+38 -3.4e+38
-3.4e+38 -3.4e+38 -3.4e+38 -3.4e+38 -3.4e+38 -3.4e+38 -3.4e+38 0.382559657096863 0.388897478580475 0.394623875617981 0.418202847242355 0.450458884239197 0.452307373285294 0.442771136760712 0.424194514751434 0.408058226108551 0.415195465087891 0.373101860284805 0.265753954648972 0.237579017877579 0.213610172271729 0.230572298169136 0.223946064710617 0.22656475007534 0.193157255649567 0.156595408916473 0.118042826652527 0.109589084982872 0.105718553066254 0.105301722884178 0.0974458754062653 0.0768595635890961 0.0667750090360641 0.0541659109294415 0.0432552024722099 -3.4e+38 -3.4e+38 -3.4e+38 -3.4e+38 -3.4e+38 -3.4e+38 -3.4e+38 -3.4e+38 -3.4e+38 -3.4e+38 -3.4e+38 -3.4e+38 -3.4e+38 -3.4e+38 -3.4e+38 -3.4e+38 -3.4e+38 -3.4e+38
-3.4e+38 -3.4e+38 -3.4e+38 -3.4e+38 -3.4e+38 -3.4e+38 -3.4e+38 0.392944484949112 0.398521721363068 0.393399655818939 0.443773031234741 0.461351364850998 0.472979724407196 0.466848105192184 0.454897880554199 0.438438534736633 0.440147876739502 0.413216084241867 0.355769395828247 0.301221191883087 0.295914143323898 0.267545789480209 0.263139933347702 0.262452602386475 0.269283562898636 0.227098375558853 0.176445782184601 0.161564081907272 0.127543047070503 0.101989671587944 0.104139342904091 0.076456643640995 0.051341000944376 0.0521077327430248 0.045147106051445 0.0472450479865074 0.0462035946547985 -3.4e+38 -3.4e+38 -3.4e+38 -3.4e+38 -3.4e+38 -3.4e+38 -3.4e+38 -3.4e+38 -3.4e+38 -3.4e+38 -3.4e+38 -3.4e+38 -3.4e+38 -3.4e+38 -3.4e+38 -3.4e+38
-3.4e+38 -3.4e+38 -3.4e+38 -3.4e+38 -3.4e+38 0.38832351565361 -3.4e+38 -3.4e+38 0.400872081518173 0.412100106477737 0.432210862636566 0.449631303548813 0.45717591047287 0.440665155649185 0.463822692632675 0.441369742155075 0.435506463050842 0.447446465492249 0.384637534618378 0.32217139005661 0.282122611999512 0.252963095903397 0.29234254360199 0.304516822099686 0.304571598768234 0.274322658777237 0.246835678815842 0.222324296832085 0.212430149316788 0.146724104881287 0.12465762346983 0.103020913898945 0.0706618875265121 0.0627910792827606 0.0483215376734734 0.04534000903368 0.0500026419758797 0.054280124604702 0.0621506795287132 0.0655219703912735 0.0531410910189152 0.0619447603821754 -3.4e+38 -3.4e+38 -3.4e+38 -3.4e+38 -3.4e+38 -3.4e+38 -3.4e+38 -3.4e+38 -3.4e+38 -3.4e+38 -3.4e+38
-3.4e+38 -3.4e+38 0.386975735425949 -3.4e+38 0.391338050365448 -3.4e+38 -3.4e+38 -3.4e+38 0.390874683856964 0.412231087684631 0.416422247886658 0.444013744592667 0.443401783704758 0.445922255516052 0.42512047290802 0.443275928497314 0.44915446639061 0.460895270109177 0.363154649734497 0.300220191478729 0.249710351228714 0.299769461154938 0.307111352682114 0.341252714395523 0.364430665969849 0.33838763833046 0.335907816886902 0.320218652486801 0.311511844396591 0.297650456428528 0.256302922964096 0.195677682757378 0.123828835785389 0.0943974032998085 0.0686993300914764 0.0434155575931072 0.0451821945607662 0.0557367317378521 0.0513738431036472 0.0491151176393032 0.047735370695591 0.0435713082551956 0.0487064570188522 0.0507260411977768 -3.4e+38 -3.4e+38 -3.4e+38 -3.4e+38 -3.4e+38 -3.4e+38 -3.4e+38 -3.4e+38 -3.4e+38
0.383333802223206 0.384619742631912 -3.4e+38 -3.4e+38 -3.4e+38 -3.4e+38 -3.4e+38 -3.4e+38 0.398821473121643 0.42103973031044 0.400244206190109 0.429735600948334 0.44976395368576 0.44955962896347 0.428768932819366 0.44809478521347 0.484094321727753 0.443711340427399 0.418664753437042 0.319703996181488 0.279746055603027 0.275825053453445 0.312857180833817 0.343709886074066 0.349223762750626 0.405846476554871 0.433749735355377 0.403544038534164 0.40035942196846 0.37662735581398 0.38961261510849 0.413352876901627 0.223438292741776 0.177670374512672 0.104204669594765 0.0756184235215187 0.0704935118556023 0.0722327083349228 0.0481237024068832 0.0458509624004364 0.0436786226928234 0.0382407866418362 0.0381008796393871 0.051753968000412 -3.4e+38 -3.4e+38 -3.4e+38 -3.4e+38 -3.4e+38 -3.4e+38 -3.4e+38 -3.4e+38 -3.4e+38
0.385534316301346 0.390876471996307 0.393461644649506 -3.4e+38 -3.4e+38 -3.4e+38 0.395246028900146 -3.4e+38 -3.4e+38 -3.4e+38 0.415007561445236 0.415660500526428 0.417411893606186 0.436908006668091 0.428395062685013 0.429114639759064 0.43562176823616 0.432709842920303 0.422840237617493 0.400353282690048 0.325298607349396 0.323196560144424 0.310414046049118 0.341905862092972 0.391951531171799 0.40117084980011 0.373514413833618 0.372609436511993 0.395067721605301 0.39667734503746 0.430412143468857 0.430766373872757 0.309302121400833 0.197722986340523 0.163219913840294 0.115205585956573 0.09671950340271 0.0961341261863708 0.0663604363799095 0.047510202974081 0.0312859714031219 0.0394947342574596 0.0266395732760429 0.0198831707239151 -3.4e+38 -3.4e+38 -3.4e+38 -3.4e+38 -3.4e+38 -3.4e+38 -3.4e+38 -3.4e+38 -3.4e+38
-3.4e+38 -3.4e+38 0.381204664707184 0.400017499923706 0.403947651386261 -3.4e+38 0.423078656196594 -3.4e+38 0.400838851928711 -3.4e+38 0.405492037534714 0.407704710960388 0.40766179561615 0.425573498010635 0.408952176570892 0.396388322114944 0.405262559652328 0.38567927479744 0.397491127252579 0.395707845687866 0.376094549894333 0.358694553375244 0.352183222770691 0.381454437971115 0.366440892219543 0.372675657272339 0.346026718616486 0.345367431640625 0.344156622886658 0.365023255348206 0.397671818733215 0.352467596530914 0.273325055837631 0.207145646214485 0.169993489980698 0.152609944343567 0.127410888671875 0.0872772112488747 0.0557664521038532 0.040870051831007 0.0323470309376717 0.0244426466524601 0.0219413302838802 0.0162171348929405 0.0130139887332916 -3.4e+38 -3.4e+38 -3.4e+38 -3.4e+38 -3.4e+38 -3.4e+38 -3.4e+38 -3.4e+38
-3.4e+38 -3.4e+38 -3.4e+38 -3.4e+38 0.426964581012726 0.408665150403976 0.402111232280731 0.431446880102158 0.434051007032394 0.409252673387527 0.388086140155792 0.411088824272156 0.385821789503098 0.394558846950531 0.379806280136108 0.369105100631714 0.367547065019608 0.367697983980179 0.365530908107758 0.364120692014694 0.359484016895294 0.365544945001602 0.351839900016785 0.356139749288559 0.355723917484283 0.363638162612915 0.341651171445847 0.340664029121399 0.325133264064789 0.335258334875107 0.33663222193718 0.297811567783356 0.23535880446434 0.216860294342041 0.159651473164558 0.160619348287582 0.151200026273727 0.1078260242939 0.057985819876194 0.0449159853160381 0.0394677147269249 0.0329968705773354 0.0183608140796423 0.0139105441048741 0.0119872484356165 0.0113154482096434 0.00393995177000761 0.00347993383184075 0.0101335411891341 0.0075180702842772 0.00673273159191012 0.00674954662099481 -3.4e+38
-3.4e+38 -3.4e+38 -3.4e+38 -3.4e+38 -3.4e+38 0.414448261260986 0.437942892313004 0.419190943241119 0.420476943254471 0.423112988471985 -3.4e+38 -3.4e+38 0.373861193656921 0.348378628492355 -3.4e+38 0.361860483884811 0.380635678768158 -3.4e+38 -3.4e+38 -3.4e+38 -3.4e+38 -3.4e+38 0.333141684532166 0.344355940818787 0.36429625749588 0.356086134910583 0.351445198059082 0.318390965461731 0.302975118160248 0.323085814714432 0.320993304252625 0.267260879278183 0.227985128760338 0.183583602309227 0.169686824083328 0.16708342730999 0.181101411581039 0.143730446696281 0.111435234546661 0.0722480565309525 0.0904350131750107 0.0535186491906643 0.0477356128394604 0.0415054820477962 0.0348529294133186 0.0130985220894217 0.0102582899853587 0.0107993017882109 0.00816628616303205 0.008054637350142 0.00623785797506571 0.00653414661064744 0.00691881403326988
-3.4e+38 -3.4e+38 -3.4e+38 -3.4e+38 -3.4e+38 -3.4e+38 -3.4e+38 -3.4e+38 -3.4e+38 0.401120752096176 0.404377609491348 -3.4e+38 -3.4e+38 -3.4e+38 -3.4e+38 0.33558776974678 0.360397487878799 -3.4e+38 0.353071421384811 -3.4e+38 -3.4e+38 -3.4e+38 -3.4e+38 0.345924437046051 0.360988855361938 0.377832978963852 0.387421578168869 0.380932450294495 0.354906737804413 0.337617814540863 0.302240759134293 0.239557877182961 0.227491244673729 0.195997834205627 0.179856613278389 0.164726734161377 0.16595333814621 0.167890027165413 0.147185951471329 0.148472875356674 0.392523944377899 0.29899737238884 0.110924892127514 0.267074078321457 0.283548563718796 0.0406825616955757 0.0165045633912086 0.0109087442979217 0.013621405698359 0.0140017764642835 0.0361740738153458 0.0581362619996071 0.00825079996138811
-3.4e+38 -3.4e+38 -3.4e+38 -3.4e+38 -3.4e+38 -3.4e+38 -3.4e+38 -3.4e+38 -3.4e+38 -3.4e+38 -3.4e+38 -3.4e+38 -3.4e+38 -3.4e+38 -3.4e+38 -3.4e+38 -3.4e+38 -3.4e+38 -3.4e+38 -3.4e+38 -3.4e+38 -3.4e+38 -3.4e+38 -3.4e+38 0.361305594444275 0.379859566688538 0.429490000009537 0.414531111717224 0.391900092363358 0.335618674755096 0.285283863544464 0.243475869297981 0.217116937041283 0.187361791729927 0.180764943361282 0.166290313005447 0.175109833478928 0.163972958922386 0.21568375825882 0.336826384067535 0.531280338764191 0.23090985417366 0.18579937517643 0.197761178016663 0.176854357123375 0.0890322998166084 0.0531635619699955 0.0446199104189873 0.0731908902525902 0.161446213722229 0.107173085212708 0.124566309154034 0.0180324297398329
-3.4e+38 -3.4e+38 -3.4e+38 -3.4e+38 -3.4e+38 -3.4e+38 -3.4e+38 -3.4e+38 -3.4e+38 -3.4e+38 -3.4e+38 -3.4e+38 -3.4e+38 -3.4e+38 -3.4e+38 -3.4e+38 -3.4e+38 -3.4e+38 -3.4e+38 -3.4e+38 -3.4e+38 -3.4e+38 -3.4e+38 -3.4e+38 0.346194833517075 0.409525811672211 0.393398731946945 0.384616762399673 0.335086196660995 0.277049511671066 0.243263691663742 0.216605290770531 0.195383295416832 0.20462167263031 0.169394493103027 0.164649471640587 0.198160991072655 0.219981551170349 0.223800539970398 0.285246819257736 0.37545183300972 0.31520864367485 0.233293399214745 0.21950176358223 0.268476009368896 0.223853945732117 0.181707844138145 0.209275096654892 0.209113985300064 0.203405171632767 0.0990068316459656 0.130647003650665 0.0437015257775784
-3.4e+38 -3.4e+38 -3.4e+38 -3.4e+38 -3.4e+38 -3.4e+38 -3.4e+38 -3.4e+38 -3.4e+38 -3.4e+38 -3.4e+38 -3.4e+38 -3.4e+38 -3.4e+38 -3.4e+38 -3.4e+38 -3.4e+38 -3.4e+38 -3.4e+38 -3.4e+38 -3.4e+38 -3.4e+38 0.282646358013153 0.267843753099442 0.374167203903198 0.382967919111252 0.349646210670471 0.333073437213898 0.272377669811249 0.262925148010254 0.221090137958527 0.226676553487778 0.20098015666008 0.22557744383812 0.166324302554131 0.127235263586044 0.195010870695114 0.18936513364315 0.240827932953835 0.306174278259277 0.338825643062592 0.396931827068329 0.336934447288513 0.351912170648575 0.314191073179245 0.223854139447212 0.318984121084213 0.345228612422943 0.252634763717651 0.239475905895233 0.199747532606125 0.119606502354145 0.0963473916053772
-3.4e+38 -3.4e+38 -3.4e+38 -3.4e+38 -3.4e+38 -3.4e+38 -3.4e+38 -3.4e+38 -3.4e+38 -3.4e+38 -3.4e+38 -3.4e+38 -3.4e+38 -3.4e+38 -3.4e+38 -3.4e+38 -3.4e+38 -3.4e+38 -3.4e+38 -3.4e+38 0.227287769317627 0.234170719981194 0.262145489454269 0.222635969519615 0.258266985416412 0.309308350086212 0.288011342287064 0.269283443689346 0.234744802117348 0.223685935139656 0.244153082370758 0.272856593132019 0.396612673997879 0.416580140590668 0.200373843312263 0.160740077495575 0.212493509054184 0.201271265745163 0.227308630943298 0.316005855798721 0.331285923719406 0.373464226722717 0.345188826322556 0.360662400722504 0.302319169044495 0.262430906295776 0.184287622570992 0.143834546208382 0.16564117372036 0.256426990032196 0.180778414011002 0.133178353309631 0.101082593202591
-3.4e+38 -3.4e+38 -3.4e+38 -3.4e+38 -3.4e+38 -3.4e+38 -3.4e+38 -3.4e+38 -3.4e+38 -3.4e+38 -3.4e+38 -3.4e+38 -3.4e+38 -3.4e+38 -3.4e+38 -3.4e+38 -3.4e+38 -3.4e+38 -3.4e+38 0.216709971427917 0.223757162690163 0.21833898127079 0.223665118217468 0.165890544652939 0.196073576807976 0.218217089772224 0.223135471343994 0.296789288520813 0.393054246902466 0.347984045743942 0.470388054847717 0.429398268461227 0.498018980026245 0.485306054353714 0.317926704883575 0.290818691253662 0.210441783070564 0.198160946369171 0.297785669565201 0.368239134550095 0.35346257686615 0.420664817094803 0.396469712257385 0.375990837812424 0.338204890489578 0.257979452610016 0.165499120950699 0.12081278860569 0.179701387882233 0.232916742563248 0.225208818912506 0.162080153822899 0.0573037900030613
-3.4e+38 -3.4e+38 -3.4e+38 -3.4e+38 -3.4e+38 -3.4e+38 -3.4e+38 -3.4e+38 -3.4e+38 -3.4e+38 -3.4e+38 -3.4e+38 -3.4e+38 -3.4e+38 -3.4e+38 -3.4e+38 -3.4e+38 -3.4e+38 0.265858441591263 0.210051283240318 0.204407766461372 0.217891737818718 0.202504813671112 0.227997034788132 0.218782052397728 0.253273338079453 0.301485657691956 0.434234410524368 0.461928129196167 0.51331639289856 0.515676915645599 0.522903800010681 0.436058640480042 0.302466690540314 0.259884655475616 0.264531910419464 0.296381771564484 0.369986742734909 0.218432307243347 0.107355907559395 0.186696246266365 0.491622895002365 0.577341437339783 0.455155193805695 0.402225613594055 0.23994953930378 0.162065893411636 0.162071093916893 0.214241400361061 0.261359989643097 0.263527870178223 0.130665987730026 0.0448137708008289
-3.4e+38 -3.4e+38 -3.4e+38 -3.4e+38 -3.4e+38 -3.4e+38 -3.4e+38 -3.4e+38 -3.4e+38 -3.4e+38 -3.4e+38 -3.4e+38 -3.4e+38 -3.4e+38 -3.4e+38 -3.4e+38 -3.4e+38 0.339454472064972 0.257321238517761 0.250538766384125 0.219769194722176 0.1965441852808 0.159835249185562 0.163069844245911 0.233910977840424 0.268102884292603 0.261267066001892 0.285177886486053 0.256580501794815 0.205593645572662 0.264158338308334 0.146117940545082 0.0952687412500381 0.0532165840268135 0.0372740887105465 0.0437194034457207 0.0726963877677917 0.183825612068176 0.124070897698402 0.116649009287357 0.236091122031212 0.29390224814415 0.420314252376556 0.496985703706741 0.413003742694855 0.350770980119705 0.266915857791901 0.274121135473251 0.389922440052032 0.335657954216003 0.218450605869293 0.165563210844994 -3.4e+38
-3.4e+38 -3.4e+38 -3.4e+38 -3.4e+38 -3.4e+38 -3.4e+38 -3.4e+38 -3.4e+38 -3.4e+38 -3.4e+38 -3.4e+38 -3.4e+38 -3.4e+38 -3.4e+38 -3.4e+38 -3.4e+38 -3.4e+38 0.374186307191849 0.286361426115036 0.224428623914719 0.194144234061241 0.136009439826012 0.090406633913517 0.0516652762889862 0.0739973485469818 0.114619918167591 0.0967787355184555 0.0485554151237011 -3.4e+38 -3.4e+38 -3.4e+38 -3.4e+38 -3.4e+38 -3.4e+38 -3.4e+38 -3.4e+38 -3.4e+38 -3.4e+38 -3.4e+38 -3.4e+38 -3.4e+38 -3.4e+38 0.332683175802231 0.303318053483963 0.258052289485931 0.38022655248642 0.264521777629852 0.310018062591553 0.388815343379974 0.370073080062866 -3.4e+38 -3.4e+38 -3.4e+38
