data/climate_estimation/maxent_output/Schoenocaulon_caricifolium.asc
NCOLS 116 
NROWS 128 
XLLCORNER -106.583333333333 
YLLCORNER 17.25 
CELLSIZE 0.0833333333333334 
NODATA_value -3.4e+38 
[rows 105 to 125 of 128, columns 46 to 91 of 116]
0.0703293085098267 0.0774011835455894 0.0679858922958374 0.0652352720499039 0.0951348096132278 0.117372930049896 0.0850733295083046 0.103887386620045 0.0991373807191849 0.106041960418224 0.192934632301331 0.478738218545914 0.649065315723419 0.83042585849762 0.498706579208374 0.220576345920563 0.203334212303162 0.187975585460663 0.198542848229408 0.16609662771225 0.194886907935143 0.148592486977577 0.092836506664753 0.0992477685213089 0.143683135509491 0.094067670404911 0.14975580573082 0.229491636157036 0.259131997823715 0.509150922298431 0.809581995010376 0.83121645450592 0.836156487464905 0.88330614566803 0.968697071075439 0.99165266752243 0.989275097846985 0.983736038208008 0.983729064464569 0.979322671890259 0.99048113822937 0.992188572883606 0.990891933441162 0.990894734859467 0.992527544498444 0.98841667175293
0.0757323056459427 0.0783625468611717 0.0660499632358551 0.0659004300832748 0.0635440051555634 0.0669209361076355 0.0735723599791527 0.0849979147315025 0.0850067436695099 0.106956712901592 0.162496998906136 0.277793079614639 0.472642034292221 0.719983518123627 0.457819402217865 0.195579409599304 0.13182558119297 0.128862425684929 0.110719658434391 0.107645899057388 0.118285268545151 0.118771307170391 0.0890984833240509 0.103502571582794 0.0988437831401825 0.0899912416934967 0.145524859428406 0.161575496196747 0.263501703739166 0.345896005630493 0.540459513664246 0.68380880355835 0.669125854969025 0.843185365200043 0.961601316928864 0.973671078681946 0.981692373752594 0.980739116668701 0.977556824684143 0.975078999996185 0.98498672246933 0.979635000228882 0.975377917289734 0.977368175983429 0.980240821838379 0.966840922832489
0.089696429669857 0.0845234170556068 0.104993782937527 0.0734556838870049 0.068684808909893 0.0639219880104065 0.0660089924931526 0.0711691007018089 0.0732072815299034 0.0915125980973244 0.0947403237223625 0.133981615304947 0.209447219967842 0.452824085950851 0.318089634180069 0.172123327851295 0.120548784732819 0.101272106170654 0.104363739490509 0.101442195475101 0.125556886196136 0.121485725045204 0.106613516807556 0.0799031034111977 0.0820455476641655 0.0996979027986526 0.114851176738739 0.244952246546745 0.382217466831207 0.320732682943344 0.456972241401672 0.534051239490509 0.666242957115173 0.892607390880585 0.962226629257202 0.954665958881378 0.937733709812164 0.918752372264862 0.915362417697906 0.885748028755188 0.933722496032715 0.853633999824524 0.745041906833649 0.607408702373505 0.616520285606384 0.676464855670929
0.179453790187836 0.116446450352669 0.126383006572723 0.099179282784462 0.0841540545225143 0.0813536122441292 0.0742221772670746 0.0647786930203438 0.0651483908295631 0.0744371488690376 0.138770058751106 0.131476357579231 0.123323373496532 0.216318935155869 0.389050662517548 0.209441959857941 0.118514321744442 0.0921854972839355 0.0916075259447098 0.0911926701664925 0.113662354648113 0.106988824903965 0.10899905860424 0.0766678526997566 0.070362389087677 0.105092920362949 0.201100900769234 0.487291872501373 0.528914391994476 0.372722089290619 0.430676907300949 0.39466392993927 0.474951833486557 0.780223906040192 0.853298425674438 0.861543118953705 0.861575722694397 0.778144836425781 0.874844491481781 0.660451054573059 0.665459871292114 0.576537072658539 0.438414603471756 0.456519305706024 0.405138492584229 0.466255962848663
0.278992593288422 0.294258564710617 0.358229577541351 0.210536614060402 0.138680547475815 0.0968707948923111 0.0964162722229958 0.085729606449604 0.0800312384963036 0.0803612396121025 0.0886435583233833 0.0971094742417336 0.189233094453812 0.152012467384338 0.228287875652313 0.304627388715744 0.16406737267971 0.137534037232399 0.091749481856823 0.0743101090192795 0.0763126462697983 0.0894095450639725 0.143455520272255 0.132933139801025 0.0697810426354408 0.118837140500546 0.159612074494362 0.145055204629898 0.143592119216919 0.182061374187469 0.25992751121521 0.315445750951767 0.512382864952087 0.738223016262054 0.817168354988098 0.772867143154144 0.686742544174194 0.646795451641083 0.683488667011261 0.532538115978241 0.34586825966835 0.356282323598862 0.23513226211071 0.39194068312645 0.2491544932127 0.495901465415955
0.435618281364441 0.581312954425812 0.729184865951538 0.42554035782814 0.235700458288193 0.131411015987396 0.136490926146507 0.218953728675842 0.114379949867725 0.0792201906442642 0.0717567279934883 0.0831901058554649 0.0968142747879028 0.0792235508561134 0.108544051647186 0.222585335373878 0.245416477322578 0.193724766373634 0.0918331071734428 0.0652045011520386 0.0929241850972176 0.0778114646673203 0.0942462906241417 0.0710323452949524 0.0697326958179474 0.0739606991410255 0.0897976979613304 0.144133761525154 0.14801624417305 0.161224320530891 0.332035005092621 0.525955677032471 0.644880414009094 0.530257344245911 0.616217613220215 0.748106062412262 0.67846292257309 0.568606436252594 0.552897572517395 0.426034390926361 0.315285503864288 0.323694616556168 0.321026265621185 0.326117873191833 0.342738121747971 0.447736859321594
0.584338963031769 0.413459628820419 0.636404931545258 0.444360464811325 0.254865944385529 0.248468324542046 0.243590280413628 0.275269061326981 0.262252002954483 0.108856685459614 0.0873063802719116 0.069222517311573 0.0665904954075813 0.068275973200798 0.0931477546691895 0.241748675704002 0.151047825813293 0.111293144524097 0.0918381959199905 0.0655505657196045 0.0790530294179916 0.0704044625163078 0.0608622133731842 0.0620187036693096 0.0779215022921562 0.0592729970812798 0.127930879592896 0.195466995239258 0.1827392578125 0.181074649095535 0.34894585609436 0.347245216369629 0.489865958690643 0.359200477600098 0.470919996500015 0.812277793884277 0.791188776493073 0.732978641986847 0.515783190727234 0.384058713912964 0.280243515968323 0.285410970449448 0.293889254331589 0.321401357650757 0.411565124988556 0.447193562984467
0.49022576212883 0.569849193096161 0.720533728599548 0.498081922531128 0.387843877077103 0.464629918336868 0.356454581022263 0.203799426555634 0.174457609653473 0.116878740489483 0.0853800624608994 0.114876441657543 0.089021161198616 0.13665659725666 0.091628335416317 0.139453992247581 0.0822323337197304 0.060634434223175 0.0664799213409424 0.0639810487627983 0.0546778962016106 0.0578394904732704 0.0554724521934986 0.0564213544130325 0.0803769454360008 0.057384081184864 0.0674916356801987 0.11672131717205 0.167903289198875 0.126457840204239 0.16640231013298 0.13941989839077 0.161877810955048 0.209810569882393 0.474779546260834 0.654985725879669 0.782889068126678 0.516625463962555 0.650083482265472 0.499730437994003 0.289280861616135 0.244683593511581 0.246253341436386 0.374635308980942 0.397722601890564 0.469899028539658
0.527588605880737 0.66566276550293 0.640270471572876 0.571743011474609 0.415124088525772 0.439675569534302 0.447891563177109 0.358635127544403 0.190157756209373 0.125596269965172 0.100882910192013 0.143155455589294 0.163829043507576 0.232940286397934 0.145962193608284 0.0948019772768021 0.0795701369643211 0.119804590940475 0.104896046221256 0.0660893097519875 0.0651065483689308 0.0576588250696659 0.0553526394069195 0.0627057105302811 0.0616687089204788 0.0583123080432415 0.0616440512239933 0.109486274421215 0.136250734329224 0.0893545746803284 0.0982882976531982 0.177709445357323 0.205907002091408 0.496271282434464 0.487636685371399 0.51313716173172 0.581801056861877 0.341089636087418 0.526537597179413 0.373155742883682 0.596092820167542 0.55939394235611 0.36826428771019 0.353998303413391 0.417340695858002 0.465624004602432
0.334311455488205 0.589874148368835 0.588960707187653 0.475310236215591 0.448476552963257 0.439077466726303 0.298949211835861 0.328456580638885 0.260054677724838 0.196331426501274 0.141146764159203 0.152734935283661 0.170301392674446 0.227463439106941 0.369247198104858 0.240572825074196 0.113796092569828 0.12824210524559 0.143591076135635 0.129936754703522 0.072112575173378 0.074281319975853 0.0684015601873398 0.0723494812846184 0.0543799288570881 0.0533806979656219 0.0770986676216125 0.0739306807518005 0.0765224322676659 0.0686139240860939 0.103503428399563 0.183317899703979 0.344103068113327 0.329938352108002 0.46065953373909 0.40997040271759 0.312199681997299 0.291495025157928 0.223187983036041 0.255575060844421 0.439128488302231 0.625701725482941 0.457087099552155 0.373365074396133 0.367336004972458 0.432812660932541
0.282854050397873 0.371129781007767 0.326114803552628 0.431431710720062 0.455922216176987 0.379323482513428 0.397575557231903 0.230171680450439 0.260621041059494 0.193690747022629 0.131243243813515 0.129288986325264 0.119166344404221 0.138894096016884 0.286531835794449 0.384779870510101 0.351836115121841 0.19897948205471 0.312270045280457 0.195306390523911 0.101777590811253 0.0974470376968384 0.0713646858930588 0.0680861622095108 0.0592054054141045 0.0582518093287945 0.0994836613535881 0.0827736407518387 0.067385621368885 0.0722178667783737 0.126196846365929 0.196342051029205 0.314136356115341 0.293899893760681 0.444701254367828 0.490539461374283 0.316240936517715 0.215402290225029 0.220522955060005 0.216187477111816 0.231237724423409 0.269394636154175 0.393951207399368 0.35578253865242 0.336229175329208 0.369992256164551
0.280641138553619 0.288150042295456 0.283199220895767 0.348401427268982 0.349665850400925 0.265348941087723 0.286237150430679 0.20150688290596 0.192637637257576 0.179591879248619 0.205727860331535 0.188817650079727 0.186503648757935 0.175374194979668 0.230319693684578 0.379337012767792 0.78286600112915 0.685828983783722 0.513252794742584 0.251122832298279 0.143683180212975 0.122501283884048 0.0882677286863327 0.0846564471721649 0.0839147716760635 0.0886407196521759 0.060645941644907 0.0735828131437302 0.0665466412901878 0.083220861852169 0.143337115645409 0.226884946227074 0.314627856016159 0.253559947013855 0.410775750875473 0.489680796861649 0.24019281566143 0.210493817925453 0.253742188215256 0.223054632544518 0.364039450883865 0.368705630302429 0.378600239753723 0.355302631855011 0.328054904937744 0.421930640935898
0.22245754301548 0.235969945788383 0.236844122409821 0.250414282083511 0.238354057073593 0.199808672070503 0.184441313147545 0.213463053107262 0.214773863554001 0.188877105712891 0.240001887083054 0.219921335577965 0.180900990962982 0.185686022043228 0.170183122158051 0.236598506569862 0.620201706886292 0.720730125904083 0.595590770244598 0.41880139708519 0.398191720247269 0.206989392638206 0.151607245206833 0.145316243171692 0.106158576905727 0.105076499283314 0.0756341442465782 0.0723380520939827 0.0676087960600853 0.0723576322197914 0.106570459902287 0.178529262542725 0.240702494978905 0.322585225105286 0.361140996217728 0.371183663606644 0.212803348898888 0.230979532003403 0.212961718440056 0.242368906736374 0.389995574951172 0.430400341749191 0.336669385433197 0.306088715791702 0.362975925207138 0.478551268577576
0.200777545571327 0.201945349574089 0.197296887636185 0.198287263512611 0.192415088415146 0.193510517477989 0.178600922226906 0.185047641396523 0.17136150598526 0.167244419455528 0.167437940835953 0.177071928977966 0.155810549855232 0.185861319303513 0.170892283320427 0.225854396820068 0.422300279140472 0.519327580928802 0.550364375114441 0.353810369968414 0.293152570724487 0.192323088645935 0.263070434331894 0.180073723196983 0.150479838252068 0.158747434616089 0.105869621038437 0.0986756235361099 0.130844473838806 0.152235880494118 0.118773870170116 0.111418358981609 0.151382595300674 0.206865444779396 0.255517840385437 0.203546389937401 0.2145686596632 0.239123970270157 0.20999002456665 0.25733870267868 0.409910351037979 0.451103895902634 0.379263639450073 0.345562994480133 0.383069843053818 0.358076155185699
-3.4e+38 -3.4e+38 -3.4e+38 0.177360489964485 0.178646683692932 0.180700570344925 0.176196277141571 0.175932705402374 0.166919887065887 0.158171877264977 0.158733904361725 0.162630200386047 0.22690162062645 0.272323489189148 0.306649744510651 0.342549473047256 0.290338665246964 0.31957733631134 0.657231211662292 0.648051738739014 0.447811305522919 0.455101549625397 0.406962901353836 0.263405084609985 0.262856304645538 0.235246881842613 0.200145348906517 0.145155444741249 0.136079803109169 0.348100960254669 0.250448018312454 0.131916582584381 0.110632300376892 0.20393705368042 0.215861395001411 0.210984706878662 0.286957621574402 0.206975713372231 0.206575214862823 0.200906738638878 0.209956020116806 0.379143834114075 0.431511908769608 0.341489136219025 0.38588672876358 0.374621033668518
-3.4e+38 -3.4e+38 -3.4e+38 -3.4e+38 -3.4e+38 -3.4e+38 -3.4e+38 -3.4e+38 -3.4e+38 -3.4e+38 0.15027691423893 0.151015236973763 0.154660165309906 0.25371715426445 0.425739705562592 0.246798738837242 0.205277755856514 0.320495307445526 0.415223568677902 0.619618356227875 0.778143525123596 0.744899272918701 0.469549834728241 0.391926646232605 0.342337727546692 0.290965557098389 0.318202346563339 0.211358621716499 0.222388446331024 0.318590879440308 0.379957377910614 0.155231475830078 0.204415276646614 0.204145908355713 0.351647555828094 0.386775225400925 0.520605623722076 0.271494626998901 0.283630788326263 0.37074601650238 0.435748279094696 0.367874383926392 0.396891981363297 0.347329348325729 0.389576107263565 0.413494288921356
-3.4e+38 -3.4e+38 -3.4e+38 -3.4e+38 -3.4e+38 -3.4e+38 -3.4e+38 -3.4e+38 -3.4e+38 -3.4e+38 -3.4e+38 0.146100074052811 0.155329033732414 0.165100455284119 0.184877887368202 0.194354936480522 0.222616359591484 0.272471874952316 0.215145945549011 0.526667892932892 0.724026501178741 0.778176605701447 0.662090480327606 0.71809583902359 0.401978582143784 0.404532045125961 0.378388285636902 0.377832114696503 0.337762027978897 0.574204325675964 0.260252058506012 0.228463217616081 0.284680992364883 0.354471206665039 0.448232412338257 0.459640860557556 0.522562563419342 0.339199900627136 0.337231040000916 0.482585459947586 0.57479202747345 0.548756778240204 0.513161838054657 0.593832612037659 0.548671305179596 0.436000794172287
-3.4e+38 -3.4e+38 -3.4e+38 -3.4e+38 -3.4e+38 -3.4e+38 -3.4e+38 -3.4e+38 -3.4e+38 -3.4e+38 -3.4e+38 -3.4e+38 0.147476002573967 0.147903218865395 0.169894307851791 0.1951072961092 0.155911341309547 0.156320467591286 0.200575545430183 0.259596019983292 0.31408280134201 0.534347295761108 0.684141755104065 0.683237016201019 0.576207995414734 0.565268635749817 0.646421074867249 0.486841261386871 0.48365330696106 0.570763826370239 0.281205266714096 0.395530372858047 0.321263074874878 0.500169634819031 0.639533400535583 0.529116332530975 0.476265400648117 0.378358215093613 0.384472042322159 0.538557529449463 0.518878579139709 0.537867665290833 0.498967379331589 0.691616594791412 0.572932302951813 0.587183833122253
-3.4e+38 -3.4e+38 -3.4e+38 -3.4e+38 -3.4e+38 -3.4e+38 -3.4e+38 -3.4e+38 -3.4e+38 -3.4e+38 -3.4e+38 -3.4e+38 -3.4e+38 0.152982831001282 0.157416269183159 0.1488918364048 0.149039313197136 0.162057340145111 0.190581366419792 0.179443120956421 0.273694753646851 0.246129080653191 0.394554197788239 0.426488786935806 0.408561170101166 0.514668405056 0.764138638973236 0.730738937854767 0.68431556224823 0.805586874485016 0.374518662691116 0.60895448923111 0.542685985565186 0.421610832214355 0.746666014194489 0.565077185630798 0.491043031215668 0.527947545051575 0.488884627819061 0.493017375469208 0.500352740287781 0.629710853099823 0.534986734390259 0.56496924161911 0.600787699222565 0.585789561271667
-3.4e+38 -3.4e+38 -3.4e+38 -3.4e+38 -3.4e+38 -3.4e+38 -3.4e+38 -3.4e+38 -3.4e+38 -3.4e+38 -3.4e+38 -3.4e+38 -3.4e+38 -3.4e+38 -3.4e+38 0.141114249825478 0.141258001327515 0.137364998459816 0.157003581523895 0.301755577325821 0.201729387044907 0.254149734973907 0.228189155459404 0.319023549556732 0.249976798892021 0.261894375085831 0.431852132081985 0.743333101272583 0.713053405284882 0.812939465045929 0.668076157569885 0.58717954158783 0.765275478363037 0.50872677564621 0.53976970911026 0.478692382574081 0.663026571273804 0.664331555366516 0.604479789733887 0.537951231002808 0.519044756889343 0.630712747573853 0.555160641670227 0.573991656303406 0.640763103961945 0.597650110721588
-3.4e+38 -3.4e+38 -3.4e+38 -3.4e+38 -3.4e+38 -3.4e+38 -3.4e+38 -3.4e+38 -3.4e+38 -3.4e+38 -3.4e+38 -3.4e+38 -3.4e+38 -3.4e+38 -3.4e+38 -3.4e+38 0.141481071710587 0.137294411659241 0.143208622932434 0.190519168972969 0.150813072919846 0.253698259592056 0.210945472121239 0.349594950675964 0.210676372051239 0.137750238180161 0.263432085514069 0.359258443117142 0.343267410993576 0.40417292714119 0.50311940908432 0.807507514953613 0.724759519100189 0.5223468542099 0.221765413880348 0.264524877071381 0.307702422142029 0.677156388759613 0.697233140468597 0.391286253929138 0.465589493513107 0.447253406047821 0.421961694955826 0.473971605300903 0.573817789554596 0.665130496025085
