data/climate_estimation/maxent_output/Schoenocaulon_comatum.asc
NCOLS 72 
NROWS 53 
XLLCORNER -103.333333333333 
YLLCORNER 18.1666666666667 
CELLSIZE 0.0833333333333333 
NODATA_value -3.4e+38 
[rows 0 to 19 of 53, columns 0 to 43 of 72]
0.753084897994995 0.660880088806152 0.594973802566528 0.552381277084351 0.646678686141968 0.65592634677887 0.652412176132202 0.724081039428711 0.743863642215729 0.735991179943085 0.737509071826935 0.721690833568573 0.650407373905182 0.65245532989502 0.643743455410004 0.662559807300568 0.67149692773819 0.691163420677185 0.676226794719696 0.724292695522308 0.71792733669281 0.688654124736786 0.68249386548996 0.691878318786621 0.728591740131378 0.720437824726105 0.703376770019531 0.771748542785645 0.756439864635468 0.759837567806244 0.775219857692719 0.677585244178772 0.569124519824982 0.512679755687714 0.368922203779221 0.273605197668076 0.340291351079941 0.353576958179474 0.359732180833817 0.328945070505142 0.327058970928192 0.32152396440506 0.294463664293289 0.318130522966385
0.700870454311371 0.589124917984009 0.548452734947205 0.548981785774231 0.61715966463089 0.548289179801941 0.633876800537109 0.702422201633453 0.73311173915863 0.742730915546417 0.694763362407684 0.684153378009796 0.652843296527863 0.642272472381592 0.671803951263428 0.651082456111908 0.65299916267395 0.700098037719727 0.669867515563965 0.712027013301849 0.71013218164444 0.702881634235382 0.703054547309875 0.716602206230164 0.716030776500702 0.717689454555511 0.669055819511414 0.794104397296906 0.795683085918427 0.774731040000916 0.794367551803589 0.711391687393188 0.590421974658966 0.548587083816528 0.525031387805939 0.355739146471024 0.401472270488739 0.345935165882111 0.34405380487442 0.33784282207489 0.355000585317612 0.327487498521805 0.30178102850914 0.367391169071198
0.665706634521484 0.512278616428375 0.519780695438385 0.622476816177368 0.536216616630554 0.495106756687164 0.632416963577271 0.662482440471649 0.770633101463318 0.719982802867889 0.706865549087524 0.680816829204559 0.627169191837311 0.609343647956848 0.616688132286072 0.595706105232239 0.646708428859711 0.679404616355896 0.671972513198853 0.690922737121582 0.698253571987152 0.722424447536469 0.722598493099213 0.730194628238678 0.699868977069855 0.68396931886673 0.857472002506256 0.796208202838898 0.786119520664215 0.772543430328369 0.762170374393463 0.703562080860138 0.609443604946136 0.607642471790314 0.604671239852905 0.409175962209702 0.384023696184158 0.379930555820465 0.301324069499969 0.319450587034225 0.336872577667236 0.34772115945816 0.322212785482407 0.371675670146942
0.606984078884125 0.462347805500031 0.542009353637695 0.588245093822479 0.495555907487869 0.510100603103638 0.599632382392883 0.701401591300964 0.78138279914856 0.721274852752686 0.662346005439758 0.643576979637146 0.602879166603088 0.562679529190063 0.618329405784607 0.564862728118896 0.600142955780029 0.649634122848511 0.662406146526337 0.683059811592102 0.676707148551941 0.719893932342529 0.72462260723114 0.727509498596191 0.71096009016037 0.833666324615479 0.83758533000946 0.81093841791153 0.776707947254181 0.761095404624939 0.808445513248444 0.746701598167419 0.594794869422913 0.595117151737213 0.539697170257568 0.462795734405518 0.360716044902802 0.303444713354111 0.321793526411057 0.322003990411758 0.333634853363037 0.351676911115646 0.352641493082047 0.378780901432037
0.625098526477814 0.412425428628922 0.561297178268433 0.592376232147217 0.487983822822571 0.529223263263702 0.587770640850067 0.670766830444336 0.744170188903809 0.698858439922333 0.636151850223541 0.618404626846313 0.574222266674042 0.556559979915619 0.61000794172287 0.565025269985199 0.620707035064697 0.643710136413574 0.656242430210114 0.670330107212067 0.679620146751404 0.696784138679504 0.706520736217499 0.692015528678894 0.827220380306244 0.864635646343231 0.858229339122772 0.798443794250488 0.771166205406189 0.762978076934814 0.823167562484741 0.794278860092163 0.668590128421783 0.556479871273041 0.464379817247391 0.43760272860527 0.392763078212738 0.332434266805649 0.335317134857178 0.345174908638 0.448936015367508 0.473482191562653 0.38225331902504 0.416721045970917
0.397840023040771 0.434983670711517 0.644665896892548 0.579651594161987 0.564820826053619 0.443006813526154 0.526563465595245 0.680115044116974 0.713301181793213 0.642971992492676 0.609551250934601 0.598521053791046 0.547827064990997 0.548578381538391 0.555623233318329 0.533860146999359 0.605350375175476 0.637347340583801 0.649710059165955 0.631567358970642 0.640442728996277 0.660179436206818 0.686502277851105 0.685541212558746 0.833597004413605 0.856069922447205 0.838921189308167 0.792195796966553 0.770639777183533 0.767588973045349 0.78783518075943 0.826298356056213 0.798270046710968 0.616675019264221 0.566054463386536 0.429068267345428 0.454688638448715 0.420396149158478 0.361255764961243 0.343374013900757 0.365295857191086 0.50570285320282 0.414880931377411 0.425052672624588
0.348801136016846 0.505717754364014 0.670315504074097 0.671271204948425 0.530616581439972 0.420337051153183 0.576649785041809 0.603935360908508 0.620675444602966 0.63814115524292 0.624219059944153 0.600821256637573 0.534859597682953 0.541073441505432 0.513803541660309 0.521670341491699 0.556073844432831 0.603508234024048 0.618353068828583 0.605890512466431 0.617823481559753 0.652597427368164 0.687385022640228 0.808887600898743 0.819818913936615 0.829460263252258 0.833097398281097 0.84619802236557 0.839108347892761 0.768829703330994 0.763691604137421 0.824602723121643 0.837952315807343 0.680894494056702 0.494542092084885 0.498102813959122 0.448509901762009 0.406325936317444 0.367171674966812 0.355653554201126 0.374395757913589 0.497398614883423 0.402066141366959 0.411130547523499
0.364655554294586 0.56330019235611 0.69541722536087 0.646647691726685 0.423193067312241 0.427920430898666 0.60591858625412 0.491414874792099 0.583320319652557 0.609431385993958 0.600156903266907 0.569594264030457 0.530100405216217 0.555664420127869 0.56231302022934 0.55034863948822 0.56762307882309 0.606074929237366 0.605069160461426 0.591910064220428 0.617371499538422 0.630864560604095 0.668796956539154 0.809424161911011 0.802456021308899 0.794910371303558 0.827688574790955 0.86763733625412 0.803979098796844 0.760001182556152 0.849590241909027 0.806504189968109 0.814509749412537 0.809068202972412 0.718461751937866 0.552641570568085 0.547031104564667 0.467236816883087 0.357696056365967 0.357218116521835 0.369536459445953 0.381771862506866 0.397743254899979 0.389732033014297
0.403705328702927 0.654300093650818 0.72299736738205 0.568687796592712 0.393398761749268 0.518760859966278 0.509373128414154 0.459204316139221 0.538550019264221 0.574104845523834 0.582751095294952 0.564570546150208 0.536203801631927 0.553753316402435 0.567752599716187 0.567299425601959 0.572215676307678 0.601235330104828 0.583749711513519 0.562496900558472 0.593540787696838 0.599246919155121 0.782425582408905 0.78630268573761 0.806917250156403 0.798411846160889 0.782252728939056 0.81824666261673 0.759787440299988 0.837907254695892 0.860688507556915 0.852136671543121 0.85945338010788 0.839604735374451 0.837418556213379 0.800216019153595 0.75023078918457 0.620938658714294 0.403828263282776 0.338025450706482 0.344393730163574 0.346629351377487 0.374057859182358 0.374004542827606
0.410782545804977 0.664333403110504 0.699305534362793 0.51125431060791 0.395258009433746 0.459747582674026 0.442400127649307 0.536743521690369 0.59853196144104 0.570850610733032 0.584623694419861 0.558873772621155 0.562419950962067 0.540653049945831 0.553995311260223 0.554367363452911 0.565167129039764 0.567015945911407 0.568858742713928 0.78352952003479 0.784373164176941 0.593481123447418 0.61778712272644 0.629940271377563 0.670660316944122 0.859557867050171 0.789229094982147 0.748625516891479 0.724355697631836 0.79589581489563 0.855960786342621 0.843012154102325 0.823086380958557 0.785560309886932 0.83379739522934 0.786084175109863 0.708651840686798 0.598580002784729 0.427732110023499 0.341770976781845 0.32035505771637 0.311946034431458 0.332320958375931 0.334374576807022
0.433409571647644 0.662878215312958 0.6344975233078 0.442349284887314 0.379958212375641 0.40452367067337 0.549988448619843 0.651512622833252 0.576891839504242 0.562036633491516 0.550261378288269 0.580839216709137 0.594829320907593 0.559091031551361 0.544837951660156 0.553484976291656 0.542469203472137 0.550263047218323 0.779572188854218 0.79955792427063 0.790618717670441 0.601223945617676 0.624337911605835 0.649726212024689 0.664213061332703 0.881783545017242 0.789423763751984 0.717427790164948 0.726494193077087 0.854107320308685 0.855287194252014 0.842902839183807 0.826510846614838 0.824914991855621 0.761159181594849 0.748597145080566 0.727530300617218 0.485740840435028 0.435787707567215 0.51131409406662 0.384756594896317 0.295346021652222 0.272690206766129 0.288518399000168
0.483286589384079 0.689535737037659 0.520978987216949 0.399450391530991 0.40964686870575 0.540559768676758 0.646411776542664 0.624072670936584 0.569984078407288 0.549915075302124 0.549803733825684 0.571625351905823 0.590069591999054 0.565637946128845 0.541870474815369 0.546776294708252 0.543090641498566 0.571227788925171 0.774937391281128 0.804938971996307 0.803853988647461 0.628789722919464 0.646424293518066 0.655797719955444 0.685629367828369 0.77402925491333 0.751001954078674 0.728432893753052 0.757122576236725 0.808562695980072 0.852644741535187 0.852378845214844 0.839200973510742 0.831329882144928 0.799501836299896 0.775717973709106 0.664686441421509 0.582975447177887 0.513178467750549 0.427784711122513 0.426616191864014 0.30254077911377 0.261271238327026 0.299965500831604
0.609615623950958 0.694376885890961 0.425538927316666 0.40479376912117 0.51444935798645 0.612002015113831 0.614936947822571 0.582878649234772 0.535909950733185 0.518675327301025 0.510043859481812 0.525642037391663 0.531159341335297 0.522862493991852 0.52647852897644 0.534879565238953 0.550860464572906 0.526270270347595 0.527624785900116 0.567704617977142 0.604858160018921 0.611040830612183 0.623721122741699 0.657085835933685 0.768778324127197 0.721492052078247 0.729906678199768 0.748487412929535 0.881927311420441 0.888574421405792 0.861791551113129 0.867959201335907 0.869329512119293 0.85253769159317 0.838351190090179 0.787960290908813 0.692001283168793 0.632626116275787 0.507460296154022 0.574386835098267 0.430709421634674 0.392407119274139 0.337134748697281 0.263173073530197
0.711317837238312 0.65946090221405 0.423934906721115 0.434900224208832 0.572099626064301 0.64033031463623 0.61444091796875 0.569261431694031 0.494778454303741 0.45834544301033 0.459734737873077 0.462961494922638 0.451301872730255 0.468534290790558 0.518797278404236 0.53750091791153 0.526874303817749 0.524654567241669 0.523344159126282 0.594847023487091 0.622271060943604 0.603477895259857 0.626609802246094 0.682199239730835 0.661120355129242 0.701715350151062 0.737006902694702 0.885493814945221 0.799218058586121 0.796188473701477 0.80260705947876 0.871814608573914 0.880883574485779 0.866307139396667 0.859913349151611 0.827943623065948 0.797506928443909 0.667964458465576 0.655623018741608 0.54786616563797 0.476931512355804 0.528718054294586 0.347332745790482 0.30481031537056
0.697487950325012 0.551885426044464 0.398439943790436 0.533898770809174 0.643078029155731 0.574951171875 0.572668194770813 0.554644465446472 0.489021182060242 0.442550122737885 0.433617532253265 0.433175444602966 0.422174423933029 0.441315978765488 0.514798223972321 0.517244398593903 0.53431510925293 0.527708172798157 0.528591275215149 0.58977872133255 0.649900317192078 0.614897072315216 0.608203411102295 0.637771606445312 0.762391746044159 0.736826419830322 0.749943792819977 0.771124303340912 0.782851457595825 0.788620948791504 0.789613366127014 0.800164937973022 0.871063947677612 0.884116590023041 0.872331738471985 0.857351422309875 0.798981487751007 0.798308908939362 0.784414649009705 0.679198801517487 0.52900105714798 0.659036576747894 0.625443875789642 0.604725956916809
0.554967164993286 0.42212650179863 0.421728163957596 0.617339015007019 0.584050416946411 0.56500655412674 0.5766881108284 0.553602814674377 0.512389779090881 0.453273296356201 0.43613138794899 0.424543261528015 0.430863171815872 0.462219744920731 0.497289896011353 0.510259747505188 0.521558880805969 0.530576288700104 0.538589239120483 0.547654628753662 0.603674232959747 0.64452075958252 0.6240354180336 0.615839958190918 0.760664105415344 0.770635962486267 0.763584494590759 0.765406548976898 0.789750933647156 0.790360271930695 0.795138955116272 0.859029293060303 0.868169605731964 0.873099863529205 0.873828887939453 0.871616244316101 0.852988004684448 0.853912949562073 0.839269995689392 0.722036242485046 0.56756854057312 0.733413696289062 0.697250664234161 0.6497443318367
0.528695464134216 0.422373056411743 0.497003763914108 0.630699396133423 0.586071193218231 0.560133397579193 0.587882578372955 0.573430120944977 0.535777032375336 0.503583192825317 0.472563594579697 0.469469577074051 0.448891133069992 0.473156362771988 0.497832983732224 0.508789718151093 0.52872097492218 0.523860991001129 0.55332750082016 0.541071593761444 0.551507115364075 0.627418279647827 0.603815674781799 0.61556601524353 0.647519707679749 0.667461395263672 0.775372505187988 0.772211968898773 0.776487290859222 0.784158766269684 0.786042273044586 0.78716367483139 0.862820446491241 0.889805674552917 0.899452567100525 0.8902428150177 0.870575308799744 0.847440123558044 0.847752451896667 0.821440696716309 0.767374753952026 0.780389964580536 0.723168015480042 0.76482093334198
0.539656400680542 0.454318970441818 0.505008459091187 0.613030016422272 0.578371345996857 0.56219482421875 0.573446691036224 0.582233786582947 0.56294572353363 0.52663391828537 0.504936575889587 0.486162066459656 0.492290794849396 0.500438988208771 0.525592684745789 0.543807864189148 0.531891882419586 0.520744264125824 0.539393842220306 0.516842544078827 0.664705276489258 0.568144679069519 0.60827225446701 0.756943106651306 0.665306448936462 0.676509857177734 0.635241210460663 0.770003199577332 0.767240285873413 0.761472642421722 0.756654500961304 0.787267506122589 0.862644672393799 0.875820338726044 0.884671747684479 0.884823679924011 0.884944319725037 0.864023149013519 0.84141206741333 0.818616926670074 0.798206210136414 0.78842955827713 0.762572586536407 0.789997935295105
0.449418514966965 0.494766026735306 0.546549677848816 0.559555172920227 0.54960161447525 0.552608609199524 0.550013840198517 0.542664051055908 0.527738690376282 0.529601335525513 0.512854874134064 0.508517920970917 0.515134513378143 0.572161436080933 0.557851314544678 0.555938959121704 0.543265163898468 0.524415254592896 0.509442269802094 0.5028937458992 0.6602743268013 0.681545257568359 0.711916148662567 0.752608180046082 0.63478696346283 0.663361668586731 0.660956978797913 0.631809175014496 0.737604856491089 0.749428689479828 0.734033346176147 0.790397226810455 0.868340492248535 0.801364362239838 0.813707947731018 0.823870718479156 0.881334960460663 0.881322026252747 0.865269780158997 0.872474312782288 0.815783858299255 0.764172196388245 0.695593953132629 0.683289706707001
0.551582276821136 0.549039363861084 0.54962956905365 0.535008013248444 0.548336029052734 0.52995753288269 0.552388548851013 0.527328729629517 0.516217231750488 0.519691646099091 0.53424471616745 0.555607974529266 0.57993072271347 0.584831595420837 0.573287546634674 0.561376214027405 0.538552165031433 0.496112138032913 0.493307143449783 0.637938976287842 0.644496560096741 0.670605897903442 0.705309450626373 0.721745312213898 0.742669939994812 0.619997560977936 0.620807945728302 0.597526133060455 0.72156298160553 0.711373031139374 0.702175140380859 0.759288370609283 0.782853782176971 0.822195887565613 0.829221606254578 0.839597940444946 0.908959567546844 0.910627424716949 0.901295840740204 0.885400354862213 0.847389876842499 0.796079695224762 0.781515538692474 0.757347345352173
