data/climate_estimation/maxent_output/Schoenocaulon_tenuifolium.asc
NCOLS 106 
NROWS 48 
XLLCORNER -101.5 
YLLCORNER 16.0833333333333 
CELLSIZE 0.0833333333333333 
NODATA_value -3.4e+38 
[rows 0 to 19 of 48, columns 0 to 44 of 106]
0.871041595935822 0.924852252006531 0.886088013648987 0.73492294549942 0.604431688785553 0.642723202705383 0.832883656024933 0.827713966369629 0.695474565029144 0.711853921413422 0.758270263671875 0.795039534568787 0.858511388301849 0.999814510345459 0.999741613864899 0.999636769294739 0.999695479869843 0.999792218208313 0.999634206295013 0.999775767326355 0.998505175113678 0.996858894824982 0.995053291320801 0.928727626800537 0.895047724246979 0.887750387191772 0.852737843990326 0.94205117225647 0.900605618953705 0.82945042848587 0.728735446929932 0.673581480979919 0.660709321498871 0.586077272891998 0.615214288234711 0.647626101970673 0.690215885639191 0.646837532520294 0.763419449329376 0.827067375183105 0.930024683475494 0.88664311170578 0.89561527967453 0.694038033485413 0.590951085090637
0.958248376846313 0.953469395637512 0.671282887458801 0.674165308475494 0.664117634296417 0.932508707046509 0.690675675868988 0.718140661716461 0.776182353496552 0.939728558063507 0.992938995361328 0.901436924934387 0.879781126976013 0.989483118057251 0.976876556873322 0.999705791473389 0.999937772750854 0.999531388282776 0.999942719936371 0.999761462211609 0.999804198741913 0.999230742454529 0.998043417930603 0.9586021900177 0.936881065368652 0.949857532978058 0.961811244487762 0.960499703884125 0.94913649559021 0.890577852725983 0.850530505180359 0.837913930416107 0.837662279605865 0.648203372955322 0.646366775035858 0.676730573177338 0.705646276473999 0.704513788223267 0.727902472019196 0.765600621700287 0.805322647094727 0.801494479179382 0.900067031383514 0.805274486541748 0.588379859924316
0.887892007827759 0.857951462268829 0.877799928188324 0.790085017681122 0.969668686389923 0.561956465244293 0.703307330608368 0.75545471906662 0.863165676593781 0.998723864555359 0.999763429164886 0.999067306518555 0.90352338552475 0.89746356010437 0.981029033660889 0.994360029697418 0.999792397022247 0.999917328357697 0.99988204240799 0.999438881874084 0.999392747879028 0.999127864837646 0.996625483036041 0.995416700839996 0.97169417142868 0.975265979766846 0.973178505897522 0.977647483348846 0.935725092887878 0.887548863887787 0.837879121303558 0.835763514041901 0.735625505447388 0.607453584671021 0.711121916770935 0.817991256713867 0.79351931810379 0.787308573722839 0.773068606853485 0.738326013088226 0.78890323638916 0.84981644153595 0.881912648677826 0.777003884315491 0.757633805274963
0.945982038974762 0.931476891040802 0.937683403491974 0.816199600696564 0.886062681674957 0.96982216835022 0.819093465805054 0.887923538684845 0.990925252437592 0.99985808134079 0.999929904937744 0.999764025211334 0.976261973381042 0.967089831829071 0.999851942062378 0.999900043010712 0.999913692474365 0.999939560890198 0.999160706996918 0.997891843318939 0.998100459575653 0.999509394168854 0.998858451843262 0.996868371963501 0.981537342071533 0.976759135723114 0.983498275279999 0.968831241130829 0.958080053329468 0.861646950244904 0.835282623767853 0.775514364242554 0.714207649230957 0.634603023529053 0.665254294872284 0.768431842327118 0.850890636444092 0.852738559246063 0.822754979133606 0.837266862392426 0.816932201385498 0.891623139381409 0.812886357307434 0.795161664485931 0.753510653972626
0.99114990234375 0.921748578548431 0.917712569236755 0.940901100635529 0.957492589950562 0.841063857078552 0.988122045993805 0.999669432640076 0.999855399131775 0.999050974845886 0.989038050174713 0.988973438739777 0.986033976078033 0.999025702476501 0.999880909919739 0.999893009662628 0.999918758869171 0.999929189682007 0.999097764492035 0.993788599967957 0.994884252548218 0.999128699302673 0.999782562255859 0.999666392803192 0.998694777488708 0.993032932281494 0.98620593547821 0.982601165771484 0.972301661968231 0.903698027133942 0.881167113780975 0.789578437805176 0.709810018539429 0.623656570911407 0.816394865512848 0.746121048927307 0.82063889503479 0.879529654979706 0.930405795574188 0.901609778404236 0.845005571842194 0.835223376750946 0.785170614719391 0.68198174238205 0.660285413265228
0.982464611530304 0.994249165058136 0.872954607009888 0.948958158493042 0.963583290576935 0.862729609012604 0.804306328296661 0.864833772182465 0.991317987442017 0.999484002590179 0.999415755271912 0.998041093349457 0.97232860326767 0.998865902423859 0.999869346618652 0.992007732391357 0.999907553195953 0.999870121479034 0.997155725955963 0.975822567939758 0.97774076461792 0.997026562690735 0.999794602394104 0.997585117816925 0.999779403209686 0.998334407806396 0.99252051115036 0.996717572212219 0.990632057189941 0.971787810325623 0.922684490680695 0.892145574092865 0.822935044765472 0.844073832035065 0.899359107017517 0.810576915740967 0.874466478824615 0.878044664859772 0.883733451366425 0.930783450603485 0.905867993831635 0.86121940612793 0.734383702278137 0.68651008605957 0.611151397228241
0.951170682907104 0.933504164218903 0.94633287191391 0.984775960445404 0.965075850486755 0.630580306053162 0.433216869831085 0.432194471359253 0.936390399932861 0.999630987644196 0.999621152877808 0.989720940589905 0.956595420837402 0.992478013038635 0.999885022640228 0.991598010063171 0.999901294708252 0.999634683132172 0.987276613712311 0.977518916130066 0.984104871749878 0.997558236122131 0.999553203582764 0.996890604496002 0.998371601104736 0.999762952327728 0.997840225696564 0.996356725692749 0.992599189281464 0.960500001907349 0.95340096950531 0.923673629760742 0.866163611412048 0.90658175945282 0.94477367401123 0.961462497711182 0.979799866676331 0.978459239006042 0.971144914627075 0.978431940078735 0.961540997028351 0.859581232070923 0.756092667579651 0.838448345661163 0.750345408916473
0.999738872051239 0.999600768089294 0.98861026763916 0.860194683074951 0.658527731895447 0.888833582401276 0.439310967922211 0.32513040304184 0.848845779895782 0.998501896858215 0.979491591453552 0.892444670200348 0.877628684043884 0.920847117900848 0.996817469596863 0.99956864118576 0.999826908111572 0.999445557594299 0.992234110832214 0.968866109848022 0.967298269271851 0.984281897544861 0.994694292545319 0.999744057655334 0.999757945537567 0.99992710351944 0.997398555278778 0.996815502643585 0.990546822547913 0.967410862445831 0.958447396755219 0.930529832839966 0.957143604755402 0.989281594753265 0.986040472984314 0.989033102989197 0.997114539146423 0.99772185087204 0.998077809810638 0.991522669792175 0.957000255584717 0.917220830917358 0.757554650306702 0.74295175075531 0.780326902866364
0.999717831611633 0.999747216701508 0.996379911899567 0.7283935546875 0.478615701198578 0.794011652469635 0.375026255846024 0.180590808391571 0.523526251316071 0.800316512584686 0.686004519462585 0.373267561197281 0.561230778694153 0.942813098430634 0.999846220016479 0.999247252941132 0.999164044857025 0.997704267501831 0.975222885608673 0.970731317996979 0.959695637226105 0.975449204444885 0.994126915931702 0.998151063919067 0.999891221523285 0.99992173910141 0.999121367931366 0.996074557304382 0.995575606822968 0.975859522819519 0.981966078281403 0.947432339191437 0.980743288993835 0.988801717758179 0.990928113460541 0.977770864963531 0.959490954875946 0.993820905685425 0.998302400112152 0.997149765491486 0.979483962059021 0.94973886013031 0.80387145280838 0.732606887817383 0.747307956218719
0.968781232833862 0.961858749389648 0.908377766609192 0.631417870521545 0.202690914273262 0.368724018335342 0.397257506847382 0.121797427535057 0.246305525302887 0.281997263431549 0.173367440700531 0.292010396718979 0.184296488761902 0.903092741966248 0.981096148490906 0.97569328546524 0.998697221279144 0.998989462852478 0.989684522151947 0.980970561504364 0.989540874958038 0.98972487449646 0.996823310852051 0.998726665973663 0.99958598613739 0.999900817871094 0.999876439571381 0.997373163700104 0.996714532375336 0.992458403110504 0.98820298910141 0.992813766002655 0.996976256370544 0.994349002838135 0.994948625564575 0.994169771671295 0.989154636859894 0.984230160713196 0.994049370288849 0.993053078651428 0.992258846759796 0.970709979534149 0.87507152557373 0.762801110744476 0.794927299022675
0.393393099308014 0.383864551782608 0.313837796449661 0.290404587984085 0.165539920330048 0.209641024470329 0.245806932449341 0.179352924227715 0.132844537496567 0.15036378800869 0.0736102759838104 0.0957526937127113 0.242590457201004 0.255062311887741 0.267703384160995 0.700219452381134 0.896736681461334 0.998949527740479 0.987394690513611 0.972313344478607 0.983148992061615 0.988556802272797 0.997988283634186 0.998454749584198 0.999218225479126 0.999915182590485 0.99982625246048 0.99981427192688 0.99916273355484 0.99884295463562 0.999016106128693 0.99928343296051 0.999843418598175 0.998225927352905 0.986619412899017 0.998538315296173 0.998300433158875 0.99676239490509 0.994934380054474 0.99396425485611 0.994165778160095 0.980943143367767 0.956111133098602 0.849882185459137 0.837870836257935
0.0829202085733414 0.0744458884000778 0.0676145106554031 0.0676967278122902 0.0562283955514431 0.152347028255463 0.173959627747536 0.110721178352833 0.117648184299469 0.164049953222275 0.0262809246778488 0.107391379773617 0.185094326734543 0.210995212197304 0.24082624912262 0.977499067783356 0.988701462745667 0.992055892944336 0.997031152248383 0.985039532184601 0.993452787399292 0.99291718006134 0.998966932296753 0.998769521713257 0.999763667583466 0.999908983707428 0.999834656715393 0.999757349491119 0.999774158000946 0.999804675579071 0.999878704547882 0.999833583831787 0.999931275844574 0.99962592124939 0.993845164775848 0.999220490455627 0.999610066413879 0.99898898601532 0.998257339000702 0.99507087469101 0.995732843875885 0.985320568084717 0.961684823036194 0.930095970630646 0.888431370258331
0.030893491581082 0.0215151663869619 0.0203791130334139 0.0163474138826132 0.0151361711323261 0.0403951890766621 0.093542069196701 0.0673880279064178 0.0774261727929115 0.0695769265294075 0.0246742349117994 0.103783443570137 0.0478790774941444 0.210158094763756 0.300457358360291 0.516658306121826 0.872787714004517 0.881651163101196 0.992116570472717 0.996898412704468 0.99499124288559 0.998708784580231 0.999807178974152 0.999790072441101 0.9996657371521 0.999847412109375 0.99969345331192 0.999626576900482 0.999753415584564 0.999805927276611 0.999899804592133 0.9999138712883 0.999874711036682 0.999835252761841 0.989259421825409 0.999855935573578 0.999586224555969 0.99174553155899 0.998439311981201 0.994857966899872 0.997544825077057 0.991445124149323 0.985865771770477 0.935311317443848 0.896554708480835
0.0275595244020224 0.0197858307510614 0.0162250213325024 0.00649916939437389 0.0151095176115632 0.0442543067038059 0.0412755310535431 0.0347156524658203 0.00958018470555544 0.00952393468469381 0.0287818163633347 0.0315842442214489 0.0836792886257172 0.337820321321487 0.266515582799911 0.57601797580719 0.667824149131775 0.895764052867889 0.995983242988586 0.997972071170807 0.999698102474213 0.999720454216003 0.998051941394806 0.998213708400726 0.99555891752243 0.999476969242096 0.983341574668884 0.785078287124634 0.607190072536469 0.62575489282608 0.686495363712311 0.845539331436157 0.997863471508026 0.999897658824921 0.999878883361816 0.99986332654953 0.974613010883331 0.96721887588501 0.997893452644348 0.994759857654572 0.994141638278961 0.989493310451508 0.974317252635956 0.909889042377472 0.857171297073364
0.0330968722701073 0.00810917094349861 0.00617644796147943 0.00586435245350003 0.00551168201491237 0.0164745785295963 0.0149913197383285 0.0144950272515416 0.00926504656672478 0.00796797685325146 0.0120712192729115 0.0632817968726158 0.0904142633080482 0.236076712608337 0.314841777086258 0.376128315925598 0.502474427223206 0.650950014591217 0.982737302780151 0.994919538497925 0.993861973285675 0.994395434856415 0.958891451358795 0.990816831588745 0.845562219619751 0.848087191581726 0.579823791980743 0.422392934560776 0.441269367933273 0.176610827445984 0.0964848473668098 0.560973167419434 0.921490252017975 0.997353076934814 0.999411344528198 0.972545087337494 0.935424745082855 0.962249517440796 0.997811853885651 0.996033251285553 0.986641645431519 0.958402514457703 0.939714848995209 0.861459255218506 0.850660264492035
0.0490241423249245 0.026184031739831 0.00912969931960106 0.00607554614543915 0.00460553355515003 0.00452082650735974 0.0122539615258574 0.0202570669353008 0.0424988344311714 0.00318593205884099 0.0141043439507484 0.0192890595644712 0.0165027882903814 0.038759283721447 0.0211712084710598 0.0840985029935837 0.243614733219147 0.664234757423401 0.951105177402496 0.994188845157623 0.963872492313385 0.88767796754837 0.851380586624146 0.865797519683838 0.50624668598175 0.280270397663116 0.299691051244736 0.0817810744047165 0.160612463951111 0.0933511108160019 0.108785182237625 0.220659643411636 0.635679602622986 0.876759946346283 0.952736973762512 0.837415754795074 0.840945899486542 0.899813294410706 0.965606868267059 0.941044628620148 0.949714839458466 0.979037523269653 0.94369250535965 0.879109263420105 0.911072731018066
0.0352724306285381 0.0387307852506638 0.0302982404828072 0.00626667402684689 0.00421058805659413 0.00563546689227223 0.0044357874430716 0.0126083074137568 0.00875650718808174 0.00789325684309006 0.00319819571450353 0.00942912138998508 0.0162749327719212 0.0167665407061577 0.0183754917234182 0.0495651997625828 0.47191047668457 0.821739971637726 0.672782242298126 0.804772436618805 0.957874178886414 0.877296447753906 0.738214552402496 0.544688999652863 0.365292847156525 0.0433672219514847 0.0182168520987034 0.0419965796172619 0.0404882356524467 0.129678547382355 0.182547137141228 0.251080363988876 0.275034070014954 0.571562469005585 0.49886891245842 0.238159134984016 0.256401777267456 0.26883864402771 0.295571088790894 0.223693057894707 0.572152733802795 0.439883053302765 0.784559190273285 0.731771469116211 0.766518652439117
0.0381932444870472 0.0240896604955196 0.00749092269688845 0.00635059550404549 0.00448891567066312 0.0049915723502636 0.0103139793500304 0.00844210386276245 0.00782129354774952 0.00917837023735046 0.00246049021370709 0.0145793166011572 0.0257014334201813 0.0225224141031504 0.00878546014428139 0.0551128573715687 0.130004435777664 0.437542378902435 0.0536133274435997 0.435032963752747 0.988858044147491 0.977068245410919 0.92338353395462 0.49085533618927 0.311696022748947 0.0371479950845242 0.0148027716204524 0.0138439843431115 0.0439093336462975 0.0602436363697052 0.0770606175065041 0.199130892753601 0.197483465075493 0.201974898576736 0.268909484148026 0.225647538900375 0.184978261590004 0.0849655419588089 0.0938808098435402 0.165383771061897 0.492627829313278 0.333794921636581 0.438523769378662 0.816878795623779 0.699154198169708
0.0225556362420321 0.0143975242972374 0.0112100942060351 0.0119884768500924 0.00457132933661342 0.00371502712368965 0.00871456973254681 0.0032833085861057 0.00300263334065676 0.00956526771187782 0.00240699993446469 0.00265364302322268 0.00531991943717003 0.00833092443645 0.00566596211865544 0.0080051738768816 0.00634409300982952 0.00769510958343744 0.0274926908314228 0.212588310241699 0.846510529518127 0.963494002819061 0.693255066871643 0.825093984603882 0.477627366781235 0.22917152941227 0.0299362502992153 0.0277585126459599 0.0482693202793598 0.06001091375947 0.0928659364581108 0.0854941457509995 0.146040663123131 0.0662154704332352 0.0762493386864662 0.0761498212814331 0.147394567728043 0.0783040374517441 0.144691050052643 0.291944026947021 0.179629608988762 0.354663074016571 0.55827534198761 0.66880464553833 0.731304943561554
0.0164250396192074 0.0138532016426325 0.0192754697054625 0.0169526971876621 0.0115958880633116 0.0110061140730977 0.00361923710443079 0.00326717738062143 0.00341589911840856 0.00747112929821014 0.00262174569070339 0.00258884346112609 0.0050263237208128 0.00654803914949298 0.00376498466357589 0.00414805160835385 0.00918912328779697 0.0112455300986767 0.0975013002753258 0.220419466495514 0.487511187791824 0.741948425769806 0.291435837745667 0.510504961013794 0.32526758313179 0.309706419706345 0.285238981246948 0.0548868887126446 0.0464680530130863 0.0674567073583603 0.0868128836154938 0.0499259494245052 0.0584525875747204 0.0543431155383587 0.0796594694256783 0.22660705447197 0.193231508135796 0.182840794324875 0.347137272357941 0.28700914978981 0.309930384159088 0.521850347518921 0.588176608085632 0.729320704936981 0.78111070394516
