data/climate_estimation/maxent_output/Schoenocaulon_tenue.asc
NCOLS 39 
NROWS 40 
XLLCORNER -100.75 
YLLCORNER 17.5833333333333 
CELLSIZE 0.0833333333333333 
NODATA_value -3.4e+38 
[rows 0 to 21 of 40, columns 0 to 38 of 39]
0.441560000181198 0.424042046070099 0.467382431030273 0.467625200748444 0.499725162982941 0.550054311752319 0.612563014030457 0.524591743946075 0.3943892121315 0.320666909217834 0.301175683736801 0.348826944828033 0.35277795791626 0.60243022441864 0.474169433116913 0.217099621891975 0.25097069144249 0.316233813762665 0.442757487297058 0.193833127617836 0.168561428785324 0.31839507818222 0.258778631687164 0.138012424111366 0.166442051529884 0.143817573785782 0.0654976740479469 0.0311369728296995 0.0255607459694147 0.0249782335013151 0.0247124619781971 0.0235424675047398 0.022866927087307 0.0229369029402733 0.0234830062836409 0.0239442735910416 0.0239365510642529 0.0250619128346443 0.0273642484098673
0.494092166423798 0.457810074090958 0.529682517051697 0.429740458726883 0.463754862546921 0.459273219108582 0.439335584640503 0.431342631578445 0.428714752197266 0.440070420503616 0.395583271980286 0.479293286800385 0.4843530356884 0.659863531589508 0.443476289510727 0.261126726865768 0.446940064430237 0.316336989402771 0.377119123935699 0.292549312114716 0.223820745944977 0.235290333628654 0.277071744203568 0.241390109062195 0.253562211990356 0.189549252390862 0.113822124898434 0.0719025880098343 0.0419045686721802 0.0401608049869537 0.0291955135762691 0.0286665577441454 0.0260075628757477 0.0252932049334049 0.0245850794017315 0.0233734045177698 0.0223804730921984 0.0226966459304094 0.0262389220297337
0.420012027025223 0.457201153039932 0.455527901649475 0.400781035423279 0.452413409948349 0.392583131790161 0.406383514404297 0.510549247264862 0.45507150888443 0.449669122695923 0.446800708770752 0.445255190134048 0.454801023006439 0.36932972073555 0.345303595066071 0.370948016643524 0.290684819221497 0.460374861955643 0.531897902488708 0.540505588054657 0.407093286514282 0.296143054962158 0.325671374797821 0.420444786548615 0.384862661361694 0.270864099264145 0.219496861100197 0.131126195192337 0.105632558465004 0.0576406605541706 0.0431632772088051 0.0315474085509777 0.0295266471803188 0.0279715303331614 0.0249224752187729 0.0230089128017426 0.0204986035823822 0.0195547509938478 0.0270889587700367
0.410427212715149 0.416908830404282 0.366943508386612 0.352021872997284 0.394449174404144 0.403352946043015 0.3774753510952 0.387970328330994 0.47586515545845 0.429518043994904 0.434282600879669 0.435331791639328 0.359679132699966 0.260634541511536 0.269272893667221 0.275074928998947 0.301607042551041 0.557292580604553 0.569775700569153 0.467603534460068 0.456495344638824 0.358933538198471 0.365073055028915 0.398651719093323 0.438229739665985 0.398794203996658 0.302533835172653 0.232354298233986 0.131730392575264 0.0797398909926414 0.0576230548322201 0.0476395897567272 0.0433493256568909 0.0302734076976776 0.0252100508660078 0.0227232538163662 0.0187861863523722 0.0199821908026934 0.0239959545433521
0.349861770868301 0.364210993051529 0.374136447906494 0.372114360332489 0.459033370018005 0.489870429039001 0.413732886314392 0.400774538516998 0.400743275880814 0.451109051704407 0.407290518283844 0.424978971481323 0.276821345090866 0.286939948797226 0.391727298498154 0.391295254230499 0.282428920269012 0.289065957069397 0.28301939368248 0.420521914958954 0.470232725143433 0.475507527589798 0.449188709259033 0.426117807626724 0.428668260574341 0.39966881275177 0.484093904495239 0.326139748096466 0.22918775677681 0.132031008601189 0.0800274536013603 0.0616586580872536 0.0456397235393524 0.0368710644543171 0.0289495103061199 0.0245506837964058 0.0196109637618065 0.0192239694297314 0.0203949864953756
0.348347812891006 0.354166507720947 0.359430283308029 0.550360381603241 0.519076526165009 0.627131760120392 0.538147389888763 0.440870106220245 0.465724438428879 0.432073503732681 0.529585063457489 0.496235370635986 0.399879395961761 0.408629268407822 0.587361395359039 0.443359851837158 0.345679432153702 0.30866938829422 0.290724575519562 0.354088932275772 0.572349429130554 0.572201192378998 0.597382187843323 0.541901826858521 0.491235166788101 0.384433031082153 0.49992498755455 0.543072104454041 0.376162081956863 0.166880488395691 0.127494513988495 0.0906800329685211 0.0539663657546043 0.0427091158926487 0.0373815894126892 0.0283994637429714 0.0219496879726648 0.0194824207574129 0.0196537636220455
0.468853175640106 0.487481296062469 0.439704537391663 0.505722999572754 0.702104926109314 0.776275396347046 0.801964819431305 0.565558433532715 0.551830530166626 0.510521173477173 0.593881368637085 0.575829982757568 0.474101334810257 0.51175194978714 0.706502258777618 0.586719930171967 0.398360997438431 0.455829679965973 0.432596534490585 0.507540583610535 0.494818091392517 0.5751633644104 0.620375275611877 0.558407485485077 0.5526242852211 0.471827238798141 0.613925576210022 0.706000745296478 0.496046304702759 0.295031189918518 0.168706297874451 0.122564367949963 0.0839782804250717 0.0505485087633133 0.0393176637589931 0.0316977947950363 0.0237740445882082 0.0199002455919981 0.0186609141528606
0.428562819957733 0.477840393781662 0.492880523204803 0.72423243522644 0.80517989397049 0.86429500579834 0.824626445770264 0.687473893165588 0.688693463802338 0.626193165779114 0.62510472536087 0.575313985347748 0.490906953811646 0.729337155818939 0.726508140563965 0.630064487457275 0.587558150291443 0.538181722164154 0.461298733949661 0.566202282905579 0.515981256961823 0.538129806518555 0.67168802022934 0.59306526184082 0.586677670478821 0.609987616539001 0.556986331939697 0.594501912593842 0.650848031044006 0.598120987415314 0.271270155906677 0.126552194356918 0.0953185260295868 0.0753249153494835 0.0441538840532303 0.0317722521722317 0.0251767560839653 0.0198649000376463 0.0178853217512369
0.515737235546112 0.681885957717896 0.527824759483337 0.566016554832458 0.7530437707901 0.812112390995026 0.865224242210388 0.858567655086517 0.779991745948792 0.595460474491119 0.623779833316803 0.618550777435303 0.669831693172455 0.679524123668671 0.646921455860138 0.636245131492615 0.563931465148926 0.493092149496078 0.469965010881424 0.554684638977051 0.590203404426575 0.601269423961639 0.689341962337494 0.761565208435059 0.770071625709534 0.73217511177063 0.689468443393707 0.678219854831696 0.65384179353714 0.639773666858673 0.509587466716766 0.264523923397064 0.176865339279175 0.0942581668496132 0.0519020520150661 0.0341556295752525 0.0244498942047358 0.0181131213903427 0.0161325447261333
0.423142492771149 0.457482427358627 0.463438868522644 0.593287825584412 0.826787352561951 0.782619476318359 0.808457612991333 0.810763955116272 0.789096593856812 0.733098447322845 0.66901820898056 0.734654366970062 0.771888434886932 0.803191840648651 0.692775547504425 0.617289900779724 0.486612588167191 0.518829941749573 0.546610891819 0.589815974235535 0.648295521736145 0.654463469982147 0.712444663047791 0.735290288925171 0.757618010044098 0.787171244621277 0.77888298034668 0.702097058296204 0.657474100589752 0.684111833572388 0.620434463024139 0.485051780939102 0.341852366924286 0.156158700585365 0.0769215226173401 0.0379148572683334 0.0254827868193388 0.0169264879077673 0.013016851618886
0.425467491149902 0.445043534040451 0.452353566884995 0.51033616065979 0.791435420513153 0.789320886135101 0.758668661117554 0.762400984764099 0.811762750148773 0.95040625333786 0.888386249542236 0.840689778327942 0.813113808631897 0.817064702510834 0.667347967624664 0.630536496639252 0.603096127510071 0.608737289905548 0.660181403160095 0.710287630558014 0.728952825069427 0.720181882381439 0.750231385231018 0.723238945007324 0.727105915546417 0.774919450283051 0.796677529811859 0.749212801456451 0.675329446792603 0.700370132923126 0.731468975543976 0.685530185699463 0.614221036434174 0.327579855918884 0.149588942527771 0.0698930993676186 0.0298170652240515 0.0180899947881699 0.0128815192729235
0.573868274688721 0.676465034484863 0.520373284816742 0.499811202287674 0.646936774253845 0.593794941902161 0.768344819545746 0.893123269081116 0.764630675315857 0.875713109970093 0.8165003657341 0.87946879863739 0.834444344043732 0.820886731147766 0.700401306152344 0.668707191944122 0.665745377540588 0.686347901821136 0.709706008434296 0.708372056484222 0.702193677425385 0.721712052822113 0.710590958595276 0.740628898143768 0.739996135234833 0.772092700004578 0.799741923809052 0.830736637115479 0.811285436153412 0.778004765510559 0.812289178371429 0.794038414955139 0.753012239933014 0.54658430814743 0.350681513547897 0.140635669231415 0.0537303537130356 0.0555800162255764 0.0611055679619312
0.733156025409698 0.791118800640106 0.744255721569061 0.502188861370087 0.505228579044342 0.616863310337067 0.693297564983368 0.832834362983704 0.884159445762634 0.842262089252472 0.780643165111542 0.885588407516479 0.852465808391571 0.830290496349335 0.803299486637115 0.744585514068604 0.707712590694427 0.713039398193359 0.713550865650177 0.69442754983902 0.67392235994339 0.663532137870789 0.680411517620087 0.704535484313965 0.707938075065613 0.763665676116943 0.852052450180054 0.843610107898712 0.785979092121124 0.806456208229065 0.842019557952881 0.823559820652008 0.752332270145416 0.65790843963623 0.450653374195099 0.373612761497498 0.258684933185577 0.220569595694542 0.242747575044632
0.837454199790955 0.914404690265656 0.833918690681458 0.597754180431366 0.594444990158081 0.857133507728577 0.904877066612244 0.953361868858337 0.927199125289917 0.822464048862457 0.764466822147369 0.8133944272995 0.872090578079224 0.877847254276276 0.823433518409729 0.713361084461212 0.705437421798706 0.739283502101898 0.720950663089752 0.69573575258255 0.661131680011749 0.663491308689117 0.698712527751923 0.715699553489685 0.700193643569946 0.719083845615387 0.785581886768341 0.797573745250702 0.827219247817993 0.860060572624207 0.856131792068481 0.795980870723724 0.782526195049286 0.753195643424988 0.640531480312347 0.55912846326828 0.437465727329254 0.421815425157547 0.371955662965775
0.732497692108154 0.61120331287384 0.601746499538422 0.632196426391602 0.782410025596619 0.927697956562042 0.92866837978363 0.918176352977753 0.927385807037354 0.841491460800171 0.729455947875977 0.796342313289642 0.776313900947571 0.843282997608185 0.867837131023407 0.802362680435181 0.749378144741058 0.737333357334137 0.714566588401794 0.701105415821075 0.664699196815491 0.680096328258514 0.687912404537201 0.682106494903564 0.689482986927032 0.787492275238037 0.721232950687408 0.753115773200989 0.816930830478668 0.890008985996246 0.901150524616241 0.875415503978729 0.882089912891388 0.831398785114288 0.772140681743622 0.78366494178772 0.555217087268829 0.604680478572845 0.762847065925598
0.800630629062653 0.765495002269745 0.711087048053741 0.592156112194061 0.767646610736847 0.914826631546021 0.940552294254303 0.889727175235748 0.901480138301849 0.846423208713531 0.712735712528229 0.677856504917145 0.687494814395905 0.832666277885437 0.960416913032532 0.897373139858246 0.795814156532288 0.725274741649628 0.721013367176056 0.717891991138458 0.695939302444458 0.683523535728455 0.704867482185364 0.712819337844849 0.81498920917511 0.813972473144531 0.756761252880096 0.777832448482513 0.79534637928009 0.822021901607513 0.862760007381439 0.861684381961823 0.915912985801697 0.805095672607422 0.714330494403839 0.662469148635864 0.671097636222839 0.711545526981354 0.77959132194519
0.81447422504425 0.832150340080261 0.669271647930145 0.593349933624268 0.677172243595123 0.898188769817352 0.947351455688477 0.892255663871765 0.854646742343903 0.849324285984039 0.871670842170715 0.757364928722382 0.80176705121994 0.854801595211029 0.968580484390259 0.965387523174286 0.845809876918793 0.771758556365967 0.745489954948425 0.728099226951599 0.685398697853088 0.693441390991211 0.703298330307007 0.746194899082184 0.874626040458679 0.877259373664856 0.84684282541275 0.86044055223465 0.862351715564728 0.84949666261673 0.847846746444702 0.855166494846344 0.836411833763123 0.803598046302795 0.923340678215027 0.845092415809631 0.835524678230286 0.686502277851105 0.717831432819366
0.758038282394409 0.679684221744537 0.61108660697937 0.605794548988342 0.592357337474823 0.710614919662476 0.905712306499481 0.872120141983032 0.832919418811798 0.80552613735199 0.755932927131653 0.760614514350891 0.780629217624664 0.823561668395996 0.882016897201538 0.959206283092499 0.951172769069672 0.79380589723587 0.736330986022949 0.697567164897919 0.68345308303833 0.699248552322388 0.722573637962341 0.870448231697083 0.995794296264648 0.971807420253754 0.906229436397552 0.888323724269867 0.880817770957947 0.878984570503235 0.854964137077332 0.834382712841034 0.804312407970428 0.774636328220367 0.826710879802704 0.856856226921082 0.757987082004547 0.650773108005524 0.691031098365784
0.564914703369141 0.476839035749435 0.423726767301559 0.569854140281677 0.643358290195465 0.819514334201813 0.870302319526672 0.745371222496033 0.795247077941895 0.754052042961121 0.777787506580353 0.808182001113892 0.829223096370697 0.830087900161743 0.834116041660309 0.91855651140213 0.954630613327026 0.862655818462372 0.7429319024086 0.706744968891144 0.68317836523056 0.726580917835236 0.741943299770355 0.90615451335907 0.996772646903992 0.945791959762573 0.829549610614777 0.793977022171021 0.827579200267792 0.853104829788208 0.830680429935455 0.804084837436676 0.809379577636719 0.73483943939209 0.707557260990143 0.725612998008728 0.737822234630585 0.673179566860199 0.733635425567627
0.23025918006897 0.165828824043274 0.266219198703766 0.473305344581604 0.650625109672546 0.683182001113892 0.661517739295959 0.699097156524658 0.714167833328247 0.845037162303925 0.936011731624603 0.911054253578186 0.902209520339966 0.885768234729767 0.864741921424866 0.901831984519958 0.97736531496048 0.971376419067383 0.805267572402954 0.714548945426941 0.693064630031586 0.721194326877594 0.755255877971649 0.878451824188232 0.987602174282074 0.975037634372711 0.850535869598389 0.779895663261414 0.7506502866745 0.768088459968567 0.78233128786087 0.846916198730469 0.934553503990173 0.82148540019989 0.684294700622559 0.699733734130859 0.68711119890213 0.681582510471344 0.727237224578857
0.151482671499252 0.146689340472221 0.181162849068642 0.334224194288254 0.570262014865875 0.555528104305267 0.626101791858673 0.631884694099426 0.718149602413177 0.852614283561707 0.960551977157593 0.958166301250458 0.942308664321899 0.904066860675812 0.89300924539566 0.910223364830017 0.978646159172058 0.9968022108078 0.97192770242691 0.880533576011658 0.819540321826935 0.791262090206146 0.805042386054993 0.880245327949524 0.99427455663681 0.999838352203369 0.931740701198578 0.803961634635925 0.761292099952698 0.745008766651154 0.769566655158997 0.867585837841034 0.990337073802948 0.901605129241943 0.727056682109833 0.692271292209625 0.686881422996521 0.695741832256317 0.753974378108978
0.193410128355026 0.149677440524101 0.209384173154831 0.286795347929001 0.314853399991989 0.535470187664032 0.693256258964539 0.693969905376434 0.676337599754333 0.706291735172272 0.912695825099945 0.997872650623322 0.990260899066925 0.914267182350159 0.895755529403687 0.907746434211731 0.98445051908493 0.990712404251099 0.986272513866425 0.986208140850067 0.990114450454712 0.966657280921936 0.880245327949524 0.890990674495697 0.980532348155975 0.999847531318665 0.959131598472595 0.85283762216568 0.771899223327637 0.756614804267883 0.743753135204315 0.790219783782959 0.836436688899994 0.784706234931946 0.798147320747375 0.719339072704315 0.763308048248291 0.774276733398438 0.820637047290802
