data/climate_estimation/maxent_output/Schoenocaulon_pellucidum.asc
NCOLS 68 
NROWS 49 
XLLCORNER -105.25 
YLLCORNER 17.5 
CELLSIZE 0.0833333333333334 
NODATA_value -3.4e+38 
[rows 0 to 20 of 49, columns 0 to 47 of 68]
0.799214839935303 0.848060011863708 0.804412841796875 0.801464140415192 0.794642090797424 0.764004945755005 0.735463321208954 0.6941899061203 0.634380578994751 0.656428456306458 0.618398368358612 0.692878842353821 0.674722909927368 0.648106873035431 0.664634704589844 0.658684551715851 0.464104056358337 0.492289423942566 0.626369416713715 0.620064914226532 0.629539370536804 0.555542171001434 0.554545521736145 0.549623847007751 0.60873019695282 0.455990344285965 0.438145190477371 0.447808802127838 0.535265147686005 0.555420696735382 0.494887501001358 0.444026529788971 0.419546514749527 0.384862512350082 0.369905173778534 0.386933535337448 0.409082233905792 0.402439057826996 0.395538866519928 0.413341253995895 0.356388092041016 0.333894014358521 0.364817321300507 0.373021960258484 0.341060876846313 0.344500929117203 0.36272656917572 0.399105548858643
0.769479513168335 0.834692597389221 0.800965547561646 0.793896377086639 0.791961789131165 0.762741923332214 0.739825487136841 0.705786108970642 0.65598464012146 0.631891965866089 0.623175859451294 0.713976383209229 0.644576251506805 0.683089792728424 0.699092745780945 0.6075599193573 0.492275893688202 0.575220286846161 0.658225655555725 0.636947095394135 0.610239565372467 0.576180458068848 0.57642936706543 0.616194188594818 0.593814074993134 0.46917062997818 0.455660939216614 0.513439893722534 0.582569062709808 0.525547444820404 0.451865345239639 0.395108222961426 0.372334659099579 0.361897349357605 0.38311356306076 0.418045550584793 0.423894882202148 0.433783978223801 0.425085991621017 0.388610541820526 0.35493129491806 0.354321181774139 0.422975897789001 0.425225377082825 0.373902887105942 0.386279910802841 0.427789568901062 0.440065234899521
0.768287539482117 0.805624186992645 0.790091931819916 0.779745221138 0.774623095989227 0.758157014846802 0.728423297405243 0.702503621578217 0.680496692657471 0.64095664024353 0.603885650634766 0.678040385246277 0.671782612800598 0.64127916097641 0.697793960571289 0.516057848930359 0.534525513648987 0.635861814022064 0.668444216251373 0.655431568622589 0.638596951961517 0.604116797447205 0.590556025505066 0.62072765827179 0.549454391002655 0.473290622234344 0.514233708381653 0.590398967266083 0.507246494293213 0.468582540750504 0.444705933332443 0.412703722715378 0.380199402570724 0.371720224618912 0.385227590799332 0.420819699764252 0.438454121351242 0.464415729045868 0.432741224765778 0.409161031246185 0.384284406900406 0.414365440607071 0.481447666883469 0.498295575380325 0.444421112537384 0.415687084197998 0.439112275838852 0.456700146198273
0.746632754802704 0.762883722782135 0.750027537345886 0.754843175411224 0.751978695392609 0.760940372943878 0.736347913742065 0.702054440975189 0.679594278335571 0.660232305526733 0.594129860401154 0.60942405462265 0.67225307226181 0.674761474132538 0.687310636043549 0.54959899187088 0.692724168300629 0.695909917354584 0.682507455348969 0.679469048976898 0.643083274364471 0.619756460189819 0.583014726638794 0.574418187141418 0.526269674301147 0.504308998584747 0.589076936244965 0.559417307376862 0.509098470211029 0.506882905960083 0.480438679456711 0.45680096745491 0.423703342676163 0.393685698509216 0.398006051778793 0.426155835390091 0.474576622247696 0.473296642303467 0.451982408761978 0.426045894622803 0.422395408153534 0.469496726989746 0.497857362031937 0.503533482551575 0.519299685955048 0.467761069536209 0.441011846065521 0.449168741703033
0.740991175174713 0.741029024124146 0.703104138374329 0.732152581214905 0.71447229385376 0.748568773269653 0.729349374771118 0.675646245479584 0.70388787984848 0.662472188472748 0.69664466381073 0.612848579883575 0.560795485973358 0.564910709857941 0.534300029277802 0.633508563041687 0.707940638065338 0.664946436882019 0.622906625270844 0.666266620159149 0.625966668128967 0.623875737190247 0.587191522121429 0.583418071269989 0.551145136356354 0.545459866523743 0.605561673641205 0.568571627140045 0.538920521736145 0.539501667022705 0.528889834880829 0.505461513996124 0.482002139091492 0.446449995040894 0.470174789428711 0.427438139915466 0.47457680106163 0.479204386472702 0.462474763393402 0.464569330215454 0.431742757558823 0.476810872554779 0.457019090652466 0.487635523080826 0.528625130653381 0.48146715760231 0.470106959342957 0.509583532810211
0.738577306270599 0.726269364356995 0.710643589496613 0.717224061489105 0.685472309589386 0.691446483135223 0.644916772842407 0.635890781879425 0.679622650146484 0.63555109500885 0.73110169172287 0.64506858587265 0.540000915527344 0.566283643245697 0.528229892253876 0.539694130420685 0.631609439849854 0.564661681652069 0.687951505184174 0.689744353294373 0.649911046028137 0.5750373005867 0.574314057826996 0.596310019493103 0.555935859680176 0.558708250522614 0.610065460205078 0.590803861618042 0.583856105804443 0.602063596248627 0.615497350692749 0.580183207988739 0.531685829162598 0.506016492843628 0.508260905742645 0.508093237876892 0.518018782138824 0.528968930244446 0.521689474582672 0.476538836956024 0.455227345228195 0.485420793294907 0.437541633844376 0.426365703344345 0.490675866603851 0.514131486415863 0.497487485408783 0.564405977725983
0.723162591457367 0.693739235401154 0.681893408298492 0.684902548789978 0.677743911743164 0.614302575588226 0.601978898048401 0.613846719264984 0.614165186882019 0.553273320198059 0.572197735309601 0.610436141490936 0.55019474029541 0.578592717647552 0.604848384857178 0.587733149528503 0.493562191724777 0.598416388034821 0.710845232009888 0.696962058544159 0.601746380329132 0.544599175453186 0.551881730556488 0.580456733703613 0.572463810443878 0.573895752429962 0.581067621707916 0.579666197299957 0.595085918903351 0.59220415353775 0.594360530376434 0.580087900161743 0.575155019760132 0.561713516712189 0.564557552337646 0.561964929103851 0.617593467235565 0.593531489372253 0.557467520236969 0.532200813293457 0.49690580368042 0.453647762537003 0.440731763839722 0.443453520536423 0.46886870265007 0.49334329366684 0.526491641998291 0.549138367176056
0.721901059150696 0.678806066513062 0.647700786590576 0.627427399158478 0.619955122470856 0.683846473693848 0.553492784500122 0.559214472770691 0.594053447246552 0.590457677841187 0.678264677524567 0.696001708507538 0.700323224067688 0.671543896198273 0.659570336341858 0.666490912437439 0.54992663860321 0.578781485557556 0.66958487033844 0.602865159511566 0.599032163619995 0.635806918144226 0.561431229114532 0.602738559246063 0.575142979621887 0.564723610877991 0.560545265674591 0.595920205116272 0.58099901676178 0.610689461231232 0.608138203620911 0.596479177474976 0.590718328952789 0.604514598846436 0.630344152450562 0.657546281814575 0.666319787502289 0.628328263759613 0.597927987575531 0.57051408290863 0.496350973844528 0.467661470174789 0.446873277425766 0.456806898117065 0.485873758792877 0.49883958697319 0.524277746677399 0.544180750846863
0.714079439640045 0.678432762622833 0.626839280128479 0.63663649559021 0.607689201831818 0.656985461711884 0.573178112506866 0.535167992115021 0.505127608776093 0.500406682491302 0.626217663288116 0.596188247203827 0.65795636177063 0.696068644523621 0.680548548698425 0.709364771842957 0.679681241512299 0.587232768535614 0.527604460716248 0.545546889305115 0.658949017524719 0.653174698352814 0.590131223201752 0.569981873035431 0.566828429698944 0.555575668811798 0.550667583942413 0.561073064804077 0.596303820610046 0.600528240203857 0.619156658649445 0.62022989988327 0.610509395599365 0.639104127883911 0.652529001235962 0.670114040374756 0.636693239212036 0.575319170951843 0.517990350723267 0.508041679859161 0.484354883432388 0.497846931219101 0.479294836521149 0.485495537519455 0.510189235210419 0.51956832408905 0.522683918476105 0.539050579071045
0.688248991966248 0.641783058643341 0.633722245693207 0.644568085670471 0.685547947883606 0.699808716773987 0.730574309825897 0.588985443115234 0.538389503955841 0.511336505413055 0.488896101713181 0.597005188465118 0.579016625881195 0.644419550895691 0.667050063610077 0.70491349697113 0.745478391647339 0.721907615661621 0.659146189689636 0.694317221641541 0.670774519443512 0.649074196815491 0.608012318611145 0.568528711795807 0.55637788772583 0.552923560142517 0.559962630271912 0.54781448841095 0.57546854019165 0.607573091983795 0.597708642482758 0.622056663036346 0.644400835037231 0.634690284729004 0.655138909816742 0.686428189277649 0.679216384887695 0.656452417373657 0.571623384952545 0.50972706079483 0.510438561439514 0.560796022415161 0.530480980873108 0.506254017353058 0.531675159931183 0.530927360057831 0.524143576622009 0.545124232769012
0.666514337062836 0.649186849594116 0.654833197593689 0.666525304317474 0.800940275192261 0.807072222232819 0.760977804660797 0.788619756698608 0.603750586509705 0.670486569404602 0.503772258758545 0.483735382556915 0.606872618198395 0.735907375812531 0.726125061511993 0.580406188964844 0.622163653373718 0.668651521205902 0.626663029193878 0.660913050174713 0.674568772315979 0.637876152992249 0.601159572601318 0.569533169269562 0.574645817279816 0.569329619407654 0.566280901432037 0.576012432575226 0.587773442268372 0.617416620254517 0.603972017765045 0.603169739246368 0.627855956554413 0.613588333129883 0.637474119663239 0.724174499511719 0.750220537185669 0.741867244243622 0.69140762090683 0.545238673686981 0.509920239448547 0.527253031730652 0.52572226524353 0.528624176979065 0.573743104934692 0.544911324977875 0.536715507507324 0.532240271568298
0.72074294090271 0.708410620689392 0.685990989208221 0.69040447473526 0.714968144893646 0.794786870479584 0.816850244998932 0.805850803852081 0.683480620384216 0.578112483024597 0.657216131687164 0.561392605304718 0.558300256729126 0.693804442882538 0.698403596878052 0.66371750831604 0.57128894329071 0.567325294017792 0.584909379482269 0.661509931087494 0.646266996860504 0.629531502723694 0.604680120944977 0.564779996871948 0.573080360889435 0.592435956001282 0.587397217750549 0.566596031188965 0.585527241230011 0.591305792331696 0.613780736923218 0.572522521018982 0.583214521408081 0.563469469547272 0.598347961902618 0.635322153568268 0.698336124420166 0.705781161785126 0.661671578884125 0.553739964962006 0.580288290977478 0.639167010784149 0.581419050693512 0.529848635196686 0.526565492153168 0.518770754337311 0.506173849105835 0.490728855133057
0.765971899032593 0.733111560344696 0.696524620056152 0.775039970874786 0.62336653470993 0.644971072673798 0.760293543338776 0.800596833229065 0.718793988227844 0.591978490352631 0.639967858791351 0.687794744968414 0.60947722196579 0.500015616416931 0.477073848247528 0.483189076185226 0.518572747707367 0.596589386463165 0.640198051929474 0.621572136878967 0.624339699745178 0.62579619884491 0.603426098823547 0.605388045310974 0.608298242092133 0.604607045650482 0.59542179107666 0.571572542190552 0.575464725494385 0.631053149700165 0.62038117647171 0.59119176864624 0.58468359708786 0.557638883590698 0.521873891353607 0.541003406047821 0.584295928478241 0.602508842945099 0.627502202987671 0.590064644813538 0.6495760679245 0.678848206996918 0.648766994476318 0.555592596530914 0.521320104598999 0.498827427625656 0.48172989487648 0.450437724590302
0.789391934871674 0.754054486751556 0.778546333312988 0.807974636554718 0.591427981853485 0.697465419769287 0.754730641841888 0.801145315170288 0.733648836612701 0.612246155738831 0.725455284118652 0.721339344978333 0.714294910430908 0.660607397556305 0.534633159637451 0.491083085536957 0.501967906951904 0.562433421611786 0.60322767496109 0.603972494602203 0.622633337974548 0.617346465587616 0.595720887184143 0.599800527095795 0.618202924728394 0.577682852745056 0.577604949474335 0.623523533344269 0.62632954120636 0.629276931285858 0.617164671421051 0.595942914485931 0.569805085659027 0.574333548545837 0.54496818780899 0.516441583633423 0.528265714645386 0.559107840061188 0.54219263792038 0.538896799087524 0.61804610490799 0.659294366836548 0.601333796977997 0.55965268611908 0.549241840839386 0.511125206947327 0.469335705041885 0.426091343164444
0.789972960948944 0.824003517627716 0.845967233181 0.845990896224976 0.658224523067474 0.678319096565247 0.719483315944672 0.80225282907486 0.700125217437744 0.676435470581055 0.754989683628082 0.702887237071991 0.675330102443695 0.693260133266449 0.663145065307617 0.550039112567902 0.491521328687668 0.536552309989929 0.583280384540558 0.592287540435791 0.589166939258575 0.573726415634155 0.558919072151184 0.581891357898712 0.617390215396881 0.618503272533417 0.594753682613373 0.628562092781067 0.621663272380829 0.605989575386047 0.613002836704254 0.596600830554962 0.577365338802338 0.592117428779602 0.573304295539856 0.540294229984283 0.523651719093323 0.508629739284515 0.485719352960587 0.489965528249741 0.526742994785309 0.548834979534149 0.567346096038818 0.543526351451874 0.551763415336609 0.51360011100769 0.464923143386841 0.430185258388519
0.820212781429291 0.7970250248909 0.770604968070984 0.714217245578766 0.766890406608582 0.70286750793457 0.796361565589905 0.804834425449371 0.732560932636261 0.776065170764923 0.759101688861847 0.675184428691864 0.648637115955353 0.680436253547668 0.630844473838806 0.595826923847198 0.594706177711487 0.552641212940216 0.558059990406036 0.576996207237244 0.59427535533905 0.579695761203766 0.585897266864777 0.603174984455109 0.634173095226288 0.645590603351593 0.632384300231934 0.616073191165924 0.620488703250885 0.625781178474426 0.618752658367157 0.632618427276611 0.598458170890808 0.587800085544586 0.572684168815613 0.550024569034576 0.505077064037323 0.542424976825714 0.497227609157562 0.474827200174332 0.506263911724091 0.53729659318924 0.592551946640015 0.546157419681549 0.542102634906769 0.515702307224274 0.499606490135193 0.521972894668579
0.840870022773743 0.818464696407318 0.800868451595306 0.766926348209381 0.703346610069275 0.690518915653229 0.839755713939667 0.814178109169006 0.808951437473297 0.79513281583786 0.749201536178589 0.668519496917725 0.64921373128891 0.574953079223633 0.364964991807938 0.448339462280273 0.565358698368073 0.541628181934357 0.503021419048309 0.528731107711792 0.589878618717194 0.560542404651642 0.574051737785339 0.608326494693756 0.626986145973206 0.620354413986206 0.610641121864319 0.59697014093399 0.613734543323517 0.621726334095001 0.643673896789551 0.644837737083435 0.625295102596283 0.61661297082901 0.494887262582779 0.474507033824921 0.517455577850342 0.481073498725891 0.52392989397049 0.517881155014038 0.54520720243454 0.545651078224182 0.553559899330139 0.539831340312958 0.561698734760284 0.566182672977448 0.575240015983582 0.47461998462677
0.764284908771515 0.816591858863831 0.768910765647888 0.782017946243286 0.764151513576508 0.702432632446289 0.736785292625427 0.840487360954285 0.830126047134399 0.804534137248993 0.726626336574554 0.656541168689728 0.623242378234863 0.516935288906097 0.388665169477463 0.514606356620789 0.556161642074585 0.523353755474091 0.520667016506195 0.537625312805176 0.534198343753815 0.552963495254517 0.54233193397522 0.561368823051453 0.572756707668304 0.57069456577301 0.56680828332901 0.564316391944885 0.574928760528564 0.585162281990051 0.628609180450439 0.611169993877411 0.535874903202057 0.508164763450623 0.490163654088974 0.465983986854553 0.490285247564316 0.541851580142975 0.621875166893005 0.587290108203888 0.590140581130981 0.571771025657654 0.557911574840546 0.603292644023895 0.5913365483284 0.558268427848816 0.537911891937256 0.518047273159027
0.699540257453918 0.757779955863953 0.781434834003448 0.789809823036194 0.776794672012329 0.73673278093338 0.679666340351105 0.829592704772949 0.837990880012512 0.767240285873413 0.678711891174316 0.590959906578064 0.645969450473785 0.549705147743225 0.446375370025635 0.491680592298508 0.555590629577637 0.51267796754837 0.54585599899292 0.549522042274475 0.553841114044189 0.534737169742584 0.559631884098053 0.575113773345947 0.579015970230103 0.589703798294067 0.564285576343536 0.583581209182739 0.597215592861176 0.543504297733307 0.590055644512177 0.589346349239349 0.446033149957657 0.48846435546875 0.496593356132507 0.503755748271942 0.497217416763306 0.610644400119781 0.634453535079956 0.659323334693909 0.663007080554962 0.652932047843933 0.627805173397064 0.662083208560944 0.615701138973236 0.650918424129486 0.676855742931366 0.621757686138153
0.690042197704315 0.741271436214447 0.811871349811554 0.787887692451477 0.777013778686523 0.76430469751358 0.724568545818329 0.730547904968262 0.843613147735596 0.819094777107239 0.698948085308075 0.631820619106293 0.679307341575623 0.623727977275848 0.484658002853394 0.504424095153809 0.522607386112213 0.513696372509003 0.528826057910919 0.508969128131866 0.550181150436401 0.54556131362915 0.605577707290649 0.665884017944336 0.639602720737457 0.632189035415649 0.610938310623169 0.594041168689728 0.594649910926819 0.548442661762238 0.577398419380188 0.530955791473389 0.473978906869888 0.429127663373947 0.424723207950592 0.505055904388428 0.536291778087616 0.580006957054138 0.654899954795837 0.69175511598587 0.706365048885345 0.684040486812592 0.669344186782837 0.656172037124634 0.662388205528259 0.700867772102356 0.66368693113327 0.520446240901947
0.702748417854309 0.728357911109924 0.790489375591278 0.776854515075684 0.800268650054932 0.775345206260681 0.755200147628784 0.719866335391998 0.83839476108551 0.836050629615784 0.772673845291138 0.653131723403931 0.641574144363403 0.549538135528564 0.517259895801544 0.487543970346451 0.513877391815186 0.520741283893585 0.552024602890015 0.528900325298309 0.543038010597229 0.57680606842041 0.623087048530579 0.639656722545624 0.618030488491058 0.606725573539734 0.638486325740814 0.681145668029785 0.577373385429382 0.573543906211853 0.57746946811676 0.554026901721954 0.54442286491394 0.565978050231934 0.578585028648376 0.609315454959869 0.546767175197601 0.624692380428314 0.693559110164642 0.723153293132782 0.735566377639771 0.683481454849243 0.656279325485229 0.632172882556915 0.614245533943176 0.641851603984833 0.594867765903473 0.593113839626312
