data/climate_estimation/maxent_output/Schoenocaulon_pringlei.asc
NCOLS 42 
NROWS 9 
XLLCORNER -101.583333333333 
YLLCORNER 19 
CELLSIZE 0.0833333333333333 
NODATA_value -3.4e+38 
0.475443214178085 0.453996002674103 0.274805337190628 0.2659912109375 0.285444587469101 0.313875764608383 0.235727444291115 0.399504512548447 0.625180780887604 0.740943014621735 0.53217738866806 0.354713320732117 0.338668882846832 0.358595758676529 0.543580889701843 0.808494567871094 0.803210496902466 0.765646040439606 0.791497051715851 0.622546494007111 0.467377573251724 0.584061503410339 0.575971901416779 0.682497978210449 0.72216385602951 0.605017364025116 0.508088350296021 0.468224495649338 0.406360507011414 0.389088690280914 0.360950976610184 0.374193370342255 0.385261386632919 0.382723748683929 0.391551643610001 0.506588578224182 0.423242717981339 0.465759992599487 0.554668664932251 0.701116323471069 0.734099268913269 0.681193888187408
0.314994633197784 0.417753487825394 0.462426126003265 0.236591368913651 0.295405894517899 0.337003916501999 0.264410138130188 0.237113386392593 0.260925084352493 0.464222580194473 0.650993287563324 0.586003422737122 0.475431352853775 0.306006699800491 0.527888238430023 0.785348892211914 0.841432690620422 0.71528285741806 0.746530473232269 0.644751369953156 0.454405069351196 0.417235136032104 0.448140233755112 0.668703317642212 0.911485075950623 0.781483888626099 0.579122066497803 0.443245261907578 0.427438765764236 0.430852293968201 0.392043471336365 0.377834349870682 0.39722615480423 0.413421869277954 0.555394113063812 0.554301202297211 0.463391333818436 0.492921978235245 0.504527747631073 0.549167513847351 0.626683175563812 0.631301581859589
0.36536893248558 0.34134778380394 0.303847640752792 0.307880103588104 0.399284780025482 0.382916897535324 0.16567787528038 0.105500496923923 0.0987970754504204 0.332543194293976 0.672930717468262 0.703205585479736 0.401087760925293 0.290346622467041 0.405056029558182 0.748508036136627 0.859892308712006 0.727936387062073 0.657242953777313 0.641540944576263 0.702640891075134 0.532879531383514 0.601740837097168 0.684217393398285 0.926267504692078 0.922547817230225 0.689267754554749 0.520293891429901 0.465259313583374 0.43855956196785 0.378451824188232 0.37877145409584 0.389050841331482 0.450728893280029 0.666735589504242 0.678709983825684 0.611441552639008 0.626032888889313 0.618066549301147 0.591716527938843 0.591578543186188 0.599764943122864
0.683900296688080 0.734955370426178 0.623222768306732 0.431114107370377 0.290618598461151 0.209066241979599 0.338451981544495 0.113767758011818 0.0699486434459686 0.299882054328918 0.556600391864777 0.410709083080292 0.28686311841011 0.274149715900421 0.279445081949234 0.440899610519409 0.760756194591522 0.695979177951813 0.649027347564697 0.598867177963257 0.536102533340454 0.539884746074677 0.557894110679626 0.61501932144165 0.726526141166687 0.898909449577332 0.895159721374512 0.565119087696075 0.46530357003212 0.390350550413132 0.369794875383377 0.385268151760101 0.41171196103096 0.647736787796021 0.986138641834259 0.911407768726349 0.727511405944824 0.694513976573944 0.678991317749023 0.67418247461319 0.61701375246048 0.574364602565765
0.763638019561768 0.74201238155365 0.701514184474945 0.549992263317108 0.252444863319397 0.152122959494591 0.300450325012207 0.102418392896652 0.0414387136697769 0.142358377575874 0.265697419643402 0.18692210316658 0.138753414154053 0.233243897557259 0.329275250434875 0.613879919052124 0.708118617534637 0.516435027122498 0.584099233150482 0.52627432346344 0.574597179889679 0.599258601665497 0.610057890415192 0.608919084072113 0.626742839813232 0.807491838932037 0.901382565498352 0.702247262001038 0.477184355258942 0.400545358657837 0.374747931957245 0.417579978704453 0.442284822463989 0.731453239917755 0.99004065990448 0.836286723613739 0.579040467739105 0.511669933795929 0.590192377567291 0.646633923053741 0.595356822013855 0.544733285903931
0.578989028930664 0.478673219680786 0.470814347267151 0.399605959653854 0.231824189424515 0.105458050966263 0.173127591609955 0.174545228481293 0.0345431193709373 0.0531631670892239 0.0608346164226532 0.0373180359601974 0.0706823691725731 0.166211888194084 0.331730276346207 0.392809301614761 0.366707503795624 0.449949592351913 0.501689910888672 0.671175837516785 0.850284695625305 0.772641599178314 0.725067317485809 0.684014439582825 0.656080186367035 0.762004017829895 0.953686654567719 0.936101794242859 0.586786270141602 0.433110058307648 0.398268222808838 0.42008575797081 0.455329298973083 0.66401743888855 0.961062610149384 0.923832178115845 0.627453804016113 0.489246100187302 0.444872230291367 0.474706947803497 0.509052932262421 0.620793044567108
0.413393020629883 0.249322384595871 0.23565000295639 0.192132860422134 0.166198387742043 0.0956542640924454 0.109321355819702 0.121158845722675 0.0413732938468456 0.0359224081039429 0.0336348749697208 0.0301108676940203 0.0399886146187782 0.0982213690876961 0.239407181739807 0.223304226994514 0.292456865310669 0.31680166721344 0.49426195025444 0.703437864780426 0.912007570266724 0.904632210731506 0.84172922372818 0.731588900089264 0.707609295845032 0.774899423122406 0.954640090465546 0.993790090084076 0.934843599796295 0.723534345626831 0.584637820720673 0.526818215847015 0.530583024024963 0.682205557823181 0.982348918914795 0.999809622764587 0.809828698635101 0.551626741886139 0.46732023358345 0.441841691732407 0.485237509012222 0.674977004528046
0.297068983316422 0.135185852646828 0.117834560573101 0.105743832886219 0.0956744775176048 0.0727331042289734 0.0856221839785576 0.0561405532062054 0.0299988351762295 0.0287780910730362 0.0471868179738522 0.030021995306015 0.0499658137559891 0.0786264836788177 0.0900934413075447 0.216386809945107 0.411470592021942 0.427817016839981 0.41922914981842 0.500862121582031 0.831274509429932 0.998538255691528 0.984021842479706 0.778476178646088 0.729543626308441 0.79796952009201 0.967617750167847 0.98189902305603 0.972012639045715 0.969617128372192 0.975439190864563 0.910645008087158 0.68366152048111 0.705518245697021 0.936565220355988 0.99968010187149 0.881533443927765 0.638369023799896 0.48354297876358 0.452255547046661 0.450150668621063 0.551651775836945
0.295383661985397 0.122094377875328 0.0756454765796661 0.0678882747888565 0.0519586019217968 0.0454042628407478 0.0497905202209949 0.0454057343304157 0.0311132241040468 0.0370131619274616 0.0338851809501648 0.0318832620978355 0.0499749481678009 0.0539291091263294 0.100601315498352 0.132951870560646 0.24107614159584 0.327704638242722 0.312152028083801 0.423621088266373 0.832398772239685 0.911740124225616 0.908767104148865 0.789921224117279 0.777872085571289 0.792795121669769 0.926599025726318 0.918637871742249 0.880898654460907 0.882895469665527 0.874925374984741 0.754776895046234 0.708439350128174 0.712314605712891 0.935213029384613 0.999978482723236 0.87807834148407 0.624444723129272 0.497874349355698 0.452658474445343 0.426168471574783 0.481380105018616
