data/climate_estimation/maxent_output/Schoenocaulon_texanum.asc
NCOLS 115 
NROWS 173 
XLLCORNER -106.166666666667 
YLLCORNER 18.6666666666667 
CELLSIZE 0.0833333333333333 
NODATA_value -3.4e+38 
[rows 120 to 139 of 173, columns 0 to 44 of 115]
0.000573887198697776 0.00164034415502101 0.00123203184921294 0.00181731558404863 0.00102903181686997 0.000531653233338147 0.000347252527717501 0.000359737838152796 0.00135580939240754 0.00134860316757113 0.00151160266250372 0.0021419336553663 0.00497078523039818 0.0109053980559111 0.0135093424469233 0.00721544260159135 0.00706135295331478 0.0243210233747959 0.0329275764524937 0.0213319566100836 0.00582463573664427 0.17606195807457 0.196516051888466 0.226519420742989 0.09637850522995 0.0282926093786955 0.0683640092611313 0.367258846759796 0.369537532329559 0.399158716201782 0.418442040681839 0.718424081802368 0.469213098287582 0.701801300048828 0.778580784797668 0.853030622005463 0.839686512947083 0.820705473423004 0.848323285579681 0.858288526535034 0.826184153556824 0.795417189598083 0.431792289018631 0.161239460110664 0.375356912612915
0.000114783746539615 0.000110115724964999 0.000518231245223433 0.000390290428185835 0.000839267624542117 0.000414953421568498 0.000314055563649163 0.000337749224854633 0.000777530658524483 0.000683146703522652 0.000729791063349694 0.00102424959186465 0.00632680393755436 0.00832999590784311 0.00481739221140742 0.00730658089742064 0.00940724182873964 0.029136698693037 0.0239108726382256 0.0925350412726402 0.0075266296043992 0.162834167480469 0.204319313168526 0.237428233027458 0.034278254956007 0.0363922938704491 0.0731194168329239 0.108955129981041 0.107536979019642 0.380351722240448 0.676987171173096 0.465126305818558 0.46211564540863 0.776027023792267 0.746169865131378 0.424778401851654 0.422237604856491 0.446541756391525 0.848592638969421 0.872576653957367 0.832306385040283 0.808448672294617 0.824234426021576 0.563198447227478 0.458323031663895
0.000122037738037761 0.000107549676613417 9.26900902413763e-05 7.50765175325796e-05 0.00020854824106209 0.000306928181089461 0.000164160650456324 3.6255172744859e-05 4.79983682453167e-05 3.85794337489642e-05 4.91528735437896e-05 0.00133806932717562 0.00327896559610963 0.00350055447779596 0.00845771934837103 0.0164081361144781 0.0105245634913445 0.012182641774416 0.0193070992827415 0.0380565784871578 0.0192893017083406 0.009085345081985 0.0506976097822189 0.038506057113409 0.0340954065322876 0.0365887507796288 0.0570584423840046 0.0941944047808647 0.110718622803688 0.417134523391724 0.427795618772507 0.114971347153187 0.127029687166214 0.496088325977325 0.79378205537796 0.388933598995209 0.396643757820129 0.359795421361923 0.738214731216431 0.841835856437683 0.867249250411987 0.867152750492096 0.631956577301025 0.650920867919922 0.56080824136734
-3.4e+38 9.89759500953369e-05 9.16696444619447e-05 6.72317182761617e-05 4.13004418078344e-05 2.27342643484008e-05 5.50319273315836e-05 7.77512832428329e-06 8.46670718601672e-06 6.08496839049621e-06 7.13236158844666e-06 0.0011329990811646 0.00192105467431247 0.00216116639785469 0.00371347647160292 0.00500573497265577 0.0066129514016211 0.0110947666689754 0.00797573290765285 0.0414968430995941 0.0180284045636654 0.0290415659546852 0.0513090342283249 0.0148440217599273 0.0286740399897099 0.0427547618746758 0.04451834410429 0.0773593261837959 0.108355842530727 0.120584733784199 0.105298444628716 0.290343254804611 0.121089592576027 0.179879367351532 0.495722353458405 0.442665755748749 0.434967368841171 0.806384444236755 0.745048403739929 0.821652770042419 0.883480727672577 0.863726317882538 0.658222675323486 0.232125803828239 0.196637585759163
-3.4e+38 -3.4e+38 -3.4e+38 6.1057806306053e-05 5.15282636115444e-06 2.56271123362239e-05 1.554768459755e-05 9.15640066523338e-06 7.42860675018164e-06 7.23525909052114e-06 1.29487889353186e-05 0.000421996286604553 0.00191706093028188 0.00230426294729114 0.000942698155995458 0.00075892690801993 0.00640516215935349 0.0112279411405325 0.00732566136866808 0.0181172713637352 0.0193427260965109 0.0201024543493986 0.0288685038685799 0.0196065455675125 0.0280309338122606 0.0995471626520157 0.0594924613833427 0.189274862408638 0.0726625546813011 0.100587606430054 0.365182727575302 0.271499454975128 0.162562251091003 0.180309802293777 0.47786083817482 0.766529202461243 0.782318711280823 0.816119313240051 0.769283950328827 0.554055869579315 0.866768479347229 0.586903095245361 0.597191691398621 0.637686014175415 0.209419786930084
-3.4e+38 -3.4e+38 -3.4e+38 -3.4e+38 4.89850708618178e-06 3.99900045522372e-06 1.88719623110956e-05 1.08562953755609e-05 7.92755963630043e-06 1.45240992424078e-05 1.19228125186055e-05 4.89600533910561e-05 0.000376298208720982 0.00276585761457682 0.000479609268950298 0.000767517602071166 0.00615263544023037 0.0158495884388685 0.00467284023761749 0.00506420712918043 0.00678444840013981 0.0245391689240932 0.0538293085992336 0.0155909257009625 0.0180066842585802 0.0965638980269432 0.0701916217803955 0.0640925988554955 0.158951207995415 0.196842402219772 0.169990330934525 0.0979437977075577 0.148605614900589 0.183050960302353 0.500047624111176 0.514284908771515 0.837311208248138 0.759382843971252 0.838888049125671 0.481106460094452 0.47283661365509 0.852825284004211 0.564403891563416 0.587543368339539 0.808264195919037
-3.4e+38 -3.4e+38 -3.4e+38 -3.4e+38 4.87561055706465e-06 4.45363502876717e-06 2.91082778858254e-06 1.78293817043595e-06 1.11727695184527e-05 7.65193999541225e-06 1.45413032441866e-05 2.87003622361226e-05 8.59908614074811e-05 0.000964178121648729 0.000599165272433311 0.000544180977158248 0.00957423262298107 0.00369543978013098 0.00429006479680538 0.00358214182779193 0.00476036267355084 0.00703318836167455 0.0505757704377174 0.0109900115057826 0.0455378517508507 0.118988335132599 0.182753145694733 0.234652265906334 0.148061811923981 0.226127162575722 0.289320856332779 0.262310355901718 0.130577951669693 0.15433768928051 0.478223621845245 0.591626107692719 0.7706658244133 0.706711649894714 0.765263020992279 0.734831929206848 0.382073789834976 0.790933728218079 0.783265709877014 0.857516586780548 0.850039422512054
-3.4e+38 -3.4e+38 -3.4e+38 -3.4e+38 -3.4e+38 4.28068051405717e-06 3.40221276928787e-06 2.51550704888359e-06 1.29993168229703e-05 8.95398079592269e-06 8.68302777234931e-06 2.99764615192544e-05 6.39697027509101e-05 3.17091435135808e-05 3.92527072108351e-05 0.00100766017567366 0.00289195729419589 0.00186867592856288 0.00445081060752273 0.00126508320681751 0.00303149712271988 0.0122735016047955 0.036161795258522 0.0406343974173069 0.0379624702036381 0.139017134904861 0.0901033580303192 0.130036592483521 0.185504674911499 0.0991960614919662 0.198371678590775 0.337325066328049 0.412446767091751 0.143767684698105 0.158243119716644 0.469404548406601 0.560805380344391 0.601048827171326 0.701833069324493 0.517936885356903 0.555485904216766 0.736423194408417 0.847528219223022 0.854219079017639 0.855341196060181
-3.4e+38 -3.4e+38 -3.4e+38 -3.4e+38 -3.4e+38 4.35126776210382e-06 3.85762041332782e-06 2.89666604658123e-06 1.8191287836089e-06 1.08216672742856e-05 9.64135688263923e-06 4.39195173385087e-06 5.00576570630074e-05 2.3807671823306e-05 8.56187180033885e-05 0.0103778010234237 0.00358154694549739 0.00117589812725782 0.00551560148596764 0.00150206696707755 0.00589804397895932 0.0098276836797595 0.00891285762190819 0.0210831891745329 0.0183793753385544 0.156023815274239 0.052358090877533 0.0522330738604069 0.129484221339226 0.0902902260422707 0.118107832968235 0.348223745822906 0.287506073713303 0.382611006498337 0.148644253611565 0.224174991250038 0.438396602869034 0.634829521179199 0.570342540740967 0.425908476114273 0.632486641407013 0.706062316894531 0.822616934776306 0.814501762390137 0.835980594158173
-3.4e+38 -3.4e+38 -3.4e+38 -3.4e+38 -3.4e+38 -3.4e+38 3.8017446968297e-06 2.43017602770124e-05 1.61570969794411e-05 1.33626972456113e-05 1.16881747089792e-05 1.13390506157884e-05 5.78806211706251e-05 3.84986415156163e-05 7.51436527934857e-05 0.000465013319626451 0.00237428559921682 0.00199209526181221 0.00231217755936086 0.00118319038301706 0.00108854100108147 0.00411991449072957 0.00600952282547951 0.0181405320763588 0.0161393713206053 0.0368132553994656 0.0782751366496086 0.0909386649727821 0.115483067929745 0.0839003100991249 0.1264967918396 0.0937614440917969 0.311926484107971 0.318552106618881 0.357085853815079 0.288040846586227 0.457697659730911 0.579319775104523 0.417370051145554 0.414292246103287 0.501949846744537 0.699307084083557 0.789504051208496 0.775400936603546 0.867857038974762
-3.4e+38 -3.4e+38 -3.4e+38 -3.4e+38 -3.4e+38 -3.4e+38 2.8174246835988e-05 2.24390878429404e-05 1.54172394104535e-05 1.29576965264278e-05 7.69046455388889e-05 6.69346627546474e-05 3.92253605241422e-05 4.21493896283209e-05 3.78633885702584e-05 6.10250754107255e-05 0.00113086996134371 0.00112328201066703 0.000688176602125168 0.000333436037180945 0.00273920712061226 0.00550461607053876 0.00930696632713079 0.0115547114983201 0.0135205546393991 0.0253106318414211 0.0797045156359673 0.0184474755078554 0.194803431630135 0.140835627913475 0.228118985891342 0.273061335086823 0.218137577176094 0.191290304064751 0.0992993861436844 0.221847087144852 0.483374148607254 0.507479608058929 0.336448311805725 0.407381325960159 0.465591907501221 0.599890470504761 0.766982972621918 0.71782910823822 0.8090660572052
-3.4e+38 -3.4e+38 -3.4e+38 -3.4e+38 -3.4e+38 -3.4e+38 2.51642541115871e-05 2.01073162315879e-05 1.58382936206181e-05 8.01322457846254e-05 7.17215370968916e-05 0.000258208921877667 5.91126663493924e-05 2.34045965044061e-05 3.26172594213858e-05 9.56045114435256e-05 9.29998641368002e-05 0.00118689588271081 0.000909285910893232 0.000304053217405453 0.00563024077564478 0.012759467586875 0.00297551113180816 0.00953937135636806 0.0629891753196716 0.0764425024390221 0.0841440558433533 0.0990087166428566 0.217183291912079 0.0695592612028122 0.105060525238514 0.0983648672699928 0.0723257511854172 0.12071643024683 0.127009510993958 0.20104555785656 0.331133008003235 0.432118445634842 0.455091178417206 0.245116919279099 0.396518260240555 0.589721977710724 0.649698257446289 0.735799193382263 0.730699956417084
-339999999999999996123846586046231871488.000000000000000 -3.4e+38 -3.4e+38 -3.4e+38 -3.4e+38 -3.4e+38 1.99850837816484e-05 1.64252178365132e-05 9.05027045519091e-05 7.85500888014212e-05 0.000285321701085195 0.000230609031859785 0.000217245105886832 4.14809655921999e-05 1.95877655642107e-05 3.57364078809042e-05 3.26337067235727e-05 0.000857957114931196 0.000475674984045327 0.000238014137721621 0.00370004796423018 0.00899810902774334 0.00500756781548262 0.00773492874577641 0.055429644882679 0.0443836785852909 0.0811203792691231 0.104901514947414 0.116840466856956 0.057307843118906 0.163712993264198 0.17002210021019 0.190324723720551 0.0856401845812798 0.0746833235025406 0.289179801940918 0.354275971651077 0.320507138967514 0.366823852062225 0.176355555653572 0.437856405973434 0.503392934799194 0.478237271308899 0.518581867218018 0.631239712238312
-3.4e+38 -3.4e+38 -3.4e+38 -3.4e+38 -3.4e+38 -3.4e+38 1.61808820848819e-05 1.47073251355323e-05 8.10205820016563e-05 7.2386312240269e-05 0.000260459230048582 0.000217044100281782 0.000202840819838457 3.32708914356772e-05 1.00374145404203e-05 3.82504986191634e-05 3.11711737595033e-05 0.000297888531349599 0.000632029725238681 0.000127286068163812 0.002293681493029 0.0014338162727654 0.00225464953109622 0.007750837597996 0.0104045048356056 0.0337378568947315 0.157706916332245 0.285851657390594 0.0733861699700356 0.17546834051609 0.155433878302574 0.269029557704926 0.188375994563103 0.133296176791191 0.121542006731033 0.194028243422508 0.358739912509918 0.274575114250183 0.18754343688488 0.179591670632362 0.361671924591064 0.305053502321243 0.3864466547966 0.404032766819 0.477353721857071
-3.4e+38 -3.4e+38 -3.4e+38 3.35683798766695e-05 -3.4e+38 -3.4e+38 1.21811199278454e-05 1.124314894696e-05 6.11955547356047e-05 5.46996452612802e-05 0.000195538072148338 0.00019692127534654 0.000180535134859383 2.96434227493592e-05 1.01012592494953e-05 3.51513881469145e-05 8.81943415151909e-05 9.19852463994175e-05 0.000257964013144374 0.000165017423569225 0.00371110741980374 0.00686638476327062 0.00453919591382146 0.0618161037564278 0.0432623364031315 0.00833971053361893 0.137456074357033 0.0847057029604912 0.0423717983067036 0.0831433907151222 0.10279206931591 0.30623397231102 0.24014675617218 0.194166243076324 0.144933626055717 0.278069406747818 0.345414996147156 0.324610322713852 0.139758095145226 0.212391510605812 0.178937286138535 0.161899343132973 0.226534217596054 0.28671532869339 0.360016077756882
-3.4e+38 -3.4e+38 -3.4e+38 -3.4e+38 -3.4e+38 -3.4e+38 -3.4e+38 1.59660721692489e-05 1.33281055241241e-05 6.26649925834499e-05 6.91077366354875e-05 4.14172172895633e-05 3.56671698682476e-05 6.50758329356904e-06 1.22925575851696e-05 9.99308667815058e-06 0.000163155928021297 0.000111297049443237 0.000190232676686719 0.000329578499076888 0.00342299672774971 0.0106579484418035 0.0070354794152081 0.0779753401875496 0.0299912691116333 0.0268389768898487 0.131212890148163 0.194528996944427 0.0125813139602542 0.0587022341787815 0.288328051567078 0.222759753465652 0.104682944715023 0.363694757223129 0.166034281253815 0.281179010868073 0.305943369865417 0.198918148875237 0.0832047164440155 0.121506541967392 0.0519629865884781 0.191721215844154 0.236543148756027 0.258661597967148 0.370676547288895
-3.4e+38 -3.4e+38 -3.4e+38 -3.4e+38 -3.4e+38 -3.4e+38 -3.4e+38 -3.4e+38 7.77685909270076e-06 5.5296759455814e-06 5.72784983887686e-06 1.01698515209137e-05 6.68709571982617e-06 9.57285283220699e-06 1.05288572740392e-05 6.82913232594728e-05 0.000190448336070403 0.000202685914700851 0.000320620223646984 0.000605242617893964 0.00327186100184917 0.0145383747294545 0.00943378917872906 0.0843425989151001 0.029975226148963 0.059923842549324 0.154579192399979 0.176737323403358 0.00897513050585985 0.0915783122181892 0.105092629790306 0.111794009804726 0.338958859443665 0.211265906691551 0.139856293797493 0.500190019607544 0.395333588123322 0.118507459759712 0.0242073964327574 0.079584002494812 0.206894606351852 0.307076781988144 0.218483835458755 0.282290488481522 0.418032616376877
-3.4e+38 -3.4e+38 -3.4e+38 -3.4e+38 -3.4e+38 -3.4e+38 -3.4e+38 -3.4e+38 5.54967709831544e-06 4.13284760725219e-06 4.34347020927817e-06 5.23567541677039e-06 8.15964358480414e-06 0.00036593631375581 0.000570908247027546 0.000142956545460038 0.000184029515367001 0.000210637866985053 0.000313442142214626 0.000606665853410959 0.00327655673027039 0.0246598683297634 0.0533748492598534 0.0742026120424271 0.0337642766535282 0.0539689101278782 0.152760103344917 0.0298704840242863 0.0088338116183877 0.128308802843094 0.269996702671051 0.122363328933716 0.265109151601791 0.13594962656498 0.153116151690483 0.280809551477432 0.185888975858688 0.0498267188668251 0.0570991635322571 0.185973227024078 0.304385870695114 0.248449400067329 0.246436208486557 0.335321873426437 0.374416470527649
-3.4e+38 -3.4e+38 -3.4e+38 -3.4e+38 -3.4e+38 -3.4e+38 -3.4e+38 -3.4e+38 -3.4e+38 4.86590488435468e-06 6.3543047872372e-06 5.26863550476264e-06 9.85814549494535e-05 0.000275125581538305 0.000669706147164106 0.000589755713008344 0.000603551336098462 0.000379442819394171 0.000460773939266801 0.000573735567741096 0.0103726061061025 0.00174930994398892 0.0438341200351715 0.0328060165047646 0.0736923515796661 0.0573344565927982 0.0708165392279625 0.00879869144409895 0.0147716188803315 0.171397686004639 0.362803667783737 0.354227185249329 0.230268955230713 0.256255000829697 0.348525136709213 0.531326532363892 0.0519755408167839 0.017571771517396 0.125829756259918 0.258538544178009 0.257889032363892 0.245939671993256 0.285540014505386 0.340641498565674 0.393386036157608
-3.4e+38 -3.4e+38 -3.4e+38 -3.4e+38 -3.4e+38 -3.4e+38 -3.4e+38 -3.4e+38 -3.4e+38 -3.4e+38 -3.4e+38 4.75194565296988e-06 0.0003295601636637 0.00146663247141987 0.00956128630787134 0.00305693969130516 0.00396260293200612 0.00803939718753099 0.000607030699029565 0.00068793079117313 0.000715352012775838 0.00206653634086251 0.0555063560605049 0.0378527529537678 0.0538201704621315 0.106965161859989 0.0315816029906273 0.0079167764633894 0.0286158565431833 0.387303352355957 0.271783053874969 0.340898782014847 0.170119225978851 0.304176300764084 0.530757308006287 0.462269961833954 0.0467754267156124 0.0551448315382004 0.19295334815979 0.295457661151886 0.261809855699539 0.31676584482193 0.309614419937134 0.371344596147537 0.38349637389183
