data/climate_estimation/maxent_output/Schoenocaulon_dubium.asc
NCOLS 20 
NROWS 24 
XLLCORNER -82.8333333333333 
YLLCORNER 27.9166666666667 
CELLSIZE 0.0833333333333336 
NODATA_value -3.4e+38 
0.668009698390961 0.771103501319885 0.766688942909241 0.745915651321411 0.737344622612 0.730208218097687 0.715725064277649 0.742051780223846 0.738985061645508 0.745449364185333 0.736192882061005 0.771547257900238 0.787144005298615 0.648653090000153 0.664519369602203 0.658665001392365 0.581650137901306 0.520517766475677 0.404886215925217 -3.4e+38
0.502029180526733 0.794767439365387 0.797455549240112 0.77575021982193 0.771843492984772 0.760207295417786 0.733810544013977 0.75081592798233 0.730933547019958 0.731482326984406 0.76735520362854 0.77974146604538 0.806113183498383 0.665575444698334 0.666595816612244 0.674627900123596 0.594893634319305 0.487610369920731 0.420280247926712 0.42256835103035
0.456685394048691 0.743441998958588 0.828293204307556 0.796173572540283 0.749477386474609 0.74865198135376 0.746292769908905 0.787025570869446 0.782334268093109 0.77283650636673 0.785538077354431 0.795917868614197 0.660270273685455 0.683779537677765 0.689473211765289 0.698191702365875 0.614035308361053 0.545359253883362 0.479408234357834 0.429939895868301
0.405741363763809 0.757982552051544 0.829056799411774 0.793956160545349 0.804105818271637 0.768488645553589 0.778759896755219 0.788328170776367 0.785296022891998 0.794772505760193 0.801093757152557 0.82123738527298 0.688215494155884 0.694474339485168 0.69499135017395 0.693370401859283 0.62725704908371 0.561498284339905 0.493667244911194 0.487883657217026
0.5483278632164 0.832369446754456 0.826708972454071 0.823604762554169 0.804588496685028 0.785761892795563 0.803621828556061 0.813002824783325 0.817988574504852 0.823449373245239 0.828968524932861 0.790288329124451 0.71418285369873 0.702071964740753 0.700044751167297 0.647935926914215 0.637531459331512 0.565507829189301 0.55692994594574 0.492916584014893
0.774200022220612 0.844391345977783 0.847319722175598 0.845998644828796 0.840735197067261 0.840553760528564 0.840521693229675 0.836640119552612 0.841439664363861 0.83055454492569 0.836402893066406 0.82430511713028 0.705700278282166 0.712534248828888 0.721965491771698 0.712245404720306 0.655147016048431 0.642300128936768 0.572153568267822 0.55408775806427
0.841604053974152 0.840609669685364 0.843652725219727 0.857248306274414 0.868231534957886 0.838658034801483 0.860576868057251 0.839862048625946 0.854946553707123 0.852970480918884 0.858085930347443 0.805422186851501 0.724494814872742 0.727353155612946 0.728043854236603 0.734840333461761 0.722510039806366 0.654055535793304 0.639061570167542 0.573517382144928
0.851320564746857 0.852173745632172 0.867960751056671 0.876162707805634 0.883303105831146 0.888530969619751 0.886422634124756 0.886095285415649 0.869442820549011 0.872622489929199 0.866736233234406 0.862682998180389 0.734021782875061 0.785267770290375 0.750198125839233 0.741227149963379 0.730139315128326 0.7325519323349 0.720357239246368 0.646617412567139
0.872991025447845 0.871038615703583 0.878485143184662 0.875809371471405 0.893371224403381 0.90456622838974 0.893138706684113 0.896068453788757 0.877867460250854 0.883021831512451 0.873087048530579 0.827168822288513 0.736514687538147 0.747496426105499 0.801178991794586 0.807772219181061 0.798719763755798 0.796856641769409 0.786088526248932 0.713514149188995
0.876141905784607 0.878212034702301 0.887738883495331 0.881655871868134 0.889600455760956 0.90653669834137 0.904535114765167 0.907855153083801 0.89624160528183 0.886102378368378 0.881807804107666 0.827587127685547 0.816942870616913 0.789256393909454 0.795988321304321 0.832773327827454 0.847919702529907 0.860542774200439 0.843316793441772 0.815811038017273
0.886634409427643 0.885405421257019 0.884217143058777 0.896554827690125 0.901726067066193 0.911410093307495 0.915263831615448 0.91293340921402 0.920249700546265 0.91120582818985 0.881388425827026 0.868375837802887 0.822941303253174 0.863376080989838 0.797688484191895 0.845656335353851 0.867757737636566 0.865880489349365 0.849744856357574 0.838749468326569
-3.4e+38 0.898110210895538 0.897561609745026 0.889522075653076 0.892939329147339 0.911395668983459 0.925756096839905 0.923587501049042 0.925442755222321 0.909649968147278 0.903696119785309 0.867319226264954 0.818839251995087 0.868662416934967 0.834821343421936 0.860001742839813 0.87511944770813 0.880401849746704 0.857941389083862 0.847820460796356
-339999999999999996123846586046231871488.000000000000000 0.898840725421906 0.899337708950043 0.893521547317505 0.895747184753418 0.907650291919708 0.92438006401062 0.933379530906677 0.935134589672089 0.921411275863647 0.903911769390106 0.866740703582764 0.858239412307739 0.866553664207458 0.892463326454163 0.869933903217316 0.877054214477539 0.872251212596893 0.85485702753067 0.825917899608612
-3.4e+38 0.902011156082153 0.895638048648834 0.89397782087326 0.895661175251007 0.901062488555908 0.914529860019684 0.923287868499756 0.932866096496582 0.927859663963318 0.914835035800934 0.909997820854187 0.894886672496796 0.903443217277527 0.903234422206879 0.867235362529755 0.864592969417572 0.859424233436584 0.846834540367126 0.800936162471771
-3.4e+38 0.897833108901978 0.892305314540863 0.891435384750366 0.886948764324188 0.893303394317627 0.905281484127045 0.910445094108582 0.91955155134201 0.920587122440338 0.916504919528961 0.910277843475342 0.917728364467621 0.914524674415588 0.916022539138794 0.854349553585052 0.856745898723602 0.844961106777191 0.829970300197601 0.805638372898102
-3.4e+38 -3.4e+38 0.882277369499207 0.876604437828064 0.855332911014557 0.867256879806519 0.873269081115723 0.89358127117157 0.904399871826172 0.905900001525879 0.908252835273743 0.904882252216339 0.909810185432434 0.895777821540833 0.846228778362274 0.840535402297974 0.833806812763214 0.807892203330994 0.805197715759277 0.782600343227386
-3.4e+38 -3.4e+38 0.870167255401611 0.839388787746429 0.833300113677979 0.831885993480682 0.859574556350708 0.873826324939728 0.882189750671387 0.89079874753952 0.901149213314056 0.896227717399597 0.900208830833435 0.883664309978485 0.831965088844299 0.818984627723694 0.809268474578857 0.790539383888245 0.782853543758392 0.758371233940125
-3.4e+38 0.867750942707062 0.856165885925293 0.830850064754486 0.810219764709473 0.817749083042145 0.841459929943085 0.860101282596588 0.869247496128082 0.868153750896454 0.872954964637756 0.873333811759949 0.879876136779785 0.863450348377228 0.811538100242615 0.798463463783264 0.791857004165649 0.777519345283508 0.7614426612854 0.746647953987122
-339999999999999996123846586046231871488.000000000000000 0.867967307567596 0.84619551897049 0.829081952571869 0.80817186832428 0.819587409496307 0.833399891853333 0.856780409812927 0.859724164009094 0.855548202991486 0.847806394100189 0.739850342273712 0.675164341926575 0.669641315937042 0.556389689445496 0.624577462673187 0.692394852638245 0.751749753952026 0.748878538608551 0.718479454517365
-3.4e+38 0.870118856430054 0.858617067337036 0.827112913131714 0.809797644615173 0.818348050117493 0.827309608459473 0.821661651134491 0.834706246852875 0.824107229709625 0.648070812225342 0.496880203485489 0.426550149917603 0.436379671096802 0.34885585308075 0.338393747806549 0.386943161487579 0.498834848403931 0.697973012924194 0.715117931365967
0.886599242687225 0.88174694776535 0.85706090927124 0.842768132686615 0.813284397125244 0.810186862945557 0.808179080486298 0.807549595832825 0.801287353038788 0.512824416160583 0.388658285140991 0.345736414194107 0.299318045377731 0.311327815055847 0.233060777187347 0.235289067029953 0.265814870595932 0.358950018882751 0.638336658477783 0.699193000793457
0.822901666164398 0.800532341003418 0.848554134368896 0.830298125743866 0.813765048980713 0.80290687084198 0.714457750320435 0.490853518247604 0.408801555633545 0.296481549739838 0.213946104049683 0.229046761989594 0.241802603006363 0.172920137643814 0.194985046982765 0.234200373291969 0.274960845708847 0.360614061355591 0.544710516929626 0.68328320980072
0.790632605552673 0.770456850528717 0.764849960803986 0.727570593357086 0.589483618736267 0.375342696905136 0.35789030790329 0.295149147510529 0.239628508687019 0.200393289327621 0.169771268963814 0.221671223640442 0.332091391086578 0.239828288555145 0.228886798024178 0.237492859363556 0.268511772155762 0.380479276180267 0.535945057868958 0.682184875011444
0.679658830165863 0.6740562915802 0.591701090335846 0.439214020967484 0.181757658720016 0.153138712048531 0.206789314746857 0.201696932315826 0.238684624433517 0.286249428987503 0.410291343927383 0.632523655891418 0.715588331222534 0.528896570205688 0.3818379342556 0.317587196826935 0.374769598245621 0.434732377529144 0.555821478366852 0.677379548549652
