data/climate_estimation/maxent_output/Schoenocaulon_caricifolium.asc
NCOLS 116 
NROWS 128 
XLLCORNER -106.583333333333 
YLLCORNER 17.25 
CELLSIZE 0.0833333333333334 
NODATA_value -3.4e+38 
[rows 84 to 104 of 128, columns 46 to 91 of 116]
0.69544529914856 0.719127535820007 0.717185139656067 0.737775087356567 0.74791556596756 0.76348888874054 0.717965364456177 0.652181208133698 0.613148331642151 0.576763212680817 0.555604815483093 0.56952303647995 0.717481374740601 0.707300305366516 0.563459753990173 0.575381696224213 0.749087393283844 0.767626285552979 0.790015518665314 0.72197437286377 0.72015905380249 0.677054882049561 0.775324523448944 0.761631488800049 0.836434006690979 0.82883620262146 0.861886143684387 0.882918655872345 0.898612499237061 0.914730072021484 0.949636101722717 0.930206954479218 0.887610554695129 0.856813788414001 0.849925637245178 0.875914335250854 0.879685640335083 0.948891520500183 0.905044257640839 0.672651588916779 0.717943549156189 0.789392292499542 0.858761548995972 0.634466648101807 0.574195861816406 0.750078201293945
0.641428172588348 0.736656129360199 0.750196099281311 0.729042887687683 0.729215025901794 0.760312914848328 0.752835273742676 0.715622961521149 0.629855036735535 0.545774221420288 0.531902253627777 0.592299461364746 0.552585005760193 0.543335020542145 0.547502279281616 0.536904454231262 0.542354762554169 0.585367739200592 0.632687926292419 0.658598303794861 0.71106743812561 0.671696901321411 0.78982800245285 0.780206263065338 0.859724462032318 0.845796525478363 0.888360679149628 0.85162228345871 0.871587932109833 0.87847775220871 0.873556792736053 0.868341326713562 0.89259272813797 0.906956613063812 0.89433091878891 0.928016901016235 0.9274942278862 0.966107487678528 0.91475647687912 0.738016903400421 0.901271462440491 0.810582339763641 0.835336863994598 0.772321343421936 0.696146190166473 0.742919266223907
0.674249529838562 0.715571820735931 0.741862833499908 0.712210834026337 0.71661376953125 0.771083772182465 0.798338055610657 0.805989980697632 0.753393888473511 0.558782935142517 0.516802430152893 0.530939102172852 0.532504320144653 0.530546069145203 0.59566992521286 0.547023832798004 0.520008683204651 0.518968105316162 0.583384990692139 0.629402697086334 0.644834339618683 0.780924260616302 0.781022250652313 0.749540507793427 0.7965367436409 0.836978912353516 0.849896848201752 0.830616593360901 0.867891192436218 0.846865952014923 0.860128164291382 0.923975706100464 0.904137253761292 0.907903134822845 0.911923170089722 0.92338353395462 0.927428066730499 0.892076253890991 0.869622826576233 0.884894669055939 0.792792201042175 0.92038094997406 0.934245645999908 0.915616631507874 0.861737728118896 0.820947587490082
0.635078310966492 0.649938225746155 0.68481981754303 0.654465973377228 0.681936800479889 0.706385731697083 0.765837788581848 0.763659656047821 0.701389312744141 0.565169394016266 0.596232950687408 0.690773725509644 0.576841354370117 0.504332959651947 0.507404744625092 0.493337213993073 0.47073832154274 0.480657190084457 0.517832696437836 0.572576820850372 0.760280668735504 0.768839776515961 0.758750796318054 0.747308313846588 0.788611829280853 0.812743842601776 0.784104824066162 0.780369699001312 0.829227983951569 0.855291128158569 0.839422225952148 0.852472424507141 0.91308057308197 0.898045480251312 0.909524738788605 0.918190538883209 0.890998959541321 0.759040057659149 0.777644217014313 0.785012066364288 0.829396665096283 0.953922092914581 0.953732132911682 0.906928896903992 0.920127511024475 0.88066703081131
0.56525582075119 0.585802257061005 0.589327991008759 0.58397102355957 0.552475392818451 0.562919974327087 0.611153423786163 0.630598604679108 0.647799849510193 0.591175436973572 0.67820155620575 0.746009051799774 0.700870513916016 0.536813080310822 0.498086005449295 0.470000684261322 0.452104270458221 0.469636082649231 0.508679986000061 0.711133897304535 0.737517774105072 0.765676081180573 0.767704784870148 0.751245856285095 0.755456507205963 0.764707505702972 0.780871450901031 0.798349261283875 0.862878441810608 0.883187890052795 0.85299164056778 0.844419836997986 0.848908245563507 0.90567022562027 0.898204147815704 0.913324296474457 0.78164142370224 0.79231071472168 0.914651870727539 0.913966059684753 0.805135428905487 0.811871767044067 0.828793168067932 0.922994077205658 0.929000437259674 0.922452092170715
0.558488726615906 0.605043470859528 0.592689633369446 0.525664329528809 0.547984957695007 0.523610353469849 0.52924382686615 0.535144865512848 0.50637948513031 0.490823447704315 0.634137868881226 0.695891380310059 0.608540773391724 0.514062106609344 0.500064253807068 0.481854259967804 0.446576952934265 0.469532310962677 0.497253715991974 0.706809818744659 0.737994492053986 0.767040908336639 0.668968439102173 0.766594052314758 0.663774609565735 0.674890220165253 0.685731828212738 0.880141913890839 0.881729304790497 0.907002866268158 0.893543899059296 0.864157855510712 0.903334558010101 0.901634275913239 0.934293746948242 0.937750220298767 0.912811756134033 0.922328054904938 0.955257713794708 0.928126633167267 0.904062628746033 0.854832112789154 0.85043877363205 0.874332427978516 0.948019087314606 0.93901389837265
0.552735328674316 0.562062740325928 0.563867032527924 0.548095881938934 0.532995283603668 0.554655134677887 0.521077632904053 0.66931825876236 0.468374580144882 0.459114402532578 0.48680517077446 0.500576078891754 0.505168497562408 0.477519184350967 0.511503100395203 0.484084993600845 0.484196841716766 0.492248713970184 0.529179692268372 0.540884792804718 0.583926379680634 0.661898851394653 0.719705939292908 0.784275531768799 0.746480226516724 0.764167785644531 0.734415948390961 0.786702811717987 0.912692666053772 0.91936320066452 0.952283203601837 0.893157422542572 0.923232972621918 0.919839799404144 0.94649201631546 0.9489865899086 0.948009788990021 0.952660024166107 0.96504944562912 0.951291978359222 0.915531039237976 0.932649612426758 0.929775834083557 0.942965984344482 0.9356409907341 0.945573091506958
0.56835949420929 0.58219450712204 0.59585964679718 0.579396307468414 0.532296061515808 0.514384329319 0.50404417514801 0.627572417259216 0.527645289897919 0.471888452768326 0.482211351394653 0.501627027988434 0.560445487499237 0.485555410385132 0.477013647556305 0.503523051738739 0.55685555934906 0.614510059356689 0.604895293712616 0.583375751972198 0.597940027713776 0.646286010742188 0.636013686656952 0.629621744155884 0.716986119747162 0.755395531654358 0.755915522575378 0.910525381565094 0.934241831302643 0.961707234382629 0.955640077590942 0.912257432937622 0.939092576503754 0.940418839454651 0.943892240524292 0.945552945137024 0.912236213684082 0.96325695514679 0.965950012207031 0.953137755393982 0.945801913738251 0.943264722824097 0.935217440128326 0.950500249862671 0.938764989376068 0.939565181732178
0.594164431095123 0.600884318351746 0.602933466434479 0.586954593658447 0.581516146659851 0.563737213611603 0.504040241241455 0.538374066352844 0.586249947547913 0.534173250198364 0.522150337696075 0.500244677066803 0.502025544643402 0.48775976896286 0.545827448368073 0.615317940711975 0.677106559276581 0.545811533927917 0.560521960258484 0.612775862216949 0.629961013793945 0.647504270076752 0.660350561141968 0.683542430400848 0.770353019237518 0.859857738018036 0.773521780967712 0.798818111419678 0.914290964603424 0.936580777168274 0.965133905410767 0.968400657176971 0.958429634571075 0.903403043746948 0.938328921794891 0.948783755302429 0.959906935691833 0.957994163036346 0.958525955677032 0.954583168029785 0.940052151679993 0.931097507476807 0.929979860782623 0.944833099842072 0.948523938655853 0.950240254402161
0.6136634349823 0.638176798820496 0.65862911939621 0.617297530174255 0.566985487937927 0.565125405788422 0.654823005199432 0.680968999862671 0.711548328399658 0.62067061662674 0.571478426456451 0.541345596313477 0.518774449825287 0.59874951839447 0.592005431652069 0.623213469982147 0.601920783519745 0.627926826477051 0.602521359920502 0.648919343948364 0.662994861602783 0.697189211845398 0.690285801887512 0.71077823638916 0.695958971977234 0.720601916313171 0.718380093574524 0.811488807201385 0.93813556432724 0.927403032779694 0.936789035797119 0.938155770301819 0.939169526100159 0.930366694927216 0.924805045127869 0.961308300495148 0.969959616661072 0.970880746841431 0.96207058429718 0.950141191482544 0.924237191677094 0.93320095539093 0.93503350019455 0.939257919788361 0.955251038074493 0.957229614257812
0.628134310245514 0.628317475318909 0.67870706319809 0.626229107379913 0.57379275560379 0.527261734008789 0.550094902515411 0.771249234676361 0.727550745010376 0.724066138267517 0.701898038387299 0.640286266803741 0.603563904762268 0.678802073001862 0.686136662960052 0.771001279354095 0.812489330768585 0.761627912521362 0.680527925491333 0.623149633407593 0.648306608200073 0.742261588573456 0.741224110126495 0.686314463615417 0.690165460109711 0.716371297836304 0.703588843345642 0.758643388748169 0.901189625263214 0.929136633872986 0.92534601688385 0.929503440856934 0.943310618400574 0.987193703651428 0.978455066680908 0.975419461727142 0.971740245819092 0.972702980041504 0.955103814601898 0.949374139308929 0.941084504127502 0.943261325359344 0.944355189800262 0.961833119392395 0.968878209590912 0.971531808376312
0.782105803489685 0.705839991569519 0.691600739955902 0.713911831378937 0.666405200958252 0.571922719478607 0.70202624797821 0.70256119966507 0.736757159233093 0.80038845539093 0.800562739372253 0.721992671489716 0.719967901706696 0.732430875301361 0.793728470802307 0.847534775733948 0.818715631961823 0.628712356090546 0.654741287231445 0.645688652992249 0.86940860748291 0.671668708324432 0.689203381538391 0.728786587715149 0.803989410400391 0.86539614200592 0.780903398990631 0.76075679063797 0.843241572380066 0.835763275623322 0.926152884960175 0.959303796291351 0.93524843454361 0.962691962718964 0.954997777938843 0.974990129470825 0.972539901733398 0.96897155046463 0.956857800483704 0.951921224594116 0.947750747203827 0.94722855091095 0.956381380558014 0.958115875720978 0.962379932403564 0.968040347099304
0.795850038528442 0.789533197879791 0.782150030136108 0.845652461051941 0.857062816619873 0.854101359844208 0.725942611694336 0.749553561210632 0.82439523935318 0.858612716197968 0.8658127784729 0.786738872528076 0.737315714359283 0.747999548912048 0.786322355270386 0.798829257488251 0.750270009040833 0.740240216255188 0.69482809305191 0.881834387779236 0.894289016723633 0.673733174800873 0.707103908061981 0.75779116153717 0.892919719219208 0.910335838794708 0.894241631031036 0.783359408378601 0.776121020317078 0.841450870037079 0.874299764633179 0.944809138774872 0.959570050239563 0.956798255443573 0.949975252151489 0.97651207447052 0.970875680446625 0.97240138053894 0.968796133995056 0.965228676795959 0.95598030090332 0.959660470485687 0.957234740257263 0.960416376590729 0.960932731628418 0.961195051670074
0.793332636356354 0.73435640335083 0.790282905101776 0.866616904735565 0.937463104724884 0.921086311340332 0.878544211387634 0.891244351863861 0.865312039852142 0.896467924118042 0.907808065414429 0.805742740631104 0.772789120674133 0.805461704730988 0.853610157966614 0.827738165855408 0.802661061286926 0.799510478973389 0.701168298721313 0.89226371049881 0.889573216438293 0.711875140666962 0.76090395450592 0.860041499137878 0.926742672920227 0.954164564609528 0.931013345718384 0.842974424362183 0.824697613716125 0.935182929039001 0.941063106060028 0.976202785968781 0.97126692533493 0.95721024274826 0.949998378753662 0.95523077249527 0.971823275089264 0.974572360515594 0.969927549362183 0.958528578281403 0.959793925285339 0.963942587375641 0.965476989746094 0.961210429668427 0.963974118232727 0.966827690601349
0.828891396522522 0.812096953392029 0.763505101203918 0.779823422431946 0.925893425941467 0.953634858131409 0.933194398880005 0.909818768501282 0.888395965099335 0.929973185062408 0.95572829246521 0.934678971767426 0.87309342622757 0.830663681030273 0.890339195728302 0.880086839199066 0.790381550788879 0.78020578622818 0.816636562347412 0.826705515384674 0.710821509361267 0.839139103889465 0.918468713760376 0.93549633026123 0.900959849357605 0.857060790061951 0.853697538375854 0.860332369804382 0.913643658161163 0.966350674629211 0.965090930461884 0.961568236351013 0.974606871604919 0.964276254177094 0.948431134223938 0.956407487392426 0.944137156009674 0.965297639369965 0.970845222473145 0.96747750043869 0.96327793598175 0.965718269348145 0.963413953781128 0.963504910469055 0.964051723480225 0.969594359397888
0.441855520009995 0.541388392448425 0.592225253582001 0.652975261211395 0.855257153511047 0.932919561862946 0.930894196033478 0.903244912624359 0.940406858921051 0.940184950828552 0.95641040802002 0.952646434307098 0.88030081987381 0.816031992435455 0.812575280666351 0.855469405651093 0.881606578826904 0.737134218215942 0.777050852775574 0.791868984699249 0.717188537120819 0.697232007980347 0.712933957576752 0.864838719367981 0.932637691497803 0.919846713542938 0.892921328544617 0.807948172092438 0.913607776165009 0.965297102928162 0.977539002895355 0.955344796180725 0.973585307598114 0.967592895030975 0.950795352458954 0.943603336811066 0.934425592422485 0.962522447109222 0.985911726951599 0.975296258926392 0.96813952922821 0.962850749492645 0.957820177078247 0.961056351661682 0.963909089565277 0.968271970748901
0.238404884934425 0.382711857557297 0.443778812885284 0.602288782596588 0.825952887535095 0.92608231306076 0.951850473880768 0.932854294776917 0.925778210163116 0.926128029823303 0.928101181983948 0.907645761966705 0.822795987129211 0.818232715129852 0.827887952327728 0.826638340950012 0.794291079044342 0.794880628585815 0.83176577091217 0.796544790267944 0.565839827060699 0.415040999650955 0.383657664060593 0.780927717685699 0.933891534805298 0.941660344600677 0.84940367937088 0.770038425922394 0.869649291038513 0.961408257484436 0.979647159576416 0.961199641227722 0.957115650177002 0.960643589496613 0.974373936653137 0.963990688323975 0.965363621711731 0.972463130950928 0.988570332527161 0.987680971622467 0.967158734798431 0.963608503341675 0.952015340328217 0.964485645294189 0.96265321969986 0.968081712722778
0.139894515275955 0.180476039648056 0.410381883382797 0.772670209407806 0.95080703496933 0.980974197387695 0.959833979606628 0.875288307666779 0.801546156406403 0.728027045726776 0.716578841209412 0.891247093677521 0.891251742839813 0.892153739929199 0.936346173286438 0.94291764497757 0.912685453891754 0.843568563461304 0.726208865642548 0.622868180274963 0.748877108097076 0.410113245248795 0.260555177927017 0.720754325389862 0.891053855419159 0.832103848457336 0.709684133529663 0.690351366996765 0.731546819210052 0.886605322360992 0.967655420303345 0.960479915142059 0.966239213943481 0.967670381069183 0.957788109779358 0.966837704181671 0.96868759393692 0.973778545856476 0.975833356380463 0.986993074417114 0.983686923980713 0.96236377954483 0.943726658821106 0.954193711280823 0.957952976226807 0.967144906520844
0.127622812986374 0.185821503400803 0.312460601329803 0.709687113761902 0.945564746856689 0.970160663127899 0.893760621547699 0.782327234745026 0.690927267074585 0.490073651075363 0.531623721122742 0.755828261375427 0.879073321819305 0.911002278327942 0.94842654466629 0.94262421131134 0.931561231613159 0.871225118637085 0.640996873378754 0.465953499078751 0.696746170520782 0.343742579221725 0.155620321631432 0.429785251617432 0.642523944377899 0.522977232933044 0.387253791093826 0.560180902481079 0.755688667297363 0.937816679477692 0.95945680141449 0.924913585186005 0.946635365486145 0.943801283836365 0.957277953624725 0.972732603549957 0.97724461555481 0.975880146026611 0.973986029624939 0.979301571846008 0.982855081558228 0.970689654350281 0.959040880203247 0.955457448959351 0.957117557525635 0.968359887599945
0.0942761301994324 0.109986089169979 0.16916312277317 0.60814106464386 0.872502744197845 0.881741106510162 0.64285945892334 0.477091908454895 0.502133309841156 0.237343907356262 0.225000113248825 0.588319540023804 0.852695941925049 0.899309873580933 0.883417069911957 0.82159948348999 0.804694533348083 0.740370810031891 0.550201654434204 0.278791010379791 0.489669352769852 0.490669101476669 0.128261491656303 0.188921496272087 0.211595728993416 0.146360412240028 0.227817073464394 0.41145458817482 0.729974269866943 0.819423854351044 0.811549365520477 0.876561224460602 0.905049324035645 0.953358888626099 0.978920638561249 0.980699241161346 0.984344959259033 0.984800279140472 0.980957865715027 0.979612708091736 0.987684845924377 0.988084673881531 0.96583491563797 0.951519131660461 0.954811215400696 0.960238456726074
0.0701131671667099 0.0794418081641197 0.0965240001678467 0.226364716887474 0.592208564281464 0.627155661582947 0.299217790365219 0.189181163907051 0.190833434462547 0.171165257692337 0.119604632258415 0.397237241268158 0.747746646404266 0.871187150478363 0.688512802124023 0.445995181798935 0.445559412240982 0.393350511789322 0.37149378657341 0.224155396223068 0.275412619113922 0.317349165678024 0.13880567252636 0.131607130169868 0.122192949056625 0.108511738479137 0.134305164217949 0.27682027220726 0.529715716838837 0.540493488311768 0.679133355617523 0.724861323833466 0.88855391740799 0.948790431022644 0.982445955276489 0.984043657779694 0.985981047153473 0.985429584980011 0.983202993869781 0.981349945068359 0.989288091659546 0.994910001754761 0.988958418369293 0.975800335407257 0.973156690597534 0.963828802108765
