data/climate_estimation/maxent_output/Schoenocaulon_tenuifolium.asc
NCOLS 106 
NROWS 48 
XLLCORNER -101.5 
YLLCORNER 16.0833333333333 
CELLSIZE 0.0833333333333333 
NODATA_value -3.4e+38 
[rows 20 to 39 of 48, columns 45 to 89 of 106]
0.721576035022736 0.904837608337402 0.836270332336426 0.962749779224396 0.472653210163116 0.367400735616684 0.775883495807648 0.972536206245422 0.991363346576691 0.997022032737732 0.863771855831146 0.845506608486176 0.666339635848999 0.605008840560913 0.583808302879333 0.49944195151329 0.359502524137497 0.316340833902359 0.184788405895233 0.171441838145256 0.149898558855057 0.117073185741901 0.0929074957966805 0.0704562366008759 0.0520102009177208 0.0384059473872185 0.0329749099910259 0.0349036306142807 0.0364323407411575 0.0393597409129143 0.0511534065008163 0.104685671627522 0.0767713636159897 0.115712553262711 0.184519052505493 0.0482380837202072 0.0526407286524773 -3.4e+38 -3.4e+38 -3.4e+38 -3.4e+38 -3.4e+38 -3.4e+38 -3.4e+38 -3.4e+38
0.673557698726654 0.719641983509064 0.599735379219055 0.909935891628265 0.493540018796921 0.089972198009491 0.197292506694794 0.928929388523102 0.992741286754608 0.994792819023132 0.99597442150116 0.929969668388367 0.643342852592468 0.620203971862793 0.538185179233551 0.625313103199005 0.423133134841919 0.367401629686356 0.371499538421631 0.189993247389793 0.146157681941986 0.0999721810221672 0.0817354172468185 0.0634139329195023 0.0473141074180603 0.0319760404527187 0.0304781571030617 0.0353669598698616 0.0343347229063511 0.0405984818935394 0.0493691004812717 0.0888128504157066 0.0912484526634216 0.113693028688431 0.126995518803596 0.0441490337252617 0.0379954054951668 0.0493326261639595 -3.4e+38 -3.4e+38 -3.4e+38 -3.4e+38 -3.4e+38 -3.4e+38 -3.4e+38
0.603243052959442 0.977496087551117 0.994134187698364 0.984124064445496 0.998942494392395 0.247929111123085 0.0711696818470955 0.569942772388458 0.980762004852295 0.996339499950409 0.970542550086975 0.999221980571747 0.893035352230072 0.764693200588226 0.521145820617676 0.620782375335693 0.590865433216095 0.500518381595612 0.401648223400116 0.223789930343628 0.178060159087181 0.11060918867588 0.0983200073242188 0.0635420978069305 0.0414008051156998 0.0329965837299824 0.033074215054512 0.0362080559134483 0.0499612241983414 0.0499347671866417 0.0557502619922161 0.0567539446055889 0.0781431570649147 0.0476080067455769 0.0430715940892696 0.067898653447628 0.0561552494764328 0.0489462502300739 0.0462929084897041 -3.4e+38 -3.4e+38 0.0410140566527843 0.0464460588991642 0.0509840697050095 0.03864835947752
0.619335949420929 0.977423667907715 0.993752539157867 0.994886457920074 0.882494866847992 0.913655579090118 0.0680685117840767 0.129660561680794 0.836662113666534 0.975335955619812 0.989052712917328 0.973889648914337 0.981116116046906 0.94851690530777 0.695848822593689 0.659646272659302 0.689648568630219 0.62536346912384 0.529480993747711 0.278483301401138 0.19931598007679 0.142334669828415 0.121720440685749 0.0664783045649529 0.0551865510642529 0.0437549166381359 0.038224071264267 0.0470893122255802 0.0583708994090557 0.0647330433130264 0.069216325879097 0.0615643113851547 0.0720616802573204 0.082970418035984 0.0930789858102798 0.0784989073872566 0.0536468289792538 0.0441824346780777 0.0456658899784088 0.0361165069043636 0.0378881618380547 0.0332825444638729 0.034423690289259 0.0323732458055019 0.0272571891546249
0.979755342006683 0.99396812915802 0.999815165996552 0.987715542316437 0.995581746101379 0.996939480304718 0.465795993804932 0.121280938386917 0.544995129108429 0.937359750270844 0.832253515720367 0.828007757663727 0.781556308269501 0.65545117855072 0.65866607427597 0.622440814971924 0.717515170574188 0.511194586753845 0.416063636541367 0.323328793048859 0.231421500444412 0.177245780825615 0.127720788121223 0.0896985828876495 0.0691675245761871 0.0564829595386982 0.0529447086155415 0.0582169741392136 0.0652841925621033 0.0729935169219971 0.072300873696804 0.0802976116538048 0.0818337500095367 0.0882057994604111 0.0779158398509026 0.061808954924345 0.0441022850573063 0.0399810485541821 0.0404658056795597 0.0302963834255934 0.025464816018939 0.0258034933358431 0.0259359069168568 0.0250437147915363 0.0268482994288206
0.972840070724487 0.990476489067078 0.999855875968933 0.998894393444061 0.981196343898773 0.995930194854736 0.982344329357147 0.794051349163055 0.221024110913277 0.5414177775383 0.767248451709747 0.977001786231995 0.677769839763641 0.861895859241486 0.627425909042358 0.382617652416229 0.405633807182312 0.419877678155899 0.397443145513535 0.319595515727997 0.233222857117653 0.190043583512306 0.145001411437988 0.107480697333813 0.0822349339723587 0.0692556276917458 0.0733793899416924 0.0782990679144859 0.0804172903299332 0.0931079611182213 0.0922758877277374 0.0856336876749992 0.0745069533586502 0.0888715609908104 0.0762516781687737 0.0515234433114529 0.0345660299062729 0.0318882241845131 0.032098799943924 0.0272885337471962 0.0230129919946194 0.0214576125144958 0.0228329133242369 0.0252992361783981 0.0239172875881195
0.975628972053528 0.999826788902283 0.99987119436264 0.995368242263794 0.959942698478699 0.972346663475037 0.993464529514313 0.930938601493835 0.278526335954666 0.448280870914459 0.993041157722473 0.993102073669434 0.920318603515625 0.82519394159317 0.38455006480217 0.490222960710526 0.65499746799469 0.35792738199234 0.338190168142319 0.396269500255585 0.281376034021378 0.21472954750061 0.165570974349976 0.121020123362541 0.104868240654469 0.0870512649416924 0.0951745361089706 0.102826148271561 0.125542432069778 0.133229196071625 0.104604430496693 0.0821004211902618 0.0875195264816284 0.0861968100070953 0.0696541517972946 0.0434184893965721 0.0284372642636299 0.0248216930776834 0.0228491611778736 0.0213863905519247 0.0222482159733772 0.0207704287022352 0.0219589080661535 0.0229445490986109 0.0218845754861832
0.983143746852875 0.999678015708923 0.999842941761017 0.991929590702057 0.841422200202942 0.780762553215027 0.996572732925415 0.960830092430115 0.808996319770813 0.354426294565201 0.988433957099915 0.993674755096436 0.965190052986145 0.653884530067444 0.420714527368546 0.580030381679535 0.3438521027565 0.318040281534195 0.327340751886368 0.462730556726456 0.31594905257225 0.247946873307228 0.188813135027885 0.145877495408058 0.130769342184067 0.1312495470047 0.135183498263359 0.152290105819702 0.171112552285194 0.159864410758018 0.128911256790161 0.113121829926968 0.107965461909771 0.0948740467429161 0.0604220330715179 0.0439653173089027 0.0264568161219358 0.0216001346707344 0.0205146446824074 0.0194626022130251 0.0207086838781834 0.0209986735135317 0.0220152139663696 0.0225308295339346 0.0238416586071253
0.985883176326752 0.999503672122955 0.999517321586609 0.998242378234863 0.996569335460663 0.996509850025177 0.997864663600922 0.993728458881378 0.864399969577789 0.308436125516891 0.793655216693878 0.891745507717133 0.904669165611267 0.957238018512726 0.903570055961609 0.828458189964294 0.381606042385101 0.341794908046722 0.338926434516907 0.328087747097015 0.364521473646164 0.319347470998764 0.241316050291061 0.196635469794273 0.197377920150757 0.181071624159813 0.193852484226227 0.208049073815346 0.195355206727982 0.200407013297081 0.19299478828907 0.175913915038109 0.135020062327385 0.103994406759739 0.0686637088656425 0.0472486950457096 0.031385101377964 0.0221706870943308 0.021137585863471 0.0202859155833721 0.0199512243270874 0.0203336235135794 0.0196992550045252 0.0193178802728653 0.0220998171716928
0.984295308589935 0.998097062110901 0.999523818492889 0.998907625675201 0.998136103153229 0.997703909873962 0.998813688755035 0.99434220790863 0.987492799758911 0.838982999324799 0.592245876789093 0.958934247493744 0.93494325876236 0.793092846870422 0.993836939334869 0.900509893894196 0.754510700702667 0.489711254835129 0.450691729784012 0.358806371688843 0.382293969392776 0.386917412281036 0.273268699645996 0.264505863189697 0.275273740291595 0.276623278856277 0.270019739866257 0.26128163933754 0.253376752138138 0.260156989097595 0.26594215631485 0.243636935949326 0.19512540102005 0.143062487244606 0.0923065990209579 0.0551292710006237 0.038036435842514 0.0274981949478388 0.0225227158516645 0.0129164215177298 0.012649486772716 0.0143593791872263 0.0195919089019299 0.0195153262466192 0.0246800910681486
0.999763548374176 0.998512268066406 0.999511301517487 0.999209880828857 0.998445391654968 0.995171964168549 0.998891294002533 0.999433040618896 0.995510399341583 0.995653629302979 0.841568470001221 0.9572873711586 0.995438098907471 0.889834523200989 0.994796752929688 0.994919300079346 0.919125616550446 0.667790234088898 0.544984519481659 0.742057859897614 0.509310007095337 0.400466352701187 0.351790338754654 0.322960197925568 0.320501327514648 0.29779377579689 0.310504108667374 0.327083855867386 0.337726175785065 0.321292340755463 0.326067864894867 0.299966663122177 0.251817375421524 0.174881532788277 0.114055424928665 0.0753589868545532 0.0515865758061409 0.038772564381361 0.0166470892727375 0.0149943428114057 0.0156682543456554 0.0158754717558622 0.0135067775845528 0.013726475648582 0.0180334132164717
0.999870121479034 0.999643325805664 0.999556958675385 0.999358355998993 0.999073266983032 0.996711552143097 0.967821598052979 0.995796680450439 0.988775193691254 0.998423099517822 0.943367540836334 0.973092138767242 0.995173096656799 0.984742999076843 0.985916554927826 0.993119359016418 0.965753674507141 0.522577345371246 0.683026432991028 0.990772545337677 0.764154493808746 0.65784740447998 0.57741105556488 0.373279839754105 0.340149939060211 0.341899991035461 0.330968767404556 0.35030335187912 0.377866327762604 0.37126299738884 0.34369108080864 0.351059913635254 0.305917650461197 0.221730530261993 0.142095282673836 0.0967628881335258 0.0690149217844009 0.0293943751603365 0.023068830370903 0.0205660182982683 0.0181805826723576 0.0163749195635319 0.0146334059536457 0.0139804678037763 0.0174815729260445
0.999498128890991 0.999853312969208 0.999699234962463 0.999709665775299 0.999822497367859 0.995196521282196 0.990961492061615 0.978394627571106 0.990029036998749 0.996334493160248 0.999320089817047 0.986866593360901 0.997294545173645 0.98303210735321 0.980490863323212 0.992976248264313 0.939251005649567 0.761579096317291 0.606569111347198 0.941139459609985 0.984488129615784 0.927176594734192 0.606170833110809 0.517250716686249 0.41557240486145 0.373200207948685 0.348637372255325 0.356921374797821 0.407405436038971 0.384043186903 0.38644003868103 0.354351699352264 0.350968718528748 0.256816446781158 0.175127997994423 0.134975910186768 0.0907784923911095 0.0390243902802467 0.0258173011243343 0.0207548532634974 0.0167521983385086 0.0161286722868681 0.017092002555728 0.016584325581789 0.0188364647328854
0.999494552612305 0.999837696552277 0.99895054101944 0.999571621417999 0.99988055229187 0.992762982845306 0.98676073551178 0.991051495075226 0.997002243995667 0.988784193992615 0.957204222679138 0.998423278331757 0.996912717819214 0.988543212413788 0.974568009376526 0.973109126091003 0.993952989578247 0.985954344272614 0.659154951572418 0.977635383605957 0.999636650085449 0.969024896621704 0.730453014373779 0.624204576015472 0.431571036577225 0.492883533239365 0.502210557460785 0.408764958381653 0.376354187726974 0.405449151992798 0.318469852209091 0.31677109003067 0.368190973997116 0.291300922632217 0.207702040672302 0.160199642181396 0.104804284870625 0.0365608744323254 0.0231147855520248 0.0201457310467958 0.018224285915494 0.0163457933813334 0.0175604596734047 0.0179210174828768 0.0219068061560392
0.999569296836853 0.999828100204468 0.997029900550842 0.977714240550995 0.99965500831604 0.998291075229645 0.983918190002441 0.98853999376297 0.982535779476166 0.979591310024261 0.643648266792297 0.550320267677307 0.997561633586884 0.994447648525238 0.990255892276764 0.995505154132843 0.984510064125061 0.965256750583649 0.658351421356201 0.977609276771545 0.999886274337769 0.980460107326508 0.961612045764923 0.746913731098175 0.515468955039978 0.565661728382111 0.616528391838074 0.548988938331604 0.403914839029312 0.380565077066422 0.323378443717957 0.359302967786789 0.369646698236465 0.276779174804688 0.224932625889778 0.148461222648621 0.0432222187519073 0.0335759408771992 0.0295821540057659 0.0318059884011745 0.0259092897176743 0.0267646685242653 0.0187284275889397 0.0208879038691521 0.0255666486918926
0.999773919582367 0.999867498874664 0.998934090137482 0.991376280784607 0.971300065517426 0.953155875205994 0.994292616844177 0.995569825172424 0.98681777715683 0.863548636436462 0.648094356060028 0.283631592988968 0.99570769071579 0.995340049266815 0.996888995170593 0.967286467552185 0.970686674118042 0.989340960979462 0.896216809749603 0.968038082122803 0.996849954128265 0.999977290630341 0.978243350982666 0.781755864620209 0.710532426834106 0.634349226951599 0.553112745285034 0.431877285242081 0.384125202894211 0.310911923646927 0.288077563047409 0.325184881687164 0.334921926259995 0.270917505025864 0.23391392827034 0.155878275632858 0.0929215177893639 0.0585671700537205 0.059552289545536 0.0560217648744583 0.0434641465544701 0.0316447839140892 0.0286520551890135 0.0227283388376236 0.0487208142876625
0.999898016452789 0.999834299087524 0.999927520751953 0.98617959022522 0.94776451587677 0.952508628368378 0.987079083919525 0.984331905841827 0.972179412841797 0.996214210987091 0.709888219833374 0.295341044664383 0.279964774847031 0.644837975502014 0.988982617855072 0.994561374187469 0.995883584022522 0.996894180774689 0.995476484298706 0.993293821811676 0.999155759811401 0.999513626098633 0.941435933113098 0.574902057647705 0.780768156051636 0.726780593395233 0.541599988937378 0.43730702996254 0.44131526350975 0.383872359991074 0.328618496656418 0.313603073358536 0.306502223014832 0.253325879573822 0.183302715420723 0.132717475295067 0.103839002549648 0.105803586542606 0.0814285352826118 0.0899598896503448 0.134260833263397 0.0728451386094093 0.0664413794875145 0.0578190349042416 0.062426719814539
0.99940037727356 0.999854028224945 0.999951064586639 0.943571388721466 0.922200262546539 0.974667072296143 0.975516319274902 0.985506534576416 0.948166966438293 0.999838888645172 0.988072156906128 0.260800123214722 0.277569323778152 0.659221231937408 0.655639410018921 0.937066733837128 0.995467901229858 0.998931288719177 0.99218225479126 0.998849928379059 0.998064756393433 0.996628105640411 0.91137832403183 0.871244549751282 0.870180547237396 0.556935012340546 0.551378309726715 0.549848020076752 0.520830631256104 0.488978236913681 0.427403271198273 0.411174029111862 0.345094561576843 0.236399948596954 0.165467515587807 0.12126100063324 0.0961146876215935 0.0944960564374924 0.0885158628225327 0.112533591687679 0.143236443400383 0.154492527246475 0.140407845377922 0.139558762311935 0.132911995053291
0.919768512248993 0.999540984630585 0.999369084835052 0.895260334014893 0.975230634212494 0.972803592681885 0.976307928562164 0.980762600898743 0.999590575695038 0.986376583576202 0.70871639251709 0.241924867033958 0.264466434717178 0.686804592609406 0.998578310012817 0.994923889636993 0.994687259197235 0.996914088726044 0.935043692588806 0.99572080373764 0.998898923397064 0.931333601474762 0.896245419979095 0.961888074874878 0.96301794052124 0.746416509151459 0.563266575336456 0.456680238246918 0.536677360534668 0.535645246505737 0.533443570137024 0.464294821023941 0.439729005098343 0.274897575378418 0.169734865427017 0.111825242638588 0.0995607301592827 0.10796831548214 0.162502765655518 0.163884460926056 0.215501382946968 0.267140418291092 0.457781314849854 0.306863069534302 0.222279563546181
0.697295904159546 0.9997598528862 0.898370444774628 0.965068995952606 0.996082961559296 0.993553817272186 0.985042452812195 0.992590188980103 0.994184195995331 0.956914067268372 0.560258686542511 0.223537355661392 0.214335650205612 0.597432136535645 0.945711433887482 0.94801914691925 0.995419502258301 0.995692193508148 0.986288487911224 0.982452571392059 0.999034643173218 0.775893688201904 0.673574566841125 0.827662587165833 0.724654257297516 0.571317136287689 0.546060502529144 0.571901857852936 0.596605002880096 0.592631697654724 0.572603106498718 0.33239272236824 0.324324518442154 0.32795324921608 0.231348365545273 0.161609441041946 0.19163216650486 0.24512280523777 0.448196321725845 0.546864748001099 0.58526873588562 0.469524562358856 0.529971539974213 0.386265605688095 0.369449287652969
