data/climate_estimation/maxent_output/Schoenocaulon_jaliscense.asc
NCOLS 100 
NROWS 114 
XLLCORNER -107.916666666667 
YLLCORNER 16.6666666666667 
CELLSIZE 0.0833333333333333 
NODATA_value -3.4e+38 
[rows 0 to 20 of 114, columns 48 to 95 of 100]
0.028806958347559 0.0184919517487288 0.0148060880601406 0.0107121784240007 0.0120072439312935 0.00960784126073122 0.00755509827286005 0.0087063992395997 0.00693117454648018 0.00437533762305975 0.00532136065885425 0.00565341534093022 0.00630747666582465 0.00834569428116083 0.00371127668768167 0.00128764228429645 0.00438322545960546 0.00604021595790982 0.00574914738535881 0.00634331023320556 0.00640136189758778 0.0101023484021425 0.00981064420193434 0.0146367559209466 0.0097195515409112 0.00377545668743551 0.00533558614552021 0.00962974689900875 0.0152827762067318 0.010562033392489 0.00430598622187972 0.00300220772624016 0.00276368926279247 0.0029427376575768 0.00316013861447573 0.0055824127048254 0.00638404814526439 0.010122874751687 0.0104822665452957 0.0154044199734926 0.0377190746366978 0.0105708604678512 0.00680233724415302 0.00714754033833742 0.00540425954386592 0.00635335687547922 0.0109315533190966 0.0286126732826233
0.0249862782657146 0.0237816385924816 0.0182619225233793 0.0142522491514683 0.0102668469771743 0.00831229705363512 0.00821190234273672 0.0059727462939918 0.00594403268769383 0.00475513515993953 0.00380206946283579 0.00414988491684198 0.00121704582124949 0.00139304297044873 0.00499147130176425 0.00514525314792991 0.0055188680998981 0.00443252129480243 0.00422660075128078 0.00171873020008206 0.00159288255963475 0.00592433474957943 0.0132085671648383 0.0107257068157196 0.0112521909177303 0.00692869909107685 0.00965112540870905 0.017065541818738 0.0145291825756431 0.00974978413432837 0.00507880980148911 0.00261080404743552 0.00233082915656269 0.00188529840670526 0.00363410823047161 0.0039274524897337 0.00610296754166484 0.0084289126098156 0.0116946324706078 0.010340959765017 0.0133443893864751 0.02247572876513 0.0132456729188561 0.00422017276287079 0.00369271449744701 0.00559016363695264 0.00877187121659517 0.0223065000027418
0.0424066334962845 0.0308833532035351 0.0215775277465582 0.0147462878376245 0.00983434543013573 0.00967385340481997 0.00709450291469693 0.00667221704497933 0.00501441117376089 0.0039146295748651 0.00412272522225976 0.00127408467233181 0.000970315537415445 0.00102782319299877 0.00143026758451015 0.00462226662784815 0.001346176257357 0.00141930615063757 0.00111360044684261 0.00135694583877921 0.00175778521224856 0.00676324032247066 0.0055626998655498 0.00563258957117796 0.00675763143226504 0.00988041330128908 0.012860419228673 0.02060323394835 0.0188050102442503 0.0116875749081373 0.00600065710023046 0.00312873069196939 0.00244223908521235 0.00180971052031964 0.00214297464117408 0.00261414051055908 0.00330165261402726 0.00650113308802247 0.00787759944796562 0.0101730320602655 0.0160705763846636 0.0183439124375582 0.0121537270024419 0.00476601626724005 0.0031339202541858 0.00303416280075908 0.00432352209463716 0.00602129753679037
0.0445624440908432 0.0334922708570957 0.0199744906276464 0.0152896186336875 0.0131790935993195 0.00938541069626808 0.00661608716472983 0.00586315710097551 0.00444870488718152 0.00428014574572444 0.00112931511830539 0.0011739736655727 0.00105950888246298 0.00103843479882926 0.00106334476731718 0.000935791758820415 0.00109987438190728 0.00109391950536519 0.00124324683565646 0.00133240432478487 0.000276488688541576 0.000319686572765931 0.00125114724505693 0.00123270403128117 0.0013932230649516 0.00580146163702011 0.0115735419094563 0.0152140203863382 0.0176385436207056 0.0123117733746767 0.00859029497951269 0.00467828521504998 0.00382451340556145 0.00264475191943347 0.00226445589214563 0.00314207095652819 0.00430427910760045 0.00663175247609615 0.00835403427481651 0.0193301718682051 0.033799484372139 0.0417730212211609 0.0107750510796905 0.00598881347104907 0.00383308040909469 0.00277552823536098 0.00261471467092633 0.00286307232454419
0.0501833334565163 0.0614342503249645 0.0289873164147139 0.0155672933906317 0.00465690018609166 0.0042452490888536 0.00271141738630831 0.00200035399757326 0.00147362181451172 0.00105994241312146 0.00102722714655101 0.000980354845523834 0.00109222682658583 0.000771011575125158 0.0008855399210006 0.00115156511310488 0.00103507412131876 0.00145404180511832 0.00129748554900289 0.000313777942210436 0.000232391830650158 0.00030805534333922 0.000220238056499511 0.00125094712711871 0.0014294987777248 0.00428030220791698 0.00552533753216267 0.00973577331751585 0.0134407710283995 0.012146832421422 0.00788477994501591 0.00574446376413107 0.00618431065231562 0.00288493791595101 0.00275526288896799 0.00334716052748263 0.00606535188853741 0.00815768539905548 0.008365030400455 0.0121387634426355 0.0139709105715156 0.0146111026406288 0.014041481539607 0.00875855796039104 0.00405438430607319 0.00287777883931994 0.00234163831919432 0.00223104027099907
0.0632468238472939 0.0522990114986897 0.0473066754639149 0.018465431407094 0.00461631268262863 0.00364658934995532 0.00284941447898746 0.00208173296414316 0.00170343520585448 0.00108473945874721 0.000619200640358031 0.000760124938096851 0.000132164539536461 0.000149398343637586 0.000145906087709591 0.000196347027667798 0.000216603148146532 0.00168086600024253 0.00174855731893331 0.00205094763077796 0.000364176521543413 0.000330640090396628 0.000222874761675484 0.000237872824072838 0.0012898005079478 0.00163352105300874 0.00428836606442928 0.0050087058916688 0.00822986476123333 0.00812687259167433 0.00738312676548958 0.00674130162224174 0.00770055502653122 0.00458812341094017 0.00455526262521744 0.00491035263985395 0.00795837864279747 0.0193388666957617 0.0149579243734479 0.0264761075377464 0.0229590069502592 0.0287916604429483 0.0173892751336098 0.010107628069818 0.00586051074787974 0.00394047191366553 0.00286127370782197 0.00263341865502298
0.125009819865227 0.0361740104854107 0.0335623025894165 0.0186995044350624 0.00391678558662534 0.00300811184570193 0.00223895604722202 0.00135074090212584 0.000197557135834359 0.000130459215142764 9.43297127378173e-05 7.02808392816223e-05 9.47024382185191e-05 0.000181343144504353 0.000160451076226309 0.000203122850507498 0.00156152388080955 0.00202006776817143 0.00249826465733349 0.00222522276453674 0.00184467365033925 0.000213956795050763 0.000293989112833515 0.00146910734474659 0.00178088143002242 0.0054373568855226 0.00628278264775872 0.00756732746958733 0.00680853147059679 0.00761297950521111 0.00684662163257599 0.00712297484278679 0.0114536210894585 0.00655262032523751 0.00513942306861281 0.00574925448745489 0.0128727462142706 0.024952158331871 0.0555446818470955 0.0947564169764519 0.0781713798642159 0.0360984057188034 0.0423897355794907 0.0208515226840973 0.023019228130579 0.00522570824250579 0.00325618428178132 0.0025442463811487
0.140477210283279 0.0115303210914135 0.00641928566619754 0.00578966923058033 0.00363998231478035 0.000563421286642551 0.00030709890415892 0.000268767907982692 0.000151005733641796 9.12875620997511e-05 1.15973243737244e-05 1.00009601737838e-05 1.96676046471111e-05 0.00681260041892529 0.00170712452381849 0.00194412027485669 0.00222729798406363 0.00803173240274191 0.0130640706047416 0.0107361162081361 0.00660918047651649 0.00570895383134484 0.00852160807698965 0.00787980388849974 0.0081038624048233 0.00864362809807062 0.0111241927370429 0.010844249278307 0.00982181169092655 0.00954440142959356 0.00778691377490759 0.0086784465238452 0.0123404357582331 0.0117319328710437 0.0109080737456679 0.00830758083611727 0.0159031469374895 0.0410737879574299 0.0672783181071281 0.0817967504262924 0.11199289560318 0.162636682391167 0.123182438313961 0.122027397155762 0.0302777588367462 0.00896676350384951 0.00328405294567347 0.00242829159833491
0.109744668006897 0.0147421229630709 0.00640391511842608 0.00768039794638753 0.00501750456169248 0.00322621967643499 0.00041136346408166 0.000293930439511314 0.000148726743645966 8.99861915968359e-05 1.18614570965292e-05 9.18321347853635e-06 1.34468591568293e-05 2.37469739658991e-05 0.000146660910104401 0.00177717336919159 0.0172622874379158 0.0489055626094341 0.0562144182622433 0.0452982969582081 0.015860803425312 0.0156178129836917 0.018614387139678 0.0169012360274792 0.0165567882359028 0.0166884139180183 0.015458470210433 0.0152770020067692 0.011401136405766 0.0119369151070714 0.00989609491080046 0.00919507257640362 0.00978069845587015 0.0120514547452331 0.0126597350463271 0.0111969346180558 0.0280186049640179 0.0435885414481163 0.0595162771642208 0.0707139372825623 0.0919066146016121 0.136880427598953 0.190345123410225 0.216558545827866 0.0411254353821278 0.015490485355258 0.00471271807327867 0.00252937944605947
0.0715670213103294 0.0784985572099686 0.0155664039775729 0.00902934744954109 0.0103121986612678 0.00269307848066092 0.00259447633288801 0.000268725940259174 0.000223098191781901 9.25947751966305e-05 7.73965439293534e-05 1.34854099087534e-05 9.78471944108605e-05 0.00012804708967451 0.000999403651803732 0.00139806314837188 0.00762616563588381 0.023830970749259 0.0331450514495373 0.0540985986590385 0.0490033850073814 0.036458496004343 0.0339924022555351 0.0289727505296469 0.0230310596525669 0.0166431162506342 0.0197066515684128 0.0187616944313049 0.0165789015591145 0.013546016998589 0.0110666444525123 0.00993507914245129 0.00707785598933697 0.00792495161294937 0.00819803029298782 0.015449290163815 0.0233317315578461 0.0302321258932352 0.04154047742486 0.0614558570086956 0.0792341977357864 0.108032271265984 0.16400520503521 0.266290277242661 0.185829877853394 0.0248472448438406 0.0140535114333034 0.00330677628517151
0.0138281127437949 0.0138028990477324 0.0172314681112766 0.0149635849520564 0.00833018962293863 0.00614935113117099 0.00619658781215549 0.0178963094949722 0.00185036554466933 0.00106327806133777 0.0019054525764659 0.011640515178442 0.007521185092628 0.00385676859878004 0.00130371411796659 0.00500237103551626 0.00616528373211622 0.0147163579240441 0.0128842489793897 0.015140226110816 0.0182202495634556 0.0451281405985355 0.0490204319357872 0.0461805462837219 0.0332161299884319 0.025957990437746 0.0202764105051756 0.020137008279562 0.0148420445621014 0.0114997224882245 0.00843282602727413 0.0065288026817143 0.00481537962332368 0.00321351573802531 0.00697579188272357 0.0191255658864975 0.0259461849927902 0.0176186468452215 0.0270931608974934 0.0457216650247574 0.0681477040052414 0.0858660936355591 0.120050594210625 0.204735651612282 0.237793162465096 0.0935908183455467 0.00917578767985106 0.0046550901606679
0.0126981362700462 0.0104418033733964 0.0110556008294225 0.00882524531334639 0.00709983939304948 0.0064809238538146 0.0566098503768444 0.0857477635145187 0.0435951612889767 0.0495903342962265 0.0350248478353024 0.0225259233266115 0.0239313375204802 0.0447610728442669 0.0307339746505022 0.0246917530894279 0.0328812152147293 0.0193263608962297 0.0122510325163603 0.0209181066602468 0.0211920142173767 0.0205559767782688 0.0221242774277925 0.0314765833318233 0.0311428233981133 0.0294919870793819 0.0236099902540445 0.0210653655230999 0.0229288190603256 0.0146417915821075 0.0219169445335865 0.00814671628177166 0.00326589937321842 0.00190510088577867 0.00417217426002026 0.0143213849514723 0.0224978234618902 0.012912318110466 0.0194930266588926 0.035000666975975 0.0530979037284851 0.0718943625688553 0.0902564078569412 0.115334741771221 0.174765080213547 0.16410405933857 0.0394333675503731 0.00730328401550651
0.0194883961230516 0.0131316753104329 0.0346712321043015 0.0274343155324459 0.0476094745099545 0.0387435182929039 0.0187206380069256 0.0799892768263817 0.184500426054001 0.0859882384538651 0.0706192851066589 0.0424803532660007 0.0453572943806648 0.0965315327048302 0.111237853765488 0.013719622977078 0.0466699227690697 0.08455990254879 0.0366015993058681 0.0310612507164478 0.0557242594659328 0.0466478615999222 0.0298724658787251 0.0313336998224258 0.0349266193807125 0.0326522998511791 0.0242069065570831 0.0215331353247166 0.0179635025560856 0.0134001094847918 0.0124436216428876 0.00839799363166094 0.00876385346055031 0.00429526017978787 0.00638068513944745 0.0100121265277267 0.00580899277701974 0.00905345659703016 0.0144139137119055 0.0188376139849424 0.037316557019949 0.0595675893127918 0.0627954825758934 0.0808071568608284 0.121564328670502 0.152273148298264 0.129591807723045 0.0213761851191521
0.0276037026196718 0.0175490863621235 0.0253133084625006 0.108064219355583 0.0897358506917953 0.122291401028633 0.104368023574352 0.0488662049174309 0.0564553067088127 0.0507037192583084 0.0613775104284286 0.0580793395638466 0.0481068417429924 0.0574411526322365 0.0632324516773224 0.0242243949323893 0.0649733766913414 0.119582362473011 0.0627263411879539 0.0418309271335602 0.0494984984397888 0.0607351213693619 0.0492915213108063 0.0450726673007011 0.0418377853929996 0.0382696576416492 0.0290240794420242 0.0189672857522964 0.0153110316023231 0.0112600410357118 0.0071194595657289 0.00604500668123364 0.00350826676003635 0.00313747278414667 0.003449487965554 0.00745966797694564 0.00681861536577344 0.007025389932096 0.00963169708848 0.0124630257487297 0.01778301037848 0.0325071029365063 0.0644049420952797 0.0673996657133102 0.0856567174196243 0.0880411937832832 0.0967360138893127 0.0736761465668678
0.0429326705634594 0.0452766492962837 0.108876734972 0.101726032793522 0.134496062994003 0.130530312657356 0.0999011769890785 0.0799109414219856 0.0962640419602394 0.163673281669617 0.114793859422207 0.0820141509175301 0.0665783435106277 0.0828456953167915 0.109131880104542 0.0863819643855095 0.0895770266652107 0.157905578613281 0.128217577934265 0.0969330593943596 0.0891574770212173 0.0610709935426712 0.0622646696865559 0.062714584171772 0.0521664507687092 0.0488455668091774 0.0344842672348022 0.0295003671199083 0.0185912884771824 0.0135994190350175 0.00883141439408064 0.00661416444927454 0.00422113621607423 0.0032416416797787 0.00350419827736914 0.00785483047366142 0.0104247499257326 0.0111374668776989 0.00887216068804264 0.00956946983933449 0.0114489011466503 0.0124521981924772 0.0385541096329689 0.0754483789205551 0.0654468759894371 0.0815483257174492 0.114594228565693 0.136423245072365
0.0902472659945488 0.0681078881025314 0.198145478963852 0.182970494031906 0.174693286418915 0.212124839425087 0.151982098817825 0.105940893292427 0.10803560167551 0.146890893578529 0.147864744067192 0.104072466492653 0.105442613363266 0.127925992012024 0.189003244042397 0.204260185360909 0.202017888426781 0.172058433294296 0.167942628264427 0.148953601717949 0.187703415751457 0.138713702559471 0.0863809138536453 0.0670963823795319 0.0698347464203835 0.0626420527696609 0.0338063016533852 0.0284408424049616 0.028782844543457 0.0170795544981956 0.011140258051455 0.00695488695055246 0.00605512270703912 0.00549208372831345 0.00499972933903337 0.00620366632938385 0.00896267779171467 0.0103764571249485 0.00813974160701036 0.00986312888562679 0.0136013207957149 0.00953839346766472 0.00966555811464787 0.0435627624392509 0.0681104511022568 0.0535174012184143 0.0991460159420967 0.111309327185154
0.0270648468285799 0.0303366705775261 0.113726519048214 0.128951027989388 0.110757008194923 0.278494358062744 0.24372224509716 0.24178971350193 0.169153943657875 0.147623717784882 0.170160561800003 0.130627050995827 0.116959348320961 0.195758402347565 0.198341876268387 0.217931658029556 0.202785834670067 0.219747707247734 0.148151040077209 0.167034804821014 0.201563134789467 0.168359190225601 0.120952479541302 0.0740468427538872 0.08250592648983 0.0790673121809959 0.0378399752080441 0.0210467632859945 0.0204033330082893 0.0206778179854155 0.0140613587573171 0.00968142598867416 0.00765295745804906 0.00740719120949507 0.0073432675562799 0.00731398211792111 0.00841390900313854 0.014616321772337 0.0110857812687755 0.00958258751779795 0.013263052329421 0.0163153987377882 0.00946119241416454 0.0128052728250623 0.0480727814137936 0.0388444028794765 0.0676180347800255 0.129320919513702
0.0397121533751488 0.0356732681393623 0.037383783608675 0.027925044298172 0.0320836380124092 0.162555724382401 0.417549401521683 0.314051300287247 0.118813320994377 0.228340044617653 0.215860649943352 0.15717539191246 0.208433926105499 0.250705063343048 0.241941601037979 0.241224512457848 0.241777554154396 0.190673664212227 0.171550005674362 0.138775646686554 0.189652398228645 0.174013242125511 0.131591632962227 0.0809006467461586 0.0802714973688126 0.11988727748394 0.0445259585976601 0.0215067733079195 0.017534589394927 0.0163251627236605 0.0173382181674242 0.0186186823993921 0.0110257770866156 0.00949032418429852 0.00882309954613447 0.00977975502610207 0.0104547506198287 0.0124593991786242 0.0203311815857887 0.0124915428459644 0.0115417465567589 0.0122757004573941 0.0176037568598986 0.0125048728659749 0.030015679076314 0.0559245236217976 0.0694136247038841 0.124743901193142
0.0552260056138039 0.046657633036375 0.00805944949388504 0.0350675359368324 0.217449873685837 0.458552747964859 0.539460718631744 0.372732162475586 0.36769562959671 0.301668226718903 0.388642340898514 0.316921263933182 0.274619191884995 0.181959837675095 0.253409504890442 0.30733048915863 0.277879983186722 0.204544097185135 0.158918336033821 0.12338625639677 0.17598520219326 0.139392837882042 0.12304762750864 0.0836064592003822 0.0990548431873322 0.114479683339596 0.0743503868579865 0.0234326310455799 0.0180002097040415 0.0195612926036119 0.0137578938156366 0.0132864946499467 0.0137669136747718 0.0157876033335924 0.0144443456083536 0.0120753133669496 0.0132142165675759 0.0130301164463162 0.0166599117219448 0.0179413948208094 0.0170777644962072 0.0135030942037702 0.0167285744100809 0.0186829399317503 0.0247488711029291 0.0540719889104366 0.0902006477117538 0.133193865418434
0.2674899995327 0.0519743598997593 0.0499641411006451 0.0398013144731522 0.527730822563171 0.669154644012451 0.65609085559845 0.638798654079437 0.567249953746796 0.463188678026199 0.396586805582047 0.376323133707047 0.254147589206696 0.25594824552536 0.25221386551857 0.31957158446312 0.107736676931381 0.073430597782135 0.0464093014597893 0.0459322892129421 0.111913986504078 0.120042942464352 0.105069801211357 0.0936322212219238 0.0840789973735809 0.101386994123459 0.0835802257061005 0.0271598063409328 0.0193684846162796 0.0192275177687407 0.0140156289562583 0.0151629885658622 0.0176651421934366 0.0155336139723659 0.0158957000821829 0.01547244284302 0.0171309430152178 0.0183154139667749 0.0178500059992075 0.0173442792147398 0.0177545677870512 0.0200339816510677 0.0180367641150951 0.0231065098196268 0.0331553183495998 0.068225234746933 0.110269017517567 0.143277287483215
0.273348420858383 0.236078560352325 0.0573225319385529 0.212912023067474 0.241096198558807 0.592880189418793 0.757954835891724 0.673485040664673 0.570821523666382 0.513707280158997 0.408402442932129 0.387875288724899 0.280236065387726 0.30232447385788 0.1180629581213 0.12230210006237 0.103214778006077 0.0784470364451408 0.0462789423763752 0.0372439883649349 0.0332049950957298 0.0995594337582588 0.0970996171236038 0.078413188457489 0.0781867355108261 0.0603337958455086 0.0792367532849312 0.0424388684332371 0.0248649753630161 0.0191222354769707 0.0186308193951845 0.017552463337779 0.0199864264577627 0.0149242877960205 0.0149994594976306 0.0172663945704699 0.0191971212625504 0.0237649884074926 0.022267172113061 0.018310135230422 0.0208724271506071 0.0229928996413946 0.0216117184609175 0.0270383413881063 0.0390557311475277 0.0798414871096611 0.114755265414715 0.147511407732964
