data/climate_estimation/maxent_output/Schoenocaulon_officinale.asc
NCOLS 476 
NROWS 190 
XLLCORNER -105.666666666667 
YLLCORNER 10 
CELLSIZE 0.0833333333333333 
NODATA_value -3.4e+38 
[rows 48 to 71 of 190, columns 53 to 105 of 476]
0.765036284923553 0.696498394012451 0.549902498722076 0.481335073709488 0.626251816749573 0.634779632091522 0.630679666996002 0.6520716547966 0.647645950317383 0.760842740535736 0.749200403690338 0.677689015865326 0.601450383663177 0.46013355255127 0.353638172149658 0.276559859514236 0.253528922796249 0.280309528112411 0.257407307624817 0.249763309955597 0.238018676638603 0.23350228369236 0.207190781831741 0.0856471955776215 0.0987416431307793 0.113728024065495 0.0968390852212906 0.095661997795105 0.0918964445590973 0.0996691882610321 0.11410865932703 0.127599075436592 0.0949015542864799 0.12750381231308 0.128043308854103 0.10695992410183 0.0937030389904976 0.0861385837197304 0.094975121319294 0.093110203742981 0.0930806174874306 0.0957353636622429 0.097587026655674 0.10317524522543 0.103697560727596 -3.4e+38 -3.4e+38 -3.4e+38 -3.4e+38 -3.4e+38 -3.4e+38 -3.4e+38 -3.4e+38
0.774578869342804 0.729423701763153 0.555364310741425 0.508895397186279 0.636159837245941 0.630194127559662 0.581230282783508 0.607745766639709 0.704063177108765 0.642735719680786 0.629671514034271 0.658072531223297 0.503587186336517 0.477650910615921 0.489276140928268 0.417905509471893 0.259263783693314 0.241684094071388 0.228449523448944 0.214477181434631 0.17747163772583 0.142202004790306 0.12296062707901 0.0921942219138145 0.0922247320413589 0.118938319385052 0.109539799392223 0.0970244333148003 0.115499049425125 0.122641406953335 0.12074701488018 0.120613440871239 0.0905842930078506 0.113861352205276 0.118085078895092 0.117371551692486 0.0920861065387726 0.0955444872379303 0.100874118506908 0.0996232181787491 0.0967515856027603 0.0972216427326202 0.102278463542461 0.0904428064823151 0.103168472647667 0.107246279716492 -3.4e+38 -3.4e+38 -3.4e+38 -3.4e+38 -3.4e+38 -3.4e+38 -3.4e+38
0.69392329454422 0.621945977210999 0.546899855136871 0.600383877754211 0.690979063510895 0.62830775976181 0.588196337223053 0.614405810832977 0.668249487876892 0.64394998550415 0.64057195186615 0.54854029417038 0.479411125183105 0.405985414981842 0.489443928003311 0.481420010328293 0.268948674201965 0.21891912817955 0.272564828395844 0.257214784622192 0.235332936048508 0.178502112627029 0.101987384259701 0.0818247497081757 0.132972806692123 0.185547158122063 0.106255136430264 0.111773706972599 0.141740426421165 0.149794638156891 0.124868847429752 0.117626786231995 0.0914783924818039 0.106247276067734 0.114502556622028 0.115900434553623 0.112809412181377 0.11326440423727 0.112362369894981 0.105197571218014 0.0978893861174583 0.0996358022093773 0.100978210568428 0.0995043516159058 0.104560934007168 0.10667285323143 0.103137664496899 -3.4e+38 -3.4e+38 -3.4e+38 -3.4e+38 -3.4e+38 -3.4e+38
0.606739282608032 0.631882071495056 0.615967929363251 0.761765599250793 0.732998490333557 0.642862200737 0.651751697063446 0.713191330432892 0.68727570772171 0.73168408870697 0.646327912807465 0.583956718444824 0.516409814357758 0.367423444986343 0.507923662662506 0.451572895050049 0.404664039611816 0.309947550296783 0.216202154755592 0.239835485816002 0.192313984036446 0.177436456084251 0.104971580207348 0.183611035346985 0.341688215732574 0.355176031589508 0.125069633126259 0.112628616392612 0.114750422537327 0.12400259077549 0.126813650131226 0.135808661580086 0.0952727198600769 0.110720932483673 0.189886406064034 0.194704949855804 0.130235329270363 0.121945314109325 0.166307136416435 0.156374871730804 0.151706114411354 0.103076942265034 0.105339325964451 0.105218730866909 0.100100301206112 0.101760804653168 0.104982972145081 0.107018947601318 -3.4e+38 -3.4e+38 -3.4e+38 -3.4e+38 -3.4e+38
0.516087532043457 0.645423054695129 0.79823637008667 0.706541895866394 0.639477729797363 0.594169795513153 0.661303699016571 0.720322251319885 0.71379691362381 0.727807581424713 0.736948549747467 0.663706541061401 0.513546764850616 0.552151441574097 0.42954620718956 0.32373633980751 0.453830510377884 0.288798153400421 0.27255716919899 0.168310582637787 0.22658097743988 0.126284450292587 0.128390863537788 0.303843915462494 0.58329051733017 0.711170971393585 0.332454264163971 0.109188199043274 0.0968565940856934 0.118171855807304 0.148696899414062 0.149436175823212 0.161913946270943 0.182959973812103 0.189633548259735 0.201215580105782 0.20895528793335 0.18677294254303 0.167173773050308 0.149439960718155 0.143747746944427 0.155300050973892 0.10868164896965 0.106431126594543 0.101390339434147 0.107388354837894 0.107924573123455 -3.4e+38 -3.4e+38 -3.4e+38 -3.4e+38 -3.4e+38 -3.4e+38
0.600602030754089 0.630308091640472 0.674227595329285 0.654901444911957 0.604776382446289 0.602701783180237 0.600074291229248 0.671721220016479 0.696125507354736 0.735204756259918 0.726184785366058 0.620754361152649 0.698713660240173 0.744806706905365 0.580622434616089 0.389173626899719 0.588104665279388 0.600353181362152 0.57226026058197 0.260723829269409 0.216558247804642 0.264854997396469 0.144309550523758 0.357659727334976 0.801911234855652 0.864991366863251 0.451846897602081 0.154574126005173 0.103323146700859 0.106227599084377 0.159483209252357 0.153497189283371 0.165504172444344 0.173121362924576 0.174829542636871 0.174189642071724 0.175922930240631 0.190814435482025 0.165266588330269 0.161168113350868 0.155043035745621 0.155578270554543 0.168655514717102 0.105632230639458 0.103489682078362 0.0956191569566727 0.104532569646835 -3.4e+38 -3.4e+38 -3.4e+38 -3.4e+38 -3.4e+38 -3.4e+38
0.788077056407928 0.699909329414368 0.62884783744812 0.58650815486908 0.622841060161591 0.575390934944153 0.625728070735931 0.643564581871033 0.687484920024872 0.738160789012909 0.745072662830353 0.717965543270111 0.775291383266449 0.818375527858734 0.574564754962921 0.389731824398041 0.696660280227661 0.665484189987183 0.645915746688843 0.36034107208252 0.306257724761963 0.218533873558044 0.19976694881916 0.275057464838028 0.65097975730896 0.7165886759758 0.396245300769806 0.169989168643951 0.20189955830574 0.120676755905151 0.128274768590927 0.137140110135078 0.156014785170555 0.177529141306877 0.182647332549095 0.165185064077377 0.171587005257607 0.197401612997055 0.175823569297791 0.206970646977425 0.254787534475327 0.204987481236458 0.190735712647438 0.164101630449295 0.106988973915577 0.0858646184206009 0.0959913656115532 -3.4e+38 -3.4e+38 -3.4e+38 -3.4e+38 -3.4e+38 -3.4e+38
0.853503704071045 0.765232145786285 0.703973054885864 0.600139081478119 0.59188324213028 0.58139044046402 0.629023253917694 0.643747687339783 0.732392489910126 0.746279656887054 0.766419589519501 0.735979020595551 0.702081978321075 0.765741050243378 0.764450430870056 0.649521946907043 0.707251667976379 0.632720828056335 0.8188117146492 0.694506287574768 0.376643985509872 0.179155215620995 0.279089003801346 0.259657323360443 0.46306836605072 0.513679623603821 0.267026752233505 0.235710203647614 0.206511333584785 0.130177289247513 0.131418660283089 0.14197912812233 0.161808744072914 0.188599318265915 0.178325593471527 0.188140735030174 0.1748266518116 0.188388869166374 0.213428407907486 0.227145358920097 0.27649062871933 0.217808559536934 0.212268248200417 0.202477782964706 0.165233165025711 0.130812376737595 0.144867897033691 -3.4e+38 -3.4e+38 -3.4e+38 -3.4e+38 -3.4e+38 -3.4e+38
0.873569428920746 0.800751447677612 0.740294277667999 0.662783324718475 0.600780725479126 0.616893112659454 0.65755307674408 0.688435018062592 0.720554113388062 0.724444150924683 0.720994889736176 0.77654904127121 0.732028484344482 0.649539768695831 0.613074898719788 0.578187823295593 0.609845578670502 0.578918099403381 0.808780372142792 0.821635067462921 0.592073261737823 0.336057484149933 0.27269434928894 0.269972622394562 0.340884894132614 0.447755634784698 0.370316714048386 0.417996674776077 0.224221259355545 0.270629942417145 0.222903549671173 0.180672913789749 0.189721092581749 0.195185914635658 0.200720444321632 0.203042820096016 0.166185438632965 0.176543280482292 0.229689434170723 0.236749038100243 0.244591668248177 0.235351279377937 0.22926664352417 0.214148908853531 0.179122313857079 0.161105573177338 0.149750918149948 -3.4e+38 -3.4e+38 -3.4e+38 -3.4e+38 -3.4e+38 -3.4e+38
0.855387091636658 0.860447645187378 0.814840495586395 0.723578989505768 0.658369421958923 0.630957782268524 0.726928293704987 0.671392977237701 0.716589391231537 0.714160263538361 0.724814832210541 0.774126887321472 0.727199375629425 0.737387001514435 0.785307824611664 0.592766463756561 0.475837737321854 0.414165437221527 0.450787037611008 0.4852654337883 0.420424789190292 0.353735208511353 0.450773745775223 0.328878730535507 0.470046788454056 0.770782768726349 0.482865124940872 0.290412664413452 0.477697730064392 0.305902630090714 0.429459810256958 0.478348881006241 0.35896247625351 0.215710833668709 0.201805055141449 0.169621184468269 0.175422638654709 0.186997160315514 0.223201885819435 0.24269711971283 0.204678446054459 0.193195521831512 0.183030426502228 0.193092182278633 0.195214852690697 0.180995434522629 0.169295355677605 0.177476078271866 -3.4e+38 -3.4e+38 -3.4e+38 -3.4e+38 -3.4e+38
0.801738798618317 0.818516850471497 0.768039047718048 0.714239120483398 0.644105315208435 0.622404873371124 0.713765263557434 0.699189364910126 0.828016340732574 0.797839403152466 0.795097410678864 0.849366724491119 0.84612774848938 0.836105585098267 0.82124263048172 0.654797434806824 0.470342695713043 0.461228221654892 0.475748419761658 0.596109211444855 0.720622777938843 0.465222656726837 0.523152232170105 0.493708342313766 0.562522172927856 0.449765741825104 0.42314600944519 0.807804882526398 0.738291501998901 0.404909491539001 0.663848161697388 0.662411749362946 0.505776226520538 0.292667090892792 0.225815430283546 0.201085671782494 0.196680650115013 0.241960063576698 0.233138844370842 0.222642421722412 0.162378579378128 0.134560406208038 0.130974262952805 0.149764806032181 0.163583919405937 0.183408066630363 0.178059250116348 0.177304655313492 -3.4e+38 -3.4e+38 -3.4e+38 -3.4e+38 -3.4e+38
0.71092689037323 0.788909912109375 0.763663351535797 0.699948191642761 0.650832831859589 0.605245769023895 0.780601859092712 0.743178427219391 0.805182754993439 0.761040151119232 0.793363273143768 0.807628154754639 0.799284934997559 0.780858993530273 0.664275765419006 0.564207375049591 0.548967957496643 0.623656034469604 0.645457983016968 0.827303826808929 0.837428987026215 0.456363528966904 0.540332734584808 0.729683220386505 0.853651642799377 0.461588203907013 0.505600214004517 0.844085574150085 0.829795718193054 0.579822301864624 0.716905057430267 0.72504585981369 0.576200008392334 0.338149964809418 0.26929184794426 0.27525594830513 0.264321446418762 0.360215216875076 0.315529197454453 0.274741232395172 0.151945978403091 0.0934194624423981 0.0920464470982552 0.113672748208046 0.117397330701351 0.161273315548897 0.16764160990715 0.171973958611488 0.170788079500198 -3.4e+38 -3.4e+38 -3.4e+38 -3.4e+38
0.66710364818573 0.700508594512939 0.753109574317932 0.729534685611725 0.699377775192261 0.649029910564423 0.808869659900665 0.75950014591217 0.840156555175781 0.672845125198364 0.734321653842926 0.722637593746185 0.705475866794586 0.730558633804321 0.69096302986145 0.695275127887726 0.667592525482178 0.748489260673523 0.756585478782654 0.806641817092896 0.70978182554245 0.5476114153862 0.796215653419495 0.728013277053833 0.78799432516098 0.628502607345581 0.535795331001282 0.543921530246735 0.776852786540985 0.76523095369339 0.81639575958252 0.741827189922333 0.664324879646301 0.595502734184265 0.401384085416794 0.428211092948914 0.320652186870575 0.323701411485672 0.313525348901749 0.277855336666107 0.198229938745499 0.104310743510723 0.0711402744054794 0.0693951770663261 0.113177366554737 0.134469702839851 0.140389278531075 0.156035333871841 0.16252888739109 -3.4e+38 -3.4e+38 -3.4e+38 -3.4e+38
0.584966599941254 0.63450300693512 0.664946317672729 0.632694840431213 0.632870137691498 0.599538922309875 0.704873323440552 0.752058804035187 0.720016837120056 0.641927003860474 0.685157299041748 0.626762509346008 0.638537704944611 0.718739867210388 0.706645369529724 0.696116268634796 0.705210864543915 0.665270030498505 0.69348531961441 0.600411236286163 0.58838015794754 0.651368916034698 0.621814966201782 0.784079313278198 0.812233090400696 0.817588746547699 0.813064813613892 0.597720563411713 0.681710958480835 0.879590690135956 0.894120216369629 0.795552015304565 0.770018041133881 0.698337078094482 0.750753223896027 0.499995976686478 0.372392356395721 0.28697282075882 0.308705031871796 0.320903867483139 0.257596999406815 0.234640136361122 0.0882339924573898 0.066078893840313 0.132547065615654 0.120720535516739 0.133295789361 0.145715847611427 0.188662260770798 -3.4e+38 -3.4e+38 -3.4e+38 -3.4e+38
0.525693297386169 0.521738290786743 0.584586501121521 0.586965501308441 0.589753091335297 0.580591142177582 0.644651532173157 0.672547161579132 0.638781249523163 0.627879977226257 0.634403705596924 0.597070038318634 0.605404675006866 0.610845267772675 0.68200945854187 0.64740777015686 0.658508539199829 0.655558705329895 0.551368653774261 0.478807389736176 0.495132744312286 0.5403191447258 0.601927638053894 0.761278808116913 0.785735011100769 0.77087128162384 0.79218727350235 0.705885231494904 0.700908482074738 0.682088375091553 0.888975918292999 0.887524545192719 0.851049363613129 0.865411937236786 0.753525197505951 0.55369758605957 0.435236304998398 0.374567985534668 0.373301178216934 0.308332085609436 0.293947458267212 0.263932675123215 0.128560736775398 0.0699405893683434 0.0781205594539642 0.100572772324085 0.100515298545361 0.127881065011024 0.158912122249603 0.179649263620377 -3.4e+38 -3.4e+38 -3.4e+38
0.510437846183777 0.534646093845367 0.546962261199951 0.529918968677521 0.531753063201904 0.559542596340179 0.586172521114349 0.60371994972229 0.621134281158447 0.636870622634888 0.647825837135315 0.636967301368713 0.606237351894379 0.621931970119476 0.647952616214752 0.661781370639801 0.631276547908783 0.614731788635254 0.495892196893692 0.512559056282043 0.594619393348694 0.63956481218338 0.553744196891785 0.566138505935669 0.588109791278839 0.73261421918869 0.791109085083008 0.807295739650726 0.757567346096039 0.757488667964935 0.722985148429871 0.822181344032288 0.906626582145691 0.88997358083725 0.924317479133606 0.802947223186493 0.565585672855377 0.483856976032257 0.349652290344238 0.333166539669037 0.30449715256691 0.332675457000732 0.291459143161774 0.127945423126221 0.0824636369943619 0.0755978375673294 0.0877997875213623 0.108951404690742 0.128594011068344 0.190554037690163 0.203022465109825 -3.4e+38 -3.4e+38
0.484705328941345 0.485492408275604 0.520314157009125 0.570239424705505 0.609895586967468 0.592627644538879 0.628338813781738 0.638560950756073 0.655603289604187 0.686618626117706 0.644757091999054 0.681319117546082 0.670198857784271 0.612661719322205 0.630824744701385 0.644043147563934 0.721404850482941 0.659961998462677 0.592650055885315 0.606967389583588 0.703037738800049 0.685880720615387 0.599631905555725 0.587433755397797 0.563287734985352 0.679236531257629 0.805350661277771 0.842045724391937 0.870238900184631 0.823997974395752 0.814720094203949 0.791592597961426 0.911056339740753 0.962761998176575 0.966067016124725 0.852376759052277 0.817900836467743 0.638202011585236 0.37675529718399 0.345069587230682 0.370441943407059 0.337081521749496 0.284893721342087 0.169633984565735 0.0967158749699593 0.0771243721246719 0.0813588127493858 0.0925928503274918 0.126544117927551 0.186444014310837 0.18315252661705 0.135273456573486 -3.4e+38
0.48164427280426 0.482582032680511 0.496186137199402 0.633733510971069 0.707773447036743 0.654939472675323 0.762282490730286 0.775221168994904 0.683737576007843 0.703192174434662 0.717463135719299 0.745210289955139 0.805174291133881 0.730117440223694 0.694356203079224 0.699415266513824 0.715094745159149 0.696307063102722 0.609592735767365 0.620492398738861 0.79899924993515 0.753838539123535 0.675559759140015 0.727761030197144 0.692886888980865 0.751849174499512 0.775179862976074 0.808575689792633 0.847284853458405 0.82811039686203 0.837491095066071 0.80914843082428 0.886401116847992 0.962875843048096 0.952400028705597 0.966505885124207 0.899740993976593 0.806268870830536 0.641005516052246 0.40234562754631 0.30825212597847 0.306246161460876 0.26229652762413 0.183641165494919 0.0971375033259392 0.0845120400190353 0.0803725942969322 0.0917046666145325 0.105853378772736 0.140464305877686 0.176310613751411 0.109859704971313 0.0773254260420799
0.568341732025146 0.544758200645447 0.564015209674835 0.633678138256073 0.601767778396606 0.643387019634247 0.736973822116852 0.740586042404175 0.752723217010498 0.828025341033936 0.858859002590179 0.862757980823517 0.811256587505341 0.789128243923187 0.772182464599609 0.729133069515228 0.754884362220764 0.709222376346588 0.661028444766998 0.825658023357391 0.817579567432404 0.757610201835632 0.765881896018982 0.755969226360321 0.711982846260071 0.771581768989563 0.783228814601898 0.792918264865875 0.851069033145905 0.852882742881775 0.84382164478302 0.844460308551788 0.837529003620148 0.886737048625946 0.895991206169128 0.96215409040451 0.967315375804901 0.789499521255493 0.653323590755463 0.552064120769501 0.419576227664948 0.42205274105072 0.280371248722076 0.236321613192558 0.110673792660236 0.0921298265457153 0.0825609564781189 0.0864005088806152 0.0806784108281136 0.124578736722469 0.167761147022247 0.0765941813588142 0.0577811114490032
0.50676292181015 0.568136513233185 0.587560713291168 0.617273390293121 0.656577825546265 0.72675085067749 0.811166942119598 0.903411149978638 0.767798662185669 0.791858673095703 0.876343011856079 0.909951090812683 0.919689834117889 0.875891268253326 0.818837821483612 0.820636630058289 0.797309935092926 0.748081505298615 0.760594129562378 0.788754642009735 0.714963972568512 0.729606926441193 0.754610300064087 0.715629518032074 0.711022555828094 0.772203862667084 0.79417884349823 0.793655753135681 0.866017043590546 0.939762473106384 0.950339198112488 0.92061859369278 0.840240478515625 0.841672718524933 0.870543718338013 0.920554101467133 0.969622910022736 0.970031976699829 0.903147518634796 0.689403355121613 0.486117899417877 0.378783732652664 0.382914513349533 0.306257665157318 0.137414827942848 0.0878874883055687 0.0765514224767685 0.0683113411068916 0.0722747966647148 0.0893007144331932 0.0637607425451279 0.047618642449379 0.0252749621868134
0.573740601539612 0.665956020355225 0.679485559463501 0.707579374313354 0.71292781829834 0.736473262310028 0.682615458965302 0.754373073577881 0.764149129390717 0.835841953754425 0.935258567333221 0.92242431640625 0.936448633670807 0.937518715858459 0.872610569000244 0.872270882129669 0.846083223819733 0.817776441574097 0.837222576141357 0.8497593998909 0.770977973937988 0.751443207263947 0.695637941360474 0.705387651920319 0.751098036766052 0.801558315753937 0.80955570936203 0.808003187179565 0.843573868274689 0.86937028169632 0.926786720752716 0.95766270160675 0.925806045532227 0.848330914974213 0.838425040245056 0.91808420419693 0.951124489307404 0.98400092124939 0.969211876392365 0.853182375431061 0.649415969848633 0.475368916988373 0.405825734138489 0.422712951898575 0.205345630645752 0.108865730464458 0.0885928645730019 0.0645372793078423 0.0664125755429268 0.0694753751158714 0.0553570874035358 0.0262358840554953 0.0275921300053596
0.70819628238678 0.629616022109985 0.646204173564911 0.762996196746826 0.760744631290436 0.669831573963165 0.683773040771484 0.704920053482056 0.760599434375763 0.774679481983185 0.94964325428009 0.915550649166107 0.908112764358521 0.910739064216614 0.905032575130463 0.912661015987396 0.879441618919373 0.853962004184723 0.859718501567841 0.862697124481201 0.815351247787476 0.785371840000153 0.760715782642365 0.748752355575562 0.809376299381256 0.857206702232361 0.854983806610107 0.848354339599609 0.847517907619476 0.814192116260529 0.80905956029892 0.850529730319977 0.89591383934021 0.872615814208984 0.824064314365387 0.888395488262177 0.929526507854462 0.962762355804443 0.966974258422852 0.95069944858551 0.828556001186371 0.651673257350922 0.456892669200897 0.401311546564102 0.363503754138947 0.274819552898407 0.162572667002678 0.116454489529133 0.0641117170453072 0.0603584237396717 0.0319990776479244 0.0238652154803276 0.0213883481919765
0.670961081981659 0.678947627544403 0.652413785457611 0.689223349094391 0.696443498134613 0.717496156692505 0.813939094543457 0.871892988681793 0.792289674282074 0.792687833309174 0.898611426353455 0.859378814697266 0.91197669506073 0.948587000370026 0.889590680599213 0.936034739017487 0.897782981395721 0.909318268299103 0.861886084079742 0.892577707767487 0.847802221775055 0.825168788433075 0.790698349475861 0.815308451652527 0.809193432331085 0.829533398151398 0.835766017436981 0.851311385631561 0.854292571544647 0.849155962467194 0.816255748271942 0.815237045288086 0.851846754550934 0.882596671581268 0.884328842163086 0.884954869747162 0.916918098926544 0.928590297698975 0.933624088764191 0.961358428001404 0.922824621200562 0.835206389427185 0.617538094520569 0.613314986228943 0.596683382987976 0.292965769767761 0.223008915781975 0.179705187678337 0.0798546150326729 0.0474848859012127 0.0444049537181854 0.0269960500299931 0.0255983881652355
0.770521402359009 0.744008421897888 0.617892742156982 0.70400333404541 0.719384789466858 0.788603901863098 0.880757451057434 0.914647936820984 0.899323105812073 0.784036874771118 0.787266135215759 0.867482662200928 0.892613887786865 0.910585463047028 0.933447003364563 0.925670981407166 0.879958689212799 0.923777937889099 0.922886490821838 0.888345897197723 0.87779974937439 0.834977388381958 0.795423150062561 0.788795173168182 0.822032153606415 0.812131822109222 0.804404616355896 0.810988128185272 0.843371033668518 0.824327409267426 0.79643440246582 0.831095576286316 0.856135964393616 0.869738042354584 0.836783409118652 0.853434383869171 0.879060506820679 0.904731929302216 0.913601636886597 0.94167149066925 0.919093787670135 0.923031508922577 0.917871713638306 0.919676542282104 0.956828355789185 0.918793022632599 0.902549684047699 0.525539398193359 0.208327949047089 0.184093087911606 0.258907914161682 0.204161763191223 0.152237191796303
