data/climate_estimation/maxent_output/Schoenocaulon_megarrhizum.asc
NCOLS 104 
NROWS 109 
XLLCORNER -108.666666666667 
YLLCORNER 20.6666666666667 
CELLSIZE 0.0833333333333334 
NODATA_value -3.4e+38 
[rows 40 to 59 of 109, columns 46 to 91 of 104]
0.66225129365921 0.654501259326935 0.644240140914917 0.639875411987305 0.637298047542572 0.615563690662384 0.602544605731964 0.599240303039551 0.543267607688904 0.537507236003876 0.530990362167358 0.536280930042267 0.524894535541534 0.531505763530731 0.52640575170517 0.549061715602875 0.519354045391083 0.51353132724762 0.540212213993073 0.539625227451324 0.494652479887009 0.491383761167526 0.540415525436401 0.481911182403564 0.477051734924316 0.463632851839066 0.472470074892044 0.471164494752884 0.500833213329315 0.527328670024872 0.548821628093719 0.548503041267395 0.522550702095032 0.498153865337372 0.470235556364059 0.46769118309021 0.490613341331482 0.554281055927277 0.56781005859375 0.565827131271362 0.528568387031555 0.517029643058777 0.517419517040253 0.518150091171265 0.45054692029953 0.446656614542007
0.672964096069336 0.661626279354095 0.648971736431122 0.650802493095398 0.644907832145691 0.637748599052429 0.627988874912262 0.571364462375641 0.587185025215149 0.549006104469299 0.545776009559631 0.535703778266907 0.534472703933716 0.523721039295197 0.51578015089035 0.562003314495087 0.520307600498199 0.509173274040222 0.533736109733582 0.532832205295563 0.48681566119194 0.495437502861023 0.586342573165894 0.531589269638062 0.472717791795731 0.457878857851028 0.480037182569504 0.493527472019196 0.528284013271332 0.551235318183899 0.57349306344986 0.558558881282806 0.534048974514008 0.547390997409821 0.494446754455566 0.472044587135315 0.484608143568039 0.503938436508179 0.515603184700012 0.516879737377167 0.509829461574554 0.51532393693924 0.562196612358093 0.524052143096924 0.457292467355728 0.450978010892868
0.694929778575897 0.677243947982788 0.660194277763367 0.653663039207458 0.633397817611694 0.633088111877441 0.629368305206299 0.622785329818726 0.572104692459106 0.556940019130707 0.552653849124908 0.532906711101532 0.545079350471497 0.529850423336029 0.520670592784882 0.517556965351105 0.5091752409935 0.502922058105469 0.529705405235291 0.513619184494019 0.48124486207962 0.505854249000549 0.528517484664917 0.536703705787659 0.451931208372116 0.456654876470566 0.455767512321472 0.521619319915771 0.495273321866989 0.544589579105377 0.541754364967346 0.548468589782715 0.553746461868286 0.556634187698364 0.554555654525757 0.498242735862732 0.484317094087601 0.493149667978287 0.503102481365204 0.529274642467499 0.535000681877136 0.499917030334473 0.493012815713882 0.489513218402863 0.493642419576645 0.461453169584274
0.665726602077484 0.646373987197876 0.670825660228729 0.651831805706024 0.635810792446136 0.609253346920013 0.604252219200134 0.600262701511383 0.580707252025604 0.571120023727417 0.55790901184082 0.558623373508453 0.536344587802887 0.525814473628998 0.510427534580231 0.516110002994537 0.505428612232208 0.494741290807724 0.504339694976807 0.492786884307861 0.470680087804794 0.48127007484436 0.487518936395645 0.494703769683838 0.495887488126755 0.468077629804611 0.483468472957611 0.478829920291901 0.498989105224609 0.495636582374573 0.5245600938797 0.526577949523926 0.538369655609131 0.537558376789093 0.562472105026245 0.535687327384949 0.497359812259674 0.498296320438385 0.535855531692505 0.571356058120728 0.543219745159149 0.487161308526993 0.467776417732239 0.46282497048378 0.471721976995468 0.473168760538101
0.668575584888458 0.653176486492157 0.641780376434326 0.628046214580536 0.620250582695007 0.617664217948914 0.606170654296875 0.604770004749298 0.590461075305939 0.580177187919617 0.566864252090454 0.551418721675873 0.54913991689682 0.535135388374329 0.522801578044891 0.50714099407196 0.497198104858398 0.497048556804657 0.482644021511078 0.482874661684036 0.473541706800461 0.463579893112183 0.468501418828964 0.468400031328201 0.476182967424393 0.482679158449173 0.485475599765778 0.488349795341492 0.480051726102829 0.476860105991364 0.508212745189667 0.506413817405701 0.519647598266602 0.554091095924377 0.540197551250458 0.543142378330231 0.514747560024261 0.534778296947479 0.577617108821869 0.568159282207489 0.538894295692444 0.489140659570694 0.457852095365524 0.450894564390182 0.442726880311966 0.480244249105453
0.668567717075348 0.659662663936615 0.639117956161499 0.626025676727295 0.621231734752655 0.611898601055145 0.613120853900909 0.606335818767548 0.597652494907379 0.592792987823486 0.577944338321686 0.578843235969543 0.562098443508148 0.544391512870789 0.523561120033264 0.503705382347107 0.503796339035034 0.488911330699921 0.48671081662178 0.473799347877502 0.463517248630524 0.467023849487305 0.469275265932083 0.457450717687607 0.460442930459976 0.477040797472 0.479701727628708 0.477025717496872 0.480173617601395 0.467072397470474 0.489419102668762 0.503282606601715 0.521761000156403 0.512552440166473 0.514707624912262 0.509806573390961 0.535110235214233 0.552294015884399 0.587165296077728 0.583285510540009 0.544144749641418 0.495834201574326 0.46409273147583 0.453762263059616 0.437176674604416 0.444761097431183
0.677142918109894 0.646105408668518 0.647250950336456 0.638212502002716 0.619004964828491 0.62440288066864 0.618630886077881 0.611554443836212 0.611211895942688 0.60111665725708 0.584854483604431 0.579701066017151 0.565861523151398 0.53862327337265 0.525161445140839 0.517793834209442 0.50118499994278 0.485131502151489 0.479527235031128 0.467915207147598 0.466728240251541 0.461423754692078 0.46448278427124 0.460226982831955 0.460541427135468 0.461837887763977 0.45631068944931 0.464078634977341 0.463936239480972 0.470351785421371 0.473877310752869 0.498009294271469 0.506396472454071 0.486155241727829 0.488853722810745 0.496405154466629 0.514973223209381 0.539562225341797 0.563219368457794 0.573560655117035 0.544961810112 0.510833442211151 0.477144658565521 0.472455352544785 0.458332389593124 0.450291007757187
0.673181712627411 0.661488115787506 0.654379844665527 0.640392065048218 0.624534785747528 0.62796151638031 0.629719138145447 0.619808614253998 0.616808295249939 0.60273951292038 0.589894473552704 0.585697531700134 0.589480638504028 0.559441745281219 0.525419056415558 0.524138033390045 0.520146310329437 0.49857759475708 0.48495826125145 0.471325725317001 0.457193851470947 0.456839293241501 0.455786287784576 0.462004274129868 0.446485757827759 0.452948331832886 0.465618312358856 0.46095335483551 0.476779699325562 0.471758484840393 0.490165770053864 0.476880103349686 0.502346634864807 0.48776587843895 0.485889077186584 0.493103861808777 0.491115808486938 0.509421288967133 0.524985611438751 0.54700243473053 0.541428029537201 0.50457352399826 0.48706927895546 0.501056909561157 0.460212379693985 0.463736325502396
0.692927002906799 0.673749029636383 0.654941856861115 0.649129807949066 0.631750226020813 0.615326285362244 0.625001847743988 0.613702654838562 0.627989053726196 0.600558698177338 0.638773679733276 0.602353692054749 0.593624114990234 0.588915467262268 0.534852862358093 0.523539543151855 0.512131869792938 0.500366628170013 0.48599699139595 0.47916367650032 0.460031658411026 0.434508234262466 0.444686830043793 0.448258191347122 0.454074889421463 0.453012257814407 0.466717809438705 0.47112575173378 0.482878565788269 0.484856992959976 0.492599010467529 0.497597098350525 0.506133437156677 0.488259434700012 0.492046892642975 0.487413614988327 0.499943971633911 0.489537358283997 0.49839785695076 0.511330604553223 0.508103311061859 0.498138457536697 0.49888089299202 0.517442405223846 0.487923502922058 0.491502851247787
0.688185393810272 0.680265128612518 0.650120556354523 0.637633264064789 0.624582588672638 0.619624495506287 0.617699384689331 0.631160795688629 0.654378533363342 0.621038496494293 0.63575941324234 0.646599233150482 0.568979263305664 0.566995441913605 0.538430988788605 0.51606959104538 0.502038598060608 0.488093107938766 0.465197294950485 0.462315201759338 0.445876389741898 0.431611597537994 0.419920414686203 0.4339699447155 0.464025378227234 0.457038789987564 0.468317568302155 0.480054765939713 0.492961436510086 0.503699243068695 0.498622745275497 0.490045726299286 0.474943697452545 0.501356303691864 0.491730451583862 0.501526117324829 0.499363005161285 0.507599115371704 0.500427067279816 0.494396030902863 0.50241631269455 0.493561208248138 0.504993617534637 0.542891323566437 0.514620184898376 0.503964006900787
0.666845977306366 0.685648083686829 0.650935351848602 0.627131044864655 0.608246505260468 0.608401298522949 0.610018312931061 0.606441855430603 0.6193887591362 0.634908139705658 0.62207818031311 0.65105128288269 0.571549236774445 0.54076075553894 0.53725665807724 0.512881636619568 0.508884847164154 0.478398323059082 0.473967224359512 0.449208199977875 0.429796695709229 0.419841140508652 0.414580106735229 0.446107923984528 0.49859419465065 0.487092018127441 0.493231624364853 0.498177856206894 0.503614604473114 0.511982679367065 0.502925455570221 0.495164036750793 0.488366037607193 0.492612034082413 0.488562941551208 0.518281877040863 0.522396147251129 0.519050240516663 0.522185206413269 0.512312412261963 0.513731360435486 0.50128561258316 0.515437543392181 0.543778121471405 0.544760584831238 0.542674839496613
0.658150136470795 0.655545055866241 0.626896321773529 0.628189265727997 0.619933545589447 0.594346761703491 0.581561505794525 0.590745687484741 0.600871801376343 0.629098415374756 0.615682244300842 0.647968947887421 0.586597442626953 0.540555715560913 0.552269518375397 0.531910121440887 0.509146988391876 0.496037900447845 0.478789836168289 0.449365496635437 0.429876923561096 0.422075897455215 0.412133514881134 0.429058372974396 0.45389711856842 0.45302277803421 0.487157046794891 0.528536736965179 0.589770138263702 0.600602269172668 0.585907816886902 0.51389068365097 0.512879967689514 0.522714793682098 0.518678724765778 0.520763576030731 0.538491189479828 0.535127401351929 0.531042098999023 0.520736992359161 0.521278381347656 0.513011693954468 0.516937375068665 0.526194274425507 0.540171384811401 0.546204030513763
0.649360120296478 0.636139214038849 0.617564558982849 0.636319279670715 0.620987355709076 0.604126632213593 0.587340772151947 0.581115245819092 0.578674376010895 0.596670508384705 0.589916110038757 0.610669851303101 0.617887914180756 0.588639974594116 0.561300277709961 0.57092809677124 0.49957337975502 0.499965280294418 0.476523131132126 0.470232516527176 0.432573169469833 0.426267892122269 0.430112481117249 0.437542408704758 0.448478281497955 0.457978039979935 0.472615331411362 0.49806272983551 0.539140045642853 0.554698407649994 0.590465009212494 0.5801602602005 0.561427474021912 0.556932032108307 0.550542712211609 0.533087968826294 0.515102028846741 0.545993089675903 0.54304713010788 0.535625100135803 0.526997685432434 0.52122700214386 0.517799615859985 0.507507503032684 0.51700758934021 0.513560593128204
0.684489250183105 0.646632194519043 0.614886939525604 0.618645310401917 0.650036990642548 0.628003299236298 0.608885645866394 0.582861065864563 0.571571826934814 0.565979778766632 0.573328495025635 0.579472541809082 0.581648945808411 0.594874024391174 0.588133156299591 0.558305263519287 0.543167293071747 0.54656571149826 0.541921734809875 0.486007034778595 0.462482750415802 0.493802309036255 0.525938749313354 0.503753840923309 0.468113958835602 0.470727056264877 0.475687652826309 0.485511988401413 0.512545466423035 0.505947887897491 0.514226019382477 0.525776505470276 0.570560812950134 0.580564022064209 0.582796514034271 0.560476660728455 0.545149147510529 0.527507662773132 0.548608899116516 0.531327545642853 0.51710569858551 0.502981066703796 0.490814089775085 0.479703038930893 0.460974633693695 0.510819673538208
0.759063184261322 0.675199031829834 0.629938304424286 0.608225226402283 0.620289087295532 0.618388593196869 0.606357574462891 0.579680919647217 0.589395880699158 0.599758505821228 0.585752665996552 0.575340867042542 0.566186785697937 0.570276439189911 0.559498965740204 0.548537790775299 0.545742392539978 0.607506811618805 0.641105592250824 0.595602691173553 0.584154844284058 0.565294563770294 0.541586399078369 0.563034415245056 0.582231104373932 0.576548635959625 0.559132695198059 0.576553523540497 0.544462919235229 0.518648207187653 0.53007560968399 0.531355559825897 0.529544651508331 0.530676543712616 0.549321115016937 0.551857352256775 0.549293100833893 0.56232750415802 0.560323297977448 0.585543096065521 0.547344148159027 0.602506816387177 0.507230520248413 0.458320617675781 0.430666625499725 0.47712242603302
0.746853470802307 0.702638328075409 0.650751709938049 0.618154525756836 0.614563345909119 0.605478942394257 0.611003577709198 0.596543312072754 0.624414563179016 0.669064879417419 0.611347079277039 0.598017275333405 0.578657388687134 0.63465827703476 0.622848927974701 0.586615324020386 0.57658064365387 0.539065539836884 0.631568074226379 0.682790338993073 0.613092660903931 0.603021383285522 0.593607723712921 0.597793519496918 0.627836227416992 0.637081801891327 0.592121481895447 0.598209977149963 0.617321133613586 0.560757279396057 0.549357533454895 0.584284245967865 0.572252869606018 0.548137426376343 0.550146877765656 0.552940130233765 0.545620262622833 0.532389461994171 0.556222140789032 0.556985557079315 0.533288061618805 0.529871225357056 0.50542414188385 0.519015789031982 0.473095655441284 0.49842444062233
0.753239333629608 0.739278554916382 0.668763995170593 0.63999354839325 0.630309462547302 0.64676707983017 0.647739291191101 0.630278646945953 0.633536458015442 0.677914917469025 0.663166403770447 0.615992844104767 0.593917608261108 0.615313827991486 0.633558332920074 0.622374713420868 0.641731679439545 0.616794049739838 0.590164661407471 0.600039124488831 0.598076641559601 0.611641228199005 0.609807670116425 0.599359154701233 0.610840678215027 0.617564022541046 0.623714089393616 0.615348696708679 0.638628780841827 0.594449639320374 0.567443430423737 0.577359795570374 0.589235424995422 0.575245916843414 0.571743726730347 0.566057741641998 0.559589207172394 0.541074216365814 0.515508234500885 0.521669507026672 0.509153962135315 0.48131537437439 0.475917726755142 0.450412929058075 0.444148868322372 0.453981637954712
0.768199563026428 0.737353801727295 0.686699986457825 0.659943819046021 0.644277453422546 0.673004269599915 0.68492990732193 0.661479592323303 0.634409308433533 0.677856981754303 0.660643815994263 0.638824105262756 0.642808675765991 0.627650558948517 0.624960541725159 0.642522692680359 0.624603033065796 0.627983331680298 0.616911590099335 0.633528172969818 0.657134473323822 0.65026992559433 0.630213439464569 0.620522916316986 0.635719418525696 0.651178896427155 0.63640832901001 0.639274477958679 0.654974222183228 0.641856670379639 0.619638562202454 0.615732491016388 0.589616119861603 0.588306367397308 0.589500367641449 0.579274833202362 0.569475829601288 0.546825110912323 0.535608530044556 0.513329148292542 0.512108743190765 0.487141579389572 0.476424038410187 0.452932357788086 0.439976066350937 0.446119904518127
0.7788365483284 0.772207260131836 0.733142375946045 0.679114162921906 0.652258098125458 0.664139926433563 0.678768038749695 0.668722212314606 0.649755239486694 0.663685858249664 0.696578025817871 0.683190047740936 0.667773544788361 0.662951052188873 0.658425211906433 0.658241748809814 0.650845646858215 0.649385035037994 0.630718648433685 0.633465826511383 0.660696804523468 0.666000366210938 0.645685732364655 0.650379002094269 0.667423188686371 0.674852967262268 0.679239511489868 0.675498723983765 0.662140667438507 0.658416628837585 0.651689827442169 0.667438328266144 0.649886906147003 0.609217166900635 0.59293007850647 0.594744205474854 0.584865152835846 0.54930168390274 0.533720374107361 0.53703510761261 0.50972843170166 0.497759848833084 0.472316056489944 0.467651903629303 0.467617779970169 0.464793294668198
0.789240479469299 0.792574942111969 0.741233944892883 0.699343979358673 0.666517853736877 0.692143857479095 0.72217845916748 0.704840064048767 0.708504676818848 0.683525621891022 0.706165254116058 0.72752982378006 0.72689950466156 0.700936734676361 0.709314823150635 0.706450641155243 0.694011449813843 0.682392299175262 0.679625570774078 0.659733235836029 0.655169129371643 0.668787121772766 0.658191442489624 0.658806025981903 0.677522420883179 0.680659532546997 0.68670779466629 0.677582859992981 0.679490745067596 0.671702921390533 0.677423536777496 0.679662764072418 0.666223585605621 0.636695861816406 0.615632712841034 0.606009304523468 0.602368056774139 0.55823278427124 0.542336642742157 0.514634728431702 0.516568660736084 0.496155232191086 0.48982647061348 0.477432101964951 0.481495916843414 0.481693953275681
