data/climate_estimation/maxent_output/Schoenocaulon_mortonii.asc
NCOLS 48 
NROWS 52 
XLLCORNER -102.583333333333 
YLLCORNER 16.9166666666667 
CELLSIZE 0.0833333333333333 
NODATA_value -3.4e+38 
[rows 0 to 20 of 52, columns 0 to 45 of 48]
0.354315936565399 0.316021531820297 0.335112720727921 0.295382410287857 0.342581003904343 0.351844608783722 0.340703934431076 0.348287910223007 0.32089576125145 0.364631474018097 0.346058130264282 0.37150177359581 0.408191412687302 0.36296734213829 0.357021808624268 0.394450724124908 0.402924746274948 0.355018347501755 0.322266131639481 0.289253443479538 0.27178156375885 0.258071154356003 0.257944792509079 0.251233458518982 0.287317603826523 0.301544219255447 0.292384535074234 0.260581582784653 0.243571847677231 0.275520801544189 0.257310301065445 0.218945413827896 0.230446860194206 0.202281162142754 0.296927630901337 0.213934779167175 0.193596556782722 0.133879974484444 0.160167500376701 0.127526789903641 0.161816507577896 0.132475823163986 0.0502518080174923 0.0332854650914669 0.0256715603172779 0.0204562768340111
0.41050910949707 0.378828018903732 0.37541875243187 0.375738888978958 0.387583702802658 0.404310464859009 0.402404457330704 0.360862106084824 0.343145698308945 0.375209122896194 0.330933690071106 0.320984333753586 0.382676243782043 0.403422296047211 0.390655845403671 0.451152175664902 0.444074869155884 0.374218165874481 0.360963493585587 0.315710872411728 0.29151776432991 0.262577950954437 0.277630388736725 0.281771510839462 0.27043953537941 0.27299690246582 0.277255415916443 0.304082483053207 0.263355404138565 0.238014161586761 0.222920686006546 0.207382962107658 0.204683095216751 0.196191534399986 0.292332291603088 0.269044488668442 0.199219539761543 0.179873213171959 0.161887913942337 0.133117362856865 0.127475917339325 0.12005378305912 0.0812092572450638 0.0622320473194122 0.03060157969594 0.0230190847069025
0.45225203037262 0.434948086738586 0.435467034578323 0.432713776826859 0.49906000494957 0.474407225847244 0.440467864274979 0.41667652130127 0.384845435619354 0.345186859369278 0.335072636604309 0.338917523622513 0.365964829921722 0.392203718423843 0.423327326774597 0.44602307677269 0.455910623073578 0.429134547710419 0.387384355068207 0.352551937103271 0.312166929244995 0.284763157367706 0.310276031494141 0.316025495529175 0.293058902025223 0.290804862976074 0.301818519830704 0.308717459440231 0.292498856782913 0.272520452737808 0.2989701628685 0.207340821623802 0.176966115832329 0.164053201675415 0.173431754112244 0.193881869316101 0.19300103187561 0.182476550340652 0.207643464207649 0.170368835330009 0.187954545021057 0.201716363430023 0.121692098677158 0.0488511100411415 0.0629678145051003 0.0315939411520958
0.4671471118927 0.481926321983337 0.509940683841705 0.54143226146698 0.553680717945099 0.514404773712158 0.482576251029968 0.455181300640106 0.382836490869522 0.357808023691177 0.338919878005981 0.35110542178154 0.382342338562012 0.401352167129517 0.427330374717712 0.451163858175278 0.454773098230362 0.44132000207901 0.414089143276215 0.358084827661514 0.323102474212646 0.295804858207703 0.316934168338776 0.330649137496948 0.345831274986267 0.342202812433243 0.346019417047501 0.39066955447197 0.387810915708542 0.367196679115295 0.336053490638733 0.243581920862198 0.186824321746826 0.187530249357224 0.184539258480072 0.203548863530159 0.220097899436951 0.207756370306015 0.21514093875885 0.208442375063896 0.220241919159889 0.167783707380295 0.112338520586491 0.17489755153656 0.13419383764267 0.0435687601566315
0.487329095602036 0.517048358917236 0.53374195098877 0.553658425807953 0.518612384796143 0.454635322093964 0.397607415914536 0.392822027206421 0.372040718793869 0.387626588344574 0.369129300117493 0.379320293664932 0.408511519432068 0.421896725893021 0.429781138896942 0.447815924882889 0.462297290563583 0.48138427734375 0.460334837436676 0.417517811059952 0.354158073663712 0.332046627998352 0.354652345180511 0.345059394836426 0.357261180877686 0.350439518690109 0.359069794416428 0.39378234744072 0.391918897628784 0.331946820020676 0.25567427277565 0.212968334555626 0.200448378920555 0.223201259970665 0.222939759492874 0.355341613292694 0.277554959058762 0.200007170438766 0.214562937617302 0.237128168344498 0.304550319910049 0.183652386069298 0.157997205853462 0.227509722113609 0.185427233576775 0.098629042506218
0.524978339672089 0.515254020690918 0.537644386291504 0.571465790271759 0.564207851886749 0.541517615318298 0.454874128103256 0.396323710680008 0.400933295488358 0.449639111757278 0.422857314348221 0.402220845222473 0.431850910186768 0.43599459528923 0.431731939315796 0.452795654535294 0.463806420564651 0.465422213077545 0.482759147882462 0.42642080783844 0.385331243276596 0.363520175218582 0.394809365272522 0.374076724052429 0.392920762300491 0.351770102977753 0.361634910106659 0.351563572883606 0.33432725071907 0.321613132953644 0.28654557466507 0.284103840589523 0.253905951976776 0.296128690242767 0.297644823789597 0.391023337841034 0.284900516271591 0.218810766935349 0.278258740901947 0.227138206362724 0.273321121931076 0.240957528352737 0.195354998111725 0.17703939974308 0.204662516713142 0.182083249092102
0.509531080722809 0.494668453931808 0.517908990383148 0.614693284034729 0.65118008852005 0.64396858215332 0.584092378616333 0.432787865400314 0.401034325361252 0.423163115978241 0.422261208295822 0.429748177528381 0.471585839986801 0.449703246355057 0.447259694337845 0.442641854286194 0.448391735553741 0.449291974306107 0.436787128448486 0.401726186275482 0.385555118322372 0.364414870738983 0.369963258504868 0.381118386983871 0.374325633049011 0.335969775915146 0.363814204931259 0.315572530031204 0.318782418966293 0.34178701043129 0.301752626895905 0.295217990875244 0.28757306933403 0.284273833036423 0.285117387771606 0.241206467151642 0.231333270668983 0.239205852150917 0.213708117604256 0.2785265147686 0.324795812368393 0.382033050060272 0.281166911125183 0.210664480924606 0.216584488749504 0.2878058552742
0.463861912488937 0.439977496862411 0.478522181510925 0.517130076885223 0.592062771320343 0.600758016109467 0.550893425941467 0.437201857566833 0.46979832649231 0.532832860946655 0.479936629533768 0.431375622749329 0.429832994937897 0.423960536718369 0.414722591638565 0.399241209030151 0.409307330846786 0.407639622688293 0.391372263431549 0.372231364250183 0.36883619427681 0.341912269592285 0.375142335891724 0.364695280790329 0.323375403881073 0.307449400424957 0.331901609897614 0.328715473413467 0.305831134319305 0.307640999555588 0.321708828210831 0.291112899780273 0.283972382545471 0.278967142105103 0.237537324428558 0.215485110878944 0.218354538083076 0.21607694029808 0.21987472474575 0.33865088224411 0.343609154224396 0.325063914060593 0.271256446838379 0.225071176886559 0.2382952272892 0.270434617996216
0.471008837223053 0.438700169324875 0.399012297391891 0.414409279823303 0.460591644048691 0.480710297822952 0.509612262248993 0.473267436027527 0.540229797363281 0.575433850288391 0.544877409934998 0.455493181943893 0.422930866479874 0.398369491100311 0.381124049425125 0.350716978311539 0.357403576374054 0.351347357034683 0.365843296051025 0.364022254943848 0.341035395860672 0.311011850833893 0.322496980428696 0.333412379026413 0.33211362361908 0.31999796628952 0.385927557945251 0.411833196878433 0.342506051063538 0.325083166360855 0.315927892923355 0.304615676403046 0.26818710565567 0.279165774583817 0.224817350506783 0.230432733893394 0.25014266371727 0.243944272398949 0.215195551514626 0.219478994607925 0.201829716563225 0.248518899083138 0.274302095174789 0.280647993087769 0.278504937887192 0.257098644971848
0.457569599151611 0.466514647006989 0.427056044340134 0.392079561948776 0.400523573160172 0.42842423915863 0.40993857383728 0.417736977338791 0.503739416599274 0.557523131370544 0.501205205917358 0.46263062953949 0.447724580764771 0.405732154846191 0.36303123831749 0.319618910551071 0.303815364837646 0.318589717149734 0.337588846683502 0.3605035841465 0.400865465402603 0.348153352737427 0.400094091892242 0.400284171104431 0.398516535758972 0.473639279603958 0.446187019348145 0.541365742683411 0.451362460851669 0.364616990089417 0.328730970621109 0.289998650550842 0.347285866737366 0.321878969669342 0.257893115282059 0.258019059896469 0.390462905168533 0.279154807329178 0.211043313145638 0.22114185988903 0.203988671302795 0.243653327226639 0.348795294761658 0.347660273313522 0.366201132535934 0.338527202606201
0.471916556358337 0.490446627140045 0.47103363275528 0.425413608551025 0.403761029243469 0.384091049432755 0.358336091041565 0.370064467191696 0.417207658290863 0.444967865943909 0.470454603433609 0.443981170654297 0.449619650840759 0.408820867538452 0.359348446130753 0.321345686912537 0.300656527280807 0.296444207429886 0.344177484512329 0.403754889965057 0.453682869672775 0.387691646814346 0.496630132198334 0.506242334842682 0.483137965202332 0.534968674182892 0.616084933280945 0.68837034702301 0.622139871120453 0.462079882621765 0.393422722816467 0.345240861177444 0.40373370051384 0.386058539152145 0.297131896018982 0.331040382385254 0.465704917907715 0.379339337348938 0.24538354575634 0.274931222200394 0.261736243963242 0.307405561208725 0.295892357826233 0.349973678588867 0.389679133892059 0.347613215446472
0.500792741775513 0.488892793655396 0.470596581697464 0.446703016757965 0.391836643218994 0.416114747524261 0.371047854423523 0.359194844961166 0.398836463689804 0.432743430137634 0.489146709442139 0.445091426372528 0.441109538078308 0.41012442111969 0.392473429441452 0.413562119007111 0.376778870820999 0.344199866056442 0.36052018404007 0.410725116729736 0.414484918117523 0.39734160900116 0.463853150606155 0.510030567646027 0.521977365016937 0.608950912952423 0.670109748840332 0.676613211631775 0.648505210876465 0.568030595779419 0.506413519382477 0.447650223970413 0.432399153709412 0.382057845592499 0.367412149906158 0.485352486371994 0.476445853710175 0.422963917255402 0.388068318367004 0.339800834655762 0.279449373483658 0.348013907670975 0.305658400058746 0.323464214801788 0.430840164422989 0.378600507974625
0.531001269817352 0.520875155925751 0.386106044054031 0.364511460065842 0.411193609237671 0.361689984798431 0.400229901075363 0.403099477291107 0.436870932579041 0.441355109214783 0.45032325387001 0.437992244958878 0.455758035182953 0.457845628261566 0.468645483255386 0.367746025323868 0.354306012392044 0.393337786197662 0.400284826755524 0.42858749628067 0.447752386331558 0.466704338788986 0.524995386600494 0.621172606945038 0.552896559238434 0.57500809431076 0.622341990470886 0.656297862529755 0.646320402622223 0.651686608791351 0.578236103057861 0.455298691987991 0.418909311294556 0.413166582584381 0.444366246461868 0.450015068054199 0.442142486572266 0.43511837720871 0.37181493639946 0.318247199058533 0.294483631849289 0.341274559497833 0.364819020032883 0.370550900697708 0.427787572145462 0.451275497674942
0.434701263904572 0.405187129974365 0.384509593248367 0.358189195394516 0.370998799800873 0.416405141353607 0.499341309070587 0.470811039209366 0.479651808738708 0.46416637301445 0.451627641916275 0.499790072441101 0.487497448921204 0.453366070985794 0.431713819503784 0.411927282810211 0.404537379741669 0.438938587903976 0.451784461736679 0.468191683292389 0.466045141220093 0.477688878774643 0.477442264556885 0.4924675822258 0.498257786035538 0.580970704555511 0.655722081661224 0.617528557777405 0.631057977676392 0.628829717636108 0.633362650871277 0.567777216434479 0.505921304225922 0.505391895771027 0.517223298549652 0.554661810398102 0.466646790504456 0.410248398780823 0.319948673248291 0.341012865304947 0.355567216873169 0.377430409193039 0.406298726797104 0.406364858150482 0.417295068502426 0.441547274589539
0.33966127038002 0.386086195707321 0.394467025995255 0.400345206260681 0.389545381069183 0.487387210130692 0.512221276760101 0.544571340084076 0.55148309469223 0.546127796173096 0.52461314201355 0.566543161869049 0.51175057888031 0.552172064781189 0.581861972808838 0.520804345607758 0.461333453655243 0.435837417840958 0.447706639766693 0.514913618564606 0.514420866966248 0.475619494915009 0.48191699385643 0.489283531904221 0.491681009531021 0.533243060112 0.688100218772888 0.627762615680695 0.593662023544312 0.590580701828003 0.644858658313751 0.741978704929352 0.665393233299255 0.602335095405579 0.565512835979462 0.561592996120453 0.431306779384613 0.413030743598938 0.406471580266953 0.41329225897789 0.450288355350494 0.447499662637711 0.4494848549366 0.429943472146988 0.447907090187073 0.438895553350449
0.364503264427185 0.31953153014183 0.315896332263947 0.399833500385284 0.420352011919022 0.459355413913727 0.536913216114044 0.584406912326813 0.602834820747375 0.580367088317871 0.567539274692535 0.556721091270447 0.564976930618286 0.607648372650146 0.567917764186859 0.423662781715393 0.458730071783066 0.464095592498779 0.504056334495544 0.495964884757996 0.495147943496704 0.515709161758423 0.572596251964569 0.625505268573761 0.5285964012146 0.511322557926178 0.589716255664825 0.54677426815033 0.604930698871613 0.717621266841888 0.597619831562042 0.685142040252686 0.632516622543335 0.639400124549866 0.597617864608765 0.567237555980682 0.45108437538147 0.435065925121307 0.460441142320633 0.475709766149521 0.48566147685051 0.468642473220825 0.445074081420898 0.440396845340729 0.433820933103561 0.454260379076004
0.427921801805496 0.451286673545837 0.463818222284317 0.492809325456619 0.431410819292068 0.51075005531311 0.583873450756073 0.619414389133453 0.636940658092499 0.582764029502869 0.554506480693817 0.531617045402527 0.517156183719635 0.549732208251953 0.500472128391266 0.498233377933502 0.504147887229919 0.50580221414566 0.550422191619873 0.50214684009552 0.506003379821777 0.544751644134521 0.66490912437439 0.703472435474396 0.66837751865387 0.497892528772354 0.502551913261414 0.566197156906128 0.618411302566528 0.670182466506958 0.713214457035065 0.645876705646515 0.597381174564362 0.627626180648804 0.584708094596863 0.566377520561218 0.544643640518188 0.495013892650604 0.496850848197937 0.495605111122131 0.488792240619659 0.454201847314835 0.428355127573013 0.405965596437454 0.403758019208908 0.409553349018097
0.493562161922455 0.539259910583496 0.626482903957367 0.609602987766266 0.575766563415527 0.626948952674866 0.613824665546417 0.651641607284546 0.671474695205688 0.554818689823151 0.517699897289276 0.536355376243591 0.59956306219101 0.579732239246368 0.554336845874786 0.569823503494263 0.505697965621948 0.540384829044342 0.523211538791656 0.511443376541138 0.530804932117462 0.62031102180481 0.738817155361176 0.794229745864868 0.742747366428375 0.556526243686676 0.559698104858398 0.760216534137726 0.801629543304443 0.801143705844879 0.751500308513641 0.619536399841309 0.562418401241302 0.572614312171936 0.599262297153473 0.607629120349884 0.555511653423309 0.487822115421295 0.493839770555496 0.50971245765686 0.495407938957214 0.461990743875504 0.420882612466812 0.405449271202087 0.408036142587662 0.406859993934631
0.571517050266266 0.581359684467316 0.646475851535797 0.703418910503387 0.671343505382538 0.644792199134827 0.647692978382111 0.698996007442474 0.761361837387085 0.724607467651367 0.638550400733948 0.580596506595612 0.652882993221283 0.644979536533356 0.547644674777985 0.54825085401535 0.524190664291382 0.541648924350739 0.550955712795258 0.614496529102325 0.710577964782715 0.74244612455368 0.658159494400024 0.557371735572815 0.544216871261597 0.580491900444031 0.705474495887756 0.793461263179779 0.793159484863281 0.790255725383759 0.747375071048737 0.633808314800262 0.529422461986542 0.55774450302124 0.553347706794739 0.591227293014526 0.608338713645935 0.573474645614624 0.522493362426758 0.506247758865356 0.497111022472382 0.479435563087463 0.424417406320572 0.424543857574463 0.403871446847916 0.382112294435501
0.655304133892059 0.671034455299377 0.655417740345001 0.683040797710419 0.693249106407166 0.670051991939545 0.713280081748962 0.732414603233337 0.767869770526886 0.766138195991516 0.66265857219696 0.56371009349823 0.574964940547943 0.630204319953918 0.64615124464035 0.53620982170105 0.563745021820068 0.601085722446442 0.582563638687134 0.568827927112579 0.574879348278046 0.668825507164001 0.714629888534546 0.680756151676178 0.6417555809021 0.55910712480545 0.691235661506653 0.780812442302704 0.773868501186371 0.762347996234894 0.710790753364563 0.624123692512512 0.50052934885025 0.478531420230865 0.501009285449982 0.588359177112579 0.706750929355621 0.647588491439819 0.571561396121979 0.512252509593964 0.512362420558929 0.486844927072525 0.459853678941727 0.43368199467659 0.433948367834091 0.418952375650406
0.655437707901001 0.71989119052887 0.7339848279953 0.714056730270386 0.747620403766632 0.732111096382141 0.727689743041992 0.729508280754089 0.734174072742462 0.734925031661987 0.609200894832611 0.604377865791321 0.618517577648163 0.590191543102264 0.575536012649536 0.579931139945984 0.633398771286011 0.642799615859985 0.516898036003113 0.464456140995026 0.455555379390717 0.616706371307373 0.727610766887665 0.743898689746857 0.628209412097931 0.57985657453537 0.621710121631622 0.77738481760025 0.785085916519165 0.758913516998291 0.711388409137726 0.673512041568756 0.611320614814758 0.498850136995316 0.553585648536682 0.62006688117981 0.733662903308868 0.729393661022186 0.603159010410309 0.556881844997406 0.561037600040436 0.505614519119263 0.451914966106415 0.455539792776108 0.44680592417717 0.451939821243286
