data/climate_estimation/maxent_output/Schoenocaulon_megarrhizum.asc
NCOLS 104 
NROWS 109 
XLLCORNER -108.666666666667 
YLLCORNER 20.6666666666667 
CELLSIZE 0.0833333333333334 
NODATA_value -3.4e+38 
[rows 20 to 39 of 109, columns 0 to 45 of 104]
0.608897030353546 0.517684161663055 0.506901919841766 0.55213063955307 0.609795272350311 0.681591153144836 0.66626387834549 0.656431257724762 0.651767194271088 0.64260071516037 0.643361389636993 0.64867776632309 0.652793765068054 0.662512838840485 0.661532878875732 0.668987274169922 0.672519743442535 0.675325632095337 0.679643154144287 0.689741432666779 0.688411295413971 0.721566200256348 0.714909434318542 0.711895346641541 0.729120254516602 0.71189957857132 0.707304954528809 0.701771438121796 0.685607969760895 0.668129920959473 0.690531671047211 0.661541283130646 0.647066116333008 0.609625458717346 0.584946990013123 0.572210609912872 0.54598480463028 0.537694931030273 0.514175236225128 0.515152513980865 0.55464905500412 0.561375975608826 0.553486764431 0.557721436023712 0.548217535018921 0.572635233402252
0.562160551548004 0.547278821468353 0.542345762252808 0.571318387985229 0.656306684017181 0.681235194206238 0.662179946899414 0.652231812477112 0.640267193317413 0.634503066539764 0.640295505523682 0.650015413761139 0.661040902137756 0.656463205814362 0.655431747436523 0.669978201389313 0.668167591094971 0.67430168390274 0.679523527622223 0.675866901874542 0.682293176651001 0.7113196849823 0.695678472518921 0.703978180885315 0.717260479927063 0.718023896217346 0.701006054878235 0.701523423194885 0.695991635322571 0.70759242773056 0.693327248096466 0.67681473493576 0.636910617351532 0.606024205684662 0.58711701631546 0.581690013408661 0.5531907081604 0.548422753810883 0.529176533222198 0.533084213733673 0.573922514915466 0.557398319244385 0.577281177043915 0.557574093341827 0.559199869632721 0.556234359741211
0.585074424743652 0.652163088321686 0.596462845802307 0.599118709564209 0.651380240917206 0.630605041980743 0.635236203670502 0.631984353065491 0.629809975624084 0.6357062458992 0.627475321292877 0.634678483009338 0.641445517539978 0.652474462985992 0.64286595582962 0.652345299720764 0.666437447071075 0.66737949848175 0.667351007461548 0.681887567043304 0.718422591686249 0.714773237705231 0.707302987575531 0.69808441400528 0.700002133846283 0.701061546802521 0.697457313537598 0.683321118354797 0.710885226726532 0.700947642326355 0.696731925010681 0.664401948451996 0.642662942409515 0.627303719520569 0.620539247989655 0.598093628883362 0.577635407447815 0.575836718082428 0.549255847930908 0.549449622631073 0.544182300567627 0.524817526340485 0.523074924945831 0.539213359355927 0.556477308273315 0.549353778362274
0.703586578369141 0.697575986385345 0.69381183385849 0.651869893074036 0.562787473201752 0.584734857082367 0.583892047405243 0.591122806072235 0.628961205482483 0.627723038196564 0.615258693695068 0.608648478984833 0.619324207305908 0.625969171524048 0.636398553848267 0.644466161727905 0.653572142124176 0.662172734737396 0.668205082416534 0.685730397701263 0.720515608787537 0.723317265510559 0.716222107410431 0.709085762500763 0.694449961185455 0.703298151493073 0.707818627357483 0.684381365776062 0.67248272895813 0.697910845279694 0.658947110176086 0.666477084159851 0.661834001541138 0.650396227836609 0.631507039070129 0.608266651630402 0.593310832977295 0.599045932292938 0.575137436389923 0.569004058837891 0.574578464031219 0.524111866950989 0.524131774902344 0.534167945384979 0.547531425952911 0.520691096782684
0.689732611179352 0.704208076000214 0.654508769512177 0.58551025390625 0.652989029884338 0.686924695968628 0.673019409179688 0.644159853458405 0.633459627628326 0.625206708908081 0.60567045211792 0.60756516456604 0.597173094749451 0.605027437210083 0.615752518177032 0.63447231054306 0.638219356536865 0.655673742294312 0.660253345966339 0.672329306602478 0.715721607208252 0.71856164932251 0.724595189094543 0.718140065670013 0.696151077747345 0.712277472019196 0.716956198215485 0.695121228694916 0.67540454864502 0.669947385787964 0.661848664283752 0.672605693340302 0.672291815280914 0.6581169962883 0.651004314422607 0.632247865200043 0.60739803314209 0.590386211872101 0.573452472686768 0.564293205738068 0.556712329387665 0.543982744216919 0.527679622173309 0.540390014648438 0.541117548942566 0.520687222480774
0.625501275062561 0.681887984275818 0.549502849578857 0.551643133163452 0.668724119663239 0.687707245349884 0.682332158088684 0.659999072551727 0.641332268714905 0.63168066740036 0.614072740077972 0.614699959754944 0.607039988040924 0.597580194473267 0.607816696166992 0.623933613300323 0.646144866943359 0.655401408672333 0.667927205562592 0.669232666492462 0.675839722156525 0.716917753219604 0.70188319683075 0.707034051418304 0.687786877155304 0.719445049762726 0.707859992980957 0.688497304916382 0.674008667469025 0.687900185585022 0.675228416919708 0.674094319343567 0.669825375080109 0.671373426914215 0.65583598613739 0.644060969352722 0.624415457248688 0.616922557353973 0.571876227855682 0.564803838729858 0.545341849327087 0.541996359825134 0.529018521308899 0.526644706726074 0.533840537071228 0.529429793357849
0.600979566574097 0.527294278144836 0.492658525705338 0.590813457965851 0.613852381706238 0.653023421764374 0.672468245029449 0.679309725761414 0.665529727935791 0.646903932094574 0.623990058898926 0.61236184835434 0.614044010639191 0.614463746547699 0.618316113948822 0.633165836334229 0.643688023090363 0.662862122058868 0.669756829738617 0.670607507228851 0.676297068595886 0.696542680263519 0.683183908462524 0.694275856018066 0.679876208305359 0.690210342407227 0.680620074272156 0.673547744750977 0.661882519721985 0.674042105674744 0.685512363910675 0.680085480213165 0.681219875812531 0.685463666915894 0.665101647377014 0.64299088716507 0.621751308441162 0.599326074123383 0.582078218460083 0.575224816799164 0.561472594738007 0.570568442344666 0.552614688873291 0.541546940803528 0.543772995471954 0.535399317741394
0.574434399604797 0.499405205249786 0.526533544063568 0.532189965248108 0.587299287319183 0.613144516944885 0.655264258384705 0.676517903804779 0.67655622959137 0.657837927341461 0.606883823871613 0.631839156150818 0.629770278930664 0.627259194850922 0.637244701385498 0.638101696968079 0.644495606422424 0.658766329288483 0.668728828430176 0.678033709526062 0.686584532260895 0.712861716747284 0.678694427013397 0.681889533996582 0.709875464439392 0.693602085113525 0.688399255275726 0.675318539142609 0.666690766811371 0.668084263801575 0.672613203525543 0.68344110250473 0.681104242801666 0.691664814949036 0.681214570999146 0.665772438049316 0.642260789871216 0.612829029560089 0.604257524013519 0.5862637758255 0.581391453742981 0.584537982940674 0.577887356281281 0.572284162044525 0.546067297458649 0.540648341178894
0.701256096363068 0.521299421787262 0.536501467227936 0.626723527908325 0.685704171657562 0.67693305015564 0.681860566139221 0.673772752285004 0.687314629554749 0.636131823062897 0.63048529624939 0.646714687347412 0.648300588130951 0.644697606563568 0.642174065113068 0.64705365896225 0.651734828948975 0.665134847164154 0.676002264022827 0.676039755344391 0.713733553886414 0.710806548595428 0.69818526506424 0.705320239067078 0.720621645450592 0.711328625679016 0.695108592510223 0.678825497627258 0.670132577419281 0.685033440589905 0.67486709356308 0.682572305202484 0.684441864490509 0.688677370548248 0.683406591415405 0.687779724597931 0.674757897853851 0.651805460453033 0.618587255477905 0.6243776679039 0.606358408927917 0.593539476394653 0.581755816936493 0.590318918228149 0.558598101139069 0.539336204528809
0.768492698669434 0.653738021850586 0.541612088680267 0.604000508785248 0.676302492618561 0.689390063285828 0.697938680648804 0.688591539859772 0.684018075466156 0.595524966716766 0.619992256164551 0.661669373512268 0.661568284034729 0.651833176612854 0.648975074291229 0.652019083499908 0.665883600711823 0.666127324104309 0.686442673206329 0.687068939208984 0.690540254116058 0.717455983161926 0.700107395648956 0.709351539611816 0.731582701206207 0.72987312078476 0.697418689727783 0.685652792453766 0.677298903465271 0.691545128822327 0.6904017329216 0.691745698451996 0.688258469104767 0.689371645450592 0.688063442707062 0.693479239940643 0.67632645368576 0.661714255809784 0.647548675537109 0.633993148803711 0.622311055660248 0.6069615483284 0.604903221130371 0.58766907453537 0.575716376304626 0.544280409812927
0.737246453762054 0.644976019859314 0.562418222427368 0.616920411586761 0.641667366027832 0.677419662475586 0.711708545684814 0.714871108531952 0.650657832622528 0.499960839748383 0.572492659091949 0.6497483253479 0.664767622947693 0.66139429807663 0.661669433116913 0.664464771747589 0.669456660747528 0.67171186208725 0.677537560462952 0.682806134223938 0.692560017108917 0.688882112503052 0.705656826496124 0.716359257698059 0.740140080451965 0.717261254787445 0.700783669948578 0.681339800357819 0.690388023853302 0.694147884845734 0.706673920154572 0.707789063453674 0.699442684650421 0.69272780418396 0.693399429321289 0.682779252529144 0.685273706912994 0.668373644351959 0.650479018688202 0.647895455360413 0.63386332988739 0.621568560600281 0.606055617332458 0.585420072078705 0.566770851612091 0.544663429260254
0.690616011619568 0.627045035362244 0.601844727993011 0.646019518375397 0.644497334957123 0.656104207038879 0.691232025623322 0.701452195644379 0.676453828811646 0.533908903598785 0.582923233509064 0.637924611568451 0.663324356079102 0.670593738555908 0.661263644695282 0.669865071773529 0.668245553970337 0.671630918979645 0.669856369495392 0.684746623039246 0.686261117458344 0.698168158531189 0.689430356025696 0.697623372077942 0.73322057723999 0.722516119480133 0.696211814880371 0.689372658729553 0.689618349075317 0.699227094650269 0.716731667518616 0.719774127006531 0.696584403514862 0.695460319519043 0.698895812034607 0.692597687244415 0.676754951477051 0.682836949825287 0.668373644351959 0.648159086704254 0.635001599788666 0.630285620689392 0.607713401317596 0.591687738895416 0.575741350650787 0.546116828918457
0.647838711738586 0.611139297485352 0.557770133018494 0.580757439136505 0.594752728939056 0.587958097457886 0.613240718841553 0.603273630142212 0.556463241577148 0.546870827674866 0.641044080257416 0.650516510009766 0.665554761886597 0.674741923809052 0.672107994556427 0.672949910163879 0.675177335739136 0.675417900085449 0.672047078609467 0.686656355857849 0.68585616350174 0.697444677352905 0.696547865867615 0.700328469276428 0.73578417301178 0.720455169677734 0.704818487167358 0.693138897418976 0.693658471107483 0.711526930332184 0.709032416343689 0.722229361534119 0.712529540061951 0.720376491546631 0.71881490945816 0.695460319519043 0.688896834850311 0.681643784046173 0.670561015605927 0.655014038085938 0.6440549492836 0.62905353307724 0.611785888671875 0.600995242595673 0.58237636089325 0.564081132411957
0.580330729484558 0.576472759246826 0.590675234794617 0.544417023658752 0.542415916919708 0.552583992481232 0.578596591949463 0.540411174297333 0.525072455406189 0.538605988025665 0.553255140781403 0.541980385780334 0.55863231420517 0.630084455013275 0.670293211936951 0.677140116691589 0.675043046474457 0.680314183235168 0.687997996807098 0.687446415424347 0.696662724018097 0.698010265827179 0.702666282653809 0.697251439094543 0.711259424686432 0.727310240268707 0.707602202892303 0.688695788383484 0.699067711830139 0.704529702663422 0.724134385585785 0.724673688411713 0.724548518657684 0.719764947891235 0.723714113235474 0.709757268428802 0.700233697891235 0.694644510746002 0.675246953964233 0.66828840970993 0.649904489517212 0.632759153842926 0.613608241081238 0.605232000350952 0.59810882806778 0.583457410335541
0.572626888751984 0.559936821460724 0.558758199214935 0.549891233444214 0.553821206092834 0.558719456195831 0.549823820590973 0.566183388233185 0.570636332035065 0.548341751098633 0.544303417205811 0.533392608165741 0.571182906627655 0.62340772151947 0.669815182685852 0.692509770393372 0.688563048839569 0.690209090709686 0.687953293323517 0.693756997585297 0.705698728561401 0.700145542621613 0.704943299293518 0.699369490146637 0.705767035484314 0.699312329292297 0.676118195056915 0.705079436302185 0.699737966060638 0.716639161109924 0.733265936374664 0.738405525684357 0.737750709056854 0.729708194732666 0.714713275432587 0.710416853427887 0.703818321228027 0.685313880443573 0.684019923210144 0.673595190048218 0.64804470539093 0.633475244045258 0.609240770339966 0.603776097297668 0.601390063762665 0.593132495880127
0.577246904373169 0.559189081192017 0.56258887052536 0.562926530838013 0.553220987319946 0.584809005260468 0.613960862159729 0.666496396064758 0.660998344421387 0.575098276138306 0.553594291210175 0.54740709066391 0.552261590957642 0.582192838191986 0.655513525009155 0.688195943832397 0.689753651618958 0.69700700044632 0.695022404193878 0.689466178417206 0.69671893119812 0.709259867668152 0.705558001995087 0.704331517219543 0.701778590679169 0.695746183395386 0.691584885120392 0.709082424640656 0.6961270570755 0.739253401756287 0.73425817489624 0.752410471439362 0.745941340923309 0.740937352180481 0.734121918678284 0.7098188996315 0.706290602684021 0.691878378391266 0.682295143604279 0.672918021678925 0.646343767642975 0.625948309898376 0.60972797870636 0.630098462104797 0.610934674739838 0.5972700715065
0.57091623544693 0.565471947193146 0.562921702861786 0.555844902992249 0.55801522731781 0.558569729328156 0.572981059551239 0.589705407619476 0.698893129825592 0.584381878376007 0.640734314918518 0.582836627960205 0.565453112125397 0.599147081375122 0.582666397094727 0.604120075702667 0.661462903022766 0.70241504907608 0.683840155601501 0.673995673656464 0.688537359237671 0.695665895938873 0.706285297870636 0.71171110868454 0.714054107666016 0.718662142753601 0.705652952194214 0.735487520694733 0.725231945514679 0.707488119602203 0.732697069644928 0.747376263141632 0.734033763408661 0.748921632766724 0.741397500038147 0.72274774312973 0.700639069080353 0.691847562789917 0.68540346622467 0.676361203193665 0.659010291099548 0.639273345470428 0.613923370838165 0.633760154247284 0.628969013690948 0.606904864311218
0.571626126766205 0.567188024520874 0.560519933700562 0.564354360103607 0.559951663017273 0.587926805019379 0.568389892578125 0.583023428916931 0.662911295890808 0.667013704776764 0.695653200149536 0.581646502017975 0.566129088401794 0.642934739589691 0.670596957206726 0.609066843986511 0.6263228058815 0.632983505725861 0.638852000236511 0.679682075977325 0.662761867046356 0.670415699481964 0.696882724761963 0.711716949939728 0.720028758049011 0.722232162952423 0.726472675800323 0.756624639034271 0.7322798371315 0.719933927059174 0.740508139133453 0.747253119945526 0.735913455486298 0.725268304347992 0.733581066131592 0.729609847068787 0.712952077388763 0.703882813453674 0.688934922218323 0.680801630020142 0.671199142932892 0.648108839988708 0.642553269863129 0.638838410377502 0.633932292461395 0.619839131832123
0.563374876976013 0.564025640487671 0.570420563220978 0.568541288375854 0.575555026531219 0.593185484409332 0.594224095344543 0.600204467773438 0.597410023212433 0.634564101696014 0.705536246299744 0.683921158313751 0.606852352619171 0.593539595603943 0.679969191551208 0.66163295507431 0.697864770889282 0.645627915859222 0.655993044376373 0.698203504085541 0.69015371799469 0.653505921363831 0.680088937282562 0.714675545692444 0.719686210155487 0.722701728343964 0.745365679264069 0.749616682529449 0.753135979175568 0.741364240646362 0.756283521652222 0.760779201984406 0.756486833095551 0.739217698574066 0.727093935012817 0.724000215530396 0.717226922512054 0.702646672725677 0.700772762298584 0.696803450584412 0.669872343540192 0.670011579990387 0.664884924888611 0.647086679935455 0.641580879688263 0.629047453403473
0.578009009361267 0.576980829238892 0.581858217716217 0.571503460407257 0.594646513462067 0.583899080753326 0.582907736301422 0.619681358337402 0.600102663040161 0.655937731266022 0.637541651725769 0.609067857265472 0.663749575614929 0.590246915817261 0.617768049240112 0.699172854423523 0.686991035938263 0.67455792427063 0.637614071369171 0.693747460842133 0.702752709388733 0.679276347160339 0.672063767910004 0.705768346786499 0.721650183200836 0.721839964389801 0.712644219398499 0.743326902389526 0.752084672451019 0.743343770503998 0.752411901950836 0.756273150444031 0.762773215770721 0.760639250278473 0.742145895957947 0.725385844707489 0.717337310314178 0.706404507160187 0.708502411842346 0.703772604465485 0.693461298942566 0.686320602893829 0.682242453098297 0.671763122081757 0.685319423675537 0.664800107479095
