data/climate_estimation/maxent_output/Schoenocaulon_macrocarpum.asc
NCOLS 79 
NROWS 86 
XLLCORNER -106.416666666667 
YLLCORNER 21.5833333333333 
CELLSIZE 0.0833333333333333 
NODATA_value -3.4e+38 
[rows 40 to 59 of 86, columns 0 to 43 of 79]
0.666417062282562 0.804470181465149 0.873365581035614 0.879797279834747 0.879022359848022 0.939076721668243 0.780905902385712 0.707099258899689 0.931722104549408 0.941572785377502 0.920566916465759 0.935054421424866 0.873053193092346 0.810651242733002 0.850285589694977 0.824267745018005 0.811897277832031 0.79547393321991 0.638781905174255 0.50747162103653 0.537997364997864 0.461117804050446 0.629485785961151 0.608641624450684 0.50813353061676 0.411113232374191 0.362973034381866 0.373205274343491 0.397831618785858 0.406295299530029 0.532591223716736 0.56468141078949 0.405771732330322 0.375799655914307 0.435018688440323 0.294267505407333 0.327327519655228 0.285956710577011 0.310417175292969 0.293940216302872 0.28654220700264 0.27278009057045 0.249554663896561 0.207855477929115
0.541778862476349 0.652423143386841 0.794096171855927 0.835607349872589 0.867959439754486 0.919352173805237 0.936846315860748 0.76585054397583 0.706257700920105 0.913159132003784 0.921891510486603 0.910780966281891 0.885651469230652 0.877777636051178 0.912197053432465 0.941090762615204 0.88655811548233 0.878270506858826 0.891095638275146 0.746645927429199 0.52149111032486 0.40388897061348 0.449026584625244 0.677819669246674 0.57713109254837 0.46694615483284 0.377586036920547 0.329116255044937 0.313511699438095 0.318163573741913 0.360758364200592 0.374625414609909 0.422303050756454 0.419143080711365 0.387872129678726 0.366250187158585 0.419388681650162 0.4577357172966 0.337286591529846 0.339665979146957 0.41896665096283 0.475713580846786 0.415278851985931 0.274452090263367
0.621112287044525 0.693698525428772 0.82348757982254 0.829412400722504 0.873574912548065 0.920575737953186 0.919071793556213 0.928067147731781 0.92441713809967 0.921892404556274 0.890199244022369 0.880921840667725 0.902342677116394 0.913912415504456 0.93778783082962 0.950650334358215 0.917305588722229 0.876697599887848 0.944488763809204 0.941762685775757 0.671334028244019 0.441018790006638 0.386730164289474 0.46955195069313 0.484574407339096 0.42190757393837 0.347215473651886 0.365879744291306 0.400354534387589 0.339437574148178 0.332786649465561 0.31656539440155 0.330192416906357 0.326231151819229 0.320539176464081 0.356587380170822 0.586645543575287 0.708467960357666 0.5897576212883 0.572370529174805 0.543413519859314 0.508107483386993 0.493330150842667 0.543938934803009
0.790835738182068 0.723804414272308 0.761254489421844 0.842679858207703 0.872443020343781 0.908317923545837 0.908443629741669 0.914104402065277 0.909811496734619 0.904729068279266 0.70371425151825 0.859033823013306 0.887303590774536 0.910117924213409 0.924295902252197 0.954681634902954 0.95837265253067 0.937270760536194 0.94453090429306 0.932991087436676 0.787773191928864 0.540287137031555 0.365255057811737 0.364566683769226 0.36443156003952 0.381930202245712 0.360277384519577 0.474317193031311 0.628880798816681 0.408491402864456 0.360057383775711 0.311041533946991 0.5053671002388 0.483447521924973 0.397655755281448 0.391737461090088 0.344027012586594 0.656091868877411 0.837911307811737 0.570949256420135 0.550184190273285 0.510714173316956 0.500291645526886 0.583308100700378
0.579696297645569 0.764273703098297 0.731470286846161 0.840761363506317 0.859056413173676 0.902342140674591 0.902567744255066 0.899242401123047 0.893072724342346 0.88837856054306 0.888905644416809 0.871749877929688 0.87653923034668 0.916423559188843 0.928429961204529 0.934276461601257 0.947154641151428 0.952785849571228 0.953540325164795 0.913829326629639 0.869772553443909 0.594080924987793 0.395215570926666 0.375824809074402 0.476634681224823 0.490705341100693 0.437252730131149 0.453568935394287 0.634205043315887 0.569837987422943 0.384604632854462 0.344564348459244 0.409467488527298 0.507576465606689 0.4594706594944 0.51690936088562 0.504453241825104 0.415697395801544 0.449151962995529 0.462830096483231 0.500710368156433 0.485640615224838 0.450979232788086 0.432098388671875
0.101534396409988 0.596750497817993 0.591575741767883 0.577037692070007 0.829657137393951 0.875563621520996 0.900848388671875 0.904174447059631 0.892683148384094 0.892207860946655 0.897217273712158 0.691050052642822 0.874545156955719 0.919268071651459 0.94878214597702 0.933885633945465 0.921752214431763 0.91399884223938 0.925882935523987 0.936439573764801 0.841628849506378 0.632884204387665 0.497259348630905 0.402899771928787 0.575836300849915 0.625706970691681 0.4876728951931 0.385955929756165 0.62092125415802 0.526393890380859 0.411661565303802 0.42616406083107 0.391332715749741 0.390123337507248 0.443229287862778 0.437720775604248 0.439194560050964 0.420424699783325 0.503053784370422 0.634101808071136 0.532418012619019 0.463191896677017 0.414227068424225 0.425721883773804
0.160450384020805 0.0793168172240257 0.111200027167797 0.228844612836838 0.805281460285187 0.855975985527039 0.887756109237671 0.897394597530365 0.893029510974884 0.894730567932129 0.896580696105957 0.915993928909302 0.874328792095184 0.934627950191498 0.939157068729401 0.944048285484314 0.929545402526855 0.920483291149139 0.914141833782196 0.931147217750549 0.9033083319664 0.777020394802094 0.509302079677582 0.367983371019363 0.463758200407028 0.570163130760193 0.491378009319305 0.437561988830566 0.502672493457794 0.646232426166534 0.555313289165497 0.511421322822571 0.466188013553619 0.448546081781387 0.465702772140503 0.438771158456802 0.410616785287857 0.387770742177963 0.405892759561539 0.496502667665482 0.502624452114105 0.419927030801773 0.409947365522385 0.419727116823196
0.0361219458281994 0.178617477416992 0.35454249382019 0.636773526668549 0.671749413013458 0.784777879714966 0.884171307086945 0.887544989585876 0.895371913909912 0.899975061416626 0.895918309688568 0.918333351612091 0.720041275024414 0.706471264362335 0.948759734630585 0.947078764438629 0.957525312900543 0.938859164714813 0.923543095588684 0.929312527179718 0.943891882896423 0.757732450962067 0.532176196575165 0.403349012136459 0.5893594622612 0.732433617115021 0.688291907310486 0.639938473701477 0.542783915996552 0.66512930393219 0.756304085254669 0.689336657524109 0.605935156345367 0.626164674758911 0.665088772773743 0.607767343521118 0.516523003578186 0.444999635219574 0.39316326379776 0.394810199737549 0.40589651465416 0.374027252197266 0.361393183469772 0.388636469841003
0.0464926064014435 0.355709731578827 0.668460488319397 0.262447774410248 0.224344775080681 0.801118910312653 0.834551990032196 0.777700185775757 0.896543145179749 0.901832699775696 0.910883247852325 0.922344386577606 0.827390491962433 0.738882124423981 0.954437792301178 0.945891559123993 0.962924301624298 0.961235105991364 0.925238430500031 0.883432507514954 0.858910441398621 0.779550671577454 0.666709542274475 0.593080222606659 0.752388298511505 0.896478354930878 0.92968338727951 0.764968991279602 0.673483669757843 0.655274569988251 0.932094931602478 0.938408613204956 0.940609753131866 0.796344876289368 0.821976184844971 0.794228971004486 0.59100204706192 0.500136137008667 0.443442165851593 0.426026076078415 0.433378279209137 0.384235829114914 0.350200444459915 0.358642816543579
0.0186729114502668 0.0460758954286575 0.0932582840323448 0.404570251703262 0.645264685153961 0.81421947479248 0.787770748138428 0.710787296295166 0.842227697372437 0.846449732780457 0.918933033943176 0.924738526344299 0.841358244419098 0.798288762569427 0.949104726314545 0.930401027202606 0.959323585033417 0.966498970985413 0.938612103462219 0.902881681919098 0.818469882011414 0.825277268886566 0.823431372642517 0.745276093482971 0.850732266902924 0.962227165699005 0.94973361492157 0.896213531494141 0.823927879333496 0.726269781589508 0.943067371845245 0.845190763473511 0.854429244995117 0.87954568862915 0.788881003856659 0.68444037437439 0.586522102355957 0.568112552165985 0.53033435344696 0.501211762428284 0.586016058921814 0.508301138877869 0.418536901473999 0.303337216377258
0.0632067397236824 0.183045148849487 0.272853463888168 0.179371610283852 0.375615268945694 0.372728109359741 0.397728562355042 0.751187384128571 0.851291835308075 0.904176831245422 0.919838726520538 0.920988798141479 0.943862020969391 0.870839416980743 0.936586320400238 0.96048641204834 0.955139338970184 0.967499434947968 0.950659394264221 0.85645854473114 0.703902304172516 0.877930998802185 0.952048540115356 0.871894896030426 0.864408910274506 0.945774555206299 0.939669668674469 0.88685816526413 0.85289478302002 0.797165513038635 0.839955449104309 0.868085741996765 0.902547955513 0.841600477695465 0.738545298576355 0.691684544086456 0.707626044750214 0.700685024261475 0.701976954936981 0.60135942697525 0.542255580425262 0.628600537776947 0.438619077205658 0.340573966503143
0.114811666309834 0.282387286424637 0.598553657531738 0.691679239273071 0.781608641147614 0.819605946540833 0.848273098468781 0.856561422348022 0.86836189031601 0.890735924243927 0.911953806877136 0.925512790679932 0.927895128726959 0.948650002479553 0.840275645256042 0.960249841213226 0.953394174575806 0.967990040779114 0.967409253120422 0.909886419773102 0.6905637383461 0.763352036476135 0.883011221885681 0.884499847888947 0.847872912883759 0.907644033432007 0.900325000286102 0.853070437908173 0.830257952213287 0.853057384490967 0.895121097564697 0.916270852088928 0.918334424495697 0.86478179693222 0.798889517784119 0.779049813747406 0.709360480308533 0.786473631858826 0.815076768398285 0.774542450904846 0.62549614906311 0.585385024547577 0.469997674226761 0.446304261684418
0.383110642433167 0.430808544158936 0.737452864646912 0.712706685066223 0.764696538448334 0.83073878288269 0.844620764255524 0.857433259487152 0.866746246814728 0.886961102485657 0.894767999649048 0.906384110450745 0.93374890089035 0.934785902500153 0.95877742767334 0.964028000831604 0.948606669902802 0.959437668323517 0.966602563858032 0.888197898864746 0.744764745235443 0.761205911636353 0.794317066669464 0.846679389476776 0.819724798202515 0.867672681808472 0.849966704845428 0.847555756568909 0.864671468734741 0.905108332633972 0.933907687664032 0.924445331096649 0.920754849910736 0.915069997310638 0.86063814163208 0.793391585350037 0.782888174057007 0.800278961658478 0.821954369544983 0.887243449687958 0.720614969730377 0.629424214363098 0.586202025413513 0.552313268184662
0.0888829380273819 0.132171213626862 0.206600800156593 0.301402002573013 0.759545624256134 0.810345888137817 0.837743878364563 0.853010535240173 0.8508340716362 0.880089640617371 0.891490697860718 0.905648171901703 0.928027808666229 0.935379087924957 0.960968017578125 0.963333070278168 0.965776562690735 0.95722770690918 0.966791033744812 0.908156394958496 0.779402792453766 0.775312781333923 0.776695132255554 0.7789426445961 0.795444786548615 0.854315578937531 0.862860262393951 0.902658045291901 0.911583244800568 0.932154715061188 0.948569774627686 0.943643629550934 0.935525178909302 0.92422753572464 0.891742825508118 0.853846549987793 0.861318171024323 0.884303152561188 0.877852201461792 0.906574070453644 0.790288925170898 0.644801437854767 0.555260062217712 0.600105345249176
0.0320231281220913 0.0272348001599312 0.0652589946985245 0.509237408638 0.662032961845398 0.682138800621033 0.249402970075607 0.253903329372406 0.569484949111938 0.821063876152039 0.887842357158661 0.903590738773346 0.917808175086975 0.923056483268738 0.957754909992218 0.959806203842163 0.964594900608063 0.964417517185211 0.9654341340065 0.952014684677124 0.810252547264099 0.776510953903198 0.748147130012512 0.757441937923431 0.807451665401459 0.855046808719635 0.862999677658081 0.902757346630096 0.93355917930603 0.957028329372406 0.962319433689117 0.957030177116394 0.951367259025574 0.935197174549103 0.927210748195648 0.920961797237396 0.901914358139038 0.935971915721893 0.889134109020233 0.839770674705505 0.761893630027771 0.665897011756897 0.632820129394531 0.712654590606689
0.0136807542294264 0.0257561262696981 0.119222864508629 0.1246717274189 0.110810630023479 0.276772677898407 0.125552356243134 0.642005324363708 0.855608582496643 0.874658405780792 0.890859961509705 0.891159296035767 0.927149832248688 0.933587253093719 0.948914229869843 0.952942073345184 0.961485385894775 0.962867259979248 0.962942063808441 0.934040784835815 0.87525886297226 0.832265973091125 0.743161201477051 0.76078999042511 0.799172759056091 0.841743886470795 0.861713290214539 0.893506944179535 0.936962723731995 0.960972428321838 0.957984209060669 0.970557391643524 0.964090049266815 0.951999962329865 0.944004654884338 0.933619439601898 0.907428205013275 0.921130895614624 0.922870814800262 0.900911450386047 0.825161993503571 0.720893442630768 0.692110002040863 0.846737861633301
0.0118681192398071 0.0185028649866581 0.0265840701758862 0.0279231071472168 0.0288687329739332 0.0723666027188301 0.33612135052681 0.825481057167053 0.850898444652557 0.867154717445374 0.840833783149719 0.86844801902771 0.935732781887054 0.935529768466949 0.934037327766418 0.940389692783356 0.952486395835876 0.957879602909088 0.959334373474121 0.93816727399826 0.870344460010529 0.799584984779358 0.752175688743591 0.771637082099915 0.803101480007172 0.817108273506165 0.837385296821594 0.863023042678833 0.900378346443176 0.935923874378204 0.946599543094635 0.969614565372467 0.966559708118439 0.960727035999298 0.956973493099213 0.94044554233551 0.911815881729126 0.902191281318665 0.889531493186951 0.867383778095245 0.826178967952728 0.770395696163177 0.742301106452942 0.886034607887268
0.0107560912147164 0.0119762727990746 0.0250154957175255 0.0317182205617428 0.173865899443626 0.429030269384384 0.501974999904633 0.655990123748779 0.363329976797104 0.480631053447723 0.779425382614136 0.858404874801636 0.934751808643341 0.942919969558716 0.9401575922966 0.939571499824524 0.941569566726685 0.952043414115906 0.948129951953888 0.940575122833252 0.88543289899826 0.828554630279541 0.79026848077774 0.807539939880371 0.899499595165253 0.793356478214264 0.813595950603485 0.831061482429504 0.856980860233307 0.923962831497192 0.945800125598907 0.95021253824234 0.956846415996552 0.960587501525879 0.95625102519989 0.942315340042114 0.911932766437531 0.88987410068512 0.874552845954895 0.832445085048676 0.807210445404053 0.755510449409485 0.775007128715515 0.873760461807251
0.0131807047873735 0.012305417098105 0.0219094771891832 0.186316505074501 0.493159055709839 0.0989918261766434 0.0772030651569366 0.0665431246161461 0.120288215577602 0.523406445980072 0.873253107070923 0.909213006496429 0.926432430744171 0.938292562961578 0.942228317260742 0.938262939453125 0.933126509189606 0.946162641048431 0.944298624992371 0.935972690582275 0.91968160867691 0.898902475833893 0.87111896276474 0.839320242404938 0.934459984302521 0.789313197135925 0.777370631694794 0.83098691701889 0.838426232337952 0.909223139286041 0.962880432605743 0.961275339126587 0.955037832260132 0.958757340908051 0.961990118026733 0.947908759117126 0.915573537349701 0.88313239812851 0.868626594543457 0.82273668050766 0.786103665828705 0.784874975681305 0.83051997423172 0.878169178962708
0.0178190562874079 0.028986319899559 0.0606429502367973 0.117853999137878 0.0519700273871422 0.0283332262188196 0.0509146898984909 0.393004953861237 0.787997543811798 0.671687960624695 0.840986311435699 0.869834840297699 0.896528720855713 0.932549655437469 0.938649356365204 0.938142836093903 0.928839325904846 0.936596751213074 0.944898009300232 0.942659854888916 0.940230667591095 0.954153716564178 0.945541501045227 0.88170063495636 0.915177524089813 0.760800063610077 0.847888469696045 0.868008255958557 0.84385746717453 0.8899085521698 0.940830707550049 0.955991804599762 0.949975788593292 0.948853492736816 0.948967635631561 0.951474070549011 0.911557972431183 0.888395249843597 0.858347117900848 0.826417148113251 0.812178432941437 0.841939210891724 0.885024428367615 0.886935591697693
