data/climate_estimation/maxent_output/Schoenocaulon_tenuifolium.asc
NCOLS 106 
NROWS 48 
XLLCORNER -101.5 
YLLCORNER 16.0833333333333 
CELLSIZE 0.0833333333333333 
NODATA_value -3.4e+38 
[rows 20 to 39 of 48, columns 0 to 44 of 106]
0.0383728891611099 0.0186605453491211 0.0204432252794504 0.0221647713333368 0.0199326295405626 0.0119369179010391 0.00495874835178256 0.0042498866096139 0.0103133544325829 0.00719663640484214 0.00639371201395988 0.00365110719576478 0.00332052842713892 0.00337441335432231 0.00285980734042823 0.00480188429355621 0.00977619830518961 0.023278221487999 0.0547801144421101 0.204868957400322 0.178530558943748 0.118288405239582 0.106742188334465 0.071987122297287 0.0864186584949493 0.185165464878082 0.3380206823349 0.084635391831398 0.0533299148082733 0.0487593188881874 0.0286591965705156 0.0352031402289867 0.0561961680650711 0.0521519891917706 0.0792776420712471 0.114712812006474 0.151340395212173 0.13567353785038 0.289298504590988 0.285584926605225 0.400227874517441 0.55862295627594 0.503777146339417 0.680932819843292 0.777928948402405
0.0645034462213516 0.0573970377445221 0.0303909424692392 0.0198414791375399 0.0280375741422176 0.0158326011151075 0.0151728997007012 0.00467808125540614 0.0101470490917563 0.00846442393958569 0.0077527305111289 0.0132140265777707 0.0040363110601902 0.00308371032588184 0.00324534648098052 0.00641363207250834 0.0113711766898632 0.0209203474223614 0.0196776948869228 0.0845686197280884 0.224980145692825 0.0525041855871677 0.0121689112856984 0.0313856229186058 0.0308172386139631 0.0777729228138924 0.0929998904466629 0.062145009636879 0.0488991402089596 0.0418340563774109 0.0200939737260342 0.0261608548462391 0.0245228335261345 0.0302885826677084 0.0576239265501499 0.0651104971766472 0.133580818772316 0.187432616949081 0.306219786405563 0.39423006772995 0.375278770923615 0.271045595407486 0.336315423250198 0.499872028827667 0.478829234838486
0.0630035176873207 0.778987884521484 0.350594818592072 0.095173679292202 0.0366012901067734 0.0209320280700922 0.0181567668914795 0.00567648326978087 0.0134668936952949 0.0130559932440519 0.0129409590736032 0.00345041998662055 0.00391899002715945 0.00337197538465261 0.00406250637024641 0.00778648257255554 0.0143679473549128 0.0512732528150082 0.0166804492473602 0.0766358450055122 0.225304007530212 0.0362014174461365 0.012201146222651 0.0387255400419235 0.0324356183409691 0.138043314218521 0.135637238621712 0.0584032870829105 0.0485633723437786 0.0401478968560696 0.0259275250136852 0.0362786687910557 0.0249814428389072 0.0284650009125471 0.0602511018514633 0.055108193308115 0.11936517059803 0.131597802042961 0.321982055902481 0.381475061178207 0.45023649930954 0.135097593069077 0.295849174261093 0.297424405813217 0.400143265724182
0.035319697111845 0.293186247348785 0.384677529335022 0.121191971004009 0.0289175268262625 0.064885713160038 0.0298537537455559 0.0223372653126717 0.0215018391609192 0.0162011329084635 0.0161108244210482 0.00464545423164964 0.00414779828861356 0.0037532455753535 0.00386243988759816 0.00582169694826007 0.0110571151599288 0.0155830522999167 0.0559026747941971 0.0648255944252014 0.0678626820445061 0.0327259972691536 0.0361020341515541 0.0321813113987446 0.037464190274477 0.156446844339371 0.178311005234718 0.0480384528636932 0.0366192944347858 0.0487684607505798 0.0334396809339523 0.120178416371346 0.0324727706611156 0.05674022808671 0.0544029884040356 0.0525787472724915 0.137910217046738 0.129920810461044 0.142711237072945 0.396802127361298 0.357244521379471 0.132156074047089 0.320687085390091 0.332121342420578 0.516754925251007
0.013314088806510 0.166793927550316 0.0962819457054138 0.241397589445114 0.0557278245687485 0.0440441146492958 0.0275777243077755 0.0391359142959118 0.026144715026021 0.0222755987197161 0.0235647391527891 0.0161711443215609 0.0150747345760465 0.0198037717491388 0.0230840891599655 0.0174444057047367 0.0161123499274254 0.023015471175313 0.032764945179224 0.0426894538104534 0.0131526738405228 0.0344602391123772 0.0394857563078403 0.0332920998334885 0.0415576174855232 0.177582770586014 0.200750634074211 0.0591136589646339 0.0197607204318047 0.02250268869102 0.0196454282850027 0.0734117180109024 0.0651650652289391 0.0471393056213856 0.0611538253724575 0.0806064084172249 0.0731713697314262 0.157170236110687 0.133335739374161 0.152612403035164 0.178250357508659 0.264070749282837 0.134612321853638 0.335162281990051 0.512605249881744
0.126187726855278 0.102314509451389 0.115885384380817 0.320755958557129 0.313214480876923 0.0767873153090477 0.0781153067946434 0.156310826539993 0.0391537621617317 0.0394022800028324 0.0350233018398285 0.0298835318535566 0.0216618366539478 0.0204557459801435 0.133717924356461 0.039172574877739 0.0203832481056452 0.0175526551902294 0.0335473194718361 0.0363433659076691 0.035947922617197 0.0513186454772949 0.0143486447632313 0.0142071163281798 0.0134985744953156 0.0327440872788429 0.0663182213902473 0.182047218084335 0.0509486459195614 0.0587741136550903 0.0531532242894173 0.107830703258514 0.0790520012378693 0.0631634220480919 0.0902563631534576 0.0936072692275047 0.0792143046855927 0.110982470214367 0.0821707472205162 0.08944371342659 0.0973264873027802 0.184790313243866 0.193753510713577 0.278210699558258 0.559074819087982
0.0340858660638332 0.0276215393096209 0.114140540361404 0.159809783101082 0.559677839279175 0.918139457702637 0.866283774375916 0.187940120697021 0.147931039333344 0.125984191894531 0.105794481933117 0.11679919809103 0.0760087445378304 0.0809382125735283 0.119365103542805 0.149590730667114 0.0576738975942135 0.0767534747719765 0.0778082087635994 0.063333623111248 0.072852797806263 0.249931827187538 0.0494546182453632 0.0523537248373032 0.0719949752092361 0.0915463715791702 0.0676385834813118 0.071968786418438 0.0564684644341469 0.0625927299261093 0.0662946552038193 0.0815460309386253 0.288421362638474 0.131046757102013 0.0761718824505806 0.0748917832970619 0.129767000675201 0.133933737874031 0.138847053050995 0.131067857146263 0.0849123448133469 0.155621334910393 0.268707633018494 0.665092885494232 0.917444109916687
0.0254226550459862 0.0716327130794525 0.0917418673634529 0.160934448242188 0.454085946083069 0.841830790042877 0.913543999195099 0.797483325004578 0.85657149553299 0.152510210871696 0.331463992595673 0.311519116163254 0.312098503112793 0.278294116258621 0.709460556507111 0.09659793227911 0.0847794264554977 0.109658993780613 0.142501071095467 0.191165015101433 0.198823481798172 0.111044332385063 0.0649334862828255 0.0641014352440834 0.102073177695274 0.130586057901382 0.28580304980278 0.26194965839386 0.321654140949249 0.268021255731583 0.0763619244098663 0.269036948680878 0.305066972970963 0.257145166397095 0.102311745285988 0.257362723350525 0.206248342990875 0.1993248462677 0.209131151437759 0.167222395539284 0.104236327111721 0.218634843826294 0.647661328315735 0.724352657794952 0.492573440074921
0.0250960979610682 0.0489118508994579 0.0493528470396996 0.0637800991535187 0.0854828283190727 0.108471684157848 0.452370226383209 0.842636227607727 0.843802809715271 0.699741363525391 0.687439680099487 0.806797087192535 0.57258540391922 0.601152062416077 0.704687416553497 0.233827069401741 0.337375044822693 0.123920887708664 0.444081217050552 0.784172594547272 0.478325843811035 0.0975112468004227 0.073360338807106 0.075110025703907 0.118272580206394 0.254350632429123 0.265837490558624 0.244926378130913 0.376590847969055 0.306341409683228 0.312243044376373 0.293881088495255 0.406288892030716 0.442028880119324 0.319460034370422 0.235516101121902 0.190940484404564 0.185469001531601 0.485280245542526 0.441556841135025 0.158381968736649 0.495108872652054 0.230131417512894 0.526205241680145 0.488448858261108
0.00814725365489721 0.00801780167967081 0.0510868541896343 0.0594083331525326 0.056051142513752 0.0906918346881866 0.185367956757545 0.451393395662308 0.486933588981628 0.469120979309082 0.623706340789795 0.946788311004639 0.907403826713562 0.867190182209015 0.977851629257202 0.450186908245087 0.773037195205688 0.649692535400391 0.36680880188942 0.918114483356476 0.682800531387329 0.443784952163696 0.479621976613998 0.102716654539108 0.236503228545189 0.241232678294182 0.324398249387741 0.265931069850922 0.284396350383759 0.307328432798386 0.302077054977417 0.37705859541893 0.171114906668663 0.45622643828392 0.357392966747284 0.277742654085159 0.156518876552582 0.0685721859335899 0.181996673345566 0.459735572338104 0.180647894740105 0.194342941045761 0.908834159374237 0.948922455310822 0.569036066532135
0.00775021873414516 0.00771072367206216 0.00740923127159476 0.0484763123095036 0.224025472998619 0.063395656645298 0.189132273197174 0.169479876756668 0.361735671758652 0.285987883806229 0.299905449151993 0.524483561515808 0.931995809078217 0.909936487674713 0.979616582393646 0.851041257381439 0.719014167785645 0.944452881813049 0.61237758398056 0.642124712467194 0.578140735626221 0.795892298221588 0.801325500011444 0.302486807107925 0.259935528039932 0.247814908623695 0.318159073591232 0.272776424884796 0.286605328321457 0.329285711050034 0.304770708084106 0.389764398336411 0.401776373386383 0.719237804412842 0.759427189826965 0.589868783950806 0.39781978726387 0.178187310695648 0.429385364055634 0.969803929328918 0.827530324459076 0.860077083110809 0.980139136314392 0.998504638671875 0.998875856399536
-3.4e+38 0.00761145446449518 0.0073893484659493 0.00741696916520596 0.0578395240008831 0.0460028126835823 0.185420334339142 0.153755098581314 0.39208060503006 0.156718522310257 0.0442576110363007 0.300558567047119 0.436815798282623 0.418985933065414 0.492120623588562 0.637837886810303 0.976880073547363 0.897901892662048 0.618947088718414 0.282792508602142 0.321043163537979 0.257370948791504 0.827649712562561 0.82798308134079 0.160160318017006 0.204270139336586 0.406166464090347 0.384593963623047 0.438591599464417 0.544278144836426 0.344422906637192 0.934866070747375 0.419135510921478 0.633125305175781 0.886517524719238 0.866089165210724 0.922937631607056 0.92053359746933 0.936406672000885 0.993720352649689 0.973238885402679 0.985012054443359 0.985400497913361 0.989150881767273 0.99992436170578
-3.4e+38 -3.4e+38 -3.4e+38 0.00696487445384264 0.00690818903967738 0.018120476976037 0.141667917370796 0.039263654500246 0.049636360257864 0.288530945777893 0.0426361933350563 0.0510195828974247 0.240328446030617 0.225459724664688 0.278813660144806 0.307072520256042 0.572526335716248 0.762950837612152 0.513613760471344 0.313167899847031 0.264236927032471 0.140399754047394 0.0792149305343628 0.50638473033905 0.0518211014568806 0.728608906269073 0.667043805122375 0.339750915765762 0.106575712561607 0.483303934335709 0.600969910621643 0.711726784706116 0.934606671333313 0.921819150447845 0.770102560520172 0.836906850337982 0.910426318645477 0.973917424678802 0.976873993873596 0.995494067668915 0.995520412921906 0.986122786998749 0.999653398990631 0.995047986507416 0.999343872070312
-3.4e+38 -3.4e+38 -3.4e+38 -3.4e+38 -3.4e+38 0.00677935546264052 0.00627724034711719 0.0143026867881417 0.0421173237264156 0.0494221523404121 0.0157266948372126 0.0534195303916931 0.144080117344856 0.0175640769302845 0.235619932413101 0.296784579753876 0.268037647008896 0.330103695392609 0.395129442214966 0.322399586439133 0.380115777254105 0.136990621685982 0.047296978533268 0.031819861382246 0.0337472148239613 0.0291602835059166 0.107675805687904 0.126516103744507 0.240373834967613 0.743024349212646 0.735936284065247 0.655929744243622 0.927192747592926 0.908561706542969 0.925147354602814 0.943569421768188 0.871841847896576 0.99931013584137 0.997762143611908 0.997858703136444 0.999316930770874 0.996432781219482 0.999890029430389 0.999272644519806 0.997403502464294
-3.4e+38 -3.4e+38 -3.4e+38 -3.4e+38 -3.4e+38 -3.4e+38 0.00573979364708066 0.00549105694517493 0.00548719428479671 0.00523988623172045 0.0052782641723752 0.0137293022125959 0.00485780648887157 0.0447515025734901 0.135480433702469 0.113821178674698 0.0364039614796638 0.219112455844879 0.420068204402924 0.374465882778168 0.301656633615494 0.0608342066407204 0.0169192124158144 0.0193727053701878 0.0392704345285892 0.0230599083006382 0.0287988260388374 0.0202600229531527 0.462081521749496 0.709608018398285 0.58841198682785 0.744762361049652 0.697881460189819 0.763063549995422 0.842747330665588 0.940943896770477 0.958494484424591 0.966067671775818 0.871856808662415 0.809901535511017 0.883356392383575 0.991903841495514 0.998307228088379 0.999830901622772 0.999645411968231
-3.4e+38 -3.4e+38 -3.4e+38 -3.4e+38 -3.4e+38 -3.4e+38 -3.4e+38 -3.4e+38 -3.4e+38 0.00502534629777074 0.00493138656020164 0.00480489386245608 0.00203452236019075 0.0021216799505055 0.0155772287398577 0.0180838704109192 0.014271754771471 0.0471586957573891 0.312890231609344 0.367571145296097 0.170488521456718 0.0608804114162922 0.0188389681279659 0.00591754633933306 0.0075800041668117 0.00650038337334991 0.0188970156013966 0.0231868047267199 0.162881463766098 0.321434020996094 0.423263907432556 0.456847846508026 0.561159491539001 0.853209614753723 0.819584846496582 0.73543256521225 0.778832972049713 0.896686911582947 0.64807516336441 0.332131236791611 0.665870726108551 0.888899981975555 0.870151162147522 0.958984732627869 0.99974524974823
-339999999999999996123846586046231871488.000000000000000 -3.4e+38 -3.4e+38 -3.4e+38 -3.4e+38 -3.4e+38 -3.4e+38 -3.4e+38 -3.4e+38 -3.4e+38 -3.4e+38 -3.4e+38 0.00201650406233966 0.00206819549202919 0.00212683063000441 0.0062875784933567 0.00612805504351854 0.0060402462258935 0.0439661368727684 0.0521883405745029 0.0456570014357567 0.0199558716267347 0.00629549846053123 0.00516689894720912 0.00739067699760199 0.0241869408637285 0.0273226611316204 0.0171626787632704 0.046076525002718 0.253432661294937 0.461211889982224 0.590771794319153 0.547406494617462 0.540494918823242 0.691785752773285 0.162760466337204 0.0660590827465057 0.543392419815063 0.756669998168945 0.310943156480789 0.573965728282928 0.863256633281708 0.391366720199585 0.608501076698303 0.998862743377686
-3.4e+38 -3.4e+38 -3.4e+38 -3.4e+38 -3.4e+38 -3.4e+38 -3.4e+38 -3.4e+38 -3.4e+38 -3.4e+38 -3.4e+38 -3.4e+38 -3.4e+38 -3.4e+38 -3.4e+38 0.00228236522525549 0.00230410206131637 0.00237486744299531 0.0060812970623374 0.0164046473801136 0.0150719499215484 0.0146305942907929 0.0140461670234799 0.00581304682418704 0.00580362463369966 0.0206904988735914 0.0190792456269264 0.0120155876502395 0.0116564501076937 0.129600748419762 0.562215089797974 0.606283724308014 0.0642545148730278 0.0762982070446014 0.149544760584831 0.165723457932472 0.0440201573073864 0.0525396838784218 0.334273248910904 0.316756010055542 0.0489806495606899 0.483086973428726 0.265012681484222 0.435755044221878 0.857935905456543
-3.4e+38 -3.4e+38 -3.4e+38 -3.4e+38 -3.4e+38 -3.4e+38 -3.4e+38 -3.4e+38 -3.4e+38 -3.4e+38 -3.4e+38 -3.4e+38 -3.4e+38 -3.4e+38 -3.4e+38 -3.4e+38 -3.4e+38 0.00577036663889885 0.0161540601402521 0.039952639490366 0.0326460637152195 0.0325470268726349 0.0123064797371626 0.0123198330402374 0.00531334616243839 0.0153996543958783 0.0142431277781725 0.0105120521038771 0.0101979030296206 0.120493404567242 0.250607252120972 0.395086407661438 0.236325979232788 0.0454077273607254 0.0286026783287525 0.0273921266198158 0.020007036626339 0.0340981110930443 0.0113341035321355 0.109497308731079 0.515161752700806 0.0386639274656773 0.0927019491791725 0.49266904592514 0.57902854681015
-3.4e+38 -3.4e+38 -3.4e+38 -3.4e+38 -3.4e+38 -3.4e+38 -3.4e+38 -3.4e+38 -3.4e+38 -3.4e+38 -3.4e+38 -3.4e+38 -3.4e+38 -3.4e+38 -3.4e+38 -3.4e+38 -3.4e+38 -3.4e+38 -3.4e+38 0.0154097517952323 0.0135097280144691 0.0126557322219014 0.0121515830978751 0.0117669422179461 0.0109783867374063 0.0105806225910783 0.010827380232513 0.00957154482603073 0.00992679502815008 0.0116094369441271 0.0378783904016018 0.10516943782568 0.082654133439064 0.101932279765606 0.0503244288265705 0.0167564917355776 0.0261028613895178 0.0254662279039621 0.0213111378252506 0.0245422944426537 0.0941683799028397 0.0230547226965427 0.219191446900368 0.679104804992676 0.429165869951248
