data/climate_estimation/maxent_output/Schoenocaulon_jaliscense.asc
NCOLS 100 
NROWS 114 
XLLCORNER -107.916666666667 
YLLCORNER 16.6666666666667 
CELLSIZE 0.0833333333333333 
NODATA_value -3.4e+38 
[rows 0 to 20 of 114, columns 0 to 47 of 100]
0.147916078567505 0.142944753170013 0.145661309361458 0.128643661737442 0.125320017337799 0.177448809146881 0.224276632070541 0.112089030444622 0.151051208376884 0.195856496691704 0.360763520002365 0.355029672384262 0.362951368093491 0.338417023420334 0.372184038162231 0.383426278829575 0.282909452915192 0.195914968848228 0.186136409640312 0.166372209787369 0.18422295153141 0.216923832893372 0.294515013694763 0.319150060415268 0.40299379825592 0.349068433046341 0.168002068996429 0.0379748791456223 0.0387835502624512 0.180444732308388 0.173417538404465 0.175415202975273 0.136593371629715 0.136978790163994 0.0217266660183668 0.0134496763348579 0.0598789118230343 0.0506155267357826 0.0367167852818966 0.116882309317589 0.100213021039963 0.108023136854172 0.0998699069023132 0.0947273224592209 0.0870462656021118 0.0620910823345184 0.0516139082610607 0.0404745005071163
0.150827914476395 0.169531881809235 0.19509594142437 0.14912548661232 0.123193606734276 0.113296814262867 0.130342975258827 0.146657541394234 0.0840156078338623 0.229651644825935 0.30330303311348 0.329863607883453 0.342963010072708 0.318780511617661 0.335362374782562 0.310233473777771 0.246271893382072 0.18903012573719 0.157169982790947 0.159374698996544 0.171623706817627 0.185703188180923 0.205054923892021 0.314353495836258 0.408356159925461 0.423523604869843 0.468221753835678 0.184234708547592 0.0402794294059277 0.219412252306938 0.233684569597244 0.203163653612137 0.16588981449604 0.14661218225956 0.109206907451153 0.086911253631115 0.0710267797112465 0.0526171065866947 0.127050012350082 0.116937786340714 0.0972306877374649 0.116955555975437 0.113440334796906 0.0961016491055489 0.0954442173242569 0.0750646740198135 0.060378935188055 0.0338005609810352
0.222188577055931 0.20902618765831 0.186891183257103 0.20206643640995 0.142776638269424 0.121231310069561 0.0960990339517593 0.121585868299007 0.0786264836788177 0.194845750927925 0.287818193435669 0.306075990200043 0.298473089933395 0.309134691953659 0.286473989486694 0.271990925073624 0.243881925940514 0.200080871582031 0.170863717794418 0.171000719070435 0.174610212445259 0.183796674013138 0.233271062374115 0.315071910619736 0.354554355144501 0.449057191610336 0.402899175882339 0.448040932416916 0.523870468139648 0.228092432022095 0.251545667648315 0.227168142795563 0.195588275790215 0.16673918068409 0.13689798116684 0.250974804162979 0.214298382401466 0.167362153530121 0.149559840559959 0.112266793847084 0.12636536359787 0.117591291666031 0.10260222107172 0.104698188602924 0.0948896259069443 0.0817885920405388 0.0764912292361259 0.0424752309918404
0.288542866706848 0.270400881767273 0.196538031101227 0.234384164214134 0.186709001660347 0.122880958020687 0.128635987639427 0.0937741547822952 0.0936158895492554 0.107303388416767 0.190090551972389 0.303955882787704 0.27597776055336 0.285544395446777 0.276035487651825 0.245672404766083 0.231670126318932 0.193199992179871 0.190000534057617 0.174127668142319 0.177386954426765 0.185505241155624 0.255871891975403 0.312373071908951 0.423224687576294 0.405960112810135 0.38487583398819 0.509268283843994 0.577593386173248 0.571489751338959 0.244664311408997 0.232072681188583 0.202596470713615 0.147938266396523 0.131459310650826 0.282174497842789 0.22943189740181 0.192610591650009 0.165330871939659 0.168515875935555 0.145114153623581 0.108806893229485 0.118592761456966 0.108386784791946 0.103250123560429 0.0988792851567268 0.0900900736451149 0.0490613244473934
0.329974442720413 0.35544353723526 0.22861909866333 0.239574000239372 0.174391075968742 0.142235204577446 0.120048351585865 0.109684586524963 0.0930052101612091 0.182171851396561 0.11903615295887 0.2628393471241 0.222707867622375 0.258988350629807 0.244001731276512 0.236224040389061 0.220459803938866 0.210134908556938 0.198408171534538 0.189574435353279 0.179569274187088 0.202360019087791 0.259896844625473 0.315125972032547 0.389387637376785 0.398435533046722 0.443536162376404 0.403596341609955 0.492465704679489 0.456850558519363 0.494846522808075 0.195618391036987 0.184731692075729 0.134845852851868 0.135823234915733 0.277512103319168 0.31121563911438 0.243459299206734 0.215108409523964 0.175196543335915 0.13967153429985 0.116414256393909 0.131654545664787 0.102479442954063 0.0882933661341667 0.107004649937153 0.0883803591132164 0.053226713091135
0.357566326856613 0.372880935668945 0.322628349065781 0.184376209974289 0.152476370334625 0.153902798891068 0.103083729743958 0.109877645969391 0.0924928113818169 0.124584674835205 0.252100944519043 0.209158927202225 0.246474996209145 0.241422310471535 0.23466919362545 0.220009446144104 0.196505218744278 0.216234102845192 0.176186069846153 0.198539406061172 0.198690116405487 0.217267885804176 0.269855111837387 0.356959104537964 0.474366247653961 0.383435845375061 0.465328425168991 0.436454325914383 0.481561452150345 0.455965101718903 0.470381110906601 0.189481884241104 0.150792881846428 0.0255073830485344 0.021985400468111 0.0969048738479614 0.271332383155823 0.236120373010635 0.190162017941475 0.188071995973587 0.154584899544716 0.127446040511131 0.10544528067112 0.0947956070303917 0.100466594099998 0.117379203438759 0.0852694511413574 0.119777254760265
0.38013282418251 0.412551611661911 0.376279324293137 0.257149040699005 0.217738196253777 0.115400217473507 0.096356026828289 0.104117147624493 0.0960815697908401 0.126822054386139 0.269066989421844 0.259868413209915 0.259002655744553 0.212518513202667 0.153765320777893 0.168199419975281 0.192171201109886 0.208227574825287 0.173363074660301 0.164317339658737 0.214362323284149 0.308435529470444 0.300235092639923 0.285650461912155 0.35485577583313 0.467937409877777 0.502635359764099 0.453074812889099 0.482972413301468 0.174848839640617 0.167033240199089 0.175820857286453 0.0324822962284088 0.116116419434547 0.0217648819088936 0.0147962756454945 0.08042973279953 0.222174689173698 0.192724242806435 0.174189314246178 0.14347979426384 0.107622757554054 0.111000992357731 0.0840910822153091 0.125082418322563 0.154474079608917 0.109100610017776 0.124341860413551
0.147331684827805 0.36969867348671 0.385459661483765 0.327184915542603 0.263764441013336 0.201141431927681 0.118009649217129 0.137800469994545 0.108869478106499 0.118660941720009 0.196674108505249 0.247157543897629 0.248973876237869 0.20570296049118 0.21423014998436 0.168523609638214 0.221922993659973 0.2172020226717 0.191410645842552 0.183608502149582 0.20937317609787 0.293558716773987 0.299087077379227 0.283794581890106 0.305143803358078 0.44347733259201 0.455817997455597 0.420703589916229 0.428331613540649 0.155716091394424 0.166964113712311 0.136883661150932 0.0242302138358355 0.023820947855711 0.0208087228238583 0.0163367912173271 0.0143047301098704 0.185221835970879 0.207703098654747 0.133398294448853 0.131528571248055 0.0951455906033516 0.100021339952946 0.0775750055909157 0.0721173360943794 0.113749153912067 0.127341732382774 0.11459656059742
0.029196884483099 0.153441309928894 0.397779822349548 0.356875598430634 0.291174858808517 0.225492626428604 0.161239549517632 0.167672723531723 0.151736378669739 0.144990637898445 0.190666109323502 0.26479834318161 0.263582617044449 0.246079429984093 0.17483389377594 0.166539713740349 0.229390501976013 0.233227476477623 0.215846434235573 0.206284359097481 0.200859859585762 0.219004884362221 0.293504625558853 0.345562428236008 0.377790093421936 0.433710604906082 0.447459816932678 0.420916110277176 0.433048188686371 0.370174199342728 0.0250932071357965 0.0252760909497738 0.0207425430417061 0.0203493442386389 0.0235053170472383 0.0174281913787127 0.0135946916416287 0.0585055984556675 0.15404324233532 0.10520526021719 0.12738698720932 0.0868133157491684 0.0585855320096016 0.0475246645510197 0.01800636947155 0.0686744749546051 0.0987631380558014 0.0796743780374527
0.0305698085576296 0.143076151609421 0.414380729198456 0.321136623620987 0.271384835243225 0.242045849561691 0.24217626452446 0.215633422136307 0.199012890458107 0.191473051905632 0.198671028017998 0.188156425952911 0.170678928494453 0.197225704789162 0.178929716348648 0.185668990015984 0.202994018793106 0.235924884676933 0.269598990678787 0.254607915878296 0.225055068731308 0.242528796195984 0.276161044836044 0.329166352748871 0.333812594413757 0.198961764574051 0.350813686847687 0.450427621603012 0.464640468358994 0.496417701244354 0.0277145374566317 0.0258153472095728 0.0236226674169302 0.0249755028635263 0.0208186358213425 0.0209028124809265 0.0165831223130226 0.00975683610886335 0.00716422684490681 0.00526333460584283 0.119103156030178 0.0902056768536568 0.0716993287205696 0.0169957503676414 0.0156960003077984 0.0144960237666965 0.0198452267795801 0.0166536122560501
0.144155278801918 0.130725204944611 0.339862465858459 0.361921072006226 0.316827535629272 0.273668050765991 0.273531466722488 0.23381695151329 0.230057343840599 0.224424749612808 0.224226370453835 0.213867336511612 0.226292744278908 0.199127376079559 0.222869575023651 0.259959012269974 0.278695791959763 0.305465310811996 0.294482618570328 0.316731005907059 0.296284019947052 0.280567169189453 0.305382400751114 0.299841046333313 0.365247458219528 0.326440155506134 0.210545673966408 0.277659058570862 0.467991590499878 0.140415698289871 0.0295487865805626 0.0273579247295856 0.0303728431463242 0.422921150922775 0.14311720430851 0.130350589752197 0.113096676766872 0.080318495631218 0.00916759669780731 0.00539988512173295 0.00550752505660057 0.143157988786697 0.109418109059334 0.0253400932997465 0.0162177216261625 0.013109921477735 0.0114858560264111 0.0128897624090314
0.123334139585495 0.29637622833252 0.294029921293259 0.308090656995773 0.320359170436859 0.267358332872391 0.308012843132019 0.277264893054962 0.266436874866486 0.236701995134354 0.246432736515999 0.247846841812134 0.249931812286377 0.259627997875214 0.289325445890427 0.305558741092682 0.301166743040085 0.325030207633972 0.351231813430786 0.358198195695877 0.267348110675812 0.293986111879349 0.282725274562836 0.31720969080925 0.319018751382828 0.417651176452637 0.439895391464233 0.416592121124268 0.122884556651115 0.0288951005786657 0.163650467991829 0.173538520932198 0.190194860100746 0.55159991979599 0.147289246320724 0.0250699128955603 0.379121333360672 0.390117406845093 0.0131691861897707 0.00709216389805079 0.00478998990729451 0.0337745696306229 0.0314004123210907 0.0254888068884611 0.0157586019486189 0.0182870700955391 0.0211575794965029 0.0163429789245129
0.246655762195587 0.231492012739182 0.275535821914673 0.120228856801987 0.359028249979019 0.342068493366241 0.299191296100616 0.313694268465042 0.305708765983582 0.282359331846237 0.309793919324875 0.308743476867676 0.32154655456543 0.309905081987381 0.309540957212448 0.308740437030792 0.334321081638336 0.269022941589355 0.27294385433197 0.332188576459885 0.318452417850494 0.292777299880981 0.284379988908768 0.297785401344299 0.325695514678955 0.440913379192352 0.5081866979599 0.560299217700958 0.441014975309372 0.147925406694412 0.171522915363312 0.449618011713028 0.0359909869730473 0.452422916889191 0.562606453895569 0.155706584453583 0.389878034591675 0.345278888940811 0.0177359357476234 0.0099449260160327 0.00599102163687348 0.00554236443713307 0.0273919757455587 0.0295533649623394 0.0221057403832674 0.0334100462496281 0.0653706341981888 0.0255406647920609
0.0880524292588234 0.211881950497627 0.102347448468208 0.1231310069561 0.330957978963852 0.30447518825531 0.109944634139538 0.32907971739769 0.33650803565979 0.336690813302994 0.364039838314056 0.34356227517128 0.331332325935364 0.34435647726059 0.363665997982025 0.372410446405411 0.382477968931198 0.411306262016296 0.411635637283325 0.315004497766495 0.363892406225204 0.308660596609116 0.331238627433777 0.297030419111252 0.325455188751221 0.41372886300087 0.519110918045044 0.586419939994812 0.531656205654144 0.17040990293026 0.178044125437737 0.491311877965927 0.0355305001139641 0.0361954122781754 0.179973274469376 0.191754505038261 0.440203011035919 0.0295820441097021 0.0297576617449522 0.0132247479632497 0.00926923844963312 0.00764147937297821 0.056847769767046 0.0553990975022316 0.0399673730134964 0.0405900999903679 0.0766054540872574 0.061151310801506
0.0196981187909842 0.103801488876343 0.0217322986572981 0.0249378271400928 0.0242445599287748 0.0242947265505791 0.112612701952457 0.295767396688461 0.371696650981903 0.33491462469101 0.375593215227127 0.338456660509109 0.363420307636261 0.410399913787842 0.409741073846817 0.425020307302475 0.416809558868408 0.454243868589401 0.394734531641006 0.437900274991989 0.434190034866333 0.429438471794128 0.38500052690506 0.320442676544189 0.3409463763237 0.425597131252289 0.538383543491364 0.634812653064728 0.584236919879913 0.494806498289108 0.190711379051208 0.497896552085876 0.533337950706482 0.0438081063330173 0.0338612534105778 0.0323822014033794 0.0343726836144924 0.178800821304321 0.0308680608868599 0.0178374908864498 0.0728360339999199 0.0591381452977657 0.0841027051210403 0.0971377938985825 0.0697276666760445 0.0439714007079601 0.0783294811844826 0.0600440427660942
0.0228619761765003 0.0241217631846666 0.00470250006765127 0.00509146926924586 0.00474102282896638 0.0268718600273132 0.11611570417881 0.287357240915298 0.336243361234665 0.371779143810272 0.358760803937912 0.373393416404724 0.444839835166931 0.433919727802277 0.466444104909897 0.463207930326462 0.456205606460571 0.406084299087524 0.428396612405777 0.40684500336647 0.38200768828392 0.372459709644318 0.381066381931305 0.3399438560009 0.381452083587646 0.473634511232376 0.524126887321472 0.627948105335236 0.629214704036713 0.662902474403381 0.451642155647278 0.578147172927856 0.658375680446625 0.241138905286789 0.0483027026057243 0.0396735072135925 0.00779164489358664 0.0426796339452267 0.0485928580164909 0.0334816463291645 0.103412568569183 0.0718876868486404 0.241432264447212 0.272453218698502 0.0790682807564735 0.0564189180731773 0.0673090219497681 0.104688733816147
0.00497199269011617 0.00507501931861043 0.00492091942578554 0.0057407533749938 0.0056314435787499 0.0053567229770124 0.02683100476861 0.303027600049973 0.328730881214142 0.357723236083984 0.368118345737457 0.36029377579689 0.490499675273895 0.486181259155273 0.492060303688049 0.476400077342987 0.441786825656891 0.37935945391655 0.397351622581482 0.466083317995071 0.46667417883873 0.500027894973755 0.441969752311707 0.449612468481064 0.426206260919571 0.480351209640503 0.5455362200737 0.625247478485107 0.594554841518402 0.63181060552597 0.531001389026642 0.493428826332092 0.680670261383057 0.275422126054764 0.634185910224915 0.0565268360078335 0.00917811878025532 0.0525160282850266 0.265103846788406 0.0402449108660221 0.142923220992088 0.263750016689301 0.336977303028107 0.442893803119659 0.354546785354614 0.141431614756584 0.0930534154176712 0.122690193355083
0.00473312707617879 0.00437813811004162 0.00386574235744774 0.000822591886390001 0.00457310723140836 0.00498670991510153 0.0232853945344687 0.126109153032303 0.304967403411865 0.303202599287033 0.325344562530518 0.137863278388977 0.427531242370605 0.360707819461823 0.436143279075623 0.411397069692612 0.416189223527908 0.391083896160126 0.425508141517639 0.513184547424316 0.494807541370392 0.395534247159958 0.324359387159348 0.455122828483582 0.467424929141998 0.477495461702347 0.547998011112213 0.571133017539978 0.609407365322113 0.620817005634308 0.636849164962769 0.576354265213013 0.69888037443161 0.666197240352631 0.645094931125641 0.667630255222321 0.0576598756015301 0.0678355544805527 0.0618062540888786 0.231934413313866 0.203494355082512 0.424891322851181 0.487700998783112 0.551201164722443 0.553753256797791 0.435794442892075 0.173435926437378 0.145548522472382
0.00441666692495346 0.00377854960970581 0.000745538040064275 0.000659524113871157 0.000715841248165816 0.00409685680642724 0.00453377747908235 0.0235051289200783 0.115952141582966 0.112503901124001 0.146112695336342 0.153101608157158 0.167519047856331 0.311907291412354 0.388298153877258 0.457637012004852 0.501127600669861 0.399226725101471 0.385720163583755 0.43315801024437 0.4022296667099 0.489330381155014 0.47126641869545 0.453897386789322 0.418782085180283 0.45728874206543 0.52384340763092 0.558082818984985 0.630732119083405 0.643880248069763 0.675856590270996 0.583932995796204 0.659698903560638 0.629938185214996 0.689287781715393 0.671987414360046 0.347285479307175 0.0851869508624077 0.0721296295523643 0.316786736249924 0.293298095464706 0.573244869709015 0.647666811943054 0.639494657516479 0.628613471984863 0.613811135292053 0.243930637836456 0.204864859580994
0.000715778558515012 0.000741124444175512 0.000657055526971817 0.000539980595931411 0.000564637070056051 0.000634122407063842 0.00408898061141372 0.00405462877824903 0.0212175771594048 0.0213545467704535 0.0240514185279608 0.0312813445925713 0.123527705669403 0.359488159418106 0.403029173612595 0.458851128816605 0.548102080821991 0.534802973270416 0.498920619487762 0.495585054159164 0.470545083284378 0.420514523983002 0.416386336088181 0.360574573278427 0.318824231624603 0.474253177642822 0.516096532344818 0.560053944587708 0.605548322200775 0.613654375076294 0.649572014808655 0.720980048179626 0.684476494789124 0.715836405754089 0.721154272556305 0.694102585315704 0.753065645694733 0.407386809587479 0.34424215555191 0.357941001653671 0.710793495178223 0.677292108535767 0.643607318401337 0.320823639631271 0.280638724565506 0.26356053352356 0.662747442722321 0.272804468870163
-3.4e+38 0.000580965715926141 0.000600910861976445 0.000566061586141586 0.000555991544388235 0.000620500475633889 0.00307558127678931 0.00326910940930247 0.0215303339064121 0.0200354438275099 0.0232119169086218 0.0217628590762615 0.134756475687027 0.430879265069962 0.507907629013062 0.505662679672241 0.511892914772034 0.540921092033386 0.534628570079803 0.519397437572479 0.525562942028046 0.509473741054535 0.478369832038879 0.483480334281921 0.47575455904007 0.505818843841553 0.5135178565979 0.527108371257782 0.549971401691437 0.593767166137695 0.599493622779846 0.666073858737946 0.646907687187195 0.659791469573975 0.691609978675842 0.695463895797729 0.761247575283051 0.754906892776489 0.328497618436813 0.33213597536087 0.710706830024719 0.716284453868866 0.663790047168732 0.300933718681335 0.254869610071182 0.214650049805641 0.578464806079865 0.66982764005661
