data/climate_estimation/maxent_output/Schoenocaulon_texanum.asc
NCOLS 115 
NROWS 173 
XLLCORNER -106.166666666667 
YLLCORNER 18.6666666666667 
CELLSIZE 0.0833333333333333 
NODATA_value -3.4e+38 
[rows 80 to 99 of 173, columns 0 to 44 of 115]
0.52293473482132 0.400291681289673 0.489336520433426 0.491068094968796 0.512932181358337 0.22606785595417 0.218636482954025 0.244933590292931 0.22700609266758 0.218586102128029 0.239409282803535 0.0806214287877083 0.0935666039586067 0.0919991880655289 0.209441930055618 0.192595019936562 0.566853523254395 0.610512852668762 0.630629122257233 0.914316236972809 0.906360387802124 0.902238607406616 0.907541573047638 0.945363342761993 0.366964995861053 0.353457182645798 0.318412601947784 0.342536240816116 0.29565754532814 0.32470041513443 0.303251147270203 0.37488004565239 0.2225301861763 0.214373365044594 0.352554082870483 0.350589632987976 0.179345965385437 0.163441494107246 0.369317412376404 0.132438629865646 0.141105353832245 0.109922312200069 0.146981328725815 0.140161454677582 0.513640642166138
0.510268330574036 0.526605308055878 0.535332500934601 0.56702721118927 0.50654935836792 0.0624894201755524 0.0576134696602821 0.307763874530792 0.285366326570511 0.0662460550665855 0.098073698580265 0.0964099913835526 0.104674808681011 0.118670113384724 0.256055593490601 0.215908631682396 0.58815461397171 0.601833343505859 0.895432531833649 0.92110937833786 0.896015763282776 0.854647934436798 0.91590815782547 0.376504123210907 0.892952740192413 0.347017854452133 0.34972470998764 0.310692250728607 0.30668768286705 0.276900261640549 0.204707235097885 0.404001116752625 0.224883526563644 0.18886524438858 0.333011776208878 0.322122782468796 0.150766044855118 0.17801558971405 0.620584785938263 0.329105943441391 0.122098863124847 0.0921118333935738 0.155996382236481 0.441273301839828 0.714370667934418
0.528213322162628 0.543520450592041 0.579404592514038 0.628075480461121 0.58369243144989 0.227430805563927 0.0557211861014366 0.267275810241699 0.316714406013489 0.0705128908157349 0.329233914613724 0.402610093355179 0.111277028918266 0.109604671597481 0.0872078239917755 0.248138219118118 0.204597935080528 0.620223999023438 0.898118317127228 0.911244988441467 0.908299267292023 0.905682027339935 0.907307028770447 0.915240168571472 0.362690627574921 0.343282401561737 0.344123601913452 0.283550053834915 0.265800327062607 0.225344628095627 0.203471764922142 0.207721188664436 0.180208653211594 0.172782123088837 0.3020199239254 0.269669115543365 0.12627500295639 0.186680734157562 0.312054812908173 0.331647664308548 0.0714505538344383 0.0822964608669281 0.0319269970059395 0.622926771640778 0.206672668457031
0.588644087314606 0.612109899520874 0.629502952098846 0.650564610958099 0.583672165870667 0.277751982212067 0.067031018435955 0.0630879551172256 0.254844725131989 0.273784011602402 0.289471358060837 0.37005352973938 0.419355452060699 0.108426578342915 0.0867746695876122 0.345957964658737 0.264147609472275 0.22030933201313 0.887970089912415 0.888437271118164 0.916048765182495 0.423981457948685 0.398504376411438 0.419908612966537 0.365300089120865 0.36200624704361 0.327576607465744 0.273508906364441 0.219860598444939 0.196419775485992 0.166965201497078 0.182580456137657 0.158875674009323 0.141584947705269 0.183215036988258 0.144266471266747 0.0947016403079033 0.111100666224957 0.127533003687859 0.150363400578499 0.213561281561852 0.0962558388710022 0.154860451817513 0.122460551559925 0.165349096059799
0.483004868030548 0.491800904273987 0.640096187591553 0.702586114406586 0.662019371986389 0.663807153701782 0.25999042391777 0.0517737865447998 0.178332269191742 0.221082225441933 0.280435472726822 0.252149283885956 0.374849706888199 0.332381725311279 0.328479886054993 0.313951432704926 0.263737767934799 0.469118654727936 0.425541013479233 0.385078877210617 0.453745245933533 0.455195754766464 0.401734173297882 0.428230315446854 0.380707442760468 0.362642735242844 0.28040423989296 0.244036421179771 0.239928141236305 0.202064633369446 0.176692813634872 0.148942306637764 0.135687038302422 0.142898574471474 0.112992346286774 0.10860600322485 0.092279464006424 0.0735810473561287 0.0781417340040207 0.0347029753029346 0.0406400114297867 0.120177790522575 0.129081755876541 0.133857816457748 0.124818459153175
0.481675863265991 0.55560690164566 0.690427243709564 0.700654983520508 0.706733584403992 0.633003354072571 0.588492274284363 0.322193264961243 0.1434096544981 0.141584143042564 0.212109088897705 0.209730595350266 0.276392132043839 0.351717591285706 0.580800950527191 0.518026471138 0.472092270851135 0.467048496007919 0.399493753910065 0.441975116729736 0.431729882955551 0.408664584159851 0.420938372612 0.396627932786942 0.383761197328568 0.378927975893021 0.277564406394958 0.296935975551605 0.265347421169281 0.219078004360199 0.159634843468666 0.127806603908539 0.134848415851593 0.109327204525471 0.100553825497627 0.0806422382593155 0.0683391764760017 0.0695668905973434 0.0325037427246571 0.0271252412348986 0.0284811686724424 0.0402911864221096 0.112408377230167 0.0455952845513821 0.0494954213500023
0.456198364496231 0.574798166751862 0.615940630435944 0.727133512496948 0.681438624858856 0.649104833602905 0.635368227958679 0.430413037538528 0.304171979427338 0.142194762825966 0.153931960463524 0.217188969254494 0.1741973310709 0.251058906316757 0.56035190820694 0.480545043945312 0.465309113264084 0.447422623634338 0.475243449211121 0.456531673669815 0.407138019800186 0.432095557451248 0.419267326593399 0.392310172319412 0.400761991739273 0.374610155820847 0.261642038822174 0.268197357654572 0.250089555978775 0.177360147237778 0.152800738811493 0.146248161792755 0.113758787512779 0.0905058905482292 0.0785110294818878 0.0664676651358604 0.0638458058238029 0.0255081299692392 0.0273552369326353 0.0261588096618652 0.0267812795937061 0.0268614906817675 0.0269862078130245 0.0310884993523359 0.0323380194604397
0.417698413133621 0.574433624744415 0.571642816066742 0.621114253997803 0.667732715606689 0.573133587837219 0.597250282764435 0.581561923027039 0.440499693155289 0.340404599905014 0.151557505130768 0.182272523641586 0.167769521474838 0.210912153124809 0.46141654253006 0.520853340625763 0.448882907629013 0.461068838834763 0.434385627508163 0.423814296722412 0.40484482049942 0.435140192508698 0.356259405612946 0.326431959867477 0.411318421363831 0.350406259298325 0.240793585777283 0.240763485431671 0.374919384717941 0.233727172017097 0.145218655467033 0.0610991679131985 0.0545726865530014 0.0373392105102539 0.0325375720858574 0.0282855108380318 0.0217632632702589 0.0220709145069122 0.0223745461553335 0.0251434948295355 0.0194131545722485 0.0229281689971685 0.0267860386520624 0.0267504416406155 0.035097848623991
0.343310803174973 0.400608599185944 0.568972527980804 0.676099538803101 0.611889898777008 0.583636343479156 0.541810393333435 0.588688015937805 0.539778292179108 0.4892717897892 0.20144921541214 0.175285145640373 0.048966072499752 0.0478363633155823 0.192750945687294 0.429670780897141 0.385769933462143 0.356351912021637 0.410336375236511 0.433543026447296 0.426499634981155 0.388521134853363 0.349654972553253 0.392591774463654 0.461467415094376 0.333713680505753 0.542337656021118 0.28582975268364 0.283416271209717 0.295996457338333 0.15911939740181 0.0560962855815887 0.0430564843118191 0.0323095843195915 0.0278117600828409 0.0308967493474483 0.0227279644459486 0.0133341616019607 0.017348712310195 0.00384578807279468 0.00458764797076583 0.00450317095965147 0.0058504194021225 0.00676360679790378 0.0346724390983582
0.251669555902481 0.349358558654785 0.452171564102173 0.484358757734299 0.577714920043945 0.510445475578308 0.500074565410614 0.500288248062134 0.301596105098724 0.255747646093369 0.271186053752899 0.059389766305685 0.209454849362373 0.0501028373837471 0.0412518344819546 0.180772006511688 0.398568749427795 0.37713611125946 0.40501281619072 0.416528403759003 0.425048798322678 0.427091091871262 0.333683878183365 0.483344465494156 0.599126279354095 0.430664956569672 0.516623973846436 0.59281462430954 0.208869531750679 0.22893899679184 0.173280447721481 0.0475725196301937 0.0325325950980186 0.0240419376641512 0.0176322050392628 0.00442688632756472 0.00328559149056673 0.00224213022738695 0.00186612107791007 0.00268658250570297 0.00503766164183617 0.00414643436670303 0.00537765957415104 0.0319061391055584 0.0426599383354187
0.240399613976479 0.302179247140884 0.432789891958237 0.370499163866043 0.544107973575592 0.535901188850403 0.396671652793884 0.432373434305191 0.321384251117706 0.309733957052231 0.247201576828957 0.0581364557147026 0.0593265555799007 0.0571498684585094 0.0506748855113983 0.0419064797461033 0.362413823604584 0.46679100394249 0.375617891550064 0.404068946838379 0.376379042863846 0.397462606430054 0.314296722412109 0.283755511045456 0.42070272564888 0.491077154874802 0.422467052936554 0.598674237728119 0.09375911206007 0.0638812929391861 0.0638967975974083 0.0439363047480583 0.00783890765160322 0.00385924545116723 0.00433591147884727 0.00378580647520721 0.00216833665035665 0.000226997304707766 0.000215481224586256 0.000455633387900889 0.104898445308208 0.0347057208418846 0.0393035225570202 0.0402621924877167 0.100515998899937
0.195381060242653 0.272578567266464 0.289953798055649 0.484059482812881 0.598564743995667 0.518639206886292 0.313922584056854 0.242835208773613 0.561163723468781 0.0911680310964584 0.0791761800646782 0.059965692460537 0.0664026364684105 0.0756850838661194 0.0578286983072758 0.0391787886619568 0.169614747166634 0.377127975225449 0.305026262998581 0.42720165848732 0.356786519289017 0.267799228429794 0.215441450476646 0.0860765427350998 0.235251188278198 0.362490206956863 0.31000491976738 0.472059577703476 0.113780938088894 0.0608581602573395 0.0773755759000778 0.0646032392978668 0.0420507453382015 0.00561830680817366 0.00449124770238996 0.00326674967072904 0.00210112519562244 0.000234901410294697 0.000187415163964033 0.000273035606369376 0.000489359837956727 0.00301255402155221 0.0296736676245928 0.160045966506004 0.454204946756363
0.154504284262657 0.197879210114479 0.367965877056122 0.261420071125031 0.229416579008102 0.694765627384186 0.340895384550095 0.239102333784103 0.383619487285614 0.100951731204987 0.0911761224269867 0.0876900255680084 0.0898545682430267 0.0848071947693825 0.0861931815743446 0.0553916208446026 0.0312763191759586 0.031906858086586 0.0244257003068924 0.375647693872452 0.350073844194412 0.282610833644867 0.0892441719770432 0.0686695873737335 0.0738429799675941 0.0976317599415779 0.0922901034355164 0.287962794303894 0.323360860347748 0.110493682324886 0.0866600051522255 0.106038793921471 0.0278763342648745 0.0307910218834877 0.00413610832765698 0.00408929120749235 0.0018505979096517 0.00169805041514337 0.000278532388620079 0.00209504971280694 0.00248771230690181 0.0134456232190132 0.0186444837599993 0.0769565626978874 0.18943952023983
0.109273158013821 0.154612004756927 0.260651350021362 0.342628628015518 0.205426812171936 0.225150868296623 0.589853882789612 0.283385068178177 0.209959000349045 0.081204280257225 0.0953687652945518 0.10726747661829 0.594980776309967 0.451579093933105 0.43317773938179 0.425181418657303 0.272536426782608 0.034266822040081 0.0185978654772043 0.0254386607557535 0.448247790336609 0.348708868026733 0.115237966179848 0.0727115273475647 0.0648087561130524 0.0657167285680771 0.0767998248338699 0.0839816480875015 0.0932639986276627 0.111515045166016 0.109629236161709 0.0863365083932877 0.072129525244236 0.0832590013742447 0.188099771738052 0.0223595313727856 0.0160227939486504 0.032233688980341 0.128667414188385 0.0930375903844833 0.0441289581358433 0.0165268555283546 0.0431290157139301 0.0520159304141998 0.0976104736328125
0.0805902555584908 0.137562617659569 0.217368766665459 0.213789746165276 0.238910332322121 0.207386180758476 0.283593744039536 0.245505049824715 0.0818395391106606 0.123966187238693 0.209128841757774 0.240245342254639 0.346987664699554 0.523134171962738 0.143047451972961 0.750242352485657 0.797990262508392 0.0592068880796432 0.0227659288793802 0.0169357508420944 0.106998905539513 0.112322993576527 0.090949647128582 0.0630327686667442 0.0775592103600502 0.0950127616524696 0.0848896354436874 0.079997830092907 0.0766973048448563 0.0822898671030998 0.0730907022953033 0.0657984837889671 0.0703583061695099 0.343283742666245 0.468175530433655 0.341767191886902 0.361265420913696 0.301642954349518 0.214434653520584 0.211918845772743 0.288963079452515 0.200512751936913 0.146905601024628 0.163271799683571 0.107259549200535
0.071348138153553 0.117284335196018 0.206534117460251 0.190268814563751 0.182768657803535 0.140913963317871 0.127713158726692 0.0650931149721146 0.281297951936722 0.118293449282646 0.197157457470894 0.0990940257906914 0.42606121301651 0.522013127803802 0.575595259666443 0.786512494087219 0.806763887405396 0.0929266363382339 0.0335722826421261 0.0151786115020514 0.0158215332776308 0.0644728168845177 0.0754693597555161 0.0686066448688507 0.114106707274914 0.214093551039696 0.100817911326885 0.0964099168777466 0.0818547010421753 0.151554882526398 0.133084580302238 0.216134190559387 0.211189404129982 0.140253067016602 0.443468928337097 0.732163608074188 0.40530264377594 0.368075013160706 0.26754891872406 0.260789543390274 0.381421893835068 0.392077088356018 0.0787604749202728 0.173028752207756 0.270654141902924
0.0616060197353363 0.0835716053843498 0.171365067362785 0.19085194170475 0.154111310839653 0.115035325288773 0.105557203292847 0.081649586558342 0.155459120869637 0.150253683328629 0.187173992395401 0.1187564432621 0.236684128642082 0.583608746528625 0.530859649181366 0.739866673946381 0.180481418967247 0.139479145407677 0.0410131849348545 0.0166425462812185 0.0150530291721225 0.104158654808998 0.116002961993217 0.0939519926905632 0.106633119285107 0.208126902580261 0.173744261264801 0.100082792341709 0.0803345292806625 0.102572500705719 0.26291611790657 0.238997891545296 0.313168227672577 0.338624328374863 0.242305099964142 0.283539265394211 0.25760293006897 0.293440669775009 0.273783922195435 0.231586739420891 0.224550604820251 0.216086491942406 0.0953890681266785 0.180639535188675 0.283118486404419
0.0168284848332405 0.0681142061948776 0.114997908473015 0.172975301742554 0.131747111678123 0.104422755539417 0.0911528319120407 0.0874406769871712 0.0542417615652084 0.152819529175758 0.241649746894836 0.358424007892609 0.194423511624336 0.19016370177269 0.194261193275452 0.198731824755669 0.552241623401642 0.111457958817482 0.0441026240587234 0.0971625745296478 0.0617540329694748 0.140149712562561 0.17794905602932 0.124551042914391 0.0863088443875313 0.192278757691383 0.14634907245636 0.100133500993252 0.100893534719944 0.18293485045433 0.172904670238495 0.223508924245834 0.256682634353638 0.252447187900543 0.245562717318535 0.29654124379158 0.469676464796066 0.348170608282089 0.272665470838547 0.216529831290245 0.234802037477493 0.262073189020157 0.203356072306633 0.202524349093437 0.285125464200974
0.00545618124306202 0.0506226718425751 0.0772256255149841 0.106367282569408 0.109111979603767 0.0873496383428574 0.0794259309768677 0.0901386365294456 0.120427988469601 0.208110943436623 0.248640120029449 0.237162426114082 0.347960919141769 0.158693835139275 0.185667589306831 0.0336743667721748 0.182510301470757 0.148598328232765 0.0712108165025711 0.0957455635070801 0.0478616207838058 0.182872548699379 0.286014348268509 0.116660937666893 0.101646274328232 0.138805955648422 0.211874827742577 0.166236460208893 0.119820423424244 0.208023846149445 0.190368309617043 0.213399633765221 0.262001603841782 0.236501157283783 0.217306688427925 0.245701268315315 0.32278910279274 0.335551083087921 0.251420915126801 0.244725704193115 0.256952404975891 0.327473521232605 0.312504172325134 0.303754776716232 0.265007108449936
0.0145923746749759 0.0257014837116003 0.0557369291782379 0.0937772393226624 0.0801308304071426 0.0789413973689079 0.0887087434530258 0.0879798457026482 0.126255139708519 0.0594937428832054 0.0838974192738533 0.269770622253418 0.23920826613903 0.647899806499481 0.192005187273026 0.0311001800000668 0.160337895154953 0.516542017459869 0.057371698319912 0.0942585691809654 0.107532903552055 0.261055201292038 0.415049701929092 0.36790931224823 0.192840352654457 0.155533596873283 0.216240122914314 0.0777291506528854 0.0697372555732727 0.170350134372711 0.192996427416801 0.212647587060928 0.351045608520508 0.278474867343903 0.262470304965973 0.22419236600399 0.236649975180626 0.279245734214783 0.23984369635582 0.217444598674774 0.288755625486374 0.265145003795624 0.269074410200119 0.250535219907761 0.269503533840179
