data/climate_estimation/maxent_output/Schoenocaulon_comatum.asc
NCOLS 72 
NROWS 53 
XLLCORNER -103.333333333333 
YLLCORNER 18.1666666666667 
CELLSIZE 0.0833333333333333 
NODATA_value -3.4e+38 
[rows 20 to 39 of 53, columns 0 to 43 of 72]
0.479455053806305 0.545980870723724 0.54758208990097 0.533195674419403 0.516110062599182 0.538263976573944 0.526232123374939 0.52022397518158 0.533872842788696 0.532352983951569 0.540197551250458 0.553474962711334 0.562879323959351 0.5399449467659 0.505747497081757 0.484248161315918 0.478166192770004 0.472392529249191 0.490392506122589 0.628137469291687 0.638368844985962 0.517386674880981 0.541967988014221 0.707349896430969 0.717295169830322 0.716235756874084 0.603264451026917 0.58531391620636 0.576882779598236 0.70368891954422 0.712106347084045 0.763984084129333 0.77311909198761 0.803022980690002 0.818941831588745 0.833190381526947 0.851392030715942 0.90464973449707 0.88299161195755 0.848543524742126 0.828727185726166 0.820133328437805 0.838888943195343 0.821515679359436
0.449683368206024 0.525732100009918 0.517763793468475 0.530494868755341 0.523375809192657 0.497418820858002 0.481521219015121 0.480881810188293 0.54406350851059 0.55436635017395 0.542311906814575 0.540182590484619 0.552225589752197 0.551332652568817 0.536490678787231 0.497203290462494 0.463966757059097 0.471488505601883 0.498655557632446 0.49381086230278 0.498467892408371 0.516362249851227 0.526924967765808 0.535764455795288 0.557088732719421 0.564536154270172 0.557378649711609 0.569389522075653 0.557573795318604 0.700818836688995 0.703194081783295 0.778606235980988 0.774187922477722 0.817135512828827 0.797254085540771 0.818260908126831 0.821698784828186 0.817838311195374 0.810068726539612 0.844642341136932 0.860092103481293 0.850535273551941 0.87168550491333 0.854241013526917
0.457838743925095 0.485775828361511 0.505840480327606 0.531944394111633 0.532711207866669 0.499586671590805 0.481173396110535 0.498708814382553 0.525119245052338 0.553118169307709 0.533865511417389 0.53103905916214 0.554283142089844 0.586590647697449 0.603095829486847 0.56659609079361 0.47019699215889 0.464335948228836 0.490336239337921 0.495537012815475 0.50934374332428 0.531225621700287 0.526045382022858 0.53317266702652 0.533688902854919 0.542628705501556 0.549463450908661 0.541379034519196 0.686671257019043 0.691910862922668 0.675157964229584 0.716936647891998 0.760400414466858 0.784386932849884 0.773234248161316 0.809289634227753 0.787726700305939 0.804571092128754 0.881465375423431 0.853927731513977 0.852049887180328 0.862928450107574 0.872990250587463 0.864709794521332
0.460557162761688 0.470636308193207 0.485426366329193 0.520569920539856 0.5238236784935 0.517399907112122 0.497828483581543 0.49311751127243 0.490016043186188 0.51622349023819 0.489190578460693 0.515857100486755 0.524650990962982 0.573102176189423 0.573490977287292 0.533648073673248 0.459509670734406 0.495233416557312 0.549084484577179 0.519215643405914 0.496641486883163 0.503370523452759 0.507243096828461 0.512881875038147 0.515803635120392 0.50957179069519 0.510914325714111 0.66181880235672 0.669820010662079 0.670675873756409 0.669818222522736 0.707470953464508 0.732782483100891 0.716555178165436 0.718241155147552 0.766946375370026 0.796361207962036 0.774486362934113 0.786490321159363 0.861758887767792 0.846397936344147 0.863794505596161 0.868387162685394 0.843650996685028
0.469645202159882 0.472398996353149 0.481596082448959 0.511752367019653 0.529409766197205 0.529494404792786 0.489142268896103 0.480162590742111 0.483122169971466 0.484307795763016 0.464203387498856 0.437068223953247 0.431331038475037 0.46131831407547 0.474659472703934 0.493559986352921 0.471853166818619 0.529501736164093 0.576774120330811 0.561220526695251 0.505400955677032 0.491678923368454 0.476557195186615 0.467598855495453 0.477792084217072 0.478217750787735 0.623509883880615 0.639716684818268 0.664374351501465 0.674092948436737 0.662696361541748 0.679537177085876 0.690157651901245 0.711199045181274 0.727026224136353 0.799176454544067 0.821293473243713 0.791632413864136 0.781080543994904 0.774223864078522 0.853981852531433 0.851254045963287 0.869274914264679 0.738628804683685
0.491807878017426 0.468128949403763 0.504279315471649 0.521311581134796 0.499985814094543 0.490499943494797 0.479628324508667 0.4757299721241 0.497173845767975 0.489510625600815 0.46794730424881 0.453209042549133 0.415929943323135 0.407326728105545 0.399182856082916 0.383721649646759 0.409775078296661 0.496523916721344 0.556357979774475 0.533001124858856 0.500450789928436 0.480130285024643 0.461710065603256 0.438591599464417 0.438682198524475 0.443427979946136 0.599414765834808 0.624001920223236 0.658577263355255 0.560604989528656 0.678384780883789 0.579272150993347 0.588988482952118 0.604514718055725 0.814685106277466 0.816261649131775 0.847010672092438 0.837631702423096 0.793041944503784 0.851120412349701 0.848987996578217 0.890623033046722 0.891106486320496 0.86525160074234
0.548691093921661 0.510979354381561 0.495402365922928 0.524099230766296 0.488238304853439 0.469399720430374 0.448570340871811 0.463386356830597 0.480712294578552 0.492541402578354 0.493732184171677 0.487703621387482 0.463221669197083 0.433557510375977 0.537599802017212 0.375910520553589 0.39727720618248 0.447801679372787 0.472483485937119 0.496273159980774 0.476824432611465 0.480080991983414 0.460177689790726 0.456255435943604 0.442386656999588 0.447859764099121 0.443749576807022 0.476130336523056 0.538256108760834 0.589875042438507 0.688678979873657 0.631759285926819 0.649491310119629 0.642315685749054 0.698338150978088 0.845547556877136 0.847317576408386 0.922935426235199 0.826686024665833 0.875226497650146 0.871694684028625 0.90322071313858 0.899562656879425 0.902548491954803
0.571581363677979 0.528938412666321 0.512703716754913 0.497068107128143 0.502063751220703 0.480311632156372 0.430656522512436 0.47580486536026 0.511146128177643 0.530526697635651 0.521867990493774 0.487459033727646 0.482574075460434 0.448094695806503 0.465357899665833 0.414681613445282 0.418988078832626 0.451806575059891 0.471086770296097 0.499227732419968 0.475208252668381 0.471234977245331 0.465965300798416 0.488411545753479 0.516591370105743 0.498297274112701 0.481684267520905 0.486463755369186 0.535088658332825 0.543836712837219 0.542051255702972 0.611935436725616 0.645775735378265 0.660617709159851 0.843188285827637 0.887298703193665 0.940616130828857 0.925164937973022 0.850746929645538 0.897556900978088 0.89555561542511 0.894682109355927 0.885683000087738 0.798969328403473
0.591206312179565 0.562728762626648 0.54457813501358 0.54698383808136 0.517607390880585 0.504872024059296 0.493181675672531 0.509119510650635 0.527455508708954 0.541715741157532 0.532211124897003 0.503490090370178 0.484213054180145 0.47169154882431 0.443538814783096 0.451565951108932 0.456303745508194 0.470570772886276 0.472348302602768 0.474513560533524 0.472451150417328 0.48557060956955 0.515224158763885 0.558707118034363 0.482047736644745 0.489300638437271 0.526953518390656 0.543038189411163 0.555633902549744 0.58130007982254 0.597549319267273 0.64919126033783 0.73389333486557 0.673842668533325 0.706843614578247 0.858960151672363 0.903793811798096 0.956913530826569 0.959618449211121 0.927508354187012 0.822442233562469 0.879454910755157 0.884515345096588 0.90618222951889
0.620545208454132 0.600946962833405 0.588680684566498 0.587153494358063 0.595516204833984 0.557965219020844 0.541180849075317 0.540443539619446 0.564153492450714 0.570737838745117 0.53680157661438 0.510128498077393 0.500159442424774 0.504880547523499 0.495459407567978 0.513213276863098 0.486835390329361 0.48509669303894 0.480548501014709 0.471896827220917 0.517656922340393 0.513586461544037 0.532982885837555 0.518289029598236 0.537805795669556 0.533330321311951 0.560075759887695 0.571545779705048 0.588114023208618 0.591637551784515 0.612090229988098 0.602824747562408 0.62389874458313 0.628165543079376 0.724487900733948 0.892140865325928 0.890549719333649 0.912057936191559 0.916628539562225 0.896963000297546 0.877009749412537 0.859662711620331 0.928789973258972 0.940543115139008
0.623106718063354 0.611523330211639 0.621653497219086 0.605031728744507 0.643701374530792 0.667573392391205 0.594942331314087 0.567848443984985 0.574219107627869 0.562568485736847 0.551083445549011 0.526785850524902 0.499719887971878 0.492476522922516 0.557599604129791 0.520285725593567 0.533755958080292 0.530686020851135 0.513927280902863 0.515450775623322 0.569127917289734 0.562181353569031 0.631571233272552 0.660990059375763 0.631222307682037 0.594274401664734 0.5699383020401 0.584433078765869 0.638523995876312 0.631243765354156 0.60066545009613 0.601345300674438 0.621654033660889 0.623694241046906 0.677159249782562 0.832720339298248 0.885201692581177 0.87829715013504 0.88459312915802 0.904427766799927 0.981939911842346 0.966368556022644 0.957770884037018 0.947306632995605
0.657060325145721 0.637373328208923 0.642084002494812 0.644866526126862 0.64639937877655 0.647157192230225 0.607433140277863 0.625682592391968 0.579828500747681 0.561769604682922 0.566915273666382 0.542843401432037 0.513523042201996 0.544354677200317 0.524191915988922 0.537721872329712 0.597858130931854 0.605121076107025 0.562618553638458 0.571217119693756 0.593336999416351 0.641608357429504 0.68690824508667 0.674848258495331 0.578798651695251 0.598435819149017 0.603204965591431 0.829797148704529 0.615337789058685 0.624278366565704 0.632343530654907 0.665092587471008 0.723603188991547 0.667623460292816 0.664033472537994 0.752919733524323 0.739776134490967 0.879779994487762 0.941312372684479 0.891479849815369 0.940035402774811 0.919027388095856 0.958587288856506 0.943677425384521
0.669275045394897 0.635984182357788 0.608839988708496 0.648103415966034 0.709624767303467 0.591934084892273 0.57773095369339 0.620943307876587 0.602312743663788 0.597939312458038 0.65280544757843 0.660551428794861 0.647740185260773 0.564415276050568 0.561095118522644 0.609495401382446 0.645150244235992 0.662425696849823 0.614353775978088 0.586195588111877 0.613034605979919 0.649194777011871 0.676850080490112 0.651578307151794 0.649131238460541 0.640094101428986 0.848633110523224 0.864438235759735 0.626946210861206 0.651411354541779 0.660428583621979 0.716572821140289 0.73992246389389 0.744138598442078 0.672266662120819 0.675492465496063 0.751653492450714 0.802438497543335 0.913899004459381 0.942806899547577 0.928793907165527 0.904017925262451 0.963454186916351 0.946121513843536
0.684724807739258 0.59310919046402 0.565848529338837 0.55894923210144 0.647169411182404 0.541161596775055 0.636051952838898 0.601798713207245 0.60617870092392 0.623828053474426 0.678456425666809 0.744583427906036 0.717818677425385 0.664594292640686 0.672600090503693 0.652630031108856 0.692733764648438 0.710056364536285 0.636349976062775 0.612790465354919 0.642355561256409 0.691551983356476 0.696990191936493 0.69655829668045 0.710689127445221 0.657612144947052 0.872302293777466 0.86309427022934 0.660403668880463 0.685726165771484 0.702958464622498 0.732068538665771 0.80496746301651 0.774331331253052 0.720850169658661 0.723725974559784 0.872867166996002 0.902901530265808 0.962532818317413 0.958913385868073 0.923899590969086 0.903739273548126 0.923015177249908 0.951129615306854
0.613135516643524 0.560752630233765 0.567469656467438 0.519017577171326 0.558295965194702 0.55074280500412 0.543498814105988 0.649039685726166 0.651428937911987 0.639762103557587 0.635891556739807 0.735794842243195 0.775051474571228 0.736613035202026 0.698465645313263 0.680001020431519 0.736790359020233 0.792215764522552 0.750576674938202 0.690684497356415 0.656694769859314 0.720551192760468 0.722000062465668 0.695787966251373 0.68993353843689 0.763715445995331 0.787135541439056 0.659623861312866 0.705642580986023 0.73167610168457 0.735311388969421 0.709367513656616 0.704883813858032 0.717305600643158 0.739825129508972 0.805372953414917 0.917117655277252 0.925145626068115 0.925198197364807 0.95545107126236 0.932567059993744 0.892851233482361 0.909163653850555 0.8734992146492
0.587568402290344 0.586712896823883 0.548346400260925 0.536061882972717 0.434895068407059 0.44769874215126 0.475298225879669 0.538014531135559 0.618892192840576 0.651351928710938 0.646476089954376 0.673913419246674 0.745461761951447 0.739237189292908 0.698036074638367 0.756131887435913 0.757681429386139 0.791157782077789 0.788179218769073 0.702053368091583 0.653134107589722 0.658357083797455 0.710990607738495 0.746803462505341 0.667962551116943 0.703104197978973 0.715650796890259 0.639674425125122 0.624848663806915 0.643459260463715 0.709811389446259 0.718160450458527 0.719788372516632 0.738471031188965 0.738009393215179 0.792967200279236 0.901843190193176 0.940858840942383 0.900171160697937 0.939340710639954 0.930915176868439 0.887706339359283 0.867160797119141 0.834329843521118
0.608769655227661 0.591180503368378 0.545146882534027 0.459642022848129 0.447944611310959 0.467410087585449 0.464820802211761 0.481013804674149 0.544419586658478 0.589461743831635 0.633673250675201 0.66430389881134 0.761639595031738 0.789524435997009 0.754995822906494 0.74778813123703 0.749777436256409 0.754165470600128 0.731904625892639 0.659604668617249 0.677085936069489 0.687263667583466 0.68731278181076 0.689531147480011 0.707636177539825 0.735965251922607 0.686263263225555 0.551194965839386 0.516029357910156 0.541014671325684 0.672748327255249 0.725790917873383 0.731422960758209 0.739443361759186 0.75574254989624 0.759940564632416 0.88454532623291 0.942092180252075 0.898443937301636 0.886203169822693 0.9092777967453 0.947039663791656 0.909711062908173 0.91034597158432
0.628066003322601 0.60944652557373 0.535325944423676 0.484847754240036 0.470170557498932 0.467192023992538 0.455833047628403 0.458899140357971 0.477084696292877 0.56648576259613 0.643744826316833 0.812324047088623 0.864453792572021 0.812110602855682 0.7052903175354 0.617206394672394 0.586600840091705 0.58990865945816 0.726621150970459 0.72787743806839 0.732399582862854 0.782625079154968 0.79242217540741 0.76709771156311 0.730216681957245 0.637758195400238 0.551325261592865 0.636358320713043 0.504714667797089 0.465103477239609 0.655833423137665 0.718010723590851 0.721202731132507 0.762475490570068 0.780013501644135 0.744038343429565 0.788585960865021 0.901387989521027 0.880770921707153 0.893623769283295 0.900812327861786 0.889293611049652 0.910366535186768 0.916908800601959
0.691296458244324 0.623409152030945 0.5516317486763 0.490310251712799 0.481146037578583 0.45944619178772 0.452463746070862 0.462247759103775 0.486482828855515 0.520162403583527 0.644154727458954 0.829000890254974 0.847911059856415 0.74749767780304 0.645885646343231 0.575333595275879 0.582436680793762 0.564455330371857 0.656941175460815 0.728622317314148 0.761628091335297 0.802585422992706 0.803877711296082 0.792020738124847 0.754209697246552 0.591640949249268 0.492994874715805 0.592680990695953 0.468639522790909 0.370332807302475 0.554514110088348 0.659912168979645 0.647837281227112 0.640992641448975 0.743250250816345 0.763393640518188 0.832906782627106 0.87159126996994 0.796257138252258 0.837825357913971 0.838338494300842 0.894580900669098 0.935334146022797 0.946680963039398
0.677437305450439 0.698999404907227 0.584536135196686 0.50260591506958 0.479457080364227 0.461083084344864 0.42820155620575 0.459015041589737 0.466934978961945 0.472923398017883 0.60979026556015 0.773423969745636 0.782217442989349 0.627811551094055 0.611427068710327 0.607505261898041 0.5401811003685 0.537114143371582 0.630309104919434 0.748554766178131 0.76489919424057 0.762539207935333 0.726605713367462 0.715366780757904 0.660632848739624 0.55392187833786 0.438470005989075 0.502306640148163 0.520153164863586 0.336409777402878 0.392704784870148 0.435280442237854 0.378553092479706 0.488630443811417 0.649575233459473 0.747135877609253 0.760438621044159 0.756250500679016 0.757923603057861 0.752758324146271 0.873164236545563 0.958467602729797 0.964258074760437 0.968306064605713
