data/climate_estimation/maxent_output/Schoenocaulon_pellucidum.asc
NCOLS 68 
NROWS 49 
XLLCORNER -105.25 
YLLCORNER 17.5 
CELLSIZE 0.0833333333333334 
NODATA_value -3.4e+38 
[rows 21 to 41 of 49, columns 0 to 47 of 68]
0.613753139972687 0.691262364387512 0.709035754203796 0.79806113243103 0.823985934257507 0.805841326713562 0.781072318553925 0.749610662460327 0.760644018650055 0.802148580551147 0.640364944934845 0.567627787590027 0.561668515205383 0.564508855342865 0.507897436618805 0.48994642496109 0.493575215339661 0.547387480735779 0.571380972862244 0.585263848304749 0.576864123344421 0.599389135837555 0.62546581029892 0.633124053478241 0.570776402950287 0.591980457305908 0.650691866874695 0.662514746189117 0.636507630348206 0.643150329589844 0.604773581027985 0.575776278972626 0.601741075515747 0.645792126655579 0.726187407970428 0.712610304355621 0.684307336807251 0.729505777359009 0.718070924282074 0.747790992259979 0.763985395431519 0.658278048038483 0.623687386512756 0.6409752368927 0.693794250488281 0.670723438262939 0.642355620861053 0.651907324790955
0.618119895458221 0.661530733108521 0.749924302101135 0.80610978603363 0.843751609325409 0.814622700214386 0.793108880519867 0.778389751911163 0.745347023010254 0.727441906929016 0.722262322902679 0.657006978988647 0.62878942489624 0.612846970558167 0.568931519985199 0.475470185279846 0.510347127914429 0.580188453197479 0.583540499210358 0.639953911304474 0.617292404174805 0.628644406795502 0.597924947738647 0.56237918138504 0.557342052459717 0.672639667987823 0.711019158363342 0.731565237045288 0.711962044239044 0.698062539100647 0.696535050868988 0.682938456535339 0.662239074707031 0.674960970878601 0.741106927394867 0.78934782743454 0.763075053691864 0.743484914302826 0.744781613349915 0.7866570353508 0.834469079971313 0.804975926876068 0.733224034309387 0.681712627410889 0.742298305034637 0.731948971748352 0.634463965892792 0.632918536663055
0.62950986623764 0.682598829269409 0.727420389652252 0.804787576198578 0.810645401477814 0.818978846073151 0.825120687484741 0.804665207862854 0.755411922931671 0.733127057552338 0.798141181468964 0.842976987361908 0.794054627418518 0.748187243938446 0.602079331874847 0.477339893579483 0.556708693504333 0.62839949131012 0.649224996566772 0.740710556507111 0.679697513580322 0.64807391166687 0.554592788219452 0.561257302761078 0.605604588985443 0.738613963127136 0.770709633827209 0.751542448997498 0.736476123332977 0.632305145263672 0.662638068199158 0.694946110248566 0.705241918563843 0.728052496910095 0.742292642593384 0.769507110118866 0.777638375759125 0.760338187217712 0.795207917690277 0.81165999174118 0.837809920310974 0.835315585136414 0.751940548419952 0.664415180683136 0.672075927257538 0.717313528060913 0.726820945739746 0.620249330997467
-3.4e+38 0.666202366352081 0.720994472503662 0.782286584377289 0.783188164234161 0.802197158336639 0.817789018154144 0.789880990982056 0.765240967273712 0.786809325218201 0.810922682285309 0.803464770317078 0.837040543556213 0.813043594360352 0.765352308750153 0.701295077800751 0.574784636497498 0.66967648267746 0.664243519306183 0.845200300216675 0.727125346660614 0.666265547275543 0.600458264350891 0.602989017963409 0.6920205950737 0.761478006839752 0.78601735830307 0.686151087284088 0.608813762664795 0.599098086357117 0.584856390953064 0.656030178070068 0.697380363941193 0.763879060745239 0.800116240978241 0.786881685256958 0.819486856460571 0.805649042129517 0.802299857139587 0.80507904291153 0.809179365634918 0.808338642120361 0.704140782356262 0.696122646331787 0.706598103046417 0.680265665054321 0.660054981708527 0.658411026000977
-3.4e+38 -3.4e+38 0.752214968204498 0.776141285896301 0.780354142189026 0.792912900447845 0.808443486690521 0.838214337825775 0.834122359752655 0.835452318191528 0.818380892276764 0.810249865055084 0.817001461982727 0.817601501941681 0.780685067176819 0.778575718402863 0.727053761482239 0.693174123764038 0.741924941539764 0.737001299858093 0.733792543411255 0.691741943359375 0.677888870239258 0.677709937095642 0.757707357406616 0.666904628276825 0.689170718193054 0.61940735578537 0.55605685710907 0.518705248832703 0.505128085613251 0.557752430438995 0.718632817268372 0.840465486049652 0.828439652919769 0.876792252063751 0.8422811627388 0.80374139547348 0.776593804359436 0.749816536903381 0.720987856388092 0.798184394836426 0.797706186771393 0.79783171415329 0.828557074069977 0.840712785720825 0.800048172473907 0.723262071609497
-339999999999999996123846586046231871488.000000000000000 -3.4e+38 0.743641495704651 0.758544564247131 0.763974249362946 0.797699332237244 0.850733458995819 0.863204300403595 0.854008495807648 0.881302893161774 0.875031352043152 0.805999159812927 0.818602561950684 0.811420261859894 0.815484225749969 0.805901885032654 0.786083400249481 0.750368118286133 0.792439222335815 0.787345409393311 0.779646635055542 0.737155199050903 0.727458775043488 0.788047850131989 0.782935798168182 0.777009129524231 0.624387085437775 0.560095191001892 0.513691604137421 0.488644540309906 0.519096434116364 0.583764314651489 0.697050929069519 0.856025099754333 0.84744656085968 0.867918133735657 0.836741387844086 0.818283140659332 0.815023839473724 0.771604359149933 0.759716510772705 0.751978278160095 0.813188493251801 0.835191309452057 0.863260269165039 0.853626728057861 0.839675545692444 0.78802478313446
-3.4e+38 -3.4e+38 -3.4e+38 0.755715072154999 0.744202852249146 0.785701751708984 0.802249491214752 0.823400437831879 0.842358589172363 0.829641819000244 0.832171976566315 0.790603220462799 0.762079775333405 0.823513984680176 0.866140067577362 0.81632387638092 0.764216303825378 0.714310526847839 0.786351323127747 0.804018139839172 0.797892510890961 0.782704174518585 0.770312428474426 0.790521562099457 0.825922429561615 0.784831285476685 0.659747421741486 0.580529034137726 0.51437908411026 0.468716084957123 0.485998660326004 0.502636611461639 0.604257524013519 0.847892284393311 0.864125788211823 0.850430250167847 0.84308910369873 0.819352746009827 0.812663614749908 0.710002481937408 0.696193039417267 0.755930960178375 0.803057849407196 0.832679808139801 0.82533985376358 0.792275130748749 0.794442176818848 0.777299046516418
-3.4e+38 -3.4e+38 -3.4e+38 -3.4e+38 -3.4e+38 0.791012167930603 0.76865553855896 0.77278870344162 0.790901184082031 0.838550090789795 0.830831468105316 0.811566770076752 0.782538175582886 0.857352137565613 0.890054523944855 0.78384792804718 0.747742235660553 0.672480285167694 0.728818714618683 0.76835972070694 0.784136295318604 0.788872420787811 0.781855642795563 0.771182954311371 0.839375555515289 0.834348559379578 0.662600755691528 0.571092486381531 0.489631026983261 0.471039116382599 0.478710383176804 0.485033988952637 0.507911920547485 0.698899388313293 0.86393415927887 0.861691474914551 0.780439019203186 0.69957447052002 0.677096843719482 0.652302443981171 0.611189305782318 0.764402687549591 0.802558362483978 0.842059671878815 0.818758845329285 0.762763142585754 0.749419510364532 0.719324469566345
-3.4e+38 -3.4e+38 -3.4e+38 -3.4e+38 -3.4e+38 -3.4e+38 -3.4e+38 0.776128053665161 0.784859299659729 0.816830217838287 0.823553681373596 0.778065919876099 0.818549513816833 0.846551418304443 0.850630223751068 0.781658172607422 0.695944726467133 0.7357097864151 0.708945274353027 0.788431942462921 0.742503464221954 0.796265184879303 0.740855515003204 0.806056261062622 0.805757403373718 0.760147571563721 0.656591951847076 0.58342581987381 0.528019666671753 0.507871985435486 0.519773244857788 0.515251159667969 0.483670771121979 0.465132087469101 0.548209369182587 0.594617545604706 0.534409642219543 0.573194861412048 0.547625243663788 0.563948571681976 0.68077164888382 0.80144065618515 0.812514662742615 0.851336061954498 0.794881463050842 0.696871817111969 0.673265039920807 0.651165187358856
-3.4e+38 -3.4e+38 -3.4e+38 -3.4e+38 -3.4e+38 -3.4e+38 -3.4e+38 -3.4e+38 -3.4e+38 -3.4e+38 -3.4e+38 0.789261400699615 0.766592502593994 0.734762012958527 0.723749697208405 0.694087624549866 0.690300703048706 0.749317824840546 0.704591691493988 0.818240523338318 0.719933569431305 0.737672448158264 0.723408579826355 0.724888861179352 0.68334686756134 0.708096981048584 0.675491213798523 0.595887839794159 0.566051661968231 0.562540471553802 0.553939819335938 0.52943229675293 0.493346482515335 0.48231104016304 0.454912155866623 0.465927422046661 0.474750280380249 0.488307774066925 0.489011496305466 0.561613619327545 0.655858516693115 0.753310918807983 0.784130036830902 0.846033990383148 0.803872346878052 0.692638754844666 0.60588264465332 0.576680660247803
-3.4e+38 -3.4e+38 -3.4e+38 -3.4e+38 -3.4e+38 -3.4e+38 -3.4e+38 -3.4e+38 -3.4e+38 -3.4e+38 -3.4e+38 -3.4e+38 0.748894155025482 0.718628525733948 0.708281755447388 0.62028956413269 0.63800436258316 0.715773284435272 0.695496380329132 0.770410418510437 0.714410483837128 0.709046721458435 0.69436639547348 0.68768322467804 0.794515788555145 0.759649634361267 0.779142200946808 0.780244469642639 0.605683088302612 0.57913464307785 0.569432079792023 0.542285561561584 0.557847380638123 0.496588915586472 0.475722134113312 0.456941992044449 0.45167550444603 0.444261610507965 0.45791357755661 0.52857780456543 0.557581841945648 0.647282600402832 0.719017207622528 0.813958048820496 0.768055617809296 0.669249773025513 0.594411373138428 0.536629199981689
-3.4e+38 -3.4e+38 -3.4e+38 -3.4e+38 -3.4e+38 -3.4e+38 -3.4e+38 -3.4e+38 -3.4e+38 -3.4e+38 -3.4e+38 -3.4e+38 -3.4e+38 -3.4e+38 0.697349369525909 0.654049038887024 0.648880422115326 0.67084401845932 0.721902906894684 0.702794790267944 0.75608766078949 0.759673833847046 0.704267084598541 0.685475409030914 0.815695285797119 0.752340018749237 0.880711138248444 0.853451490402222 0.711307764053345 0.603543996810913 0.649872124195099 0.580533444881439 0.595340371131897 0.533278822898865 0.512362539768219 0.484044373035431 0.462323397397995 0.441641956567764 0.440482616424561 0.451409816741943 0.619253396987915 0.625904083251953 0.631298363208771 0.717621326446533 0.80857914686203 0.714007079601288 0.599166452884674 0.541110455989838
-3.4e+38 -3.4e+38 -3.4e+38 -3.4e+38 -3.4e+38 -3.4e+38 -3.4e+38 -3.4e+38 -3.4e+38 -3.4e+38 -3.4e+38 -3.4e+38 -3.4e+38 -3.4e+38 -3.4e+38 0.676292836666107 0.680004060268402 0.689113736152649 0.715535879135132 0.726809561252594 0.759900748729706 0.754603743553162 0.707971572875977 0.726820886135101 0.765764892101288 0.700604736804962 0.881906807422638 0.907065987586975 0.832187116146088 0.672686159610748 0.704953372478485 0.732925593852997 0.767769813537598 0.685150265693665 0.592282474040985 0.515484511852264 0.519520342350006 0.473393827676773 0.468518793582916 0.462125480175018 0.485996633768082 0.524901509284973 0.709135830402374 0.655333817005157 0.728182733058929 0.784848570823669 0.668900609016418 0.631928741931915
-3.4e+38 -3.4e+38 -3.4e+38 -3.4e+38 -3.4e+38 -3.4e+38 -3.4e+38 -3.4e+38 -3.4e+38 -3.4e+38 -3.4e+38 -3.4e+38 -3.4e+38 -3.4e+38 -3.4e+38 -3.4e+38 -3.4e+38 0.707705497741699 0.729235887527466 0.755525708198547 0.770800054073334 0.781356990337372 0.758076310157776 0.788430094718933 0.685885846614838 0.718057036399841 0.857599258422852 0.906373500823975 0.837686538696289 0.758261799812317 0.782845318317413 0.84187263250351 0.881476819515228 0.801414370536804 0.69704407453537 0.585021317005157 0.568759441375732 0.671263694763184 0.52611917257309 0.431472390890121 0.410528212785721 0.462713479995728 0.529487729072571 0.516646325588226 0.602195918560028 0.732767343521118 0.74640953540802 0.705805242061615
-3.4e+38 -3.4e+38 -3.4e+38 -3.4e+38 -3.4e+38 -3.4e+38 -3.4e+38 -3.4e+38 -3.4e+38 -3.4e+38 -3.4e+38 -3.4e+38 -3.4e+38 -3.4e+38 -3.4e+38 -3.4e+38 -3.4e+38 -3.4e+38 0.776476383209229 0.801408588886261 0.789478361606598 0.766746401786804 0.746776700019836 0.83748984336853 0.681713700294495 0.762612164020538 0.872586250305176 0.8173588514328 0.790738105773926 0.745949029922485 0.82959395647049 0.778387129306793 0.8553666472435 0.799953818321228 0.708816528320312 0.695681154727936 0.681236386299133 0.718629837036133 0.709728837013245 0.499993294477463 0.45443856716156 0.414095282554626 0.424998164176941 0.461929559707642 0.573977410793304 0.758023262023926 0.67730987071991 0.631676614284515
-3.4e+38 -3.4e+38 -3.4e+38 -3.4e+38 -3.4e+38 -3.4e+38 -3.4e+38 -3.4e+38 -3.4e+38 -3.4e+38 -3.4e+38 -3.4e+38 -3.4e+38 -3.4e+38 -3.4e+38 -3.4e+38 -3.4e+38 -3.4e+38 0.781791031360626 0.79971444606781 0.791942954063416 0.786228001117706 0.755610287189484 0.830365419387817 0.741440534591675 0.855784893035889 0.916578888893127 0.843394994735718 0.727139055728912 0.761215627193451 0.801199734210968 0.831008076667786 0.874717235565186 0.81530749797821 0.773657739162445 0.795945048332214 0.749014377593994 0.6345454454422 0.593348503112793 0.504873991012573 0.453800320625305 0.538482546806335 0.502226114273071 0.621863842010498 0.558377742767334 0.671979367733002 0.571265161037445 0.528862535953522
-3.4e+38 -3.4e+38 -3.4e+38 -3.4e+38 -3.4e+38 -3.4e+38 -3.4e+38 -3.4e+38 -3.4e+38 -3.4e+38 -3.4e+38 -3.4e+38 -3.4e+38 -3.4e+38 -3.4e+38 -3.4e+38 -3.4e+38 -3.4e+38 -3.4e+38 0.780819177627563 0.789320528507233 0.801775693893433 0.779563367366791 0.767003238201141 0.787779867649078 0.807047665119171 0.890029311180115 0.900807499885559 0.791481137275696 0.741645514965057 0.81919914484024 0.859922349452972 0.858705341815948 0.834475517272949 0.776477873325348 0.777982532978058 0.787672102451324 0.737438380718231 0.608612954616547 0.519577205181122 0.484991878271103 0.597433805465698 0.654516518115997 0.744052231311798 0.651885628700256 0.590942859649658 0.598026216030121 0.667632400989532
-3.4e+38 -3.4e+38 -3.4e+38 -3.4e+38 -3.4e+38 -3.4e+38 -3.4e+38 -3.4e+38 -3.4e+38 -3.4e+38 -3.4e+38 -3.4e+38 -3.4e+38 -3.4e+38 -3.4e+38 -3.4e+38 -3.4e+38 -3.4e+38 -3.4e+38 -3.4e+38 0.767802178859711 0.791573166847229 0.807451069355011 0.800931453704834 0.793387889862061 0.7913618683815 0.799975335597992 0.79690283536911 0.812417209148407 0.784331738948822 0.791949689388275 0.84624844789505 0.849760949611664 0.805199563503265 0.792344033718109 0.777091264724731 0.701601147651672 0.711384296417236 0.674304723739624 0.623496770858765 0.577600955963135 0.617789685726166 0.66434770822525 0.74897825717926 0.816941738128662 0.760303676128387 0.664890646934509 0.688839972019196
-339999999999999996123846586046231871488.000000000000000 -3.4e+38 -3.4e+38 -3.4e+38 -3.4e+38 -3.4e+38 -3.4e+38 -3.4e+38 -3.4e+38 -3.4e+38 -3.4e+38 -3.4e+38 -3.4e+38 -3.4e+38 -3.4e+38 -3.4e+38 -3.4e+38 -3.4e+38 -3.4e+38 -3.4e+38 0.775833010673523 0.77411675453186 0.790988326072693 0.812379121780396 0.82357120513916 0.813722908496857 0.81650310754776 0.811928868293762 0.817260205745697 0.817411005496979 0.816659271717072 0.812545359134674 0.790193974971771 0.803032279014587 0.79952609539032 0.761495590209961 0.757969498634338 0.66969233751297 0.688071966171265 0.634446024894714 0.583580732345581 0.638537704944611 0.723130464553833 0.729258894920349 0.804141461849213 0.845209836959839 0.834652781486511 0.766668438911438
-3.4e+38 -3.4e+38 -3.4e+38 -3.4e+38 -3.4e+38 -3.4e+38 -3.4e+38 -3.4e+38 -3.4e+38 -3.4e+38 -3.4e+38 -3.4e+38 -3.4e+38 -3.4e+38 -3.4e+38 -3.4e+38 -3.4e+38 -3.4e+38 -3.4e+38 -3.4e+38 -3.4e+38 -3.4e+38 -3.4e+38 0.796557247638702 0.822122037410736 0.827865600585938 0.833849608898163 0.833977460861206 0.844974517822266 0.846944630146027 0.842602372169495 0.828559219837189 0.810565114021301 0.799861788749695 0.781430542469025 0.744727909564972 0.733685493469238 0.703700304031372 0.688667416572571 0.662289261817932 0.693168938159943 0.733354449272156 0.779115974903107 0.794844031333923 0.800952911376953 0.848074674606323 0.926945447921753 0.913937866687775
-3.4e+38 -3.4e+38 -3.4e+38 -3.4e+38 -3.4e+38 -3.4e+38 -3.4e+38 -3.4e+38 -3.4e+38 -3.4e+38 -3.4e+38 -3.4e+38 -3.4e+38 -3.4e+38 -3.4e+38 -3.4e+38 -3.4e+38 -3.4e+38 -3.4e+38 -3.4e+38 -3.4e+38 -3.4e+38 -3.4e+38 -3.4e+38 -3.4e+38 -3.4e+38 -3.4e+38 0.819429099559784 0.83801257610321 0.849186778068542 0.845250129699707 0.839285850524902 0.812546789646149 0.803301751613617 0.791298747062683 0.766766965389252 0.758353710174561 0.746207773685455 0.728289365768433 0.721109390258789 0.764244675636292 0.802818894386292 0.821689367294312 0.833661794662476 0.832788467407227 0.828543722629547 0.90361100435257 0.92253178358078
