data/climate_estimation/maxent_output/Schoenocaulon_macrocarpum.asc
NCOLS 79 
NROWS 86 
XLLCORNER -106.416666666667 
YLLCORNER 21.5833333333333 
CELLSIZE 0.0833333333333333 
NODATA_value -3.4e+38 
[rows 20 to 39 of 86, columns 0 to 43 of 79]
0.835661828517914 0.818680167198181 0.868761479854584 0.875088155269623 0.91465175151825 0.885732114315033 0.90345561504364 0.908664286136627 0.867255210876465 0.846523106098175 0.837253332138062 0.820380032062531 0.807079315185547 0.803576231002808 0.785533010959625 0.761343419551849 0.738967597484589 0.724557340145111 0.700746357440948 0.692700803279877 0.709943771362305 0.74497127532959 0.78108549118042 0.73535543680191 0.69843977689743 0.729977011680603 0.791385054588318 0.727889597415924 0.707335889339447 0.701448976993561 0.672227203845978 0.660004854202271 0.649093627929688 0.608925938606262 0.570005059242249 0.532594621181488 0.53227287530899 0.684018969535828 0.590701162815094 0.508313179016113 0.495295256376266 0.55579799413681 0.814841210842133 0.833198070526123
0.836857080459595 0.85997462272644 0.889875650405884 0.920567691326141 0.922324240207672 0.914265930652618 0.891653835773468 0.904403924942017 0.87625116109848 0.858059108257294 0.845845818519592 0.828220427036285 0.813996851444244 0.795106649398804 0.780913889408112 0.757080495357513 0.744802713394165 0.752208054065704 0.720819056034088 0.697190999984741 0.701790988445282 0.728184819221497 0.723320543766022 0.719465792179108 0.693681001663208 0.687906086444855 0.710188865661621 0.691833019256592 0.675842821598053 0.678810298442841 0.667758047580719 0.678601145744324 0.65140438079834 0.624338626861572 0.577407598495483 0.539508044719696 0.532362639904022 0.661795854568481 0.670235574245453 0.473041951656342 0.464500308036804 0.518021404743195 0.514012098312378 0.817410707473755
0.879227876663208 0.859422445297241 0.907495558261871 0.932726860046387 0.932564675807953 0.934723138809204 0.914647817611694 0.885131478309631 0.872535049915314 0.863894701004028 0.834459960460663 0.829831659793854 0.81186455488205 0.787860691547394 0.76511138677597 0.742941677570343 0.741943538188934 0.750087678432465 0.728061616420746 0.71416574716568 0.712915897369385 0.694664895534515 0.694219887256622 0.674805104732513 0.680185258388519 0.668731868267059 0.682987987995148 0.677511811256409 0.671109557151794 0.680542886257172 0.666076064109802 0.678349077701569 0.642417550086975 0.610971808433533 0.572135746479034 0.529832720756531 0.535809695720673 0.588799357414246 0.693619251251221 0.540219604969025 0.459890931844711 0.508116245269775 0.826098144054413 0.840476274490356
0.887228012084961 0.858865916728973 0.933580577373505 0.929599642753601 0.941712737083435 0.943254292011261 0.939915716648102 0.912211418151855 0.874343037605286 0.850030303001404 0.831754982471466 0.816436350345612 0.800527572631836 0.778683006763458 0.756122708320618 0.737487435340881 0.777726948261261 0.757629156112671 0.741234540939331 0.717109382152557 0.707388281822205 0.69187194108963 0.703830599784851 0.669856429100037 0.657347679138184 0.651816546916962 0.655532360076904 0.671790719032288 0.667931497097015 0.661395788192749 0.654153883457184 0.653513729572296 0.628150820732117 0.597560882568359 0.574397146701813 0.533233106136322 0.559274852275848 0.597023546695709 0.577724397182465 0.569955766201019 0.556033194065094 0.51099294424057 0.55136376619339 0.642945468425751
0.927133738994598 0.916060447692871 0.894021451473236 0.928005278110504 0.940222978591919 0.925122261047363 0.942609310150146 0.931194484233856 0.904100775718689 0.851062893867493 0.838034927845001 0.812290012836456 0.798180758953094 0.792710363864899 0.769041836261749 0.735078632831573 0.789535164833069 0.780617952346802 0.743098378181458 0.715298175811768 0.747863829135895 0.731155335903168 0.730985522270203 0.694312691688538 0.650448441505432 0.629627525806427 0.640938520431519 0.666221797466278 0.671193957328796 0.629040241241455 0.629831969738007 0.619603157043457 0.60721743106842 0.602474331855774 0.604938805103302 0.566115140914917 0.594703733921051 0.570075690746307 0.514922022819519 0.600213468074799 0.806586682796478 0.643214106559753 0.71668666601181 0.721492826938629
0.929305672645569 0.928315103054047 0.910143792629242 0.93951416015625 0.941874325275421 0.92503809928894 0.903668224811554 0.91827130317688 0.913994193077087 0.874219536781311 0.831927299499512 0.82186359167099 0.810730814933777 0.790397882461548 0.758439242839813 0.757043123245239 0.773646295070648 0.771904468536377 0.746875762939453 0.715665221214294 0.737561225891113 0.907772302627563 0.90095317363739 0.655904948711395 0.621265470981598 0.61137717962265 0.604045808315277 0.618899762630463 0.651645421981812 0.6200150847435 0.596917450428009 0.597095489501953 0.610235452651978 0.601538777351379 0.596661865711212 0.569384336471558 0.573051333427429 0.617936730384827 0.480727821588516 0.500864386558533 0.734972417354584 0.731013894081116 0.698682725429535 0.847689092159271
0.912438869476318 0.933665990829468 0.937162637710571 0.936412811279297 0.93603253364563 0.943330526351929 0.929901719093323 0.895132005214691 0.874851226806641 0.865733325481415 0.841864943504333 0.848744511604309 0.837043404579163 0.775942981243134 0.787486970424652 0.786012411117554 0.783584177494049 0.764926195144653 0.73904275894165 0.719027459621429 0.749376773834229 0.91664707660675 0.905959010124207 0.893651247024536 0.88828182220459 0.606242179870605 0.596329271793365 0.576846957206726 0.592687249183655 0.593546509742737 0.566405773162842 0.5646111369133 0.578616499900818 0.59701406955719 0.628735840320587 0.543517410755157 0.541825771331787 0.66843444108963 0.465707451105118 0.432033568620682 0.54613995552063 0.744289040565491 0.563118398189545 0.738522946834564
0.903443396091461 0.933549225330353 0.936442136764526 0.922420263290405 0.9266477227211 0.935625612735748 0.944519817829132 0.928929328918457 0.882585942745209 0.845190763473511 0.82722133398056 0.844432771205902 0.829473078250885 0.812366485595703 0.824313819408417 0.810462534427643 0.79352080821991 0.933258056640625 0.924801528453827 0.914794921875 0.914257884025574 0.923644781112671 0.906722724437714 0.906648397445679 0.894434809684753 0.599366843700409 0.570581674575806 0.571509003639221 0.568327605724335 0.55091780424118 0.546887934207916 0.532212197780609 0.540226757526398 0.559514462947845 0.611628949642181 0.50357049703598 0.494696170091629 0.687665700912476 0.508103013038635 0.400731980800629 0.421689629554749 0.717014789581299 0.387302428483963 0.691055417060852
0.912529289722443 0.929232239723206 0.927304685115814 0.93642669916153 0.920701384544373 0.937474429607391 0.946627795696259 0.933523714542389 0.873752236366272 0.861250817775726 0.868871450424194 0.836703479290009 0.799138844013214 0.803670346736908 0.822974026203156 0.835338830947876 0.81449019908905 0.940301835536957 0.929577469825745 0.922036588191986 0.912980794906616 0.906453549861908 0.907240033149719 0.898968458175659 0.886170506477356 0.878226101398468 0.876355350017548 0.544842004776001 0.530808687210083 0.512767553329468 0.518865287303925 0.496139228343964 0.501366853713989 0.496199756860733 0.596521973609924 0.472066968679428 0.453929662704468 0.608992457389832 0.628680408000946 0.423887193202972 0.41924062371254 0.637299537658691 0.399025201797485 0.675437092781067
0.913110196590424 0.930970191955566 0.93959641456604 0.944305121898651 0.943756937980652 0.94722181558609 0.948076367378235 0.933012127876282 0.872346758842468 0.843727827072144 0.904992520809174 0.880364954471588 0.824388742446899 0.874280989170074 0.848832011222839 0.846049010753632 0.837527394294739 0.946650624275208 0.936501264572144 0.923290491104126 0.915044069290161 0.910272538661957 0.908760249614716 0.893861949443817 0.884646892547607 0.884317398071289 0.56486713886261 0.854129135608673 0.515644729137421 0.499902158975601 0.49420365691185 0.480790168046951 0.45873898267746 0.449543446302414 0.620817720890045 0.462431401014328 0.416337668895721 0.593970000743866 0.580523252487183 0.407419770956039 0.460411965847015 0.786241888999939 0.618686258792877 0.664224624633789
0.914143681526184 0.918808341026306 0.921732902526855 0.925465762615204 0.93913209438324 0.942616820335388 0.944636225700378 0.929393649101257 0.853500783443451 0.819379091262817 0.874508857727051 0.892250597476959 0.846580624580383 0.880641400814056 0.892706334590912 0.86401242017746 0.82863175868988 0.781516373157501 0.942724585533142 0.931528747081757 0.922996044158936 0.913999795913696 0.902337431907654 0.889939188957214 0.885860800743103 0.879017651081085 0.873832702636719 0.533338487148285 0.5101478099823 0.495539158582687 0.46808460354805 0.473952889442444 0.43664276599884 0.430212587118149 0.464008033275604 0.408109784126282 0.400801032781601 0.558507978916168 0.519327580928802 0.381108582019806 0.458132922649384 0.610417485237122 0.635609984397888 0.333167731761932
0.914304316043854 0.915979623794556 0.920407891273499 0.931802928447723 0.947004735469818 0.948804914951324 0.934351623058319 0.924105882644653 0.872869193553925 0.829590320587158 0.828055202960968 0.865908086299896 0.871571600437164 0.863333106040955 0.893858253955841 0.887461245059967 0.84088921546936 0.794465780258179 0.801241278648376 0.753500521183014 0.720008075237274 0.924210667610168 0.899782836437225 0.890828132629395 0.611258566379547 0.582935392856598 0.581879138946533 0.528733193874359 0.510956048965454 0.47624471783638 0.459924161434174 0.431089997291565 0.410279840230942 0.399464786052704 0.402988016605377 0.381461262702942 0.373147159814835 0.426558405160904 0.392968773841858 0.352945446968079 0.369547992944717 0.40688019990921 0.448448687791824 0.500595986843109
0.905737519264221 0.909576177597046 0.917637884616852 0.912964463233948 0.918919086456299 0.948886275291443 0.930767416954041 0.944293677806854 0.937357902526855 0.873832821846008 0.785914182662964 0.801598370075226 0.844214975833893 0.86599999666214 0.840643286705017 0.886890709400177 0.851089775562286 0.832945168018341 0.80438631772995 0.757361114025116 0.740390300750732 0.682010114192963 0.637981474399567 0.636700332164764 0.623588740825653 0.576326370239258 0.576385140419006 0.527260661125183 0.519777417182922 0.48099148273468 0.456685036420822 0.4417385160923 0.406477510929108 0.385088056325912 0.374018102884293 0.365767568349838 0.364259749650955 0.353280067443848 0.352133989334106 0.343881726264954 0.324982643127441 0.326147049665451 0.320151776075363 0.334878236055374
0.905887246131897 0.911503195762634 0.915792942047119 0.920193433761597 0.937279582023621 0.949275434017181 0.926241457462311 0.937784135341644 0.95237934589386 0.909047901630402 0.79825896024704 0.752549052238464 0.780968070030212 0.836773276329041 0.811888158321381 0.844260573387146 0.874770820140839 0.86581563949585 0.805189609527588 0.751257598400116 0.726500630378723 0.66886293888092 0.653662621974945 0.639848172664642 0.609334826469421 0.611512959003448 0.579627215862274 0.560218632221222 0.544642329216003 0.476947605609894 0.478046029806137 0.454250276088715 0.427647948265076 0.362851232290268 0.350640475749969 0.348087251186371 0.337955325841904 0.334319770336151 0.325231581926346 0.316221475601196 0.315920293331146 0.323664963245392 0.303552508354187 0.293420374393463
0.898824691772461 0.907501935958862 0.91253137588501 0.919201552867889 0.941943466663361 0.950757265090942 0.933946192264557 0.933042764663696 0.952735960483551 0.928376197814941 0.853840291500092 0.7833451628685 0.734597206115723 0.764916598796844 0.821841597557068 0.737024366855621 0.815879940986633 0.872952878475189 0.81984406709671 0.764977633953094 0.710906147956848 0.711915194988251 0.696346998214722 0.65114951133728 0.655460715293884 0.640349388122559 0.586345553398132 0.59834098815918 0.539376676082611 0.469207286834717 0.452685296535492 0.43064945936203 0.374819785356522 0.352612048387527 0.348064303398132 0.337994009256363 0.325630992650986 0.321084827184677 0.310774773359299 0.308023244142532 0.299463719129562 0.298988401889801 0.284361839294434 0.282654285430908
0.87083226442337 0.87703949213028 0.900255680084229 0.912233591079712 0.944336354732513 0.949493825435638 0.943151354789734 0.929995059967041 0.946678340435028 0.952208518981934 0.93358838558197 0.876539409160614 0.807742714881897 0.730878353118896 0.77421510219574 0.702042758464813 0.731011092662811 0.831859767436981 0.841970682144165 0.770657002925873 0.73005610704422 0.760553002357483 0.736648976802826 0.667780876159668 0.637212872505188 0.597664952278137 0.564479112625122 0.618049204349518 0.553613185882568 0.472744971513748 0.456079602241516 0.593335211277008 0.427856236696243 0.342336267232895 0.327259242534637 0.323766648769379 0.310814261436462 0.311033457517624 0.299674242734909 0.300571888685226 0.297479450702667 0.283639013767242 0.284909904003143 0.265477001667023
0.859499156475067 0.867493093013763 0.89039409160614 0.897662103176117 0.898868024349213 0.951195895671844 0.94418329000473 0.930114388465881 0.936364769935608 0.948405504226685 0.948827385902405 0.900241017341614 0.875871479511261 0.795605063438416 0.707663595676422 0.705126285552979 0.653535723686218 0.697302341461182 0.79034286737442 0.807080566883087 0.748363494873047 0.734010338783264 0.768456041812897 0.695729911327362 0.618162930011749 0.585135161876678 0.617560744285583 0.673736810684204 0.543024778366089 0.752583265304565 0.521529197692871 0.529348492622375 0.527116298675537 0.362276613712311 0.316593497991562 0.310020595788956 0.302960634231567 0.291485100984573 0.328558951616287 0.32417693734169 0.273092657327652 0.276973366737366 0.264657467603683 0.256347060203552
0.864845037460327 0.879865765571594 0.860936224460602 0.839113295078278 0.881101012229919 0.940180838108063 0.948184132575989 0.950530827045441 0.946113765239716 0.947301924228668 0.949035942554474 0.891507625579834 0.850606739521027 0.852799713611603 0.738782167434692 0.757783651351929 0.629216015338898 0.588767051696777 0.655659914016724 0.800494730472565 0.795383870601654 0.731871902942657 0.697117328643799 0.713033258914948 0.635861992835999 0.557609438896179 0.679566562175751 0.783040761947632 0.636217415332794 0.713909387588501 0.792291283607483 0.408245891332626 0.434121340513229 0.401957154273987 0.301157504320145 0.284633994102478 0.275905936956406 0.271771341562271 0.305317848920822 0.301099002361298 0.269663721323013 0.250380307435989 0.257048517465591 0.273673266172409
0.840536296367645 0.880638599395752 0.876781821250916 0.853987753391266 0.856116473674774 0.934827923774719 0.928523182868958 0.949961364269257 0.945431590080261 0.944549798965454 0.94687819480896 0.88723349571228 0.842195570468903 0.776313304901123 0.708972096443176 0.70873087644577 0.668614625930786 0.659070611000061 0.574427843093872 0.708669066429138 0.812106788158417 0.712657690048218 0.637493133544922 0.602133572101593 0.568722546100616 0.476310312747955 0.471134334802628 0.600807011127472 0.693189144134521 0.612429916858673 0.781266570091248 0.393561661243439 0.32657578587532 0.336383849382401 0.29943460226059 0.286037117242813 0.249743744730949 0.274859488010406 0.273668706417084 0.280868828296661 0.260364681482315 0.244999304413795 0.271194040775299 0.409596234560013
0.809032261371613 0.85772043466568 0.884270012378693 0.886530578136444 0.874710500240326 0.870280265808105 0.947252511978149 0.944035708904266 0.945001363754272 0.933750808238983 0.919011533260345 0.925692200660706 0.851924121379852 0.797800600528717 0.70724493265152 0.741293430328369 0.757248640060425 0.711922883987427 0.54698646068573 0.632953941822052 0.694441497325897 0.594513952732086 0.673439145088196 0.608779728412628 0.476948857307434 0.414921790361404 0.38578400015831 0.436310440301895 0.590177595615387 0.551364600658417 0.720036149024963 0.444313049316406 0.314586579799652 0.358425348997116 0.357945263385773 0.333832234144211 0.300685971975327 0.277351588010788 0.275283128023148 0.280092716217041 0.270659208297729 0.253282994031906 0.242102682590485 0.235531136393547
