data/climate_estimation/maxent_output/Schoenocaulon_madidorum.asc
NCOLS 27 
NROWS 65 
XLLCORNER -99.5 
YLLCORNER 18.6666666666667 
CELLSIZE 0.0833333333333333 
NODATA_value -3.4e+38 
[rows 0 to 32 of 65, columns 0 to 26 of 27]
0.223338454961777 0.123739331960678 0.0610304027795792 0.0573521070182323 0.0713704004883766 0.0676825344562531 0.0666677802801132 0.0515614449977875 0.0512649156153202 0.054778516292572 0.0652082115411758 0.0620655454695225 0.0580274313688278 0.05879857391119 0.0382373631000519 0.0418486073613167 0.0482843741774559 0.0470452345907688 0.0474662818014622 0.0456381365656853 0.0456772521138191 0.0478918887674809 -3.4e+38 -3.4e+38 -3.4e+38 -3.4e+38 -3.4e+38
0.438656657934189 0.150393679738045 0.0661544129252434 0.0569170862436295 0.0537144802510738 0.068319171667099 0.0677387565374374 0.067176878452301 0.0532742775976658 0.0558258928358555 0.067371666431427 0.0664497390389442 0.0603903010487556 0.0390556529164314 0.0395552143454552 0.0419684164226055 0.054760068655014 0.0508425906300545 0.0492438860237598 0.0488415770232677 0.04935447499156 0.0510744154453278 -3.4e+38 -3.4e+38 -3.4e+38 -3.4e+38 -3.4e+38
0.671960473060608 0.326337039470673 0.103340372443199 0.0625297650694847 0.0556129552423954 0.0543763339519501 0.0534405708312988 0.0544492974877357 0.0557273253798485 0.0570738986134529 0.0735319703817368 0.051726970821619 0.0451528131961823 0.0424256213009357 0.0423677042126656 0.0425785705447197 0.0483518876135349 0.0529064685106277 0.0528832823038101 0.0524968653917313 0.0526411384344101 0.0532284528017044 -3.4e+38 -3.4e+38 -3.4e+38 -3.4e+38 -3.4e+38
0.360987782478333 0.383498758077621 0.164974272251129 0.0979662016034126 0.059837244451046 0.0561537891626358 0.0555136278271675 0.0588770546019077 0.059084627777338 0.0594443939626217 0.0746728330850601 0.0596863441169262 0.0522623546421528 0.0454846620559692 0.0449882037937641 0.0426706746220589 0.0459527783095837 0.0501747690141201 0.0528702512383461 0.0528019927442074 0.0553519390523434 0.0574950501322746 -3.4e+38 -3.4e+38 -3.4e+38 -3.4e+38 -3.4e+38
0.252734363079071 0.302747786045074 0.338882923126221 0.135092616081238 0.0678517445921898 0.0620292760431767 0.0599344074726105 0.0601441934704781 0.0741189122200012 0.0641379952430725 0.07326640188694 0.0631507411599159 0.0621672831475735 0.0532446876168251 0.0486651808023453 0.0447877272963524 0.0486304759979248 0.0536837689578533 0.0621491707861423 0.0598080419003963 0.0599098429083824 0.0596349500119686 -3.4e+38 -3.4e+38 -3.4e+38 -3.4e+38 -3.4e+38
0.270862728357315 0.143796980381012 0.201949253678322 0.202411085367203 0.105666786432266 0.069284662604332 0.0631024017930031 0.0602900609374046 0.0770118534564972 0.0646373182535172 0.0753559023141861 0.0615384876728058 0.0743261873722076 0.0627782717347145 0.0553789474070072 0.0523607023060322 0.0534062944352627 0.0586266405880451 0.06843052059412 0.0669332817196846 0.0650546029210091 0.0655814409255981 -3.4e+38 -3.4e+38 -3.4e+38 -3.4e+38 -3.4e+38
0.26411908864975 0.184708163142204 0.196685329079628 0.349117487668991 0.195562720298767 0.105506934225559 0.0654772445559502 0.0630150064826012 0.0794579908251762 0.0696968510746956 0.0552824288606644 0.0704193413257599 0.0802437588572502 0.0811255946755409 0.0665099993348122 0.0581379644572735 0.0881820395588875 0.0916077494621277 0.0708389729261398 0.0700329393148422 0.0678698495030403 -3.4e+38 -3.4e+38 -3.4e+38 -3.4e+38 -3.4e+38 -3.4e+38
0.263611853122711 0.189640402793884 0.149494618177414 0.206535995006561 0.170222282409668 0.11005087941885 0.0752322524785995 0.0749789029359818 0.0863480046391487 0.0807877257466316 0.0718659609556198 0.0968752503395081 0.0953530967235565 0.098181240260601 0.0811941102147102 0.0684733092784882 0.098116934299469 0.098051056265831 0.110991284251213 0.107833914458752 0.104224108159542 -3.4e+38 -3.4e+38 -3.4e+38 -3.4e+38 -3.4e+38 -3.4e+38
0.264072716236115 0.208350956439972 0.375788688659668 0.201686963438988 0.105732396245003 0.0954032316803932 0.0797429829835892 0.0803325027227402 0.095234639942646 0.108288019895554 0.127129510045052 0.18827386200428 0.124877221882343 0.122736290097237 0.108341842889786 0.0909304618835449 0.11461353302002 0.107691884040833 0.116651073098183 0.115475252270699 0.106691591441631 -3.4e+38 -3.4e+38 -3.4e+38 -3.4e+38 -3.4e+38 -3.4e+38
0.336557418107986 0.333015829324722 0.565846025943756 0.244814828038216 0.136332675814629 0.0955762043595314 0.0886705666780472 0.095258541405201 0.0950013175606728 0.108990840613842 0.144695922732353 0.173622354865074 0.217983201146126 0.236141353845596 0.185947045683861 0.15801590681076 0.126977577805519 0.114793293178082 0.12234853208065 0.121798507869244 0.115196093916893 -3.4e+38 -3.4e+38 -3.4e+38 -3.4e+38 -3.4e+38 -3.4e+38
0.413015842437744 0.411883294582367 0.513986349105835 0.265484273433685 0.127846136689186 0.106349460780621 0.0939151421189308 0.0970303416252136 0.094512552022934 0.115599133074284 0.146535873413086 0.167810022830963 0.221975103020668 0.262938857078552 0.238975122570992 0.179868578910828 0.142086192965508 0.123234502971172 0.119891189038754 0.130024686455727 0.120765030384064 -3.4e+38 -3.4e+38 -3.4e+38 -3.4e+38 -3.4e+38 -3.4e+38
0.333278805017471 0.289138644933701 0.516673922538757 0.3634212911129 0.0947718694806099 0.108999773859978 0.103230774402618 0.0943191722035408 0.0976733341813087 0.111002534627914 0.136599227786064 0.15516896545887 0.172796115279198 0.206503167748451 0.199625924229622 0.175458207726479 0.146198064088821 0.139685034751892 0.129186257719994 0.129663944244385 0.12882125377655 -3.4e+38 -3.4e+38 -3.4e+38 -3.4e+38 -3.4e+38 -3.4e+38
0.249001830816269 0.275352090597153 0.521681368350983 0.29836118221283 0.10594280064106 0.0947002321481705 0.0942087471485138 0.095264159142971 0.100115962326527 0.108014188706875 0.120571918785572 0.10959979146719 0.126343548297882 0.152728140354156 0.171605721116066 0.165695682168007 0.145889028906822 0.161748349666595 0.165270701050758 0.14698526263237 0.137840703129768 -3.4e+38 -3.4e+38 -3.4e+38 -3.4e+38 -3.4e+38 -3.4e+38
0.19357106089592 0.204382210969925 0.246640980243683 0.174177795648575 0.105058863759041 0.0974029004573822 0.097506545484066 0.0980351194739342 0.0995685309171677 0.101310908794403 0.106939107179642 0.093710795044899 0.112702623009682 0.122570499777794 0.133097574114799 0.14369860291481 0.147097766399384 0.164387077093124 0.163638159632683 0.150284662842751 0.105168752372265 -3.4e+38 -3.4e+38 -3.4e+38 -3.4e+38 -3.4e+38 -3.4e+38
0.125064060091972 0.149798601865768 0.16885407269001 0.120841421186924 0.109722174704075 0.104531869292259 0.103214047849178 0.0999296307563782 0.0773705095052719 0.0748500898480415 0.0797469243407249 0.0867639780044556 0.100045591592789 0.11790194362402 0.121722407639027 0.130366027355194 0.102573744952679 0.150564417243004 0.146117404103279 0.109160482883453 0.107832752168179 -3.4e+38 -3.4e+38 -3.4e+38 -3.4e+38 -3.4e+38 -3.4e+38
0.130222037434578 0.118536457419395 0.120751656591892 0.131539225578308 0.123129546642303 0.110896617174149 0.0864465162158012 0.0823408588767052 0.0772086381912231 0.0744045227766037 0.0795133858919144 0.0872387513518333 0.0947222337126732 0.109997868537903 0.119821012020111 0.090192936360836 0.098229207098484 0.102832302451134 0.106917753815651 0.109073042869568 0.111221805214882 -3.4e+38 -3.4e+38 -3.4e+38 -3.4e+38 -3.4e+38 -3.4e+38
0.162061721086502 0.117985717952251 0.116415694355965 0.130113109946251 0.104294307529926 0.106233850121498 0.0942472964525223 0.0855929106473923 0.0827661901712418 0.0812119618058205 0.0822829008102417 0.0867759138345718 0.0970575138926506 0.109499841928482 0.0821731463074684 0.0889072269201279 0.0992620214819908 0.104366175830364 0.109080493450165 0.112593717873096 0.111717440187931 -3.4e+38 -3.4e+38 -3.4e+38 -3.4e+38 -3.4e+38 -3.4e+38
0.211115553975105 0.125863268971443 0.121276848018169 0.145564183592796 0.107210136950016 0.112601310014725 0.096714623272419 0.0916900411248207 0.0868466719985008 0.0854186862707138 0.0844331309199333 0.0887401849031448 0.100095495581627 0.112867265939713 0.0846040844917297 0.0893649682402611 0.0962658375501633 0.10369685292244 0.112155087292194 0.114904977381229 -3.4e+38 -3.4e+38 -3.4e+38 -3.4e+38 -3.4e+38 -3.4e+38 -3.4e+38
0.194516912102699 0.13921631872654 0.118545569479465 0.118620052933693 0.124128080904484 0.120749071240425 0.123725190758705 0.0947908014059067 0.0912913084030151 0.0910588055849075 0.0904253646731377 0.0925743877887726 0.102259054780006 0.075794629752636 0.081905260682106 0.0874848067760468 0.100156754255295 0.104605436325073 0.112177528440952 0.114307336509228 -3.4e+38 -3.4e+38 -3.4e+38 -3.4e+38 -3.4e+38 -3.4e+38 -3.4e+38
0.263032227754593 0.208965435624123 0.120033726096153 0.122058369219303 0.127600505948067 0.131664931774139 0.14324015378952 0.0942787975072861 0.0927139073610306 0.0945070460438728 0.0945413857698441 0.0972679257392883 0.0682996511459351 0.0753127709031105 0.0789360255002975 0.088272713124752 0.0967598631978035 0.104643233120441 0.112172812223434 0.116402179002762 -3.4e+38 -3.4e+38 -3.4e+38 -3.4e+38 -3.4e+38 -3.4e+38 -3.4e+38
0.242536932229996 0.247303932905197 0.125869661569595 0.127278789877892 0.119714677333832 0.125981464982033 0.162420183420181 0.0979301631450653 0.0982860997319221 0.098987303674221 0.0983840748667717 0.101131021976471 0.0708004981279373 0.0743322446942329 0.081987276673317 0.0904265865683556 0.0968824177980423 0.106880582869053 0.111730799078941 0.117878124117851 0.11691402643919 -3.4e+38 -3.4e+38 -3.4e+38 -3.4e+38 -3.4e+38 -3.4e+38
0.272950142621994 0.208952978253365 0.136456519365311 0.131319314241409 0.115460693836212 0.113525971770287 0.144374459981918 0.113443315029144 0.100688084959984 0.103539735078812 0.103637956082821 0.0710528567433357 0.0730181336402893 0.0790402516722679 0.0871198177337646 0.0929463058710098 0.100270792841911 0.107458807528019 0.112028449773788 0.119432710111141 0.118535436689854 -3.4e+38 -3.4e+38 -3.4e+38 -3.4e+38 -3.4e+38 -3.4e+38
0.296019971370697 0.196047931909561 0.140375047922134 0.128887951374054 0.108709491789341 0.113053128123283 0.132255509495735 0.113531693816185 0.100491583347321 0.102628871798515 0.0689399689435959 0.0728384852409363 0.0781004577875137 0.0824095234274864 0.0896716564893723 0.0929025039076805 0.0977151691913605 0.105376288294792 0.109318524599075 0.116363778710365 0.118061929941177 -3.4e+38 -3.4e+38 -3.4e+38 -3.4e+38 -3.4e+38 -3.4e+38
0.246892154216766 0.177018865942955 0.141101181507111 0.114726923406124 0.108088612556458 0.104124650359154 0.120602734386921 0.112826988101006 0.098516657948494 0.103717289865017 0.0697567090392113 0.0729251503944397 0.0781683176755905 0.0822787806391716 0.0879863128066063 0.0931083336472511 0.098674014210701 0.10351687669754 0.105929896235466 0.108845196664333 0.111870415508747 -3.4e+38 -3.4e+38 -3.4e+38 -3.4e+38 -3.4e+38 -3.4e+38
0.241958066821098 0.174812108278275 0.133480489253998 0.121037766337395 0.0998277142643929 0.0915410667657852 0.109839834272861 0.108554318547249 0.0953804850578308 0.0666478723287582 0.0699005424976349 0.0748085081577301 0.0791558846831322 0.0838430151343346 0.0872625038027763 0.0928860083222389 0.0974846556782722 0.0997246652841568 0.104709640145302 0.105205938220024 0.106371700763702 0.105924941599369 -3.4e+38 -3.4e+38 -3.4e+38 -3.4e+38 -3.4e+38
0.230505257844925 0.132054969668388 0.123132660984993 0.117192886769772 0.103481307625771 0.0846991688013077 0.0873866230249405 0.091541513800621 0.0945009142160416 0.0632285550236702 0.0694560036063194 0.0732703730463982 0.0795183405280113 0.0818371772766113 0.0867854803800583 0.0908693373203278 0.0925843790173531 0.0973814725875854 0.102656163275242 0.103254564106464 0.103272996842861 0.10385812073946 -3.4e+38 -3.4e+38 -3.4e+38 -3.4e+38 -3.4e+38
0.232510700821877 0.168967068195343 0.125552475452423 0.123424760997295 0.111098058521748 0.0813886746764183 0.081312969326973 0.0863860622048378 0.0894304141402245 0.0975700542330742 0.0676557570695877 0.0711505487561226 0.0774946585297585 0.0821232944726944 0.0870646983385086 0.0913527458906174 0.0923547744750977 0.095551960170269 0.100290827453136 0.100099295377731 0.10252471268177 0.0987709984183311 0.100619770586491 -3.4e+38 -3.4e+38 -3.4e+38 -3.4e+38
0.203301727771759 0.183901235461235 0.114326618611813 0.115013100206852 0.10098397731781 0.0849912837147713 0.0815775468945503 0.0849593430757523 0.0910639688372612 0.0977937877178192 0.100388161838055 0.0696193799376488 0.0756998881697655 0.080670103430748 0.0825325101613998 0.0863265842199326 0.087370753288269 0.0925881639122963 0.0946235507726669 0.0950746238231659 0.0990243479609489 0.0980115979909897 0.0971525683999062 0.0976172462105751 -3.4e+38 -3.4e+38 -3.4e+38
0.158405721187592 0.14698526263237 0.129400283098221 0.123704612255096 0.120901688933372 0.086653009057045 0.0823741555213928 0.0887557789683342 0.0932010039687157 0.0976699888706207 0.0995542481541634 0.0690011978149414 0.0732648074626923 0.0782084316015244 0.0829454883933067 0.0835994929075241 0.0867103561758995 0.0901792347431183 0.0940299034118652 0.0931472554802895 0.0945397615432739 0.0941569358110428 0.0934143736958504 0.0996070206165314 0.100959226489067 -3.4e+38 -3.4e+38
0.176991403102875 0.137828901410103 0.12158365547657 0.140704229474068 0.172529622912407 0.102129839360714 0.0869274884462357 0.0944700166583061 0.0947620123624802 0.0933532118797302 0.0953882932662964 0.0689598247408867 0.071141742169857 0.0739191770553589 0.0805247873067856 0.0838420391082764 0.0833848938345909 0.0857662335038185 0.0883241146802902 0.0898186340928078 0.0908926799893379 0.0902215838432312 0.0889959633350372 0.0972224771976471 0.100517742335796 0.10082982480526 -3.4e+38
0.177532613277435 0.137429684400558 0.173635929822922 0.234311744570732 0.238503009080887 0.154290795326233 0.12298671901226 0.0893296524882317 0.0872839689254761 0.089800238609314 0.0954668298363686 0.0680767595767975 0.0697696655988693 0.110282950103283 0.117956854403019 0.0834389477968216 0.0833538919687271 0.118451453745365 0.118548974394798 0.119970105588436 0.0832765772938728 0.0855212733149529 0.0884416550397873 0.0955357179045677 0.0946802422404289 0.101395323872566 0.105698883533478
0.145422860980034 0.144773840904236 0.240582749247551 0.401092290878296 0.471643626689911 0.233246758580208 0.12321238219738 0.0880353972315788 0.0865595862269402 0.0907518267631531 0.0929739251732826 0.0989097580313683 0.103495016694069 0.10792376101017 0.113605670630932 0.12031589448452 0.116295486688614 0.113801173865795 0.113687135279179 0.111356936395168 0.113135755062103 0.0849875882267952 0.0857751443982124 0.088943175971508 0.093853123486042 0.100535541772842 -3.4e+38
0.233759239315987 0.149764850735664 0.270055770874023 0.562154591083527 0.652544558048248 0.282107442617416 0.153433501720428 0.1161874756217 0.0902016311883926 0.10276697576046 0.095943421125412 0.0951889976859093 0.100434236228466 0.102420911192894 0.111283525824547 0.116535343229771 0.114382937550545 0.110914252698421 0.110234543681145 0.112933114171028 0.117670081555843 0.119367972016335 0.0835902765393257 0.0871183499693871 0.0901987552642822 0.0965545997023582 -3.4e+38
