data/climate_estimation/maxent_output/Schoenocaulon_plumosum.asc
NCOLS 17 
NROWS 56 
XLLCORNER -100.416666666667 
YLLCORNER 21.3333333333333 
CELLSIZE 0.0833333333333336 
NODATA_value -3.4e+38 
0.557436168193817 0.51789653301239 0.499524086713791 0.494786292314529 0.51067191362381 0.5228590965271 0.572057783603668 0.525676906108856 0.484408050775528 0.470044404268265 0.469902545213699 0.468863070011139 0.466167420148849 0.462711840867996 0.448763877153397 0.45379850268364 0.454915523529053
0.560201048851013 0.525477111339569 0.508717477321625 0.494830131530762 0.489932984113693 0.493466377258301 0.493445664644241 0.486960232257843 0.471076101064682 0.464073359966278 0.468651324510574 0.4674152135849 0.467498481273651 0.453554958105087 0.455492407083511 0.456260651350021 0.458698779344559
0.568521499633789 0.54875773191452 0.51363468170166 0.498024433851242 0.484293431043625 0.479751348495483 0.477531373500824 0.489426672458649 0.475548058748245 0.460400462150574 0.456085354089737 0.469976931810379 0.468642264604568 0.457198709249496 0.458041876554489 0.460328876972198 0.459253698587418
0.576884806156158 0.552795171737671 0.535311996936798 0.516219019889832 0.500630915164948 0.494562417268753 0.471878260374069 0.467486977577209 0.480155050754547 0.458779186010361 0.46028658747673 0.47578689455986 0.458576411008835 0.4571453332901 0.459833532571793 0.461959779262543 0.463801950216293
0.611718595027924 0.572471916675568 0.579802691936493 0.51994127035141 0.504910230636597 0.495045840740204 0.491703271865845 0.485746800899506 0.483659893274307 0.478285044431686 0.479519486427307 0.476152449846268 0.476647615432739 0.471677392721176 0.461546182632446 0.476233899593353 0.476202040910721
0.69126158952713 0.692730844020844 0.573473334312439 0.530769944190979 0.500858783721924 0.494927793741226 0.493776351213455 0.490873277187347 0.486958295106888 0.481766760349274 0.480837553739548 0.479318916797638 0.473686695098877 0.475668489933014 0.475813806056976 0.479516863822937 0.465688496828079
0.790111541748047 0.752400159835815 0.599058508872986 0.544552087783813 0.506421267986298 0.495450794696808 0.497211068868637 0.49036180973053 0.489765375852585 0.486958295106888 0.480045974254608 0.482011139392853 0.479370981454849 0.483680129051208 0.477715849876404 0.47786146402359 0.477408796548843
0.818740010261536 0.798211216926575 0.725152254104614 0.566939234733582 0.550046682357788 0.499664127826691 0.501140177249908 0.495573341846466 0.497716456651688 0.496367514133453 0.49036180973053 0.486680269241333 0.488626152276993 0.484442472457886 0.480465292930603 0.477567911148071 0.482968837022781
0.82837325334549 0.81598287820816 0.793709874153137 0.647981464862823 0.536016821861267 0.511761009693146 0.50335693359375 0.505820691585541 0.505521714687347 0.502350270748138 0.500316858291626 0.493658185005188 0.494684547185898 0.48873183131218 0.480686545372009 0.486444026231766 0.479343593120575
0.846274316310883 0.825809419155121 0.774677455425262 0.757584929466248 0.621818482875824 0.532089412212372 0.519187986850739 0.510299503803253 0.50987982749939 0.50849324464798 0.50629711151123 0.503275156021118 0.500581622123718 0.49169135093689 0.488336324691772 0.485170960426331 0.487440466880798
0.818812847137451 0.825353920459747 0.797472238540649 0.753835558891296 0.714609444141388 0.591845870018005 0.535796940326691 0.526863694190979 0.527502417564392 0.518359482288361 0.512080013751984 0.51249098777771 0.509703993797302 0.509251713752747 0.503435850143433 0.497702360153198 0.492457538843155
0.827099740505219 0.822450220584869 0.792291164398193 0.71441251039505 0.700908482074738 0.680701434612274 0.57504540681839 0.546993851661682 0.528852224349976 0.524164319038391 0.519962430000305 0.511218726634979 0.510798692703247 0.510292112827301 0.506016552448273 0.502853214740753 0.495075613260269
0.805436313152313 0.834231376647949 0.81664901971817 0.777064025402069 0.739140152931213 0.756609618663788 0.624133825302124 0.559576094150543 0.53744113445282 0.524545907974243 0.516032814979553 0.514947474002838 0.513197898864746 0.513298869132996 0.511387407779694 0.50977885723114 0.503741323947906
0.766743421554565 0.814525306224823 0.829216122627258 0.791225731372833 0.767070710659027 0.73651385307312 0.726674556732178 0.597918093204498 0.547960937023163 0.527649641036987 0.522113680839539 0.520902752876282 0.519178152084351 0.51748651266098 0.522662699222565 0.526092112064362 0.522672235965729
0.764157235622406 0.780949711799622 0.806033492088318 0.789479613304138 0.770996868610382 0.797625780105591 0.733689785003662 0.672944724559784 0.561545789241791 0.541159093379974 0.534070611000061 0.528509676456451 0.527205228805542 0.524187743663788 0.534526348114014 0.555028796195984 0.557354390621185
0.769595503807068 0.771463453769684 0.789662599563599 0.798029184341431 0.786540329456329 0.78431499004364 0.751044809818268 0.743004322052002 0.601142168045044 0.555586874485016 0.534920275211334 0.53111720085144 0.532727777957916 0.525007545948029 0.532043397426605 0.570757448673248 0.58700829744339
0.763160705566406 0.769125461578369 0.776911377906799 0.795619189739227 0.799528360366821 0.788070499897003 0.732008516788483 0.709234237670898 0.640104651451111 0.57068920135498 0.546510338783264 0.54469096660614 0.541307508945465 0.536658704280853 0.549937188625336 0.605200171470642 0.616816580295563
0.754142940044403 0.769148111343384 0.779326200485229 0.80057954788208 0.813425600528717 0.817507266998291 0.772564232349396 0.721777021884918 0.68868088722229 0.585279524326324 0.560581207275391 0.551092147827148 0.532095432281494 0.535021901130676 0.55385410785675 0.574293792247772 0.617863655090332
0.752109825611115 0.762318015098572 0.774668097496033 0.803762793540955 0.810376286506653 0.824232399463654 0.819312512874603 0.77356880903244 0.724830865859985 0.67140519618988 0.570859491825104 0.561034142971039 0.544137537479401 0.542318284511566 0.541642069816589 0.549500644207001 0.556867063045502
0.759084939956665 0.776969850063324 0.752009928226471 0.774188280105591 0.787706792354584 0.797780215740204 0.799951910972595 0.771543085575104 0.716046214103699 0.64983206987381 0.586106777191162 0.577699303627014 0.570956408977509 0.550459384918213 0.545739710330963 0.540098667144775 0.545804619789124
0.74811315536499 0.766882002353668 0.746147871017456 0.74781721830368 0.776094198226929 0.806285083293915 0.787155210971832 0.754832446575165 0.718816697597504 0.678180396556854 0.588599860668182 0.580825507640839 0.575361669063568 0.554831504821777 0.550189435482025 0.540618419647217 0.541860044002533
0.739826321601868 0.740629196166992 0.742741584777832 0.730239152908325 0.767496526241302 0.81247752904892 0.777936637401581 0.730325281620026 0.693659007549286 0.649637281894684 0.597016394138336 0.582541525363922 0.57737934589386 0.550965487957001 0.548638224601746 0.541735291481018 0.534694492816925
0.732050776481628 0.737029552459717 0.731960773468018 0.723875105381012 0.748325407505035 0.768201529979706 0.713731169700623 0.689462780952454 0.701635003089905 0.677265167236328 0.630509555339813 0.620185732841492 0.583864629268646 0.555575668811798 0.548135101795197 0.537666738033295 0.533897399902344
0.731447339057922 0.755758106708527 0.748948752880096 0.71990168094635 0.744408130645752 0.771504580974579 0.748504936695099 0.723652064800262 0.774500012397766 0.734682023525238 0.693297147750854 0.668863832950592 0.611932396888733 0.555036783218384 0.549201607704163 0.556514263153076 0.553641438484192
0.727256298065186 0.769109487533569 0.77002364397049 0.747022986412048 0.733065843582153 0.803033947944641 0.797444343566895 0.758163332939148 0.819385349750519 0.812115609645844 0.769137442111969 0.737927556037903 0.641425669193268 0.563547432422638 0.547774016857147 0.541107058525085 0.553996324539185
0.739943742752075 0.768017113208771 0.764305531978607 0.7472163438797 0.732595264911652 0.788802623748779 0.825704991817474 0.835662484169006 0.828421771526337 0.801579415798187 0.778881907463074 0.78713595867157 0.708499908447266 0.608752548694611 0.557628393173218 0.548741459846497 0.544413089752197
0.748292505741119 0.753617644309998 0.778968453407288 0.751551032066345 0.731113255023956 0.747980773448944 0.831256747245789 0.828808844089508 0.814326047897339 0.783645689487457 0.756790220737457 0.722464621067047 0.724888324737549 0.656699240207672 0.605006694793701 0.556419014930725 0.551794528961182
0.731061279773712 0.743237972259521 0.742282450199127 0.751054048538208 0.734931230545044 0.710387349128723 0.800096392631531 0.831443846225739 0.829818606376648 0.774878144264221 0.765823662281036 0.690949976444244 0.709328234195709 0.718553602695465 0.642500281333923 0.572396695613861 0.566319704055786
0.716567993164062 0.731705248355865 0.719444870948792 0.763132750988007 0.753156960010529 0.704779624938965 0.750571429729462 0.826742947101593 0.827457249164581 0.787427067756653 0.763101518154144 0.700584232807159 0.652919769287109 0.679165184497833 0.680126130580902 0.623629033565521 0.582840740680695
0.712618350982666 0.703689515590668 0.715338110923767 0.776015400886536 0.748885929584503 0.713778853416443 0.732117414474487 0.77092057466507 0.770275413990021 0.762043833732605 0.755800306797028 0.700303256511688 0.672917008399963 0.678881347179413 0.724285423755646 0.680952131748199 0.625589489936829
0.719449758529663 0.703812777996063 0.700915277004242 0.733306467533112 0.755321562290192 0.731556117534637 0.772304534912109 0.781128227710724 0.749653935432434 0.762881696224213 0.732926487922668 0.701433658599854 0.679370582103729 0.658711493015289 0.683853983879089 0.669269800186157 0.630939483642578
0.72169303894043 0.733601927757263 0.692578852176666 0.692107200622559 0.739358723163605 0.757434666156769 0.745804786682129 0.77079826593399 0.734403073787689 0.762819886207581 0.73403000831604 0.702350497245789 0.686125755310059 0.733590543270111 0.6811403632164 0.621794164180756 0.614714562892914
0.725893974304199 0.724108576774597 0.68399304151535 0.686769306659698 0.72202479839325 0.756667137145996 0.722103476524353 0.73538202047348 0.734632015228271 0.756176292896271 0.731163561344147 0.725706458091736 0.721769869327545 0.774869084358215 0.690762162208557 0.640993356704712 0.603914022445679
0.714553534984589 0.708469867706299 0.681892693042755 0.691004991531372 0.710240006446838 0.762521862983704 0.733155131340027 0.709695875644684 0.722137212753296 0.771728277206421 0.737258553504944 0.743727684020996 0.741441488265991 0.763567924499512 0.692997515201569 0.620076298713684 0.609453737735748
0.725881934165955 0.715539515018463 0.684659063816071 0.689091324806213 0.718973875045776 0.754679381847382 0.728716611862183 0.691082715988159 0.716728746891022 0.765900552272797 0.74939352273941 0.719237446784973 0.703888118267059 0.763037383556366 0.722822070121765 0.592138290405273 0.606002926826477
0.708780467510223 0.717003703117371 0.69397360086441 0.687185823917389 0.692118883132935 0.722012758255005 0.724737167358398 0.689449310302734 0.708559274673462 0.740009844303131 0.729495167732239 0.690097630023956 0.696684241294861 0.762506484985352 0.702374756336212 0.602898418903351 0.598920941352844
0.717262387275696 0.709637820720673 0.694119334220886 0.678205549716949 0.680083870887756 0.703087329864502 0.702461063861847 0.685344576835632 0.695071697235107 0.718751788139343 0.717753887176514 0.660775601863861 0.663639605045319 0.68156361579895 0.648712396621704 0.601317405700684 0.602674305438995
0.720032691955566 0.704114258289337 0.686744391918182 0.67547619342804 0.678533315658569 0.688289701938629 0.692836165428162 0.680306434631348 0.680235683917999 0.720078825950623 0.689082264900208 0.621927380561829 0.634413182735443 0.645202577114105 0.616706132888794 0.608158648014069 0.609047114849091
0.762244582176208 0.690733850002289 0.687090635299683 0.675260663032532 0.668454527854919 0.670974254608154 0.672288596630096 0.674508988857269 0.673712849617004 0.689610302448273 0.681223571300507 0.622975528240204 0.616715729236603 0.619451820850372 0.626778542995453 0.62357223033905 0.617583215236664
0.760938048362732 0.732381701469421 0.690761268138885 0.673364460468292 0.666613399982452 0.665159404277802 0.668111085891724 0.669517338275909 0.672781646251678 0.710346281528473 0.69153356552124 0.639264822006226 0.610694766044617 0.613327741622925 0.626317203044891 0.615702450275421 0.621164917945862
0.707639753818512 0.674211859703064 0.68258136510849 0.668189465999603 0.669031202793121 0.664827764034271 0.662235260009766 0.667040884494781 0.685530245304108 0.710490584373474 0.683617353439331 0.654449641704559 0.613027453422546 0.614384889602661 0.630582273006439 0.617994725704193 0.622706234455109
0.673530519008636 0.674400925636292 0.679032325744629 0.67936247587204 0.667155921459198 0.668552696704865 0.671923279762268 0.670093894004822 0.687300503253937 0.707235753536224 0.700547397136688 0.651917695999146 0.619432747364044 0.614591836929321 0.620832622051239 0.62587559223175 0.626950800418854
0.681833624839783 0.681592106819153 0.676915884017944 0.674425423145294 0.669698596000671 0.678990662097931 0.673611998558044 0.671172976493835 0.701919138431549 0.704211235046387 0.69289493560791 0.688680171966553 0.649171233177185 0.616678953170776 0.624689280986786 0.628226280212402 0.632392525672913
0.701386511325836 0.676250338554382 0.671173274517059 0.657101631164551 0.66196209192276 0.673089921474457 0.678075730800629 0.676240146160126 0.69567596912384 0.706000208854675 0.713881552219391 0.679059982299805 0.666300475597382 0.621937334537506 0.623157978057861 0.622556090354919 0.626822769641876
0.721427321434021 0.683064579963684 0.656415104866028 0.66259628534317 0.663473665714264 0.669381976127625 0.678846180438995 0.683074295520782 0.694689869880676 0.713551998138428 0.714159846305847 0.699888467788696 0.662983119487762 0.626818001270294 0.624593317508698 0.61790132522583 0.616715729236603
0.707444667816162 0.691804587841034 0.667786777019501 0.668753802776337 0.671072065830231 0.692230701446533 0.701478660106659 0.689358592033386 0.70322197675705 0.716358661651611 0.723662674427032 0.711021661758423 0.662417650222778 0.62792307138443 0.621158242225647 0.610605835914612 0.612837433815002
0.702443301677704 0.717625737190247 0.704879581928253 0.680753350257874 0.673192739486694 0.681244432926178 0.710232138633728 0.701308727264404 0.70843517780304 0.716147720813751 0.72057032585144 0.697457134723663 0.654815673828125 0.625101506710052 0.609017848968506 0.60521525144577 0.601813793182373
0.724433720111847 0.709800720214844 0.703147113323212 0.689453542232513 0.681491255760193 0.686721920967102 0.708707869052887 0.700737476348877 0.707810997962952 0.716646134853363 0.718736410140991 0.696435749530792 0.656809389591217 0.616864025592804 0.606711626052856 0.59451550245285 0.589899361133575
0.74329799413681 0.748242735862732 0.725224435329437 0.688372075557709 0.686066031455994 0.689575135707855 0.694118738174438 0.703724682331085 0.705700397491455 0.709514379501343 0.707206010818481 0.694830894470215 0.617068529129028 0.607952058315277 0.599769055843353 0.588201642036438 0.580872714519501
0.805441558361053 0.797335088253021 0.767873525619507 0.710987329483032 0.684246063232422 0.686968207359314 0.688479244709015 0.703676402568817 0.703879356384277 0.694677591323853 0.70580917596817 0.698535799980164 0.653643488883972 0.608747243881226 0.60139137506485 0.585067689418793 0.573236882686615
0.799009144306183 0.781506538391113 0.757201552391052 0.720908999443054 0.692804098129272 0.683679759502411 0.681896924972534 0.691831350326538 0.693744659423828 0.689365923404694 0.686851441860199 0.681655287742615 0.661962568759918 0.601201772689819 0.591608762741089 0.572029232978821 0.568431854248047
0.783022046089172 0.785360872745514 0.732104122638702 0.722255229949951 0.73507958650589 0.712441980838776 0.680154502391815 0.674778044223785 0.683704137802124 0.678129434585571 0.663640916347504 0.650534808635712 0.635954320430756 0.615562558174133 0.598272800445557 0.575334489345551 0.556363463401794
0.788693428039551 0.759578347206116 0.742108464241028 0.725722074508667 0.721073687076569 0.724019467830658 0.68395072221756 0.672839879989624 0.689903974533081 0.692604601383209 0.681642949581146 0.661055088043213 0.629461824893951 0.608690321445465 0.59820693731308 0.584946691989899 0.548390746116638
0.791974723339081 0.765929102897644 0.75145024061203 0.719114303588867 0.746746718883514 0.722212135791779 0.714742243289948 0.700270175933838 0.677754938602448 0.688754439353943 0.672575175762177 0.662805378437042 0.630522489547729 0.639730930328369 0.654653966426849 0.643063485622406 0.564891397953033
0.809975624084473 0.795306861400604 0.758621692657471 0.762177467346191 0.734482049942017 0.71945858001709 0.741641938686371 0.701122224330902 0.694963991641998 0.670694172382355 0.682048320770264 0.644400298595428 0.637036979198456 0.678956985473633 0.723934948444366 0.729865431785583 0.620528936386108
0.817202210426331 0.792136490345001 0.799149215221405 0.804243803024292 0.769798040390015 0.73169481754303 0.772581458091736 0.773937582969666 0.768704652786255 0.697713434696198 0.683359742164612 0.697294116020203 0.643574595451355 0.694768071174622 0.76165634393692 0.773183405399323 0.652381837368011
