data/climate_estimation/maxent_output/Scoliopus_hallii.asc
NCOLS 45 
NROWS 49 
XLLCORNER -124.25 
YLLCORNER 42.1666666666667 
CELLSIZE 0.0833333333333333 
NODATA_value -3.4e+38 
[rows 19 to 37 of 49, columns 0 to 43 of 45]
-3.4e+38 -3.4e+38 0.717561900615692 0.837261199951172 0.89655214548111 0.918301165103912 0.904256224632263 0.921807825565338 0.914108693599701 0.899589955806732 0.918852388858795 0.788894176483154 0.604209303855896 0.548418283462524 0.542460381984711 0.521529495716095 0.567873120307922 0.650376915931702 0.902026832103729 0.961929440498352 0.978940606117249 0.978566527366638 0.981225311756134 0.968772828578949 0.952653825283051 0.931968748569489 0.924286305904388 0.835078358650208 0.888414084911346 0.861249625682831 0.78761613368988 0.217930644750595 0.132150337100029 0.0203773900866508 0.0091315358877182 0.00423062406480312 0.00401454279199243 0.00286667165346444 0.00360126071609557 0.00526380958035588 0.00615410087630153 0.0108375772833824 0.00617251824587584 0.00663938326761127
-3.4e+38 -3.4e+38 0.780025124549866 0.897803723812103 0.894423425197601 0.936304569244385 0.934529721736908 0.925728559494019 0.931390225887299 0.927354574203491 0.712514638900757 0.624187469482422 0.567375898361206 0.559680044651031 0.546586394309998 0.593254446983337 0.630540370941162 0.683374345302582 0.855824112892151 0.955931305885315 0.977122962474823 0.971295952796936 0.967419803142548 0.961989104747772 0.946750402450562 0.898415863513947 0.875787198543549 0.855179131031036 0.864083230495453 0.8736931681633 0.399477124214172 0.160692021250725 0.103932224214077 0.0164378266781569 0.00760575383901596 0.0039286557585001 0.00349754397757351 0.00323559134267271 0.00411748653277755 0.00570313772186637 0.00803538598120213 0.0139162391424179 0.00992421805858612 0.00857922248542309
-3.4e+38 -3.4e+38 0.822925806045532 0.916950941085815 0.895806908607483 0.923922002315521 0.938804388046265 0.938683688640594 0.936981976032257 0.925986588001251 0.700958907604218 0.611372470855713 0.584873080253601 0.523724019527435 0.550824284553528 0.732749104499817 0.849770367145538 0.685050010681152 0.877084612846375 0.955191254615784 0.965379118919373 0.962815463542938 0.951816201210022 0.950930416584015 0.890476226806641 0.865692138671875 0.821334362030029 0.807841360569 0.85389643907547 0.76589161157608 0.160513401031494 0.0934671685099602 0.0749642625451088 0.0163904614746571 0.00529717281460762 0.00377724203281105 0.00363472942262888 0.00416186731308699 0.00385857000946999 0.00660672457888722 0.0068053980357945 0.00566133204847574 0.00766687048599124 0.00856652297079563
-3.4e+38 0.846581876277924 0.878354132175446 0.922634840011597 0.933932542800903 0.94807231426239 0.937011361122131 0.927653312683105 0.935129523277283 0.942663311958313 0.777745008468628 0.628986716270447 0.589584767818451 0.594335436820984 0.578575372695923 0.709293723106384 0.829605221748352 0.809551596641541 0.859508514404297 0.920953035354614 0.935347020626068 0.944675445556641 0.937696039676666 0.919956088066101 0.882612705230713 0.845982730388641 0.80244904756546 0.739949405193329 0.79727840423584 0.701721906661987 0.178441554307938 0.0665195658802986 0.0151935936883092 0.00680227344855666 0.00419034389778972 0.00320906913839281 0.00260624964721501 0.00312620145268738 0.00238428404554725 0.00226025166921318 0.00217793975025415 0.00287365773692727 0.00418272102251649 0.00437254458665848
-3.4e+38 0.882932066917419 0.899210095405579 0.93063622713089 0.936873257160187 0.949449598789215 0.949132800102234 0.948093712329865 0.946612477302551 0.949933111667633 0.832754492759705 0.692161083221436 0.580988943576813 0.621578872203827 0.625178873538971 0.927080035209656 0.934038102626801 0.933068096637726 0.927128374576569 0.945908427238464 0.9490065574646 0.924957752227783 0.929065465927124 0.887930631637573 0.854056417942047 0.800281882286072 0.71714574098587 0.682716965675354 0.773910939693451 0.769027650356293 0.368300586938858 0.0314374379813671 0.00746352272108197 0.00550082884728909 0.00413615023717284 0.00353467045351863 0.00255685159936547 0.00228388560935855 0.0019626438152045 0.00212834449484944 0.00184269202873111 0.00192048819735646 0.00283150118775666 0.00267756474204361
-3.4e+38 0.857383251190186 0.923794984817505 0.91586822271347 0.946769416332245 0.950119197368622 0.95552122592926 0.948334336280823 0.94178718328476 0.953709781169891 0.867795825004578 0.674394488334656 0.597888290882111 0.635329604148865 0.778393387794495 0.95356696844101 0.919808864593506 0.894980311393738 0.919344127178192 0.940785825252533 0.927219212055206 0.891930341720581 0.886157989501953 0.849195122718811 0.785149037837982 0.759199023246765 0.661341547966003 0.690648853778839 0.72665548324585 0.812895059585571 0.555511951446533 0.113473072648048 0.017869058996439 0.00626014638692141 0.00481041800230742 0.00378787214867771 0.00280831917189062 0.00227167294360697 0.00247233314439654 0.00345934391953051 0.00192702992353588 0.00282166781835258 0.00396048044785857 0.002921984763816
-3.4e+38 0.870997309684753 0.917259931564331 0.934642910957336 0.931362867355347 0.94029700756073 0.934723854064941 0.938695073127747 0.944572865962982 0.93245393037796 0.827631592750549 0.650569438934326 0.623007118701935 0.681603789329529 0.763818562030792 0.902655482292175 0.864041149616241 0.94081974029541 0.933257520198822 0.88572096824646 0.86875855922699 0.873764753341675 0.797663509845734 0.807488858699799 0.779086887836456 0.724537253379822 0.62607216835022 0.569786429405212 0.737427175045013 0.79388415813446 0.705468654632568 0.515813767910004 0.0997379496693611 0.011950483545661 0.00615194626152515 0.00462169107049704 0.00358617305755615 0.00270878197625279 0.0024253383744508 0.00224293046630919 0.00215925765223801 0.0021911736112088 0.00178124837111682 0.00260074785910547
-339999999999999996123846586046231871488.000000000000000 0.908661544322968 0.911680102348328 0.924122452735901 0.940606296062469 0.927453756332397 0.931430399417877 0.946136832237244 0.935580372810364 0.932920336723328 0.807251274585724 0.677726745605469 0.7008336186409 0.721923649311066 0.698753237724304 0.698259949684143 0.798956692218781 0.881655037403107 0.936680614948273 0.914003849029541 0.898908853530884 0.858668565750122 0.814517617225647 0.798098146915436 0.722924828529358 0.703871309757233 0.667563617229462 0.460712462663651 0.588904440402985 0.672044575214386 0.628836810588837 0.538148403167725 0.180905997753143 0.0261059384793043 0.0088160764425993 0.00622162036597729 0.00454968446865678 0.00335581274703145 0.00239718309603631 0.00217113411054015 0.00218714750371873 0.00277130887843668 0.00205401959829032 0.00350088649429381
-3.4e+38 0.908755362033844 0.909314632415771 0.939412474632263 0.940543830394745 0.945002853870392 0.93618780374527 0.924590945243835 0.918660163879395 0.930898666381836 0.899984061717987 0.773906588554382 0.758671283721924 0.789633214473724 0.680145680904388 0.664406716823578 0.708432376384735 0.76280951499939 0.813426911830902 0.898742258548737 0.854795396327972 0.8192498087883 0.788490295410156 0.758455455303192 0.742938220500946 0.654801309108734 0.518886566162109 0.460302174091339 0.55303817987442 0.337774634361267 0.467693895101547 0.269555032253265 0.109100259840488 0.0207016244530678 0.00929080601781607 0.00741271022707224 0.00636522006243467 0.00439661461859941 0.00324531481601298 0.00282500660978258 0.00392619566991925 0.00344924442470074 0.00222598249092698 0.00215619499795139
-3.4e+38 0.918168008327484 0.935349106788635 0.935938477516174 0.928968369960785 0.922661960124969 0.924765288829803 0.918262600898743 0.923078417778015 0.920340538024902 0.91042149066925 0.861164689064026 0.776545166969299 0.82507997751236 0.671513617038727 0.890326499938965 0.929641842842102 0.802994191646576 0.785478889942169 0.773773789405823 0.883751094341278 0.84090268611908 0.766707837581635 0.760893046855927 0.729360520839691 0.612049221992493 0.507334411144257 0.619556665420532 0.352329194545746 0.174715846776962 0.168963447213173 0.048234798014164 0.0223658587783575 0.0119341220706701 0.0114305038005114 0.016188433393836 0.0141076743602753 0.00634286599233747 0.00441058492287993 0.00327550829388201 0.00303271180018783 0.00261459383182228 0.00242077512666583 0.00217627338133752
0.868849873542786 0.898540854454041 0.932229399681091 0.929859757423401 0.918901205062866 0.934442698955536 0.915385663509369 0.899213194847107 0.915607988834381 0.905214726924896 0.900113224983215 0.801454305648804 0.780240058898926 0.793602108955383 0.640632629394531 0.792364835739136 0.928576827049255 0.9183589220047 0.874054372310638 0.871720731258392 0.7363241314888 0.67485111951828 0.662621676921844 0.651032388210297 0.609823346138 0.605842888355255 0.52599048614502 0.519803404808044 0.2629254758358 0.0721794366836548 0.0695041120052338 0.0201687924563885 0.0129346717149019 0.00872894190251827 0.0113747846335173 0.0337307341396809 0.0396193601191044 0.0127249974757433 0.00524596823379397 0.00654614018276334 0.00479563232511282 0.00287733529694378 0.00256521673873067 0.00218612304888666
0.868094086647034 0.904585421085358 0.919929563999176 0.920805513858795 0.934287488460541 0.909071505069733 0.916194081306458 0.894476234912872 0.894341707229614 0.860576570034027 0.832453429698944 0.73033994436264 0.733196258544922 0.850305318832397 0.844159841537476 0.842963397502899 0.880065441131592 0.881610989570618 0.880496919155121 0.87324994802475 0.817719161510468 0.52002364397049 0.569633305072784 0.542607605457306 0.561830997467041 0.567274034023285 0.597274422645569 0.573585748672485 0.158656552433968 0.0453556627035141 0.0226564276963472 0.0148296281695366 0.0100380601361394 0.00790297612547874 0.010613308288157 0.0463414341211319 0.0696237906813622 0.0207486767321825 0.00694553321227431 0.00450895447283983 0.00397809548303485 0.00309034669771791 0.00264969887211919 0.00218096515163779
0.887659728527069 0.912758946418762 0.926804065704346 0.924140214920044 0.922471642494202 0.915779232978821 0.879628777503967 0.834464251995087 0.778343260288239 0.822242200374603 0.789043426513672 0.697504162788391 0.681330323219299 0.854735910892487 0.923214614391327 0.91711163520813 0.903517305850983 0.894559621810913 0.894902527332306 0.871111512184143 0.804840445518494 0.542406141757965 0.636254191398621 0.514526665210724 0.550385653972626 0.53379213809967 0.474613547325134 0.493731290102005 0.0819240063428879 0.0801439955830574 0.0237660706043243 0.0133772445842624 0.00794657692313194 0.00728073762729764 0.00899228919297457 0.0147877018898726 0.0206599086523056 0.0105802491307259 0.00542867509648204 0.00490353675559163 0.00544467847794294 0.00370954535901546 0.00239780847914517 0.00243107741698623
0.853057026863098 0.88948780298233 0.936261832714081 0.930268108844757 0.904366493225098 0.908213496208191 0.9022376537323 0.883963465690613 0.714312434196472 0.867985963821411 0.837283432483673 0.680200695991516 0.814362466335297 0.890119433403015 0.92470771074295 0.907017707824707 0.896694481372833 0.879317939281464 0.846241176128387 0.82010954618454 0.751205086708069 0.586229383945465 0.729366302490234 0.580248236656189 0.650219142436981 0.774421334266663 0.491278260946274 0.194295659661293 0.0862399712204933 0.0937608927488327 0.0287299137562513 0.0108421929180622 0.00760737853124738 0.00653038639575243 0.00758773600682616 0.00863517075777054 0.00876568909734488 0.00585474120453 0.00409863097593188 0.00336606218479574 0.003751051845029 0.00331493094563484 0.00242554699070752 0.00219100643880665
0.854092359542847 0.926780164241791 0.913889288902283 0.920925378799438 0.917110085487366 0.897235155105591 0.885455429553986 0.862742722034454 0.751711547374725 0.736968755722046 0.593201875686646 0.488480538129807 0.598152220249176 0.763856947422028 0.877906262874603 0.911559998989105 0.882948458194733 0.854722261428833 0.824676811695099 0.68293708562851 0.696518838405609 0.682676076889038 0.497013837099075 0.533264994621277 0.405052363872528 0.617508769035339 0.373471438884735 0.130725771188736 0.0757094249129295 0.0239681862294674 0.0157057344913483 0.0106100179255009 0.00759257469326258 0.00720391515642405 0.00723287416622043 0.00552248442545533 0.00500137079507113 0.00399907445535064 0.00341626722365618 0.00312339281663299 0.00304922624491155 0.00277149630710483 0.00238820910453796 0.00186222360935062
0.873854339122772 0.900104582309723 0.933222711086273 0.919093191623688 0.919435560703278 0.907613754272461 0.884440124034882 0.864576816558838 0.730250597000122 0.540316641330719 0.413994014263153 0.467448025941849 0.601113557815552 0.717210054397583 0.896996974945068 0.856283068656921 0.875428736209869 0.7821946144104 0.717258512973785 0.628753423690796 0.713089406490326 0.741898238658905 0.683861553668976 0.543985605239868 0.493947446346283 0.579288244247437 0.511698424816132 0.170475870370865 0.059194128960371 0.0215985383838415 0.016695499420166 0.0294181779026985 0.0235145576298237 0.0247437581419945 0.0163805224001408 0.00793744157999754 0.00449240766465664 0.00377216143533587 0.00302087212912738 0.00291564525105059 0.00279310694895685 0.00256580323912203 0.00239390367642045 0.00196629529818892
0.848832666873932 0.905793011188507 0.905334770679474 0.898237705230713 0.914236962795258 0.889574527740479 0.89068591594696 0.898591935634613 0.824084162712097 0.363455563783646 0.286555916070938 0.353327870368958 0.377461940050125 0.456245630979538 0.664919197559357 0.798386216163635 0.739979445934296 0.779238164424896 0.678665637969971 0.570821821689606 0.490346491336823 0.429162323474884 0.405566364526749 0.359057724475861 0.32469841837883 0.238522946834564 0.39465394616127 0.495830953121185 0.134064510464668 0.019174637272954 0.0654789805412292 0.0409244485199451 0.0251405015587807 0.0177089720964432 0.0308875665068626 0.0223256070166826 0.00549351563677192 0.00376271572895348 0.0034174935426563 0.00271321646869183 0.00247074454091489 0.00233878567814827 0.00223092595115304 0.00191275356337428
0.858578681945801 0.93047696352005 0.885209023952484 0.884509265422821 0.889131903648376 0.886386454105377 0.912831664085388 0.891689419746399 0.646488189697266 0.403528153896332 0.199269667267799 0.308604657649994 0.320742845535278 0.60915070772171 0.59529983997345 0.708374559879303 0.706244468688965 0.713415741920471 0.823667883872986 0.799878656864166 0.593154728412628 0.527942597866058 0.397716641426086 0.554432272911072 0.533357083797455 0.444525867700577 0.857741355895996 0.463184893131256 0.0727486982941628 0.0175081584602594 0.0311348438262939 0.023623825982213 0.0168806370347738 0.0106797851622105 0.0154753299430013 0.0194458328187466 0.00711297616362572 0.00392588041722775 0.00318611040711403 0.00353072094731033 0.00306421611458063 0.00261363456957042 0.00231496384367347 0.00226247869431973
0.889486134052277 0.915229082107544 0.904506802558899 0.877523601055145 0.908694803714752 0.893260896205902 0.902016162872314 0.74830424785614 0.576362490653992 0.33525276184082 0.191384077072144 0.391157925128937 0.45451682806015 0.50302118062973 0.58629584312439 0.701811492443085 0.758109986782074 0.613800406455994 0.615367114543915 0.518786668777466 0.472858041524887 0.734829783439636 0.62427031993866 0.729244291782379 0.767723679542542 0.595662891864777 0.76045835018158 0.165538400411606 0.0288421511650085 0.0151501707732677 0.0151557242497802 0.0248508788645267 0.013713407330215 0.0123335923999548 0.0100839817896485 0.0083277802914381 0.00590074062347412 0.00417034979909658 0.00358511274680495 0.00347648980095983 0.00315498816780746 0.00355743407271802 0.00367107102647424 0.00409153196960688
