data/climate_estimation/maxent_output/Scoliopus_bigelovii.asc
NCOLS 30 
NROWS 54 
XLLCORNER -124.333333333333 
YLLCORNER 36.9166666666667 
CELLSIZE 0.0833333333333333 
NODATA_value -3.4e+38 
[rows 0 to 38 of 54, columns 0 to 29 of 30]
-339999999999999996123846586046231871488.000000000000000 -3.4e+38 -3.4e+38 0.376590579748154 0.486118286848068 0.424738854169846 0.237542569637299 0.244950473308563 0.163795799016953 0.142116352915764 0.0589596591889858 0.0527420565485954 0.0597060695290565 0.0748278424143791 0.0620309449732304 0.0435123033821583 0.0503256134688854 0.0120878666639328 0.0100134732201695 0.0127781825140119 0.0358861684799194 0.0263082608580589 0.0235522352159023 0.0184074230492115 0.0204794425517321 0.0224641915410757 0.0160196740180254 0.0133572155609727 0.018190361559391 0.00892754551023245
-3.4e+38 -3.4e+38 0.439733684062958 0.502475917339325 0.448242753744125 0.536978006362915 0.319142758846283 0.225659444928169 0.203477263450623 0.0668002292513847 0.0903810411691666 0.0568519756197929 0.0526484921574593 0.0660875737667084 0.0381946600973606 0.0394436232745647 0.0485849678516388 0.0321122221648693 0.0207250118255615 0.0380288511514664 0.0367256142199039 0.0336930081248283 0.0348551869392395 0.0286846533417702 0.0424674190580845 0.0366498976945877 0.0450870208442211 0.0565388761460781 0.049082588404417 0.0486685037612915
-3.4e+38 -3.4e+38 0.455308109521866 0.499427974224091 0.600618124008179 0.504111111164093 0.422395318746567 0.297917306423187 0.223373383283615 0.145511597394943 0.117077104747295 0.0910152792930603 0.0536161959171295 0.0283359792083502 0.0589845739305019 0.0575015656650066 0.0465572886168957 0.0633201375603676 0.0468207187950611 0.0548241324722767 0.0304770227521658 0.0461111515760422 0.0413632616400719 0.0408220589160919 0.0363920442759991 0.0455784127116203 0.0452122092247009 0.0588760040700436 0.0470147058367729 0.047432791441679
-3.4e+38 -3.4e+38 0.58731484413147 0.631106376647949 0.60879909992218 0.508349180221558 0.402010351419449 0.404022395610809 0.207906320691109 0.146189242601395 0.146985232830048 0.115632340312004 0.101311154663563 0.0712244063615799 0.0439907573163509 0.049362525343895 0.0664597079157829 0.0598255731165409 0.0417501516640186 0.0317198932170868 0.0380639508366585 0.0394878014922142 0.0371067821979523 0.0380052216351032 0.0503086261451244 0.0667077079415321 0.05783861130476 0.0722128450870514 0.0497720800340176 0.0573361441493034
-3.4e+38 -3.4e+38 0.569442093372345 0.721328854560852 0.593652784824371 0.649512708187103 0.407219052314758 0.402821600437164 0.255735516548157 0.186599344015121 0.151816144585609 0.0901451706886292 0.0901541635394096 0.0934841558337212 0.0879289582371712 0.0774208679795265 0.0641002207994461 0.0523196533322334 0.065978042781353 0.0201259646564722 0.0298422407358885 0.0630891397595406 0.0586518421769142 0.0130228921771049 0.0566650591790676 0.0301320310682058 0.0774982050061226 0.0565202198922634 0.0266724340617657 0.0467245355248451
-3.4e+38 -3.4e+38 0.604914605617523 0.693714141845703 0.732569217681885 0.638201475143433 0.40518182516098 0.317109376192093 0.212669521570206 0.164741903543472 0.141321539878845 0.0727948695421219 0.0824617594480515 0.0832489654421806 0.063012383878231 0.0644098296761513 0.080434575676918 0.0568635687232018 0.0432350412011147 0.0133243910968304 0.0311266705393791 0.0473986230790615 0.00838447082787752 0.00864562205970287 0.0320543125271797 0.0141209121793509 0.0263193920254707 0.0373445302248001 0.0381552912294865 0.0828291848301888
-3.4e+38 0.498540967702866 0.636155426502228 0.811717987060547 0.825681865215302 0.64945775270462 0.526109755039215 0.351709961891174 0.257981032133102 0.121889293193817 0.119785457849503 0.110725589096546 0.104886889457703 0.102681010961533 0.0498903505504131 0.078517772257328 0.0779790505766869 0.0654572024941444 0.0191257037222385 0.0174882430583239 0.0570080876350403 0.0489913523197174 0.0114322500303388 0.00320501858368516 0.00640044221654534 0.0114902332425117 0.00920359324663877 0.0193455684930086 0.0204363707453012 0.123051822185516
-3.4e+38 0.477641195058823 0.660053312778473 0.83145809173584 0.835559070110321 0.772874534130096 0.425246506929398 0.404632031917572 0.269252568483353 0.200729444622993 0.153159141540527 0.0858274921774864 0.0535377599298954 0.0850378721952438 0.0170194357633591 0.0461792685091496 0.0791816860437393 0.0238563753664494 0.015659986063838 0.0536944754421711 0.0177085194736719 0.0250295121222734 0.0114554297178984 0.00210090191103518 0.00294431415386498 0.00511929439380765 0.00610954780131578 0.00975260231643915 0.0181730296462774 0.088287279009819
0.496990174055099 0.587312996387482 0.814715921878815 0.846083700656891 0.694583296775818 0.775299608707428 0.461840510368347 0.407686203718185 0.376775503158569 0.178762122988701 0.178737133741379 0.144655600190163 0.09055295586586 0.0816429108381271 0.105635859072208 0.0161303393542767 0.0200589299201965 0.0164080075919628 0.0160719137638807 0.0397032350301743 0.0117338327690959 0.0323095321655273 0.00312113598920405 0.00174927338957787 0.00279453652910888 0.00224559661000967 0.0032144810538739 0.00541812414303422 0.0285244528204203 0.114649876952171
0.502738475799561 0.644080817699432 0.86417031288147 0.879705250263214 0.844451367855072 0.758239507675171 0.677193403244019 0.453709810972214 0.346494734287262 0.29145947098732 0.115614205598831 0.1154470667243 0.0904834195971489 0.127060562372208 0.0851920172572136 0.0632721558213234 0.0136521384119987 0.0308019611984491 0.0445713177323341 0.0538107715547085 0.0199089832603931 0.00350547605194151 0.00202948343940079 0.00137762795202434 0.00121261575259268 0.00182677700649947 0.00227885553613305 0.00343318749219179 0.00805791933089495 0.031780369579792
0.796110093593597 0.860977709293365 0.942798912525177 0.943034470081329 0.93233597278595 0.748656272888184 0.641988575458527 0.441884696483612 0.365062534809113 0.305290222167969 0.191231966018677 0.178627133369446 0.192122966051102 0.052737221121788 0.0490090548992157 0.11035742610693 0.0756500363349915 0.0863086134195328 0.13085912168026 0.0664303675293922 0.0285026133060455 0.00358415022492409 0.00168512354139239 0.00158748391550034 0.00149155326653272 0.00135787937324494 0.00168830470647663 0.00307175330817699 0.0106957573443651 0.0521874614059925
0.847535610198975 0.853764414787292 0.868027329444885 0.947974622249603 0.93495774269104 0.875302314758301 0.762286961078644 0.554156064987183 0.376322090625763 0.309694081544876 0.293737053871155 0.203521892428398 0.241978093981743 0.122316673398018 0.0965151637792587 0.132854908704758 0.126983195543289 0.0631600692868233 0.0249501410871744 0.00832277536392212 0.00292861717753112 0.00232887174934149 0.00194091175217181 0.00155660975724459 0.00186818628571928 0.00167188013438135 0.00227141077630222 0.00494343833997846 0.012421146966517 0.0252816844731569
0.851241886615753 0.852835118770599 0.849349915981293 0.845493257045746 0.921277344226837 0.87472528219223 0.751948535442352 0.51713764667511 0.391756534576416 0.412422567605972 0.352112233638763 0.257830291986465 0.221903890371323 0.199445769190788 0.242189228534698 0.137194514274597 0.0987036824226379 0.020649578422308 0.00632520113140345 0.00447330763563514 0.00215051299892366 0.00253932341001928 0.00217656628228724 0.00185758236330003 0.00159560621250421 0.00146334944292903 0.00180506997276098 0.00261575868353248 0.00641950406134129 0.0116593893617392
0.828205168247223 0.936173975467682 0.842343986034393 0.830523729324341 0.785981476306915 0.845011174678802 0.702300906181335 0.519671678543091 0.399486482143402 0.354756861925125 0.310660243034363 0.289115637540817 0.278772354125977 0.228968843817711 0.210891366004944 0.229925990104675 0.128102242946625 0.0578432865440845 0.0077188927680254 0.00440314970910549 0.00333909317851067 0.00249162316322327 0.00200533634051681 0.00184376118704677 0.00243202596902847 0.00150523392949253 0.0027552112005651 0.003503238549456 0.0113288089632988 0.0206229388713837
0.826289594173431 0.826812267303467 0.841488361358643 0.918013155460358 0.765010118484497 0.816268563270569 0.668225109577179 0.589165449142456 0.238115057349205 0.289273113012314 0.410593003034592 0.205898389220238 0.207908689975739 0.277055680751801 0.256809890270233 0.269514590501785 0.212482452392578 0.21946220099926 0.0311898496001959 0.00494175916537642 0.00351453269831836 0.00233681662939489 0.00311441603116691 0.00200505391694605 0.00110076263081282 0.000833876780234277 0.00163448124658316 0.00493595190346241 0.00900201592594385 0.0243704319000244
-3.4e+38 0.833448112010956 0.826509416103363 0.815117955207825 0.879343628883362 0.795040428638458 0.615733981132507 0.504810810089111 0.35066345334053 0.30010849237442 0.260265022516251 0.203108206391335 0.210151687264442 0.2633396089077 0.314090669155121 0.29084724187851 0.275568723678589 0.204654723405838 0.202918976545334 0.0194697324186563 0.00666576204821467 0.0035232650116086 0.00207448680885136 0.00126427551731467 0.0007693319930695 0.00109705072827637 0.00138079770840704 0.00330141116864979 0.0099712498486042 0.0172809567302465
-3.4e+38 -3.4e+38 -3.4e+38 0.791772902011871 0.871044933795929 0.795380473136902 0.61823832988739 0.577027499675751 0.484432876110077 0.234938025474548 0.382708728313446 0.335268467664719 0.153043523430824 0.286101102828979 0.331179916858673 0.314084500074387 0.273711711168289 0.253720372915268 0.325707882642746 0.201629117131233 0.00778658781200647 0.00358389667235315 0.00176104239653796 0.0010888569522649 0.0012822252465412 0.00129200285300612 0.00165228906553239 0.00282336585223675 0.00963235460221767 0.0153303667902946
-3.4e+38 -3.4e+38 -3.4e+38 0.795024514198303 0.738049983978271 0.812989950180054 0.703515648841858 0.640559792518616 0.453649967908859 0.473149299621582 0.209409117698669 0.131638988852501 0.20660674571991 0.237393826246262 0.338321924209595 0.332098752260208 0.411088585853577 0.356457263231277 0.355645209550858 0.345698118209839 0.0127210235223174 0.0026970652397722 0.0015514426631853 0.00106811034493148 0.00145331572275609 0.00157694681547582 0.00197245040908456 0.00304888794198632 0.00567582342773676 0.0175265092402697
-3.4e+38 -3.4e+38 -3.4e+38 -3.4e+38 0.87978607416153 0.695880532264709 0.60305655002594 0.522017955780029 0.499000549316406 0.430906713008881 0.271800398826599 0.39340803027153 0.218523889780045 0.164255693554878 0.242486014962196 0.247460931539536 0.415761530399323 0.304387450218201 0.267914921045303 0.167461186647415 0.00789111293852329 0.00218252371996641 0.00146990665234625 0.00106476270593703 0.00175892317201942 0.00196457700803876 0.00265986518934369 0.00352362683042884 0.00564152514562011 0.0110267642885447
-3.4e+38 -3.4e+38 -3.4e+38 -3.4e+38 -3.4e+38 0.854542851448059 0.638138294219971 0.547892451286316 0.603197455406189 0.479646265506744 0.428229004144669 0.26505833864212 0.121474497020245 0.0442506447434425 0.0868535563349724 0.150324031710625 0.289642482995987 0.350893318653107 0.273206889629364 0.297619462013245 0.0280011501163244 0.00288776960223913 0.00248457212001085 0.00207276316359639 0.00218729279004037 0.00264534214511514 0.00330454320646822 0.00440515391528606 0.00646381406113505 0.0108631262555718
-3.4e+38 -3.4e+38 -3.4e+38 -3.4e+38 -3.4e+38 -3.4e+38 0.824088990688324 0.579131186008453 0.644345283508301 0.543886125087738 0.461069971323013 0.249188482761383 0.153670057654381 0.0916981175541878 0.0877015292644501 0.300242245197296 0.322323381900787 0.440485805273056 0.382589399814606 0.0532109104096889 0.0374607853591442 0.00359411467798054 0.00300216698087752 0.00265435758046806 0.00267780316062272 0.00305349961854517 0.00380940199829638 0.00484829442575574 0.00491661764681339 0.00814172439277172
-3.4e+38 -3.4e+38 -3.4e+38 -3.4e+38 -3.4e+38 -3.4e+38 0.786040961742401 0.770937919616699 0.675039350986481 0.57786500453949 0.426650881767273 0.302710950374603 0.351425230503082 0.307537168264389 0.0985204428434372 0.268039435148239 0.469747364521027 0.405744403600693 0.463543832302094 0.322583973407745 0.024039663374424 0.0031488633248955 0.00298176752403378 0.0026955131907016 0.00292602553963661 0.00322197237983346 0.0028122270014137 0.00338488188572228 0.00460105435922742 0.00614979630336165
-3.4e+38 -3.4e+38 -3.4e+38 -3.4e+38 -3.4e+38 -3.4e+38 0.721368253231049 0.732468008995056 0.673164486885071 0.604048728942871 0.515023291110992 0.388031661510468 0.354521125555038 0.264255672693253 0.450738340616226 0.294645488262177 0.531743586063385 0.415256977081299 0.427047610282898 0.503452897071838 0.0508469417691231 0.00414470862597227 0.0035126053262502 0.00315166148357093 0.00242723966948688 0.00232355645857751 0.00248011481016874 0.00281098368577659 0.00360149634070694 0.0044190464541316
-3.4e+38 -3.4e+38 -3.4e+38 -3.4e+38 -3.4e+38 -3.4e+38 0.671960651874542 0.698598206043243 0.687771320343018 0.591862738132477 0.512574255466461 0.521828770637512 0.404590964317322 0.214974373579025 0.28988841176033 0.484369605779648 0.10918490588665 0.163481384515762 0.506177544593811 0.546466410160065 0.0456954464316368 0.00430051889270544 0.00474457629024982 0.00225236359983683 0.00225367862731218 0.00204851571470499 0.00203436147421598 0.00223579676821828 0.00260678981430829 0.00301338732242584
-3.4e+38 -3.4e+38 -3.4e+38 -3.4e+38 -3.4e+38 -3.4e+38 0.525822222232819 0.70215904712677 0.682203888893127 0.630649864673615 0.545067429542542 0.574694812297821 0.460837870836258 0.238460466265678 0.108266927301884 0.222836256027222 0.133975699543953 0.0908639281988144 0.509687840938568 0.475596576929092 0.0287016835063696 0.00553768360987306 0.00686510046944022 0.00247570755891502 0.00200005853548646 0.00166616425849497 0.00158337166067213 0.00161771231796592 0.0018319149967283 0.00211687199771404
-3.4e+38 -3.4e+38 -3.4e+38 -3.4e+38 -3.4e+38 -3.4e+38 0.525654435157776 0.675865888595581 0.674166619777679 0.641526818275452 0.573280215263367 0.615381896495819 0.445015490055084 0.13952262699604 0.0691324770450592 0.110512852668762 0.299774914979935 0.195220783352852 0.312991321086884 0.510460317134857 0.109550178050995 0.0161449499428272 0.00878387410193682 0.00302835344336927 0.001745585934259 0.00139140407554805 0.00130591611377895 0.00122249987907708 0.00132400600705296 0.0014837795170024
-3.4e+38 -3.4e+38 -3.4e+38 -3.4e+38 -3.4e+38 -3.4e+38 0.497795194387436 0.693173229694366 0.686460971832275 0.661984622478485 0.615608215332031 0.669943928718567 0.492895305156708 0.138092145323753 0.152183637022972 0.133389100432396 0.0700421929359436 0.119194358587265 0.316494733095169 0.170548155903816 0.110061973333359 0.054714635014534 0.0125537868589163 0.00484302686527371 0.00152128422632813 0.00121275626588613 0.00102817034348845 0.000936979136895388 0.000984609127044678 0.00156040710862726
-3.4e+38 -3.4e+38 -3.4e+38 -3.4e+38 -3.4e+38 -3.4e+38 -3.4e+38 0.722003817558289 0.710941970348358 0.670264899730682 0.654520988464355 0.737708687782288 0.651760995388031 0.201167717576027 0.205817863345146 0.260843098163605 0.0299723837524652 0.0165526047348976 0.164014235138893 0.10092181712389 0.0631853044033051 0.0176741797477007 0.0229994747787714 0.00481357937678695 0.00190541031770408 0.00116503552999347 0.000964559498243034 0.000790315098129213 0.00077826454071328 0.000848306051921099
-339999999999999996123846586046231871488.000000000000000 -3.4e+38 -3.4e+38 -3.4e+38 -3.4e+38 -3.4e+38 -3.4e+38 0.709509074687958 0.747896015644073 0.735818982124329 0.681543827056885 0.757342398166656 0.675017535686493 0.372754335403442 0.178928554058075 0.371357202529907 0.0377010144293308 0.013706031255424 0.0154245486482978 0.024261798709631 0.0165056828409433 0.013260799460113 0.0264578666538 0.0105865113437176 0.0066780922934413 0.00180097459815443 0.00097785028629005 0.000779595691710711 0.000702982419170439 0.000762371753808111
-3.4e+38 -3.4e+38 -3.4e+38 -3.4e+38 -3.4e+38 -3.4e+38 -3.4e+38 0.405390560626984 0.730821013450623 0.746313869953156 0.735207319259644 0.665043711662292 0.749254643917084 0.65449720621109 0.212565943598747 0.11665378510952 0.164520397782326 0.0281549636274576 0.0812198892235756 0.0197423938661814 0.0208359118551016 0.0191390123218298 0.0199864134192467 0.0110757350921631 0.0133509356528521 0.00450564594939351 0.00151982274837792 0.000876917561981827 0.000696918170433491 0.000692560570314527
-3.4e+38 -3.4e+38 -3.4e+38 -3.4e+38 -3.4e+38 -3.4e+38 -3.4e+38 0.403180211782455 0.68933367729187 0.758220314979553 0.731497466564178 0.729977250099182 0.784627199172974 0.621931970119476 0.357778161764145 0.179264396429062 0.3307264149189 0.235296115279198 0.272727012634277 0.187624245882034 0.0405935533344746 0.036768589168787 0.0650120377540588 0.0303476918488741 0.0214585661888123 0.00578288594260812 0.00393218221142888 0.00102343980688602 0.000768613710533828 0.0007425612420775
-3.4e+38 -3.4e+38 -3.4e+38 -3.4e+38 -3.4e+38 -3.4e+38 -3.4e+38 -3.4e+38 0.621576726436615 0.708542823791504 0.726588428020477 0.721764445304871 0.718447327613831 0.755828678607941 0.520119488239288 0.241298466920853 0.13803294301033 0.180385708808899 0.379476755857468 0.35130387544632 0.0592017248272896 0.0268950294703245 0.0195337068289518 0.0236572455614805 0.0205699652433395 0.00846024602651596 0.00560821266844869 0.00115861056838185 0.000981543329544365 0.000900997314602137
-3.4e+38 -3.4e+38 -3.4e+38 -3.4e+38 -3.4e+38 -3.4e+38 -3.4e+38 -3.4e+38 -3.4e+38 0.484306901693344 0.652114689350128 0.717572271823883 0.729075193405151 0.694341957569122 0.753008902072906 0.481987625360489 0.230916544795036 0.175795614719391 0.17192742228508 0.224395900964737 0.152012676000595 0.0660084784030914 0.0321434698998928 0.0198948048055172 0.0128845516592264 0.0200148578733206 0.00405249139294028 0.00161130225751549 0.00123652734328061 0.00125621410552412
-3.4e+38 -3.4e+38 -3.4e+38 -3.4e+38 -3.4e+38 -3.4e+38 -3.4e+38 -3.4e+38 -3.4e+38 -3.4e+38 -3.4e+38 0.702099800109863 0.725807547569275 0.719091057777405 0.699773669242859 0.720275700092316 0.489591062068939 0.308875679969788 0.226444274187088 0.174448877573013 0.171108454465866 0.169733092188835 0.0792088061571121 0.0282939486205578 0.0178247466683388 0.020492922514677 0.030204463750124 0.00367590668611228 0.00196504476480186 0.0017615279648453
-3.4e+38 -3.4e+38 -3.4e+38 -3.4e+38 -3.4e+38 -3.4e+38 -3.4e+38 -3.4e+38 -3.4e+38 -3.4e+38 -3.4e+38 0.341555625200272 0.70674592256546 0.763936758041382 0.73547351360321 0.796381771564484 0.695975482463837 0.475542902946472 0.392925173044205 0.317044377326965 0.245309114456177 0.174174621701241 0.108388453722 0.0571880638599396 0.0519858635962009 0.0183489229530096 0.0209312234073877 0.00799242034554482 0.00346391904167831 0.00320025882683694
-3.4e+38 -3.4e+38 -3.4e+38 -3.4e+38 -3.4e+38 -3.4e+38 -3.4e+38 -3.4e+38 -3.4e+38 -3.4e+38 -3.4e+38 -3.4e+38 -3.4e+38 0.736209988594055 0.694916605949402 0.805049002170563 0.778700172901154 0.582813143730164 0.519986510276794 0.369938224554062 0.34640434384346 0.30693706870079 0.152628302574158 0.0579116865992546 0.0823322385549545 0.0453804433345795 0.0444091223180294 0.0151266613975167 0.00746852112933993 0.00590999564155936
-3.4e+38 -3.4e+38 -3.4e+38 -3.4e+38 -3.4e+38 -3.4e+38 -3.4e+38 -3.4e+38 -3.4e+38 -3.4e+38 -3.4e+38 -3.4e+38 -3.4e+38 -3.4e+38 0.795102298259735 0.816598057746887 0.799760460853577 0.711332440376282 0.477435111999512 0.409846872091293 0.463730841875076 0.274805277585983 0.292232781648636 0.112693823873997 0.09771578758955 0.0792058035731316 0.0554418861865997 0.0298134833574295 0.0160088092088699 0.0100385127589107
-3.4e+38 -3.4e+38 -3.4e+38 -3.4e+38 -3.4e+38 -3.4e+38 -3.4e+38 -3.4e+38 -3.4e+38 -3.4e+38 -3.4e+38 -3.4e+38 -3.4e+38 -3.4e+38 -3.4e+38 0.729426145553589 0.745483160018921 0.686313331127167 0.637833654880524 0.406328618526459 0.347870916128159 0.297771126031876 0.142440021038055 0.184792697429657 0.193461626768112 0.133804991841316 0.0884965285658836 0.0543597638607025 0.0302261356264353 0.0149743892252445
-3.4e+38 -3.4e+38 -3.4e+38 -3.4e+38 -3.4e+38 -3.4e+38 -3.4e+38 -3.4e+38 -3.4e+38 -3.4e+38 -3.4e+38 -3.4e+38 -3.4e+38 -3.4e+38 -3.4e+38 -3.4e+38 0.714650809764862 0.763259768486023 0.75603324174881 0.521059989929199 0.408230155706406 0.319091469049454 0.289442777633667 0.285437494516373 0.314251065254211 0.235888794064522 0.157054573297501 0.0653990656137466 0.0350420400500298 0.0168062932789326
