data/climate_estimation/maxent_output/Scoliopus_hallii.asc
NCOLS 45 
NROWS 49 
XLLCORNER -124.25 
YLLCORNER 42.1666666666667 
CELLSIZE 0.0833333333333333 
NODATA_value -3.4e+38 
[rows 0 to 18 of 49, columns 0 to 43 of 45]
-339999999999999996123846586046231871488.000000000000000 -3.4e+38 0.541264712810516 0.622209131717682 0.674256980419159 0.723344445228577 0.736352026462555 0.782831788063049 0.796627759933472 0.85576993227005 0.901833176612854 0.859033286571503 0.908269464969635 0.923244774341583 0.834953784942627 0.767546415328979 0.74363648891449 0.859141647815704 0.865739464759827 0.888749659061432 0.908175051212311 0.911448895931244 0.935038030147552 0.939140141010284 0.88664722442627 0.937933385372162 0.912287354469299 0.925475716590881 0.932943999767303 0.914990425109863 0.925118565559387 0.935259521007538 0.828196108341217 0.752997517585754 0.925574839115143 0.626921236515045 0.645336449146271 0.540765523910522 0.213102549314499 0.146614134311676 0.119846500456333 0.0762111097574234 0.0331254042685032 0.0108750835061073
-3.4e+38 -3.4e+38 -3.4e+38 0.653588175773621 0.691059768199921 0.70896577835083 0.737984538078308 0.747984886169434 0.784925937652588 0.779519617557526 0.904278695583344 0.943252146244049 0.967585563659668 0.939650356769562 0.862158179283142 0.680714190006256 0.729950428009033 0.891230762004852 0.882637858390808 0.902359068393707 0.896461009979248 0.931355714797974 0.936525583267212 0.939528942108154 0.952945411205292 0.937518179416656 0.937481701374054 0.919677674770355 0.931853592395782 0.943605899810791 0.943394243717194 0.929834485054016 0.944570958614349 0.938982963562012 0.929228901863098 0.390804648399353 0.186229065060616 0.131230726838112 0.0943425372242928 0.132446095347404 0.225080460309982 0.120743557810783 0.0373800285160542 0.0180613808333874
-3.4e+38 -3.4e+38 -3.4e+38 0.597257375717163 0.611960172653198 0.692451775074005 0.733896315097809 0.732595801353455 0.763289630413055 0.841862976551056 0.887996673583984 0.898131251335144 0.923810720443726 0.943623781204224 0.937202870845795 0.928626954555511 0.756059229373932 0.906438589096069 0.90166449546814 0.917955279350281 0.913647949695587 0.941597461700439 0.954991102218628 0.947659969329834 0.951401054859161 0.954746663570404 0.947613477706909 0.939161479473114 0.956061601638794 0.953501403331757 0.955077946186066 0.903152883052826 0.687721014022827 0.846373081207275 0.604834914207458 0.118521921336651 0.0601309575140476 0.0608253180980682 0.0824258551001549 0.146882489323616 0.516442775726318 0.348936259746552 0.0844795405864716 0.0269275214523077
-3.4e+38 -3.4e+38 -3.4e+38 0.522006630897522 0.58587646484375 0.66059273481369 0.677601754665375 0.753659904003143 0.809171378612518 0.871754050254822 0.892069578170776 0.930731952190399 0.954074740409851 0.920042514801025 0.931819975376129 0.924215972423553 0.754668116569519 0.856335520744324 0.921159207820892 0.925949335098267 0.92367959022522 0.935346066951752 0.950899183750153 0.959708690643311 0.967632114887238 0.969326734542847 0.964100301265717 0.957785546779633 0.949561297893524 0.971128046512604 0.939018368721008 0.880220711231232 0.731228768825531 0.335258930921555 0.216778382658958 0.129075810313225 0.122117318212986 0.0345581024885178 0.0597177259624004 0.0575137101113796 0.122635468840599 0.205806836485863 0.0550803020596504 0.0497178174555302
-3.4e+38 -3.4e+38 -3.4e+38 0.499505609273911 0.583918273448944 0.640030086040497 0.739043176174164 0.772850632667542 0.826677620410919 0.837306141853333 0.866322875022888 0.93837982416153 0.941511690616608 0.954958558082581 0.930076897144318 0.947717010974884 0.814374625682831 0.618369042873383 0.782018899917603 0.911444306373596 0.913160502910614 0.933907270431519 0.963427841663361 0.964789688587189 0.97499018907547 0.970830917358398 0.974201381206512 0.971188247203827 0.94521701335907 0.964616000652313 0.90788197517395 0.849594235420227 0.68492591381073 0.339269548654556 0.211944445967674 0.18803733587265 0.11305870115757 0.0320195443928242 0.0153121370822191 0.01504613365978 0.0166442729532719 0.0175924524664879 0.0170729029923677 0.0160360913723707
-3.4e+38 -3.4e+38 -3.4e+38 0.520951271057129 0.602124273777008 0.66717940568924 0.738661289215088 0.784375131130219 0.736196577548981 0.810422718524933 0.869274437427521 0.910938560962677 0.936509728431702 0.937213122844696 0.940900146961212 0.961562514305115 0.650282263755798 0.536316692829132 0.697662353515625 0.718071043491364 0.80953711271286 0.919884383678436 0.958515346050262 0.973957896232605 0.981183171272278 0.977133989334106 0.983929812908173 0.980407893657684 0.965982615947723 0.954261004924774 0.887978613376617 0.83544534444809 0.482294648885727 0.248121470212936 0.230393022298813 0.172422736883163 0.0334230177104473 0.0211877264082432 0.0155056919902563 0.0131490165367723 0.00986870471388102 0.0117684118449688 0.0145181147381663 0.00839394237846136
-3.4e+38 -3.4e+38 -3.4e+38 0.499964565038681 0.581418216228485 0.67477011680603 0.736297428607941 0.739152193069458 0.791703462600708 0.781309425830841 0.856995403766632 0.923303961753845 0.943900763988495 0.935129582881927 0.950712621212006 0.948916018009186 0.71855753660202 0.44945627450943 0.529251873493195 0.640369534492493 0.715188503265381 0.891473531723022 0.961631715297699 0.978997528553009 0.982909023761749 0.984455347061157 0.984688758850098 0.983454823493958 0.974264919757843 0.962161302566528 0.918717086315155 0.712327778339386 0.276301980018616 0.174038141965866 0.0489539578557014 0.0144070480018854 0.0230798926204443 0.042315386235714 0.0198037642985582 0.0125183947384357 0.0105210524052382 0.00434332527220249 0.00243544252589345 0.00199031992815435
-3.4e+38 -3.4e+38 -3.4e+38 0.488003075122833 0.585421919822693 0.662595629692078 0.682079136371613 0.731163024902344 0.801167786121368 0.824168622493744 0.855315506458282 0.917123436927795 0.953606963157654 0.821136653423309 0.753731429576874 0.796107530593872 0.77601557970047 0.560616910457611 0.425423920154572 0.548617601394653 0.681948721408844 0.759197890758514 0.900937080383301 0.955231606960297 0.971242725849152 0.981465280056 0.988758265972137 0.984986007213593 0.979872822761536 0.983982682228088 0.977281510829926 0.851930618286133 0.403106331825256 0.348697394132614 0.0830893442034721 0.0386248230934143 0.00285708345472813 0.00176777457818389 0.0014948237221688 0.00205313879996538 0.00185160350520164 0.00290923635475338 0.00376290967687964 0.00462642731145024
-3.4e+38 -3.4e+38 -3.4e+38 0.49659863114357 0.594356715679169 0.657797634601593 0.725777804851532 0.783128023147583 0.826971709728241 0.806024968624115 0.848027586936951 0.882770836353302 0.921701490879059 0.709319353103638 0.641525328159332 0.518695890903473 0.487106919288635 0.756670415401459 0.625856578350067 0.54156494140625 0.588989496231079 0.585340261459351 0.672828316688538 0.907045960426331 0.958501279354095 0.986016988754272 0.98789519071579 0.992086112499237 0.989776492118835 0.984996259212494 0.965917468070984 0.820337355136871 0.774414002895355 0.79146945476532 0.216796055436134 0.0513825602829456 0.00999932736158371 0.00353457499295473 0.00328503991477191 0.00444834679365158 0.00380086991935968 0.00754678435623646 0.00771786505356431 0.00578476116061211
-3.4e+38 -3.4e+38 -3.4e+38 0.477658748626709 0.5082066655159 0.648494184017181 0.743970513343811 0.793627500534058 0.825453460216522 0.843992054462433 0.866234660148621 0.913172364234924 0.886345505714417 0.760792911052704 0.70580917596817 0.448985040187836 0.528549194335938 0.497761785984039 0.663810670375824 0.514711797237396 0.702774465084076 0.814335286617279 0.859709680080414 0.925528109073639 0.954674661159515 0.98024582862854 0.988391280174255 0.99317067861557 0.993040978908539 0.992172300815582 0.989916741847992 0.967612445354462 0.965254783630371 0.870408833026886 0.367552280426025 0.0865335762500763 0.0228916052728891 0.00846229027956724 0.00889592245221138 0.0171944685280323 0.00782515294849873 0.0122684678062797 0.00939455907791853 0.00813389103859663
-3.4e+38 -3.4e+38 -3.4e+38 0.508288562297821 0.554322779178619 0.692702651023865 0.709121465682983 0.7709721326828 0.830142855644226 0.828674674034119 0.876282751560211 0.88431179523468 0.821496903896332 0.723958790302277 0.825888574123383 0.751664340496063 0.525296092033386 0.494315177202225 0.625782251358032 0.61396586894989 0.63978910446167 0.731026470661163 0.815690279006958 0.943107903003693 0.971864640712738 0.979071974754333 0.9881471991539 0.986456036567688 0.991019070148468 0.990512311458588 0.910767912864685 0.972326219081879 0.971933662891388 0.955020606517792 0.528581738471985 0.106555707752705 0.0404100380837917 0.0221015084534883 0.0192270167171955 0.0119088441133499 0.00545349344611168 0.0100720599293709 0.00884304009377956 0.00874008983373642
-3.4e+38 -3.4e+38 -3.4e+38 0.487046092748642 0.610795259475708 0.677747309207916 0.732404232025146 0.799521207809448 0.819583058357239 0.835685610771179 0.878441035747528 0.842271625995636 0.645031750202179 0.61798095703125 0.637794733047485 0.427880257368088 0.651166915893555 0.486228436231613 0.510249674320221 0.605952382087708 0.788430035114288 0.888453245162964 0.894183218479156 0.951568007469177 0.972999453544617 0.991713464260101 0.994078755378723 0.988694489002228 0.990206897258759 0.992012500762939 0.988546907901764 0.978663802146912 0.966140449047089 0.882423520088196 0.246074736118317 0.0435578636825085 0.0261871516704559 0.0195043925195932 0.00827788654714823 0.00523965572938323 0.00787321664392948 0.00861051864922047 0.00777849135920405 0.00676983082666993
-3.4e+38 -3.4e+38 -3.4e+38 0.557834267616272 0.642483949661255 0.703213930130005 0.770018398761749 0.785699903964996 0.824515461921692 0.840820550918579 0.835844397544861 0.790772140026093 0.596651375293732 0.497869253158569 0.437781661748886 0.440265953540802 0.447605520486832 0.483730584383011 0.511456966400146 0.646623730659485 0.773939728736877 0.940605521202087 0.950065791606903 0.965319395065308 0.983009278774261 0.993104159832001 0.991938292980194 0.989577949047089 0.991913855075836 0.990081310272217 0.985019683837891 0.971611082553864 0.934194207191467 0.540110647678375 0.0918105766177177 0.0254512540996075 0.0100875394418836 0.00524389324709773 0.00371980830095708 0.00555884884670377 0.00584601098671556 0.00618026778101921 0.00647776015102863 0.0064774421043694
-339999999999999996123846586046231871488.000000000000000 -3.4e+38 -3.4e+38 0.643630504608154 0.714032530784607 0.713553309440613 0.772447645664215 0.814199447631836 0.817408204078674 0.802513360977173 0.804740250110626 0.654804766178131 0.574011325836182 0.578540146350861 0.435622811317444 0.45264133810997 0.478214502334595 0.521386086940765 0.590547859668732 0.689576268196106 0.845715820789337 0.954862654209137 0.973924160003662 0.990132391452789 0.99076384305954 0.988998651504517 0.990850329399109 0.989170551300049 0.983295083045959 0.975112199783325 0.966087460517883 0.95927232503891 0.722321450710297 0.370678335428238 0.0770187079906464 0.0247669294476509 0.0114628029987216 0.00505930976942182 0.00505507178604603 0.00585156539455056 0.0067641930654645 0.00668101944029331 0.00617342302575707 0.00514765549451113
-3.4e+38 -3.4e+38 0.635441064834595 0.689991414546967 0.734367311000824 0.788734793663025 0.804088056087494 0.795886933803558 0.792784631252289 0.760566771030426 0.762236058712006 0.59171324968338 0.554306745529175 0.637211740016937 0.451345890760422 0.456355333328247 0.48422372341156 0.581951856613159 0.727786004543304 0.916055679321289 0.948433220386505 0.960345566272736 0.983901858329773 0.99038964509964 0.992463409900665 0.989484071731567 0.980612099170685 0.975687861442566 0.976542413234711 0.973617851734161 0.961536407470703 0.950312972068787 0.543514668941498 0.191778659820557 0.121126264333725 0.0500261709094048 0.0261361673474312 0.00814557541161776 0.00972404051572084 0.010884914547205 0.00977406278252602 0.0117132300511003 0.00816789362579584 0.00715060532093048
-3.4e+38 -3.4e+38 0.668524503707886 0.722610056400299 0.781804144382477 0.793985188007355 0.839682996273041 0.826427400112152 0.852178514003754 0.848924160003662 0.777646899223328 0.642975389957428 0.50271475315094 0.613151609897614 0.452463120222092 0.505491197109222 0.53259003162384 0.755815207958221 0.937281966209412 0.927922070026398 0.947571098804474 0.963927388191223 0.982426226139069 0.991467952728271 0.989314675331116 0.986952185630798 0.980279505252838 0.978227734565735 0.933229804039001 0.961014091968536 0.937977612018585 0.677974224090576 0.342585206031799 0.107202552258968 0.0501017197966576 0.0398461222648621 0.0510289669036865 0.0123519049957395 0.00475410325452685 0.011689729988575 0.0103632174432278 0.0106761418282986 0.0089497147127986 0.00981798116117716
-3.4e+38 -3.4e+38 0.677129328250885 0.764840483665466 0.806383013725281 0.815966248512268 0.862664937973022 0.852390348911285 0.887149155139923 0.845703899860382 0.758643507957458 0.688526451587677 0.51360672712326 0.61689555644989 0.643004536628723 0.637106537818909 0.692740440368652 0.788526356220245 0.928044140338898 0.910695612430573 0.952345192432404 0.974653244018555 0.983952939510345 0.989710509777069 0.985388576984406 0.978676736354828 0.971980035305023 0.968242645263672 0.944952070713043 0.936380922794342 0.925574481487274 0.6983243227005 0.252540618181229 0.0631826221942902 0.0259500052779913 0.0140807731077075 0.00604660157114267 0.00293878512457013 0.00198519066907465 0.00705396756529808 0.00539347110316157 0.00514808762818575 0.00663554295897484 0.00971468910574913
-3.4e+38 -3.4e+38 0.721091091632843 0.795670986175537 0.824892520904541 0.861850619316101 0.869497656822205 0.879998445510864 0.894106864929199 0.859187245368958 0.787804901599884 0.667325854301453 0.572169482707977 0.504939377307892 0.624559223651886 0.648779630661011 0.675501585006714 0.753297209739685 0.890431225299835 0.937043488025665 0.950953245162964 0.978307366371155 0.988264858722687 0.989595115184784 0.98260509967804 0.975118279457092 0.951281666755676 0.938026309013367 0.931336104869843 0.921339869499207 0.8869509100914 0.717250108718872 0.247228398919106 0.058172732591629 0.018425676971674 0.00492475228384137 0.0028173541650176 0.00255963671952486 0.0019589108414948 0.00239516259171069 0.00427382159978151 0.00507419230416417 0.00682090548798442 0.00658792490139604
-3.4e+38 -3.4e+38 0.718241930007935 0.812635660171509 0.878003001213074 0.878692746162415 0.911973893642426 0.884876251220703 0.905325770378113 0.867903828620911 0.873315632343292 0.778940260410309 0.581605732440948 0.529980182647705 0.530589282512665 0.543792247772217 0.643401503562927 0.765628755092621 0.872313737869263 0.941494345664978 0.960704326629639 0.978283524513245 0.988524615764618 0.986230969429016 0.983945906162262 0.966902494430542 0.91966712474823 0.894317269325256 0.901730239391327 0.894784927368164 0.864733397960663 0.571673035621643 0.148284941911697 0.0381883680820465 0.0111338645219803 0.00417041406035423 0.00295475265011191 0.00330680212937295 0.00285799661651254 0.00281981634907424 0.00535787316039205 0.00735594984143972 0.00568144489079714 0.008752616122365
