data/climate_estimation/maxent_output/Smilax_californica.asc
NCOLS 60 
NROWS 80 
XLLCORNER -124.166666666667 
YLLCORNER 36.1666666666667 
CELLSIZE 0.0833333333333333 
NODATA_value -3.4e+38 
[rows 60 to 79 of 80, columns 0 to 46 of 60]
-339999999999999996123846586046231871488.000000000000000 -3.4e+38 -3.4e+38 -3.4e+38 -3.4e+38 -3.4e+38 -3.4e+38 -3.4e+38 -3.4e+38 -3.4e+38 -3.4e+38 -3.4e+38 -3.4e+38 -3.4e+38 -3.4e+38 -3.4e+38 -3.4e+38 -3.4e+38 -3.4e+38 0.00391293596476316 0.00296375062316656 0.00207390589639544 0.00540672289207578 0.0147799327969551 0.0307925194501877 0.0628850907087326 0.0578838139772415 0.0616224519908428 0.106275640428066 0.0557055361568928 0.0256165862083435 0.0227354280650616 0.0184437911957502 0.0247166343033314 0.0226996503770351 0.0374093651771545 0.0342278219759464 0.0312933474779129 0.0385939106345177 0.0439338311553001 0.0517844185233116 0.063977524638176 0.104657337069511 0.242533683776855 0.335626214742661 0.315918803215027 0.542431771755219
-3.4e+38 -3.4e+38 -3.4e+38 -3.4e+38 -3.4e+38 -3.4e+38 -3.4e+38 -3.4e+38 -3.4e+38 -3.4e+38 -3.4e+38 -3.4e+38 -3.4e+38 -3.4e+38 -3.4e+38 -3.4e+38 -3.4e+38 -3.4e+38 -3.4e+38 0.00154934683814645 0.00325205479748547 0.00252990121953189 0.00704109389334917 0.0104942852631211 0.0224800929427147 0.0349763259291649 0.0541184954345226 0.0236726477742195 0.0279737375676632 0.0403466075658798 0.0680765584111214 0.0368923135101795 0.0192044842988253 0.0182103533297777 0.0214952565729618 0.0262019485235214 0.0324613600969315 0.0273849256336689 0.0338603369891644 0.0350984744727612 0.0383427850902081 0.049177385866642 0.0613845326006413 0.0712182596325874 0.149325132369995 0.282044231891632 0.394237160682678
-3.4e+38 -3.4e+38 -3.4e+38 -3.4e+38 -3.4e+38 -3.4e+38 -3.4e+38 -3.4e+38 -3.4e+38 -3.4e+38 -3.4e+38 -3.4e+38 -3.4e+38 -3.4e+38 -3.4e+38 -3.4e+38 -3.4e+38 -3.4e+38 -3.4e+38 0.00196132599376142 0.00342148588970304 0.00396610330790281 0.00603560963645577 -3.4e+38 0.0175272822380066 0.0235356576740742 0.0785165876150131 0.0273971408605576 0.0335283502936363 0.0657792910933495 0.202370658516884 0.115939497947693 0.0407005362212658 0.0208993274718523 0.0211195889860392 0.0219635982066393 0.020683541893959 0.0236495826393366 0.0269727595150471 0.0303357150405645 0.0303615927696228 0.0360785275697708 0.0504212118685246 0.054770439863205 0.0785880610346794 0.127785608172417 0.26354119181633
-3.4e+38 -3.4e+38 -3.4e+38 -3.4e+38 -3.4e+38 -3.4e+38 -3.4e+38 -3.4e+38 -3.4e+38 -3.4e+38 -3.4e+38 -3.4e+38 -3.4e+38 -3.4e+38 -3.4e+38 -3.4e+38 -3.4e+38 -3.4e+38 -3.4e+38 0.00218007923103869 0.00748703023418784 0.00759436376392841 0.00878794211894274 0.0136240944266319 0.00925736501812935 0.0059624700807035 0.00776862725615501 0.0558982901275158 0.119829282164574 0.271918416023254 0.297964096069336 0.341766148805618 0.255795657634735 0.124438680708408 0.032828152179718 0.0196056962013245 0.0208314433693886 0.0201746355742216 0.0233640875667334 0.0244327150285244 0.0267781782895327 0.0340815596282482 0.035536915063858 0.050330638885498 0.0601265951991081 0.0592478923499584 0.128152191638947
-3.4e+38 -3.4e+38 -3.4e+38 -3.4e+38 -3.4e+38 -3.4e+38 -3.4e+38 -3.4e+38 -3.4e+38 -3.4e+38 -3.4e+38 -3.4e+38 -3.4e+38 -3.4e+38 -3.4e+38 -3.4e+38 -3.4e+38 -3.4e+38 -3.4e+38 -3.4e+38 0.00271798903122544 0.0114598423242569 0.0188028216362 0.017690796405077 0.00759675912559032 0.0033300556242466 0.00396587932482362 0.0411453917622566 0.126092985272408 0.246337965130806 0.279697686433792 0.34400337934494 0.369499087333679 0.268161743879318 0.0918557345867157 0.0347499772906303 0.0202736891806126 0.0203789342194796 0.0184083040803671 0.0194543153047562 0.0184635259211063 0.0246943943202496 0.0326535850763321 0.0343937389552593 0.043296605348587 0.0624168738722801 0.069692350924015
-3.4e+38 -3.4e+38 -3.4e+38 -3.4e+38 -3.4e+38 -3.4e+38 -3.4e+38 -3.4e+38 -3.4e+38 -3.4e+38 -3.4e+38 -3.4e+38 -3.4e+38 -3.4e+38 -3.4e+38 -3.4e+38 -3.4e+38 -3.4e+38 -3.4e+38 -3.4e+38 0.00333345960825682 0.00794668402522802 0.0287258289754391 0.0283657312393188 0.0186827778816223 0.00786085147410631 0.00570320943370461 0.00662265764549375 0.0682050585746765 0.214199483394623 0.309757977724075 0.269273072481155 0.26364666223526 0.236898049712181 0.133573025465012 0.0564766190946102 0.0231079328805208 0.0213314909487963 0.0147775169461966 0.0187464598566294 0.0180316884070635 0.0237531419843435 0.0236558653414249 0.0260023586452007 0.0294611304998398 0.0408260524272919 0.0408368296921253
-3.4e+38 -3.4e+38 -3.4e+38 -3.4e+38 -3.4e+38 -3.4e+38 -3.4e+38 -3.4e+38 -3.4e+38 -3.4e+38 -3.4e+38 -3.4e+38 -3.4e+38 -3.4e+38 -3.4e+38 -3.4e+38 -3.4e+38 -3.4e+38 -3.4e+38 -3.4e+38 -3.4e+38 0.00514867762103677 0.0140580218285322 0.0402392745018005 0.0799044221639633 0.0313506498932838 0.0224843695759773 0.0163197554647923 0.0344438329339027 0.130204573273659 0.271259605884552 0.263086020946503 0.241601049900055 0.231582850217819 0.108826994895935 0.0510314926505089 0.0236062258481979 0.0163386482745409 0.0162910912185907 0.0116940643638372 0.0160159524530172 0.0167676284909248 0.0204415358603001 0.0204896368086338 0.0271259415894747 0.0272323656827211 0.0317472852766514
-3.4e+38 -3.4e+38 -3.4e+38 -3.4e+38 -3.4e+38 -3.4e+38 -3.4e+38 -3.4e+38 -3.4e+38 -3.4e+38 -3.4e+38 -3.4e+38 -3.4e+38 -3.4e+38 -3.4e+38 -3.4e+38 -3.4e+38 -3.4e+38 -3.4e+38 -3.4e+38 -3.4e+38 0.00457079848274589 0.0142235783860087 0.0338290818035603 0.0577974952757359 0.0851007103919983 0.0712921321392059 0.0556538887321949 0.0425098314881325 0.0603359378874302 0.114780329167843 0.219554722309113 0.188740327954292 0.127350866794586 0.101413302123547 0.0602389723062515 0.025291433557868 0.0168318133801222 0.0139505304396152 0.0104834996163845 0.0102833220735192 0.01264179777354 0.0166984461247921 0.0172716062515974 0.0187557730823755 0.0188626777380705 0.0204367134720087
-3.4e+38 -3.4e+38 -3.4e+38 -3.4e+38 -3.4e+38 -3.4e+38 -3.4e+38 -3.4e+38 -3.4e+38 -3.4e+38 -3.4e+38 -3.4e+38 -3.4e+38 -3.4e+38 -3.4e+38 -3.4e+38 -3.4e+38 -3.4e+38 -3.4e+38 -3.4e+38 -3.4e+38 0.00409091217443347 0.00806885585188866 0.0273963529616594 0.0358945541083813 0.0463684275746346 0.0744345486164093 0.124138459563255 0.0930699557065964 0.0455213338136673 0.0412293151021004 0.121511973440647 0.167007476091385 0.119719073176384 0.0693924576044083 0.0718597620725632 0.0253852289170027 0.0147622609511018 0.0132300583645701 0.00849370285868645 0.00890538562089205 0.00853418931365013 0.0102195059880614 0.0123673668131232 0.013626373372972 0.013266783207655 0.0143088223412633
-3.4e+38 -3.4e+38 -3.4e+38 -3.4e+38 -3.4e+38 -3.4e+38 -3.4e+38 -3.4e+38 -3.4e+38 -3.4e+38 -3.4e+38 -3.4e+38 -3.4e+38 -3.4e+38 -3.4e+38 -3.4e+38 -3.4e+38 -3.4e+38 -3.4e+38 -3.4e+38 -3.4e+38 -3.4e+38 0.00526885455474257 0.0105974078178406 0.0226300433278084 0.0196417402476072 0.0228093862533569 0.0563703067600727 0.0703311860561371 0.0554874949157238 0.0282583758234978 0.0367198549211025 0.0801653861999512 0.0707593560218811 0.0447694212198257 0.0406840518116951 0.0189455840736628 0.0174788236618042 0.00961604062467813 0.00661136861890554 0.00758417323231697 0.00781758595257998 0.0103195393458009 0.00805102381855249 0.00879083946347237 0.0103716840967536 0.0104958238080144
-3.4e+38 -3.4e+38 -3.4e+38 -3.4e+38 -3.4e+38 -3.4e+38 -3.4e+38 -3.4e+38 -3.4e+38 -3.4e+38 -3.4e+38 -3.4e+38 -3.4e+38 -3.4e+38 -3.4e+38 -3.4e+38 -3.4e+38 -3.4e+38 -3.4e+38 -3.4e+38 -3.4e+38 -3.4e+38 -3.4e+38 0.00478051975369453 0.00720464950427413 0.00740825524553657 0.00807115342468023 0.0107469242066145 0.00847390200942755 0.0202140491455793 0.0398923940956593 0.0175952091813087 0.0100965639576316 0.0143473949283361 0.0494703762233257 0.111723080277443 0.0242577195167542 0.0118957795202732 0.0103947948664427 0.00899108313024044 0.00687657110393047 0.00710618169978261 0.00668261665850878 0.00796751398593187 0.0062974258325994 0.00725141540169716 0.00810307636857033
-3.4e+38 -3.4e+38 -3.4e+38 -3.4e+38 -3.4e+38 -3.4e+38 -3.4e+38 -3.4e+38 -3.4e+38 -3.4e+38 -3.4e+38 -3.4e+38 -3.4e+38 -3.4e+38 -3.4e+38 -3.4e+38 -3.4e+38 -3.4e+38 -3.4e+38 -3.4e+38 -3.4e+38 -3.4e+38 -3.4e+38 -3.4e+38 -3.4e+38 -3.4e+38 -3.4e+38 0.00416782638058066 0.0037204222753644 0.00540478201583028 0.0107084549963474 0.0077651091851294 0.00584628712385893 0.00552173750475049 0.0240879841148853 0.124487191438675 0.0664068460464478 0.0255839638411999 0.0123275807127357 0.009590825997293 0.00756640778854489 0.00681717693805695 0.00560861313715577 0.00709120137616992 0.00616084830835462 0.00671622948721051 0.00557251088321209
-3.4e+38 -3.4e+38 -3.4e+38 -3.4e+38 -3.4e+38 -3.4e+38 -3.4e+38 -3.4e+38 -3.4e+38 -3.4e+38 -3.4e+38 -3.4e+38 -3.4e+38 -3.4e+38 -3.4e+38 -3.4e+38 -3.4e+38 -3.4e+38 -3.4e+38 -3.4e+38 -3.4e+38 -3.4e+38 -3.4e+38 -3.4e+38 -3.4e+38 -3.4e+38 -3.4e+38 -3.4e+38 0.00152623397298157 0.00182196998503059 0.00316980108618736 0.0198664106428623 0.0242816675454378 0.00583032052963972 0.00932533573359251 0.036333255469799 0.087104469537735 0.0876883864402771 0.124099798500538 0.014218614436686 0.00722451834008098 0.00627542706206441 0.00674299383535981 0.00579270115122199 0.00548958778381348 0.00644550006836653 0.00541205005720258
-3.4e+38 -3.4e+38 -3.4e+38 -3.4e+38 -3.4e+38 -3.4e+38 -3.4e+38 -3.4e+38 -3.4e+38 -3.4e+38 -3.4e+38 -3.4e+38 -3.4e+38 -3.4e+38 -3.4e+38 -3.4e+38 -3.4e+38 -3.4e+38 -3.4e+38 -3.4e+38 -3.4e+38 -3.4e+38 -3.4e+38 -3.4e+38 -3.4e+38 -3.4e+38 -3.4e+38 -3.4e+38 0.000555027625523508 0.000385935127269477 0.000586721580475569 0.00530455866828561 0.0734533444046974 0.0446481145918369 0.00610892614349723 0.0149483159184456 0.0636181384325027 0.158145874738693 0.237476870417595 0.0143159227445722 0.0271201767027378 0.00942470319569111 0.00479932362213731 0.00460860645398498 0.00439544208347797 0.0056521687656641 0.00482877995818853
-3.4e+38 -3.4e+38 -3.4e+38 -3.4e+38 -3.4e+38 -3.4e+38 -3.4e+38 -3.4e+38 -3.4e+38 -3.4e+38 -3.4e+38 -3.4e+38 -3.4e+38 -3.4e+38 -3.4e+38 -3.4e+38 -3.4e+38 -3.4e+38 -3.4e+38 -3.4e+38 -3.4e+38 -3.4e+38 -3.4e+38 -3.4e+38 -3.4e+38 -3.4e+38 0.000631475122645497 0.000396583927795291 0.00109455839265138 0.000552393903490156 0.00031024357303977 0.000588741968385875 0.0041197151876986 0.0647519826889038 0.0800043269991875 0.0169210154563189 0.0494939126074314 0.179082199931145 0.0512601546943188 0.0116817411035299 0.0186134800314903 0.00953740254044533 0.00771399959921837 0.00424320716410875 0.00532902916893363 0.00552826374769211 0.00468309596180916
-3.4e+38 -3.4e+38 -3.4e+38 -3.4e+38 -3.4e+38 -3.4e+38 -3.4e+38 -3.4e+38 -3.4e+38 -3.4e+38 -3.4e+38 -3.4e+38 -3.4e+38 -3.4e+38 -3.4e+38 -3.4e+38 -3.4e+38 -3.4e+38 -3.4e+38 -3.4e+38 -3.4e+38 -3.4e+38 -3.4e+38 -3.4e+38 -3.4e+38 -3.4e+38 0.000615708937402815 0.000966134364716709 0.00181685760617256 0.00420537544414401 0.0189770478755236 0.00162101013120264 0.000762937590479851 0.00544440886005759 0.0666839703917503 0.0342592261731625 0.0214339103549719 0.132541671395302 0.196683317422867 0.0669315382838249 0.0343730561435223 0.0266040731221437 0.0221987497061491 0.0111608188599348 0.00593380862846971 0.00534222973510623 0.00499702105298638
-3.4e+38 -3.4e+38 -3.4e+38 -3.4e+38 -3.4e+38 -3.4e+38 -3.4e+38 -3.4e+38 -3.4e+38 -3.4e+38 -3.4e+38 -3.4e+38 -3.4e+38 -3.4e+38 -3.4e+38 -3.4e+38 -3.4e+38 -3.4e+38 -3.4e+38 -3.4e+38 -3.4e+38 -3.4e+38 -3.4e+38 -3.4e+38 -3.4e+38 -3.4e+38 0.00134536752011627 0.00600354699417949 0.00926994439214468 0.00471967272460461 0.0140396188944578 0.0419240407645702 0.00224096910096705 0.000810179917607456 0.00600470369681716 0.0277604851871729 0.0138488216325641 0.0217238031327724 0.0761969834566116 0.238604053854942 0.185763135552406 0.0573107749223709 0.123394407331944 0.0476672612130642 0.00882346462458372 0.00446091964840889 0.00531534105539322
-3.4e+38 -3.4e+38 -3.4e+38 -3.4e+38 -3.4e+38 -3.4e+38 -3.4e+38 -3.4e+38 -3.4e+38 -3.4e+38 -3.4e+38 -3.4e+38 -3.4e+38 -3.4e+38 -3.4e+38 -3.4e+38 -3.4e+38 -3.4e+38 -3.4e+38 -3.4e+38 -3.4e+38 -3.4e+38 -3.4e+38 -3.4e+38 -3.4e+38 -3.4e+38 -3.4e+38 0.00413462147116661 0.0194962918758392 0.0205894634127617 0.017038194462657 0.0348817482590675 0.0632735267281532 0.0046999272890389 0.000819260254502296 0.00178897776640952 0.00448896363377571 0.0132815428078175 0.0263958498835564 0.193684905767441 0.252846509218216 0.39612478017807 0.477564096450806 0.221864312887192 0.0260702837258577 0.00609240168705583 0.00470306072384119
-3.4e+38 -3.4e+38 -3.4e+38 -3.4e+38 -3.4e+38 -3.4e+38 -3.4e+38 -3.4e+38 -3.4e+38 -3.4e+38 -3.4e+38 -3.4e+38 -3.4e+38 -3.4e+38 -3.4e+38 -3.4e+38 -3.4e+38 -3.4e+38 -3.4e+38 -3.4e+38 -3.4e+38 -3.4e+38 -3.4e+38 -3.4e+38 -3.4e+38 -3.4e+38 -3.4e+38 0.00179123610723764 0.00665695080533624 0.0192612539976835 0.0477540791034698 0.0566500015556812 0.0144225917756557 0.0147117888554931 0.00151470093987882 0.000992005923762918 0.00207796855829656 0.00511412369087338 0.00879762787371874 0.0407025329768658 0.26512336730957 0.298271298408508 0.292019128799438 0.311876654624939 0.288891524076462 0.0442320853471756 0.00502839405089617
-3.4e+38 -3.4e+38 -3.4e+38 -3.4e+38 -3.4e+38 -3.4e+38 -3.4e+38 -3.4e+38 -3.4e+38 -3.4e+38 -3.4e+38 -3.4e+38 -3.4e+38 -3.4e+38 -3.4e+38 -3.4e+38 -3.4e+38 -3.4e+38 -3.4e+38 -3.4e+38 -3.4e+38 -3.4e+38 -3.4e+38 -3.4e+38 -3.4e+38 -3.4e+38 -3.4e+38 -3.4e+38 0.00267856940627098 0.00954181607812643 0.0269649401307106 0.0170013383030891 0.020857309922576 0.030533354729414 0.00632950011640787 0.00356689072214067 0.000858869520016015 0.00223766313865781 0.00658469554036856 0.0131290750578046 0.0663319230079651 0.20195971429348 0.217806160449982 0.13473080098629 0.0188776906579733 0.00666265375912189 0.0041809631511569
