data/climate_estimation/maxent_output/Smilax_riparia.asc
NCOLS 500 
NROWS 311 
XLLCORNER 101.083333333333 
YLLCORNER 17.9166666666667 
CELLSIZE 0.0833333333333333 
NODATA_value -3.4e+38 
[rows 69 to 91 of 311, columns 102 to 152 of 500]
0.00021520238078665 0.000215268126339652 0.00035613909130916 0.000388574932003394 0.0004614180943463 0.000543581321835518 0.00059219915419817 0.000641645165160298 0.000697652343660593 0.00075314671266824 0.000746191537473351 0.000745485303923488 0.000891310453880578 0.00105304410681129 0.00105579860974103 0.00114333466626704 0.00114272546488792 0.00114293582737446 0.0019022268243134 0.00207339902408421 0.0022216560319066 0.00191096065100282 0.0024243884254247 0.00278972135856748 0.00225362763740122 0.00194604927673936 0.00165123830083758 0.00152482045814395 0.00140707625541836 0.00181176618207246 0.00197283388115466 0.00234073842875659 0.00198363652452826 0.00199556606821716 0.00072611280484125 0.000369202432921156 0.000523540598805994 0.000623186933808029 0.000809587654657662 0.00133992312476039 0.00159452902153134 0.00188941915985197 0.00242634420283139 0.00265461741946638 0.00266095204278827 0.00207758415490389 0.00246443250216544 0.0029102792032063 0.00374061451293528 0.00443112524226308 0.00862295273691416
0.000257832172792405 0.000392406509490684 0.000389520602766424 0.000423245568526909 0.000458090216852725 0.000543354777619243 0.0005916798254475 0.000702716992236674 0.000761706498451531 0.000759341404773295 0.000752718769945204 0.000721234129741788 0.000887549598701298 0.000969480432104319 0.00106163928285241 0.0010650617768988 0.00106190843507648 0.00106172158848494 0.00176351307891309 0.00192167132627219 0.00177502597216517 0.00207442766986787 0.00243137031793594 0.00285100727342069 0.00248630018904805 0.00212961179204285 0.00270551512949169 0.00213432055898011 0.00181510706897825 0.00119728629942983 0.00120019621681422 0.0012071281671524 0.0012040346628055 0.000862767221406102 0.000664626597426832 0.000440930773038417 0.000571435783058405 0.00158351508434862 0.00336703262291849 0.00124112539924681 0.000818340224213898 0.000763106974773109 0.000899932230822742 0.00137277680914849 0.00314598064869642 0.0034403083845973 0.00373735860921443 0.00347246415913105 0.00318592484109104 0.00573839526623487 0.00676376605406404
0.000284276233287528 0.000430454238085076 0.00046723207924515 0.000464012497104704 0.000504350813571364 0.00054292700951919 0.000645898107904941 0.000704459962435067 0.000765748787671328 0.000830838805995882 0.000827013340312988 0.000822986534330994 0.000726505182683468 0.00089609605493024 0.000899106671568006 0.000978810712695122 0.000979689182713628 0.000982197350822389 0.00163556856568903 0.00178426445927471 0.00178573839366436 0.0025781833101064 0.00223694415763021 0.00246502622030675 0.00332604022696614 0.00337299960665405 0.00319551001302898 0.00233863200992346 0.00216193753294647 0.00155078084208071 0.00120762141887099 0.00143043184652925 0.00200188043527305 0.00121843290980905 0.000609192124102265 0.000475188600830734 0.000623255094978958 0.00113503518514335 0.00124409375712276 0.00124771124683321 0.000893434684257954 0.000828884774819016 0.000910507515072823 0.0012668693671003 0.00177575403358787 0.00294626457616687 0.00318598770536482 0.00348918023519218 0.0057653458788991 0.00681963097304106 0.00876129977405071
0.000310380739392713 0.000310167990392074 0.000335921591613442 0.000335470627760515 0.000363001774530858 0.000393664988223463 0.00042371146264486 0.000705421611201018 0.000771451566834003 0.000837161438539624 0.000835374288726598 0.000833810947369784 0.000823953014332801 0.000723308010492474 0.000828159099910408 0.000905585009604692 0.000902573578059673 0.000990569940768182 0.000996885122731328 0.00152642431203276 0.00180055550299585 0.00268076336942613 0.00285475142300129 0.00310811726376414 0.00348405353724957 0.00297639332711697 0.00351270544342697 0.00352941313758492 0.00302740070037544 0.0021719834767282 0.00237068417482078 0.00219087395817041 0.00426064571365714 0.00202244915999472 0.000947525142692029 0.000844732625409961 0.000627187371719629 0.000817334628663957 0.000696463801432401 0.000979326665401459 0.000827720214147121 0.000909628754016012 0.00107969576492906 0.00192561012227088 0.00411085831001401 0.00571820326149464 0.00527399126440287 0.00486664986237884 0.00743028987199068 0.00955196749418974 0.0149497473612428
0.000312918971758336 0.000311099196551368 0.000338367011863738 0.000365492713171989 0.000396332092350349 0.000430587562732399 0.000467243429739028 0.000506716198287904 0.000771756574977189 0.000840644293930382 0.000843890593387187 0.000843394140247256 0.000836408988106996 0.000718466064427048 0.00082913285586983 0.000832487537991256 0.000911690294742584 0.00100260181352496 0.00100671849213541 0.00153108453378081 0.00181648472789675 0.00214979634620249 0.00296304933726788 0.00277130492031574 0.00255067832767963 0.00235136761330068 0.00236023683100939 0.00279287272132933 0.00358887249603868 0.00361354113556445 0.00392436236143112 0.00308057107031345 0.0024048185441643 0.00187578692566603 0.00102480268105865 0.000738472503144294 0.00081257987767458 0.000892852782271802 0.000756217923481017 0.000901757564861327 0.00107145169749856 0.00107230932917446 0.00163597043137997 0.00318733300082386 0.00526292389258742 0.00799349788576365 0.0157882422208786 0.00804865453392267 0.0122385025024414 0.0150100626051426 0.0218452140688896
0.000313020515022799 0.000339623598847538 0.00033762730890885 0.000366838532499969 0.000397946540033445 0.000431934458902106 0.000470575439976528 0.000508327560964972 0.000777535373345017 0.000848999770823866 0.000848048308398575 0.000848789350129664 0.000844929716549814 0.000771837483625859 0.000666890584398061 0.0008413030882366 0.000925630156416446 0.00101157801691443 0.000929116911720484 0.00167556549422443 0.00182642531581223 0.00216866820119321 0.00255644507706165 0.0031590024009347 0.00304085924290121 0.00258298218250275 0.00219477200880647 0.00306855491362512 0.00202959263697267 0.00261106016114354 0.00203659711405635 0.0014659243170172 0.00123610824812204 0.00102031033020467 0.00110108021181077 0.000879693776369095 0.00096646195743233 0.00115430739242584 0.000900032347999513 0.00116635125596076 0.001780227990821 0.00317665375769138 0.00484461709856987 0.00528274290263653 0.00676836958155036 0.00863201916217804 0.0180293545126915 0.0181218907237053 0.0160184632986784 0.0194897726178169 0.0229717772454023
0.000315182871418074 0.000341797102009878 0.000371834292309359 0.000404278340283781 0.000401907513150945 0.000436590635217726 0.000471946084871888 0.000470635655801743 0.000778758781962097 0.000785357959102839 0.000782128947321326 0.000852957309689373 0.000780824397224933 0.000778998655732721 0.000680371304042637 0.000852810859214514 0.00093507586279884 0.000937231932766736 0.00101455627009273 0.00110843940638006 0.0018389062024653 0.00218793051317334 0.00279937055893242 0.00346266222186387 0.00355897145345807 0.003611302934587 0.00307478057220578 0.00241041975095868 0.00188616500236094 0.0017447822028771 0.00123405025806278 0.000986466300673783 0.00109068665187806 0.00120452628470957 0.000875920988619328 0.00105632585473359 0.00125502899754792 0.00149179168511182 0.00192546285688877 0.00210206024348736 0.00318844546563923 0.00484281219542027 0.0130317006260157 0.0130489123985171 0.0169340204447508 0.0204519852995872 0.0257441066205502 0.0251456033438444 0.0219198800623417 0.0241015162318945 0.0262057799845934
0.00034571488504298 0.000345717096934095 0.000375703762983903 0.000405956292524934 0.000405984930694103 0.000440347444964573 0.000477093417430297 0.000475400622235611 0.000719425966963172 0.000782665621954948 0.000787225144449621 0.000790958583820611 0.000717416754923761 0.000636745942756534 0.000720230920705944 0.000788858975283802 0.000789242156315595 0.000942640705034137 0.00102396740112454 0.00121374812442809 0.0020190121140331 0.00238270522095263 0.00259601720608771 0.003336644731462 0.00392261473461986 0.00364297442138195 0.00364785525016487 0.00336815766058862 0.00243965489789844 0.0012163354549557 0.00108010077383369 0.00117471604607999 0.00131534924730659 0.00143167213536799 0.00103699951432645 0.00125494680833071 0.00149013556074351 0.00192567834164947 0.00270995916798711 0.00410633906722069 0.00865408405661583 0.0130481822416186 0.0168633293360472 0.020468944683671 0.0204715151339769 0.0256624948233366 0.0264491159468889 0.0428354926407337 0.0272084400057793 0.0279769599437714 0.0289309304207563
0.000347653985954821 0.000378156662918627 0.000376315350877121 0.000409649917855859 0.000407849438488483 0.000442483549704775 0.000442558550275862 0.000730693456716835 0.000727834878489375 0.00072250230005011 0.000728159619029611 0.000732261105440557 0.000640269892755896 0.000638630182947963 0.000727104838006198 0.000730948522686958 0.000797527027316391 0.000946982763707638 0.0011244973866269 0.00186258112080395 0.00239982223138213 0.00283413985744119 0.00307904207147658 0.00335580413229764 0.00310824974440038 0.00263943313620985 0.00225620740093291 0.00190876354463398 0.00145922147203237 0.00128624145872891 0.00128949200734496 0.00142122083343565 0.00144199875649065 0.00172618206124753 0.00136768235825002 0.00177619000896811 0.00249601947143674 0.00377882993780077 0.00485984282568097 0.00799287669360638 0.0111227361485362 0.0168330036103725 0.0180378798395395 0.0358863100409508 0.0398502349853516 0.0418432019650936 0.0408887080848217 0.0430950783193111 0.0451727211475372 0.0475143492221832 0.0478337332606316
0.000352060771547258 0.000380964629584923 0.000380774232326075 0.000413426081649959 0.000411350309150293 0.000447019847342744 0.000447446072939783 0.000677812553476542 0.000736680871341377 0.000671747431624681 0.000668520340695977 0.000737933209165931 0.0006114412099123 0.000577386817894876 0.000674785522278398 0.000740606395993382 0.000874729710631073 0.00103858590591699 0.00187214382458478 0.00203488557599485 0.00221723830327392 0.00262175151146948 0.00286454847082496 0.00264725461602211 0.00243757432326674 0.00207561394199729 0.00155071297194809 0.00138279562816024 0.00140269170515239 0.00142633088398725 0.00155395374167711 0.00155767542310059 0.00188489991705865 0.00229184958152473 0.00295482925139368 0.00625452678650618 0.0120595963671803 0.0102599170058966 0.0131982024759054 0.0102794356644154 0.0112350452691317 0.0139745436608791 0.0193125177174807 0.0227565038949251 0.0391171053051949 0.0429394841194153 0.0440135486423969 0.0451010800898075 0.0475007444620132 0.051926214247942 0.0529119074344635
0.000383854639949277 0.000383224018150941 0.000414687528973445 0.000415450514992699 0.000414819485740736 0.000450727209681645 0.00068280566483736 0.000682649144437164 0.00067941821180284 0.000676619994919747 0.000616361561696976 0.000620483886450529 0.000555381993763149 0.000620940409135073 0.000677264062687755 0.000807977397926152 0.000961685087531805 0.00104307837318629 0.00205493182875216 0.00223704823292792 0.00263235787861049 0.00264063803479075 0.00265137595124543 0.00245017628185451 0.0022614598274231 0.0019007254159078 0.00168244447559118 0.00166682305280119 0.00166516075842083 0.00169778370764107 0.00170068093575537 0.00189663702622056 0.0027179669123143 0.0044968263246119 0.00576621340587735 0.0102681927382946 0.0183055773377419 0.0155599033460021 0.015628382563591 0.0156849175691605 0.0112592270597816 0.0140347965061665 0.0311352089047432 0.0346503145992756 0.0391945019364357 0.0432182215154171 0.045311376452446 0.0700322464108467 0.0792406350374222 0.0522378906607628 0.0529565960168839
0.000384729879442602 0.000419069663621485 0.00041853086440824 0.000417315983213484 0.000632073963060975 0.000631183793302625 0.000630528258625418 0.000632716866675764 0.00062781642191112 0.000621649902313948 0.000562749803066254 0.000556975253857672 0.000629157351795584 0.000630796595942229 0.000683490710798651 0.000815889972727746 0.000968191830907017 0.00114538928028196 0.00205874955281615 0.00243710819631815 0.00265317503362894 0.00266617583110929 0.00266992207616568 0.00246497266925871 0.00247484818100929 0.0022680745460093 0.00202263728715479 0.00198560790158808 0.00201479042880237 0.00204115896485746 0.00250932318158448 0.0029638500418514 0.00415984075516462 0.00803750567138195 0.0111911706626415 0.010324714705348 0.01689144782722 0.0132743343710899 0.013305707834661 0.0170441623777151 0.0185806956142187 0.0258589312434196 0.0345222465693951 0.0375291667878628 0.0385931059718132 0.0422902628779411 0.0738722607493401 0.0785747468471527 0.0512748174369335 0.0531411916017532 0.0536484010517597
0.000389189517591149 0.000639681704342365 0.000638742989394814 0.000637509336229414 0.000637294491752982 0.000635792559478432 0.000633943011052907 0.000635740288998932 0.000629405898507684 0.000508970930241048 0.000501440314110368 0.000579734041821212 0.000637871795333922 0.000693519832566381 0.000752330466639251 0.000891248637344688 0.00096910196589306 0.00175324408337474 0.00207180832512677 0.00244616321288049 0.00267127435654402 0.0026830593124032 0.00268411124125123 0.00270446389913559 0.00294483150355518 0.00295564066618681 0.00270925112999976 0.00241097854450345 0.00269038625992835 0.00354119250550866 0.00493276352062821 0.00628157565370202 0.00875650905072689 0.0216678641736507 0.0144100785255432 0.0144067425280809 0.0122712012380362 0.0123070338740945 0.0133390417322516 0.0170603133738041 0.0213944725692272 0.0294740367680788 0.0362684018909931 0.0403010249137878 0.0423397906124592 0.0433648452162743 0.046942450106144 0.0781465396285057 0.0506860390305519 0.081640399992466 0.0534647181630135
0.000646538392174989 0.000644893967546523 0.000700299278832972 0.000697789946570992 0.000638964876998216 0.000638110446743667 0.000635441916529089 0.000638361205346882 0.000584330467972904 0.00051220681052655 0.000524188100825995 0.000583310145884752 0.000639760284684598 0.000698103685863316 0.000823670823592693 0.000898387050256133 0.00106316048186272 0.00176128419116139 0.00208227522671223 0.002261558547616 0.0026829969137907 0.00269045657478273 0.0026969532482326 0.00271084625273943 0.00295524974353611 0.00296315271407366 0.00295576825737953 0.00352423149161041 0.00416938681155443 0.0133119281381369 0.0132856601849198 0.0170351918786764 0.0257124193012714 0.0301066171377897 0.0280484408140182 0.0133277084678411 0.0104443905875087 0.012316488660872 0.0171462502330542 0.0186739321798086 0.0213441774249077 0.0294071789830923 0.0374578572809696 0.040411289781332 0.0442570075392723 0.0741972252726555 0.0753185153007507 0.0471620261669159 0.0514694787561893 0.0815959423780441 0.0816388502717018
0.000705035345163196 0.000649905588943511 0.000703889818396419 0.00070156273432076 0.000642433413304389 0.000640706275589764 0.000587188464123756 0.000583231914788485 0.00058476667618379 0.000443438271759078 0.00053344969637692 0.000642910075839609 0.000645123363938183 0.00076136103598401 0.000827275332994759 0.000900856102816761 0.00106661592144519 0.00192852190230042 0.00227535679005086 0.0024813124909997 0.00269540981389582 0.00270220311358571 0.0027081451844424 0.00271652732044458 0.00296184071339667 0.00323325651697814 0.00322287390008569 0.00384002621285617 0.0144703146070242 0.0252385884523392 0.0218501556664705 0.0185944251716137 0.0219067502766848 0.0219467263668776 0.0280673336237669 0.0280786491930485 0.0123445661738515 0.0133561948314309 0.0145524479448795 0.0186204444617033 0.0242546182125807 0.0313457734882832 0.037617851048708 0.0395376980304718 0.0692662671208382 0.0716322287917137 0.0463285632431507 0.0481776893138885 0.0517281554639339 0.0821351930499077 0.0820658653974533
0.00076893373625353 0.00077146157855168 0.000706529943272471 0.000705569284036756 0.000648127286694944 0.000648568326141685 0.000593631586525589 0.000589418574236333 0.000533815938979387 0.00049051339738071 0.00058039539726451 0.000646177504677325 0.000701744051184505 0.000767145771533251 0.000832170073408633 0.000984814367257059 0.00162908679340035 0.00193640089128166 0.0022881249897182 0.00270572258159518 0.00270871608518064 0.00294582499191165 0.00321796140633523 0.00323254987597466 0.00295894406735897 0.00322326365858316 0.00385866779834032 0.0088339950889349 0.0181838572025299 0.027094904333353 0.0248067118227482 0.0172120537608862 0.0171973649412394 0.0202731713652611 0.0259598810225725 0.026041166856885 0.011374656111002 0.0134142637252808 0.0171360019594431 0.0200592335313559 0.0242704246193171 0.0276099778711796 0.0346730574965477 0.0607834309339523 0.0727828815579414 0.0706315264105797 0.0447259657084942 0.047412782907486 0.0773006528615952 0.053528293967247 0.0537365972995758
0.000837669707834721 0.000838254694826901 0.000767387275118381 0.000707130180671811 0.000652536284178495 0.000598301005084068 0.000595890742260963 0.000592661264818162 0.000591386400628835 0.000499830930493772 0.000549503194633871 0.000705256243236363 0.000703232188243419 0.000766320037655532 0.00090833572903648 0.000986419734545052 0.0016322472365573 0.00193927099462599 0.00229805521667004 0.00271674478426576 0.00295679667033255 0.00295615522190928 0.00322059472091496 0.00323605327866971 0.00321807968430221 0.00293490127660334 0.00418006489053369 0.0053963391110301 0.0197798032313585 0.0237402804195881 0.0239425301551819 0.0172540545463562 0.017299422994256 0.0187361761927605 0.0239352397620678 0.0203502308577299 0.0123524032533169 0.013383811339736 0.0281579811125994 0.0368360131978989 0.0416157990694046 0.0276617333292961 0.0497844181954861 0.063778318464756 0.104589954018593 0.0655685886740685 0.044646929949522 0.0463032759726048 0.0500514470040798 0.0517661646008492 0.0523706860840321
0.00084560748655349 0.000780442147515714 0.000775715103372931 0.000705098151229322 0.000652573944535106 0.000648547662422061 0.000598273472860456 0.000600230239797384 0.000598266953602433 0.00063996366225183 0.000535505532752723 0.000696541275829077 0.000763932708650827 0.000835197162814438 0.000910323695279658 0.00150617107283324 0.00163551361765712 0.00194137601647526 0.00229728827252984 0.00272859563119709 0.00322483363561332 0.0032285621855408 0.00352061842568219 0.00324498349800706 0.00322120427154005 0.00273799011483788 0.00351572036743164 0.00540543580427766 0.02037931419909 0.0244067031890154 0.0203908998519182 0.0172909405082464 0.0187931545078754 0.0172811914235353 0.0240282099694014 0.0221427716314793 0.0203397832810879 0.021988857537508 0.0259846430271864 0.0366775281727314 0.0389481782913208 0.0443671904504299 0.0498064085841179 0.0606810301542282 0.0717472061514854 0.0680845156311989 0.0682922899723053 0.0461259074509144 0.0440717004239559 0.0483730807900429 0.0534152835607529
0.000783094845246524 0.000719046161975712 0.000717226299457252 0.000714282738044858 0.000709795276634395 0.000649756635539234 0.000645066320430487 0.000643162056803703 0.000646257249172777 0.000647489505354315 0.000591871270444244 0.000692550733219832 0.000838636246044189 0.00138802512083203 0.00138411577790976 0.00149951700586826 0.00178427656646818 0.00212023756466806 0.00251641869544983 0.00324590923264623 0.00353445182554424 0.00384936481714249 0.00384696898981929 0.0035211662761867 0.00283980555832386 0.00239813816733658 0.00375158293172717 0.0105172889307141 0.0204309280961752 0.0188137218356133 0.0173937007784843 0.0173370949923992 0.0173256192356348 0.0188366323709488 0.0283205639570951 0.0239878967404366 0.0240681394934654 0.02598319016397 0.0259734243154526 0.0302058476954699 0.0342369861900806 0.0363798066973686 0.0520593039691448 0.0564504191279411 0.0619245357811451 0.0620892383158207 0.0665236189961433 0.0469492524862289 0.0434783138334751 0.0471318922936916 0.0546372719109058
0.000667122076265514 0.000665361410938203 0.000663427112158388 0.000661826983559877 0.000659655488561839 0.00065711309434846 0.000657207507174462 0.000653986586257815 0.000644257001113147 0.000632552662864327 0.000586217676755041 0.000671444984618574 0.000760085298679769 0.00126040366012603 0.0013792288955301 0.00164567970205098 0.0017904156120494 0.00212405645288527 0.0025173551402986 0.00326170166954398 0.00353702413849533 0.0038463338278234 0.00384321017190814 0.00321572227403522 0.00270092883147299 0.00290902121923864 0.0082157077267766 0.0204814001917839 0.0135603779926896 0.0135469818487763 0.015998300164938 0.0174058079719543 0.0173298679292202 0.01883415132761 0.024110421538353 0.0282918512821198 0.0261082835495472 0.0283023342490196 0.0322985388338566 0.0321670211851597 0.0320364981889725 0.0363066233694553 0.0467486940324306 0.0543510764837265 0.0540221408009529 0.0570900328457355 0.0692609697580338 0.075666144490242 0.0773449912667274 0.0503434054553509 0.0468982644379139
0.000668152119033039 0.000721945951227099 0.000720635813195258 0.000718155468348414 0.000716538808774203 0.000717875722330064 0.00066033034818247 0.000658102275338024 0.000715081056114286 0.00071098399348557 0.000579607905820012 0.00117305782623589 0.00129099877085537 0.00139609258621931 0.00150954409036785 0.00179047312121838 0.00195631431415677 0.00232190010137856 0.0025206187274307 0.00299060996621847 0.00537753710523248 0.00584630994126201 0.00384782766923308 0.00315836421214044 0.00253485841676593 0.00280389678664505 0.00818812567740679 0.015982860699296 0.0105317886918783 0.0147341247648001 0.0173935201019049 0.0174343623220921 0.0159709230065346 0.0222424808889627 0.0262117180973291 0.0261154007166624 0.0259816590696573 0.0281580984592438 0.0280732959508896 0.030064795166254 0.031889233738184 0.0360119566321373 0.0410410724580288 0.0558400601148605 0.0575649924576283 0.0571627914905548 0.0647361427545547 0.0691578611731529 0.0729213505983353 0.0504513569176197 0.0476920008659363
0.00066772400168702 0.000614191289059818 0.000665753439534456 0.000719810661394149 0.000719141738954931 0.000716045149601996 0.000713423651177436 0.00108611304312944 0.00107933150138706 0.00106633815448731 0.000893657212145627 0.00116891879588366 0.00140906206797808 0.0015270144212991 0.00165069766808301 0.00180763052776456 0.00234019733034074 0.00254645780660212 0.00300572114065289 0.00494447350502014 0.00586980767548084 0.00585648696869612 0.00351969106122851 0.00263211037963629 0.00221808860078454 0.00244850618764758 0.00389635912142694 0.0089278444647789 0.00970365852117538 0.0147738577798009 0.0174046158790588 0.017376309260726 0.0174082405865192 0.0242239981889725 0.0428274646401405 0.0454829595983028 0.0305099077522755 0.028223417699337 0.0302137061953545 0.0299503784626722 0.0318331271409988 0.0336669087409973 0.0383549071848392 0.0515290796756744 0.0558094009757042 0.0616730414330959 0.0973781570792198 0.108192816376686 0.112324677407742 0.0817810297012329 0.0438619367778301
0.000615742697846144 0.000567867944482714 0.000615050259511918 0.00101288862060755 0.0010116450721398 0.00109427783172578 0.00108922645449638 0.00108693412039429 0.00108387996442616 0.00106371741276234 0.00089481205213815 0.00128705019596964 0.00141233636531979 0.00152409286238253 0.00180653599090874 0.00196306663565338 0.002338623162359 0.00421529682353139 0.00497421389445662 0.00542370742186904 0.0058654323220253 0.00586192077025771 0.0030809948220849 0.00221215537749231 0.00237915455363691 0.00269771809689701 0.00584526220336556 0.00811417400836945 0.0105186030268669 0.0135618699714541 0.0174784436821938 0.0174270235002041 0.01888657361269 0.0366299003362656 0.0456717796623707 0.055097907781601 0.0515634454786777 0.0304175298660994 0.0302790123969316 0.0300755444914103 0.0318365842103958 0.0315691083669662 0.0380701459944248 0.0778905600309372 0.0835271179676056 0.100922793149948 0.106503449380398 0.144496783614159 0.144147232174873 0.114033870398998 0.0619999207556248
