data/climate_estimation/maxent_output/Smilax_discotis.asc
NCOLS 225 
NROWS 141 
XLLCORNER 99.75 
YLLCORNER 23.0833333333333 
CELLSIZE 0.0833333333333333 
NODATA_value -3.4e+38 
[rows 40 to 59 of 141, columns 132 to 175 of 225]
0.871968984603882 0.884189486503601 0.870392203330994 0.867236137390137 0.874818742275238 0.872360587120056 0.830683410167694 0.810111999511719 0.832663416862488 0.832660257816315 0.810652494430542 0.784381508827209 0.770170509815216 0.764029741287231 0.726028442382812 0.694847583770752 0.682476699352264 0.706883728504181 0.672802209854126 0.657120823860168 0.641310930252075 0.643307864665985 0.621750891208649 0.631185054779053 0.627816379070282 0.631837069988251 0.678933203220367 0.662081301212311 0.603600561618805 0.58392858505249 0.608346343040466 0.567051410675049 0.551672101020813 0.538547039031982 0.571964979171753 0.54229611158371 0.543608486652374 0.545998811721802 0.534646928310394 0.529384970664978 0.550400614738464 0.57234787940979 0.543990850448608 0.54749196767807
0.866680800914764 0.885099768638611 0.864770829677582 0.847716987133026 0.873026669025421 0.870266377925873 0.854196012020111 0.824685633182526 0.811376571655273 0.796187937259674 0.782021880149841 0.771989524364471 0.764233410358429 0.755712270736694 0.742563843727112 0.707932710647583 0.693418085575104 0.683484435081482 0.668576061725616 0.661313533782959 0.630626618862152 0.631459295749664 0.625175416469574 0.605920314788818 0.594608306884766 0.604176878929138 0.636226415634155 0.611864030361176 0.614792466163635 0.575396120548248 0.577478110790253 0.559459328651428 0.549322903156281 0.531840443611145 0.502280175685883 0.504123628139496 0.530025482177734 0.529694795608521 0.488791555166245 0.511549413204193 0.528787136077881 0.554008960723877 0.534869253635406 0.53028529882431
0.879824936389923 0.887433171272278 0.887786269187927 0.859092593193054 0.855450510978699 0.872722685337067 0.850313782691956 0.846609473228455 0.818378984928131 0.774248719215393 0.783424079418182 0.792282342910767 0.761128604412079 0.743302047252655 0.737970232963562 0.740170001983643 0.695000171661377 0.676441788673401 0.662027537822723 0.645690023899078 0.645031869411469 0.626048862934113 0.594587922096252 0.573306918144226 0.581605732440948 0.601141631603241 0.580957353115082 0.56526392698288 0.552210748195648 0.521793246269226 0.522220849990845 0.517231106758118 0.499860614538193 0.507065713405609 0.492652356624603 0.489604860544205 0.48494079709053 0.483555525541306 0.474474489688873 0.479681551456451 0.508156478404999 0.561829388141632 0.517901599407196 0.501355111598969
0.873944699764252 0.880974948406219 0.86647355556488 0.865005910396576 0.86151111125946 0.86635410785675 0.863146424293518 0.836376428604126 0.836875259876251 0.785925626754761 0.780456900596619 0.779841065406799 0.771742165088654 0.728765606880188 0.733400344848633 0.742919445037842 0.712150394916534 0.687976598739624 0.689593493938446 0.674471855163574 0.661547064781189 0.616674959659576 0.579785704612732 0.542286276817322 0.550077736377716 0.536641776561737 0.570859134197235 0.553029119968414 0.539190948009491 0.495599925518036 0.498317331075668 0.468039959669113 0.463596969842911 0.448945909738541 0.446728080511093 0.450551927089691 0.476496458053589 0.474729657173157 0.468814551830292 0.4715875685215 0.47641333937645 0.529956698417664 0.494807481765747 0.454997569322586
0.855211973190308 0.871578454971313 0.87117725610733 0.886675417423248 0.878755867481232 0.857898652553558 0.862936556339264 0.837705969810486 0.834145963191986 0.809997141361237 0.760713815689087 0.778271198272705 0.768660604953766 0.727672278881073 0.714016914367676 0.716674029827118 0.720482230186462 0.685640215873718 0.685760736465454 0.684768497943878 0.684513688087463 0.625803649425507 0.563774228096008 0.546173214912415 0.527905941009521 0.52876490354538 0.502869307994843 0.503516316413879 0.484814941883087 0.484265476465225 0.452117383480072 0.451203346252441 0.449095606803894 0.44332081079483 0.441624641418457 0.447098255157471 0.462907999753952 0.460853576660156 0.457193613052368 0.449742287397385 0.453970789909363 0.465955555438995 0.4981729388237 0.489035457372665
0.875531792640686 0.856955766677856 0.856377959251404 0.875946521759033 0.855850696563721 0.87474262714386 0.858406364917755 0.846264362335205 0.846295177936554 0.839197218418121 0.761612296104431 0.757373154163361 0.746881008148193 0.72672975063324 0.696540892124176 0.681133985519409 0.702883839607239 0.673762321472168 0.663657426834106 0.664329171180725 0.643865883350372 0.578438103199005 0.530177414417267 0.496639102697372 0.484452545642853 0.505231499671936 0.457394421100616 0.439732223749161 0.448120266199112 0.463053613901138 0.423464179039001 0.429019838571548 0.441148936748505 0.430967152118683 0.433911263942719 0.432340383529663 0.419309556484222 0.417276710271835 0.438463479280472 0.439018994569778 0.452425092458725 0.472842395305634 0.481614828109741 0.49702787399292
0.864101767539978 0.879229724407196 0.872477948665619 0.866948068141937 0.859781205654144 0.86154580116272 0.859698593616486 0.859778046607971 0.842447578907013 0.826985895633698 0.783680438995361 0.740740418434143 0.723880350589752 0.687767386436462 0.686051309108734 0.659210860729218 0.646370112895966 0.639634847640991 0.619354605674744 0.608732283115387 0.571865737438202 0.522245228290558 0.487271279096603 0.461608201265335 0.434378772974014 0.421677380800247 0.420096516609192 0.423846811056137 0.420942515134811 0.400739252567291 0.399114459753036 0.399813771247864 0.397619843482971 0.398531824350357 0.393677175045013 0.413926720619202 0.413827627897263 0.410594910383224 0.418124139308929 0.424217224121094 0.452792704105377 0.483990758657455 0.496449530124664 0.496439844369888
0.869199156761169 0.862270355224609 0.838840544223785 0.831729352474213 0.860514044761658 0.862587153911591 0.87100613117218 0.847085356712341 0.847384512424469 0.831481218338013 0.787807166576385 0.725047707557678 0.714684844017029 0.673325836658478 0.656809210777283 0.639846622943878 0.631263613700867 0.619138896465302 0.584960401058197 0.529508650302887 0.515371441841125 0.461929440498352 0.436652898788452 0.417314797639847 0.397668361663818 0.369676411151886 0.403440654277802 0.369992345571518 0.372124314308167 0.367577970027924 0.359609305858612 0.35423943400383 0.356393247842789 0.357282727956772 0.370338022708893 0.373367160558701 0.383365303277969 0.409730553627014 0.439545691013336 0.337489187717438 0.469907224178314 0.358498781919479 0.496284633874893 0.516504645347595
0.862044453620911 0.859084486961365 0.83458548784256 0.85419088602066 0.868457019329071 0.868440449237823 0.856210649013519 0.84074479341507 0.821862101554871 0.809237539768219 0.793554306030273 0.722571134567261 0.702810883522034 0.65934431552887 0.620942056179047 0.598570942878723 0.564339935779572 0.529026925563812 0.521333813667297 0.507908642292023 0.472658276557922 0.425207078456879 0.39810636639595 0.372924536466599 0.353451013565063 0.353703111410141 0.344348132610321 0.341026067733765 0.333932816982269 0.334292650222778 0.328305870294571 0.345858842134476 0.347976893186569 0.345783084630966 0.371739029884338 0.382093220949173 0.39393475651741 0.395881205797195 0.317595720291138 0.343112945556641 0.348515301942825 0.366358250379562 0.377838641405106 0.376600742340088
0.851705133914948 0.84755265712738 0.850246787071228 0.854240238666534 0.858509719371796 0.843073725700378 0.839954912662506 0.853669464588165 0.801906704902649 0.787697196006775 0.748036444187164 0.717730820178986 0.692895591259003 0.626548171043396 0.57684600353241 0.554850399494171 0.512569904327393 0.499595493078232 0.454526543617249 0.445786684751511 0.413334250450134 0.382345110177994 0.362431883811951 0.338417887687683 0.317648112773895 0.314764976501465 0.318826586008072 0.313484579324722 0.313371926546097 0.31005784869194 0.307577013969421 0.308148592710495 0.340900748968124 0.350420206785202 0.359876155853271 0.389564663171768 0.288210242986679 0.318892538547516 0.322341531515121 0.343722879886627 0.374185055494308 0.390239506959915 0.40738320350647 0.415150314569473
0.828933954238892 0.827227115631104 0.833752930164337 0.845483720302582 0.841512262821198 0.847166478633881 0.842099368572235 0.803939342498779 0.804288327693939 0.767189621925354 0.733701050281525 0.700582027435303 0.62806510925293 0.554615557193756 0.535598814487457 0.510376751422882 0.492771416902542 0.452069401741028 0.421453505754471 0.384630441665649 0.370677709579468 0.351509153842926 0.325249671936035 0.319734960794449 0.294293373823166 0.281957656145096 0.277704566717148 0.27346459031105 0.267369210720062 0.268052846193314 0.295103669166565 0.305380940437317 0.322056144475937 0.34526139497757 0.357867866754532 0.287936240434647 0.293405145406723 0.327344298362732 0.34258908033371 0.360801339149475 0.364305019378662 0.395362019538879 0.41068708896637 0.405447214841843
0.777598977088928 0.817203998565674 0.820560276508331 0.828255414962769 0.834755539894104 0.834374725818634 0.818154633045197 0.785009145736694 0.775334715843201 0.734196543693542 0.674660265445709 0.651281952857971 0.592354655265808 0.553821742534637 0.511840283870697 0.474770784378052 0.424848079681396 0.409940421581268 0.381159991025925 0.371931612491608 0.324166744947433 0.302464187145233 0.292328000068665 0.281547158956528 0.270021349191666 0.255304336547852 0.245019748806953 0.242620825767517 0.248685449361801 0.274667948484421 0.284800410270691 0.311766147613525 0.320919960737228 0.325865894556046 0.261446982622147 0.285460829734802 0.301372647285461 0.314469128847122 0.337232798337936 0.34066504240036 0.374388188123703 0.38898441195488 0.40733402967453 0.405524730682373
0.785455405712128 0.808672606945038 0.797082424163818 0.814149260520935 0.798161447048187 0.802289605140686 0.781503558158875 0.761701047420502 0.715217053890228 0.686294436454773 0.629835307598114 0.584971725940704 0.526667833328247 0.50715184211731 0.464029371738434 0.434868186712265 0.409037917852402 0.374436348676682 0.336641401052475 0.330296784639359 0.300006598234177 0.286107957363129 0.279755800962448 0.247350692749023 0.243623062968254 0.242948740720749 0.246303826570511 0.252374976873398 0.260150611400604 0.270352870225906 0.295574486255646 0.296620547771454 0.310298711061478 0.340451091527939 0.246122494339943 0.26660344004631 0.295641988515854 0.309681951999664 0.341469347476959 0.349591374397278 0.374795973300934 0.385279387235641 0.411419957876205 0.409841001033783
0.7853022813797 0.788428783416748 0.787312984466553 0.778798937797546 0.769490957260132 0.770037114620209 0.718438923358917 0.699161887168884 0.672860741615295 0.621701121330261 0.584123134613037 0.532325446605682 0.489426702260971 0.478276938199997 0.423846244812012 0.381538063287735 0.360698342323303 0.336378186941147 0.335928410291672 0.309742122888565 0.287253856658936 0.267737686634064 0.248921051621437 0.249054670333862 0.245602205395699 0.251927554607391 0.254561394453049 0.266734719276428 0.275709271430969 0.276393890380859 0.28801366686821 0.299162328243256 0.30804055929184 0.334590762853622 0.244053184986115 0.267181634902954 0.275948584079742 0.300971001386642 0.327039211988449 0.355343908071518 0.345173567533493 0.370140135288239 0.396696835756302 0.38416787981987
0.757112681865692 0.751791536808014 0.74270635843277 0.764870882034302 0.74377316236496 0.732693672180176 0.711570024490356 0.679405093193054 0.604568421840668 0.585210621356964 0.54314774274826 0.523512482643127 0.474473536014557 0.435885816812515 0.394021391868591 0.373984187841415 0.35576993227005 0.34635791182518 0.342995077371597 0.298409879207611 0.275757670402527 0.267441600561142 0.259337604045868 0.262628972530365 0.250716984272003 0.242875009775162 0.261922985315323 0.268977701663971 0.274608463048935 0.282606363296509 0.301502287387848 0.297507047653198 0.302358150482178 0.235584452748299 0.24801068007946 0.265233784914017 0.276913911104202 0.300335496664047 0.326596468687057 0.343208491802216 0.352179735898972 0.361306071281433 0.374128818511963 0.385237693786621
0.716580808162689 0.736200630664825 0.737095594406128 0.737586796283722 0.714126348495483 0.684763431549072 0.666361927986145 0.651372253894806 0.605895936489105 0.563535749912262 0.537616729736328 0.476673185825348 0.430281817913055 0.391281217336655 0.374535918235779 0.372357308864594 0.357143968343735 0.35561329126358 0.338540941476822 0.329779744148254 0.302371710538864 0.282406330108643 0.260923504829407 0.252484887838364 0.249377697706223 0.247920721769333 0.248716041445732 0.268430143594742 0.270130753517151 0.274407953023911 0.302213072776794 0.308990478515625 0.214854255318642 0.233572006225586 0.243712663650513 0.262197315692902 0.273349702358246 0.295529693365097 0.327506601810455 0.330149859189987 0.349915474653244 0.347253799438477 0.362765520811081 0.356454133987427
0.7181596159935 0.716853320598602 0.702392935752869 0.690398931503296 0.691900491714478 0.688000619411469 0.63911235332489 0.61928927898407 0.574253737926483 0.514094293117523 0.470252215862274 0.431816726922989 0.405957013368607 0.37541863322258 0.374334901571274 0.352465271949768 0.36531075835228 0.338298320770264 0.334860473871231 0.30738353729248 0.296354681253433 0.289741188287735 0.260184943675995 0.258319467306137 0.258183181285858 0.259011715650558 0.250980705022812 0.264800280332565 0.271390736103058 0.275485813617706 0.283614546060562 0.291442573070526 0.300831079483032 0.223965391516685 0.240500584244728 0.258296459913254 0.268149077892303 0.288467735052109 0.297697305679321 0.323247164487839 0.342422962188721 0.350120842456818 0.339787989854813 0.351749986410141
0.707488477230072 0.714198052883148 0.684673190116882 0.675032794475555 0.641293466091156 0.606395959854126 0.593751847743988 0.580715715885162 0.520860314369202 0.481195062398911 0.436147689819336 0.422411173582077 0.380995661020279 0.353081434965134 0.352976411581039 0.335926622152328 0.339846193790436 0.325029164552689 0.327106565237045 0.324039041996002 0.292504698038101 0.285039365291595 0.282196074724197 0.252875536680222 0.260417014360428 0.259578078985214 0.251403242349625 0.250369638204575 0.272237360477448 0.272293150424957 0.274816364049911 0.299174815416336 0.219462707638741 0.217670887708664 0.234954729676247 0.255918949842453 0.266241371631622 0.285906851291656 0.297099202871323 0.309707403182983 0.339620918035507 0.337407767772675 0.345129638910294 0.349658399820328
0.662878096103668 0.643831193447113 0.645921289920807 0.611839234828949 0.592268586158752 0.580740749835968 0.519676685333252 0.503064095973969 0.458034664392471 0.440583258867264 0.403516262769699 0.39389306306839 0.37007150053978 0.357007741928101 0.329179763793945 0.331210523843765 0.327707767486572 0.298749327659607 0.300446718931198 0.299906939268112 0.270894944667816 0.262993305921555 0.263868004083633 0.252302229404449 0.250933289527893 0.253650784492493 0.241816818714142 0.246740475296974 0.249884590506554 0.268772006034851 0.269873827695847 0.296763390302658 0.213756829500198 0.218543350696564 0.229394122958183 0.237206146121025 0.264329940080643 0.281756728887558 0.291482746601105 0.307439744472504 0.318170011043549 0.338840186595917 0.331020832061768 0.336140483617783
0.653245210647583 0.585438072681427 0.587294280529022 0.584964752197266 0.578013062477112 0.556730031967163 0.489375948905945 0.468218058347702 0.453950941562653 0.420603483915329 0.397791296243668 0.370019227266312 0.359602242708206 0.327711135149002 0.322745710611343 0.321127861738205 0.30676406621933 0.297481924295425 0.288941383361816 0.286692470312119 0.265591770410538 0.263116747140884 0.260705143213272 0.245680257678032 0.248008608818054 0.25196036696434 0.246843591332436 0.246498495340347 0.246573954820633 0.264318436384201 0.267705529928207 0.290854394435883 0.211297363042831 0.220071077346802 0.235845521092415 0.248452216386795 0.264805644750595 0.277744889259338 0.290748298168182 0.305165648460388 0.312468141317368 0.306830048561096 0.324178516864777 0.335874378681183
