data/climate_estimation/maxent_output/Smilax_arisanensis.asc
NCOLS 333 
NROWS 165 
XLLCORNER 94.6666666666667 
YLLCORNER 20.9166666666667 
CELLSIZE 0.0833333333333333 
NODATA_value -3.4e+38 
[rows 120 to 139 of 165, columns 45 to 89 of 333]
0.657330393791199 0.627155721187592 0.609180808067322 0.545803070068359 0.39847120642662 0.310270696878433 0.319355189800262 0.487066835165024 0.29077073931694 0.204491019248962 0.235910892486572 0.290709912776947 0.163488030433655 0.159159407019615 0.164261341094971 0.149607703089714 0.151280954480171 0.14363993704319 0.155869349837303 0.164076283574104 0.143236070871353 0.143686398863792 0.153632089495659 0.136257782578468 0.0519235357642174 0.134140476584435 0.154224991798401 0.0826647728681564 0.0694286152720451 0.0815702378749847 0.164472624659538 0.131299465894699 0.0364150479435921 0.0538735315203667 0.0488086305558681 0.0404833145439625 0.0131267970427871 0.0386233478784561 0.0739880427718163 0.0382252559065819 0.0897466167807579 0.0713616013526917 0.0456147380173206 0.123710468411446 0.105666913092136
0.579522132873535 0.547210097312927 0.632208526134491 0.565126299858093 0.431523740291595 0.350389242172241 0.338728249073029 0.515991926193237 0.3515405356884 0.245775058865547 0.368156641721725 0.34232497215271 0.211363881826401 0.187378704547882 0.213525027036667 0.179271012544632 0.156586989760399 0.167968526482582 0.16882686316967 0.156684383749962 0.16741669178009 0.0859823152422905 0.120014332234859 0.162434071302414 0.0764013603329659 0.0635285973548889 0.176309376955032 0.13631084561348 0.0516123548150063 0.104352198541164 0.128129258751869 0.183679163455963 0.132541671395302 0.0267132930457592 0.0230632405728102 0.0341609828174114 0.0361735112965107 0.019417954608798 0.0304735545068979 0.0242984630167484 0.0557269304990768 0.0451149046421051 0.0325870662927628 0.0168854705989361 0.0315131843090057
0.556855201721191 0.545791566371918 0.582334160804749 0.529590129852295 0.512298047542572 0.512277543544769 0.537623405456543 0.5305255651474 0.362148731946945 0.411763519048691 0.418488293886185 0.360428839921951 0.293364018201828 0.234392181038857 0.25922879576683 0.211260706186295 0.182904824614525 0.18035963177681 0.19284850358963 0.173322081565857 0.0972557067871094 0.0913616567850113 0.115300484001637 0.127303838729858 0.115467853844166 0.0694812014698982 0.16037392616272 0.192616045475006 0.0784387663006783 0.0609759837388992 0.0757022500038147 0.157012328505516 0.194853439927101 0.140545427799225 0.0266576502472162 0.0127855893224478 0.0173552241176367 0.033682756125927 0.0120871504768729 0.0184462368488312 0.0110136345028877 0.0285727046430111 0.045514065772295 0.0286319311708212 0.033879566937685
0.528384983539581 0.519250094890594 0.586071610450745 0.485277950763702 0.46235528588295 0.483742088079453 0.556603908538818 0.495122045278549 0.525809943675995 0.463586539030075 0.432762175798416 0.385568201541901 0.331703215837479 0.311774671077728 0.283226311206818 0.247886806726456 0.224190890789032 0.211285665631294 0.197343423962593 0.190491810441017 0.157181158661842 0.152557894587517 0.182790845632553 0.196367740631104 0.116993829607964 0.118748538196087 0.168076232075691 0.207442238926888 0.214239552617073 0.058423638343811 0.0796000882983208 0.087157130241394 0.191191717982292 0.234446406364441 0.151007518172264 0.0239291004836559 0.0137259094044566 0.0427389293909073 0.00897954311221838 0.00823629461228848 0.0096279252320528 0.0881189182400703 0.0259739272296429 0.0315530188381672 0.0847907215356827
0.580390214920044 0.622254490852356 0.531572341918945 0.322705864906311 0.38912957906723 0.410184264183044 0.557963311672211 0.48748579621315 0.460802584886551 0.495018273591995 0.423141866922379 0.421854436397552 0.359528422355652 0.332697212696075 0.303606659173965 0.2595434486866 0.25154373049736 0.225740045309067 0.232173234224319 0.221243023872375 0.20690792798996 0.194622352719307 0.206768184900284 0.206251502037048 0.16458535194397 0.123960465192795 0.158700972795486 0.207638785243034 0.230290323495865 0.0821303725242615 0.0555841736495495 0.0742950737476349 0.0529201738536358 0.238196492195129 0.255174577236176 0.0602861046791077 0.0134273320436478 0.0281442888081074 0.0155706414952874 0.014267441816628 0.00617189984768629 0.0322995148599148 0.0136799775063992 0.044521477073431 0.14775738120079
0.547405481338501 0.51853734254837 0.43758288025856 0.407827973365784 0.514262437820435 0.580626666545868 0.497831493616104 0.532597601413727 0.532945036888123 0.481028169393539 0.454717695713043 0.432765662670135 0.399235755205154 0.363769769668579 0.292421489953995 0.270794242620468 0.26819908618927 0.294574946165085 0.275007545948029 0.196208253502846 0.245808035135269 0.235273763537407 0.242666006088257 0.241504833102226 0.208542928099632 0.107312999665737 0.171587705612183 0.216767027974129 0.157449766993523 0.127800971269608 0.0781827419996262 0.0623670108616352 0.0673692673444748 0.0648918673396111 0.26962211728096 0.267466932535172 0.0135693689808249 0.00976280216127634 0.0564267933368683 0.0976781919598579 0.0501461215317249 0.0221831481903791 0.132327631115913 0.0525414496660233 0.0586604103446007
0.513100922107697 0.546148657798767 0.501127004623413 0.494889110326767 0.530141711235046 0.559959053993225 0.498553097248077 0.52374529838562 0.479451864957809 0.51305615901947 0.450889736413956 0.452166527509689 0.417645454406738 0.404906243085861 0.249086946249008 0.294011116027832 0.333948940038681 0.291978240013123 0.265866100788116 0.266726851463318 0.281828045845032 0.275724917650223 0.273072808980942 0.226000815629959 0.218821719288826 0.207344383001328 0.266992658376694 0.252445578575134 0.135769605636597 0.15490660071373 0.0987769514322281 0.0464727096259594 0.102981001138687 0.0417965017259121 0.183211177587509 0.308090060949326 0.171546176075935 0.00846055243164301 0.0228677503764629 0.0582803525030613 0.0858768671751022 0.141611635684967 0.215330868959427 0.0417774729430676 0.0260123740881681
0.427598774433136 0.442899942398071 0.53369140625 0.478189408779144 0.448066353797913 0.56242573261261 0.496897637844086 0.536919593811035 0.533945024013519 0.491781681776047 0.506341934204102 0.487910270690918 0.459670275449753 0.380086332559586 0.291651248931885 0.397634953260422 0.299672216176987 0.299471527338028 0.338932454586029 0.308216065168381 0.314458578824997 0.28662633895874 0.30354979634285 0.18950717151165 0.162758782505989 0.211610555648804 0.287855237722397 0.223464265465736 0.0787428915500641 0.177963241934776 0.261934608221054 0.102046966552734 0.0724563971161842 0.0471318997442722 0.0566190257668495 0.261889070272446 0.328843414783478 0.0508104003965855 0.00997602939605713 0.0356285534799099 0.0530168861150742 0.0936809927225113 0.0811146646738052 0.0848613455891609 0.0251411683857441
0.461336135864258 0.49478355050087 0.530825316905975 0.504504203796387 0.525887608528137 0.476057916879654 0.503080368041992 0.517707109451294 0.443057537078857 0.446732550859451 0.43601456284523 0.496398985385895 0.485106736421585 0.357120484113693 0.410754323005676 0.384143054485321 0.34082242846489 0.377237409353256 0.353596478700638 0.341424196958542 0.329333156347275 0.314090460538864 0.312185645103455 0.230776160955429 0.200201705098152 0.209234222769737 0.286753863096237 0.232911840081215 0.0994204133749008 0.137754857540131 0.269071578979492 0.154552757740021 0.0720743760466576 0.15546290576458 0.051391214132309 0.0786443799734116 0.323100209236145 0.357963472604752 0.0220031421631575 0.00911859422922134 0.0305097289383411 0.0885539278388023 0.303187489509583 0.312471151351929 0.0391433276236057
0.417604029178619 0.453396677970886 0.408812612295151 0.478182017803192 0.497893571853638 0.484497159719467 0.435199022293091 0.472626149654388 0.451272636651993 0.419703453779221 0.366339355707169 0.42077761888504 0.461411863565445 0.434092402458191 0.415571123361588 0.389439046382904 0.435806632041931 0.380354642868042 0.373741060495377 0.393250614404678 0.371599227190018 0.364523380994797 0.320266485214233 0.200408637523651 0.169402524828911 0.242038071155548 0.234433710575104 0.328293651342392 0.137488454580307 0.140461340546608 0.254064977169037 0.353164553642273 0.104325078427792 0.256734699010849 0.153308779001236 0.0583429336547852 0.129186242818832 0.278892904520035 0.285297602415085 0.00929559860378504 0.0113561758771539 0.018469987437129 0.0656415596604347 0.12142426520586 0.0350051075220108
0.383610934019089 0.392109841108322 0.417590767145157 0.436976581811905 0.378046154975891 0.393135279417038 0.396357715129852 0.408604443073273 0.39994204044342 0.324980229139328 0.45756921172142 0.439583629369736 0.419424116611481 0.436429351568222 0.461491167545319 0.490058720111847 0.41043895483017 0.439566671848297 0.418894797563553 0.352633684873581 0.402142494916916 0.359049558639526 0.264642596244812 0.241775751113892 0.203368231654167 0.242394596338272 0.230081513524055 0.343717992305756 0.163192063570023 0.173136696219444 0.287604629993439 0.396666377782822 0.126097232103348 0.213698714971542 0.139527201652527 0.0561308562755585 0.0692531019449234 0.240447670221329 0.441908329725266 0.0760967209935188 0.00723143434152007 0.0308596659451723 0.0776075124740601 0.10996150970459 0.0358911342918873
0.38897117972374 0.338433980941772 0.302541553974152 0.369796961545944 0.369438797235489 0.32668662071228 0.383843034505844 0.405927509069443 0.399609059095383 0.394483685493469 0.424362748861313 0.416997253894806 0.401850432157516 0.416403412818909 0.352985382080078 0.416705220937729 0.359198451042175 0.357560604810715 0.434622466564178 0.443194538354874 0.438450872898102 0.296467930078506 0.281564801931381 0.217996463179588 0.185118168592453 0.244459912180901 0.254277259111404 0.370349675416946 0.17079071700573 0.20039664208889 0.345497757196426 0.382689595222473 0.166439354419708 0.204002842307091 0.278138220310211 0.0858392417430878 0.0690872371196747 0.214544221758842 0.427835255861282 0.419144630432129 0.0545152723789215 0.0112736606970429 0.0177990030497313 0.0835077464580536 0.36147278547287
0.284235954284668 0.251821756362915 0.268848836421967 0.293819040060043 0.272422164678574 0.342120140790939 0.369473427534103 0.393457174301147 0.37304612994194 0.372715502977371 0.334010452032089 0.398566484451294 0.33673506975174 0.357900977134705 0.403309673070908 0.41498589515686 0.486598134040833 0.440723776817322 0.385755568742752 0.473699241876602 0.408861637115479 0.305594503879547 0.258624017238617 0.229616418480873 0.206749066710472 0.298366278409958 0.337432026863098 0.225450351834297 0.239297643303871 0.323203474283218 0.50742518901825 0.432191044092178 0.218422546982765 0.190176859498024 0.315201997756958 0.193495213985443 0.148190394043922 0.155183270573616 0.367585629224777 0.510896861553192 0.292274445295334 0.0523268282413483 0.00678640371188521 0.0266094096004963 0.313557058572769
0.249546140432358 0.258933246135712 0.227207317948341 0.32363349199295 0.270492285490036 0.283654361963272 0.332214057445526 0.363530576229095 0.36589315533638 0.319309532642365 0.406824916601181 0.326623231172562 0.289730429649353 0.338471591472626 0.440760344266891 0.459201157093048 0.361621648073196 0.335214883089066 0.428314238786697 0.487608283758163 0.385695159435272 0.297265619039536 0.339756280183792 0.272027194499969 0.284280717372894 0.328562289476395 0.345149397850037 0.159003168344498 0.286564856767654 0.410755395889282 0.42853182554245 0.520840167999268 0.256471961736679 0.192394062876701 0.280423492193222 0.33789986371994 0.155417367815971 0.152927756309509 0.205125316977501 0.438590407371521 0.448951363563538 0.264213174581528 0.0886448696255684 0.0121470429003239 0.0347719639539719
0.252910852432251 0.257326662540436 0.234607189893723 0.197291031479836 0.237139865756035 0.263833284378052 0.238742277026176 0.316186755895615 0.265209794044495 0.383828371763229 0.414747208356857 0.276450842618942 0.316640883684158 0.38151353597641 0.42369145154953 0.402725398540497 0.337454497814178 0.399455279111862 0.500679075717926 0.500327050685883 0.329526007175446 0.436399310827255 0.474426299333572 0.278364807367325 0.377459853887558 0.341946750879288 0.256791293621063 0.201720461249352 0.375202596187592 0.389411777257919 0.374036610126495 0.544660806655884 0.473421424627304 0.347132474184036 0.264530152082443 0.373101562261581 0.163970142602921 0.313202172517776 0.309740513563156 0.340515792369843 0.428868681192398 0.388516783714294 0.41107451915741 0.439448356628418 0.0746853873133659
0.206964954733849 0.180349826812744 0.17519548535347 0.201834782958031 0.194032967090607 0.335648953914642 0.332863867282867 0.218386709690094 0.303528487682343 0.366913259029388 0.33319690823555 0.308824688196182 0.31103253364563 0.341428995132446 0.367212772369385 0.329365164041519 0.386228322982788 0.483452260494232 0.516147077083588 0.427378445863724 0.385410308837891 0.405649334192276 0.381642132997513 0.270575970411301 0.358514368534088 0.258731067180634 0.308506220579147 0.423892229795456 0.460119754076004 0.283222734928131 0.286372482776642 0.515649437904358 0.472502678632736 0.374956399202347 0.300349444150925 0.40017694234848 0.226350143551826 0.332811594009399 0.388954639434814 0.372498452663422 0.416130155324936 0.615404605865479 0.600520014762878 0.589914858341217 0.509337902069092
0.181967258453369 0.165317878127098 0.151727110147476 0.148526728153229 0.219140961766243 0.291802793741226 0.195278763771057 0.177734896540642 0.221169829368591 0.40252897143364 0.327081710100174 0.38664323091507 0.276933759450912 0.380400896072388 0.424182623624802 0.346872180700302 0.495999485254288 0.463618963956833 0.489894866943359 0.395115286111832 0.337794035673141 0.411706686019897 0.382131576538086 0.314428001642227 0.359902948141098 0.270654171705246 0.324820429086685 0.485183149576187 0.391153216362 0.275275021791458 0.27812784910202 0.409555554389954 0.426832556724548 0.338519304990768 0.32827091217041 0.381619781255722 0.38393422961235 0.245523154735565 0.40883132815361 0.359563529491425 0.401763945817947 0.465120941400528 0.609387934207916 0.601932227611542 0.612812280654907
0.116989590227604 0.136539936065674 0.118041008710861 0.141294881701469 0.180318012833595 0.175333499908447 0.159429594874382 0.177778482437134 0.265179961919785 0.333885222673416 0.303819686174393 0.391525000333786 0.330774486064911 0.379381150007248 0.431824505329132 0.435793519020081 0.415810823440552 0.442616730928421 0.455930680036545 0.333267509937286 0.402026414871216 0.465965807437897 0.388684898614883 0.377131760120392 0.426587343215942 0.325413644313812 0.297950774431229 0.415190428495407 0.319135308265686 0.272886335849762 0.290612548589706 0.346779763698578 0.427964329719543 0.401971876621246 0.341049820184708 0.368964731693268 0.501002907752991 0.392935365438461 0.362440794706345 0.408623576164246 0.408447951078415 0.383155673742294 0.641411006450653 0.651579022407532 0.652092576026917
0.117620281875134 0.106302164494991 0.133116468787193 0.131975844502449 0.131306365132332 0.129239484667778 0.132557779550552 0.188222378492355 0.250974386930466 0.287247210741043 0.331664443016052 0.372343361377716 0.41581991314888 0.357913255691528 0.509083688259125 0.466271042823792 0.325942933559418 0.40811949968338 0.597820699214935 0.540479779243469 0.367864400148392 0.366660535335541 0.322970151901245 0.379609942436218 0.430584102869034 0.288626313209534 0.3940389752388 0.2951779961586 0.265050083398819 0.310129731893539 0.440724968910217 0.423945993185043 0.474429666996002 0.468442291021347 0.351550072431564 0.381039172410965 0.413417905569077 0.488211572170258 0.380029112100601 0.356200218200684 0.405973166227341 0.408779859542847 0.530660390853882 0.663459122180939 0.652205765247345
0.157400131225586 0.114496178925037 0.102914072573185 0.107547886669636 0.113451644778252 0.11616089195013 0.0909514501690865 0.0992627367377281 0.114244610071182 0.183045610785484 0.205095291137695 0.250674605369568 0.331155449151993 0.423324227333069 0.491850048303604 0.496948510408401 0.346818953752518 0.375403195619583 0.571509063243866 0.576816320419312 0.384308516979218 0.312181711196899 0.312597990036011 0.386691749095917 0.434852927923203 0.342389643192291 0.295949429273605 0.282899975776672 0.347507566213608 0.445044666528702 0.505489408969879 0.428231507539749 0.494190096855164 0.494800895452499 0.492787927389145 0.4580018222332 0.45659351348877 0.449685752391815 0.58772337436676 0.455103516578674 0.402824461460114 0.547511219978333 0.682514011859894 0.597137868404388 0.642157793045044
