data/climate_estimation/maxent_output/Smilax_ferox.asc
NCOLS 416 
NROWS 118 
XLLCORNER 83.0833333333333 
YLLCORNER 22.25 
CELLSIZE 0.0833333333333333 
NODATA_value -3.4e+38 
[rows 20 to 39 of 118, columns 176 to 219 of 416]
0.00206487462855875 0.00119500432629138 0.00131319486536086 0.0016514576273039 0.00151550874579698 0.00138200388755649 0.00145837827585638 0.0016008042730391 0.00160043954383582 0.00136458466295153 0.00148558639921248 0.00150138279423118 0.00113914045505226 0.00153114029671997 0.00119306775741279 0.00140307890251279 0.00222237105481327 0.00187609985005111 0.00195327051915228 0.00218226760625839 0.00365909328684211 0.0062003880739212 0.00457585696130991 0.00593591528013349 0.00730267213657498 0.00888697803020477 0.00875884294509888 0.0127720171585679 0.0149420546367764 0.0159888491034508 0.0204984284937382 0.0224485974758863 0.0240675043314695 0.0248701386153698 0.0172008238732815 0.0237858351320028 0.0274467244744301 0.0498128347098827 0.0265738684684038 0.0408552698791027 0.0385489165782928 0.081398531794548 0.0881043821573257 0.0931879729032516
0.00261062127538025 0.00246350769884884 0.00263019348494709 0.00168210733681917 0.00184320996049792 0.00159771519247442 0.00144274113699794 0.00152846041601151 0.00145240710116923 0.00158690894022584 0.00163852015975863 0.00172024709172547 0.00122661306522787 0.00145248998887837 0.00112875469494611 0.00145832204725593 0.00250684842467308 0.00129106268286705 0.00224559009075165 0.00223113340325654 0.00425429176539183 0.00460689561441541 0.00530991051346064 0.00665630213916302 0.00762070994824171 0.00904782675206661 0.0119541361927986 0.0120628848671913 0.0136866178363562 0.0176354479044676 0.0241437926888466 0.0364448614418507 0.0293117184191942 0.0325924716889858 0.0308253429830074 0.0229027681052685 0.0234725158661604 0.0554669536650181 0.0215885099023581 0.0304254665970802 0.0484523475170135 0.0911539494991302 0.0971730872988701 0.106583073735237
0.00182797422166914 0.00242890114895999 0.00273576122708619 0.00185134494677186 0.00144905934575945 0.00161179259885103 0.00155087991151959 0.00147479469887912 0.00160946510732174 0.00170364137738943 0.0017731471452862 0.00186683156061918 0.00175888696685433 0.0012574220309034 0.00135397689882666 0.00144943536724895 0.00247658509761095 0.00136141362600029 0.00208441843278706 0.00239319261163473 0.0041976161301136 0.00483730947598815 0.00539254629984498 0.0069634560495615 0.00559345260262489 0.00711977481842041 0.0124587835744023 0.0133857168257236 0.0149210775271058 0.0196934659034014 0.0252858512103558 0.0325368717312813 0.0312379375100136 0.035969614982605 0.0315038040280342 0.0253206752240658 0.0182367544621229 0.0211352240294218 0.0236048586666584 0.0253890324383974 0.0528169982135296 0.0758577957749367 0.071029469370842 0.112849675118923
0.0014225619379431 0.00131429824978113 0.00438695633783937 0.00218154210597277 0.00179488083813339 0.00150850811041892 0.00154379720333964 0.0016141120577231 0.00173659331630915 0.00181714107748121 0.0016905062366277 0.00120538601186126 0.00184480182360858 0.00129857705906034 0.00162568315863609 0.00204317853786051 0.00187408190686256 0.00243801111355424 0.00334091344848275 0.00393585441634059 0.00393958576023579 0.00745383696630597 0.00869061890989542 0.00736758718267083 0.00957696232944727 0.0117144947871566 0.0128493430092931 0.0178747437894344 0.0219551660120487 0.0234125684946775 0.033543337136507 0.0369880013167858 0.0384552627801895 0.0449890717864037 0.0502780973911285 0.0473176129162312 0.0350306890904903 0.0435330979526043 0.0284144394099712 0.0289174728095531 0.0315677709877491 0.0601196326315403 0.0967969000339508 0.128441080451012
0.00157991796731949 0.00156354333739728 0.00230812025256455 0.00301439082249999 0.0021081289742142 0.00197219476103783 0.00195044185966253 0.0017191736260429 0.00170227349735796 0.00185877596959472 0.00123673328198493 0.00119824102148414 0.00211743009276688 0.00213625817559659 0.0014626297634095 0.00136889587156475 0.0017862340901047 0.00202519260346889 0.00470633991062641 0.00396107835695148 0.00443520350381732 0.00513131404295564 0.00638425722718239 0.0109041854739189 0.00879443343728781 0.0114734144881368 0.0127191012725234 0.0183902010321617 0.0198425985872746 0.0371493510901928 0.0336185842752457 0.04482501745224 0.0390206761658192 0.0464281365275383 0.0527214854955673 0.0484146773815155 0.0541940554976463 0.0616713650524616 0.0337423719465733 0.0315235368907452 0.0416575483977795 0.0648967996239662 0.112079739570618 0.131346881389618
0.00195007747970521 0.0018368597375229 0.00286926026456058 0.00741540966555476 0.00288982316851616 0.00252009718678892 0.0016981353983283 0.00220733135938644 0.00195029203314334 0.00184350740164518 0.00222410820424557 0.00148149614688009 0.00211055064573884 0.00207875180058181 0.00147265091072768 0.00233765691518784 0.00257138139568269 0.00210182694718242 0.0034569997806102 0.00405096961185336 0.0052058775909245 0.00759490113705397 0.00874832645058632 0.0113945174962282 0.0138126341626048 0.0139296585693955 0.0153253991156816 0.0174932535737753 0.0277454946190119 0.0290075931698084 0.0338949412107468 0.0434708222746849 0.0534807965159416 0.0605841167271137 0.056347232311964 0.06008156016469 0.0582810752093792 0.0913320258259773 0.0493318177759647 0.0334159694612026 0.0964818000793457 0.103117883205414 0.10945625603199 0.13279128074646
0.00220533763058484 0.00231693917885423 0.00334871420636773 0.0020774903241545 0.00831361208111048 0.00244193198159337 0.00396647769957781 0.00194595975335687 0.00181647355202585 0.00217018835246563 0.00152260146569461 0.00152687914669514 0.00225096684880555 0.00216597458347678 0.0027783049736172 0.00219319853931665 0.00310894032008946 0.0034409265499562 0.00367988040670753 0.00431902520358562 0.00537207070738077 0.00858740601688623 0.00967020727694035 0.00845104921609163 0.0122480066493154 0.0150494026020169 0.0185740683227777 0.0170687641948462 0.0219940729439259 0.0428611114621162 0.0313150100409985 0.0575486347079277 0.0571623891592026 0.0660820379853249 0.0536980926990509 0.0755875706672668 0.0592066124081612 0.0569494441151619 0.110058821737766 0.0456334836781025 0.0462873242795467 0.117602452635765 0.138561353087425 0.147751271724701
0.00283780368044972 0.00253654038533568 0.00220103352330625 0.00224686739966273 0.00523604406043887 0.00723900040611625 0.00484212161973119 0.00251914164982736 0.00209357985295355 0.00223682704381645 0.00251977983862162 0.00163345714099705 0.0029163989238441 0.00273050041869283 0.00273660407401621 0.00359240616671741 0.00321892183274031 0.00551133789122105 0.00418419437482953 0.00471928622573614 0.00563753861933947 0.00673176161944866 0.00774781825020909 0.00655247503891587 0.00787865836173296 0.0157713908702135 0.0170800555497408 0.029466001316905 0.0374687202274799 0.0381727069616318 0.0450025945901871 0.0350634083151817 0.0580762922763824 0.0508076027035713 0.0534002259373665 0.0885661020874977 0.0662820115685463 0.0741984099149704 0.0556889362633228 0.065503865480423 0.0470476076006889 0.130583092570305 0.138971135020256 0.136182352900505
0.00555956270545721 0.00403685262426734 0.00275207171216607 0.00212941505014896 0.00288883922621608 0.00483502401039004 0.00700767431408167 0.00406490685418248 0.002706817118451 0.00246578897349536 0.0026506835129112 0.00273135839961469 0.00302640674635768 0.0025429914239794 0.00382796349003911 0.00309977447614074 0.00524727487936616 0.00567630026489496 0.00453738123178482 0.00519072031602263 0.00620982144027948 0.0069336760789156 0.00863677449524403 0.0105973621830344 0.00881112553179264 0.0169140733778477 0.0195570401847363 0.0221005976200104 0.0288944225758314 0.0395868122577667 0.0308592207729816 0.0306591093540192 0.0574755482375622 0.0605727210640907 0.0515245273709297 0.0692719295620918 0.0870552808046341 0.0665509253740311 0.0827121287584305 0.0612154044210911 0.0809206441044807 0.11094619333744 0.107820123434067 0.158650249242783
0.00334549648687243 0.00513436552137136 0.0029343506321311 0.0023169822525233 0.00306272343732417 0.00304563972167671 0.00550407823175192 0.0119933439418674 0.00329313543625176 0.0027103025931865 0.00271723163314164 0.00275241653434932 0.00397693924605846 0.00268671638332307 0.00332441506907344 0.00441683316603303 0.00383030879311264 0.00601135194301605 0.00459264917299151 0.0054216836579144 0.00670503126457334 0.0114112291485071 0.0135765857994556 0.0115249697118998 0.00855008512735367 0.0173894595354795 0.019495066255331 0.0234727393835783 0.0231655351817608 0.0319063812494278 0.0357791148126125 0.0528876446187496 0.0617615729570389 0.050658106803894 0.0728670060634613 0.0621351562440395 0.0757846459746361 0.0822209417819977 0.0926290526986122 0.0858207270503044 0.152329131960869 0.0850432068109512 0.105120033025742 0.192969009280205
0.0030122532043606 0.00393972964957356 0.00499480683356524 0.00260186078958213 0.00272459909319878 0.00548360636457801 0.00546862510964274 0.00882874615490437 0.0049298289231956 0.00293616461567581 0.00321031361818314 0.00320089445449412 0.00463960645720363 0.00307067832909524 0.00401727203279734 0.00665427185595036 0.00426123989745975 0.00627221586182714 0.00733278365805745 0.00602326402440667 0.00699471309781075 0.00830905046314001 0.00916474033147097 0.0120741641148925 0.0153014184907079 0.0112584587186575 0.0218379199504852 0.0255744624882936 0.0275450646877289 0.0305168051272631 0.0507868677377701 0.0404931157827377 0.0642247721552849 0.0521280728280544 0.0763821825385094 0.0756361857056618 0.0795781686902046 0.0829136893153191 0.134532824158669 0.109153591096401 0.0895379111170769 0.0991904065012932 0.16409033536911 0.200957089662552
0.00893361121416092 0.00942575000226498 0.00612581614404917 0.00293724564835429 0.0029267470818013 0.00418918719515204 0.0104049267247319 0.0148978168144822 0.00784028600901365 0.00560345919802785 0.00583656225353479 0.00571778882294893 0.00515391537919641 0.00562898395583034 0.00582402851432562 0.0085401451215148 0.00485985074192286 0.00731213390827179 0.00859949924051762 0.00763222435489297 0.00813480094075203 0.00941726379096508 0.0101942755281925 0.0132557526230812 0.0155538255348802 0.0126142306253314 0.0213376209139824 0.0274959336966276 0.0290831364691257 0.0485047809779644 0.0556616075336933 0.0405520088970661 0.0481199808418751 0.0604307390749454 0.0791939198970795 0.0801806747913361 0.0901007428765297 0.12101723998785 0.093203492462635 0.0931220278143883 0.13019010424614 0.20224167406559 0.228206515312195 0.116018921136856
0.0711343884468079 0.117131315171719 0.0164660699665546 0.00516687240451574 0.0035716884303838 0.00479247141629457 0.00505858985707164 0.00696766935288906 0.025548093020916 0.00624085124582052 0.00571167981252074 0.00632672850042582 0.00588332442566752 0.0056481845676899 0.00632362673059106 0.0149269979447126 0.00895159505307674 0.00674574682489038 0.00760967610403895 0.00887202098965645 0.0120640462264419 0.011023910716176 0.0117502436041832 0.0134021742269397 0.0164820142090321 0.0193240493535995 0.0206327196210623 0.0298944637179375 0.0330218002200127 0.0503218546509743 0.0401385650038719 0.0485127195715904 0.0608243569731712 0.0743037909269333 0.0758771300315857 0.0987152382731438 0.0801968649029732 0.1142767816782 0.126735329627991 0.104827135801315 0.145952329039574 0.219164118170738 0.171295031905174 0.123107321560383
0.00556582305580378 0.130138039588928 0.0750615820288658 0.0113012166693807 0.00563958007842302 0.0046202247031033 0.00487370043992996 0.00653970753774047 0.0102317221462727 0.0210203919559717 0.00667874375358224 0.00756662944331765 0.00780636770650744 0.00662892358377576 0.0101088434457779 0.0129056489095092 0.0179535914212465 0.00874327775090933 0.00984393246471882 0.0120942629873753 0.0126815279945731 0.0128820734098554 0.0121295722201467 0.0144661543890834 0.0177037194371223 0.0241275206208229 0.0223460718989372 0.0277289245277643 0.0342688038945198 0.0533434301614761 0.0525464043021202 0.0468156524002552 0.0665493085980415 0.0642119199037552 0.0789441391825676 0.0745588690042496 0.111363939940929 0.120042219758034 0.136919766664505 0.117998093366623 0.147556841373444 0.0868732184171677 0.0939224362373352 0.10079612582922
0.00447431858628988 0.0178618468344212 0.317299455404282 0.0170408952981234 0.0183366350829601 0.00649661244824529 0.00613928306847811 0.00570615660399199 0.00583463395014405 0.0215968489646912 0.0222998131066561 0.00932669546455145 0.0118480054661632 0.0113139878958464 0.0089260321110487 0.0134239606559277 0.0314073339104652 0.0111189493909478 0.011662351898849 0.0121391760185361 0.0152843901887536 0.0149881569668651 0.0139308907091618 0.0159085970371962 0.0262186694890261 0.0225466601550579 0.0281693320721388 0.0464241653680801 0.0371675938367844 0.0535917542874813 0.0600091889500618 0.0626426711678505 0.050384059548378 0.0795373916625977 0.0655849203467369 0.100852586328983 0.116693571209908 0.0890328884124756 0.118875905871391 0.149169817566872 0.148681148886681 0.0856950953602791 0.0983882918953896 0.117715038359165
0.0100261438637972 0.0077151395380497 0.0501785427331924 0.0219593439251184 0.0140217049047351 0.0196607038378716 0.0111816413700581 0.00721487728878856 0.00712422328069806 0.00885610189288855 0.0719707906246185 0.00906582456082106 0.00974303670227528 0.0159257799386978 0.00997593812644482 0.0191158037632704 0.0568641945719719 0.0113857090473175 0.0141925066709518 0.0146643649786711 0.0187424216419458 0.0187912695109844 0.0145418038591743 0.02362453751266 0.0315199978649616 0.0283302832394838 0.0291676558554173 0.0467509999871254 0.0609150305390358 0.0516332238912582 0.0518224276602268 0.0675696358084679 0.0687211081385612 0.0835841149091721 0.110718719661236 0.0766264125704765 0.128947973251343 0.14742836356163 0.120006270706654 0.188595116138458 0.204025253653526 0.149836152791977 0.125357031822205 0.231685876846313
0.028578357771039 0.0677247792482376 0.20533712208271 0.288691401481628 0.0822735726833344 0.0103060156106949 0.0230050273239613 0.016936156898737 0.00828110799193382 0.0159211289137602 0.10260047018528 0.0107996324077249 0.00871546566486359 0.0196023974567652 0.0217092707753181 0.015717975795269 0.0450781174004078 0.0144164487719536 0.0164482519030571 0.0215212758630514 0.0322082489728928 0.0241140015423298 0.0250001028180122 0.0304140150547028 0.0320648439228535 0.0370758101344109 0.0326489023864269 0.0492307879030704 0.057275827974081 0.0545673295855522 0.0691325515508652 0.0752133131027222 0.0650539398193359 0.0831224098801613 0.137487918138504 0.106456711888313 0.146860301494598 0.132516667246819 0.101845696568489 0.208961322903633 0.228574424982071 0.26478573679924 0.194986239075661 0.236022263765335
0.0155261754989624 0.019251549616456 0.0400865077972412 0.0358961261808872 0.261922985315323 0.00921902805566788 0.0111742448061705 0.0191385746002197 0.0193152744323015 0.0188011489808559 0.170780405402184 0.0191106740385294 0.0103009724989533 0.0145674841478467 0.0186817664653063 0.0416119620203972 0.0874544084072113 0.0179234798997641 0.0240471642464399 0.0429062508046627 0.0274317357689142 0.0241530425846577 0.0317212119698524 0.0349994115531445 0.0396501682698727 0.0355823747813702 0.0468522906303406 0.0513614043593407 0.0554672963917255 0.0706577599048615 0.062408272176981 0.0746789947152138 0.0674614086747169 0.0684990435838699 0.113267630338669 0.169209375977516 0.104313991963863 0.175978615880013 0.132830157876015 0.129467099905014 0.277357995510101 0.287884384393692 0.161440372467041 0.177699267864227
0.0156833063811064 0.0109117040410638 0.0188303217291832 0.0103521710261703 0.45327165722847 0.0325080007314682 0.0161972418427467 0.0132426610216498 0.0303663890808821 0.0125382887199521 0.150573462247849 0.0291949305683374 0.0127401612699032 0.0136739192530513 0.0128275128081441 0.0185452755540609 0.0856899842619896 0.0190428718924522 0.0463344193994999 0.0546907298266888 0.0313004404306412 0.0352692045271397 0.0320462696254253 0.0380614660680294 0.0632986426353455 0.0706624388694763 0.0594996884465218 0.0674203112721443 0.0652873963117599 0.073172889649868 0.0806156173348427 0.0900090336799622 0.100762531161308 0.118731617927551 0.176498979330063 0.193014457821846 0.120617657899857 0.232605025172234 0.187615752220154 0.231108710169792 0.263859272003174 0.342531085014343 0.203867137432098 0.267812043428421
0.0146024413406849 0.0141388177871704 0.0126994960010052 0.0102394782006741 0.0392305552959442 0.645551800727844 0.470516890287399 0.0508988499641418 0.0857637524604797 0.013836738653481 0.093602791428566 0.104443229734898 0.0147345066070557 0.0141976634040475 0.0158639252185822 0.0202220417559147 0.0958042144775391 0.0227234251797199 0.061801616102457 0.031901128590107 0.0421902015805244 0.0360584706068039 0.0369158051908016 0.050352543592453 0.10251122713089 0.0896692425012589 0.0631904974579811 0.0751904100179672 0.0738644674420357 0.0968546718358994 0.0843477472662926 0.0919179469347 0.126368448138237 0.176179766654968 0.198943287134171 0.155399411916733 0.12804089486599 0.244211778044701 0.202411085367203 0.253736734390259 0.334384590387344 0.444960325956345 0.43719407916069 0.213278666138649
