data/climate_estimation/maxent_output/Smilax_corbularia.asc
NCOLS 251 
NROWS 356 
XLLCORNER 97.5 
YLLCORNER 1.16666666666667 
CELLSIZE 0.0833333333333333 
NODATA_value -3.4e+38 
[rows 132 to 153 of 356, columns 0 to 49 of 251]
0.355996519327164 0.334096789360046 0.222996547818184 0.540324568748474 0.477692365646362 0.312505424022675 0.289335489273071 0.483311802148819 0.561254262924194 0.598837673664093 0.565679550170898 0.543437659740448 0.763730108737946 0.743860006332397 0.805612683296204 0.831021964550018 0.788353562355042 0.767015159130096 0.851698994636536 0.54238623380661 0.52254194021225 0.765784680843353 0.857680320739746 0.881442666053772 0.903654038906097 0.826115071773529 0.689900696277618 0.737579107284546 0.744978606700897 0.70775705575943 0.801864206790924 0.759573519229889 0.760594964027405 0.863701403141022 0.874952018260956 0.864105105400085 0.819821119308472 0.840554535388947 0.867777049541473 0.885874271392822 0.862511575222015 0.86624002456665 0.899718105792999 0.902727782726288 0.913204908370972 0.913857638835907 0.923357605934143 0.921868860721588 0.925779283046722 0.925923228263855
0.223359748721123 0.167027175426483 0.214462205767632 0.355129212141037 0.252236247062683 0.287418514490128 0.313428401947021 0.389687180519104 0.292486071586609 0.336195528507233 0.361314296722412 0.360704094171524 0.440593987703323 0.750782907009125 0.76046884059906 0.79328179359436 0.777956783771515 0.759677648544312 0.828745543956757 0.550503432750702 0.634010374546051 0.831013977527618 0.861597716808319 0.815863966941833 0.77046126127243 0.73625111579895 0.688258111476898 0.782467842102051 0.71911883354187 0.769392251968384 0.829676806926727 0.747156620025635 0.769258320331573 0.835173726081848 0.881663680076599 0.868721485137939 0.859374642372131 0.87728488445282 0.878015458583832 0.889223992824554 0.890445232391357 0.899526417255402 0.903302192687988 0.895336389541626 0.895663559436798 0.918855428695679 0.917068243026733 0.892005562782288 0.869939208030701 0.891691863536835
0.144731149077415 0.072505310177803 0.212767988443375 0.217866450548172 0.1775723695755 0.170429095625877 0.228300958871841 0.341492921113968 0.287718236446381 0.319421380758286 0.26149520277977 0.289602041244507 0.392678767442703 0.718197464942932 0.714986205101013 0.669316589832306 0.797262966632843 0.597264349460602 0.762145102024078 0.714784026145935 0.874708890914917 0.913143813610077 0.823379158973694 0.695417761802673 0.743388235569 0.831108808517456 0.6885706782341 0.722934544086456 0.700843453407288 0.711320102214813 0.78317654132843 0.761562705039978 0.7828409075737 0.779838442802429 0.839986860752106 0.873969078063965 0.865379273891449 0.878217995166779 0.880601704120636 0.875439643859863 0.892761409282684 0.901216089725494 0.907115638256073 0.906429409980774 0.905030488967896 0.887662291526794 0.87820303440094 0.889900326728821 0.871539354324341 0.869210124015808
0.116894327104092 0.104700267314911 0.14009727537632 0.142030119895935 0.141606003046036 0.153668910264969 0.171394765377045 0.254692405462265 0.201848536729813 0.238376170396805 0.252866148948669 0.330219000577927 0.428161561489105 0.605855345726013 0.594503045082092 0.514614045619965 0.778692126274109 0.513585150241852 0.641485333442688 0.706400990486145 0.842515528202057 0.905087530612946 0.860361516475677 0.717516005039215 0.854570746421814 0.899793088436127 0.706194579601288 0.672711253166199 0.823703944683075 0.758783459663391 0.777294754981995 0.774421274662018 0.765551865100861 0.779445588588715 0.823525607585907 0.881296992301941 0.879303872585297 0.886932790279388 0.886558651924133 0.896073639392853 0.87748110294342 0.889792442321777 0.905824720859528 0.903450071811676 0.884080052375793 0.851991057395935 0.88482266664505 0.908959686756134 0.906433522701263 0.909239232540131
0.113533549010754 0.0928835645318031 0.0909044593572617 0.110235676169395 0.0948728695511818 0.229228794574738 0.132928103208542 0.144959539175034 0.123736679553986 0.140618994832039 0.209979519248009 0.266071707010269 0.29955843091011 0.281627029180527 0.563806116580963 0.622964203357697 0.733355820178986 0.450295209884644 0.529289245605469 0.688942849636078 0.626141369342804 0.911106705665588 0.873635232448578 0.781831979751587 0.891667485237122 0.889982879161835 0.799155592918396 0.715979814529419 0.823616683483124 0.780723929405212 0.760925889015198 0.755350470542908 0.800204694271088 0.796732068061829 0.868537187576294 0.886097848415375 0.873890399932861 0.871759831905365 0.88108879327774 0.894745469093323 0.832529664039612 0.890531539916992 0.865281641483307 0.891284763813019 0.773666441440582 0.823495507240295 0.759664058685303 0.90427029132843 0.909490883350372 0.919954478740692
0.10219345241785 0.0794889405369759 0.0525245144963264 0.0547849275171757 0.0948709100484848 0.0673242211341858 0.0706482008099556 0.0770174711942673 0.0773851647973061 0.120292268693447 0.151136308908463 0.196303129196167 0.1803889721632 0.216313406825066 0.504500210285187 0.51870208978653 0.63510274887085 0.378093719482422 0.588035583496094 0.62181568145752 0.642712593078613 0.882320404052734 0.875257730484009 0.800100088119507 0.846192240715027 0.84361743927002 0.900665163993835 0.719578146934509 0.750598073005676 0.799817144870758 0.772736847400665 0.774981915950775 0.853748142719269 0.834069192409515 0.858743607997894 0.889046311378479 0.888841450214386 0.831735193729401 0.872679889202118 0.887718439102173 0.813434600830078 0.870985984802246 0.798861682415009 0.836723625659943 0.760806918144226 0.776894330978394 0.852288067340851 0.908038735389709 0.920392453670502 0.884061336517334
0.149280577898026 0.0314135625958443 0.0298772063106298 0.0225179865956306 0.0456127785146236 0.0608281828463078 0.0541411302983761 0.0714301764965057 0.047025378793478 0.0828845053911209 0.0938091427087784 0.123011454939842 0.144332304596901 0.173412337899208 0.35668683052063 0.380745947360992 0.472028195858002 0.479969799518585 0.704290807247162 0.809973299503326 0.647238790988922 0.887140274047852 0.914534389972687 0.81775313615799 0.792912483215332 0.816135346889496 0.910250842571259 0.731031537055969 0.730542838573456 0.772126317024231 0.780499696731567 0.852207243442535 0.808413624763489 0.819148480892181 0.784019708633423 0.859402537345886 0.89438784122467 0.898115932941437 0.832543075084686 0.853527963161469 0.731449544429779 0.907550394535065 0.860780417919159 0.840938925743103 0.778986513614655 0.791012942790985 0.904696941375732 0.90596741437912 0.905922889709473 0.874552249908447
0.0486337020993233 0.0477891936898232 0.0180462952703238 0.0342427454888821 0.0281421076506376 0.0430600754916668 0.0659140199422836 0.0930875986814499 0.100094512104988 0.0509256795048714 0.0434881597757339 0.0716165006160736 0.131504401564598 0.153074234724045 0.222886204719543 0.344329804182053 0.531145393848419 0.398200929164886 0.538839280605316 0.6937655210495 0.733564615249634 0.930825173854828 0.917189180850983 0.868843793869019 0.78680157661438 0.734883308410645 0.894101679325104 0.753545582294464 0.721589982509613 0.755496263504028 0.753011643886566 0.889785885810852 0.818061709403992 0.771010875701904 0.771696746349335 0.820855021476746 0.89899730682373 0.894059479236603 0.817750036716461 0.778002321720123 0.712048053741455 0.84492039680481 0.882326304912567 0.804768085479736 0.857937753200531 0.780883491039276 0.875765204429626 0.88111138343811 0.882392764091492 0.849132895469666
0.0354908332228661 0.015915758907795 0.0384155325591564 0.014940582215786 0.015264892950654 0.0113458605483174 0.0765266641974449 0.126156955957413 0.180931255221367 0.126827761530876 0.0581201612949371 0.0529377870261669 0.0849654525518417 0.148666217923164 0.170772403478622 0.31809738278389 0.347790777683258 0.287698179483414 0.340282827615738 0.784865140914917 0.756166577339172 0.89264190196991 0.89942878484726 0.888330459594727 0.85925430059433 0.706898391246796 0.889787554740906 0.87668389081955 0.71467399597168 0.754470944404602 0.755328357219696 0.907435715198517 0.812486171722412 0.773173213005066 0.796357691287994 0.875203311443329 0.894991815090179 0.880956709384918 0.862973213195801 0.66679722070694 0.70295637845993 0.8750119805336 0.81310647726059 0.87473738193512 0.830729246139526 0.817634105682373 0.876095056533813 0.898681640625 0.868220508098602 0.86858856678009
0.0361773110926151 0.02718585729599 0.0163803473114967 0.0307103935629129 0.0106108095496893 0.010721817612648 0.0879815965890884 0.156576618552208 0.191702678799629 0.0969998314976692 0.144019857048988 0.0991030260920525 0.0734623372554779 0.133249118924141 0.157058045268059 0.197359293699265 0.295189470052719 0.28890272974968 0.513262391090393 0.767151653766632 0.775253534317017 0.925933599472046 0.759020090103149 0.930473506450653 0.860633015632629 0.699934899806976 0.854645848274231 0.926894962787628 0.836519718170166 0.777998566627502 0.808812737464905 0.911447882652283 0.779616355895996 0.787421941757202 0.891822934150696 0.905793786048889 0.907830476760864 0.902848839759827 0.841840207576752 0.637433171272278 0.765383303165436 0.885886013507843 0.886774122714996 0.897166728973389 0.901638448238373 0.832389414310455 0.843721747398376 0.874162554740906 0.844140589237213 0.851134419441223
0.0391078293323517 0.0345104224979877 0.0534012131392956 0.0437059476971626 0.0376223251223564 0.0157973263412714 0.134189829230309 0.275862663984299 0.250114798545837 0.0906264558434486 0.146723210811615 0.159626573324203 0.0753270983695984 0.0992198064923286 0.113701947033405 0.201228320598602 0.306623369455338 0.275259643793106 0.438686847686768 0.495529890060425 0.717775523662567 0.841137409210205 0.423068881034851 0.890963912010193 0.815012812614441 0.689053475856781 0.848760306835175 0.92913430929184 0.898419260978699 0.838228166103363 0.845262765884399 0.903945922851562 0.797412872314453 0.720904648303986 0.842356383800507 0.900625288486481 0.894486427307129 0.81559157371521 0.743385195732117 0.646167576313019 0.720652401447296 0.716857075691223 0.871454000473022 0.863189220428467 0.854324758052826 0.753057062625885 0.840039491653442 0.845825016498566 0.818349659442902 0.785194158554077
0.0383383482694626 0.0267198011279106 0.0609811842441559 0.039263803511858 0.0278064273297787 0.0239749439060688 0.145956218242645 0.293929159641266 0.210891991853714 0.0852959379553795 0.0858224257826805 0.144415214657784 0.131283402442932 0.0840270891785622 0.110243290662766 0.185347631573677 0.255835652351379 0.338422268629074 0.308142393827438 0.537991285324097 0.664652287960052 0.784761667251587 0.356759279966354 0.875428974628448 0.714122295379639 0.655978202819824 0.848752856254578 0.935181319713593 0.857057690620422 0.770723640918732 0.8906609416008 0.862291753292084 0.765702962875366 0.620580196380615 0.775955617427826 0.742783546447754 0.855711817741394 0.745395123958588 0.614403545856476 0.534108281135559 0.658484756946564 0.690933406352997 0.812809228897095 0.859854400157928 0.767614006996155 0.770051538944244 0.811319828033447 0.824205458164215 0.788109302520752 0.777770459651947
0.0399161912500858 0.0741906464099884 0.041042260825634 0.0345567017793655 0.0540888085961342 0.030518488958478 0.125196903944016 0.326433032751083 0.152843326330185 0.110541544854641 0.0408104471862316 0.20554555952549 0.186460301280022 0.095021665096283 0.116888269782066 0.175694182515144 0.416209846735001 0.594054579734802 0.527482092380524 0.543034255504608 0.639503061771393 0.684509038925171 0.510418713092804 0.816033482551575 0.629051387310028 0.617340981960297 0.871617555618286 0.934831142425537 0.764927566051483 0.649512052536011 0.733413457870483 0.79599404335022 0.620175063610077 0.730918109416962 0.887844324111938 0.8101567029953 0.887057721614838 0.802448511123657 0.479315787553787 0.480476051568985 0.646891415119171 0.738192796707153 0.821292221546173 0.808082282543182 0.783871054649353 0.815857768058777 0.814170360565186 0.779196739196777 0.742736279964447 0.727996051311493
0.0501088164746761 0.059649471193552 0.0377992130815983 0.0539313815534115 0.0187889132648706 0.0340944975614548 0.113383218646049 0.348418891429901 0.158494547009468 0.0588697679340839 0.0353759750723839 0.243568941950798 0.170884385704994 0.0903522297739983 0.127420499920845 0.195634976029396 0.290204107761383 0.247146844863892 0.523854911327362 0.557910859584808 0.679569065570831 0.609255850315094 0.573134660720825 0.722919285297394 0.614145159721375 0.678132712841034 0.865055859088898 0.912757873535156 0.819312572479248 0.599169492721558 0.632033228874207 0.80471009016037 0.530539333820343 0.764073669910431 0.909256517887115 0.836710035800934 0.828277945518494 0.708727836608887 0.477220445871353 0.459544628858566 0.586543619632721 0.689425885677338 0.738816142082214 0.822259664535522 0.814892828464508 0.805183172225952 0.745174765586853 0.759156107902527 0.673830270767212 0.735044062137604
0.0245955102145672 0.0296161770820618 0.0440123006701469 0.0789500027894974 0.0196061208844185 0.0308468006551266 0.14036799967289 0.229838028550148 0.301665246486664 0.156056120991707 0.0322817601263523 0.272410690784454 0.220856547355652 0.0949234589934349 0.126689836382866 0.203122273087502 0.207556784152985 0.227791056036949 0.475591450929642 0.551244080066681 0.642793357372284 0.604193329811096 0.574456810951233 0.586939573287964 0.650408685207367 0.714382112026215 0.807667434215546 0.732914209365845 0.820350766181946 0.801367461681366 0.531951010227203 0.548109591007233 0.653568208217621 0.774376153945923 0.845896542072296 0.706692636013031 0.694772005081177 0.551097512245178 0.44607201218605 0.447108298540115 0.546529293060303 0.5868239402771 0.759260654449463 0.818851947784424 0.802195727825165 0.781038165092468 0.763701021671295 0.646994054317474 0.657466053962708 0.641308784484863
0.042127899825573 0.0512112304568291 0.0314939916133881 0.0595516264438629 0.0153877371922135 0.0230684541165829 0.0602681711316109 0.1391322016716 0.345425575971603 0.131240844726562 0.0259343665093184 0.287714064121246 0.283053547143936 0.0959020256996155 0.116507142782211 0.212421879172325 0.419687420129776 0.394270300865173 0.415302693843842 0.568029999732971 0.610953509807587 0.591004490852356 0.585123896598816 0.453361570835114 0.523155272006989 0.640056252479553 0.70885157585144 0.683026194572449 0.752384006977081 0.684858381748199 0.706100046634674 0.52567183971405 0.468203455209732 0.61299455165863 0.789616763591766 0.738134145736694 0.595269739627838 0.478151887655258 0.44513937830925 0.392854452133179 0.529128193855286 0.702573776245117 0.790928721427917 0.802821159362793 0.778983891010284 0.733028948307037 0.678352236747742 0.521272659301758 0.691765427589417 0.539944887161255
0.0514043420553207 0.0666983127593994 0.0255223643034697 0.0533872433006763 0.0161476898938417 0.0252073872834444 0.135432913899422 0.20554792881012 0.368149846792221 0.10227382928133 0.0215420387685299 0.237193897366524 0.240687385201454 0.085863970220089 0.130614712834358 0.188606262207031 0.406292110681534 0.448276877403259 0.507228493690491 0.582377970218658 0.587373077869415 0.525999426841736 0.443883031606674 0.380723029375076 0.407246470451355 0.506062984466553 0.504042565822601 0.565969824790955 0.648775517940521 0.733313322067261 0.740820646286011 0.419775605201721 0.400061964988708 0.514939427375793 0.718014121055603 0.738173544406891 0.79811304807663 0.576372444629669 0.542797684669495 0.572697579860687 0.53045916557312 0.685953617095947 0.794718980789185 0.786929905414581 0.73844975233078 0.732048809528351 0.578137159347534 0.485360383987427 0.473191976547241 0.48026242852211
0.0672009587287903 0.0541369281709194 0.0594548061490059 0.0530912540853024 0.0192648395895958 0.0212197825312614 0.165002763271332 0.270667254924774 0.123655050992966 0.062581978738308 0.0658270269632339 0.232303500175476 0.252649813890457 0.0959358885884285 0.115159831941128 0.168825417757034 0.479516267776489 0.545596122741699 0.58274632692337 0.573187351226807 0.545170664787292 0.501218497753143 0.365989148616791 0.305970430374146 0.294409424066544 0.308452039957047 0.354679048061371 0.396004050970078 0.453023910522461 0.509528994560242 0.538748919963837 0.362173616886139 0.308463722467422 0.362522602081299 0.495212763547897 0.653067588806152 0.794442355632782 0.541129291057587 0.464555740356445 0.685396254062653 0.550085008144379 0.634851336479187 0.772733569145203 0.725149631500244 0.715671062469482 0.730708956718445 0.576532781124115 0.472833275794983 0.386421591043472 0.510233163833618
0.0753846243023872 0.0649286955595016 0.0940051078796387 0.0629365220665932 0.0271137356758118 0.0304108820855618 0.125449180603027 0.301708966493607 0.184538930654526 0.0446497872471809 0.03818529099226 0.186051025986671 0.109071806073189 0.091416135430336 0.125548124313354 0.174194514751434 0.433470785617828 0.489270240068436 0.459344863891602 0.462502837181091 0.514377415180206 0.409724920988083 0.306923240423203 0.264662653207779 0.278334230184555 0.349394977092743 0.259258925914764 0.305210471153259 0.339799284934998 0.381986856460571 0.418904721736908 0.352881968021393 0.27140998840332 0.308463722467422 0.443457245826721 0.659488022327423 0.690105378627777 0.553093135356903 0.450737535953522 0.698367297649384 0.549841403961182 0.60515695810318 0.720112323760986 0.734146118164062 0.72258460521698 0.556483924388885 0.627903461456299 0.399246513843536 0.457292050123215 0.513020038604736
0.0949862152338028 0.0813537836074829 0.113502234220505 0.0677614286541939 0.0716220214962959 0.0354078598320484 0.0629590079188347 0.318766355514526 0.300488740205765 0.118617214262486 0.0868974030017853 0.0603978112339973 0.074921116232872 0.098127968609333 0.127768561244011 0.29464066028595 0.42873141169548 0.414770126342773 0.388391107320786 0.478173941373825 0.446003884077072 0.342415660619736 0.262670636177063 0.223191857337952 0.244203433394432 0.274239242076874 0.25042188167572 0.339906215667725 0.273854076862335 0.239483505487442 0.33391946554184 0.284774959087372 0.253819555044174 0.330077648162842 0.5120769739151 0.58197945356369 0.66000509262085 0.552613854408264 0.583590447902679 0.567162692546844 0.578696548938751 0.674709558486938 0.635835826396942 0.689964056015015 0.603101849555969 0.468358337879181 0.467296004295349 0.458798378705978 0.524558663368225 0.468771427869797
0.100482307374477 0.127914622426033 0.0937287285923958 0.130340412259102 0.13440977036953 0.10837460309267 0.178628593683243 0.260335803031921 0.135500445961952 0.210232883691788 0.234283030033112 0.0821062847971916 0.0816504657268524 0.101291343569756 0.122033312916756 0.242111265659332 0.389912664890289 0.393528699874878 0.398795992136002 0.464534342288971 0.405481308698654 0.331361472606659 0.302565842866898 0.25440713763237 0.214784786105156 0.250693112611771 0.323096871376038 0.300691246986389 0.246681690216064 0.241397202014923 0.291892617940903 0.24099662899971 0.260480582714081 0.439078867435455 0.467286586761475 0.494292289018631 0.435997366905212 0.446536242961884 0.509072959423065 0.458292156457901 0.586323380470276 0.61323744058609 0.594612836837769 0.586134254932404 0.578095197677612 0.506009340286255 0.378867328166962 0.396214038133621 0.544984579086304 0.419048666954041
0.0921923220157623 0.174499705433846 0.0978419780731201 0.220658451318741 0.196940496563911 0.148078873753548 0.159453570842743 0.126475527882576 0.164551094174385 0.256111592054367 0.228364393115044 0.0702739581465721 0.0958683788776398 0.116625532507896 0.135122328996658 0.129354774951935 0.357825756072998 0.37534287571907 0.378462225198746 0.427550673484802 0.350510597229004 0.36645695567131 0.321544855833054 0.328627645969391 0.337338298559189 0.401605814695358 0.356452196836472 0.221690803766251 0.233215555548668 0.287151604890823 0.244601890444756 0.22626456618309 0.32146492600441 0.434115260839462 0.440134465694427 0.448958992958069 0.252346754074097 0.34908989071846 0.332884758710861 0.549218714237213 0.473787814378738 0.619273006916046 0.660964727401733 0.68586391210556 0.739916503429413 0.653613805770874 0.410047233104706 0.403768271207809 0.544529676437378 0.422461628913879
