data/climate_estimation/maxent_output/Smilax_pumila.asc
NCOLS 211 
NROWS 88 
XLLCORNER -96.0833333333333 
YLLCORNER 26.75 
CELLSIZE 0.0833333333333333 
NODATA_value -3.4e+38 
[rows 22 to 43 of 88, columns 49 to 97 of 211]
0.60473757982254 0.609063327312469 0.623560428619385 0.624995470046997 0.639696776866913 0.649653792381287 0.647975265979767 0.67204737663269 0.678780376911163 0.681567490100861 0.696376919746399 0.702017307281494 0.733464658260345 0.698340833187103 0.679895579814911 0.654790878295898 0.620187759399414 0.59406566619873 0.58579432964325 0.564423024654388 0.516421377658844 0.520898282527924 0.559579432010651 0.598676145076752 0.632373750209808 0.65577894449234 0.691064298152924 0.685414016246796 0.682100057601929 0.681457102298737 0.681857466697693 0.666000723838806 0.689322471618652 0.666012227535248 0.677271246910095 0.682213425636292 0.691200613975525 0.691959142684937 0.697261273860931 0.689998269081116 0.699880301952362 0.707347452640533 0.725759208202362 0.731955766677856 0.743929505348206 0.739989280700684 0.743591666221619 0.751872658729553 0.728861570358276
0.647491991519928 0.637918174266815 0.667706847190857 0.658367276191711 0.667129516601562 0.6696537733078 0.674047350883484 0.687057435512543 0.705001413822174 0.712109923362732 0.716996967792511 0.710003197193146 0.706592381000519 0.702977776527405 0.695567548274994 0.65039336681366 0.642896831035614 0.611743271350861 0.61233526468277 0.608406066894531 0.603185534477234 0.582218945026398 0.602943539619446 0.620334029197693 0.645526111125946 0.657000422477722 0.683730363845825 0.692827761173248 0.693580627441406 0.689608097076416 0.687402069568634 0.687869191169739 0.689550876617432 0.70343005657196 0.69514012336731 0.69779098033905 0.707583844661713 0.709226191043854 0.727356553077698 0.707061648368835 0.710342645645142 0.72660231590271 0.710038781166077 0.71560150384903 0.75090080499649 0.740354597568512 0.749314904212952 0.752809166908264 0.722877085208893
0.683684647083282 0.674468517303467 0.690851509571075 0.689672589302063 0.68638026714325 0.700174927711487 0.709126114845276 0.714101850986481 0.717658460140228 0.743063807487488 0.732060551643372 0.710476338863373 0.712921857833862 0.700190424919128 0.693831980228424 0.681585192680359 0.665655136108398 0.645008623600006 0.649945557117462 0.638986229896545 0.632908225059509 0.63659131526947 0.642507016658783 0.636671721935272 0.657178461551666 0.674782156944275 0.686363875865936 0.711297333240509 0.707416772842407 0.704407811164856 0.711247146129608 0.702239513397217 0.700589239597321 0.694293200969696 0.710930109024048 0.706875920295715 0.70616602897644 0.728231549263 0.725371479988098 0.73995453119278 0.721778690814972 0.736197590827942 0.725658714771271 0.725658714771271 0.735616028308868 0.747096955776215 0.771961569786072 0.748859643936157 0.740342020988464
0.707606017589569 0.704946160316467 0.707589447498322 0.718526005744934 0.723999381065369 0.72033816576004 0.730699598789215 0.746790647506714 0.747128009796143 0.752587914466858 0.731972575187683 0.724269032478333 0.708681523799896 0.711052417755127 0.708101391792297 0.711382269859314 0.682824194431305 0.676263689994812 0.681325376033783 0.681325376033783 0.685060501098633 0.682625651359558 0.681280195713043 0.681456029415131 0.668959319591522 0.68083667755127 0.696961522102356 0.7115598320961 0.713797628879547 0.72084254026413 0.713744342327118 0.717553079128265 0.720448553562164 0.713835656642914 0.708910822868347 0.721954047679901 0.712700486183167 0.733198285102844 0.733108699321747 0.738474249839783 0.739431738853455 0.752426326274872 0.75451272726059 0.764209270477295 0.74713808298111 0.745619595050812 0.762626767158508 0.758738398551941 0.76880270242691
0.718390762805939 0.739090442657471 0.729615211486816 0.748055458068848 0.748214721679688 0.746768712997437 0.742385804653168 0.744897961616516 0.765109658241272 0.764826595783234 0.753436625003815 0.731532096862793 0.728637933731079 0.736056625843048 0.71104097366333 0.711249589920044 0.706659018993378 0.704814970493317 0.700539171695709 0.712855458259583 0.711201310157776 0.714657664299011 0.72366338968277 0.722267508506775 0.697315454483032 0.700065612792969 0.705711305141449 0.720665216445923 0.697446942329407 0.72253143787384 0.716809093952179 0.711028933525085 0.720558285713196 0.716555058956146 0.72307562828064 0.726812839508057 0.735064804553986 0.729371428489685 0.735525608062744 0.750227451324463 0.751088440418243 0.758786559104919 0.754354000091553 0.757067441940308 0.767387568950653 0.770730972290039 0.770852327346802 0.757493674755096 0.76008814573288
0.741739332675934 0.737988710403442 0.761647403240204 0.758155465126038 0.756933808326721 0.778593719005585 0.76556658744812 0.764447629451752 0.78261411190033 0.76948493719101 0.762730777263641 0.748030126094818 0.737983584403992 0.736122667789459 0.72465842962265 0.719213724136353 0.722929537296295 0.719699561595917 0.72350937128067 0.710254430770874 0.734604001045227 0.740876197814941 0.746962368488312 0.71468722820282 0.722667992115021 0.724745512008667 0.707756161689758 0.705592453479767 0.721401572227478 0.716758608818054 0.727171659469604 0.717953205108643 0.714955985546112 0.717008471488953 0.715347766876221 0.729753613471985 0.73697555065155 0.739671111106873 0.745956659317017 0.755795419216156 0.749124526977539 0.760860800743103 0.758015990257263 0.757389545440674 0.774627685546875 0.778180778026581 0.7820845246315 0.775647521018982 0.778778314590454
0.763090848922729 0.760593056678772 0.779614746570587 0.784028649330139 0.789237856864929 0.786987841129303 0.799555838108063 0.803461909294128 0.798700571060181 0.786991477012634 0.768213450908661 0.755273759365082 0.731388926506042 0.730197370052338 0.717259109020233 0.723537087440491 0.714563608169556 0.727728009223938 0.725787341594696 0.729400217533112 0.739036738872528 0.73839920759201 0.748925685882568 0.732924997806549 0.744687974452972 0.717679440975189 0.730147182941437 0.732993900775909 0.735619068145752 0.726025938987732 0.724957048892975 0.733806490898132 0.720474720001221 0.716129779815674 0.714158654212952 0.721280574798584 0.729852080345154 0.746435701847076 0.749615728855133 0.746501743793488 0.764456987380981 0.766395568847656 0.766922831535339 0.766478955745697 0.776434540748596 0.785708725452423 0.785177946090698 0.789908826351166 0.777463257312775
0.776673793792725 0.77981299161911 0.786558330059052 0.786849439144135 0.811489522457123 0.814118087291718 0.811483204364777 0.800657391548157 0.79857873916626 0.786149680614471 0.765409767627716 0.743847727775574 0.757103264331818 0.737930536270142 0.727632582187653 0.731911957263947 0.72514021396637 0.732605338096619 0.734063684940338 0.748661637306213 0.747186839580536 0.756836473941803 0.760125517845154 0.763553261756897 0.741382122039795 0.74364560842514 0.736034452915192 0.743819415569305 0.740560591220856 0.725165963172913 0.729362070560455 0.721634566783905 0.723627686500549 0.718307554721832 0.715937793254852 0.737398982048035 0.742711246013641 0.76338517665863 0.755523443222046 0.762142300605774 0.765238046646118 0.76381903886795 0.763802051544189 0.780742406845093 0.782362282276154 0.783519923686981 0.79062283039093 0.7842156291008 0.777756750583649
0.768121719360352 0.796190321445465 0.80320930480957 0.800772905349731 0.803921759128571 0.812824249267578 0.82511180639267 0.809832632541656 0.796590209007263 0.790719211101532 0.776408791542053 0.759497880935669 0.757725536823273 0.72421133518219 0.726390063762665 0.726966559886932 0.728794097900391 0.722629547119141 0.742851138114929 0.75275331735611 0.750539362430573 0.765524327754974 0.773942708969116 0.765414357185364 0.758167564868927 0.756268382072449 0.754091084003448 0.741386532783508 0.74724018573761 0.740313172340393 0.739234447479248 0.734207451343536 0.725542545318604 0.724956095218658 0.730042934417725 0.751389145851135 0.752362906932831 0.758678793907166 0.753027379512787 0.766537845134735 0.775034070014954 0.774869382381439 0.770011723041534 0.775092303752899 0.762348115444183 0.77517169713974 0.772160470485687 0.768742978572845 0.772106051445007
0.777560472488403 0.780406296253204 0.799220681190491 0.786455512046814 0.790867567062378 0.816296696662903 0.812030911445618 0.796608090400696 0.782784283161163 0.785085201263428 0.773570775985718 0.751824855804443 0.740581214427948 0.734365940093994 0.73212993144989 0.732990443706512 0.732210338115692 0.737312614917755 0.739592909812927 0.748261690139771 0.756565511226654 0.760148704051971 0.774843692779541 0.773197710514069 0.773012459278107 0.746920585632324 0.735553443431854 0.731975495815277 0.74206131696701 0.750014126300812 0.730328679084778 0.722081780433655 0.733464956283569 0.729138433933258 0.71648383140564 0.724800825119019 0.745890498161316 0.749959051609039 0.742899954319 0.760998427867889 0.765153586864471 0.792640745639801 0.779992997646332 0.762259244918823 0.76919823884964 0.774812757968903 0.777679026126862 0.777724266052246 0.787751615047455
0.789375185966492 0.785072088241577 0.795913100242615 0.795720040798187 0.807167410850525 0.801887452602386 0.80092716217041 0.80899041891098 0.806008756160736 0.793886363506317 0.775920569896698 0.739093542098999 0.741555631160736 0.71545422077179 0.7196906208992 0.713009476661682 0.715196847915649 0.704835772514343 0.709728479385376 0.740533411502838 0.746639370918274 0.750996828079224 0.757876813411713 0.76035350561142 0.765238523483276 0.743741393089294 0.741954922676086 0.738263487815857 0.742394804954529 0.748090803623199 0.733122706413269 0.725152969360352 0.722123324871063 0.733267188072205 0.73968917131424 0.740670800209045 0.736950218677521 0.751198053359985 0.749685108661652 0.7479048371315 0.750645101070404 0.761625349521637 0.762290716171265 0.762210786342621 0.759494185447693 0.764339983463287 0.768653094768524 0.788651943206787 0.788259923458099
0.800001859664917 0.786047399044037 0.787051558494568 0.79665607213974 0.786095380783081 0.80359011888504 0.80800598859787 0.795899569988251 0.780511379241943 0.772097766399384 0.766903340816498 0.748167276382446 0.727363526821136 0.72906905412674 0.724168658256531 0.720634162425995 0.710194289684296 0.71856826543808 0.714927613735199 0.724414467811584 0.730067372322083 0.740455448627472 0.751375198364258 0.749435663223267 0.750650525093079 0.751560628414154 0.744088172912598 0.746312737464905 0.725049138069153 0.725010275840759 0.723805367946625 0.724029064178467 0.745627164840698 0.744116008281708 0.744562149047852 0.747815072536469 0.749029755592346 0.761476755142212 0.752588272094727 0.758281826972961 0.765974164009094 0.776374757289886 0.767549872398376 0.767636716365814 0.7711141705513 0.776821255683899 0.774413168430328 0.774026572704315 0.780681490898132
0.79095447063446 0.797787547111511 0.803548634052277 0.799407005310059 0.795499086380005 0.790004730224609 0.780683279037476 0.78242301940918 0.767619132995605 0.764700829982758 0.75342869758606 0.728908181190491 0.720428586006165 0.703673779964447 0.701555728912354 0.700489282608032 0.709980726242065 0.705987751483917 0.705013513565063 0.732612609863281 0.745849311351776 0.756081581115723 0.752506196498871 0.756866216659546 0.757020115852356 0.76181548833847 0.753485381603241 0.737962305545807 0.731597423553467 0.727675795555115 0.727675795555115 0.733086466789246 0.738982260227203 0.740410685539246 0.759154796600342 0.759972393512726 0.767632246017456 0.761896967887878 0.770289421081543 0.771287500858307 0.775509357452393 0.782576560974121 0.768107056617737 0.774504125118256 0.774691343307495 0.774263739585876 0.775872588157654 0.782415330410004 0.781294584274292
0.796420097351074 0.794059216976166 0.788831412792206 0.77979451417923 0.78110134601593 0.77452290058136 0.756480515003204 0.748431444168091 0.753611028194427 0.757254421710968 0.738712251186371 0.729515552520752 0.725605487823486 0.695813357830048 0.703551650047302 0.715433239936829 0.71943062543869 0.718144655227661 0.719527781009674 0.729345321655273 0.758457601070404 0.764109432697296 0.770294964313507 0.764452934265137 0.764810264110565 0.764048874378204 0.745367825031281 0.735470056533813 0.735347807407379 0.735766291618347 0.738175451755524 0.744168043136597 0.744865536689758 0.749517858028412 0.747275590896606 0.763072431087494 0.764965772628784 0.768579065799713 0.770788013935089 0.770916163921356 0.786013007164001 0.786407232284546 0.771891474723816 0.780737161636353 0.773370623588562 0.759939432144165 0.76833975315094 0.769296526908875 0.776406466960907
0.788114368915558 0.783012270927429 0.778787732124329 0.76936411857605 0.763140439987183 0.748537600040436 0.722405254840851 0.723417580127716 0.738073170185089 0.735333263874054 0.733134567737579 0.748973309993744 0.728299498558044 0.724214494228363 0.718690276145935 0.723889708518982 0.730759799480438 0.740909337997437 0.741369247436523 0.747303903102875 0.745250582695007 0.777920186519623 0.770882070064545 0.769428253173828 0.774073541164398 0.751143515110016 0.743303537368774 0.746686577796936 0.731861591339111 0.729526221752167 0.737436652183533 0.736228704452515 0.743638694286346 0.749587655067444 0.753854691982269 0.777007699012756 0.770697712898254 0.769909799098969 0.78365159034729 0.786803185939789 0.790525913238525 0.775008141994476 0.768195450305939 0.773527562618256 0.764648616313934 0.755890130996704 0.760485529899597 0.766756951808929 0.77377188205719
0.76967465877533 0.775902152061462 0.771745622158051 0.74533885717392 0.738427340984344 0.721953451633453 0.721484243869781 0.724606990814209 0.694441080093384 0.700448453426361 0.696197032928467 0.708672225475311 0.713392436504364 0.742413997650146 0.74384218454361 0.752110600471497 0.739000260829926 0.738989651203156 0.730736136436462 0.749364018440247 0.753114879131317 0.757557034492493 0.756115257740021 0.761699199676514 0.759636998176575 0.757771193981171 0.742659270763397 0.737906336784363 0.733025550842285 0.728751361370087 0.731497764587402 0.738257050514221 0.74418705701828 0.760467708110809 0.761836588382721 0.777227520942688 0.773545384407043 0.771938383579254 0.780823528766632 0.777581095695496 0.77223926782608 0.753758013248444 0.753287196159363 0.765258431434631 0.754821419715881 0.756241321563721 0.736539423465729 0.752571821212769 0.756107330322266
0.766275644302368 0.75125515460968 0.742076456546783 0.727388024330139 0.72207647562027 0.694414913654327 0.686827123165131 0.67352956533432 0.666709840297699 0.674099624156952 0.684224545955658 0.699797809123993 0.710411489009857 0.733788847923279 0.748443126678467 0.746525347232819 0.749050378799438 0.742328882217407 0.729516506195068 0.727953553199768 0.747049689292908 0.75540030002594 0.756124079227448 0.762219250202179 0.772559702396393 0.746468245983124 0.735029101371765 0.729341387748718 0.724154353141785 0.725349962711334 0.729067087173462 0.744406640529633 0.751538038253784 0.76910263299942 0.768779635429382 0.766780018806458 0.773699581623077 0.772805511951447 0.771921813488007 0.782101988792419 0.765964925289154 0.758163034915924 0.767064869403839 0.752975583076477 0.743184030056 0.749055504798889 0.682572841644287 0.712602972984314 0.707180142402649
0.726551473140717 0.720174729824066 0.710932016372681 0.682954132556915 0.668587565422058 0.665438294410706 0.652277410030365 0.644752085208893 0.659542560577393 0.658193588256836 0.652575612068176 0.663765013217926 0.683477520942688 0.730072557926178 0.757390975952148 0.750845909118652 0.757636308670044 0.761577427387238 0.751685440540314 0.736002385616302 0.726909279823303 0.736492693424225 0.740389347076416 0.746980607509613 0.749853134155273 0.729819893836975 0.718661785125732 0.717281460762024 0.719667315483093 0.720210194587708 0.725350439548492 0.755561709403992 0.74828839302063 0.755225777626038 0.761893808841705 0.762475728988647 0.761815309524536 0.76297527551651 0.722294390201569 0.722388684749603 0.702714920043945 0.693692922592163 0.698045670986176 0.681156873703003 0.685480356216431 0.692319750785828 0.706273794174194 0.702218294143677 0.701624035835266
0.709007203578949 0.686267077922821 0.67018985748291 0.660169363021851 0.650705218315125 0.650567173957825 0.636191189289093 0.62733668088913 0.625922799110413 0.621283948421478 0.633194506168365 0.644456744194031 0.6731978058815 0.707313299179077 0.760419070720673 0.761796474456787 0.762385010719299 0.77847158908844 0.763585686683655 0.751499891281128 0.741137683391571 0.718612790107727 0.719371199607849 0.728527426719666 0.721283912658691 0.713417410850525 0.707049548625946 0.709313273429871 0.711578607559204 0.728424906730652 0.731485784053802 0.741430044174194 0.741075217723846 0.744623363018036 0.743316471576691 0.765342652797699 0.717353641986847 0.71152800321579 0.70850795507431 0.706035614013672 0.705206394195557 0.69423234462738 0.69182163476944 0.684487760066986 0.702267467975616 0.687593877315521 0.695752501487732 0.703187942504883 0.696367383003235
0.647316098213196 0.643408954143524 0.651223719120026 0.627260863780975 0.634523808956146 0.627642929553986 0.617553651332855 0.611588478088379 0.624592423439026 0.634332001209259 0.651263475418091 0.657608330249786 0.688919723033905 0.743023216724396 0.751972198486328 0.77179616689682 0.772061109542847 0.771350085735321 0.765552699565887 0.761935293674469 0.740426599979401 0.725396573543549 0.710803270339966 0.724224746227264 0.717987298965454 0.711232900619507 0.71346640586853 0.709626913070679 0.711022436618805 0.714824676513672 0.72690224647522 0.724056780338287 0.728742599487305 0.751680970191956 0.718575835227966 0.708451271057129 0.713963568210602 0.701129972934723 0.69818639755249 0.678982198238373 0.674500346183777 0.678832232952118 0.683308839797974 0.684619545936584 0.691071093082428 0.695386469364166 0.701168835163116 0.712537169456482 0.67732697725296
0.642401993274689 0.639610528945923 0.603826701641083 0.620868504047394 0.621843039989471 0.627399802207947 0.624581098556519 0.617125034332275 0.635294079780579 0.639781594276428 0.64502340555191 0.667377471923828 0.716371476650238 0.740837633609772 0.758475542068481 0.75174754858017 0.756116151809692 0.75245612859726 0.752343535423279 0.74849808216095 0.744906067848206 0.730226397514343 0.718564510345459 0.710267007350922 0.712858974933624 0.694746673107147 0.708658933639526 0.701454222202301 0.6982262134552 0.700548946857452 0.703434884548187 0.701825439929962 0.679056286811829 0.698720574378967 0.715657472610474 0.721115827560425 0.71473616361618 0.717873990535736 0.702041506767273 0.694774448871613 0.690971791744232 0.686480760574341 0.677017867565155 0.697298407554626 0.682402908802032 0.684097409248352 0.705641269683838 0.714594841003418 0.694339692592621
0.606003403663635 0.620581030845642 0.623552083969116 0.627407073974609 0.632351756095886 0.655302882194519 0.651561141014099 0.654247760772705 0.647767722606659 0.647374510765076 0.66212123632431 0.695444703102112 0.720777928829193 0.738606750965118 0.741941392421722 0.759137570858002 0.754286646842957 0.753979742527008 0.737700164318085 0.73525333404541 0.728783130645752 0.725070416927338 0.706254243850708 0.6900994181633 0.698238670825958 0.689904451370239 0.69248640537262 0.680418133735657 0.675576388835907 0.675272822380066 0.636703193187714 0.65572601556778 0.655025243759155 0.68507444858551 0.704744398593903 0.714824974536896 0.719996988773346 0.716387271881104 0.699587225914001 0.683975994586945 0.684720575809479 0.67400848865509 0.674467027187347 0.67831015586853 0.680288076400757 0.70069020986557 0.702452838420868 -3.4e+38 0.689122319221497
