data/climate_estimation/maxent_output/Smilax_basilata.asc
NCOLS 87 
NROWS 14 
XLLCORNER 99.75 
YLLCORNER 22.3333333333333 
CELLSIZE 0.0833333333333333 
NODATA_value -3.4e+38 
[rows 0 to 13 of 14, columns 0 to 43 of 87]
0.707979142665863 0.737417221069336 0.774106085300446 0.775163769721985 0.703342974185944 0.737086474895477 0.736283600330353 0.683129727840424 0.717352271080017 0.707749783992767 0.68610155582428 0.66533362865448 0.718072474002838 0.721871435642242 0.717221617698669 0.770122051239014 0.751941502094269 0.704412639141083 0.68290764093399 0.715667963027954 0.634786427021027 0.696877181529999 0.684356689453125 0.695217072963715 0.723853230476379 0.710159659385681 0.715231001377106 0.687696576118469 0.576164424419403 0.556667923927307 0.623358845710754 0.671711206436157 0.723233044147491 0.748388528823853 0.728034555912018 0.714179575443268 0.681171417236328 0.728314518928528 0.725200176239014 0.748873949050903 0.68157571554184 0.629603266716003 0.582694292068481 0.569872260093689
0.735207438468933 0.797067403793335 0.783296823501587 0.727287411689758 0.723630130290985 0.73089599609375 0.728176355361938 0.690173983573914 0.713959097862244 0.686808824539185 0.708646893501282 0.738921642303467 0.750240325927734 0.695587635040283 0.692053914070129 0.762736797332764 0.75897616147995 0.722228229045868 0.686484694480896 0.731274127960205 0.662188231945038 0.690855145454407 0.72039133310318 0.708315014839172 0.722574770450592 0.746563851833344 0.761355698108673 0.761418163776398 0.709620594978333 0.672225117683411 0.586844861507416 0.583717226982117 0.58757621049881 0.655839085578918 0.696707725524902 0.725938558578491 0.692353188991547 0.707575142383575 0.643847644329071 0.749717354774475 0.729172766208649 0.756770253181458 0.614908039569855 0.568793833255768
0.764664590358734 0.748555064201355 0.753925263881683 0.729296445846558 0.71064829826355 0.734253227710724 0.730449318885803 0.714062452316284 0.718162596225739 0.690811991691589 0.717349469661713 0.759852230548859 0.726215243339539 0.688899755477905 0.689568936824799 0.736207902431488 0.747842252254486 0.699977278709412 0.701765596866608 0.726854860782623 0.71883237361908 0.658019542694092 0.723883271217346 0.69927054643631 0.727612197399139 0.740937113761902 0.748635828495026 0.780034720897675 0.746679663658142 0.759909093379974 0.753338575363159 0.669319093227386 0.638931572437286 0.593437969684601 0.593063652515411 0.605936050415039 0.596723616123199 0.635051548480988 0.638048052787781 0.691142201423645 0.744005858898163 0.811404883861542 0.726056337356567 0.666732847690582
0.73621267080307 0.747317969799042 0.747804045677185 0.711762189865112 0.732018351554871 0.75031179189682 0.734655499458313 0.726350903511047 0.740840673446655 0.717172741889954 0.702117264270782 0.743880331516266 0.7165447473526 0.687557816505432 0.695826649665833 0.729107916355133 0.748506188392639 0.738341748714447 0.71161413192749 0.710327863693237 0.773271799087524 0.719930410385132 0.703944444656372 0.734348893165588 0.724804639816284 0.71983140707016 0.758732378482819 0.782962024211884 0.777017116546631 0.777769088745117 0.773821771144867 0.759244918823242 0.759157121181488 0.735180497169495 0.737296402454376 0.654081583023071 0.618254899978638 0.595782995223999 0.607689559459686 0.687842130661011 0.747978806495667 0.768602550029755 0.735168278217316 0.72644054889679
0.720958888530731 0.737784028053284 0.784622073173523 0.765322506427765 0.723346292972565 0.726234436035156 0.718404114246368 0.728917419910431 0.743670344352722 0.702186226844788 0.732807219028473 0.703760862350464 0.686545670032501 0.712239980697632 0.756089568138123 0.752968847751617 0.768809258937836 0.770821094512939 0.720155298709869 0.722321331501007 0.738549292087555 0.765786707401276 0.714614868164062 0.699370086193085 0.719641447067261 0.726473569869995 0.727195024490356 0.767870366573334 0.773783981800079 0.785133004188538 0.768178761005402 0.735767662525177 0.721862137317657 0.715683341026306 0.735082626342773 0.716212749481201 0.725947499275208 0.666591584682465 0.658369421958923 0.619095921516418 0.643507480621338 0.643601298332214 0.660573542118073 0.690963268280029
0.731207549571991 0.741949677467346 0.799104690551758 0.778833031654358 0.733751714229584 0.720179498195648 0.720301032066345 0.734180569648743 0.746531307697296 0.725166618824005 0.704616487026215 0.69621342420578 0.731347680091858 0.758930087089539 0.777624845504761 0.758198976516724 0.777905702590942 0.780154764652252 0.781256794929504 0.761549353599548 0.752548635005951 0.75186812877655 0.802801370620728 0.749200046062469 0.719832062721252 0.785574018955231 0.785126149654388 0.756918847560883 0.770156621932983 0.76336008310318 0.771665036678314 0.783062934875488 0.774359405040741 0.717118203639984 0.707566559314728 0.683260202407837 0.750266849994659 0.811623156070709 0.790630280971527 0.702731966972351 0.661864221096039 0.646171152591705 0.633870422840118 0.645391404628754
0.762044668197632 0.770581066608429 0.790051221847534 0.774813234806061 0.743515014648438 0.752294182777405 0.697211623191833 0.726490139961243 0.749857842922211 0.739588797092438 0.728126764297485 0.726039350032806 0.723622500896454 0.744255125522614 0.759549379348755 0.764120817184448 0.784708619117737 0.788175940513611 0.799884855747223 0.800319850444794 0.739390015602112 0.789098858833313 0.778794288635254 0.749130725860596 0.77275162935257 0.804492950439453 0.778603971004486 0.807019114494324 0.80053299665451 0.810211062431335 0.79750919342041 0.781616389751434 0.791341483592987 0.780696332454681 0.72170478105545 0.725214898586273 0.683306157588959 0.76288902759552 0.789193511009216 0.783555090427399 0.756735742092133 0.707977533340454 0.672719120979309 0.660191714763641
0.760520994663239 0.796185910701752 0.802684485912323 0.77854198217392 0.750550031661987 0.769723176956177 0.705939650535583 0.718318998813629 0.723267078399658 0.728580892086029 0.72303980588913 0.712258696556091 0.701100587844849 0.753235518932343 0.780446887016296 0.798037827014923 0.797645688056946 0.787752866744995 0.812470972537994 0.814922094345093 0.790104687213898 0.732524752616882 0.75042051076889 0.78995943069458 0.736327230930328 0.804124712944031 0.722133100032806 0.797057449817657 0.796218633651733 0.805708050727844 0.820207417011261 0.762991845607758 0.741283178329468 0.7859827876091 0.775920271873474 0.726467072963715 0.697801053524017 0.72007828950882 0.737124502658844 0.771119058132172 0.705299139022827 0.786608099937439 0.82114976644516 0.724959373474121
0.766634285449982 0.76617431640625 0.785773038864136 0.7735635638237 0.795716822147369 0.775286078453064 0.737537264823914 0.718329310417175 0.732069671154022 0.725223124027252 0.764098405838013 0.730318009853363 0.745065450668335 0.759728968143463 0.763780176639557 0.79949015378952 0.789141356945038 0.773392617702484 0.759848952293396 0.813624739646912 0.792440295219421 0.762710154056549 0.793964505195618 0.8401158452034 0.804619312286377 0.750519931316376 0.761302888393402 0.772294878959656 0.812365353107452 0.752146005630493 0.751120150089264 0.747411012649536 0.795185625553131 0.772178888320923 0.731248199939728 0.712103307247162 0.737339496612549 0.716417014598846 0.732829570770264 0.791102468967438 0.712269484996796 0.764669239521027 0.830405294895172 0.843989014625549
0.777240693569183 0.775949716567993 0.763599395751953 0.768716096878052 0.788346707820892 0.762847542762756 0.738172709941864 0.714936435222626 0.753141462802887 0.743435144424438 0.74201887845993 0.753055810928345 0.736044049263 0.769453346729279 0.762312352657318 0.796715319156647 0.797063648700714 0.799167931079865 0.773697972297668 0.778227269649506 0.830802500247955 0.82747608423233 0.784460484981537 0.841514408588409 0.855197131633759 0.851102709770203 0.83703476190567 0.723382890224457 0.79257071018219 0.780250489711761 0.791330575942993 0.773212790489197 0.776056885719299 0.813221335411072 0.810768663883209 0.786465883255005 0.759003818035126 0.731725990772247 0.712702751159668 0.718687295913696 0.720289289951324 0.746813535690308 0.746841073036194 0.824101448059082
0.775026857852936 0.767297804355621 0.78222519159317 0.767659902572632 0.748816788196564 0.739216923713684 0.725053608417511 0.751144111156464 0.711306035518646 0.727339446544647 0.7206010222435 0.744593262672424 0.750798225402832 0.786440491676331 0.750681519508362 0.765475511550903 0.806478202342987 0.804453909397125 0.783287763595581 0.769506990909576 0.799345910549164 0.839394211769104 0.829308331012726 0.814637959003448 0.8643679022789 0.87253600358963 0.861683905124664 0.780044317245483 0.706874549388885 0.74203085899353 0.761631488800049 0.747849345207214 0.768506348133087 0.782311081886292 0.776426613330841 0.789633095264435 0.873456656932831 0.859930634498596 0.791556656360626 0.743601560592651 0.721721649169922 0.731021285057068 0.754262626171112 0.7707679271698
0.774637281894684 0.760495007038116 0.763674437999725 0.78935045003891 0.766843318939209 0.780731976032257 0.770728349685669 0.735816180706024 0.744001924991608 0.689494490623474 0.731175303459167 0.727433681488037 0.739175617694855 0.773718655109406 0.759806096553802 0.714554727077484 0.75099104642868 0.799299657344818 0.785317778587341 0.782316446304321 0.737177848815918 0.814617812633514 0.824268519878387 0.786916375160217 0.818604171276093 0.864962100982666 0.860701143741608 0.841836333274841 0.781946361064911 0.747950732707977 0.754395723342896 0.758821427822113 0.741274297237396 0.737335860729218 0.750066518783569 0.823494672775269 0.854950606822968 0.833909869194031 0.796688675880432 0.773634195327759 0.779339492321014 0.762324631214142 0.746319353580475 0.750571072101593
0.753410279750824 0.75257819890976 0.76329380273819 0.783185303211212 0.795699596405029 0.788644433021545 0.808930635452271 0.77166473865509 0.740856826305389 0.693705916404724 0.704730272293091 0.714574456214905 0.705672204494476 0.743782639503479 0.751828908920288 0.715808629989624 0.726259410381317 0.766842722892761 0.770001888275146 0.808217942714691 0.7597536444664 0.738479614257812 0.816426932811737 0.807165682315826 0.80377584695816 0.813040137290955 0.837978601455688 0.841805577278137 0.798897087574005 0.783321022987366 0.80317747592926 0.782318472862244 0.776314616203308 0.792604029178619 0.743365585803986 0.780412316322327 0.805785894393921 0.822442710399628 0.854502201080322 0.848785102367401 0.804438292980194 0.776103258132935 0.793345510959625 0.818502306938171
0.758424460887909 0.743564605712891 0.74633264541626 0.764954805374146 0.791664600372314 0.79734468460083 0.783638536930084 0.786207675933838 0.708178400993347 0.710175633430481 0.672675549983978 0.700818777084351 0.697412490844727 0.712144732475281 0.753909111022949 0.742252886295319 0.708286702632904 0.771156847476959 0.726569294929504 0.750397980213165 0.761689960956573 0.730960965156555 0.798401117324829 0.779999017715454 0.770606279373169 0.827364087104797 0.789126574993134 0.779605865478516 0.830272495746613 0.81480872631073 0.779428124427795 0.749732375144958 0.792665898799896 0.782828748226166 0.803859889507294 0.789059460163116 0.779499888420105 0.787857055664062 0.815777659416199 0.844942986965179 0.813152074813843 0.834912359714508 0.800612211227417 0.819569528102875
