data/climate_estimation/maxent_output/Smilax_davidiana.asc
NCOLS 279 
NROWS 262 
XLLCORNER 98.8333333333333 
YLLCORNER 10.0833333333333 
CELLSIZE 0.0833333333333333 
NODATA_value -3.4e+38 
[rows 230 to 252 of 262, columns 52 to 103 of 279]
0.00562278833240271 0.0045644398778677 0.00416411319747567 0.00443334132432938 0.00461851945146918 0.00497580878436565 0.00498128775507212 0.0048741465434432 0.00493186106905341 0.00488648563623428 0.00484598474577069 0.00512402364984155 0.00495805125683546 0.00539777800440788 0.00570872006937861 0.00564553402364254 0.00631037121638656 0.00675290450453758 0.00804610643535852 0.00853441096842289 0.0085609583184123 0.00856011919677258 0.00916305743157864 0.00936797726899385 0.00817395187914371 0.00850361213088036 0.0084299435839057 0.00762005103752017 0.0071236533112824 0.00713034020736814 0.00711611937731504 0.00689967162907124 0.00728647504001856 0.00691938120871782 0.00722506828606129 0.0073551693931222 0.00709057133644819 0.00720903696492314 0.00751627469435334 0.00812794733792543 0.00810495764017105 0.00841875746846199 0.00891086738556623 0.00954095274209976 0.0100562004372478 0.0108400192111731 0.0119491117075086 0.0132715879008174 0.0139870876446366 0.0136258285492659 0.0139195593073964 0.0128962025046349
0.00686304131522775 0.00568623095750809 0.00524633377790451 0.0045926421880722 0.00475062895566225 0.00513831339776516 0.00517669273540378 0.00511630764231086 0.00529466895386577 0.00522982701659203 0.00542721385136247 0.0055036167614162 0.00524014979600906 0.00509233353659511 0.0057048755697906 0.00569908739998937 0.00654024770483375 0.00672542816027999 0.00727878836914897 0.00827608164399862 0.00858080387115479 0.00900960620492697 0.00867365766316652 0.00869629625231028 0.00887029897421598 0.00815053563565016 0.00808774027973413 0.00774683151394129 0.00768532464280725 0.00758803309872746 0.00687817251309752 0.0069158561527729 0.00708911987021565 0.00712239695712924 0.00689484272152185 0.00712763424962759 0.00723404483869672 0.00726258615031838 0.00790161080658436 0.00811022706329823 0.00764079950749874 0.00845152698457241 0.00924515072256327 0.00976045802235603 0.00995532982051373 0.0106312343850732 0.0126605127006769 0.01438950560987 0.0140258055180311 0.0148120755329728 0.0155797656625509 0.0149567145854235
0.00934453401714563 0.00742706842720509 0.00656341575086117 0.00550917070358992 0.00574115430936217 0.00538974441587925 0.00553089193999767 0.00578823033720255 0.00601126905530691 0.00596078857779503 0.00558835593983531 0.00507937278598547 0.00508370995521545 0.00540314940735698 0.00536929396912456 0.00561613030731678 0.00596179394051433 0.00685088522732258 0.00737185729667544 0.00814932305365801 0.00833171885460615 0.008684984408319 0.00863583292812109 0.0085323853418231 0.00847675465047359 0.00762398540973663 0.0082825031131506 0.00815097242593765 0.00725049851462245 0.00782038923352957 0.00720740389078856 0.00666645308956504 0.00637196144089103 0.00612791068851948 0.00712527986615896 0.00711216358467937 0.00689054606482387 0.00746247032657266 0.00778908329084516 0.0076908627524972 0.00821767095476389 0.00857862737029791 0.00941991712898016 0.00975476671010256 0.0106027647852898 0.0115261226892471 0.0137650175020099 0.0159975606948137 0.017219303175807 0.0175620019435883 0.0167434811592102 0.017759308218956
0.0108155300840735 0.00956741720438004 0.00910953991115093 0.00785621348768473 0.00690740486606956 0.00704282568767667 0.00692115258425474 0.00725758029147983 0.00734471576288342 0.00628249160945415 0.00629101460799575 0.00529697025194764 0.0050603449344635 0.00509202945977449 0.00537265697494149 0.00573816103860736 0.0057981270365417 0.0064204465597868 0.00693572871387005 0.00728196976706386 0.00776938442140818 0.00776888569816947 0.00853929854929447 0.00852474756538868 0.00811586063355207 0.0080294581130147 0.00875479821115732 0.00743477325886488 0.00730494456365705 0.00777334300801158 0.0073617803864181 0.00735746417194605 0.00728650158271194 0.00673345476388931 0.00672479253262281 0.00691039534285665 0.00737443240359426 0.00793185736984015 0.00782423093914986 0.00833120103925467 0.00861284043639898 0.00915687624365091 0.00962153542786837 0.0101586738601327 0.011209525167942 0.0136338118463755 0.0156007716432214 0.019428314641118 0.0229756198823452 0.023541733622551 0.0213079880923033 0.0198547299951315
0.0115443002432585 0.0110367629677057 0.0105238696560264 0.00959545932710171 0.0094093456864357 0.00824684090912342 0.00795346312224865 0.00751888798549771 0.00756759569048882 0.00681482581421733 0.00594292255118489 0.00581417419016361 0.00581556418910623 0.00575029756873846 0.00521716987714171 0.00522627728059888 0.00544594414532185 0.00561286089941859 0.00618898123502731 0.00650830753147602 0.00660433527082205 0.00702700717374682 0.00762988161295652 0.00843105465173721 0.00898369308561087 0.00821641087532043 0.00767532596364617 0.00756333814933896 0.00796867441385984 0.00759205734357238 0.00748515035957098 0.00739697460085154 0.00735879968851805 0.00719156861305237 0.00660414202138782 0.00772691192105412 0.00765536399558187 0.00848845671862364 0.00829008035361767 0.00896537490189075 0.0093410424888134 0.00928858481347561 0.00943089742213488 0.0105098253116012 0.0123790092766285 0.0137469973415136 0.0172952320426702 0.0207407828420401 0.0248117782175541 0.0249394178390503 0.0248497407883406 0.0246410686522722
0.011566529981792 0.0120181487873197 0.0123093640431762 0.0111647238954902 0.00974911265075207 0.00909597519785166 0.00834585539996624 0.00815586652606726 0.00772107252851129 0.00765819894149899 0.00670532835647464 0.00585518823936582 0.0049070012755692 0.00474683288484812 0.00459966110065579 0.00458811456337571 0.00480861822143197 0.00538397487252951 0.00520849227905273 0.0051187458448112 0.00528075033798814 0.00591880548745394 0.00678622024133801 0.00773753738030791 0.00868488382548094 0.00819118041545153 0.00764389568939805 0.00708242552354932 0.0068040662445128 0.00776983145624399 0.0080741997808218 0.00723936920985579 0.00720524974167347 0.00740492483600974 0.00779972737655044 0.00824818853288889 0.00828307960182428 0.00875160656869411 0.00814443547278643 0.00862632505595684 0.00941372383385897 0.00977883767336607 0.0107204029336572 0.0110134901478887 0.0116682322695851 0.0137691395357251 0.0165004506707191 0.0183400455862284 0.020353689789772 0.0246913935989141 0.026686055585742 0.0279641095548868
0.0143958209082484 0.014364798553288 0.0141882011666894 0.0110867563635111 0.0113178202882409 0.0102590061724186 0.00954949762672186 0.00892576575279236 0.00787249393761158 0.00786997377872467 0.00702550075948238 0.00587515952065587 0.00561903091147542 0.00508831301704049 0.00441558007150888 0.00415210239589214 0.00492287008091807 0.00528561882674694 0.005113510414958 0.00428958376869559 0.00402223598212004 0.00434833951294422 0.00491863954812288 0.00663224840536714 0.00757075194269419 0.00807455834001303 0.00750187179073691 0.00606206618249416 0.00655552791431546 0.00735715590417385 0.00778267346322536 0.00784245878458023 0.00729916756972671 0.00768602034077048 0.0080564571544528 0.00859307963401079 0.00861209351569414 0.00908764265477657 0.00938449148088694 0.00941384024918079 0.00926443282514811 0.0102822920307517 0.0116861313581467 0.0115248775109649 0.0125486580654979 0.0131862489506602 0.0154797313734889 0.01641003228724 0.019350228831172 0.024678410962224 0.0270318053662777 0.0285192336887121
0.0139140170067549 0.0143441008403897 0.0148395886644721 0.0161896664649248 0.0147886285558343 0.0111468071117997 0.0100936815142632 0.00980350747704506 0.00843104720115662 0.00794743932783604 0.00880210101604462 0.00713850511237979 0.00931242667138577 0.00584685569629073 0.00478630093857646 0.00387970008887351 0.00418047420680523 0.00444011809304357 0.00414806231856346 0.00329125393182039 0.00366325792856514 0.00367679097689688 0.00385666219517589 0.00447687739506364 0.00529358629137278 0.0056635644286871 0.00545416912063956 0.0054233786650002 0.00595896178856492 0.00732606975361705 0.00807549804449081 0.00819739047437906 0.00881879311054945 0.00867306720465422 0.00906260684132576 0.00944388937205076 0.00990017596632242 0.00938660651445389 0.00948150735348463 0.00969100091606379 0.0104031469672918 0.0116275399923325 0.0122167151421309 0.00860850885510445 0.00898468494415283 0.0100310984998941 0.0149923358112574 0.0182662699371576 0.0197482705116272 0.0206064786761999 0.0243011843413115 0.0272210612893105
0.0139326499775052 0.01385747641325 0.0158963184803724 0.017276031896472 0.0183855593204498 0.0134868286550045 0.0110625261440873 0.00964877940714359 0.0092329028993845 0.00725880218669772 0.00943368300795555 0.0121685899794102 0.0174969527870417 0.00646068062633276 0.00363791291601956 0.00343162915669382 0.00327707477845252 0.00339760724455118 0.00309073925018311 0.0034891371615231 0.00378895970061421 0.00390637153759599 0.00405867397785187 0.00390659738332033 0.00365727604366839 0.00401801336556673 0.00422413041815162 0.00415254337713122 0.00493988115340471 0.00655832421034575 0.00777947762981057 0.00800577271729708 0.0088566392660141 0.00932748522609472 0.0103672323748469 0.0102949840947986 0.0110342493280768 0.0105605805292726 0.0101780230179429 0.0102628162130713 0.0111993905156851 0.00828711874783039 0.00868050381541252 0.00928068440407515 0.00987866800278425 0.0101446900516748 0.016407985240221 0.0178169850260019 0.0189214237034321 0.0194051936268806 0.0219901204109192 0.0247837193310261
0.0147980349138379 0.0131850223988295 0.01429299172014 0.0156589541584253 0.0175188817083836 0.0187358520925045 0.0174985714256763 0.0133345117792487 0.0109851695597172 0.00894214492291212 0.00748000014573336 0.00658667413517833 0.0104749388992786 0.00552695663645864 0.00380694610066712 0.00333813484758139 0.00289078941568732 0.00272593833506107 0.00325714354403317 0.0034000058658421 0.00379278673790395 0.00384348328225315 0.00404472649097443 0.00423015467822552 0.00409560650587082 0.00364406430162489 0.00356547860428691 0.00384908309206367 0.00509069859981537 0.00662103481590748 0.00746859377250075 0.00833957269787788 0.00944279786199331 0.0106528755277395 0.0111366165801883 0.0116595011204481 0.0125202080234885 0.0121253421530128 0.0114149348810315 0.0125536751002073 0.00820695050060749 0.0085142869502306 0.00904836691915989 0.0101354019716382 0.0105966441333294 0.0108492644503713 0.0118847656995058 0.0124203255400062 0.018436012789607 0.0189208313822746 0.0212957765907049 0.0246905833482742
0.0133543647825718 0.0146089512854815 0.0154652521014214 0.0138076012954116 0.0147391045466065 0.0153842931613326 0.0137655390426517 0.0175488460808992 0.0141069609671831 0.00872744247317314 0.00758194550871849 0.00582580920308828 0.00504915975034237 0.00448287650942802 0.00375620927661657 0.00370122375898063 0.00297902873717248 0.00295936921611428 0.00328546180389822 0.0036002965644002 0.0035621915012598 0.00383862946182489 0.0039216373115778 0.00393946096301079 0.00404610158875585 0.00386611511930823 0.00361957284621894 0.00384361459873617 0.00548329623416066 0.00534991594031453 0.00723249046131968 0.00851765088737011 0.0103951990604401 0.0111548602581024 0.0118053080514073 0.0127176567912102 0.0141102867200971 0.013242700137198 0.0132469339296222 0.00926162581890821 0.00932255294173956 0.0103460997343063 0.00977651588618755 0.0109359184280038 0.0116877602413297 0.0122665138915181 0.0124624380841851 0.0130316894501448 0.013001118786633 0.0186115689575672 0.0234345775097609 0.0247793383896351
0.00973555445671082 0.0148643348366022 0.0137040466070175 0.0127740493044257 0.0116551108658314 0.00893077254295349 0.0114618046209216 0.0132142137736082 0.0105129536241293 0.00772460736334324 0.00598135776817799 0.00557006010785699 0.00474878679960966 0.00421942165121436 0.00377566972747445 0.00343073043040931 0.00304143154062331 0.00321094901300967 0.0033160278107971 0.00363179785199463 0.00343916192650795 0.00391251780092716 0.00405936315655708 0.00414859130978584 0.00403146725147963 0.0041627143509686 0.0039370097219944 0.0038102816324681 0.00434565683826804 0.00500932103022933 0.00615080073475838 0.00812190026044846 0.0103502972051501 0.0114768762141466 0.0115745523944497 0.0114387916401029 0.0131765697151423 0.0144260311499238 0.0130016347393394 0.00984481070190668 0.0092612961307168 0.00996129680424929 0.0111624663695693 0.0117767676711082 0.0126630943268538 0.0137455593794584 0.0143958227708936 0.0128709068521857 0.0134621681645513 0.0191343855112791 0.021012594923377 0.0211120527237654
0.00842718686908484 0.00964126829057932 0.0122839566320181 0.0114736892282963 0.0117458142340183 0.00806192494928837 0.0124052176252007 0.0110656935721636 0.00749734556302428 0.00699114147573709 0.00610614428296685 0.00542373629286885 0.00502573698759079 0.00435125734657049 0.00355529459193349 0.00325583317317069 0.00319481524638832 0.00336348661221564 0.00339764612726867 0.00352096930146217 0.00369991664774716 0.00397726753726602 0.00393097056075931 0.0042131906375289 0.00416343612596393 0.00414701970294118 0.00402264529839158 0.00403928430750966 0.00397734856233001 0.0042611095122993 0.00478733470663428 0.00741175375878811 0.00877174735069275 0.0105669172480702 0.0111539782956243 0.0110867526382208 0.00925163738429546 0.0090787960216403 0.0095870541408658 0.00934199802577496 0.00949836149811745 0.0104892132803798 0.0117163872346282 0.0126726003363729 0.0134692024439573 0.0146757503971457 0.0136636709794402 0.0149395959451795 0.0139025803655386 0.0137219903990626 0.0184862427413464 0.0214362200349569
0.0052052759565413 0.00657696463167667 0.00828023068606853 0.00919290725141764 0.00929600559175014 0.00932027027010918 0.0106290401890874 0.00965612288564444 0.0070633334107697 0.00692610070109367 0.00630434462800622 0.00529285194352269 0.00474823405966163 0.00415660021826625 0.00358670158311725 0.00313185970298946 0.00316224317066371 0.00311424536630511 0.00344752660021186 0.00380890141241252 0.00390924979001284 0.00392832048237324 0.00425035320222378 0.00433023693040013 0.00415386771783233 0.00436576176434755 0.00389690999872983 0.00378859369084239 0.00413346569985151 0.0038180653937161 0.00412655435502529 0.00476570753380656 0.00709061929956079 0.00870025902986526 0.00652265828102827 0.00765637634322047 0.00817571301013231 0.0086614117026329 0.009495684877038 0.00963961519300938 0.00972150359302759 0.0107005266472697 0.0120347132906318 0.0137175368145108 0.0150963990017772 0.0147084621712565 0.0148535100743175 0.0152414115145802 0.0142142837867141 0.0124170519411564 0.0106595000252128 0.0123508339747787
0.0037970847915858 0.00457676453515887 0.00596139673143625 0.00697378721088171 0.0100986985489726 0.0100877322256565 0.00743656000122428 0.00594877172261477 0.00724823260679841 0.00802003312855959 0.00810105353593826 0.00544061698019505 0.00449440348893404 0.00400586379691958 0.00358662405051291 0.00316592142917216 0.00303813070058823 0.00297959987074137 0.00336034991778433 0.00380854052491486 0.00394873926416039 0.00405277358368039 0.00397852249443531 0.0044007683172822 0.00407169433310628 0.0041577098891139 0.00419764453545213 0.00401019211858511 0.0036625184584409 0.00367493461817503 0.00263017183169723 0.00274059292860329 0.00333297997713089 0.0051451288163662 0.00571209890767932 0.00695443013682961 0.00764435017481446 0.0085796732455492 0.00883523095399141 0.00954276509582996 0.00980926863849163 0.0105879725888371 0.0120109310373664 0.0141776073724031 0.0150118544697762 0.0142318001016974 0.0152687784284353 0.0150003870949149 0.014394492842257 0.0120207089930773 0.011094537563622 0.00932580325752497
0.0026176068931818 0.00315554649569094 0.00444988301023841 0.00604915665462613 0.00741816451773047 0.00891526136547327 0.0066582215949893 0.00637939060106874 0.00729003688320518 0.00818328931927681 0.00818399153649807 0.00608678581193089 0.00466198846697807 0.00407875375822186 0.00329167139716446 0.00312412995845079 0.00310104573145509 0.003233423223719 0.00326726515777409 0.00357433501631021 0.00396840972825885 0.00418872619047761 0.0029311440885067 0.00413456559181213 0.00410843174904585 0.00303352042101324 0.00304514286108315 0.00277547934092581 0.002673942130059 0.00268033798784018 0.00248465267941356 0.00266484543681145 0.00322314398363233 0.00400210730731487 0.00540393870323896 0.00652230065315962 0.00759880244731903 0.00902070291340351 0.00929124746471643 0.0102300215512514 0.00992591585963964 0.0110244266688824 0.0123330261558294 0.012991419993341 0.0137914512306452 0.0133433062583208 0.0131932431831956 0.0130699407309294 0.0139177702367306 0.0123668955639005 0.0105690779164433 0.00959246139973402
0.00227913749404252 0.00310892076231539 0.00388412363827229 0.00451068440452218 0.00552462507039309 0.00725287757813931 0.0074366289190948 0.00799327995628119 0.00782304815948009 0.00872385688126087 0.00931799504905939 0.00587246054783463 0.00469494890421629 0.00384916760958731 0.00343212555162609 0.0031986515969038 0.00320303603075445 0.00326223997399211 0.00316491280682385 0.00351794110611081 0.00387717713601887 0.00401521939784288 0.0028804219327867 0.00296838255599141 0.00281065911985934 0.00300887622870505 0.00310390372760594 0.0027029316406697 0.00279632257297635 0.00273214350454509 0.00275952252559364 0.0029616029933095 0.0033809719607234 0.00388059788383543 0.00444825179874897 0.0063698273152113 0.00763322226703167 0.00847019627690315 0.0091062318533659 0.00946719944477081 0.00908656977117062 0.010081559419632 0.0112055549398065 0.0115652689710259 0.0117273954674602 0.0122411279007792 0.0117445085197687 0.0116736004129052 0.011849076487124 0.011199502274394 0.00931584741920233 0.00864993687719107
0.00243141362443566 0.00292951893061399 0.00367183308117092 0.00434880563989282 0.00528609333559871 0.00657878164201975 0.00760067952796817 0.00816929992288351 0.00946948491036892 0.0110159004107118 0.0101468190550804 0.00624384777620435 0.00481638312339783 0.00414338987320662 0.00344284949824214 0.00329448212869465 0.00353093654848635 0.00324748177081347 0.00305971712805331 0.00346625782549381 0.00351668591611087 0.00373756233602762 0.00286641670390964 0.00285572512075305 0.00286235241219401 0.00299964030273259 0.00300100003369153 0.00297364173457026 0.00292934896424413 0.00309611181728542 0.00330892205238342 0.00341454870067537 0.00368758640252054 0.00406007841229439 0.00430882954970002 0.00606633676216006 0.00697151385247707 0.00851254258304834 0.00857683457434177 0.00903512723743916 0.00945078115910292 0.00957846362143755 0.0101217133924365 0.00972322933375835 0.0104663632810116 0.0105991773307323 0.0109610389918089 0.0103682717308402 0.00999679323285818 0.00944914296269417 0.00880511850118637 0.00767132081091404
0.00290723261423409 0.00279063661582768 0.00341196428053081 0.00359440059401095 0.00436809798702598 0.0051931138150394 0.00634630490094423 0.00734797911718488 0.00759975519031286 0.0074612800963223 0.00742328865453601 0.00589574314653873 0.00469472631812096 0.00406540837138891 0.0032878105994314 0.00312483566813171 0.00295469886623323 0.0029375075828284 0.00287648220546544 0.00327075645327568 0.00342595344409347 0.00287075364030898 0.00272321095690131 0.00281383469700813 0.00279680779203773 0.00289511820301414 0.00290973810479045 0.0029631198849529 0.00312683614902198 0.00327822868712246 0.0036546727642417 0.00399025762453675 0.00411321828141809 0.00433787284418941 0.00437376042827964 0.00477118790149689 0.00623725494369864 0.00794257037341595 0.00811015442013741 0.00818122830241919 0.00859096273779869 0.00871238205581903 0.00874066166579723 0.00897156354039907 0.00915647950023413 0.00967981852591038 0.0101427035406232 0.00905939005315304 0.00877213850617409 0.00815235730260611 0.00756086083129048 0.00705469073727727
0.00277096801437438 0.00290824961848557 0.00315305148251355 0.00341805373318493 0.00453875865787268 0.00496542965993285 0.00584196345880628 0.00729907257482409 0.00633718818426132 0.00608873181045055 0.00670472346246243 0.00638366118073463 0.00515656871721148 0.00438754167407751 0.00329672475345433 0.00315035227686167 0.00278570177033544 0.00269716372713447 0.00305593409575522 0.00309539237059653 0.00268312334083021 0.00284045212902129 0.00283655477687716 0.00294085615314543 0.00287600723095238 0.00294222705997527 0.00293105840682983 0.00307422783225775 0.00334663083776832 0.00375839555636048 0.00392804946750402 0.00460489373654127 0.00439419876784086 0.00426392536610365 0.00436207232996821 0.00496516330167651 0.00547457812353969 0.0060911001637578 0.00741729792207479 0.00755300046876073 0.00758453272283077 0.00715879956260324 0.0076325791887939 0.00777030177414417 0.00792137812823057 0.0084111113101244 0.00926240254193544 0.0086284913122654 0.00811521802097559 0.00735533144325018 0.00683342851698399 0.00635811313986778
0.00283729657530785 0.00272232200950384 0.00299362931400537 0.00326335104182363 -3.4e+38 0.00523752113804221 0.00570518430322409 0.00693258456885815 0.00755735253915191 0.0100477617233992 0.0119419228285551 0.00652542943134904 0.00527182035148144 0.00568044045940042 0.00414429325610399 0.00315470434725285 0.00305575178936124 0.00277827493846416 0.0025857393629849 0.00267243082635105 0.00261455122381449 0.00279541523195803 0.00281170010566711 0.00298876548185945 0.00290698953904212 0.00285317096859217 0.0030263822991401 0.00338990008458495 0.00322469463571906 0.00357983657158911 0.00388173433020711 0.0046848701313138 0.00426977267488837 0.00375591823831201 0.00425493437796831 0.00481367902830243 0.00525522045791149 0.00536249531432986 0.00567690329626203 0.00605510780587792 0.00643376028165221 0.00615587644279003 0.00589727284386754 0.00579083291813731 0.00635688798502088 0.00737540842965245 0.00827422086149454 0.00827510189265013 0.00732844974845648 0.00654831202700734 0.00566298747435212 0.00529118347913027
0.00260749063454568 0.00284721958450973 0.00323240971192718 0.00323768984526396 -3.4e+38 0.00478743854910135 0.00549182947725058 0.00668364949524403 0.00742359133437276 0.0104288253933191 0.0110444044694304 0.00689475098624825 0.00572839751839638 0.00491059245541692 0.00413196533918381 0.00337824388407171 0.00350471748970449 0.00296831713058054 0.00334103382192552 0.00290613179095089 0.00279208016581833 0.00275625218637288 0.00282484060153365 0.00276335864327848 0.00275907944887877 0.00292354682460427 0.00298049789853394 0.00315570179373026 0.00320067605935037 0.0036048220936209 0.00378788029775023 0.00370790367014706 0.00387581833638251 0.00359406182542443 0.00402031932026148 0.00461919931694865 0.00488260574638844 0.00522962771356106 0.00509618455544114 0.00538906361907721 0.00536466902121902 0.00515180826187134 0.00479897065088153 0.0044942069798708 0.0057708309032023 0.00682512624189258 0.00707281893119216 0.00708641670644283 0.00650577200576663 0.00568645633757114 0.0057540126144886 0.00502064311876893
0.00281255948357284 0.00307079148478806 0.00298678898252547 0.00324863591231406 -3.4e+38 -3.4e+38 0.00548683991655707 0.0059021757915616 0.00762176560238004 0.0125008150935173 0.0105322450399399 0.00765012484043837 0.00638145254924893 0.00457861134782434 0.00383094628341496 0.00338903954252601 0.00343471230007708 0.00330966338515282 0.00345861120149493 0.00283308117650449 0.00287415157072246 0.00286043738014996 0.00286103994585574 0.00270373094826937 0.00269185448996723 0.00274517154321074 0.00287975161336362 0.00284909503534436 0.00317092216573656 0.00335882254876196 0.00334229716099799 0.00355130736716092 0.0033724142704159 0.00349374720826745 0.00382764497771859 0.00419563055038452 0.00420889724045992 0.00425866153091192 0.00450929021462798 0.00473969615995884 0.00450153602287173 0.00435810722410679 0.00412084860727191 0.00445556361228228 0.00484046200290322 0.00561199057847261 0.00582148320972919 0.00594869675114751 0.00591358728706837 0.00567575683817267 0.00502885691821575 0.00446715764701366
