data/climate_estimation/maxent_output/Smilax_californica.asc
NCOLS 60 
NROWS 80 
XLLCORNER -124.166666666667 
YLLCORNER 36.1666666666667 
CELLSIZE 0.0833333333333333 
NODATA_value -3.4e+38 
[rows 0 to 19 of 80, columns 0 to 46 of 60]
0.159963414072990 0.253009349107742 0.238052204251289 0.356691181659698 0.414225995540619 0.57238233089447 0.66711962223053 0.695754647254944 0.667649865150452 0.711102247238159 0.7214635014534 0.757663786411285 0.704623281955719 0.740974485874176 0.693262040615082 0.721189141273499 0.697644054889679 0.774785161018372 0.79740971326828 0.760611414909363 0.837657749652863 0.777267098426819 0.641148269176483 0.494721204042435 0.541339457035065 0.637393236160278 0.560453474521637 0.468176811933517 0.381907969713211 0.261191248893738 0.186917752027512 0.128391698002815 0.0616012699902058 0.101176418364048 0.0638044998049736 0.0298429802060127 0.0184154156595469 0.0162203386425972 0.0174018535763025 0.0228468216955662 0.00642063142731786 0.00309073482640088 0.00228019920177758 0.00170984317082912 0.00141139759216458 0.00129402871243656 0.00066714157583192
0.123413793742657 0.252821981906891 0.313913524150848 0.475778013467789 0.556074380874634 0.563367784023285 0.61087566614151 0.68188214302063 0.745717465877533 0.749872624874115 0.715384423732758 0.640040516853333 0.699466466903687 0.716094255447388 0.747749745845795 0.780714333057404 0.798869252204895 0.816033184528351 0.775460600852966 0.797776997089386 0.809456825256348 0.807032227516174 0.697946429252625 0.543627262115479 0.658705830574036 0.598440229892731 0.541084706783295 0.473897308111191 0.397871673107147 0.242196381092072 0.170598849654198 0.150160804390907 0.0733655095100403 0.0502458624541759 0.0436593368649483 0.0302565265446901 0.0219910331070423 0.0200280863791704 0.0189961865544319 0.0195339806377888 0.0128342602401972 0.00597966369241476 0.00381358410231769 0.0019850255921483 0.00138184928800911 0.00167383113875985 0.000875995901878923
0.161309882998466 0.316850215196609 0.321240991353989 0.296256393194199 0.41903755068779 0.674613535404205 0.678412854671478 0.743943631649017 0.786929070949554 0.773414254188538 0.761708498001099 0.744000792503357 0.774489879608154 0.791055083274841 0.788218021392822 0.808119535446167 0.757390677928925 0.715045690536499 0.827023088932037 0.803618371486664 0.866769373416901 0.808427691459656 0.746647536754608 0.489464819431305 0.631380915641785 0.608907699584961 0.504791259765625 0.325787872076035 0.231429606676102 0.148458629846573 0.108848802745342 0.189820647239685 0.0965383052825928 0.0509241782128811 0.0398778989911079 0.0318150110542774 0.0230371076613665 0.0200205948203802 0.0263314321637154 0.0194667782634497 0.0193735249340534 0.0152165303006768 0.00570275355130434 0.00355016579851508 0.00210680370219052 0.00153960043098778 0.00111396447755396
0.192645356059074 0.292713671922684 0.325768917798996 0.385317176580429 0.445035994052887 0.574045777320862 0.721274495124817 0.774266242980957 0.740846335887909 0.758531033992767 0.79060572385788 0.787056744098663 0.749464273452759 0.790405750274658 0.700611531734467 0.656148135662079 0.641219735145569 0.768154680728912 0.772358059883118 0.829080283641815 0.828280508518219 0.844222784042358 0.648108184337616 0.551605582237244 0.601563632488251 0.55174332857132 0.454007863998413 0.299421578645706 0.253333866596222 0.118925683200359 0.09151741117239 0.065133236348629 0.0567918345332146 0.0389878153800964 0.0258925836533308 0.0233355369418859 0.0193973202258348 0.0161377601325512 0.0185714513063431 0.0197970829904079 0.0192718170583248 0.0102337496355176 0.00584121653810143 0.00519763445481658 0.00314609450288117 0.00225723930634558 0.00154265679884702
0.153365150094032 0.251877337694168 0.402824223041534 0.47922095656395 0.557118058204651 0.598071038722992 0.688298046588898 0.799203455448151 0.732796788215637 0.762383759021759 0.818648517131805 0.792119324207306 0.734736859798431 0.706073403358459 0.616431474685669 0.522247910499573 0.485986679792404 0.554520845413208 0.653876960277557 0.820990443229675 0.82491934299469 0.833682656288147 0.52007007598877 0.669825851917267 0.638454973697662 0.553514182567596 0.340936452150345 0.254555195569992 0.317241370677948 0.274644166231155 0.0800519064068794 0.0446134023368359 0.0346732474863529 0.0291187036782503 0.0217337161302567 0.022047558799386 0.0190373882651329 0.013756007887423 0.0152225149795413 0.0187560617923737 0.015691015869379 0.0114905973896384 0.00666563911363482 0.00670300843194127 0.00450316164642572 0.00293713458813727 0.00249108811840415
0.154657050967216 0.255008637905121 0.381788015365601 0.502585828304291 0.66348659992218 0.678726255893707 0.72667008638382 0.816451251506805 0.771569848060608 0.754124462604523 0.840433120727539 0.817348420619965 0.749340772628784 0.773452460765839 0.626555740833282 0.360756427049637 0.575912296772003 0.609531998634338 0.672260582447052 0.734960317611694 0.792335093021393 0.824243545532227 0.736328423023224 0.645675361156464 0.498549848794937 0.542687714099884 0.305576175451279 0.137725606560707 0.0997867062687874 0.113179713487625 0.0786584541201591 0.0400329865515232 0.0344610624015331 0.025405639782548 0.0207708291709423 0.0202403794974089 0.0213432218879461 0.0155861750245094 0.0127881597727537 0.0134700508788228 0.0138147743418813 0.0121560050174594 0.0109558273106813 0.00814577285200357 0.0065533546730876 0.00534587213769555 0.00414140336215496
0.163411840796471 0.273091048002243 0.394956260919571 0.472275376319885 0.646221935749054 0.721967458724976 0.844007849693298 0.866424322128296 0.84064120054245 0.823944926261902 0.839850723743439 0.814180076122284 0.800994098186493 0.777249276638031 0.696607530117035 0.484535962343216 0.457816064357758 0.756489396095276 0.782964766025543 0.823286771774292 0.814090549945831 0.792171120643616 0.655872523784637 0.634539842605591 0.452880173921585 0.478303074836731 0.210279285907745 0.0985724851489067 0.0679655224084854 0.0484916381537914 0.0290581695735455 0.0256599336862564 0.0185937285423279 0.0231542903929949 0.0231885574758053 0.0190836060792208 0.0176177807152271 0.0165420733392239 0.0157718770205975 0.0160369295626879 0.0132127711549401 0.0128376986831427 0.0120929814875126 0.00929512269794941 0.00838384218513966 0.00566232670098543 0.00517738796770573
0.129549786448479 0.275460839271545 0.328137248754501 0.485650151968002 0.532212018966675 0.823693573474884 0.889933288097382 0.864573240280151 0.76862621307373 0.793475329875946 0.847675383090973 0.878267645835876 0.819449186325073 0.736972868442535 0.758465051651001 0.747850775718689 0.60203891992569 0.42635840177536 0.5948486328125 0.746583521366119 0.719135224819183 0.747101306915283 0.616537153720856 0.551589846611023 0.47758486866951 0.286597430706024 0.146593227982521 0.0778116509318352 0.042033564299345 0.0325991585850716 0.0241709966212511 0.016709866002202 0.0134330280125141 0.0131367966532707 0.0139231309294701 0.015909917652607 0.012700941413641 0.0132910842075944 0.0163565576076508 0.0158835332840681 0.0155480848625302 0.0125852879136801 0.0121633103117347 0.0110614849254489 0.00965482462197542 0.00889523327350616 0.00627417955547571
0.129216626286507 0.256790578365326 0.354022830724716 0.457813411951065 0.570736825466156 0.807152450084686 0.863580942153931 0.883565962314606 0.837085664272308 0.698755145072937 0.654831230640411 0.846033215522766 0.838493764400482 0.800005674362183 0.767861425876617 0.755907773971558 0.666371583938599 0.736836314201355 0.63679301738739 0.616156458854675 0.68310958147049 0.603040516376495 0.568756759166718 0.478529244661331 0.30069899559021 0.196708679199219 0.10376188904047 0.0663750395178795 0.0360470935702324 0.0250058304518461 0.020212285220623 0.0136795165017247 0.01045355014503 0.0116726802662015 0.0101971868425608 0.010066581889987 0.0125285880640149 0.0125284036621451 0.0153351947665215 0.0129836266860366 0.0131588028743863 0.0145104648545384 0.0123407719656825 0.0117241935804486 0.01067831274122 0.00941577833145857 0.00738912494853139
0.0922279357910156 0.216934159398079 0.351591229438782 0.484627991914749 0.604030013084412 0.811667501926422 0.873493373394012 0.783254623413086 0.685164630413055 0.563774228096008 0.612981617450714 0.791170716285706 0.865974128246307 0.78174763917923 0.707646787166595 0.494988352060318 0.636677920818329 0.719295144081116 0.646373510360718 0.677530884742737 0.624566078186035 0.514451384544373 0.436956644058228 0.300212383270264 0.204180330038071 0.105092480778694 0.0531181581318378 0.046605184674263 0.0304355621337891 0.0197483282536268 0.0141659863293171 0.00840070843696594 0.00705213705077767 0.00855208188295364 0.0146645456552505 0.00885070487856865 0.0108171384781599 0.0113957328721881 0.0116798002272844 0.0150480233132839 0.0148402387276292 0.0114487744867802 0.0129919312894344 0.0115015627816319 0.0126488758251071 0.0129866106435657 0.00850003305822611
0.0813901349902153 0.205045238137245 0.335327625274658 0.508789956569672 0.642885386943817 0.76610940694809 0.663930118083954 0.658104717731476 0.760764956474304 0.765412569046021 0.63645726442337 0.775234401226044 0.774605333805084 0.687349438667297 0.575874924659729 0.689978241920471 0.706467270851135 0.701151788234711 0.553723454475403 0.463201522827148 0.329088896512985 0.292396664619446 0.282910227775574 0.211372643709183 0.109683126211166 0.0586628951132298 0.0399900339543819 0.0315789356827736 0.023265590891242 0.0171732883900404 0.0115096252411604 0.00685730949044228 0.00548878544941545 0.00597673654556274 0.0074574532918632 0.00852117035537958 0.00941756460815668 0.0113989356905222 0.0126111069694161 0.0123284235596657 0.0141796059906483 0.012710346840322 0.0119642093777657 0.013179000467062 0.0120036657899618 0.0129599049687386 0.00984654668718576
0.0577398203313351 0.194726780056953 0.267538994550705 0.460009694099426 0.600434720516205 0.627278089523315 0.407373130321503 0.730357825756073 0.884215235710144 0.895852565765381 0.923189103603363 0.910656332969666 0.880616545677185 0.832430362701416 0.811296880245209 0.728935539722443 0.635190367698669 0.572867453098297 0.585377275943756 0.365677356719971 0.30871656537056 0.289397358894348 0.335963606834412 0.277019023895264 0.0636785626411438 0.0379115082323551 0.025567265227437 0.0238547213375568 0.0207871664315462 0.0155842127278447 0.0106688439846039 0.00824648700654507 0.00683590769767761 0.00674168393015862 0.00779698882251978 0.00951957982033491 0.00997956842184067 0.0105877015739679 0.0107434587553144 0.0127957360818982 0.0106859300285578 0.010932918637991 0.011415608227253 0.0108698904514313 0.0116632804274559 0.0135072665289044 0.00951865129172802
0.0425598844885826 0.131722256541252 0.305616974830627 0.486420392990112 0.520546317100525 0.566589593887329 0.63199919462204 0.695559501647949 0.850296437740326 0.902604341506958 0.918432533740997 0.902928352355957 0.897527575492859 0.788371205329895 0.755638539791107 0.692530274391174 0.625337362289429 0.530967593193054 0.367657750844955 0.315007776021957 0.331955999135971 0.285972505807877 0.242177471518517 0.307194977998734 0.127216875553131 0.0274984128773212 0.0228493437170982 0.0274641271680593 0.0190430097281933 0.0178152285516262 0.0128052774816751 0.0110297435894608 0.00917807593941689 0.0090227322652936 0.00883469823747873 0.00916388537734747 0.0103551410138607 0.0118410503491759 0.0126516912132502 0.0123375905677676 0.0117351673543453 0.0113174440339208 0.0111357057467103 0.0107311736792326 0.0122712161391973 0.012017298489809 0.00950054358690977
0.0616178922355175 0.139910653233528 0.268701463937759 0.391316384077072 0.568457126617432 0.575406730175018 0.677899301052094 0.866971850395203 0.918767988681793 0.917678654193878 0.880603730678558 0.664067447185516 0.799974679946899 0.868314743041992 0.785213589668274 0.702032268047333 0.676629900932312 0.582345068454742 0.305591374635696 0.335743218660355 0.419090628623962 0.413379549980164 0.263451665639877 0.337180882692337 0.117202043533325 0.0599408745765686 0.0386762693524361 0.0362771563231945 0.0291418042033911 0.0248115565627813 0.0198646988719702 0.0161259043961763 0.0131947323679924 0.0130900489166379 0.0129670696333051 0.0117490869015455 0.0127226589247584 0.0126405945047736 0.0135648446157575 0.0128632131963968 0.0121909091249108 0.010343941859901 0.00975419487804174 0.00990460440516472 0.0106074269860983 0.0103637194260955 0.00786032527685165
0.0544432289898396 0.102786593139172 0.280990749597549 0.426258683204651 0.574600458145142 0.528705894947052 0.799647748470306 0.874110877513885 0.915586888790131 0.854101538658142 0.796115398406982 0.463450133800507 0.828905344009399 0.814950168132782 0.654801607131958 0.525774359703064 0.564067363739014 0.564407646656036 0.562834620475769 0.448870688676834 0.478573441505432 0.516089141368866 0.439881145954132 0.292568683624268 0.187595263123512 0.10953214764595 0.0810063630342484 0.063388854265213 0.0634928345680237 0.0459249578416348 0.0815790072083473 0.0680496096611023 0.0224758144468069 0.0177062228322029 0.0170880500227213 0.0148207787424326 0.0146626112982631 0.0154678029939532 0.0152680762112141 0.0122596491128206 0.0111591042950749 0.0109205702319741 0.00914005748927593 0.00952487718313932 0.00800525210797787 0.00953944958746433 0.00758339092135429
0.0391873419284821 0.0716017782688141 0.195067003369331 0.448501586914062 0.529568374156952 0.587488532066345 0.780781090259552 0.897148132324219 0.865569770336151 0.577866613864899 0.620241820812225 0.628319978713989 0.479376375675201 0.660044372081757 0.731908738613129 0.480038583278656 0.604792356491089 0.617540657520294 0.592783868312836 0.514513611793518 0.558381855487823 0.624955892562866 0.651599824428558 0.389994978904724 0.316383183002472 0.309530735015869 0.238952532410622 0.124416425824165 0.113590233027935 0.089539997279644 0.0979758575558662 0.0762679800391197 0.0401995778083801 0.0293322335928679 0.024220610037446 0.0179165806621313 0.0175351146608591 0.0176541991531849 0.0153575409203768 0.012222396209836 0.0108324680477381 0.0104232551530004 0.0085851363837719 0.00611870596185327 0.00608492968603969 0.00857590045779943 0.00802934821695089
-3.4e+38 0.0876991897821426 0.155734330415726 0.354852467775345 0.567694365978241 0.685515105724335 0.736686527729034 0.904757142066956 0.90837162733078 0.920866429805756 0.927680611610413 0.649362206459045 0.651836276054382 0.614457786083221 0.76109504699707 0.555103063583374 0.622496545314789 0.6904336810112 0.658295810222626 0.676366090774536 0.692523717880249 0.700457274913788 0.534841060638428 0.292154550552368 0.34454482793808 0.364037394523621 0.335427671670914 0.283975839614868 0.196465775370598 0.147670060396194 0.106690444052219 0.0703944563865662 0.0587504804134369 0.0440437495708466 0.0354758910834789 0.0253345966339111 0.0230155698955059 0.018822256475687 0.0158239975571632 0.0165398195385933 0.0115238633006811 0.0088389664888382 0.0057171625085175 0.00494664860889316 0.00584252690896392 0.00853314530104399 0.00730133475735784
-3.4e+38 0.0675117447972298 0.183408126235008 0.336017191410065 0.520437061786652 0.680729508399963 0.803641319274902 0.912533342838287 0.92938643693924 0.939538896083832 0.600496292114258 0.729640901088715 0.836141586303711 0.77368026971817 0.624130070209503 0.723908066749573 0.710813343524933 0.708315551280975 0.640710294246674 0.468192517757416 0.650704264640808 0.783155858516693 0.622973203659058 0.163617849349976 0.409473359584808 0.667972445487976 0.742745339870453 0.512750208377838 0.461103349924088 0.401298671960831 0.318504601716995 0.201740249991417 0.106505669653416 0.0701461136341095 0.0471469573676586 0.0340971313416958 0.0272684656083584 0.0231095161288977 0.0196376368403435 0.0173633676022291 0.0133772501721978 0.0081638665869832 0.00720607861876488 0.00546188978478312 0.00654105748981237 0.00823184754699469 0.00684661976993084
0.037967674434185 0.0800425633788109 0.205310136079788 0.327601909637451 0.51728230714798 0.687850594520569 0.842346251010895 0.882685661315918 0.824958443641663 0.94095903635025 0.940332055091858 0.939337193965912 0.913104653358459 0.810226023197174 0.4951012134552 0.775679469108582 0.763914883136749 0.744084417819977 0.676351964473724 0.577278435230255 0.569270253181458 0.891261577606201 0.951986610889435 0.828072965145111 0.942859888076782 0.961704730987549 0.939968168735504 0.866226732730865 0.706478834152222 0.597033977508545 0.570066154003143 0.359132498502731 0.180252119898796 0.107189729809761 0.0647468939423561 0.0483380407094955 0.0321263186633587 0.0300150010734797 0.020748320966959 0.0191140398383141 0.0174076370894909 0.0108356345444918 0.00911681819707155 0.00599004467949271 0.00623317621648312 0.00836469419300556 0.00646572047844529
0.0404976867139339 0.101520583033562 0.230468183755875 0.385660648345947 0.527399182319641 0.697244107723236 0.825883030891418 0.909120857715607 0.789462149143219 0.823682069778442 0.941349804401398 0.921587467193604 0.857501626014709 0.852292001247406 0.529921293258667 0.611578345298767 0.510434329509735 0.781221568584442 0.820364415645599 0.667490363121033 0.692799389362335 0.859082341194153 0.972116947174072 0.976583063602448 0.974139392375946 0.978637456893921 0.922261297702789 0.855565071105957 0.805206716060638 0.766354978084564 0.695418357849121 0.573865592479706 0.340944200754166 0.191584795713425 0.0994574055075645 0.0652960538864136 0.0468284636735916 0.0317299850285053 0.0215260665863752 0.0153042040765285 0.0181382391601801 0.0157276354730129 0.0109401708468795 0.00697802426293492 0.0062671578489244 0.00670540751889348 0.0058207088150084
