data/climate_estimation/maxent_output/Smilax_orbiculata.asc
NCOLS 18 
NROWS 14 
XLLCORNER 165.166666666667 
YLLCORNER -22.1666666666667 
CELLSIZE 0.0833333333333333 
NODATA_value -3.4e+38 
0.999468505382538 0.999442636966705 0.996990561485291 -3.4e+38 -3.4e+38 -3.4e+38 -3.4e+38 -3.4e+38 -3.4e+38 -3.4e+38 -3.4e+38 -3.4e+38 -3.4e+38 -3.4e+38 -3.4e+38 -3.4e+38 -3.4e+38 -3.4e+38
0.999431073665619 0.999366044998169 0.999305307865143 0.999394118785858 0.998945653438568 -3.4e+38 -3.4e+38 -3.4e+38 -3.4e+38 -3.4e+38 -3.4e+38 -3.4e+38 -3.4e+38 -3.4e+38 -3.4e+38 -3.4e+38 -3.4e+38 -3.4e+38
0.998386800289154 0.999075353145599 0.999487042427063 0.999689877033234 0.999505460262299 0.999405682086945 -3.4e+38 -3.4e+38 -3.4e+38 -3.4e+38 -3.4e+38 -3.4e+38 -3.4e+38 -3.4e+38 -3.4e+38 -3.4e+38 -3.4e+38 -3.4e+38
0.998096287250519 0.998687863349915 0.99940550327301 0.999386727809906 0.999328076839447 0.999349653720856 0.9989373087883 0.99934983253479 -3.4e+38 -3.4e+38 -3.4e+38 -3.4e+38 -3.4e+38 -3.4e+38 -3.4e+38 -3.4e+38 -3.4e+38 -3.4e+38
0.992265224456787 0.987231314182281 0.995247662067413 0.997694730758667 0.996928036212921 0.998983263969421 0.999143660068512 0.998854577541351 0.999025285243988 -3.4e+38 -3.4e+38 -3.4e+38 -3.4e+38 -3.4e+38 -3.4e+38 -3.4e+38 -3.4e+38 -3.4e+38
0.981935143470764 0.984815359115601 0.985223889350891 0.991051018238068 0.995503485202789 0.997338950634003 0.998829782009125 0.998164355754852 0.999221742153168 0.996274054050446 0.99709677696228 -3.4e+38 -3.4e+38 -3.4e+38 -3.4e+38 -3.4e+38 -3.4e+38 -3.4e+38
0.944304406642914 0.949144244194031 0.963788688182831 0.976548969745636 0.986256420612335 0.99419230222702 0.994517147541046 0.997426331043243 0.997538685798645 0.99839860200882 0.996294796466827 0.997077822685242 0.987209141254425 -3.4e+38 -3.4e+38 -3.4e+38 -3.4e+38 -3.4e+38
-3.4e+38 0.922968029975891 0.92701381444931 0.938710451126099 0.957099556922913 0.966446042060852 0.98636668920517 0.993234634399414 0.997289538383484 0.997677206993103 0.9994016289711 0.99674779176712 0.997208833694458 0.998970806598663 0.972993433475494 -3.4e+38 -3.4e+38 -3.4e+38
-339999999999999996123846586046231871488.000000000000000 -3.4e+38 -3.4e+38 0.910783231258392 0.893292009830475 0.91443407535553 0.944295048713684 0.951910853385925 0.971069931983948 0.990924715995789 0.99655818939209 0.997886776924133 0.998819172382355 0.999894440174103 0.999661087989807 0.997310161590576 -3.4e+38 -3.4e+38
-3.4e+38 -3.4e+38 -3.4e+38 -3.4e+38 -3.4e+38 -3.4e+38 0.897465765476227 0.897383630275726 0.919456660747528 0.948616683483124 0.991540908813477 0.999851167201996 0.999878764152527 0.999912977218628 0.999909818172455 0.999071836471558 0.999710440635681 -3.4e+38
-3.4e+38 -3.4e+38 -3.4e+38 -3.4e+38 -3.4e+38 -3.4e+38 -3.4e+38 0.803876042366028 0.8338223695755 0.796823978424072 0.837322294712067 0.896141767501831 0.999898731708527 0.999862909317017 0.999748408794403 0.999056398868561 0.999828040599823 0.99938577413559
-3.4e+38 -3.4e+38 -3.4e+38 -3.4e+38 -3.4e+38 -3.4e+38 -3.4e+38 -3.4e+38 -3.4e+38 0.711142301559448 0.704943478107452 0.703107059001923 0.962986290454865 0.991217851638794 0.999663054943085 0.998967111110687 0.989272058010101 0.999149322509766
-339999999999999996123846586046231871488.000000000000000 -3.4e+38 -3.4e+38 -3.4e+38 -3.4e+38 -3.4e+38 -3.4e+38 -3.4e+38 -3.4e+38 -3.4e+38 0.607747435569763 0.526704907417297 0.530666172504425 0.959985733032227 0.999649107456207 0.998901605606079 0.994113445281982 0.989254713058472
-3.4e+38 -3.4e+38 -3.4e+38 -3.4e+38 -3.4e+38 -3.4e+38 -3.4e+38 -3.4e+38 -3.4e+38 -3.4e+38 -3.4e+38 0.473763436079025 0.526917338371277 0.583541572093964 0.701329290866852 0.962647020816803 0.999522149562836 0.998582780361176
