data/climate_estimation/maxent_output/Smilax_pseudochina.asc
NCOLS 161 
NROWS 96 
XLLCORNER -87.75 
YLLCORNER 31.8333333333333 
CELLSIZE 0.0833333333333334 
NODATA_value -3.4e+38 
[rows 0 to 19 of 96, columns 46 to 91 of 161]
0.145680263638496 0.11759576946497 0.128382816910744 0.128149181604385 0.127902626991272 0.134471848607063 0.147517263889313 0.148003727197647 0.135671645402908 0.142532765865326 0.136654660105705 0.136654660105705 0.136506110429764 0.135467916727066 0.141414448618889 0.15394414961338 0.17438793182373 0.189778238534927 0.206707835197449 0.234235271811485 0.222808033227921 0.175581857562065 0.147294938564301 0.156653374433517 0.191301912069321 0.203677654266357 0.203677654266357 0.195848733186722 0.205311745405197 0.205405697226524 0.228242427110672 0.269822776317596 0.308588176965714 0.346907317638397 0.402077436447144 0.416990369558334 0.464822888374329 0.479058235883713 0.572747230529785 0.536936521530151 0.524776995182037 0.510382056236267 0.510382056236267 0.457837164402008 0.398205429315567 0.385316789150238
0.188333347439766 0.168441638350487 0.16737012565136 0.159395590424538 0.169929996132851 0.146212920546532 0.161031186580658 0.171897381544113 0.179496645927429 0.171851888298988 0.180462136864662 0.16189731657505 0.148390755057335 0.153915822505951 0.160538822412491 0.153443172574043 0.173827514052391 0.197540938854218 0.226157426834106 0.245420008897781 0.265637218952179 0.201722875237465 0.192606851458549 0.215795695781708 0.261307597160339 0.273086965084076 0.253036111593246 0.258263826370239 0.259460121393204 0.282476335763931 0.281195282936096 0.335613965988159 0.361953109502792 0.404214441776276 0.455529451370239 0.520513236522675 0.537250339984894 0.575727105140686 0.526044070720673 0.526044070720673 0.544957995414734 0.51163524389267 0.538231492042542 0.506472826004028 0.492293655872345 0.412990152835846
0.231693178415298 0.221419274806976 0.220100909471512 0.220100909471512 0.220100909471512 0.193083718419075 0.203445076942444 0.194906294345856 0.204116836190224 0.195719495415688 0.209284946322441 0.222820058465004 0.183400362730026 0.190999150276184 0.174356251955032 0.181760653853416 0.206187725067139 0.215066939592361 0.24581141769886 0.280113399028778 0.269719481468201 0.278714805841446 0.255489826202393 0.294365137815475 0.339140564203262 0.353809386491776 0.34206560254097 0.304587155580521 0.330699115991592 0.350170195102692 0.337365627288818 0.393506050109863 0.397465288639069 0.442266970872879 0.487937033176422 0.590916574001312 0.625573873519897 0.621776521205902 0.577375710010529 0.559556186199188 0.542900085449219 0.526410520076752 0.552773773670197 0.531229078769684 0.564102292060852 0.559533536434174
0.305934578180313 0.330907106399536 0.280273467302322 0.281856089830399 0.281856089830399 0.210767954587936 0.220848232507706 0.22027163207531 0.231803670525551 0.222182929515839 0.24110135436058 0.24110135436058 0.217393040657043 0.198646977543831 0.215703934431076 0.205744683742523 0.234262749552727 0.26606473326683 0.26729029417038 0.272755652666092 0.286955267190933 0.335931301116943 0.333327651023865 0.351993262767792 0.409697115421295 0.434177458286285 0.404430627822876 0.377344220876694 0.378935903310776 0.40943905711174 0.399159640073776 0.461673438549042 0.475425630807877 0.541815638542175 0.606358766555786 0.663515329360962 0.653420865535736 0.627984821796417 0.636887609958649 0.611716628074646 0.563060820102692 0.57107949256897 0.604503214359283 0.597606539726257 0.615516662597656 0.611017465591431
0.353788107633591 0.28938415646553 0.278309136629105 0.316121280193329 0.317523777484894 0.282134741544724 0.260340720415115 0.272084951400757 0.273058265447617 0.283967763185501 0.272538512945175 0.273788005113602 0.261634141206741 0.244740411639214 0.234842300415039 0.244553864002228 0.265174746513367 0.27744734287262 0.294301599264145 0.297307282686234 0.317124009132385 0.354492485523224 0.382230192422867 0.441474348306656 0.465602964162827 0.483539938926697 0.451629489660263 0.470783621072769 0.461427599191666 0.462383180856705 0.478829175233841 0.558959305286407 0.591359496116638 0.608336508274078 0.677685976028442 0.672598719596863 0.681615173816681 0.648260176181793 0.622859239578247 0.580532252788544 0.555414259433746 0.582191348075867 0.592546045780182 0.649251818656921 0.676535546779633 0.663740158081055
0.394103527069092 0.325742363929749 0.313330382108688 0.319793999195099 0.322628051042557 0.330313712358475 0.345907747745514 0.306741327047348 0.339106649160385 0.307569146156311 0.296729445457458 0.30837020277977 0.32072576880455 0.278076618909836 0.278076618909836 0.282431811094284 0.269713014364243 0.293635457754135 0.294960826635361 0.286302179098129 0.315998107194901 0.368269294500351 0.449251234531403 0.513522744178772 0.549609363079071 0.551726698875427 0.57724541425705 0.528295397758484 0.544825375080109 0.578896701335907 0.593864262104034 0.647021532058716 0.69875556230545 0.69885665178299 0.689069330692291 0.653807699680328 0.669001579284668 0.67784595489502 0.654754400253296 0.646441340446472 0.605999410152435 0.616104245185852 0.672759473323822 0.685538828372955 0.668447434902191 0.621493995189667
0.446738868951797 0.385969221591949 0.402280539274216 0.390099883079529 0.37566676735878 0.407130092382431 0.40880224108696 0.392459034919739 0.37977597117424 0.367095679044724 0.366708219051361 0.36248904466629 0.36248904466629 0.374602466821671 0.32072576880455 0.307115077972412 0.293923199176788 0.307115077972412 0.308487176895142 0.308487176895142 0.366708219051361 0.431722372770309 0.513522744178772 0.53025883436203 0.590214133262634 0.644426882266998 0.665450513362885 0.613286674022675 0.645930171012878 0.664088129997253 0.71559464931488 0.717759370803833 0.684943437576294 0.676879405975342 0.675054490566254 0.664989113807678 0.654897749423981 0.669904112815857 0.638633787631989 0.635906219482422 0.598111808300018 0.625228345394135 0.683880090713501 0.691920399665833 0.681018888950348 0.613586783409119
0.565017521381378 0.480758607387543 0.466927766799927 0.475185513496399 0.437626749277115 0.454546868801117 0.471814960241318 0.473633319139481 0.473426073789597 0.473181188106537 0.458716958761215 0.427555233240128 0.428684949874878 0.438469648361206 0.406962156295776 0.348080486059189 0.348080486059189 0.361171990633011 0.364910393953323 0.378682643175125 0.439194589853287 0.477032065391541 0.528347730636597 0.642343103885651 0.65946352481842 0.74452531337738 0.74452531337738 0.728245615959167 0.748197257518768 0.768806993961334 0.730546355247498 0.700029969215393 0.710682988166809 0.722858786582947 0.6928351521492 0.665851771831512 0.657739996910095 0.611481189727783 0.651203870773315 0.625928819179535 0.602616727352142 0.655059218406677 0.688269019126892 0.67935711145401 0.633551836013794 0.575904369354248
0.627917945384979 0.555231988430023 0.54054057598114 0.526238799095154 0.509295523166656 0.520987570285797 0.529400408267975 0.489581257104874 0.507478654384613 0.459087699651718 0.459892243146896 0.445537626743317 0.461686700582504 0.46230474114418 0.46230474114418 0.412688672542572 0.425836682319641 0.409554451704025 0.437448889017105 0.437611371278763 0.468304127454758 0.543068826198578 0.620350301265717 0.691383421421051 0.778964161872864 0.755750894546509 0.773337960243225 0.717340290546417 0.717340290546417 0.755168080329895 0.749382674694061 0.745087146759033 0.737347841262817 0.705090582370758 0.703169226646423 0.655844271183014 0.668276965618134 0.64115184545517 0.64115184545517 0.592681765556335 0.338522583246231 0.368670076131821 0.628013432025909 0.612859427928925 0.576842427253723 0.524803876876831
0.66918420791626 0.628184735774994 0.611153662204742 0.630392551422119 0.612595617771149 0.579728484153748 0.581692159175873 0.529400408267975 0.547854959964752 0.51499742269516 0.517799198627472 0.501553654670715 0.520584464073181 0.537928104400635 0.535828232765198 0.492264717817307 0.472800403833389 0.486716538667679 0.5172358751297 0.523720681667328 0.574725687503815 0.671479523181915 0.722755610942841 0.778388261795044 0.785191833972931 0.773979842662811 0.754026293754578 0.730129241943359 0.713643729686737 0.713643729686737 0.76741623878479 0.703149080276489 0.701225519180298 0.701205372810364 0.693202018737793 0.6662837266922 0.618579030036926 0.652567625045776 0.656195282936096 0.588904738426208 0.327735990285873 0.353429436683655 0.344213634729385 0.29159876704216 0.27351850271225 0.422235637903214
0.663054406642914 0.644065260887146 0.652421891689301 0.664761364459991 0.648811519145966 0.686677217483521 0.615648865699768 0.600600719451904 0.547995090484619 0.550899803638458 0.517799198627472 0.561418473720551 0.573494076728821 0.571536660194397 0.602412641048431 0.60053938627243 0.615566849708557 0.611607491970062 0.608620464801788 0.660793781280518 0.66077333688736 0.755065858364105 0.787310481071472 0.813159942626953 0.802552044391632 0.813297748565674 0.770496845245361 0.752825081348419 0.712457180023193 0.73426878452301 0.73426878452301 0.732369601726532 0.709917545318604 0.707921802997589 0.658172726631165 0.673105776309967 0.675427734851837 0.648505866527557 0.652176737785339 0.620911657810211 0.576925754547119 0.574350297451019 0.559514820575714 0.257264047861099 0.230628594756126 0.301297098398209
0.680217146873474 0.661303997039795 0.663463354110718 0.6885946393013 0.700615704059601 0.684696853160858 0.652791142463684 0.652770638465881 0.619610190391541 0.569661736488342 0.560406029224396 0.580271601676941 0.597177863121033 0.593232810497284 0.671727061271667 0.721098780632019 0.699543416500092 0.697595715522766 0.677561104297638 0.744954764842987 0.767090618610382 0.830876410007477 0.827326953411102 0.783948957920074 0.808418750762939 0.804473400115967 0.776729583740234 0.753542006015778 0.740814626216888 0.740814626216888 0.724478423595428 0.699949085712433 0.681181192398071 0.656133830547333 0.695810198783875 0.654053211212158 0.643942952156067 0.621349275112152 0.641818046569824 0.62293940782547 0.597907960414886 0.548277020454407 0.430450260639191 0.368414640426636 0.154377862811089 0.219166815280914
0.732424855232239 0.695418179035187 0.714141964912415 0.716069459915161 0.740357518196106 0.73748368024826 0.739373743534088 0.706462144851685 0.681495130062103 0.648449659347534 0.597116529941559 0.595204830169678 0.318310409784317 0.679167747497559 0.709991574287415 0.762744069099426 0.752723574638367 0.782155573368073 0.783622920513153 0.79860919713974 0.814838051795959 0.819250166416168 0.820217549800873 0.798800885677338 0.7589191198349 0.785769462585449 0.795455873012543 0.772812008857727 0.739266216754913 0.706472218036652 0.720545768737793 0.695951521396637 0.695810198783875 0.672861099243164 0.62888503074646 0.668919622898102 0.602355301380157 0.619224548339844 0.575378119945526 0.654697895050049 0.612682342529297 0.480323195457458 0.33686774969101 0.217530518770218 0.106382921338081 0.0631669089198112
0.724692523479462 0.762884795665741 0.728774964809418 0.748813211917877 0.774028837680817 0.769297122955322 0.734355509281158 0.701274156570435 0.705159187316895 0.69912725687027 0.66419929265976 0.340768992900848 0.402286529541016 0.421629250049591 0.773686349391937 0.768987238407135 0.78257817029953 0.788076519966125 0.763362169265747 0.780620992183685 0.804501116275787 0.776627957820892 0.76630038022995 0.818068087100983 0.794878244400024 0.75504195690155 0.76664412021637 0.760729491710663 0.726758301258087 0.704210817813873 0.704210817813873 0.693858623504639 0.670890927314758 0.670707285404205 0.626759350299835 0.604188323020935 0.600236713886261 0.573277235031128 0.546750664710999 0.569364249706268 0.463421642780304 0.382097035646439 0.2452132999897 0.0651620626449585 0.0598641410470009 0.0441686660051346
0.722837150096893 0.739216864109039 0.762884795665741 0.785815000534058 0.772719621658325 0.773972630500793 0.769297122955322 0.777300477027893 0.761632323265076 0.728195011615753 0.736231625080109 0.44378474354744 0.480599850416183 0.476940095424652 0.511699199676514 0.491055011749268 0.790390729904175 0.788421750068665 0.749825119972229 0.767354428768158 0.803745150566101 0.791715383529663 0.769693195819855 0.799715220928192 0.783122181892395 0.655937194824219 0.734679758548737 0.654308676719666 0.625568389892578 0.724371254444122 0.701785385608673 0.673051416873932 0.676599204540253 0.612126171588898 0.61014711856842 0.602028012275696 0.641742825508118 0.596104860305786 0.528170704841614 0.444557547569275 0.401160180568695 0.31494814157486 0.182147547602654 0.0542537644505501 0.0374017395079136 0.0359382629394531
0.763471364974976 0.763452351093292 0.763452351093292 0.762827694416046 0.786271929740906 0.429459512233734 0.423723250627518 0.722690522670746 0.459976017475128 0.416912466287613 0.428876012563705 0.485178709030151 0.499320298433304 0.524810016155243 0.532250702381134 0.517211318016052 0.482458293437958 0.802943527698517 0.786409437656403 0.767108380794525 0.749360918998718 0.762173354625702 0.767585098743439 0.80301833152771 0.684135973453522 0.65713369846344 0.654123365879059 0.66913241147995 0.626808524131775 0.707759857177734 0.701483428478241 0.697040140628815 0.67859274148941 0.636805176734924 0.634823143482208 0.607943475246429 0.564317286014557 0.501672804355621 0.379880905151367 0.295616418123245 0.251591861248016 0.268195480108261 0.164560094475746 0.0627111345529556 0.0470606610178947 0.0448047779500484
0.76155561208725 0.432624638080597 0.426731675863266 0.425015091896057 0.408949792385101 0.399014979600906 0.415038824081421 0.442682772874832 0.402321338653564 0.418427348136902 0.461503922939301 0.461503922939301 0.511699199676514 0.509814620018005 0.519106924533844 0.544937193393707 0.493383020162582 0.486533284187317 0.478989124298096 0.785820543766022 0.762833416461945 0.759719371795654 0.763598144054413 0.763236701488495 0.679184675216675 0.687996506690979 0.661629259586334 0.625595390796661 0.633130133152008 0.729006052017212 0.684555888175964 0.659322559833527 0.661298751831055 0.625920474529266 0.617784559726715 0.555575609207153 0.47190248966217 0.340093612670898 0.263924539089203 0.210510104894638 0.210510104894638 0.189354494214058 0.179552778601646 0.066817432641983 0.0408619455993176 0.04662024974823
0.472619771957397 0.454615920782089 0.454615920782089 0.437694370746613 0.430307894945145 0.379378378391266 0.375248312950134 0.411667197942734 0.39228144288063 0.408134937286377 0.440113067626953 0.462997227907181 0.478597283363342 0.482458293437958 0.509457051753998 0.493383020162582 0.521333396434784 0.468990564346313 0.463404208421707 0.466630607843399 0.425932884216309 0.739930093288422 0.738041043281555 0.738041043281555 0.761828660964966 0.653510749340057 0.670493483543396 0.65153169631958 0.614404916763306 0.675941526889801 0.630040347576141 0.581866443157196 0.56529426574707 0.56529426574707 0.528608739376068 0.4139424264431 0.312222719192505 0.279070496559143 0.219744548201561 0.218907937407494 0.195312529802322 0.0738305971026421 0.0606588684022427 0.0482660010457039 0.035352174192667 0.0448777563869953
0.468990564346313 0.462273418903351 0.477861136198044 0.468451291322708 0.437138885259628 0.405361652374268 0.399825900793076 0.401479065418243 0.413135468959808 0.4148228764534 0.426679283380508 0.453859508037567 0.453859508037567 0.441604405641556 0.46825909614563 0.48967707157135 0.484690815210342 0.489860683679581 0.45426219701767 0.421782374382019 0.43195179104805 0.730248868465424 0.712174296379089 0.711834311485291 0.702148258686066 0.626359045505524 0.576472759246826 0.559676349163055 0.556716859340668 0.592415809631348 0.546980559825897 0.524775326251984 0.532619297504425 0.492821425199509 0.45984810590744 0.422612965106964 0.33766782283783 0.288791358470917 0.242015823721886 0.239223137497902 0.158819362521172 0.0588709823787212 0.0487550608813763 0.0369217209517956 0.0435496978461742 0.119219169020653
0.444519340991974 0.447520136833191 0.48814794421196 0.486302554607391 0.442238867282867 0.446957647800446 0.406428456306458 0.391452759504318 0.407285004854202 0.404585748910904 0.432704389095306 0.432704389095306 0.450307220220566 0.438106060028076 0.460859149694443 0.477160573005676 0.459066390991211 0.45426219701767 0.42007777094841 0.398791372776031 0.408618688583374 0.397145301103592 0.703881025314331 0.685149848461151 0.685149848461151 0.68476414680481 0.554613411426544 0.497263431549072 0.650428891181946 0.609048664569855 0.587920427322388 0.526424884796143 0.532619297504425 0.506283640861511 0.506419718265533 0.436765819787979 0.364701271057129 0.274425059556961 0.201131597161293 0.177117481827736 0.157654091715813 0.064103975892067 0.0452357828617096 0.0582306571304798 0.0938233062624931 0.240454837679863
