data/climate_estimation/maxent_output/Smilax_davidiana.asc
NCOLS 279 
NROWS 262 
XLLCORNER 98.8333333333333 
YLLCORNER 10.0833333333333 
CELLSIZE 0.0833333333333333 
NODATA_value -3.4e+38 
[rows 46 to 68 of 262, columns 52 to 103 of 279]
0.0113465152680874 0.0283878818154335 0.0276403725147247 0.0553983300924301 0.0212834160774946 0.0108780162408948 0.0122373476624489 0.0161691606044769 0.0239205528050661 0.0252256598323584 0.040573988109827 0.0639845579862595 0.0807102248072624 0.0695427730679512 0.0752861946821213 0.0955460965633392 0.14079661667347 0.133773997426033 0.143353939056396 0.147621631622314 0.179332137107849 0.1477370262146 0.139132902026176 0.0939906463027 0.0988656729459763 0.117025434970856 0.184939533472061 0.164519786834717 0.127615749835968 0.0999675542116165 0.129362136125565 0.188568934798241 0.194335460662842 0.179900541901588 0.168588757514954 0.160720691084862 0.186614751815796 0.238492876291275 0.272121697664261 0.229910805821419 0.243758410215378 0.273912966251373 0.24161970615387 0.207775890827179 0.198414415121078 0.195308029651642 0.21267107129097 0.255108803510666 0.26654189825058 0.305866688489914 0.302800446748734 0.256156474351883
0.00802780035883188 0.00993960723280907 0.017092676833272 0.0270158555358648 0.0607794225215912 0.0161204803735018 0.011927735991776 0.0146554838865995 0.0233372822403908 0.0319328717887402 0.0260673724114895 0.0404786765575409 0.0821738392114639 0.0758588314056396 0.0714646279811859 0.0668234378099442 0.0761703550815582 0.0987139195203781 0.142626285552979 0.0998545214533806 0.110096745193005 0.130192190408707 0.114405378699303 0.0880457609891891 0.0710126906633377 0.0804091542959213 0.110352925956249 0.0968164280056953 0.0936647802591324 0.0802819430828094 0.0833122655749321 0.112919427454472 0.136576533317566 0.145136758685112 0.117177382111549 0.12517823278904 0.172782629728317 0.183395072817802 0.231743901968002 0.156742796301842 0.190750315785408 0.247961789369583 0.215855091810226 0.171964213252068 0.216734081506729 0.232894748449326 0.230887815356255 0.285396605730057 0.292789608240128 0.278122574090958 0.245405003428459 0.264678835868835
0.00534375850111246 0.00458139134570956 0.00566353043541312 0.0228455942124128 0.0234633162617683 0.0108722848817706 0.0152013963088393 0.0174858905375004 0.0270705055445433 0.0356780290603638 0.0194539818912745 0.0210811700671911 0.0293457414954901 0.0307887345552444 0.0467996262013912 0.0834467560052872 0.0634176060557365 0.0538452863693237 0.0592431910336018 0.0519353486597538 0.0550263151526451 0.0630019307136536 0.0645656287670135 0.0499728284776211 0.0544380992650986 0.0671228170394897 0.0804514810442924 0.0861900597810745 0.0758505836129189 0.0802902653813362 0.0980620458722115 0.0877137035131454 0.104600004851818 0.11454039812088 0.151198700070381 0.138186126947403 0.136542156338692 0.162968292832375 0.271892964839935 0.170877188444138 0.195815935730934 0.225454792380333 0.201336741447449 0.238858386874199 0.231876268982887 0.252964168787003 0.28725591301918 0.272305876016617 0.296574294567108 0.276215076446533 0.251196533441544 0.243122488260269
0.00723890401422977 0.00873451586812735 0.0101508125662804 0.0287925023585558 0.0180276725441217 0.0111611839383841 0.0194054506719112 0.0179386418312788 0.0245661437511444 0.0201505497097969 0.0272736214101315 0.0193277709186077 0.0181522555649281 0.0156337693333626 0.0243490319699049 0.0509109571576118 0.0767117887735367 0.0742408037185669 0.0599750652909279 0.0613445490598679 0.049070343375206 0.0459934733808041 0.0654238164424896 0.0658035278320312 0.0780411511659622 0.0771594569087029 0.0850006192922592 0.0915161669254303 0.0956165939569473 0.0819247514009476 0.113000497221947 0.118744894862175 0.132022023200989 0.158720374107361 0.221074461936951 0.206303402781487 0.209008976817131 0.249136582016945 0.243938595056534 0.165569767355919 0.203274011611938 0.184403315186501 0.198553040623665 0.184075340628624 0.24872562289238 0.254882901906967 0.276978254318237 0.277425438165665 0.32784828543663 0.268153756856918 0.274297446012497 0.312038004398346
0.00977073051035404 0.018928712233901 0.0333514958620071 0.0146784279495478 0.00763301318511367 0.00824933219701052 0.0120215564966202 0.01078712195158 0.0149848256260157 0.0179712232202291 0.0233475230634212 0.0161616150289774 0.015831895172596 0.0176170263439417 0.0267120394855738 0.0324954241514206 0.0375243313610554 0.0577126033604145 0.0734803825616837 0.0391674637794495 0.0352966226637363 0.0457497201859951 0.0596797429025173 0.0542615242302418 0.062601625919342 0.0822616145014763 0.0720889195799828 0.0615683197975159 0.100608982145786 0.123131014406681 0.140067383646965 0.145416215062141 0.181744650006294 0.199731409549713 0.202712699770927 0.189895257353783 0.224921345710754 0.175703376531601 0.207350537180901 0.161160230636597 0.192641526460648 0.18525929749012 0.203389689326286 0.235994294285774 0.256733119487762 0.267843812704086 0.286398589611053 0.337105512619019 0.350807428359985 0.288607627153397 0.338536322116852 0.318047910928726
0.0204929020255804 0.0273811090737581 0.00976925995200872 0.00626076199114323 0.00797141529619694 0.00811535865068436 0.00981769524514675 0.0121339522302151 0.0112246256321669 0.0152236213907599 0.026731675490737 0.0170629490166903 0.0153666594997048 0.0162319373339415 0.0190519075840712 0.0224118381738663 0.0259527713060379 0.0343321710824966 0.033976849168539 0.0400385223329067 0.0324547998607159 0.0407489500939846 0.0425158254802227 0.0386507101356983 0.050308171659708 0.0603363178670406 0.0598298311233521 0.0710643976926804 0.0837547034025192 0.109019108116627 0.0931199416518211 0.123771160840988 0.127984032034874 0.17098930478096 0.145589590072632 0.168021887540817 0.181416288018227 0.188185349106789 0.187166824936867 0.169808745384216 0.185229986906052 0.210026517510414 0.222607344388962 0.241470232605934 0.268251717090607 0.282194852828979 0.31743797659874 0.321873873472214 0.345238983631134 0.330863654613495 0.316277235746384 0.28842768073082
0.0301231350749731 0.0154712609946728 0.00745786959305406 0.00736702373251319 0.00978127215057611 0.00843823421746492 0.0109893195331097 0.00877028610557318 0.0105828177183867 0.015607520006597 0.0162486862391233 0.0176230948418379 0.0165789294987917 0.0168648827821016 0.0124441562220454 0.0161232501268387 0.0224150773137808 0.02721943333745 0.0299381259828806 0.0281136799603701 0.0281146783381701 0.0285996869206429 0.0345856621861458 0.0389104373753071 0.0476523712277412 0.0472281910479069 0.0576599836349487 0.0743870660662651 0.0820238366723061 0.0792646035552025 0.0702928602695465 0.120818637311459 0.0799722373485565 0.134644240140915 0.136731848120689 0.134030759334564 0.162979260087013 0.182148426771164 0.188521564006805 0.219863072037697 0.228672221302986 0.241796165704727 0.239041343331337 0.257343351840973 0.261613368988037 0.275326371192932 0.295003235340118 0.294477999210358 0.310281902551651 0.300442904233932 0.256551563739777 0.257695972919464
0.0112057495862246 0.00549205671995878 0.00655182404443622 0.00978797301650047 0.0100227827206254 0.0100844008848071 0.0105351004749537 0.00852848589420319 0.0105081014335155 0.0107511654496193 0.0121544878929853 0.0108290268108249 0.0127966711297631 0.0111954398453236 0.0122310984879732 0.0143061652779579 0.0201498698443174 0.0239248480647802 0.0258708167821169 0.0248244404792786 0.0250154454261065 0.029475636780262 0.0275022722780704 0.0370105318725109 0.0347474180161953 0.0413828380405903 0.0453902930021286 0.0620239526033401 0.0589064359664917 0.0532857365906239 0.0570612065494061 0.0970888286828995 0.0656885206699371 0.0968813300132751 0.0951303839683533 0.124516122043133 0.178646311163902 0.192668706178665 0.204663246870041 0.234315857291222 0.230338573455811 0.258306324481964 0.267959088087082 0.246979862451553 0.264141857624054 0.26186329126358 0.272386282682419 0.268919885158539 0.280603915452957 0.310884237289429 0.260350823402405 0.334346443414688
0.0182955972850323 0.00504930270835757 0.00694519374519587 0.00893843360245228 0.00913411099463701 0.00937678478658199 0.00728721544146538 0.00931596197187901 0.00723462784662843 0.0103436978533864 0.0109019158408046 0.010336009785533 0.0126767009496689 0.0103932684287429 0.0110176438465714 0.0145578188821673 0.0164477434009314 0.0193431582301855 0.0198236219584942 0.02368956618011 0.0297954995185137 0.0299192387610674 0.0323685556650162 0.0297095663845539 0.0307866595685482 0.042301133275032 0.0460832417011261 0.0517615303397179 0.0532190687954426 0.0605301782488823 0.0520337335765362 0.0785594284534454 0.0554054789245129 0.0777565389871597 0.0890724435448647 0.103832818567753 0.15072400867939 0.164435818791389 0.185631856322289 0.208830028772354 0.24888189136982 0.257123202085495 0.266307026147842 0.272965908050537 0.27012312412262 0.306232690811157 0.312223494052887 0.281695872545242 0.317582547664642 0.30099493265152 0.359726130962372 0.379051029682159
0.019792603328824 0.00870675407350063 0.00703475251793861 0.00873538479208946 0.00936130154877901 0.0082289669662714 0.00667727831751108 0.00749701075255871 0.00879916362464428 0.00881180632859468 0.00941944122314453 0.0103635182604194 0.0122662680223584 0.0116102639585733 0.0118578709661961 0.0122680030763149 0.0116422930732369 0.0144497686997056 0.0181306339800358 0.0235745385289192 0.0301180873066187 0.031465157866478 0.0256461519747972 0.0255058892071247 0.0339294523000717 0.0428169555962086 0.0525689385831356 0.0583656243979931 0.0693389028310776 0.0642617419362068 0.0503451563417912 0.0596220903098583 0.0518692247569561 0.0694133639335632 0.095342181622982 0.127434521913528 0.142944276332855 0.165912866592407 0.130308911204338 0.186034828424454 0.208869114518166 0.25436794757843 0.256393700838089 0.293699115514755 0.2767234146595 0.286073237657547 0.29371652007103 0.295765548944473 0.299284487962723 0.339659303426743 0.399423122406006 0.292744368314743
0.0185114853084087 0.007395691704005 0.00733086979016662 0.0104937963187695 0.00892164558172226 0.00734117906540632 0.00800495687872171 0.00717378174886107 0.00784615706652403 0.00999681279063225 0.00845046062022448 0.00892811641097069 0.0120338508859277 0.0118773626163602 0.0138175059109926 0.0141341472044587 0.0152095053344965 0.0174299161881208 0.0242398586124182 0.0297516845166683 0.0312513932585716 0.0331019572913647 0.0306528937071562 0.0314344391226768 0.0396650396287441 0.0440169796347618 0.0600867196917534 0.0694887638092041 0.0754240155220032 0.0561267584562302 0.0552573874592781 0.0588118396699429 0.0608135797083378 0.0736593157052994 0.101556651294231 0.148132085800171 0.151714354753494 0.169666513800621 0.13170450925827 0.209013879299164 0.238490909337997 0.244970947504044 0.255747467279434 0.259367674589157 0.283784419298172 0.259173959493637 0.282737910747528 0.331717312335968 0.321316450834274 0.290186256170273 0.304032444953918 0.304897755384445
0.0122857261449099 0.0163595043122768 0.0110911978408694 0.011300340294838 0.00974398199468851 0.0100499941036105 0.00820295885205269 0.00953905750066042 0.00747083779424429 0.00976274255663157 0.0086954403668642 0.00712578603997827 0.00890022050589323 0.0135850133374333 0.0118239624425769 0.0145171228796244 0.0166393835097551 0.0177677553147078 0.023965721949935 0.0251410398632288 0.0306961201131344 0.0356265120208263 0.0373277142643929 0.0394600704312325 0.0392466858029366 0.0379930809140205 0.0433649234473705 0.0460900031030178 0.0739310383796692 0.0518481209874153 0.0695002675056458 0.0772558450698853 0.0829691514372826 0.100234463810921 0.122478850185871 0.140151709318161 0.169877111911774 0.166692391037941 0.197021305561066 0.208521455526352 0.21308046579361 0.206901997327805 0.247354805469513 0.19073973596096 0.229866579174995 0.233997583389282 0.295017689466476 0.322395920753479 0.28797435760498 0.232111543416977 0.243657171726227 0.285068511962891
0.00812089443206787 0.0153790535405278 0.0138607155531645 0.0104659162461758 0.010051635093987 0.0117093743756413 0.00959916692227125 0.00981436017900705 0.00914064235985279 0.00899562891572714 0.0100635997951031 0.00840800162404776 0.00934675987809896 0.0107672773301601 0.0112410150468349 0.0129141863435507 0.0136766713112593 0.0146179208531976 0.0152230579406023 0.019436152651906 0.0200249943882227 0.0331267118453979 0.0390336401760578 0.0492484644055367 0.0560377202928066 0.0436737574636936 0.0358598902821541 0.0376371815800667 0.0724705457687378 0.07571080327034 0.0943828746676445 0.114039920270443 0.108529008924961 0.125629499554634 0.146517232060432 0.153862446546555 0.156317666172981 0.15342503786087 0.191572815179825 0.195235505700111 0.181251272559166 0.177379935979843 0.214731380343437 0.166145741939545 0.180304735898972 0.208565294742584 0.271490663290024 0.278264909982681 0.282632321119308 0.21402832865715 0.221491932868958 0.240399718284607
0.00685283401980996 0.0107014551758766 0.00798099208623171 0.011949585750699 0.0108059402555227 0.0104274712502956 0.010187485255301 0.0096131069585681 0.00719276815652847 0.00829442217946053 0.00824376847594976 0.00888770073652267 0.0090607013553381 0.00965824536979198 0.00947128422558308 0.00896818935871124 0.0123163880780339 0.0119019392877817 0.0118708359077573 0.0149797843769193 0.0180362686514854 0.0195032693445683 0.0257064756006002 0.0439211167395115 0.0441768728196621 0.0607500858604908 0.0646610632538795 0.0635800883173943 0.0772949159145355 0.0988873839378357 0.109246864914894 0.133965834975243 0.138346970081329 0.127248883247375 0.144272848963737 0.150054931640625 0.161446869373322 0.176016330718994 0.204197406768799 0.189572900533676 0.177691325545311 0.169470682740211 0.176575198769569 0.179526641964912 0.20972353219986 0.248353242874146 0.257243752479553 0.245577692985535 0.246680751442909 0.207160755991936 0.207932785153389 0.212366238236427
0.00684329308569431 0.00739630125463009 0.00722924806177616 0.00862030684947968 0.0103284660726786 0.00948539189994335 0.00894231721758842 0.010977421887219 0.0102916890755296 0.00777063798159361 0.00753084570169449 0.00885312631726265 0.00860157050192356 0.00871063861995935 0.010287931188941 0.0112800588831306 0.0122088575735688 0.0117743881419301 0.0122751742601395 0.0168433859944344 0.0228984635323286 0.0222157966345549 0.0323174595832825 0.0382206737995148 0.0366690009832382 0.0487553551793098 0.0719165056943893 0.0749035775661469 0.0843508541584015 0.0895996987819672 0.094163604080677 0.121847800910473 0.118801534175873 0.114360690116882 0.1194207072258 0.147602289915085 0.186549320816994 0.179679304361343 0.197010532021523 0.194821938872337 0.170938357710838 0.182628035545349 0.187391251325607 0.19296683371067 0.211349800229073 0.212976559996605 0.223758548498154 0.224032193422318 0.208286076784134 0.234355136752129 0.215806365013123 0.254157245159149
0.00642199488356709 0.00714967772364616 0.00798485893756151 0.0113945920020342 0.0107275266200304 0.00853854138404131 0.0108705600723624 0.00744891166687012 0.0105046844109893 0.00944298878312111 0.00810446310788393 0.00777740543708205 0.00928427558392286 0.00915322545915842 0.0105798291042447 0.011391419917345 0.0139944572001696 0.0204924698919058 0.0128196533769369 0.0176484622061253 0.0300506558269262 0.0273068640381098 0.0304426662623882 0.0306924283504486 0.0306110735982656 0.0451785996556282 0.0698976442217827 0.0577523671090603 0.0837730169296265 0.0802405551075935 0.0947569459676743 0.107677131891251 0.129720151424408 0.128565967082977 0.143449530005455 0.153360694646835 0.152813166379929 0.172838017344475 0.180859059095383 0.186205103993416 0.187301009893417 0.167093902826309 0.18079973757267 0.18355755507946 0.197988659143448 0.203620344400406 0.22770930826664 0.238911479711533 0.265982329845428 0.245243787765503 0.220498919487 0.257747024297714
0.00681283278390765 0.00636832183226943 0.00737761287018657 0.0100973080843687 0.0109665160998702 0.00834811851382256 0.00991517584770918 0.00977963116019964 0.00936109852045774 0.00847905967384577 0.00867286045104265 0.00858558434993029 0.00930092018097639 0.012153597548604 0.0222183708101511 0.0173433572053909 0.0123230423778296 0.0137318093329668 0.0211938973516226 0.0228708554059267 0.0289332065731287 0.0354139730334282 0.034173995256424 0.0362602062523365 0.0381000898778439 0.0371266081929207 0.0434498861432076 0.0480427369475365 0.0577535480260849 0.0587895475327969 0.0786463394761086 0.1093705072999 0.123343825340271 0.133464708924294 0.135643541812897 0.159362882375717 0.164375871419907 0.170502677559853 0.173076540231705 0.171496778726578 0.19594307243824 0.200395047664642 0.209106594324112 0.21676005423069 0.225879848003387 0.231222331523895 0.215224117040634 0.209360241889954 0.239483192563057 0.193850114941597 0.222238719463348 0.27865993976593
0.0057004801928997 0.0063533429056406 0.00936980824917555 0.0108031304553151 0.0100838905200362 0.00794969033449888 0.00766745815053582 0.010200260207057 0.0089098708704114 0.00944855902343988 0.0107814725488424 0.0114137250930071 0.0170810334384441 0.0175251998007298 0.0211087614297867 0.0202501639723778 0.0188944637775421 0.0178196560591459 0.014087644405663 0.0238680765032768 0.0253275837749243 0.0321334265172482 0.0294044259935617 0.0479156188666821 0.0589277446269989 0.0423231348395348 0.0518658049404621 0.0404151529073715 0.0448417626321316 0.0525397099554539 0.0776898637413979 0.102708242833614 0.102865070104599 0.130207851529121 0.13242395222187 0.164183527231216 0.150974288582802 0.167157217860222 0.17176952958107 0.1704942882061 0.201088890433311 0.215831115841866 0.230621263384819 0.229799419641495 0.22517217695713 0.187964573502541 0.169809699058533 0.210500776767731 0.243503421545029 0.178552731871605 0.201743096113205 0.280671060085297
0.00728951999917626 0.00735114794224501 0.00857452861964703 0.00972732715308666 0.00900667533278465 0.010514747351408 0.0122534465044737 0.0130094233900309 0.00980810821056366 0.00909025315195322 0.0124835073947906 0.0115683367475867 0.011922262609005 0.0122456895187497 0.0139733701944351 0.0172489043325186 0.0251727662980556 0.0215707924216986 0.0171398222446442 0.0211001001298428 0.0294351819902658 0.0335762202739716 0.0321743004024029 0.0400525704026222 0.0603722892701626 0.0620555020868778 0.0711707249283791 0.057479590177536 0.0575152635574341 0.0758517161011696 0.088792473077774 0.0884229615330696 0.0940431505441666 0.107430770993233 0.131706893444061 0.163678735494614 0.149741470813751 0.157367929816246 0.186513796448708 0.198668256402016 0.204742640256882 0.231610640883446 0.225938558578491 0.234184041619301 0.200606152415276 0.172950476408005 0.186190634965897 0.2327900826931 0.239193350076675 0.201909705996513 0.244735285639763 0.244575664401054
0.00895906332880259 0.00843231100589037 0.00863483175635338 0.00854471325874329 0.0081561766564846 0.00852187629789114 0.0116965472698212 0.0103473551571369 0.0112861655652523 0.0117567265406251 0.0134650422260165 0.0126568228006363 0.0151251684874296 0.0130994524806738 0.0126095656305552 0.0171902719885111 0.0190041437745094 0.0284832026809454 0.0188123472034931 0.0213450044393539 0.0354107953608036 0.0490056499838829 0.0455786660313606 0.0515759587287903 0.0573386959731579 0.0780958831310272 0.0886685103178024 0.0596049539744854 0.069529265165329 0.10319609940052 0.131237983703613 0.114874728024006 0.124463133513927 0.125729113817215 0.157994404435158 0.163289561867714 0.153110191226006 0.178204238414764 0.194956392049789 0.205707833170891 0.208163365721703 0.223985329270363 0.220381379127502 0.208068311214447 0.205149933695793 0.208297327160835 0.201090469956398 0.241888359189034 0.212694838643074 0.168298736214638 0.211611315608025 0.238062053918839
0.00982142332941294 0.00790660548955202 0.0069681191816926 0.00800488889217377 0.00832782872021198 0.0106897307559848 0.0122353117913008 0.0109157590195537 0.0109704174101353 0.0122836688533425 0.0126135423779488 0.0123449796810746 0.0130096422508359 0.0121885472908616 0.0125302542001009 0.0165602825582027 0.0141824185848236 0.0241748224943876 0.0557059943675995 0.0215255618095398 0.0179608594626188 0.0602522753179073 0.0709634199738503 0.0815270617604256 0.0482480488717556 0.0792080909013748 0.114484205842018 0.1072051897645 0.104993045330048 0.131696745753288 0.148423030972481 0.147622108459473 0.13186639547348 0.129192605614662 0.134356126189232 0.147299274802208 0.151200637221336 0.190113931894302 0.183744087815285 0.19639652967453 0.211733415722847 0.21118451654911 0.242073491215706 0.187573045492172 0.15956799685955 0.149230316281319 0.157947406172752 0.237234234809875 0.229563936591148 0.179663017392159 0.185774087905884 0.256527006626129
0.0057598277926445 0.00596477324143052 0.00804207194596529 0.00681065302342176 0.0084419371560216 0.0131395040079951 0.0122885080054402 0.0114514902234077 0.0120175490155816 0.0111934943124652 0.0111324964091182 0.0141359325498343 0.0138093857094646 0.0138329919427633 0.0154326511546969 0.0183146763592958 0.0238291826099157 0.0281127970665693 0.0916811674833298 0.056603942066431 0.0309592075645924 0.0400706939399242 0.0667953714728355 0.0952039510011673 0.0791789218783379 0.0604159869253635 0.110119923949242 0.108570300042629 0.117550760507584 0.126087471842766 0.150159284472466 0.136246114969254 0.127579689025879 0.138416394591331 0.146272286772728 0.159518122673035 0.172565102577209 0.181236878037453 0.185107603669167 0.172166004776955 0.188727989792824 0.214854091405869 0.23785687983036 0.173493966460228 0.167750746011734 0.1965401917696 0.21398751437664 0.22626881301403 0.23444376885891 0.191006660461426 0.188765361905098 0.27263817191124
0.0067341597750783 0.00417997455224395 0.00733541790395975 0.00732462108135223 0.00845182407647371 0.0132082505151629 0.0135567020624876 0.0121126370504498 0.0130336619913578 0.0109791895374656 0.0128739140927792 0.0129613801836967 0.0125062093138695 0.0168398469686508 0.0149731785058975 0.0252683088183403 0.0329898968338966 0.0188268776983023 0.0613658167421818 0.0759558603167534 0.044793326407671 0.073978066444397 0.0976058095693588 0.116170950233936 0.140082731842995 0.103834599256516 0.100281581282616 0.0990499630570412 0.11546678096056 0.139337509870529 0.152685716748238 0.141547232866287 0.141961336135864 0.147082462906837 0.150968670845032 0.167044818401337 0.168007850646973 0.170048862695694 0.171914756298065 0.167575940489769 0.192309260368347 0.218928322196007 0.23736472427845 0.190217643976212 0.186311140656471 0.179745435714722 0.205620095133781 0.231233671307564 0.248915791511536 0.190459370613098 0.189623802900314 0.244197249412537
