data/climate_estimation/maxent_output/Smilax_elegans.asc
NCOLS 464 
NROWS 177 
XLLCORNER 71.6666666666667 
YLLCORNER 20.9166666666667 
CELLSIZE 0.0833333333333333 
NODATA_value -3.4e+38 
[rows 95 to 113 of 177, columns 176 to 219 of 464]
0.996330559253693 0.997044026851654 0.655661642551422 0.588341534137726 0.999693214893341 0.681128859519958 0.198888093233109 0.390714973211288 0.787227690219879 0.958512365818024 0.993338525295258 0.999901473522186 0.999210834503174 0.9997718334198 0.659508585929871 0.220666661858559 0.492353409528732 0.873156011104584 0.412640064954758 0.331211090087891 0.0748920142650604 0.0132016250863671 0.0438938438892365 0.146936193108559 0.194260701537132 0.329846233129501 0.904296398162842 0.815520286560059 0.478376626968384 0.413984775543213 0.125457286834717 0.168462827801704 0.134412929415703 0.155947506427765 0.126954555511475 0.212818413972855 0.127402126789093 0.133325979113579 0.196823716163635 0.298255920410156 0.99920266866684 0.999772012233734 0.999587893486023 0.999750196933746
0.999799251556396 0.99990701675415 0.992486715316772 0.999472200870514 0.999958515167236 0.996760487556458 0.983482658863068 0.989803969860077 0.991289019584656 0.999671638011932 0.999925017356873 0.999489724636078 0.996919751167297 0.999348163604736 0.777227640151978 0.989681601524353 0.829180121421814 0.998715877532959 0.995049655437469 0.507545709609985 0.144666656851768 0.0204534456133842 0.0861703902482986 0.555135309696198 0.999667227268219 0.998804867267609 0.732024490833282 0.999640703201294 0.996224522590637 0.258375942707062 0.192844346165657 0.246676191687584 0.156086295843124 0.136629074811935 0.207560434937477 0.587510347366333 0.173598557710648 0.199483498930931 0.250981032848358 0.822561383247375 0.998401761054993 0.999647557735443 0.999329447746277 0.999632596969604
0.999774038791656 0.999584913253784 0.999844908714294 0.999932706356049 0.999723553657532 0.999939799308777 0.999938666820526 0.999282956123352 0.999892175197601 0.999686121940613 0.95631217956543 0.980158805847168 0.999673902988434 0.994661211967468 0.998913288116455 0.999709248542786 0.999204039573669 0.999490439891815 0.999406635761261 0.88434886932373 0.244458347558975 0.282544106245041 0.216588228940964 0.291485756635666 0.999418258666992 0.998942852020264 0.998195886611938 0.999691426753998 0.99480938911438 0.229713603854179 0.408678144216537 0.468113213777542 0.230699509382248 0.131464093923569 0.242758899927139 0.940312147140503 0.622015833854675 0.887165725231171 0.39277058839798 0.99659138917923 0.995190560817719 0.999759018421173 0.99940013885498 0.999777615070343
0.999916732311249 0.999841272830963 0.99994957447052 0.9998699426651 0.960345029830933 0.999659180641174 0.999842584133148 0.999770820140839 0.994822025299072 0.658617377281189 0.96828693151474 0.864326417446136 0.991347789764404 0.999483346939087 0.999637126922607 0.992227077484131 0.987195312976837 0.999448776245117 0.999552965164185 0.999512434005737 0.84978061914444 0.91417783498764 0.994228899478912 0.998166441917419 0.999538958072662 0.999669015407562 0.995137631893158 0.99975997209549 0.987598538398743 0.270038813352585 0.553540766239166 0.636595904827118 0.409627109766006 0.298306673765182 0.675441384315491 0.907568633556366 0.999160349369049 0.99743640422821 0.992243230342865 0.999141871929169 0.996476173400879 0.999157845973969 0.999738156795502 0.999812185764313
0.999692916870117 0.996526956558228 0.999872207641602 0.975257575511932 0.950416386127472 0.996728241443634 0.999692022800446 0.999792218208313 0.972862780094147 0.51217132806778 0.333948165178299 0.440753668546677 0.989792585372925 0.999696016311646 0.966020524501801 0.697275757789612 0.992183446884155 0.997076749801636 0.971499919891357 0.999582886695862 0.99744063615799 0.999474346637726 0.999325394630432 0.998477458953857 0.999754369258881 0.995976388454437 0.997617244720459 0.999170064926147 0.998082101345062 0.530161261558533 0.404968619346619 0.904732644557953 0.614293813705444 0.466479182243347 0.63949579000473 0.985591292381287 0.994289338588715 0.99950498342514 0.998852968215942 0.998369455337524 0.942117393016815 0.999074816703796 0.999866366386414 0.999822378158569
0.984971344470978 0.877741634845734 0.932414710521698 0.718173742294312 0.6675865650177 0.988659381866455 0.998637616634369 0.999777793884277 0.999308407306671 0.666819334030151 0.221493095159531 0.414964139461517 0.889139711856842 0.998211622238159 0.999226152896881 0.935585200786591 0.609161674976349 0.804629027843475 0.87828266620636 0.998146295547485 0.999592661857605 0.999431312084198 0.98064136505127 0.899329125881195 0.99910569190979 0.93634444475174 0.992401003837585 0.993757426738739 0.999866485595703 0.996345639228821 0.842253446578979 0.783753216266632 0.998112678527832 0.992671251296997 0.772867321968079 0.996267259120941 0.984978854656219 0.996185898780823 0.999681234359741 0.992478549480438 0.580665409564972 0.990068018436432 0.999804019927979 0.999564707279205
0.597275078296661 0.778056561946869 0.654296100139618 0.735178649425507 0.873591363430023 0.90070515871048 0.994269669055939 0.987827181816101 0.992473423480988 0.927384197711945 0.393571406602859 0.446139425039291 0.970885694026947 0.999098002910614 0.967777788639069 0.775991678237915 0.502354562282562 0.78694486618042 0.985102474689484 0.999590992927551 0.999439656734467 0.999802649021149 0.998937904834747 0.87050461769104 0.997755587100983 0.944216668605804 0.924607992172241 0.948721706867218 0.997372090816498 0.999908149242401 0.999899983406067 0.999579131603241 0.999885380268097 0.999892294406891 0.999503672122955 0.996098577976227 0.995738506317139 0.999598801136017 0.999737799167633 0.963128209114075 0.974420666694641 0.999666333198547 0.999788105487823 0.999907910823822
0.7661292552948 0.474026739597321 0.560884594917297 0.591180384159088 0.453640460968018 0.845922291278839 0.997470676898956 0.977349102497101 0.598528146743774 0.632815539836884 0.341602504253387 0.250896662473679 0.969843089580536 0.877192854881287 0.542402565479279 0.431026995182037 0.419172823429108 0.895827829837799 0.998033225536346 0.99964702129364 0.999655187129974 0.99518209695816 0.854855477809906 0.739506423473358 0.930657207965851 0.881800830364227 0.963874220848083 0.997269690036774 0.999865114688873 0.999859690666199 0.992420852184296 0.999916076660156 0.999907553195953 0.999681174755096 0.999904692173004 0.999906957149506 0.999844491481781 0.999489068984985 0.99979305267334 0.993340015411377 0.999698579311371 0.999892055988312 0.999929428100586 0.999881625175476
0.523524403572083 0.702382206916809 0.854433834552765 0.967735528945923 0.506194472312927 0.668394565582275 0.791454672813416 0.974968433380127 0.866196930408478 0.470320105552673 0.347533583641052 0.768385171890259 0.861347079277039 0.640883207321167 0.312599956989288 0.545374274253845 0.884454727172852 0.994956791400909 0.999108850955963 0.997704565525055 0.999822735786438 0.999585211277008 0.99341082572937 0.998079419136047 0.96360844373703 0.816709756851196 0.95545756816864 0.997757613658905 0.997967541217804 0.996804237365723 0.940132200717926 0.990220189094543 0.999925673007965 0.999928593635559 0.995877206325531 0.999930918216705 0.999931275844574 0.999951303005219 0.999890148639679 0.999877989292145 0.999239861965179 0.999885499477386 0.999927759170532 0.99991101026535
0.296878069639206 0.341160714626312 0.661617875099182 0.846856832504272 0.747342169284821 0.526010930538177 0.720592796802521 0.704066574573517 0.556492030620575 0.330722749233246 0.357847034931183 0.410211473703384 0.327065050601959 0.330254584550858 0.397266775369644 0.835862696170807 0.937244236469269 0.674088716506958 0.92586749792099 0.871012806892395 0.996622622013092 0.999540627002716 0.991931140422821 0.999960005283356 0.938004910945892 0.787649154663086 0.925048232078552 0.810208737850189 0.789741992950439 0.79365599155426 0.765825033187866 0.866810262203217 0.945547878742218 0.999095857143402 0.998453140258789 0.991753160953522 0.998105764389038 0.999695599079132 0.99994945526123 0.999967634677887 0.999962210655212 0.999951422214508 0.999825417995453 0.999488472938538
0.335133135318756 0.338450491428375 0.398315459489822 0.371230214834213 0.456126660108566 0.357294291257858 0.309238821268082 0.311134189367294 0.306343287229538 0.31560018658638 0.33474987745285 0.41605481505394 0.669263601303101 0.700954496860504 0.852249979972839 0.82995080947876 0.786189317703247 0.494640171527863 0.622936487197876 0.704812943935394 0.94581401348114 0.982190012931824 0.897397994995117 0.96858823299408 0.812723219394684 0.647146880626678 0.631303071975708 0.617548167705536 0.628925800323486 0.639631032943726 0.653534114360809 0.683624625205994 0.761039733886719 0.928576350212097 0.993301153182983 0.975045561790466 0.945749402046204 0.994828939437866 0.999867856502533 0.999299466609955 0.999955534934998 0.999662220478058 0.99733179807663 0.998211562633514
0.275623708963394 0.289701402187347 0.276207387447357 0.276628494262695 0.2617247402668 0.245180904865265 0.236024260520935 0.253228008747101 0.270924121141434 0.295191943645477 0.309998720884323 0.332830220460892 0.390329033136368 0.425900042057037 0.455144882202148 0.442412286996841 0.412072360515594 0.398580551147461 0.40436714887619 0.484366059303284 0.602367043495178 0.712597250938416 0.48996564745903 0.471044540405273 0.513511002063751 0.552386164665222 0.561569154262543 0.566283643245697 0.556078374385834 0.562938392162323 0.563955426216125 0.590550243854523 0.646425783634186 0.715827763080597 0.815515339374542 0.826961517333984 0.840319275856018 0.926438689231873 0.993867933750153 0.996362209320068 0.991890430450439 0.9970862865448 0.991517245769501 0.954872965812683
0.246960833668709 0.260264009237289 0.258926242589951 0.275645077228546 0.261964023113251 0.249612420797348 0.24299830198288 0.23325851559639 0.252355486154556 0.27936977148056 0.296229004859924 0.310538530349731 0.33079320192337 0.355168014764786 0.393911123275757 0.401872009038925 0.409162759780884 0.410261899232864 0.398653775453568 0.382047951221466 0.372805267572403 0.37134250998497 0.351174771785736 0.359576404094696 0.378618836402893 0.442708551883698 0.527368009090424 0.519525647163391 0.507780909538269 0.513497531414032 0.508179724216461 0.506367802619934 0.534622073173523 0.549593150615692 0.594701409339905 0.65630042552948 0.754181265830994 0.817821085453033 0.868870377540588 0.937457025051117 0.900691747665405 0.897651135921478 0.80937272310257 0.796403229236603
0.256748110055923 0.330259680747986 0.224174737930298 0.214784875512123 0.211851239204407 0.209014788269997 0.289935111999512 0.302874594926834 0.238803192973137 0.273701280355453 0.296041041612625 0.312137573957443 0.330965250730515 0.348846733570099 0.368211656808853 0.388388127088547 0.387498885393143 0.363603562116623 0.349856227636337 0.331991136074066 0.34628039598465 0.32737123966217 0.293824881315231 0.269981205463409 0.340679228305817 0.361603707075119 0.452964097261429 0.455474853515625 0.461969375610352 0.458540916442871 0.463156521320343 0.44078466296196 0.431464970111847 0.435622572898865 0.475164085626602 0.536282002925873 0.623215317726135 0.67734557390213 0.72490519285202 0.728430688381195 0.677376210689545 0.758930265903473 0.6956547498703 0.648985803127289
0.243851870298386 0.227623030543327 0.26397967338562 0.273408889770508 0.269205212593079 0.277931928634644 0.280899703502655 0.289314866065979 0.311297833919525 0.355193138122559 0.296694576740265 0.312150478363037 0.321650058031082 0.330418556928635 0.349613785743713 0.354450881481171 0.358479380607605 0.342664897441864 0.321990340948105 0.316771984100342 0.319525688886642 0.301229208707809 0.274383991956711 0.257956027984619 0.291910469532013 0.34495347738266 0.381614178419113 0.411049157381058 0.412741214036942 0.41282531619072 0.40568134188652 0.390441715717316 0.360762983560562 0.359951674938202 0.352598309516907 0.41863477230072 0.492473095655441 0.555914282798767 0.598010122776031 0.598775684833527 0.693868517875671 0.659712195396423 0.616228699684143 0.580686628818512
0.209003046154976 0.191267564892769 0.1928880661726 0.254676192998886 0.254651874303818 0.263379335403442 0.269233822822571 0.278490275144577 0.285802125930786 0.338588714599609 0.385067790746689 0.309991180896759 0.309433728456497 0.311142891645432 0.318702071905136 0.318584889173508 0.313312202692032 0.314073950052261 0.301747709512711 0.298318028450012 0.293750017881393 0.277043998241425 0.263011336326599 0.266498446464539 0.282010734081268 0.311767369508743 0.33190393447876 0.346288472414017 0.365838497877121 0.354683041572571 0.345043629407883 0.333583444356918 0.319825828075409 0.306145459413528 0.311870813369751 0.361025154590607 0.428888201713562 0.490183353424072 0.519197165966034 0.514764606952667 0.608462572097778 0.570580184459686 0.524541079998016 0.513881921768188
0.179051890969276 0.0186890419572592 0.0195072628557682 0.188210859894753 0.201273381710052 0.207891523838043 0.213276550173759 0.223746925592422 0.234948337078094 0.310555815696716 0.347562164068222 0.367964416742325 0.272326171398163 0.278943538665771 0.284554541110992 0.284641057252884 0.283956378698349 0.239805176854134 0.231266692280769 0.278106212615967 0.268797546625137 0.259190768003464 0.25217941403389 0.250413507223129 0.259341448545456 0.279479414224625 0.297258138656616 0.303412020206451 0.316601186990738 0.306038081645966 0.305961608886719 0.296274036169052 0.283239215612411 0.36969792842865 0.381901741027832 0.324115604162216 0.370653867721558 0.427661508321762 0.449507117271423 0.438770711421967 0.526136100292206 0.477378219366074 0.480181038379669 0.478486895561218
0.167898237705231 0.166694298386574 0.173235699534416 0.182242378592491 0.191932275891304 0.199536487460136 0.207674935460091 0.21602937579155 0.220129638910294 0.241546779870987 0.303731232881546 0.312723070383072 0.32724940776825 0.335145235061646 0.250747174024582 0.253345042467117 0.220188051462173 0.220779716968536 0.213315933942795 0.217169016599655 0.205105140805244 0.245967894792557 0.240159898996353 0.239669948816299 0.237169593572617 0.256170570850372 0.257993549108505 0.2679682970047 0.266310065984726 0.267743140459061 0.269669026136398 0.260540336370468 0.262659907341003 0.355930954217911 0.37159189581871 0.297853529453278 0.303707003593445 0.356465995311737 0.37663659453392 0.467056006193161 0.456802874803543 0.431896030902863 0.426382601261139 0.433594673871994
0.16331847012043 0.161001071333885 0.165730878710747 0.173072636127472 0.185150355100632 0.192252427339554 0.197696104645729 0.194999471306801 0.197451904416084 0.217239663004875 0.229958429932594 0.291065841913223 0.285110652446747 0.298568516969681 0.296446770429611 0.263310194015503 0.19741952419281 0.197325140237808 0.201272234320641 0.193203985691071 0.189194604754448 0.18687379360199 0.185183614492416 0.226941376924515 0.221448048949242 0.225192949175835 0.232244282960892 0.239655092358589 0.233241096138954 0.239206001162529 0.234260931611061 0.236289650201797 0.241483643651009 0.322019875049591 0.336091578006744 0.264705806970596 0.268459290266037 0.286177158355713 0.297245174646378 0.385152578353882 0.388179451227188 0.398814111948013 0.388699412345886 0.385798573493958
