data/climate_estimation/maxent_output/Smilax_myrtillus.asc
NCOLS 225 
NROWS 135 
XLLCORNER 94.9166666666667 
YLLCORNER 18.3333333333333 
CELLSIZE 0.0833333333333333 
NODATA_value -3.4e+38 
[rows 76 to 94 of 135, columns 44 to 87 of 225]
0.158893838524818 0.193474501371384 0.325136721134186 0.260501503944397 0.213002398610115 0.308175981044769 0.511064410209656 0.65751838684082 0.534629225730896 0.72026389837265 0.476312816143036 0.57757157087326 0.556771993637085 0.460263103246689 0.349393874406815 0.392546564340591 0.41616678237915 0.232171162962914 0.330869793891907 0.43889594078064 0.31731989979744 0.305822104215622 0.383997797966003 0.300566703081131 0.264041364192963 0.380858361721039 0.302236139774323 0.244039803743362 0.270834714174271 0.349899768829346 0.405184239149094 0.368407011032104 0.285541474819183 0.28904926776886 0.437511175870895 0.3188596367836 0.252938449382782 0.299540519714355 0.283757954835892 0.252186238765717 0.491669982671738 0.580598831176758 0.582153618335724 0.60345470905304
0.228435903787613 0.226337775588036 0.205963909626007 0.185663759708405 0.206856057047844 0.347101330757141 0.491987019777298 0.555641949176788 0.593094110488892 0.669493317604065 0.631655693054199 0.512924373149872 0.690515518188477 0.592597246170044 0.253878384828568 0.313864082098007 0.627398371696472 0.476902484893799 0.266930639743805 0.27004262804985 0.266588807106018 0.294335961341858 0.369733601808548 0.234304815530777 0.325280994176865 0.250359088182449 0.214743480086327 0.276131898164749 0.397492647171021 0.372527062892914 0.438069701194763 0.431846618652344 0.281548649072647 0.28569296002388 0.31594181060791 0.361156493425369 0.234584644436836 0.210376307368279 0.241812855005264 0.238656982779503 0.329851090908051 0.46308845281601 0.485531866550446 0.576307475566864
0.151048645377159 0.149974942207336 0.186554804444313 0.221436634659767 0.155274361371994 0.175798833370209 0.210944622755051 0.336853861808777 0.364589542150497 0.410689055919647 0.45947128534317 0.627760708332062 0.62860631942749 0.629814267158508 0.276767015457153 0.31761559844017 0.674998342990875 0.504866123199463 0.276787012815475 0.232973366975784 0.232471629977226 0.287142515182495 0.355361729860306 0.290189951658249 0.236180663108826 0.223447009921074 0.306719213724136 0.382773190736771 0.466232061386108 0.357077747583389 0.442271769046783 0.436030656099319 0.42936897277832 0.34241047501564 0.320783257484436 0.299651086330414 0.418521463871002 0.253564774990082 0.20184126496315 0.315619498491287 0.436313778162003 0.343670427799225 0.410378664731979 0.408848404884338
0.118019379675388 0.136451750993729 0.160045921802521 0.18595626950264 0.376873999834061 0.225616067647934 0.250214606523514 0.323262989521027 0.459639430046082 0.612247109413147 0.451693564653397 0.588842213153839 0.572910666465759 0.494027137756348 0.42952886223793 0.465448021888733 0.601418435573578 0.443255543708801 0.28464663028717 0.342375218868256 0.169370159506798 0.259909629821777 0.33685827255249 0.304643571376801 0.296046644449234 0.293602854013443 0.286342352628708 0.318392693996429 0.358028799295425 0.351621985435486 0.444981068372726 0.436465084552765 0.449044764041901 0.433518320322037 0.253764033317566 0.348989099264145 0.30456468462944 0.218669161200523 0.280246049165726 0.313107192516327 0.345384865999222 0.464201927185059 0.454820901155472 0.542836248874664
0.121380023658276 0.144028961658478 0.342857122421265 0.155243664979935 0.237074822187424 0.174783170223236 0.177117168903351 0.364573538303375 0.311875522136688 0.685362696647644 0.483901858329773 0.625052869319916 0.491008460521698 0.520444512367249 0.38819682598114 0.632849216461182 0.677117109298706 0.444268703460693 0.288426131010056 0.37693327665329 0.180073142051697 0.221692502498627 0.225196376442909 0.274539142847061 0.256870627403259 0.245610862970352 0.215225696563721 0.313999384641647 0.413051456212997 0.463466882705688 0.44179692864418 0.402070254087448 0.486253529787064 0.475241810083389 0.337040990591049 0.214237704873085 0.226680502295494 0.272099316120148 0.245742350816727 0.251130044460297 0.254556894302368 0.378086179494858 0.357059210538864 0.454218447208405
0.119748644530773 0.171148687601089 0.255403488874435 0.213092088699341 0.178489848971367 0.161759987473488 0.19732378423214 0.293414264917374 0.212676674127579 0.415106058120728 0.511762320995331 0.449909955263138 0.309519708156586 0.669370889663696 0.429347783327103 0.384254902601242 0.519191563129425 0.39696341753006 0.530081152915955 0.380568414926529 0.258772015571594 0.212199091911316 0.259371221065521 0.249302983283997 0.381032377481461 0.267707169055939 0.321534723043442 0.325794011354446 0.340977966785431 0.455962747335434 0.409668564796448 0.351237833499908 0.304015338420868 0.440245181322098 0.335208743810654 0.243498712778091 0.253521591424942 0.384911209344864 0.206299364566803 0.269485056400299 0.272561967372894 0.291845053434372 0.35598748922348 0.284436404705048
0.0919483155012131 0.170906662940979 0.239139810204506 0.251911610364914 0.191274717450142 0.180450946092606 0.230569943785667 0.2498919069767 0.251149088144302 0.28479191660881 0.506659865379333 0.263251900672913 0.257617175579071 0.601547479629517 0.46168464422226 0.432852417230606 0.318587273359299 0.336138397455215 0.48003551363945 0.334764212369919 0.244011610746384 0.207421511411667 0.300590366125107 0.29040315747261 0.291233271360397 0.326080620288849 0.276884824037552 0.373331636190414 0.326898872852325 0.443292766809464 0.424316912889481 0.418627172708511 0.34727343916893 0.353177040815353 0.426158636808395 0.370819240808487 0.216246992349625 0.296389520168304 0.287633240222931 0.271140575408936 0.344561398029327 0.223822444677353 0.297301024198532 0.318319886922836
0.0762299597263336 0.108349710702896 0.154446437954903 0.146504089236259 0.272898524999619 0.240252003073692 0.186722666025162 0.216838955879211 0.312229484319687 0.250891655683517 0.29267030954361 0.317952394485474 0.32618060708046 0.493809431791306 0.447769165039062 0.336652994155884 0.434574604034424 0.314685791730881 0.239274650812149 0.214497298002243 0.197496518492699 0.302095055580139 0.198484554886818 0.22358264029026 0.23464922606945 0.297333180904388 0.317480981349945 0.406332582235336 0.300447046756744 0.355416715145111 0.460591435432434 0.443969994783401 0.3836590051651 0.310740917921066 0.366851061582565 0.403785318136215 0.296700984239578 0.202578604221344 0.245633378624916 0.291827380657196 0.312445998191833 0.265880405902863 0.209449455142021 0.237155824899673
0.0675864368677139 0.124921955168247 0.114506185054779 0.0984353125095367 0.219776526093483 0.130899384617805 0.14349502325058 0.207716435194016 0.321783840656281 0.188421294093132 0.362482607364655 0.501763582229614 0.379068732261658 0.324300199747086 0.425278216600418 0.283015251159668 0.274374127388 0.476296663284302 0.312352061271667 0.402214765548706 0.343197852373123 0.230768218636513 0.274784773588181 0.168910384178162 0.253627181053162 0.254611730575562 0.288745611906052 0.385385394096375 0.331418931484222 0.244929119944572 0.332462251186371 0.438732266426086 0.404316157102585 0.354648977518082 0.23451454937458 0.336668074131012 0.274984925985336 0.305331468582153 0.293603032827377 0.280969202518463 0.322120010852814 0.344252020120621 0.269497185945511 0.245875373482704
0.0664573833346367 0.0806781202554703 0.218160286545753 0.186814039945602 0.209348931908607 0.11171542853117 0.207820668816566 0.270916968584061 0.232089951634407 0.180452167987823 0.373585104942322 0.505845367908478 0.31160232424736 0.270346164703369 0.316140919923782 0.254772752523422 0.299837946891785 0.420437008142471 0.500342786312103 0.434027224779129 0.574781715869904 0.368294656276703 0.254807710647583 0.174704134464264 0.200329765677452 0.228932783007622 0.224070161581039 0.307274699211121 0.312154233455658 0.261500000953674 0.277756124734879 0.359422713518143 0.366961747407913 0.425646245479584 0.282035440206528 0.21529047191143 0.281655848026276 0.251278787851334 0.332349628210068 0.334047794342041 0.338753253221512 0.349231511354446 0.311400771141052 0.29759606719017
0.0431540980935097 0.067166805267334 0.201595678925514 0.131852075457573 0.173010036349297 0.0930221378803253 0.190318897366524 0.226827248930931 0.107146270573139 0.366737812757492 0.499062955379486 0.336825758218765 0.2286197245121 0.317346185445786 0.369322031736374 0.252145439386368 0.253801584243774 0.315202951431274 0.466972261667252 0.496195375919342 0.40907421708107 0.405663460493088 0.198056429624557 0.204362899065018 0.15522800385952 0.206646636128426 0.208609655499458 0.230092361569405 0.338656663894653 0.316130876541138 0.253729224205017 0.362414538860321 0.269335031509399 0.290742844343185 0.285276412963867 0.236127212643623 0.266414105892181 0.350640416145325 0.364849030971527 0.346434682607651 0.346868515014648 0.316471308469772 0.386352360248566 0.339945048093796
0.0491530671715736 0.0898354053497314 0.206614181399345 0.148002594709396 0.120944045484066 0.088136337697506 0.190309554338455 0.16147880256176 0.149367153644562 0.29616716504097 0.328751802444458 0.308056026697159 0.245189771056175 0.328049719333649 0.388504594564438 0.313265651464462 0.231598719954491 0.240769892930984 0.253719866275787 0.32336762547493 0.272067040205002 0.216177567839622 0.236278012394905 0.248189255595207 0.158301934599876 0.178584367036819 0.23425218462944 0.22147025167942 0.261085540056229 0.255827307701111 0.236218258738518 0.252739757299423 0.218701139092445 0.331668943166733 0.375464260578156 0.251935303211212 0.277847707271576 0.288352727890015 0.364733666181564 0.407332956790924 0.387675940990448 0.318744748830795 0.354930579662323 0.439066141843796
0.0615331120789051 0.0949807986617088 0.213470578193665 0.137558847665787 0.0889868587255478 0.104270130395889 0.135175004601479 0.0755477547645569 0.135614722967148 0.281920373439789 0.375423848628998 0.347871154546738 0.220074817538261 0.305689364671707 0.279618263244629 0.332660615444183 0.258433818817139 0.209210053086281 0.148778259754181 0.328209847211838 0.237737357616425 0.210794061422348 0.370406061410904 0.353023916482925 0.246049001812935 0.151162296533585 0.158192947506905 0.184797808527946 0.193492352962494 0.202388390898705 0.271429836750031 0.205639719963074 0.31325888633728 0.32874384522438 0.229024738073349 0.309875994920731 0.281513899564743 0.325008779764175 0.371257841587067 0.390490174293518 0.404211938381195 0.329338490962982 0.309703558683395 0.313496589660645
0.100690774619579 0.0992447510361671 0.117014825344086 0.110308282077312 0.0908768400549889 0.10279043763876 0.0535842105746269 0.112004958093166 0.2239089012146 0.592940509319305 0.466717213392258 0.291940271854401 0.234359547495842 0.271545916795731 0.320000737905502 0.364407330751419 0.185496047139168 0.1612468957901 0.262495160102844 0.401002764701843 0.281256973743439 0.200405046343803 0.354847192764282 0.496654868125916 0.30153813958168 0.127884671092033 0.154640361666679 0.135523870587349 0.179389402270317 0.188668563961983 0.202785059809685 0.2586430311203 0.179955750703812 0.229537159204483 0.170943930745125 0.358549743890762 0.30512797832489 0.282603859901428 0.285355746746063 0.403075128793716 0.380411475896835 0.344740062952042 0.305864006280899 0.242894425988197
0.0869883969426155 0.0509725958108902 0.0511776022613049 0.0927797257900238 0.10185656696558 0.0849760174751282 0.0786691457033157 0.180255383253098 0.248707890510559 0.372782111167908 0.266893237829208 0.18826487660408 0.216305464506149 0.287202090024948 0.341571509838104 0.368395775556564 0.167907819151878 0.311535745859146 0.414622247219086 0.235788092017174 0.222590744495392 0.219581782817841 0.214511677622795 0.252836614847183 0.283958435058594 0.117365479469299 0.0980144068598747 0.139983132481575 0.186809495091438 0.1613539904356 0.144547522068024 0.181269094347954 0.165699079632759 0.161693230271339 0.21440277993679 0.313532501459122 0.2480858117342 0.252878040075302 0.248645693063736 0.266992092132568 0.278747737407684 0.275687038898468 0.337957620620728 0.308253705501556
0.0501248762011528 0.0452587939798832 0.0779267102479935 0.112122163176537 0.141154184937477 0.0651581883430481 0.125779449939728 0.170698925852776 0.251545161008835 0.333994954824448 0.187677472829819 0.216949343681335 0.164048418402672 0.23395437002182 0.224095642566681 0.197104826569557 0.18243283033371 0.23592920601368 0.338873654603958 0.217750146985054 0.214274868369102 0.231228619813919 0.210831433534622 0.280517220497131 0.215542867779732 0.085452102124691 0.0639756992459297 0.0908731445670128 0.106538347899914 0.133436664938927 0.193278729915619 0.111665807664394 0.0862495079636574 0.110791087150574 0.184828519821167 0.273434400558472 0.25836455821991 0.188233062624931 0.152974233031273 0.297771543264389 0.387301713228226 0.361628293991089 0.38199308514595 0.319438904523849
0.0473682098090649 0.100245766341686 0.133739158511162 0.119769491255283 0.111932352185249 0.0637555718421936 0.119194842875004 0.175682455301285 0.268022179603577 0.279305577278137 0.132778644561768 0.177423894405365 0.136464387178421 0.145432204008102 0.226344123482704 0.22176094353199 0.166383311152458 0.284525096416473 0.410569667816162 0.365785300731659 0.305245220661163 0.272411316633224 0.317702859640121 0.365407764911652 0.401591122150421 0.283927172422409 0.0743501856923103 0.0796300992369652 0.0516173131763935 0.0953577980399132 0.169022977352142 0.127652317285538 0.0863779559731483 0.0968269109725952 0.13766211271286 0.195013657212257 0.20250628888607 0.211983263492584 0.243786200881004 0.215697765350342 0.283462226390839 0.253412008285522 0.302771002054214 0.273699522018433
0.0485992096364498 0.0819959789514542 0.144010186195374 0.0663042366504669 0.0536636747419834 0.0725804716348648 0.134675949811935 0.148657441139221 0.176026880741119 0.136751562356949 0.117418229579926 0.140011414885521 0.129356294870377 0.143868252635002 0.253644317388535 0.270916759967804 0.172523945569992 0.283772677183151 0.34773114323616 0.2345831990242 0.257376283407211 0.28550586104393 0.322832375764847 0.40998038649559 0.308255642652512 0.158271014690399 0.093002550303936 0.0845226272940636 0.112894959747791 0.148363843560219 0.127313494682312 0.183093428611755 0.22646789252758 0.217650726437569 0.310599684715271 0.199789389967918 0.126366421580315 0.187317594885826 0.239079967141151 0.219705253839493 0.233355030417442 0.251955032348633 0.23596665263176 0.209228321909904
0.0444285497069359 0.117672763764858 0.185030773282051 0.0872409045696259 0.0548846945166588 0.159660458564758 0.132769450545311 0.18824028968811 0.247005045413971 0.116544581949711 0.0740637704730034 0.162766203284264 0.199105456471443 0.202433347702026 0.304669231176376 0.271750599145889 0.17945508658886 0.107683785259724 0.086009182035923 0.117012001574039 0.259812891483307 0.414040625095367 0.413632363080978 0.387275457382202 0.140240296721458 0.0758109092712402 0.089327372610569 0.100132137537003 0.0961139649152756 0.117947295308113 0.110464885830879 0.198669910430908 0.124550588428974 0.133671954274178 0.357494622468948 0.173124626278877 0.0910660922527313 0.186925798654556 0.312950432300568 0.276676684617996 0.256291419267654 0.246343567967415 0.310661464929581 0.176371365785599
