data/climate_estimation/maxent_output/Smilax_chapaensis.asc
NCOLS 177 
NROWS 114 
XLLCORNER 96.6666666666667 
YLLCORNER 21.75 
CELLSIZE 0.0833333333333333 
NODATA_value -3.4e+38 
[rows 40 to 59 of 114, columns 44 to 87 of 177]
0.0850830897688866 0.111605800688267 0.0906699225306511 0.0874863192439079 0.0985163524746895 0.108771048486233 0.111885763704777 0.120300523936749 0.121658191084862 0.121409453451633 0.128931537270546 0.1320471316576 0.135793313384056 0.120783418416977 0.266795873641968 0.358215898275375 0.403550088405609 0.232636943459511 0.210653111338615 0.337557971477509 0.450141370296478 0.276583522558212 0.221731334924698 0.240595400333405 0.305453062057495 0.757639646530151 0.736206233501434 0.663435518741608 0.627765417098999 0.57453840970993 0.487790644168854 0.628169596195221 0.937011003494263 0.923538327217102 0.925444066524506 0.954445958137512 0.972544372081757 0.381580740213394 0.347909837961197 0.514455735683441 0.372228384017944 0.341275155544281 0.382020026445389 0.412654012441635
0.112391389906406 0.0931432843208313 0.106471285223961 0.10195754468441 0.108460143208504 0.114293396472931 0.123352661728859 0.127582415938377 0.184387743473053 0.152415096759796 0.135609224438667 0.155154690146446 0.254730820655823 0.265703976154327 0.287288308143616 0.30881279706955 0.306305706501007 0.258926302194595 0.217928498983383 0.328992426395416 0.367211312055588 0.263359487056732 0.219544559717178 0.278294891119003 0.461302071809769 0.757145762443542 0.748032867908478 0.616149485111237 0.757853806018829 0.794781744480133 0.694631218910217 0.752632319927216 0.340091377496719 0.678725838661194 0.89042854309082 0.766423344612122 0.664157807826996 0.208708569407463 0.268097370862961 0.447478115558624 0.287813425064087 0.264047682285309 0.319963008165359 0.333360493183136
0.111425884068012 0.100635901093483 0.0983893796801567 0.111798346042633 0.118137419223785 0.115598127245903 0.12677364051342 0.132018655538559 0.150176972150803 0.15844801068306 0.166307359933853 0.255757868289948 0.260047107934952 0.239528089761734 0.261067241430283 0.312746584415436 0.427264958620071 0.33030378818512 0.36672705411911 0.23848332464695 0.284455567598343 0.279320687055588 0.229105710983276 0.494759440422058 0.573114156723022 0.636341512203217 0.7641322016716 0.394258618354797 0.766272902488708 0.650405406951904 0.857859253883362 0.852347135543823 0.459738820791245 0.825346291065216 0.549101531505585 0.273918241262436 0.21148008108139 0.464299619197845 0.701536297798157 0.605787336826324 0.374773532152176 0.393575042486191 0.262939661741257 0.388617992401123
0.106583334505558 0.144711434841156 0.144793301820755 0.132865935564041 0.121778525412083 0.132489010691643 0.142560973763466 0.13448241353035 0.138349384069443 0.143108457326889 0.248217463493347 0.167232483625412 0.24948063492775 0.23703408241272 0.251982301473618 0.304343014955521 0.419100850820541 0.285626351833344 0.411948263645172 0.31553652882576 0.305625170469284 0.350099891424179 0.292828738689423 0.600577294826508 0.624360918998718 0.506249010562897 0.767056524753571 0.361443221569061 0.766575813293457 0.725635230541229 0.76100218296051 0.864112377166748 0.281703025102615 0.57361114025116 0.184184014797211 0.150825694203377 0.465528875589371 0.889615833759308 0.567880511283875 0.618482649326324 0.391382157802582 0.226738229393959 0.361784040927887 0.313328713178635
0.152869567275047 0.123930484056473 0.156185194849968 0.149320155382156 0.132818788290024 0.134017571806908 0.148620188236237 0.13888493180275 0.124926924705505 0.178009837865829 0.265520095825195 0.174187332391739 0.222339764237404 0.227936685085297 0.247923091053963 0.309248179197311 0.407481819391251 0.423687130212784 0.433470726013184 0.301726758480072 0.340236604213715 0.434748321771622 0.294605880975723 0.621783554553986 0.525965571403503 0.433846086263657 0.699182569980621 0.403422445058823 0.731715738773346 0.763655126094818 0.744461417198181 0.713411271572113 0.236066520214081 0.271863341331482 0.147829458117485 0.352184861898422 0.673533022403717 0.577216565608978 0.32868567109108 0.327296018600464 0.221229776740074 0.506379544734955 0.367034643888474 0.229788184165955
0.162091255187988 0.135080188512802 0.117558322846889 0.120677746832371 0.133667588233948 0.131846874952316 0.137927189469337 0.146482452750206 0.145053416490555 0.177311882376671 0.1682288646698 0.178612396121025 0.214829996228218 0.242972210049629 0.262092262506485 0.283600687980652 0.418812245130539 0.42702716588974 0.458485007286072 0.232163786888123 0.443524718284607 0.395325183868408 0.408285707235336 0.605803191661835 0.621500670909882 0.552874505519867 0.337080001831055 0.556101679801941 0.736762583255768 0.759359538555145 0.68879896402359 0.253600776195526 0.308349013328552 0.171430736780167 0.317120224237442 0.807972729206085 0.733920276165009 0.303930163383484 0.1776242852211 0.148795768618584 0.227006733417511 0.295177340507507 0.326353758573532 0.239380806684494
0.126414865255356 0.153555348515511 0.156034559011459 0.144411787390709 0.200998678803444 0.147059693932533 0.127088084816933 0.171539768576622 0.170541137456894 0.156813979148865 0.163229867815971 0.23102018237114 0.26670253276825 0.298973500728607 0.392156541347504 0.403514385223389 0.413078784942627 0.438677132129669 0.396987855434418 0.267171949148178 0.468200027942657 0.47419211268425 0.285257399082184 0.378547728061676 0.633925199508667 0.625943839550018 0.245820567011833 0.757626235485077 0.718454360961914 0.63054084777832 0.314328551292419 0.203595355153084 0.171704307198524 0.178403556346893 0.200376063585281 0.845970809459686 0.702283442020416 0.267395257949829 0.185528695583344 0.137025102972984 0.114853508770466 0.209759533405304 0.582502543926239 0.191969156265259
0.134232327342033 0.162518948316574 0.138703897595406 0.187219336628914 0.150219306349754 0.134257465600967 0.125105544924736 0.174449488520622 0.16949026286602 0.172844931483269 0.22904235124588 0.256616562604904 0.291365414857864 0.373953372240067 0.371509909629822 0.411254614591599 0.423773527145386 0.274452298879623 0.285103917121887 0.34807413816452 0.469029396772385 0.457586884498596 0.476487994194031 0.469510495662689 0.589974522590637 0.603105306625366 0.45933997631073 0.554792165756226 0.769932389259338 0.655725479125977 0.229782357811928 0.674817979335785 0.500792503356934 0.480126410722733 0.163159996271133 0.367401242256165 0.476584643125534 0.296371728181839 0.148702666163445 0.126553118228912 0.110080860555172 0.12335467338562 0.248581454157829 0.178696230053902
0.132561251521111 0.14501941204071 0.125494971871376 0.12663921713829 0.149329870939255 0.134232044219971 0.143725469708443 0.25213760137558 0.181388258934021 0.179360687732697 0.256065368652344 0.280226558446884 0.286828219890594 0.381864100694656 0.313484996557236 0.413868546485901 0.422807455062866 0.323691695928574 0.28520205616951 0.446509957313538 0.59203028678894 0.566595137119293 0.552735507488251 0.32431948184967 0.620467603206635 0.556622564792633 0.487066805362701 0.177607268095016 0.650124788284302 0.644062519073486 0.217186719179153 0.299356341362 0.814914464950562 0.557043552398682 0.15153694152832 0.447977364063263 0.44127231836319 0.20883210003376 0.133276626467705 0.120684742927551 0.129476726055145 0.108081139624119 0.262572914361954 0.319403916597366
0.176292210817337 0.152987569570541 0.153505653142929 0.144521504640579 0.161713540554047 0.161874413490295 0.158419817686081 0.180521324276924 0.255121976137161 0.262846320867538 0.273319929838181 0.269605964422226 0.250821739435196 0.28409680724144 0.367560982704163 0.408257514238358 0.313932567834854 0.239062488079071 0.312838703393936 0.571838617324829 0.586220622062683 0.578088164329529 0.271861881017685 0.441510826349258 0.626676559448242 0.576150059700012 0.629781305789948 0.455601274967194 0.405912190675735 0.643304884433746 0.247725158929825 0.377735018730164 0.606139242649078 0.759951055049896 0.284206956624985 0.159662172198296 0.211214736104012 0.176001206040382 0.173730060458183 0.17707858979702 0.12651689350605 0.198474958539009 0.333027273416519 0.335320800542831
0.152504146099091 0.159225031733513 0.140606045722961 0.14946286380291 0.148296624422073 0.143390342593193 0.2474455088377 0.249338418245316 0.253761172294617 0.268535554409027 0.267731636762619 0.237627848982811 0.173823595046997 0.297326773405075 0.236398741602898 0.345352053642273 0.416713327169418 0.33117201924324 0.556977152824402 0.564740300178528 0.591758370399475 0.353692084550858 0.336250215768814 0.609040498733521 0.733642637729645 0.637200474739075 0.554265081882477 0.555600345134735 0.176859021186829 0.229525357484818 0.151420652866364 0.416961967945099 0.642441272735596 0.759000420570374 0.330679595470428 0.152591377496719 0.138152211904526 0.203160241246223 0.218054324388504 0.190420910716057 0.169353365898132 0.225337103009224 0.253212630748749 0.329518228769302
0.14449580013752 0.163980200886726 0.15319499373436 0.124516822397709 0.143710240721703 0.136431664228439 0.169522479176521 0.24643848836422 0.244701147079468 0.222797885537148 0.270621031522751 0.263661056756973 0.172186315059662 0.173218309879303 0.188015580177307 0.248056963086128 0.314526528120041 0.51489531993866 0.571508646011353 0.577537775039673 0.503015041351318 0.224746659398079 0.617072522640228 0.636717677116394 0.636959075927734 0.625718951225281 0.5445676445961 0.651560008525848 0.36980614066124 0.141039744019508 0.0960743576288223 0.392467081546783 0.419054716825485 0.766636967658997 0.52203106880188 0.243508294224739 0.341095000505447 0.173693016171455 0.141547992825508 0.150582119822502 0.237226665019989 0.228547915816307 0.337271332740784 0.419643521308899
0.153548792004585 0.177227288484573 0.168120518326759 0.13389940559864 0.153269171714783 0.150261551141739 0.167315915226936 0.240147784352303 0.24728062748909 0.204526156187057 0.181237623095512 0.23610582947731 0.259172856807709 0.156898722052574 0.261532485485077 0.327170044183731 0.24383470416069 0.5330890417099 0.565061092376709 0.443804234266281 0.346275061368942 0.269794404506683 0.607884645462036 0.642153084278107 0.619380056858063 0.586562395095825 0.593327760696411 0.641493320465088 0.395266503095627 0.427660524845123 0.160118356347084 0.117840722203255 0.328700870275497 0.511480331420898 0.428061813116074 0.324419558048248 0.335902065038681 0.267104774713516 0.139042243361473 0.208740442991257 0.261691778898239 0.237849712371826 0.243781417608261 0.422259092330933
0.218926191329956 0.198418334126472 0.117505379021168 0.164029777050018 0.122629165649414 0.214768961071968 0.233707830309868 0.236743971705437 0.202953860163689 0.175906464457512 0.180483192205429 0.221570059657097 0.222067072987556 0.178426191210747 0.344570159912109 0.452707946300507 0.289065539836884 0.224809274077415 0.408334881067276 0.212036833167076 0.157764703035355 0.322229743003845 0.57857745885849 0.631771743297577 0.621170043945312 0.632052659988403 0.632908463478088 0.640893161296844 0.650773048400879 0.510906517505646 0.431622475385666 0.103526249527931 0.120120413601398 0.462517261505127 0.640752136707306 0.482112407684326 0.363499522209167 0.159853652119637 0.147892072796822 0.230950653553009 0.219760626554489 0.458821415901184 0.234976142644882 0.359920561313629
0.193258628249168 0.207697078585625 0.194614678621292 0.13301083445549 0.183288604021072 0.182860836386681 0.236960187554359 0.236634314060211 0.200582876801491 0.215184360742569 0.148091003298759 0.196805015206337 0.268059194087982 0.303103774785995 0.179806441068649 0.319993704557419 0.385806053876877 0.172954335808754 0.182825952768326 0.366897493600845 0.701709449291229 0.701568365097046 0.633022785186768 0.76422643661499 0.641320288181305 0.64117443561554 0.744179427623749 0.630951941013336 0.629181444644928 0.496213525533676 0.642334282398224 0.221961945295334 0.175603553652763 0.507212281227112 0.638914227485657 0.608631670475006 0.366521000862122 0.159636259078979 0.139744341373444 0.261306345462799 0.275490671396255 0.300312638282776 0.252104103565216 0.41583976149559
0.234233409166336 0.189807310700417 0.161056846380234 0.168225660920143 0.170798376202583 0.151568546891212 0.173782765865326 0.221562787890434 0.174510687589645 0.14760585129261 0.131211042404175 0.113236479461193 0.140896305441856 0.162216156721115 0.185216933488846 0.161912515759468 0.256611078977585 0.117845825850964 0.133785516023636 0.308510422706604 0.719369828701019 0.729307115077972 0.749917089939117 0.754451274871826 0.763147592544556 0.633574724197388 0.619855999946594 0.678359270095825 0.619931161403656 0.541618943214417 0.597844481468201 0.420042037963867 0.174543306231499 0.493637979030609 0.60917204618454 0.617767512798309 0.2608542740345 0.180785551667213 0.191580444574356 0.429531127214432 0.452267736196518 0.259060949087143 0.422806352376938 0.436519354581833
0.329366147518158 0.241156011819839 0.181447580456734 0.173351123929024 0.196237400174141 0.147519156336784 0.208648771047592 0.197291284799576 0.23215289413929 0.179841950535774 0.127139136195183 0.0978975296020508 0.0926187485456467 0.0942159965634346 0.137801021337509 0.132157668471336 0.0797744244337082 0.161942929029465 0.0849376171827316 0.225866377353668 0.704530119895935 0.719413697719574 0.721134424209595 0.734745502471924 0.733831822872162 0.689802527427673 0.611854434013367 0.639034807682037 0.583964109420776 0.593565762042999 0.612868964672089 0.345448464155197 0.120686486363411 0.354246497154236 0.536112427711487 0.488841980695724 0.303437948226929 0.151152327656746 0.226967379450798 0.250627338886261 0.217602267861366 0.286437034606934 0.346126347780228 0.431128740310669
0.269277423620224 0.277022927999496 0.21564108133316 0.234849333763123 0.178734704852104 0.233314886689186 0.231064841151237 0.173421323299408 0.161539137363434 0.217234715819359 0.169381499290466 0.18232199549675 0.207496866583824 0.0951927378773689 0.154441505670547 0.324765712022781 0.115369759500027 0.10420686006546 0.0697114691138268 0.410600870847702 0.688589453697205 0.622193872928619 0.453899711370468 0.639335095882416 0.600123941898346 0.720969438552856 0.418725967407227 0.652255654335022 0.550796687602997 0.555318474769592 0.611863076686859 0.345434457063675 0.112429186701775 0.140124753117561 0.351410716772079 0.302092045545578 0.2613385617733 0.275157749652863 0.368450433015823 0.402440100908279 0.207990705966949 0.337313562631607 0.344292521476746 0.402505218982697
0.220602780580521 0.203072816133499 0.192360043525696 0.196297064423561 0.223618239164352 0.296179890632629 0.229595065116882 0.231215074658394 0.20830437541008 0.141848728060722 0.141024842858315 0.0958710685372353 0.120435565710068 0.15912652015686 0.223370239138603 0.475143194198608 0.204373747110367 0.147201701998711 0.12361416965723 0.256049692630768 0.59405380487442 0.417294472455978 0.48775589466095 0.554683268070221 0.683810412883759 0.587969303131104 0.310564011335373 0.295861423015594 0.568848669528961 0.594175219535828 0.236882790923119 0.17570486664772 0.177984729409218 0.191486433148384 0.313489854335785 0.420799940824509 0.692500710487366 0.457309275865555 0.404495388269424 0.230750367045403 0.279848664999008 0.414747089147568 0.413746029138565 0.497822821140289
0.281158328056335 0.32017508149147 0.2200086414814 0.218424469232559 0.208681985735893 0.294983834028244 0.308753699064255 0.202352285385132 0.146910890936852 0.196909204125404 0.171038180589676 0.298300683498383 0.240292713046074 0.188064888119698 0.405858367681503 0.421357780694962 0.265765637159348 0.299900472164154 0.367819637060165 0.314664363861084 0.385644227266312 0.221069738268852 0.551879107952118 0.653581440448761 0.250331968069077 0.350715786218643 0.449308127164841 0.248361468315125 0.380106866359711 0.218496143817902 0.558229207992554 0.695438981056213 0.434116363525391 0.145457029342651 0.694908261299133 0.696340978145599 0.556367993354797 0.662335813045502 0.385267525911331 0.250832706689835 0.297145873308182 0.398683696985245 0.44491896033287 0.545681893825531
