data/climate_estimation/maxent_output/Smilax_cocculoides.asc
NCOLS 146 
NROWS 108 
XLLCORNER 102.5 
YLLCORNER 22.3333333333333 
CELLSIZE 0.0833333333333334 
NODATA_value -3.4e+38 
[rows 40 to 59 of 108, columns 44 to 87 of 146]
0.611877918243408 0.634226739406586 0.675690472126007 0.633623540401459 0.692084908485413 0.709538400173187 0.69931161403656 0.68996000289917 0.740903794765472 0.747296929359436 0.774150609970093 0.821872770786285 0.815821409225464 0.829306721687317 0.808862686157227 0.834583044052124 0.852576017379761 0.844520449638367 0.843295514583588 0.843259274959564 0.836760520935059 0.819094061851501 0.772675096988678 0.744093358516693 0.768456161022186 0.73959881067276 0.730969071388245 0.722070097923279 0.729486286640167 0.67693030834198 0.544764280319214 0.714448511600494 0.76316112279892 0.78898149728775 0.773223876953125 0.778932511806488 0.761602222919464 0.764312028884888 0.784200251102448 0.762363195419312 0.753086149692535 0.775708317756653 0.760822951793671 0.744334280490875
0.603377223014832 0.630425989627838 0.73473984003067 0.660113155841827 0.695375442504883 0.693548798561096 0.714476823806763 0.732205986976624 0.758115828037262 0.771739542484283 0.821639478206635 0.812896966934204 0.847146213054657 0.833587765693665 0.833245038986206 0.808151185512543 0.851501405239105 0.859785139560699 0.856165528297424 0.853802800178528 0.845355808734894 0.800197064876556 0.827136933803558 0.767333209514618 0.75096732378006 0.729925692081451 0.731445074081421 0.726477861404419 0.689397394657135 0.615200340747833 0.580766439437866 0.758314728736877 0.778895735740662 0.796057224273682 0.793960809707642 0.798243820667267 0.799693286418915 0.769414842128754 0.789455711841583 0.783728778362274 0.77085679769516 0.774136185646057 0.752136290073395 0.728141129016876
0.679795444011688 0.748175323009491 0.736016035079956 0.689485728740692 0.714636862277985 0.715833008289337 0.724827706813812 0.727584421634674 0.789423942565918 0.811845004558563 0.830434441566467 0.842625737190247 0.889531850814819 0.85461151599884 0.852181792259216 0.89082807302475 0.890640020370483 0.874335527420044 0.836161851882935 0.838107585906982 0.867339849472046 0.854621469974518 0.845140874385834 0.788768112659454 0.793566465377808 0.71892249584198 0.707184731960297 0.692374646663666 0.707119166851044 0.687906861305237 0.708454251289368 0.759357094764709 0.779251933097839 0.788129091262817 0.774922251701355 0.797884285449982 0.792810201644897 0.800990223884583 0.799746096134186 0.789717614650726 0.776668429374695 0.789013743400574 0.755434453487396 0.770650088787079
0.748781621456146 0.702744424343109 0.732714891433716 0.720064222812653 0.733535468578339 0.737390875816345 0.781540215015411 0.769297897815704 0.806421339511871 0.835851430892944 0.865547180175781 0.895667970180511 0.897932410240173 0.880197107791901 0.910668253898621 0.894125461578369 0.904099524021149 0.850491940975189 0.856307208538055 0.862874805927277 0.861079573631287 0.847092807292938 0.829272150993347 0.80301707983017 0.78812563419342 0.701686918735504 0.686425030231476 0.671435475349426 0.684982180595398 0.720652282238007 0.714893460273743 0.747845947742462 0.75098180770874 0.776711225509644 0.766857266426086 0.774125516414642 0.784293830394745 0.778233408927917 0.800867080688477 0.788472831249237 0.774061143398285 0.778613090515137 0.782235860824585 0.757574856281281
0.734940946102142 0.74426257610321 0.749472975730896 0.748694837093353 0.769829630851746 0.782591938972473 0.773375809192657 0.797255635261536 0.8427973985672 0.836292088031769 0.868752539157867 0.892371356487274 0.908918976783752 0.915127098560333 0.904171705245972 0.869386494159698 0.911589562892914 0.881068408489227 0.87550675868988 0.862612187862396 0.865617632865906 0.857689440250397 0.847350776195526 0.788546562194824 0.75446093082428 0.676882326602936 0.647976934909821 0.673761427402496 0.664161145687103 0.69353836774826 0.699527084827423 0.725406050682068 0.736048996448517 0.768775880336761 0.788779437541962 0.816230893135071 0.813704788684845 0.789437890052795 0.802430093288422 0.793845057487488 0.799076974391937 0.775451123714447 0.787315189838409 0.787148535251617
0.748738765716553 0.776730358600616 0.790581405162811 0.801665842533112 0.81235533952713 0.834832787513733 0.812689661979675 0.839052259922028 0.840361297130585 0.858822822570801 0.885075688362122 0.897709846496582 0.907744169235229 0.893049895763397 0.858985424041748 0.869740903377533 0.90515398979187 0.888504981994629 0.858839988708496 0.82884281873703 0.884724795818329 0.840252816677094 0.767616987228394 0.742309033870697 0.766958773136139 0.691405355930328 0.631174445152283 0.619422376155853 0.652352213859558 0.647802829742432 0.694429934024811 0.714392960071564 0.732232689857483 0.761623859405518 0.788974583148956 0.792449474334717 0.794960021972656 0.820273876190186 0.789971470832825 0.805599093437195 0.783004879951477 0.800709903240204 0.79151725769043 0.77492481470108
0.793616771697998 0.802240192890167 0.816914737224579 0.843305051326752 0.851024448871613 0.867167115211487 0.855379700660706 0.868362367153168 0.855834245681763 0.878150224685669 0.884885966777802 0.890144526958466 0.890287578105927 0.905374050140381 0.872099637985229 0.900992333889008 0.911589682102203 0.902877986431122 0.91715133190155 0.881366968154907 0.869929254055023 0.792610943317413 0.7945916056633 0.786006450653076 0.80193692445755 0.706031918525696 0.615083694458008 0.623160779476166 0.626970171928406 0.641282677650452 0.665500700473785 0.677224099636078 0.716451525688171 0.751645743846893 0.765036463737488 0.790626883506775 0.800533771514893 0.798253834247589 0.804816842079163 0.804391920566559 0.809177100658417 0.798130929470062 0.781003475189209 0.778848230838776
0.813744008541107 0.832672238349915 0.849706292152405 0.864751279354095 0.877492189407349 0.889125347137451 0.882649540901184 0.898620426654816 0.879972577095032 0.904693484306335 0.918910801410675 0.891937553882599 0.916414380073547 0.89508843421936 0.910775780677795 0.9215127825737 0.912978053092957 0.914848983287811 0.894241154193878 0.891769528388977 0.879904210567474 0.819515347480774 0.792898237705231 0.734948992729187 0.773375272750854 0.701094150543213 0.622443020343781 0.584195137023926 0.591794192790985 0.612889468669891 0.644182980060577 0.68904846906662 0.713562250137329 0.725791335105896 0.753351211547852 0.789490461349487 0.782901883125305 0.781890511512756 0.787395358085632 0.791786193847656 0.803771615028381 0.795224845409393 0.790512800216675 0.757693350315094
0.84834897518158 0.868293404579163 0.84458339214325 0.886005938053131 0.880604386329651 0.899245500564575 0.907566487789154 0.922282576560974 0.903526604175568 0.911186516284943 0.906856834888458 0.913211643695831 0.918549776077271 0.917946219444275 0.925266861915588 0.885800719261169 0.887938439846039 0.89685845375061 0.898042738437653 0.899708926677704 0.898331344127655 0.870947360992432 0.766457080841064 0.785120904445648 0.724517583847046 0.697762012481689 0.712651789188385 0.642744302749634 0.565433919429779 0.590662002563477 0.630679368972778 0.658741176128387 0.683475255966187 0.699910759925842 0.765400826931 0.76443350315094 0.767358303070068 0.778117895126343 0.774682641029358 0.801856994628906 0.7818563580513 0.799520313739777 0.790740609169006 0.754346966743469
0.889179229736328 0.906639635562897 0.870269894599915 0.915632247924805 0.919384360313416 0.91907811164856 0.922215282917023 0.915661811828613 0.92188572883606 0.919098079204559 0.911876022815704 0.929117441177368 0.925269782543182 0.916133880615234 0.916114687919617 0.895272493362427 0.870288372039795 0.867429196834564 0.871543228626251 0.883268773555756 0.913262367248535 0.842672407627106 0.775021433830261 0.768717169761658 0.697366118431091 0.71290135383606 0.6983762383461 0.584365367889404 0.567819356918335 0.573296368122101 0.592339277267456 0.635212302207947 0.690317928791046 0.724379360675812 0.742349028587341 0.765465021133423 0.76257997751236 0.773239731788635 0.777860641479492 0.80023866891861 0.783218741416931 0.777078926563263 0.759404599666595 0.74531763792038
0.933364391326904 0.928958058357239 0.933917462825775 0.944204688072205 0.944874584674835 0.92840576171875 0.939078211784363 0.913814783096313 0.924000561237335 0.9105623960495 0.921489953994751 0.925940096378326 0.909478783607483 0.880119025707245 0.879320085048676 0.903219521045685 0.867676138877869 0.850117921829224 0.863256633281708 0.886860013008118 0.854637861251831 0.843402624130249 0.84739089012146 0.808022975921631 0.75765460729599 0.687111020088196 0.675003111362457 0.649612724781036 0.555932760238647 0.579323351383209 0.589680373668671 0.636286437511444 0.69827538728714 0.703229486942291 0.735702216625214 0.735499382019043 0.736478626728058 0.783540487289429 0.778248071670532 0.76949417591095 0.789832293987274 0.77557909488678 0.766826391220093 0.769786775112152
0.941038310527802 0.944827556610107 0.950011014938354 0.953313648700714 0.943271338939667 0.937074720859528 0.942761540412903 0.904657304286957 0.906262397766113 0.923052728176117 0.936539947986603 0.932268381118774 0.920932650566101 0.889854609966278 0.886563539505005 0.865823030471802 0.844418168067932 0.854917883872986 0.874371528625488 0.870738089084625 0.87436443567276 0.875167489051819 0.867336809635162 0.871758103370667 0.856378257274628 0.867573976516724 0.83788013458252 0.69060879945755 0.572857737541199 0.563489198684692 0.619878649711609 0.662411868572235 0.682952702045441 0.684775710105896 0.716576933860779 0.71925151348114 0.754887104034424 0.773316264152527 0.777139961719513 0.76912522315979 0.779057264328003 0.768059611320496 0.773917436599731 0.765406548976898
0.963662803173065 0.964597821235657 0.964608073234558 0.965907692909241 0.955527067184448 0.938039541244507 0.941284120082855 0.936750948429108 0.944125831127167 0.93609493970871 0.931140840053558 0.922260940074921 0.915882468223572 0.894557058811188 0.872064471244812 0.872492849826813 0.850238502025604 0.869009852409363 0.896247327327728 0.885600805282593 0.873052358627319 0.867797136306763 0.872309446334839 0.86268025636673 0.812265515327454 0.754939019680023 0.720046103000641 0.646309375762939 0.591903865337372 0.5799201130867 0.591743946075439 0.656210601329803 0.68663364648819 0.687651038169861 0.72079873085022 0.757428169250488 0.751821339130402 0.774888396263123 0.771195232868195 0.77752274274826 0.791444361209869 0.783564984798431 0.77883505821228 0.769696235656738
0.982189476490021 0.976083099842072 0.976232945919037 0.977092385292053 0.9623943567276 0.960464715957642 0.953101336956024 0.950730204582214 0.952472448348999 0.937447786331177 0.941958844661713 0.924874782562256 0.912222146987915 0.911177575588226 0.883235394954681 0.890221536159515 0.862427473068237 0.872645318508148 0.884795367717743 0.874270915985107 0.869391024112701 0.859190404415131 0.860541522502899 0.826505839824677 0.832761168479919 0.808173537254333 0.780220568180084 0.669457912445068 0.593664646148682 0.620331108570099 0.666620016098022 0.661382377147675 0.695230841636658 0.70926958322525 0.734239518642426 0.749728918075562 0.751955807209015 0.784121692180634 0.769710063934326 0.758969247341156 0.771984040737152 0.784825205802917 0.778255581855774 0.778202295303345
0.988735556602478 0.982582569122314 0.982293009757996 0.980996072292328 0.974476516246796 0.972480833530426 0.958951056003571 0.963291108608246 0.961841464042664 0.951331377029419 0.943321108818054 0.93587338924408 0.938522338867188 0.920517265796661 0.893436849117279 0.905358254909515 0.903769791126251 0.889932215213776 0.883537352085114 0.879657804965973 0.877408087253571 0.874945342540741 0.863104641437531 0.863805770874023 0.82401043176651 0.802323400974274 0.763874173164368 0.680405855178833 0.640447378158569 0.690666735172272 0.704572439193726 0.701519548892975 0.725491583347321 0.734941840171814 0.725666999816895 0.758341372013092 0.769762933254242 0.772036910057068 0.786019682884216 0.777341246604919 0.786205053329468 0.763206601142883 0.793905198574066 0.762384116649628
0.994019150733948 0.993066489696503 0.989223897457123 0.987691462039948 0.984903156757355 0.981576383113861 0.98128354549408 0.968898117542267 0.968562126159668 0.959177613258362 0.953439831733704 0.937711298465729 0.945450901985168 0.91697770357132 0.908606290817261 0.910889565944672 0.908699333667755 0.913784623146057 0.90076094865799 0.873919188976288 0.877557754516602 0.876169204711914 0.870589077472687 0.862065494060516 0.831753253936768 0.795727610588074 0.736972332000732 0.695554316043854 0.652110755443573 0.711801767349243 0.699155867099762 0.73199599981308 0.730611741542816 0.749591767787933 0.751075029373169 0.778508603572845 0.766180813312531 0.779600024223328 0.778715312480927 0.778361976146698 0.796418786048889 0.787963807582855 0.781655490398407 0.788995265960693
0.997126162052155 0.995701909065247 0.994431614875793 0.992452561855316 0.991191029548645 0.986250996589661 0.982857823371887 0.977051794528961 0.974357187747955 0.964561343193054 0.947113394737244 0.947624862194061 0.949435889720917 0.909512639045715 0.91106903553009 0.921649873256683 0.914452493190765 0.908240497112274 0.887713432312012 0.881198346614838 0.883589744567871 0.877934992313385 0.856276631355286 0.834006011486053 0.819283545017242 0.775414526462555 0.732289731502533 0.729187726974487 0.700691640377045 0.698704361915588 0.727634847164154 0.745390713214874 0.751418769359589 0.750446259975433 0.77253919839859 0.790853977203369 0.788849890232086 0.801199018955231 0.806749224662781 0.808046519756317 0.795876502990723 0.785846531391144 0.798980593681335 0.787745952606201
0.998823642730713 0.998335421085358 0.998080730438232 0.995646357536316 0.994303822517395 0.991714775562286 0.987898468971252 0.982913196086884 0.976217925548553 0.968316674232483 0.960083484649658 0.954909682273865 0.956567883491516 0.941247642040253 0.93627542257309 0.920720994472504 0.917902410030365 0.920858323574066 0.913825392723083 0.904546082019806 0.900745272636414 0.875704228878021 0.870447039604187 0.8398277759552 0.795622766017914 0.76438307762146 0.746939837932587 0.753006637096405 0.745281100273132 0.757734060287476 0.764208376407623 0.758551478385925 0.77551406621933 0.777160227298737 0.78764820098877 0.798051238059998 0.790574848651886 0.814839780330658 0.805725514888763 0.813853681087494 0.80735570192337 0.804676592350006 0.808873414993286 0.82979953289032
0.999623119831085 0.999470472335815 0.998881101608276 0.997637450695038 0.995968222618103 0.99399322271347 0.992159485816956 0.988943874835968 0.98376852273941 0.977002382278442 0.972565054893494 0.971159338951111 0.957248210906982 0.927548348903656 0.934322655200958 0.921498835086823 0.92622971534729 0.914027333259583 0.91881912946701 0.907741129398346 0.886857032775879 0.855601727962494 0.851773977279663 0.837141633033752 0.772278010845184 0.783167898654938 0.791150152683258 0.773616850376129 0.774040877819061 0.775774836540222 0.778267383575439 0.787205934524536 0.802232980728149 0.788434624671936 0.800487160682678 0.814395904541016 0.806477844715118 0.82524847984314 0.842692613601685 0.8288254737854 0.825330555438995 0.83540290594101 0.829985797405243 0.817878305912018
0.999706387519836 0.999751031398773 0.999431312084198 0.999062299728394 0.997584283351898 0.995537936687469 0.99372261762619 0.992099761962891 0.983325004577637 0.979223668575287 0.968256175518036 0.97674572467804 0.961423218250275 0.9408198595047 0.938593566417694 0.929218292236328 0.921470701694489 0.917261183261871 0.918421745300293 0.911328077316284 0.890398263931274 0.860434889793396 0.864272654056549 0.838945746421814 0.779603481292725 0.807516992092133 0.789822816848755 0.771096050739288 0.775546789169312 0.785932600498199 0.803390860557556 0.809514999389648 0.810554087162018 0.808371484279633 0.822551429271698 0.832477569580078 0.846608221530914 0.850748896598816 0.841446697711945 0.832652390003204 0.8450847864151 0.83727753162384 0.840625464916229 0.84289687871933
