data/climate_estimation/maxent_output/Smilax_schomburgkiana.asc
NCOLS 560 
NROWS 384 
XLLCORNER -80.5 
YLLCORNER -21.1666666666667 
CELLSIZE 0.0833333333333333 
NODATA_value -3.4e+38 
[rows 40 to 59 of 384, columns 132 to 175 of 560]
0.0508493669331074 0.0511104352772236 0.0480739250779152 0.0468910969793797 0.0498050600290298 0.0493070781230927 0.037183191627264 0.0368910916149616 0.0370113104581833 0.0370765291154385 0.025309206917882 0.0261339172720909 0.0257731284946203 0.0269290823489428 0.028341930359602 0.0221377089619637 0.0235090684145689 0.0246158819645643 0.0195606667548418 0.0210491232573986 0.0218488667160273 0.0222168192267418 0.022369222715497 0.0232680402696133 0.0215852521359921 0.0212855841964483 0.0215069092810154 0.0228832773864269 0.0231915563344955 0.034843023866415 0.0343578346073627 0.035108920186758 0.0346862450242043 0.0507802516222 0.0502433851361275 0.0765649676322937 0.0916858837008476 0.119174100458622 0.123115606606007 0.14280478656292 0.146925821900368 0.14494326710701 0.141794815659523 0.160194143652916
0.05750597640872 0.0527506172657013 0.0506363660097122 0.05202442035079 0.0532872378826141 0.0566251277923584 0.038676667958498 0.0385091193020344 0.0371279008686543 0.0261363349854946 0.0264491904526949 0.0270171035081148 0.0270017329603434 0.0283909123390913 0.0196248292922974 0.0211514495313168 0.0225370712578297 0.0245951823890209 0.0201092399656773 0.0210547186434269 0.021762277930975 0.0224983487278223 0.0222752504050732 0.0237494539469481 0.0217301361262798 0.0216180570423603 0.022089246660471 0.0223033800721169 0.0235614981502295 0.0234267003834248 0.0342176109552383 0.0356727465987206 0.0529180914163589 0.0507668852806091 0.0512126535177231 0.0824926272034645 0.107288792729378 0.135098025202751 0.127905860543251 0.160137534141541 0.145974218845367 0.140609100461006 0.165650129318237 0.162460118532181
0.0607559382915497 0.0602249130606651 0.0537382289767265 0.0533426962792873 0.0551273636519909 0.0447493270039558 0.044018592685461 0.0392599478363991 0.0382167547941208 0.0266994275152683 0.0273537412285805 0.027756916359067 0.0196219999343157 0.02107298001647 0.0218087881803513 0.0223793759942055 0.0229700431227684 0.0243416950106621 0.019853800535202 0.0211076997220516 0.0210073255002499 0.0215176362544298 0.022442938759923 0.0202418770641088 0.0206615477800369 0.0210275929421186 0.0219774041324854 0.0228844787925482 0.0226307790726423 0.0227252412587404 0.0356557294726372 0.0336720012128353 0.0505481138825417 0.0528888143599033 0.0758730694651604 0.0810084939002991 0.103094331920147 0.118525840342045 0.133276998996735 0.153963789343834 0.159322068095207 0.165167361497879 0.153351932764053 0.168330892920494
0.0602882392704487 0.0607361830770969 0.0601415187120438 0.0567047782242298 0.0566816851496696 0.0462349914014339 0.045100249350071 0.0395616441965103 0.0394025146961212 0.027508245781064 0.0272874850779772 0.027757691219449 0.0195855610072613 0.0234533939510584 0.0233836714178324 0.0234277490526438 0.0231588818132877 0.0245682466775179 0.0180671438574791 0.0185170453041792 0.020827941596508 0.0189509969204664 0.0197415687143803 0.0199602525681257 0.0200432147830725 0.0212951488792896 0.0218340456485748 0.0221177116036415 0.0219643302261829 0.0332423448562622 0.0343311578035355 0.0334992408752441 0.0529326982796192 0.0516861863434315 0.0753030925989151 0.101784355938435 0.11714681237936 0.119509562849998 0.133070439100266 0.17504745721817 0.175770968198776 0.182176873087883 0.173497796058655 0.196262076497078
0.0608393400907516 0.0664535388350487 0.0684545934200287 0.0621557533740997 0.0608381219208241 0.0495476275682449 0.0461230091750622 0.0457922965288162 0.041454590857029 0.0285850055515766 0.0272312164306641 0.0280757080763578 0.0204912517219782 0.0236190482974052 0.023062638938427 0.0228518098592758 0.0234543979167938 0.0260162558406591 0.0272775553166866 0.018401050940156 0.0175414066761732 0.0186773743480444 0.0188029427081347 0.0201140064746141 0.0205756220966578 0.0213268790394068 0.0217432994395494 0.0221154224127531 0.022873418405652 0.0333203300833702 0.0334938913583755 0.0497442595660686 0.0501986779272556 0.0715377330780029 0.0763635113835335 0.0982269495725632 0.127617254853249 0.168092966079712 0.157425343990326 0.172764360904694 0.193937316536903 0.226497501134872 0.211138874292374 0.247987568378448
0.0707319900393486 0.0691570565104485 0.0623630471527576 0.0645227208733559 0.0604745112359524 0.0486583188176155 0.0470238402485847 0.0474679917097092 0.0433701798319817 0.0424976423382759 0.0278973951935768 0.0280792433768511 0.0302666984498501 0.0228988528251648 0.0217860918492079 0.0232507605105639 0.0238100327551365 0.0261570829898119 0.025151863694191 0.0251814275979996 0.0262268129736185 0.0187998916953802 0.0195300132036209 0.0195482037961483 0.0195074677467346 0.0206828005611897 0.0217987298965454 0.0213425699621439 0.0339027903974056 0.0349256731569767 0.0336973294615746 0.0484893880784512 0.0485751591622829 0.0697082802653313 0.0957180261611938 0.107823915779591 0.137636348605156 0.175561010837555 0.187924176454544 0.182732194662094 0.20296023786068 0.237263113260269 0.249325662851334 0.218583166599274
0.0718105509877205 0.0703798234462738 0.0639566332101822 0.0638079345226288 0.0489645600318909 0.0474035777151585 0.0473484434187412 0.0342653170228004 0.0343470051884651 0.0499914102256298 0.0501491092145443 0.0348709113895893 0.0341954939067364 0.035408727824688 0.0328887850046158 0.0348995961248875 0.035861425101757 0.0244695637375116 0.0251771919429302 0.0249374527484179 0.0255027562379837 0.026864692568779 0.027530200779438 0.0176302269101143 0.0199799165129662 0.0201952252537012 0.0207335483282804 0.0315308086574078 0.0322825498878956 0.0324067026376724 0.0533089153468609 0.0479625388979912 0.066176749765873 0.0704784691333771 0.0893132761120796 0.102626100182533 0.1876100897789 0.200281366705894 0.20852293074131 0.204187393188477 0.206641122698784 0.235228389501572 0.24816407263279 0.246713116765022
0.0725561305880547 0.0652895793318748 0.063216470181942 0.0638613030314445 0.0583242923021317 0.0471739619970322 0.0509905181825161 0.0365569517016411 0.0382638908922672 0.0542297102510929 0.0532262809574604 0.0529316104948521 0.0521167255938053 0.0367907471954823 0.0362105928361416 0.0379618108272552 0.0392678752541542 0.0353528745472431 0.0356781147420406 0.0372738689184189 0.0262375641614199 0.0256963856518269 0.0264053326100111 0.0272126104682684 0.0281118638813496 0.0283504016697407 0.0294054076075554 0.0311828814446926 0.0312235336750746 0.0448947101831436 0.0455519817769527 0.0622780881822109 0.0624511130154133 0.0812219008803368 0.0917267501354218 0.121062859892845 0.197396874427795 0.232324659824371 0.259571641683578 0.224243596196175 0.206622287631035 0.232806324958801 0.232792988419533 0.257354110479355
0.0636528357863426 0.0662060379981995 0.0633206814527512 0.0608179569244385 0.0588859282433987 0.0596048720180988 0.0633020550012589 0.053612943738699 0.0553209632635117 0.0540155544877052 0.0531325042247772 0.0530096441507339 0.0524389669299126 0.0546412952244282 0.0548805072903633 0.0568543523550034 0.0558989830315113 0.0568527765572071 0.0339338630437851 0.0347923412919044 0.0360846742987633 0.0374781414866447 0.0248705819249153 0.024682842195034 0.0265229009091854 0.0285854991525412 0.0274825245141983 0.0414715744554996 0.0414696969091892 0.0401888936758041 0.0587494038045406 0.0611367784440517 0.0770606622099876 0.0837259739637375 0.0944359302520752 0.123998731374741 0.219901144504547 0.232280999422073 0.367021650075912 0.263817846775055 0.225503996014595 0.23056223988533 0.275423586368561 0.315796554088593
0.0637546703219414 0.0628236830234528 0.0680132582783699 0.0670541003346443 0.0596904717385769 0.0616549365222454 0.0643274560570717 0.0657690018415451 0.0663607195019722 0.0656896978616714 0.0640190094709396 0.0648251846432686 0.0666447505354881 0.0677044242620468 0.065594844520092 0.0674667432904243 0.0689215436577797 0.0494771599769592 0.0491084083914757 0.0527529455721378 0.0515909679234028 0.0384260565042496 0.0365668870508671 0.0358716361224651 0.0374957956373692 0.0375954508781433 0.0393167808651924 0.0380084216594696 0.0538180954754353 0.0552470348775387 0.0744221433997154 0.0714952871203423 0.0750744491815567 0.0811312794685364 0.0939744263887405 0.147996798157692 0.242368265986443 0.279277354478836 0.433099657297134 0.359801799058914 0.239478453993797 0.253136396408081 0.295126467943192 0.307677537202835
0.0660920515656471 0.0653906017541885 0.0675266534090042 0.0654528960585594 0.0656629428267479 0.0637702420353889 0.0662457346916199 0.0681910812854767 0.0689723864197731 0.0681270658969879 0.0670273676514626 0.0700663551688194 0.0695502012968063 0.0701940879225731 0.0704827681183815 0.0752296298742294 0.0709447413682938 0.0635253414511681 0.0634974166750908 0.0645692273974419 0.0505096204578876 0.0520306527614594 0.0517877191305161 0.0520293191075325 0.0523814894258976 0.0576738677918911 0.0548823997378349 0.0591514110565186 0.0693712010979652 0.0679232329130173 0.0727390646934509 0.073235347867012 0.070617638528347 0.0750369504094124 0.0910462588071823 0.141678795218468 0.20331959426403 0.271222084760666 0.37951272726059 0.343471616506577 0.294976234436035 0.26034477353096 0.295215129852295 0.352947950363159
0.0655608549714088 0.0692136883735657 0.0700722113251686 0.0701486021280289 0.0711399540305138 0.0702585950493813 0.0720586255192757 0.0716100484132767 0.0746297314763069 0.0737072378396988 0.0749439001083374 0.0733194053173065 0.0734137296676636 0.0766027942299843 0.07351453602314 0.0770257338881493 0.0713193044066429 0.071090005338192 0.0647818073630333 0.0665857717394829 0.0677127540111542 0.0635185316205025 0.0647025853395462 0.0622628703713417 0.0538337379693985 0.0528993532061577 0.0688357353210449 0.067234069108963 0.071540854871273 0.0720425695180893 0.0774017199873924 0.0928282663226128 0.106383495032787 0.0952673032879829 0.0933437347412109 0.15968818962574 0.251118957996368 0.285559743642807 0.475595921278 0.25384446978569 0.319758743047714 0.291749596595764 0.308011442422867 0.379226535558701
0.0706506446003914 0.0690023079514503 0.0764998719096184 0.0777455642819405 0.0784222409129143 0.0767990201711655 0.0787304788827896 0.0776335969567299 0.0825826898217201 0.0791666507720947 0.0796874761581421 0.081808790564537 0.08299570530653 0.0856136307120323 0.0897985696792603 0.0813577100634575 0.0735046938061714 0.0712335407733917 0.0765822157263756 0.068700484931469 0.0703584551811218 0.0726415812969208 0.0677613765001297 0.0639984980225563 0.0738054215908051 0.0728607475757599 0.0691109448671341 0.072437472641468 0.0724800527095795 0.0800474360585213 0.0831969454884529 0.112039089202881 0.159297317266464 0.199713602662086 0.112367086112499 0.146068811416626 0.208041533827782 0.316127359867096 0.331381022930145 0.271426320075989 0.262724637985229 0.287849098443985 0.323607921600342 0.383629620075226
0.0699660181999207 0.0730418413877487 0.079915814101696 0.0806615799665451 0.0798942372202873 0.0829096287488937 0.0898796021938324 0.0896347239613533 0.092919684946537 0.0904945731163025 0.0909827947616577 0.0920514538884163 0.0930590108036995 0.0901228338479996 0.0838644281029701 0.0849085375666618 0.0872212797403336 0.0833750888705254 0.0821182131767273 0.0784168317914009 0.0814337283372879 0.0760166272521019 0.0750881358981133 0.0709387734532356 0.0696636065840721 0.074981115758419 0.0799692645668983 0.073497861623764 0.0847774520516396 0.0935769081115723 0.102495409548283 0.117926515638828 0.125448167324066 0.204821765422821 0.143297791481018 0.15324541926384 0.190486654639244 0.208812147378922 0.242400199174881 0.278444468975067 0.283512234687805 0.334883987903595 0.341871947050095 0.420645117759705
0.0757417008280754 0.0810848549008369 0.0778175666928291 0.0866187587380409 0.0933834761381149 0.0938872620463371 0.0913854017853737 0.0922014787793159 0.093735009431839 0.101625755429268 0.103438779711723 0.0991367176175117 0.088678851723671 0.0885566994547844 0.0931375846266747 0.0943990722298622 0.091418169438839 0.092677466571331 0.0894525349140167 0.0900924503803253 0.0903008952736855 0.0838387161493301 0.0761447921395302 0.0810717716813087 0.0744457170367241 0.0757704749703407 0.0818008407950401 0.0912526994943619 0.0912979319691658 0.106479674577713 0.112646356225014 0.151158303022385 0.149407759308815 0.19262133538723 0.176628887653351 0.182215824723244 0.193604201078415 0.231407016515732 0.253018975257874 0.297976821660995 0.303571790456772 0.332601189613342 0.351071983575821 0.438492923974991
0.0803947374224663 0.088453970849514 0.0920106023550034 0.0915665626525879 0.0932294279336929 0.0958263799548149 0.0914561524987221 0.0951872542500496 0.101917371153831 0.0989815443754196 0.100934371352196 0.111300110816956 0.106198899447918 0.104587875306606 0.101955346763134 0.104486897587776 0.101090267300606 0.100172154605389 0.101651094853878 0.104515917599201 0.104471005499363 0.0975976064801216 0.0984953567385674 0.0875322818756104 0.0835004970431328 0.0823449715971947 0.0877189561724663 0.104717552661896 0.104159139096737 0.12625952064991 0.157993242144585 0.168582782149315 0.217044085264206 0.222400888800621 0.294202327728271 0.259418368339539 0.25758370757103 0.289293646812439 0.311706513166428 0.302178651094437 0.315107882022858 0.336817681789398 0.38333523273468 0.437774389982224
0.0867585316300392 0.0931720435619354 0.0964873060584068 0.0941762328147888 0.0995207652449608 0.101021885871887 0.102688506245613 0.107347957789898 0.106104299426079 0.117672897875309 0.115220263600349 0.119553752243519 0.114479526877403 0.11689966917038 0.122631177306175 0.118109233677387 0.117818333208561 0.117801778018475 0.123072654008865 0.123713321983814 0.123504832386971 0.128718838095665 0.121096707880497 0.11547114700079 0.101441793143749 0.102906532585621 0.125092521309853 0.138329118490219 0.130979999899864 0.132732331752777 0.188898459076881 0.195115685462952 0.226411208510399 0.28566837310791 0.499924391508102 0.378326237201691 0.341006487607956 0.315226942300797 0.321486681699753 0.347945809364319 0.343948930501938 0.377003490924835 0.410218089818954 0.46525827050209
0.0914229527115822 0.0995063632726669 0.106293141841888 0.10624436289072 0.111892834305763 0.110450237989426 0.110439375042915 0.121345192193985 0.124717742204666 0.129457861185074 0.127036839723587 0.126294061541557 0.134765475988388 0.136387199163437 0.131695583462715 0.142440721392632 0.138662606477737 0.144843086600304 0.14267686009407 0.150645568966866 0.163093373179436 0.160972908139229 0.154619336128235 0.152517780661583 0.145075783133507 0.157831802964211 0.1498693972826 0.166076883673668 0.195863768458366 0.165094196796417 0.176737383008003 0.235486134886742 0.265931844711304 0.370005041360855 0.520300984382629 0.483132660388947 0.34661066532135 0.321810036897659 0.3346908390522 0.410553514957428 0.393365859985352 0.44936066865921 0.424177527427673 0.569826483726501
0.101630784571171 0.108778335154057 0.108871057629585 0.116077236831188 0.116339944303036 0.120352037250996 0.133864298462868 0.13281911611557 0.137328192591667 0.135137990117073 0.137829095125198 0.144661903381348 0.143144473433495 0.14370946586132 0.147943109273911 0.146123588085175 0.151727199554443 0.165650174021721 0.177534654736519 0.192494943737984 0.220028400421143 0.227920413017273 0.228349789977074 0.20441247522831 0.207039028406143 0.222462922334671 0.215126156806946 0.213619574904442 0.225129216909409 0.217833459377289 0.2114287763834 0.269817560911179 0.261672109365463 0.314106106758118 0.420791298151016 0.43506395816803 0.446463197469711 0.686120808124542 0.331292897462845 0.458553522825241 0.68948358297348 0.786764442920685 0.591931760311127 0.772683918476105
0.10930709540844 0.114911921322346 0.118182264268398 0.126356482505798 0.130134746432304 0.128883600234985 0.141874924302101 0.141258016228676 0.139371544122696 0.151296392083168 0.151694431900978 0.15159809589386 0.14952977001667 0.160473436117172 0.162387818098068 0.167116478085518 0.177552118897438 0.192469164729118 0.202218934893608 0.235498011112213 0.266620635986328 0.293777674436569 0.284614533185959 0.263341814279556 0.255502104759216 0.282056570053101 0.275061756372452 0.303994387388229 0.28903740644455 0.305428594350815 0.274323999881744 0.308936655521393 0.421707838773727 0.481763601303101 0.543337643146515 0.570011734962463 0.650043129920959 0.751350998878479 0.413743495941162 0.429567217826843 0.80527538061142 0.710648119449615 0.807635009288788 0.810091257095337
