data/climate_estimation/maxent_output/Smilax_auriculata.asc
NCOLS 184 
NROWS 139 
XLLCORNER -90.4166666666667 
YLLCORNER 25.0833333333333 
CELLSIZE 0.0833333333333333 
NODATA_value -3.4e+38 
[rows 0 to 22 of 139, columns 102 to 152 of 184]
0.00636229477822781 0.004720414057374 0.00329129071906209 0.00195764843374491 0.00170992815401405 0.00209015607833862 0.00303564430214465 0.00263199140317738 0.002326350659132 0.00273898500017822 0.00294325104914606 0.0029174133669585 0.00283444253727794 0.0028703291900456 0.00326261110603809 0.0046336967498064 0.00451421877369285 0.00431902287527919 0.00566070713102818 0.0079681696370244 0.00967063475400209 0.0104513820260763 0.0104096047580242 0.00830469559878111 0.00809851661324501 0.00754859065636992 0.00748839927837253 0.0060574859380722 0.00647145276889205 0.00676363706588745 0.00661273719742894 0.00671435939148068 0.00671896943822503 0.00655452674254775 0.00657517788931727 0.00619499757885933 0.00631529232487082 0.00752140441909432 0.00900573097169399 0.00730561139062047 0.00702566839754581 0.00723739434033632 0.00893616676330566 0.00898155476897955 0.00898155476897955 0.00917212385684252 0.011457959190011 0.0122055085375905 0.0131049193441868 0.0165033955127001 0.0210087075829506
0.00388379534706473 0.004247956443578 0.00248039746657014 0.00225918157957494 0.00259982235729694 0.00279426295310259 0.00279165827669203 0.00326470285654068 0.00306977052241564 0.0033926060423255 0.00343061564490199 0.00325037818402052 0.00381477293558419 0.005284758284688 0.00572716444730759 0.00647467514500022 0.00676572602242231 0.00748574081808329 0.00844973977655172 0.00908512435853481 0.00902295671403408 0.00887417513877153 0.00857505761086941 0.00839229766279459 0.0080766836181283 0.00778642203658819 0.00779010402038693 0.00785811524838209 0.00695638218894601 0.00889933202415705 0.00893415231257677 0.00903034023940563 0.00877156015485525 0.00877278205007315 0.0104628456756473 0.00989212654531002 0.00965101551264524 0.00949157681316137 0.00956459622830153 0.0090177021920681 0.0092403395101428 0.00970843527466059 0.00963327195495367 0.00999664328992367 0.00986706838011742 0.010378954000771 0.0132120912894607 0.0166185051202774 0.017632870003581 0.0181761458516121 0.0226704329252243
0.00466330908238888 0.00475391838699579 0.00284220743924379 0.00289420248009264 0.00295208510942757 0.00292887329123914 0.00378302414901555 0.00372255430556834 0.00323469704017043 0.00394582329317927 0.00333960354328156 0.00393770029768348 0.00539911305531859 0.00581682194024324 0.00622370513156056 0.00690234126523137 0.00736853061243892 0.00785685330629349 0.00876575335860252 0.00890302937477827 0.00895834993571043 0.00870158616453409 0.00854823272675276 0.00823738053441048 0.0083125289529562 0.00819556321948767 0.00796287041157484 0.0080174021422863 0.0106810024008155 0.0111457919701934 0.0110894097015262 0.0109893167391419 0.011051400564611 0.0111800404265523 0.0107371089980006 0.0101251760497689 0.0101537490263581 0.00983148254454136 0.0101228523999453 0.0122210662811995 0.0125671485438943 0.0128693068400025 0.0132065247744322 0.0128887426108122 0.012932151556015 0.0135293882340193 0.0147523963823915 0.0178967956453562 0.0186368245631456 0.023255193606019 0.0301983002573252
0.0046736947260797 0.00373303331434727 0.00292893010191619 0.00268998206593096 0.00305980257689953 0.00346873025409877 0.00451615313068032 0.00444674724712968 0.00474115647375584 0.00529729574918747 0.00541507685557008 0.00539657613262534 0.00665142480283976 0.00667647365480661 0.00696759298443794 0.00683066481724381 0.0077476087026298 0.00773008493706584 0.00778281269595027 0.00799835193902254 0.00848752353340387 0.00864437222480774 0.00853938981890678 0.00821052026003599 0.0081074945628643 0.00799976289272308 0.0098146628588438 0.0101057579740882 0.0110828587785363 0.0110103003680706 0.0115324249491096 0.0113576063886285 0.0113679636269808 0.0116073824465275 0.0106374733150005 0.0104065649211407 0.0124034192413092 0.0122500685974956 0.0126726841554046 0.0128518454730511 0.0132607612758875 0.0171124078333378 0.0145286992192268 0.0144877173006535 0.018169280141592 0.0185379963368177 0.0195384752005339 0.0243632141500711 0.0246586091816425 0.0241634286940098 0.0315125212073326
0.00466349255293608 0.00386171555146575 0.00299601885490119 0.00355063728056848 0.00400848826393485 0.00387512217275798 0.00442883558571339 0.00629112357273698 0.00640392722561955 0.00694790901616216 0.00736658927053213 0.00601075170561671 0.00615071365609765 0.00637092581018806 0.00641857553273439 0.00631439732387662 0.00645288778468966 0.0065060337074101 0.00673532020300627 0.00835485197603703 0.00827061664313078 0.00826591160148382 0.00824128370732069 0.00768172508105636 0.00783186312764883 0.00768216187134385 0.0100279310718179 0.0103731025010347 0.0107134422287345 0.0111361676827073 0.0116820950061083 0.0115375891327858 0.011891414411366 0.0114969750866294 0.0112891895696521 0.0124860461801291 0.0130638778209686 0.013629593886435 0.0164148230105639 0.016905952244997 0.0174428224563599 0.0183010026812553 0.0190563406795263 0.0197541676461697 0.0204088874161243 0.0216670203953981 0.0260391402989626 0.0261289812624454 0.0257342215627432 0.0317425616085529 0.0306436605751514
0.00387678341940045 0.00439445767551661 0.00402138661593199 0.00430417293682694 0.00522886263206601 0.00548432813957334 0.00695171067491174 0.00766919087618589 0.00800810754299164 0.00815497431904078 0.00807094294577837 0.00669503957033157 0.00657161697745323 0.0065779983997345 0.00665520550683141 0.00661011692136526 0.00639659399166703 0.00652307365089655 0.00649319449439645 0.00768327480182052 0.00779573526233435 0.00764964427798986 0.00769811309874058 0.00743108382448554 0.0076892776414752 0.0102578727528453 0.0101498160511255 0.0103941392153502 0.0129862176254392 0.0114209270104766 0.0116382483392954 0.014823017641902 0.0117881270125508 0.011561319231987 0.0114963687956333 0.0140769612044096 0.0141626521945 0.0171667616814375 0.0173795968294144 0.0187057498842478 0.0185179002583027 0.0198864378035069 0.0209382828325033 0.025943337008357 0.0269253682345152 0.0273709762841463 0.0332593508064747 0.0328957960009575 0.0322537235915661 0.0320543833076954 0.0368724577128887
0.00408533215522766 0.00350757362321019 0.00516541488468647 0.00539010763168335 0.0062772873789072 0.00832514930516481 0.00952684879302979 0.00939009059220552 0.00927160587161779 0.0088337380439043 0.00726453168317676 0.00819910224527121 0.00708412611857057 0.00698881642892957 0.00828397274017334 0.00820730067789555 0.00837043579667807 0.00788549426943064 0.00631589023396373 0.00633682124316692 0.00745137874037027 0.00624096812680364 0.00721793947741389 0.00714887538924813 0.00947201065719128 0.00981502141803503 0.0126170478761196 0.0130991684272885 0.013609373010695 0.0146567085757852 0.015028809197247 0.0150564108043909 0.0142687559127808 0.0117102079093456 0.0145928161218762 0.0146174617111683 0.0182760450989008 0.0184731297194958 0.0183581635355949 0.019056735560298 0.0198346320539713 0.0210937019437551 0.0258717760443687 0.0283487234264612 0.0339555069804192 0.0346652716398239 0.0345480442047119 0.0342132858932018 0.0336053781211376 0.0400528833270073 0.0401234515011311
0.00449188426136971 0.00653595663607121 0.00958081614226103 0.00980093702673912 0.00976846460253 0.0107149500399828 0.0110484817996621 0.00827557779848576 0.00812437199056149 0.00735436100512743 0.00768927065655589 0.00750088831409812 0.00750046875327826 0.00853999145328999 0.00712098041549325 0.00850908737629652 0.00820065289735794 0.0072273351252079 0.006823455914855 0.00785243324935436 0.00665007624775171 0.00631804903969169 0.00721596973016858 0.00924425106495619 0.00963642727583647 0.0121599910780787 0.0130519093945622 0.0136558162048459 0.0145005667582154 0.0179485213011503 0.017938269302249 0.0153905237093568 0.0148926069959998 0.0151625797152519 0.0153821744024754 0.0157089363783598 0.0191169399768114 0.0191189516335726 0.0187902506440878 0.0191270373761654 0.0197267457842827 0.025743767619133 0.0278694164007902 0.0343014597892761 0.0357861816883087 0.0434734560549259 0.0439449585974216 0.0426489003002644 0.0431658178567886 0.0508994124829769 0.0512312017381191
0.00617661420255899 0.00870513077825308 0.00955941993743181 0.0126416208222508 0.012690732255578 0.01038365252316 0.00924876425415277 0.00953374803066254 0.0105851385742426 0.00903167948126793 0.00985207036137581 0.00783336628228426 0.00774846877902746 0.00888387486338615 0.00859071779996157 0.00845911353826523 0.00859410502016544 0.00722474558278918 0.00688450690358877 0.0116330673918128 0.0114546483382583 0.0135724162682891 0.0133543154224753 0.0101144853979349 0.012667540460825 0.0127781461924314 0.0135741289705038 0.0140780191868544 0.0178848896175623 0.018888846039772 0.0189525987952948 0.0194276794791222 0.0167285837233067 0.0166265871375799 0.0169772319495678 0.0199827179312706 0.0197359099984169 0.0189793389290571 0.0224702395498753 0.0190689582377672 0.0238566361367702 0.0261681340634823 0.0302852801978588 0.0365937501192093 0.0375832244753838 0.0467690378427505 0.0467947386205196 0.0534634776413441 0.0540045127272606 0.053219135850668 0.0655967518687248
0.00902330782264471 0.0114389611408114 0.0122430445626378 0.0117240762338042 0.0136911617591977 0.0112388357520103 0.0125265158712864 0.0120457112789154 0.0115263918414712 0.00913760624825954 0.00874530524015427 0.00989534240216017 0.00936340726912022 0.00912673491984606 0.00890750903636217 0.00884927250444889 0.00853639654815197 0.00867944769561291 0.00713232299312949 0.0121841328218579 0.0117524228990078 0.0143587812781334 0.0146538130939007 0.0134170548990369 0.0133618647232652 0.0168315675109625 0.0166960787028074 0.0179945547133684 0.0187278557568789 0.0195429064333439 0.0202011931687593 0.020643062889576 0.0212902538478374 0.0211752373725176 0.0223641283810139 0.0215568132698536 0.0248954892158508 0.0234697014093399 0.0234561637043953 0.024754585698247 0.0256220977753401 0.0288044009357691 0.0369463004171848 0.039133582264185 0.0505548417568207 0.0575299970805645 0.0573701784014702 0.0563718155026436 0.0578407198190689 0.0732043161988258 0.0761078372597694
0.0126144206151366 0.013445632532239 0.0130831561982632 0.0128761194646358 0.0122740734368563 0.0114669790491462 0.0133032184094191 0.0123703991994262 0.0118791731074452 0.01479322463274 0.0107626197859645 0.0108725465834141 0.0122841205447912 0.00907028932124376 0.00901218503713608 0.00875119585543871 0.00893943198025227 0.0073973573744297 0.00883516110479832 0.0123810917139053 0.0148791912943125 0.0157286636531353 0.0193392764776945 0.0152604263275862 0.017859872430563 0.018097423017025 0.0188384186476469 0.0238949488848448 0.0201382115483284 0.0250409953296185 0.0253677312284708 0.0268638879060745 0.0227529443800449 0.0232917089015245 0.0279975794255733 0.0276611745357513 0.0276541337370872 0.0260121449828148 0.0260689742863178 0.0335507430136204 0.0355731584131718 0.0388294495642185 0.0415653251111507 0.0529266148805618 0.0668624117970467 0.0662952959537506 0.0772985890507698 0.0711634382605553 0.074828565120697 0.0875190049409866 0.0933845713734627
0.0152998417615891 0.0144665269181132 0.0143433464691043 0.0137190902605653 0.0129823368042707 0.0142063330858946 0.0171021856367588 0.0162833519279957 0.0153838377445936 0.0151999108493328 0.0144041134044528 0.0135293398052454 0.0127914864569902 0.0094671007245779 0.00770950177684426 0.00882396008819342 0.00904425140470266 0.0074669485911727 0.0114145381376147 0.0115286018699408 0.0160417221486568 0.0131812561303377 0.0159514416009188 0.0191192645579576 0.0207769721746445 0.0199869573116302 0.0253139529377222 0.0262704528868198 0.0266862530261278 0.02605932764709 0.0269563123583794 0.0291118118911982 0.0299198254942894 0.0302964597940445 0.0358490534126759 0.0373269580304623 0.0355006568133831 0.0340873934328556 0.0350120887160301 0.0393153093755245 0.0419033765792847 0.052818838506937 0.0567790232598782 0.0729008764028549 0.0915893316268921 0.0907814130187035 0.100700475275517 0.0972390323877335 0.0976614579558372 0.107331059873104 0.117085687816143
0.0176007449626923 0.0161808747798204 0.0138694895431399 0.0146277314051986 0.0137098096311092 0.0153038082644343 0.0183514300733805 0.0172789432108402 0.0164060723036528 0.0150068299844861 0.0150815267115831 0.0139248510822654 0.0132520636543632 0.0127367032691836 0.0080226743593812 0.00798555184155703 0.00956123694777489 0.0122899441048503 0.0119175100699067 0.0129889762029052 0.0160489585250616 0.0175179056823254 0.021241644397378 0.0213695727288723 0.0226412545889616 0.0272161569446325 0.0284621678292751 0.0293487645685673 0.034284520894289 0.0353978388011456 0.0365761257708073 0.0379263609647751 0.038601316511631 0.0484218895435333 0.0480469651520252 0.0486617982387543 0.0489344857633114 0.0492462627589703 0.0512331873178482 0.0556052662432194 0.0590106025338173 0.0758169814944267 0.0822967663407326 0.102407477796078 0.121386967599392 0.132919043302536 0.131174892187119 0.128946363925934 0.140237435698509 0.140992552042007 0.140507400035858
0.0192758683115244 0.0180756784975529 0.0173286572098732 0.0157334376126528 0.0143081787973642 0.0158836264163256 0.0187908373773098 0.0232558976858854 0.0169180650264025 0.015875605866313 0.0150851411744952 0.0201363135129213 0.0140113225206733 0.0116610424593091 0.0111243715509772 0.012509754858911 0.0130131291225553 0.0129337012767792 0.0136349266394973 0.0173366125673056 0.018824115395546 0.0235340762883425 0.0245449729263783 0.0294741541147232 0.0303130783140659 0.0302776284515858 0.0387693233788013 0.0379436388611794 0.0388609021902084 0.0472023598849773 0.0493172332644463 0.0502336956560612 0.0509925968945026 0.0623098984360695 0.0642493814229965 0.0661089867353439 0.0656825751066208 0.0677435919642448 0.070410318672657 0.0764194428920746 0.083777628839016 0.106874570250511 0.129400685429573 0.146706745028496 0.15306593477726 0.172366544604301 0.184548318386078 0.188634738326073 0.189756169915199 0.183704227209091 0.183592662215233
0.0226037669926882 0.0197671074420214 0.0189453307539225 0.0204851888120174 0.023849219083786 0.0210986975580454 0.0257040951400995 0.0240766275674105 0.0226244460791349 0.0229067355394363 0.0213980991393328 0.0203069914132357 0.0148014910519123 0.0143047627061605 0.013508846051991 0.0132033079862595 0.0130411749705672 0.0167944971472025 0.0181995090097189 0.0231095887720585 0.0261099003255367 0.0317341312766075 0.031648226082325 0.034035686403513 0.0345192700624466 0.0423261821269989 0.0418527573347092 0.0512109026312828 0.0529801212251186 0.0543043687939644 0.0630754306912422 0.0671402588486671 0.0663900226354599 0.0691736340522766 0.0815525203943253 0.0858227014541626 0.0897000953555107 0.091273695230484 0.0979262292385101 0.105227783322334 0.127827331423759 0.139365330338478 0.159691885113716 0.188530161976814 0.20476271212101 0.235868006944656 0.243837043642998 0.249587506055832 0.266158074140549 0.243220344185829 0.252640843391418
0.0250243786722422 0.0227795485407114 0.0201474763453007 0.0367006286978722 0.0340993814170361 0.0304267760366201 0.0283790994435549 0.027458256110549 0.0251537002623081 0.0244084466248751 0.0226419940590858 0.0211766045540571 0.0154533619061112 0.0149423144757748 0.0136221433058381 0.013083204627037 0.0169896651059389 0.017956580966711 0.023250550031662 0.026033790782094 0.0340768583118916 0.0355380363762379 0.0423726513981819 0.037022028118372 0.0436044037342072 0.0454337261617184 0.054932776838541 0.0566516742110252 0.0591247789561749 0.0691261067986488 0.0728452652692795 0.0862205177545547 0.0882985442876816 0.104180999100208 0.112146802246571 0.114718914031982 0.11006411164999 0.117886744439602 0.120517812669277 0.128878444433212 0.157411932945251 0.170129835605621 0.201526448130608 0.227837100625038 0.259066015481949 0.285773873329163 0.320428937673569 0.34993714094162 0.334407776594162 0.322295844554901 0.298789769411087
0.0444561392068863 0.0397264733910561 0.0364375039935112 0.0391809456050396 0.0358759015798569 0.0335068516433239 0.0309136956930161 0.0285004265606403 0.0332145430147648 0.0308254081755877 0.027942281216383 0.0215537436306477 0.0190647169947624 0.0186455678194761 0.0177107378840446 0.016857611015439 0.0173145458102226 0.0228672418743372 0.0251873750239611 0.0322104468941689 0.0423396043479443 0.0432920567691326 0.0459293983876705 0.0552599616348743 0.0566552467644215 0.0590956136584282 0.0596651248633862 0.0609376765787601 0.0771254375576973 0.0937213376164436 0.092047393321991 0.109102576971054 0.111823298037052 0.125151082873344 0.135635122656822 0.141640663146973 0.144582942128181 0.145606860518456 0.153536692261696 0.162667691707611 0.184154704213142 0.210260763764381 0.243732377886772 0.261668145656586 0.299213200807571 0.345351368188858 0.378623962402344 0.412794947624207 0.399025321006775 0.398878365755081 0.3815798163414
0.0466715805232525 0.0517747476696968 0.045916773378849 0.043391365557909 0.040131688117981 0.03451943770051 0.0321622118353844 0.0361505001783371 0.0351499989628792 0.0252672731876373 0.0216785445809364 0.0209004823118448 0.0199714340269566 0.0192994605749846 0.0186661724001169 0.0225586425513029 0.0223596785217524 0.0292218588292599 0.0312921665608883 0.0334906801581383 0.0434517115354538 0.0431265346705914 0.0539519563317299 0.0556102395057678 0.0574160404503345 0.0734704881906509 0.080086812376976 0.080825611948967 0.0990529283881187 0.103117845952511 0.119158007204533 0.127376034855843 0.143010601401329 0.157505333423615 0.176237538456917 0.179740309715271 0.180012449622154 0.188914701342583 0.190645053982735 0.196495175361633 0.221997246146202 0.243305265903473 0.28251776099205 0.324913918972015 0.355627804994583 0.398106813430786 0.439874798059464 0.449685335159302 0.465587019920349 0.45512717962265 0.449094921350479
0.0581956543028355 0.0519682504236698 0.0492531694471836 0.0444181226193905 0.0410078652203083 0.04432113468647 0.0421032831072807 0.0402404218912125 0.0351345576345921 0.0316290929913521 0.0281495377421379 0.0263118986040354 0.024544682353735 0.0243987366557121 0.0250108856707811 0.0231271795928478 0.0291356798261404 0.0312504917383194 0.0413419865071774 0.0429310500621796 0.0519696027040482 0.0538266487419605 0.0644087493419647 0.0670273751020432 0.0736513882875443 0.0799509137868881 0.102513305842876 0.10502340644598 0.122464381158352 0.127519264817238 0.142301604151726 0.146946921944618 0.158361718058586 0.183908104896545 0.201897948980331 0.205473408102989 0.213376253843307 0.211458846926689 0.220708176493645 0.244922459125519 0.26382640004158 0.279727518558502 0.334586620330811 0.354008972644806 0.40270408987999 0.450233995914459 0.482640117406845 0.516351103782654 0.525734007358551 0.516869127750397 0.505048334598541
0.0560662150382996 0.052949283272028 0.0475271381437778 0.0462342612445354 0.049246184527874 0.0445325598120689 0.0435035042464733 0.0379484891891479 0.0368143618106842 0.0340346433222294 0.0308540277183056 0.0343601033091545 0.0315376073122025 0.0316771976649761 0.031332902610302 0.0303227659314871 0.0318904332816601 0.0422240309417248 0.0449863709509373 0.055436197668314 0.0545725300908089 0.0672129690647125 0.0683799535036087 0.088751420378685 0.0942023918032646 0.102584853768349 0.124959655106068 0.12716169655323 0.133534580469131 0.143547579646111 0.164059028029442 0.165250211954117 0.188175901770592 0.206813082098961 0.211166203022003 0.218493983149529 0.24335889518261 0.242643684148788 0.25575190782547 0.269025355577469 0.305554419755936 0.328538924455643 0.377015352249146 0.410816073417664 0.461777299642563 0.51439094543457 0.54061359167099 0.54755175113678 0.56437349319458 0.577978014945984 0.59314101934433
0.0597016476094723 0.0586914122104645 0.0553470477461815 0.0534606948494911 0.0487495362758636 0.0553253702819347 0.0517148859798908 0.0390253402292728 0.0384133905172348 0.0430657975375652 0.0401602014899254 0.0365306213498116 0.0340585336089134 0.0322780981659889 0.0388838611543179 0.0397688932716846 0.0431745760142803 0.0467866733670235 0.0589012764394283 0.0583917945623398 0.0702019184827805 0.0861479043960571 0.0903792455792427 0.097555473446846 0.114467225968838 0.122002951800823 0.141531586647034 0.150924608111382 0.150190725922585 0.167882710695267 0.175385519862175 0.18934066593647 0.200912639498711 0.212820023298264 0.23293636739254 0.25689360499382 0.262568593025208 0.274794191122055 0.29376608133316 0.306005001068115 0.350491136312485 0.375240474939346 0.420542657375336 0.466227620840073 0.523042917251587 0.546122789382935 0.560055494308472 0.566548705101013 0.583262145519257 0.590439438819885 0.609131455421448
0.0691001489758492 0.0578772127628326 0.0547387823462486 0.0530882403254509 0.0601623021066189 0.0546405874192715 0.0411096103489399 0.0469572022557259 0.04640281945467 0.0412548296153545 0.0399259701371193 0.0467668324708939 0.0417129099369049 0.0417482741177082 0.0447467677295208 0.044919241219759 0.0481386445462704 0.0594047792255878 0.0610965080559254 0.074588418006897 0.0758630856871605 0.0949959978461266 0.107669994235039 0.115037687122822 0.120864845812321 0.140946567058563 0.150200918316841 0.159150570631027 0.166225120425224 0.177972495555878 0.195312976837158 0.217468097805977 0.227387174963951 0.228394001722336 0.243745818734169 0.266319692134857 0.276643306016922 0.29541340470314 0.327573388814926 0.344943016767502 0.367819935083389 0.410074532032013 0.444551229476929 0.507327675819397 0.558351397514343 0.555987000465393 0.580098390579224 0.576024413108826 0.581733405590057 0.593287408351898 0.612880527973175
0.0708780363202095 0.0688866451382637 0.064980611205101 0.0651854425668716 0.0451275110244751 0.0485009513795376 0.048651784658432 0.0485786087810993 0.0471766479313374 0.0513105839490891 0.0469000339508057 0.046151801943779 0.0438445284962654 0.0546940490603447 0.0586481206119061 0.0605666153132915 0.0611822865903378 0.064628891646862 0.0785771086812019 0.0776113942265511 0.0918624252080917 0.10992468893528 0.117566414177418 0.117244020104408 0.135378256440163 0.138079270720482 0.159017041325569 0.163950219750404 0.161676168441772 0.192238956689835 0.205128714442253 0.223853260278702 0.233817800879478 0.248297348618507 0.253152400255203 0.273368269205093 0.285773396492004 0.319021165370941 0.332730889320374 0.371239453554153 0.398750364780426 0.431500375270844 0.486937433481216 0.556204557418823 0.559813916683197 0.572516143321991 0.565517842769623 0.577910780906677 0.589216768741608 0.592097461223602 0.611782610416412
