data/climate_estimation/maxent_output/Smilax_aberrans.asc
NCOLS 151 
NROWS 96 
XLLCORNER 101.916666666667 
YLLCORNER 22.0833333333333 
CELLSIZE 0.0833333333333333 
NODATA_value -3.4e+38 
[rows 40 to 59 of 96, columns 88 to 131 of 151]
0.496140003204346 0.481775104999542 0.486707001924515 0.486452966928482 0.477147489786148 0.45492035150528 0.475412040948868 0.476914584636688 0.450963914394379 0.459408283233643 0.475498527288437 0.487622797489166 0.434418916702271 0.454447627067566 0.40516397356987 0.323351562023163 0.295781165361404 0.282953053712845 0.324963629245758 0.307415783405304 0.268090039491653 0.24106676876545 0.177288219332695 0.188538610935211 0.288514673709869 0.146324262022972 0.145327270030975 0.113260321319103 0.100151129066944 0.0928732305765152 0.0827423483133316 0.091058723628521 0.0863121449947357 0.0705561935901642 0.0679092705249786 0.0662100240588188 0.0657564178109169 0.0628674253821373 0.0639623999595642 0.0614788569509983 0.0662091672420502 0.0716791152954102 0.070171169936657 0.0710738375782967
0.521262884140015 0.532799243927002 0.530818104743958 0.501225829124451 0.490157604217529 0.490321427583694 0.49280196428299 0.509190917015076 0.491734266281128 0.472199082374573 0.454943925142288 0.455584287643433 0.439826309680939 0.506905674934387 0.376483023166656 0.383720815181732 0.398470878601074 0.312154740095139 0.326756328344345 0.318819731473923 0.266324371099472 0.26215735077858 0.388560980558395 0.197374075651169 0.261833041906357 0.137475773692131 0.109640493988991 0.101614505052567 0.0957951173186302 0.0890847519040108 0.0800427570939064 0.0741985440254211 0.101788148283958 0.0758185237646103 0.0735762640833855 0.0679110065102577 0.0650464221835136 0.0658471807837486 0.0661373734474182 0.0665777325630188 0.0679701566696167 0.0706783458590508 0.0751722231507301 0.0758268386125565
0.53817093372345 0.554085075855255 0.565618574619293 0.526618003845215 0.505318522453308 0.505558013916016 0.555486619472504 0.521599113941193 0.507896780967712 0.476457238197327 0.472672879695892 0.469001740217209 0.474557459354401 0.47065731883049 0.492533326148987 0.479518622159958 0.437963455915451 0.355755716562271 0.328823745250702 0.310873955488205 0.287989497184753 0.351078391075134 0.293494701385498 0.221798464655876 0.219461649656296 0.175613105297089 0.104131102561951 0.09857327491045 0.0894371792674065 0.0854108855128288 0.0805694535374641 0.0815443024039268 0.0919072851538658 0.0926077887415886 0.0727680549025536 0.069871686398983 0.0660299137234688 0.0650241151452065 0.0658253878355026 0.0714317187666893 0.070018857717514 0.0704084262251854 0.0716943964362144 0.0773967429995537
0.571861982345581 0.615025579929352 0.567968606948853 0.562903463840485 0.546207785606384 0.574338912963867 0.562590479850769 0.544227123260498 0.550150752067566 0.543442904949188 0.618198692798615 0.59449976682663 0.527692079544067 0.520045936107635 0.50067412853241 0.49204894900322 0.447580128908157 0.410217016935349 0.33578684926033 0.264849662780762 0.384120970964432 0.399265557527542 0.203706502914429 0.173621281981468 0.157350808382034 0.139188855886459 0.104916393756866 0.0993023738265038 0.0913993120193481 0.0887651816010475 0.0867162272334099 0.0818958580493927 0.08121058344841 0.0796080827713013 0.0765906050801277 0.0769202560186386 0.0716942846775055 0.0695307031273842 0.0715871229767799 0.0734475627541542 0.0695981606841087 0.0782151371240616 0.0789298266172409 0.0746396109461784
0.63137948513031 0.595927715301514 0.572202444076538 0.584152579307556 0.57391756772995 0.57341593503952 0.566003143787384 0.561987638473511 0.620530128479004 0.662480354309082 0.595093667507172 0.606434047222137 0.556751608848572 0.497791171073914 0.516538679599762 0.483081728219986 0.48746058344841 0.418181270360947 0.401768684387207 0.379955351352692 0.411531656980515 0.382464617490768 0.171400085091591 0.160358130931854 0.133231431245804 0.170093178749084 0.108085989952087 0.102219521999359 0.0940949097275734 0.0926505327224731 0.0886345058679581 0.0894656255841255 0.0916977301239967 0.0854855850338936 0.0876426100730896 0.0783443301916122 0.0811807587742805 0.0781053379178047 0.0767624899744987 0.0761284157633781 0.0748962536454201 0.0759863406419754 0.0815589427947998 0.0810534134507179
0.668705761432648 0.669530391693115 0.643228709697723 0.6287801861763 0.598509132862091 0.604611873626709 0.622696578502655 0.609888136386871 0.675909221172333 0.60306841135025 0.577248692512512 0.565785765647888 0.520824909210205 0.506834745407104 0.513861894607544 0.466999351978302 0.492893248796463 0.376776814460754 0.327966541051865 0.445739984512329 0.424697428941727 0.350105732679367 0.195017397403717 0.169325858354568 0.144923850893974 0.177283897995949 0.105085633695126 0.0969246551394463 0.0981447622179985 0.102642171084881 0.102462366223335 0.12889689207077 0.110055141150951 0.113718770444393 0.106889337301254 0.107765361666679 0.0902459919452667 0.0876442342996597 0.085498183965683 0.112721875309944 0.0810144618153572 0.0857110023498535 0.0911901369690895 0.0873010456562042
0.681740045547485 0.710679650306702 0.68568629026413 0.659847557544708 0.641053318977356 0.628681778907776 0.612387895584106 0.65259450674057 0.622468590736389 0.600560009479523 0.567369699478149 0.563541948795319 0.545089542865753 0.524019539356232 0.507526993751526 0.490722596645355 0.48545441031456 0.407757967710495 0.451910197734833 0.44219771027565 0.430039137601852 0.276639074087143 0.214637339115143 0.177167862653732 0.157063603401184 0.129899501800537 0.114930704236031 0.10841067135334 0.10940982401371 0.115112274885178 0.151680767536163 0.233011528849602 0.194746896624565 0.204212635755539 0.137092486023903 0.178921937942505 0.161008924245834 0.174796298146248 0.109104417264462 0.148754462599754 0.111084274947643 0.106221035122871 0.106524981558323 0.0899183675646782
0.723523437976837 0.711795687675476 0.737963080406189 0.743800342082977 0.711082696914673 0.737789392471313 0.713095664978027 0.649974048137665 0.618617117404938 0.607264399528503 0.574503839015961 0.572122037410736 0.54175865650177 0.528988480567932 0.507124602794647 0.509649038314819 0.476029127836227 0.463423997163773 0.460606664419174 0.448801845312119 0.415044009685516 0.323963135480881 0.343902736902237 0.193577826023102 0.181836932897568 0.148135900497437 0.129406988620758 0.124179355800152 0.12703911960125 0.147216722369194 0.175998941063881 0.329842209815979 0.347658276557922 0.272470831871033 0.203292742371559 0.179238125681877 0.228117778897285 0.310904383659363 0.171783164143562 0.178270265460014 0.169988423585892 0.127598643302917 0.111114360392094 0.0944517105817795
0.774220943450928 0.798722326755524 0.810129523277283 0.792994201183319 0.681117117404938 0.779399752616882 0.635759353637695 0.649417996406555 0.619759023189545 0.608055830001831 0.572349905967712 0.574798345565796 0.536761403083801 0.538657307624817 0.511123716831207 0.489454418420792 0.456661313772202 0.471370667219162 0.471319019794464 0.438254952430725 0.352508991956711 0.386117696762085 0.298543244600296 0.26213937997818 0.203312620520592 0.187461972236633 0.24457748234272 0.186670660972595 0.17328268289566 0.187296897172928 0.23289692401886 0.352756708860397 0.355672508478165 0.291931122541428 0.256411910057068 0.222485825419426 0.195895165205002 0.174715146422386 0.135766595602036 0.164737373590469 0.175456568598747 0.131099313497543 0.127140611410141 0.0981737375259399
0.808637857437134 0.84000301361084 0.838101208209991 0.71325010061264 0.678619205951691 0.665644884109497 0.64046436548233 0.612374484539032 0.625492215156555 0.62007212638855 0.581087112426758 0.579530298709869 0.536628901958466 0.518457770347595 0.523946642875671 0.50454044342041 0.469742745161057 0.485272079706192 0.456436336040497 0.423493891954422 0.369606018066406 0.331006437540054 0.320753574371338 0.381410717964172 0.252076327800751 0.267706394195557 0.377233296632767 0.279410749673843 0.253621876239777 0.209493175148964 0.248780250549316 0.278593689203262 0.317920684814453 0.282327115535736 0.192462533712387 0.174613729119301 0.152266636490822 0.155634671449661 0.145616754889488 0.14545638859272 0.141115680336952 0.115466758608818 0.115428254008293 0.122881107032299
0.852344274520874 0.767012119293213 0.746421813964844 0.717322587966919 0.670270144939423 0.662325859069824 0.638972699642181 0.611097991466522 0.6126748919487 0.614640116691589 0.570745050907135 0.557707667350769 0.560713589191437 0.539391815662384 0.532616317272186 0.499254524707794 0.490575134754181 0.475926369428635 0.428061962127686 0.409707218408585 0.410258561372757 0.385935097932816 0.402485519647598 0.392017006874084 0.39429846405983 0.409409552812576 0.409923404455185 0.38229689002037 0.292827755212784 0.264593034982681 0.289188355207443 0.296228557825089 0.218773752450943 0.207742542028427 0.21893048286438 0.167469903826714 0.162565186619759 0.150982558727264 0.143352776765823 0.136481434106827 0.1312655210495 0.116862699389458 0.121035680174828 0.129531666636467
0.779440999031067 0.762762367725372 0.735000371932983 0.700493931770325 0.672613441944122 0.665104687213898 0.632631123065948 0.627894580364227 0.594111919403076 0.553367912769318 0.598173081874847 0.577126026153564 0.543507695198059 0.545924961566925 0.499325484037399 0.482725948095322 0.485202133655548 0.45379114151001 0.432939112186432 0.417178511619568 0.422985911369324 0.404125720262527 0.386960357427597 0.41909059882164 0.423714846372604 0.424339234828949 0.405924111604691 0.424075841903687 0.404346138238907 0.303038477897644 0.32594633102417 0.33769702911377 0.267321050167084 0.235392525792122 0.24992361664772 0.197982251644135 0.1753289103508 0.16897539794445 0.157973125576973 0.141932025551796 0.151165083050728 0.137947827577591 0.134674906730652 0.131507128477097
0.783827662467957 0.742201805114746 0.715104341506958 0.686352014541626 0.664075255393982 0.636196970939636 0.622056007385254 0.617396652698517 0.620858073234558 0.57838898897171 0.597277224063873 0.564365446567535 0.542128622531891 0.524423658847809 0.480038106441498 0.475350856781006 0.472576677799225 0.437587857246399 0.439503014087677 0.449104726314545 0.416253954172134 0.417318433523178 0.407554715871811 0.407441437244415 0.42273822426796 0.410811394453049 0.395851016044617 0.412486702203751 0.391006648540497 0.327152937650681 0.38779228925705 0.316308528184891 0.282299041748047 0.264380902051926 0.276063084602356 0.245884016156197 0.217794269323349 0.198970675468445 0.189282447099686 0.182226791977882 0.179429247975349 0.176217079162598 0.151396587491035 0.173766568303108
0.802127540111542 0.783185243606567 0.717435598373413 0.689733564853668 0.682263672351837 0.654048264026642 0.631768584251404 0.635206639766693 0.652678251266479 0.578965246677399 0.579616606235504 0.526309370994568 0.520866930484772 0.504882454872131 0.457516074180603 0.456359595060349 0.44013312458992 0.437378346920013 0.475859314203262 0.460599422454834 0.484074681997299 0.47450652718544 0.435280323028564 0.420163750648499 0.424699723720551 0.417437523603439 0.39157447218895 0.375081956386566 0.349037677049637 0.362232655286789 0.342638403177261 0.315069139003754 0.299219876527786 0.345107197761536 0.333450615406036 0.303311377763748 0.284532308578491 0.22049568593502 0.226548686623573 0.217774242162704 0.240075036883354 0.216846957802773 0.284793138504028 0.419239044189453
0.761787950992584 0.751449465751648 0.709038197994232 0.679279506206512 0.660350799560547 0.654198884963989 0.655958712100983 0.682067036628723 0.640530943870544 0.54857063293457 0.553056836128235 0.505507946014404 0.490375399589539 0.500887393951416 0.455089271068573 0.515239298343658 0.478626102209091 0.454769611358643 0.472524970769882 0.506990075111389 0.524490892887115 0.484606117010117 0.447402209043503 0.438039869070053 0.496943265199661 0.482215791940689 0.416725784540176 0.40389621257782 0.382902830839157 0.386124134063721 0.356193006038666 0.355928838253021 0.353057533502579 0.336553663015366 0.348406463861465 0.342091292142868 0.320570886135101 0.281456887722015 0.290179699659348 0.305897384881973 0.396124124526978 0.325215548276901 0.526942551136017 0.52794075012207
0.766691923141479 0.744905829429626 0.675094902515411 0.686368405818939 0.627396941184998 0.617091119289398 0.640042722225189 0.661555111408234 0.632889807224274 0.53712397813797 0.503226280212402 0.479808568954468 0.454965621232986 0.455847173929214 0.48924446105957 0.485514730215073 0.475391954183578 0.494479209184647 0.493366569280624 0.52165150642395 0.532980740070343 0.499290555715561 0.446622580289841 0.490992158651352 0.506098508834839 0.476235449314117 0.429361164569855 0.432239860296249 0.435252636671066 0.430104106664658 0.440594345331192 0.434486299753189 0.450180172920227 0.421105593442917 0.460688292980194 0.383289098739624 0.370703518390656 0.349545419216156 0.403281956911087 0.554558455944061 0.529085397720337 0.398220241069794 0.582271575927734 0.587230980396271
0.757965207099915 0.731436312198639 0.655277073383331 0.653284907341003 0.614990770816803 0.608213007450104 0.591332316398621 0.591313600540161 0.592772841453552 0.483209997415543 0.480996340513229 0.469073444604874 0.45221534371376 0.46095010638237 0.462301939725876 0.484777808189392 0.482618272304535 0.511117041110992 0.521764099597931 0.549857795238495 0.509602129459381 0.477851331233978 0.489517539739609 0.537256479263306 0.500122606754303 0.488484531641006 0.441427320241928 0.448876440525055 0.45248082280159 0.464156597852707 0.473268508911133 0.512564897537231 0.504776060581207 0.535983800888062 0.545344948768616 0.466345906257629 0.440981775522232 0.443197131156921 0.462391227483749 0.537734687328339 0.430262178182602 0.356926590204239 0.371908485889435 0.398771166801453
0.746759295463562 0.692936837673187 0.640836536884308 0.610189735889435 0.594300150871277 0.619752466678619 0.579514384269714 0.607601344585419 0.525999188423157 0.47019761800766 0.465279012918472 0.458918005228043 0.460379093885422 0.478876680135727 0.460914224386215 0.484796077013016 0.516735136508942 0.551677227020264 0.54487669467926 0.51780778169632 0.504619598388672 0.515982627868652 0.533921599388123 0.50260454416275 0.46392685174942 0.469739735126495 0.49079841375351 0.46177351474762 0.483741194009781 0.518970847129822 0.547879815101624 0.571408689022064 0.572826147079468 0.59724223613739 0.577867805957794 0.602886497974396 0.557055771350861 0.624865114688873 0.587071001529694 0.430739849805832 0.409150391817093 0.430220305919647 0.407621473073959 0.473147749900818
0.740942239761353 0.66474711894989 0.646109879016876 0.628591537475586 0.649272263050079 0.613853573799133 0.560151696205139 0.567389249801636 0.511998951435089 0.46274134516716 0.45637920498848 0.473610252141953 0.463943064212799 0.465860486030579 0.472929626703262 0.480398327112198 0.534511208534241 0.55302506685257 0.538998425006866 0.510934591293335 0.514669001102448 0.54608416557312 0.53698605298996 0.507315754890442 0.493360817432404 0.500929534435272 0.530095338821411 0.508331179618835 0.506094694137573 0.562483370304108 0.600868463516235 0.627105057239532 0.623849809169769 0.639995932579041 0.607989907264709 0.642268121242523 0.661208391189575 0.660892248153687 0.672066867351532 0.56514185667038 0.499920189380646 0.495607733726501 0.510400772094727 0.567326843738556
0.681301295757294 0.666022598743439 0.666675448417664 0.638465762138367 0.677106499671936 0.59852534532547 0.552915871143341 0.540756165981293 0.484818935394287 0.44308152794838 0.443148821592331 0.458523958921432 0.462632268667221 0.472660034894943 0.487396508455276 0.559766411781311 0.60403698682785 0.554399251937866 0.582616627216339 0.504969775676727 0.521878898143768 0.523944675922394 0.505970299243927 0.52474969625473 0.5293048620224 0.532547414302826 0.54585725069046 0.529319047927856 0.527568459510803 0.564007937908173 0.624396622180939 0.628670334815979 0.676158130168915 0.670979797840118 0.664297342300415 0.658908784389496 0.688467919826508 0.68936163187027 0.708661198616028 0.710780918598175 0.710355579853058 0.56625109910965 0.57142037153244 0.60969340801239
