data/climate_estimation/maxent_output/Smilax_blumei.asc
NCOLS 652 
NROWS 330 
XLLCORNER 97.9166666666667 
YLLCORNER -19 
CELLSIZE 0.0833333333333333 
NODATA_value -3.4e+38 
[rows 72 to 95 of 330, columns 220 to 274 of 652]
0.731178104877472 0.825101256370544 0.500611186027527 0.701933026313782 0.77076119184494 0.704417049884796 0.661285698413849 0.650151610374451 0.556972205638885 0.483158349990845 0.410541862249374 0.370169281959534 0.352770119905472 0.28455176949501 0.235182583332062 0.181817650794983 0.167810171842575 0.159226804971695 0.147886693477631 0.132505610585213 0.112748920917511 -3.4e+38 -3.4e+38 -3.4e+38 -3.4e+38 -3.4e+38 -3.4e+38 -3.4e+38 -3.4e+38 -3.4e+38 -3.4e+38 -3.4e+38 -3.4e+38 -3.4e+38 -3.4e+38 -3.4e+38 -3.4e+38 -3.4e+38 -3.4e+38 -3.4e+38 -3.4e+38 -3.4e+38 -3.4e+38 -3.4e+38 -3.4e+38 -3.4e+38 -3.4e+38 -3.4e+38 -3.4e+38 -3.4e+38 -3.4e+38 -3.4e+38 -3.4e+38 -3.4e+38 -3.4e+38
0.653001189231873 0.68439918756485 0.641009151935577 0.751551449298859 0.785350501537323 0.721389472484589 0.73468816280365 0.620262145996094 0.516967952251434 0.440229177474976 0.373972922563553 0.289319038391113 0.259081840515137 0.204120218753815 0.163104757666588 0.144956290721893 0.125901728868484 0.127090096473694 0.12933848798275 0.11166138201952 0.0999294146895409 0.0902348682284355 -3.4e+38 0.0822183564305305 -3.4e+38 -3.4e+38 -3.4e+38 -3.4e+38 -3.4e+38 -3.4e+38 -3.4e+38 -3.4e+38 -3.4e+38 -3.4e+38 -3.4e+38 -3.4e+38 -3.4e+38 -3.4e+38 -3.4e+38 -3.4e+38 -3.4e+38 -3.4e+38 -3.4e+38 -3.4e+38 -3.4e+38 -3.4e+38 -3.4e+38 -3.4e+38 -3.4e+38 -3.4e+38 -3.4e+38 -3.4e+38 -3.4e+38 -3.4e+38 -3.4e+38
0.337773978710175 0.442087143659592 0.659613430500031 0.734707117080688 0.762680768966675 0.702890157699585 0.656971335411072 0.626999378204346 0.499336302280426 0.421394735574722 0.342492163181305 0.264175146818161 0.215245589613914 0.169357568025589 0.126535013318062 0.110936909914017 0.101035490632057 0.095966525375843 0.103836253285408 0.0990314558148384 0.0913641229271889 0.084419459104538 0.0763430669903755 -3.4e+38 -3.4e+38 -3.4e+38 -3.4e+38 0.0601885728538036 0.058660913258791 -3.4e+38 -3.4e+38 -3.4e+38 -3.4e+38 -3.4e+38 -3.4e+38 -3.4e+38 -3.4e+38 -3.4e+38 -3.4e+38 -3.4e+38 -3.4e+38 -3.4e+38 -3.4e+38 -3.4e+38 -3.4e+38 -3.4e+38 -3.4e+38 -3.4e+38 -3.4e+38 -3.4e+38 -3.4e+38 -3.4e+38 -3.4e+38 -3.4e+38 -3.4e+38
0.32175886631012 0.594066619873047 0.749443292617798 0.803697645664215 0.770895540714264 0.695107817649841 0.700290977954865 0.631799697875977 0.508664608001709 0.425350159406662 0.320817649364471 0.245675608515739 0.184663683176041 0.133753940463066 0.0945332422852516 0.0860701203346252 0.0809178948402405 0.0782155841588974 0.0779740586876869 0.075971394777298 0.0778271779417992 0.0718109682202339 -3.4e+38 -3.4e+38 -3.4e+38 -3.4e+38 -3.4e+38 0.052905485033989 0.05030457675457 -3.4e+38 -3.4e+38 -3.4e+38 -3.4e+38 -3.4e+38 -3.4e+38 -3.4e+38 -3.4e+38 -3.4e+38 -3.4e+38 -3.4e+38 -3.4e+38 -3.4e+38 -3.4e+38 -3.4e+38 -3.4e+38 -3.4e+38 -3.4e+38 -3.4e+38 -3.4e+38 -3.4e+38 -3.4e+38 -3.4e+38 -3.4e+38 -3.4e+38 -3.4e+38
0.480390280485153 0.678384184837341 0.747976124286652 0.804244518280029 0.774190843105316 0.69446986913681 0.719187021255493 0.656648814678192 0.530662715435028 0.454329758882523 0.309645891189575 0.23752897977829 0.163021564483643 0.112418606877327 0.0761998370289803 0.0711804926395416 0.0693127438426018 0.0675160586833954 0.0658960193395615 0.0654621496796608 0.0646540075540543 -3.4e+38 -3.4e+38 -3.4e+38 0.0535871982574463 -3.4e+38 0.0529303066432476 0.0545633882284164 -3.4e+38 0.0473899245262146 -3.4e+38 -3.4e+38 -3.4e+38 -3.4e+38 -3.4e+38 -3.4e+38 -3.4e+38 -3.4e+38 -3.4e+38 -3.4e+38 -3.4e+38 -3.4e+38 -3.4e+38 -3.4e+38 -3.4e+38 -3.4e+38 -3.4e+38 -3.4e+38 -3.4e+38 -3.4e+38 -3.4e+38 -3.4e+38 -3.4e+38 -3.4e+38 -3.4e+38
0.633413434028625 0.731961607933044 0.78880786895752 0.809779226779938 0.728615581989288 0.609607040882111 0.390713840723038 0.68287467956543 0.549535810947418 0.440432161092758 0.32923611998558 0.248093619942665 0.17287740111351 0.112061500549316 0.0841816142201424 0.0748186782002449 0.0675592869520187 0.0629701316356659 0.060771219432354 0.0612100213766098 -3.4e+38 -3.4e+38 -3.4e+38 -3.4e+38 -3.4e+38 -3.4e+38 -3.4e+38 -3.4e+38 -3.4e+38 -3.4e+38 -3.4e+38 -3.4e+38 -3.4e+38 -3.4e+38 -3.4e+38 -3.4e+38 -3.4e+38 -3.4e+38 -3.4e+38 -3.4e+38 -3.4e+38 -3.4e+38 -3.4e+38 -3.4e+38 -3.4e+38 -3.4e+38 -3.4e+38 -3.4e+38 -3.4e+38 -3.4e+38 -3.4e+38 -3.4e+38 -3.4e+38 -3.4e+38 -3.4e+38
0.675357222557068 0.60142982006073 0.756321966648102 0.779021322727203 0.790877282619476 0.783458650112152 0.733793497085571 0.579435408115387 0.559726238250732 0.442483961582184 0.327694475650787 0.258135110139847 0.189696341753006 0.135605096817017 0.104420475661755 0.137727797031403 0.0912496745586395 0.0687866136431694 0.0602487958967686 0.0572995580732822 -3.4e+38 -3.4e+38 -3.4e+38 -3.4e+38 -3.4e+38 -3.4e+38 -3.4e+38 -3.4e+38 -3.4e+38 -3.4e+38 0.0424055382609367 -3.4e+38 -3.4e+38 -3.4e+38 -3.4e+38 -3.4e+38 -3.4e+38 -3.4e+38 -3.4e+38 -3.4e+38 -3.4e+38 -3.4e+38 -3.4e+38 -3.4e+38 -3.4e+38 -3.4e+38 -3.4e+38 -3.4e+38 -3.4e+38 -3.4e+38 -3.4e+38 -3.4e+38 -3.4e+38 -3.4e+38 -3.4e+38
0.599585473537445 0.524537444114685 0.602816164493561 0.741846263408661 0.803960025310516 0.786758840084076 0.738028347492218 0.687411665916443 0.608109295368195 0.49741804599762 0.393697947263718 0.281464159488678 0.239292219281197 0.175314262509346 0.159119695425034 0.110303625464439 0.108318120241165 0.0822374597191811 0.0620087012648582 0.0529280789196491 -3.4e+38 -3.4e+38 -3.4e+38 -3.4e+38 -3.4e+38 -3.4e+38 -3.4e+38 -3.4e+38 -3.4e+38 -3.4e+38 -3.4e+38 -3.4e+38 -3.4e+38 -3.4e+38 -3.4e+38 -3.4e+38 -3.4e+38 -3.4e+38 -3.4e+38 -3.4e+38 -3.4e+38 -3.4e+38 -3.4e+38 -3.4e+38 -3.4e+38 -3.4e+38 -3.4e+38 -3.4e+38 -3.4e+38 -3.4e+38 -3.4e+38 -3.4e+38 -3.4e+38 -3.4e+38 -3.4e+38
0.381978273391724 0.23005722463131 0.380424290895462 0.658604025840759 0.782270967960358 0.81333065032959 0.767551958560944 0.71775221824646 0.613333523273468 0.494130432605743 0.412454098463058 0.306573659181595 0.269144177436829 0.121151402592659 0.13678602874279 0.137794762849808 0.110052697360516 0.0810077860951424 0.0656610652804375 0.0530985556542873 0.0461295284330845 0.0449427850544453 -3.4e+38 -3.4e+38 -3.4e+38 -3.4e+38 -3.4e+38 -3.4e+38 -3.4e+38 -3.4e+38 -3.4e+38 -3.4e+38 0.0385327115654945 -3.4e+38 -3.4e+38 -3.4e+38 -3.4e+38 -3.4e+38 -3.4e+38 -3.4e+38 -3.4e+38 -3.4e+38 -3.4e+38 -3.4e+38 -3.4e+38 -3.4e+38 -3.4e+38 -3.4e+38 -3.4e+38 -3.4e+38 -3.4e+38 -3.4e+38 -3.4e+38 -3.4e+38 -3.4e+38
0.662966251373291 0.214030995965004 0.185202389955521 0.199970901012421 0.795264303684235 0.803028643131256 0.776325166225433 0.732040226459503 0.601232171058655 0.479190051555634 0.399177581071854 0.319902807474136 0.271296352148056 0.180616423487663 0.104427009820938 0.136268690228462 0.110965900123119 0.0891476720571518 0.071588397026062 0.0537565499544144 0.04761778190732 0.0417656600475311 0.0374074466526508 -3.4e+38 -3.4e+38 -3.4e+38 -3.4e+38 -3.4e+38 -3.4e+38 -3.4e+38 -3.4e+38 -3.4e+38 -3.4e+38 -3.4e+38 -3.4e+38 -3.4e+38 -3.4e+38 -3.4e+38 -3.4e+38 -3.4e+38 -3.4e+38 -3.4e+38 -3.4e+38 -3.4e+38 -3.4e+38 -3.4e+38 -3.4e+38 -3.4e+38 -3.4e+38 -3.4e+38 -3.4e+38 -3.4e+38 -3.4e+38 -3.4e+38 -3.4e+38
0.684227108955383 0.432024419307709 0.329941511154175 0.119986139237881 0.713655173778534 0.774469673633575 0.781457126140594 0.681380212306976 0.603387475013733 0.519460380077362 0.410966694355011 0.314951688051224 0.255013555288315 0.209231674671173 0.134815946221352 0.129428669810295 0.10858803242445 0.0799184814095497 0.0636021569371223 0.0699582770466805 0.050222210586071 0.0426163822412491 0.0411295630037785 0.0339798331260681 -3.4e+38 -3.4e+38 -3.4e+38 -3.4e+38 -3.4e+38 -3.4e+38 -3.4e+38 -3.4e+38 -3.4e+38 -3.4e+38 -3.4e+38 -3.4e+38 -3.4e+38 -3.4e+38 -3.4e+38 -3.4e+38 -3.4e+38 -3.4e+38 -3.4e+38 -3.4e+38 -3.4e+38 -3.4e+38 -3.4e+38 -3.4e+38 -3.4e+38 -3.4e+38 -3.4e+38 -3.4e+38 -3.4e+38 -3.4e+38 -3.4e+38
0.549029767513275 0.515735328197479 0.366721659898758 0.321188271045685 0.750367343425751 0.788872420787811 0.767106652259827 0.507117986679077 0.572976291179657 0.497168362140656 0.407122135162354 0.290566682815552 0.254242599010468 0.185444265604019 0.156936854124069 0.120233185589314 0.0987846851348877 0.0895977988839149 0.0751696154475212 0.0681828111410141 0.0613476894795895 0.0467182472348213 0.0390615463256836 0.0347084105014801 0.0326981656253338 0.0303287357091904 -3.4e+38 -3.4e+38 -3.4e+38 -3.4e+38 -3.4e+38 -3.4e+38 -3.4e+38 -3.4e+38 -3.4e+38 -3.4e+38 -3.4e+38 -3.4e+38 -3.4e+38 -3.4e+38 -3.4e+38 -3.4e+38 -3.4e+38 -3.4e+38 -3.4e+38 -3.4e+38 -3.4e+38 -3.4e+38 -3.4e+38 -3.4e+38 -3.4e+38 -3.4e+38 -3.4e+38 -3.4e+38 -3.4e+38
0.590718567371368 0.656235456466675 0.674947559833527 0.754537105560303 0.663257837295532 0.747958660125732 0.73007732629776 0.666567981243134 0.514983713626862 0.482396334409714 0.372812896966934 0.273936659097672 0.228824228048325 0.193563520908356 0.143006682395935 0.116869553923607 0.0822261124849319 0.0686767101287842 0.0584271922707558 0.0522101894021034 0.0536721535027027 0.0491638742387295 0.0431906618177891 0.037862740457058 0.0344069637358189 0.0302894189953804 0.0266578998416662 -3.4e+38 -3.4e+38 -3.4e+38 -3.4e+38 -3.4e+38 -3.4e+38 -3.4e+38 -3.4e+38 -3.4e+38 -3.4e+38 -3.4e+38 -3.4e+38 -3.4e+38 -3.4e+38 -3.4e+38 -3.4e+38 -3.4e+38 -3.4e+38 -3.4e+38 -3.4e+38 -3.4e+38 -3.4e+38 -3.4e+38 -3.4e+38 -3.4e+38 -3.4e+38 -3.4e+38 -3.4e+38
0.239942193031311 0.565776467323303 0.81037300825119 0.784204661846161 0.736535131931305 0.686843156814575 0.688689887523651 0.619519174098969 0.531994163990021 0.436263501644135 0.341748237609863 0.254206329584122 0.220865860581398 0.177117839455605 0.137861341238022 0.109596915543079 0.0679483339190483 0.0560847893357277 0.0609505623579025 0.0616046488285065 0.0533786900341511 0.0456303842365742 0.0420875027775764 0.0381310470402241 0.0352656133472919 0.0302358642220497 0.0282801818102598 0.0264670681208372 0.0271180495619774 -3.4e+38 -3.4e+38 -3.4e+38 -3.4e+38 -3.4e+38 -3.4e+38 -3.4e+38 -3.4e+38 -3.4e+38 -3.4e+38 -3.4e+38 -3.4e+38 -3.4e+38 -3.4e+38 -3.4e+38 -3.4e+38 -3.4e+38 -3.4e+38 -3.4e+38 -3.4e+38 -3.4e+38 -3.4e+38 -3.4e+38 -3.4e+38 -3.4e+38 -3.4e+38
0.329544901847839 0.290962874889374 0.751891434192657 0.765826821327209 0.744690179824829 0.656104922294617 0.621276617050171 0.526237905025482 0.463981628417969 0.372086346149445 0.29760730266571 0.259543657302856 0.21929594874382 0.144267648458481 0.0687148943543434 0.0993960052728653 0.0643717423081398 0.0539688467979431 0.0475719757378101 0.0571822077035904 0.0458538942039013 0.0415941178798676 0.0392596647143364 0.0384635739028454 0.035272378474474 0.0365395843982697 0.0366820581257343 0.031250573694706 0.02842678129673 0.0286986958235502 -3.4e+38 -3.4e+38 -3.4e+38 -3.4e+38 -3.4e+38 -3.4e+38 -3.4e+38 -3.4e+38 -3.4e+38 -3.4e+38 -3.4e+38 -3.4e+38 -3.4e+38 -3.4e+38 -3.4e+38 -3.4e+38 -3.4e+38 -3.4e+38 -3.4e+38 -3.4e+38 -3.4e+38 -3.4e+38 -3.4e+38 -3.4e+38 0.127301454544067
0.321368753910065 0.40757492184639 0.668020725250244 0.730344533920288 0.683307588100433 0.620795249938965 0.553039908409119 0.474678993225098 0.393074870109558 0.331001430749893 0.301938414573669 0.245131611824036 0.187840953469276 0.145138323307037 0.120971202850342 0.0801257565617561 0.061330322176218 0.0522896759212017 0.0414664633572102 0.0346004255115986 0.040359441190958 0.040034793317318 0.0374852493405342 0.0361495614051819 0.0409985296428204 0.0374392941594124 0.035721018910408 0.0339042916893959 0.0330566093325615 0.0290711503475904 0.0294415429234505 -3.4e+38 -3.4e+38 -3.4e+38 -3.4e+38 -3.4e+38 -3.4e+38 -3.4e+38 -3.4e+38 -3.4e+38 -3.4e+38 -3.4e+38 -3.4e+38 -3.4e+38 -3.4e+38 -3.4e+38 -3.4e+38 -3.4e+38 -3.4e+38 -3.4e+38 -3.4e+38 -3.4e+38 -3.4e+38 -3.4e+38 0.100141070783138
0.403356432914734 0.588309347629547 0.641954898834229 0.658895552158356 0.603067278862 0.558259189128876 0.482964366674423 0.402137011289597 0.358489632606506 0.310674279928207 0.287510544061661 0.210787743330002 0.166446924209595 0.145510867238045 0.116570472717285 0.094492107629776 0.0644510388374329 0.0479709059000015 0.0392071716487408 0.0323210023343563 0.0323065184056759 0.0403386354446411 0.038298238068819 0.0317885465919971 0.0317907445132732 0.0309517197310925 0.0288962796330452 0.0286205746233463 0.0349466316401958 0.0430854447185993 0.045042596757412 0.0288237780332565 -3.4e+38 -3.4e+38 -3.4e+38 -3.4e+38 -3.4e+38 -3.4e+38 -3.4e+38 -3.4e+38 -3.4e+38 -3.4e+38 -3.4e+38 -3.4e+38 -3.4e+38 -3.4e+38 -3.4e+38 -3.4e+38 -3.4e+38 -3.4e+38 -3.4e+38 -3.4e+38 -3.4e+38 -3.4e+38 0.097255252301693
0.530635356903076 0.646063804626465 0.625087082386017 0.574347138404846 0.554717540740967 0.471451967954636 0.399800211191177 0.351021707057953 0.307628929615021 0.26963084936142 0.235025212168694 0.168631017208099 0.159908249974251 0.133789867162704 0.108817666769028 0.0817792788147926 0.0579800233244896 0.0457065515220165 0.039742536842823 0.0328557416796684 0.0308874137699604 0.0308101810514927 0.030550092458725 0.0284161940217018 0.0286378283053637 0.0329186245799065 0.0299438461661339 0.0274375230073929 0.0340238586068153 0.0394997745752335 0.0460963509976864 0.0479161441326141 0.0366177596151829 -3.4e+38 -3.4e+38 -3.4e+38 -3.4e+38 -3.4e+38 -3.4e+38 -3.4e+38 -3.4e+38 -3.4e+38 -3.4e+38 -3.4e+38 -3.4e+38 -3.4e+38 -3.4e+38 -3.4e+38 -3.4e+38 0.0722493156790733 -3.4e+38 -3.4e+38 0.0932545214891434 0.112823158502579 0.124000318348408
0.556741952896118 0.573920845985413 0.551796078681946 0.487812966108322 0.434331119060516 0.394907027482986 0.337318331003189 0.297734409570694 0.262619972229004 0.233131811022758 0.193433433771133 0.161222621798515 0.142683774232864 0.112059898674488 0.0947025492787361 0.0684338510036469 0.0567733831703663 0.048929862678051 0.0427192263305187 0.0365684330463409 0.0310826171189547 0.0294091291725636 0.0269039887934923 0.0255364663898945 0.0250933244824409 0.0261095948517323 0.026318246498704 0.031560055911541 0.0386675260961056 0.0399996601045132 0.0403476655483246 0.0363221615552902 0.035777498036623 -3.4e+38 -3.4e+38 -3.4e+38 -3.4e+38 -3.4e+38 -3.4e+38 -3.4e+38 -3.4e+38 -3.4e+38 -3.4e+38 -3.4e+38 -3.4e+38 -3.4e+38 -3.4e+38 0.0471985191106796 0.0623743124306202 0.0653465464711189 -3.4e+38 -3.4e+38 0.100273251533508 0.13332436978817 0.139906033873558
0.572337687015533 0.510917663574219 0.443651854991913 0.409559160470963 0.355575978755951 0.334539860486984 0.2910296022892 0.260452955961227 0.232204407453537 0.210681855678558 0.176700338721275 0.145847842097282 0.122488655149937 0.10412023961544 0.0793021768331528 0.0659861862659454 0.059250358492136 0.0566673204302788 0.0578966476023197 0.0346230007708073 0.0309386905282736 0.0281713418662548 0.0257745590060949 0.0255196820944548 0.0244960114359856 0.0253529846668243 0.0251216813921928 0.0287027060985565 0.032394003123045 0.0372352935373783 0.0320686511695385 0.031626220792532 0.0294197890907526 -3.4e+38 -3.4e+38 -3.4e+38 -3.4e+38 -3.4e+38 -3.4e+38 -3.4e+38 -3.4e+38 -3.4e+38 -3.4e+38 -3.4e+38 -3.4e+38 -3.4e+38 -3.4e+38 0.0456844419240952 0.0772171095013618 0.0564511306583881 -3.4e+38 -3.4e+38 0.0952105969190598 0.127226889133453 0.10736607760191
0.509787321090698 0.429009020328522 0.386422783136368 0.348101049661636 0.319996565580368 0.310673296451569 0.275931984186172 0.237630069255829 0.211215481162071 0.189198866486549 0.162394508719444 0.136435270309448 0.106702581048012 0.0921941921114922 0.0726371705532074 0.0672236531972885 0.0583114922046661 0.0546955764293671 0.0576725192368031 0.0337748266756535 0.0334338992834091 0.0316201820969582 -3.4e+38 -3.4e+38 0.0230851657688618 0.0249994266778231 0.0243703052401543 0.0270396936684847 0.0286320857703686 0.0298008490353823 0.0295636039227247 -3.4e+38 -3.4e+38 -3.4e+38 -3.4e+38 -3.4e+38 -3.4e+38 -3.4e+38 -3.4e+38 -3.4e+38 -3.4e+38 -3.4e+38 -3.4e+38 -3.4e+38 -3.4e+38 -3.4e+38 0.0353133529424667 0.0410096868872643 0.0687914714217186 0.0767382383346558 0.0647119432687759 0.0718807131052017 0.101536080241203 0.120340257883072 0.135486900806427
0.429144233465195 0.402809470891953 0.386291116476059 0.336515665054321 0.315288156270981 0.338672041893005 0.318960756063461 0.261255234479904 0.234219133853912 0.198727816343307 0.17027086019516 0.136176511645317 0.109788969159126 0.0900490283966064 0.0815634876489639 0.0667068064212799 0.0569195002317429 0.0522260032594204 -3.4e+38 -3.4e+38 0.032151997089386 0.0310912914574146 -3.4e+38 -3.4e+38 -3.4e+38 -3.4e+38 0.0255687739700079 -3.4e+38 -3.4e+38 -3.4e+38 -3.4e+38 -3.4e+38 -3.4e+38 -3.4e+38 -3.4e+38 -3.4e+38 -3.4e+38 -3.4e+38 -3.4e+38 -3.4e+38 -3.4e+38 -3.4e+38 -3.4e+38 -3.4e+38 -3.4e+38 0.0378567948937416 0.0587335899472237 0.0620730705559254 0.0356390252709389 0.0514208227396011 0.0876777246594429 0.114163599908352 0.104709908366203 0.127492859959602 0.0264203120023012
0.394747495651245 0.358938544988632 0.34394109249115 0.329209506511688 0.314011245965958 0.310336917638779 0.35571163892746 0.300355583429337 0.240361884236336 0.200106397271156 0.170998722314835 0.132494479417801 0.109444156289101 0.0973584726452827 0.0870440676808357 0.0821029841899872 0.0624194592237473 0.0538115054368973 -3.4e+38 -3.4e+38 -3.4e+38 -3.4e+38 -3.4e+38 -3.4e+38 -3.4e+38 -3.4e+38 -3.4e+38 -3.4e+38 -3.4e+38 -3.4e+38 -3.4e+38 -3.4e+38 -3.4e+38 -3.4e+38 -3.4e+38 -3.4e+38 -3.4e+38 -3.4e+38 -3.4e+38 -3.4e+38 -3.4e+38 -3.4e+38 0.0214691925793886 -3.4e+38 -3.4e+38 0.0329174101352692 0.0202461760491133 0.013264742679894 0.0197658706456423 0.0354226976633072 0.0304495021700859 0.0362202227115631 0.0751622393727303 0.0639339238405228 0.101778946816921
0.387142032384872 0.328771770000458 0.312909424304962 0.29438528418541 0.278885453939438 0.289637893438339 0.287496715784073 0.25396716594696 0.236748188734055 0.204661920666695 0.166609898209572 0.128840118646622 0.109097994863987 0.100096024572849 0.0840526074171066 0.0700602754950523 0.0625485777854919 -3.4e+38 -3.4e+38 -3.4e+38 -3.4e+38 -3.4e+38 -3.4e+38 -3.4e+38 -3.4e+38 -3.4e+38 -3.4e+38 -3.4e+38 -3.4e+38 -3.4e+38 -3.4e+38 -3.4e+38 -3.4e+38 -3.4e+38 -3.4e+38 -3.4e+38 -3.4e+38 -3.4e+38 -3.4e+38 -3.4e+38 -3.4e+38 -3.4e+38 -3.4e+38 0.0205758400261402 -3.4e+38 0.0221339054405689 0.0230350904166698 0.0122310360893607 0.0200883895158768 0.0612563043832779 0.0349377058446407 0.0720778703689575 0.102423518896103 0.0770696848630905 0.0817199498414993
