data/climate_estimation/maxent_output/Smilax_perfoliata.asc
NCOLS 541 
NROWS 289 
XLLCORNER 77 
YLLCORNER 6.58333333333333 
CELLSIZE 0.0833333333333333 
NODATA_value -3.4e+38 
[rows 46 to 68 of 289, columns 204 to 254 of 541]
0.905199468135834 0.903336644172668 0.90185821056366 0.890716135501862 0.888864696025848 0.88843697309494 0.88896507024765 0.892285466194153 0.903719067573547 0.906870186328888 0.914733231067657 0.918687701225281 0.92287403345108 0.925714731216431 0.910808980464935 0.926945924758911 0.928282618522644 0.86601334810257 0.832789719104767 0.861239969730377 0.944857180118561 0.959555268287659 0.927067399024963 0.915880680084229 0.950035631656647 0.965599298477173 0.965890228748322 0.974692702293396 0.979198098182678 0.980095565319061 0.981876790523529 0.97932380437851 0.978535830974579 0.979793608188629 0.979186058044434 0.976314961910248 0.971181690692902 0.971582293510437 0.941780686378479 0.90288919210434 0.973222076892853 0.975944995880127 0.975394606590271 0.972031712532043 0.969111859798431 0.963722467422485 0.959767639636993 0.938822865486145 0.926787436008453 0.849456906318665 0.713559806346893
0.887458443641663 0.886156678199768 0.877422511577606 0.877599895000458 0.874414265155792 0.863036453723907 0.875735282897949 0.88845682144165 0.889723718166351 0.9017134308815 0.897781610488892 0.911581933498383 0.916978180408478 0.925209820270538 0.915342152118683 0.905449271202087 0.878456652164459 0.859632790088654 0.892314314842224 0.914803624153137 0.959937632083893 0.957829356193542 0.918629050254822 0.921015083789825 0.964932858943939 0.962752282619476 0.981320381164551 0.984011113643646 0.982018887996674 0.982011735439301 0.983590066432953 0.982473433017731 0.982988655567169 0.982894599437714 0.980849981307983 0.979852437973022 0.978500425815582 0.955018639564514 0.843021273612976 0.833173274993896 0.973381400108337 0.974993288516998 0.972099363803864 0.967359125614166 0.962177991867065 0.962583422660828 0.960719406604767 0.949169993400574 0.913392961025238 0.826436877250671 0.820591628551483
0.859914124011993 0.859302163124084 0.860862672328949 0.859373688697815 0.861600518226624 0.861878514289856 0.867874205112457 0.881051898002625 0.886722445487976 0.891106903553009 0.905580401420593 0.913772284984589 0.930725932121277 0.893665373325348 0.887710273265839 0.886090755462646 0.894276976585388 0.848651468753815 0.924601852893829 0.943419635295868 0.946325123310089 0.947109282016754 0.856881439685822 0.937184989452362 0.958146631717682 0.958275973796844 0.983652651309967 0.984482049942017 0.983563840389252 0.983837842941284 0.983265459537506 0.981842935085297 0.982332944869995 0.982194125652313 0.980007231235504 0.977120935916901 0.97733610868454 0.97100043296814 0.914989948272705 0.88721090555191 0.975779056549072 0.974880874156952 0.971780478954315 0.966057479381561 0.959731340408325 0.961725950241089 0.959310293197632 0.955493152141571 0.933332681655884 0.904358923435211 0.785553634166718
0.837845981121063 0.842323243618011 0.851106822490692 0.854136765003204 0.857970952987671 0.856020748615265 0.867345690727234 0.871652722358704 0.877946197986603 0.890184760093689 0.909603595733643 0.879659175872803 0.898580610752106 0.837677896022797 0.857026100158691 0.876166224479675 0.918301165103912 0.914367854595184 0.953917622566223 0.956838428974152 0.965015292167664 0.909605741500854 0.87737637758255 0.976430356502533 0.978325843811035 0.967818021774292 0.980730652809143 0.984875321388245 0.985886454582214 0.981969773769379 0.981947362422943 0.982142567634583 0.982087254524231 0.981440842151642 0.978634178638458 0.977345287799835 0.974204063415527 0.96495258808136 0.916638672351837 0.96172833442688 0.976697027683258 0.972053050994873 0.977077066898346 0.967106938362122 0.957581102848053 0.95984148979187 0.959302425384521 0.952431380748749 0.941673934459686 0.868118464946747 0.76234096288681
0.820769965648651 0.834015905857086 0.837767720222473 0.842706441879272 0.846892893314362 0.852453410625458 0.857977151870728 0.871154367923737 0.88819831609726 0.871792316436768 0.906066358089447 0.888357698917389 0.834241807460785 0.817660510540009 0.854744732379913 0.893140316009521 0.94419252872467 0.954951405525208 0.957543075084686 0.96480405330658 0.958598911762238 0.878103613853455 0.938119649887085 0.982455134391785 0.984463930130005 0.984052240848541 0.984188675880432 0.981740176677704 0.983303725719452 0.983977377414703 0.981170117855072 0.980943441390991 0.981222331523895 0.978638529777527 0.977167725563049 0.975727736949921 0.970015525817871 0.971534907817841 0.91825932264328 0.968883574008942 0.971153557300568 0.966716587543488 0.967697620391846 0.962304472923279 0.952833890914917 0.954228818416595 0.953348875045776 0.948221206665039 0.93818861246109 0.865230739116669 0.762306690216064
0.815152704715729 0.827304661273956 0.82703959941864 0.839993596076965 0.835457146167755 0.851532995700836 0.849348485469818 0.864843189716339 0.871918976306915 0.853931307792664 0.879266440868378 0.879747092723846 0.835286021232605 0.80971759557724 0.897652149200439 0.905592620372772 0.886540770530701 0.91559249162674 0.934435367584229 0.969451665878296 0.956139445304871 0.942772209644318 0.981162965297699 0.983644008636475 0.985088467597961 0.98504775762558 0.984686255455017 0.981893539428711 0.974214613437653 0.982960402965546 0.983265101909637 0.982313811779022 0.976971983909607 0.975506663322449 0.975465595722198 0.973660469055176 0.97092592716217 0.965988099575043 0.904180586338043 0.95832771062851 0.966671228408813 0.960077345371246 0.96111273765564 0.953192234039307 0.94738382101059 0.94234162569046 0.946821987628937 0.945851147174835 0.925475478172302 0.796224176883698 0.749583184719086
0.809788763523102 0.820820152759552 0.825918912887573 0.844594419002533 0.832740306854248 0.834677040576935 0.85025680065155 0.852997243404388 0.839434623718262 0.82762610912323 0.845197021961212 0.803686439990997 0.79920107126236 0.859870135784149 0.851324737071991 0.839081287384033 0.881266176700592 0.924451589584351 0.962327599525452 0.947107493877411 0.958350121974945 0.981532573699951 0.979584932327271 0.982152998447418 0.984628736972809 0.984678685665131 0.982883036136627 0.981457054615021 0.973264455795288 0.977660953998566 0.979315221309662 0.978078961372375 0.97763466835022 0.970761656761169 0.969381928443909 0.970723509788513 0.965533673763275 0.959710538387299 0.912293910980225 0.960493683815002 0.956595659255981 0.955813586711884 0.951724648475647 0.947490274906158 0.944209158420563 0.948853969573975 0.944947421550751 0.932522177696228 0.924837827682495 0.807740151882172 0.855737388134003
0.809876501560211 0.815413653850555 0.835795640945435 0.837607085704803 0.832484006881714 0.840553462505341 0.826511204242706 0.810306131839752 0.786295831203461 0.806172966957092 0.778103530406952 0.81063312292099 0.860390305519104 0.793907165527344 0.807934045791626 0.843420386314392 0.894773781299591 0.939968347549438 0.950101017951965 0.966682434082031 0.982560873031616 0.982329368591309 0.965686023235321 0.975934684276581 0.981685161590576 0.982937276363373 0.979536592960358 0.977995276451111 0.974168479442596 0.975149154663086 0.975392818450928 0.974456548690796 0.975878417491913 0.973792910575867 0.965906083583832 0.964349508285522 0.962114870548248 0.950452864170074 0.901550769805908 0.954944431781769 0.952019870281219 0.947049260139465 0.945413291454315 0.943243622779846 0.941020309925079 0.942847788333893 0.945615947246552 0.935888290405273 0.931815028190613 0.835254311561584 0.905800044536591
0.822827279567719 0.828162968158722 0.819902956485748 0.806748330593109 0.839520633220673 0.829706072807312 0.800855994224548 0.803382635116577 0.779144644737244 0.827675998210907 0.813663423061371 0.864471197128296 0.84681636095047 0.778830051422119 0.785055756568909 0.863634645938873 0.896842837333679 0.928643643856049 0.959553182125092 0.978190660476685 0.985255420207977 0.985849738121033 0.974037885665894 0.969918251037598 0.970648527145386 0.979027509689331 0.977137804031372 0.973282516002655 0.968210101127625 0.969091594219208 0.969895958900452 0.972083449363708 0.969031989574432 0.967552363872528 0.956833302974701 0.951140820980072 0.957713603973389 0.923454761505127 0.920275926589966 0.950609862804413 0.947594463825226 0.940515041351318 0.938522338867188 0.937974631786346 0.934204876422882 0.929373025894165 0.931327879428864 0.931555449962616 0.924581050872803 0.831983029842377 0.898760557174683
0.821526646614075 0.821105360984802 0.808340847492218 0.804933130741119 0.821923136711121 0.824493527412415 0.800955951213837 0.787689387798309 0.784592688083649 0.8247931599617 0.856648623943329 0.852521598339081 0.840767800807953 0.752694427967072 0.750069379806519 0.811323940753937 0.92068076133728 0.949544370174408 0.927317440509796 0.978711664676666 0.988379538059235 0.986569941043854 0.978383243083954 0.941521465778351 0.938653886318207 0.962246596813202 0.961087584495544 0.940858066082001 0.9630406498909 0.955448508262634 0.963981926441193 0.96545797586441 0.962213456630707 0.963256478309631 0.950104296207428 0.932080268859863 0.94698303937912 0.918617069721222 0.936753988265991 0.940033257007599 0.937386691570282 0.936324119567871 0.932265043258667 0.932470083236694 0.930214941501617 0.925393640995026 0.919596135616302 0.918095946311951 0.887908935546875 0.881040871143341 0.893227756023407
0.809514403343201 0.811608850955963 0.787529826164246 0.80312579870224 0.816926777362823 0.792690515518188 0.784712016582489 0.787613689899445 0.793640851974487 0.813562393188477 0.855166435241699 0.852710068225861 0.740364730358124 0.73982036113739 0.834412455558777 0.876727819442749 0.87588769197464 0.91597580909729 0.954846262931824 0.983171582221985 0.985355138778687 0.984280169010162 0.98053640127182 0.966822564601898 0.913693606853485 0.945726275444031 0.955352604389191 0.926291525363922 0.944243311882019 0.937217175960541 0.955097436904907 0.960705637931824 0.958301365375519 0.951130449771881 0.939181268215179 0.937538385391235 0.917414605617523 0.89980536699295 0.938027918338776 0.935486078262329 0.92828631401062 0.927719116210938 0.919837296009064 0.920622408390045 0.922741293907166 0.918802440166473 0.914318799972534 0.911436021327972 0.837185442447662 0.902064442634583 0.864233791828156
0.795789539813995 0.783870279788971 0.781987071037292 0.798254907131195 0.80275696516037 0.77101194858551 0.789620637893677 0.770286560058594 0.814398646354675 0.851605594158173 0.842965841293335 0.790494680404663 0.751662373542786 0.812548696994781 0.784301400184631 0.75725656747818 0.871833801269531 0.944310486316681 0.967474639415741 0.975206315517426 0.977090537548065 0.978935480117798 0.976359903812408 0.965968608856201 0.950286448001862 0.912592589855194 0.94141298532486 0.945841014385223 0.933546721935272 0.929166674613953 0.948584020137787 0.952194273471832 0.949723958969116 0.924330174922943 0.924139320850372 0.930261611938477 0.89087849855423 0.894241631031036 0.928124785423279 0.923931837081909 0.924544930458069 0.921105265617371 0.922752857208252 0.914263665676117 0.909551024436951 0.911724865436554 0.91025847196579 0.862574279308319 0.905419528484344 0.900137841701508 0.842024445533752
0.783585786819458 0.782966256141663 0.779088139533997 0.793617784976959 0.767201006412506 0.784612417221069 0.77854323387146 0.769732236862183 0.827405691146851 0.853013157844543 0.823166489601135 0.760841965675354 0.707372188568115 0.722775995731354 0.790769696235657 0.854640603065491 0.91692990064621 0.953626334667206 0.962362825870514 0.966599345207214 0.968809485435486 0.966875076293945 0.96879780292511 0.95855975151062 0.939579844474792 0.88786381483078 0.933542132377625 0.933025419712067 0.946593344211578 0.936504185199738 0.944323122501373 0.944957733154297 0.940377712249756 0.931278169155121 0.930493533611298 0.902324497699738 0.853405833244324 0.891979694366455 0.919549465179443 0.9147829413414 0.911097586154938 0.903278410434723 0.907530009746552 0.902071416378021 0.905432462692261 0.905761301517487 0.906403541564941 0.896256923675537 0.89406019449234 0.860386490821838 0.842929184436798
0.772102177143097 0.768775403499603 0.777931869029999 0.771719813346863 0.757793724536896 0.782858788967133 0.795952081680298 0.800190806388855 0.834555208683014 0.798485279083252 0.84369969367981 0.763794779777527 0.714404582977295 0.764614224433899 0.865538001060486 0.917744934558868 0.937386631965637 0.944929242134094 0.951750695705414 0.957772433757782 0.958927750587463 0.957733273506165 0.956546723842621 0.956384658813477 0.941296577453613 0.907591462135315 0.925555467605591 0.925182223320007 0.943333029747009 0.935990035533905 0.935292541980743 0.931791543960571 0.93343859910965 0.92786180973053 0.923407435417175 0.896826505661011 0.844971776008606 0.877605974674225 0.912171185016632 0.906675040721893 0.904783189296722 0.901583254337311 0.897578060626984 0.897221148014069 0.900106608867645 0.895664691925049 0.889803230762482 0.891899406909943 0.892338395118713 0.858374953269958 0.760816752910614
0.7422935962677 0.754855632781982 0.76661080121994 0.758904457092285 0.764448761940002 0.775073528289795 0.789862394332886 0.810596883296967 0.793483257293701 0.799366354942322 0.822891592979431 0.788039326667786 0.809385418891907 0.83368307352066 0.869187951087952 0.922405600547791 0.933143615722656 0.936079859733582 0.941423237323761 0.947483003139496 0.947304010391235 0.947522759437561 0.945957899093628 0.944534718990326 0.942899227142334 0.922090768814087 0.923302948474884 0.927893280982971 0.929839849472046 0.929791629314423 0.926130056381226 0.921451091766357 0.92618054151535 0.91858971118927 0.910241425037384 0.898967504501343 0.864363729953766 0.899487197399139 0.910043895244598 0.906401515007019 0.898427248001099 0.895841598510742 0.88697624206543 0.890539109706879 0.89067929983139 0.885816276073456 0.885945439338684 0.888618528842926 0.866868078708649 0.773694634437561 0.685085833072662
0.720887064933777 0.752094984054565 0.757569432258606 0.7564577460289 0.761895418167114 0.775921642780304 0.785423457622528 0.777362883090973 0.762439131736755 0.781595647335052 0.813447833061218 0.844937443733215 0.854662299156189 0.883228600025177 0.886424839496613 0.909898579120636 0.918853521347046 0.926729023456573 0.931070506572723 0.935359001159668 0.936256289482117 0.935382723808289 0.933767676353455 0.932683169841766 0.932820320129395 0.924476265907288 0.913486480712891 0.921086192131042 0.914649367332458 0.912783682346344 0.915571928024292 0.911970317363739 0.909892797470093 0.910538375377655 0.902756929397583 0.892629981040955 0.887227118015289 0.898213148117065 0.895399212837219 0.889894187450409 0.883845686912537 0.8923020362854 0.887254416942596 0.894236326217651 0.886401534080505 0.884813010692596 0.880646228790283 0.882732748985291 0.846847891807556 0.763328969478607 0.721939265727997
0.759033024311066 0.757289826869965 0.752511560916901 0.747458517551422 0.771746397018433 0.774274289608002 0.777498424053192 0.78319525718689 0.766093075275421 0.738254070281982 0.806917905807495 0.820791304111481 0.843231379985809 0.880080878734589 0.891870677471161 0.903196692466736 0.909701406955719 0.912773668766022 0.918908894062042 0.921984493732452 0.922304213047028 0.920983135700226 0.920458734035492 0.918131172657013 0.912756681442261 0.906257152557373 0.894432544708252 0.897603034973145 0.903081655502319 0.902093768119812 0.89421159029007 0.900818526744843 0.897717416286469 0.89478588104248 0.89754319190979 0.884149134159088 0.889891445636749 0.888238549232483 0.879378080368042 0.881701409816742 0.878026068210602 0.880754172801971 0.881030917167664 0.882572293281555 0.885902166366577 0.883171141147614 0.892375886440277 0.888506531715393 0.849877953529358 0.736874580383301 0.780478417873383
0.763900816440582 0.773971021175385 0.767446637153625 0.775862216949463 0.772220611572266 0.773622751235962 0.786245942115784 0.786518633365631 0.798782110214233 0.799462139606476 0.819638252258301 0.821657955646515 0.858925461769104 0.876320481300354 0.88696151971817 0.895204961299896 0.897675096988678 0.904293060302734 0.906117260456085 0.907697200775146 0.909295201301575 0.908065438270569 0.908219158649445 0.904042303562164 0.896153748035431 0.885678887367249 0.879986941814423 0.87596184015274 0.895244777202606 0.8907710313797 0.88800984621048 0.882430911064148 0.881606101989746 0.882199048995972 0.879716157913208 0.884693384170532 0.88043212890625 0.869977951049805 0.871415734291077 0.871485233306885 0.871249556541443 0.874358892440796 0.875282347202301 0.876546680927277 0.883614480495453 0.883209049701691 0.878655135631561 0.827422022819519 0.802646040916443 0.76474392414093 0.800469577312469
0.785730123519897 0.769478678703308 0.780168652534485 0.780607402324677 0.781644701957703 0.786800742149353 0.78887939453125 0.788981914520264 0.791515350341797 0.817171156406403 0.80745804309845 0.826568365097046 0.865351974964142 0.873901188373566 0.882095217704773 0.884854316711426 0.888079345226288 0.889574587345123 0.894619226455688 0.895249962806702 0.894191980361938 0.895078659057617 0.89238315820694 0.890319168567657 0.883786261081696 0.870747566223145 0.870664775371552 0.876806914806366 0.875565648078918 0.880149841308594 0.872814834117889 0.871865391731262 0.871996343135834 0.872882485389709 0.86792653799057 0.866323471069336 0.862032532691956 0.862692356109619 0.859375059604645 0.862746298313141 0.861648917198181 0.864374935626984 0.864333689212799 0.870879888534546 0.876960396766663 0.860852718353271 0.826474964618683 0.767969608306885 0.730472564697266 0.784315884113312 0.801412880420685
0.793625831604004 0.78748893737793 0.789119184017181 0.791678547859192 0.798647403717041 0.797779440879822 0.803005218505859 0.768207907676697 0.795953094959259 0.804801821708679 0.816391944885254 0.834000825881958 0.86137068271637 0.869127094745636 0.874046325683594 0.877784013748169 0.870987117290497 0.868134140968323 0.872001647949219 0.874521970748901 0.872914135456085 0.878729045391083 0.877062499523163 0.874225974082947 0.869823634624481 0.862880885601044 0.862311899662018 0.864110708236694 0.860357403755188 0.862860500812531 0.857694149017334 0.853863179683685 0.859392642974854 0.861546993255615 0.857397556304932 0.856370270252228 0.85447633266449 0.853951871395111 0.8513263463974 0.854416489601135 0.861028552055359 0.861580312252045 0.863703846931458 0.866623044013977 0.867881834506989 0.843702375888824 0.779700934886932 0.748585104942322 0.790635764598846 0.840382158756256 0.801697611808777
0.794367969036102 0.752971947193146 0.783287405967712 0.804931044578552 0.805436432361603 0.804755806922913 0.798308312892914 0.788510978221893 0.792971074581146 0.823490798473358 0.835617542266846 0.846059203147888 0.86193859577179 0.854276537895203 0.856540560722351 0.857080399990082 0.857354044914246 0.85529613494873 0.864080190658569 0.864093363285065 0.857070028781891 0.861430048942566 0.859618782997131 0.857987880706787 0.851340472698212 0.848997414112091 0.854619681835175 0.851826727390289 0.848014056682587 0.847593903541565 0.849591255187988 0.848155200481415 0.84407651424408 0.850924015045166 0.846979796886444 0.847127079963684 0.845028519630432 0.847006618976593 0.848042488098145 0.851825177669525 0.853361904621124 0.856893658638 0.853251457214355 0.862053513526917 0.867823421955109 0.854674875736237 0.812365591526031 0.801227569580078 0.797764420509338 0.854967653751373 0.81196391582489
0.609428942203522 0.758332073688507 0.802101075649261 0.805397808551788 0.813635349273682 0.818023562431335 0.813907325267792 0.825104892253876 0.822562038898468 0.829679071903229 0.844985485076904 0.842344999313354 0.848845183849335 0.849601447582245 0.849639892578125 0.850103795528412 0.847270369529724 0.849649846553802 0.851238965988159 0.848219215869904 0.838392674922943 0.846987247467041 0.844546258449554 0.846060037612915 0.845688998699188 0.842932522296906 0.838184833526611 0.843879103660583 0.843244791030884 0.841770887374878 0.839364230632782 0.836847186088562 0.841706097126007 0.833097875118256 0.840672016143799 0.84193080663681 0.838901042938232 0.840356767177582 0.842088580131531 0.842774748802185 0.847309529781342 0.854848444461823 0.856716811656952 0.860120534896851 0.855072915554047 0.839932918548584 0.818181037902832 0.77546226978302 0.774206936359406 0.855184018611908 0.796896040439606
0.608674347400665 0.762242615222931 0.796929538249969 0.80228054523468 0.810970544815063 0.81846958398819 0.821183025836945 0.826664745807648 0.823828816413879 0.842347264289856 0.846291959285736 0.84380978345871 0.847644150257111 0.845552861690521 0.844797015190125 0.847525358200073 0.845432341098785 0.84751307964325 0.841608285903931 0.833686172962189 0.840604543685913 0.827419340610504 0.839225709438324 0.841020464897156 0.839014232158661 0.834447741508484 0.833992898464203 0.8397376537323 0.83875560760498 0.82958710193634 0.827467501163483 0.842105686664581 0.83461320400238 0.830957233905792 0.825336694717407 0.833436250686646 0.831562876701355 0.835139513015747 0.837026238441467 0.838220357894897 0.840199410915375 0.849903643131256 0.852134227752686 0.854213237762451 0.841147482395172 0.819951236248016 0.817299544811249 0.776666939258575 0.797173380851746 0.838624894618988 0.777323424816132
