data/climate_estimation/maxent_output/Smilax_ocreata.asc
NCOLS 241 
NROWS 183 
XLLCORNER 93.8333333333333 
YLLCORNER 14.4166666666667 
CELLSIZE 0.0833333333333333 
NODATA_value -3.4e+38 
[rows 0 to 19 of 183, columns 90 to 134 of 241]
0.00712572457268834 0.0140932202339172 0.0154737485572696 0.0312991552054882 0.0375842861831188 0.0521785207092762 0.058254562318325 0.0653854981064796 0.0641273185610771 0.0539732612669468 0.0693807601928711 0.117694683372974 0.143969491124153 0.16555555164814 0.212877333164215 0.319828450679779 0.371594905853271 0.471963584423065 0.471274733543396 0.557964026927948 0.519972562789917 0.566025495529175 0.59748637676239 0.595230281352997 0.641180694103241 0.611597239971161 0.664439618587494 0.728695333003998 0.797146797180176 0.795116901397705 0.808711886405945 0.810784518718719 0.83004355430603 0.845143675804138 0.841709911823273 0.862082302570343 0.843650817871094 0.836376011371613 0.827275156974792 0.801590383052826 0.810232877731323 0.789833784103394 0.750403165817261 0.693895041942596 0.72959691286087
0.00778498547151685 0.0168972499668598 0.019316827878356 0.0345587022602558 0.0389779321849346 0.0411609672009945 0.0493858568370342 0.0702314898371696 0.0918782725930214 0.0545115061104298 0.106099300086498 0.15001754462719 0.1612319201231 0.161692604422569 0.227023839950562 0.265292346477509 0.424974262714386 0.454044848680496 0.52516508102417 0.522144436836243 0.567745208740234 0.591041326522827 0.564008772373199 0.581915974617004 0.64397519826889 0.64125007390976 0.705247342586517 0.802595019340515 0.83108526468277 0.828166723251343 0.842268705368042 0.856594681739807 0.854406177997589 0.863218724727631 0.871692836284637 0.857436537742615 0.859212040901184 0.845894157886505 0.850974023342133 0.832906544208527 0.833827078342438 0.809079706668854 0.755565524101257 0.703275144100189 0.735138416290283
0.0155608700588346 0.0166352055966854 0.0186098925769329 0.0211932417005301 0.0363487154245377 0.0389770045876503 0.0471612252295017 0.0782787725329399 0.0954001247882843 0.0651773735880852 0.0939934924244881 0.123490422964096 0.196704357862473 0.226674154400826 0.252068847417831 0.19500644505024 0.388765424489975 0.417683660984039 0.446454346179962 0.454265952110291 0.489894807338715 0.502250194549561 0.561315417289734 0.564529716968536 0.615029633045197 0.66266542673111 0.750542163848877 0.815104007720947 0.85395222902298 0.868356347084045 0.863966524600983 0.865071535110474 0.884111881256104 0.871079683303833 0.886665642261505 0.876581788063049 0.888196885585785 0.882999420166016 0.873926222324371 0.8682501912117 0.859895944595337 0.834279000759125 0.785377025604248 0.754208266735077 0.751460134983063
0.0163437444716692 0.0175313875079155 0.0204187296330929 0.0336603596806526 0.0513605326414108 0.0588350854814053 0.0521899834275246 0.0565729215741158 0.0560934245586395 0.0642165765166283 0.0929123386740685 0.0938855707645416 0.201082319021225 0.228823304176331 0.254029124975204 0.175127983093262 0.283025145530701 0.454481840133667 0.467416524887085 0.507957577705383 0.564381778240204 0.528310418128967 0.600896954536438 0.641146779060364 0.613559722900391 0.682722687721252 0.765927791595459 0.805314004421234 0.848438441753387 0.871020317077637 0.867331862449646 0.877240300178528 0.883091509342194 0.888542830944061 0.902830064296722 0.921895146369934 0.906656086444855 0.90094667673111 0.896411120891571 0.874341309070587 0.881563365459442 0.859650433063507 0.822089016437531 0.775137007236481 0.727070808410645
0.0158593915402889 0.0190172176808119 0.0209499765187502 0.0311697218567133 0.0512307845056057 0.0429988764226437 0.0602410361170769 0.0697358250617981 0.110004186630249 0.136057928204536 0.0835870131850243 0.0726566910743713 0.167090609669685 0.1263537555933 0.143708556890488 0.151165291666985 0.270913273096085 0.308395117521286 0.449203103780746 0.554974615573883 0.532247841358185 0.580893695354462 0.618922233581543 0.670393347740173 0.705959558486938 0.695655345916748 0.766650497913361 0.822343707084656 0.834706902503967 0.861966669559479 0.90375018119812 0.895597517490387 0.909823834896088 0.921238481998444 0.932668268680573 0.931565344333649 0.920557379722595 0.908381104469299 0.911869704723358 0.907039761543274 0.889223039150238 0.877287983894348 0.833360493183136 0.779799103736877 0.721555829048157
0.0160894170403481 0.0212858412414789 0.0232637524604797 0.0339906215667725 0.034809522330761 0.0637147203087807 0.0516088455915451 0.0708494409918785 0.0745336338877678 0.0849025025963783 0.0936971381306648 0.102501384913921 0.123692914843559 0.207065805792809 0.26510027050972 0.310681164264679 0.375097393989563 0.374734967947006 0.396940469741821 0.5140700340271 0.521824896335602 0.565610468387604 0.604065358638763 0.633976876735687 0.661684453487396 0.669343948364258 0.731127917766571 0.807857692241669 0.839136779308319 0.857511520385742 0.897353053092957 0.928086519241333 0.928196370601654 0.921777069568634 0.929355621337891 0.93492716550827 0.931904852390289 0.929053544998169 0.915584444999695 0.910906136035919 0.896461725234985 0.872310101985931 0.839849650859833 0.775648891925812 0.703635275363922
0.0117257451638579 0.0223055277019739 0.0253711901605129 0.0345656275749207 0.0397450998425484 0.0438914895057678 0.071682296693325 0.0632304474711418 0.0844792798161507 0.089932456612587 0.173445746302605 0.159286707639694 0.185268446803093 0.28009158372879 0.315416753292084 0.382796406745911 0.378764480352402 0.410081714391708 0.403403282165527 0.510905802249908 0.495061755180359 0.557052254676819 0.544573426246643 0.607000887393951 0.53003466129303 0.667931377887726 0.745793521404266 0.840096056461334 0.878919720649719 0.861479341983795 0.919763147830963 0.932537853717804 0.941436648368835 0.942172050476074 0.945195734500885 0.938429474830627 0.939549386501312 0.930024385452271 0.926816880702972 0.919115722179413 0.905987083911896 0.882022678852081 0.829082846641541 0.768726766109467 0.699391305446625
0.0218113791197538 0.0144288297742605 0.0290475003421307 0.0398726016283035 0.03832046687603 0.0488074719905853 0.0786196067929268 0.0754839852452278 0.0888766050338745 0.105402208864689 0.160503178834915 0.186173781752586 0.204468443989754 0.301436871290207 0.328005343675613 0.297489106655121 0.221276298165321 0.316808640956879 0.439152419567108 0.435132920742035 0.498674660921097 0.531199634075165 0.566202104091644 0.53998863697052 0.619011998176575 0.656016409397125 0.741182744503021 0.784414410591125 0.901833653450012 0.882976233959198 0.921867430210114 0.939062178134918 0.946724414825439 0.94429612159729 0.944753646850586 0.943355143070221 0.939596652984619 0.94055438041687 0.936223745346069 0.925869226455688 0.902399897575378 0.876223742961884 0.827954709529877 0.78616988658905 0.678362369537354
0.0196167640388012 0.0233364645391703 0.0180019717663527 0.0388262309134007 0.0426728427410126 0.0618785135447979 0.0563032999634743 0.0842783078551292 0.12412116676569 0.139249294996262 0.172850534319878 0.186516866087914 0.256847500801086 0.269076198339462 0.360571891069412 0.329358547925949 0.206409618258476 0.226752638816833 0.449236035346985 0.343727439641953 0.531226992607117 0.546391606330872 0.565899252891541 0.50216680765152 0.626657962799072 0.670967400074005 0.803182601928711 0.789217531681061 0.871115744113922 0.791218400001526 0.903122365474701 0.915614366531372 0.916013479232788 0.901275396347046 0.943012177944183 0.94846248626709 0.943978667259216 0.940032064914703 0.936119496822357 0.920839011669159 0.894874393939972 0.874497592449188 0.819769740104675 0.758950710296631 0.676271080970764
0.0146833835169673 0.0221119020134211 0.0194594878703356 0.0384722091257572 0.0470426231622696 0.0626788735389709 0.0591087974607944 0.0694002360105515 0.118499502539635 0.15312422811985 0.191414207220078 0.223260194063187 0.245322331786156 0.195287704467773 0.327609121799469 0.306660026311874 0.306192278862 0.286150395870209 0.4411980509758 0.43052276968956 0.471366345882416 0.50599205493927 0.540489077568054 0.551685214042664 0.531147062778473 0.666447460651398 0.733562469482422 0.731728911399841 0.716894567012787 0.747385501861572 0.801001012325287 0.895908415317535 0.89582633972168 0.841479063034058 0.880089402198792 0.943504273891449 0.940304279327393 0.936264634132385 0.936971187591553 0.927152812480927 0.896021723747253 0.845804512500763 0.822220742702484 0.752898395061493 0.647947072982788
0.0219443831592798 0.0236952919512987 0.038098756223917 0.0395984128117561 0.0458534695208073 0.0480483956634998 0.0637346878647804 0.0696962997317314 0.117427282035351 0.129890903830528 0.145044267177582 0.231738567352295 0.229848831892014 0.259309113025665 0.250684589147568 0.350677818059921 0.398077368736267 0.40588966012001 0.450718820095062 0.409177720546722 0.516940593719482 0.441584974527359 0.505256712436676 0.517879366874695 0.53950446844101 0.544894099235535 0.702865481376648 0.698938727378845 0.688434541225433 0.766024708747864 0.768084228038788 0.802164614200592 0.875497758388519 0.828954875469208 0.767224907875061 0.902137100696564 0.927076756954193 0.91434508562088 0.912806570529938 0.909392952919006 0.892291843891144 0.843143939971924 0.796415030956268 0.69281679391861 0.611168146133423
0.0216697938740253 0.0293068047612906 0.0344774723052979 0.0257838200777769 0.0288996547460556 0.0493158996105194 0.0584440864622593 0.0657325014472008 0.128302067518234 0.136664852499962 0.134844303131104 0.232621595263481 0.153711050748825 0.27221292257309 0.231549054384232 0.364851325750351 0.398518979549408 0.39285072684288 0.440755784511566 0.343288958072662 0.490555226802826 0.515807807445526 0.570407748222351 0.469638645648956 0.506255149841309 0.526644945144653 0.667379260063171 0.601295650005341 0.682777285575867 0.718133985996246 0.813538014888763 0.730940222740173 0.748192071914673 0.82121753692627 0.847205340862274 0.836977124214172 0.888630986213684 0.900423586368561 0.886937141418457 0.870600163936615 0.839671432971954 0.822634398937225 0.746114730834961 0.695864737033844 0.593030631542206
0.0231061559170485 0.0246076490730047 0.0267652552574873 0.0286377687007189 0.0324454791843891 0.0597517043352127 0.0654680356383324 0.0725485980510712 0.0994379967451096 0.130586445331573 0.13304528594017 0.209831401705742 0.214824020862579 0.263592451810837 0.257806360721588 0.345206201076508 0.363086849451065 0.366869240999222 0.309349745512009 0.355727255344391 0.436898618936539 0.503573715686798 0.412170171737671 0.449776500463486 0.43499219417572 0.412465631961823 0.458796411752701 0.485788583755493 0.578376233577728 0.589708268642426 0.818103313446045 0.845979928970337 0.780662298202515 0.861063063144684 0.857027351856232 0.848746836185455 0.867234706878662 0.869992613792419 0.844417214393616 0.833332359790802 0.81668746471405 0.761382639408112 0.713177144527435 0.606720864772797 0.567476868629456
0.022799339145422 0.0217890944331884 0.037406362593174 0.03482261672616 0.0362224280834198 0.0650527775287628 0.0683238431811333 0.0821154415607452 0.0834402292966843 0.0857211947441101 0.144966378808022 0.19213442504406 0.260886281728745 0.249569162726402 0.272058099508286 0.350748956203461 0.379527032375336 0.397507280111313 0.337219148874283 0.457949608564377 0.466148674488068 0.52090322971344 0.397232323884964 0.515928685665131 0.342832654714584 0.328303217887878 0.329393088817596 0.392225176095963 0.454725950956345 0.604825377464294 0.517664015293121 0.706426441669464 0.556721150875092 0.630699694156647 0.713932275772095 0.820429563522339 0.859526515007019 0.833366215229034 0.821234405040741 0.788818657398224 0.751580953598022 0.710675179958344 0.649865984916687 0.5765740275383 0.501353621482849
0.0320598855614662 0.028133412823081 0.0310552734881639 0.0495459586381912 0.0365258641541004 0.066972628235817 0.0776856318116188 0.110481426119804 0.0819578766822815 0.141777023673058 0.154948934912682 0.211159825325012 0.243159130215645 0.262715429067612 0.278717994689941 0.348805159330368 0.352175563573837 0.426321655511856 0.422785073518753 0.408151149749756 0.462102591991425 0.435512989759445 0.395234197378159 0.473229646682739 0.463387280702591 0.315113425254822 0.312450677156448 0.367763549089432 0.34818297624588 0.409857004880905 0.426670670509338 0.413194358348846 0.501471400260925 0.487779855728149 0.603454768657684 0.743681132793427 0.7791388630867 0.755057156085968 0.757822811603546 0.678056478500366 0.669182896614075 0.640919089317322 0.587766289710999 0.520245969295502 0.47524556517601
0.0258643850684166 0.0317359529435635 0.0311440285295248 0.0382722318172455 0.0421844497323036 0.0556213296949863 0.0806435570120811 0.0802926942706108 0.0963330939412117 0.159111976623535 0.158459007740021 0.174070924520493 0.266512334346771 0.269803136587143 0.33326655626297 0.361607491970062 0.357059687376022 0.388540357351303 0.411487609148026 0.380690634250641 0.378324568271637 0.433451443910599 0.508251309394836 0.478351473808289 0.483009189367294 0.279046267271042 0.291209876537323 0.469167172908783 0.374316304922104 0.295977503061295 0.469373673200607 0.377544581890106 0.369124084711075 0.437866717576981 0.517347574234009 0.696552991867065 0.691528797149658 0.694357216358185 0.677279531955719 0.618539750576019 0.515321493148804 0.555732548236847 0.529643833637238 0.478480815887451 0.434656769037247
0.0300016012042761 0.0328727513551712 0.0424837879836559 0.0432006977498531 0.0578327886760235 0.0624477751553059 0.0870996862649918 0.0861438438296318 0.100960813462734 0.170707210898399 0.176393419504166 0.261396765708923 0.272935092449188 0.283963680267334 0.338123470544815 0.364775627851486 0.387558877468109 0.39890456199646 0.404330015182495 0.343245774507523 0.341243416070938 0.444059759378433 0.421555191278458 0.514224410057068 0.280430197715759 0.33149316906929 0.36037465929985 0.242256730794907 0.283467471599579 0.324391484260559 0.433858573436737 0.370106339454651 0.356561422348022 0.490540325641632 0.522033989429474 0.548320829868317 0.557407081127167 0.620665609836578 0.625698924064636 0.576791703701019 0.542273998260498 0.500305891036987 0.423573464155197 0.390667766332626 0.364152461290359
0.0332288816571236 0.0369432233273983 0.0321599952876568 0.047990757972002 0.053468182682991 0.0869867950677872 0.0965641066431999 0.0854231789708138 0.109343193471432 0.183962687849998 0.184546515345573 0.219315215945244 0.249055698513985 0.269157141447067 0.285147696733475 0.351972788572311 0.376680314540863 0.406423389911652 0.403395235538483 0.373286664485931 0.402228683233261 0.483241766691208 0.376012355089188 0.514622032642365 0.334802120923996 0.201757922768593 0.272008538246155 0.250199735164642 0.327849954366684 0.284731984138489 0.30216771364212 0.268716663122177 0.356888115406036 0.523029506206512 0.509886682033539 0.443037956953049 0.43065819144249 0.539013803005219 0.52002215385437 0.495287865400314 0.471809238195419 0.414811491966248 0.386470764875412 0.349347144365311 0.304841727018356
0.0333804041147232 0.0418896153569221 0.046662013977766 0.0694554448127747 0.0647949576377869 0.0857122540473938 0.117075011134148 0.130865529179573 0.112623579800129 0.198568478226662 0.214250966906548 0.182092502713203 0.243046134710312 0.272470474243164 0.340925991535187 0.349908530712128 0.364780575037003 0.376535713672638 0.394863545894623 0.346399277448654 0.228039249777794 0.261380821466446 0.236331760883331 0.40471675992012 0.3129802942276 0.25009298324585 0.233744487166405 0.297138184309006 0.294240653514862 0.3462133705616 0.256611734628677 0.235442340373993 0.31311497092247 0.336026847362518 0.42633530497551 0.41540589928627 0.400166153907776 0.480661898851395 0.476197123527527 0.435751020908356 0.432476967573166 0.420776337385178 0.360163152217865 0.352643877267838 0.285495311021805
0.0298813097178936 0.0471185743808746 0.0502163842320442 0.0538914166390896 0.0775493308901787 0.100834771990776 0.09015953540802 0.137506797909737 0.185743182897568 0.227619126439095 0.231781035661697 0.271280169487 0.244419798254967 0.268097907304764 0.318950802087784 0.313687652349472 0.339587986469269 0.385096937417984 0.289160698652267 0.315045177936554 0.3566033244133 0.429497957229614 0.427575439214706 0.215926930308342 0.189741387963295 0.235254883766174 0.215324759483337 0.371076852083206 0.278534740209579 0.223274037241936 0.193831101059914 0.227779984474182 0.293595224618912 0.317896544933319 0.36087954044342 0.346677482128143 0.351017117500305 0.386852383613586 0.423012912273407 0.414534002542496 0.389856517314911 0.357765883207321 0.343140453100204 0.315115720033646 0.302149653434753
