data/climate_estimation/maxent_output/Smilax_chingii.asc
NCOLS 215 
NROWS 108 
XLLCORNER 98.25 
YLLCORNER 22.25 
CELLSIZE 0.0833333333333333 
NODATA_value -3.4e+38 
[rows 60 to 79 of 108, columns 0 to 43 of 215]
0.254429548978806 0.447133481502533 0.301614195108414 0.393377065658569 0.329387128353119 0.219126299023628 0.404744982719421 0.593064308166504 0.456056296825409 0.252243667840958 0.49133688211441 0.231721803545952 0.273567318916321 0.23614077270031 0.21654324233532 0.141782939434052 0.110613480210304 0.130805477499962 0.113058172166348 0.10353334993124 0.112280130386353 0.0893445909023285 0.0782134011387825 0.0772234350442886 0.064760610461235 0.0820877701044083 0.0474018305540085 0.04030916467309 0.0412897877395153 0.050843358039856 0.0486567355692387 0.0502474159002304 0.0455386526882648 0.0588983856141567 0.0691904127597809 0.0720383375883102 0.080721840262413 0.0575269535183907 0.0499289482831955 0.0851343348622322 0.0689722672104836 0.0676267221570015 0.0709069669246674 0.0285932812839746
0.343584269285202 0.3533656001091 0.274187117815018 0.377329021692276 0.339769035577774 0.212817832827568 0.422265201807022 0.587449193000793 0.335105806589127 0.260992020368576 0.468782484531403 0.238215237855911 0.256106913089752 0.237194374203682 0.24321722984314 0.141718566417694 0.130208417773247 0.13863679766655 0.13313564658165 0.119657874107361 0.164224907755852 0.0985396504402161 0.0760375261306763 0.112098537385464 0.0975356921553612 0.0767958536744118 0.0855780690908432 0.0637376382946968 0.0549137219786644 0.0597849972546101 0.0617294237017632 0.0525682419538498 0.0589525699615479 0.0910883471369743 0.0807033553719521 0.102316938340664 0.0669557899236679 0.0580368116497993 0.0650844648480415 0.0468139536678791 0.0346437655389309 0.0378637947142124 0.0472644232213497 0.0431636087596416
0.377270251512527 0.419543117284775 0.455064326524734 0.477854430675507 0.452623605728149 0.233369365334511 0.535857498645782 0.594983696937561 0.318280220031738 0.335792422294617 0.446109801530838 0.228178456425667 0.288213759660721 0.294697910547256 0.231252253055573 0.171306386590004 0.154335647821426 0.203984573483467 0.184383034706116 0.119180031120777 0.12826432287693 0.167868301272392 0.138835072517395 0.133579015731812 0.107209756970406 0.082193911075592 0.0888608023524284 0.0554431155323982 0.0598534047603607 0.0736852362751961 0.0514236986637115 0.0705327540636063 0.0522865951061249 0.0867208391427994 0.0745079591870308 0.0795666798949242 0.0694944858551025 0.0782003253698349 0.0755738541483879 0.038951002061367 0.0270502157509327 0.0270433742552996 0.0262380335479975 0.0295228213071823
0.40915647149086 0.457504421472549 0.419088572263718 0.359813243150711 0.437367588281631 0.312786430120468 0.562638998031616 0.58494633436203 0.246122911572456 0.332775354385376 0.428942739963531 0.315775364637375 0.321440756320953 0.287811875343323 0.199423253536224 0.163319364190102 0.18379046022892 0.205967381596565 0.247083529829979 0.140933871269226 0.137690559029579 0.108036652207375 0.191914290189743 0.140409335494041 0.102109178900719 0.093395322561264 0.0871051922440529 0.058580469340086 0.0730854719877243 0.079075813293457 0.0717315748333931 0.0716970190405846 0.0503144338726997 0.0500150732696056 0.0610133223235607 0.0928375795483589 0.0834981501102448 0.0718139931559563 0.0634815692901611 0.0319916307926178 0.0215127598494291 0.0193199347704649 0.00905017368495464 0.00841541308909655
0.457601636648178 0.453044176101685 0.428666979074478 0.276554524898529 0.440972030162811 0.304345041513443 0.563233435153961 0.596939265727997 0.538678169250488 0.450476974248886 0.416811585426331 0.40325078368187 0.271020472049713 0.282736241817474 0.237472653388977 0.22811171412468 0.186675935983658 0.215669736266136 0.265214860439301 0.265563696622849 0.115558862686157 0.0920598283410072 0.208808481693268 0.197525382041931 0.121494598686695 0.122959144413471 0.0977074727416039 0.0640320032835007 0.075377844274044 0.0849243625998497 0.0877436771988869 0.0614064037799835 0.0484383925795555 0.047169279307127 0.0399843119084835 0.051966954022646 0.0597923696041107 0.0526520423591137 0.0521878264844418 0.0228670034557581 0.0147796077653766 0.0108743216842413 0.00528795551508665 0.00766992336139083
0.390854150056839 0.340147823095322 0.421426832675934 0.433405607938766 0.363385587930679 0.380147397518158 0.566687881946564 0.564002215862274 0.583209335803986 0.303909033536911 0.322754085063934 0.319193840026855 0.257494688034058 0.291048794984818 0.238114669919014 0.262436479330063 0.183436006307602 0.182897984981537 0.173186838626862 0.260333746671677 0.228094637393951 0.113172203302383 0.212591871619225 0.216334983706474 0.184328123927116 0.156485423445702 0.109815880656242 0.071257621049881 0.0772070437669754 0.0849373340606689 0.0782363191246986 0.0675614848732948 0.0568095371127129 0.0491508282721043 0.0470539294183254 0.0528211779892445 0.0478349477052689 0.0603235252201557 0.063320055603981 0.0455119162797928 0.0222839098423719 0.0078561007976532 0.00164346606470644 0.0046989805996418
0.459854662418365 0.483662903308868 0.349901705980301 0.519437432289124 0.539425730705261 0.456934481859207 0.482382327318192 0.497776746749878 0.552221059799194 0.460637867450714 0.317148894071579 0.379078179597855 0.349980145692825 0.336207181215286 0.312786668539047 0.232929810881615 0.295399129390717 0.254243105649948 0.204793825745583 0.255835264921188 0.225954219698906 0.167026400566101 0.207337945699692 0.25043910741806 0.20914500951767 0.169027909636497 0.128465443849564 0.0737665519118309 0.0886617228388786 0.0958603322505951 0.0823309496045113 0.0721624046564102 0.0641758441925049 0.0631276667118073 0.0802900940179825 0.05699797347188 0.0486749671399593 0.0594181008636951 0.0837161168456078 0.0400765985250473 0.0264392923563719 0.0166021380573511 0.00231018546037376 0.00133700773585588
0.321038544178009 0.412447929382324 0.423903316259384 0.604872524738312 0.591145217418671 0.623273015022278 0.58165431022644 0.475959688425064 0.41993772983551 0.457326710224152 0.407509535551071 0.320660799741745 0.334043949842453 0.316099733114243 0.269469499588013 0.30013769865036 0.297852456569672 0.267295181751251 0.273778885602951 0.203696683049202 0.264996230602264 0.242929026484489 0.140763774514198 0.262209177017212 0.1892169713974 0.147430330514908 0.151877731084824 0.120569452643394 0.0858174487948418 0.0873653218150139 0.0832474753260612 0.0867903158068657 0.0620542019605637 0.0803419798612595 0.0754698291420937 0.0497201979160309 0.0606981106102467 0.0834583044052124 0.068118505179882 0.0600432083010674 0.0292832143604755 0.0275833774358034 0.00589437549933791 0.00247862003743649
0.310967475175858 0.491382956504822 0.561629116535187 0.617317676544189 0.639524638652802 0.668946027755737 0.479581773281097 0.463127613067627 0.453074663877487 0.428504973649979 0.391552150249481 0.347696721553802 0.360557675361633 0.323427110910416 0.313341736793518 0.29566279053688 0.279291212558746 0.255451232194901 0.240341186523438 0.240285947918892 0.249155730009079 0.216243654489517 0.217139467597008 0.229936450719833 0.21399362385273 0.17343781888485 0.149411574006081 0.143607422709465 0.118745744228363 0.115851052105427 0.0966266095638275 0.0913910791277885 0.0673888996243477 0.0834994688630104 0.0839656293392181 0.049974549561739 0.0613865070044994 0.0796949043869972 0.0824171751737595 0.0569033361971378 0.0456808693706989 0.0551951862871647 0.0245502963662148 0.00735093606635928
0.468859821557999 0.483176052570343 0.610789954662323 0.617261528968811 0.704952478408813 0.663964569568634 0.553141474723816 0.451079726219177 0.428377479314804 0.360803365707397 0.337832599878311 0.322327554225922 0.282312124967575 0.27581849694252 0.293108344078064 0.241648271679878 0.304381906986237 0.275858610868454 0.203441560268402 0.227373763918877 0.190318256616592 0.263011693954468 0.260285794734955 0.193337067961693 0.21164558827877 0.178474426269531 0.157916322350502 0.155305683612823 0.122502014040947 0.11691378057003 0.0851138606667519 0.0844467878341675 0.073935255408287 0.0598710104823112 0.0612721107900143 0.0639599114656448 0.0908774361014366 0.10414994508028 0.0885419175028801 0.0520337484776974 0.0574975460767746 0.0651772767305374 0.042241744697094 0.0486024059355259
0.519690930843353 0.538942754268646 0.623257040977478 0.610035836696625 0.719572126865387 0.627255141735077 0.594842076301575 0.559333920478821 0.4067063331604 0.329609602689743 0.32996940612793 0.299840301275253 0.231230020523071 0.257791012525558 0.278275161981583 0.228228509426117 0.256207227706909 0.269151210784912 0.254604607820511 0.232380881905556 0.221796840429306 0.213524550199509 0.255988448858261 0.180892169475555 0.193909972906113 0.184861898422241 0.107220843434334 0.14039558172226 0.135087743401527 0.107477523386478 0.113815121352673 0.0960997268557549 0.0982542112469673 0.099873773753643 0.0597644820809364 0.0667822957038879 0.0958832129836082 0.0972286835312843 0.0641346052289009 0.0463941693305969 0.0361968874931335 0.0513448007404804 0.0797206088900566 0.108266569674015
0.535119116306305 0.53957998752594 0.623796939849854 0.682341456413269 0.704683721065521 0.549944639205933 0.619661808013916 0.524156451225281 0.378244549036026 0.377061247825623 0.306432992219925 0.280482709407806 0.317276746034622 0.213912516832352 0.255176842212677 0.245368704199791 0.245702758431435 0.269191116094589 0.251447916030884 0.197763681411743 0.192828625440598 0.220542535185814 0.235189348459244 0.21630771458149 0.177416414022446 0.172671228647232 0.137336641550064 0.118922531604767 0.137439846992493 0.0991590172052383 0.0895315185189247 0.0947875678539276 0.116481423377991 0.11271134018898 0.0871262550354004 0.0883388519287109 0.0821464285254478 0.0764037668704987 0.057270810008049 0.0360323339700699 0.0412420593202114 0.0429397486150265 0.0747280046343803 0.0962554886937141
0.543384671211243 0.540697276592255 0.589299559593201 0.676513433456421 0.713274359703064 0.531647622585297 0.596147179603577 0.511088490486145 0.403552383184433 0.366741806268692 0.33390274643898 0.225999146699905 0.310880362987518 0.270421892404556 0.247447103261948 0.303824096918106 0.266926497220993 0.203701198101044 0.258326262235641 0.215762242674828 0.185922235250473 0.213366374373436 0.2126175314188 0.240593254566193 0.165681004524231 0.201080098748207 0.195771038532257 0.138165324926376 0.125079393386841 0.11970116943121 0.078206978738308 0.107000946998596 0.123850479722023 0.103068858385086 0.0717166811227798 0.0639725774526596 0.055363155901432 0.0543066598474979 0.0639087855815887 0.0618769153952599 0.0514057576656342 0.0526067353785038 0.0798920467495918 0.0604713633656502
0.505448460578918 0.57709127664566 0.579633057117462 0.631982386112213 0.693892657756805 0.636402726173401 0.606092512607574 0.557545363903046 0.402671694755554 0.330058693885803 0.288171201944351 0.196118503808975 0.261207401752472 0.268808782100677 0.244926482439041 0.212433725595474 0.238693386316299 0.230724230408669 0.237664848566055 0.242450073361397 0.167388677597046 0.221566021442413 0.207818359136581 0.211152464151382 0.211259484291077 0.162579625844955 0.163752853870392 0.147465273737907 0.0989012569189072 0.0798910930752754 0.100279927253723 0.14753033220768 0.136721640825272 0.102329924702644 0.0650379806756973 0.060851663351059 0.0645324364304543 0.0651912316679955 0.0491586402058601 0.0520588792860508 0.0511440373957157 0.0604601390659809 0.0538650900125504 0.0544239282608032
0.500496566295624 0.551891148090363 0.606691718101501 0.656555593013763 0.653951406478882 0.654884934425354 0.610954880714417 0.542707204818726 0.370128482580185 0.338016599416733 0.275629132986069 0.208241671323776 0.242043286561966 0.206782504916191 0.198657691478729 0.241541832685471 0.270116239786148 0.1895352602005 0.222825720906258 0.239010006189346 0.188654825091362 0.18231312930584 0.198242649435997 0.213501915335655 0.214447990059853 0.193709433078766 0.154711246490479 0.111071452498436 0.0930689349770546 0.111436806619167 0.0777996629476547 0.13761268556118 0.124660603702068 0.101732432842255 0.0682185739278793 0.0588734224438667 0.0775136724114418 0.0962804704904556 0.0634597167372704 0.042034812271595 0.0473019294440746 0.0481863729655743 0.0472669452428818 0.0125954877585173
0.525457262992859 0.48176309466362 0.594218611717224 0.613755226135254 0.640079259872437 0.639160752296448 0.581410944461823 0.363340795040131 0.410492748022079 0.319231331348419 0.280487209558487 0.249345913529396 0.218290343880653 0.20855325460434 0.192632660269737 0.245406836271286 0.270205557346344 0.214941933751106 0.235367923974991 0.235145285725594 0.227700501680374 0.144746452569962 0.173303574323654 0.130314558744431 0.175822451710701 0.171179264783859 0.15728035569191 0.146057680249214 0.173314213752747 0.102120526134968 0.123248688876629 0.08232781291008 0.102471329271793 0.0879144892096519 0.101235300302505 0.0498922616243362 0.0722391307353973 0.0762290880084038 0.0678973719477654 0.0612671598792076 0.0666270107030869 0.0546193607151508 0.0432437136769295 0.0141139077022672
0.436590105295181 0.416183710098267 0.532467126846313 0.6000155210495 0.598796963691711 0.611291289329529 0.592191338539124 0.346244961023331 0.458856403827667 0.366028040647507 0.27813795208931 0.285231053829193 0.27019527554512 0.24181205034256 0.213420987129211 0.259256958961487 0.226707518100739 0.20773620903492 0.183829858899117 0.230725958943367 0.220848962664604 0.198811873793602 0.175747379660606 0.155899912118912 0.165772438049316 0.188486695289612 0.158606439828873 0.187178984284401 0.200020343065262 0.176936507225037 0.165253192186356 0.0657791122794151 0.0709825754165649 0.112342730164528 0.123721145093441 0.0864643305540085 0.048984419554472 0.0595039613544941 0.0663658007979393 0.0678519085049629 0.076055184006691 0.0546869933605194 0.0631601065397263 0.0155769409611821
0.380606949329376 0.471345782279968 0.522042095661163 0.544318377971649 0.537055850028992 0.612927258014679 0.58254736661911 0.492117047309875 0.491100668907166 0.3743876516819 0.321934998035431 0.283386945724487 0.316285133361816 0.261769235134125 0.233062341809273 0.224266052246094 0.206939697265625 0.231011033058167 0.224699154496193 0.170384183526039 0.217141211032867 0.224646538496017 0.150207623839378 0.166210412979126 0.135843023657799 0.13823513686657 0.158199608325958 0.133814081549644 0.156019404530525 0.176908954977989 0.126244485378265 0.17865101993084 0.0541443713009357 0.0877584367990494 0.0915769562125206 0.118529066443443 0.0621331781148911 0.043777409940958 0.0422548167407513 0.0795694664120674 0.0826926678419113 0.0533228255808353 0.0234055779874325 0.0160498358309269
0.389835923910141 0.46625691652298 0.412885308265686 0.45197057723999 0.512982904911041 0.555399835109711 0.58807760477066 0.553568184375763 0.541639804840088 0.499631285667419 0.358959019184113 0.326597154140472 0.333772242069244 0.284946292638779 0.237768426537514 0.22328869998455 0.244430884718895 0.205062791705132 0.22198785841465 0.21672160923481 0.201437920331955 0.16047964990139 0.131372526288033 0.156501471996307 0.193919092416763 0.101058594882488 0.118171773850918 0.177286103367805 0.106978751718998 0.101736404001713 0.100655943155289 0.147776767611504 0.178803965449333 0.0518725886940956 0.0639957040548325 0.0830707922577858 0.0860443040728569 0.045145321637392 0.0670036897063255 0.0200802087783813 0.0973414108157158 0.0451991818845272 0.0258816685527563 0.031485129147768
0.325756162405014 0.301371783018112 0.373386353254318 0.443384051322937 0.47238501906395 0.532569348812103 0.564852058887482 0.505136251449585 0.516164720058441 0.465566247701645 0.396349489688873 0.328421652317047 0.315226286649704 0.308446168899536 0.254583448171616 0.225571617484093 0.211318954825401 0.217839404940605 0.220199644565582 0.207628667354584 0.228765711188316 0.246865093708038 0.169216752052307 0.167222872376442 0.197103500366211 0.153889790177345 0.0722062811255455 0.137866154313087 0.183477953076363 0.0896768942475319 0.0795605927705765 0.0887166261672974 0.208107993006706 0.15628607571125 0.0455968379974365 0.0625051483511925 0.0575314871966839 0.041706595569849 0.0148516092449427 0.0511888638138771 0.0823123678565025 0.0412022098898888 0.103557497262955 0.0811445191502571
