data/climate_estimation/maxent_output/Smilax_lasioneura.asc
NCOLS 410 
NROWS 283 
XLLCORNER -109.583333333333 
YLLCORNER 29.0833333333333 
CELLSIZE 0.0833333333333333 
NODATA_value -3.4e+38 
[rows 40 to 59 of 283, columns 220 to 263 of 410]
0.267673939466476 0.377257496118546 0.314678281545639 0.316073954105377 0.296417236328125 0.278328895568848 0.262239754199982 0.242924451828003 0.246319860219955 0.279011964797974 0.308077156543732 0.30762779712677 0.308340817689896 0.338164240121841 0.334688276052475 0.333357751369476 0.339968651533127 0.337144732475281 0.332247793674469 0.361438632011414 0.333602696657181 0.327065765857697 0.379203289747238 0.402391701936722 0.407927960157394 0.353822320699692 0.373463988304138 0.32306957244873 0.345133811235428 0.275352120399475 0.0775309354066849 0.0600677505135536 0.0651194453239441 0.0719279944896698 0.0704158321022987 0.053780160844326 0.0483650900423527 0.036968570202589 0.0227567721158266 0.0209430530667305 0.0154422717168927 0.0141867194324732 0.010610549710691 0.00877584796398878
0.248595714569092 0.251392960548401 0.349450290203094 0.316784411668777 0.300789415836334 0.28273406624794 0.283117413520813 0.28991711139679 0.272341191768646 0.299714535474777 0.302948623895645 0.310422956943512 0.312282532453537 0.337639659643173 0.362238109111786 0.331369996070862 0.335813909769058 0.334903091192245 0.335073173046112 0.35964760184288 0.333506047725677 0.353660196065903 0.352526992559433 0.351613491773605 0.322332113981247 0.348296254873276 0.346496105194092 0.296198010444641 0.270803511142731 0.0942865833640099 0.0862133279442787 0.0792821645736694 0.0593989640474319 0.059756763279438 0.0716062039136887 0.0593337453901768 0.0537656657397747 0.0367140807211399 0.0251671615988016 0.0172707289457321 0.0142851294949651 0.0118059990927577 0.00989637617021799 0.00720384856685996
0.252473324537277 0.233457192778587 0.353304445743561 0.348035126924515 0.350285798311234 0.323402404785156 0.333675712347031 0.310708194971085 0.293138325214386 0.302570700645447 0.327093780040741 0.333546996116638 0.336928993463516 0.337704956531525 0.365101099014282 0.358185917139053 0.362589508295059 0.329016029834747 0.353114604949951 0.326260298490524 0.354539632797241 0.354262590408325 0.35275936126709 0.324400842189789 0.297814518213272 0.322082549333572 0.34278815984726 0.231423288583755 0.247223794460297 0.0789573788642883 0.0718458443880081 0.0727802589535713 0.0499613918364048 0.0500216260552406 0.0654046088457108 0.072381816804409 0.0551569014787674 0.0457332134246826 0.0279886033385992 0.0157615710049868 0.0131590580567718 0.00981022138148546 0.00732700154185295 0.00675259996205568
0.270517438650131 0.405252128839493 0.408676713705063 0.405477106571198 0.380846410989761 0.351334869861603 0.334278792142868 0.332620650529861 0.31373056769371 0.322791337966919 0.331439197063446 0.331947356462479 0.334949463605881 0.333295196294785 0.339364111423492 0.357055991888046 0.363122493028641 0.327591687440872 0.351007670164108 0.33137184381485 0.355301678180695 0.346853286027908 0.326021790504456 0.30234107375145 0.293587207794189 0.297418415546417 0.271465063095093 0.193730548024178 0.0598656050860882 0.0550517961382866 0.0600581914186478 0.0607332661747932 0.0552945174276829 0.0382577367126942 0.0463074892759323 0.0549018494784832 0.0412415079772472 0.0380660481750965 0.0313783101737499 0.0147549258545041 0.00999387074261904 0.00822680722922087 0.00917220581322908 0.00567131955176592
0.31543955206871 0.434774130582809 0.402756333351135 0.381316989660263 0.385243594646454 0.353094071149826 0.362486332654953 0.362486332654953 0.342786401510239 0.347740262746811 0.355996042490005 0.361327439546585 0.359280526638031 0.334283292293549 0.329562187194824 0.35964235663414 0.355268180370331 0.347701996564865 0.324326813220978 0.324575960636139 0.321101427078247 0.297526270151138 0.302391439676285 0.299360901117325 0.26725098490715 0.272122353315353 0.244299858808517 0.161902487277985 0.179473623633385 0.0615265779197216 0.0562812499701977 0.0508666224777699 0.0509224496781826 0.0386545732617378 0.0470254085958004 0.0470824167132378 0.0464465729892254 0.0426163263618946 0.0317360311746597 0.0218708068132401 0.014872882515192 0.0112264761701226 0.00930022355169058 0.00516948709264398
0.465448945760727 0.464450389146805 0.468692660331726 0.402477622032166 0.408860385417938 0.412923485040665 0.388923615217209 0.386161834001541 0.367264300584793 0.371680587530136 0.343987554311752 0.356359541416168 0.33164381980896 0.329948157072067 0.326879948377609 0.330153554677963 0.305164515972137 0.330249428749084 0.32708814740181 0.346309125423431 0.346922665834427 0.31969827413559 0.296981930732727 0.269523918628693 0.243312537670135 0.250718414783478 0.211769297719002 0.189597889780998 0.045786626636982 0.0464440695941448 0.046815849840641 0.047698188573122 0.0475082248449326 0.0478474460542202 0.0475682504475117 0.0475957170128822 0.0425385236740112 0.035592395812273 0.02911277115345 0.0247148647904396 0.0200281459838152 0.0167459771037102 0.0125878257676959 0.00713189598172903
0.501653373241425 0.499803245067596 0.46299022436142 0.433616608381271 0.407147526741028 0.409789800643921 0.383074253797531 0.360659033060074 0.369736671447754 0.342028975486755 0.338330566883087 0.320924371480942 0.325415462255478 0.302681088447571 0.301566034555435 0.302643537521362 0.302539259195328 0.296521097421646 0.299478828907013 0.320085942745209 0.370901226997375 0.31054899096489 0.312180042266846 0.263599634170532 0.2433021068573 0.221678927540779 0.206682428717613 0.123482204973698 0.0354219451546669 0.035335835069418 0.0353657975792885 0.043475229293108 0.047903835773468 0.0481972955167294 0.0483425445854664 0.0399929694831371 0.0296668969094753 0.0275007840245962 0.020249405875802 0.0183578170835972 0.0114747537299991 0.0127233499661088 0.00944951921701431 0.00866628158837557
0.533777177333832 0.525263845920563 0.498826444149017 0.438900619745255 0.403035402297974 0.377771347761154 0.38445857167244 0.361891031265259 0.332466781139374 0.338725954294205 0.314059644937515 0.316351383924484 0.296880513429642 0.298074841499329 0.295904725790024 0.296138733625412 0.315901517868042 0.315261870622635 0.317294389009476 0.340434670448303 0.336087226867676 0.283756703138351 0.265698403120041 0.244036123156548 0.222008109092712 0.238470077514648 0.183891907334328 0.111624389886856 0.0352011322975159 0.0323875844478607 0.0363460592925549 0.0440050177276134 0.0484495721757412 0.0440340787172318 0.0440080687403679 0.0303315985947847 0.0225052200257778 0.0248689781874418 0.0225218795239925 0.0203173346817493 0.0167934894561768 0.0141377216205001 0.0117705864831805 0.00877020508050919
0.557754397392273 0.523144960403442 0.453897804021835 0.468198746442795 0.434682726860046 0.403521537780762 0.37817507982254 0.378942430019379 0.353703916072845 0.3294937312603 0.306765884160995 0.307206451892853 0.313188672065735 0.286946922540665 0.288172572851181 0.314690381288528 0.335313946008682 0.30819970369339 0.325437664985657 0.382128775119781 0.32964488863945 0.304992645978928 0.261058151721954 0.240924268960953 0.233820661902428 0.216224402189255 0.184712275862694 0.0427387282252312 0.0484450794756413 0.0481487773358822 0.044001717120409 0.0534165240824223 0.0540134496986866 0.044169258326292 0.0370883978903294 0.0332388766109943 0.0276209246367216 0.0280200336128473 0.0249985251575708 0.0207669287919998 0.0169632118195295 0.0130682280287147 0.0106787029653788 0.00896070804446936
0.589034557342529 0.552703201770782 0.554396212100983 0.520788192749023 0.520943284034729 0.49017721414566 0.429703056812286 0.375119984149933 0.323304146528244 0.324332714080811 0.277915418148041 0.280342817306519 0.284150063991547 0.281977564096451 0.28417506814003 0.301672339439392 0.322552710771561 0.325555950403214 0.347922831773758 0.380605727434158 0.32548052072525 0.299755543470383 0.300244390964508 0.253184676170349 0.294375717639923 0.248172581195831 0.180840387940407 0.0844650790095329 0.08391223102808 0.0780794471502304 0.0595226585865021 0.0596174001693726 0.0487009584903717 0.0444240309298038 0.0410437434911728 0.0364828296005726 0.033921305090189 0.0280275028198957 0.0232005622237921 0.0208590105175972 0.0155346496030688 0.0129746543243527 0.0109767345711589 0.00906460918486118
0.62424248456955 0.623411476612091 0.621575117111206 0.583864152431488 0.552082359790802 0.452662348747253 0.369804352521896 0.321344166994095 0.317471295595169 0.268578618764877 0.253058701753616 0.250610709190369 0.232718005776405 0.234170779585838 0.276727348566055 0.276752203702927 0.233993098139763 0.233057975769043 0.273512870073318 0.367672652006149 0.365746289491653 0.39090496301651 0.38784047961235 0.41809606552124 0.44021287560463 0.326188772916794 0.122003979980946 0.111833848059177 0.0920581892132759 0.0589036904275417 0.0651299655437469 0.0659203678369522 0.0541801862418652 0.0451435297727585 0.0409513562917709 0.0377081446349621 0.030953535810113 0.0276813339442015 0.0231219176203012 0.0193140283226967 0.0156963244080544 0.0133033283054829 0.0108262272551656 0.00895759649574757
0.644582629203796 0.650860667228699 0.620276153087616 0.548024237155914 0.4795942902565 0.452457636594772 0.422808229923248 0.360264927148819 0.309276670217514 0.266375511884689 0.224374800920486 0.229402408003807 0.210393279790878 0.211257830262184 0.179909437894821 0.182178020477295 0.177812248468399 0.245775654911995 0.387469291687012 0.358067184686661 0.357928663492203 0.390358507633209 0.504048526287079 0.497150897979736 0.463025033473969 0.322094112634659 0.124216496944427 0.113035403192043 0.0768320113420486 0.0713033080101013 0.0721723660826683 0.0648685097694397 0.0545032061636448 0.0494727417826653 0.0405448339879513 0.0374244637787342 0.0311175789684057 0.0286195985972881 0.023271830752492 0.0213666725903749 0.0175943691283464 0.0147652262821794 0.0122609511017799 0.0100799640640616
0.606109619140625 0.606406033039093 0.607645392417908 0.610596477985382 0.575514078140259 0.471767663955688 0.41000309586525 0.354514122009277 0.285118997097015 0.217357695102692 0.202561810612679 0.170117393136024 0.157110080122948 0.149595990777016 0.146811455488205 0.188192591071129 0.243202060461044 0.300843864679337 0.350328296422958 0.302212774753571 0.265596717596054 0.464836478233337 0.37477570772171 0.259817481040955 0.352031469345093 0.324284553527832 0.123284891247749 0.102981671690941 0.0957989022135735 0.085898831486702 0.0796678587794304 0.065473772585392 0.0596438124775887 0.0499435476958752 0.0459409728646278 0.037615604698658 0.0341344475746155 0.0284956134855747 0.0256219450384378 0.0213378090411425 0.0176777485758066 0.0145337861031294 0.0121505167335272 0.0100725740194321
0.531708061695099 0.564087808132172 0.605112552642822 0.602009177207947 0.604722678661346 0.49942934513092 0.405498921871185 0.294510185718536 0.233439370989799 0.165106773376465 0.142155334353447 0.129153147339821 0.139893084764481 0.138981893658638 0.16497927904129 0.200625598430634 0.198071718215942 0.214165166020393 0.254737466573715 0.222591295838356 0.221160396933556 0.277879893779755 0.280411809682846 0.293436586856842 0.342515885829926 0.269388020038605 0.114210560917854 0.11312048137188 0.0943102538585663 0.0871102660894394 0.0790141597390175 0.0664957910776138 0.0594347529113293 0.0548563785851002 0.0451798923313618 0.0411737933754921 0.0379029028117657 0.031413309276104 0.0259801857173443 0.0215096566826105 0.0197677817195654 0.0163023173809052 0.0135811576619744 0.0110770538449287
0.557721555233002 0.55243980884552 0.524166941642761 0.534105002880096 0.458495050668716 0.405881196260452 0.295748203992844 0.210210368037224 0.177735790610313 0.13573993742466 0.112476654350758 0.114160232245922 0.115406386554241 0.115915410220623 0.147731363773346 0.164710447192192 0.208506897091866 0.190147385001183 0.229008421301842 0.218437522649765 0.217356219887733 0.273819863796234 0.315910577774048 0.334729015827179 0.336445212364197 0.135996982455254 0.125196784734726 0.115881130099297 0.105295829474926 0.0866765230894089 0.079884797334671 0.066896565258503 0.060255978256464 0.0554001554846764 0.0504988804459572 0.0418551117181778 0.0380128547549248 0.0309330318123102 0.0287811364978552 0.0238940138369799 0.0216230824589729 0.0179917495697737 0.0150607079267502 0.0137554602697492
0.513039350509644 0.455957472324371 0.426740646362305 0.395916283130646 0.290894359350204 0.246594861149788 0.176484003663063 0.136276975274086 0.113630764186382 0.0922167152166367 0.0836657583713531 0.0793461799621582 0.0776273608207703 0.08542101085186 0.121171586215496 0.146744132041931 0.172471851110458 0.220079183578491 0.196618035435677 0.213003247976303 0.312835484743118 0.333889693021774 0.357677310705185 0.330057352781296 0.137791872024536 0.139334589242935 0.127997919917107 0.115658275783062 0.0957663878798485 0.0802355408668518 0.0738467127084732 0.0732092261314392 0.0669577196240425 0.0598715730011463 0.0553884506225586 0.0457348711788654 0.0421711802482605 0.0347287692129612 0.0317348763346672 0.0264263208955526 0.0241396520286798 0.0198544636368752 0.0182019155472517 0.0149895260110497
0.447012841701508 0.411118894815445 0.359590142965317 0.287698894739151 0.243667602539062 0.189830839633942 0.145264998078346 0.110218569636345 0.0837853699922562 0.0686529129743576 0.0617256313562393 0.0607054270803928 0.0696985125541687 0.0770670101046562 0.0914912521839142 0.130317956209183 0.142711892724037 0.167742878198624 0.243233561515808 0.303394198417664 0.325793206691742 0.330203026533127 0.321713596582413 0.322388708591461 0.153103113174438 0.128196910023689 0.0871340408921242 0.0886593237519264 0.0974208414554596 0.0961730629205704 0.0886264368891716 0.0795976370573044 0.0733906552195549 0.0674356743693352 0.0563248135149479 0.0509826168417931 0.0462936051189899 0.0387744903564453 0.0352075546979904 0.0292552467435598 0.0265926960855722 0.0221410971134901 0.0202479064464569 0.0187249500304461
0.375980734825134 0.348808795213699 0.303132772445679 0.244532689452171 0.221651971340179 0.169591039419174 0.129503890872002 0.0977788046002388 0.0729178786277771 0.0547217018902302 0.0561416111886501 0.0605650842189789 0.0666987523436546 0.087063804268837 0.135901391506195 0.188508614897728 0.28458109498024 0.276632100343704 0.297033816576004 0.29542800784111 0.318828076124191 0.321870893239975 0.315128028392792 0.156165570020676 0.141317144036293 0.117872275412083 0.130158439278603 0.127531856298447 0.116144925355911 0.107793971896172 0.0967735797166824 0.0882315784692764 0.0806301906704903 0.0741324350237846 0.0612343698740005 0.0558563396334648 0.0502426587045193 0.0426748208701611 0.0390753634274006 0.0353922247886658 0.0293754581362009 0.0266826767474413 0.0221856776624918 0.0201454106718302
0.344851702451706 0.323573887348175 0.253699749708176 0.216225832700729 0.212332352995872 0.16380886733532 0.136399015784264 0.110424757003784 0.0919116288423538 0.0761503428220749 0.0751090198755264 0.107295349240303 0.16556490957737 0.230616882443428 0.295141279697418 0.320214569568634 0.346645355224609 0.294573247432709 0.317020863294601 0.318558782339096 0.319351226091385 0.316687643527985 0.316076815128326 0.156906485557556 0.152691304683685 0.157379701733589 0.141350641846657 0.127695754170418 0.129495605826378 0.117375947535038 0.105257749557495 0.0970193445682526 0.0892259255051613 0.0743070095777512 0.0678277239203453 0.0615842528641224 0.056546438485384 0.0466596074402332 0.0426785796880722 0.0390598550438881 0.0361955799162388 0.0295606460422277 0.0268694665282965 0.0247470270842314
0.297582447528839 0.273616105318069 0.250933974981308 0.212708666920662 0.207985356450081 0.190277025103569 0.168658465147018 0.16568523645401 0.22710482776165 0.264232128858566 0.307824730873108 0.309920936822891 0.309989541769028 0.311900109052658 0.334276765584946 0.271530091762543 0.294984459877014 0.292331248521805 0.317766606807709 0.31423756480217 0.315474808216095 0.313821226358414 0.171953409910202 0.156697139143944 0.154139369726181 0.154815152287483 0.139937177300453 0.140181884169579 0.129383027553558 0.116962015628815 0.116937823593616 0.0972115993499756 0.0980095192790031 0.0819350555539131 0.0740790814161301 0.0678875148296356 0.0620315968990326 0.0571180023252964 0.0518642887473106 0.0471955947577953 0.0389962196350098 0.0358034744858742 0.0297809783369303 0.0273671727627516
