data/climate_estimation/maxent_output/Smilax_herbacea.asc
NCOLS 351 
NROWS 210 
XLLCORNER -94.4166666666667 
YLLCORNER 31.25 
CELLSIZE 0.0833333333333333 
NODATA_value -3.4e+38 
[rows 126 to 146 of 210, columns 0 to 46 of 351]
0.0328920036554337 0.0365865416824818 0.0450193807482719 0.0415506325662136 0.0457919873297215 0.0423553958535194 0.0460596829652786 0.0467520020902157 0.0558042116463184 0.0558196008205414 0.0625269785523415 0.0675226375460625 0.0756641253829002 0.076896570622921 0.0780217126011848 0.0770753175020218 0.0848102271556854 0.0832355991005898 0.092791274189949 0.0885709151625633 0.0871675387024879 0.0947234332561493 0.103683844208717 0.105095855891705 0.126237720251083 0.126214921474457 0.151584580540657 0.155664697289467 0.169152140617371 0.184077441692352 0.195551499724388 0.212211459875107 0.231182530522346 0.25255361199379 0.248389586806297 0.289664000272751 0.336053520441055 0.335695624351501 0.381070077419281 0.374855935573578 0.374670088291168 0.405269652605057 0.408624351024628 0.412222236394882 0.43873804807663 0.445577949285507 0.446009963750839
0.0355257242918015 0.0391796417534351 0.040297195315361 0.0444390438497066 0.0443925745785236 0.0489670932292938 0.0496901385486126 0.0548130571842194 0.0548105649650097 0.0605358928442001 0.0674056708812714 0.0744629949331284 0.0734179392457008 0.0768433138728142 0.0768424794077873 0.0856168195605278 0.0854659751057625 0.0913200005888939 0.0896629616618156 0.0868972092866898 0.101585395634174 0.103084824979305 0.12403529882431 0.137453302741051 0.135406836867332 0.162194192409515 0.196209073066711 0.198020786046982 0.214900836348534 0.213285937905312 0.225777000188828 0.245350360870361 0.247241780161858 0.265206545591354 0.311440825462341 0.311350613832474 0.349021732807159 0.351329326629639 0.374565809965134 0.401277363300323 0.376863569021225 0.407550871372223 0.416945040225983 0.443542212247849 0.408473938703537 0.415291279554367 0.442048996686935
0.0392860993742943 0.0391796417534351 0.0432066023349762 0.0437613688409328 0.0482312217354774 0.0482015497982502 0.0539617836475372 0.0539183355867863 0.0594274252653122 0.05953099578619 0.0663714557886124 0.0744874849915504 0.0744908377528191 0.0745678618550301 0.085502065718174 0.0830499157309532 0.0985657051205635 0.0967976003885269 0.10303807258606 0.101203694939613 0.121567279100418 0.121665075421333 0.143937796354294 0.159275993704796 0.193170681595802 0.193187966942787 0.20969170331955 0.252589613199234 0.25080218911171 0.241141125559807 0.261997193098068 0.283038645982742 0.297749936580658 0.320898175239563 0.320738255977631 0.348451972007751 0.345843374729156 0.342246830463409 0.365709781646729 0.373424053192139 0.409866988658905 0.412512987852097 0.410217970609665 0.41043159365654 0.41358345746994 0.443435072898865 0.451034665107727
0.0386707447469234 0.0432849302887917 0.0438716076314449 0.0490553937852383 0.0489459149539471 0.053192812949419 0.0531728081405163 0.0530801974236965 0.0595388002693653 0.0652393400669098 0.0732498317956924 0.0756216645240784 0.0744490101933479 0.0734049305319786 0.091106653213501 0.0984664931893349 0.098180390894413 0.116099938750267 0.11071839183569 0.119659900665283 0.134398683905602 0.147718742489815 0.156699553132057 0.187107935547829 0.208843529224396 0.244625255465508 0.244718849658966 0.288837552070618 0.286904871463776 0.280751436948776 0.307389408349991 0.317687213420868 0.320073038339615 0.344966322183609 0.341038674116135 0.341073304414749 0.369869410991669 0.373223215341568 0.364642858505249 0.403075993061066 0.411981910467148 0.411708116531372 0.408929973840714 0.412150949239731 0.41277664899826 0.442610234022141 0.446573346853256
0.043354719877243 0.0439380332827568 0.048345860093832 0.0482793040573597 0.0540042407810688 0.0547839999198914 0.0540015138685703 0.0586735010147095 0.0595549494028091 0.0720311403274536 0.0742995738983154 0.0742995738983154 0.073256716132164 0.0807388722896576 0.0895063430070877 0.0968382135033607 0.114471077919006 0.115814030170441 0.121595323085785 0.136516615748405 0.160926982760429 0.175458490848541 0.189564943313599 0.203377828001976 0.241457417607307 0.277900069952011 0.297096222639084 0.297977924346924 0.302634388208389 0.340615779161453 0.336692571640015 0.344339400529861 0.344134122133255 0.340390682220459 0.368394881486893 0.363667696714401 0.402221977710724 0.371705621480942 0.398653894662857 0.397955685853958 0.40171617269516 0.410588085651398 0.413997769355774 0.414104849100113 0.444141447544098 0.444902688264847 0.445078253746033
0.0477258674800396 0.0490854792296886 0.058409795165062 0.0582883693277836 0.0591223128139973 0.0538871809840202 0.0585961230099201 0.0595493093132973 0.0719498693943024 0.0730641186237335 0.0741356909275055 0.0882102623581886 0.0869339108467102 0.0955524817109108 0.0982215628027916 0.11793328076601 0.117551505565643 0.136947691440582 0.134671211242676 0.161314338445663 0.177819222211838 0.209090530872345 0.208719685673714 0.238405078649521 0.278095811605453 0.303626328706741 0.3330979347229 0.342166930437088 0.339534342288971 0.375854790210724 0.344052493572235 0.372854620218277 0.375159621238708 0.371917307376862 0.370934396982193 0.392059147357941 0.396859437227249 0.403713643550873 0.400522798299789 0.403713643550873 0.403476893901825 0.409710198640823 0.406535506248474 0.435959875583649 0.439778208732605 0.446517616510391 0.450419127941132
0.0521227307617664 0.0527780652046204 0.0590254291892052 0.0702358484268188 0.0650007426738739 0.0649972185492516 0.0649758726358414 0.0717991441488266 0.0717756450176239 0.0867635607719421 0.0892899334430695 0.0969399064779282 0.096864327788353 0.104250147938728 0.114445015788078 0.124773405492306 0.124529972672462 0.147150680422783 0.161478787660599 0.178014054894447 0.211325153708458 0.228242143988609 0.244867101311684 0.258879721164703 0.30138748884201 0.344431638717651 0.341619253158569 0.345224261283875 0.368438273668289 0.376053899526596 0.37906152009964 0.375770419836044 0.377827942371368 0.370581775903702 0.369945585727692 0.365652829408646 0.371946334838867 0.374573230743408 0.399436980485916 0.405510097742081 0.408669412136078 0.414859890937805 0.411916106939316 0.405737906694412 0.412450641393661 0.445354849100113 0.452826887369156
0.0616932958364487 0.0635033622384071 0.0710119530558586 0.0709754824638367 0.0709548071026802 0.0782955959439278 0.0783279463648796 0.0772159099578857 0.0851543694734573 0.0863979458808899 0.10419737547636 0.107442110776901 0.114679582417011 0.115951523184776 0.126602113246918 0.138626053929329 0.147144049406052 0.176030993461609 0.191350236535072 0.213303208351135 0.230647891759872 0.269513070583344 0.264850497245789 0.305165976285934 0.344902485609055 0.344956636428833 0.37410843372345 0.377491235733032 0.372833728790283 0.379474699497223 0.382675737142563 0.384571492671967 0.377583473920822 0.373217016458511 0.372224062681198 0.368348807096481 0.368303000926971 0.373777598142624 0.373791933059692 0.379752159118652 0.404702842235565 0.43410736322403 0.443465083837509 0.447064369916916 0.450232267379761 0.474999040365219 0.472903877496719
0.0633286237716675 0.0763762220740318 0.0774872004985809 0.0853753611445427 0.0853996202349663 0.084085538983345 0.094181977212429 0.0914650037884712 0.0928436443209648 0.102391101419926 0.103940136730671 0.124960698187351 0.139170572161674 0.137058570981026 0.151074826717377 0.150866016745567 0.177998661994934 0.191308289766312 0.22886560857296 0.247360080480576 0.27011650800705 0.267760127782822 0.28882771730423 0.308195352554321 0.345495760440826 0.380104392766953 0.380477577447891 0.384041845798492 0.406676709651947 0.413977146148682 0.385744452476501 0.384554147720337 0.377136826515198 0.375978708267212 0.374622255563736 0.371000498533249 0.37326580286026 0.375912755727768 0.373251497745514 0.403910368680954 0.433438301086426 0.426679581403732 0.430693507194519 0.440369546413422 0.483978718519211 0.471165657043457 0.472491145133972
0.0630790740251541 0.0760918185114861 0.0850836038589478 0.0917777493596077 0.10101230442524 0.101017378270626 0.111224569380283 0.109866105020046 0.111540608108044 0.11324418336153 0.126367390155792 0.147554650902748 0.14925192296505 0.151009082794189 0.176002278923988 0.192811951041222 0.228603720664978 0.226794540882111 0.247600421309471 0.247619360685349 0.270304799079895 0.291517615318298 0.313948631286621 0.348737478256226 0.348426997661591 0.383232176303864 0.380536168813705 0.383968949317932 0.378654301166534 0.40410128235817 0.381891518831253 0.378081500530243 0.371133804321289 0.366007536649704 0.368532478809357 0.367841482162476 0.370277881622314 0.369926303625107 0.372539579868317 0.400644212961197 0.426075249910355 0.454362511634827 0.444739729166031 0.460284858942032 0.49462217092514 0.499449044466019 0.504182755947113
0.0683024525642395 0.074804812669754 0.0837014392018318 0.0915707051753998 0.100780941545963 0.121291846036911 0.121406100690365 0.111209653317928 0.135738283395767 0.133902832865715 0.150970220565796 0.177914589643478 0.177633434534073 0.192738622426987 0.194396674633026 0.211035579442978 0.246905624866486 0.247436061501503 0.28885617852211 0.288971841335297 0.291589170694351 0.332909673452377 0.329526752233505 0.354091078042984 0.348141372203827 0.379872769117355 0.386073112487793 0.414624214172363 0.408615082502365 0.403096079826355 0.378052651882172 0.379686504602432 0.370424628257751 0.36578181385994 0.356095522642136 0.355432033538818 0.355214655399323 0.363596320152283 0.370064556598663 0.397748112678528 0.429730206727982 0.459736078977585 0.454798519611359 0.44516995549202 0.479530692100525 0.4906025826931 0.491471707820892
0.0671259313821793 0.0692058280110359 0.0835342928767204 0.10070613026619 0.103709876537323 0.124502189457417 0.124531097710133 0.135548681020737 0.137200146913528 0.162103042006493 0.163386628031731 0.192194849252701 0.193789407610893 0.227916061878204 0.232064515352249 0.250899136066437 0.247143641114235 0.291108727455139 0.303505688905716 0.303601294755936 0.329945862293243 0.329631477594376 0.326234221458435 0.348304331302643 0.376763373613358 0.382264375686646 0.384852319955826 0.407726883888245 0.401885092258453 0.398169636726379 0.376689940690994 0.373057901859283 0.372546792030334 0.368672490119934 0.364365011453629 0.351251929998398 0.35104689002037 0.384534358978271 0.394011557102203 0.421130001544952 0.421529024839401 0.444691210985184 0.445408761501312 0.435951918363571 0.480090707540512 0.480439573526382 0.481249511241913
0.0680085122585297 0.0690047219395638 0.0834211334586143 0.102141343057156 0.104940041899681 0.125567734241486 0.128170743584633 0.151480942964554 0.16326941549778 0.164671391248703 0.193806380033493 0.229294374585152 0.231044143438339 0.231543242931366 0.248327389359474 0.248681038618088 0.290456891059875 0.293051064014435 0.305623084306717 0.305412858724594 0.328865081071854 0.321027219295502 0.31779882311821 0.347109615802765 0.349465996026993 0.383794367313385 0.387132734060287 0.412528842687607 0.403887212276459 0.403721570968628 0.375732630491257 0.375304520130157 0.371481955051422 0.368108183145523 0.364378482103348 0.355444699525833 0.380549401044846 0.376165211200714 0.406600028276443 0.416542530059814 0.417015075683594 0.445229440927505 0.43599858880043 0.465009957551956 0.48078715801239 0.481530845165253 0.471246182918549
0.0742019340395927 0.0754294022917747 0.0844560340046883 0.101976305246353 0.104799784719944 0.125807538628578 0.127089455723763 0.153110459446907 0.169307455420494 0.197243049740791 0.231414347887039 0.231111362576485 0.245478719472885 0.245766654610634 0.268459498882294 0.292434960603714 0.292575687170029 0.294946640729904 0.302233308553696 0.328178882598877 0.327941000461578 0.309539884328842 0.319395810365677 0.349233239889145 0.380663514137268 0.386070638895035 0.411392211914062 0.411861181259155 0.408899575471878 0.408899575471878 0.399500548839569 0.364979892969131 0.368444442749023 0.367923468351364 0.360093623399734 0.380896031856537 0.3761927485466 0.412213206291199 0.407125502824783 0.402855932712555 0.408285766839981 0.440392971038818 0.436360836029053 0.431972712278366 0.465221047401428 0.481828898191452 0.477051258087158
0.0976369380950928 0.101377196609974 0.103076450526714 0.10552155226469 0.126520469784737 0.127814933657646 0.129386499524117 0.15289780497551 0.18164099752903 0.215137898921967 0.214971587061882 0.249408647418022 0.267737358808517 0.270093590021133 0.26830318570137 0.287302583456039 0.290076583623886 0.289755493402481 0.327686220407486 0.319526702165604 0.303544074296951 0.296341627836227 0.328630447387695 0.336589753627777 0.365052998065948 0.371271461248398 0.395401358604431 0.402047097682953 0.408083945512772 0.408008128404617 0.401986390352249 0.399204313755035 0.394909977912903 0.39499905705452 0.390004396438599 0.394628584384918 0.421788066625595 0.422005325555801 0.422005325555801 0.440503388643265 0.430937826633453 0.441118180751801 0.446516543626785 0.436879843473434 0.458035528659821 0.463643550872803 0.474387943744659
0.115332245826721 0.130951523780823 0.112010233104229 0.124702349305153 0.127369776368141 0.142846375703812 0.156696647405624 0.183246701955795 0.216774165630341 0.216840386390686 0.25142839550972 0.249227479100227 0.26731413602829 0.288533419370651 0.28877866268158 0.286728084087372 0.284478366374969 0.306885957717896 0.306355595588684 0.295683443546295 0.291846930980682 0.312895506620407 0.315081417560577 0.346657246351242 0.35133621096611 0.390317767858505 0.386019855737686 0.390421539545059 0.398760676383972 0.401536673307419 0.398771524429321 0.398965775966644 0.398830652236938 0.394984215497971 0.421883821487427 0.421710073947906 0.421694606542587 0.42203563451767 0.44486266374588 0.435444623231888 0.43602380156517 0.431214302778244 0.47499144077301 0.478074431419373 0.467908948659897 0.463609546422958 0.425776839256287
0.140252619981766 0.157693654298782 0.159563481807709 0.148721516132355 0.150506675243378 0.153216138482094 0.184119507670403 0.216402724385262 0.23409977555275 0.251176416873932 0.290296345949173 0.285580545663834 0.287895172834396 0.32368791103363 0.281213581562042 0.316690742969513 0.296366304159164 0.30608594417572 0.287899136543274 0.31893190741539 0.308024406433105 0.31791689991951 0.313762962818146 0.337045252323151 0.338038355112076 0.376339852809906 0.381190031766891 0.381060123443604 0.390347868204117 0.39858141541481 0.398935884237289 0.426662981510162 0.421776175498962 0.416938573122025 0.417168408632278 0.450125902891159 0.417272418737411 0.44492581486702 0.454776883125305 0.478700667619705 0.47896608710289 0.463981181383133 0.46668004989624 0.472326248884201 0.467662334442139 0.463070511817932 0.46412980556488
0.168770059943199 0.169210180640221 0.157671436667442 0.176785916090012 0.178673699498177 0.195617377758026 0.216197490692139 0.246659696102142 0.244185581803322 0.263682544231415 0.282583475112915 0.320247173309326 0.325382351875305 0.317443519830704 0.305236250162125 0.305504828691483 0.289720356464386 0.289438396692276 0.310393750667572 0.309796273708344 0.31322306394577 0.304712325334549 0.335393190383911 0.332247942686081 0.361592084169388 0.371848523616791 0.381291598081589 0.407283872365952 0.416897982358932 0.426574438810349 0.426912933588028 0.426694810390472 0.41703075170517 0.444914221763611 0.439938306808472 0.445261031389236 0.440218776464462 0.439635723829269 0.444497406482697 0.483917623758316 0.468301177024841 0.450853407382965 0.466270089149475 0.461230278015137 0.461636543273926 0.457529604434967 0.453684240579605
0.194673448801041 0.198891386389732 0.201300606131554 0.222810119390488 0.22716036438942 0.231376647949219 0.26830780506134 0.268095761537552 0.284461498260498 0.283962041139603 0.277045071125031 0.316559135913849 0.319087356328964 0.311440795660019 0.314271956682205 0.306061297655106 0.306038856506348 0.301929801702499 0.309086829423904 0.312595218420029 0.296827465295792 0.318467885255814 0.330950886011124 0.340159058570862 0.365214020013809 0.361994236707687 0.366955459117889 0.375868797302246 0.411426812410355 0.421393752098083 0.421718537807465 0.449187576770782 0.449443638324738 0.449282497167587 0.449711441993713 0.449963957071304 0.444784551858902 0.478437781333923 0.467734813690186 0.472530215978622 0.460238099098206 0.454909861087799 0.454941481351852 0.455474078655243 0.450609564781189 0.446652859449387 0.447644382715225
0.205944180488586 0.209072887897491 0.216082215309143 0.236505270004272 0.265326052904129 0.279351323843002 0.298732936382294 0.295942217111588 0.288161993026733 0.282316714525223 0.303092181682587 0.299169510602951 0.299191027879715 0.317457765340805 0.309246182441711 0.305051803588867 0.318972229957581 0.304427534341812 0.312081933021545 0.318376928567886 0.3182273209095 0.31420636177063 0.350264549255371 0.354905158281326 0.355869650840759 0.377061069011688 0.391337633132935 0.401128798723221 0.410503745079041 0.42076301574707 0.448629289865494 0.448853760957718 0.449122071266174 0.443948060274124 0.472697108983994 0.444102436304092 0.467800408601761 0.462185323238373 0.456269800662994 0.459798634052277 0.459246397018433 0.454036593437195 0.443986475467682 0.449452579021454 0.444799154996872 0.440601229667664 0.43648973107338
0.229663923382759 0.233354151248932 0.243820279836655 0.266681343317032 0.271593123674393 0.300717025995255 0.295452892780304 0.277808099985123 0.27045601606369 0.270076811313629 0.298058032989502 0.305869519710541 0.328405141830444 0.319840162992477 0.328234851360321 0.307895004749298 0.313738107681274 0.313652157783508 0.309365212917328 0.305479139089584 0.309116095304489 0.332093358039856 0.345476388931274 0.354451596736908 0.346488535404205 0.376346945762634 0.385646849870682 0.390587508678436 0.405009478330612 0.409807056188583 0.432573705911636 0.432837098836899 0.432805687189102 0.471761226654053 0.461587876081467 0.472040474414825 0.471875101327896 0.460828453302383 0.444115370512009 0.454166382551193 0.449068188667297 0.443444728851318 0.43841415643692 0.438603430986404 0.43366801738739 0.429640382528305 0.430501163005829
