data/climate_estimation/maxent_output/Smilax_walteri.asc
NCOLS 233 
NROWS 137 
XLLCORNER -94.8333333333333 
YLLCORNER 26.75 
CELLSIZE 0.0833333333333334 
NODATA_value -3.4e+38 
[rows 84 to 104 of 137, columns 0 to 47 of 233]
0.170901075005531 0.176813408732414 0.194139733910561 0.203478455543518 0.209710374474525 0.21714723110199 0.34993451833725 0.348801136016846 0.364501148462296 0.375226587057114 0.392963379621506 0.411275297403336 0.410892874002457 0.405744433403015 0.401965230703354 0.383303344249725 0.393316268920898 0.381550520658493 0.372568696737289 0.378552407026291 0.379789024591446 0.375303208827972 0.370922267436981 0.359682381153107 0.355595797300339 0.363245517015457 0.352306723594666 0.358179688453674 0.345724433660507 0.353177607059479 0.366654515266418 0.375604510307312 0.370456516742706 0.368455499410629 0.366440713405609 0.371372133493423 0.36838236451149 0.368206769227982 0.370453387498856 0.368578404188156 0.37903693318367 0.384048104286194 0.395866096019745 0.386063933372498 0.389552563428879 0.390200048685074 0.386733740568161 0.674316167831421
0.19382506608963 0.201546147465706 0.209735751152039 0.216074019670486 0.224627733230591 0.232765078544617 0.361944675445557 0.381515204906464 0.376746028661728 0.399119883775711 0.416669219732285 0.426399141550064 0.413269549608231 0.400828510522842 0.389014512300491 0.382331281900406 0.377087533473969 0.374895751476288 0.373663395643234 0.37452632188797 0.372858285903931 0.371953368186951 0.36294162273407 0.363033950328827 0.362898081541061 0.358537763357162 0.354208648204803 0.351914823055267 0.359170526266098 0.358716815710068 0.360759079456329 0.372667789459229 0.374538600444794 0.371546387672424 0.366947621107101 0.364289999008179 0.359371066093445 0.365629643201828 0.366278439760208 0.373823672533035 0.384130746126175 0.383845448493958 0.394990026950836 0.392393469810486 0.391875058412552 0.396099179983139 0.664568603038788 0.670672059059143
0.220261007547379 0.225687250494957 0.22895073890686 0.237818330526352 0.241432726383209 0.387049466371536 0.390627890825272 0.378064811229706 0.395186632871628 0.411055535078049 0.420191884040833 0.417363882064819 0.404441475868225 0.39803084731102 0.386233299970627 0.382877051830292 0.382678955793381 0.370230317115784 0.367697834968567 0.369012087583542 0.371706634759903 0.367124706506729 0.361135810613632 0.364336550235748 0.360652923583984 0.353280544281006 0.361929804086685 0.36391869187355 0.35783776640892 0.364489853382111 0.367081582546234 0.368429630994797 0.371325105428696 0.372066110372543 0.369081854820251 0.369903683662415 0.369396239519119 0.358599424362183 0.358990550041199 0.371824860572815 0.383855700492859 0.38540256023407 0.656430900096893 0.662350714206696 0.665614724159241 0.667187094688416 0.669597089290619 0.670286059379578
0.243159905076027 0.24587719142437 0.255092293024063 0.258851498365402 0.263260066509247 0.407982647418976 0.401499360799789 0.394062608480453 0.395994335412979 0.399994313716888 0.415003448724747 0.415015667676926 0.403712779283524 0.394147336483002 0.387919425964355 0.370615094900131 0.382849633693695 0.37821763753891 0.367165923118591 0.365503996610641 0.368792831897736 0.357619613409042 0.357666581869125 0.360533803701401 0.35467055439949 0.359275013208389 0.367615342140198 0.361252814531326 0.361872345209122 0.368437767028809 0.367253720760345 0.369186609983444 0.378697633743286 0.376017153263092 0.377242773771286 0.36698716878891 0.362619638442993 0.362690061330795 0.359019577503204 0.639423966407776 0.646295249462128 0.655416548252106 0.657534539699554 0.655646443367004 0.670886218547821 0.668419659137726 0.669714748859406 0.666446685791016
0.252098202705383 0.257713586091995 0.270817160606384 0.275076299905777 0.275236129760742 0.420970141887665 0.408767402172089 0.404140174388885 0.394102782011032 0.401608645915985 0.422015428543091 0.405129700899124 0.398942559957504 0.383849859237671 0.380997508764267 0.377263993024826 0.381499886512756 0.368461102247238 0.373425483703613 0.359052211046219 0.362038940191269 0.36485356092453 0.352452874183655 0.352462708950043 0.355588048696518 0.351761251688004 0.36954927444458 0.372779220342636 0.371722847223282 0.368603140115738 0.369700729846954 0.379499912261963 0.376420527696609 0.37483549118042 0.370673060417175 0.364572286605835 0.363939046859741 0.638033449649811 0.633021473884583 0.629278004169464 0.632384538650513 0.639745473861694 0.65436202287674 0.662001311779022 0.664927542209625 0.6657395362854 0.663503646850586 0.664328694343567
0.81423944234848 0.821807563304901 0.277202218770981 0.279035925865173 0.285280078649521 0.417691141366959 0.415603041648865 0.412820100784302 0.402867585420609 0.40327051281929 0.413787096738815 0.406501322984695 0.399929165840149 0.392930507659912 0.384801775217056 0.38775634765625 0.388773888349533 0.792372286319733 0.368189185857773 0.366070926189423 0.369900703430176 0.356614828109741 0.359179258346558 0.357559204101562 0.360903859138489 0.356726735830307 0.372729986906052 0.368273586034775 0.371521562337875 0.371170222759247 0.37044495344162 0.377717792987823 0.369680017232895 0.371642380952835 0.376970767974854 0.645915329456329 0.645403981208801 0.634514272212982 0.635343492031097 0.633586406707764 0.635920286178589 0.637266397476196 0.649031817913055 0.661999225616455 0.667245447635651 0.664343357086182 0.665840625762939 0.64710921049118
0.822415471076965 0.826319932937622 0.826843678951263 0.82928878068924 0.836139500141144 0.838630974292755 0.423483729362488 0.41052308678627 0.409716248512268 0.410079002380371 0.832019925117493 0.830558478832245 0.8300861120224 0.816700458526611 0.811289370059967 0.802737057209015 0.799686551094055 0.796066522598267 0.792556345462799 0.791300237178802 0.796366214752197 0.798497974872589 0.798928797245026 0.793958723545074 0.797108232975006 0.372852921485901 0.371300339698792 0.372646629810333 0.378298968076706 0.376228988170624 0.379882454872131 0.652259707450867 0.650081753730774 0.651944875717163 0.651353001594543 0.638069629669189 0.643298447132111 0.637478053569794 0.642313957214355 0.637380063533783 0.635668039321899 0.638863682746887 0.633249819278717 0.643473207950592 0.638104379177094 0.641997933387756 0.639717221260071 0.635032951831818
0.829424679279327 0.832861423492432 0.83511871099472 0.837646543979645 0.839249789714813 0.836383640766144 0.839596450328827 0.835520267486572 0.834860801696777 0.839823782444 0.837313711643219 0.841785490512848 0.832833528518677 0.819408714771271 0.817972242832184 0.811625897884369 0.809103608131409 0.805850207805634 0.809479892253876 0.809947729110718 0.810865759849548 0.814819276332855 0.804540753364563 0.807258546352386 0.813069880008698 0.811029195785522 0.811509191989899 0.651277303695679 0.644429802894592 0.650870263576508 0.648823261260986 0.664435625076294 0.659641683101654 0.652301907539368 0.658357262611389 0.648607552051544 0.638444125652313 0.64458429813385 0.64410924911499 0.636399805545807 0.624522686004639 0.627138614654541 0.632376194000244 0.624124646186829 0.615230560302734 0.619993209838867 0.624147057533264 0.61596542596817
0.83434271812439 0.838446021080017 0.843033075332642 0.845232903957367 0.847737312316895 0.844452440738678 0.839689433574677 0.837122440338135 0.838270783424377 0.845719218254089 0.842628240585327 0.83396315574646 0.835617899894714 0.831572234630585 0.82058048248291 0.82065087556839 0.820911645889282 0.820485770702362 0.825950920581818 0.827215015888214 0.824554264545441 0.81208062171936 0.812458872795105 0.814295887947083 0.81333339214325 0.816506683826447 0.821094453334808 0.825745224952698 0.666062653064728 0.657506227493286 0.664763808250427 0.667141079902649 0.658462464809418 0.669491946697235 0.65933495759964 0.65317976474762 0.643143594264984 0.62956041097641 0.622689604759216 0.625426173210144 0.62172394990921 0.615906000137329 0.603654146194458 0.604724049568176 0.60832804441452 0.603267967700958 0.605284094810486 0.603304743766785
0.831742882728577 0.838247120380402 0.844942808151245 0.846739947795868 0.844518959522247 0.841595411300659 0.840848863124847 0.841725409030914 0.838239789009094 0.834274649620056 0.835770547389984 0.833268523216248 0.826207876205444 0.828426539897919 0.833266854286194 0.835713505744934 0.831147789955139 0.837163150310516 0.83468633890152 0.818346858024597 0.814699649810791 0.815530955791473 0.815209031105042 0.822183072566986 0.826732754707336 0.821575701236725 0.828681111335754 0.830162942409515 0.661515474319458 0.654002130031586 0.655663013458252 0.657481908798218 0.652072072029114 0.642621695995331 0.633321702480316 0.633904695510864 0.620242297649384 0.620362639427185 0.617266714572906 0.610979676246643 0.617116510868073 0.607068359851837 0.601344645023346 0.601260662078857 0.595389902591705 0.590467274188995 0.591608226299286 0.58347225189209
0.831614255905151 0.835421800613403 0.841090381145477 0.840369582176208 0.838908910751343 0.835987627506256 0.835497319698334 0.833506226539612 0.832911908626556 0.830288410186768 0.826788723468781 0.82364159822464 0.821150004863739 0.823424398899078 0.831096470355988 0.835312724113464 0.839021325111389 0.833667993545532 0.822441935539246 0.800963878631592 0.795807659626007 0.803605437278748 0.806621432304382 0.813221752643585 0.821169495582581 0.826373994350433 0.823839008808136 0.830984592437744 0.822775959968567 0.818078219890594 0.639352023601532 0.645104110240936 0.632822632789612 0.62367981672287 0.621184051036835 0.618214845657349 0.611579835414886 0.605269610881805 0.60847020149231 0.605335056781769 0.601996004581451 0.60195404291153 0.594731092453003 0.592089533805847 0.589044213294983 0.583989381790161 0.586051344871521 0.573859393596649
0.824814081192017 0.831110835075378 0.835211515426636 0.829909861087799 0.828415632247925 0.827171504497528 0.834877789020538 0.833443224430084 0.833016872406006 0.833707511425018 0.829613566398621 0.824109613895416 0.819532096385956 0.819083511829376 0.825856745243073 0.839141845703125 0.839189469814301 0.829379916191101 0.816328525543213 0.797972857952118 0.795309841632843 0.79814875125885 0.803667068481445 0.806496798992157 0.809197425842285 0.814495205879211 0.820729851722717 0.820094406604767 0.819774210453033 0.819207847118378 0.814440488815308 0.626071214675903 0.626332819461823 0.611083030700684 0.60906571149826 0.606337308883667 0.603138864040375 0.599983155727386 0.603122234344482 0.592951893806458 0.590023696422577 0.590279400348663 0.583398818969727 0.583642244338989 0.573982656002045 0.576230704784393 0.567356586456299 0.565327227115631
0.808658182621002 0.81727135181427 0.8243807554245 0.821600615978241 0.828037202358246 0.826136887073517 0.825121939182281 0.825205028057098 0.822431206703186 0.830561459064484 0.826146245002747 0.833225846290588 0.827300429344177 0.830827057361603 0.831986248493195 0.838146984577179 0.831210374832153 0.828455567359924 0.820059061050415 0.809965252876282 0.804954469203949 0.799706697463989 0.805298686027527 0.806074440479279 0.805242121219635 0.810699820518494 0.813807785511017 0.819150626659393 0.814792931079865 0.81333863735199 0.805927932262421 0.803700387477875 0.794590950012207 0.792558372020721 0.606879532337189 0.603886246681213 0.600591897964478 0.601900160312653 0.598761081695557 0.591391146183014 0.588932454586029 0.575919985771179 0.580161213874817 0.579930663108826 0.570510804653168 0.566374599933624 0.569964349269867 0.567452430725098
0.811634123325348 0.815182566642761 0.823501169681549 0.823113918304443 0.819963693618774 0.827225029468536 0.827660143375397 0.822691977024078 0.814990162849426 0.814610779285431 0.816874086856842 0.819370925426483 0.821440100669861 0.826834678649902 0.835911512374878 0.833236753940582 0.827494084835052 0.824805498123169 0.821512341499329 0.818974614143372 0.803411185741425 0.800856232643127 0.806425452232361 0.804051339626312 0.810421824455261 0.812720060348511 0.816695272922516 0.811004340648651 0.811773121356964 0.810585498809814 0.806420862674713 0.806049764156342 0.797736585140228 0.79750394821167 0.790057301521301 0.792725682258606 0.787444114685059 0.609707176685333 0.603983819484711 0.594821453094482 0.582468748092651 0.576621472835541 0.566434025764465 0.560550272464752 0.551748633384705 0.56046587228775 0.551241219043732 0.551265597343445
0.813506424427032 0.810308158397675 0.822104513645172 0.821726620197296 0.821905136108398 0.816480219364166 0.813376009464264 0.808398485183716 0.804618179798126 0.804385304450989 0.803767442703247 0.806770443916321 0.822839617729187 0.824925184249878 0.83213996887207 0.827130258083344 0.826748907566071 0.826011598110199 0.815700471401215 0.815670430660248 0.813672065734863 0.800433337688446 0.803447306156158 0.80630624294281 0.801288425922394 0.80117654800415 0.807426929473877 0.804769277572632 0.808466255664825 0.799969911575317 0.800504267215729 0.805786311626434 0.800409436225891 0.802667856216431 0.796643853187561 0.79142814874649 0.790470898151398 0.795288503170013 0.783772587776184 0.778347969055176 0.764409005641937 0.7559814453125 0.756782412528992 0.749003052711487 0.75372576713562 0.74549788236618 0.743507564067841 0.738552391529083
0.81253582239151 0.814724862575531 0.812920570373535 0.812525272369385 0.809597253799438 0.809980571269989 0.807134211063385 0.801498293876648 0.800842225551605 0.800527215003967 0.802727103233337 0.806076228618622 0.818829476833344 0.823863208293915 0.828519105911255 0.828171491622925 0.820660054683685 0.814631640911102 0.817486107349396 0.81231427192688 0.809751927852631 0.802305638790131 0.799821197986603 0.802747070789337 0.800925016403198 0.801320135593414 0.79859846830368 0.802173793315887 0.794002771377563 0.791945457458496 0.789767384529114 0.790761709213257 0.789125561714172 0.784771203994751 0.79071980714798 0.788457989692688 0.786390900611877 0.789327502250671 0.780132174491882 0.764754831790924 0.756264507770538 0.751092493534088 0.74673992395401 0.743987083435059 0.736822426319122 0.728704869747162 0.72671765089035 0.723877251148224
0.812480509281158 0.811566293239594 0.80942964553833 0.808475255966187 0.80004221200943 0.803356111049652 0.800681829452515 0.799567759037018 0.79932177066803 0.801905453205109 0.799547553062439 0.804468512535095 0.81564873456955 0.820290327072144 0.832731962203979 0.827355802059174 0.822133302688599 0.817191481590271 0.814988255500793 0.809607863426208 0.807168543338776 0.807860851287842 0.805558204650879 0.797538757324219 0.794783234596252 0.800688087940216 0.795559465885162 0.791191160678864 0.790676116943359 0.782388627529144 0.771924138069153 0.765561580657959 0.769741058349609 0.777520537376404 0.789048135280609 0.78393679857254 0.777853012084961 0.780613541603088 0.764948070049286 0.755027115345001 0.751446127891541 0.745808124542236 0.740787923336029 0.732014954090118 0.729103088378906 0.719220876693726 0.716729283332825 0.705426514148712
0.800336837768555 0.791355073451996 0.797843813896179 0.803371667861938 0.792676627635956 0.797117173671722 0.796884775161743 0.796544015407562 0.795976877212524 0.799061596393585 0.800734519958496 0.800799071788788 0.809646606445312 0.814293444156647 -3.4e+38 -3.4e+38 -3.4e+38 -3.4e+38 -3.4e+38 -3.4e+38 -3.4e+38 0.806601047515869 0.804918706417084 0.802676558494568 0.801029920578003 0.795902967453003 0.798916518688202 0.790642499923706 0.788799524307251 0.776257216930389 0.765261352062225 0.755935668945312 0.76158207654953 -3.4e+38 -3.4e+38 0.775381565093994 0.773318648338318 0.765924692153931 0.7603919506073 0.752861082553864 0.748203098773956 0.738967478275299 0.72956645488739 0.732734799385071 0.722055315971375 0.716646730899811 0.703510463237762 0.700812518596649
-3.4e+38 0.773180663585663 0.778861463069916 0.785441219806671 0.782730042934418 0.779369294643402 0.787675797939301 0.794572949409485 0.790356636047363 -3.4e+38 -3.4e+38 -3.4e+38 -3.4e+38 -3.4e+38 -3.4e+38 -3.4e+38 -3.4e+38 -3.4e+38 -3.4e+38 -3.4e+38 -3.4e+38 -3.4e+38 -3.4e+38 0.799839198589325 0.797884821891785 0.798948407173157 0.794290721416473 0.791768550872803 0.780162990093231 0.773371815681458 0.764435768127441 0.753694772720337 0.75402820110321 0.76314502954483 0.763508915901184 0.766403019428253 0.769686460494995 -3.4e+38 0.76262491941452 0.755973875522614 0.742002606391907 0.738977372646332 0.72842937707901 0.729099571704865 0.717629969120026 0.712696492671967 0.703046083450317 0.702909648418427
0.74842756986618 0.75521582365036 0.761121153831482 0.764199495315552 0.761064887046814 0.778709888458252 0.78437602519989 -3.4e+38 -3.4e+38 -3.4e+38 -3.4e+38 -3.4e+38 -3.4e+38 -3.4e+38 -3.4e+38 -3.4e+38 -3.4e+38 -3.4e+38 -3.4e+38 -3.4e+38 -3.4e+38 -3.4e+38 -3.4e+38 -3.4e+38 -3.4e+38 -3.4e+38 0.793301939964294 0.78618586063385 0.781507968902588 0.773121893405914 0.763511776924133 0.761077642440796 -3.4e+38 0.759725511074066 0.760293483734131 0.768681287765503 0.771870493888855 0.763853847980499 -3.4e+38 0.749197959899902 0.74853640794754 0.745169281959534 0.733032941818237 0.730361819267273 0.718848884105682 0.717959702014923 0.70729261636734 0.708370804786682
-3.4e+38 0.726494610309601 0.739214241504669 0.748606085777283 -3.4e+38 -3.4e+38 -3.4e+38 -3.4e+38 -3.4e+38 -3.4e+38 -3.4e+38 -3.4e+38 -3.4e+38 -3.4e+38 -3.4e+38 -3.4e+38 -3.4e+38 -3.4e+38 -3.4e+38 -3.4e+38 -3.4e+38 -3.4e+38 -3.4e+38 -3.4e+38 -3.4e+38 -3.4e+38 -3.4e+38 -3.4e+38 -3.4e+38 -3.4e+38 -3.4e+38 -3.4e+38 -3.4e+38 -3.4e+38 -3.4e+38 0.76640796661377 0.765455365180969 -3.4e+38 -3.4e+38 -3.4e+38 -3.4e+38 0.740172207355499 0.741802752017975 0.728363752365112 0.729172050952911 0.727187693119049 0.719766795635223 0.721977770328522
