data/climate_estimation/maxent_output/Smilax_menispermoidea.asc
NCOLS 452 
NROWS 166 
XLLCORNER 81.25 
YLLCORNER 20.9166666666667 
CELLSIZE 0.0833333333333333 
NODATA_value -3.4e+38 
[rows 0 to 18 of 166, columns 220 to 263 of 452]
0.00402163388207555 0.00334379239939153 0.0035509392619133 0.0054615237750113 0.00624137511476874 0.00564734730869532 0.00753643875941634 0.00805070158094168 0.0071261515840888 0.00920176319777966 0.00983960274606943 0.0215619020164013 0.0300478376448154 0.0336808152496815 0.0418641418218613 0.0490229241549969 0.0466566979885101 0.0404655635356903 0.0483454428613186 0.048723254352808 0.0800112709403038 0.109714590013027 0.148565232753754 0.168207392096519 0.174504771828651 0.156654164195061 0.151493757963181 0.0942560955882072 0.104084394872189 0.163731604814529 0.14606536924839 0.178914546966553 0.161479994654655 0.168375536799431 0.191676929593086 0.18692347407341 0.179188653826714 0.205843418836594 0.219918712973595 0.221771016716957 0.240245625376701 0.237987041473389 0.236557245254517 0.241082474589348
0.00492207799106836 0.00512153096497059 0.00431176880374551 0.00685027614235878 0.005245725158602 0.00581044377759099 0.00953731033951044 0.00910595711320639 0.00824218895286322 0.011396573856473 0.0139142191037536 0.024599714204669 0.0258832182735205 0.0347987487912178 0.0312453471124172 0.047499343752861 0.0425691418349743 0.0493543706834316 0.0623450204730034 0.0656938627362251 0.0971884652972221 0.120732173323631 0.144939973950386 0.161016285419464 0.162444993853569 0.153553456068039 0.166077375411987 0.144951149821281 0.121416993439198 0.187420532107353 0.196325957775116 0.202983617782593 0.191189721226692 0.194874212145805 0.209724918007851 0.183804765343666 0.187079086899757 0.177916914224625 0.210980594158173 0.244446024298668 0.227742701768875 0.229747608304024 0.26203453540802 0.271893799304962
0.0051897088997066 0.00607874523848295 0.0063776564784348 0.0058857798576355 0.00931994244456291 0.00709398929029703 0.0114864092320204 0.0111277680844069 0.0135900350287557 0.0120903570204973 0.0167458765208721 0.0221065077930689 0.0221014283597469 0.0312803499400616 0.0289460979402065 0.051301758736372 0.0679589807987213 0.0795424655079842 0.0652565583586693 0.0967724472284317 0.105920873582363 0.116573095321655 0.113962858915329 0.13529397547245 0.133532792329788 0.139595255255699 0.154869094491005 0.189564123749733 0.19681504368782 0.214572355151176 0.215704038739204 0.225469410419464 0.198007002472878 0.177307888865471 0.196381002664566 0.220266416668892 0.234160646796227 0.215244695544243 0.247801214456558 0.21822664141655 0.19582325220108 0.211140036582947 0.259323954582214 0.236928179860115
0.00573247205466032 0.00628614891320467 0.00856231898069382 0.0109637137502432 0.0083968136459589 0.0120610892772675 0.0148028172552586 0.0156697165220976 0.0173172373324633 0.0196936950087547 0.0148503249511123 0.0210532732307911 0.0214413926005363 0.0317698456346989 0.0329923368990421 0.0506115481257439 0.063911147415638 0.0781949833035469 0.0979191735386848 0.100535094738007 0.0727531909942627 0.094909206032753 0.122693829238415 0.122207760810852 0.109757848083973 0.109657734632492 0.106906697154045 0.158641651272774 0.192406073212624 0.209198385477066 0.22249861061573 0.219538882374763 0.202052235603333 0.184879750013351 0.191804751753807 0.214468911290169 0.229196414351463 0.237001299858093 0.212583169341087 0.195424556732178 0.218768075108528 0.237686261534691 0.246686294674873 0.227523118257523
0.00509296404197812 0.00589636946097016 0.00697819842025638 0.00766553496941924 0.010542624630034 0.0140645699575543 0.0156379994004965 0.0218365751206875 0.0173615831881762 0.0295079406350851 0.0218374971300364 0.0177988111972809 0.017657121643424 0.0253943242132664 0.0400922857224941 0.033064741641283 0.042330265045166 0.0533978305757046 0.0911659449338913 0.116003215312958 0.100848391652107 0.119825541973114 0.121125526726246 0.0909719541668892 0.0953663364052773 0.14247065782547 0.162272155284882 0.136710807681084 0.0967296287417412 0.174742966890335 0.212334200739861 0.21459823846817 0.209651097655296 0.154134467244148 0.187613502144814 0.21617528796196 0.20012079179287 0.206081673502922 0.175664365291595 0.210106283426285 0.21237675845623 0.230251953005791 0.218840554356575 0.189420685172081
0.00590339582413435 0.0065349112264812 0.00794774852693081 0.01048250682652 0.0104721412062645 0.00707335583865643 0.00870421901345253 0.0122092636302114 0.0146976634860039 0.017072893679142 0.0222685821354389 0.023453027009964 0.024148415774107 0.0262511651962996 0.0397655330598354 0.0545093677937984 0.0743754133582115 0.0794904306530952 0.0939416289329529 0.138982728123665 0.159548193216324 0.15542608499527 0.153093382716179 0.146079003810883 0.122717946767807 0.129400327801704 0.13502810895443 0.152461677789688 0.171543031930923 0.179297894239426 0.164758175611496 0.198736235499382 0.23327848315239 0.153447166085243 0.153360843658447 0.195537656545639 0.194983467459679 0.176278829574585 0.173907563090324 0.191962629556656 0.149330228567123 0.161656677722931 0.161097258329391 0.153355300426483
0.00929609127342701 0.00876627769321203 0.010136098600924 0.0124269565567374 0.0173151101917028 0.0173421185463667 0.0101051917299628 0.012647426687181 0.0160782486200333 0.020176388323307 0.0293448399752378 0.0323255807161331 0.0314804948866367 0.0383476167917252 0.0351777784526348 0.0537737384438515 0.0624792352318764 0.0920388326048851 0.097822941839695 0.111228220164776 0.145137637853622 0.181239858269691 0.216026812791824 0.215909317135811 0.183263599872589 0.147594898939133 0.128010168671608 0.105592235922813 0.133334845304489 0.181713342666626 0.189326077699661 0.204529449343681 0.236629262566566 0.236586257815361 0.213686645030975 0.206446915864944 0.21357287466526 0.200659692287445 0.216884985566139 0.250186741352081 0.281054049730301 0.247715249657631 0.257482200860977 0.29994323849678
0.0177885759621859 0.0188917499035597 0.0159611031413078 0.0150677394121885 0.0105760199949145 0.012666542083025 0.0165705550462008 0.0188930761069059 0.0217219814658165 0.0255615040659904 0.0263329818844795 0.026481170207262 0.0392626039683819 0.0437800250947475 0.053074199706316 0.0658667683601379 0.0493289120495319 0.0352871790528297 0.0463975109159946 0.0603654906153679 0.0641733184456825 0.0704748257994652 0.102389588952065 0.178982645273209 0.24069656431675 0.24910569190979 0.186708971858025 0.128664657473564 0.100662440061569 0.124458611011505 0.119651421904564 0.178063690662384 0.205302357673645 0.23286472260952 0.190833508968353 0.191390663385391 0.243038386106491 0.259904682636261 0.267578810453415 0.268599420785904 0.336365818977356 0.354030221700668 0.37783744931221 0.382683038711548
0.0217321943491697 0.023665513843298 0.0266106743365526 0.0261529181152582 0.0157425757497549 0.0159571915864944 0.0162424352020025 0.0168081894516945 0.0206453986465931 0.0324493087828159 0.0277143679559231 0.0476723313331604 0.0547644607722759 0.0485837049782276 0.0792737007141113 0.0385062210261822 0.0515184514224529 0.070257768034935 0.072554387152195 0.0512655600905418 0.076473243534565 0.0823644176125526 0.0795922353863716 0.0727517083287239 0.15210048854351 0.22860224545002 0.270052909851074 0.258409291505814 0.20364798605442 0.194458305835724 0.233024761080742 0.219423696398735 0.220747157931328 0.232194453477859 0.223604813218117 0.201054736971855 0.214678525924683 0.26657971739769 0.225843444466591 0.176994308829308 0.21878769993782 0.346970528364182 0.338270664215088 0.403754502534866
0.0276051480323076 0.0265700742602348 0.0299764517694712 0.035213939845562 0.0369215160608292 0.0220251400023699 0.0186192039400339 0.0272905752062798 0.0289620701223612 0.0307303927838802 0.0356447398662567 0.0365341380238533 0.0524363927543163 0.0722777992486954 0.0889290198683739 0.0446467213332653 0.0440424382686615 0.0625884532928467 0.0651830285787582 0.0823870599269867 0.0918844640254974 0.0863817483186722 0.112383797764778 0.147699311375618 0.109553903341293 0.191561326384544 0.231949046254158 0.229205921292305 0.286722868680954 0.299569576978683 0.305628776550293 0.296882957220078 0.305033504962921 0.300658136606216 0.28571417927742 0.271050214767456 0.259128361940384 0.268372744321823 0.261287808418274 0.231190904974937 0.202232077717781 0.199115306138992 0.224482655525208 0.272057741880417
0.0373591370880604 0.0333120375871658 0.0318906158208847 0.0221297591924667 0.0263086035847664 0.0347682051360607 0.0298615209758282 0.0395544059574604 0.0283409748226404 0.0285241100937128 0.0339327752590179 0.0703845620155334 0.0911490023136139 0.071917787194252 0.103923134505749 0.0615412555634975 0.0830158591270447 0.102723881602287 0.0959477499127388 0.0869086384773254 0.114992685616016 0.0635642483830452 0.147062301635742 0.181052669882774 0.246747806668282 0.182643786072731 0.222087830305099 0.201517090201378 0.277361690998077 0.312743157148361 0.321033805608749 0.31707027554512 0.308808356523514 0.300212949514389 0.294970154762268 0.291990756988525 0.284584194421768 0.277236193418503 0.266653746366501 0.2638900578022 0.247476175427437 0.213809251785278 0.260354429483414 0.310637503862381
0.0461634323000908 0.0526963323354721 0.0535772740840912 0.0334003567695618 0.0270922910422087 0.042680237442255 0.0356562100350857 0.0447876490652561 0.0642553344368935 0.0619760528206825 0.0595430471003056 0.0626606792211533 0.077832467854023 0.0462072640657425 0.0696305856108665 0.0934844240546227 0.0790837556123734 0.121584735810757 0.116527140140533 0.126068815588951 0.15642412006855 0.142076164484024 0.09883813560009 0.237576320767403 0.268231689929962 0.325596243143082 0.265100836753845 0.221950441598892 0.228293791413307 0.299541652202606 0.336576253175735 0.339680850505829 0.331644237041473 0.322050839662552 0.303454458713531 0.303311735391617 0.294897019863129 0.28204745054245 0.274198144674301 0.274136155843735 0.26803532242775 0.242214113473892 0.22574570775032 0.24872513115406
0.0444646291434765 0.0465684123337269 0.0292568560689688 0.0392489098012447 0.0456668958067894 0.0607062056660652 0.0549878850579262 0.0593777596950531 0.0836156904697418 0.0731842592358589 0.0649197995662689 0.0655006095767021 0.0999544858932495 0.0490749925374985 0.0464221760630608 0.0696046054363251 0.105797007679939 0.117376558482647 0.116535387933254 0.1425861120224 0.197648733854294 0.21723872423172 0.242378234863281 0.270992368459702 0.350292533636093 0.37995046377182 0.298440039157867 0.250590950250626 0.264317661523819 0.306504458189011 0.347168058156967 0.358444273471832 0.349888980388641 0.337002098560333 0.328183770179749 0.311117738485336 0.305405080318451 0.297079831361771 0.290664851665497 0.277961522340775 0.267163217067719 0.266630887985229 0.27620866894722 0.342477083206177
0.0354234091937542 0.0440381020307541 0.0418012328445911 0.0512192845344543 0.0547544211149216 0.0814052075147629 0.0684145241975784 0.0970817133784294 0.0834930017590523 0.0508993193507195 0.0560988485813141 0.0785645097494125 0.109273955225945 0.0584256276488304 0.0640648454427719 0.0834625661373138 0.108132660388947 0.142505869269371 0.12809382379055 0.159995749592781 0.191966518759727 0.21490840613842 0.149496987462044 0.208386063575745 0.183231070637703 0.264534473419189 0.277207493782043 0.311063051223755 0.312869906425476 0.359464585781097 0.375197172164917 0.367002636194229 0.373679369688034 0.366980969905853 0.352365642786026 0.335696995258331 0.334679245948792 0.317954212427139 0.307223081588745 0.278797179460526 0.270856440067291 0.280266582965851 0.275758296251297 0.365162432193756
0.0469733625650406 0.0463863275945187 0.0596183985471725 0.0650287643074989 0.0693288296461105 0.0627447068691254 0.0798281952738762 0.0838866010308266 0.0722624883055687 0.0670250728726387 0.0403908379375935 0.0373721122741699 0.0634718462824821 0.058585062623024 0.0761514976620674 0.107341788709164 0.135333210229874 0.121672756969929 0.120348393917084 0.176097542047501 0.203925475478172 0.128059297800064 0.143261790275574 0.232980668544769 0.15756830573082 0.213741585612297 0.24745100736618 0.305775135755539 0.311111509799957 0.371233850717545 0.387236684560776 0.383081376552582 0.385169625282288 0.386336416006088 0.377644330263138 0.340800523757935 0.342239528894424 0.33172795176506 0.324455380439758 0.313619136810303 0.290244936943054 0.282929450273514 0.306595087051392 0.360338091850281
0.0490479916334152 0.060099009424448 0.0704064816236496 0.063180148601532 0.0663376078009605 0.0712120160460472 0.0718099698424339 0.0791965201497078 0.064255565404892 0.0661407932639122 0.0968420878052711 0.0724394172430038 0.0702754035592079 0.0570045188069344 0.0819702073931694 0.113397628068924 0.149479314684868 0.134508639574051 0.154872164130211 0.146488845348358 0.207157447934151 0.17317858338356 0.211054429411888 0.194077253341675 0.205043792724609 0.237655863165855 0.285690575838089 0.323577433824539 0.338519245386124 0.401727020740509 0.405997812747955 0.413459837436676 0.414538979530334 0.42717644572258 0.414311140775681 0.374655991792679 0.365840166807175 0.371223419904709 0.364545702934265 0.347979694604874 0.343924760818481 0.326517462730408 0.330560028553009 0.326399654150009
0.0558669529855251 0.0543178766965866 0.0698668956756592 0.0727739557623863 0.0677643045783043 0.0740269124507904 0.0781727358698845 0.0821690410375595 0.0669196620583534 0.0427463836967945 0.102127820253372 0.124258980154991 0.106838539242744 0.0760763362050056 0.0833562985062599 0.0907359272241592 0.136285439133644 0.121453776955605 0.126466661691666 0.0866652205586433 0.136770829558372 0.179692134261131 0.227857336401939 0.218735858798027 0.26146724820137 0.27731865644455 0.331619173288345 0.362284302711487 0.396121650934219 0.414740353822708 0.452004373073578 0.44949147105217 0.434939026832581 0.442929357290268 0.43787282705307 0.410895377397537 0.394346952438354 0.397398859262466 0.388436436653137 0.381023794412613 0.382479459047318 0.382573336362839 0.370096892118454 0.328344494104385
0.0778338462114334 0.0609765388071537 0.0631418153643608 0.0730097070336342 0.0717260465025902 0.0716484934091568 0.0764743015170097 0.0880996510386467 0.0899313241243362 0.0891918912529945 0.107850350439548 0.124384574592113 0.165072128176689 0.148845061659813 0.12560111284256 0.11177521198988 0.108795784413815 0.083106704056263 0.0959753468632698 0.127864196896553 0.156862273812294 0.205252349376678 0.226234138011932 0.246415987610817 0.276626229286194 0.288633912801743 0.405151724815369 0.492582738399506 0.465700000524521 0.497985601425171 0.551478922367096 0.423832893371582 0.346121430397034 0.427073299884796 0.478119403123856 0.462011814117432 0.440172225236893 0.425040662288666 0.437260419130325 0.433245539665222 0.433244258165359 0.42258819937706 0.401748359203339 0.353638410568237
0.0727558434009552 0.0846165418624878 0.0723162069916725 0.0687991231679916 0.0738367363810539 0.0793874263763428 0.0729088932275772 0.0944900885224342 0.114862352609634 0.118270337581635 0.114857941865921 0.129852071404457 0.179938733577728 0.168020039796829 0.141611784696579 0.155466765165329 0.132711291313171 0.095196932554245 0.0946667790412903 0.121951304376125 0.16568511724472 0.163653060793877 0.298712521791458 0.266820579767227 0.346559256315231 0.36128443479538 0.366802543401718 0.463072210550308 0.486765652894974 0.521866858005524 0.47486624121666 0.388590306043625 0.310801565647125 0.366585999727249 0.488573133945465 0.510105550289154 0.475932776927948 0.468117237091064 0.464447379112244 0.470713049173355 0.454342097043991 0.453903526067734 0.409007370471954 0.369865626096725
