data/climate_estimation/maxent_output/Smilax_outanscianensis.asc
NCOLS 160 
NROWS 76 
XLLCORNER 102.416666666667 
YLLCORNER 26.1666666666667 
CELLSIZE 0.0833333333333333 
NODATA_value -3.4e+38 
[rows 0 to 19 of 76, columns 88 to 131 of 160]
0.257621288299561 0.296679317951202 0.361178517341614 0.370273351669312 0.393492221832275 0.384031891822815 0.453537851572037 0.462212175130844 0.421130478382111 0.475347489118576 0.529525339603424 0.570616602897644 0.588071227073669 0.60352885723114 0.633350789546967 0.685108959674835 0.688561499118805 0.740149617195129 0.75135725736618 0.730583369731903 0.714732110500336 0.62286376953125 0.654347836971283 0.518204271793365 0.455258786678314 0.39622637629509 0.416460990905762 0.448204696178436 0.48008331656456 0.511417508125305 0.550027430057526 0.592214941978455 0.635090231895447 0.681624233722687 0.69840931892395 0.719963848590851 0.762412965297699 0.772571682929993 0.783538222312927 0.782919526100159 0.799435615539551 0.7883220911026 0.782940149307251 0.765740156173706
0.257901012897491 0.241444334387779 0.282142251729965 0.328247457742691 0.392703175544739 0.374338001012802 0.426527947187424 0.424568146467209 0.434448748826981 0.459393918514252 0.531751096248627 0.573213875293732 0.5975501537323 0.615583777427673 0.647893667221069 0.67214697599411 0.700342535972595 0.718283891677856 0.726483285427094 0.705957412719727 0.688011527061462 0.631379306316376 0.676003754138947 0.444836616516113 0.4401476085186 0.40428364276886 0.39284086227417 0.42758184671402 0.47575631737709 0.510645031929016 0.547389090061188 0.588997483253479 0.621155381202698 0.639055192470551 0.692789971828461 0.714455366134644 0.754876315593719 0.785545170307159 0.801195979118347 0.767352700233459 0.791014611721039 0.774219155311584 0.687957882881165 0.787004113197327
0.278090178966522 0.259368419647217 0.302440464496613 0.292317897081375 0.353393852710724 0.36030101776123 0.385214447975159 0.407305121421814 0.516701996326447 0.545982003211975 0.548742890357971 0.580064117908478 0.633476614952087 0.647958993911743 0.659565448760986 0.673543930053711 0.678064346313477 0.695892572402954 0.719185173511505 0.692686319351196 0.614749431610107 0.621378004550934 0.575307488441467 0.468833684921265 0.437327444553375 0.411728590726852 0.407915085554123 0.426142960786819 0.466800212860107 0.484888285398483 0.544922530651093 0.581526517868042 0.620172142982483 0.654734075069427 0.670647501945496 0.719609200954437 0.740159332752228 0.768995404243469 0.786314368247986 0.81861823797226 0.752941846847534 0.776821315288544 0.780686557292938 0.743684828281403
0.414952963590622 0.346770316362381 0.35695818066597 0.36038002371788 0.342714905738831 0.340810865163803 0.40871274471283 0.446519255638123 0.516250193119049 0.580485463142395 0.588655233383179 0.597340881824493 0.628855645656586 0.650033295154572 0.662703335285187 0.637737274169922 0.698483049869537 0.71284806728363 0.70967173576355 0.668057560920715 0.605202376842499 0.573978126049042 0.547777354717255 0.479380249977112 0.453841030597687 0.434066921472549 0.415724754333496 0.437014847993851 0.484278172254562 0.499844372272491 0.539466202259064 0.575477778911591 0.61709862947464 0.629784405231476 0.668371737003326 0.685443818569183 0.736080944538116 0.764945030212402 0.792230546474457 0.821962475776672 0.777641892433167 0.736598789691925 0.814012408256531 0.79491800069809
0.385540515184402 0.420520544052124 0.36544993519783 0.358209162950516 0.37090191245079 0.413323521614075 0.455462396144867 0.485839426517487 0.534785091876984 0.560775518417358 0.574148833751678 0.57393604516983 0.617321491241455 0.67762166261673 0.666351199150085 0.694809675216675 0.699410319328308 0.71278578042984 0.705085217952728 0.704808354377747 0.655844926834106 0.589613318443298 0.55105072259903 0.496248424053192 0.480957120656967 0.455561637878418 0.432900637388229 0.451687186956406 0.490714192390442 0.517089903354645 0.534280121326447 0.569567024707794 0.607769668102264 0.645287811756134 0.671048998832703 0.706985771656036 0.733973383903503 0.772131383419037 0.783587753772736 0.809019267559052 0.822458922863007 0.799333393573761 0.820030450820923 0.799441635608673
0.523459732532501 0.440876394510269 0.508971571922302 0.446566134691238 0.440191894769669 0.494444578886032 0.514678299427032 0.491183251142502 0.532891094684601 0.546559453010559 0.552796900272369 0.598203480243683 0.613978505134583 0.653553307056427 0.667061686515808 0.687070786952972 0.719476640224457 0.733180999755859 0.70846951007843 0.696499645709991 0.706180810928345 0.691211819648743 0.643637835979462 0.58412230014801 0.520556390285492 0.481896281242371 0.474836230278015 0.487957090139389 0.511771857738495 0.525080919265747 0.561821579933167 0.598694801330566 0.634965717792511 0.660931050777435 0.678419053554535 0.696675837039948 0.738949596881866 0.780268371105194 0.790739059448242 0.812779724597931 0.839794814586639 0.824487447738647 0.823372602462769 0.813088953495026
0.626116752624512 0.619718968868256 0.646600723266602 0.519265472888947 0.544446349143982 0.561273634433746 0.600484430789948 0.616169989109039 0.653725981712341 0.662150502204895 0.655821323394775 0.665881812572479 0.679655432701111 0.700318038463593 0.697182238101959 0.714337050914764 0.721493542194366 0.719660818576813 0.739210247993469 0.72240549325943 0.667860984802246 0.676619827747345 0.680081427097321 0.641274631023407 0.584734678268433 0.542092680931091 0.531822204589844 0.529870212078094 0.554257452487946 0.546387135982513 0.570233225822449 0.604675114154816 0.642294228076935 0.675611078739166 0.70320862531662 0.703102231025696 0.745542228221893 0.759061396121979 0.800430774688721 0.816033124923706 0.833140254020691 0.836246192455292 0.836482644081116 0.830097913742065
0.734106183052063 0.709930062294006 0.653859674930573 0.560990810394287 0.66220498085022 0.674736022949219 0.681005001068115 0.68468314409256 0.603811681270599 0.636574983596802 0.608535051345825 0.655471563339233 0.558579385280609 0.679427087306976 0.720451235771179 0.736016690731049 0.753139853477478 0.7591233253479 0.747826993465424 0.704608559608459 0.587663650512695 0.638128221035004 0.725575685501099 0.681695580482483 0.610792577266693 0.60025554895401 0.574233531951904 0.557306408882141 0.573396682739258 0.586180746555328 0.61930775642395 0.629643142223358 0.676415920257568 0.724369466304779 0.722012400627136 0.732725918292999 0.753258407115936 0.773726582527161 0.797660887241364 0.823480129241943 0.832413136959076 0.843877375125885 0.834523260593414 0.825010418891907
0.589207112789154 0.621093034744263 0.696799337863922 0.700747609138489 0.718780219554901 0.557464003562927 0.446244567632675 0.717693388462067 0.374166488647461 0.462115168571472 0.647411465644836 0.692640781402588 0.711419761180878 0.73513525724411 0.751103103160858 0.750831007957458 0.690301477909088 0.763605117797852 0.77014571428299 0.770971357822418 0.77357280254364 0.747185230255127 0.744276762008667 0.716182172298431 0.630606770515442 0.593250513076782 0.603779137134552 0.608466923236847 0.594967722892761 0.607725501060486 0.616403758525848 0.657930612564087 0.679824948310852 0.711267292499542 0.721116960048676 0.751027464866638 0.769301176071167 0.78362238407135 0.803486704826355 0.819662272930145 0.823417961597443 0.842070877552032 0.830718815326691 0.83516401052475
0.702856004238129 0.752332746982574 0.733647882938385 0.751511812210083 0.707562685012817 0.658025503158569 0.487548738718033 0.254995137453079 0.308056175708771 0.461679250001907 0.651064336299896 0.728284895420074 0.763775706291199 0.784777164459229 0.753739774227142 0.740983784198761 0.656411528587341 0.70068371295929 0.589932680130005 0.527174532413483 0.62968909740448 0.673150897026062 0.734326362609863 0.74247270822525 0.729246735572815 0.651199579238892 0.645186543464661 0.625651478767395 0.644024193286896 0.646420836448669 0.642825067043304 0.651941359043121 0.685801327228546 0.706740081310272 0.732029378414154 0.764539182186127 0.779657006263733 0.807961761951447 0.811489820480347 0.81934779882431 0.833635747432709 0.838507533073425 0.842616975307465 0.843733131885529
0.563345670700073 0.572393357753754 0.604168295860291 0.755646347999573 0.75028669834137 0.718923926353455 0.323445349931717 0.242705687880516 0.328704982995987 0.379349321126938 0.345411628484726 0.365440100431442 0.532174348831177 0.637817621231079 0.506765365600586 0.784674167633057 0.813409924507141 0.819689452648163 0.756124556064606 0.569595396518707 0.530034184455872 0.651532888412476 0.701078057289124 0.733434975147247 0.769606053829193 0.716821551322937 0.66830313205719 0.665626406669617 0.692759990692139 0.684395551681519 0.674514532089233 0.673393249511719 0.700977325439453 0.706774652004242 0.744297385215759 0.783797144889832 0.803256630897522 0.805819094181061 0.819991588592529 0.813539981842041 0.826790332794189 0.829974055290222 0.831990540027618 0.829030632972717
0.368148058652878 0.401043057441711 0.441505014896393 0.465970009565353 0.571255028247833 0.31964585185051 0.23992046713829 0.232021689414978 0.113320499658585 0.285315454006195 0.516288876533508 0.592832863330841 0.743622362613678 0.650686144828796 0.540442824363708 0.596178650856018 0.710431337356567 0.779723048210144 0.848673760890961 0.799678862094879 0.604881823062897 0.680329978466034 0.731892704963684 0.737450063228607 0.798392176628113 0.770565271377563 0.732041895389557 0.710492491722107 0.700468897819519 0.720894336700439 0.689232587814331 0.684235274791718 0.708882391452789 0.727344691753387 0.751711964607239 0.756279468536377 0.783344984054565 0.803229153156281 0.805777728557587 0.806526362895966 0.816276431083679 0.816892981529236 0.825819849967957 0.818673014640808
0.62409234046936 0.432287842035294 0.370649933815002 0.2832932472229 0.327266097068787 0.13320617377758 0.0684806481003761 0.392714947462082 0.350011676549911 0.463018357753754 0.569222986698151 0.679501414299011 0.833009481430054 0.712546110153198 0.562427937984467 0.543495893478394 0.643987357616425 0.706136882305145 0.792520701885223 0.855094969272614 0.742466926574707 0.660642445087433 0.772651374340057 0.810062170028687 0.823552668094635 0.799175798892975 0.780220091342926 0.760427474975586 0.735915780067444 0.752254068851471 0.722836315631866 0.715539932250977 0.710973978042603 0.741832315921783 0.731800377368927 0.759010076522827 0.782127022743225 0.791777670383453 0.675498723983765 0.7776979804039 0.795402050018311 0.807668030261993 0.804964482784271 0.816474378108978
0.866685748100281 0.499863862991333 0.714007318019867 0.3902907371521 0.560882687568665 0.752847075462341 0.416771113872528 0.207161083817482 0.554596483707428 0.696618437767029 0.820441365242004 0.849635481834412 0.866470873355865 0.68757438659668 0.568600237369537 0.510214686393738 0.601881742477417 0.734744846820831 0.767084121704102 0.838827729225159 0.850344657897949 0.825372636318207 0.816382765769958 0.828189671039581 0.812182068824768 0.834615767002106 0.796202898025513 0.783009171485901 0.7516770362854 0.743391573429108 0.735474050045013 0.719717264175415 0.714313387870789 0.735260725021362 0.752342283725739 0.757059156894684 0.781379163265228 0.792748510837555 0.761219501495361 0.755824327468872 0.764890551567078 0.820159018039703 0.815554320812225 0.805362403392792
0.755182921886444 0.787230551242828 0.820605158805847 0.797338485717773 0.475509703159332 0.709118962287903 0.801367104053497 0.784932732582092 0.4851453602314 0.642434477806091 0.80210143327713 0.833591222763062 0.847370326519012 0.738564014434814 0.718560993671417 0.580968856811523 0.5601527094841 0.694531500339508 0.775937795639038 0.834029376506805 0.833251893520355 0.886235594749451 0.853045701980591 0.824575126171112 0.826437771320343 0.843825221061707 0.809614837169647 0.802275717258453 0.779083251953125 0.741200029850006 0.713916659355164 0.717341601848602 0.716570675373077 0.746919929981232 0.750902414321899 0.752119719982147 0.763565301895142 0.790405452251434 0.79020494222641 0.760365009307861 0.794575750827789 0.799394309520721 0.809282422065735 0.810137271881104
0.875817120075226 0.812572419643402 0.811485886573792 0.74669361114502 0.886197686195374 0.84061735868454 0.730986416339874 0.84093964099884 0.84861171245575 0.823082566261292 0.726272106170654 0.869260847568512 0.853779971599579 0.834781348705292 0.808575689792633 0.73894214630127 0.666908264160156 0.757921576499939 0.784245371818542 0.854792714118958 0.844097852706909 0.891100227832794 0.85235869884491 0.816854417324066 0.839318215847015 0.836219012737274 0.824479043483734 0.820847451686859 0.791532814502716 0.786098659038544 0.790526449680328 0.750389695167542 0.73435515165329 0.727375328540802 0.765606880187988 0.745177328586578 0.749723017215729 0.769343078136444 0.768776714801788 0.761379361152649 0.776529848575592 0.781036019325256 0.799309015274048 0.803207457065582
0.889541923999786 0.874474704265594 0.858624815940857 0.857933402061462 0.875744700431824 0.85716837644577 0.778612732887268 0.814492464065552 0.881979405879974 0.759309530258179 0.865521788597107 0.874486565589905 0.910059213638306 0.766307175159454 0.694754898548126 0.7480628490448 0.767944276332855 0.85778284072876 0.815793573856354 0.864096283912659 0.819288969039917 0.870414674282074 0.88043874502182 0.864499449729919 0.851445853710175 0.84995824098587 0.853358447551727 0.825633108615875 0.816369473934174 0.806462645530701 0.815891742706299 0.803907573223114 0.833006858825684 0.700281083583832 0.737949967384338 0.738891661167145 0.747997164726257 0.750753223896027 0.743990421295166 0.750966250896454 0.763979911804199 0.776563167572021 0.756727516651154 0.770138382911682
0.924772977828979 0.926412165164948 0.91641491651535 0.887255489826202 0.848590493202209 0.87533164024353 0.820160090923309 0.828031420707703 0.842454493045807 0.881017982959747 0.901081383228302 0.904717862606049 0.838161587715149 0.713134944438934 0.736823499202728 0.840495705604553 0.787234723567963 0.785141825675964 0.871845424175262 0.895908355712891 0.830382585525513 0.8357914686203 0.888375997543335 0.870233058929443 0.863065898418427 0.859040141105652 0.84715610742569 0.814490556716919 0.811703681945801 0.794723451137543 0.797590672969818 0.8093541264534 0.774508059024811 0.667174696922302 0.698911905288696 0.689307928085327 0.709874093532562 0.736629486083984 0.708763360977173 0.701530396938324 0.712016582489014 0.742967426776886 0.73878538608551 0.725917875766754
0.947095334529877 0.943599104881287 0.917782485485077 0.898266553878784 0.837880611419678 0.740606844425201 0.866289377212524 0.855448722839355 0.868766188621521 0.898702502250671 0.912667214870453 0.913274526596069 0.899931490421295 0.837804317474365 0.871649622917175 0.905839204788208 0.844310581684113 0.846089839935303 0.890352368354797 0.886764228343964 0.877034485340118 0.760712265968323 0.899465560913086 0.883660495281219 0.870593011379242 0.857935428619385 0.86024409532547 0.816619277000427 0.784078240394592 0.756659507751465 0.729235649108887 0.715048849582672 0.662796258926392 0.66533887386322 0.651690363883972 0.656857550144196 0.655393123626709 0.66559910774231 0.674319267272949 0.69028377532959 0.681937098503113 0.664752900600433 0.673231959342957 0.693926692008972
0.801496863365173 0.819480657577515 0.908674955368042 0.706838667392731 0.711776196956635 0.787342607975006 0.81483918428421 0.84889817237854 0.857673585414886 0.879258573055267 0.90475857257843 0.803773820400238 0.865740954875946 0.91208279132843 0.942097783088684 0.934193730354309 0.930476188659668 0.883951187133789 0.92080420255661 0.922449052333832 0.899027705192566 0.841786623001099 0.869764447212219 0.886764287948608 0.871494114398956 0.867158174514771 0.838906407356262 0.814351081848145 0.784646928310394 0.742628812789917 0.715124011039734 0.672167241573334 0.633244752883911 0.63508802652359 0.625732600688934 0.604036271572113 0.617638766765594 0.602405667304993 0.627533197402954 0.615898787975311 0.636364102363586 0.631889879703522 0.635201275348663 0.637579798698425
