data/climate_estimation/maxent_output/Smilax_discotis.asc
NCOLS 225 
NROWS 141 
XLLCORNER 99.75 
YLLCORNER 23.0833333333333 
CELLSIZE 0.0833333333333333 
NODATA_value -3.4e+38 
[rows 100 to 119 of 141, columns 176 to 219 of 225]
0.26623409986496 0.246589735150337 0.243639200925827 0.262636542320251 0.283624172210693 0.330129981040955 0.34180623292923 0.361421346664429 0.358868956565857 0.374854952096939 0.350540637969971 0.384314060211182 0.389841914176941 0.387569397687912 0.407534271478653 0.397574961185455 0.401733100414276 0.401322454214096 0.392200857400894 0.372753500938416 0.388267487287521 0.384978592395782 0.364057242870331 0.351867228746414 0.345403522253036 0.340845137834549 0.360928654670715 0.344553291797638 0.332829087972641 0.335981905460358 0.314342677593231 0.298300862312317 0.30511412024498 0.301244169473648 0.299666583538055 0.279379487037659 0.28132352232933 0.277623921632767 0.250856250524521 0.233507290482521 0.223669648170471 0.227679908275604 0.218327313661575 0.232563212513924
0.246711224317551 0.238287881016731 0.249791875481606 0.275096774101257 0.300242364406586 0.31148687005043 0.339944124221802 0.341248482465744 0.358160376548767 0.372424364089966 0.358944863080978 0.348156064748764 0.36669448018074 0.376889050006866 0.394683331251144 0.383786022663116 0.386450946331024 0.370903521776199 0.36432620882988 0.357231229543686 0.368591099977493 0.361053586006165 0.357415378093719 0.344698071479797 0.360336035490036 0.345031470060349 0.346249878406525 0.313072323799133 0.320249408483505 0.305835217237473 0.313848048448563 0.311002552509308 0.310390084981918 0.28241702914238 0.280720829963684 0.267976731061935 0.272681623697281 0.259871780872345 0.257430106401443 0.249297127127647 0.211889743804932 0.21716021001339 0.217841506004333 0.227401733398438
0.244752168655396 0.255356967449188 0.301821291446686 0.317923933267593 0.30092665553093 0.299432992935181 0.310418099164963 0.334223300218582 0.35402923822403 0.34267583489418 0.344061553478241 0.348090261220932 0.372189253568649 0.380021601915359 0.367678135633469 0.372207552194595 0.350007504224777 0.349148809909821 0.344734907150269 0.350377023220062 0.33447739481926 0.349740087985992 0.339334845542908 0.326953858137131 0.344544470310211 0.332577466964722 0.312601536512375 0.309355735778809 0.297502547502518 0.311885118484497 0.288292646408081 0.297535419464111 0.288540303707123 0.285279870033264 0.270137697458267 0.259237259626389 0.24484221637249 0.240529775619507 0.230256721377373 0.240568786859512 0.238925784826279 0.227060034871101 0.23032534122467 0.213150069117546
0.274230629205704 0.301745980978012 0.297617226839066 0.316074192523956 0.318684011697769 0.301875323057175 0.298999041318893 0.328640162944794 0.331103622913361 0.347987145185471 0.354638695716858 0.345680564641953 0.362566918134689 0.367987126111984 0.362975209951401 0.349679738283157 0.358178824186325 0.342397838830948 0.332967221736908 0.329265505075455 0.324488073587418 0.333023130893707 0.305677175521851 0.317029386758804 0.310412496328354 0.309350818395615 0.318303525447845 0.291502773761749 0.284834325313568 0.297311067581177 0.273609101772308 0.278310179710388 0.290178239345551 0.273222237825394 0.261361300945282 0.245094284415245 0.237212732434273 0.229195386171341 0.235004857182503 0.236541494727135 0.231889471411705 0.230557903647423 0.216094449162483 0.196583822369576
0.313697069883347 0.311297863721848 0.298090368509293 0.316880285739899 0.329854071140289 0.29927784204483 0.294037878513336 0.329177379608154 0.32967808842659 0.327092409133911 0.323230654001236 0.340534716844559 0.353204995393753 0.337642312049866 0.346743822097778 0.344492793083191 0.343492418527603 0.331055670976639 0.338646829128265 0.331797659397125 0.324418693780899 0.301162987947464 0.305215865373611 0.301811933517456 0.316303312778473 0.31962838768959 0.31047797203064 0.287726759910583 0.286639779806137 0.266584753990173 0.26904970407486 0.2708939909935 0.265595585107803 0.26590895652771 0.254138678312302 0.241422891616821 0.226078823208809 0.224955171346664 0.247903734445572 0.231904998421669 0.242114365100861 0.231149390339851 0.207836210727692 0.212058275938034
0.30359348654747 0.290321111679077 0.31300762295723 0.31944352388382 0.333230167627335 0.328215509653091 0.315950781106949 0.327181369066238 0.330373376607895 0.32401704788208 0.352679759263992 0.340646892786026 0.333840519189835 0.330889254808426 0.334104299545288 0.33286327123642 0.33509236574173 0.341478288173676 0.326073318719864 0.322472393512726 0.301272064447403 0.294106662273407 0.295506119728088 0.330453664064407 0.326739549636841 0.301371335983276 0.292169570922852 0.283284783363342 0.273717612028122 0.252527415752411 0.248413398861885 0.249503627419472 0.249339148402214 0.232431307435036 0.238124862313271 0.215523406863213 0.220852538943291 0.240533098578453 0.237585186958313 0.229114443063736 0.213432967662811 0.20522366464138 0.198829978704453 0.192295387387276
0.300542593002319 0.312934398651123 0.32283815741539 0.322698891162872 0.33539804816246 0.337128043174744 0.308984994888306 0.337222427129745 0.311816602945328 0.322149455547333 0.332360714673996 0.32412189245224 0.321165233850479 0.312079787254333 0.334178447723389 0.322749316692352 0.322146117687225 0.321290969848633 0.310905069112778 0.283755093812943 0.279340177774429 0.287757873535156 0.300063818693161 0.32149064540863 0.306218355894089 0.290404826402664 0.286644697189331 0.276279777288437 0.275273561477661 0.243339583277702 0.277006834745407 0.267923176288605 0.254690885543823 0.242794081568718 0.234855964779854 0.214827910065651 0.231941536068916 0.252774626016617 0.242391034960747 0.215905487537384 0.198590233922005 0.193569913506508 0.186431124806404 0.172758594155312
0.303502529859543 0.31166797876358 0.317510396242142 0.353803753852844 0.359784781932831 0.342810988426208 0.300279200077057 0.306367218494415 0.309499025344849 0.344237565994263 0.299984395503998 0.312104374170303 0.322662800550461 0.333969324827194 0.318128138780594 0.313214242458344 0.300530254840851 0.293428510427475 0.295088231563568 0.276526808738708 0.271252483129501 0.28202897310257 0.290309071540833 0.265348583459854 0.262402206659317 0.268734484910965 0.280521273612976 0.269062697887421 0.257863253355026 0.261848926544189 0.279572784900665 0.271716684103012 0.252442061901093 0.236818835139275 0.218317374587059 0.20800444483757 0.240108415484428 0.24224916100502 0.231682509183884 0.214220151305199 0.199108779430389 0.208434358239174 0.183609917759895 0.168859854340553
0.298603773117065 0.31272754073143 0.333990126848221 0.349727749824524 0.354364186525345 0.371806472539902 0.347354352474213 0.34870257973671 0.317565679550171 0.340959131717682 0.313206493854523 0.312502443790436 0.327960848808289 0.322419017553329 0.291438788175583 0.294081836938858 0.302513808012009 0.293953090906143 0.271838754415512 0.285055994987488 0.279315441846848 0.287925541400909 0.274065792560577 0.257989257574081 0.252909958362579 0.281205862760544 0.294763028621674 0.246846973896027 0.223575010895729 0.250006228685379 0.281592011451721 0.246867582201958 0.216831564903259 0.231790035963058 0.249115467071533 0.225333258509636 0.215769365429878 0.217874571681023 0.214333117008209 0.214597672224045 0.20993135869503 0.194985926151276 0.174102425575256 0.180579975247383
0.311029762029648 0.302711993455887 0.328528195619583 0.330801367759705 0.344558268785477 0.368777096271515 0.358946442604065 0.352387189865112 0.323305159807205 0.34752681851387 0.332278788089752 0.347199559211731 0.347617864608765 0.312707662582397 0.293067634105682 0.299108684062958 0.302201151847839 0.28078094124794 0.272280186414719 0.306377977132797 0.28792679309845 0.270880490541458 0.279832661151886 0.23083758354187 0.241276398301125 0.260434120893478 0.277246594429016 0.226118087768555 0.223057776689529 0.257634818553925 0.232959493994713 0.236276522278786 0.214667275547981 0.249861538410187 0.245541140437126 0.236732974648476 0.211951330304146 0.200572162866592 0.197985112667084 0.206363871693611 0.195772275328636 0.180702447891235 0.18157234787941 0.210028141736984
0.292016506195068 0.310410410165787 0.32754647731781 0.331300675868988 0.339599549770355 0.34347739815712 0.339478701353073 0.330132842063904 0.33611923456192 0.338918060064316 0.33810219168663 0.358297735452652 0.294252574443817 0.282151371240616 0.29986760020256 0.283667594194412 0.274514406919479 0.274158179759979 0.28076046705246 0.311190187931061 0.291480630636215 0.253773361444473 0.240474060177803 0.233371138572693 0.223103553056717 0.234504744410515 0.229546651244164 0.22389155626297 0.22960264980793 0.278283923864365 0.261074185371399 0.250184535980225 0.254660278558731 0.247417241334915 0.200255736708641 0.194816440343857 0.200028494000435 0.176954820752144 0.206804215908051 0.219954341650009 0.197503581643105 0.205841526389122 0.182341903448105 0.196752890944481
0.287679314613342 0.294654011726379 0.301300466060638 0.304886877536774 0.317739009857178 0.337692201137543 0.32653596997261 0.32525223493576 0.314231097698212 0.325900167226791 0.32532149553299 0.306084036827087 0.290656745433807 0.296140819787979 0.287254482507706 0.289616942405701 0.25747275352478 0.27406257390976 0.292154341936111 0.300404220819473 0.279668420553207 0.246717840433121 0.223008379340172 0.218878582119942 0.216038540005684 0.241719484329224 0.224377647042274 0.192185565829277 0.234998047351837 0.280675172805786 0.286801517009735 0.26120787858963 0.246447712182999 0.220628142356873 0.223093152046204 0.185441881418228 0.171047553420067 0.179896265268326 0.206154987215996 0.185947552323341 0.205890104174614 0.204840630292892 0.198280036449432 0.205807507038116
0.279961764812469 0.274222433567047 0.313394606113434 0.334931910037994 0.317375898361206 0.304847568273544 0.306516110897064 0.302537322044373 0.305215418338776 0.320240795612335 0.317013442516327 0.306459844112396 0.287888824939728 0.284595161676407 0.289908289909363 0.27338057756424 0.258892446756363 0.264849215745926 0.282542675733566 0.295151740312576 0.263486415147781 0.247137457132339 0.225929737091064 0.222661167383194 0.230772152543068 0.25832936167717 0.209042638540268 0.20706333220005 0.250572085380554 0.251763731241226 0.237910255789757 0.216692388057709 0.185486152768135 0.189942196011543 0.206351205706596 0.174851387739182 0.172867059707642 0.164549335837364 0.169070437550545 0.19072513282299 0.182985991239548 0.194948256015778 0.189634904265404 0.176360577344894
0.307878106832504 0.29551237821579 0.311038821935654 0.291911691427231 0.297580868005753 0.280052721500397 0.289254635572433 0.287239074707031 0.293174624443054 0.289773851633072 0.298418074846268 0.284285038709641 0.288729220628738 0.287298649549484 0.294992685317993 0.258482456207275 0.244319885969162 0.266960352659225 0.275669008493423 0.273732364177704 0.24227187037468 0.227830842137337 0.226081490516663 0.204346776008606 0.220236971974373 0.225511193275452 0.18332801759243 0.203963935375214 0.291677176952362 0.286252826452255 0.197647362947464 0.199790209531784 0.230655819177628 0.162340864539146 0.155871465802193 0.152087241411209 0.189016446471214 0.167444795370102 0.171641796827316 0.212022170424461 0.187571227550507 0.184850051999092 0.155735805630684 0.176365241408348
0.293025732040405 0.272075682878494 0.26990669965744 0.270193129777908 0.281720787286758 0.26717934012413 0.276565790176392 0.269461154937744 0.287963479757309 0.289472579956055 0.302864223718643 0.281350761651993 0.289846509695053 0.308859586715698 0.297159254550934 0.249079659581184 0.251279234886169 0.275881767272949 0.288536190986633 0.275519400835037 0.239919647574425 0.248377948999405 0.239605501294136 0.208859845995903 0.201349809765816 0.187048181891441 0.194955050945282 0.194783270359039 0.255688369274139 0.251073151826859 0.236797839403152 0.259602397680283 0.191627711057663 0.142909005284309 0.155546352267265 0.144708037376404 0.13695216178894 0.16354663670063 0.181180283427238 0.196886032819748 0.203959941864014 0.174705073237419 0.156683340668678 0.165523439645767
0.250804722309113 0.251065820455551 0.255473077297211 0.278297305107117 0.269203722476959 0.251882791519165 0.271667122840881 0.265298545360565 0.266866594552994 0.316642165184021 0.294054418802261 0.286807417869568 0.283793210983276 0.310567021369934 0.297735810279846 0.271448254585266 0.236916288733482 0.259162545204163 0.270142465829849 0.265213489532471 0.238798692822456 0.251577496528625 0.205827578902245 0.195123642683029 0.196872353553772 0.199492067098618 0.212814748287201 0.21358023583889 0.227616757154465 0.242994293570518 0.24959097802639 0.189562767744064 0.139656946063042 0.188559964299202 0.169651418924332 0.197470545768738 0.180123582482338 0.146173372864723 0.175367385149002 0.219787254929543 0.23345810174942 0.198508903384209 0.196773812174797 0.0220791175961494
0.230251371860504 0.254655838012695 0.266550242900848 0.268836289644241 0.252112627029419 0.252112627029419 0.25633442401886 0.277247041463852 0.269797742366791 0.297599732875824 0.277073115110397 0.271237581968307 0.289968490600586 0.30848503112793 0.28250715136528 0.251423925161362 0.242536276578903 0.238757312297821 0.268329441547394 0.243185371160507 0.219911113381386 0.235359340906143 0.176934033632278 0.164907410740852 0.182505086064339 0.191326037049294 0.197054401040077 0.196119576692581 0.195976212620735 0.18900728225708 0.156555727124214 0.137233674526215 0.167607977986336 0.209675028920174 0.215528547763824 0.200274378061295 0.174270778894424 0.146704837679863 0.204475924372673 0.219288438558578 0.216898366808891 0.184705942869186 0.152549013495445 0.0267323404550552
0.284813612699509 0.260641068220139 0.241237312555313 0.251894176006317 0.242216780781746 0.247963830828667 0.259371817111969 0.266673803329468 0.252025276422501 0.274713963270187 0.290116459131241 0.270842522382736 0.297774314880371 0.292927533388138 0.264456331729889 0.244687229394913 0.234875574707985 0.256385862827301 0.249673306941986 0.201387301087379 0.203113853931427 0.188370689749718 0.182164967060089 0.160301119089127 0.158323630690575 0.167804002761841 0.166233390569687 0.1725854575634 0.213686361908913 0.229562282562256 0.156341031193733 0.140033319592476 0.200323134660721 0.241865858435631 0.202773794531822 0.224362403154373 0.183279171586037 0.13757312297821 0.16998864710331 0.170528620481491 0.204421415925026 0.180096730589867 0.154762297868729 0.0314848124980927
0.251310169696808 0.242286443710327 0.256880968809128 0.256702929735184 0.242348358035088 0.255600929260254 0.263436734676361 0.264021724462509 0.28124588727951 0.253410428762436 0.0527352094650269 0.0538307651877403 0.278652966022491 0.253391802310944 0.223613053560257 0.219066247344017 0.238676249980927 0.270108491182327 0.207460641860962 0.186745777726173 0.181026831269264 0.178214386105537 0.217558905482292 0.191511303186417 0.148918837308884 0.147919610142708 0.152189686894417 0.209646880626678 0.189342245459557 0.134620815515518 0.148080199956894 0.186508357524872 0.183051288127899 0.194396734237671 0.182040169835091 0.216582596302032 0.163729846477509 0.114582300186157 0.169289812445641 0.178129956126213 0.177679851651192 0.190919369459152 0.180237323045731 0.136663049459457
0.242404073476791 0.271410763263702 0.251635253429413 0.228403389453888 0.0454839617013931 0.0474342778325081 0.0509294793009758 0.244999125599861 0.249853059649467 0.0482188276946545 0.0531151071190834 0.25008961558342 0.266400039196014 0.238435238599777 0.219662994146347 0.0464224480092525 0.237260267138481 0.215977847576141 0.189796596765518 0.178910717368126 0.174159854650497 0.176652953028679 0.203682795166969 0.166046351194382 0.147346451878548 0.13516940176487 0.132528156042099 0.160986110568047 0.147089079022408 0.130476519465446 0.133701354265213 0.157845988869667 0.192164972424507 0.137658506631851 0.162430793046951 0.165477320551872 0.162922278046608 0.126163437962532 0.140826314687729 0.156514942646027 0.160240471363068 0.142814472317696 0.196137323975563 0.155803322792053
