data/climate_estimation/maxent_output/Smilax_megalantha.asc
NCOLS 143 
NROWS 136 
XLLCORNER 98.25 
YLLCORNER 20.75 
CELLSIZE 0.0833333333333334 
NODATA_value -3.4e+38 
[rows 100 to 119 of 136, columns 44 to 87 of 143]
0.00796349719166756 0.0333681181073189 0.232735484838486 0.0673111453652382 0.179992377758026 0.19615750014782 0.125855997204781 0.160703629255295 0.216132536530495 0.151166379451752 0.0974578112363815 0.0451848097145557 0.0744308084249496 0.15006847679615 0.241409033536911 0.0615954957902431 0.031420424580574 0.379659205675125 0.470580488443375 0.411769270896912 0.321331799030304 0.247903779149055 0.191854923963547 0.213339224457741 0.230260968208313 0.276411712169647 0.306133657693863 0.328192561864853 0.357541352510452 0.369166135787964 0.379514038562775 0.455897241830826 0.419832825660706 0.433674812316895 0.482508063316345 0.588958084583282 0.610877633094788 0.594585597515106 0.621959805488586 0.628894627094269 0.595289647579193 0.550404191017151 0.512992858886719 0.486644953489304
0.00153593253344297 0.010813545435667 0.162548318505287 0.16763237118721 0.075244128704071 0.158742219209671 0.136993244290352 0.107926234602928 0.121426686644554 0.129683300852776 0.0576314628124237 0.0643974021077156 0.11442407220602 0.0821548700332642 0.0936155542731285 0.0740320980548859 0.0389942266047001 0.139923676848412 0.473096907138824 0.571493446826935 0.443715423345566 0.270217210054398 0.237312227487564 0.229601487517357 0.245419383049011 0.244054242968559 0.304867565631866 0.371071487665176 0.415001749992371 0.389311045408249 0.445385128259659 0.496965855360031 0.505993664264679 0.405847281217575 0.409919828176498 0.45658141374588 0.510113120079041 0.513525784015656 0.610510528087616 0.622163891792297 0.642556309700012 0.625047743320465 0.604682922363281 0.503447592258453
0.0239483118057251 0.0035410295240581 0.0246839858591557 0.10519964247942 0.13780565559864 0.105481550097466 0.167302146553993 0.140154495835304 0.194569572806358 0.12724806368351 0.106737114489079 0.172432646155357 0.302538454532623 0.289198577404022 0.0829546228051186 0.0402747914195061 0.0518490970134735 0.0541895069181919 0.415966689586639 0.418884426355362 0.467178732156754 0.429160892963409 0.345142304897308 0.271823704242706 0.238825082778931 0.227165222167969 0.303188234567642 0.418578624725342 0.442558646202087 0.410431802272797 0.429390072822571 0.428363353013992 0.437633961439133 0.491701364517212 0.421335339546204 0.37409719824791 0.405507773160934 0.381125867366791 0.448247462511063 0.55446845293045 0.648035705089569 0.679603934288025 0.663414478302002 0.584190964698792
0.120715640485287 0.181418389081955 0.0357932634651661 0.0230672191828489 0.0735408812761307 0.150840073823929 0.290201902389526 0.389453947544098 0.325395405292511 0.280484765768051 0.178955465555191 0.341353446245193 0.352041840553284 0.432243317365646 0.204849377274513 0.0990745574235916 0.0420864298939705 0.0510842874646187 0.381915122270584 0.443299055099487 0.453222900629044 0.537901043891907 0.495942443609238 0.451959878206253 0.382317006587982 0.297474563121796 0.262282758951187 0.36172553896904 0.420110881328583 0.424406677484512 0.371651649475098 0.389397323131561 0.427529722452164 0.477610260248184 0.489101141691208 0.474836528301239 0.503683269023895 0.517270743846893 0.499945938587189 0.444225072860718 0.47601193189621 0.672426104545593 0.656156837940216 0.568832397460938
0.372578561306 0.397677689790726 0.199466183781624 0.119210548698902 0.0299847740679979 0.0259770918637514 0.0277115702629089 0.0992189273238182 0.186495766043663 0.288992911577225 0.187077596783638 0.248917058110237 0.0832879096269608 0.415988773107529 0.343170583248138 0.456161797046661 0.081517681479454 0.0465544313192368 0.180383563041687 0.368875354528427 0.442693799734116 0.486214458942413 0.536348402500153 0.66436505317688 0.656577527523041 0.438156276941299 0.364016562700272 0.294029891490936 0.366916567087173 0.447513312101364 0.466258019208908 0.459506511688232 0.463760048151016 0.511522173881531 0.508185088634491 0.412335366010666 0.505519688129425 0.597352564334869 0.67385071516037 0.616583704948425 0.524242043495178 0.588653922080994 0.668699204921722 0.472812056541443
0.271033614873886 0.418799459934235 0.293982654809952 0.349060416221619 0.344884365797043 0.104603350162506 0.0580978319048882 0.0200981292873621 0.020224817097187 0.0276772100478411 0.0152335893362761 0.0504701361060143 0.0630042403936386 0.189403340220451 0.383946269750595 0.583144307136536 0.328668534755707 0.176090911030769 0.256253808736801 0.374123692512512 0.326046943664551 0.344366550445557 0.400587230920792 0.572164833545685 0.565255045890808 0.541958570480347 0.520600318908691 0.415203541517258 0.318061918020248 0.385120779275894 0.459169268608093 0.408995658159256 0.400005519390106 0.382398545742035 0.328715175390244 0.257796674966812 0.299651235342026 0.491664499044418 0.680500626564026 0.674495935440063 0.590426683425903 0.464396119117737 0.655706703662872 0.510058045387268
0.275166630744934 0.381009668111801 0.364224702119827 0.386324942111969 0.371139168739319 0.318978488445282 0.326575100421906 0.2475316375494 0.265190422534943 0.0623055100440979 0.0264459289610386 0.0102931391447783 0.0163008943200111 0.154203340411186 0.35014882683754 0.434006333351135 0.33118462562561 0.305148661136627 0.392176419496536 0.30066379904747 0.345353573560715 0.29552561044693 0.400879710912704 0.377719134092331 0.475196003913879 0.583173096179962 0.548007845878601 0.495430320501328 0.424549490213394 0.488893359899521 0.348061203956604 0.512320458889008 0.459223002195358 0.472894698381424 0.562776446342468 0.307873040437698 0.245452016592026 0.286381870508194 0.529377698898315 0.637074172496796 0.617537617683411 0.589374780654907 0.474713802337646 0.49228110909462
0.13453172147274 0.262340068817139 0.272179901599884 0.348846733570099 0.293030291795731 0.175829946994781 0.150345578789711 0.146844804286957 0.217630714178085 0.159705743193626 0.214305877685547 0.0750124454498291 0.0649352893233299 0.0205339603126049 0.0486405976116657 0.053544458001852 0.104474574327469 0.197178930044174 0.292350083589554 0.33714684844017 0.315177440643311 0.151575997471809 0.444452881813049 0.458440244197845 0.286430597305298 0.467980980873108 0.575217247009277 0.54030430316925 0.488115936517715 0.530001103878021 0.321611016988754 0.426193803548813 0.595943212509155 0.468506157398224 0.705050528049469 0.435408413410187 0.429529368877411 0.343535631895065 0.288130462169647 0.384648114442825 0.401521980762482 0.454816401004791 0.529409468173981 0.433256983757019
0.226729422807693 0.154869884252548 0.213401451706886 0.198579058051109 0.2562575340271 0.309950262308121 0.303326606750488 0.124985352158546 0.102965287864208 0.072672076523304 0.255415141582489 0.463772177696228 0.41959822177887 0.13804429769516 0.0682316049933434 0.0439042784273624 0.0259002037346363 0.0516308359801769 0.0995732098817825 0.436616748571396 0.344252198934555 0.162831768393517 0.25000661611557 0.4172423183918 0.201954528689384 0.544225335121155 0.573573589324951 0.55511611700058 0.521999537944794 0.4292973279953 0.450093001127243 0.302663534879684 0.329583376646042 0.335484951734543 0.499405354261398 0.367748469114304 0.308246582746506 0.322080671787262 0.570878148078918 0.273516476154327 0.193248093128204 0.165115147829056 0.146369948983192 0.230426043272018
0.151860520243645 0.257866084575653 0.252792567014694 0.335436046123505 0.288374781608582 0.243384003639221 0.303869396448135 0.272862821817398 0.113809689879417 0.129978403449059 0.0498358048498631 0.267351031303406 0.359005272388458 0.359636068344116 0.262557625770569 0.154332339763641 0.0731658935546875 0.049228310585022 0.0236882157623768 0.0795187428593636 0.254956752061844 0.292342185974121 0.0813795402646065 0.139207035303116 0.230789884924889 0.528476893901825 0.521686792373657 0.471155256032944 0.505041778087616 0.436150997877121 0.473314344882965 0.56879186630249 0.519432723522186 0.453517258167267 0.206582367420197 0.202742889523506 0.148843973875046 0.283132463693619 0.497740060091019 0.324517160654068 0.262430131435394 0.252027839422226 0.164460808038712 0.0995207726955414
0.0700927674770355 0.177854850888252 0.161521583795547 0.239458993077278 0.36213955283165 0.135156750679016 0.101907789707184 0.258086502552032 0.236720085144043 0.104597352445126 0.049097191542387 0.0984995737671852 0.140766724944115 0.249066144227982 0.0919049084186554 0.297909826040268 0.302448809146881 0.164356052875519 0.0792534872889519 0.0232406947761774 0.0832813233137131 0.335338205099106 0.20919294655323 0.0600806213915348 0.18117655813694 0.454802274703979 0.329851448535919 0.349050939083099 0.313200265169144 0.495906293392181 0.367729038000107 0.315374970436096 0.337591618299484 0.373661726713181 0.357547670602798 0.182296097278595 0.0840905755758286 0.0970164686441422 0.229430481791496 0.309237867593765 0.419067114591599 0.218079522252083 0.242935314774513 0.252519249916077
0.0829958617687225 0.0965222045779228 0.151989713311195 0.0721079707145691 0.0855672508478165 0.0854525938630104 0.222094565629959 0.16473662853241 0.0760792344808578 0.0521922595798969 0.0978025496006012 0.0636900141835213 0.0953956693410873 0.253002941608429 0.0689768418669701 0.157820880413055 0.23228994011879 0.269530236721039 0.226006224751472 0.112769931554794 0.032658401876688 0.0672100186347961 0.178958460688591 0.0689215734601021 0.342881977558136 0.182772696018219 0.279046773910522 0.304389923810959 0.263759702444077 0.389614582061768 0.331446647644043 0.319680422544479 0.187525615096092 0.408114343881607 0.603116035461426 0.395143032073975 0.111407913267612 0.0820987224578857 0.141062393784523 0.129244714975357 0.204825222492218 0.185906156897545 0.128820091485977 0.291780769824982
0.128168851137161 0.0459493286907673 0.099752351641655 0.0954501330852509 0.118609562516212 0.104981236159801 0.1184341609478 0.259417235851288 0.257583051919937 0.174473360180855 0.120860867202282 0.0664367824792862 0.0269087981432676 0.0377602018415928 0.0478301979601383 0.0981235727667809 0.097084604203701 0.13734957575798 0.247989401221275 0.111584693193436 0.17108316719532 0.0355933494865894 0.0670234188437462 0.0629920586943626 0.117906801402569 0.120630204677582 0.161641970276833 0.118575118482113 0.191859021782875 0.179334670305252 0.130034565925598 0.137961119413376 0.232465341687202 0.155101880431175 0.32430899143219 0.250312358140945 0.0772588402032852 0.0684033930301666 0.222687035799026 0.200871199369431 0.215835481882095 0.123236939311028 0.173326075077057 0.330694019794464
0.10161629319191 0.073513962328434 0.0323614925146103 0.0453060977160931 0.0679537653923035 0.0508868545293808 0.0754890590906143 0.116196982562542 0.10357104241848 0.148570597171783 0.380873650312424 0.31419774889946 0.125947013497353 0.0554296672344208 0.0216009002178907 0.0300619676709175 0.076555147767067 0.10181225836277 0.146546587347984 0.139082089066505 0.145603805780411 0.202232614159584 0.0368395037949085 0.0516820512712002 0.046990167349577 0.0649825632572174 0.209452375769615 0.191241502761841 0.235412433743477 0.168088987469673 0.118049241602421 0.238222047686577 0.2490104585886 0.136737272143364 0.320762187242508 0.197975903749466 0.0542849004268646 0.0847300365567207 0.152794405817986 0.150476321578026 0.326061993837357 0.233737081289291 0.13255487382412 0.308782011270523
0.0968462452292442 0.109234973788261 0.060344111174345 0.0436678342521191 0.0481723994016647 0.0459962151944637 0.0345621891319752 0.0273814667016268 0.0371958389878273 0.212080791592598 0.318033337593079 0.176167517900467 0.0762654915452003 0.0563195608556271 0.0650246068835258 0.0503653809428215 0.0292829610407352 0.0367998443543911 0.0895249173045158 0.106672286987305 0.122212484478951 0.0719108134508133 0.0807667523622513 0.0385233201086521 0.0321913324296474 0.0377218797802925 0.127394810318947 0.105736464262009 0.172231927514076 0.128485083580017 0.133823856711388 0.0999895110726357 0.14217546582222 0.106213055551052 0.151577457785606 0.123979933559895 0.0638025104999542 0.09476088732481 0.198734000325203 0.13512647151947 0.123886220157146 0.273235678672791 0.126946061849594 0.194248557090759
0.0927647203207016 0.110940545797348 0.0743004903197289 0.0641146898269653 0.0821844711899757 0.053917583078146 0.0545676946640015 0.0758708640933037 0.0168095976114273 0.0546962954103947 0.108657620847225 0.136885687708855 0.119852557778358 0.0795721635222435 0.0349080674350262 0.0358053222298622 0.0408773571252823 0.045553881675005 0.0551217794418335 0.0820258483290672 0.0851808115839958 0.0872179344296455 0.0829770788550377 0.0727338194847107 0.0339000448584557 0.0347982868552208 0.0415934659540653 0.0680399090051651 0.116906374692917 0.115374386310577 0.11153581738472 0.0851028487086296 0.0998774617910385 0.144852563738823 0.16626264154911 0.0605920776724815 0.0593494027853012 0.099988229572773 0.155447736382484 0.130933746695518 0.138171598315239 0.153643473982811 0.150127962231636 0.127558797597885
0.0812522917985916 0.0636543929576874 0.126137495040894 0.104081131517887 0.0510049313306808 0.024968046694994 0.0610141418874264 0.0386071354150772 0.0735779106616974 0.0440430752933025 0.0196214299649 0.0238426420837641 0.0458704233169556 0.0560270473361015 0.0346536301076412 0.0398545749485493 0.0268537066876888 0.0340530946850777 0.0421472638845444 0.0546733327209949 0.0872264206409454 0.0684553012251854 0.0620923154056072 0.0709600448608398 0.0800316631793976 0.0429474115371704 0.0287114027887583 0.0360311940312386 0.0532455332577229 0.0851117521524429 0.0780187696218491 0.0837113782763481 0.0544486939907074 0.0460296086966991 0.0507119223475456 0.05241384729743 0.116227433085442 0.100573167204857 0.0876725539565086 0.157236248254776 0.160379976034164 0.0935568436980247 0.0724547058343887 0.074726939201355
0.110150493681431 0.0615552961826324 0.0964706391096115 0.180606156587601 0.102298587560654 0.0366202332079411 0.0302342288196087 0.0452462323009968 0.0914575085043907 0.0876111313700676 0.0469688326120377 0.0560003072023392 0.0406566374003887 0.0315847732126713 0.0216743722558022 0.0404462404549122 0.0377797968685627 0.0151203582063317 0.0371182672679424 0.0481488741934299 0.0389193557202816 0.0767403393983841 0.0701031535863876 0.0617933236062527 0.103001236915588 0.0642816126346588 0.0287455599755049 0.0318661667406559 0.0472290068864822 0.0613956898450851 0.0259869266301394 0.0853240638971329 0.0999515205621719 0.0590981356799603 0.0567008405923843 0.0503195710480213 0.116783678531647 0.140539854764938 0.084127351641655 0.080739289522171 0.15752249956131 0.103505671024323 0.129366591572762 0.107934236526489
0.13004794716835 0.0604732520878315 0.0564473532140255 0.0585898347198963 0.116210989654064 0.0601540841162205 0.0279575325548649 0.0257843807339668 0.0606903210282326 0.034461997449398 0.0198491215705872 0.0198835022747517 0.0128808254376054 0.0445583276450634 0.0192018859088421 0.0174365565180779 0.0279732383787632 0.00875663571059704 0.0119731826707721 0.0462495274841785 0.0596530847251415 0.0315301939845085 0.0473313443362713 0.0636851564049721 0.067501001060009 0.0879475846886635 0.105996780097485 0.015554360114038 0.020540177822113 0.0316115468740463 0.0299635753035545 0.0254293438047171 0.0766194686293602 0.0600066557526588 0.0584527105093002 0.0660674348473549 0.0667283982038498 0.132535710930824 0.179410368204117 0.066958449780941 0.0750802680850029 0.041566789150238 0.0667368471622467 0.0866822376847267
0.092877171933651 0.0612308867275715 0.0560509786009789 0.0334938354790211 0.0544266328215599 0.101455666124821 0.0779593586921692 0.0250048954039812 0.0189481638371944 0.0230316501110792 0.0167098101228476 0.0119160618633032 0.0116730993613601 0.0092665059491992 0.0198819302022457 0.0223079919815063 0.0237145628780127 0.0125725390389562 0.0111777931451797 0.0347920358181 0.0510629042983055 0.0294658578932285 0.0482001602649689 0.0571391507983208 0.0706018358469009 0.080852635204792 0.103229872882366 0.0330742299556732 0.0255213882774115 0.0220447406172752 0.0334099531173706 0.0512347780168056 0.0297208875417709 0.0243251323699951 0.0562671571969986 0.0666372254490852 0.0654968693852425 0.0721080750226974 0.0952344164252281 0.0332732237875462 0.0324093699455261 0.0504193678498268 0.0670894160866737 0.0687931999564171
