data/climate_estimation/maxent_output/Smilax_megalantha.asc
NCOLS 143 
NROWS 136 
XLLCORNER 98.25 
YLLCORNER 20.75 
CELLSIZE 0.0833333333333334 
NODATA_value -3.4e+38 
[rows 0 to 19 of 136, columns 88 to 131 of 143]
0.642551422119141 0.745483756065369 0.762559950351715 0.767195641994476 0.758076667785645 0.856636643409729 0.854619324207306 0.830479860305786 0.844687819480896 0.914001047611237 0.908055007457733 0.899898052215576 0.905108749866486 0.916054248809814 0.895520031452179 0.904392719268799 0.909126102924347 0.900376081466675 0.871433854103088 0.887527644634247 0.788012385368347 0.801622629165649 0.823407649993896 0.820262372493744 0.851342618465424 0.927726566791534 0.872101724147797 0.780409276485443 0.870930314064026 0.792009770870209 0.875964879989624 0.921233713626862 0.948714792728424 0.905323147773743 0.79938530921936 0.883132874965668 0.923902153968811 0.914039552211761 0.863956391811371 0.875581502914429 0.88163024187088 0.857698857784271 0.868109524250031 0.858890116214752
0.751752257347107 0.722154200077057 0.739463984966278 0.852867007255554 0.853924453258514 0.848261654376984 0.840165138244629 0.912435531616211 0.914397060871124 0.911108553409576 0.912920296192169 0.954878032207489 0.948876321315765 0.954280853271484 0.946273744106293 0.942540526390076 0.936892926692963 0.879594266414642 0.875889718532562 0.872684478759766 0.867973268032074 0.909567296504974 0.922712028026581 0.829527318477631 0.862079858779907 0.9440997838974 0.882256984710693 0.882690668106079 0.890437722206116 0.799033761024475 0.798732042312622 0.868713617324829 0.956912875175476 0.948270320892334 0.953823447227478 0.890798211097717 0.875242292881012 0.912780046463013 0.923873603343964 0.907001256942749 0.872583270072937 0.804569780826569 0.837819337844849 0.861977100372314
0.829902052879333 0.833614408969879 0.82647716999054 0.831595063209534 0.920384705066681 0.896823525428772 0.891857862472534 0.904359757900238 0.942857801914215 0.945369958877563 0.94981437921524 0.948779284954071 0.944540023803711 0.943400204181671 0.941350638866425 0.928792357444763 0.913806617259979 0.918722987174988 0.933447480201721 0.912984907627106 0.873730897903442 0.903580665588379 0.902680039405823 0.938062429428101 0.941457867622375 0.949026465415955 0.947647392749786 0.950329899787903 0.89220255613327 0.890301406383514 0.888922095298767 0.88460898399353 0.966894567012787 0.963891744613647 0.944447815418243 0.957107365131378 0.949456870555878 0.942756175994873 0.931198179721832 0.934840857982635 0.922133147716522 0.877769947052002 0.841965198516846 0.753522992134094
0.838698983192444 0.82604306936264 0.908363580703735 0.890213489532471 0.89797180891037 0.931533873081207 0.933567702770233 0.940469563007355 0.941113650798798 0.950446367263794 0.95325231552124 0.949206054210663 0.944948613643646 0.948661208152771 0.95123702287674 0.941833913326263 0.947019457817078 0.927605926990509 0.951028823852539 0.908190906047821 0.919542849063873 0.923360168933868 0.932541370391846 0.959228038787842 0.970780491828918 0.939347326755524 0.953045129776001 0.952641844749451 0.951337277889252 0.885558664798737 0.868758618831635 0.941372334957123 0.968288779258728 0.958097577095032 0.969157338142395 0.961412608623505 0.960810601711273 0.951539695262909 0.947191476821899 0.938244819641113 0.927881300449371 0.919900298118591 0.898135244846344 0.877085626125336
0.904917061328888 0.897179901599884 0.892184734344482 0.929201126098633 0.924191415309906 0.936644792556763 0.949993491172791 0.955321907997131 0.953108668327332 0.963656902313232 0.952260732650757 0.944485068321228 0.958818256855011 0.95712423324585 0.954000353813171 0.94908219575882 0.936484456062317 0.937611162662506 0.947069466114044 0.932554006576538 0.928084909915924 0.95228785276413 0.972743928432465 0.967981815338135 0.974883317947388 0.985117852687836 0.931718468666077 0.937336802482605 0.933125972747803 0.979217410087585 0.976817011833191 0.975337028503418 0.980354130268097 0.977982401847839 0.976850152015686 0.963582754135132 0.966878890991211 0.940923452377319 0.944765329360962 0.917608022689819 0.921609401702881 0.888367176055908 0.916491031646729 0.899681389331818
0.90645158290863 0.935054779052734 0.930687129497528 0.943638384342194 0.936135172843933 0.939744234085083 0.947582542896271 0.947947382926941 0.951082527637482 0.951865136623383 0.952017962932587 0.954110324382782 0.947419285774231 0.952783167362213 0.95771998167038 0.956449747085571 0.943611860275269 0.937392950057983 0.937680065631866 0.922957181930542 0.960449755191803 0.958765745162964 0.955102860927582 0.972656190395355 0.983698606491089 0.972406446933746 0.945089042186737 0.965662002563477 0.986894547939301 0.986273944377899 0.971797227859497 0.96676641702652 0.964822888374329 0.980424821376801 0.976089417934418 0.969035565853119 0.96562671661377 0.924316883087158 0.953499615192413 0.844145119190216 0.862393200397491 0.91268515586853 0.93831330537796 0.912944734096527
0.928881168365479 0.932766973972321 0.941145479679108 0.938746571540833 0.936577081680298 0.939563095569611 0.945866584777832 0.946359097957611 0.951148986816406 0.949583232402802 0.954460203647614 0.951350629329681 0.952756762504578 0.95307582616806 0.949384987354279 0.952985048294067 0.956705927848816 0.935984492301941 0.910336077213287 0.958706915378571 0.962240040302277 0.942669153213501 0.953108251094818 0.972343742847443 0.951517462730408 0.935206472873688 0.96755313873291 0.986333131790161 0.98647141456604 0.984756529331207 0.972478866577148 0.975739002227783 0.981410622596741 0.98067706823349 0.969053745269775 0.98038524389267 0.977249443531036 0.97274249792099 0.967171370983124 0.961083114147186 0.95499175786972 0.894893407821655 0.93144017457962 0.939741194248199
0.929711282253265 0.937638938426971 0.931273221969604 0.938904166221619 0.936401724815369 0.928314924240112 0.939326226711273 0.941785037517548 0.936948478221893 0.939009547233582 0.942657470703125 0.941892445087433 0.944190442562103 0.942787647247314 0.949563205242157 0.933576226234436 0.925148069858551 0.907880067825317 0.900435626506805 0.916097819805145 0.926374316215515 0.902233004570007 0.938876032829285 0.945188045501709 0.953133940696716 0.961585402488708 0.968252420425415 0.983764231204987 0.987858951091766 0.976621270179749 0.988583445549011 0.988645136356354 0.979025065898895 0.987174689769745 0.932849943637848 0.968144476413727 0.978157699108124 0.977487683296204 0.974303424358368 0.964084029197693 0.961494028568268 0.960693120956421 0.950305104255676 0.946209907531738
0.937467277050018 0.942236542701721 0.935884773731232 0.929456949234009 0.930389225482941 0.926634967327118 0.92917537689209 0.93232786655426 0.92783910036087 0.932816028594971 0.929932415485382 0.935632646083832 0.940092384815216 0.930576384067535 0.922390282154083 0.945130288600922 0.914079546928406 0.908152639865875 0.887921631336212 0.872158527374268 0.92061984539032 0.96207994222641 0.944145381450653 0.916225552558899 0.94923323392868 0.934981405735016 0.943561851978302 0.953874349594116 0.957192420959473 0.963365733623505 0.980729401111603 0.984167277812958 0.957174301147461 0.974903583526611 0.931466579437256 0.911478877067566 0.956437051296234 0.961690664291382 0.974657773971558 0.96186500787735 0.968951821327209 0.959049940109253 0.941325485706329 0.940420866012573
0.935411334037781 0.938112318515778 0.931663811206818 0.923884153366089 0.920965015888214 0.920348167419434 0.912704944610596 0.919845283031464 0.914851725101471 0.924674093723297 0.917920291423798 0.920483350753784 0.928014874458313 0.923049688339233 0.92069011926651 0.914167523384094 0.915749132633209 0.913082301616669 0.876085937023163 0.885330557823181 0.935599744319916 0.936582505702972 0.918832898139954 0.904940962791443 0.931586146354675 0.957950234413147 0.973284602165222 0.956356585025787 0.964983284473419 0.97783237695694 0.985134780406952 0.980807304382324 0.972328424453735 0.975519299507141 0.876956284046173 0.925187110900879 0.96610152721405 0.954826295375824 0.949846029281616 0.922081291675568 0.963828921318054 0.962813377380371 0.942048966884613 0.949332475662231
0.937841296195984 0.927821278572083 0.924909889698029 0.91777092218399 0.914330959320068 0.906409621238708 0.906949460506439 0.902938008308411 0.905380666255951 0.91214781999588 0.909524977207184 0.910390675067902 0.908592820167542 0.91219437122345 0.900116801261902 0.90101820230484 0.936996459960938 0.897405922412872 0.782776594161987 0.807916343212128 0.866937041282654 0.920688033103943 0.867500722408295 0.916435956954956 0.949935257434845 0.955154299736023 0.967444181442261 0.979829788208008 0.985288858413696 0.986712753772736 0.975384831428528 0.981234729290009 0.967809438705444 0.94455099105835 0.871371209621429 0.923346757888794 0.935505986213684 0.95102447271347 0.898857235908508 0.934926211833954 0.964444577693939 0.962056994438171 0.936676323413849 0.955887615680695
0.937173306941986 0.929695546627045 0.919597446918488 0.914957284927368 0.910295307636261 0.904686510562897 0.900392651557922 0.892853975296021 0.883368909358978 0.888231158256531 0.881980121135712 0.881863296031952 0.889233231544495 0.879321217536926 0.888824284076691 0.90224814414978 0.874948143959045 0.868007898330688 0.803020000457764 0.856330573558807 0.87865549325943 0.897834241390228 0.867727220058441 0.931644439697266 0.924273073673248 0.960284233093262 0.947639763355255 0.956574141979218 0.974977433681488 0.961887300014496 0.917026698589325 0.918812811374664 0.925829589366913 0.952267348766327 0.920977294445038 0.898828744888306 0.916264355182648 0.946214377880096 0.916160821914673 0.932023763656616 0.958229124546051 0.965267539024353 0.945773720741272 0.926532924175262
0.933196067810059 0.921887636184692 0.912302672863007 0.900400757789612 0.893889486789703 0.883496880531311 0.882522523403168 0.890677988529205 0.890023469924927 0.871750056743622 0.890324532985687 0.878071129322052 0.877602875232697 0.856906235218048 0.854188680648804 0.842851579189301 0.829952538013458 0.822698771953583 0.799847185611725 0.903151392936707 0.879859983921051 0.869615435600281 0.887883007526398 0.933987855911255 0.949334263801575 0.929179131984711 0.954189836978912 0.96456378698349 0.964667320251465 0.965606451034546 0.923098027706146 0.96598881483078 0.96414852142334 0.924799740314484 0.949545204639435 0.934629321098328 0.941143035888672 0.918425798416138 0.957432627677917 0.937241971492767 0.970734894275665 0.968052566051483 0.957866966724396 0.959240019321442
0.924160659313202 0.909661650657654 0.901696860790253 0.888466536998749 0.877434849739075 0.863672018051147 0.858799874782562 0.866225898265839 0.860435128211975 0.861497402191162 0.863699793815613 0.891742408275604 0.901042699813843 0.88634842634201 0.850841164588928 0.800684094429016 0.806570827960968 0.790013372898102 0.869618892669678 0.929221630096436 0.848939776420593 0.870275974273682 0.908539116382599 0.928377866744995 0.933844923973083 0.950622916221619 0.960454285144806 0.954198896884918 0.958774030208588 0.973491430282593 0.967448592185974 0.915229201316833 0.950726866722107 0.982127845287323 0.974254071712494 0.947566866874695 0.903992712497711 0.893542051315308 0.89576119184494 0.911092162132263 0.91459321975708 0.898855686187744 0.889641642570496 0.899006426334381
0.927297174930573 0.912874042987823 0.890395820140839 0.871467709541321 0.834364771842957 0.804268002510071 0.83551299571991 0.848388612270355 0.853764712810516 0.858168721199036 0.855332612991333 0.87939178943634 0.898493707180023 0.854301810264587 0.832050681114197 0.816982865333557 0.75973641872406 0.778025269508362 0.949929893016815 0.876805543899536 0.868110597133636 0.899834096431732 0.933798670768738 0.931321501731873 0.93808388710022 0.96622234582901 0.94724714756012 0.96472555398941 0.981812655925751 0.958409011363983 0.958835780620575 0.985021650791168 0.975290358066559 0.943313658237457 0.921628892421722 0.926390409469604 0.948944091796875 0.946594297885895 0.951288878917694 0.939558923244476 0.931291401386261 0.939444124698639 0.956795990467072 0.954890370368958
0.922853767871857 0.913276672363281 0.90111780166626 0.872835457324982 0.796990036964417 0.767700433731079 0.808779537677765 0.826963245868683 0.816915452480316 0.820176780223846 0.880673944950104 0.894160687923431 0.887528240680695 0.823901057243347 0.807742595672607 0.778915226459503 0.756223559379578 0.874962508678436 0.949268758296967 0.840409696102142 0.887422740459442 0.943697810173035 0.898252844810486 0.926362574100494 0.969943284988403 0.947041928768158 0.959828972816467 0.969327211380005 0.950697422027588 0.978260338306427 0.987536489963531 0.965391099452972 0.952071726322174 0.90793788433075 0.927468538284302 0.967757165431976 0.968972265720367 0.961362481117249 0.946811020374298 0.943782210350037 0.973839581012726 0.945433497428894 0.97796505689621 0.965187549591064
0.920513331890106 0.915658593177795 0.90276312828064 0.864265918731689 0.76957106590271 0.724443018436432 0.767700433731079 0.866754531860352 0.873219013214111 0.880567908287048 0.869364321231842 0.855844974517822 0.843524873256683 0.793018817901611 0.768759548664093 0.730536937713623 0.738781154155731 0.934731841087341 0.903309047222137 0.861596167087555 0.90885204076767 0.920777440071106 0.912595748901367 0.957592606544495 0.944389760494232 0.945521950721741 0.945342898368835 0.97236031293869 0.976616501808167 0.974027574062347 0.974843859672546 0.967661738395691 0.961266696453094 0.922955274581909 0.952151536941528 0.976769685745239 0.955419898033142 0.977298438549042 0.977989494800568 0.955872118473053 0.979142665863037 0.974293053150177 0.970764219760895 0.95452880859375
0.926623940467834 0.915538728237152 0.914750576019287 0.876303911209106 0.822290599346161 0.763394296169281 0.757391273975372 0.787669003009796 0.826975762844086 0.85449230670929 0.820970952510834 0.807240188121796 0.835701942443848 0.78816545009613 0.739778399467468 0.692030012607574 0.766443312168121 0.948770046234131 0.815702378749847 0.839257538318634 0.938576579093933 0.898210346698761 0.948459982872009 0.940919280052185 0.927999377250671 0.936140716075897 0.964693546295166 0.965037107467651 0.930963039398193 0.962610244750977 0.969275116920471 0.960179686546326 0.941534757614136 0.957316815853119 0.976445317268372 0.972399830818176 0.973302900791168 0.975428104400635 0.974046170711517 0.967952609062195 0.974771499633789 0.973069131374359 0.943014621734619 0.903887569904327
0.927318274974823 0.919983804225922 0.896051168441772 0.873926162719727 0.826091647148132 0.772743940353394 0.750655889511108 0.779031336307526 0.785551309585571 0.803233027458191 0.784986615180969 0.775733113288879 0.737797439098358 0.698495030403137 0.714497208595276 0.717984855175018 0.915886342525482 0.910719573497772 0.779183745384216 0.919642329216003 0.863256335258484 0.909506261348724 0.942098498344421 0.910278975963593 0.911125600337982 0.954146444797516 0.956874907016754 0.957807183265686 0.94851952791214 0.947513997554779 0.952328622341156 0.94581127166748 0.917104601860046 0.963202834129333 0.969856381416321 0.964664876461029 0.966784715652466 0.953041136264801 0.962077975273132 0.954079985618591 0.965569674968719 0.872636139392853 0.761354148387909 0.778324902057648
0.922836363315582 0.911232352256775 0.898230612277985 0.875354707241058 0.848853230476379 0.789989352226257 0.744131743907928 0.739506125450134 0.758792161941528 0.752968728542328 0.761484384536743 0.773722887039185 0.689421594142914 0.666674792766571 0.687211632728577 0.827548384666443 0.944767117500305 0.80162650346756 0.901186645030975 0.791998445987701 0.806122243404388 0.935837805271149 0.878805160522461 0.898967504501343 0.930579662322998 0.944501519203186 0.926631510257721 0.941079437732697 0.931898534297943 0.930664718151093 0.944178998470306 0.906642615795135 0.94555139541626 0.943281412124634 0.94387674331665 0.955068588256836 0.935311198234558 0.934725105762482 0.934823215007782 0.936781704425812 0.894969344139099 0.824989795684814 0.827951192855835 0.834861934185028
