data/climate_estimation/maxent_output/Smilax_arisanensis.asc
NCOLS 333 
NROWS 165 
XLLCORNER 94.6666666666667 
YLLCORNER 20.9166666666667 
CELLSIZE 0.0833333333333333 
NODATA_value -3.4e+38 
[rows 60 to 79 of 165, columns 45 to 89 of 333]
0.000164462500833906 0.000141984652145766 0.00013916140596848 0.000142698569106869 0.000147401442518458 0.000127533901832066 0.000191204264410771 0.000221080830669962 0.000155801681103185 0.00017406114784535 0.000156879817950539 0.000178848902578466 0.000194298030692153 0.000230959252803586 0.000261185341514647 0.000247285614022985 0.000227012918912806 0.00029405762325041 0.000304933957522735 0.000337510136887431 0.000354668329237029 0.000428875733632594 0.000453101092716679 0.00053847162052989 0.000596252270042896 0.000613319629337639 0.000676251715049148 0.000718632771167904 0.000811414676718414 0.000833510421216488 0.000861710461322218 0.000917476252652705 0.00118044088594615 0.00172005768399686 0.00180827477015555 0.00143459951505065 0.00203820271417499 0.00222438597120345 0.00320990826003253 0.00367456953972578 0.00469774380326271 0.00487964553758502 0.00547142559662461 0.00430439319461584 0.00589971244335175
0.00018927629571408 0.000147693062899634 0.000161261210450903 0.000155386471305974 0.000167547754244879 0.000143905344884843 0.000175149107235484 0.000315304758260027 0.000166838464792818 0.000177723617525771 0.000188968551810831 0.0001877886679722 0.000202849361812696 0.00021084796753712 0.000216427069972269 0.000247981690336019 0.000285296089714393 0.000257908250205219 0.00032581586856395 0.000354935327777639 0.000388517422834411 0.00042254343861714 0.00052455096738413 0.00050355785060674 0.000679369608405977 0.000606212124694139 0.00070815987419337 0.000755081186071038 0.000971558620221913 0.00104926188942045 0.0011345500824973 0.00121246615890414 0.000992686138488352 0.0017568637849763 0.00150672323070467 0.0016181719256565 0.00239767599850893 0.00273537053726614 0.00368690327741206 0.00408716313540936 0.00400533992797136 0.00468946155160666 0.00663991831243038 0.0065062060020864 0.00560521567240357
0.000303009815979749 0.000202990268007852 0.000206865253858268 0.000203898671315983 0.000182823569048196 0.000187476325663738 0.00018351107428316 0.000376544456230476 0.000172548738191836 0.000195725937373936 0.000214659390621819 0.000231660509598441 0.000223944080062211 0.000236162290093489 0.000225994852371514 0.000264648610027507 0.000271525874268264 0.000283947010757402 0.000322742998832837 0.000358943652827293 0.000388988439226523 0.000508304976392537 0.00054766156245023 0.000503874267451465 0.000595850287936628 0.000661104859318584 0.00069113471545279 0.000801660993602127 0.000984137295745313 0.00107084785122424 0.00118150538764894 0.00131791387684643 0.00114876544103026 0.00155409378930926 0.00156212213914841 0.00232474855147302 0.00242019700817764 0.00273190555162728 0.00306439003907144 0.0044566816650331 0.00484483875334263 0.00452890247106552 0.00761481607332826 0.00713529158383608 0.00664249993860722
0.000568550836760551 0.000215542560908943 0.000195687942323275 0.000217421591514722 0.000202429640921764 0.00018412183271721 0.000197149609448388 0.000430767307989299 0.000237731452216394 0.000225791751290672 0.000235937564866617 0.000255509425187483 0.000235172992688604 0.000275768077699468 0.000259509019088 0.000250430981395766 0.000284645677311346 0.000309257826302201 0.000318783859256655 0.000374464434571564 0.000414963171351701 0.000512339698616415 0.000481160008348525 0.000540823035407811 0.000605061068199575 0.000747944402974099 0.000824763032142073 0.000837105442769825 0.000873172539286315 0.000984925078228116 0.00103865447454154 0.0012017625849694 0.00121236115228385 0.00163263757713139 0.00183206947986037 0.00254155648872256 0.00277548702433705 0.00322334747761488 0.00423552887514234 0.005232322961092 0.00596867688000202 0.00517411436885595 0.005349260289222 0.00534528866410255 0.00666192593052983
0.000276762613793835 0.000483846175484359 0.00023000076180324 0.000247727410169318 0.000257237086771056 0.000201624294277281 0.000291992269922048 0.000390636909287423 0.000495958898682147 0.000268742762273178 0.00030719512142241 0.000263892026850954 0.000246794137638062 0.000308750342810526 0.000251723191468045 0.000270327582256868 0.000299404142424464 0.000367483560694382 0.000332807161612436 0.00036604082561098 0.000402919773478061 0.000513357750605792 0.000563930196221918 0.000536898267455399 0.000625614309683442 0.000675147923175246 0.000864163448568434 0.000857335166074336 0.000907270237803459 0.00125559535808861 0.00113663414958864 0.00130429724231362 0.00164596224203706 0.00213171192444861 0.0024170211981982 0.00272865127772093 0.00307046016678214 0.00358482752926648 0.00434959214180708 0.00540950940921903 0.00587047310546041 0.00622445996850729 0.00727229798212647 0.00943922065198421 0.0102675287052989
0.000206529861316085 0.000481621915241703 0.000525495735928416 0.000288269104203209 0.000352680537616834 0.000331998249748722 0.000246014591539279 0.000344576081261039 0.000781987677328289 0.000264345784671605 0.000276952312560752 0.000254834070801735 0.000299249280942604 0.000357948330929503 0.000291910982923582 0.000285086774965748 0.000348982634022832 0.000335244636517018 0.00037395503022708 0.000434800604125485 0.000430292333476245 0.000541832996532321 0.000617453595623374 0.000678190437611192 0.000649322697427124 0.000708258827216923 0.000801230780780315 0.000938427750952542 0.00094019784592092 0.00108364038169384 0.00124305090866983 0.00143711653072387 0.00175112043507397 0.00237603159621358 0.00247831619344652 0.00287397671490908 0.00327736721374094 0.00371314096264541 0.00475681154057384 0.00495126144960523 0.00685566011816263 0.00700111407786608 0.00715234829112887 0.00749264424666762 0.00856466963887215
0.000232673468417488 0.000267457100562751 0.00116050825454295 0.000270801916485652 0.000279763888102025 0.000424226192990318 0.000265703711193055 0.000452003616373986 0.000994616188108921 0.000268303061602637 0.000298839033348486 0.00031167222186923 0.000330496637616307 0.0004338062426541 0.000298390135867521 0.00033032096689567 0.000377783610019833 0.000394901435356587 0.000388263346394524 0.000473104621050879 0.000515672843903303 0.000495332176797092 0.000560077256523073 0.000667614513076842 0.000773464853409678 0.000721902586519718 0.000878884340636432 0.000947696389630437 0.00123713433276862 0.0013716610847041 0.00151221500709653 0.00150060444138944 0.00166973494924605 0.00207817694172263 0.00287759047932923 0.00262818951159716 0.00354093685746193 0.00398800242692232 0.00501990178599954 0.00575831113383174 0.00634818384423852 0.00778756802901626 0.00889909826219082 0.00861687678843737 0.00942054111510515
0.000256108876783401 0.000390832516131923 0.00147434999234974 0.000303203851217404 0.00024381278490182 0.000477595924166963 0.000501575239468366 0.000389142776839435 0.000824988121166825 0.000315251323627308 0.00033493124647066 0.000424539059167728 0.000564526708330959 0.000407643266953528 0.000377041316824034 0.000381384481443092 0.000369495537597686 0.000510686833877116 0.000405747385229915 0.000476377026643604 0.0005425886483863 0.000517545850016177 0.000546083203516901 0.000639871170278639 0.000673801172524691 0.000763829099014401 0.00102080358192325 0.000983061385340989 0.00129547039978206 0.00123260193504393 0.00167611974757165 0.00189124699681997 0.00192035990767181 0.00226446567103267 0.00303083984181285 0.00347908376716077 0.00312974187545478 0.00442072190344334 0.00578787457197905 0.00562991574406624 0.00717641925439239 0.00871076434850693 0.00957813393324614 0.00901824701577425 0.01205213367939
0.000533061684109271 0.000515595194883645 0.00255798152647913 0.000529748445842415 0.000271133176283911 0.000443939788965508 0.000416966271586716 0.000801896618213505 0.00135086802765727 0.000376972398953512 0.000451009749667719 0.000750061008147895 0.000471218139864504 0.000393554801121354 0.000452833628514782 0.000430024141678587 0.000583921442739666 0.000455595552921295 0.000453355372883379 0.000523895432706922 0.000555712846107781 0.000603752618189901 0.00059272616636008 0.000783433264587075 0.000854351441375911 0.000965366314630955 0.00111525401007384 0.00122840865515172 0.00122409022878855 0.00145554170012474 0.00169861270114779 0.00203047459945083 0.00204910663887858 0.00220201793126762 0.00331950071267784 0.00380490208044648 0.00429148226976395 0.00383568555116653 0.00581546640023589 0.0063598370179534 0.00853346474468708 0.00840594992041588 0.0101600959897041 0.0139142191037536 0.0157375540584326
0.00074585631955415 0.000382300873752683 0.00222164811566472 0.000744317367207259 0.00037833588430658 0.000404565245844424 0.000356191274477169 0.00049530976684764 0.00150689703878015 0.00037757121026516 0.000777007779106498 0.000815136940218508 0.000489660713355988 0.000519322289619595 0.000435051915701479 0.000475523615023121 0.000661393161863089 0.000650061061605811 0.000598539540078491 0.000661090190988034 0.000622702646069229 0.00065781403100118 0.000746584497392178 0.000758489710278809 0.000837537401821464 0.000974270398728549 0.00123915204312652 0.00138258561491966 0.00133598037064075 0.00166182406246662 0.00187242229003459 0.00231397012248635 0.00218457798473537 0.00265473942272365 0.00367831834591925 0.0034286908339709 0.00470715947449207 0.00426750676706433 0.0059506930410862 0.00716023519635201 0.00912582874298096 0.00897555146366358 0.0105078052729368 0.0138122132048011 0.0177446119487286
0.00180631713010371 0.00040030779200606 0.00181322067510337 0.00208567595109344 0.00040771666681394 0.000385674473363906 0.000409905711421743 0.000551556644495577 0.00158012669999152 0.000532031408511102 0.00114055699668825 0.000513345992658287 0.000615501252468675 0.000482413510326296 0.000463422591565177 0.000554387166630477 0.00101546361111104 0.0008047089795582 0.000541862507816404 0.000696781324222684 0.000660896650515497 0.000737944093998522 0.000784427160397172 0.000899187929462641 0.000917067693080753 0.00123804423492402 0.00138164032250643 0.00134828069712967 0.00160611805040389 0.00180068053305149 0.00186443305574358 0.0024650115519762 0.00236620591022074 0.00335877691395581 0.00346940592862666 0.00449266843497753 0.00509085273370147 0.00590988527983427 0.0062370621599257 0.00760038616135716 0.00792900286614895 0.00982826203107834 0.0110212713479996 0.0135452505201101 0.0146231381222606
0.00539156701415777 0.00095933343982324 0.000886425084900111 0.00560022238641977 0.000658408040180802 0.000635021715424955 0.000470319908345118 0.000522777147125453 0.0027559082955122 0.000716567155905068 0.00138329667970538 0.00133355695288628 0.000655076175462455 0.000480155285913497 0.000556638464331627 0.00112460507079959 0.000767994730267674 0.00061727111460641 0.000667910615447909 0.000764748780056834 0.000684067606925964 0.000811459147371352 0.000874096294865012 0.00112547492608428 0.0010138361249119 0.00128171592950821 0.00135613523889333 0.00156180688645691 0.00169740791898221 0.00193727645091712 0.00213922886177897 0.00247958768159151 0.00294893933460116 0.0032754682470113 0.00419651018455625 0.00475349090993404 0.00560980010777712 0.00638882303610444 0.00580631196498871 0.00650410261005163 0.00934504810720682 0.00999829638749361 0.0110090561211109 0.0159017033874989 0.0156966559588909
0.00512140896171331 0.00241092778742313 0.000621572136878967 0.00400559836998582 0.00139392225537449 0.00157919351477176 0.000631283211987466 0.000689261010847986 0.00276044756174088 0.00168223469518125 0.00192517298273742 0.00105004711076617 0.000594023673329502 0.000751119863707572 0.000631982285995036 0.00161685538478196 0.000670458597596735 0.00069099070969969 0.000729310908354819 0.000786944932769984 0.000917994300834835 0.000914939562790096 0.00108701142016798 0.00112338084727526 0.00132093008141965 0.00178724341094494 0.00164544419385493 0.0017350526759401 0.00178824225440621 0.00219968566671014 0.00248945201747119 0.00275712087750435 0.00330916582606733 0.00377298193052411 0.0048713949508965 0.00513014197349548 0.00555985141545534 0.00617590872570872 0.0066119353286922 0.00736384885385633 0.00977677013725042 0.0106904581189156 0.0118336230516434 0.015951169654727 0.0152991330251098
0.00377586320973933 0.00198979931883514 0.000623399100732058 0.00110261025838554 0.00867998879402876 0.00182206300087273 0.000627560948487371 0.00069895206252113 0.00148946698755026 0.00323580205440521 0.00233603618107736 0.000651137495879084 0.000699871510732919 0.0010726066539064 0.00180234096478671 0.00150951044633985 0.000754567387048155 0.000792931823525578 0.00081359245814383 0.000853377510793507 0.000971453788224608 0.0010700641432777 0.00130930810701102 0.00134040997363627 0.00161132123321295 0.00196935283020139 0.00181884702760726 0.00204784609377384 0.00211692927405238 0.00280905002728105 0.00292002316564322 0.0030816753860563 0.00359991239383817 0.00409154919907451 0.00464254524558783 0.00523600541055202 0.00553577626124024 0.00773728266358376 0.00797641836106777 0.00831293687224388 0.0110460286960006 0.0116701480001211 0.0135903283953667 0.0138192651793361 0.0145100196823478
0.0492691807448864 0.00145121570676565 0.000629429065156728 0.000634326541330665 0.0074843717738986 0.003399494336918 0.00106489739846438 0.000765264965593815 0.0027696352917701 0.00499199656769633 0.0031456220895052 0.0018233765149489 0.00127763720229268 0.000867143447976559 0.00109172833617777 0.000937785545829684 0.00105674285441637 0.000842208683025092 0.000895204721018672 0.00104354822542518 0.00111472816206515 0.00119079928845167 0.00130347721278667 0.00147243426181376 0.00168294925242662 0.00180194806307554 0.00216762162744999 0.00202398304827511 0.00237946189008653 0.00322240893729031 0.00343185290694237 0.00344705977477133 0.00390307954512537 0.00523795560002327 0.00588424084708095 0.00659778760746121 0.00655987998470664 0.00742234289646149 0.00987832900136709 0.00882367324084044 0.0117665911093354 0.0134067330509424 0.0179321952164173 0.0141649590805173 0.0180418156087399
0.0778811946511269 0.00284389615990222 0.00222443626262248 0.0010957905324176 0.00201254175044596 0.0120753003284335 0.00104349036701024 0.000831932993605733 0.0018385152798146 0.00718696275725961 0.00195720116607845 0.00110818562097847 0.0012861416907981 0.00115035439375788 0.000978359952569008 0.00133899797219783 0.00127055880147964 0.00113680155482143 0.00108739582356066 0.00109862920362502 0.00156724848784506 0.00177486380562186 0.00153870286885649 0.00154780340380967 0.00184741569682956 0.0021431865170598 0.00295877084136009 0.00262096244841814 0.00274711987003684 0.00337852095253766 0.00356872705742717 0.00425841333344579 0.00492381304502487 0.00490468647330999 0.00629521254450083 0.00655651511624455 0.00759238703176379 0.0081788431853056 0.00936288107186556 0.0101523259654641 0.0128236599266529 0.0142931174486876 0.0157283879816532 0.0165788810700178 0.0204230211675167
0.0710330680012703 0.0189163368195295 0.00229176762513816 0.00113625463563949 0.00170774559956044 0.0190827194601297 0.00128338485956192 0.00124339992180467 0.00133062619715929 0.00556988595053554 0.00592534057796001 0.00147662695962936 0.00187418342102319 0.00259417854249477 0.00247858557850122 0.00150995922740549 0.00151235214434564 0.00127262354362756 0.00136188208125532 0.00183534657116979 0.00200440315529704 0.00256119947880507 0.00170153507497162 0.00181929499376565 0.00194890657439828 0.0022491654381156 0.00300532067194581 0.0033863193821162 0.00311841163784266 0.00412753829732537 0.00407177302986383 0.00402956502512097 0.0046694278717041 0.00634577963501215 0.00693866889923811 0.00766671542078257 0.00799987930804491 0.00996888987720013 0.0109288366511464 0.0134784234687686 0.0142093384638429 0.0161649137735367 0.0168430432677269 0.0180514845997095 0.0233011171221733
0.0405649766325951 0.00974251516163349 0.00211073085665703 0.0018366202712059 0.0056416136212647 0.0147441392764449 0.00153183005750179 0.001518634846434 0.00194735336117446 0.00226470432244241 0.0101175587624311 0.0101843317970634 0.0019796947017312 0.00152499706018716 0.00240448373369873 0.00274409237317741 0.00161050888709724 0.00139680749271065 0.00145841902121902 0.00172791013028473 0.00196307664737105 0.00369888660497963 0.00224006292410195 0.00208988762460649 0.00242010154761374 0.00335492589510977 0.00486575393006206 0.00328427669592202 0.00331906252540648 0.00574242044240236 0.00497139804065228 0.00487699685618281 0.00543019687756896 0.00604510260745883 0.00742500368505716 0.00860849395394325 0.00922494940459728 0.00970947649329901 0.0121951084583998 0.0131798898801208 0.01627959869802 0.0180278047919273 0.0181542951613665 0.0205791331827641 0.026353819295764
0.0212548524141312 0.0558840371668339 0.00839926768094301 0.00286119244992733 0.00290027307346463 0.0140649639070034 0.00790596287697554 0.00154770363587886 0.00385941751301289 0.00209012301638722 0.00272002071142197 0.00977365300059319 0.00613524438813329 0.00188885326497257 0.00246837921440601 0.00241119577549398 0.00207662512548268 0.00164221227169037 0.00168365763965994 0.00192468159366399 0.00194112630560994 0.00341877853497863 0.0036538545973599 0.00227662827819586 0.00296303094364703 0.00581779051572084 0.00393574498593807 0.00353635125793517 0.00427633384242654 0.006462337449193 0.00638913316652179 0.00634240824729204 0.00612545292824507 0.00640141218900681 0.00824500154703856 0.00915306620299816 0.0110483607277274 0.0120877735316753 0.0146025028079748 0.0154151478782296 0.0172881409525871 0.0212141312658787 0.0237635131925344 0.0219965502619743 0.0284719448536634
0.00428595626726747 0.0357833430171013 0.160954743623734 0.0131413247436285 0.00259023089893162 0.0167988073080778 0.00978054199367762 0.00246529118157923 0.00405257008969784 0.0074794813990593 0.00281789107248187 0.00836221408098936 0.00601825630292296 0.00306116230785847 0.0031178689096123 0.00267179519869387 0.00279184989631176 0.00199613673612475 0.00239237933419645 0.00234468444250524 0.00208393507637084 0.00343640125356615 0.0052267974242568 0.00403146771714091 0.00416187522932887 0.00608852179720998 0.00397688522934914 0.00436808820813894 0.00443687755614519 0.00491655711084604 0.00772896874696016 0.00768849346786737 0.00716271158307791 0.00817256793379784 0.00950807984918356 0.00994343589991331 0.0126379951834679 0.0136649021878839 0.0142293851822615 0.0170589033514261 0.0201877076178789 0.0221063289791346 0.0255435910075903 0.0285490993410349 0.0349867828190327
