data/climate_estimation/maxent_output/Smilax_auriculata.asc
NCOLS 184 
NROWS 139 
XLLCORNER -90.4166666666667 
YLLCORNER 25.0833333333333 
CELLSIZE 0.0833333333333333 
NODATA_value -3.4e+38 
[rows 23 to 45 of 139, columns 102 to 152 of 184]
0.0694381147623062 0.0671268552541733 0.0653998702764511 0.0499418787658215 0.0535705499351025 0.059416513890028 0.0600961819291115 0.054854191839695 0.0537418760359287 0.0505553670227528 0.0568100363016129 0.0523904636502266 0.0572678819298744 0.0592023245990276 0.0632558092474937 0.0663776323199272 0.079303614795208 0.0804110690951347 0.082207553088665 0.101612001657486 0.10211219638586 0.11532086879015 0.122677192091942 0.128532081842422 0.137125298380852 0.147620677947998 0.155948951840401 0.163828685879707 0.169906556606293 0.191170588135719 0.217724621295929 0.230125308036804 0.246836513280869 0.25092139840126 0.249779373407364 0.261618107557297 0.297981977462769 0.319904297590256 0.347139775753021 0.378645032644272 0.418015450239182 0.475247740745544 0.526807606220245 0.577750861644745 0.579908013343811 0.576634466648102 0.57085782289505 0.584726810455322 0.585570514202118 0.591484785079956 0.604660093784332
0.067600890994072 0.0685753002762794 0.0598047338426113 0.056018028408289 0.0527926497161388 0.0592382661998272 0.0536225959658623 0.0550419464707375 0.054388839751482 0.0586666502058506 0.0542141608893871 0.0634012520313263 0.0694180652499199 0.0758280456066132 0.0676911473274231 0.0827134102582932 0.0869960859417915 0.0981777757406235 0.100733779370785 0.10213865339756 0.120113842189312 0.122424207627773 0.127492398023605 0.137751907110214 0.139771714806557 0.150018483400345 0.161695435643196 0.167614758014679 0.177205145359039 0.199778407812119 0.218582719564438 0.238362371921539 0.247526273131371 0.251496464014053 0.264845073223114 0.284758716821671 0.304848045110703 0.334511250257492 0.349301993846893 0.383618265390396 0.435529828071594 0.477530777454376 0.554971992969513 0.592739105224609 0.582491755485535 0.575181543827057 0.575635075569153 0.573923110961914 0.584947526454926 0.595677018165588 0.596344828605652
0.0661870166659355 0.0736250281333923 0.0557790733873844 0.0646677166223526 0.0612483024597168 0.0554319694638252 0.065650537610054 0.0633425265550613 0.0614957921206951 0.056054376065731 0.061616662889719 0.065810851752758 0.0838515609502792 0.0748554021120071 0.0816680043935776 0.0866067185997963 0.101115494966507 0.103031918406487 0.113412030041218 0.11850506067276 0.120266854763031 0.133783668279648 0.134831354022026 0.144530236721039 0.155246049165726 0.1542699187994 0.168597742915154 0.184858202934265 0.19566698372364 0.202793836593628 0.214407682418823 0.229679569602013 0.248837485909462 0.262865334749222 0.277062863111496 0.294346958398819 0.311769068241119 0.345214784145355 0.383366405963898 0.397897809743881 0.446040570735931 0.505379796028137 0.571926832199097 0.597954154014587 0.58823436498642 0.583256006240845 0.591732978820801 0.575801432132721 0.595028221607208 0.60549408197403 0.619682550430298
0.0626798048615456 0.0560098700225353 0.0528770945966244 0.0620050393044949 0.0578557923436165 0.0618392750620842 0.0595480129122734 0.0577619522809982 0.054386418312788 0.0623675025999546 0.05936523899436 0.0761853829026222 0.0827596485614777 0.0889302790164948 0.0911470353603363 0.0979913175106049 0.0995655059814453 0.113479733467102 0.114911757409573 0.120662733912468 0.131960183382034 0.14224636554718 0.144068196415901 0.154091939330101 0.156400188803673 0.169176116585732 0.176709368824959 0.185998529195786 0.199342623353004 0.217736721038818 0.219816386699677 0.237136349081993 0.257533609867096 0.266051411628723 0.296946197748184 0.307069629430771 0.323579370975494 0.359643995761871 0.379538506269455 0.42569699883461 0.474899649620056 0.540955543518066 0.603578805923462 0.615290820598602 0.618528187274933 0.601927101612091 0.597582101821899 0.591846823692322 0.601733446121216 0.614519953727722 0.630706310272217
0.066281795501709 0.0518963746726513 0.0577496849000454 0.0556063875555992 0.0638610422611237 0.060992144048214 0.0563585497438908 0.0661985948681831 0.0610349327325821 0.0585371889173985 0.0719212517142296 0.0786862671375275 0.0875047519803047 0.0978265628218651 0.0992230772972107 0.107204131782055 0.110014326870441 0.120849832892418 0.124434508383274 0.125566855072975 0.139982923865318 0.141702935099602 0.151189371943474 0.157508596777916 0.172348916530609 0.194965541362762 0.20400607585907 0.204631492495537 0.213775038719177 0.220499530434608 0.231744572520256 0.249604001641273 0.284831374883652 0.291816413402557 0.309530466794968 0.325478196144104 0.344128906726837 0.377969264984131 0.41400545835495 0.440505087375641 0.497953653335571 0.561105787754059 0.593109130859375 0.629286229610443 0.633858144283295 0.625006794929504 0.613450407981873 0.614129066467285 0.609307527542114 0.637501180171967 0.637082517147064
0.0599404685199261 0.0546778030693531 0.0546114929020405 0.0646536275744438 0.0613521859049797 0.0676407143473625 0.0637994334101677 0.0642218291759491 0.0686700716614723 0.0728389769792557 0.0816500559449196 0.0918896794319153 0.10831094533205 0.107162453234196 0.108244471251965 0.113358728587627 0.121081665158272 0.123412758111954 0.127232879400253 0.136814534664154 0.140886962413788 0.149275600910187 0.156394854187965 0.168679758906364 0.185043901205063 0.202712312340736 0.210026249289513 0.230483755469322 0.234877690672874 0.243215560913086 0.254682838916779 0.285522252321243 0.299756169319153 0.310979247093201 0.34064844250679 0.346318185329437 0.36195570230484 0.387374073266983 0.441564708948135 0.48513600230217 0.527750134468079 0.582050383090973 0.630197584629059 0.64558732509613 0.639299631118774 0.647429764270782 0.627361714839935 0.62115091085434 0.621805310249329 0.642364501953125 0.660689055919647
0.0564274489879608 0.0494550913572311 0.060083732008934 0.0574799627065659 0.072389617562294 0.0705708265304565 0.0801063552498817 0.0715720057487488 0.0708636790513992 0.0885582789778709 0.0989822000265121 0.110908880829811 0.119985491037369 0.120514526963234 0.128061592578888 0.123852990567684 0.130670607089996 0.13467712700367 0.139885887503624 0.145238876342773 0.147468879818916 0.164743930101395 0.171231210231781 0.183500543236732 0.192957982420921 0.22004035115242 0.228411138057709 0.243086665868759 0.25835320353508 0.278076976537704 0.296856045722961 0.310002654790878 0.321284681558609 0.350113421678543 0.362901210784912 0.359508216381073 0.396198868751526 0.424365013837814 0.48466020822525 0.519419848918915 0.553963780403137 0.580666184425354 0.644903779029846 0.649160087108612 0.657357275485992 0.638916552066803 0.651704132556915 0.640129446983337 0.648245096206665 0.657095551490784 -3.4e+38
0.065417043864727 0.0751768425107002 0.0575104877352715 0.0670793503522873 0.0659000054001808 0.0757701322436333 0.0757570266723633 0.0865709707140923 0.0927510783076286 0.104304395616055 0.115195758640766 0.125685796141624 0.142706096172333 0.138369783759117 0.134373351931572 0.138308182358742 0.150247260928154 0.157201662659645 0.16136309504509 0.159450933337212 0.162559941411018 0.1707763671875 0.170500054955482 0.191804856061935 0.215511649847031 0.229070410132408 0.245123207569122 0.249506130814552 0.273523807525635 0.298775285482407 0.312091320753098 0.332478284835815 0.365338087081909 0.374938011169434 0.385673105716705 0.394626975059509 0.407269328832626 0.464690178632736 0.487946778535843 0.527988016605377 0.565815508365631 0.593870043754578 0.631141781806946 0.650557518005371 0.652736306190491 0.659208416938782 0.67646312713623 0.662053406238556 0.669743716716766 0.668662011623383 -3.4e+38
0.076509416103363 0.0739180520176888 0.0630866661667824 0.0647662132978439 0.0763228684663773 0.0777783393859863 0.0948757156729698 0.0999428480863571 0.114801466464996 0.126297980546951 0.131031155586243 0.137076035141945 0.151875197887421 0.161032468080521 0.155105829238892 0.150333166122437 0.159799203276634 0.169148579239845 0.174687340855598 0.174071848392487 0.179264172911644 0.183931976556778 0.187910616397858 0.209793537855148 0.223314359784126 0.238543942570686 0.253498941659927 0.269125461578369 0.308393329381943 0.314302206039429 0.332981109619141 0.368959307670593 0.385003298521042 0.398081392049789 0.425129652023315 0.436196774244308 0.451809376478195 0.480066567659378 0.511526226997375 0.549284815788269 0.580139875411987 0.603082656860352 0.632384061813354 0.668623089790344 0.686633884906769 0.676902830600739 0.685597956180573 0.686553657054901 0.67992377281189 -3.4e+38 -3.4e+38
0.072771243751049 0.084271252155304 0.0659447908401489 0.0771898403763771 0.0808152630925179 0.0998837724328041 0.112345971167088 0.127981886267662 0.135738059878349 0.14855283498764 0.145401030778885 0.148733898997307 0.160089328885078 0.163599729537964 0.169225066900253 0.162142261862755 0.171260565519333 0.186039000749588 0.180423691868782 0.177143231034279 0.17916165292263 0.188824817538261 0.195827797055244 0.213619321584702 0.226707860827446 0.240802645683289 0.277851104736328 0.292279332876205 0.313742011785507 0.343154311180115 0.359143495559692 0.380357801914215 0.418902099132538 0.431987076997757 0.462054491043091 0.478454649448395 0.495552629232407 0.513673961162567 0.549527764320374 0.566945493221283 0.583682835102081 0.613739490509033 0.638896644115448 0.647801399230957 0.675704181194305 0.679279148578644 0.683802485466003 0.702551245689392 0.701127767562866 -3.4e+38 -3.4e+38
0.0718912035226822 0.0886550918221474 0.105479784309864 0.0841168463230133 0.0994768962264061 0.107642397284508 0.127672910690308 0.136611521244049 0.15389908850193 0.164992332458496 0.157276824116707 0.164074137806892 0.160645127296448 0.161971524357796 0.169347941875458 0.170512825250626 0.183006122708321 0.188892066478729 0.191005542874336 0.193731859326363 0.20142488181591 0.20293316245079 0.213219225406647 0.214489325881004 0.22476527094841 0.238982349634171 0.273886144161224 0.29294490814209 0.327942788600922 0.352664470672607 0.37590017914772 0.401366472244263 0.440236926078796 0.495248585939407 0.495218545198441 0.51665472984314 0.543941676616669 0.555429637432098 0.555635809898376 0.572890102863312 0.599939286708832 0.619671523571014 0.628850698471069 0.653390824794769 -3.4e+38 0.693237245082855 0.700626254081726 0.697932779788971 -3.4e+38 -3.4e+38 -3.4e+38
0.0879216343164444 0.0906795635819435 0.103626720607281 0.0827106013894081 0.0989878252148628 0.111883290112019 0.132585540413857 0.15963651239872 0.168068200349808 0.182379737496376 0.176300168037415 0.176256909966469 0.168147131800652 0.175234526395798 0.174129605293274 0.177911624312401 0.188185200095177 0.186563432216644 0.197359353303909 0.194508895277977 0.202612489461899 0.207736119627953 0.219466865062714 0.227115750312805 0.233727097511292 0.255696147680283 0.290069282054901 0.307919710874557 0.34792748093605 0.369119942188263 0.399534970521927 0.453237593173981 0.478923201560974 0.518851399421692 0.535676717758179 0.576383233070374 0.556010901927948 0.568302154541016 0.569070935249329 0.572549998760223 -3.4e+38 -3.4e+38 -3.4e+38 -3.4e+38 -3.4e+38 -3.4e+38 -3.4e+38 -3.4e+38 -3.4e+38 -3.4e+38 -3.4e+38
0.0883443430066109 0.101474992930889 0.103544861078262 0.0862910449504852 0.102919369935989 0.119932174682617 0.12958587706089 0.153116032481194 0.171113774180412 0.175773099064827 0.185663104057312 0.192472085356712 0.186469092965126 0.184410855174065 0.185813769698143 0.186146005988121 0.181413188576698 0.190685942769051 0.197100445628166 0.205935388803482 0.206559687852859 0.213700100779533 0.225853487849236 0.24568398296833 0.289188295602798 0.313855051994324 0.342182904481888 0.350058436393738 0.364122539758682 0.394603759050369 0.445024251937866 0.491344064474106 0.5263911485672 0.549810647964478 0.572091400623322 0.573824763298035 0.571329355239868 0.563408970832825 -3.4e+38 -3.4e+38 -3.4e+38 -3.4e+38 -3.4e+38 -3.4e+38 -3.4e+38 -3.4e+38 -3.4e+38 -3.4e+38 -3.4e+38 -3.4e+38 -3.4e+38
0.0975566357374191 0.0957095101475716 0.0867330357432365 0.0923106819391251 0.105731002986431 0.120737940073013 0.137681558728218 0.151764646172523 0.16685950756073 0.173368245363235 0.180757731199265 0.190057367086411 0.197990000247955 0.200015842914581 0.191498547792435 0.191038563847542 0.182306602597237 0.198441103100777 0.212074041366577 0.21170961856842 0.227574452757835 0.239913418889046 0.266253739595413 0.291495472192764 0.325006872415543 0.350744903087616 0.367175102233887 0.391135960817337 0.402800321578979 0.444999694824219 0.473338425159454 0.508828461170197 0.536784052848816 0.573100328445435 0.588428020477295 0.580606460571289 0.552011847496033 -3.4e+38 -3.4e+38 -3.4e+38 -3.4e+38 -3.4e+38 -3.4e+38 -3.4e+38 -3.4e+38 -3.4e+38 -3.4e+38 -3.4e+38 -3.4e+38 -3.4e+38 -3.4e+38
0.0875514224171638 0.103747077286243 0.0881463959813118 0.0937929749488831 0.104861065745354 0.111726135015488 0.129290580749512 0.155060276389122 0.165499180555344 0.172315150499344 0.190543606877327 0.190051943063736 0.194951847195625 0.203720957040787 0.193201422691345 0.201084911823273 0.204535648226738 0.214564740657806 0.226933747529984 0.234347745776176 0.248719036579132 0.265571653842926 0.300146341323853 0.327778309583664 0.350225806236267 0.377502918243408 0.428224742412567 0.445474803447723 0.474278658628464 0.500687420368195 0.538950622081757 0.547264873981476 0.567564427852631 0.570239365100861 0.590013861656189 0.583852887153625 -3.4e+38 -3.4e+38 -3.4e+38 -3.4e+38 -3.4e+38 -3.4e+38 -3.4e+38 -3.4e+38 -3.4e+38 -3.4e+38 -3.4e+38 -3.4e+38 -3.4e+38 -3.4e+38 -3.4e+38
0.0955643653869629 0.0795348808169365 0.0857885554432869 0.0967765375971794 0.107019901275635 0.12313573807478 0.13017463684082 0.145317494869232 0.163456007838249 0.179373413324356 0.189405903220177 0.194447636604309 0.2060686647892 0.212915524840355 0.219401642680168 0.225972935557365 0.228954330086708 0.243906289339066 0.247324243187904 0.266840785741806 0.293838560581207 0.315274685621262 0.350793570280075 0.36671781539917 0.401224941015244 0.438573598861694 0.460531026124954 0.481765270233154 0.511872231960297 0.563782811164856 0.581561326980591 0.57609897851944 0.59162700176239 0.57976770401001 0.582350194454193 -3.4e+38 -3.4e+38 -3.4e+38 -3.4e+38 -3.4e+38 -3.4e+38 -3.4e+38 -3.4e+38 -3.4e+38 -3.4e+38 -3.4e+38 -3.4e+38 -3.4e+38 -3.4e+38 -3.4e+38 -3.4e+38
0.088205523788929 0.104476928710938 0.0867170915007591 0.0962203741073608 0.110933996737003 0.120535738766193 0.1354790776968 0.147200986742973 0.165540337562561 0.180313631892204 0.197835221886635 0.210266426205635 0.225891768932343 0.233523905277252 0.23613204061985 0.253620147705078 0.260982841253281 0.278739094734192 0.299243360757828 0.317804872989655 0.341861069202423 0.357053607702255 0.400418758392334 0.429594188928604 0.458125054836273 0.490868449211121 0.526666283607483 0.548383593559265 0.576860427856445 0.594944894313812 0.615340411663055 0.622722506523132 0.634590268135071 0.624954402446747 -3.4e+38 -3.4e+38 -3.4e+38 -3.4e+38 -3.4e+38 -3.4e+38 -3.4e+38 -3.4e+38 -3.4e+38 -3.4e+38 -3.4e+38 -3.4e+38 -3.4e+38 -3.4e+38 -3.4e+38 -3.4e+38 -3.4e+38
0.0969302579760551 0.0828091353178024 0.0934919863939285 0.107570871710777 0.117993861436844 0.129294663667679 0.140328139066696 0.161116763949394 0.171002447605133 0.203711792826653 0.217723280191422 0.234985128045082 0.239971652626991 0.253606885671616 0.274175137281418 0.286904662847519 0.297087967395782 0.334459602832794 0.352983236312866 0.371260523796082 0.40523973107338 0.415951192378998 0.454922527074814 0.472761332988739 0.51039183139801 0.533868551254272 0.572569668292999 0.585066020488739 0.623090147972107 0.639526963233948 0.654469192028046 0.650691330432892 0.639632105827332 0.637221932411194 -3.4e+38 -3.4e+38 -3.4e+38 -3.4e+38 -3.4e+38 -3.4e+38 -3.4e+38 -3.4e+38 -3.4e+38 -3.4e+38 -3.4e+38 -3.4e+38 -3.4e+38 -3.4e+38 -3.4e+38 -3.4e+38 -3.4e+38
0.113677054643631 0.0910796150565147 0.105030030012131 0.120954379439354 0.131776079535484 0.143897354602814 0.165199726819992 0.175573989748955 0.206093028187752 0.237509742379189 0.252956479787827 0.26052463054657 0.279289215803146 0.286272495985031 0.322458982467651 0.330695986747742 0.355471342802048 0.378266930580139 0.401757150888443 0.413757473230362 0.44479775428772 0.472060084342957 0.491122305393219 0.514127433300018 0.545633137226105 0.583273351192474 0.61450058221817 0.642391979694366 0.670544683933258 0.678135097026825 0.676157653331757 0.680762231349945 0.670298755168915 -3.4e+38 -3.4e+38 -3.4e+38 -3.4e+38 -3.4e+38 -3.4e+38 -3.4e+38 -3.4e+38 -3.4e+38 -3.4e+38 -3.4e+38 -3.4e+38 -3.4e+38 -3.4e+38 -3.4e+38 -3.4e+38 -3.4e+38 -3.4e+38
0.13314600288868 0.136959478259087 0.11685986071825 0.134039744734764 0.148069471120834 0.167847201228142 0.194093585014343 0.216018080711365 0.235348388552666 0.273410320281982 0.292631387710571 0.299210369586945 0.32468381524086 0.341570913791656 0.355165392160416 0.368421703577042 0.405118703842163 0.432125270366669 0.460250467061996 0.475895196199417 0.490485846996307 0.513896703720093 0.538482308387756 0.560405373573303 0.593129992485046 0.627400457859039 0.654966711997986 0.685226559638977 0.69993531703949 0.707542240619659 0.706252992153168 0.702770531177521 0.682405650615692 -3.4e+38 -3.4e+38 -3.4e+38 -3.4e+38 -3.4e+38 -3.4e+38 -3.4e+38 -3.4e+38 -3.4e+38 -3.4e+38 -3.4e+38 -3.4e+38 -3.4e+38 -3.4e+38 -3.4e+38 -3.4e+38 -3.4e+38 -3.4e+38
0.146576508879662 0.158857420086861 0.145360246300697 0.150106966495514 0.168916612863541 0.197109088301659 0.216892704367638 0.249286472797394 0.282611846923828 0.303237438201904 0.333916962146759 0.346970617771149 0.369163453578949 0.392264574766159 0.402610927820206 0.425852328538895 0.451701909303665 0.480672240257263 0.508147060871124 0.52128130197525 0.542008996009827 0.575600445270538 0.590395450592041 0.616191148757935 0.643058955669403 0.666552782058716 0.700468719005585 0.708329141139984 0.727741897106171 0.734891474246979 0.736811697483063 -3.4e+38 -3.4e+38 -3.4e+38 -3.4e+38 -3.4e+38 -3.4e+38 -3.4e+38 -3.4e+38 -3.4e+38 -3.4e+38 -3.4e+38 -3.4e+38 -3.4e+38 -3.4e+38 -3.4e+38 -3.4e+38 -3.4e+38 -3.4e+38 -3.4e+38 -3.4e+38
0.173200696706772 0.139743089675903 0.153528109192848 0.170566022396088 0.192703008651733 0.214697077870369 0.251390606164932 0.283594340085983 0.323129057884216 0.343298852443695 0.382769763469696 0.399683475494385 0.407856166362762 0.423862934112549 0.447365403175354 0.474768072366714 0.495374977588654 0.518465638160706 0.547470331192017 0.572235882282257 0.586900234222412 0.612602531909943 0.640572190284729 0.660802721977234 0.68206661939621 0.709374725818634 0.722528457641602 0.741686463356018 0.742672264575958 -3.4e+38 -3.4e+38 -3.4e+38 -3.4e+38 -3.4e+38 -3.4e+38 -3.4e+38 -3.4e+38 -3.4e+38 -3.4e+38 -3.4e+38 -3.4e+38 -3.4e+38 -3.4e+38 -3.4e+38 -3.4e+38 -3.4e+38 -3.4e+38 -3.4e+38 -3.4e+38 -3.4e+38 -3.4e+38
0.183435589075089 0.163235455751419 0.176339894533157 0.184849724173546 0.207485422492027 0.239489927887917 0.283539801836014 0.324844479560852 0.371560424566269 0.399534463882446 0.427945286035538 0.44458019733429 0.45866122841835 0.478092938661575 0.490682184696198 0.51913845539093 0.546374320983887 0.572580337524414 0.603070199489594 0.617010414600372 0.653255462646484 0.660490572452545 0.673927903175354 0.697107315063477 0.719413459300995 0.732090532779694 0.746699571609497 0.740825533866882 0.747571170330048 -3.4e+38 -3.4e+38 -3.4e+38 -3.4e+38 -3.4e+38 -3.4e+38 -3.4e+38 -3.4e+38 -3.4e+38 -3.4e+38 -3.4e+38 -3.4e+38 -3.4e+38 -3.4e+38 -3.4e+38 -3.4e+38 -3.4e+38 -3.4e+38 -3.4e+38 -3.4e+38 -3.4e+38 -3.4e+38
