data/climate_estimation/maxent_output/Smilax_darrisii.asc
NCOLS 90 
NROWS 46 
XLLCORNER 98.5833333333333 
YLLCORNER 26.1666666666667 
CELLSIZE 0.0833333333333333 
NODATA_value -3.4e+38 
[rows 20 to 39 of 46, columns 44 to 87 of 90]
0.851126611232758 0.793335556983948 0.771185040473938 0.88411021232605 0.848550319671631 0.899302959442139 0.880692839622498 0.876851320266724 0.704512417316437 0.727353513240814 0.818151354789734 0.968843519687653 0.928583383560181 0.639543771743774 0.678968489170074 0.709544599056244 0.501474618911743 0.59344869852066 0.523337244987488 0.425476580858231 0.51355504989624 0.493632733821869 0.409835934638977 0.384900629520416 0.372079133987427 0.361672937870026 0.312985718250275 0.290144830942154 0.291529536247253 0.297497540712357 0.311462879180908 0.329741537570953 0.345004737377167 0.300336271524429 0.279215931892395 0.249400496482849 0.241028845310211 0.241809293627739 0.256062269210815 0.268711537122726 0.293810665607452 0.356199711561203 0.335446000099182 0.330853819847107
0.947728037834167 0.911004424095154 0.858917653560638 0.810371160507202 0.881224513053894 0.933604419231415 0.839048326015472 0.869230151176453 0.756669104099274 0.800246894359589 0.902698397636414 0.975283086299896 0.935867965221405 0.730307221412659 0.522633075714111 0.454427629709244 0.452962547540665 0.418464958667755 0.520157635211945 0.529898285865784 0.623010694980621 0.469632267951965 0.357777535915375 0.366467893123627 0.397705167531967 0.403130888938904 0.30928161740303 0.300488859415054 0.321719288825989 0.289692968130112 0.330526113510132 0.352628260850906 0.378322154283524 0.412131071090698 0.321473449468613 0.269503235816956 0.253866851329803 0.235788077116013 0.267398178577423 0.357336282730103 0.356712162494659 0.354820340871811 0.377882719039917 0.347853362560272
0.808103144168854 0.923107087612152 0.878676772117615 0.853468775749207 0.947300851345062 0.930387437343597 0.923255562782288 0.824093282222748 0.760065495967865 0.638253390789032 0.691977083683014 0.617027759552002 0.831342220306396 0.715033173561096 0.431608259677887 0.637689530849457 0.702935695648193 0.711925148963928 0.716192126274109 0.566317021846771 0.521409511566162 0.43969464302063 0.416574984788895 0.371204733848572 0.398949444293976 0.402097254991531 0.309098809957504 0.2967369556427 0.312818080186844 0.296543538570404 0.28767529129982 0.32923835515976 0.302187830209732 0.362410604953766 0.296272188425064 0.301850616931915 0.286289125680923 0.257993131875992 0.249578818678856 0.316304415464401 0.352578163146973 0.354333817958832 0.386746019124985 0.32914811372757
0.843718409538269 0.89847993850708 0.879656076431274 0.932712197303772 0.952762961387634 0.883980453014374 0.891995072364807 0.737095892429352 0.742202699184418 0.781536161899567 0.883404910564423 0.816112101078033 0.558256268501282 0.548167884349823 0.429466426372528 0.603859066963196 0.784627676010132 0.726512849330902 0.643174588680267 0.554364264011383 0.544943273067474 0.460674494504929 0.410834074020386 0.381583958864212 0.403022468090057 0.39349627494812 0.364104747772217 0.31989973783493 0.325827211141586 0.316478818655014 0.316213369369507 0.290394484996796 0.311532229185104 0.311273753643036 0.361203163862228 0.356774002313614 0.325934588909149 0.275505870580673 0.281463801860809 0.313552051782608 0.344814598560333 0.309858500957489 0.257575035095215 0.248368084430695
0.752206444740295 0.825679421424866 0.910332262516022 0.968578279018402 0.89996063709259 0.818279504776001 0.805493593215942 0.787801504135132 0.889444470405579 0.875259280204773 0.906155109405518 0.881563067436218 0.81757003068924 0.672086894512177 0.542390465736389 0.402293771505356 0.641761839389801 0.723803579807281 0.656526803970337 0.514805138111115 0.478035122156143 0.511352956295013 0.462918728590012 0.373840779066086 0.384370028972626 0.394735664129257 0.401576370000839 0.386404544115067 0.352781862020493 0.315540969371796 0.349917978048325 0.342682510614395 0.320334881544113 0.335450023412704 0.36314657330513 0.391596645116806 0.380154490470886 0.33177986741066 0.347153812646866 0.350501328706741 0.377879321575165 0.368997722864151 0.326756209135056 0.302225142717361
0.629159510135651 0.732602596282959 0.914470374584198 0.960920095443726 0.866647064685822 0.854346871376038 0.838201820850372 0.806321442127228 0.811889708042145 0.925730109214783 0.905020773410797 0.958934605121613 0.976131319999695 0.948184847831726 0.57848447561264 0.56941694021225 0.754611134529114 0.660228312015533 0.619931280612946 0.49992561340332 0.436224400997162 0.591014742851257 0.571059286594391 0.490916699171066 0.506834983825684 0.439448952674866 0.36860117316246 0.403898894786835 0.42758497595787 0.415577292442322 0.43714314699173 0.41990727186203 0.408118963241577 0.404007256031036 0.436293333768845 0.425062239170074 0.39569103717804 0.3721903860569 0.36128494143486 0.382859498262405 0.370629876852036 0.34056830406189 0.356235682964325 0.3348488509655
0.684527814388275 0.767432451248169 0.932897686958313 0.952123880386353 0.834196031093597 0.930303275585175 0.871957778930664 0.838858544826508 0.866279304027557 0.717572689056396 0.854272961616516 0.896827876567841 0.840027511119843 0.793782651424408 0.480538010597229 0.624342143535614 0.729724228382111 0.56230217218399 0.545532882213593 0.464422285556793 0.504552781581879 0.462029695510864 0.536559045314789 0.592424333095551 0.637797713279724 0.553738534450531 0.41063380241394 0.367310553789139 0.377290219068527 0.40066209435463 0.403063178062439 0.433805763721466 0.44451516866684 0.39576318860054 0.393087387084961 0.368589580059052 0.375493496656418 0.360699474811554 0.344062596559525 0.34267783164978 0.366857200860977 0.320450067520142 0.31331479549408 0.304070264101028
0.785795569419861 0.866400063037872 0.91325044631958 0.909932076931 0.77099072933197 0.935516953468323 0.869073152542114 0.907489240169525 0.949018359184265 0.724538028240204 0.911168813705444 0.795996427536011 0.60770970582962 0.461128026247025 0.673791110515594 0.843409895896912 0.815596401691437 0.68978363275528 0.717528760433197 0.57554829120636 0.581188321113586 0.471560955047607 0.558614313602448 0.608248174190521 0.598015904426575 0.480819135904312 0.45680558681488 0.450675666332245 0.392355680465698 0.365495920181274 0.449796974658966 0.490078806877136 0.431779384613037 0.405744761228561 0.404071271419525 0.388026386499405 0.349995017051697 0.378526389598846 0.398372858762741 0.333658337593079 0.299883812665939 0.290305018424988 0.293727517127991 0.273398399353027
0.96868371963501 0.949878692626953 0.817291676998138 0.904764592647552 0.730123519897461 0.911384761333466 0.972056567668915 0.917617380619049 0.924296498298645 0.666796624660492 0.795901298522949 0.577265977859497 0.493941336870193 0.781703114509583 0.915930867195129 0.801715075969696 0.823190867900848 0.72651219367981 0.668669819831848 0.69688218832016 0.636969447135925 0.435824692249298 0.514504551887512 0.558273613452911 0.624304711818695 0.591381847858429 0.519427716732025 0.494411647319794 0.440185695886612 0.457544773817062 0.448299437761307 0.504223227500916 0.442473858594894 0.433764189481735 0.457842171192169 0.407157480716705 0.394291341304779 0.405815482139587 0.382897317409515 0.345349043607712 0.315111666917801 0.345850259065628 0.315426915884018 0.312734007835388
0.940818130970001 0.987262070178986 0.743264198303223 0.849079310894012 0.750595152378082 0.967769920825958 0.925132274627686 0.904649198055267 0.906401693820953 0.613167226314545 0.673239409923553 0.479218125343323 0.659282922744751 0.873400092124939 0.851307988166809 0.743894934654236 0.759858191013336 0.678659498691559 0.78602796792984 0.712772607803345 0.524194478988647 0.507346570491791 0.493047028779984 0.528908133506775 0.609610259532928 0.690500617027283 0.62198406457901 0.530759394168854 0.495909482240677 0.480645686388016 0.525444269180298 0.511720240116119 0.516027331352234 0.498891234397888 0.458064943552017 0.424288541078568 0.438361346721649 0.400696009397507 0.362752974033356 0.355496436357498 0.372645407915115 0.386687338352203 0.323570638895035 0.37323933839798
0.953910768032074 0.955956220626831 0.811158776283264 0.676917493343353 0.763725697994232 0.967236995697021 0.935017585754395 0.886304497718811 0.61753910779953 0.668412923812866 0.540428757667542 0.734682977199554 0.921421229839325 0.898640811443329 0.726267457008362 0.700248897075653 0.671079337596893 0.691338419914246 0.754719853401184 0.688737392425537 0.598202884197235 0.538811683654785 0.594057142734528 0.671702980995178 0.704405009746552 0.701417684555054 0.663414418697357 0.559129178524017 0.529091775417328 0.524978041648865 0.548421084880829 0.541025996208191 0.51313304901123 0.551664352416992 0.46769192814827 0.488217413425446 0.462308764457703 0.446233808994293 0.396914422512054 0.407606601715088 0.43170964717865 0.433194935321808 0.352514207363129 0.41548690199852
0.679280042648315 0.916925072669983 0.95529967546463 0.609984338283539 0.86637145280838 0.974618792533875 0.826345384120941 0.652850866317749 0.553688883781433 0.521946132183075 0.552264750003815 0.602925598621368 0.950747072696686 0.88338315486908 0.763425767421722 0.713662624359131 0.656146347522736 0.639595925807953 0.692439258098602 0.83665806055069 0.645852386951447 0.578600406646729 0.625031054019928 0.66279137134552 0.70668888092041 0.715720593929291 0.634842395782471 0.621148526668549 0.587270557880402 0.579326331615448 0.548495948314667 0.491190552711487 0.489064455032349 0.502560079097748 0.530654728412628 0.51518326997757 0.457195341587067 0.42974779009819 0.425130009651184 0.425544023513794 0.408231824636459 0.447096019983292 0.386405736207962 0.449839115142822
0.741667628288269 0.818544745445251 0.960987627506256 0.75046318769455 0.758346974849701 0.91917359828949 0.839021861553192 0.580236315727234 0.879702389240265 0.809258937835693 0.825471103191376 0.567280948162079 0.788849949836731 0.856779277324677 0.782022655010223 0.676369488239288 0.650048196315765 0.636661529541016 0.665991187095642 0.729988813400269 0.646413743495941 0.644506454467773 0.617264091968536 0.66058486700058 0.679321348667145 0.691813051700592 0.674469113349915 0.695650517940521 0.665381550788879 0.619638562202454 0.552074313163757 0.492717236280441 0.500925958156586 0.558514356613159 0.566694855690002 0.490826576948166 0.427293092012405 0.411897629499435 0.402153372764587 0.392011642456055 0.405585706233978 0.464101850986481 0.436132311820984 0.465422004461288
0.638158917427063 0.938481152057648 0.975411832332611 0.768772661685944 0.55921733379364 0.898150205612183 0.89839380979538 0.558447360992432 0.665165841579437 0.977924704551697 0.846360981464386 0.56490570306778 0.833434343338013 0.842088103294373 0.707489490509033 0.648285627365112 0.651241838932037 0.665642917156219 0.626346290111542 0.751219570636749 0.703933596611023 0.731339454650879 0.732320368289948 0.660795032978058 0.631912410259247 0.6326003074646 0.63571959733963 0.636324226856232 0.609479367733002 0.555519819259644 0.505000174045563 0.479394197463989 0.499034702777863 0.515757083892822 0.508922338485718 0.468550443649292 0.446011930704117 0.400447189807892 0.389134109020233 0.39097473025322 0.437073826789856 0.447384655475616 0.443548530340195 0.447023093700409
0.695555925369263 0.820965707302094 0.967165291309357 0.9294673204422 0.687759518623352 0.678896307945251 0.881023526191711 0.590446412563324 0.712939381599426 0.900564670562744 0.940538465976715 0.699801325798035 0.602241992950439 0.692037045955658 0.676385045051575 0.701108574867249 0.70636659860611 0.654476761817932 0.677106559276581 0.793411016464233 0.717550158500671 0.729866147041321 0.815392315387726 0.738186001777649 0.631707489490509 0.676611065864563 0.640982985496521 0.612032473087311 0.612003803253174 0.552772104740143 0.550770103931427 0.509874939918518 0.492423117160797 0.474787801504135 0.475299715995789 0.471655279397964 0.485231637954712 0.466353625059128 0.46330451965332 0.401356399059296 0.459210366010666 0.420219361782074 0.410477072000504 0.410581290721893
0.778506278991699 0.7836794257164 0.912314176559448 0.973144114017487 0.742154538631439 0.517504990100861 0.584584712982178 0.508032202720642 0.803645670413971 0.910587966442108 0.947968363761902 0.815946817398071 0.600293278694153 0.594990491867065 0.699526369571686 0.72462671995163 0.625154793262482 0.6207115650177 0.707334876060486 0.735443592071533 0.723644375801086 0.701000392436981 0.774972558021545 0.722747981548309 0.700835764408112 0.709003567695618 0.676571190357208 0.663669764995575 0.661998689174652 0.659175932407379 0.622763991355896 0.610191524028778 0.511621594429016 0.475342035293579 0.44331231713295 0.432066082954407 0.475455611944199 0.519844353199005 0.515447854995728 0.415221303701401 0.414601057767868 0.391497850418091 0.369586259126663 0.379644334316254
0.851243257522583 0.876264035701752 0.913708508014679 0.973473131656647 0.86895352602005 0.662084937095642 0.499207615852356 0.413449943065643 0.711398780345917 0.819248020648956 0.935301303863525 0.884454667568207 0.710683226585388 0.79172557592392 0.670220196247101 0.64911299943924 0.67409473657608 0.698224186897278 0.704160034656525 0.797165393829346 0.77612692117691 0.770324110984802 0.765202760696411 0.741696417331696 0.73966908454895 0.754269897937775 0.81212705373764 0.712449491024017 0.728317379951477 0.736212909221649 0.702710330486298 0.658531785011292 0.637945473194122 0.571361541748047 0.485183745622635 0.480838984251022 0.43457219004631 0.431028455495834 0.442338943481445 0.415005564689636 0.388788342475891 0.37850484251976 0.356749624013901 0.358756631612778
0.840332865715027 0.906693398952484 0.940637111663818 0.946220695972443 0.879749000072479 0.67652815580368 0.706025063991547 0.523629426956177 0.466271936893463 0.699334561824799 0.869354426860809 0.854191482067108 0.820817112922668 0.838103055953979 0.761281251907349 0.660281419754028 0.735360324382782 0.72801274061203 0.69749927520752 0.712049543857574 0.781219184398651 0.799904525279999 0.777824819087982 0.741837501525879 0.763145208358765 0.738211810588837 0.73097825050354 0.732708215713501 0.746028006076813 0.737407505512238 0.651092648506165 0.605236768722534 0.615462124347687 0.54439377784729 0.525233089923859 0.533088684082031 0.490532130002975 0.432638674974442 0.425824224948883 0.419427692890167 0.416631609201431 0.412191659212112 0.381728112697601 0.38226979970932
0.839100956916809 0.883472621440887 0.871475398540497 0.897113442420959 0.889723360538483 0.868529081344604 0.799122452735901 0.77956485748291 0.467735916376114 0.518717586994171 0.793896794319153 0.911184966564178 0.87183666229248 0.843621432781219 0.67726457118988 0.674453556537628 0.76002448797226 0.68434739112854 0.833361864089966 0.707283973693848 0.736169755458832 0.816403031349182 0.816806554794312 0.767182171344757 0.759621739387512 0.739521443843842 0.707409679889679 0.677683532238007 0.625114798545837 0.731624662876129 0.661051094532013 0.56967294216156 0.580753922462463 0.582125008106232 0.585305333137512 0.582237243652344 0.516842365264893 0.450826495885849 0.485576450824738 0.433225244283676 0.444396704435349 0.429091423749924 0.412899762392044 0.384386628866196
0.783226549625397 0.828983664512634 0.833160161972046 0.786012530326843 0.854090094566345 0.910444855690002 0.788506150245667 0.88314026594162 0.609834134578705 0.526910483837128 0.798892021179199 0.914103388786316 0.906874537467957 0.848780453205109 0.691767811775208 0.6659015417099 0.78126335144043 0.733270347118378 0.743723630905151 0.731392085552216 0.767285883426666 0.789264678955078 0.786641359329224 0.777261137962341 0.696676731109619 0.597001671791077 0.643469274044037 0.736182153224945 0.721533417701721 0.633856236934662 0.626036822795868 0.587128460407257 0.564283788204193 0.568323612213135 0.564221024513245 0.560474753379822 0.569003999233246 0.544776380062103 0.531049072742462 0.512236833572388 0.506043434143066 0.469153940677643 0.420252323150635 0.404041230678558
