data/climate_estimation/maxent_output/Smilax_microphylla.asc
NCOLS 272 
NROWS 158 
XLLCORNER 93.8333333333333 
YLLCORNER 21.1666666666667 
CELLSIZE 0.0833333333333334 
NODATA_value -3.4e+38 
[rows 38 to 56 of 158, columns 0 to 43 of 272]
0.00168232666328549 0.00197830377146602 0.0010219516698271 0.00243754894472659 0.00143877789378166 0.008280242793262 0.00106505455914885 0.00854590442031622 0.0075251767411828 0.0435990877449512 0.0190818831324577 0.0321592912077904 0.0555394738912582 0.0662911534309387 0.0831457525491714 0.0574724040925503 0.0693087801337242 0.074189618229866 0.162022456526756 0.0542690679430962 0.00424982933327556 0.00322329648770392 0.0184166003018618 0.0367769226431847 0.00933811813592911 0.00882486812770367 0.0143379280343652 0.0115187531337142 0.0197848044335842 0.0173173025250435 0.00871299020946026 0.0127252852544188 0.01964489556849 0.0346385352313519 0.0491037257015705 0.0447184890508652 0.0251158103346825 0.0206856951117516 0.0394657738506794 0.0669829174876213 0.0957307666540146 0.0280661638826132 0.0377610437572002 0.00996612384915352
0.000440044212155044 0.000307626294670627 0.00041824983782135 0.000519170425832272 0.00214393413625658 0.00157633924391121 0.000881369516719133 0.000408400344895199 0.00607988378033042 0.00821686070412397 0.0346745662391186 0.0372141264379025 0.00762443756684661 0.00952403526753187 0.0286865066736937 0.0229984894394875 0.0262403935194016 0.0326868444681168 0.0148721626028419 0.134889215230942 0.0066772336140275 0.00408386951312423 0.00743368919938803 0.111556880176067 0.0201629884541035 0.00514252344146371 0.0140395518392324 0.0135033540427685 0.0127199459820986 0.0182321555912495 0.00965763442218304 0.00754706840962172 0.00854548159986734 0.0106472261250019 0.0171331353485584 0.0115957576781511 0.0240847282111645 0.00809345487505198 0.0117111010476947 0.036197405308485 0.105874225497246 0.109588816761971 0.0619397647678852 0.015353275462985
0.000191402679775 0.00056432606652379 0.000696960021741688 0.002117904368788 0.00266745127737522 0.000327411165926605 0.000371180969523266 0.000442915566964075 0.00210407632403076 0.00362961320206523 0.0670088827610016 0.0146822966635227 0.00350314565002918 0.0155768124386668 0.0365700162947178 0.0129134533926845 0.0509310662746429 0.0212222468107939 0.0200714264065027 0.100585013628006 0.242081671953201 0.0557943917810917 0.100634388625622 0.130904287099838 0.166939973831177 0.0978767573833466 0.0300481095910072 0.0445183329284191 0.0228749811649323 0.0211419016122818 0.0291814915835857 0.0166068784892559 0.00527817849069834 0.00483688525855541 0.00906715355813503 0.00404355954378843 0.0110212117433548 0.0441548898816109 0.0422098003327847 0.00861077662557364 0.0232858397066593 0.0595998652279377 0.112821504473686 0.0194602962583303
0.000162964919582009 0.000171082676388323 0.00030016343225725 0.000412150227930397 0.000455911533208564 0.000371596950571984 0.000473729247460142 0.00092818116536364 0.00284521374851465 0.0222005918622017 0.0357295200228691 0.0123384781181812 0.00146758474875242 0.0138083891943097 0.00643727695569396 0.00853710807859898 0.0145314401015639 0.0172579996287823 0.0396545417606831 0.0845363363623619 0.118843108415604 0.166463866829872 0.130907565355301 0.0283825807273388 0.0284524019807577 0.0171746760606766 0.0245190300047398 0.0826370269060135 0.150908470153809 0.142395943403244 0.0670919343829155 0.0206592790782452 0.00925220269709826 0.00867670401930809 0.00921933818608522 0.00818470120429993 0.00451781414449215 0.00724711734801531 0.0106781404465437 0.0530594922602177 0.0262411292642355 0.0611285232007504 0.0986175462603569 0.0254131983965635
0.000545500079169869 0.000739791023079306 0.000431059161201119 0.00105349940713495 0.00141069362871349 0.00172425992786884 0.000844699621666223 0.00200138846412301 0.000542162801139057 0.00103830359876156 0.000444986071670428 0.00118993083015084 0.0116097694262862 0.00619966397061944 0.00870658922940493 0.0112778171896935 0.0106511237099767 0.00980657059699297 0.0225993357598782 0.0713639408349991 0.0437593087553978 0.178408622741699 0.178506150841713 0.116958566009998 0.0391411818563938 0.0156456492841244 0.0297153145074844 0.0297343842685223 0.0218508113175631 0.0594860091805458 0.137759879231453 0.0055920947343111 0.00369251891970634 0.00638132728636265 0.0186131335794926 0.0157759860157967 0.00980984978377819 0.0049287024885416 0.00599747523665428 0.0146613260731101 0.0128541458398104 0.0453387834131718 0.100626647472382 0.0337622500956059
0.00158231286332011 0.00214669900014997 0.0012388724135235 0.000981600256636739 0.00434339977800846 0.0128862932324409 0.0106127271428704 0.00438064616173506 0.000523508002515882 0.0009568189852871 0.00346074090339243 0.00330298487097025 0.00125025201123208 0.00379690364934504 0.0012785829603672 0.000947956694290042 0.00329054030589759 0.00324355717748404 0.00737664848566055 0.0198882296681404 0.0235235746949911 0.0475249476730824 0.0582345016300678 0.0736482888460159 0.0889527574181557 0.0284735187888145 0.0367117449641228 0.0477159023284912 0.0107587166130543 0.0360003933310509 0.13707447052002 0.0281737204641104 0.00721235852688551 0.0173428803682327 0.0236879717558622 0.0239206459373236 0.0299842469394207 0.0210803654044867 0.0165955238044262 0.0101401377469301 0.0123038049787283 0.0429958067834377 0.141190722584724 0.0849061831831932
0.000221497859456576 0.000321692292345688 0.000608080998063087 0.00316733680665493 0.00430150888860226 0.000793550105299801 0.000208428667974658 0.00199420237913728 0.0010521998628974 0.000588444236200303 0.00157946953549981 0.000411273416830227 0.000371619040379301 0.00142396846786141 0.000618216930888593 0.000779457797762007 0.00252555520273745 0.00345687055960298 0.00402030861005187 0.00444432208314538 0.00364806456491351 0.0067611476406455 0.0123422248288989 0.040596604347229 0.0665000900626183 0.0293659120798111 0.0166770275682211 0.0241009201854467 0.0176421441137791 0.00554037932306528 0.0312337148934603 0.0399491228163242 0.0188098084181547 0.0198467746376991 0.00796073582023382 0.00568658206611872 0.00878340192139149 0.0139664364978671 0.0271118450909853 0.0147225968539715 0.00689390720799565 0.0180982053279877 0.0536465980112553 0.137278497219086
0.00618681730702519 0.00270191626623273 0.00116012129001319 0.035262543708086 0.000645413005258888 0.00326370820403099 0.00121794524602592 0.000844148511532694 0.00154312828090042 0.000668703811243176 0.00247547193430364 0.00659337872639298 0.0103037199005485 0.0104729691520333 0.000960253295488656 0.00257458887062967 0.00992447603493929 0.0120512144640088 0.00275419978424907 0.00751472171396017 0.00484270509332418 0.00547489523887634 0.00323740881867707 0.0105201592668891 0.00263235974125564 0.00407375767827034 0.00639401935040951 0.0284237898886204 0.0307538378983736 0.0169022064656019 0.016251789405942 0.132388308644295 0.0247936882078648 0.0325198769569397 0.00946754030883312 0.00324810296297073 0.00397080043330789 0.00363317597657442 0.00912787672132254 0.0214366223663092 0.0089252470061183 0.00302683166228235 0.00385405891574919 0.0186085384339094
0.00846711359918118 0.0251075755804777 0.05042864382267 0.10122636705637 0.015900295227766 0.0223364979028702 0.011426099576056 0.00336944730952382 0.0168795920908451 0.00451115891337395 0.00200695777311921 0.0231995042413473 0.00931465439498425 0.052352599799633 0.00401333859190345 0.00520951161161065 0.012683866545558 0.00897070579230785 0.00993518531322479 0.0126534886658192 0.00915717426687479 0.00541824661195278 0.00455242767930031 0.00270181801170111 0.00584147963672876 0.00923619419336319 0.0104086538776755 0.00769869098439813 0.026281313970685 0.0470892786979675 0.185563191771507 0.253537237644196 0.191363126039505 0.0876950025558472 0.139062210917473 0.00406124489381909 0.00262242672033608 0.00300858286209404 0.00433700811117887 0.00997881125658751 0.0282648243010044 0.00998037029057741 0.00873258337378502 0.00549064204096794
0.00142226519528776 0.00110133085399866 0.000188884936505929 0.0510768629610538 0.102519452571869 0.0970840603113174 0.134113848209381 0.0974473878741264 0.160965099930763 0.112524650990963 0.107597373425961 0.156459122896194 0.51768571138382 0.165560767054558 0.0170843936502934 0.000917739642318338 0.0151484962552786 0.0210554990917444 0.0769544169306755 0.03895478323102 0.00479354523122311 0.00253404746763408 0.0367507189512253 0.00609752209857106 0.00510520022362471 0.00722206104546785 0.00623979605734348 0.012142987921834 0.0345387980341911 0.0537245646119118 0.109625242650509 0.019980825483799 0.094495601952076 0.0122970025986433 0.170606195926666 0.00827918853610754 0.00239319400861859 0.00197471329011023 0.00271939369849861 0.00385521980933845 0.0293096993118525 0.0290144067257643 0.0257752742618322 0.01077850908041
0.000970057968515903 0.000598528364207596 0.000816704123280942 0.000671413028612733 0.00172251847106963 0.0161343384534121 0.00193027162458748 0.0348429046571255 0.242955878376961 0.629249513149261 0.541259229183197 0.834759473800659 0.573113620281219 0.0179872196167707 0.0140881258994341 0.00748789310455322 0.0206842068582773 0.183271586894989 0.233921512961388 0.013010268099606 0.00326368748210371 0.00373788829892874 0.0423244163393974 0.0602625571191311 0.00880745705217123 0.00934814009815454 0.010338687337935 0.0175069570541382 0.0150691717863083 0.00796809606254101 0.0745484530925751 0.00700748153030872 0.0101130967959762 0.011543202213943 0.201687932014465 0.0333214104175568 0.03254659101367 0.00592999579384923 0.00556672178208828 0.0105479890480638 0.0289519783109426 0.0382961928844452 0.0315126962959766 0.0246580988168716
0.00927471555769444 0.0161110050976276 0.00271472847089171 0.00128631247207522 0.00127753778360784 0.0113305784761906 0.0142751121893525 0.0190047919750214 0.0070968410000205 0.0150084979832172 0.0682563558220863 0.378082901239395 0.81333726644516 0.723644614219666 0.237827271223068 0.360497981309891 0.0717198252677917 0.0256746150553226 0.51859450340271 0.0963044911623001 0.00821984000504017 0.00822089705616236 0.14707088470459 0.165714606642723 0.0150582697242498 0.0117638371884823 0.00947481766343117 0.00860221870243549 0.00607851520180702 0.00873214937746525 0.0144137190654874 0.074434369802475 0.0124675836414099 0.00925460644066334 0.0208565760403872 0.0133377686142921 0.0584313906729221 0.197660535573959 0.202703729271889 0.0840907841920853 0.0145876863971353 0.03541624173522 0.0334430113434792 0.0334403216838837
0.00257853581570089 0.00487984297797084 0.010088549926877 0.00350745674222708 0.00183425226714462 0.00598733313381672 0.0143616367131472 0.0224182493984699 0.0157908368855715 0.0150883197784424 0.0147522082552314 0.0159877054393291 0.0821039751172066 0.590150117874146 0.802761733531952 0.461578041315079 0.108975917100906 0.0307724047452211 0.075797826051712 0.566602349281311 0.266989558935165 0.209687456488609 0.505235433578491 0.0599389784038067 0.0242456197738647 0.0446397587656975 0.046961285173893 0.00853794626891613 0.00629987567663193 0.00670126918703318 0.0284332688897848 0.0123067982494831 0.00507438089698553 0.00721880374476314 0.00358101702295244 0.00554171158000827 0.0153996301814914 0.0400036424398422 0.0400097481906414 0.165636375546455 0.201745718717575 0.063212625682354 0.0278563909232616 0.0316231176257133
0.0113411210477352 0.0215887911617756 0.0372648388147354 0.0058358320966363 0.00703497463837266 0.00559508614242077 0.00732567021623254 0.00730415619909763 0.0557659678161144 0.0839795470237732 0.119641661643982 0.0359822995960712 0.0582889728248119 0.640962362289429 0.796014010906219 0.560350000858307 0.73430597782135 0.506896138191223 0.0236047450453043 0.0952277183532715 0.50673246383667 0.743752121925354 0.11262159794569 0.10820771753788 0.044718187302351 0.0292377211153507 0.163257226347923 0.0271648559719324 0.00979648157954216 0.0064057195559144 0.017793882638216 0.00902939401566982 0.00586207071319222 0.00333870854228735 0.0424131415784359 0.096874013543129 0.108635969460011 0.194709807634354 0.247750788927078 0.285384684801102 0.127711296081543 0.437495559453964 0.0207043364644051 0.0417113192379475
0.0193057674914598 0.00423528859391809 0.0122635569423437 0.0107586346566677 0.00660870689898729 0.00537864770740271 0.00950781162828207 0.0124062355607748 0.0138543685898185 0.0301356986165047 0.10574071854353 0.53589802980423 0.571645855903625 0.232913836836815 0.761115729808807 0.718515038490295 0.154665842652321 0.245870798826218 0.658662915229797 0.127630561590195 0.0911508947610855 0.70765483379364 0.103543229401112 0.0478714592754841 0.0147717520594597 0.00678127724677324 0.0464830808341503 0.279825091362 0.0236002504825592 0.0219233464449644 0.00992200151085854 0.0106150824576616 0.00424696924164891 0.0159362629055977 0.0218976270407438 0.007641710806638 0.00638764956966043 0.00398513581603765 0.0147385653108358 0.106298021972179 0.115693226456642 0.188462555408478 0.172181606292725 0.0425271168351173
0.00246039708144963 0.00700554298236966 0.00382340070791543 0.00559627078473568 0.00774097815155983 0.00765134207904339 0.00536706624552608 0.00643816357478499 0.00733605166897178 0.00964824203401804 0.0290814302861691 0.164318174123764 0.0197904650121927 0.0040965792723 0.590105950832367 0.770015597343445 0.769359529018402 0.741078734397888 0.142737671732903 0.626863420009613 0.716214418411255 0.706917822360992 0.628606557846069 0.47360160946846 0.0481302253901958 0.0879585817456245 0.0255610402673483 0.19406421482563 0.0169425252825022 0.0139014236629009 0.00660912180319428 0.00720123760402203 0.00395064568147063 0.00562036177143455 0.026463994756341 0.00272235064767301 0.00213703839108348 0.00167668878566474 0.00300823734141886 0.0339357741177082 0.0134947719052434 0.0773742273449898 0.498749852180481 0.200959846377373
0.138099670410156 0.11592510342598 0.0326425805687904 0.0187568981200457 0.0419397503137589 0.0357802622020245 0.0075226966291666 0.00809275638312101 0.00826409086585045 0.0119985053315759 0.0871985554695129 0.0268560294061899 0.00711925327777863 0.110030770301819 0.431647777557373 0.747439682483673 0.758283913135529 0.692166149616241 0.52417927980423 0.162792608141899 0.169274166226387 0.0552415549755096 0.0946971401572227 0.553085744380951 0.622192561626434 0.454201996326447 0.053295910358429 0.313749194145203 0.0286074876785278 0.0221363622695208 0.0101244067773223 0.00571518437936902 0.00634558312594891 0.0107016963884234 0.0374300628900528 0.00420718220993876 0.00250283977948129 0.00328972074203193 0.00376062002032995 0.0113362893462181 0.00279747555032372 0.0196747593581676 0.168989062309265 0.334499478340149
0.016675092279911 0.0106382416561246 0.0897307544946671 0.0886032581329346 0.0557009689509869 0.139947503805161 0.086042545735836 0.00558810494840145 0.0117254154756665 0.0129872420802712 0.0752042829990387 0.0167103782296181 0.150962591171265 0.095949649810791 0.199313163757324 0.176445811986923 0.623702883720398 0.757673978805542 0.726266264915466 0.675874292850494 0.651634275913239 0.507202804088593 0.0837084278464317 0.230555042624474 0.0828613862395287 0.207560464739799 0.450523048639297 0.291193932294846 0.106504626572132 0.0409549921751022 0.0378564558923244 0.00629631197080016 0.00207174103707075 0.00457407347857952 0.0209878943860531 0.00723891099914908 0.00488012889400125 0.00277711916714907 0.00236161542125046 0.00272362143732607 0.00198605004698038 0.0123279020190239 0.288315147161484 0.600131809711456
0.00208669155836105 0.00233265897259116 0.00666463514789939 0.00277823233045638 0.00771489273756742 0.0303362403064966 0.331308513879776 0.046395905315876 0.0175829511135817 0.0103022260591388 0.0451044850051403 0.0232893824577332 0.266977280378342 0.142174646258354 0.00141451717354357 0.0093770669773221 0.423334956169128 0.733299195766449 0.644158780574799 0.740952551364899 0.630930602550507 0.243478149175644 0.0816724821925163 0.0797964259982109 0.0366329811513424 0.0981163531541824 0.00381237315014005 0.0330357179045677 0.375552862882614 0.278201192617416 0.201326102018356 0.0209117569029331 0.00709052756428719 0.00392046524211764 0.0220491085201502 0.00745610799640417 0.00396933918818831 0.00509193446487188 0.00409279996529222 0.00223535345867276 0.00275735673494637 0.0135029964148998 0.086418017745018 0.516798973083496
