data/climate_estimation/maxent_output/Smilax_aspericaulis.asc
NCOLS 333 
NROWS 139 
XLLCORNER 94.6666666666667 
YLLCORNER 18 
CELLSIZE 0.0833333333333333 
NODATA_value -3.4e+38 
[rows 60 to 79 of 139, columns 0 to 44 of 333]
0.175060525536537 0.192088842391968 0.186902984976768 0.145760297775269 0.148840248584747 0.112101294100285 0.12016936391592 0.135555133223534 0.121772162616253 0.104704178869724 0.0828925967216492 0.0731253325939178 0.0987491086125374 0.172382995486259 0.126223653554916 0.0690595880150795 0.0797910019755363 0.0701986327767372 0.0731920748949051 0.209376901388168 0.207972422242165 0.0953760519623756 0.0938259288668633 0.121672168374062 0.158790811896324 0.236687630414963 0.193374991416931 0.262576252222061 0.318682819604874 0.228852912783623 0.193289145827293 0.146563574671745 0.177329272031784 0.311234474182129 0.678741216659546 0.665525615215302 0.692199468612671 0.666738629341125 0.663303732872009 0.619804263114929 0.65355509519577 0.664675056934357 0.689230263233185 0.6886305809021 0.624021232128143
0.168627589941025 0.179149687290192 0.197067394852638 0.172420278191566 0.136038303375244 0.112091355025768 0.113401107490063 0.102748662233353 0.122045293450356 0.0875802710652351 0.0762080699205399 0.0702660232782364 0.084941066801548 0.0992409214377403 0.0507049076259136 0.0538251176476479 0.061065036803484 0.0604354031383991 0.0655815452337265 0.217359244823456 0.131970286369324 0.0872834920883179 0.0840340703725815 0.0887002348899841 0.123747609555721 0.141529500484467 0.193394348025322 0.224593296647072 0.222651928663254 0.172719970345497 0.206844970583916 0.141955778002739 0.135759517550468 0.317825704813004 0.444399267435074 0.655605614185333 0.66113942861557 0.654607653617859 0.664694905281067 0.66630494594574 0.670891404151917 0.626788318157196 0.667365252971649 0.647688508033752 0.671341359615326
0.185188964009285 0.156679078936577 0.156898006796837 0.163926437497139 0.12810967862606 0.107327409088612 0.123988322913647 0.107456408441067 0.0919724106788635 0.0817545354366302 0.0778068378567696 0.0803547948598862 0.131091624498367 0.0698267817497253 0.0414218194782734 0.0422447845339775 0.0385540202260017 0.0554873012006283 0.0721763521432877 0.164014786481857 0.0802429616451263 0.0699070990085602 0.0729027464985847 0.078226275742054 0.083921380341053 0.105349943041801 0.113771848380566 0.120921939611435 0.161827594041824 0.153875514864922 0.161062240600586 0.136890456080437 0.135433524847031 0.293539792299271 0.602687060832977 0.664133727550507 0.648481667041779 0.645291864871979 0.673005282878876 0.669384360313416 0.648002922534943 0.676002860069275 0.673204183578491 0.689267218112946 0.698824822902679
0.132341504096985 0.143073156476021 0.151165321469307 0.122125767171383 0.128841176629066 0.108799457550049 0.109046421945095 0.0770488232374191 0.0708745121955872 0.0791523680090904 0.0540585331618786 0.0697457790374756 0.146492555737495 0.0984350368380547 0.0381714850664139 0.0401180051267147 0.0337624587118626 0.0495187602937222 0.0775089859962463 0.0999335646629333 0.0660404115915298 0.0465668141841888 0.0627693831920624 0.0681089237332344 0.0720430240035057 0.082166813313961 0.0863869935274124 0.0892217457294464 0.10380607098341 0.103327192366123 0.102697223424911 0.133334845304489 0.164420649409294 0.591146945953369 0.621105253696442 0.612996399402618 0.657923460006714 0.636575877666473 0.622080206871033 0.662600159645081 0.669506371021271 0.667586982250214 0.674143254756927 0.654052197933197 0.666161119937897
0.104103930294514 0.105851612985134 0.108553759753704 0.0918520614504814 0.0938819795846939 0.0998235195875168 0.0812589302659035 0.0693816691637039 0.0490983575582504 0.0476408302783966 0.0554204769432545 0.123896151781082 0.207507431507111 0.0835625156760216 0.032131765037775 0.0463614463806152 0.0313655100762844 0.0417088307440281 0.0687766000628471 0.0743720829486847 0.042379342019558 0.0440997406840324 0.0469875074923038 0.0511601530015469 0.0693118646740913 0.0729265660047531 0.0853555202484131 0.10248401761055 0.0985398069024086 0.0915338397026062 0.0937601700425148 0.0897720530629158 0.167820334434509 0.473968416452408 0.539771914482117 0.537140846252441 0.633348524570465 0.588554978370667 0.630801260471344 0.644009530544281 0.644325494766235 0.614492356777191 0.597710609436035 0.666800260543823 0.586913347244263
0.0797019153833389 0.0778599679470062 0.0849974006414413 0.0827634856104851 0.0693090185523033 0.0833264887332916 0.0681945234537125 0.0509952306747437 0.0408953465521336 0.0445971861481667 0.0576055087149143 0.128167614340782 0.23462763428688 0.0956507474184036 0.0298499260097742 0.0292330253869295 0.0285939928144217 0.0362096354365349 0.066056601703167 0.0307938363403082 0.0304745491594076 0.0428025461733341 0.0445136912167072 0.0484733916819096 0.0520073659718037 0.075797863304615 0.0874785855412483 0.104822263121605 0.0812360942363739 0.0821768566966057 0.0835192948579788 0.086776427924633 0.250823140144348 0.490338623523712 0.539648711681366 0.61186420917511 0.583762168884277 0.583645641803741 0.603148758411407 0.603817462921143 0.631544053554535 0.625137984752655 0.626255333423615 0.639558792114258 0.629382848739624
0.0645482689142227 0.0506548248231411 0.0540411546826363 0.059990294277668 0.0563017390668392 0.0474487878382206 0.045743003487587 0.0405898354947567 0.0345780290663242 0.0317610204219818 0.0425783209502697 0.0904708504676819 0.050361692905426 0.040240790694952 0.0270873829722404 0.0257700253278017 0.0275322012603283 0.0366767235100269 0.0521871037781239 0.0279083680361509 0.0286876577883959 0.0296517089009285 0.0431924089789391 0.0523815639317036 0.054614145308733 0.0750588998198509 0.083171010017395 0.0779842138290405 0.0566635094583035 0.0585813373327255 0.0759542211890221 0.0999428704380989 0.246899425983429 0.519170522689819 0.515945076942444 0.535497307777405 0.534404098987579 0.586728930473328 0.444382309913635 0.491141825914383 0.594644129276276 0.597965955734253 0.59007054567337 0.584007680416107 0.635784327983856
0.0590781792998314 0.0380555205047131 0.0411343388259411 0.0391417928040028 0.0437631718814373 0.0430622883141041 0.0332191400229931 0.0240938551723957 0.0249382089823484 0.0275331884622574 0.0380353890359402 0.0677668750286102 0.0238535292446613 0.0193081423640251 0.018872631713748 0.0271857902407646 0.0206484328955412 0.0267452169209719 0.0330789647996426 0.0242877434939146 0.0256405025720596 0.0278252437710762 0.0398187302052975 0.0471034273505211 0.0523815639317036 0.0664553418755531 0.097451239824295 0.0833834037184715 0.0532861091196537 0.0544474199414253 0.059291172772646 0.151696234941483 0.385035634040833 0.453945606946945 0.473937392234802 0.400630533695221 0.434842020273209 0.345395505428314 0.393340587615967 0.571515798568726 0.58448851108551 0.585307419300079 0.58635139465332 0.583043336868286 0.56761234998703
0.0394389666616917 0.03897799924016 0.0392898991703987 0.0334461256861687 0.0382468588650227 0.0338605940341949 0.0238357819616795 0.0212112404406071 0.0219554677605629 0.0229856688529253 0.0299816709011793 0.0258697047829628 0.0161774922162294 0.0172168482095003 0.0174365770071745 0.0203823987394571 0.0143562303856015 0.0242376308888197 0.0230332482606173 0.0174809619784355 0.0251377783715725 0.029081366956234 0.0300627332180738 0.0309722479432821 0.0350687727332115 0.060193482786417 0.0730968490242958 0.0455424450337887 0.0386033952236176 0.0511213317513466 0.075382262468338 0.116269499063492 0.425898909568787 0.432198703289032 0.33693465590477 0.289269298315048 0.294060111045837 0.504685163497925 0.497472763061523 0.517177760601044 0.563366293907166 0.520501673221588 0.514363646507263 0.536551713943481 0.582539677619934
0.0293447133153677 0.0332786254584789 0.0337617658078671 0.0359784550964832 0.0319498777389526 0.0186987686902285 0.015496889129281 0.0149008231237531 0.0161211602389812 0.014693976379931 0.0169970225542784 0.0122329071164131 0.0108856083825231 0.0117160910740495 0.0119909821078181 0.0192610770463943 0.0122433425858617 0.0128630185499787 0.0129822436720133 0.0163997411727905 0.0188604313880205 0.0210340283811092 0.0206636749207973 0.0232755374163389 0.02958126924932 0.0405591651797295 0.0535750910639763 0.0345213189721107 0.0354990847408772 0.0373845361173153 0.073568232357502 0.263018578290939 0.348722606897354 0.363624691963196 0.39225971698761 0.283530831336975 0.433143258094788 0.438379138708115 0.488498866558075 0.387649953365326 0.469781845808029 0.509180903434753 0.514265298843384 0.50576776266098 0.512783944606781
0.017842207103968 0.0205850377678871 0.0209454894065857 0.0257537793368101 0.0199006088078022 0.0134768653661013 0.0129588404670358 0.011635753326118 0.0112601350992918 0.00833101850003004 0.00849038548767567 0.00763546302914619 0.0101464092731476 0.0102255446836352 0.0104362992569804 0.0211900360882282 0.00803743116557598 0.00783816259354353 0.010676889680326 0.0124221034348011 0.0135641638189554 0.0144380489364266 0.0159941650927067 0.0214705597609282 0.0283308643847704 0.030262777581811 0.0256590880453587 0.0243521630764008 0.025836493819952 0.087052658200264 0.180317550897598 0.212805986404419 0.231656476855278 0.345025092363358 0.322639226913452 0.368162214756012 0.364948511123657 0.427273392677307 0.409287065267563 0.431475281715393 0.4184909760952 0.422033280134201 0.41962257027626 0.4909747838974 0.491816639900208
0.016399247571826 0.0181687790900469 0.020183939486742 0.0223553087562323 0.0158343929797411 0.00886820256710052 0.00824475008994341 0.0071270065382123 0.00689989700913429 0.00693870475515723 0.00705343065783381 0.00677858153358102 0.00721242884173989 0.00732836872339249 0.00866979733109474 0.0150371035560966 0.00682781590148807 0.00800868030637503 0.0104529978707433 0.0110036861151457 0.0111417043954134 0.0142974490299821 0.0134415999054909 0.0152735775336623 0.0179226528853178 0.0176003873348236 0.017222935333848 0.0231073834002018 0.0249679442495108 0.0638044103980064 0.0641090050339699 0.0562007240951061 0.183458015322685 0.274929940700531 0.331066519021988 0.372747540473938 0.361799508333206 0.404501795768738 0.418874800205231 0.416623085737228 0.417356967926025 0.42346864938736 0.406074076890945 0.331108272075653 0.38365712761879
0.0132098747417331 0.0134966420009732 0.0144098987802863 0.0147695709019899 0.00918319076299667 0.00775799853727221 0.00753963086754084 0.00665819086134434 0.00579926138743758 0.005790073890239 0.00578571995720267 0.00621311599388719 0.00584229035302997 0.00668189767748117 0.00747006200253963 0.0101976376026869 0.00410647364333272 0.00766957877203822 0.00663101859390736 0.00786426663398743 0.0100925844162703 0.00928159430623055 0.0091693764552474 0.00953228864818811 0.0142179913818836 0.0186022259294987 0.0160283017903566 0.018647463992238 0.049073550850153 0.0455539561808109 0.0732127875089645 0.228152379393578 0.288895785808563 0.262329757213593 0.294012427330017 0.300859957933426 0.32215228676796 0.315040975809097 0.341737419366837 0.339857637882233 0.346968859434128 0.342072039842606 0.399888783693314 0.349575638771057 0.403830707073212
0.0108586112037301 0.0111309885978699 0.0130689768120646 0.0103231929242611 0.00777321262285113 0.00487311324104667 0.00448374962434173 0.0039942660368979 0.00357215735130012 0.00333813740871847 0.00354202929884195 0.00355481449514627 0.0041179284453392 0.004425716586411 0.00510576739907265 0.00766727235168219 0.00311686680652201 0.00390177126973867 0.00489744357764721 0.00572141353040934 0.00609265407547355 0.00749854510650039 0.00698192045092583 0.00765525829046965 0.00955395214259624 0.01116534601897 0.0147370835766196 0.0269122254103422 0.0355092957615852 0.0747286006808281 0.198005378246307 0.298844367265701 0.311949223279953 0.294971436262131 0.286973744630814 0.254462867975235 0.235640272498131 0.335292637348175 0.351620107889175 0.345226168632507 0.347857296466827 0.343997657299042 0.322703957557678 0.307156324386597 0.330206990242004
0.0118091255426407 0.0134810674935579 0.0119233448058367 0.00798490177839994 0.00507576391100883 0.00414210511371493 0.00339142233133316 0.0028038015589118 0.002525590127334 0.00243372400291264 0.00245872815139592 0.00265267351642251 0.00330778863281012 0.00389353185892105 0.00449646031484008 0.00335760158486664 0.00215195422060788 0.00999690219759941 0.0102209849283099 0.00511965155601501 0.00448468187823892 0.00450249062851071 0.00407634349539876 0.00491092214360833 0.00817033648490906 0.0161863416433334 0.0166953839361668 0.0269302260130644 0.134797841310501 0.271685510873795 0.272450774908066 0.269574761390686 0.239892080426216 0.198929235339165 0.142861723899841 0.169489905238152 0.164284974336624 0.265574127435684 0.274038076400757 0.268123060464859 0.248342916369438 0.244652420282364 0.145540252327919 0.240462198853493 0.204949572682381
0.00855453405529261 0.00945128314197063 0.00801961030811071 0.00569817703217268 0.00401882268488407 0.00294179329648614 0.00225454545579851 0.00146341207437217 0.00125933380331844 0.00125690235290676 0.00130632636137307 0.00148220686241984 0.00189377774950117 0.00258708815090358 0.002073775511235 0.00217484915629029 0.00150205742102116 0.00425642589107156 0.00696529820561409 0.00309785781428218 0.0026160900015384 0.00314199551939964 0.00285553885623813 0.00399437919259071 0.0097150756046176 0.02760817296803 0.125191360712051 0.0723098292946815 0.224917694926262 0.230093762278557 0.283574372529984 0.258505314588547 0.187685042619705 0.0909226983785629 0.138763353228569 0.132728025317192 0.15744361281395 0.136552304029465 0.133539006114006 0.0937270447611809 0.0893440023064613 0.133399546146393 0.23272280395031 0.253580272197723 0.257897973060608
0.0073309768922627 0.00693519786000252 0.00595311541110277 0.00458684796467423 0.0029081990942359 0.0015527110081166 0.00115209398791194 0.00090084271505475 0.000836205261293799 0.000840721419081092 0.000869668729137629 0.00102068658452481 0.00159408163744956 0.00114426657091826 0.00102736393455416 0.000918689416721463 0.000817373162135482 0.00218346691690385 0.00624021701514721 0.00229717022739351 0.002016831189394 0.00173775048460811 0.00237165298312902 0.00487369019538164 0.0208103582262993 0.0351513884961605 0.153564423322678 0.0661464408040047 0.177831888198853 0.210255190730095 0.213126942515373 0.138671517372131 0.0728032141923904 0.0711448267102242 0.0818859189748764 0.0750486627221107 0.0684866011142731 0.0932157561182976 0.10182499140501 0.112171076238155 0.242523446679115 0.260856419801712 0.266855895519257 0.245494872331619 0.0901527851819992
0.00457412470132113 0.00439477059990168 0.00473265582695603 0.00411950703710318 0.0017204734031111 0.00111939804628491 0.000770786602515727 0.000597323873080313 0.000514920568093657 0.000542247202247381 0.000563592708203942 0.000651515962090343 0.000730492582079023 0.000860243220813572 0.000771997030824423 0.00065596034983173 0.000656406278721988 0.00135308236349374 0.00253522163257003 0.00197941483929753 0.00149438658263534 0.00151477346662432 0.00141286256257445 0.00160152558237314 0.00233355816453695 0.010100151412189 0.0163351576775312 0.0366062000393867 0.128398090600967 0.216891244053841 0.149742722511292 0.144318237900734 0.0500697419047356 0.0608752258121967 0.0520614720880985 0.0648049414157867 0.0922520607709885 0.116543248295784 0.10206925868988 0.16809418797493 0.209821775555611 0.196852713823318 0.141092255711555 0.0855282694101334 0.0773549601435661
0.00352975772693753 0.00381863140501082 0.00306991348043084 0.00206009508110583 0.00123271520715207 0.000861442647874355 0.000552764744497836 0.000383065518690273 0.000333017174853012 0.000322901789331809 0.000358188437530771 0.000388492626370862 0.000502940092701465 0.00054250011453405 0.000485069293063134 0.000469299935502931 0.000662305043078959 0.00638859299942851 0.0568513013422489 0.0273132752627134 0.0140037015080452 0.119053237140179 0.0318237692117691 0.0173354372382164 0.0101695889607072 0.00762032065540552 0.0196730419993401 0.038494236767292 0.17820705473423 0.187295064330101 0.218231871724129 0.160301104187965 0.0564254447817802 0.0452233739197254 0.0595756322145462 0.0599408373236656 0.0979053229093552 0.0915801003575325 0.0815523415803909 0.0849396362900734 0.0948392748832703 0.100351929664612 0.193260952830315 0.181642681360245 0.179429173469543
0.00221356423571706 0.00167430739384145 0.00150153355207294 0.0013503577793017 0.000913421448785812 0.000637875928077847 0.000410128122894093 0.000286028429400176 0.000215628606383689 0.000161008269060403 0.00017706818471197 0.000257197534665465 0.00033814788912423 0.000402369332732633 0.000374523893697187 0.000409052561735734 0.000759348331484944 0.00654301047325134 0.0648889020085335 0.0340750142931938 0.0939227044582367 0.179858192801476 0.187192022800446 0.184776112437248 0.109767325222492 0.0971755087375641 0.131792813539505 0.159906163811684 0.167050004005432 0.187452375888824 0.157210752367973 0.149873778223991 0.0604001879692078 0.0376801528036594 0.0431468486785889 0.060827799141407 0.0672422349452972 0.083738774061203 0.0994648709893227 0.114761561155319 0.145940706133842 0.148779943585396 0.15522438287735 0.135200038552284 0.129233703017235
