data/climate_estimation/maxent_output/Smilax_cocculoides.asc
NCOLS 146 
NROWS 108 
XLLCORNER 102.5 
YLLCORNER 22.3333333333333 
CELLSIZE 0.0833333333333334 
NODATA_value -3.4e+38 
[rows 80 to 99 of 108, columns 88 to 131 of 146]
0.376041829586029 0.385850697755814 0.417269259691238 0.519270718097687 0.395462989807129 0.350766450166702 0.362503558397293 0.358281970024109 0.385232478380203 0.373300284147263 0.387847036123276 0.406432777643204 0.410443931818008 0.494397848844528 0.519682288169861 0.490037947893143 0.439188808202744 0.425702482461929 0.434398800134659 0.510861992835999 0.586860775947571 0.50313276052475 0.588021516799927 0.505802094936371 0.50030106306076 0.547749876976013 0.549790322780609 0.578064918518066 0.596806049346924 0.5815110206604 0.567761540412903 0.589121639728546 0.592355370521545 0.598595082759857 0.576573312282562 0.671182155609131 0.709765017032623 0.688719630241394 0.699444115161896 0.747778356075287 0.691701173782349 0.690276265144348 0.699260950088501 0.658120572566986
0.379057794809341 0.371605902910233 0.382722824811935 0.487802773714066 0.452634572982788 0.367655724287033 0.372560411691666 0.368937611579895 0.388103455305099 0.402947247028351 0.395714193582535 0.417061984539032 0.391448706388474 0.41578009724617 0.45897513628006 0.43620103597641 0.44184747338295 0.439498245716095 0.435693055391312 0.453270375728607 0.521315097808838 0.514593839645386 0.576702773571014 0.528984844684601 0.505024790763855 0.550156772136688 0.552924990653992 0.571663320064545 0.605448246002197 0.591044664382935 0.550373375415802 0.563191175460815 0.605852901935577 0.614615738391876 0.586463510990143 0.659748435020447 0.689952611923218 0.723354339599609 0.689703226089478 0.738824486732483 0.717003047466278 0.719635784626007 0.683282136917114 0.662962436676025
0.372462123632431 0.365220755338669 0.407327204942703 0.520738959312439 0.420075803995132 0.365453004837036 0.374886155128479 0.380044877529144 0.47614660859108 0.474880129098892 0.422416687011719 0.424406349658966 0.431712687015533 0.414891362190247 0.426880270242691 0.416329771280289 0.430336326360703 0.427118718624115 0.424536377191544 0.43345633149147 0.450288683176041 0.486038118600845 0.509745597839355 0.502692818641663 0.522869825363159 0.556763112545013 0.565664350986481 0.582930505275726 0.602338373661041 0.594788670539856 0.5884850025177 0.629795491695404 0.590023815631866 0.580399394035339 0.579844653606415 0.617746710777283 0.634981870651245 0.658147573471069 0.653132557868958 0.717716813087463 0.684404492378235 0.689637422561646 0.718800842761993 0.686273574829102
0.376702278852463 0.372206896543503 0.432347685098648 0.479579865932465 0.455953329801559 0.424821674823761 0.379196345806122 0.455279856920242 0.533934891223907 0.489529430866241 0.421318501234055 0.499421417713165 0.547043263912201 0.474780410528183 0.423590570688248 0.416759878396988 0.420347273349762 0.442340523004532 0.464103668928146 0.434354513883591 0.449278861284256 0.455627411603928 0.48702335357666 0.54801344871521 0.576906323432922 0.555896461009979 0.561282992362976 0.582082867622375 0.617782950401306 0.62702089548111 0.621120989322662 0.632359445095062 0.572991192340851 0.594218075275421 0.591203391551971 0.674659013748169 0.572640478610992 0.573620796203613 0.600600600242615 0.582176744937897 0.612324953079224 0.637098729610443 0.579840421676636 0.533229529857635
0.385504603385925 0.392662584781647 0.367603212594986 0.485736399888992 0.580348908901215 0.592896461486816 0.468107283115387 0.433827459812164 0.470678508281708 0.428647488355637 0.420465916395187 0.422946900129318 0.509702205657959 0.450983434915543 0.431270569562912 0.483150780200958 0.448861211538315 0.466665297746658 0.490344285964966 0.486983716487885 0.50729364156723 0.490318566560745 0.485942989587784 0.537017226219177 0.609253108501434 0.608695209026337 0.611850082874298 0.575613141059875 0.598491013050079 0.640523552894592 0.634121179580688 0.61220395565033 0.559605896472931 0.549813747406006 0.628593146800995 0.633873999118805 0.626332223415375 0.57471752166748 0.57038140296936 0.546071648597717 0.574466586112976 0.598960399627686 0.534731388092041 0.540112018585205
0.385430991649628 0.390986740589142 0.409096479415894 0.565052926540375 0.585461139678955 0.575190424919128 0.489527940750122 0.420811623334885 0.422575950622559 0.457301646471024 0.434682726860046 0.425751686096191 0.394921958446503 0.405110865831375 0.507431149482727 0.537632346153259 0.443273693323135 0.432215392589569 0.524989008903503 0.589384496212006 0.593887865543365 0.50449275970459 0.446749866008759 0.531644940376282 0.584583222866058 0.57891458272934 0.588804543018341 0.530497789382935 0.585722088813782 0.634886860847473 0.616848766803741 0.620301425457001 0.573962509632111 0.593635022640228 0.590332269668579 0.616963267326355 0.545684039592743 0.606067180633545 0.564479529857635 0.569540321826935 0.597449243068695 0.620283961296082 0.574692726135254 0.548763573169708
0.388964951038361 0.382515966892242 0.428052484989166 0.569473087787628 0.591561436653137 0.58310329914093 0.470684409141541 0.425471246242523 0.412853837013245 0.418529272079468 0.42667955160141 0.413225114345551 0.454101592302322 0.506441473960876 0.434036582708359 0.493816167116165 0.470819056034088 0.519701838493347 0.538678467273712 0.552098155021667 0.499655902385712 0.57023674249649 0.4918172955513 0.494613260030746 0.55654376745224 0.528672754764557 0.529011487960815 0.503823041915894 0.522778689861298 0.562832891941071 0.564878582954407 0.610384166240692 0.613838136196136 0.617226481437683 0.587441205978394 0.522589385509491 0.565446734428406 0.555326700210571 0.590647280216217 0.576641917228699 0.593149363994598 0.604243338108063 0.568490624427795 0.589269936084747
0.408795386552811 0.387604475021362 0.442554473876953 0.510755181312561 0.537633538246155 0.47174671292305 0.426640599966049 0.434328556060791 0.426182568073273 0.393211454153061 0.420974135398865 0.408873975276947 0.400712996721268 0.452631145715714 0.428058475255966 0.446630299091339 0.472301334142685 0.522860050201416 0.490560948848724 0.490473091602325 0.441805988550186 0.472231984138489 0.430935442447662 0.485913336277008 0.516242623329163 0.476593852043152 0.460607409477234 0.47133868932724 0.480825662612915 0.512229442596436 0.543249726295471 0.593268394470215 0.61521703004837 0.596574008464813 0.60623574256897 0.548460066318512 0.543294608592987 0.577867746353149 0.573248386383057 0.57555627822876 0.58246511220932 0.54786080121994 0.577926576137543 0.590963363647461
0.428169935941696 0.405602663755417 0.507483422756195 0.547618448734283 0.476305335760117 0.400523006916046 0.394044190645218 0.415467411279678 0.402550309896469 0.388064503669739 0.399957656860352 0.423624783754349 0.399506896734238 0.397190928459167 0.429100930690765 0.433360874652863 0.578180074691772 0.582951188087463 0.471374154090881 0.444175809621811 0.407423079013824 0.462809532880783 0.422821670770645 0.458791106939316 0.468364894390106 0.470070451498032 0.460591465234756 0.46935373544693 0.46174556016922 0.475095868110657 0.496945887804031 0.610166966915131 0.632696449756622 0.6075319647789 0.615524768829346 0.563975036144257 0.481553584337234 0.572710156440735 0.579572081565857 0.587506771087646 0.52270519733429 0.498522400856018 0.572386860847473 0.581369817256927
0.469116777181625 0.469578713178635 0.48355633020401 0.529240727424622 0.43400377035141 0.366909444332123 0.340936988592148 0.354715287685394 0.37433597445488 0.379843503236771 0.41159263253212 0.403468370437622 0.399299472570419 0.383114278316498 0.377483278512955 0.456432044506073 0.581341624259949 0.533639848232269 0.450347870588303 0.421239256858826 0.413296073675156 0.476656198501587 0.457272112369537 0.436648726463318 0.451718896627426 0.576195895671844 0.444942057132721 0.430272221565247 0.467828363180161 0.465270042419434 0.520666122436523 0.527921378612518 0.547220647335052 0.578618168830872 0.560039639472961 0.503390431404114 0.484166622161865 0.499851793050766 0.54838228225708 0.559101104736328 0.524643063545227 0.506778955459595 0.565554976463318 0.493075311183929
0.483731001615524 0.509613037109375 0.448970645666122 0.414456069469452 0.342999517917633 0.395969271659851 0.346770942211151 0.340853482484818 0.340755075216293 0.342345893383026 0.375338017940521 0.38670939207077 0.410680294036865 0.355846464633942 0.368117034435272 0.387589752674103 0.50603836774826 0.510759890079498 0.434567511081696 0.4060218334198 0.388975828886032 0.45027095079422 0.438405245542526 0.412206739187241 0.445476353168488 0.493393659591675 0.527698159217834 0.494422256946564 0.478585839271545 0.456114828586578 0.459650009870529 0.491067200899124 0.540246367454529 0.540372788906097 0.547151505947113 0.538736522197723 0.485433995723724 0.542603671550751 0.575357854366302 0.490100055932999 0.461636602878571 0.450949102640152 0.46037894487381 0.472624897956848
0.489555388689041 0.453914254903793 0.375406712293625 0.34822490811348 0.374727338552475 0.315295815467834 0.336497396230698 0.348926216363907 0.352366328239441 0.31552666425705 0.341744184494019 0.371988564729691 0.412275463342667 0.39815479516983 0.360566347837448 0.336908429861069 0.470697820186615 0.48575347661972 0.420544177293777 0.411884784698486 0.402986198663712 0.432988196611404 0.429047763347626 0.417428612709045 0.473545789718628 0.465868085622787 0.488083809614182 0.497645020484924 0.497758060693741 0.454753637313843 0.48570442199707 0.478046804666519 0.541333973407745 0.51421844959259 0.544323980808258 0.559455037117004 0.454423725605011 0.419213175773621 0.410584032535553 0.420048177242279 0.450196504592896 0.42986786365509 0.441609174013138 0.454272001981735
0.387095272541046 0.378329038619995 0.328869491815567 0.279225558042526 0.282238781452179 0.267200380563736 0.266549855470657 0.331126421689987 0.344529718160629 0.329795032739639 0.329387456178665 0.360981523990631 0.402248740196228 0.418179392814636 0.370786517858505 0.301915436983109 0.317285776138306 0.268741637468338 0.310070902109146 0.430828541517258 0.43009752035141 0.459665954113007 0.401407480239868 0.42960923910141 0.494221836328506 0.516007006168365 0.459039688110352 0.474427253007889 0.521572649478912 0.45454603433609 0.435751408338547 0.459921389818192 0.516768276691437 0.51292097568512 0.452290952205658 0.406823933124542 0.370069712400436 0.391245394945145 0.38167017698288 0.394501358270645 0.429128527641296 0.478580385446548 0.443971961736679 0.429892897605896
0.399234265089035 0.441025853157043 0.300723493099213 0.236577719449997 0.238445863127708 0.255389750003815 0.251181930303574 0.271381616592407 0.295761257410049 0.305418461561203 0.325018227100372 0.326710999011993 0.384227603673935 0.375068306922913 0.361082226037979 0.338709056377411 0.286189466714859 0.298405915498734 0.3404401242733 0.43675896525383 0.420294791460037 0.424382209777832 0.414205074310303 0.419042468070984 0.514338910579681 0.565017521381378 0.496261298656464 0.490344643592834 0.502416431903839 0.520576536655426 0.443672269582748 0.437814295291901 0.445573180913925 0.424367964267731 0.373799383640289 0.417390167713165 0.380942016839981 0.356172829866409 0.378514885902405 0.401189744472504 0.452506273984909 0.424884647130966 0.431136965751648 0.396566540002823
0.353148132562637 0.319547832012177 0.222539275884628 0.220731258392334 0.232464864850044 0.265010297298431 0.264013141393661 0.268043905496597 0.273396104574203 0.31407219171524 0.297606885433197 0.325635135173798 0.332007646560669 0.34779155254364 0.340452253818512 0.330708205699921 0.29831525683403 0.326206058263779 0.374273329973221 0.377440363168716 0.410734087228775 0.441866725683212 0.468567192554474 0.489239573478699 0.516019821166992 0.512803196907043 0.497856140136719 0.462709963321686 0.520001947879791 0.508545815944672 0.430268734693527 0.39958518743515 0.41107189655304 0.378767013549805 0.340101420879364 0.353791385889053 0.350601077079773 0.324105620384216 0.351584523916245 0.348096877336502 0.358319699764252 0.374741435050964 0.373991042375565 0.394113004207611
0.296402603387833 0.253363579511642 0.269937008619308 0.202957153320312 0.230304598808289 0.249322891235352 0.26201730966568 0.266565144062042 0.297446757555008 0.322361767292023 0.339116841554642 0.329056560993195 0.336626440286636 0.337970107793808 0.337395906448364 0.314154922962189 0.309983283281326 0.297958135604858 0.407346129417419 0.409114181995392 0.385291546583176 0.436974704265594 0.466600328683853 0.499820917844772 0.494497567415237 0.502890825271606 0.459357976913452 0.416184902191162 0.466288477182388 0.444293707609177 0.43397182226181 0.408055990934372 0.356655776500702 0.328949868679047 0.320113778114319 0.335222512483597 0.294223725795746 0.308572202920914 0.300506055355072 0.323192626237869 0.315871179103851 0.333807468414307 0.352830529212952 0.358939915895462
0.223638504743576 0.178480252623558 0.171269223093987 0.192716777324677 0.231504634022713 0.248419970273972 0.268160372972488 0.278124868869781 0.307313442230225 0.325368046760559 0.33627924323082 0.335710287094116 0.330799102783203 0.364724606275558 0.34695103764534 0.34758049249649 0.363923490047455 0.336905688047409 0.396415799856186 0.377520203590393 0.377094477415085 0.405534654855728 0.432923257350922 0.426185190677643 0.406341701745987 0.425763666629791 0.443047672510147 0.386421531438828 0.408394992351532 0.404044896364212 0.394885450601578 0.444151103496552 0.395515769720078 0.378215491771698 0.296166449785233 0.264326065778732 0.264320194721222 0.254654228687286 0.27007931470871 0.276265352964401 0.292943388223648 0.310002058744431 0.336261123418808 0.378972798585892
0.210469275712967 0.192412674427032 0.188488304615021 0.200862720608711 0.258519142866135 0.267734795808792 0.270323723554611 0.298640102148056 0.309684425592422 0.335980504751205 0.326743513345718 0.329445332288742 0.338012456893921 0.378298431634903 0.371527403593063 0.35503426194191 0.374570697546005 0.365359514951706 0.402164131402969 0.376104563474655 0.350546717643738 0.366458594799042 0.375331401824951 0.369692325592041 0.385956943035126 0.446655601263046 0.431793242692947 0.369467377662659 0.398017406463623 0.350720047950745 0.358449935913086 0.377939909696579 0.355980932712555 0.274373143911362 0.257837414741516 0.236172541975975 0.229528084397316 0.229851111769676 0.234855636954308 0.247923418879509 0.262616515159607 0.30328232049942 0.329341650009155 0.329570889472961
0.231219694018364 0.217509791254997 0.205922767519951 0.237296253442764 0.267257153987885 0.276688396930695 0.283266246318817 0.29416412115097 0.304268151521683 0.32714769244194 0.312859088182449 0.3448646068573 0.353792309761047 0.345323950052261 0.405058145523071 0.394959330558777 0.37874162197113 0.363836973905563 0.372397929430008 0.363268673419952 0.384022831916809 0.405557543039322 0.414241999387741 0.358251512050629 0.376841932535172 0.368389278650284 0.368525505065918 0.368370532989502 0.368107736110687 0.366521686315536 0.357720941305161 0.362518638372421 0.329492449760437 0.332285344600677 0.264945417642593 0.217368736863136 0.198644742369652 0.209407866001129 0.216398566961288 0.21667268872261 0.234862416982651 0.264240086078644 0.280150800943375 0.288793057203293
0.239492148160934 0.241714179515839 0.248211190104485 0.276227295398712 0.292041480541229 0.322322338819504 0.310416728258133 0.325614511966705 0.360895305871964 0.321054250001907 0.3447185754776 0.354882389307022 0.329459339380264 0.354590207338333 0.327889978885651 0.424612611532211 0.409750014543533 0.361114025115967 0.379071921110153 0.391414642333984 0.42055070400238 0.410304456949234 0.380534142255783 0.37481951713562 0.415750622749329 0.356392532587051 0.356458306312561 0.348163247108459 0.356085598468781 0.347292512655258 0.323433011770248 0.296937018632889 0.280798256397247 0.280181795358658 0.217338278889656 0.192055732011795 0.197871044278145 0.198234885931015 0.215507641434669 0.222186103463173 0.222170442342758 0.233460411429405 0.255384355783463 0.273357182741165
