data/climate_estimation/maxent_output/Smilax_chapaensis.asc
NCOLS 177 
NROWS 114 
XLLCORNER 96.6666666666667 
YLLCORNER 21.75 
CELLSIZE 0.0833333333333333 
NODATA_value -3.4e+38 
[rows 20 to 39 of 114, columns 44 to 87 of 177]
0.00624329131096601 0.00945331528782845 0.00814853329211473 0.0108626196160913 0.0111803598701954 0.0141372159123421 0.0150995701551437 0.0187681876122952 0.0188051648437977 0.0147792045027018 0.0266425684094429 0.0241821985691786 0.02683418802917 0.0369522534310818 0.0442920215427876 0.0635955408215523 0.0746929049491882 0.0778827518224716 0.060578428208828 0.120423473417759 0.154543086886406 0.0901017338037491 0.147374555468559 0.252810269594193 0.252036154270172 0.226909309625626 0.302021026611328 0.374173313379288 0.92215096950531 0.927455246448517 0.991705894470215 0.976959645748138 0.995777130126953 0.99701189994812 0.997913718223572 0.996538043022156 0.996274411678314 0.983681321144104 0.986879944801331 0.99212121963501 0.994202733039856 0.994659423828125 0.995351672172546 0.996214807033539
0.00624954560771585 0.0075964187271893 0.00916972663253546 0.0110893482342362 0.011843585409224 0.0154118249192834 0.0181548204272985 0.0177686680108309 0.0191340167075396 0.017400735989213 0.0263808686286211 0.0268921349197626 0.0356142818927765 0.0462074913084507 0.048181988298893 0.0526967719197273 0.0739887431263924 0.0765677988529205 0.0944582968950272 0.150977551937103 0.172975093126297 0.109657891094685 0.122568398714066 0.185224995017052 0.33902382850647 0.391691893339157 0.382328420877457 0.275756478309631 0.798486232757568 0.978876829147339 0.987242817878723 0.988888204097748 0.994075119495392 0.99512255191803 0.997698307037354 0.997921764850616 0.99591588973999 0.994595587253571 0.99307644367218 0.993330717086792 0.994928121566772 0.995736122131348 0.99563193321228 0.996329009532928
0.00735718524083495 0.00898742862045765 0.0115102836862206 0.0127334045246243 0.0135038243606687 0.0130772376433015 0.0154895586892962 0.0165896844118834 0.0167575441300869 0.0186413899064064 0.0280761662870646 0.0295905023813248 0.0389970615506172 0.0453446544706821 0.0509797446429729 0.0743219554424286 0.092775747179985 0.112336322665215 0.108053512871265 0.113984413444996 0.102847009897232 0.112827591598034 0.127904817461967 0.138969749212265 0.350637078285217 0.350060313940048 0.390503853559494 0.227775037288666 0.389933615922928 0.949268996715546 0.989982903003693 0.994350016117096 0.996252059936523 0.995615303516388 0.998442530632019 0.997751891613007 0.99783730506897 0.997946619987488 0.995817959308624 0.995312213897705 0.995951652526855 0.996243357658386 0.99651426076889 0.996866047382355
0.00732067413628101 0.00969014037400484 0.0100863557308912 0.0135340793058276 0.0125868786126375 0.0149739207699895 0.0211520604789257 0.018220566213131 0.0179432015866041 0.0269562397152185 0.0297151636332273 0.0335504710674286 0.0377736017107964 0.0492023527622223 0.0556664578616619 0.0704207420349121 0.101823262870312 0.104284599423409 0.116086147725582 0.141358688473701 0.219292879104614 0.240463376045227 0.123589493334293 0.103096410632133 0.22296904027462 0.159761160612106 0.189673691987991 0.199578016996384 0.34734919667244 0.419236838817596 0.786441683769226 0.996585965156555 0.980104446411133 0.982200860977173 0.996716618537903 0.997733294963837 0.997490644454956 0.99747496843338 0.997077286243439 0.996736764907837 0.996822357177734 0.99673193693161 0.997429728507996 0.997330129146576
0.0095471004024148 0.00858098734170198 0.0115006351843476 0.0115170776844025 0.0151596609503031 0.0159130599349737 0.0162611100822687 0.0190769769251347 0.0201907977461815 0.0289615951478481 0.0315952859818935 0.0355421118438244 0.0430525504052639 0.0606074258685112 0.0644645467400551 0.0786200016736984 0.0841061845421791 0.146500244736671 0.133305236697197 0.151789397001266 0.154299914836884 0.152304828166962 0.140191361308098 0.132159322500229 0.148153275251389 0.295549511909485 0.410193353891373 0.49168473482132 0.665885031223297 0.540689408779144 0.609040081501007 0.97440105676651 0.929500341415405 0.976002871990204 0.980912685394287 0.997365653514862 0.998977601528168 0.999030292034149 0.9982950091362 0.998025000095367 0.997614800930023 0.997473895549774 0.997657835483551 0.997960329055786
0.0102096470072865 0.0115876346826553 0.0121281342580914 0.0149074997752905 0.0143157429993153 0.0221474580466747 0.0247136130928993 0.0244762692600489 0.0237165968865156 0.0239286068826914 0.033507663756609 0.0444994084537029 0.0447227098047733 0.0644250735640526 0.0734937861561775 0.0885619297623634 0.107017271220684 0.122116774320602 0.164068937301636 0.176818057894707 0.172799214720726 0.171850726008415 0.307917028665543 0.23273678123951 0.238069847226143 0.439518243074417 0.532889902591705 0.680008888244629 0.721523940563202 0.792202889919281 0.650060713291168 0.975372791290283 0.946196019649506 0.969009041786194 0.972071349620819 0.996268510818481 0.993698596954346 0.998771011829376 0.998910844326019 0.998485088348389 0.998104095458984 0.998392045497894 0.998167872428894 0.998038649559021
0.0106807379052043 0.0103721208870411 0.0125841731205583 0.0177258737385273 0.0165442042052746 0.0238209571689367 0.0200775843113661 0.0246075857430696 0.0341992191970348 0.0257638432085514 0.0411806404590607 0.0566678382456303 0.0652422234416008 0.0535871498286724 0.0846640169620514 0.107654690742493 0.103589028120041 0.143194973468781 0.203811854124069 0.197395071387291 0.165376782417297 0.265102058649063 0.44287782907486 0.299109011888504 0.313915550708771 0.577829897403717 0.53351241350174 0.428685545921326 0.275295376777649 0.44426566362381 0.963626742362976 0.986024737358093 0.975308656692505 0.956538558006287 0.989642381668091 0.993399500846863 0.997383177280426 0.998430907726288 0.998394548892975 0.998735249042511 0.998579323291779 0.998456954956055 0.998237609863281 0.998055398464203
0.0119657516479492 0.0121116060763597 0.0134580694139004 0.0197004172950983 0.0206655506044626 0.0193775594234467 0.0236468259245157 0.0289519615471363 0.0320287309587002 0.0304683335125446 0.0324947647750378 0.0565256662666798 0.0650342404842377 0.0788758173584938 0.063343271613121 0.112598307430744 0.125774204730988 0.172581717371941 0.180442541837692 0.210941195487976 0.328312426805496 0.373353481292725 0.400037318468094 0.282981902360916 0.612044274806976 0.742897152900696 0.779504418373108 0.507379531860352 0.247145593166351 0.283632576465607 0.984878540039062 0.945909857749939 0.99408084154129 0.994209110736847 0.995307147502899 0.989633798599243 0.998181223869324 0.995971441268921 0.998294591903687 0.9981529712677 0.99826055765152 0.99733167886734 0.998005747795105 0.998035550117493
0.0127709778025746 0.0145272416993976 0.0167114678770304 0.0211005732417107 0.0228375885635614 0.0216218363493681 0.0258590131998062 0.034747987985611 0.0418827384710312 0.0334718488156796 0.0347636789083481 0.066181056201458 0.0589993484318256 0.0779214277863503 0.0713295191526413 0.113184243440628 0.14978714287281 0.187827855348587 0.196351498365402 0.229769483208656 0.338330209255219 0.406346648931503 0.390628844499588 0.381022363901138 0.652933180332184 0.593989849090576 0.552060604095459 0.433675974607468 0.396702200174332 0.380831032991409 0.955523550510406 0.982641696929932 0.949694395065308 0.994443714618683 0.993120491504669 0.984355449676514 0.946388900279999 0.984163403511047 0.995937347412109 0.989215075969696 0.98917156457901 0.985922038555145 0.99047577381134 0.99651575088501
0.014666766859591 0.0165459271520376 0.0208785515278578 0.0230568572878838 0.0228187181055546 0.0269612222909927 0.0287827290594578 0.0301255788654089 0.0450913906097412 0.0330973081290722 0.0576269328594208 0.0595908984541893 0.0793945044279099 0.0869120508432388 0.119882434606552 0.118170447647572 0.140452474355698 0.146014660596848 0.219823375344276 0.25324535369873 0.253567337989807 0.26056432723999 0.275969266891479 0.369441479444504 0.601958036422729 0.660349488258362 0.349861174821854 0.537237763404846 0.848103046417236 0.797291576862335 0.927051782608032 0.972248911857605 0.989822030067444 0.984004557132721 0.980798006057739 0.959309041500092 0.906736373901367 0.911379039287567 0.978580057621002 0.963555872440338 0.963877260684967 0.969857156276703 0.970624029636383 0.967832684516907
0.0177103392779827 0.0171216428279877 0.0218456033617258 0.0225987583398819 0.0244851727038622 0.0282504633069038 0.0311135873198509 0.0339350290596485 0.0460756197571754 0.054285891354084 0.037391260266304 0.082062155008316 0.0813056975603104 0.10948857665062 0.120947510004044 0.0910518765449524 0.0946576669812202 0.1686782091856 0.175290569663048 0.184759810566902 0.395969837903976 0.26122459769249 0.19723579287529 0.420697927474976 0.443362057209015 0.426466435194016 0.2818543612957 0.563069045543671 0.934246718883514 0.868853449821472 0.952052891254425 0.943715512752533 0.988647103309631 0.989581644535065 0.995392858982086 0.990160942077637 0.941134035587311 0.855886340141296 0.941797316074371 0.922011017799377 0.929137706756592 0.940753579139709 0.963251650333405 0.928778409957886
0.0201090686023235 0.0221012718975544 0.0270860735327005 0.0319903641939163 0.0322777554392815 0.0289183128625154 0.034468550235033 0.0447924509644508 0.0457100346684456 0.0598468780517578 0.0411730855703354 0.0942804589867592 0.0904269516468048 0.102908566594124 0.119346350431442 0.0978369638323784 0.0906898826360703 0.155219912528992 0.127172693610191 0.1608527302742 0.322769433259964 0.210955545306206 0.195712551474571 0.490412473678589 0.593761444091797 0.364176094532013 0.339958906173706 0.48891082406044 0.920631289482117 0.926294803619385 0.913394033908844 0.950667560100555 0.980112552642822 0.988016128540039 0.952075481414795 0.984857976436615 0.835351705551147 0.754037380218506 0.807724952697754 0.832998335361481 0.860833764076233 0.864240407943726 0.94145268201828 0.950306832790375
0.0223151370882988 0.0315292701125145 0.0381151810288429 0.0295063406229019 0.0389977246522903 0.0380977392196655 0.0372277237474918 0.0540616996586323 0.0530963540077209 0.0657064840197563 0.0491777546703815 0.0808760449290276 0.0960462018847466 0.0937898680567741 0.147598549723625 0.154490411281586 0.104157172143459 0.145671546459198 0.154657289385796 0.185011431574821 0.192146196961403 0.139636725187302 0.199848622083664 0.537028610706329 0.671973526477814 0.330682098865509 0.38462707400322 0.4950110912323 0.866912186145782 0.938702881336212 0.940911054611206 0.953349173069 0.957146167755127 0.986401796340942 0.96752142906189 0.992653131484985 0.682445347309113 0.642795085906982 0.652675569057465 0.733740389347076 0.7805095911026 0.85236257314682 0.797911584377289 0.868197739124298
0.0284203141927719 0.0297692883759737 0.0292427781969309 0.0343343280255795 0.0368352793157101 0.0441877208650112 0.0421929359436035 0.0625268369913101 0.0623250529170036 0.0703368335962296 0.0788000896573067 0.087846614420414 0.130529627203941 0.128295913338661 0.110093012452126 0.178499758243561 0.11409904807806 0.18764565885067 0.141788005828857 0.330332040786743 0.160398006439209 0.196010276675224 0.214237213134766 0.560563385486603 0.569418370723724 0.480319857597351 0.417281627655029 0.496272891759872 0.635898232460022 0.944034934043884 0.944298088550568 0.745657026767731 0.897053241729736 0.888328075408936 0.965149879455566 0.971627593040466 0.866635203361511 0.662986218929291 0.585589051246643 0.741749584674835 0.677948236465454 0.723687350749969 0.700087785720825 0.699503064155579
0.022570077329874 0.0336631909012794 0.0408533103764057 0.0396426431834698 0.0497872196137905 0.051088772714138 0.0446773208677769 0.0635945722460747 0.0835209116339684 0.0995623245835304 0.0846543982625008 0.0863151028752327 0.104293473064899 0.15086817741394 0.12512543797493 0.10819436609745 0.121711738407612 0.221810355782509 0.15186470746994 0.22887896001339 0.188803166151047 0.241850137710571 0.19599486887455 0.276089608669281 0.451367497444153 0.529296100139618 0.697776854038239 0.526444554328918 0.626593887805939 0.874630033969879 0.874685883522034 0.606555819511414 0.605332374572754 0.757011592388153 0.98543518781662 0.944620430469513 0.895837187767029 0.566370248794556 0.617953479290009 0.887729227542877 0.771305799484253 0.585498154163361 0.714948117733002 0.636891484260559
0.033713486045599 0.036788884550333 0.0429013408720493 0.0417880490422249 0.0605392530560493 0.0584975257515907 0.0493921115994453 0.0731880366802216 0.071911059319973 0.0817433595657349 0.12510858476162 0.135948032140732 0.101020134985447 0.16087119281292 0.185410961508751 0.101568728685379 0.228863880038261 0.232715263962746 0.154245883226395 0.229412645101547 0.194185212254524 0.2054273635149 0.209536418318748 0.463092058897018 0.390683829784393 0.37590017914772 0.681093871593475 0.629767179489136 0.848909497261047 0.83226865530014 0.827936589717865 0.514384925365448 0.534021854400635 0.838415622711182 0.974445462226868 0.989312648773193 0.511461079120636 0.687047004699707 0.753107070922852 0.482143461704254 0.595841705799103 0.626985311508179 0.654399037361145 0.625916600227356
0.0364322848618031 0.0450945980846882 0.0581546686589718 0.0657295808196068 0.0601517409086227 0.0609722547233105 0.0801881402730942 0.0836607664823532 0.0861707180738449 0.0951338261365891 0.103630892932415 0.145845606923103 0.113225691020489 0.181090131402016 0.144724205136299 0.126706182956696 0.244822144508362 0.192831128835678 0.186169356107712 0.246671572327614 0.168829247355461 0.203225031495094 0.267381489276886 0.597899079322815 0.567445695400238 0.48962613940239 0.422077506780624 0.688379943370819 0.865965068340302 0.729682683944702 0.801616370677948 0.581796288490295 0.647866725921631 0.98221081495285 0.952150821685791 0.989932358264923 0.630795538425446 0.347880601882935 0.487068831920624 0.470537900924683 0.570257961750031 0.550933659076691 0.598983347415924 0.589916944503784
0.0443486347794533 0.0632817521691322 0.0702627971768379 0.0686372667551041 0.0663576349616051 0.0755220949649811 0.0810607820749283 0.0873651430010796 0.0977116301655769 0.104619354009628 0.110069617629051 0.164274573326111 0.127561256289482 0.135588094592094 0.13623420894146 0.210666701197624 0.239289849996567 0.205158323049545 0.387200534343719 0.371783554553986 0.200040921568871 0.25441038608551 0.245709016919136 0.32591512799263 0.600956976413727 0.539162874221802 0.619894206523895 0.852388978004456 0.861630320549011 0.867515504360199 0.675495982170105 0.549911081790924 0.270399391651154 0.413913518190384 0.357880830764771 0.805265784263611 0.588278353214264 0.371296852827072 0.457585483789444 0.649176418781281 0.663880228996277 0.749709904193878 0.532302856445312 0.472696214914322
0.0659416317939758 0.0678376778960228 0.0777538642287254 0.0831415206193924 0.0911972299218178 0.0782139152288437 0.0861449912190437 0.0918286666274071 0.106004156172276 0.114218667149544 0.123449198901653 0.182156294584274 0.151843786239624 0.127627298235893 0.120273374021053 0.253609120845795 0.221122816205025 0.184106335043907 0.278820961713791 0.387845814228058 0.287216782569885 0.21919059753418 0.251731038093567 0.47898468375206 0.557208001613617 0.544984698295593 0.752847790718079 0.746139466762543 0.680291056632996 0.823613405227661 0.368785589933395 0.491402596235275 0.571325719356537 0.89976042509079 0.776312470436096 0.312226861715317 0.279163122177124 0.340910464525223 0.399370223283768 0.782116711139679 0.634907066822052 0.507822036743164 0.404884248971939 0.462900549173355
0.078672006726265 0.0807784795761108 0.081369660794735 0.0806549489498138 0.0854697301983833 0.0958951115608215 0.0948177129030228 0.11092883348465 0.104996219277382 0.126445323228836 0.136720836162567 0.139357417821884 0.221253335475922 0.171794041991234 0.174761012196541 0.278012454509735 0.300067156553268 0.23251211643219 0.221606582403183 0.429059147834778 0.379859149456024 0.22626605629921 0.236405700445175 0.303598403930664 0.482405960559845 0.745920658111572 0.725678980350494 0.726932942867279 0.534187793731689 0.517435908317566 0.454254388809204 0.801306366920471 0.891518831253052 0.926839590072632 0.86632227897644 0.735480546951294 0.353437960147858 0.341343909502029 0.328032642602921 0.382957398891449 0.597212076187134 0.484379231929779 0.367460966110229 0.439718008041382
