data/climate_estimation/maxent_output/Smilax_glabra.asc
NCOLS 295 
NROWS 270 
XLLCORNER 97.75 
YLLCORNER 11 
CELLSIZE 0.0833333333333333 
NODATA_value -3.4e+38 
[rows 147 to 167 of 270, columns 0 to 48 of 295]
0.172943621873856 0.178460240364075 0.182543367147446 0.172147259116173 0.216426357626915 0.208944842219353 0.218594759702682 0.195192903280258 0.178261741995811 0.236689016222954 0.239754170179367 0.215456500649452 0.261281281709671 0.264545261859894 0.282687276601791 0.252780944108963 0.281546264886856 0.312601536512375 0.294460028409958 0.287123024463654 0.36876192688942 0.36065012216568 0.277811020612717 0.351013600826263 0.441942095756531 0.425779849290848 0.407001197338104 0.387018293142319 0.405513107776642 0.420113772153854 0.391192138195038 0.387307852506638 0.384535282850266 0.418073564767838 0.376323968172073 0.350208014249802 0.324269741773605 0.292677134275436 0.367417186498642 0.369595110416412 0.41671234369278 0.425527274608612 0.440786421298981 0.417052954435349 0.520683944225311 0.526350259780884 0.453330248594284 0.530688166618347 0.41350582242012
0.166137337684631 0.167328476905823 0.157149136066437 0.151851266622543 0.204092442989349 0.203124284744263 0.196102783083916 0.188224047422409 0.152365908026695 0.216420620679855 0.229657202959061 0.172884956002235 0.256365448236465 0.25251629948616 0.243118152022362 0.247021496295929 0.256210595369339 0.294956803321838 0.288895606994629 0.279375284910202 0.346458613872528 0.372315317392349 0.331275910139084 0.334453642368317 0.363050490617752 0.420444369316101 0.399004071950912 0.388415783643723 0.370516896247864 0.346369862556458 0.334466278553009 0.335864126682281 0.348294764757156 0.328396618366241 0.338086545467377 0.387122541666031 0.310824602842331 0.291812121868134 0.304924815893173 0.245466068387032 0.32051557302475 0.336495995521545 0.348169356584549 0.437778234481812 0.493740111589432 0.505062222480774 0.480695188045502 0.43173411488533 0.408806025981903
0.154276415705681 0.156493648886681 0.1473388671875 0.184369832277298 0.192177787423134 0.195678129792213 0.180457755923271 0.165404230356216 0.127118557691574 0.210119113326073 0.200722053647041 0.204091116786003 0.23574586212635 0.236452266573906 0.236368253827095 0.270037829875946 0.272575885057449 0.295491963624954 0.287442743778229 0.321018815040588 0.329382300376892 0.363074272871017 0.372641444206238 0.341742962598801 0.369365930557251 0.369359642267227 0.374109923839569 0.353419274091721 0.327167212963104 0.335267871618271 0.305993884801865 0.298143297433853 0.288988769054413 0.328084737062454 0.369154423475266 0.328746765851974 0.303507179021835 0.311821967363358 0.303822249174118 0.269329756498337 0.2815802693367 0.31425553560257 0.326256692409515 0.468919187784195 0.478263974189758 0.475582510232925 0.498588442802429 0.414906084537506 0.44186007976532
0.14038348197937 0.139809653162956 0.136941358447075 0.130192086100578 0.176822513341904 0.17812280356884 0.166827023029327 0.16431537270546 0.14494988322258 0.157679244875908 0.142702087759972 0.197165489196777 0.232141315937042 0.242693841457367 0.25017175078392 0.262406826019287 0.261139512062073 0.270566910505295 0.287083357572556 0.306621193885803 0.318802028894424 0.325090110301971 0.355076730251312 0.359721928834915 0.354660362005234 0.326937586069107 0.317969679832458 0.309875756502151 0.315520495176315 0.321911126375198 0.308229923248291 0.310874253511429 0.305354654788971 0.352525502443314 0.351726979017258 0.332919150590897 0.309378921985626 0.290234059095383 0.271729022264481 0.266729325056076 0.303669720888138 0.276812642812729 0.354374021291733 0.459084689617157 0.471826195716858 0.398296862840652 0.406355887651443 0.472093731164932 0.441143989562988
0.129804074764252 0.127274960279465 0.12601763010025 0.12598904967308 0.122024521231651 0.165478080511093 0.156080961227417 0.155793413519859 0.159969910979271 0.151928156614304 0.197137489914894 0.194579169154167 0.190960764884949 0.256215959787369 0.24914675951004 0.262676924467087 0.264962732791901 0.287818014621735 0.299415051937103 0.322378069162369 0.301174402236938 0.314352214336395 0.338088095188141 0.332919895648956 0.321371525526047 0.326548129320145 0.281320214271545 0.317971289157867 0.287541180849075 0.286079496145248 0.288254350423813 0.293954312801361 0.344805300235748 0.351452052593231 0.319048583507538 0.32036828994751 0.281952947378159 0.281446695327759 0.29173219203949 0.260775715112686 0.296902924776077 0.292690515518188 0.299100339412689 0.392432451248169 0.428006887435913 0.441164255142212 0.386120557785034 0.449237078428268 0.435571700334549
0.11864397674799 0.121988333761692 0.113352194428444 0.115965515375137 0.113444700837135 0.154057055711746 0.149272814393044 0.148545831441879 0.147684365510941 0.145576670765877 0.184223547577858 0.227565675973892 0.233739286661148 0.255042910575867 0.252025574445724 0.260160148143768 0.267716616392136 0.285235911607742 0.321530908346176 0.306273937225342 0.338701188564301 0.31895500421524 0.35456782579422 0.345352351665497 0.321668177843094 0.313545316457748 0.311915189027786 0.282959878444672 0.299810200929642 0.287604212760925 0.329088419675827 0.301990956068039 0.311275660991669 0.316977560520172 0.319685429334641 0.295747041702271 0.300959885120392 0.2956403195858 0.272689580917358 0.269984066486359 0.25143638253212 0.27606663107872 0.3305484354496 0.366578489542007 0.41288623213768 0.435781747102737 0.434536874294281 0.426708430051804 0.389462172985077
0.113314889371395 0.107662133872509 0.107169888913631 0.151474118232727 0.107494577765465 0.105646625161171 0.143487498164177 0.141952365636826 0.138138875365257 0.131352618336678 0.176747143268585 0.183693274855614 0.216965839266777 0.222857177257538 0.26619815826416 0.259781777858734 0.271186381578445 0.285577148199081 0.29512631893158 0.33344891667366 0.322295367717743 0.33777317404747 0.338535517454147 0.318286031484604 0.299006283283234 0.278383016586304 0.321704596281052 0.277800381183624 0.304383724927902 0.317556709051132 0.31411799788475 0.308899641036987 0.310855090618134 0.311689436435699 0.295744359493256 0.254979252815247 0.267795830965042 0.292151540517807 0.260251760482788 0.298988163471222 0.27139487862587 0.285058081150055 0.283941328525543 0.4014852643013 0.429828077554703 0.422863364219666 0.404376834630966 0.378228217363358 0.374527335166931
0.103536948561668 0.0987537130713463 0.101586535573006 0.143455862998962 0.0993807315826416 0.100788317620754 0.096997544169426 0.129850476980209 0.14062711596489 0.134637266397476 0.134832456707954 0.181723222136497 0.21053571999073 0.215736284852028 0.252181738615036 0.255717694759369 0.300895899534225 0.300361156463623 0.333425432443619 0.335606873035431 0.316544592380524 0.304756969213486 0.340181797742844 0.334597378969193 0.296438604593277 0.285267621278763 0.289465546607971 0.338628381490707 0.289305448532104 0.306431651115417 0.30387419462204 0.313625276088715 0.294076979160309 0.283043086528778 0.272351682186127 0.279413670301437 0.247110694646835 0.250302940607071 0.246470138430595 0.286173462867737 0.296949088573456 0.272074073553085 0.316086322069168 0.387099921703339 0.40384441614151 0.391628235578537 0.388802707195282 0.359978348016739 0.321061044931412
0.0929907485842705 0.0890619084239006 0.0966735854744911 0.0939686670899391 0.0931272506713867 0.0894105508923531 0.0793519392609596 0.122815363109112 0.170770719647408 0.132958501577377 0.125322058796883 0.17417861521244 0.23811349272728 0.206940963864326 0.243649303913116 0.283324122428894 0.291829526424408 0.232289239764214 0.274531275033951 0.335495859384537 0.302568703889847 0.339675426483154 0.317347884178162 0.325604885816574 0.316843450069427 0.285112351179123 0.288138896226883 0.330594629049301 0.328583121299744 0.309137284755707 0.298346489667892 0.312370717525482 0.298245191574097 0.297885090112686 0.255261421203613 0.264341861009598 0.261136472225189 0.274559319019318 0.280146330595016 0.286793977022171 0.295467883348465 0.301121681928635 0.327313125133514 0.375153452157974 0.390929281711578 0.388667613267899 0.312985807657242 0.362396717071533 0.347468823194504
0.087276317179203 0.083569310605526 0.0847548767924309 0.0865446627140045 0.0817792490124702 0.0712659880518913 0.0852299183607101 0.122241392731667 0.156022951006889 0.12651664018631 0.121513068675995 0.167556345462799 0.202614590525627 0.207493990659714 0.246117189526558 0.251255512237549 0.291928797960281 0.237909227609634 0.209693342447281 0.328451871871948 0.329453736543655 0.278213262557983 0.305628448724747 0.314856916666031 0.315314531326294 0.309760391712189 0.261148661375046 0.321146994829178 0.312672048807144 0.321577548980713 0.281236320734024 0.289223521947861 0.278792262077332 0.271060734987259 0.25139108300209 0.282731503248215 0.284778416156769 0.287082195281982 0.26855605840683 0.289209395647049 0.29973229765892 0.280878126621246 0.36012852191925 0.384921312332153 0.392785578966141 0.351733058691025 0.374358952045441 0.382140249013901 0.361074894666672
0.0811618342995644 0.0789967551827431 0.0758473426103592 0.0442879199981689 0.0763818770647049 0.0806050300598145 0.114008173346519 0.115442544221878 0.11816693842411 0.155269891023636 0.154851153492928 0.181654781103134 0.214405655860901 0.203336015343666 0.234176620841026 0.244537144899368 0.286253392696381 0.27683961391449 0.275799810886383 0.303826510906219 0.306032299995422 0.321004450321198 0.305349856615067 0.300495177507401 0.297145932912827 0.314688593149185 0.253042548894882 0.248446673154831 0.278996706008911 0.24650251865387 0.263645231723785 0.259011209011078 0.278716892004013 0.270421355962753 0.251381397247314 0.276806384325027 0.277871906757355 0.262774646282196 0.272891908884048 0.28397873044014 0.30608332157135 0.33905217051506 0.340966790914536 0.353743046522141 0.355724960565567 0.362600654363632 0.370884478092194 0.379242718219757 0.335450172424316
0.0743811056017876 0.0526562631130219 0.0408208407461643 0.104669630527496 0.0756251364946365 0.0774455517530441 0.0790958851575851 0.109466053545475 0.111310787498951 0.144850835204124 0.147713646292686 0.154978930950165 0.183664202690125 0.154803022742271 0.197639659047127 0.237595930695534 0.275001168251038 0.288627415895462 0.266254872083664 0.294613748788834 0.297782093286514 0.31719908118248 0.30343234539032 0.306784451007843 0.357735216617584 0.26403021812439 0.245537415146828 0.240629553794861 0.236450687050819 0.23249289393425 0.309585988521576 0.243584021925926 0.246933564543724 0.240971073508263 0.254726558923721 0.291961520910263 0.294892728328705 0.295489490032196 0.279649257659912 0.271177917718887 0.293318927288055 0.344700068235397 0.352694094181061 0.336792588233948 0.321850478649139 0.375080943107605 0.370468258857727 0.333666354417801 0.302898019552231
0.0424950607120991 0.0300513170659542 0.067743755877018 0.0943578705191612 0.0952880680561066 0.0708687305450439 0.0725490972399712 0.102316997945309 0.104004390537739 0.135907679796219 0.162944108247757 0.15051144361496 0.1769779920578 0.16115690767765 0.15528179705143 0.200932160019875 0.268469750881195 0.273165017366409 0.266643702983856 0.236293241381645 0.230657622218132 0.323157101869583 0.301052063703537 0.247251406311989 0.262383341789246 0.230831488966942 0.244405716657639 0.22807539999485 0.230869442224503 0.262809693813324 0.275768011808395 0.228234708309174 0.246007591485977 0.255749613046646 0.282451093196869 0.268543422222137 0.289520561695099 0.270839363336563 0.310506820678711 0.307428985834122 0.319574773311615 0.325805693864822 0.332908272743225 0.336867153644562 0.350090265274048 0.361120253801346 0.339488744735718 0.338373094797134 0.330862879753113
0.0393938831984997 0.0366664081811905 0.0640479922294617 0.0874014347791672 0.0873956680297852 0.113554567098618 0.0915532410144806 0.0943626090884209 0.0988811254501343 0.103577673435211 0.134024575352669 0.155936360359192 0.184153974056244 0.157310053706169 0.142007157206535 0.251718580722809 0.254884243011475 0.261276394128799 0.258277356624603 0.179180771112442 0.283748775720596 0.324380278587341 0.295661777257919 0.338163822889328 0.279819905757904 0.242238983511925 0.250745356082916 0.233545109629631 0.246671542525291 0.265073478221893 0.253039598464966 0.216763198375702 0.258571207523346 0.261339545249939 0.262908667325974 0.279299706220627 0.294318735599518 0.298872947692871 0.315610289573669 0.299756228923798 0.311563163995743 0.327269017696381 0.33656245470047 0.337908804416656 0.322103977203369 0.359885185956955 0.344563871622086 0.324094951152802 0.352638214826584
0.0317171104252338 0.0602817088365555 0.0567769110202789 0.0801839828491211 0.101679168641567 0.0837004706263542 0.0644721537828445 0.0869770795106888 0.0935777276754379 0.0930235609412193 0.161273017525673 0.142746582627296 0.172589644789696 0.168484747409821 0.143258169293404 0.228244185447693 0.238610923290253 0.249172866344452 0.157499685883522 0.148807972669601 0.171995237469673 0.270859330892563 0.292728424072266 0.339953511953354 0.328588247299194 0.236962854862213 0.212782561779022 0.240121930837631 0.256112158298492 0.254953473806381 0.217501297593117 0.260473221540451 0.274130791425705 0.274779498577118 0.284245431423187 0.287277787923813 0.27055349946022 0.304005771875381 0.303956061601639 0.287843137979507 0.297398626804352 0.326301991939545 0.345013827085495 0.317009001970291 0.344345808029175 0.346696376800537 0.344823509454727 0.355160892009735 0.340997487306595
0.0336011573672295 0.0348759330809116 0.0486443564295769 0.0534275062382221 0.0786672383546829 0.0772122368216515 0.076745942234993 0.101150088012218 0.106160469353199 0.115034282207489 0.11620008200407 0.124329261481762 0.133423641324043 0.155348926782608 0.168140634894371 0.220861092209816 0.168034672737122 0.146575346589088 0.133759051561356 0.178266793489456 0.338050723075867 0.333869218826294 0.292740195989609 0.229409158229828 0.199460983276367 0.193196371197701 0.208439275622368 0.24252650141716 0.275046467781067 0.228216752409935 0.217517286539078 0.300921499729156 0.284958809614182 0.279174238443375 0.308122575283051 0.290210604667664 0.280067831277847 0.295645207166672 0.285148680210114 0.317587226629257 0.326473563909531 0.318193316459656 0.323376268148422 0.331783324480057 0.2912517786026 0.334877997636795 0.329335242509842 0.326184570789337 0.324444085359573
0.029044521972537 0.050303753465414 0.0471930503845215 0.0488308668136597 0.0689757615327835 0.0696499571204185 0.0718114525079727 0.0919145569205284 0.079271137714386 0.0779839679598808 0.11014249920845 0.109410010278225 0.131719261407852 0.142443224787712 0.139872893691063 0.197677746415138 0.16144984960556 0.112244457006454 0.144509986042976 0.222949728369713 0.277282059192657 0.350637227296829 0.341362446546555 0.232106506824493 0.165975525975227 0.184805288910866 0.218408241868019 0.209595516324043 0.223045960068703 0.210710182785988 0.270104497671127 0.291762918233871 0.302073180675507 0.284716933965683 0.288434833288193 0.292319983243942 0.273847699165344 0.300041675567627 0.309960126876831 0.293712049722672 0.293465673923492 0.315772920846939 0.338574945926666 0.333988696336746 0.324824452400208 0.317558109760284 0.296868026256561 0.322726905345917 0.329127609729767
0.0429760254919529 0.0435703732073307 0.0567184016108513 0.0687049031257629 0.059940617531538 0.0630999132990837 0.0631158426403999 0.0814893022179604 0.0846147462725639 0.0936487168073654 0.0965364202857018 0.116097897291183 0.13795593380928 0.135909259319305 0.150582283735275 0.190515428781509 0.120767652988434 0.120696619153023 0.191617056727409 0.280417650938034 0.311236590147018 0.355060160160065 0.253986030817032 0.177723377943039 0.204076245427132 0.20837339758873 0.188851431012154 0.245883598923683 0.215620741248131 0.21411244571209 0.282060533761978 0.294064044952393 0.294930040836334 0.244492039084435 0.260038077831268 0.276302069425583 0.290844529867172 0.293012410402298 0.292839616537094 0.304107517004013 0.293629169464111 0.303390562534332 0.314059764146805 0.31257751584053 0.301558464765549 0.309768110513687 0.310364782810211 0.316417902708054 0.322047621011734
0.0386949591338634 0.0469986833631992 0.0487159006297588 0.0504630133509636 0.0391105450689793 0.0527389124035835 0.0684273391962051 0.0827652812004089 0.0978583171963692 0.111544512212276 0.100493766367435 0.105860106647015 0.11031524091959 0.12492074072361 0.140606254339218 0.160781964659691 0.120397821068764 0.144960790872574 0.233595862984657 0.2727892100811 0.229519739747047 0.204108089208603 0.192542865872383 0.168944135308266 0.224955946207047 0.188140958547592 0.216334626078606 0.263453960418701 0.19942718744278 0.212401375174522 0.258775025606155 0.292553395032883 0.276880502700806 0.267381995916367 0.284624814987183 0.299218893051147 0.292425125837326 0.303395390510559 0.296222895383835 0.294902205467224 0.306434124708176 0.309346437454224 0.29487556219101 0.297782927751541 0.314643561840057 0.315583646297455 0.320856273174286 0.31109094619751 0.285769999027252
0.0320360846817493 0.0521472468972206 0.0360604263842106 0.0403125584125519 0.0303729102015495 0.0458455346524715 0.0499621480703354 0.0641093030571938 0.0813022404909134 0.0945951566100121 0.080724373459816 0.0962171033024788 0.116851277649403 0.116827458143234 0.117451965808868 0.136390954256058 0.147348999977112 0.248988315463066 0.288040488958359 0.226378992199898 0.158181831240654 0.184755429625511 0.241692945361137 0.163005858659744 0.184841856360435 0.173683553934097 0.180131003260612 0.220014989376068 0.207545876502991 0.219587981700897 0.213481411337852 0.255159944295883 0.296138167381287 0.265588581562042 0.275405198335648 0.272108197212219 0.265529662370682 0.282073259353638 0.296297043561935 0.294378042221069 0.290420323610306 0.300067633390427 0.3040771484375 0.310870349407196 0.311182290315628 0.308144897222519 0.310948640108109 0.284453094005585 0.254444897174835
0.0237350855022669 0.0388510972261429 0.031377736479044 0.0256951842457056 0.0248433258384466 0.0379650294780731 0.0411988981068134 0.0509667471051216 0.0606689564883709 0.0668765679001808 0.0715624541044235 0.0877779275178909 0.120323657989502 0.104448221623898 0.103100903332233 0.112972922623158 0.143179893493652 0.205339536070824 0.259680658578873 0.254975706338882 0.167413890361786 0.247724801301956 0.314227491617203 0.170800298452377 0.156723141670227 0.24456849694252 0.202637448906898 0.212807968258858 0.211589261889458 0.203853741288185 0.206088289618492 0.23416556417942 0.317249298095703 0.284447014331818 0.279734641313553 0.270644456148148 0.275915205478668 0.265685170888901 0.271002262830734 0.279760330915451 0.299161821603775 0.296722888946533 0.295324325561523 0.305290937423706 0.288085371255875 0.287667840719223 0.28201425075531 0.282370895147324 0.250920981168747
