data/climate_estimation/maxent_output/Smilax_officinalis.asc
NCOLS 210 
NROWS 269 
XLLCORNER -89.8333333333333 
YLLCORNER -5.58333333333333 
CELLSIZE 0.0833333333333333 
NODATA_value -3.4e+38 
[rows 96 to 119 of 269, columns 108 to 161 of 210]
0.617274105548859 0.683213651180267 0.676720142364502 0.631849706172943 0.752656161785126 0.737425088882446 0.805627584457397 0.932992041110992 0.944992423057556 0.842729866504669 0.76510626077652 0.255834102630615 0.137001186609268 -3.4e+38 -3.4e+38 0.0607155412435532 -3.4e+38 -3.4e+38 -3.4e+38 -3.4e+38 -3.4e+38 -3.4e+38 -3.4e+38 0.312537908554077 0.325338095426559 0.354819416999817 0.285506278276443 0.397667795419693 0.662324130535126 0.24595619738102 0.193328931927681 0.054078534245491 0.0377713851630688 0.0223341472446918 0.0140766492113471 0.0138774644583464 0.0248081106692553 0.022348465397954 0.0189408101141453 0.0218197964131832 -3.4e+38 -3.4e+38 -3.4e+38 -3.4e+38 -3.4e+38 -3.4e+38 -3.4e+38 -3.4e+38 -3.4e+38 -3.4e+38 -3.4e+38 0.00884316954761744 0.00944257993251085 0.00616863463073969
0.876526892185211 0.877731442451477 0.929678916931152 0.924302041530609 0.933561623096466 0.942061722278595 0.74676913022995 0.952376186847687 0.97806191444397 0.965889990329742 0.905372023582458 0.329418510198593 0.135473176836967 0.0764452517032623 -3.4e+38 -3.4e+38 -3.4e+38 -3.4e+38 -3.4e+38 -3.4e+38 -3.4e+38 0.291391283273697 -3.4e+38 -3.4e+38 -3.4e+38 0.283096432685852 0.283690482378006 0.225249275565147 0.313697576522827 0.247916623950005 0.208129599690437 0.0711129829287529 0.0396463014185429 0.0284757427871227 0.0173958837985992 0.0142647586762905 0.0178958848118782 0.0317957140505314 0.0341739542782307 0.0388262867927551 0.0559107102453709 0.0793204829096794 -3.4e+38 -3.4e+38 -3.4e+38 -3.4e+38 -3.4e+38 -3.4e+38 -3.4e+38 -3.4e+38 0.0105005968362093 0.00840882584452629 0.0070444168522954 0.00435173790901899
0.908870875835419 0.941032946109772 0.962748289108276 0.89460963010788 0.552999794483185 0.785284638404846 0.748246192932129 0.960609078407288 0.973182559013367 0.927225470542908 0.579766035079956 0.164352059364319 0.138124227523804 0.07301065325737 0.0827057585120201 -3.4e+38 -3.4e+38 -3.4e+38 -3.4e+38 -3.4e+38 -3.4e+38 0.330306231975555 -3.4e+38 -3.4e+38 -3.4e+38 -3.4e+38 -3.4e+38 0.194280743598938 0.173309788107872 0.162096917629242 0.186902523040771 0.0933645814657211 0.0477137565612793 0.042200792580843 0.0206443313509226 0.0197946690022945 0.0191541686654091 0.0285320151597261 0.0450173653662205 0.0438711270689964 0.0739573091268539 0.0785326287150383 0.0932319760322571 -3.4e+38 -3.4e+38 -3.4e+38 -3.4e+38 0.0214583501219749 0.0171639993786812 0.0140619017183781 0.0105566848069429 0.008326162584126 0.00572925340384245 0.00372975715436041
0.906799733638763 0.945210218429565 0.845559000968933 0.335324674844742 0.403936386108398 0.282449632883072 0.415701925754547 0.771267056465149 0.872039616107941 0.749343454837799 0.204391464591026 0.0651091784238815 0.104282855987549 -3.4e+38 0.0677945464849472 -3.4e+38 -3.4e+38 -3.4e+38 -3.4e+38 -3.4e+38 -3.4e+38 0.369543761014938 -3.4e+38 -3.4e+38 -3.4e+38 -3.4e+38 -3.4e+38 0.171879947185516 0.140794664621353 0.10542431473732 0.0915472209453583 0.0693489015102386 0.052888210862875 0.0560231730341911 0.0309595409780741 0.0272868443280458 0.0235007312148809 0.0304280631244183 0.0425881817936897 0.0469972789287567 0.0595198050141335 0.0873278975486755 0.10727620869875 -3.4e+38 -3.4e+38 -3.4e+38 0.0217831134796143 0.019094955176115 0.0176064074039459 0.0136717958375812 0.00978770665824413 0.00782096851617098 0.00590732507407665 0.00364133971743286
0.864963531494141 0.614813506603241 0.466343700885773 0.147086769342422 0.0837347060441971 0.0731517896056175 0.0706619694828987 0.0820052921772003 0.100699327886105 0.0532085970044136 0.0302063729614019 -3.4e+38 -3.4e+38 -3.4e+38 -3.4e+38 -3.4e+38 -3.4e+38 -3.4e+38 -3.4e+38 -3.4e+38 0.338679224252701 0.387093305587769 0.47827410697937 0.491785854101181 -3.4e+38 -3.4e+38 -3.4e+38 -3.4e+38 0.165160551667213 0.091764472424984 0.062092762440443 0.0447842851281166 0.0551196672022343 0.053485918790102 0.0524213463068008 0.0293150376528502 0.0252054184675217 0.0291104800999165 0.0468308255076408 0.0601081214845181 0.0994223356246948 0.0729344114661217 0.0918649211525917 0.0720543265342712 0.0611454807221889 -3.4e+38 -3.4e+38 -3.4e+38 0.0190936643630266 0.0141378324478865 0.0104458322748542 0.00782160740345716 0.00623576529324055 0.00397627986967564
0.461157143115997 0.32070180773735 0.128997936844826 0.0377039723098278 0.0293602216988802 0.0255349222570658 0.026201045140624 0.0161458291113377 0.00921438354998827 0.00995443016290665 -3.4e+38 -3.4e+38 -3.4e+38 -3.4e+38 -3.4e+38 -3.4e+38 -3.4e+38 -3.4e+38 -3.4e+38 -3.4e+38 0.331435829401016 -3.4e+38 0.481200575828552 0.492444157600403 0.441280215978622 -3.4e+38 -3.4e+38 -3.4e+38 0.109334833920002 0.0867449417710304 0.0501276701688766 0.0424482002854347 0.0396872982382774 0.0416068434715271 0.0504270903766155 0.0651798024773598 0.0315467193722725 0.0326998084783554 0.0481112562119961 0.0732202157378197 0.0663226395845413 0.120071858167648 0.0687649995088577 0.0675906166434288 0.0539306923747063 -3.4e+38 -3.4e+38 -3.4e+38 0.019525196403265 0.0171818230301142 0.013189909979701 0.00906249787658453 0.00573403714224696 0.00452451827004552
0.32025933265686 0.194430530071259 0.0843555256724358 0.0283301323652267 0.018188176676631 0.0173184350132942 0.0156495328992605 0.0111103449016809 -3.4e+38 -3.4e+38 -3.4e+38 -3.4e+38 -3.4e+38 -3.4e+38 -3.4e+38 -3.4e+38 -3.4e+38 -3.4e+38 -3.4e+38 -3.4e+38 0.370352029800415 0.364669561386108 0.462243497371674 0.481467992067337 -3.4e+38 -3.4e+38 -3.4e+38 -3.4e+38 -3.4e+38 -3.4e+38 0.0389553420245647 0.0345996655523777 0.0562551356852055 0.0481161400675774 0.0491021350026131 0.0701516270637512 0.0411310903728008 0.0355743952095509 0.0535480454564095 0.0663925781846046 0.0728034824132919 0.160852447152138 0.108230322599411 0.0669110417366028 0.0528448708355427 0.044227160513401 0.0353288948535919 -3.4e+38 0.0237905718386173 0.0221362970769405 0.0171271320432425 0.0103541044518352 0.00794569216668606 0.0051926807500422
0.110720776021481 0.09824238717556 0.0450999289751053 0.0225492678582668 0.0171908289194107 -3.4e+38 -3.4e+38 -3.4e+38 -3.4e+38 -3.4e+38 -3.4e+38 -3.4e+38 -3.4e+38 -3.4e+38 -3.4e+38 -3.4e+38 -3.4e+38 -3.4e+38 -3.4e+38 -3.4e+38 0.352127492427826 -3.4e+38 0.400555521249771 0.428748369216919 -3.4e+38 -3.4e+38 -3.4e+38 -3.4e+38 -3.4e+38 -3.4e+38 0.0432046838104725 0.0531068406999111 0.0912279039621353 0.132239460945129 0.0815026313066483 0.0812731087207794 0.0591669604182243 0.0408306531608105 0.0608206056058407 0.0922763422131538 0.113971091806889 0.194142073392868 0.228688359260559 0.0692151188850403 0.0587300881743431 0.0442267246544361 0.0313493274152279 -3.4e+38 0.0284045618027449 0.0293160546571016 0.0201912447810173 0.0142865879461169 0.00939566269516945 0.00841988436877728
0.108122900128365 0.0673001855611801 0.0308786164969206 0.0168819725513458 0.0121261263266206 -3.4e+38 -3.4e+38 -3.4e+38 -3.4e+38 -3.4e+38 -3.4e+38 -3.4e+38 -3.4e+38 -3.4e+38 -3.4e+38 -3.4e+38 -3.4e+38 -3.4e+38 -3.4e+38 -3.4e+38 -3.4e+38 -3.4e+38 -3.4e+38 -3.4e+38 -3.4e+38 -3.4e+38 -3.4e+38 -3.4e+38 0.0994585901498795 0.0895284041762352 0.0476584173738956 0.0655458495020866 0.174685314297676 0.223511904478073 0.144893780350685 0.14855620265007 0.104879632592201 0.0614510737359524 0.0792986080050468 0.104567840695381 0.115606151521206 0.281005591154099 0.291511327028275 0.16197744011879 0.0555891096591949 0.0394707918167114 0.0347029343247414 0.0323840938508511 0.0407353900372982 0.0338140651583672 0.0216728877276182 0.0185957811772823 0.0130981085821986 0.010734748095274
0.114248409867287 0.050234280526638 0.0234431717544794 0.0140554932877421 0.00959604885429144 0.00785444583743811 -3.4e+38 -3.4e+38 -3.4e+38 -3.4e+38 -3.4e+38 -3.4e+38 -3.4e+38 -3.4e+38 -3.4e+38 -3.4e+38 -3.4e+38 -3.4e+38 -3.4e+38 -3.4e+38 -3.4e+38 -3.4e+38 -3.4e+38 -3.4e+38 -3.4e+38 -3.4e+38 -3.4e+38 -3.4e+38 0.133201539516449 0.154238611459732 0.0871662050485611 0.0803404077887535 0.39676108956337 0.423634916543961 0.3860944211483 0.296329319477081 0.217409551143646 0.228266552090645 0.110693052411079 0.128728151321411 0.104642070829868 0.236916437745094 0.306114047765732 0.241435661911964 0.0552446767687798 0.0374360121786594 0.0377235822379589 0.0333987474441528 0.0395783297717571 0.030515231192112 0.0184176508337259 0.0197343043982983 0.0212862771004438 0.0136467292904854
0.16270250082016 0.0523224733769894 0.0168122127652168 0.011619521304965 0.0114697869867086 0.00898013543337584 0.00667391205206513 -3.4e+38 -3.4e+38 -3.4e+38 -3.4e+38 -3.4e+38 -3.4e+38 -3.4e+38 -3.4e+38 -3.4e+38 -3.4e+38 -3.4e+38 -3.4e+38 -3.4e+38 -3.4e+38 -3.4e+38 -3.4e+38 -3.4e+38 -3.4e+38 -3.4e+38 -3.4e+38 -3.4e+38 0.171867415308952 0.651036858558655 0.348996490240097 0.188049539923668 0.462450534105301 0.620909214019775 0.6097771525383 0.509433388710022 0.426822513341904 0.635132253170013 0.274190753698349 0.15510331094265 0.157117009162903 0.188653498888016 0.290310561656952 0.216145396232605 0.0561201460659504 0.0355721116065979 0.0320353955030441 -3.4e+38 0.0237488858401775 0.0240835454314947 0.0174698662012815 0.0344783775508404 0.0383534170687199 0.0229243766516447
0.190632477402687 0.0750899538397789 0.0218736045062542 0.0169709101319313 0.013430604711175 0.0115138478577137 0.00665199616923928 0.00514080561697483 -3.4e+38 -3.4e+38 -3.4e+38 -3.4e+38 -3.4e+38 -3.4e+38 -3.4e+38 -3.4e+38 -3.4e+38 -3.4e+38 -3.4e+38 -3.4e+38 -3.4e+38 -3.4e+38 -3.4e+38 -3.4e+38 -3.4e+38 -3.4e+38 -3.4e+38 -3.4e+38 -3.4e+38 0.380901992321014 0.824604630470276 0.547590374946594 0.576374351978302 0.775214195251465 0.779668271541595 0.681426763534546 0.698800921440125 0.697997868061066 0.517970323562622 0.325294613838196 0.254619419574738 0.226531401276588 0.226465001702309 0.182516783475876 0.0531090460717678 0.0366656966507435 0.0388313196599483 0.039488110691309 0.0356046035885811 0.0296590775251389 0.0259505677968264 0.0511491894721985 0.0676511600613594 0.0367900766432285
0.339162021875381 0.152451694011688 0.0542968288064003 0.0279588680714369 0.0211787931621075 0.0160215031355619 0.00852123182266951 0.00555745931342244 0.00368711841292679 -3.4e+38 -3.4e+38 -3.4e+38 -3.4e+38 -3.4e+38 -3.4e+38 -3.4e+38 -3.4e+38 -3.4e+38 -3.4e+38 -3.4e+38 -3.4e+38 -3.4e+38 -3.4e+38 -3.4e+38 -3.4e+38 -3.4e+38 -3.4e+38 -3.4e+38 -3.4e+38 -3.4e+38 0.886193096637726 0.833450675010681 0.91262286901474 0.779154777526855 0.812815606594086 0.788505852222443 0.793151795864105 0.743429720401764 0.753987550735474 0.465267419815063 0.367505759000778 0.30699422955513 0.16705946624279 0.141464397311211 0.0652930811047554 0.0504945367574692 0.0488416701555252 0.0416797250509262 0.0491209998726845 0.0510046556591988 0.0505104698240757 0.0657332390546799 0.0855458378791809 0.0499299205839634
0.708038568496704 0.38380429148674 0.13358661532402 0.0744813084602356 0.110999144613743 0.0735441818833351 0.0260778777301311 0.00625036098062992 0.00326536106877029 -3.4e+38 -3.4e+38 -3.4e+38 -3.4e+38 -3.4e+38 -3.4e+38 -3.4e+38 -3.4e+38 -3.4e+38 -3.4e+38 -3.4e+38 -3.4e+38 -3.4e+38 -3.4e+38 -3.4e+38 -3.4e+38 -3.4e+38 -3.4e+38 -3.4e+38 -3.4e+38 -3.4e+38 0.75795978307724 0.89089971780777 0.84679239988327 0.863473951816559 0.846488654613495 0.773140668869019 0.765031278133392 0.812507748603821 0.821426212787628 0.556413114070892 0.513207972049713 0.343223810195923 0.158646494150162 0.104396037757397 0.10093105584383 0.0843805968761444 0.0748426094651222 0.0773572474718094 0.0670744404196739 0.0730631500482559 0.0789498463273048 0.110805235803127 0.185754045844078 0.108340620994568
0.798620760440826 0.714319825172424 0.368881940841675 0.404695987701416 0.441724389791489 0.263770371675491 0.118764735758305 0.0248042400926352 0.00498346379026771 0.00311866402626038 0.00190035230480134 -3.4e+38 -3.4e+38 -3.4e+38 -3.4e+38 -3.4e+38 -3.4e+38 -3.4e+38 -3.4e+38 -3.4e+38 -3.4e+38 -3.4e+38 -3.4e+38 -3.4e+38 -3.4e+38 -3.4e+38 -3.4e+38 -3.4e+38 -3.4e+38 -3.4e+38 -3.4e+38 0.827401101589203 0.886051118373871 0.871052443981171 0.86664342880249 0.825776040554047 0.771243631839752 0.828300833702087 0.794812679290771 0.74030864238739 0.615716516971588 0.281697183847427 0.175618499517441 0.109724089503288 0.116930328309536 0.111969716846943 0.100393489003181 0.110124327242374 0.132147416472435 0.178982153534889 0.150523230433464 0.223621889948845 0.251451760530472 0.179166257381439
0.799190938472748 0.828941345214844 0.441582590341568 0.507246732711792 0.475506484508514 0.341565102338791 0.1727554500103 0.0721723362803459 0.0122709842398763 0.00332053820602596 0.00287015386857092 -3.4e+38 -3.4e+38 -3.4e+38 -3.4e+38 -3.4e+38 -3.4e+38 -3.4e+38 -3.4e+38 -3.4e+38 -3.4e+38 -3.4e+38 -3.4e+38 -3.4e+38 -3.4e+38 -3.4e+38 -3.4e+38 -3.4e+38 -3.4e+38 -3.4e+38 -3.4e+38 0.762282133102417 0.79250031709671 0.856345951557159 0.839228093624115 0.839145958423615 0.747391760349274 0.751783132553101 0.72633296251297 0.783101201057434 0.691250264644623 0.329125285148621 0.214005947113037 0.146881908178329 0.144633382558823 0.129471600055695 0.132988721132278 0.15818740427494 0.178416177630424 0.173891812562943 0.182687342166901 0.255319833755493 0.285344481468201 0.220303118228912
0.655613839626312 0.89563912153244 0.372518181800842 0.317861288785934 0.206566795706749 0.167707860469818 0.115068964660168 0.0657317191362381 0.0167221333831549 0.00398945109918714 -3.4e+38 -3.4e+38 -3.4e+38 -3.4e+38 -3.4e+38 -3.4e+38 -3.4e+38 -3.4e+38 -3.4e+38 -3.4e+38 -3.4e+38 -3.4e+38 -3.4e+38 -3.4e+38 -3.4e+38 -3.4e+38 -3.4e+38 -3.4e+38 -3.4e+38 -3.4e+38 -3.4e+38 -3.4e+38 0.85601806640625 0.804253339767456 0.841825485229492 0.806412398815155 0.77380508184433 0.752373993396759 0.761118173599243 0.702052235603333 0.574934184551239 0.353696137666702 0.257644832134247 0.201747477054596 0.159487530589104 0.149946689605713 0.150083556771278 0.171493828296661 0.18591271340847 0.199623003602028 0.165075540542603 0.227616935968399 0.336067229509354 0.245986759662628
0.737700402736664 0.932234525680542 0.926982045173645 0.505020380020142 0.229462146759033 0.169442728161812 0.10270606726408 -3.4e+38 -3.4e+38 -3.4e+38 -3.4e+38 -3.4e+38 -3.4e+38 -3.4e+38 -3.4e+38 -3.4e+38 -3.4e+38 -3.4e+38 -3.4e+38 -3.4e+38 -3.4e+38 -3.4e+38 -3.4e+38 -3.4e+38 -3.4e+38 -3.4e+38 -3.4e+38 -3.4e+38 -3.4e+38 -3.4e+38 -3.4e+38 -3.4e+38 -3.4e+38 0.831754803657532 0.825446665287018 0.810872256755829 0.775234878063202 0.677392661571503 0.680125653743744 0.648574471473694 0.541328132152557 0.481585741043091 0.373378604650497 0.237054854631424 0.185843899846077 0.16578882932663 0.187251418828964 0.201827317476273 0.173689022660255 0.202144250273705 0.202569931745529 0.188179045915604 0.3319091796875 0.34269705414772
0.942172706127167 0.959309697151184 0.866066455841064 0.587628722190857 0.179664492607117 0.0918371379375458 -3.4e+38 -3.4e+38 -3.4e+38 -3.4e+38 -3.4e+38 -3.4e+38 -3.4e+38 -3.4e+38 -3.4e+38 -3.4e+38 -3.4e+38 -3.4e+38 -3.4e+38 -3.4e+38 -3.4e+38 -3.4e+38 -3.4e+38 -3.4e+38 -3.4e+38 -3.4e+38 -3.4e+38 -3.4e+38 -3.4e+38 -3.4e+38 -3.4e+38 -3.4e+38 -3.4e+38 -3.4e+38 0.801844656467438 0.794782638549805 0.675881624221802 0.721750557422638 0.683597207069397 0.690908551216125 0.556338429450989 0.569086313247681 0.441673755645752 0.251495718955994 0.219697132706642 0.185721129179001 0.195637375116348 0.196838438510895 0.191821277141571 0.197684720158577 0.193137764930725 0.19628319144249 0.237411707639694 0.312950313091278
0.751599669456482 0.638097763061523 0.479381442070007 0.226427122950554 0.177022635936737 -3.4e+38 -3.4e+38 -3.4e+38 -3.4e+38 -3.4e+38 -3.4e+38 -3.4e+38 -3.4e+38 -3.4e+38 -3.4e+38 -3.4e+38 -3.4e+38 -3.4e+38 -3.4e+38 -3.4e+38 -3.4e+38 -3.4e+38 -3.4e+38 -3.4e+38 -3.4e+38 -3.4e+38 -3.4e+38 -3.4e+38 -3.4e+38 -3.4e+38 -3.4e+38 -3.4e+38 -3.4e+38 -3.4e+38 0.760961413383484 0.743985176086426 0.598329722881317 0.6692253947258 0.696039795875549 0.70290595293045 0.628140211105347 0.54243928194046 0.326883137226105 0.272987365722656 0.233756139874458 0.197606146335602 0.2093166410923 0.218954786658287 0.206867232918739 0.204674318432808 0.207575455307961 0.232660666108131 0.249001905322075 0.271231174468994
-3.4e+38 -3.4e+38 -3.4e+38 -3.4e+38 -3.4e+38 -3.4e+38 -3.4e+38 -3.4e+38 -3.4e+38 -3.4e+38 -3.4e+38 -3.4e+38 -3.4e+38 -3.4e+38 -3.4e+38 -3.4e+38 -3.4e+38 -3.4e+38 -3.4e+38 -3.4e+38 -3.4e+38 -3.4e+38 -3.4e+38 -3.4e+38 -3.4e+38 -3.4e+38 -3.4e+38 -3.4e+38 -3.4e+38 -3.4e+38 -3.4e+38 -3.4e+38 -3.4e+38 -3.4e+38 -3.4e+38 0.541134476661682 0.564165651798248 0.553712725639343 0.606482446193695 0.529625475406647 0.590687215328217 0.375079721212387 0.315100818872452 0.301399081945419 0.24948762357235 0.196036085486412 0.213504403829575 0.207998067140579 0.222886338829994 0.235937014222145 0.225928410887718 0.295046001672745 0.295890659093857 0.311662554740906
-3.4e+38 -3.4e+38 -3.4e+38 -3.4e+38 -3.4e+38 -3.4e+38 -3.4e+38 -3.4e+38 -3.4e+38 -3.4e+38 -3.4e+38 -3.4e+38 -3.4e+38 -3.4e+38 -3.4e+38 -3.4e+38 -3.4e+38 -3.4e+38 -3.4e+38 -3.4e+38 -3.4e+38 -3.4e+38 -3.4e+38 -3.4e+38 -3.4e+38 -3.4e+38 -3.4e+38 -3.4e+38 -3.4e+38 -3.4e+38 -3.4e+38 -3.4e+38 -3.4e+38 -3.4e+38 -3.4e+38 -3.4e+38 -3.4e+38 0.475013315677643 0.5413658618927 0.474239319562912 0.442901641130447 0.387507379055023 0.288974165916443 0.284886598587036 0.242680177092552 0.270948857069016 0.201094090938568 0.217366129159927 0.213472381234169 0.231581032276154 0.266184270381927 0.340315461158752 0.324750125408173 0.246962070465088
-3.4e+38 -3.4e+38 -3.4e+38 -3.4e+38 -3.4e+38 -3.4e+38 -3.4e+38 -3.4e+38 -3.4e+38 -3.4e+38 -3.4e+38 -3.4e+38 -3.4e+38 -3.4e+38 -3.4e+38 -3.4e+38 -3.4e+38 -3.4e+38 -3.4e+38 -3.4e+38 -3.4e+38 -3.4e+38 -3.4e+38 -3.4e+38 -3.4e+38 -3.4e+38 -3.4e+38 -3.4e+38 -3.4e+38 -3.4e+38 -3.4e+38 -3.4e+38 -3.4e+38 -3.4e+38 -3.4e+38 -3.4e+38 -3.4e+38 0.491654694080353 0.497124761343002 0.502262473106384 0.460277199745178 0.45659327507019 0.319888681173325 0.311780631542206 0.261268436908722 0.212807148694992 0.226718902587891 0.226160869002342 0.20404152572155 0.246961027383804 0.238888531923294 0.329152196645737 0.299363493919373 0.245805263519287
-3.4e+38 -3.4e+38 -3.4e+38 -3.4e+38 -3.4e+38 -3.4e+38 -3.4e+38 -3.4e+38 -3.4e+38 -3.4e+38 -3.4e+38 -3.4e+38 -3.4e+38 -3.4e+38 -3.4e+38 -3.4e+38 -3.4e+38 -3.4e+38 -3.4e+38 -3.4e+38 -3.4e+38 -3.4e+38 -3.4e+38 -3.4e+38 -3.4e+38 -3.4e+38 -3.4e+38 -3.4e+38 -3.4e+38 -3.4e+38 -3.4e+38 -3.4e+38 -3.4e+38 -3.4e+38 -3.4e+38 -3.4e+38 -3.4e+38 0.496168881654739 0.488197654485703 0.534077703952789 0.420027405023575 0.462762445211411 0.399056136608124 0.311019748449326 0.237894654273987 0.222746565937996 0.239349007606506 0.223060414195061 0.21629986166954 0.22818623483181 0.332001030445099 0.342803120613098 0.309259653091431 0.329494029283524
