data/climate_estimation/maxent_output/Smilax_davidiana.asc
NCOLS 279 
NROWS 262 
XLLCORNER 98.8333333333333 
YLLCORNER 10.0833333333333 
CELLSIZE 0.0833333333333333 
NODATA_value -3.4e+38 
[rows 161 to 183 of 262, columns 52 to 103 of 279]
0.0178425628691912 0.0171159394085407 0.0165846776217222 0.0164009816944599 0.0167715642601252 0.0163329429924488 0.0165926311165094 0.0148214148357511 0.0149871446192265 0.0144241601228714 0.0150135718286037 0.012768380343914 0.0125252744182944 0.0126661257818341 0.0135600548237562 0.0126766711473465 0.0133637534454465 0.0162690281867981 0.0153940096497536 0.0199005492031574 0.027007756754756 0.0311143454164267 0.0322341658174992 0.0384340174496174 0.0850603729486465 0.115766130387783 0.132142558693886 0.155333906412125 0.182063385844231 0.202055439352989 0.105697527527809 0.128975853323936 0.108357049524784 0.110109411180019 -3.4e+38 -3.4e+38 -3.4e+38 -3.4e+38 -3.4e+38 -3.4e+38 -3.4e+38 -3.4e+38 -3.4e+38 -3.4e+38 -3.4e+38 -3.4e+38 -3.4e+38 -3.4e+38 -3.4e+38 -3.4e+38 -3.4e+38 -3.4e+38
0.0173534732311964 0.0173534732311964 0.017654312774539 0.0173572190105915 0.0180320106446743 0.017769543454051 0.017831563949585 0.0163695942610502 0.0160770956426859 0.0154044879600406 0.0150470267981291 0.012539460323751 0.012527821585536 0.0115256579592824 0.00990958977490664 0.0100958785042167 0.00989907886832952 0.0112749570980668 0.0133499931544065 0.0138528356328607 0.01904421672225 0.0263085775077343 0.034529086202383 0.0365544818341732 0.0532276853919029 0.0939173176884651 0.125078812241554 0.152452185750008 0.182818710803986 0.194123566150665 0.113092243671417 0.11824332177639 0.0840492621064186 0.10020712018013 0.121061541140079 -3.4e+38 -3.4e+38 -3.4e+38 -3.4e+38 -3.4e+38 -3.4e+38 -3.4e+38 -3.4e+38 -3.4e+38 -3.4e+38 -3.4e+38 -3.4e+38 -3.4e+38 -3.4e+38 -3.4e+38 -3.4e+38 -3.4e+38
0.0172974057495594 0.0190312191843987 0.0179486963897943 0.017623582854867 0.0177600812166929 0.0180051065981388 0.018067941069603 0.0165856592357159 0.0163085535168648 0.015003995038569 0.0137685677036643 0.0138201676309109 0.0131770540028811 0.0120709761977196 0.00923949480056763 0.00807515811175108 0.00792966410517693 0.0084588723257184 0.0100541552528739 0.0129782380536199 0.0158573035150766 0.0228024628013372 0.0337213389575481 0.0370039343833923 0.0393994003534317 0.0600619949400425 0.118202202022076 0.119603388011456 0.175173401832581 0.202606692910194 0.107233732938766 0.110874429345131 0.091018058359623 0.0989084094762802 0.11637157201767 0.0442985408008099 0.0367590039968491 -3.4e+38 -3.4e+38 -3.4e+38 -3.4e+38 -3.4e+38 -3.4e+38 -3.4e+38 -3.4e+38 -3.4e+38 -3.4e+38 -3.4e+38 -3.4e+38 -3.4e+38 -3.4e+38 -3.4e+38
0.0191877540200949 0.0194848049432039 0.0195138957351446 0.019088102504611 0.0173880644142628 0.017715934664011 0.0183451101183891 0.0162906348705292 0.0165238212794065 0.0144628426060081 0.0137136103585362 0.0124437659978867 0.0123451789841056 0.0106132905930281 0.00935714319348335 0.00850812997668982 0.00870971381664276 0.00664560357108712 0.00708457361906767 0.00979662220925093 0.0136324744671583 0.0183613914996386 0.0254945829510689 0.0335590168833733 0.0366895645856857 0.0487910322844982 0.0748501121997833 0.0771932527422905 0.144537135958672 0.162469059228897 0.0857515335083008 0.0936427712440491 0.0854830369353294 0.0887534320354462 0.0947014093399048 0.0854127630591393 0.0274722464382648 0.0249423775821924 -3.4e+38 -3.4e+38 -3.4e+38 -3.4e+38 -3.4e+38 -3.4e+38 -3.4e+38 -3.4e+38 -3.4e+38 -3.4e+38 -3.4e+38 -3.4e+38 -3.4e+38 -3.4e+38
0.0197480842471123 0.0198761485517025 0.0199851524084806 0.0192834250628948 0.0193892121315002 0.0177100412547588 0.0180068537592888 0.0181869752705097 0.0151144424453378 0.0152233215048909 0.0141329625621438 0.0128195472061634 0.0113663878291845 0.0104829343035817 0.00837061554193497 0.00842474494129419 0.00859117321670055 0.00817497354000807 0.00859876442700624 0.00808886345475912 0.00937290675938129 0.0140934260562062 0.0212421305477619 0.0301194973289967 0.0312926135957241 0.042230311781168 0.0464001633226871 0.0640744492411613 0.101725064218044 0.15531499683857 0.0820333808660507 0.0807827562093735 0.0833202227950096 0.0772562399506569 0.0651014670729637 0.0619563534855843 0.0548947528004646 0.0495223067700863 0.0481747426092625 0.0508816614747047 -3.4e+38 -3.4e+38 -3.4e+38 -3.4e+38 -3.4e+38 -3.4e+38 -3.4e+38 -3.4e+38 -3.4e+38 -3.4e+38 -3.4e+38 -3.4e+38
0.0188182424753904 0.0214483980089426 0.0216518044471741 0.021461695432663 0.0197602976113558 0.0191364269703627 0.017509400844574 0.0182014349848032 0.0168606415390968 0.0154243484139442 0.01422362588346 0.0129276169463992 0.0119293937459588 0.010563287883997 0.00872563850134611 0.0070039015263319 0.00677943974733353 0.00747360615059733 0.00659871753305197 0.00918452441692352 0.00854572746902704 0.0116115612909198 0.0160452593117952 0.0222937688231468 0.0282590184360743 0.0347865708172321 0.0454324781894684 0.0634134858846664 0.0834431424736977 0.137711510062218 0.14946086704731 0.0815472900867462 0.0747087746858597 0.0739234611392021 0.0671514645218849 0.0539533458650112 0.0482063107192516 0.0426286607980728 0.0439791046082973 0.0419119000434875 -3.4e+38 -3.4e+38 -3.4e+38 -3.4e+38 -3.4e+38 -3.4e+38 -3.4e+38 -3.4e+38 -3.4e+38 -3.4e+38 -3.4e+38 -3.4e+38
0.0167254693806171 0.0197845008224249 0.0207244567573071 0.0218640211969614 0.0219238325953484 0.0194943137466908 0.0184155181050301 0.0179428048431873 0.0163315460085869 0.0150145730003715 0.0139896254986525 0.0118805225938559 0.0114490929991007 0.00951379537582397 0.0086653558537364 0.00739632965996861 0.00668457988649607 0.00636319536715746 0.00663129379972816 0.00778758618980646 0.0084125641733408 0.00975504983216524 0.0134261958301067 0.0170507170259953 0.0245415139943361 0.0294510144740343 0.0471535138785839 0.0584286153316498 0.076746866106987 0.119292050600052 0.125979259610176 0.07491784542799 0.0762634426355362 0.0737510249018669 0.0667028799653053 0.0637878775596619 0.0510387904942036 0.0579769238829613 0.0661982893943787 0.0566903091967106 0.0436816215515137 -3.4e+38 -3.4e+38 -3.4e+38 -3.4e+38 -3.4e+38 -3.4e+38 -3.4e+38 -3.4e+38 -3.4e+38 -3.4e+38 -3.4e+38
0.0151832038536668 0.0160315539687872 0.0180520340800285 0.0196609366685152 0.0215393733233213 0.0203147120773792 0.0197604931890965 0.0185987707227468 0.0181822329759598 0.017089931294322 0.0159940384328365 0.0127615984529257 0.0116537921130657 0.0105140255764127 0.00862564984709024 0.00793899968266487 0.00685478374361992 0.00588932866230607 0.00631558895111084 0.00679438980296254 0.00794195011258125 0.00851196609437466 0.0114055359736085 0.0139780808240175 0.0196625199168921 0.0248069278895855 0.0394924953579903 0.0532830506563187 0.0721553117036819 0.0931054875254631 0.107276193797588 0.137695074081421 0.0765756219625473 0.0712162032723427 0.0676349028944969 0.062688447535038 0.0602376572787762 0.0509191080927849 0.0432458594441414 0.0420167408883572 -3.4e+38 -3.4e+38 -3.4e+38 -3.4e+38 -3.4e+38 -3.4e+38 -3.4e+38 -3.4e+38 -3.4e+38 -3.4e+38 -3.4e+38 -3.4e+38
0.0141787361353636 0.0151073951274157 0.0168517269194126 0.0176760461181402 0.018233822658658 0.0208161193877459 0.0195795428007841 0.0201739892363548 0.0185617934912443 0.0172709859907627 0.0154883610084653 0.0141061004251242 0.012823929078877 0.0117509411647916 0.00954515486955643 0.00800539832562208 0.00690308958292007 0.00637689558789134 0.00696051679551601 0.00676166545599699 0.0072455289773643 0.0078186821192503 0.00937999133020639 0.0119010806083679 0.0145172225311399 0.0199866741895676 0.0316260568797588 0.043701209127903 0.0519769862294197 0.0549823418259621 0.0910238325595856 0.115118727087975 0.126049965620041 0.0763542428612709 0.0747839063405991 0.0743063166737556 0.0619791485369205 0.0552346594631672 0.0473217964172363 0.0420799851417542 -3.4e+38 -3.4e+38 -3.4e+38 -3.4e+38 -3.4e+38 -3.4e+38 -3.4e+38 -3.4e+38 -3.4e+38 -3.4e+38 -3.4e+38 -3.4e+38
0.0140048675239086 0.0149050373584032 0.0147213190793991 0.0164792817085981 0.0157464034855366 0.0176858957856894 0.0186493527144194 0.0188429206609726 0.0191678944975138 0.019078953191638 0.017258832231164 0.0158447306603193 0.0142913591116667 0.0128300050273538 0.0107966167852283 0.00865992996841669 0.00874695181846619 0.00763861183077097 0.00734513998031616 0.00687912991270423 0.00761467171832919 0.00780096417292953 0.00807150825858116 0.0094404686242342 0.0113775283098221 0.0154442433267832 0.020716667175293 0.0341449379920959 0.04319903627038 0.0539240464568138 0.0720768570899963 0.130119442939758 0.112645216286182 0.145665198564529 0.147396475076675 0.150510713458061 0.0692232698202133 0.06128815934062 0.0488048978149891 0.044404212385416 0.0402016192674637 -3.4e+38 -3.4e+38 -3.4e+38 -3.4e+38 -3.4e+38 -3.4e+38 -3.4e+38 -3.4e+38 -3.4e+38 -3.4e+38 -3.4e+38
0.0130472593009472 0.0136685976758599 0.0147352451458573 0.014541195705533 0.0144871873781085 0.0160119291394949 0.0169258043169975 0.0168088972568512 0.0165766235440969 0.0160812120884657 0.0185170546174049 0.0176315531134605 0.0159720815718174 0.0148227186873555 0.0130700711160898 0.011801571585238 0.010915569961071 0.00944995041936636 0.00872074812650681 0.007026556879282 0.00706601422280073 0.00690288748592138 0.00746373692527413 0.00764899747446179 0.00893384590744972 0.0119745470583439 0.0164308734238148 0.0281542558223009 0.0433382131159306 0.0536206290125847 0.0767887979745865 0.113515630364418 0.120285153388977 0.121792376041412 0.140170603990555 0.1528689712286 0.154646754264832 0.0600132867693901 0.0522525683045387 0.0450555458664894 0.0401986911892891 -3.4e+38 -3.4e+38 -3.4e+38 -3.4e+38 -3.4e+38 -3.4e+38 -3.4e+38 -3.4e+38 -3.4e+38 -3.4e+38 -3.4e+38
0.0128334034234285 0.0125709315761924 0.0139079382643104 0.0134980343282223 0.0143047580495477 0.0141363935545087 0.01495077367872 0.0158673208206892 0.0159059073776007 0.0167920608073473 0.0160752385854721 0.015212862752378 0.015942333266139 0.0158689673990011 0.0146500812843442 0.0132293999195099 0.0121405310928822 0.0106977410614491 0.00927451718598604 0.00839371141046286 0.00688233785331249 0.00659478269517422 0.00650056172162294 0.00593993486836553 0.0061881048604846 0.00763019453734159 0.0116335684433579 0.0203452259302139 0.0364894904196262 0.0595165491104126 0.0704908221960068 0.0882739573717117 0.0989728793501854 0.134798377752304 0.117855705320835 0.134891778230667 0.164066717028618 0.143269017338753 0.164256259799004 0.0551640167832375 0.0388227663934231 0.0306893289089203 -3.4e+38 -3.4e+38 -3.4e+38 -3.4e+38 -3.4e+38 -3.4e+38 -3.4e+38 -3.4e+38 -3.4e+38 -3.4e+38
0.0131381927058101 0.0127097927033901 0.013670745305717 0.0133010568097234 0.014499593526125 0.0139706432819366 0.0147939724847674 0.0141270160675049 0.0147922830656171 0.0158860422670841 0.0149962529540062 0.0148493694141507 0.0128045184537768 0.0133544486016035 0.0138596314936876 0.0141870602965355 0.0129698198288679 0.0106915924698114 0.00934798736125231 0.00782064162194729 0.00739929871633649 0.00624063378199935 0.00608401652425528 0.00508924899622798 0.00503610027953982 0.00657223165035248 0.00956179667264223 0.016475472599268 0.029696611687541 0.0517895333468914 0.0560556091368198 0.0944847017526627 0.107006974518299 0.111150972545147 0.134756430983543 0.123184859752655 0.158358454704285 0.163566216826439 0.173955231904984 0.104215808212757 0.0385891497135162 0.0292342863976955 0.0246771853417158 -3.4e+38 -3.4e+38 -3.4e+38 -3.4e+38 -3.4e+38 -3.4e+38 -3.4e+38 -3.4e+38 -3.4e+38
0.0121882762759924 0.0117962649092078 0.0128666646778584 0.0140687134116888 0.0129493419080973 0.0136477444320917 0.0128442496061325 0.0138553595170379 0.0142026832327247 0.0142496060580015 0.0139871127903461 0.0142948841676116 0.013125216588378 0.0113015593960881 0.0130256600677967 0.0125376582145691 0.0132349003106356 0.0105346413329244 0.00912309065461159 0.00899880286306143 0.00789722241461277 0.00691714882850647 0.0059447605162859 0.00509057473391294 0.00480761891230941 0.00542046129703522 0.00816026888787746 0.0123390695080161 0.0240997802466154 0.0392097346484661 0.0654889196157455 0.0783252790570259 0.0783997997641563 0.113827213644981 0.116857208311558 0.122636578977108 0.148174911737442 0.156452536582947 0.160934314131737 0.13763652741909 0.10501916706562 0.0309373624622822 0.0217630285769701 0.0186303574591875 -3.4e+38 -3.4e+38 -3.4e+38 -3.4e+38 -3.4e+38 -3.4e+38 -3.4e+38 -3.4e+38
0.010965864174068 0.0124170733615756 0.0117787700146437 0.0132572548463941 0.0132829081267118 0.0138702671974897 0.013466477394104 0.0138700203970075 0.012871477752924 0.0146254878491163 0.0133776692673564 0.0137199433520436 0.0130273355171084 0.0114216385409236 0.0109340334311128 0.011483765207231 0.0134736597537994 0.011869034729898 0.010390474461019 0.00895298458635807 0.00801037438213825 0.00722383102402091 0.00704188505187631 0.00624716794118285 0.0061092390678823 0.00570792332291603 0.00789987575262785 0.0117358267307281 0.0214997883886099 0.0352473072707653 0.0508180819451809 0.0637915506958961 0.0679916143417358 0.0822755843400955 0.119683675467968 0.105553992092609 0.119912691414356 0.15304434299469 0.152885049581528 0.126067847013474 0.104192912578583 0.0299994722008705 0.0199791993945837 0.0154502931982279 0.0125844534486532 -3.4e+38 -3.4e+38 -3.4e+38 -3.4e+38 -3.4e+38 -3.4e+38 -3.4e+38
0.0100262202322483 0.0120939332991838 0.0131490286439657 0.012851576320827 0.013154006563127 0.0138375535607338 0.0136536471545696 0.0131224738433957 0.0138096753507853 0.0138998422771692 0.0130779771134257 0.0122135821729898 0.0124676013365388 0.0127576775848866 0.0124188410118222 0.0114560341462493 0.0117736514657736 0.0119945304468274 0.0130016021430492 0.0113031892105937 0.0100366957485676 0.00900532398372889 0.00794303603470325 0.00714304205030203 0.00685688015073538 0.00729770911857486 0.00946422573179007 0.012373342178762 0.0210591685026884 0.0281267240643501 0.0396763831377029 0.0533919781446457 0.0632705613970757 0.0785028412938118 0.0803893953561783 0.0974578335881233 0.114092580974102 0.111896529793739 0.15863037109375 0.134445011615753 0.13213974237442 0.0669619292020798 0.0211658626794815 0.0148986475542188 0.011527843773365 0.0122326090931892 -3.4e+38 -3.4e+38 -3.4e+38 -3.4e+38 -3.4e+38 -3.4e+38
0.0100484089925885 0.0109866019338369 0.0116856312379241 0.0118189658969641 0.0124559318646789 0.0135811027139425 0.013078429736197 0.0122522385790944 0.0135137736797333 0.0134218977764249 0.0128699103370309 0.0120808575302362 0.0118930824100971 0.0130614591762424 0.0127209527418017 0.0121741220355034 0.010909459553659 0.011273997835815 0.0114753367379308 0.0120835909619927 0.0113056004047394 0.010142570361495 0.00992805883288383 0.00890736468136311 0.00835250504314899 0.00917152315378189 0.00964316073805094 0.0127086136490107 0.0194257702678442 0.0297856759279966 0.0354146584868431 0.041458934545517 0.0484821423888206 0.0620942264795303 0.0826552286744118 0.0984516888856888 0.120925337076187 0.105712749063969 0.133763834834099 0.143832519650459 0.110081255435944 0.0918626263737679 0.0305902920663357 0.0175117086619139 0.0146421380341053 0.0143734058365226 0.014578839763999 0.0150662008672953 -3.4e+38 -3.4e+38 0.0145900249481201 -3.4e+38
0.00875837542116642 0.00971560180187225 0.0103832371532917 0.0115517303347588 0.0114200040698051 0.012975019402802 0.0137522276490927 0.0128322765231133 0.0127326045185328 0.0124401142820716 0.013804622925818 0.0121332611888647 0.0118306316435337 0.0128689035773277 0.012100319378078 0.0127127654850483 0.0127525124698877 0.011468093842268 0.0121342828497291 0.0120581844821572 0.0118668517097831 0.0121562909334898 0.0111531764268875 0.0108278999105096 0.0102572403848171 0.0102995429188013 0.0110924430191517 0.0124666318297386 0.0183924585580826 0.0260591451078653 0.0284806843847036 0.0300147794187069 0.0369142591953278 0.0500153750181198 0.0708815529942513 0.0671335905790329 0.0845184251666069 0.0984742492437363 0.128861472010612 0.132186025381088 0.138850882649422 0.112891830503941 0.0988218635320663 0.0268238224089146 0.0195142198354006 0.0173322856426239 0.0169311780482531 0.0165282934904099 -3.4e+38 -3.4e+38 -3.4e+38 -3.4e+38
0.00894215982407331 0.0092219291254878 0.00908929947763681 0.0101297171786427 0.0103480163961649 0.0107488613575697 0.01192741189152 0.0134124988690019 0.0133548257872462 0.0125147756189108 0.0126122310757637 0.0127485813573003 0.0140555705875158 0.0145777501165867 0.012801805511117 0.0122073739767075 0.012799390591681 0.0121873952448368 0.0110084107145667 0.011900176294148 0.0112930927425623 0.0109825348481536 0.0115952687337995 0.0110140293836594 0.0111627168953419 0.0115076927468181 0.0119602968916297 0.0170386377722025 0.0172571912407875 0.0206557046622038 0.0251710209995508 0.0265688709914684 0.0327926315367222 0.0436288081109524 0.0563910380005836 0.0738176703453064 0.0823401808738708 0.0835833325982094 0.107896976172924 0.105989061295986 0.117310553789139 0.140135765075684 0.147466167807579 0.105608060956001 0.0297764632850885 0.0235531702637672 0.0201367381960154 0.019409978762269 0.018902225419879 -3.4e+38 -3.4e+38 -3.4e+38
0.00944802071899176 0.00930600333958864 0.00890725944191217 0.00949246902018785 0.0103620104491711 0.0107962414622307 0.0122549580410123 0.0131884990260005 0.012417889200151 0.0137880127876997 0.0138176660984755 0.0141049455851316 0.013854012824595 0.0141580263152719 0.0141024477779865 0.0136927356943488 0.0126481130719185 0.011758747510612 0.0121357021853328 0.0123558370396495 0.0113628143444657 0.0109980721026659 0.0100295143201947 0.0103081706911325 0.0100828027352691 0.0102168070152402 0.0112700313329697 0.012779432348907 0.0151698244735599 0.0157893300056458 0.0188474357128143 0.0225504543632269 0.0242774430662394 0.0338795110583305 0.0457922779023647 0.0547610707581043 0.0529428906738758 0.0810398831963539 0.0834488794207573 0.0957194268703461 0.114409908652306 0.126040309667587 0.144050717353821 0.113166332244873 0.0475907325744629 0.0350597091019154 0.0245129708200693 0.0210284329950809 0.019658150151372 0.0196093339473009 -3.4e+38 -3.4e+38
0.00953962933272123 0.00991479028016329 0.00937682576477528 0.00962191633880138 0.00900751631706953 0.00949646718800068 0.0102745359763503 0.0111802369356155 0.013528692536056 0.0135251004248857 0.012910763733089 0.0137257231399417 0.0145996129140258 0.0146977882832289 0.0139867151156068 0.0134683242067695 0.0136552266776562 0.0125185810029507 0.0125163523480296 0.0120949354022741 0.0108142988756299 0.0104090394452214 0.00953328888863325 0.00962339993566275 0.00868053827434778 0.0085830157622695 0.0089759100228548 0.0109258377924562 0.0120011297985911 0.0129811633378267 0.0161373242735863 0.0169136263430119 0.0197928324341774 0.0238605979830027 0.0284053776413202 0.0433690249919891 0.0581863857805729 0.0559116043150425 0.0629775524139404 0.0927008762955666 0.101171046495438 0.107061646878719 0.121038168668747 0.153346374630928 0.0572266727685928 0.044051606208086 0.0315082669258118 0.0259331781417131 0.0220461692661047 0.0210476443171501 0.0212876107543707 -3.4e+38
0.00959816202521324 0.0097532793879509 0.00960509851574898 0.00910303369164467 0.00920610688626766 0.00921531580388546 0.00948513299226761 0.0103715537115932 0.011271676979959 0.0125707117840648 0.0122894644737244 0.013340356759727 0.015416856855154 0.013215702958405 0.0141209019348025 0.0142005402594805 0.0145474821329117 0.0132645070552826 0.0128884157165885 0.0121090831235051 0.0104114301502705 0.00988576840609312 0.00847311783581972 0.00765211740508676 0.00782568659633398 0.00731085939332843 0.00784662924706936 0.00951281562447548 0.0100142201408744 0.0107915233820677 0.0116332778707147 0.014174809679389 0.0162847321480513 0.0188846308737993 0.0221068877726793 0.0330267548561096 0.0462590046226978 0.0556540228426456 0.066273145377636 0.0682851672172546 0.083258792757988 0.103441961109638 0.106109701097012 0.147275045514107 0.0696650296449661 0.0571998432278633 0.0431105084717274 0.0309539195150137 0.0266883298754692 0.0238454751670361 0.0222453027963638 0.0211497433483601
0.00959059037268162 0.00932052824646235 0.00997057743370533 0.00944477785378695 0.00981216039508581 0.00958390347659588 0.00940670445561409 0.00977056659758091 0.0103626670315862 0.011185516603291 0.0116941276937723 0.0127004971727729 0.013766860589385 0.0134371081367135 0.0142534300684929 0.0142970588058233 0.0140388123691082 0.0143294893205166 0.0130196390673518 0.0120109766721725 0.0101729677990079 0.00952005386352539 0.00806567259132862 0.00710484525188804 0.00654860399663448 0.00662444997578859 0.00683566834777594 0.00841257162392139 0.00874555762857199 0.00950558669865131 0.00955413281917572 0.0110274972394109 0.0127144195139408 0.0157216005027294 0.0188724789768457 0.0249894373118877 0.0305644515901804 0.0408432222902775 0.0565852746367455 0.0597267225384712 0.0720331445336342 0.0910568684339523 0.110795594751835 0.140621408820152 0.145094469189644 0.0766645446419716 0.0619894042611122 0.0508125498890877 0.03505739569664 0.0281435903161764 0.0253296960145235 0.0223315749317408
