data/climate_estimation/maxent_output/Smilax_pumila.asc
NCOLS 211 
NROWS 88 
XLLCORNER -96.0833333333333 
YLLCORNER 26.75 
CELLSIZE 0.0833333333333333 
NODATA_value -3.4e+38 
[rows 0 to 21 of 88, columns 0 to 48 of 211]
0.106015048921108 0.109857387840748 0.117899119853973 0.126276046037674 0.129297241568565 0.136283501982689 0.142519220709801 0.149256438016891 0.152856677770615 0.154360726475716 0.163435220718384 0.167284801602364 0.17324386537075 0.166026204824448 0.163363218307495 0.157305330038071 0.153111144900322 0.147887691855431 0.14583745598793 0.139228031039238 0.137638911604881 0.132715463638306 0.126737371087074 0.399681597948074 0.397291094064713 0.374816209077835 0.369947254657745 0.349103480577469 0.361701428890228 0.36456036567688 0.376860737800598 0.382546246051788 0.384345948696136 0.390214443206787 0.399087011814117 0.394513547420502 0.390577375888824 0.361977130174637 0.347851872444153 0.30474066734314 0.290317416191101 0.28959983587265 0.262540459632874 0.254765301942825 0.233011916279793 0.240450263023376 0.250173330307007 0.260717839002609 0.2480588555336
0.107108443975449 0.114179275929928 0.120138071477413 0.121501564979553 0.130883052945137 0.1299709379673 0.136700108647346 0.147268787026405 0.14826588332653 0.152293533086777 0.158079728484154 0.166138082742691 0.160147428512573 0.159694865345955 0.151636883616447 0.14273165166378 0.146858870983124 0.141559094190598 0.141667187213898 0.139128893613815 0.136770114302635 0.420182138681412 0.424010306596756 0.407088130712509 0.392504930496216 0.375650674104691 0.349741339683533 0.355048447847366 0.360896855592728 0.351629108190536 0.352012127637863 0.363194137811661 0.356372207403183 0.368044883012772 0.374864399433136 0.375317007303238 0.364884436130524 0.347046494483948 0.30810821056366 0.284901052713394 0.276938498020172 0.257319211959839 0.243641495704651 0.240781709551811 0.240726143121719 0.24402642250061 0.249350488185883 0.254910618066788 0.263056099414825
0.115993291139603 0.119296550750732 0.126626595854759 0.12267179787159 0.128884226083755 0.12814362347126 0.135219365358353 0.140341520309448 0.145428359508514 0.14818286895752 0.159104660153389 0.15910279750824 0.157976940274239 0.150476291775703 0.143305227160454 0.139926567673683 0.139406636357307 0.131531968712807 0.134371444582939 0.412724137306213 0.407798737287521 0.395885169506073 0.401801973581314 0.397709548473358 0.400032341480255 0.360460340976715 0.354484170675278 0.33376869559288 0.32923835515976 0.331817984580994 0.329101890325546 0.319250345230103 0.329826980829239 0.345556229352951 0.340183287858963 0.345646411180496 0.328180253505707 0.315073788166046 0.292806535959244 0.266962736845016 0.244800090789795 0.240350440144539 0.231212809681892 0.23315042257309 0.237885430455208 0.243656232953072 0.264936536550522 0.274052143096924 0.284249931573868
0.116990849375725 0.12105643004179 0.120275005698204 0.123101830482483 0.124097764492035 0.121575057506561 0.12102360278368 0.127588838338852 0.136436387896538 0.140066936612129 0.145059853792191 0.1544209420681 0.155330136418343 0.148494347929955 0.141881570219994 0.133342906832695 0.129507511854172 0.128840565681458 0.406896144151688 0.387051641941071 0.393016517162323 0.39704293012619 0.38743069767952 0.389219671487808 0.365904271602631 0.368576318025589 0.337267249822617 0.327339857816696 0.309204936027527 0.307297319173813 0.294352501630783 0.292147874832153 0.306227594614029 0.311343491077423 0.307451635599136 0.307916134595871 0.290535151958466 0.278992414474487 0.267067462205887 0.246984660625458 0.237666726112366 0.227843269705772 0.238813012838364 0.243137449026108 0.241529062390327 0.259491503238678 0.27120503783226 0.282227843999863 0.301864475011826
0.122026175260544 0.122877605259418 0.121090844273567 0.12166940420866 0.118646152317524 0.112037137150764 0.11910505592823 0.118677377700806 0.129127457737923 0.131702899932861 0.139318019151688 0.143326997756958 0.137081205844879 0.134245634078979 0.128397434949875 0.125877678394318 0.373739540576935 0.377523809671402 0.37260827422142 0.362364798784256 0.364990293979645 0.360894352197647 0.347912728786469 0.346012592315674 0.345497101545334 0.336898744106293 0.327075958251953 0.307614356279373 0.301702618598938 0.287151485681534 0.268059998750687 0.269068449735641 0.284334242343903 0.289478063583374 0.296009182929993 0.300054103136063 0.286259442567825 0.275118857622147 0.244678407907486 0.23306468129158 0.216803088784218 0.228368207812309 0.237853154540062 0.238110780715942 0.264209300279617 0.269786208868027 0.30101278424263 0.310740917921066 0.333847850561142
0.126673728227615 0.125450924038887 0.123655900359154 0.120458155870438 0.116747438907623 0.11067458987236 0.110323078930378 0.113290332257748 0.115251421928406 0.119210034608841 0.117470249533653 0.122200891375542 0.124594934284687 0.119102157652378 0.344552755355835 0.342650413513184 0.332444816827774 0.332956880331039 0.331249564886093 0.327473610639572 0.319874823093414 0.312295466661453 0.319495618343353 0.314492106437683 0.32756581902504 0.31466880440712 0.300263851881027 0.291417092084885 0.270289927721024 0.262290060520172 0.248542115092278 0.251426786184311 0.260507166385651 0.260305881500244 0.264166176319122 0.277824968099594 0.256932109594345 0.244250506162643 0.227568954229355 0.219960033893585 0.213613271713257 0.2306307554245 0.233562812209129 0.245743483304977 0.265318840742111 0.271223723888397 0.307855993509293 0.327486902475357 0.350042372941971
0.129330188035965 0.127352431416512 0.124616049230099 0.124000042676926 0.121753886342049 0.112300135195255 0.107240311801434 0.109494417905807 0.105715535581112 0.107338540256023 0.103810183703899 0.103123635053635 0.105674304068089 0.300083935260773 0.313104182481766 0.294260442256927 0.300259590148926 0.295610338449478 0.294148117303848 0.290626645088196 0.286910772323608 0.278172552585602 0.29561460018158 0.287661045789719 0.292023241519928 0.290104418992996 0.278370767831802 0.275686830282211 0.262420445680618 0.259971141815186 0.245303675532341 0.243005275726318 0.251833468675613 0.254255414009094 0.25530281662941 0.259726464748383 0.246090784668922 0.241115108132362 0.228057950735092 0.21782112121582 0.222103834152222 0.218895092606544 0.229332879185677 0.249040082097054 0.271962642669678 0.291677981615067 0.312834680080414 0.338996529579163 0.359035938978195
0.135058656334877 0.131942719221115 0.125389575958252 0.120157271623611 0.11428739875555 0.111866548657417 0.103325232863426 0.101705983281136 0.0949685126543045 0.0899258106946945 0.0911144837737083 0.28158962726593 0.287217617034912 0.275175482034683 0.277369111776352 0.276342034339905 0.273071110248566 0.27429586648941 0.269936293363571 0.269546240568161 0.250934660434723 0.253121107816696 0.253914296627045 0.247807025909424 0.273806363344193 0.272194385528564 0.267960339784622 0.247798904776573 0.25043997168541 0.234808549284935 0.236233353614807 0.235348120331764 0.245353743433952 0.258574932813644 0.256183534860611 0.25852632522583 0.236205622553825 0.227629005908966 0.224501147866249 0.224136590957642 0.220989659428596 0.225432872772217 0.239344865083694 0.257415920495987 0.274635583162308 0.293770223855972 0.321285396814346 0.341499418020248 0.34225332736969
0.127492696046829 0.128467783331871 0.124091602861881 0.11672980338335 0.111600130796432 0.110432304441929 0.102828733623028 0.094533883035183 0.0862510800361633 0.265700787305832 0.251818537712097 0.253038018941879 0.254324048757553 0.256192922592163 0.257670223712921 0.257786363363266 0.248793214559555 0.254165053367615 0.244988083839417 0.227876797318459 0.220172628760338 0.21840138733387 0.214982777833939 0.222503110766411 0.228024914860725 0.242611721158028 0.238751262426376 0.233671456575394 0.221528992056847 0.221535250544548 0.227420777082443 0.247337341308594 0.25493797659874 0.265032321214676 0.247872889041901 0.236571356654167 0.233743160963058 0.228901788592339 0.232168257236481 0.23004375398159 0.22753532230854 0.222847551107407 0.234124302864075 0.248656764626503 0.272954732179642 0.287326872348785 0.305006593465805 0.328086614608765 0.361010849475861
0.12774969637394 0.128318458795547 0.122717633843422 0.113192573189735 0.108528599143028 0.105724550783634 0.311848640441895 0.290885776281357 0.2618368268013 0.247243627905846 0.240174144506454 0.246591791510582 0.239599496126175 0.243281543254852 0.241569593548775 0.247505843639374 0.237787142395973 0.237217724323273 0.230164781212807 0.221969664096832 0.204681053757668 0.200018525123596 0.195477902889252 0.195520281791687 0.213834300637245 0.212493553757668 0.210947558283806 0.206796899437904 0.212503090500832 0.203096553683281 0.207148984074593 0.222730025649071 0.233125492930412 0.244937136769295 0.243042945861816 0.238163113594055 0.236776515841484 0.242312341928482 0.254029989242554 0.247669264674187 0.245098114013672 0.22890716791153 0.241097569465637 0.252553850412369 0.280358999967575 0.294396072626114 0.322764843702316 0.330010682344437 0.346682071685791
0.127858996391296 0.123516909778118 0.121100082993507 0.116703540086746 0.355333268642426 0.322521835565567 0.309948772192001 0.280277967453003 0.267521053552628 0.250886291265488 0.239883571863174 0.237648233771324 0.234694764018059 0.245208784937859 0.236730769276619 0.243226185441017 0.237543478608131 0.230990156531334 0.219032466411591 0.216962322592735 0.214467212557793 0.20363561809063 0.202693447470665 0.193367809057236 0.194158628582954 0.204362258315086 0.195346236228943 0.195407748222351 0.201126828789711 0.192171096801758 0.195882797241211 0.206208944320679 0.204747051000595 0.209830179810524 0.22681450843811 0.233827739953995 0.24196070432663 0.248782470822334 0.262030959129333 0.277135848999023 0.267940670251846 0.251740127801895 0.250048279762268 0.253887951374054 0.281538099050522 0.308921784162521 0.319465070962906 0.338285535573959 0.355271130800247
0.115926571190357 0.118141874670982 0.115297146141529 0.350081115961075 0.34897118806839 0.330832004547119 0.308491706848145 0.287120163440704 0.260430037975311 0.250446975231171 0.240804806351662 0.232255727052689 0.2357287555933 0.233398973941803 0.233511999249458 0.236874431371689 0.240033626556396 0.229477137327194 0.214188650250435 0.219426214694977 0.221184685826302 0.219678208231926 0.213338658213615 0.214475572109222 0.204902276396751 0.188917472958565 0.186792463064194 0.184889614582062 0.184769555926323 0.18981871008873 0.195082068443298 0.197238191962242 0.192931413650513 0.206769332289696 0.223349362611771 0.231862276792526 0.24102945625782 0.250372409820557 0.270723849534988 0.272593915462494 0.279069989919662 0.27160233259201 0.267940670251846 0.27701935172081 0.302592486143112 0.307224452495575 0.339612156152725 0.345364719629288 0.374177098274231
0.109272569417953 0.11140238493681 0.354234546422958 0.356717377901077 0.342730969190598 0.326084911823273 0.308520942926407 0.284624576568604 0.259940207004547 0.244224369525909 0.232070967555046 0.232443392276764 0.22335097193718 0.225483953952789 0.232192784547806 0.241676419973373 0.239855408668518 0.234500259160995 0.220016404986382 0.224083319306374 0.218498438596725 0.220121935009956 0.221612975001335 0.219323486089706 0.211172565817833 0.198426812887192 0.19256454706192 0.188031405210495 0.188885301351547 0.176058009266853 0.181002750992775 0.180156901478767 0.186275899410248 0.199503511190414 0.218355402350426 0.229012534022331 0.248955339193344 0.254668593406677 0.277219921350479 0.283683508634567 0.295748770236969 0.289163291454315 0.294873058795929 0.301575630903244 0.30278554558754 0.323406904935837 0.331921577453613 0.36356908082962 0.369905680418015
0.106640070676804 0.345704674720764 0.350285619497299 0.346803456544876 0.336496412754059 0.324137777090073 0.300242215394974 0.273841679096222 0.253098338842392 0.242277398705482 0.228205472230911 0.225525870919228 0.223699405789375 0.224565297365189 0.229066804051399 0.24589928984642 0.253593862056732 0.241141721606255 0.238936319947243 0.241464734077454 0.2244972884655 0.222105383872986 0.218878880143166 0.213034376502037 0.2202408015728 0.206090047955513 0.20139916241169 0.196278497576714 0.187201052904129 0.186905786395073 0.183570772409439 0.176494926214218 0.195039093494415 0.207107797265053 0.219182923436165 0.234150007367134 0.251663327217102 0.27205291390419 0.285343796014786 0.292086154222488 0.309780955314636 0.332979142665863 0.336322575807571 0.322126597166061 0.324147135019302 0.336470693349838 0.355139940977097 0.359591156244278 0.381876438856125
0.326123535633087 0.32695198059082 0.331224650144577 0.336867362260818 0.3299520611763 0.299994885921478 0.291876494884491 0.265426278114319 0.245319947600365 0.244133293628693 0.227683007717133 0.219470873475075 0.224608525633812 0.224819108843803 0.235879465937614 0.244968459010124 0.260894060134888 0.269897282123566 0.259548187255859 0.244394659996033 0.237207069993019 0.216854467988014 0.220313236117363 0.222940444946289 0.226669490337372 0.219282001256943 0.206743687391281 0.19617560505867 0.193615287542343 0.192242056131363 0.186826288700104 0.186326503753662 0.192109689116478 0.211229875683784 0.224675759673119 0.241730958223343 0.26740425825119 0.283170223236084 0.300578236579895 0.327754259109497 0.345418989658356 0.349381417036057 0.34821692109108 0.358945041894913 0.346797972917557 0.345496743917465 0.351096600294113 0.371544629335403 0.410282701253891
0.309319287538528 0.310450077056885 0.322951316833496 0.325029969215393 0.3192118704319 0.300979107618332 0.272122919559479 0.261492341756821 0.246159061789513 0.228238239884377 0.224731042981148 0.217137575149536 0.212501302361488 0.218520030379295 0.226274535059929 0.239758104085922 0.255168586969376 0.261162102222443 0.26747852563858 0.250984013080597 0.228773608803749 0.220440492033958 0.224930018186569 0.23583148419857 0.237790241837502 0.222625494003296 0.205994173884392 0.21215046942234 0.202848002314568 0.20105105638504 0.195676401257515 0.194250538945198 0.211426585912704 0.224509343504906 0.244950398802757 0.255088210105896 0.276662856340408 0.295845121145248 0.335908710956573 0.356540501117706 0.364387601613998 0.386722952127457 0.382763773202896 0.376859277486801 0.376848340034485 0.362611800432205 0.364177167415619 0.363913506269455 0.393276065587997
0.290556341409683 0.310082793235779 0.312526404857635 0.307822018861771 0.30150693655014 0.279572188854218 0.265763819217682 0.253461420536041 0.241422906517982 0.234567999839783 0.218239158391953 0.211329326033592 0.209725230932236 0.20401294529438 0.217522785067558 0.2306799441576 0.244825437664986 0.265914469957352 0.271574437618256 0.255161732435226 0.238052085042 0.230398699641228 0.246381103992462 0.252717941999435 0.245116621255875 0.233488067984581 0.234337121248245 0.224660083651543 0.219341978430748 0.221544206142426 0.223110899329185 0.226246684789658 0.233699217438698 0.242373198270798 0.252847075462341 0.275304824113846 0.294411808252335 0.335957825183868 0.352429181337357 0.400160372257233 0.410507410764694 0.416156113147736 0.423479497432709 0.411726742982864 0.400398820638657 0.392911225557327 0.374473452568054 0.372228264808655 0.382181584835052
0.288340479135513 0.306623905897141 0.305757343769073 0.29571458697319 0.298511385917664 0.275767207145691 0.249344274401665 0.250028878450394 0.23357892036438 0.220424875617027 0.215352073311806 0.213108107447624 0.217076823115349 0.211553961038589 0.224287837743759 0.224238440394402 0.238841488957405 0.254283398389816 0.266999363899231 0.256356716156006 0.253342241048813 0.258428484201431 0.25660514831543 0.270024925470352 0.272217929363251 0.266835153102875 0.269004583358765 0.246961697936058 0.247615158557892 0.247232109308243 0.238838642835617 0.251579135656357 0.257998466491699 0.262087404727936 0.282419890165329 0.309959560632706 0.343582838773727 0.378897875547409 0.419917196035385 0.428422331809998 0.461644798517227 0.459722280502319 0.44915172457695 0.441041588783264 0.434510111808777 0.409591823816299 0.39904922246933 0.397557020187378 0.402813017368317
0.292781472206116 0.295012712478638 0.30494898557663 0.297586262226105 0.299472361803055 0.283501863479614 0.270067900419235 0.255961000919342 0.249341860413551 0.225938782095909 0.21588122844696 0.215291544795036 0.212660431861877 0.217707052826881 0.226568192243576 0.228320211172104 0.237084090709686 0.244886606931686 0.24054728448391 0.262586623430252 0.276517570018768 0.27492618560791 0.288026452064514 0.290518492460251 0.297033339738846 0.295752674341202 0.291884452104568 0.287665218114853 0.265394955873489 0.264940112829208 0.271857053041458 0.275375217199326 0.284819483757019 0.294568687677383 0.315897315740585 0.345630407333374 0.383048504590988 0.434884488582611 0.464105784893036 0.481031745672226 0.486875057220459 0.483006834983826 0.481564998626709 0.48331555724144 0.45068371295929 0.454234451055527 0.449514865875244 0.437233090400696 0.448771268129349
0.304534912109375 0.313847452402115 0.313126683235168 0.302675783634186 0.314353585243225 0.296872019767761 0.284512042999268 0.276262938976288 0.258700579404831 0.244221419095993 0.224211618304253 0.22430008649826 0.213707357645035 0.22349925339222 0.225481763482094 0.22792711853981 0.245815798640251 0.250860899686813 0.254227727651596 0.271864652633667 0.28792729973793 0.296559631824493 0.303295910358429 0.31226059794426 0.322326123714447 0.325959384441376 0.335449069738388 0.321928173303604 0.307307720184326 0.296157211065292 0.305496662855148 0.308295488357544 0.312221944332123 0.326830923557281 0.343401193618774 0.378033429384232 0.42706972360611 0.4693323969841 0.498945385217667 0.508026480674744 0.511089742183685 0.527667224407196 0.524779975414276 0.517307996749878 0.524049341678619 0.498969972133636 0.483378171920776 0.476916491985321 0.483534723520279
0.312796235084534 0.324302941560745 0.327690690755844 0.317571520805359 0.32498687505722 0.321881532669067 0.304840058088303 0.276656895875931 0.26443138718605 0.253652542829514 0.236049339175224 0.233880802989006 0.228433609008789 0.231649562716484 0.23123162984848 0.233368620276451 0.247171863913536 0.248515337705612 0.264954298734665 0.270616739988327 0.295334964990616 0.296220630407333 0.312515407800674 0.33594086766243 0.345103532075882 0.356719672679901 0.370506912469864 0.356760442256927 0.337381571531296 0.330346047878265 0.329689472913742 0.332797288894653 0.350719541311264 0.361434400081635 0.380476772785187 0.415180176496506 0.477546066045761 0.512468218803406 0.522396326065063 0.536380648612976 0.555092871189117 0.555937707424164 0.550233960151672 0.552272439002991 0.535869061946869 0.530178904533386 0.517775118350983 0.507322192192078 0.500472009181976
0.324435025453568 0.336938798427582 0.3530612885952 0.355512589216232 0.338952481746674 0.328495353460312 0.318001091480255 0.289508670568466 0.287679940462112 0.277994722127914 0.25991290807724 0.245063826441765 0.24651226401329 0.236828878521919 0.242144465446472 0.246128171682358 0.246085807681084 0.266742825508118 0.265365213155746 0.278062075376511 0.304298937320709 0.308308362960815 0.333040058612823 0.358640104532242 0.370137631893158 0.380291402339935 0.396301329135895 0.408403515815735 0.380637288093567 0.37431588768959 0.370339840650558 0.385813981294632 0.37308457493782 0.395587921142578 0.420762360095978 0.4399194419384 0.497541218996048 0.532293498516083 0.54325407743454 0.570034563541412 0.573916077613831 0.58804327249527 0.584837079048157 0.594395816326141 0.584033668041229 0.568960726261139 0.566038727760315 0.549382150173187 0.541099309921265
