data/climate_estimation/maxent_output/Smilax_riparia.asc
NCOLS 500 
NROWS 311 
XLLCORNER 101.083333333333 
YLLCORNER 17.9166666666667 
CELLSIZE 0.0833333333333333 
NODATA_value -3.4e+38 
[rows 69 to 91 of 311, columns 306 to 356 of 500]
0.306976616382599 0.327312856912613 0.332026600837708 0.344143629074097 0.36699590086937 0.361709177494049 0.376360327005386 0.363567769527435 0.362116932868958 0.358085721731186 0.369733840227127 0.356345027685165 0.355472296476364 0.362924993038177 0.378913819789886 0.395666658878326 0.397592931985855 0.423353642225266 0.450275391340256 0.521119356155396 0.593822300434113 0.642172336578369 0.661361277103424 0.72320032119751 0.758585155010223 0.76752781867981 -3.4e+38 -3.4e+38 -3.4e+38 -3.4e+38 -3.4e+38 -3.4e+38 -3.4e+38 -3.4e+38 -3.4e+38 -3.4e+38 -3.4e+38 -3.4e+38 -3.4e+38 -3.4e+38 -3.4e+38 -3.4e+38 -3.4e+38 -3.4e+38 -3.4e+38 -3.4e+38 -3.4e+38 -3.4e+38 -3.4e+38 -3.4e+38 -3.4e+38
0.298620909452438 0.31597512960434 0.339061886072159 0.345514535903931 0.381027340888977 0.398060083389282 0.408646047115326 0.369611471891403 0.366280496120453 0.378577023744583 0.37383496761322 0.351271033287048 0.342372924089432 0.353305399417877 0.366098582744598 0.386993944644928 0.402902573347092 0.429195016622543 0.478541374206543 0.564892113208771 0.580649614334106 0.647615849971771 0.666734755039215 0.692461311817169 0.723809421062469 0.749656617641449 0.765396952629089 -3.4e+38 -3.4e+38 -3.4e+38 -3.4e+38 -3.4e+38 -3.4e+38 -3.4e+38 -3.4e+38 -3.4e+38 -3.4e+38 -3.4e+38 -3.4e+38 -3.4e+38 -3.4e+38 -3.4e+38 -3.4e+38 -3.4e+38 -3.4e+38 -3.4e+38 -3.4e+38 -3.4e+38 -3.4e+38 -3.4e+38 -3.4e+38
0.289137989282608 0.293205350637436 0.322679609060287 0.370459675788879 0.405375808477402 0.404851764440536 0.414699912071228 0.393335491418839 0.387225866317749 0.379859626293182 0.358781635761261 0.343489050865173 0.340154081583023 0.351665049791336 0.373617678880692 0.386243313550949 0.415880799293518 0.422591716051102 0.52737683057785 0.577910125255585 0.598001182079315 0.602737724781036 0.638322055339813 0.603521883487701 0.695418775081635 0.732687294483185 0.764123499393463 0.774835884571075 -3.4e+38 -3.4e+38 -3.4e+38 -3.4e+38 -3.4e+38 -3.4e+38 -3.4e+38 -3.4e+38 -3.4e+38 -3.4e+38 -3.4e+38 -3.4e+38 -3.4e+38 -3.4e+38 -3.4e+38 -3.4e+38 -3.4e+38 -3.4e+38 -3.4e+38 -3.4e+38 -3.4e+38 -3.4e+38 -3.4e+38
0.30066105723381 0.305265307426453 0.313941568136215 0.362075239419937 0.41196683049202 0.424299210309982 0.415143460035324 0.407264560461044 0.400299489498138 0.355617225170135 0.334224015474319 0.340947210788727 0.343451172113419 0.348672896623611 0.372561037540436 0.380298793315887 0.39615872502327 0.419655293226242 0.446724236011505 0.542821049690247 0.598385870456696 0.619634509086609 0.638552367687225 0.489003449678421 0.58435320854187 0.695539772510529 0.745706379413605 0.773196041584015 0.777077674865723 -3.4e+38 -3.4e+38 -3.4e+38 -3.4e+38 -3.4e+38 -3.4e+38 -3.4e+38 -3.4e+38 -3.4e+38 -3.4e+38 -3.4e+38 -3.4e+38 -3.4e+38 -3.4e+38 -3.4e+38 -3.4e+38 -3.4e+38 -3.4e+38 -3.4e+38 -3.4e+38 -3.4e+38 -3.4e+38
0.336166858673096 0.327835589647293 0.317733466625214 0.330712676048279 0.388187974691391 0.414337754249573 0.408214330673218 0.386844307184219 0.370886653661728 0.344323724508286 0.331540554761887 0.339841097593307 0.343398094177246 0.347777366638184 0.360384970903397 0.37002158164978 0.392024576663971 0.424872577190399 0.478577643632889 0.512409150600433 0.5951868891716 0.624614953994751 0.561692476272583 0.611266553401947 0.642023384571075 0.588314652442932 0.723745703697205 0.759220540523529 0.766623735427856 0.775824666023254 -3.4e+38 -3.4e+38 -3.4e+38 -3.4e+38 -3.4e+38 -3.4e+38 -3.4e+38 -3.4e+38 -3.4e+38 -3.4e+38 -3.4e+38 -3.4e+38 -3.4e+38 -3.4e+38 -3.4e+38 -3.4e+38 -3.4e+38 -3.4e+38 -3.4e+38 -3.4e+38 -3.4e+38
0.361511141061783 0.35380282998085 0.344757795333862 0.345103085041046 0.351444959640503 0.349844515323639 0.357961267232895 0.349721133708954 0.365185767412186 0.332806587219238 0.340442359447479 0.340667545795441 0.349296569824219 0.348172008991241 0.356586694717407 0.372915118932724 0.394982516765594 0.420817583799362 0.477587074041367 0.537745118141174 0.585642278194427 0.604001343250275 0.63383162021637 0.649668097496033 0.61958909034729 0.596050918102264 0.688260495662689 0.717371821403503 0.748680830001831 0.774731159210205 0.78039026260376 -3.4e+38 -3.4e+38 -3.4e+38 -3.4e+38 -3.4e+38 -3.4e+38 -3.4e+38 -3.4e+38 -3.4e+38 -3.4e+38 -3.4e+38 -3.4e+38 -3.4e+38 -3.4e+38 -3.4e+38 -3.4e+38 -3.4e+38 -3.4e+38 -3.4e+38 -3.4e+38
0.383463203907013 0.371281623840332 0.368910163640976 0.353635787963867 0.360655605792999 0.350894153118134 0.345928251743317 0.354956835508347 0.34920546412468 0.351749062538147 0.349687933921814 0.366335153579712 0.367003798484802 0.354916423559189 0.364514023065567 0.397285044193268 0.383340120315552 0.409719586372375 0.44877028465271 0.517651200294495 0.584102213382721 0.60624748468399 0.625981211662292 0.647232055664062 0.597468912601471 0.674635767936707 0.662350296974182 0.699958443641663 0.733992099761963 0.762775599956512 0.778915166854858 -3.4e+38 -3.4e+38 -3.4e+38 -3.4e+38 -3.4e+38 -3.4e+38 -3.4e+38 -3.4e+38 -3.4e+38 -3.4e+38 -3.4e+38 -3.4e+38 -3.4e+38 -3.4e+38 -3.4e+38 -3.4e+38 -3.4e+38 -3.4e+38 -3.4e+38 0.497454345226288
0.414415091276169 0.401779055595398 0.384649097919464 0.370631486177444 0.374172002077103 0.371772050857544 0.366625219583511 0.366148889064789 0.358466506004333 0.365347653627396 0.370956003665924 0.364673256874084 0.361002862453461 0.369089275598526 0.369972586631775 0.377617180347443 0.386329412460327 0.408358156681061 0.472259163856506 0.526627123355865 0.569524466991425 0.589386284351349 0.616237044334412 0.626363337039948 0.665444672107697 0.677501797676086 0.693587839603424 0.696512341499329 0.613925814628601 0.756382882595062 0.776662945747375 0.783091247081757 -3.4e+38 -3.4e+38 -3.4e+38 -3.4e+38 -3.4e+38 -3.4e+38 -3.4e+38 -3.4e+38 -3.4e+38 -3.4e+38 -3.4e+38 -3.4e+38 -3.4e+38 -3.4e+38 -3.4e+38 -3.4e+38 -3.4e+38 -3.4e+38 0.517252743244171
0.413618385791779 0.420107930898666 0.408624261617661 0.392276734113693 0.399568885564804 0.382324069738388 0.38444721698761 0.380051732063293 0.378045082092285 0.371127218008041 0.37352854013443 0.371850788593292 0.369192719459534 0.377856403589249 0.378534525632858 0.385251462459564 0.388391107320786 0.469225496053696 0.48212993144989 0.540826857089996 0.566415905952454 0.58347225189209 0.599030196666718 0.639311552047729 0.642215967178345 0.678336381912231 0.685783505439758 0.693334519863129 0.664953231811523 0.743618607521057 0.764379262924194 0.778788328170776 0.785049498081207 -3.4e+38 -3.4e+38 -3.4e+38 -3.4e+38 -3.4e+38 -3.4e+38 -3.4e+38 -3.4e+38 -3.4e+38 -3.4e+38 -3.4e+38 -3.4e+38 -3.4e+38 -3.4e+38 -3.4e+38 -3.4e+38 -3.4e+38 -3.4e+38
0.455509066581726 0.442967563867569 0.412764757871628 0.416892528533936 0.409861922264099 0.396307200193405 0.387776404619217 0.380710124969482 0.390551686286926 0.398972570896149 0.390974789857864 0.390251755714417 0.391376554965973 0.389987289905548 0.390177041292191 0.398813933134079 0.428341150283813 0.471053749322891 0.494616866111755 0.499905169010162 0.514388561248779 0.566236078739166 0.576532781124115 0.605664074420929 0.644199132919312 0.657509744167328 0.684812068939209 0.686464369297028 0.643494129180908 0.732951402664185 0.746524274349213 0.768238484859467 0.781151831150055 -3.4e+38 -3.4e+38 -3.4e+38 -3.4e+38 -3.4e+38 -3.4e+38 -3.4e+38 -3.4e+38 -3.4e+38 -3.4e+38 -3.4e+38 -3.4e+38 -3.4e+38 -3.4e+38 -3.4e+38 -3.4e+38 -3.4e+38 -3.4e+38
0.455094486474991 0.441292285919189 0.429233402013779 0.418041437864304 0.407227069139481 0.397789061069489 0.387872993946075 0.399765491485596 0.396115064620972 0.402526795864105 0.409024626016617 0.395545214414597 0.393973737955093 0.397052377462387 0.40385314822197 0.414476424455643 0.453713536262512 0.462258517742157 0.471470504999161 0.482564300298691 0.506170213222504 0.520896375179291 0.567347347736359 0.586618959903717 0.626804530620575 0.650433719158173 0.676061809062958 0.60884302854538 0.633592188358307 0.727041363716125 0.728886246681213 0.751020908355713 0.775699734687805 0.789156138896942 -3.4e+38 -3.4e+38 -3.4e+38 -3.4e+38 -3.4e+38 -3.4e+38 -3.4e+38 -3.4e+38 -3.4e+38 -3.4e+38 -3.4e+38 -3.4e+38 -3.4e+38 -3.4e+38 -3.4e+38 -3.4e+38 -3.4e+38
0.468799650669098 0.460789412260056 0.447608113288879 0.418996453285217 0.401527673006058 0.388334214687347 0.389157205820084 0.402506679296494 0.401702582836151 0.406082004308701 0.408116310834885 0.414214581251144 0.399596720933914 0.404647439718246 0.39962050318718 0.41482275724411 0.428652107715607 0.443625658750534 0.435816198587418 0.461701184511185 0.501710176467896 0.516772568225861 0.544324994087219 0.572997689247131 0.593761086463928 0.632243692874908 0.673223376274109 0.640758156776428 0.656219601631165 0.715250551700592 0.737010598182678 0.756213486194611 0.776054322719574 0.78294837474823 -3.4e+38 -3.4e+38 -3.4e+38 -3.4e+38 -3.4e+38 -3.4e+38 -3.4e+38 -3.4e+38 -3.4e+38 -3.4e+38 -3.4e+38 -3.4e+38 -3.4e+38 -3.4e+38 -3.4e+38 -3.4e+38 -3.4e+38
-3.4e+38 -3.4e+38 0.450168281793594 0.437419146299362 0.404926329851151 0.392079025506973 0.391339659690857 0.4090236723423 0.41156804561615 0.406359612941742 0.411186784505844 0.411870360374451 0.414003163576126 0.408580660820007 0.417177975177765 0.417541086673737 0.43261906504631 0.440198540687561 0.448870271444321 0.464433789253235 0.463857293128967 0.491465121507645 0.543745517730713 0.578300774097443 0.601296365261078 0.624291360378265 0.660758137702942 0.691340923309326 0.702756345272064 0.71651554107666 0.725903391838074 0.741046071052551 0.770225644111633 0.779534041881561 0.78162556886673 -3.4e+38 -3.4e+38 -3.4e+38 -3.4e+38 -3.4e+38 -3.4e+38 -3.4e+38 -3.4e+38 -3.4e+38 -3.4e+38 -3.4e+38 -3.4e+38 -3.4e+38 -3.4e+38 -3.4e+38 -3.4e+38
0.512643873691559 0.485232084989548 0.478956311941147 0.443851917982101 0.433383941650391 0.421281844377518 0.412597686052322 0.414285123348236 0.430088192224503 0.422630876302719 0.417160183191299 0.41878405213356 0.428528666496277 0.41870442032814 0.428453981876373 0.420676320791245 0.433781534433365 0.440267205238342 0.44465559720993 0.465694516897202 0.468523532152176 0.492186695337296 0.573998510837555 0.560550451278687 0.539954364299774 0.549202919006348 0.612324893474579 0.637508511543274 0.675325512886047 0.700022339820862 0.731184840202332 0.743751585483551 0.762213170528412 0.774886071681976 -3.4e+38 -3.4e+38 -3.4e+38 -3.4e+38 -3.4e+38 -3.4e+38 -3.4e+38 -3.4e+38 -3.4e+38 -3.4e+38 -3.4e+38 -3.4e+38 -3.4e+38 -3.4e+38 -3.4e+38 -3.4e+38 -3.4e+38
0.532338798046112 0.507441759109497 0.484738826751709 0.476061314344406 0.463237226009369 0.454801559448242 0.445833146572113 0.440654337406158 0.444762825965881 0.443271607160568 0.421010941267014 0.423665523529053 0.419894963502884 0.420278578996658 0.430570036172867 0.440600663423538 0.441641241312027 0.451146453619003 0.465639799833298 0.50254362821579 0.511174917221069 0.503186762332916 0.537007629871368 0.486700266599655 0.496057271957397 0.521305084228516 0.556036651134491 0.598049998283386 0.636979639530182 0.67931592464447 0.726380169391632 0.741822779178619 0.756564617156982 0.772185504436493 0.771375417709351 -3.4e+38 -3.4e+38 -3.4e+38 -3.4e+38 -3.4e+38 -3.4e+38 -3.4e+38 -3.4e+38 -3.4e+38 -3.4e+38 -3.4e+38 -3.4e+38 -3.4e+38 -3.4e+38 -3.4e+38 -3.4e+38
0.551328539848328 0.531610906124115 0.508069515228271 0.50259655714035 0.480126827955246 0.467733979225159 0.458671778440475 0.463684499263763 0.45919942855835 0.452824383974075 0.439786493778229 0.428350031375885 0.429706573486328 0.436721354722977 0.436878442764282 0.440060347318649 0.456356555223465 0.483655631542206 0.472954481840134 0.504516839981079 0.513306796550751 0.51401549577713 0.501225829124451 0.474600613117218 0.481253236532211 0.502049922943115 0.538800060749054 0.577841699123383 0.631474912166595 0.666846930980682 0.703441619873047 0.728539884090424 0.750542998313904 0.766548752784729 0.773805499076843 -3.4e+38 -3.4e+38 -3.4e+38 -3.4e+38 -3.4e+38 -3.4e+38 -3.4e+38 -3.4e+38 -3.4e+38 -3.4e+38 -3.4e+38 -3.4e+38 -3.4e+38 -3.4e+38 -3.4e+38 -3.4e+38
0.56704193353653 0.535734295845032 0.52970564365387 0.519584357738495 0.509638845920563 0.49738147854805 0.480745613574982 0.489256083965302 0.467314660549164 0.461313873529434 0.44112092256546 0.448723971843719 0.453450620174408 0.442225635051727 0.454212367534637 0.465948343276978 0.483130156993866 0.490311056375504 0.469549059867859 0.481662839651108 0.472491979598999 0.474453568458557 0.457125157117844 0.445798814296722 0.478638917207718 0.4837546646595 0.510945737361908 0.533644556999207 0.585667729377747 0.624902069568634 0.649235963821411 0.713159143924713 0.7479287981987 0.749380946159363 0.76587450504303 -3.4e+38 -3.4e+38 -3.4e+38 -3.4e+38 -3.4e+38 -3.4e+38 -3.4e+38 -3.4e+38 -3.4e+38 -3.4e+38 -3.4e+38 -3.4e+38 -3.4e+38 -3.4e+38 -3.4e+38 -3.4e+38
0.578101634979248 0.556879580020905 0.548821151256561 0.542016208171844 0.525184154510498 0.529053628444672 0.517198145389557 0.495003014802933 0.486712068319321 0.483822613954544 0.46055606007576 0.458349853754044 0.457452118396759 0.463921070098877 0.470871269702911 0.471907734870911 0.490690410137177 0.472283542156219 0.481275796890259 0.4599629342556 0.44545516371727 0.444078296422958 0.446430951356888 0.446027487516403 0.461928099393845 0.453046679496765 0.491247922182083 0.517858803272247 0.554008722305298 0.596084535121918 0.633350133895874 0.684231221675873 0.696756482124329 0.731393456459045 0.75302129983902 -3.4e+38 -3.4e+38 -3.4e+38 -3.4e+38 -3.4e+38 -3.4e+38 -3.4e+38 -3.4e+38 -3.4e+38 -3.4e+38 -3.4e+38 -3.4e+38 -3.4e+38 -3.4e+38 -3.4e+38 -3.4e+38
0.582698225975037 0.574235320091248 0.567951321601868 0.557285249233246 0.534474313259125 0.54162859916687 0.52617359161377 0.516448438167572 0.496269464492798 0.491242617368698 0.487536728382111 0.469928562641144 0.482260823249817 0.475074857473373 0.474032580852509 0.50414502620697 0.488266408443451 0.473650813102722 0.459753125905991 0.464981138706207 0.449218958616257 0.448608934879303 0.431564331054688 0.43085715174675 0.433840394020081 0.436163365840912 0.459885627031326 0.483763337135315 0.541057407855988 0.565957725048065 0.602944910526276 0.683684170246124 0.694528162479401 0.687890589237213 0.721982479095459 -3.4e+38 -3.4e+38 -3.4e+38 -3.4e+38 -3.4e+38 -3.4e+38 -3.4e+38 -3.4e+38 -3.4e+38 -3.4e+38 -3.4e+38 -3.4e+38 -3.4e+38 -3.4e+38 -3.4e+38 -3.4e+38
0.600228488445282 0.593925893306732 0.586733937263489 0.573110342025757 0.554353415966034 0.551764249801636 0.524888336658478 0.523523926734924 0.517997682094574 0.515637099742889 0.496815592050552 0.496836155653 0.495401561260223 0.486376643180847 0.477729380130768 0.494297653436661 0.501264810562134 0.48346421122551 0.477145671844482 0.465963095426559 0.450642913579941 0.433920741081238 0.44549635052681 0.442721575498581 0.432699143886566 0.435431241989136 0.472313076257706 0.483520895242691 0.519440233707428 0.546080827713013 0.614351809024811 0.656719207763672 0.663514494895935 0.687282681465149 0.704931855201721 -3.4e+38 -3.4e+38 -3.4e+38 -3.4e+38 -3.4e+38 -3.4e+38 -3.4e+38 -3.4e+38 -3.4e+38 -3.4e+38 -3.4e+38 -3.4e+38 -3.4e+38 -3.4e+38 -3.4e+38 -3.4e+38
0.622137486934662 0.608113050460815 0.586731612682343 0.578047215938568 0.553524553775787 0.551383972167969 0.551033437252045 0.557593703269958 0.542455077171326 0.526531517505646 0.525983095169067 0.50945907831192 0.509654939174652 0.494713842868805 0.501896798610687 0.501343071460724 0.493944942951202 0.489527195692062 0.480277389287949 0.462797909975052 0.436817914247513 0.436906069517136 0.414326280355453 0.417825818061829 0.418026626110077 0.436450392007828 0.458933621644974 0.506268501281738 0.53617912530899 0.561220765113831 0.601199090480804 0.653402328491211 0.648541331291199 0.689306080341339 0.70498138666153 -3.4e+38 -3.4e+38 -3.4e+38 -3.4e+38 -3.4e+38 -3.4e+38 -3.4e+38 -3.4e+38 -3.4e+38 -3.4e+38 -3.4e+38 -3.4e+38 -3.4e+38 -3.4e+38 -3.4e+38 -3.4e+38
0.64000803232193 0.627168238162994 0.605899333953857 0.579202473163605 0.568986892700195 0.565366327762604 0.565435826778412 0.566876649856567 0.567543208599091 0.555578649044037 0.547349512577057 0.531758308410645 0.519341230392456 0.51960152387619 0.509516596794128 0.525260210037231 0.511821866035461 0.503322422504425 0.478117495775223 0.462334245443344 0.452227681875229 0.43398854136467 0.421209752559662 0.419620871543884 0.422497510910034 0.42391711473465 0.461000323295593 0.493562251329422 0.518748044967651 0.55690586566925 0.596736788749695 0.655788123607635 0.694037795066833 0.671625196933746 -3.4e+38 -3.4e+38 -3.4e+38 -3.4e+38 -3.4e+38 -3.4e+38 -3.4e+38 -3.4e+38 -3.4e+38 -3.4e+38 -3.4e+38 -3.4e+38 -3.4e+38 -3.4e+38 -3.4e+38 -3.4e+38 -3.4e+38
0.659200668334961 0.651574432849884 0.628134787082672 0.601820349693298 0.589878857135773 0.562889277935028 0.562799155712128 0.572667479515076 0.587751507759094 0.568820595741272 0.567008852958679 0.563385903835297 0.552919268608093 0.526541769504547 0.515819549560547 0.51864367723465 0.517186403274536 0.505854547023773 0.46613347530365 0.452451378107071 0.437920242547989 0.415488630533218 0.422837376594543 0.422397494316101 0.423965066671371 0.427909284830093 0.4594786465168 0.511780440807343 0.560939252376556 0.572999179363251 0.597674369812012 0.65500944852829 0.66693913936615 0.656004846096039 -3.4e+38 -3.4e+38 -3.4e+38 -3.4e+38 -3.4e+38 -3.4e+38 -3.4e+38 -3.4e+38 -3.4e+38 -3.4e+38 -3.4e+38 -3.4e+38 -3.4e+38 -3.4e+38 -3.4e+38 -3.4e+38 -3.4e+38
