data/climate_estimation/maxent_output/Smilax_rotundifolia.asc
NCOLS 445 
NROWS 188 
XLLCORNER -101 
YLLCORNER 29.0833333333333 
CELLSIZE 0.0833333333333333 
NODATA_value -3.4e+38 
[rows 105 to 125 of 188, columns 0 to 47 of 445]
0.00122840295080096 0.00122317939531058 0.00128615053836256 0.00139893509913236 0.00146499590482563 0.00143443385604769 0.00151164596900344 0.00165335077326745 0.00203093909658492 0.00219226907938719 0.00268045882694423 0.00282071158289909 0.0030890884809196 0.00322637939825654 0.0039687268435955 0.00447995634749532 0.00499231228604913 0.00505755795165896 0.00573037005960941 0.00575225241482258 0.00651909876614809 0.00731379864737391 0.00818744394928217 0.00826944783329964 0.00916928052902222 0.00921779591590166 0.00914917886257172 0.0101386746391654 0.0101517150178552 0.0101480716839433 0.0114323832094669 0.011489219032228 0.0114831812679768 0.0114068333059549 0.0113872326910496 0.0126957911998034 0.0126555897295475 0.0142079787328839 0.0142849562689662 0.0162233896553516 0.0183687247335911 0.0210149120539427 0.023892542347312 0.0264399982988834 0.026726208627224 0.0298285782337189 0.0299978945404291 0.0335706435143948
0.00151990819722414 0.00150690146256238 0.00150801846757531 0.00164238456636667 0.00182005658280104 0.00178222719114274 0.00180169066879898 0.00187754374928772 0.00205023144371808 0.00215254304930568 0.00234985561110079 0.00285395793616772 0.00313311535865068 0.00402269698679447 0.00418647890910506 0.0045447158627212 0.00506308022886515 0.00512034771963954 0.00571554712951183 0.00571514340117574 0.00652248412370682 0.00735702645033598 0.0082374457269907 0.00929639022797346 0.0103618679568172 0.0103551410138607 0.0103803435340524 0.0103707341477275 0.0114430906251073 0.0115605071187019 0.0129712568596005 0.0128428554162383 0.0129058286547661 0.012921973131597 0.0128499679267406 0.0142690697684884 0.014381842687726 0.0159786641597748 0.0162263717502356 0.0183032173663378 0.0207943767309189 0.0236212573945522 0.0240280777215958 0.0267970319837332 0.0299294628202915 0.0297959391027689 0.0337795577943325 0.03761300817132
0.00165917514823377 0.00165794615168124 0.00194303737953305 0.00205270363949239 0.00222974107600749 0.00201771967113018 0.00222814339213073 0.00230572512373328 0.00244066119194031 0.00265892292372882 0.00279235793277621 0.00301608582958579 0.00332545558921993 0.00401752721518278 0.00441846391186118 0.00456030573695898 0.00513365678489208 0.00511581357568502 0.00579183315858245 0.00575693836435676 0.00651646079495549 0.0073250443674624 0.00827530864626169 0.00931862089782953 0.0104328328743577 0.0104623287916183 0.0104672117158771 0.0104232737794518 0.0116586340591311 0.0116683961823583 0.0131285963580012 0.0130605371668935 0.0129776308313012 0.0130268577486277 0.014483354985714 0.0144603298977017 0.0160523522645235 0.0180983804166317 0.0183504614979029 0.0206050649285316 0.0209128875285387 0.023497773334384 0.0266309101134539 0.0265974197536707 0.0297885872423649 0.0301649626344442 0.0336043871939182 0.0380147024989128
0.00213962257839739 0.00214001862332225 0.00214122771285474 0.00213626911863685 0.00226898351684213 0.00250036781653762 0.00248668412677944 0.00233613885939121 0.00254276394844055 0.00266022514551878 0.00292689260095358 0.00315993768163025 0.00387758086435497 0.0041065625846386 0.00449762772768736 0.00460588233545423 0.00517410784959793 0.00581655045971274 0.00654131732881069 0.00651028845459223 0.00739546259865165 0.00829046964645386 0.00942127127200365 0.0105718038976192 0.0105820950120687 0.0118204392492771 0.0118161048740149 0.0118619864806533 0.0118575012311339 0.0131596969440579 0.0130717884749174 0.0130655150860548 0.0131238643079996 0.0146422358229756 0.0144460638985038 0.0163084026426077 0.018173823133111 0.0180800035595894 0.0204063840210438 0.0207988452166319 0.0232864953577518 0.0235710684210062 0.0264621041715145 0.0266512986272573 0.0299142841249704 0.0299808606505394 0.0339949578046799 0.0384576581418514
0.00231660762801766 0.00232948968186975 0.0023775442969054 0.00253678043372929 0.002675776835531 0.00280526769347489 0.00262347073294222 0.00276259030215442 0.00284291221760213 0.00313435541465878 0.00342817883938551 0.00375066790729761 0.00395450461655855 0.00427980674430728 0.00450565852224827 0.00465202378109097 0.00522549636662006 0.00585636496543884 0.00657891947776079 0.00728219002485275 0.00828646309673786 0.00931795872747898 0.0105297435075045 0.0106288623064756 0.0119251338765025 0.0119505012407899 0.011938457377255 0.011938457377255 0.0119958864524961 0.0133593790233135 0.0132033349946141 0.0131607772782445 0.0130854491144419 0.0146542834118009 0.0162598788738251 0.0181506499648094 0.0203935150057077 0.0230330917984247 0.0230269078165293 0.0233383327722549 0.023402065038681 0.0234002526849508 0.0237209349870682 0.0266252085566521 0.0267147403210402 0.0301293712109327 0.0341070294380188 0.038430031388998
0.00257230922579765 0.00261000567115843 0.00259006838314235 0.00282838335260749 0.0028136488981545 0.00282548484392464 0.00264038750901818 0.00276721944101155 0.00288787647150457 0.00315746176056564 0.00329266721382737 0.0037550488486886 0.00412461999803782 0.00508156418800354 0.00521595403552055 0.00521526020020247 0.00588269717991352 0.00586765957996249 0.00741404807195067 0.00821295659989119 0.00832868460565805 0.00930893886834383 0.0105000725015998 0.011947994120419 0.0134515063837171 0.0134472344070673 0.0133960880339146 0.0135474009439349 0.0134813822805882 0.0134035171940923 0.01330875325948 0.0148531077429652 0.0148131344467402 0.0163958612829447 0.018423393368721 0.0204019397497177 0.0230730902403593 0.0259340833872557 0.0261085107922554 0.0262084566056728 0.0263743922114372 0.0235425177961588 0.0236370898783207 0.0264019258320332 0.0266787949949503 0.0301514901220798 0.0342448279261589 0.0387673936784267
0.00269607151858509 0.00259566702879965 0.00253141275607049 0.00253306794911623 0.00255336705595255 0.00287185283377767 0.00266094109974802 0.0027828230522573 0.00290093547664583 0.00303380540572107 0.00329098221845925 0.00365072349086404 0.0041573285125196 0.00513474503532052 0.00528729613870382 0.00528399227187037 0.00585711607709527 0.00664929999038577 0.00747636239975691 0.00839675310999155 0.00831792131066322 0.00935620162636042 0.0105330813676119 0.0119447354227304 0.0151814594864845 0.0152591420337558 0.0151183502748609 0.0135475834831595 0.0150762991979718 0.0149563504382968 0.0149119030684233 0.0166088230907917 0.0186212230473757 0.0186522323638201 0.0232603289186954 0.0262603145092726 0.0291105788201094 0.0328243784606457 0.0295580681413412 0.0297275073826313 0.0266187321394682 0.0267443992197514 0.0265140850096941 0.0236902050673962 0.0298557765781879 0.0342263504862785 0.0384983904659748 0.0439557582139969
0.00297704548574984 0.00290405005216599 0.00279287272132933 0.00302081764675677 0.00258249021135271 0.00258859270252287 0.00257490971125662 0.00267897523008287 0.00291454209946096 0.00303403846919537 0.0032985657453537 0.00365737779065967 0.00420081475749612 0.00515253376215696 0.00526624592021108 0.00527199031785131 0.00593581097200513 0.00658871652558446 0.00744955334812403 0.00836154818534851 0.00824763812124729 0.00920997187495232 0.0104417419061065 0.0134085156023502 0.0151682980358601 0.0153430197387934 0.0153527781367302 0.0151657955721021 0.0152854705229402 0.0168980993330479 0.0167469084262848 0.0189600717276335 0.0209661833941936 0.0233431924134493 0.0263441652059555 0.0297753401100636 0.0371127985417843 0.0374751389026642 0.0337947979569435 0.0338941365480423 0.0303287897258997 0.0303847976028919 0.029946681112051 0.0301289763301611 0.0341891199350357 0.0387296415865421 0.0436907932162285 0.0497763678431511
0.00336179067380726 0.00339908362366259 0.00317167141474783 0.00322859035804868 0.00324558955617249 0.00319682690314949 0.00317108002491295 0.00280572823248804 0.00278955860994756 0.0030398815870285 0.00336349476128817 0.00368080171756446 0.00472916476428509 0.00516732223331928 0.00529977958649397 0.00599811039865017 0.00600004754960537 0.00672022439539433 0.00749358022585511 0.00843054056167603 0.00828808732330799 0.00924558192491531 0.0104370275512338 0.0132815828546882 0.0151982512325048 0.0172146558761597 0.0172067135572433 0.0170178357511759 0.017109252512455 0.0170663259923458 0.0188406277447939 0.0212169792503119 0.0212460178881884 0.0236587412655354 0.026597848162055 0.0300300233066082 0.0339500419795513 0.0381738655269146 0.0344252772629261 0.0344881787896156 0.0349198952317238 0.0351849868893623 0.0350817777216434 0.0390746593475342 0.0391024351119995 0.0440961867570877 0.0497469715774059 0.0560134015977383
0.00355651252903044 0.0034218062646687 0.00348374154418707 0.00350626185536385 0.00357245071791112 0.00339754647575319 0.0031902315095067 0.00282267620787024 0.00279630743898451 0.00306242587976158 0.00335732707753778 0.00414507417008281 0.0047907680273056 0.00602867128327489 0.00600993633270264 0.00605681212618947 0.00672750361263752 0.00754147954285145 0.00841651204973459 0.00837635807693005 0.00940522830933332 0.0105197299271822 0.01181585714221 0.0134752057492733 0.0152418296784163 0.0172013640403748 0.0173511635512114 0.0191579069942236 0.0191886946558952 0.0190948620438576 0.0191733967512846 0.0213322024792433 0.0241470765322447 0.0241018440574408 0.0272568687796593 0.0305331479758024 0.030786944553256 0.0351390056312084 0.0352538488805294 0.0353752821683884 0.0357960276305676 0.0401424802839756 0.0452056489884853 0.0502366870641708 0.050215907394886 0.0503917895257473 0.0561192557215691 0.0636406913399696
0.00354631268419325 0.00344961718656123 0.00331233255565166 0.00337962643243372 0.00327350897714496 0.00311562698334455 0.00263275695033371 0.00273586879484355 0.00284197716973722 0.00299294805154204 0.00327327265404165 0.0041882898658514 0.00483888108283281 0.0060504381544888 0.00605736579746008 0.00682928832247853 0.00676256744191051 0.00755337020382285 0.00850006192922592 0.00943725742399693 0.0106584066525102 0.0119077572599053 0.0134880654513836 0.0152875622734427 0.0172375869005919 0.0195909179747105 0.0195527747273445 0.0195521265268326 0.0194747317582369 0.0216419529169798 0.0216963887214661 0.0243535712361336 0.0242973808199167 0.0245072096586227 0.027631226927042 0.0277014523744583 0.0314630009233952 0.0317014493048191 0.0356354974210262 0.0364605113863945 0.041057612746954 0.0455387085676193 0.0507318302989006 0.0567412339150906 0.0565271563827991 0.0561815239489079 0.0633577331900597 0.0707745477557182
0.00327507010661066 0.00313634821213782 0.00304268230684102 0.0030891876667738 0.0025211360771209 0.00254195043817163 0.00254269177094102 0.00264214840717614 0.00290751573629677 0.00354304467327893 0.0037564744707197 0.00425920076668262 0.00465658400207758 0.00532229663804173 0.00608657812699676 0.00681223161518574 0.00767664425075054 0.00855920370668173 0.0095335841178894 0.0107067096978426 0.0106425462290645 0.0118163172155619 0.0121156806126237 0.0131451664492488 0.0153703214600682 0.019909780472517 0.0249868463724852 0.0246788244694471 0.0219302736222744 0.0218870434910059 0.0244095120579004 0.0245479438453913 0.0246170107275248 0.0277217626571655 0.0277642887085676 0.0281367842108011 0.0282528735697269 0.0322972759604454 0.0365242660045624 0.0366467982530594 0.0411946401000023 0.0510686710476875 0.0568274594843388 0.0569950118660927 0.0633062124252319 0.0706622824072838 0.0707386210560799 0.0794108361005783
0.00327122234739363 0.00314359553158283 0.00304187368601561 0.00294017652049661 0.00283375475555658 0.00242987275123596 0.00300531950779259 0.00302603258751333 0.00318802031688392 0.00345512246713042 0.0038172691129148 0.00414524832740426 0.00469509465619922 0.00518018053844571 0.00618643825873733 0.00693864282220602 0.0077020488679409 0.00870884116739035 0.00964333675801754 0.0107488371431828 0.0121873682364821 0.0110682770609856 0.0109196184203029 0.0110580455511808 0.0140473302453756 0.0184076856821775 0.0262607745826244 0.0277683362364769 0.0275903809815645 0.0245134551078081 0.0246515348553658 0.0279483254998922 0.0279776640236378 0.027923921123147 0.0278798323124647 0.0283345300704241 0.0284147839993238 0.0324344448745251 0.0365670137107372 0.0410500802099705 0.0461142770946026 0.051813255995512 0.0572270415723324 0.0641618147492409 0.0710029974579811 0.0709202215075493 0.0788701176643372 0.0794532150030136
0.00325547927059233 0.00328610837459564 0.00316406274214387 0.00305834645405412 0.00296920444816351 0.00271864095702767 0.00287771574221551 0.00293014454655349 0.00305151613429189 0.00339555833488703 0.00366275128908455 0.0039942697621882 0.00457863276824355 0.00581486849114299 0.0062339841388166 0.00696569262072444 0.00783973187208176 0.00872733909636736 0.00971237849444151 0.0108449403196573 0.0121025862172246 0.0115812495350838 0.0101925358176231 0.0100590847432613 0.0133624793961644 0.0193538721650839 0.0327073037624359 0.0310910176485777 0.0307493880391121 0.0307961963117123 0.0277989264577627 0.0279374718666077 0.0278468281030655 0.0277878809720278 0.0281599424779415 0.0282554663717747 0.0318126119673252 0.0323737673461437 0.0366517417132854 0.0413357056677341 0.0519324317574501 0.0580842010676861 0.0643711239099503 0.0716272592544556 0.0795027762651443 0.0795094296336174 0.0881513059139252 0.0876376703381538
0.00256192125380039 0.00302447937428951 0.00304724462330341 0.00296013243496418 0.00260425242595375 0.00258084270171821 0.00275676022283733 0.00279335537925363 0.00297967367805541 0.00322944391518831 0.0035542796831578 0.00430453987792134 0.00491755269467831 0.00535392900928855 0.00688788527622819 0.00792146380990744 0.00876318663358688 0.0098066059872508 0.0097870510071516 0.0109604727476835 0.012301430106163 0.0121581433340907 0.00957006216049194 0.0107706366106868 0.0138049172237515 0.021288188174367 0.0349480509757996 0.0344887189567089 0.031099945306778 0.0278204176574945 0.027779508382082 0.0279312431812286 0.0279476381838322 0.0280059650540352 0.0282519198954105 0.0282256994396448 0.0316990092396736 0.0357228703796864 0.0407661870121956 0.0461766794323921 0.0522648543119431 0.0578752644360065 0.0649219453334808 0.0813552364706993 0.0808069631457329 0.0893042832612991 0.0884543433785439 0.0981027334928513
0.00236891792155802 0.00239468109793961 0.00240729982033372 0.00230883527547121 0.00211364310234785 0.00214043725281954 0.00252940109930933 0.00270063616335392 0.00294409808702767 0.00311934063211083 0.00384682673029602 0.00416147662326694 0.00450378423556685 0.0057448036968708 0.0065629705786705 0.00792254880070686 0.00892158597707748 0.00997490063309669 0.0099460706114769 0.0098135145381093 0.00987311266362667 0.0117835178971291 0.0120372055098414 0.0129719665274024 0.0176746770739555 0.0260498877614737 0.0315774567425251 0.0316092893481255 0.0314195454120636 0.0278725381940603 0.0249161049723625 0.024851007387042 0.0248503498733044 0.0281565058976412 0.0283184666186571 0.0283078588545322 0.0321660377085209 0.0361484326422215 0.0408874116837978 0.0460633523762226 0.0581434443593025 0.0648205652832985 0.072596050798893 0.0808603689074516 0.0902899131178856 0.0899553522467613 0.0983526930212975 0.0981027334928513
0.00240605254657567 0.00221159122884274 0.00212233955971897 0.00213002972304821 0.00196132925339043 0.00212266528978944 0.00233997427858412 0.0025586080737412 0.00271135801449418 0.00335273402743042 0.00365719199180603 0.00399454077705741 0.00482363440096378 0.00554640078917146 0.00685610109940171 0.00781822949647903 0.00905200745910406 0.0100458888337016 0.00994118768721819 0.00995128136128187 0.0098902890458703 0.0112623777240515 0.0132661378011107 0.0160236693918705 0.0218322575092316 0.0253792498260736 0.0285767670720816 0.0284649413079023 0.0287182983011007 0.0282894726842642 0.0249916221946478 0.0250217579305172 0.0281228013336658 0.0283840820193291 0.0286145135760307 0.0319504141807556 0.0322081595659256 0.0364719852805138 0.0458489172160625 0.0519717894494534 0.0580765791237354 0.0656042769551277 0.0731053873896599 0.0810854509472847 0.0907242819666862 0.0906907096505165 0.0993448868393898 0.0977553576231003
0.00249523110687733 0.0023239110596478 0.00215460592880845 0.00206383410841227 0.00221311044879258 0.00212454656139016 0.00212925206869841 0.00236381846480072 0.00259198830462992 0.00319259962998331 0.0034845604095608 0.00427960278466344 0.00488531263545156 0.0060343723744154 0.00657294876873493 0.00849023647606373 0.0102002853527665 0.0100983195006847 0.0101463487371802 0.0112918484956026 0.011245028115809 0.0126269059255719 0.0141703896224499 0.0179634112864733 0.0202721208333969 0.0227333176881075 0.0257353913038969 0.0258774403482676 0.025980282574892 0.0258568860590458 0.0284408256411552 0.0284799318760633 0.0322158522903919 0.0322303660213947 0.0323885157704353 0.0364623628556728 0.0361519679427147 0.0409866347908974 0.0464261956512928 0.0520391389727592 0.0585980452597141 0.0658071935176849 0.073598712682724 0.0819000601768494 0.0912665203213692 0.101272150874138 0.100085362792015 0.0982977673411369
0.00251537514850497 0.00241541001014411 0.00261861016042531 0.00254285940900445 0.0024153005797416 0.00248164846561849 0.00239194370806217 0.00262039806693792 0.00291256443597376 0.00319099775515497 0.00393497617915273 0.00430008443072438 0.00529239233583212 0.00646195886656642 0.00710019143298268 0.0091701140627265 0.00999136175960302 0.0115155009552836 0.0114554157480597 0.0114286495372653 0.0126762613654137 0.0126853380352259 0.0142192831262946 0.0179744716733694 0.0203849263489246 0.0230057090520859 0.0231222379952669 0.0262567084282637 0.026399128139019 0.0294985473155975 0.0330079644918442 0.0329744964838028 0.0366679541766644 0.0413351692259312 0.0410684794187546 0.0411121211946011 0.0410410575568676 0.0462904199957848 0.0525323040783405 0.0587333105504513 0.0667192712426186 0.0739516690373421 0.0831401497125626 0.0917995795607567 0.101757854223251 0.112140662968159 0.100337095558643 0.0992044731974602
0.00263513880781829 0.00246823625639081 0.00253749010153115 0.00242950115352869 0.00260673672892153 0.00251449830830097 0.00238526682369411 0.00253561022691429 0.00278239930048585 0.00342854857444763 0.00377098121680319 0.00463678222149611 0.00571876438334584 0.00624565640464425 0.00771698309108615 0.0094414995983243 0.0102949822321534 0.0130000058561563 0.0129696987569332 0.0128694316372275 0.0144652938470244 0.0144268842414021 0.0161973312497139 0.0181645583361387 0.0206147562712431 0.023235946893692 0.0263296086341143 0.0266111493110657 0.0298944897949696 0.0298334006220102 0.033642616122961 0.0422594249248505 0.047349538654089 0.0474473536014557 0.0472912527620792 0.0467224530875683 0.0470844320952892 0.0530977100133896 0.0531744994223118 0.0595604404807091 0.0667512491345406 0.0751708075404167 0.0836999490857124 0.0930571332573891 0.102540135383606 0.113653622567654 0.112972676753998 0.113180302083492
0.00256217340938747 0.00276438100263476 0.00254148570820689 0.0027411337941885 0.00252926605753601 0.0028364579193294 0.00257755350321531 0.00272931950166821 0.00300613092258573 0.00328623922541738 0.0040494198910892 0.00498803844675422 0.00545636797323823 0.00673491833731532 0.00830639246851206 0.0101578216999769 0.0111327804625034 0.0122284591197968 0.0145528940483928 0.014513767324388 0.0146510358899832 0.0163675788789988 0.0183891821652651 0.018422594293952 0.0232078842818737 0.0234005562961102 0.0266155861318111 0.0300088506191969 0.0302555225789547 0.0341365449130535 0.0382569432258606 0.0428260006010532 0.0483424291014671 0.0477182120084763 0.0481748320162296 0.0477878898382187 0.0481728687882423 0.0535884387791157 0.0601582862436771 0.0603965669870377 0.0758566781878471 0.0846671462059021 0.0941700264811516 0.105191640555859 0.117256067693233 0.116827763617039 0.129142269492149 0.128835842013359
