data/climate_estimation/maxent_output/Smilax_walteri.asc
NCOLS 233 
NROWS 137 
XLLCORNER -94.8333333333333 
YLLCORNER 26.75 
CELLSIZE 0.0833333333333334 
NODATA_value -3.4e+38 
[rows 42 to 62 of 137, columns 48 to 95 of 233]
0.353684097528458 0.367150187492371 0.380041986703873 0.378260970115662 0.376507937908173 0.384487330913544 0.381786406040192 0.401704430580139 0.412890046834946 0.430521786212921 0.43604040145874 0.440920472145081 0.444000661373138 0.46702852845192 0.462889134883881 0.461885899305344 0.463594734668732 0.447578966617584 0.442758202552795 0.436594754457474 0.445445984601974 0.437718123197556 0.428474217653275 0.43638801574707 0.445225447416306 0.442261248826981 0.435167700052261 0.44366466999054 0.4465371966362 0.443367481231689 0.457018822431564 0.462511241436005 0.453626960515976 0.465000361204147 0.458176821470261 0.455205291509628 0.457206547260284 0.440987318754196 0.426655024290085 0.433058351278305 0.421749442815781 0.426802903413773 0.423344224691391 0.424948215484619 0.423344224691391 0.412067383527756 0.413332134485245 0.403802275657654
0.352984070777893 0.359699636697769 0.367034703493118 0.367641389369965 0.378702223300934 0.388315230607986 0.383846193552017 0.400296360254288 0.415589779615402 0.441053092479706 0.444683074951172 0.459467202425003 0.468214213848114 0.456963807344437 0.462267696857452 0.45379650592804 0.447535067796707 0.452191948890686 0.449726283550262 0.447172850370407 0.441334903240204 0.437446117401123 0.432342380285263 0.43109518289566 0.439527094364166 0.434522271156311 0.427328258752823 0.438351333141327 0.448538810014725 0.441625416278839 0.454451620578766 0.453841507434845 0.46123993396759 0.465928286314011 0.462486773729324 0.458267986774445 0.467485368251801 0.457807451486588 0.43366202712059 0.427984803915024 0.422910064458847 0.415960848331451 0.419281929731369 0.425828516483307 0.427961230278015 0.423284888267517 0.417426407337189 0.408216834068298
0.349981814622879 0.352447777986526 0.359044551849365 0.372307956218719 0.381973594427109 0.387605875730515 0.396571636199951 0.399351924657822 0.426090449094772 0.44593134522438 0.445320248603821 0.444762378931046 0.451767981052399 0.453176289796829 0.45315957069397 0.449266105890274 0.45001819729805 0.452334076166153 0.440781027078629 0.436307966709137 0.435949295759201 0.433723390102386 0.429322004318237 0.430395156145096 0.428117364645004 0.425766110420227 0.433144360780716 0.432591527700424 0.438204735517502 0.443075925111771 0.447159796953201 0.455873012542725 0.46480405330658 0.466326266527176 0.468901216983795 0.460732221603394 0.462590903043747 0.457864046096802 0.447934001684189 0.433541804552078 0.425040036439896 0.420348256826401 0.417701900005341 0.418338865041733 0.422112822532654 0.427485853433609 0.426889419555664 0.43262043595314
0.340998739004135 0.346848338842392 0.35606437921524 0.361860543489456 0.379290819168091 0.37786078453064 0.396405577659607 0.403610587120056 0.415980815887451 0.436770111322403 0.432866960763931 0.440273195505142 0.443398714065552 0.450343370437622 0.454992204904556 0.463669002056122 0.458260357379913 0.449999421834946 0.45191290974617 0.4366594851017 0.431014955043793 0.427533715963364 0.436389714479446 0.42184516787529 0.418651461601257 0.409547090530396 0.422813504934311 0.436406850814819 0.445054262876511 0.440907090902328 0.447456777095795 0.463975936174393 0.468057841062546 0.470141023397446 0.468967199325562 0.472277253866196 0.46941015124321 0.472060799598694 0.458931118249893 0.452654182910919 0.44340255856514 0.434838026762009 0.443545788526535 0.43450865149498 0.433430403470993 0.429638504981995 0.429152458906174 0.429946929216385
0.329089015722275 0.347544372081757 0.353016316890717 0.355362772941589 0.366668730974197 0.393527060747147 0.397574067115784 0.40361613035202 0.41513729095459 0.427432924509048 0.437296241521835 0.441373646259308 0.442222893238068 0.444308161735535 0.446114033460617 0.443221807479858 0.438408017158508 0.445671379566193 0.443000614643097 0.436024308204651 0.435804754495621 0.4304139316082 0.43595889210701 0.417341589927673 0.393429100513458 0.405039668083191 0.416117340326309 0.430125087499619 0.4322369992733 0.443538784980774 0.454628705978394 0.458638280630112 0.46243542432785 0.470008164644241 0.480368286371231 0.472389459609985 0.469469606876373 0.464563429355621 0.451039403676987 0.436013549566269 0.441520482301712 0.434156268835068 0.436972588300705 0.446061730384827 0.44506049156189 0.450105011463165 0.450207263231277 0.445959150791168
0.33884534239769 0.348799049854279 0.351232975721359 0.354942232370377 0.379362761974335 0.393568247556686 0.402031600475311 0.408861398696899 0.418340682983398 0.430519700050354 0.433425784111023 0.433038204908371 0.433315694332123 0.431984961032867 0.431821584701538 0.436787694692612 0.441309005022049 0.433420985937119 0.436459004878998 0.436637997627258 0.435837119817734 0.434717357158661 0.426018267869949 0.422150254249573 0.401339769363403 0.405308574438095 0.418351352214813 0.433603346347809 0.438613831996918 0.435853153467178 0.447647303342819 0.456743776798248 0.455493330955505 0.46499690413475 0.459278583526611 0.46234866976738 0.464161187410355 0.449991136789322 0.447593092918396 0.439514338970184 0.435089975595474 0.433653146028519 0.442417949438095 0.442417949438095 0.453078985214233 0.458612471818924 0.453914552927017 0.457316666841507
0.34859025478363 0.3515265583992 0.354933530092239 0.360857874155045 0.372611284255981 0.384686201810837 0.388313978910446 0.398626118898392 0.398746848106384 0.42563334107399 0.421542286872864 0.431785225868225 0.432379812002182 0.433510184288025 0.434841722249985 0.444453150033951 0.442140489816666 0.443617343902588 0.447681546211243 0.441681563854218 0.446305572986603 0.444220513105392 0.439519792795181 0.431562185287476 0.42328479886055 0.420750588178635 0.416282713413239 0.430060118436813 0.436233103275299 0.44092670083046 0.450585037469864 0.450872540473938 0.448786526918411 0.455013573169708 0.451220780611038 0.456221580505371 0.4522365629673 0.447315543889999 0.441478610038757 0.440674036741257 0.441172689199448 0.442986369132996 0.436618000268936 0.441501557826996 0.447179108858109 0.449600905179977 0.446977108716965 0.452016472816467
0.338393211364746 0.345666736364365 0.350764960050583 0.354697585105896 0.362699896097183 0.375892728567123 0.381967157125473 0.391468077898026 0.396459132432938 0.407260715961456 0.418773382902145 0.424809753894806 0.431179404258728 0.419925421476364 0.424189984798431 0.435139030218124 0.444533556699753 0.442320019006729 0.439815282821655 0.443153530359268 0.446396797895432 0.446629643440247 0.437157332897186 0.435825914144516 0.431167989969254 0.432291805744171 0.425585865974426 0.431405514478683 0.431553810834885 0.442068934440613 0.451894104480743 0.45260688662529 0.455239236354828 0.450021624565125 0.458545029163361 0.462607681751251 0.459881544113159 0.456710427999496 0.451053768396378 0.438184231519699 0.437853008508682 0.444664865732193 0.444581270217896 0.43871134519577 0.442221224308014 0.440203428268433 0.438107907772064 0.440255165100098
0.343826502561569 0.342948526144028 0.347524970769882 0.340036332607269 0.346804648637772 0.358344286680222 0.365769863128662 0.36980926990509 0.386604994535446 0.404835760593414 0.416815787553787 0.420447885990143 0.417410582304001 0.411042034626007 0.424851268529892 0.432861536741257 0.441405564546585 0.44822484254837 0.452286720275879 0.449196308851242 0.445256173610687 0.451530069112778 0.455530196428299 0.443670392036438 0.438897341489792 0.436022132635117 0.430471152067184 0.430303335189819 0.432993233203888 0.445135474205017 0.45078045129776 0.452897280454636 0.445778965950012 0.443387508392334 0.453847944736481 0.453043252229691 0.449731051921844 0.449899584054947 0.448051869869232 0.446209192276001 0.447549074888229 0.440340310335159 0.450687646865845 0.444778650999069 0.436587929725647 0.448963284492493 0.4377481341362 0.425475805997849
0.337548345327377 0.331772208213806 0.338470280170441 0.329502940177917 0.338148772716522 0.339936852455139 0.344241380691528 0.35444837808609 0.367890506982803 0.398612052202225 0.406687468290329 0.41578009724617 0.414752334356308 0.419388920068741 0.425650149583817 0.439482092857361 0.446962416172028 0.449495434761047 0.450445950031281 0.446978837251663 0.448805391788483 0.454640001058578 0.447032898664474 0.449513643980026 0.438760548830032 0.44319748878479 0.427474230527878 0.429346919059753 0.438317656517029 0.446605652570724 0.450232893228531 0.4456607401371 0.444285333156586 0.442309409379959 0.446024388074875 0.44686359167099 0.447164356708527 0.438663095235825 0.44414809346199 0.440124064683914 0.441467225551605 0.441174149513245 0.440831512212753 0.431134402751923 0.430828809738159 0.426331698894501 0.421758264303207 0.428543776273727
0.325378358364105 0.326644271612167 0.321358561515808 0.329760283231735 0.329674541950226 0.331014961004257 0.339166611433029 0.353497624397278 0.364751428365707 0.377389371395111 0.398189306259155 0.407921582460403 0.410340905189514 0.421316832304001 0.426397889852524 0.438732028007507 0.443084567785263 0.448672235012054 0.448672235012054 0.447992384433746 0.453087776899338 0.445316523313522 0.446203917264938 0.44761848449707 0.441967338323593 0.44964262843132 0.450255870819092 0.444832146167755 0.441752791404724 0.445988565683365 0.444345593452454 0.440926998853683 0.437801688909531 0.43970462679863 0.447671264410019 0.444708824157715 0.443521171808243 0.445723921060562 0.441143423318863 0.441722810268402 0.441831350326538 0.43089371919632 0.427618831396103 0.424445688724518 0.425013929605484 0.420026540756226 0.426890701055527 0.422458946704865
0.32161670923233 0.31813645362854 0.324378103017807 0.323522090911865 0.327744871377945 0.329074442386627 0.339655190706253 0.34428346157074 0.365496248006821 0.38460311293602 0.407307028770447 0.41593137383461 0.415816187858582 0.427902311086655 0.444119423627853 0.439754456281662 0.45082876086235 0.452953159809113 0.450018644332886 0.443020850419998 0.437980979681015 0.446041524410248 0.448008328676224 0.450176626443863 0.45263734459877 0.452299624681473 0.447677671909332 0.444288223981857 0.453236609697342 0.437837511301041 0.444959461688995 0.434006959199905 0.429566860198975 0.437548279762268 0.438095599412918 0.425789713859558 0.426102817058563 0.433671057224274 0.430416196584702 0.442423790693283 0.439867824316025 0.423887073993683 0.42881852388382 0.42129835486412 0.420447289943695 0.41249343752861 0.412679642438889 0.417496144771576
0.32845738530159 0.319118767976761 0.321767777204514 0.319472134113312 0.33811366558075 0.339057892560959 0.334058225154877 0.357048034667969 0.370057046413422 0.393344730138779 0.410326182842255 0.411219984292984 0.434356927871704 0.437227576971054 0.438327431678772 0.445624768733978 0.454775482416153 0.44809827208519 0.447416126728058 0.456154316663742 0.44809827208519 0.447417885065079 0.447919934988022 0.449941188097 0.452451407909393 0.452938258647919 0.45080977678299 0.453703850507736 0.446228981018066 0.435370862483978 0.441520571708679 0.440994143486023 0.427480757236481 0.422736674547195 0.42375636100769 0.426986366510391 0.425945550203323 0.430473268032074 0.427855908870697 0.432661294937134 0.437840729951859 0.426792234182358 0.422559708356857 0.414334446191788 0.412057340145111 0.408135861158371 0.414853990077972 0.409673541784286
0.332145124673843 0.321593761444092 0.327048122882843 0.325143843889236 0.331486612558365 0.337347984313965 0.363583475351334 0.358307152986526 0.379097163677216 0.404444575309753 0.411007106304169 0.419276088476181 0.437025666236877 0.447108447551727 0.454750925302505 0.447656810283661 0.456935077905655 0.451845675706863 0.4443339407444 0.448348879814148 0.443186074495316 0.449072957038879 0.452883809804916 0.450883328914642 0.456622958183289 0.454772740602493 0.447164326906204 0.449619770050049 0.445615381002426 0.429002165794373 0.432598412036896 0.429876357316971 0.431131035089493 0.416649103164673 0.417183935642242 0.425050318241119 0.41772073507309 0.423010945320129 0.421194463968277 0.423015654087067 0.439501792192459 0.42396742105484 0.420132011175156 0.412472307682037 0.41918072104454 0.407565712928772 0.413551419973373 0.405202150344849
0.335647433996201 0.3326675593853 0.333789765834808 0.338338226079941 0.343196630477905 0.344559013843536 0.367738395929337 0.373477220535278 0.396561652421951 0.414514183998108 0.412196129560471 0.423609286546707 0.439750969409943 0.451398253440857 0.452075630426407 0.451446652412415 0.449485391378403 0.448862820863724 0.449184119701385 0.447882562875748 0.454558163881302 0.451543927192688 0.454741209745407 0.45969957113266 0.468222379684448 0.459087193012238 0.445309609174728 0.442939430475235 0.442071348428726 0.431837797164917 0.437288105487823 0.433789819478989 0.419381618499756 0.419735252857208 0.419122010469437 0.415692716836929 0.412086009979248 0.420307487249374 0.421283066272736 0.416886478662491 0.430016785860062 0.427307844161987 0.425232261419296 0.417823702096939 0.413401991128922 0.409596294164658 0.407528132200241 0.408033311367035
0.342015534639359 0.33731335401535 0.336193352937698 0.338835537433624 0.348798602819443 0.358879029750824 0.377275437116623 0.386461764574051 0.406779855489731 0.417635440826416 0.432000130414963 0.444950938224792 0.439568072557449 0.449709981679916 0.453150242567062 0.452775597572327 0.4542236328125 0.455951333045959 0.459828794002533 0.468697786331177 0.462704539299011 0.460697501897812 0.464224964380264 0.461756736040115 0.469622492790222 0.462188720703125 0.456147640943527 0.44562092423439 0.438549757003784 0.442803263664246 0.431824624538422 0.431296586990356 0.421094954013824 0.418403387069702 0.414761930704117 0.405658900737762 0.404802829027176 0.416402369737625 0.415589064359665 0.410519331693649 0.422835856676102 0.421232789754868 0.425760120153427 0.414010673761368 0.406393885612488 0.403982520103455 0.407512158155441 0.411036819219589
0.339616239070892 0.341604262590408 0.341829538345337 0.349950760602951 0.357209980487823 0.372015953063965 0.388718098402023 0.394392520189285 0.420405298471451 0.422185599803925 0.435707539319992 0.444151014089584 0.448274523019791 0.452639430761337 0.462038904428482 0.462637633085251 0.459851175546646 0.467690169811249 0.468118131160736 0.463946461677551 0.469016790390015 0.458140432834625 0.470381736755371 0.467067122459412 0.464276969432831 0.46351033449173 0.458672791719437 0.452355563640594 0.433729350566864 0.425412535667419 0.43108731508255 0.424650192260742 0.42419695854187 0.415160715579987 0.417844831943512 0.408505469560623 0.407015025615692 0.408978879451752 0.417992800474167 0.411995470523834 0.415369778871536 0.412994384765625 0.42265197634697 0.415610015392303 0.410731166601181 0.408161044120789 0.403419882059097 0.394847363233566
0.348805457353592 0.35866379737854 0.354516327381134 0.365735709667206 0.36994868516922 0.383374214172363 0.406907707452774 0.411057472229004 0.428611367940903 0.443006753921509 0.446228891611099 0.455476343631744 0.458810091018677 0.4598528444767 0.469056099653244 0.466967105865479 0.468055814504623 0.46556231379509 0.469538986682892 0.475672841072083 0.474364072084427 0.470491528511047 0.480108112096786 0.474256187677383 0.471943080425262 0.457926064729691 0.451853543519974 0.446595430374146 0.439240097999573 0.432645052671432 0.424359709024429 0.415537714958191 0.408291876316071 0.412115693092346 0.416048318147659 0.407291293144226 0.403509765863419 0.411089330911636 0.406384348869324 0.403970450162888 0.40878638625145 0.406360983848572 0.409765869379044 0.418570429086685 0.404027551412582 0.406079769134521 0.410144686698914 0.409338802099228
0.351713299751282 0.360152631998062 0.364919543266296 0.375226855278015 0.384888529777527 0.395340651273727 0.410998493432999 0.43043327331543 0.441965073347092 0.454335302114487 0.458684980869293 0.461405485868454 0.458487004041672 0.461066663265228 0.471959233283997 0.474694192409515 0.476980447769165 0.473854869604111 0.473520308732986 0.47387358546257 0.478759527206421 0.473168611526489 0.483208447694778 0.480352997779846 0.470087260007858 0.459171921014786 0.44479438662529 0.436569035053253 0.432070314884186 0.431666851043701 0.420387923717499 0.42000138759613 0.407777637243271 0.412946820259094 0.413397490978241 0.414370983839035 0.405971556901932 0.404665261507034 0.397700786590576 0.412172883749008 0.415750801563263 0.41072815656662 0.41686886548996 0.41604945063591 0.410199463367462 0.402729094028473 0.408803135156631 0.411132127046585
0.364352017641068 0.3714659512043 0.381396889686584 0.381099998950958 0.39463409781456 0.402764528989792 0.414718776941299 0.437558174133301 0.445866793394089 0.45684751868248 0.46767595410347 0.463193833827972 0.466963946819305 0.467397779226303 0.471043676137924 0.477235198020935 0.484314411878586 0.476024985313416 0.476272165775299 0.47882491350174 0.478907972574234 0.485749930143356 0.47778132557869 0.473487555980682 0.467538863420486 0.458269953727722 0.445722818374634 0.429016441106796 0.42691633105278 0.419555693864822 0.421751171350479 0.409440875053406 0.414064437150955 0.405270010232925 0.415942788124084 0.410816460847855 0.41287550330162 0.408548474311829 0.407098889350891 0.409504175186157 0.415955483913422 0.413186341524124 0.41792243719101 0.413389265537262 0.408405631780624 0.401606291532516 0.40771809220314 0.403425246477127
0.37833097577095 0.385112404823303 0.386437833309174 0.396828502416611 0.397057354450226 0.406640231609344 0.42426398396492 0.440124750137329 0.456199139356613 0.463550120592117 0.476390063762665 0.474315881729126 0.477905571460724 0.473183840513229 0.477009743452072 0.484523385763168 0.48073822259903 0.479755610227585 0.474395960569382 0.474546819925308 0.470417648553848 0.479376286268234 0.47654926776886 0.468308091163635 0.467159599065781 0.456293761730194 0.441830158233643 0.431718200445175 0.428420782089233 0.423618853092194 0.418387532234192 0.407401293516159 0.409400373697281 0.41169673204422 0.415350437164307 0.411479115486145 0.410702139139175 0.402556836605072 0.412918508052826 0.418501853942871 0.419706255197525 0.419311910867691 0.416733920574188 0.422288060188293 0.403295040130615 0.40673041343689 0.400188595056534 0.404973864555359
