data/climate_estimation/maxent_output/Smilax_corbularia.asc
NCOLS 251 
NROWS 356 
XLLCORNER 97.5 
YLLCORNER 1.16666666666667 
CELLSIZE 0.0833333333333333 
NODATA_value -3.4e+38 
[rows 66 to 87 of 356, columns 50 to 99 of 251]
0.289459019899368 0.429980009794235 0.535144627094269 0.500074446201324 0.317236423492432 0.441349118947983 0.309693783521652 0.411255985498428 0.674518167972565 0.42957791686058 0.596727132797241 0.54347038269043 0.595600783824921 0.648157298564911 0.60810774564743 0.554038226604462 0.452295333147049 0.445080429315567 0.448028951883316 0.449458360671997 0.402108371257782 0.382688999176025 0.38564932346344 0.411455690860748 0.46044072508812 0.451940625905991 0.302377134561539 0.384480834007263 0.519940078258514 0.497387915849686 0.544791400432587 0.586095571517944 0.760422945022583 0.76613062620163 0.839441061019897 0.899632394313812 0.937685489654541 0.936550796031952 0.950933158397675 0.922623932361603 0.910722136497498 0.89995014667511 0.900408804416656 0.916684091091156 0.935972988605499 0.936036050319672 0.944741547107697 0.955804467201233 0.972197711467743 0.984971880912781
0.31883692741394 0.465458571910858 0.356170028448105 0.353105306625366 0.253195136785507 0.284074902534485 0.36643174290657 0.431669533252716 0.666336476802826 0.527832448482513 0.403266072273254 0.618419826030731 0.646993219852448 0.658093929290771 0.61922425031662 0.558354496955872 0.496429294347763 0.540551364421844 0.41689071059227 0.420377492904663 0.398737132549286 0.397202253341675 0.45673879981041 0.457081347703934 0.405517101287842 0.445492058992386 0.366695791482925 0.476077377796173 0.436979651451111 0.502729952335358 0.546065330505371 0.600658416748047 0.741002857685089 0.751788914203644 0.798644542694092 0.889207720756531 0.935867965221405 0.934144854545593 0.956428289413452 0.946216940879822 0.926402151584625 0.922114908695221 0.903861224651337 0.918396532535553 0.934890508651733 0.931887149810791 0.92493337392807 0.941380798816681 0.965712189674377 0.970099627971649
0.361370652914047 0.324302226305008 0.325272798538208 0.230256602168083 0.24345064163208 0.250556826591492 0.486675709486008 0.461354464292526 0.548013746738434 0.626607537269592 0.646330952644348 0.580011188983917 0.537104249000549 0.579177379608154 0.642772734165192 0.60843950510025 0.687903106212616 0.579734861850739 0.456055045127869 0.411256074905396 0.408529013395309 0.442575812339783 0.442727565765381 0.38791623711586 0.339795380830765 0.365703195333481 0.496581435203552 0.427686244249344 0.423432201147079 0.503141462802887 0.55963271856308 0.647009074687958 0.778766691684723 0.801327109336853 0.881861448287964 0.90714293718338 0.934796035289764 0.919959008693695 0.942815363407135 0.957767009735107 0.939669072628021 0.941347718238831 0.941817224025726 0.941781044006348 0.930523872375488 0.921826958656311 0.918311178684235 0.933982610702515 0.959722816944122 0.967514216899872
0.304608345031738 0.293623358011246 0.182149007916451 0.201582983136177 0.279089093208313 0.293016225099564 0.560567617416382 0.408737570047379 0.495267808437347 0.648398220539093 0.654648423194885 0.550629436969757 0.499489814043045 0.554186999797821 0.578213155269623 0.696117699146271 0.66070955991745 0.58338463306427 0.439354121685028 0.428325295448303 0.432178169488907 0.480047166347504 0.409640103578568 0.377711266279221 0.351642429828644 0.49720025062561 0.552307724952698 0.441836655139923 0.436878740787506 0.519153475761414 0.558331608772278 0.593624949455261 0.791271328926086 0.84430330991745 0.874781787395477 0.924955546855927 0.940522134304047 0.909948587417603 0.95261162519455 0.963387548923492 0.940626323223114 0.942671597003937 0.949546992778778 0.952953636646271 0.943168461322784 0.925971031188965 0.9126056432724 0.925156354904175 0.948766052722931 0.963547468185425
0.288778424263 0.278866112232208 0.187778100371361 0.161096975207329 0.205920532345772 0.332413733005524 0.389237105846405 0.406784176826477 0.433994978666306 0.445421546697617 0.529646277427673 0.545074820518494 0.49963304400444 0.544583439826965 0.609787285327911 0.642508387565613 0.57045990228653 0.535039067268372 0.473358541727066 0.481654912233353 0.468036860227585 0.437799334526062 0.404568284749985 0.39003512263298 0.375298947095871 0.531207799911499 0.508396565914154 0.495472103357315 0.466837763786316 0.461418777704239 0.49296972155571 0.594712138175964 0.712209105491638 0.790640592575073 0.817533075809479 0.876012682914734 0.903967380523682 0.891237020492554 0.938482463359833 0.966430962085724 0.972609877586365 0.970779657363892 0.972027659416199 0.980310916900635 0.98202508687973 0.967211067676544 0.935547769069672 0.93902999162674 0.956712424755096 0.960646092891693
0.305087178945541 0.338557302951813 0.205709099769592 0.237963154911995 0.262158066034317 0.425276666879654 0.369318217039108 0.469194710254669 0.48174574971199 0.424593091011047 0.447767019271851 0.53311949968338 0.508144557476044 0.538227081298828 0.624677836894989 0.640692174434662 0.607734560966492 0.55308073759079 0.527776002883911 0.503769636154175 0.484996616840363 0.481972187757492 0.45966112613678 0.507393360137939 0.49325168132782 0.53495842218399 0.512355208396912 0.462421298027039 0.436828076839447 0.453688681125641 0.472985953092575 0.566366016864777 0.661302745342255 0.726203441619873 0.762094974517822 0.825883269309998 0.83698445558548 0.926827490329742 0.951013386249542 0.97312992811203 0.982707619667053 0.969026744365692 0.960820436477661 0.965109825134277 0.970049679279327 0.982551753520966 0.970346748828888 0.956090986728668 0.944833517074585 0.937798976898193
0.306851655244827 0.236224323511124 0.211088299751282 0.286271959543228 0.373181283473969 0.482234716415405 0.364096075296402 0.501605331897736 0.544767320156097 0.54728102684021 0.535946607589722 0.488651990890503 0.495663076639175 0.5524862408638 0.719509720802307 0.740854978561401 0.666445016860962 0.53751415014267 0.560403227806091 0.480078458786011 0.494405716657639 0.49623715877533 0.538375198841095 0.592418909072876 0.508164286613464 0.453757464885712 0.438205003738403 0.435684651136398 0.431618750095367 0.483408272266388 0.514238476753235 0.507268846035004 0.565362215042114 0.706453740596771 0.816232025623322 0.80528712272644 0.852120161056519 0.933728754520416 0.978854417800903 0.984648287296295 0.982598960399628 0.972294628620148 0.967823803424835 0.978128373622894 0.975973069667816 0.980093955993652 0.96223384141922 0.961376070976257 0.955831050872803 0.936139464378357
0.360349893569946 0.271158635616302 0.30909052491188 0.307744264602661 0.592982530593872 0.392603605985641 0.267625212669373 0.512784898281097 0.464280039072037 0.569745421409607 0.590525925159454 0.458430856466293 0.50412654876709 0.620139241218567 0.665173053741455 0.624930441379547 0.579905867576599 0.621703863143921 0.527980089187622 0.495420217514038 0.517869770526886 0.531706035137177 0.541316330432892 0.563243746757507 0.418813794851303 0.391285061836243 0.405729591846466 0.439528286457062 0.529637694358826 0.611196994781494 0.490467399358749 0.444456249475479 0.501326084136963 0.697743356227875 0.827186226844788 0.853557527065277 0.892809927463531 0.946148276329041 0.97260308265686 0.969500064849854 0.972406506538391 0.961453080177307 0.940151453018188 0.95344614982605 0.95671933889389 0.961661279201508 0.95130056142807 0.908549189567566 0.931321382522583 0.94489997625351
0.353796154260635 0.497878819704056 0.4033362865448 0.305103927850723 0.608209371566772 0.519966423511505 0.267565786838531 0.499502718448639 0.472736835479736 0.668857216835022 0.580593049526215 0.528906643390656 0.584538102149963 0.624797582626343 0.473698347806931 0.545284748077393 0.570657312870026 0.589118719100952 0.50898015499115 0.535604119300842 0.531930863857269 0.544978439807892 0.52545565366745 0.457163572311401 0.391822934150696 0.376153081655502 0.419194489717484 0.461336195468903 0.486787736415863 0.631396055221558 0.454632580280304 0.502071619033813 0.608194589614868 0.695057928562164 0.728363275527954 0.81544429063797 0.886931359767914 0.893568754196167 0.914166152477264 0.916668474674225 0.959287643432617 0.938059747219086 0.92030668258667 0.932849943637848 0.943642914295197 0.940397381782532 0.931628823280334 0.928280055522919 0.867960751056671 0.898050248622894
0.293317437171936 0.455766171216965 0.39659583568573 0.333646208047867 0.246773809194565 0.321583658456802 0.26241335272789 0.6231489777565 0.658639013767242 0.655677080154419 0.568281531333923 0.670929968357086 0.66028106212616 0.716334402561188 0.449341803789139 0.529378890991211 0.504409909248352 0.461411148309708 0.528627634048462 0.580740749835968 0.548423945903778 0.479788541793823 0.409694343805313 0.414186835289001 0.375328093767166 0.428005039691925 0.640866994857788 0.495368361473083 0.391407489776611 0.407157778739929 0.3908431828022 0.47007942199707 0.547800838947296 0.575853884220123 0.689526557922363 0.696013033390045 0.810550808906555 0.8272545337677 0.846417546272278 0.945847570896149 0.979934871196747 0.972815871238708 0.941961050033569 0.922312319278717 0.936958611011505 0.936737298965454 0.926530599594116 0.928958833217621 0.788694322109222 0.849986851215363
0.270430445671082 0.213495790958405 0.32458433508873 0.410824716091156 0.320241570472717 0.345336437225342 0.266513764858246 0.459138512611389 0.718603014945984 0.667438507080078 0.43237167596817 0.616772770881653 0.613320112228394 0.551156342029572 0.455790281295776 0.59278792142868 0.523450493812561 0.400651395320892 0.569473922252655 0.625443756580353 0.468883812427521 0.363734751939774 0.388161182403564 0.463566929101944 0.396519094705582 0.643812477588654 0.608347356319427 0.360638618469238 0.308563739061356 0.32793915271759 0.319902032613754 0.385254621505737 0.384379386901855 0.41730135679245 0.586515009403229 0.594469249248505 0.726468026638031 0.787961661815643 0.863071203231812 0.956578433513641 0.984177350997925 0.98227334022522 0.981141686439514 0.952961981296539 0.943528473377228 0.938110172748566 0.88180148601532 0.836323797702789 0.797368884086609 0.917931020259857
0.193031579256058 0.212613627314568 0.574133396148682 0.33167552947998 0.353228181600571 0.547956883907318 0.396991431713104 0.678695738315582 0.599273979663849 0.360696375370026 0.266323119401932 0.498280823230743 0.464698612689972 0.457541793584824 0.56513375043869 0.696524977684021 0.570761740207672 0.361257910728455 0.618604242801666 0.646223783493042 0.405666559934616 0.358735531568527 0.468132048845291 0.50617390871048 0.416096091270447 0.64277708530426 0.40158286690712 0.292836040258408 0.310284227132797 0.302850067615509 0.334635257720947 0.344604402780533 0.428881406784058 0.391068816184998 0.444099128246307 0.507960975170135 0.579797983169556 0.727600872516632 0.858686625957489 0.924433290958405 0.970747828483582 0.976059913635254 0.975806355476379 0.971407473087311 0.966986179351807 0.94540923833847 0.879193186759949 0.843555152416229 0.784030795097351 0.916738986968994
0.271528363227844 0.159370914101601 0.393800795078278 0.266531884670258 0.420184642076492 0.615116953849792 0.351521641016006 0.571920216083527 0.497161686420441 0.423168838024139 0.389846533536911 0.439305126667023 0.483333140611649 0.484292507171631 0.73444014787674 0.677709341049194 0.673394441604614 0.371966332197189 0.592729032039642 0.60065084695816 0.375454217195511 0.391313314437866 0.583000898361206 0.600450992584229 0.487387448549271 0.293240785598755 0.502900242805481 0.413702875375748 0.302014172077179 0.318625509738922 0.387188613414764 0.38137674331665 0.432669192552567 0.413057267665863 0.410762310028076 0.456456333398819 0.572185575962067 0.624312281608582 0.739269316196442 0.822421193122864 0.942851006984711 0.975956857204437 0.976173043251038 0.974924206733704 0.949605584144592 0.925514340400696 0.904416441917419 0.90748393535614 0.926672160625458 0.925727427005768
0.675694823265076 0.503010213375092 0.353117108345032 0.715298235416412 0.492055177688599 0.505663514137268 0.378569394350052 0.655752003192902 0.445926129817963 0.414145708084106 0.499565213918686 0.655124187469482 0.676077306270599 0.581640243530273 0.591121435165405 0.554531991481781 0.695135056972504 0.334848612546921 0.552677035331726 0.543541133403778 0.400245070457458 0.401890456676483 0.594505667686462 0.500746369361877 0.351384699344635 0.502417802810669 0.710326254367828 0.482702910900116 0.341682434082031 0.348902076482773 0.384242534637451 0.428926378488541 0.385881811380386 0.362631410360336 0.387109756469727 0.480626851320267 0.614794492721558 0.609605431556702 0.619345545768738 0.758681893348694 0.845481276512146 0.938823759555817 0.97469574213028 0.97128427028656 0.961065232753754 0.951692402362823 0.918351054191589 0.887355327606201 0.866267144680023 0.89018189907074
0.590030014514923 0.674574613571167 0.773697137832642 0.802607715129852 0.475099712610245 0.389625698328018 0.406582564115524 0.628576457500458 0.559195339679718 0.433476001024246 0.519771158695221 0.749828159809113 0.595755994319916 0.629690289497375 0.771102786064148 0.614754736423492 0.592111229896545 0.383841127157211 0.634130239486694 0.515378296375275 0.382057517766953 0.371518641710281 0.38941478729248 0.375938951969147 0.473871469497681 0.727474987506866 0.731165170669556 0.470646560192108 0.36115100979805 0.330449193716049 0.36536917090416 0.413769781589508 0.394138962030411 0.388354301452637 0.372348695993423 0.423980236053467 0.541697204113007 0.598930895328522 0.583742618560791 0.669831156730652 0.723293840885162 0.85592395067215 0.940380394458771 0.966969966888428 0.964431822299957 0.965874254703522 0.95423287153244 0.960889577865601 0.939142942428589 0.9683837890625
0.507702112197876 0.598689258098602 0.729395031929016 0.688187777996063 0.667742133140564 0.425159901380539 0.344213902950287 0.596227049827576 0.77330869436264 0.792889893054962 0.673354506492615 0.576239347457886 0.680927872657776 0.691594481468201 0.617359340190887 0.507038235664368 0.479393184185028 0.425625294446945 0.580721318721771 0.62306022644043 0.406886070966721 0.361295461654663 0.379670113325119 0.37506964802742 0.686940014362335 0.820652604103088 0.842510581016541 0.779472291469574 0.704814612865448 0.472864389419556 0.367405861616135 0.415923267602921 0.438879936933517 0.439282774925232 0.420085519552231 0.478439092636108 0.544470250606537 0.536174833774567 0.54812753200531 0.574342310428619 0.639995574951172 0.83421528339386 0.940845787525177 0.972768664360046 0.968227803707123 0.971202909946442 0.962770819664001 0.959102034568787 0.937561571598053 0.949641764163971
0.214461386203766 0.487533569335938 0.733920335769653 0.84909063577652 0.837479293346405 0.563668549060822 0.691504597663879 0.558600127696991 0.822177588939667 0.793413043022156 0.863062739372253 0.674633026123047 0.525798499584198 0.437907189130783 0.481971383094788 0.743906438350677 0.63479882478714 0.446157097816467 0.457989722490311 0.502596139907837 0.312012672424316 0.394204586744308 0.355086117982864 0.351044595241547 0.501929759979248 0.575684189796448 0.812428712844849 0.819328844547272 0.784153878688812 0.582410275936127 0.449244201183319 0.503113090991974 0.452856987714767 0.475080728530884 0.510062694549561 0.531907439231873 0.517824172973633 0.548861861228943 0.578234434127808 0.612001538276672 0.741296708583832 0.847720861434937 0.94331020116806 0.960884392261505 0.977122187614441 0.97937399148941 0.973272323608398 0.951390206813812 0.939478695392609 0.946931481361389
0.218211248517036 0.263906031847 0.399580091238022 0.725194036960602 0.845206320285797 0.565303206443787 0.686220645904541 0.670775055885315 0.689595699310303 0.873837649822235 0.869773745536804 0.819933414459229 0.696903824806213 0.629618942737579 0.709569036960602 0.792191386222839 0.563836753368378 0.487768352031708 0.524978399276733 0.494895458221436 0.366674035787582 0.334587395191193 0.380324989557266 0.397778898477554 0.463462561368942 0.457128822803497 0.563299000263214 0.630385935306549 0.654970943927765 0.588818430900574 0.532944560050964 0.509633958339691 0.479784786701202 0.52506685256958 0.582985818386078 0.742585599422455 0.715918302536011 0.676353812217712 0.740433990955353 0.771348118782043 0.828773200511932 0.901161968708038 0.960880935192108 0.975307941436768 0.967303335666656 0.979332566261292 0.962472558021545 0.94131338596344 0.954936623573303 0.9778191447258
0.790376901626587 0.168775349855423 0.537896454334259 0.779400706291199 0.864073753356934 0.6099573969841 0.627143681049347 0.906111001968384 0.789998948574066 0.768640160560608 0.861186981201172 0.876958966255188 0.793815433979034 0.825079023838043 0.747430682182312 0.588731110095978 0.673157095909119 0.62900847196579 0.426020473241806 0.44807168841362 0.644876003265381 0.618098795413971 0.620373725891113 0.455362379550934 0.463111907243729 0.475301384925842 0.463540732860565 0.522571563720703 0.597608923912048 0.669274270534515 0.593298614025116 0.576841413974762 0.598662316799164 0.649364113807678 0.710836410522461 0.800608098506927 0.858132839202881 0.892256140708923 0.892765045166016 0.904180467128754 0.910043835639954 0.945631742477417 0.959662795066833 0.958816587924957 0.95758980512619 0.963621139526367 0.956475019454956 0.946890115737915 0.968229830265045 0.974157810211182
0.79852157831192 0.712272703647614 0.264788568019867 0.412727952003479 0.830583333969116 0.864184677600861 0.720109045505524 0.905793249607086 0.888957798480988 0.843288660049438 0.891184091567993 0.884342849254608 0.827137887477875 0.715098261833191 0.532975912094116 0.612542390823364 0.757297217845917 0.874463081359863 0.531107366085052 0.400438040494919 0.84206748008728 0.797157526016235 0.840431272983551 0.824717938899994 0.667512476444244 0.480483382940292 0.507276654243469 0.478017538785934 0.547684788703918 0.590381681919098 0.617306470870972 0.667618811130524 0.691789388656616 0.714278697967529 0.81253707408905 0.810016334056854 0.850198030471802 0.891844093799591 0.894931137561798 0.902127981185913 0.913676917552948 0.905003666877747 0.910349428653717 0.936484336853027 0.947254240512848 0.958865404129028 0.963553488254547 0.9527587890625 0.961832165718079 0.972002565860748
0.763414442539215 0.879111886024475 0.742013812065125 0.145261138677597 0.566858887672424 0.913045167922974 0.909608721733093 0.811305284500122 0.913040637969971 0.915804982185364 0.870453596115112 0.885115146636963 0.868388950824738 0.685639083385468 0.662015795707703 0.775205790996552 0.668125152587891 0.66263073682785 0.551493942737579 0.36335563659668 0.64294296503067 0.790199279785156 0.729116082191467 0.832740366458893 0.789160430431366 0.68491119146347 0.5956711769104 0.582283198833466 0.537175416946411 0.670421183109283 0.787223637104034 0.837800800800323 0.784635365009308 0.881802976131439 0.906704008579254 0.91472864151001 0.907972037792206 0.946440935134888 0.947739541530609 0.933193802833557 0.941870868206024 0.904510617256165 0.904702544212341 0.901226699352264 0.916705131530762 0.933009445667267 0.961801707744598 0.977096378803253 0.974565207958221 0.982786118984222
0.840265512466431 0.820096492767334 0.906876146793365 0.909053266048431 0.290908873081207 0.548173069953918 0.945293307304382 0.923620462417603 0.943880796432495 0.905927002429962 0.907981097698212 0.886457085609436 0.911255419254303 0.87240868806839 0.890992820262909 0.838113486766815 0.846648633480072 0.68466454744339 0.441115409135818 0.378248333930969 0.339627057313919 0.818711638450623 0.830446541309357 0.813724279403687 0.843348503112793 0.888807892799377 0.76341301202774 0.653351068496704 0.579989016056061 0.744626879692078 0.907971620559692 0.907282769680023 0.879822671413422 0.923894345760345 0.930005729198456 0.93651807308197 0.923195600509644 0.95406049489975 0.963689684867859 0.9621262550354 0.971241295337677 0.959604442119598 0.931487262248993 0.903250873088837 0.88880467414856 0.899989783763885 0.932648241519928 0.960549235343933 0.966644763946533 0.962882399559021
