data/climate_estimation/maxent_output/Smilax_china.asc
NCOLS 546 
NROWS 365 
XLLCORNER 97.5833333333333 
YLLCORNER 10.8333333333333 
CELLSIZE 0.0833333333333333 
NODATA_value -3.4e+38 
[rows 138 to 160 of 365, columns 104 to 155 of 546]
0.169133111834526 0.183869600296021 0.21834072470665 0.238084405660629 0.258640706539154 0.258690416812897 0.258574455976486 0.269210904836655 0.278872966766357 0.314448922872543 0.290419518947601 0.277263909578323 0.298261225223541 0.301614969968796 0.353122621774673 0.35857230424881 0.461026966571808 0.52878600358963 0.504858672618866 0.53792017698288 0.540014445781708 0.560744047164917 0.532879054546356 0.546542882919312 0.572995603084564 0.578934609889984 0.568527102470398 0.556395173072815 0.572784185409546 0.585568487644196 0.589381039142609 0.59649783372879 0.593970119953156 0.595936000347137 0.607905030250549 0.610479533672333 0.617975890636444 0.623538970947266 0.630829453468323 0.631910264492035 0.64047509431839 0.644768178462982 0.647145569324493 0.667532622814178 0.661748290061951 0.666222453117371 0.683680236339569 0.681483209133148 0.706923425197601 0.692218005657196 0.696728706359863 0.694705963134766
0.183559998869896 0.196500614285469 0.224197119474411 0.2541863322258 0.260741710662842 0.263501703739166 0.268042892217636 0.277680248022079 0.317895352840424 0.295464664697647 0.317406862974167 0.352056682109833 0.354460000991821 0.32322034239769 0.332931667566299 0.358120054006577 0.4831403195858 0.507974088191986 0.534491121768951 0.539134323596954 0.553369224071503 0.560544312000275 0.564293026924133 0.569117367267609 0.574693262577057 0.57106602191925 0.552825689315796 0.51999819278717 0.570581018924713 0.59507417678833 0.590996861457825 0.592748641967773 0.592804551124573 0.609074473381042 0.620623648166656 0.622664034366608 0.628164827823639 0.633331716060638 0.612255990505219 0.633833944797516 0.644043743610382 0.652458012104034 0.67093563079834 0.665716111660004 0.667090058326721 0.630796313285828 0.642798006534576 0.697529494762421 0.696217358112335 0.698634326457977 0.715326130390167 0.714994549751282
0.192352861166 0.208855614066124 0.226925209164619 0.250424832105637 0.279422491788864 0.2702397108078 0.288199067115784 0.29278489947319 0.323750257492065 0.340365201234818 0.360656261444092 0.382352918386459 0.399825543165207 0.390377461910248 0.357029229402542 0.450596392154694 0.476998031139374 0.498274862766266 0.467228829860687 0.544031023979187 0.549111068248749 0.544202029705048 0.558539271354675 0.557739198207855 0.548067450523376 0.549754559993744 0.497581571340561 0.535914361476898 0.571562528610229 0.585223972797394 0.574691474437714 0.587832272052765 0.597283542156219 0.60501891374588 0.607377111911774 0.613647758960724 0.60316401720047 0.603157937526703 0.579210758209229 0.626257658004761 0.650073766708374 0.658819615840912 0.668840348720551 0.649869084358215 0.683212161064148 0.621956825256348 0.635557472705841 0.683452248573303 0.679498791694641 0.699030935764313 0.727328956127167 0.71378093957901
0.211423888802528 0.223961681127548 0.231601655483246 0.25444707274437 0.281425565481186 0.292667925357819 0.291461914777756 0.292745679616928 0.34097945690155 0.399142235517502 0.385114997625351 0.413008660078049 0.424433946609497 0.36945316195488 0.470205903053284 0.45120108127594 0.513640761375427 0.50436133146286 0.540616691112518 0.533586025238037 0.482206553220749 0.509782493114471 0.543282389640808 0.544187366962433 0.478819608688354 0.53385204076767 0.552154421806335 0.55173659324646 0.582324981689453 0.572134077548981 0.552087545394897 0.595726430416107 0.607470452785492 0.604630947113037 0.611928522586823 0.614379823207855 0.602143704891205 0.578610837459564 0.5825155377388 0.647539734840393 0.659976482391357 0.664310574531555 0.66888153553009 0.667593657970428 0.617119014263153 0.609970510005951 0.60004711151123 0.582047462463379 0.6932652592659 0.717064142227173 0.716473281383514 0.731480419635773
0.21353505551815 0.229606568813324 0.238451674580574 0.253102719783783 0.271568089723587 0.291197001934052 0.308247148990631 0.322484105825424 0.377314358949661 0.398261338472366 0.411743134260178 0.410621613264084 0.405078500509262 0.438386917114258 0.447585582733154 0.421348184347153 0.45966050028801 0.48328697681427 0.486869424581528 0.505432069301605 0.454864054918289 0.511050045490265 0.488552570343018 0.479200035333633 0.531210422515869 0.559698820114136 0.574595987796783 0.582715570926666 0.566576778888702 0.57021826505661 0.574710249900818 0.605836808681488 0.608969032764435 0.614060997962952 0.611963152885437 0.614257037639618 0.631831526756287 0.589628100395203 0.649496793746948 0.656287670135498 0.65180242061615 0.667988181114197 0.682996392250061 0.668780148029327 0.604708075523376 0.655119657516479 0.57638943195343 0.700989305973053 0.717612862586975 0.718098878860474 0.734646260738373 0.743216097354889
0.225882589817047 0.232618033885956 0.253125220537186 0.256131827831268 0.279888838529587 0.326184779405594 0.30145338177681 0.353965193033218 0.381065368652344 0.397329032421112 0.395971804857254 0.411611825227737 0.41236424446106 0.457157641649246 0.448979437351227 0.514430642127991 0.523409843444824 0.471657365560532 0.461750686168671 0.489241540431976 0.521825909614563 0.524197936058044 0.489253610372543 0.512941896915436 0.55023193359375 0.553445041179657 0.570659995079041 0.552148699760437 0.571658253669739 0.569759011268616 0.585543811321259 0.602082431316376 0.610997259616852 0.610248863697052 0.611727297306061 0.606116712093353 0.581084966659546 0.646201968193054 0.662105858325958 0.658125400543213 0.636729717254639 0.666516542434692 0.66882711648941 0.660937964916229 0.637380242347717 0.663116037845612 0.694904148578644 0.718379139900208 0.650870263576508 0.708334147930145 0.744082033634186 0.744989693164825
0.234100997447968 0.237084299325943 0.256073921918869 0.282767355442047 0.296178042888641 0.35952764749527 0.306599080562592 0.373542100191116 0.378683000802994 0.397323101758957 0.396525055170059 0.437240093946457 0.45974799990654 0.509918510913849 0.504760921001434 0.511354804039001 0.517870545387268 0.521253407001495 0.519537270069122 0.489462018013 0.538974940776825 0.540386915206909 0.512964427471161 0.514242470264435 0.516451418399811 0.534640669822693 0.536755263805389 0.553806960582733 0.570098102092743 0.592257916927338 0.586936593055725 0.595605969429016 0.616263806819916 0.611716330051422 0.597922921180725 0.567625224590302 0.630834996700287 0.648304164409637 0.657378494739532 0.666722476482391 0.669001221656799 0.636276304721832 0.686655163764954 0.68417364358902 0.647432088851929 0.697254657745361 0.67277604341507 0.6675084233284 0.721497595310211 0.659679353237152 0.671586811542511 0.696688592433929
0.236084043979645 0.251782774925232 0.253078699111938 0.279563724994659 0.29946357011795 0.342538386583328 0.335113793611526 0.377312690019608 0.379417985677719 0.395813047885895 0.418097704648972 0.438629895448685 0.465911656618118 0.518183767795563 0.495419710874557 0.511127173900604 0.528130948543549 0.522471725940704 0.530878841876984 0.507332384586334 0.53926283121109 0.527052879333496 0.51389479637146 0.542544305324554 0.480247408151627 0.535850286483765 0.551250040531158 0.569878339767456 0.584402620792389 0.573936104774475 0.589848101139069 0.599907457828522 0.606630027294159 0.612703144550323 0.537195324897766 0.613999843597412 0.601411044597626 0.649043619632721 0.667056322097778 0.651631593704224 0.667451858520508 0.618422210216522 0.702102422714233 0.700181484222412 0.663855254650116 0.714593708515167 0.705077290534973 0.674619853496552 0.713021695613861 0.663512289524078 0.658426284790039 0.670676469802856
0.251700669527054 0.293032556772232 0.283323764801025 0.268538415431976 0.296522676944733 0.296667128801346 0.33516988158226 0.349686205387115 0.371521174907684 0.425192505121231 0.480268955230713 0.462962418794632 0.495109260082245 0.492621272802353 0.493918389081955 0.511252582073212 0.502394020557404 0.523031949996948 0.521537661552429 0.494249016046524 0.535954654216766 0.513586819171906 0.543120145797729 0.531722009181976 0.497216641902924 0.556124269962311 0.551704168319702 0.5705486536026 0.573846101760864 0.60004061460495 0.593708693981171 0.608294785022736 0.611609160900116 0.553369462490082 0.575161039829254 0.597109079360962 0.610634922981262 0.641824543476105 0.658047676086426 0.642475485801697 0.685059666633606 0.64411598443985 0.626604318618774 0.655141532421112 0.693081796169281 0.718025803565979 0.72095775604248 0.715628683567047 0.712397634983063 0.749065399169922 0.751291394233704 0.751649081707001
0.264107674360275 0.292959898710251 0.296405822038651 0.308044016361237 0.316910594701767 0.289650678634644 0.332896947860718 0.308244258165359 0.365955382585526 0.465154469013214 0.50107604265213 0.502331972122192 0.475671887397766 0.469902276992798 0.505711019039154 0.502228498458862 0.48382031917572 0.526215851306915 0.495216071605682 0.530493021011353 0.535765588283539 0.54032838344574 0.53715181350708 0.530783116817474 0.502409696578979 0.551991939544678 0.553566157817841 0.580570340156555 0.594527304172516 0.58685964345932 0.6009801030159 0.60272079706192 0.596014201641083 0.561683297157288 0.561981737613678 0.598644495010376 0.660257637500763 0.591035425662994 0.629053831100464 0.676501154899597 0.656120657920837 0.665279746055603 0.652692794799805 0.71878856420517 0.706499814987183 0.743948400020599 0.742258250713348 0.748406112194061 0.751998841762543 0.747589647769928 0.751341938972473 0.751972019672394
0.310337156057358 0.27488112449646 0.335271328687668 0.346874505281448 0.313580304384232 0.315270006656647 0.315194815397263 0.346039414405823 0.424136877059937 0.500386953353882 0.494922906160355 0.490991622209549 0.4827641248703 0.471457153558731 0.501933574676514 0.504974484443665 0.508362948894501 0.493807941675186 0.530539155006409 0.538194477558136 0.538687646389008 0.545734047889709 0.540511310100555 0.532616555690765 0.492546141147614 0.517490267753601 0.570860981941223 0.588200032711029 0.584242284297943 0.593998610973358 0.605080962181091 0.614511430263519 0.572680950164795 0.557377576828003 0.565461754798889 0.647518157958984 0.664588451385498 0.624672114849091 0.611851036548615 0.701732695102692 0.664926588535309 0.66020005941391 0.683501362800598 0.702117562294006 0.7259202003479 0.748663544654846 0.749647796154022 0.750583469867706 0.750772178173065 0.753248870372772 0.748713254928589 0.735943198204041
0.31374916434288 0.286515414714813 0.336594790220261 0.347181588411331 0.320596724748611 0.291294366121292 0.318575114011765 0.398146688938141 0.432326912879944 0.464692950248718 0.469026625156403 0.496194303035736 0.492884129285812 0.47131210565567 0.483159631490707 0.51999968290329 0.515607953071594 0.510830342769623 0.540278136730194 0.541196465492249 0.538758814334869 0.529472589492798 0.532297372817993 0.533591270446777 0.547674536705017 0.486053824424744 0.581762135028839 0.572051584720612 0.590854287147522 0.604854226112366 0.607952177524567 0.622048199176788 0.571323394775391 0.600118637084961 0.565936505794525 0.596434235572815 0.571594178676605 0.615772902965546 0.658743441104889 0.671766817569733 0.656035244464874 0.661388039588928 0.689790844917297 0.705596208572388 0.718334376811981 0.749193072319031 0.745954275131226 0.745936572551727 0.751833915710449 0.727661073207855 0.736079335212708 0.7040975689888
0.356422334909439 0.334533005952835 0.320638060569763 0.345253616571426 0.335163235664368 0.297917991876602 0.319859981536865 0.38132455945015 0.397440880537033 0.439055323600769 0.470351248979568 0.502740621566772 0.493117094039917 0.471270889043808 0.45736700296402 0.522633671760559 0.508944451808929 0.512448728084564 0.527274668216705 0.513911783695221 0.510410785675049 0.530449569225311 0.54615706205368 0.558866083621979 0.535184442996979 0.550623953342438 0.577718913555145 0.572894811630249 0.564786791801453 0.608401536941528 0.609750807285309 0.623755097389221 0.59060800075531 0.61320573091507 0.569720268249512 0.609523057937622 0.6448854804039 0.682064592838287 0.699629008769989 0.623780190944672 0.663461983203888 0.673547327518463 0.694144070148468 0.706464052200317 0.700149834156036 0.724407076835632 0.748563408851624 0.744869351387024 0.706896603107452 0.72744232416153 0.747224807739258 0.683983325958252
0.367712110280991 0.375613987445831 0.352864384651184 0.356012612581253 0.347125291824341 0.300639092922211 0.321591556072235 0.329118430614471 0.397981554269791 0.451753884553909 0.496554344892502 0.49092423915863 0.50826895236969 0.48331543803215 0.484423160552979 0.484449833631516 0.518677115440369 0.53718101978302 0.537698984146118 0.515070855617523 0.51202803850174 0.548413634300232 0.552855908870697 0.551063418388367 0.521611452102661 0.570408523082733 0.516484677791595 0.534431755542755 0.590516865253448 0.595912575721741 0.619556963443756 0.625034809112549 0.577692091464996 0.56836462020874 0.630282282829285 0.662312567234039 0.635667383670807 0.62721586227417 0.632345020771027 0.654639661312103 0.717570066452026 0.697694718837738 0.743665516376495 0.749928176403046 0.717411577701569 0.753329813480377 0.744702816009521 0.714363992214203 0.676284730434418 0.683233976364136 0.707603812217712 0.682448625564575
0.397832185029984 0.3948013484478 0.393259137868881 0.331692636013031 0.335285007953644 0.347824364900589 0.371647328138351 0.366647392511368 0.48722630739212 0.47026801109314 0.485974878072739 0.492764264345169 0.502145230770111 0.483600527048111 0.448446065187454 0.512988328933716 0.52596253156662 0.51455545425415 0.515491545200348 0.51380866765976 0.515571236610413 0.548122406005859 0.559399247169495 0.564188122749329 0.551803171634674 0.550849497318268 0.490119814872742 0.546601474285126 0.574014186859131 0.621459722518921 0.623109400272369 0.615725636482239 0.585792064666748 0.582880198955536 0.662693977355957 0.620562136173248 0.595924496650696 0.635542511940002 0.653361558914185 0.709779858589172 0.708792090415955 0.718764305114746 0.744366705417633 0.739323675632477 0.749575018882751 0.720518946647644 0.694450378417969 0.650846540927887 0.655253827571869 0.680213451385498 0.666195273399353 0.698352873325348
0.386730939149857 0.332120507955551 0.31216037273407 0.333481788635254 0.344866096973419 0.390680938959122 0.373033612966537 0.360740959644318 0.46747887134552 0.493206530809402 0.488224357366562 0.461875975131989 0.449929386377335 0.493011564016342 0.497884452342987 0.524025738239288 0.511850476264954 0.514385461807251 0.540346741676331 0.517404079437256 0.531369507312775 0.55333137512207 0.544949412345886 0.548914670944214 0.552727103233337 0.486791014671326 0.479532450437546 0.551745116710663 0.591793298721313 0.618668854236603 0.609258413314819 0.620500266551971 0.551038861274719 0.593430161476135 0.616074979305267 0.63011360168457 0.677606284618378 0.682659924030304 0.69628119468689 0.730866730213165 0.737477838993073 0.732334673404694 0.707821011543274 0.705028057098389 0.722145318984985 0.712184250354767 0.671657979488373 0.663548290729523 0.680095613002777 0.642551481723785 0.669751703739166 0.701981902122498
0.323320090770721 0.322870969772339 0.340291559696198 0.352319270372391 0.364764809608459 0.324795603752136 0.326853573322296 0.347328335046768 0.44255119562149 0.430775016546249 0.425807118415833 0.441226810216904 0.504514634609222 0.509152412414551 0.510111808776855 0.526455223560333 0.52184796333313 0.528284132480621 0.543128848075867 0.516740560531616 0.547542989253998 0.545402646064758 0.487688153982162 0.503299117088318 0.476638674736023 0.515145003795624 0.57120668888092 0.588963985443115 0.59234219789505 0.609095335006714 0.601959109306335 0.563976287841797 0.580997109413147 0.568737685680389 0.636507153511047 0.676241993904114 0.651053130626678 0.697300910949707 0.713383913040161 0.73190450668335 0.73019403219223 0.67739862203598 0.678680062294006 0.700122356414795 0.687695264816284 0.67185652256012 0.681853473186493 0.706918895244598 0.655450940132141 0.652891039848328 0.702728569507599 0.717890679836273
0.382620185613632 0.341250270605087 0.324464797973633 0.346832871437073 0.324709475040436 0.429572343826294 0.394065409898758 0.438101410865784 0.421862035989761 0.424826920032501 0.448021024465561 0.5017409324646 0.493672490119934 0.489096373319626 0.512511372566223 0.528460383415222 0.52558296918869 0.531090974807739 0.532522737979889 0.533031761646271 0.547318041324615 0.520835518836975 0.469782143831253 0.509484469890594 0.482317864894867 0.569857835769653 0.583703219890594 0.589602291584015 0.607114970684052 0.608121871948242 0.624054312705994 0.637544989585876 0.620639562606812 0.598529577255249 0.655526161193848 0.665201365947723 0.697382926940918 0.707254886627197 0.715924501419067 0.715766489505768 0.669180154800415 0.64458703994751 0.660534083843231 0.677643775939941 0.667269647121429 0.687425851821899 0.707448422908783 0.673210203647614 0.65246969461441 0.685512900352478 0.702755153179169 0.741812109947205
0.312753856182098 0.325140923261642 0.304490923881531 0.313099175691605 0.370014131069183 0.358790457248688 0.360452651977539 0.42025300860405 0.422211796045303 0.410320907831192 0.495402067899704 0.501841247081757 0.495885670185089 0.498474270105362 0.521200060844421 0.524507999420166 0.52948272228241 0.534201264381409 0.534266471862793 0.548524498939514 0.534573554992676 0.532893240451813 0.534297943115234 0.492985963821411 0.496279895305634 0.567955553531647 0.588513314723969 0.567790389060974 0.607307374477386 0.61695671081543 0.630692541599274 0.640909910202026 0.614833354949951 0.624126374721527 0.643056988716125 0.616359651088715 0.697126090526581 0.709178745746613 0.729209721088409 0.732576191425323 0.669076204299927 0.654891431331635 0.660265684127808 0.677626013755798 0.682393610477448 0.702208876609802 0.680770635604858 0.656364738941193 0.676553964614868 0.718067288398743 0.720853745937347 0.763822078704834
0.311947196722031 0.324419319629669 0.300954878330231 0.356887459754944 0.325057774782181 0.305182784795761 0.313738197088242 0.384515941143036 0.450654685497284 0.477877467870712 0.490784198045731 0.48088264465332 0.465117037296295 0.513645112514496 0.515221476554871 0.517150640487671 0.533421695232391 0.534800410270691 0.534368276596069 0.535317242145538 0.534247696399689 0.551415264606476 0.567963838577271 0.495912432670593 0.526203453540802 0.569730460643768 0.570032715797424 0.588001430034637 0.605838716030121 0.617855906486511 0.62151837348938 0.62530791759491 0.580048501491547 0.606871366500854 0.593918025493622 0.629313707351685 0.692491829395294 0.7098708152771 0.727455317974091 0.729662179946899 0.676803410053253 0.670467376708984 0.697524547576904 0.689552247524261 0.702706873416901 0.702413082122803 0.658573389053345 0.658841371536255 0.748644411563873 0.746294617652893 0.762304186820984 0.763464093208313
0.330029875040054 0.308460533618927 0.324319809675217 0.335582256317139 0.321403831243515 0.319433361291885 0.372418940067291 0.430717825889587 0.461440205574036 0.46666094660759 0.476278305053711 0.498657584190369 0.500365436077118 0.50132417678833 0.515164911746979 0.51875913143158 0.535224914550781 0.535829365253448 0.534950375556946 0.523672342300415 0.55183345079422 0.551916003227234 0.552120387554169 0.484551668167114 0.550625324249268 0.543580412864685 0.569822669029236 0.587768316268921 0.622582018375397 0.615877330303192 0.639921545982361 0.637418508529663 0.602726817131042 0.602493107318878 0.641849875450134 0.679035782814026 0.695700526237488 0.712746441364288 0.71427321434021 0.706796169281006 0.692778050899506 0.691482782363892 0.722306251525879 0.69272655248642 0.697620451450348 0.668174743652344 0.643110692501068 0.663578689098358 0.715724408626556 0.724448263645172 0.747144460678101 0.719724655151367
0.348213970661163 0.333554625511169 0.379998117685318 0.371801495552063 0.360258996486664 0.384678870439529 0.471447557210922 0.420158982276917 0.457046777009964 0.475929081439972 0.48262956738472 0.499602198600769 0.501060664653778 0.515141069889069 0.519757866859436 0.521402299404144 0.534223139286041 0.524779200553894 0.520116686820984 0.516543328762054 0.506788313388824 0.552334547042847 0.552408695220947 0.496418744325638 0.543220281600952 0.56156724691391 0.586772322654724 0.603831887245178 0.617178082466125 0.590293943881989 0.626623451709747 0.624483168125153 0.593102991580963 0.613494992256165 0.661399841308594 0.675227224826813 0.696698725223541 0.697171270847321 0.69361138343811 0.68830406665802 0.685248672962189 0.686931908130646 0.674580037593842 0.691564679145813 0.683374762535095 0.661857664585114 0.649362146854401 0.658675253391266 0.66330498456955 0.699962913990021 0.734851062297821 0.70763087272644
0.368300378322601 0.338655173778534 0.394551306962967 0.410766422748566 0.398473083972931 0.432319492101669 0.435909628868103 0.457483232021332 0.468257337808609 0.482041835784912 0.499570459127426 0.501234292984009 0.518530249595642 0.516385614871979 0.530008792877197 0.537522554397583 0.534630000591278 0.537681579589844 0.525020062923431 0.512259602546692 0.545120418071747 0.493468791246414 0.525554120540619 0.512753307819366 0.512256562709808 0.568962275981903 0.587647318840027 0.612730920314789 0.636417150497437 0.632598400115967 0.625520169734955 0.613858997821808 0.588665008544922 0.578747808933258 0.607218503952026 0.640902519226074 0.69616311788559 0.689485490322113 0.689623892307281 0.684082686901093 0.661848545074463 0.660227179527283 0.647547423839569 0.662047207355499 0.660027027130127 0.653676211833954 0.652280390262604 0.664545476436615 0.711089789867401 0.683166086673737 0.698582053184509 0.685920715332031
