data/climate_estimation/maxent_output/Smilax_nigrescens.asc
NCOLS 241 
NROWS 231 
XLLCORNER 98.0833333333333 
YLLCORNER 21.6666666666667 
CELLSIZE 0.0833333333333333 
NODATA_value -3.4e+38 
[rows 120 to 139 of 231, columns 132 to 175 of 241]
0.862026751041412 0.862286329269409 0.862123608589172 0.87281459569931 0.810680747032166 0.833803296089172 0.818717002868652 0.848585724830627 0.83499813079834 0.835576295852661 0.791866540908813 0.787838876247406 0.7844597697258 0.808111846446991 0.803839981555939 0.802747488021851 0.785989999771118 0.747652888298035 0.757423937320709 0.79537969827652 0.786449909210205 0.765605568885803 0.721491277217865 0.719463586807251 0.76802533864975 0.777716994285583 0.783981502056122 0.742469429969788 0.751501679420471 0.751462757587433 0.685556471347809 0.607681691646576 0.602857649326324 0.565650641918182 0.551474988460541 0.5517418384552 0.538340866565704 0.529112458229065 0.513800501823425 0.469101935625076 0.455496490001678 0.43350538611412 0.422831267118454 0.399854212999344
0.924654126167297 0.914013504981995 0.884590864181519 0.914154052734375 0.885430753231049 0.855272948741913 0.771442949771881 0.761726140975952 0.808282554149628 0.816312849521637 0.738044738769531 0.721776187419891 0.718429148197174 0.720516502857208 0.753397583961487 0.803310871124268 0.78058135509491 0.775358080863953 0.781267642974854 0.780627310276031 0.772983253002167 0.789217591285706 0.717397630214691 0.753825426101685 0.782553672790527 0.768380165100098 0.744151651859283 0.724897861480713 0.706966936588287 0.700958609580994 0.691536903381348 0.603233933448792 0.590267539024353 0.557850778102875 0.532107472419739 0.509452402591705 0.488629698753357 0.471769660711288 0.472328275442123 0.458516895771027 0.434355884790421 0.397643238306046 0.383241027593613 0.376250982284546
0.914510905742645 0.913941979408264 0.890834271907806 0.907914698123932 0.878903687000275 0.721760332584381 0.780463576316833 0.830041110515594 0.751137435436249 0.81171715259552 0.803363382816315 0.790075719356537 0.810081899166107 0.770033240318298 0.732601523399353 0.773567259311676 0.716707527637482 0.669123530387878 0.70795750617981 0.762603580951691 0.774846196174622 0.773458778858185 0.771752595901489 0.747332990169525 0.748527348041534 0.720330893993378 0.705805063247681 0.735340595245361 0.680123269557953 0.679868400096893 0.628729999065399 0.61027717590332 0.585332930088043 0.526229858398438 0.49581840634346 0.487536579370499 0.464154183864594 0.454059600830078 0.42209404706955 0.410939812660217 0.395578533411026 0.374895751476288 0.349367767572403 0.339702129364014
0.907787024974823 0.86403489112854 0.862506091594696 0.836739540100098 0.845835983753204 0.867824792861938 0.844494044780731 0.746443510055542 0.723198235034943 0.791149497032166 0.769757986068726 0.752754509449005 0.775765597820282 0.792205035686493 0.753986775875092 0.77070164680481 0.751349031925201 0.769892275333405 0.732574820518494 0.645780324935913 0.739101409912109 0.757155060768127 0.742265284061432 0.729499340057373 0.717816591262817 0.73477166891098 0.722998321056366 0.669284343719482 0.677723467350006 0.638128936290741 0.604944348335266 0.589062392711639 0.532361268997192 0.477683007717133 0.458598554134369 0.449401646852493 0.438649833202362 0.410242706537247 0.395201474428177 0.366475999355316 0.35330069065094 0.336366891860962 0.315412819385529 0.310156941413879
0.757805466651917 0.772551774978638 0.798296511173248 0.803507745265961 0.862457811832428 0.852141916751862 0.797753751277924 0.736778318881989 0.709329545497894 0.770874917507172 0.776490330696106 0.768926441669464 0.768085181713104 0.747432351112366 0.737648963928223 0.728564500808716 0.70618063211441 0.719160497188568 0.666698098182678 0.601177573204041 0.664066433906555 0.724269390106201 0.743093311786652 0.713137626647949 0.716384708881378 0.717472672462463 0.69862025976181 0.645373344421387 0.646203935146332 0.619170248508453 0.558605194091797 0.534882128238678 0.495195776224136 0.467594593763351 0.444950342178345 0.425130307674408 0.386704385280609 0.372569561004639 0.351779401302338 0.344998151063919 0.310675770044327 0.298815846443176 0.292749971151352 0.27753359079361
0.818869292736053 0.825867593288422 0.730121195316315 0.877019762992859 0.848906934261322 0.803281128406525 0.776500225067139 0.74477082490921 0.768534302711487 0.764128267765045 0.740926682949066 0.783170938491821 0.760287046432495 0.765308499336243 0.737120509147644 0.693409442901611 0.728934764862061 0.723443031311035 0.727965891361237 0.731110274791718 0.675034821033478 0.711950778961182 0.699308514595032 0.708038330078125 0.671913981437683 0.681108117103577 0.643654525279999 0.620161831378937 0.574948191642761 0.559957087039948 0.520413994789124 0.494444727897644 0.446045190095901 0.42943999171257 0.404315531253815 0.389606356620789 0.36892357468605 0.347123265266418 0.312283158302307 0.306823253631592 0.289806038141251 0.272352397441864 0.269288390874863 0.243510916829109
0.890740990638733 0.887320935726166 0.890669465065002 0.835844218730927 0.820103108882904 0.779454469680786 0.811701714992523 0.775071501731873 0.786596179008484 0.782654464244843 0.738182008266449 0.726306736469269 0.728499948978424 0.712145209312439 0.738640487194061 0.73288768529892 0.708518743515015 0.711821675300598 0.736648261547089 0.723536014556885 0.666272819042206 0.708289444446564 0.66145271062851 0.671644151210785 0.666629314422607 0.650544345378876 0.588234424591064 0.569264650344849 0.543743968009949 0.499302059412003 0.478155434131622 0.446395456790924 0.422299355268478 0.410695850849152 0.370315611362457 0.345256775617599 0.327485680580139 0.310108602046967 0.303575724363327 0.276065796613693 0.268072605133057 0.246439412236214 0.241448983550072 0.244140639901161
0.882947266101837 0.866380512714386 0.870811581611633 0.866250932216644 0.764625310897827 0.762714028358459 0.80414867401123 0.755403220653534 0.753518164157867 0.739906370639801 0.75607818365097 0.732867836952209 0.722829401493073 0.691297829151154 0.64189213514328 0.575230777263641 0.69526469707489 0.684931218624115 0.690571367740631 0.54527223110199 0.674398481845856 0.670170485973358 0.670877754688263 0.676429510116577 0.674143016338348 0.641986310482025 0.595504224300385 0.558128774166107 0.493584662675858 0.474151819944382 0.446976751089096 0.426629483699799 0.396097540855408 0.374313741922379 0.350734651088715 0.330909341573715 0.324563920497894 0.311038494110107 0.306672155857086 0.272851079702377 0.2620490193367 0.260099172592163 0.248741716146469 0.252649694681168
0.831774115562439 0.870864450931549 0.873646795749664 0.81648725271225 0.754199802875519 0.802379429340363 0.771902620792389 0.777145087718964 0.732721745967865 0.72452974319458 0.648790180683136 0.641313076019287 0.708844423294067 0.722303628921509 0.615238130092621 0.528824746608734 0.705542266368866 0.639818966388702 0.694076180458069 0.647029101848602 0.594895541667938 0.637776017189026 0.669163227081299 0.633690059185028 0.605582714080811 0.575637996196747 0.547343671321869 0.535825073719025 0.490727841854095 0.464817851781845 0.437912583351135 0.3875392973423 0.358979970216751 0.336947947740555 0.320987492799759 0.323462814092636 0.324847012758255 0.316458582878113 0.306121855974197 0.302003771066666 0.276210755109787 0.27184197306633 0.255398869514465 0.254276543855667
0.859710216522217 0.855921506881714 0.811417460441589 0.810162782669067 0.771095037460327 0.806210577487946 0.76386684179306 0.790781438350677 0.677058398723602 0.658579289913177 0.574599802494049 0.537634313106537 0.675657093524933 0.669105350971222 0.538820266723633 0.540687143802643 0.551104664802551 0.519632697105408 0.603116154670715 0.599284112453461 0.599069654941559 0.61392617225647 0.638762295246124 0.590932905673981 0.591114580631256 0.590276002883911 0.556069016456604 0.533016085624695 0.487156540155411 0.423209249973297 0.395463347434998 0.350796341896057 0.329862922430038 0.318035393953323 0.320929318666458 0.314494162797928 0.32720422744751 0.305572628974915 0.305650562047958 0.291265547275543 0.277908623218536 0.277435928583145 0.256754070520401 0.256135582923889
0.85450541973114 0.844985604286194 0.8437619805336 0.811349034309387 0.790268182754517 0.796249985694885 0.804513037204742 0.746577501296997 0.584799468517303 0.586190640926361 0.622487366199493 0.682586967945099 0.687261879444122 0.579761266708374 0.592478156089783 0.598671495914459 0.582049190998077 0.57100236415863 0.637017965316772 0.6297487616539 0.59069162607193 0.612389862537384 0.604453384876251 0.593614220619202 0.548366248607635 0.509006440639496 0.496368408203125 0.48593270778656 0.422913730144501 0.396126568317413 0.354593753814697 0.343021005392075 0.315131932497025 0.304698884487152 0.306973904371262 0.305164366960526 0.308678567409515 0.293749809265137 0.294470071792603 0.296281367540359 0.273053795099258 0.269624501466751 0.2705397605896 0.25212362408638
0.825996577739716 0.811326026916504 0.821756780147552 0.808392643928528 0.768303394317627 0.768965840339661 0.788986086845398 0.736675441265106 0.666118383407593 0.670345187187195 0.717338442802429 0.675661683082581 0.649177730083466 0.636569380760193 0.64008492231369 0.597489953041077 0.569027960300446 0.64700835943222 0.625121355056763 0.599537372589111 0.527740120887756 0.509519338607788 0.538940250873566 0.503153204917908 0.482400149106979 0.4760881960392 0.405968964099884 0.396383374929428 0.363745093345642 0.348842054605484 0.32891771197319 0.323531329631805 0.316042214632034 0.298752218484879 0.290373802185059 0.294109314680099 0.297994792461395 0.276441395282745 0.279065072536469 0.280870854854584 0.258842349052429 0.257809340953827 0.260008215904236 0.248206183314323
0.804368913173676 0.828533828258514 0.811092138290405 0.791783571243286 0.789119958877563 0.790519297122955 0.760353565216064 0.74530553817749 0.695919096469879 0.706433355808258 0.68688553571701 0.67864865064621 0.666334927082062 0.636677145957947 0.631701231002808 0.574430346488953 0.617203176021576 0.60853385925293 0.601192712783813 0.578513562679291 0.512276172637939 0.438093692064285 0.46676316857338 0.467192143201828 0.464174687862396 0.445241063833237 0.388880968093872 0.369012534618378 0.357634872198105 0.342256486415863 0.323618322610855 0.311590641736984 0.298426777124405 0.28509059548378 0.281399995088577 0.2844457924366 0.281682282686234 0.269297897815704 0.266317158937454 0.270155400037766 0.25131693482399 0.252257943153381 0.255046159029007 0.240413695573807
0.778694570064545 0.796310305595398 0.779731690883636 0.783846020698547 0.761333167552948 0.754605948925018 0.769241690635681 0.711108922958374 0.634650528430939 0.704770624637604 0.701156556606293 0.659157991409302 0.60461962223053 0.651110589504242 0.621033668518066 0.60973334312439 0.612950623035431 0.609945476055145 0.60233873128891 0.546933174133301 0.527873694896698 0.446084439754486 0.429602950811386 0.443776458501816 0.431098520755768 0.398411214351654 0.413289934396744 0.357513070106506 0.323357909917831 0.305589258670807 0.300705075263977 0.295506656169891 0.289255708456039 0.272928148508072 0.265914112329483 0.267907172441483 0.269047647714615 0.258352011442184 0.251068830490112 0.256266623735428 0.240353509783745 0.24222020804882 0.247228637337685 0.236350506544113
0.784926474094391 0.775974690914154 0.789716064929962 0.770202398300171 0.749858200550079 0.74921190738678 0.756104111671448 0.698244750499725 0.697810351848602 0.714360594749451 0.714204013347626 0.709684193134308 0.665363371372223 0.655596673488617 0.620528221130371 0.625387072563171 0.584283113479614 0.608949601650238 0.561138391494751 0.552287578582764 0.543291032314301 0.498450934886932 0.445434361696243 0.41825208067894 0.425268769264221 0.406917750835419 0.380797415971756 0.348608285188675 0.306808859109879 0.29325345158577 0.282550454139709 0.275215029716492 0.274081617593765 0.250642776489258 0.251321732997894 0.256423503160477 0.258098781108856 0.238601416349411 0.242737114429474 0.246595680713654 0.232913658022881 0.235340714454651 0.238576158881187 0.228612050414085
0.766626179218292 0.76413494348526 0.743933379650116 0.738700032234192 0.754227161407471 0.747790813446045 0.747543275356293 0.714018762111664 0.714376747608185 0.728429973125458 0.722352862358093 0.715685069561005 0.672495007514954 0.658404946327209 0.642234683036804 0.620996117591858 0.599325358867645 0.573043167591095 0.563167989253998 0.562902927398682 0.529380559921265 0.501081943511963 0.465757966041565 0.433644324541092 0.418240427970886 0.370604157447815 0.32929652929306 0.335290163755417 0.283164381980896 0.27014234662056 0.264050126075745 0.262708932161331 0.252991735935211 0.242025509476662 0.240382716059685 0.238280013203621 0.240343064069748 0.229812502861023 0.231212079524994 0.233581468462944 0.223779737949371 0.22494725883007 0.229306548833847 0.244610533118248
0.76090145111084 0.742600381374359 0.735365033149719 0.741733491420746 0.730313718318939 0.7354856133461 0.714449465274811 0.73953241109848 0.722944498062134 0.738183259963989 0.705054640769958 0.714895188808441 0.687496781349182 0.682348549365997 0.659141659736633 0.623757362365723 0.595258116722107 0.569437146186829 0.539866924285889 0.531055986881256 0.489104956388474 0.433358371257782 0.38853120803833 0.403965294361115 0.405419021844864 0.344512552022934 0.325830399990082 0.300676077604294 0.273840963840485 0.278044521808624 0.261510759592056 0.249758884310722 0.234455600380898 0.229534476995468 0.223582968115807 0.22618755698204 0.227921202778816 0.21759706735611 0.217482760548592 0.220807552337646 0.209911048412323 0.215034499764442 0.217317745089531 0.213898256421089
0.728000462055206 0.735426425933838 0.724365830421448 0.721354722976685 0.735281646251678 0.745881855487823 0.735778450965881 0.744950115680695 0.742636203765869 0.738210916519165 0.729461491107941 0.729837119579315 0.716396331787109 0.693902671337128 0.643889725208282 0.613935112953186 0.597253084182739 0.561311602592468 0.505270719528198 0.4887954890728 0.478744298219681 0.466193974018097 0.44053789973259 0.413639038801193 0.344329178333282 0.362749934196472 0.325353503227234 0.291206359863281 0.266751259565353 0.244333848357201 0.238135695457458 0.235932230949402 0.223755493760109 0.213816106319427 0.211964309215546 0.216210603713989 0.21460397541523 0.204145491123199 0.208320155739784 0.209765091538429 0.213046967983246 0.199522078037262 0.206784725189209 0.198557779192924
0.73915833234787 0.751530706882477 0.721907496452332 0.722224831581116 0.742209255695343 0.742967426776886 0.74371749162674 0.71945732831955 0.722036838531494 0.733457565307617 0.732421159744263 0.727113544940948 0.710394442081451 0.675083458423615 0.644698858261108 0.624153971672058 0.606337070465088 0.562821209430695 0.521176278591156 0.538940370082855 0.495151340961456 0.441243588924408 0.384571820497513 0.36253410577774 0.364119678735733 0.32916122674942 0.326995760202408 0.281108677387238 0.23830346763134 0.242614969611168 0.228521406650543 0.224824741482735 0.208075046539307 0.202896445989609 0.200631886720657 0.204319909214973 0.205002143979073 0.208685636520386 0.191869333386421 0.196909040212631 0.202775597572327 0.188647478818893 0.19509369134903 0.199521288275719
0.725199282169342 0.720419108867645 0.702564299106598 0.729775607585907 0.724262595176697 0.743198037147522 0.72161477804184 0.716088652610779 0.729735970497131 0.725796401500702 0.713382959365845 0.702219247817993 0.690527558326721 0.669865906238556 0.633821964263916 0.634708166122437 0.58096045255661 0.55848240852356 0.513208746910095 0.465912252664566 0.422561317682266 0.458098262548447 0.428065568208694 0.347759008407593 0.311867147684097 0.319912880659103 0.271109133958817 0.246021196246147 0.242879152297974 0.233876183629036 0.213753506541252 0.215558648109436 0.203473046422005 0.194874465465546 0.186264753341675 0.186202466487885 0.187340721487999 0.19437912106514 0.182317957282066 0.186383128166199 0.18731015920639 0.190951943397522 0.186155870556831 0.188470035791397
