data/climate_estimation/maxent_output/Smilax_polycolea.asc
NCOLS 169 
NROWS 130 
XLLCORNER 99.5833333333333 
YLLCORNER 22.75 
CELLSIZE 0.0833333333333333 
NODATA_value -3.4e+38 
[rows 80 to 99 of 130, columns 88 to 131 of 169]
0.955445766448975 0.954939007759094 0.95531290769577 0.959089696407318 0.953453779220581 0.955875217914581 0.951756834983826 0.951272964477539 0.9402876496315 0.936781644821167 0.935804843902588 0.933126449584961 0.93412059545517 0.913052141666412 0.911225199699402 0.890260517597198 0.863703966140747 0.840376853942871 0.79581481218338 0.776037335395813 0.780468225479126 0.776513159275055 0.769119679927826 0.770353853702545 0.799157619476318 0.814260900020599 0.822813332080841 0.795803070068359 0.80742210149765 0.774194836616516 0.732745110988617 0.752946257591248 0.730864584445953 0.724633991718292 0.697890520095825 0.678260087966919 0.642184019088745 0.632691860198975 0.647181987762451 0.655886888504028 0.642332851886749 0.564544439315796 0.519167423248291 0.519114911556244
0.960200548171997 0.95263135433197 0.95453155040741 0.952152609825134 0.954672336578369 0.957413911819458 0.954168438911438 0.947451770305634 0.944983601570129 0.938041210174561 0.929157257080078 0.925611734390259 0.935386061668396 0.91070431470871 0.902868747711182 0.881954550743103 0.850144565105438 0.839331090450287 0.785538017749786 0.776578426361084 0.841989159584045 0.872498035430908 0.856709718704224 0.79770815372467 0.817218780517578 0.825378954410553 0.840280115604401 0.829101622104645 0.787576973438263 0.790906667709351 0.754404246807098 0.74537593126297 0.723795831203461 0.725627899169922 0.700660526752472 0.673989355564117 0.64168918132782 0.638215482234955 0.644087314605713 0.64741051197052 0.603137373924255 0.520644783973694 0.585125505924225 0.531796455383301
0.957916796207428 0.95845228433609 0.959097385406494 0.957553207874298 0.959764420986176 0.959281742572784 0.951815605163574 0.946012020111084 0.942975401878357 0.935860812664032 0.938650488853455 0.934353768825531 0.922482848167419 0.910559475421906 0.914417684078217 0.899677753448486 0.880044758319855 0.8693807721138 0.834239661693573 0.80355304479599 0.85314804315567 0.85062974691391 0.874366581439972 0.8817538022995 0.841105282306671 0.835709035396576 0.844673097133636 0.782164871692657 0.818629503250122 0.780620813369751 0.796945214271545 0.755967736244202 0.747701644897461 0.694390296936035 0.705890893936157 0.676426291465759 0.664555788040161 0.660896003246307 0.635050535202026 0.647977352142334 0.583669900894165 0.594523727893829 0.545612394809723 0.465898901224136
0.960544526576996 0.961014091968536 0.95971018075943 0.95778614282608 0.960314095020294 0.961439490318298 0.955141842365265 0.948476672172546 0.937575936317444 0.951211988925934 0.942689120769501 0.935227036476135 0.914977967739105 0.924033463001251 0.918769121170044 0.917184293270111 0.909607768058777 0.927550911903381 0.877857506275177 0.862598240375519 0.8216472864151 0.870876789093018 0.86457622051239 0.901225209236145 0.861633718013763 0.856227040290833 0.846250176429749 0.840720653533936 0.827114343643188 0.827426195144653 0.793055176734924 0.764526605606079 0.754504203796387 0.744865357875824 0.724036276340485 0.724998414516449 0.680791199207306 0.668435573577881 0.613996207714081 0.622547030448914 0.583651125431061 0.618353545665741 0.526063740253448 0.530068278312683
0.958385288715363 0.960979163646698 0.958027303218842 0.959860146045685 0.961546421051025 0.958769917488098 0.957939803600311 0.954467415809631 0.948852300643921 0.946137189865112 0.922991871833801 0.916794836521149 0.927444994449615 0.932468414306641 0.92898017168045 0.940466284751892 0.953369796276093 0.92678564786911 0.919293522834778 0.887574851512909 0.895458996295929 0.94171541929245 0.921651899814606 0.891360700130463 0.903112292289734 0.893755555152893 0.876384794712067 0.861558556556702 0.853148341178894 0.833405673503876 0.834570944309235 0.804991781711578 0.754859089851379 0.719177186489105 0.755300104618073 0.729577839374542 0.688625991344452 0.655123591423035 0.62553471326828 0.62951934337616 0.627361834049225 0.595612823963165 0.607000768184662 0.538415849208832
0.956188023090363 0.960094213485718 0.958351135253906 0.959285199642181 0.960597038269043 0.96127849817276 0.958502590656281 0.954149663448334 0.949245154857635 0.934987962245941 0.920617163181305 0.944946706295013 0.944554567337036 0.945849895477295 0.94284999370575 0.95279735326767 0.953390598297119 0.926342248916626 0.896583676338196 0.89146625995636 0.928075551986694 0.937950730323792 0.93743360042572 0.913459837436676 0.899978160858154 0.909916281700134 0.896713078022003 0.857096433639526 0.867762267589569 0.876871049404144 0.827162027359009 0.825125396251678 0.77047598361969 0.790819823741913 0.780466914176941 0.733610570430756 0.695720970630646 0.695792615413666 0.718068242073059 0.70962119102478 0.64578253030777 0.644180774688721 0.576249778270721 0.590430974960327
0.958496451377869 0.958858668804169 0.958988547325134 0.957423686981201 0.960868179798126 0.960635900497437 0.957287728786469 0.950439512729645 0.948300004005432 0.938162803649902 0.931553065776825 0.941004931926727 0.953230082988739 0.953753769397736 0.959213554859161 0.95291006565094 0.958321630954742 0.942027926445007 0.912308871746063 0.910552382469177 0.916940927505493 0.921945333480835 0.941237151622772 0.939630568027496 0.925004780292511 0.91165429353714 0.900835514068604 0.893486559391022 0.88631284236908 0.858322203159332 0.843797206878662 0.819362699985504 0.812825977802277 0.779374897480011 0.742768347263336 0.737311840057373 0.757638275623322 0.76783287525177 0.728285610675812 0.706060945987701 0.671483039855957 0.539186954498291 0.640848457813263 0.648367047309875
0.955348432064056 0.95521092414856 0.955890774726868 0.954975306987762 0.95887953042984 0.9605672955513 0.956673502922058 0.948387444019318 0.951191365718842 0.948807716369629 0.947116315364838 0.952574551105499 0.952533841133118 0.952098727226257 0.959740042686462 0.95762038230896 0.958011150360107 0.938311874866486 0.926636636257172 0.928365290164948 0.91495144367218 0.941035509109497 0.948777496814728 0.938003301620483 0.940106749534607 0.932888090610504 0.92383474111557 0.90150660276413 0.908167839050293 0.881901621818542 0.869537949562073 0.849544823169708 0.808357119560242 0.806303739547729 0.785286128520966 0.775252640247345 0.795879483222961 0.724328100681305 0.724885761737823 0.632470428943634 0.564683973789215 0.5679811835289 0.623058617115021 0.674318015575409
0.954361021518707 0.954571187496185 0.952711939811707 0.953753888607025 0.957432448863983 0.958352446556091 0.955042600631714 0.947527885437012 0.94819974899292 0.945649385452271 0.953070998191833 0.946600735187531 0.950500547885895 0.940716207027435 0.959024131298065 0.949575245380402 0.952794909477234 0.941955506801605 0.931548655033112 0.905474245548248 0.908036470413208 0.949550151824951 0.951918363571167 0.947029829025269 0.937302649021149 0.929807543754578 0.92741984128952 0.925853431224823 0.90029913187027 0.904942214488983 0.888180434703827 0.852094292640686 0.819331884384155 0.808186769485474 0.770351886749268 0.777035534381866 0.752188682556152 0.760651648044586 0.761324107646942 0.703953146934509 0.62625253200531 0.62992137670517 0.681864082813263 0.675837695598602
0.953723251819611 0.953590333461761 0.94845187664032 0.955223023891449 0.957511067390442 0.956651329994202 0.951000928878784 0.952438116073608 0.946712613105774 0.955778121948242 0.943216741085052 0.930324852466583 0.93115097284317 0.94859904050827 0.957020938396454 0.952946662902832 0.929294288158417 0.922544360160828 0.943430781364441 0.921681702136993 0.950273275375366 0.953392326831818 0.947364330291748 0.945401847362518 0.944370865821838 0.946114420890808 0.927051484584808 0.930450618267059 0.919212222099304 0.889504551887512 0.892722547054291 0.891249477863312 0.850616872310638 0.855838418006897 0.844414532184601 0.736398875713348 0.713912963867188 0.76132333278656 0.763126134872437 0.746115565299988 0.693415105342865 0.716120839118958 0.715763807296753 0.672342419624329
0.955044448375702 0.946099519729614 0.948399543762207 0.952453672885895 0.953262805938721 0.952496945858002 0.948110461235046 0.952503085136414 0.957061350345612 0.952217519283295 0.932474792003632 0.91972279548645 0.93722927570343 0.946017980575562 0.953863859176636 0.946946740150452 0.925546050071716 0.92650431394577 0.929141938686371 0.915946364402771 0.954138815402985 0.95092648267746 0.946774244308472 0.936488330364227 0.944116055965424 0.945811033248901 0.936127007007599 0.942976713180542 0.921396791934967 0.925166547298431 0.926139354705811 0.895654559135437 0.770201981067657 0.879298508167267 0.704120099544525 0.776695787906647 0.734818994998932 0.792393743991852 0.731880187988281 0.735038101673126 0.695463895797729 0.708940744400024 0.664233267307281 0.662404358386993
0.95228123664856 0.94058221578598 0.948136866092682 0.949025571346283 0.944864749908447 0.948858022689819 0.949193298816681 0.952850818634033 0.956729888916016 0.951135635375977 0.91005152463913 0.908477783203125 0.938664257526398 0.934867799282074 0.950751900672913 0.947529971599579 0.943100869655609 0.930207312107086 0.921647131443024 0.911183297634125 0.95306259393692 0.947144091129303 0.942267179489136 0.930851101875305 0.939006328582764 0.941479384899139 0.926614761352539 0.936013996601105 0.923197090625763 0.932833790779114 0.926205813884735 0.783323466777802 0.73728334903717 0.748128414154053 0.733252823352814 0.720438301563263 0.772691428661346 0.817287862300873 0.778846681118011 0.763779878616333 0.697978079319 0.707472741603851 0.735776960849762 0.732063829898834
0.949611723423004 0.936767578125 0.948087573051453 0.946007490158081 0.938385248184204 0.94604104757309 0.946529626846313 0.952883541584015 0.955638647079468 0.950857162475586 0.923334360122681 0.936187624931335 0.944680690765381 0.941033005714417 0.937298119068146 0.93504923582077 0.92822402715683 0.931112885475159 0.926311194896698 0.923258781433105 0.945551693439484 0.947812974452972 0.941618740558624 0.923909068107605 0.943310558795929 0.924682199954987 0.926479041576385 0.93411523103714 0.920334577560425 0.82573276758194 0.780113041400909 0.761763751506805 0.721328854560852 0.737907350063324 0.74994295835495 0.751498401165009 0.798137843608856 0.813575387001038 0.743806660175323 0.768499851226807 0.784446001052856 0.779788970947266 0.77056360244751 0.678343951702118
0.946102142333984 0.935646891593933 0.948009490966797 0.942184686660767 0.936358392238617 0.943476974964142 0.952915668487549 0.950136721134186 0.949170231819153 0.946199893951416 0.941890835762024 0.944105327129364 0.932973444461823 0.929727733135223 0.931633114814758 0.930579304695129 0.937333047389984 0.940974593162537 0.945773959159851 0.932906687259674 0.917947471141815 0.923617243766785 0.92419171333313 0.908592462539673 0.929980874061584 0.90624076128006 0.923134088516235 0.913422346115112 0.797982633113861 0.773295879364014 0.760935842990875 0.720463275909424 0.704639732837677 0.742366373538971 0.751210868358612 0.78468918800354 0.767231643199921 0.7410529255867 0.825867891311646 0.827470421791077 0.77530825138092 0.807483792304993 0.684402227401733 0.688545823097229
0.942978620529175 0.932496964931488 0.936248660087585 0.939012765884399 0.932544648647308 0.939471364021301 0.949300587177277 0.948482394218445 0.947926044464111 0.946839153766632 0.945435404777527 0.939421057701111 0.933480083942413 0.940183222293854 0.938514649868011 0.936317086219788 0.948091089725494 0.947355568408966 0.934684991836548 0.937667667865753 0.934271693229675 0.920508086681366 0.930619597434998 0.899245619773865 0.887996792793274 0.928427577018738 0.903062701225281 0.743123412132263 0.751975417137146 0.718024730682373 0.709669172763824 0.708179354667664 0.71988844871521 0.718936324119568 0.758325576782227 0.795648038387299 0.817435443401337 0.788660109043121 0.828639388084412 0.802654087543488 0.803011536598206 0.777636647224426 0.687668979167938 0.702347755432129
0.937992990016937 0.930792629718781 0.925621271133423 0.928141236305237 0.933785140514374 0.937301278114319 0.944966673851013 0.946198463439941 0.946368455886841 0.942021906375885 0.939279794692993 0.936153650283813 0.921135485172272 0.934435606002808 0.940782427787781 0.94875431060791 0.947696685791016 0.947505056858063 0.942455053329468 0.936808407306671 0.935594022274017 0.940074682235718 0.928584218025208 0.922316789627075 0.914681673049927 0.915444612503052 0.732501626014709 0.78676038980484 0.771508753299713 0.784810781478882 0.713053643703461 0.703969657421112 0.749337732791901 0.756893754005432 0.774644792079926 0.825637698173523 0.850751042366028 0.762457668781281 0.810410678386688 0.713319599628448 0.755739331245422 0.732780992984772 0.637455821037292 0.639262914657593
0.924153447151184 0.919959843158722 0.924416899681091 0.935131192207336 0.931995213031769 0.939585745334625 0.941923379898071 0.940001130104065 0.940729737281799 0.939695298671722 0.938696444034576 0.933819174766541 0.91808158159256 0.925814509391785 0.931735336780548 0.935730457305908 0.948159396648407 0.950290858745575 0.945667624473572 0.942848861217499 0.933333098888397 0.947430431842804 0.857962667942047 0.941527783870697 0.79063755273819 0.711982607841492 0.776549458503723 0.746581017971039 0.721865713596344 0.756331026554108 0.674290060997009 0.706576943397522 0.724904000759125 0.778017461299896 0.803362309932709 0.867071926593781 0.840571224689484 0.699575185775757 0.745137393474579 0.673587381839752 0.653979361057281 0.70902156829834 0.634615004062653 0.779331743717194
0.880913913249969 0.906828165054321 0.907296121120453 0.901323914527893 0.934492290019989 0.933034062385559 0.94004237651825 0.939486563205719 0.936537563800812 0.932120144367218 0.935751497745514 0.919112324714661 0.918421268463135 0.920263648033142 0.930978536605835 0.910830557346344 0.923794507980347 0.940968930721283 0.934309482574463 0.93827098608017 0.932878792285919 0.878978133201599 0.888655662536621 0.858511328697205 0.79630708694458 0.774190247058868 0.825610399246216 0.841147601604462 0.719286501407623 0.730504810810089 0.653739631175995 0.705444931983948 0.659376561641693 0.68801486492157 0.783866107463837 0.823660254478455 0.824029207229614 0.660273551940918 0.658399045467377 0.61380797624588 0.583028316497803 0.583143830299377 0.690425157546997 0.710043728351593
0.874606728553772 0.878191292285919 0.88383412361145 0.897464215755463 0.926781415939331 0.921279668807983 0.934554934501648 0.935194671154022 0.932842314243317 0.928303420543671 0.915263831615448 0.899410843849182 0.920722663402557 0.910731077194214 0.921344757080078 0.899815559387207 0.911101400852203 0.914682626724243 0.901738941669464 0.94038462638855 0.859673976898193 0.87669825553894 0.865079939365387 0.822135746479034 0.739331424236298 0.775456607341766 0.83319103717804 0.823128163814545 0.70742267370224 0.689395546913147 0.614795863628387 0.642427325248718 0.636186063289642 0.676322221755981 0.691581845283508 0.738047122955322 0.73638129234314 0.582953095436096 0.590048372745514 0.580536842346191 0.564718961715698 0.585427463054657 0.622474312782288 0.712350249290466
0.89676308631897 0.86397510766983 0.913967967033386 0.884226143360138 0.904883086681366 0.918851017951965 0.92523580789566 0.929701149463654 0.925184726715088 0.918262720108032 0.890729963779449 0.925206482410431 0.920821964740753 0.894952118396759 0.900542318820953 0.879695951938629 0.909020662307739 0.913754224777222 0.880507826805115 0.919565141201019 0.860188543796539 0.780914843082428 0.737236380577087 0.737857043743134 0.697630882263184 0.698225796222687 0.747471809387207 0.683664977550507 0.704106450080872 0.640896677970886 0.583933770656586 0.605690717697144 0.618748128414154 0.709495306015015 0.685227513313293 0.745882630348206 0.642368078231812 0.550023794174194 0.546158015727997 0.5447718501091 0.552681446075439 0.605250298976898 0.594576179981232 0.65682852268219
