data/climate_estimation/maxent_output/Smilax_darrisii.asc
NCOLS 90 
NROWS 46 
XLLCORNER 98.5833333333333 
YLLCORNER 26.1666666666667 
CELLSIZE 0.0833333333333333 
NODATA_value -3.4e+38 
[rows 20 to 39 of 46, columns 0 to 43 of 90]
0.948073446750641 0.988049387931824 0.964077651500702 0.779533863067627 0.983876585960388 0.982684791088104 0.978016257286072 0.834469974040985 0.82933235168457 0.9693603515625 0.948092222213745 0.917702794075012 0.903793752193451 0.966542840003967 0.975557863712311 0.995624482631683 0.997102320194244 0.968746781349182 0.954712867736816 0.931021690368652 0.996989488601685 0.998473525047302 0.998615443706512 0.998152494430542 0.922622859477997 0.951415598392487 0.983796775341034 0.887592434883118 0.983853280544281 0.992211580276489 0.99144458770752 0.992933869361877 0.99233615398407 0.893856763839722 0.994494915008545 0.979935526847839 0.797201991081238 0.964259505271912 0.952333450317383 0.759662628173828 0.892158448696136 0.805161476135254 0.687441170215607 0.686224281787872
0.969086349010468 0.975801467895508 0.883249521255493 0.818728625774384 0.979196429252625 0.976808488368988 0.955114126205444 0.937472760677338 0.800673604011536 0.789491534233093 0.964359223842621 0.98193633556366 0.932765543460846 0.919815957546234 0.980312585830688 0.996484100818634 0.997950911521912 0.997169673442841 0.984213471412659 0.877971529960632 0.974859118461609 0.998870193958282 0.98259174823761 0.943750202655792 0.871754169464111 0.984370708465576 0.990432918071747 0.895004212856293 0.952450573444366 0.979622960090637 0.984630584716797 0.982907354831696 0.994275748729706 0.901521027088165 0.989535748958588 0.957792282104492 0.841420114040375 0.97795706987381 0.840639054775238 0.799333870410919 0.897953927516937 0.731588959693909 0.665661990642548 0.760102152824402
0.899169743061066 0.951905310153961 0.950141429901123 0.854468762874603 0.876240313053131 0.985391676425934 0.922045171260834 0.962438344955444 0.943963527679443 0.810671448707581 0.854214251041412 0.975101232528687 0.957379877567291 0.949755251407623 0.97150582075119 0.995505809783936 0.996264517307281 0.995812118053436 0.992183327674866 0.915467619895935 0.929317533969879 0.99720311164856 0.989705622196198 0.843819856643677 0.959076404571533 0.998318195343018 0.972598552703857 0.866841912269592 0.895534157752991 0.937023758888245 0.977133452892303 0.988484740257263 0.992570102214813 0.925646960735321 0.896632432937622 0.875972211360931 0.905439078807831 0.940593242645264 0.849163234233856 0.951469302177429 0.919467747211456 0.772756099700928 0.719041287899017 0.686571538448334
0.752719342708588 0.870116233825684 0.968514740467072 0.867699980735779 0.878569781780243 0.974747061729431 0.939419388771057 0.873328745365143 0.95861828327179 0.871131002902985 0.876503765583038 0.952584028244019 0.948370218276978 0.952545642852783 0.959790647029877 0.990372061729431 0.985337436199188 0.992181539535522 0.99373984336853 0.957721054553986 0.869193375110626 0.944654881954193 0.942841708660126 0.869495570659637 0.991376221179962 0.990829586982727 0.987313210964203 0.986546158790588 0.86383730173111 0.912742674350739 0.960880041122437 0.946955919265747 0.986473619937897 0.968512535095215 0.841713011264801 0.811690509319305 0.968546807765961 0.883242845535278 0.774665713310242 0.894504129886627 0.913635551929474 0.774001479148865 0.650214195251465 0.676936507225037
0.765677511692047 0.812783002853394 0.969823181629181 0.871478676795959 0.847954094409943 0.962430834770203 0.95343291759491 0.87146532535553 0.922367572784424 0.873466968536377 0.906050801277161 0.973183453083038 0.96416050195694 0.958222270011902 0.971876442432404 0.992867171764374 0.981524109840393 0.966496169567108 0.986958086490631 0.982632398605347 0.961878657341003 0.845206379890442 0.821236729621887 0.877878487110138 0.971031665802002 0.965044379234314 0.955660760402679 0.981164157390594 0.924450993537903 0.860979795455933 0.93202018737793 0.940179705619812 0.915161192417145 0.968730390071869 0.939486742019653 0.807962656021118 0.979905903339386 0.960513651371002 0.867012977600098 0.812883615493774 0.934294819831848 0.866391837596893 0.646488130092621 0.654585242271423
0.85518354177475 0.798356533050537 0.966732144355774 0.915158927440643 0.792379140853882 0.837018370628357 0.966933190822601 0.935602366924286 0.869559228420258 0.924929022789001 0.82985907793045 0.983450293540955 0.952905058860779 0.94716340303421 0.979102313518524 0.993352949619293 0.983356297016144 0.979466140270233 0.949127018451691 0.957028865814209 0.952557563781738 0.902185022830963 0.769627511501312 0.949706256389618 0.96658843755722 0.921735405921936 0.91650390625 0.93496698141098 0.951845705509186 0.986124038696289 0.886009514331818 0.882506787776947 0.86653733253479 0.863374769687653 0.81440657377243 0.944349467754364 0.988093435764313 0.975400924682617 0.844698667526245 0.772816717624664 0.815040469169617 0.921687126159668 0.71691107749939 0.614550292491913
0.802057147026062 0.7978675365448 0.92995810508728 0.959202527999878 0.946439564228058 0.751727044582367 0.951376378536224 0.915171205997467 0.820598959922791 0.835693717002869 0.80511885881424 0.985802054405212 0.974285900592804 0.950918614864349 0.963236391544342 0.978670954704285 0.975572526454926 0.968011856079102 0.869367182254791 0.83713299036026 0.890974581241608 0.729366958141327 0.923125982284546 0.986653804779053 0.919962048530579 0.89266163110733 0.950534760951996 0.97083967924118 0.942822694778442 0.985817968845367 0.964623332023621 0.880954623222351 0.92169177532196 0.965527534484863 0.953652560710907 0.960262477397919 0.974758863449097 0.938092947006226 0.861691832542419 0.774863421916962 0.791046738624573 0.816649854183197 0.687889277935028 0.622459352016449
0.837442696094513 0.738284945487976 0.908552587032318 0.950896382331848 0.90022224187851 0.749634027481079 0.929434895515442 0.961880385875702 0.890117406845093 0.905276298522949 0.804386377334595 0.969909608364105 0.984328091144562 0.956825137138367 0.983217120170593 0.991691648960114 0.988086819648743 0.95046478509903 0.981660068035126 0.965698659420013 0.705253601074219 0.715178310871124 0.859496593475342 0.970707178115845 0.959285080432892 0.935470104217529 0.891817390918732 0.918405950069427 0.913648366928101 0.96447890996933 0.954117476940155 0.938259661197662 0.983150005340576 0.965449750423431 0.897912442684174 0.909717321395874 0.971537411212921 0.959001183509827 0.933692336082458 0.843340754508972 0.67863529920578 0.724683046340942 0.701430797576904 0.63353431224823
0.897768497467041 0.787615060806274 0.780018985271454 0.921854674816132 0.886762976646423 0.766670525074005 0.945937395095825 0.973329842090607 0.956396460533142 0.850228726863861 0.808081090450287 0.860121667385101 0.988337635993958 0.96454119682312 0.966139376163483 0.989992439746857 0.993054389953613 0.95974338054657 0.977083802223206 0.972931683063507 0.863605439662933 0.891081035137177 0.696175277233124 0.981045007705688 0.994093298912048 0.972875118255615 0.971623837947845 0.955039083957672 0.914557039737701 0.918293952941895 0.905685663223267 0.980076134204865 0.920093357563019 0.933936417102814 0.882809937000275 0.87761515378952 0.932040154933929 0.972015798091888 0.857605934143066 0.871291220188141 0.762880384922028 0.739318370819092 0.770301759243011 0.691934525966644
0.93244880437851 0.930592596530914 0.739894807338715 0.861014425754547 0.859681367874146 0.727841079235077 0.91881000995636 0.970939695835114 0.852881133556366 0.839195072650909 0.834311425685883 0.780692875385284 0.968095302581787 0.987626910209656 0.954868078231812 0.973064184188843 0.993049144744873 0.929455816745758 0.879681587219238 0.847038090229034 0.985373854637146 0.957474529743195 0.781832337379456 0.979705154895782 0.99191802740097 0.975103974342346 0.933800876140594 0.942890584468842 0.897488951683044 0.853385150432587 0.960569262504578 0.96995210647583 0.905583739280701 0.860685348510742 0.851370990276337 0.856293380260468 0.921346426010132 0.972872018814087 0.963772594928741 0.941952109336853 0.736129879951477 0.761379182338715 0.840582430362701 0.691157102584839
0.887040913105011 0.926104247570038 0.761623442173004 0.847112894058228 0.900906801223755 0.744099915027618 0.918598651885986 0.937993168830872 0.89788156747818 0.900156259536743 0.886245489120483 0.764677822589874 0.836275458335876 0.985048472881317 0.976789891719818 0.956285297870636 0.983573198318481 0.936171770095825 0.863377928733826 0.879912734031677 0.989839911460876 0.944835364818573 0.809517204761505 0.907137036323547 0.889169335365295 0.938702702522278 0.900248944759369 0.893541693687439 0.911284923553467 0.905260920524597 0.950396060943604 0.898451864719391 0.905548632144928 0.830824971199036 0.844066977500916 0.858459293842316 0.875151515007019 0.950293958187103 0.967360734939575 0.904056906700134 0.648309051990509 0.833103120326996 0.799255847930908 0.701497852802277
0.807759821414948 0.89267498254776 0.809350192546844 0.81304669380188 0.899085521697998 0.792772769927979 0.767963409423828 0.824625194072723 0.929858803749084 0.9360032081604 0.927760303020477 0.879390716552734 0.715667486190796 0.931394398212433 0.991556227207184 0.971572279930115 0.949178576469421 0.993357956409454 0.966021656990051 0.822042047977448 0.983718037605286 0.958253085613251 0.856990694999695 0.735913574695587 0.957706809043884 0.983523786067963 0.930865406990051 0.871570527553558 0.967891871929169 0.926216006278992 0.894228100776672 0.874167025089264 0.876377403736115 0.901760578155518 0.926295042037964 0.970602452754974 0.960684776306152 0.96133816242218 0.880393087863922 0.817582964897156 0.674988448619843 0.902742207050323 0.74211859703064 0.614373922348022
0.730475664138794 0.884936392307281 0.882601380348206 0.681414008140564 0.88287091255188 0.895044267177582 0.73871523141861 0.785864114761353 0.906354010105133 0.951707363128662 0.912895202636719 0.885315120220184 0.736678540706635 0.845363795757294 0.986863672733307 0.992447912693024 0.963972628116608 0.956256091594696 0.993039608001709 0.794958293437958 0.836374938488007 0.941431999206543 0.866358280181885 0.827599704265594 0.98819637298584 0.959792494773865 0.897164165973663 0.8745236992836 0.946069836616516 0.928732514381409 0.915449202060699 0.877114653587341 0.897294998168945 0.947551429271698 0.973117470741272 0.982620179653168 0.939018785953522 0.898586571216583 0.697077989578247 0.701756238937378 0.73294734954834 0.920710325241089 0.718905210494995 0.726676166057587
0.84764575958252 0.948594629764557 0.928763568401337 0.696422517299652 0.926026403903961 0.883646965026855 0.776285171508789 0.853378772735596 0.799784541130066 0.942928314208984 0.898923516273499 0.893935024738312 0.936853110790253 0.878734588623047 0.822397768497467 0.935566306114197 0.984273254871368 0.882384359836578 0.934003472328186 0.988509595394135 0.940112709999084 0.899464964866638 0.848137199878693 0.802919805049896 0.89156174659729 0.925353527069092 0.888424813747406 0.900513172149658 0.96848052740097 0.947392642498016 0.926342129707336 0.918105900287628 0.931855142116547 0.960449635982513 0.960242748260498 0.90019679069519 0.87127947807312 0.879130959510803 0.739581108093262 0.613518059253693 0.91280460357666 0.854035437107086 0.77716988325119 0.768382966518402
0.892165243625641 0.922855079174042 0.853405177593231 0.680430471897125 0.952372133731842 0.963723123073578 0.795460164546967 0.838123023509979 0.883410215377808 0.873203694820404 0.936655759811401 0.920650720596313 0.903312027454376 0.834141075611115 0.872094929218292 0.805698812007904 0.961771786212921 0.834165036678314 0.98493355512619 0.996233642101288 0.943371057510376 0.910141468048096 0.744916677474976 0.960377156734467 0.916631042957306 0.954184889793396 0.93246728181839 0.918038904666901 0.956340134143829 0.969165802001953 0.932918012142181 0.952621698379517 0.902649402618408 0.857532501220703 0.778434038162231 0.842776358127594 0.84882128238678 0.733255803585052 0.658526241779327 0.625685155391693 0.830238461494446 0.848380863666534 0.753073632717133 0.600168466567993
0.864055514335632 0.910548746585846 0.908311188220978 0.6664759516716 0.958242774009705 0.953332424163818 0.811254441738129 0.822942733764648 0.87570321559906 0.910876572132111 0.943827092647552 0.924992501735687 0.917993068695068 0.888647675514221 0.973414063453674 0.833953678607941 0.879659473896027 0.862808048725128 0.944667100906372 0.978973805904388 0.957353949546814 0.950886249542236 0.769179999828339 0.911215126514435 0.920205414295197 0.918311417102814 0.90252947807312 0.960941135883331 0.966516256332397 0.977263212203979 0.948564410209656 0.920787572860718 0.771121144294739 0.669863820075989 0.791885554790497 0.698441684246063 0.787355601787567 0.835564732551575 0.666256844997406 0.811303973197937 0.779481291770935 0.827272236347198 0.623759090900421 0.633902132511139
0.798124909400940 0.937071442604065 0.872135400772095 0.67378306388855 0.970250725746155 0.975087285041809 0.80729615688324 0.740193068981171 0.870359718799591 0.846446454524994 0.948747515678406 0.971684873104095 0.943209826946259 0.948823094367981 0.95594185590744 0.960351288318634 0.783874690532684 0.83380651473999 0.959859848022461 0.918894469738007 0.950456559658051 0.916221678256989 0.779940545558929 0.941520869731903 0.873062252998352 0.832713067531586 0.894872725009918 0.936287105083466 0.944458961486816 0.93517404794693 0.889212846755981 0.911824464797974 0.798776090145111 0.602249145507812 0.590539813041687 0.576655268669128 0.623361229896545 0.663057863712311 0.804400384426117 0.844593048095703 0.785158574581146 0.698365092277527 0.554840505123138 0.838226854801178
0.706629753112793 0.924302756786346 0.882043838500977 0.651467025279999 0.967077314853668 0.955816924571991 0.808754920959473 0.735899567604065 0.923739731311798 0.800362527370453 0.911807775497437 0.962772369384766 0.988122045993805 0.952265322208405 0.920863330364227 0.87406450510025 0.760919272899628 0.832840800285339 0.8930504322052 0.883601188659668 0.901385188102722 0.941817820072174 0.824591398239136 0.882070302963257 0.738060832023621 0.930087208747864 0.922178506851196 0.933125257492065 0.934234321117401 0.927621960639954 0.772576153278351 0.728540360927582 0.772730469703674 0.777354836463928 0.576386213302612 0.666796922683716 0.762233972549438 0.603515267372131 0.842932343482971 0.815178096294403 0.673891663551331 0.625865817070007 0.587411224842072 0.889303982257843
0.754487931728363 0.887650847434998 0.9395991563797 0.654829919338226 0.90971428155899 0.978638470172882 0.789662539958954 0.851282596588135 0.951695322990417 0.872887313365936 0.848214268684387 0.941304981708527 0.943651258945465 0.932038128376007 0.855403900146484 0.848088383674622 0.88727605342865 0.926922142505646 0.933807015419006 0.934808909893036 0.901362717151642 0.7891646027565 0.765649259090424 0.814102530479431 0.630763471126556 0.803651332855225 0.929065227508545 0.978215336799622 0.975864470005035 0.888115882873535 0.749873101711273 0.648146569728851 0.688383102416992 0.670896410942078 0.602443933486938 0.812170147895813 0.774733543395996 0.649457335472107 0.587853193283081 0.677068829536438 0.556271433830261 0.504520773887634 0.604416489601135 0.924655735492706
0.822041213512421 0.895245015621185 0.934133410453796 0.670166850090027 0.888719320297241 0.981454193592072 0.73874306678772 0.818376481533051 0.90739381313324 0.925791800022125 0.908520042896271 0.891586363315582 0.964116334915161 0.964982628822327 0.905091524124146 0.92562609910965 0.878782689571381 0.939675033092499 0.960756838321686 0.895772874355316 0.907817721366882 0.757929682731628 0.950951337814331 0.92323899269104 0.753929913043976 0.65199738740921 0.89280116558075 0.965430438518524 0.949871778488159 0.890681982040405 0.808747291564941 0.626432418823242 0.674120247364044 0.723546266555786 0.816154897212982 0.594495236873627 0.693822860717773 0.726859211921692 0.542751014232635 0.539114058017731 0.640939116477966 0.784493386745453 0.735885083675385 0.841087400913239
