data/climate_estimation/maxent_output/Smilax_polycolea.asc
NCOLS 169 
NROWS 130 
XLLCORNER 99.5833333333333 
YLLCORNER 22.75 
CELLSIZE 0.0833333333333333 
NODATA_value -3.4e+38 
[rows 100 to 119 of 130, columns 0 to 43 of 169]
0.568426251411438 0.452094346284866 0.581226766109467 0.47961351275444 0.399973690509796 0.480452656745911 0.48384690284729 0.602655589580536 0.432663053274155 0.606024861335754 0.594950973987579 0.463049322366714 0.431632608175278 0.408190548419952 0.330552726984024 0.471656888723373 0.605119585990906 0.565529406070709 0.41969245672226 0.371577799320221 0.400875151157379 0.393833458423615 0.459873110055923 0.454404175281525 0.371947437524796 0.384951502084732 0.554084002971649 0.437645196914673 0.447832107543945 0.33350470662117 0.358763724565506 0.460650444030762 0.530456066131592 0.638446688652039 0.635001003742218 0.520426034927368 0.660284399986267 0.676322638988495 0.694172143936157 0.701174437999725 0.698532581329346 0.672603845596313 0.716234028339386 0.614023685455322
0.516546070575714 0.521956503391266 0.536789357662201 0.550534546375275 0.366665124893188 0.498869478702545 0.473618596792221 0.601212203502655 0.55915355682373 0.538903415203094 0.544151186943054 0.489560216665268 0.323846995830536 0.260175973176956 0.432563066482544 0.592236995697021 0.574657559394836 0.555409729480743 0.373157113790512 0.35158309340477 0.380705654621124 0.374538898468018 0.350294560194016 0.383705019950867 0.376724630594254 0.427089929580688 0.387469500303268 0.391882747411728 0.279192537069321 0.291293233633041 0.317927211523056 0.55782151222229 0.547869741916656 0.614800214767456 0.641077399253845 0.644824683666229 0.648928642272949 0.640786349773407 0.673079192638397 0.689810335636139 0.705774068832397 0.709255337715149 0.717477560043335 0.619387328624725
0.60419762134552 0.41488578915596 0.505271852016449 0.601955890655518 0.418694764375687 0.409771382808685 0.450656473636627 0.558402001857758 0.559163451194763 0.523246347904205 0.407487541437149 0.286572933197021 0.301697641611099 0.384604394435883 0.251279562711716 0.56349515914917 0.537915289402008 0.455070495605469 0.37751641869545 0.330372929573059 0.442550629377365 0.525807440280914 0.361214190721512 0.30001774430275 0.342454463243484 0.34841188788414 0.335862845182419 0.105043940246105 0.113371185958385 0.325181633234024 0.341700166463852 0.598736226558685 0.486828595399857 0.567675948143005 0.631502032279968 0.639159083366394 0.620234489440918 0.591645181179047 0.642884612083435 0.670868158340454 0.701898872852325 0.706707000732422 0.698772013187408 0.534856379032135
0.63747364282608 0.470631033182144 0.533685803413391 0.593182563781738 0.527476906776428 0.303655028343201 0.388478726148605 0.281159728765488 0.461139887571335 0.457646936178207 0.419896334409714 0.480257570743561 0.545756578445435 0.341947495937347 0.419859170913696 0.348306894302368 0.445768266916275 0.389965742826462 0.452738702297211 0.279190570116043 0.396711111068726 0.425042480230331 0.383131444454193 0.347475200891495 0.38469523191452 0.307077139616013 0.307015806436539 0.0924240574240685 0.0858435854315758 0.112278372049332 0.383591204881668 0.439201563596725 0.466875582933426 0.493028700351715 0.5057013630867 0.579845249652863 0.611316204071045 0.563257992267609 0.621898770332336 0.669502794742584 0.680167198181152 0.648066878318787 0.588410258293152 0.5183265209198
0.516078293323517 0.45997828245163 0.392467111349106 0.575042843818665 0.499197095632553 0.447000861167908 0.452872186899185 0.341063380241394 0.432695925235748 0.549785375595093 0.50965940952301 0.545070230960846 0.55731600522995 0.54561984539032 0.528550684452057 0.268605828285217 0.292861819267273 0.480200797319412 0.520059943199158 0.381855875253677 0.265752464532852 0.329154521226883 0.365576893091202 0.381472826004028 0.42928484082222 0.305191814899445 0.35065546631813 0.100302524864674 0.13216532766819 0.149749204516411 0.459953814744949 0.397938638925552 0.500217854976654 0.526959717273712 0.46622109413147 0.504799425601959 0.57548987865448 0.553631901741028 0.590140163898468 0.659710109233856 0.653670012950897 0.670744657516479 0.55627715587616 0.616502523422241
0.461722433567047 0.521891832351685 0.561892926692963 0.355553060770035 0.536431431770325 0.550298690795898 0.372655898332596 0.431392461061478 0.340133875608444 0.354619264602661 0.494889348745346 0.435614109039307 0.500984191894531 0.522929131984711 0.427934139966965 0.529599249362946 0.217249095439911 0.363607734441757 0.388592123985291 0.499703377485275 0.263254374265671 0.230253532528877 0.176908761262894 0.351683020591736 0.364808261394501 0.295581668615341 0.120331019163132 0.101295240223408 0.2781942486763 0.375372469425201 0.485059559345245 0.368511497974396 0.511832714080811 0.555639982223511 0.558269679546356 0.553663611412048 0.532591283321381 0.527595043182373 0.576471328735352 0.649157106876373 0.665862441062927 0.673676431179047 0.507461190223694 0.624011933803558
0.540555417537689 0.452105969190598 0.551527917385101 0.479646444320679 0.496392726898193 0.400569319725037 0.273203134536743 0.388247460126877 0.484680950641632 0.241593956947327 0.289949953556061 0.505114316940308 0.338930934667587 0.329873591661453 0.324988603591919 0.481506109237671 0.50771176815033 0.201795160770416 0.258241832256317 0.351294666528702 0.364372044801712 0.183919176459312 0.282022684812546 0.0956504717469215 0.419913470745087 0.184554472565651 0.129073604941368 0.163081169128418 0.158487260341644 0.531240403652191 0.372401416301727 0.137848407030106 0.503623247146606 0.462418913841248 0.553185522556305 0.565536975860596 0.462148398160934 0.507472515106201 0.60559356212616 0.633528888225555 0.624285995960236 0.594775915145874 0.64652943611145 0.569261908531189
0.435237854719162 0.465970277786255 0.477901488542557 0.512764990329742 0.527208805084229 0.53513514995575 0.424864292144775 0.419246256351471 0.519733071327209 0.385546922683716 0.158352211117744 0.426680058240891 0.49551847577095 0.277784675359726 0.239442095160484 0.281904011964798 0.518871903419495 0.48247218132019 0.168537229299545 0.249831601977348 0.229407966136932 0.167892932891846 0.0665727481245995 0.20908910036087 0.350095212459564 0.169261410832405 0.440400719642639 0.347738891839981 0.247370064258575 0.512759983539581 0.47719019651413 0.134264037013054 0.474979609251022 0.460688978433609 0.568167865276337 0.562732696533203 0.519034206867218 0.570842623710632 0.601780891418457 0.437132954597473 0.541422784328461 0.568199157714844 0.592943489551544 0.543520152568817
0.319911360740662 0.416914731264114 0.459949642419815 0.529522359371185 0.488657623529434 0.449724197387695 0.470670938491821 0.23696756362915 0.322230309247971 0.436376363039017 0.22034478187561 0.18536151945591 0.494974583387375 0.401070058345795 0.17823301255703 0.322483777999878 0.408560633659363 0.51781690120697 0.430557668209076 0.126055255532265 0.111444599926472 0.16416622698307 0.143740832805634 0.0762021839618683 0.12635837495327 0.102923259139061 0.215203613042831 0.188231140375137 0.141881391406059 0.0937996506690979 0.143894240260124 0.116376921534538 0.528775036334991 0.537797689437866 0.548148810863495 0.51755154132843 0.562230706214905 0.577019095420837 0.604497969150543 0.419366478919983 0.503134608268738 0.466276347637177 0.43272739648819 0.568356335163116
0.31088051199913 0.379762262105942 0.44107922911644 0.422458529472351 0.512931406497955 0.451809674501419 0.218089237809181 0.220998525619507 0.298129260540009 0.315749913454056 0.295693427324295 0.189894735813141 0.426562905311584 0.496532827615738 0.245484605431557 0.197980806231499 0.242978900671005 0.450713485479355 0.507729589939117 0.426828444004059 0.0905257761478424 0.0418731495738029 0.0631602555513382 0.125653833150864 0.0548285618424416 0.0730318799614906 0.0511797554790974 0.121689401566982 0.184682846069336 0.12608627974987 0.146322131156921 0.108603842556477 0.394043862819672 0.540876150131226 0.538931906223297 0.385157376527786 0.546095073223114 0.543836534023285 0.506268560886383 0.410594522953033 0.557690799236298 0.492726266384125 0.341996669769287 0.57555478811264
0.287449538707733 0.425212532281876 0.450083255767822 0.412471324205399 0.382394254207611 0.372300833463669 0.335661828517914 0.340075075626373 0.432714104652405 0.463390499353409 0.304516851902008 0.310154050588608 0.399467557668686 0.486349612474442 0.451179444789886 0.17619252204895 0.244697868824005 0.267179846763611 0.43934565782547 0.500663876533508 0.413950711488724 0.0765727236866951 0.0434758402407169 0.14349377155304 0.035440918058157 0.0322022773325443 0.0402087159454823 0.25596421957016 0.103825516998768 0.127992555499077 0.267074942588806 0.170255705714226 0.499042749404907 0.493692964315414 0.291771709918976 0.114264890551567 0.420904338359833 0.403506398200989 0.39678567647934 0.489860087633133 0.586593151092529 0.510449886322021 0.29165443778038 0.603453457355499
0.307824850082397 0.449825495481491 0.443663150072098 0.491715580224991 0.397233694791794 0.409764677286148 0.419712632894516 0.395613521337509 0.431352227926254 0.427889972925186 0.343840181827545 0.269913077354431 0.331915438175201 0.382847756147385 0.414835780858994 0.174361810088158 0.163363665342331 0.171410858631134 0.129511430859566 0.443674564361572 0.493742942810059 0.16084124147892 0.038214348256588 0.0921082124114037 0.0478988289833069 0.0458781011402607 0.0176413506269455 0.116321206092834 0.0580238327383995 0.140951409935951 0.433630347251892 0.114181615412235 0.414508819580078 0.368248790502548 0.324381977319717 0.298021376132965 0.353612750768661 0.378556579351425 0.390398472547531 0.553747534751892 0.557985901832581 0.539624035358429 0.268017053604126 0.545361161231995
0.454988062381744 0.466115742921829 0.449851840734482 0.387766927480698 0.359623342752457 0.275368094444275 0.367031127214432 0.376413136720657 0.450072854757309 0.373784989118576 0.341464906930923 0.20997828245163 0.304190129041672 0.360607206821442 0.312780290842056 0.206864312291145 0.203194245696068 0.129990935325623 0.151127398014069 0.146477982401848 0.333494812250137 0.463965356349945 0.0343751758337021 0.0244893562048674 0.141139879822731 0.231118530035019 0.134124353528023 0.0723653137683868 0.268728256225586 0.149929910898209 0.177616193890572 0.106530152261257 0.451395183801651 0.29309931397438 0.277695298194885 0.355623006820679 0.478254199028015 0.506537556648254 0.453526616096497 0.462789684534073 0.419171750545502 0.530526995658875 0.207268819212914 0.488833993673325
0.482924908399582 0.459222316741943 0.298336416482925 0.259361624717712 0.250305533409119 0.300735861063004 0.334377855062485 0.394626617431641 0.375991463661194 0.297471523284912 0.288075089454651 0.290556281805038 0.349097669124603 0.255524307489395 0.250971704721451 0.200514391064644 0.165272071957588 0.0873646065592766 0.182436302304268 0.0830221176147461 0.237180322408676 0.467571139335632 0.240060389041901 0.0172153376042843 0.0536117032170296 0.136864557862282 0.196140632033348 0.250427782535553 0.405083000659943 0.115046881139278 0.0849635452032089 0.0974004492163658 0.380953848361969 0.339665561914444 0.261719435453415 0.338547259569168 0.483829349279404 0.41893008351326 0.449040561914444 0.509368598461151 0.449688017368317 0.425849229097366 0.257944017648697 0.51664412021637
0.455087095499039 0.314146757125854 0.184203863143921 0.230280727148056 0.346575558185577 0.311194479465485 0.327441453933716 0.4339599609375 0.362741887569427 0.215775236487389 0.200464904308319 0.252693176269531 0.255722105503082 0.207818433642387 0.102889329195023 0.186682090163231 0.243715465068817 0.154897272586823 0.123899638652802 0.0871519595384598 0.106912478804588 0.256675243377686 0.447280436754227 0.108570002019405 0.0219910927116871 0.0772177651524544 0.115317523479462 0.195790439844131 0.179787740111351 0.180287599563599 0.0694457590579987 0.0530196726322174 0.294246912002563 0.425831526517868 0.443307280540466 0.393808096647263 0.343322157859802 0.423717021942139 0.446449011564255 0.406287580728531 0.302202820777893 0.30009052157402 0.266162902116776 0.40201660990715
0.224473342299461 0.223691523075104 0.244917526841164 0.370671659708023 0.361917316913605 0.372197687625885 0.293347239494324 0.43396469950676 0.429214805364609 0.208673432469368 0.192433521151543 0.167468398809433 0.22527152299881 0.185019820928574 0.106825157999992 0.145933419466019 0.227630317211151 0.160399883985519 0.10652931034565 0.171781584620476 0.0851908773183823 0.132071971893311 0.271789729595184 0.298125386238098 0.0411627888679504 0.0180887021124363 0.0621690042316914 0.161680445075035 0.38863617181778 0.399981170892715 0.0995208919048309 0.318746209144592 0.2169508934021 0.44722855091095 0.465517669916153 0.426373958587646 0.369066745042801 0.253584444522858 0.198413401842117 0.256688803434372 0.438587814569473 0.40192249417305 0.247891217470169 0.291304737329483
0.221003293991089 0.228240370750427 0.307284325361252 0.316946774721146 0.307850986719131 0.312224537134171 0.294439345598221 0.256953954696655 0.225514262914658 0.14021410048008 0.110473737120628 0.170026585459709 0.166602671146393 0.229272738099098 0.117884621024132 0.122105814516544 0.193065300583839 0.253488779067993 0.114841133356094 0.200444102287292 0.151520922780037 0.0902251526713371 0.154516741633415 0.225628837943077 0.241592317819595 0.0168524086475372 0.021407337859273 0.0393901467323303 0.123135820031166 0.176856085658073 0.0826267004013062 0.252408802509308 0.251592516899109 0.285803407430649 0.382863849401474 0.394342243671417 0.379288524389267 0.347304582595825 0.308925539255142 0.374101519584656 0.408742994070053 0.305449098348618 0.27967032790184 0.296890586614609
0.252064287662506 0.292789101600647 0.218876048922539 0.262716114521027 0.283930540084839 0.213089525699615 0.274161815643311 0.223801642656326 0.173201352357864 0.161263301968575 0.113899089396 0.147222563624382 0.137576833367348 0.210082873702049 0.115983031690121 0.128230944275856 0.186137020587921 0.239900946617126 0.109709180891514 0.166267395019531 0.126882389187813 0.0753869041800499 0.0939361974596977 0.187131896615028 0.289190143346786 0.111290477216244 0.0108821056783199 0.0513198487460613 0.116643480956554 0.141712978482246 0.0768862068653107 0.176159977912903 0.325064957141876 0.279603660106659 0.291280895471573 0.337604314088821 0.359319895505905 0.329815626144409 0.357870519161224 0.341443061828613 0.281126946210861 0.332436561584473 0.333758175373077 0.205975338816643
0.175588980317116 0.271252512931824 0.321164816617966 0.164057612419128 0.275645017623901 0.240261808037758 0.267452925443649 0.134627982974052 0.152109682559967 0.0983408540487289 0.0831766352057457 0.121645472943783 0.132551833987236 0.197162121534348 0.105681568384171 0.124443963170052 0.191588684916496 0.210105836391449 0.114780910313129 0.140590056777 0.172697976231575 0.0853384658694267 0.0806885287165642 0.148596048355103 0.235533088445663 0.24012753367424 0.0764287635684013 0.0191691406071186 0.032445140182972 0.111644223332405 0.326391786336899 0.177749052643776 0.301270246505737 0.315797328948975 0.263163238763809 0.295676589012146 0.341441661119461 0.304153621196747 0.256927818059921 0.20558774471283 0.237620890140533 0.337537884712219 0.405791342258453 0.262036025524139
0.199889287352562 0.280814856290817 0.244174167513847 0.181968346238136 0.170688986778259 0.235603496432304 0.193702504038811 0.120535403490067 0.0958157703280449 0.0877958312630653 0.078826941549778 0.127036899328232 0.152865886688232 0.1127944663167 0.122803151607513 0.155653089284897 0.254712700843811 0.207600757479668 0.12452857196331 0.114291615784168 0.161846518516541 0.111457951366901 0.0934688970446587 0.0993402525782585 0.187404870986938 0.254980236291885 0.168762177228928 0.0649602115154266 0.00881099235266447 0.0442317016422749 0.262643754482269 0.271827846765518 0.197359189391136 0.271323442459106 0.25414252281189 0.240068480372429 0.253732234239578 0.269121438264847 0.20345464348793 0.221990093588829 0.277984529733658 0.258597761392593 0.285910755395889 0.229797393083572
