data/climate_estimation/maxent_output/Smilax_excelsa.asc
NCOLS 355 
NROWS 103 
XLLCORNER 21.75 
YLLCORNER 36.5 
CELLSIZE 0.0833333333333333 
NODATA_value -3.4e+38 
[rows 80 to 99 of 103, columns 138 to 183 of 355]
0.0904531031847 0.0851026624441147 0.0883524045348167 0.0963912233710289 0.0963788777589798 0.0920861810445786 0.0910942107439041 0.104738593101501 0.121697165071964 0.143066376447678 0.173351481556892 0.180542305111885 0.207906782627106 0.231588765978813 0.259224623441696 0.275409787893295 0.29261177778244 0.295374542474747 0.323665976524353 0.359489977359772 0.322318106889725 0.2923943400383 0.212900698184967 0.19875992834568 0.182634979486465 0.180030941963196 0.184903368353844 0.269673973321915 0.231146529316902 0.267375916242599 0.29235178232193 0.238028421998024 0.282408803701401 0.327784329652786 0.23414620757103 0.211433053016663 0.32064688205719 0.317175686359406 0.342594623565674 0.200869619846344 0.171075031161308 0.247760593891144 0.209036573767662 0.13040366768837 0.0970360040664673 0.0904110819101334
0.0874801054596901 0.0867206677794456 0.0891893580555916 0.0956651046872139 0.0939532220363617 0.0985877811908722 0.0943427905440331 0.112923242151737 0.117411904036999 0.125964060425758 0.16370216012001 0.198574557900429 0.213475912809372 0.274943828582764 0.281509101390839 0.325629085302353 0.269983947277069 0.282199889421463 0.295711308717728 0.301734238862991 0.299485296010971 0.266359627246857 0.207513988018036 0.189982369542122 0.171142220497131 0.176433995366096 0.229160815477371 0.311136871576309 0.212380260229111 0.221906915307045 0.334111154079437 0.25645899772644 0.338686794042587 0.171131610870361 0.319097995758057 0.340691953897476 0.302354961633682 0.343003481626511 0.315639972686768 0.157766625285149 0.171907290816307 0.221115812659264 0.203689575195312 0.122431755065918 0.0870003029704094 0.0755178406834602
0.0905135497450829 0.0903447791934013 0.0886821672320366 0.102943941950798 0.0989475324749947 0.0930965766310692 0.0982926934957504 0.117509506642818 0.128301456570625 0.128227680921555 0.167919844388962 0.208103880286217 0.223534792661667 0.275330275297165 0.276961147785187 0.261048287153244 0.293920159339905 0.249700397253036 0.262774139642715 0.27212181687355 0.276403546333313 0.265095114707947 0.231112912297249 0.194406971335411 0.181613385677338 0.167751550674438 0.255368769168854 0.309037178754807 0.218081176280975 0.255867421627045 0.2397331148386 0.258987993001938 0.273262292146683 0.268052965402603 0.293070286512375 0.261295557022095 0.285729974508286 0.325644612312317 0.303952276706696 0.224907368421555 0.247972398996353 0.255926012992859 0.179249227046967 0.105816774070263 0.0795059204101562 0.070466548204422
0.095281295478344 0.0964921191334724 0.093472421169281 0.096609964966774 0.0965185090899467 0.0984590798616409 0.100344479084015 0.108084909617901 0.129969671368599 0.132515013217926 0.238195836544037 0.170038610696793 0.22026814520359 0.190390393137932 0.217608317732811 0.185399189591408 0.241732522845268 0.262089997529984 0.262295097112656 0.258475482463837 0.273188769817352 0.267847806215286 0.257594674825668 0.28956264257431 0.296291053295135 0.231302604079247 0.235085904598236 0.248303040862083 0.305041044950485 0.306784003973007 0.316798478364944 0.243934080004692 0.266621112823486 0.322107404470444 0.294665694236755 0.268768489360809 0.294953137636185 0.229812979698181 0.237850591540337 0.257367163896561 0.220897272229195 0.136389866471291 0.12928070127964 0.0910751223564148 0.0734042897820473 0.0620252378284931
0.0970555171370506 0.0932445600628853 0.0892789959907532 0.0994575172662735 0.0971759930253029 0.103467926383018 0.0997244715690613 0.104897119104862 0.119632214307785 0.14718422293663 0.19737234711647 0.219282165169716 0.207373261451721 0.302192956209183 0.220974609255791 0.137911215424538 0.279426604509354 0.254582345485687 0.258915930986404 0.283664017915726 0.295561075210571 0.320043355226517 0.32173153758049 0.191096007823944 0.239606201648712 0.312977492809296 0.26829719543457 0.242895230650902 0.31332191824913 0.251069307327271 0.274831056594849 0.321109116077423 0.241996735334396 0.312193751335144 0.314620912075043 0.288517117500305 0.280667752027512 0.259545922279358 0.199477300047874 0.167884573340416 0.16622006893158 0.188090205192566 0.239001899957657 0.216773375868797 0.129463240504265 0.0692581981420517
0.0953921675682068 0.0905376449227333 0.0910118818283081 0.091189831495285 0.098673976957798 0.102491222321987 0.101921111345291 0.11086268723011 0.112448036670685 0.128293678164482 0.148284822702408 0.171626895666122 0.164709091186523 0.15522512793541 0.248373880982399 0.258802741765976 0.193682417273521 0.235916092991829 0.300337344408035 0.24176199734211 0.228896304965019 0.268825709819794 0.213727816939354 0.0802002251148224 0.141121581196785 0.226404339075089 0.335003048181534 0.247593328356743 0.295550018548965 0.314848363399506 0.263154476881027 0.178572237491608 0.221171975135803 0.209508150815964 0.233245372772217 0.216234058141708 0.278917610645294 0.294189900159836 0.183410748839378 0.23281866312027 0.240455210208893 0.146873399615288 0.22201931476593 0.21999916434288 0.0785452648997307 0.0833360627293587
0.0963081642985344 0.094988077878952 0.0924559459090233 0.0965225696563721 0.084680549800396 0.10242722183466 0.109833233058453 0.120799884200096 0.109311886131763 0.122535295784473 0.139117911458015 0.152107819914818 0.156168609857559 0.147630423307419 0.147166952490807 0.158087953925133 0.175885215401649 0.270042300224304 0.223448604345322 0.155581206083298 0.223310574889183 0.338271021842957 0.174102008342743 0.073980301618576 0.119835361838341 0.300693243741989 0.228608325123787 0.261146187782288 0.285997658967972 0.267819821834564 0.215548157691956 0.159937486052513 0.163080826401711 0.168644040822983 0.162345811724663 0.178289696574211 0.237555399537086 0.228364661335945 0.261072218418121 0.244370937347412 0.103522047400475 0.120661474764347 0.0859244018793106 0.0948332101106644 0.0695619136095047 0.15885004401207
0.0915866568684578 0.0958225801587105 0.0971027761697769 0.0929839760065079 0.087604284286499 0.106161870062351 0.214789927005768 0.174568653106689 0.106228947639465 0.115810334682465 0.130129098892212 0.135456815361977 0.149581551551819 0.15545542538166 0.161694258451462 0.172594234347343 0.197665750980377 0.256123155355453 0.279234439134598 0.235574617981911 0.324218451976776 0.336976766586304 0.127233073115349 0.0672663599252701 0.197211176156998 0.234960436820984 0.269202709197998 0.294716656208038 0.248729899525642 0.192198529839516 0.20598267018795 0.157983168959618 0.179672762751579 0.248354956507683 0.216034695506096 0.256107777357101 0.239657700061798 0.231188863515854 0.213232785463333 0.166980385780334 0.108352765440941 0.0548244826495647 0.0500416085124016 0.0471557676792145 0.0337371528148651 0.0981175154447556
0.0917374789714813 0.0918056517839432 0.0922579988837242 0.091853529214859 0.0883090868592262 0.137672513723373 0.149720519781113 0.106415063142776 0.100281439721584 0.10206513106823 0.125569313764572 0.130889996886253 0.14670741558075 0.163058951497078 0.17286179959774 0.197435796260834 0.236848399043083 0.309750944375992 0.330574989318848 0.287348061800003 0.322024583816528 0.260233730077744 0.129939660429955 0.198503002524376 0.356563836336136 0.239044219255447 0.219588086009026 0.243023887276649 0.213665261864662 0.194667309522629 0.1711385846138 0.173826605081558 0.161860734224319 0.227780848741531 0.253509312868118 0.245995819568634 0.193435579538345 0.18540346622467 0.146292597055435 0.129910737276077 0.0963355526328087 0.0527850054204464 0.0408134162425995 0.0329982973635197 0.0360677726566792 0.0423037484288216
0.0920089781284332 0.0905537605285645 0.089179553091526 0.0900730639696121 0.0924242287874222 0.102004192769527 0.100100077688694 0.0994042903184891 0.0986950173974037 0.122963853180408 0.123760044574738 0.137331902980804 0.162317737936974 0.188650920987129 0.206072524189949 0.272692382335663 0.255362093448639 0.240586414933205 0.333230197429657 0.340752780437469 0.265986382961273 0.233732134103775 0.356020957231522 0.296959012746811 0.222028136253357 0.189057514071465 0.295969784259796 0.226180016994476 0.195426866412163 0.199878707528114 0.184358730912209 0.181392893195152 0.170382425189018 0.171456724405289 0.171516582369804 0.161054193973541 0.148864254355431 0.135247111320496 0.116027794778347 0.0847683474421501 0.0530301444232464 0.0390061475336552 0.033903181552887 0.0483676642179489 0.0598730482161045 0.07460106164217
0.0951996296644211 0.102762952446938 0.0894921869039536 0.0931220427155495 0.10108108818531 0.0984086096286774 0.0966226756572723 0.0949104204773903 0.0996970385313034 0.120292387902737 0.130953416228294 0.161289289593697 0.200124189257622 0.274110704660416 0.278882384300232 0.273495405912399 0.284074008464813 0.278192400932312 0.216228187084198 0.3215192258358 0.283884525299072 0.309999287128448 0.243656352162361 0.224431455135345 0.198182851076126 0.206049293279648 0.244324758648872 0.209297299385071 0.202190116047859 0.223286673426628 0.212863609194756 0.210168853402138 0.204854890704155 0.182400688529015 0.153961420059204 0.129614546895027 0.116175167262554 0.10640624910593 0.0871505811810493 0.0860030502080917 0.0569027476012707 0.0432327687740326 0.0340515449643135 0.026777595281601 0.0230964031070471 0.0210949555039406
0.113622665405273 0.110047280788422 0.106175072491169 0.105831243097782 0.108232386410236 0.123939327895641 0.108037553727627 0.113391362130642 0.129248574376106 0.140638217329979 0.148923173546791 0.195444345474243 0.276375621557236 0.3094402551651 0.310433864593506 0.327005207538605 0.264516025781631 0.197068199515343 0.332906574010849 0.231697231531143 0.323589950799942 0.306516796350479 0.225554838776588 0.227943509817123 0.257792085409164 0.241132318973541 0.201846182346344 0.208056762814522 0.232554972171783 0.252811938524246 0.285554319620132 0.263225078582764 0.257839173078537 0.247817695140839 0.21013531088829 0.152606979012489 0.132548585534096 0.0888418331742287 0.0835999026894569 0.0755681321024895 0.100422903895378 0.0739459097385406 0.0329926833510399 0.0268557108938694 0.024404238909483 0.0186910629272461
0.11265767365694 0.113733567297459 0.128183886408806 0.120544463396072 0.118944436311722 0.149922877550125 0.16893857717514 0.198284193873405 0.310071915388107 0.255602538585663 0.217106655240059 0.254133135080338 0.243427008390427 0.188816234469414 0.106815792620182 0.111111968755722 0.106194779276848 0.188821271061897 0.381955534219742 0.237270757555962 0.295409291982651 0.269537448883057 0.260552674531937 0.200896561145782 0.20064252614975 0.217631667852402 0.188237920403481 0.207020491361618 0.234190508723259 0.26958304643631 0.276544839143753 0.328520983457565 0.328673362731934 0.291695088148117 0.24573427438736 0.173617392778397 0.175644189119339 0.111951559782028 0.0917379930615425 0.121133409440517 0.122569859027863 0.0551292411983013 0.0322196744382381 0.0257278326898813 0.0204669199883938 0.0173089373856783
0.109023027122021 0.109413266181946 0.108819827437401 0.124898634850979 0.146580591797829 0.174418732523918 0.191470712423325 0.259048372507095 0.310472756624222 0.261111795902252 0.187205001711845 0.120943084359169 0.111260823905468 0.101346842944622 0.105775155127048 0.229171648621559 0.348944813013077 0.324980318546295 0.297694534063339 0.323032885789871 0.233962193131447 0.193522021174431 0.181964799761772 0.171873703598976 0.187536016106606 0.177836805582047 0.191792786121368 0.222590863704681 0.250188797712326 0.272994458675385 0.303901970386505 0.350897669792175 0.367045879364014 0.332275569438934 0.290524512529373 0.196638330817223 0.169394493103027 0.131710693240166 0.0767298117280006 0.0837199687957764 0.0799470618367195 0.0592573136091232 0.031198738142848 0.0239779520779848 0.0209889896214008 0.0187271758913994
0.123980171978474 0.134221568703651 0.141253501176834 0.165210217237473 0.203737765550613 0.26368322968483 0.26684644818306 0.312755614519119 0.293047487735748 0.198269218206406 0.146031677722931 0.0998139381408691 0.137835323810577 0.298765629529953 0.369115382432938 0.28134959936142 0.2993044257164 0.227101922035217 0.231453999876976 0.226460695266724 0.256609499454498 0.211084380745888 0.195371016860008 0.17307236790657 0.165503680706024 0.179249748587608 0.187115654349327 0.212229430675507 0.243135511875153 0.286715716123581 0.346230715513229 0.403018295764923 0.421245723962784 0.396791636943817 0.357789158821106 0.275338679552078 0.181003928184509 0.133364632725716 0.0788142010569572 0.0624712929129601 0.0685281604528427 0.0519700832664967 0.0270742885768414 0.024842843413353 0.0226903967559338 0.0234532989561558
0.161051198840141 0.185628950595856 0.193065226078033 0.246624782681465 0.283253610134125 0.30913445353508 0.316085368394852 0.29156094789505 0.236532479524612 0.182633578777313 0.172748908400536 0.179785773158073 0.180367723107338 0.224086120724678 0.3290875852108 0.257252752780914 0.240463197231293 0.245630204677582 0.248616740107536 0.258866846561432 0.260244220495224 0.222836196422577 0.195330187678337 0.184082865715027 0.171152383089066 0.162138909101486 0.185822010040283 0.235869660973549 0.271060943603516 0.328037112951279 0.375793904066086 0.454752951860428 0.470901370048523 0.498167127370834 0.478207290172577 0.414452344179153 0.275046169757843 0.131474316120148 0.0734574943780899 0.0601664446294308 0.0643924102187157 0.0333878137171268 0.0276799183338881 0.0264287069439888 0.0275415796786547 0.0326748937368393
0.244609624147415 0.244362756609917 0.259477138519287 0.322049230337143 0.344618916511536 0.285443276166916 0.282140016555786 0.237619817256927 0.211751371622086 0.186651960015297 0.190030083060265 0.201541632413864 0.287183254957199 0.305751979351044 0.259011566638947 0.270661473274231 0.259359180927277 0.257120162248611 0.280176520347595 0.281880646944046 0.259147584438324 0.245805144309998 0.220277696847916 0.198005065321922 0.162542432546616 0.151607632637024 0.178772285580635 0.227920189499855 0.271698087453842 0.329452753067017 0.419676721096039 0.509144604206085 0.541094124317169 0.546979546546936 0.589819669723511 0.385128349065781 0.174493744969368 0.125332534313202 0.119431175291538 0.0840650126338005 0.0382004231214523 0.0325231291353703 0.028286837041378 0.0319358073174953 0.0284994449466467 0.0206354334950447
0.360403180122375 0.372375816106796 0.346835017204285 0.364203542470932 0.331060647964478 0.282988250255585 0.258962213993073 0.258734822273254 0.256231844425201 0.257992714643478 0.275224238634109 0.346537083387375 0.37857386469841 0.333151936531067 0.244454860687256 0.268214613199234 0.277672737836838 0.271412909030914 0.293883681297302 0.244088023900986 0.232714951038361 0.229879856109619 0.221173644065857 0.207747235894203 0.186282157897949 0.179504305124283 0.182324916124344 0.228050962090492 0.322452634572983 0.388444393873215 0.44562816619873 0.532471716403961 0.598184525966644 0.642061531543732 0.639207184314728 0.430896282196045 0.157466098666191 0.196534395217896 0.170577898621559 0.0650076270103455 0.0411497242748737 0.0370651856064796 0.0320735909044743 0.0292397495359182 0.0260032005608082 0.0167608242481947
0.338410049676895 0.365061402320862 0.258935511112213 0.298448413610458 0.340294599533081 0.301653414964676 0.313938319683075 0.337120473384857 0.340948313474655 0.295954048633575 0.392178982496262 0.403093248605728 0.292788296937943 0.232943370938301 0.236126631498337 0.2730513215065 0.252918154001236 0.215409025549889 0.21295827627182 0.211596414446831 0.211146473884583 0.228127509355545 0.225920081138611 0.23694883286953 0.228775352239609 0.219209179282188 0.208637565374374 0.253073811531067 0.338662773370743 0.408933490514755 0.456506878137589 0.41407984495163 0.566182374954224 -3.4e+38 0.635854303836823 0.642233788967133 0.174648851156235 0.127511337399483 0.152449041604996 0.0651270970702171 0.0490784086287022 0.0385207906365395 0.0284734312444925 0.0240715462714434 0.0215406306087971 0.017897879704833
0.0704767256975174 0.235111057758331 0.278082430362701 0.375635176897049 0.383546352386475 0.347458988428116 0.379507631063461 0.37402468919754 0.376163959503174 0.301357179880142 0.302109003067017 0.311204999685287 0.252302259206772 0.240359246730804 0.25723522901535 0.19262720644474 0.184333711862564 0.174999967217445 0.190619051456451 0.200338125228882 0.212190210819244 0.215294778347015 0.21716134250164 0.233044654130936 0.236380010843277 0.220062837004662 0.227119699120522 0.260086715221405 0.323146969079971 0.332741588354111 0.371479868888855 0.406320989131927 -3.4e+38 -3.4e+38 -3.4e+38 0.559261202812195 0.17131806910038 0.219992890954018 0.101499490439892 0.0806908756494522 0.0570274852216244 0.038732998073101 0.0328535176813602 0.0245495848357677 0.0219086091965437 0.0181396901607513
