data/climate_estimation/maxent_output/Smilax_lunglingensis.asc
NCOLS 73 
NROWS 46 
XLLCORNER 98.3333333333333 
YLLCORNER 23.25 
CELLSIZE 0.0833333333333333 
NODATA_value -3.4e+38 
[rows 0 to 19 of 46, columns 0 to 43 of 73]
0.213250845670700 0.694946348667145 0.68543541431427 0.680469572544098 0.706233084201813 0.721213400363922 0.542822122573853 0.750649094581604 0.655276536941528 0.575272917747498 0.515909790992737 0.524307072162628 0.549444854259491 0.623037993907928 0.508354604244232 0.510380983352661 0.465503960847855 0.597187995910645 0.402273803949356 0.474303185939789 0.378146469593048 0.427352964878082 0.446113854646683 0.459377318620682 0.369872450828552 0.280012190341949 0.320046603679657 0.33718928694725 0.338026791810989 0.318637400865555 0.479833871126175 0.478796303272247 0.46528959274292 0.437799453735352 0.404262781143188 0.28911954164505 0.179506674408913 0.301454722881317 0.194047376513481 0.283914864063263 0.32242676615715 0.212823286652565 0.359663248062134 0.313338547945023
0.294663041830063 0.622465372085571 0.637659907341003 0.566396594047546 0.668714463710785 0.617874383926392 0.561025023460388 0.672004818916321 0.67405241727829 0.565682113170624 0.548960447311401 0.534172594547272 0.497598916292191 0.6378014087677 0.565837442874908 0.55157059431076 0.566896378993988 0.498124450445175 0.514300763607025 0.346964091062546 0.33721199631691 0.451610863208771 0.330170184373856 0.370023488998413 0.333646357059479 0.298496246337891 0.380689918994904 0.283327698707581 0.309299528598785 0.316282749176025 0.362707555294037 0.466594964265823 0.444668591022491 0.374524772167206 0.392921388149261 0.321679770946503 0.153383120894432 0.138430625200272 0.127448633313179 0.184368401765823 0.214167028665543 0.368056923151016 0.395461767911911 0.311087012290955
0.344729036092758 0.621089398860931 0.663076400756836 0.583373308181763 0.752259433269501 0.650419652462006 0.623233556747437 0.677842497825623 0.680540263652802 0.576713860034943 0.53103494644165 0.679406106472015 0.5176602602005 0.572163283824921 0.681073606014252 0.575710475444794 0.594928562641144 0.444119572639465 0.479345858097076 0.397596001625061 0.342915803194046 0.295345067977905 0.283239811658859 0.311294883489609 0.368232190608978 0.369183570146561 0.37123242020607 0.249580338597298 0.370310634374619 0.355511605739594 0.358896881341934 0.454191565513611 0.429302185773849 0.311496257781982 0.252893298864365 0.292539566755295 0.297711938619614 0.121575929224491 0.232982814311981 0.251443564891815 0.158032044768333 0.424151927232742 0.358264058828354 0.199084609746933
0.302924156188965 0.45047590136528 0.620894193649292 0.659486413002014 0.755549013614655 0.696029424667358 0.650552093982697 0.644948959350586 0.708093404769897 0.647472560405731 0.687933027744293 0.725194096565247 0.589506149291992 0.526954293251038 0.643265902996063 0.567280054092407 0.560110151767731 0.436882466077805 0.432011932134628 0.427208453416824 0.413432270288467 0.428951919078827 0.45572155714035 0.318916141986847 0.407005250453949 0.365227192640305 0.292975008487701 0.184107407927513 0.282328069210052 0.453170120716095 0.502994775772095 0.502995014190674 0.386976897716522 0.28530141711235 0.208282768726349 0.275172203779221 0.250942170619965 0.15535768866539 0.317950308322906 0.343671828508377 0.20597280561924 0.14595627784729 0.216940969228745 0.116020515561104
0.215861454606056 0.673328459262848 0.676532387733459 0.638908445835114 0.777473032474518 0.794159352779388 0.699647128582001 0.709050178527832 0.729049384593964 0.643184542655945 0.612473845481873 0.635358870029449 0.694952130317688 0.56815642118454 0.553062260150909 0.713123440742493 0.613391160964966 0.527170300483704 0.476956993341446 0.420388758182526 0.527570188045502 0.578361868858337 0.379595279693604 0.406286120414734 0.342670023441315 0.488125920295715 0.457707971334457 0.280093789100647 0.226017251610756 0.398112028837204 0.501456797122955 0.493160516023636 0.397388875484467 0.366151392459869 0.171290725469589 0.253774464130402 0.317749410867691 0.349803298711777 0.149263307452202 0.256407290697098 0.290051162242889 0.0951818078756332 0.0946265757083893 0.180775001645088
0.173063963651657 0.646406650543213 0.696424543857574 0.660472989082336 0.670498132705688 0.756368637084961 0.758647382259369 0.666723430156708 0.740352272987366 0.727659404277802 0.723199486732483 0.70076721906662 0.702645778656006 0.645205795764923 0.666144549846649 0.678705096244812 0.746052086353302 0.624339699745178 0.511367976665497 0.471813946962357 0.533510386943817 0.582408249378204 0.342300206422806 0.462813854217529 0.390596389770508 0.462276488542557 0.412497818470001 0.325068533420563 0.328911423683167 0.368119478225708 0.384948939085007 0.462965130805969 0.334980636835098 0.198991075158119 0.101144805550575 0.0748049691319466 0.103397533297539 0.108925797045231 0.129565313458443 0.124207153916359 0.217189311981201 0.0592899546027184 0.0682429447770119 0.172107368707657
0.559516727924347 0.700399339199066 0.663219153881073 0.729219317436218 0.806925177574158 0.830728054046631 0.771022200584412 0.722213208675385 0.773245513439178 0.703088521957397 0.690459489822388 0.757095038890839 0.70179283618927 0.644576907157898 0.7192223072052 0.595206081867218 0.617412865161896 0.611679017543793 0.598004996776581 0.548986196517944 0.572699069976807 0.497868657112122 0.480423718690872 0.576090157032013 0.523854374885559 0.22346405684948 0.417949557304382 0.261006683111191 0.226660519838333 0.354999095201492 0.445415794849396 0.395343095064163 0.431404948234558 0.29314860701561 0.116323120892048 0.059223148971796 0.0485276989638805 0.0482168085873127 0.0937572792172432 0.0886703580617905 0.0374047160148621 0.111351951956749 0.0338965840637684 0.15419465303421
0.591842532157898 0.713443219661713 0.736150026321411 0.747812151908875 0.836540579795837 0.74545031785965 0.705528438091278 0.691381096839905 0.809060871601105 0.705272555351257 0.695726633071899 0.730525314807892 0.726014196872711 0.709076941013336 0.758102655410767 0.628018200397491 0.640836536884308 0.639665067195892 0.60385537147522 0.591756045818329 0.692582368850708 0.634244680404663 0.49053493142128 0.45557776093483 0.460305094718933 0.219307094812393 0.513194859027863 0.368373721837997 0.295955240726471 0.545372426509857 0.52707701921463 0.364698201417923 0.150362819433212 0.419581800699234 0.293534725904465 0.239146381616592 0.252624303102493 0.0567494034767151 0.169324040412903 0.319350808858871 0.0819922164082527 0.065606527030468 0.0309159122407436 0.277363151311874
0.604013562202454 0.74690055847168 0.767305672168732 0.684621632099152 0.80157071352005 0.880292236804962 0.741301834583282 0.847819149494171 0.7916299700737 0.79742443561554 0.788861989974976 0.807361245155334 0.751321494579315 0.784345924854279 0.799850702285767 0.696125745773315 0.744645297527313 0.649507105350494 0.683932662010193 0.585739314556122 0.670701086521149 0.643635034561157 0.422442585229874 0.441564947366714 0.461895614862442 0.122085206210613 0.487873703241348 0.262028336524963 0.543759286403656 0.616208374500275 0.537547886371613 0.517184853553772 0.420354187488556 0.12026085704565 0.111813753843307 0.0713285058736801 0.103639498353004 0.159284338355064 0.276121765375137 0.486168950796127 0.21893198788166 0.130245685577393 0.0825418680906296 0.187065050005913
0.682480871677399 0.869013786315918 0.794083118438721 0.678767085075378 0.859540581703186 0.809616684913635 0.737238049507141 0.837681472301483 0.8248530626297 0.753825128078461 0.822639405727386 0.76855742931366 0.831031084060669 0.769716858863831 0.790617167949677 0.803790867328644 0.723829805850983 0.722491085529327 0.759761810302734 0.754667282104492 0.713389754295349 0.774727404117584 0.570334255695343 0.537264704704285 0.203992679715157 0.341486304998398 0.249444305896759 0.169347479939461 0.537869989871979 0.647527277469635 0.644663751125336 0.411529302597046 0.142480880022049 0.324488490819931 0.259387016296387 0.509548366069794 0.38867849111557 0.221448287367821 0.495745420455933 0.473200529813766 0.318432509899139 0.312250375747681 0.325096756219864 0.280923783779144
0.746146023273468 0.812875747680664 0.750947833061218 0.686811029911041 0.885203421115875 0.883388996124268 0.702116072177887 0.776511371135712 0.885628879070282 0.794918715953827 0.880483329296112 0.87732058763504 0.832197725772858 0.811760783195496 0.796631097793579 0.829860210418701 0.81820148229599 0.768120884895325 0.810380697250366 0.730575740337372 0.774429261684418 0.798356413841248 0.600945472717285 0.626385748386383 0.410611420869827 0.113249473273754 0.0920496806502342 0.137322053313255 0.323965072631836 0.258719772100449 0.504346311092377 0.276066184043884 0.582785546779633 0.61022013425827 0.609866738319397 0.649235308170319 0.4594886302948 0.361923217773438 0.534454703330994 0.423822432756424 0.371544480323792 0.389513462781906 0.0958422496914864 0.354469358921051
0.688450992107391 0.901464402675629 0.748409986495972 0.745790958404541 0.896168410778046 0.745995700359344 0.693191111087799 0.886620044708252 0.870896637439728 0.853163540363312 0.845872819423676 0.782092273235321 0.881962060928345 0.870316326618195 0.82267963886261 0.856347918510437 0.833317399024963 0.852365434169769 0.899422109127045 0.842733383178711 0.776648163795471 0.73935204744339 0.511529862880707 0.572880566120148 0.336451768875122 0.630965292453766 0.372623443603516 0.559020519256592 0.516008675098419 0.597390472888947 0.374987334012985 0.580319762229919 0.788180470466614 0.732954025268555 0.801799833774567 0.587739288806915 0.483702927827835 0.534750401973724 0.348584562540054 0.199656501412392 0.198959022760391 0.273493766784668 0.221620634198189 0.324622750282288
0.776509821414948 0.713105082511902 0.754467666149139 0.803319573402405 0.864304482936859 0.78150337934494 0.725629568099976 0.916999399662018 0.900623738765717 0.887942790985107 0.87221223115921 0.88419246673584 0.90956848859787 0.834329962730408 0.89834189414978 0.869050443172455 0.910193145275116 0.85892391204834 0.896075427532196 0.834141135215759 0.881022155284882 0.840039908885956 0.713543355464935 0.436057299375534 0.400149166584015 0.708321213722229 0.199919924139977 0.675401568412781 0.78067672252655 0.415793567895889 0.748347580432892 0.482726216316223 0.777307391166687 0.71818619966507 0.736072599887848 0.628742635250092 0.643709242343903 0.592605173587799 0.269180327653885 0.12336278706789 0.119655504822731 0.0994371697306633 0.128499075770378 0.282873958349228
0.506381154060364 0.790808498859406 0.838083326816559 0.75249457359314 0.8577880859375 0.76701557636261 0.8234583735466 0.879151344299316 0.89397531747818 0.8870809674263 0.92573481798172 0.93316239118576 0.91974675655365 0.906696259975433 0.911187887191772 0.884791135787964 0.89998197555542 0.866688907146454 0.901999950408936 0.864350199699402 0.872708022594452 0.874989569187164 0.842607975006104 0.865079700946808 0.806085228919983 0.485899686813354 0.181456297636032 0.556106865406036 0.805550575256348 0.744870066642761 0.732359707355499 0.382436692714691 0.479319274425507 0.614773631095886 0.792377412319183 0.727674901485443 0.695081651210785 0.616056621074677 0.199708715081215 0.0889666974544525 0.0729846358299255 0.0209240484982729 0.0186392590403557 0.132754877209663
0.798003733158112 0.848283529281616 0.889553964138031 0.884454965591431 0.871829152107239 0.840034782886505 0.542082250118256 0.915005505084991 0.873076379299164 0.924336314201355 0.963832378387451 0.933859467506409 0.876907169818878 0.906719028949738 0.9198037981987 0.908753275871277 0.936845242977142 0.954586267471313 0.962598204612732 0.906412780284882 0.860739290714264 0.899794280529022 0.911296725273132 0.839815616607666 0.806398808956146 0.486329227685928 0.217002421617508 0.439552128314972 0.825742661952972 0.849987030029297 0.640951454639435 0.410698682069778 0.399584472179413 0.282008290290833 0.54969447851181 0.613185703754425 0.518832325935364 0.490084141492844 0.124991588294506 0.0594755411148071 0.0348900370299816 0.00905246008187532 0.0186046194285154 0.692153751850128
0.864632248878479 0.877363562583923 0.905817270278931 0.874083817005157 0.886990129947662 0.933023393154144 0.530640006065369 0.948687314987183 0.916383385658264 0.930938243865967 0.906225204467773 0.938626706600189 0.925198137760162 0.953101217746735 0.94265741109848 0.926454842090607 0.941231191158295 0.922999203205109 0.953134119510651 0.960075736045837 0.922310948371887 0.918384373188019 0.914558589458466 0.933786273002625 0.872978091239929 0.579846084117889 0.260130494832993 0.429920047521591 0.825587749481201 0.795760869979858 0.717640995979309 0.425958544015884 0.417836397886276 0.350310564041138 0.456456035375595 0.435336470603943 0.622217237949371 0.600486397743225 0.404775172472 0.120758309960365 0.0218400601297617 0.00300641171634197 0.00978059228509665 0.667737066745758
0.906428873538971 0.867151498794556 0.861327469348907 0.890986621379852 0.930982351303101 0.943495988845825 0.505711019039154 0.965989112854004 0.972597718238831 0.934056758880615 0.965765416622162 0.97600793838501 0.975724995136261 0.973553478717804 0.94616287946701 0.978907406330109 0.97672837972641 0.946518361568451 0.939859747886658 0.825161218643188 0.970380842685699 0.963276743888855 0.93587589263916 0.933486998081207 0.925948739051819 0.72722977399826 0.292887061834335 0.45424872636795 0.706363677978516 0.665393888950348 0.767799139022827 0.568080842494965 0.630774855613708 0.789908707141876 0.524716138839722 0.41909271478653 0.557247579097748 0.76370906829834 0.33135113120079 0.153537735342979 0.0776630491018295 0.0047107026912272 0.00236184499226511 0.509237706661224
0.882643580436707 0.870281338691711 0.951106786727905 0.944500982761383 0.95351654291153 0.95704197883606 0.482224881649017 0.838589310646057 0.982242465019226 0.984607100486755 0.978670179843903 0.97110390663147 0.943753600120544 0.958520352840424 0.981135070323944 0.979525208473206 0.971939861774445 0.959450244903564 0.945861160755157 0.971755146980286 0.959218382835388 0.940215587615967 0.967422246932983 0.890382945537567 0.915423274040222 0.939050376415253 0.728849351406097 0.472572237253189 0.606168329715729 0.714052021503448 0.816053688526154 0.490557998418808 0.736812829971313 0.76246851682663 0.430012673139572 0.592823266983032 0.767662942409515 0.681794762611389 0.572387397289276 0.211068943142891 0.170232340693474 0.0212385933846235 0.00581667292863131 0.241718575358391
0.918309390544891 0.926945209503174 0.952336549758911 0.954211533069611 0.961319327354431 0.950058460235596 0.491874188184738 0.966907620429993 0.986132740974426 0.989549517631531 0.98454886674881 0.990686774253845 0.984667301177979 0.981618165969849 0.968945384025574 0.975486576557159 0.900439500808716 0.876372218132019 0.971068322658539 0.950995445251465 0.869302093982697 0.953492045402527 0.968618273735046 0.950279772281647 0.929945170879364 0.924182176589966 0.883594810962677 0.741659879684448 0.772500514984131 0.722865581512451 0.750227510929108 0.550159931182861 0.782654643058777 0.789635300636292 0.417790323495865 0.601110696792603 0.770838439464569 0.745114982128143 0.528319954872131 0.389768004417419 0.468890249729156 0.142670765519142 0.027996763586998 0.453926801681519
0.931135058403015 0.954143166542053 0.971033275127411 0.923974514007568 0.97702032327652 0.984020888805389 0.447155058383942 0.973887026309967 0.973143398761749 0.980499625205994 0.955560445785522 0.846684455871582 0.91133326292038 0.978389918804169 0.774736225605011 0.991990625858307 0.975031018257141 0.718696296215057 0.867485404014587 0.655383944511414 0.980114936828613 0.982983827590942 0.851432263851166 0.956183612346649 0.930366456508636 0.864844620227814 0.864355266094208 0.811456978321075 0.755847096443176 0.619057476520538 0.670619547367096 0.560018241405487 0.524003446102142 0.56855309009552 0.546794950962067 0.837955713272095 0.872406959533691 0.782062649726868 0.467008799314499 0.545496106147766 0.620342135429382 0.31859165430069 0.400643020868301 0.838693022727966
