data/climate_estimation/maxent_output/Smilax_aspericaulis.asc
NCOLS 333 
NROWS 139 
XLLCORNER 94.6666666666667 
YLLCORNER 18 
CELLSIZE 0.0833333333333333 
NODATA_value -3.4e+38 
[rows 80 to 99 of 139, columns 180 to 224 of 333]
0.0946436896920204 0.0854657143354416 0.082496702671051 0.0941585376858711 0.112394824624062 0.166613966226578 0.378779739141464 0.37373274564743 0.310072779655457 0.218635737895966 0.112333260476589 0.123899102210999 0.186788201332092 0.124759919941425 0.123766660690308 0.171443268656731 0.16679473221302 0.138615593314171 0.125562518835068 0.158166080713272 0.184179231524467 0.143896639347076 0.123327739536762 0.103553473949432 0.103058330714703 0.105586811900139 0.136892840266228 0.192365571856499 0.140818655490875 0.129649385809898 0.0988443940877914 0.101448126137257 0.110933616757393 0.129739731550217 0.10961551964283 0.097408726811409 0.0956633538007736 0.096344530582428 0.110162734985352 0.102288536727428 0.10440831631422 0.109007328748703 0.109695263206959 0.11283977329731 0.118662491440773
0.0966397747397423 0.109736166894436 0.0754017382860184 0.107487261295319 0.0856685414910316 0.131755605340004 0.177846044301987 0.149751991033554 0.12666979432106 0.124662399291992 0.123917162418365 0.145014762878418 0.155387043952942 0.177034467458725 0.165603742003441 0.216230362653732 0.22399765253067 0.169255807995796 0.227835088968277 0.18960677087307 0.138038814067841 0.121410891413689 0.111743532121181 0.101626202464104 0.10394698381424 0.121425338089466 0.146740555763245 0.195049211382866 0.159135445952415 0.18840703368187 0.114724330604076 0.134745165705681 0.171907693147659 0.122075311839581 0.106212452054024 0.115466050803661 0.134980976581573 0.130550608038902 0.129010885953903 0.11274927854538 0.116640575230122 0.119005337357521 0.11815620213747 0.117588326334953 0.119497433304787
0.114184275269508 0.074921578168869 0.0417684987187386 0.0457299165427685 0.0490173287689686 0.0669159144163132 0.0977009162306786 0.114348672330379 0.128075778484344 0.139133632183075 0.155002325773239 0.140225633978844 0.170316025614738 0.361618280410767 0.356287062168121 0.154548197984695 0.277728289365768 0.269349068403244 0.218642309308052 0.173727586865425 0.137019619345665 0.118462905287743 0.122927136719227 0.11445477604866 0.133358165621758 0.165119126439095 0.161479771137238 0.261583715677261 0.226453259587288 0.156079053878784 0.119855210185051 0.121443517506123 0.133160501718521 0.13201867043972 0.132282644510269 0.140423864126205 0.176755920052528 0.242935225367546 0.138393685221672 0.132108062505722 0.127108052372932 0.128187492489815 0.126738607883453 0.12765109539032 0.128342047333717
0.0729641392827034 0.0773371234536171 0.0643948912620544 0.0239911265671253 0.022976404055953 0.055967915803194 0.0989651456475258 0.120113141834736 0.141667440533638 0.154991641640663 0.195444643497467 0.234544977545738 0.178100124001503 0.210822656750679 0.31780618429184 0.222036853432655 0.210158452391624 0.285247594118118 0.458762586116791 0.356933534145355 0.210784777998924 0.161855116486549 0.153047740459442 0.142963632941246 0.163524433970451 0.188109189271927 0.166924193501472 0.22183433175087 0.193366885185242 0.184339731931686 0.136253461241722 0.166142746806145 0.142726212739944 0.130977600812912 0.138530671596527 0.14810349047184 0.254146337509155 0.172121658921242 0.15239791572094 0.157116204500198 0.144814103841782 0.130843609571457 0.130034878849983 0.128891974687576 0.130853235721588
0.0899563580751419 0.0979195833206177 0.245294600725174 0.0254140924662352 0.0233510155230761 0.0671041384339333 0.111061856150627 0.133182644844055 0.153338924050331 0.153843522071838 0.247910261154175 0.465051621198654 0.207224950194359 0.194837868213654 0.256655156612396 0.229723200201988 0.258350074291229 0.366990119218826 0.483215928077698 0.399607688188553 0.231360077857971 0.162277713418007 0.179091468453407 0.229240640997887 0.295305252075195 0.246033564209938 0.163503587245941 0.162817195057869 0.206148266792297 0.312752455472946 0.350065737962723 0.41192951798439 0.146265342831612 0.144820988178253 0.15215203166008 0.159666106104851 0.160613775253296 0.16179583966732 0.153000488877296 0.160531476140022 0.166770577430725 0.143742710351944 0.134812161326408 0.13506817817688 0.137867644429207
0.117958925664425 0.139267519116402 0.1840460896492 0.0546326823532581 0.0356772504746914 0.0740558952093124 0.119218558073044 0.158973574638367 0.176886796951294 0.156917974352837 0.196870669722557 0.302680611610413 0.304532021284103 0.252650707960129 0.260172337293625 0.215499430894852 0.254447162151337 0.309967875480652 0.432989060878754 0.458044141530991 0.358723610639572 0.353655576705933 0.288624614477158 0.341013818979263 0.404345005750656 0.250737875699997 0.165281400084496 0.178174659609795 0.288547068834305 0.281338274478912 0.437415957450867 0.319762855768204 0.213860258460045 0.155911982059479 0.161658003926277 0.166145250201225 0.168541327118874 0.156747251749039 0.155526489019394 0.155323877930641 0.154155790805817 0.151589423418045 0.144033208489418 0.142834886908531 0.171081215143204
0.22565732896328 0.099617138504982 0.0843268558382988 0.0707743018865585 0.0608127750456333 0.111347518861294 0.147488906979561 0.146794483065605 0.185732811689377 0.209781587123871 0.201588854193687 0.202135294675827 0.185695454478264 0.243667498230934 0.226016908884048 0.188616201281548 0.303310573101044 0.404136121273041 0.569263577461243 0.59480345249176 0.399679690599442 0.339647620916367 0.569773137569427 0.529099941253662 0.241574481129646 0.227961197495461 0.177821025252342 0.215901777148247 0.362312585115433 0.436207056045532 0.280759811401367 0.272687405347824 0.182921230792999 0.16715182363987 0.173939421772957 0.166979268193245 0.164549052715302 0.165201172232628 0.206982985138893 0.178701251745224 0.161887034773827 0.165831685066223 0.150899723172188 0.148998975753784 0.201469093561172
0.218141555786133 0.0995044484734535 0.0880325734615326 0.0785438790917397 0.10727196931839 0.169343009591103 0.169077545404434 0.20858496427536 0.237992212176323 0.195758730173111 0.185555055737495 0.212203994393349 0.162999838590622 0.198082193732262 0.174965679645538 0.189605295658112 0.345741122961044 0.506289303302765 0.662000417709351 0.645186483860016 0.621871829032898 0.521023631095886 0.445977210998535 0.311118513345718 0.245392963290215 0.243058696389198 0.22015954554081 0.376099079847336 0.47338742017746 0.390609711408615 0.243332222104073 0.196248918771744 0.185311108827591 0.185759484767914 0.187142267823219 0.185147374868393 0.179259687662125 0.176610469818115 0.221709325909615 0.331181973218918 0.176097199320793 0.180376723408699 0.165047332644463 0.165097162127495 0.19790643453598
0.260041266679764 0.168881669640541 0.107760913670063 0.102388761937618 0.174002662301064 0.186274141073227 0.141092523932457 0.17114545404911 0.187997996807098 0.16179758310318 0.183794483542442 0.161380633711815 0.17278641462326 0.192393645644188 0.175005212426186 0.244078233838081 0.271289318799973 0.392468243837357 0.590288698673248 0.561316847801208 0.584570944309235 0.441355288028717 0.481964886188507 0.379321932792664 0.268249034881592 0.230601996183395 0.289948493242264 0.427311331033707 0.40037989616394 0.357153683900833 0.376516461372375 0.226468682289124 0.21431864798069 0.209108471870422 0.20988467335701 0.205317288637161 0.19804248213768 0.19298230111599 0.214822843670845 0.513445258140564 0.248055547475815 0.188051134347916 0.1995500177145 0.186788782477379 0.181427285075188
0.170369908213615 0.138998121023178 0.135683745145798 0.149408236145973 0.177850067615509 0.192608594894409 0.150871083140373 0.180268585681915 0.167698621749878 0.198898553848267 0.181864663958549 0.157546401023865 0.171687975525856 0.189646288752556 0.187002211809158 0.201329752802849 0.216158136725426 0.278817236423492 0.371043413877487 0.360573917627335 0.303124994039536 0.283438354730606 0.297228872776031 0.247494578361511 0.248121246695518 0.325789928436279 0.374654114246368 0.356230735778809 0.592245042324066 0.382876098155975 0.307349294424057 0.251607120037079 0.288305759429932 0.249300464987755 0.236678093671799 0.217076376080513 0.22297927737236 0.209818065166473 0.266995131969452 0.309776544570923 0.203032329678535 0.177140653133392 0.180314645171165 0.186612263321877 0.192240491509438
0.155745223164558 0.151899769902229 0.152040347456932 0.165659666061401 0.167526572942734 0.154347434639931 0.159712553024292 0.165602788329124 0.158422321081161 0.166525855660439 0.168048694729805 0.167908370494843 0.177325427532196 0.18211755156517 0.191003918647766 0.205106183886528 0.24696159362793 0.401042908430099 0.396632879972458 0.413173615932465 0.286995470523834 0.262746334075928 0.267248749732971 0.272743731737137 0.273054659366608 0.296410828828812 0.307164132595062 0.334526836872101 0.350722193717957 0.301011115312576 0.288394093513489 0.277796804904938 0.268073707818985 0.306963235139847 0.273034691810608 0.236704185605049 0.233627706766129 0.214241057634354 0.217653587460518 0.203751251101494 0.195306330919266 0.17813828587532 0.193718701601028 0.212970092892647 0.238331779837608
0.219349518418312 0.182588413357735 0.195300757884979 0.190728172659874 0.177973002195358 0.168233141303062 0.160160452127457 0.165186256170273 0.181080877780914 0.174636140465736 0.174392595887184 0.198311895132065 0.181275203824043 0.18906557559967 0.197904407978058 0.210166499018669 0.26578015089035 0.620245516300201 0.539830267429352 0.374627590179443 0.294305205345154 0.380394667387009 0.390946567058563 0.318848937749863 0.300430446863174 0.324406027793884 0.341356515884399 0.397115349769592 0.400692820549011 0.336473673582077 0.344753831624985 0.335836499929428 0.291940271854401 0.278799444437027 0.323154747486115 0.334111213684082 0.370323985815048 0.232727587223053 0.233208253979683 0.3758524954319 0.241539031267166 0.283797293901443 0.247577399015427 0.276188760995865 -3.4e+38
0.205868810415268 0.21063107252121 0.200909167528152 0.187209114432335 0.172422811388969 0.176111474633217 0.172412618994713 0.166556388139725 0.182263195514679 0.178920567035675 0.181505039334297 0.182311460375786 0.18980860710144 0.19391642510891 0.218427777290344 0.231934458017349 0.316144824028015 0.313572376966476 0.264135539531708 0.338959604501724 0.708668351173401 0.722645461559296 0.410526961088181 0.324548840522766 0.331599295139313 0.382848739624023 0.393426030874252 0.413024038076401 0.385684639215469 0.380904376506805 0.350595265626907 0.352993756532669 0.397272527217865 0.322095066308975 0.367417573928833 0.335602164268494 0.32700788974762 -3.4e+38 0.366953998804092 0.338019013404846 0.32492408156395 0.286938160657883 0.256659597158432 0.299363315105438 -3.4e+38
0.185810506343842 0.173655211925507 0.176804110407829 0.170924231410027 0.180461451411247 0.176717460155487 0.179567754268646 0.171895816922188 0.186082422733307 0.186910346150398 0.186702772974968 0.202658742666245 0.202534899115562 0.201947078108788 0.218711391091347 0.225862309336662 0.281433969736099 0.332866042852402 0.259939283132553 0.346719890832901 0.580209732055664 0.542377948760986 0.328644722700119 0.329095155000687 0.35219731926918 0.387263804674149 0.400781840085983 0.416035056114197 0.391789317131042 0.380333185195923 0.416729539632797 0.509061455726624 0.463995099067688 0.306279867887497 0.317072659730911 0.306863337755203 -3.4e+38 0.401782602071762 0.39820596575737 -3.4e+38 -3.4e+38 -3.4e+38 -3.4e+38 -3.4e+38 -3.4e+38
0.176925256848335 0.179803758859634 0.182306796312332 0.168362647294998 0.170550316572189 0.175914898514748 0.17678302526474 0.177169486880302 0.193935990333557 0.201627165079117 0.201269939541817 0.20068547129631 0.206034034490585 0.214864864945412 0.225580543279648 0.240806251764297 0.254056543111801 0.260365933179855 0.294330507516861 0.343804597854614 0.324697107076645 0.321388930082321 0.334991902112961 0.370807260274887 0.420635014772415 0.395715266466141 0.398715019226074 0.413149267435074 -3.4e+38 -3.4e+38 0.392188847064972 0.430311799049377 0.402243107557297 0.360828191041946 0.384395778179169 0.456680178642273 0.431241422891617 0.362904489040375 0.3609319627285 -3.4e+38 -3.4e+38 -3.4e+38 -3.4e+38 -3.4e+38 -3.4e+38
0.180010065436363 0.176356360316277 0.177114427089691 0.183125048875809 0.176295846700668 0.180436298251152 0.181908011436462 0.188938364386559 0.206957772374153 0.216015592217445 0.218078702688217 0.216521367430687 0.224016323685646 0.231766238808632 0.237845912575722 0.241785615682602 0.263528794050217 0.29174217581749 0.379103511571884 0.341261506080627 0.321409910917282 0.328346371650696 0.401656687259674 0.469580858945847 0.460096031427383 0.385628402233124 0.436269968748093 0.432759493589401 0.444108426570892 0.413276851177216 -3.4e+38 -3.4e+38 -3.4e+38 0.421280562877655 0.41690057516098 0.42544549703598 0.430542081594467 0.432966887950897 0.407211065292358 -3.4e+38 -3.4e+38 -3.4e+38 -3.4e+38 -3.4e+38 -3.4e+38
0.192764446139336 0.179405838251114 0.177012130618095 0.179183393716812 0.17718331515789 0.172362789511681 0.183798894286156 0.19872684776783 0.198757141828537 0.210094645619392 0.222087830305099 0.230654716491699 0.229499474167824 0.251068025827408 0.256216257810593 0.278216153383255 0.270761013031006 0.295876979827881 0.305686265230179 0.310520440340042 0.318791806697845 0.338770180940628 0.354607433080673 0.404629856348038 0.376722127199173 0.404784739017487 0.440481692552567 -3.4e+38 -3.4e+38 -3.4e+38 0.410570085048676 -3.4e+38 -3.4e+38 -3.4e+38 -3.4e+38 -3.4e+38 -3.4e+38 0.393950551748276 -3.4e+38 -3.4e+38 -3.4e+38 -3.4e+38 -3.4e+38 -3.4e+38 -3.4e+38
0.192204639315605 0.179499790072441 0.176156803965569 0.16748458147049 0.175258859992027 0.179259583353996 0.18375700712204 0.191634342074394 0.200187608599663 0.213473662734032 0.224027529358864 0.233070552349091 0.241774037480354 0.260693818330765 0.270602464675903 0.282904595136642 0.28664043545723 0.292822510004044 0.297643393278122 0.321729004383087 0.334159284830093 -3.4e+38 -3.4e+38 -3.4e+38 -3.4e+38 -3.4e+38 -3.4e+38 -3.4e+38 -3.4e+38 -3.4e+38 -3.4e+38 -3.4e+38 -3.4e+38 -3.4e+38 -3.4e+38 -3.4e+38 -3.4e+38 -3.4e+38 -3.4e+38 -3.4e+38 -3.4e+38 -3.4e+38 -3.4e+38 -3.4e+38 -3.4e+38
-3.4e+38 0.170648604631424 0.166312724351883 0.167048290371895 0.172577366232872 0.176181733608246 0.18171238899231 0.187061086297035 0.198224619030952 0.221830815076828 0.232856944203377 0.240597486495972 0.245483756065369 0.264190584421158 0.273916184902191 0.280907839536667 -3.4e+38 -3.4e+38 0.312977820634842 -3.4e+38 -3.4e+38 -3.4e+38 -3.4e+38 -3.4e+38 -3.4e+38 -3.4e+38 -3.4e+38 -3.4e+38 -3.4e+38 -3.4e+38 -3.4e+38 -3.4e+38 -3.4e+38 -3.4e+38 -3.4e+38 -3.4e+38 -3.4e+38 -3.4e+38 -3.4e+38 -3.4e+38 -3.4e+38 -3.4e+38 -3.4e+38 -3.4e+38 -3.4e+38
-3.4e+38 0.174802005290985 0.173067137598991 0.162820056080818 0.170588910579681 0.186847239732742 0.192112624645233 0.182326123118401 0.191897138953209 0.221154764294624 0.236409842967987 0.248341411352158 0.253839492797852 -3.4e+38 -3.4e+38 -3.4e+38 -3.4e+38 -3.4e+38 -3.4e+38 -3.4e+38 -3.4e+38 -3.4e+38 -3.4e+38 -3.4e+38 -3.4e+38 -3.4e+38 -3.4e+38 -3.4e+38 -3.4e+38 -3.4e+38 -3.4e+38 -3.4e+38 -3.4e+38 -3.4e+38 -3.4e+38 -3.4e+38 -3.4e+38 -3.4e+38 -3.4e+38 -3.4e+38 -3.4e+38 -3.4e+38 -3.4e+38 -3.4e+38 -3.4e+38
