data/climate_estimation/maxent_output/Smilax_moranensis.asc
NCOLS 303 
NROWS 197 
XLLCORNER -109.666666666667 
YLLCORNER 12.5 
CELLSIZE 0.0833333333333333 
NODATA_value -3.4e+38 
[rows 161 to 183 of 197, columns 208 to 259 of 303]
0.673873126506805 0.724103033542633 0.692978143692017 0.761252522468567 0.719079256057739 0.696494162082672 0.813347816467285 0.75451135635376 0.391779124736786 0.389596521854401 0.432626992464066 0.431793093681335 0.511051535606384 0.740057408809662 0.71612024307251 0.691561043262482 0.396623224020004 0.421278029680252 0.698797106742859 0.385990589857101 0.29846528172493 0.397476971149445 0.384045839309692 0.226591661572456 0.189037382602692 0.33072304725647 0.420442342758179 0.503872990608215 0.600326418876648 0.722610235214233 0.822644054889679 0.609415590763092 0.350408524274826 0.231357380747795 0.171720713376999 0.126844808459282 0.0833355635404587 0.0517883859574795 0.0319291353225708 0.033316221088171 0.0467959381639957 0.0192608069628477 0.0145463719964027 0.0183200892060995 0.0522705353796482 0.0754742622375488 0.0603982098400593 0.0351566672325134 0.0511114299297333 0.031115161255002 0.0112939607352018 0.00551198748871684
0.823964655399323 0.798540532588959 0.784724354743958 0.798561990261078 0.825193881988525 0.788885831832886 0.883924305438995 0.906597375869751 0.895545244216919 0.885937333106995 0.741951823234558 0.630024790763855 0.73138153553009 0.759173691272736 0.751883089542389 0.746118128299713 0.721494615077972 0.760567963123322 0.60215300321579 0.44245058298111 0.450981169939041 0.474875956773758 0.505388557910919 0.481534540653229 0.68181037902832 0.862841546535492 0.828541576862335 0.886417031288147 0.824539065361023 0.68721067905426 0.547108471393585 0.252308011054993 0.193104416131973 0.166942045092583 0.151330813765526 0.114865310490131 0.0824157446622849 0.066526934504509 0.0701988488435745 0.0445929914712906 0.0217464957386255 0.0155004663392901 0.0196895152330399 0.129254475235939 0.181404381990433 0.0743872597813606 0.0829375982284546 0.0280273631215096 0.0227373205125332 0.0135744996368885 0.0103113483637571 0.00882041919976473
0.861325979232788 0.864936709403992 0.789010226726532 0.883304715156555 0.802216768264771 0.633631348609924 0.716680765151978 0.909345686435699 0.872848689556122 0.853507578372955 0.844611167907715 0.866455674171448 0.685914576053619 0.56548810005188 0.54143750667572 0.560706377029419 0.617707550525665 0.609596073627472 0.600232124328613 0.739460349082947 0.696705162525177 0.595086216926575 0.457988828420639 0.640015065670013 0.692516446113586 0.743095397949219 0.520519375801086 0.508891344070435 0.394077301025391 0.306448429822922 0.355108886957169 0.31888934969902 0.236483499407768 0.233219474554062 0.34554997086525 0.3566774725914 0.311300724744797 0.226815119385719 0.0814868435263634 0.0291889440268278 0.0299267023801804 0.0613106265664101 0.0769339874386787 0.257635563611984 0.197086215019226 0.101817905902863 0.0680047795176506 0.0479839071631432 0.0369051471352577 0.0285749472677708 0.0290024094283581 0.0196610204875469
0.884593605995178 0.911132097244263 0.873039066791534 0.722118854522705 0.598365485668182 0.60549795627594 0.676690459251404 0.794581830501556 0.874008417129517 0.834542095661163 0.894819617271423 0.80342173576355 0.758609890937805 0.843348860740662 0.764565229415894 0.486991047859192 0.564263045787811 0.645784616470337 0.607912242412567 0.69848370552063 0.583332598209381 0.669380724430084 0.653001487255096 0.682596385478973 0.674000144004822 0.768411457538605 0.607316136360168 0.520602226257324 0.656156420707703 0.819709658622742 0.921413123607635 0.804140746593475 0.830072939395905 0.778115272521973 0.76500391960144 0.592930853366852 0.204822793602943 0.101320758461952 0.0872804000973701 0.0709836632013321 0.13360333442688 0.409596592187881 0.247730329632759 0.277403861284256 0.206140235066414 0.114373728632927 0.161209478974342 0.192451357841492 0.131977006793022 0.118953041732311 0.0811852738261223 0.0445175319910049
0.199342623353004 0.466099113225937 0.941504538059235 0.926926732063293 0.814349472522736 0.740004658699036 0.656345367431641 0.724606812000275 0.68875640630722 0.729703485965729 0.706423223018646 0.801225662231445 0.749630689620972 0.726649761199951 0.818099319934845 0.791041433811188 0.648320257663727 0.647604405879974 0.703113555908203 0.649936378002167 0.5799680352211 0.562768697738647 0.692107737064362 0.517457008361816 0.599532902240753 0.621207892894745 0.542316794395447 0.882059335708618 0.907844841480255 0.92020171880722 0.955095946788788 0.941318035125732 0.933465659618378 0.715108036994934 0.374009758234024 0.211940675973892 0.123438872396946 0.164761990308762 0.261672228574753 0.245072394609451 0.23599074780941 0.513865828514099 0.250965386629105 0.229408144950867 0.28750604391098 0.25244727730751 0.261665612459183 0.280863791704178 0.223551034927368 0.107433430850506 0.116341322660446 0.138210490345955
0.0883297547698021 0.0750288069248199 0.143395781517029 0.561253488063812 0.943089365959167 0.719924032688141 0.715908348560333 0.621570408344269 0.684382855892181 0.729007661342621 0.653366386890411 0.275616317987442 0.515754759311676 0.526362717151642 0.532465577125549 0.782434582710266 0.724946022033691 0.627602636814117 0.753434658050537 0.759662389755249 0.721262753009796 0.72033703327179 0.69811350107193 0.723249673843384 0.65115213394165 0.691928923130035 0.878686606884003 0.933537364006042 0.880025267601013 0.926607429981232 0.830913424491882 0.52256166934967 0.283718377351761 0.197667822241783 0.203310921788216 0.277929931879044 0.284836769104004 0.318044096231461 0.304534018039703 0.276581466197968 0.340043038129807 0.448526680469513 0.315108001232147 0.274472951889038 0.300966322422028 0.328445374965668 0.25468984246254 0.241204753518105 0.179618135094643 0.165398389101028 0.278405994176865 0.212008267641068
0.0629264041781425 0.0623632036149502 0.0518465898931026 0.0712353363633156 0.139164045453072 0.944252967834473 0.745711445808411 0.669956266880035 0.713281750679016 0.694699883460999 0.63027960062027 0.641391515731812 0.624856293201447 0.326021432876587 0.346071094274521 0.468481570482254 0.5175421833992 0.489029467105865 0.496757507324219 0.658065736293793 0.694620251655579 0.691557884216309 0.66323059797287 0.612739562988281 0.500771045684814 0.42624631524086 0.382561683654785 0.378667533397675 0.280947655439377 0.219437658786774 0.154106646776199 0.111757420003414 0.105552814900875 0.0467095226049423 0.389150321483612 0.569676399230957 0.398807287216187 0.326349049806595 0.381517499685287 0.335841119289398 0.362739473581314 0.334214508533478 0.307366490364075 0.316295653581619 0.32565301656723 0.285292536020279 0.279187440872192 0.2425377368927 0.204440623521805 0.227327242493629 0.530642986297607 0.308516800403595
0.0505336038768291 0.059865090996027 0.0507600121200085 0.0505267754197121 0.0920202508568764 0.564349293708801 0.93268883228302 0.767733812332153 0.620221257209778 0.58922290802002 0.412749111652374 0.742967903614044 0.774277031421661 0.808812320232391 0.681744813919067 0.744490206241608 0.716373682022095 0.499036222696304 0.64488410949707 0.252691328525543 0.240721628069878 0.23850978910923 0.242202997207642 0.264921456575394 0.173709884285927 0.155521243810654 0.0885846540331841 0.101029232144356 0.155795887112617 0.333043098449707 0.106333307921886 0.448229610919952 0.452753752470016 0.147435441613197 0.360879421234131 0.579252958297729 0.454015821218491 0.447774618864059 0.457018703222275 0.47004708647728 0.627467513084412 0.562014102935791 0.479479074478149 0.370553880929947 0.335281878709793 0.52631676197052 0.540989995002747 0.53823584318161 0.20206107199192 0.28399133682251 0.730931282043457 0.392461776733398
0.0276455450803041 0.0406195931136608 0.0473339930176735 0.0484502874314785 0.0746602863073349 0.098535493016243 0.082710362970829 0.624956130981445 0.792823910713196 0.68024879693985 0.723997235298157 0.830955266952515 0.487525463104248 0.632322192192078 0.628533244132996 0.836818814277649 0.804839372634888 0.760483801364899 0.708889186382294 0.26738178730011 0.417766988277435 0.341400444507599 0.297469288110733 0.109022594988346 0.244125813245773 0.0932484194636345 0.0872523412108421 0.476839601993561 0.87221485376358 0.732578217983246 0.373824149370193 0.741465210914612 0.60398942232132 0.0564678609371185 0.463391333818436 0.387693673372269 0.53209525346756 0.363873302936554 0.485101103782654 0.500005841255188 0.63805878162384 0.443894028663635 0.517045557498932 0.358795821666718 0.378554046154022 0.651722073554993 0.508146286010742 0.524520814418793 0.230288311839104 0.216617584228516 0.247777715325356 0.336622267961502
0.00860127806663513 0.0168021842837334 0.015091554261744 0.0382216051220894 0.0560424104332924 0.100108496844769 0.11924983561039 0.106945902109146 0.134168282151222 0.422346591949463 0.914943337440491 0.353087246417999 0.306161791086197 0.106100112199783 0.228092208504677 0.644580006599426 0.729137718677521 0.782431721687317 0.551812648773193 0.637528300285339 0.579003810882568 0.291190385818481 0.508077085018158 0.301804184913635 0.685744225978851 0.578371286392212 0.70561671257019 0.747410416603088 0.790078639984131 0.782975852489471 0.660751700401306 0.407883286476135 0.332395225763321 0.348604679107666 0.411828279495239 0.674124956130981 0.517373502254486 0.389014959335327 0.50096184015274 0.693290174007416 0.619748950004578 0.408877640962601 0.438649535179138 0.375364691019058 0.308871746063232 0.638899445533752 0.615268349647522 0.509155035018921 0.653448283672333 0.342313170433044 0.246280401945114 0.296556234359741
0.0103367976844311 0.00816980842500925 0.00673305848613381 0.0151568725705147 0.0445309802889824 0.0767742991447449 0.111488498747349 0.118280619382858 0.120679393410683 0.142055541276932 0.149094223976135 0.149954110383987 0.583700060844421 0.4113450050354 0.194604903459549 0.567429959774017 0.743270933628082 0.79374235868454 0.64733213186264 0.754808962345123 0.62752240896225 0.308415174484253 0.268193393945694 0.567406833171844 0.68793660402298 0.679866790771484 0.684442222118378 0.736405670642853 0.775512158870697 0.568864107131958 0.744968354701996 0.12823848426342 0.246602326631546 0.462006151676178 0.360181629657745 0.751071453094482 0.42220401763916 0.447440892457962 0.60810923576355 0.776764512062073 0.646648287773132 0.462857216596603 0.652310371398926 0.679170072078705 0.433413743972778 0.402717530727386 0.611618757247925 0.750686049461365 0.76208108663559 0.612628817558289 0.596746027469635 0.501282811164856
0.000109580352727789 0.000109328502730932 0.00977419223636389 0.00901652406901121 0.0202890522778034 0.0311777088791132 0.0693288370966911 0.119414947926998 0.104182250797749 0.0785521492362022 0.059536375105381 0.0516695454716682 0.116656430065632 0.249161899089813 0.107800148427486 0.126711279153824 0.41942498087883 0.925807237625122 0.568005681037903 0.678052127361298 0.276268720626831 0.216544851660728 0.574994266033173 0.553678750991821 0.713525295257568 0.601494073867798 0.741927862167358 0.700757622718811 0.450568377971649 0.128524750471115 0.393940150737762 0.00134477578103542 0.238329112529755 0.351412713527679 0.448940813541412 0.733930945396423 0.596376061439514 0.535789251327515 0.887604117393494 0.577505707740784 0.459889233112335 0.572971820831299 0.750750303268433 0.86599326133728 0.681226789951324 0.48018342256546 0.588613510131836 0.7531458735466 0.691642761230469 0.686464369297028 0.709703087806702 0.463221192359924
-3.4e+38 0.00012574580614455 0.0119200767949224 0.0127755776047707 0.0286904033273458 0.0233223810791969 0.0434221029281616 0.0715150684118271 0.0713418275117874 0.0633018836379051 0.0559800565242767 0.0560039393603802 0.0462659932672977 0.0910797044634819 0.0920142605900764 0.0882615372538567 0.13601852953434 0.836259543895721 0.565989196300507 0.750094413757324 0.162509843707085 0.151421412825584 0.330718755722046 0.2919782102108 0.324607014656067 0.486074775457382 0.569193601608276 0.520937919616699 0.466295152902603 0.226973056793213 0.11632626503706 0.00126056640874594 0.117059201002121 0.100151762366295 0.41874223947525 0.825408935546875 0.842131435871124 0.562804043292999 0.873494148254395 0.819144010543823 0.600979745388031 0.687841951847076 0.842542588710785 0.799410939216614 0.682639002799988 0.634456098079681 0.644559442996979 0.825750112533569 0.75957578420639 0.759945750236511 0.798116147518158 0.542923212051392
-3.4e+38 -3.4e+38 -3.4e+38 0.0161430165171623 0.0205473601818085 0.0350380539894104 0.0261246562004089 0.0435015484690666 0.0355740264058113 0.0424662493169308 0.0641535520553589 0.0721115544438362 0.0692517086863518 0.0485548675060272 0.0490448996424675 0.0725102871656418 0.0708270892500877 0.0629660859704018 0.0624683871865273 0.068877212703228 0.349183887243271 0.209181368350983 0.176591902971268 0.219062224030495 0.132217556238174 0.361937791109085 0.406626135110855 0.418199092149734 0.480133563280106 0.304710119962692 0.343431264162064 0.000798899913206697 0.000820417189970613 0.0626007243990898 0.134514555335045 0.691754400730133 0.745863378047943 0.582578718662262 0.909454941749573 0.866002321243286 0.752744436264038 0.817413032054901 0.879097402095795 0.743394076824188 0.655634105205536 0.767951548099518 0.681893944740295 0.686420619487762 0.817879676818848 0.836188554763794 0.757505536079407 0.688202738761902
-3.4e+38 -3.4e+38 -3.4e+38 -3.4e+38 0.0289843119680882 0.0250706393271685 0.0349567122757435 0.0230988077819347 0.0193752478808165 0.0343676283955574 0.0493583828210831 0.0736316740512848 0.0730745643377304 0.0593333430588245 0.0457623973488808 0.0492408163845539 0.069992370903492 0.073271207511425 0.0837656930088997 0.0592371858656406 0.0617838203907013 0.0558950155973434 0.106641553342342 0.192624062299728 0.0886258780956268 0.16240930557251 0.285092711448669 0.172905310988426 0.169052332639694 0.0992560833692551 0.0894941985607147 0.00044777020229958 0.0477047152817249 0.0814098715782166 0.0954446345567703 0.250566244125366 0.520347356796265 0.611193418502808 0.854183971881866 0.813531637191772 0.778491616249084 0.633097767829895 0.845338761806488 0.733600258827209 0.717202186584473 0.766879618167877 0.713461935520172 0.687941551208496 0.788633584976196 0.869825780391693 0.824424922466278 0.708923757076263
-3.4e+38 -3.4e+38 -3.4e+38 -3.4e+38 -3.4e+38 0.0243707038462162 0.0154970847070217 0.0124225337058306 0.01116593927145 0.0192449558526278 0.0377934128046036 0.0621224418282509 0.0670148432254791 0.0685408115386963 0.0524114854633808 0.039264265447855 0.0387260653078556 0.0387124083936214 0.0421054288744926 0.0403164476156235 0.0325856246054173 0.10298366099596 0.169617876410484 0.0592552162706852 0.0787744671106339 0.0775203555822372 0.0508063994348049 0.126731380820274 0.115468353033066 0.0804909393191338 0.160224735736847 0.0570737458765507 0.0538088195025921 0.0780191197991371 0.0772559121251106 0.154612228274345 0.179632112383842 0.161209717392921 0.128618076443672 0.581770002841949 0.477196007966995 0.258858114480972 0.669651210308075 0.461172431707382 0.72503799200058 0.835612893104553 0.807488799095154 0.730624496936798 0.817221403121948 0.784365892410278 0.7581866979599 0.685614824295044
-3.4e+38 -3.4e+38 -3.4e+38 -3.4e+38 -3.4e+38 -3.4e+38 -3.4e+38 0.0131782544776797 0.0109243476763368 0.0117792123928666 0.0263074114918709 0.0384676307439804 0.0458949655294418 0.0400598831474781 0.035276111215353 0.0335690416395664 0.0270794592797756 0.0188829731196165 0.019126171246171 0.00941548403352499 0.00787742901593447 0.0145343765616417 0.0643529891967773 0.028729097917676 0.0499279871582985 0.0186729058623314 7.67543169786222e-05 0.0151865426450968 0.109285935759544 0.0745171904563904 0.063632145524025 0.146581739187241 0.0520914606750011 0.131430611014366 0.0690513476729393 0.148880288004875 0.0734285861253738 0.0661759302020073 0.049634724855423 0.0452813766896725 0.190660282969475 0.404704928398132 0.273580461740494 0.361367672681808 0.299621373414993 0.76804518699646 0.596938371658325 0.428880333900452 0.508435010910034 0.753073811531067 0.828809261322021 0.808033108711243
-3.4e+38 -3.4e+38 -3.4e+38 -3.4e+38 -3.4e+38 -3.4e+38 -3.4e+38 -3.4e+38 0.0130226509645581 0.0125943385064602 0.0118420869112015 0.0226333606988192 0.0204132031649351 0.0188155807554722 0.0178637094795704 0.0171029511839151 0.0173670090734959 0.00960948318243027 9.69386601354927e-05 9.86125378403813e-05 8.9574146841187e-05 6.90308806952089e-05 5.63762951060198e-05 5.43868882232346e-05 5.82192842557561e-05 0.00673961406573653 0.0555879212915897 0.115536034107208 0.0334047824144363 0.0156532172113657 0.0767669901251793 0.0760740414261818 0.0878483057022095 0.132260903716087 0.105428978800774 0.0695349499583244 0.0321521423757076 0.0540788471698761 0.0907579213380814 0.0260408744215965 0.0742936581373215 0.159995377063751 0.152904435992241 0.241894543170929 0.208073988556862 0.252429842948914 0.317133486270905 0.241579845547676 0.27796196937561 0.536063611507416 0.93211305141449 0.937061607837677
-3.4e+38 -3.4e+38 -3.4e+38 -3.4e+38 -3.4e+38 -3.4e+38 -3.4e+38 -3.4e+38 -3.4e+38 -3.4e+38 -3.4e+38 0.0115072326734662 0.00994310807436705 0.00939687713980675 0.00885147601366043 0.00974811334162951 0.00933282915502787 0.00011348652333254 0.000106928244349547 0.000102491496363655 9.03061663848348e-05 7.40247342037037e-05 6.20844948571175e-05 5.4757696489105e-05 5.11927173647564e-05 5.7557386753615e-05 0.0146189937368035 0.00865980051457882 0.0208406411111355 0.0641737282276154 0.0845562815666199 0.0724311694502831 0.151530027389526 0.144011259078979 0.128134742379189 0.118188634514809 0.0629408583045006 0.0612482018768787 0.0666099786758423 0.093313105404377 0.0704718306660652 0.0892716869711876 0.1492720246315 0.183775961399078 0.208259850740433 0.176958918571472 0.210174739360809 0.227541893720627 0.265849560499191 0.327257573604584 0.396567791700363 0.556287229061127
-3.4e+38 -3.4e+38 -3.4e+38 -3.4e+38 -3.4e+38 -3.4e+38 -3.4e+38 -3.4e+38 -3.4e+38 -3.4e+38 -3.4e+38 -3.4e+38 -3.4e+38 -3.4e+38 -3.4e+38 -3.4e+38 -3.4e+38 -3.4e+38 -3.4e+38 -3.4e+38 -3.4e+38 6.94567206664942e-05 5.87105496379081e-05 6.13571464782581e-05 6.42911254544742e-05 7.82603165134788e-05 9.01517050806433e-05 0.00823300797492266 0.0622393414378166 0.069035716354847 0.122028268873692 0.142797142267227 0.313132792711258 0.106876395642757 0.16416247189045 0.147609710693359 0.10420997440815 0.109529502689838 0.208048984408379 0.155322358012199 0.113403916358948 0.110322177410126 0.168736383318901 0.175155371427536 0.19406695663929 0.176621183753014 0.137132957577705 0.161558151245117 0.154897466301918 0.144851520657539 0.162752106785774 0.176526263356209
-3.4e+38 -3.4e+38 -3.4e+38 -3.4e+38 -3.4e+38 -3.4e+38 -3.4e+38 -3.4e+38 -3.4e+38 -3.4e+38 -3.4e+38 -3.4e+38 -3.4e+38 -3.4e+38 -3.4e+38 -3.4e+38 -3.4e+38 -3.4e+38 -3.4e+38 -3.4e+38 -3.4e+38 -3.4e+38 -3.4e+38 -3.4e+38 6.73070608172566e-05 8.48419294925407e-05 9.33747433009557e-05 9.18479854590259e-05 0.00954320840537548 0.0344822928309441 0.0437136813998222 0.0463891699910164 0.130665123462677 0.110350869596004 0.105762779712677 0.152988329529762 0.19134284555912 0.156233966350555 0.18289116024971 0.174499005079269 0.136834919452667 0.141029939055443 0.147585868835449 0.139019623398781 0.153898760676384 0.0885623395442963 0.105428569018841 0.142457112669945 0.144411444664001 0.263410717248917 0.0935793146491051 0.103715091943741
-3.4e+38 -3.4e+38 -3.4e+38 -3.4e+38 -3.4e+38 -3.4e+38 -3.4e+38 -3.4e+38 -3.4e+38 -3.4e+38 -3.4e+38 -3.4e+38 -3.4e+38 -3.4e+38 -3.4e+38 -3.4e+38 -3.4e+38 -3.4e+38 -3.4e+38 -3.4e+38 -3.4e+38 -3.4e+38 -3.4e+38 -3.4e+38 -3.4e+38 -3.4e+38 9.48310917010531e-05 9.13835829123855e-05 9.07444336917251e-05 0.00842076539993286 0.0241249296814203 0.0289919804781675 0.0366856902837753 0.0733455941081047 0.0857285186648369 0.081593930721283 0.239485964179039 0.181542530655861 0.180198773741722 0.204432412981987 0.182358101010323 0.214393317699432 0.177592411637306 0.146174669265747 0.135445043444633 0.0783222541213036 0.0679559782147408 0.101053915917873 0.145828068256378 0.15609472990036 0.0802767872810364 0.0816705450415611
-3.4e+38 -3.4e+38 -3.4e+38 -3.4e+38 -3.4e+38 -3.4e+38 -3.4e+38 -3.4e+38 -3.4e+38 -3.4e+38 -3.4e+38 -3.4e+38 -3.4e+38 -3.4e+38 -3.4e+38 -3.4e+38 -3.4e+38 -3.4e+38 -3.4e+38 -3.4e+38 -3.4e+38 -3.4e+38 -3.4e+38 -3.4e+38 -3.4e+38 -3.4e+38 -3.4e+38 -3.4e+38 8.79681319929659e-05 0.00885221362113953 0.0096228364855051 0.0245782025158405 0.0311743319034576 0.0457562394440174 0.0871921479701996 0.111465401947498 0.0906568020582199 0.149404644966125 0.156767696142197 0.164483353495598 0.17903159558773 0.213083297014236 0.187671825289726 0.108024381101131 0.121680453419685 0.0862214043736458 0.0978351011872292 0.0719005689024925 0.0682118237018585 0.0622030906379223 0.0610124282538891 0.0318759493529797
