data/climate_estimation/maxent_output/Smilax_hypoglauca.asc
NCOLS 212 
NROWS 317 
XLLCORNER 100.833333333333 
YLLCORNER 0.916666666666667 
CELLSIZE 0.0833333333333334 
NODATA_value -3.4e+38 
[rows 44 to 65 of 317, columns 50 to 99 of 212]
0.135153338313103 0.211370587348938 0.241694226861 0.277494192123413 0.271402269601822 0.327449262142181 0.354031771421432 0.425270766019821 0.42531955242157 0.438582807779312 0.495570957660675 0.504291713237762 0.43697327375412 0.504289329051971 0.613147139549255 0.601872682571411 0.565811455249786 0.487209409475327 0.584703505039215 0.564930498600006 0.650527894496918 0.650409162044525 0.652715086936951 0.74633115530014 0.825562059879303 0.855345726013184 0.850266218185425 0.865447223186493 0.852001249790192 0.891885280609131 0.914875745773315 0.942532420158386 0.951458990573883 0.951587498188019 0.939174771308899 0.924721598625183 0.929818332195282 0.91853529214859 0.898622810840607 0.884404301643372 0.861387491226196 0.874153316020966 0.896262884140015 0.91302365064621 0.940968871116638 0.936398208141327 0.930744886398315 0.86176198720932 0.730685591697693 0.7537442445755
0.209974616765976 0.227634891867638 0.268585532903671 0.281794935464859 0.309216976165771 0.273290276527405 0.345689237117767 0.444256365299225 0.471144318580627 0.534445941448212 0.575547635555267 0.539734482765198 0.592136085033417 0.66538792848587 0.614679992198944 0.74057674407959 0.775758743286133 0.833528637886047 0.822003901004791 0.776135742664337 0.815622448921204 0.775416195392609 0.688533782958984 0.73974084854126 0.8202024102211 0.870030522346497 0.852398753166199 0.914628744125366 0.897602617740631 0.915247142314911 0.903460741043091 0.939346849918365 0.963214576244354 0.946555137634277 0.927455306053162 0.924263894557953 0.914965093135834 0.915575563907623 0.898286104202271 0.904712617397308 0.79326057434082 0.821315586566925 0.907484114170074 0.92263001203537 0.945007562637329 0.949052751064301 0.948331773281097 0.890939354896545 0.776441335678101 0.755512058734894
0.233087062835693 0.252822041511536 0.313050031661987 0.329238653182983 0.256386995315552 0.269347220659256 0.354408532381058 0.341123521327972 0.43875589966774 0.46664497256279 0.523626208305359 0.65790468454361 0.64790552854538 0.695693135261536 0.716985106468201 0.769786894321442 0.817533910274506 0.821538031101227 0.870305716991425 0.857488691806793 0.815313756465912 0.75691944360733 0.752011179924011 0.792520225048065 0.839374899864197 0.833106637001038 0.855583906173706 0.912823438644409 0.936617314815521 0.913413405418396 0.944475173950195 0.939081907272339 0.967223763465881 0.936455607414246 0.921079814434052 0.915064871311188 0.904677212238312 0.905333876609802 0.905427813529968 0.912411510944366 0.87159126996994 0.689630627632141 0.879137814044952 0.927207887172699 0.950149774551392 0.960535287857056 0.96195387840271 0.90679270029068 0.804949462413788 0.780371725559235
0.214766308665276 0.203740313649178 0.262893110513687 0.302901268005371 0.255458831787109 0.236499682068825 0.35692223906517 0.3815798163414 0.453850567340851 0.528919041156769 0.474547833204269 0.582814455032349 0.66193687915802 0.751653850078583 0.772564589977264 0.807653665542603 0.816380500793457 0.837679505348206 0.86919242143631 0.854782938957214 0.829127132892609 0.842959463596344 0.802257835865021 0.846117854118347 0.822361946105957 0.849040806293488 0.8709317445755 0.896572828292847 0.916743159294128 0.953455805778503 0.950700163841248 0.9529088139534 0.971020042896271 0.954558968544006 0.92468523979187 0.923376619815826 0.914785742759705 0.925917983055115 0.932466387748718 0.931475937366486 0.924897491931915 0.853806018829346 0.815438628196716 0.935997724533081 0.954644441604614 0.964131832122803 0.967267215251923 0.925960421562195 0.847746312618256 0.806578516960144
0.22940494120121 0.18246890604496 0.194454357028008 0.226958990097046 0.335189342498779 0.236393287777901 0.306835532188416 0.448846042156219 0.465222865343094 0.471463978290558 0.577839732170105 0.563833653926849 0.642749428749084 0.755960762500763 0.769939124584198 0.803170204162598 0.859224498271942 0.86689031124115 0.844202041625977 0.891765177249908 0.891294360160828 0.848162353038788 0.867167532444 0.844021201133728 0.849933207035065 0.862373471260071 0.868804574012756 0.891944646835327 0.910463333129883 0.92618316411972 0.966749370098114 0.967524766921997 0.967208623886108 0.946604609489441 0.917202055454254 0.935014545917511 0.937089562416077 0.939437985420227 0.938887894153595 0.942748308181763 0.947433292865753 0.942166864871979 0.914525032043457 0.916243255138397 0.959942102432251 0.966628730297089 0.96209329366684 0.933114945888519 0.869278252124786 0.791850686073303
0.35071125626564 0.201244279742241 0.182300120592117 0.208449050784111 0.220995232462883 0.298870444297791 0.312501221895218 0.385766834020615 0.414894908666611 0.411662608385086 0.507820129394531 0.600784659385681 0.615699112415314 0.706858575344086 0.726892530918121 0.803779542446136 0.845827400684357 0.854074835777283 0.850387096405029 0.92937821149826 0.911915600299835 0.87501335144043 0.876872956752777 0.87391072511673 0.848900318145752 0.857028007507324 0.874466717243195 0.891341984272003 0.887943744659424 0.913625001907349 0.946882724761963 0.969993591308594 0.965340077877045 0.936283230781555 0.928905129432678 0.950205087661743 0.957839548587799 0.955758929252625 0.961025595664978 0.965668201446533 0.965873599052429 0.943319499492645 0.925843715667725 0.919375240802765 0.960143446922302 0.968708395957947 0.955326318740845 0.934549152851105 0.897670269012451 0.832439482212067
0.263121753931046 0.258335411548615 0.265454053878784 0.259158432483673 0.233542293310165 0.260510325431824 0.268046766519547 0.309371381998062 0.348238974809647 0.405607134103775 0.475640505552292 0.533939063549042 0.588713347911835 0.66062730550766 0.693783819675446 0.788655400276184 0.84464430809021 0.857408285140991 0.824925661087036 0.79537308216095 0.893241226673126 0.899341702461243 0.892581045627594 0.898591160774231 0.885909199714661 0.892546236515045 0.888611793518066 0.900576651096344 0.901267468929291 0.917283892631531 0.929918527603149 0.958311557769775 0.964065670967102 0.964156746864319 0.951393604278564 0.961422979831696 0.960299909114838 0.950408458709717 0.95899909734726 0.965705275535583 0.968767702579498 0.956392288208008 0.912017703056335 0.917777717113495 0.94117546081543 0.94043630361557 0.940714716911316 0.934710502624512 0.892335653305054 0.850262761116028
0.234211504459381 0.13366924226284 0.296877294778824 0.320732474327087 0.304460942745209 0.276741206645966 0.289268493652344 0.241824135184288 0.277793765068054 0.373409986495972 0.386245936155319 0.49451607465744 0.562971174716949 0.651562929153442 0.663399457931519 0.759900212287903 0.818353891372681 0.819450080394745 0.828447699546814 0.813228130340576 0.933795273303986 0.923013627529144 0.916098654270172 0.910702705383301 0.886243402957916 0.897991359233856 0.911371111869812 0.898121774196625 0.88121622800827 0.922165632247925 0.939436674118042 0.944252252578735 0.959278106689453 0.958041429519653 0.947455406188965 0.943345606327057 0.929875373840332 0.919366955757141 0.910223782062531 0.903164684772491 0.920868217945099 0.929673075675964 0.936993181705475 0.947001099586487 0.932887434959412 0.934865772724152 0.938483238220215 0.9220871925354 0.893038868904114 0.849921643733978
0.226224914193153 0.112530365586281 0.194534868001938 0.248639613389969 0.206053093075752 0.231034189462662 0.240221261978149 0.204277336597443 0.264641374349594 0.300765097141266 0.366007447242737 0.463750690221786 0.487086176872253 0.605820775032043 0.648708522319794 0.746824502944946 0.780619263648987 0.829175055027008 0.894395649433136 0.898710489273071 0.958625078201294 0.937912583351135 0.877839386463165 0.906124770641327 0.899308741092682 0.913962185382843 0.904912233352661 0.907220423221588 0.889421820640564 0.914773404598236 0.932619154453278 0.938621699810028 0.934061706066132 0.934690117835999 0.941486239433289 0.923714339733124 0.894110023975372 0.854493081569672 0.839972794055939 0.838957965373993 0.841878533363342 0.861843049526215 0.890341877937317 0.915929734706879 0.918570041656494 0.919849574565887 0.915320992469788 0.915761768817902 0.917343616485596 0.890263140201569
0.634868264198303 0.295097053050995 0.173456445336342 0.134828448295593 0.210026010870934 0.21770553290844 0.21945196390152 0.216701522469521 0.250741839408875 0.240223616361618 0.345411241054535 0.400216519832611 0.503689289093018 0.582588911056519 0.665417671203613 0.694276988506317 0.777374088764191 0.83315122127533 0.891120851039886 0.923764765262604 0.942160844802856 0.950216889381409 0.938913226127625 0.906663298606873 0.904980778694153 0.918313980102539 0.923348248004913 0.914704263210297 0.902253568172455 0.90651673078537 0.907758951187134 0.895624756813049 0.897427558898926 0.910948872566223 0.923624515533447 0.901971399784088 0.860758662223816 0.812407910823822 0.75002521276474 0.692719638347626 0.705977439880371 0.76668107509613 0.829620599746704 0.872136890888214 0.905844271183014 0.906261086463928 0.926836013793945 0.928467214107513 0.909421741962433 0.908653557300568
0.751238524913788 0.398643732070923 0.369381785392761 0.231738150119781 0.21310992538929 0.231683030724525 0.182665482163429 0.187416926026344 0.246680095791817 0.258147418498993 0.300447523593903 0.377716422080994 0.501895010471344 0.655777633190155 0.639427006244659 0.740957021713257 0.772552788257599 0.869905650615692 0.883700609207153 0.867180049419403 0.93010687828064 0.948469161987305 0.935254514217377 0.917133629322052 0.916410028934479 0.924401581287384 0.928084969520569 0.92898166179657 0.902293503284454 0.921692550182343 0.932916462421417 0.925354421138763 0.917350888252258 0.941187381744385 0.927629292011261 0.891072750091553 0.830689430236816 0.749941408634186 0.662776529788971 0.600668668746948 0.612410485744476 0.718297183513641 0.799397945404053 0.864546835422516 0.888310194015503 0.916058599948883 0.926431715488434 0.919421494007111 0.927480697631836 0.905967116355896
0.779499351978302 0.20462828874588 0.240599751472473 0.202527478337288 0.261296629905701 0.164537310600281 0.18065670132637 0.193530917167664 0.23840107023716 0.229131102561951 0.296170949935913 0.398861020803452 0.510070502758026 0.594966113567352 0.758247435092926 0.762218356132507 0.814990818500519 0.840371012687683 0.888905584812164 0.927100360393524 0.946242809295654 0.938224315643311 0.925951421260834 0.915992081165314 0.924388945102692 0.93772691488266 0.915311396121979 0.930212140083313 0.930484414100647 0.956480383872986 0.96023041009903 0.962357521057129 0.952345907688141 0.945244371891022 0.937200963497162 0.908369481563568 0.858968913555145 0.819668054580688 0.737279653549194 0.655849039554596 0.672095835208893 0.739650964736938 0.822416841983795 0.873429656028748 0.909246325492859 0.925096154212952 0.928731083869934 0.932688474655151 0.920737624168396 0.921836256980896
0.649840354919434 0.299319624900818 0.34194427728653 0.13216969370842 0.149438410997391 0.184829041361809 0.179509580135345 0.19145955145359 0.220161780714989 0.219784572720528 0.236327275633812 0.405811429023743 0.452631235122681 0.639794588088989 0.780228316783905 0.833742737770081 0.843741595745087 0.89613401889801 0.932609081268311 0.937050819396973 0.914153873920441 0.885244011878967 0.885178983211517 0.886882901191711 0.897302806377411 0.921744406223297 0.933449029922485 0.923058271408081 0.935065686702728 0.960627675056458 0.961674869060516 0.965763509273529 0.960996031761169 0.962993919849396 0.953966200351715 0.947648763656616 0.944273352622986 0.916405975818634 0.846942484378815 0.826974809169769 0.788479864597321 0.81539386510849 0.859336256980896 0.902459561824799 0.931624829769135 0.94376814365387 0.941545963287354 0.94584059715271 0.934427320957184 0.925744712352753
0.497000992298126 0.158661752939224 0.347316652536392 0.397096514701843 0.169662669301033 0.263073772192001 0.192064419388771 0.201573088765144 0.203709363937378 0.24147567152977 0.283664882183075 0.416336566209793 0.539169609546661 0.601711690425873 0.731177806854248 0.847939729690552 0.932642161846161 0.98038923740387 0.954121589660645 0.924532651901245 0.925206661224365 0.867373168468475 0.822856962680817 0.843284904956818 0.866527378559113 0.8957239985466 0.945296406745911 0.930248737335205 0.938596546649933 0.957652866840363 0.958692967891693 0.950723469257355 0.948378503322601 0.952105700969696 0.95072740316391 0.936386287212372 0.945865511894226 0.951907813549042 0.954251289367676 0.943675756454468 0.947519719600677 0.956880271434784 0.963394165039062 0.966162741184235 0.963261842727661 0.964083731174469 0.966935575008392 0.968376040458679 0.965187013149261 0.953084230422974
0.4891497194767 0.247005522251129 0.32568746805191 0.319806337356567 0.244785904884338 0.21522855758667 0.270136147737503 0.17993475496769 0.21976275742054 0.288329184055328 0.34312430024147 0.424823939800262 0.515908062458038 0.686745822429657 0.719938993453979 0.817640364170074 0.886563062667847 0.930782496929169 0.979773640632629 0.887969195842743 0.837810337543488 0.784170210361481 0.752944350242615 0.789472460746765 0.816749393939972 0.863951623439789 0.908967673778534 0.924817085266113 0.966142356395721 0.956994295120239 0.950469493865967 0.936794877052307 0.927853882312775 0.915765464305878 0.921955585479736 0.919043064117432 0.920738041400909 0.921458542346954 0.930095255374908 0.934736371040344 0.943499803543091 0.941612422466278 0.950283944606781 0.942183017730713 0.946362912654877 0.950711190700531 0.951418399810791 0.956855952739716 0.949477255344391 0.958979308605194
0.414682745933533 0.538570880889893 0.29762402176857 0.266138911247253 0.455109804868698 0.246876105666161 0.210469990968704 0.210747942328453 0.2013248950243 0.25037208199501 0.343267410993576 0.471323549747467 0.573756992816925 0.67757260799408 0.799860298633575 0.861274898052216 0.919488906860352 0.921366155147552 0.954336762428284 0.953839421272278 0.78894305229187 0.722873628139496 0.745897650718689 0.757950961589813 0.786743938922882 0.850089371204376 0.893747746944427 0.945799112319946 0.962017416954041 0.941915214061737 0.928728342056274 0.918268263339996 0.887667536735535 0.884741723537445 0.88505631685257 0.88117116689682 0.872748851776123 0.878325939178467 0.88915091753006 0.900964498519897 0.909149706363678 0.918136715888977 0.932486534118652 0.933853805065155 0.911114811897278 0.905899405479431 0.937938153743744 0.945970237255096 0.934433102607727 0.956224083900452
0.251098215579987 0.671721339225769 0.658764123916626 0.263963252305984 0.420301765203476 0.155498996376991 0.182477653026581 0.197644382715225 0.187546759843826 0.256922483444214 0.396200597286224 0.451760500669479 0.615816235542297 0.738133311271667 0.832920253276825 0.916483938694 0.916537344455719 0.96441662311554 0.967513978481293 0.975737869739532 0.95456451177597 0.694688141345978 0.709451019763947 0.743528544902802 0.826977372169495 0.87939977645874 0.913925170898438 0.958540797233582 0.929519772529602 0.910131871700287 0.912357211112976 0.885062515735626 0.853878319263458 0.828653931617737 0.813945770263672 0.807745397090912 0.81436949968338 0.814877092838287 0.815509557723999 0.835795998573303 0.847603499889374 0.890066206455231 0.902766466140747 0.900598108768463 0.881068348884583 0.885210335254669 0.921720921993256 0.928819179534912 0.941403567790985 0.934683620929718
0.306426763534546 0.202041387557983 0.863374471664429 0.70407909154892 0.555345773696899 0.290246337652206 0.199171245098114 0.194671109318733 0.234711304306984 0.32182589173317 0.469222038984299 0.440458029508591 0.540485203266144 0.766100287437439 0.85750424861908 0.851764440536499 0.873063027858734 0.9484623670578 0.952165126800537 0.853916347026825 0.736724853515625 0.746392726898193 0.816358149051666 0.872894883155823 0.864797294139862 0.90386962890625 0.943901121616364 0.932011723518372 0.900006234645844 0.891219019889832 0.853820443153381 0.821723997592926 0.749905407428741 0.701009035110474 0.695361614227295 0.676828801631927 0.724270761013031 0.73212069272995 0.753877401351929 0.80138772726059 0.806139588356018 0.819810152053833 0.854554176330566 0.860319256782532 0.836116433143616 0.884997844696045 0.896843731403351 0.904888689517975 0.906930088996887 0.921969950199127
0.781887114048004 0.565896093845367 0.708781838417053 0.703272223472595 0.432229220867157 0.267712593078613 0.274815589189529 0.2632817029953 0.272393018007278 0.402312248945236 0.446289092302322 0.450585454702377 0.631590068340302 0.704976499080658 0.744688928127289 0.883074998855591 0.884549975395203 0.912726283073425 0.676423609256744 0.461686491966248 0.634687781333923 0.793769955635071 0.813819169998169 0.800074517726898 0.846608996391296 0.910911619663239 0.950672447681427 0.928836584091187 0.928816199302673 0.9032222032547 0.839026808738708 0.815360128879547 0.777048230171204 0.738676428794861 0.702875554561615 0.68699038028717 0.638150274753571 0.654341518878937 0.701182007789612 0.740943193435669 0.762001097202301 0.77872759103775 0.808627545833588 0.812050402164459 0.826230049133301 0.849010109901428 0.849519670009613 0.87660014629364 0.887424826622009 0.903474569320679
0.892568707466125 0.872187197208405 0.647196114063263 0.65598851442337 0.432557433843613 0.262078464031219 0.326902776956558 0.270440131425858 0.324196100234985 0.467492938041687 0.413547456264496 0.439593762159348 0.57979679107666 0.66693526506424 0.795306205749512 0.853005945682526 0.8849977850914 0.865311563014984 0.3436538875103 0.340893357992172 0.893503487110138 0.882474541664124 0.896198749542236 0.823663175106049 0.888643264770508 0.958128035068512 0.939957082271576 0.934700310230255 0.898030161857605 0.859681844711304 0.79952347278595 0.759559035301208 0.721076965332031 0.676312625408173 0.625959932804108 0.549586772918701 0.560765504837036 0.569170892238617 0.562854528427124 0.676478385925293 0.709834337234497 0.706782460212708 0.742193162441254 0.744145452976227 0.795866429805756 0.79730761051178 0.808178126811981 0.840729296207428 0.858309209346771 0.87153822183609
0.800781548023224 0.856044113636017 0.742268323898315 0.481325507164001 0.254860997200012 0.257329642772675 0.303303509950638 0.39985004067421 0.41500249505043 0.416906863451004 0.336300015449524 0.432483434677124 0.571595251560211 0.663217306137085 0.733874797821045 0.800978302955627 0.863436281681061 0.827825546264648 0.556330680847168 0.573513746261597 0.870031952857971 0.909427464008331 0.877949178218842 0.899948000907898 0.938600361347198 0.957379639148712 0.903580069541931 0.864917457103729 0.821793258190155 0.714280068874359 0.725608229637146 0.693543195724487 0.648161113262177 0.59114670753479 0.536285221576691 0.515221774578094 0.482300311326981 0.472196280956268 0.514850795269012 0.591161489486694 0.618721008300781 0.666013419628143 0.686100363731384 0.703048884868622 0.721742212772369 0.754192411899567 0.766805350780487 0.780779778957367 0.816534638404846 0.851986944675446
0.719512283802032 0.908563435077667 0.770634055137634 0.445149511098862 0.370799094438553 0.428132116794586 0.316622704267502 0.446556895971298 0.450485527515411 0.470758467912674 0.37368255853653 0.442251533269882 0.503490328788757 0.592159628868103 0.699875950813293 0.725785493850708 0.812825083732605 0.79084849357605 0.772507786750793 0.853282809257507 0.91474974155426 0.941129267215729 0.9120734333992 0.861323773860931 0.912089943885803 0.95449036359787 0.884434223175049 0.7564497590065 0.744364380836487 0.746246993541718 0.708579480648041 0.629875659942627 0.567384243011475 0.525254011154175 0.452352613210678 0.420547842979431 0.40555739402771 0.451323360204697 0.491595238447189 0.524269640445709 0.570742428302765 0.596348643302917 0.641531705856323 0.642751514911652 0.676742851734161 0.697888672351837 0.7206090092659 0.750900983810425 0.789717733860016 0.827664434909821
