data/climate_estimation/maxent_output/Smilax_chingii.asc
NCOLS 215 
NROWS 108 
XLLCORNER 98.25 
YLLCORNER 22.25 
CELLSIZE 0.0833333333333333 
NODATA_value -3.4e+38 
[rows 40 to 59 of 108, columns 132 to 175 of 215]
0.608092427253723 0.598749279975891 0.563554286956787 0.541963636875153 0.524406135082245 0.500999689102173 0.474114507436752 0.493728399276733 0.471466571092606 0.469452887773514 0.473670452833176 0.479293316602707 0.502653300762177 0.473996579647064 0.457029789686203 0.456718742847443 0.417728632688522 0.44852802157402 0.48882594704628 0.478664398193359 0.453091651201248 0.446510851383209 0.342719674110413 0.307712018489838 0.205291301012039 0.212682917714119 0.230546802282333 0.227160602807999 0.212859988212585 0.179107323288918 0.129980608820915 0.107426181435585 0.105970986187458 0.0963214561343193 0.0876850932836533 0.0785036832094193 0.0713782384991646 0.0667257085442543 0.0659248679876328 0.0598506405949593 0.0620780102908611 0.0622505694627762 0.0625720396637917 0.0648035407066345
0.615529775619507 0.607289910316467 0.567254662513733 0.544297754764557 0.544849038124084 0.505418539047241 0.517754316329956 0.52339494228363 0.523418307304382 0.478826701641083 0.486767619848251 0.519217371940613 0.53665554523468 0.462113261222839 0.448584169149399 0.456975936889648 0.417888283729553 0.471429795026779 0.527257740497589 0.493649452924728 0.512360215187073 0.466994524002075 0.352367073297501 0.214700773358345 0.187040105462074 0.197824582457542 0.226759299635887 0.255720496177673 0.184299618005753 0.130897849798203 0.112651959061623 0.103403896093369 0.0864658579230309 0.0799567624926567 0.0721303969621658 0.0812524557113647 0.0702112317085266 0.0593672953546047 0.0601591989398003 0.0565301366150379 0.0557917654514313 0.0583914704620838 0.0615877285599709 0.0621112883090973
0.594743669033051 0.605645596981049 0.554879367351532 0.529541015625 0.518040597438812 0.524808168411255 0.532407999038696 0.527534365653992 0.494715750217438 0.511999845504761 0.483061045408249 0.515479207038879 0.50892162322998 0.436470776796341 0.4826320707798 0.497847437858582 0.444570541381836 0.437835782766342 0.54385232925415 0.54537832736969 0.461420089006424 0.403798073530197 0.366658180952072 0.20583476126194 0.180895924568176 0.182016924023628 0.192789733409882 0.184628650546074 0.143724754452705 0.119895868003368 0.116674058139324 0.100601516664028 0.0846701860427856 0.0789073556661606 0.0703024417161942 0.064936101436615 0.070029191672802 0.0576411969959736 0.0568962059915066 0.0576079897582531 0.0575954206287861 0.0611060112714767 0.0614072754979134 0.0664282962679863
0.653472661972046 0.590305805206299 0.579944372177124 0.573077082633972 0.603916049003601 0.573049426078796 0.558527767658234 0.570213496685028 0.540086090564728 0.509835004806519 0.532445311546326 0.555557787418365 0.468264609575272 0.471350193023682 0.538902461528778 0.478952765464783 0.463631719350815 0.529780030250549 0.522790491580963 0.541999161243439 0.405499249696732 0.38773375749588 0.262614607810974 0.258039444684982 0.221917301416397 0.201347336173058 0.172582447528839 0.167910322546959 0.144800201058388 0.137386292219162 0.106302194297314 0.100379765033722 0.0902692452073097 0.0787501111626625 0.0723839551210403 0.0685177519917488 0.0624811239540577 0.0587945654988289 0.06036027520895 0.0586056895554066 0.0607186928391457 0.0592134706676006 0.0614545382559299 0.0644963681697845
0.652023673057556 0.632576048374176 0.631337583065033 0.630491554737091 0.627467274665833 0.592184543609619 0.555929899215698 0.554806709289551 0.521944344043732 0.519047379493713 0.540871918201447 0.482688128948212 0.467694878578186 0.472237050533295 0.537727057933807 0.479683071374893 0.540817856788635 0.632347524166107 0.588671505451202 0.441779017448425 0.399811118841171 0.424098789691925 0.296808898448944 0.303261935710907 0.303694903850555 0.24094894528389 0.202451720833778 0.189544677734375 0.149216711521149 0.17151828110218 0.165340200066566 0.104265339672565 0.0885019600391388 0.0751545950770378 0.0705520734190941 0.0633155182003975 0.0651901438832283 0.066561333835125 0.0630862414836884 0.059547733515501 0.0611573159694672 0.0579379349946976 0.0663657709956169 0.0682167783379555
0.642008543014526 0.602103710174561 0.595020115375519 0.599578678607941 0.576627731323242 0.557922601699829 0.557707905769348 0.568911373615265 0.543864846229553 0.611707866191864 0.538505494594574 0.477977395057678 0.455158650875092 0.486446231603622 0.513174712657928 0.483204782009125 0.565967440605164 0.636938393115997 0.531933307647705 0.392306864261627 0.380229085683823 0.396543145179749 0.268157929182053 0.239766597747803 0.263394266366959 0.253501415252686 0.29592701792717 0.220943689346313 0.192138239741325 0.248948991298676 0.200024083256721 0.123243972659111 0.0938980057835579 0.0729659795761108 0.0730457156896591 0.0648140087723732 0.0653979852795601 0.0847264900803566 0.0681104063987732 0.0934991240501404 0.0922852531075478 0.094609908759594 0.104113593697548 0.0722900852560997
0.587190806865692 0.582645535469055 0.598843157291412 0.588024258613586 0.571340203285217 0.567825615406036 0.540974676609039 0.556377351284027 0.54432612657547 0.556156814098358 0.475238680839539 0.452904522418976 0.470186710357666 0.510892510414124 0.532575905323029 0.495920032262802 0.578621745109558 0.606661021709442 0.472176164388657 0.432985216379166 0.3597072660923 0.399097591638565 0.245566383004189 0.22682623565197 0.242407232522964 0.222433760762215 0.197530761361122 0.179214984178543 0.170870438218117 0.157418340444565 0.144972145557404 0.115682423114777 0.0865579918026924 0.0715391412377357 0.0672018229961395 0.0685895681381226 0.0814017727971077 0.0696958228945732 0.062026459723711 0.0949871316552162 0.0982369408011436 0.118785306811333 0.125147014856339 0.0655022189021111
0.635889828205109 0.630060613155365 0.622636914253235 0.584397614002228 0.583755671977997 0.573478698730469 0.525360465049744 0.527527272701263 0.56068217754364 0.50762802362442 0.451977908611298 0.461799949407578 0.478089183568954 0.564556300640106 0.519067704677582 0.591348767280579 0.50461083650589 0.436840116977692 0.384113043546677 0.408424228429794 0.358480215072632 0.271243959665298 0.241987004876137 0.207522720098495 0.207293078303337 0.200270295143127 0.186892107129097 0.178945481777191 0.160445421934128 0.142556101083755 0.124990455806255 0.105821542441845 0.089663028717041 0.0721343606710434 0.071606419980526 0.0698140785098076 0.0746942758560181 0.0637163445353508 0.0656070858240128 0.0995135009288788 0.118698507547379 0.128819569945335 0.14479623734951 0.0685840845108032
0.646937668323517 0.618538439273834 0.61749655008316 0.587688803672791 0.568328022956848 0.552705407142639 0.512734174728394 0.55153089761734 0.553836107254028 0.486474305391312 0.494758635759354 0.528692364692688 0.638073444366455 0.611692070960999 0.504156768321991 0.497380942106247 0.468284040689468 0.358319342136383 0.337742477655411 0.342815667390823 0.318459212779999 0.236761555075645 0.226854890584946 0.225478410720825 0.199652820825577 0.202732399106026 0.181295678019524 0.179257184267044 0.153262957930565 0.139458194375038 0.126374527812004 0.107421807944775 0.0947582721710205 0.0718424692749977 0.0674562081694603 0.0667112916707993 0.0608288608491421 0.0584746934473515 0.0542137660086155 0.0650501698255539 0.158264562487602 0.137922748923302 0.139733359217644 0.104222722351551
0.614822566509247 0.612186551094055 0.570616900920868 0.592884719371796 0.549967110157013 0.540551900863647 0.559284210205078 0.558568954467773 0.520654201507568 0.498663246631622 0.509880125522614 0.560159027576447 0.6595538854599 0.553547501564026 0.474045366048813 0.470484673976898 0.367173463106155 0.342045933008194 0.318376392126083 0.311126291751862 0.304728180170059 0.217608466744423 0.219855189323425 0.217034265398979 0.202109485864639 0.194603994488716 0.195783957839012 0.174849927425385 0.16089154779911 0.163697570562363 0.13422803580761 0.100069589912891 0.0885663256049156 0.0842545107007027 0.0653546154499054 0.0616960190236568 0.0606840848922729 0.0554787963628769 0.0531081445515156 0.0649002343416214 0.0816581398248672 0.10086440294981 0.0955451056361198 0.0640409141778946
0.586180508136749 0.587097644805908 0.590266644954681 0.575347304344177 0.579811036586761 0.579588115215302 0.562271296977997 0.576097667217255 0.535630464553833 0.52115797996521 0.611084520816803 0.526113748550415 0.631686389446259 0.47667720913887 0.465499013662338 0.375379413366318 0.341080874204636 0.329596012830734 0.333826571702957 0.328724533319473 0.300081372261047 0.287269443273544 0.207647383213043 0.206862300634384 0.195220112800598 0.204040795564651 0.198788434267044 0.18051865696907 0.177994444966316 0.169390812516212 0.142948135733604 0.103990249335766 0.0877391323447227 0.106110274791718 0.0888425260782242 0.0634582713246346 0.0595495589077473 0.0541492812335491 0.0563267469406128 0.0534099489450455 0.0539853870868683 0.0565620437264442 0.0583897456526756 0.0656084641814232
0.611805140972137 0.590261399745941 0.591565370559692 0.608894944190979 0.585836350917816 0.5692018866539 0.562323868274689 0.602063059806824 0.551824808120728 0.52133709192276 0.569510459899902 0.612552464008331 0.586466372013092 0.527983963489532 0.509702861309052 0.373175173997879 0.349774062633514 0.299153029918671 0.315301567316055 0.336126178503036 0.318132430315018 0.295476019382477 0.206204652786255 0.191088780760765 0.187342539429665 0.209855258464813 0.175144627690315 0.167851343750954 0.152962729334831 0.129671052098274 0.114567466080189 0.111745417118073 0.107002414762974 0.0862287431955338 0.0742626339197159 0.0660404562950134 0.0574769452214241 0.0568934567272663 0.0522230118513107 0.0521665774285793 0.0568990260362625 0.0593452714383602 0.0607046075165272 0.0706784203648567
0.642073690891266 0.601405620574951 0.570741415023804 0.601868808269501 0.589738249778748 0.582691669464111 0.583399772644043 0.599421918392181 0.527865409851074 0.527106404304504 0.615299344062805 0.657062709331512 0.605046033859253 0.474413931369781 0.434052050113678 0.420437961816788 0.322972357273102 0.30945160984993 0.361432760953903 0.348669409751892 0.317809730768204 0.310785919427872 0.281348198652267 0.183961555361748 0.204316765069962 0.196375116705894 0.180491834878922 0.213836073875427 0.144025772809982 0.110144101083279 0.096228301525116 0.0968687906861305 0.0948485434055328 0.0976280272006989 0.0874091610312462 0.0690131559967995 0.0619576536118984 0.0610427968204021 0.0590419732034206 0.0625229328870773 0.0694982036948204 0.0660601779818535 0.0634895488619804 0.066364698112011
0.622070670127869 0.62594997882843 0.60424280166626 0.603253245353699 0.574340879917145 0.59498542547226 0.579939901828766 0.57880425453186 0.537441194057465 0.536237478256226 0.595074653625488 0.613174378871918 0.558819234371185 0.45109611749649 0.529020428657532 0.450649082660675 0.339187294244766 0.330969840288162 0.37586584687233 0.356953561306 0.323810964822769 0.309965550899506 0.204539731144905 0.186363697052002 0.262311965227127 0.205259844660759 0.184529989957809 0.20696909725666 0.150054171681404 0.111380703747272 0.0939898639917374 0.0908058434724808 0.0854792222380638 0.0823078826069832 0.0783867388963699 0.0690873265266418 0.0661813467741013 0.0631678178906441 0.0628409013152122 0.0669705271720886 0.0697067379951477 0.0687499418854713 0.0664053112268448 0.071437694132328
0.659083604812622 0.629960834980011 0.644459307193756 0.625775575637817 0.616050958633423 0.575434029102325 0.603850841522217 0.597373604774475 0.570094108581543 0.57579094171524 0.590764105319977 0.612909495830536 0.530742704868317 0.562594354152679 0.49594447016716 0.376600742340088 0.349466234445572 0.332874536514282 0.389736294746399 0.376291453838348 0.325155705213547 0.290358662605286 0.224519088864326 0.232137739658356 0.370612412691116 0.185470148921013 0.181340575218201 0.139317318797112 0.122502908110619 0.113295003771782 0.0973410382866859 0.109387792646885 0.105185501277447 0.0846431478857994 0.0782413110136986 0.0759753212332726 0.0756741315126419 0.0722952112555504 0.0735078379511833 0.0678052976727486 0.0723378360271454 0.0769818052649498 0.0726779326796532 0.0707982853055
0.685837209224701 0.699772238731384 0.686847567558289 0.648539304733276 0.636693954467773 0.630648195743561 0.632698655128479 0.649957001209259 0.617338597774506 0.59654825925827 0.558921754360199 0.566590249538422 0.538826286792755 0.632200419902802 0.45664656162262 0.465516537427902 0.492176115512848 0.372105807065964 0.396466612815857 0.391120284795761 0.325055241584778 0.328589051961899 0.510423839092255 0.254092514514923 0.339608192443848 0.178359627723694 0.13660004734993 0.130129873752594 0.118131414055824 0.109753593802452 0.0966398939490318 0.0893388763070107 0.126833871006966 0.0902053490281105 0.088064432144165 0.0781550630927086 0.076088160276413 0.075709842145443 0.0760263726115227 0.0762253254652023 0.0745860040187836 0.0744670927524567 0.0782381445169449 0.0789746567606926
0.712333142757416 0.729054033756256 0.741771161556244 0.689587295055389 0.650543630123138 0.639848232269287 0.704919636249542 0.665443658828735 0.640918374061584 0.597277224063873 0.584131181240082 0.584083378314972 0.589099884033203 0.580106198787689 0.614906251430511 0.61845737695694 0.561034440994263 0.427055507898331 0.402819365262985 0.387813001871109 0.349178642034531 0.459167838096619 0.383388191461563 0.280944466590881 0.281345695257187 0.225708603858948 0.135002240538597 0.126967072486877 0.111591070890427 0.10603641718626 0.0998103693127632 0.100724190473557 0.11272756755352 0.116337276995182 0.0880525708198547 0.0841199532151222 0.0773066580295563 0.0762996450066566 0.0766036212444305 0.08182742446661 0.0769799277186394 0.077081136405468 0.0759981349110603 0.0809593796730042
0.755363821983337 0.800859987735748 0.73847770690918 0.734847366809845 0.695256054401398 0.738016724586487 0.727238535881042 0.689576745033264 0.683234035968781 0.680634319782257 0.773351669311523 0.739648997783661 0.654259979724884 0.643945038318634 0.676079213619232 0.680426120758057 0.573909044265747 0.499742865562439 0.410647809505463 0.330590307712555 0.495370656251907 0.549002647399902 0.261712402105331 0.22651594877243 0.205737724900246 0.185040503740311 0.138295829296112 0.130582854151726 0.119120113551617 0.111572712659836 0.108493767678738 0.102265909314156 0.102098241448402 0.100640431046486 0.0927516594529152 0.0932319462299347 0.08723483979702 0.0810448154807091 0.0839431211352348 0.0858405530452728 0.0778628438711166 0.0866874232888222 0.0872696042060852 0.0789412558078766
0.81914609670639 0.775392889976501 0.749655842781067 0.751703023910522 0.742255747318268 0.731316328048706 0.712407767772675 0.710816502571106 0.775336742401123 0.828275978565216 0.81615686416626 0.753605902194977 0.690173983573914 0.62921530008316 0.720605432987213 0.709576070308685 0.67059999704361 0.538022577762604 0.500697910785675 0.490161627531052 0.631418943405151 0.509765803813934 0.220186457037926 0.206100329756737 0.174118801951408 0.225706651806831 0.144715055823326 0.136521548032761 0.124434538185596 0.12228774279356 0.112383797764778 0.111454866826534 0.114915549755096 0.107442297041416 0.109884306788445 0.0948090106248856 0.0984237194061279 0.094764731824398 0.0900496914982796 0.0886779576539993 0.084173783659935 0.0857418105006218 0.0899262279272079 0.0864807441830635
0.858270764350891 0.8486368060112 0.823828101158142 0.801831066608429 0.761030733585358 0.768501281738281 0.777526378631592 0.765618145465851 0.834113776683807 0.816970765590668 0.803542137145996 0.743517160415649 0.662715017795563 0.665684640407562 0.708987176418304 0.715575993061066 0.687517940998077 0.477370947599411 0.412790447473526 0.625302910804749 0.60517805814743 0.462851792573929 0.255595862865448 0.226066187024117 0.198160260915756 0.234367981553078 0.142175331711769 0.130889549851418 0.131470426917076 0.134938046336174 0.134796977043152 0.168680593371391 0.140675455331802 0.148153349757195 0.132508173584938 0.133975774049759 0.109911859035492 0.10644643753767 0.103754833340645 0.13576652109623 0.094572439789772 0.0969665795564651 0.10373879224062 0.0986125767230988
