data/climate_estimation/maxent_output/Smilax_outanscianensis.asc
NCOLS 160 
NROWS 76 
XLLCORNER 102.416666666667 
YLLCORNER 26.1666666666667 
CELLSIZE 0.0833333333333333 
NODATA_value -3.4e+38 
[rows 20 to 39 of 76, columns 44 to 87 of 160]
0.858786165714264 0.883495330810547 0.881585657596588 0.881909847259521 0.921398997306824 0.922717928886414 0.931437492370605 0.908849239349365 0.906631648540497 0.905761301517487 0.902059078216553 0.956142365932465 0.955959856510162 0.955119252204895 0.974584102630615 0.973035752773285 0.980115532875061 0.982662618160248 0.978866159915924 0.988370478153229 0.988133013248444 0.988823592662811 0.994629204273224 0.984531402587891 0.973470330238342 0.991145253181458 0.993348777294159 0.9938805103302 0.994259297847748 0.991315245628357 0.990490198135376 0.990031123161316 0.991518020629883 0.991853356361389 0.98385226726532 0.98725563287735 0.926536440849304 0.911745727062225 0.954550266265869 0.887658894062042 0.915744245052338 0.908454954624176 0.539344310760498 0.543886005878448
0.817080736160278 0.880716979503632 0.880486965179443 0.893408119678497 0.891521871089935 0.893446743488312 0.908163070678711 0.885173916816711 0.880706787109375 0.876162767410278 0.887532413005829 0.944139719009399 0.959694385528564 0.953763067722321 0.966399013996124 0.972397863864899 0.981054961681366 0.972376048564911 0.987615585327148 0.989132761955261 0.989889144897461 0.983357131481171 0.977110326290131 0.984360635280609 0.990766823291779 0.99051433801651 0.992948532104492 0.993657946586609 0.992416441440582 0.984324872493744 0.991492748260498 0.98587840795517 0.983404397964478 0.990303039550781 0.982948362827301 0.969558298587799 0.935635685920715 0.868567109107971 0.788832247257233 0.879860937595367 0.793841063976288 0.421844601631165 0.557794690132141 0.811469256877899
0.791045486927032 0.818065702915192 0.844659566879272 0.872466683387756 0.861855149269104 0.868282496929169 0.881554067134857 0.869771361351013 0.848969042301178 0.827169239521027 0.881481647491455 0.936773657798767 0.91985034942627 0.938305497169495 0.962249457836151 0.976020932197571 0.970507681369781 0.977048516273499 0.982912421226501 0.986621856689453 0.976830124855042 0.985108733177185 0.991308212280273 0.988287150859833 0.985823392868042 0.990417301654816 0.993711292743683 0.990452170372009 0.98187643289566 0.98675662279129 0.98648327589035 0.955789089202881 0.951945841312408 0.978708207607269 0.943219363689423 0.978303253650665 0.849800586700439 0.691329956054688 0.699624180793762 0.674934864044189 0.734426975250244 0.803041219711304 0.897065281867981 0.957712471485138
0.79471343755722 0.820947706699371 0.822037637233734 0.840253293514252 0.836983621120453 0.825053334236145 0.820235848426819 0.808555126190186 0.821252346038818 0.836457133293152 0.931526958942413 0.93127304315567 0.896476686000824 0.948311686515808 0.94467955827713 0.969565987586975 0.968811988830566 0.975748538970947 0.979618906974792 0.972646117210388 0.985162615776062 0.986097395420074 0.985272586345673 0.988075435161591 0.987428426742554 0.990677177906036 0.990631997585297 0.95975399017334 0.978386282920837 0.964429020881653 0.940014183521271 0.915712773799896 0.950641810894012 0.877012610435486 0.926333367824554 0.653878927230835 0.412111163139343 0.454860895872116 0.554158866405487 0.586245059967041 0.810133159160614 0.922214508056641 0.956405580043793 0.956494867801666
0.793165326118469 0.786131083965302 0.801790297031403 0.798998355865479 0.798403918743134 0.815490543842316 0.772373974323273 0.776531934738159 0.791425824165344 0.867646396160126 0.906519711017609 0.880943238735199 0.930041253566742 0.888127267360687 0.916743099689484 0.952626764774323 0.962807595729828 0.973669707775116 0.973075807094574 0.972995579242706 0.980949759483337 0.983057618141174 0.983054518699646 0.982059240341187 0.988569438457489 0.989085376262665 0.977947175502777 0.960482180118561 0.963328540325165 0.92770516872406 0.827802002429962 0.827525556087494 0.842573404312134 0.867430448532104 0.726435542106628 0.567783713340759 0.5877805352211 0.62881475687027 0.414518415927887 0.870320022106171 0.949488162994385 0.974211990833282 0.966140389442444 0.951919317245483
0.797999620437622 0.753676891326904 0.749373495578766 0.765110731124878 0.765551507472992 0.742643892765045 0.722095251083374 0.719356179237366 0.845881104469299 0.894709229469299 0.833461463451385 0.870557308197021 0.897090971469879 0.896421015262604 0.944578349590302 0.942054271697998 0.939552068710327 0.969800055027008 0.966685354709625 0.976627886295319 0.978050470352173 0.981120049953461 0.980271577835083 0.981497764587402 0.986000001430511 0.987804055213928 0.936608254909515 0.946572422981262 0.83739310503006 0.856275379657745 0.718253195285797 0.752332448959351 0.857017815113068 0.795722842216492 0.679074048995972 0.716657280921936 0.839811205863953 0.852795660495758 0.848340690135956 0.953072130680084 0.961075603961945 0.974110841751099 0.931728005409241 0.94611120223999
0.781983435153961 0.734424412250519 0.730820000171661 0.73507684469223 0.750373244285583 0.687319815158844 0.707751631736755 0.727177977561951 0.875209331512451 0.798482954502106 0.824289619922638 0.84196674823761 0.884132623672485 0.866874158382416 0.912396311759949 0.910682380199432 0.925578892230988 0.959802687168121 0.971366882324219 0.971256673336029 0.97281688451767 0.972612917423248 0.977190315723419 0.980405151844025 0.986257791519165 0.958863496780396 0.890315294265747 0.746436357498169 0.708937883377075 0.751142561435699 0.694379031658173 0.866626799106598 0.865818917751312 0.849971115589142 0.869101703166962 0.812123119831085 0.898396134376526 0.80982118844986 0.846667349338531 0.887866973876953 0.980599462985992 0.968804955482483 0.915076375007629 0.947271347045898
0.774829208850861 0.728192269802094 0.705296754837036 0.709674179553986 0.694103121757507 0.670838952064514 0.713667750358582 0.747643232345581 0.8408562541008 0.81230890750885 0.863815188407898 0.880641877651215 0.885840594768524 0.884071588516235 0.906851887702942 0.919171869754791 0.922896683216095 0.922930181026459 0.953391373157501 0.954623937606812 0.968854546546936 0.960579097270966 0.977143943309784 0.978323638439178 0.973976612091064 0.876134991645813 0.87750506401062 0.639328598976135 0.617761790752411 0.649309158325195 0.670304358005524 0.761097133159637 0.801021873950958 0.786622166633606 0.732307732105255 0.758543372154236 0.719074249267578 0.831937551498413 0.857592642307281 0.957281947135925 0.974281966686249 0.959027588367462 0.948673367500305 0.772247612476349
0.763755083084106 0.703325867652893 0.663954615592957 0.670969665050507 0.653567135334015 0.693914592266083 0.731748819351196 0.836761176586151 0.809128820896149 0.811388790607452 0.870875477790833 0.884510040283203 0.831585824489594 0.912299156188965 0.915512681007385 0.9162557721138 0.923131048679352 0.900759518146515 0.918180763721466 0.944898426532745 0.958599150180817 0.962560057640076 0.971630096435547 0.949984312057495 0.904210150241852 0.930330216884613 0.833069264888763 0.743268609046936 0.678048014640808 0.635731995105743 0.768877506256104 0.858439564704895 0.84443610906601 0.724890470504761 0.681414842605591 0.893223762512207 0.888348639011383 0.830615758895874 0.759882092475891 0.962555229663849 0.967276990413666 0.931054294109344 0.935093700885773 0.832379877567291
0.719433665275574 0.678870022296906 0.642500877380371 0.63178014755249 0.669187128543854 0.699389755725861 0.783374190330505 0.754801452159882 0.81027615070343 0.86191189289093 0.891757369041443 0.821517109870911 0.895611822605133 0.919577121734619 0.909170627593994 0.924433767795563 0.910008251667023 0.936877310276031 0.943547964096069 0.942436635494232 0.931151688098907 0.96361893415451 0.949657022953033 0.893336057662964 0.947523832321167 0.907718181610107 0.755691349506378 0.747141718864441 0.677051961421967 0.585351586341858 0.786543309688568 0.918219029903412 0.891109585762024 0.752203166484833 0.899462759494781 0.945941030979156 0.841289162635803 0.869792282581329 0.87304276227951 0.93174809217453 0.948764026165009 0.940752029418945 0.885787844657898 0.719991445541382
0.70135372877121 0.662343561649323 0.627640843391418 0.63560950756073 0.684422492980957 0.725278913974762 0.771745324134827 0.755933046340942 0.828834414482117 0.873298108577728 0.869706809520721 0.883216440677643 0.912892401218414 0.914634943008423 0.936701238155365 0.918527007102966 0.932176411151886 0.958269000053406 0.913724720478058 0.928366005420685 0.958387851715088 0.95127660036087 0.886401653289795 0.939840018749237 0.923381388187408 0.81366091966629 0.696398258209229 0.602219104766846 0.826702833175659 0.672327637672424 0.802947163581848 0.913684248924255 0.887080550193787 0.855167925357819 0.915648460388184 0.868922770023346 0.896737098693848 0.923261284828186 0.826896786689758 0.891147971153259 0.953342080116272 0.939428925514221 0.843242526054382 0.732361912727356
0.692887485027313 0.673481285572052 0.708337306976318 0.688542306423187 0.750443696975708 0.764157712459564 0.777989387512207 0.812973618507385 0.856595158576965 0.897614717483521 0.872155249118805 0.924736678600311 0.925800383090973 0.934989452362061 0.912488579750061 0.92023378610611 0.963462471961975 0.963616073131561 0.942659795284271 0.968129515647888 0.935533344745636 0.904742062091827 0.92521858215332 0.924411177635193 0.865046620368958 0.761870682239532 0.735920190811157 0.792148530483246 0.756235659122467 0.872021734714508 0.917359352111816 0.937261939048767 0.903763592243195 0.897029638290405 0.917611062526703 0.889254689216614 0.943837761878967 0.889152944087982 0.866329252719879 0.935084998607635 0.905023574829102 0.816645860671997 0.785631775856018 0.776891469955444
0.69801539182663 0.732392847537994 0.665372550487518 0.695059299468994 0.757079124450684 0.836052060127258 0.839021682739258 0.866142749786377 0.877709627151489 0.915279626846313 0.915195941925049 0.927211403846741 0.933691143989563 0.917692005634308 0.934269785881042 0.945919990539551 0.955471038818359 0.883724212646484 0.880329668521881 0.899221420288086 0.907785594463348 0.915183067321777 0.87815922498703 0.839494228363037 0.639921188354492 0.509031653404236 0.756393671035767 0.851076006889343 0.774846076965332 0.941465020179749 0.910548448562622 0.896656692028046 0.861467957496643 0.917390882968903 0.923617899417877 0.935865104198456 0.952897787094116 0.915550768375397 0.900327026844025 0.805664837360382 0.882846772670746 0.893852710723877 0.860511720180511 0.743814587593079
0.715755939483643 0.708634793758392 0.664347112178802 0.750930905342102 0.795852482318878 0.83850771188736 0.858721494674683 0.889781832695007 0.914562225341797 0.911675155162811 0.919734060764313 0.906489908695221 0.938463270664215 0.950242280960083 0.946981251239777 0.95039564371109 0.909423470497131 0.8907470703125 0.851243138313293 0.80234968662262 0.87951785326004 0.669505298137665 0.772380709648132 0.781215310096741 0.544997870922089 0.581477403640747 0.839196503162384 0.861424267292023 0.903946042060852 0.937825083732605 0.9276123046875 0.893660724163055 0.735890984535217 0.867701888084412 0.93562525510788 0.954980134963989 0.914652824401855 0.926432490348816 0.876936852931976 0.899076819419861 0.932921528816223 0.940816879272461 0.889565169811249 0.734319448471069
0.731588006019592 0.645541489124298 0.697732031345367 0.75616854429245 0.821638882160187 0.87078595161438 0.910158097743988 0.909444093704224 0.923047661781311 0.93046647310257 0.907028317451477 0.929817616939545 0.927665770053864 0.899293720722198 0.916757166385651 0.940331697463989 0.948520541191101 0.948237121105194 0.819037854671478 0.516966581344604 0.644367277622223 0.671496272087097 0.650448322296143 0.680823087692261 0.698443174362183 0.822361290454865 0.840707242488861 0.829117357730865 0.918615102767944 0.949012458324432 0.913681924343109 0.855259418487549 0.920387148857117 0.928025484085083 0.939478099346161 0.919289529323578 0.885521113872528 0.893155455589294 0.923185706138611 0.949754297733307 0.957147419452667 0.94861775636673 0.828452289104462 0.772801637649536
0.687834978103638 0.677455067634583 0.712230205535889 0.733222782611847 0.825060904026031 0.891074120998383 0.895335137844086 0.918695151805878 0.921086668968201 0.930660486221313 0.896607220172882 0.89362645149231 0.883091568946838 0.871705174446106 0.862798690795898 0.912390112876892 0.943454682826996 0.845780909061432 0.435071021318436 0.490374356508255 0.376451134681702 0.78608226776123 0.804137229919434 0.786599814891815 0.771627128124237 0.8522629737854 0.894181847572327 0.902737617492676 0.949733793735504 0.939463496208191 0.917685270309448 0.89240288734436 0.93127167224884 0.908583104610443 0.870384871959686 0.820549488067627 0.913009166717529 0.950922310352325 0.962647497653961 0.960790455341339 0.967531442642212 0.953930258750916 0.761668801307678 0.88809996843338
0.682689189910889 0.697844862937927 0.736521482467651 0.752347886562347 0.821603000164032 0.873867928981781 0.887329280376434 0.905891239643097 0.925885617733002 0.93364405632019 0.898801028728485 0.85007506608963 0.871043264865875 0.856790721416473 0.816606879234314 0.931906521320343 0.80651843547821 0.846702873706818 0.628409504890442 0.494509100914001 0.666864275932312 0.733081638813019 0.908480763435364 0.896989047527313 0.866591274738312 0.873234212398529 0.945683479309082 0.914133191108704 0.921218514442444 0.912991464138031 0.876514852046967 0.923987209796906 0.952299416065216 0.859665334224701 0.734322845935822 0.822801411151886 0.946866869926453 0.957848787307739 0.960539162158966 0.966639757156372 0.964483916759491 0.920620620250702 0.810581386089325 0.905654013156891
0.661716103553772 0.713967323303223 0.742050170898438 0.790419340133667 0.843303680419922 0.859723031520844 0.881307899951935 0.892646670341492 0.908011019229889 0.917269945144653 0.864990174770355 0.824007034301758 0.849257469177246 0.891251623630524 0.903458058834076 0.892200410366058 0.872484624385834 0.925167202949524 0.897527873516083 0.856784045696259 0.888676404953003 0.88544374704361 0.942443490028381 0.902145266532898 0.929987668991089 0.942782044410706 0.901720225811005 0.8548783659935 0.749951124191284 0.693863153457642 0.895086586475372 0.912939667701721 0.948077201843262 0.822134256362915 0.648808479309082 0.859478116035461 0.941386163234711 0.950155138969421 0.950083911418915 0.962483167648315 0.928032457828522 0.876704037189484 0.938717722892761 0.926743686199188
0.694720029830933 0.71704775094986 0.767356038093567 0.797601222991943 0.825461030006409 0.862688004970551 0.876761674880981 0.859437704086304 0.905425786972046 0.889419496059418 0.863799691200256 0.872928500175476 0.89471822977066 0.890443682670593 0.908394873142242 0.824093878269196 0.895405888557434 0.747982621192932 0.667818069458008 0.905346035957336 0.928497433662415 0.910193264484406 0.8485466837883 0.859698712825775 0.928986132144928 0.900256156921387 0.814958453178406 0.830558300018311 0.823459565639496 0.914063990116119 0.917026400566101 0.910541236400604 0.895417988300323 0.697901904582977 0.849833607673645 0.927060544490814 0.94526344537735 0.958439111709595 0.965413093566895 0.920457124710083 0.905758082866669 0.884477376937866 0.950398027896881 0.936716973781586
0.705687284469604 0.720146000385284 0.782866060733795 0.78932523727417 0.828023791313171 0.835209965705872 0.853071868419647 0.790609002113342 0.893492817878723 0.861403286457062 0.86886990070343 0.868529736995697 0.907469689846039 0.87973541021347 0.840129315853119 0.627080321311951 0.592737257480621 0.55068701505661 0.570631623268127 0.762044310569763 0.840686619281769 0.920754909515381 0.758393347263336 0.766821682453156 0.910965859889984 0.919240832328796 0.929397404193878 0.913803100585938 0.934836864471436 0.920267820358276 0.909216165542603 0.839980125427246 0.903611660003662 0.864008665084839 0.871541023254395 0.936862885951996 0.961866140365601 0.966885328292847 0.947025120258331 0.931191980838776 0.883423626422882 0.920578420162201 0.93276035785675 0.947682976722717
