data/climate_estimation/maxent_output/Smilax_elegans.asc
NCOLS 464 
NROWS 177 
XLLCORNER 71.6666666666667 
YLLCORNER 20.9166666666667 
CELLSIZE 0.0833333333333333 
NODATA_value -3.4e+38 
[rows 76 to 94 of 177, columns 176 to 219 of 464]
0.0130650764331222 0.0199818555265665 0.0526120029389858 0.0488228797912598 0.0343893580138683 0.0271344594657421 0.024342579767108 0.0339758805930614 0.0398221574723721 0.0738150030374527 0.104794636368752 0.0600095242261887 0.0367576293647289 0.0581049509346485 0.055264063179493 0.0682263746857643 0.152586430311203 0.309637576341629 0.131115689873695 0.06948471814394 0.0497106835246086 0.282291740179062 0.261626332998276 0.135729119181633 0.260012477636337 0.0854191482067108 0.0710200890898705 0.199510216712952 0.151178628206253 0.184202075004578 0.266651272773743 0.160696148872375 0.133543848991394 0.140144139528275 0.151819005608559 0.179763615131378 0.161289304494858 0.0926366522908211 0.0795631781220436 0.0325717814266682 0.0654804334044456 0.105673663318157 0.0512394197285175 0.0260894261300564
0.0403572581708431 0.0701403543353081 0.0895753875374794 0.102964036166668 0.107023447751999 0.113741271197796 0.101411134004593 0.0379513241350651 0.0366016961634159 0.0393520444631577 0.0698594152927399 0.0760135129094124 0.0874316617846489 0.0929038748145103 0.0318932123482227 0.0979050472378731 0.338561326265335 0.213806346058846 0.185525983572006 0.0874414145946503 0.122949928045273 0.17822203040123 0.23428313434124 0.197435602545738 0.26286056637764 0.208916634321213 0.126821607351303 0.146129444241524 0.146809309720993 0.216001406311989 0.273222029209137 0.235681354999542 0.17778292298317 0.194997265934944 0.151443883776665 0.0462554767727852 0.0268409848213196 0.0506987050175667 0.0268886107951403 0.0156971458345652 0.0181976612657309 0.0514014847576618 0.0852934792637825 0.0424741320312023
0.0202231351286173 0.0237479992210865 0.0306302849203348 0.0639378949999809 0.0399159491062164 0.0359819382429123 0.0325411036610603 0.0408495515584946 0.0424983091652393 0.051519975066185 0.0836452171206474 0.0420304015278816 0.0921454727649689 0.14617982506752 0.205657958984375 0.342708766460419 0.333647221326828 0.150450199842453 0.107052877545357 0.0988813638687134 0.156521037220955 0.157483085989952 0.128673285245895 0.0371083542704582 0.179748207330704 0.238976448774338 0.139175072312355 0.12415212392807 0.192121908068657 0.142769604921341 0.123874217271805 0.151527807116508 0.12678000330925 0.0706184357404709 0.0930012688040733 0.104065537452698 0.0620832890272141 0.0852127820253372 0.0858032777905464 0.0648453235626221 0.0314863957464695 0.0470491833984852 0.0612351223826408 0.0442451797425747
0.0754909440875053 0.0274038445204496 0.026767311617732 0.0293747093528509 0.0346934571862221 0.0197170861065388 0.0282930098474026 0.0244015380740166 0.0203842036426067 0.0159187503159046 0.0165095534175634 0.0166066121309996 0.0158281121402979 0.0290753543376923 0.0474295653402805 0.127042353153229 0.180359542369843 0.190250739455223 0.234597027301788 0.109160088002682 0.0988853424787521 0.0852610170841217 0.0860435217618942 0.0672715082764626 0.153481796383858 0.261325180530548 0.207060739398003 0.0721665322780609 0.109171703457832 0.0647715553641319 0.0860957056283951 0.0646678954362869 0.0366248302161694 0.0490915849804878 0.125196695327759 0.116539813578129 0.0952160209417343 0.118508607149124 0.0639586001634598 0.0380431227385998 0.0306383818387985 0.0252148751169443 0.0434606038033962 0.0182364378124475
0.122617691755295 0.0531495846807957 0.0294704549014568 0.0335958451032639 0.0339019298553467 0.023748904466629 0.022184519097209 0.0218114275485277 0.0192831307649612 0.0135016953572631 0.0150382472202182 0.0149899423122406 0.0182486344128847 0.0176480375230312 0.0348103903234005 0.100021526217461 0.0776340961456299 0.0582665577530861 0.0707999765872955 0.128897577524185 0.0700665637850761 0.0610716380178928 0.0630638003349304 0.0810859575867653 0.148445531725883 0.12704810500145 0.143796131014824 0.0560784041881561 0.0514398999512196 0.0521871112287045 0.0422895103693008 0.0417658239603043 0.047297827899456 0.0594819337129593 0.109908543527126 0.0438725724816322 0.0257712006568909 0.0555481165647507 0.0975347757339478 0.0535010136663914 0.0559824854135513 0.0457860194146633 0.0188322477042675 0.0212961733341217
0.145896717905998 0.0951066240668297 0.0277874264866114 0.0274199619889259 0.0383460745215416 0.0305961556732655 0.0256162788718939 0.0208084899932146 0.0200060959905386 0.0250684600323439 0.0204507187008858 0.0196491070091724 0.0201204977929592 0.0244399439543486 0.0235251374542713 0.029129646718502 0.0468265451490879 0.0671620666980743 0.0829177722334862 0.112889043986797 0.099463552236557 0.0553305484354496 0.0345788225531578 0.0222056303173304 0.0612805038690567 0.0604742057621479 0.11041846871376 0.0635928139090538 0.0509466528892517 0.059516653418541 0.0509302578866482 0.0491142868995667 0.0366673804819584 0.0780376046895981 0.0545318908989429 0.0722293257713318 0.0336321033537388 0.0650551542639732 0.0948687568306923 0.0901312902569771 0.064958818256855 0.0399407595396042 0.0312224049121141 0.0368225909769535
0.18488897383213 0.0825871229171753 0.024575112387538 0.0574984401464462 0.100855022668839 0.0839319080114365 0.036868579685688 0.0277409199625254 0.0354021228849888 0.0280368998646736 0.0373362004756927 0.0334287881851196 0.0233183689415455 0.0156636461615562 0.01788573525846 0.0130133554339409 0.0166291259229183 0.0584584027528763 0.0996654853224754 0.0432088859379292 0.0266847256571054 0.019675899296999 0.0347780548036098 0.0151522327214479 0.0245964303612709 0.0284162797033787 0.0570378564298153 0.0405138768255711 0.0527359433472157 0.056997612118721 0.0410750769078732 0.03546142578125 0.0257938392460346 0.0475466437637806 0.0343169495463371 0.0508986786007881 0.0342968590557575 0.0347393415868282 0.0352163836359978 0.0563384331762791 0.0390855595469475 0.0283736325800419 0.0386737026274204 0.0372187495231628
0.173732861876488 0.149555698037148 0.0525899305939674 0.146407499909401 0.111476115882397 0.0689277276396751 0.0748868435621262 0.0560364909470081 0.06509879976511 0.0555085875093937 0.0857415571808815 0.0512553453445435 0.0223471354693174 0.0205636061728001 0.0283198151737452 0.0221776701509953 0.0373185575008392 0.0967565923929214 0.0816418826580048 0.0311336293816566 0.0299472473561764 0.0231571607291698 0.0278065875172615 0.0185599122196436 0.0209417194128036 0.0230155102908611 0.0328664593398571 0.0471357405185699 0.0488711819052696 0.0582795292139053 0.0422463193535805 0.0435092896223068 0.0326927118003368 0.033183254301548 0.0294383112341166 0.0337542518973351 0.0291061121970415 0.0184932164847851 0.0291872080415487 0.043051689863205 0.0213447958230972 0.0150738470256329 0.045506551861763 0.0419297367334366
0.0911863073706627 0.156494915485382 0.143067866563797 0.190576896071434 0.160680770874023 0.154830202460289 0.121105872094631 0.120080515742302 0.118441760540009 0.135889530181885 0.118706464767456 0.129785850644112 0.115694001317024 0.153763711452484 0.164245188236237 0.0879841148853302 0.113949038088322 0.129516005516052 0.249353125691414 0.168006464838982 0.0795890688896179 0.0787849128246307 0.0624292865395546 0.0281911510974169 0.0241672769188881 0.0278529524803162 0.0483130216598511 0.0689597055315971 0.0278973691165447 0.0373322293162346 0.0370115302503109 0.0462459400296211 0.0427579879760742 0.048476692289114 0.0422360673546791 0.0410181097686291 0.038665134459734 0.034314900636673 0.032160360366106 0.0278526861220598 0.031840942800045 0.0193849951028824 0.0522373914718628 0.0246328581124544
0.0569533295929432 0.134025782346725 0.223682671785355 0.214505210518837 0.104899786412716 0.0655888468027115 0.0945105254650116 0.0971707329154015 0.089985303580761 0.0792366042733192 0.068397119641304 0.0612524412572384 0.131723180413246 0.332545131444931 0.268156319856644 0.134521976113319 0.275927573442459 0.318065524101257 0.237104833126068 0.150401994585991 0.168451741337776 0.163899466395378 0.0985386893153191 0.0799444317817688 0.0783668681979179 0.0797913670539856 0.0650041624903679 0.0793773457407951 0.0250946823507547 0.0263521689921618 0.023683063685894 0.0372027605772018 0.0451317764818668 0.039965782314539 0.036087404936552 0.0417838767170906 0.0454045608639717 0.031770147383213 0.0216822437942028 0.0373223274946213 0.0416816659271717 0.0349462479352951 0.0496707409620285 0.0246369019150734
0.0403392463922501 0.0999246314167976 0.142623126506805 0.184177443385124 0.112627409398556 0.0745986625552177 0.0900364965200424 0.136276409029961 0.144778043031693 0.114509724080563 0.0708322748541832 0.0310663301497698 0.0717853009700775 0.159460842609406 0.134211257100105 0.346339523792267 0.262544095516205 0.315451920032501 0.290333092212677 0.158217012882233 0.100143730640411 0.110214926302433 0.156504049897194 0.160169944167137 0.151680916547775 0.111386127769947 0.0882262662053108 0.10046660900116 0.056769285351038 0.0388823412358761 0.0313382111489773 0.0375546105206013 0.0646146610379219 0.0629354491829872 0.037973690778017 0.0421394146978855 0.0453407727181911 0.029893783852458 0.0384000651538372 0.0470107421278954 0.0238076858222485 0.0296583250164986 0.0458457469940186 0.0370753295719624
0.0213380213826895 0.0206940751522779 0.0632898733019829 0.130534261465073 0.0686892345547676 0.0626655593514442 0.11146168410778 0.187492042779922 0.158903077244759 0.190545201301575 0.147649720311165 0.0924438163638115 0.0719958692789078 0.0940404906868935 0.207133024930954 0.173536166548729 0.0512814819812775 0.372494012117386 0.239394977688789 0.0921130776405334 0.0959794297814369 0.128758028149605 0.150824293494225 0.148386254906654 0.144086495041847 0.138617813587189 0.11596367508173 0.0993667095899582 0.0580584965646267 0.050559014081955 0.0460576005280018 0.0488921292126179 0.0604409463703632 0.0707688480615616 0.0757877454161644 0.0647850036621094 0.0639086365699768 0.0450849160552025 0.0414648316800594 0.0303493961691856 0.0361042134463787 0.0299788899719715 0.0392446666955948 0.020451383665204
0.0143319657072425 0.031636655330658 0.0463663004338741 0.0677483007311821 0.0345787219703197 0.0800151899456978 0.130078330636024 0.140640020370483 0.0879413038492203 0.04364263266325 0.0583475045859814 0.14106622338295 0.606357872486115 0.175831958651543 0.0442340597510338 0.0250736810266972 0.0643270090222359 0.325662136077881 0.319301396608353 0.0646275579929352 0.11029364168644 0.236547753214836 0.242303043603897 0.187487974762917 0.166965797543526 0.150750041007996 0.0945891663432121 0.0665990188717842 0.0776146873831749 0.0786429047584534 0.068031445145607 0.0629605129361153 0.0651107430458069 0.0807868614792824 0.0985093414783478 0.104637622833252 0.102511323988438 0.0723432824015617 0.0693482160568237 0.0654777586460114 0.0473032891750336 0.0281786639243364 0.0268124286085367 0.0182345695793629
0.06062076613307 0.0945431292057037 0.0497862175107002 0.0346091575920582 0.010882368311286 0.0445998720824718 0.0347112901508808 0.051956981420517 0.0474237687885761 0.0752368792891502 0.104769423604012 0.147339567542076 0.602741479873657 0.0468403361737728 0.0471815802156925 0.019462775439024 0.196777701377869 0.316778510808945 0.215024754405022 0.246528953313828 0.29684516787529 0.268161982297897 0.225748509168625 0.160404741764069 0.147840857505798 0.122592411935329 0.107457809150219 0.0735673904418945 0.0665905177593231 0.0804016292095184 0.0654226243495941 0.055908627808094 0.0830820053815842 0.0831462144851685 0.07367292791605 0.0814698413014412 0.0946309417486191 0.0945272445678711 0.0581485107541084 0.0541143864393234 0.0403468385338783 0.0265821423381567 0.025721563026309 0.0130093106999993
0.35678231716156 0.171505808830261 0.0570583716034889 0.0138830216601491 0.00792620703577995 0.0137755842879415 0.0266538187861443 0.0102031473070383 0.0199914686381817 0.0607880055904388 0.0903413593769073 0.404137343168259 0.635421097278595 0.0992893204092979 0.0853125602006912 0.0494320802390575 0.108570195734501 0.0773208439350128 0.066947266459465 0.163502737879753 0.17123556137085 0.1727125197649 0.1224080696702 0.112411305308342 0.0944228321313858 0.0714955925941467 0.0621366277337074 0.0566488355398178 0.0569352954626083 0.0605762153863907 0.0610667988657951 0.0680072605609894 0.0656631737947464 0.0662535727024078 0.0601308383047581 0.0955508500337601 0.111671790480614 0.0811069086194038 0.0342123694717884 0.0952115952968597 0.133869588375092 0.0744740962982178 0.0465819463133812 0.0475003197789192
0.51607608795166 0.120246209204197 0.0638367831707001 0.0450502447783947 0.0551342703402042 0.0206415727734566 0.0204383656382561 0.00918988976627588 0.0237136073410511 0.0800004452466965 0.130867823958397 0.448961585760117 0.866644978523254 0.292883008718491 0.144176796078682 0.0600721389055252 0.165763780474663 0.0527369678020477 0.0219726916402578 0.0463464744389057 0.0266743823885918 0.0327095724642277 0.0546347722411156 0.0569040216505527 0.0482375212013721 0.0529708005487919 0.0276303645223379 0.0638208836317062 0.0485040247440338 0.0429284051060677 0.0382140688598156 0.050740409642458 0.0652881264686584 0.0798881873488426 0.0926523730158806 0.116331815719604 0.115814089775085 0.0593953691422939 0.0802977681159973 0.111266486346722 0.286973029375076 0.103886246681213 0.0663075894117355 0.12368406355381
0.223223969340324 0.0831728354096413 0.0762152299284935 0.151752591133118 0.14203654229641 0.103769935667515 0.0298571847379208 0.0183301940560341 0.0359638929367065 0.19361524283886 0.745437979698181 0.375422537326813 0.997433185577393 0.782650351524353 0.320160418748856 0.200143426656723 0.124704703688622 0.0451744385063648 0.0258295089006424 0.0363345518708229 0.0220581032335758 0.0163800157606602 0.0247824117541313 0.0357590466737747 0.0515343993902206 0.0848951116204262 0.0901175439357758 0.0645969957113266 0.0465457104146481 0.033745314925909 0.0175947137176991 0.0556064136326313 0.0872061550617218 0.0958787351846695 0.10770072042942 0.11464436352253 0.105538427829742 0.107104189693928 0.166233420372009 0.130290985107422 0.296843945980072 0.388567268848419 0.0823772847652435 0.131122753024101
0.577839970588684 0.215719997882843 0.0836115628480911 0.485744506120682 0.450643420219421 0.525089859962463 0.141560509800911 0.0560814738273621 0.0403782092034817 0.0700539201498032 0.576720714569092 0.978953957557678 0.999589681625366 0.998982071876526 0.4736188352108 0.182386741042137 0.0951631441712379 0.085960291326046 0.088681273162365 0.0428452827036381 0.0312832705676556 0.014250872656703 0.0426257885992527 0.0891378372907639 0.145373985171318 0.149410873651505 0.285103589296341 0.0728189721703529 0.10254967212677 0.0649184435606003 0.0463600121438503 0.0880178138613701 0.0972751006484032 0.112439349293709 0.107612505555153 0.0547221973538399 0.0701074674725533 0.189997494220734 0.138150110840797 0.444851607084274 0.994923949241638 0.476854294538498 0.15027990937233 0.172837093472481
0.893774688243866 0.29101100564003 0.164476543664932 0.358038514852524 0.996506690979004 0.323275089263916 0.0953547656536102 0.0870499685406685 0.107638105750084 0.281378656625748 0.588842213153839 0.999005377292633 0.999837577342987 0.999884426593781 0.90790194272995 0.18965157866478 0.211806386709213 0.13286155462265 0.303593039512634 0.0847759544849396 0.0995092466473579 0.0449502170085907 0.0294528882950544 0.0702914744615555 0.192047938704491 0.354999631643295 0.590556263923645 0.210745275020599 0.270839184522629 0.234747841954231 0.0928626731038094 0.126632675528526 0.117146730422974 0.132265910506248 0.0844139009714127 0.0808001831173897 0.108206249773502 0.104783676564693 0.100501790642738 0.337306261062622 0.998656868934631 0.90363609790802 0.372431457042694 0.69801527261734
