data/climate_estimation/maxent_output/Smilax_outanscianensis.asc
NCOLS 160 
NROWS 76 
XLLCORNER 102.416666666667 
YLLCORNER 26.1666666666667 
CELLSIZE 0.0833333333333333 
NODATA_value -3.4e+38 
[rows 20 to 39 of 76, columns 88 to 131 of 160]
0.876031875610352 0.787070631980896 0.582509756088257 0.540630459785461 0.580541372299194 0.594354927539825 0.698549211025238 0.83008861541748 0.780995905399323 0.775323867797852 0.815964341163635 0.773318350315094 0.887990653514862 0.794875621795654 0.927924275398254 0.92295104265213 0.917223632335663 0.930514395236969 0.943378090858459 0.931664168834686 0.915951430797577 0.908531308174133 0.893330752849579 0.885531723499298 0.880322635173798 0.869742155075073 0.850992739200592 0.797069013118744 0.751100301742554 0.710571229457855 0.686714768409729 0.657538235187531 0.629873037338257 0.593278050422668 0.586299061775208 0.584450542926788 0.559870600700378 0.560259819030762 0.581904113292694 0.58555805683136 0.574137926101685 0.58365660905838 0.5840163230896 0.598867774009705
0.934200584888458 0.773447930812836 0.789309620857239 0.840468525886536 0.845063924789429 0.720774829387665 0.651556432247162 0.803236722946167 0.603171527385712 0.550661742687225 0.64186680316925 0.787795424461365 0.845101952552795 0.811865448951721 0.861664235591888 0.914073586463928 0.935040414333344 0.945002377033234 0.947786509990692 0.942356765270233 0.926716089248657 0.910749614238739 0.902636170387268 0.886110901832581 0.868652641773224 0.862109243869781 0.829450488090515 0.795509338378906 0.746995687484741 0.693451166152954 0.646395981311798 0.613667488098145 0.591252744197845 0.57681792974472 0.542194485664368 0.546125590801239 0.501985371112823 0.505867600440979 0.522212743759155 0.513497829437256 0.521941304206848 0.528735816478729 0.530820906162262 0.544177234172821
0.93696141242981 0.902262032032013 0.908851325511932 0.903307735919952 0.871906578540802 0.811803102493286 0.760720193386078 0.835503101348877 0.844988346099854 0.826047420501709 0.717624962329865 0.537893891334534 0.734294056892395 0.835871338844299 0.8961381316185 0.929879367351532 0.937266707420349 0.934406578540802 0.940066933631897 0.934416353702545 0.926867306232452 0.914910733699799 0.898616969585419 0.881734430789948 0.874479353427887 0.847107529640198 0.799633026123047 0.766959667205811 0.708490967750549 0.645200788974762 0.608994483947754 0.577540814876556 0.54571521282196 0.503656506538391 0.501963496208191 0.48371484875679 0.473353087902069 0.459820300340652 0.458413392305374 0.453511387109756 0.451068937778473 0.461476117372513 0.517020344734192 0.572224676609039
0.94287121295929 0.904049158096313 0.789880156517029 0.796590507030487 0.891166388988495 0.785190224647522 0.748661756515503 0.716980516910553 0.891454696655273 0.756319582462311 0.592327952384949 0.470935314893723 0.627053320407867 0.733726024627686 0.833462119102478 0.917637050151825 0.937032222747803 0.924228310585022 0.930477738380432 0.931150078773499 0.92234480381012 0.905060946941376 0.892080366611481 0.876720070838928 0.859804630279541 0.840979635715485 0.789749443531036 0.729463815689087 0.653611302375793 0.604219317436218 0.564776659011841 0.541181683540344 0.479805469512939 0.474905222654343 0.441185832023621 0.438548117876053 0.41080242395401 0.416672736406326 0.410761505365372 0.404321849346161 0.449698776006699 0.504044592380524 0.56461238861084 0.641977071762085
0.909041285514832 0.746356964111328 0.669852793216705 0.819346249103546 0.892569541931152 0.792616546154022 0.849866628646851 0.90933883190155 0.890301406383514 0.824247241020203 0.865316987037659 0.793792963027954 0.652162373065948 0.895428895950317 0.90307605266571 0.902849674224854 0.929493248462677 0.928676605224609 0.927637815475464 0.923574447631836 0.910818457603455 0.907114088535309 0.894351661205292 0.879336297512054 0.8608358502388 0.805604219436646 0.737159848213196 0.69310075044632 0.609189808368683 0.552163243293762 0.504985094070435 0.485630989074707 0.449955463409424 0.417977333068848 0.415596187114716 0.38593053817749 0.381776511669159 0.372442543506622 0.419545114040375 0.451802492141724 0.517414808273315 0.58358508348465 0.651813507080078 0.69684499502182
0.796601355075836 0.811364233493805 0.885603070259094 0.906613171100616 0.897396445274353 0.888187348842621 0.801792800426483 0.812151968479156 0.735917925834656 0.795280814170837 0.820242404937744 0.815181076526642 0.901904582977295 0.84092903137207 0.896724104881287 0.900019764900208 0.897969305515289 0.900410354137421 0.919056713581085 0.917735576629639 0.899527907371521 0.88856440782547 0.884746313095093 0.866654992103577 0.828202486038208 0.780573666095734 0.699810445308685 0.623533368110657 0.545482993125916 0.501974701881409 0.482158452272415 0.428849905729294 0.408769965171814 0.381572306156158 0.380275964736938 0.388805210590363 0.414984285831451 0.444143176078796 0.474302381277084 0.537233889102936 0.595385432243347 0.638164103031158 0.683970749378204 0.750144183635712
0.920259237289429 0.916209578514099 0.833686888217926 0.760188043117523 0.748175263404846 0.882372498512268 0.584184646606445 0.441614717245102 0.762976229190826 0.73247629404068 0.763238489627838 0.432342678308487 0.747583568096161 0.734581410884857 0.78394341468811 0.821574687957764 0.805968463420868 0.83375209569931 0.88512909412384 0.899382770061493 0.896083652973175 0.889621734619141 0.866800963878632 0.852675676345825 0.797494649887085 0.723811507225037 0.64946711063385 0.569904506206512 0.558693945407867 0.543121159076691 0.52800589799881 0.473855316638947 0.45698669552803 0.453215479850769 0.452698796987534 0.467860072851181 0.495636135339737 0.506979763507843 0.544306099414825 0.598389744758606 0.650795578956604 0.708762586116791 0.75160026550293 0.74552309513092
0.633920252323151 0.729498565196991 0.558575749397278 0.536298990249634 0.752916693687439 0.831037998199463 0.539862275123596 0.37714746594429 0.795534312725067 0.661531269550323 0.781863451004028 0.71987247467041 0.612446904182434 0.701692998409271 0.767095029354095 0.857424199581146 0.893960893154144 0.890459299087524 0.879601955413818 0.868342936038971 0.85931932926178 0.872417330741882 0.857504963874817 0.815425753593445 0.747937202453613 0.674916446208954 0.602212488651276 0.592838168144226 0.606460392475128 0.622381389141083 0.606178343296051 0.584519028663635 0.54239696264267 0.533563315868378 0.54094260931015 0.543162107467651 0.549703240394592 0.583334147930145 0.615619003772736 0.654141783714294 0.698708713054657 0.732374250888824 0.753404498100281 0.760297954082489
0.532323002815247 0.559163331985474 0.413585722446442 0.342911124229431 0.705305814743042 0.727727055549622 0.37907674908638 0.423143774271011 0.464732766151428 0.390932351350784 0.607463598251343 0.622645258903503 0.622533023357391 0.697398543357849 0.757548928260803 0.842948019504547 0.811407029628754 0.794140160083771 0.807261407375336 0.809414029121399 0.840168714523315 0.831880629062653 0.839717745780945 0.766616404056549 0.688158571720123 0.656556606292725 0.648866355419159 0.639127790927887 0.666570842266083 0.653285026550293 0.659504592418671 0.63294118642807 0.612392008304596 0.603206694126129 0.605389535427094 0.609776377677917 0.623122572898865 0.649227201938629 0.670700013637543 0.69540148973465 0.728149771690369 0.732430517673492 0.751237511634827 0.769868195056915
0.399531990289688 0.43449929356575 0.533097207546234 0.689161777496338 0.752964079380035 0.472871273756027 0.524539411067963 0.609755754470825 0.567006528377533 0.55273848772049 0.772287845611572 0.809584558010101 0.681154429912567 0.815840482711792 0.724997997283936 0.760402858257294 0.82714706659317 0.833408057689667 0.861725449562073 0.82637894153595 0.823503911495209 0.847246170043945 0.781989395618439 0.733843684196472 0.721557259559631 0.692574560642242 0.695326685905457 0.686177134513855 0.703151702880859 0.678127288818359 0.681560516357422 0.670306265354156 0.653976619243622 0.649349570274353 0.65493905544281 0.650179624557495 0.6868936419487 0.706640124320984 0.716966867446899 0.712722897529602 0.730351388454437 0.735875129699707 0.745840191841125 0.752412259578705
0.569326043128967 0.608961880207062 0.853083789348602 0.855624258518219 0.716697990894318 0.685459196567535 0.833895564079285 0.619094014167786 0.59196525812149 0.785506010055542 0.785919785499573 0.791464567184448 0.873177647590637 0.873278021812439 0.821885704994202 0.856102764606476 0.856630086898804 0.842478811740875 0.85655015707016 0.837952733039856 0.837770342826843 0.820222616195679 0.79012793302536 0.767617583274841 0.757997989654541 0.74389261007309 0.724205851554871 0.721584379673004 0.720579445362091 0.700768291950226 0.706525146961212 0.716192483901978 0.701594710350037 0.689207971096039 0.701605916023254 0.697311520576477 0.704537272453308 0.719232797622681 0.700800120830536 0.717489361763 0.717900037765503 0.731086611747742 0.727294027805328 0.755975961685181
0.680345058441162 0.753241837024689 0.861072957515717 0.891577064990997 0.842851758003235 0.812355577945709 0.79689884185791 0.620020270347595 0.744129359722137 0.719112813472748 0.759496629238129 0.818025767803192 0.866884052753448 0.891084134578705 0.852300047874451 0.841702222824097 0.837810277938843 0.824674010276794 0.839285671710968 0.836099624633789 0.837150633335114 0.828521430492401 0.809442937374115 0.801918566226959 0.786950647830963 0.768910646438599 0.751066446304321 0.74170333147049 0.752675890922546 0.743810415267944 0.729060232639313 0.721839308738708 0.726955950260162 0.725606977939606 0.722626745700836 0.696737587451935 0.708125650882721 0.713856160640717 0.709108531475067 0.715016484260559 0.724361538887024 0.723359704017639 0.733645558357239 0.750181019306183
0.602832853794098 0.829523980617523 0.781747698783875 0.756552934646606 0.649595022201538 0.815617799758911 0.867481112480164 0.747934937477112 0.82148677110672 0.809955060482025 0.795076310634613 0.879455029964447 0.863185822963715 0.889159858226776 0.875963985919952 0.850883007049561 0.853460669517517 0.841803431510925 0.824296116828918 0.83335018157959 0.831396460533142 0.82681530714035 0.827729821205139 0.816350042819977 0.806029915809631 0.780402421951294 0.777426421642303 0.767895042896271 0.766349017620087 0.750003457069397 0.751090228557587 0.74804300069809 0.715982854366302 0.71542501449585 0.724871218204498 0.70726203918457 0.708928227424622 0.70890200138092 0.700633347034454 0.705508828163147 0.719464302062988 0.720338881015778 0.72193855047226 0.740772128105164
0.745812773704529 0.920215368270874 0.900757789611816 0.911487758159637 0.911613047122955 0.901073217391968 0.840862035751343 0.860547721385956 0.880144834518433 0.785588979721069 0.696287572383881 0.827962696552277 0.808410167694092 0.829037010669708 0.874703705310822 0.873157680034637 0.825149834156036 0.834283530712128 0.834931910037994 0.821633160114288 0.831429362297058 0.824831545352936 0.817415297031403 0.816256821155548 0.811361908912659 0.787638783454895 0.783725738525391 0.768045246601105 0.769328951835632 0.745580911636353 0.750028073787689 0.740700662136078 0.718241572380066 0.721089124679565 0.721431612968445 0.707211136817932 0.707291305065155 0.689709603786469 0.690662086009979 0.708106994628906 0.69409042596817 0.715874910354614 0.734660983085632 0.496284008026123
0.860085189342499 0.914555907249451 0.914695978164673 0.94308340549469 0.937683582305908 0.880375802516937 0.875157654285431 0.888447046279907 0.870622277259827 0.87280660867691 0.808732926845551 0.7878537774086 0.814086556434631 0.825413644313812 0.860112011432648 0.860393464565277 0.861920356750488 0.858489632606506 0.850399672985077 0.846986651420593 0.838660061359406 0.829843521118164 0.812683165073395 0.797792494297028 0.802180767059326 0.776168823242188 0.767671167850494 0.768059730529785 0.768625497817993 0.743386268615723 0.740629374980927 0.730826795101166 0.720295011997223 0.716313719749451 0.707272052764893 0.686944901943207 0.697048544883728 0.685154855251312 0.690560877323151 0.692690849304199 0.710466146469116 0.711628139019012 0.717036187648773 0.487670928239822
0.927629411220551 0.946536183357239 0.90386426448822 0.949027001857758 0.944161295890808 0.906984806060791 0.914331376552582 0.894067287445068 0.845765709877014 0.895117521286011 0.867208540439606 0.878287851810455 0.890573978424072 0.900659501552582 0.897561490535736 0.866063475608826 0.849502563476562 0.867658019065857 0.846003890037537 0.843495845794678 0.827870428562164 0.820464313030243 0.801931977272034 0.80610316991806 0.787842571735382 0.771912038326263 0.769819319248199 0.773931622505188 0.764301180839539 0.737423777580261 0.733368694782257 0.722516238689423 0.711251974105835 0.71917712688446 0.704167127609253 0.693339705467224 0.69032210111618 0.685422837734222 0.686497032642365 0.693892896175385 0.682582318782806 0.67983078956604 0.706828534603119 0.698620438575745
0.920322597026825 0.916675686836243 0.948063433170319 0.953567564487457 0.952231645584106 0.953352987766266 0.907799422740936 0.893061459064484 0.892799735069275 0.872804760932922 0.915537774562836 0.910396039485931 0.879236578941345 0.848908603191376 0.850296139717102 0.848147749900818 0.880299925804138 0.84606260061264 0.822682917118073 0.835334241390228 0.834123611450195 0.816319525241852 0.805387735366821 0.797023415565491 0.772801041603088 0.776520013809204 0.765861928462982 0.772840201854706 0.751561939716339 0.727516949176788 0.732040405273438 0.72292023897171 0.732173442840576 0.709308207035065 0.701331615447998 0.69080263376236 0.69060093164444 0.69110244512558 0.67781001329422 0.685595810413361 0.66739022731781 0.663083851337433 0.677922189235687 0.465313851833344
0.900659322738647 0.927104413509369 0.954425811767578 0.933877348899841 0.956567108631134 0.902262330055237 0.890049457550049 0.893283367156982 0.81057608127594 0.855542838573456 0.894787430763245 0.844781875610352 0.866819083690643 0.870747864246368 0.879303336143494 0.879678130149841 0.861724555492401 0.852824628353119 0.826504468917847 0.830089926719666 0.814649701118469 0.809295296669006 0.808273434638977 0.787351429462433 0.775642216205597 0.762232482433319 0.760429561138153 0.765288233757019 0.746934294700623 0.751661658287048 0.723998308181763 0.714032828807831 0.722854673862457 0.702722609043121 0.691579520702362 0.698919534683228 0.693219661712646 0.699001550674438 0.67593640089035 0.674883425235748 0.683017611503601 0.663016140460968 0.662362098693848 0.471923142671585
0.930209219455719 0.935462892055511 0.940137803554535 0.928183317184448 0.919021725654602 0.892916142940521 0.932141900062561 0.909183382987976 0.859450221061707 0.870395421981812 0.885422050952911 0.910032868385315 0.901376068592072 0.852013170719147 0.851130545139313 0.875738620758057 0.864415884017944 0.861863315105438 0.842939972877502 0.831303119659424 0.820309937000275 0.795284032821655 0.80785858631134 0.788136839866638 0.777756094932556 0.766151785850525 0.762852191925049 0.755152821540833 0.74741268157959 0.733271300792694 0.716802835464478 0.709005534648895 0.71885073184967 0.721864998340607 0.696974158287048 0.691079556941986 0.702474534511566 0.682539343833923 0.678601205348969 0.676576256752014 0.672685146331787 0.679506242275238 0.450492322444916 0.469034940004349
0.923908829689026 0.917111217975616 0.939195394515991 0.910836935043335 0.925230920314789 0.92615532875061 0.891821980476379 0.921221196651459 0.908345341682434 0.899210512638092 0.896951079368591 0.905790150165558 0.865630269050598 0.805932998657227 0.842003703117371 0.881273210048676 0.878433465957642 0.859298944473267 0.852560937404633 0.833645820617676 0.815798044204712 0.80684906244278 0.794361650943756 0.777089595794678 0.767824828624725 0.768611133098602 0.758127748966217 0.748396337032318 0.732862651348114 0.463231712579727 0.456450223922729 0.465169906616211 0.71493273973465 0.438710689544678 0.444077610969543 0.434878051280975 0.438041836023331 0.436557590961456 0.428170949220657 0.425548195838928 0.433592885732651 0.445107996463776 0.456829428672791 0.479243397712708
