data/climate_estimation/maxent_output/Smilax_hugeri.asc
NCOLS 99 
NROWS 57 
XLLCORNER -88 
YLLCORNER 31.5 
CELLSIZE 0.0833333333333333 
NODATA_value -3.4e+38 
[rows 20 to 39 of 57, columns 0 to 44 of 99]
0.816080927848816 0.823221564292908 0.835826218128204 0.832121193408966 0.825733602046967 0.814459443092346 0.842536628246307 0.849041938781738 0.84350448846817 0.845782697200775 0.844623386859894 0.851368188858032 0.847824811935425 0.857169330120087 0.862567365169525 0.858826041221619 0.866286277770996 0.871730744838715 0.843280255794525 0.845612943172455 0.859037041664124 0.864027857780457 0.865141570568085 0.869388043880463 0.887771010398865 0.887777328491211 0.887924790382385 0.918057143688202 0.91166079044342 0.881856322288513 0.895231008529663 0.8956378698349 0.896510004997253 0.892539262771606 0.889157295227051 0.874839246273041 0.858209192752838 0.865985453128815 0.858655869960785 0.894979476928711 0.900384068489075 0.9062180519104 0.872887432575226 0.831468522548676 0.851378440856934
0.790655195713043 0.832569658756256 0.832768023014069 0.823142409324646 0.863049387931824 0.855142712593079 0.844139695167542 0.848273277282715 0.839147746562958 0.839219152927399 0.848464250564575 0.843008995056152 0.857496440410614 0.860727548599243 0.861260116100311 0.858217775821686 0.877557814121246 0.880989909172058 0.876481950283051 0.845677614212036 0.860065817832947 0.853696942329407 0.862648665904999 0.893542349338531 0.893722712993622 0.889070510864258 0.895373225212097 0.89748877286911 0.90024197101593 0.916110098361969 0.88522732257843 0.878689289093018 0.879182875156403 0.874046802520752 0.872407495975494 0.857272624969482 0.876652896404266 0.860629260540009 0.84632819890976 0.874865472316742 0.881351351737976 0.896431744098663 0.885602593421936 0.878955185413361 0.850663006305695
0.790809333324432 0.83161985874176 0.834495723247528 0.828634023666382 0.859447240829468 0.859196782112122 0.858634412288666 0.850830316543579 0.848575174808502 0.84516167640686 0.850911378860474 0.849141538143158 0.849089860916138 0.889300286769867 0.898404598236084 0.873305916786194 0.876991629600525 0.879886507987976 0.887831032276154 0.849761426448822 0.837304055690765 0.859107255935669 0.864642143249512 0.86057710647583 0.892722308635712 0.892586231231689 0.898247003555298 0.884890973567963 0.896833717823029 0.893249988555908 0.888455510139465 0.883665382862091 0.889195084571838 0.893835604190826 0.880790650844574 0.874652743339539 0.857426226139069 0.880343079566956 0.855068325996399 0.842716693878174 0.878070533275604 0.876813173294067 0.872151851654053 0.867564141750336 0.863199472427368
0.794918835163116 0.827044308185577 0.827135622501373 0.825141966342926 0.819834470748901 0.851549029350281 0.848748087882996 0.851139008998871 0.851053357124329 0.855981349945068 0.88750022649765 0.886760056018829 0.893922984600067 0.893874883651733 0.896821796894073 0.877195537090302 0.880739510059357 0.885476052761078 0.857650935649872 0.844311952590942 0.863565385341644 0.85975307226181 0.863005816936493 0.856758654117584 0.861304223537445 0.866731226444244 0.890729963779449 0.874068677425385 0.867896676063538 0.86440497636795 0.892062366008759 0.890571117401123 0.892546057701111 0.886968910694122 0.884268760681152 0.879210233688354 0.867274403572083 0.842641890048981 0.847289621829987 0.841964900493622 0.877006471157074 0.878187894821167 0.874895334243774 0.916952252388 0.913815200328827
0.827798306941986 0.831296861171722 0.82382732629776 0.818367779254913 0.84690648317337 0.84892064332962 0.844370424747467 0.848355531692505 0.851617157459259 0.851617157459259 0.856685161590576 0.865354716777802 0.892069518566132 0.895974397659302 0.871154725551605 0.875874102115631 0.875556290149689 0.851104617118835 0.858455240726471 0.861789703369141 0.863614022731781 0.870514929294586 0.86551558971405 0.861760675907135 0.838589549064636 0.870703458786011 0.868923366069794 0.837667644023895 0.863781094551086 0.85908979177475 0.86258327960968 0.862856686115265 0.887797176837921 0.885059177875519 0.870438873767853 0.860720217227936 0.845824778079987 0.817741751670837 0.832523345947266 0.829464197158813 0.824469864368439 0.824763238430023 0.886088311672211 0.902337491512299 0.901302993297577
0.825776696205139 0.824611127376556 0.823103964328766 0.815147459506989 0.850872218608856 0.846348643302917 0.846400499343872 0.846210300922394 0.844080150127411 0.854585111141205 0.857831537723541 0.860935807228088 0.858194231987 0.85990172624588 0.870578825473785 0.872247874736786 0.87085485458374 0.858261406421661 0.858999133110046 0.864102125167847 0.869704842567444 0.875563621520996 0.874189078807831 0.840964376926422 0.842907071113586 0.837773561477661 0.830174267292023 0.824666082859039 0.830474078655243 0.864375591278076 0.857843458652496 0.861680626869202 0.89011538028717 0.886320233345032 0.874235332012177 0.846431076526642 0.822067677974701 0.798378825187683 0.806665897369385 0.806483805179596 0.799214482307434 0.874227285385132 0.895127654075623 0.892498433589935 0.888152539730072
0.826331675052643 0.822720229625702 0.822426438331604 0.817688703536987 0.815970718860626 0.843312382698059 0.84327757358551 0.842209577560425 0.849483907222748 0.85016930103302 0.854820787906647 0.860292673110962 0.857481598854065 0.866020977497101 0.838801145553589 0.839390635490417 0.850143432617188 0.850692749023438 0.864705085754395 0.868385851383209 0.872239172458649 0.872176706790924 0.834864616394043 0.834456861019135 0.835948348045349 0.8001748919487 0.825060427188873 0.827012419700623 0.865175902843475 0.862140655517578 0.865575611591339 0.894497871398926 0.886100172996521 0.878326833248138 0.86281543970108 0.84037709236145 0.818987667560577 0.834483504295349 0.813588380813599 0.790139853954315 0.866768598556519 0.861826777458191 0.886800765991211 0.881377279758453 0.880917727947235
0.82328999042511 0.821722865104675 0.821759581565857 0.821777939796448 0.81262993812561 0.807394981384277 0.807546317577362 0.808094382286072 0.812418460845947 0.813110530376434 0.816887676715851 0.824600756168365 0.861580729484558 0.824996113777161 0.824949264526367 0.875192821025848 0.840309381484985 0.849660515785217 0.860422551631927 0.865639328956604 0.869470298290253 0.841545104980469 0.83650666475296 0.834938645362854 0.834313213825226 0.832322001457214 0.833180010318756 0.832742929458618 0.864112257957458 0.862396776676178 0.860783517360687 0.893615305423737 0.88655811548233 0.878711223602295 0.86536979675293 0.85292637348175 0.869506895542145 0.829326927661896 0.817808747291565 0.79457300901413 0.867333292961121 0.880335628986359 0.852015197277069 0.875227689743042 0.87477308511734
0.819813013076782 0.819904983043671 0.818841278553009 0.814782679080963 0.809501886367798 0.803921461105347 0.806509673595428 0.804940938949585 0.81137216091156 0.811902403831482 0.819342970848083 0.818763852119446 0.821259260177612 0.833380281925201 0.829569041728973 0.83187061548233 0.846453368663788 0.857222855091095 0.862873673439026 0.867344796657562 0.835148930549622 0.837172150611877 0.831675469875336 0.83682245016098 0.840441107749939 0.829255998134613 0.863454103469849 0.860645890235901 0.865418314933777 0.860576152801514 0.864151775836945 0.891472280025482 0.89029198884964 0.886140108108521 0.893617987632751 0.880142092704773 0.861037731170654 0.837060570716858 0.819431483745575 0.793697118759155 0.77302098274231 0.864240288734436 0.853230595588684 0.882153332233429 0.870640516281128
0.78152334690094 0.777759552001953 0.77642822265625 0.773703038692474 0.807513058185577 0.797950625419617 0.800835013389587 0.797396838665009 0.803583145141602 0.805866539478302 0.783095479011536 0.822606146335602 0.829824149608612 0.826106607913971 0.819503366947174 0.837906301021576 0.857745587825775 0.861232340335846 0.858244776725769 0.863242030143738 0.837561905384064 0.836068987846375 0.836225748062134 0.833802700042725 0.834048211574554 0.833569884300232 0.865609288215637 0.864374458789825 0.867245376110077 0.863408505916595 0.887257158756256 0.88772451877594 0.886902451515198 0.88186240196228 0.894317448139191 0.876555383205414 0.85886561870575 0.837654531002045 0.822657883167267 0.799773156642914 0.777158439159393 0.753956258296967 0.863251924514771 0.87667191028595 0.873911738395691
0.780302703380585 0.76924067735672 0.76970237493515 0.76403820514679 0.800078809261322 0.802851796150208 0.797241151332855 0.793052077293396 0.763806819915771 0.798213183879852 0.773514866828918 0.813417732715607 0.818339049816132 0.820736825466156 0.818305611610413 0.82321959733963 0.87749719619751 0.885802567005157 0.857412397861481 0.85917991399765 0.829840838909149 0.830839931964874 0.832173228263855 0.83610588312149 0.838081121444702 0.866607189178467 0.871922671794891 0.869495511054993 0.867633759975433 0.860419094562531 0.856901824474335 0.882731020450592 0.8874272108078 0.87375670671463 0.886702179908752 0.871398210525513 0.856602907180786 0.835380911827087 0.798473119735718 0.806643068790436 0.779384851455688 0.751299560070038 0.852750480175018 0.870242297649384 0.860707581043243
0.776608228683472 0.767752408981323 0.763929128646851 0.768174290657043 0.760441064834595 0.797222018241882 0.797412812709808 0.793802678585052 0.78811377286911 0.796387195587158 0.808821141719818 0.812688529491425 0.817210733890533 0.837242603302002 0.833370506763458 0.853281199932098 0.874381005764008 0.847995758056641 0.856318771839142 0.861320734024048 0.835607469081879 0.834843873977661 0.840287923812866 0.867173492908478 0.841524004936218 0.875957667827606 0.869363367557526 0.837304532527924 0.862202703952789 0.856899499893188 0.850638628005981 0.883579969406128 0.884544432163239 0.87647408246994 0.856368482112885 0.832693219184875 0.853242754936218 0.837214648723602 0.777386724948883 0.753563344478607 0.777438938617706 0.870907068252563 0.86394864320755 0.833602666854858 0.827992081642151
0.77046275138855 0.768689692020416 0.760177195072174 0.756043791770935 0.749826550483704 0.784612834453583 0.792313516139984 0.788345634937286 0.790656626224518 0.79897928237915 0.809672951698303 0.849671721458435 0.835684359073639 0.847683429718018 0.844524323940277 0.845670223236084 0.858282804489136 0.845103621482849 0.854689478874207 0.861939430236816 0.832685232162476 0.832581758499146 0.837752163410187 0.840830385684967 0.839944958686829 0.840537071228027 0.86817342042923 0.860963523387909 0.827998161315918 0.85389506816864 0.858126699924469 0.854680240154266 0.881571292877197 0.870919406414032 0.84221214056015 0.84078985452652 0.818683326244354 0.787634670734406 0.771597743034363 0.766903400421143 0.784135818481445 0.880674958229065 0.866099894046783 0.84870833158493 0.830518901348114
0.729328393936157 0.764820635318756 0.760026574134827 0.754042863845825 0.754164755344391 0.781168580055237 0.790501236915588 0.78446090221405 0.791077852249146 0.79797238111496 0.812174737453461 0.851436257362366 0.839348077774048 0.842055141925812 0.850933849811554 0.857416093349457 0.86507660150528 0.848171293735504 0.853322803974152 0.823812246322632 0.829603374004364 0.831931591033936 0.835796475410461 0.835796475410461 0.831779360771179 0.829619288444519 0.847157299518585 0.821683764457703 0.821637034416199 0.852228939533234 0.854680240154266 0.849066615104675 0.855521321296692 0.846808254718781 0.853686392307281 0.822132229804993 0.803825199604034 0.792707920074463 0.780340492725372 0.774520576000214 0.888701796531677 0.881605744361877 0.861622214317322 0.849287092685699 0.842882215976715
0.729707658290863 0.760555744171143 0.755943417549133 0.754493415355682 0.74830025434494 0.777081549167633 0.785054266452789 0.791778266429901 0.80289614200592 0.840521693229675 0.842414736747742 0.853692650794983 0.848347187042236 0.866352617740631 0.83828204870224 0.855465471744537 0.871141850948334 0.846084177494049 0.850572884082794 0.826550304889679 0.824527382850647 0.832682132720947 0.836404502391815 0.834500670433044 0.856607496738434 0.852768063545227 0.814741253852844 0.816721975803375 0.820627152919769 0.816971123218536 0.818957567214966 0.852426886558533 0.857615172863007 0.845071315765381 0.817727148532867 0.779226124286652 0.779023945331573 0.79471218585968 0.792789816856384 0.763613998889923 0.875600636005402 0.861186385154724 0.849985539913177 0.83675742149353 0.830008268356323
0.727540135383606 0.761397421360016 0.753661751747131 0.746772408485413 0.734118700027466 0.770526170730591 0.780426919460297 0.819770991802216 0.832884609699249 0.83497154712677 0.846365630626678 0.853278934955597 0.848378837108612 0.851054191589355 0.855278670787811 0.873304128646851 0.847167432308197 0.851066589355469 0.819693982601166 0.825979471206665 0.825773537158966 0.832086682319641 0.834396362304688 0.860600829124451 0.85143780708313 0.811047852039337 0.808621108531952 0.812313377857208 0.813666224479675 0.819185018539429 0.819219946861267 0.850935161113739 0.861544191837311 0.838064074516296 0.768475115299225 0.791104674339294 0.775492966175079 0.754674851894379 0.751620948314667 0.769273400306702 0.879079878330231 0.867088854312897 0.861221969127655 0.848887860774994 0.836073815822601
0.714339733123779 0.752316951751709 0.747804284095764 0.736161410808563 0.707131326198578 0.714160263538361 0.761336982250214 0.807518362998962 0.818227171897888 0.834117591381073 0.847015976905823 0.818199157714844 0.830130457878113 0.842482328414917 0.846026360988617 0.849734306335449 0.854008316993713 0.824159383773804 0.825870275497437 0.825931787490845 0.827735006809235 0.824385464191437 0.822728514671326 0.853498518466949 0.815394997596741 0.807616770267487 0.807598948478699 0.803829252719879 0.814939022064209 0.81651109457016 0.821812868118286 0.829362332820892 0.812941133975983 0.794426918029785 0.771308064460754 0.74267041683197 0.727252006530762 0.741838395595551 0.729637265205383 0.847692608833313 0.836346626281738 0.864683210849762 0.852770447731018 0.854382455348969 0.839515626430511
0.709818303585052 0.710090517997742 0.726175367832184 0.711129009723663 0.690292060375214 0.739068865776062 0.749559700489044 0.782563388347626 0.785931050777435 0.816944658756256 0.831534206867218 0.811370849609375 0.828978478908539 0.811129629611969 0.824693739414215 0.828753888607025 0.828924059867859 0.820736110210419 0.824095487594604 0.826508581638336 0.827185273170471 0.828957140445709 0.819210648536682 0.820561051368713 0.814625322818756 0.810290336608887 0.81195068359375 0.810327768325806 0.776601076126099 0.782667934894562 0.794703602790833 0.79358583688736 0.773680329322815 0.753625512123108 0.732797384262085 0.733205020427704 0.717656254768372 0.69848245382309 0.719097673892975 0.840263366699219 0.833296418190002 0.827493250370026 0.828509509563446 0.856176733970642 0.844462871551514
0.708863377571106 0.740452408790588 0.718841671943665 0.710674643516541 0.693693399429321 0.729883372783661 0.715960741043091 0.757505536079407 0.768076241016388 0.784425139427185 0.803087711334229 0.807957530021667 0.798205018043518 0.811520934104919 0.827755212783813 0.833657383918762 0.825360953807831 0.815578162670135 0.82425320148468 0.823347210884094 0.819552004337311 0.810035347938538 0.812118947505951 0.809120714664459 0.809183299541473 0.808901131153107 0.810854256153107 0.773639440536499 0.781792759895325 0.78370863199234 0.791495859622955 0.795146703720093 0.773097455501556 0.747196555137634 0.716789960861206 0.6965651512146 0.711858332157135 0.690073609352112 0.672446012496948 0.800515830516815 0.841817498207092 0.825950741767883 0.834230780601501 0.823359549045563 0.814130127429962
0.693785727024078 0.722882390022278 0.70963054895401 0.683505237102509 0.682547986507416 0.731257557868958 0.76274710893631 0.742277443408966 0.767561316490173 0.74765282869339 0.777656733989716 0.796469151973724 0.829466819763184 0.816662013530731 0.825421392917633 0.833205342292786 0.828292489051819 0.806992590427399 0.81823056936264 0.817372918128967 0.807948112487793 0.78709077835083 0.789046823978424 0.797135591506958 0.809568881988525 0.770125508308411 0.76856791973114 0.776598989963531 0.783027291297913 0.784512937068939 0.790951669216156 0.799737691879272 0.765827775001526 0.722372353076935 0.695770084857941 0.665594637393951 0.660270929336548 0.637299597263336 0.815789818763733 0.81200897693634 0.809020280838013 0.833327651023865 0.83028918504715 0.823292195796967 0.806301891803741
