data/climate_estimation/maxent_output/Smilax_megalantha.asc
NCOLS 143 
NROWS 136 
XLLCORNER 98.25 
YLLCORNER 20.75 
CELLSIZE 0.0833333333333334 
NODATA_value -3.4e+38 
[rows 40 to 59 of 136, columns 44 to 87 of 143]
0.182924389839172 0.175252497196198 0.272825956344604 0.241701036691666 0.372062385082245 0.158067613840103 0.3945132791996 0.338661879301071 0.528179287910461 0.671234846115112 0.644522547721863 0.746752142906189 0.658973097801208 0.818861603736877 0.852670788764954 0.875260412693024 0.846358954906464 0.905664443969727 0.914430856704712 0.955336809158325 0.955399870872498 0.967386305332184 0.970148086547852 0.972330272197723 0.968629121780396 0.971395075321198 0.976127803325653 0.974848508834839 0.975760519504547 0.96029669046402 0.950121998786926 0.923069417476654 0.941688239574432 0.927804589271545 0.928647398948669 0.919893443584442 0.887469947338104 0.838723003864288 0.80016702413559 0.760338068008423 0.749040424823761 0.675947070121765 0.675377249717712 0.703457951545715
0.195329189300537 0.197384014725685 0.246594101190567 0.232183784246445 0.349529832601547 0.271614342927933 0.371432602405548 0.360701858997345 0.489622235298157 0.628073513507843 0.652056634426117 0.567553102970123 0.671773970127106 0.77596127986908 0.822900414466858 0.692073941230774 0.782141268253326 0.871664345264435 0.887031018733978 0.908097565174103 0.929934322834015 0.955458521842957 0.951320350170135 0.970230281352997 0.967299103736877 0.966958403587341 0.965571701526642 0.966962516307831 0.964520275592804 0.95381897687912 0.946082353591919 0.946815013885498 0.929305016994476 0.935502469539642 0.924372613430023 0.896068572998047 0.87577223777771 0.854071140289307 0.807900667190552 0.803857684135437 0.740443706512451 0.745758414268494 0.748784363269806 0.78311562538147
0.201527491211891 0.201677247881889 0.157566472887993 0.219886645674706 0.283199638128281 0.364273011684418 0.341255068778992 0.376542061567307 0.479937225580215 0.578601956367493 0.667277753353119 0.632564187049866 0.734721720218658 0.757519960403442 0.83152163028717 0.69797295331955 0.827015161514282 0.829276561737061 0.835032880306244 0.850766777992249 0.905616521835327 0.926409304141998 0.955128252506256 0.943486511707306 0.957980036735535 0.947338819503784 0.953173041343689 0.959502458572388 0.953210771083832 0.933401107788086 0.943483471870422 0.928178191184998 0.926699638366699 0.922646105289459 0.91419529914856 0.894023776054382 0.870573699474335 0.873601496219635 0.834360182285309 0.802020132541656 0.778507649898529 0.707237720489502 0.72959303855896 0.748457133769989
0.231890276074409 0.175679206848145 0.204271525144577 0.216968670487404 0.333939671516418 0.362271398305893 0.387106388807297 0.379081547260284 0.468751817941666 0.50654935836792 0.688390493392944 0.697559833526611 0.650493860244751 0.763731420040131 0.762619018554688 0.678347647190094 0.833118796348572 0.843839049339294 0.821821808815002 0.852713167667389 0.875018894672394 0.88600742816925 0.912764072418213 0.924269020557404 0.914512395858765 0.929937779903412 0.930497407913208 0.94857931137085 0.947033107280731 0.939137041568756 0.930940449237823 0.91339385509491 0.938829660415649 0.927314460277557 0.905359745025635 0.888990461826324 0.892452538013458 0.879403531551361 0.834117531776428 0.832829475402832 0.788340270519257 0.790047585964203 0.818078517913818 0.79849499464035
0.202032089233398 0.184700682759285 0.231141492724419 0.182083457708359 0.256828755140305 0.372377246618271 0.381352752447128 0.483588755130768 0.473782062530518 0.499113738536835 0.597093522548676 0.611512303352356 0.612625181674957 0.613313794136047 0.74224716424942 0.788587927818298 0.827539801597595 0.833633899688721 0.794008314609528 0.806060075759888 0.865895450115204 0.856817305088043 0.860665321350098 0.931682765483856 0.902137398719788 0.891074895858765 0.915921449661255 0.932703197002411 0.93617981672287 0.934566497802734 0.919455468654633 0.905584931373596 0.929453372955322 0.933516323566437 0.920994877815247 0.898303627967834 0.881828606128693 0.86419153213501 0.847943127155304 0.805785357952118 0.804354608058929 0.743791401386261 0.785338938236237 0.766375422477722
0.201832413673401 0.176875665783882 0.16976210474968 0.173089027404785 0.363552123308182 0.339288085699081 0.332706063985825 0.4812151491642 0.489927470684052 0.591284334659576 0.604264914989471 0.611065268516541 0.570377349853516 0.590075731277466 0.749383389949799 0.694739699363708 0.775719821453094 0.717126965522766 0.801820278167725 0.822517514228821 0.822842836380005 0.836971819400787 0.874561369419098 0.911031901836395 0.895260274410248 0.897023022174835 0.925433933734894 0.927998304367065 0.926856398582458 0.928221881389618 0.914107978343964 0.900065720081329 0.904223501682281 0.907073199748993 0.916731595993042 0.927500784397125 0.92672473192215 0.915347456932068 0.888987004756927 0.856204032897949 0.822043716907501 0.824539065361023 0.836758255958557 0.857341468334198
0.204695373773575 0.135155886411667 0.145753532648087 0.21645176410675 0.34012970328331 0.364002048969269 0.37300306558609 0.360258668661118 0.481574863195419 0.568199753761292 0.596992194652557 0.605402231216431 0.587670922279358 0.606653392314911 0.774531543254852 0.633305490016937 0.76739239692688 0.731709241867065 0.673946440219879 0.806484460830688 0.816579163074493 0.874590814113617 0.846257567405701 0.869028031826019 0.835309267044067 0.896786391735077 0.915534138679504 0.916477262973785 0.915788292884827 0.918340265750885 0.898356556892395 0.902161955833435 0.904784977436066 0.889599204063416 0.918419539928436 0.918789982795715 0.928635716438293 0.929925739765167 0.922650814056396 0.880519390106201 0.859876453876495 0.807333648204803 0.855344355106354 0.920844435691833
0.265027701854706 0.15536493062973 0.18228217959404 0.164552450180054 0.253186196088791 0.360392063856125 0.372852712869644 0.466831624507904 0.548571527004242 0.566760540008545 0.57660973072052 0.593184292316437 0.570543527603149 0.400268733501434 0.553191542625427 0.558361887931824 0.743280053138733 0.717874348163605 0.705803334712982 0.720640242099762 0.786116778850555 0.796554803848267 0.836267530918121 0.826586544513702 0.786177396774292 0.870249152183533 0.893209278583527 0.895187377929688 0.900848925113678 0.902994692325592 0.887314856052399 0.878731250762939 0.891839742660522 0.880460858345032 0.882385551929474 0.904945433139801 0.903022348880768 0.921137273311615 0.899874210357666 0.901943504810333 0.897206783294678 0.865557789802551 0.850060284137726 0.910683333873749
0.267928808927536 0.207201972603798 0.122536338865757 0.145975485444069 0.344754338264465 0.365803718566895 0.369449019432068 0.452459275722504 0.436956256628036 0.476382881402969 0.586435377597809 0.410166382789612 0.540706098079681 0.57830798625946 0.707640588283539 0.723942935466766 0.557599902153015 0.545080244541168 0.646101951599121 0.695093035697937 0.792192697525024 0.777093291282654 0.77797144651413 0.717469811439514 0.75651341676712 0.833429276943207 0.861620306968689 0.877423048019409 0.876978993415833 0.890084981918335 0.885834515094757 0.878580391407013 0.885069847106934 0.886276543140411 0.886298477649689 0.877440690994263 0.895936965942383 0.892949283123016 0.913858354091644 0.915153741836548 0.909219264984131 0.881869673728943 0.868566334247589 0.89732164144516
0.266205757856369 0.259082853794098 0.116210840642452 0.124792478978634 0.206640303134918 0.339458256959915 0.466305553913116 0.409893840551376 0.468902707099915 0.452601253986359 0.45481076836586 0.445292413234711 0.587721109390259 0.707787215709686 0.690458297729492 0.701348781585693 0.715333580970764 0.563283085823059 0.624425411224365 0.640669405460358 0.682818531990051 0.756549537181854 0.755616784095764 0.668445885181427 0.742589831352234 0.736955583095551 0.800858855247498 0.835805177688599 0.844161152839661 0.854133188724518 0.849133372306824 0.867335379123688 0.875232696533203 0.869667708873749 0.887645184993744 0.885380506515503 0.883623659610748 0.894276976585388 0.904722809791565 0.909549057483673 0.908501863479614 0.897429823875427 0.901747226715088 0.906323075294495
0.222986489534378 0.26859924197197 0.159301489591599 0.0963854119181633 0.110015518963337 0.188118308782578 0.464185684919357 0.42738401889801 0.466655224561691 0.472411751747131 0.465130746364594 0.454335898160934 0.577754378318787 0.673072993755341 0.690234124660492 0.614048838615417 0.615135788917542 0.693226337432861 0.66896265745163 0.639814496040344 0.684663712978363 0.668904304504395 0.660699009895325 0.683426320552826 0.700308859348297 0.703311502933502 0.761809587478638 0.759690761566162 0.791184902191162 0.812295794487 0.824677288532257 0.830347001552582 0.83898252248764 0.844696700572968 0.864055573940277 0.864357531070709 0.87727564573288 0.888819754123688 0.889552772045135 0.898839831352234 0.894423186779022 0.891812205314636 0.892238974571228 0.905735313892365
0.204016625881195 0.227066949009895 0.138610929250717 0.0990697592496872 0.145477205514908 0.284667432308197 0.457281798124313 0.438610166311264 0.455066472291946 0.455036371946335 0.585911452770233 0.579738438129425 0.589922726154327 0.420593470335007 0.591605424880981 0.69026255607605 0.711801469326019 0.705547511577606 0.411436289548874 0.530396223068237 0.668269634246826 0.559873700141907 0.542046308517456 0.581095159053802 0.613924205303192 0.665561974048615 0.681173861026764 0.735145449638367 0.810405850410461 0.789624154567719 0.782047867774963 0.791334092617035 0.802785575389862 0.823157429695129 0.816864669322968 0.846382439136505 0.856710970401764 0.860522508621216 0.860247075557709 0.863708436489105 0.86597341299057 0.872296452522278 0.875432908535004 0.87552285194397
0.12614794075489 0.158864110708237 0.141785904765129 0.107708878815174 0.291739225387573 0.344364166259766 0.364238262176514 0.46419695019722 0.321002542972565 0.455527812242508 0.470048308372498 0.579888761043549 0.541984498500824 0.538917601108551 0.567984759807587 0.583378672599792 0.496220827102661 0.377321302890778 0.678207457065582 0.695833086967468 0.676008462905884 0.65510755777359 0.654668867588043 0.545142352581024 0.671102404594421 0.585950434207916 0.621200323104858 0.727142512798309 0.733977615833282 0.720802545547485 0.74652761220932 0.764596343040466 0.769919157028198 0.787397086620331 0.796177506446838 0.834441483020782 0.825523018836975 0.834077537059784 0.836194694042206 0.845091342926025 0.849269688129425 0.866000711917877 0.883128941059113 0.863568246364594
0.181601792573929 0.167362675070763 0.190116912126541 0.149859145283699 0.328202068805695 0.349434167146683 0.327249765396118 0.460810482501984 0.288723170757294 0.468228101730347 0.402809113264084 0.467879086732864 0.56520664691925 0.382078170776367 0.571602344512939 0.343713045120239 0.275666564702988 0.562220871448517 0.662806689739227 0.673799455165863 0.67128986120224 0.647098004817963 0.481516659259796 0.654052793979645 0.606932640075684 0.544443428516388 0.576678812503815 0.655123651027679 0.736659824848175 0.757357180118561 0.718641340732574 0.73309051990509 0.734986782073975 0.763785481452942 0.795593976974487 0.812445938587189 0.804221928119659 0.814909517765045 0.832148432731628 0.82617062330246 0.843518137931824 0.863620221614838 0.85760098695755 0.851878821849823
0.164066061377525 0.181820228695869 0.237870216369629 0.150132969021797 0.35610231757164 0.27771008014679 0.279550224542618 0.444024741649628 0.303746670484543 0.420159786939621 0.463389754295349 0.471558839082718 0.47059240937233 0.344706594944 0.391282469034195 0.249308705329895 0.520331144332886 0.578793168067932 0.57185035943985 0.527669608592987 0.528691172599792 0.462854117155075 0.65879875421524 0.642235457897186 0.475196301937103 0.539677679538727 0.542727112770081 0.585110902786255 0.714964389801025 0.786957383155823 0.776757180690765 0.733282864093781 0.74534022808075 0.765078902244568 0.787838995456696 0.80751633644104 0.828892767429352 0.839334547519684 0.827472150325775 0.816802620887756 0.844460427761078 0.838816404342651 0.833355605602264 0.846573948860168
0.113773457705975 0.224604830145836 0.206199407577515 0.21310943365097 0.350962400436401 0.352530360221863 0.330773413181305 0.240828767418861 0.408792853355408 0.422889053821564 0.460101515054703 0.471772938966751 0.331145167350769 0.388370931148529 0.289206802845001 0.421580076217651 0.555203139781952 0.562045097351074 0.510170996189117 0.384194195270538 0.331367671489716 0.46654948592186 0.516630470752716 0.620195925235748 0.488210201263428 0.441343694925308 0.579856693744659 0.700280666351318 0.747188925743103 0.755743563175201 0.779758810997009 0.730226397514343 0.751527786254883 0.765624821186066 0.792661547660828 0.810718357563019 0.806872427463531 0.852120578289032 0.82181179523468 0.841056287288666 0.847165763378143 0.853478372097015 0.84865015745163 0.874865829944611
0.13132318854332 0.264769643545151 0.239884465932846 0.148235589265823 0.202870160341263 0.365814656019211 0.352494329214096 0.183035805821419 0.465162217617035 0.405689567327499 0.464639067649841 0.341704040765762 0.270395994186401 0.262785971164703 0.300643861293793 0.339268714189529 0.523868143558502 0.572140336036682 0.41512867808342 0.393941462039948 0.302596360445023 0.2669438123703 0.443672597408295 0.641168057918549 0.408396661281586 0.451026499271393 0.494199633598328 0.650263071060181 0.738945603370667 0.742101728916168 0.759373426437378 0.76191920042038 0.760162472724915 0.791459381580353 0.788090765476227 0.77404397726059 0.774194717407227 0.814886212348938 0.854047060012817 0.865241706371307 0.832860231399536 0.839686334133148 0.859494864940643 0.878129959106445
0.168663501739502 0.269658803939819 0.220090076327324 0.233853355050087 0.25312203168869 0.318753957748413 0.349057823419571 0.299352556467056 0.395345360040665 0.466807842254639 0.464594632387161 0.272785127162933 0.472114711999893 0.462728530168533 0.454449862241745 0.284609705209732 0.437546819448471 0.457879096269608 0.415494620800018 0.320886135101318 0.278688788414001 0.252676129341125 0.278255760669708 0.492995858192444 0.380159586668015 0.491289108991623 0.474599242210388 0.644687175750732 0.674445688724518 0.733651459217072 0.764476358890533 0.774106979370117 0.78689843416214 0.797170400619507 0.782093644142151 0.76171463727951 0.785753071308136 0.844252347946167 0.852389693260193 0.843190968036652 0.794381201267242 0.828902065753937 0.83825808763504 0.87164831161499
0.260932236909866 0.325065821409225 0.272839665412903 0.268313109874725 0.179772213101387 0.364676415920258 0.330914914608002 0.303694635629654 0.156476899981499 0.374369502067566 0.369661033153534 0.249473541975021 0.345643907785416 0.475938856601715 0.469500333070755 0.257752358913422 0.448771446943283 0.446484267711639 0.379386454820633 0.279161691665649 0.263654768466949 0.283354699611664 0.240076497197151 0.48406308889389 0.579082846641541 0.594353139400482 0.678883969783783 0.618256866931915 0.59546309709549 0.675021827220917 0.701213419437408 0.76680189371109 0.770912349224091 0.750051617622375 0.751889288425446 0.752595901489258 0.797039866447449 0.836444795131683 0.841858685016632 0.823287308216095 0.828156530857086 0.831969499588013 0.874194622039795 0.897787868976593
0.306057959794998 0.32039001584053 0.267291814088821 0.14679828286171 0.226587876677513 0.325772136449814 0.344829142093658 0.366200506687164 0.333401650190353 0.333990186452866 0.36526295542717 0.26605361700058 0.378393262624741 0.373234957456589 0.449402511119843 0.377730965614319 0.278349578380585 0.360834836959839 0.341532468795776 0.349698573350906 0.357424288988113 0.266707241535187 0.389209151268005 0.486872583627701 0.58394718170166 0.581044435501099 0.679658651351929 0.66988068819046 0.592808127403259 0.713954985141754 0.712238073348999 0.73225474357605 0.770271360874176 0.754506707191467 0.787676155567169 0.78391969203949 0.795287609100342 0.808800041675568 0.826219618320465 0.854170024394989 0.868392288684845 0.877731204032898 0.891134142875671 0.903247952461243
