data/climate_estimation/maxent_output/Smilax_herbacea.asc
NCOLS 351 
NROWS 210 
XLLCORNER -94.4166666666667 
YLLCORNER 31.25 
CELLSIZE 0.0833333333333333 
NODATA_value -3.4e+38 
[rows 147 to 167 of 210, columns 94 to 140 of 351]
0.54786217212677 0.547440767288208 0.576402842998505 0.575957119464874 0.57951694726944 0.571960091590881 0.580309331417084 0.588104844093323 0.63733971118927 0.632366418838501 0.62267142534256 0.621659100055695 0.628690898418427 0.638842523097992 0.657397866249084 0.651968538761139 0.644247829914093 0.647491753101349 0.6943279504776 0.720909774303436 0.727958738803864 0.724971950054169 0.718868374824524 0.716068923473358 0.738769948482513 0.720771253108978 0.735002398490906 0.722567915916443 0.729382038116455 0.717013597488403 0.712718427181244 0.681419372558594 0.669083297252655 0.658506512641907 0.665424644947052 0.672545433044434 0.665463447570801 0.627639710903168 0.627569377422333 0.6273193359375 0.641326785087585 0.640933096408844 0.629813134670258 0.615074753761292 0.607964396476746 0.615020155906677 0.629022598266602
0.529416739940643 0.529086887836456 0.5651615858078 0.568039119243622 0.563707113265991 0.564567685127258 0.568285346031189 0.579524874687195 0.579364001750946 0.577938854694366 0.614872455596924 0.617444276809692 0.632535755634308 0.63858950138092 0.641476511955261 0.660115003585815 0.659300804138184 0.705587804317474 0.673835813999176 0.720577716827393 0.727680504322052 0.720543622970581 0.714122176170349 0.711505889892578 0.712611138820648 0.712611138820648 0.727593958377838 0.740412473678589 0.734000682830811 0.670754015445709 0.662688076496124 0.655069768428802 0.654765665531158 0.654461562633514 0.613599836826324 0.620680153369904 0.613243997097015 0.620000779628754 0.63038432598114 0.623103559017181 0.619123160839081 0.611849009990692 0.604546725749969 0.604349613189697 0.618335425853729 0.625399351119995 0.628878116607666
0.525358319282532 0.561458647251129 0.560804009437561 0.560784876346588 0.563547313213348 0.567603766918182 0.563222765922546 0.570687353610992 0.570403695106506 0.570226430892944 0.585335791110992 0.592481195926666 0.632716953754425 0.635565638542175 0.604571461677551 0.664388537406921 0.667996108531952 0.729983568191528 0.717465698719025 0.701207101345062 0.692912697792053 0.717658281326294 0.686738908290863 0.716134309768677 0.719789981842041 0.7387934923172 0.731265664100647 0.740839838981628 0.67931342124939 0.659109473228455 0.651881337165833 0.651487410068512 0.610392689704895 0.654658794403076 0.661261081695557 0.664335370063782 0.623639404773712 0.619391024112701 0.60481321811676 0.604669868946075 0.604724407196045 0.567083835601807 0.607999503612518 0.60764092206955 0.604115962982178 0.610772669315338 0.638903260231018
0.561690449714661 0.564562618732452 0.567704200744629 0.563532829284668 0.566653549671173 0.567231237888336 0.575386822223663 0.566777348518372 0.57448023557663 0.577779531478882 0.589363217353821 0.596642136573792 0.599910914897919 0.60711944103241 0.663054883480072 0.669768631458282 0.688568770885468 0.702743053436279 0.70166540145874 0.705307900905609 0.697717428207397 0.690279066562653 0.687644422054291 0.692411541938782 0.713534235954285 0.742053270339966 0.741282641887665 0.713621735572815 0.710456550121307 0.610854506492615 0.648369073867798 0.613991618156433 0.651165187358856 0.654389798641205 0.657487213611603 0.616001307964325 0.612294495105743 0.60500955581665 0.611721932888031 0.61478453874588 0.570390045642853 0.563145637512207 0.559585869312286 0.566729843616486 0.56660521030426 0.587096571922302 0.586704134941101
0.560720264911652 0.567405462265015 0.570603430271149 0.573468565940857 0.5743288397789 0.570987284183502 0.578543484210968 0.574461758136749 0.570422172546387 0.57728099822998 0.592696309089661 0.600646376609802 0.600414395332336 0.606598079204559 0.633277237415314 0.693811774253845 0.712316989898682 0.673362910747528 0.705976009368896 0.701646268367767 0.694435656070709 0.645733654499054 0.638597846031189 0.635675251483917 0.697040855884552 0.715811371803284 0.714443504810333 0.711456060409546 0.622404158115387 0.603748261928558 0.607256591320038 0.610498011112213 0.61368727684021 0.646794676780701 0.602056443691254 0.60143119096756 0.607942640781403 0.614946067333221 0.614335834980011 0.566233575344086 0.555819690227509 0.555714011192322 0.55942565202713 0.569786608219147 0.577034711837769 0.576181650161743 0.589946150779724
0.52366715669632 0.559305846691132 0.562120199203491 0.569022357463837 0.581221640110016 0.586530447006226 0.57891845703125 0.536825060844421 0.581635653972626 0.5802983045578 0.584605634212494 0.591534376144409 0.594834506511688 0.610215783119202 0.625472664833069 0.648161768913269 0.676979541778564 0.674654901027679 0.667656183242798 0.664385795593262 0.661978721618652 0.658545136451721 0.663199186325073 0.632465720176697 0.636682093143463 0.63230174779892 0.578712165355682 0.566576063632965 0.563151836395264 0.562959730625153 0.603587806224823 0.606702387332916 0.602660894393921 0.598551988601685 0.60135805606842 0.607672214508057 0.610626876354218 0.617506444454193 0.602699220180511 0.555326759815216 0.555150806903839 0.561890721321106 0.565383613109589 0.565507471561432 0.535871028900146 0.603157162666321 0.727041900157928
0.526509165763855 0.522093594074249 0.52489709854126 0.567904949188232 0.535701215267181 0.545229375362396 0.582687854766846 0.58968448638916 0.597610414028168 0.595997512340546 0.587736904621124 0.591087102890015 0.595140755176544 0.598158478736877 0.62516576051712 0.664472222328186 0.665551900863647 0.631028115749359 0.626572668552399 0.627743482589722 0.669966578483582 0.677014410495758 0.656150579452515 0.595371246337891 0.572045981884003 0.527263164520264 0.522973597049713 0.562972903251648 0.55932605266571 0.562746226787567 0.562518835067749 0.558504700660706 0.591231226921082 0.597961485385895 0.600803017616272 0.603700816631317 0.606598854064941 0.602680563926697 0.561377882957458 0.582128822803497 0.564711570739746 0.564534783363342 0.581932902336121 0.599331140518188 0.60925829410553 0.697730660438538 0.660828113555908
0.525434017181396 0.524620831012726 0.523807346820831 0.527099311351776 0.53157103061676 0.548975348472595 0.59839916229248 0.609273314476013 0.600215911865234 0.595604121685028 0.550125479698181 0.590568423271179 0.598121166229248 0.556619465351105 0.63300621509552 0.652444839477539 0.617220222949982 0.628194153308868 0.631135165691376 0.628391742706299 0.675059676170349 0.610592782497406 0.592214226722717 0.565522134304047 0.524685561656952 0.524268329143524 0.523329555988312 0.522903203964233 0.522579431533813 0.5516117811203 0.551192462444305 0.550914466381073 0.597814559936523 0.60398143529892 0.606899082660675 0.606058895587921 0.609246611595154 0.608725070953369 0.626107573509216 0.650385320186615 0.570825278759003 0.653217256069183 0.598346889019012 0.661792159080505 0.661453425884247 0.61499011516571 0.696867942810059
0.531859576702118 0.524203538894653 0.52361536026001 0.531536340713501 0.536231756210327 0.545125842094421 0.597915291786194 0.604868412017822 0.59894210100174 0.557111203670502 0.552293717861176 0.548262357711792 0.560014426708221 0.57251250743866 0.586828172206879 0.607354283332825 0.621848046779633 0.628770589828491 0.613670587539673 0.675898790359497 0.610483646392822 0.580905973911285 0.522520899772644 0.521949231624603 0.524614989757538 0.520377695560455 0.523103892803192 0.518741428852081 0.515043020248413 0.5144282579422 0.55068176984787 0.549859762191772 0.555650055408478 0.613087773323059 0.640915155410767 0.629726350307465 0.621782779693604 0.632220268249512 0.642602980136871 0.645955979824066 0.696743726730347 0.698113977909088 0.723372280597687 0.766290724277496 0.722681283950806 0.72275298833847 0.644119381904602
0.531524538993835 0.527493298053741 0.527851104736328 0.536352813243866 0.556892335414886 0.56096214056015 0.567933619022369 0.562736988067627 0.557092070579529 0.55234569311142 0.555681049823761 0.564903080463409 0.581157445907593 0.650462806224823 0.603542149066925 0.615595519542694 0.614515602588654 0.594439268112183 0.594403505325317 0.623070955276489 0.57687246799469 0.515138328075409 0.515276193618774 0.52615612745285 0.526138842105865 0.520550549030304 0.519602656364441 0.51856404542923 0.517026662826538 0.556610345840454 0.555766582489014 0.558387279510498 0.612491071224213 0.622348427772522 0.683841407299042 0.701473772525787 0.69857782125473 0.729001939296722 0.729802370071411 0.623738765716553 0.53172093629837 0.779466152191162 0.722659468650818 0.746014356613159 0.768337249755859 0.722938477993011 0.687937676906586
0.525408446788788 0.529591202735901 0.545387625694275 0.549782395362854 0.557439982891083 0.568820714950562 0.563834011554718 0.562506556510925 0.557711005210876 0.56941294670105 0.560968101024628 0.614206671714783 0.651522994041443 0.621393740177155 0.616692781448364 0.616226017475128 0.583426833152771 0.58335554599762 0.623808920383453 0.600988328456879 0.513952434062958 0.507081508636475 0.515171885490417 0.555835008621216 0.566567480564117 0.560983538627625 0.560506999492645 0.555028319358826 0.549234330654144 0.551408410072327 0.564603745937347 0.63140207529068 0.657756865024567 0.704384028911591 0.704562187194824 0.756383657455444 0.75800222158432 0.524138689041138 0.608752250671387 0.625338733196259 0.611405551433563 0.769178926944733 0.765939354896545 0.742411136627197 0.75424200296402 0.747602641582489 0.722829282283783
0.527593374252319 0.496193677186966 0.539393126964569 0.546652019023895 0.525009214878082 0.524473905563354 0.564507305622101 0.563479781150818 0.561940610408783 0.586785733699799 0.569110214710236 0.60296356678009 0.62696099281311 0.626925051212311 0.622132360935211 0.589096486568451 0.564052164554596 0.624853074550629 0.597020328044891 0.51105135679245 0.500045359134674 0.507985889911652 0.551777482032776 0.556611239910126 0.563303828239441 0.565682053565979 0.55983579158783 0.554642677307129 0.548473834991455 0.553683459758759 0.578927338123322 0.64737069606781 0.740918874740601 0.760934710502625 0.780572414398193 0.744616329669952 0.682006299495697 0.730942606925964 0.774823248386383 0.750527560710907 0.725828051567078 0.598027288913727 0.75592178106308 0.741845607757568 0.740263044834137 0.747111082077026 0.72586864233017
0.496701300144196 0.497209846973419 0.500433266162872 0.506326615810394 0.517665088176727 0.52436888217926 0.527975857257843 0.531123578548431 0.600893497467041 0.629408955574036 0.62443608045578 0.60788756608963 0.628113090991974 0.635197699069977 0.598204135894775 0.55684620141983 0.622058987617493 0.593717455863953 0.506601870059967 0.495944261550903 0.503874063491821 0.511925935745239 0.549029469490051 0.552815735340118 0.552377104759216 0.549878299236298 0.556459486484528 0.554222702980042 0.55988073348999 0.622495353221893 0.71012020111084 0.659788429737091 0.707872271537781 0.707734048366547 0.706997871398926 0.73771721124649 0.732186615467072 0.733294725418091 0.730823695659637 0.749695420265198 0.742216348648071 0.575172424316406 0.749859750270844 0.751003682613373 0.758063435554504 0.756206631660461 0.771420776844025
0.511183679103851 0.507707417011261 0.515236079692841 0.521893084049225 0.485516041517258 0.524022221565247 0.527714788913727 0.527404069900513 0.606320381164551 0.631246149539948 0.633897244930267 0.633573830127716 0.637232422828674 0.627985775470734 0.509494602680206 0.614493787288666 0.610875189304352 0.515223324298859 0.496028572320938 0.500216782093048 0.536285400390625 0.543936252593994 0.544813096523285 0.545128047466278 0.544393181800842 0.558084785938263 0.556444048881531 0.558004140853882 0.624636650085449 0.711840271949768 0.765646398067474 0.764948546886444 0.708929061889648 0.740496218204498 0.738454878330231 0.736393392086029 0.698936402797699 0.750945925712585 0.753474593162537 0.746355354785919 0.748047709465027 0.740836679935455 0.532312631607056 0.540667712688446 0.488191038370132 0.738340675830841 0.755324363708496
0.478436440229416 0.471343576908112 0.475265502929688 0.486337453126907 0.485047847032547 0.481721073389053 0.484930992126465 0.523763358592987 0.536369025707245 0.631209850311279 0.634779512882233 0.618037700653076 0.63825911283493 0.52310711145401 0.595635592937469 0.608283519744873 0.587374329566956 0.49604544043541 0.500114500522614 0.540482103824615 0.540029168128967 0.540011763572693 0.541026890277863 0.540625393390656 0.550567209720612 0.622086465358734 0.612399280071259 0.633916676044464 0.712418019771576 0.714841485023499 0.767278909683228 0.769274711608887 0.713550746440887 0.741285264492035 0.762566566467285 0.748044729232788 0.75047355890274 0.742461979389191 0.755333721637726 0.730449616909027 0.739575088024139 0.748964250087738 0.727016866207123 0.51991194486618 0.597625851631165 0.771366715431213 0.77656215429306
0.47038671374321 0.470090836286545 0.477722316980362 0.474868267774582 0.478221595287323 0.478039264678955 0.489108711481094 0.561842858791351 0.594662427902222 0.578041911125183 0.585294961929321 0.564433097839355 0.551456391811371 0.527300298213959 0.628544628620148 0.596763849258423 0.499570041894913 0.492884546518326 0.496858209371567 0.544603109359741 0.540782511234283 0.543851733207703 0.540189921855927 0.539561152458191 0.614934086799622 0.594105303287506 0.623029589653015 0.633937656879425 0.70698869228363 0.712789595127106 0.743625819683075 0.745490372180939 0.71249794960022 0.71415114402771 0.752987921237946 0.752339720726013 0.735539495944977 0.739809453487396 0.745466589927673 0.73309588432312 0.712778747081757 0.712201356887817 0.715780138969421 0.729609310626984 0.757133901119232 0.7808957695961 0.791209638118744
0.464977025985718 0.469133913516998 0.469974398612976 0.473610103130341 0.481419533491135 0.500227510929108 0.504414319992065 0.553023934364319 0.577864110469818 0.548550248146057 0.556925594806671 0.539428293704987 0.468610048294067 0.559455931186676 0.543352127075195 0.503905832767487 0.485418409109116 0.489649087190628 0.501133501529694 0.541218936443329 0.545218527317047 0.581427931785583 0.57727062702179 0.604156970977783 0.603152930736542 0.636762201786041 0.643414795398712 0.629774332046509 0.632787764072418 0.635890245437622 0.650935649871826 0.651315450668335 0.742725014686584 0.760686278343201 0.743283033370972 0.737296164035797 0.733328461647034 0.709996581077576 0.731170654296875 0.728080987930298 0.679256737232208 0.702970087528229 0.707370042800903 0.742302656173706 0.772487223148346 0.788278937339783 0.784817397594452
0.473260939121246 0.473227947950363 0.473873406648636 0.443329274654388 0.493066251277924 0.515889823436737 0.56793200969696 0.507896244525909 0.515666842460632 0.548391699790955 0.487815618515015 0.461444914340973 0.473063737154007 0.535234391689301 0.511700809001923 0.446382701396942 0.446255475282669 0.494014054536819 0.537927448749542 0.545201003551483 0.541413903236389 0.578553915023804 0.581358969211578 0.604248821735382 0.655383288860321 0.633752644062042 0.627970039844513 0.704464256763458 0.654314160346985 0.63621586561203 0.647587537765503 0.647967517375946 0.710492074489594 0.707177996635437 0.731635987758636 0.724931180477142 0.693783164024353 0.714808106422424 0.700051546096802 0.693512141704559 0.697353184223175 0.724825322628021 0.725572884082794 0.776850402355194 0.773107290267944 0.798964262008667 0.762148439884186
0.428722351789474 0.432067275047302 0.446307241916656 0.50443023443222 0.495734661817551 0.495346903800964 0.511133074760437 0.487629413604736 0.49511131644249 0.476427972316742 0.45792356133461 0.499142378568649 0.539253175258636 0.472997784614563 0.519476354122162 0.455130100250244 0.451264798641205 0.493828862905502 0.50172883272171 0.541483044624329 0.575289130210876 0.574472904205322 0.602019250392914 0.629315197467804 0.720190107822418 0.645845770835876 0.628619074821472 0.639922738075256 0.651434183120728 0.649583637714386 0.699060142040253 0.714183211326599 0.713431239128113 0.713564157485962 0.728020846843719 0.71049290895462 0.70075249671936 0.696735918521881 0.697901427745819 0.718638241291046 0.748353660106659 0.76471883058548 0.760639548301697 0.714048087596893 0.700392127037048 0.708442091941833 0.698958516120911
0.425593614578247 0.428471803665161 0.446146726608276 0.498920738697052 0.441416412591934 0.510020017623901 0.506445646286011 0.444578558206558 0.426877409219742 0.423804551362991 0.482975244522095 0.541459977626801 0.494453549385071 0.542738854885101 0.523417592048645 0.458070188760757 0.459014594554901 0.502084195613861 0.502376079559326 0.537896275520325 0.571284413337708 0.573869228363037 0.617979168891907 0.721952736377716 0.723733186721802 0.71839314699173 0.646533727645874 0.636625289916992 0.652785420417786 0.708687841892242 0.700336039066315 0.712022066116333 0.744795560836792 0.739591717720032 0.706535756587982 0.707658648490906 0.689119219779968 0.698685646057129 0.709367990493774 0.706951260566711 0.749290406703949 0.752296209335327 0.692145526409149 0.679598808288574 0.66476708650589 0.672854900360107 0.666886389255524
0.42445582151413 0.420448303222656 0.433471918106079 0.448958426713943 0.444001823663712 0.49727874994278 0.421566784381866 0.41523540019989 0.41046154499054 0.446615785360336 0.50394082069397 0.544617235660553 0.481958240270615 0.562007427215576 0.464619606733322 0.465456604957581 0.501624941825867 0.505664467811584 0.505359053611755 0.534211933612823 0.566238403320312 0.569332182407379 0.613731622695923 0.654106616973877 0.653425097465515 0.660873115062714 0.660281956195831 0.717890501022339 0.715368330478668 0.718701124191284 0.719821751117706 0.748222291469574 0.7178715467453 0.717567801475525 0.71888130903244 0.708333015441895 0.694962680339813 0.71453446149826 0.715194880962372 0.719304740428925 0.72045511007309 0.71004593372345 0.684937477111816 0.667998015880585 0.640728116035461 0.662272155284882 0.657257974147797
