data/climate_estimation/maxent_output/Smilax_lasioneura.asc
NCOLS 410 
NROWS 283 
XLLCORNER -109.583333333333 
YLLCORNER 29.0833333333333 
CELLSIZE 0.0833333333333333 
NODATA_value -3.4e+38 
[rows 60 to 79 of 283, columns 88 to 131 of 410]
0.546371579170227 0.549017608165741 0.523489892482758 0.527969598770142 0.543827593326569 0.509104430675507 0.513863682746887 0.516613781452179 0.473608762025833 0.470788806676865 0.42691695690155 0.28665417432785 0.516392767429352 0.516830921173096 0.391345143318176 0.629844963550568 0.63014030456543 0.631497204303741 0.636628925800323 0.636734843254089 0.637343466281891 0.635901093482971 0.58134663105011 0.586509704589844 0.587147891521454 0.595336377620697 0.594754636287689 0.591256439685822 0.588952481746674 0.648995161056519 0.650422811508179 0.680357873439789 0.697173953056335 0.698548018932343 0.653268396854401 0.628849804401398 0.620555818080902 0.605909645557404 0.59035861492157 0.611550748348236 0.619618892669678 0.622469305992126 0.62023788690567 0.589572787284851
0.540798604488373 0.544003367424011 0.505459487438202 0.51334822177887 0.506253242492676 0.51368772983551 0.516873300075531 0.43059504032135 0.431300580501556 0.431562632322311 0.422780215740204 0.446881324052811 0.48460641503334 0.508431673049927 0.393990814685822 0.606618821620941 0.603629350662231 0.626750886440277 0.629615068435669 0.602683126926422 0.633996486663818 0.636476159095764 0.640549123287201 0.603636145591736 0.581509411334991 0.585909962654114 0.574511528015137 0.585350334644318 0.568819522857666 0.56188702583313 0.625648140907288 0.611722052097321 0.629713892936707 0.624911069869995 0.641561925411224 0.619610071182251 0.620672523975372 0.600109934806824 0.584784328937531 0.593443989753723 0.617019057273865 0.621129631996155 0.625351011753082 0.648373126983643
0.502665758132935 0.551953196525574 0.559380948543549 0.48227933049202 0.484028339385986 0.484859794378281 0.494271278381348 0.4801986515522 0.442993193864822 0.407583773136139 0.404199987649918 0.420586347579956 0.492077082395554 0.535672128200531 0.546215236186981 0.573935270309448 0.572222590446472 0.600895166397095 0.597918272018433 0.609596312046051 0.630195677280426 0.637080729007721 0.637890875339508 0.596400022506714 0.554889917373657 0.558219790458679 0.563945233821869 0.562008142471313 0.557615101337433 0.581042766571045 0.614815771579742 0.612449109554291 0.606494605541229 0.563728988170624 0.578011572360992 0.577231884002686 0.602348685264587 0.580825567245483 0.58695524930954 0.596112012863159 0.62935745716095 0.603348314762115 0.611271739006042 0.653473556041718
0.499814242124557 0.505816280841827 0.528974175453186 0.539328694343567 0.504119277000427 0.493245333433151 0.489381074905396 0.449217408895493 0.453004479408264 0.451218008995056 0.428334563970566 0.423686265945435 0.528960824012756 0.504528224468231 0.569734990596771 0.55247700214386 0.57880562543869 0.580874025821686 0.606500923633575 0.604711651802063 0.603459477424622 0.629221558570862 0.618008136749268 0.578990161418915 0.559628427028656 0.531894505023956 0.563195824623108 0.536398768424988 0.535643577575684 0.535397231578827 0.547938048839569 0.545314788818359 0.537696897983551 0.557220578193665 0.549589574337006 0.545293092727661 0.549012720584869 0.518719255924225 0.567221403121948 0.567232310771942 0.607036888599396 0.604152858257294 0.605909049510956 0.629934728145599
0.496122568845749 0.510137021541595 0.472185701131821 0.476261168718338 0.47931444644928 0.484591603279114 0.451709419488907 0.455058813095093 0.412055492401123 0.448830723762512 0.450249493122101 0.454534292221069 0.513432264328003 0.536736786365509 0.519788026809692 0.513272941112518 0.577159702777863 0.57641863822937 0.607640385627747 0.59798389673233 0.629307866096497 0.608731865882874 0.61582225561142 0.543822169303894 0.528718233108521 0.525106191635132 0.528674840927124 0.530751585960388 0.532241225242615 0.536197423934937 0.507999241352081 0.52841180562973 0.520725131034851 0.448385149240494 0.445303350687027 0.465019911527634 0.437290251255035 0.418496072292328 0.505912125110626 0.51588249206543 0.583924114704132 0.584655463695526 0.579624235630035 0.619682669639587
0.509177386760712 0.516683876514435 0.512951254844666 0.469837337732315 0.481478244066238 0.489947021007538 0.471135675907135 0.493396699428558 0.539267420768738 0.535407960414886 0.544998526573181 0.544400334358215 0.544668674468994 0.533807039260864 0.542430877685547 0.535444557666779 0.535432815551758 0.582974910736084 0.563616275787354 0.570569217205048 0.590993046760559 0.605924904346466 0.602133691310883 0.62436580657959 0.552163302898407 0.552160680294037 0.530508637428284 0.535167157649994 0.538179457187653 0.538155257701874 0.53423798084259 0.504153072834015 0.46196511387825 0.438902854919434 0.38950577378273 0.3659508228302 0.346090376377106 0.401210457086563 0.446544140577316 0.486757755279541 0.493223398923874 0.574248254299164 0.575501322746277 0.613436758518219
0.518463969230652 0.52185183763504 0.504590094089508 0.535598039627075 0.498621910810471 0.499433726072311 0.506929814815521 0.534257352352142 0.518164992332458 0.514273285865784 0.545250415802002 0.548692524433136 0.610196530818939 0.572947323322296 0.586553454399109 0.518446445465088 0.520351588726044 0.528207302093506 0.562137186527252 0.556654274463654 0.582114338874817 0.590336322784424 0.594491183757782 0.580401599407196 0.539237022399902 0.556118011474609 0.548234701156616 0.540315389633179 0.530041933059692 0.535847544670105 0.527597963809967 0.465163081884384 0.443366497755051 0.460729330778122 0.396006077528 0.320501893758774 0.319114148616791 0.349116027355194 0.420754015445709 0.482885092496872 0.489510893821716 0.567631602287292 0.561393260955811 0.604315042495728
0.47524031996727 0.488233983516693 0.544939875602722 0.536158502101898 0.534726560115814 0.543188273906708 0.545884788036346 0.515363752841949 0.540233254432678 0.563771903514862 0.548744142055511 0.612695693969727 0.618173658847809 0.610646486282349 0.540863156318665 0.552207827568054 0.508575260639191 0.556139588356018 0.574004709720612 0.581942081451416 0.615166246891022 0.615009248256683 0.621415972709656 0.579947590827942 0.558827579021454 0.54080194234848 0.526271641254425 0.532238066196442 0.539269030094147 0.532700300216675 0.528170526027679 0.503404378890991 0.437505573034286 0.412041753530502 0.364860564470291 0.333709388971329 0.367965251207352 0.352194607257843 0.418601214885712 0.441996425390244 0.480711668729782 0.554278194904327 0.551081001758575 0.594497621059418
0.441591054201126 0.470702260732651 0.51689738035202 0.498160034418106 0.529086410999298 0.517261803150177 0.548628807067871 0.580393254756927 0.588800549507141 0.583089590072632 0.613390922546387 0.612426280975342 0.607046723365784 0.604877650737762 0.513388633728027 0.514716029167175 0.581179201602936 0.553169786930084 0.609065115451813 0.674409508705139 0.678050994873047 0.45431062579155 0.596785962581635 0.597230732440948 0.581824243068695 0.582001626491547 0.589388251304626 0.529029428958893 0.524718403816223 0.547579646110535 0.523605763912201 0.493705689907074 0.437249511480331 0.413286209106445 0.360075622797012 0.338181853294373 0.349883526563644 0.34439554810524 0.423754155635834 0.433344542980194 0.465154439210892 0.480723053216934 0.539087116718292 0.556934237480164
0.483603835105896 0.48531898856163 0.513741612434387 0.488150268793106 0.48724901676178 0.497284471988678 0.508971869945526 0.537841975688934 0.584789574146271 0.615223348140717 0.609084069728851 0.570995509624481 0.566884875297546 0.562317073345184 0.499821692705154 0.509013712406158 0.473106861114502 0.578148245811462 0.645496249198914 0.663027346134186 0.685464024543762 0.678124785423279 0.594711363315582 0.593230724334717 0.5715411901474 0.587523221969604 0.582899808883667 0.627921581268311 0.628927886486053 0.516746759414673 0.518944203853607 0.493449687957764 0.5179403424263 0.413574635982513 0.410474121570587 0.427718460559845 0.346924185752869 0.367390543222427 0.412051916122437 0.410938441753387 0.467875748872757 0.481057792901993 0.53839772939682 0.551330983638763
0.456183016300201 0.478657513856888 0.483256250619888 0.478648662567139 0.447322368621826 0.49247744679451 0.480643898248672 0.488859623670578 0.4941745698452 0.569449305534363 0.606968283653259 0.524116575717926 0.537544548511505 0.516481816768646 0.505796372890472 0.494556844234467 0.477821201086044 0.542701840400696 0.569762110710144 0.664465546607971 0.669908702373505 0.620930910110474 0.607331573963165 0.592406094074249 0.574719309806824 0.594589352607727 0.58790397644043 0.583210527896881 0.531212687492371 0.554786801338196 0.554707109928131 0.537917196750641 0.496873825788498 0.489265143871307 0.423084259033203 0.423488140106201 0.441613733768463 0.415934711694717 0.417027682065964 0.447410672903061 0.508696973323822 0.506137549877167 0.561340034008026 0.565211594104767
0.42269504070282 0.430965542793274 0.44090524315834 0.459635585546494 0.426513075828552 0.477363497018814 0.478637427091599 0.512186050415039 0.513261139392853 0.522605359554291 0.546528518199921 0.521903514862061 0.541043221950531 0.511072218418121 0.509332060813904 0.501745045185089 0.467704385519028 0.555229306221008 0.551084756851196 0.563302218914032 0.580200970172882 0.614448547363281 0.614969074726105 0.59048593044281 0.574193179607391 0.574570298194885 0.570206344127655 0.57144033908844 0.597987413406372 0.598098158836365 0.531697273254395 0.509303092956543 0.495504051446915 0.491798847913742 0.461814820766449 0.444254338741302 0.44369301199913 0.414394587278366 0.454606503248215 0.453308939933777 0.515076577663422 0.506891846656799 0.532057702541351 0.621530175209045
0.427004784345627 0.431337833404541 0.418536812067032 0.407896608114243 0.417008072137833 0.419519364833832 0.419355571269989 0.425666302442551 0.432342708110809 0.461184233427048 0.473953694105148 0.511431634426117 0.520269811153412 0.511410653591156 0.483791708946228 0.492572575807571 0.481269687414169 0.555625259876251 0.539591133594513 0.553286612033844 0.565896987915039 0.597810745239258 0.581835687160492 0.593371748924255 0.580043315887451 0.594212651252747 0.596345901489258 0.620967984199524 0.613829076290131 0.588196992874146 0.593063056468964 0.511751055717468 0.516262769699097 0.494998067617416 0.427280634641647 0.447394967079163 0.44244059920311 0.451729267835617 0.457370430231094 0.457533299922943 0.520969152450562 0.518180787563324 0.601929664611816 0.621303498744965
0.410584002733231 0.41450047492981 0.420293986797333 0.388777315616608 0.38983416557312 0.41263422369957 0.419971704483032 0.372992753982544 0.391209930181503 0.457523733377457 0.460398644208908 0.429681271314621 0.472471386194229 0.519747376441956 0.52008318901062 0.488410979509354 0.485447943210602 0.52401876449585 0.5109983086586 0.512211322784424 0.470966368913651 0.564668118953705 0.606368720531464 0.59154337644577 0.579730629920959 0.606458425521851 0.606458425521851 0.598035156726837 0.610212385654449 0.613250851631165 0.591370344161987 0.598471462726593 0.537707567214966 0.536806464195251 0.517220139503479 0.445382684469223 0.466090828180313 0.462643444538116 0.454644113779068 0.543722331523895 0.557161927223206 0.564351916313171 0.598745346069336 0.628081977367401
0.415968030691147 0.393431484699249 0.365367591381073 0.36545592546463 0.387628614902496 0.343411594629288 0.365441977977753 0.367902547121048 0.371785223484039 0.375001043081284 0.401009976863861 0.416481137275696 0.418592512607574 0.432041168212891 0.432537019252777 0.493609130382538 0.490926831960678 0.465107947587967 0.463069677352905 0.456610560417175 0.468821614980698 0.504846155643463 0.540735960006714 0.605731129646301 0.625863969326019 0.606712639331818 0.604408979415894 0.574526965618134 0.616228044033051 0.608142733573914 0.592975437641144 0.583706259727478 0.545556247234344 0.516345500946045 0.52135044336319 0.5382000207901 0.487625449895859 0.523473143577576 0.544857323169708 0.543627023696899 0.572051107883453 0.570543944835663 0.659042418003082 0.630963325500488
0.422612965106964 0.387650221586227 0.390753597021103 0.389321148395538 0.337265521287918 0.34483414888382 0.346239924430847 0.350225001573563 0.34797665476799 0.370453178882599 0.391556829214096 0.412116378545761 0.372439652681351 0.440240561962128 0.402724087238312 0.414443552494049 0.413431584835052 0.410168826580048 0.371942937374115 0.42811131477356 0.423808664083481 0.498674392700195 0.504908442497253 0.553968250751495 0.590063095092773 0.57169908285141 0.604806244373322 0.627783954143524 0.623193323612213 0.586856067180634 0.598061382770538 0.544045507907867 0.524635553359985 0.523469209671021 0.526845216751099 0.516157925128937 0.50734555721283 0.576280176639557 0.577630281448364 0.611143052577972 0.636887013912201 0.61347621679306 0.655892729759216 0.632771909236908
0.423602014780045 0.422837257385254 0.392767190933228 0.373123705387115 0.323562800884247 0.343664139509201 0.283337414264679 0.299442976713181 0.31525182723999 0.388846725225449 0.388667702674866 0.412565231323242 0.364087730646133 0.38388192653656 0.369971215724945 0.416936725378036 0.409322261810303 0.40633162856102 0.372106730937958 0.365583837032318 0.295263200998306 0.41986483335495 0.521451771259308 0.537654280662537 0.567595303058624 0.551052868366241 0.575642168521881 0.542046010494232 0.549644231796265 0.517464697360992 0.522238969802856 0.530522167682648 0.528961598873138 0.526137053966522 0.523741006851196 0.54096120595932 0.53992360830307 0.628213703632355 0.616338491439819 0.636526048183441 0.635433375835419 0.640711009502411 0.636542916297913 0.654468536376953
0.426464438438416 0.427882850170135 0.370292991399765 0.354879081249237 0.341624349355698 0.325976490974426 0.283119261264801 0.298403769731522 0.31498971581459 0.331489145755768 0.329339325428009 0.377187937498093 0.374832153320312 0.340006738901138 0.35067230463028 0.365172207355499 0.337498962879181 0.335816711187363 0.318192452192307 0.238768041133881 0.386139065027237 0.428568631410599 0.442376345396042 0.483687430620193 0.575634598731995 0.502842009067535 0.479840844869614 0.466524630784988 0.521203756332397 0.562213957309723 0.515850782394409 0.526818215847015 0.498148947954178 0.488884896039963 0.507124423980713 0.548019468784332 0.545079469680786 0.624345242977142 0.626691162586212 0.703948736190796 0.71750396490097 0.637163579463959 0.63490104675293 0.651974976062775
0.426431477069855 0.431811362504959 0.374370455741882 0.383188933134079 0.346463441848755 0.342812955379486 0.313940554857254 0.314360082149506 0.295362710952759 0.326955437660217 0.296830087900162 0.299766391515732 0.365488439798355 0.365935415029526 0.375104874372482 0.390228092670441 0.360073536634445 0.337256580591202 0.206157669425011 0.208056271076202 0.329279273748398 0.414776921272278 0.449476033449173 0.509824573993683 0.509016513824463 0.506586253643036 0.481178283691406 0.501256585121155 0.481073617935181 0.478726178407669 0.48145380616188 0.467865943908691 0.489473760128021 0.463522642850876 0.464267522096634 0.541486442089081 0.537996590137482 0.626510739326477 0.660275161266327 0.708871364593506 0.719238996505737 0.632796943187714 0.636309742927551 0.580441534519196
0.448831140995026 0.451911866664886 0.395078718662262 0.397060394287109 0.369862228631973 0.299445897340775 0.316572070121765 0.310438215732574 0.283300697803497 0.315368205308914 0.32094594836235 0.337591409683228 0.374070674180984 0.363925784826279 0.404520392417908 0.387868672609329 0.43809574842453 0.341804534196854 0.310439079999924 0.203774705529213 0.327663987874985 0.410770446062088 0.4515660405159 0.505253911018372 0.497231066226959 0.499750167131424 0.442428648471832 0.440264075994492 0.461919546127319 0.457742959260941 0.478380084037781 0.453818321228027 0.460612148046494 0.463358998298645 0.468936502933502 0.520744860172272 0.562599658966064 0.621804237365723 0.708002269268036 0.702955842018127 0.724545121192932 0.628130674362183 0.628232061862946 0.574066936969757
