data/climate_estimation/maxent_output/Smilax_trinervula.asc
NCOLS 414 
NROWS 131 
XLLCORNER 105.916666666667 
YLLCORNER 26.0833333333333 
CELLSIZE 0.0833333333333333 
NODATA_value -3.4e+38 
[rows 92 to 114 of 131, columns 153 to 203 of 414]
0.40576359629631 0.388382911682129 0.419645130634308 0.411302804946899 0.383602738380432 0.379064381122589 0.398531913757324 0.383118003606796 0.376314014196396 0.378077417612076 0.366994291543961 0.339808821678162 0.283991605043411 0.271553456783295 0.259788513183594 0.247671082615852 0.2272879332304 0.206508234143257 0.202371254563332 0.205068975687027 0.200379207730293 0.211639359593391 0.26081320643425 0.304008841514587 0.291547507047653 0.254693329334259 0.252645164728165 0.292480528354645 0.310912251472473 0.320667117834091 0.30390191078186 0.237063646316528 0.164650499820709 0.143179774284363 0.13485486805439 0.115562438964844 0.105737946927547 0.0962986350059509 0.0931212455034256 0.0890699326992035 -3.4e+38 -3.4e+38 -3.4e+38 -3.4e+38 -3.4e+38 -3.4e+38 -3.4e+38 -3.4e+38 -3.4e+38 -3.4e+38 -3.4e+38
0.403145432472229 0.39387920498848 0.402592867612839 0.394804239273071 0.394869714975357 0.372516363859177 0.368679314851761 0.357578009366989 0.349858373403549 0.352960675954819 0.331015020608902 0.253533601760864 0.266819834709167 0.301727950572968 0.263635218143463 0.241790473461151 0.212894931435585 0.210926860570908 0.203393325209618 0.20957438647747 0.211525425314903 0.205011501908302 0.261553525924683 0.288224041461945 0.276890814304352 0.268634140491486 0.203805759549141 0.178254932165146 0.27387323975563 0.325823456048965 0.254846006631851 0.183659061789513 0.168420806527138 0.151669129729271 0.119797572493553 0.102118752896786 0.107170388102531 0.0950330346822739 0.0841986387968063 0.0778732672333717 0.0758332908153534 -3.4e+38 -3.4e+38 -3.4e+38 -3.4e+38 -3.4e+38 -3.4e+38 -3.4e+38 -3.4e+38 -3.4e+38 -3.4e+38
0.380312204360962 0.374135732650757 0.376692026853561 0.361998230218887 0.358176797628403 0.337546616792679 0.347884267568588 0.351071268320084 0.329985022544861 0.344671547412872 0.34409636259079 0.348276495933533 0.315989285707474 0.27611231803894 0.243600785732269 0.227672398090363 0.228902593255043 0.202283769845963 0.189242795109749 0.174902632832527 0.201552122831345 0.204233095049858 0.249870717525482 0.284659087657928 0.312703490257263 0.190089210867882 0.178823858499527 0.169447511434555 0.165252596139908 0.188653394579887 0.206290438771248 0.184431031346321 0.140696555376053 0.130540370941162 0.129899844527245 0.109183855354786 0.100448571145535 0.0915676206350327 0.080937571823597 0.078777976334095 0.0715392902493477 -3.4e+38 -3.4e+38 -3.4e+38 -3.4e+38 -3.4e+38 -3.4e+38 -3.4e+38 -3.4e+38 -3.4e+38 -3.4e+38
0.370332449674606 0.372612327337265 0.358936131000519 0.353190958499908 0.341464012861252 0.320278406143188 0.326019257307053 0.312135368585587 0.321663200855255 0.329137444496155 0.31718310713768 0.314528912305832 0.303877770900726 0.230785697698593 0.215874940156937 0.198580399155617 0.177096948027611 0.186900466680527 0.179766342043877 0.187682792544365 0.19383816421032 0.222048118710518 0.30411159992218 0.287744224071503 0.247366026043892 0.236955299973488 0.23668697476387 0.265933960676193 0.200072199106216 0.187039688229561 0.174609705805779 0.16592675447464 0.171052888035774 0.166871920228004 0.138880118727684 0.114214852452278 0.111083202064037 0.0856500715017319 0.0790851563215256 0.0768637731671333 -3.4e+38 -3.4e+38 -3.4e+38 -3.4e+38 -3.4e+38 -3.4e+38 -3.4e+38 -3.4e+38 -3.4e+38 -3.4e+38 -3.4e+38
0.37377455830574 0.376730054616928 0.361531466245651 0.332429438829422 0.328988164663315 0.321252167224884 0.316075623035431 0.302701890468597 0.306761741638184 0.270011156797409 0.247334346175194 0.245715171098709 0.225666210055351 0.21126064658165 0.186724752187729 0.19843602180481 0.168817773461342 0.164769858121872 0.159251511096954 0.187689483165741 0.192890167236328 0.284750729799271 0.309831440448761 0.293579161167145 0.348154842853546 0.30195027589798 0.23580014705658 0.179294362664223 0.166773870587349 0.194666251540184 0.170636549592018 0.172115534543991 0.18429234623909 0.14102078974247 0.118323788046837 0.326108425855637 0.290703684091568 -3.4e+38 -3.4e+38 -3.4e+38 -3.4e+38 -3.4e+38 -3.4e+38 -3.4e+38 -3.4e+38 -3.4e+38 -3.4e+38 -3.4e+38 -3.4e+38 -3.4e+38 -3.4e+38
0.360999166965485 0.377244651317596 0.356209754943848 0.324598848819733 0.311074137687683 0.302225470542908 0.295451015233994 0.277406215667725 0.229456230998039 0.209307909011841 0.175748839974403 0.177647858858109 0.204175442457199 0.205577686429024 0.205149963498116 0.184214428067207 0.162380248308182 0.162681668996811 0.168296724557877 0.176820293068886 0.233908966183662 0.287891656160355 0.330900222063065 0.235127046704292 0.181784227490425 0.141584470868111 0.153584405779839 0.159309476613998 0.148111119866371 0.163537472486496 0.132785081863403 0.157269075512886 0.150549829006195 0.137638658285141 0.340288519859314 0.318634808063507 0.288798063993454 -3.4e+38 -3.4e+38 -3.4e+38 -3.4e+38 -3.4e+38 0.042608767747879 -3.4e+38 -3.4e+38 -3.4e+38 -3.4e+38 -3.4e+38 -3.4e+38 -3.4e+38 -3.4e+38
0.342894673347473 0.335075497627258 0.316881269216537 0.310765147209167 0.264502108097076 0.278291314840317 0.2683424949646 0.22370608150959 0.187134057283401 0.151567727327347 0.15906448662281 0.150563985109329 0.147534593939781 0.14596600830555 0.155702441930771 0.156822204589844 0.143475204706192 0.139985904097557 0.137877821922302 0.161910608410835 0.269631743431091 0.209245502948761 0.168208554387093 0.154455676674843 0.167304188013077 0.173706367611885 0.199336558580399 0.311789780855179 0.260719418525696 0.136033073067665 0.13424164056778 0.162848472595215 0.153394773602486 0.329919338226318 0.324441134929657 0.308417111635208 0.287461370229721 0.237392246723175 0.207457765936852 -3.4e+38 -3.4e+38 -3.4e+38 -3.4e+38 -3.4e+38 -3.4e+38 -3.4e+38 -3.4e+38 -3.4e+38 -3.4e+38 -3.4e+38 -3.4e+38
0.303445935249329 0.290186077356339 0.280399113893509 0.269885748624802 0.245832666754723 0.235548779368401 0.221951350569725 0.1811203956604 0.15447835624218 0.165925651788712 0.113000676035881 0.119682163000107 0.1205924898386 0.11810826510191 0.123614452779293 0.132672265172005 0.147202894091606 0.130792453885078 0.148355081677437 0.197916984558105 0.174027636647224 0.155353263020515 0.164877161383629 0.195774137973785 0.210682019591331 0.184880256652832 0.243912473320961 0.290129750967026 0.178493395447731 0.158372342586517 0.130296900868416 0.113147616386414 0.11282205581665 0.106889314949512 0.317940264940262 0.323352754116058 -3.4e+38 0.227812051773071 0.20984074473381 -3.4e+38 -3.4e+38 -3.4e+38 -3.4e+38 -3.4e+38 -3.4e+38 -3.4e+38 -3.4e+38 -3.4e+38 -3.4e+38 -3.4e+38 -3.4e+38
0.279484122991562 0.277114003896713 0.267539590597153 0.258921027183533 0.252277791500092 0.234841540455818 0.193493768572807 0.17452347278595 0.147838369011879 0.136268749833107 0.108537763357162 0.1007971316576 0.0997180342674255 0.109968133270741 0.119659908115864 0.125122874975204 0.131517767906189 0.1263577491045 0.129088938236237 0.175793647766113 0.15967646241188 0.240175679326057 0.224792376160622 0.22194105386734 0.241702973842621 0.263684540987015 0.246691778302193 0.182202711701393 0.142517581582069 0.116817280650139 0.112089797854424 0.115946739912033 0.103197783231735 0.0927906557917595 0.267017036676407 -3.4e+38 -3.4e+38 0.19986680150032 -3.4e+38 -3.4e+38 -3.4e+38 -3.4e+38 -3.4e+38 -3.4e+38 -3.4e+38 -3.4e+38 -3.4e+38 -3.4e+38 -3.4e+38 -3.4e+38 -3.4e+38
0.25714910030365 0.263957291841507 0.239828050136566 0.238170206546783 0.233292013406754 0.199744954705238 0.180221557617188 0.149394869804382 0.145057111978531 0.108841717243195 0.0900726392865181 0.0866521224379539 0.0996714681386948 0.0992650613188744 0.0985607728362083 0.1076964661479 0.11173814535141 0.132852360606194 0.207082197070122 0.221537187695503 0.207265555858612 0.263791471719742 0.273018479347229 0.229632750153542 0.233484819531441 0.283263653516769 0.267381727695465 0.165024414658546 0.14962936937809 0.145545110106468 0.118557199835777 0.103221572935581 0.0892008915543556 0.0782552510499954 0.251097530126572 0.241773813962936 -3.4e+38 -3.4e+38 0.152017563581467 -3.4e+38 -3.4e+38 -3.4e+38 -3.4e+38 -3.4e+38 -3.4e+38 -3.4e+38 -3.4e+38 -3.4e+38 -3.4e+38 -3.4e+38 -3.4e+38
0.238614797592163 0.243302419781685 0.238176137208939 0.217999652028084 0.21829642355442 0.191401749849319 0.181090787053108 0.133516222238541 0.100595414638519 0.118491001427174 0.0921305269002914 0.0841886550188065 0.100981950759888 0.0958425477147102 0.122031323611736 0.124759688973427 0.107138156890869 0.128113880753517 0.16283006966114 0.237146407365799 0.228141710162163 0.249498844146729 0.209155738353729 0.194364666938782 0.177083149552345 0.164471879601479 0.20404164493084 0.231757655739784 0.169710293412209 0.115156672894955 0.117084823548794 0.0836766436696053 0.0758940577507019 0.0806443840265274 0.213220909237862 0.210137009620667 -3.4e+38 -3.4e+38 0.152632430195808 -3.4e+38 -3.4e+38 -3.4e+38 -3.4e+38 -3.4e+38 -3.4e+38 -3.4e+38 -3.4e+38 -3.4e+38 -3.4e+38 -3.4e+38 -3.4e+38
0.228890463709831 0.223485261201859 0.233548313379288 0.220213636755943 0.203894898295403 0.205248683691025 0.16765733063221 0.114053077995777 0.0941690802574158 0.0829136744141579 0.079949177801609 0.0825194343924522 0.0848112404346466 0.1084238961339 0.102719761431217 0.102583326399326 0.116074442863464 0.111108720302582 0.110697478055954 0.169680163264275 0.174418583512306 0.157663077116013 0.174976572394371 0.194306090474129 0.157385647296906 0.134332969784737 0.176296904683113 0.187464103102684 0.154330417513847 0.104390509426594 0.0920507162809372 0.0971144735813141 0.0824001058936119 0.0762550011277199 0.188188940286636 0.183133915066719 -3.4e+38 -3.4e+38 -3.4e+38 -3.4e+38 -3.4e+38 -3.4e+38 -3.4e+38 -3.4e+38 -3.4e+38 -3.4e+38 -3.4e+38 -3.4e+38 -3.4e+38 -3.4e+38 -3.4e+38
0.220534324645996 0.234526664018631 0.227685794234276 0.200829938054085 0.191445142030716 0.166665956377983 0.139904230833054 0.149942547082901 0.10003849118948 0.0883990228176117 0.0738645941019058 0.0708863139152527 0.0841183140873909 0.0769831463694572 0.0813229903578758 0.0915792807936668 0.0989383384585381 0.10487575083971 0.0925732776522636 0.145585015416145 0.190982431173325 0.194391667842865 0.155104652047157 0.143845319747925 0.138201087713242 0.144033163785934 0.166717574000359 0.137046322226524 0.100968092679977 0.0896990373730659 0.0847788378596306 0.0815489739179611 0.0742675811052322 0.0730995833873749 0.174880981445312 0.166223108768463 0.155153825879097 -3.4e+38 -3.4e+38 -3.4e+38 -3.4e+38 -3.4e+38 -3.4e+38 -3.4e+38 -3.4e+38 -3.4e+38 -3.4e+38 -3.4e+38 -3.4e+38 -3.4e+38 -3.4e+38
0.211744800209999 0.204150959849358 0.189204663038254 0.208048239350319 0.195190891623497 0.157662704586983 0.12251078337431 0.113365329802036 0.0914553701877594 0.0797197967767715 0.0811505243182182 0.0800507292151451 0.092838890850544 0.114083006978035 0.0988890677690506 0.113574080169201 0.142579913139343 0.112054504454136 0.10399454832077 0.129889383912086 0.136715948581696 0.134041726589203 0.144006282091141 0.167607352137566 0.130965739488602 0.127393618226051 0.154367029666901 0.0993671342730522 0.0811284109950066 0.0741237252950668 0.0707672089338303 0.0645903199911118 0.0720125511288643 0.0636062771081924 -3.4e+38 -3.4e+38 -3.4e+38 -3.4e+38 -3.4e+38 -3.4e+38 -3.4e+38 -3.4e+38 -3.4e+38 -3.4e+38 -3.4e+38 -3.4e+38 -3.4e+38 -3.4e+38 -3.4e+38 -3.4e+38 -3.4e+38
0.197772905230522 0.211363479495049 0.196191519498825 0.182965576648712 0.169647261500359 0.14096936583519 0.120217494666576 0.111629441380501 0.0916361734271049 0.0855207517743111 0.0823408886790276 0.0747028887271881 0.0886997207999229 0.102197781205177 0.0844723582267761 0.0934943929314613 0.0962119847536087 0.114258386194706 0.125932931900024 0.0998158007860184 0.129645377397537 0.11147627979517 0.101589322090149 0.130453109741211 0.110001094639301 0.119767814874649 0.11798781901598 0.104360423982143 0.0780650451779366 0.065246120095253 0.0750493779778481 0.0579682216048241 0.0554816015064716 -3.4e+38 0.0494194403290749 -3.4e+38 -3.4e+38 -3.4e+38 -3.4e+38 -3.4e+38 -3.4e+38 -3.4e+38 -3.4e+38 -3.4e+38 -3.4e+38 -3.4e+38 -3.4e+38 -3.4e+38 -3.4e+38 -3.4e+38 -3.4e+38
0.176111117005348 0.192242607474327 0.168268546462059 0.149946823716164 0.141447007656097 0.130847737193108 0.122120432555676 0.129555627703667 0.125811636447906 0.134385153651237 0.0997952967882156 0.0860574543476105 0.0847007855772972 0.0873010233044624 0.0822489857673645 0.0817664563655853 0.108180850744247 0.139490708708763 0.0987872630357742 0.114046782255173 0.144428551197052 0.116030089557171 0.0956674143671989 0.0955254808068275 0.0978100299835205 0.0880975052714348 0.0751080065965652 0.0714803412556648 0.0664826333522797 0.0649926513433456 0.0690540298819542 0.0581562370061874 0.0501670055091381 -3.4e+38 -3.4e+38 -3.4e+38 -3.4e+38 -3.4e+38 -3.4e+38 -3.4e+38 -3.4e+38 -3.4e+38 -3.4e+38 -3.4e+38 -3.4e+38 -3.4e+38 -3.4e+38 -3.4e+38 -3.4e+38 -3.4e+38 -3.4e+38
0.153859794139862 0.157353341579437 0.135581389069557 0.137978449463844 0.126794770359993 0.143835291266441 0.180777385830879 0.156178846955299 0.146427020430565 0.150364249944687 0.0976962745189667 0.0758190378546715 0.123245216906071 0.0893646851181984 0.0982717350125313 0.0949613749980927 0.113032080233097 0.151895627379417 0.140311792492867 0.149188816547394 0.145606189966202 0.136011183261871 0.100197546184063 0.0884585380554199 0.0834745243191719 0.0820998996496201 0.0727405548095703 0.0783146768808365 0.0729875713586807 0.0637710094451904 0.0565745905041695 -3.4e+38 -3.4e+38 -3.4e+38 -3.4e+38 -3.4e+38 -3.4e+38 -3.4e+38 -3.4e+38 -3.4e+38 -3.4e+38 -3.4e+38 -3.4e+38 -3.4e+38 -3.4e+38 -3.4e+38 -3.4e+38 -3.4e+38 -3.4e+38 -3.4e+38 -3.4e+38
0.133995473384857 0.137552261352539 0.145104989409447 0.130971997976303 0.154090240597725 0.190116077661514 0.190016895532608 0.161473721265793 0.124478332698345 0.11048998683691 0.0852245464920998 0.125492617487907 0.15002803504467 0.136705935001373 0.133183121681213 0.105279050767422 0.126189634203911 0.103264719247818 0.121340043842793 0.127267330884933 0.113483242690563 0.0959635451436043 0.0984951928257942 0.093041330575943 0.0921764075756073 0.0849500745534897 0.0756258741021156 -3.4e+38 0.0578223615884781 0.0521772503852844 0.0464266240596771 -3.4e+38 -3.4e+38 -3.4e+38 -3.4e+38 -3.4e+38 -3.4e+38 -3.4e+38 -3.4e+38 -3.4e+38 -3.4e+38 -3.4e+38 -3.4e+38 -3.4e+38 -3.4e+38 -3.4e+38 -3.4e+38 -3.4e+38 -3.4e+38 -3.4e+38 -3.4e+38
0.150138184428215 0.136535540223122 0.131733730435371 0.125215902924538 0.160178735852242 0.191658586263657 0.205935850739479 0.152835667133331 0.119492217898369 0.129442989826202 0.109626650810242 0.162293583154678 0.120250537991524 0.0992009788751602 0.101512052118778 0.0910483226180077 0.0985204204916954 0.0959153547883034 0.088742159307003 0.0779699236154556 0.0907989740371704 0.0688944458961487 0.0740456432104111 0.0832663923501968 0.0757749304175377 0.0687462911009789 -3.4e+38 -3.4e+38 0.0517768524587154 0.0438708625733852 0.0442556738853455 -3.4e+38 -3.4e+38 -3.4e+38 -3.4e+38 -3.4e+38 -3.4e+38 -3.4e+38 -3.4e+38 -3.4e+38 -3.4e+38 -3.4e+38 -3.4e+38 -3.4e+38 -3.4e+38 -3.4e+38 -3.4e+38 -3.4e+38 -3.4e+38 -3.4e+38 -3.4e+38
0.128752037882805 0.115004412829876 0.121312655508518 0.135340988636017 0.166674166917801 0.175028502941132 0.180015161633492 0.142171889543533 0.125059813261032 0.159703820943832 0.135823398828506 0.165909260511398 0.107936665415764 0.0820031985640526 0.0955537036061287 0.085896298289299 0.0982602015137672 0.0913035497069359 0.120719149708748 0.0969029515981674 0.102360844612122 0.0906794294714928 0.0655519440770149 0.0665004849433899 0.0738390013575554 0.0569883845746517 -3.4e+38 -3.4e+38 -3.4e+38 -3.4e+38 -3.4e+38 -3.4e+38 -3.4e+38 -3.4e+38 -3.4e+38 -3.4e+38 -3.4e+38 -3.4e+38 -3.4e+38 -3.4e+38 -3.4e+38 -3.4e+38 -3.4e+38 -3.4e+38 -3.4e+38 -3.4e+38 -3.4e+38 -3.4e+38 -3.4e+38 -3.4e+38 -3.4e+38
0.111960485577583 0.122825376689434 0.112801879644394 0.12527784705162 0.121433101594448 0.134314209222794 0.157393038272858 0.139847666025162 0.139499679207802 0.15551620721817 0.155074238777161 0.138666883111 0.11258302628994 0.0798957273364067 0.0759673267602921 0.0908617451786995 0.105987198650837 0.122583396732807 0.0815788805484772 0.0689221918582916 0.0644276216626167 0.0726831927895546 0.0661266148090363 0.0752356797456741 0.0647242441773415 -3.4e+38 -3.4e+38 0.0499005056917667 -3.4e+38 -3.4e+38 0.0328288823366165 -3.4e+38 -3.4e+38 -3.4e+38 -3.4e+38 -3.4e+38 -3.4e+38 -3.4e+38 -3.4e+38 -3.4e+38 -3.4e+38 -3.4e+38 -3.4e+38 -3.4e+38 -3.4e+38 -3.4e+38 -3.4e+38 -3.4e+38 -3.4e+38 -3.4e+38 -3.4e+38
0.109470576047897 0.107808642089367 0.128526106476784 0.134894877672195 0.128461077809334 0.162004232406616 0.170220330357552 0.150272265076637 0.166837796568871 0.162685379385948 0.146220505237579 0.125146746635437 0.102487303316593 0.0995674654841423 0.106704011559486 0.124998830258846 0.137375339865685 0.119758144021034 0.0894309803843498 0.104142978787422 0.0645465478301048 0.0572166666388512 0.0607597529888153 0.057532399892807 -3.4e+38 -3.4e+38 -3.4e+38 -3.4e+38 -3.4e+38 -3.4e+38 -3.4e+38 -3.4e+38 -3.4e+38 -3.4e+38 -3.4e+38 -3.4e+38 -3.4e+38 -3.4e+38 -3.4e+38 -3.4e+38 -3.4e+38 -3.4e+38 -3.4e+38 -3.4e+38 -3.4e+38 -3.4e+38 -3.4e+38 -3.4e+38 -3.4e+38 -3.4e+38 -3.4e+38
0.107018426060677 0.11182864010334 0.125464081764221 0.119372792541981 0.135129824280739 0.159299969673157 0.150399565696716 0.137315168976784 0.11801640689373 0.137922793626785 0.134714588522911 0.0975247770547867 0.0981672555208206 0.134829476475716 0.116997808218002 0.110911674797535 0.121705427765846 0.125228837132454 0.0863083153963089 0.0809609144926071 0.0712755471467972 0.0676015764474869 0.0623759776353836 0.0486872754991055 0.043768685311079 -3.4e+38 -3.4e+38 -3.4e+38 0.0279919914901257 0.0284721571952105 -3.4e+38 -3.4e+38 -3.4e+38 -3.4e+38 -3.4e+38 -3.4e+38 -3.4e+38 -3.4e+38 -3.4e+38 -3.4e+38 -3.4e+38 -3.4e+38 -3.4e+38 -3.4e+38 -3.4e+38 -3.4e+38 -3.4e+38 -3.4e+38 -3.4e+38 -3.4e+38 -3.4e+38
