data/climate_estimation/maxent_output/Smilax_glaucochina.asc
NCOLS 193 
NROWS 139 
XLLCORNER 104.5 
YLLCORNER 22.6666666666667 
CELLSIZE 0.0833333333333333 
NODATA_value -3.4e+38 
[rows 20 to 39 of 139, columns 132 to 175 of 193]
0.804991006851196 0.80482679605484 0.801722288131714 0.787471115589142 0.779018759727478 0.764445185661316 0.740081012248993 0.71192342042923 0.685660243034363 0.649949669837952 0.631757915019989 0.501963496208191 0.482109099626541 0.471764802932739 0.596205770969391 0.600289285182953 0.590851366519928 0.609384179115295 0.62046080827713 0.627666592597961 0.640215456485748 0.643309235572815 0.649097919464111 0.654946327209473 0.653006374835968 0.665315449237823 0.655929028987885 0.670994937419891 0.683389484882355 0.697355926036835 0.703171133995056 0.699080884456635 0.71273285150528 0.705223262310028 0.698777198791504 0.697845339775085 0.686085939407349 0.700482428073883 0.703920423984528 0.694868564605713 0.68183434009552 0.677164614200592 0.67767995595932 0.681965947151184
0.819015264511108 0.813904762268066 0.811507523059845 0.800023436546326 0.786787807941437 0.765601456165314 0.746990144252777 0.719919502735138 0.68302458524704 0.64529287815094 0.628327071666718 0.614555239677429 0.479126662015915 0.597225725650787 0.593786835670471 0.592090964317322 0.596017479896545 0.609194815158844 0.616579353809357 0.61899197101593 0.634114503860474 0.635577976703644 0.637655913829803 0.641423225402832 0.649839758872986 0.657696187496185 0.651250660419464 0.670848846435547 0.68266224861145 0.695152103900909 0.698906898498535 0.713976681232452 0.721443653106689 0.724541842937469 0.724153876304626 0.71472579240799 0.713362872600555 0.704973816871643 0.694453358650208 0.682641744613647 0.673592865467072 0.676018238067627 0.674096524715424 0.673721373081207
0.815475761890411 0.820570766925812 0.820758104324341 0.811200141906738 0.791626453399658 0.775898516178131 0.753678917884827 0.719150304794312 0.69247180223465 0.663668036460876 0.631012260913849 0.614969074726105 0.60458642244339 0.590035378932953 0.58681184053421 0.584970355033875 0.595884501934052 0.604953169822693 0.611775398254395 0.61294960975647 0.626510143280029 0.620538771152496 0.623247385025024 0.634144425392151 0.640120804309845 0.650459349155426 0.646874368190765 0.661654770374298 0.680478811264038 0.688947200775146 0.70582777261734 0.733385145664215 0.736257195472717 0.741653263568878 0.740218102931976 0.734896123409271 0.716992199420929 0.703935623168945 0.693523585796356 0.677064836025238 0.674841225147247 0.670542895793915 0.665873169898987 0.673898100852966
0.81539785861969 0.824063360691071 0.820842742919922 0.820749580860138 0.803662359714508 0.785444915294647 0.760466933250427 0.740851283073425 0.709132850170135 0.685865521430969 0.653650283813477 0.622063457965851 0.591897368431091 0.581287860870361 0.578728199005127 0.583240211009979 0.569146156311035 0.588389754295349 0.601386249065399 0.605857670307159 0.603474199771881 0.605334103107452 0.597755551338196 0.585265040397644 0.613791823387146 0.629072189331055 0.636535227298737 0.656243979930878 0.669878363609314 0.68181312084198 0.713845133781433 0.719621419906616 0.745784819126129 0.748604834079742 0.756159424781799 0.732725858688354 0.717656791210175 0.697806715965271 0.685097575187683 0.663251221179962 0.656870365142822 0.655718207359314 0.65088152885437 0.665688157081604
0.832577168941498 0.82394278049469 0.828174293041229 0.83160388469696 0.814679861068726 0.793857574462891 0.776463747024536 0.751164197921753 0.730928361415863 0.698711633682251 0.664839446544647 0.615185081958771 0.598130285739899 0.554854214191437 0.580556869506836 0.551243603229523 0.553726255893707 0.552301824092865 0.553164601325989 0.55128002166748 0.526674509048462 0.5157790184021 0.537087500095367 0.542311072349548 0.516352474689484 0.551314353942871 0.580453217029572 0.606185913085938 0.654719293117523 0.661789357662201 0.699560940265656 0.716820418834686 0.735296189785004 0.745018661022186 0.736252248287201 0.730593502521515 0.708600044250488 0.690317273139954 0.648249447345734 0.652901649475098 0.649359822273254 0.636748552322388 0.636003136634827 0.654528379440308
0.834394156932831 0.829468667507172 0.830026924610138 0.826690375804901 0.823673903942108 0.80300384759903 0.786602199077606 0.764638483524323 0.73130875825882 0.690347492694855 0.658740043640137 0.611544668674469 0.593032002449036 0.557518661022186 0.5460404753685 0.538900554180145 0.531891822814941 0.529051840305328 0.499294698238373 0.521467626094818 0.484591901302338 0.452265202999115 0.445935666561127 0.446038246154785 0.455713957548141 0.492731362581253 0.524133622646332 0.538039684295654 0.583909153938293 0.627091109752655 0.658185541629791 0.688342094421387 0.71562933921814 0.725789964199066 0.72765189409256 0.700070023536682 0.69234836101532 0.643016457557678 0.623274862766266 0.576511800289154 0.579444348812103 0.613439738750458 0.616464674472809 0.596087217330933
0.839139223098755 0.838946282863617 0.836088061332703 0.829160034656525 0.827444791793823 0.820521533489227 0.79550176858902 0.769820988178253 0.721840143203735 0.681867659091949 0.663051784038544 0.64050680398941 0.596126794815063 0.581156432628632 0.542695760726929 0.52738493680954 0.520745515823364 0.486385494470596 0.480939716100693 0.471904426813126 0.427782714366913 0.387698888778687 0.37316483259201 0.361864358186722 0.381571114063263 0.422576278448105 0.457337260246277 0.478123933076859 0.521125078201294 0.562339425086975 0.60730105638504 0.626435160636902 0.668339431285858 0.675981938838959 0.666122198104858 0.666626036167145 0.64679217338562 0.637479543685913 0.601419389247894 0.570350646972656 0.582856178283691 0.579168677330017 0.574856340885162 0.571627557277679
0.840030550956726 0.842330753803253 0.833930730819702 0.838637888431549 0.829945087432861 0.814960181713104 0.797042667865753 0.764114499092102 0.720212519168854 0.66885107755661 0.650148689746857 0.628249824047089 0.585512280464172 0.570396840572357 0.524415552616119 0.511787712574005 0.476110190153122 0.467783331871033 0.448941975831985 0.442652672529221 0.403108060359955 0.349322021007538 0.297483205795288 0.308551579713821 0.320718795061111 0.352656602859497 0.391258984804153 0.434766918420792 0.479594647884369 0.523158073425293 0.54763525724411 0.591785073280334 0.595710873603821 0.603495061397552 0.636563956737518 0.626872837543488 0.618807792663574 0.591531813144684 0.582094192504883 0.618052542209625 0.600823640823364 0.559691488742828 0.575850009918213 0.54916650056839
0.835487186908722 0.836791336536407 0.831681907176971 0.82913064956665 0.828451633453369 0.803347945213318 0.785177707672119 0.745609283447266 0.709975898265839 0.692424297332764 0.647138953208923 0.605778634548187 0.588626563549042 0.541545391082764 0.521141052246094 0.493132561445236 0.479399561882019 0.443337261676788 0.408771872520447 0.391661196947098 0.371385008096695 0.155885964632034 0.139136910438538 0.19060742855072 0.266936838626862 0.327661901712418 0.361448109149933 0.379871159791946 0.417223691940308 0.465779066085815 0.508366346359253 0.545278251171112 0.556487619876862 0.556627452373505 0.595333456993103 0.592273354530334 0.59324723482132 0.583473861217499 0.552142262458801 0.57285749912262 0.569904863834381 0.538158059120178 0.529294550418854 0.522182404994965
0.829940736293793 0.820664405822754 0.785503268241882 0.811502158641815 0.809151768684387 0.802936732769012 0.765985488891602 0.73323780298233 0.719379425048828 0.677620112895966 0.664016664028168 0.620001971721649 0.572497546672821 0.545458912849426 0.500285387039185 0.474944174289703 0.433159649372101 0.411841720342636 0.396321296691895 0.332904607057571 0.251320242881775 0.0994764566421509 0.104791417717934 0.149987563490868 0.229004696011543 0.29629522562027 0.337351500988007 0.355847835540771 0.388396799564362 0.43293485045433 0.461644053459167 0.498254984617233 0.525018393993378 0.533488571643829 0.556017398834229 0.550227582454681 0.552163541316986 0.550440788269043 0.540089190006256 0.548795580863953 0.529300272464752 0.525942444801331 0.515286326408386 0.511455118656158
0.737004160881042 0.765188753604889 0.757586121559143 0.770405650138855 0.797939777374268 0.778501927852631 0.772552669048309 0.733267545700073 0.704620242118835 0.661824762821198 0.643816530704498 0.609784781932831 0.584555447101593 0.536088347434998 0.505643665790558 0.454677879810333 0.431710571050644 0.409806102514267 0.36677286028862 0.325760245323181 0.205754444003105 0.134356796741486 0.119034245610237 0.151980176568031 0.199722394347191 0.270118355751038 0.315258085727692 0.353544324636459 0.382522910833359 0.420315563678741 0.457811057567596 0.477622151374817 0.481645315885544 0.514348924160004 0.520239472389221 0.522414684295654 0.514042556285858 0.510745108127594 0.507208287715912 0.506370902061462 0.500258922576904 0.494740724563599 0.482271790504456 0.477456629276276
0.794104039669037 0.799527049064636 0.809175610542297 0.789137721061707 0.764078974723816 0.765162408351898 0.736114621162415 0.742199957370758 0.675886631011963 0.660817801952362 0.622152209281921 0.604297399520874 0.583089530467987 0.529765903949738 0.509755194187164 0.479625701904297 0.436706691980362 0.413085579872131 0.370298653841019 0.331516534090042 0.252406507730484 0.217537179589272 0.194265738129616 0.221227496862411 0.241564765572548 0.286785036325455 0.313526749610901 0.348028689622879 0.360857248306274 0.395717442035675 0.42172959446907 0.464926511049271 0.478640019893646 0.488616913557053 0.483573257923126 0.507512867450714 0.509873926639557 0.494140952825546 0.471256643533707 0.486867636442184 0.486039370298386 0.469464838504791 0.474087715148926 0.470512300729752
0.78597491979599 0.823999106884003 0.816367268562317 0.804437160491943 0.749391198158264 0.752376675605774 0.755582571029663 0.69720470905304 0.680382907390594 0.641784191131592 0.622003257274628 0.602130711078644 0.552760362625122 0.531772494316101 0.50975102186203 0.524320662021637 0.517225503921509 0.478351920843124 0.462290436029434 0.416980773210526 0.370747029781342 0.358595311641693 0.347020089626312 0.320800811052322 0.338473975658417 0.345091909170151 0.349193304777145 0.365130513906479 0.375441163778305 0.404509991407394 0.402010083198547 0.431170165538788 0.468958705663681 0.473900079727173 0.483612388372421 0.475978523492813 0.473044514656067 0.474964469671249 0.482419520616531 0.484507292509079 0.48760724067688 0.482225388288498 0.479517877101898 0.484734684228897
0.80564820766449 0.828108191490173 0.793526470661163 0.784457981586456 0.766947686672211 0.727294623851776 0.744705259799957 0.696452915668488 0.675300121307373 0.64257538318634 0.623221874237061 0.598556637763977 0.568365037441254 0.563626706600189 0.611285924911499 0.617350995540619 0.619149744510651 0.587063372135162 0.568840622901917 0.516494572162628 0.489809304475784 0.44795286655426 0.424336820840836 0.416262418031693 0.388169854879379 0.389022976160049 0.397461593151093 0.416631430387497 0.418362617492676 0.433657974004745 0.460268348455429 0.465094834566116 0.470821410417557 0.492532908916473 0.499126374721527 0.499582290649414 0.493733674287796 0.49697071313858 0.49946454167366 0.503448128700256 0.502597272396088 0.506595075130463 0.480712682008743 0.478029996156693
0.805719554424286 0.782130300998688 0.780547499656677 0.736680746078491 0.729823708534241 0.734947502613068 0.693338930606842 0.685282349586487 0.674722909927368 0.625125229358673 0.612889647483826 0.606580436229706 0.634225189685822 0.649483144283295 0.709007263183594 0.726475596427917 0.738470852375031 0.731305003166199 0.68788468837738 0.628298699855804 0.597735345363617 0.569891750812531 0.51413905620575 0.474582642316818 0.454968690872192 0.449139982461929 0.467748075723648 0.461257815361023 0.460964977741241 0.463521540164948 0.463638067245483 0.486697494983673 0.489516377449036 0.520793557167053 0.515230894088745 0.518575608730316 0.49492484331131 0.498344987630844 0.50834447145462 0.492494195699692 0.494263142347336 0.499150931835175 0.494125574827194 0.495142787694931
0.804067134857178 0.766661286354065 0.645182907581329 0.668689012527466 0.70216977596283 0.718128263950348 0.679585516452789 0.690300524234772 0.685082137584686 0.657885611057281 0.671911537647247 0.667703151702881 0.690537989139557 0.760925889015198 0.783443689346313 0.805398285388947 0.825853943824768 0.810046792030334 0.787105739116669 0.781363546848297 0.739011108875275 0.666260600090027 0.612950146198273 0.57508510351181 0.532662928104401 0.521247386932373 0.506223380565643 0.502722024917603 0.494293510913849 0.49356597661972 0.496864974498749 0.512128710746765 0.512917041778564 0.520454168319702 0.544356524944305 0.532943308353424 0.512054860591888 0.514715731143951 0.517579257488251 0.517375349998474 0.508860409259796 0.509650230407715 0.507128536701202 0.506575524806976
0.812095463275909 0.725459277629852 0.701023519039154 0.742509484291077 0.725669264793396 0.749186992645264 0.750093042850494 0.71619039773941 0.699701070785522 0.665274977684021 0.683175504207611 0.708763957023621 0.750974059104919 0.782536566257477 0.803207993507385 0.848038375377655 0.860643565654755 0.84352058172226 0.868848919868469 0.841814339160919 0.7998948097229 0.75422203540802 0.692596793174744 0.66009110212326 0.609134674072266 0.586919665336609 0.572540819644928 0.560097515583038 0.552996397018433 0.546892464160919 0.548443019390106 0.548297166824341 0.542148232460022 0.533954799175262 0.540625989437103 0.530111134052277 0.528405725955963 0.531989634037018 0.534045279026031 0.532342731952667 0.528204619884491 0.530646860599518 0.532291054725647 0.52278333902359
0.792368412017822 0.801550924777985 0.765404284000397 0.622560322284698 0.739199280738831 0.755256354808807 0.728090584278107 0.675683796405792 0.594063699245453 0.700951457023621 0.645024240016937 0.64689302444458 0.698436677455902 0.736201882362366 0.781699657440186 0.828315079212189 0.816963315010071 0.912173986434937 0.931257665157318 0.900370121002197 0.864426136016846 0.804385542869568 0.750854790210724 0.728886604309082 0.682327270507812 0.651478409767151 0.611266732215881 0.593903779983521 0.586026668548584 0.58439427614212 0.578848302364349 0.568774521350861 0.569426357746124 0.560302138328552 0.55952125787735 0.555526733398438 0.545332312583923 0.54811304807663 0.547692239284515 0.546654641628265 0.546003818511963 0.541517913341522 0.543920934200287 0.538438975811005
0.829183459281921 0.853854358196259 0.808682560920715 0.818535506725311 0.765198051929474 0.772116482257843 0.666191637516022 0.62087345123291 0.623279571533203 0.691620409488678 0.663260817527771 0.668340921401978 0.655117869377136 0.724443435668945 0.747328162193298 0.836305141448975 0.909919440746307 0.941240608692169 0.939905226230621 0.907930433750153 0.871933877468109 0.833616733551025 0.784351110458374 0.72789740562439 0.71144700050354 0.672772467136383 0.666624307632446 0.652341604232788 0.63977187871933 0.612003326416016 0.628527820110321 0.596988081932068 0.618795990943909 0.580475747585297 0.579226016998291 0.57378226518631 0.577126443386078 0.540555238723755 0.56597626209259 0.539032816886902 0.564809739589691 0.558463871479034 0.555225610733032 0.555242240428925
0.86599737405777 0.853944718837738 0.860094130039215 0.845925390720367 0.797859609127045 0.74705296754837 0.616102814674377 0.639971554279327 0.718609392642975 0.674421429634094 0.652556419372559 0.646004498004913 0.75917512178421 0.845005989074707 0.832399666309357 0.887848019599915 0.938905358314514 0.940309822559357 0.937083899974823 0.921113252639771 0.877101540565491 0.832735121250153 0.815358757972717 0.758782207965851 0.69307404756546 0.707065343856812 0.689455211162567 0.663075804710388 0.658597350120544 0.647680461406708 0.633963525295258 0.628107368946075 0.626999378204346 0.605523705482483 0.599431157112122 0.587818920612335 0.590197026729584 0.588625133037567 0.588273525238037 0.589647829532623 0.584926307201385 0.576872646808624 0.570296823978424 0.594190895557404
