data/climate_estimation/maxent_output/Smilax_nigrescens.asc
NCOLS 241 
NROWS 231 
XLLCORNER 98.0833333333333 
YLLCORNER 21.6666666666667 
CELLSIZE 0.0833333333333333 
NODATA_value -3.4e+38 
[rows 120 to 139 of 231, columns 0 to 43 of 241]
0.130347490310669 0.144210964441299 0.241249307990074 0.142920091748238 0.0861062258481979 0.0963971763849258 0.0801498517394066 0.17551577091217 0.325656890869141 0.167071968317032 0.214903190732002 0.127917364239693 0.141651168465614 0.0925887152552605 0.168109625577927 0.104573644697666 0.104504600167274 0.168422400951385 0.244138702750206 0.173570811748505 0.184389367699623 0.15052518248558 0.0908608660101891 0.284081965684891 0.325490653514862 0.440738886594772 0.398071974515915 0.330953180789948 0.143195167183876 0.236539974808693 0.297783195972443 0.200597926974297 0.175265729427338 0.375438392162323 0.326238930225372 0.293577909469604 0.64231550693512 0.364723265171051 0.239737659692764 0.138640552759171 0.177244663238525 0.222418487071991 0.122806191444397 0.326753258705139
0.095023550093174 0.0768152549862862 0.19432544708252 0.194646939635277 0.106748796999454 0.087713323533535 0.119405664503574 0.101869404315948 0.0724311098456383 0.316782504320145 0.3253253698349 0.314138144254684 0.120141200721264 0.0720039755105972 0.0868487283587456 0.129744231700897 0.0805920511484146 0.11127644777298 0.21875949203968 0.16232767701149 0.15746933221817 0.162267237901688 0.11319674551487 0.356523215770721 0.469064295291901 0.266430497169495 0.120592340826988 0.132972419261932 0.121379978954792 0.135514751076698 0.261473685503006 0.358476430177689 0.266429007053375 0.20902918279171 0.366585522890091 0.491970658302307 0.563390076160431 0.193384915590286 0.259985059499741 0.165030404925346 0.181386813521385 0.518799602985382 0.496981680393219 0.664182662963867
0.0712970346212387 0.101590536534786 0.124738208949566 0.212651640176773 0.123247258365154 0.10594642162323 0.0692354738712311 0.0972365587949753 0.0839602276682854 0.277266085147858 0.293243438005447 0.170229732990265 0.265661090612411 0.113687470555305 0.0814373567700386 0.0913977026939392 0.0839685946702957 0.109531566500664 0.144745275378227 0.160091534256935 0.141193628311157 0.0913737267255783 0.103304408490658 0.237987756729126 0.241973087191582 0.489338248968124 0.181556314229965 0.132481515407562 0.123113989830017 0.178412735462189 0.176840215921402 0.253667145967484 0.322589218616486 0.312296032905579 0.275700479745865 0.500549018383026 0.169780060648918 0.395682722330093 0.238922312855721 0.317609220743179 0.230979159474373 0.356591671705246 0.222413614392281 0.395374655723572
0.10439595580101 0.101082615554333 0.116852551698685 0.169934079051018 0.185036107897758 0.146143049001694 0.0710565224289894 0.07459557056427 0.0753825977444649 0.245712101459503 0.30997371673584 0.0924536287784576 0.224977478384972 0.228733241558075 0.151435598731041 0.0663483440876007 0.0386105328798294 0.0866042748093605 0.0927871018648148 0.0881132185459137 0.141392931342125 0.0807756781578064 0.157146334648132 0.153139635920525 0.298397809267044 0.5269415974617 0.474472969770432 0.256260007619858 0.156734094023705 0.189634159207344 0.241434782743454 0.25048440694809 0.302468687295914 0.219488218426704 0.446291714906693 0.63764363527298 0.19237607717514 0.120798297226429 0.234553471207619 0.310800492763519 0.327730387449265 0.17095910012722 0.2574083507061 0.600411355495453
0.165226474404335 0.143121063709259 0.120196856558323 0.0963410884141922 0.150247141718864 0.178217828273773 0.0954144895076752 0.0830153971910477 0.0880983546376228 0.236847624182701 0.334487110376358 0.0802668333053589 0.0909764021635056 0.156772390007973 0.124193370342255 0.0710552036762238 0.12055729329586 0.0572715066373348 0.0633548051118851 0.0988355949521065 0.154518216848373 0.0963655933737755 0.111767366528511 0.292469382286072 0.413320511579514 0.222370222210884 0.52872908115387 0.50143975019455 0.388993829488754 0.30692857503891 0.352809399366379 0.305139482021332 0.275884628295898 0.379501163959503 0.28194460272789 0.603901922702789 0.387719929218292 0.142260521650314 0.26911523938179 0.350963026285172 0.556276857852936 0.354030311107635 0.329175055027008 0.266869992017746
0.127957090735435 0.150009468197823 0.122051000595093 0.111080378293991 0.104813821613789 0.101791091263294 0.11843191832304 0.0857104882597923 0.0836995244026184 0.203651592135429 0.377155959606171 0.142457127571106 0.0663627535104752 0.101082794368267 0.193270564079285 0.0948471203446388 0.148559615015984 0.17716820538044 0.155330911278725 0.0787212625145912 0.16013066470623 0.133040577173233 0.0986575409770012 0.240761145949364 0.396090120077133 0.254567593336105 0.486200541257858 0.337612569332123 0.612677574157715 0.601355373859406 0.570391952991486 0.414686888456345 0.226889386773109 0.346261024475098 0.448288142681122 0.530733823776245 0.154627367854118 0.412854939699173 0.325311690568924 0.328522592782974 0.483347624540329 0.424900680780411 0.211877018213272 0.146045669913292
0.128927320241928 0.109535850584507 0.117494069039822 0.137823298573494 0.134020552039146 0.0873382464051247 0.0933205187320709 0.0856554582715034 0.157383188605309 0.228527337312698 0.3517025411129 0.167604014277458 0.0868645757436752 0.230146244168282 0.242610827088356 0.246498703956604 0.0933090001344681 0.0610404498875141 0.0716459080576897 0.118232548236847 0.148556917905807 0.171787947416306 0.101732790470123 0.270550549030304 0.209061086177826 0.155835703015327 0.41131579875946 0.244774103164673 0.333900183439255 0.435617178678513 0.592864513397217 0.510124802589417 0.411115199327469 0.216767430305481 0.49249342083931 0.509465396404266 0.445331633090973 0.19047324359417 0.184844896197319 0.263854742050171 0.348714262247086 0.433949619531631 0.191796272993088 0.129462763667107
0.170082196593285 0.138311862945557 0.111404553055763 0.119625471532345 0.108245834708214 0.120573610067368 0.110854998230934 0.11893992125988 0.198623061180115 0.251354187726974 0.337693184614182 0.182881206274033 0.127209469676018 0.366145104169846 0.315804898738861 0.279907524585724 0.15848383307457 0.106754004955292 0.123890586197376 0.157207742333412 0.13754940032959 0.133394688367844 0.196437895298004 0.12791796028614 0.126409649848938 0.152375027537346 0.333274781703949 0.164377644658089 0.249334067106247 0.375651746988297 0.429922431707382 0.602678060531616 0.578040421009064 0.355143338441849 0.564100861549377 0.533183157444 0.427170038223267 0.170152679085732 0.185061767697334 0.247778370976448 0.325113385915756 0.414667904376984 0.312158137559891 0.155381262302399
0.104102060198784 0.126437649130821 0.126212865114212 0.103859014809132 0.116576477885246 0.136173337697983 0.145543038845062 0.131297752261162 0.0959555208683014 0.195305526256561 0.378403037786484 0.145056322216988 0.13323900103569 0.374198377132416 0.290092498064041 0.226614207029343 0.11174126714468 0.085373267531395 0.0881870910525322 0.145958632230759 0.246251657605171 0.267409533262253 0.162737026810646 0.13984452188015 0.123006895184517 0.155088916420937 0.22221277654171 0.267129153013229 0.196117922663689 0.266057074069977 0.514948546886444 0.544408082962036 0.655221164226532 0.662524878978729 0.681525230407715 0.63464742898941 0.46689835190773 0.333845496177673 0.408112674951553 0.315044194459915 0.372618317604065 0.401168972253799 0.403228968381882 0.301499426364899
0.143650785088539 0.103424400091171 0.103195995092392 0.116835705935955 0.134033918380737 0.14287643134594 0.105008698999882 0.166246011853218 0.0977127701044083 0.182406529784203 0.279477924108505 0.331098347902298 0.257274836301804 0.361434668302536 0.158136144280434 0.141506865620613 0.0721513703465462 0.064223513007164 0.0668209791183472 0.130701661109924 0.200738966464996 0.203640282154083 0.158595442771912 0.220093503594398 0.223527044057846 0.200098246335983 0.277537435293198 0.273303776979446 0.252667963504791 0.306601643562317 0.327589422464371 0.330303162336349 0.580471336841583 0.432933628559113 0.587141454219818 0.718918979167938 0.647312700748444 0.524736344814301 0.350467622280121 0.26065668463707 0.498775720596313 0.513345003128052 0.452730983495712 0.370141088962555
0.180970028042793 0.165879309177399 0.165367171168327 0.11856023222208 0.118227832019329 0.151266723871231 0.189295262098312 0.170887246727943 0.146900773048401 0.137146696448326 0.18704454600811 0.383121281862259 0.435548186302185 0.20347073674202 0.0446367263793945 0.102026276290417 0.0987456142902374 0.0803803130984306 0.097417064011097 0.0683782175183296 0.097098208963871 0.145214468240738 0.119335770606995 0.190207242965698 0.38800722360611 0.329953610897064 0.247883722186089 0.307702541351318 0.207923889160156 0.259203374385834 0.374799191951752 0.502231121063232 0.324954450130463 0.384911924600601 0.62177449464798 0.716394782066345 0.551176011562347 0.555090427398682 0.350728422403336 0.251475065946579 0.50131893157959 0.538795828819275 0.456121683120728 0.286971807479858
0.208317756652832 0.218904435634613 0.271680325269699 0.190348744392395 0.13880367577076 0.136809587478638 0.186194702982903 0.262260854244232 0.121477179229259 0.110042206943035 0.174881920218468 0.497286677360535 0.365909934043884 0.239570021629333 0.089418388903141 0.0845288038253784 0.131414234638214 0.0526994839310646 0.04420330747962 0.064373292028904 0.080390177667141 0.199794068932533 0.157848417758942 0.141596063971519 0.24685138463974 0.443728446960449 0.473655998706818 0.265218019485474 0.323940992355347 0.373430460691452 0.298451721668243 0.468250155448914 0.411084085702896 0.251879721879959 0.554797947406769 0.720528483390808 0.43864032626152 0.250524044036865 0.198378771543503 0.390330016613007 0.413992702960968 0.497971147298813 0.508166253566742 0.270024925470352
0.522489905357361 0.188224539160728 0.339407742023468 0.143634781241417 0.104718916118145 0.181567877531052 0.243884474039078 0.261457055807114 0.132908508181572 0.094588041305542 0.197493135929108 0.48729619383812 0.173027411103249 0.154172837734222 0.089838057756424 0.113696180284023 0.12772262096405 0.063312903046608 0.0562820546329021 0.111962929368019 0.242928296327591 0.251556158065796 0.219748392701149 0.11697781085968 0.125719964504242 0.133854269981384 0.394487679004669 0.370998650789261 0.326611042022705 0.397361487150192 0.239087134599686 0.17527163028717 0.289129883050919 0.490751683712006 0.318703413009644 0.652190387248993 0.659405767917633 0.296873331069946 0.403487294912338 0.441803306341171 0.357725113630295 0.462721526622772 0.506515741348267 0.292028427124023
0.383776485919952 0.471729159355164 0.366230875253677 0.212894603610039 0.132967874407768 0.164786860346794 0.228541374206543 0.255047351121902 0.244773507118225 0.167820751667023 0.389251828193665 0.451391279697418 0.130866482853889 0.0796063169836998 0.105996213853359 0.135998487472534 0.129090309143066 0.156428635120392 0.12697821855545 0.310966640710831 0.380406707525253 0.214280620217323 0.145028308033943 0.102748587727547 0.136734277009964 0.272035837173462 0.28785115480423 0.469258368015289 0.384713560342789 0.207255184650421 0.219678297638893 0.248928979039192 0.138367533683777 0.374749600887299 0.629191219806671 0.587587535381317 0.71535712480545 0.345693677663803 0.359313100576401 0.259364545345306 0.408153772354126 0.54738175868988 0.448632776737213 0.223071411252022
0.0901544541120529 0.203892290592194 0.461005449295044 0.317522644996643 0.222383558750153 0.184096813201904 0.218063190579414 0.225865572690964 0.245079666376114 0.374260425567627 0.48421174287796 0.400663763284683 0.0892314612865448 0.0825497657060623 0.175807654857635 0.135858684778214 0.248893022537231 0.142548054456711 0.182710573077202 0.163323372602463 0.340277194976807 0.244319871068001 0.193102434277534 0.146345809102058 0.203711792826653 0.288819372653961 0.460288643836975 0.508378505706787 0.342888116836548 0.346683502197266 0.202696770429611 0.327729791402817 0.203655213117599 0.139918312430382 0.425861865282059 0.700380265712738 0.639286160469055 0.201748922467232 0.190600290894508 0.314583271741867 0.549597978591919 0.401535928249359 0.376480132341385 0.224103823304176
0.0867001786828041 0.0808338448405266 0.227018609642982 0.624021589756012 0.254203051328659 0.198570087552071 0.199422165751457 0.182164520025253 0.115562707185745 0.152789056301117 0.430527001619339 0.496943831443787 0.232382908463478 0.102485693991184 0.179837793111801 0.273826032876968 0.206324338912964 0.109455391764641 0.10954737663269 0.171068370342255 0.377525895833969 0.269157826900482 0.164931446313858 0.159856230020523 0.102932773530483 0.13903534412384 0.149973943829536 0.311477243900299 0.356207579374313 0.197371184825897 0.46018847823143 0.253698438405991 0.330419063568115 0.362284123897552 0.421775937080383 0.66841596364975 0.626995086669922 0.135104298591614 0.180061817169189 0.587649524211884 0.364132106304169 0.435989409685135 0.22355130314827 0.312840133905411
0.0632356330752373 0.22311694920063 0.373995333909988 0.514344334602356 0.225836172699928 0.215348303318024 0.249567329883575 0.232179969549179 0.1613779515028 0.187643647193909 0.311196148395538 0.612987220287323 0.239395141601562 0.0809963792562485 0.12812851369381 0.290580987930298 0.270995229482651 0.181009590625763 0.143832072615623 0.199319884181023 0.315766751766205 0.352865099906921 0.209177300333977 0.184631437063217 0.124013595283031 0.122957542538643 0.108162671327591 0.150969415903091 0.139882832765579 0.211697578430176 0.402508616447449 0.336772978305817 0.183156609535217 0.190941214561462 0.358602434396744 0.270753383636475 0.761206030845642 0.168111726641655 0.426738351583481 0.523395180702209 0.239456132054329 0.308427602052689 0.235589280724525 0.309539884328842
0.0596807934343815 0.130170837044716 0.421725213527679 0.65472024679184 0.507096767425537 0.250663220882416 0.273921310901642 0.267664313316345 0.205390393733978 0.241122797131538 0.209442630410194 0.676839590072632 0.239627376198769 0.131664991378784 0.138020873069763 0.415042072534561 0.338236033916473 0.328141510486603 0.22594903409481 0.268147975206375 0.232998073101044 0.432451993227005 0.241496011614799 0.205053687095642 0.136373206973076 0.11737684160471 0.122570037841797 0.151024803519249 0.187556892633438 0.257844567298889 0.404602706432343 0.362927615642548 0.221312299370766 0.320716291666031 0.225713521242142 0.221006900072098 0.713907539844513 0.532049834728241 0.661451637744904 0.206171289086342 0.523600220680237 0.390115439891815 0.395182967185974 0.228780940175056
0.0535953231155872 0.0978868454694748 0.146849453449249 0.25295689702034 0.672144174575806 0.251005351543427 0.226920455694199 0.276569992303848 0.249567732214928 0.161664739251137 0.190253168344498 0.660077571868896 0.306787937879562 0.397533416748047 0.426750838756561 0.456551492214203 0.162665694952011 0.466825693845749 0.332507818937302 0.301634311676025 0.221327990293503 0.293485045433044 0.126060366630554 0.213044017553329 0.16517399251461 0.110247328877449 0.154223993420601 0.199464157223701 0.271406024694443 0.17141754925251 0.177115023136139 0.481699883937836 0.346314549446106 0.526146471500397 0.639242887496948 0.861822426319122 0.743917763233185 0.57231479883194 0.441130369901657 0.218677178025246 0.274638831615448 0.295740157365799 0.243217006325722 0.124506667256355
0.108278855681419 0.0719713121652603 0.0725617185235023 0.135453537106514 0.301179558038712 0.603638887405396 0.28062778711319 0.329814672470093 0.353127777576447 0.228369310498238 0.413374394178391 0.625850081443787 0.696982145309448 0.459372252225876 0.54103296995163 0.317350566387177 0.185444414615631 0.522393882274628 0.340626180171967 0.296144217252731 0.274078696966171 0.460707575082779 0.164544224739075 0.172432497143745 0.164158463478088 0.121659956872463 0.104703426361084 0.18260546028614 0.304237574338913 0.270732432603836 0.185153380036354 0.316925525665283 0.522973239421844 0.315646797418594 0.592759609222412 0.878507375717163 0.387657523155212 0.135479494929314 0.149437502026558 0.16431051492691 0.285488069057465 0.292201966047287 0.185623586177826 0.135467037558556
