data/climate_estimation/maxent_output/Smilax_velutina.asc
NCOLS 200 
NROWS 137 
XLLCORNER -98 
YLLCORNER 8.25 
CELLSIZE 0.0833333333333333 
NODATA_value -3.4e+38 
[rows 72 to 95 of 137, columns 106 to 158 of 200]
0.104299478232861 0.139585003256798 0.160862401127815 0.235992029309273 0.16875895857811 0.0929474830627441 0.0792761296033859 0.0399263389408588 0.0521106943488121 0.0396873131394386 0.0387244671583176 0.0333108268678188 0.0309379268437624 0.01733105070889 0.0163003001362085 0.0100907329469919 0.00630546407774091 0.0154661182314157 0.0349370464682579 0.030620813369751 0.0699492841959 0.0160698555409908 0.0275169406086206 0.0592063292860985 0.0536798276007175 0.0209318660199642 0.027215626090765 0.00931475404649973 0.19158810377121 0.167848259210587 0.266075849533081 0.0971679985523224 0.0954594239592552 0.103430062532425 0.184239745140076 0.343556046485901 0.215449035167694 0.25312352180481 0.466412633657455 0.316461265087128 0.365257978439331 0.888697326183319 0.77472722530365 0.606479108333588 0.564657151699066 0.754444897174835 0.626709282398224 0.715577185153961 0.838462769985199 0.660279154777527 0.42718181014061 0.34616282582283 0.316410750150681
0.041563369333744 0.0405127927660942 0.081666499376297 0.175865530967712 0.0893070846796036 0.0487584881484509 0.0198148526251316 0.066103495657444 0.0826608911156654 0.0909312888979912 0.0455492436885834 0.0383912548422813 0.034010075032711 0.0180284641683102 0.0129582956433296 0.00732504483312368 0.00493505503982306 0.00498532969504595 0.00723569979891181 0.00735776172950864 0.00641214055940509 0.0118894949555397 0.013042707927525 0.0362498052418232 0.0187049601227045 0.0204958189278841 0.0171368364244699 0.0132996533066034 0.498632550239563 0.271713107824326 0.0162812247872353 0.0401754006743431 0.123604707419872 0.200374871492386 0.100005455315113 0.616132199764252 0.485251307487488 0.175677016377449 0.184275910258293 0.253067433834076 0.284134685993195 0.879438877105713 0.824844479560852 0.714852511882782 0.740765571594238 0.726042091846466 0.685454845428467 0.799399256706238 0.94811475276947 0.719075381755829 0.496795982122421 0.421419084072113 0.408310860395432
0.0079541988670826 0.00757142435759306 0.00922633707523346 0.0102662807330489 0.00839972216635942 0.00795694626867771 0.0288733765482903 0.0635213628411293 0.0680654346942902 0.0548548884689808 0.0407406277954578 0.0429967902600765 0.0309984516352415 0.0163638480007648 0.0131620578467846 0.00217065052129328 0.00209211651235819 0.00154403608758003 0.00288699916563928 0.00270751188509166 0.00352305732667446 0.0149736469611526 0.0179429240524769 0.0373842380940914 0.0182151831686497 0.01213966216892 0.0496451072394848 0.651252329349518 0.286261588335037 0.126829817891121 0.0213343556970358 0.161858290433884 0.03064857237041 0.0516392253339291 0.199215441942215 0.301854372024536 0.243067368865013 0.25200018286705 0.146848499774933 0.217299684882164 0.317725837230682 0.487473487854004 0.613472104072571 0.781806588172913 0.955131888389587 0.807588160037994 0.678867638111115 0.84158194065094 0.833583295345306 0.712523102760315 0.658503830432892 0.565611124038696 0.552541732788086
0.00667267059907317 0.00624379888176918 0.00612184125930071 0.00644756853580475 0.00642384542152286 0.0159403830766678 0.0200243815779686 0.0167629737406969 0.0184453763067722 0.0185440946370363 0.021177614107728 0.0140856401994824 0.0113016637042165 0.0182849485427141 0.0123003041371703 0.00181115046143532 0.00163707183673978 0.00137086282484233 0.00348241347819567 0.00276856310665607 0.00305327866226435 0.0104066841304302 0.0151841240003705 0.0117397960275412 0.0121909203007817 0.0337956175208092 0.363959461450577 0.594769299030304 0.981233537197113 0.496450066566467 0.750690460205078 0.155823558568954 0.0511757247149944 0.0714533627033234 0.276457130908966 0.285698443651199 0.289723664522171 0.364492475986481 0.153291821479797 0.408215433359146 0.470568388700485 0.642476916313171 0.78413200378418 0.915429174900055 0.962330758571625 0.861137330532074 0.826411068439484 0.818096101284027 0.926324546337128 0.836882591247559 0.750540554523468 0.783943593502045 0.780020177364349
-3.4e+38 -3.4e+38 0.00687955366447568 0.00753650208935142 0.00745500810444355 0.0181917920708656 0.0360162630677223 0.00911241304129362 0.00420605624094605 0.00539584644138813 0.0158639270812273 0.0146194435656071 0.0151265012100339 0.0109584955498576 0.010934254154563 0.0144997956231236 0.00344601063989103 0.00354644632898271 0.00483057321980596 0.00477073760703206 0.00922758504748344 0.0126678664237261 0.00922137033194304 0.00996121019124985 0.0341225862503052 0.063737265765667 0.0757381543517113 0.277867078781128 0.582586526870728 0.282273381948471 0.761832058429718 0.264439880847931 0.259777843952179 0.127184361219406 0.416888386011124 0.2818703353405 0.528265774250031 0.334391385316849 0.380467474460602 0.604466557502747 0.661435186862946 0.826278448104858 0.872574090957642 0.91997903585434 0.851191937923431 0.915832579135895 0.919820010662079 0.900537192821503 0.904147624969482 0.908590495586395 0.87971818447113 0.864382982254028 0.895517230033875
-3.4e+38 -3.4e+38 -3.4e+38 -3.4e+38 0.0169958546757698 0.0180622972548008 0.0233407784253359 0.00979864317923784 0.00482860999181867 0.00460062641650438 0.00714186765253544 0.00839127227663994 0.00712787080556154 0.00443891296163201 0.00242314417846501 0.00268873199820518 0.00212140078656375 0.00509879970923066 -3.4e+38 -3.4e+38 0.0187619719654322 0.0329654216766357 0.01938471570611 0.0141191454604268 0.0495788604021072 0.108647651970387 0.0521285086870193 0.0390936993062496 0.0269086044281721 0.0285753514617682 0.0490499958395958 0.018499469384551 0.349001586437225 0.0685128197073936 0.477521121501923 0.398946136236191 0.271855294704437 0.358177542686462 0.397989273071289 0.58433997631073 0.725393235683441 0.774583697319031 0.817642331123352 0.89127242565155 0.861609935760498 0.79084587097168 0.84426736831665 0.919848382472992 0.943175375461578 0.944101572036743 0.933117032051086 0.935983419418335 0.947615802288055
-3.4e+38 -3.4e+38 -3.4e+38 -3.4e+38 -3.4e+38 -3.4e+38 -3.4e+38 -3.4e+38 -3.4e+38 -3.4e+38 -3.4e+38 0.00446122465655208 -3.4e+38 -3.4e+38 0.00185350864194334 0.00176590215414762 -3.4e+38 -3.4e+38 -3.4e+38 0.00505500566214323 0.0177894961088896 0.0213835071772337 0.0227002631872892 0.0213961564004421 0.0275097023695707 0.033432561904192 0.0224998332560062 0.0182859785854816 0.0158016122877598 0.0184741225093603 0.0381864719092846 0.0949481204152107 0.375426203012466 0.0495646372437477 0.302204877138138 0.206566050648689 0.171761348843575 0.230189889669418 0.401460886001587 0.559330821037292 0.578982651233673 0.48485079407692 0.68592369556427 0.756595551967621 0.774151980876923 0.751026034355164 0.851302981376648 0.911707699298859 0.954348385334015 0.957628846168518 0.968059003353119 0.95999002456665 0.971866428852081
-3.4e+38 -3.4e+38 -3.4e+38 -3.4e+38 -3.4e+38 -3.4e+38 -3.4e+38 -3.4e+38 -3.4e+38 -3.4e+38 -3.4e+38 -3.4e+38 -3.4e+38 -3.4e+38 -3.4e+38 -3.4e+38 -3.4e+38 -3.4e+38 0.00388956279493868 0.00314650149084628 0.00451587606221437 0.0146634504199028 0.0204921532422304 0.0158549714833498 0.0179058723151684 0.0173579286783934 0.011813186109066 0.00486021162942052 0.0074922377243638 0.0192433632910252 0.0490575730800629 0.0340573340654373 0.0984060242772102 0.16086483001709 0.138512879610062 0.042113371193409 0.110201306641102 0.246112316846848 0.547411799430847 0.515558183193207 0.410974770784378 0.491879045963287 0.55723762512207 0.653838396072388 0.690316259860992 0.728807687759399 0.864650130271912 0.898210942745209 0.917796969413757 0.953449845314026 0.976757943630219 0.982558786869049 0.985644638538361
-3.4e+38 -3.4e+38 -3.4e+38 -3.4e+38 -3.4e+38 -3.4e+38 -3.4e+38 -3.4e+38 -3.4e+38 -3.4e+38 -3.4e+38 -3.4e+38 -3.4e+38 -3.4e+38 -3.4e+38 -3.4e+38 -3.4e+38 0.00266653299331665 0.0115631641820073 0.013640065677464 0.00310631096363068 0.00661775097250938 0.0103671159595251 0.0119408033788204 0.0115688117220998 0.0110646924003959 0.00733995484188199 0.0047248899936676 0.0058924756012857 0.0103917652741075 0.0133835207670927 0.0420087836682796 0.0372832864522934 0.475121378898621 0.181371808052063 0.0255294814705849 0.0287108700722456 0.218689352273941 0.317998379468918 0.416716426610947 0.472176641225815 0.602655470371246 0.597763657569885 0.62371814250946 0.784727334976196 0.603183507919312 0.727361798286438 0.8853639960289 0.882706165313721 0.956812620162964 0.978633224964142 0.969227135181427 0.973782122135162
-3.4e+38 -3.4e+38 -3.4e+38 -3.4e+38 -3.4e+38 -3.4e+38 -3.4e+38 -3.4e+38 -3.4e+38 -3.4e+38 -3.4e+38 -3.4e+38 -3.4e+38 -3.4e+38 -3.4e+38 -3.4e+38 -3.4e+38 0.00251264567486942 0.00311561254784465 0.00229074852541089 0.00238601607270539 0.00431541306897998 0.00883268937468529 0.0146110588684678 0.0127286873757839 0.0074568260461092 0.00340062123723328 0.00140369078144431 0.00161337992176414 0.00552123738452792 0.00879320595413446 0.0120208226144314 0.0574525706470013 0.0315431728959084 0.0301262922585011 0.0179342143237591 0.0223661102354527 0.121325373649597 0.318391382694244 0.349793404340744 0.289206773042679 0.324021011590958 0.303693354129791 0.361700892448425 0.458153456449509 0.423782795667648 0.526923477649689 0.618829190731049 0.812346279621124 0.917525053024292 0.952593684196472 0.938866138458252 0.978056073188782
-3.4e+38 -3.4e+38 -3.4e+38 -3.4e+38 -3.4e+38 -3.4e+38 -3.4e+38 -3.4e+38 -3.4e+38 -3.4e+38 -3.4e+38 -3.4e+38 -3.4e+38 -3.4e+38 -3.4e+38 -3.4e+38 -3.4e+38 -3.4e+38 -3.4e+38 0.00211361236870289 0.00187261495739222 0.00697562843561172 0.0249123610556126 0.0149937216192484 0.0118600195273757 0.00594351766631007 0.00405099615454674 0.00115628843195736 0.00142287684138864 0.00439596502110362 0.00731788808479905 0.00962972454726696 0.0143194561824203 0.0197860337793827 0.0142485061660409 0.00694904429838061 0.0149442795664072 0.15519867837429 0.295737117528915 0.19172514975071 0.236972689628601 0.237766250967979 0.266442805528641 0.199603602290154 0.182611107826233 0.267701894044876 0.41328763961792 0.473237186670303 0.643996298313141 0.748790681362152 0.846139073371887 0.935685753822327 0.946648418903351
-3.4e+38 -3.4e+38 -3.4e+38 -3.4e+38 -3.4e+38 -3.4e+38 -3.4e+38 -3.4e+38 -3.4e+38 -3.4e+38 -3.4e+38 -3.4e+38 -3.4e+38 -3.4e+38 -3.4e+38 -3.4e+38 -3.4e+38 -3.4e+38 -3.4e+38 -3.4e+38 0.00165957433637232 0.00190094485878944 0.00579926930367947 0.00647059641778469 0.0111426152288914 0.0540484078228474 0.0630676299333572 0.00229374412447214 0.00161939731333405 0.00469159102067351 0.00508266361430287 0.00406174082309008 0.00688383355736732 0.0201488826423883 0.0180223323404789 0.0158855319023132 0.00827290955930948 0.0303869694471359 0.153809204697609 0.225827425718307 0.178276762366295 0.321579784154892 0.279211699962616 0.22505185008049 0.241501852869987 0.245678156614304 0.301964432001114 0.430659711360931 0.535838186740875 0.623903393745422 0.733335673809052 0.802458465099335 0.884146809577942
-3.4e+38 -3.4e+38 -3.4e+38 -3.4e+38 -3.4e+38 -3.4e+38 -3.4e+38 -3.4e+38 -3.4e+38 -3.4e+38 -3.4e+38 -3.4e+38 -3.4e+38 -3.4e+38 -3.4e+38 -3.4e+38 -3.4e+38 -3.4e+38 -3.4e+38 -3.4e+38 -3.4e+38 0.00168396509252489 0.00191914138849825 0.00565032521262765 0.0126448944211006 0.0151334311813116 0.0168923307210207 0.0168034508824348 0.0100768636912107 0.00161108083557338 0.00160054105799645 0.00147500180173665 0.003844506572932 0.00455695809796453 0.0125413127243519 0.0301757026463747 0.0211005974560976 0.0250541735440493 0.0531726665794849 0.101404286921024 0.225780248641968 0.34708046913147 0.28251650929451 0.29273796081543 0.316108196973801 0.293764919042587 0.301294326782227 0.315387547016144 0.461865454912186 0.57524973154068 0.529123246669769 0.619670927524567 0.648586988449097
-3.4e+38 -3.4e+38 -3.4e+38 -3.4e+38 -3.4e+38 -3.4e+38 -3.4e+38 -3.4e+38 -3.4e+38 -3.4e+38 -3.4e+38 -3.4e+38 -3.4e+38 -3.4e+38 -3.4e+38 -3.4e+38 -3.4e+38 -3.4e+38 -3.4e+38 -3.4e+38 -3.4e+38 -3.4e+38 0.00171290652360767 0.0017847428098321 0.00735971285030246 0.00966807827353477 0.00383980548940599 0.00349547062069178 0.00404221192002296 0.00386745645664632 0.00211170152761042 0.00196862174198031 0.00171018787659705 0.0037503510247916 0.00808638706803322 0.00894778128713369 0.0228779185563326 0.0322402082383633 0.133873403072357 0.140622705221176 0.127387553453445 0.277567178010941 0.255212068557739 0.322343409061432 0.351161420345306 0.340131282806396 0.276101410388947 0.316151887178421 0.401957005262375 0.527073800563812 0.432568967342377 0.411181032657623 0.51011860370636
-3.4e+38 -3.4e+38 -3.4e+38 -3.4e+38 -3.4e+38 -3.4e+38 -3.4e+38 -3.4e+38 -3.4e+38 -3.4e+38 -3.4e+38 -3.4e+38 -3.4e+38 -3.4e+38 -3.4e+38 -3.4e+38 -3.4e+38 -3.4e+38 -3.4e+38 -3.4e+38 -3.4e+38 -3.4e+38 -3.4e+38 0.00182714615948498 0.00269174063578248 0.00374049344100058 0.00272936536930501 0.00266741798259318 0.0032405941747129 0.0129904681816697 0.0038717167917639 0.00815494731068611 0.00193532044067979 0.00363843585364521 0.00315818726085126 0.00346224056556821 0.00775874406099319 0.031978040933609 0.0765494257211685 0.0571252107620239 0.056344497948885 0.103879727423191 0.179006442427635 0.289980202913284 0.249647825956345 0.23347781598568 0.216399490833282 0.319954514503479 0.286252796649933 0.434708178043365 0.35162490606308 0.35255640745163 0.480929166078568
-3.4e+38 -3.4e+38 -3.4e+38 -3.4e+38 -3.4e+38 -3.4e+38 -3.4e+38 -3.4e+38 -3.4e+38 -3.4e+38 -3.4e+38 -3.4e+38 -3.4e+38 -3.4e+38 -3.4e+38 -3.4e+38 -3.4e+38 -3.4e+38 -3.4e+38 -3.4e+38 -3.4e+38 -3.4e+38 -3.4e+38 -3.4e+38 0.00261788326315582 0.00211712904274464 0.00184828625060618 0.00231582392007113 0.00246391003020108 0.00327453622594476 0.00367259630002081 0.00292602786794305 0.00191203854046762 0.00338480132631958 0.00284734438173473 0.00278722820803523 0.00612695375457406 0.0141659202054143 0.0401840396225452 0.0286092981696129 0.0413913391530514 0.123390294611454 0.154567286372185 0.212752923369408 0.216546818614006 0.224337086081505 0.186371698975563 0.262504100799561 0.22063435614109 0.224582865834236 0.301890194416046 0.333925783634186 0.455539673566818
-3.4e+38 -3.4e+38 -3.4e+38 -3.4e+38 -3.4e+38 -3.4e+38 -3.4e+38 -3.4e+38 -3.4e+38 -3.4e+38 -3.4e+38 -3.4e+38 -3.4e+38 -3.4e+38 -3.4e+38 -3.4e+38 -3.4e+38 -3.4e+38 -3.4e+38 -3.4e+38 -3.4e+38 -3.4e+38 -3.4e+38 -3.4e+38 -3.4e+38 -3.4e+38 0.0014166459441185 0.00149029120802879 0.00151885068044066 0.0020331849809736 0.00207754224538803 0.00198902236297727 0.0015566541114822 0.00133020849898458 0.00107713846955448 0.00237916363403201 0.00358686596155167 0.0275867637246847 0.0396609045565128 0.0123568074777722 0.0255269668996334 0.0559159442782402 0.0179820414632559 0.118082761764526 0.155513241887093 0.236467406153679 0.284214049577713 0.270214200019836 0.290194451808929 0.339175969362259 0.372397810220718 0.43644854426384 0.480754852294922
-3.4e+38 -3.4e+38 -3.4e+38 -3.4e+38 -3.4e+38 -3.4e+38 -3.4e+38 -3.4e+38 -3.4e+38 -3.4e+38 -3.4e+38 -3.4e+38 -3.4e+38 -3.4e+38 -3.4e+38 -3.4e+38 -3.4e+38 -3.4e+38 -3.4e+38 -3.4e+38 -3.4e+38 -3.4e+38 -3.4e+38 -3.4e+38 -3.4e+38 -3.4e+38 -3.4e+38 0.00131015223450959 0.00118553324136883 0.0014732361305505 0.00179374509025365 0.00212762481532991 0.00228087441064417 0.00146842538379133 0.00322429486550391 0.00275961542502046 0.00392134021967649 0.0245908908545971 0.0307794213294983 0.00771757075563073 0.00291596632450819 0.00770074315369129 0.0192913524806499 0.072614923119545 0.0782389640808105 0.091986671090126 0.230297863483429 0.328226894140244 0.384125202894211 0.263216614723206 0.302554428577423 0.327449321746826 0.498012453317642
-3.4e+38 -3.4e+38 -3.4e+38 -3.4e+38 -3.4e+38 -3.4e+38 -3.4e+38 -3.4e+38 -3.4e+38 -3.4e+38 -3.4e+38 -3.4e+38 -3.4e+38 -3.4e+38 -3.4e+38 -3.4e+38 -3.4e+38 -3.4e+38 -3.4e+38 -3.4e+38 -3.4e+38 -3.4e+38 -3.4e+38 -3.4e+38 -3.4e+38 -3.4e+38 -3.4e+38 -3.4e+38 0.00128776230849326 0.00142082397360355 0.00163267471361905 0.00177714473102242 0.00202364544384181 0.00182617327664047 0.00377373886294663 0.00245470181107521 0.00456137768924236 0.0146520128473639 0.0077233025804162 0.0024979836307466 0.00269712856970727 0.00340287364087999 0.0195744577795267 0.0712261721491814 0.0243628807365894 0.0343846268951893 0.150590375065804 0.225058332085609 0.210449606180191 0.245494395494461 0.445954412221909 0.301910042762756 0.427238404750824
-3.4e+38 -3.4e+38 -3.4e+38 -3.4e+38 -3.4e+38 -3.4e+38 -3.4e+38 -3.4e+38 -3.4e+38 -3.4e+38 -3.4e+38 -3.4e+38 -3.4e+38 -3.4e+38 -3.4e+38 -3.4e+38 -3.4e+38 -3.4e+38 -3.4e+38 -3.4e+38 -3.4e+38 -3.4e+38 -3.4e+38 -3.4e+38 -3.4e+38 -3.4e+38 -3.4e+38 -3.4e+38 -3.4e+38 0.00142075854819268 0.00137560593429953 0.00138186733238399 0.00181880209129304 0.0137804672122002 0.0314058214426041 0.0132043836638331 0.0144869638606906 0.0139729883521795 0.00415004836395383 0.0022350091021508 0.00282198446802795 0.00621985271573067 0.00622756127268076 0.0117630688473582 0.0960875824093819 0.0197378322482109 0.0571263208985329 0.102851435542107 0.175127238035202 0.278753399848938 0.181237265467644 0.299967050552368 0.362034112215042
-3.4e+38 -3.4e+38 -3.4e+38 -3.4e+38 -3.4e+38 -3.4e+38 -3.4e+38 -3.4e+38 -3.4e+38 -3.4e+38 -3.4e+38 -3.4e+38 -3.4e+38 -3.4e+38 -3.4e+38 -3.4e+38 -3.4e+38 -3.4e+38 -3.4e+38 -3.4e+38 -3.4e+38 -3.4e+38 -3.4e+38 -3.4e+38 -3.4e+38 -3.4e+38 -3.4e+38 -3.4e+38 -3.4e+38 0.0012295733904466 0.00124069745652378 0.00131022080313414 0.00190997018944472 0.023529039695859 0.180226817727089 0.106288626790047 0.034028984606266 0.0335543416440487 0.0088806850835681 0.00475027225911617 0.00609548902139068 0.00618121074512601 0.00524972006678581 0.0100637869909406 0.0107156345620751 0.0179808121174574 0.0292469747364521 0.047657448798418 0.0618980005383492 0.134914457798004 0.270550489425659 0.372023165225983 0.375280916690826
-3.4e+38 -3.4e+38 -3.4e+38 -3.4e+38 -3.4e+38 -3.4e+38 -3.4e+38 -3.4e+38 -3.4e+38 -3.4e+38 -3.4e+38 -3.4e+38 -3.4e+38 -3.4e+38 -3.4e+38 -3.4e+38 -3.4e+38 -3.4e+38 -3.4e+38 -3.4e+38 -3.4e+38 -3.4e+38 -3.4e+38 -3.4e+38 -3.4e+38 -3.4e+38 -3.4e+38 -3.4e+38 -3.4e+38 -3.4e+38 0.00187664129771292 0.00212776684202254 0.00224815495312214 0.0072043826803565 0.107593692839146 0.243935704231262 0.194509133696556 0.0844250544905663 0.0579969137907028 0.00450415443629026 0.00561808701604605 0.0074564116075635 0.00866749603301287 0.0107165444642305 0.0169781465083361 0.0157147590070963 0.0291665252298117 0.0397294536232948 0.0499321110546589 0.0775109082460403 0.10269745439291 0.144549995660782 0.262729495763779
-3.4e+38 -3.4e+38 -3.4e+38 -3.4e+38 -3.4e+38 -3.4e+38 -3.4e+38 -3.4e+38 -3.4e+38 -3.4e+38 -3.4e+38 -3.4e+38 -3.4e+38 -3.4e+38 -3.4e+38 -3.4e+38 -3.4e+38 -3.4e+38 -3.4e+38 -3.4e+38 -3.4e+38 -3.4e+38 -3.4e+38 -3.4e+38 -3.4e+38 -3.4e+38 -3.4e+38 -3.4e+38 -3.4e+38 -3.4e+38 -3.4e+38 0.00230038142763078 0.00265248492360115 0.00252031325362623 0.0163700934499502 0.0543173030018806 0.0416212044656277 0.0263811238110065 0.05274598300457 0.00943640433251858 0.00981713365763426 0.00936987064778805 0.00886622071266174 0.0100687388330698 0.0172267984598875 0.0168299060314894 0.030846893787384 0.0438976027071476 0.0509765855967999 0.0793762132525444 0.0808306187391281 0.124051675200462 0.27602419257164
-3.4e+38 -3.4e+38 -3.4e+38 -3.4e+38 -3.4e+38 -3.4e+38 -3.4e+38 -3.4e+38 -3.4e+38 -3.4e+38 -3.4e+38 -3.4e+38 -3.4e+38 -3.4e+38 -3.4e+38 -3.4e+38 -3.4e+38 -3.4e+38 -3.4e+38 -3.4e+38 -3.4e+38 -3.4e+38 -3.4e+38 -3.4e+38 -3.4e+38 -3.4e+38 -3.4e+38 -3.4e+38 -3.4e+38 -3.4e+38 -3.4e+38 -3.4e+38 0.0025512776337564 0.0025400472804904 0.00529550574719906 0.0108249625191092 0.0187492500990629 0.00596370734274387 0.00532334623858333 0.0114255575463176 0.0114184515550733 0.00943766254931688 0.0105860391631722 0.0173510797321796 0.0327843949198723 0.0318041332066059 0.0435206815600395 0.0497556775808334 0.061816718429327 0.0684021934866905 0.0864854753017426 0.1448744982481 0.196932405233383
