data/climate_estimation/maxent_output/Smilax_arisanensis.asc
NCOLS 333 
NROWS 165 
XLLCORNER 94.6666666666667 
YLLCORNER 20.9166666666667 
CELLSIZE 0.0833333333333333 
NODATA_value -3.4e+38 
[rows 0 to 19 of 165, columns 45 to 89 of 333]
1.6251231500064e-05 1.67557063832646e-05 1.82400817720918e-05 1.94593121705111e-05 2.03488980332622e-05 1.88356025319081e-05 1.91988074220717e-05 1.70533767231973e-05 1.8374257706455e-05 1.93292617041152e-05 1.87919431482442e-05 1.85402404895285e-05 1.88644116860814e-05 2.17041488212999e-05 2.54287806455977e-05 2.59225616900949e-05 2.71140397671843e-05 2.79727537417784e-05 2.58216150541557e-05 2.81198226730339e-05 3.01706659229239e-05 3.35932600137312e-05 3.09180322801694e-05 3.8645102904411e-05 4.08823980251327e-05 5.24958486494143e-05 5.24703718838282e-05 5.83884066145401e-05 5.64772344660014e-05 6.6065629653167e-05 6.41967562842183e-05 6.86098283040337e-05 7.53534914110787e-05 7.63107600505464e-05 9.16179196792655e-05 9.98895993689075e-05 0.000112469751911703 0.000121701232274063 0.00011865178385051 0.000118034477054607 0.000122447541798465 0.000119085285405163 0.000106278705061413 0.000132831642986275 0.000140703443321399
1.96601558855036e-05 1.69391878444003e-05 1.68164970091311e-05 2.008757837757e-05 2.14678129850654e-05 2.17566939682001e-05 2.13623879972147e-05 1.98454690689687e-05 2.12996692425804e-05 2.14808278542478e-05 2.25797102757497e-05 2.13858093047747e-05 2.22578946704743e-05 2.31027624977287e-05 2.60108754446264e-05 2.79685391433304e-05 2.94931051030289e-05 3.14782046189066e-05 3.284636841272e-05 2.90192638203735e-05 3.74609335267451e-05 3.71059468307067e-05 4.20930409745779e-05 3.69338267773855e-05 4.26115584559739e-05 4.79946866107639e-05 4.91464234073646e-05 5.39826760359574e-05 5.53609315829817e-05 7.01156241120771e-05 7.71236736909486e-05 8.49246498546563e-05 7.82554416218773e-05 9.51243055169471e-05 9.99658877844922e-05 0.0001044831587933 9.9821700132452e-05 0.000112667796202004 0.000113156464067288 0.000120339049317408 0.000123001969768666 0.00013968774874229 0.000134652756969444 0.000145540019730106 0.000143730474519543
2.01857237698277e-05 2.11098486033734e-05 2.07446664717281e-05 2.40361587202642e-05 2.40403824136592e-05 2.4980581656564e-05 2.43849208345637e-05 2.40013123402605e-05 2.25101321120746e-05 2.57169413089287e-05 2.24603900278453e-05 2.11504211620195e-05 2.16809839912457e-05 2.33174796449021e-05 2.64543377852533e-05 2.90648404188687e-05 3.24545180774294e-05 3.64745319529902e-05 3.61623715434689e-05 3.63373474101536e-05 4.25213402195368e-05 4.22361990786158e-05 4.30089785368182e-05 4.09804451919626e-05 4.21024706156459e-05 4.82632240164094e-05 4.88492696604226e-05 5.95759483985603e-05 6.10697388765402e-05 7.04233898431994e-05 8.02322174422443e-05 8.62242814037018e-05 0.000101184690720402 9.95683221844956e-05 8.4644096205011e-05 9.88967585726641e-05 0.000110386259621009 0.000110025306639727 0.000107979300082661 0.000112782283395063 0.00011034472117899 0.00012230288120918 0.000140271804411896 0.00014826309052296 0.000146247606608085
2.06699842237867e-05 2.26956744882045e-05 2.54168171522906e-05 2.4603194106021e-05 2.53147463809e-05 2.44853945332579e-05 2.30706700676819e-05 2.85194673779188e-05 2.67627710854867e-05 2.65588168986142e-05 2.6299061573809e-05 2.52380468737101e-05 2.52672562055523e-05 2.53841626545181e-05 2.63428955804557e-05 2.78604602499399e-05 3.05511421174742e-05 3.13326672767289e-05 3.60751728294417e-05 4.03579942940269e-05 4.36762529716361e-05 5.26716285094153e-05 4.19044881709851e-05 4.84008778585121e-05 4.95152744406369e-05 5.26246549270581e-05 5.42694906471297e-05 5.27648262504954e-05 6.37667835690081e-05 5.87732538406271e-05 6.75574847264215e-05 7.43325363146141e-05 9.4636321591679e-05 0.000106720632174984 9.67608866631053e-05 0.000104745733551681 0.000110867396870162 0.000105605860881042 0.00010528171696933 0.000124485784908757 0.000135913898702711 0.000122575322166085 0.000115769391413778 0.000135556430905126 0.000145051191793755
2.03449944820022e-05 2.34344170166878e-05 2.50550747296074e-05 2.69372685579583e-05 2.79066935036099e-05 2.48607830144465e-05 2.8326105166343e-05 3.01913023577072e-05 3.13091877615079e-05 3.15919132845011e-05 2.88546598312678e-05 2.91376272798516e-05 3.08266789943445e-05 2.88708670268534e-05 2.89260187855689e-05 2.94901310553541e-05 3.19464706990402e-05 3.47559507645201e-05 3.66594758816063e-05 3.75438794435468e-05 3.99348391511012e-05 4.54943983640987e-05 4.78086039947812e-05 5.30982433701865e-05 5.85990055697039e-05 6.22760344413109e-05 6.00381608819589e-05 6.61164449411444e-05 6.52945527690463e-05 7.47717567719519e-05 8.59699066495523e-05 9.02815736480989e-05 9.44769490160979e-05 0.000117969240818638 0.000123067788081244 0.000119366690341849 0.000122561905300245 0.000122192446724512 0.000119632073619869 0.000117413750558626 0.000119591088150628 0.000124996673548594 0.000134936621179804 0.000136279879370704 0.000137106631882489
2.28587614401476e-05 2.47654206759762e-05 2.63478250417393e-05 2.70886193902697e-05 2.73896985163447e-05 3.13951859425288e-05 2.90737880277447e-05 3.31947485392448e-05 3.09427887259517e-05 3.12375923385844e-05 3.10481445922051e-05 3.11398944177199e-05 3.27122907037847e-05 3.54494950443041e-05 3.22735650115646e-05 3.23793938150629e-05 3.53115865436848e-05 3.85605999326799e-05 4.38324859715067e-05 4.31021580880042e-05 4.09572639910039e-05 4.73947038699407e-05 5.07952681800816e-05 5.68245559406932e-05 6.57998461974785e-05 7.10703170625493e-05 7.16836948413402e-05 7.07317667547613e-05 6.78678115946241e-05 8.16533574834466e-05 7.76828965172172e-05 8.66752961883321e-05 9.79994729277678e-05 0.000105154824268539 0.000125781982205808 0.000131292967125773 0.000151823362102732 0.000150667809066363 0.000137534225359559 0.000133348832605407 0.000126898026792333 0.000120766890177038 0.000131223569042049 0.000141045689815655 0.00014812481822446
2.58370182564249e-05 2.39343607972842e-05 2.50365483225323e-05 2.7393170967116e-05 2.74748399533564e-05 3.10661453113426e-05 3.34234755428042e-05 3.78415061277337e-05 3.51299822796136e-05 2.96581529255491e-05 3.33159987349063e-05 3.43534447893035e-05 3.45483967976179e-05 4.0773466025712e-05 4.2414030758664e-05 4.50125917268451e-05 4.20819524151739e-05 4.01879369746894e-05 4.27119048254099e-05 4.51958258054219e-05 5.00280075357296e-05 5.5588341638213e-05 5.70598094782326e-05 6.30177819402888e-05 6.32662631687708e-05 6.62762686260976e-05 7.69268517615274e-05 7.49192040530033e-05 8.13485821709037e-05 8.73502067406662e-05 9.1813322796952e-05 8.29728887765668e-05 9.29898305912502e-05 0.000105495695606805 0.0001078557324945 0.000110400069388561 0.000111724795715418 0.000144151606946252 0.000166679805261083 0.000161215721163899 0.000145213823998347 0.000131537322886288 0.00014399632345885 0.000158707989612594 0.000154654262587428
2.6339768737671e-05 2.57432056969265e-05 2.50276789302006e-05 2.67496488959296e-05 3.13844211632386e-05 3.32400886691175e-05 3.38630670739803e-05 3.79804114345461e-05 3.64276384061668e-05 3.30738876073156e-05 3.35070217261091e-05 3.75665003957693e-05 4.40697513113264e-05 4.25089929194655e-05 4.69893857371062e-05 4.75772103527561e-05 4.95417843922041e-05 5.14300154463854e-05 4.81789647892583e-05 5.07110926264431e-05 5.04394629388116e-05 5.24118659086525e-05 6.15171738900244e-05 6.30395370535553e-05 6.7392538767308e-05 7.71538616390899e-05 8.19487904664129e-05 8.60591244418174e-05 9.90508415270597e-05 9.01954554137774e-05 9.30326204979792e-05 0.00011115227243863 0.000109689128294121 0.000100680503237527 0.000110720982775092 0.000119786593131721 0.00012813053035643 0.000132017288706265 0.000136371396365575 0.000158540089614689 0.000174151806277223 0.000167159028933384 0.000154727269546129 0.000155106390593573 0.000161630203365348
2.73763344011968e-05 2.99550702038687e-05 2.65974722424289e-05 3.07208829326555e-05 3.11904259433504e-05 3.61509628419299e-05 3.58113757101819e-05 4.00915851059835e-05 4.02021978516132e-05 3.82599828299135e-05 3.65938067261595e-05 3.85667626687791e-05 4.67633799416944e-05 4.94802879984491e-05 4.89557205582969e-05 5.11110847583041e-05 5.42422130820341e-05 5.67764072911814e-05 6.12954972893931e-05 5.61372071388178e-05 5.42858906555921e-05 5.98303195147309e-05 6.15729441051371e-05 6.33201707387343e-05 7.00989621691406e-05 7.01258322806098e-05 8.16295068943873e-05 9.29715315578505e-05 0.000102572179457638 9.39390665735118e-05 9.49915483943187e-05 0.000104322629340459 0.000110850109194871 0.000115463262773119 0.000126392595120706 0.000121726763609331 0.000135403999593109 0.000151638829265721 0.000152185530168936 0.000151992629980668 0.000165690376888961 0.000162147829541937 0.000176891437149607 0.000179750568349846 0.000190020786249079
2.75000002147863e-05 3.14805838570464e-05 2.86266877083108e-05 2.99015573546058e-05 3.30657858285122e-05 3.54351795976982e-05 4.06094113714062e-05 3.32900453940965e-05 4.24270874646027e-05 4.68609941890463e-05 3.70771413145121e-05 4.51919950137381e-05 5.03817900607828e-05 5.32370140717831e-05 5.91808020544704e-05 5.40892615390476e-05 5.58151223231107e-05 5.67724237043876e-05 6.06142093602102e-05 6.88177096890286e-05 6.64111285004765e-05 6.71657253406011e-05 5.97105827182531e-05 6.42378945485689e-05 6.88157815602608e-05 8.89692528289743e-05 0.00010678111721063 9.5922667242121e-05 0.00011602363520069 0.000105168277514167 0.000118683718028478 0.000127582767163403 0.000132563931401819 0.000133161287521943 0.000139843119541183 0.000126427243230864 0.000154190754983574 0.00014841026859358 0.000168176586157642 0.000181744762812741 0.000170745537616313 0.000189823636901565 0.000180191040271893 0.000196236462215893 0.000194526830455288
2.91097603621893e-05 2.9164624720579e-05 3.07538502966054e-05 3.13771270157304e-05 3.45325097441673e-05 4.07182378694415e-05 4.33866298408248e-05 3.8425947423093e-05 4.07742554671131e-05 5.11924663442187e-05 4.58774557046127e-05 5.4416053899331e-05 6.18746635154821e-05 6.29398637101986e-05 6.36112890788354e-05 6.95457201800309e-05 6.97738287271932e-05 6.70042863930576e-05 6.18759368080646e-05 6.67261410853826e-05 7.26862999727018e-05 7.94233856140636e-05 8.31638462841511e-05 8.27348849270493e-05 8.58468629303388e-05 9.08425136003643e-05 9.8392330983188e-05 9.61177793215029e-05 0.000110525237687398 0.000127831342979334 0.00011542571883183 0.000136834220029414 0.000132534609292634 0.000148182167322375 0.000150952662806958 0.000148635706864297 0.000145800673635677 0.000190866572665982 0.000184092976269312 0.000197992907487787 0.000187215948244557 0.000202254348550923 0.000203411444090307 0.00019746451289393 0.000196175285964273
3.18350103043485e-05 2.88073315459769e-05 3.10517825710122e-05 3.4081738704117e-05 3.33141797455028e-05 4.19256175518967e-05 4.56940651929472e-05 4.56686102552339e-05 4.57732203358319e-05 5.01739305036608e-05 5.89307383052073e-05 5.96378085901961e-05 6.19247221038677e-05 5.99152590439189e-05 6.11054565524682e-05 6.51789669063874e-05 5.94862394791562e-05 6.7534354457166e-05 7.8213335655164e-05 8.09660923550837e-05 7.70359110902064e-05 8.05075251264498e-05 9.58944074227475e-05 9.29277593968436e-05 9.22106482903473e-05 9.50075846049003e-05 0.00011248177906964 9.78711759671569e-05 9.82277415459976e-05 0.000115077054942958 0.00013456899614539 0.000144270117743872 0.000142331133247353 0.000155551737407222 0.000180989678483456 0.000184718825039454 0.000193510320968926 0.000205151067348197 0.000241961199208163 0.00020571549248416 0.00023515299835708 0.000216086613363586 0.000223608134547248 0.000225746684009209 0.000245934294071048
3.11521871481091e-05 3.30769689753652e-05 3.26096887874883e-05 3.49425681633875e-05 3.70538691640832e-05 4.21983313572127e-05 4.50822735729162e-05 4.40626354247797e-05 4.4049222196918e-05 5.02255279570818e-05 5.13702761963941e-05 5.42613488505594e-05 6.44130559521727e-05 6.09369817539118e-05 5.72591816307977e-05 6.55726034892723e-05 6.8714827648364e-05 6.94431000738405e-05 7.61877745389938e-05 9.31681643123738e-05 8.82724852999672e-05 0.00010061937791761 9.81770717771724e-05 8.40919528855011e-05 8.72164746397175e-05 9.90451881079935e-05 0.000116388371679932 0.000101422512670979 0.000109911110484973 0.000123287449241616 0.000131817345391028 0.000150424937601201 0.000146316131576896 0.000160692128702067 0.000175521592609584 0.000193973872228526 0.000177145397174172 0.000204185547772795 0.000199148722458631 0.000231783196795732 0.000230469886446372 0.000247191375819966 0.000247635325649753 0.000265760842012241 0.000259002990787849
3.62249847967178e-05 3.55623051291332e-05 3.31781920976937e-05 3.5818124160869e-05 3.82792750315275e-05 4.44715624325909e-05 4.23308192694094e-05 4.05824830522761e-05 4.1474420868326e-05 4.66785349999554e-05 4.89664562337566e-05 5.11030593770556e-05 5.92524374951608e-05 6.66330452077091e-05 6.43577441223897e-05 6.51824884698726e-05 7.29101520846598e-05 7.9209181421902e-05 8.41522487462498e-05 8.27078110887669e-05 9.19827216421254e-05 9.88180545391515e-05 9.06786226551048e-05 9.43826235015877e-05 8.91479212441482e-05 8.63295572344214e-05 9.95380323729478e-05 0.000103900674730539 0.000114923117507715 0.000131103734020144 0.000148662453284487 0.000144589488627389 0.000148793958942406 0.000170694009284489 0.00018904083117377 0.000163437522132881 0.000181638548383489 0.000215862601180561 0.000186999750440009 0.000210138940019533 0.000220606481889263 0.000253321049967781 0.000249620527029037 0.000260345113929361 0.000274244230240583
3.94937560486142e-05 4.35838628618512e-05 3.98045194742735e-05 3.88087137253024e-05 4.04328930017073e-05 4.27497943746857e-05 4.48595346824732e-05 4.08415107813198e-05 4.65732628072146e-05 4.70934064651374e-05 5.3960939112585e-05 6.12318108323961e-05 6.76542258588597e-05 6.57580239931121e-05 6.63256432744674e-05 7.34780478524044e-05 8.32120203995146e-05 7.90135673014447e-05 8.36401814012788e-05 8.57533232192509e-05 9.00153681868687e-05 9.40994577831589e-05 9.15480341063812e-05 9.70130931818858e-05 0.000106683626654558 0.000104800252302084 0.000112360081402585 0.000125994454720058 0.00011771428398788 0.000136441914946772 0.000156334048369899 0.000150342748383991 0.000168154583661817 0.00016118427447509 0.000189539903658442 0.000189225407666527 0.000214655519812368 0.000202768584131263 0.000205672666197643 0.000223815877689049 0.000240890003624372 0.000254510814556852 0.000268212985247374 0.000282267545117065 0.000272641744231805
4.10177744925022e-05 4.87633151351474e-05 4.64865952380933e-05 4.03075682697818e-05 3.90236455132253e-05 4.29184292443097e-05 4.35223082604352e-05 4.51095438620541e-05 4.42162163380999e-05 4.71606872451957e-05 5.45428447367158e-05 6.09185299254023e-05 7.27101942175068e-05 7.49603714211844e-05 6.87445499352179e-05 7.20827520126477e-05 7.8804288932588e-05 8.67871422087774e-05 8.67913331603631e-05 8.95557241165079e-05 9.49049353948794e-05 0.000102664860605728 0.000112954912765417 0.000106111816421617 0.000118133531941567 0.000130211992654949 0.000124075493658893 0.000141806565807201 0.000146982012665831 0.000159267583512701 0.000151659362018108 0.000148841107147746 0.000158484108396806 0.000153843138832599 0.000180993985850364 0.000201060043764301 0.000222904534894042 0.000220730697037652 0.000229399316594936 0.000249201810220256 0.000276838254649192 0.000270282151177526 0.000286167341982946 0.000287621864117682 0.000304790737573057
4.80185299238656e-05 5.42944253538735e-05 4.49263752670959e-05 3.88447915611323e-05 4.15410395362414e-05 4.20214273617603e-05 4.54004475614056e-05 4.55919216619805e-05 5.0756600103341e-05 5.54981925233733e-05 6.02238324063364e-05 6.57573036733083e-05 6.46982880425639e-05 7.31985419406556e-05 8.43346424517222e-05 7.89244149927981e-05 9.37996956054121e-05 9.75128859863617e-05 0.000102421101473738 0.000111102963273879 0.000114304311864544 0.000122876139357686 0.000128601779579185 0.000130745524074882 0.000148464197991416 0.000134103640448302 0.00015738197544124 0.000155349815031514 0.000146296413731761 0.000175145891262218 0.000170456129126251 0.000168452097568661 0.000179698356078006 0.000198364970856346 0.000217216103919782 0.000206137789064087 0.000224569754209369 0.000241109359194525 0.000237566491705365 0.000242700290982611 0.000282717228401452 0.000327102607116103 0.000308207643684 0.000312632968416438 0.000345429318258539
5.6374519772362e-05 6.05962668487336e-05 4.74294720334001e-05 4.46493104391266e-05 4.59207985841203e-05 4.76946079288609e-05 5.79850748181343e-05 5.8681642258307e-05 5.81245658395346e-05 6.10847855568863e-05 6.35834076092578e-05 7.74037180235609e-05 7.41395633667707e-05 7.20425305189565e-05 7.86918026278727e-05 8.80518855410628e-05 9.67828309512697e-05 0.000101140089100227 0.00010473835573066 0.000114074056909885 0.000112818393972702 0.000132462053443305 0.000145752055686899 0.000147327751619741 0.00015584661741741 0.000162949087098241 0.000163190183229744 0.000164339537150227 0.000187642348464578 0.000199589121621102 0.000183910000487231 0.000180287519469857 0.00018713423924055 0.000203353294637054 0.000221901675104164 0.000224381874431856 0.000243327391217463 0.000239738365053199 0.00026934061315842 0.000280991225736216 0.000274293910479173 0.000316125195240602 0.00032200021087192 0.000324394408380613 0.000327621964970604
5.41123627044726e-05 6.61957747070119e-05 6.10358110861853e-05 5.08032608195208e-05 5.10590507474262e-05 4.91695864184294e-05 5.04082308907527e-05 5.98930091655347e-05 6.68899810989387e-05 7.10263338987716e-05 7.07685176166706e-05 6.89115768182091e-05 7.70667975302786e-05 8.00503985374235e-05 9.15183845791034e-05 9.76536539383233e-05 0.000102188460004982 0.000102884427178651 0.000120836317364592 0.000125360922538675 0.000127756909932941 0.000133891750010662 0.000149320068885572 0.000164952696650289 0.000174296670593321 0.00018928105419036 0.000175882800249383 0.000177532521774992 0.000198499939870089 0.000195460714166984 0.000194511536392383 0.000193014901014976 0.000185017415788025 0.000205118340090849 0.000260053406236693 0.000251065648626536 0.000249822332989424 0.000296974350931123 0.000301766733173281 0.000272369856247678 0.000292491022264585 0.000289322168100625 0.000332398369209841 0.000361809856258333 0.000325113796861842
5.84825647820253e-05 6.74686234560795e-05 6.69408982503228e-05 6.67214117129333e-05 5.60317675990518e-05 6.31278453511186e-05 5.66611997783184e-05 5.62476743652951e-05 6.11062059761025e-05 6.75771661917679e-05 7.56764784455299e-05 7.90853227954358e-05 7.4173673056066e-05 9.19921294553205e-05 9.36297146836296e-05 0.000111855239083525 0.000115671260573436 0.000117941533972044 0.000132776069222018 0.000142468110425398 0.000140232063131407 0.000141835553222336 0.00014329855912365 0.000157343296450563 0.000172693631611764 0.000180471266503446 0.000207080942345783 0.00019625254208222 0.000205645541427657 0.000194141233805567 0.000208778204978444 0.000211568185477518 0.000207320481422357 0.000242281617829576 0.000259027729043737 0.000308354618027806 0.000283017376204953 0.000337270088493824 0.000313641678076237 0.00030805665301159 0.00029724880005233 0.000355299707734957 0.000328933383570984 0.000331502087647095 0.000360462232492864
