data/climate_estimation/maxent_output/Smilax_officinalis.asc
NCOLS 210 
NROWS 269 
XLLCORNER -89.8333333333333 
YLLCORNER -5.58333333333333 
CELLSIZE 0.0833333333333333 
NODATA_value -3.4e+38 
[rows 192 to 215 of 269, columns 108 to 161 of 210]
-3.4e+38 -3.4e+38 -3.4e+38 -3.4e+38 -3.4e+38 -3.4e+38 -3.4e+38 -3.4e+38 0.0499872379004955 0.0425390191376209 0.0332774929702282 0.0252193752676249 0.0210279412567616 0.0166987609118223 0.0170811451971531 0.0266071166843176 0.0462554283440113 0.0665153115987778 0.145056515932083 0.142094388604164 0.173097014427185 0.18673774600029 0.183674529194832 0.164884686470032 0.157534599304199 0.220095753669739 0.147763922810555 0.0490960329771042 0.0561848655343056 0.0356704778969288 0.019810339435935 0.00691690947860479 0.0052427239716053 0.0070940675213933 0.021207045763731 0.0219811350107193 0.0161232110112906 0.0217642523348331 0.0186019726097584 0.00715119857341051 0.0120316483080387 0.00864748563617468 0.00322468765079975 0.0734631419181824 0.0156372580677271 0.0249262694269419 0.0555977076292038 0.0914571583271027 0.0683442801237106 0.0804903879761696 0.115812614560127 0.146093472838402 0.225014135241508 0.284245908260345
-3.4e+38 -3.4e+38 -3.4e+38 -3.4e+38 -3.4e+38 -3.4e+38 -3.4e+38 -3.4e+38 0.0650009885430336 0.0783082842826843 0.0650972202420235 0.0440559312701225 0.0449244901537895 0.0405443869531155 0.077360488474369 0.0421432666480541 0.115720175206661 0.120074070990086 0.166065484285355 0.193069413304329 0.219653844833374 0.204200312495232 0.172005891799927 0.154749363660812 0.216940775513649 0.188740745186806 0.0785649567842484 0.041655745357275 0.0209718011319637 0.0148594211786985 0.0113539136946201 0.0040515661239624 0.00318188988603652 0.0158913098275661 0.0156872179359198 0.0128181902691722 0.0177203454077244 0.0183630902320147 0.0100721847265959 0.00661089038476348 0.00687218550592661 0.0262786373496056 0.0317856520414352 0.00689045852050185 0.0124918268993497 0.038815800100565 0.0494477227330208 0.050549428910017 0.0644036754965782 0.0831763446331024 0.115738466382027 0.162851706147194 0.220428422093391 0.257945597171783
-3.4e+38 -3.4e+38 -3.4e+38 -3.4e+38 -3.4e+38 -3.4e+38 -3.4e+38 -3.4e+38 0.100537642836571 0.12790721654892 0.111706480383873 0.0807296112179756 0.0900448560714722 0.101301848888397 0.118506424129009 0.0716423392295837 0.159580558538437 0.249648243188858 0.275331348180771 0.317721426486969 0.246456861495972 0.233583748340607 0.218763992190361 0.247157052159309 0.185592770576477 0.11139390617609 0.0582993775606155 0.0330275557935238 0.03012272156775 0.0138663481920958 0.00905465427786112 0.00294023333117366 0.00183376111090183 0.00574353570118546 0.00975935999304056 0.014368967153132 0.0187632571905851 0.0145427444949746 0.00916609447449446 0.0073700649663806 0.0114948656409979 0.163122922182083 0.0147008989006281 0.00707563012838364 0.026573171839118 0.0478375740349293 0.0514236204326153 0.052592571824789 0.0693960636854172 0.10563737154007 0.143009811639786 0.1989506483078 0.247703284025192 0.240678489208221
-3.4e+38 -3.4e+38 -3.4e+38 -3.4e+38 -3.4e+38 -3.4e+38 -3.4e+38 -3.4e+38 -3.4e+38 0.191435262560844 0.175459548830986 0.132959187030792 0.13887919485569 0.174652114510536 0.198595687747002 0.247074544429779 0.276342213153839 0.399431735277176 0.524630606174469 0.440488457679749 0.387306392192841 0.345761388540268 0.299822211265564 0.239832058548927 0.176437526941299 0.0831354185938835 0.0482621751725674 0.0295852832496166 0.0117767052724957 0.0120346657931805 0.00817890278995037 0.00229908525943756 0.00113066111225635 0.00126735772937536 0.00593070592731237 0.00884677283465862 0.0171994660049677 0.00838430877774954 0.0125189311802387 0.00375724653713405 0.0349771678447723 0.0281624048948288 0.00877061858773232 0.0194958839565516 0.0235139671713114 0.0441610626876354 0.0498691648244858 0.0556997284293175 0.0744251534342766 0.109451211988926 0.157659560441971 0.281657010316849 0.317601144313812 0.266173541545868
-3.4e+38 -3.4e+38 -3.4e+38 -3.4e+38 -3.4e+38 -3.4e+38 -3.4e+38 -3.4e+38 -3.4e+38 0.128049522638321 0.159192278981209 0.180198475718498 0.29070445895195 0.426152348518372 0.451232880353928 0.423362821340561 0.458278477191925 0.529927790164948 0.612556636333466 0.553592145442963 0.512703776359558 0.452748626470566 0.363128423690796 0.229044169187546 0.156606629490852 0.0858514457941055 0.0425136089324951 0.0279804784804583 0.00787875615060329 0.0145116653293371 0.0132713327184319 0.00138263253029436 0.000683340593241155 0.000596240046434104 0.00105917477048934 0.00661162100732327 0.00656615477055311 0.00404465850442648 0.00672105047851801 0.00153980567120016 0.0177409164607525 0.00904294941574335 0.0125765111297369 0.0164951737970114 0.0198771506547928 0.0314612463116646 0.0385240986943245 0.0453016310930252 0.0732618048787117 0.100372083485126 0.157104432582855 0.265529185533524 0.283169358968735 0.236362427473068
-3.4e+38 -3.4e+38 -3.4e+38 -3.4e+38 -3.4e+38 -3.4e+38 -3.4e+38 -3.4e+38 -3.4e+38 0.103580638766289 0.139202117919922 0.182195872068405 0.385710299015045 0.570727586746216 0.56488573551178 0.536711037158966 0.575985848903656 0.608008325099945 0.628580689430237 0.644943833351135 0.6001216173172 0.592778265476227 0.365503787994385 0.228506043553352 0.130339205265045 0.0664132758975029 0.0251415316015482 0.0214426312595606 0.00941283721476793 0.0127985160797834 0.00428801774978638 0.00136486673727632 0.000858122075442225 0.00252511515282094 0.00153175566811115 0.00518600177019835 0.00736375898122787 0.00319980271160603 0.00155484839342535 0.00337017211131752 0.0078652910888195 0.0116657614707947 0.0176814664155245 0.0162058603018522 0.019423134624958 0.0258402731269598 0.0348963104188442 0.0487068817019463 0.0722193494439125 0.0955000370740891 0.14200633764267 0.184545516967773 0.215193808078766 0.186457365751266
-3.4e+38 -3.4e+38 -3.4e+38 -3.4e+38 -3.4e+38 -3.4e+38 -3.4e+38 -3.4e+38 -3.4e+38 0.0692761242389679 0.105214908719063 0.167020410299301 0.474311679601669 0.602659165859222 0.537481844425201 0.625253260135651 0.674269914627075 0.655015170574188 0.700146555900574 0.685886383056641 0.633358716964722 0.670815169811249 0.467168092727661 0.297683089971542 0.195561498403549 0.078424409031868 0.0280126724392176 0.0104046175256371 0.00823274999856949 0.0091596432030201 0.00242430157959461 0.00336427381262183 0.00232437415979803 0.0142589677125216 0.00739072915166616 0.00670212926343083 0.00545197725296021 0.00142974674236029 0.00158281822223216 0.00413594394922256 0.0190974455326796 0.0376002267003059 0.0216941591352224 0.0188412424176931 0.0197725892066956 0.0268886871635914 0.0340248383581638 0.044590137898922 0.0717297196388245 0.0824781209230423 0.115947730839252 0.148083731532097 0.158337458968163 0.129430875182152
-3.4e+38 -3.4e+38 -3.4e+38 -3.4e+38 -3.4e+38 -3.4e+38 -3.4e+38 -3.4e+38 -3.4e+38 0.049719050526619 0.0648465231060982 0.169574543833733 0.463959068059921 0.500646233558655 0.576242446899414 0.673975586891174 0.676289737224579 0.687773466110229 0.685505628585815 0.734418272972107 0.685546398162842 0.679648756980896 0.677971422672272 0.212567761540413 0.181765228509903 0.087842658162117 0.0424772500991821 0.00757570005953312 0.00537253171205521 0.00444485992193222 0.00332958693616092 0.00329435151070356 0.00747410673648119 0.0101744839921594 0.00707226991653442 0.00547242863103747 0.00212964997626841 0.00106252543628216 0.00311348983086646 0.0158277247101068 0.0479387864470482 0.0543654747307301 0.0440101735293865 0.0265274532139301 0.0394520238041878 0.0415141098201275 0.0546068288385868 0.0649801790714264 0.0819702371954918 0.0796350762248039 0.109535552561283 0.11040260642767 0.113973408937454 0.0969908684492111
-3.4e+38 -3.4e+38 -3.4e+38 -3.4e+38 -3.4e+38 -3.4e+38 -3.4e+38 -3.4e+38 -3.4e+38 0.0254766531288624 0.0531216114759445 0.214167207479477 0.460594952106476 0.474813550710678 0.58934760093689 0.673077523708344 0.750914990901947 0.765677273273468 0.778691947460175 0.773769199848175 0.721461415290833 0.685124456882477 0.664442718029022 0.429531455039978 0.212975353002548 0.133888185024261 0.0367542058229446 0.00628759246319532 0.00218028808012605 0.00173459330108017 0.0146622527390718 0.00766900973394513 0.00757336243987083 0.0107179405167699 0.00623829523101449 0.0043112663552165 0.00438922364264727 0.00164639903232455 0.00391551339998841 0.0192435346543789 0.0416552275419235 0.0706988871097565 0.092327669262886 0.0416400022804737 0.0451526567339897 0.0675745904445648 0.0806252881884575 0.0870190933346748 0.0928847119212151 0.0921816378831863 0.0868901312351227 0.0815657898783684 0.1018111333251 0.0906147360801697
-3.4e+38 -3.4e+38 -3.4e+38 -3.4e+38 -3.4e+38 -3.4e+38 -3.4e+38 -3.4e+38 0.0120040941983461 0.0246865823864937 0.0883414223790169 0.154785856604576 0.358923465013504 0.497732669115067 0.542462468147278 0.70437479019165 0.738964736461639 0.792345404624939 0.770284414291382 0.805689513683319 0.705608189105988 0.676342129707336 0.62060022354126 0.49675178527832 0.210780382156372 0.0636612102389336 0.0118174478411674 0.00504465587437153 0.0022474261932075 0.00134543282911181 0.00224296352826059 0.00199014809913933 0.00348809151910245 0.0105830216780305 0.0105286603793502 0.00363521976396441 0.00361806433647871 0.0051927613094449 0.00910171214491129 0.0233558155596256 0.0615152642130852 0.0335786826908588 0.0521861799061298 0.0475567579269409 0.0645062401890755 0.0736513435840607 0.108283199369907 0.118127942085266 0.0931428372859955 0.0819424539804459 0.0938105806708336 0.0706401020288467 0.0822342336177826 0.0843859165906906
-3.4e+38 -3.4e+38 -3.4e+38 -3.4e+38 -3.4e+38 -3.4e+38 -3.4e+38 0.00854333117604256 0.0155786462128162 0.027575334534049 0.0609317272901535 0.17599792778492 0.342727243900299 0.454977542161942 0.598111987113953 0.692823112010956 0.730073750019073 0.74874359369278 0.769680321216583 0.770355403423309 0.716922998428345 0.671314239501953 0.606834232807159 0.384899824857712 0.244213134050369 0.0414443537592888 0.0080594141036272 0.00498652877286077 0.00217840308323503 0.00102382653858513 0.00112219492439181 0.0054370709694922 0.00589361321181059 0.0160326529294252 0.0239169765263796 0.00629735644906759 0.00357610429637134 0.00962473172694445 0.0288800224661827 0.0530769042670727 0.0570833086967468 0.062521867454052 0.0597770735621452 0.0632580295205116 0.0689900815486908 0.107063122093678 0.135599851608276 0.140994399785995 0.100432455539703 0.0837106108665466 0.0711500272154808 0.0655183494091034 0.069672130048275 0.0733590349555016
-3.4e+38 -3.4e+38 -3.4e+38 -3.4e+38 -3.4e+38 -3.4e+38 0.00624792091548443 0.0103964488953352 0.0269429050385952 0.0335967727005482 0.0854758098721504 0.176532685756683 0.332004487514496 0.468409419059753 0.593701839447021 0.6535924077034 0.668442904949188 0.723255932331085 0.766445994377136 0.807156443595886 0.752433776855469 0.742071151733398 0.629845559597015 0.326823711395264 0.128045618534088 0.0323642566800117 0.0083994697779417 0.00949803367257118 0.00315618677996099 0.00157340161968023 0.00195133360102773 0.00671181827783585 0.0105281984433532 0.0277775414288044 0.0571144409477711 0.0513370968401432 0.00601149629801512 0.0198048688471317 0.0549294799566269 0.162531152367592 0.110551908612251 0.0786429643630981 0.0748007968068123 0.0809564515948296 0.0753460228443146 0.103419341146946 0.140367045998573 0.130790814757347 0.105930969119072 0.0787761360406876 0.0622451901435852 0.0563726387917995 0.0564094223082066 0.0669495686888695
-3.4e+38 -3.4e+38 -3.4e+38 -3.4e+38 -3.4e+38 0.00348415831103921 0.00564963975921273 0.0117718568071723 0.0240236930549145 0.0562057569622993 0.0843072310090065 0.17072431743145 0.348950386047363 0.472811967134476 0.623802781105042 0.656005620956421 0.644393861293793 0.698395252227783 0.762405395507812 0.82423734664917 0.779560804367065 0.684482574462891 0.6135493516922 0.317845165729523 0.101768672466278 0.0180018804967403 0.0110254688188434 0.0093773677945137 0.0052953539416194 0.00336322537623346 0.00662489980459213 0.00939459539949894 0.0126357488334179 0.0189948230981827 0.0260283816605806 0.022942990064621 0.014154021628201 0.0489721968770027 0.151963382959366 0.279127597808838 0.217961922287941 0.112075924873352 0.0727375894784927 0.0796801447868347 0.10220542550087 0.101678431034088 0.11446724832058 0.103623360395432 0.08492711186409 0.0621481090784073 0.0568907037377357 0.0522433184087276 0.052482221275568 0.0594229586422443
-3.4e+38 -3.4e+38 -3.4e+38 -3.4e+38 0.00156657188199461 0.003503886051476 0.00671480875462294 0.0107795419171453 0.0177101567387581 0.0341392271220684 0.0792221501469612 0.166394665837288 0.305087804794312 0.496211677789688 0.635606646537781 0.651885628700256 0.642690002918243 0.690297305583954 0.75594300031662 0.804107069969177 0.781070649623871 0.609633266925812 0.34552401304245 0.208015471696854 0.0773573890328407 0.0142332930117846 0.0104596791788936 0.00935660116374493 0.0097690261900425 0.00699159922078252 0.00832903664559126 0.0101238954812288 0.0109055787324905 0.0364693142473698 0.050277303904295 0.0118046486750245 0.0410283170640469 0.0994916185736656 0.240470245480537 0.427011132240295 0.376537948846817 0.0941723957657814 0.0724447891116142 0.0926511138677597 0.105712093412876 0.125273212790489 0.0927488058805466 0.083620049059391 0.0654201582074165 0.0499099157750607 0.0427395962178707 0.0419569127261639 0.0475105382502079 0.0531674735248089
-3.4e+38 -3.4e+38 -3.4e+38 -3.4e+38 0.00139580632094294 0.0032376698218286 0.0062549039721489 0.00989135354757309 0.0113499881699681 0.0257665030658245 0.0839438140392303 0.209802314639091 0.361194223165512 0.495588630437851 0.628881692886353 0.682129681110382 0.648871302604675 0.639799118041992 0.727774500846863 0.832099318504333 0.617388010025024 0.311603218317032 0.219373881816864 0.183746099472046 0.0947452932596207 0.012798628769815 0.0118952933698893 0.00755659583956003 0.00953101925551891 0.00596357043832541 0.00998410023748875 0.00591566506773233 0.00963669084012508 0.012761234305799 0.120910637080669 0.0247927308082581 0.105117611587048 0.113104417920113 0.291979163885117 0.571819424629211 0.269389986991882 0.0921183824539185 0.0797409191727638 0.086774043738842 0.0968620106577873 0.109305381774902 0.0952592343091965 0.0682258084416389 0.0586179569363594 0.0476872809231281 0.0418675504624844 0.0394759215414524 0.0425025969743729 0.04928819835186
-3.4e+38 -3.4e+38 -3.4e+38 -3.4e+38 0.00104639306664467 0.00290495110675693 0.00564485043287277 0.0132348276674747 0.014571338891983 0.0293451473116875 0.102341137826443 0.296374380588531 0.387424141168594 0.46700793504715 0.607807099819183 0.680663883686066 0.606577515602112 0.616624057292938 0.704319894313812 0.793066918849945 0.327735602855682 0.154835820198059 0.17406065762043 0.121334448456764 0.0475707948207855 0.0131751215085387 0.00732601853087544 0.00550277577713132 0.0110050132498145 0.0101213734596968 0.0119164288043976 0.0150058148428798 0.00756201287731528 0.00784252863377333 0.0162140857428312 0.0749235674738884 0.125819161534309 0.255774348974228 0.521382689476013 0.621106505393982 0.285572111606598 0.100728072226048 0.0719416439533234 0.0812465995550156 0.0930845439434052 0.10047622025013 0.0947227850556374 0.0692486688494682 0.0515002384781837 0.0464498847723007 0.0286597274243832 0.0370755456387997 0.0448099449276924 0.0538159869611263
-3.4e+38 -3.4e+38 -3.4e+38 -3.4e+38 0.000788390752859414 0.00256702001206577 0.00486356765031815 0.00832438003271818 0.018143879249692 0.0455615520477295 0.208567097783089 0.288036018610001 0.375244468450546 0.489604413509369 0.564006984233856 0.604993581771851 0.630237579345703 0.622126638889313 0.774681746959686 0.776088178157806 0.580001354217529 0.17002235352993 0.0714857280254364 0.02755356580019 0.0167342573404312 0.00882667023688555 0.00908029451966286 0.00719673139974475 0.015784302726388 0.0346413478255272 0.0191725101321936 0.0104265175759792 0.00679063703864813 0.0248267576098442 0.0681105181574821 0.176595941185951 0.173986658453941 0.497559249401093 0.618851721286774 0.565252244472504 0.288894563913345 0.155270174145699 0.103309221565723 0.0890748053789139 0.112151950597763 0.0962580516934395 0.102702751755714 0.0682459324598312 0.0564882978796959 0.0470627546310425 0.0315439701080322 0.0429979488253593 0.0419506244361401 0.0568664409220219
-3.4e+38 -3.4e+38 -3.4e+38 -3.4e+38 0.000891281291842461 0.00178791175130755 0.00462742988020182 0.00801255367696285 0.0150357559323311 0.0450036935508251 0.174153074622154 0.292578220367432 0.384779781103134 0.434866964817047 0.486743241548538 0.60590124130249 0.675090134143829 0.64119678735733 0.79878431558609 0.857409656047821 0.572440326213837 0.102276988327503 0.0247366726398468 0.0120688444003463 0.00623686518520117 0.0106220887973905 0.00762266013771296 0.0122731188312173 0.0252677761018276 0.0320665165781975 0.0221367552876472 0.00838802382349968 0.00671653589233756 0.0381685830652714 0.0717641785740852 0.334538400173187 0.58617627620697 0.593350410461426 0.608387589454651 0.543218374252319 0.313353508710861 0.191356495022774 0.11920540034771 0.108415603637695 0.108568355441093 0.10787009447813 0.0857005789875984 0.0653797313570976 0.0596283189952374 0.0487700216472149 0.0440409742295742 0.0405183993279934 0.0440205819904804 0.0522715114057064
-3.4e+38 -3.4e+38 -3.4e+38 0.000450638763140887 0.0013858110178262 0.00317657669074833 0.00288949487730861 0.00647507235407829 0.0157397650182247 0.0574982650578022 0.159366697072983 0.332153797149658 0.326883733272552 0.36976432800293 0.436694294214249 0.575631320476532 0.667835354804993 0.690376043319702 0.716144621372223 0.857450366020203 0.739387094974518 0.236834570765495 0.0110108247026801 0.00632830383256078 0.00509084528312087 0.0079485634341836 0.00532455882057548 0.00690950034186244 0.0226983670145273 0.0290657170116901 0.0104433484375477 0.00526115531101823 0.00853477325290442 0.0370548777282238 0.0855442136526108 0.551652073860168 0.363345772027969 0.373616755008698 0.382146865129471 0.396506100893021 0.275264650583267 0.175945565104485 0.151992574334145 0.126146018505096 0.106234915554523 0.110968686640263 0.0897070989012718 0.0763976499438286 0.059424139559269 0.0473538339138031 0.0487529188394547 0.0654268488287926 0.0513939820230007 0.054743941873312
-3.4e+38 -3.4e+38 -3.4e+38 0.00034848868381232 0.00159075320698321 0.0040779123082757 0.00276998500339687 0.00476636365056038 0.01421541813761 0.0710627138614655 0.244371891021729 0.250829041004181 0.291118770837784 0.286222785711288 0.357908517122269 0.514377892017365 0.648111462593079 0.680790364742279 0.686109960079193 0.857665061950684 0.752058029174805 0.0917309746146202 0.0103961601853371 0.00532094249501824 0.0070894118398428 0.00490948325023055 0.00392573978751898 0.00591255910694599 0.0159146450459957 0.0275059230625629 0.0106831891462207 0.00674830889329314 0.0165214296430349 0.105494946241379 0.324318647384644 0.51995974779129 0.333582848310471 0.335620731115341 0.376480937004089 0.442390918731689 0.296752780675888 0.245075106620789 0.184096872806549 0.158270984888077 0.13837893307209 0.113522298634052 0.102857738733292 0.0752549842000008 0.0658224821090698 0.0575617626309395 0.0606776960194111 0.0517060309648514 0.0626977607607841 0.0723575800657272
-3.4e+38 -3.4e+38 -3.4e+38 0.000432646309491247 0.000970554014202207 0.00229046121239662 0.00372077501378953 0.00590811157599092 0.0208210162818432 0.0772631168365479 0.188299387693405 0.257296234369278 0.197894722223282 0.226982086896896 0.294127196073532 0.408268123865128 0.603726923465729 0.690437018871307 0.679100930690765 0.81369149684906 0.772290766239166 0.133195757865906 0.00703269196674228 0.00674685370177031 0.00873115565627813 0.00606120284646749 0.00479372777044773 0.00831336155533791 0.0187662485986948 0.0196483638137579 0.00759503152221441 0.00998543109744787 0.0379130095243454 0.235820591449738 0.635617673397064 0.403745859861374 0.312556862831116 0.41370615363121 0.481675118207932 0.518243134021759 0.271499902009964 0.268918454647064 0.238463699817657 0.207802355289459 0.159462034702301 0.142842724919319 0.112550020217896 0.100187547504902 0.0742994621396065 0.0689942613244057 0.0564768612384796 0.0722468718886375 0.0885153040289879 0.0763788372278214
0.000215059510082938 0.000191162398550659 0.000258163170656189 0.000659039709717035 0.0010953868040815 0.00312997866421938 0.0132959196344018 0.028420053422451 0.136929407715797 0.122145123779774 0.187688991427422 0.17388328909874 0.214163079857826 0.24370464682579 0.247417420148849 0.414355397224426 0.606036365032196 0.668609321117401 0.701031684875488 0.844458878040314 0.599123477935791 0.0827996358275414 0.00716699240729213 0.00789785012602806 0.00985041540116072 0.00612964853644371 0.00726015772670507 0.0133644659072161 0.0225684512406588 0.0111913187429309 0.00911154039204121 0.0290780421346426 0.0978433266282082 0.356300890445709 0.628002762794495 0.257631808519363 0.306779116392136 0.49302950501442 0.495030909776688 0.423431694507599 0.248831436038017 0.312888532876968 0.300153970718384 0.246488034725189 0.195426464080811 0.172649994492531 0.129657059907913 0.110469065606594 0.0932738184928894 0.0718681216239929 0.0774538218975067 0.0746666640043259 0.0939792320132256 0.0910960286855698
0.000724998884834349 0.000701724668033421 0.000901586899999529 0.00158837263006717 0.0013628052547574 0.00305619137361646 0.0101523259654641 0.060625072568655 0.243220314383507 0.316882729530334 0.195776402950287 0.188441127538681 0.214305862784386 0.27124947309494 0.300399571657181 0.476393073797226 0.65483546257019 0.639648497104645 0.776715099811554 0.774806678295135 0.311384648084641 0.0427180752158165 0.00830763392150402 0.00764354038983583 0.00939370784908533 0.00885021686553955 0.00957899540662766 0.0132383294403553 0.0102610560134053 0.00937982276082039 0.0236352980136871 0.0766786485910416 0.223958879709244 0.375782042741776 0.351127147674561 0.254791468381882 0.308954685926437 0.375605762004852 0.327072829008102 0.290254920721054 0.32482722401619 0.309808522462845 0.281646937131882 0.24802178144455 0.200598627328873 0.161656215786934 0.149167850613594 0.103915765881538 0.0983835533261299 0.0808432325720787 0.0733960792422295 0.0656883493065834 0.0919976606965065 0.118247009813786
0.000594435026869178 0.000586559297516942 0.00120498007163405 0.00165778212249279 0.00233516492880881 0.0045915306545794 0.0277645215392113 0.0767714604735374 0.18287305533886 0.206127390265465 0.145673856139183 0.173743218183517 0.250986307859421 0.358619272708893 0.422852456569672 0.480624616146088 0.529010772705078 0.557146608829498 0.661599695682526 0.905143976211548 0.423064976930618 0.0788104981184006 0.0100267427042127 0.00921425223350525 0.00858714804053307 0.0135515835136175 0.0152995437383652 0.0089179677888751 0.00872843898832798 0.0121464822441339 0.0593049824237823 0.112296126782894 0.354646593332291 0.765817284584045 0.287525147199631 0.282522857189178 0.364893019199371 0.404265165328979 0.377337068319321 0.347333431243896 0.340286374092102 0.261976718902588 0.207401052117348 0.200451225042343 0.188900083303452 0.163140058517456 0.125647351145744 0.106210835278034 0.0991799160838127 0.0812242701649666 0.0724568217992783 0.0713801831007004 0.0951130986213684 0.107154287397861
