data/climate_estimation/maxent_output/Smilax_excelsa.asc
NCOLS 355 
NROWS 103 
XLLCORNER 21.75 
YLLCORNER 36.5 
CELLSIZE 0.0833333333333333 
NODATA_value -3.4e+38 
[rows 60 to 79 of 103, columns 46 to 91 of 355]
-3.4e+38 -3.4e+38 -3.4e+38 -3.4e+38 -3.4e+38 -3.4e+38 -3.4e+38 0.447492688894272 0.43860051035881 0.526057481765747 0.55523943901062 0.592588305473328 0.593649744987488 0.737736642360687 0.728397130966187 0.649872362613678 0.584744215011597 0.5929936170578 0.610815525054932 0.800035417079926 0.754370212554932 0.831976175308228 0.896417796611786 0.750096440315247 0.708244740962982 0.808733522891998 0.761501133441925 0.738925337791443 0.744783639907837 0.732820808887482 0.732845485210419 0.668490171432495 0.633966445922852 0.589175999164581 0.634864270687103 0.751546442508698 0.836676001548767 0.870330989360809 0.856812715530396 0.893545985221863 0.885398030281067 0.890259206295013 0.691792726516724 0.310084939002991 0.193236231803894 0.759537577629089
-3.4e+38 -3.4e+38 -3.4e+38 -3.4e+38 -3.4e+38 0.376044273376465 0.370229601860046 0.383639961481094 0.381511390209198 0.528906047344208 0.633742570877075 0.688624143600464 0.686024487018585 0.631450653076172 0.578089356422424 0.532013356685638 0.515828132629395 0.602003574371338 0.691101491451263 0.697611570358276 0.699071168899536 0.725133657455444 0.782621026039124 0.842098772525787 0.782981395721436 0.792339742183685 0.777291774749756 0.824859380722046 0.832429587841034 0.875464498996735 0.747025907039642 0.718091905117035 0.805393755435944 0.765932619571686 0.609744846820831 0.676878690719604 0.779585778713226 0.874757409095764 0.886564612388611 0.846552312374115 0.850910842418671 0.893868505954742 0.655829966068268 0.64214700460434 0.446245938539505 0.406468898057938
-3.4e+38 -3.4e+38 -3.4e+38 -3.4e+38 0.321652591228485 0.322321474552155 0.33710253238678 0.336638748645782 0.363096237182617 0.49848011136055 0.530057787895203 0.472261339426041 0.440287441015244 0.474034041166306 0.625159323215485 0.638742864131927 0.652449905872345 0.73778635263443 0.800031781196594 0.748499095439911 0.68748927116394 0.570277154445648 0.688825249671936 0.694825351238251 0.683507800102234 0.675755679607391 0.689058482646942 0.778160750865936 0.792836546897888 0.776461362838745 0.668562769889832 0.780942738056183 0.928046524524689 0.935243606567383 0.930927574634552 0.808430075645447 0.855851590633392 0.92393434047699 0.882561564445496 0.894245266914368 0.868913769721985 0.880648255348206 0.875107765197754 0.778288722038269 0.838902056217194 0.554361641407013
-3.4e+38 -3.4e+38 -3.4e+38 -3.4e+38 0.330238878726959 0.31212055683136 0.303557187318802 0.320670187473297 0.376958012580872 0.312302827835083 0.356112837791443 0.366091012954712 0.389530777931213 0.456323832273483 0.54407274723053 0.735296726226807 0.892053365707397 0.751840829849243 0.571983516216278 0.515708327293396 0.520081758499146 0.617292702198029 0.696064531803131 0.677048087120056 0.600091695785522 0.615887522697449 0.679639279842377 0.668978452682495 0.681918859481812 0.598316133022308 0.618633687496185 0.638136982917786 0.77795273065567 0.873763561248779 0.891329705715179 0.912055134773254 0.921816408634186 0.836813986301422 0.900958359241486 0.905892014503479 0.8862264752388 0.838531732559204 0.861518383026123 0.873476684093475 0.853797614574432 0.899447083473206
-3.4e+38 -3.4e+38 -3.4e+38 -3.4e+38 -3.4e+38 -3.4e+38 0.255178660154343 0.326191455125809 0.42177551984787 0.307649970054626 0.36035081744194 0.500653922557831 0.688474833965302 0.724660754203796 0.834271371364594 0.67570948600769 0.870717704296112 0.788159728050232 0.811822175979614 0.731237232685089 0.642793416976929 0.679286599159241 0.573966145515442 0.595662891864777 0.560830473899841 0.561438918113708 0.628209054470062 0.56776487827301 0.494414031505585 0.515539467334747 0.471509337425232 0.547318696975708 0.758664608001709 0.911296248435974 0.924586653709412 0.894404232501984 0.891403019428253 0.811458170413971 0.898650169372559 0.896456956863403 0.869995057582855 0.880968391895294 0.86791318655014 0.878776371479034 0.83768230676651 0.887927532196045
-3.4e+38 -3.4e+38 -3.4e+38 -3.4e+38 -3.4e+38 -3.4e+38 0.227269932627678 0.328607022762299 0.449296295642853 0.399089157581329 0.400331884622574 0.494234502315521 0.571781754493713 0.742191255092621 0.740730166435242 0.550272822380066 0.329413563013077 0.318789690732956 0.390210539102554 0.495315194129944 0.636949300765991 0.586398422718048 0.45968234539032 0.470883697271347 0.45872563123703 0.469888240098953 0.478456348180771 0.384798139333725 0.358660697937012 0.309153497219086 0.319377243518829 0.461586803197861 0.683865487575531 0.823355197906494 0.850530922412872 0.910841763019562 0.83543461561203 0.721857845783234 0.712846219539642 0.78159898519516 0.736134350299835 0.802144348621368 0.839382171630859 0.871824979782104 0.875645995140076 0.892423212528229
-3.4e+38 -3.4e+38 -3.4e+38 -3.4e+38 -3.4e+38 0.205773249268532 0.202007204294205 0.263178616762161 0.328872978687286 0.322998642921448 0.353941708803177 0.349871635437012 0.285822153091431 0.275062948465347 0.270110577344894 0.236213341355324 0.22021247446537 0.22724674642086 0.316053867340088 0.397066593170166 0.551439583301544 0.451374679803848 0.387559741735458 0.473243713378906 0.552357196807861 0.445374399423599 0.369678527116776 0.326241105794907 0.292956203222275 0.341272324323654 0.348490476608276 0.454353094100952 0.595124900341034 0.604225754737854 0.763471364974976 0.700964391231537 0.645390391349792 0.697998404502869 0.787506759166718 0.79263710975647 0.666036367416382 0.679048359394073 0.748700261116028 0.823308348655701 0.888198971748352 0.886510848999023
-3.4e+38 -3.4e+38 -3.4e+38 -3.4e+38 -3.4e+38 0.237156465649605 0.288376867771149 0.263477444648743 0.205143839120865 0.219803333282471 -3.4e+38 -3.4e+38 -3.4e+38 -3.4e+38 0.217469111084938 0.243271693587303 0.228707417845726 0.290398508310318 0.513109683990479 0.651530861854553 0.462442368268967 0.432488679885864 0.432080447673798 0.459559082984924 0.427533626556396 0.449019700288773 0.453989446163177 0.309490293264389 0.317046105861664 0.394822627305984 0.283892303705215 0.352366298437119 0.51954585313797 0.544173002243042 0.772062420845032 0.890508413314819 0.780115962028503 0.778167128562927 0.790832996368408 0.788348019123077 0.723628044128418 0.801893174648285 0.866970539093018 0.783620178699493 0.758006632328033 0.881552517414093
-3.4e+38 -3.4e+38 -3.4e+38 -3.4e+38 -3.4e+38 -3.4e+38 -3.4e+38 0.219204172492027 0.284381598234177 0.14504586160183 0.136955052614212 -3.4e+38 0.173075541853905 0.191461309790611 0.215580269694328 0.224416270852089 0.296665996313095 0.502499580383301 0.647709667682648 0.811614811420441 0.567681968212128 0.444971889257431 0.430794268846512 0.355261266231537 0.268756091594696 0.412028104066849 0.527005434036255 0.462181627750397 0.368727654218674 0.294180452823639 0.311143577098846 0.493527859449387 0.664233028888702 0.819752871990204 0.775922536849976 0.818069934844971 0.764098286628723 0.841178894042969 0.848329663276672 0.803419709205627 0.652495324611664 0.827270150184631 0.668356955051422 0.744966447353363 0.807814002037048 0.894542813301086
-3.4e+38 -3.4e+38 -3.4e+38 0.147319495677948 0.146366998553276 0.158797979354858 0.211952269077301 0.218379214406013 0.199512988328934 0.149585336446762 0.11078555136919 -3.4e+38 0.162585452198982 0.180017694830894 0.21765661239624 0.270670264959335 0.367323696613312 0.49926820397377 0.41181805729866 0.485064417123795 0.302155345678329 0.298479676246643 0.320155322551727 0.245334073901176 0.303116232156754 0.483192563056946 0.595440685749054 0.426208019256592 0.377088874578476 0.250750124454498 0.25615581870079 0.321418434381485 0.506442606449127 0.855751156806946 0.817741096019745 0.773537278175354 0.811754882335663 0.774427831172943 0.645728945732117 0.795000731945038 0.620635986328125 0.840950429439545 0.847536623477936 0.565367221832275 0.788513898849487 0.878614366054535
-3.4e+38 -3.4e+38 -3.4e+38 0.150856956839561 0.200090631842613 0.225407734513283 0.209382936358452 0.123700894415379 0.135944455862045 0.159950122237206 0.143410265445709 0.0981805250048637 -3.4e+38 0.145578414201736 0.138948708772659 0.272817850112915 0.388559728860855 0.425996541976929 0.39831131696701 0.272907495498657 0.203525304794312 0.182839557528496 0.20954042673111 0.188923820853233 0.196980223059654 0.251438230276108 0.298017799854279 0.276158392429352 0.459192663431168 0.478055536746979 0.389767110347748 0.35675972700119 0.412378460168839 0.464614152908325 0.456144392490387 0.407970756292343 0.560531914234161 0.691246807575226 0.822326242923737 0.701924026012421 0.589724481105804 0.839087069034576 0.791655242443085 0.631065547466278 0.591267764568329 0.879695236682892
-3.4e+38 -3.4e+38 -3.4e+38 0.130391120910645 0.125868335366249 0.164222225546837 0.125192239880562 0.107411168515682 0.150775402784348 0.152812063694 0.11942370980978 0.0950373560190201 -3.4e+38 -3.4e+38 0.125979647040367 0.138894513249397 0.246304839849472 0.285673052072525 0.248706415295601 0.173789843916893 0.159335523843765 0.146403521299362 0.171189114451408 0.295453786849976 0.385371744632721 0.163629800081253 0.17203064262867 0.23716801404953 0.276965707540512 0.382215589284897 0.666953146457672 0.652638971805573 0.675998449325562 0.698697328567505 0.764204144477844 0.816279947757721 0.760334193706512 0.685545444488525 0.635374963283539 0.592445313930511 0.442736834287643 0.615165710449219 0.838298380374908 0.843360126018524 0.661356329917908 0.791241765022278
-3.4e+38 -3.4e+38 -3.4e+38 -3.4e+38 -3.4e+38 -3.4e+38 0.109079077839851 0.105650514364243 0.150223389267921 0.259640038013458 0.112283825874329 0.112858943641186 0.104883164167404 -3.4e+38 0.113398909568787 0.159823000431061 0.132699564099312 0.176883310079575 0.167447566986084 0.172610208392143 0.177155941724777 0.21384684741497 0.193426921963692 0.400089859962463 0.312633186578751 0.207575142383575 0.161094069480896 0.14768585562706 0.213988289237022 0.309665471315384 0.488597184419632 0.587520241737366 0.665288865566254 0.43876439332962 0.531575977802277 0.533459782600403 0.468269318342209 0.626348078250885 0.827561795711517 0.821311473846436 0.845766603946686 0.577560305595398 0.596824049949646 0.788809716701508 0.814346611499786 0.560696959495544
-3.4e+38 -3.4e+38 -3.4e+38 -3.4e+38 -3.4e+38 -3.4e+38 -3.4e+38 -3.4e+38 0.123783722519875 0.119401849806309 0.112990096211433 0.0858741253614426 -3.4e+38 -3.4e+38 0.159790739417076 0.222397103905678 0.129597350955009 0.151922181248665 0.193322032690048 0.270202904939651 0.259571105241776 0.369131475687027 0.338518023490906 0.180379003286362 0.122663974761963 0.114811919629574 0.109824649989605 0.122577026486397 0.279760628938675 0.387726068496704 0.372294455766678 0.42432776093483 0.345235913991928 0.442522257566452 0.387810558080673 0.334022402763367 0.52812647819519 0.470019787549973 0.462776929140091 0.521901726722717 0.591376900672913 0.540044069290161 0.49873685836792 0.507236003875732 0.397664666175842 0.35786759853363
-3.4e+38 -3.4e+38 -3.4e+38 -3.4e+38 -3.4e+38 -3.4e+38 -3.4e+38 -3.4e+38 -3.4e+38 -3.4e+38 -3.4e+38 -3.4e+38 -3.4e+38 -3.4e+38 -3.4e+38 -3.4e+38 0.118316374719143 0.147003591060638 0.169822067022324 0.209852278232574 0.236496850848198 0.285533428192139 0.231384977698326 0.155898928642273 0.118488766252995 0.097794234752655 0.0993495136499405 0.127659946680069 0.259261518716812 0.220375224947929 0.300351172685623 0.32059919834137 0.285484105348587 0.429589211940765 0.326269686222076 0.318508118391037 0.458760857582092 0.376241564750671 0.399253875017166 0.542498886585236 0.511952817440033 0.530236721038818 0.598686873912811 0.43596151471138 0.362053394317627 0.552751064300537
-3.4e+38 -3.4e+38 -3.4e+38 -3.4e+38 -3.4e+38 -3.4e+38 -3.4e+38 -3.4e+38 -3.4e+38 -3.4e+38 -3.4e+38 -3.4e+38 -3.4e+38 -3.4e+38 0.0916754156351089 0.101732820272446 0.114807151257992 0.140688955783844 0.16183690726757 0.172216475009918 0.186971247196198 0.170328631997108 0.113388366997242 0.089031845331192 0.104557633399963 0.089088462293148 0.0938287302851677 0.0933230593800545 0.161247447133064 0.172034502029419 0.203658640384674 0.224816054105759 0.289187967777252 0.265874207019806 0.263777732849121 0.282748073339462 0.325864851474762 0.333647221326828 0.345250159502029 0.348231911659241 0.350065380334854 0.451572984457016 0.437027990818024 0.360939294099808 0.400536179542542 0.602272033691406
-3.4e+38 -3.4e+38 -3.4e+38 -3.4e+38 -3.4e+38 -3.4e+38 -3.4e+38 -3.4e+38 -3.4e+38 0.0661102458834648 0.0626843348145485 -3.4e+38 -3.4e+38 0.0821720585227013 0.0959602743387222 0.104277357459068 0.113921664655209 0.182357773184776 0.276090383529663 0.181933835148811 0.124198354780674 0.0943075492978096 0.0800309777259827 0.0809535831212997 0.0824231207370758 0.0891458839178085 0.1070911064744 0.120685294270515 0.105075545608997 0.159870058298111 0.236284509301186 0.271813690662384 0.289221554994583 0.203268274664879 0.243478819727898 0.283056616783142 0.297913581132889 0.300727784633636 0.307013124227524 0.342128038406372 0.415712147951126 0.359080046415329 0.338124603033066 0.33477583527565 0.430134266614914 0.496639966964722
0.0864205881953239 -3.4e+38 -3.4e+38 0.055616233497858 0.0597916021943092 0.0608118511736393 -3.4e+38 -3.4e+38 -3.4e+38 0.0868524014949799 0.111610807478428 0.102912001311779 -3.4e+38 0.0741391256451607 0.0811027437448502 0.0848874747753143 0.100922033190727 0.108471781015396 0.130401492118835 0.142450347542763 0.131768479943275 0.10295981913805 0.103017017245293 0.0826060846447945 0.0883625373244286 0.128078863024712 0.177777275443077 0.121618859469891 0.105825982987881 0.102927230298519 0.127249300479889 0.209455847740173 0.222014874219894 0.233363434672356 0.322702288627625 0.327235549688339 0.332146793603897 0.269712686538696 0.306717336177826 0.298731505870819 0.350410491228104 0.350074380636215 0.382550328969955 0.380764782428741 0.443732529878616 0.415706098079681
0.0689635500311852 -3.4e+38 -3.4e+38 0.102199055254459 0.114099584519863 0.170269832015038 0.0616467744112015 0.0592254959046841 0.0585418045520782 0.0711529105901718 0.137296095490456 0.150011658668518 0.073994554579258 0.0682851895689964 0.0749093592166901 0.0770380049943924 0.0805446952581406 0.100254409015179 0.189039647579193 0.314261615276337 0.226417079567909 0.268460243940353 0.47729817032814 0.130046859383583 0.0902143269777298 0.0927532240748405 0.0936348661780357 0.0993857905268669 0.092823252081871 0.0978550687432289 0.107518501579762 0.121163159608841 0.147986620664597 0.236480429768562 0.311728626489639 0.369104534387589 0.370748281478882 0.304711580276489 0.340192466974258 0.363161087036133 0.408008009195328 0.408007562160492 0.45766407251358 0.487470686435699 0.47503188252449 0.412046283483505
-3.4e+38 -3.4e+38 -3.4e+38 0.0557028353214264 0.0744756981730461 0.170613035559654 0.0824334248900414 -3.4e+38 0.0594075731933117 0.0642425790429115 0.074548751115799 0.100719228386879 0.072357103228569 0.0671348124742508 0.0681764408946037 0.0738865211606026 0.0771892070770264 0.0897152423858643 0.113071151077747 0.108543038368225 0.139141499996185 0.152586966753006 0.135862872004509 0.114349134266376 0.0993435755372047 0.110226698219776 0.143128603696823 0.182800620794296 0.2002854347229 0.169546961784363 0.168565914034843 0.158318668603897 0.121839880943298 0.101989813148975 0.141808196902275 0.255017131567001 0.380960911512375 0.380682796239853 0.475311607122421 0.466937571763992 0.444303303956985 0.449617058038712 0.495277732610703 0.43337407708168 0.405415654182434 0.399968981742859
