data/climate_estimation/maxent_output/Smilax_moranensis.asc
NCOLS 303 
NROWS 197 
XLLCORNER -109.666666666667 
YLLCORNER 12.5 
CELLSIZE 0.0833333333333333 
NODATA_value -3.4e+38 
[rows 0 to 22 of 197, columns 52 to 103 of 303]
0.0521495975553989 0.0559674091637135 0.0496727228164673 0.0279393624514341 0.0299355071038008 0.0280201323330402 0.0286228414624929 0.0297593176364899 0.0378528498113155 0.045440535992384 0.0656733587384224 0.0554992519319057 0.0711384266614914 0.0628861710429192 0.0664962455630302 0.079182967543602 0.0649711862206459 0.0504675954580307 0.0604330152273178 0.0557529032230377 0.0267042778432369 0.013501824811101 0.0103383706882596 0.00728118605911732 0.00665727257728577 0.00577702606096864 0.00583321740850806 0.0127171110361814 0.0112815517932177 0.0127466302365065 0.0165029559284449 0.0248356387019157 0.0497944168746471 0.0760051533579826 0.0790106356143951 0.0622394718229771 0.0588224604725838 0.0949907302856445 0.0795058682560921 0.059239998459816 0.0520994998514652 0.0423641912639141 0.0378604754805565 0.0460916757583618 0.034697812050581 0.0341879837214947 0.0326275639235973 0.0268825609236956 0.0217077601701021 0.0186391714960337 0.0154827870428562 0.0138470595702529
0.0450654625892639 0.0449266918003559 0.0636344030499458 0.0475375689566135 0.0278231091797352 0.0293682608753443 0.0307763144373894 0.0320871248841286 0.0359750352799892 0.0370003618299961 0.0549104809761047 0.0725765973329544 0.078195296227932 0.069036677479744 0.0783519595861435 0.0722601786255836 0.0689874440431595 0.0533391907811165 0.0504767447710037 0.0606172345578671 0.0447145625948906 0.0163628421723843 0.0111523987725377 0.00820047128945589 0.00480405241250992 0.00560368504375219 0.00603820476680994 0.00779792945832014 0.0110976854339242 0.0171086918562651 0.0216734763234854 0.0190730001777411 0.0318527407944202 0.0669212490320206 0.0603072606027126 0.0495129376649857 0.0369751192629337 0.0889596119523048 0.0842160806059837 0.0767614543437958 0.0404574535787106 0.0394920781254768 0.0483729280531406 0.0455403551459312 0.0486012659966946 0.039598286151886 0.030599556863308 0.0265640411525965 0.0184085424989462 0.0164056122303009 0.0143344178795815 0.0151510890573263
0.0555989779531956 0.0403441786766052 0.0305891819298267 0.0318837463855743 0.0262941773980856 0.0384267196059227 0.0321126393973827 0.0211600996553898 0.0346866436302662 0.0384055897593498 0.0524467490613461 0.0696009248495102 0.074875682592392 0.0752847045660019 0.0705716237425804 0.0650251060724258 0.0697483196854591 0.0593785308301449 0.0539248175919056 0.0590480044484138 0.0529812201857567 0.0243775714188814 0.0111860288307071 0.00650341017171741 0.00488083995878696 0.00379719422198832 0.00524376751855016 0.00470286281779408 0.00846521928906441 0.0118120843544602 0.0178734101355076 0.0188236143440008 0.0252824351191521 0.0521997958421707 0.0514403283596039 0.0378851108253002 0.0324321761727333 0.045081552118063 0.0573018863797188 0.0514473207294941 0.0602240972220898 0.0493061877787113 0.0429523028433323 0.0512090846896172 0.0463887378573418 0.0442335978150368 0.0405571237206459 0.0292375255376101 0.0240252502262592 0.0176233351230621 0.0137293562293053 0.0111909415572882
0.0397517494857311 0.0429163053631783 0.0375029630959034 0.0351765640079975 0.0339464209973812 0.0360554531216621 0.036555290222168 0.0215082112699747 0.0366172678768635 0.0550902485847473 0.0426834225654602 0.0515742227435112 0.0680876895785332 0.0757503286004066 0.0714295357465744 0.0643137991428375 0.0622846074402332 0.0625919699668884 0.0558540225028992 0.0583646036684513 0.0500642508268356 0.0535619780421257 0.0178108774125576 0.00479216687381268 0.00221322407014668 0.00316504412330687 0.00312516046687961 0.00464496202766895 0.0084311543032527 0.0105890454724431 0.0129572562873363 0.00771124102175236 0.0236134584993124 0.0757710635662079 0.0564590655267239 0.0606660321354866 0.0547084175050259 0.0455168187618256 0.037587083876133 0.0425712577998638 0.0393703579902649 0.0551393181085587 0.0453117489814758 0.0475068129599094 0.0465910136699677 0.051434051245451 0.0466569811105728 0.0350622348487377 0.0269206538796425 0.0179811418056488 0.0132022835314274 0.00805547926574945
0.0411387495696545 0.0417339168488979 0.0389879532158375 0.0401689000427723 0.0375294983386993 0.0212948508560658 0.037449836730957 0.0245353151112795 0.0252239853143692 0.054858110845089 0.0426636524498463 0.0555552914738655 0.0528716221451759 0.0622296929359436 0.050829105079174 0.0653733611106873 0.0544194057583809 0.0593236237764359 0.0536361522972584 0.0455292798578739 0.0478025749325752 0.0527557022869587 0.0299777891486883 0.00382028543390334 0.00167710753157735 0.00160847790539265 0.00218851747922599 0.00305665866471827 0.00453074835240841 0.00244434294290841 0.00466354424133897 0.00468883477151394 0.0179889276623726 0.0778604447841644 0.0595343969762325 0.0448159016668797 0.0821511372923851 0.087619848549366 0.0542613789439201 0.0359445549547672 0.040291752666235 0.0459821969270706 0.0490908287465572 0.0477130375802517 0.0455426312983036 0.0455319695174694 0.0475374609231949 0.0377631187438965 0.028974799439311 0.0192924980074167 0.0121426535770297 0.00510089006274939
0.024523364380002 0.0213280841708183 0.0200484339147806 0.0425998270511627 0.0452005341649055 0.0407265573740005 0.040831234306097 0.0448012501001358 0.0431375838816166 0.0452433228492737 0.0452424995601177 0.0535688474774361 0.0535594038665295 0.0707285776734352 0.0590790845453739 0.0499660298228264 0.0549819655716419 0.0536886677145958 0.0544954724609852 0.0443596690893173 0.0377417616546154 0.030320018529892 0.0131536303088069 0.00364527595229447 0.00126334407832474 0.00150251819286495 0.00336005026474595 0.00214825035072863 0.00305071007460356 0.00178354268427938 0.0022743153385818 0.00261027691885829 0.0121450955048203 0.0592577755451202 0.0395740792155266 0.041918933391571 0.0607523992657661 0.0830143988132477 0.0871959030628204 0.0621591508388519 0.0541348680853844 0.0530944690108299 0.0450801141560078 0.0430361144244671 0.0419747419655323 0.0425699651241302 0.0411623194813728 0.0392778441309929 0.0327164642512798 0.0216912738978863 0.0133266784250736 0.00642256531864405
0.02515484765172 0.0244269091635942 0.0231472384184599 0.0223313551396132 0.0245624892413616 0.0511030778288841 0.0481888651847839 0.0464756973087788 0.0510726682841778 0.0513992607593536 0.0524446107447147 0.0596979483962059 0.0634220018982887 0.0695915594696999 0.0641012117266655 0.0494430884718895 0.0496907234191895 0.054034061729908 0.0484722331166267 0.0427198261022568 0.0290032085031271 0.0180120393633842 0.00868250150233507 0.00436736084520817 0.00176674721296877 0.00180483516305685 0.0211069472134113 0.0031145887915045 0.00132272101473063 0.00139648735057563 0.00108251755591482 0.00199560122564435 0.0137181030586362 0.0724516436457634 0.0330093801021576 0.0404626727104187 0.0412885658442974 0.0554570257663727 0.0682118162512779 0.0694140940904617 0.0567386336624622 0.0589693896472454 0.0531541965901852 0.0505920834839344 0.0375521779060364 0.0372569151222706 0.0373026840388775 0.0357164479792118 0.033033199608326 0.0239174515008926 0.0170704796910286 0.00848651956766844
0.026535427197814 0.0256573017686605 0.0283645074814558 0.0259890742599964 0.0266720987856388 0.0259525645524263 0.0520733743906021 0.0543898418545723 0.0580527558922768 0.0679524391889572 0.0709714591503143 0.0647082254290581 0.0769935622811317 0.0643023774027824 0.0839385911822319 0.0564025230705738 0.0488337799906731 0.0565437786281109 0.0486745797097683 0.0359838157892227 0.0288836620748043 0.0224707517772913 0.0140680000185966 0.00597794679924846 0.00210925587452948 0.00237213703803718 0.0163939353078604 0.0272797364741564 0.00153079454321414 0.00106284802313894 0.00304756383411586 0.00174721609801054 0.00626632664352655 0.0288536511361599 0.0561453551054001 0.04225929453969 0.052849143743515 0.0534829385578632 0.063450925052166 0.0700671598315239 0.0643787831068039 0.0630134269595146 0.0543352402746677 0.0590118616819382 0.0490830093622208 0.0310322716832161 0.0310299471020699 0.031242398545146 0.0232377201318741 0.0228526424616575 0.016330037266016 0.0115588707849383
0.0459890402853489 0.0458336770534515 0.0487155802547932 0.0408949963748455 0.0236812215298414 0.0244070440530777 0.0422238372266293 0.0501792095601559 0.0467152372002602 0.0505037978291512 0.0666071325540543 0.0618363432586193 0.0599094741046429 0.0743657797574997 0.0658213570713997 0.0576428584754467 0.051338043063879 0.0487044230103493 0.0472100973129272 0.0343268662691116 0.0333395712077618 0.0379819348454475 0.0313187539577484 0.0152424797415733 0.00313469069078565 0.00282829790376127 0.00624747341498733 0.0678661614656448 0.00397185748443007 0.00195998325943947 0.0125323040410876 0.00297034345567226 0.00746186263859272 0.0145669169723988 0.0263898298144341 0.0547005012631416 0.0495413541793823 0.0460763797163963 0.059902261942625 0.0725308954715729 0.0635513812303543 0.0477482080459595 0.0463014245033264 0.0516104437410831 0.055274236947298 0.0368745885789394 0.0283668469637632 0.021785706281662 0.0164239164441824 0.0127720218151808 0.01568971760571 0.0172601826488972
0.0357261151075363 0.0480957664549351 0.0483255796134472 0.0467612482607365 0.0434886515140533 0.0443910211324692 0.0464724414050579 0.0473042018711567 0.0479359738528728 0.0486353076994419 0.0596276521682739 0.0565969347953796 0.0572939291596413 0.0664237439632416 0.0589407533407211 0.048162080347538 0.0428395085036755 0.0400807373225689 0.0373910665512085 0.0299991741776466 0.0254126247018576 0.0290540680289268 0.0198796708136797 0.0143558578565717 0.00425790064036846 0.00333862914703786 0.00382784893736243 0.0381138399243355 0.0204803235828876 0.0038434446323663 0.00863995868712664 0.00815001595765352 0.0150740863755345 0.0125499665737152 0.0146864475682378 0.0491994172334671 0.0502449683845043 0.0407751500606537 0.0530214384198189 0.058995995670557 0.0494045726954937 0.046153835952282 0.0435321852564812 0.033915176987648 0.0375596284866333 0.0266765952110291 0.0249884258955717 0.0174901727586985 0.012644269503653 0.00921239797025919 0.00980041082948446 0.0132057592272758
0.0842250362038612 0.0549088083207607 0.0499306656420231 0.0546340830624104 0.0437606908380985 0.0480887666344643 0.0461182482540607 0.0486665368080139 0.0427404046058655 0.0619961358606815 0.054281909018755 0.0628141313791275 0.0519863180816174 0.0638311058282852 0.0533625148236752 0.0475248582661152 0.0438331849873066 0.0393085516989231 0.0376805104315281 0.0315860249102116 0.0213252734392881 0.0236183311790228 0.0155060878023505 0.00741559825837612 0.0066877594217658 0.0030774618498981 0.00478125410154462 0.0250255353748798 0.0272300485521555 0.0122755244374275 0.0112104862928391 0.0107219265773892 0.0157495681196451 0.0177244786173105 0.0254698134958744 0.0391129739582539 0.0459297969937325 0.0449195206165314 0.045576274394989 0.0504623465240002 0.0601923428475857 0.0481691621243954 0.0403877794742584 0.0309486035257578 0.0294840205460787 0.0278593152761459 0.0177231729030609 0.0111912153661251 0.00880647730082273 0.00600897148251534 0.00570597918704152 0.00766103435307741
0.101455844938755 0.0812855213880539 0.0631664469838142 0.0517920143902302 0.0466748811304569 0.0490436032414436 0.0478012561798096 0.0588150210678577 0.0586451850831509 0.041594710201025 0.0472373180091381 0.0685293152928352 0.0703575238585472 0.0577755197882652 0.0466962233185768 0.0385988987982273 0.0336707606911659 0.0309681780636311 0.0336388237774372 0.0597335733473301 0.0310482960194349 0.0200190972536802 0.0114791598170996 0.00825801026076078 0.00623121066018939 0.0040074409916997 0.00443936605006456 0.0106541980057955 0.00578601006418467 0.00747357634827495 0.0168591886758804 0.0151446731761098 0.0104463323950768 0.0102861560881138 0.0339202396571636 0.0666729137301445 0.0422991663217545 0.0456703752279282 0.042698085308075 0.0503437481820583 0.0737260207533836 0.05735894292593 0.0409284047782421 0.0298366360366344 0.02610101737082 0.0206609349697828 0.0147201474756002 0.00904770568013191 0.00531446607783437 0.00465545104816556 0.0040520029142499 0.00475523853674531
0.0709425434470177 0.0606254264712334 0.0559029020369053 0.0451236143708229 0.0501137487590313 0.0647112652659416 0.0609679184854031 0.0635645091533661 0.0486996360123158 0.0529033727943897 0.0476532429456711 0.0641311854124069 0.0685764104127884 0.0610738396644592 0.0527720414102077 0.0449119657278061 0.0363195464015007 0.0341133326292038 0.029791034758091 0.0353278145194054 0.0341859050095081 0.0177004858851433 0.0126722594723105 0.0091208778321743 0.00698721269145608 0.00591536471620202 0.00505458517000079 0.00518296798691154 0.00531556690111756 0.00991612952202559 0.0141171356663108 0.0137516940012574 0.0144853480160236 0.0129591505974531 0.0260460115969181 0.0429219715297222 0.051092267036438 0.0582890696823597 0.0584568716585636 0.0560900829732418 0.0679844096302986 0.0742755085229874 0.0607723034918308 0.045354176312685 0.0385980755090714 0.0258252415806055 0.0184850096702576 0.0090864971280098 0.00467264791950583 0.00371175841428339 0.00281081139110029 0.00267616589553654
0.0636801496148109 0.0571011528372765 0.0595686584711075 0.0578874461352825 0.0457956902682781 0.0542923733592033 0.0455069169402122 0.0497180856764317 0.0531813465058804 0.049273494631052 0.047148060053587 0.0664975121617317 0.0709998235106468 0.0629620030522346 0.0525073520839214 0.0520345345139503 0.0438162162899971 0.035637654364109 0.0365392565727234 0.0329794585704803 0.0368698053061962 0.0272968485951424 0.0154454382136464 0.013892924413085 0.00872190576046705 0.00737797515466809 0.00633164448663592 0.00591162126511335 0.00603926135227084 0.00801164284348488 0.0186472255736589 0.0194876063615084 0.0256395600736141 0.0230526812374592 0.0291293114423752 0.0337787307798862 0.0450824350118637 0.0578509382903576 0.0559300482273102 0.0622973218560219 0.0554347038269043 0.0560035333037376 0.0562777444720268 0.0535770431160927 0.0519544370472431 0.0504319295287132 0.0316049344837666 0.0108484569936991 0.00501587428152561 0.0032899419311434 0.00253801024518907 0.00204673036932945
0.0768102556467056 0.0701607316732407 0.0646756589412689 0.0656079053878784 0.0610298365354538 0.0538168661296368 0.0558167472481728 0.055341437458992 0.0576560907065868 0.0609090924263 0.0524138212203979 0.0663034990429878 0.0649324953556061 0.0570140220224857 0.0593432113528252 0.0568543449044228 0.067118413746357 0.0476657263934612 0.0282367784529924 0.0396524332463741 0.0426971614360809 0.0353311635553837 0.0191914979368448 0.0175913665443659 0.0101820342242718 0.00914838816970587 0.00932790897786617 0.00849754922091961 0.00681154010817409 0.00816924963146448 0.0303509477525949 0.035004299134016 0.040412463247776 0.0346406623721123 0.0285304598510265 0.0296371802687645 0.0410274006426334 0.0583804100751877 0.0584118999540806 0.0492293871939182 0.0545425042510033 0.0460882820188999 0.0402991026639938 0.0370800867676735 0.0383228287100792 0.0379481688141823 0.0300720930099487 0.0108642922714353 0.00498405937105417 0.00388004048727453 0.00283855060115457 0.00239409622736275
0.0731167793273926 0.0709320083260536 0.06346745043993 0.0593318752944469 0.0606165081262589 0.0602306127548218 0.0592777915298939 0.0587153695523739 0.0622105598449707 0.0603795014321804 0.0664932355284691 0.0657704025506973 0.0607998706400394 0.0582221932709217 0.0510941706597805 0.0506646335124969 0.0639595538377762 0.0776638761162758 0.0321825556457043 0.0371522270143032 0.0426152721047401 0.0311932470649481 0.0283474493771791 0.0272180866450071 0.0203317850828171 0.0118225151672959 0.0123208910226822 0.0107787875458598 0.00951711088418961 0.0137117467820644 0.0363996252417564 0.0751352086663246 0.0447281338274479 0.0394765511155128 0.032033909112215 0.03167425096035 0.0420092158019543 0.0639450252056122 0.0610479041934013 0.0476804971694946 0.0368270799517632 0.0379817187786102 0.0347232669591904 0.0317973047494888 0.033148966729641 0.0313102528452873 0.0157629754394293 0.00825577229261398 0.00643402570858598 0.0040690298192203 0.00288873212412 0.00256970524787903
0.0851676762104034 0.0972722470760345 0.0828060433268547 0.0713399425148964 0.0740343555808067 0.0636178404092789 0.0689013451337814 0.0603957362473011 0.0664033740758896 0.0668917596340179 0.0649118646979332 0.0691482871770859 0.0635990053415298 0.0658678933978081 0.0578981824219227 0.0534341707825661 0.0514749027788639 0.0766419321298599 0.0379951111972332 0.0344335436820984 0.0496665090322495 0.0510985404253006 0.0328054800629616 0.0318276137113571 0.0302010048180819 0.0218774415552616 0.0199988670647144 0.0191349033266306 0.0139971422031522 0.01518474239856 0.0188207272440195 0.0699653401970863 0.0792252123355865 0.0527817159891129 0.035998422652483 0.0298397559672594 0.0378315001726151 0.0500191040337086 0.0509496033191681 0.0571738295257092 0.0486527159810066 0.0445199199020863 0.0289625208824873 0.0284805744886398 0.0272804833948612 0.0345850177109241 0.0135739631950855 0.00740470178425312 0.0048599005676806 0.00397021602839231 0.00251325313001871 0.00223606894724071
0.10813681781292 0.0803124755620956 0.0763940289616585 0.0709667354822159 0.0768185034394264 0.0691857039928436 0.0735068470239639 0.0723579674959183 0.0664750263094902 0.0699990540742874 0.0744245275855064 0.0689665302634239 0.0685786381363869 0.0631495714187622 0.0726250186562538 0.0530016534030437 0.0544255785644054 0.0537192709743977 0.0381816439330578 0.0429845862090588 0.0437903478741646 0.0514450930058956 0.0379486717283726 0.0344165489077568 0.0337370745837688 0.0239544473588467 0.0235782936215401 0.0198621395975351 0.0168564785271883 0.0159664191305637 0.0432985723018646 0.0518299750983715 0.0982464551925659 0.0597354136407375 0.0343785881996155 0.0254243966192007 0.0336114875972271 0.0342767164111137 0.0386556722223759 0.0468779727816582 0.0662998259067535 0.0485595166683197 0.0280915331095457 0.0217489674687386 0.0225974712520838 0.0170663520693779 0.0170123297721148 0.00720391701906919 0.00373455230146646 0.00319270370528102 0.0025192154571414 0.00275274668820202
0.0975892320275307 0.0890025570988655 0.0802891552448273 0.084430880844593 0.0858544483780861 0.0705588310956955 0.0763043686747551 0.0818087309598923 0.0656283274292946 0.068564735352993 0.0775483623147011 0.0848252400755882 0.0702254176139832 0.0736273676156998 0.0935095474123955 0.0816376581788063 0.0597216337919235 0.0592966973781586 0.056865468621254 0.0689426884055138 0.0582576990127563 0.0500668883323669 0.0416254363954067 0.0289799179881811 0.0235817898064852 0.0260066725313663 0.0200794860720634 0.0190077237784863 0.0166274346411228 0.0259227231144905 0.0303583033382893 0.060841653496027 0.0712634176015854 0.0694716796278954 0.0440621823072433 0.0264954529702663 0.0205247718840837 0.0225769989192486 0.0256159193813801 0.0372208394110203 0.0569709315896034 0.0423217788338661 0.0360861271619797 0.0195274874567986 0.0164625607430935 0.00975576788187027 0.00782831944525242 0.0109475199133158 0.0034873632248491 0.00331042148172855 0.00289562135003507 0.00215846416540444
0.110132984817028 0.104936957359314 0.108630329370499 0.0870545208454132 0.0758771523833275 0.0763690769672394 0.0814830511808395 0.0783676207065582 0.074133925139904 0.07692039757967 0.0822103545069695 0.0770390778779984 0.0740432068705559 0.0798628330230713 0.109221361577511 0.12227526307106 0.082254946231842 0.0598584040999413 0.0921723321080208 0.108037762343884 0.084609180688858 0.0523772463202477 0.0471784248948097 0.056575283408165 0.0229195263236761 0.0280150771141052 0.0221922509372234 0.022932555526495 0.0179846603423357 0.0280268341302872 0.0305010173469782 0.043865654617548 0.0542597025632858 0.0553436130285263 0.0397453829646111 0.0216701813042164 0.0176918283104897 0.0141280991956592 0.0292208306491375 0.0551594309508801 0.064457893371582 0.0552003942430019 0.0256742499768734 0.0157809481024742 0.00854864437133074 0.00575642939656973 0.00503573846071959 0.0104831149801612 0.00850705057382584 0.0027903935406357 0.0042334171012044 0.00392717262730002
0.13462108373642 0.124560736119747 0.105884939432144 0.0855121463537216 0.0703080892562866 0.0774146169424057 0.0705756992101669 0.084476463496685 0.0724983215332031 0.0760287642478943 0.0647997185587883 0.0789611265063286 0.0867297649383545 0.111667551100254 0.106317698955536 0.107877016067505 0.0944376736879349 0.0719216987490654 0.0792082622647285 0.108007930219173 0.0908816754817963 0.0640658661723137 0.0484118275344372 0.0422643087804317 0.0336344502866268 0.0302957016974688 0.0259201135486364 0.0253100600093603 0.0198973938822746 0.0215306486934423 0.0471605844795704 0.0522087886929512 0.0752538964152336 0.0634464845061302 0.0434189550578594 0.0214923731982708 0.0134685002267361 0.0110911661759019 0.0246246997267008 0.0817124843597412 0.0554372072219849 0.0382725894451141 0.0235461201518774 0.00923259276896715 0.00672680605202913 0.00471803545951843 0.00445153750479221 0.00389395095407963 0.00374669604934752 0.00327841518446803 0.00388556369580328 0.0124484654515982
0.135179698467255 0.13371904194355 0.107387475669384 0.0942701175808907 0.0804256796836853 0.0794990360736847 0.0710922926664352 0.0771234109997749 0.0763053596019745 0.0741746947169304 0.0673090592026711 0.0810995474457741 0.0888801068067551 0.117656633257866 0.107781551778316 0.0999101474881172 0.0997502356767654 0.0952723696827888 0.0837792158126831 0.0772616788744926 0.0734642967581749 0.0563577301800251 0.0453015826642513 0.0437974594533443 0.0421331934630871 0.0317185968160629 0.0251233410090208 0.022810148075223 0.0223919004201889 0.0330338664352894 0.0465593636035919 0.0679146721959114 0.118513971567154 0.11649913340807 0.0620976686477661 0.0301707033067942 0.0134310955181718 0.00810297951102257 0.0108829028904438 0.0566291362047195 0.0613628588616848 0.036271445453167 0.0287020411342382 0.00691298022866249 0.00589371239766479 0.00411943672224879 0.00413619400933385 0.0032455688342452 0.00441978964954615 0.00385106750763953 0.0113412579521537 0.0131825506687164
0.142353057861328 0.129745185375214 0.112723991274834 0.104201413691044 0.0859063938260078 0.0694893822073936 0.0763636082410812 0.0747795850038528 0.0820877104997635 0.0846168175339699 0.0772906541824341 0.0779695957899094 0.0873844772577286 0.119523897767067 0.100280731916428 0.102801457047462 0.118193008005619 0.115013785660267 0.108833320438862 0.0903634428977966 0.0688960626721382 0.0513362288475037 0.0418924614787102 0.0411659739911556 0.062595933675766 0.0377934575080872 0.0257404297590256 0.024085646495223 0.0242193527519703 0.031849842518568 0.0346933379769325 0.0301339793950319 0.0402944982051849 0.0584257319569588 0.108561925590038 0.108553476631641 0.0712278559803963 0.0264941453933716 0.00708038499578834 0.0184603501111269 0.0300767794251442 0.0107493996620178 0.00754751777276397 0.00932535249739885 0.00638666236773133 0.00448539294302464 0.00521758385002613 0.00587853090837598 0.00556665053591132 0.00513312686234713 0.0132811274379492 0.0369498692452908
