data/climate_estimation/maxent_output/Smilax_havanensis.asc
NCOLS 220 
NROWS 133 
XLLCORNER -84.9166666666667 
YLLCORNER 17.9166666666667 
CELLSIZE 0.0833333333333333 
NODATA_value -3.4e+38 
[rows 78 to 103 of 133, columns 58 to 115 of 220]
0.441916793584824 0.499746918678284 0.688314259052277 0.922359585762024 0.98762059211731 0.997225165367126 0.998634696006775 0.998756647109985 0.992905616760254 0.934323489665985 0.833889067173004 -3.4e+38 -3.4e+38 -3.4e+38 0.459417879581451 0.448752701282501 0.421744555234909 0.404242753982544 0.344295114278793 0.313374996185303 0.233271107077599 0.190462723374367 0.121271230280399 0.112141959369183 -3.4e+38 -3.4e+38 -3.4e+38 -3.4e+38 -3.4e+38 -3.4e+38 -3.4e+38 -3.4e+38 -3.4e+38 -3.4e+38 -3.4e+38 -3.4e+38 -3.4e+38 -3.4e+38 -3.4e+38 -3.4e+38 -3.4e+38 -3.4e+38 -3.4e+38 -3.4e+38 -3.4e+38 -3.4e+38 -3.4e+38 -3.4e+38 -3.4e+38 -3.4e+38 0.0570286326110363 0.056201234459877 -3.4e+38 -3.4e+38 -3.4e+38 -3.4e+38 -3.4e+38 -3.4e+38
0.29456627368927 0.285928696393967 0.493916064500809 0.714467823505402 0.899062275886536 0.976012468338013 0.983984410762787 0.998053789138794 0.992987513542175 0.925766408443451 0.835167169570923 0.71267181634903 0.674377679824829 0.597979009151459 0.588284552097321 0.564052283763885 0.528730988502502 0.518940806388855 -3.4e+38 0.3049256503582 -3.4e+38 0.193055301904678 0.153517559170723 0.14754444360733 0.175044506788254 0.190691456198692 0.193042531609535 -3.4e+38 -3.4e+38 -3.4e+38 -3.4e+38 -3.4e+38 -3.4e+38 -3.4e+38 -3.4e+38 -3.4e+38 -3.4e+38 -3.4e+38 -3.4e+38 -3.4e+38 -3.4e+38 -3.4e+38 -3.4e+38 -3.4e+38 -3.4e+38 -3.4e+38 -3.4e+38 -3.4e+38 -3.4e+38 -3.4e+38 -3.4e+38 0.0586282536387444 -3.4e+38 -3.4e+38 -3.4e+38 -3.4e+38 -3.4e+38 -3.4e+38
0.231760859489441 0.259741276502609 0.368288844823837 0.492480278015137 0.681613564491272 0.835603713989258 0.959452331066132 0.979554533958435 0.962417542934418 0.933528065681458 0.879783511161804 0.730373680591583 0.693273782730103 0.63985538482666 0.618078827857971 0.597375214099884 0.630526065826416 0.681275069713593 0.6656733751297 0.487050890922546 0.384209603071213 0.29396715760231 0.190136820077896 0.220647752285004 0.255898833274841 0.253128409385681 0.204912394285202 0.236533299088478 -3.4e+38 -3.4e+38 -3.4e+38 -3.4e+38 -3.4e+38 -3.4e+38 -3.4e+38 -3.4e+38 -3.4e+38 -3.4e+38 -3.4e+38 -3.4e+38 -3.4e+38 -3.4e+38 -3.4e+38 -3.4e+38 -3.4e+38 -3.4e+38 -3.4e+38 -3.4e+38 -3.4e+38 -3.4e+38 -3.4e+38 0.0542384721338749 0.0437983684241772 -3.4e+38 -3.4e+38 -3.4e+38 -3.4e+38 -3.4e+38
0.246154263615608 0.225809022784233 0.266227573156357 0.366701245307922 0.524580717086792 0.628243505954742 0.787827372550964 0.860730290412903 0.923250436782837 0.901920318603516 0.880757927894592 0.822037220001221 0.784745395183563 0.81361335515976 0.72156548500061 0.714400172233582 0.753982722759247 0.758160293102264 0.651351511478424 0.498898357152939 0.376874387264252 0.30683958530426 -3.4e+38 0.332005262374878 0.326779842376709 0.324477046728134 0.304601639509201 0.277222394943237 0.278268337249756 -3.4e+38 -3.4e+38 -3.4e+38 -3.4e+38 -3.4e+38 -3.4e+38 -3.4e+38 -3.4e+38 -3.4e+38 -3.4e+38 -3.4e+38 -3.4e+38 -3.4e+38 -3.4e+38 -3.4e+38 -3.4e+38 -3.4e+38 -3.4e+38 -3.4e+38 -3.4e+38 -3.4e+38 -3.4e+38 -3.4e+38 0.0467599704861641 -3.4e+38 -3.4e+38 -3.4e+38 -3.4e+38 -3.4e+38
0.189905241131783 0.208625540137291 0.246146768331528 0.271290123462677 0.334402710199356 0.380175203084946 0.408546060323715 0.533374965190887 0.655306458473206 0.675341963768005 0.758662760257721 0.783204257488251 0.776424705982208 0.855203688144684 0.890487730503082 0.855429708957672 0.764175891876221 0.728140771389008 0.617229342460632 0.564145743846893 0.413261383771896 0.387629330158234 0.435237258672714 0.493800073862076 0.40201923251152 0.41303962469101 0.387123346328735 0.379500895738602 0.299555748701096 -3.4e+38 -3.4e+38 -3.4e+38 -3.4e+38 -3.4e+38 -3.4e+38 -3.4e+38 -3.4e+38 -3.4e+38 -3.4e+38 -3.4e+38 -3.4e+38 -3.4e+38 -3.4e+38 -3.4e+38 -3.4e+38 -3.4e+38 -3.4e+38 -3.4e+38 -3.4e+38 -3.4e+38 -3.4e+38 -3.4e+38 0.0521108545362949 -3.4e+38 -3.4e+38 -3.4e+38 -3.4e+38 -3.4e+38
0.198625683784485 0.200541704893112 0.223317757248878 0.239835649728775 0.259883493185043 0.220708653330803 0.219235450029373 0.249766156077385 0.339397013187408 0.369085013866425 0.426563948392868 0.471273362636566 0.558329582214355 0.676596820354462 0.741185247898102 0.746042966842651 0.803595542907715 0.65507709980011 0.558570563793182 0.550027430057526 0.526422202587128 0.504278004169464 0.533660590648651 0.5457404255867 0.573102116584778 0.507981717586517 0.492064923048019 0.424255937337875 0.359586358070374 0.329711318016052 -3.4e+38 -3.4e+38 -3.4e+38 -3.4e+38 -3.4e+38 -3.4e+38 -3.4e+38 -3.4e+38 -3.4e+38 -3.4e+38 -3.4e+38 -3.4e+38 -3.4e+38 -3.4e+38 -3.4e+38 -3.4e+38 -3.4e+38 -3.4e+38 -3.4e+38 -3.4e+38 -3.4e+38 -3.4e+38 -3.4e+38 -3.4e+38 -3.4e+38 -3.4e+38 -3.4e+38 -3.4e+38
0.218400850892067 0.165061146020889 0.165109485387802 0.198733195662498 0.160850241780281 0.151721253991127 0.173101723194122 0.197491601109505 0.234805941581726 0.2034802287817 0.209720522165298 0.273854613304138 0.398836106061935 0.458558231592178 0.536687791347504 0.552863776683807 0.619336187839508 0.54539430141449 0.492856591939926 0.594087719917297 0.631580293178558 0.671818315982819 0.674539685249329 0.71671849489212 0.721435904502869 0.768940091133118 0.632476985454559 0.479153573513031 0.42620587348938 0.366402804851532 0.300552219152451 -3.4e+38 -3.4e+38 -3.4e+38 -3.4e+38 -3.4e+38 -3.4e+38 -3.4e+38 -3.4e+38 -3.4e+38 -3.4e+38 -3.4e+38 -3.4e+38 -3.4e+38 -3.4e+38 -3.4e+38 -3.4e+38 -3.4e+38 -3.4e+38 -3.4e+38 -3.4e+38 -3.4e+38 -3.4e+38 -3.4e+38 -3.4e+38 -3.4e+38 -3.4e+38 -3.4e+38
0.188044473528862 0.157666444778442 0.200340166687965 0.195511564612389 0.180087566375732 0.149122670292854 0.169633746147156 0.20112507045269 0.203672140836716 0.138787627220154 0.143564268946648 0.184237077832222 0.302424103021622 0.404138296842575 0.358366250991821 0.288904219865799 0.290647387504578 0.289980888366699 0.351487964391708 0.471467703580856 0.486466318368912 0.545830965042114 0.691387534141541 0.834592461585999 0.851517796516418 0.891501784324646 0.83272397518158 0.686779201030731 0.460110932588577 0.364241927862167 0.274289608001709 0.277818650007248 -3.4e+38 -3.4e+38 -3.4e+38 -3.4e+38 -3.4e+38 -3.4e+38 -3.4e+38 -3.4e+38 -3.4e+38 -3.4e+38 -3.4e+38 -3.4e+38 -3.4e+38 -3.4e+38 -3.4e+38 -3.4e+38 -3.4e+38 -3.4e+38 -3.4e+38 -3.4e+38 -3.4e+38 -3.4e+38 -3.4e+38 -3.4e+38 -3.4e+38 -3.4e+38
0.154183387756348 0.152447536587715 0.121366254985332 0.0845697596669197 0.0933277383446693 0.101237386465073 0.105620719492435 0.175910294055939 0.18369297683239 0.165053129196167 0.167187854647636 0.177456080913544 0.277267962694168 0.266580253839493 0.251511454582214 0.190388754010201 0.16646246612072 0.150829687714577 0.202219158411026 0.295588672161102 0.381494164466858 0.469544559717178 0.563559174537659 0.787894904613495 0.949994325637817 0.969559013843536 0.906651377677917 0.80888307094574 0.667213141918182 0.416878014802933 0.287687838077545 0.271139979362488 0.275552570819855 0.275605916976929 -3.4e+38 -3.4e+38 -3.4e+38 -3.4e+38 -3.4e+38 -3.4e+38 -3.4e+38 -3.4e+38 -3.4e+38 -3.4e+38 -3.4e+38 -3.4e+38 -3.4e+38 -3.4e+38 -3.4e+38 -3.4e+38 -3.4e+38 -3.4e+38 -3.4e+38 -3.4e+38 -3.4e+38 -3.4e+38 -3.4e+38 -3.4e+38
0.111245557665825 0.10918603092432 0.0795960128307343 0.056763768196106 0.0349648632109165 0.0229394994676113 0.0338919013738632 0.0454811938107014 0.0835496708750725 0.134775698184967 0.147427722811699 0.165001749992371 0.17308247089386 0.157836765050888 0.166033998131752 0.15882633626461 0.0822574645280838 0.0828958973288536 0.129437237977982 0.208197578787804 0.301949918270111 0.403600424528122 0.571153461933136 0.723771572113037 0.931225717067719 0.987085342407227 0.990816056728363 0.964241921901703 0.788659870624542 0.513904273509979 0.282076239585876 0.252411127090454 0.302002668380737 0.361573487520218 0.352510005235672 -3.4e+38 -3.4e+38 -3.4e+38 -3.4e+38 -3.4e+38 -3.4e+38 -3.4e+38 -3.4e+38 -3.4e+38 -3.4e+38 -3.4e+38 -3.4e+38 -3.4e+38 -3.4e+38 -3.4e+38 -3.4e+38 -3.4e+38 -3.4e+38 -3.4e+38 -3.4e+38 -3.4e+38 -3.4e+38 -3.4e+38
-3.4e+38 -3.4e+38 -3.4e+38 -3.4e+38 -3.4e+38 0.0173545740544796 0.0216784570366144 0.0304263681173325 0.0439592301845551 0.0706602931022644 0.0819611772894859 0.095778301358223 0.110428757965565 0.119168996810913 0.117767572402954 0.117086291313171 0.0712115690112114 0.0628696233034134 0.106385745108128 0.177149266004562 0.255723923444748 0.283035099506378 0.42563807964325 0.678503692150116 0.794435858726501 0.781478583812714 0.836752831935883 0.934642791748047 0.931162416934967 0.532644689083099 0.340857893228531 0.287248760461807 0.365552723407745 0.398549526929855 0.386415004730225 0.389475733041763 0.323661655187607 -3.4e+38 -3.4e+38 -3.4e+38 -3.4e+38 -3.4e+38 -3.4e+38 -3.4e+38 -3.4e+38 -3.4e+38 -3.4e+38 -3.4e+38 -3.4e+38 -3.4e+38 -3.4e+38 -3.4e+38 -3.4e+38 -3.4e+38 -3.4e+38 -3.4e+38 -3.4e+38 -3.4e+38
-3.4e+38 -3.4e+38 -3.4e+38 -3.4e+38 -3.4e+38 -3.4e+38 -3.4e+38 -3.4e+38 -3.4e+38 0.0499130897223949 0.0642130821943283 0.0691549107432365 -3.4e+38 -3.4e+38 0.0878693163394928 0.0851849988102913 0.0691724866628647 0.0750165730714798 0.107273243367672 0.18153589963913 0.237588629126549 0.300477504730225 0.495827943086624 0.595585525035858 0.608510494232178 0.637229084968567 0.661741971969604 0.847214341163635 0.86491197347641 0.590233564376831 0.334123343229294 0.317693591117859 0.41697970032692 0.600148677825928 0.515660583972931 0.417071640491486 0.317084580659866 0.295152544975281 -3.4e+38 -3.4e+38 -3.4e+38 -3.4e+38 -3.4e+38 -3.4e+38 -3.4e+38 -3.4e+38 -3.4e+38 -3.4e+38 -3.4e+38 -3.4e+38 -3.4e+38 -3.4e+38 -3.4e+38 -3.4e+38 -3.4e+38 -3.4e+38 -3.4e+38 -3.4e+38
-3.4e+38 -3.4e+38 -3.4e+38 -3.4e+38 -3.4e+38 -3.4e+38 -3.4e+38 -3.4e+38 -3.4e+38 -3.4e+38 -3.4e+38 -3.4e+38 -3.4e+38 -3.4e+38 0.0837540328502655 0.0809035375714302 -3.4e+38 0.0965377166867256 0.131077900528908 0.180432111024857 0.226484596729279 0.310548841953278 0.493977457284927 0.554230570793152 0.516767799854279 0.551272869110107 0.591220796108246 0.75923615694046 0.827550709247589 0.516544222831726 0.356603592634201 0.382580578327179 0.466644555330276 0.586632013320923 0.454799920320511 0.35815304517746 0.307014524936676 0.242000699043274 0.215657204389572 -3.4e+38 -3.4e+38 -3.4e+38 -3.4e+38 -3.4e+38 -3.4e+38 -3.4e+38 -3.4e+38 -3.4e+38 -3.4e+38 -3.4e+38 -3.4e+38 -3.4e+38 -3.4e+38 -3.4e+38 -3.4e+38 -3.4e+38 -3.4e+38 -3.4e+38
-3.4e+38 -3.4e+38 -3.4e+38 -3.4e+38 -3.4e+38 -3.4e+38 -3.4e+38 -3.4e+38 -3.4e+38 -3.4e+38 -3.4e+38 -3.4e+38 -3.4e+38 -3.4e+38 -3.4e+38 0.0784517973661423 -3.4e+38 -3.4e+38 0.140402182936668 0.210544645786285 0.248665302991867 0.28756383061409 0.348786443471909 0.458666294813156 0.478534698486328 0.478009432554245 0.57659238576889 0.694334924221039 0.693804085254669 0.444261789321899 0.361518442630768 0.457327753305435 0.487051576375961 0.519123136997223 0.455198496580124 0.324943840503693 0.25134488940239 0.198000952601433 0.210285171866417 0.24669075012207 0.358547419309616 0.367105305194855 -3.4e+38 -3.4e+38 -3.4e+38 -3.4e+38 -3.4e+38 -3.4e+38 -3.4e+38 -3.4e+38 -3.4e+38 -3.4e+38 -3.4e+38 -3.4e+38 -3.4e+38 -3.4e+38 -3.4e+38 -3.4e+38
-3.4e+38 -3.4e+38 -3.4e+38 -3.4e+38 -3.4e+38 -3.4e+38 -3.4e+38 -3.4e+38 -3.4e+38 -3.4e+38 -3.4e+38 -3.4e+38 -3.4e+38 -3.4e+38 -3.4e+38 -3.4e+38 -3.4e+38 -3.4e+38 0.166882693767548 0.202691167593002 0.205209970474243 0.238375395536423 0.281714409589767 0.390129536390305 0.422332733869553 0.462152063846588 0.501223266124725 0.661906659603119 0.611094892024994 0.437609940767288 0.471541464328766 0.490488052368164 0.576724171638489 0.501797914505005 0.437351524829865 0.316958844661713 0.237308830022812 0.157836690545082 0.182135790586472 0.271188020706177 0.368833005428314 0.453282952308655 0.35994353890419 0.232931390404701 0.184804409742355 0.154057830572128 -3.4e+38 -3.4e+38 -3.4e+38 -3.4e+38 -3.4e+38 -3.4e+38 -3.4e+38 -3.4e+38 -3.4e+38 -3.4e+38 -3.4e+38 -3.4e+38
-3.4e+38 -3.4e+38 -3.4e+38 -3.4e+38 -3.4e+38 -3.4e+38 -3.4e+38 -3.4e+38 -3.4e+38 -3.4e+38 -3.4e+38 -3.4e+38 -3.4e+38 -3.4e+38 -3.4e+38 -3.4e+38 -3.4e+38 -3.4e+38 0.152724593877792 0.200108423829079 0.209899812936783 0.246385976672173 0.304754793643951 0.354333430528641 0.430887222290039 0.460202425718307 0.489320248365402 0.573444426059723 0.661103665828705 0.550617098808289 0.462600439786911 0.451145887374878 0.468061119318008 0.397526949644089 0.343410611152649 0.336480051279068 0.283571988344193 0.21141192317009 0.215626195073128 0.267683982849121 0.325065732002258 0.373065978288651 0.338331460952759 0.142936736345291 0.150666013360023 0.160100147128105 0.199858024716377 0.202088952064514 -3.4e+38 -3.4e+38 -3.4e+38 -3.4e+38 -3.4e+38 -3.4e+38 -3.4e+38 -3.4e+38 -3.4e+38 -3.4e+38
-3.4e+38 -3.4e+38 -3.4e+38 -3.4e+38 -3.4e+38 -3.4e+38 -3.4e+38 0.0287430845201015 0.0282156001776457 0.0362003073096275 -3.4e+38 -3.4e+38 -3.4e+38 -3.4e+38 -3.4e+38 -3.4e+38 0.090875655412674 -3.4e+38 -3.4e+38 0.19362536072731 0.220338240265846 0.278616011142731 0.3051498234272 0.348100244998932 0.345843851566315 0.410489141941071 0.424864023923874 0.483917534351349 0.492281377315521 0.460005074739456 0.348118275403976 0.355079233646393 0.366647928953171 0.304619818925858 0.279392689466476 0.224721372127533 0.213201433420181 0.20798359811306 0.197668179869652 0.232348367571831 0.283166170120239 0.318975448608398 0.282193124294281 0.12958887219429 0.138061806559563 0.168828740715981 0.239022612571716 0.250546425580978 0.387387216091156 0.47939544916153 0.515536308288574 0.478853225708008 0.449517399072647 -3.4e+38 -3.4e+38 -3.4e+38 -3.4e+38 -3.4e+38
-3.4e+38 -3.4e+38 -3.4e+38 -3.4e+38 -3.4e+38 -3.4e+38 -3.4e+38 -3.4e+38 0.0346683785319328 0.0370573773980141 0.0374557971954346 -3.4e+38 -3.4e+38 0.055315375328064 -3.4e+38 0.0791753157973289 -3.4e+38 -3.4e+38 -3.4e+38 0.171435758471489 0.216844066977501 0.266736060380936 0.299553692340851 0.336618632078171 0.328875333070755 0.323843628168106 0.362719804048538 0.391275733709335 0.370106339454651 0.289339244365692 0.1975938975811 0.171704202890396 0.202826604247093 0.210391774773598 0.198230072855949 0.190464034676552 0.1869265884161 0.157934606075287 0.198304831981659 0.254902750253677 0.315182626247406 0.434871852397919 0.332597672939301 0.163341417908669 0.163434028625488 0.175396502017975 0.194809094071388 0.285071939229965 0.391496390104294 0.479819893836975 0.50569361448288 0.50533789396286 0.435312569141388 0.403112500905991 0.448334097862244 -3.4e+38 -3.4e+38 -3.4e+38
-3.4e+38 -3.4e+38 -3.4e+38 -3.4e+38 -3.4e+38 -3.4e+38 -3.4e+38 -3.4e+38 -3.4e+38 -3.4e+38 0.0374557971954346 0.0476980432868004 0.0482813082635403 -3.4e+38 -3.4e+38 -3.4e+38 -3.4e+38 -3.4e+38 -3.4e+38 0.163735419511795 0.19675874710083 0.198567122220993 0.250077664852142 0.315716624259949 0.312040358781815 0.295804500579834 0.317050158977509 0.323487043380737 0.312996745109558 0.247919455170631 0.142381802201271 0.105169408023357 0.13557893037796 0.129679158329964 0.119290769100189 0.122643172740936 0.135094955563545 0.120030373334885 0.138564616441727 0.179489463567734 0.221003383398056 0.354559779167175 0.495533049106598 0.216794729232788 0.208126276731491 0.197292670607567 0.194659352302551 0.309938132762909 0.519025146961212 0.529188632965088 0.554192781448364 0.521506726741791 0.484405696392059 0.419856488704681 0.449392408132553 -3.4e+38 -3.4e+38 -3.4e+38
-3.4e+38 -3.4e+38 -3.4e+38 -3.4e+38 -3.4e+38 -3.4e+38 -3.4e+38 -3.4e+38 -3.4e+38 -3.4e+38 -3.4e+38 0.0508262552320957 0.0584744364023209 0.0622108466923237 -3.4e+38 -3.4e+38 -3.4e+38 0.0886833518743515 -3.4e+38 -3.4e+38 -3.4e+38 0.175507724285126 0.16279448568821 0.204823181033134 0.228891015052795 0.269616961479187 0.236633121967316 0.251363575458527 0.23440320789814 0.247158840298653 0.205597117543221 0.144520103931427 0.121231086552143 0.0755617916584015 0.0758829414844513 0.105171665549278 0.0868600606918335 0.0823008120059967 0.100835971534252 0.104652985930443 0.125424191355705 0.167542889714241 0.229906797409058 0.139406397938728 0.128636047244072 0.168789684772491 0.228773668408394 0.34158131480217 0.724042236804962 0.659468114376068 0.566881597042084 0.485233873128891 0.552451729774475 0.420134305953979 0.34774911403656 -3.4e+38 -3.4e+38 -3.4e+38
-3.4e+38 -3.4e+38 -3.4e+38 -3.4e+38 -3.4e+38 -3.4e+38 -3.4e+38 -3.4e+38 -3.4e+38 -3.4e+38 -3.4e+38 -3.4e+38 -3.4e+38 0.0585906803607941 0.0709818676114082 0.0726120248436928 -3.4e+38 0.0976784825325012 -3.4e+38 0.0992224738001823 -3.4e+38 0.130918920040131 0.136846765875816 0.129091069102287 0.141381338238716 0.179179206490517 0.199255138635635 0.180514320731163 0.164202943444252 0.159482732415199 0.19234411418438 0.191956430673599 0.0931416749954224 0.052448283880949 0.0589321218430996 0.061549998819828 0.0643634870648384 0.0696504861116409 0.0711831673979759 0.0737243890762329 0.0785146802663803 0.0829563215374947 0.0541599616408348 0.0421666689217091 0.0631674379110336 0.0944728627800941 0.189596384763718 0.403076380491257 0.500081539154053 0.423445612192154 0.538568556308746 0.485998034477234 0.450480878353119 0.38002935051918 0.311165869235992 0.295288115739822 -3.4e+38 -3.4e+38
-3.4e+38 -3.4e+38 -3.4e+38 -3.4e+38 -3.4e+38 -3.4e+38 -3.4e+38 -3.4e+38 -3.4e+38 -3.4e+38 -3.4e+38 -3.4e+38 -3.4e+38 -3.4e+38 -3.4e+38 0.0864543840289116 0.0865592882037163 0.0973461046814919 0.110372334718704 0.119440346956253 0.111570782959461 0.104534603655338 0.116964936256409 0.111852705478668 0.105391420423985 0.136386796832085 0.172479048371315 0.159596040844917 0.154230281710625 0.149905174970627 0.155954748392105 0.134139075875282 0.0823167115449905 0.0484429746866226 0.0492787100374699 0.058885395526886 0.0633108019828796 0.069358617067337 0.0750157162547112 0.0807069018483162 0.0624487847089767 0.0516606718301773 0.0280805192887783 0.0230918359011412 0.0384744070470333 0.0586003065109253 0.0919346064329147 0.222899243235588 0.373783677816391 0.405690789222717 0.680214285850525 0.699868023395538 0.773638248443604 0.516534149646759 0.341520011425018 0.300411432981491 0.342876255512238 0.275947123765945
-3.4e+38 -3.4e+38 -3.4e+38 -3.4e+38 -3.4e+38 -3.4e+38 -3.4e+38 -3.4e+38 -3.4e+38 -3.4e+38 -3.4e+38 -3.4e+38 -3.4e+38 -3.4e+38 -3.4e+38 -3.4e+38 0.0842771604657173 0.105866432189941 0.101561143994331 0.0974195897579193 0.0979831889271736 -3.4e+38 -3.4e+38 0.09189323335886 0.0874651148915291 -3.4e+38 0.109204970300198 0.14307476580143 -3.4e+38 -3.4e+38 -3.4e+38 -3.4e+38 -3.4e+38 0.0509378053247929 0.0488153658807278 0.0606483854353428 0.0653571709990501 0.086507610976696 0.101676121354103 0.0837595984339714 0.0780629068613052 0.0679502040147781 0.0395197868347168 0.0323912762105465 0.0405128300189972 0.0548554733395576 0.0860527381300926 0.189617082476616 0.396042197942734 0.496862858533859 0.802771627902985 0.963311195373535 0.910092771053314 0.87895268201828 0.757752418518066 0.589233934879303 0.36176398396492 0.348529130220413
-3.4e+38 -3.4e+38 -3.4e+38 -3.4e+38 -3.4e+38 -3.4e+38 -3.4e+38 -3.4e+38 -3.4e+38 -3.4e+38 -3.4e+38 -3.4e+38 -3.4e+38 -3.4e+38 -3.4e+38 -3.4e+38 -3.4e+38 -3.4e+38 -3.4e+38 -3.4e+38 0.100034713745117 0.0989561304450035 -3.4e+38 -3.4e+38 -3.4e+38 -3.4e+38 0.0999270156025887 0.104013025760651 -3.4e+38 0.0959285721182823 -3.4e+38 -3.4e+38 -3.4e+38 -3.4e+38 0.0597445592284203 0.0664329305291176 0.0866318196058273 0.141400024294853 0.142491102218628 0.118362136185169 0.10132858902216 0.0954760909080505 0.068759486079216 0.0569371692836285 0.0570978075265884 0.0702418759465218 0.0974564999341965 0.166507422924042 0.310959339141846 0.547647297382355 0.892729043960571 0.751340508460999 0.797702968120575 0.929293096065521 0.678286671638489 0.553285419940948 0.634843349456787 0.444502770900726
-3.4e+38 -3.4e+38 -3.4e+38 -3.4e+38 -3.4e+38 -3.4e+38 -3.4e+38 -3.4e+38 -3.4e+38 -3.4e+38 -3.4e+38 -3.4e+38 -3.4e+38 -3.4e+38 -3.4e+38 -3.4e+38 -3.4e+38 -3.4e+38 -3.4e+38 -3.4e+38 -3.4e+38 -3.4e+38 -3.4e+38 -3.4e+38 -3.4e+38 -3.4e+38 -3.4e+38 -3.4e+38 -3.4e+38 -3.4e+38 -3.4e+38 -3.4e+38 -3.4e+38 -3.4e+38 -3.4e+38 0.0947093665599823 0.115292325615883 0.178013607859612 0.217228606343269 0.200517237186432 0.177112728357315 0.139766976237297 0.116465337574482 0.131706431508064 0.130901306867599 0.125590473413467 0.155572757124901 0.213290601968765 0.317809730768204 0.514140605926514 0.667983174324036 0.616931021213531 0.837029576301575 0.938515782356262 0.906591951847076 0.848016083240509 0.800042331218719 0.69456672668457
-3.4e+38 -3.4e+38 -3.4e+38 -3.4e+38 -3.4e+38 -3.4e+38 -3.4e+38 -3.4e+38 -3.4e+38 -3.4e+38 -3.4e+38 -3.4e+38 -3.4e+38 -3.4e+38 -3.4e+38 -3.4e+38 -3.4e+38 -3.4e+38 -3.4e+38 -3.4e+38 -3.4e+38 -3.4e+38 -3.4e+38 -3.4e+38 -3.4e+38 -3.4e+38 -3.4e+38 -3.4e+38 -3.4e+38 -3.4e+38 -3.4e+38 -3.4e+38 -3.4e+38 -3.4e+38 -3.4e+38 0.0994507595896721 0.125323310494423 0.154318124055862 0.164800897240639 0.2116379737854 0.221000865101814 0.208714991807938 0.210184618830681 0.240166798233986 0.29236763715744 0.275202125310898 0.261828690767288 0.454387962818146 0.464021891355515 0.498927742242813 0.599017679691315 0.574806451797485 0.685831427574158 0.874719440937042 0.927138268947601 0.893625915050507 0.88568240404129 0.844466924667358
