data/climate_estimation/maxent_output/Smilax_officinalis.asc
NCOLS 210 
NROWS 269 
XLLCORNER -89.8333333333333 
YLLCORNER -5.58333333333333 
CELLSIZE 0.0833333333333333 
NODATA_value -3.4e+38 
[rows 24 to 47 of 269, columns 0 to 53 of 210]
0.00397767126560211 0.0904514715075493 0.0266513805836439 0.000302576925605536 0.00934046600013971 0.00525452755391598 0.0111105255782604 0.00986401457339525 0.00760251423344016 0.00708315800875425 0.0109673505648971 0.00555475009605289 0.00560218375176191 0.00383062474429607 0.00404301797971129 0.00934954825788736 0.00664406409487128 0.0087076835334301 0.0131070083007216 0.0230051651597023 0.0476784147322178 0.0978182479739189 0.112942636013031 0.00969092175364494 0.0614226572215557 0.0196252502501011 0.011627197265625 0.0112665984779596 0.00884961150586605 0.00697659142315388 0.00283707422204316 0.002284602727741 0.00173154927324504 0.00170000409707427 0.00197194912470877 0.00183756940532476 0.00206290232017636 0.00639387592673302 0.00286795478314161 0.00222007022239268 0.00148103560786694 0.00217976118437946 0.00116063165478408 0.000950342102441937 0.00114083720836788 0.00219842395745218 0.00210859160870314 0.00226178346201777 0.00247113429941237 0.0041720187291503 0.00594081403687596 0.0082746734842658 0.0115435337647796 0.0197421461343765
0.0698969140648842 0.00434906873852015 0.00232646055519581 0.00237715570256114 0.00755797699093819 0.0376503169536591 0.0107750277966261 0.00748281693086028 0.00569692859426141 0.0183047968894243 0.00901751220226288 0.00463906722143292 0.00443973578512669 0.00306567549705505 0.00217595440335572 0.00768955983221531 0.00790170952677727 0.00986028648912907 0.0166927929967642 0.018331503495574 0.0282124225050211 0.0614765770733356 0.0689256191253662 0.0134117156267166 0.0246462188661098 0.0359789170324802 0.00636809738352895 0.00965347141027451 0.0106114149093628 0.00516287935897708 0.00166350859217346 0.00111206667497754 0.00164853862952441 0.00204155081883073 0.00257144845090806 0.00371637125499547 0.00254103052429855 0.00165275542531163 0.00209912285208702 0.00291401660069823 0.006338304374367 0.00204942654818296 0.00171203131321818 0.00157237506937236 0.00161787832621485 0.00200964068062603 0.00197497941553593 0.00188301457092166 0.00243177451193333 0.00553512014448643 0.00728939799591899 0.00774302426725626 0.0126087963581085 0.0209092050790787
0.195116102695465 0.00206830305978656 0.00278736930340528 0.00787307228893042 0.00584382051602006 0.0468896999955177 0.00577046116814017 0.00574529869481921 0.0116416532546282 0.0360629633069038 0.0132754482328892 0.00441160332411528 0.00838244054466486 0.014309236779809 0.00342045165598392 0.0033734745811671 0.0071284337900579 0.0197682045400143 0.0257417727261782 0.0310948342084885 0.0501080453395844 0.0437143072485924 0.0241180434823036 0.00929504167288542 0.00805782712996006 0.0175863821059465 0.00451899273321033 0.0122650796547532 0.0108505384996533 0.00637979246675968 0.00483294622972608 0.00290964334271848 0.00192164687905461 0.00232270802371204 0.00357684562914073 0.00452532200142741 0.00687082903459668 0.00272654695436358 0.00195388332940638 0.00176481553353369 0.00141848193015903 0.00105720188003033 0.00102101231459528 0.0014893903862685 0.00196909462101758 0.00213442952372134 0.00229777581989765 0.00239817751571536 0.00365346693433821 0.00524457078427076 0.00729166390374303 0.00938562583178282 0.0145000983029604 0.0245666559785604
0.0121647566556931 0.00208588526584208 0.00884244032204151 0.00713686924427748 0.0082023348659277 0.0480300933122635 0.0101972967386246 0.0124601637944579 0.0762268826365471 0.0112944645807147 0.00550552364438772 0.00846703257411718 0.0290353801101446 0.261615097522736 0.0139783890917897 0.0040755164809525 0.00807727035135031 0.0257632061839104 0.0254930127412081 0.035733237862587 0.040009293705225 0.0350116901099682 0.0194327104836702 0.011387050151825 0.00822888128459454 0.00954371318221092 0.00822161231189966 0.0126794138923287 0.00982258561998606 0.010252458974719 0.00583761557936668 0.00407418701797724 0.00277080945670605 0.0036624944768846 0.00358639657497406 0.00319367810152471 0.00325380521826446 0.00344108091667295 0.0021820783149451 0.00122589198872447 0.000935479009058326 0.000799698813352734 0.00110386952292174 0.00154213816858828 0.00194557721260935 0.00275070546194911 0.00344511354342103 0.00418036710470915 0.00526287825778127 0.00543762650340796 0.0082390895113349 0.0124937277287245 0.021100852638483 0.0286445114761591
0.00919558014720678 0.00282736052758992 0.00547850504517555 0.0063490578904748 0.0156726446002722 0.52568531036377 0.161298826336861 0.0109627665951848 0.0811560526490211 0.0966476202011108 0.00894597452133894 0.0254566054791212 0.0907367765903473 0.043830219656229 0.0181414484977722 0.0136560844257474 0.0156474504619837 0.0673906803131104 0.0455767475068569 0.0362890847027302 0.0507490858435631 0.0329761877655983 0.0237988010048866 0.0227693803608418 0.0103033557534218 0.00448031956329942 0.00358144496567547 0.0132865775376558 0.0109264990314841 0.00841201283037663 0.00729236612096429 0.00298484251834452 0.00125747546553612 0.00169442244805396 0.00295994128100574 0.00270902342163026 0.0027821441181004 0.00308387004770339 0.00265479041263461 0.00165597430896014 0.00102888734545559 0.000902930973097682 0.00101326557341963 0.00159804383292794 0.00250018085353076 0.00372870685532689 0.00505088549107313 0.00525244697928429 0.0059942165389657 0.00780020002275705 0.0118354512378573 0.0171364974230528 0.024285601451993 0.030140109360218
0.0353181809186935 0.00421499833464622 0.00447351997718215 0.0078233378008008 0.0154568469151855 0.260650634765625 0.217271238565445 0.036175150424242 0.457076638936996 0.251105576753616 0.0441410131752491 0.0476888306438923 0.227259084582329 0.0460454449057579 0.0276657789945602 0.0540019758045673 0.0497012659907341 0.0500683672726154 0.0723980963230133 0.0715985894203186 0.0493772141635418 0.0410862416028976 0.0292391031980515 0.0193100236356258 0.0326933339238167 0.00384051958099008 0.00193120597396046 0.00617786636576056 0.00667182309553027 0.0105209648609161 0.00660490291193128 0.0028590764850378 0.00244484003633261 0.00151119777001441 0.0040320036932826 0.00539884017780423 0.00278210896067321 0.00385464332066476 0.00394962076097727 0.00190651044249535 0.00139571528416127 0.0011049322783947 0.00153932312969118 0.00176701985765249 0.00215373770333827 0.00361604313366115 0.00536617590114474 0.00556254526600242 0.00714356498792768 0.00987608823925257 0.0138608459383249 0.0190932154655457 0.0246287193149328 0.040946613997221
0.00869915727525949 0.00858560670167208 0.00921297445893288 0.0135176936164498 0.0243471022695303 0.0437873676419258 0.103970870375633 0.128840565681458 0.282056629657745 0.169991567730904 0.111912757158279 0.0718190968036652 0.0971340164542198 0.0694830939173698 0.0602166317403316 0.104440107941628 0.105576872825623 0.0885132178664207 0.110537700355053 0.0878371521830559 0.0765836238861084 0.0518284477293491 0.0319263115525246 0.0174364279955626 0.0196373015642166 0.00589957926422358 0.00113242550287396 0.00356996827758849 0.0065065654926002 0.00630720192566514 0.00522132031619549 0.00180941948201507 0.00351854437030852 0.00104398315306753 0.00116482994053513 0.012698121368885 0.00655768718570471 0.00468511786311865 0.00261377263814211 0.00114540290087461 0.00182622484862804 0.002144037745893 0.00159701495431364 0.00148206681478769 0.0018467236077413 0.00517030013725162 0.00528832105919719 0.00714926328510046 0.00793037377297878 0.0106644202023745 0.0160787366330624 0.0264719035476446 0.0346431247889996 0.0476678796112537
0.0481389313936234 0.0155233852565289 0.0204926040023565 0.0223636161535978 0.026690848171711 0.0514469482004642 0.073000356554985 0.0702607482671738 0.0952836200594902 0.154391765594482 0.153153583407402 0.140121430158615 0.139939621090889 0.0974842682480812 0.124168053269386 0.211021855473518 0.141039341688156 0.100340217351913 0.131147474050522 0.15068207681179 0.124318435788155 0.0771042332053185 0.0550138689577579 0.0516244396567345 0.0239826608449221 0.00868024118244648 0.00437759421765804 0.00646930513903499 0.0159291066229343 0.00577938929200172 0.00550031289458275 0.00375894270837307 0.0151820378378034 0.00588464830070734 0.00103288271930069 0.0021952036768198 0.00296311732381582 0.00151171127799898 0.00113898445852101 0.00387919275090098 0.0103965988382697 0.00398941757157445 0.00224380008876324 0.00144608819391578 0.00327438954263926 0.00929366238415241 0.00904498808085918 0.0102534117177129 0.0154667031019926 0.0244618579745293 0.0479975752532482 0.0434908047318459 0.0386460795998573 0.0421181879937649
0.0561858266592026 0.106125146150589 0.0526875220239162 0.0576258301734924 0.0486982688307762 0.0703134685754776 0.0350428186357021 0.043197575956583 0.0682487636804581 0.112937405705452 0.226085439324379 0.219241470098495 0.164377391338348 0.157971695065498 0.109696872532368 0.204915925860405 0.151819467544556 0.114644601941109 0.137339532375336 0.179675340652466 0.198480233550072 0.148417145013809 0.111504025757313 0.139562293887138 0.0503888428211212 0.0120634492486715 0.0149424821138382 0.0110585335642099 0.037245761603117 0.0124907903373241 0.0074327327311039 0.00524196121841669 0.00762913748621941 0.00607182225212455 0.0012903050519526 0.000572488235775381 0.00397453410550952 0.00817993376404047 0.00656060641631484 0.00499579077586532 0.00218922784551978 0.0011711441911757 0.00146706483792514 0.00186753296293318 0.00821285787969828 0.0183002725243568 0.0124343130737543 0.0187950693070889 0.0169717092067003 0.0322338081896305 0.0282358881086111 0.0295745171606541 0.0327676981687546 0.057134598493576
0.0918619558215141 0.078354723751545 0.0971991866827011 0.0971888974308968 0.0734290778636932 0.0567036345601082 0.0348384268581867 0.0452724620699883 0.061580415815115 0.0750153437256813 0.193273097276688 0.238497227430344 0.122178271412849 0.134438663721085 0.0798774734139442 0.121640846133232 0.152135983109474 0.0944717526435852 0.121489875018597 0.263019442558289 0.28691154718399 0.237008675932884 0.176842153072357 0.0908928737044334 0.0459989532828331 0.014375482685864 0.0197777114808559 0.0219713933765888 0.0217777844518423 0.020979592576623 0.0118534732609987 0.00429562944918871 0.00690995063632727 0.00629545841366053 0.00222775805741549 0.00092269602464512 0.00191977003123611 0.00633023818954825 0.00447877543047071 0.00468284077942371 0.00136807304807007 0.00092656136257574 0.00164100888650864 0.00600006384775043 0.0140941580757499 0.00703610805794597 0.0153399175032973 0.0138672264292836 0.0204238351434469 0.019167760387063 0.0182451382279396 0.0233727693557739 0.0409610532224178 0.0610351748764515
0.184458941221237 0.253986567258835 0.199704453349113 0.146867424249649 0.102857433259487 0.0748919919133186 0.0603745244443417 0.0604614764451981 0.0789400786161423 0.114733800292015 0.144055724143982 0.127618178725243 0.108089350163937 0.121266946196556 0.150359198451042 0.0766634494066238 0.0930817276239395 0.170352280139923 0.249767675995827 0.265953689813614 0.35534942150116 0.277264833450317 0.180211618542671 0.1502745449543 0.0581367202103138 0.031214514747262 0.0266431234776974 0.0247724130749702 0.0137219224125147 0.0257154759019613 0.0229669511318207 0.0160946547985077 0.0274753700941801 0.00405721133574843 0.00724770780652761 0.0145574091002345 0.0020492363255471 0.00163081893697381 0.00288880756124854 0.00451123714447021 0.00275693228468299 0.00134816369973123 0.0048642042092979 0.0296588819473982 0.0130803035572171 0.00842165946960449 0.00932972691953182 0.0109999403357506 0.0118343681097031 0.0160571821033955 0.0276936069130898 0.0386817306280136 0.0526286251842976 0.0666349679231644
0.868755757808685 0.852981746196747 0.850639462471008 0.247747913002968 0.160749882459641 0.0855523273348808 0.0853654220700264 0.0826253294944763 0.173132508993149 0.165614068508148 0.167883768677711 0.228001415729523 0.170366004109383 0.142845660448074 0.209456399083138 0.0949825420975685 0.0622836127877235 0.0863860324025154 0.106342755258083 0.17360745370388 0.231448993086815 0.225334569811821 0.144622936844826 0.0970580279827118 0.069630853831768 0.0561009049415588 0.0482227988541126 0.0218239910900593 0.0162131730467081 0.0194894131273031 0.0155645273625851 0.0120649011805654 0.00857608113437891 0.00667183194309473 0.0296922996640205 0.015829561278224 0.00136215705424547 0.00114690116606653 0.00394324073567986 0.00698692351579666 0.00340289669111371 0.00690735317766666 0.0174391455948353 0.0170494671911001 0.0113554839044809 0.0140993110835552 0.0136844869703054 0.0125692812725902 0.011594352312386 0.0171179492026567 0.046822551637888 0.0866493508219719 0.0695140510797501 0.0609648786485195
0.406830251216888 0.339153200387955 0.615044951438904 0.278972804546356 0.101035587489605 0.0638274028897285 0.216026782989502 0.125890135765076 0.128568798303604 0.179917633533478 0.165413439273834 0.162145465612411 0.116253733634949 0.131502985954285 0.0941311195492744 0.063695602118969 0.0595307610929012 0.106762260198593 0.356296449899673 0.554728925228119 0.25758171081543 0.231796994805336 0.188471406698227 0.0699448585510254 0.0595890544354916 0.0642368942499161 0.0781366229057312 0.0375382006168365 0.0393513925373554 0.0255726501345634 0.0157370790839195 0.0105940923094749 0.00364814349450171 0.0144713521003723 0.040641438215971 0.00607218546792865 0.0014098008396104 0.00368826347403228 0.0180904697626829 0.0450509563088417 0.0646043568849564 0.0760656893253326 0.0304696299135685 0.00834283512085676 0.0135117536410689 0.0250655841082335 0.0456150956451893 0.0220479220151901 0.0101319504901767 0.014313105493784 0.0577895529568195 0.109215207397938 0.0532096959650517 0.0717746913433075
0.209613099694252 0.243857458233833 0.285741001367569 0.294061869382858 0.288486689329147 0.219043284654617 0.617814540863037 0.201940312981606 0.166829973459244 0.167650058865547 0.172152027487755 0.113225698471069 0.0957746803760529 0.12371726334095 0.104748204350471 0.0584179162979126 0.0363516248762608 0.066017672419548 0.288724064826965 0.345646440982819 0.119030624628067 0.164705097675323 0.140604004263878 0.0511163510382175 0.0424730330705643 0.0495389215648174 0.0719634592533112 0.0532079860568047 0.042674720287323 0.0326769128441811 0.0162277389317751 0.0131409866735339 0.00994629412889481 0.0129629038274288 0.0165036730468273 0.00696342904120684 0.00244894740171731 0.00513925962150097 0.0162974204868078 0.037410281598568 0.0351866893470287 0.0499455519020557 0.0182791445404291 0.0116783585399389 0.0133594367653131 0.0251396428793669 0.0336384102702141 0.0210300292819738 0.00943921040743589 0.0353324748575687 0.0681526586413383 0.0784126669168472 0.0521388798952103 0.11071689426899
0.148311376571655 0.203324168920517 0.236266314983368 0.294829726219177 0.445247173309326 0.464383989572525 0.325115531682968 0.32170706987381 0.239685773849487 0.191401973366737 0.156264260411263 0.308019191026688 0.175093501806259 0.132717177271843 0.132100999355316 0.0637734681367874 0.0769533738493919 0.0889077112078667 0.0777637138962746 0.0541994012892246 0.05272601172328 0.0643253475427628 0.0630467757582664 0.036272507160902 0.0283587202429771 0.0391749367117882 0.0419655218720436 0.0311936009675264 0.0608498677611351 0.031310711055994 0.0259142778813839 0.0240628141909838 0.0142193771898746 0.00598276918753982 0.00465375557541847 0.00304427882656455 0.0150035098195076 0.0163517110049725 0.0248145256191492 0.00764161860570312 0.00507661839947104 0.00472828326746821 0.0119409281760454 0.022736819460988 0.0168359596282244 0.0220606401562691 0.0294874757528305 0.0190346967428923 0.0157114174216986 0.120605394244194 0.076633132994175 0.0572496205568314 0.0703341886401176 0.172328889369965
0.118294090032578 0.139620289206505 0.182146966457367 0.231975898146629 0.219669967889786 0.194565385580063 0.190641954541206 0.18077740073204 0.182152599096298 0.166560709476471 0.170138210058212 0.250933736562729 0.216396689414978 0.141272693872452 0.0912464186549187 0.192707970738411 0.304092705249786 0.292418837547302 0.161988601088524 0.0683897286653519 0.0618121698498726 0.0885494872927666 0.0584724359214306 0.0409503616392612 0.0238515958189964 0.0288552884012461 0.0201977603137493 0.0202858112752438 0.0192897915840149 0.0368099026381969 0.0386345088481903 0.0428995229303837 0.0131125226616859 0.0126084359362721 0.01039182767272 0.00737363193184137 0.0640586912631989 0.0435022078454494 0.00673461379483342 0.00927671603858471 0.0130721218883991 0.01945342682302 0.00678077060729265 0.0622924976050854 0.0426464788615704 0.0185688007622957 0.0174017921090126 0.0169081464409828 0.0196038018912077 0.140146940946579 0.115465849637985 0.0833792313933372 0.125500187277794 0.16387714445591
-3.4e+38 -3.4e+38 -3.4e+38 0.128349497914314 0.143912345170975 0.140871852636337 0.130583241581917 0.111426681280136 0.111586704850197 0.106030523777008 0.12496467679739 0.132726073265076 0.113367266952991 0.0987856239080429 0.157126277685165 0.45069208741188 0.475990355014801 0.3779356777668 0.519325077533722 0.119534596800804 0.0667040273547173 0.0940652936697006 0.067771703004837 0.0338550209999084 0.029335206374526 0.0263295117765665 0.0222150087356567 0.0150164365768433 0.0212731640785933 0.0545789636671543 0.0768669918179512 0.0640734508633614 0.022342761978507 0.0107826851308346 0.0350940451025963 0.183534070849419 0.0546459704637527 0.025210153311491 0.0115215722471476 0.0327066481113434 0.00747666740790009 0.00494286743924022 0.0207682624459267 0.0357801765203476 0.0253716316074133 0.0277442336082458 0.0167952589690685 0.021527549251914 0.0211984105408192 0.0376872681081295 0.0609467327594757 0.118384622037411 0.369308263063431 0.235550224781036
-3.4e+38 -3.4e+38 -3.4e+38 -3.4e+38 -3.4e+38 -3.4e+38 -3.4e+38 -3.4e+38 0.0970027074217796 0.0986487567424774 0.105821631848812 0.112237252295017 0.103886805474758 0.116885915398598 0.131474137306213 0.169395491480827 0.196682021021843 0.155634298920631 0.240255519747734 0.128306686878204 0.0854607224464417 0.0721145123243332 0.11289019882679 0.0368544273078442 0.0369745530188084 0.0376564264297485 0.0422719828784466 0.0226338747888803 0.0208228155970573 0.0337546989321709 0.066677525639534 0.0421917624771595 0.0229328498244286 0.043411560356617 0.177266538143158 0.32123064994812 0.57280170917511 0.272886216640472 0.493862301111221 0.0489707887172699 0.00983330514281988 0.00842751562595367 0.0429949089884758 0.0360038429498672 0.0339831486344337 0.0458264052867889 0.0179070830345154 0.0437523424625397 0.0509737022221088 0.0751188397407532 0.111921325325966 0.303693801164627 0.356033772230148 0.255768001079559
-3.4e+38 -3.4e+38 -3.4e+38 -3.4e+38 -3.4e+38 -3.4e+38 -3.4e+38 -3.4e+38 -3.4e+38 -3.4e+38 0.118198178708553 0.127739384770393 0.141810938715935 0.137115225195885 0.127115413546562 0.137626945972443 0.14706739783287 0.17315599322319 0.235026463866234 0.195845201611519 0.243099838495255 0.153011947870255 0.132336378097534 0.177896037697792 0.1067955493927 0.0536597408354282 0.0707256942987442 0.0289791356772184 0.0240398943424225 0.0333971865475178 0.0291285403072834 0.0334921292960644 0.0566754266619682 0.134997665882111 0.174370497465134 0.286552637815475 0.458012342453003 0.245362490415573 0.587184607982635 0.113077268004417 0.0928908661007881 0.0196724012494087 0.140206232666969 0.0569184310734272 0.122126758098602 0.0669805333018303 0.0534807741641998 0.135687917470932 0.111923322081566 0.249025419354439 0.329886317253113 0.317495375871658 0.242242708802223 0.29537108540535
-3.4e+38 -3.4e+38 -3.4e+38 -3.4e+38 -3.4e+38 -3.4e+38 -3.4e+38 -3.4e+38 -3.4e+38 -3.4e+38 -3.4e+38 -3.4e+38 0.163919717073441 0.167696475982666 0.159971222281456 0.178971141576767 0.17298598587513 0.216204524040222 0.279720366001129 0.301650553941727 0.232231765985489 0.18679079413414 0.117329590022564 0.100758850574493 0.0965105295181274 0.0970636457204819 -3.4e+38 -3.4e+38 0.0205485112965107 0.0223327297717333 0.022384662181139 0.0326781682670116 0.0779864564538002 0.247190564870834 0.122348934412003 0.138876110315323 0.129791155457497 0.124660581350327 0.125565856695175 0.0400711968541145 0.178560167551041 0.0199441239237785 0.179611891508102 0.121475778520107 0.0671830177307129 0.092912957072258 0.108447283506393 0.195127636194229 0.275692045688629 0.280208915472031 0.220055475831032 0.26146799325943 0.26145339012146 0.246428817510605
-3.4e+38 -3.4e+38 -3.4e+38 -3.4e+38 -3.4e+38 -3.4e+38 -3.4e+38 -3.4e+38 -3.4e+38 -3.4e+38 -3.4e+38 -3.4e+38 -3.4e+38 -3.4e+38 -3.4e+38 -3.4e+38 -3.4e+38 -3.4e+38 -3.4e+38 0.183718368411064 -3.4e+38 -3.4e+38 0.0838053748011589 0.091875821352005 -3.4e+38 -3.4e+38 -3.4e+38 0.0192192997783422 0.00584795651957393 0.00940711796283722 0.0159883368760347 0.0178755484521389 0.0331455767154694 0.0510905720293522 0.0311876181513071 0.0492815785109997 0.0714983120560646 0.120090194046497 0.126180648803711 0.0813909098505974 0.236001327633858 0.024226488545537 0.0995370298624039 0.0305661112070084 0.0209540519863367 0.0698288083076477 0.136670678853989 0.182565346360207 0.169482350349426 0.0799261257052422 0.132845938205719 0.185690343379974 0.245960593223572 0.264857262372971
-3.4e+38 -3.4e+38 -3.4e+38 -3.4e+38 -3.4e+38 -3.4e+38 -3.4e+38 -3.4e+38 -3.4e+38 -3.4e+38 -3.4e+38 -3.4e+38 -3.4e+38 -3.4e+38 -3.4e+38 -3.4e+38 -3.4e+38 -3.4e+38 -3.4e+38 -3.4e+38 -3.4e+38 -3.4e+38 -3.4e+38 -3.4e+38 -3.4e+38 -3.4e+38 0.044821958988905 0.0348108895123005 0.0134946713224053 0.00785759743303061 0.0137036237865686 0.0141020370647311 0.011978923343122 0.0126192746683955 0.0163019802421331 0.025893434882164 0.047632310539484 0.113889552652836 0.164373606443405 0.100883670151234 0.0634938701987267 0.090982161462307 0.0434915125370026 0.0133916707709432 0.0130644114688039 0.0561108961701393 0.217790871858597 0.208571761846542 0.085990808904171 0.108275599777699 0.099955677986145 0.157434046268463 0.229960843920708 0.288806825876236
-3.4e+38 -3.4e+38 -3.4e+38 -3.4e+38 -3.4e+38 -3.4e+38 -3.4e+38 -3.4e+38 -3.4e+38 -3.4e+38 -3.4e+38 -3.4e+38 -3.4e+38 -3.4e+38 -3.4e+38 -3.4e+38 -3.4e+38 -3.4e+38 -3.4e+38 -3.4e+38 -3.4e+38 -3.4e+38 -3.4e+38 -3.4e+38 -3.4e+38 0.0901743620634079 0.160363838076591 0.181526184082031 0.0285664834082127 0.0161885842680931 0.0153779210522771 0.0143980728462338 0.0126078352332115 0.011996447108686 0.0149741480126977 0.0232783723622561 0.0389786511659622 0.0738717913627625 0.0915135368704796 0.106754392385483 0.0786115899682045 0.265023469924927 0.0910684242844582 0.0137214083224535 0.00846130307763815 0.0453310832381248 0.102213487029076 0.148189231753349 0.198267012834549 0.319754004478455 0.219075590372086 0.189308688044548 0.429926365613937 0.271355777978897
-3.4e+38 -3.4e+38 -3.4e+38 -3.4e+38 -3.4e+38 -3.4e+38 -3.4e+38 -3.4e+38 -3.4e+38 -3.4e+38 -3.4e+38 -3.4e+38 -3.4e+38 -3.4e+38 -3.4e+38 -3.4e+38 -3.4e+38 -3.4e+38 -3.4e+38 -3.4e+38 -3.4e+38 -3.4e+38 -3.4e+38 -3.4e+38 -3.4e+38 0.0826948285102844 0.0984073802828789 0.0662786662578583 0.0483186468482018 0.0315786078572273 0.0269577987492085 0.0214678682386875 0.0208825170993805 0.0171873178333044 0.0156014086678624 0.0178796239197254 0.0240356680005789 0.0326993800699711 0.0617231614887714 0.0660988688468933 0.11317915469408 0.0514130853116512 0.0628295466303825 0.00914472155272961 0.00688806362450123 0.0196720231324434 0.0819628164172173 0.108506128191948 0.0668193027377129 0.0552931427955627 0.0357778407633305 0.069179505109787 0.139017373323441 0.160121142864227
