data/climate_estimation/maxent_output/Smilax_havanensis.asc
NCOLS 220 
NROWS 133 
XLLCORNER -84.9166666666667 
YLLCORNER 17.9166666666667 
CELLSIZE 0.0833333333333333 
NODATA_value -3.4e+38 
[rows 104 to 129 of 133, columns 116 to 173 of 220]
0.613257586956024 0.70223742723465 0.556638956069946 0.520350754261017 0.468340009450912 0.344485729932785 0.290877252817154 0.258899629116058 0.222006902098656 0.185592532157898 0.361772626638412 0.629551351070404 0.767687916755676 0.10677532106638 -3.4e+38 -3.4e+38 -3.4e+38 -3.4e+38 -3.4e+38 -3.4e+38 -3.4e+38 -3.4e+38 -3.4e+38 -3.4e+38 -3.4e+38 -3.4e+38 -3.4e+38 -3.4e+38 -3.4e+38 -3.4e+38 -3.4e+38 -3.4e+38 -3.4e+38 -3.4e+38 -3.4e+38 -3.4e+38 -3.4e+38 -3.4e+38 -3.4e+38 -3.4e+38 -3.4e+38 -3.4e+38 -3.4e+38 -3.4e+38 -3.4e+38 -3.4e+38 -3.4e+38 -3.4e+38 -3.4e+38 -3.4e+38 -3.4e+38 -3.4e+38 -3.4e+38 -3.4e+38 -3.4e+38 -3.4e+38 -3.4e+38 -3.4e+38
0.481894314289093 0.639523088932037 0.853152751922607 0.73747855424881 0.558709263801575 0.437366873025894 0.312348067760468 0.308191359043121 0.336634248495102 0.360894501209259 0.483837395906448 0.610449552536011 0.823665022850037 0.196160927414894 -3.4e+38 -3.4e+38 -3.4e+38 -3.4e+38 -3.4e+38 -3.4e+38 -3.4e+38 -3.4e+38 -3.4e+38 -3.4e+38 -3.4e+38 -3.4e+38 -3.4e+38 -3.4e+38 -3.4e+38 -3.4e+38 -3.4e+38 -3.4e+38 -3.4e+38 -3.4e+38 -3.4e+38 -3.4e+38 -3.4e+38 -3.4e+38 -3.4e+38 -3.4e+38 -3.4e+38 -3.4e+38 -3.4e+38 -3.4e+38 -3.4e+38 -3.4e+38 -3.4e+38 -3.4e+38 -3.4e+38 -3.4e+38 -3.4e+38 -3.4e+38 -3.4e+38 -3.4e+38 -3.4e+38 -3.4e+38 -3.4e+38 -3.4e+38
0.173942819237709 0.262482583522797 0.731072902679443 0.880719840526581 0.622588276863098 0.593536734580994 0.411967068910599 0.335853159427643 0.343375951051712 0.458423912525177 0.56731116771698 0.605126202106476 0.820947706699371 -3.4e+38 -3.4e+38 -3.4e+38 -3.4e+38 -3.4e+38 -3.4e+38 -3.4e+38 -3.4e+38 -3.4e+38 -3.4e+38 -3.4e+38 -3.4e+38 -3.4e+38 -3.4e+38 -3.4e+38 0.380882620811462 0.356406420469284 -3.4e+38 -3.4e+38 -3.4e+38 -3.4e+38 -3.4e+38 -3.4e+38 -3.4e+38 -3.4e+38 -3.4e+38 -3.4e+38 -3.4e+38 -3.4e+38 -3.4e+38 -3.4e+38 -3.4e+38 -3.4e+38 -3.4e+38 -3.4e+38 -3.4e+38 -3.4e+38 -3.4e+38 -3.4e+38 -3.4e+38 -3.4e+38 -3.4e+38 -3.4e+38 -3.4e+38 -3.4e+38
0.178970322012901 0.187019795179367 0.447052478790283 0.890865802764893 0.860857307910919 0.640343248844147 0.551887512207031 0.450966328382492 0.454126387834549 0.479194045066833 0.623968839645386 0.784633994102478 -3.4e+38 -3.4e+38 -3.4e+38 -3.4e+38 -3.4e+38 -3.4e+38 -3.4e+38 -3.4e+38 -3.4e+38 -3.4e+38 -3.4e+38 -3.4e+38 -3.4e+38 -3.4e+38 -3.4e+38 0.382237821817398 0.516621649265289 0.425568699836731 0.3492811024189 0.194796770811081 -3.4e+38 -3.4e+38 -3.4e+38 -3.4e+38 -3.4e+38 -3.4e+38 -3.4e+38 -3.4e+38 -3.4e+38 -3.4e+38 -3.4e+38 -3.4e+38 -3.4e+38 -3.4e+38 -3.4e+38 -3.4e+38 -3.4e+38 -3.4e+38 -3.4e+38 -3.4e+38 -3.4e+38 -3.4e+38 -3.4e+38 -3.4e+38 -3.4e+38 -3.4e+38
0.17734269797802 0.187400564551353 0.472309768199921 0.791311681270599 0.926527380943298 -3.4e+38 -3.4e+38 -3.4e+38 -3.4e+38 -3.4e+38 -3.4e+38 -3.4e+38 -3.4e+38 -3.4e+38 -3.4e+38 -3.4e+38 -3.4e+38 -3.4e+38 -3.4e+38 -3.4e+38 -3.4e+38 -3.4e+38 -3.4e+38 -3.4e+38 0.035598985850811 0.0508048199117184 0.108754731714725 0.165087789297104 0.287070602178574 0.31535816192627 0.246991589665413 0.172994434833527 -3.4e+38 -3.4e+38 -3.4e+38 -3.4e+38 -3.4e+38 -3.4e+38 -3.4e+38 -3.4e+38 -3.4e+38 -3.4e+38 -3.4e+38 -3.4e+38 -3.4e+38 -3.4e+38 -3.4e+38 -3.4e+38 -3.4e+38 -3.4e+38 0.526997983455658 0.633860170841217 -3.4e+38 -3.4e+38 -3.4e+38 -3.4e+38 -3.4e+38 -3.4e+38
0.153076618909836 0.137158378958702 0.277040362358093 -3.4e+38 -3.4e+38 -3.4e+38 -3.4e+38 -3.4e+38 -3.4e+38 -3.4e+38 -3.4e+38 -3.4e+38 -3.4e+38 -3.4e+38 -3.4e+38 -3.4e+38 -3.4e+38 -3.4e+38 -3.4e+38 -3.4e+38 -3.4e+38 -3.4e+38 0.00870826561003923 0.196453392505646 0.0811516270041466 0.0751226097345352 0.0748174414038658 0.0976046100258827 0.192170828580856 0.146847814321518 0.251409858465195 0.229680821299553 0.196058094501495 -3.4e+38 -3.4e+38 -3.4e+38 -3.4e+38 -3.4e+38 -3.4e+38 -3.4e+38 -3.4e+38 -3.4e+38 0.00591053022071719 0.00704665621742606 0.014430052600801 0.0221343766897917 0.0195576008409262 0.0131212575361133 0.0246459878981113 0.0534628629684448 0.339731901884079 0.610886693000793 0.467041373252869 0.403547137975693 0.366927206516266 -3.4e+38 -3.4e+38 -3.4e+38
-3.4e+38 -3.4e+38 -3.4e+38 -3.4e+38 -3.4e+38 -3.4e+38 -3.4e+38 -3.4e+38 -3.4e+38 -3.4e+38 -3.4e+38 -3.4e+38 -3.4e+38 -3.4e+38 -3.4e+38 -3.4e+38 -3.4e+38 -3.4e+38 -3.4e+38 -3.4e+38 -3.4e+38 0.0654259026050568 0.0975978821516037 0.437047600746155 0.519467651844025 0.389362126588821 0.225526511669159 0.188146635890007 0.165941148996353 0.18677331507206 0.207685738801956 0.16191902756691 0.205547228455544 0.198890522122383 0.101985119283199 0.121836572885513 0.152105689048767 -3.4e+38 -3.4e+38 -3.4e+38 -3.4e+38 0.0118680633604527 0.00929280556738377 0.0227658078074455 0.0208330936729908 0.0302420314401388 0.0554648190736771 0.0273173656314611 0.0466142930090427 0.069181852042675 0.102948747575283 0.294689863920212 0.413098812103271 0.353647232055664 0.357616156339645 0.321240484714508 0.247657552361488 0.15182276070118
-3.4e+38 -3.4e+38 -3.4e+38 -3.4e+38 -3.4e+38 -3.4e+38 -3.4e+38 -3.4e+38 -3.4e+38 -3.4e+38 -3.4e+38 -3.4e+38 -3.4e+38 -3.4e+38 -3.4e+38 -3.4e+38 -3.4e+38 -3.4e+38 -3.4e+38 -3.4e+38 -3.4e+38 0.146603301167488 0.219315186142921 0.415286719799042 0.428508907556534 0.242954522371292 0.162115648388863 0.24660736322403 0.17013418674469 0.25137323141098 0.46295240521431 0.201275035738945 0.164913505315781 0.279652446508408 0.222492143511772 0.127641290426254 0.20012392103672 0.362621933221817 0.221914350986481 0.0848031640052795 0.0794442594051361 0.0419868566095829 0.0300588682293892 0.0244068223983049 0.0218369960784912 0.0220187027007341 0.0340308472514153 0.0475005283951759 0.0653019100427628 0.151725456118584 0.134683549404144 0.227981433272362 0.342486202716827 0.376497209072113 0.335836350917816 0.288460314273834 0.206763923168182 0.144769489765167
-3.4e+38 -3.4e+38 -3.4e+38 -3.4e+38 -3.4e+38 -3.4e+38 -3.4e+38 -3.4e+38 -3.4e+38 -3.4e+38 -3.4e+38 -3.4e+38 -3.4e+38 -3.4e+38 -3.4e+38 -3.4e+38 -3.4e+38 -3.4e+38 -3.4e+38 -3.4e+38 -3.4e+38 0.0114216608926654 0.0730258822441101 0.311816364526749 0.191807314753532 0.135340973734856 0.105969965457916 0.135502591729164 0.212371036410332 0.0968045890331268 0.261239409446716 0.437772274017334 0.210573583841324 0.270806580781937 0.311842262744904 0.346709400415421 0.316029459238052 0.405724436044693 0.327710807323456 0.284569472074509 0.203446313738823 0.124262176454067 0.164124384522438 0.201739847660065 0.151912808418274 0.120671950280666 0.126617908477783 0.095109611749649 0.0690912827849388 0.0435659326612949 0.0410095080733299 0.0809626281261444 0.319697737693787 0.405611366033554 0.409731417894363 0.332873910665512 0.212396427989006 0.163403809070587
-3.4e+38 -3.4e+38 -3.4e+38 -3.4e+38 -3.4e+38 -3.4e+38 -3.4e+38 -3.4e+38 -3.4e+38 -3.4e+38 -3.4e+38 -3.4e+38 -3.4e+38 -3.4e+38 -3.4e+38 -3.4e+38 -3.4e+38 -3.4e+38 -3.4e+38 -3.4e+38 -3.4e+38 -3.4e+38 -3.4e+38 -3.4e+38 -3.4e+38 -3.4e+38 -3.4e+38 0.110183089971542 0.0933202058076859 0.0444712787866592 0.0425346232950687 0.0622775964438915 0.448036104440689 0.199112504720688 0.157064065337181 0.24563080072403 0.381681233644485 0.391368269920349 0.375556975603104 0.5512415766716 0.544843792915344 0.502360165119171 0.575710415840149 0.732312917709351 0.618123888969421 0.54896080493927 0.46853893995285 0.563484847545624 0.39311608672142 0.0969978049397469 0.0743380635976791 0.155578777194023 0.168410941958427 0.125971883535385 0.259701192378998 0.329087942838669 0.359518885612488 0.282768458127975
-3.4e+38 -3.4e+38 -3.4e+38 -3.4e+38 -3.4e+38 -3.4e+38 -3.4e+38 -3.4e+38 -3.4e+38 -3.4e+38 -3.4e+38 -3.4e+38 -3.4e+38 -3.4e+38 -3.4e+38 -3.4e+38 -3.4e+38 -3.4e+38 -3.4e+38 -3.4e+38 -3.4e+38 -3.4e+38 -3.4e+38 -3.4e+38 -3.4e+38 -3.4e+38 -3.4e+38 -3.4e+38 -3.4e+38 0.00642320839688182 0.00210609054192901 0.00328593887388706 0.0817192643880844 0.279845178127289 0.249731570482254 0.23723778128624 0.323552936315536 0.375919818878174 0.355344355106354 0.270643204450607 0.372599512338638 0.55799674987793 0.621685981750488 0.534097492694855 0.552926421165466 0.559857130050659 0.594700455665588 0.700389921665192 0.737811267375946 0.517780303955078 0.399927169084549 0.401237010955811 0.571400582790375 0.318245321512222 0.264159709215164 0.248135760426521 0.251576840877533 0.205249652266502
-3.4e+38 -3.4e+38 -3.4e+38 -3.4e+38 -3.4e+38 -3.4e+38 -3.4e+38 -3.4e+38 -3.4e+38 -3.4e+38 -3.4e+38 -3.4e+38 -3.4e+38 -3.4e+38 -3.4e+38 -3.4e+38 -3.4e+38 -3.4e+38 -3.4e+38 -3.4e+38 -3.4e+38 -3.4e+38 -3.4e+38 -3.4e+38 -3.4e+38 -3.4e+38 -3.4e+38 -3.4e+38 -3.4e+38 0.00041143168346025 0.000427231047069654 0.00137769663706422 0.00737715326249599 0.136086449027061 0.0652104765176773 0.143563807010651 0.662419199943542 0.51248300075531 0.460418939590454 0.261092752218246 0.218380436301231 0.203774824738503 0.442482471466064 0.499249130487442 0.609928846359253 0.559834241867065 0.669748485088348 0.753501653671265 0.77952367067337 0.868356645107269 0.80409824848175 0.83017885684967 0.741172790527344 0.563135862350464 0.39057257771492 0.238389402627945 0.155091300606728 0.146258309483528
-3.4e+38 -3.4e+38 -3.4e+38 -3.4e+38 -3.4e+38 -3.4e+38 -3.4e+38 -3.4e+38 -3.4e+38 -3.4e+38 -3.4e+38 -3.4e+38 -3.4e+38 -3.4e+38 -3.4e+38 -3.4e+38 -3.4e+38 -3.4e+38 -3.4e+38 -3.4e+38 -3.4e+38 -3.4e+38 -3.4e+38 -3.4e+38 -3.4e+38 -3.4e+38 -3.4e+38 -3.4e+38 -3.4e+38 0.000392694753827527 0.000404464692110196 0.000792411796282977 0.00442915968596935 0.007460234221071 0.0169006548821926 0.0841943025588989 0.195366591215134 0.391648352146149 0.497984141111374 0.420740783214569 0.299939781427383 0.357467144727707 0.464395552873611 0.491186141967773 0.490845680236816 0.531372368335724 0.619542419910431 0.613363146781921 0.388247936964035 0.444128930568695 0.442883342504501 0.595990836620331 0.646110713481903 0.560201644897461 0.464447736740112 0.339667946100235 0.167386993765831 0.153645351529121
-3.4e+38 -3.4e+38 -3.4e+38 -3.4e+38 -3.4e+38 -3.4e+38 -3.4e+38 -3.4e+38 -3.4e+38 -3.4e+38 -3.4e+38 -3.4e+38 -3.4e+38 -3.4e+38 -3.4e+38 -3.4e+38 -3.4e+38 -3.4e+38 -3.4e+38 -3.4e+38 -3.4e+38 -3.4e+38 -3.4e+38 -3.4e+38 -3.4e+38 -3.4e+38 -3.4e+38 -3.4e+38 -3.4e+38 0.000529872952029109 0.000566173635888845 0.0011797898914665 0.00262379902414978 0.00722909206524491 0.0481023564934731 0.0533741042017937 0.0431086495518684 0.0863778740167618 0.112075753509998 0.335878789424896 0.452782571315765 0.489356130361557 0.468361675739288 0.52253133058548 0.45190766453743 0.271347671747208 0.237539976835251 0.196475371718407 0.0844639986753464 0.0883928909897804 0.108346663415432 0.298111617565155 0.338397204875946 0.265102714300156 0.303899198770523 0.309005498886108 0.254617244005203 0.212470978498459
-3.4e+38 -3.4e+38 -3.4e+38 -3.4e+38 -3.4e+38 -3.4e+38 -3.4e+38 -3.4e+38 -3.4e+38 -3.4e+38 -3.4e+38 -3.4e+38 -3.4e+38 -3.4e+38 -3.4e+38 -3.4e+38 -3.4e+38 -3.4e+38 -3.4e+38 -3.4e+38 -3.4e+38 -3.4e+38 -3.4e+38 -3.4e+38 -3.4e+38 -3.4e+38 -3.4e+38 -3.4e+38 -3.4e+38 0.000840142369270325 0.00112990161869675 0.00244443980045617 0.00405721599236131 0.00882858689874411 0.0294933207333088 0.0724690854549408 0.0656669586896896 0.0577606596052647 0.0320094265043736 0.0395889803767204 0.100809276103973 0.140861913561821 0.199235960841179 0.252353936433792 0.312047839164734 0.254498958587646 0.140137761831284 0.130872771143913 0.0298135504126549 0.0123634887859225 0.0706174075603485 0.0580288209021091 0.114907667040825 0.192082300782204 0.205292448401451 0.24127821624279 0.192555949091911 0.407273679971695
-3.4e+38 -3.4e+38 -3.4e+38 -3.4e+38 -3.4e+38 -3.4e+38 -3.4e+38 -3.4e+38 -3.4e+38 -3.4e+38 -3.4e+38 -3.4e+38 -3.4e+38 -3.4e+38 -3.4e+38 -3.4e+38 -3.4e+38 -3.4e+38 -3.4e+38 -3.4e+38 -3.4e+38 -3.4e+38 -3.4e+38 -3.4e+38 -3.4e+38 -3.4e+38 -3.4e+38 -3.4e+38 -3.4e+38 0.00256267841905355 0.00576309068128467 0.0273954570293427 0.017805615440011 0.0114726833999157 0.0267747882753611 0.0586561970412731 0.0633978992700577 0.108736053109169 0.0962581038475037 0.0320390872657299 0.0398928001523018 0.0695921406149864 0.0811702907085419 0.119596943259239 0.168998673558235 0.15456035733223 0.184067383408546 0.260423988103867 0.0532242245972157 0.0132581209763885 0.0106303645297885 0.00834369659423828 0.0806909576058388 0.177288472652435 0.159304156899452 0.111843466758728 0.100458465516567 0.345792144536972
-3.4e+38 -3.4e+38 -3.4e+38 -3.4e+38 -3.4e+38 -3.4e+38 -3.4e+38 -3.4e+38 -3.4e+38 -3.4e+38 -3.4e+38 -3.4e+38 -3.4e+38 -3.4e+38 -3.4e+38 -3.4e+38 -3.4e+38 -3.4e+38 -3.4e+38 -3.4e+38 -3.4e+38 -3.4e+38 -3.4e+38 0.0534326061606407 0.0441077463328838 0.017748000100255 0.0105274468660355 -3.4e+38 -3.4e+38 -3.4e+38 0.00676005519926548 0.0355944037437439 0.0306915678083897 0.0289575662463903 0.0251834653317928 0.0350667648017406 0.0359328575432301 0.0444264560937881 0.0828994885087013 0.0353419817984104 0.035162303596735 0.066557951271534 0.0518819466233253 0.0555322393774986 0.0317826047539711 0.0388965308666229 0.0843558236956596 0.0757567062973976 0.191928133368492 0.0611353665590286 0.0707721561193466 0.0427465476095676 0.0538763627409935 0.0692467540502548 0.105903968214989 0.124528169631958 0.111978851258755 0.269516348838806
-3.4e+38 -3.4e+38 -3.4e+38 -3.4e+38 -3.4e+38 -3.4e+38 -3.4e+38 -3.4e+38 -3.4e+38 -3.4e+38 -3.4e+38 -3.4e+38 -3.4e+38 -3.4e+38 -3.4e+38 -3.4e+38 -3.4e+38 -3.4e+38 -3.4e+38 -3.4e+38 -3.4e+38 -3.4e+38 -3.4e+38 0.0424208715558052 0.0610317513346672 0.0383997671306133 0.0305477380752563 0.0204549022018909 0.0129650570452213 -3.4e+38 -3.4e+38 0.042987983673811 0.0529672130942345 0.0382065065205097 0.0431394800543785 0.0665647909045219 0.0378061532974243 0.0189497303217649 0.0622407160699368 0.0507856421172619 0.0377433784306049 0.0681556314229965 0.0937296003103256 0.0513738133013248 0.0205283537507057 0.0190692581236362 0.0227737445384264 0.0215297061949968 0.0342548228800297 0.0769619271159172 0.125626370310783 0.216914147138596 0.179320842027664 0.121354565024376 0.102755561470985 0.0745004490017891 0.128241270780563 0.32257154583931
-3.4e+38 -3.4e+38 -3.4e+38 -3.4e+38 -3.4e+38 -3.4e+38 -3.4e+38 -3.4e+38 -3.4e+38 -3.4e+38 -3.4e+38 -3.4e+38 -3.4e+38 -3.4e+38 -3.4e+38 -3.4e+38 -3.4e+38 -3.4e+38 -3.4e+38 -3.4e+38 -3.4e+38 -3.4e+38 -3.4e+38 -3.4e+38 0.031887099146843 0.0405898094177246 0.0827251449227333 0.118733957409859 0.0860198512673378 0.0402288213372231 -3.4e+38 -3.4e+38 0.0136736938729882 0.0444886907935143 0.102852657437325 0.0770321190357208 0.0741402432322502 0.0348505303263664 0.0491406656801701 0.153527364134789 0.125920936465263 0.0651537328958511 0.0431576743721962 0.101390957832336 0.0600322708487511 0.0552561767399311 0.0369232073426247 0.0156486686319113 0.0110493702813983 0.0173708386719227 0.0237445626407862 0.0328200310468674 0.115461811423302 0.125450730323792 0.0142434118315578 0.00646440964192152 0.058746200054884 0.123313926160336
-3.4e+38 -3.4e+38 -3.4e+38 -3.4e+38 -3.4e+38 -3.4e+38 -3.4e+38 -3.4e+38 -3.4e+38 -3.4e+38 -3.4e+38 -3.4e+38 0.0816661566495895 -3.4e+38 -3.4e+38 -3.4e+38 -3.4e+38 -3.4e+38 -3.4e+38 -3.4e+38 -3.4e+38 -3.4e+38 -3.4e+38 -3.4e+38 -3.4e+38 -3.4e+38 -3.4e+38 0.0369162037968636 0.0585705302655697 0.0492546819150448 -3.4e+38 -3.4e+38 -3.4e+38 0.0289169903844595 0.0738097056746483 0.159448355436325 0.154268011450768 0.1514011323452 0.158702254295349 0.12813276052475 0.0638222247362137 0.035373754799366 0.0231166090816259 0.0313131920993328 0.0518960431218147 0.0409736186265945 0.0531046502292156 0.0340941026806831 0.0136675424873829 0.0102783255279064 0.00873882975429296 0.0148720229044557 0.117357514798641 0.11549000442028 0.0865450799465179 0.0202485956251621 0.116259939968586 0.166271448135376
-3.4e+38 -3.4e+38 -3.4e+38 -3.4e+38 -3.4e+38 -3.4e+38 -3.4e+38 -3.4e+38 -3.4e+38 0.0343242064118385 0.0378837212920189 0.083976149559021 0.145542353391647 0.153175875544548 0.0927356481552124 0.175913885235786 -3.4e+38 0.228870019316673 0.232037365436554 -3.4e+38 0.202037170529366 -3.4e+38 -3.4e+38 -3.4e+38 -3.4e+38 -3.4e+38 -3.4e+38 -3.4e+38 -3.4e+38 -3.4e+38 -3.4e+38 -3.4e+38 -3.4e+38 -3.4e+38 0.0903120338916779 0.0545357502996922 0.0223202966153622 0.0095136621966958 0.0223287772387266 0.249126017093658 0.159249886870384 0.102514177560806 0.0568695217370987 0.0535141341388226 0.0258358083665371 0.03776004165411 0.0538348220288754 0.0265043508261442 0.0134487552568316 0.016207791864872 0.00570571888238192 0.00921565108001232 0.0371426232159138 0.114904545247555 0.153449177742004 0.0762789696455002 0.143611386418343 0.170460149645805
-3.4e+38 -3.4e+38 -3.4e+38 -3.4e+38 -3.4e+38 -3.4e+38 -3.4e+38 -3.4e+38 -3.4e+38 0.0374755673110485 0.066422201693058 0.0727382004261017 0.108388312160969 0.174660876393318 0.220971152186394 0.165415018796921 0.128706574440002 0.130466401576996 0.195601090788841 0.309209018945694 0.402303814888 0.291185796260834 0.251965552568436 -3.4e+38 -3.4e+38 -3.4e+38 -3.4e+38 -3.4e+38 -3.4e+38 -3.4e+38 -3.4e+38 0.341527849435806 0.465713202953339 0.512522280216217 0.381803184747696 0.266178101301193 0.093137338757515 0.0260480642318726 0.0187070537358522 0.0185248032212257 0.0204646848142147 0.039894737303257 0.00687201227992773 0.0123458337038755 0.0721490457653999 0.0451133511960506 0.0262823030352592 0.0250702071934938 0.00930160656571388 0.0113152051344514 0.00882373843342066 0.00513314316049218 0.00656665582209826 0.0176570191979408 0.0742986127734184 0.108639433979988 0.13996846973896 0.175400376319885
-3.4e+38 -3.4e+38 -3.4e+38 -3.4e+38 -3.4e+38 -3.4e+38 -3.4e+38 -3.4e+38 -3.4e+38 0.0418903678655624 0.075209267437458 0.12867271900177 0.135819599032402 0.108359150588512 0.140701249241829 0.153203070163727 0.181519269943237 0.152225106954575 0.167366996407509 0.250326752662659 0.279929906129837 0.515449583530426 0.521413326263428 0.365934014320374 0.456817388534546 0.386399477720261 0.334007740020752 0.525302231311798 0.238304108381271 0.530973017215729 0.582627832889557 0.612819194793701 0.607978463172913 0.305121749639511 0.147119075059891 0.0212277639657259 0.255202144384384 0.260884523391724 0.118415795266628 0.362103760242462 0.703054547309875 0.0140864346176386 0.00296836602501571 0.00239273020997643 0.00295212911441922 0.0026135693769902 0.000996565213426948 0.000694558722898364 0.00113905046600848 0.00219407840631902 0.00423515494912863 0.00476454477757215 0.00307409628294408 0.00291409273631871 0.00517148245126009 0.0119326384738088 0.046873927116394 0.148463279008865
-3.4e+38 -3.4e+38 0.0753932446241379 -3.4e+38 -3.4e+38 -3.4e+38 -3.4e+38 -3.4e+38 -3.4e+38 0.0693934038281441 0.11043156683445 0.128765359520912 0.134187206625938 0.064076840877533 0.0324606373906136 0.0448889471590519 0.0988085642457008 0.0833213180303574 0.118202045559883 0.176258489489555 0.164255023002625 0.341523587703705 0.589950025081635 0.430615335702896 0.299177765846252 0.494101762771606 0.599309623241425 0.40752974152565 0.297845602035522 0.374777376651764 0.489271223545074 0.453339129686356 0.514802575111389 0.401985704898834 0.0882879942655563 0.0137211345136166 0.0651455819606781 0.0535553731024265 0.0129299284890294 0.0100240418687463 0.0318147763609886 0.159219145774841 0.221090197563171 0.173506647348404 0.0169504228979349 0.00205764104612172 0.00123995426110923 0.00118408456910402 0.00121548562310636 0.00688050035387278 0.0547659695148468 0.0404212512075901 0.00453445548191667 0.00311740697361529 0.00394702004268765 0.0110897924751043 0.0210395865142345 0.0508643798530102
-3.4e+38 -3.4e+38 -3.4e+38 -3.4e+38 -3.4e+38 -3.4e+38 -3.4e+38 -3.4e+38 -3.4e+38 -3.4e+38 0.0801606103777885 0.0999814346432686 0.106596820056438 0.136575669050217 0.11571204662323 0.0976426750421524 0.0392875112593174 0.0442735813558102 0.0754728242754936 0.140007376670837 0.246774896979332 0.316209375858307 0.498697876930237 0.415731310844421 0.479263722896576 0.500020027160645 0.643231213092804 0.361422926187515 0.313097149133682 0.250765681266785 0.260161638259888 0.523203492164612 0.51604825258255 0.564801156520844 0.476141452789307 0.228033721446991 0.0309838317334652 0.132355228066444 0.152720153331757 0.0899667888879776 0.0410202816128731 0.00920340605080128 0.0128794787451625 0.0816099643707275 0.246327742934227 0.206874027848244 0.0042401198297739 0.00354159879498184 0.00722788460552692 0.0221209451556206 0.0162239316850901 0.0500473640859127 0.0116642843931913 -3.4e+38 -3.4e+38 0.0077917268499732 0.0129072843119502 0.0174119006842375
-3.4e+38 -3.4e+38 -3.4e+38 -3.4e+38 -3.4e+38 -3.4e+38 -3.4e+38 -3.4e+38 -3.4e+38 -3.4e+38 -3.4e+38 -3.4e+38 -3.4e+38 0.126395419239998 0.116936728358269 0.0826287940144539 0.0666762813925743 0.0681356564164162 0.0741017982363701 0.132019385695457 0.210369125008583 -3.4e+38 0.461938172578812 0.389626771211624 0.397548347711563 0.50643390417099 0.679762959480286 0.670951962471008 0.6363725066185 0.574500381946564 0.585679590702057 0.589236736297607 0.585100173950195 0.630931496620178 0.261086314916611 0.229053422808647 0.840556144714355 0.0676665008068085 0.0215997025370598 0.194979667663574 0.58036607503891 0.305019497871399 0.0638861507177353 0.0140961864963174 0.0196704883128405 0.0720965564250946 0.222352907061577 0.242228955030441 0.159914314746857 0.166520655155182 0.218291163444519 -3.4e+38 -3.4e+38 -3.4e+38 -3.4e+38 -3.4e+38 0.00957514625042677 0.00957643240690231
