data/climate_estimation/maxent_output/Smilax_aculeatissima.asc
NCOLS 43 
NROWS 71 
XLLCORNER 145 
YLLCORNER -21.25 
CELLSIZE 0.0833333333333336 
NODATA_value -3.4e+38 
[rows 42 to 62 of 71, columns 0 to 42 of 43]
0.000349006761098281 0.00116436427924782 0.00145338533911854 0.00221121497452259 0.00394938327372074 0.00682045891880989 0.00673312693834305 0.0122974151745439 0.012413814663887 0.0378507412970066 0.104984015226364 0.311204940080643 0.381385833024979 0.595295131206512 0.737195014953613 0.757897198200226 -3.4e+38 -3.4e+38 0.881577670574188 -3.4e+38 -3.4e+38 -3.4e+38 -3.4e+38 -3.4e+38 -3.4e+38 -3.4e+38 -3.4e+38 -3.4e+38 -3.4e+38 -3.4e+38 -3.4e+38 -3.4e+38 -3.4e+38 -3.4e+38 -3.4e+38 -3.4e+38 -3.4e+38 -3.4e+38 -3.4e+38 -3.4e+38 -3.4e+38 -3.4e+38 -3.4e+38
0.000629326561465859 0.00066353747388348 0.00113418349064887 0.00223327660933137 0.00185488793067634 0.00303225871175528 0.00702835572883487 0.00353373726829886 0.00430321274325252 0.0116156777366996 0.0369310937821865 0.0931249111890793 0.167506173253059 0.345040321350098 0.510120630264282 0.706881761550903 0.630007266998291 -3.4e+38 -3.4e+38 -3.4e+38 -3.4e+38 -3.4e+38 -3.4e+38 -3.4e+38 -3.4e+38 -3.4e+38 -3.4e+38 -3.4e+38 -3.4e+38 -3.4e+38 -3.4e+38 -3.4e+38 -3.4e+38 -3.4e+38 -3.4e+38 -3.4e+38 -3.4e+38 -3.4e+38 -3.4e+38 -3.4e+38 -3.4e+38 -3.4e+38 -3.4e+38
0.000596559082623571 0.000606150773819536 0.00116111873649061 0.00115121435374022 0.00181873014662415 0.00296173035167158 0.00537450658157468 0.00341437570750713 0.00222448585554957 0.00337579473853111 0.00556426867842674 0.0217726957052946 0.0891647785902023 0.209263488650322 0.30875363945961 0.284683048725128 0.273779988288879 0.183950588107109 -3.4e+38 0.396238297224045 -3.4e+38 -3.4e+38 -3.4e+38 -3.4e+38 -3.4e+38 -3.4e+38 -3.4e+38 -3.4e+38 -3.4e+38 -3.4e+38 -3.4e+38 -3.4e+38 -3.4e+38 -3.4e+38 -3.4e+38 -3.4e+38 -3.4e+38 -3.4e+38 -3.4e+38 -3.4e+38 -3.4e+38 -3.4e+38 -3.4e+38
0.000558362633455545 0.000826163974124938 0.0010730802314356 0.00158046011347324 0.00187510089017451 0.00321681355126202 0.00269258744083345 0.00190670706797391 0.00112857797648758 0.00106894015334547 0.00118463474791497 0.00982339307665825 0.0523062087595463 0.0618771202862263 0.0510749295353889 0.122092857956886 0.144529163837433 0.113427512347698 0.07392518222332 0.0905230045318604 -3.4e+38 0.110203191637993 0.126012235879898 -3.4e+38 -3.4e+38 -3.4e+38 -3.4e+38 -3.4e+38 -3.4e+38 -3.4e+38 -3.4e+38 -3.4e+38 -3.4e+38 -3.4e+38 -3.4e+38 -3.4e+38 -3.4e+38 -3.4e+38 -3.4e+38 -3.4e+38 -3.4e+38 -3.4e+38 -3.4e+38
0.000848087132908404 0.000898373313248158 0.000911639828700572 0.00172622478567064 0.00150842010043561 0.00138458795845509 0.00312435650266707 0.0028540228959173 0.000939185614697635 0.000990297528915107 0.00161401182413101 0.00328013161197305 0.00982003193348646 0.0121204098686576 0.0227910224348307 0.0262914020568132 0.0764662623405457 0.0512275360524654 0.0444988496601582 0.0514735728502274 0.0408548824489117 0.0518285781145096 0.0914609283208847 -3.4e+38 0.0500368028879166 -3.4e+38 -3.4e+38 -3.4e+38 -3.4e+38 -3.4e+38 -3.4e+38 -3.4e+38 -3.4e+38 -3.4e+38 -3.4e+38 -3.4e+38 -3.4e+38 -3.4e+38 -3.4e+38 -3.4e+38 -3.4e+38 -3.4e+38 -3.4e+38
0.00085681612836197 0.00160727486945689 0.000834221427794546 0.000873615092132241 0.00173634523525834 0.00147667503915727 0.00151883298531175 0.00150675815530121 0.00241369195282459 0.00161968776956201 0.00178165745455772 0.00177232490386814 0.00321327010169625 0.00392404943704605 0.00858585350215435 0.00883746147155762 0.0141639905050397 0.0213795881718397 0.0201108045876026 0.0282113030552864 0.0206712353974581 0.0272369589656591 0.027402400970459 0.025629598647356 0.0264395754784346 -3.4e+38 -3.4e+38 -3.4e+38 0.0321785323321819 0.0381845757365227 -3.4e+38 -3.4e+38 -3.4e+38 -3.4e+38 -3.4e+38 -3.4e+38 -3.4e+38 -3.4e+38 -3.4e+38 -3.4e+38 -3.4e+38 -3.4e+38 -3.4e+38
0.00136956723872572 0.000804534764029086 0.000818661763332784 0.000807354343123734 0.000861227628774941 0.00131811632309109 0.0011337191099301 0.00147500529419631 0.00127751764375716 0.00146719836629927 0.00142180593684316 0.00155065476428717 0.00167922070249915 0.00194792007096112 0.00217551598325372 0.00381036871112883 0.00732265925034881 0.0097474530339241 0.00898359529674053 0.0116728330031037 0.0104086184874177 0.0166560877114534 0.0120619805529714 0.0135408863425255 0.0139155462384224 0.012278531678021 0.0114550404250622 0.0180051606148481 0.0178241766989231 0.0318528339266777 -3.4e+38 -3.4e+38 -3.4e+38 -3.4e+38 -3.4e+38 -3.4e+38 -3.4e+38 -3.4e+38 -3.4e+38 -3.4e+38 -3.4e+38 -3.4e+38 -3.4e+38
0.00117623351980001 0.000659710261970758 0.000678010401315987 0.000723032280802727 0.000737756083253771 0.000621004030108452 0.000716658541932702 0.000657146912999451 0.000697506999131292 0.000753825879655778 0.000697451177984476 0.000854990677908063 0.000881763000506908 0.000967926171142608 0.00163572595920414 0.00205851742066443 0.00226286868564785 0.00445869052782655 0.0084568141028285 0.00567588163539767 0.00781630259007215 0.00861718412488699 0.00837244745343924 0.0301904920488596 0.0152451666072011 0.0103255193680525 0.0104172443971038 0.0178131237626076 0.0150001011788845 0.0152938878163695 0.0139396581798792 -3.4e+38 -3.4e+38 -3.4e+38 -3.4e+38 -3.4e+38 -3.4e+38 -3.4e+38 -3.4e+38 -3.4e+38 -3.4e+38 -3.4e+38 -3.4e+38
0.00114957138430327 0.000685247825458646 0.000595235091168433 0.000564017915166914 0.000620874692685902 0.000642064667772502 0.000602653890382499 0.000553538789972663 0.000559737905859947 0.000603993772529066 0.000655823794659227 0.000699119293130934 0.000780840869992971 0.000734097964596003 0.000916643068194389 0.000561887223739177 0.00108718674164265 0.0021721760276705 0.00403181882575154 0.00324897724203765 0.00347093353047967 0.00370580027811229 0.00659462250769138 0.0184612236917019 0.00628016795963049 0.00864466279745102 0.00849067606031895 0.00799401476979256 0.0151354763656855 0.0128246238455176 0.0130009166896343 -3.4e+38 -3.4e+38 -3.4e+38 -3.4e+38 -3.4e+38 -3.4e+38 -3.4e+38 -3.4e+38 -3.4e+38 -3.4e+38 -3.4e+38 -3.4e+38
0.00147396570537239 0.000945379608310759 0.00056878908071667 0.00049618212506175 0.000517942244186997 0.000481808267068118 0.000479744892800227 0.000532642763573676 0.000290272175334394 0.000309826078591868 0.00030182849150151 0.000363717845175415 0.000355058728018776 0.000379362754756585 0.000401001132559031 0.00049322098493576 0.000507534248754382 0.00109618413262069 0.00182202644646168 0.00218715379014611 0.00297080003656447 0.00264526437968016 0.00299501186236739 0.00330783915705979 0.0034623839892447 0.00577338552102447 0.00601870007812977 0.00632589589804411 0.00660748826339841 0.00717376684769988 0.00664748577401042 0.0066577116958797 -3.4e+38 -3.4e+38 -3.4e+38 -3.4e+38 -3.4e+38 -3.4e+38 -3.4e+38 -3.4e+38 -3.4e+38 -3.4e+38 -3.4e+38
0.00155223160982132 0.00091373996110633 0.000435308495070785 0.000464590382762253 0.000421386066591367 0.000437130220234394 0.000450251332949847 0.000479595764772967 0.00026741813053377 0.000250285898800939 0.000279930303804576 0.000263779453234747 0.000282498251181096 0.000303355394862592 0.00036587956128642 0.000354410120053217 0.000386297731893137 0.00051731028361246 0.000856751925311983 0.00130742171313614 0.00136099639348686 0.0015096872812137 0.00246509886346757 0.00227976473979652 0.00268092122860253 0.0024695557076484 0.00456586433574557 0.00478031300008297 0.00494131445884705 0.00553958676755428 0.00505594350397587 0.00538646010681987 -3.4e+38 0.0220291186124086 0.0131447995081544 -3.4e+38 -3.4e+38 -3.4e+38 -3.4e+38 -3.4e+38 -3.4e+38 -3.4e+38 -3.4e+38
0.00118626048788428 0.00116001511923969 0.00069067720323801 0.00043552034185268 0.000399490905692801 0.000367459637345746 0.000417170987930149 0.000391195470001549 0.000349764712154865 0.000365095766028389 0.000198017820366658 0.00023740591132082 0.000243888542172499 0.000270181393716484 0.000281246117083356 0.000253362697549164 0.000308980757836252 0.000339007587172091 0.000786644464824349 0.000832715188153088 0.0010988493449986 0.000835017650388181 0.00107921368908137 0.00102223036810756 0.00206853495910764 0.00206111161969602 0.00319733028300107 0.00355909974314272 0.00412180088460445 0.00436277594417334 0.00397284654900432 0.00416419142857194 0.00409385887905955 0.0116116581484675 0.00773532735183835 -3.4e+38 -3.4e+38 -3.4e+38 -3.4e+38 -3.4e+38 -3.4e+38 -3.4e+38 -3.4e+38
0.001152148121037 0.00101320806425065 0.000644946412649006 0.000578652368858457 0.000539126980584115 0.000354999618139118 0.000348056462826207 0.000332714524120092 0.000330109935021028 0.00033077658736147 0.000298936531180516 0.00027203734498471 0.000295332632958889 0.000302740663755685 0.000183520489372313 0.000199001660803333 0.000427564751589671 0.000496634689625353 0.00049876281991601 0.000667505955789238 0.000490245583932847 0.000590493553318083 0.000647194101475179 0.000768708996474743 0.000957329524680972 0.0024848198518157 0.00167549017351121 0.00264344061724842 0.00268912059254944 0.00283841276541352 0.00298742949962616 0.00309942313469946 0.00326962675899267 0.0057321060448885 0.00637914380058646 0.00613717222586274 0.0118437726050615 -3.4e+38 -3.4e+38 -3.4e+38 -3.4e+38 -3.4e+38 -3.4e+38
0.00102076935581863 0.000869284267537296 0.000851423828862607 0.000556530838366598 0.000486093835206702 0.000525636656675488 0.000516643573064357 0.000285079207969829 0.000271621771389619 0.000255700957495719 0.00026936232461594 0.000242252775933594 0.000280764710623771 0.000251643388764933 0.000269641284830868 0.000273403682513162 0.000306256610201672 0.0003850432112813 0.000399101787479594 0.000480358954519033 0.00052036892157048 0.000625561457127333 0.000616978388279676 0.000733654014766216 0.000657285680063069 0.00179321819450706 0.00122137856669724 0.00197572261095047 0.00209952867589891 0.00206188857555389 0.00234152562916279 0.00243739667348564 0.0026147102471441 0.00449910620227456 0.00498565007001162 0.00919608678668737 0.010738673619926 0.0200099367648363 0.022053150460124 0.0411626920104027 -3.4e+38 0.260921627283096 -3.4e+38
0.000803662580437958 0.000804996932856739 0.00079439376713708 0.000425488135078922 0.000408300315029919 0.000420084630604833 0.000453662883955985 0.000423168676206842 0.000395586976082996 0.000410684559028596 0.000388364307582378 0.000391990499338135 0.000330864364514127 0.000339809717843309 0.00031974512967281 0.0002075242518913 0.000218811619561166 0.00028574193129316 0.000314173958031461 0.000371846253983676 0.000462314899777994 0.000419855787185952 0.000447888451162726 0.000336039927788079 0.000424062920501456 0.00084357731975615 0.000857189821545035 0.00143898627720773 0.0014796006726101 0.00148882763460279 0.00150174356531352 0.00164762116037309 0.00189018622040749 0.00398761639371514 0.00436834851279855 0.00749494275078177 0.00938447006046772 0.0185501798987389 0.0204176101833582 0.0447530634701252 -3.4e+38 0.240440458059311 0.247286766767502
0.000715528090950102 0.000650803034659475 0.000661510799545795 0.000689549779053777 0.000383947277441621 0.000379578938009217 0.000388106156606227 0.00036032879143022 0.000338686892064288 0.000361465354217216 0.000316581659717485 0.000335114280460402 0.000307496084133163 0.000290031544864178 0.000269685639068484 0.000288137118332088 0.000174387838342227 0.000229115146794356 0.000284507870674133 0.000279196217888966 0.000318292208248749 0.00031766013125889 0.00023735812283121 0.00042548609781079 0.000850183772854507 0.000569879135582596 0.000615197408478707 0.000632000504992902 0.000626576773356646 0.000673366012051702 0.00120884040370584 0.00116032850928605 0.00207984982989728 0.00426354818046093 0.00298634101636708 0.00554185500368476 0.00679377885535359 0.0131748635321856 0.0256104413419962 0.0718555375933647 0.0687746629118919 0.238441094756126 0.244888678193092
0.000632447830867022 0.000566978007555008 0.000595869089011103 0.000547572271898389 0.00057749729603529 0.000870233925525099 0.00054847594583407 0.000565601512789726 0.000557959661819041 0.000519085908308625 0.000490118633024395 0.000491603394038975 0.000498992740176618 0.000475718697998673 0.000254335493082181 0.000279448955552652 0.000296955171506852 0.000325147877447307 0.000229067023610696 0.000262679066509008 0.000277203711448237 0.000288529932731763 0.000297944410704076 0.000581328640691936 0.000604834815021604 0.000374212337192148 0.000491721031721681 0.000491449434775859 0.000483350217109546 0.00051965145394206 0.00051965145394206 0.00113704695831984 0.00107214238960296 0.00176271086093038 0.00330383656546474 0.00398566806688905 0.00872061215341091 0.0102787530049682 0.0299372617155313 0.0584478341042995 0.118216760456562 0.21587085723877 0.339326053857803
0.000488597608637065 0.000478054658742622 0.000492330698762089 0.000872987671755254 0.000906549859791994 0.000533473095856607 0.000493510975502431 0.00048913893988356 0.000542501569725573 0.000465159100713208 0.000459475064417347 0.000412131688790396 0.00041316103306599 0.000392682297388092 0.000374280323740095 0.000271349825197831 0.000250268029049039 0.000279796455288306 0.000289939023787156 0.000198151945369318 0.000236579886404797 0.000270025106146932 0.000256401195656508 0.000275150465313345 0.000285146612441167 0.000575361889787018 0.000370612047845498 0.000389497872674838 0.000407497427659109 0.000397528550820425 0.000396035582525656 0.000732989225070924 0.000792335951700807 0.00134591793175787 0.00262621976435184 0.00284630176611245 0.00640094000846148 0.0135110365226865 0.039862859994173 0.0740329399704933 0.156972631812096 0.185398802161217 0.527994692325592
0.000483508541947231 0.000240328605286777 0.000437684240750968 0.000421370496042073 0.000483572017401457 0.000446250021923333 0.000447254627943039 0.000468881335109472 0.000450110965175554 0.000428865983849391 0.000484019488794729 0.000367056607501581 0.000356414093403146 0.000347682129358873 0.000231309808441438 0.000231017722398974 0.00021823332644999 0.000258787127677351 0.000282452121609822 0.000287352013401687 0.000320926104905084 0.000239758301177062 0.000252240162808448 0.000266808201558888 0.000262843153905123 0.000459688744740561 0.000449337851023301 0.000305888010188937 0.000338389771059155 0.000349957699654624 0.000351643800968304 0.000543652859050781 0.000561868131626397 0.00108392885886133 0.00186368299182504 0.00402881111949682 0.00827085971832275 0.0112437391653657 0.0522497482597828 0.0693702548742294 0.143659889698029 0.171518459916115 0.198011860251427
0.000254598824540153 0.000361608690582216 0.000220736867049709 0.000241600457229652 0.000357390963472426 0.000366077525541186 0.000381705031031743 0.000417634611949325 0.000409778411267325 0.00037711055483669 0.000390535045880824 0.000363461120286956 0.000224152885493822 0.000209747260669246 0.000204809824936092 0.000205350952455774 0.000235728235566057 0.000240743465838023 0.00024499261053279 0.00028364421450533 0.000305359077174217 0.000199999092728831 0.000217870576307178 0.000232963269809261 0.000222985210712068 0.000243681613937952 0.000416062888689339 0.000255675637163222 0.000296738086035475 0.000308323535136878 0.000275343772955239 0.000284497422398999 0.000497097324114293 0.000825293362140656 0.00150974397547543 0.00504666613414884 0.00628374237567186 0.0149661526083946 0.0328227281570435 0.0918252095580101 0.203580141067505 0.170662820339203 0.195187032222748
0.000184659191290848 0.00018259025819134 0.000201233531697653 0.000180854709469713 0.000357877317583188 0.000342404207913205 0.000349263340467587 0.00035920535447076 0.000357794400770217 0.000366850203135982 0.000328012043610215 0.000178670190507546 0.000188070713193156 0.000191112092579715 0.000219508525333367 0.000221985086682253 0.000205653821467422 0.000217302411329001 0.000222050788579509 0.000261123845120892 0.000277196581009775 0.000296857731882483 0.000293025077553466 0.000210009515285492 0.000194850959815085 0.000223050315980799 0.000220170462853275 0.000252228463068604 0.00021667561668437 0.000216655374970287 0.00020945820142515 0.000239542292547412 0.000377377466065809 0.000604525732342154 0.00106397632043809 0.00421382579952478 0.00839371979236603 0.0185294114053249 0.0424364544451237 0.0893429666757584 0.190713375806808 0.241161018610001 0.179873436689377
