data/climate_estimation/maxent_output/Smilax_pottingeri.asc
NCOLS 62 
NROWS 143 
XLLCORNER 103.583333333333 
YLLCORNER 11.8333333333333 
CELLSIZE 0.0833333333333334 
NODATA_value -3.4e+38 
[rows 0 to 20 of 143, columns 0 to 46 of 62]
0.590433895587921 0.562758505344391 0.52319061756134 0.529615938663483 0.522436261177063 0.535413503646851 0.544959008693695 0.548323452472687 0.552729606628418 0.548650443553925 0.545756340026855 0.558358788490295 0.538616299629211 0.531143724918365 0.547199249267578 0.599571824073792 0.597287774085999 0.579453885555267 0.594439148902893 0.585103154182434 0.55815726518631 0.542611479759216 0.527688145637512 0.51947432756424 0.54332035779953 0.523532807826996 0.501552283763885 0.486588209867477 0.491801202297211 0.443358451128006 0.39073246717453 0.455380737781525 0.513388872146606 0.474074274301529 0.386687576770782 0.352162450551987 0.3614322245121 0.338119685649872 0.331572681665421 0.316781938076019 0.306155979633331 0.310982406139374 0.32774692773819 0.359317868947983 0.361498862504959 0.376323312520981 0.363262504339218
0.66490250825882 0.577435851097107 0.555648565292358 0.541919648647308 0.539125561714172 0.529801368713379 0.554015755653381 0.570609748363495 0.576855003833771 0.556995809078217 0.574388444423676 0.592278778553009 0.584345400333405 0.526752650737762 0.526350975036621 0.541219115257263 0.560580730438232 0.550439119338989 0.595229089260101 0.597792983055115 0.59985738992691 0.58927983045578 0.571805715560913 0.530247211456299 0.494800120592117 0.499768882989883 0.468189239501953 0.471347033977509 0.492616921663284 0.433915972709656 0.438699215650558 0.527361214160919 0.473632097244263 0.421109884977341 0.393492937088013 0.405331075191498 0.398287266492844 0.40547302365303 0.394820064306259 0.369417458772659 0.324076861143112 0.312022119760513 0.313576579093933 0.323787599802017 0.339400261640549 0.365726143121719 0.365009844303131
0.683041751384735 0.658590376377106 0.613237202167511 0.564176142215729 0.542120099067688 0.528898954391479 0.55398553609848 0.596858561038971 0.592637181282043 0.566835939884186 0.576854526996613 0.566573679447174 0.559751868247986 0.576646387577057 0.538178026676178 0.518868684768677 0.524439513683319 0.509478688240051 0.53126585483551 0.57082188129425 0.608360946178436 0.617556512355804 0.612433671951294 0.575313448905945 0.532988667488098 0.527189671993256 0.528912842273712 0.512938380241394 0.469326168298721 0.480000525712967 0.479645103216171 0.551621496677399 0.492318838834763 0.477974265813828 0.497744619846344 0.47582682967186 0.446229666471481 0.471107393503189 0.429095447063446 0.392615109682083 0.360850483179092 0.329742223024368 0.328085720539093 0.331805825233459 0.323031574487686 0.35359999537468 0.358103483915329
0.687085688114166 0.716702878475189 0.687730669975281 0.659451305866241 0.613280832767487 0.567782878875732 0.54205185174942 0.575776636600494 0.599117517471313 0.58841997385025 0.554941296577454 0.558713734149933 0.567281305789948 0.586118102073669 0.588315725326538 0.566786170005798 0.577519178390503 0.583707690238953 0.571384251117706 0.544071912765503 0.556306838989258 0.625658452510834 0.619206786155701 0.575595855712891 0.583595752716064 0.566954672336578 0.553725600242615 0.558282792568207 0.486544162034988 0.513070046901703 0.521736204624176 0.512598931789398 0.518338322639465 0.516249656677246 0.514210104942322 0.487794429063797 0.467467546463013 0.45176374912262 0.412378013134003 0.38922044634819 0.369762420654297 0.355524331331253 0.353831082582474 0.359814345836639 0.332653403282166 0.333438247442245 0.361168742179871
0.68471759557724 0.700826346874237 0.718572735786438 0.801006257534027 0.785080850124359 0.649619042873383 0.589367806911469 0.548981487751007 0.576526999473572 0.603367865085602 0.615593433380127 0.595466196537018 0.596998155117035 0.609088897705078 0.601628363132477 0.560300290584564 0.59160852432251 0.626413941383362 0.659785449504852 0.619522392749786 0.576273739337921 0.600455939769745 0.635199785232544 0.55276894569397 0.563574016094208 0.562636613845825 0.559555470943451 0.581899702548981 0.565765142440796 0.538416504859924 0.529637455940247 0.520041525363922 0.50336366891861 0.515115797519684 0.504985809326172 0.46271738409996 0.443213731050491 0.428945392370224 0.433685839176178 0.393490344285965 0.361139297485352 0.3738152384758 0.371704965829849 0.366493761539459 0.355568468570709 0.355709880590439 0.334100276231766
0.646526873111725 0.64530885219574 0.660595417022705 0.738358438014984 0.725781381130219 0.702054500579834 0.675534665584564 0.613396167755127 0.564562261104584 0.593770742416382 0.617283523082733 0.587726056575775 0.582610189914703 0.569765150547028 0.553078591823578 0.527784287929535 0.532895624637604 0.594836413860321 0.677523791790009 0.668722987174988 0.618367731571198 0.56164139509201 0.640037178993225 0.576795518398285 0.514474093914032 0.561468899250031 0.581824123859406 0.546979367733002 0.576099812984467 0.543420314788818 0.53018981218338 0.523344755172729 0.523521304130554 0.494654089212418 0.492268234491348 0.495244204998016 0.455253005027771 0.448588103055954 0.396176725625992 0.390854030847549 0.386372834444046 0.393498301506042 0.389512002468109 0.382000952959061 0.377163738012314 0.373327940702438 0.362779408693314
0.652242004871368 0.627473592758179 0.664517104625702 0.650882065296173 0.677749156951904 0.72697377204895 0.701071619987488 0.664691627025604 0.627811551094055 0.647606194019318 0.589575588703156 0.644419252872467 0.62557065486908 0.625127971172333 0.650902271270752 0.559223592281342 0.54050612449646 0.541484475135803 0.618297696113586 0.658416450023651 0.637810170650482 0.628383755683899 0.580738186836243 0.578596174716949 0.517635941505432 0.531520366668701 0.583635747432709 0.51563835144043 0.564624726772308 0.558076322078705 0.548309683799744 0.539883077144623 0.520703256130219 0.505029857158661 0.49602022767067 0.490281879901886 0.448488771915436 0.439448475837708 0.428580224514008 0.415680706501007 0.407855659723282 0.408704966306686 0.401840329170227 0.390567511320114 0.383843868970871 0.38331800699234 0.375703394412994
0.651108026504517 0.562457740306854 0.686449825763702 0.687643468379974 0.607122242450714 0.680743396282196 0.720748543739319 0.702087640762329 0.674069583415985 0.677789390087128 0.601161539554596 0.630900263786316 0.697720050811768 0.642715632915497 0.768583178520203 0.630598664283752 0.615116894245148 0.587926626205444 0.566352546215057 0.58626914024353 0.585241913795471 0.594569802284241 0.607495129108429 0.574737012386322 0.504495143890381 0.532960593700409 0.530219435691833 0.478949308395386 0.560131847858429 0.566046059131622 0.565132677555084 0.551866888999939 0.525415182113647 0.503897249698639 0.494603723287582 0.495441377162933 0.501383006572723 0.456372976303101 0.427042186260223 0.420918256044388 0.430747359991074 0.406151801347733 0.394680589437485 0.393537491559982 0.388681948184967 0.38142517209053 0.373652011156082
0.660500705242157 0.575165092945099 0.619447290897369 0.674596130847931 0.589902520179749 0.739966869354248 0.761568546295166 0.726244866847992 0.716701507568359 0.690459966659546 0.683093965053558 0.626363396644592 0.641543626785278 0.639989733695984 0.694374322891235 0.641408681869507 0.603752076625824 0.605771422386169 0.684437036514282 0.572028934955597 0.529442489147186 0.508920311927795 0.49878653883934 0.515956997871399 0.514059722423553 0.57036554813385 0.496632695198059 0.513862311840057 0.526489675045013 0.55058217048645 0.56648451089859 0.56203019618988 0.541976451873779 0.515593886375427 0.500367224216461 0.491911739110947 0.494598954916 0.437179744243622 0.428177118301392 0.428878992795944 0.441093564033508 0.416791141033173 0.39731228351593 0.389539957046509 0.394365221261978 0.397316515445709 0.370383828878403
0.63861095905304 0.654382288455963 0.543152511119843 0.574064016342163 0.619583964347839 0.763853847980499 0.751297116279602 0.737938165664673 0.747936606407166 0.725901544094086 0.747701704502106 0.767790079116821 0.737362742424011 0.707885205745697 0.609220623970032 0.606514871120453 0.583526313304901 0.622448265552521 0.68401038646698 0.609819769859314 0.574053704738617 0.565563321113586 0.526023745536804 0.493433743715286 0.486806333065033 0.499441772699356 0.611032068729401 0.573618769645691 0.506136536598206 0.494519174098969 0.558642864227295 0.571205615997314 0.54667717218399 0.525757551193237 0.498964101076126 0.471368461847305 0.461454123258591 0.411144226789474 0.428294807672501 0.454281955957413 0.425620555877686 0.404908776283264 0.387546807527542 0.395243704319 0.394157230854034 0.393563807010651 0.378238379955292
0.572136044502258 0.690836608409882 0.637471795082092 0.535329103469849 0.620395302772522 0.749400317668915 0.703388571739197 0.719018042087555 0.713835656642914 0.78039562702179 0.762399971485138 0.720291316509247 0.701942086219788 0.73680454492569 0.701177597045898 0.623455166816711 0.592033267021179 0.586150765419006 0.611458003520966 0.629091024398804 0.659861385822296 0.567870855331421 0.561891257762909 0.557713806629181 0.557270646095276 0.559578537940979 0.648544728755951 0.587879657745361 0.532787978649139 0.463918477296829 0.510245978832245 0.556854128837585 0.544904887676239 0.524780213832855 0.499981790781021 0.467652946710587 0.447395622730255 0.432043135166168 0.409323841333389 0.414782971143723 0.42002084851265 0.405525118112564 0.384667605161667 0.377168297767639 0.385072231292725 0.411178588867188 0.403630077838898
0.537415266036987 0.56688004732132 0.642409026622772 0.559032618999481 0.725042402744293 0.645935654640198 0.709138333797455 0.727997303009033 0.720212817192078 0.777841806411743 0.773783445358276 0.755801856517792 0.667773306369781 0.750412166118622 0.819232046604156 0.725933492183685 0.613496243953705 0.588046669960022 0.592792928218842 0.573258399963379 0.587735950946808 0.567904889583588 0.526878952980042 0.585650146007538 0.632517516613007 0.590876519680023 0.663868844509125 0.66484397649765 0.492139160633087 0.46183255314827 0.431312322616577 0.506563603878021 0.525788187980652 0.528453946113586 0.480956703424454 0.471271574497223 0.478187054395676 0.441014766693115 0.404582649469376 0.390101701021194 0.396018862724304 0.38798800110817 0.373933523893356 0.372521817684174 0.375169605016708 0.389248907566071 0.379345774650574
0.679227113723755 0.542550086975098 0.582228243350983 0.571531713008881 0.621951222419739 0.627452731132507 0.662353754043579 0.613362073898315 0.697091162204742 0.67481929063797 0.694235742092133 0.694370150566101 0.715974092483521 0.656900107860565 0.751937747001648 0.681144595146179 0.592148125171661 0.577076852321625 0.641935706138611 0.6126908659935 0.607407510280609 0.537248551845551 0.573711037635803 0.614823400974274 0.630001783370972 0.544102966785431 0.659182667732239 0.663013875484467 0.553545951843262 0.477590680122375 0.445157557725906 0.424542963504791 0.461464077234268 0.493089288473129 0.458032935857773 0.457454919815063 0.45038315653801 0.435404896736145 0.395945936441422 0.379643052816391 0.375661730766296 0.366212874650955 0.363848835229874 0.379851549863815 0.373792946338654 0.371760725975037 0.358114063739777
0.850650668144226 0.786841154098511 0.541818559169769 0.56132048368454 0.536481380462646 0.561029613018036 0.719994485378265 0.710484683513641 0.851005256175995 0.828642129898071 0.702194094657898 0.805373132228851 0.796977877616882 0.696390271186829 0.773470222949982 0.662703812122345 0.559517621994019 0.582767367362976 0.609206140041351 0.586644351482391 0.668491661548615 0.618100941181183 0.555175006389618 0.617230415344238 0.579062819480896 0.528329133987427 0.59733659029007 0.674905121326447 0.55198085308075 0.501020431518555 0.457810908555984 0.430877566337585 0.433270424604416 0.457306176424026 0.430501669645309 0.406723737716675 0.415779858827591 0.411062955856323 0.401059418916702 0.384548544883728 0.370711386203766 0.369702130556107 0.363620489835739 0.364531487226486 0.370314985513687 0.372903287410736 0.360673099756241
0.847680687904358 0.683158934116364 0.691479206085205 0.549977242946625 0.509830236434937 0.503468453884125 0.658576250076294 0.613783001899719 0.804781973361969 0.795612037181854 0.727649509906769 0.633894145488739 0.768270492553711 0.634065091609955 0.673762857913971 0.614591121673584 0.561435341835022 0.582768619060516 0.646734654903412 0.581899166107178 0.553772449493408 0.633552134037018 0.530336976051331 0.575945973396301 0.559247553348541 0.556746780872345 0.529403269290924 0.646328270435333 0.574503421783447 0.525991380214691 0.502016544342041 0.455203145742416 0.458131074905396 0.437904804944992 0.405971378087997 0.385183036327362 0.381675213575363 0.410757660865784 0.387948513031006 0.37845966219902 0.366459786891937 0.36433082818985 0.365594327449799 0.358188062906265 0.369244068861008 0.390599757432938 0.373381376266479
0.894243001937866 0.833220958709717 0.831308007240295 0.701774418354034 0.528684318065643 0.50447142124176 0.514746308326721 0.568262696266174 0.644623756408691 0.67592853307724 0.656832218170166 0.581173717975616 0.600926339626312 0.656855404376984 0.666306376457214 0.547034442424774 0.544023096561432 0.579988300800323 0.612679302692413 0.58481776714325 0.562954902648926 0.571448385715485 0.560594320297241 0.522931396961212 0.548011064529419 0.510208606719971 0.49565514922142 0.552616655826569 0.605953097343445 0.564123153686523 0.529857516288757 0.486987709999084 0.476255744695663 0.47264775633812 0.460103958845139 0.407485604286194 0.363386154174805 0.370071917772293 0.358716189861298 0.358959525823593 0.36701363325119 0.366979986429214 0.362204551696777 0.363962113857269 0.373257458209991 0.365925312042236 0.372552484273911
0.875163972377777 0.890287160873413 0.911022841930389 0.8675457239151 0.71736204624176 0.541049242019653 0.48717474937439 0.491048365831375 0.524059653282166 0.582720875740051 0.566321313381195 0.572974741458893 0.518064975738525 0.508881390094757 0.517141342163086 0.518134534358978 0.599050104618073 0.578920841217041 0.552658259868622 0.599356412887573 0.587207913398743 0.517395734786987 0.553105652332306 0.549215376377106 0.54547780752182 0.61798632144928 0.549946308135986 0.499549150466919 0.583997488021851 0.544866681098938 0.561407744884491 0.494162857532501 0.465666681528091 0.459154278039932 0.470690757036209 0.444176971912384 0.398953795433044 0.355147987604141 0.34192281961441 0.346445083618164 0.35557359457016 0.357015818357468 0.358721256256104 0.367916136980057 0.368544340133667 0.374123960733414 0.3826564848423
0.703334867954254 0.853213846683502 0.932842016220093 0.892052054405212 0.787548363208771 0.696695327758789 0.579177498817444 0.488091111183167 0.510446548461914 0.53678572177887 0.52093505859375 0.575067341327667 0.598386228084564 0.532143294811249 0.522558629512787 0.513590395450592 0.597736060619354 0.609434962272644 0.534346461296082 0.52611231803894 0.586184501647949 0.531308770179749 0.629402101039886 0.599319577217102 0.616402566432953 0.623808443546295 0.63532680273056 0.502320826053619 0.592799484729767 0.531621217727661 0.491086155176163 0.480422258377075 0.466185957193375 0.462866067886353 0.43804731965065 0.437029868364334 0.420610308647156 0.435846954584122 0.353610903024673 0.35047522187233 0.361126840114594 0.37034398317337 0.369319349527359 0.3714599609375 0.381968766450882 0.399189710617065 0.407448500394821
0.840557813644409 0.692860782146454 0.851147770881653 0.930760443210602 0.87942510843277 0.870003402233124 0.756962656974792 0.500714540481567 0.510532438755035 0.546500623226166 0.53262186050415 0.511647880077362 0.555531978607178 0.53173565864563 0.518198132514954 0.527510702610016 0.530333042144775 0.599340200424194 0.631434619426727 0.500066161155701 0.503594160079956 0.51086950302124 0.551951766014099 0.583912968635559 0.618744671344757 0.617771983146667 0.568185687065125 0.491205364465714 0.572856545448303 0.588732242584229 0.481895118951797 0.472015976905823 0.475610464811325 0.505753040313721 0.456533193588257 0.395962506532669 0.376223772764206 0.367361545562744 0.373743951320648 0.392631322145462 0.40388286113739 0.384873777627945 0.389557778835297 0.391259223222733 0.403133988380432 0.415771037340164 0.415575265884399
0.838541805744171 0.697591304779053 0.74143522977829 0.872102856636047 0.94121515750885 0.895789384841919 0.789094865322113 0.587198138237 0.536344110965729 0.50975376367569 0.55572384595871 0.603383362293243 0.531939804553986 0.509047567844391 0.518121540546417 0.529510855674744 0.523154377937317 0.518542230129242 0.538965702056885 0.505560874938965 0.497887372970581 0.537974774837494 0.566253185272217 0.562560975551605 0.570325076580048 0.564293563365936 0.525045275688171 0.506050825119019 0.599773406982422 0.530352890491486 0.506635248661041 0.518140375614166 0.460925370454788 0.457330673933029 0.437219768762589 0.402332812547684 0.382451742887497 0.379929810762405 0.393586456775665 0.38896319270134 0.379135519266129 0.368254423141479 0.376611709594727 0.388589799404144 0.411930471658707 0.407184898853302 0.412264198064804
0.747769892215729 0.697036623954773 0.70104044675827 0.703463315963745 0.809827744960785 0.737153351306915 0.65030825138092 0.685219466686249 0.585002183914185 0.56039160490036 0.529722809791565 0.556880295276642 0.603170871734619 0.514993488788605 0.557695269584656 0.524612963199615 0.535463929176331 0.497806817293167 0.498228996992111 0.516282320022583 0.510373592376709 0.542390406131744 0.575615406036377 0.560433030128479 0.567452967166901 0.563508689403534 0.527127265930176 0.549480438232422 0.606001257896423 0.522745966911316 0.547284543514252 0.500837326049805 0.477495580911636 0.48630279302597 0.466683954000473 0.396246731281281 0.391047954559326 0.442011415958405 0.419573485851288 0.413951545953751 0.382123440504074 0.386678367853165 0.414278477430344 0.425736457109451 0.416558504104614 0.432072103023529 0.447446912527084
