data/climate_estimation/maxent_output/Smilax_ferox.asc
NCOLS 416 
NROWS 118 
XLLCORNER 83.0833333333333 
YLLCORNER 22.25 
CELLSIZE 0.0833333333333333 
NODATA_value -3.4e+38 
[rows 60 to 79 of 118, columns 132 to 175 of 416]
0.0959722325205803 0.0970754995942116 0.0992557108402252 0.104279160499573 0.105008132755756 0.111268803477287 0.114660233259201 0.118833005428314 0.0997521281242371 0.0938844606280327 0.077540822327137 0.0709575638175011 0.0647339448332787 0.0676514729857445 0.0764677673578262 0.0777775645256042 0.0882667973637581 0.104755632579327 0.24707418680191 0.17878919839859 0.39292848110199 0.288339108228683 0.324246734380722 0.149935096502304 0.148050591349602 0.088654987514019 0.0935065150260925 0.114128455519676 0.120039880275726 0.181543499231339 0.309483975172043 0.416076153516769 0.489729046821594 0.535534381866455 0.576363623142242 0.597225189208984 0.431195795536041 0.5291428565979 0.485235244035721 0.466846227645874 0.15762522816658 0.0827516615390778 0.0788641199469566 0.0751104727387428
0.102108046412468 0.105863347649574 0.113387331366539 0.114476725459099 0.119982175529003 0.116365037858486 0.118144653737545 0.117347195744514 0.10439245402813 0.0932280942797661 0.0802891626954079 0.0736378356814384 0.0705954730510712 0.0936594605445862 0.098888173699379 0.0969047844409943 0.197022721171379 0.262735605239868 0.273885905742645 0.270303666591644 0.428318589925766 0.19386625289917 0.241010963916779 0.164499565958977 0.109568029642105 0.0652608498930931 0.0778170228004456 0.109265543520451 0.160789787769318 0.231452807784081 0.213912814855576 0.295703142881393 0.254043102264404 0.361685127019882 0.412118971347809 0.445284307003021 0.295858889818192 0.553714871406555 0.439211636781693 0.296869874000549 0.138068214058876 0.0895991623401642 0.0771768316626549 0.0773646235466003
0.11524710059166 0.118911817669868 0.119756795465946 0.126613974571228 0.130889415740967 0.131217136979103 0.124264821410179 0.119626320898533 0.104821614921093 0.095644511282444 0.0898152887821198 0.0755278542637825 0.0878777652978897 0.129789143800735 0.134096205234528 0.103728279471397 0.284229695796967 0.407067716121674 0.408558517694473 0.405997067689896 0.156378135085106 0.11824806034565 0.347222954034805 0.286750286817551 0.179258450865746 0.153832480311394 0.0737717822194099 0.0734204351902008 0.110942006111145 0.140169739723206 0.188776105642319 0.205529481172562 0.229078188538551 0.197796940803528 0.300978481769562 0.198855400085449 0.171894505620003 0.393722206354141 0.471253275871277 0.171876654028893 0.0972158014774323 0.0858963504433632 0.0797261893749237 0.0955755189061165
0.128763020038605 0.130221247673035 0.131838545203209 0.134346768260002 0.140898868441582 0.136595338582993 0.128903418779373 0.111412152647972 0.104912705719471 0.112167403101921 0.111296720802784 0.111789040267467 0.127863600850105 0.186716511845589 0.150396764278412 0.146660774946213 0.395338445901871 0.446075767278671 0.396428287029266 0.123114384710789 0.0967904776334763 0.21691906452179 0.271989047527313 0.150320887565613 0.103861793875694 0.100453458726406 0.0707074180245399 0.0472994744777679 0.0509280003607273 0.0472581870853901 0.0561299622058868 0.0635164976119995 0.0668860077857971 0.0734207779169083 0.100567750632763 0.126127913594246 0.134177252650261 0.294318348169327 0.420681595802307 0.154260963201523 0.106280602514744 0.106922380626202 0.10143519192934 0.10178154706955
0.14255878329277 0.140973284840584 0.149094507098198 0.148696020245552 0.153669893741608 0.149242982268333 0.142929345369339 0.14755192399025 0.133500203490257 0.170281648635864 0.131185576319695 0.120700128376484 0.120371364057064 0.156764194369316 0.223417684435844 0.332249611616135 0.390104919672012 0.296751648187637 0.240234464406967 0.0800468772649765 0.0982227474451065 0.236700445413589 0.243643581867218 0.0819825530052185 0.102612860500813 0.0379086881875992 0.0342034585773945 0.0327554792165756 0.0351617261767387 0.0364083461463451 0.0376716479659081 0.0377618372440338 0.0390661098062992 0.0434693396091461 0.0550433024764061 0.0844210386276245 0.203909859061241 0.490043997764587 0.52499908208847 0.143528059124947 0.10315914452076 0.0985173583030701 0.087250791490078 0.0935941562056541
0.147197604179382 0.150317132472992 0.155786469578743 0.153096735477448 0.166672110557556 0.181662485003471 0.152610927820206 0.143748134374619 0.161661490797997 0.124129317700863 0.0988829359412193 0.159781515598297 0.195931285619736 0.236762642860413 0.247648656368256 0.256861686706543 0.411588162183762 0.1640984416008 0.116556987166405 0.108063966035843 0.111874550580978 0.361131340265274 0.152073413133621 0.094890221953392 0.0959497615695 0.0328215025365353 0.0292779412120581 0.0299754161387682 0.0315210297703743 0.0314090438187122 0.0349122360348701 0.0357416532933712 0.0379893220961094 0.0421302020549774 0.0706469416618347 0.0613547600805759 0.104654856026173 0.368635565042496 0.43011611700058 0.119083791971207 0.102307848632336 0.116033256053925 0.0901116207242012 0.0938526466488838
0.155367687344551 0.155438855290413 0.164768889546394 0.158814564347267 0.182942286133766 0.175178870558739 0.146225526928902 0.163744896650314 0.273407280445099 0.175430744886398 0.365772068500519 0.278700560331345 0.41871190071106 0.315849214792252 0.271722137928009 0.251698315143585 0.277835994958878 0.135857373476028 0.137878522276878 0.108281902968884 0.205753102898598 0.313534468412399 0.0824583247303963 0.079995833337307 0.0654777660965919 0.0737276449799538 0.0525098331272602 0.0469440147280693 0.0278782695531845 0.0315648652613163 0.0310911517590284 0.0348692163825035 0.0373711436986923 0.0379170067608356 0.0504772402346134 0.0715703144669533 0.123374678194523 0.360992908477783 0.188637688755989 0.108125120401382 0.0975470617413521 0.131629392504692 0.10550619661808 0.0810909494757652
0.156291455030441 0.175094664096832 0.174130618572235 0.181477442383766 0.206066206097603 0.173981696367264 0.279855668544769 0.229585960507393 0.300349801778793 0.198516562581062 0.272473067045212 0.477670818567276 0.504409790039062 0.435999661684036 0.309109836816788 0.143118053674698 0.109079614281654 0.107453055679798 0.0914581045508385 0.112196542322636 0.29713037610054 0.197352334856987 0.0517251938581467 0.049402117729187 0.0490425415337086 0.0508887395262718 0.0638575702905655 0.0581677667796612 0.046818058937788 0.0280474461615086 0.0309323128312826 0.0322318263351917 0.0334314368665218 0.0372267588973045 0.0509329028427601 0.0738504528999329 0.0873756483197212 0.327055186033249 0.139310404658318 0.10251147300005 0.0859440714120865 0.102807573974133 0.0992187708616257 0.0994246453046799
0.157883480191231 0.182641312479973 0.175212323665619 0.191615089774132 0.309589892625809 0.356124341487885 0.292127251625061 0.27718448638916 0.408200740814209 0.290342688560486 0.287286639213562 0.465073674917221 0.506232678890228 0.254354417324066 0.258361965417862 0.330925107002258 0.241550043225288 0.17035648226738 0.0661659762263298 0.111910685896873 0.17021743953228 0.0434764176607132 0.0461624152958393 0.0366580858826637 0.0371219962835312 0.0400574542582035 0.0487342923879623 0.0788440182805061 0.0542882494628429 0.0484799109399319 0.0535964109003544 0.0315173491835594 0.0335321240127087 0.035773228853941 0.0394291318953037 0.0554519481956959 0.0775625556707382 0.339934468269348 0.177155375480652 0.0927051678299904 0.0887466818094254 0.0984778627753258 0.0932060033082962 0.0966101139783859
0.205132856965065 0.208674177527428 0.306736409664154 0.344253659248352 0.381439238786697 0.310741722583771 0.297480970621109 0.391005218029022 0.465664982795715 0.428744375705719 0.515942394733429 0.518279671669006 0.376367926597595 0.3993960916996 0.421887010335922 0.32464125752449 0.16020156443119 0.067811980843544 0.12137595564127 0.0876282304525375 0.0411431416869164 0.046359833329916 0.0400600135326385 0.0358302034437656 0.0347334481775761 0.0378096699714661 0.044974822551012 0.0673269554972649 0.0602979622781277 0.0471865199506283 0.0501196086406708 0.0527091808617115 0.0318556949496269 0.0345575101673603 0.0366793908178806 0.0464305728673935 0.0877648517489433 0.302641719579697 0.124433688819408 0.0819172263145447 0.0770105198025703 0.0873496681451797 0.0835484266281128 0.0951850041747093
0.19799368083477 0.301378011703491 0.290770649909973 0.309701412916183 0.299738258123398 0.376051753759384 0.497046411037445 0.525663495063782 0.489230453968048 0.537184000015259 0.488903909921646 0.349652469158173 0.505162537097931 0.462636411190033 0.389689654111862 0.228923335671425 0.108450472354889 0.087790384888649 0.0623967386782169 0.0338735096156597 0.0341798886656761 0.0772289335727692 0.0542494878172874 0.0357628986239433 0.0355342589318752 0.0395552739500999 0.0432647690176964 0.066470168530941 0.0544920898973942 0.0506058745086193 0.0503006242215633 0.0535148680210114 0.055306039750576 0.0394442826509476 0.0454591475427151 0.0446945503354073 0.107648782432079 0.333305597305298 0.0885376408696175 0.070813849568367 0.0691750422120094 0.0885014235973358 0.0995801985263824 0.117809616029263
0.303719520568848 0.356661975383759 0.412080138921738 0.283045381307602 0.317457735538483 0.499210298061371 0.491156965494156 0.528535842895508 0.39062437415123 0.446336776018143 0.299047708511353 0.400484353303909 0.521223366260529 0.500894904136658 0.334086507558823 0.218315184116364 0.115030556917191 0.0639426112174988 0.0353233776986599 0.0272427517920732 0.0278914533555508 0.0522217117249966 0.055703055113554 0.056042954325676 0.0384396836161613 0.0422331988811493 0.0558070540428162 0.0652215108275414 0.0576098635792732 0.0527480058372021 0.0554909631609917 0.0524644032120705 0.0569914430379868 0.0483885295689106 0.0811638236045837 0.0498622581362724 0.192603215575218 0.221456542611122 0.0733324289321899 0.0733230262994766 0.0592024847865105 0.0696434006094933 0.10434678196907 0.121280550956726
0.296395778656006 0.367845147848129 0.400318145751953 0.2971151471138 0.314955800771713 0.483637243509293 0.515152513980865 0.51837432384491 0.393789082765579 0.262101799249649 0.292126208543777 0.393845200538635 0.515878617763519 0.514459133148193 0.427836447954178 0.114562205970287 0.0621686466038227 0.115427926182747 0.032506987452507 0.0210817083716393 0.0241963136941195 0.0349737107753754 0.122053816914558 0.127572193741798 0.0716583058238029 0.0681145936250687 0.140941187739372 0.0734731629490852 0.0983678922057152 0.0619906075298786 0.0558696538209915 0.0580132342875004 0.0665937885642052 0.0554110705852509 0.128582805395126 0.0720430165529251 0.220362886786461 0.108080245554447 0.067136213183403 0.0662409290671349 0.0643542185425758 0.0651986598968506 0.177093312144279 0.123099632561207
0.363131493330002 0.399150103330612 0.352711141109467 0.295042037963867 0.426580339670181 0.482222765684128 0.486725717782974 0.477285116910934 0.411305963993073 0.232921987771988 0.260990172624588 0.541815400123596 0.533814907073975 0.359021633863449 0.226120039820671 0.243403211236 0.120874494314194 0.0560728311538696 0.0231920965015888 0.0216188710182905 0.0235925372689962 0.025162486359477 0.0521170273423195 0.183933675289154 0.0986713171005249 0.0774282887578011 0.151611983776093 0.111549273133278 0.148841366171837 0.0739655569195747 0.0508695915341377 0.0566510893404484 0.0758959949016571 0.0738815441727638 0.0750340297818184 0.146913230419159 0.280807822942734 0.0804825350642204 0.0548245199024677 0.0608648881316185 0.0835017189383507 0.0692755728960037 0.123234838247299 0.124439030885696
0.385241270065308 0.405359864234924 0.335703730583191 0.324364960193634 0.485983520746231 0.398527145385742 0.500172019004822 0.365002244710922 0.214578345417976 0.276287436485291 0.472627520561218 0.517395794391632 0.404805570840836 0.442893654108047 0.492782920598984 0.219124883413315 0.0600762218236923 0.0326389782130718 0.0242460463196039 0.0257305521517992 0.0271187871694565 0.0279924869537354 0.0439570397138596 0.076516292989254 0.158477291464806 0.0919188559055328 0.0802194625139236 0.121236406266689 0.155272156000137 0.0678944513201714 0.0500299111008644 0.0627644807100296 0.184280499815941 0.0847933068871498 0.0812983512878418 0.235559955239296 0.257794320583344 0.068578228354454 0.056923221796751 0.0738370567560196 0.0791492462158203 0.152429431676865 0.0934472307562828 0.111574970185757
0.38757586479187 0.36268150806427 0.325918793678284 0.448558032512665 0.420624285936356 0.491403341293335 0.500496864318848 0.271337062120438 0.21154023706913 0.364252120256424 0.502772808074951 0.549574971199036 0.535081624984741 0.4308842420578 0.258918732404709 0.085728608071804 0.0373532623052597 0.0305448472499847 0.0278494488447905 0.0268670227378607 0.0293121300637722 0.0304259471595287 0.0427010208368301 0.0809391215443611 0.219616532325745 0.0975590869784355 0.0951957106590271 0.060443077236414 0.0834907740354538 0.0649494826793671 0.0524144060909748 0.0595110803842545 0.123928524553776 0.109029546380043 0.159445390105247 0.416931211948395 0.228770613670349 0.0780525505542755 0.0505739599466324 0.0732548758387566 0.0616249740123749 0.0998608767986298 0.0927739441394806 0.139092460274696
0.403194755315781 0.348342448472977 0.407432019710541 0.497662484645844 0.393395990133286 0.354762256145477 0.354795336723328 0.223256230354309 0.409546196460724 0.236402943730354 0.492737293243408 0.519709885120392 0.479602456092834 0.181755214929581 0.0686717703938484 0.0432247593998909 0.0340838581323624 0.0322610661387444 0.0308944005519152 0.0305802840739489 0.0325281471014023 0.0366647988557816 0.0417578108608723 0.0561563670635223 0.13541516661644 0.0916664600372314 0.0877559185028076 0.0514837466180325 0.0589679293334484 0.0611652508378029 0.0498033314943314 0.0575858540832996 0.0793810710310936 0.122321859002113 0.244150400161743 0.439726978540421 0.40588715672493 0.0798023119568825 0.0640624389052391 0.0956638380885124 0.11072813719511 0.0621468462049961 0.0789213329553604 0.10825253278017
0.47316113114357 0.389702916145325 0.49043732881546 0.473733007907867 0.394634276628494 0.319410234689713 0.272937923669815 0.43086102604866 0.411919683218002 0.331403255462646 0.440722733736038 0.383157134056091 0.27423882484436 0.141146868467331 0.050479244440794 0.0412697680294514 0.0370760001242161 0.0359501242637634 0.0368582308292389 0.03410954028368 0.0345939472317696 0.0409211702644825 0.0418387465178967 0.0429114513099194 0.0864506661891937 0.0804483368992805 0.0682879239320755 0.0610643997788429 0.0585284978151321 0.0533698014914989 0.0534052886068821 0.0568380877375603 0.0801498219370842 0.122494660317898 0.210338518023491 0.402124226093292 0.177797421813011 0.083589605987072 0.0781971961259842 0.101074613630772 0.113844357430935 0.0581289231777191 0.077005110681057 0.0951699241995811
0.493653684854507 0.468232274055481 0.502757012844086 0.474281489849091 0.363543599843979 0.308312237262726 0.413166105747223 0.488024026155472 0.476446807384491 0.365552723407745 0.181083247065544 0.178195595741272 0.0925722196698189 0.0778181999921799 0.0468566380441189 0.0409236140549183 0.0407599434256554 0.0380205176770687 0.038093063980341 0.0398923829197884 0.0381668172776699 0.0413312241435051 0.044080127030611 0.0449192598462105 0.0533306151628494 0.0746006444096565 0.0671260580420494 0.0718706920742989 0.0605761967599392 0.0657385587692261 0.0581501014530659 0.0588009692728519 0.0644115954637527 0.0880060866475105 0.236057832837105 0.227406740188599 0.085213229060173 0.0790837556123734 0.0659263655543327 0.0710452720522881 0.0888458341360092 0.0837213695049286 0.109544865787029 0.157404527068138
0.497979134321213 0.506704747676849 0.488239914178848 0.423774003982544 0.379348993301392 0.366452395915985 0.478673875331879 0.475444763898849 0.488320201635361 0.421106070280075 0.258846014738083 0.181049048900604 0.076401986181736 0.0519553646445274 0.0468012131750584 0.0427045337855816 0.0424438491463661 0.0437259413301945 0.0431849919259548 0.0415589883923531 0.0436257272958755 0.0450791977345943 0.0485520400106907 0.0515777617692947 0.0697295814752579 0.0974220708012581 0.106991797685623 0.0807877033948898 0.0677516087889671 0.0773710235953331 0.068168967962265 0.0740361362695694 0.0671377182006836 0.0783238410949707 0.165997132658958 0.0843560844659805 0.0719434767961502 0.0799296125769615 0.0669188871979713 0.0665359422564507 0.0768315941095352 0.0784604027867317 0.0969688445329666 0.128563836216927
