data/climate_estimation/maxent_output/Smilax_trinervula.asc
NCOLS 414 
NROWS 131 
XLLCORNER 105.916666666667 
YLLCORNER 26.0833333333333 
CELLSIZE 0.0833333333333333 
NODATA_value -3.4e+38 
[rows 0 to 22 of 131, columns 357 to 407 of 414]
-3.4e+38 -3.4e+38 -3.4e+38 -3.4e+38 -3.4e+38 -3.4e+38 -3.4e+38 -3.4e+38 -3.4e+38 -3.4e+38 -3.4e+38 -3.4e+38 -3.4e+38 0.0385996922850609 0.0392060019075871 0.0461037866771221 0.0392613746225834 -3.4e+38 -3.4e+38 -3.4e+38 -3.4e+38 0.0334786437451839 0.0357628017663956 0.0352309159934521 0.0363127514719963 0.0350262187421322 0.0296628642827272 0.336154222488403 0.538081288337708 0.426478683948517 0.0259882099926472 0.0262039247900248 0.0541821867227554 0.0342453233897686 0.0331271067261696 0.034211527556181 0.0837403535842896 0.0483166240155697 0.0743201971054077 0.888896524906158 0.909782946109772 0.893346905708313 0.835887730121613 0.810587525367737 0.831588625907898 0.744468092918396 0.867987275123596 0.925397753715515 0.927372336387634 0.907849848270416 0.967925786972046
-3.4e+38 -3.4e+38 -3.4e+38 -3.4e+38 -3.4e+38 -3.4e+38 -3.4e+38 -3.4e+38 -3.4e+38 -3.4e+38 -3.4e+38 -3.4e+38 -3.4e+38 0.0330806784331799 0.0397896021604538 0.0386518537998199 0.0357594080269337 -3.4e+38 -3.4e+38 -3.4e+38 0.0348174050450325 0.0296024531126022 0.0297591648995876 0.271549135446548 0.611550092697144 0.431492656469345 0.285389393568039 0.649596273899078 0.689739108085632 0.707429349422455 0.2830511033535 0.360086023807526 0.0176099501550198 0.734696865081787 0.803375065326691 0.813270688056946 0.828483700752258 0.83012992143631 0.859347343444824 0.887107014656067 0.929252922534943 0.91210949420929 0.839663863182068 0.812351703643799 0.67393958568573 0.761305689811707 0.801376640796661 0.817108154296875 0.84753280878067 0.786263048648834 0.943583786487579
-3.4e+38 -3.4e+38 -3.4e+38 -3.4e+38 -3.4e+38 -3.4e+38 -3.4e+38 -3.4e+38 -3.4e+38 -3.4e+38 -3.4e+38 -3.4e+38 0.0362038500607014 0.0443742796778679 0.0387241952121258 0.0351315513253212 0.0362036898732185 0.0300554130226374 0.0283646862953901 0.0277696251869202 0.0284042581915855 0.0275758113712072 0.289740711450577 0.352202236652374 0.612871289253235 0.632924973964691 0.650355875492096 0.690890431404114 0.719157040119171 0.77724689245224 0.405723839998245 0.304876565933228 0.20625077188015 0.807592749595642 0.820324957370758 0.862819850444794 0.805724740028381 0.904384195804596 0.905903518199921 0.793988943099976 0.930113136768341 0.864263892173767 0.959393620491028 0.813208997249603 0.591544568538666 0.625116646289825 0.613726437091827 0.690570592880249 0.870212495326996 0.90109258890152 0.936924636363983
-3.4e+38 -3.4e+38 -3.4e+38 -3.4e+38 -3.4e+38 -3.4e+38 -3.4e+38 -3.4e+38 -3.4e+38 -3.4e+38 -3.4e+38 0.0334103293716908 0.0316300429403782 0.0372100658714771 0.0348012521862984 0.0298945028334856 0.0291155986487865 0.0292341150343418 0.0263933483511209 0.0260387975722551 0.0281845815479755 0.241987660527229 0.638092041015625 0.644962251186371 0.680875837802887 0.689727246761322 0.681939303874969 0.758937478065491 0.764601528644562 0.801624119281769 0.453558474779129 0.148195311427116 0.400079399347305 0.875752806663513 0.770397663116455 0.849947392940521 0.861347913742065 0.924892127513885 0.739205956459045 0.647952854633331 0.797675311565399 0.894665658473969 0.965218126773834 0.815070152282715 0.662812054157257 0.684113919734955 0.647458434104919 0.631179690361023 0.844177842140198 0.88956218957901 0.884444892406464
-3.4e+38 -3.4e+38 -3.4e+38 -3.4e+38 -3.4e+38 -3.4e+38 -3.4e+38 -3.4e+38 -3.4e+38 -3.4e+38 -3.4e+38 0.03132389113307 0.0311573799699545 0.0364881567656994 0.0301001071929932 0.0287433173507452 0.0304381940513849 0.0266558546572924 0.0254654958844185 0.0286142881959677 0.036011066287756 0.342658281326294 0.666407883167267 0.64606761932373 0.684347331523895 0.755046725273132 0.739609062671661 0.77294385433197 0.799415707588196 0.642366409301758 0.147924646735191 0.640309154987335 0.883310735225677 0.81873631477356 0.798037946224213 0.925508439540863 0.91288286447525 0.698622107505798 0.729942739009857 0.759407520294189 0.702423989772797 0.89114648103714 0.967319428920746 0.79097056388855 0.759304165840149 0.706853151321411 0.622660458087921 0.701378345489502 0.799111843109131 0.732283055782318 0.742250025272369
-3.4e+38 -3.4e+38 -3.4e+38 -3.4e+38 -3.4e+38 -3.4e+38 -3.4e+38 -3.4e+38 -3.4e+38 -3.4e+38 0.0312503501772881 0.0323783755302429 0.0337472707033157 0.0553457736968994 0.0304869674146175 0.0444078482687473 0.0606198273599148 0.0377369821071625 0.0354257263243198 0.310232222080231 0.439045339822769 0.74330061674118 0.685005486011505 0.631515026092529 0.632176697254181 0.815179705619812 0.87051796913147 0.769064009189606 0.857073903083801 0.443571776151657 0.815852463245392 0.893808960914612 0.865761637687683 0.864823222160339 0.916713953018188 0.903594195842743 0.881233811378479 0.669256210327148 0.734824299812317 0.724523842334747 0.766346752643585 0.962081432342529 0.894473493099213 0.948738515377045 0.850839972496033 0.719573259353638 0.680604517459869 0.655450046062469 0.680256724357605 0.646509826183319 0.613976061344147
-3.4e+38 -3.4e+38 -3.4e+38 -3.4e+38 -3.4e+38 -3.4e+38 -3.4e+38 -3.4e+38 -3.4e+38 0.0329054929316044 0.0305324755609035 0.0449286997318268 0.0535986982285976 0.0695966184139252 0.418307512998581 0.429084092378616 0.449436128139496 0.523139655590057 0.446562200784683 0.666947066783905 0.73514312505722 0.771397888660431 0.54486483335495 0.53048038482666 0.736270189285278 0.855566561222076 0.870691776275635 0.799225032329559 0.899409890174866 0.861112058162689 0.869217336177826 0.898925364017487 0.874880909919739 0.85355144739151 0.881999611854553 0.873814582824707 0.919341444969177 0.764443516731262 0.91992449760437 0.91395115852356 0.916372776031494 0.946749925613403 0.93163788318634 0.861600697040558 0.81212842464447 0.657639741897583 0.576217174530029 0.548650085926056 0.551747381687164 0.549549341201782 0.488218486309052
-3.4e+38 -3.4e+38 -3.4e+38 -3.4e+38 -3.4e+38 -3.4e+38 -3.4e+38 0.0395850762724876 0.0346760936081409 0.0290972199290991 0.0360411182045937 0.051448293030262 0.480044931173325 0.514708399772644 0.499856293201447 0.541576504707336 0.722894847393036 0.726023316383362 0.721151530742645 0.779204070568085 0.820532441139221 0.784820854663849 0.612216114997864 0.519533812999725 0.633423566818237 0.843505620956421 0.791864812374115 0.836804389953613 0.906390190124512 0.876326262950897 0.590112328529358 0.647724151611328 0.874659538269043 0.856895864009857 0.82405036687851 0.857863187789917 0.879368305206299 0.831049084663391 0.922134757041931 0.803418695926666 0.487226784229279 0.38744255900383 0.409281671047211 0.476735681295395 0.489462524652481 0.462439298629761 0.45864525437355 0.458125114440918 0.50043523311615 0.481704384088516 0.425863564014435
-3.4e+38 -3.4e+38 -3.4e+38 -3.4e+38 -3.4e+38 -3.4e+38 0.0412790849804878 0.0418972000479698 0.0349574275314808 0.0376280657947063 0.0495003685355186 0.0707897394895554 0.497692465782166 0.688995599746704 0.508368492126465 0.758499145507812 0.749743103981018 0.769842326641083 0.83151763677597 0.817868828773499 0.846311926841736 0.867771625518799 0.764011740684509 0.591134130954742 0.620151221752167 0.830336213111877 0.811076819896698 0.802842378616333 0.892661452293396 0.880355596542358 0.786822199821472 0.695779323577881 0.683355152606964 0.67448091506958 0.700794041156769 0.757645964622498 0.748269081115723 0.902084648609161 0.827221930027008 0.526106119155884 0.272224843502045 0.266185700893402 0.30999881029129 0.324549436569214 0.33736789226532 0.3607437312603 0.402477443218231 0.442093104124069 0.445349723100662 0.381543099880219 0.346931248903275
-3.4e+38 -3.4e+38 -3.4e+38 -3.4e+38 -3.4e+38 0.0383035913109779 0.0415536798536777 0.0395474806427956 0.0540435910224915 0.0652564167976379 0.527405381202698 0.492655754089355 0.696132719516754 0.684826016426086 0.759375154972076 0.756625533103943 0.802692294120789 0.834459602832794 0.874963700771332 0.894235014915466 0.894216656684875 0.839541554450989 0.809575498104095 0.730295360088348 0.77136105298996 0.897185087203979 0.792243838310242 0.549965381622314 0.878221988677979 0.795401930809021 0.837963342666626 0.7225341796875 0.665357649326324 0.660493135452271 0.649905800819397 0.664221525192261 0.648812532424927 0.785986363887787 0.809220731258392 0.671168982982635 0.347772508859634 0.24246309697628 0.233572423458099 0.27362322807312 0.273382544517517 0.325975298881531 0.379616171121597 0.422535479068756 0.406416803598404 0.409474104642868 0.334473192691803
-3.4e+38 -3.4e+38 -3.4e+38 -3.4e+38 0.0497148968279362 0.0476342141628265 0.0407611168920994 0.0390415079891682 0.0554423555731773 0.069821335375309 0.479146838188171 0.538993120193481 0.732136487960815 0.624211132526398 0.750473976135254 0.790959358215332 0.83373898267746 0.86247581243515 0.893201887607574 0.913234353065491 0.924343049526215 0.816678583621979 0.551139116287231 0.815199732780457 0.858852088451385 0.844335079193115 0.87517899274826 0.71965891122818 0.865719735622406 0.854769051074982 0.803854048252106 0.760651648044586 0.786058247089386 0.602370202541351 0.647860765457153 0.742138803005219 0.68962299823761 0.700316727161407 0.720672905445099 0.720748603343964 0.602687180042267 0.35899093747139 0.247888252139091 0.274381130933762 0.305416882038116 0.352288872003555 0.394467651844025 0.41730797290802 0.381198048591614 0.353064447641373 0.325012594461441
-3.4e+38 -3.4e+38 -3.4e+38 -3.4e+38 0.0512424781918526 0.0430451706051826 0.0350945331156254 0.0380908809602261 0.046660628169775 0.0381951481103897 0.050102461129427 0.748875200748444 0.747306883335114 0.756980657577515 0.809608340263367 0.849288523197174 0.853175699710846 0.885902762413025 0.885898292064667 0.943374276161194 0.907014191150665 0.899748027324677 0.808971226215363 0.796719431877136 0.837618827819824 0.828501522541046 0.892393171787262 0.885145366191864 0.826008081436157 0.803485691547394 0.781208217144012 0.780192315578461 0.643330752849579 0.658509731292725 0.672330677509308 0.750489890575409 0.723165452480316 0.747441232204437 0.706127226352692 0.642018496990204 0.454106897115707 0.497367411851883 0.448896110057831 0.356510668992996 0.38072606921196 0.413540154695511 0.447330057621002 0.428469806909561 0.386055648326874 0.363004595041275 0.308356821537018
-3.4e+38 -3.4e+38 -3.4e+38 0.0423751212656498 0.041661012917757 0.038465928286314 0.0369048677384853 0.0430431999266148 0.0447328872978687 0.0445684492588043 0.0442327409982681 0.75093013048172 0.829387068748474 0.835546791553497 0.862765073776245 0.846163392066956 0.861880421638489 0.923465430736542 0.949249267578125 0.938321471214294 0.879877150058746 0.798656284809113 0.862167775630951 0.8787841796875 0.862640023231506 0.890332698822021 0.857677102088928 0.871069252490997 0.863107919692993 0.869130074977875 0.766621470451355 0.801337242126465 0.599155485630035 0.76690262556076 0.755479395389557 0.724667370319366 0.679227948188782 0.794543564319611 0.746244788169861 0.680276572704315 0.631991982460022 0.736915111541748 0.620621204376221 0.447488874197006 0.475251257419586 0.508992910385132 0.473737567663193 0.433984130620956 0.35834738612175 0.365072041749954 0.310460269451141
-3.4e+38 -3.4e+38 -3.4e+38 -3.4e+38 0.043381106108427 0.0374802388250828 0.0334283486008644 0.0450807772576809 0.0578486509621143 0.720195889472961 0.731697797775269 0.665803670883179 0.753650486469269 0.857518792152405 0.904959559440613 0.903709650039673 0.934803783893585 0.930356919765472 0.968169331550598 0.897542297840118 0.847319602966309 0.633022725582123 0.813029408454895 0.910706996917725 0.895128428936005 0.88494747877121 0.855088353157043 0.877141535282135 0.880845248699188 0.843379616737366 0.806990623474121 0.718280613422394 0.742172122001648 0.733780920505524 0.783225476741791 0.579301416873932 0.591354489326477 0.690992534160614 0.710191607475281 0.765306949615479 0.793163120746613 0.739820778369904 0.639327943325043 0.573403179645538 0.63660055398941 0.580915927886963 0.482167750597 0.477857559919357 0.388919204473495 0.350070834159851 0.327883541584015
-3.4e+38 -3.4e+38 -3.4e+38 -3.4e+38 0.0273423735052347 0.0443650372326374 0.0401417128741741 0.0469375960528851 0.442809104919434 0.614008188247681 0.70794540643692 0.73244845867157 0.857988178730011 0.891701519489288 0.947040140628815 0.960890293121338 0.949706196784973 0.958424031734467 0.967322170734406 0.962415158748627 0.865778088569641 0.85777336359024 0.888200700283051 0.897382318973541 0.886204540729523 0.639533877372742 0.79837703704834 0.840340137481689 0.869566738605499 0.830156683921814 0.701537609100342 0.83050274848938 0.628910660743713 0.656415998935699 0.789556324481964 0.749014735221863 0.768625795841217 0.751804351806641 0.756420195102692 0.772163510322571 0.781704485416412 0.78891122341156 0.750133454799652 0.694122195243835 0.70354151725769 0.586548864841461 0.531351208686829 0.427956193685532 0.348545908927917 0.320725053548813 0.28831759095192
-3.4e+38 -3.4e+38 -3.4e+38 0.0275808367878199 0.0313347727060318 0.0379523076117039 0.308722198009491 0.487443596124649 0.559696078300476 0.494487434625626 0.65502256155014 0.73739367723465 0.881110787391663 0.919518649578094 0.956685662269592 0.966876983642578 0.972655475139618 0.983176589012146 0.972363352775574 0.962494373321533 0.949647724628448 0.899488687515259 0.860680103302002 0.892898738384247 0.885484337806702 0.674222409725189 0.862127900123596 0.822405278682709 0.814306974411011 0.776631116867065 0.489376753568649 0.627467513084412 0.807383179664612 0.6870978474617 0.68065071105957 0.751556098461151 0.674720168113708 0.756543576717377 0.725506365299225 0.747544884681702 0.755464911460876 0.771551966667175 0.742466926574707 0.73021787405014 0.696881175041199 0.592316508293152 0.475906610488892 0.39569103717804 0.304718941450119 0.267587423324585 0.219056248664856
-3.4e+38 0.0163061805069447 0.0155559433624148 0.0215309523046017 0.0282641500234604 0.0287002753466368 0.287556409835815 0.536773204803467 0.552294433116913 0.5740886926651 0.701436340808868 0.651807904243469 0.920360326766968 0.94874233007431 0.956840813159943 0.974383175373077 0.981366634368896 0.975292086601257 0.965740501880646 0.967632532119751 0.960970520973206 0.950816452503204 0.920779645442963 0.92660653591156 0.860461175441742 0.770557940006256 0.826007544994354 0.832849979400635 0.821657001972198 0.726528704166412 0.456938475370407 0.725060701370239 0.78078430891037 0.652010440826416 0.646699905395508 0.647182047367096 0.773148000240326 0.742410063743591 0.753878235816956 0.770880341529846 0.769167900085449 0.70696896314621 0.723349750041962 0.67692494392395 0.61689418554306 0.509889125823975 0.389085501432419 0.312560528516769 0.274659305810928 0.233381107449532 0.217276319861412
0.019638841971755 0.0174440313130617 0.0188555065542459 0.201949641108513 0.0670325607061386 0.16093997657299 0.149549022316933 0.449183911085129 0.648809373378754 0.615864813327789 0.548037946224213 0.561243891716003 0.886244714260101 0.874531328678131 0.889700412750244 0.923413574695587 0.964619398117065 0.962526857852936 0.970755934715271 0.958354294300079 0.953978419303894 0.930436789989471 0.91129344701767 0.903494417667389 0.868410348892212 0.857832729816437 0.80539470911026 0.807639718055725 0.800969839096069 0.660895884037018 0.49309429526329 0.745115101337433 0.798597514629364 0.654562056064606 0.741049885749817 0.775982618331909 0.711802065372467 0.712298691272736 0.691419780254364 0.718760669231415 0.706172585487366 0.710529327392578 0.687350690364838 0.593611836433411 0.486374646425247 0.420824140310287 0.342207789421082 0.276630073785782 0.230795547366142 0.204225108027458 -3.4e+38
0.0283445231616497 0.029909148812294 0.140020653605461 0.0741675198078156 0.129464566707611 0.119314849376678 0.108945488929749 0.0395404323935509 0.617991328239441 0.692634403705597 0.487673759460449 0.748142242431641 0.763899743556976 0.8143709897995 0.829908967018127 0.862241148948669 0.879800140857697 0.919810652732849 0.953405201435089 0.951672732830048 0.934865057468414 0.926060557365417 0.922196805477142 0.837675273418427 0.862946569919586 0.809653222560883 0.79397851228714 0.788857340812683 0.752748370170593 0.510598838329315 0.650377929210663 0.749108374118805 0.699452757835388 0.597682595252991 0.732040286064148 0.699621021747589 0.710793673992157 0.712439715862274 0.683805048465729 0.696385145187378 0.663357198238373 0.617900788784027 0.640605270862579 0.493835717439651 0.363152354955673 0.368325501680374 0.304641395807266 0.261367082595825 0.235348865389824 0.206965744495392 0.163748979568481
0.0743551328778267 0.463716298341751 0.323069661855698 0.0413118042051792 0.0262175463140011 0.0242933873087168 0.0255574304610491 0.192353889346123 0.394258856773376 0.519560158252716 0.738475680351257 0.656833410263062 0.69853812456131 0.744198322296143 0.759879767894745 0.791344106197357 0.859220623970032 0.874116480350494 0.919453322887421 0.927830338478088 0.942498505115509 0.930897891521454 0.881595551967621 0.807520568370819 0.864817678928375 0.838740050792694 0.798287570476532 0.806991517543793 0.767008304595947 0.650902509689331 0.698118388652802 0.755685389041901 0.723675727844238 0.611967802047729 0.698374032974243 0.716182887554169 0.477173089981079 0.631285130977631 0.655023753643036 0.629619836807251 0.529647588729858 0.500358164310455 0.412786573171616 0.348718851804733 0.311841160058975 0.274200707674026 0.25088295340538 0.237034574151039 0.220390826463699 -3.4e+38 0.154875010251999
0.568164467811584 0.566104590892792 0.538242042064667 0.408481001853943 0.200298175215721 0.213566392660141 0.221702560782433 0.338386386632919 0.829431056976318 0.823214948177338 0.78198915719986 0.635902285575867 0.671443104743958 0.703267633914948 0.694534122943878 0.775643885135651 0.806217789649963 0.857682764530182 0.917456746101379 0.937791109085083 0.912104725837708 0.898826897144318 0.891215085983276 0.87423038482666 0.827975153923035 0.802055478096008 0.786749422550201 0.801028490066528 0.694917857646942 0.69799417257309 0.740732073783875 0.706620991230011 0.708873927593231 0.5537149310112 0.580061554908752 0.576512932777405 0.672619342803955 0.626123666763306 0.572359621524811 0.558812618255615 0.571571350097656 0.326130896806717 0.295992940664291 0.298142224550247 0.263264358043671 0.254622578620911 0.221139073371887 0.21952785551548 0.167342588305473 0.155316576361656 0.160089284181595
0.519959449768066 0.594969213008881 0.57183438539505 0.286188811063766 0.277352720499039 0.261570632457733 0.284349471330643 0.372574687004089 0.828787326812744 0.800641596317291 0.834611833095551 0.679589092731476 0.62670111656189 0.616528868675232 0.653126001358032 0.686291396617889 0.712327897548676 0.807830333709717 0.81988000869751 0.821009933948517 0.861035764217377 0.895932614803314 0.882374465465546 0.872122764587402 0.820088803768158 0.812570214271545 0.801495730876923 0.757526457309723 0.693059265613556 0.73569393157959 0.70692503452301 0.70194685459137 0.661418437957764 0.567039489746094 0.396968066692352 0.352554559707642 0.409500539302826 0.579207122325897 0.450180560350418 0.485409647226334 0.563616037368774 0.356432050466537 0.266720861196518 -3.4e+38 -3.4e+38 -3.4e+38 -3.4e+38 0.192236497998238 0.169801101088524 0.175907075405121 0.177713871002197
0.530616402626038 0.524396240711212 0.419244557619095 0.638021647930145 0.602483510971069 0.592076301574707 0.622276723384857 0.760265588760376 0.83305412530899 0.838845252990723 0.673883318901062 0.675134718418121 0.584724009037018 0.582172513008118 0.598697066307068 0.600927889347076 0.603142261505127 0.628712475299835 0.668616414070129 0.765663623809814 0.866601645946503 0.884743273258209 0.841960608959198 0.857644140720367 0.831700265407562 0.751258730888367 0.743270695209503 0.735853254795074 0.722519397735596 0.679007112979889 0.665340721607208 0.601325154304504 0.531888842582703 0.460473001003265 0.366170555353165 0.274663656949997 0.258344829082489 0.280588626861572 0.286222755908966 0.30567467212677 0.376949489116669 0.240081191062927 -3.4e+38 -3.4e+38 -3.4e+38 -3.4e+38 -3.4e+38 0.168288573622704 0.155375555157661 0.175165295600891 0.168145954608917
