data/climate_estimation/maxent_output/Smilax_lanceifolia.asc
NCOLS 375 
NROWS 447 
XLLCORNER 91.3333333333333 
YLLCORNER -6.33333333333333 
CELLSIZE 0.0833333333333333 
NODATA_value -3.4e+38 
[rows 360 to 383 of 447, columns 108 to 161 of 375]
0.170603856444359 0.161540687084198 0.174867004156113 0.160965085029602 0.155320599675179 0.13806027173996 0.131781086325645 0.165354117751122 0.126958236098289 0.141289219260216 0.119397364556789 0.107835792005062 0.11509695649147 0.13149406015873 0.0816271677613258 0.0855908989906311 0.093845009803772 0.0848530158400536 0.0892785713076591 0.0832309275865555 0.0727872475981712 0.0660210475325584 0.0665330737829208 0.0721195042133331 0.0636970847845078 0.0775461047887802 0.0696363300085068 0.0774927958846092 0.0820804759860039 0.093036524951458 0.112140469253063 0.118768028914928 0.114065296947956 0.124049857258797 -3.4e+38 -3.4e+38 0.120054937899113 0.0910874977707863 0.0902527198195457 0.0620383024215698 0.0774930864572525 0.0607658810913563 0.0668594762682915 0.0484013892710209 0.0592851564288139 0.0838776305317879 0.0831707715988159 0.105562672019005 0.11688420176506 0.154054895043373 0.187964171171188 0.165430203080177 0.164083823561668 0.162126153707504
0.188338249921799 0.173033595085144 0.160567790269852 0.148121953010559 0.159072324633598 0.128706812858582 0.103544950485229 0.13168665766716 0.127103060483932 0.11062303930521 0.108484670519829 0.0940720736980438 0.109419077634811 0.118615970015526 0.0865748375654221 0.0746629014611244 0.0814147219061852 0.0711877569556236 0.0732712745666504 0.0634123980998993 0.060819935053587 0.0730127617716789 0.064652681350708 0.0632192716002464 0.0724728852510452 0.0637764483690262 0.0759965106844902 0.0757458433508873 0.0808016732335091 0.0842264145612717 0.096367672085762 0.103939034044743 0.108652770519257 0.11672642827034 -3.4e+38 -3.4e+38 0.0934595465660095 0.0976573303341866 0.113241456449032 0.0594010464847088 0.0634371489286423 0.0676327869296074 0.067167617380619 0.0729279965162277 -3.4e+38 0.0848307982087135 0.111830770969391 0.114470764994621 0.114046424627304 -3.4e+38 0.145315811038017 0.13221786916256 0.148585215210915 -3.4e+38
0.196121230721474 0.162189781665802 0.151977404952049 0.166022658348083 0.15786400437355 0.147054746747017 0.116079144179821 0.120726354420185 0.114322058856487 0.109616577625275 0.090580977499485 0.115486517548561 0.0945740789175034 0.0833164229989052 0.0864953324198723 0.0708749890327454 0.0668947100639343 0.0700453966856003 0.0696156173944473 0.0710594952106476 0.0724191591143608 0.0487355440855026 0.0522989295423031 0.0751709342002869 0.0557272136211395 0.0590257532894611 0.0696151480078697 0.0846190080046654 0.0830368176102638 0.0722983554005623 0.0797520130872726 0.0808581411838531 0.0872329473495483 0.115156218409538 0.09189273416996 0.101115919649601 0.0854674503207207 0.0934177339076996 0.0818968564271927 0.0683731213212013 0.0892721116542816 0.0611145384609699 -3.4e+38 -3.4e+38 -3.4e+38 -3.4e+38 0.10441280901432 0.11502019315958 0.134808197617531 -3.4e+38 0.188889190554619 0.171166315674782 0.172299116849899 0.165959119796753
0.231692120432854 0.191028654575348 0.154830500483513 0.159991011023521 0.173573940992355 0.135521739721298 0.150776192545891 0.132110670208931 0.106717996299267 0.110055170953274 0.097101628780365 0.0888540297746658 0.0835407823324203 0.0878276973962784 0.0745769739151001 0.0624249838292599 0.0689820423722267 0.0694982334971428 0.0726132243871689 0.057901568710804 0.0566849336028099 0.042525339871645 0.0549377463757992 0.0497612878680229 0.0509723238646984 0.0539979599416256 0.0645704790949821 0.0596716180443764 0.0658957287669182 0.0767200589179993 0.0753870233893394 0.105325199663639 0.103885233402252 0.0904726758599281 0.0920527577400208 0.0938436836004257 0.0849894732236862 0.0835085287690163 0.0828376412391663 0.0812019854784012 0.0807026550173759 -3.4e+38 -3.4e+38 -3.4e+38 0.0836879312992096 0.092551976442337 0.0863028690218925 0.0971343368291855 -3.4e+38 -3.4e+38 -3.4e+38 -3.4e+38 -3.4e+38 -3.4e+38
0.262122243642807 0.207346647977829 0.192422762513161 0.163753002882004 0.169567063450813 0.145432561635971 0.152500972151756 0.133541166782379 0.135064482688904 0.10446422547102 0.0979759991168976 0.0915286019444466 0.0840259194374084 0.0748995840549469 0.0658187717199326 0.0732199922204018 0.0733067616820335 0.0657964125275612 0.0541100017726421 0.0540734939277172 0.0487346649169922 0.0609397888183594 0.04638946428895 0.0449278689920902 0.0486786887049675 0.0523839145898819 0.0474687665700912 0.061734214425087 0.0755550637841225 0.0887491106987 0.0879275500774384 0.079957902431488 0.0910579338669777 0.0946849882602692 0.0887885391712189 0.0822260081768036 0.0752886235713959 0.0884011536836624 0.083605483174324 0.0811495184898376 -3.4e+38 0.0671861842274666 -3.4e+38 -3.4e+38 -3.4e+38 -3.4e+38 0.108054138720036 0.111894071102142 0.127401992678642 -3.4e+38 -3.4e+38 -3.4e+38 -3.4e+38 -3.4e+38
0.23432657122612 0.233711570501328 0.215989351272583 0.218176111578941 0.17267732322216 0.152667507529259 0.175833851099014 0.163612812757492 0.116966135799885 0.0972815901041031 0.114771127700806 0.112974248826504 0.0831816121935844 0.0694784075021744 0.0714714378118515 0.0705699026584625 0.0712145566940308 0.0609214156866074 0.0611187182366848 0.053399495780468 0.0583097413182259 0.054632842540741 0.0493720583617687 0.0453886948525906 0.0480220429599285 0.0396792069077492 0.0467617586255074 0.0540692880749702 0.0627730488777161 0.076274648308754 0.0739687457680702 0.0772562772035599 0.0857462137937546 0.0792548581957817 0.0855690240859985 0.0896356478333473 0.0834200009703636 0.0986891910433769 0.0924385040998459 0.076816514134407 -3.4e+38 -3.4e+38 -3.4e+38 -3.4e+38 -3.4e+38 -3.4e+38 -3.4e+38 0.113432645797729 0.12219300121069 0.131667464971542 0.128719463944435 -3.4e+38 -3.4e+38 -3.4e+38
0.277443915605545 0.310072869062424 0.197803169488907 0.169471129775047 0.174320355057716 0.160046592354774 0.16295351088047 0.128289490938187 0.120902225375175 0.114805281162262 0.113521635532379 0.0968799591064453 0.0718200877308846 0.0737391337752342 0.0766084641218185 0.0642111673951149 0.0669704154133797 0.0694325715303421 0.0560055002570152 0.0514799952507019 0.055217158049345 0.0447735227644444 0.0458435490727425 0.0432231053709984 0.0392839722335339 0.0475576892495155 0.0662142336368561 0.0528738051652908 0.0606922544538975 0.0652589201927185 0.0731850862503052 0.0584803223609924 0.0764773041009903 0.104462407529354 0.0971833541989326 0.0937287956476212 0.0837191119790077 0.0745974332094193 0.0610606335103512 0.0702981129288673 -3.4e+38 -3.4e+38 -3.4e+38 -3.4e+38 -3.4e+38 -3.4e+38 0.0839957445859909 0.0969582796096802 0.109376236796379 0.11393316835165 0.123896077275276 -3.4e+38 -3.4e+38 -3.4e+38
0.301185756921768 0.249416366219521 0.254231184720993 0.198896780610085 0.1631840467453 0.166897118091583 0.158121943473816 0.13164196908474 0.128018438816071 0.114838227629662 0.118120267987251 0.0989125892519951 0.0908617004752159 0.0916082561016083 0.0766120553016663 0.0637800991535187 0.0691060349345207 0.0534024611115456 0.0574874803423882 0.0511842183768749 0.0506654493510723 0.0543042719364166 0.0438088364899158 0.0423747412860394 0.0369238145649433 0.0444558374583721 0.0604791305959225 0.056751262396574 0.0574507899582386 0.066601350903511 0.0683033242821693 0.0728918835520744 0.0798393338918686 0.0965156108140945 0.0850533097982407 0.0808479338884354 0.0664180964231491 0.0671652853488922 0.0614164099097252 0.0794823095202446 0.0749337747693062 -3.4e+38 -3.4e+38 -3.4e+38 -3.4e+38 -3.4e+38 -3.4e+38 0.0877285823225975 0.120197348296642 0.101551190018654 0.111928217113018 -3.4e+38 -3.4e+38 -3.4e+38
0.404312908649445 0.290366351604462 0.202606245875359 0.197661831974983 0.177243366837502 0.176840782165527 0.173988357186317 0.183098033070564 0.122979946434498 0.131203725934029 0.12081852555275 0.102845169603825 0.10072372853756 0.0797952935099602 0.0698597729206085 0.0801612660288811 0.0693924278020859 0.0569861270487309 0.0639663487672806 0.0580884665250778 0.0556984357535839 0.0619005635380745 0.0390429012477398 0.0465236119925976 0.0530194416642189 0.0466093234717846 0.0449528805911541 0.0569702200591564 0.0564578399062157 0.0625945776700974 0.0591900162398815 0.0543122217059135 0.0562178492546082 0.0535358414053917 0.0702895000576973 0.0652120932936668 0.0612920038402081 0.0588620454072952 0.0708674192428589 0.0867300629615784 0.0831811130046844 0.0765070170164108 -3.4e+38 -3.4e+38 -3.4e+38 -3.4e+38 0.110463477671146 0.117017857730389 0.11292277276516 0.114890873432159 0.130268216133118 -3.4e+38 -3.4e+38 -3.4e+38
0.500189900398254 0.408634096384048 0.266162216663361 0.185778304934502 0.187098532915115 0.172053620219231 0.151697412133217 0.165707319974899 0.143191143870354 0.117996320128441 0.10113114118576 0.102686904370785 0.10020699352026 0.0739307031035423 0.0875208079814911 0.0722030624747276 0.0607924051582813 0.0767216309905052 0.0567161440849304 0.0644055381417274 0.0578749962151051 0.0491388142108917 0.0514922738075256 0.0490613244473934 0.0382398031651974 0.0459841750562191 0.0635675638914108 0.0622444860637188 0.0511597096920013 0.0605267584323883 0.060157835483551 0.0649987757205963 0.0557025782763958 0.0619630999863148 0.0855289474129677 0.0780271664261818 0.0786941945552826 0.0803021192550659 0.0693763047456741 0.0831772089004517 0.084058441221714 0.0789550244808197 -3.4e+38 -3.4e+38 -3.4e+38 -3.4e+38 0.0906906276941299 0.112752549350262 0.120133757591248 0.113130420446396 0.126280471682549 0.108603976666927 0.100476689636707 -3.4e+38
0.497418940067291 0.376246690750122 0.304285138845444 0.362671554088593 0.220711663365364 0.177513301372528 0.174291238188744 0.156985729932785 0.162223055958748 0.142076566815376 0.128437235951424 0.113498225808144 0.0839687809348106 0.10125033557415 0.090581975877285 0.0780524238944054 0.0860262140631676 0.0625392943620682 0.0620087645947933 0.0645576193928719 0.0537045709788799 0.0589164234697819 0.0558791570365429 0.0446295477449894 0.0507800057530403 0.0565199553966522 0.0627681538462639 0.0515927672386169 0.0545986443758011 0.0696627870202065 0.0642733946442604 0.0743548795580864 0.0749604627490044 0.0682990029454231 0.0782379060983658 0.0673753768205643 0.0662693157792091 0.0669292733073235 0.0632187575101852 0.0727838724851608 0.0643826946616173 0.0818960592150688 -3.4e+38 -3.4e+38 -3.4e+38 -3.4e+38 -3.4e+38 -3.4e+38 0.125712752342224 0.105010360479355 0.105453796684742 0.119366057217121 0.110751867294312 0.106033556163311
0.436463981866837 0.348165690898895 0.331960260868073 0.36684837937355 0.337400197982788 0.223095566034317 0.200855851173401 0.16629733145237 0.158596083521843 0.15026068687439 0.117929905653 0.10424567759037 0.110089488327503 0.0967323184013367 0.0831591188907623 0.0899795964360237 0.0859794914722443 0.0662973001599312 0.0654919072985649 0.0527322292327881 0.0714323669672012 0.0645543560385704 0.0505858100950718 0.0524041056632996 0.05783486738801 0.0483715459704399 0.0503376387059689 0.0517203062772751 0.0676190778613091 0.0722500532865524 0.0845621302723885 0.0675871893763542 0.0780594795942307 0.0778778865933418 0.0698509439826012 0.0824921354651451 0.0769390463829041 0.0723486021161079 0.0654259622097015 0.0746118277311325 0.0630120262503624 0.0739283561706543 -3.4e+38 -3.4e+38 -3.4e+38 -3.4e+38 -3.4e+38 -3.4e+38 -3.4e+38 0.0888080894947052 0.0926771834492683 0.126466259360313 0.110775969922543 0.102152042090893
0.445802927017212 0.33380913734436 0.28633576631546 0.283980160951614 0.302093714475632 0.203933343291283 0.19268311560154 0.151363596320152 0.123529382050037 0.12996532022953 0.119349271059036 0.126218289136887 0.108938187360764 0.0913807228207588 0.106772683560848 0.0930347144603729 0.0936854928731918 0.0764883160591125 0.074961245059967 0.0685941427946091 0.0645589530467987 0.0572518222033978 0.0466141104698181 0.0521033480763435 0.0507960841059685 0.0425179563462734 0.0458768084645271 0.0572629012167454 0.0597835369408131 0.0657577961683273 0.0658917427062988 0.0615690983831882 0.0636711418628693 0.075954981148243 0.0691315904259682 0.0838272124528885 0.085313081741333 0.0779848247766495 0.0787615478038788 -3.4e+38 -3.4e+38 -3.4e+38 -3.4e+38 -3.4e+38 -3.4e+38 -3.4e+38 -3.4e+38 -3.4e+38 -3.4e+38 0.102140046656132 0.145328477025032 0.135656327009201 0.0895583927631378 0.10352448374033
0.354971438646317 0.380999714136124 0.277466118335724 0.211532071232796 0.231687247753143 0.295505076646805 0.25191867351532 0.210038647055626 0.150247409939766 0.155973538756371 0.1225845515728 0.113223992288113 0.0929636806249619 0.114122003316879 0.0939272120594978 0.097554087638855 0.0840829163789749 0.0844510942697525 0.0768144428730011 0.0732957720756531 0.0589466840028763 0.0596092157065868 0.0560924150049686 0.0544263832271099 0.0503376387059689 0.0576045028865337 0.0646331086754799 0.0640203058719635 0.050051536411047 0.0613397285342216 0.0601813606917858 0.0670681893825531 0.0671682730317116 0.0736949816346169 0.0696444064378738 0.0820388346910477 0.101422019302845 0.0837293267250061 0.0921600162982941 0.102732211351395 -3.4e+38 -3.4e+38 -3.4e+38 -3.4e+38 -3.4e+38 -3.4e+38 -3.4e+38 -3.4e+38 0.0850441679358482 0.126720935106277 0.199677601456642 0.0892974063754082 0.0882951989769936 0.103293463587761
0.31826177239418 0.318894326686859 0.308873981237411 0.309377670288086 0.332279413938522 0.265591531991959 0.229544103145599 0.168207794427872 0.153703227639198 0.164116144180298 0.149456709623337 0.118160061538219 0.125686407089233 0.113186493515968 0.0981804206967354 0.10057371109724 0.0898423045873642 0.0794655084609985 0.0837862193584442 0.0697161108255386 0.0737273916602135 0.0595394745469093 0.0590665936470032 0.0529750995337963 0.0594562999904156 0.0515014678239822 0.0552921928465366 0.0512625351548195 0.0577073357999325 0.046552874147892 0.0607235468924046 0.0620930045843124 0.0608325079083443 0.0755413100123405 0.0772144198417664 0.0958135798573494 0.0835027247667313 0.0886339470744133 0.107617124915123 0.102684162557125 0.0930751264095306 0.0938576906919479 -3.4e+38 -3.4e+38 -3.4e+38 -3.4e+38 -3.4e+38 -3.4e+38 0.0807026773691177 0.0931708663702011 0.0763288885354996 0.0813796147704124 0.0822131112217903 0.0866460651159286
0.407394856214523 0.502914309501648 0.356970071792603 0.317626118659973 0.339463979005814 0.240750685334206 0.229603007435799 0.209691941738129 0.183562353253365 0.172318920493126 0.144628271460533 0.114948384463787 0.141357243061066 0.103947035968304 0.124833546578884 0.0921204313635826 0.0896453484892845 0.0853410065174103 0.0899144411087036 0.0777362808585167 0.0802168995141983 0.0579636916518211 0.0572946704924107 0.0579019859433174 0.0500041618943214 0.0524608865380287 0.0510912388563156 0.0554529801011086 0.06135019287467 0.0517042763531208 0.0533526577055454 0.0533143170177937 0.067263662815094 0.0748057588934898 0.0765629261732101 0.0938057005405426 0.0853914469480515 0.0913261771202087 0.0884774476289749 0.0846715867519379 0.0895818844437599 0.0709207579493523 -3.4e+38 -3.4e+38 -3.4e+38 0.066083662211895 0.0640033930540085 0.0741718783974648 0.0727043747901917 0.0838097184896469 0.0761409178376198 -3.4e+38 -3.4e+38 -3.4e+38
0.411589831113815 0.369305372238159 0.291543304920197 0.226295724511147 0.225863099098206 0.198090761899948 0.201278835535049 0.212159916758537 0.180507123470306 0.174605175852776 0.143270879983902 0.148666515946388 0.12220960855484 0.105469413101673 0.111947663128376 0.110479757189751 0.0941995307803154 0.0858009234070778 0.0856518000364304 0.0939938500523567 0.0722224414348602 0.0704175606369972 0.0559738017618656 0.0604674592614174 0.0574189051985741 0.0523835830390453 0.0506681092083454 0.0494537837803364 0.0491478703916073 0.0580837056040764 0.064514271914959 0.0569177456200123 0.059614360332489 0.0615544393658638 0.0711230114102364 0.0765249952673912 0.0824634432792664 0.0900600180029869 0.0878466293215752 0.0889318957924843 -3.4e+38 -3.4e+38 -3.4e+38 -3.4e+38 -3.4e+38 -3.4e+38 0.0688941031694412 0.0689543783664703 0.0629886537790298 0.0739671215415001 0.0957359597086906 0.0761187002062798 -3.4e+38 -3.4e+38
0.331499695777893 0.340623885393143 0.245625376701355 0.210657179355621 0.178002700209618 0.158194929361343 0.159576877951622 0.177656725049019 0.171130776405334 0.15943169593811 0.151271805167198 0.150880813598633 0.13719879090786 0.141336977481842 0.111732855439186 0.108637176454067 0.0946283712983131 0.0972377136349678 0.0808066129684448 0.0784129053354263 0.0657759010791779 0.0768331438302994 0.0549060925841331 0.0586956813931465 0.0549341589212418 0.0561073198914528 0.0549597814679146 0.0687207281589508 0.0584797486662865 0.058225005865097 0.0678512752056122 0.063606821000576 0.06361323595047 0.0621774978935719 0.0712827891111374 0.0802710950374603 0.0798517912626266 0.0814201161265373 0.0909608379006386 -3.4e+38 -3.4e+38 -3.4e+38 -3.4e+38 -3.4e+38 -3.4e+38 -3.4e+38 0.0665516331791878 0.0713506788015366 0.0780626907944679 0.0794907286763191 0.0828202441334724 -3.4e+38 -3.4e+38 -3.4e+38
0.273329883813858 0.387867450714111 0.219280943274498 0.236448958516121 0.182870760560036 0.164327040314674 0.149342074990273 0.186048686504364 0.198046579957008 0.164487913250923 0.136750504374504 0.158364683389664 0.14017641544342 0.112005919218063 0.135013416409492 0.122575812041759 0.103383086621761 0.105480805039406 0.07862588763237 0.075190082192421 0.0737361758947372 0.0893411114811897 0.0650914758443832 0.065832182765007 0.0678560212254524 0.0663721486926079 0.0653076171875 0.0525360740721226 0.0543342158198357 0.0519433841109276 0.0677496939897537 0.0741538181900978 0.074699878692627 0.0694627314805984 0.0609030015766621 0.0709604918956757 0.0751277059316635 -3.4e+38 -3.4e+38 -3.4e+38 -3.4e+38 -3.4e+38 -3.4e+38 -3.4e+38 -3.4e+38 -3.4e+38 -3.4e+38 0.056160781532526 0.0639438107609749 0.0760734528303146 0.0902479812502861 -3.4e+38 -3.4e+38 -3.4e+38
0.326701492071152 0.449839353561401 0.332653254270554 0.242936968803406 0.261112630367279 0.171747013926506 0.148602500557899 0.153056457638741 0.166125997900963 0.192013442516327 0.172014057636261 0.156877174973488 0.152577146887779 0.148634046316147 0.134988412261009 0.123105235397816 0.104371130466461 0.107921756803989 0.0949500352144241 0.0766198486089706 0.0748471021652222 0.0768604129552841 0.0621618293225765 0.0621281787753105 0.0802631750702858 0.060793299227953 0.0683773458003998 0.0547351278364658 0.0597795024514198 0.0702265799045563 0.0699261203408241 0.0717452764511108 0.0726396590471268 0.0628823488950729 0.0532864890992641 0.0570381693542004 0.0590552538633347 0.0641936659812927 -3.4e+38 -3.4e+38 -3.4e+38 -3.4e+38 -3.4e+38 -3.4e+38 -3.4e+38 -3.4e+38 -3.4e+38 0.0565148890018463 0.0743288695812225 -3.4e+38 -3.4e+38 -3.4e+38 -3.4e+38 -3.4e+38
0.299048542976379 0.374538421630859 0.416697382926941 0.253188759088516 0.205364167690277 0.206815004348755 0.174593329429626 0.169837340712547 0.147877842187881 0.191341787576675 0.195136442780495 0.170843377709389 0.158231139183044 0.148813679814339 0.155859678983688 0.115369573235512 0.112430721521378 0.100495584309101 0.1022834405303 0.0925843194127083 0.0751129761338234 0.0908842608332634 0.0817808136343956 0.0670738965272903 0.0854124575853348 0.0689147114753723 0.0633856505155563 0.0770219936966896 0.0758119150996208 0.0770669803023338 0.0689637288451195 0.0846719294786453 0.0720059499144554 0.0760639160871506 0.0549615062773228 0.0635353922843933 0.064759835600853 0.0638357847929001 0.0729450434446335 -3.4e+38 -3.4e+38 -3.4e+38 -3.4e+38 -3.4e+38 -3.4e+38 -3.4e+38 -3.4e+38 -3.4e+38 -3.4e+38 -3.4e+38 -3.4e+38 -3.4e+38 -3.4e+38 -3.4e+38
0.217889532446861 0.303070932626724 0.412167608737946 0.315666109323502 0.248681977391243 0.287734746932983 0.201932162046432 0.229700312018394 0.226669639348984 0.201066166162491 0.200330927968025 0.168712586164474 0.137953713536263 0.142389580607414 0.158609837293625 0.145135283470154 0.116782680153847 0.098723515868187 0.0942599400877953 0.104218564927578 0.0953666046261787 0.0890234783291817 0.102365292608738 0.0946979373693466 0.0873370096087456 0.076072558760643 0.0836949199438095 0.0737258568406105 0.0756550505757332 0.0733153000473976 0.0771284177899361 0.0647430270910263 0.064706526696682 0.0606925524771214 0.0688839480280876 0.0638697445392609 0.0699085146188736 0.0700747221708298 0.0703248009085655 0.0788544416427612 -3.4e+38 -3.4e+38 -3.4e+38 -3.4e+38 -3.4e+38 -3.4e+38 -3.4e+38 -3.4e+38 -3.4e+38 -3.4e+38 -3.4e+38 -3.4e+38 -3.4e+38 -3.4e+38
0.238424599170685 0.242840275168419 0.336488723754883 0.47002249956131 0.493482798337936 0.493356436491013 0.298904091119766 0.303099393844604 0.357485055923462 0.285229563713074 0.172189339995384 0.158862560987473 0.164870634675026 0.131006330251694 0.142006203532219 0.144925147294998 0.112928137183189 0.122753567993641 0.0925279781222343 0.096864253282547 0.0953646004199982 0.0834332704544067 0.0861790329217911 0.0919629260897636 0.090747281908989 0.0855723023414612 0.0814614966511726 0.0790917053818703 0.055502288043499 0.0606226287782192 0.0701073631644249 0.0617550276219845 0.0623499676585197 0.0761625915765762 0.079852968454361 0.0735774114727974 0.0749450698494911 0.0720646604895592 0.0719993412494659 0.0806706324219704 0.0805961415171623 0.0973506197333336 0.0836879834532738 0.107435420155525 -3.4e+38 -3.4e+38 -3.4e+38 -3.4e+38 -3.4e+38 -3.4e+38 -3.4e+38 -3.4e+38 -3.4e+38 -3.4e+38
0.234565034508705 0.30138286948204 0.381323993206024 0.423727333545685 0.499191522598267 0.440113931894302 0.404050379991531 0.376142948865891 0.30716809630394 0.330317616462708 0.183378905057907 0.16098940372467 0.153606742620468 0.157275721430779 0.146433353424072 0.141214430332184 0.121171876788139 0.106301076710224 0.0952815040946007 0.107042707502842 0.0893283560872078 0.0948192775249481 0.0945106148719788 0.0829145461320877 0.113797344267368 0.0989177227020264 0.100480154156685 0.0952398329973221 0.0916172191500664 0.0818588733673096 0.0652746856212616 0.0609078779816628 0.0623782202601433 0.0645787045359612 0.0784003362059593 0.0787727832794189 0.0784191787242889 0.0781603306531906 0.0717481002211571 0.0744677186012268 0.0865478292107582 0.0924354493618011 0.0823722705245018 0.0956914946436882 0.112213984131813 0.114381805062294 0.0904008746147156 0.0716609135270119 0.0756233260035515 -3.4e+38 -3.4e+38 -3.4e+38 -3.4e+38 -3.4e+38
