data/climate_estimation/maxent_output/Smilax_trinervula.asc
NCOLS 414 
NROWS 131 
XLLCORNER 105.916666666667 
YLLCORNER 26.0833333333333 
CELLSIZE 0.0833333333333333 
NODATA_value -3.4e+38 
[rows 46 to 68 of 131, columns 51 to 101 of 414]
0.00753258308395743 0.00693607283756137 0.00684515479952097 0.0120739284902811 0.0153603432700038 0.0203748811036348 0.020731633529067 0.0212966725230217 0.0182194393128157 0.019904475659132 0.0263795536011457 0.0230719745159149 0.0307591538876295 0.036940660327673 0.0366231724619865 0.0436408258974552 0.0441694036126137 0.046509824693203 0.0460564643144608 0.0454578399658203 0.0461302027106285 0.0456123650074005 0.045403927564621 0.0375940278172493 0.0365181379020214 0.0359887443482876 0.0299925804138184 0.0292735565453768 0.0282023008912802 0.0236779730767012 0.0238370057195425 0.028387637808919 0.0291088949888945 0.0286482702940702 0.0293171536177397 0.0344044901430607 0.0333877988159657 0.0359053499996662 0.0423251949250698 0.0496420376002789 0.0478739254176617 0.0573755949735641 0.06234036013484 0.0645366609096527 0.0614723227918148 0.0576108731329441 0.033136885613203 0.0237043164670467 0.0273098424077034 0.0329080186784267 0.035471472889185
0.00594369461759925 0.00474413856863976 0.00429524527862668 0.00636323029175401 0.0100420555099845 0.0177498888224363 0.0206923466175795 0.0207152348011732 0.0248651728034019 0.0226488746702671 0.0245909057557583 0.031022546812892 0.0294797085225582 0.0405973307788372 0.0431602150201797 0.0429552271962166 0.0532020404934883 0.0549904294312 0.0546639040112495 0.0532325282692909 0.053095605224371 0.0447005443274975 0.0449596159160137 0.0444623455405235 0.0361643619835377 0.035387646406889 0.0289308652281761 0.0283800549805164 0.0275824926793575 0.0228474009782076 0.0272281244397163 0.0275244880467653 0.0274434816092253 0.0277624651789665 0.0333307310938835 0.0337253883481026 0.0399036034941673 0.0402459837496281 0.0472098253667355 0.049519244581461 0.0500338599085808 0.059985876083374 0.0621854029595852 0.0740849226713181 0.0874964073300362 0.0940894261002541 0.0375211164355278 0.0163024999201298 0.018821781501174 0.0310402456671 0.0376314036548138
0.00483311526477337 0.00404520472511649 0.00353310466744006 0.00572427734732628 0.00770092383027077 0.0136414179578424 0.0157040972262621 0.0169640704989433 0.0253581646829844 0.027029862627387 0.0323403403162956 0.0334034711122513 0.0414290279150009 0.0413533039391041 0.0485353879630566 0.0505766570568085 0.0517046898603439 0.0532628186047077 0.0527649000287056 0.0523209869861603 0.0509977862238884 0.0518788546323776 0.0527407713234425 0.0441074185073376 0.0437791645526886 0.0346617698669434 0.0345931500196457 0.0276743210852146 0.0267752315849066 0.0267208181321621 0.0266336165368557 0.0273612942546606 0.0269194561988115 0.0271501578390598 0.0323548577725887 0.0331866778433323 0.0393100045621395 0.0396225191652775 0.0468636192381382 0.0483248457312584 0.0583507493138313 0.0597725473344326 0.0704562291502953 0.0871337652206421 0.104926250874996 0.112029924988747 0.0515319928526878 0.0184059161692858 0.0219599530100822 0.031230054795742 0.0452494621276855
0.00735111953690648 0.00504077505320311 0.00361422426067293 0.0051939319819212 0.00529633648693562 0.00822914857417345 0.00904771219938993 0.0119035989046097 0.0161301046609879 0.0241021029651165 0.0337043255567551 0.0415070839226246 0.039365392178297 0.0484261773526669 0.0515939593315125 0.0605183467268944 0.0603302605450153 0.0618583671748638 0.0612729489803314 0.0608943328261375 0.0592368096113205 0.0593634098768234 0.0495645478367805 0.0509459935128689 0.0425895787775517 0.0413875915110111 0.0340417250990868 0.0330691412091255 0.0267747342586517 0.0269189197570086 0.0261733550578356 0.0262477025389671 0.0263303779065609 0.0316313840448856 0.0325734689831734 0.037749707698822 0.0381805561482906 0.0463857129216194 0.0454515591263771 0.0555038526654243 0.060735572129488 0.0649441778659821 0.0822973847389221 0.0857248157262802 0.104023762047291 0.0942020043730736 0.0542501397430897 0.0374115817248821 0.0364364571869373 0.0459211990237236 0.050765048712492
0.00287813670001924 0.00396561622619629 0.0054991701617837 0.00569912604987621 0.00724452827125788 0.00728998193517327 0.00987865030765533 0.0112015120685101 0.0162819158285856 0.0233372040092945 0.0316042639315128 0.0457850210368633 0.0495241433382034 0.04900286719203 0.0566811673343182 0.071027934551239 0.0696050599217415 0.0698271170258522 0.0707949325442314 0.0677591040730476 0.0559492968022823 0.0542623698711395 0.0550732538104057 0.0469198822975159 0.0482084453105927 0.0402645394206047 0.0403252579271793 0.0328092686831951 0.0321106016635895 0.0310680568218231 0.0317385904490948 0.0306549910455942 0.031649824231863 0.0313574932515621 0.0318750031292439 0.0380577147006989 0.0383936129510403 0.0445367246866226 0.0447957180440426 0.0537411160767078 0.0651332512497902 0.0665484666824341 0.0818628594279289 0.100850321352482 0.123549155890942 0.117666237056255 0.0737175568938255 0.0647506043314934 0.0593375377357006 0.0649705678224564 0.0816348940134048
0.00620823167264462 0.00532800331711769 0.00621353322640061 0.00628598174080253 0.00715785333886743 0.00864243134856224 0.0138363363221288 0.0143296830356121 0.0208189208060503 0.0248355306684971 0.0396710596978664 0.0492223463952541 0.0573842786252499 0.0570014640688896 0.0691644921898842 0.0791222602128983 0.0810452923178673 0.0814112797379494 0.0802632719278336 0.0646462216973305 0.0626770406961441 0.0521389171481133 0.0519083775579929 0.052614152431488 0.0465464219450951 0.039994340389967 0.0397851765155792 0.0329972133040428 0.0319363623857498 0.0313180051743984 0.0313563197851181 0.0311763156205416 0.031652893871069 0.0309265628457069 0.0369803868234158 0.0370723493397236 0.0443470999598503 0.0443501509726048 0.0532146543264389 0.053716316819191 0.0638059377670288 0.0743845552206039 0.0779346823692322 0.0959008485078812 0.119851842522621 0.133436009287834 0.104093059897423 0.100487537682056 0.0894616842269897 0.0963391289114952 0.110149890184402
0.016887404024601 0.00785193312913179 0.0131506789475679 0.00713108573108912 0.00997513625770807 0.00877926591783762 0.0128475027158856 0.0156372357159853 0.0188266914337873 0.0290040448307991 0.0421494916081429 0.0499994121491909 0.0645482093095779 0.0751952081918716 0.0889443010091782 0.0889225900173187 0.0919221341609955 0.0809315890073776 0.0787081867456436 0.0734032392501831 0.0573986209928989 0.0556599162518978 0.0483539216220379 0.0505848973989487 0.0531663596630096 0.044839970767498 0.0379327312111855 0.0377390868961811 0.0311547219753265 0.0315302237868309 0.0307363215833902 0.0305021610110998 0.0312077403068542 0.0370406992733479 0.0371564142405987 0.0362670384347439 0.0433789603412151 0.0438337102532387 0.050137672573328 0.0601749159395695 0.0605723038315773 0.0732891261577606 0.0901985764503479 0.104807734489441 0.112231358885765 0.141368821263313 0.135120257735252 0.15060967206955 0.144000023603439 0.147745341062546 0.153291881084442
0.0165786352008581 0.0155792385339737 0.0125836357474327 0.00786611065268517 0.0207923427224159 0.0182724464684725 0.021786667406559 0.0195040944963694 0.0225595850497484 0.0304227340966463 0.0397398956120014 0.0508356243371964 0.0656876713037491 0.0740620717406273 0.0849994570016861 0.100501708686352 0.10480660200119 0.0934520289301872 0.0870215967297554 0.0594941079616547 0.0579251497983932 0.0480600111186504 0.052512064576149 0.0456600300967693 0.0501082129776478 0.0422465279698372 0.0434592142701149 0.0374618768692017 0.0372491739690304 0.0311246812343597 0.0310002267360687 0.0309261716902256 0.0356083028018475 0.0357854701578617 0.0354052968323231 0.0421029590070248 0.0430137515068054 0.0492433905601501 0.0600123442709446 0.0593855194747448 0.0702895224094391 0.0714700147509575 0.0853346064686775 0.104455813765526 0.106861606240273 0.131419390439987 0.134917229413986 0.164147913455963 0.164411664009094 0.164770931005478 0.167476624250412
0.00936806201934814 0.0138494055718184 0.0140632353723049 0.00862621981650591 0.0116234309971333 0.0218673385679722 0.0293727647513151 0.029918884858489 0.0299906153231859 0.0372855886816978 0.0395271964371204 0.0564768463373184 0.0648609176278114 0.0746681541204453 0.0753767490386963 0.105169534683228 0.104157872498035 0.10562502592802 0.0856404155492783 0.0609264746308327 0.0484300814568996 0.0425428822636604 0.0467123910784721 0.0511978380382061 0.0437290892004967 0.0473712831735611 0.0410805493593216 0.0355326198041439 0.0371368080377579 0.0374158136546612 0.0368496626615524 0.0366733223199844 0.0357445105910301 0.0350137948989868 0.041626613587141 0.0411065742373466 0.0494294799864292 0.0490474700927734 0.0580956675112247 0.0577325895428658 0.0680179670453072 0.0695305392146111 0.0825288444757462 0.0986315980553627 0.102194547653198 0.11959583312273 0.123325049877167 0.12747585773468 0.151408702135086 0.151408702135086 0.151880338788033
0.0077687855809927 0.010557072237134 0.0085304994136095 0.00839972402900457 0.0088358111679554 0.01957050524652 0.0318787544965744 0.0300135910511017 0.0280339643359184 0.0365477688610554 0.0382383987307549 0.0474399961531162 0.0559127368032932 0.0741240233182907 0.0877681747078896 0.0909205004572868 0.101510562002659 0.08416598290205 0.0618930645287037 0.0526942573487759 0.047804344445467 0.0456675365567207 0.0414006859064102 0.0475711077451706 0.0431344173848629 0.0453872941434383 0.0399641282856464 0.0412068367004395 0.0345150344073772 0.0366166569292545 0.0361709706485271 0.0359887145459652 0.0360693484544754 0.035259485244751 0.0482886247336864 0.0482697300612926 0.0481421686708927 0.0607645064592361 0.0574002750217915 0.055168978869915 0.0648254677653313 0.0661536157131195 0.0786604136228561 0.0934805646538734 0.0944355726242065 0.112777099013329 0.115515075623989 0.1416856944561 0.138613104820251 0.138019666075706 0.141963332891464
0.00435735331848264 0.0061737154610455 0.00719039421528578 0.017904981970787 0.0206961762160063 0.0219350978732109 0.029130918905139 0.0308480076491833 0.0364928357303143 0.0358384475111961 0.0428610034286976 0.0398897714912891 0.0520531125366688 0.0630149617791176 0.0861680954694748 0.100730016827583 0.101678416132927 0.0814803913235664 0.0620476603507996 0.0599505789577961 0.0458379983901978 0.0431994162499905 0.037926934659481 0.04425048828125 0.047531072050333 0.0433582812547684 0.0382668860256672 0.040106263011694 0.0338185541331768 0.0352384001016617 0.0360931642353535 0.0355513617396355 0.0345921143889427 0.0406254082918167 0.0405189730226994 0.0548511669039726 0.0556126460433006 0.0553107596933842 0.0628727376461029 0.0647360384464264 0.0746921822428703 0.0736120715737343 0.0743510127067566 0.0869203731417656 0.0874255746603012 0.105772592127323 0.103513866662979 0.124094195663929 0.130230143666267 0.131245568394661 0.130351826548576
0.00354698742739856 0.00639411294832826 0.0110235959291458 0.0174550842493773 0.0278796833008528 0.0283419135957956 0.028820862993598 0.0301701370626688 0.0385332778096199 0.0382196381688118 0.0400765240192413 0.0421139560639858 0.0528167970478535 0.0633423775434494 0.0739038437604904 0.0835902914404869 0.077792301774025 0.0777715742588043 0.0638361349701881 0.0481917560100555 0.0466691628098488 0.0426164530217648 0.0374427884817123 0.0430826433002949 0.0463391095399857 0.040897261351347 0.0442775599658489 0.0389681868255138 0.032596480101347 0.0338297225534916 0.0350918844342232 0.0354014113545418 0.0344443842768669 0.0402544513344765 0.0475195199251175 0.0555129162967205 0.0630290806293488 0.0539958886802197 0.0641330033540726 0.0715282410383224 0.0706062018871307 0.0719175934791565 0.0851840376853943 0.0837968289852142 0.0975604802370071 0.096461109817028 0.114872686564922 0.116441272199154 0.116751402616501 0.122174762189388 0.121035665273666
0.00640027364715934 0.00774197513237596 0.0125250108540058 0.0165287088602781 0.0180761516094208 0.0184641666710377 0.0165968872606754 0.0285960379987955 0.0375341586768627 0.0383966527879238 0.0420629382133484 0.0472611971199512 0.0497088581323624 0.0630281865596771 0.0601838864386082 0.0738446936011314 0.0859360471367836 0.079042986035347 0.0658704712986946 0.0490541905164719 0.0447551570832729 0.0425759963691235 0.0374356433749199 0.0418045707046986 0.0464941337704659 0.0479477606713772 0.0428730323910713 0.037832073867321 0.0390705578029156 0.0328384265303612 0.0337756313383579 0.0343296378850937 0.0407511666417122 0.0393250584602356 0.045799370855093 0.0455551445484161 0.0533847510814667 0.0528104826807976 0.0609358325600624 0.0610521249473095 0.0704246088862419 0.0837954208254814 0.0949870124459267 0.0938912183046341 0.0916417390108109 0.089497908949852 0.106148988008499 0.106855846941471 0.111124262213707 0.114074029028416 0.11185011267662
0.0120053812861443 0.0133792934939265 0.0109566608443856 0.0144600551575422 0.0140780741348863 0.014472234994173 0.0174606405198574 0.0254598539322615 0.028139054775238 0.0350727513432503 0.0443247370421886 0.0518545918166637 0.0526191517710686 0.0607334487140179 0.0714330673217773 0.0696729347109795 0.068108469247818 0.0863791182637215 0.0847395658493042 0.0720724388957024 0.0482661873102188 0.0469317547976971 0.0482885278761387 0.0424574054777622 0.0444514192640781 0.0496871396899223 0.0444378554821014 0.045873936265707 0.0391027592122555 0.0391283147037029 0.040057972073555 0.0404468141496181 0.0401238575577736 0.0463596396148205 0.0450549349188805 0.0537366978824139 0.0526969768106937 0.0621420443058014 0.0599782653152943 0.0707022100687027 0.0695305243134499 0.0808009952306747 0.090543657541275 0.106831878423691 0.0924165025353432 0.085979200899601 0.103258557617664 0.102771990001202 0.104819051921368 0.107820250093937 0.107945658266544
0.0158326923847198 0.0244026016443968 0.0320279821753502 0.0364048257470131 0.0369785726070404 0.0378250852227211 0.0412443652749062 0.040593110024929 0.042294517159462 0.0437293462455273 0.043143879622221 0.0516872778534889 0.0600999854505062 0.0573171265423298 0.0673427805304527 0.0686664283275604 0.0699575841426849 0.0817314386367798 0.0834046751260757 0.0790206864476204 0.0590927042067051 0.0555642955005169 0.0546626932919025 0.0599387623369694 0.0464664474129677 0.0495830364525318 0.0512136556208134 0.0446263886988163 0.0463507287204266 0.0473042540252209 0.0461787022650242 0.046422079205513 0.0462066866457462 0.0458202660083771 0.0530165955424309 0.0527753345668316 0.0506364218890667 0.0601956099271774 0.0585538521409035 0.0699030384421349 0.0816198587417603 0.0802908167243004 0.0914856493473053 0.105350404977798 0.102931007742882 0.101452134549618 0.100999221205711 0.0998206064105034 0.120824500918388 0.103946782648563 0.10380344837904
0.0338784381747246 0.0348497144877911 0.0324732325971127 0.032634187489748 0.0351121239364147 0.0407314673066139 0.043687891215086 0.0456392206251621 0.0451855696737766 0.0506410896778107 0.0539145767688751 0.0535229593515396 0.0573679096996784 0.0661646947264671 0.0696629881858826 0.0700991526246071 0.0765708088874817 0.0784259736537933 0.0802505314350128 0.0759779736399651 0.0621510781347752 0.0600259304046631 0.0555873438715935 0.0573863200843334 0.0489758439362049 0.0513151809573174 0.0520349182188511 0.0548349395394325 0.0548332519829273 0.0545826368033886 0.055239599198103 0.0526135787367821 0.0524904876947403 0.0526101514697075 0.0523705817759037 0.060487125068903 0.0611053742468357 0.0579911358654499 0.0692551136016846 0.068747915327549 0.0799783170223236 0.077527292072773 0.0896230041980743 0.0887161791324615 0.104652032256126 0.101852186024189 0.101518161594868 0.11811638623476 0.118701949715614 0.123412325978279 0.119805246591568
0.0345935709774494 0.0365884304046631 0.0335774198174477 0.0399080775678158 0.0372397862374783 0.0409079976379871 0.0449295118451118 0.0463706143200397 0.0487624555826187 0.0457834154367447 0.0494263432919979 0.0544633120298386 0.0629073828458786 0.0646010711789131 0.0759202837944031 0.0758839696645737 0.0757233873009682 0.0764631852507591 0.0771342813968658 0.0736055076122284 0.0691703855991364 0.057428564876318 0.057395875453949 0.0573945380747318 0.0572854392230511 0.058169923722744 0.0625172033905983 0.0627924352884293 0.0635635033249855 0.0629766061902046 0.0518361441791058 0.0517380759119987 0.0613920427858829 0.0609185099601746 0.0596001595258713 0.0597239285707474 0.0583256222307682 0.0690725520253181 0.0679502412676811 0.0662762969732285 0.0778269097208977 0.0758693963289261 0.0893078669905663 0.0869366675615311 0.101214542984962 0.117493890225887 0.120848901569843 0.117062322795391 0.11812736839056 0.118254959583282 0.13867312669754
0.0385397151112556 0.0370065197348595 0.0394121557474136 0.0422602631151676 0.0439261756837368 0.0396491214632988 0.0453681163489819 0.0447833836078644 0.0450645722448826 0.047764353454113 0.056102454662323 0.0591685473918915 0.0633639618754387 0.0657667964696884 0.0720628276467323 0.0689680054783821 0.0734077319502831 0.0833682864904404 0.0853133797645569 0.0726498812437057 0.0703780874609947 0.0574354380369186 0.0565100722014904 0.0582664348185062 0.0583006888628006 0.0582493133842945 0.0601035244762897 0.0618747174739838 0.0606174245476723 0.0615313090384007 0.0608574375510216 0.0604600682854652 0.0611759573221207 0.060505423694849 0.071953684091568 0.0700970813632011 0.0693899169564247 0.0683372020721436 0.06715177744627 0.0795950070023537 0.076247975230217 0.088091716170311 0.0895112678408623 0.0883713066577911 0.103454262018204 0.117875263094902 0.0989974215626717 0.118687234818935 0.116978466510773 0.136806339025497 0.118358798325062
0.0403671711683273 0.042527299374342 0.0453067719936371 0.043290738016367 0.0456737391650677 0.0443418808281422 0.0451720766723156 0.0479093119502068 0.0554011762142181 0.0560161285102367 0.0591830424964428 0.0602487996220589 0.0611444376409054 0.067424550652504 0.0741015821695328 0.0709677189588547 0.0833727493882179 0.0895284488797188 0.0797533169388771 0.0710411891341209 0.0696887820959091 0.0689677149057388 0.0699356570839882 0.0721362456679344 0.0580727756023407 0.0579280331730843 0.0579797960817814 0.0597331337630749 0.0698381140828133 0.0715328529477119 0.0716639533638954 0.0705918148159981 0.0708903595805168 0.0686530470848083 0.0677365437150002 0.0689603239297867 0.0673420205712318 0.0799834802746773 0.0779541656374931 0.0765937119722366 0.0751940011978149 0.0898241400718689 0.0898573696613312 0.0861856564879417 0.100490041077137 0.101365484297276 0.0993983298540115 0.117118194699287 0.117874175310135 0.11498910933733 0.116680070757866
0.0414513722062111 0.0442168936133385 0.0435186065733433 0.0480824448168278 0.0479518547654152 0.0531040094792843 0.0498355962336063 0.0517832599580288 0.0544961839914322 0.0556282065808773 0.0611015483736992 0.0595950372517109 0.066331721842289 0.0673154816031456 0.0798800736665726 0.076633520424366 0.0839592218399048 0.0912417247891426 0.0930126011371613 0.081413097679615 0.0797965005040169 0.0671133100986481 0.0672497972846031 0.0675951093435287 0.069009929895401 0.0674978867173195 0.0662946105003357 0.0673126578330994 0.0682641342282295 0.0682950913906097 0.0809513255953789 0.0809439420700073 0.0812100172042847 0.0805716514587402 0.0800210386514664 0.0793420523405075 0.078068882226944 0.0777010321617126 0.0932646468281746 0.0923392698168755 0.0903306156396866 0.0915390402078629 0.087907500565052 0.101586498320103 0.100916348397732 0.101972565054893 0.0986795648932457 0.116591803729534 0.116611398756504 0.116463363170624 0.117533452808857
0.0495871342718601 0.04760567471385 0.0534901693463326 0.0513411127030849 0.0487776771187782 0.0552811920642853 0.0542834848165512 0.0493161380290985 0.0573927611112595 0.0668634623289108 0.0659096091985703 0.0628605633974075 0.0680548027157784 0.0762752816081047 0.0643273741006851 0.0857359990477562 0.0934503525495529 0.0908298492431641 0.0752631947398186 0.0766089484095573 0.0777702108025551 0.0763367041945457 0.064977839589119 0.0653097555041313 0.0672484561800957 0.0668084621429443 0.0661478489637375 0.0661488175392151 0.0663670375943184 0.0780630707740784 0.0805103555321693 0.0793901681900024 0.0948840975761414 0.125881761312485 0.095386691391468 0.0924767479300499 0.0906950086355209 0.0930992588400841 0.0913669541478157 0.0909213349223137 0.0899323299527168 0.0896643102169037 0.106165006756783 0.104312412440777 0.105149857699871 0.101884387433529 0.120280794799328 0.120826385915279 0.120209433138371 0.114706613123417 0.119172528386116
0.0455641560256481 0.0541521683335304 0.0569425895810127 0.053012490272522 0.0524695292115211 0.0533866435289383 0.0460213124752045 0.0469525158405304 0.0638559758663177 0.065166674554348 0.0736117139458656 0.0686722099781036 0.0684609860181808 0.0717359483242035 0.0721681192517281 0.0727853700518608 0.0875580534338951 0.0866994261741638 0.0867492109537125 0.0878836810588837 0.0732328742742538 0.0875767320394516 0.0734806060791016 0.0636780932545662 0.0643546506762505 0.0767410323023796 0.0625542178750038 0.0778755396604538 0.0767542198300362 0.0762969776988029 0.0904309526085854 0.0919728577136993 0.09452935308218 0.109685800969601 0.110332578420639 0.108078315854073 0.091019406914711 0.0915464237332344 0.106553316116333 0.106487527489662 0.105876989662647 0.106120325624943 0.105787225067616 0.103772342205048 0.10282988101244 0.123618416488171 0.12055578827858 0.123018063604832 0.138437002897263 0.118065021932125 0.115952841937542
0.0493705198168755 0.0415958948433399 0.0570672489702702 0.0566648505628109 0.0559595562517643 0.0600318759679794 0.0436718352138996 0.0527529716491699 0.0651423186063766 0.0638337060809135 0.07703597843647 0.0759319290518761 0.0744111686944962 0.0820862650871277 0.0710615292191505 0.0833834111690521 0.0662912651896477 0.0816389694809914 0.0830732211470604 0.0815715789794922 0.0688280537724495 0.0839140489697456 0.0868755355477333 0.0728715285658836 0.0719598457217216 0.0722910985350609 0.0734948217868805 0.0734807029366493 0.0734599828720093 0.0892106369137764 0.0885279402136803 0.107027299702168 0.109353773295879 0.108465790748596 0.127394676208496 0.109333038330078 0.107754930853844 0.107164479792118 0.105942942202091 0.108679547905922 0.105266116559505 0.104451343417168 0.105136580765247 0.121042303740978 0.124985322356224 0.122885130345821 0.120021753013134 0.120529100298882 0.141236022114754 0.117789097130299 0.137658774852753
