data/climate_estimation/maxent_output/Smilax_ferox.asc
NCOLS 416 
NROWS 118 
XLLCORNER 83.0833333333333 
YLLCORNER 22.25 
CELLSIZE 0.0833333333333333 
NODATA_value -3.4e+38 
[rows 0 to 19 of 118, columns 132 to 175 of 416]
0.000302991276839748 0.000317064608680084 0.000217455250094645 0.000347170454915613 0.000472309038741514 0.000423896301072091 0.000340721686370671 0.00024588912492618 0.000610283808782697 0.00034562821383588 0.000238779452047311 0.000248917582212016 0.000490796577651054 0.000490796577651054 0.000365743122529238 0.000340095692081377 0.000353625830030069 0.000493491301313043 0.000716887530870736 0.000696966540999711 0.00148726650513709 0.00130130536854267 0.0018973033875227 0.00180710921995342 0.000923505635000765 0.00139150640461594 0.00113116437569261 0.00115185149479657 0.00156109209638089 0.0013186251744628 0.00115707784425467 0.00148748396895826 0.00132783083245158 0.00108902191277593 0.001210986985825 0.0010941942455247 0.00128245132509619 0.00128245132509619 0.00125295319594443 0.000905484950635582 0.00094483676366508 0.000898583210073411 0.00115000479854643 0.000852912082336843
0.000395045586628839 0.000229440585826524 0.000252778234425932 0.000302666507195681 0.000402599311200902 0.000374021008610725 0.000395337759982795 0.000557438179384917 0.000362806342309341 0.00075930159073323 0.000795461353845894 0.000389494467526674 0.000302455358905718 0.000262523913988844 0.000456499343272299 0.000326714070979506 0.000480199058074504 0.000675223942380399 0.000605181558057666 0.000663393293507397 0.00124899623915553 0.00121180585119873 0.00125156529247761 0.00290216854773462 0.0015294193290174 0.00184631592128426 0.00133925606496632 0.00116888585034758 0.00109057745430619 0.00119737861678004 0.00110295333433896 0.00155461160466075 0.0016749429050833 0.00222062156535685 0.00201192568056285 0.00111778022255749 0.00134803506080061 0.00156975816935301 0.000974132970441133 0.000778623973019421 0.00107157917227596 0.00107688084244728 0.00137069262564182 0.00143079820554703
0.000532428617589176 0.000527190626598895 0.000420114462031052 0.000537750602234155 0.000474677770398557 0.000422394135966897 0.000180887276655994 0.000299000297673047 0.000306766334688291 0.000283326691715047 0.000996554852463305 0.000383078295271844 0.000393617578083649 0.000456772104371339 0.000600758590735495 0.00039630028186366 0.00032781736808829 0.00075988651951775 0.000786394171882421 0.000830216566100717 0.000719207746442407 0.000903737090993673 0.0012937857536599 0.00205749203450978 0.00262579112313688 0.0020681913010776 0.00217028940096498 0.00101385754533112 0.00128121394664049 0.0016203880077228 0.00134080182760954 0.00174653483554721 0.00120946951210499 0.000999512383714318 0.00178038259036839 0.00165555509738624 0.000815507955849171 0.00105089298449457 0.00117598427459598 0.000669947126880288 0.000851613061968237 0.00091562996385619 0.00101958145387471 0.00115726911462843
0.000504563155118376 0.000558979634661227 0.00066829175921157 0.000551128585357219 0.000883277738466859 0.000599952007178217 0.000310945062665269 9.66033694567159e-05 0.000224176605115645 0.000474277621833608 0.000865588081069291 0.00129441975150257 0.000986136845313013 0.000617853773292154 0.000431268301326782 0.000925312109757215 0.000453824730357155 0.000436520262155682 0.000483967887703329 0.00055165943922475 0.000730566505808383 0.000587101734708995 0.000725615245755762 0.000836274761240929 0.00121012050658464 0.00173675874248147 0.00326831196434796 0.00163217878434807 0.00112748262472451 0.00163786637131125 0.00129316956736147 0.00119931565131992 0.000990857603028417 0.00121433637104928 0.00162841903511435 0.00217190780676901 0.00115392252337188 0.000835690705571324 0.000978112570010126 0.000641381309833378 0.00070700712967664 0.000862309301737696 0.00108218262903392 0.00176728703081608
0.000289730582153425 0.000570097472518682 0.00139943696558475 0.000790495367255062 0.000727993668988347 0.000853399222251028 0.000915648124646395 0.000580322579480708 0.000734503555577248 0.000585775123909116 0.000706688850186765 0.00172693002969027 0.000616443052422255 0.000419687625253573 0.000599203631281853 0.000524469942320138 0.000487714336486533 0.000495288288220763 0.000746524892747402 0.00072175997775048 0.000661761616356671 0.000557524734176695 0.000694839109200984 0.000561868597287685 0.000611855241004378 0.000987353385426104 0.00218246155418456 0.00251991045661271 0.00211882870644331 0.00219063856638968 0.00227632327005267 0.00119440222624689 0.00148561643436551 0.00128589570522308 0.00169763166923076 0.00189924717415124 0.00166660698596388 0.000908757734578103 0.00134755217004567 0.00134140090085566 0.000825302326120436 0.000757627771236002 0.000866774062160403 0.00116736977361143
0.000273621786618605 0.000321634346619248 0.00120612420141697 0.000946619780734181 0.000448997132480145 0.000903716892935336 0.0016678700922057 0.00126854632981122 0.0016192935872823 0.000685408595018089 0.00090585311409086 0.00265826866962016 0.00256397412158549 0.00141461426392198 0.00142465671524405 0.00121494347695261 0.00101566535886377 0.00107697863131762 0.000949483248405159 0.000968088919762522 0.00103577284608036 0.00086787628242746 0.000993670313619077 0.000847899471409619 0.000920424412470311 0.000812515441793948 0.00123138574417681 0.0014104435686022 0.00126303895376623 0.00175652327015996 0.00177298067137599 0.00240219384431839 0.0021369606256485 0.00136339850723743 0.00130421028006822 0.00183254748117179 0.00203217356465757 0.00122264341916889 0.000802801514510065 0.0013420480536297 0.00127708085346967 0.00104320130776614 0.00082921254215762 0.000913723488338292
0.000467893609311432 0.000362821971066296 0.000690823420882225 0.000504070427268744 0.000747673213481903 0.00131625484209508 0.00159338349476457 0.00106105150189251 0.000846451730467379 0.000616839854046702 0.000847604707814753 0.00277633965015411 0.00149710627738386 0.00204245140776038 0.00316019426099956 0.00134578987490386 0.00107999716419727 0.000983869424089789 0.00132733769714832 0.00104612007271498 0.000793206854723394 0.000885257963091135 0.000931793125346303 0.000896725512575358 0.00100541871506721 0.00157215190120041 0.00143838592339307 0.00121015112381428 0.00118693104013801 0.00138944096397609 0.00155104987788945 0.00153330666944385 0.00287049985490739 0.00213510007597506 0.00114182289689779 0.00131184002384543 0.00119888922199607 0.00129566306713969 0.000963513273745775 0.00100295001175255 0.000953374605160207 0.00124938238877803 0.00078648078488186 0.000733112974558026
0.000922101666219532 0.000845793809276074 0.00121067208237946 0.00192020880058408 0.00178514502476901 0.00229386682622135 0.00175371777731925 0.00107804522849619 0.000562146480660886 0.0005527114844881 0.000673892383929342 0.00258547789417207 0.00117206003051251 0.000410072010708973 0.00072369899135083 0.00140591571107507 0.00202264450490475 0.00280061387456954 0.00413933023810387 0.00245376024395227 0.00129929045215249 0.00120525702368468 0.00117957731708884 0.00133906630799174 0.001446328824386 0.00131222035270184 0.00111627380829304 0.00213549425825477 0.00155265617650002 0.00121506920550019 0.00155552593059838 0.00192563852760941 0.00263121747411788 0.00203994428738952 0.00116721773520112 0.00135577458422631 0.00130830961279571 0.00167503778357059 0.00126011914107949 0.000949406996369362 0.00129290553741157 0.000909423513803631 0.00108075060416013 0.000814790488220751
0.000387206906452775 0.000381221587304026 0.00056336127454415 0.000503616349305958 0.000683633203152567 0.0010508531704545 0.000773506180848926 0.000368910143151879 0.000385565508622676 0.000372245325706899 0.000595746387261897 0.00290158414281905 0.000599729595705867 0.000630593451205641 0.000583174463827163 0.000758886453695595 0.000940115191042423 0.00187547935638577 0.00479554571211338 0.00322188530117273 0.00177467509638518 0.00198676832951605 0.00112870219163597 0.00131797231733799 0.00185869517736137 0.00217753439210355 0.00195294956211001 0.0019759526476264 0.0019140939693898 0.00215094280429184 0.00172818580176681 0.00109148968476802 0.00132504990324378 0.00184813805390149 0.00212626182474196 0.00109141087159514 0.00150969007518142 0.00171402317937464 0.000935811665840447 0.00107000442221761 0.000966764346230775 0.000983656966127455 0.000789904035627842 0.000700154050718993
0.000350172573234886 0.000698769639711827 0.00100066873710603 0.00134260964114219 0.00217272434383631 0.00207984168082476 0.000587629328947514 0.000392709829611704 0.000345172476954758 0.000556521816179156 0.000656292715575546 0.00110626313835382 0.00148696999531239 0.00168586487416178 0.00085262261563912 0.00103782094083726 0.00167019839864224 0.00199260283261538 0.00109782593790442 0.0027549231890589 0.00562954414635897 0.00348918838426471 0.0023448052816093 0.00173505779821426 0.00111850118264556 0.00151606183499098 0.00197393214330077 0.00198430847376585 0.00212099822238088 0.00181093858554959 0.00291788298636675 0.00150233379099518 0.00102638197131455 0.00163104210514575 0.0021048525813967 0.00119156611617655 0.00136415439192206 0.00144182180520147 0.00093722710153088 0.00114482745993882 0.000883876346051693 0.000909099355340004 0.000881571148056537 0.000703539524693042
0.000655482348520309 0.00135354150552303 0.00130677502602339 0.00136504031252116 0.00238202093169093 0.00168890703935176 0.00220896489918232 0.000743230513762683 0.000593285891227424 0.000777316337917 0.00175623421091586 0.00198756391182542 0.00463637802749872 0.00459232600405812 0.00239323894493282 0.00342001742683351 0.00194853229913861 0.000980179756879807 0.000711649307049811 0.00112690811511129 0.00661735702306032 0.00421541044488549 0.00483111012727022 0.00401251297444105 0.00258461968041956 0.00154947536066175 0.00112515850923955 0.00131756078917533 0.00230220914818347 0.00278637604787946 0.0030594861600548 0.00165802601259202 0.00129384093452245 0.0013923579826951 0.00208770902827382 0.00198486656881869 0.00172663992270827 0.00172928592655808 0.00111757288686931 0.000866092916112393 0.00109839858487248 0.00106284010689706 0.00080911215627566 0.00102725368924439
0.000409340747864917 0.000307226087898016 0.000885184272192419 0.000285302172414958 0.000885471585206687 0.000853713660035282 0.00256851292215288 0.00157912587746978 0.00248219864442945 0.0032995652873069 0.00391634274274111 0.00454312423244119 0.00365389487706125 0.00416617514565587 0.00464053964242339 0.0081593869253993 0.00379136181436479 0.000794443651102483 0.000719344476237893 0.0019398391013965 0.00297282915562391 0.0013050923589617 0.00124545604921877 0.00160282209981233 0.00142352539114654 0.00186001835390925 0.00174620095640421 0.00117687543388456 0.0014249065425247 0.0017224958864972 0.00231188000179827 0.00264791306108236 0.00153231678996235 0.00182492763269693 0.00163192127365619 0.00133482902310789 0.00165563588961959 0.00190034310799092 0.00104668841231614 0.001239167409949 0.000703716184943914 0.00107180525083095 0.000775723194237798 0.000844342401251197
0.000176807705429383 0.000404684571549296 0.000354572373908013 0.000257983134360984 0.00018039187125396 0.000725549354683608 0.000924367865081877 0.00232652272097766 0.00274551194161177 0.00102029286790639 0.00124107347801328 0.00224194466136396 0.00206000730395317 0.00221088319085538 0.00271946331486106 0.00159450364299119 0.00721215317025781 0.00106197805143893 0.000800613954197615 0.001129484269768 0.00616286648437381 0.00207124301232398 0.000966508057899773 0.00159680971410125 0.00158135930541903 0.00152143673039973 0.00181499018799514 0.00126788241323084 0.00111717032268643 0.00120083813089877 0.00131611688993871 0.00162675208412111 0.00130001897923648 0.00186506006866693 0.0011117608519271 0.0012865262106061 0.00129450438544154 0.00221771164797246 0.0022310777567327 0.00161233823746443 0.000886503083165735 0.00087244447786361 0.000873732496984303 0.000877819140441716
0.000372767710359767 0.000425690348492935 0.000151673084474169 0.0001651780330576 0.000189344515092671 0.000405462807975709 0.000584665860515088 0.00360943097621202 0.001488137524575 0.000656523276120424 0.00163258030079305 0.00261716777458787 0.00145533203613013 0.00341778690926731 0.00201719277538359 0.00195987476035953 0.00588834891095757 0.0114808697253466 0.00401196349412203 0.0059164552949369 0.00722489040344954 0.00852448306977749 0.00561193935573101 0.00253960839472711 0.00322184828110039 0.00211759726516902 0.00205664383247495 0.00236084568314254 0.00169161707162857 0.000963912054430693 0.000919161539059132 0.00124547595623881 0.000873025390319526 0.00136661331634969 0.00156573939602822 0.0014429729199037 0.00115679216105491 0.00108906370587647 0.00164536770898849 0.00235423468984663 0.000982157187536359 0.00110134005080909 0.000757870438974351 0.000966661202255636
0.000150060033774935 0.000161324001965113 0.00016350278747268 0.000182754942215979 0.000265991664491594 0.000479768728837371 0.00169910024851561 0.00234492542222142 0.00133207801263779 0.000415430753491819 0.00154331722296774 0.000991006847470999 0.00111577869392931 0.00155433116015047 0.00174705334939063 0.00304025039076805 0.00512374518439174 0.00660319905728102 0.00879602134227753 0.00737662240862846 0.00253402092494071 0.0026000568177551 0.00194624892901629 0.00236530136317015 0.00492700282484293 0.00749013805761933 0.00689429696649313 0.00400839140638709 0.00202102237381041 0.00128094584215432 0.00129095686133951 0.00126928847748786 0.00121269538067281 0.000933771952986717 0.00114860641770065 0.00131084059830755 0.00168761902023107 0.00125460454728454 0.00180217402521521 0.00237287417985499 0.00116008496843278 0.000991112436167896 0.00148581888061017 0.00114585040137172
0.000242057591094635 0.000302966072922572 0.000359174387995154 0.000245989009272307 0.000404236925533041 0.000216913671465591 0.000297162448987365 0.00020891017629765 0.000376930955098942 0.00133714242838323 0.000990430125966668 0.00119735323823988 0.00129420042503625 0.00127518211957067 0.00126579648349434 0.00216014706529677 0.00469584623351693 0.0034084296785295 0.00940235517919064 0.00947214290499687 0.00681584468111396 0.00320732733234763 0.00182421249337494 0.00268339831382036 0.00270506599918008 0.00218727416358888 0.0039772973395884 0.00686585111543536 0.00104252831079066 0.000851262826472521 0.00108412385452539 0.00183649803511798 0.00165365822613239 0.00135582883376628 0.000993618974462152 0.00106692523695529 0.00153961102478206 0.00146011915057898 0.00167705316562206 0.00247786217369139 0.00136970612220466 0.00155243801418692 0.00127656362019479 0.00137445342261344
0.000148258885019459 0.000576726975850761 0.00114310509525239 0.00104540551546961 0.000648708431981504 0.000210067853913642 0.000288828072370961 0.000634736497886479 0.00063484109705314 0.000399568089051172 0.000739137118216604 0.000417336152167991 0.000366847321856767 0.000684884667862207 0.000680897268466651 0.00113664090167731 0.0020882454700768 0.0023763703648001 0.00366090261377394 0.00414461875334382 0.00497827818617225 0.00557365082204342 0.00266143307089806 0.00308007746934891 0.00355068198405206 0.00154578941874206 0.00300904922187328 0.00694944756105542 0.00255289417691529 0.00122027099132538 0.00186754984315485 0.00211771437898278 0.0021193262655288 0.00144375220406801 0.00120290869381279 0.00102235667873174 0.00141025544144213 0.00144266395363957 0.00160022964701056 0.00335045671090484 0.00233725388534367 0.00282200681976974 0.00164355733431876 0.00206565298140049
0.00028538194601424 0.000345419597579166 0.000141224430990405 7.70181140978821e-05 0.000255681748967618 0.000308736081933603 0.000215156804188155 0.000417489965911955 0.000214157713344321 0.000205696662305854 0.000440794799942523 0.000285672984318808 0.000339347257977352 0.000608292408287525 0.000733043998479843 0.000794450810644776 0.000884887820575386 0.000801661459263414 0.0011448422446847 0.00161251169629395 0.00341215752996504 0.00472221244126558 0.00274792732670903 0.00192700477782637 0.0024722982198 0.0020121238194406 0.00111335550900549 0.00286160758696496 0.00328102055937052 0.00201534340158105 0.00208330503664911 0.00128644541837275 0.00112243869807571 0.00136183446738869 0.00170604861341417 0.00134927616454661 0.00171443494036794 0.001209880807437 0.00111892155837268 0.00195669988170266 0.00344009534455836 0.00430540880188346 0.0021834063809365 0.00301391282118857
0.00122595275752246 0.000119716918561608 0.000304764602333307 0.000191023282241076 0.000161631280207075 0.00022100837668404 0.000143221812322736 0.000529180571902543 0.0009760603425093 0.00124983582645655 0.00133750727400184 0.000360294419806451 0.000629551417659968 0.00131199555471539 0.00148183351848274 0.000686047249473631 0.0011787231778726 0.000936256779823452 0.00103530881460756 0.000834577949717641 0.00160489324480295 0.000776830362156034 0.00103715911973268 0.00122052093502134 0.00274536176584661 0.0028528377879411 0.00202137650921941 0.00201344140805304 0.00755507312715054 0.00244134850800037 0.00282973446883261 0.00150559528265148 0.000923827872611582 0.0010049045085907 0.000965552579145879 0.00143706623930484 0.00126051774714142 0.00141540821641684 0.000911795941647142 0.00104501598980278 0.0011686033103615 0.00170849822461605 0.00176941766403615 0.00156385044101626
0.00281886477023363 0.000778297137003392 0.00100349879357964 0.000686231767758727 0.000346672517480329 0.000928606605157256 0.00043714081402868 0.000278127758065239 0.00206337822601199 0.00122721283696592 0.0038916845805943 0.0008080875268206 0.00090715492842719 0.0015387712046504 0.00128239672631025 0.00140058854594827 0.00168476195540279 0.00133372761774808 0.00110629643313587 0.00102885416708887 0.000794286665041 0.00122319324873388 0.00150791089981794 0.00161355035379529 0.0013869134709239 0.00274918717332184 0.00375942699611187 0.0102294664829969 0.0135572543367743 0.0104259504005313 0.00581416487693787 0.00791640020906925 0.00104366114828736 0.000877238169778138 0.000927212764509022 0.00107750901952386 0.00154861831106246 0.00148931634612381 0.00155984982848167 0.001426768489182 0.00122479442507029 0.00142311840318143 0.00323439436033368 0.0010324576869607
