data/climate_estimation/maxent_output/Smilax_hayatae.asc
NCOLS 265 
NROWS 99 
XLLCORNER 100.166666666667 
YLLCORNER 23.3333333333333 
CELLSIZE 0.0833333333333333 
NODATA_value -3.4e+38 
[rows 20 to 39 of 99, columns 0 to 44 of 265]
0.00157136423513293 0.00209076819010079 0.00246439944021404 0.00223896699026227 0.00257313344627619 0.00193314382340759 0.00199161330237985 0.00218105292879045 0.00314278248697519 0.00284354668110609 0.00422197207808495 0.00423473166301847 0.0027192363049835 0.00330285192467272 0.00352172739803791 0.00373771204613149 0.00443965522572398 0.00477664917707443 0.0040759751573205 0.00297841941937804 0.00376391038298607 0.00439674453809857 0.00616421876475215 0.0113237434998155 0.0188246034085751 0.016010819002986 0.0205035693943501 0.0225479174405336 0.0286732111126184 0.0364114046096802 0.0582800358533859 0.0804104506969452 0.139536947011948 0.128083646297455 0.227377682924271 0.213257700204849 0.391436487436295 0.392208069562912 0.394906342029572 0.392326563596725 0.346520632505417 0.321449846029282 0.26931756734848 0.23028589785099 0.218196988105774
0.00196263450197875 0.00216745887883008 0.00242453045211732 0.00263774581253529 0.00180003792047501 0.00185305380728096 0.00230861315503716 0.00177316111512482 0.00257074320688844 0.00398891745135188 0.00369012542068958 0.0047668069601059 0.00300233834423125 0.00308475643396378 0.00308497971855104 0.00407043984159827 0.00508010992780328 0.00436785537749529 0.00353856245055795 0.00322049204260111 0.00230317306704819 0.00344332866370678 0.00973216071724892 0.00961238704621792 0.0191948134452105 0.0169895477592945 0.0167916044592857 0.0252327267080545 0.0350100472569466 0.0437056012451649 0.0637520328164101 0.0947824716567993 0.112159721553326 0.0902596190571785 0.128654211759567 0.207683265209198 0.355979770421982 0.30833625793457 0.390883892774582 0.391707837581635 0.387002557516098 0.328344345092773 0.273400098085403 0.250970900058746 0.216557458043098
0.00205044774338603 0.0023738881573081 0.00272742309607565 0.00246084714308381 0.0024882189463824 0.00177650875411928 0.00239509623497725 0.00218822248280048 0.00177892600186169 0.00284229824319482 0.00454860925674438 0.00399812636896968 0.0026849948335439 0.00261482503265142 0.00349185499362648 0.0041955397464335 0.00408875336870551 0.00392499519512057 0.0035718020517379 0.00341916643083096 0.00241894903592765 0.00685618352144957 0.014944139868021 0.0152651686221361 0.0236888900399208 0.0181306861341 0.0221753027290106 0.0236885715276003 0.0339674539864063 0.0375991091132164 0.0502177327871323 0.0672831460833549 0.0813285708427429 0.0659335106611252 0.108582071959972 0.125797644257545 0.268345236778259 0.211679577827454 0.299660533666611 0.347414314746857 0.397883713245392 0.329434841871262 0.275380283594131 0.25506180524826 0.219052359461784
0.00141399609856308 0.00148546707350761 0.00229723565280437 0.00253191124647856 0.00176017114426941 0.00305528473109007 0.00203769141808152 0.00238830293528736 0.00256083183921874 0.00286882626824081 0.00420389184728265 0.00480087054893374 0.00217934395186603 0.00255722715519369 0.00444919941946864 0.0038720837328583 0.00436909962445498 0.00356935407035053 0.00435789953917265 0.00364776188507676 0.00180804287083447 0.00215610233135521 0.0115986615419388 0.018766887485981 0.0202604979276657 0.0181219466030598 0.0237918570637703 0.0278035011142492 0.0289046783000231 0.0321226790547371 0.0378635972738266 0.0538814328610897 0.0536089912056923 0.0701942592859268 0.0817313641309738 0.0964615866541862 0.166794627904892 0.155895575881004 0.196426928043365 0.374607235193253 0.399627894163132 0.319895654916763 0.270281106233597 0.25244864821434 0.219340965151787
0.00132586702238768 0.00152641837485135 0.00149831373710185 0.0017604207387194 0.00182159955147654 0.0027586838696152 0.00244973134249449 0.00207374710589647 0.00212788954377174 0.00309087405912578 0.0026148515753448 0.00501155713573098 0.00246025691740215 0.00349323987029493 0.00410720286890864 0.00302316225133836 0.00352981803007424 0.00369885447435081 0.00433533126488328 0.00511940522119403 0.00202515046112239 0.00458261743187904 0.00920360814779997 0.0173172447830439 0.0229508820921183 0.0184053815901279 0.0239490251988173 0.0267467815428972 0.0322199985384941 0.0331037938594818 0.0410281904041767 0.0464577078819275 0.0559492446482182 0.0583289749920368 0.0685348212718964 0.0821027532219887 0.0870679914951324 0.103854447603226 0.170049116015434 0.378911167383194 0.35586553812027 0.307035028934479 0.256209164857864 0.246379166841507 0.23791278898716
0.001574383233674 0.00163208681624383 0.00149934052024037 0.00169438368175179 0.00204573385417461 0.00280133564956486 0.00255327043123543 0.0023106352891773 0.00289829261600971 0.0023465040139854 0.00232835998758674 0.00460792100057006 0.00418240670114756 0.00511609762907028 0.0027867304161191 0.00506422482430935 0.0041266237385571 0.00415535550564528 0.00365872448310256 0.00360627332702279 0.00701143173500896 0.0056734629906714 0.00961474981158972 0.0176617950201035 0.0242479722946882 0.0215798076242208 0.0206817835569382 0.0240382179617882 0.0328689217567444 0.0305505264550447 0.038458839058876 0.0459109358489513 0.0571140721440315 0.0558097176253796 0.0690681412816048 0.073797732591629 0.0817195102572441 0.093692921102047 0.158242896199226 0.202298894524574 0.285112529993057 0.270137280225754 0.25187686085701 0.24382609128952 0.234086945652962
0.00153617956675589 0.0015152784762904 0.0017516576917842 0.00213571009226143 0.00198677345179021 0.00203606602735817 0.00320147024467587 0.00250309985131025 0.00341071793809533 0.00411836057901382 0.00669275922700763 0.00490768998861313 0.00446076178923249 0.00365435960702598 0.00290917558595538 0.00333166285417974 0.00349591812118888 0.003831084119156 0.00328863691538572 0.00396470073610544 0.00721743144094944 0.00988164078444242 0.0148746762424707 0.0177786555141211 0.0237567648291588 0.0222192425280809 0.0236101672053337 0.0301085598766804 0.0332972183823586 0.0295648612082005 0.0343094393610954 0.0485223643481731 0.0552438125014305 0.0632707253098488 0.0681137442588806 0.0723260045051575 0.0942220836877823 0.129606559872627 0.122051052749157 0.141789585351944 0.233913540840149 0.258797526359558 0.250471174716949 0.240903362631798 0.233359321951866
0.00162190524861217 0.00150429841596633 0.00167935213539749 0.0023236139677465 0.00215009995736182 0.00209397124126554 0.00235675578005612 0.00343326176516712 0.00289370934478939 0.0038287965580821 0.00707994075492024 0.0033141162712127 0.00222666747868061 0.00235975603573024 0.00249208649620414 0.00340836448594928 0.00347213260829449 0.00332111609168351 0.0034692045301199 0.00463894987478852 0.00359750841744244 0.0042782137170434 0.0100464010611176 0.0140043515712023 0.0215560421347618 0.0220330767333508 0.0272509716451168 0.0267890729010105 0.0275741778314114 0.0281732976436615 0.0346579365432262 0.0359264425933361 0.0495745092630386 0.0692161917686462 0.0628284364938736 0.0795634761452675 0.086321659386158 0.132435917854309 0.159603744745255 0.15902641415596 0.194745883345604 0.226503908634186 0.2174271941185 0.234212666749954 0.234213396906853
0.0015416817041114 0.00166308751795441 0.00169415923301131 0.00172550918068737 0.00264544179663062 0.0021589919924736 0.00305951852351427 0.00349642150104046 0.00268483185209334 0.00330028776079416 0.00710414862260222 0.00335414172150195 0.00219218479469419 0.00245619774796069 0.00282801152206957 0.00474656652659178 0.0044603287242353 0.0034119626507163 0.00327333365567029 0.00482607306912541 0.00597346620634198 0.0104536805301905 0.0134255839511752 0.0177351050078869 0.0222838763147593 0.0242585241794586 0.026221564039588 0.0281984712928534 0.0323908589780331 0.0330767706036568 0.0392352342605591 0.0395930372178555 0.0440862812101841 0.0567853413522243 0.0602493174374104 0.0728078708052635 0.0847273245453835 0.0925978124141693 0.101096116006374 0.10606974363327 0.148338377475739 0.183482244610786 0.20761950314045 0.20569521188736 0.226783528923988
0.0021776098292321 0.00183951680082828 0.00183427054435015 0.00185269047506154 0.00273425644263625 0.00343523896299303 0.00243981438688934 0.00308945355936885 0.00340270507149398 0.00285890558734536 0.00483664171770215 0.00700537720695138 0.00337245129048824 0.00297102425247431 0.00475507508963346 0.00470729917287827 0.00531089631840587 0.00369570730254054 0.00445964420214295 0.00469087297096848 0.00497246719896793 0.00771099189296365 0.014678611420095 0.01769002340734 0.0178286340087652 0.0253666881471872 0.0286148767918348 0.0312666706740856 0.0295807160437107 0.0377131216228008 0.0383712463080883 0.042109165340662 0.041318017989397 0.0548600517213345 0.0574860833585262 0.067858874797821 0.0669535547494888 0.0744101330637932 0.0878503024578094 0.0956233665347099 0.129196882247925 0.180071979761124 0.205785766243935 0.193746462464333 0.22739751636982
0.0022298984695226 0.00279267737641931 0.00260069221258163 0.00216419529169798 0.00265042879618704 0.00443936605006456 0.00316671398468316 0.00340226711705327 0.00364517816342413 0.00249548861756921 0.00443794624879956 0.00797826983034611 0.00534487515687943 0.00428462773561478 0.00494278781116009 0.00626631220802665 0.00672062719240785 0.00458075944334269 0.00368756032548845 0.00599864544346929 0.00614345399662852 0.0100341653451324 0.0175638999789953 0.00794313102960587 0.0123749328777194 0.0239702444523573 0.0256564393639565 0.0276414267718792 0.0309697054326534 0.0351580381393433 0.0318769104778767 0.0382211171090603 0.04645711556077 0.0582750253379345 0.0550794750452042 0.062968023121357 0.0693020597100258 0.0833582282066345 0.0914999544620514 0.0893144905567169 0.116411097347736 0.132759615778923 0.202152043581009 0.183956876397133 0.218033164739609
0.00193019781727344 0.00217497791163623 0.00195364304818213 0.00179638038389385 0.00181768380571157 0.00279725319705904 0.00500611867755651 0.00306699145585299 0.00455281836912036 0.00314860348589718 0.0030426278244704 0.00674531888216734 0.00675231171771884 0.00366775039583445 0.00395853910595179 0.00505722174420953 0.008587297052145 0.00453180447220802 0.0046814396046102 0.00803346652537584 0.00640623783692718 0.0121440635994077 0.0117157688364387 0.0129104964435101 0.0171441491693258 0.0252930372953415 0.0236295610666275 0.0229917280375957 0.0344262570142746 0.0341322384774685 0.0318561159074306 0.0322947762906551 0.0498703271150589 0.0440255552530289 0.0613490901887417 0.0636726394295692 0.0649265274405479 0.0780070498585701 0.0812641754746437 0.0983491837978363 0.136302024126053 0.13371853530407 0.16693352162838 0.138579979538918 0.188246637582779
0.00192727486137301 0.00206186552532017 0.00289609027095139 0.00308490288443863 0.00345505820587277 0.00521002011373639 0.00524755753576756 0.0034261685796082 0.00634006224572659 0.00413841288536787 0.00483385054394603 0.00618829345330596 0.00860653724521399 0.00441187154501677 0.00540616596117616 0.00407711323350668 0.00813584681600332 0.00870446767657995 0.00579673517495394 0.00871755927801132 0.00676819356158376 0.00861183367669582 0.0104869399219751 0.0152590563520789 0.0206465180963278 0.0236386898905039 0.021799074485898 0.0163285043090582 0.0325917415320873 0.0361291915178299 0.0380304977297783 0.0374793894588947 0.0454014465212822 0.0539264641702175 0.0498080924153328 0.06396484375 0.0608971901237965 0.0652849227190018 0.0672718957066536 0.0935395136475563 0.109677635133266 0.111921951174736 0.109476044774055 0.124595023691654 0.140268087387085
0.00245848088525236 0.00212570722214878 0.00229939143173397 0.00378200388513505 0.00547527708113194 0.00540458830073476 0.00420348905026913 0.00302106374874711 0.00607977947220206 0.00507313804700971 0.00522804539650679 0.00812264438718557 0.00851046852767467 0.00834943912923336 0.00459838751703501 0.00444638589397073 0.00475389696657658 0.0106131713837385 0.00988554861396551 0.0106671489775181 0.0077448938973248 0.00892436411231756 0.0172435082495213 0.0189167950302362 0.0204553753137589 0.0255110468715429 0.018920699134469 0.0221088211983442 0.0291585214436054 0.035467267036438 0.0384220220148563 0.0413924977183342 0.0481338351964951 0.0444611720740795 0.0564090497791767 0.054718192666769 0.0580783560872078 0.0610717311501503 0.0679441541433334 0.0695468336343765 0.102016545832157 0.107142828404903 0.10569279640913 0.12871715426445 0.126065090298653
0.00271100155077875 0.0022884663194418 0.002096506068483 0.00245077349245548 0.00473879696801305 0.00398249039426446 0.00265918346121907 0.00291869253851473 0.00591915426775813 0.00557397212833166 0.00495587242767215 0.00606864737346768 0.0103559708222747 0.0056718410924077 0.00420854240655899 0.00712361000478268 0.00778516614809632 0.0102940173819661 0.0119823701679707 0.0104021681472659 0.0128784636035562 0.0141553301364183 0.0129395667463541 0.0208476558327675 0.0243449043482542 0.0251908283680677 0.0128238666802645 0.0281705185770988 0.0309745743870735 0.0354445762932301 0.0390253663063049 0.0386877506971359 0.0444939322769642 0.0385377369821072 0.0524449944496155 0.0560385696589947 0.0653429627418518 0.0583766400814056 0.060485053807497 0.0724292173981667 0.0948655754327774 0.0869855210185051 0.105614259839058 0.108493313193321 0.139518603682518
0.00330138439312577 0.00410142075270414 0.0031305025331676 0.00462079048156738 0.00713774608448148 0.00446827337145805 0.00389905599877238 0.00287351245060563 0.00675219763070345 0.00448713358491659 0.00382532272487879 0.00774509087204933 0.0109498770907521 0.0061658201739192 0.00467412360012531 0.00506650796160102 0.00574983656406403 0.011869284324348 0.0145050063729286 0.015801714733243 0.0196542739868164 0.018602417781949 0.014425533823669 0.0237184930592775 0.0249483808875084 0.0230335276573896 0.0184788834303617 0.0301350448280573 0.0309093240648508 0.0360180102288723 0.0365661457180977 0.0375315584242344 0.0340016633272171 0.0398631542921066 0.0477985329926014 0.0532036013901234 0.0525606945157051 0.0520756430923939 0.0571683794260025 0.0650007650256157 0.0732384920120239 0.0769643783569336 0.0979209840297699 0.0945846661925316 0.139598444104195
0.00401361286640167 0.00479173334315419 0.00525981234386563 0.00509380083531141 0.00637610908597708 0.00600876798853278 0.00479060783982277 0.00405519874766469 0.00898558180779219 0.00582478661090136 0.0044380147010088 0.00695563713088632 0.0102802077308297 0.00793512258678675 0.00480666942894459 0.00831026677042246 0.00914154388010502 0.00741352001205087 0.0145764285698533 0.018646489828825 0.0188105050474405 0.0189804043620825 0.0185416899621487 0.0218707118183374 0.0259923078119755 0.0194834116846323 0.0236126240342855 0.0305858422070742 0.0303870607167482 0.035755567252636 0.0356495641171932 0.0397296510636806 0.037707045674324 0.0448384061455727 0.0458371005952358 0.0546092353761196 0.0465384721755981 0.0577046982944012 0.0559269972145557 0.0565052293241024 0.0563876517117023 0.0706733614206314 0.0775625258684158 0.101731568574905 0.0910933837294579
0.00386932189576328 0.00260292994789779 0.00328677427023649 0.00298006786033511 0.00580123113468289 0.00632062507793307 0.00397177878767252 0.00471207732334733 0.00931303855031729 0.00761383213102818 0.00565893016755581 0.00654879445210099 0.0116652827709913 0.0119020231068134 0.00861331541091204 0.00620960630476475 0.0120243402197957 0.0119546819478273 0.0143884085118771 0.0159447677433491 0.0210354067385197 0.0170461069792509 0.0208779070526361 0.0263741984963417 0.0269199516624212 0.0232004001736641 0.0256213173270226 0.0283005349338055 0.0296845082193613 0.0357776284217834 0.0337307900190353 0.0424573197960854 0.0422747805714607 0.0403314381837845 0.046534139662981 0.0449813492596149 0.0454815626144409 0.0512920133769512 0.0526694431900978 0.0522135123610497 0.0595153123140335 0.0617811232805252 0.0657349675893784 0.0733415558934212 0.0828520953655243
0.0063583217561245 0.00361176836304367 0.00223069195635617 0.00327183865010738 0.00572096975520253 0.00880509614944458 0.00601084344089031 0.00542167713865638 0.00928734987974167 0.00587941007688642 0.00538112223148346 0.00670884177088737 0.00911959353834391 0.0132719669491053 0.0109275048598647 0.00758618162944913 0.0114050628617406 0.0157177280634642 0.0153964776545763 0.0132704544812441 0.0213392712175846 0.0179456081241369 0.0214062612503767 0.0265807323157787 0.0275553539395332 0.0264170430600643 0.0298828668892384 0.0285615473985672 0.0328169353306293 0.0355641804635525 0.0342059656977654 0.0377921052277088 0.038538683205843 0.0408816523849964 0.0395524464547634 0.0462197288870811 0.0507793091237545 0.0516569092869759 0.0514643751084805 0.0520036444067955 0.0502048581838608 0.0576355122029781 0.0572013035416603 0.0622736513614655 0.0899624675512314
0.00851483643054962 0.00382024911232293 0.00344589585438371 0.00352885131724179 0.00384506140835583 0.00856170523911715 0.008768898434937 0.00648628501221538 0.0104485927149653 0.00707423640415072 0.00597486039623618 0.00644137617200613 0.00746883684769273 0.00801795721054077 0.0140412654727697 0.00796108227223158 0.0113482372835279 0.0173563417047262 0.0139206983149052 0.0153654869645834 0.0221537183970213 0.0192005559802055 0.0219882819801569 0.0283493846654892 0.0283529534935951 0.03008146956563 0.0315742678940296 0.032020591199398 0.0336189493536949 0.034975677728653 0.0386467948555946 0.0391314998269081 0.0386666096746922 0.0413554981350899 0.0400931313633919 0.0452665835618973 0.0474805049598217 0.0545328669250011 0.0447748862206936 0.0504252463579178 0.0500668846070766 0.0544761307537556 0.0579026490449905 0.0648993030190468 0.0885938331484795
