data/climate_estimation/maxent_output/Smilax_ocreata.asc
NCOLS 241 
NROWS 183 
XLLCORNER 93.8333333333333 
YLLCORNER 14.4166666666667 
CELLSIZE 0.0833333333333333 
NODATA_value -3.4e+38 
[rows 40 to 59 of 183, columns 135 to 179 of 241]
0.916921019554138 0.91009932756424 0.888111054897308 0.924845159053802 0.928471326828003 0.929247736930847 0.933164000511169 0.940955400466919 0.938608348369598 0.935940086841583 0.922333955764771 0.92020982503891 0.898447871208191 0.868014752864838 0.839266061782837 0.804558157920837 0.784792184829712 0.756897926330566 0.728225290775299 0.69668847322464 0.655089020729065 0.610300183296204 0.585747122764587 0.586511611938477 0.554197669029236 0.5098916888237 0.485750257968903 0.442280769348145 0.414651215076447 0.395798444747925 0.360952138900757 0.325870871543884 0.317043632268906 0.305713057518005 0.273197084665298 0.268812984228134 0.274447858333588 0.248690828680992 0.234969735145569 0.198810741305351 0.191502168774605 0.195027619600296 0.176299229264259 0.19674226641655 0.20914751291275
0.944042384624481 0.949274659156799 0.937254250049591 0.934441566467285 0.932363986968994 0.939282894134521 0.945241212844849 0.950214743614197 0.952024400234222 0.947301089763641 0.947615325450897 0.933053731918335 0.911310732364655 0.901672542095184 0.87507826089859 0.839970946311951 0.80068701505661 0.775590181350708 0.774037420749664 0.716290354728699 0.678501486778259 0.639819324016571 0.620188474655151 0.595153152942657 0.56598162651062 0.532136678695679 0.498765021562576 0.453370988368988 0.426247268915176 0.408243805170059 0.373318314552307 0.359133839607239 0.324318379163742 0.318657606840134 0.316872984170914 0.283427149057388 0.285604029893875 0.270947635173798 0.244153514504433 0.238368391990662 0.2354926019907 0.216885924339294 0.214881911873817 0.217013150453568 0.231268733739853
0.960349977016449 0.95555704832077 0.942207515239716 0.95006650686264 0.948941767215729 0.953656375408173 0.955866158008575 0.957623660564423 0.953122854232788 0.956948220729828 0.953087747097015 0.940962433815002 0.93505585193634 0.913491666316986 0.883946478366852 0.854929268360138 0.817099153995514 0.814035415649414 0.789155900478363 0.745738744735718 0.729743003845215 0.682955205440521 0.638989269733429 0.646696984767914 0.620761394500732 0.564607441425323 0.510900735855103 0.507331609725952 0.476550996303558 0.434952527284622 0.418737292289734 0.388322830200195 0.373564749956131 0.335769832134247 0.330402940511703 0.327259063720703 0.30215647816658 0.296706318855286 0.286812126636505 0.28479465842247 0.257212996482849 0.259938836097717 0.244702637195587 0.258547186851501 0.246853724122047
0.967834293842316 0.97350412607193 0.958332359790802 0.957137882709503 0.957033395767212 0.96083003282547 0.966935992240906 0.966075718402863 0.960238754749298 0.956848680973053 0.949384987354279 0.944904863834381 0.941380858421326 0.924610018730164 0.896162390708923 0.868988752365112 0.845175504684448 0.842189311981201 0.808636605739594 0.758344769477844 0.742498278617859 0.695397138595581 0.679385960102081 0.64433753490448 0.599653422832489 0.579095840454102 0.542855203151703 0.494261264801025 0.495780020952225 0.443436682224274 0.431996494531631 0.408138424158096 0.397775739431381 0.363420993089676 0.356250822544098 0.350452184677124 0.348069548606873 0.3185975253582 0.311466157436371 0.317225992679596 0.318552553653717 0.29402631521225 0.296749591827393 0.30599707365036 0.288263201713562
0.972619712352753 0.972975492477417 0.974180281162262 0.969724833965302 0.953400433063507 0.966705083847046 0.973180830478668 0.96892386674881 0.970587909221649 0.966966271400452 0.952406764030457 0.946204245090485 0.936399400234222 0.930757164955139 0.921876132488251 0.895204663276672 0.878292620182037 0.854289948940277 0.823699653148651 0.791432499885559 0.758179783821106 0.738077819347382 0.699319899082184 0.691710352897644 0.638404965400696 0.618507921695709 0.595789194107056 0.540317714214325 0.50932639837265 0.488247692584991 0.47015917301178 0.451114118099213 0.410316616296768 0.413945078849792 0.373786300420761 0.378552079200745 0.377003639936447 0.370803236961365 0.374767154455185 0.351217031478882 0.356271147727966 0.367885649204254 0.315368175506592 0.327826678752899 0.337163597345352
0.97262442111969 0.975622951984406 0.977158665657043 0.981165885925293 0.969155848026276 0.968487799167633 0.977582812309265 0.978428065776825 0.972886741161346 0.97049480676651 0.963992476463318 0.951933801174164 0.941944360733032 0.938448131084442 0.928664982318878 0.905593037605286 0.887710511684418 0.885843515396118 0.835526585578918 0.811739206314087 0.780761241912842 0.753008246421814 0.714964747428894 0.709686577320099 0.669467031955719 0.610612452030182 0.614914178848267 0.566462457180023 0.556849837303162 0.50083202123642 0.478182226419449 0.468182593584061 0.459939926862717 0.434203684329987 0.42713725566864 0.427786856889725 0.407432347536087 0.406050801277161 0.413987159729004 0.410817563533783 0.422476828098297 0.433260649442673 0.371061682701111 0.361062169075012 0.351119190454483
0.97742623090744 0.971455633640289 0.975269138813019 0.980571985244751 0.98084944486618 0.958194553852081 0.976744651794434 0.979583024978638 0.979847490787506 0.975225448608398 0.971105992794037 0.96564781665802 0.956197142601013 0.943280458450317 0.933160543441772 0.91636723279953 0.918209254741669 0.893989682197571 0.855475962162018 0.829648792743683 0.819051742553711 0.774402797222137 0.736265778541565 0.737655341625214 0.687600314617157 0.655709028244019 0.618139445781708 0.575765192508698 0.553138196468353 0.514101564884186 0.510987639427185 0.486957758665085 0.48441219329834 0.448005855083466 0.487620860338211 0.462629109621048 0.462525457143784 0.466844111680984 0.433098524808884 0.424261480569839 0.42196860909462 0.444901943206787 0.425970077514648 0.434291183948517 0.426543861627579
0.968451082706451 0.953329682350159 0.97843724489212 0.974137604236603 0.980317175388336 0.982773780822754 0.978921234607697 0.980826675891876 0.973068177700043 0.980297923088074 0.980223715305328 0.972774088382721 0.962160170078278 0.957506120204926 0.943592131137848 0.939366817474365 0.923309445381165 0.904165685176849 0.870072185993195 0.854822337627411 0.837816596031189 0.798486232757568 0.771546423435211 0.749647259712219 0.711702227592468 0.67553985118866 0.660801112651825 0.626670777797699 0.561796069145203 0.551871478557587 0.530110538005829 0.493969798088074 0.489637672901154 0.498250424861908 0.474900096654892 0.501399457454681 0.475102007389069 0.476513892412186 0.446938991546631 0.423119574785233 0.448417127132416 0.44894951581955 0.458472162485123 0.482425183057785 0.440753608942032
0.97413957118988 0.970479071140289 0.980043828487396 0.972916841506958 0.967144668102264 0.974314033985138 0.980325162410736 0.985046148300171 0.974298536777496 0.983126878738403 0.980694532394409 0.978252470493317 0.969330847263336 0.962321698665619 0.945304155349731 0.944724380970001 0.933082342147827 0.931885480880737 0.904337584972382 0.873213768005371 0.863434433937073 0.826383590698242 0.78752988576889 0.758408665657043 0.730832457542419 0.714446723461151 0.674486398696899 0.639243185520172 0.583488404750824 0.583488821983337 0.541411519050598 0.53864049911499 0.53875058889389 0.512602567672729 0.53532874584198 0.52304995059967 0.515594184398651 0.460452139377594 0.454652309417725 0.46978098154068 0.48206239938736 0.468370765447617 0.480752021074295 0.469540566205978 0.497659742832184
0.961095452308655 0.966473758220673 0.973742067813873 0.97642183303833 0.961150944232941 0.968257367610931 0.976381361484528 0.984558999538422 0.97609543800354 0.976623713970184 0.977643072605133 0.975373864173889 0.973295867443085 0.959419965744019 0.957956194877625 0.947492957115173 0.95078045129776 0.938217043876648 0.929776012897491 0.899920105934143 0.879898548126221 0.862579345703125 0.803973913192749 0.770007610321045 0.762690186500549 0.72006094455719 0.683995425701141 0.641692042350769 0.634550273418427 0.62657219171524 0.594081878662109 0.60158371925354 0.556929171085358 0.559956252574921 0.594650626182556 0.553157269954681 0.546025216579437 0.540768682956696 0.511092364788055 0.468426913022995 0.484870582818985 0.501199722290039 0.523326277732849 0.46264111995697 0.46378082036972
0.972561120986938 0.974769055843353 0.974004805088043 0.973646819591522 0.973841786384583 0.975859045982361 0.981458127498627 0.986619114875793 0.948225438594818 0.957882165908813 0.957360565662384 0.977768301963806 0.974146604537964 0.961533486843109 0.953797578811646 0.952006876468658 0.948447644710541 0.926587700843811 0.916878163814545 0.882134616374969 0.883020997047424 0.864001154899597 0.848033130168915 0.814433217048645 0.779060542583466 0.722858965396881 0.715709805488586 0.706201732158661 0.645769476890564 0.641722857952118 0.608392775058746 0.617372334003448 0.609788119792938 0.594384670257568 0.603626430034637 0.605895757675171 0.55422306060791 0.584401905536652 0.575774013996124 0.548050820827484 0.53093034029007 0.527727007865906 0.544416844844818 0.48613578081131 0.475133985280991
0.96563446521759 0.968831598758698 0.976961374282837 0.975744843482971 0.967966437339783 0.975804030895233 0.984830141067505 0.982616186141968 0.925378978252411 0.953989803791046 0.96509861946106 0.974263966083527 0.966713547706604 0.968713760375977 0.965529680252075 0.95959347486496 0.949161112308502 0.911912441253662 0.917115390300751 0.90120005607605 0.89854109287262 0.852606475353241 0.858608603477478 0.837163388729095 0.773285865783691 0.799889802932739 0.730202078819275 0.707248032093048 0.689573168754578 0.683200597763062 0.658647418022156 0.633350372314453 0.642347931861877 0.667010188102722 0.64841902256012 0.6705162525177 0.624266743659973 0.645761430263519 0.607294797897339 0.605330407619476 0.628919184207916 0.568830132484436 0.561659574508667 0.505226314067841 0.534668445587158
0.966776072978973 0.969407916069031 0.975638866424561 0.981471300125122 0.980787336826324 0.980590641498566 0.984538078308105 0.966740548610687 0.911449015140533 0.920581221580505 0.959424078464508 0.972994089126587 0.969145119190216 0.969794392585754 0.964965045452118 0.960821747779846 0.958763062953949 0.929749190807343 0.9429070353508 0.913048565387726 0.901363730430603 0.876385450363159 0.859568119049072 0.835721254348755 0.812813818454742 0.819632112979889 0.800944328308105 0.757337927818298 0.726228535175323 0.717336475849152 0.706152617931366 0.687349319458008 0.680084049701691 0.656862497329712 0.658469974994659 0.659032821655273 0.697414577007294 0.688428521156311 0.66574901342392 0.661659181118011 0.704152286052704 0.629264354705811 0.572457134723663 0.645692586898804 0.653836071491241
0.974380970001221 0.96813553571701 0.975907206535339 0.981605529785156 0.979434609413147 0.976527392864227 0.978715479373932 0.979285597801208 0.938255846500397 0.868695437908173 0.937110304832458 0.935798525810242 0.961238741874695 0.970288217067719 0.970315754413605 0.968020737171173 0.939756512641907 0.919421553611755 0.92261803150177 0.893676280975342 0.884649336338043 0.894206345081329 0.883767545223236 0.853645503520966 0.839742422103882 0.851828634738922 0.85404759645462 0.808318376541138 0.772591769695282 0.732392549514771 0.726626396179199 0.724548757076263 0.715856969356537 0.712644338607788 0.680239140987396 0.725307047367096 0.746656894683838 0.754241287708282 0.696209013462067 0.675321042537689 0.712168514728546 0.732501447200775 0.617494404315948 0.625063240528107 0.664369583129883
0.981068015098572 0.98263156414032 0.981684684753418 0.977273106575012 0.97241222858429 0.970512628555298 0.973181426525116 0.979414165019989 0.931560337543488 0.861393392086029 0.861823856830597 0.869341313838959 0.875644028186798 0.875941753387451 0.921909809112549 0.917240560054779 0.890758812427521 0.903631031513214 0.867715001106262 0.884595394134521 0.920341789722443 0.907713770866394 0.881807506084442 0.866455018520355 0.877119362354279 0.844955384731293 0.872612953186035 0.852292239665985 0.835387051105499 0.790150940418243 0.808893740177155 0.77496075630188 0.756733059883118 0.747992098331451 0.753939211368561 0.787591874599457 0.783523201942444 0.772006690502167 0.781107902526855 0.711222648620605 0.739978492259979 0.752092123031616 0.675610959529877 0.640298306941986 0.662628769874573
0.980837881565094 0.981351733207703 0.985874116420746 0.97967916727066 0.97520524263382 0.965621590614319 0.966991305351257 0.971881031990051 0.889849305152893 0.797500669956207 0.791879653930664 0.800772368907928 0.861249983310699 0.839778900146484 0.904514908790588 0.884199380874634 0.880167782306671 0.892130196094513 0.900262236595154 0.939082026481628 0.931053519248962 0.897586405277252 0.841462850570679 0.872337937355042 0.871187031269073 0.860162913799286 0.874744594097137 0.870460450649261 0.844617247581482 0.844854652881622 0.8207066655159 0.772095859050751 0.772854387760162 0.799321293830872 0.813696801662445 0.810115873813629 0.793446838855743 0.79458886384964 0.825560092926025 0.766004502773285 0.762408554553986 0.678081691265106 0.701708137989044 0.723073780536652 0.70548141002655
0.982270121574402 0.980810821056366 0.942602396011353 0.913429975509644 0.978759467601776 0.97330242395401 0.973997235298157 0.937978625297546 0.891087472438812 0.885997295379639 0.832315981388092 0.78034895658493 0.780915439128876 0.773765742778778 0.838138818740845 0.909081637859344 0.93583869934082 0.930089950561523 0.951729238033295 0.947770714759827 0.922520399093628 0.892565608024597 0.835224509239197 0.899268627166748 0.898517072200775 0.850708842277527 0.865755796432495 0.871422111988068 0.880171120166779 0.854001820087433 0.847321391105652 0.827989459037781 0.828198313713074 0.82374781370163 0.839332818984985 0.840887844562531 0.847573578357697 0.8121617436409 0.805043518543243 0.707686364650726 0.809289574623108 0.730544924736023 0.71430903673172 0.681402146816254 0.699631452560425
0.977146744728088 0.982672572135925 0.985720992088318 0.959896802902222 0.854444980621338 0.882647275924683 0.933307528495789 0.92745453119278 0.91703200340271 0.829178631305695 0.755492925643921 0.740229725837708 0.768332421779633 0.765319883823395 0.899513602256775 0.930966317653656 0.957140684127808 0.961274147033691 0.965008735656738 0.957230925559998 0.948801338672638 0.912189245223999 0.885226368904114 0.912804841995239 0.913927793502808 0.859691083431244 0.855607569217682 0.865902423858643 0.884703099727631 0.867110252380371 0.876694023609161 0.852830171585083 0.844456970691681 0.848672986030579 0.847788453102112 0.859593987464905 0.84760856628418 0.84570175409317 0.824607372283936 0.755938351154327 0.727681756019592 0.691220581531525 0.722889959812164 0.65496438741684 0.688822388648987
0.974587440490723 0.978803873062134 0.951285898685455 0.880755603313446 0.858579099178314 0.765747904777527 0.748364388942719 0.760328769683838 0.783232629299164 0.762759745121002 0.756685495376587 0.739978075027466 0.717915773391724 0.760708332061768 0.900292992591858 0.946966826915741 0.951487064361572 0.948287606239319 0.964757084846497 0.957268834114075 0.938640713691711 0.891394555568695 0.916660904884338 0.932952702045441 0.925041973590851 0.873113691806793 0.86472076177597 0.869090139865875 0.89285010099411 0.902546763420105 0.855607092380524 0.861779153347015 0.84420245885849 0.850549280643463 0.869312345981598 0.885550081729889 0.857124388217926 0.865122735500336 0.836821913719177 0.733225762844086 0.744436085224152 0.698943853378296 0.685703694820404 0.660904109477997 0.670733153820038
0.975517928600311 0.966222941875458 0.983700394630432 0.97451239824295 0.883783161640167 0.893596053123474 0.715843200683594 0.674262285232544 0.652377068996429 0.645617604255676 0.638184010982513 0.71744292974472 0.695621013641357 0.770139098167419 0.898307621479034 0.949917197227478 0.949530780315399 0.9487065076828 0.941739737987518 0.943151831626892 0.922679364681244 0.922578871250153 0.937163472175598 0.928206026554108 0.929430663585663 0.893277227878571 0.851746320724487 0.885584712028503 0.895696401596069 0.907561600208282 0.876067280769348 0.865695238113403 0.79558002948761 0.880395472049713 0.884249746799469 0.863229990005493 0.870637595653534 0.853627800941467 0.747503042221069 0.707858264446259 0.728195548057556 0.738641083240509 0.690179109573364 0.691196918487549 0.653118550777435
