data/climate_estimation/maxent_output/Smilax_glauca.asc
NCOLS 423 
NROWS 334 
XLLCORNER -104.583333333333 
YLLCORNER 15.4166666666667 
CELLSIZE 0.0833333333333333 
NODATA_value -3.4e+38 
[rows 23 to 45 of 334, columns 0 to 51 of 423]
0.00133236346300691 0.00136603426653892 0.00138380972202867 0.00144574849400669 0.00128000951372087 0.00146385526750237 0.00131928035989404 0.00130472402088344 0.00134296098258346 0.00138919684104621 0.00161989056505263 0.00150152784772217 0.00147356174420565 0.00149081589188427 0.00148763111792505 0.00152718683239073 0.00155473744962364 0.00158807134721428 0.00189313292503357 0.00191263295710087 0.00194529502186924 0.00198875041678548 0.00171099766157568 0.00175179552752525 0.00175304780714214 0.00174774287734181 0.00165002467110753 0.001760259619914 0.00161394663155079 0.0016447379020974 0.00167637295089662 0.00172117364127189 0.00182656291872263 0.00194416230078787 0.00190114381257445 0.00189309602137655 0.00193078815937042 0.00200370629318058 0.00189491314813495 0.00176205101888627 0.00165938551072031 0.00178802700247616 0.0016998746432364 0.0017730601830408 0.00182646431494504 0.00167799938935786 0.00172840047162026 0.00171305623371154 0.00171269406564534 0.00176069512963295 0.00179168151225895 0.00181757123209536
0.00127487117424607 0.00117145804688334 0.00118846399709582 0.00111019005998969 0.00112225185148418 0.00110753031913191 0.0011195947881788 0.0011567281326279 0.00119878468103707 0.00124758121091872 0.0014121918939054 0.00144364824518561 0.00147724966518581 0.00130759866442531 0.00133683008607477 0.00132000877056271 0.00140509172342718 0.00160193291958421 0.00168374553322792 0.0017444621771574 0.00191696058027446 0.00193604221567512 0.00177399453241378 0.00178449577651918 0.00178631907328963 0.0017774150473997 0.00172350963111967 0.00183321558870375 0.00171938771381974 0.00181544723454863 0.0018557405564934 0.00176316278520972 0.00182406743988395 0.00161334546282887 0.00161156221292913 0.00158216280397028 0.00153106218203902 0.00158974679652601 0.00161634699907154 0.00147539877798408 0.00157146702986211 0.00161727797240019 0.001736078877002 0.00178457563742995 0.00181413476821035 0.00166142091620713 0.00170688051730394 0.00170054310001433 0.00174195680301636 0.00177145900670439 0.00179356196895242 0.00183364807162434
0.00110319384839386 0.00113417790271342 0.00105717068072408 0.000956533069256693 0.000946295505855232 0.000969113025348634 0.000986080267466605 0.00102362385950983 0.00105217669624835 0.00117626274004579 0.00126433023251593 0.00130164052825421 0.00131153059192002 0.00129465048667043 0.00132599228527397 0.00136361154727638 0.00141201703809202 0.00143735075835139 0.00174579478334635 0.00175222288817167 0.00175312021747231 0.00197434914298356 0.00180424202699214 0.00179343635682017 0.00179859308991581 0.00182031351141632 0.00177290069404989 0.00173676759004593 0.0018104191403836 0.00170185102615505 0.00181722803972661 0.0017289228271693 0.00167802453506738 0.00158481555990875 0.00162943045143038 0.00158204103354365 0.0015389199834317 0.00153624406084418 0.00135629612486809 0.001384572009556 0.00140069564804435 0.00166878907475621 0.00169866485521197 0.00183675822336227 0.00183134735561907 0.00164750020485371 0.00147124892100692 0.00150377408135682 0.00152771966531873 0.00179247080814093 0.00183162733446807 0.00193973502609879
0.00113737431820482 0.00100344850216061 0.000891403877176344 0.000913842697627842 0.000819915847387165 0.000846452661789954 0.000865189183969051 0.00088763318490237 0.000999148935079575 0.00106921093538404 0.00108273874502629 0.00111905648373067 0.00127868424169719 0.00129673117771745 0.00132466957438737 0.00136667245533317 0.00139602995477617 0.00147648330312222 0.00170823989901692 0.00177036016248167 0.00194367324002087 0.00203316961415112 0.00206447369419038 0.00207899766974151 0.00202985829673707 0.0018484607571736 0.00179458712227643 0.00175282161217183 0.00165806780569255 0.00156286999117583 0.00168607558589429 0.00164748379029334 0.00176815525628626 0.0017722143093124 0.00174661399796605 0.0017132624052465 0.00170251657254994 0.00148899550549686 0.00146615284029394 0.00143319356720895 0.00145944417454302 0.00148768629878759 0.00177567882928997 0.00181707506999373 0.0016846590442583 0.00166683120187372 0.00150846224278212 0.00151022407226264 0.00161165080498904 0.00164207501802593 0.0018554957350716 0.00194573833141476
0.000971105007920414 0.000879355007782578 0.000801948830485344 0.00080234999768436 0.000801557849626988 0.000828979129437357 0.000830842007417232 0.000840796332340688 0.000865276495460421 0.000924206047784537 0.000933898554649204 0.000972482666838914 0.000988051295280457 0.00113965128548443 0.00132570997811854 0.00135573954321444 0.00139239290729165 0.00142947153653949 0.00168699375353754 0.00170304509811103 0.0017533702775836 0.00178324652370065 0.00179996201768517 0.00182565313298255 0.00179313600528985 0.00179895258042961 0.00176034774631262 0.00178292649798095 0.0017385563114658 0.00190181971993297 0.00183032406494021 0.00175936636514962 0.00168998539447784 0.0016610233578831 0.00186240731272846 0.00161831534933299 0.00161263404879719 0.0015753050101921 0.00149307819083333 0.00149586249608546 0.00146111834328622 0.00148370605893433 0.0015715688932687 0.00163623958360404 0.00168488454073668 0.0017049687448889 0.00157573458272964 0.00161464349366724 0.00165038334671408 0.00169936346355826 0.00173327361699194 0.00199989136308432
0.000864955363795161 0.000854449637699872 0.000753762957174331 0.000771996099501848 0.000683159567415714 0.000713422370608896 0.000823577924165875 0.000724793644621968 0.000750201696064323 0.000813180056866258 0.000915685319341719 0.000948123750276864 0.000961011275649071 0.00097765470854938 0.000993252382613719 0.00116764125414193 0.00122648035176098 0.00124313193373382 0.00146232405677438 0.00147024821490049 0.00149638333823532 0.00172471499536186 0.00173452473245561 0.00178746040910482 0.00207107118330896 0.00212229206226766 0.00207464303821325 0.00203690212219954 0.00198912597261369 0.00192358554340899 0.00167851941660047 0.00160564389079809 0.0017555127851665 0.00171236821915954 0.00170651159714907 0.00168562994804233 0.00166114675812423 0.001632408821024 0.00156990659888834 0.00135088164824992 0.0013084274251014 0.0013386313803494 0.00154670863412321 0.00161493069026619 0.00166090670973063 0.00174617813900113 0.00159615708980709 0.00169326609466225 0.00172353198286146 0.00205236813053489 0.00208730669692159 0.00205802242271602
0.000823711277917027 0.000757157860789448 0.00073243462247774 0.000659466022625566 0.00068154331529513 0.000687394407577813 0.000727485748939216 0.000722848286386579 0.000656986841931939 0.00076452357461676 0.000801557733211666 0.000812009675428271 0.000944606668781489 0.000970753200817853 0.000976059644017369 0.00114128668792546 0.00119518372230232 0.00121058709919453 0.00124917761422694 0.00144851277582347 0.00149756739847362 0.00177962484303862 0.00210945843718946 0.0021665645763278 0.00220243772491813 0.00215245131403208 0.00213165860623121 0.00209055887535214 0.00197460735216737 0.00173959089443088 0.0016789041692391 0.0016183425905183 0.00161062367260456 0.00155520543921739 0.00151108705904335 0.00149176211562008 0.0014734169235453 0.00147154706064612 0.00142751901876181 0.00139463180676103 0.00132118980400264 0.00134147529024631 0.00142205669544637 0.00168660492636263 0.00174678629264235 0.00162345089484006 0.0016691389027983 0.00174770480953157 0.00178686669096351 0.00186726206447929 0.00214421912096441 0.0022041741758585
0.000833080150187016 0.000737996539101005 0.000715522328391671 0.000644736050162464 0.000670002831611782 0.000686045037582517 0.000706362538039684 0.000644481158815324 0.000655556854326278 0.000746087869629264 0.000765811011660844 0.000797407352365553 0.000824709539301693 0.000958837743382901 0.00100034731440246 0.00112478679511696 0.00115376827307045 0.00120330206118524 0.00146858929656446 0.00155316723976284 0.00181468646042049 0.00186284817755222 0.00192146119661629 0.00210699019953609 0.00215372908860445 0.00211229058913887 0.00208873581141233 0.00204389728605747 0.00178303045686334 0.00172954902518541 0.00169407541397959 0.00166291953064501 0.00159440224524587 0.0015830285847187 0.00150600564666092 0.00154301186557859 0.00153294007759541 0.00150661880616099 0.0014835559995845 0.0014983246801421 0.0014804502716288 0.00149094010703266 0.00157056620810181 0.00160404923371971 0.00185464613605291 0.00170182005967945 0.00175431347452104 0.00180951203219593 0.00188705488108099 0.00192375131882727 0.00222725723870099 0.00223538139835
0.000807502772659063 0.000703684869222343 0.000701880897395313 0.000634876370895654 0.000656607386190444 0.000672268914058805 0.000702976598404348 0.000634410651400685 0.000657664146274328 0.000744341174140573 0.000765638367738575 0.000795602682046592 0.000910377129912376 0.000957151700276881 0.000959727389272302 0.000989890075288713 0.00100763514637947 0.00123832176905125 0.00166520068887621 0.00177722261287272 0.00180170976091176 0.00187245255801827 0.00187057349830866 0.00186787312850356 0.00210136221721768 0.00206519546918571 0.0020225674379617 0.00200489978305995 0.00178147840779275 0.00174436822999269 0.00147948588710278 0.00149640440940857 0.00143319857306778 0.00139988004229963 0.00135520414914936 0.00155213009566069 0.00149737182073295 0.00152257177978754 0.0015796268125996 0.00159473263192922 0.00161948136519641 0.00185009324923158 0.00192418554797769 0.00171730807051063 0.00194920296780765 0.00201806705445051 0.00185146846342832 0.00185544183477759 0.00191231165081263 0.00196574558503926 0.00228952616453171 0.0022755921818316
0.000799223955255002 0.000700142525602132 0.000697081675752997 0.000648054527118802 0.000645562540739775 0.000668886699713767 0.000696062517818063 0.000716533686500043 0.000726890692021698 0.000734586559701711 0.000756529974751174 0.000798737979494035 0.000903951528016478 0.000948678003624082 0.00095209846040234 0.000966917141340673 0.00114838371518999 0.00142052269075066 0.00169648986775428 0.00171596254222095 0.00181307073216885 0.00182617409154773 0.00182862405199558 0.00188886083196849 0.00185521633829921 0.00186694099102169 0.00178456003777683 0.00176964013371617 0.00177345832344145 0.00154286832548678 0.00154756393749267 0.00148318323772401 0.00142215297091752 0.00138132623396814 0.00138907670043409 0.00136272422969341 0.00152165652252734 0.00156554207205772 0.00158778682816774 0.00186580733861774 0.00191814347635955 0.00197986979037523 0.00205932767130435 0.00203480455093086 0.00207004393450916 0.00210350542329252 0.00186496076639742 0.00192701967898756 0.00196023425087333 0.00203524366952479 0.00228646816685796 0.00223715812899172
0.000779397611040622 0.00071245466824621 0.000714334775693715 0.000703318335581571 0.00064910959918052 0.00064045621547848 0.000649717054329813 0.000703013269230723 0.000718560360837728 0.000729586579836905 0.000753770873416215 0.000794668856542557 0.000902611063793302 0.000919109734240919 0.000937322911340743 0.000979132018983364 0.0011829239083454 0.00160588999278843 0.00168515578843653 0.0017732618143782 0.0017937928205356 0.00163179426454008 0.0016339902067557 0.00180647429078817 0.00185035145841539 0.00183370755985379 0.00182651774957776 0.00178718473762274 0.00179860019125044 0.00155453046318144 0.00152110331691802 0.00144966295920312 0.00140785798430443 0.00140581873711199 0.00140034698415548 0.00154020718764514 0.00151947350241244 0.00177265354432166 0.00186486740130931 0.00189289730042219 0.00201213941909373 0.00210741395130754 0.00213977880775928 0.00212564878165722 0.00209888722747564 0.00212747696787119 0.00190617272164673 0.00189290288835764 0.00194609619211406 0.0022245105355978 0.00221803784370422 0.0019420130411163
0.000774098327383399 0.000769462902098894 0.000703240395523608 0.000704628007952124 0.000634980679024011 0.000627562403678894 0.000639781879726797 0.000668319407850504 0.000686364131979644 0.000701291195582598 0.000729396007955074 0.000734795117750764 0.000773707928601652 0.000897097808774561 0.000952695030719042 0.00113155867438763 0.00119289802387357 0.00143024802673608 0.00168237672187388 0.00151981506496668 0.00156602216884494 0.0015481443842873 0.00156307010911405 0.00160176365170628 0.00159045495092869 0.00181449740193784 0.00180402165278792 0.00180256180465221 0.00177475472446531 0.00154419988393784 0.00152620056178421 0.00147083587944508 0.00145433552097529 0.00158601673319936 0.00159117020666599 0.00160065467935055 0.00177524494938552 0.00184015708509833 0.00192981830332428 0.00197069067507982 0.00200303643941879 0.00212362967431545 0.00220440211705863 0.00217485311441123 0.00214492226950824 0.00213993224315345 0.00186488579493016 0.00186485738959163 0.00191555451601744 0.00218656635843217 0.00220939912833273 0.002135792048648
0.000907410227227956 0.000819079636130482 0.000807619537226856 0.000700375938322395 0.000704028294421732 0.000648910237941891 0.000639993231743574 0.000667189247906208 0.000664580555167049 0.000683364050928503 0.000705553859006613 0.000737531110644341 0.000852050667162985 0.00091714144218713 0.00111182907130569 0.00115007907152176 0.00136847037356347 0.00146261206828058 0.00147352262865752 0.00150046846829355 0.00153569108806551 0.0013939740601927 0.0013984035467729 0.00159080640878528 0.00158240972086787 0.00182334810961038 0.00178886647336185 0.00177590118255466 0.00176624953746796 0.00154929922427982 0.0015123876510188 0.00150024937465787 0.00166371185332537 0.00159205694217235 0.00160835054703057 0.00160290219355375 0.0018011499196291 0.00188361341133714 0.00195885123685002 0.00199890532530844 0.00210363953374326 0.00239986949600279 0.00211583520285785 0.00209678639657795 0.00207800418138504 0.00208478304557502 0.00204896531067789 0.00202350527979434 0.00205422751605511 0.00212671491317451 0.00211225776001811 0.0020394183229655
0.000951420981436968 0.000953813665546477 0.000813054793979973 0.000828617427032441 0.000753854343201965 0.000746045261621475 0.000757695932406932 0.000663452374283224 0.000660852121654898 0.000676864176057279 0.000695952621754259 0.000809817633125931 0.000882649037521333 0.000922934093978256 0.0010852807899937 0.00116683822125196 0.00137882423587143 0.00141746271401644 0.0014428225113079 0.00147590273991227 0.00134452129714191 0.00136492867022753 0.00138408970087767 0.00157899549230933 0.00161288783419877 0.0015897243283689 0.00181287387385964 0.00180102628655732 0.0017792924772948 0.00175611791200936 0.00171612552367151 0.00170273333787918 0.00164320378098637 0.00168859714176506 0.00161231157835573 0.00183023512363434 0.00182445428799838 0.0019016443984583 0.00190804596059024 0.00218239333480597 0.00226276041939855 0.00232832040637732 0.00229152268730104 0.00226083165034652 0.00225282018072903 0.00203901412896812 0.00200514472089708 0.00197647092863917 0.00197987793944776 0.00204456271603703 0.00203624251298606 0.00213866634294391
0.0011112306965515 0.00095618364866823 0.00095121463527903 0.000884438923094422 0.00084766949294135 0.000782090122811496 0.000767881749197841 0.000769924547057599 0.000763414718676358 0.000761241943109781 0.0008155646501109 0.000812453159596771 0.000864024914335459 0.00103826797567308 0.00109299714677036 0.00130088545847684 0.00134637299925089 0.00140690023545176 0.00142880284693092 0.00142594950739294 0.00131203013006598 0.00134618149604648 0.00139553472399712 0.00152584991883487 0.00156229466665536 0.00154057971667498 0.00178652338217944 0.00178034277632833 0.00176393275614828 0.00179267046041787 0.00176658178679645 0.00171793473418802 0.0016693607904017 0.00169405760243535 0.00189263897482306 0.00191825290676206 0.00190034101251513 0.00189640594180673 0.00193450343795121 0.00218109646812081 0.00221770699135959 0.00226675882004201 0.00222300062887371 0.00224280776455998 0.00226580700837076 0.00231139524839818 0.00231655174866319 0.00229813996702433 0.00236536492593586 0.00243573868647218 0.00249910401180387 0.00253898906521499
0.00131601339671761 0.00111597450450063 0.000993585330434144 0.000986115192063153 0.000871825905051082 0.000881158630363643 0.000878716353327036 0.000898155733011663 0.000804374576546252 0.000792356673628092 0.000823031412437558 0.000859616149682552 0.000874546996783465 0.00104415800888091 0.00110227684490383 0.00128980376757681 0.00132718775421381 0.00138370040804148 0.00144607736729085 0.00146791397128254 0.00147129665128887 0.00149987125769258 0.00151448219548911 0.00153592927381396 0.0015689799329266 0.00172805669717491 0.00179824535734951 0.00177957955747843 0.00184300658293068 0.00180177367292345 0.00172100204508752 0.00167077919468284 0.00162779679521918 0.00164614350069314 0.00186114548705518 0.00192351592704654 0.00194088148418814 0.00221976055763662 0.00228627421893179 0.00233972980640829 0.00267255841754377 0.00270420778542757 0.00260794605128467 0.00261051580309868 0.00265313591808081 0.00239636353217065 0.00241422187536955 0.00244942237623036 0.00241602142341435 0.00241845985874534 0.00249030883423984 0.00256525352597237
0.00131488463375717 0.00130987004376948 0.0011804320383817 0.00104188628029078 0.00103427853900939 0.00100673816632479 0.000900779967196286 0.000940118276048452 0.000940038124099374 0.00092592288274318 0.000945870880968869 0.000860238913446665 0.000989714986644685 0.00102857477031648 0.00107689097058028 0.00127621938008815 0.0013277007965371 0.00135115440934896 0.00141896272543818 0.00141699379310012 0.00141590624116361 0.00148620631080121 0.00149936112575233 0.00151468557305634 0.00152037385851145 0.00172294327057898 0.00178337702527642 0.00180631666444242 0.0018082206370309 0.00179248442873359 0.00170293811243027 0.00172508577816188 0.00198064628057182 0.00193891010712832 0.0019386667991057 0.00192981900181621 0.00224037864245474 0.0023980566766113 0.00246191956102848 0.0028013673145324 0.00282955332659185 0.00277580064721406 0.00277450261637568 0.0027626974042505 0.00274760299362242 0.00279628066346049 0.00277611729688942 0.00242931977845728 0.00248893559910357 0.00251256488263607 0.00255140126682818 0.00260375184006989
0.00139295973349363 0.00137812620960176 0.00136946374550462 0.00121835886966437 0.00105951679870486 0.00106780452188104 0.001048473874107 0.000945367675740272 0.000951906607951969 0.000938846089411527 0.000932088179979473 0.000975661212578416 0.00100527179893106 0.00103043951094151 0.00123253685887903 0.00125305098481476 0.00130139710381627 0.00132989266421646 0.001369230565615 0.00138959789182991 0.00141590624116361 0.00142821331974119 0.00149082962889224 0.00145803019404411 0.00167203519959003 0.00170989520847797 0.00176604429725558 0.00180933473166078 0.00178427621722221 0.00177658419124782 0.00202891230583191 0.0020760374609381 0.00197674753144383 0.00195043196436018 0.00195306085515767 0.00210719741880894 0.00242162588983774 0.00258507044054568 0.00296650524251163 0.00299079134128988 0.00291756307706237 0.00285931746475399 0.00284738070331514 0.00279150088317692 0.00275830482132733 0.00279827136546373 0.00277250027284026 0.00278812763281167 0.00275153969414532 0.0025007117073983 0.0026483868714422 0.00272308825515211
0.00141610321588814 0.00138550973497331 0.00141038186848164 0.00123918754979968 0.00120220263488591 0.00105639244429767 0.00105457403697073 0.00106295594014227 0.000954824674408883 0.000956176314502954 0.000945728737860918 0.000987939885817468 0.00100341241341084 0.001179862418212 0.00120071682613343 0.00124670274090022 0.00127550878096372 0.00127795583102852 0.00132427038624883 0.00134142721071839 0.00137790513690561 0.00136614043731242 0.00141357386019081 0.00145909260027111 0.00165184366051108 0.00170588702894747 0.00173780915793031 0.00178868148941547 0.00181162275839597 0.00182666396722198 0.00188111292663962 0.00185659213457257 0.00201007071882486 0.00195923494175076 0.00205995072610676 0.00212886976078153 0.00253719231113791 0.0026023993268609 0.00311434525065124 0.0029829612467438 0.00291564012877643 0.0028327617328614 0.0028327617328614 0.00289272610098124 0.00284930085763335 0.00288472161628306 0.00284974835813046 0.00277524488046765 0.00274647236801684 0.0029150799382478 0.00265149911865592 0.00265492405742407
0.00147886015474796 0.00141660613007843 0.00139293842948973 0.00137399148661643 0.0012192310532555 0.00121104507707059 0.00106697657611221 0.00107991800177842 0.00104366953019053 0.000972674926742911 0.000933758856263012 0.000980614102445543 0.00110630132257938 0.00113820715341717 0.00120498426258564 0.00122605555225164 0.00124046218115836 0.00128334970213473 0.00128653785213828 0.0012924064649269 0.0013378276489675 0.00135831802617759 0.00134334433823824 0.00139470060821623 0.00158571475185454 0.00162670051213354 0.00171478360425681 0.00176224298775196 0.00179390341509134 0.00183595146518201 0.00179957109503448 0.00178932177368551 0.00199174112640321 0.00199582194909453 0.00206578895449638 0.00212518963962793 0.00226169289089739 0.00263092922978103 0.00268899044021964 0.00270735449157655 0.00294547691009939 0.00293161952868104 0.00287208100780845 0.00290902308188379 0.00283736735582352 0.002802544971928 0.00274684885516763 0.00283529493026435 0.00280698435381055 0.002884914400056 0.00255472329445183 0.00260032271035016
0.00143637566361576 0.00143975904211402 0.00142573961056769 0.00126445863861591 0.00120281742420048 0.00119344901759177 0.00106179399881512 0.00109674991108477 0.0010466780513525 0.000944538624025881 0.000946453888900578 0.00108934903983027 0.00111718056723475 0.00112817797344178 0.00118285848293453 0.00122699490748346 0.0012327671283856 0.00122387066949159 0.0012432363582775 0.00127629481721669 0.0012871625367552 0.00129548751283437 0.00132819463033229 0.00136390724219382 0.00151631108019501 0.00159371667541564 0.00165530107915401 0.00168978958390653 0.00170886365231127 0.00177936744876206 0.00179819820914418 0.00200219103135169 0.00198605610057712 0.00202452554367483 0.00206302013248205 0.0021558734588325 0.00224738894030452 0.00229879352264106 0.00257293391041458 0.00265386584214866 0.00259895715862513 0.00262803328223526 0.00262472964823246 0.00252844206988811 0.00248085171915591 0.00249627325683832 0.00285479100421071 0.00284043536521494 0.00251440750434995 0.00251154834404588 0.0025506136007607 0.00261216005310416
0.00140414875932038 0.00140811549499631 0.00138755387160927 0.00122263270895928 0.00121702696196735 0.00107975665014237 0.00103191717062145 0.00106492592021823 0.00102332304231822 0.00103657809086144 0.00108029588591307 0.00109142379369587 0.00109988509211689 0.00113639980554581 0.00115425453986973 0.00119249313138425 0.00119865674059838 0.00118691637180746 0.00122349162120372 0.00125031382776797 0.00127240992151201 0.00126151414588094 0.00127012305893004 0.00130374357104301 0.00144856865517795 0.00148467195685953 0.00156862172298133 0.00162755651399493 0.00166024849750102 0.00171619548927993 0.00196881452575326 0.00199676328338683 0.00198230147361755 0.00197857269085944 0.00199782405979931 0.00209466367959976 0.0022090501151979 0.00226533296518028 0.00234661530703306 0.00232691108249128 0.00228857877664268 0.00259395083412528 0.00256807287223637 0.00248427293263376 0.00250834552571177 0.00244819303043187 0.00245745689608157 0.00244058482348919 0.0025333440862596 0.00252375449053943 0.00255219428800046 0.00253104115836322
0.00125789700541645 0.00124895467888564 0.00121944071725011 0.00119810923933983 0.00122138578444719 0.00105974893085659 0.00104849354829639 0.00100421218667179 0.00102922494988889 0.00103216664865613 0.00106935179792345 0.00110489537473768 0.00111635075882077 0.00111772073432803 0.00110751576721668 0.00116481445729733 0.00116422167047858 0.00118694955017418 0.00117547204717994 0.00119321886450052 0.00122508301865309 0.00119141966570169 0.00121490831952542 0.00124799250625074 0.00124030211009085 0.00147604418452829 0.00145011395215988 0.00156186253298074 0.0016016528243199 0.00166115898173302 0.00173766876105219 0.00192367273848504 0.00191655266098678 0.00198669615201652 0.00196546828374267 0.00204312498681247 0.00214532273821533 0.00223523285239935 0.00221978430636227 0.0023077807854861 0.00223188963718712 0.00224797823466361 0.00225722673349082 0.00217202701605856 0.00245620170608163 0.00240287533961236 0.00240870658308268 0.00245893094688654 0.00245255837216973 0.0025300479028374 0.00246548070572317 0.00227014278061688
