data/climate_estimation/maxent_output/Smilax_riparia.asc
NCOLS 500 
NROWS 311 
XLLCORNER 101.083333333333 
YLLCORNER 17.9166666666667 
CELLSIZE 0.0833333333333333 
NODATA_value -3.4e+38 
[rows 46 to 68 of 311, columns 153 to 203 of 500]
0.000223598821321502 0.000283067289274186 0.000500315392855555 0.00054201838793233 0.000610453251283616 0.00105555355548859 0.0012363507412374 0.000647225882858038 0.000559581618290395 0.000447054539108649 0.000633518793620169 0.000821683264803141 0.00159887212794274 0.00368291046470404 0.0119521236047149 0.0100010801106691 0.00680956477299333 0.00930165871977806 0.0154268173500896 0.0184539780020714 0.0328394919633865 0.0443731732666492 0.0480153039097786 0.0474081449210644 0.0469342172145844 0.0468721836805344 0.02977554500103 0.0284101348370314 0.0427144840359688 0.0291934572160244 0.0299993548542261 0.0307484120130539 0.0456977672874928 0.0453406423330307 0.044785525649786 0.0300779771059752 0.0297916922718287 0.0299804341048002 0.0295358095318079 0.0297755394130945 0.0296329390257597 0.0293080415576696 0.0295305568724871 0.029557541012764 0.0302824527025223 0.0303508155047894 0.029994199052453 0.0296534337103367 0.0450683645904064 0.045466598123312 0.0452566668391228
0.00141408038325608 0.00272803381085396 0.00125359767116606 0.00125315051991493 0.00107793358620256 0.000651439244393259 0.000564131420105696 0.000343679916113615 0.000375685020117089 0.000485072436276823 0.000620652455836535 0.00129606737755239 0.00317138410173357 0.00839743576943874 0.0145317576825619 0.0124650131911039 0.00957931764423847 0.0156704615801573 0.0265503451228142 0.0347077548503876 0.0353275164961815 0.0355972126126289 0.0436118841171265 0.0470884256064892 0.047146912664175 0.0309827588498592 0.0306631214916706 0.0270940978080034 0.02788145840168 0.028793727979064 0.0301109869033098 0.0306309256702662 0.0465351305902004 0.0454907454550266 0.0299739893525839 0.030462983995676 0.0303879361599684 0.0302659887820482 0.0301287546753883 0.0302489027380943 0.0298453141003847 0.0294874366372824 0.0297711156308651 0.0298424270004034 0.0293496903032064 0.0294593311846256 0.0295093692839146 0.0295873582363129 0.0445627011358738 0.0451859794557095 0.0459020026028156
0.00154853286221623 0.00159662228543311 0.000617467856500298 0.000572701101191342 0.000581686443183571 0.000414744019508362 0.000415205664467067 0.000449572573415935 0.000407591258408502 0.000481810537166893 0.0028443057090044 0.00682351551949978 0.00797811523079872 0.0099331121891737 0.00678192125633359 0.00877899024635553 0.0136734014376998 0.0206410475075245 0.0419356264173985 0.0414465107023716 0.033497266471386 0.0408243425190449 0.0471977144479752 0.0307671725749969 0.0308154169470072 0.0286656841635704 0.0175127647817135 0.0178588554263115 0.0275390539318323 0.0288483016192913 0.0301097128540277 0.0305914673954248 0.0307775121182203 0.0465524271130562 0.0308202188462019 0.0305405016988516 0.0306476540863514 0.0303169675171375 0.0306017659604549 0.0309463646262884 0.0307182036340237 0.030198572203517 0.0299035757780075 0.0296553261578083 0.0300882235169411 0.0297591853886843 0.03005301207304 0.0447638779878616 0.0452819690108299 0.0456406138837337 0.0458188280463219
0.00299069774337113 0.00348528707399964 0.00177842634730041 0.00079280132194981 0.000740864605177194 0.000803965202067047 0.00117393641266972 0.00107679388020188 0.00373182515613735 0.00309024914167821 0.0042821285314858 0.00847121793776751 0.0104322051629424 0.00831119064241648 0.00548379123210907 0.0127543658018112 0.0186956655234098 0.0242409035563469 0.0466054938733578 0.0479077324271202 0.0478119663894176 0.0474032014608383 0.0471162982285023 0.0471527688205242 0.0308529194444418 0.0171037055552006 0.0170598067343235 0.0177830383181572 0.0183082036674023 0.0190684627741575 0.0297392159700394 0.0305083803832531 0.0311301071196795 0.030897157266736 0.0309468954801559 0.0307471342384815 0.0202683787792921 0.0203692875802517 0.0202737674117088 0.0205654222518206 0.0307241603732109 0.0309980548918247 0.0305536668747663 0.0302871577441692 0.0299984663724899 0.0299893952906132 0.045427680015564 0.0449832640588284 0.0461879931390285 0.0462232418358326 0.0469218790531158
0.00364507315680385 0.00386168598197401 0.00229288102127612 0.00239818124100566 0.00244963262230158 0.00209286506287754 0.00287285866215825 0.00285834074020386 0.00755533436313272 0.0078614940866828 0.00865094549953938 0.00632972363382578 0.0126952268183231 0.00921119563281536 0.0077425423078239 0.0166301224380732 0.0238030832260847 0.0303739849478006 0.0418017618358135 0.047315951436758 0.0469525717198849 0.0460947044193745 0.0299157369881868 0.0287957172840834 0.0169473104178905 0.0168297383934259 0.0170981884002686 0.0115992063656449 0.011949809268117 0.01251211296767 0.0196211319416761 0.0302676875144243 0.0307596325874329 0.0307374726980925 0.0310466326773167 0.020557964220643 0.0206677187234163 0.0207132082432508 0.0206798892468214 0.0207495521754026 0.0309730935841799 0.0310915373265743 0.0310536548495293 0.0305006802082062 0.0305738262832165 0.0460733957588673 0.0462824329733849 0.046135202050209 0.0468589514493942 0.0467093661427498 0.0472686365246773
0.00232617137953639 0.0026060079690069 0.00183197564911097 0.0019810211379081 0.00198054825887084 0.00121203577145934 0.00141891988459975 0.00441299006342888 0.00842512212693691 0.0041135661303997 0.00484412303194404 0.00327847059816122 0.00424857111647725 0.0104525852948427 0.013675638474524 0.0200526285916567 0.0261458810418844 0.0287156049162149 0.0422527007758617 0.0478090085089207 0.0472107864916325 0.0274417735636234 0.0249170586466789 0.0247170012444258 0.0166798960417509 0.0167786590754986 0.0114178638905287 0.0116748530417681 0.0121466740965843 0.0124874003231525 0.0193919446319342 0.0199853908270597 0.0200882907956839 0.0204115957021713 0.0203978456556797 0.0203235372900963 0.0206685867160559 0.0206838212907314 0.0209090076386929 0.020629120990634 0.0314445532858372 0.0316790081560612 0.0312941409647465 0.0311700962483883 0.046959426254034 0.0467061996459961 0.0467852987349033 0.0467571020126343 0.0472346432507038 0.047414492815733 0.0477258935570717
0.000973151938524097 0.00114347971975803 0.000988006824627519 0.000998088391497731 0.00109246931970119 0.00128520070575178 0.00158822117373347 0.00480096368119121 0.00449048681184649 0.00302708824165165 0.00336542818695307 0.00464195618405938 0.0060382061637938 0.0104566570371389 0.0136402565985918 0.0207933001220226 0.0268372185528278 0.0462692640721798 0.0447169989347458 0.0284255295991898 0.0266569908708334 0.0251186992973089 0.0245760641992092 0.024967223405838 0.0167120341211557 0.0172317866235971 0.0115485182031989 0.0118396729230881 0.0121822953224182 0.0125641515478492 0.0128736738115549 0.0200134105980396 0.0202123913913965 0.0203196629881859 0.0205766186118126 0.0206374749541283 0.0209299195557833 0.0208223238587379 0.0210802257061005 0.0315247736871243 0.0314174965023994 0.0314726941287518 0.0311907436698675 0.0474140532314777 0.0473263114690781 0.0475944094359875 0.0471677258610725 0.047834474593401 0.0474805943667889 0.047598872333765 0.0481752008199692
0.00241620023734868 0.00117294897790998 0.00117885251529515 0.00138284510467201 0.0039119403809309 0.00178070995025337 0.00205165357328951 0.00260432623326778 0.00264348019845784 0.00350732053630054 0.00454837549477816 0.00622433144599199 0.00887304451316595 0.0120061635971069 0.0156823135912418 0.0240747500211 0.0278518740087748 0.0265223030000925 0.0250341929495335 0.0246662199497223 0.0245971046388149 0.0246385037899017 0.0247685294598341 0.0252322498708963 0.0171244274824858 0.0174266565591097 0.017594899982214 0.0119607485830784 0.012262299656868 0.0125714251771569 0.0194272045046091 0.0198360923677683 0.0200680550187826 0.0204777587205172 0.0205258745700121 0.0206897035241127 0.0210681259632111 0.020983099937439 0.0319664105772972 0.0317404009401798 0.0320124104619026 0.0316679067909718 0.0483406856656075 0.0476123616099358 0.0477994419634342 0.047822080552578 0.0479319989681244 0.0482552610337734 0.0478844679892063 0.0485410839319229 0.0486969389021397
0.00151003350038081 0.00175737997051328 0.00163733214139938 0.00367741007357836 0.00537562509998679 0.00227038376033306 0.00235570804215968 0.00278193899430335 0.00370714766904712 0.0041271629743278 0.00537908636033535 0.00738691305741668 0.00946288742125034 0.0129403341561556 0.0218206122517586 0.0235066656023264 0.0253058820962906 0.0260027889162302 0.0253845173865557 0.0247001927345991 0.0245926063507795 0.0245491545647383 0.0252808630466461 0.0255215298384428 0.0172717068344355 0.0174712967127562 0.0180796924978495 0.0182372964918613 0.0187835544347763 0.0191979948431253 0.0195276811718941 0.0197763312608004 0.0200343914330006 0.0205958895385265 0.0205076709389687 0.0312379822134972 0.0317406989634037 0.0320337675511837 0.0322837829589844 0.0319462157785892 0.0483347177505493 0.0484158769249916 0.0483483374118805 0.0484911799430847 0.048025444149971 0.0474400371313095 0.0482606254518032 0.0481100045144558 0.0486111864447594 0.0489019230008125 0.0489328689873219
0.00166136771440506 0.0019566984847188 0.00145568791776896 0.00197615171782672 0.00230977404862642 0.00236130133271217 0.00323334918357432 0.00359292351640761 0.00424067862331867 0.00539850536733866 0.012006196193397 0.0091368006542325 0.0115332826972008 0.0171084422618151 0.0204373504966497 0.0237079821527004 0.02674282155931 0.0268423948436975 0.0248929299414158 0.0247150678187609 0.024937005713582 0.0254903640598059 0.0252974480390549 0.0260936990380287 0.0265170950442553 0.0179535560309887 0.0181899219751358 0.0184523947536945 0.0187500417232513 0.0193724278360605 0.0193610731512308 0.0195974335074425 0.0199489761143923 0.0204751286655664 0.0314638614654541 0.0314162895083427 0.031787995249033 0.0321748293936253 0.0321226343512535 0.0486668422818184 0.0487614087760448 0.0487404316663742 0.0482675768435001 0.0484512411057949 0.0483388453722 0.047948632389307 0.0485914461314678 0.0483691543340683 0.0488367564976215 0.04894844815135 0.049167949706316
0.00172667705919594 0.00147279852535576 0.00174223515205085 0.00204338715411723 0.00239210738800466 0.00354618346318603 0.00334547436796129 0.00397728104144335 0.0030992201063782 0.00397746218368411 0.00775201292708516 0.00995004177093506 0.0124479634687304 0.0162423755973577 0.0204588156193495 0.0216512661427259 0.0228296965360641 0.0235368851572275 0.0261345151811838 0.0250244904309511 0.0250491090118885 0.0255751758813858 0.0261413101106882 0.0261319726705551 0.0268116127699614 0.0274072308093309 0.0181011650711298 0.018752021715045 0.0189663972705603 0.0193974655121565 0.0196962337940931 0.0199147425591946 0.0301467534154654 0.030970498919487 0.0309927891939878 0.0317948013544083 0.0317463912069798 0.0483967289328575 0.0488384589552879 0.0485274456441402 0.048651397228241 0.049080565571785 0.0485200881958008 0.0481608547270298 0.0487077869474888 0.0481521859765053 0.0488131642341614 0.0488786064088345 -3.4e+38 -3.4e+38 -3.4e+38
0.00626235641539097 0.00190508598461747 0.00116518267896026 0.00225047790445387 0.00286352937109768 0.00289462273940444 0.00466762203723192 0.00591194443404675 0.00513281207531691 0.00610988028347492 0.00488210748881102 0.00994172412902117 0.0120507022365928 0.0145123498514295 0.0179051756858826 0.0187721438705921 0.0194370653480291 0.0203154981136322 0.0216605514287949 0.0237573068588972 0.0254282373934984 0.0259186122566462 0.0261773522943258 0.0268266852945089 0.0270723588764668 0.0274086650460958 0.0279437303543091 0.0283532086759806 0.0289105959236622 0.0291984416544437 0.0296010691672564 0.0297136325389147 0.0300476085394621 0.0304998587816954 0.0309567712247372 0.0315248109400272 0.0314916037023067 0.0469382107257843 0.0471674464643002 0.0476921908557415 0.0493585877120495 0.0488301068544388 0.0488988719880581 0.0483593121170998 0.0491160862147808 0.0488706715404987 0.0486128032207489 0.0492544434964657 -3.4e+38 -3.4e+38 -3.4e+38
0.00697155902162194 0.0028946369420737 0.00117374060209841 0.00126352219376713 0.00162562623154372 0.00171377067454159 0.00227213837206364 0.0044406303204596 0.00314548355527222 0.00338083296082914 0.00436884816735983 0.00933098327368498 0.00620103115215898 0.0118870921432972 0.00822320021688938 0.0152736455202103 0.0163561776280403 0.0169905181974173 0.0178990121930838 0.0202791709452868 0.0236328057944775 0.0263215098530054 0.0266293920576572 0.0269051119685173 0.0274844504892826 0.0276780836284161 0.0275423508137465 0.0279200673103333 0.0288111083209515 0.0290998909622431 0.0290080308914185 0.0294635966420174 0.0299564283341169 0.0308016333729029 0.0308570936322212 0.0308465007692575 0.0463255979120731 0.0466776080429554 0.0466957204043865 0.0478312037885189 0.0487913638353348 0.0489161685109138 0.0484256893396378 0.0490690693259239 0.0487401969730854 0.0491028092801571 0.0489284060895443 0.0487110614776611 -3.4e+38 -3.4e+38 -3.4e+38
0.00292138941586018 0.00128544110339135 0.00139640853740275 0.00119482760783285 0.0013769012875855 0.00143175979610533 0.00191821623593569 0.00221689161844552 0.00265271868556738 0.00291935889981687 0.0034929474350065 0.00411202991381288 0.00522278342396021 0.00972456764429808 0.00600771605968475 0.00628291582688689 0.00702044973149896 0.00803864281624556 0.00902024935930967 0.0161207672208548 0.0207941196858883 0.0237224381417036 0.024382408708334 0.0369978807866573 0.0243529733270407 0.0240998324006796 0.0242522954940796 0.0249787848442793 0.0268205963075161 0.0289414804428816 0.0289784539490938 0.0297957565635443 0.0300081986933947 0.0304980762302876 0.0306796301156282 0.0305524282157421 0.0456961616873741 0.0455847755074501 0.0461040809750557 0.0485477857291698 0.0484641417860985 0.0486068055033684 0.0486704297363758 0.0485379733145237 0.048815693706274 0.048693735152483 0.0483178570866585 -3.4e+38 -3.4e+38 -3.4e+38 -3.4e+38
0.00478314748033881 0.00251637096516788 0.00140537053812295 0.00135351729113609 0.00120581383816898 0.00137014628853649 0.00146976846735924 0.00193477363791317 0.00237494078464806 0.00245603593066335 0.00287004583515227 0.00331407808698714 0.00400002207607031 0.0041007618419826 0.00424647238105536 0.0049618105404079 0.0053915181197226 0.00621144194155931 0.00653730519115925 0.0086063239723444 0.0122010456398129 0.0205421764403582 0.0209901258349419 0.0210960749536753 0.0323851853609085 0.0210203547030687 0.0219583846628666 0.0229972507804632 0.0241238810122013 0.0263909343630075 0.0281652025878429 0.0290814451873302 0.0296100843697786 0.0292180627584457 0.0292870961129665 0.0290409978479147 0.04510547965765 0.0462294854223728 0.0477661974728107 0.0481333173811436 0.0481441095471382 0.0481442287564278 0.0482355505228043 0.047949280589819 0.0484960153698921 0.0488088764250278 -3.4e+38 -3.4e+38 -3.4e+38 -3.4e+38 -3.4e+38
0.00488098291680217 0.00299927080050111 0.00154494005255401 0.00131813785992563 0.00153964676428586 0.00186379195656627 0.00188681948930025 0.00177791819442064 0.00184253673069179 0.00247715692967176 0.00259464303962886 0.00246904161758721 0.00291762081906199 0.00310696591623127 0.00333353271707892 0.00393706653267145 0.00421372801065445 0.00498054316267371 0.00581560889258981 0.00710043404251337 0.00962531473487616 0.0165458545088768 0.017520597204566 0.0181088224053383 0.0280031319707632 0.0279174707829952 0.0191962048411369 0.0204101745039225 0.0220614857971668 0.0236244723200798 0.0257807094603777 0.0269523728638887 0.0281875301152468 0.0283982008695602 0.0282985772937536 0.0285785216838121 0.0446642711758614 0.0467143468558788 0.047366950660944 0.0480780340731144 0.0476341024041176 0.0478232316672802 0.0484405681490898 0.048076193779707 0.0487128384411335 -3.4e+38 -3.4e+38 -3.4e+38 -3.4e+38 -3.4e+38 -3.4e+38
0.00417529605329037 0.00155152659863234 0.00168303609825671 0.00162263459060341 0.00150876899715513 0.00142264296300709 0.00151850283145905 0.00177292269654572 0.00170449342112988 0.00198572385124862 0.00213078525848687 0.00228297524154186 0.00246348627842963 0.00263438932597637 0.00286169466562569 0.00311855925247073 0.00364415813237429 0.00393560016527772 0.00466998852789402 0.0055217812769115 0.006441046949476 0.0113033289089799 0.0122561967000365 0.0131338983774185 0.0202151667326689 0.0201234053820372 0.0153895085677505 0.0172471422702074 0.019387099891901 0.021185141056776 0.0236032418906689 0.0251219775527716 0.0271084271371365 0.0429638922214508 0.0443494990468025 0.0440979674458504 0.0465613193809986 0.046795167028904 0.0468784086406231 0.0470438674092293 0.0477230027318001 0.0474354363977909 0.0479462966322899 0.0474878214299679 0.0483072884380817 -3.4e+38 -3.4e+38 -3.4e+38 -3.4e+38 -3.4e+38 -3.4e+38
0.00331577379256487 0.00282696075737476 0.00258299289271235 0.00237823417410254 0.00201056292280555 0.00213548680767417 0.00226532528176904 0.00242782477289438 0.00257170666009188 0.0027658948674798 0.00302984518930316 0.00294640427455306 0.00318593042902648 0.0034475582651794 0.00242536724545062 0.00263883708976209 0.00282716634683311 0.00307655986398458 0.00369688775390387 0.00400120299309492 0.00721146399155259 0.00796376634389162 0.00882145576179028 0.00879120547324419 0.013285637833178 0.0142985535785556 0.0102665591984987 0.0118012567982078 0.0155205875635147 0.0188461169600487 0.0215986128896475 0.0360981002449989 0.0401114225387573 0.0437324270606041 0.044962216168642 0.0452929213643074 0.0455559752881527 0.0459744222462177 0.046551339328289 0.0468916334211826 0.0469626523554325 0.0474638603627682 0.0477692559361458 0.0478643551468849 0.0483520291745663 0.047817051410675 -3.4e+38 -3.4e+38 -3.4e+38 -3.4e+38 -3.4e+38
0.00261083035729825 0.00260790111497045 0.00247062090784311 0.00198021740652621 0.00233184522949159 0.00227631535381079 0.00224441848695278 0.00242321542464197 0.00238192500546575 0.0025618807412684 0.00277188909240067 0.00273540709167719 0.00296546053141356 0.00318004889413714 0.00317583978176117 0.00346701894886792 0.00371285295113921 0.00400782655924559 0.00436259433627129 0.00474863173440099 0.00523879798129201 0.00571279926225543 0.00570607045665383 0.00877320114523172 0.00875873956829309 0.00874936394393444 0.00690445443615317 0.00816152989864349 0.0110141150653362 0.0154756605625153 0.0290874671190977 0.0346221663057804 0.0396153815090656 0.0441118367016315 0.0442507863044739 0.044559832662344 0.0453250780701637 0.0454553440213203 0.0457816869020462 0.0462272427976131 0.0463177785277367 0.0470979064702988 0.0471668988466263 0.0471998825669289 0.0478772409260273 0.0478374063968658 -3.4e+38 -3.4e+38 -3.4e+38 -3.4e+38 -3.4e+38
0.00178433512337506 0.00205954723060131 0.00251424591988325 0.00266697793267667 0.00324667058885098 0.00320230587385595 0.00316632608883083 0.00287101580761373 0.00241368217393756 0.00260225799866021 0.00256673013791442 0.00273940456099808 0.0027403321582824 0.00269479281269014 0.00293932971544564 0.00292726210318506 0.00317805935628712 0.00345912505872548 0.00374723179265857 0.00408199150115252 0.00408664438873529 0.00408306811004877 0.00408644555136561 0.0062023620121181 0.00569201493635774 0.00567741738632321 0.0041321855969727 0.00486840168014169 0.00748074892908335 0.016720587387681 0.0259505063295364 0.0325777195394039 0.038929745554924 0.0432998277246952 0.0432407110929489 0.0433044396340847 0.0441025458276272 0.044902291148901 0.0455028861761093 0.0462587773799896 0.0463294014334679 0.046491127461195 0.0467922016978264 0.0474513173103333 0.0480507835745811 0.0477909222245216 0.0476578809320927 -3.4e+38 -3.4e+38 -3.4e+38 -3.4e+38
0.00222860416397452 0.00278652529232204 0.00321386358700693 0.00374999409541488 0.00437888968735933 0.00482358271256089 0.0047543658874929 0.00402499223127961 0.00336316064931452 0.00262182741425931 0.00257193087600172 0.00256629311479628 0.00253194733522832 0.00252854987047613 0.00270440429449081 0.00270828790962696 0.00294643361121416 0.00291928090155125 0.00317859719507396 0.00344283226877451 0.00343952560797334 0.00316920457407832 0.00481737637892365 0.00443730317056179 0.00407113553956151 0.00373797793872654 0.0024676495231688 0.00290059507824481 0.00447584455832839 0.0124807031825185 0.0219990108162165 0.0305715836584568 0.0374779850244522 0.0425363965332508 0.0430918410420418 0.043161578476429 0.0438599288463593 0.0438761673867702 0.0450481884181499 0.0455741211771965 0.0456181354820728 0.0463625229895115 0.0468652471899986 0.0468586608767509 0.0471483133733273 0.0471753776073456 0.0470450893044472 0.0479001477360725 0.0477327108383179 -3.4e+38 -3.4e+38
0.00370285427197814 0.00339570106007159 0.00421227933838964 0.00503963371738791 0.00593886058777571 0.00677186530083418 0.00668657617643476 0.00604346115142107 0.00472353491932154 0.00310261803679168 0.00261430023238063 0.00258297799155116 0.00254186661913991 0.00253900163806975 0.00253155711106956 0.00248881592415273 0.00269880145788193 0.00270638568326831 0.00294919195584953 0.00293127750046551 0.00291535235010087 0.00409719673916698 0.00408932659775019 0.00344742252491415 0.00315587292425334 0.00290710153058171 0.00172952958382666 0.00188404018990695 0.00488090980798006 0.00962716061621904 0.016708467155695 0.0285729374736547 0.0362674482166767 0.0426011718809605 0.042740922421217 0.0430679693818092 0.0436173565685749 0.0444905683398247 0.0452145077288151 0.0452750846743584 0.0458966270089149 0.0464604273438454 0.0464087203145027 0.0471078604459763 0.0467942617833614 0.0467578023672104 0.0473478958010674 0.0472817458212376 0.0471118167042732 0.0477534122765064 0.0718750208616257
0.00522651290521026 0.00438191602006555 0.00506627280265093 0.00636075483635068 0.00731455534696579 0.00940033700317144 0.0107517689466476 0.00933819357305765 0.00669589824974537 0.00398395862430334 0.00285295420326293 0.00281457044184208 0.00258219777606428 0.0025382514577359 0.00355313299223781 0.00352699658833444 0.00251748459413648 0.00273479567840695 0.00297868344932795 0.00450769020244479 0.00414494285359979 0.00376443448476493 0.00344500294886529 0.00316566461697221 0.00290357670746744 0.00246419897302985 0.00242243986576796 0.00265827449038625 0.00411348324269056 0.00752998888492584 0.0138486474752426 0.0238041318953037 0.0320074036717415 0.0389041788876057 0.0433113686740398 0.0438237190246582 0.0441776216030121 0.0447927005589008 0.0449442639946938 0.0454516783356667 0.0460493788123131 0.0460563264787197 0.0466675907373428 0.0462208725512028 0.0462760999798775 0.0468144156038761 0.0468930415809155 0.0473815277218819 0.0473749041557312 0.0711376816034317 0.0719923675060272
