data/climate_estimation/maxent_output/Smilax_jamesii.asc
NCOLS 25 
NROWS 11 
XLLCORNER -123.75 
YLLCORNER 40.6666666666667 
CELLSIZE 0.0833333333333331 
NODATA_value -3.4e+38 
0.750485002994537 0.847848057746887 0.831010818481445 0.945063233375549 0.921463906764984 0.960545778274536 0.963743984699249 0.948599755764008 0.776766896247864 0.138966470956802 0.04311303794384 0.066293902695179 0.118970133364201 0.0996888875961304 0.0538388155400753 0.0825154408812523 0.105206273496151 0.107341766357422 0.0819544270634651 0.15814183652401 0.108232237398624 0.0865512862801552 0.05333137139678 0.0542163625359535 0.0469425730407238
0.772526144981384 0.866097450256348 0.879366159439087 0.941199719905853 0.971470236778259 0.974844813346863 0.970769107341766 0.91218775510788 0.939610123634338 0.567561149597168 0.0589397773146629 0.0766828879714012 0.250930428504944 0.179232686758041 0.176273867487907 0.12566539645195 0.128740191459656 0.172327503561974 0.553019642829895 0.227193996310234 0.142493426799774 0.11110881716013 0.0858196616172791 0.0691569074988365 0.0512719824910164
0.831081926822662 0.864725828170776 0.929011404514313 0.866313636302948 0.88603413105011 0.934993863105774 0.98884516954422 0.855092704296112 0.770709633827209 0.904840290546417 0.13257785141468 0.137383937835693 0.159512102603912 0.477005511522293 0.6690833568573 0.337772995233536 0.277418524026871 0.299915909767151 0.741690576076508 0.309572905302048 0.192864045500755 0.234404936432838 0.133327424526215 0.0998651087284088 0.0900543481111526
0.773983836174011 0.871318817138672 0.861308097839355 0.931817352771759 0.889325439929962 0.917648673057556 0.971595704555511 0.734844505786896 0.772236168384552 0.959772169589996 0.415721744298935 0.288437902927399 0.468917399644852 0.605700075626373 0.682348787784576 0.705643475055695 0.601595163345337 0.906755030155182 0.503361940383911 0.886649191379547 0.969216346740723 0.858917057514191 0.499260425567627 0.238514974713326 0.164420261979103
0.806160807609558 0.897462546825409 0.940550267696381 0.939907670021057 0.960401296615601 0.912248492240906 0.858958959579468 0.910583436489105 0.857021749019623 0.964750170707703 0.974116623401642 0.956736207008362 0.770835638046265 0.409999430179596 0.784276187419891 0.695894658565521 0.689079999923706 0.870469391345978 0.905365705490112 0.801793038845062 0.896364152431488 0.75820791721344 0.530597031116486 0.377504855394363 0.318860858678818
0.747915029525757 0.873609900474548 0.897299528121948 0.941011428833008 0.967925846576691 0.978373885154724 0.979013800621033 0.850133121013641 0.847622275352478 0.979728937149048 0.938407719135284 0.751823663711548 0.497698456048965 0.652634739875793 0.698268949985504 0.756837010383606 0.876462042331696 0.884999752044678 0.90549099445343 0.855629980564117 0.962172746658325 0.977365136146545 0.976290225982666 0.616944551467896 0.418964624404907
0.761343419551849 0.838301658630371 0.939644813537598 0.908822000026703 0.962863743305206 0.985907852649689 0.987055003643036 0.994146049022675 0.98320609331131 0.980664491653442 0.95577085018158 0.979915142059326 0.661003291606903 0.76539009809494 0.92131644487381 0.98109096288681 0.607333123683929 0.890748679637909 0.738200068473816 0.907490372657776 0.874001979827881 0.750846385955811 0.914975583553314 0.929415225982666 0.67924576997757
0.835072159767151 0.793448269367218 0.938301980495453 0.93499630689621 0.938152551651001 0.976374864578247 0.958341896533966 0.982068538665771 0.88699334859848 0.98735773563385 0.941485643386841 0.826585531234741 0.754591345787048 0.872876822948456 0.958625555038452 0.549890697002411 0.501629829406738 0.758134543895721 0.584603190422058 0.707940280437469 0.783141911029816 0.825392246246338 0.948691427707672 0.995658040046692 0.757664203643799
0.827698230743408 0.816471099853516 0.86712509393692 0.912392616271973 0.969650626182556 0.976123929023743 0.986981987953186 0.915871262550354 0.989116907119751 0.991357743740082 0.973539412021637 0.794030010700226 0.744645059108734 0.944561123847961 0.90062427520752 0.590526878833771 0.332584589719772 0.446915566921234 0.560985684394836 0.525784730911255 0.698944568634033 0.752399444580078 0.978109896183014 0.99649703502655 0.903201818466187
0.804362893104553 0.85262405872345 0.906584501266479 0.917769491672516 0.884561121463776 0.86820375919342 0.971019923686981 0.693151235580444 0.917580723762512 0.982099413871765 0.826985955238342 0.68986701965332 0.917519211769104 0.690069615840912 0.764368951320648 0.591183185577393 0.287321031093597 0.324550747871399 0.456582903862 0.504004836082458 0.612617671489716 0.758585333824158 0.981364667415619 0.995676696300507 0.993178367614746
0.771555364131927 0.825041770935059 0.848869204521179 0.930200338363647 0.951403081417084 0.943756222724915 0.901056289672852 0.980934202671051 0.637990534305573 0.653863072395325 0.615422546863556 0.690391838550568 0.861216843128204 0.609233438968658 0.822237491607666 0.34145176410675 0.274475872516632 0.373904019594193 0.360239923000336 0.478468298912048 0.603793203830719 0.858139455318451 0.991944134235382 0.997373282909393 0.985771894454956
