data/climate_estimation/maxent_output/Smilax_pumila.asc
NCOLS 211 
NROWS 88 
XLLCORNER -96.0833333333333 
YLLCORNER 26.75 
CELLSIZE 0.0833333333333333 
NODATA_value -3.4e+38 
[rows 0 to 21 of 88, columns 147 to 195 of 211]
0.353713631629944 0.366655141115189 0.348892509937286 0.325894713401794 0.316138863563538 0.299889087677002 0.278972268104553 0.281929641962051 0.276281654834747 0.267392843961716 0.257636517286301 0.257667690515518 0.242028504610062 0.244809910655022 0.238505274057388 0.229460284113884 0.225100725889206 0.212659493088722 0.205946445465088 0.206896424293518 0.196861937642097 0.202030211687088 0.205880239605904 0.222892910242081 0.235296189785004 0.147001370787621 0.14729318022728 0.150669708848 0.152028858661652 0.168861195445061 0.180259361863136 0.210619434714317 0.235317185521126 0.245111212134361 0.242604315280914 0.237814113497734 0.234908699989319 0.221046581864357 0.220490947365761 0.222911149263382 0.223037242889404 0.2445228099823 0.258221536874771 0.274684131145477 0.281632453203201 0.289831161499023 0.325668662786484 0.347510486841202 0.374482959508896
0.341315060853958 0.350845992565155 0.35147425532341 0.333539813756943 0.314698308706284 0.291916966438293 0.282899051904678 0.26393073797226 0.260145843029022 0.259920120239258 0.246594205498695 0.247801452875137 0.245559632778168 0.233723029494286 0.226420655846596 0.223697826266289 0.219819873571396 0.212976515293121 0.209541261196136 0.210154443979263 0.196563065052032 0.204993307590485 0.204761043190956 0.216456294059753 0.231445625424385 0.149697050452232 0.152622908353806 0.155762523412704 0.171003922820091 0.193858370184898 0.22667284309864 0.24720686674118 0.274991810321808 0.28610834479332 0.285748064517975 0.277405023574829 0.258766204118729 0.256619900465012 0.253220349550247 0.248137816786766 0.256185740232468 0.270688056945801 0.274172306060791 0.285839945077896 0.292104154825211 0.313747018575668 0.34278815984726 0.364352434873581 0.384668320417404
0.340729773044586 0.333237558603287 0.325373888015747 0.318438351154327 0.301807522773743 0.283992052078247 0.281571805477142 0.258450984954834 0.260996669530869 0.25964093208313 0.255179524421692 0.246955424547195 0.24288484454155 0.227340653538704 0.225642800331116 0.222498193383217 0.213994160294533 0.208096042275429 0.208295986056328 0.20816433429718 0.198835372924805 0.195550113916397 0.199399650096893 0.205206528306007 0.219946101307869 0.237752765417099 0.156878918409348 0.174930572509766 0.192449912428856 0.225151300430298 0.245019540190697 0.281526982784271 0.298116594552994 0.303401112556458 0.314602345228195 0.301020056009293 0.289662212133408 0.280930519104004 0.276453256607056 0.279567867517471 0.288997858762741 0.291910737752914 0.305279463529587 0.326580733060837 0.327105611562729 0.344872236251831 0.35489621758461 0.362497091293335 0.385348558425903
0.342359662055969 0.331617653369904 0.311110824346542 0.325523346662521 0.299135625362396 0.2882479429245 0.279111713171005 0.272596687078476 0.264062911272049 0.26154950261116 0.247661858797073 0.240574657917023 0.227795779705048 0.222561433911324 0.222002491354942 0.217137038707733 0.205019876360893 0.206135019659996 0.206237316131592 0.203835040330887 0.197672843933105 0.200730934739113 0.196362853050232 0.201491251587868 0.214867293834686 0.235573589801788 0.157931879162788 0.183940514922142 0.212957933545113 0.244246318936348 0.282145708799362 0.291003823280334 0.312362045049667 0.322407990694046 0.329791337251663 0.316979020833969 0.317790299654007 0.308725327253342 0.300829529762268 0.298443108797073 0.296236127614975 0.313054382801056 0.317361980676651 0.330393463373184 0.346864491701126 0.365566372871399 0.377714335918427 0.388004839420319 0.421627342700958
0.327678114175797 0.337909132242203 0.320863991975784 0.321037650108337 0.307744055986404 0.291601002216339 0.295269221067429 0.274396240711212 0.261044293642044 0.252131193876266 0.249024137854576 0.242169871926308 0.239124104380608 0.240225106477737 0.22865529358387 0.214622303843498 0.216409116983414 0.21380215883255 0.202758744359016 0.197749510407448 0.196465745568275 0.204096004366875 0.204032957553864 0.204386085271835 0.221184208989143 0.237793728709221 0.170871004462242 0.194109916687012 0.223094657063484 0.2452702075243 0.291574627161026 0.310911625623703 0.314534157514572 0.333453446626663 0.33981841802597 0.333071172237396 0.33134725689888 0.321528732776642 0.31483718752861 0.307467192411423 0.313269585371017 0.32352352142334 0.345843076705933 0.346922188997269 0.35842365026474 0.377814829349518 0.408018469810486 0.451277315616608 0.47259333729744
0.325191468000412 0.327684909105301 0.325782805681229 0.320675730705261 0.314556896686554 0.317314296960831 0.295939207077026 0.28033858537674 0.27271169424057 0.264022767543793 0.260223746299744 0.253180176019669 0.244930386543274 0.244337841868401 0.236196801066399 0.225165501236916 0.218845516443253 0.219108879566193 0.209613606333733 0.209966972470284 0.210946425795555 0.201465889811516 0.201265603303909 0.220410570502281 0.223264932632446 0.160962849855423 0.178621590137482 0.209717765450478 0.227673277258873 0.25710055232048 0.284742623567581 0.318166971206665 0.331404596567154 0.34073594212532 0.349322974681854 0.357203513383865 0.353815406560898 0.341131985187531 0.3251673579216 0.319833070039749 0.337410897016525 0.349553525447845 0.357127815485001 0.382496178150177 0.400226682424545 0.432898819446564 0.456373006105423 0.484861969947815 0.509107649326324
0.340952396392822 0.341396391391754 0.339919656515121 0.340076833963394 0.333291947841644 0.320116639137268 0.296596735715866 0.291354835033417 0.277296304702759 0.2810218334198 0.261460244655609 0.258683055639267 0.264594972133636 0.256570190191269 0.246740221977234 0.235095664858818 0.22110216319561 0.223579794168472 0.210924997925758 0.211806431412697 0.209658160805702 0.200865387916565 0.209957391023636 0.212211281061172 0.231377482414246 0.161770164966583 0.184378981590271 0.205705031752586 0.227787494659424 0.25410869717598 0.298414468765259 0.319770991802216 0.325721114873886 0.361030399799347 0.363586813211441 0.372116684913635 0.371862173080444 0.355893790721893 0.351618438959122 0.351085871458054 0.367296010255814 0.385637074708939 0.397154301404953 0.417834013700485 0.443339794874191 0.472839295864105 0.490939915180206 0.500325322151184 0.526736736297607
0.34148097038269 0.357646018266678 0.342990189790726 0.345237225294113 0.343163549900055 0.322449147701263 0.315513730049133 0.299263745546341 0.282623827457428 0.275668203830719 0.26929560303688 0.269620060920715 0.280220329761505 0.276686668395996 0.256430774927139 0.249617382884026 0.242599487304688 0.221862241625786 0.223511219024658 0.217069566249847 0.212209418416023 0.207710668444633 0.200842693448067 0.215454801917076 0.154076561331749 0.165773883461952 0.191286042332649 0.207470819354057 0.242624789476395 0.260785102844238 0.293222695589066 0.314913094043732 0.34328031539917 0.363279521465302 0.363416701555252 0.389089345932007 0.392543077468872 0.394784867763519 0.3969506919384 0.393062382936478 0.40744286775589 0.421668976545334 0.452115684747696 0.478440791368484 0.496738791465759 0.516061007976532 0.526479542255402 0.552179455757141 0.579719066619873
0.366894245147705 0.36430549621582 0.363896518945694 0.363233923912048 0.349516630172729 0.342148721218109 0.319458931684494 0.307889491319656 0.292617857456207 0.276737362146378 0.28083524107933 0.269249588251114 0.275836795568466 0.272069543600082 0.269297987222672 0.250628978013992 0.236823856830597 0.233298853039742 0.214783430099487 0.208884835243225 0.203073471784592 0.201974496245384 0.206537052989006 0.212047815322876 0.237468212842941 0.170845523476601 0.194008588790894 0.218783602118492 0.240662470459938 0.265392690896988 0.283366203308105 0.319066196680069 0.347343564033508 0.372405856847763 0.397031784057617 0.417272686958313 0.421736061573029 0.425388216972351 0.436362475156784 0.440489679574966 0.468137472867966 0.483259439468384 0.503848552703857 0.521603643894196 0.516141355037689 0.547906160354614 0.563491582870483 0.587616741657257 0.618134915828705
0.379854142665863 0.386731624603271 0.367892920970917 0.355049937963486 0.342745274305344 0.334449201822281 0.319679170846939 0.310778111219406 0.30076676607132 0.286987781524658 0.279970109462738 0.280684590339661 0.268941789865494 0.270623743534088 0.264098763465881 0.255803853273392 0.239825695753098 0.22772890329361 0.214767336845398 0.206199631094933 0.206404089927673 0.200686126947403 0.207630231976509 0.227168515324593 0.173487842082977 0.191029280424118 0.214823141694069 0.236897543072701 0.262231320142746 0.278996884822845 0.313080728054047 0.331181734800339 0.37600189447403 0.412939578294754 0.435389310121536 0.437841534614563 0.458655387163162 0.472447216510773 0.485055208206177 0.502020120620728 0.531184613704681 0.537611126899719 0.544305384159088 0.555550456047058 0.568384408950806 0.593417108058929 0.592260718345642 0.625088930130005 0.652507245540619
0.386056274175644 0.394856780767441 0.373808115720749 0.353356748819351 0.342296332120895 0.329584121704102 0.319465726613998 0.313907951116562 0.303036093711853 0.291161596775055 0.278036862611771 0.271696478128433 0.272146433591843 0.264204055070877 0.255632996559143 0.250670701265335 0.242739036679268 0.235714510083199 0.223286360502243 0.207076117396355 0.211648985743523 0.224087402224541 0.231817185878754 0.252437204122543 0.19420813024044 0.218680322170258 0.2442656904459 0.260769426822662 0.294112026691437 0.320447862148285 0.341956287622452 0.391035974025726 0.430987656116486 0.456257492303848 0.472858041524887 0.496048867702484 0.498213022947311 0.531358897686005 0.533185720443726 0.546573102474213 0.566210687160492 0.579948604106903 0.575836658477783 0.596571385860443 0.615020096302032 0.610682845115662 0.627350986003876 0.635756611824036 0.671575546264648
0.38915154337883 0.381733030080795 0.379689455032349 0.367558240890503 0.340644091367722 0.334672838449478 0.321429848670959 0.305267751216888 0.300791263580322 0.294677972793579 0.278218924999237 0.26883402466774 0.257562637329102 0.251660108566284 0.250245630741119 0.248927265405655 0.240398481488228 0.233926713466644 0.218740433454514 0.219714030623436 0.234047144651413 0.250981956720352 0.263864874839783 0.284711986780167 0.301042884588242 0.245722457766533 0.282770752906799 0.295489251613617 0.33509635925293 0.370373249053955 0.410338401794434 0.440489381551743 0.499325543642044 0.534553170204163 0.532504260540009 0.544990599155426 0.560737371444702 0.562816977500916 0.571974813938141 0.593811333179474 0.606119632720947 0.626559436321259 0.643642783164978 0.659469485282898 0.644465684890747 0.648807406425476 0.659316420555115 0.672173738479614 0.674611270427704
0.385879904031754 0.364845216274261 0.367479205131531 0.353753834962845 0.345546215772629 0.337749421596527 0.328246146440506 0.326900213956833 0.307768791913986 0.287648677825928 0.276245981454849 0.272448122501373 0.247808903455734 0.249285072088242 0.247814312577248 0.244171932339668 0.24629619717598 0.233014792203903 0.244075626134872 0.259879171848297 0.265418618917465 0.278838992118835 0.299892604351044 0.314059436321259 0.337578296661377 0.291881531476974 0.310058116912842 0.351013123989105 0.38666832447052 0.413920432329178 0.474102467298508 0.514000236988068 0.553791463375092 0.584056973457336 0.585519433021545 0.590585947036743 0.605569660663605 0.60126143693924 0.612638890743256 0.6201411485672 0.658250451087952 0.665891885757446 0.69389021396637 0.687989771366119 0.711041629314423 0.689891993999481 0.70550012588501 0.688145160675049 0.690986335277557
0.370881021022797 0.364849269390106 0.345912635326385 0.34482279419899 0.343327313661575 0.333580940961838 0.330459982156754 0.320619404315948 0.297876507043839 0.287841379642487 0.275818020105362 0.257855266332626 0.246984258294106 0.256539613008499 0.249395832419395 0.248038813471794 0.240890979766846 0.265248626470566 0.269205719232559 0.28432360291481 0.302168011665344 0.313460230827332 0.322895526885986 0.360084563493729 0.281281918287277 0.310719311237335 0.346278488636017 0.392437517642975 0.434906989336014 0.484352678060532 0.534510791301727 0.585157096385956 0.602422833442688 0.625976204872131 0.621807038784027 0.618198096752167 0.621936798095703 0.631788969039917 0.645986557006836 0.659817099571228 0.677497923374176 0.702717185020447 0.719975650310516 0.712795734405518 0.709596335887909 0.715035855770111 0.708378255367279 0.679753005504608 0.690868318080902
0.347243189811707 0.343969076871872 0.328280389308929 0.335203438997269 0.326967924833298 0.333620697259903 0.327238976955414 0.319264084100723 0.298054754734039 0.281088292598724 0.276928335428238 0.259741693735123 0.257889270782471 0.253201067447662 0.247384890913963 0.247043520212173 0.268306791782379 0.292719602584839 0.318634420633316 0.33324983716011 0.337329179048538 0.33686625957489 0.363017380237579 0.383415699005127 0.325802773237228 0.361162126064301 0.388147264719009 0.433424174785614 0.489952892065048 0.549389243125916 0.591370105743408 0.629799425601959 0.649998605251312 0.661042094230652 0.659652531147003 0.66292268037796 0.658158838748932 0.654597640037537 0.68473893404007 0.689385712146759 0.709918737411499 0.707944095134735 0.714418888092041 0.727224886417389 0.710526823997498 0.706372737884521 0.687641203403473 0.690667927265167 0.680506944656372
0.325983166694641 0.308830916881561 0.315061509609222 0.306734919548035 0.308052062988281 0.307571113109589 0.324020892381668 0.314474016427994 0.308132201433182 0.285627275705338 0.264858305454254 0.269430667161942 0.251507788896561 0.249745413661003 0.247994393110275 0.267426341772079 0.298909604549408 0.334528833627701 0.347936630249023 0.380341053009033 0.382240384817123 0.386155933141708 0.390776962041855 0.334202468395233 0.356016337871552 0.39719358086586 0.444102227687836 0.495158165693283 0.551711976528168 0.587195992469788 0.625668823719025 0.654696404933929 0.678083300590515 0.682344496250153 0.701087057590485 0.698163688182831 0.707091629505157 0.721804320812225 0.712732493877411 0.714625597000122 0.692690551280975 0.700603485107422 0.704150378704071 0.709460318088531 0.704953730106354 0.685463309288025 0.682013690471649 0.678809106349945 0.694063067436218
0.293624937534332 0.294858306646347 0.286673814058304 0.291176468133926 0.28886291384697 0.305307656526566 0.306771844625473 0.294481962919235 0.290088087320328 0.28766593337059 0.281304895877838 0.265353232622147 0.257713794708252 0.258440673351288 0.270012557506561 0.296819448471069 0.32343253493309 0.361989796161652 0.385263532400131 0.40672704577446 0.413812398910522 0.438175141811371 0.449347525835037 0.387015551328659 0.411056011915207 0.448198825120926 0.490515232086182 0.546033680438995 0.603712677955627 0.640939712524414 0.67027336359024 0.68780529499054 0.713692545890808 0.727495491504669 0.741613030433655 0.733899652957916 0.730529546737671 0.730894386768341 0.708742618560791 0.705383479595184 0.6981520652771 0.710756301879883 0.699832677841187 0.704771041870117 0.682586312294006 0.68615734577179 0.670993566513062 0.680519104003906 -3.4e+38
0.292445987462997 0.278030902147293 0.284593641757965 0.277622401714325 0.266108721494675 0.278645575046539 0.286586612462997 0.296828418970108 0.288403183221817 0.281524568796158 0.274241089820862 0.265669584274292 0.264013409614563 0.26894998550415 0.285793274641037 0.311985313892365 0.348745793104172 0.390480756759644 0.415629327297211 0.452557742595673 0.471229016780853 0.482001423835754 0.509768664836884 0.429164916276932 0.456208139657974 0.497482359409332 0.536606669425964 0.594579041004181 0.639430999755859 0.678844690322876 0.702258348464966 0.728970170021057 0.730050146579742 0.75340747833252 0.752261340618134 0.751466810703278 0.729858934879303 0.731213867664337 0.725346744060516 0.706692934036255 0.706984043121338 0.706505835056305 0.681689143180847 0.677260279655457 0.678952634334564 0.678200304508209 0.684988439083099 -3.4e+38 -3.4e+38
0.284384518861771 0.286555469036102 0.291606307029724 0.285718739032745 0.287303745746613 0.283160716295242 0.28012290596962 0.275199472904205 0.280991077423096 0.276806205511093 0.26882404088974 0.264269530773163 0.251579612493515 0.282693862915039 0.308340668678284 0.342699617147446 0.371034055948257 0.418943405151367 0.438202530145645 0.472184211015701 0.492653518915176 0.521227777004242 0.531849026679993 0.484461694955826 0.500002682209015 0.541858017444611 0.584821224212646 0.641922354698181 0.674732685089111 0.697271466255188 0.729007601737976 0.759740889072418 0.761438071727753 0.758654236793518 0.758196353912354 0.760306656360626 0.753638684749603 0.724666893482208 0.713459134101868 0.696926057338715 0.692842185497284 0.680393517017365 0.655801117420197 0.674977004528046 0.682990491390228 -3.4e+38 -3.4e+38 -3.4e+38 -3.4e+38
0.287605553865433 0.286432653665543 0.296339720487595 0.300810188055038 0.295217275619507 0.290793985128403 0.294851511716843 0.287819623947144 0.288770586252213 0.270433574914932 0.270439237356186 0.26867800951004 0.277229517698288 0.296684354543686 0.326849311590195 0.362426161766052 0.401979327201843 0.439973145723343 0.47721540927887 0.511722385883331 0.539859890937805 0.564176082611084 0.504748284816742 0.521537601947784 0.549192368984222 0.590015172958374 0.630350530147552 0.672817945480347 0.700154602527618 0.725624203681946 0.750467538833618 0.778209567070007 0.767414212226868 0.761379361152649 0.75907826423645 0.744774758815765 0.741353273391724 0.725147604942322 0.699202299118042 0.672206044197083 0.667499482631683 0.65763384103775 0.659117341041565 -3.4e+38 -3.4e+38 -3.4e+38 -3.4e+38 -3.4e+38 -3.4e+38
0.296552300453186 0.303630650043488 0.302391648292542 0.308457106351852 0.300944238901138 0.304635614156723 0.312905818223953 0.317013204097748 0.308119744062424 0.299411028623581 0.286851704120636 0.28388574719429 0.294148325920105 0.318600237369537 0.33381250500679 0.385158210992813 0.415881872177124 0.453288078308105 0.498400777578354 0.534704744815826 0.562797009944916 0.600155889987946 0.553273439407349 0.568410038948059 0.59545373916626 0.618328928947449 0.668876826763153 0.694724202156067 0.715815186500549 0.747703075408936 0.771964013576508 0.775147974491119 0.774370908737183 0.765286862850189 0.745192050933838 0.733447909355164 0.718147397041321 0.693351745605469 0.673645198345184 0.670135855674744 0.665776789188385 -3.4e+38 -3.4e+38 -3.4e+38 -3.4e+38 -3.4e+38 -3.4e+38 -3.4e+38 -3.4e+38
0.299093186855316 0.303757429122925 0.309628278017044 0.312987297773361 0.307587772607803 0.32498300075531 0.33581867814064 0.337833344936371 0.334677785634995 0.331023931503296 0.31329283118248 0.304427623748779 0.308671534061432 0.318571329116821 0.352360546588898 0.40086829662323 0.437583684921265 0.487365216016769 0.522165715694427 0.566284775733948 0.601326704025269 0.631962656974792 0.602399885654449 0.623406410217285 0.655198454856873 0.675045251846313 0.696980893611908 0.718281984329224 0.744325041770935 0.760750949382782 0.773764610290527 0.77513062953949 0.772454261779785 0.758560359477997 0.733041226863861 0.717823088169098 0.701941609382629 0.682672619819641 0.671034574508667 0.676383554935455 0.665516257286072 -3.4e+38 -3.4e+38 -3.4e+38 -3.4e+38 -3.4e+38 -3.4e+38 -3.4e+38 -3.4e+38
