data/climate_estimation/maxent_output/Smilax_trachypoda.asc
NCOLS 144 
NROWS 169 
XLLCORNER 100.666666666667 
YLLCORNER 22.0833333333333 
CELLSIZE 0.0833333333333333 
NODATA_value -3.4e+38 
[rows 40 to 59 of 169, columns 88 to 131 of 144]
0.995765149593353 0.997503638267517 0.993877828121185 0.989221036434174 0.98579329252243 0.98545253276825 0.984458804130554 0.970449805259705 0.939021110534668 0.93962174654007 0.954947292804718 0.925686061382294 0.880732715129852 0.844233274459839 0.872247993946075 0.815259397029877 0.808948397636414 0.830745875835419 0.843647301197052 0.831383049488068 0.791357100009918 0.775197088718414 0.835582971572876 0.800401628017426 0.733693897724152 0.69511467218399 0.697061598300934 0.66919082403183 0.706247687339783 0.697279274463654 0.663897752761841 0.640113651752472 0.619988977909088 0.619027435779572 0.611717939376831 0.584832489490509 0.620249032974243 0.61774879693985 0.6486976146698 0.682036697864532 0.668034195899963 0.588506579399109 0.541324019432068 0.524836957454681
0.996630191802979 0.995881915092468 0.996885478496552 0.994026482105255 0.990078806877136 0.988707721233368 0.989637792110443 0.990851819515228 0.975276052951813 0.954851627349854 0.926882445812225 0.892988204956055 0.86167985200882 0.819970011711121 0.884669542312622 0.829785645008087 0.822836518287659 0.831646382808685 0.838006436824799 0.858016729354858 0.814845085144043 0.783118069171906 0.761287450790405 0.745633542537689 0.736253142356873 0.760851919651031 0.77468466758728 0.725175321102142 0.748254001140594 0.72030508518219 0.665339589118958 0.680794239044189 0.676939725875854 0.670361459255219 0.662143349647522 0.59748113155365 0.587373614311218 0.545295000076294 0.583093404769897 0.640506625175476 0.601356625556946 0.529518663883209 0.501602351665497 0.497910529375076
0.996330738067627 0.996736884117126 0.996373236179352 0.994942903518677 0.995621085166931 0.992738366127014 0.986934661865234 0.978005349636078 0.963673293590546 0.960753798484802 0.952805757522583 0.927893459796906 0.857637822628021 0.8602135181427 0.887662827968597 0.822808802127838 0.854187607765198 0.853535830974579 0.830457866191864 0.856103360652924 0.879666090011597 0.836932241916656 0.820408046245575 0.815373778343201 0.802241027355194 0.855547964572906 0.866946697235107 0.797806203365326 0.812128007411957 0.691198348999023 0.735325455665588 0.690267086029053 0.668559193611145 0.621412932872772 0.623535633087158 0.632342576980591 0.60241037607193 0.553073465824127 0.541953384876251 0.525223255157471 0.50174206495285 0.508264243602753 0.498366475105286 0.522184669971466
0.996508300304413 0.996370732784271 0.994368314743042 0.993417263031006 0.989017188549042 0.986750662326813 0.986871480941772 0.98958146572113 0.969857275485992 0.967237293720245 0.94552206993103 0.912025451660156 0.882994711399078 0.868030667304993 0.848690390586853 0.81063324213028 0.842646300792694 0.877536416053772 0.875054597854614 0.854568004608154 0.845479249954224 0.836202085018158 0.86334216594696 0.853938400745392 0.866982698440552 0.829094290733337 0.859084129333496 0.844556093215942 0.807806193828583 0.714176654815674 0.807039141654968 0.769133985042572 0.775271415710449 0.729128301143646 0.674425542354584 0.636797666549683 0.583241760730743 0.558463394641876 0.579296588897705 0.541715025901794 0.502622842788696 0.470801055431366 0.461183160543442 0.481086254119873
0.986576497554779 0.996462941169739 0.990861356258392 0.996062934398651 0.992893934249878 0.99213844537735 0.991464734077454 0.983188986778259 0.970280170440674 0.980746388435364 0.956300795078278 0.95765095949173 0.928495943546295 0.893146991729736 0.880015432834625 0.835443139076233 0.873037278652191 0.899373769760132 0.894234478473663 0.8638636469841 0.805559039115906 0.793912768363953 0.797999382019043 0.824981451034546 0.824717700481415 0.822333693504333 0.788797318935394 0.834716320037842 0.822201371192932 0.737816870212555 0.770853459835052 0.797674417495728 0.797215819358826 0.782567203044891 0.740710496902466 0.701496124267578 0.716133832931519 0.627693176269531 0.574584305286407 0.552588880062103 0.572123467922211 0.493965089321136 0.466774970293045 0.447152495384216
0.992673337459564 0.991710543632507 0.996100664138794 0.993383526802063 0.988651156425476 0.989881217479706 0.986427545547485 0.983075141906738 0.976476848125458 0.97220116853714 0.957969725131989 0.963258564472198 0.957873344421387 0.928426861763 0.929160356521606 0.906714677810669 0.840146720409393 0.847516119480133 0.836975812911987 0.79173868894577 0.767064154148102 0.752737879753113 0.722988903522491 0.741834044456482 0.766529500484467 0.794374585151672 0.769349098205566 0.796204805374146 0.747687518596649 0.733032524585724 0.717033445835114 0.774774610996246 0.81640350818634 0.775662839412689 0.715420126914978 0.774168431758881 0.756499707698822 0.692624807357788 0.653658151626587 0.552232146263123 0.533852934837341 0.517856955528259 0.459894776344299 0.463281095027924
0.992571949958801 0.990374624729156 0.994723260402679 0.987344145774841 0.984981298446655 0.969710171222687 0.971695303916931 0.977694749832153 0.975769937038422 0.970605909824371 0.963010907173157 0.940801560878754 0.949707686901093 0.940756857395172 0.922673404216766 0.920289635658264 0.881275653839111 0.893273174762726 0.872687160968781 0.838373064994812 0.782210469245911 0.751074731349945 0.721066892147064 0.732909858226776 0.691804349422455 0.753541171550751 0.720441162586212 0.713509917259216 0.727069497108459 0.790600955486298 0.800269424915314 0.806865811347961 0.7907674908638 0.806577205657959 0.777355074882507 0.773996412754059 0.7386474609375 0.762755274772644 0.698850810527802 0.60023307800293 0.492157340049744 0.441473931074142 0.427308678627014 0.432263106107712
0.992754578590393 0.988201558589935 0.986799001693726 0.988892316818237 0.984981417655945 0.979550302028656 0.967395663261414 0.968403160572052 0.968476533889771 0.964170873165131 0.961824297904968 0.953516960144043 0.944194257259369 0.943027794361115 0.925211787223816 0.924309372901917 0.907910287380219 0.906956613063812 0.908599734306335 0.85457843542099 0.826005637645721 0.82199764251709 0.772235333919525 0.761041820049286 0.745542168617249 0.706057608127594 0.684501707553864 0.716372728347778 0.736359536647797 0.800881505012512 0.824435472488403 0.806251645088196 0.775414705276489 0.791655302047729 0.78061318397522 0.780519783496857 0.775346696376801 0.750395238399506 0.683412849903107 0.592408716678619 0.549609124660492 0.495968759059906 0.448036581277847 0.447340786457062
0.996587514877319 0.98449832201004 0.983606219291687 0.990044116973877 0.987596690654755 0.978519558906555 0.962349653244019 0.899255990982056 0.92942214012146 0.903602421283722 0.927174389362335 0.949547469615936 0.944634079933167 0.94291079044342 0.937553465366364 0.862356066703796 0.905967354774475 0.905980944633484 0.870887339115143 0.890529096126556 0.865839302539825 0.772687256336212 0.78437340259552 0.753028988838196 0.710898995399475 0.7008136510849 0.731447637081146 0.746357858181 0.759925484657288 0.781764924526215 0.784806668758392 0.773956894874573 0.747235536575317 0.755504429340363 0.77683687210083 0.751103460788727 0.750098347663879 0.732770144939423 0.708546876907349 0.627582728862762 0.644842982292175 0.556913256645203 0.514933466911316 0.46851122379303
0.989622890949249 0.985543787479401 0.983644425868988 0.977771937847137 0.97855931520462 0.979342818260193 0.974851012229919 0.945860505104065 0.940086841583252 0.863532960414886 0.878615915775299 0.909899950027466 0.874741315841675 0.910823404788971 0.914984524250031 0.841369688510895 0.703764855861664 0.870685815811157 0.882579207420349 0.874010801315308 0.869824886322021 0.82009744644165 0.772215485572815 0.817991495132446 0.764489591121674 0.754083931446075 0.77074009180069 0.77586156129837 0.730512022972107 0.767746031284332 0.751014769077301 0.74114853143692 0.742623388767242 0.745962858200073 0.729836881160736 0.706565737724304 0.693024754524231 0.701486051082611 0.682372748851776 0.635630965232849 0.589396059513092 0.626139283180237 0.629650354385376 0.560830354690552
0.988580584526062 0.988723516464233 0.98382443189621 0.97037935256958 0.975548803806305 0.966441988945007 0.972517251968384 0.965028822422028 0.965170562267303 0.944158017635345 0.912713885307312 0.868812143802643 0.77109557390213 0.818277418613434 0.87368780374527 0.709234476089478 0.783283770084381 0.787547945976257 0.874685704708099 0.816594064235687 0.860841333866119 0.84633207321167 0.836983621120453 0.850992739200592 0.776840209960938 0.796755492687225 0.806402385234833 0.811202824115753 0.809313058853149 0.812495827674866 0.811425685882568 0.796503961086273 0.77598774433136 0.773919582366943 0.761795282363892 0.719506561756134 0.688616991043091 0.660296022891998 0.649524748325348 0.68465793132782 0.641773343086243 0.673413097858429 0.658101141452789 0.573680281639099
0.977566182613373 0.980435609817505 0.979884803295135 0.973402917385101 0.96725058555603 0.926503956317902 0.952479481697083 0.949486970901489 0.948659837245941 0.951041162014008 0.939079999923706 0.93982058763504 0.843135178089142 0.790510475635529 0.665391027927399 0.864221632480621 0.867196500301361 0.877840042114258 0.880296230316162 0.83454704284668 0.84650182723999 0.853355467319489 0.842061042785645 0.832755863666534 0.792547762393951 0.828568398952484 0.807310521602631 0.80731588602066 0.819783270359039 0.797683238983154 0.797400057315826 0.774652183055878 0.773956537246704 0.7523313164711 0.768309056758881 0.717244863510132 0.71675044298172 0.712808012962341 0.684132218360901 0.6570645570755 0.662458896636963 0.665499448776245 0.643212974071503 0.598259806632996
0.970004081726074 0.9623082280159 0.963947892189026 0.973580896854401 0.938178837299347 0.961983799934387 0.961557507514954 0.948386669158936 0.935082197189331 0.93362557888031 0.932019472122192 0.90575236082077 0.905589818954468 0.864816427230835 0.818080961704254 0.782875537872314 0.863301336765289 0.86900794506073 0.851563215255737 0.841355681419373 0.839857935905457 0.812255799770355 0.807098269462585 0.808335363864899 0.811129212379456 0.806001663208008 0.766107201576233 0.71813702583313 0.810137271881104 0.675055205821991 0.723524212837219 0.778095126152039 0.770704388618469 0.767990291118622 0.746444344520569 0.736813366413116 0.740056455135345 0.724225282669067 0.673046946525574 0.650179922580719 0.633112072944641 0.613489747047424 0.596831679344177 0.588624954223633
0.968246221542358 0.961450040340424 0.963380038738251 0.958959698677063 0.961106836795807 0.952127575874329 0.939435243606567 0.9462651014328 0.886989772319794 0.886763095855713 0.844226360321045 0.86616176366806 0.794164657592773 0.874884128570557 0.829158544540405 0.833323538303375 0.874525845050812 0.863951742649078 0.852550864219666 0.841589093208313 0.81484717130661 0.80799788236618 0.79224306344986 0.789269208908081 0.810605466365814 0.791622877120972 0.778199732303619 0.730623662471771 0.596544027328491 0.619585812091827 0.690588116645813 0.769415318965912 0.769850015640259 0.752109408378601 0.75726330280304 0.753884136676788 0.728827774524689 0.711820185184479 0.692391753196716 0.686631262302399 0.668693602085114 0.669961452484131 0.654969334602356 0.613397061824799
0.962207674980164 0.946775615215302 0.935570418834686 0.941409170627594 0.956843256950378 0.944460690021515 0.924206376075745 0.921773076057434 0.845167636871338 0.894254565238953 0.718644380569458 0.73347532749176 0.837005615234375 0.880471587181091 0.890828549861908 0.869552075862885 0.863199710845947 0.845149874687195 0.845471560955048 0.804875016212463 0.810186147689819 0.781237542629242 0.750650525093079 0.776727557182312 0.793180227279663 0.795482218265533 0.766568958759308 0.628395199775696 0.569613218307495 0.628643095493317 0.646244168281555 0.633270919322968 0.639751613140106 0.715549051761627 0.724008798599243 0.688621401786804 0.697641253471375 0.657811999320984 0.655125916004181 0.67179673910141 0.668270289897919 0.669474959373474 0.643645226955414 0.607150852680206
0.943213522434235 0.90709787607193 0.922991752624512 0.936313807964325 0.942796289920807 0.930506110191345 0.924769639968872 0.924372673034668 0.917649626731873 0.903060078620911 0.914259016513824 0.874287247657776 0.759976506233215 0.823858737945557 0.877936244010925 0.853035807609558 0.853118062019348 0.842264711856842 0.812986671924591 0.761523842811584 0.674457848072052 0.683423519134521 0.691562473773956 0.702060878276825 0.697784125804901 0.750289916992188 0.62875497341156 0.570347607135773 0.56595778465271 0.431347012519836 0.58931428194046 0.673495709896088 0.72733461856842 0.729102909564972 0.723710000514984 0.685145854949951 0.693863034248352 0.716374695301056 0.686613023281097 0.613085687160492 0.613526999950409 0.655392169952393 0.639925241470337 0.598617196083069
0.911856472492218 0.927866816520691 0.9323610663414 0.922067224979401 0.93414717912674 0.864572823047638 0.886780619621277 0.908249497413635 0.903065919876099 0.894805014133453 0.884142875671387 0.882038593292236 0.889027953147888 0.868901491165161 0.870648682117462 0.833136677742004 0.83570921421051 0.806026697158813 0.795349061489105 0.743903338909149 0.767522990703583 0.761698782444 0.668843507766724 0.650626540184021 0.594951450824738 0.611700534820557 0.463637888431549 0.375854700803757 0.619878530502319 0.60509717464447 0.660384953022003 0.68712717294693 0.716571867465973 0.717312633991241 0.713186144828796 0.669130086898804 0.666064620018005 0.694383144378662 0.694425225257874 0.628234803676605 0.602577865123749 0.623775720596313 0.622815012931824 0.595789611339569
0.844593584537506 0.893734931945801 0.905040621757507 0.872268438339233 0.884551048278809 0.849381983280182 0.833407580852509 0.865789413452148 0.864847421646118 0.885189652442932 0.865833044052124 0.881384313106537 0.850194931030273 0.846444070339203 0.828986406326294 0.832670211791992 0.777279436588287 0.723688304424286 0.725285708904266 0.699495792388916 0.749332010746002 0.752339780330658 0.685837149620056 0.748910248279572 0.633693695068359 0.68655925989151 0.741440415382385 0.627977192401886 0.502223491668701 0.683626294136047 0.714296042919159 0.710146903991699 0.727203190326691 0.695255696773529 0.694154918193817 0.65949010848999 0.6227707862854 0.672008693218231 0.683873236179352 0.656924068927765 0.603918850421906 0.585899174213409 0.563330888748169 0.549975752830505
0.851801037788391 0.882717549800873 0.869629204273224 0.848537862300873 0.859467744827271 0.779324948787689 0.798776566982269 0.857328236103058 0.83682256937027 0.834310352802277 0.806089580059052 0.846147954463959 0.855615437030792 0.815196514129639 0.814302444458008 0.802775025367737 0.811389207839966 0.77603554725647 0.729396045207977 0.662014901638031 0.637010157108307 0.603876829147339 0.672341763973236 0.68108469247818 0.736277461051941 0.657149195671082 0.716459631919861 0.683547079563141 0.702989399433136 0.646236300468445 0.687366724014282 0.69070827960968 0.657782852649689 0.704539656639099 0.687487185001373 0.690945565700531 0.638835310935974 0.636563777923584 0.667487919330597 0.630216360092163 0.627005517482758 0.580768644809723 0.525166988372803 0.535206258296967
0.859236180782318 0.822378158569336 0.84361344575882 0.831088840961456 0.790130913257599 0.730708360671997 0.770768284797668 0.788424491882324 0.818479418754578 0.752742052078247 0.779764235019684 0.823285400867462 0.808330118656158 0.777086436748505 0.806722104549408 0.766025960445404 0.771171033382416 0.748763203620911 0.736210584640503 0.732078433036804 0.674213230609894 0.641847968101501 0.626077353954315 0.701869904994965 0.687573313713074 0.686939775943756 0.675805509090424 0.632412374019623 0.672450006008148 0.698023736476898 0.677805840969086 0.680199205875397 0.651336848735809 0.67707484960556 0.688153862953186 0.66216903924942 0.652301430702209 0.636481583118439 0.651472806930542 0.641545534133911 0.589429080486298 0.593688070774078 0.526583909988403 0.524493813514709
