data/climate_estimation/maxent_output/Smilax_nipponica.asc
NCOLS 491 
NROWS 207 
XLLCORNER 101.75 
YLLCORNER 24 
CELLSIZE 0.0833333333333333 
NODATA_value -3.4e+38 
[rows 44 to 65 of 207, columns 200 to 249 of 491]
0.0489298813045025 0.0489406138658524 0.0499249063432217 0.0507807396352291 0.0518327839672565 0.0529701970517635 0.0540324188768864 -3.4e+38 -3.4e+38 -3.4e+38 -3.4e+38 -3.4e+38 -3.4e+38 -3.4e+38 -3.4e+38 -3.4e+38 -3.4e+38 -3.4e+38 -3.4e+38 -3.4e+38 -3.4e+38 0.0817338824272156 0.0804590731859207 0.0771396830677986 0.0737337321043015 0.0722201615571976 0.0751171931624413 0.0721112564206123 0.0731709972023964 0.0730395242571831 0.0728659927845001 0.0846495106816292 0.0870022848248482 0.0882870480418205 0.102670229971409 0.099677287042141 0.113573335111141 0.110491804778576 -3.4e+38 -3.4e+38 -3.4e+38 -3.4e+38 -3.4e+38 0.152594149112701 0.150034591555595 0.150676921010017 -3.4e+38 -3.4e+38 -3.4e+38 -3.4e+38
0.04804502800107 0.0479488708078861 0.0487359575927258 0.0497954599559307 0.0508167035877705 0.0519213937222958 0.0605226308107376 -3.4e+38 -3.4e+38 -3.4e+38 -3.4e+38 -3.4e+38 -3.4e+38 -3.4e+38 -3.4e+38 -3.4e+38 -3.4e+38 -3.4e+38 -3.4e+38 0.0829538702964783 0.0821525901556015 0.0809280350804329 0.0803778991103172 0.0787553265690804 0.0719253644347191 0.0723420456051826 0.0753605961799622 0.0819510072469711 0.0713296458125114 0.0747947543859482 0.0873086303472519 0.0870398208498955 0.0871480628848076 0.101686149835587 0.102188482880592 0.0999547764658928 0.0997330248355865 0.056086964905262 0.0230732578784227 0.016319228336215 0.0244847722351551 0.0452059432864189 0.0914560630917549 0.134781286120415 0.148773357272148 0.134419962763786 0.133522197604179 -3.4e+38 -3.4e+38 -3.4e+38
0.0460724458098412 0.0468062721192837 0.0477200672030449 0.056870624423027 0.0568946041166782 0.0592630654573441 0.0592768676578999 -3.4e+38 -3.4e+38 -3.4e+38 -3.4e+38 -3.4e+38 -3.4e+38 -3.4e+38 -3.4e+38 -3.4e+38 -3.4e+38 0.0834408551454544 0.0832668319344521 0.0831225141882896 0.0818261727690697 0.0790995806455612 0.0782408937811852 0.078329898416996 0.0784117802977562 0.0857630297541618 0.0854630395770073 0.0819486454129219 0.0836369469761848 0.0869283527135849 0.0848602578043938 0.0848515778779984 0.0866650491952896 0.100583463907242 0.0998257398605347 0.0993775352835655 0.087191142141819 0.0376976542174816 0.0192967057228088 0.018538998439908 0.0221538338810205 0.0440663173794746 0.0746460035443306 0.128379374742508 0.132134720683098 0.131040707230568 0.130506530404091 0.11546915024519 0.114117935299873 0.112776830792427
0.0449973903596401 0.0535281114280224 0.0544969253242016 0.0546037256717682 0.0565922744572163 0.0578417964279652 0.0592980571091175 0.0602786764502525 -3.4e+38 -3.4e+38 -3.4e+38 -3.4e+38 -3.4e+38 -3.4e+38 -3.4e+38 -3.4e+38 -3.4e+38 0.0837545618414879 0.0837024077773094 0.0828927680850029 0.0816379860043526 0.0789725109934807 0.0894540846347809 0.0889605656266212 0.0880121141672134 0.0857907012104988 0.0846699848771095 0.0847845077514648 0.0836628675460815 0.0809928551316261 0.0798905268311501 0.080221563577652 0.0841473713517189 0.0992320477962494 0.100604824721813 0.0974868386983871 0.0869590938091278 0.0432595238089561 0.0303907729685307 0.0502580776810646 0.0467598438262939 0.0436617396771908 0.0676190927624702 0.0992656871676445 0.129280164837837 0.1261335760355 0.115093745291233 0.110919691622257 0.11012002825737 0.111465215682983
0.0512741580605507 0.0521206595003605 0.0522231422364712 0.0532835051417351 0.0554823763668537 0.0566114000976086 0.0578932203352451 0.0591430068016052 0.0615388788282871 0.0628696829080582 -3.4e+38 -3.4e+38 -3.4e+38 -3.4e+38 -3.4e+38 -3.4e+38 0.083898663520813 0.0838537290692329 0.0829986333847046 0.0808867290616035 0.0801608338952065 0.088985875248909 0.0874441787600517 0.0883617401123047 0.0879931077361107 0.0875188186764717 0.0865914821624756 0.0855554342269897 0.0850274935364723 0.0834705233573914 0.0827760323882103 0.0917582511901855 0.0857571363449097 0.0889863818883896 0.0990337058901787 0.0935477465391159 0.09528549015522 0.0675793141126633 0.0419673100113869 0.0596492886543274 0.0738369002938271 0.05489581823349 0.0648549795150757 0.0914313867688179 0.114132046699524 0.11399681866169 0.111760132014751 0.11161232739687 0.110061258077621 0.109350092709064
0.0500111132860184 0.0510174371302128 0.0510382391512394 0.0531294047832489 0.0543378926813602 0.0554617345333099 0.0577685572206974 0.0590356066823006 0.0615149475634098 0.0626645088195801 0.0652023702859879 0.0772068277001381 0.0802577286958694 0.0816741213202477 0.0839761197566986 0.0840875059366226 0.0841071829199791 0.0827197507023811 0.0798629447817802 0.0869000479578972 0.0877690985798836 0.0884112641215324 0.0872112885117531 0.0884713679552078 0.0885493457317352 0.0867024511098862 0.0852115079760551 0.0860681682825089 0.0848523080348969 0.0860432684421539 0.0849951878190041 0.0841686427593231 0.0867696702480316 0.0874288305640221 0.097896620631218 0.0852933898568153 0.0969235301017761 0.0799337029457092 0.0582500211894512 0.0611529685556889 0.0486889034509659 0.0490376390516758 0.0699363425374031 0.0929252430796623 0.113048285245895 0.113120660185814 0.110947236418724 0.110258042812347 0.0987023413181305 0.0976896062493324
0.048802025616169 0.0487814508378506 0.0497603788971901 0.0508522167801857 0.0530060417950153 0.054165281355381 0.0563427545130253 0.0576158128678799 0.0698252320289612 0.0727061703801155 0.075579434633255 0.0772391110658646 0.0801225453615189 0.0832924842834473 0.0841948986053467 0.0842893794178963 0.0841407552361488 0.0817190855741501 0.0909255221486092 0.0823624655604362 0.0876515284180641 0.0870516523718834 0.0883507877588272 0.087929405272007 0.0879584774374962 0.0861800163984299 0.0849920734763145 0.0854682549834251 0.0866966173052788 0.0855630412697792 0.0853815376758575 0.0839867666363716 0.0848675742745399 0.0991777703166008 0.0882603600621223 0.0886844247579575 0.0872504860162735 0.096970871090889 0.092324785888195 0.078936830163002 0.072249062359333 0.062005203217268 0.0757088884711266 0.081081822514534 0.0919085144996643 0.0972336754202843 0.0992724299430847 0.0978733077645302 0.0965542644262314 0.095296248793602
0.0476712882518768 0.0486553832888603 0.049637246876955 0.0587720312178135 0.0612256191670895 0.0628122463822365 0.0642116516828537 0.0668830275535583 0.0696458891034126 0.0725817754864693 0.0753242000937462 0.0782674998044968 0.0799988135695457 0.0831524133682251 0.0839512944221497 0.0840311199426651 0.0838170722126961 0.0810243710875511 0.0876218006014824 0.0836945325136185 0.0876569598913193 0.0887282565236092 0.0890249162912369 0.088004007935524 0.0875652730464935 0.0866615772247314 0.0860814526677132 0.0869867876172066 0.0868484079837799 0.0864239707589149 0.0872029289603233 0.0854823067784309 0.0970538258552551 0.0956268832087517 0.100129969418049 0.0893308520317078 0.0886317193508148 0.10002950578928 0.0964450389146805 0.0933597311377525 0.0851960629224777 0.0729811564087868 0.0818140432238579 0.0873096287250519 0.086303174495697 0.0963807478547096 0.0981413125991821 0.093542106449604 0.095352828502655 0.0917518064379692
0.054109800606966 0.0538773648440838 0.0563250221312046 0.0585775747895241 0.0599682368338108 0.0625121593475342 0.0638396590948105 0.0665550082921982 0.069466769695282 0.0721906721591949 0.0751609802246094 0.0783100202679634 0.0811139717698097 0.0837494432926178 0.0840648487210274 0.0836996510624886 0.0829034671187401 0.0929598435759544 0.0880345180630684 0.0895004868507385 0.0900111645460129 0.0897366032004356 0.0904258042573929 0.0886165276169777 0.0884038582444191 0.087241567671299 0.0860950127243996 0.086969368159771 0.0875421166419983 0.0868920683860779 0.0997645556926727 0.0986936762928963 0.0962209478020668 0.0968278869986534 0.0896220654249191 0.100553639233112 0.104619547724724 0.10197502374649 0.0990513861179352 0.0965274497866631 0.0919122397899628 0.0853779092431068 -3.4e+38 0.093297503888607 -3.4e+38 0.090008869767189 0.0979454442858696 0.0952625125646591 0.0868464261293411 0.0853458046913147
0.0526685081422329 0.0537073388695717 0.0559819117188454 0.0581482201814651 0.0595121160149574 0.0620331019163132 0.0649890899658203 0.0665491819381714 0.0693149641156197 0.0736220329999924 0.0762196704745293 0.0794473364949226 0.0827911719679832 0.083694614470005 0.0834782719612122 0.0835094079375267 0.0957539081573486 0.0938013643026352 0.0927104502916336 0.0923440679907799 0.0912332907319069 0.0906736627221107 0.0906228646636009 0.0901323407888412 0.0891307294368744 0.0881627723574638 0.0873076170682907 0.0887643992900848 0.102270148694515 0.101052410900593 0.101183645427227 0.101748496294022 0.10305667668581 0.0905755236744881 0.104436859488487 0.10293523222208 0.102697417140007 0.103636860847473 0.100898429751396 0.0986387133598328 -3.4e+38 -3.4e+38 -3.4e+38 -3.4e+38 -3.4e+38 -3.4e+38 -3.4e+38 -3.4e+38 -3.4e+38 -3.4e+38
0.0530396364629269 0.0519865155220032 0.054111871868372 0.0577087961137295 0.060241024941206 0.0652088224887848 0.0669164285063744 0.0687565952539444 0.0716334953904152 0.075622022151947 0.080145999789238 0.0821082144975662 0.0831373780965805 0.0835165679454803 0.0964824482798576 0.096234530210495 0.0959440618753433 0.0948621109127998 0.0944517776370049 0.0937750712037086 0.0922932699322701 0.0921480506658554 0.0924088284373283 0.09050602465868 0.0902765095233917 0.089502364397049 0.103441439568996 0.10391429066658 0.102351903915405 0.102850295603275 0.103053949773312 0.104240238666534 0.105152644217014 0.106401428580284 0.105984129011631 0.105711705982685 -3.4e+38 0.103763364255428 0.101090870797634 -3.4e+38 -3.4e+38 -3.4e+38 -3.4e+38 -3.4e+38 -3.4e+38 -3.4e+38 -3.4e+38 -3.4e+38 -3.4e+38 -3.4e+38
0.0731501206755638 0.0600172020494938 0.0624852478504181 0.0703004896640778 0.0732540637254715 0.0808257237076759 0.0799375399947166 0.072244793176651 0.0752135589718819 0.0922137796878815 0.0952504649758339 0.0954684242606163 0.0959647074341774 0.0963054448366165 0.09634979814291 0.0962563306093216 0.0957420542836189 0.0952432081103325 0.0946023985743523 0.0937648415565491 0.093781054019928 0.0933733731508255 0.0921633318066597 0.0922303423285484 0.0906570926308632 0.104663446545601 0.103526838123798 0.104631923139095 0.105636790394783 0.105445608496666 0.105752788484097 0.106835953891277 0.106687404215336 -3.4e+38 -3.4e+38 -3.4e+38 -3.4e+38 -3.4e+38 -3.4e+38 -3.4e+38 -3.4e+38 -3.4e+38 -3.4e+38 -3.4e+38 -3.4e+38 -3.4e+38 -3.4e+38 -3.4e+38 -3.4e+38 -3.4e+38
0.0686776638031006 0.058234728872776 0.0665029212832451 0.0829056203365326 0.0854045525193214 0.0833850651979446 0.083891287446022 0.087624303996563 0.0929957255721092 0.0943561568856239 0.0949324294924736 0.0951361805200577 0.0954049974679947 0.0958734229207039 0.0961150750517845 0.095997728407383 0.0956879183650017 0.0949823930859566 0.0945405066013336 0.0947614535689354 0.0941642746329308 0.0932957455515862 0.0934395343065262 0.105990834534168 0.104987286031246 0.104964673519135 0.104880206286907 0.105787113308907 0.105622999370098 0.104855924844742 0.105743132531643 -3.4e+38 -3.4e+38 -3.4e+38 -3.4e+38 -3.4e+38 -3.4e+38 -3.4e+38 -3.4e+38 -3.4e+38 -3.4e+38 -3.4e+38 -3.4e+38 -3.4e+38 -3.4e+38 -3.4e+38 -3.4e+38 -3.4e+38 -3.4e+38 -3.4e+38
0.0612439848482609 0.0611847117543221 0.0709028616547585 0.0844036266207695 0.0848470255732536 0.0859011560678482 0.0878026932477951 0.0917582958936691 0.0925471484661102 0.0939043015241623 0.0943251401185989 0.0947996377944946 0.0950654596090317 0.0951322987675667 0.0953816249966621 0.0958212316036224 0.095450259745121 0.0949652418494225 0.0954202562570572 0.0945263803005219 0.0940490663051605 0.0943176075816154 0.108399987220764 0.106561467051506 0.105543628334999 0.104816965758801 0.104303263127804 0.104912824928761 0.105821348726749 0.104928992688656 0.106002144515514 -3.4e+38 -3.4e+38 -3.4e+38 -3.4e+38 -3.4e+38 -3.4e+38 -3.4e+38 -3.4e+38 -3.4e+38 -3.4e+38 -3.4e+38 -3.4e+38 -3.4e+38 -3.4e+38 -3.4e+38 -3.4e+38 -3.4e+38 -3.4e+38 -3.4e+38
0.0766510814428329 0.0683853328227997 0.0778949856758118 0.0840369537472725 0.0817804262042046 0.0840285122394562 0.0875412821769714 0.0899835601449013 0.0929899662733078 0.0935668796300888 0.0937962159514427 0.093886986374855 0.0943724885582924 0.0947824195027351 0.0952239111065865 0.0948317348957062 0.0945639088749886 0.0941329598426819 0.0938459113240242 0.0939958766102791 0.10914833843708 0.10939534753561 0.108715072274208 0.107621505856514 0.106569372117519 0.104637809097767 0.10468415170908 0.106124103069305 -3.4e+38 0.120380289852619 -3.4e+38 -3.4e+38 -3.4e+38 -3.4e+38 -3.4e+38 -3.4e+38 -3.4e+38 -3.4e+38 -3.4e+38 -3.4e+38 -3.4e+38 -3.4e+38 -3.4e+38 -3.4e+38 -3.4e+38 -3.4e+38 -3.4e+38 -3.4e+38 -3.4e+38 -3.4e+38
0.0894218981266022 0.0825159549713135 0.103298731148243 0.0841788575053215 0.0861229971051216 0.0896477252244949 0.0909556895494461 0.0917123556137085 0.092288464307785 0.0927220731973648 0.0928249508142471 0.0935629829764366 0.0934520587325096 0.0938388407230377 0.0942443534731865 0.0938459634780884 0.1081757619977 0.108730383217335 0.108256846666336 0.108601301908493 0.108993001282215 0.108461230993271 0.108809478580952 0.108610481023788 0.106860145926476 0.110759414732456 0.104135245084763 0.10710933804512 -3.4e+38 -3.4e+38 -3.4e+38 -3.4e+38 -3.4e+38 -3.4e+38 -3.4e+38 -3.4e+38 -3.4e+38 -3.4e+38 -3.4e+38 -3.4e+38 -3.4e+38 -3.4e+38 -3.4e+38 -3.4e+38 -3.4e+38 -3.4e+38 -3.4e+38 -3.4e+38 -3.4e+38 -3.4e+38
0.0870967954397202 0.102763526141644 0.0894569009542465 0.0891958326101303 0.100607573986053 0.102162413299084 0.0871600061655045 0.0875417664647102 0.0918821543455124 0.0920970216393471 0.092007152736187 0.0924148708581924 0.0923048779368401 0.106345795094967 0.106040216982365 0.106450729072094 0.106569431722164 0.106995366513729 0.10569978505373 0.10757253319025 0.109820447862148 0.108327329158783 0.107438296079636 0.107258655130863 0.116732381284237 0.110994577407837 0.117002323269844 0.115991897881031 -3.4e+38 -3.4e+38 -3.4e+38 -3.4e+38 -3.4e+38 -3.4e+38 -3.4e+38 -3.4e+38 -3.4e+38 -3.4e+38 -3.4e+38 -3.4e+38 -3.4e+38 -3.4e+38 -3.4e+38 -3.4e+38 -3.4e+38 -3.4e+38 -3.4e+38 -3.4e+38 -3.4e+38 -3.4e+38
0.0873060822486877 0.0999119058251381 0.0992828458547592 0.101336747407913 0.0866724625229836 0.0888945087790489 0.0886878594756126 0.0890297144651413 0.0899053141474724 0.0896876603364944 0.104410216212273 0.104994110763073 0.105528987944126 0.105106994509697 0.104060620069504 0.105311691761017 0.10500518232584 0.10650721937418 0.10696554929018 0.109207354485989 0.108652904629707 -3.4e+38 0.108991555869579 0.107562236487865 0.120233170688152 0.117404654622078 0.119688548147678 0.11419253051281 -3.4e+38 -3.4e+38 -3.4e+38 -3.4e+38 -3.4e+38 -3.4e+38 -3.4e+38 -3.4e+38 -3.4e+38 -3.4e+38 -3.4e+38 -3.4e+38 -3.4e+38 -3.4e+38 -3.4e+38 -3.4e+38 -3.4e+38 -3.4e+38 -3.4e+38 -3.4e+38 -3.4e+38 -3.4e+38
0.0879662036895752 0.0862158089876175 0.0886339619755745 0.0889284312725067 0.0867240503430367 0.0984104499220848 0.0866281539201736 0.0888296663761139 0.0879217460751534 0.0892829671502113 0.104128167033195 0.104714348912239 0.104443289339542 0.104017905890942 0.103769481182098 0.103577353060246 0.103266268968582 0.104410156607628 0.10591958463192 0.119920037686825 0.121234528720379 0.108682483434677 0.123112216591835 0.122317366302013 0.120226569473743 -3.4e+38 -3.4e+38 -3.4e+38 -3.4e+38 -3.4e+38 -3.4e+38 -3.4e+38 -3.4e+38 -3.4e+38 -3.4e+38 -3.4e+38 -3.4e+38 -3.4e+38 -3.4e+38 -3.4e+38 -3.4e+38 -3.4e+38 -3.4e+38 -3.4e+38 -3.4e+38 -3.4e+38 -3.4e+38 -3.4e+38 -3.4e+38 -3.4e+38
0.0890946835279465 0.0889314562082291 0.088091067969799 0.0882463902235031 0.0879528746008873 0.0974029079079628 0.0854188725352287 0.0859304368495941 0.100796267390251 0.102127350866795 0.102886565029621 0.102559886872768 0.101305887103081 0.100322715938091 0.114802457392216 0.11518719047308 0.114869736135006 0.118299506604671 0.11863499134779 0.116753533482552 0.11762548238039 0.12249469012022 0.122709393501282 -3.4e+38 -3.4e+38 -3.4e+38 -3.4e+38 -3.4e+38 -3.4e+38 -3.4e+38 -3.4e+38 -3.4e+38 -3.4e+38 -3.4e+38 -3.4e+38 -3.4e+38 -3.4e+38 -3.4e+38 -3.4e+38 -3.4e+38 -3.4e+38 -3.4e+38 -3.4e+38 -3.4e+38 -3.4e+38 -3.4e+38 -3.4e+38 -3.4e+38 -3.4e+38 -3.4e+38
0.0885510444641113 0.0887805223464966 0.0884828642010689 0.0867520794272423 0.0861931592226028 0.0836542993783951 0.0840889886021614 0.0984530672430992 0.0997373387217522 0.0993506759405136 0.0999634116888046 0.0998331680893898 0.11270909756422 0.111089311540127 0.113395296037197 0.114931955933571 0.11352764070034 0.116133064031601 0.120747305452824 0.121066704392433 0.121983788907528 0.122289381921291 -3.4e+38 -3.4e+38 -3.4e+38 -3.4e+38 -3.4e+38 -3.4e+38 -3.4e+38 0.134629055857658 -3.4e+38 -3.4e+38 -3.4e+38 -3.4e+38 -3.4e+38 -3.4e+38 -3.4e+38 -3.4e+38 -3.4e+38 -3.4e+38 -3.4e+38 -3.4e+38 -3.4e+38 -3.4e+38 -3.4e+38 -3.4e+38 -3.4e+38 -3.4e+38 -3.4e+38 -3.4e+38
0.0882377102971077 0.0883739739656448 0.0881344452500343 0.084367424249649 0.0852855667471886 0.084288127720356 0.0830736234784126 0.0948457568883896 0.0965949594974518 0.0973810777068138 0.0955753996968269 0.107682347297668 0.107352443039417 0.112190417945385 0.116961158812046 0.116460405290127 0.116011284291744 0.117890812456608 0.116886287927628 0.119706429541111 0.138799533247948 0.129240036010742 -3.4e+38 -3.4e+38 -3.4e+38 -3.4e+38 -3.4e+38 -3.4e+38 -3.4e+38 -3.4e+38 -3.4e+38 -3.4e+38 -3.4e+38 -3.4e+38 -3.4e+38 -3.4e+38 -3.4e+38 -3.4e+38 -3.4e+38 -3.4e+38 -3.4e+38 -3.4e+38 -3.4e+38 -3.4e+38 -3.4e+38 -3.4e+38 -3.4e+38 -3.4e+38 -3.4e+38 -3.4e+38
