data/climate_estimation/maxent_output/Smilax_stans.asc
NCOLS 559 
NROWS 213 
XLLCORNER 96.3333333333333 
YLLCORNER 23.0833333333333 
CELLSIZE 0.0833333333333333 
NODATA_value -3.4e+38 
[rows 154 to 175 of 213, columns 0 to 50 of 559]
0.0360018685460091 0.069028340280056 0.142737850546837 0.0977315828204155 0.0763509571552277 0.124778933823109 0.367667347192764 0.109351918101311 0.370062679052353 0.385409325361252 0.377111285924911 0.398405343294144 0.320779949426651 0.349238336086273 0.338636785745621 0.132244408130646 0.197869271039963 0.380120545625687 0.398008048534393 0.307735681533813 0.289560854434967 0.406931668519974 0.405670493841171 0.359615594148636 0.405567169189453 0.364136457443237 0.347368091344833 0.235210001468658 0.374065399169922 0.276817619800568 0.426430255174637 0.524734616279602 0.310813814401627 0.351224422454834 0.503599107265472 0.533204853534698 0.58780312538147 0.647396504878998 0.464013874530792 0.52464097738266 0.665849268436432 0.585492134094238 0.354074090719223 0.517001390457153 0.739868104457855 0.567529141902924 0.626174211502075 0.775621712207794 0.818162500858307 0.776264786720276 0.836630702018738
0.0238056238740683 0.0456194654107094 0.0820173174142838 0.202008947730064 0.301621168851852 0.0947592034935951 0.106168366968632 0.118318095803261 0.310636758804321 0.343601882457733 0.313307195901871 0.358777731657028 0.358199268579483 0.204079300165176 0.278428137302399 0.188589498400688 0.0783898308873177 0.121404804289341 0.202596917748451 0.133543372154236 0.205931589007378 0.205691710114479 0.393083274364471 0.279105484485626 0.289162129163742 0.375043869018555 0.343769639730453 0.417823433876038 0.294158577919006 0.29556080698967 0.37525287270546 0.355009078979492 0.494463056325912 0.298771381378174 0.415983200073242 0.58243328332901 0.520134329795837 0.544538080692291 0.38084551692009 0.594631195068359 0.721634924411774 0.536331236362457 0.351835757493973 0.505730032920837 0.549834549427032 0.796081006526947 0.783995747566223 0.794364631175995 0.872767210006714 0.588590621948242 0.875112473964691
0.0315976068377495 0.100991606712341 0.218754515051842 0.246501386165619 0.349246054887772 0.173056125640869 0.387312680482864 0.298591017723083 0.24115189909935 0.306106686592102 0.137759208679199 0.145225152373314 0.142081275582314 0.142083495855331 0.128218069672585 0.22282749414444 0.142772421240807 0.0642940253019333 0.113180793821812 0.13133579492569 0.118134513497353 0.136990323662758 0.335251837968826 0.289232760667801 0.297913432121277 0.365278601646423 0.392504513263702 0.277030766010284 0.276684105396271 0.345321893692017 0.266040027141571 0.387390226125717 0.269736766815186 0.371688961982727 0.442845195531845 0.512554466724396 0.535002291202545 0.478563249111176 0.365390688180923 0.473183572292328 0.705929398536682 0.652573704719543 0.550825893878937 0.584673583507538 0.739219307899475 0.7789067029953 0.70245885848999 0.784620404243469 0.534254312515259 0.872264862060547 0.615098237991333
0.0388664528727531 0.0466213673353195 0.103419087827206 0.163781836628914 0.329338848590851 0.335587650537491 0.366079539060593 0.347096562385559 0.287796229124069 0.255395859479904 0.0681559219956398 0.051057793200016 0.0393506959080696 0.055335994809866 0.159725591540337 0.0776842758059502 0.069866269826889 0.0808910727500916 0.0677915513515472 0.0717265531420708 0.0733413994312286 0.0699347406625748 0.257495045661926 0.170153334736824 0.197090223431587 0.352335751056671 0.334956705570221 0.318248718976974 0.161994427442551 0.372279047966003 0.301048189401627 0.375376641750336 0.260646909475327 0.42062783241272 0.358284085988998 0.554380655288696 0.532626748085022 0.467461913824081 0.507406771183014 0.391151368618011 0.68698638677597 0.415121167898178 0.397366315126419 0.463342070579529 0.785654187202454 0.647165894508362 0.751514434814453 0.371762007474899 0.475833743810654 0.770549893379211 0.815841197967529
0.0436045415699482 0.104032024741173 0.172104105353355 0.250283509492874 0.277045696973801 0.376391291618347 0.3632952272892 0.282522797584534 0.105727382004261 0.133993223309517 0.0797193124890327 0.030300248414278 0.0196718629449606 0.0509282313287258 0.0943543091416359 0.0467845872044563 0.029650766402483 0.0408418029546738 0.0400957688689232 0.0664435103535652 0.0627056136727333 0.122654855251312 0.109398804605007 0.184500828385353 0.323814958333969 0.303049981594086 0.337970972061157 0.370171129703522 0.223718419671059 0.223928347229958 0.350682139396667 0.381639719009399 0.269877076148987 0.383397370576859 0.306611657142639 0.482178717851639 0.530529797077179 0.444798409938812 0.613430798053741 0.352430909872055 0.549665749073029 0.645922183990479 0.435253828763962 0.385483473539352 0.758668124675751 0.692505121231079 0.721537232398987 0.727261960506439 0.803891539573669 0.364367544651031 0.679000914096832
0.0115604922175407 0.0209291055798531 0.0224670078605413 0.0528103448450565 0.103507101535797 0.166547670960426 0.249982431530952 0.202009797096252 0.0902721583843231 0.0509193986654282 0.0439782440662384 0.0249228905886412 0.0132207600399852 0.0197818223387003 0.0490038357675076 0.0677209720015526 0.0310943350195885 0.0206416752189398 0.044747781008482 0.0308689475059509 0.0678989514708519 0.0873489156365395 0.233265534043312 0.28967496752739 0.312784045934677 0.249159291386604 0.32026618719101 0.335003882646561 0.33638322353363 0.169329881668091 0.332036912441254 0.382437527179718 0.184223473072052 0.425105154514313 0.324956655502319 0.503167331218719 0.479382872581482 0.461809366941452 0.377238571643829 0.534935653209686 0.375759243965149 0.675552129745483 0.607408225536346 0.392872214317322 0.802997350692749 0.731088936328888 0.685366988182068 0.627889275550842 0.754715442657471 0.533727943897247 0.690639853477478
0.0244407504796982 0.0224405694752932 0.0284563470631838 0.0281045977026224 0.0440123900771141 0.129314795136452 0.251337140798569 0.239368587732315 0.158753335475922 0.0724649801850319 0.0394505113363266 0.0186665095388889 0.0117689240723848 0.0121875610202551 0.0234103817492723 0.0468723587691784 0.0476458594202995 0.0295490305870771 0.0208186879754066 0.0254343692213297 0.0770448073744774 0.0723960474133492 0.234277814626694 0.271318435668945 0.214304089546204 0.148965954780579 0.303776741027832 0.311616152524948 0.333007365465164 0.184592917561531 0.30950254201889 0.360138773918152 0.191861972212791 0.41756871342659 0.440020710229874 0.518973648548126 0.50835245847702 0.515039563179016 0.33416336774826 0.459035843610764 0.410893887281418 0.584762096405029 0.667110502719879 0.532361328601837 0.785045206546783 0.697615444660187 0.727252542972565 0.574125707149506 0.771466732025146 0.583725273609161 0.789231657981873
0.0386590026319027 0.0348208025097847 0.0485563054680824 0.0765135213732719 0.0831505954265594 0.0469020307064056 0.0886284336447716 0.244422540068626 0.11250875890255 0.0421678572893143 0.044227097183466 0.0237265471369028 0.0121604111045599 0.0117323696613312 0.0116498777642846 0.0197430104017258 0.0300504490733147 0.0617978647351265 0.0245218649506569 0.0237739682197571 0.0634632334113121 0.0739931240677834 0.10078226774931 0.236959278583527 0.149215221405029 0.149288967251778 0.26554673910141 0.210387125611305 0.299803376197815 0.240934014320374 0.255076229572296 0.347430855035782 0.238522633910179 0.2100889980793 0.365926444530487 0.534276843070984 0.527544677257538 0.535804212093353 0.566133081912994 0.230836495757103 0.618211805820465 0.340254634618759 0.621057868003845 0.761236369609833 0.406532794237137 0.723749876022339 0.580782949924469 0.652812540531158 0.821032345294952 0.614178359508514 0.364813685417175
0.024125399067998 0.0346380807459354 0.066113106906414 0.086673267185688 0.0463955402374268 0.0414936505258083 0.0458854027092457 0.11451581120491 0.239724025130272 0.104534231126308 0.03368254378438 0.0280462689697742 0.0162755381315947 0.0128291640430689 0.0117603428661823 0.0131322667002678 0.0165350344032049 0.0287396069616079 0.0234689880162477 0.0654333978891373 0.0682302787899971 0.131976664066315 0.0660908967256546 0.22409488260746 0.144640550017357 0.136629149317741 0.102929353713989 0.120822504162788 0.295248359441757 0.299771010875702 0.120758406817913 0.353029936552048 0.348821938037872 0.171871677041054 0.25398463010788 0.483113080263138 0.492774367332458 0.540169060230255 0.610553860664368 0.243328064680099 0.509020268917084 0.405084729194641 0.336056768894196 0.633512198925018 0.741836845874786 0.425863534212112 0.486900866031647 0.57499623298645 0.819263279438019 0.619512438774109 0.557492852210999
0.0226042866706848 0.0454232543706894 0.0568252354860306 0.0838232785463333 0.034930158406496 0.0315869674086571 0.0803570374846458 0.050373837351799 0.103663608431816 0.18968853354454 0.0529673956334591 0.0306781344115734 0.0245615653693676 0.0156367048621178 0.0119183342903852 0.0119712902233005 0.0148003678768873 0.0194570031017065 0.021600728854537 0.0738719552755356 0.134223833680153 0.241600006818771 0.07303636521101 0.128656983375549 0.197200760245323 0.089807465672493 0.0921519547700882 0.249278709292412 0.292620003223419 0.318368881940842 0.126462817192078 0.32143172621727 0.352210372686386 0.203387960791588 0.369845509529114 0.300883769989014 0.499811798334122 0.543382227420807 0.598819136619568 0.593512117862701 0.576701581478119 0.434439480304718 0.674548506736755 0.539818942546844 0.601514160633087 0.766201615333557 0.502845704555511 0.809023499488831 0.73134171962738 0.559363722801208 0.484617203474045
0.0145682180300355 0.0200170259922743 0.0170051380991936 0.0267708245664835 0.0310574974864721 0.0478243492543697 0.0465297810733318 0.0684072226285934 0.10429684817791 0.194641143083572 0.137966066598892 0.0851214006543159 0.0404917597770691 0.0226306039839983 0.0138992238789797 0.0126129342243075 0.0111429039388895 0.0156617034226656 0.0201716497540474 0.0379014424979687 0.0792337283492088 0.241847708821297 0.176614567637444 0.0731733739376068 0.086484007537365 0.121245317161083 0.144063413143158 0.283202141523361 0.31820547580719 0.271590113639832 0.117281027138233 0.354050159454346 0.37745988368988 0.220488920807838 0.29648569226265 0.40148076415062 0.437305271625519 0.500389873981476 0.602058351039886 0.592049598693848 0.439014375209808 0.556752681732178 0.406528413295746 0.62345278263092 0.526757657527924 0.542881965637207 0.363795965909958 0.73352986574173 0.679432928562164 0.356300532817841 0.793816149234772
0.0174218490719795 0.0196294113993645 0.0300629138946533 0.0508822239935398 0.0834981501102448 0.130449742078781 0.159004777669907 0.182215869426727 0.19610208272934 0.0988048613071442 0.146143555641174 0.124549329280853 0.104756742715836 0.0266288034617901 0.0139376828446984 0.0123916193842888 0.0102027337998152 0.0152347646653652 0.0233181435614824 0.0523095913231373 0.121594741940498 0.188461109995842 0.214253634214401 0.138689056038857 0.0516288876533508 0.256755322217941 0.259862571954727 0.250192373991013 0.266930162906647 0.271114081144333 0.104349881410599 0.316484212875366 0.39394536614418 0.227489069104195 0.266556590795517 0.393886655569077 0.519460916519165 0.482686370611191 0.583152234554291 0.589776515960693 0.55050140619278 0.501912415027618 0.461419641971588 0.534635663032532 0.557018518447876 0.723814487457275 0.660755217075348 0.702340841293335 0.796210944652557 0.36794713139534 0.719535648822784
0.0178731177002192 0.0265226885676384 0.0383142791688442 0.0369581133127213 0.0503392517566681 0.0436514839529991 0.0629040822386742 0.0828699097037315 0.0968587175011635 0.0488280467689037 0.168562158942223 0.0918661653995514 0.0485100597143173 0.0228881537914276 0.0142328096553683 0.010681813582778 0.0098402900621295 0.0194889660924673 0.051496896892786 0.0658914893865585 0.130736365914345 0.139561489224434 0.0952181592583656 0.201405987143517 0.0582023151218891 0.24230320751667 0.234992459416389 0.172001332044601 0.296601504087448 0.275303363800049 0.107112936675549 0.354733943939209 0.33536222577095 0.218211993575096 0.156503111124039 0.36307880282402 0.326794475317001 0.465083211660385 0.505609214305878 0.55106920003891 0.546795129776001 0.622648179531097 0.611432909965515 0.354682624340057 0.497511357069016 0.699579358100891 0.722023963928223 0.793291389942169 0.706432163715363 0.373543381690979 0.756085336208344
0.0112658124417067 0.0190554317086935 0.0242567844688892 0.0330679155886173 0.0357199460268021 0.0398337952792645 0.0347962230443954 0.0509321428835392 0.033701628446579 0.0293317101895809 0.0728582516312599 0.112025126814842 0.0277859903872013 0.014934204518795 0.0119260530918837 0.0103057762607932 0.0123154446482658 0.0197312012314796 0.0334662050008774 0.054221972823143 0.0944413617253304 0.0543597415089607 0.0875038355588913 0.191969469189644 0.0625893846154213 0.16857273876667 0.17873252928257 0.104368798434734 0.253300100564957 0.267445921897888 0.0957919880747795 0.356431603431702 0.380678802728653 0.204843863844872 0.153804868459702 0.409760355949402 0.225633278489113 0.492435604333878 0.438046365976334 0.406660914421082 0.52859491109848 0.637640535831451 0.496426731348038 0.287218898534775 0.464905560016632 0.65004950761795 0.611027002334595 0.660563170909882 0.761216700077057 0.428583681583405 0.578050673007965
0.0071609802544117 0.00795169267803431 0.00716148968786001 0.00895039271563292 0.0107346903532743 0.0109009202569723 0.0124763455241919 0.0177227351814508 0.0219509620219469 0.0229934118688107 0.0492051392793655 0.0769268125295639 0.0259337574243546 0.0155732994899154 0.0145310331135988 0.012680028565228 0.0117921931669116 0.0158196985721588 0.0243925824761391 0.0385346449911594 0.0387479960918427 0.095231831073761 0.217366397380829 0.235701709985733 0.0546057745814323 0.0717856287956238 0.119837127625942 0.138354122638702 0.245714366436005 0.287336021661758 0.0982592105865479 0.298387110233307 0.321199685335159 0.188860714435577 0.244711637496948 0.374365448951721 0.384356379508972 0.308137804269791 0.462314575910568 0.537040114402771 0.552978575229645 0.450290471315384 0.443400084972382 0.533567190170288 0.669783234596252 0.681607723236084 0.665967643260956 0.650142133235931 0.322045505046844 0.289195954799652 0.434237748384476
0.00408903835341334 0.00429064594209194 0.00450439937412739 0.00471364846453071 0.00504580000415444 0.00521445041522384 0.00582643412053585 0.00843187049031258 0.0143968909978867 0.0351045466959476 0.122110694646835 0.135339185595512 0.0231438092887402 0.0149773759767413 0.0125466380268335 0.00941895414143801 0.00959985423833132 0.0139618590474129 0.0260556656867266 0.0262089632451534 0.0547813214361668 0.113045513629913 0.114377386868 0.129603713750839 0.0435091629624367 0.181016862392426 0.209268465638161 0.186267778277397 0.238958671689034 0.240888759493828 0.106655173003674 0.25613933801651 0.30754765868187 0.153739467263222 0.218545839190483 0.414068877696991 0.401605665683746 0.482440203428268 0.456000924110413 0.418439507484436 0.499661952257156 0.513009428977966 0.612200856208801 0.513067245483398 0.615934073925018 0.586469233036041 0.596716105937958 0.61194372177124 0.296899944543839 0.677574217319489 0.624811232089996
0.0034969977568835 0.00373553624376655 0.00370192853733897 0.00407576700672507 0.00431262515485287 0.00461101299151778 0.00537513568997383 0.0117425862699747 0.00933249853551388 0.0170938670635223 0.0665885210037231 0.0828446745872498 0.0195084698498249 0.0144841652363539 0.0166445188224316 0.00994930043816566 0.00860781036317348 0.0127839334309101 0.0269753728061914 0.0207279548048973 0.0389160886406898 0.0538052022457123 0.144670233130455 0.112202681601048 0.0361891388893127 0.144648879766464 0.181402236223221 0.217309221625328 0.217882141470909 0.305554240942001 0.11859654635191 0.20701402425766 0.30969300866127 0.142799004912376 0.341162621974945 0.386802494525909 0.386828601360321 0.45434033870697 0.373328864574432 0.440656542778015 0.347729295492172 0.514957010746002 0.462313592433929 0.39814218878746 0.581514477729797 0.586956858634949 0.383074671030045 0.659575879573822 0.233209207653999 0.475118815898895 0.547419846057892
0.00524371536448598 0.00319126737304032 0.00358882243745029 0.00357241276651621 0.00400002114474773 0.00427707843482494 0.00448898086324334 0.0067794225178659 0.0111019518226385 0.0203422345221043 0.06419438123703 0.0331144705414772 0.0180196445435286 0.0129521377384663 0.0205032136291265 0.0123049085959792 0.006354003213346 0.0141196399927139 0.0203140191733837 0.0165216270834208 0.0210774149745703 0.076950266957283 0.161235392093658 0.0400734953582287 0.0894792973995209 0.150070339441299 0.132729142904282 0.175567254424095 0.270249873399734 0.264713317155838 0.0981484949588776 0.208914890885353 0.311144053936005 0.131867527961731 0.213723078370094 0.321909517049789 0.384810596704483 0.438803851604462 0.389031201601028 0.440005004405975 0.443985283374786 0.39469513297081 0.372263193130493 0.33130806684494 0.58392322063446 0.55042290687561 0.345153898000717 0.590637147426605 0.215312585234642 0.0983802154660225 0.277802020311356
0.00706801004707813 0.00502253696322441 0.00310829351656139 0.00345599488355219 0.00353071768768132 0.00367156229913235 0.00414835708215833 0.00677319755777717 0.011410990729928 0.0137332919985056 0.0574003681540489 0.023648627102375 0.0154874175786972 0.0101484702900052 0.0126439910382032 0.0100231114774942 0.00812075659632683 0.00892799906432629 0.0144509766250849 0.0227018240839243 0.0314557552337646 0.0797440335154533 0.156671285629272 0.0335926190018654 0.15216252207756 0.200736597180367 0.224732249975204 0.201076075434685 0.254328697919846 0.23695707321167 0.0781847611069679 0.208223253488541 0.289929628372192 0.107254691421986 0.234266683459282 0.367306232452393 0.30659157037735 0.379589825868607 0.368899673223495 0.312252700328827 0.438407719135284 0.289954364299774 0.24493995308876 0.352015972137451 0.458945721387863 0.497557520866394 0.253383785486221 0.238757893443108 0.172912076115608 0.074345663189888 0.511552751064301
0.0119235292077065 0.0061560794711113 0.00496770488098264 0.00525543838739395 0.00317714409902692 0.0033770170994103 0.00363342347554862 0.00408577546477318 0.00700497534126043 0.0109690763056278 0.0582668110728264 0.0299008209258318 0.0121988421306014 0.00957796350121498 0.0108069963753223 0.00825231894850731 0.00757152820006013 0.00684428680688143 0.0113805998116732 0.0193081926554441 0.0365347899496555 0.137786895036697 0.17410971224308 0.0265511050820351 0.0888788104057312 0.214649930596352 0.218754604458809 0.216481149196625 0.261100202798843 0.25493323802948 0.0897656232118607 0.271462112665176 0.300200968980789 0.101591363549232 0.309942483901978 0.307422012090683 0.228259205818176 0.349972486495972 0.341982513666153 0.346503049135208 0.377265274524689 0.416958868503571 0.308483719825745 0.500481784343719 0.50480991601944 0.507395625114441 0.136638164520264 0.134173631668091 0.237311333417892 0.0440170727670193 0.3216652572155
0.00918718054890633 0.00748679181560874 0.00475954357534647 0.00474457116797566 0.00484592001885176 0.00308481301181018 0.00324411015026271 0.00358838587999344 0.00479733198881149 0.0125153390690684 0.0528500601649284 0.0182239357382059 0.00883064698427916 0.0076782931573689 0.00817951373755932 0.00654643960297108 0.00674323877319694 0.0128545323386788 0.0244431365281343 0.0348760932683945 0.038332138210535 0.124452017247677 0.0763757452368736 0.019191350787878 0.0993803516030312 0.244690909981728 0.21826483309269 0.172961354255676 0.24298295378685 0.181328117847443 0.0774318352341652 0.261421859264374 0.277026295661926 0.112669818103313 0.278846740722656 0.311821848154068 0.208988681435585 0.302027642726898 0.313875317573547 0.351537793874741 0.361667335033417 0.345344305038452 0.237844496965408 0.215471193194389 0.432177901268005 0.419716864824295 0.209453746676445 0.206782683730125 0.0666657611727715 0.0909873247146606 0.0985352471470833
0.00846976973116398 0.00608407706022263 0.00488537503406405 0.00455673318356276 0.00473830662667751 0.00475077982991934 0.00386362173594534 0.00464887777343392 0.00419277371838689 0.0155523689463735 0.0562799572944641 0.0105677004903555 0.00655221333727241 0.0055170739069581 0.00807636324316263 0.00884644035249949 0.00950402952730656 0.010432536713779 0.0181425362825394 0.024608813226223 0.0239227488636971 0.0925026834011078 0.0356041081249714 0.0272615347057581 0.107622005045414 0.252926290035248 0.176619961857796 0.172076493501663 0.220448315143585 0.258692711591721 0.0732859894633293 0.155503198504448 0.246939942240715 0.101848810911179 0.253856182098389 0.235061123967171 0.199901059269905 0.146972492337227 0.299879521131516 0.32784515619278 0.299095332622528 0.260104209184647 0.362191081047058 0.156247317790985 0.333347082138062 0.402552962303162 0.157208979129791 0.220249429345131 0.0835939645767212 0.046759907156229 0.0402769893407822
