data/climate_estimation/maxent_output/Smilax_pulverulenta.asc
NCOLS 251 
NROWS 134 
XLLCORNER -95.9166666666667 
YLLCORNER 32.5 
CELLSIZE 0.0833333333333333 
NODATA_value -3.4e+38 
[rows 40 to 59 of 134, columns 135 to 179 of 251]
0.18574370443821 0.20391720533371 0.204691663384438 0.198547750711441 0.198547750711441 0.173600241541862 0.208230331540108 0.195624992251396 0.208609417080879 0.219312816858292 0.215769395232201 0.215306639671326 0.222249284386635 0.216667115688324 0.249758511781693 0.250644743442535 0.259023249149323 0.268021553754807 0.263341337442398 0.271547555923462 0.266822546720505 0.269438594579697 0.254840433597565 0.241718083620071 0.229229092597961 0.283843785524368 0.287682265043259 0.28230094909668 0.297539383172989 0.299058079719543 0.262043744325638 0.317528039216995 0.310167402029037 0.320388048887253 0.302380740642548 0.302783817052841 0.302783817052841 0.295858770608902 0.278124749660492 0.310627281665802 0.31685271859169 0.29305499792099 0.285655856132507 0.321012914180756 0.315672725439072
0.201007336378098 0.214703813195229 0.215484082698822 0.215484082698822 0.215484082698822 0.215484082698822 0.225049719214439 0.232656434178352 0.222271084785461 0.236345499753952 0.249122828245163 0.247739255428314 0.201152324676514 0.22678005695343 0.231730550527573 0.246690437197685 0.247534647583961 0.263809233903885 0.267746388912201 0.276062697172165 0.279248774051666 0.281988143920898 0.260138869285583 0.251282334327698 0.245984107255936 0.256790310144424 0.307152032852173 0.301488429307938 0.302997767925262 0.322631984949112 0.320577800273895 0.33263111114502 0.323517858982086 0.316329091787338 0.335065364837646 0.316233158111572 0.297182530164719 0.287976205348969 0.320397615432739 0.301984339952469 0.302395403385162 0.293930023908615 0.288929253816605 0.316599160432816 0.310802906751633
0.259221076965332 0.255172580480576 0.247829660773277 0.256118804216385 0.25697249174118 0.241461738944054 0.236755058169365 0.248080253601074 0.255421549081802 0.248081788420677 0.277443289756775 0.260872662067413 0.244249477982521 0.241951733827591 0.250536501407623 0.271617203950882 0.251722544431686 0.259633630514145 0.269023597240448 0.280569732189178 0.292949885129929 0.284221649169922 0.269197583198547 0.263176172971725 0.295762091875076 0.299125552177429 0.32267701625824 0.331237256526947 0.332777261734009 0.34416726231575 0.3514364361763 0.353421002626419 0.34524142742157 0.319869607686996 0.31139212846756 0.30141219496727 0.310441970825195 0.306980907917023 0.33777779340744 0.318652331829071 0.303272575139999 0.297760963439941 0.284000754356384 0.323714345693588 0.324109882116318
0.292787998914719 0.287870436906815 0.297215819358826 0.304308295249939 0.290737152099609 0.296065717935562 0.278658747673035 0.260666966438293 0.268353402614594 0.252701699733734 0.273993372917175 0.269922882318497 0.253331780433655 0.261349350214005 0.274762243032455 0.267341643571854 0.29333570599556 0.263923704624176 0.313719719648361 0.290898203849792 0.294218569993973 0.294644564390182 0.273213386535645 0.264515548944473 0.306298047304153 0.319113194942474 0.333333671092987 0.35320982336998 0.344672024250031 0.354745000600815 0.363150209188461 0.354383587837219 0.346145272254944 0.312229633331299 0.312229633331299 0.302248448133469 0.356110721826553 0.362510293722153 0.348101437091827 0.328056871891022 0.304132223129272 0.278304010629654 0.323714345693588 0.31741589307785 0.322291702032089
0.318442642688751 0.319011479616165 0.355076730251312 0.356709420681 0.368119060993195 0.358772337436676 0.345003873109818 0.319564878940582 0.279296875 0.292928367853165 0.259290963411331 0.266548365354538 0.244929149746895 0.252259492874146 0.258062183856964 0.258488208055496 0.307521879673004 0.308410435914993 0.31812784075737 0.329323440790176 0.287410527467728 0.296206057071686 0.280138343572617 0.304810345172882 0.276373237371445 0.330660343170166 0.339950501918793 0.34366437792778 0.328766882419586 0.345686465501785 0.347647875547409 0.326568096876144 0.303400486707687 0.328236073255539 0.312568873167038 0.321463167667389 0.356626480817795 0.362885177135468 0.353154808282852 0.332572519779205 0.316834390163422 0.333340704441071 0.320965528488159 0.324955731630325 0.335014522075653
0.351391345262527 0.352599084377289 0.391238510608673 0.392942011356354 0.384239822626114 0.368023306131363 0.396530836820602 0.330712527036667 0.312375992536545 0.290005534887314 0.294703036546707 0.302773714065552 0.296731680631638 0.295352429151535 0.301397532224655 0.301854729652405 0.303628027439117 0.313622206449509 0.314464241266251 0.339921623468399 0.340751886367798 0.339921623468399 0.333433389663696 0.325734287500381 0.3184714615345 0.340929090976715 0.325148493051529 0.319710969924927 0.339474081993103 0.312668800354004 0.319383531808853 0.31839182972908 0.304182589054108 0.338787645101547 0.313368946313858 0.313368946313858 0.322598606348038 0.367670685052872 0.347378700971603 0.337112605571747 0.366797149181366 0.336174577474594 0.324073374271393 0.374189019203186 0.396134227514267
0.380124449729919 0.44076406955719 0.412366271018982 0.413509428501129 0.469152331352234 0.458147376775742 0.417441815137863 0.387023657560349 0.321894198656082 0.327565461397171 0.308861196041107 0.302783817052841 0.30190771818161 0.301014304161072 0.30144077539444 0.310521930456161 0.31225460767746 0.318452566862106 0.318819761276245 0.335893839597702 0.335893839597702 0.335093140602112 0.31760248541832 0.326621115207672 0.319383859634399 0.332559555768967 0.326095640659332 0.320646286010742 0.324222892522812 0.334358721971512 0.323830783367157 0.321597009897232 0.281657755374908 0.318096458911896 0.361768513917923 0.361831933259964 0.366985648870468 0.368088692426682 0.341427564620972 0.371372729539871 0.347100913524628 0.370032280683517 0.373414874076843 0.388127446174622 0.398836195468903
0.448968678712845 0.451445013284683 0.49603345990181 0.485408991575241 0.48704868555069 0.4763223528862 0.422327756881714 0.408257275819778 0.394629538059235 0.346515417098999 0.303067088127136 0.31139212846756 0.311019897460938 0.354907900094986 0.317196696996689 0.317080467939377 0.362510293722153 0.373325943946838 0.390551537275314 0.391786605119705 0.360067307949066 0.339261561632156 0.331599861383438 0.315367549657822 0.329828768968582 0.343318432569504 0.34707835316658 0.331087440252304 0.324665188789368 0.329674988985062 0.309476643800735 0.309947520494461 0.329960525035858 0.369620501995087 0.368764013051987 0.364505648612976 0.403650611639023 0.392449855804443 0.375491619110107 0.385513067245483 0.409672826528549 0.402037560939789 0.406221181154251 0.462055146694183 0.44586455821991
0.467927604913712 0.501311957836151 0.501910030841827 0.512560307979584 0.505806982517242 0.462442994117737 0.439312160015106 0.436854600906372 0.41466224193573 0.355511993169785 0.356039524078369 0.365448147058487 0.365448147058487 0.365448147058487 0.371963113546371 0.361904054880142 0.378735989332199 0.37820491194725 0.396429061889648 0.368683815002441 0.418874949216843 0.347234636545181 0.329697906970978 0.34514194726944 0.328420251607895 0.357644021511078 0.341367661952972 0.325570344924927 0.310322552919388 0.302495509386063 0.331811994314194 0.333637207746506 0.373558580875397 0.40363273024559 0.404087036848068 0.411498606204987 0.407486736774445 0.389477282762527 0.442007541656494 0.430741220712662 0.402584791183472 0.466431111097336 0.470615178346634 0.485858201980591 0.481168419122696
0.544826626777649 0.5204136967659 0.520974457263947 0.531627476215363 0.499642372131348 0.492476999759674 0.457130432128906 0.458487242460251 0.395353734493256 0.384701043367386 0.378579378128052 0.384903490543365 0.375131338834763 0.375131338834763 0.367765545845032 0.368074089288712 0.394475370645523 0.383959770202637 0.401433229446411 0.423701524734497 0.423701524734497 0.362394034862518 0.350674390792847 0.343183696269989 0.342786848545074 0.336637884378433 0.356951087713242 0.346833437681198 0.383911818265915 0.347313314676285 0.362551122903824 0.384394735097885 0.416400820016861 0.419750064611435 0.460238039493561 0.468888521194458 0.465550065040588 0.453944385051727 0.435487002134323 0.489769816398621 0.461121469736099 0.483596563339233 0.466045737266541 0.560590803623199 0.554843127727509
0.553627192974091 0.600888311862946 0.549235165119171 0.575765430927277 0.517975747585297 0.497154980897903 0.478726446628571 0.467748612165451 0.448934584856033 0.422493904829025 0.419361233711243 0.408671110868454 0.390772074460983 0.380003333091736 0.375998258590698 0.382940262556076 0.382392227649689 0.400081485509872 0.41066586971283 0.428865820169449 0.417441993951797 0.416294872760773 0.375961929559708 0.365125685930252 0.347828090190887 0.341239482164383 0.341613829135895 0.388506323099136 0.368152290582657 0.408029705286026 0.424164593219757 0.416097432374954 0.430342882871628 0.454273223876953 0.454448074102402 0.462134569883347 0.45195659995079 0.496046960353851 0.515803039073944 0.494449257850647 0.533463299274445 0.53508472442627 0.546595454216003 0.562498152256012 0.571607887744904
0.632801175117493 0.620588302612305 0.594307720661163 0.586249887943268 0.574179947376251 0.574785530567169 0.496099174022675 0.477276533842087 0.466330260038376 0.438835501670837 0.424100786447525 0.412438929080963 0.45521879196167 0.431742519140244 0.391921281814575 0.380585253238678 0.387280523777008 0.438397407531738 0.404252201318741 0.410949051380157 0.421723932027817 0.402874439954758 0.343303054571152 0.343303054571152 0.39089447259903 0.389594674110413 0.401310652494431 0.390352159738541 0.358818918466568 0.420010268688202 0.436267167329788 0.473568767309189 0.489694029092789 0.471657544374466 0.459179282188416 0.515647828578949 0.499881029129028 0.512578904628754 0.558887779712677 0.583003878593445 0.550591051578522 0.55208283662796 0.592560410499573 0.609366655349731 0.616882979869843
0.618324220180511 0.60468453168869 0.614310145378113 0.591654121875763 0.579114675521851 0.572575330734253 0.546795308589935 0.48188591003418 0.470886439085007 0.487189292907715 0.483175605535507 0.451803475618362 0.430395841598511 0.449025422334671 0.448690742254257 0.436960607767105 0.435817211866379 0.443664789199829 0.450699985027313 0.448989689350128 0.414928525686264 0.414928525686264 0.40652722120285 0.402874439954758 0.402554035186768 0.402216792106628 0.402554035186768 0.391359031200409 0.390850991010666 0.447551488876343 0.506533026695251 0.489162385463715 0.502737402915955 0.552739202976227 0.545280754566193 0.533570289611816 0.529329299926758 0.58857125043869 0.565793335437775 0.568744421005249 0.595888674259186 0.589819312095642 0.591622233390808 0.603095531463623 0.619264900684357
0.599008858203888 0.599361538887024 0.620578587055206 0.585469782352448 0.585469782352448 0.55205625295639 0.544615685939789 0.532387793064117 0.533011078834534 0.48354098200798 0.468900442123413 0.446115970611572 0.490151196718216 0.44278547167778 0.44219309091568 0.441608250141144 0.429984748363495 0.429164111614227 0.428319752216339 0.435240507125854 0.441950976848602 0.461194038391113 0.390506088733673 0.379167497158051 0.384552747011185 0.384552747011185 0.395728766918182 0.457138895988464 0.469490647315979 0.473523110151291 0.522722005844116 0.515231549739838 0.555551052093506 0.570077061653137 0.622442483901978 0.622767984867096 0.609589159488678 0.596469223499298 0.600696742534637 0.636926829814911 0.616494953632355 0.618476569652557 0.680700421333313 0.638045489788055 0.638402342796326
0.592057108879089 0.673953533172607 0.673953533172607 0.646950840950012 0.625367701053619 0.630356192588806 0.536957681179047 0.525395750999451 0.526015937328339 0.521851480007172 0.529906272888184 0.505744338035583 0.482473999261856 0.503068387508392 0.446846812963486 0.490011274814606 0.441839545965195 0.441269189119339 0.436673164367676 0.454162955284119 0.461448848247528 0.440414935350418 0.410593390464783 0.409628808498383 0.42728453874588 0.449758976697922 0.449818879365921 0.485834300518036 0.485700517892838 0.509966373443604 0.538854658603668 0.602720141410828 0.607343435287476 0.652396857738495 0.645170509815216 0.644923448562622 0.60941869020462 0.607143998146057 0.66670286655426 0.65596079826355 0.70469206571579 0.707740604877472 0.701673328876495 0.711535096168518 0.648556649684906
0.631914019584656 0.632191061973572 0.639871656894684 0.639586627483368 0.609816014766693 0.596887409687042 0.610090255737305 0.529586315155029 0.526015937328339 0.526950418949127 0.522783100605011 0.510764300823212 0.511032223701477 0.532122075557709 0.528301000595093 0.515170812606812 0.488734781742096 0.48805034160614 0.514516055583954 0.521154344081879 0.507607638835907 0.475254327058792 0.454774886369705 0.466300308704376 0.442135632038116 0.453776478767395 0.477381318807602 0.514136075973511 0.571386635303497 0.577780723571777 0.642232120037079 0.646363079547882 0.63070011138916 0.682178735733032 0.665957570075989 0.702865779399872 0.694046199321747 0.679568946361542 0.67722761631012 0.747092545032501 0.715114533901215 0.722732961177826 0.720960080623627 0.718917012214661 0.713534653186798
0.611874043941498 0.611286282539368 0.619780004024506 0.610430002212524 0.623080492019653 0.575554490089417 0.589296042919159 0.530523121356964 0.531137824058533 0.519028544425964 0.519136607646942 0.51578551530838 0.536949157714844 0.545378386974335 0.543387234210968 0.537792384624481 0.512941718101501 0.486071348190308 0.493094176054001 0.519932091236115 0.524095952510834 0.466767758131027 0.477189540863037 0.492541551589966 0.506200313568115 0.530702710151672 0.555912733078003 0.602970898151398 0.60729706287384 0.606930792331696 0.672570168972015 0.663152515888214 0.719023108482361 0.701889455318451 0.766212999820709 0.736648380756378 0.731928467750549 0.702357292175293 0.750886857509613 0.749813556671143 0.75409471988678 0.734982192516327 0.739111483097076 0.716362237930298 0.734338164329529
0.596241414546967 0.604465126991272 0.612334311008453 0.590454518795013 0.58960223197937 0.58960223197937 0.581425905227661 0.582041144371033 0.523485720157623 0.532048225402832 0.53214955329895 0.520806968212128 0.528971552848816 0.547955691814423 0.553568959236145 0.515900909900665 0.513894438743591 0.508469343185425 0.491068840026855 0.556553721427917 0.52100282907486 0.533671200275421 0.559485375881195 0.509663045406342 0.527726769447327 0.573498070240021 0.584997534751892 0.619074404239655 0.638024866580963 0.708808302879333 0.70121967792511 0.729789435863495 0.713208496570587 0.731708228588104 0.775682330131531 0.756228268146515 0.741254389286041 0.770515620708466 0.769318640232086 0.754421293735504 0.740717172622681 0.733892679214478 0.722214996814728 0.749911606311798 0.725267589092255
0.610242009162903 0.597038745880127 0.604097783565521 0.603299140930176 0.591047585010529 0.590454518795013 0.602783024311066 0.617453396320343 0.557993352413177 0.557753145694733 0.558449268341064 0.559203803539276 0.546100318431854 0.552063167095184 0.54479569196701 0.530065178871155 0.505038142204285 0.523619949817657 0.518929541110992 0.533210098743439 0.54684716463089 0.369869947433472 0.588663458824158 0.607021987438202 0.616845428943634 0.582117438316345 0.619706928730011 0.688181757926941 0.700897693634033 0.699276387691498 0.690050303936005 0.732456624507904 0.723787665367126 0.707437515258789 0.775503277778625 0.778986096382141 0.764527022838593 0.743101894855499 0.715667426586151 0.764646410942078 0.751563370227814 0.749758183956146 0.732641100883484 0.720304727554321 0.743592143058777
0.611013352870941 0.597808003425598 0.583878636360168 0.583084404468536 0.603878080844879 0.583453416824341 0.596611857414246 0.596368074417114 0.550281286239624 0.563495755195618 0.597512125968933 0.583988010883331 0.569034159183502 0.563164174556732 0.569577932357788 0.567421972751617 0.539494454860687 0.513078510761261 0.555018067359924 0.561627447605133 0.376132249832153 0.437725812196732 0.404965937137604 0.637619018554688 0.647212505340576 0.671142220497131 0.640643000602722 0.673106610774994 0.678237557411194 0.675318479537964 0.658126175403595 0.706604897975922 0.74220734834671 0.737917184829712 0.717517137527466 0.771685779094696 0.763608515262604 0.741815745830536 0.719978153705597 0.717056572437286 0.756789267063141 0.738713324069977 0.737478494644165 0.724906921386719 0.67179137468338
