data/climate_estimation/maxent_output/Smilax_trachypoda.asc
NCOLS 144 
NROWS 169 
XLLCORNER 100.666666666667 
YLLCORNER 22.0833333333333 
CELLSIZE 0.0833333333333333 
NODATA_value -3.4e+38 
[rows 20 to 39 of 169, columns 44 to 87 of 144]
0.953113555908203 0.974754393100739 0.97100430727005 0.90559333562851 0.905124545097351 0.940717160701752 0.988235354423523 0.989755511283875 0.989984571933746 0.971413969993591 0.994578719139099 0.994742453098297 0.996200919151306 0.996556758880615 0.988588631153107 0.987646698951721 0.981688678264618 0.986421227455139 0.973945081233978 0.967752993106842 0.980639219284058 0.985596716403961 0.986571788787842 0.987338662147522 0.987868309020996 0.986645579338074 0.981325685977936 0.983484268188477 0.986510932445526 0.983765125274658 0.98423033952713 0.958672881126404 0.954289376735687 0.952366352081299 0.944274544715881 0.937689602375031 0.936077237129211 0.928605973720551 0.915167331695557 0.910358130931854 0.904552936553955 0.887000739574432 0.869871616363525 0.852072954177856
0.968389391899109 0.969721496105194 0.964328527450562 0.885644853115082 0.927079498767853 0.951606273651123 0.992258250713348 0.994750380516052 0.996231615543365 0.996728897094727 0.995693564414978 0.996923208236694 0.997533142566681 0.997364342212677 0.990846574306488 0.990870654582977 0.989863812923431 0.990555644035339 0.98978590965271 0.987947106361389 0.989288151264191 0.990079164505005 0.962637484073639 0.963626563549042 0.969337582588196 0.968057036399841 0.974380016326904 0.986038208007812 0.985492646694183 0.961694121360779 0.960503578186035 0.959203660488129 0.953479945659637 0.947276055812836 0.94689154624939 0.932327687740326 0.928389430046082 0.925646245479584 0.918316960334778 0.912784457206726 0.897773921489716 0.880959868431091 0.870959758758545 0.852152705192566
0.983101606369019 0.956195950508118 0.96488744020462 0.898311078548431 0.900159418582916 0.951103389263153 0.987380623817444 0.994735419750214 0.997546553611755 0.997473001480103 0.997496962547302 0.997383415699005 0.99797910451889 0.997517883777618 0.997563004493713 0.992476224899292 0.992603242397308 0.992423057556152 0.992223381996155 0.992928385734558 0.991861760616302 0.992211878299713 0.991951584815979 0.976645410060883 0.977290272712708 0.973900735378265 0.971952497959137 0.979096591472626 0.979392409324646 0.979950606822968 0.981334269046783 0.979055464267731 0.973033368587494 0.97209769487381 0.965372025966644 0.961588799953461 0.953799784183502 0.93340939283371 0.914478182792664 0.900479018688202 0.893543779850006 0.886455535888672 0.871956467628479 0.854903042316437
0.987524271011353 0.853756129741669 0.823451936244965 0.87442147731781 0.882743656635284 0.954904556274414 0.996521413326263 0.997578322887421 0.998036026954651 0.997839629650116 0.995913505554199 0.99678248167038 0.997290968894958 0.998089969158173 0.99370014667511 0.994571089744568 0.994617581367493 0.994123339653015 0.994397640228271 0.993534028530121 0.993013262748718 0.99367368221283 0.993810534477234 0.980006814002991 0.981592237949371 0.979188561439514 0.91734766960144 0.979448020458221 0.982916355133057 0.983510494232178 0.984538316726685 0.950398623943329 0.941268682479858 0.936944484710693 0.960000455379486 0.959532618522644 0.953900098800659 0.943482160568237 0.936789512634277 0.941848754882812 0.921758234500885 0.902722954750061 0.875756978988647 0.861479222774506
0.995996117591858 0.988159596920013 0.938276588916779 0.986791551113129 0.962285101413727 0.969922125339508 0.993832886219025 0.99814772605896 0.997772514820099 0.997138917446136 0.998359441757202 0.998199582099915 0.99857884645462 0.99887079000473 0.995714247226715 0.995611548423767 0.99536544084549 0.995678067207336 0.995216369628906 0.995337963104248 0.995161712169647 0.99344265460968 0.982890725135803 0.984988272190094 0.983838081359863 0.984183847904205 0.985620498657227 0.986090302467346 0.986502349376678 0.986537337303162 0.949911117553711 0.958312273025513 0.879020512104034 0.880361974239349 0.898217618465424 0.954575836658478 0.912472248077393 0.906349241733551 0.959803581237793 0.943282961845398 0.939073145389557 0.929735541343689 0.905392467975616 0.931853473186493
0.999688029289246 0.997283756732941 0.9953253865242 0.995481371879578 0.990249693393707 0.994236171245575 0.993405938148499 0.998176097869873 0.997821986675262 0.998160481452942 0.99860554933548 0.998380362987518 0.99882972240448 0.995086431503296 0.996139585971832 0.995514631271362 0.99619847536087 0.996563792228699 0.996276378631592 0.995238661766052 0.99489438533783 0.994317293167114 0.994953751564026 0.986560344696045 0.986168146133423 0.987784862518311 0.985877513885498 0.988539099693298 0.987587690353394 0.971148252487183 0.970047354698181 0.971401214599609 0.97332090139389 0.969154953956604 0.967150688171387 0.964795351028442 0.96007513999939 0.926799297332764 0.928483009338379 0.962181448936462 0.913020491600037 0.839589715003967 0.916522622108459 0.914809167385101
0.995831310749054 0.998030126094818 0.997998654842377 0.997967779636383 0.998080253601074 0.997592091560364 0.997276127338409 0.998540699481964 0.998231470584869 0.998724460601807 0.998782873153687 0.998813569545746 0.995005190372467 0.99408483505249 0.996198296546936 0.99666041135788 0.996058821678162 0.996255874633789 0.995989978313446 0.995822668075562 0.995847463607788 0.995205402374268 0.994692146778107 0.985633671283722 0.985274970531464 0.987203538417816 0.987161159515381 0.987287282943726 0.990070581436157 0.973296344280243 0.975806355476379 0.976764380931854 0.976597547531128 0.974411964416504 0.969858825206757 0.905464291572571 0.681648373603821 0.624941945075989 0.743820369243622 0.817690134048462 0.625344276428223 0.555740058422089 0.846227526664734 0.870950222015381
0.908152997493744 0.989585041999817 0.99838387966156 0.996480345726013 0.998607754707336 0.998519659042358 0.998734831809998 0.998742818832397 0.998531520366669 0.998876512050629 0.999125063419342 0.999080419540405 0.999245166778564 0.996038436889648 0.996678471565247 0.996845960617065 0.996146976947784 0.995926916599274 0.9952751994133 0.995292663574219 0.99580591917038 0.994343459606171 0.993532717227936 0.983982741832733 0.987589120864868 0.988053441047668 0.991812944412231 0.979012668132782 0.978994011878967 0.977588176727295 0.975131273269653 0.980081617832184 0.979524493217468 0.979909241199493 0.947526872158051 0.944539368152618 0.920000195503235 0.909770846366882 0.872238397598267 0.834602355957031 0.698123931884766 0.892405867576599 0.944408357143402 0.938955247402191
0.998380064964294 0.990150809288025 0.998673915863037 0.968693673610687 0.982817351818085 0.998824894428253 0.998725175857544 0.998767733573914 0.999141097068787 0.998212456703186 0.998474419116974 0.999074280261993 0.999219059944153 0.999205410480499 0.996978044509888 0.9992915391922 0.998488664627075 0.994836568832397 0.994820117950439 0.993946313858032 0.994287669658661 0.994010865688324 0.995016276836395 0.986141979694366 0.99029940366745 0.992208123207092 0.992910623550415 0.993279278278351 0.983133554458618 0.983901739120483 0.983268916606903 0.981729090213776 0.983173072338104 0.983202695846558 0.983318507671356 0.951053559780121 0.956797778606415 0.957798361778259 0.952686429023743 0.899853944778442 0.90143096446991 0.939260900020599 0.943526387214661 0.944223701953888
0.998119950294495 0.999816358089447 0.998735785484314 0.978587508201599 0.98056298494339 0.988502383232117 0.977415800094604 0.999018847942352 0.998711764812469 0.998935580253601 0.998924374580383 0.998827576637268 0.998708486557007 0.998647093772888 0.999264121055603 0.999301254749298 0.999367654323578 0.997271597385406 0.997427761554718 0.997940421104431 0.997158586978912 0.997164487838745 0.990246176719666 0.994570374488831 0.994874000549316 0.980783700942993 0.979302644729614 0.984828591346741 0.97570139169693 0.985266923904419 0.986344337463379 0.983968675136566 0.981307566165924 0.986797869205475 0.964618384838104 0.965638875961304 0.982939898967743 0.964557886123657 0.907850325107574 0.787808895111084 0.861691892147064 0.866551518440247 0.912817418575287 0.953789293766022
0.995901644229889 0.998181402683258 0.99961531162262 0.999038457870483 0.998084783554077 0.979290544986725 0.984540462493896 0.992886006832123 0.993775725364685 0.995496869087219 0.999429821968079 0.999395370483398 0.9992555975914 0.998597919940948 0.999291002750397 0.997305929660797 0.997231364250183 0.997553586959839 0.997605204582214 0.998104929924011 0.997408926486969 0.992860376834869 0.993434131145477 0.995361268520355 0.972235321998596 0.977061152458191 0.982165634632111 0.98039311170578 0.977804243564606 0.981981456279755 0.988354027271271 0.985938608646393 0.987714409828186 0.965255320072174 0.96443510055542 0.985805451869965 0.986705243587494 0.971758127212524 0.986957728862762 0.950202703475952 0.955154120922089 0.965054333209991 0.925158798694611 0.964001357555389
0.995375454425812 0.997880458831787 0.997526884078979 0.998576462268829 0.999244034290314 0.998991072177887 0.991179764270782 0.993008017539978 0.999401450157166 0.999384582042694 0.995926380157471 0.997409760951996 0.999359786510468 0.999125003814697 0.999297678470612 0.999090075492859 0.996723711490631 0.995805382728577 0.996210336685181 0.99675840139389 0.997081100940704 0.994397759437561 0.995273470878601 0.996352195739746 0.983452320098877 0.982038080692291 0.987576842308044 0.988297402858734 0.981814324855804 0.944502830505371 0.989413499832153 0.984643995761871 0.989464819431305 0.988373517990112 0.986334264278412 0.987552165985107 0.97244119644165 0.976401269435883 0.988244295120239 0.973218679428101 0.971909523010254 0.986296772956848 0.971054136753082 0.962690234184265
0.972084939479828 0.966941177845001 0.999045073986053 0.998958051204681 0.99932461977005 0.99967086315155 0.99876594543457 0.998956382274628 0.999430596828461 0.999464154243469 0.997584879398346 0.999506771564484 0.999386668205261 0.999522507190704 0.999372720718384 0.998908162117004 0.997306168079376 0.997451961040497 0.996665954589844 0.996369659900665 0.996144235134125 0.994438111782074 0.995306432247162 0.996558606624603 0.99704372882843 0.989467561244965 0.990685522556305 0.991060018539429 0.957234978675842 0.927690863609314 0.990908563137054 0.989088356494904 0.989947319030762 0.985107421875 0.984674870967865 0.992266893386841 0.99156928062439 0.988184452056885 0.988852620124817 0.984293341636658 0.98585033416748 0.986629366874695 0.98431795835495 0.981089174747467
0.988023817539215 0.957822501659393 0.97785347700119 0.998904764652252 0.99907660484314 0.999460875988007 0.99923050403595 0.99941223859787 0.998799204826355 0.999574482440948 0.996698677539825 0.998105227947235 0.998331606388092 0.998328447341919 0.998370885848999 0.998190999031067 0.998266816139221 0.997089922428131 0.997909843921661 0.996366024017334 0.99566388130188 0.990280032157898 0.995126187801361 0.99659389257431 0.996837198734283 0.997257053852081 0.992326736450195 0.992292702198029 0.992511749267578 0.957236111164093 0.975283682346344 0.990001320838928 0.992232918739319 0.990225970745087 0.982933044433594 0.989161789417267 0.982897758483887 0.983531832695007 0.980990350246429 0.979464888572693 0.976448774337769 0.985635638237 0.980450570583344 0.987067997455597
0.998744666576385 0.983866453170776 0.914628982543945 0.988398313522339 0.983611702919006 0.986778080463409 0.993801712989807 0.994150459766388 0.999575316905975 0.998699426651001 0.999526977539062 0.997606873512268 0.998570919036865 0.99824732542038 0.997958838939667 0.998136878013611 0.998484969139099 0.998602509498596 0.998698532581329 0.995438754558563 0.995093464851379 0.993118047714233 0.995630502700806 0.996196210384369 0.996682465076447 0.997496247291565 0.992717683315277 0.993243992328644 0.993220388889313 0.980744361877441 0.993875682353973 0.992430686950684 0.984573602676392 0.98884505033493 0.983003914356232 0.97577315568924 0.973284184932709 0.96076911687851 0.978587210178375 0.984139621257782 0.987307250499725 0.988348960876465 0.987835764884949 0.984946310520172
0.998893976211548 0.998872637748718 0.904186487197876 0.934447169303894 0.996486961841583 0.999613106250763 0.997528254985809 0.999670624732971 0.998995959758759 0.999675273895264 0.99780285358429 0.998711049556732 0.998833477497101 0.998937726020813 0.99865061044693 0.998710811138153 0.998932540416718 0.998220026493073 0.996053516864777 0.997391879558563 0.997501730918884 0.997076869010925 0.997912108898163 0.997320413589478 0.997494637966156 0.996582567691803 0.990127563476562 0.989902377128601 0.987632095813751 0.987624287605286 0.987317800521851 0.985913693904877 0.983045041561127 0.971690118312836 0.960423827171326 0.952867209911346 0.94783890247345 0.973766028881073 0.97294145822525 0.973230183124542 0.979329288005829 0.984428703784943 0.987190425395966 0.983830153942108
0.999312102794647 0.999638378620148 0.990423321723938 0.9995978474617 0.997049033641815 0.999216973781586 0.999627590179443 0.999239981174469 0.998507261276245 0.99825394153595 0.998593986034393 0.998672842979431 0.99897837638855 0.995815813541412 0.99903666973114 0.998654007911682 0.994507431983948 0.99487292766571 0.995081305503845 0.993475258350372 0.996468365192413 0.995429992675781 0.996273577213287 0.997600317001343 0.993090808391571 0.996809124946594 0.988691568374634 0.985244512557983 0.979621767997742 0.983828186988831 0.983723163604736 0.958863615989685 0.954869627952576 0.968929052352905 0.956190407276154 0.94892030954361 0.978648364543915 0.981431484222412 0.983333587646484 0.983486890792847 0.988284468650818 0.988698661327362 0.983978867530823 0.981149077415466
0.999679267406464 0.999664723873138 0.999677121639252 0.99968159198761 0.99690455198288 0.999687671661377 0.997536599636078 0.999781668186188 0.998688280582428 0.998890399932861 0.998350739479065 0.998010277748108 0.998897969722748 0.998403012752533 0.99914014339447 0.996431231498718 0.998229265213013 0.991604566574097 0.994306623935699 0.994623482227325 0.990666031837463 0.988490283489227 0.994820237159729 0.996160924434662 0.995889484882355 0.996881246566772 0.991821646690369 0.98921799659729 0.988994479179382 0.986859440803528 0.983095705509186 0.956158578395844 0.97596400976181 0.970052182674408 0.958519637584686 0.984553277492523 0.986904799938202 0.986673355102539 0.990358352661133 0.987379670143127 0.994594871997833 0.987180709838867 0.986779034137726 0.992968559265137
0.991783142089844 0.996999025344849 0.999810814857483 0.999406456947327 0.999817371368408 0.998150169849396 0.999717593193054 0.998351395130157 0.999746561050415 0.999071061611176 0.999257266521454 0.997632145881653 0.999205887317657 0.99704247713089 0.993380963802338 0.994649767875671 0.992337942123413 0.995587408542633 0.994093298912048 0.992562830448151 0.989835798740387 0.988957643508911 0.995520234107971 0.997376441955566 0.990128755569458 0.991866707801819 0.993937492370605 0.994300365447998 0.993290901184082 0.987913548946381 0.982995927333832 0.99020117521286 0.973559200763702 0.983002483844757 0.984940528869629 0.988402009010315 0.98664265871048 0.983460426330566 0.982268512248993 0.985043346881866 0.980075061321259 0.986898303031921 0.995320439338684 0.991282403469086
0.995617926120758 0.997132837772369 0.997116208076477 0.999036014080048 0.999431490898132 0.997895956039429 0.999480903148651 0.999236166477203 0.998578488826752 0.998583853244781 0.996250212192535 0.995306789875031 0.997607231140137 0.997741997241974 0.997820198535919 0.987790524959564 0.99523651599884 0.986605048179626 0.985461354255676 0.989414930343628 0.996302664279938 0.992495179176331 0.991769969463348 0.996014475822449 0.995829820632935 0.994803905487061 0.988717019557953 0.988636314868927 0.995408475399017 0.994298815727234 0.988581240177155 0.990077257156372 0.985024929046631 0.981345474720001 0.979406952857971 0.991209626197815 0.993292629718781 0.99575537443161 0.989720821380615 0.995384454727173 0.995142817497253 0.992425322532654 0.99324494600296 0.995958089828491
