data/climate_estimation/maxent_output/Smilax_glabra.asc
NCOLS 295 
NROWS 270 
XLLCORNER 97.75 
YLLCORNER 11 
CELLSIZE 0.0833333333333333 
NODATA_value -3.4e+38 
[rows 105 to 125 of 270, columns 196 to 244 of 295]
0.900189995765686 0.882410705089569 0.891880035400391 0.906211078166962 0.901995599269867 0.902073442935944 0.903240978717804 0.897600471973419 0.895193576812744 0.893610835075378 0.843065917491913 0.839809060096741 0.841523706912994 0.837595462799072 0.837144315242767 0.873081505298615 0.832976758480072 0.818387031555176 0.795331239700317 0.892765045166016 0.892919182777405 0.87361752986908 0.871960341930389 0.887472212314606 0.860009908676147 0.870337426662445 0.879145681858063 0.872340023517609 0.878583550453186 0.871686935424805 0.879897177219391 0.884665489196777 0.882118284702301 0.87873250246048 0.88015604019165 0.874234735965729 0.876048147678375 0.878177225589752 0.876037955284119 0.874132931232452 0.875543355941772 0.872013449668884 0.857278168201447 0.839671611785889 0.804895520210266 0.823178052902222 0.792708516120911 0.544447362422943 0.425068289041519
0.896674156188965 0.890692114830017 0.886358082294464 0.895646989345551 0.89112263917923 0.88460510969162 0.894357144832611 0.887257635593414 0.890218019485474 0.835375428199768 0.833422601222992 0.832576155662537 0.827407658100128 0.822164297103882 0.82799756526947 0.825304806232452 0.808562159538269 0.793592631816864 0.834811389446259 0.873344898223877 0.885195136070251 0.864965438842773 0.848594963550568 0.860817551612854 0.834143280982971 0.855859875679016 0.87410831451416 0.85411012172699 0.863543152809143 0.86996054649353 0.866181015968323 0.885170221328735 0.889411926269531 0.888548791408539 0.873464345932007 0.868325471878052 0.873570144176483 0.876497387886047 0.874637842178345 0.872913002967834 0.869926810264587 0.864930391311646 0.85850316286087 0.831967115402222 0.793742537498474 0.793906509876251 0.746496081352234 0.454781055450439 0.391532123088837
0.904956579208374 0.90036016702652 0.883374392986298 0.880073428153992 0.863136529922485 0.871047079563141 0.882695198059082 0.878659546375275 0.884208023548126 0.881982445716858 0.826396584510803 0.827534019947052 0.818685054779053 0.815078139305115 0.816509962081909 0.802413105964661 0.802252411842346 0.800636470317841 0.820619225502014 0.879588842391968 0.869005024433136 0.842713296413422 0.836478769779205 0.837251365184784 0.826026260852814 0.840705275535583 0.842100024223328 0.839868783950806 0.84266996383667 0.862809002399445 0.858607292175293 0.858625531196594 0.872139275074005 0.873024344444275 0.856342673301697 0.864466726779938 0.862927675247192 0.869543850421906 0.872587502002716 0.86427366733551 0.857639014720917 0.854893863201141 0.848241448402405 0.817935049533844 0.78060781955719 0.72954797744751 0.672170042991638 0.605057418346405 0.273539930582047
0.90393590927124 0.888453423976898 0.88696813583374 0.873403608798981 0.867273986339569 0.881039023399353 0.871383428573608 0.860324203968048 0.879767417907715 0.822034060955048 0.810452044010162 0.811942398548126 0.803801119327545 0.799876093864441 0.795979678630829 0.793373882770538 0.796722590923309 0.82033383846283 0.775956869125366 0.783216834068298 0.862704873085022 0.837202966213226 0.831672370433807 0.845690906047821 0.820616185665131 0.805574297904968 0.819266438484192 0.833522200584412 0.840528309345245 0.854197680950165 0.85102105140686 0.859160721302032 0.870019912719727 0.87328439950943 0.875233948230743 0.869277834892273 0.865843057632446 0.868174850940704 0.866839110851288 0.85142970085144 0.855019092559814 0.850291669368744 0.830689430236816 0.808709919452667 0.755471229553223 0.700976610183716 0.629308044910431 0.485108196735382 0.262473404407501
0.896156370639801 0.88875025510788 0.873491585254669 0.867457747459412 0.87957751750946 0.882607400417328 0.860044240951538 0.871317267417908 0.87497878074646 0.810606777667999 0.794792413711548 0.790509939193726 0.784695684909821 0.78718638420105 0.780200302600861 0.793844044208527 0.797403693199158 0.773768842220306 0.745328605175018 0.741790771484375 0.857419788837433 0.837586402893066 0.824936747550964 0.816045880317688 0.806523084640503 0.809527277946472 0.801224827766418 0.853515088558197 0.854879677295685 0.838848888874054 0.85772442817688 0.85453200340271 0.874211847782135 0.872835278511047 0.875098764896393 0.865184724330902 0.869872689247131 0.868680834770203 0.842458128929138 0.838654935359955 0.850493609905243 0.84237676858902 0.808971226215363 0.789518117904663 0.741963148117065 0.672934949398041 0.604144334793091 0.478354305028915 0.327083200216293
0.878840923309326 0.865027844905853 0.869278430938721 0.869579315185547 0.875155210494995 0.868222415447235 0.858582139015198 0.800839245319366 0.804527342319489 0.791836440563202 0.781678199768066 0.783273756504059 0.782065331935883 0.778566300868988 0.797211110591888 0.781685829162598 0.769361078739166 0.747727334499359 0.731415271759033 0.696831583976746 0.847808003425598 0.848204672336578 0.815769851207733 0.785445809364319 0.769836783409119 0.796314239501953 0.819897353649139 0.837155401706696 0.840006947517395 0.835570514202118 0.854498684406281 0.855318307876587 0.847801208496094 0.857533752918243 0.868530511856079 0.872097909450531 0.866207361221313 0.853630185127258 0.831064879894257 0.845713496208191 0.8540358543396 0.816268503665924 0.78532201051712 0.748027682304382 0.745782971382141 0.687601804733276 0.613911032676697 0.556161046028137 0.415442287921906
0.861244261264801 0.852709352970123 0.86609274148941 0.880584359169006 0.868246555328369 0.870433390140533 0.864179909229279 0.775804698467255 0.774917244911194 0.770675957202911 0.777297735214233 0.779224872589111 0.774206459522247 0.7664435505867 0.770894050598145 0.767909705638885 0.760320544242859 0.752622842788696 0.722720146179199 0.679175078868866 0.685720682144165 0.838918626308441 0.817122399806976 0.796982765197754 0.791741788387299 0.844099640846252 0.876042723655701 0.863691747188568 0.85725998878479 0.847142219543457 0.836439073085785 0.848027944564819 0.867733895778656 0.868597626686096 0.866823852062225 0.867671608924866 0.860116600990295 0.853963077068329 0.848842024803162 0.823438405990601 0.83202999830246 0.782319068908691 0.760788917541504 0.745689809322357 0.710471093654633 0.64565247297287 0.513075709342957 0.420902907848358 0.289475619792938
0.837453067302704 0.850698888301849 0.870441555976868 0.874677002429962 0.86707478761673 0.863249242305756 0.85686719417572 0.772603988647461 0.7628054022789 0.765000581741333 0.772446632385254 0.783984422683716 0.792346239089966 0.75412255525589 0.759531438350677 0.780911803245544 0.761754333972931 0.745729625225067 0.718233346939087 0.685222029685974 0.825450599193573 0.827020108699799 0.816129267215729 0.791627466678619 0.823941588401794 0.856271028518677 0.845520853996277 0.852820575237274 0.845634937286377 0.841716170310974 0.853833079338074 0.853081941604614 0.864511609077454 0.85364556312561 0.866966485977173 0.863181114196777 0.843381881713867 0.814619779586792 0.811052978038788 0.834925472736359 0.795686781406403 0.744751930236816 0.724322915077209 0.704962432384491 0.705253779888153 0.582470297813416 0.499662697315216 -3.4e+38 -3.4e+38
0.857891082763672 0.86407595872879 0.854989111423492 0.861912846565247 0.855682969093323 0.867038786411285 0.866737008094788 0.75170361995697 0.751282513141632 0.759195864200592 0.769604325294495 0.785471320152283 0.75834584236145 0.753354728221893 0.780324220657349 0.768300473690033 0.773527383804321 0.732145547866821 0.694765031337738 0.686960935592651 0.821773111820221 0.812596917152405 0.802370309829712 0.805825531482697 0.85221403837204 0.844265699386597 0.82074773311615 0.822313606739044 0.84087210893631 0.85389244556427 0.870755314826965 0.872985243797302 0.850744128227234 0.84556519985199 0.859341621398926 0.844755291938782 0.844957053661346 0.814200937747955 0.792349934577942 0.777344882488251 0.786614418029785 0.773711979389191 0.714525938034058 0.678874015808105 0.621231198310852 0.558750689029694 -3.4e+38 -3.4e+38 -3.4e+38
0.849671125411987 0.848549962043762 0.841640472412109 0.851451337337494 0.860596299171448 0.866663575172424 0.86741840839386 0.745512723922729 0.867883741855621 0.860972166061401 0.774434745311737 0.744896173477173 0.746686458587646 0.752836763858795 0.780805170536041 0.774680852890015 0.769757628440857 0.722553789615631 0.700770854949951 0.836141884326935 0.825452625751495 0.817065477371216 0.814238727092743 0.831324815750122 0.83459860086441 0.813736081123352 0.836090564727783 0.83270126581192 0.823281526565552 0.864475786685944 0.857719242572784 0.86851555109024 0.839037835597992 0.835531115531921 0.83593076467514 0.828939914703369 0.859448969364166 0.823354780673981 0.771208703517914 0.749335646629333 0.797084152698517 0.729892253875732 0.680931150913239 0.643998444080353 0.594714522361755 -3.4e+38 -3.4e+38 -3.4e+38 -3.4e+38
0.847522974014282 0.851239681243896 0.85354346036911 0.851004898548126 0.864216506481171 0.866016030311584 0.869426846504211 0.867591321468353 0.869855642318726 0.74503481388092 0.737251818180084 0.746956408023834 0.747985064983368 0.74575001001358 0.777156710624695 0.862805485725403 0.762881994247437 0.765065670013428 0.863212585449219 0.841715037822723 0.823900818824768 0.834114968776703 0.847681522369385 0.864991843700409 0.851192712783813 0.846740186214447 0.85990709066391 0.846812427043915 0.830958187580109 0.852969646453857 0.86616051197052 0.86828488111496 0.859413981437683 0.829089283943176 0.827730000019073 0.81633734703064 0.816294133663177 0.855862021446228 0.772846102714539 0.739797413349152 0.716897010803223 0.67325234413147 0.667330265045166 0.60174024105072 -3.4e+38 -3.4e+38 -3.4e+38 -3.4e+38 -3.4e+38
0.850631892681122 0.855938255786896 0.857633769512177 0.857089698314667 0.862586557865143 0.864964663982391 0.865400075912476 0.871397852897644 0.867723882198334 0.869023025035858 0.739536285400391 0.864494264125824 0.866084277629852 0.86356109380722 0.862654685974121 0.861928462982178 0.876927435398102 0.872920155525208 0.863072752952576 0.844428956508636 0.830914497375488 0.857904374599457 0.87410169839859 0.862991631031036 0.817032873630524 0.817240297794342 0.87256532907486 0.871413946151733 0.847318410873413 0.843370914459229 0.847194135189056 0.863309144973755 0.856762290000916 0.827252984046936 0.821083128452301 0.809509217739105 0.784087479114532 0.776888966560364 0.737694501876831 0.722553908824921 0.704188227653503 -3.4e+38 0.654612481594086 0.59383887052536 -3.4e+38 -3.4e+38 -3.4e+38 -3.4e+38 -3.4e+38
0.854296505451202 0.861236333847046 0.860481679439545 0.85595691204071 0.85622102022171 0.850953996181488 0.854184150695801 0.86152309179306 0.863044381141663 0.862278938293457 0.86577296257019 0.86218273639679 0.864144563674927 0.86007034778595 0.869375824928284 0.875335931777954 0.873664140701294 0.87245637178421 0.847453474998474 0.83446604013443 0.848955035209656 0.869918584823608 0.870317876338959 0.842483639717102 0.819500863552094 0.820711851119995 0.844357669353485 0.871776342391968 0.849878549575806 0.844084799289703 0.843191266059875 0.849179446697235 0.848026990890503 0.830022037029266 0.80805504322052 0.799363672733307 0.780252456665039 0.756873548030853 0.740736424922943 0.709667444229126 0.687483966350555 0.667280972003937 0.660554349422455 -3.4e+38 -3.4e+38 -3.4e+38 -3.4e+38 -3.4e+38 -3.4e+38
0.852855622768402 0.860611379146576 0.861297905445099 0.863319456577301 0.848545014858246 0.846369624137878 0.857602775096893 0.857138574123383 0.858202576637268 0.851250529289246 0.857379496097565 0.86080127954483 0.867808997631073 0.870779514312744 0.866456151008606 0.87777179479599 0.87849885225296 0.863568067550659 0.846622705459595 0.850027143955231 0.868183672428131 0.85533219575882 0.86005437374115 0.860577046871185 0.825044095516205 0.824847280979156 0.82492733001709 0.837796986103058 0.84102588891983 0.845298767089844 0.844707846641541 0.844776093959808 0.843498528003693 0.837508678436279 0.805892288684845 0.794033408164978 0.794382035732269 0.760730445384979 0.731553792953491 0.704373121261597 0.697429537773132 -3.4e+38 -3.4e+38 -3.4e+38 -3.4e+38 -3.4e+38 -3.4e+38 -3.4e+38 -3.4e+38
0.854689061641693 0.85223525762558 0.858780801296234 0.864019513130188 0.852399349212646 0.856438636779785 0.858633816242218 0.856158912181854 0.858628988265991 0.855625033378601 0.859117150306702 0.862512409687042 0.870887458324432 0.863052070140839 0.867516040802002 0.875199377536774 0.877097547054291 0.869909584522247 0.873257219791412 0.866930842399597 0.871540188789368 0.866574347019196 0.858326077461243 0.825611531734467 0.820561826229095 0.813338994979858 0.823378324508667 0.826909184455872 0.836371183395386 0.841332137584686 0.847717761993408 0.851019203662872 0.839956164360046 0.829210579395294 0.807367622852325 0.790241301059723 0.77504688501358 -3.4e+38 0.716321289539337 0.708745777606964 -3.4e+38 -3.4e+38 -3.4e+38 0.623212814331055 -3.4e+38 -3.4e+38 -3.4e+38 -3.4e+38 -3.4e+38
0.856710374355316 0.850449502468109 0.851998150348663 0.857430040836334 0.862992644309998 0.859512329101562 0.855392515659332 0.850823938846588 0.850561857223511 0.857421457767487 0.85985392332077 0.863824963569641 0.862509369850159 0.861522018909454 0.867178320884705 0.86938214302063 0.866528928279877 0.859215617179871 0.869652032852173 0.869515538215637 0.842300176620483 0.832987368106842 0.827451109886169 0.81443727016449 0.818376660346985 0.818585395812988 0.835517585277557 0.827996850013733 0.830823838710785 0.847931444644928 0.853710174560547 0.857297956943512 0.841532230377197 0.828928828239441 0.825807631015778 0.813649952411652 0.794488370418549 -3.4e+38 -3.4e+38 -3.4e+38 -3.4e+38 -3.4e+38 -3.4e+38 -3.4e+38 -3.4e+38 -3.4e+38 -3.4e+38 -3.4e+38 -3.4e+38
0.864606380462646 0.851056396961212 0.862001299858093 0.855589389801025 0.8551926612854 0.855072736740112 0.852509438991547 0.848859310150146 0.848589360713959 0.852048695087433 0.853372037410736 0.8532435297966 0.838340282440186 0.850196957588196 0.854179084300995 0.860749185085297 0.848017156124115 0.84938108921051 0.869245290756226 0.861603796482086 0.859016239643097 0.8487149477005 0.825660824775696 0.814809799194336 0.810973882675171 0.826042592525482 0.821229159832001 0.829754054546356 0.832462549209595 0.826943457126617 0.836504101753235 0.848462700843811 0.841335713863373 -3.4e+38 -3.4e+38 0.797503292560577 0.783884823322296 -3.4e+38 -3.4e+38 -3.4e+38 -3.4e+38 -3.4e+38 -3.4e+38 -3.4e+38 -3.4e+38 -3.4e+38 -3.4e+38 -3.4e+38 -3.4e+38
0.870075345039368 0.865269184112549 0.855895102024078 0.824752509593964 0.852006435394287 0.850871324539185 0.847882926464081 0.84418785572052 0.842397689819336 0.83562171459198 0.846385419368744 0.848016560077667 0.843065321445465 0.853135108947754 0.852330386638641 0.845067322254181 0.836093842983246 0.855267465114594 0.866485059261322 0.853364765644073 0.85796594619751 0.859498083591461 0.833663284778595 0.827104687690735 0.821347892284393 0.807227253913879 0.804028689861298 0.807919800281525 0.823235988616943 0.82511830329895 0.816271841526031 0.821742713451385 0.816978693008423 -3.4e+38 -3.4e+38 -3.4e+38 -3.4e+38 -3.4e+38 -3.4e+38 -3.4e+38 -3.4e+38 -3.4e+38 -3.4e+38 -3.4e+38 -3.4e+38 -3.4e+38 -3.4e+38 -3.4e+38 -3.4e+38
0.869475781917572 0.864491701126099 0.860441148281097 0.855894684791565 0.846613943576813 0.846978783607483 0.840402066707611 0.838692486286163 0.830166518688202 0.832550704479218 0.84441751241684 0.84430867433548 0.837542653083801 0.848114192485809 0.848462343215942 0.850277423858643 0.851720333099365 0.861533999443054 0.854533076286316 0.855979800224304 0.860005795955658 0.834250748157501 0.819091856479645 0.829087257385254 0.859157145023346 0.840849101543427 0.822114765644073 0.80343097448349 0.800656139850616 0.800660610198975 0.802544474601746 0.805715441703796 0.810323357582092 -3.4e+38 -3.4e+38 -3.4e+38 -3.4e+38 -3.4e+38 -3.4e+38 -3.4e+38 -3.4e+38 -3.4e+38 -3.4e+38 -3.4e+38 -3.4e+38 -3.4e+38 -3.4e+38 -3.4e+38 -3.4e+38
0.866505444049835 0.857996761798859 0.855128109455109 0.845140993595123 0.845431447029114 0.837810814380646 0.836264312267303 0.835954427719116 0.826220214366913 0.826633632183075 0.840061187744141 0.840906500816345 0.839508891105652 0.839914500713348 0.840202689170837 0.843781590461731 0.848021149635315 0.848360419273376 0.853437960147858 0.855852246284485 0.851785600185394 0.834459125995636 0.804409801959991 0.795461356639862 0.818722069263458 0.829113781452179 0.837346434593201 0.828560173511505 0.826156973838806 0.795233726501465 -3.4e+38 -3.4e+38 -3.4e+38 -3.4e+38 -3.4e+38 -3.4e+38 -3.4e+38 -3.4e+38 -3.4e+38 -3.4e+38 -3.4e+38 -3.4e+38 -3.4e+38 -3.4e+38 -3.4e+38 -3.4e+38 -3.4e+38 -3.4e+38 -3.4e+38
0.856858730316162 0.854621708393097 0.849856674671173 0.843056499958038 0.835599005222321 0.834290027618408 0.826084494590759 0.82843679189682 0.825059592723846 0.826870560646057 0.827391266822815 0.835180461406708 0.823107242584229 0.828134953975677 0.835157334804535 0.830415308475494 0.836895108222961 0.846175670623779 0.831425249576569 0.826471865177155 0.827546775341034 0.800026476383209 0.785054564476013 0.785453021526337 0.776694715023041 0.776637017726898 0.779114902019501 0.789365828037262 0.78472363948822 0.779029309749603 -3.4e+38 -3.4e+38 -3.4e+38 -3.4e+38 -3.4e+38 -3.4e+38 -3.4e+38 -3.4e+38 -3.4e+38 -3.4e+38 -3.4e+38 -3.4e+38 -3.4e+38 -3.4e+38 -3.4e+38 -3.4e+38 -3.4e+38 -3.4e+38 -3.4e+38
