data/climate_estimation/maxent_output/Smilax_menispermoidea.asc
NCOLS 452 
NROWS 166 
XLLCORNER 81.25 
YLLCORNER 20.9166666666667 
CELLSIZE 0.0833333333333333 
NODATA_value -3.4e+38 
[rows 57 to 75 of 166, columns 88 to 131 of 452]
0.0145983435213566 0.01534503698349 0.0152383698150516 0.0118478434160352 0.0212106201797724 0.049169510602951 0.0496134012937546 0.0101978853344917 0.00853131990879774 0.0194848626852036 0.0293976869434118 0.0124363740906119 0.0139108533039689 0.0210819486528635 0.0147645017132163 0.0102841276675463 0.00718199322000146 0.00309158349409699 0.00505406083539128 0.0139302602037787 0.0955997407436371 0.13276432454586 0.102418221533298 0.00857619848102331 0.0364971160888672 0.281681090593338 0.0781727358698845 0.0482795648276806 0.278926372528076 0.350774198770523 0.383223474025726 0.4934221804142 0.325574398040771 0.275842934846878 0.132741749286652 0.0841713473200798 0.0637824907898903 0.0691184774041176 0.10231027752161 0.217605963349342 0.113262481987476 0.0356985963881016 0.0289424136281013 0.0194783378392458
0.0228557679802179 0.0220917481929064 0.0148322787135839 0.0358269400894642 0.0549418665468693 0.0745586827397346 0.106926992535591 0.0604510083794594 0.0159025397151709 0.0855048969388008 0.0113404169678688 0.00635310728102922 0.00792745593935251 0.010241661220789 0.0079576289281249 0.00707142986357212 0.00711899204179645 0.0125850457698107 0.0103341676294804 0.00548544526100159 0.0600488297641277 0.134086593985558 0.0539305135607719 0.0119786597788334 0.0225518010556698 0.243797838687897 0.0739034116268158 0.0527326688170433 0.114730827510357 0.186862275004387 0.349530160427094 0.44458743929863 0.518400371074677 0.448507338762283 0.248690202832222 0.264799833297729 0.223201304674149 0.245680257678032 0.238958403468132 0.0823337733745575 0.0486233271658421 0.0532762445509434 0.0326952263712883 0.0224297028034925
0.0158534608781338 0.010195529088378 0.0232160352170467 0.0228143073618412 0.0178930778056383 0.0241645965725183 0.0261164344847202 0.0755421668291092 0.0394018739461899 0.0591035261750221 0.0136460652574897 0.0124905481934547 0.0206333789974451 0.0191545262932777 0.0179183427244425 0.0201356709003448 0.0261003952473402 0.0331672355532646 0.0089940968900919 0.00688692415133119 0.0325848907232285 0.0867042765021324 0.0218005813658237 0.00817097723484039 0.0172899179160595 0.0903840512037277 0.214128062129021 0.0306312274187803 0.0270205419510603 0.0389540381729603 0.0525250062346458 0.0746560022234917 0.117540575563908 0.318342864513397 0.527388751506805 0.335026651620865 0.337180882692337 0.148133829236031 0.211903274059296 0.175879240036011 0.0902260988950729 0.0447310917079449 0.0313864536583424 0.0237851198762655
0.0381593070924282 0.0633763149380684 0.014896365813911 0.0100164320319891 0.0155599899590015 0.0635826885700226 0.209083035588264 0.125965818762779 0.114324562251568 0.0971866548061371 0.0669709071516991 0.0527768395841122 0.0779947340488434 0.0991857349872589 0.0567006506025791 0.0333579443395138 0.0725951120257378 0.0164727848023176 0.0203647147864103 0.0137513196095824 0.014057875610888 0.0621538385748863 0.0158300139009953 0.0188665613532066 0.0482003651559353 0.109479919075966 0.198807463049889 0.365798681974411 0.271310925483704 0.157638013362885 0.504161715507507 0.196647197008133 0.317696362733841 0.458061009645462 0.263449430465698 0.079227089881897 0.0908087268471718 0.101174049079418 0.0608552247285843 0.106057479977608 0.117571949958801 0.0882318541407585 0.0592997223138809 0.0567866489291191
0.0721308141946793 0.0177313331514597 0.00878959335386753 0.0149561716243625 0.0734013020992279 0.261139959096909 0.103288203477859 0.0264752525836229 0.0267193634063005 0.0142974453046918 0.0281866807490587 0.112447410821915 0.143598467111588 0.0465091094374657 0.0269573293626308 0.0131138507276773 0.0551165416836739 0.0639810413122177 0.0490555241703987 0.0171659253537655 0.0490558221936226 0.0327992923557758 0.0106785567477345 0.00850677955895662 0.00810822378844023 0.019297756254673 0.0333871245384216 0.140733391046524 0.547923266887665 0.703377068042755 0.621688902378082 0.511344075202942 0.33106005191803 0.29274120926857 0.105751432478428 0.0251134913414717 0.027043467387557 0.0351951830089092 0.0504947118461132 0.0294604264199734 0.0252587832510471 0.0221541151404381 0.025763938203454 0.0333874858915806
0.0364843979477882 0.00945654418319464 0.0177671685814857 0.010091326199472 0.0258426088839769 0.249480828642845 0.137055933475494 0.0133912591263652 0.0197174903005362 0.0170136746019125 0.0397568605840206 0.0203696172684431 0.0832170993089676 0.015109290368855 0.00786976702511311 0.00617124140262604 0.0180167593061924 0.0847332254052162 0.0640096664428711 0.0325553752481937 0.107063069939613 0.027869826182723 0.00894291419535875 0.0100237624719739 0.0149086229503155 0.0344111099839211 0.0528939738869667 0.190180748701096 0.631892323493958 0.566201567649841 0.133114248514175 0.037828229367733 0.0359331518411636 0.0521961338818073 0.0310154389590025 0.033699207007885 0.0199315957725048 0.0261131040751934 0.0287028625607491 0.0391171872615814 0.0251352544873953 0.0204931441694498 0.0259271487593651 0.0283633787184954
0.0229342151433229 0.017351696267724 0.0580608509480953 0.0462389886379242 0.033542811870575 0.168059468269348 0.265467137098312 0.116827979683876 0.14819660782814 0.0923002958297729 0.138368591666222 0.0440218821167946 0.137928545475006 0.0181186776608229 0.00901704654097557 0.0103631457313895 0.00855565350502729 0.0390004217624664 0.306414902210236 0.166893169283867 0.111084580421448 0.0200362801551819 0.0102276327088475 0.0225841477513313 0.057979978621006 0.170657187700272 0.101808317005634 0.30076652765274 0.611175894737244 0.128769814968109 0.0728971809148788 0.0839911326766014 0.0716100260615349 0.0292608998715878 0.053888201713562 0.0844159573316574 0.0256980657577515 0.0334437191486359 0.0620610304176807 0.147713139653206 0.0328362956643105 0.031792052090168 0.0306994281709194 0.0470814295113087
0.37159252166748 0.433279931545258 0.483147919178009 0.47861459851265 0.51892101764679 0.542910516262054 0.554334044456482 0.583578705787659 0.541540682315826 0.443392932415009 0.447864353656769 0.27983033657074 0.279267519712448 0.103728167712688 0.0137601504102349 0.0279862862080336 0.0411660000681877 0.105905845761299 0.312471568584442 0.257589936256409 0.0893194004893303 0.0371332801878452 0.0157431792467833 0.0311656072735786 0.253348082304001 0.455921709537506 0.614198446273804 0.588040232658386 0.423104733228683 0.296355485916138 0.371851027011871 0.130745127797127 0.206165641546249 0.140229776501656 0.169804349541664 0.244725197553635 0.0928472653031349 0.092194028198719 0.12175989151001 0.132248088717461 0.0390855893492699 0.0843843296170235 0.04414002597332 0.121356576681137
0.48072549700737 0.399766385555267 0.452860862016678 0.585666477680206 0.415355443954468 0.342692643404007 0.353647857904434 0.400313138961792 0.469235062599182 0.414449989795685 0.19382731616497 0.15653882920742 0.0439756847918034 0.12011856585741 0.230161011219025 0.084269642829895 0.0344994403421879 0.0683110356330872 0.160218015313148 0.112135253846645 0.0905686840415001 0.107814662158489 0.123870991170406 0.353710889816284 0.572346389293671 0.574311673641205 0.692008137702942 0.624246895313263 0.706630051136017 0.663751304149628 0.680994749069214 0.67126989364624 0.645580410957336 0.637382686138153 0.639752745628357 0.643549621105194 0.45856711268425 0.36103755235672 0.390435636043549 0.379581391811371 0.223308458924294 0.287426173686981 0.221536844968796 0.252585798501968
0.386823922395706 0.388527631759644 0.523092865943909 0.591261029243469 0.563415884971619 0.468139559030533 0.517597258090973 0.396712779998779 0.0715741887688637 0.0335027202963829 0.0799183920025826 0.033544335514307 0.016377804800868 0.0193817354738712 0.0800230279564857 0.164441794157028 0.0641553550958633 0.0171282347291708 0.0702967941761017 0.044100534170866 0.0181638486683369 0.0438063964247704 0.132150933146477 0.167528241872787 0.1120885014534 0.0890059396624565 0.314851731061935 0.191394627094269 0.266465157270432 0.219164699316025 0.420907318592072 0.181182011961937 0.42321988940239 0.370962798595428 0.274565756320953 0.248437106609344 0.184295699000359 0.237380549311638 0.365532994270325 0.124422512948513 0.163746744394302 0.200027361512184 0.0485992059111595 0.104419104754925
0.320039004087448 0.486669450998306 0.357397496700287 0.305759578943253 0.397275298833847 0.309741169214249 0.133945137262344 0.202045679092407 0.236445054411888 0.105474859476089 0.168394804000854 0.169987007975578 0.109909281134605 0.0397531352937222 0.0735956951975822 0.104224547743797 0.0670361965894699 0.0488882176578045 0.0511613264679909 0.0340042933821678 0.0409360788762569 0.043147724121809 0.0622803531587124 0.0686649084091187 0.049623891711235 0.094202920794487 0.0850555226206779 0.110214129090309 0.0991035401821136 0.173895597457886 0.222736492753029 0.0837291330099106 0.320212006568909 0.137725323438644 0.151881098747253 0.0884184390306473 0.206656843423843 0.345348179340363 0.297858417034149 0.182876020669937 0.0687777251005173 0.181998670101166 0.142222389578819 0.129032999277115
0.147332668304443 0.252158463001251 0.122811302542686 0.190003231167793 0.120664320886135 0.0502732619643211 0.0770704075694084 0.296857714653015 0.261777967214584 0.200419962406158 0.262642532587051 0.110998794436455 0.0541065372526646 0.0384534224867821 0.0311861652880907 0.0609724968671799 0.0187870189547539 0.0124800149351358 0.0171896032989025 0.0111597422510386 0.0138348136097193 0.0508230589330196 0.065576858818531 0.0404145233333111 0.0493216849863529 0.0982972383499146 0.0591325089335442 0.0761626586318016 0.0577004440128803 0.0526598207652569 0.103528514504433 0.0761600360274315 0.123672530055046 0.0677199438214302 0.0537121631205082 0.0518999174237251 0.109155654907227 0.266219407320023 0.101016417145729 0.175825700163841 0.0310061536729336 0.0520306304097176 0.144952774047852 0.155960574746132
0.105581857264042 0.0878352150321007 0.0902093946933746 0.0660498291254044 0.0647530108690262 0.0735109820961952 0.100842960178852 0.247178792953491 0.0679776594042778 0.0313160307705402 0.086818128824234 0.202562317252159 0.0822961777448654 0.0868794992566109 0.0644562542438507 0.0195600017905235 0.0225009471178055 0.0149370841681957 0.0146108902990818 0.005055480170995 0.0118001708760858 0.0617587529122829 0.0960747748613358 0.0944443643093109 0.0810374319553375 0.10802049934864 0.1084159091115 0.11645182967186 0.111485131084919 0.104411773383617 0.0635822713375092 0.0568006746470928 0.0474079176783562 0.0422807335853577 0.0827815011143684 0.0999284908175468 0.161118924617767 0.092454768717289 0.0962328165769577 0.149698331952095 0.0484218671917915 0.0341756455600262 0.123169668018818 0.0742245316505432
0.0627142861485481 0.0866077393293381 0.111350759863853 0.0855617299675941 0.0831955671310425 0.0508438386023045 0.153989255428314 0.0924201831221581 0.132192015647888 0.0423420555889606 0.110473960638046 0.182483822107315 0.172732725739479 0.108590602874756 0.0546827614307404 0.0381646975874901 0.0502178110182285 0.0493555329740047 0.0203788038343191 0.0129440017044544 0.0247452389448881 0.0543271265923977 0.0936032012104988 0.0825292691588402 0.113731563091278 0.116227425634861 0.0940554887056351 0.0810151323676109 0.0793915688991547 0.094468466937542 0.0859774276614189 0.0870616808533669 0.0873513892292976 0.0698230415582657 0.0527843721210957 0.0399871617555618 0.0597598031163216 0.0292196683585644 0.0493832156062126 0.0577488504350185 0.0425669029355049 0.0268186628818512 0.0829202979803085 0.0523709058761597
0.0307016670703888 0.0458551421761513 0.094176821410656 0.0622092187404633 0.0489336997270584 0.0309913605451584 0.0727952718734741 0.0468662083148956 0.0793900713324547 0.0467241518199444 0.0475776195526123 0.0481313318014145 0.0858772993087769 0.053958386182785 0.0339756980538368 0.0522481575608253 0.0502567365765572 0.0474883690476418 0.0218288283795118 0.0143482685089111 0.022925142198801 0.0514288283884525 0.0892729908227921 0.104430936276913 0.10388970375061 0.104324623942375 0.0815574005246162 0.0892861038446426 0.0895546078681946 0.0840682163834572 0.0848199799656868 0.0768774300813675 0.0539117008447647 0.0461654476821423 0.0513500049710274 0.0582359619438648 0.0552017688751221 0.0524118766188622 0.0389507971704006 0.0363377034664154 0.0122789349406958 0.0358395203948021 0.0821543037891388 0.0417610183358192
0.0390508286654949 0.0413812808692455 0.0500119403004646 0.0311536099761724 0.0584602877497673 0.0441941730678082 0.0448023788630962 0.0388502851128578 0.0454132184386253 0.0349761582911015 0.0206567700952291 0.0378408953547478 0.0631100311875343 0.024275466799736 0.0144981853663921 0.0667606592178345 0.0600570067763329 0.0268860198557377 0.017828106880188 0.0171452555805445 0.0246337167918682 0.0344994850456715 0.0659779831767082 0.0598688386380672 0.0342125818133354 0.0404165685176849 0.0630962997674942 0.0651536136865616 0.0445196963846684 0.0415872745215893 0.0503851845860481 0.0448293164372444 0.0377601571381092 0.0475543513894081 0.057404812425375 0.0584570094943047 0.0733189955353737 0.0721607506275177 0.0294642075896263 0.0299057867377996 0.0413517020642757 0.0606546588242054 0.0470360219478607 0.0286902487277985
0.0655224472284317 0.0185766480863094 0.0269626583904028 0.0265366621315479 0.0372244976460934 0.0570064224302769 0.0705670639872551 0.0557074397802353 0.0543255880475044 0.0566880255937576 0.0451187863945961 0.0422762222588062 0.0353563614189625 0.0391868427395821 0.019973985850811 0.0824114009737968 0.0267729926854372 0.0195174254477024 0.0209979601204395 0.0349925421178341 0.0350121892988682 0.0264047309756279 0.0386175774037838 0.0283054504543543 0.0211296360939741 0.0189234986901283 0.0372584573924541 0.035860363394022 0.0292778443545103 0.0274663791060448 0.0167692471295595 0.0149698285385966 0.0145761575549841 0.0323817543685436 0.0531252324581146 0.0562983974814415 0.0642747431993484 0.0686008334159851 0.0316712744534016 0.0516532883048058 0.0731653422117233 0.0537528693675995 0.0418189503252506 0.0317324511706829
0.0814380422234535 0.0160745177417994 0.017155708745122 0.0148033294826746 0.0284371431916952 0.0363034382462502 0.0522357895970345 0.0459114573895931 0.0535382553935051 0.0631940886378288 0.0391949862241745 0.0229148380458355 0.0461939498782158 0.057440709322691 0.0432441048324108 0.0774042457342148 0.0280689485371113 0.0290171485394239 0.0192374438047409 0.0344899781048298 0.0279440321028233 0.028552046045661 0.0346754416823387 0.0313685908913612 0.0177918691188097 0.0281733181327581 0.0309609789401293 0.0265018232166767 0.0275980904698372 0.0184239484369755 0.0113901495933533 0.0148426489904523 0.0296111367642879 0.0315752997994423 0.0338916927576065 0.0290152933448553 0.0361300371587276 0.0464654825627804 0.0580606684088707 0.0759413912892342 0.0913593247532845 0.100976720452309 0.0859812125563622 0.0641310960054398
0.119414895772934 0.0501393526792526 0.0294541977345943 0.0226956885308027 0.0281501598656178 0.0585195310413837 0.0571485422551632 0.0483705848455429 0.0582016967236996 0.062376469373703 0.0359519496560097 0.0473174788057804 0.0635605081915855 0.0269762966781855 0.0352824181318283 0.0691272020339966 0.0480234958231449 0.0179536193609238 0.0118139171972871 0.0199772398918867 0.0170406624674797 0.0177298951894045 0.0205528642982244 0.0179139506071806 0.0115961348637938 0.0256421156227589 0.0485295727849007 0.0717091411352158 0.086312547326088 0.0332566983997822 0.0131362089887261 0.0383641421794891 0.0468991100788116 0.105516828596592 0.104393966495991 0.0385233499109745 0.0476357080042362 0.0672337859869003 0.0518508963286877 0.0360502377152443 0.0435655154287815 0.0632168650627136 0.117818079888821 0.135543957352638
