data/climate_estimation/maxent_output/Smilax_sieboldii.asc
NCOLS 462 
NROWS 224 
XLLCORNER 104.416666666667 
YLLCORNER 22.25 
CELLSIZE 0.0833333333333333 
NODATA_value -3.4e+38 
[rows 44 to 65 of 224, columns 357 to 407 of 462]
-3.4e+38 -3.4e+38 -3.4e+38 -3.4e+38 -3.4e+38 -3.4e+38 -3.4e+38 -3.4e+38 -3.4e+38 -3.4e+38 -3.4e+38 -3.4e+38 -3.4e+38 -3.4e+38 -3.4e+38 -3.4e+38 -3.4e+38 -3.4e+38 -3.4e+38 -3.4e+38 -3.4e+38 -3.4e+38 -3.4e+38 -3.4e+38 -3.4e+38 -3.4e+38 -3.4e+38 -3.4e+38 -3.4e+38 -3.4e+38 0.676287412643433 0.687554240226746 0.678040504455566 0.659118115901947 0.66328364610672 -3.4e+38 -3.4e+38 -3.4e+38 -3.4e+38 -3.4e+38 -3.4e+38 -3.4e+38 -3.4e+38 -3.4e+38 -3.4e+38 -3.4e+38 -3.4e+38 0.373495280742645 0.421862721443176 0.403320819139481 0.403480589389801
-3.4e+38 -3.4e+38 -3.4e+38 -3.4e+38 -3.4e+38 -3.4e+38 -3.4e+38 -3.4e+38 -3.4e+38 -3.4e+38 -3.4e+38 -3.4e+38 -3.4e+38 -3.4e+38 -3.4e+38 -3.4e+38 -3.4e+38 -3.4e+38 -3.4e+38 -3.4e+38 -3.4e+38 -3.4e+38 -3.4e+38 -3.4e+38 -3.4e+38 -3.4e+38 -3.4e+38 -3.4e+38 -3.4e+38 -3.4e+38 0.667548656463623 0.680159389972687 0.670135080814362 0.676219165325165 0.660164296627045 -3.4e+38 -3.4e+38 -3.4e+38 -3.4e+38 -3.4e+38 -3.4e+38 -3.4e+38 -3.4e+38 -3.4e+38 -3.4e+38 0.308168590068817 0.400972485542297 0.420205324888229 0.40867292881012 0.363764226436615 0.374863415956497
-3.4e+38 -3.4e+38 -3.4e+38 -3.4e+38 -3.4e+38 -3.4e+38 -3.4e+38 -3.4e+38 -3.4e+38 -3.4e+38 -3.4e+38 -3.4e+38 -3.4e+38 -3.4e+38 -3.4e+38 -3.4e+38 -3.4e+38 -3.4e+38 -3.4e+38 -3.4e+38 -3.4e+38 -3.4e+38 -3.4e+38 -3.4e+38 -3.4e+38 -3.4e+38 -3.4e+38 -3.4e+38 -3.4e+38 -3.4e+38 0.668330430984497 0.670769512653351 0.674434840679169 0.672933638095856 0.682906150817871 -3.4e+38 -3.4e+38 -3.4e+38 -3.4e+38 -3.4e+38 -3.4e+38 -3.4e+38 0.580382525920868 0.587124168872833 0.28786888718605 0.676056921482086 0.67580646276474 0.665604650974274 0.699923276901245 0.320091485977173 0.682887971401215
-3.4e+38 -3.4e+38 -3.4e+38 -3.4e+38 -3.4e+38 -3.4e+38 -3.4e+38 -3.4e+38 -3.4e+38 -3.4e+38 -3.4e+38 -3.4e+38 -3.4e+38 -3.4e+38 -3.4e+38 -3.4e+38 -3.4e+38 -3.4e+38 -3.4e+38 -3.4e+38 -3.4e+38 -3.4e+38 -3.4e+38 -3.4e+38 -3.4e+38 -3.4e+38 -3.4e+38 -3.4e+38 -3.4e+38 -3.4e+38 -3.4e+38 0.646468281745911 0.684149980545044 0.700298428535461 0.683336615562439 -3.4e+38 -3.4e+38 -3.4e+38 -3.4e+38 0.561421811580658 0.545934975147247 0.671578347682953 0.646012485027313 0.649191498756409 0.651071548461914 0.804125487804413 0.741396367549896 0.782807052135468 0.643458724021912 0.642469704151154 0.669301211833954
-3.4e+38 -3.4e+38 -3.4e+38 -3.4e+38 -3.4e+38 -3.4e+38 -3.4e+38 -3.4e+38 -3.4e+38 -3.4e+38 -3.4e+38 -3.4e+38 -3.4e+38 -3.4e+38 -3.4e+38 -3.4e+38 -3.4e+38 -3.4e+38 -3.4e+38 -3.4e+38 -3.4e+38 -3.4e+38 -3.4e+38 -3.4e+38 -3.4e+38 -3.4e+38 -3.4e+38 -3.4e+38 -3.4e+38 -3.4e+38 -3.4e+38 0.610677599906921 0.690004944801331 0.643929898738861 0.62253999710083 -3.4e+38 -3.4e+38 -3.4e+38 0.531444489955902 0.55990207195282 0.630795419216156 0.836670875549316 0.715872824192047 0.789101183414459 0.824087023735046 0.747577011585236 0.591721057891846 0.659119129180908 0.814480006694794 0.806103050708771 0.613252520561218
-3.4e+38 -3.4e+38 -3.4e+38 -3.4e+38 -3.4e+38 -3.4e+38 -3.4e+38 -3.4e+38 -3.4e+38 -3.4e+38 -3.4e+38 -3.4e+38 -3.4e+38 -3.4e+38 -3.4e+38 -3.4e+38 -3.4e+38 -3.4e+38 -3.4e+38 -3.4e+38 -3.4e+38 -3.4e+38 -3.4e+38 -3.4e+38 -3.4e+38 -3.4e+38 -3.4e+38 -3.4e+38 -3.4e+38 -3.4e+38 0.558413624763489 0.701251924037933 0.700038611888885 0.607952773571014 0.58437442779541 0.552459180355072 0.548635363578796 0.514120519161224 0.537077724933624 0.622265934944153 0.83472603559494 0.82477217912674 0.521344423294067 0.42696350812912 0.783611059188843 0.765072464942932 0.603631973266602 0.693130493164062 0.805835783481598 0.810972273349762 0.81181401014328
-3.4e+38 -3.4e+38 -3.4e+38 -3.4e+38 -3.4e+38 -3.4e+38 -3.4e+38 -3.4e+38 -3.4e+38 -3.4e+38 -3.4e+38 -3.4e+38 -3.4e+38 -3.4e+38 -3.4e+38 -3.4e+38 -3.4e+38 -3.4e+38 -3.4e+38 -3.4e+38 -3.4e+38 -3.4e+38 -3.4e+38 -3.4e+38 -3.4e+38 -3.4e+38 -3.4e+38 -3.4e+38 -3.4e+38 0.521415233612061 0.518001616001129 0.657615303993225 0.630169332027435 0.541607260704041 0.536682486534119 0.52753758430481 0.521764934062958 0.504728734493256 0.521388947963715 0.839136898517609 0.768026411533356 0.728130519390106 0.576100528240204 0.605656147003174 0.822259247303009 0.773926913738251 0.781001806259155 0.761938393115997 0.766968548297882 0.490921080112457 0.803034484386444
-3.4e+38 -3.4e+38 -3.4e+38 -3.4e+38 -3.4e+38 -3.4e+38 -3.4e+38 -3.4e+38 -3.4e+38 -3.4e+38 -3.4e+38 -3.4e+38 -3.4e+38 -3.4e+38 -3.4e+38 -3.4e+38 -3.4e+38 -3.4e+38 -3.4e+38 -3.4e+38 -3.4e+38 -3.4e+38 -3.4e+38 -3.4e+38 -3.4e+38 -3.4e+38 -3.4e+38 -3.4e+38 -3.4e+38 0.462451279163361 0.519586443901062 0.623629808425903 0.551178395748138 0.540875017642975 0.594191193580627 0.527568399906158 0.498974770307541 0.534834682941437 0.647400557994843 0.841301560401917 0.700836658477783 0.410021185874939 0.517356336116791 0.611527681350708 0.820241212844849 0.83780574798584 0.835358500480652 0.614689111709595 0.239684283733368 0.647733628749847 0.761542797088623
-3.4e+38 -3.4e+38 -3.4e+38 -3.4e+38 -3.4e+38 -3.4e+38 -3.4e+38 -3.4e+38 -3.4e+38 -3.4e+38 -3.4e+38 -3.4e+38 -3.4e+38 -3.4e+38 -3.4e+38 -3.4e+38 -3.4e+38 -3.4e+38 -3.4e+38 -3.4e+38 -3.4e+38 -3.4e+38 -3.4e+38 -3.4e+38 -3.4e+38 -3.4e+38 -3.4e+38 -3.4e+38 0.48306405544281 0.502819240093231 0.606913805007935 0.719158351421356 0.57133162021637 0.689887821674347 0.734865009784698 0.66544783115387 0.651477456092834 0.876251697540283 0.849702954292297 0.771749258041382 0.614545941352844 0.379859864711761 0.390100568532944 0.756983816623688 0.819664299488068 0.761543035507202 0.80213451385498 0.267132997512817 0.692014873027802 0.722871243953705 0.596308708190918
-3.4e+38 -3.4e+38 -3.4e+38 -3.4e+38 -3.4e+38 -3.4e+38 -3.4e+38 -3.4e+38 -3.4e+38 -3.4e+38 -3.4e+38 -3.4e+38 -3.4e+38 -3.4e+38 -3.4e+38 -3.4e+38 -3.4e+38 -3.4e+38 -3.4e+38 -3.4e+38 -3.4e+38 -3.4e+38 -3.4e+38 -3.4e+38 -3.4e+38 -3.4e+38 -3.4e+38 0.487426191568375 0.511262118816376 0.705525159835815 0.72252744436264 0.757366478443146 0.900932908058167 0.896107971668243 0.884206771850586 0.85440868139267 0.875893831253052 0.878607630729675 0.73952305316925 0.683067619800568 0.289402782917023 0.257150590419769 0.526532709598541 0.748770296573639 0.813617646694183 0.635809540748596 0.801197946071625 0.71154510974884 0.756598114967346 0.764629364013672 0.638006746768951
-3.4e+38 -3.4e+38 -3.4e+38 -3.4e+38 -3.4e+38 -3.4e+38 -3.4e+38 -3.4e+38 -3.4e+38 -3.4e+38 -3.4e+38 -3.4e+38 -3.4e+38 -3.4e+38 -3.4e+38 -3.4e+38 -3.4e+38 -3.4e+38 -3.4e+38 -3.4e+38 -3.4e+38 -3.4e+38 -3.4e+38 -3.4e+38 -3.4e+38 0.51491767168045 0.49261063337326 0.489659667015076 0.617524325847626 0.730465292930603 0.899433851242065 0.871874094009399 0.896621227264404 0.862385511398315 0.807328343391418 0.843562960624695 0.887520313262939 0.874120950698853 0.807181656360626 0.683929741382599 0.319103389978409 0.242157757282257 0.325236052274704 0.713651835918427 0.625455617904663 0.656834006309509 0.775473237037659 0.691155076026917 0.267421931028366 0.335711002349854 0.76162201166153
-3.4e+38 -3.4e+38 -3.4e+38 -3.4e+38 -3.4e+38 -3.4e+38 -3.4e+38 -3.4e+38 -3.4e+38 -3.4e+38 -3.4e+38 -3.4e+38 -3.4e+38 -3.4e+38 -3.4e+38 -3.4e+38 -3.4e+38 -3.4e+38 -3.4e+38 -3.4e+38 -3.4e+38 -3.4e+38 -3.4e+38 -3.4e+38 0.49506664276123 0.56018739938736 0.543676793575287 0.689155995845795 0.734765231609344 0.770488500595093 0.894314467906952 0.80681711435318 0.889138102531433 0.808858335018158 0.860189974308014 0.916034638881683 0.859083592891693 0.88956743478775 0.876323461532593 0.790357351303101 0.543045282363892 0.346328586339951 0.349177479743958 0.672933280467987 0.693730115890503 0.678962528705597 0.732398629188538 0.746992647647858 0.791339635848999 0.564402520656586 0.554795205593109
-3.4e+38 -3.4e+38 -3.4e+38 -3.4e+38 -3.4e+38 -3.4e+38 -3.4e+38 -3.4e+38 -3.4e+38 -3.4e+38 -3.4e+38 -3.4e+38 -3.4e+38 -3.4e+38 -3.4e+38 -3.4e+38 -3.4e+38 -3.4e+38 -3.4e+38 -3.4e+38 -3.4e+38 -3.4e+38 -3.4e+38 0.506822288036346 0.493238925933838 0.641056478023529 0.732584774494171 0.758394837379456 0.898958742618561 0.905093312263489 0.762829124927521 0.663994967937469 0.836623013019562 0.757922232151031 0.865194261074066 0.869539439678192 0.92452210187912 0.894262075424194 0.848042070865631 0.745861768722534 0.672666430473328 0.526697933673859 0.530178666114807 0.737796545028687 0.817121148109436 0.455517202615738 0.742768347263336 0.60037750005722 0.732434272766113 0.728012025356293 0.695810794830322
-3.4e+38 -3.4e+38 -3.4e+38 -3.4e+38 -3.4e+38 -3.4e+38 -3.4e+38 -3.4e+38 -3.4e+38 -3.4e+38 -3.4e+38 -3.4e+38 -3.4e+38 -3.4e+38 -3.4e+38 -3.4e+38 -3.4e+38 -3.4e+38 -3.4e+38 -3.4e+38 -3.4e+38 -3.4e+38 0.710933327674866 0.619278788566589 0.47301709651947 0.552075088024139 0.740905106067657 0.763610601425171 0.911127150058746 0.882757067680359 0.800480544567108 0.497543096542358 0.791123926639557 0.850748300552368 0.835947096347809 0.869921147823334 0.910528719425201 0.907831788063049 0.845653891563416 0.695936501026154 0.276774317026138 0.619900107383728 0.702699720859528 0.66914576292038 0.815998315811157 0.813813865184784 0.719775974750519 0.671724855899811 0.624660789966583 0.53703373670578 0.63170725107193
-3.4e+38 -3.4e+38 -3.4e+38 -3.4e+38 -3.4e+38 -3.4e+38 -3.4e+38 -3.4e+38 -3.4e+38 -3.4e+38 -3.4e+38 -3.4e+38 -3.4e+38 -3.4e+38 -3.4e+38 -3.4e+38 -3.4e+38 -3.4e+38 -3.4e+38 -3.4e+38 -3.4e+38 -3.4e+38 0.713936746120453 0.627063691616058 0.461719632148743 0.582925021648407 0.714071094989777 0.717457473278046 0.758620977401733 0.877305209636688 0.850519835948944 0.778115212917328 0.848637282848358 0.880647838115692 0.826733291149139 0.835875868797302 0.844808757305145 0.878142535686493 0.812615990638733 0.765274465084076 0.667616903781891 0.623431086540222 0.632094085216522 0.636942148208618 0.762224793434143 0.796070456504822 0.804955899715424 0.788465440273285 0.740363597869873 0.597014605998993 0.415854156017303
-3.4e+38 -3.4e+38 -3.4e+38 -3.4e+38 -3.4e+38 -3.4e+38 -3.4e+38 -3.4e+38 -3.4e+38 -3.4e+38 -3.4e+38 -3.4e+38 -3.4e+38 -3.4e+38 -3.4e+38 -3.4e+38 -3.4e+38 -3.4e+38 -3.4e+38 -3.4e+38 -3.4e+38 0.699134171009064 0.693802833557129 0.51920759677887 0.489834815263748 0.685266733169556 0.731295645236969 0.743812382221222 0.748402237892151 0.939967393875122 0.903076231479645 0.891328632831573 0.92081481218338 0.834311544895172 0.827916204929352 0.86339658498764 0.898513674736023 0.877984702587128 0.760468363761902 0.620386838912964 0.704766869544983 0.723724067211151 0.686354160308838 0.752692997455597 0.683375597000122 0.805869162082672 0.779585123062134 0.733815908432007 0.764844059944153 0.641348242759705 0.380435466766357
-3.4e+38 -3.4e+38 -3.4e+38 -3.4e+38 -3.4e+38 -3.4e+38 -3.4e+38 -3.4e+38 -3.4e+38 -3.4e+38 -3.4e+38 -3.4e+38 -3.4e+38 -3.4e+38 -3.4e+38 -3.4e+38 -3.4e+38 -3.4e+38 -3.4e+38 -3.4e+38 -3.4e+38 -3.4e+38 0.679927289485931 0.619828343391418 0.578187465667725 0.712334811687469 0.75539642572403 0.896473228931427 0.925812780857086 0.912408769130707 0.919334590435028 0.906262755393982 0.963351607322693 0.904299974441528 0.922195076942444 0.899587154388428 0.925095498561859 0.825722813606262 0.723702251911163 0.39772567152977 0.684657692909241 0.797979950904846 0.810754120349884 0.714870035648346 0.699725925922394 0.841469526290894 0.796696603298187 0.707478940486908 0.667936563491821 0.769084811210632 0.746612548828125
-3.4e+38 -3.4e+38 -3.4e+38 -3.4e+38 -3.4e+38 -3.4e+38 -3.4e+38 -3.4e+38 -3.4e+38 -3.4e+38 -3.4e+38 -3.4e+38 0.489052951335907 0.3014075756073 -3.4e+38 -3.4e+38 -3.4e+38 -3.4e+38 -3.4e+38 -3.4e+38 -3.4e+38 -3.4e+38 0.49604794383049 0.67890876531601 0.662408947944641 0.730029881000519 0.890193343162537 0.882900297641754 0.89389705657959 0.902481913566589 0.890155434608459 0.908811390399933 0.951562345027924 0.966994106769562 0.944746971130371 0.939287662506104 0.93079400062561 0.894309639930725 0.737755358219147 0.738970220088959 0.771652579307556 0.806355714797974 0.816382348537445 0.361121594905853 0.659348964691162 0.844736218452454 0.794096171855927 0.705812513828278 0.491566270589828 0.750076413154602 0.803554356098175
-3.4e+38 -3.4e+38 -3.4e+38 -3.4e+38 -3.4e+38 -3.4e+38 -3.4e+38 -3.4e+38 -3.4e+38 0.399432837963104 0.339689522981644 0.428085178136826 0.624607622623444 0.372908562421799 -3.4e+38 0.292713016271591 -3.4e+38 -3.4e+38 -3.4e+38 -3.4e+38 -3.4e+38 0.549203097820282 0.624971807003021 0.684463560581207 0.87527871131897 0.881684601306915 0.886139512062073 0.914004802703857 0.908706605434418 0.92097681760788 0.924720823764801 0.951473355293274 0.950469732284546 0.951287150382996 0.956570625305176 0.932610869407654 0.938417196273804 0.915812492370605 0.884690880775452 0.80437707901001 0.729295670986176 0.812010228633881 0.830269634723663 0.412749052047729 0.758201956748962 0.845828592777252 0.738660037517548 0.640122294425964 0.289648503065109 0.445848315954208 0.730155646800995
-3.4e+38 0.276671588420868 0.375815033912659 0.359671592712402 0.511930704116821 0.394804835319519 0.416870325803757 0.380524963140488 0.348984569311142 0.360749155282974 0.377646028995514 0.496927618980408 0.610965073108673 0.295983999967575 -3.4e+38 0.293647319078445 -3.4e+38 -3.4e+38 -3.4e+38 0.33199155330658 0.326561629772186 0.445836871862411 0.531035661697388 0.648616194725037 0.867353141307831 0.877927899360657 0.892575860023499 0.899478495121002 0.907094836235046 0.925313770771027 0.955651879310608 0.956720948219299 0.954397618770599 0.871946811676025 0.862712562084198 0.89568430185318 0.900957882404327 0.919314563274384 0.89478474855423 0.900126338005066 0.855247557163239 0.866987705230713 0.728583216667175 0.580576241016388 0.81584233045578 0.846722900867462 0.755657434463501 0.576860785484314 0.275631368160248 0.609781384468079 0.703571379184723
0.26268807053566 0.348325997591019 0.454158544540405 0.59514045715332 0.60875803232193 0.661305844783783 0.588082730770111 0.331990897655487 0.383490115404129 0.520963609218597 0.513410091400146 0.367348700761795 0.365113228559494 0.406597524881363 0.463924318552017 0.458622515201569 0.263269245624542 0.379560500383377 0.421967715024948 0.344855070114136 0.365153431892395 0.840579986572266 0.727282345294952 0.833729445934296 0.827973663806915 0.875749111175537 0.871695816516876 0.892775475978851 0.894234895706177 0.783223390579224 0.76852560043335 0.682079255580902 0.66709578037262 0.693943023681641 0.764714956283569 0.847053825855255 0.925524711608887 0.913479745388031 0.897032380104065 0.8355712890625 0.887117743492126 0.833720684051514 0.771604597568512 0.832451462745667 0.854478597640991 0.816250681877136 0.736419081687927 0.468853890895844 0.320114135742188 0.671932399272919 0.718112170696259
0.288748472929001 0.370667994022369 0.698808491230011 0.734240889549255 0.706415355205536 0.711881160736084 0.540515244007111 0.331545740365982 0.419943511486053 0.46037232875824 0.674538314342499 0.667559325695038 0.496894896030426 0.374059021472931 0.390327632427216 0.553942739963531 0.469601452350616 0.459255248308182 0.440280497074127 0.507861495018005 0.727085769176483 0.71017324924469 0.720648288726807 0.654386937618256 0.592542409896851 0.594959914684296 0.865978002548218 0.881196737289429 0.80505782365799 0.562335729598999 0.527499854564667 0.537690162658691 0.525191843509674 0.528849899768829 0.527348399162292 0.645760655403137 0.844953775405884 0.898050785064697 0.797924637794495 0.866999804973602 0.856604397296906 0.750665545463562 0.841808676719666 0.864168286323547 0.85225635766983 0.769549787044525 0.636288166046143 0.338260143995285 0.483961135149002 0.677234649658203 0.782954275608063
