data/climate_estimation/maxent_output/Smilax_excelsa.asc
NCOLS 355 
NROWS 103 
XLLCORNER 21.75 
YLLCORNER 36.5 
CELLSIZE 0.0833333333333333 
NODATA_value -3.4e+38 
[rows 20 to 39 of 103, columns 0 to 45 of 355]
0.388265311717987 0.519643247127533 0.632495045661926 0.631576597690582 0.553550541400909 0.542685925960541 0.512332320213318 0.5330491065979 0.561533391475677 0.432041108608246 0.464842468500137 0.439934939146042 0.469261080026627 0.471277832984924 0.552356064319611 0.87964141368866 0.7652268409729 0.693477809429169 0.699469804763794 0.693441450595856 0.599906980991364 0.648845970630646 0.632681667804718 0.616582274436951 0.609059929847717 0.554305136203766 0.548925161361694 0.521510004997253 0.454229325056076 0.463500916957855 0.50375497341156 0.474696159362793 0.440455168485641 0.211411759257317 0.235388442873955 0.277900665998459 0.259886026382446 0.216473460197449 0.203612849116325 0.188714161515236 0.181278511881828 0.212186023592949 0.230343133211136 0.214796736836433 0.236313089728355 0.237256303429604
0.378944844007492 0.394470483064651 0.453978419303894 0.576067686080933 0.625124156475067 0.631032288074493 0.492309004068375 0.519757688045502 0.552517294883728 0.523641586303711 0.446956187486649 0.494806468486786 0.371519923210144 0.348751366138458 0.557655930519104 0.568099558353424 0.548274517059326 0.807230532169342 0.747281193733215 0.722274005413055 0.71258819103241 0.676728129386902 0.760581076145172 0.66024512052536 0.652516186237335 0.701767325401306 0.635092675685883 0.5299271941185 0.510483086109161 0.548968970775604 0.255843788385391 0.495064318180084 0.566964745521545 0.283341526985168 0.293823391199112 0.327127993106842 0.263397097587585 0.227660447359085 0.20334392786026 0.199435338377953 0.215487614274025 0.217391133308411 0.225675135850906 0.245099887251854 0.24964964389801 0.273974627256393
0.374669134616852 0.452620953321457 0.632955074310303 0.560471296310425 0.500036358833313 0.492683500051498 0.625273585319519 0.613422453403473 0.618079423904419 0.631709635257721 0.495901942253113 0.415639698505402 0.370978325605392 0.524060249328613 0.470854103565216 0.476944953203201 0.485064059495926 0.57671719789505 0.545174300670624 0.556776881217957 0.445065975189209 0.540547251701355 0.830920338630676 0.796239793300629 0.484776526689529 0.767698466777802 0.319732278585434 0.573550701141357 0.574186503887177 0.236419901251793 0.566258132457733 0.253974914550781 0.290648847818375 0.32211372256279 0.339203804731369 0.248563155531883 0.219156205654144 0.28038278222084 0.359375655651093 0.386298388242722 0.359378665685654 0.274863511323929 0.230978041887283 0.235310956835747 0.240191906690598 0.216204151511192
0.383408486843109 0.366797626018524 0.438780605792999 0.580072939395905 0.628159463405609 0.6918585896492 0.624926626682281 0.525522649288177 0.583433747291565 0.635515332221985 0.606345772743225 0.480571866035461 0.423518121242523 0.406092137098312 0.634521722793579 0.449345588684082 0.477033883333206 0.461662173271179 0.612941801548004 0.404310971498489 0.386151611804962 0.380343914031982 0.52645218372345 0.373148620128632 0.336508333683014 0.638863921165466 0.300971895456314 0.695337414741516 0.614617168903351 0.299900978803635 0.260828882455826 0.310836225748062 0.356356471776962 0.354702860116959 0.386060327291489 0.282865434885025 0.336506903171539 0.408616662025452 0.433904618024826 0.399750292301178 0.345369100570679 0.328072845935822 0.378755837678909 0.334081530570984 0.302263557910919 0.298271119594574
0.38905081152916 0.408626765012741 0.344595700502396 0.439470946788788 0.627314031124115 0.629234731197357 0.595487534999847 0.593546330928802 0.570228517055511 0.436155170202255 0.596893966197968 0.634492635726929 0.575173854827881 0.535966515541077 0.489734977483749 0.385364383459091 0.324100852012634 0.309966266155243 0.57285749912262 0.457360178232193 0.416454613208771 0.411529153585434 0.476494431495667 0.508381605148315 0.464137881994247 0.416216880083084 0.481663048267365 0.486491411924362 0.42465877532959 0.382501482963562 0.368575483560562 0.373484879732132 0.376338809728622 0.458796262741089 0.461887836456299 0.371324390172958 0.460754841566086 0.464061349630356 0.444546043872833 0.305871188640594 0.33863353729248 0.430553466081619 0.450985968112946 0.403540253639221 0.37821164727211 0.33539742231369
0.365404218435287 0.342287570238113 0.346219390630722 0.36276775598526 0.471268475055695 0.617099642753601 0.614519894123077 0.522006630897522 0.76866215467453 0.435471951961517 0.500982403755188 0.494905024766922 0.575002670288086 0.541964173316956 0.505557119846344 0.489734977483749 0.450557678937912 0.444501101970673 0.436817854642868 0.451741218566895 0.336519151926041 0.545297086238861 0.444022119045258 0.414013653993607 0.413396745920181 0.490079045295715 0.498325973749161 0.398343533277512 0.472402125597 0.472402125597 0.392087250947952 0.436763018369675 0.46037495136261 0.464951068162918 0.470947206020355 0.410754680633545 0.46537584066391 0.431797236204147 0.371386796236038 0.301265597343445 0.301261812448502 0.41850021481514 0.493548184633255 0.485570639371872 0.427460730075836 0.468384295701981
0.429429024457932 0.389496445655823 0.533090531826019 0.533068716526031 0.622528851032257 0.684801459312439 0.606112897396088 0.670128464698792 0.675796091556549 0.595695436000824 0.726603865623474 0.459112763404846 0.513669669628143 0.564531862735748 0.545182526111603 0.561341106891632 0.548784196376801 0.496479600667953 0.441183656454086 0.471011012792587 0.41149029135704 0.391716510057449 0.352796852588654 0.440145045518875 0.512713968753815 0.423758685588837 0.469192326068878 0.483180701732635 0.414288461208344 0.419700175523758 0.383886456489563 0.378034710884094 0.291933864355087 0.346973657608032 0.42791748046875 0.484600722789764 0.464876472949982 0.481676995754242 0.453095614910126 0.481676995754242 0.501279950141907 0.503744959831238 0.48555999994278 0.508036613464355 0.512267649173737 0.516532719135284
0.595074594020844 0.568223655223846 0.455825418233871 0.562340676784515 0.61847048997879 0.676052331924438 0.508859515190125 0.472477853298187 0.743500828742981 0.499001532793045 0.506812214851379 0.750206410884857 0.443232029676437 0.466900229454041 0.482755064964294 0.541303515434265 0.575952351093292 0.583395063877106 0.559185385704041 0.541161775588989 0.48955163359642 0.422153651714325 0.344328552484512 0.638175427913666 0.38752943277359 0.583550810813904 0.652614653110504 0.635303974151611 0.527857542037964 0.529943883419037 0.432310461997986 0.503984689712524 0.267173618078232 0.280490785837173 0.274517953395844 0.30563747882843 0.340136736631393 0.356003046035767 0.384026765823364 0.346478700637817 0.350816369056702 0.36089026927948 0.427215486764908 0.435463428497314 0.4107566177845 0.448988944292068
0.607593715190887 0.60904997587204 0.594209849834442 0.511057317256927 0.533521175384521 0.799441277980804 0.524794816970825 0.546084225177765 0.495101302862167 0.65886664390564 0.659879207611084 0.712211608886719 0.479515552520752 0.551791667938232 0.518213391304016 0.493864744901657 0.514530122280121 0.549429178237915 0.54537034034729 0.531317234039307 0.528924942016602 0.520940601825714 0.504640519618988 0.496639877557755 0.470379173755646 0.409829437732697 0.718008637428284 0.648955166339874 0.42944598197937 0.739975452423096 0.671300053596497 0.531107008457184 0.613342881202698 0.458796203136444 0.455954194068909 0.282939612865448 0.398826837539673 0.118901759386063 0.173408970236778 0.447669684886932 0.528561055660248 0.404772579669952 0.806238234043121 0.759887635707855 0.641699016094208 0.69170880317688
0.811040282249451 0.82776153087616 0.675792217254639 0.451592743396759 0.613978207111359 0.686157047748566 0.423009276390076 0.50758171081543 0.450764924287796 0.693295300006866 0.762911438941956 0.799574732780457 0.511674702167511 0.480446428060532 0.566539943218231 0.521679222583771 0.476694077253342 0.647821605205536 0.650067687034607 0.515650689601898 0.52612566947937 0.526051759719849 0.530312895774841 0.522881329059601 0.477245181798935 0.429109334945679 0.820489048957825 0.505259037017822 0.737912178039551 0.625813484191895 0.55165708065033 0.588714122772217 0.552722275257111 0.676098465919495 0.837662816047668 0.375798225402832 0.451861947774887 0.828534781932831 0.823603808879852 0.851895153522491 0.826674401760101 0.788116931915283 0.778772950172424 0.732548475265503 0.818056285381317 0.854673504829407
0.931175291538239 0.51800525188446 0.432916730642319 0.686313152313232 0.798296391963959 0.526286542415619 0.534489274024963 0.62050986289978 0.618814706802368 0.747774124145508 0.78913825750351 0.532434940338135 0.534675896167755 0.56792938709259 0.568253874778748 0.474175214767456 0.470222681760788 0.516875684261322 0.18990421295166 0.674804210662842 0.725494980812073 0.416897416114807 0.435370594263077 0.453120678663254 0.738178551197052 0.72136914730072 0.853252112865448 0.843712389469147 0.758450567722321 0.816249370574951 0.781258761882782 0.791150331497192 0.743494927883148 0.785305500030518 0.838761568069458 0.842208743095398 0.684059083461761 0.657880246639252 0.855195164680481 0.80976390838623 0.82290118932724 0.859749555587769 0.852880716323853 0.840072810649872 0.739982128143311 0.722059726715088
0.85260009765625 0.383903086185455 0.682020246982574 0.807770013809204 0.724597752094269 0.640557944774628 0.569275915622711 0.613231122493744 0.781656205654144 0.820520579814911 0.788049936294556 0.799208641052246 0.552924633026123 0.602885842323303 0.609968841075897 0.601326406002045 0.537728190422058 0.709466695785522 0.665678918361664 0.648299634456635 0.629763126373291 0.771355748176575 0.769505202770233 0.816777646541595 0.53471976518631 0.815703213214874 0.87227189540863 0.867057502269745 0.861160635948181 0.842572510242462 0.848647058010101 0.816034197807312 0.724003434181213 0.656691133975983 0.642867565155029 0.616555213928223 0.615173280239105 0.680944919586182 0.860254943370819 0.86500883102417 0.865130603313446 0.861469626426697 0.863167583942413 0.865851879119873 0.833779692649841 0.824658036231995
0.950688600540161 0.931910991668701 0.959109485149384 0.920627534389496 0.819452226161957 0.699523329734802 0.505614280700684 0.622111260890961 0.752367496490479 0.796417117118835 0.612606942653656 0.621607542037964 0.784426987171173 0.753921270370483 0.856479167938232 0.570306181907654 0.566591739654541 0.766427397727966 0.703668713569641 0.747519135475159 0.732640087604523 0.775923311710358 0.740764915943146 0.804855644702911 0.853950560092926 0.845158219337463 0.83881413936615 0.751509964466095 0.787930190563202 0.855397045612335 0.713622570037842 0.712649822235107 0.672994315624237 0.590636849403381 0.576168656349182 0.547084093093872 0.534121930599213 0.5412318110466 0.571408152580261 0.602173745632172 0.664108276367188 0.647061944007874 0.712377190589905 0.697930455207825 0.658031344413757 0.61365407705307
0.913388431072235 0.904460787773132 0.910076856613159 0.802092552185059 0.801557421684265 0.697528779506683 0.771901726722717 0.77993643283844 0.855716466903687 0.822839021682739 0.876605927944183 0.512274324893951 0.477887243032455 0.586964011192322 0.602573156356812 0.556678652763367 0.556899726390839 0.567473649978638 0.718569040298462 0.507979035377502 0.553601920604706 0.635274529457092 0.602202355861664 0.762957513332367 0.853329300880432 0.870959639549255 0.853225111961365 0.794634640216827 0.637692213058472 0.605275750160217 0.58160012960434 0.595948576927185 0.564760148525238 0.548107624053955 0.541255593299866 0.52452141046524 0.515354514122009 0.520905494689941 0.514214038848877 0.536603391170502 0.536346197128296 0.56099271774292 0.655839562416077 0.678545117378235 0.57627934217453 0.547237813472748
0.846713125705719 0.297638803720474 0.934902787208557 0.946310877799988 0.963912844657898 0.945816099643707 0.947382152080536 0.847183048725128 0.690044224262238 0.389753222465515 0.467000603675842 0.819069743156433 0.596833944320679 0.542946696281433 0.897990465164185 0.485487431287766 0.835619032382965 0.225184082984924 0.0539174117147923 0.131741568446159 0.150941893458366 0.119685217738152 0.0722794458270073 0.0951635614037514 0.233872130513191 0.668556869029999 0.875195801258087 0.762136101722717 0.585550844669342 0.575591504573822 0.553099572658539 0.552544832229614 0.54134464263916 0.542379975318909 0.521760761737823 0.514701843261719 0.497485816478729 0.504217505455017 0.497712403535843 0.494369983673096 0.514258325099945 0.513683915138245 0.53205531835556 0.552602052688599 0.528329372406006 0.754743635654449
0.734828531742096 0.244528576731682 0.326517015695572 0.909722089767456 0.922502934932709 0.86880499124527 0.725754141807556 0.536723792552948 0.375994920730591 0.436219990253448 0.553016185760498 0.740819215774536 0.876162707805634 0.868499457836151 0.894460082054138 0.370380222797394 0.888372719287872 0.564429759979248 0.323980510234833 0.200744152069092 0.0484976768493652 0.0451830364763737 0.0743621662259102 0.157713338732719 0.173311948776245 0.377166301012039 0.611753821372986 0.723496973514557 0.839236199855804 0.734625697135925 0.607204079627991 0.600230515003204 0.552745938301086 0.539804220199585 0.525716185569763 0.519261538982391 0.516151070594788 0.509302496910095 0.508530378341675 0.522135138511658 0.509558022022247 0.510869801044464 0.73114401102066 0.747996866703033 0.755808115005493 0.758154988288879
0.779451191425323 0.811537146568298 0.897825121879578 0.909276962280273 0.957284450531006 0.910974562168121 0.858981013298035 0.710544466972351 0.856208086013794 0.922949016094208 0.947088539600372 0.870125949382782 0.856901943683624 0.786948919296265 0.89289802312851 0.665873527526855 0.817179679870605 0.787751793861389 0.413849234580994 0.114442646503448 0.100330293178558 0.305137038230896 0.529205560684204 0.641970694065094 0.507977247238159 0.584275007247925 0.716614961624146 0.855118155479431 0.77170068025589 0.670272350311279 0.878855347633362 0.765020608901978 0.768823087215424 0.852030336856842 0.875203311443329 0.879147171974182 0.690633416175842 0.559105098247528 0.534900605678558 0.551386892795563 0.542942643165588 0.774170815944672 0.761116504669189 0.77768874168396 0.759512722492218 0.742848098278046
0.835058033466339 0.793760478496552 0.803763687610626 0.901529848575592 0.367100417613983 0.341188758611679 0.945740163326263 0.955514550209045 0.943565905094147 0.946752846240997 0.951482713222504 0.8912313580513 0.890954375267029 0.809381663799286 0.872258186340332 0.746133744716644 0.754348993301392 0.865976214408875 0.668877363204956 0.212444767355919 0.6578488945961 0.789897203445435 0.714624643325806 0.496361553668976 0.456128925085068 0.59644079208374 0.663181722164154 0.629572629928589 0.651980102062225 0.68143367767334 0.557292997837067 0.634171366691589 0.807907283306122 0.536391794681549 0.541057944297791 0.611817598342896 0.778354465961456 0.867049515247345 0.764696359634399 0.624804377555847 0.84118264913559 0.882435441017151 0.866232633590698 0.832573235034943 0.794125318527222 0.788737893104553
0.842935085296631 0.785950422286987 0.699995458126068 0.223056957125664 0.317517936229706 0.238771632313728 0.207522258162498 0.235287949442863 0.821543633937836 0.869002878665924 0.935565531253815 0.823774933815002 0.951260089874268 0.859263598918915 0.837272644042969 0.886571407318115 0.622832715511322 0.868840754032135 0.428164690732956 0.639541506767273 0.838982343673706 0.849739849567413 0.813909351825714 0.556556642055511 0.446069777011871 0.476245999336243 0.355313569307327 0.20238570868969 0.324716538190842 0.347836792469025 0.280982732772827 0.691971063613892 0.792794942855835 0.429446578025818 0.604789793491364 0.779147148132324 0.777383804321289 0.730052411556244 0.805922746658325 0.867858052253723 0.889730453491211 0.958758413791656 0.918763101100922 0.855188012123108 0.82368266582489 0.8043053150177
0.702280938625336 0.692855834960938 0.651507675647736 0.192601427435875 0.191068306565285 0.186691582202911 0.286135047674179 0.931434750556946 0.778311192989349 0.697732031345367 0.837111592292786 0.923912286758423 0.845896005630493 0.835111856460571 0.525751411914825 0.716422080993652 0.870309889316559 0.843642055988312 0.473408192396164 0.0868936255574226 0.353194355964661 0.63050639629364 0.789928317070007 0.717284202575684 0.438045620918274 0.409956157207489 0.443777501583099 0.340851932764053 0.393196374177933 0.413321644067764 0.507285237312317 0.636573851108551 0.748333632946014 0.366542965173721 0.539355099201202 0.650251448154449 0.615698277950287 0.706042170524597 0.683215200901031 0.796739876270294 0.953974425792694 0.967479825019836 0.944072723388672 0.904795348644257 0.894231557846069 0.857913017272949
