data/climate_estimation/maxent_output/Smilax_moranensis.asc
NCOLS 303 
NROWS 197 
XLLCORNER -109.666666666667 
YLLCORNER 12.5 
CELLSIZE 0.0833333333333333 
NODATA_value -3.4e+38 
[rows 115 to 137 of 197, columns 104 to 155 of 303]
0.493541151285172 0.0572549737989902 0.164849549531937 0.184147611260414 0.0692533031105995 0.212544918060303 0.32459282875061 0.726889133453369 0.877345383167267 0.868783950805664 0.921861410140991 0.92260754108429 0.876158833503723 0.862045526504517 0.868308186531067 0.82595556974411 0.793419301509857 0.83027195930481 0.931784212589264 0.948110103607178 0.94782567024231 0.934482991695404 0.878272593021393 0.822793066501617 0.795203864574432 0.802595674991608 0.845263302326202 0.820910573005676 0.851809084415436 0.858944058418274 0.774527966976166 0.758406639099121 0.794828593730927 0.799401760101318 0.831506371498108 0.821415543556213 0.687496840953827 0.595793306827545 0.553919732570648 0.528808057308197 0.43673774600029 0.450321614742279 0.640120923519135 0.520587682723999 0.91450309753418 0.938836574554443 0.981502115726471 0.974125146865845 0.899607121944427 0.873210787773132 0.857992172241211 0.71021181344986
0.36740517616272 0.0836116969585419 0.0715495496988297 0.0500198975205421 0.0311802718788385 0.0572826489806175 0.281385391950607 0.443759441375732 0.412882119417191 0.616465330123901 0.732780933380127 0.922367095947266 0.886821925640106 0.838919043540955 0.863398730754852 0.851972758769989 0.840046226978302 0.835576951503754 0.926600575447083 0.926867067813873 0.876918494701385 0.947803854942322 0.950424790382385 0.894771039485931 0.890607833862305 0.858763754367828 0.925795137882233 0.837930858135223 0.692392587661743 0.890073478221893 0.880406200885773 0.822089910507202 0.800628900527954 0.805931150913239 0.863450467586517 0.802159547805786 0.794247150421143 0.649446606636047 0.591583490371704 0.578943848609924 0.466546207666397 0.481929987668991 0.521343946456909 0.693721830844879 0.95399421453476 0.96569699048996 0.975103437900543 0.984981954097748 0.962687969207764 0.907987952232361 0.901222825050354 0.751424014568329
0.108175881206989 0.0276673752814531 0.0322824791073799 0.0882377326488495 0.0227362420409918 0.0911698043346405 0.229892373085022 0.286227345466614 0.418305903673172 0.871885180473328 0.914183259010315 0.917728006839752 0.917621314525604 0.896320164203644 0.837634325027466 0.862431466579437 0.88333523273468 0.86013251543045 0.93559867143631 0.920557916164398 0.928949654102325 0.950308680534363 0.949615120887756 0.935756802558899 0.936679184436798 0.923254609107971 0.93754255771637 0.905413687229156 0.714996933937073 0.904293715953827 0.918075501918793 0.825761198997498 0.7897909283638 0.814538657665253 0.887540221214294 0.847382724285126 0.822429180145264 0.751475870609283 0.679771363735199 0.620115041732788 0.521472692489624 0.502025961875916 0.556559026241302 0.813734710216522 0.949749648571014 0.975671231746674 0.981908798217773 0.984714210033417 0.958147764205933 0.903716385364532 0.887860953807831 0.75540691614151
0.0492631569504738 0.0238803643733263 0.0371186286211014 0.0347833670675755 0.0268262140452862 0.0887924209237099 0.0888611301779747 0.320726335048676 0.360319167375565 0.532522678375244 0.769562840461731 0.81699526309967 0.894212484359741 0.933142721652985 0.908471941947937 0.918621361255646 0.913389623165131 0.932348251342773 0.95516300201416 0.956383883953094 0.980097472667694 0.981996178627014 0.976828873157501 0.966703653335571 0.963290989398956 0.963257789611816 0.961068570613861 0.917754054069519 0.605755925178528 0.92636901140213 0.882035970687866 0.791059255599976 0.81858366727829 0.832343876361847 0.839688956737518 0.847713649272919 0.845340013504028 0.781525671482086 0.704758942127228 0.6126469373703 0.550447762012482 0.513431370258331 0.581620097160339 0.930213630199432 0.78524249792099 0.95902281999588 0.976088881492615 0.979188919067383 0.967902660369873 0.980116963386536 0.881121098995209 0.721986651420593
0.0493518859148026 0.0366761535406113 0.0135244186967611 0.014119585044682 0.0372196398675442 0.0530027784407139 0.246522590517998 0.451053440570831 0.370007246732712 0.555513858795166 0.630861580371857 0.859644830226898 0.916639626026154 0.922901928424835 0.936490654945374 0.961397111415863 0.933041274547577 0.952304720878601 0.948824524879456 0.967464745044708 0.939138829708099 0.850101828575134 0.725716054439545 0.718888580799103 0.785305559635162 0.868617594242096 0.96244877576828 0.950815081596375 0.927465260028839 0.933220982551575 0.811614573001862 0.78289794921875 0.826097011566162 0.848317742347717 0.839475154876709 0.823103725910187 0.832312285900116 0.779300034046173 0.704533815383911 0.623880982398987 0.541161417961121 0.550438106060028 0.561306715011597 0.903134524822235 0.946578800678253 0.975291848182678 0.968830943107605 0.965860068798065 0.950874924659729 0.96447741985321 0.835583984851837 0.668713927268982
0.0248613860458136 0.0271402504295111 0.0161541420966387 0.0154995610937476 0.0288753323256969 0.206270888447762 0.33370777964592 0.525937497615814 0.441803514957428 0.483330130577087 0.562795341014862 0.715916872024536 0.875639081001282 0.922831058502197 0.933986783027649 0.945321381092072 0.888589262962341 0.903981268405914 0.80627429485321 0.840887784957886 0.686771810054779 0.497473418712616 0.54225766658783 0.353508591651917 0.302371799945831 0.710192322731018 0.87995570898056 0.956369638442993 0.967437863349915 0.845864593982697 0.783718585968018 0.791619300842285 0.88494473695755 0.860581517219543 0.826109230518341 0.779153287410736 0.763631820678711 0.65191650390625 0.639897763729095 0.551743149757385 0.46789813041687 0.323255866765976 0.180067181587219 0.573509037494659 0.881414353847504 0.940927088260651 0.946528434753418 0.9314004778862 0.870588600635529 0.852992594242096 0.733652234077454 0.583697915077209
0.0241356994956732 0.0572960004210472 0.0898467525839806 0.00841710157692432 0.0433482117950916 0.0870522558689117 0.0673072636127472 0.121206849813461 0.10997049510479 0.30144077539444 0.414989292621613 0.707104682922363 0.924100637435913 0.94911402463913 0.926773190498352 0.861561596393585 0.835021615028381 0.821163594722748 0.661793291568756 0.430942863225937 0.421166151762009 0.184898093342781 0.370286077260971 0.211425960063934 0.323486030101776 0.468076318502426 0.761171162128448 0.841446340084076 0.887645542621613 0.744500815868378 0.715324461460114 0.757789969444275 0.792667806148529 0.745522439479828 0.710045337677002 0.767517924308777 0.712262392044067 0.655213475227356 0.671869993209839 0.592751264572144 0.501922845840454 0.322227358818054 0.315187305212021 0.587229549884796 0.826342284679413 0.879552960395813 0.966912686824799 0.936302125453949 0.908831655979156 0.875013172626495 0.735607266426086 0.635275900363922
0.0103046745061874 0.0318439230322838 0.0197652895003557 0.0200871340930462 0.009591662324965 0.0307597927749157 0.0774891525506973 0.0870199576020241 0.105776272714138 0.253701239824295 0.606834053993225 0.766323387622833 0.727065324783325 0.828925132751465 0.917654931545258 0.873187482357025 0.763936340808868 0.682989180088043 0.57434469461441 0.159247413277626 0.0783796682953835 0.142859563231468 0.132448360323906 0.303453475236893 0.38662588596344 0.490401566028595 0.554207682609558 0.671815991401672 0.542974829673767 0.452749073505402 0.456359148025513 0.455238968133926 0.464972078800201 0.389153778553009 0.594643115997314 0.506044030189514 0.582817256450653 0.562741994857788 0.581439554691315 0.575078547000885 0.519060969352722 0.631921589374542 0.568667471408844 0.637434065341949 0.86147803068161 0.929775774478912 0.949772655963898 0.974325716495514 0.934205532073975 0.944469273090363 0.803835093975067 0.702399730682373
0.0223334189504385 0.0164495203644037 0.0168756488710642 0.0247136391699314 0.00789731368422508 0.0686173066496849 0.158252283930779 0.136698588728905 0.0708549320697784 0.267969816923141 0.388797849416733 0.579359829425812 0.306413501501083 0.613944530487061 0.954163491725922 0.93815678358078 0.899924099445343 0.667899906635284 0.435178935527802 0.12621907889843 0.0578533969819546 0.0583178102970123 0.161565557122231 0.226881965994835 0.263537526130676 0.411792457103729 0.408841252326965 0.418321520090103 0.541085422039032 0.51701819896698 0.428895682096481 0.298302948474884 0.285408824682236 0.344539761543274 0.522553026676178 0.484997630119324 0.500023066997528 0.606346011161804 0.574893712997437 0.635073065757751 0.597246885299683 0.628140509128571 0.631025731563568 0.790852189064026 0.888808965682983 0.909297108650208 0.940703928470612 0.978488326072693 0.948396325111389 0.889023780822754 0.932367920875549 0.798144698143005
0.0151277435943484 0.00643913773819804 0.00654098438099027 0.0294624660164118 0.00788464583456516 0.00982317887246609 0.0265077948570251 0.0589728318154812 0.035810474306345 0.0608357563614845 0.038549866527319 0.0537490323185921 0.184426978230476 0.525091946125031 0.834095001220703 0.917714059352875 0.731691181659698 0.813599467277527 0.654166102409363 0.341680943965912 0.0923022255301476 0.0959827452898026 0.164847940206528 0.212455123662949 0.343786984682083 0.30316761136055 0.289567857980728 0.159844905138016 0.202191218733788 0.239858627319336 0.387233346700668 0.302705526351929 0.337641358375549 0.377006322145462 0.363165646791458 0.499730497598648 0.553522884845734 0.592165231704712 0.602810740470886 0.605228006839752 0.616089463233948 0.547260344028473 0.635625243186951 0.756040215492249 0.859550714492798 0.88322639465332 0.929322183132172 0.970056891441345 0.974015355110168 0.867172062397003 0.706082165241241 0.761266469955444
0.00843942444771528 0.0073125846683979 0.0090202409774065 0.0191734712570906 0.00812437757849693 0.0088584003970027 0.0262474287301302 0.0418593995273113 0.0171127486974001 0.0210389327257872 0.072123296558857 0.090706579387188 0.387847036123276 0.513204872608185 0.60761958360672 0.724383592605591 0.464716613292694 0.677094101905823 0.483235657215118 0.617961645126343 0.580432534217834 0.18561427295208 0.146643444895744 0.260249406099319 0.351418763399124 0.212671190500259 0.183890894055367 0.132482931017876 0.238692164421082 0.510782897472382 0.48200312256813 0.421248883008957 0.451555460691452 0.370523750782013 0.545868396759033 0.608565807342529 0.601997196674347 0.643074989318848 0.646967649459839 0.640151262283325 0.61488002538681 0.671493351459503 0.597266376018524 0.671599745750427 0.804253280162811 0.873167395591736 0.919339895248413 0.944678366184235 0.985178530216217 0.80968964099884 0.697068274021149 0.76309061050415
0.0144342156127095 0.0126116760075092 0.0297782737761736 0.0175263788551092 0.0161341466009617 0.0147685948759317 0.0132125969976187 0.0132543286308646 0.0107907876372337 0.022888233885169 0.0833457261323929 0.142976179718971 0.241124793887138 0.502305209636688 0.433948665857315 0.355907678604126 0.320438086986542 0.17235454916954 0.230190292000771 0.500256776809692 0.628735244274139 0.363563656806946 0.182120114564896 0.181699454784393 0.158418014645576 0.194307878613472 0.176930725574493 0.124789632856846 0.281507879495621 0.411511957645416 0.294943332672119 0.210311815142632 0.299006670713425 0.370009481906891 0.586163640022278 0.638952374458313 0.621931850910187 0.721109628677368 0.689479649066925 0.68031245470047 0.659548103809357 0.612991392612457 0.693821907043457 0.535561621189117 0.442348748445511 0.668896973133087 0.900913536548615 0.940488994121552 0.988138020038605 0.902778089046478 0.863398849964142 0.753229141235352
0.0529508367180824 0.0150383049622178 0.029008911922574 0.0209721084684134 0.0201985910534859 0.0506986677646637 0.0179254803806543 0.0111516341567039 0.0119611108675599 0.0360947288572788 0.0925640016794205 0.137595862150192 0.113262176513672 0.334974586963654 0.491542369127274 0.215599894523621 0.0430251471698284 0.103662297129631 0.0828709080815315 0.176332741975784 0.230524227023125 0.250010877847672 0.171025201678276 0.130057841539383 0.080518938601017 0.130737334489822 0.100968964397907 0.153669252991676 0.152007818222046 0.199168726801872 0.232050374150276 0.453020513057709 0.344955027103424 0.494347363710403 0.596620082855225 0.486201584339142 0.535400927066803 0.641989231109619 0.642880797386169 0.690843462944031 0.656152486801147 0.651163697242737 0.719034075737 0.575471758842468 0.226536020636559 0.257836282253265 0.857942700386047 0.937839090824127 0.970547258853912 0.988540172576904 0.933876037597656 0.717571198940277
0.0930374935269356 0.023356968536973 0.044197853654623 0.0414807796478271 0.0467029176652431 0.0108683900907636 0.0153995854780078 0.0110177043825388 0.0176673959940672 0.0507090799510479 0.107207082211971 0.241839110851288 0.098713293671608 0.308530986309052 0.487318634986877 0.13368684053421 0.0419318489730358 0.135656610131264 0.0904698967933655 0.347043365240097 0.357781827449799 0.208200827240944 0.174446076154709 0.128452152013779 0.128279894590378 0.21357274055481 0.0910080224275589 0.139095470309258 0.173382073640823 0.13488632440567 0.181924507021904 0.241775274276733 0.423741608858109 0.503846406936646 0.539972126483917 0.249872624874115 0.504344046115875 0.519189596176147 0.595384418964386 0.671031594276428 0.77899706363678 0.768976271152496 0.70105242729187 0.826214492321014 0.423538625240326 0.166155725717545 0.494110018014908 0.93529999256134 0.980430245399475 0.965916097164154 0.988989591598511 0.927323579788208
0.2200777977705 0.138939127326012 0.131492912769318 0.072479672729969 0.067745178937912 0.0166006106883287 0.0150798233225942 0.0122242793440819 0.0121486317366362 0.0267608556896448 0.0777799189090729 0.099291518330574 0.258139550685883 0.286045551300049 0.265969663858414 0.0968725010752678 0.108901955187321 0.0863950550556183 0.11442493647337 0.409080356359482 0.467188090085983 0.159461870789528 0.116864055395126 0.154451176524162 0.181506022810936 0.444896966218948 0.164758563041687 0.169227510690689 0.146271347999573 0.126726597547531 0.262105405330658 0.240943983197212 0.262816995382309 0.512871921062469 0.391317635774612 0.236122816801071 0.552074313163757 0.55297064781189 0.685259938240051 0.685131669044495 0.785571873188019 0.796836674213409 0.789880812168121 0.673012137413025 0.659540295600891 0.18181686103344 0.206562519073486 0.820782840251923 0.935049951076508 0.980515778064728 0.948556065559387 0.948376178741455
0.213221818208694 0.25728577375412 0.189894929528236 0.140429094433784 0.150083124637604 0.0707998052239418 0.0594597607851028 0.0962762758135796 0.121738560497761 0.0716771706938744 0.0612944699823856 0.1100257858634 0.155988052487373 0.188468396663666 0.0437108054757118 0.097643218934536 0.116377025842667 0.0780543610453606 0.118691004812717 0.422596156597137 0.467490702867508 0.200576975941658 0.0669198781251907 0.0913714095950127 0.0677418783307076 0.288571327924728 0.224069312214851 0.114693209528923 0.191106468439102 0.315699607133865 0.274111151695251 0.32924222946167 0.241454318165779 0.285280972719193 0.356947034597397 0.487752735614777 0.348470598459244 0.562774658203125 0.691741824150085 0.848024189472198 0.840096235275269 0.852944910526276 0.815433204174042 0.783999443054199 0.854504287242889 0.41642239689827 0.234519824385643 0.569657862186432 0.926232576370239 0.92125141620636 0.911271154880524 0.845308601856232
0.359645664691925 0.505126237869263 0.256902933120728 0.236924394965172 0.220280662178993 0.188219919800758 0.131243079900742 0.111449852585793 0.417064160108566 0.205086424946785 0.0883238315582275 0.0535695999860764 0.111181326210499 0.116618767380714 0.106246180832386 0.174049764871597 0.0381971374154091 0.0355565510690212 0.0297766644507647 0.0622370392084122 0.207929939031601 0.444122850894928 0.135654449462891 0.1915462911129 0.168468281626701 0.392905682325363 0.328617870807648 0.194124981760979 0.367139756679535 0.379776060581207 0.311734884977341 0.375649094581604 0.273028910160065 0.299608945846558 0.277725249528885 0.46506530046463 0.461327224969864 0.522145688533783 0.720961451530457 0.844384610652924 0.821062326431274 0.864139139652252 0.802159786224365 0.71406763792038 0.797811806201935 0.785128712654114 0.684452593326569 0.257534950971603 0.618196666240692 0.849459052085876 0.974602222442627 0.783828973770142
0.801886260509491 0.536338627338409 0.470066010951996 0.432089805603027 0.370988458395004 0.394693285226822 0.297557950019836 0.289502292871475 0.404123485088348 0.425082474946976 0.198705434799194 0.247020810842514 0.227669179439545 0.238163888454437 0.23809926211834 0.504481375217438 0.140484139323235 0.143464013934135 0.20387190580368 0.261196255683899 0.182175353169441 0.219792023301125 0.139151573181152 0.19985818862915 0.209810420870781 0.302670359611511 0.635388553142548 0.480389446020126 0.280460387468338 0.275772213935852 0.437279134988785 0.470262378454208 0.477859020233154 0.407463848590851 0.23567008972168 0.382237643003464 0.509428560733795 0.746862471103668 0.816738247871399 0.857348740100861 0.897651016712189 0.924978017807007 0.771420121192932 0.675997614860535 0.697461485862732 0.73940247297287 0.769225418567657 0.30062410235405 0.470662087202072 0.935574650764465 0.973710000514984 0.952644050121307
0.817342340946198 0.804457902908325 0.833124876022339 0.470199972391129 0.587467432022095 0.54804652929306 0.54013204574585 0.483262211084366 0.843953192234039 0.294213831424713 0.276102423667908 0.30784609913826 0.363125085830688 0.42027959227562 0.41667565703392 0.332436054944992 0.151580229401588 0.1625736951828 0.280680388212204 0.358793318271637 0.525102913379669 0.471419394016266 0.555881321430206 0.503989815711975 0.233024552464485 0.549597859382629 0.631103157997131 0.600680351257324 0.354311734437943 0.5039381980896 0.557690143585205 0.55696576833725 0.546616077423096 0.466948270797729 0.313896685838699 0.458626061677933 0.712849617004395 0.732280552387238 0.596548020839691 0.836436450481415 0.891786277294159 0.869380176067352 0.749118268489838 0.620576202869415 0.589070558547974 0.80480694770813 0.747556865215302 0.627379357814789 0.316472589969635 0.915456175804138 0.957405686378479 0.943491220474243
0.505882203578949 0.820746004581451 0.850006103515625 0.790920913219452 0.824108242988586 0.8979811668396 0.714154005050659 0.75150603055954 0.814695954322815 0.392079889774323 0.521383285522461 0.347308695316315 0.595436990261078 0.862750947475433 0.605238616466522 0.272971004247665 0.184957280755043 0.195306465029716 0.326048761606216 0.457378894090652 0.482054948806763 0.422761201858521 0.683159530162811 0.530610620975494 0.545685470104218 0.549968898296356 0.708588302135468 0.733156263828278 0.594452083110809 0.45321974158287 0.545636653900146 0.585704684257507 0.759777963161469 0.692311406135559 0.431374430656433 0.644484102725983 0.432955890893936 0.63166743516922 0.594750106334686 0.826605141162872 0.889354288578033 0.861045002937317 0.798390567302704 0.768573880195618 0.777218163013458 0.900814294815063 0.751474559307098 0.583713948726654 0.301477283239365 0.691367745399475 0.825899183750153 0.874306499958038
0.262159943580627 0.491520911455154 0.540689587593079 0.575771152973175 0.749052345752716 0.896828830242157 0.904973745346069 0.902391672134399 0.915171444416046 0.58338063955307 0.894906103610992 0.739035606384277 0.524632692337036 0.87207967042923 0.724856376647949 0.529852569103241 0.57653146982193 0.271643310785294 0.447983086109161 0.460681587457657 0.614258706569672 0.48333752155304 0.518845200538635 0.579562425613403 0.55391389131546 0.649133622646332 0.523117065429688 0.781236708164215 0.589893102645874 0.472817182540894 0.442914068698883 0.264314353466034 0.538455367088318 0.679862260818481 0.411980807781219 0.408158272504807 0.763404071331024 0.769719362258911 0.593551158905029 0.791817724704742 0.86587393283844 0.912560045719147 0.905900835990906 0.917759001255035 0.893070876598358 0.903637945652008 0.861622750759125 0.792392373085022 0.580673396587372 0.476270228624344 0.838100254535675 0.884294927120209
0.217222407460213 0.229857221245766 0.394620299339294 0.380090564489365 0.41962081193924 0.648276925086975 0.875573396682739 0.880825519561768 0.881443619728088 0.896839261054993 0.846244990825653 0.84234881401062 0.704412162303925 0.729768216609955 0.657039701938629 0.738932192325592 0.736028075218201 0.578452348709106 0.526093304157257 0.507654011249542 0.646451830863953 0.532193660736084 0.555202722549438 0.640476286411285 0.574841558933258 0.768180310726166 0.765257358551025 0.770382285118103 0.660433173179626 0.591427564620972 0.582719147205353 0.420125126838684 0.657274842262268 0.889419257640839 0.751390993595123 0.708544433116913 0.81171977519989 0.915499567985535 0.892873466014862 0.929395079612732 0.87112820148468 0.920281708240509 0.93370521068573 0.920010507106781 0.821796536445618 0.858699560165405 0.868384003639221 0.78481912612915 0.83979856967926 0.614418387413025 0.810396015644073 0.94915896654129
0.193308979272842 0.185265704989433 0.372093170881271 0.226929157972336 0.143038332462311 0.370562493801117 0.600106596946716 0.613754332065582 0.688307642936707 0.786481440067291 0.850123047828674 0.845688939094543 0.717810571193695 0.444362163543701 0.444904834032059 0.398255288600922 0.71817010641098 0.699804067611694 0.399690806865692 0.518782556056976 0.59516042470932 0.544043660163879 0.582285404205322 0.677487194538116 0.694028973579407 0.779436349868774 0.774921059608459 0.722747147083282 0.823440253734589 0.727041244506836 0.895188927650452 0.873157024383545 0.90715879201889 0.980933010578156 0.90168684720993 0.904136419296265 0.853740155696869 0.85869437456131 0.958915174007416 0.967888355255127 0.927903175354004 0.892871499061584 0.945577383041382 0.909868061542511 0.80767434835434 0.722793757915497 0.802083849906921 0.760104835033417 0.823302567005157 0.656256675720215 0.818225562572479 0.96584016084671
