data/climate_estimation/maxent_output/Smilax_retroflexa.asc
NCOLS 222 
NROWS 104 
XLLCORNER 94.9166666666667 
YLLCORNER 21 
CELLSIZE 0.0833333333333333 
NODATA_value -3.4e+38 
[rows 80 to 99 of 104, columns 132 to 175 of 222]
0.850261986255646 0.830487132072449 0.956311523914337 0.970364987850189 0.956423163414001 0.848797023296356 0.793260216712952 0.727177083492279 0.690406262874603 0.503953576087952 0.599719285964966 0.705521464347839 0.603094339370728 0.534213781356812 0.469443470239639 0.523807406425476 0.51957505941391 0.527259826660156 0.46761229634285 0.412095129489899 0.394929140806198 0.405852198600769 0.359336614608765 0.313831031322479 0.306903272867203 0.295346766710281 0.311128318309784 0.341247290372849 0.379205733537674 0.368824034929276 0.374232232570648 0.356449365615845 0.377149790525436 0.436113715171814 0.463770270347595 0.420736640691757 0.394881725311279 0.394881725311279 0.398690432310104 0.461095184087753 0.457569509744644 0.416079819202423 0.399309724569321 0.388129591941833
0.895723760128021 0.711564660072327 0.881937742233276 0.89588850736618 0.878687083721161 0.835049092769623 0.785054802894592 0.690994322299957 0.63000100851059 0.576711773872375 0.49460643529892 0.542969763278961 0.574212193489075 0.517715990543365 0.456489592790604 0.411454051733017 0.464841187000275 0.57859879732132 0.559293508529663 0.538052558898926 0.490812331438065 0.534799635410309 0.406884551048279 0.301512062549591 0.291054666042328 0.278623819351196 0.304291188716888 0.302545428276062 0.272445738315582 0.282485812902451 0.293126672506332 0.318829268217087 0.364252358675003 0.391298085451126 0.391210556030273 0.397866040468216 0.385831952095032 0.382454067468643 0.395567297935486 0.403321206569672 0.392471522092819 0.390855103731155 0.410278737545013 0.38773187994957
0.789417684078217 0.711714029312134 0.620096623897552 0.762218415737152 0.827731847763062 0.8419429063797 0.726340234279633 0.689623832702637 0.733305335044861 0.60525518655777 0.473052859306335 0.417066842317581 0.449702441692352 0.44276762008667 0.38416850566864 0.368483275175095 0.408907234668732 0.47125518321991 0.44378599524498 0.392168521881104 0.411179751157761 0.464669317007065 0.326155304908752 0.291977971792221 0.281073033809662 0.276983976364136 0.261695802211761 0.256921917200089 0.25929856300354 0.261707007884979 0.277229398488998 0.313740700483322 0.34151303768158 0.375784665346146 0.371996402740479 0.37576425075531 0.373449891805649 0.389221221208572 0.399011850357056 0.411152005195618 0.36827826499939 0.372530281543732 0.390415847301483 0.41481602191925
0.82752400636673 0.582080006599426 0.471303880214691 0.594685971736908 0.590417981147766 0.732113480567932 0.619411528110504 0.622676372528076 0.605061411857605 0.562086641788483 0.432811260223389 0.366441428661346 0.346365541219711 0.331098288297653 0.331587642431259 0.391980886459351 0.382783979177475 0.391686946153641 0.319508910179138 0.320815026760101 0.320669740438461 0.350850224494934 0.321374714374542 0.300428837537766 0.286681741476059 0.322260051965714 0.323286682367325 0.30881342291832 0.282626509666443 0.284956455230713 0.283982008695602 0.309847921133041 0.347252935171127 0.369304567575455 0.361729949712753 0.38065904378891 0.383339256048203 0.391481012105942 0.377879917621613 0.393273890018463 0.354330658912659 0.355053216218948 0.358684182167053 0.398017913103104
0.815872550010681 0.661952435970306 0.520438849925995 0.431630522012711 0.468913912773132 0.582685470581055 0.504203975200653 0.431410998106003 0.481354951858521 0.477770417928696 0.433615505695343 0.381935924291611 0.334550768136978 0.336840838193893 0.314243644475937 0.318533450365067 0.353963106870651 0.355399876832962 0.325780183076859 0.328421264886856 0.315022528171539 0.32564303278923 0.319157391786575 0.312292993068695 0.348469376564026 0.399385392665863 0.366971164941788 0.305331170558929 0.325882583856583 0.295821040868759 0.303776741027832 0.324279308319092 0.359745293855667 0.370202124118805 0.375469177961349 0.374355584383011 0.375464409589767 0.374601244926453 0.366390377283096 0.384921818971634 0.399257928133011 0.376482605934143 0.376530349254608 0.369736611843109
0.854485034942627 0.738312959671021 0.66585248708725 0.522125065326691 0.545359492301941 0.505196154117584 0.408578515052795 0.335645973682404 0.356642365455627 0.464496254920959 0.39155775308609 0.351053565740585 0.301240473985672 0.301885813474655 0.296514987945557 0.282561093568802 0.32765144109726 0.405181080102921 0.34170389175415 0.324940174818039 0.326049983501434 0.340338528156281 0.311487108469009 0.323144882917404 0.363045871257782 0.369781225919724 0.345294564962387 0.348192900419235 0.34355241060257 0.357659548521042 0.349339455366135 0.36640402674675 0.390942424535751 0.408944755792618 0.42847552895546 0.412834912538528 0.389053344726562 0.408796489238739 0.385588735342026 0.3992018699646 0.394638925790787 0.432691544294357 0.395866692066193 0.387330830097198
0.915590584278107 0.828610360622406 0.756415009498596 0.636793375015259 0.6058589220047 0.609521210193634 0.596088051795959 0.419169872999191 0.280886709690094 0.303548991680145 0.449974209070206 0.271131098270416 0.300396323204041 0.304945856332779 0.289386242628098 0.284570753574371 0.330656737089157 0.293974816799164 0.317126035690308 0.313288271427155 0.340578079223633 0.377707421779633 0.364777565002441 0.367857784032822 0.383162468671799 0.380691438913345 0.402346879243851 0.398374617099762 0.39880183339119 0.400255113840103 0.413347214460373 0.43454322218895 0.454998731613159 0.45624852180481 0.454733312129974 0.43454322218895 0.427629142999649 0.428178638219833 0.400304138660431 0.412231028079987 0.392512202262878 0.386602312326431 0.492942094802856 0.391907662153244
0.868556141853333 0.769785702228546 0.835286259651184 0.65175986289978 0.545492887496948 0.541418969631195 0.607534527778625 0.531170248985291 0.387191116809845 0.26472145318985 0.387039631605148 0.388917714357376 0.244783490896225 0.251846164464951 0.250894337892532 0.28511118888855 0.277866452932358 0.301077038049698 0.338914662599564 0.33848449587822 0.362487703561783 0.400606006383896 0.413171261548996 0.389918148517609 0.425801932811737 0.455713182687759 0.471091091632843 0.43775749206543 0.44216313958168 0.460580140352249 0.455935329198837 0.461428582668304 0.458772987127304 0.523333728313446 0.548364102840424 0.44551146030426 0.432988405227661 0.464785665273666 0.405345350503922 0.381594836711884 0.404651314020157 0.454300224781036 0.399105608463287 0.371133595705032
0.862709760665894 0.717859864234924 0.600301504135132 0.569218099117279 0.533142507076263 0.527278661727905 0.470416724681854 0.486193537712097 0.463941425085068 0.529296278953552 0.238728150725365 0.218464896082878 0.257005095481873 0.292728453874588 0.290546536445618 0.279908180236816 0.321775197982788 0.382700890302658 0.415297001600266 0.371307104825974 0.390982985496521 0.41897714138031 0.463786989450455 0.527264773845673 0.498228549957275 0.525787115097046 0.528426647186279 0.528426647186279 0.499440371990204 0.516998529434204 0.48575159907341 0.487545251846313 0.499851584434509 0.543218195438385 0.532380342483521 0.454553633928299 0.427576571702957 0.425561457872391 0.436351895332336 0.445653676986694 0.423305213451385 0.399246573448181 0.433388739824295 0.361490041017532
0.808980405330658 0.859222531318665 0.540353953838348 0.528628468513489 0.552125811576843 0.694801449775696 0.520261943340302 0.326609253883362 0.28238844871521 0.258754014968872 0.294736534357071 0.357801228761673 0.389256358146667 0.317353397607803 0.340614289045334 0.32990550994873 0.363776683807373 0.416068702936172 0.406096458435059 0.446069806814194 0.502663433551788 0.626684188842773 0.670392334461212 0.701225101947784 0.677588939666748 0.595948278903961 0.602448403835297 0.584958136081696 0.542313814163208 0.526742339134216 0.563977956771851 0.514200210571289 0.526137709617615 0.581552743911743 0.486095160245895 0.484074324369431 0.502828299999237 0.499136656522751 0.475717335939407 0.452394723892212 0.426626592874527 0.479735195636749 0.390641689300537 0.350425243377686
0.852389514446259 0.663653910160065 0.594563126564026 0.658693075180054 0.485632121562958 0.483455717563629 0.422908395528793 0.321870416402817 0.279754728078842 0.287774682044983 0.340408831834793 0.331908285617828 0.282084912061691 0.241948202252388 0.257997035980225 0.2874576151371 0.38145050406456 0.346344798803329 0.354328453540802 0.444457173347473 0.438130378723145 0.497225224971771 0.516125321388245 0.548929870128632 0.5817551612854 0.678908467292786 0.668964207172394 0.592747688293457 0.56701248884201 0.548694729804993 0.554614424705505 0.554685771465302 0.581160426139832 0.550634503364563 0.537969470024109 0.551018118858337 0.527326047420502 0.504190027713776 0.478848904371262 0.453562051057816 0.473276048898697 0.4628546833992 0.390026301145554 0.361311197280884
0.852336347103119 0.607629060745239 0.726714849472046 0.584300220012665 0.526660084724426 0.57888275384903 0.527324020862579 0.300897032022476 0.298243820667267 0.478794008493423 0.410575240850449 0.396395295858383 0.275088936090469 0.276475787162781 0.370559930801392 0.411101311445236 0.367733389139175 0.395993173122406 0.461771875619888 0.480787068605423 0.487927377223969 0.530589401721954 0.548384130001068 0.630741119384766 0.747284293174744 0.718300640583038 0.716098010540009 0.776426434516907 0.620366990566254 0.569909751415253 0.624388158321381 0.593832492828369 0.60149085521698 0.586995601654053 0.567021906375885 0.579223453998566 0.536623239517212 0.525324463844299 0.496634185314178 0.467930108308792 0.445095419883728 0.43106797337532 0.388925969600677 0.363906145095825
0.748975157737732 0.664721190929413 0.707312881946564 0.539531707763672 0.581625878810883 0.653631448745728 0.555974662303925 0.357040554285049 0.340620130300522 0.427583545446396 0.394968897104263 0.325418710708618 0.331983327865601 0.364871025085449 0.334480762481689 0.513357758522034 0.529769062995911 0.540981531143188 0.712361633777618 0.583016932010651 0.564135551452637 0.579933881759644 0.618546664714813 0.700720310211182 0.73252671957016 0.839091718196869 0.835563063621521 0.745546162128448 0.629847466945648 0.595594525337219 0.615892469882965 0.62058299779892 0.615439116954803 0.614496350288391 0.590308785438538 0.581825733184814 0.558403074741364 0.532818675041199 0.502753257751465 0.488812297582626 0.439486801624298 0.428351223468781 0.383800387382507 0.360592484474182
0.681323170661926 0.615186870098114 0.632626414299011 0.664301633834839 0.646869361400604 0.642954051494598 0.477838575839996 0.395467400550842 0.439563393592834 0.435318261384964 0.384180247783661 0.546684682369232 0.651971220970154 0.512778460979462 0.374602347612381 0.533674299716949 0.734918773174286 0.709300756454468 0.636027991771698 0.6124147772789 0.733018517494202 0.737306118011475 0.792818784713745 0.871947109699249 0.909706354141235 0.874719023704529 0.707725286483765 0.646897435188293 0.649676322937012 0.616194367408752 0.615282654762268 0.608015775680542 0.619239032268524 0.628010988235474 0.604978203773499 0.579710841178894 0.576045989990234 0.547423899173737 0.498497128486633 0.483437806367874 0.435007154941559 0.420119732618332 0.375292003154755 0.366930782794952
0.647286713123322 0.614811062812805 0.649005174636841 0.555947244167328 0.541841983795166 0.65635734796524 0.479820877313614 0.490964949131012 0.543408989906311 0.467229098081589 0.40793976187706 0.457444369792938 0.559195935726166 0.438238382339478 0.461746394634247 0.596027433872223 0.704730987548828 0.627936124801636 0.694604933261871 0.77307516336441 0.894059121608734 0.923205614089966 0.808070600032806 0.84722113609314 0.793061554431915 0.743997037410736 0.721469879150391 0.897592604160309 0.878157377243042 0.88659942150116 0.619936287403107 0.6186203956604 0.624645471572876 0.611993908882141 0.612503349781036 0.570482134819031 0.570259213447571 0.541405618190765 0.5086629986763 0.47591644525528 0.426015019416809 0.396615982055664 0.383652359247208 0.370617032051086
0.501512289047241 0.43173560500145 0.452409029006958 0.442647159099579 0.430524885654449 0.514722883701324 0.542704999446869 0.498643755912781 0.345014721155167 0.447124481201172 0.461272835731506 0.448518812656403 0.364575862884521 0.437333703041077 0.529317915439606 0.646714150905609 0.769956290721893 0.709888815879822 0.839863359928131 0.906948447227478 0.822296619415283 0.75546932220459 0.673882365226746 0.920868456363678 0.800263047218323 0.933594703674316 0.882661640644073 0.876097440719604 0.881859540939331 0.875654816627502 0.883071899414062 0.881081879138947 0.594604253768921 0.589955568313599 0.599670708179474 0.576921224594116 0.56135630607605 0.531601548194885 0.497631549835205 0.465469509363174 0.430610567331314 0.4144426882267 0.366876661777496 0.325524270534515
0.465705454349518 0.47580423951149 0.414690464735031 0.344246953725815 0.338033705949783 0.320794492959976 0.427316665649414 0.34024915099144 0.323247045278549 0.491584271192551 0.659488499164581 0.476753056049347 0.42863205075264 0.443166464567184 0.531293094158173 0.588686347007751 0.7584468126297 0.825679242610931 0.775139570236206 0.783184111118317 0.879343330860138 0.804663896560669 0.920764565467834 0.897402405738831 0.906788945198059 0.889437854290009 0.885585784912109 0.887273609638214 0.87899386882782 0.855565249919891 0.862973749637604 0.872671604156494 -3.4e+38 0.580781519412994 0.59216034412384 0.559701204299927 0.546186149120331 0.511271059513092 0.480762600898743 0.464604079723358 0.447160184383392 0.39480996131897 0.360780507326126 0.322719812393188
0.393616050481796 0.371404021978378 0.330692708492279 0.310250759124756 0.297365933656693 0.252005159854889 0.287505388259888 0.276246309280396 0.270432233810425 0.404136925935745 0.448882818222046 0.433378219604492 0.494544744491577 0.326142281293869 0.439882874488831 0.649672389030457 0.648025393486023 0.63396167755127 0.797683000564575 0.912461400032043 0.892617702484131 0.922048628330231 0.886142075061798 0.891615509986877 0.898892283439636 0.886009216308594 0.868722558021545 0.838290572166443 0.87093985080719 0.855676114559174 0.849935173988342 -3.4e+38 -3.4e+38 -3.4e+38 -3.4e+38 -3.4e+38 -3.4e+38 -3.4e+38 0.467943727970123 0.446968406438828 0.425749510526657 0.369814306497574 0.336460828781128 0.312631249427795
0.342646926641464 0.31456446647644 0.283983051776886 0.25921693444252 0.264645129442215 0.261779010295868 0.290392458438873 0.276372611522675 0.286490678787231 0.300282150506973 0.304755479097366 0.371284365653992 0.425427258014679 0.350034862756729 0.399016261100769 0.502945482730865 0.559190571308136 0.61989814043045 0.799155712127686 0.823722124099731 0.920915186405182 0.864213407039642 0.853648960590363 0.85849004983902 0.866378486156464 0.863815128803253 -3.4e+38 -3.4e+38 -3.4e+38 -3.4e+38 -3.4e+38 -3.4e+38 -3.4e+38 -3.4e+38 -3.4e+38 -3.4e+38 -3.4e+38 0.559514820575714 0.501890301704407 0.448279112577438 0.401008456945419 0.359442174434662 0.325851380825043 0.305019229650497
0.544222891330719 0.271748095750809 0.247900769114494 0.227487906813622 0.225926071405411 0.241058215498924 0.231361120939255 0.22846320271492 0.248874142765999 0.280534088611603 0.323869735002518 0.377538949251175 0.364469617605209 0.387551456689835 0.461592048406601 0.584791898727417 0.606915593147278 0.633066594600677 0.689680099487305 0.887555181980133 0.872849225997925 0.845369040966034 0.840704798698425 0.832974851131439 0.826578855514526 -3.4e+38 -3.4e+38 -3.4e+38 -3.4e+38 -3.4e+38 -3.4e+38 -3.4e+38 -3.4e+38 -3.4e+38 -3.4e+38 -3.4e+38 -3.4e+38 -3.4e+38 0.483486235141754 -3.4e+38 -3.4e+38 -3.4e+38 -3.4e+38 -3.4e+38
