data/climate_estimation/maxent_output/Smilax_australis.asc
NCOLS 435 
NROWS 348 
XLLCORNER 123.666666666667 
YLLCORNER -38.5 
CELLSIZE 0.0833333333333333 
NODATA_value -3.4e+38 
[rows 304 to 322 of 348, columns 264 to 307 of 435]
0.00715844705700874 0.00662557128816843 0.0199417043477297 0.0194645654410124 0.0104033499956131 0.0118710370734334 0.0286738649010658 0.0297276712954044 0.0308961514383554 0.0285595748573542 0.0287434924393892 0.0290523674339056 0.0318019576370716 0.0325704738497734 0.0355705544352531 0.0353785641491413 0.0330662876367569 0.0163265056908131 0.0187127478420734 0.0355623885989189 0.0376663729548454 0.038258396089077 0.0379563085734844 0.0398566834628582 0.0435230284929276 0.0503700599074364 0.0562312602996826 0.0901841521263123 0.0729320198297501 0.0687294602394104 0.0862667635083199 0.0805569514632225 0.0803381651639938 0.112142689526081 0.160517975687981 0.197032406926155 0.197807133197784 0.14885601401329 0.163548931479454 0.164467230439186 0.18776099383831 0.199225798249245 0.216202974319458 0.271608054637909
0.00656516849994659 0.00664463499560952 0.00670930277556181 0.00653270445764065 0.00715840421617031 0.0235014595091343 0.0261132828891277 0.0245138667523861 0.0281373616307974 0.029078908264637 0.0297142155468464 0.0309666600078344 0.0328182689845562 0.0313887074589729 0.0331698805093765 0.0339485891163349 0.0344221107661724 0.034790862351656 0.0372874177992344 0.0373436138033867 0.0396603010594845 0.0384351313114166 0.0413334369659424 0.0520070977509022 0.0521329268813133 0.0530731305480003 0.0584163889288902 0.112103156745434 0.116010956466198 0.0841287598013878 0.0839927941560745 0.0922666564583778 0.165334567427635 0.227392643690109 0.188569456338882 0.281985819339752 0.182074666023254 0.135742127895355 0.203512281179428 0.207514256238937 0.188092246651649 0.267313778400421 0.260212630033493 0.26811021566391
0.00656723277643323 0.00656858179718256 0.00618862546980381 0.00656362902373075 0.00668656593188643 0.00806356128305197 0.00860272720456123 0.0237632561475039 0.0272379387170076 0.0283264666795731 0.029944846406579 0.0296593178063631 0.0308179147541523 0.0313399732112885 0.0321613922715187 0.033115528523922 0.0349910669028759 0.0366799123585224 0.0380969382822514 0.0420315787196159 0.0453590676188469 0.0446743704378605 0.050385057926178 0.0558437183499336 0.0533076636493206 0.0589335411787033 0.0624692887067795 0.0726953074336052 0.10720532387495 0.0875515043735504 0.103374533355236 0.185129463672638 0.212478637695312 0.242999151349068 0.262145072221756 0.258553147315979 0.272375285625458 0.242110699415207 0.182828843593597 0.245609909296036 0.27802512049675 0.288946986198425 0.266790807247162 0.29422327876091
0.00673984456807375 0.00660055782645941 0.00614509312435985 0.00635229470208287 0.0067126932553947 0.007200185675174 0.00827554520219564 0.00878423545509577 0.0254342555999756 0.0292423274368048 0.0301095824688673 0.0300261676311493 0.0313230194151402 0.0311598535627127 0.0298548210412264 0.0313601531088352 0.0346059203147888 0.0370859876275063 0.042587623000145 0.0445812158286572 0.047668494284153 0.0543063618242741 0.0569274686276913 0.0565667934715748 0.0616696290671825 0.0677628964185715 0.0835643708705902 0.0795871540904045 0.104110270738602 0.147642225027084 0.147693902254105 0.209003821015358 0.2357217669487 0.250833004713058 0.260946720838547 0.285135209560394 0.299740731716156 0.322873145341873 0.291041314601898 0.237334311008453 0.271827071905136 0.294592410326004 0.247122287750244 0.290651351213455
0.00660673389211297 0.00660232687368989 0.00609440077096224 0.00618984363973141 0.00604208232834935 0.00712991552427411 0.00800647586584091 0.00928697362542152 0.0261295810341835 0.0288328528404236 0.0288286916911602 0.0308939758688211 0.0326916724443436 0.0326756089925766 0.0323225185275078 0.0313916131854057 0.0366277880966663 0.0412121340632439 0.0448102839291096 0.0475462526082993 0.0543604046106339 0.0542908869683743 0.0597499422729015 0.0620107240974903 0.0758163258433342 0.0897136852145195 0.102580912411213 0.189944893121719 0.140868455171585 0.208222731947899 0.176218971610069 0.219267889857292 0.247607052326202 0.24532188475132 0.270201832056046 0.277618914842606 0.306256324052811 0.323454946279526 0.348609507083893 0.25190344452858 0.219531700015068 0.192510575056076 0.255049675703049 0.32042208313942
0.00660070078447461 0.00635737087577581 0.0058231120929122 0.00550804426893592 0.00591519335284829 0.00677940482273698 0.00835412368178368 0.00932980421930552 0.0244932342320681 0.028338722884655 0.0294509455561638 0.0310358442366123 0.0332268662750721 0.0339125916361809 0.033654760569334 0.0379257127642632 0.0399016812443733 0.0428435578942299 0.0477597080171108 0.0505742803215981 0.0622717589139938 0.0592497698962688 0.0629665777087212 0.0730160102248192 0.0832408741116524 0.117003560066223 0.198301792144775 0.167641505599022 0.205954819917679 0.211906641721725 0.233988285064697 0.219235971570015 0.248871371150017 0.255024790763855 0.281500488519669 0.296832978725433 0.314093589782715 0.325272381305695 0.358991712331772 0.266692489385605 0.185786098241806 0.155017390847206 0.20625564455986 0.335642486810684
0.00735836243256927 0.00721537740901113 0.00671050045639277 0.0064530554227531 0.00624075857922435 0.00699463859200478 0.00877803098410368 0.00956825353205204 0.0256869252771139 0.0278244093060493 0.0292644165456295 0.0325864776968956 0.0319324694573879 0.0355574861168861 0.0365830175578594 0.038615308701992 0.0442282557487488 0.0494533590972424 0.0515018738806248 0.0577645823359489 0.0769689232110977 0.0770851150155067 0.0732505768537521 0.102053165435791 0.144749984145164 0.13959838449955 0.205885887145996 0.2053302526474 0.221402570605278 0.222198382019997 0.229347467422485 0.248608082532883 0.261600017547607 0.280707746744156 0.296251595020294 0.30646276473999 0.316775679588318 0.347621291875839 0.382186830043793 0.253540962934494 0.210219115018845 0.234888449311256 0.241245463490486 0.370156317949295
0.00832560192793608 0.00861723627895117 0.00788394454866648 0.00740103656426072 0.00768816564232111 0.00906946416944265 0.00933717470616102 0.0107766864821315 0.0275543406605721 0.0286390297114849 0.0302566960453987 0.0305290259420872 0.0340409465134144 0.0353590063750744 0.0379582084715366 0.0417681485414505 0.0459781140089035 0.0597588941454887 0.0619253143668175 0.0665793642401695 0.079983115196228 0.126862585544586 0.126042932271957 0.179271787405014 0.190656334161758 0.190591901540756 0.206905782222748 0.238558754324913 0.249883189797401 0.25928857922554 0.252284377813339 0.275243163108826 0.292101383209229 0.300081759691238 0.308311402797699 0.317559063434601 0.337331205606461 0.32654944062233 0.405398577451706 0.375798523426056 0.300707936286926 0.326493352651596 0.403700649738312 0.430059909820557
0.0106544159352779 0.00984060298651457 0.00945701450109482 0.00899984035640955 0.00991921126842499 0.0105839287862182 0.0124750453978777 0.0129042426124215 0.0271442513912916 0.0291717760264874 0.0301308557391167 0.0316252484917641 0.0345119200646877 0.0375481620430946 0.0402980782091618 0.0450870953500271 0.0502238087356091 0.0616758689284325 0.0713497325778008 0.0807343795895576 0.118321500718594 0.138199374079704 0.173628598451614 0.205003440380096 0.192380845546722 0.200772166252136 0.209897384047508 0.24254184961319 0.260563015937805 0.269639134407043 0.285410761833191 0.288280457258224 0.291448384523392 0.327705234289169 0.320509225130081 0.256022423505783 0.340107828378677 0.226641520857811 0.387315601110458 0.460652083158493 0.44736722111702 0.358128756284714 0.436585038900375 0.427765816450119
0.0115599008277059 0.0106508648023009 0.011011547408998 0.0118755353614688 0.0124205471947789 0.025692081078887 0.0136317256838083 0.0140565223991871 0.0293545350432396 0.0293111503124237 0.030000826343894 0.029345253482461 0.0343258157372475 0.0373547859489918 0.0435918644070625 0.0468168556690216 0.0542642623186111 0.063264362514019 0.071447379887104 0.0762445107102394 0.0981486663222313 0.116920113563538 0.173636078834534 0.218626484274864 0.199221462011337 0.219032883644104 0.253442853689194 0.26569664478302 0.267233103513718 0.284572720527649 0.29527160525322 0.311551511287689 0.307784378528595 0.342597156763077 0.272518426179886 0.231995359063148 0.320466756820679 0.237062528729439 0.377494007349014 0.480715930461884 0.443930894136429 0.34532156586647 0.465183436870575 0.674859523773193
0.0142724271863699 0.0133342240005732 0.026174632832408 0.0278835725039244 0.0248205568641424 0.0275580734014511 0.0305378045886755 0.0161314997822046 0.031602893024683 0.0324417091906071 0.0300969146192074 0.0338203497231007 0.0359500348567963 0.0392900630831718 0.0476923920214176 0.0521191619336605 0.0641975700855255 0.0726644396781921 0.0800226852297783 0.0898137763142586 0.139795795083046 0.134269118309021 0.193277195096016 0.218595832586288 0.219805851578712 0.248724788427353 0.267201453447342 0.278012126684189 0.286644279956818 0.304581075906754 0.311084449291229 0.310659199953079 0.332301586866379 0.349346995353699 0.240176916122437 0.24379488825798 0.316522687673569 0.192698493599892 0.217669308185577 0.506233096122742 0.665339350700378 0.372215270996094 0.342086464166641 0.728601098060608
0.0168586280196905 0.0176945738494396 0.0308790188282728 0.0333351716399193 0.0343253649771214 0.0373107194900513 0.021114194765687 0.0358041413128376 0.0356333516538143 0.0328434333205223 0.0321925319731236 0.0362603180110455 0.0377712696790695 0.0416580773890018 0.0581413358449936 0.0700606107711792 0.11007072031498 0.100232794880867 0.10639788210392 0.135949224233627 0.157583951950073 0.203583061695099 0.213354602456093 0.233921408653259 0.210388734936714 0.259447604417801 0.284304112195969 0.278923779726028 0.300437092781067 0.313790410757065 0.33197757601738 0.336205542087555 0.348969310522079 0.375916838645935 0.2116469591856 0.299584180116653 0.325686126947403 0.404478579759598 0.315049380064011 0.522957265377045 0.760286569595337 0.400595813989639 0.337509632110596 0.698804140090942
0.0206983126699924 0.0219795051962137 0.0375866070389748 0.0363934226334095 0.0396465845406055 0.0401308536529541 0.0416912883520126 0.0396423973143101 0.0362070165574551 0.0334859453141689 0.0370565690100193 0.0391075573861599 0.0402045622467995 0.0550745166838169 0.0767682269215584 0.0871177911758423 0.125557705760002 0.124179854989052 0.143503949046135 0.214216575026512 0.240418925881386 0.239860698580742 0.243787661194801 0.247816234827042 0.211712539196014 0.257691740989685 0.283482998609543 0.294320583343506 0.306724339723587 0.330632716417313 0.332603186368942 0.35860338807106 0.377885013818741 0.213034257292747 0.18861036002636 0.216815799474716 0.27786460518837 0.486531227827072 0.378344893455505 0.495528429746628 0.519337475299835 0.299466967582703 0.371212393045425 0.549550354480743
0.0249808486551046 0.0240863990038633 0.0434028655290604 0.0430726669728756 0.0445929616689682 0.0457030907273293 0.0410876162350178 0.0406440421938896 0.0365724563598633 0.0387979969382286 0.042326956987381 0.0464194044470787 0.0513544157147408 0.0785961449146271 0.106348745524883 0.12739460170269 0.121171742677689 0.136873990297318 0.217817828059196 0.244341269135475 0.210853829979897 0.220637500286102 0.225128382444382 0.23368376493454 0.220076322555542 0.241212517023087 0.256024986505508 0.289158314466476 0.275023758411407 0.324828743934631 0.355743288993835 0.375005722045898 0.251888036727905 0.16876432299614 0.170530691742897 0.392395049333572 0.494362652301788 0.378456562757492 0.547921776771545 0.53305572271347 0.529184937477112 0.278107821941376 0.352013975381851 0.47778531908989
0.028475996106863 0.0479680262506008 0.0532413423061371 0.0480259917676449 0.0512479990720749 0.0432005785405636 0.0416672900319099 0.0450733080506325 0.0411503724753857 0.0476229414343834 0.0516317933797836 0.065236322581768 0.0637172386050224 0.0905606746673584 0.18672576546669 0.179086223244667 0.163143426179886 0.153950318694115 0.206209316849709 0.230481758713722 0.230635240674019 0.262043982744217 0.236475065350533 0.258883833885193 0.287124156951904 0.279233157634735 0.26040107011795 0.243018761277199 0.259446114301682 0.336500465869904 0.378358274698257 0.257713466882706 0.140993386507034 0.15623351931572 0.15531949698925 0.360460758209229 0.524994671344757 0.492495357990265 0.600125730037689 0.4361492395401 0.422311246395111 0.29446467757225 0.357176452875137 0.490376740694046
0.0527825951576233 0.0559877641499043 0.0574076399207115 0.05905681848526 0.0536900795996189 0.0516676157712936 0.0490230657160282 0.0487351268529892 0.0530536510050297 0.053844042122364 0.077665738761425 0.120549842715263 0.159395202994347 0.250075966119766 0.226745903491974 0.225438356399536 0.21394407749176 0.245133966207504 0.267571330070496 0.273830235004425 0.274830877780914 0.270329743623734 0.278429716825485 0.279384940862656 0.311902225017548 0.259060710668564 0.312417149543762 0.27667498588562 0.285806328058243 0.360038638114929 0.312006652355194 0.183850347995758 0.0935386642813683 0.107218034565449 0.181379497051239 0.453833103179932 0.490713387727737 0.567888796329498 0.533007383346558 0.491363644599915 0.278153896331787 0.291021108627319 0.33451521396637 0.447951376438141
0.0581736601889133 0.0668829679489136 0.0572211965918541 0.0618491172790527 0.058337464928627 0.0598490387201309 0.0562860779464245 0.0574384182691574 0.0656942129135132 0.0965872257947922 0.256239175796509 0.264422714710236 0.295407474040985 0.288910031318665 0.285069197416306 0.254201352596283 0.244110628962517 0.255395203828812 0.267205327749252 0.264725983142853 0.289491564035416 0.294526219367981 0.298359602689743 0.298094511032104 0.305874198675156 0.28637832403183 0.271745353937149 0.316507995128632 0.300020933151245 0.354159027338028 0.436547607183456 0.13035523891449 0.0714531689882278 0.0860390216112137 0.220081195235252 0.531026303768158 0.466001719236374 0.573428213596344 0.54894745349884 0.325554877519608 0.262251764535904 0.264451265335083 0.304459154605865 0.451364040374756
0.0740105882287025 0.0738002508878708 0.0737613141536713 0.0635139420628548 0.0652936547994614 0.0794657021760941 0.112907968461514 0.0711636692285538 0.083587110042572 0.134611159563065 0.335024565458298 0.323374509811401 0.32703685760498 0.306404143571854 0.304140567779541 0.302520513534546 0.271195083856583 0.298885375261307 0.321765184402466 0.312876224517822 0.306016772985458 0.325444608926773 0.329206556081772 0.331587493419647 0.334043741226196 0.340073645114899 0.345134645700455 0.375194579362869 0.39296081662178 0.400799989700317 0.468170762062073 0.207781344652176 0.0577020086348057 0.105359703302383 0.293719559907913 0.593723952770233 0.624572515487671 0.465381175279617 0.385323464870453 0.329442590475082 0.295665860176086 0.281905472278595 0.340435832738876 0.453358888626099
0.106796756386757 0.0927456170320511 0.089309461414814 0.0978681892156601 0.0848135873675346 0.093840517103672 0.146274223923683 0.0911404713988304 0.100113473832607 0.149242848157883 0.377283483743668 0.35250723361969 0.335900396108627 0.331766486167908 0.337249875068665 0.328702986240387 0.318118959665298 0.334927946329117 0.346648961305618 0.327705800533295 0.351345270872116 0.34591007232666 0.351005405187607 0.378874570131302 0.383573323488235 0.375487178564072 0.390697568655014 0.428350657224655 0.431293457746506 0.468838006258011 0.479203522205353 0.136327609419823 0.0653470680117607 0.131891280412674 0.392690747976303 0.621651470661163 0.629152595996857 0.410936176776886 0.272712409496307 0.257475793361664 0.375204235315323 0.415942549705505 0.392276763916016 0.478616505861282
