data/climate_estimation/maxent_output/Smilax_darrisii.asc
NCOLS 90 
NROWS 46 
XLLCORNER 98.5833333333333 
YLLCORNER 26.1666666666667 
CELLSIZE 0.0833333333333333 
NODATA_value -3.4e+38 
[rows 0 to 19 of 46, columns 44 to 87 of 90]
0.831019163131714 0.664950788021088 0.613456547260284 0.597796261310577 0.626206696033478 0.582122325897217 0.548170983791351 0.558831751346588 0.554510056972504 0.564038395881653 0.541091322898865 0.560153007507324 0.537618041038513 0.528998792171478 0.530248284339905 0.525490462779999 0.515027344226837 0.48926255106926 0.472262650728226 0.469887435436249 0.466548353433609 0.480152457952499 0.454287439584732 0.434096455574036 0.425677835941315 0.412275731563568 0.400407880544662 0.382143378257751 0.364494144916534 0.351170241832733 0.352267444133759 0.32971316576004 0.324956685304642 0.310340046882629 0.302792221307755 0.294860780239105 0.279665917158127 0.268092691898346 0.246365040540695 0.235115230083466 0.225619181990623 0.2251345962286 0.208476200699806 0.194892570376396
0.829452097415924 0.735187709331512 0.717067718505859 0.646915912628174 0.607415437698364 0.569854080677032 0.561230540275574 0.543546199798584 0.570502817630768 0.566424012184143 0.580269813537598 0.540722668170929 0.532166004180908 0.523342788219452 0.523475527763367 0.526953816413879 0.500685036182404 0.488723188638687 0.470824033021927 0.456447839736938 0.464802414178848 0.466864794492722 0.436429381370544 0.428660184144974 0.411234438419342 0.402832448482513 0.400676101446152 0.375583052635193 0.360113710165024 0.342016816139221 0.33174803853035 0.321584284305573 0.305320620536804 0.297996014356613 0.294721573591232 0.292351722717285 0.273464322090149 0.263605654239655 0.251384824514389 0.249878957867622 0.240763619542122 0.231901690363884 0.20627661049366 0.197282552719116
0.75326669216156 0.852748692035675 0.630891382694244 0.588704526424408 0.561841607093811 0.549028813838959 0.526730060577393 0.556693017482758 0.612013459205627 0.587801218032837 0.569971919059753 0.543630123138428 0.567812561988831 0.54698771238327 0.535538554191589 0.517265677452087 0.500545620918274 0.481757342815399 0.465045124292374 0.469429612159729 0.465203106403351 0.448376387357712 0.427459508180618 0.412753075361252 0.406759172677994 0.410787135362625 0.410154908895493 0.390866190195084 0.363361120223999 0.341690570116043 0.321374714374542 0.303898811340332 0.298845291137695 0.292650073766708 0.286829143762589 0.276263803243637 0.269678503274918 0.257438063621521 0.247484609484673 0.256764054298401 0.245778277516365 0.238757401704788 0.219796240329742 0.198106423020363
0.828881919384003 0.742770493030548 0.742931485176086 0.612978935241699 0.690329968929291 0.625701487064362 0.545250654220581 0.568905413150787 0.668962359428406 0.577130138874054 0.600660681724548 0.563465535640717 0.584394514560699 0.573041319847107 0.558976650238037 0.514102101325989 0.482009142637253 0.478511720895767 0.458666771650314 0.466977268457413 0.446942061185837 0.427127599716187 0.414227157831192 0.411679267883301 0.408455640077591 0.411545246839523 0.42438992857933 0.399686187505722 0.379224985837936 0.36947563290596 0.334671795368195 0.301313519477844 0.288167953491211 0.285646826028824 0.280875831842422 0.27140748500824 0.262877196073532 0.246458858251572 0.246725484728813 0.24352616071701 0.234349742531776 0.227569058537483 0.21489791572094 0.19635534286499
0.855239868164062 0.748123347759247 0.601575016975403 0.696165204048157 0.7873694896698 0.759435176849365 0.594489097595215 0.647618889808655 0.739057660102844 0.596656620502472 0.605859935283661 0.576751947402954 0.597425580024719 0.587068796157837 0.545913934707642 0.49484121799469 0.466485559940338 0.446209728717804 0.438445389270782 0.438542187213898 0.429526418447495 0.414237201213837 0.403997838497162 0.406090766191483 0.40672841668129 0.424857795238495 0.421800941228867 0.384122908115387 0.383270293474197 0.346408545970917 0.316306829452515 0.296065151691437 0.277821242809296 0.27676048874855 0.277273714542389 0.263911545276642 0.256564646959305 0.247481420636177 0.241935387253761 0.242865845561028 0.224228948354721 0.218942582607269 0.21240571141243 0.199572965502739
0.881316184997559 0.766763627529144 0.636874854564667 0.559458911418915 0.587019801139832 0.839827299118042 0.781745374202728 0.833981513977051 0.727843046188354 0.753306865692139 0.665310680866241 0.762741386890411 0.780083894729614 0.65112316608429 0.527419209480286 0.488615334033966 0.439665198326111 0.423131972551346 0.425361007452011 0.418936997652054 0.40921476483345 0.402830123901367 0.401766389608383 0.396249204874039 0.409547090530396 0.421519815921783 0.397061556577682 0.361967474222183 0.325245767831802 0.300726562738419 0.295838534832001 0.280239880084991 0.268033027648926 0.269433110952377 0.269430965185165 0.263056546449661 0.250894814729691 0.248476386070251 0.241706117987633 0.231458887457848 0.223145470023155 0.214688524603844 0.214807480573654 0.212301030755043
0.753643989562988 0.883703589439392 0.842081189155579 0.659844040870667 0.512251436710358 0.785581946372986 0.92592591047287 0.92975252866745 0.881273031234741 0.88107168674469 0.866213619709015 0.787514090538025 0.727859199047089 0.583490192890167 0.565349698066711 0.491542041301727 0.437653213739395 0.415765523910522 0.405502557754517 0.402603954076767 0.399133861064911 0.394740551710129 0.391087353229523 0.390487134456635 0.400938332080841 0.357749968767166 0.344326287508011 0.326084941625595 0.306345105171204 0.293687433004379 0.287516564130783 0.276601672172546 0.271078079938889 0.26699110865593 0.265316516160965 0.26112499833107 0.256884187459946 0.246894687414169 0.236397087574005 0.22374165058136 0.213802665472031 0.213978603482246 0.215634688735008 0.196952894330025
0.653951227664948 0.845952391624451 0.71272599697113 0.66745787858963 0.495913296937943 0.581186652183533 0.795970737934113 0.883693516254425 0.834290742874146 0.773499608039856 0.77141010761261 0.711110293865204 0.551907122135162 0.579163074493408 0.580730855464935 0.506776630878448 0.463657587766647 0.428834319114685 0.403887033462524 0.407341033220291 0.400957494974136 0.399694919586182 0.382869988679886 0.367207795381546 0.349507540464401 0.337957948446274 0.32840022444725 0.318534433841705 0.30683171749115 0.292290955781937 0.281528979539871 0.270973324775696 0.267170280218124 0.258247792720795 0.257128536701202 0.260983943939209 0.248044401407242 0.240868911147118 0.233722656965256 0.218401119112968 0.213940620422363 0.214331164956093 0.211383208632469 0.196308419108391
0.532006680965424 0.65344774723053 0.519817292690277 0.525256276130676 0.511232793331146 0.54128634929657 0.559275507926941 0.632031381130219 0.782383680343628 0.718670547008514 0.565821647644043 0.616166114807129 0.51945036649704 0.52255767583847 0.532236278057098 0.50181770324707 0.460957139730453 0.452741354703903 0.416990250349045 0.386395007371902 0.387977361679077 0.37238273024559 0.362701684236526 0.347157001495361 0.339294880628586 0.333391547203064 0.326283484697342 0.305882930755615 0.299872815608978 0.293311715126038 0.281613022089005 0.266069948673248 0.262002259492874 0.253842234611511 0.253246814012527 0.247124493122101 0.23612841963768 0.224360153079033 0.217994704842567 0.226292744278908 0.21498030424118 0.219405516982079 0.198778986930847 0.197198569774628
0.588862776756287 0.534816563129425 0.699435591697693 0.713085889816284 0.735280156135559 0.748979151248932 0.624578714370728 0.571236371994019 0.73808091878891 0.586894929409027 0.576552331447601 0.523619174957275 0.590050101280212 0.625237464904785 0.606400609016418 0.519927322864532 0.4812171459198 0.455454021692276 0.433869630098343 0.393956393003464 0.364607185125351 0.35601282119751 0.36338883638382 0.348448395729065 0.330465286970139 0.323792278766632 0.313124686479568 0.306984513998032 0.307528734207153 0.29716569185257 0.282477349042892 0.268600583076477 0.254185348749161 0.247738853096962 0.248437628149986 0.239365071058273 0.229460164904594 0.218014121055603 0.221887618303299 0.214271530508995 0.211413457989693 0.209295764565468 0.210706278681755 0.189049109816551
0.743924021720886 0.654414415359497 0.769296824932098 0.830571949481964 0.793678820133209 0.793536305427551 0.760198771953583 0.650207042694092 0.782211124897003 0.690874397754669 0.60183721780777 0.610915422439575 0.702576160430908 0.875068366527557 0.641079366207123 0.549224615097046 0.458847612142563 0.42536336183548 0.448336184024811 0.373692870140076 0.35527315735817 0.345576137304306 0.353067189455032 0.336812406778336 0.329526156187057 0.309733986854553 0.309385448694229 0.304307639598846 0.295169562101364 0.292411535978317 0.279100328683853 0.263032346963882 0.248495623469353 0.244486972689629 0.241030424833298 0.234233543276787 0.222730800509453 0.216870784759521 0.209494158625603 0.209115296602249 0.207672789692879 0.202087625861168 0.194277003407478 0.187293738126755
0.827317237854004 0.795047521591187 0.881541907787323 0.817335844039917 0.686343491077423 0.585081338882446 0.613500356674194 0.885322391986847 0.941820502281189 0.781317412853241 0.644124686717987 0.686350703239441 0.891507625579834 0.81785261631012 0.665658533573151 0.57901132106781 0.506287395954132 0.409412562847137 0.449758052825928 0.379412174224854 0.360750615596771 0.34830367565155 0.341499924659729 0.325959026813507 0.319555461406708 0.310451596975327 0.305136322975159 0.299866646528244 0.292647898197174 0.290890336036682 0.276017397642136 0.271152913570404 0.258615285158157 0.24498151242733 0.230663701891899 0.222607776522636 0.215570390224457 0.210227191448212 0.20750367641449 0.203883200883865 0.202694699168205 0.197672054171562 0.187509521842003 0.179229646921158
0.797976553440094 0.940386891365051 0.979430258274078 0.883308053016663 0.756350457668304 0.565405964851379 0.574431240558624 0.919127106666565 0.982687532901764 0.838367581367493 0.802429258823395 0.799252688884735 0.916646182537079 0.737736344337463 0.529527962207794 0.458382487297058 0.460448920726776 0.424304813146591 0.506894886493683 0.400699824094772 0.384942948818207 0.377262324094772 0.385081350803375 0.325655221939087 0.310178577899933 0.310347825288773 0.304927438497543 0.295017629861832 0.291310518980026 0.285482913255692 0.278665512800217 0.2636798620224 0.257076561450958 0.24296048283577 0.231915429234505 0.221648469567299 0.210908532142639 0.203447252511978 0.202822282910347 0.196871817111969 0.19651372730732 0.194285005331039 0.187828823924065 0.179191052913666
0.881273090839386 0.962505519390106 0.995301842689514 0.817118644714355 0.691007912158966 0.617459297180176 0.609049081802368 0.883335769176483 0.95231693983078 0.803365051746368 0.895364224910736 0.808882534503937 0.708992958068848 0.619889914989471 0.516185879707336 0.447651565074921 0.510751485824585 0.523946702480316 0.534184873104095 0.452006369829178 0.39192733168602 0.382670760154724 0.439181864261627 0.390231817960739 0.310301691293716 0.306467682123184 0.308293849229813 0.299631178379059 0.285086333751678 0.282613188028336 0.261000066995621 0.267130792140961 0.246389240026474 0.236042395234108 0.227009788155556 0.220029890537262 0.211387306451797 0.200261875987053 0.195915073156357 0.192152634263039 0.189234629273415 0.185388267040253 0.186130583286285 0.183525025844574
0.854910373687744 0.983134269714355 0.970282196998596 0.757000029087067 0.766811192035675 0.867071509361267 0.8057501912117 0.825788080692291 0.950697362422943 0.84063732624054 0.948497474193573 0.786321640014648 0.713883340358734 0.582582414150238 0.557787835597992 0.442761868238449 0.488942354917526 0.497922718524933 0.474696129560471 0.486703872680664 0.449963957071304 0.391941368579865 0.43687579035759 0.475717782974243 0.35259222984314 0.297770500183105 0.289440304040909 0.283426821231842 0.281274646520615 0.278461426496506 0.258697032928467 0.255876421928406 0.244593009352684 0.231918960809708 0.225288525223732 0.215011462569237 0.210220441222191 0.199138611555099 0.202577158808708 0.205247983336449 0.199829146265984 0.192976415157318 0.18488784134388 0.181702628731728
0.880687236785889 0.997205674648285 0.826568901538849 0.671424210071564 0.782927215099335 0.941327333450317 0.875739455223083 0.898029267787933 0.975562036037445 0.904866337776184 0.84528523683548 0.859222173690796 0.925369679927826 0.697944164276123 0.489560127258301 0.441518723964691 0.478616833686829 0.461787939071655 0.444577038288116 0.401405662298203 0.488756954669952 0.480790197849274 0.419572502374649 0.393230736255646 0.399912476539612 0.335548102855682 0.312940776348114 0.281982660293579 0.291196465492249 0.277260780334473 0.271066725254059 0.261678010225296 0.245996102690697 0.235752061009407 0.2307990193367 0.228229820728302 0.228050246834755 0.210617437958717 0.209973201155663 0.220904752612114 0.211274325847626 0.18497259914875 0.193909555673599 0.186673328280449
0.92879331111908 0.987825453281403 0.767917931079865 0.728622794151306 0.750461935997009 0.960502624511719 0.954692363739014 0.986597716808319 0.973073840141296 0.938350081443787 0.893663763999939 0.977896213531494 0.945049643516541 0.661998450756073 0.514218330383301 0.531052827835083 0.507703244686127 0.464588552713394 0.483990699052811 0.383342325687408 0.36468032002449 0.412336081266403 0.366377055644989 0.369494259357452 0.349135667085648 0.330890566110611 0.305363446474075 0.302349627017975 0.282814025878906 0.279354453086853 0.272327780723572 0.251168608665466 0.240803897380829 0.241885289549828 0.234917908906937 0.23609933257103 0.225038230419159 0.22103787958622 0.226987048983574 0.251179903745651 0.229568317532539 0.192791178822517 0.233020663261414 0.269063830375671
0.971154272556305 0.970031440258026 0.749742269515991 0.771598756313324 0.765042304992676 0.929065823554993 0.947779536247253 0.978466868400574 0.8987677693367 0.875123381614685 0.853175759315491 0.973081171512604 0.90940797328949 0.596135199069977 0.561607539653778 0.561486423015594 0.514382719993591 0.471436202526093 0.427645474672318 0.471988469362259 0.409391105175018 0.49185499548912 0.465799182653427 0.412069767713547 0.340073257684708 0.306498497724533 0.311745345592499 0.297855973243713 0.289405405521393 0.275964826345444 0.272051930427551 0.249217748641968 0.237601682543755 0.242184475064278 0.238472834229469 0.244601622223854 0.225824162364006 0.21390289068222 0.220343679189682 0.224158585071564 0.207258433103561 0.192789122462273 0.212211340665817 0.235531941056252
0.947570443153381 0.923157215118408 0.862029135227203 0.81444901227951 0.77495926618576 0.846758365631104 0.935181319713593 0.931530237197876 0.810244560241699 0.830378949642181 0.83404141664505 0.975411117076874 0.847998678684235 0.745881795883179 0.632060647010803 0.488943576812744 0.62031364440918 0.53859555721283 0.474885523319244 0.488298177719116 0.524954199790955 0.488758862018585 0.494597941637039 0.434360712766647 0.336338818073273 0.319909870624542 0.306115716695786 0.283256143331528 0.311937868595123 0.289671808481216 0.266791760921478 0.252470672130585 0.250840067863464 0.261623829603195 0.242132008075714 0.245078861713409 0.235144957900047 0.236055985093117 0.255275279283524 0.241067171096802 0.241950199007988 0.256753623485565 0.240084454417229 0.248889222741127
0.784592807292938 0.84233558177948 0.878324627876282 0.893589377403259 0.799966394901276 0.844315528869629 0.910184025764465 0.89152330160141 0.755179524421692 0.76026976108551 0.766943216323853 0.905922412872314 0.8267862200737 0.784706592559814 0.592346787452698 0.634177684783936 0.750810444355011 0.688861429691315 0.528343558311462 0.44085881114006 0.50924426317215 0.557000458240509 0.48890295624733 0.441972643136978 0.343723118305206 0.329375773668289 0.312989056110382 0.290665000677109 0.317245960235596 0.338403612375259 0.287739753723145 0.269819110631943 0.255208343267441 0.244945243000984 0.237364590167999 0.234249696135521 0.230685397982597 0.217285111546516 0.231878161430359 0.224545553326607 0.234471544623375 0.272778928279877 0.314437627792358 0.294102877378464
