data/climate_estimation/maxent_output/Smilax_ocreata.asc
NCOLS 241 
NROWS 183 
XLLCORNER 93.8333333333333 
YLLCORNER 14.4166666666667 
CELLSIZE 0.0833333333333333 
NODATA_value -3.4e+38 
[rows 20 to 39 of 183, columns 135 to 179 of 241]
0.243904635310173 0.225216716527939 0.214745193719864 0.205871880054474 0.193831205368042 0.189867660403252 0.177396297454834 0.172806456685066 0.160868421196938 0.143732234835625 0.14073720574379 0.151711568236351 0.1380615234375 0.13290998339653 0.137576729059219 0.146485865116119 0.137911707162857 0.144419953227043 0.135085597634315 0.132548302412033 0.130075573921204 0.14107871055603 0.134055346250534 0.139199674129486 0.152067258954048 0.14189824461937 0.145072489976883 0.131460562348366 0.151139557361603 0.140900328755379 0.145139381289482 0.146097093820572 0.146799117326736 0.129644811153412 0.126077428460121 0.11884868144989 0.100534275174141 0.114878818392754 0.101053707301617 0.0928981527686119 0.0963418707251549 0.0923480689525604 0.102859020233154 0.11430961638689 0.0975561216473579
0.238617792725563 0.227528363466263 0.214031413197517 0.199714332818985 0.184527218341827 0.183908000588417 0.179544642567635 0.170259743928909 0.165474221110344 0.15370437502861 0.152967736124992 0.147339060902596 0.143302395939827 0.144552677869797 0.137749627232552 0.163826778531075 0.144040256738663 0.136993154883385 0.138041749596596 0.142493262887001 0.130737438797951 0.136530473828316 0.140296757221222 0.13855342566967 0.141243726015091 0.166618838906288 0.152920842170715 0.153697803616524 0.139346048235893 0.148817747831345 0.166315093636513 0.149991407990456 0.149865537881851 0.146857768297195 0.125822573900223 0.13030917942524 0.12008348852396 0.104981698095798 0.100857824087143 0.0934524163603783 0.0868058875203133 0.0929894372820854 0.100551910698414 0.109620079398155 0.0911610648036003
0.220257788896561 0.211882933974266 0.192552372813225 0.195408344268799 0.197863921523094 0.181444197893143 0.17883612215519 0.167316511273384 0.16777765750885 0.156183958053589 0.165455043315887 0.175630614161491 0.150757297873497 0.154233992099762 0.165915250778198 0.161550432443619 0.151040583848953 0.142523437738419 0.143100216984749 0.144959270954132 0.153365612030029 0.144673049449921 0.151910245418549 0.162788823246956 0.167333900928497 0.184836328029633 0.159797698259354 0.166797012090683 0.179535135626793 0.178134694695473 0.156652018427849 0.149016201496124 0.150331735610962 0.15695121884346 0.139712452888489 0.13523568212986 0.127426281571388 0.124880641698837 0.100513868033886 0.0890339761972427 0.0865932479500771 0.0884225144982338 0.0992980673909187 0.0946776419878006 0.0946634337306023
0.221845135092735 0.208657905459404 0.206820651888847 0.204527050256729 0.201521426439285 0.184287965297699 0.171814396977425 0.180168479681015 0.18537500500679 0.18379470705986 0.173237010836601 0.176010981202126 0.175427988171577 0.168844640254974 0.174484387040138 0.166030466556549 0.16086657345295 0.164522379636765 0.150825992226601 0.159432739019394 0.146028116345406 0.157112598419189 0.165910840034485 0.176813751459122 0.172057181596756 0.179764911532402 0.171317085623741 0.191694661974907 0.184178382158279 0.186150148510933 0.157154843211174 0.142600491642952 0.161722809076309 0.161751449108124 0.14157372713089 0.141258582472801 0.131017729640007 0.128110527992249 0.10080710798502 0.0898953303694725 0.0881554111838341 0.0887202993035316 0.090006060898304 0.0927596837282181 0.097565084695816
0.225248456001282 0.213869839906693 0.191455006599426 0.194785237312317 0.184812217950821 0.18609955906868 0.166371062397957 0.179339438676834 0.180697426199913 0.185466766357422 0.192277848720551 0.168923929333687 0.176989361643791 0.185316562652588 0.192278414964676 0.174851506948471 0.170496374368668 0.177026733756065 0.162360221147537 0.166104897856712 0.158700525760651 0.170394629240036 0.177181959152222 0.172766849398613 0.201051905751228 0.189793616533279 0.189611434936523 0.18876451253891 0.168220549821854 0.194448903203011 0.167370066046715 0.167370066046715 0.161264002323151 0.149003878235817 0.146599724888802 0.139973521232605 0.118062846362591 0.112348847091198 0.0885669365525246 0.0784803330898285 0.081539086997509 0.0839906185865402 0.0765831470489502 0.0801696702837944 0.0848655626177788
0.227718368172646 0.197327435016632 0.203772276639938 0.188151851296425 0.182521596550941 0.188086718320847 0.179752722382545 0.194227859377861 0.190012753009796 0.193786159157753 0.205641359090805 0.196191310882568 0.197441831231117 0.191796481609344 0.20251002907753 0.206366896629333 0.190340504050255 0.195792019367218 0.181579247117043 0.181028723716736 0.172144770622253 0.178559318184853 0.187567532062531 0.179702252149582 0.200791448354721 0.208689883351326 0.19088488817215 0.183820590376854 0.187696054577827 0.203177839517593 0.175955161452293 0.154807716608047 0.145485267043114 0.154877096414566 0.14509978890419 0.118279084563255 0.112567573785782 0.102536723017693 0.0911041498184204 0.0755816027522087 0.0738978832960129 0.0882009267807007 0.0780582278966904 0.0876210629940033 0.0836725309491158
0.227541863918304 0.235733509063721 0.21968711912632 0.204206958413124 0.194281622767448 0.20399796962738 0.213683888316154 0.20955117046833 0.205838263034821 0.207452461123466 0.221414834260941 0.212507307529449 0.21555107831955 0.23134346306324 0.217103898525238 0.222897291183472 0.211954846978188 0.211949050426483 0.199776381254196 0.204536631703377 0.20482924580574 0.189692661166191 0.197048678994179 0.201714009046555 0.210642099380493 0.212678626179695 0.199000239372253 0.192839160561562 0.203714653849602 0.210235103964806 0.186254277825356 0.19046089053154 0.180718913674355 0.157345861196518 0.140014976263046 0.124077454209328 0.121898598968983 0.108349345624447 0.0924082100391388 0.0734419226646423 0.0831881240010262 0.0749802514910698 0.0722661763429642 0.0758176445960999 0.0819944813847542
0.276542603969574 0.276722103357315 0.217616483569145 0.215393468737602 0.210449740290642 0.220583826303482 0.214183747768402 0.234138503670692 0.23175998032093 0.24211274087429 0.240446150302887 0.251717984676361 0.246550112962723 0.243188783526421 0.252290397882462 0.240078791975975 0.246529877185822 0.231100857257843 0.236005902290344 0.217148512601852 0.227020785212517 0.225719928741455 0.216365709900856 0.223556324839592 0.216176941990852 0.230535298585892 0.207026794552803 0.214454352855682 0.221949458122253 0.215809643268585 0.219087302684784 0.190453097224236 0.189344227313995 0.16214844584465 0.133961915969849 0.130803644657135 0.110752619802952 0.106904454529285 0.0972662270069122 0.0781438797712326 0.0642932206392288 0.065715990960598 0.0718552693724632 0.0756063908338547 0.0827279388904572
0.325160950422287 0.267145425081253 0.208340153098106 0.207749724388123 0.213417068123817 0.217768490314484 0.230011463165283 0.255168527364731 0.264274716377258 0.283855110406876 0.281039178371429 0.28005114197731 0.274226367473602 0.285969942808151 0.27864083647728 0.276573896408081 0.263625293970108 0.269337296485901 0.257889926433563 0.260499596595764 0.249185219407082 0.243603765964508 0.247340932488441 0.232669427990913 0.235495895147324 0.240974113345146 0.247044801712036 0.233312979340553 0.212828367948532 0.212039440870285 0.197663635015488 0.195665955543518 0.194315940141678 0.173869222402573 0.15205317735672 0.1339450776577 0.130165293812752 0.107627376914024 0.0911393165588379 0.0876235589385033 0.069049060344696 0.0623651035130024 0.0661289244890213 0.0670509487390518 0.0715054795145988
0.296599119901657 0.248063787817955 0.244178101420403 0.220686003565788 0.245308086276054 0.246843501925468 0.278498023748398 0.295457094907761 0.314729660749435 0.313306272029877 0.312415361404419 0.306031286716461 0.334443122148514 0.314556479454041 0.329512536525726 0.318646758794785 0.316282540559769 0.296253025531769 0.305689066648483 0.278611242771149 0.258743941783905 0.261356472969055 0.260761827230453 0.263604581356049 0.252176105976105 0.24899610877037 0.250842094421387 0.249774426221848 0.222975894808769 0.220678016543388 0.196364805102348 0.194882839918137 0.179395765066147 0.188230127096176 0.15114438533783 0.138486444950104 0.120289653539658 0.108913563191891 0.105439394712448 0.0906872451305389 0.0762785151600838 0.0665640830993652 0.0601430758833885 0.0628798007965088 0.0697042196989059
0.283751100301743 0.288655310869217 0.303713768720627 0.295603007078171 0.316676795482635 0.300301045179367 0.336683064699173 0.335644334554672 0.363465696573257 0.354347854852676 0.375301390886307 0.372265011072159 0.387379944324493 0.375180155038834 0.359549105167389 0.338606417179108 0.350466966629028 0.348503023386002 0.32486817240715 0.301957309246063 0.29783433675766 0.299496233463287 0.275117099285126 0.281404614448547 0.283384174108505 0.25499027967453 0.248823940753937 0.247026652097702 0.233622968196869 0.221470400691032 0.202824354171753 0.202589362859726 0.187863036990166 0.176228106021881 0.1548962444067 0.151947811245918 0.131063759326935 0.117649808526039 0.0967562943696976 0.0837298482656479 0.0787772610783577 0.0645167008042336 0.0613254457712173 0.0631894022226334 0.0685171559453011
0.354962855577469 0.344193696975708 0.346917897462845 0.373255521059036 0.388188272714615 0.37343168258667 0.39443251490593 0.396882563829422 0.40521252155304 0.408586591482162 0.43578514456749 0.426625519990921 0.42676454782486 0.414337188005447 0.416048675775528 0.398268312215805 0.399656772613525 0.379038900136948 0.370992690324783 0.347190171480179 0.343341112136841 0.314295530319214 0.320702254772186 0.30156010389328 0.295421898365021 0.271721392869949 0.263478547334671 0.257695645093918 0.2343410551548 0.229827046394348 0.207091331481934 0.211004480719566 0.208900481462479 0.190966740250587 0.185223802924156 0.164300993084908 0.149330839514732 0.127359986305237 0.127791509032249 0.118734300136566 0.0860109999775887 0.0606765523552895 0.0583634451031685 0.0655614286661148 0.0753867253661156
0.409375637769699 0.417723596096039 0.413778871297836 0.438838273286819 0.430421024560928 0.461578011512756 0.469840675592422 0.496200352907181 0.490247339010239 0.485347241163254 0.50825035572052 0.498962581157684 0.487029582262039 0.488618135452271 0.461746126413345 0.436472952365875 0.437743484973907 0.433424443006516 0.40064936876297 0.39842888712883 0.367404013872147 0.372656106948853 0.341488480567932 0.307899326086044 0.307729005813599 0.302739858627319 0.29941925406456 0.269913673400879 0.26793909072876 0.240204423666 0.218309506773949 0.222881346940994 0.201027512550354 0.189685627818108 0.168061852455139 0.16863277554512 0.148888766765594 0.135608091950417 0.11144608259201 0.102434985339642 0.0803764015436172 0.0639414340257645 0.0617082938551903 0.0664712637662888 0.0752279683947563
0.499672383069992 0.518402576446533 0.505304515361786 0.510652601718903 0.53561270236969 0.532329559326172 0.562184572219849 0.578711807727814 0.580430567264557 0.587628781795502 0.566662490367889 0.574954450130463 0.564786851406097 0.541762351989746 0.538920819759369 0.50254887342453 0.506076097488403 0.487661212682724 0.459010869264603 0.429669886827469 0.427842885255814 0.396220296621323 0.358133047819138 0.355776369571686 0.325683206319809 0.32305634021759 0.315611362457275 0.279244661331177 0.257621765136719 0.250719875097275 0.227213069796562 0.228503718972206 0.221244812011719 0.194949120283127 0.188550069928169 0.167924150824547 0.144527465105057 0.143979236483574 0.134915396571159 0.111285373568535 0.0841516554355621 0.0771975219249725 0.0795223340392113 0.0789452865719795 0.0829576849937439
0.592995882034302 0.602807104587555 0.600481152534485 0.614740371704102 0.623268783092499 0.637439787387848 0.645721852779388 0.644086122512817 0.672606408596039 0.658485651016235 0.659164547920227 0.644253849983215 0.647175014019012 0.640545606613159 0.610110759735107 0.572463691234589 0.570711672306061 0.531825542449951 0.521953999996185 0.482996642589569 0.459327816963196 0.455879092216492 0.417646527290344 0.402742713689804 0.371732354164124 0.338263183832169 0.334525525569916 0.294054299592972 0.294473081827164 0.267224192619324 0.263026356697083 0.257469266653061 0.227504417300224 0.20256644487381 0.197280213236809 0.173263370990753 0.169960677623749 0.144296929240227 0.123100221157074 0.111755736172199 0.0888027027249336 0.08127561211586 0.095704659819603 0.107310779392719 0.105361796915531
0.664051115512848 0.684438407421112 0.690440654754639 0.687435567378998 0.708725214004517 0.706756889820099 0.722274839878082 0.727994322776794 0.758403778076172 0.740139663219452 0.712918221950531 0.711986601352692 0.688888251781464 0.684935510158539 0.679874002933502 0.642458438873291 0.60191023349762 0.593510985374451 0.569820404052734 0.532579958438873 0.482664734125137 0.475945234298706 0.44200736284256 0.428141117095947 0.387362629175186 0.391389071941376 0.376357585191727 0.339952290058136 0.305727005004883 0.276509940624237 0.275957018136978 0.242047443985939 0.231833055615425 0.229927107691765 0.206200525164604 0.200519666075706 0.170881435275078 0.148448675870895 0.136916026473045 0.112873412668705 0.103588208556175 0.0902961418032646 0.102567866444588 0.104996025562286 0.114301770925522
0.757958352565765 0.781319141387939 0.766272306442261 0.771205842494965 0.744900941848755 0.754845499992371 0.73878026008606 0.78156453371048 0.776826679706573 0.778487920761108 0.768399834632874 0.763400077819824 0.745966672897339 0.727552831172943 0.707854807376862 0.664717972278595 0.653595387935638 0.623588383197784 0.588391184806824 0.559827089309692 0.533681094646454 0.505501925945282 0.496144533157349 0.478049159049988 0.442157983779907 0.404098719358444 0.394873201847076 0.355665117502213 0.325967282056808 0.316980361938477 0.281496405601501 0.272874802350998 0.239584386348724 0.215203925967216 0.210598140954971 0.196696892380714 0.174657106399536 0.164323702454567 0.140110656619072 0.141805619001389 0.114119529724121 0.110591724514961 0.100647680461407 0.113256059587002 0.117331512272358
0.803104221820831 0.835308730602264 0.83381050825119 0.845302104949951 0.803469657897949 0.805005729198456 0.82810777425766 0.81592869758606 0.81407904624939 0.817586719989777 0.827800869941711 0.815037786960602 0.794022560119629 0.750165462493896 0.744706869125366 0.724631905555725 0.683794617652893 0.645146131515503 0.613208591938019 0.604938864707947 0.571511149406433 0.54915714263916 0.498624712228775 0.469640523195267 0.464749455451965 0.426383554935455 0.41878068447113 0.367429733276367 0.364814102649689 0.32543671131134 0.296968102455139 0.285277545452118 0.28316530585289 0.247892573475838 0.215116143226624 0.207939937710762 0.182839572429657 0.175030127167702 0.194790482521057 0.147866174578667 0.143982514739037 0.125362679362297 0.129947692155838 0.162002176046371 0.147459372878075
0.845955371856689 0.854885995388031 0.87357896566391 0.881987154483795 0.848954796791077 0.860061705112457 0.875864088535309 0.872653722763062 0.884320437908173 0.864056587219238 0.858278214931488 0.851064741611481 0.81963837146759 0.801640927791595 0.78191739320755 0.74685937166214 0.712781488895416 0.699454784393311 0.663002908229828 0.662120223045349 0.610861361026764 0.571407437324524 0.564217925071716 0.523280501365662 0.490014404058456 0.475905656814575 0.416576832532883 0.39544877409935 0.37411567568779 0.345532208681107 0.328724294900894 0.301061928272247 0.26713028550148 0.253394156694412 0.246195062994957 0.21800796687603 0.206639558076859 0.227734848856926 0.187811642885208 0.169227600097656 0.145731180906296 0.142940953373909 0.151680469512939 0.163185060024261 0.167701572179794
0.899599075317383 0.851133406162262 0.896354198455811 0.917616128921509 0.912160038948059 0.908783733844757 0.908908307552338 0.915538251399994 0.915986776351929 0.908816516399384 0.90612131357193 0.880731642246246 0.879529118537903 0.846393585205078 0.801970183849335 0.788046538829803 0.750483632087708 0.721080362796783 0.707397282123566 0.652925550937653 0.645919859409332 0.59178215265274 0.579804122447968 0.54384857416153 0.513582825660706 0.494174003601074 0.434687197208405 0.432418406009674 0.391187161207199 0.382603973150253 0.343177109956741 0.335855275392532 0.302411615848541 0.263242363929749 0.257294237613678 0.25275045633316 0.232537060976028 0.237568005919456 0.225421622395515 0.187259361147881 0.15860553085804 0.159291088581085 0.16434845328331 0.161457523703575 0.190791398286819
