data/climate_estimation/maxent_output/Smilax_walteri.asc
NCOLS 233 
NROWS 137 
XLLCORNER -94.8333333333333 
YLLCORNER 26.75 
CELLSIZE 0.0833333333333334 
NODATA_value -3.4e+38 
[rows 21 to 41 of 137, columns 48 to 95 of 233]
0.301054149866104 0.304245591163635 0.302372962236404 0.304304838180542 0.294928550720215 0.298554182052612 0.30126166343689 0.293088465929031 0.294235229492188 0.296881705522537 0.289664208889008 0.289473682641983 0.286859154701233 0.291297137737274 0.297068178653717 0.312372595071793 0.320685714483261 0.335370451211929 0.351230502128601 0.357669413089752 0.352478593587875 0.356687009334564 0.356076121330261 0.367133349180222 0.364909380674362 0.369312971830368 0.379016488790512 0.386606365442276 0.40310001373291 0.410757750272751 0.401236325502396 0.401284426450729 0.402316898107529 0.401591658592224 0.421417534351349 0.422132670879364 0.429923444986343 0.417604327201843 0.406863987445831 0.419423669576645 0.425276011228561 0.429762423038483 0.411528676748276 0.420997023582458 0.414772868156433 0.407600313425064 0.395877242088318 0.388516783714294
0.293383836746216 0.299915552139282 0.299614816904068 0.301484316587448 0.305480271577835 0.31025442481041 0.303118616342545 0.294308662414551 0.294909596443176 0.301131695508957 0.28775829076767 0.291853964328766 0.285669028759003 0.288551211357117 0.298688441514969 0.305557548999786 0.319864600896835 0.344514578580856 0.34222474694252 0.344897031784058 0.345106601715088 0.356272757053375 0.363414824008942 0.375414580106735 0.376528233289719 0.375200241804123 0.375200241804123 0.384772330522537 0.395718723535538 0.405897200107574 0.407231122255325 0.398645311594009 0.406211376190186 0.419648557901382 0.42022117972374 0.435921132564545 0.440298795700073 0.43914583325386 0.437223076820374 0.439321964979172 0.445956885814667 0.437615931034088 0.435114294290543 0.427336543798447 0.419031590223312 0.411438256502151 0.408492296934128 0.38889291882515
0.277534812688828 0.284674018621445 0.139668345451355 0.143715471029282 0.146511867642403 0.140076965093613 0.298462510108948 0.295202374458313 0.300798654556274 0.297417670488358 0.281987994909286 0.268159866333008 0.278830409049988 0.290870487689972 0.294546574354172 0.298643976449966 0.305214136838913 0.330093622207642 0.334806978702545 0.347544640302658 0.355294674634933 0.352676391601562 0.356857717037201 0.363596856594086 0.363701403141022 0.38255187869072 0.377213984727859 0.386551827192307 0.405646204948425 0.40994918346405 0.415577232837677 0.413836508989334 0.422390401363373 0.442261815071106 0.4359110891819 0.438524812459946 0.450953215360641 0.456662625074387 0.459055602550507 0.453368544578552 0.460567474365234 0.456010520458221 0.459267109632492 0.445712715387344 0.439980447292328 0.409129172563553 0.386698067188263 0.352486401796341
0.121919102966785 0.131932929158211 0.144589319825172 0.149687632918358 0.144518360495567 0.13994312286377 0.136100500822067 0.297362208366394 0.290899038314819 0.280097872018814 0.265152126550674 0.260976105928421 0.26811495423317 0.278698861598969 0.289516776800156 0.297719836235046 0.311367899179459 0.333142638206482 0.35139599442482 0.352830767631531 0.35624235868454 0.359339475631714 0.360612720251083 0.360740214586258 0.372695028781891 0.373750180006027 0.381832629442215 0.39086639881134 0.404304295778275 0.410162836313248 0.420061051845551 0.415120154619217 0.431747049093246 0.448141008615494 0.450122773647308 0.460023999214172 0.462043464183807 0.472959339618683 0.470257341861725 0.463447839021683 0.472941756248474 0.471689909696579 0.466389298439026 0.461076200008392 0.437007933855057 0.436946213245392 0.40381532907486 0.360089659690857
0.12429254502058 0.139661639928818 0.150760352611542 0.154261156916618 0.148468777537346 0.144378796219826 0.141856715083122 0.290697067975998 0.280397266149521 0.258951306343079 0.244025751948357 0.238706067204475 0.245043948292732 0.265132933855057 0.274385541677475 0.293622702360153 0.315352618694305 0.326199233531952 0.345450520515442 0.345127582550049 0.351098477840424 0.358439177274704 0.358093440532684 0.368777751922607 0.371090024709702 0.376962125301361 0.386061102151871 0.390816926956177 0.397581577301025 0.410176932811737 0.431211054325104 0.423446595668793 0.444917500019073 0.440906256437302 0.454786270856857 0.455926030874252 0.459737658500671 0.46130758523941 0.47141969203949 0.478916317224503 0.473561257123947 0.47515270113945 0.477399528026581 0.470292747020721 0.466966509819031 0.450519144535065 0.430887371301651 0.408633202314377
0.133114844560623 0.144560515880585 0.148071482777596 0.147458970546722 0.147031992673874 0.142430797219276 0.140060856938362 0.294909924268723 0.26886722445488 0.249112889170647 0.224375784397125 0.219555929303169 0.23621366918087 0.249743387103081 0.276798874139786 0.297324597835541 0.320986837148666 0.3213711977005 0.335432082414627 0.342151999473572 0.342580318450928 0.349563598632812 0.355082958936691 0.363852053880692 0.363510400056839 0.375047355890274 0.377358734607697 0.401206851005554 0.410885125398636 0.416800767183304 0.428641676902771 0.433218210935593 0.444559812545776 0.453791737556458 0.454712331295013 0.457801520824432 0.463188737630844 0.466183990240097 0.478749543428421 0.487441569566727 0.473228394985199 0.491282910108566 0.490192323923111 0.479145258665085 0.483226358890533 0.472784370183945 0.454340845346451 0.431351691484451
0.140138372778893 0.14363107085228 0.144290119409561 0.144047304987907 0.143788889050484 0.145680144429207 0.139630973339081 0.135839357972145 0.266792625188828 0.245783343911171 0.230038538575172 0.224767833948135 0.243152618408203 0.263253003358841 0.275742143392563 0.319800734519958 0.332553297281265 0.332445710897446 0.342404991388321 0.333866089582443 0.341912508010864 0.342707842588425 0.356676638126373 0.366305500268936 0.371423035860062 0.382877796888351 0.389784663915634 0.400928765535355 0.409694910049438 0.416822880506516 0.431242913007736 0.443678468465805 0.458710253238678 0.467479169368744 0.467200100421906 0.467676311731339 0.476094782352448 0.480490893125534 0.488772481679916 0.494143187999725 0.486553132534027 0.499168336391449 0.491581678390503 0.496897548437119 0.478812098503113 0.481587797403336 0.468019366264343 0.457246065139771
0.143175214529037 0.144712895154953 0.139777421951294 0.14097686111927 0.143131956458092 0.14455346763134 0.141757950186729 0.137519851326942 0.282111018896103 0.261500507593155 0.248830690979958 0.240397408604622 0.255482286214828 0.278859108686447 0.30726757645607 0.33627513051033 0.346006810665131 0.329421013593674 0.335947662591934 0.339843541383743 0.344487905502319 0.349110960960388 0.350581705570221 0.360006183385849 0.375946938991547 0.374617218971252 0.385183304548264 0.400634318590164 0.407027304172516 0.415697604417801 0.435774266719818 0.450059741735458 0.463270395994186 0.469045639038086 0.456204831600189 0.487349659204483 0.484562337398529 0.497733324766159 0.487574517726898 0.496716141700745 0.509643316268921 0.500322639942169 0.489833921194077 0.493941187858582 0.488273739814758 0.475119441747665 0.474204689264297 0.46344131231308
0.14425964653492 0.142711207270622 0.139391720294952 0.14215324819088 0.147687956690788 0.14822892844677 0.143237322568893 0.139080405235291 0.287505060434341 0.281661540269852 0.270824790000916 0.269646644592285 0.27839532494545 0.304061502218246 0.318307101726532 0.343970477581024 0.344733774662018 0.341505646705627 0.323038786649704 0.335075795650482 0.344365686178207 0.344365686178207 0.358837008476257 0.366700947284698 0.368069380521774 0.395847350358963 0.405685245990753 0.404033333063126 0.413896501064301 0.424529910087585 0.431798756122589 0.44850966334343 0.45442321896553 0.470152735710144 0.478697627782822 0.494688630104065 0.490917891263962 0.503535509109497 0.505016684532166 0.514836370944977 0.509556829929352 0.509892165660858 0.490647405385971 0.490042924880981 0.485338896512985 0.478992253541946 0.463387966156006 0.461925506591797
0.146342411637306 0.146214991807938 0.140086218714714 0.146863907575607 0.148562356829643 0.149765804409981 0.14276197552681 0.305970728397369 0.302842438220978 0.287685602903366 0.282046884298325 0.291171818971634 0.299438953399658 0.314665675163269 0.324772745370865 0.337973922491074 0.336457341909409 0.341827541589737 0.334379345178604 0.342511087656021 0.345557004213333 0.362431466579437 0.357536882162094 0.365244120359421 0.389821112155914 0.392142534255981 0.396420270204544 0.397608399391174 0.415694653987885 0.417984962463379 0.441982090473175 0.450614303350449 0.463217735290527 0.463212519884109 0.483693242073059 0.488640159368515 0.494405210018158 0.503639876842499 0.515706062316895 0.516444325447083 0.517921447753906 0.50903993844986 0.502591252326965 0.480885565280914 0.480362474918365 0.470997333526611 0.472190976142883 0.457234621047974
0.146667629480362 0.157009452581406 0.146179839968681 0.149425059556961 0.149285510182381 0.147279888391495 0.147908985614777 0.306995749473572 0.306912899017334 0.292159408330917 0.293605536222458 0.304906398057938 0.324921399354935 0.348120898008347 0.353564590215683 0.353896409273148 0.349336802959442 0.347150206565857 0.354986727237701 0.351978421211243 0.35352885723114 0.368372678756714 0.377876371145248 0.384061694145203 0.39054611325264 0.40108922123909 0.414071887731552 0.42631670832634 0.444517910480499 0.439586967229843 0.453528195619583 0.452735602855682 0.469802588224411 0.467651098966599 0.472645938396454 0.487262606620789 0.499682396650314 0.506561040878296 0.513308048248291 0.517079412937164 0.513833284378052 0.504000902175903 0.501760184764862 0.484417945146561 0.481949120759964 0.473176836967468 0.470247805118561 0.457128763198853
0.15585869550705 0.159655138850212 0.149749130010605 0.150780111551285 0.151320546865463 0.147560596466064 0.309926092624664 0.310326784849167 0.305281817913055 0.296602457761765 0.316655725240707 0.332974195480347 0.354698210954666 0.353426218032837 0.368967294692993 0.359364569187164 0.359862327575684 0.368192821741104 0.361272066831589 0.370160132646561 0.361090362071991 0.368609070777893 0.387078881263733 0.404193609952927 0.412312179803848 0.41723495721817 0.419320195913315 0.430698812007904 0.448747843503952 0.442907363176346 0.452531069517136 0.458321064710617 0.462228894233704 0.467758446931839 0.481896549463272 0.492214798927307 0.495171189308167 0.505324721336365 0.503104090690613 0.503616452217102 0.508017897605896 0.50568813085556 0.497968524694443 0.501559019088745 0.485046088695526 0.47829595208168 0.467524081468582 0.47338593006134
0.160491123795509 0.165669351816177 0.155026078224182 0.156663835048676 0.152191489934921 0.148904383182526 0.312458783388138 0.312738060951233 0.301004528999329 0.321278244256973 0.322142601013184 0.328993231058121 0.349025309085846 0.369827628135681 0.374845623970032 0.375174254179001 0.374356925487518 0.385679930448532 0.388564497232437 0.395073980093002 0.389079183340073 0.381072282791138 0.400411278009415 0.413333296775818 0.435394912958145 0.441042065620422 0.44039124250412 0.451084017753601 0.457669347524643 0.455249577760696 0.446363687515259 0.455965578556061 0.455228716135025 0.471465468406677 0.471323996782303 0.501694202423096 0.502864122390747 0.510073482990265 0.498962789773941 0.493797838687897 0.483710736036301 0.487650901079178 0.487978219985962 0.497939169406891 0.479790717363358 0.476220816373825 0.471080362796783 0.470178097486496
0.165705308318138 0.169322237372398 0.166482985019684 0.158257350325584 0.156766578555107 0.321577429771423 0.317702919244766 0.313459366559982 0.31154191493988 0.318467020988464 0.319030225276947 0.334004402160645 0.351222574710846 0.3708476126194 0.386283814907074 0.394282847642899 0.398058742284775 0.407975852489471 0.412580668926239 0.417592585086823 0.409956187009811 0.411117941141129 0.415894955396652 0.430081248283386 0.449509739875793 0.456428229808807 0.462975293397903 0.459533542394638 0.457838237285614 0.446472734212875 0.449738562107086 0.446618854999542 0.465129256248474 0.471203476190567 0.479777574539185 0.48782342672348 0.506149291992188 0.506877958774567 0.502167165279388 0.48393914103508 0.488941729068756 0.473499685525894 0.468226730823517 0.483552128076553 0.475263714790344 0.468564659357071 0.460521787405014 0.465917348861694
0.175294116139412 0.180177271366119 0.171611040830612 0.168616309762001 0.343402951955795 0.342890441417694 0.331876963376999 0.318835496902466 0.31236606836319 0.316807180643082 0.331254035234451 0.345350414514542 0.361430138349533 0.379589527845383 0.40497162938118 0.414847075939178 0.421323299407959 0.428909927606583 0.434723883867264 0.443576663732529 0.434877842664719 0.427050530910492 0.428951263427734 0.440255910158157 0.45296174287796 0.456730365753174 0.460118323564529 0.459453493356705 0.455600440502167 0.449233919382095 0.454275190830231 0.457066833972931 0.457437247037888 0.474378407001495 0.470132976770401 0.484001010656357 0.493692308664322 0.503328621387482 0.495409101247787 0.493586659431458 0.484820187091827 0.487209260463715 0.472904115915298 0.479762881994247 0.460527539253235 0.451652228832245 0.461332499980927 0.462477535009384
0.186708718538284 0.190854161977768 0.176710039377213 0.360992789268494 0.356029629707336 0.343744397163391 0.341489732265472 0.340621918439865 0.32398197054863 0.325330853462219 0.334815949201584 0.349767595529556 0.373403310775757 0.391795516014099 0.417600691318512 0.429460883140564 0.438900291919708 0.448060929775238 0.458413749933243 0.45161572098732 0.459949165582657 0.454042136669159 0.458957463502884 0.455396145582199 0.455991923809052 0.457000613212585 0.453142583370209 0.449256837368011 0.453032225370407 0.447956323623657 0.443869411945343 0.462741166353226 0.465628117322922 0.46238973736763 0.476932883262634 0.475362181663513 0.4905965924263 0.488416820764542 0.484854996204376 0.477785259485245 0.477862685918808 0.481084704399109 0.479629218578339 0.469711154699326 0.465888798236847 0.442220211029053 0.438591033220291 0.446373730897903
0.189244225621223 0.375037580728531 0.370782017707825 0.369452863931656 0.365737646818161 0.360278099775314 0.359641283750534 0.350191503763199 0.33771800994873 0.340140998363495 0.353140115737915 0.367023080587387 0.383391737937927 0.411231428384781 0.42815899848938 0.440268129110336 0.452340453863144 0.463845819234848 0.460101366043091 0.468223541975021 0.464732468128204 0.463309794664383 0.452060103416443 0.450592637062073 0.449947953224182 0.452559649944305 0.447825044393539 0.447813272476196 0.449856668710709 0.452872306108475 0.444334775209427 0.450624406337738 0.462964236736298 0.466541439294815 0.456373333930969 0.470847010612488 0.47236031293869 0.474550515413284 0.457556784152985 0.462064206600189 0.469960421323776 0.467517882585526 0.466379106044769 0.459608763456345 0.449857592582703 0.440738886594772 0.435853749513626 0.438094168901443
0.376801460981369 0.38426411151886 0.374430596828461 0.368304461240768 0.365150958299637 0.369006544351578 0.370841056108475 0.361564248800278 0.361542224884033 0.360931009054184 0.383222460746765 0.394571423530579 0.407091498374939 0.420474678277969 0.438757002353668 0.458040416240692 0.471031457185745 0.480226755142212 0.467580914497375 0.463987290859222 0.470265686511993 0.462832689285278 0.454605042934418 0.447324335575104 0.452778488397598 0.454245686531067 0.449554800987244 0.444506764411926 0.446075648069382 0.44732266664505 0.450487822294235 0.450348675251007 0.462265968322754 0.456147789955139 0.461362242698669 0.4680036008358 0.45323583483696 0.444582730531693 0.442782789468765 0.447549939155579 0.440287619829178 0.452061802148819 0.449490696191788 0.447709381580353 0.445521980524063 0.438115984201431 0.436357825994492 0.44622740149498
0.368566334247589 0.375142455101013 0.370756387710571 0.368801355361938 0.369458615779877 0.378692775964737 0.380875051021576 0.371860504150391 0.382264882326126 0.397314101457596 0.405480533838272 0.40669971704483 0.413422495126724 0.436871558427811 0.448492884635925 0.4658322930336 0.47576230764389 0.479627460241318 0.471952021121979 0.466767311096191 0.451410919427872 0.452315956354141 0.4477259516716 0.446614176034927 0.448972314596176 0.453111678361893 0.444249778985977 0.449464410543442 0.453575134277344 0.453262865543365 0.448959767818451 0.450297594070435 0.447629272937775 0.446126252412796 0.439470410346985 0.443856060504913 0.432419002056122 0.42778617143631 0.435613304376602 0.428196728229523 0.425534933805466 0.437252342700958 0.436377495527267 0.44628831744194 0.43703830242157 0.437996596097946 0.444999754428864 0.440598219633102
0.362313210964203 0.374663382768631 0.371601402759552 0.375278323888779 0.377012819051743 0.381166130304337 0.383525103330612 0.395853251218796 0.397491842508316 0.410098105669022 0.411688178777695 0.405880719423294 0.427740007638931 0.437828063964844 0.456778734922409 0.480487495660782 0.470539033412933 0.474165022373199 0.466086715459824 0.451532632112503 0.447569340467453 0.445800095796585 0.448028892278671 0.458423405885696 0.4494569003582 0.447765618562698 0.448073327541351 0.446066647768021 0.450155466794968 0.456884801387787 0.457636952400208 0.453422158956528 0.444123506546021 0.443935751914978 0.440958321094513 0.431825339794159 0.428693771362305 0.421169608831406 0.413287848234177 0.424008160829544 0.417048305273056 0.416468471288681 0.426602512598038 0.424427539110184 0.435110539197922 0.434366524219513 0.427113384008408 0.425066202878952
0.361143499612808 0.382635712623596 0.371599018573761 0.373791396617889 0.379171997308731 0.38877409696579 0.395019769668579 0.39359575510025 0.412810802459717 0.42089980840683 0.42003720998764 0.434577524662018 0.429261177778244 0.456625282764435 0.465159773826599 0.469490319490433 0.472564697265625 0.468286156654358 0.453911125659943 0.444162219762802 0.438974112272263 0.440724104642868 0.445248693227768 0.445567846298218 0.441455036401749 0.450061351060867 0.453765839338303 0.447111815214157 0.457670360803604 0.455904930830002 0.462930649518967 0.45537394285202 0.454678446054459 0.447398722171783 0.448904693126678 0.441383510828018 0.430474460124969 0.418256402015686 0.418031096458435 0.416824519634247 0.418920248746872 0.418540060520172 0.42187836766243 0.426637381315231 0.422543585300446 0.418584734201431 0.414370030164719 0.41010707616806
