data/climate_estimation/maxent_output/Smilax_pottingeri.asc
NCOLS 62 
NROWS 143 
XLLCORNER 103.583333333333 
YLLCORNER 11.8333333333333 
CELLSIZE 0.0833333333333334 
NODATA_value -3.4e+38 
[rows 21 to 41 of 143, columns 0 to 46 of 62]
0.789749801158905 0.725213170051575 0.668179512023926 0.709271788597107 0.879672050476074 0.866505265235901 0.859675705432892 0.921159863471985 0.844619691371918 0.679834961891174 0.576569855213165 0.518842756748199 0.528234601020813 0.596891939640045 0.514266967773438 0.510678052902222 0.51993316411972 0.51028835773468 0.482618182897568 0.494090795516968 0.524735748767853 0.574327647686005 0.576868772506714 0.575617790222168 0.557778060436249 0.54929655790329 0.547250330448151 0.614258229732513 0.579715311527252 0.54911196231842 0.549586296081543 0.497643053531647 0.49994158744812 0.512256264686584 0.481023341417313 0.418889194726944 0.410153687000275 0.433225601911545 0.423710376024246 0.401277482509613 0.405843555927277 0.416424036026001 0.413005024194717 0.458223104476929 0.470593363046646 0.475518137216568 0.523481607437134
0.765092670917511 0.772418320178986 0.710149228572845 0.735904276371002 0.817753314971924 0.877509295940399 0.91685962677002 0.942416667938232 0.909384906291962 0.774318039417267 0.58819979429245 0.602456510066986 0.514787077903748 0.520646095275879 0.53726464509964 0.520853698253632 0.510249853134155 0.513737797737122 0.481372565031052 0.48953565955162 0.525231957435608 0.543337523937225 0.545523703098297 0.575039744377136 0.564178586006165 0.561601996421814 0.555610477924347 0.576216697692871 0.570510566234589 0.549599885940552 0.543116450309753 0.535990655422211 0.525631308555603 0.516676425933838 0.466846525669098 0.441908031702042 0.44463923573494 0.441654562950134 0.426623553037643 0.4750015437603 0.506394624710083 0.467487215995789 0.431611508131027 0.47469037771225 0.535213589668274 0.527616679668427 0.512040495872498
0.70963054895401 0.745063543319702 0.714488983154297 0.776475369930267 0.886843025684357 0.918892443180084 0.887382984161377 0.887496054172516 0.768905878067017 0.758290112018585 0.644794225692749 0.692701101303101 0.565027415752411 0.543257653713226 0.540691077709198 0.544937014579773 0.522301077842712 0.504546105861664 0.498090714216232 0.470734655857086 0.492937564849854 0.52412474155426 0.537491083145142 0.570000171661377 0.56400990486145 0.569976627826691 0.578462600708008 0.578334033489227 0.575657367706299 0.557298481464386 0.553950488567352 0.521939933300018 0.507188439369202 0.531030774116516 0.480652540922165 0.478961139917374 0.484903544187546 0.458298206329346 0.440309643745422 0.458132654428482 0.487809240818024 0.455044060945511 0.464388012886047 0.504753172397614 0.532938301563263 0.5141322016716 0.539158284664154
0.671710193157196 0.685215532779694 0.70363974571228 0.727719187736511 0.866138517856598 0.833467960357666 0.914880394935608 0.87842458486557 0.896088182926178 0.76801997423172 0.624186456203461 0.700760900974274 0.602893471717834 0.588663458824158 0.556967854499817 0.554132699966431 0.527236521244049 0.495822489261627 0.473672240972519 0.473110139369965 0.481637269258499 0.500933110713959 0.531422257423401 0.554806530475616 0.565475106239319 0.567706823348999 0.564956903457642 0.563057482242584 0.55194216966629 0.523912072181702 0.511875569820404 0.504158735275269 0.492081820964813 0.503382682800293 0.505257070064545 0.494930952787399 0.447519451379776 0.464676171541214 0.473621100187302 0.467211484909058 0.446455866098404 0.467871963977814 0.495287328958511 0.531179308891296 0.568632781505585 0.55134129524231 0.597118318080902
0.718080461025238 0.649153649806976 0.654023230075836 0.638906359672546 0.637172400951385 0.827578008174896 0.880582511425018 0.845602631568909 0.911544561386108 0.870850682258606 0.623749554157257 0.611877679824829 0.678479492664337 0.601903736591339 0.563359141349792 0.545967996120453 0.522822201251984 0.495145559310913 0.480683952569962 0.4675173163414 0.489496767520905 0.517754256725311 0.562339663505554 0.598821103572845 0.55155485868454 0.56786972284317 0.573753714561462 0.5687175989151 0.551622033119202 0.541363418102264 0.517346084117889 0.492649674415588 0.478905230760574 0.470554351806641 0.487824290990829 0.465844452381134 0.455774068832397 0.494803935289383 0.536989390850067 0.492151826620102 0.475935012102127 0.484613239765167 0.507554173469543 0.523403406143188 0.575836539268494 0.600439667701721 0.591181576251984
0.76918751001358 0.656722486019135 0.64590460062027 0.622097194194794 0.600174963474274 0.668724536895752 0.790431678295135 0.904750525951385 0.925284087657928 0.845534801483154 0.638907372951508 0.627363383769989 0.643584787845612 0.601099491119385 0.566296517848969 0.559554755687714 0.513086080551147 0.491682708263397 0.476306170225143 0.470819801092148 0.474286586046219 0.501703858375549 0.509520173072815 0.623453140258789 0.597415089607239 0.560570001602173 0.565765500068665 0.562615811824799 0.546587646007538 0.525880992412567 0.505307555198669 0.493725299835205 0.479838043451309 0.466266095638275 0.470611721277237 0.46527287364006 0.460275769233704 0.490059942007065 0.50220000743866 0.494482904672623 0.510962307453156 0.464883267879486 0.502024352550507 0.553528189659119 0.563229322433472 0.579443454742432 0.61192774772644
0.797682464122772 0.70583838224411 0.655123710632324 0.649419963359833 0.616087019443512 0.579543769359589 0.675399839878082 0.776136219501495 0.923427939414978 0.755425333976746 0.724860846996307 0.793814837932587 0.793602108955383 0.603341281414032 0.545540153980255 0.557928681373596 0.520316481590271 0.491990238428116 0.482707977294922 0.480347990989685 0.479077309370041 0.488533288240433 0.505942046642303 0.517067074775696 0.616133093833923 0.578300595283508 0.550172328948975 0.547494053840637 0.531466484069824 0.519157886505127 0.499591678380966 0.488099247217178 0.480597794055939 0.476498961448669 0.485582292079926 0.48099222779274 0.482902348041534 0.48527929186821 0.49036830663681 0.497724026441574 0.513199388980865 0.488782495260239 0.507278621196747 0.550346195697784 0.590213060379028 0.61997663974762 0.631813883781433
0.842566430568695 0.764593660831451 0.721051216125488 0.680247664451599 0.65010267496109 0.630411982536316 0.592016875743866 0.734386026859283 0.87634414434433 0.890266180038452 0.881933748722076 0.839716911315918 0.750425815582275 0.652508080005646 0.566892385482788 0.564119875431061 0.543252646923065 0.501918196678162 0.485307812690735 0.478579223155975 0.476159453392029 0.481111109256744 0.486078768968582 0.498125106096268 0.52082359790802 0.546237230300903 0.540522515773773 0.528293013572693 0.52269059419632 0.511312782764435 0.495308041572571 0.484082788228989 0.47795382142067 0.486802130937576 0.484908282756805 0.486731916666031 0.495446234941483 0.507679283618927 0.518833041191101 0.529034614562988 0.524297595024109 0.537758469581604 0.565312922000885 0.602874338626862 0.646101772785187 0.670210242271423 0.681100308895111
0.80499678850174 0.76704353094101 0.756084740161896 0.701709508895874 0.650519609451294 0.616536676883698 0.641676962375641 0.578126728534698 0.619230151176453 0.757647454738617 0.811641931533813 0.72567480802536 0.618129730224609 0.580225944519043 0.580171167850494 0.546848475933075 0.547901213169098 0.529722332954407 0.496239274740219 0.47391340136528 0.469116002321243 0.478268831968307 0.479521006345749 0.490917652845383 0.504058599472046 0.517835378646851 0.528567314147949 0.51759260892868 0.510716557502747 0.502826750278473 0.490791976451874 0.481434613466263 0.478582441806793 0.480699568986893 0.491751849651337 0.501422166824341 0.524187088012695 0.541972637176514 0.551770865917206 0.564700424671173 0.584814667701721 0.597930669784546 0.630601286888123 0.681064128875732 0.718172967433929 0.723570048809052 0.718243777751923
0.723449289798737 0.708002805709839 0.795541524887085 0.782236814498901 0.704528093338013 0.630560874938965 0.63592654466629 0.646579921245575 0.586736679077148 0.571851015090942 0.618468165397644 0.612498819828033 0.538398921489716 0.621486485004425 0.612927377223969 0.569136738777161 0.521043598651886 0.502341866493225 0.484943240880966 0.479147911071777 0.45942547917366 0.462520211935043 0.476506859064102 0.493780493736267 0.504474580287933 0.50957578420639 0.504289090633392 0.503545761108398 0.505236864089966 0.504701554775238 0.488620936870575 0.476812273263931 0.474195420742035 0.4862961769104 0.519478976726532 0.536567568778992 0.555270552635193 0.56885689496994 0.579996764659882 0.597327351570129 0.618186712265015 0.640173435211182 0.6669602394104 0.709811866283417 0.747826397418976 0.751458287239075 0.741578936576843
0.718245446681976 0.727437138557434 0.751247823238373 0.741357684135437 0.773652732372284 0.697156488895416 0.64611154794693 0.634868383407593 0.66768217086792 0.589882075786591 0.587324500083923 0.583671808242798 0.592124223709106 0.569537997245789 0.652287244796753 0.671065807342529 0.567379355430603 0.506709337234497 0.486484527587891 0.510171115398407 0.466641783714294 0.470247507095337 0.485723167657852 0.500636458396912 0.499783486127853 0.492144584655762 0.485017150640488 0.497396558523178 0.502322137355804 0.499446004629135 0.485165655612946 0.477365970611572 0.469253778457642 0.481417894363403 0.49169647693634 0.514114618301392 0.550819933414459 0.582009732723236 0.600057184696198 0.614545226097107 0.636042296886444 0.658044874668121 0.669578075408936 0.712371289730072 0.752665996551514 0.753561615943909 0.733736991882324
0.800852060317993 0.70831698179245 0.684387505054474 0.739837944507599 0.696405947208405 0.714094400405884 0.723426997661591 0.659818887710571 0.597366452217102 0.594846129417419 0.649683117866516 0.558628976345062 0.53961181640625 0.539660930633545 0.59396368265152 0.590470135211945 0.611927807331085 0.564867377281189 0.52645468711853 0.536376953125 0.490382939577103 0.542277455329895 0.498093873262405 0.502090811729431 0.488204002380371 0.473273783922195 0.473779678344727 0.49401843547821 0.496741652488708 0.490783721208572 0.484679043292999 0.475019603967667 0.46838241815567 0.47229665517807 0.483521401882172 0.498823076486588 0.528311908245087 0.57307767868042 0.604359090328217 0.616159558296204 0.637146830558777 0.670971214771271 0.707150340080261 0.738933861255646 0.748392164707184 0.744416415691376 0.728248655796051
0.787906169891357 0.801615118980408 0.699821889400482 0.642404675483704 0.646181344985962 0.675923466682434 0.704472780227661 0.714715361595154 0.703068017959595 0.654910504817963 0.64927089214325 0.711478590965271 0.63444185256958 0.555091798305511 0.616594970226288 0.612858951091766 0.580133318901062 0.633841156959534 0.591672241687775 0.581596076488495 0.52180278301239 0.517329037189484 0.553233206272125 0.500931084156036 0.482149243354797 0.47412845492363 0.471020728349686 0.48387223482132 0.48344349861145 0.489529490470886 0.481514036655426 0.476864129304886 0.468565583229065 0.469128340482712 0.480850458145142 0.50548267364502 0.526739060878754 0.549358010292053 0.549703121185303 0.5738205909729 0.619603991508484 0.653476178646088 0.69887775182724 0.718734979629517 0.710453629493713 0.69790905714035 0.660397171974182
0.77143806219101 0.774692714214325 0.786793887615204 0.720316231250763 0.627228260040283 0.645792603492737 0.616068601608276 0.675548136234283 0.680319011211395 0.715115666389465 0.684609830379486 0.636589169502258 0.696800231933594 0.668160021305084 0.615594446659088 0.605558454990387 0.576105237007141 0.628427863121033 0.611534237861633 0.628511309623718 0.572421312332153 0.534984350204468 0.529256105422974 0.50244277715683 0.485274165868759 0.480370938777924 0.477964580059052 0.479496896266937 0.481807082891464 0.487852483987808 0.478011280298233 0.474715262651443 0.474972009658813 0.475531369447708 0.489492684602737 0.507094323635101 0.524510025978088 0.524540185928345 0.498473346233368 0.518649876117706 0.593270361423492 0.630454897880554 0.659946024417877 0.67705911397934 0.684606552124023 0.666525185108185 0.628950357437134
0.814907312393188 0.778444588184357 0.781131565570831 0.731580495834351 0.639023780822754 0.630908787250519 0.618212163448334 0.61543881893158 0.587297379970551 0.660888433456421 0.707797765731812 0.676173031330109 0.676058232784271 0.697433114051819 0.703284621238708 0.692533314228058 0.611496448516846 0.613419890403748 0.583982050418854 0.592750012874603 0.578646838665009 0.570888340473175 0.557644546031952 0.574719727039337 0.51233834028244 0.486377477645874 0.486152946949005 0.480213135480881 0.480268925428391 0.482011646032333 0.478729903697968 0.478741496801376 0.479470431804657 0.483350813388824 0.493780791759491 0.502064943313599 0.516205251216888 0.517720222473145 0.493510037660599 0.512826383113861 0.592323482036591 0.627088129520416 0.641867101192474 -3.4e+38 -3.4e+38 0.626493036746979 0.607828795909882
0.820718407630920 0.814190268516541 0.759510099887848 0.722915172576904 0.694050073623657 0.741767704486847 0.693923532962799 0.617775619029999 0.606907188892365 0.577037394046783 0.640744566917419 0.679390907287598 0.685328364372253 0.643081247806549 0.599207282066345 0.66897040605545 0.633336365222931 0.636097609996796 0.63594651222229 0.599908947944641 0.606027662754059 0.620701968669891 0.58976024389267 0.574902296066284 0.540116250514984 0.504467010498047 0.491034120321274 0.485180556774139 0.484860479831696 0.482041567564011 0.47867351770401 0.477485477924347 0.478164792060852 0.48335012793541 0.491810441017151 0.501849353313446 0.512503266334534 0.514836311340332 0.508737325668335 -3.4e+38 0.594619989395142 0.611751616001129 0.627414047718048 -3.4e+38 -3.4e+38 -3.4e+38 0.592629134654999
0.761943697929382 0.791583359241486 0.757010519504547 0.701860725879669 0.737356424331665 0.736656367778778 0.72212541103363 0.716103494167328 0.653352200984955 0.586122095584869 0.590879201889038 0.632013380527496 0.670077919960022 0.627602100372314 0.571551501750946 0.613698720932007 0.60261732339859 0.604924023151398 0.687439620494843 0.59782999753952 0.601911008358002 0.649418950080872 0.646788239479065 0.585049390792847 0.56103241443634 0.533520340919495 0.515204012393951 0.503251791000366 0.484474837779999 0.485401272773743 0.478540658950806 0.474858850240707 0.475559741258621 0.483179837465286 0.505133330821991 0.52304869890213 0.531055271625519 0.523293495178223 -3.4e+38 -3.4e+38 -3.4e+38 -3.4e+38 -3.4e+38 -3.4e+38 -3.4e+38 -3.4e+38 -3.4e+38
0.747912347316742 0.762626528739929 0.728265523910522 0.752349853515625 0.761344432830811 0.733157396316528 0.712198615074158 0.688116252422333 0.68772941827774 0.613347351551056 0.565447807312012 0.583757817745209 0.57592236995697 0.602693021297455 0.58424437046051 0.644754528999329 0.600772142410278 0.613669812679291 0.65996378660202 0.666704416275024 0.586714506149292 0.60496711730957 0.597272455692291 0.603181481361389 0.57623553276062 0.556616127490997 0.550291240215302 0.535679399967194 0.509739458560944 0.485742658376694 0.472600311040878 0.469422072172165 0.474250733852386 0.495741873979568 0.523002326488495 0.553710043430328 0.552971720695496 -3.4e+38 -3.4e+38 -3.4e+38 -3.4e+38 -3.4e+38 -3.4e+38 -3.4e+38 -3.4e+38 -3.4e+38 -3.4e+38
0.759693741798401 0.727136433124542 0.734548985958099 0.801330804824829 0.735523104667664 0.715257525444031 0.718677878379822 0.649299740791321 0.636384606361389 0.636820554733276 0.582829296588898 0.65113377571106 0.69991546869278 0.643178462982178 0.606640458106995 0.612547695636749 0.599681973457336 0.594410836696625 0.65925133228302 0.618411600589752 0.640339851379395 0.604962110519409 0.581504821777344 0.591283738613129 0.582228481769562 0.5733882188797 0.562430202960968 0.564392626285553 0.526977717876434 0.499715238809586 0.473786026239395 0.467423260211945 0.481831699609756 0.507175862789154 0.531568944454193 0.555057048797607 0.563756585121155 -3.4e+38 -3.4e+38 -3.4e+38 -3.4e+38 -3.4e+38 -3.4e+38 -3.4e+38 -3.4e+38 -3.4e+38 -3.4e+38
0.794169008731842 0.751317203044891 0.77003139257431 0.789908528327942 0.774001181125641 0.707824349403381 0.705104351043701 0.678454637527466 0.650601923465729 0.620230257511139 0.614319980144501 0.689156770706177 0.712839126586914 0.658519089221954 0.637526214122772 0.576874673366547 0.56565648317337 0.591264367103577 0.584118723869324 0.587471961975098 0.596433877944946 0.613152503967285 0.615114510059357 0.599192917346954 0.598969995975494 0.571340143680573 0.565892517566681 0.561138987541199 0.535586595535278 0.513872265815735 0.487659275531769 0.476067513227463 0.486507594585419 0.512091934680939 0.533590376377106 0.547458231449127 0.55933290719986 -3.4e+38 -3.4e+38 -3.4e+38 -3.4e+38 -3.4e+38 -3.4e+38 -3.4e+38 -3.4e+38 -3.4e+38 -3.4e+38
0.757709383964539 0.782375276088715 0.824572086334229 0.820599973201752 0.785699069499969 0.734821200370789 0.744154930114746 0.69867217540741 0.721018493175507 0.666479468345642 0.62526923418045 0.586444973945618 0.583583116531372 0.579968988895416 0.578295469284058 0.586280465126038 0.579817056655884 0.567125260829926 0.594673037528992 0.578769147396088 0.566126227378845 0.582559585571289 0.58731073141098 0.578799426555634 0.605761349201202 0.588600814342499 0.570155143737793 0.562034368515015 0.547572553157806 0.528144359588623 0.506343245506287 0.492189228534698 0.500874400138855 0.512237548828125 0.527418613433838 0.542732298374176 -3.4e+38 -3.4e+38 -3.4e+38 -3.4e+38 -3.4e+38 -3.4e+38 -3.4e+38 -3.4e+38 -3.4e+38 -3.4e+38 -3.4e+38
