data/climate_estimation/maxent_output/Smilax_pulverulenta.asc
NCOLS 251 
NROWS 134 
XLLCORNER -95.9166666666667 
YLLCORNER 32.5 
CELLSIZE 0.0833333333333333 
NODATA_value -3.4e+38 
[rows 40 to 59 of 134, columns 0 to 44 of 251]
0.0243208054453135 0.0236489027738571 0.0236489027738571 0.0235442109405994 0.0193068999797106 0.0210175160318613 0.0190994422882795 0.0183661337941885 0.0176828112453222 0.0180803798139095 0.0180157348513603 0.0174077711999416 0.017799211665988 0.0210527405142784 0.0223972927778959 0.0258922167122364 0.0277252923697233 0.0280984714627266 0.0340321362018585 0.0320652350783348 0.0313817411661148 0.032355073839426 0.0377950556576252 0.0354847572743893 0.0336683392524719 0.040079440921545 0.0459071509540081 0.0637634918093681 0.0821555480360985 0.118146039545536 0.198952525854111 0.290351659059525 0.448358535766602 0.539937138557434 0.420312494039536 0.271728277206421 0.184471920132637 0.122910641133785 0.0951691195368767 0.0763706043362617 0.0655402913689613 0.0591394118964672 0.0624980963766575 0.0784023255109787 0.094839334487915
0.0265650022774935 0.0217901188880205 0.0252009108662605 0.023967893794179 0.0230549052357674 0.0231303386390209 0.0214963927865028 0.0206065457314253 0.0191480591893196 0.0195108521729708 0.0195782426744699 0.018852511420846 0.0221874564886093 0.0223972927778959 0.0229072384536266 0.0272764079272747 0.0282252635806799 0.0342313349246979 0.0344886891543865 0.0388631261885166 0.0397271662950516 0.0393463745713234 0.0393463745713234 0.0369402877986431 0.0347476713359356 0.0415175557136536 0.0507313311100006 0.0666317418217659 0.0886968299746513 0.145938396453857 0.237248152494431 0.382391452789307 0.6198770403862 0.694391906261444 0.579674422740936 0.362429440021515 0.248718082904816 0.161401674151421 0.110584191977978 0.0702213048934937 0.0622904933989048 0.0660967528820038 0.071999303996563 0.0905763283371925 0.093612439930439
0.0250889863818884 0.0291313901543617 0.024112930521369 0.0224666558206081 0.0255405586212873 0.0249438490718603 0.0249438490718603 0.0231850892305374 0.0207275580614805 0.024309478700161 0.021192841231823 0.0205041486769915 0.0235987156629562 0.0245635695755482 0.0282619092613459 0.0282992105931044 0.0335722155869007 0.032690092921257 0.034577265381813 0.0356099121272564 0.0411529131233692 0.0410999096930027 0.0410999096930027 0.0384001731872559 0.0422999337315559 0.0507313311100006 0.0530062206089497 0.0740746930241585 0.108560986816883 0.157478973269463 0.260069996118546 0.38500127196312 0.588087320327759 0.672088027000427 0.608084321022034 0.429643094539642 0.253171384334564 0.164039984345436 0.114847116172314 0.0690011009573936 0.0533183962106705 0.0565888658165932 0.0832123756408691 0.100733436644077 0.104087971150875
0.0280229859054089 0.0270456988364458 0.0300284214317799 0.0300284214317799 0.0250998642295599 0.0286531094461679 0.0235074497759342 0.0259874183684587 0.0240835230797529 0.0222860183566809 0.0224577337503433 0.0217001270502806 0.0255654081702232 0.0250053592026234 0.030473755672574 0.0286800004541874 0.028974125161767 0.0339130610227585 0.0357028469443321 0.035488348454237 0.0418453030288219 0.0427200272679329 0.0484987758100033 0.0487226136028767 0.05434275791049 0.0527751259505749 0.0550590604543686 0.0755741149187088 0.117310784757137 0.167224377393723 0.243450850248337 0.379191100597382 0.517484307289124 0.549154281616211 0.470416605472565 0.41620346903801 0.280354201793671 0.178948953747749 0.123650006949902 0.090089850127697 0.066069021821022 0.0675163343548775 0.0866954252123833 0.101392634212971 0.119776107370853
0.0302499961107969 0.0293906070291996 0.0291209705173969 0.0329669304192066 0.0276753399521112 0.0321289300918579 0.0302012860774994 0.0291491784155369 0.0280508063733578 0.0250956397503614 0.0243542343378067 0.0279857758432627 0.0270794071257114 0.027408417314291 0.0263735745102167 0.029194712638855 0.0333251021802425 0.0350833609700203 0.0350870825350285 0.0369384326040745 0.0433453358709812 0.0492075197398663 0.0493711531162262 0.0478843301534653 0.04664171859622 0.0621880777180195 0.0634633377194405 0.0868425592780113 0.118083268404007 0.152529805898666 0.227409154176712 0.280731081962585 0.352813512086868 0.387598782777786 0.377276539802551 0.318127453327179 0.23219758272171 0.195529371500015 0.154351383447647 0.113009870052338 0.0956097990274429 0.0997713357210159 0.106526352465153 0.120675146579742 0.116667799651623
0.0314038470387459 0.0362493507564068 0.0312338657677174 0.0311864838004112 0.0348178334534168 0.033370777964592 0.0322476737201214 0.0311624277383089 0.0312401875853539 0.0312401875853539 0.0294116921722889 0.0278059337288141 0.0315993167459965 0.0297519620507956 0.0280095152556896 0.0307479817420244 0.034634206444025 0.0360077172517776 0.0426501706242561 0.0426555909216404 0.0483647435903549 0.0477914474904537 0.0560241527855396 0.0583896599709988 0.0674983561038971 0.0658160746097565 0.0755741149187088 0.0744601488113403 0.0980855599045753 0.13457678258419 0.177526786923409 0.236806973814964 0.263425439596176 0.297347575426102 0.291824638843536 0.274946600198746 0.223179921507835 0.188421934843063 0.145541086792946 0.138876780867577 0.119830563664436 0.104818031191826 0.122661717236042 0.12698994576931 0.122787870466709
0.0340478904545307 0.0334312841296196 0.0332505144178867 0.0377436764538288 0.0370614305138588 0.0362005941569805 0.0356784798204899 0.0344791039824486 0.0346053279936314 0.0273813046514988 0.0304393135011196 0.0304603297263384 0.0302340742200613 0.0315210819244385 0.0367709510028362 0.0344873294234276 0.036148089915514 0.0359872318804264 0.0430362448096275 0.0488649345934391 0.0469687841832638 0.0551355741918087 0.0550639182329178 0.0629282891750336 0.0656277984380722 0.0668716877698898 0.0789680778980255 0.08020930737257 0.0873256996273994 0.118555068969727 0.163424745202065 0.18239963054657 0.214335456490517 0.217602372169495 0.211018264293671 0.22672139108181 0.212592139840126 0.177252903580666 0.181276604533195 0.153779029846191 0.133158639073372 0.131655141711235 0.131488531827927 0.131780371069908 0.153781950473785
0.0312187373638153 0.0360362119972706 0.0365026220679283 0.0401597172021866 0.0333761312067509 0.037226814776659 0.0373600758612156 0.0366846285760403 0.031928539276123 0.0362714380025864 0.0356153063476086 0.0347578935325146 0.0386324413120747 0.0345154665410519 0.0386350154876709 0.0361131802201271 0.0393310487270355 0.0377106331288815 0.0426507815718651 0.0498817898333073 0.0481612980365753 0.0564570054411888 0.0662154331803322 0.064219556748867 0.0784499868750572 0.0772856026887894 0.0775793343782425 0.0925543531775475 0.0909186527132988 0.121912941336632 0.139177665114403 0.164503782987595 0.161350041627884 0.190232023596764 0.180114477872849 0.20419730246067 0.19404211640358 0.187482267618179 0.167021512985229 0.164618760347366 0.168226003646851 0.16615979373455 0.166509211063385 0.166850909590721 0.193394228816032
0.0390387400984764 0.0395432114601135 0.037984199821949 0.037499226629734 0.0368213169276714 0.0409721359610558 0.0390165708959103 0.0398332849144936 0.0399636067450047 0.0391552969813347 0.0385680943727493 0.0357169285416603 0.0368589535355568 0.0346467979252338 0.0411996990442276 0.0463025569915771 0.043601430952549 0.0474842377007008 0.0544565059244633 0.0511052422225475 0.0599683560431004 0.0680075064301491 0.0679211616516113 0.0705118030309677 0.0800996273756027 0.0833321064710617 0.0960059016942978 0.0928826853632927 0.102976992726326 0.106781676411629 0.142734363675117 0.140252679586411 0.1605564057827 0.153785556554794 0.175304308533669 0.176676914095879 0.20012728869915 0.20012728869915 0.207060635089874 0.176107123494148 0.176107123494148 0.174730107188225 0.175095215439796 0.202783316373825 0.203169941902161
0.0350167639553547 0.0403909012675285 0.0403909012675285 0.0396617986261845 0.0389455892145634 0.042841948568821 0.0422070510685444 0.0423417687416077 0.0417078286409378 0.0422713682055473 0.0415090583264828 0.0364676006138325 0.0383315123617649 0.0441168770194054 0.0429215356707573 0.0498860329389572 0.0533723086118698 0.0592145211994648 0.0549521036446095 0.0609131269156933 0.0609131269156933 0.0696123838424683 0.0815446302294731 0.0815564841032028 0.0939822494983673 0.0973643809556961 0.0977016910910606 0.110471077263355 0.129184380173683 0.133869200944901 0.145459055900574 0.137963518500328 0.135701730847359 0.149608448147774 0.143073350191116 0.176676914095879 0.176754012703896 0.21789762377739 0.211314007639885 0.177325665950775 0.183549702167511 0.173667132854462 0.177808597683907 0.206480860710144 0.216964066028595
0.0413549318909645 0.0425686836242676 0.0427045300602913 0.047570027410984 0.0474637635052204 0.0452907010912895 0.0448547415435314 0.0432220138609409 0.0431168973445892 0.0419220067560673 0.0418136715888977 0.0406479835510254 0.0430697202682495 0.0467275232076645 0.0524314418435097 0.0578421466052532 0.0547458902001381 0.0525793619453907 0.0583462081849575 0.0637600421905518 0.070656031370163 0.0855510085821152 0.0843958929181099 0.0958708822727203 0.0958708822727203 0.116378679871559 0.116617448627949 0.120623186230659 0.14061413705349 0.16595770418644 0.152548491954803 0.163055896759033 0.150333866477013 0.142355889081955 0.161744654178619 0.172382533550262 0.20780622959137 0.2108403891325 0.211507454514503 0.179868102073669 0.18042354285717 0.174846187233925 0.204826027154922 0.208982646465302 0.213553667068481
0.0421597212553024 0.047825675457716 0.0479742661118507 0.0479742661118507 0.0478625036776066 0.0469643697142601 0.0462307557463646 0.0457790717482567 0.0450846962630749 0.0519913770258427 0.0491951443254948 0.0431545116007328 0.0469542779028416 0.049773458391428 0.0539965033531189 0.0576478503644466 0.0624343976378441 0.0703584253787994 0.0711552426218987 0.0803588926792145 0.0722349211573601 0.0827990025281906 0.101226888597012 0.101247727870941 0.115782722830772 0.116011954843998 0.140160083770752 0.168338939547539 0.177755430340767 0.197700291872025 0.159942016005516 0.170898735523224 0.157147794961929 0.144402205944061 0.168803378939629 0.17788653075695 0.182555377483368 0.218096226453781 0.183130890130997 0.212161853909492 0.178028076887131 0.178566008806229 0.208035916090012 0.209587320685387 0.242555812001228
0.0486223809421062 0.0473942644894123 0.0464803799986839 0.054725419729948 0.0472168475389481 0.0485799759626389 0.055377334356308 0.055377334356308 0.0537059940397739 0.0530188605189323 0.0515376776456833 0.0580794848501682 0.0564366057515144 0.0600084885954857 0.0593008808791637 0.064459927380085 0.0629741474986076 0.0707588866353035 0.0692606642842293 0.0820607990026474 0.0818172991275787 0.0843192264437675 0.0997176468372345 0.101215682923794 0.114613957703114 0.118421398103237 0.142601951956749 0.169537112116814 0.169537112116814 0.175172612071037 0.198813185095787 0.182532608509064 0.167414352297783 0.182640999555588 0.182092189788818 0.193379983305931 0.223132058978081 0.196142494678497 0.213481143116951 0.220780372619629 0.214758262038231 0.211740657687187 0.21452771127224 0.25018709897995 0.242823705077171
0.0540101677179337 0.0612158514559269 0.0607676059007645 0.0540499240159988 0.0557397902011871 0.0576381906867027 0.0566978342831135 0.0566978342831135 0.0632731541991234 0.0621257834136486 0.060981597751379 0.0667988061904907 0.0652621537446976 0.0713115781545639 0.0663844421505928 0.0719869881868362 0.0667503774166107 0.0792429596185684 0.0774422287940979 0.0888196229934692 0.0995635762810707 0.0977006256580353 0.107851602137089 0.103290840983391 0.110492408275604 0.116605266928673 0.13598321378231 0.161131918430328 0.166784703731537 0.166784703731537 0.195391938090324 0.1888707280159 0.184006422758102 0.176466092467308 0.191263809800148 0.197303533554077 0.207027524709702 0.193332865834236 0.224419921636581 0.232024163007736 0.22893226146698 0.225730136036873 0.256641805171967 0.250857621431351 0.24347785115242
0.0689950287342072 0.0793979465961456 0.068743459880352 0.0614915750920773 0.0637454241514206 0.0589932501316071 0.0590877383947372 0.0692839473485947 0.0647464320063591 0.0626088529825211 0.0716527625918388 0.0680088102817535 0.0633945316076279 0.0713227614760399 0.0790667459368706 0.066282644867897 0.0720492079854012 0.0823202729225159 0.0736599937081337 0.087369367480278 0.0980156287550926 0.118312790989876 0.113838568329811 0.108186766505241 0.136982426047325 0.138039603829384 0.158875033259392 0.158457711338997 0.158699467778206 0.164011314511299 0.191960275173187 0.190933898091316 0.196437880396843 0.224986597895622 0.210516601800919 0.214135155081749 0.243154838681221 0.235924333333969 0.243858605623245 0.244547724723816 0.249339252710342 0.242586970329285 0.269611448049545 0.25730949640274 0.28931599855423
0.113230846822262 0.111840546131134 0.0894928649067879 0.0709870681166649 0.0639084205031395 0.0673647671937943 0.0708812847733498 0.0810163840651512 0.0785910189151764 0.0753250047564507 0.0728357508778572 0.0685206353664398 0.0798505842685699 0.0758085772395134 0.0664439797401428 0.0617468617856503 0.0720537081360817 0.0753563493490219 0.0791330710053444 0.0872505754232407 0.103611089289188 0.118890322744846 0.114095479249954 0.128847539424896 0.14753158390522 0.149747550487518 0.147113919258118 0.170312896370888 0.166666805744171 0.189553111791611 0.189090833067894 0.19214953482151 0.228697791695595 0.229585632681847 0.229585632681847 0.225849688053131 0.264678925275803 0.260315448045731 0.26452898979187 0.257451713085175 0.292853832244873 0.288325399160385 0.284382402896881 0.305944532155991 0.326221942901611
0.18075855076313 0.199415758252144 0.113697230815887 0.0795300453901291 0.0705219805240631 0.0673647671937943 0.0802439674735069 0.0806094259023666 0.0796417146921158 0.0770101249217987 0.075488418340683 0.0839236527681351 0.0655268281698227 0.0620885081589222 0.0654204040765762 0.061609473079443 0.0707720518112183 0.0678581073880196 0.0762385949492455 0.0904021486639977 0.105066873133183 0.116371430456638 0.135713592171669 0.133388310670853 0.135409086942673 0.154957205057144 0.152185291051865 0.171412691473961 0.198066890239716 0.20477956533432 0.20072115957737 0.19926618039608 0.205857694149017 0.237311616539955 0.269800394773483 0.274096697568893 0.27771782875061 0.314343690872192 0.325066179037094 0.325849145650864 0.322426050901413 0.312439918518066 0.34280252456665 0.321485161781311 0.334857821464539
0.161955535411835 0.182723805308342 0.112700320780277 0.0943765714764595 0.0733035206794739 0.0786992609500885 0.0684948787093163 0.0788935050368309 0.0800623372197151 0.0769711434841156 0.0756082460284233 0.0728048011660576 0.066718801856041 0.0740969181060791 0.0688804537057877 0.0648701936006546 0.0594227947294712 0.0794891268014908 0.0922322943806648 0.103436827659607 0.105029538273811 0.117994420230389 0.120503544807434 0.142595365643501 0.16833783686161 0.163079664111137 0.182906106114388 0.186494335532188 0.1797164529562 0.176717460155487 0.194871321320534 0.190592154860497 0.224467411637306 0.227700531482697 0.278600931167603 0.270351052284241 0.315932273864746 0.330819398164749 0.331591844558716 0.342580258846283 0.338201582431793 0.335968792438507 0.353919625282288 0.362002462148666 0.330249071121216
0.116241499781609 0.133091822266579 0.119194574654102 0.0808728113770485 0.0727417841553688 0.0769451782107353 0.07823496311903 0.0783139392733574 0.0768166705965996 0.0919987633824348 0.0884692519903183 0.0881455391645432 0.0728078186511993 0.0765106156468391 0.0720735415816307 0.0773858428001404 0.0744798928499222 0.0849353149533272 0.100021786987782 0.120319247245789 0.137867093086243 0.14965333044529 0.176537185907364 0.176537185907364 0.176537185907364 0.173585459589958 0.168593719601631 0.160963699221611 0.150145709514618 0.171602100133896 0.19159871339798 0.22440505027771 0.228289484977722 0.270495742559433 0.275488555431366 0.311888366937637 0.317446500062943 0.327997237443924 0.33885070681572 0.355499029159546 0.350557088851929 0.387547224760056 0.37761977314949 0.358970910310745 0.38843446969986
0.0837490186095238 0.0994473174214363 0.0860124006867409 0.075063556432724 0.0758620649576187 0.0783189088106155 0.0798207595944405 0.0915167033672333 0.0909012109041214 0.106821909546852 0.0892523378133774 0.090848870575428 0.104672402143478 0.0981984660029411 0.0920284762978554 0.0857120156288147 0.099183477461338 0.111590899527073 0.129109457135201 0.124879702925682 0.165384620428085 0.163004651665688 0.160667434334755 0.175923496484756 0.175923496484756 0.200608566403389 0.165132656693459 0.15804024040699 0.150483414530754 0.168693497776985 0.194819182157516 0.220677673816681 0.254029482603073 0.254029482603073 0.311888366937637 0.322426050901413 0.323776692152023 0.330117702484131 0.36150199174881 0.374263495206833 0.37329164147377 0.404874354600906 0.388375759124756 0.442637473344803 0.425232648849487
