data/climate_estimation/maxent_output/Smilax_stans.asc
NCOLS 559 
NROWS 213 
XLLCORNER 96.3333333333333 
YLLCORNER 23.0833333333333 
CELLSIZE 0.0833333333333333 
NODATA_value -3.4e+38 
[rows 22 to 43 of 213, columns 51 to 101 of 559]
0.000333469593897462 0.000484072515973821 0.00107561447657645 0.00211711251176894 0.00189248402602971 0.000927510613109916 0.000624499400146306 0.000598371494561434 0.00050627812743187 0.000427578372182325 0.000238344902754761 0.000176048197317868 0.000145543090184219 0.000143954108352773 0.000106551437056623 9.56482981564477e-05 8.89953880687244e-05 8.87681526364759e-05 8.42233494040556e-05 8.46839247969911e-05 0.00014054738858249 0.000142390359542333 7.92452265159227e-05 7.69477483117953e-05 6.25473985564895e-05 6.04070046392735e-05 5.96026511630043e-05 6.15213139099069e-05 5.70855518162716e-05 5.75135891267564e-05 5.759506530012e-05 6.04905544605572e-05 6.01597239437979e-05 6.27487170277163e-05 6.46780463284813e-05 6.78674259688705e-05 8.09975099400617e-05 8.67902199388482e-05 8.34262100397609e-05 8.50890864967369e-05 8.4873812738806e-05 8.59636784298345e-05 8.80091756698675e-05 0.000105359722510912 0.000112903748231474 0.000116151102702133 0.000118964759167284 0.000122668032418005 0.000150623585795984 0.000251700490480289 0.000267816532868892
0.000431094929808751 0.000440454750787467 0.000589738832786679 0.000725255929864943 0.000981398508884013 0.000946284446399659 0.000996252638287842 0.00130709994118661 0.000935388612560928 0.000776273023802787 0.000613821262959391 0.000516763189807534 0.000236796055105515 0.000220032758079469 0.000185061580850743 0.0001500253129052 0.000127232648083009 0.000102341211459134 0.000165393415954895 0.000151127795106731 0.000151528060087003 0.000144442659802735 6.84558035572991e-05 6.5509433625266e-05 6.20521313976496e-05 6.21489598415792e-05 5.93518707319163e-05 6.25452230451629e-05 6.14687451161444e-05 5.84307381359395e-05 6.24432432232425e-05 6.78427604725584e-05 6.84992337482981e-05 7.09730011294596e-05 8.92480311449617e-05 8.95895282155834e-05 9.43744817050174e-05 9.3778820883017e-05 9.52878908719867e-05 9.43386476137675e-05 9.95437731035054e-05 9.85892620519735e-05 0.000115762435598299 0.000121378325275145 0.00012145717482781 0.000130190499476157 0.000130256899865344 0.000268134434008971 0.000286724301986396 0.000280830077826977 0.000289322371827438
0.000546706316526979 0.000535892322659492 0.000535900122486055 0.000619828759226948 0.000642723811324686 0.000699680764228106 0.000732565124053508 0.00108021881897002 0.0018137670122087 0.00202581542544067 0.00142829981632531 0.000937549280934036 0.000786009361036122 0.000678421463817358 0.00051918625831604 0.000414500187616795 0.000323857850162312 0.000305829220451415 0.000233715385547839 0.000178064903593622 0.000171907158801332 0.000165794670465402 0.000153790533659048 8.73607059475034e-05 8.52691300678998e-05 6.74050897941925e-05 6.41497535980307e-05 6.16992474533617e-05 6.23599771643057e-05 6.43048188067041e-05 6.85863487888128e-05 7.54539432819001e-05 9.57716401899233e-05 9.66939333011396e-05 0.000101464909675997 0.000100695964647457 0.000103374128229916 0.000102969490399119 0.000104695136542432 0.000104297665529884 0.00012966085341759 0.000129907319205813 0.000131500259158202 0.000133650188217871 0.000135594789753668 0.000162545504281297 0.000164159893756732 0.000292028387775645 0.000312602263875306 0.000310433562844992 0.000359303026925772
0.000704036734532565 0.000725438876543194 0.000817536318209022 0.00083993945736438 0.000859176274389029 0.00089703785488382 0.000895904842764139 0.00089954916620627 0.00109454977791756 0.00129919406026602 0.00150446675252169 0.00178383407182992 0.00217102165333927 0.00244036549702287 0.00201175408437848 0.00119438813999295 0.000662827806081623 0.000432500266470015 0.000322000531014055 0.000262608780758455 0.000239382003201172 0.000186386634595692 0.000170535611687228 9.73769419942982e-05 9.41181715461425e-05 9.06615823623724e-05 8.76904668984935e-05 8.23154477984644e-05 6.3628307543695e-05 7.18509108992293e-05 0.000103573591331951 0.000110475841211155 0.000107795960502699 0.000110385546577163 0.000117779134598095 0.000117332085210364 0.000120576361950953 0.000117649731691927 0.000136396265588701 0.000140970019856468 0.000141202835948206 0.000142611112096347 0.000142097749630921 0.000150401814607903 0.000184108008397743 0.000182031784788705 0.000315017212415114 0.00033174583222717 0.000385905994335189 0.000387862732168287 0.000407428509788588
0.00107181281782687 0.00106102717109025 0.00110185518860817 0.00120256922673434 0.00139101326931268 0.00141230341978371 0.001375972176902 0.0011945009464398 0.0013183142291382 0.00137857347726822 0.00156008801423013 0.00166008283849806 0.00183858734089881 0.00343400333076715 0.00473130866885185 0.00255454378202558 0.00120733317453414 0.000646110973320901 0.000428873579949141 0.00031959978514351 0.000260982516920194 0.000234031031141058 0.000234175866353326 0.000224693183554336 0.000109121974674053 0.000108913787698839 0.000104184582596645 0.000101793615613133 0.000100780758657493 0.000112569126940798 0.000124790458357893 0.000129470819956623 0.000128448460600339 0.000128475076053292 0.000131240361952223 0.000158499999088235 0.000154770343215205 0.000154770343215205 0.000159152434207499 0.00015827156312298 0.000164803248480894 0.000163580320077017 0.000163166056154296 0.00019001260807272 0.000193708023289219 0.000348039175150916 0.000351539812982082 0.000359580997610465 0.000438834336819127 0.000440731149865314 0.000441000098362565
0.00175295653752983 0.00161331053823233 0.00163364538457245 0.00181409495417029 0.0021979808807373 0.00211454019881785 0.00220871064811945 0.00214951625093818 0.00238060322590172 0.00217664078809321 0.00242688972502947 0.00242076651193202 0.00193921802565455 0.00207381695508957 0.00283718761056662 0.00283811357803643 0.00331243011169136 0.00164546305313706 0.000470068131107837 0.000353899347828701 0.000355827622115612 0.000275715137831867 0.000257345818681642 0.000250975455855951 0.000249395612627268 0.000140418109367602 0.000143339420901611 0.000123142963275313 0.000130191881908104 0.000135480004246347 0.000145280500873923 0.00018230258137919 0.000177541442099027 0.000179072536411695 0.000180415212525986 0.000175500696059316 0.000184452394023538 0.000179426657268777 0.000171718405908905 0.000214516505366191 0.000209713558433577 0.000208046010811813 0.000218608794966713 0.000219663997995667 0.000368879147572443 0.000376800016965717 0.000384172395570204 0.000450211111456156 0.000478953355923295 0.00048194284318015 0.000505752803292125
0.00382924685254693 0.00292842532508075 0.00272756954655051 0.00282898568548262 0.00327977258712053 0.00347625068388879 0.00326839182525873 0.00536976149305701 0.00753706833347678 0.00632188143208623 0.00630060210824013 0.00629440974444151 0.00457010185346007 0.00295403227210045 0.00396952498704195 0.00254922569729388 0.00163422641344368 0.00118415500037372 0.000746368139516562 0.000500286347232759 0.000464742945041507 0.000393059191992506 0.000384327286155894 0.000345260021276772 0.000290571188088506 0.000299992912914604 0.000320475082844496 0.000180204311618581 0.000181938943569548 0.000193262574612163 0.000206264507141896 0.000207681718165986 0.000203315052203834 0.000208149795071222 0.000208134850254282 0.000203180010430515 0.000243997332290746 0.000243688496993855 0.00023449253058061 0.00023286443320103 0.000243135713390075 0.000235961124417372 0.000410930399084464 0.000399956887122244 0.000411925371736288 0.000477710389532149 0.000501510803587735 0.000501193630043417 0.000524203642271459 0.000523914641235024 0.000633508432656527
0.00580699509009719 0.00616407208144665 0.00473867636173964 0.00493219960480928 0.0057386034168303 0.00514675350859761 0.00585755286738276 0.00780437514185905 0.00842626299709082 0.00796526484191418 0.00963585451245308 0.00820715259760618 0.00419803569093347 0.00353158032521605 0.00288917194120586 0.00232571992091835 0.00229472317732871 0.00127804919611663 0.000859476102050394 0.000975940085481852 0.000782390299718827 0.000796234700828791 0.000566293718293309 0.000511480611748993 0.000433830253314227 0.000436132133472711 0.000445158628281206 0.000380910525564104 0.000453154352726415 0.00047915056347847 0.000557667051907629 0.000547006260603666 0.000292750308290124 0.000282439577858895 0.000285039772279561 0.000293232471449301 0.00029072756296955 0.000284223962808028 0.00027975527336821 0.00046829498023726 0.000461817719042301 0.000460395298432559 0.000540166976861656 0.000536083185579628 0.000522766436915845 0.000546149618458003 0.000542660127393901 0.000549919670447707 0.000558855652343482 0.000645963009446859 0.000688526662997901
0.0032235668040812 0.00784965697675943 0.00892322789877653 0.00792854279279709 0.00833855383098125 0.00877761095762253 0.00972114223986864 0.00898894481360912 0.0102519914507866 0.00937968678772449 0.00766781903803349 0.00618503009900451 0.0050550689920783 0.00408022291958332 0.00299884821288288 0.0025403534527868 0.00224785134196281 0.00191089673899114 0.00139157893136144 0.00109018513467163 0.000849015428684652 0.000717372167855501 0.000673221307806671 0.000568158051464707 0.000553710095118731 0.000502005277667195 0.00051930925110355 0.000545910326763988 0.000573648198042065 0.000603562744800001 0.000631246017292142 0.000712307053618133 0.000705350656062365 0.000696487782988697 0.000674973125569522 0.000680543773341924 0.000646415166556835 0.000654542993288487 0.000638700497802347 0.000632020644843578 0.000620925682596862 0.000609271170105785 0.000608115864451975 0.000609656737651676 0.000587785383686423 0.000606779474765062 0.000608874077443033 0.000591123418416828 0.000726129277609289 0.000720687210559845 0.000758234178647399
0.0023682345636189 0.0101475613191724 0.00761906057596207 0.00951147451996803 0.0114975301548839 0.012808071449399 0.0137442918494344 0.0144846756011248 0.0144142787903547 0.0125485705211759 0.0114436391741037 0.00920532364398241 0.00791541766375303 0.00775636080652475 0.00523571576923132 0.0048152944073081 0.00321181467734277 0.0025158382486552 0.0020194377284497 0.00138644629623741 0.00110489735379815 0.000861222972162068 0.000715641304850578 0.000645843101665378 0.000621700775809586 0.000641404301859438 0.00070847210008651 0.0007558599463664 0.000800618494395167 0.000837024359498173 0.000820447399746627 0.000830236065667123 0.000818440865259618 0.000816331303212792 0.000813793507404625 0.000802543945610523 0.000769076228607446 0.000766646466217935 0.000731326756067574 0.000696724222507328 0.000691575114615262 0.000705301819834858 0.000674598966725171 0.000697735755238682 0.000796420325059444 0.000785916578024626 0.000778676010668278 0.000771812919992954 0.000808836717624217 0.000783287920057774 0.000829660159070045
0.00431778188794851 0.00740302726626396 0.00670877425000072 0.00716494582593441 0.00830331165343523 0.00942591577768326 0.0134744867682457 0.0167574547231197 0.0184688363224268 0.0196550916880369 0.0164328962564468 0.0196365788578987 0.0189301241189241 0.0258500799536705 0.0188640300184488 0.0184642411768436 0.00772133702412248 0.00422377279028296 0.00283561530523002 0.00189256563317031 0.0014249881496653 0.000977889983914793 0.000804981566034257 0.000757625501137227 0.000679750752169639 0.000758024980314076 0.000828492746222764 0.00108418276067823 0.00119392236229032 0.00117712130304426 0.00114070973359048 0.0011066016741097 0.00108744180761278 0.00108327507041395 0.00105180323589593 0.00103817577473819 0.00103686354123056 0.000974932801909745 0.000951413938309997 0.000934295181650668 0.000926910201087594 0.000903146923519671 0.000869180890731514 0.000878211343660951 0.000883630942553282 0.000871573749464005 0.000906627392396331 0.000893746677320451 0.000918036152143031 0.000897194666322321 0.00103818834759295
0.0134220514446497 0.00810417626053095 0.00750957103446126 0.00900231581181288 0.00750068482011557 0.00665209302678704 0.0093251271173358 0.0143649699166417 0.0218895860016346 0.0246451292186975 0.021311741322279 0.0247442275285721 0.0222084932029247 0.0245657470077276 0.0301735233515501 0.0348751917481422 0.0149673670530319 0.0329542905092239 0.0272641852498055 0.00664096837863326 0.00226780935190618 0.0014763007638976 0.00123457505833358 0.00101283995900303 0.00083786464529112 0.000920399092137814 0.00111704948358238 0.00135810428764671 0.00140824960544705 0.00162277987692505 0.00137806264683604 0.00152015115600079 0.00129449216183275 0.00127127836458385 0.0012810128973797 0.00117126572877169 0.00113867002073675 0.00112435373011976 0.0011408330174163 0.00111819757148623 0.00109094055369496 0.00106426223646849 0.0010753960814327 0.00102216133382171 0.00102716137189418 0.00115189398638904 0.00122624554205686 0.00122344051487744 0.00119545368943363 0.00117609242442995 0.00115207757335156
0.014234671369195 0.0174795631319284 0.0118560176342726 0.0128988390788436 0.0105463685467839 0.00697583239525557 0.00708737596869469 0.0132449911907315 0.0192352086305618 0.0250995829701424 0.0257719755172729 0.0236811768263578 0.0387998223304749 0.0298748165369034 0.0307437516748905 0.0269809644669294 0.0412488430738449 0.0392067655920982 0.0401451289653778 0.0202079899609089 0.00402727350592613 0.0042792921885848 0.00195034022908658 0.00102842564228922 0.00090277346316725 0.000985468737781048 0.00127833464648575 0.00166730454657227 0.00186809792649001 0.00185473659075797 0.00184230774175376 0.00181800278369337 0.00178969977423549 0.00174189440440387 0.00162595068104565 0.00153872440569103 0.00152836553752422 0.00145261688157916 0.00144986424129456 0.00144986424129456 0.00144254916813225 0.00143890548497438 0.00130985351279378 0.00130580819677562 0.0013091143919155 0.00127094471827149 0.00128476647660136 0.0012419898994267 0.00124389282427728 0.00129150482825935 0.00130563019774854
0.00424236105754972 0.00689005199819803 0.00605778302997351 0.00810768082737923 0.00921441987156868 0.0122400801628828 0.00919248349964619 0.011256592348218 0.0199067778885365 0.0294925794005394 0.0192088782787323 0.0287114400416613 0.0390927642583847 0.0420860201120377 0.0365936122834682 0.0534835532307625 0.0512126386165619 0.0383721999824047 0.0273168310523033 0.0324462130665779 0.0386729501187801 0.0400142259895802 0.0229314398020506 0.00220236927270889 0.00140229589305818 0.00128057214897126 0.00145517685450613 0.00268785911612213 0.00216751685366035 0.00221936497837305 0.00235628825612366 0.00241174874827266 0.00228962441906333 0.00233110855333507 0.00228470866568387 0.00209127645939589 0.00190239166840911 0.00171956873964518 0.00159498979337513 0.00156139978207648 0.00155155325774103 0.0015293249161914 0.00151488103438169 0.00152527634054422 0.00150723347906023 0.00145600119139999 0.00146988686174154 0.00167283532209694 0.00164192577358335 0.00166386039927602 0.00177350977901369
0.00628474215045571 0.00559965474531054 0.00642261048778892 0.00520686013624072 0.00842560175806284 0.0110695194453001 0.0119336154311895 0.016915425658226 0.0198678225278854 0.0100574381649494 0.0145557625219226 0.0229832418262959 0.0434909537434578 0.0489567592740059 0.0564090646803379 0.0532642602920532 0.063386932015419 0.0598791316151619 0.058015238493681 0.0552896782755852 0.0422715172171593 0.022297753021121 0.0152822695672512 0.00679985014721751 0.00375342927873135 0.00316360406577587 0.00299479393288493 0.00330152059905231 0.00238863378763199 0.00249380781315267 0.00285443151369691 0.00307253561913967 0.00303356186486781 0.00297508970834315 0.0028957100585103 0.00272292736917734 0.00240734801627696 0.0022010593675077 0.0020375233143568 0.00204515527002513 0.001900615519844 0.00191244028974324 0.00196181191131473 0.00194452400319278 0.0019730064086616 0.00195593340322375 0.00179610995110124 0.00186110741924495 0.00183231791015714 0.00194319942966104 0.00188149546738714
0.0169039033353329 0.0106051387265325 0.00889785028994083 0.00815543066710234 0.0091281458735466 0.0163759514689445 0.0230978727340698 0.0251720566302538 0.0251034647226334 0.0155892567709088 0.00604136474430561 0.00810171384364367 0.0237776227295399 0.0343601107597351 0.0385028943419456 0.0437725484371185 0.0556065104901791 0.0326249822974205 0.0325189158320427 0.0521613210439682 0.0564410090446472 0.0456022284924984 0.0288065243512392 0.0172400884330273 0.0116051072254777 0.005530487280339 0.00473554851487279 0.00611855182796717 0.00510680302977562 0.00305584678426385 0.00320657528936863 0.00391641119495034 0.00389013509266078 0.00379132875241339 0.0037909506354481 0.00351099227555096 0.00309704546816647 0.00293192686513066 0.00240360805764794 0.00224449648521841 0.00223397114314139 0.00220145517960191 0.00257301121018827 0.00257010455243289 0.00250814156606793 0.00234925886616111 0.00235371524468064 0.00194978329818696 0.00189012964256108 0.00185254844836891 0.0019690478220582
0.00894949771463871 0.0106449089944363 0.0143933761864901 0.0117557886987925 0.0186249930411577 0.0211607106029987 0.0345961898565292 0.0421484671533108 0.0414470471441746 0.0402033030986786 0.0277066435664892 0.00831297226250172 0.00836427696049213 0.0100625641644001 0.0220390241593122 0.0292995069175959 0.02707464620471 0.0125229833647609 0.0126241743564606 0.015078978613019 0.0330514162778854 0.0475824438035488 0.05019486322999 0.0530971474945545 0.0488169081509113 0.0246824417263269 0.00932512897998095 0.00930625665932894 0.00847851391881704 0.00668429117649794 0.00476640416309237 0.00500802602618933 0.00521528581157327 0.00476901885122061 0.00436839135363698 0.00415386771783233 0.00374702364206314 0.00352183287031949 0.00295853638090193 0.00290254852734506 0.00267507717944682 0.00263749295845628 0.00279891025274992 0.00296994019299746 0.00271332543343306 0.0025603377725929 0.00242186826653779 0.00239751627668738 0.00238103466108441 0.00207268423400819 0.00197081104852259
0.00676572602242231 0.00902848690748215 0.0130930095911026 0.0106859859079123 0.0108365155756474 0.0124501027166843 0.0193568002432585 0.0424921400845051 0.0423776134848595 0.0475763343274593 0.0829208791255951 0.0290047042071819 0.0168776530772448 0.0132294343784451 0.0150380888953805 0.0200957749038935 0.0296410415321589 0.0128348618745804 0.00923723913729191 0.0136532941833138 0.0309632103890181 0.0407091714441776 0.0602946802973747 0.0596925541758537 0.0565926544368267 0.0245414767414331 0.0232194401323795 0.0151048386469483 0.0130318840965629 0.0145280575379729 0.0151704512536526 0.0134648773819208 0.0119120366871357 0.00689783785492182 0.00551467249169946 0.00516017340123653 0.00508691929280758 0.00488818110898137 0.00460638804361224 0.0039734304882586 0.00292316358536482 0.00271322322078049 0.00270459498278797 0.00329491612501442 0.00327912881039083 0.0028156922198832 0.00259841047227383 0.00257388199679554 0.00256931106559932 0.00259377900511026 0.00263247522525489
0.00550357718020678 0.00920330081135035 0.00604291586205363 0.00883036106824875 0.00896397791802883 0.0114657422527671 0.0158455763012171 0.0317459180951118 0.0416790097951889 0.0726210847496986 0.144708469510078 0.0833390653133392 0.0563739724457264 0.0360885411500931 0.0279295668005943 0.0265825875103474 0.0278100427240133 0.0164101887494326 0.0241613984107971 0.0599502436816692 0.0363141745328903 0.0387311577796936 0.0481274798512459 0.0677809789776802 0.0527462549507618 0.0506954975426197 0.0489115752279758 0.0305160898715258 0.0381211452186108 0.0493592172861099 0.045348834246397 0.0353937037289143 0.0278707500547171 0.0157249365001917 0.00794555060565472 0.00718983029946685 0.00971868261694908 0.016649728640914 0.0155155649408698 0.00774881197139621 0.00394891854375601 0.00295071140863001 0.00276099680922925 0.00345487054437399 0.00340546085499227 0.00337123149074614 0.00338452379219234 0.00335408025421202 0.00329856784082949 0.0032618772238493 0.0032956029754132
0.010628935880959 0.00642840377986431 0.00585467368364334 0.0101036271080375 0.0102907298132777 0.0173117984086275 0.0197628829628229 0.0288831982761621 0.032084234058857 0.0520922057330608 0.0556129030883312 0.117082089185715 0.161952942609787 0.14740926027298 0.165250852704048 0.105530396103859 0.07506113499403 0.0468439720571041 0.0351873598992825 0.0414789281785488 0.0327158756554127 0.0427048876881599 0.0761076733469963 0.062621958553791 0.0729049369692802 0.0705998986959457 0.0700424239039421 0.064798004925251 0.0627896413207054 0.0820914879441261 0.105438612401485 0.104203812777996 0.0546164885163307 0.0381415374577045 0.0376298949122429 0.0326373092830181 0.0261740367859602 0.0360879823565483 0.0458741188049316 0.0102138770744205 0.0047312737442553 0.0030057008843869 0.0029533295892179 0.00348537601530552 0.00359515706077218 0.00347485160455108 0.00346562755294144 0.00291487225331366 0.00339663471095264 0.00362819479778409 0.00290472968481481
0.0180286485701799 0.0154721420258284 0.00769221736118197 0.00601937947794795 0.0104677937924862 0.0116095077246428 0.0220740251243114 0.0259705185890198 0.032012552022934 0.0500245615839958 0.0666657164692879 0.0387483686208725 0.0597066842019558 0.104950919747353 0.167912736535072 0.183835625648499 0.134812399744987 0.0890817269682884 0.0604913122951984 0.0450154095888138 0.0594310723245144 0.046100627630949 0.0350030362606049 0.0393607914447784 0.0485496670007706 0.042722050100565 0.0626477524638176 0.0890222489833832 0.10939122736454 0.135844483971596 0.157824322581291 0.155117303133011 0.110930770635605 0.0897864252328873 0.0824717879295349 0.0452572405338287 0.0292277131229639 0.01324169524014 0.0107306651771069 0.00819395203143358 0.0051696952432394 0.00381496897898614 0.00297065917402506 0.00297621777281165 0.00353236612863839 0.00331872631795704 0.00329745816998184 0.0026870695874095 0.0027298170607537 0.00339932646602392 0.00369257386773825
0.0151569349691272 0.0162026528269053 0.0104278465732932 0.00975840631872416 0.0102030420675874 0.0150263169780374 0.015371291898191 0.0209607798606157 0.0346735864877701 0.0631162226200104 0.0883419364690781 0.097799114882946 0.0443908758461475 0.03831722214818 0.0537576600909233 0.0878328233957291 0.082871712744236 0.103456154465675 0.104466930031776 0.0821303203701973 0.0797254964709282 0.0626822933554649 0.0520669557154179 0.0462293885648251 0.0559846572577953 0.0585347674787045 0.0620691999793053 0.0776741951704025 0.112745814025402 0.130180507898331 0.11949434876442 0.161231711506844 0.197971075773239 0.186732620000839 0.146420672535896 0.0915804877877235 0.0494641624391079 0.0334373824298382 0.0125122964382172 0.0070360885001719 0.00539524620398879 0.00392793631181121 0.00353104597888887 0.00279888580553234 0.00270756985992193 0.00241230288520455 0.00248336535878479 0.0030078471172601 0.00437836768105626 0.00568281766027212 0.00433100620284677
