data/climate_estimation/maxent_output/Smilax_nipponica.asc
NCOLS 491 
NROWS 207 
XLLCORNER 101.75 
YLLCORNER 24 
CELLSIZE 0.0833333333333333 
NODATA_value -3.4e+38 
[rows 44 to 65 of 207, columns 100 to 149 of 491]
0.000445310637587681 0.000461321120383218 0.000579129438847303 0.000549221120309085 0.000552536977920681 0.000577883212827146 0.000570761796552688 0.000587067857850343 0.000501189089845866 0.000626601511612535 0.000594005512539297 0.000583255256060511 0.000718130322638899 0.000727467937394977 0.000861496373545378 0.000891184783540666 0.000998885952867568 0.00108008307870477 0.00113865558523685 0.00123331916984171 0.00118549482431263 0.00109146593604237 0.000951568188611418 0.000914803298655897 0.000704587553627789 0.000547227216884494 0.000606712070293725 0.000671422749292105 0.000637468881905079 0.00077872141264379 0.000923766929190606 0.0010842956835404 0.00132145325187594 0.00162398966494948 0.00229435507208109 0.003157859435305 0.00574501883238554 0.00615350948646665 0.00814803224056959 0.0101627139374614 0.0149166835471988 0.0150597803294659 0.0136965736746788 0.0161146279424429 0.0209539439529181 0.0240764822810888 0.0316714681684971 0.0326766185462475 0.0341541618108749 0.0210765320807695
0.000444246950792149 0.000458369089756161 0.000543416244909167 0.000576995720621198 0.000567305367439985 0.000541484623681754 0.000545577087905258 0.000473162595881149 0.00054758065380156 0.000591487798374146 0.00058142066700384 0.000646820291876793 0.000715987465810031 0.000763522752095014 0.000860926636960357 0.000961531302891672 0.000991455046460032 0.00109847960993648 0.00122531142551452 0.00127212272491306 0.00134551140945405 0.00133848004043102 0.00113725359551609 0.000681812060065567 0.000595251040067524 0.000646292173769325 0.000730301253497601 0.000792429724242538 0.000750230217818171 0.000916958262678236 0.00108738511335105 0.00138107722159475 0.00180035759694874 0.00246789329685271 0.0041567119769752 0.00587790040299296 0.0076767704449594 0.00970010925084352 0.0100430166348815 0.0148345800116658 0.0169500038027763 0.0247476249933243 0.0207405351102352 0.0237853806465864 0.0272947773337364 0.0343719013035297 0.0328065827488899 0.0323619656264782 0.0383744575083256 0.0187772363424301
0.000409638130804524 0.000517158710863441 0.000531946367118508 0.000547895964700729 0.000526612682733685 0.000512416649144143 0.000475585751701146 0.000474910921184346 0.000547659117728472 0.000539886590559036 0.000575083366129547 0.000632446608506143 0.000704430509358644 0.000855892605613917 0.000880357285495847 0.000950641988310963 0.00106414500623941 0.00118252914398909 0.00120570580475032 0.00118447572458535 0.00111873529385775 0.0010507102124393 0.000819526729173958 0.000703222467564046 0.000704098609276116 0.000778837827965617 0.000794855470303446 0.000952213478740305 0.000994217465631664 0.00127852556761354 0.00166012602858245 0.00229863915592432 0.00276926113292575 0.00405581202358007 0.00525063369423151 0.00766914710402489 0.00851965602487326 0.0139609891921282 0.0182675775140524 0.0218588896095753 0.0219209715723991 0.0267425049096346 0.0300161149352789 0.0292871985584497 0.0323861986398697 0.0305704679340124 0.0306533854454756 0.0391824580729008 0.0392958261072636 0.0263310726732016
0.00038992238114588 0.000462154421256855 0.0005117601249367 0.000505834352225065 0.000507251592352986 0.000521530106198043 0.000464690441731364 0.000424245750764385 0.000508583500050008 0.000528762582689524 0.000591535761486739 0.000659123703371733 0.000787509838119149 0.000870039162691683 0.000916157790925354 0.000973540765698999 0.00111268134787679 0.00117616937495768 0.00118633336387575 0.00113988656084985 0.00085550150834024 0.000747557845897973 0.000763857620768249 0.000780480972025543 0.000846548937261105 0.00084757263539359 0.00103407294955105 0.00127457629423589 0.00159506348427385 0.00274274637922645 0.00429773284122348 0.00402522040531039 0.00503934221342206 0.00507102254778147 0.00581291643902659 0.00710124708712101 0.0099703473970294 0.0124446284025908 0.0190477706491947 0.0241659004241228 0.0270074009895325 0.0296431500464678 0.0299190208315849 0.0275287255644798 0.0291260555386543 0.032442644238472 0.0429937727749348 0.0454732775688171 0.0431627854704857 0.0450969748198986
0.000465474411612377 0.000470285158371553 0.000492321792989969 0.000505693547893316 0.000470689788926393 0.000470771425170824 0.000416079856222495 0.000472164450911805 0.000506726966705173 0.00055905559565872 0.00061717868084088 0.000605562061537057 0.000722095719538629 0.000853392528370023 0.000937051721848547 0.00102463667280972 0.0011914890492335 0.00121553696226329 0.00121365359518677 0.00106561044231057 0.000915604352485389 0.000899305858183652 0.000898512545973063 0.000919832033105195 0.000920794962439686 0.0010382579639554 0.00149657088331878 0.00217195716686547 0.00261537102051079 0.00393568491563201 0.00586064113304019 0.00556303421035409 0.00598623882979155 0.00651249662041664 0.00630429713055491 0.00771613698452711 0.0129001596942544 0.0155603680759668 0.0202567595988512 0.0261511448770761 0.0299029741436243 0.0282276645302773 0.0310513004660606 0.0304135773330927 0.0307740569114685 0.037741657346487 0.0457185469567776 0.0410163477063179 0.0407637879252434 0.0253995880484581
0.000452355481684208 0.000435868074418977 0.000461231800727546 0.000473518593935296 0.000425179256126285 0.000417688337620348 0.000456779351225123 0.0004488515551202 0.000505278061609715 0.000558780506253242 0.000610376126132905 0.00063123885774985 0.000688113330397755 0.00085233140271157 0.000965026672929525 0.00110826571471989 0.00123546842951328 0.00124497013166547 0.00133341364562511 0.00126677064690739 0.00109870126470923 0.00106114381924272 0.00108299765270203 0.00110370467882603 0.00138826936017722 0.00162393436767161 0.00208962033502758 0.00323888496495783 0.00415202928707004 0.00408607628196478 0.00588935008272529 0.0053760982118547 0.00592710822820663 0.00742830475792289 0.00845563039183617 0.0114714810624719 0.0151439597830176 0.0182467103004456 0.0210405066609383 0.027488324791193 0.0313354432582855 0.0297104381024837 0.0308824889361858 0.0307994801551104 0.0353429093956947 0.0450596250593662 0.0353871956467628 0.0317749790847301 0.0268501918762922 0.0192759297788143
0.000463475647848099 0.000446375925093889 0.000473710970254615 0.000379494304070249 0.000371813483070582 0.000430900807259604 0.000423439720179886 0.000438216287875548 0.000521944602951407 0.000590914394706488 0.000594184850342572 0.00070422055432573 0.00068673666100949 0.000806408643256873 0.000984710874035954 0.00116190512198955 0.00130453344900161 0.0013585276901722 0.00148780934978276 0.00153492111712694 0.00149667670484632 0.00129794306121767 0.00146081892307848 0.00181736785452813 0.00228513637557626 0.00265255500562489 0.00340894493274391 0.00548385456204414 0.00503715593367815 0.00530962459743023 0.00507142394781113 0.00554397935047746 0.00612252438440919 0.00784889981150627 0.0100349886342883 0.0134756816551089 0.0169661603868008 0.022250646725297 0.026968089863658 0.0304232574999332 0.0319438055157661 0.0334461219608784 0.03452243283391 0.0363058410584927 0.0373696833848953 0.0429723002016544 0.038259319961071 0.0311309918761253 0.0268221125006676 0.027886264026165
0.000473691878141835 0.000462467403849587 0.000424880272476003 0.000380657409550622 0.000395373353967443 0.00042897678213194 0.000421362405177206 0.000427662540460005 0.000537333660759032 0.000574284698814154 0.00062437541782856 0.000680642609950155 0.000729557825252414 0.000910054659470916 0.00111837673466653 0.00122373213525862 0.00136161432601511 0.00139067822601646 0.00150761264376342 0.00155341147910804 0.00162244762759656 0.00184699788223952 0.00201843376271427 0.00361411273479462 0.00371018168516457 0.00453591207042336 0.00608328683301806 0.00701554492115974 0.00712066190317273 0.00537498900666833 0.00485092541202903 0.00580655364319682 0.00764447823166847 0.00846083182841539 0.0101167391985655 0.013982592150569 0.0188938975334167 0.0233726464211941 0.0300014447420835 0.0327047370374203 0.0349312387406826 0.0372487939894199 0.0355324558913708 0.037450660020113 0.0374327674508095 0.0395691655576229 0.0435230992734432 0.0391980968415737 0.0349721238017082 0.0151557438075542
0.000434764224337414 0.000441201904322952 0.000438276998465881 0.000320234859827906 0.000408148014685139 0.000435781170381233 0.000401058699935675 0.000479754758998752 0.000510556215886027 0.000548222684301436 0.000621570623479784 0.000798533961642534 0.00085442588897422 0.000977379502728581 0.00118071958422661 0.00129956926684827 0.00136564997956157 0.00145947549026459 0.00158323883078992 0.00172063184436411 0.00176241458393633 0.00195230857934803 0.00372521532699466 0.00601838249713182 0.00505797751247883 0.00493573863059282 0.005780179053545 0.00604896759614348 0.00735936360433698 0.00793154817074537 0.00565305817872286 0.00628676312044263 0.00695539126172662 0.00874600745737553 0.0115250498056412 0.0154361790046096 0.0198909342288971 0.023605590686202 0.0355040952563286 0.0364147163927555 0.0373609997332096 0.0384084805846214 0.037407174706459 0.0399004258215427 0.0429707616567612 0.0390944220125675 0.0445357896387577 0.0456344746053219 0.0267384219914675 0.0151269277557731
0.000414182315580547 0.000436739501310512 0.00040522261406295 0.000354968447936699 0.000439956085756421 0.000437253998825327 0.000478585046948865 0.000488100689835846 0.000503439630847424 0.000615271215792745 0.000763510994147509 0.000851816963404417 0.000810297206044197 0.000993033754639328 0.00118845351971686 0.00131190766114742 0.00153913383837789 0.00159942172467709 0.00162305682897568 0.0017603182932362 0.00195778626948595 0.00285164453089237 0.00488815177232027 0.00655709160491824 0.00569192739203572 0.00487450510263443 0.0051675564609468 0.00599144212901592 0.00724503863602877 0.00787053536623716 0.00546671310439706 0.00641625467687845 0.00806531403213739 0.00947974901646376 0.0119376694783568 0.0142696527764201 0.0188010912388563 0.0297457128763199 0.0342222712934017 0.0402382537722588 0.0396127663552761 0.0409564077854156 0.0442689247429371 0.040123350918293 0.0428586639463902 0.045823972672224 0.0366030745208263 0.0309426598250866 0.0216488484293222 0.0195901729166508
0.000422654149588197 0.000434590561781079 0.000437836162745953 0.000363049650331959 0.000401371449697763 0.00048013252671808 0.000497491739224643 0.00047511316370219 0.000574769976083189 0.000641714374069124 0.000808802142273635 0.000885083631146699 0.00092751148622483 0.000986311235465109 0.0012076604180038 0.00138008501380682 0.00154165015555918 0.0016487583052367 0.00175005185883492 0.00161452183965594 0.00216070562601089 0.00247208029031754 0.00455806404352188 0.00590087519958615 0.00582190277054906 0.00508818449452519 0.00549987517297268 0.00599783146753907 0.00718567380681634 0.00694995187222958 0.00596291245892644 0.00652439333498478 0.00999566446989775 0.0132936770096421 0.0156914815306664 0.0144147295504808 0.0207454133778811 0.0330718569457531 0.038072157651186 0.0409917682409286 0.0402284264564514 0.0437728017568588 0.0431318022310734 0.0437383204698563 0.0456660091876984 0.0330889485776424 0.0324278771877289 0.0290936082601547 0.0192377641797066 0.0233490448445082
0.000420390715589747 0.000410700973588973 0.000416567781940103 0.000483973970403895 0.00038595320074819 0.000525522569660097 0.000549748656339943 0.00055123318452388 0.000604018976446241 0.000770274375099689 0.000842290988657624 0.000948646920733154 0.00103649357333779 0.00106559251435101 0.00127647444605827 0.0014083890710026 0.00167783407960087 0.00169647543225437 0.00177274795714766 0.00143929081968963 0.0019253947539255 0.00257507944479585 0.00474962778389454 0.00572357326745987 0.00547429965808988 0.00533601082861423 0.00591049063950777 0.0058242897503078 0.00750080728903413 0.00746659422293305 0.007551911752671 0.00829520635306835 0.00957595277577639 0.0134953036904335 0.0151306930929422 0.017798563465476 0.0209061913192272 0.0310245882719755 0.0373640917241573 0.044311385601759 0.0474442057311535 0.0446808822453022 0.0413705036044121 0.0433366037905216 0.0454241745173931 0.0366835668683052 0.029286602512002 0.0237853769212961 0.0157635975629091 0.0207968652248383
0.000484565738588572 0.00048403104301542 0.000477130088256672 0.000481873837998137 0.000427810969995335 0.000520722765941173 0.000563578738365322 0.000687519670464098 0.0007303929887712 0.000819653039798141 0.000915524607989937 0.00098588305991143 0.00105658476240933 0.00115529005415738 0.00135555840097368 0.0014974222285673 0.00169700593687594 0.00179116963408887 0.00152646820060909 0.0012296752538532 0.00202255276963115 0.00347504625096917 0.0050690108910203 0.00512172281742096 0.00537222297862172 0.00552163738757372 0.00573416007682681 0.0064297947101295 0.00852947495877743 0.00815490074455738 0.00855702254921198 0.00948723033070564 0.00974258035421371 0.0114183500409126 0.0134864198043942 0.0150206293910742 0.0223736893385649 0.026267210021615 0.0358200185000896 0.0391276814043522 0.0477517582476139 0.0444175824522972 0.0405834428966045 0.0416983142495155 0.044453788548708 0.045833095908165 0.0427707657217979 0.032844640314579 0.0243990812450647 0.0308806523680687
0.000443838682258502 0.000459464208688587 0.000485296972328797 0.00047218194231391 0.000420200754888356 0.000492923951242119 0.000571407901588827 0.000720887095667422 0.000777967448811978 0.00087043346138671 0.00091940478887409 0.00106391124427319 0.00114220671821386 0.00126760127022862 0.00134764611721039 0.00158866553101689 0.00181139749474823 0.00177007063757628 0.00141204567626119 0.00150328048039228 0.00311025837436318 0.00483975606039166 0.00420064851641655 0.00451855547726154 0.00515733007341623 0.00575335556641221 0.0060106529854238 0.00650719553232193 0.00782044697552919 0.00922226812690496 0.00908321980386972 0.0101113729178905 0.0115756401792169 0.0120965335518122 0.012787458486855 0.0151205994188786 0.0198471639305353 0.0248482339084148 0.0268421173095703 0.0313477776944637 0.0476779080927372 0.0454147346317768 0.0478681214153767 0.0454314947128296 0.0402464456856251 0.0388176068663597 0.0421249493956566 0.0322709418833256 0.0225439500063658 0.0203842520713806
0.000430106709245592 0.000437214010162279 0.000482106464914978 0.000507262186147273 0.000412621273426339 0.000639946549199522 0.000616563600488007 0.000709254876710474 0.000809293414931744 0.000895804958418012 0.000922229199204594 0.0010751485824585 0.00117654062341899 0.00132349494379014 0.0016477870522067 0.00192801863886416 0.0018824574071914 0.001719263731502 0.00127960578538477 0.00141759193502367 0.00319526437669992 0.00443943357095122 0.00389064685441554 0.00495752226561308 0.0055434787645936 0.00598509376868606 0.00580308213829994 0.00750657264143229 0.00847054831683636 0.00894321035593748 0.00915953889489174 0.00998477451503277 0.0104186637327075 0.0114540485665202 0.0126037318259478 0.0148730063810945 0.0174829959869385 0.0264376755803823 0.0299640353769064 0.0313160941004753 0.0461340211331844 0.0517174266278744 0.0523645617067814 0.0453998930752277 0.0403024926781654 0.0344538167119026 0.0366149730980396 0.0293062534183264 0.0249518379569054 0.0244215782731771
0.000513121718540788 0.000587411457672715 0.000606995949056 0.000614791584666818 0.000490203965455294 0.000657028809655458 0.000612050294876099 0.000693666574079543 0.000842315261252224 0.000838584557641298 0.000941423699259758 0.000992840505205095 0.0012313574552536 0.00158182112500072 0.00184390402864665 0.00204282556660473 0.0018949587829411 0.00135815644171089 0.00109093869104981 0.0012064992915839 0.00203502550721169 0.00353649351745844 0.00382930762134492 0.00515448115766048 0.0057245809584856 0.0061489399522543 0.00636994745582342 0.00807180162519217 0.0113998502492905 0.0125331357121468 0.0104879196733236 0.0102852582931519 0.0114004714414477 0.0116489324718714 0.0128143737092614 0.0139181250706315 0.0163068156689405 0.0231689978390932 0.0277752112597227 0.0384284071624279 0.0528907999396324 0.0499541126191616 0.0528593920171261 0.0487290397286415 0.037166602909565 0.0462345965206623 0.0305883511900902 0.0254495777189732 0.023911390453577 0.0238832458853722
0.000572809134609997 0.000577762315515429 0.000597631966229528 0.000610121351201087 0.000490628415718675 0.000685959355905652 0.000624695036094636 0.000738396076485515 0.000855747726745903 0.000892058771569282 0.000997169408947229 0.00120677659288049 0.00140163803007454 0.00163424469064921 0.00195527262985706 0.00212027225643396 0.00165490189101547 0.00108878524042666 0.00115732301492244 0.00133455463219434 0.00232404144480824 0.00336277042515576 0.00422345520928502 0.0050195031799376 0.00589911639690399 0.00622139172628522 0.00690141785889864 0.00997795257717371 0.0122473025694489 0.0146385366097093 0.0146726500242949 0.011051825247705 0.0114062260836363 0.0116825485602021 0.01281469874084 0.0128341941162944 0.0162185579538345 0.0302397441118956 0.0385054312646389 0.0473479367792606 0.0483635403215885 0.0519752092659473 0.0552405640482903 0.0545113757252693 0.0400712341070175 0.0394836589694023 0.0351563096046448 0.0240704845637083 0.0226679239422083 0.0265474822372198
0.000579133455175906 0.000588515016715974 0.000598195882048458 0.000613160198554397 0.000499744608532637 0.000663592829369009 0.000713599030859768 0.000792770704720169 0.000848054711241275 0.00100532954093069 0.00110844313167036 0.00130013737361878 0.00148440559860319 0.00165295717306435 0.00194122712127864 0.00201721745543182 0.00110982218757272 0.00115620612632483 0.00130652543157339 0.00169775716494769 0.00306961708702147 0.00390630960464478 0.00464119436219335 0.00530545646324754 0.00743960216641426 0.00639700703322887 0.00805202033370733 0.0102033913135529 0.0123584261164069 0.0144825810566545 0.0177042577415705 0.0145555827766657 0.0142890177667141 0.0147436046972871 0.0160604119300842 0.0174646973609924 0.0227640252560377 0.030533766373992 0.0486556030809879 0.0508165434002876 0.050136998295784 0.048921387642622 0.0467467457056046 0.0548754930496216 0.0291300304234028 0.0290833692997694 0.0311287511140108 0.0270787328481674 0.023389944806695 0.0234956070780754
0.000584618945140392 0.000570064061321318 0.000613519106991589 0.000615151249803603 0.000470976287033409 0.00066185329342261 0.000762949173804373 0.000834448670502752 0.000972542737144977 0.00108500942587852 0.0012660794891417 0.0014303372008726 0.00157880166079849 0.00175264361314476 0.00186512456275523 0.00102347240317613 0.00106528564356267 0.00120408483780921 0.00182145240250975 0.00261508044786751 0.00332648842595518 0.00393833965063095 0.00495141372084618 0.00757863000035286 0.00827132258564234 0.00843585561960936 0.00828717648983002 0.0101593350991607 0.0128655536100268 0.01571942307055 0.0178994964808226 0.0166747327893972 0.0163437854498625 0.0169075708836317 0.017113221809268 0.0199007540941238 0.0263214781880379 0.0376133099198341 0.0554892607033253 0.0491852574050426 0.051996935158968 0.0534229129552841 0.0551566630601883 0.060656126588583 0.0290403123944998 0.0290780737996101 0.0287102237343788 0.0272039044648409 0.0236238185316324 0.0223730001598597
0.000598833663389087 0.0005005247076042 0.000535363564267755 0.000619780563283712 0.000510070007294416 0.000662665232084692 0.000775605265516788 0.000809448654763401 0.00105141196399927 0.00115786411333829 0.00130028335843235 0.00144826772157103 0.001510453177616 0.00178464839700609 0.0014229875523597 0.000923854182474315 0.00100191531237215 0.00164457189384848 0.00285634538158774 0.00335680018179119 0.00363535387441516 0.00436055799946189 0.0067825554870069 0.00852606073021889 0.00950286723673344 0.00942329317331314 0.00890608504414558 0.0103837670758367 0.0140042258426547 0.0150808449834585 0.0166418310254812 0.0203370731323957 0.0197656825184822 0.0191674176603556 0.0237195771187544 0.0257702674716711 0.0325261689722538 0.0522177405655384 0.0548607371747494 0.0570606626570225 0.058738999068737 0.0547192543745041 0.0630003213882446 0.0404731370508671 0.0326296836137772 0.0328710898756981 0.0298807471990585 0.0295298844575882 0.0258131269365549 0.0219158120453358
0.000537562009412795 0.000558003026526421 0.000613198848441243 0.000644301238935441 0.00061659375205636 0.000452707288786769 0.00072529335739091 0.000987207633443177 0.00107842904981226 0.00119390164036304 0.00138968008104712 0.00151973031461239 0.00161285605281591 0.00161822326481342 0.00109303230419755 0.00111739581916481 0.00136957841459662 0.00263352901674807 0.00375254871323705 0.00417909072712064 0.00467940326780081 0.00563024077564478 0.00687282998114824 0.00871880166232586 0.00929544493556023 0.00969937816262245 0.00983803439885378 0.0112578691914678 0.0133120771497488 0.0147993490099907 0.015173714607954 0.0174165945500135 0.0204165447503328 0.0187976416200399 0.0216166637837887 0.0281274896115065 0.0428640954196453 0.0557727143168449 0.0612430945038795 0.0599876902997494 0.0591601952910423 0.0650505796074867 0.0623576529324055 0.0562246926128864 0.033980380743742 0.0315173007547855 0.0377912893891335 0.0373050421476364 0.0300296191126108 0.0255198292434216
0.000607890367973596 0.000663856451865286 0.000745106488466263 0.000769585079979151 0.000763946503866464 0.000471302919322625 0.00075626908801496 0.000950866844505072 0.00105482421349734 0.00127073051407933 0.0016181250102818 0.00139816745650023 0.0014347875257954 0.00100815517362207 0.00105028296820819 0.00113866454921663 0.00145476241596043 0.00239890883676708 0.00285873119719326 0.00309863430447876 0.00457312911748886 0.00550941564142704 0.00699104554951191 0.010788744315505 0.011420170776546 0.0129208378493786 0.0105032427236438 0.0108375828713179 0.013197205029428 0.013649957254529 0.0146508710458875 0.0246786829084158 0.0227781720459461 0.0202610101550817 0.0221057534217834 0.0337404906749725 0.0388130322098732 0.056974571198225 0.0617731250822544 0.0591449923813343 0.0567650273442268 0.0603175945580006 0.0657722353935242 0.051914881914854 0.0394309014081955 0.0336911603808403 0.0369862206280231 0.0396612659096718 0.0311570260673761 0.0263659134507179
