data/climate_estimation/maxent_output/Smilax_trachypoda.asc
NCOLS 144 
NROWS 169 
XLLCORNER 100.666666666667 
YLLCORNER 22.0833333333333 
CELLSIZE 0.0833333333333333 
NODATA_value -3.4e+38 
[rows 140 to 159 of 169, columns 44 to 87 of 144]
0.167312130331993 0.18362520635128 0.134230345487595 0.161781594157219 0.143600776791573 0.16612321138382 0.177863657474518 0.169917538762093 0.176229804754257 0.179085582494736 0.192636251449585 0.310522437095642 0.321563452482224 0.338879823684692 0.307219058275223 0.371557593345642 0.425514429807663 0.226538315415382 0.358034938573837 0.330761790275574 0.212188273668289 0.273129820823669 0.38171848654747 0.438320219516754 0.466149389743805 0.368387311697006 0.351178765296936 0.270156651735306 0.295771807432175 0.266691297292709 0.220156282186508 0.216448366641998 0.181803375482559 0.203158974647522 0.170901983976364 0.148484602570534 0.129907667636871 0.127382934093475 0.0478450991213322 0.0674959868192673 0.0701444670557976 0.0476374998688698 0.0380205363035202 0.0515718646347523
0.218606233596802 0.175617933273315 0.166765302419662 0.207450151443481 0.199304521083832 0.162793159484863 0.148554846644402 0.166057214140892 0.184250175952911 0.221906766295433 0.217526704072952 0.202684506773949 0.207559272646904 0.215414106845856 0.286914139986038 0.323816061019897 0.417720586061478 0.224175721406937 0.166687905788422 0.303300797939301 0.249299392104149 0.166902244091034 0.21585838496685 0.342452615499496 0.351478934288025 0.435408025979996 0.242958381772041 0.266192108392715 0.249711260199547 0.219897985458374 0.185537502169609 0.182840421795845 0.151505574584007 0.159591689705849 0.168233782052994 0.116172812879086 0.120752446353436 0.0810619443655014 0.0558647587895393 0.0422683581709862 0.0805953368544579 0.0681854709982872 0.0403941348195076 0.032711248844862
0.219048902392387 0.204158112406731 0.17090816795826 0.189590811729431 0.231671288609505 0.177831456065178 0.169051617383957 0.184947833418846 0.181412026286125 0.207358807325363 0.209638878703117 0.203677490353584 0.196555912494659 0.227847471833229 0.233777239918709 0.229887440800667 0.210025787353516 0.210740372538567 0.163390755653381 0.187784343957901 0.234832927584648 0.200421154499054 0.150966048240662 0.156928732991219 0.229978159070015 0.323798924684525 0.219377189874649 0.18772728741169 0.226069822907448 0.202484294772148 0.194614037871361 0.159066781401634 0.152445405721664 0.112790361046791 0.120636239647865 0.100030794739723 0.0979809463024139 0.0798268541693687 0.0595573298633099 0.043462336063385 0.0633320212364197 0.079326257109642 0.0587324500083923 0.0360277406871319
0.181613132357597 0.157850205898285 0.151229158043861 0.213541969656944 0.259242385625839 0.229614719748497 0.221681162714958 0.259679943323135 0.204749315977097 0.214184418320656 0.23774778842926 0.213149175047874 0.259671241044998 0.275098145008087 0.263298630714417 0.30095648765564 0.30931431055069 0.245360642671585 0.165010139346123 0.161052376031876 0.19057285785675 0.151271522045135 0.18441940844059 0.13238713145256 0.132212460041046 0.239076495170593 0.152135357260704 0.143752157688141 0.166895642876625 0.180826485157013 0.124600306153297 0.150042816996574 0.133364319801331 0.0802830904722214 0.0702485367655754 0.077253520488739 0.0418636128306389 0.0447913631796837 0.0417146161198616 0.0523408688604832 0.0738510265946388 0.0719771161675453 0.0525860749185085 0.0376490466296673
0.176771074533463 0.178399547934532 0.149132147431374 0.177005976438522 0.215322852134705 0.229563564062119 0.222927644848824 0.243097245693207 0.229110360145569 0.243326455354691 0.250139623880386 0.256910920143127 0.198767438530922 0.19817441701889 0.171888157725334 0.174518093466759 0.182915896177292 0.149810999631882 0.181951805949211 0.122349299490452 0.128454625606537 0.135284259915352 0.113798715174198 0.121649399399757 0.0856288522481918 0.137536317110062 0.162267789244652 0.0867777690291405 0.112162984907627 0.128037497401237 0.118945598602295 0.104397140443325 0.130494803190231 0.101626664400101 0.0652473717927933 0.0637407898902893 0.0300890747457743 0.0284889582544565 0.0310317557305098 0.0485473275184631 0.0747658088803291 0.0646540820598602 0.0482333302497864 0.0345473140478134
0.179884970188141 0.18637689948082 0.178057968616486 0.202824115753174 0.229027301073074 0.206251189112663 0.196049705147743 0.198171839118004 0.218636706471443 0.250955820083618 0.289172351360321 0.226543679833412 0.232331469655037 0.189589530229568 0.182994246482849 0.197801992297173 0.220579117536545 0.235424041748047 0.263972043991089 0.138085827231407 0.0926754847168922 0.111105442047119 0.0899635478854179 0.104067087173462 0.0658474341034889 0.0852042064070702 0.0762384757399559 0.0749374181032181 0.0806313380599022 0.10445174574852 0.104601718485355 0.0853263884782791 0.122082933783531 0.103559695184231 0.0675685480237007 0.0670755133032799 0.0359707996249199 0.0295558273792267 0.0263882521539927 0.0386192426085472 0.0539488457143307 0.0642719268798828 0.0364258028566837 0.0236127078533173
0.17942701280117 0.185777246952057 0.199008569121361 0.203071758151054 0.19216725230217 0.193423479795456 0.188518106937408 0.193723082542419 0.233918398618698 0.235320717096329 0.273447841405869 0.260645627975464 0.194047451019287 0.163317531347275 0.175626143813133 0.25852906703949 0.29794254899025 0.254808038473129 0.227353662252426 0.148418009281158 0.100878857076168 0.0876469835639 0.0921456888318062 0.0822159796953201 0.0643754154443741 0.0525733344256878 0.0574691779911518 0.0477704964578152 0.0531888753175735 0.066071018576622 0.0840077623724937 0.0677338466048241 0.0963257923722267 0.0884902775287628 0.0596764758229256 0.0303812753409147 0.0292064566165209 0.0226106140762568 0.0247494764626026 0.0257918424904346 0.0295874495059252 0.0439363978803158 0.0324010774493217 0.0211979802697897
0.1788529753685 0.192537277936935 0.195981457829475 0.240636363625526 0.230140164494514 0.213319957256317 0.230742484331131 0.22751572728157 0.238791480660439 0.24116350710392 0.235862091183662 0.20830400288105 0.221259355545044 0.154171913862228 0.232143178582191 0.27745133638382 0.238149911165237 0.150658071041107 0.117123939096928 0.117989107966423 0.0742719769477844 0.0870869383215904 0.0989953055977821 0.107596918940544 0.104633890092373 0.0774337649345398 0.0446222238242626 0.0396414771676064 0.0533774271607399 0.0508399121463299 0.048092432320118 0.049140926450491 0.0703931227326393 0.0858296006917953 0.0592774115502834 0.0248562842607498 0.0261103883385658 0.026872618123889 0.0342473350465298 0.0423922501504421 0.0324495360255241 0.0228180345147848 0.0243186485022306 0.0215057674795389
0.1866465061903 0.205419853329659 0.222198262810707 0.234144240617752 0.254535585641861 0.264660507440567 0.281049728393555 0.305308550596237 0.302327066659927 0.261500298976898 0.24116587638855 0.255248457193375 0.239719346165657 0.209520056843758 0.240235224366188 0.244934126734734 0.199587419629097 0.178457915782928 0.162843197584152 0.108847610652447 0.102798387408257 0.0733334794640541 0.11299154907465 0.157155096530914 0.151429533958435 0.0939205214381218 0.0679861083626747 0.0429440550506115 0.0398271717131138 0.041226614266634 0.0387727133929729 0.0428122170269489 0.0476773306727409 0.0660762190818787 0.0285541824996471 0.0277316775172949 0.0317764990031719 0.0257375612854958 0.0207558702677488 0.0234946701675653 0.0309311281889677 0.0229075103998184 0.0171194113790989 0.0164878498762846
0.186638832092285 0.190644204616547 0.228927448391914 0.205440953373909 0.207192495465279 0.234973952174187 0.276731699705124 0.300095736980438 0.281266629695892 0.299373358488083 0.287624001502991 0.27113264799118 0.239770203828812 0.210725262761116 0.205367028713226 0.237409546971321 0.206559345126152 0.167568117380142 0.160725757479668 0.172792553901672 0.119563564658165 0.0859874412417412 0.136745512485504 0.207839787006378 0.167457953095436 0.0896576270461082 0.0680239349603653 0.0723724365234375 0.056056410074234 0.0517908819019794 0.0426021479070187 0.034455306828022 0.0360838063061237 0.0424637869000435 0.032115250825882 0.0310027524828911 0.0380771309137344 0.0290973987430334 0.0232548993080854 0.0182278919965029 0.0181245096027851 0.0180131457746029 0.0162815283983946 0.0139078656211495
0.188134163618088 0.214610993862152 0.24518971145153 0.24854664504528 0.194691494107246 0.195725619792938 0.208211660385132 0.236418515443802 0.232778087258339 0.270664691925049 0.278069883584976 0.275870054960251 0.277055382728577 0.253613144159317 0.197484135627747 0.144914135336876 0.156546697020531 0.12208154052496 0.121643543243408 0.163495481014252 0.104621224105358 0.110517121851444 0.2108214199543 0.159700408577919 0.103974759578705 0.0869854241609573 0.0917965397238731 0.0926601141691208 0.0987258404493332 0.0904844477772713 0.0748162195086479 0.0387369468808174 0.0345924720168114 0.0307305343449116 0.0184733755886555 0.0220894888043404 0.0287461448460817 0.0271630380302668 0.0215729847550392 0.0198602713644505 0.0179358012974262 0.0169841814786196 0.0144329974427819 0.0139317642897367
0.204477071762085 0.200177952647209 0.211692199110985 0.211852923035622 0.224219873547554 0.192998215556145 0.15949535369873 0.173871517181396 0.155216991901398 0.181452602148056 0.223847717046738 0.289480686187744 0.279351502656937 0.285354346036911 0.223262920975685 0.164014145731926 0.163517981767654 0.172391980886459 0.152542799711227 0.120068460702896 0.128815725445747 0.130140841007233 0.21254526078701 0.153010800480843 0.132904842495918 0.148221224546432 0.149394810199738 0.117009907960892 0.140753880143166 0.109820358455181 0.0830538421869278 0.0592042431235313 0.0399560779333115 0.0341682769358158 0.0176493003964424 0.015396861359477 0.0208612829446793 0.0228796750307083 0.0261754505336285 0.0197502300143242 0.0160818789154291 0.0136248711496592 0.0126045607030392 0.0119188139215112
0.207140147686005 0.173677384853363 0.179380550980568 0.194507583975792 0.213484033942223 0.220391571521759 0.205366864800453 0.211549416184425 0.215726166963577 0.204123169183731 0.169366583228111 0.174903154373169 0.287037640810013 0.272940903902054 0.206831246614456 0.223573163151741 0.198042526841164 0.171847134828568 0.172199264168739 0.118345938622952 0.140100240707397 0.151013374328613 0.147333532571793 0.154276117682457 0.157921001315117 0.164395734667778 0.138340622186661 0.129459142684937 0.114213839173317 0.0877834036946297 0.0747713521122932 0.0592069923877716 0.0508940853178501 0.0228691902011633 0.0251726806163788 0.0154803339391947 0.0147377494722605 0.0211168564856052 0.0166687313467264 0.0185791291296482 0.0123807257041335 0.0125218015164137 0.0133223813027143 0.0103743746876717
0.207665398716927 0.209829494357109 0.20114503800869 0.201351702213287 0.216463759541512 0.211536034941673 0.162940248847008 0.192845240235329 0.251660346984863 0.268036067485809 0.229764834046364 0.193008124828339 0.222320333123207 0.251340568065643 0.161326393485069 0.16619998216629 0.165011987090111 0.161059975624084 0.194517135620117 0.167568996548653 0.148408189415932 0.141328498721123 0.138437077403069 0.126721620559692 0.135984152555466 0.129897877573967 0.110393524169922 0.102258801460266 0.0855657830834389 0.0941402390599251 0.0666007325053215 0.0488515645265579 0.0290094800293446 0.0288669671863317 0.0251000300049782 0.0205184053629637 0.0193446204066277 0.0129253473132849 0.0124278692528605 0.013550765812397 0.0106375776231289 0.010721430182457 0.00988495256751776 0.00953349377959967
0.171429112553596 0.199356496334076 0.175656318664551 0.158639550209045 0.143653959035873 0.114749900996685 0.0762172043323517 0.091357596218586 0.175711318850517 0.253303408622742 0.249777376651764 0.20937804877758 0.146998032927513 0.235847070813179 0.17059713602066 0.107939027249813 0.151271417737007 0.169053226709366 0.147452130913734 0.169897735118866 0.132890596985817 0.127977564930916 0.128932520747185 0.126256331801414 0.108006834983826 0.115482501685619 0.116348169744015 0.0976952984929085 0.0975994765758514 0.0628941804170609 0.0599661357700825 0.0315700508654118 0.032244611531496 0.0308476816862822 0.0274472739547491 0.0249901693314314 0.0223059859126806 0.0180307645350695 0.00968450121581554 0.00874183978885412 0.00982538983225822 0.0117499921470881 0.0144943669438362 0.00797538831830025
0.190299183130264 0.14643657207489 0.196756541728973 0.182987034320831 0.187353655695915 0.20605842769146 0.0874098688364029 0.067726269364357 0.0794516131281853 0.180138170719147 0.2377098351717 0.218813538551331 0.202864646911621 0.141888663172722 0.155919089913368 0.104048661887646 0.12218850851059 0.159544870257378 0.105805598199368 0.140794888138771 0.143174231052399 0.132844239473343 0.128402099013329 0.109757773578167 0.113107219338417 0.10414495319128 0.0988714769482613 0.0860893130302429 0.0829158872365952 0.0447136498987675 0.0411221943795681 0.0374023169279099 0.0340509675443172 0.032519169151783 0.0285888891667128 0.0246379598975182 0.0238384492695332 0.0194820072501898 0.0120135620236397 0.00908210780471563 0.00904171727597713 0.0123493745923042 0.0124245351180434 0.00724807241931558
0.189740672707558 0.117339387536049 0.156602919101715 0.214351519942284 0.16442708671093 0.263925433158875 0.149932608008385 0.143395081162453 0.103045023977757 0.0903858989477158 0.115566119551659 0.122170485556126 0.137779161334038 0.16864775121212 0.133998289704323 0.0924497917294502 0.107390135526657 0.109433889389038 0.0858501046895981 0.127028912305832 0.133477747440338 0.130299061536789 0.129347741603851 0.10166958719492 0.0989057049155235 0.0905100926756859 0.0576300993561745 0.0639975219964981 0.0492714419960976 0.0409126654267311 0.0380796678364277 0.0428165458142757 0.0311230067163706 0.0269908830523491 0.0270625445991755 0.0244055576622486 0.0205587167292833 0.0186411906033754 0.0145411714911461 0.00975178647786379 0.00809932500123978 0.00782549008727074 0.00793986860662699 0.0072321305051446
0.176479384303093 0.170050427317619 0.116712331771851 0.127118140459061 0.129915028810501 0.19223427772522 0.140243366360664 0.0992386415600777 0.0901553779840469 0.207691684365273 0.0760512501001358 0.054887343198061 0.0550086721777916 0.0646950230002403 0.0823970064520836 0.0866272747516632 0.132792204618454 0.0879785716533661 0.0984470471739769 0.110072240233421 0.118208482861519 0.118263848125935 0.119390852749348 0.108187675476074 0.0930703207850456 0.0503640361130238 0.0475877560675144 0.0525380410254002 0.0409692674875259 0.0375661179423332 0.0384838692843914 0.0426301509141922 0.0339407622814178 0.0259649474173784 0.0235974099487066 0.0252926684916019 0.0228023957461119 0.016069307923317 0.0139962593093514 0.0105266040191054 0.00797206722199917 0.0073640258051455 0.0066482569091022 0.00717990752309561
0.17853556573391 0.198993310332298 0.232051119208336 0.199970841407776 0.167492046952248 0.0607649311423302 0.0596050806343555 0.0380486063659191 0.0825711637735367 0.185184255242348 0.103023767471313 0.0817021802067757 0.0846391767263412 0.0724140554666519 0.0628045424818993 0.0728747919201851 0.0813982561230659 0.151257395744324 0.112991116940975 0.0834962427616119 0.0808540657162666 0.107737421989441 0.117270231246948 0.0984947085380554 0.0557872466742992 0.0449926219880581 0.0440527088940144 0.04084787145257 0.0305469539016485 0.0360269285738468 0.0423263721168041 0.0338866114616394 0.0273190680891275 0.0214994233101606 0.0242646709084511 0.0228821933269501 0.0207863934338093 0.0165554098784924 0.0130008682608604 0.0115428967401385 0.0114740934222937 0.00931068975478411 0.00743309082463384 0.00745353614911437
0.195272743701935 0.185953810811043 0.158556640148163 0.137208551168442 0.191518425941467 0.13853058218956 0.0469090156257153 0.0171776134520769 0.0206201877444983 0.0625174269080162 0.0976703763008118 0.145528003573418 0.0732182413339615 0.0845732986927032 0.0878363773226738 0.0948640257120132 0.0993826538324356 0.167295455932617 0.123063251376152 0.0894766598939896 0.0621051341295242 0.0800847485661507 0.0630337372422218 0.0596427097916603 0.0476972050964832 0.0417692922055721 0.0367740392684937 0.0350228436291218 0.032819889485836 0.0283395983278751 0.0317083559930325 0.0310946758836508 0.0255387481302023 0.0207459256052971 0.0168490502983332 0.0190350413322449 0.0231920145452023 0.0212281923741102 0.0189748723059893 0.0154211381450295 0.0169248599559069 0.0107356747612357 0.00738376285880804 0.00720131536945701
