data/climate_estimation/maxent_output/Smilax_glaucochina.asc
NCOLS 193 
NROWS 139 
XLLCORNER 104.5 
YLLCORNER 22.6666666666667 
CELLSIZE 0.0833333333333333 
NODATA_value -3.4e+38 
[rows 40 to 59 of 139, columns 44 to 87 of 193]
0.919523060321808 0.945312201976776 0.964125275611877 0.964972138404846 0.963513255119324 0.959131240844727 0.95785665512085 0.955030977725983 0.957357406616211 0.95388787984848 0.949071824550629 0.921647012233734 0.918371915817261 0.900223672389984 0.890420377254486 0.898768186569214 0.875899016857147 0.866126775741577 0.777666091918945 0.763280808925629 0.776035606861115 0.84309995174408 0.709196329116821 0.720761835575104 0.766326189041138 0.787028014659882 0.805475413799286 0.809276700019836 0.818130970001221 0.835964798927307 0.789563477039337 0.825977981090546 0.856660664081573 0.888011157512665 0.892356872558594 0.890816867351532 0.861367344856262 0.891339898109436 0.900902390480042 0.87537682056427 0.836468994617462 0.845590889453888 0.844241321086884 0.823712646961212
0.952957630157471 0.962723255157471 0.963630199432373 0.965707421302795 0.953662276268005 0.952479779720306 0.954046249389648 0.960041582584381 0.959271192550659 0.937232375144958 0.949649035930634 0.851505756378174 0.839832782745361 0.894259631633759 0.816756129264832 0.853307902812958 0.849759876728058 0.574118912220001 0.577777624130249 0.826837062835693 0.760953068733215 0.625978052616119 0.598988354206085 0.636025786399841 0.641103565692902 0.716145694255829 0.810726523399353 0.78680008649826 0.780482888221741 0.80405455827713 0.783255636692047 0.8487349152565 0.798691213130951 0.886531293392181 0.887487649917603 0.889740884304047 0.909365594387054 0.926513671875 0.920456111431122 0.901315629482269 0.888316750526428 0.869372963905334 0.851409673690796 0.833285212516785
0.953249037265778 0.958156764507294 0.963394701480865 0.95910519361496 0.941478967666626 0.959523260593414 0.941540360450745 0.938005685806274 0.958573639392853 0.935086846351624 0.91504031419754 0.861157596111298 0.794409692287445 0.73147439956665 0.810658276081085 0.737307071685791 0.49401393532753 0.583355188369751 0.783172190189362 0.891400814056396 0.750845730304718 0.776100158691406 0.809773325920105 0.81774628162384 0.736237168312073 0.697443723678589 0.793822050094604 0.669417381286621 0.638058304786682 0.709749579429626 0.798112511634827 0.830545008182526 0.816547513008118 0.846166968345642 0.891711533069611 0.91729062795639 0.932337760925293 0.937174260616302 0.930648028850555 0.91218763589859 0.894679963588715 0.87308269739151 0.854181587696075 0.831700026988983
0.95172131061554 0.960212767124176 0.954178333282471 0.934419333934784 0.948791980743408 0.949260115623474 0.888196051120758 0.886045038700104 0.938839018344879 0.870183408260345 0.934192359447479 0.780575513839722 0.659623086452484 0.670940518379211 0.655845522880554 0.70071667432785 0.761606872081757 0.857644200325012 0.921193480491638 0.908233165740967 0.863716959953308 0.872681438922882 0.869070708751678 0.850241541862488 0.799961268901825 0.767837405204773 0.829940259456635 0.834317147731781 0.821647942066193 0.765439450740814 0.640807390213013 0.781348824501038 0.835091769695282 0.875377118587494 0.906077444553375 0.923355877399445 0.922808051109314 0.928815484046936 0.926392197608948 0.914764523506165 0.896191716194153 0.872731149196625 0.85053813457489 0.830590188503265
0.953238725662231 0.956700146198273 0.888829469680786 0.923919141292572 0.898912668228149 0.865603446960449 0.841835200786591 0.886537909507751 0.797604322433472 0.852512955665588 0.637094020843506 0.472997546195984 0.504727184772491 0.569563388824463 0.599684715270996 0.762697160243988 0.871568918228149 0.925652742385864 0.934011518955231 0.920501351356506 0.873083174228668 0.776008069515228 0.79715234041214 0.870763778686523 0.787452280521393 0.771585404872894 0.74884968996048 0.86131751537323 0.776994943618774 0.672922611236572 0.56859016418457 0.691762506961823 0.788425981998444 0.841487407684326 0.902460932731628 0.920247137546539 0.914356052875519 0.921369314193726 0.917892932891846 0.907852232456207 0.886960446834564 0.865149974822998 0.844318687915802 0.818050801753998
0.954202175140381 0.929595589637756 0.895673632621765 0.899428248405457 0.850718140602112 0.754204630851746 0.756580471992493 0.770705759525299 0.790928184986115 0.678896367549896 0.572772800922394 0.592329621315002 0.633034765720367 0.477213650941849 0.82004851102829 0.90232390165329 0.942361056804657 0.938417673110962 0.92915278673172 0.883396565914154 0.731353163719177 0.682520270347595 0.808249175548553 0.875268578529358 0.797426998615265 0.846356987953186 0.879386067390442 0.869207799434662 0.822371780872345 0.853709161281586 0.810377359390259 0.710798144340515 0.877043664455414 0.887458205223083 0.888543725013733 0.914030253887177 0.914110422134399 0.916490614414215 0.90898722410202 0.891661643981934 0.881473243236542 0.85914945602417 0.826465368270874 0.776332139968872
0.94636344909668 0.863585650920868 0.877927720546722 0.757893621921539 0.782752215862274 0.670795857906342 0.690267205238342 0.786607563495636 0.731000483036041 0.646826326847076 0.683402240276337 0.779690027236938 0.797040641307831 0.795631945133209 0.911109089851379 0.92914354801178 0.95220410823822 0.891235530376434 0.922397196292877 0.77497136592865 0.787868738174438 0.87319153547287 0.898380041122437 0.888787746429443 0.880440175533295 0.808665573596954 0.828546285629272 0.760239958763123 0.812223792076111 0.824831366539001 0.822209894657135 0.883628666400909 0.838051855564117 0.885862767696381 0.888595283031464 0.886292815208435 0.892745971679688 0.904680788516998 0.895539283752441 0.879885673522949 0.861773312091827 0.836918234825134 0.791720449924469 0.740557730197906
0.892945051193237 0.802522242069244 0.684520423412323 0.659142792224884 0.685601234436035 0.652652978897095 0.791734457015991 0.796266317367554 0.78600662946701 0.805670619010925 0.761804640293121 0.840177059173584 0.764109909534454 0.798965156078339 0.840916454792023 0.966299712657928 0.954574286937714 0.885292291641235 0.925994753837585 0.895417928695679 0.894427061080933 0.82013738155365 0.759023368358612 0.760115385055542 0.884465217590332 0.632768869400024 0.534747064113617 0.782028377056122 0.766855418682098 0.80062061548233 0.514384746551514 0.76388555765152 0.759255170822144 0.783912360668182 0.831807613372803 0.800344288349152 0.83971095085144 0.874887764453888 0.882295668125153 0.856910169124603 0.841645300388336 0.799705028533936 0.776870250701904 0.728553593158722
0.78500360250473 0.790278136730194 0.603672325611115 0.591601967811584 0.618814527988434 0.638282358646393 0.706589162349701 0.736636936664581 0.736144483089447 0.691218078136444 0.716917514801025 0.693854451179504 0.786031663417816 0.810467720031738 0.924265682697296 0.961227893829346 0.936224043369293 0.928633272647858 0.75680148601532 0.666107475757599 0.743833601474762 0.621470034122467 0.605430245399475 0.766294956207275 0.839854121208191 0.599897801876068 0.489175081253052 0.818440020084381 0.683511853218079 0.812807261943817 0.739000976085663 0.663024127483368 0.740535616874695 0.778227806091309 0.850632727146149 0.868479073047638 0.865805447101593 0.857815563678741 0.846921265125275 0.832197964191437 0.807793617248535 0.787028968334198 0.734935939311981 0.684735298156738
0.848971664905548 0.754971742630005 0.680360794067383 0.637777328491211 0.612480342388153 0.714538931846619 0.791527926921844 0.776579678058624 0.686733901500702 0.655415534973145 0.832291483879089 0.8357213139534 0.782892823219299 0.732690811157227 0.932422041893005 0.953914642333984 0.899111449718475 0.914657354354858 0.80705726146698 0.582777380943298 0.610531151294708 0.493854999542236 0.443195044994354 0.739116907119751 0.742335498332977 0.483168303966522 0.495435565710068 0.531100511550903 0.473312050104141 0.650835752487183 0.669943511486053 0.670568108558655 0.74104630947113 0.745820462703705 0.817572712898254 0.795557677745819 0.783602654933929 0.763430237770081 0.757926642894745 0.767139911651611 0.751935184001923 0.718123078346252 0.690931916236877 0.662832915782928
0.83463442325592 0.692629516124725 0.677872776985168 0.633490860462189 0.570425748825073 0.725998103618622 0.850616216659546 0.830671548843384 0.699927508831024 0.841651082038879 0.898116707801819 0.793343424797058 0.823032081127167 0.832941591739655 0.897061228752136 0.926671862602234 0.912818729877472 0.858512818813324 0.726303577423096 0.494666516780853 0.508103311061859 0.601934909820557 0.715279698371887 0.778000235557556 0.552099704742432 0.591873109340668 0.635097920894623 0.60780668258667 0.605461716651917 0.786977529525757 0.804872870445251 0.727881789207458 0.802846729755402 0.723184525966644 0.743435025215149 0.780306100845337 0.776952385902405 0.787414312362671 0.757531821727753 0.750512540340424 0.721617877483368 0.696438133716583 0.679367661476135 0.645755350589752
0.729743480682373 0.636393010616302 0.579703211784363 0.756473124027252 0.63519811630249 0.735599756240845 0.848156154155731 0.819764912128448 0.792241752147675 0.857125580310822 0.820771455764771 0.852649629116058 0.879706919193268 0.790262937545776 0.856338024139404 0.931782841682434 0.912395358085632 0.821940004825592 0.735632598400116 0.623382449150085 0.657274901866913 0.84582394361496 0.85715514421463 0.735814869403839 0.71077698469162 0.850341498851776 0.640975594520569 0.628536581993103 0.81626307964325 0.796786248683929 0.793783366680145 0.836127042770386 0.836106538772583 0.779268503189087 0.792079567909241 0.789255082607269 0.77314305305481 0.774929881095886 0.752898335456848 0.718081414699554 0.709782958030701 0.674917995929718 0.665812194347382 0.632614612579346
0.691998958587646 0.676967203617096 0.724233210086823 0.696587800979614 0.803258717060089 0.855670511722565 0.883103311061859 0.83592426776886 0.833911895751953 0.861026585102081 0.83135861158371 0.902181029319763 0.840966105461121 0.822249710559845 0.902014851570129 0.867105484008789 0.792936086654663 0.782671689987183 0.768836319446564 0.702108860015869 0.765445113182068 0.853716552257538 0.892092347145081 0.840207695960999 0.826653242111206 0.823428452014923 0.652363300323486 0.758355140686035 0.753010749816895 0.777267515659332 0.810261726379395 0.838419377803802 0.847726881504059 0.796850621700287 0.780637145042419 0.771521627902985 0.757500946521759 0.737215876579285 0.732474744319916 0.723396182060242 0.686110854148865 0.676620721817017 0.646253526210785 0.635649681091309
0.514043033123016 0.688569128513336 0.771311402320862 0.710502147674561 0.879571437835693 0.850935995578766 0.835440635681152 0.796431303024292 0.857796907424927 0.864220857620239 0.888028502464294 0.913311123847961 0.871834754943848 0.861860036849976 0.784702956676483 0.853379309177399 0.868970692157745 0.838689029216766 0.750007331371307 0.631514430046082 0.821898579597473 0.792265236377716 0.765171349048615 0.691767454147339 0.833885371685028 0.873648822307587 0.757449448108673 0.822370052337646 0.815245091915131 0.80612975358963 0.859124064445496 0.848641633987427 0.855797588825226 0.823569357395172 0.771189093589783 0.79061621427536 0.756915509700775 0.73600435256958 0.712468326091766 0.701398551464081 0.668683230876923 0.664300322532654 0.654817819595337 0.618859469890594
0.564702868461609 0.75905841588974 0.776970148086548 0.827266037464142 0.865315735340118 0.869283020496368 0.826165080070496 0.691340684890747 0.807145655155182 0.887539029121399 0.918844103813171 0.867874681949615 0.882119297981262 0.835186183452606 0.863380432128906 0.90371710062027 0.921785652637482 0.868768453598022 0.745910882949829 0.749385714530945 0.913606822490692 0.900333642959595 0.910333752632141 0.912748515605927 0.9077108502388 0.85903525352478 0.872117400169373 0.8872429728508 0.798809111118317 0.714611232280731 0.80720990896225 0.793960094451904 0.808762311935425 0.825562834739685 0.793821215629578 0.758002400398254 0.727736055850983 0.724284827709198 0.710041165351868 0.68183559179306 0.672713339328766 0.664721608161926 0.629987776279449 0.627436876296997
0.724113643169403 0.746882021427155 0.745879948139191 0.835090160369873 0.879040956497192 0.845789194107056 0.794024348258972 0.866517305374146 0.877155780792236 0.905854880809784 0.875986218452454 0.83943498134613 0.849022626876831 0.889986276626587 0.922549903392792 0.941218078136444 0.935677766799927 0.813211023807526 0.772522687911987 0.861709296703339 0.90873384475708 0.916174352169037 0.939388334751129 0.937666475772858 0.897111892700195 0.886465728282928 0.892808139324188 0.880795776844025 0.882353067398071 0.796337127685547 0.779432117938995 0.803875684738159 0.812897145748138 0.826283752918243 0.797752439975739 0.786500692367554 0.754188239574432 0.740789532661438 0.730392813682556 0.691509425640106 0.653466522693634 0.640894055366516 0.626991152763367 0.597930371761322
0.743879795074463 0.788140296936035 0.806415557861328 0.868414640426636 0.86684513092041 0.845778524875641 0.830478966236115 0.876333117485046 0.859608769416809 0.827364683151245 0.78026419878006 0.874864876270294 0.920768916606903 0.941512882709503 0.944373548030853 0.952405571937561 0.941512048244476 0.769145607948303 0.881347298622131 0.925265371799469 0.938215911388397 0.911644697189331 0.946493029594421 0.944024860858917 0.917229771614075 0.925805747509003 0.903883934020996 0.849385023117065 0.9004265666008 0.864559948444366 0.870187401771545 0.858079969882965 0.866472899913788 0.837382674217224 0.805460751056671 0.763517200946808 0.764662265777588 0.718723237514496 0.706378817558289 0.660205483436584 0.647188484668732 0.636229813098907 0.603528022766113 0.593962609767914
0.752408623695374 0.845922410488129 0.812954664230347 0.825494229793549 0.826766908168793 0.804720342159271 0.858917832374573 0.906476318836212 0.81571751832962 0.712132513523102 0.787386476993561 0.916502296924591 0.931730568408966 0.943422615528107 0.950950443744659 0.951672434806824 0.910796582698822 0.813965499401093 0.906328201293945 0.918824195861816 0.922067701816559 0.948896944522858 0.950973153114319 0.952507674694061 0.955608546733856 0.924587368965149 0.907981038093567 0.904890894889832 0.874416053295135 0.900131046772003 0.897525429725647 0.853939533233643 0.807090401649475 0.810252010822296 0.780563414096832 0.791856288909912 0.755456924438477 0.707182705402374 0.70410031080246 0.671142160892487 0.62504631280899 0.612506031990051 0.60051417350769 0.585290312767029
0.829319179058075 0.781303107738495 0.748451888561249 0.678454697132111 0.644106507301331 0.820357620716095 0.846397042274475 0.898515999317169 0.777164578437805 0.655583739280701 0.824703872203827 0.913429200649261 0.918399333953857 0.93338531255722 0.948205888271332 0.911483228206635 0.863727331161499 0.931517899036407 0.929255664348602 0.908604860305786 0.92968225479126 0.953392565250397 0.939911127090454 0.960158288478851 0.920723378658295 0.915419578552246 0.90725165605545 0.83157879114151 0.863672316074371 0.89131486415863 0.829028189182281 0.816624402999878 0.826629400253296 0.837536871433258 0.803640007972717 0.784071207046509 0.739098489284515 0.718487501144409 0.707755148410797 0.634165227413177 0.622206807136536 0.611287653446198 0.598712384700775 0.56194132566452
0.774894058704376 0.701930224895477 0.726789653301239 0.736819326877594 0.826334774494171 0.841013014316559 0.843080222606659 0.838176429271698 0.677495718002319 0.814688265323639 0.893751561641693 0.927878201007843 0.940045654773712 0.948922038078308 0.905977725982666 0.895039021968842 0.876527726650238 0.941593766212463 0.934538722038269 0.932237982749939 0.93792861700058 0.946176767349243 0.93964809179306 0.931513905525208 0.91522079706192 0.943694531917572 0.924267470836639 0.868984460830688 0.873988091945648 0.883908152580261 0.901694715023041 0.873465240001678 0.808175683021545 0.80798465013504 0.805822491645813 0.763636946678162 0.748001277446747 0.70044207572937 0.685642540454865 0.636215209960938 0.615234553813934 0.589533388614655 0.578160881996155 0.572678744792938
