data/climate_estimation/maxent_output/Smilax_auriculata.asc
NCOLS 184 
NROWS 139 
XLLCORNER -90.4166666666667 
YLLCORNER 25.0833333333333 
CELLSIZE 0.0833333333333333 
NODATA_value -3.4e+38 
[rows 0 to 22 of 139, columns 51 to 101 of 184]
0.053317666053772 0.0538668483495712 0.0479063093662262 0.0477562546730042 0.0479766167700291 0.0466326102614403 0.0438491627573967 0.0421186424791813 0.0403915718197823 0.0383483953773975 0.0371293239295483 0.0293268114328384 0.0292980466037989 0.0255089160054922 0.0232649818062782 0.0193863697350025 0.0203016214072704 0.0199533700942993 0.0203532967716455 0.0212949942797422 0.0215955805033445 0.0248522832989693 0.0240967757999897 0.0244209226220846 0.0268263816833496 0.025970134884119 0.0289703421294689 0.020836578682065 0.0210008677095175 0.0309149213135242 0.0262658167630434 0.0241594444960356 0.0220852270722389 0.0179667174816132 0.0198728423565626 0.0161091629415751 0.0164799522608519 0.016683429479599 0.0153680825605989 0.0128013445064425 0.0122449453920126 0.0127921486273408 0.0130121884867549 0.0129086431115866 0.0128619074821472 0.0123832663521171 0.0100692491978407 0.00767884496599436 0.0079681072384119 0.00831873062998056 0.00865919794887304
0.061798345297575 0.0670497566461563 0.0552261956036091 0.0550502166152 0.0565912202000618 0.0530462078750134 0.0491486676037312 0.0471923649311066 0.0423443652689457 0.0405445210635662 0.0384153611958027 0.0368650145828724 0.0295700691640377 0.0279730595648289 0.0265452396124601 0.0210189465433359 0.020014526322484 0.0212210156023502 0.0233616288751364 0.0232119206339121 0.0228136945515871 0.0220463071018457 0.0251933615654707 0.0258916150778532 0.0256268978118896 0.0266110375523567 0.0314469449222088 0.0230193883180618 0.0283144414424896 0.0305979587137699 0.0299896113574505 0.0257580690085888 0.0237764995545149 0.0174132660031319 0.0149786127731204 0.0178799536079168 0.0172941405326128 0.0160903166979551 0.0153183154761791 0.0148466760292649 0.0130761954933405 0.0141111528500915 0.0137802641838789 0.0170807596296072 0.0134406955912709 0.0130481198430061 0.0137829016894102 0.00865922216325998 0.00903051998466253 0.00898448284715414 0.00564559502527118
0.0623918324708939 0.0706208720803261 0.0749165713787079 0.0628156289458275 0.0623278021812439 0.0619341060519218 0.0572634972631931 0.0516468957066536 0.0486426539719105 0.0428691357374191 0.0401537865400314 0.0395278185606003 0.0388492681086063 0.0304864030331373 0.0276481863111258 0.0258623473346233 0.026605449616909 0.0279446840286255 0.0295259989798069 0.025450374931097 0.0296265799552202 0.0274090953171253 0.0274900048971176 0.0266945697367191 0.0276600439101458 0.0269230250269175 0.031273391097784 0.0325397253036499 0.0328278839588165 0.0303658898919821 0.0269493442028761 0.0254881605505943 0.0224450025707483 0.0207312144339085 0.0188000649213791 0.017209067940712 0.0156800970435143 0.0160669088363647 0.0166943967342377 0.0174966063350439 0.0171465221792459 0.0161327701061964 0.0167260523885489 0.016061794012785 0.0167144536972046 0.0141005767509341 0.0146432975307107 0.0130193373188376 0.00651592295616865 0.00629562279209495 0.00451812148094177
0.0633062422275543 0.0695915520191193 0.0774149149656296 0.0804203599691391 0.0777381956577301 0.0642772391438484 0.0611354894936085 0.0579566322267056 0.0524767749011517 0.0504807718098164 0.0441563837230206 0.0433365479111671 0.0324577465653419 0.0379548668861389 0.0299459975212812 0.0280904266983271 0.02897734567523 0.0307471416890621 0.0322687290608883 0.033619225025177 0.033619225025177 0.0309371948242188 0.0293684955686331 0.0290506184101105 0.0357451625168324 0.0353036001324654 0.0351025350391865 0.0342869944870472 0.0327117592096329 0.0371794402599335 0.0330872349441051 0.0244182609021664 0.0219533089548349 0.020174777135253 0.0194025207310915 0.0189269278198481 0.0186202619224787 0.0179986618459225 0.0181198734790087 0.0167301334440708 0.0166301503777504 0.0167825073003769 0.0160471461713314 0.0164329744875431 0.016507713124156 0.0151446936652064 0.0150127001106739 0.00903551280498505 0.00909390021115541 0.00736334500834346 0.00581547105684876
0.0702440366148949 0.0729009807109833 0.0803947597742081 0.0811813771724701 0.0841028466820717 0.0835938081145287 0.081573985517025 0.0647102668881416 0.0593190714716911 0.0680300295352936 0.050176702439785 0.0487039461731911 0.0367500372231007 0.0355978347361088 0.0394181720912457 0.038909986615181 0.0341721251606941 0.0407660230994225 0.0361252017319202 0.0347273424267769 0.0339360125362873 0.0330282375216484 0.0291324127465487 0.0403287969529629 0.0403950437903404 0.0391853451728821 0.0376780554652214 0.041642889380455 0.0321785882115364 0.0289558582007885 0.0270149428397417 0.0233343988656998 0.0213527958840132 0.021317133679986 0.0206276513636112 0.0195241048932076 0.0230010468512774 0.0181701425462961 0.0183941330760717 0.0186364632099867 0.0187784843146801 0.0165574979037046 0.0173168871551752 0.0185011308640242 0.0177450142800808 0.0143739748746157 0.0119369933381677 0.0094846161082387 0.00752442004159093 0.00599253037944436 0.00525953574106097
0.0735127404332161 0.0842007324099541 0.0835146307945251 0.0897317752242088 0.0906134098768234 0.0913217291235924 0.0877790004014969 0.0862021073698997 0.0786752104759216 0.0609783865511417 0.0579475052654743 0.0520541369915009 0.0473075844347477 0.0467330440878868 0.0436240173876286 0.0435629151761532 0.0453784801065922 0.0475677773356438 0.0463623404502869 0.0434821844100952 0.0348970890045166 0.0356911160051823 0.0389054715633392 0.0399649329483509 0.0531338378787041 0.041002344340086 0.04407973960042 0.0354629419744015 0.0318669490516186 0.0287226028740406 0.0322464145720005 0.0228920467197895 0.021911820396781 0.020504591986537 0.019713519141078 0.0237495340406895 0.0237899776548147 0.0238043665885925 0.0230673290789127 0.02408885397017 0.021945321932435 0.0222449842840433 0.0231176726520061 0.0199365168809891 0.0134393544867635 0.00842413399368525 0.00851525459438562 0.00701585365459323 0.00522219203412533 0.00527362106367946 0.00559738930314779
0.0849317610263824 0.0885783657431602 0.0927634462714195 0.0940436720848083 0.0952306613326073 0.092497892677784 0.0943850427865982 0.0920641049742699 0.085548110306263 0.077651210129261 0.0593821443617344 0.0542521737515926 0.062496118247509 0.0505333691835403 0.0498676560819149 0.0517375394701958 0.0615329593420029 0.063171848654747 0.0640972480177879 0.0519621782004833 0.0433994643390179 0.0446930900216103 0.0451194681227207 0.0601636171340942 0.0566767901182175 0.0510065741837025 0.0468722581863403 0.0422609448432922 0.0316812731325626 0.0341934226453304 0.0255512427538633 0.0230486188083887 0.0206395760178566 0.0204910673201084 0.0250957664102316 0.0255783144384623 0.0256729032844305 0.0256359651684761 0.0244073178619146 0.0232275407761335 0.0240394286811352 0.0159954596310854 0.0119769042357802 0.00891692005097866 0.0104592368006706 0.00812782812863588 0.00489954743534327 0.00410955166444182 0.00324443308636546 0.00345436367206275 0.00527226738631725
0.0961020439863205 0.0980925410985947 0.120694883167744 0.101074121892452 0.0974670872092247 0.0993403419852257 0.100932464003563 0.0996826514601707 0.0932656675577164 0.0868176892399788 0.0787127166986465 0.0679120123386383 0.0666599869728088 0.0648728087544441 0.0644107311964035 0.0651384368538857 0.0669687166810036 0.0656392350792885 0.0756203010678291 0.0719502791762352 0.0699657872319221 0.0851637497544289 0.0812576413154602 0.0785913839936256 0.0692825615406036 0.0540937446057796 0.047410998493433 0.0431578531861305 0.0374819934368134 0.0350336395204067 0.0256190560758114 0.0230808481574059 0.0213866792619228 0.0221661888062954 0.0266365800052881 0.0263057183474302 0.0258447546511889 0.0258993543684483 0.0262697171419859 0.0219883602112532 0.0155741255730391 0.00653711333870888 0.00511605944484472 0.00693335197865963 0.00611386261880398 0.00694889854639769 0.00761273922398686 0.00526950554922223 0.00492114992812276 0.00462965853512287 0.00469299638643861
0.124883264303207 0.108932867646217 0.105929218232632 0.108551718294621 0.109171912074089 0.104682900011539 0.104335531592369 0.107075393199921 0.102702751755714 0.0924021378159523 0.0795013159513474 0.0759849846363068 0.084986500442028 0.0836070999503136 0.0843751579523087 0.0697224140167236 0.0665025636553764 0.073567695915699 0.0939093828201294 0.0997296944260597 0.114281669259071 0.109986171126366 0.088916152715683 0.0831561610102654 0.0745790228247643 0.0668046474456787 0.0547274090349674 0.0432194769382477 0.0375767089426517 0.0354753546416759 0.0247221942991018 0.0230919104069471 0.0231722705066204 0.0283922776579857 0.0250106584280729 0.0271361544728279 0.0273041725158691 0.0247243586927652 0.0221984628587961 0.0147065334022045 0.00796077772974968 0.00958809070289135 0.00577251799404621 0.00524369860067964 0.00549583602696657 0.00721501838415861 0.0054808147251606 0.00637584505602717 0.00566948996856809 0.00532404286786914 0.00547755090519786
0.129748061299324 0.115072064101696 0.110444478690624 0.114844657480717 0.109024658799171 0.130068898200989 0.109343744814396 0.109427966177464 0.12941800057888 0.0966102629899979 0.0867925733327866 0.0994630083441734 0.0920104905962944 0.0869145542383194 0.0913757607340813 0.0759212002158165 0.100520171225071 0.108024999499321 0.115603253245354 0.132749184966087 0.128283113241196 0.120888993144035 0.117643892765045 0.106250375509262 0.0780588686466217 0.0671086013317108 0.0565096028149128 0.0455741547048092 0.0429864078760147 0.0299794692546129 0.0271917097270489 0.0232598036527634 0.0247970819473267 0.0237421486526728 0.0216137189418077 0.0287715289741755 0.0178301222622395 0.0230684913694859 0.0117931552231312 0.0115358270704746 0.0132513493299484 0.00769320456311107 0.00660770246759057 0.00642345566302538 0.00698618264868855 0.00522848917171359 0.00593426264822483 0.00602908665314317 0.00632979674264789 0.00802809558808804 0.00845030508935452
0.134485453367233 0.119983568787575 0.119764879345894 0.114197388291359 0.131919860839844 0.129495307803154 0.135501742362976 0.133072465658188 0.130556762218475 0.12225728482008 0.11398620903492 0.105541065335274 0.0998724475502968 0.107552319765091 0.0838579013943672 0.10672864317894 0.123907417058945 0.155403286218643 0.151056885719299 0.140402123332024 0.135805830359459 0.12951897084713 0.125999242067337 0.114168129861355 0.102079458534718 0.074398398399353 0.0645989552140236 0.061385914683342 0.0489914827048779 0.0365367047488689 0.0309568978846073 0.0283888690173626 0.0267564337700605 0.0268928669393063 0.0251736752688885 0.0192323960363865 0.0171252246946096 0.0129924649372697 0.0101248444989324 0.00796571839600801 0.0073764119297266 0.0100211752578616 0.00978050008416176 0.00934413820505142 0.00755810970440507 0.00500196125358343 0.00431295577436686 0.00556378671899438 0.00809274241328239 0.0112477857619524 0.0109913675114512
0.14421434700489 0.142584890127182 0.141991496086121 0.136553332209587 0.132576838135719 0.133156597614288 0.136492252349854 0.132673740386963 0.101714707911015 0.121703669428825 0.11748381704092 0.116082064807415 0.122533857822418 0.122144035995007 0.111935935914516 0.136538863182068 0.172832727432251 0.167825311422348 0.158879935741425 0.158975332975388 0.154937103390694 0.143100336194038 0.136090308427811 0.125838071107864 0.0960724577307701 0.0909672304987907 0.0853358060121536 0.064753569662571 0.0472535938024521 0.0364260263741016 0.034976102411747 0.0315246395766735 0.0269579142332077 0.0258535593748093 0.0145719507709146 0.0113147888332605 0.013033983297646 0.0149459140375257 0.0131408423185349 0.00839810259640217 0.00856997352093458 0.00857559777796268 0.0089905159547925 0.00849248748272657 0.00643024826422334 0.00552625767886639 0.00532323773950338 0.00781327579170465 0.0105511620640755 0.0144774820655584 0.0153639586642385
0.150464281439781 0.148458212614059 0.144352495670319 0.143918171525002 0.141871362924576 0.143739983439445 0.127844199538231 0.108979761600494 0.123051337897778 0.12246485799551 0.123907633125782 0.135237202048302 0.13557080924511 0.12070969492197 0.133448019623756 0.173160061240196 0.174555763602257 0.174083217978477 0.151276543736458 0.143167346715927 0.135368779301643 0.137619376182556 0.123279489576817 0.116343662142754 0.113961458206177 0.108694940805435 0.0847745835781097 0.0753050073981285 0.0475911162793636 0.0437248349189758 0.0289411507546902 0.0285662785172462 0.020404327660799 0.0178981181234121 0.0177153740078211 0.015022867359221 0.0182438418269157 0.01597342453897 0.0144025450572371 0.0108050005510449 0.0102895945310593 0.00905243027955294 0.00893075484782457 0.00937986001372337 0.00737826200202107 0.00760341854766011 0.0090595344081521 0.0125872669741511 0.0142707824707031 0.0161564666777849 0.0174032673239708
0.193185448646545 0.160063147544861 0.154077738523483 0.150935500860214 0.147044509649277 0.148602947592735 0.142790287733078 0.129873216152191 0.13003396987915 0.129276216030121 0.142011687159538 0.151604935526848 0.126019656658173 0.143170386552811 0.192333281040192 0.185075178742409 0.1862922757864 0.159984424710274 0.16248032450676 0.156830295920372 0.15134060382843 0.144451335072517 0.138043954968452 0.131615251302719 0.126942798495293 0.122563935816288 0.0755874589085579 0.0551820248365402 0.0458418503403664 0.0363350212574005 0.0341696962714195 0.0263729766011238 0.0230115354061127 0.0280053857713938 0.0314991548657417 0.0217529982328415 0.0180955622345209 0.0211744364351034 0.0173734705895185 0.0123833995312452 0.011754784733057 0.0116881858557463 0.00916497781872749 0.00724780326709151 0.00905784219503403 0.00936238840222359 0.0107605773955584 0.0141562549397349 0.0159887913614511 0.0191013906151056 0.0200951509177685
0.199196979403496 0.197272107005119 0.194281727075577 0.154227539896965 0.139676377177238 0.139756381511688 0.146611928939819 0.135025605559349 0.130416244268417 0.145481035113335 0.155923247337341 0.136294201016426 0.150619313120842 0.19049534201622 0.188701584935188 0.190755397081375 0.195630788803101 0.169399529695511 0.167489007115364 0.168586552143097 0.160094857215881 0.158908158540726 0.153285354375839 0.147295355796814 0.117838956415653 0.084995724260807 0.0836091637611389 0.064226470887661 0.0645640715956688 0.0648098364472389 0.0523574985563755 0.0523283295333385 0.051611315459013 0.0514033362269402 0.0420341156423092 0.0288754422217607 0.0201654750853777 0.0264251139014959 0.0243816375732422 0.0208904389292002 0.0168217923492193 0.0149681000038981 0.0109912855550647 0.00985403824597597 0.0103205507621169 0.0105428779497743 0.0142131866887212 0.0193164423108101 0.0233116652816534 0.0236128065735102 0.0239565875381231
0.211600452661514 0.2045067101717 0.201745897531509 0.163486480712891 0.151975512504578 0.141932427883148 0.142883569002151 0.141629934310913 0.142548158764839 0.179361999034882 0.147071987390518 0.151245102286339 0.196662962436676 0.188140049576759 0.187131956219673 0.162632167339325 0.162512913346291 0.174376502633095 0.172511592507362 0.176890984177589 0.171465128660202 0.171027451753616 0.165562748908997 0.129940927028656 0.0941801518201828 0.048590861260891 0.049931850284338 0.0741268321871758 0.077065147459507 0.0628061667084694 0.0631343871355057 0.0771613940596581 0.0544501319527626 0.0465209372341633 0.053661372512579 0.0503410138189793 0.0397536419332027 0.018072372302413 0.019061541184783 0.0175673216581345 0.0265467632561922 0.0307332780212164 0.0148876504972577 0.0147058544680476 0.0158697701990604 0.0167782362550497 0.0169054549187422 0.0283243842422962 0.0292960945516825 0.0289849825203419 0.0260547790676355
0.247508645057678 0.254757970571518 0.20780037343502 0.210633769631386 0.157225519418716 0.151855811476707 0.15979728102684 0.147104755043983 0.193652719259262 0.159810841083527 0.158329620957375 0.167125061154366 0.182932689785957 0.192457586526871 0.166189685463905 0.164658412337303 0.164757326245308 0.166916936635971 0.173986628651619 0.180845081806183 0.146928772330284 0.146585866808891 0.138209670782089 0.102427251636982 0.0987183228135109 0.0402297526597977 0.0466248989105225 0.100796014070511 0.0720065236091614 0.0651869177818298 0.0634736567735672 0.0671488419175148 0.0689128413796425 0.0584663935005665 0.0629778280854225 0.0631750151515007 0.065487265586853 0.0385546311736107 0.0169945918023586 0.0209471099078655 0.0508177429437637 0.0474645905196667 0.0411733128130436 0.0350509807467461 0.0394854284822941 0.0245964266359806 0.0293478779494762 0.0352528356015682 0.0620463006198406 0.0548182539641857 0.049365721642971
0.263115853071213 0.258648663759232 0.218501582741737 0.192287772893906 0.206590250134468 0.194059550762177 0.199788868427277 0.208252787590027 0.20687073469162 0.153555944561958 0.169553190469742 0.182004943490028 0.180342301726341 0.186418861150742 0.166143581271172 0.163695991039276 0.170965075492859 0.167534872889519 0.180402889847755 0.155843794345856 0.166017010807991 0.14852312207222 0.144954457879066 0.1131242364645 0.108647935092449 0.0902943685650826 0.085816890001297 0.0941302329301834 0.0995650887489319 0.0639073476195335 0.0487396009266376 0.0514507740736008 0.0860161483287811 0.0834666788578033 0.0791869759559631 0.0422293469309807 0.0427063293755054 0.0449059866368771 0.0371190644800663 0.0668035224080086 0.0855222642421722 0.0781251415610313 0.0583912134170532 0.0480894781649113 0.0519231781363487 0.0493951961398125 0.0546779036521912 0.0845048278570175 0.0715083479881287 0.0610631033778191 0.0542618297040462
0.272341668605804 0.274742603302002 0.231762364506721 0.212587803602219 0.228934183716774 0.219030305743217 0.221893787384033 0.23542594909668 0.205377772450447 0.212169155478477 0.194104969501495 0.167710691690445 0.175963386893272 0.189453721046448 0.161262422800064 0.170646116137505 0.144718080759048 0.151732891798019 0.161081582307816 0.170774132013321 0.15648178756237 0.149720937013626 0.155832156538963 0.122329451143742 0.121067829430103 0.113223232328892 0.117299444973469 0.0869665667414665 0.0705935508012772 0.0616857185959816 0.048372957855463 0.0551762096583843 0.105020649731159 0.118206217885017 0.07822185754776 0.0349286161363125 0.0398116260766983 0.0370361171662807 0.0502126105129719 0.0886588469147682 0.0847403928637505 0.0555689074099064 0.0713428482413292 0.0854784995317459 0.0916711241006851 0.0861289277672768 0.081606425344944 0.0821211561560631 0.0732851028442383 0.0741599574685097 0.054613258689642
0.278886616230011 0.234362050890923 0.283342242240906 0.27495151758194 0.235635548830032 0.264398097991943 0.245574444532394 0.248340725898743 0.21735392510891 0.201392769813538 0.190999403595924 0.187297984957695 0.181173428893089 0.164027169346809 0.166065618395805 0.168029189109802 0.14820459485054 0.160516753792763 0.172711476683617 0.157512292265892 0.16529393196106 0.174305528402328 0.131072729825974 0.157897889614105 0.129038155078888 0.12494620680809 0.129403457045555 0.115332715213299 0.130960553884506 0.106101557612419 0.0773775279521942 0.0342391282320023 0.0483754277229309 0.142074942588806 0.0573530457913876 0.0498173087835312 0.0659799054265022 0.0609665587544441 0.152970984578133 0.156057372689247 0.107244059443474 0.121321573853493 0.126421049237251 0.12306897342205 0.119233816862106 0.108846671879292 0.098425105214119 0.0886367559432983 0.0815120860934258 0.0691478028893471 0.0622898600995541
0.293652445077896 0.284185379743576 0.284997284412384 0.289555579423904 0.277598738670349 0.265096843242645 0.263909459114075 0.23169781267643 0.248921170830727 0.215159073472023 0.217551827430725 0.190991774201393 0.182370394468307 0.199335113167763 0.167145267128944 0.146596103906631 0.14692734181881 0.169916942715645 0.173423990607262 0.128316268324852 0.172364518046379 0.184103056788445 0.178102821111679 0.171026110649109 0.138884484767914 0.115401051938534 0.115821495652199 0.127311497926712 0.145589888095856 0.133642911911011 0.0922133922576904 0.0953616797924042 0.110440865159035 0.135315299034119 0.0783743411302567 0.128868609666824 0.105599574744701 0.180447891354561 0.178884819149971 0.163064196705818 0.155751690268517 0.148039326071739 0.132737666368484 0.125578030943871 0.13746489584446 0.12196721881628 0.104961104691029 0.0914980843663216 0.0796105191111565 0.0697502419352531 0.0630614459514618
0.289703398942947 0.296933054924011 0.328199446201324 0.306614756584167 0.297495096921921 0.279121667146683 0.230539366602898 0.268304258584976 0.227153077721596 0.221323490142822 0.223640188574791 0.221101835370064 0.201728075742722 0.204273372888565 0.163400396704674 0.144700825214386 0.14994241297245 0.174981400370598 0.118222638964653 0.105411976575851 0.142957910895348 0.189644411206245 0.195384696125984 0.189291000366211 0.1545070707798 0.128419905900955 0.129754260182381 0.12692865729332 0.08316720277071 0.13378694653511 0.0963113307952881 0.17934861779213 0.14016030728817 0.17476125061512 0.172104150056839 0.161954939365387 0.175013795495033 0.212025612592697 0.213715344667435 0.188081666827202 0.184237271547318 0.162198543548584 0.153964683413506 0.141271933913231 0.145288109779358 0.130807593464851 0.109759487211704 0.0922181233763695 0.0844318419694901 0.0728695765137672 0.0688040629029274
0.298440158367157 0.324009716510773 0.297373324632645 0.279273897409439 0.312421172857285 0.278105229139328 0.234085753560066 0.26389816403389 0.221196427941322 0.253649294376373 0.251762330532074 0.215149700641632 0.215450793504715 0.206850692629814 0.16818368434906 0.144104212522507 0.143643841147423 0.179170176386833 0.182639136910439 0.1876310557127 0.191367730498314 0.195179492235184 0.154862329363823 0.164828553795815 0.143097043037415 0.133899793028831 0.113407894968987 0.140936315059662 0.10974832624197 0.0892115756869316 0.157385155558586 0.185326114296913 0.163469210267067 0.173343762755394 0.194071263074875 0.20116351544857 0.209897398948669 0.191413730382919 0.189190104603767 0.204158946871758 0.164598345756531 0.149811044335365 0.138408407568932 0.14733612537384 0.151319190859795 0.155338957905769 0.117017351090908 0.102691896259785 0.0811292305588722 0.0743745118379593 0.0684062913060188
