data/climate_estimation/maxent_output/Smilax_stans.asc
NCOLS 559 
NROWS 213 
XLLCORNER 96.3333333333333 
YLLCORNER 23.0833333333333 
CELLSIZE 0.0833333333333333 
NODATA_value -3.4e+38 
[rows 176 to 197 of 213, columns 153 to 203 of 559]
0.466676861047745 0.398648083209991 0.398818731307983 0.378129303455353 0.42696425318718 0.453758597373962 0.421449810266495 0.481210976839066 0.425350248813629 0.467158943414688 0.447076588869095 0.621773183345795 0.677121579647064 0.56724214553833 0.54145884513855 0.633450269699097 0.650018393993378 0.601303279399872 0.474075853824615 0.379801511764526 0.655245721340179 0.704216003417969 0.43074443936348 0.31643682718277 0.395499527454376 0.223302438855171 0.248760387301445 0.232230752706528 0.234533593058586 0.232575580477715 0.22340951859951 0.276382684707642 0.352122962474823 0.570052027702332 0.650224447250366 0.523436546325684 0.434457421302795 0.367638379335403 0.468500107526779 0.568093657493591 0.376597017049789 0.386849701404572 0.378280788660049 0.298175722360611 0.25565567612648 0.211816266179085 0.220430985093117 0.211040064692497 0.18675734102726 0.19493156671524 0.201386168599129
0.435436010360718 0.517826914787292 0.4533711373806 0.476074129343033 0.525509238243103 0.495415300130844 0.333357334136963 0.445358633995056 0.319160282611847 0.418432801961899 0.411401301622391 0.589632093906403 0.517771601676941 0.518151342868805 0.472595363855362 0.583024263381958 0.503903090953827 0.517684996128082 0.332095324993134 0.564264833927155 0.564327538013458 0.328032225370407 0.253335148096085 0.342173516750336 0.26890817284584 0.272111386060715 0.226540371775627 0.234751716256142 0.341424316167831 0.291401863098145 0.260171175003052 0.297841042280197 0.39026665687561 0.548847079277039 0.627739369869232 0.498441606760025 0.444890528917313 0.405233442783356 0.366808086633682 0.346078127622604 0.270623564720154 0.343354105949402 0.3516985476017 0.279101759195328 0.277707666158676 0.203632548451424 0.189202696084976 0.185345098376274 0.185286641120911 0.188687846064568 0.238817825913429
0.330595165491104 0.47614711523056 0.354314237833023 0.455871254205704 0.41351705789566 0.283527195453644 0.21691583096981 0.253027141094208 0.302453875541687 0.295431464910507 0.41341045498848 0.553146004676819 0.45821425318718 0.509156942367554 0.387841731309891 0.42738202214241 0.56856632232666 0.56720358133316 0.345520466566086 0.577869832515717 0.413537800312042 0.254593938589096 0.204443901777267 0.21242618560791 0.235925629734993 0.372405588626862 0.235975578427315 0.296008199453354 0.476715743541718 0.354278862476349 0.333986818790436 0.291123628616333 0.342816263437271 0.39927414059639 0.450853705406189 0.420782655477524 0.28643324971199 0.274079829454422 0.243145227432251 0.251953333616257 0.248997539281845 0.259264469146729 0.264567881822586 0.226324558258057 0.231800377368927 0.245459407567978 0.195953950285912 0.186874911189079 0.18789254128933 0.187380477786064 0.270407289266586
0.333152800798416 0.413810640573502 0.315294414758682 0.314884781837463 0.223008990287781 0.210500329732895 0.182689592242241 0.199021458625793 0.232084050774574 0.261920362710953 0.399129420518875 0.443957179784775 0.366831243038177 0.435024708509445 0.480340033769608 0.588564932346344 0.569847285747528 0.428267568349838 0.392339885234833 0.406636863946915 0.240721136331558 0.199376299977303 0.197754859924316 0.20777054131031 0.285118818283081 0.340195089578629 0.360542267560959 0.453939408063889 0.493649005889893 0.416697978973389 0.326500624418259 0.301306456327438 0.357080072164536 0.380903661251068 0.27026242017746 0.271010845899582 0.294419199228287 0.219418823719025 0.219497725367546 0.218483373522758 0.215114772319794 0.216138929128647 0.203984290361404 0.187625914812088 0.219865396618843 0.235508680343628 0.213437378406525 0.211214303970337 0.181073278188705 0.251583129167557 0.338366001844406
0.329090267419815 0.268011480569839 0.239523768424988 0.210276678204536 0.195978194475174 0.162960886955261 0.150866776704788 0.200321301817894 0.237823769450188 0.305774986743927 0.288404792547226 0.272533476352692 0.498361974954605 0.51250547170639 0.400180846452713 0.573351144790649 0.301535546779633 0.324769765138626 0.364445269107819 0.234323874115944 0.187694638967514 0.187089458107948 0.200155794620514 0.217982307076454 0.245354518294334 0.316473841667175 0.483022719621658 0.49344739317894 0.375604778528214 0.49389323592186 0.420269310474396 0.282088905572891 0.322984755039215 0.344601780176163 0.290865838527679 0.23942269384861 0.279091775417328 0.223556458950043 0.195433050394058 0.193430587649345 0.193938463926315 0.18492192029953 0.206624642014503 0.205316826701164 0.210861474275589 0.217247188091278 0.205639377236366 0.202871009707451 0.226324275135994 0.385409295558929 0.376195996999741
0.246155694127083 0.158226475119591 0.172032803297043 0.149749055504799 0.144267618656158 0.152699619531631 0.174230605363846 0.183943495154381 0.250942975282669 0.328609496355057 0.40013000369072 0.344243854284286 0.456588953733444 0.392382889986038 0.402295231819153 0.36138716340065 0.243064597249031 0.289400666952133 0.275383532047272 0.199073269963264 0.205004975199699 0.265415728092194 0.22959278523922 0.237983390688896 0.210603833198547 0.209489375352859 0.312638521194458 0.278852224349976 0.279460281133652 0.352201521396637 0.296964228153229 0.238933563232422 0.328049272298813 0.253341436386108 0.235418513417244 0.232121244072914 0.258404016494751 0.222312763333321 0.214605838060379 0.179511442780495 0.194302052259445 0.199795633554459 0.212704390287399 0.218886449933052 0.212224066257477 0.236915364861488 0.218544095754623 0.209087207913399 0.415628552436829 0.556544065475464 0.405360341072083
0.145877972245216 0.217377811670303 0.20233128964901 0.237891301512718 0.159459710121155 0.154495164752007 0.22081071138382 0.2399592846632 0.302965104579926 0.414609968662262 0.471668154001236 0.285086423158646 0.399290293455124 0.234288826584816 0.301795899868011 0.271298587322235 0.182164162397385 0.188559263944626 0.18231675028801 0.173282533884048 0.328791677951813 0.307554215192795 0.519585371017456 0.380590528249741 0.274939835071564 0.203651919960976 0.273126929998398 0.245838448405266 0.201157495379448 0.192623198032379 0.192608416080475 0.221640557050705 0.203892752528191 0.19571053981781 0.18838869035244 0.251258581876755 0.250258892774582 0.23825016617775 0.229444563388824 0.180611044168472 0.201160565018654 0.209228813648224 0.249187812209129 0.230568647384644 0.298311024904251 0.418886214494705 0.275280833244324 0.239172533154488 0.486803531646729 0.449152439832687 0.334098756313324
0.202861040830612 0.168904155492783 0.151548460125923 0.201523393392563 0.125268682837486 0.164040103554726 0.193704411387444 0.291745960712433 0.350248694419861 0.517071008682251 0.46133279800415 0.210397318005562 0.272055596113205 0.197080910205841 0.192652195692062 0.238854318857193 0.177817493677139 0.344301521778107 0.254189044237137 0.204958349466324 0.281276524066925 0.418810844421387 0.598858892917633 0.491576701402664 0.268115222454071 0.258643686771393 0.54122918844223 0.402473449707031 0.186526611447334 0.17217130959034 0.166041299700737 0.175899550318718 0.178598150610924 0.183467552065849 0.181653052568436 0.187301456928253 0.207936301827431 0.224751994013786 0.213736727833748 0.181849837303162 0.209968075156212 0.243617832660675 0.321210086345673 0.281342476606369 0.460593402385712 0.520773351192474 0.343295484781265 0.23433917760849 0.334197968244553 0.24270486831665 0.243698790669441
0.293381154537201 0.334654092788696 0.152387514710426 0.17393547296524 0.1177848726511 0.164620012044907 0.137019872665405 0.169937163591385 0.328670471906662 0.392129331827164 0.415716826915741 0.175477743148804 0.18668906390667 0.153107061982155 0.136724755167961 0.141968101263046 0.215024441480637 0.242346867918968 0.215199738740921 0.275718241930008 0.301902621984482 0.501205444335938 0.516106605529785 0.444048345088959 0.193330869078636 0.360817342996597 0.536594271659851 0.324751228094101 0.189412787556648 0.159690365195274 0.159085318446159 0.171074628829956 0.190368548035622 0.183808326721191 0.212377727031708 0.203755781054497 0.254183948040009 0.192816630005836 0.199495285749435 0.188209310173988 0.256969481706619 0.438672989606857 0.345067948102951 0.268259584903717 0.424035847187042 0.440355360507965 0.228756725788116 0.168779715895653 0.183272004127502 0.225804105401039 0.348544895648956
0.314096182584763 0.295330911874771 0.148561984300613 0.137806758284569 0.100836299359798 0.119915939867496 0.127870246767998 0.173154845833778 0.196387484669685 0.266883552074432 0.264713913202286 0.124622218310833 0.136824771761894 0.131650015711784 0.127139821648598 0.137379959225655 0.161765858530998 0.244693040847778 0.207980126142502 0.296101987361908 0.39028736948967 0.523435115814209 0.353423923254013 0.244957849383354 0.282750099897385 0.505440711975098 0.285707056522369 0.320505112409592 0.163498088717461 0.154417350888252 0.154050186276436 0.173475593328476 0.209851190447807 0.319840550422668 0.228874042630196 0.29306697845459 0.334768801927567 0.191955342888832 0.193754211068153 0.215118944644928 0.236927628517151 0.28535857796669 0.22249798476696 0.182874977588654 0.187925100326538 0.195350900292397 0.147050768136978 0.142386928200722 0.154239490628242 0.241621360182762 0.245197340846062
0.171880811452866 0.126607283949852 0.151628255844116 0.109364069998264 0.0895964577794075 0.103594250977039 0.119639150798321 0.203973233699799 0.191590666770935 0.275826901197433 0.167139813303947 0.111170597374439 0.111571699380875 0.111188262701035 0.111353635787964 0.141854584217072 0.137880846858025 0.179897829890251 0.260119467973709 0.384375482797623 0.384980052709579 0.328608155250549 0.284498691558838 0.303855121135712 0.400717586278915 0.261599957942963 0.158438161015511 0.171179592609406 0.18271803855896 0.149513632059097 0.173238188028336 0.283986985683441 0.298809707164764 0.418966233730316 0.418699085712433 0.449377715587616 0.336110830307007 0.32007822394371 0.244128167629242 0.315215736627579 0.246920689940453 0.166499927639961 0.150480285286903 0.166381016373634 0.135745584964752 0.127612486481667 0.122950665652752 0.119832091033459 0.168583229184151 0.208568394184113 0.207488551735878
0.102257013320923 0.0986300632357597 0.134193584322929 0.0847966447472572 0.0894351899623871 0.118618108332157 0.180244222283363 0.190967872738838 0.166526600718498 0.211051657795906 0.143412977457047 0.102449387311935 0.102298833429813 0.11022562533617 0.101604990661144 0.106627397239208 0.121178105473518 0.147498562932014 0.291217982769012 0.329069674015045 0.31862485408783 0.224279046058655 0.239885032176971 0.303297579288483 0.291923433542252 0.194772139191628 0.172420188784599 0.170694530010223 0.231351733207703 0.154832884669304 0.148029878735542 0.347053408622742 0.440384745597839 0.47206375002861 0.506162464618683 0.502882361412048 0.292927503585815 0.389708489179611 0.386436849832535 0.386585384607315 0.434865921735764 0.173291116952896 0.146173745393753 0.155270397663116 0.130209714174271 0.116745837032795 0.114210620522499 0.135057687759399 0.184192448854446 0.256000369787216 0.168642744421959
0.127135306596756 0.0988136306405067 0.0743221119046211 0.0856005251407623 0.107468664646149 0.119047880172729 0.245369642972946 0.165572881698608 0.148035556077957 0.169464901089668 0.13438193500042 0.0989543572068214 0.0984833687543869 0.0975823104381561 0.0975815951824188 0.111529029905796 0.13142292201519 0.252687841653824 0.398660153150558 0.280942976474762 0.386206418275833 0.15087428689003 0.176747441291809 0.161268100142479 0.141996279358864 0.166407108306885 0.210526496171951 0.179381549358368 0.199966698884964 0.162900984287262 0.163151666522026 0.229198604822159 0.367686569690704 0.349993348121643 0.417742490768433 0.401916712522507 0.311524510383606 0.281922668218613 0.331107348203659 0.340567082166672 0.337557047605515 0.218357399106026 0.208525866270065 0.138707980513573 0.11491633951664 0.109848462045193 0.141889557242393 0.174991026520729 0.262318730354309 0.342391490936279 0.141144379973412
0.0830462798476219 0.0644651651382446 0.0709566548466682 0.12205970287323 0.134891971945763 0.138305112719536 0.196639761328697 0.131027862429619 0.181310430169106 0.220870211720467 0.129832327365875 0.100806146860123 0.0959735512733459 0.099590003490448 0.094115674495697 0.127237409353256 0.149881929159164 0.202370271086693 0.405243158340454 0.241896107792854 0.19307005405426 0.112870261073112 0.19048547744751 0.155918031930923 0.133520796895027 0.148361951112747 0.160190805792809 0.171975240111351 0.165308475494385 0.138054057955742 0.249304488301277 0.221552044153214 0.218808069825172 0.27794823050499 0.350862622261047 0.338800102472305 0.246335759758949 0.143472522497177 0.141943901777267 0.159996286034584 0.208077281713486 0.150380849838257 0.117440238595009 0.14697228372097 0.143957898020744 0.198633879423141 0.23360438644886 0.243680581450462 0.245462387800217 0.211123287677765 0.175982713699341
0.0583510920405388 0.0604268833994865 0.0705192089080811 0.112455531954765 0.129791989922523 0.149437785148621 0.128993511199951 0.121316082775593 0.156369626522064 0.212916627526283 0.105396650731564 0.104348860681057 0.12456476688385 0.152320668101311 0.0985199734568596 0.1063352227211 0.125458374619484 0.116065427660942 0.310654073953629 0.218233272433281 0.104304894804955 0.113323114812374 0.404725819826126 0.291198164224625 0.300584226846695 0.174058124423027 0.124332062900066 0.141000285744667 0.133527293801308 0.133484408259392 0.222693711519241 0.170447319746017 0.212088227272034 0.210353374481201 0.233900398015976 0.210928469896317 0.16350531578064 0.138468235731125 0.0979308560490608 0.1217882335186 0.136487856507301 0.0911836922168732 0.171251490712166 0.308828115463257 0.348985999822617 0.323392003774643 0.442476809024811 0.357488095760345 0.167584925889969 0.238497689366341 0.237220659852028
0.0522783286869526 0.06093929708004 0.0708960816264153 0.08977872133255 0.107775703072548 0.141263604164124 0.09886085242033 0.109216712415218 0.132747799158096 0.134573072195053 0.105475172400475 0.101104989647865 0.158434525132179 0.234058052301407 0.111693434417248 0.0941130816936493 0.126501426100731 0.101801924407482 0.142250433564186 0.129493579268456 0.0989808514714241 0.0982743054628372 0.296510934829712 0.341639250516891 0.382218807935715 0.317512035369873 0.100082390010357 0.110007718205452 0.122811764478683 0.138845354318619 0.273686140775681 0.176581397652626 0.264715194702148 0.315193086862564 0.249295577406883 0.153623074293137 0.292364567518234 0.193098545074463 0.103548243641853 0.0898396670818329 0.11047837883234 0.0918256938457489 0.196081355214119 0.373149067163467 0.327264994382858 0.266341000795364 0.363742887973785 0.350458920001984 0.147998929023743 0.184131026268005 0.255036383867264
0.0501485131680965 0.0584518238902092 0.0737365111708641 0.0786045491695404 0.0909729078412056 0.118430010974407 0.0908207520842552 0.0954135432839394 0.111281968653202 0.0986663177609444 0.104774966835976 0.133797973394394 0.15100371837616 0.2495968490839 0.128055855631828 0.0941733047366142 0.0854509994387627 0.0819509252905846 0.0876040980219841 0.091150090098381 0.0872518196702003 0.0947549715638161 0.197432816028595 0.268235772848129 0.325975358486176 0.227197095751762 0.088148333132267 0.0956348553299904 0.119051747024059 0.138634011149406 0.32719475030899 0.184419080615044 0.275657385587692 0.242233082652092 0.20221845805645 0.202309712767601 0.308596163988113 0.279680103063583 0.0983986854553223 0.0826985612511635 0.132674723863602 0.119869731366634 0.18224823474884 0.196122765541077 0.193846136331558 0.184969753026962 0.350975453853607 0.239505141973495 0.163423836231232 0.0934860110282898 0.0726126134395599
0.0494571588933468 0.0525140799582005 0.0637315586209297 0.0642049759626389 0.0786774829030037 0.0762153118848801 0.0779922604560852 0.0722480639815331 0.0768092200160027 0.081644095480442 0.126396611332893 0.143073946237564 0.200766026973724 0.192301273345947 0.132740661501884 0.102009773254395 0.0820503085851669 0.0804084837436676 0.0836583599448204 0.0913174673914909 0.0830116420984268 0.0897201374173164 0.176391780376434 0.26316237449646 0.202760726213455 0.186412647366524 0.0958256125450134 0.10070526599884 0.134678572416306 0.246891304850578 0.386875033378601 0.229290559887886 0.126916289329529 0.135521978139877 0.153693184256554 0.223843097686768 0.20781897008419 0.144592091441154 0.0905668959021568 0.0935103818774223 0.12243615090847 0.167869403958321 0.119450196623802 0.09678103774786 0.186601564288139 0.282590240240097 0.258372753858566 0.174314811825752 0.116519495844841 0.14566907286644 0.0692198053002357
0.0519961938261986 0.047417838126421 0.0528740994632244 0.0582221411168575 0.0746999159455299 0.0622669644653797 0.060315128415823 0.0650255009531975 0.0687604323029518 0.0731902495026588 0.0928101390600204 0.114725716412067 0.21923503279686 0.12699156999588 0.094675786793232 0.0774046406149864 0.0777680426836014 0.087562695145607 0.0764806866645813 0.0873312577605247 0.09463981539011 0.0820816680788994 0.195876270532608 0.225650951266289 0.147103607654572 0.101041086018085 0.0770638957619667 0.080510102212429 0.151282981038094 0.310462713241577 0.133278533816338 0.233396217226982 0.0931137278676033 0.0891955643892288 0.16844542324543 0.109417654573917 0.180619075894356 0.178212359547615 0.118250757455826 0.0902543291449547 0.0854111015796661 0.0980238243937492 0.102061800658703 0.0675088539719582 0.153560101985931 0.177222967147827 0.124022305011749 0.0986971408128738 0.155647277832031 0.0830047205090523 0.0823601260781288
0.049503393471241 0.0490246191620827 0.0473478473722935 0.0498481169342995 0.0533171258866787 0.05924217030406 0.060151219367981 0.0590485148131847 0.0594449043273926 0.0632045865058899 0.0698233768343925 0.0845734924077988 0.150282219052315 0.123139128088951 0.085068479180336 0.0701815336942673 0.0702665448188782 0.0840802937746048 0.0829852372407913 0.0834593623876572 0.0947694629430771 0.0686096549034119 0.0821010768413544 0.115581266582012 0.0886609256267548 0.0884558856487274 0.0661282911896706 0.0600974932312965 0.0725166648626328 0.127523064613342 0.11704383790493 0.218953222036362 0.0969173908233643 0.0740186274051666 0.114949852228165 0.12027283757925 0.189547136425972 0.193975389003754 0.140569373965263 0.0657994896173477 0.079327255487442 0.128054574131966 0.0974059477448463 0.0681019201874733 0.121349170804024 0.108746461570263 0.122804567217827 0.0957690477371216 0.164569556713104 0.187256410717964 0.114016212522984
0.0430170968174934 0.0466526970267296 0.0404377356171608 0.0449772588908672 0.0477003715932369 0.0487285815179348 0.0514738336205482 0.0503949485719204 0.051435437053442 0.057287160307169 0.0607706494629383 0.0920806303620338 0.148158475756645 0.105148196220398 0.070690393447876 0.0699429959058762 0.0733961388468742 0.150296166539192 0.150161474943161 0.0941915884613991 0.10868114978075 0.107904061675072 0.071393646299839 0.0778573080897331 0.0643981918692589 0.0636622086167336 0.0637877061963081 0.0639392733573914 0.0549640730023384 0.0569619722664356 0.0714874938130379 0.0898447781801224 0.081980362534523 0.102686062455177 0.143185988068581 0.120367176830769 0.148358657956123 0.201627090573311 0.108702532947063 0.104394935071468 0.122250474989414 0.100188165903091 0.0654895305633545 0.0725812986493111 0.0783697515726089 0.0707005932927132 0.0775854513049126 0.0742203891277313 0.129885300993919 0.122342877089977 0.180115684866905
0.0607301890850067 0.0427606366574764 0.0419489406049252 0.0402030572295189 0.0449592769145966 0.0439794361591339 0.0469161719083786 0.0525357984006405 0.050906103104353 0.0546274669468403 0.0604477301239967 0.0866684913635254 0.116793222725391 0.108200721442699 0.0955218449234962 0.0812650918960571 0.122871980071068 0.159485518932343 0.137667566537857 0.0866461470723152 0.136641979217529 0.164579391479492 0.101281069219112 0.0675158426165581 0.0676697194576263 0.0711821094155312 0.0704798921942711 0.0693227723240852 0.0578530132770538 0.0491400882601738 0.0518065169453621 0.0560046173632145 0.106533519923687 0.149354174733162 0.11638143658638 0.121288113296032 0.126364216208458 0.209173500537872 0.209026724100113 0.20892009139061 0.173185288906097 0.0734736025333405 0.0626389682292938 0.0627745762467384 0.122293934226036 0.0521984361112118 0.0401689670979977 0.0514378771185875 0.0444838106632233 0.0439468063414097 0.0535398088395596
