data/climate_estimation/maxent_output/Smilax_nervomarginata.asc
NCOLS 290 
NROWS 141 
XLLCORNER 105 
YLLCORNER 21.8333333333333 
CELLSIZE 0.0833333333333333 
NODATA_value -3.4e+38 
[rows 63 to 83 of 141, columns 147 to 195 of 290]
0.969907939434052 0.967504560947418 0.966547071933746 0.968115925788879 0.969420671463013 0.969420671463013 0.967608213424683 0.964616775512695 0.964972019195557 0.96610689163208 0.964379727840424 0.991047263145447 0.966319143772125 0.989479005336761 0.985830724239349 0.974096298217773 0.95613819360733 0.957172393798828 0.94376540184021 0.955036878585815 0.975365161895752 0.962091207504272 0.960059106349945 0.954438924789429 0.942712008953094 0.962431967258453 0.963793516159058 0.955067992210388 0.97072821855545 0.96590930223465 0.960474371910095 0.95838850736618 0.953644752502441 0.946445465087891 0.93148410320282 0.920442879199982 0.952083766460419 0.953928112983704 0.938974320888519 0.910998404026031 0.892032146453857 0.863774299621582 0.8335240483284 0.84454357624054 0.804426550865173 0.710331797599792 0.668087244033813 0.637161910533905 0.624823272228241
0.968115925788879 0.962609708309174 0.9568812251091 0.965176820755005 0.960269033908844 0.963757514953613 0.960524797439575 0.954410076141357 0.957414031028748 0.954410076141357 0.980053544044495 0.965478718280792 0.984744191169739 0.986865282058716 0.983224093914032 0.98439234495163 0.977711319923401 0.956850826740265 0.948701083660126 0.965126156806946 0.949489533901215 0.959388196468353 0.973191857337952 0.967417895793915 0.966421067714691 0.960770964622498 0.974475145339966 0.976977586746216 0.978151440620422 0.954228818416595 0.942548155784607 0.946454465389252 0.947711706161499 0.94799816608429 0.955074191093445 0.938365578651428 0.945181906223297 0.939367115497589 0.927841186523438 0.913827061653137 0.910684645175934 0.857657134532928 0.826043605804443 0.840238690376282 0.740855276584625 0.670174956321716 0.652225017547607 0.61229932308197 0.594094157218933
0.959358930587769 0.950695037841797 0.939310848712921 0.958360970020294 0.953100502490997 0.952389240264893 0.958360970020294 0.952025294303894 0.937038481235504 0.940836668014526 0.96613609790802 0.943972587585449 0.972516000270844 0.976538598537445 0.976598978042603 0.986079454421997 0.983943045139313 0.950845062732697 0.935716032981873 0.951339840888977 0.962339997291565 0.973684728145599 0.980558156967163 0.982540607452393 0.983616888523102 0.974125862121582 0.969485402107239 0.978948473930359 0.97459864616394 0.949364244937897 0.950637996196747 0.956403493881226 0.962318241596222 0.955177068710327 0.957295477390289 0.95399796962738 0.935712993144989 0.939748108386993 0.930873334407806 0.918207287788391 0.898325145244598 0.845256388187408 0.852907538414001 0.817956686019897 0.719847083091736 0.656603515148163 0.621733605861664 0.60804945230484 0.569750666618347
0.948566138744354 0.946616351604462 0.962653815746307 0.939252555370331 0.939252555370331 0.967938482761383 0.940386295318604 0.927958190441132 0.938949704170227 0.948233783245087 0.943506121635437 0.942013323307037 0.970123767852783 0.962857365608215 0.980125725269318 0.989894270896912 0.985621452331543 0.963481962680817 0.949975430965424 0.969372034072876 0.987537145614624 0.984659135341644 0.986665189266205 0.977862298488617 0.961763024330139 0.952468872070312 0.931056022644043 0.95799595117569 0.966862440109253 0.968116641044617 0.962789595127106 0.962065875530243 0.960475504398346 0.960380673408508 0.944281220436096 0.94551146030426 0.943064749240875 0.945878684520721 0.931431412696838 0.930249333381653 0.912086725234985 0.878915071487427 0.840005934238434 0.748058557510376 0.676010429859161 0.60238379240036 0.595312476158142 0.617504000663757 0.559558570384979
0.9695845246315 0.929390013217926 0.968003332614899 0.96613222360611 0.971762716770172 0.936862587928772 0.960059285163879 0.941920340061188 0.928026258945465 0.932003140449524 0.958831429481506 0.974152982234955 0.974321901798248 0.977316319942474 0.982497930526733 0.990123510360718 0.983943104743958 0.974446654319763 0.971690535545349 0.98175585269928 0.985142827033997 0.985822260379791 0.968979239463806 0.931544125080109 0.930858850479126 0.921947538852692 0.927345395088196 0.951973676681519 0.967244207859039 0.932671308517456 0.945068895816803 0.956951320171356 0.947678983211517 0.942978501319885 0.935593008995056 0.941770613193512 0.944563090801239 0.939880430698395 0.927879512310028 0.937563717365265 0.921399354934692 0.891578197479248 0.829978406429291 0.725243210792542 0.657114803791046 0.622143566608429 0.60071587562561 0.57375156879425 -3.4e+38
0.958125114440918 0.96699595451355 0.9150550365448 0.963331937789917 0.947829902172089 0.88300347328186 0.839881539344788 0.954701721668243 0.964707612991333 0.965388715267181 0.92222660779953 0.970865786075592 0.965360581874847 0.935243129730225 0.9829181432724 0.987132787704468 0.985933125019073 0.98231452703476 0.977030336856842 0.969083666801453 0.984147429466248 0.969135344028473 0.914326190948486 0.88896369934082 0.937836945056915 0.956534326076508 0.95794016122818 0.961141884326935 0.934667468070984 0.910407423973083 0.922624051570892 0.928883790969849 0.948691666126251 0.939404189586639 0.947171151638031 0.943223536014557 0.939730763435364 0.930635631084442 0.91144996881485 0.909230530261993 0.871464014053345 0.84090667963028 0.774060785770416 0.713063895702362 -3.4e+38 0.592396974563599 0.546847760677338 0.521690428256989 -3.4e+38
0.955872774124146 0.918957412242889 0.917020916938782 0.954628169536591 0.894187450408936 0.863836288452148 0.906860947608948 0.96135812997818 0.924218833446503 0.922258853912354 0.918876886367798 0.934895038604736 0.961327791213989 0.977797210216522 0.983770072460175 0.983475923538208 0.97377073764801 0.962357044219971 0.974008858203888 0.979919016361237 0.977358818054199 0.952388763427734 0.902088761329651 0.872504651546478 0.923834562301636 0.949359714984894 0.939727306365967 0.94911116361618 0.906005680561066 0.932397186756134 0.944026112556458 0.948162853717804 0.948682308197021 0.949844777584076 0.929863572120667 0.914959311485291 0.8915034532547 0.893617868423462 0.868408560752869 0.855761229991913 0.821536898612976 0.762557983398438 0.73240864276886 -3.4e+38 -3.4e+38 0.568245351314545 0.53811252117157 0.518243014812469 -3.4e+38
0.97535902261734 0.92095285654068 0.915769815444946 0.929728806018829 0.898119986057281 0.927321255207062 0.935959815979004 0.891754448413849 0.924377202987671 0.9191774725914 0.902873039245605 0.954971671104431 0.959458947181702 0.929463624954224 0.977022707462311 0.985113978385925 0.980698883533478 0.976511359214783 0.985143899917603 0.983058393001556 0.969561159610748 0.937727689743042 0.925795495510101 0.904794096946716 0.938183307647705 0.948636174201965 0.922393560409546 0.93843537569046 0.902735233306885 0.942784309387207 0.961266458034515 0.953404426574707 0.947298467159271 0.93807715177536 0.919601261615753 0.927593171596527 0.882931113243103 0.866855502128601 0.833940982818604 0.774192571640015 0.743125975131989 0.730265915393829 0.628688097000122 -3.4e+38 -3.4e+38 -3.4e+38 -3.4e+38 -3.4e+38 -3.4e+38
0.928597509860992 0.976629257202148 0.941144347190857 0.896795868873596 0.94964873790741 0.937565088272095 0.894905567169189 0.910651564598083 0.917667329311371 0.903869986534119 0.904061794281006 0.912632763385773 0.956817924976349 0.978136301040649 0.978834927082062 0.972111821174622 0.978736162185669 0.98330819606781 0.971655666828156 0.984158575534821 0.965476810932159 0.971772253513336 0.959640741348267 0.929110586643219 0.927272260189056 0.938791453838348 0.915617346763611 0.903991103172302 0.92293643951416 0.943877100944519 0.954419016838074 0.949606835842133 0.945001006126404 0.935810029506683 0.924574255943298 0.865773499011993 0.810300230979919 0.778401732444763 0.758931934833527 0.704532325267792 0.721332728862762 0.647676765918732 -3.4e+38 -3.4e+38 0.554434895515442 -3.4e+38 -3.4e+38 0.450971841812134 -3.4e+38
0.931840837001801 0.926415264606476 0.958745956420898 0.944198250770569 0.900133669376373 0.942318379878998 0.893312096595764 0.904313445091248 0.914201974868774 0.914724349975586 0.913849174976349 0.911805093288422 0.963566720485687 0.971935927867889 0.968271970748901 0.971856713294983 0.967988610267639 0.980221271514893 0.982837080955505 0.957613229751587 0.956527233123779 0.952897191047668 0.927540302276611 0.902544617652893 0.914777994155884 0.905991852283478 0.89793986082077 0.920753717422485 0.931886911392212 0.951004445552826 0.950103402137756 0.939009487628937 0.933729290962219 0.930096089839935 0.922369718551636 0.847187221050262 0.840519666671753 0.718956291675568 0.655072927474976 0.62740021944046 0.586326956748962 -3.4e+38 -3.4e+38 -3.4e+38 -3.4e+38 -3.4e+38 -3.4e+38 -3.4e+38 -3.4e+38
0.96479058265686 0.974325954914093 0.967559278011322 0.954986929893494 0.957408130168915 0.898505568504333 0.902269721031189 0.906011760234833 0.900209665298462 0.911186635494232 0.917232513427734 0.908197283744812 0.97508978843689 0.973980128765106 0.975478708744049 0.969552099704742 0.971554160118103 0.982045769691467 0.970908224582672 0.966294050216675 0.96475613117218 0.947800576686859 0.899855434894562 0.918060481548309 0.925687611103058 0.938904285430908 0.916035890579224 0.925436198711395 0.941763579845428 0.943249106407166 0.917433977127075 0.935721695423126 0.9306281208992 0.927048683166504 0.913866281509399 0.825108110904694 0.751648366451263 0.685181319713593 0.623036563396454 0.586017608642578 0.518091261386871 0.506904184818268 -3.4e+38 -3.4e+38 -3.4e+38 0.422495365142822 0.408581554889679 -3.4e+38 -3.4e+38
0.952967047691345 0.971904039382935 0.981624662876129 0.977236866950989 0.967860579490662 0.89736807346344 0.905950486660004 0.904808521270752 0.907540500164032 0.919221341609955 0.921544313430786 0.974312365055084 0.97699111700058 0.970623195171356 0.966461777687073 0.962113618850708 0.9732386469841 0.979432344436646 0.979231894016266 0.975956320762634 0.960541129112244 0.941450178623199 0.919242680072784 0.909675121307373 0.929819583892822 0.951942145824432 0.951676964759827 0.943797528743744 0.930368542671204 0.943990409374237 0.93348640203476 0.931156635284424 0.924668908119202 0.918684601783752 0.844127178192139 0.778119444847107 0.709839761257172 0.657480001449585 0.688983023166656 0.542808830738068 0.480454236268997 -3.4e+38 -3.4e+38 -3.4e+38 -3.4e+38 -3.4e+38 -3.4e+38 -3.4e+38 -3.4e+38
0.968692004680634 0.979596793651581 0.979663908481598 0.975536048412323 0.976449549198151 0.958846271038055 0.968101739883423 0.968760132789612 0.907692611217499 0.913897395133972 0.921660780906677 0.961685121059418 0.973524987697601 0.964569926261902 0.956340491771698 0.943021178245544 0.968001902103424 0.979152083396912 0.974429845809937 0.958652317523956 0.944807231426239 0.913688659667969 0.907896220684052 0.907896220684052 0.910443186759949 0.932104051113129 0.93844598531723 0.953230142593384 0.948137044906616 0.942429602146149 0.938753426074982 0.933461248874664 0.925430119037628 0.91832572221756 0.826222538948059 0.751118540763855 0.643522679805756 0.649322867393494 0.57707005739212 0.47126030921936 -3.4e+38 -3.4e+38 -3.4e+38 -3.4e+38 -3.4e+38 -3.4e+38 -3.4e+38 -3.4e+38 -3.4e+38
0.965441882610321 0.963530480861664 0.957145810127258 0.97444087266922 0.971477806568146 0.965743541717529 0.950774669647217 0.944323182106018 0.956116020679474 0.975545227527618 0.974838852882385 0.978077173233032 0.973372995853424 0.972140431404114 0.961862683296204 0.964183688163757 0.974096298217773 0.980361521244049 0.972753524780273 0.949035584926605 0.909654200077057 0.907262325286865 0.896548271179199 0.915276288986206 0.927640974521637 0.91322922706604 0.926211178302765 0.948562681674957 0.944066107273102 0.943646311759949 0.926360785961151 0.921704351902008 0.909169912338257 0.898973047733307 0.742398977279663 0.674885630607605 0.563526391983032 0.500849545001984 0.432681232690811 0.392907828092575 -3.4e+38 -3.4e+38 -3.4e+38 -3.4e+38 -3.4e+38 -3.4e+38 -3.4e+38 -3.4e+38 -3.4e+38
0.976784944534302 0.955236077308655 0.922799289226532 0.967402279376984 0.977411091327667 0.972092688083649 0.946866869926453 0.96662575006485 0.962414383888245 0.960322022438049 0.973277270793915 0.975430250167847 0.977561235427856 0.976472318172455 0.975486040115356 0.977599143981934 0.974754989147186 0.972753643989563 0.961641371250153 0.942209422588348 0.902253389358521 0.914503157138824 0.903548717498779 0.884458005428314 0.891053795814514 0.926504969596863 0.934520661830902 0.944504201412201 0.930384516716003 0.937211215496063 0.926022052764893 0.929287791252136 0.911763548851013 0.895243763923645 0.801896274089813 0.720286130905151 0.542191863059998 0.475846976041794 0.392385721206665 0.335850089788437 -3.4e+38 -3.4e+38 -3.4e+38 -3.4e+38 -3.4e+38 -3.4e+38 -3.4e+38 -3.4e+38 -3.4e+38
0.976727783679962 0.962449431419373 0.947128236293793 0.967609465122223 0.974594473838806 0.967480599880219 0.968321621417999 0.969930589199066 0.955304384231567 0.954097509384155 0.969611346721649 0.96757185459137 0.976735830307007 0.976791679859161 0.974233686923981 0.961996793746948 0.966139853000641 0.956226766109467 0.911029756069183 0.881450533866882 0.894518673419952 0.894747018814087 0.914930105209351 0.890529155731201 0.896811902523041 0.921744644641876 0.943329930305481 0.947594344615936 0.93899792432785 0.944248676300049 0.936811208724976 0.920972883701324 0.913034975528717 0.89575469493866 0.7664834856987 0.666921496391296 0.555513679981232 -3.4e+38 -3.4e+38 -3.4e+38 -3.4e+38 0.187672704458237 -3.4e+38 -3.4e+38 -3.4e+38 -3.4e+38 -3.4e+38 -3.4e+38 -3.4e+38
0.975699722766876 0.974099695682526 0.961409568786621 0.944471657276154 0.960860311985016 0.972794353961945 0.973485589027405 0.962380290031433 0.957092881202698 0.949585020542145 0.96456903219223 0.955434143543243 0.970566689968109 0.973323464393616 0.970101296901703 0.954841911792755 0.93970400094986 0.88493150472641 0.89752197265625 0.883977949619293 0.895387053489685 0.901974081993103 0.911761462688446 0.923859179019928 0.918927907943726 0.947804152965546 0.933367729187012 0.94138091802597 0.952516913414001 0.946357369422913 0.933751285076141 0.93113499879837 0.899262666702271 0.84959477186203 0.761618196964264 0.658868253231049 0.532270133495331 0.525329232215881 -3.4e+38 -3.4e+38 -3.4e+38 0.20245486497879 -3.4e+38 -3.4e+38 -3.4e+38 -3.4e+38 -3.4e+38 -3.4e+38 -3.4e+38
0.963951766490936 0.965909719467163 0.95534610748291 0.947235465049744 0.959452867507935 0.961431860923767 0.964041709899902 0.960749328136444 0.963428139686584 0.958160281181335 0.960729658603668 0.957111060619354 0.970887959003448 0.967253088951111 0.947701394557953 0.939735412597656 0.89828497171402 0.874171316623688 0.915698111057281 0.92067551612854 0.908152639865875 0.909932434558868 0.915350019931793 0.934823632240295 0.940469563007355 0.951376080513 0.957333385944366 0.94665938615799 0.957245051860809 0.958765029907227 0.951621770858765 0.940342724323273 0.901004731655121 0.820382714271545 0.779209911823273 0.589783430099487 -3.4e+38 -3.4e+38 -3.4e+38 -3.4e+38 -3.4e+38 -3.4e+38 -3.4e+38 -3.4e+38 -3.4e+38 -3.4e+38 -3.4e+38 -3.4e+38 -3.4e+38
0.943367183208466 0.970126032829285 0.972455203533173 0.969672679901123 0.964824795722961 0.969406545162201 0.964323878288269 0.963965117931366 0.961254000663757 0.957946419715881 0.943805992603302 0.954735398292542 0.962778270244598 0.948034763336182 0.940606355667114 0.928952991962433 0.872357189655304 0.908354938030243 0.940056383609772 0.928786396980286 0.887941718101501 0.879614412784576 0.900753259658813 0.898708343505859 0.888205468654633 0.915728032588959 0.94663941860199 0.962209522724152 0.961951732635498 0.964343309402466 0.958224177360535 0.946683824062347 0.911367177963257 0.843389093875885 0.766603767871857 -3.4e+38 -3.4e+38 -3.4e+38 -3.4e+38 -3.4e+38 -3.4e+38 -3.4e+38 -3.4e+38 -3.4e+38 -3.4e+38 -3.4e+38 -3.4e+38 -3.4e+38 -3.4e+38
0.973474204540253 0.970556974411011 0.975300669670105 0.95855587720871 0.945158064365387 0.956633031368256 0.944670855998993 0.949469149112701 0.957779884338379 0.947940945625305 0.931091487407684 0.954645693302155 0.942898809909821 0.951815724372864 0.939866304397583 0.920423984527588 0.88209456205368 0.916971862316132 0.943536281585693 0.920271217823029 0.912050724029541 0.904683232307434 0.910271346569061 0.876298487186432 0.882607221603394 0.921477735042572 0.93061226606369 0.95685863494873 0.957767844200134 0.95606917142868 0.956366837024689 0.945831418037415 0.894703209400177 0.823820769786835 0.74715393781662 -3.4e+38 -3.4e+38 0.499079793691635 -3.4e+38 -3.4e+38 -3.4e+38 -3.4e+38 -3.4e+38 -3.4e+38 -3.4e+38 -3.4e+38 -3.4e+38 -3.4e+38 -3.4e+38
0.968562483787537 0.968792319297791 0.968236267566681 0.944346606731415 0.947295188903809 0.962499797344208 0.956337511539459 0.948444545269012 0.955308139324188 0.939617276191711 0.947268784046173 0.954260230064392 0.951261401176453 0.946039617061615 0.923638999462128 0.939716279506683 0.926656901836395 0.930331468582153 0.935379922389984 0.927780866622925 0.890668869018555 0.914933323860168 0.922217190265656 0.900446593761444 0.908374905586243 0.904480457305908 0.916254878044128 0.93623560667038 0.944762527942657 0.946449995040894 0.938349783420563 0.906155407428741 0.846415758132935 0.81378698348999 0.718679189682007 -3.4e+38 0.502630710601807 0.49305671453476 -3.4e+38 -3.4e+38 -3.4e+38 -3.4e+38 -3.4e+38 -3.4e+38 -3.4e+38 -3.4e+38 -3.4e+38 -3.4e+38 -3.4e+38
