data/climate_estimation/maxent_output/Smilax_hugeri.asc
NCOLS 99 
NROWS 57 
XLLCORNER -88 
YLLCORNER 31.5 
CELLSIZE 0.0833333333333333 
NODATA_value -3.4e+38 
[rows 0 to 19 of 57, columns 0 to 44 of 99]
0.778733253479004 0.816592276096344 0.821935832500458 0.812222480773926 0.814009249210358 0.804784297943115 0.80644702911377 0.805135071277618 0.776875674724579 0.763461053371429 0.788139164447784 0.746069073677063 0.724990129470825 0.671948611736298 0.633163809776306 0.602442026138306 0.602178037166595 0.678259074687958 0.71665894985199 0.740216076374054 0.774478197097778 0.790188074111938 0.812273323535919 0.834363698959351 0.834571599960327 0.848098695278168 0.851219773292542 0.858215093612671 0.854786813259125 0.852822124958038 0.833508431911469 0.856329560279846 0.851598262786865 0.8397296667099 0.834690511226654 0.840549170970917 0.827700912952423 0.829798936843872 0.824352622032166 0.822837054729462 0.813347518444061 0.813363373279572 0.836040556430817 0.840475678443909 0.800977528095245
0.798937380313873 0.795618712902069 0.82056999206543 0.825500428676605 0.825166881084442 0.814575135707855 0.819395065307617 0.802806794643402 0.792146682739258 0.821006834506989 0.783761978149414 0.770273685455322 0.7378009557724 0.68867290019989 0.648181438446045 0.633972704410553 0.633733034133911 0.671915352344513 0.722801208496094 0.761272251605988 0.809159159660339 0.832070767879486 0.849681198596954 0.858630418777466 0.86040586233139 0.858056366443634 0.863861501216888 0.864392817020416 0.863730549812317 0.856183052062988 0.857050001621246 0.84018474817276 0.858199238777161 0.85165011882782 0.831656992435455 0.856258273124695 0.856693506240845 0.855880260467529 0.823382198810577 0.819697618484497 0.820488333702087 0.84525328874588 0.81541907787323 0.830227613449097 0.829939603805542
0.775048911571503 0.807288765907288 0.818072259426117 0.818271696567535 0.823189973831177 0.827659428119659 0.817350268363953 0.817548990249634 0.802010834217072 0.822173058986664 0.806769967079163 0.793692648410797 0.759425461292267 0.736889779567719 0.741633653640747 0.688737988471985 0.645275056362152 0.66341906785965 0.73550945520401 0.788531243801117 0.820637285709381 0.866588950157166 0.874795854091644 0.871305584907532 0.849130868911743 0.874717772006989 0.872759819030762 0.869147419929504 0.87568598985672 0.873883724212646 0.864182114601135 0.855569541454315 0.855163037776947 0.840983808040619 0.852529406547546 0.854530036449432 0.850354433059692 0.840535342693329 0.843445539474487 0.834548830986023 0.847114861011505 0.842359244823456 0.843770921230316 0.814404547214508 0.81241238117218
0.774089992046356 0.792080461978912 0.816255033016205 0.820369184017181 0.825553476810455 0.828683435916901 0.81510990858078 0.816723823547363 0.807083129882812 0.839851200580597 0.825510203838348 0.813268661499023 0.794215381145477 0.769902586936951 0.792192757129669 0.752980470657349 0.746100902557373 0.702101171016693 0.73809140920639 0.782779097557068 0.847888290882111 0.851473093032837 0.860558867454529 0.884083092212677 0.881865084171295 0.883226454257965 0.88858962059021 0.880501866340637 0.880674421787262 0.876761794090271 0.866053938865662 0.871197104454041 0.863271355628967 0.871376276016235 0.842538774013519 0.844078600406647 0.838208019733429 0.859075844287872 0.847651362419128 0.856689989566803 0.83020007610321 0.835566937923431 0.810138046741486 0.804208636283875 0.841430425643921
0.778376519680023 0.810327589511871 0.815174520015717 0.784164071083069 0.820417702198029 0.774883329868317 0.810270369052887 0.823778808116913 0.812823832035065 0.815651118755341 0.838803291320801 0.831830382347107 0.818236947059631 0.806011378765106 0.819293200969696 0.810346305370331 0.814957678318024 0.759047031402588 0.777981460094452 0.814031660556793 0.839788198471069 0.857180297374725 0.861077547073364 0.889972507953644 0.890369772911072 0.894340336322784 0.886386454105377 0.860058426856995 0.888159096240997 0.880845367908478 0.859456479549408 0.882274866104126 0.877858519554138 0.850401401519775 0.849454700946808 0.850551724433899 0.84926450252533 0.869803845882416 0.849982380867004 0.853921592235565 0.853216528892517 0.819103717803955 0.824500620365143 0.818733930587769 0.824362933635712
0.787787258625031 0.78302538394928 0.776202917098999 0.79658716917038 0.785085797309875 0.772769927978516 0.771553575992584 0.766241669654846 0.793529808521271 0.818350493907928 0.845681428909302 0.845909714698792 0.839588820934296 0.833591461181641 0.817191898822784 0.814637243747711 0.802290081977844 0.81630676984787 0.816429674625397 0.836679458618164 0.853010296821594 0.86136931180954 0.867652773857117 0.897101998329163 0.901057302951813 0.899138987064362 0.871439099311829 0.869450151920319 0.873699963092804 0.870958983898163 0.861613690853119 0.864438951015472 0.862366676330566 0.865621984004974 0.860200107097626 0.86981725692749 0.886632204055786 0.864537239074707 0.870989501476288 0.837910771369934 0.843215942382812 0.83627861738205 0.834692239761353 0.836090505123138 0.833693146705627
0.764265179634094 0.797596871852875 0.791854619979858 0.798697948455811 0.798880517482758 0.791987538337708 0.789001107215881 0.782215714454651 0.813472628593445 0.806868195533752 0.806093990802765 0.810366034507751 0.837477266788483 0.843370735645294 0.838371455669403 0.846359252929688 0.840260028839111 0.849769711494446 0.847310066223145 0.850218534469604 0.864845395088196 0.874789774417877 0.877421200275421 0.880054950714111 0.87944883108139 0.882342517375946 0.876794815063477 0.880519211292267 0.876533806324005 0.872473478317261 0.890884876251221 0.872670292854309 0.873311221599579 0.878434538841248 0.880165815353394 0.88152003288269 0.875200927257538 0.88800185918808 0.859756231307983 0.851735234260559 0.851760387420654 0.851777911186218 0.85723614692688 0.843804180622101 0.837280333042145
0.779200971126556 0.802570402622223 0.804788708686829 0.811045527458191 0.816144585609436 0.808400511741638 0.798214673995972 0.808007538318634 0.784836709499359 0.814068615436554 0.815319836139679 0.807386517524719 0.819255292415619 0.851727962493896 0.846002280712128 0.845091044902802 0.853305339813232 0.853817343711853 0.867128849029541 0.874855577945709 0.8819779753685 0.884586036205292 0.886807799339294 0.885070443153381 0.883193671703339 0.884838819503784 0.882319450378418 0.885050415992737 0.871574103832245 0.898447632789612 0.873941481113434 0.87429404258728 0.875904023647308 0.888379633426666 0.888439178466797 0.883758008480072 0.885721325874329 0.869061768054962 0.864020049571991 0.863555550575256 0.889030694961548 0.886883914470673 0.884588718414307 0.885001540184021 0.87064927816391
0.779445230960846 0.811000406742096 0.814786970615387 0.831914365291595 0.836755990982056 0.831019937992096 0.829226076602936 0.818189144134521 0.809056222438812 0.800832867622375 0.801876246929169 0.833869457244873 0.827224969863892 0.828059732913971 0.828706443309784 0.830045938491821 0.836335778236389 0.857516050338745 0.832150876522064 0.874881863594055 0.883347868919373 0.870386838912964 0.870891451835632 0.89431220293045 0.892268240451813 0.890632688999176 0.884615778923035 0.89387434720993 0.879077255725861 0.871429204940796 0.871461272239685 0.875331044197083 0.889042913913727 0.898054182529449 0.882712364196777 0.89512687921524 0.882726073265076 0.870358645915985 0.873896360397339 0.897178113460541 0.898007035255432 0.893071830272675 0.894455134868622 0.892464220523834 0.881430387496948
0.763072192668915 0.822302579879761 0.832403063774109 0.838354587554932 0.846732616424561 0.839550137519836 0.836602628231049 0.841540336608887 0.839883089065552 0.822542190551758 0.85351288318634 0.849335432052612 0.846920788288116 0.851155161857605 0.853964030742645 0.841551005840302 0.848625123500824 0.843513965606689 0.842021226882935 0.85763943195343 0.868103206157684 0.878056526184082 0.881846308708191 0.881740987300873 0.878387570381165 0.888970792293549 0.865445554256439 0.872430264949799 0.883430421352386 0.869849503040314 0.867085993289948 0.887705206871033 0.899118006229401 0.885145843029022 0.902306020259857 0.889761686325073 0.871832668781281 0.871934711933136 0.877837896347046 0.899397432804108 0.902366280555725 0.899509787559509 0.899157047271729 0.89857429265976 0.888332724571228
0.785801708698273 0.807116687297821 0.826453268527985 0.832161664962769 0.855127394199371 0.86008220911026 0.854532778263092 0.852922797203064 0.849668383598328 0.851015746593475 0.867086946964264 0.864654898643494 0.86840146780014 0.878183305263519 0.878740549087524 0.877269327640533 0.871255338191986 0.872699916362762 0.881213486194611 0.880105555057526 0.887566447257996 0.868437945842743 0.895918309688568 0.89231812953949 0.885700523853302 0.883966684341431 0.854931771755219 0.856297492980957 0.857941925525665 0.855214476585388 0.872339606285095 0.877081274986267 0.890174746513367 0.893640458583832 0.884961307048798 0.87175190448761 0.865455806255341 0.89628392457962 0.893251895904541 0.89882230758667 0.898566663265228 0.899161636829376 0.900481283664703 0.901368319988251 0.896813571453094
0.80207771062851 0.827915012836456 0.835690319538116 0.875887513160706 0.849056422710419 0.871836543083191 0.869254469871521 0.857560157775879 0.85950368642807 0.859291851520538 0.84509414434433 0.842194020748138 0.880711674690247 0.857116758823395 0.88678640127182 0.860124111175537 0.849839925765991 0.861679673194885 0.861898958683014 0.867381393909454 0.863287448883057 0.875199913978577 0.868752360343933 0.875310897827148 0.892662942409515 0.885365307331085 0.852101683616638 0.850972712039948 0.874676525592804 0.849697411060333 0.879909515380859 0.897600173950195 0.891191720962524 0.907295703887939 0.867693603038788 0.873060762882233 0.897465705871582 0.891139805316925 0.891154587268829 0.886350870132446 0.89032256603241 0.904129922389984 0.924233853816986 0.924594223499298 0.927172541618347
0.817018806934357 0.831136047840118 0.848031163215637 0.85837721824646 0.849419593811035 0.850558400154114 0.839166462421417 0.839350461959839 0.8714519739151 0.864455580711365 0.854511678218842 0.848621368408203 0.863706529140472 0.861372053623199 0.866608381271362 0.859865009784698 0.863345980644226 0.867224156856537 0.863412082195282 0.877373814582825 0.87128347158432 0.87891697883606 0.879088640213013 0.871713638305664 0.864316046237946 0.814276099205017 0.840474903583527 0.83515852689743 0.867240905761719 0.884966313838959 0.889334559440613 0.868840754032135 0.901847124099731 0.873806178569794 0.864569902420044 0.862545371055603 0.892044842243195 0.882820069789886 0.889435887336731 0.880005061626434 0.891217708587646 0.927605450153351 0.929663062095642 0.927294850349426 0.92402058839798
0.830632209777832 0.848749101161957 0.857245028018951 0.853527665138245 0.854499399662018 0.847876012325287 0.840541422367096 0.880751729011536 0.849618017673492 0.874562978744507 0.875424861907959 0.860411524772644 0.865632832050323 0.868753731250763 0.865034937858582 0.863465487957001 0.871207118034363 0.875020027160645 0.887093901634216 0.882302701473236 0.882806777954102 0.885100543498993 0.870130181312561 0.865026593208313 0.874471724033356 0.84065306186676 0.883077204227448 0.872030854225159 0.895011126995087 0.869228541851044 0.876561164855957 0.890767216682434 0.885913133621216 0.863645255565643 0.861438393592834 0.863718092441559 0.882436096668243 0.887607455253601 0.90670907497406 0.908168017864227 0.921461760997772 0.928794085979462 0.927996516227722 0.924483001232147 0.93163126707077
0.836869359016418 0.85299551486969 0.853150486946106 0.853373885154724 0.851308226585388 0.845914959907532 0.84586900472641 0.846809685230255 0.849260985851288 0.840142965316772 0.870209872722626 0.866975009441376 0.862941443920135 0.87216728925705 0.882714986801147 0.881535351276398 0.886728346347809 0.887136220932007 0.887166380882263 0.88746303319931 0.861800968647003 0.877983212471008 0.852165043354034 0.860679268836975 0.863919019699097 0.852387845516205 0.883244812488556 0.881899118423462 0.871525883674622 0.881337285041809 0.89835125207901 0.895072758197784 0.843310117721558 0.835161328315735 0.862498760223389 0.886645376682281 0.88389927148819 0.87816846370697 0.900185406208038 0.912601709365845 0.923786520957947 0.903404474258423 0.927271246910095 0.934237360954285 0.919043362140656
0.809762179851532 0.822420358657837 0.818873643875122 0.852127850055695 0.851938128471375 0.856111586093903 0.845619916915894 0.847510993480682 0.848429143428802 0.849587261676788 0.839436948299408 0.846001863479614 0.877435803413391 0.854963421821594 0.859275162220001 0.8863844871521 0.863564610481262 0.860174953937531 0.864079833030701 0.864633023738861 0.86783492565155 0.879140973091125 0.879496932029724 0.860179662704468 0.88435560464859 0.879697382450104 0.892529785633087 0.886290192604065 0.875352144241333 0.899640798568726 0.881399095058441 0.903824210166931 0.847202122211456 0.827967882156372 0.862683475017548 0.866412281990051 0.881417572498322 0.897489368915558 0.891453981399536 0.913305938243866 0.917112767696381 0.873084485530853 0.913970410823822 0.93168169260025 0.921770572662354
0.799083650112152 0.810516774654388 0.811107873916626 0.81975793838501 0.817273080348969 0.843696415424347 0.844607353210449 0.846637368202209 0.846353709697723 0.846883952617645 0.843247532844543 0.850617587566376 0.853717386722565 0.85189563035965 0.857578754425049 0.856019914150238 0.856773555278778 0.858209311962128 0.861563384532928 0.864830434322357 0.879293262958527 0.87447315454483 0.867377758026123 0.869637548923492 0.874658286571503 0.876629054546356 0.868796288967133 0.892904579639435 0.9011110663414 0.885632157325745 0.897816836833954 0.901963591575623 0.854235291481018 0.840498805046082 0.873557507991791 0.861406564712524 0.871414244174957 0.888522684574127 0.8919478058815 0.915961146354675 0.851212620735168 0.815225481987 0.887795567512512 0.906462848186493 0.920325100421906
0.808684349060059 0.809483766555786 0.81684285402298 0.822297871112823 0.809062957763672 0.800458014011383 0.835373818874359 0.83185887336731 0.838575839996338 0.83955454826355 0.849081635475159 0.847459077835083 0.851155817508698 0.855358481407166 0.855152606964111 0.858298659324646 0.864124715328217 0.868875682353973 0.866085827350616 0.876221179962158 0.865415990352631 0.875569880008698 0.884843051433563 0.890263199806213 0.882707297801971 0.880088746547699 0.876237809658051 0.881951630115509 0.899594247341156 0.891050219535828 0.876764178276062 0.878488779067993 0.86601734161377 0.888271749019623 0.879266619682312 0.868203282356262 0.876088857650757 0.891010582447052 0.88719254732132 0.912176311016083 0.891617596149445 0.891040027141571 0.883019685745239 0.88349837064743 0.884173154830933
0.815219163894653 0.808525860309601 0.809114336967468 0.81098085641861 0.803119301795959 0.804300487041473 0.807413995265961 0.840835511684418 0.835163354873657 0.841212391853333 0.846678733825684 0.846374690532684 0.849029242992401 0.854369699954987 0.862655341625214 0.857516288757324 0.860089898109436 0.868827402591705 0.876347422599792 0.879570424556732 0.882494151592255 0.8833247423172 0.864776372909546 0.864305555820465 0.868191599845886 0.885182321071625 0.898256242275238 0.883269965648651 0.880059421062469 0.900540590286255 0.901341319084167 0.914419889450073 0.873715817928314 0.903396368026733 0.890052914619446 0.885766088962555 0.877532482147217 0.864534795284271 0.883702397346497 0.909640192985535 0.899669706821442 0.909375786781311 0.910047471523285 0.839319348335266 0.861782193183899
0.814090132713318 0.820123553276062 0.832089722156525 0.828200280666351 0.811488211154938 0.818089008331299 0.839785277843475 0.847173273563385 0.846766531467438 0.846941888332367 0.846766531467438 0.847365379333496 0.845988750457764 0.856693387031555 0.862134099006653 0.832642078399658 0.863779664039612 0.872036099433899 0.86741715669632 0.880744993686676 0.852433025836945 0.863325297832489 0.866807460784912 0.872189998626709 0.897866249084473 0.877921104431152 0.89857816696167 0.891875088214874 0.909644603729248 0.890790700912476 0.89630538225174 0.899465620517731 0.883319079875946 0.88988733291626 0.903914749622345 0.894299328327179 0.868701636791229 0.846775949001312 0.876628518104553 0.883039116859436 0.896805942058563 0.889815151691437 0.872735381126404 0.885447263717651 0.857508599758148
