data/climate_estimation/maxent_output/Smilax_rotundifolia.asc
NCOLS 445 
NROWS 188 
XLLCORNER -101 
YLLCORNER 29.0833333333333 
CELLSIZE 0.0833333333333333 
NODATA_value -3.4e+38 
[rows 105 to 125 of 188, columns 192 to 239 of 445]
0.664935767650604 0.66665256023407 0.668934166431427 0.662583708763123 0.65357106924057 0.649390757083893 0.642053484916687 0.640301525592804 0.642948746681213 0.642395079135895 0.643061399459839 0.644284009933472 0.644276201725006 0.650537550449371 0.653725266456604 0.659213423728943 0.69093930721283 0.687448918819427 0.662808656692505 0.643496036529541 0.664379954338074 0.625471949577332 0.626153826713562 0.646499633789062 0.681859612464905 0.682447671890259 0.705202162265778 0.696303844451904 0.673973798751831 0.636393249034882 0.625281989574432 0.706991195678711 0.707973539829254 0.714496791362762 0.712582886219025 0.675419509410858 0.680877685546875 0.664883375167847 0.760209679603577 0.757624506950378 0.742740333080292 0.741382598876953 0.755249261856079 0.753858685493469 0.752792418003082 0.737278938293457 0.752918422222137 0.736933290958405
0.665731072425842 0.669169962406158 0.661552250385284 0.655096709728241 0.649237453937531 0.64370983839035 0.641869187355042 0.641372621059418 0.640349924564362 0.640506088733673 0.642772018909454 0.643522381782532 0.643839478492737 0.653709888458252 0.660185992717743 0.693682253360748 0.697168588638306 0.690988540649414 0.68258661031723 0.700878202915192 0.704847455024719 0.648050665855408 0.705841302871704 0.685810029506683 0.694686233997345 0.696999251842499 0.692606449127197 0.708318889141083 0.724839866161346 0.711764991283417 0.723994076251984 0.674133002758026 0.644322335720062 0.696661233901978 0.689953088760376 0.759510517120361 0.762528836727142 0.761877059936523 0.759636998176575 0.759841442108154 0.759298801422119 0.743157029151917 0.75684916973114 0.74106228351593 0.739990413188934 0.739629030227661 0.753897190093994 0.753335952758789
0.669106483459473 0.660517632961273 0.654801607131958 0.64525043964386 0.644023537635803 0.643758237361908 0.642275810241699 0.642034649848938 0.641847431659698 0.640546560287476 0.643337428569794 0.645274817943573 0.648925960063934 0.655199408531189 0.668472290039062 0.699850261211395 0.701984941959381 0.705206334590912 0.70642101764679 0.707384824752808 0.707943797111511 0.718377113342285 0.718335568904877 0.732476115226746 0.675574064254761 0.720952153205872 0.724349856376648 0.697938501834869 0.70147693157196 0.712599277496338 0.745515406131744 0.615695059299469 0.53104156255722 0.644220769405365 0.741024196147919 0.763398051261902 0.761979043483734 0.760738968849182 0.762020826339722 0.762939989566803 0.76319295167923 0.759957551956177 0.757966935634613 0.74290132522583 0.741665482521057 0.740672647953033 0.750524640083313 0.740892052650452
0.662666916847229 0.655156433582306 0.645834803581238 0.6454017162323 0.645529925823212 0.645598113536835 0.645956158638 0.645231127738953 0.645143687725067 0.647412419319153 0.651443243026733 0.654935479164124 0.659881830215454 0.671257138252258 0.701748669147491 0.714071333408356 0.713489353656769 0.716814875602722 0.729089081287384 0.729184448719025 0.592122733592987 0.576926946640015 0.664153933525085 0.737973630428314 0.710918366909027 0.67220276594162 0.729100227355957 0.711122512817383 0.710893332958221 0.728970408439636 0.686542272567749 0.592139482498169 0.556001663208008 0.708551347255707 0.767118573188782 0.762900650501251 0.762425899505615 0.763182818889618 0.763721764087677 0.763454258441925 0.762130677700043 0.761571645736694 0.745014011859894 0.752931177616119 0.750988066196442 0.750899493694305 0.752169907093048 0.751765429973602
0.659841537475586 0.645727574825287 0.646036982536316 0.644364416599274 0.649682223796844 0.650272965431213 0.650196492671967 0.652035415172577 0.650510907173157 0.652548611164093 0.657722532749176 0.663694381713867 0.678717970848083 0.689493119716644 0.713305175304413 0.713387906551361 0.686043798923492 0.664415001869202 0.552981436252594 0.58250492811203 0.59207421541214 0.609906315803528 0.669833898544312 0.725736796855927 0.751522779464722 0.693792343139648 0.724564611911774 0.729963719844818 0.727930426597595 0.730666041374207 0.738953769207001 0.754642844200134 0.740490317344666 0.755064249038696 0.767257332801819 0.765690684318542 0.764896869659424 0.764036476612091 0.763860464096069 0.761143207550049 0.763241112232208 0.76344507932663 0.748458325862885 0.757038831710815 0.755961358547211 0.756285786628723 0.7526496052742 0.75290858745575
0.647359549999237 0.647362411022186 0.64567643404007 0.650476574897766 0.649934947490692 0.652579724788666 0.653565943241119 0.654510676860809 0.6552574634552 0.657973885536194 0.663649380207062 0.674782633781433 0.704601943492889 0.695110023021698 0.679901957511902 0.648188531398773 0.617571175098419 0.608975648880005 0.625451028347015 0.654077112674713 0.743395924568176 0.64007306098938 0.61718088388443 0.721512198448181 0.759812474250793 0.74757993221283 0.746309340000153 0.733678102493286 0.745337605476379 0.738606691360474 0.739500880241394 0.734511613845825 0.749420464038849 0.754749298095703 0.768797636032104 0.768094837665558 0.765617787837982 0.766278445720673 0.764637231826782 0.765239655971527 0.765045464038849 0.766008675098419 0.748893618583679 0.759236454963684 0.764291763305664 0.757741332054138 0.755163311958313 0.755106091499329
0.648638308048248 0.648107707500458 0.647359549999237 0.650113105773926 0.648486077785492 0.651522397994995 0.653137445449829 0.657293617725372 0.661466777324677 0.664584159851074 0.680082142353058 0.701726377010345 0.707945048809052 0.715072214603424 0.717612743377686 0.721001446247101 0.731156468391418 0.738660454750061 0.740126252174377 0.741577386856079 0.75720751285553 0.679612517356873 0.603335976600647 0.705151379108429 0.724348485469818 0.755552768707275 0.714343190193176 0.756174981594086 0.754416525363922 0.742699027061462 0.7433180809021 0.759073913097382 0.754339814186096 0.77026492357254 0.770443975925446 0.769016981124878 0.771107792854309 0.770647406578064 0.766586065292358 0.768551230430603 0.756401002407074 0.764447808265686 0.761883556842804 0.76759934425354 0.767349600791931 0.764536321163177 0.765686571598053 0.764243602752686
0.647600769996643 0.650894284248352 0.651296496391296 0.652473449707031 0.651247680187225 0.654107511043549 0.656530261039734 0.660718441009521 0.664939105510712 0.679811239242554 0.701997578144073 0.649019241333008 0.651880025863647 0.717528104782104 0.723811626434326 0.73429399728775 0.737729668617249 0.728829741477966 0.755653083324432 0.708661079406738 0.758593678474426 0.760769009590149 0.729111611843109 0.606467127799988 0.610292792320251 0.590307831764221 0.697797358036041 0.751468002796173 0.76937597990036 0.757721841335297 0.756316483020782 0.757316827774048 0.768345832824707 0.772864460945129 0.772575378417969 0.774248003959656 0.771531283855438 0.772534966468811 0.771540880203247 0.769931375980377 0.771780490875244 0.772294580936432 0.770582377910614 0.770028948783875 0.769074022769928 0.767427980899811 0.765470743179321 0.76573246717453
0.650617599487305 0.652500331401825 0.652568459510803 0.652091801166534 0.654878318309784 0.657201528549194 0.671137630939484 0.671427428722382 0.68207710981369 0.700156331062317 0.70365846157074 0.601307690143585 0.624413371086121 0.710586547851562 0.730725586414337 0.684686243534088 0.720453441143036 0.750442981719971 0.757958292961121 0.762766897678375 0.745311975479126 0.773961246013641 0.772818684577942 0.70110821723938 0.592200756072998 0.622572124004364 0.777053117752075 0.800911605358124 0.802651882171631 0.800312221050262 0.787399888038635 0.769738256931305 0.771011829376221 0.771044135093689 0.788429856300354 0.78894454240799 0.788457453250885 0.786897003650665 0.788066267967224 0.786626994609833 0.773017823696136 0.773160755634308 0.772734224796295 0.769571959972382 0.769221782684326 0.755591034889221 0.754097700119019 0.751354396343231
0.650848746299744 0.651824295520782 0.655109345912933 0.655471622943878 0.659028887748718 0.668559014797211 0.669279873371124 0.678893864154816 0.685451865196228 0.700974941253662 0.704808712005615 0.718678891658783 0.702764391899109 0.719487130641937 0.71918511390686 0.667944073677063 0.656441211700439 0.658078789710999 0.758310794830322 0.762005686759949 0.763822495937347 0.679975271224976 0.711653470993042 0.710275411605835 0.722629070281982 0.771919190883636 0.791482508182526 0.79826819896698 0.810316681861877 0.807995915412903 0.79814600944519 0.799976110458374 0.800030410289764 0.789135336875916 0.789453208446503 0.789510071277618 0.788249373435974 0.788818836212158 0.775557279586792 0.773816883563995 0.775717675685883 0.774684906005859 0.77206939458847 0.76997035741806 0.754971206188202 0.755136072635651 0.751185774803162 0.74981427192688
0.650121510028839 0.651938438415527 0.657524287700653 0.660626113414764 0.665159702301025 0.670065701007843 0.681405961513519 0.685879051685333 0.687452793121338 0.708080649375916 0.709925055503845 0.710663974285126 0.712658286094666 0.729786515235901 0.690218508243561 0.657607555389404 0.64632910490036 0.665481507778168 0.752078473567963 0.758104085922241 0.754260659217834 0.640194714069366 0.662937700748444 0.695259749889374 0.746376931667328 0.779949128627777 0.779462516307831 0.7878138422966 0.800459742546082 0.800200641155243 0.787314057350159 0.786214768886566 0.785356938838959 0.787823021411896 0.788944780826569 0.775393068790436 0.788478970527649 0.774752616882324 0.772673547267914 0.773674130439758 0.77552342414856 0.776535451412201 0.758007168769836 0.758239150047302 0.757197737693787 0.738582491874695 0.738328278064728 0.737979292869568
0.650785565376282 0.652845680713654 0.657978594303131 0.662371575832367 0.668170928955078 0.681394636631012 0.682643711566925 0.687389194965363 0.703367710113525 0.694550335407257 0.712010443210602 0.713161706924438 0.715152621269226 0.724206984043121 0.726857542991638 0.732196509838104 0.685539782047272 0.610764801502228 0.669331312179565 0.738574326038361 0.680342197418213 0.698028564453125 0.742822229862213 0.734162092208862 0.780585408210754 0.781262576580048 0.784666419029236 0.797620892524719 0.772836267948151 0.772063910961151 0.771604239940643 0.771531283855438 0.7735396027565 0.773044288158417 0.773436665534973 0.772700726985931 0.773605406284332 0.774834156036377 0.773329794406891 0.776175916194916 0.775980532169342 0.761142492294312 0.761748433113098 0.759256422519684 0.738872528076172 0.739355027675629 0.738083720207214 0.738446712493896
0.651240408420563 0.656515002250671 0.659756124019623 0.664185583591461 0.674436271190643 0.691352128982544 0.685551047325134 0.687080979347229 0.690935254096985 0.693989217281342 0.712235987186432 0.72160804271698 0.721861600875854 0.724688112735748 0.724308788776398 0.721339821815491 0.715322136878967 0.712309598922729 0.725361049175262 0.730300843715668 0.736608684062958 0.759164452552795 0.766776144504547 0.767401099205017 0.776231646537781 0.774425089359283 0.774281024932861 0.773321330547333 0.771413564682007 0.772974610328674 0.755733489990234 0.754824697971344 0.756622076034546 0.757878839969635 0.759229063987732 0.75896018743515 0.759487092494965 0.761219203472137 0.761323511600494 0.763956308364868 0.764060258865356 0.763699471950531 0.750541627407074 0.74686461687088 0.741796612739563 0.740045070648193 0.726211249828339 0.723919332027435
0.651385724544525 0.658076047897339 0.662067651748657 0.66838926076889 0.686450481414795 0.685984075069427 0.696180939674377 0.6896852850914 0.691926062107086 0.694176018238068 0.709322333335876 0.72340452671051 0.723772168159485 0.722021758556366 0.707592308521271 0.719284057617188 0.718057632446289 0.721018314361572 0.73132187128067 0.733332931995392 0.752330243587494 0.76876562833786 0.768720626831055 0.761794626712799 0.762134194374084 0.762539029121399 0.761353969573975 0.7607342004776 0.757929980754852 0.757921814918518 0.740918636322021 0.738588690757751 0.741462707519531 0.742685496807098 0.743889391422272 0.745555818080902 0.744508802890778 0.747678577899933 0.762989699840546 0.764651000499725 0.766477942466736 0.750009119510651 0.751623153686523 0.745773792266846 0.730817794799805 0.72859925031662 0.728279829025269 0.728160083293915
0.651770770549774 0.660070240497589 0.662199795246124 0.669757664203644 0.680184602737427 0.681540906429291 0.686425030231476 0.688648700714111 0.698766589164734 0.702966094017029 0.701022803783417 0.700446665287018 0.716100811958313 0.717512309551239 0.709081530570984 0.710142552852631 0.717394411563873 0.718945741653442 0.732505619525909 0.754239797592163 0.761556208133698 0.76168292760849 0.764155507087708 0.761638343334198 0.763134896755219 0.748551666736603 0.761965036392212 0.761438071727753 0.760505199432373 0.744419276714325 0.727063596248627 0.715867340564728 0.7258061170578 0.729301810264587 0.74579530954361 0.747191369533539 0.747661113739014 0.749085247516632 0.749833881855011 0.752506136894226 0.751017928123474 0.747517704963684 0.736397922039032 0.734973609447479 0.731068253517151 0.730011165142059 0.720615446567535 0.721844911575317
0.653001368045807 0.657121956348419 0.662748396396637 0.665673792362213 0.677574574947357 0.676955342292786 0.680293262004852 0.685463190078735 0.697053074836731 0.696461915969849 0.697754442691803 0.698206663131714 0.70858371257782 0.698307752609253 0.701654851436615 0.721518576145172 0.723596036434174 0.738050699234009 0.737860918045044 0.750346660614014 0.750224649906158 0.749155461788177 0.748386323451996 0.748941838741302 0.748696565628052 0.74934059381485 0.749272167682648 0.747650980949402 0.747540831565857 0.729699671268463 0.728533864021301 0.717837572097778 0.728900074958801 0.72873193025589 0.746838092803955 0.749615728855133 0.7509645819664 0.752544939517975 0.752714335918427 0.754514038562775 0.751467525959015 0.738877952098846 0.730452001094818 0.727545917034149 0.726811468601227 0.723168134689331 0.724307298660278 0.721192419528961
0.653967320919037 0.654582858085632 0.659305989742279 0.66290158033371 0.66843044757843 0.672900021076202 0.677018582820892 0.684825837612152 0.684527695178986 0.692776918411255 0.688757121562958 0.689432442188263 0.689132630825043 0.711940228939056 0.71308833360672 0.724535524845123 0.730376183986664 0.732368767261505 0.748776376247406 0.749606668949127 0.736964464187622 0.738696575164795 0.735848426818848 0.748302280902863 0.734431982040405 0.735768914222717 0.736210227012634 0.734882891178131 0.7345210313797 0.730281114578247 0.730910122394562 0.729992926120758 0.732717633247375 0.73403263092041 0.749989330768585 0.751028716564178 0.7535080909729 0.754787027835846 0.757114887237549 0.74102908372879 0.743271827697754 0.742601454257965 0.733552277088165 0.731906056404114 0.730933487415314 0.72737193107605 0.724140644073486 0.726127862930298
0.653690814971924 0.657056987285614 0.658733606338501 0.664133071899414 0.667124390602112 0.671530783176422 0.677695214748383 0.681827664375305 0.683809161186218 0.681666553020477 0.680986106395721 0.682693600654602 0.682847559452057 0.711644053459167 0.714481115341187 0.720954060554504 0.734754920005798 0.734403192996979 0.735242128372192 0.736117899417877 0.735076725482941 0.735794007778168 0.738151550292969 0.735690474510193 0.727276146411896 0.726954281330109 0.726973354816437 0.725588381290436 0.734830975532532 0.734308838844299 0.73324054479599 0.733935952186584 0.735634028911591 0.737437844276428 0.754298388957977 0.754178464412689 0.754914820194244 0.758043646812439 0.744019389152527 0.74491810798645 0.735586762428284 0.737128257751465 0.735909342765808 0.730920195579529 0.72919499874115 0.727669596672058 0.728963136672974 0.727414309978485
0.65609735250473 0.655491471290588 0.657013237476349 0.659304082393646 0.663253903388977 0.672638654708862 0.675162076950073 0.676936089992523 0.678815841674805 0.675101399421692 0.676112055778503 0.678655505180359 0.685720086097717 0.687278568744659 0.692994952201843 0.725600481033325 0.735693573951721 0.734873950481415 0.734939396381378 0.729227900505066 0.728745400905609 0.737395107746124 0.727467894554138 0.726803719997406 0.726669490337372 0.726767957210541 0.724748015403748 0.725828170776367 0.727359056472778 0.737165153026581 0.736652314662933 0.738379836082458 0.739789247512817 0.740961670875549 0.757318019866943 0.758084714412689 0.758621692657471 0.759956300258636 0.745370268821716 0.746574282646179 0.740606129169464 0.740292966365814 0.736121952533722 0.735674917697906 0.734119594097137 0.732889711856842 0.731038093566895 0.732686161994934
0.653741598129272 0.65652996301651 0.657728374004364 0.656310677528381 0.66378915309906 0.667401373386383 0.667595326900482 0.668988108634949 0.673871994018555 0.70728588104248 0.709980428218842 0.71251517534256 0.714650630950928 0.686967968940735 0.688003182411194 0.691373229026794 0.689831554889679 0.687519133090973 0.726079881191254 0.729246914386749 0.731722235679626 0.730454981327057 0.727867186069489 0.726781964302063 0.725857198238373 0.723625719547272 0.724938035011292 0.728229165077209 0.730346739292145 0.73111218214035 0.732136130332947 0.738658785820007 0.743335962295532 0.744804501533508 0.745814800262451 0.748390436172485 0.749000549316406 0.748292744159698 0.748539388179779 0.740746855735779 0.741990268230438 0.737872362136841 0.737979769706726 0.738618493080139 0.733374655246735 0.735875904560089 0.735200643539429 0.732715010643005
0.655414998531342 0.656322181224823 0.658076047897339 0.658568143844604 0.666623115539551 0.664821267127991 0.665597379207611 0.704409003257751 0.706566095352173 0.708698093891144 0.711317181587219 0.71180659532547 0.716740846633911 0.6855428814888 0.684916734695435 0.687633514404297 0.688816010951996 0.689263939857483 0.691789090633392 0.690578758716583 0.731097519397736 0.730046629905701 0.727862954139709 0.727862954139709 0.724246025085449 0.725858330726624 0.729096591472626 0.731174349784851 0.733771085739136 0.732243716716766 0.735688090324402 0.734707415103912 0.746259689331055 0.747139573097229 0.749600529670715 0.750596463680267 0.749622225761414 0.751528561115265 0.742703795433044 0.744032323360443 0.741350412368774 0.740742623806 0.737542748451233 0.738277733325958 0.736878216266632 0.736580669879913 0.7351353764534 0.733866572380066
