data/climate_estimation/maxent_output/Smilax_menispermoidea.asc
NCOLS 452 
NROWS 166 
XLLCORNER 81.25 
YLLCORNER 20.9166666666667 
CELLSIZE 0.0833333333333333 
NODATA_value -3.4e+38 
[rows 133 to 151 of 166, columns 132 to 175 of 452]
0.00422282796353102 0.00596697581931949 0.00761263212189078 0.00545998010784388 0.00859319325536489 0.0070816152729094 0.00499605014920235 0.00714464392513037 0.0165823679417372 0.0102016553282738 0.0178621504455805 0.0296413823962212 0.0658039301633835 0.0451180934906006 0.0457370802760124 0.100744724273682 0.0405581034719944 0.04857562109828 0.167902275919914 0.0827923491597176 0.0397423729300499 0.0225020386278629 0.0118584036827087 0.0157620515674353 0.0207967218011618 0.0129375904798508 0.010927701368928 0.0126786092296243 0.0137776555493474 0.016328064724803 0.0194534845650196 0.021853182464838 0.0249480456113815 0.0183474030345678 0.0132683534175158 0.0126249203458428 0.00382056157104671 0.00358292669989169 0.00349789834581316 0.00358359864912927 0.00350505346432328 0.00399445882067084 0.00471251085400581 0.00522905774414539
0.00332684209570289 0.00417847605422139 0.00675447843968868 0.0058020087890327 0.00571388565003872 0.00692166900262237 0.00613706605508924 0.00972044374793768 0.0321106463670731 0.0106728048995137 0.0180313177406788 0.034065168350935 0.0376059338450432 0.0430199578404427 0.0407402962446213 0.0717128291726112 0.0685810074210167 0.059373252093792 0.23458231985569 0.0482628308236599 0.0210244599729776 0.00783405359834433 0.00814519077539444 0.0157482232898474 0.0153134809806943 0.013576690107584 0.00969532690942287 0.011334459297359 0.0144060598686337 0.0179910324513912 0.0188926868140697 0.0210575591772795 0.0237658489495516 0.0047712828963995 0.00389282940886915 0.00399375054985285 0.00345001905225217 0.00301719433628023 0.00322015210986137 0.00351564330048859 0.00376404239796102 0.00374871515668929 0.00425797887146473 0.00493897637352347
0.00321850716136396 0.00319010461680591 0.00460671633481979 0.00550810759887099 0.00584388570860028 0.0081296032294631 0.012291849590838 0.00912426877766848 0.0153343342244625 0.0185803659260273 0.0125117022544146 0.0271667651832104 0.0345475077629089 0.0319002084434032 0.0418502613902092 0.045060757547617 0.031037462875247 0.0624499395489693 0.156448513269424 0.042631883174181 0.0199046190828085 0.00820930954068899 0.00726458290591836 0.0123565765097737 0.0115747330710292 0.00831811223179102 0.00943245179951191 0.0122350640594959 0.0144948484376073 0.014677481725812 0.0164869707077742 0.00642497837543488 0.00540185254067183 0.00404762709513307 0.00312127894721925 0.0031724888831377 0.002961351769045 0.00278992601670325 0.00277026812545955 0.00296638137660921 0.00346144288778305 0.00390585931017995 0.00422170851379633 0.0052734287455678
0.00287873367778957 0.00236030295491219 0.00409857137128711 0.00485350703820586 0.0055900658480823 0.00560830440372229 0.0119937220588326 0.00900407321751118 0.0157272405922413 0.0113279903307557 0.0211678650230169 0.0174089353531599 0.023999810218811 0.020382521674037 0.0559595040977001 0.0685518532991409 0.0396175496280193 0.0812655985355377 0.165180489420891 0.0350487045943737 0.0102711031213403 0.00541373249143362 0.00628055958077312 0.0107985800132155 0.0110937831923366 0.00664066290482879 0.00806031469255686 0.0115580847486854 0.0147758647799492 0.015724390745163 0.019839134067297 0.0063394196331501 0.00603008829057217 0.00371035770513117 0.00305723189376295 0.00271007884293795 0.00252089370042086 0.00257194600999355 0.00271659344434738 0.00273397611454129 0.00317531242035329 0.00385576579719782 0.00451734196394682 0.00524094980210066
0.00229932856746018 0.00198062835261226 0.00349389761686325 0.00652356771752238 0.00527754379436374 0.00465468782931566 0.00752885080873966 0.00866072066128254 0.0103783905506134 0.00939359609037638 0.0178254041820765 0.0151556078344584 0.0394732542335987 0.0228262860327959 0.0980291292071342 0.143576636910439 0.0281906500458717 0.126531317830086 0.187069267034531 0.0366607941687107 0.0140103977173567 0.00423860736191273 0.00514587620273232 0.00930033065378666 0.00816303305327892 0.00567533494904637 0.0072729061357677 0.0116923488676548 0.0147053869441152 0.00494072725996375 0.00636791763827205 0.00578096881508827 0.00404385011643171 0.00289982883259654 0.00257996772415936 0.00244522211141884 0.00233779265545309 0.00213373987935483 0.00229958025738597 0.00250132195651531 0.00291288807056844 0.00355454650707543 0.00393162434920669 0.0033915052190423
0.00178404012694955 0.0019139441428706 0.00275618000887334 0.00638216361403465 0.00446859188377857 0.00570827443152666 0.00719428062438965 0.00545283546671271 0.00681445840746164 0.0108887618407607 0.0151817705482244 0.0159523766487837 0.0411872789263725 0.0197422970086336 0.109764486551285 0.12759268283844 0.023643497377634 0.0680247321724892 0.157119169831276 0.0231929570436478 0.00713583827018738 0.00388832483440638 0.00450342427939177 0.0065974872559309 0.00575174484401941 0.0053977407515049 0.00712777953594923 0.0100894887000322 0.0107593722641468 0.00417036097496748 0.00430898601189256 0.00414359848946333 0.00368192954920232 0.00262596062384546 0.00254258187487721 0.00219876179471612 0.00196935748681426 0.00195975555106997 0.00229536299593747 0.00228241202421486 0.00263994047418237 0.00355558120645583 0.00312107382342219 0.00297252903692424
0.00174495915416628 0.00160433759447187 0.00177094992250204 0.00274876016192138 0.00327618955634534 0.00504785543307662 0.00623081717640162 0.00609727390110493 0.00726277148351073 0.0271832551807165 0.0155109269544482 0.0157194025814533 0.0428478382527828 0.0136159090325236 0.0591783449053764 0.16296598315239 0.027063325047493 0.128844514489174 0.128638386726379 0.0266845244914293 0.00573608884587884 0.00352130085229874 0.00457182712852955 0.00947895087301731 0.00619824416935444 0.0042661945335567 0.00557254208251834 0.00867394357919693 0.00797513779252768 0.00231227837502956 0.00251051061786711 0.0034759109839797 0.00354716251604259 0.00242158654145896 0.00213329307734966 0.00183324562385678 0.00176645384635776 0.00163138099014759 0.00177695974707603 0.00192953355144709 0.00205838470719755 0.00244583538733423 0.0028669664170593 0.00270697055384517
0.0014574482338503 0.00127862300723791 0.00161430763546377 0.0021284744143486 0.00224622921086848 0.00396398827433586 0.00912286061793566 0.00598304532468319 0.0057755084708333 0.0292968340218067 0.0121247880160809 0.0117158098146319 0.0245337001979351 0.0190273020416498 0.0408502705395222 0.0965115055441856 0.0270984619855881 0.0701373815536499 0.172831982374191 0.0235645230859518 0.0288007017225027 0.00300092599354684 0.00477640749886632 0.00390493660233915 0.00605772435665131 0.00382294505834579 0.00447740452364087 0.00667793396860361 0.0060751517303288 0.00609507504850626 0.00242491252720356 0.00242818635888398 0.00261888583190739 0.0022023560013622 0.00194440863560885 0.00166645995341241 0.00152376398909837 0.0012951196404174 0.00143150938674808 0.00140513828955591 0.0016901787603274 0.00199540541507304 0.00217971834354103 0.00190249993465841
0.00119947048369795 0.00114293547812849 0.00147397839464247 0.00178002426400781 0.00185619259718806 0.00426903693005443 0.00736997229978442 0.00559856556355953 0.00577475782483816 0.0118325110524893 0.0097463009878993 0.0238435491919518 0.0223886780440807 0.0214109420776367 0.0833210423588753 0.125922426581383 0.0322768427431583 0.0185527391731739 0.0204362478107214 0.0162882916629314 0.00907069258391857 0.00289188348688185 0.00483155064284801 0.00404981384053826 0.00630288338288665 0.00375110586173832 0.0040478534065187 0.00471425149589777 0.00394002348184586 0.00373943103477359 0.00499005196616054 0.00166442221961915 0.00207143486477435 0.00187302811536938 0.00163743377197534 0.00139207439497113 0.00120777427218854 0.00110926013439894 0.00113608979154378 0.00121181225404143 0.00133440818171948 0.00163259054534137 0.0019079091725871 0.0017858031205833
0.00114763050805777 0.000941694073844701 0.00103407318238169 0.00128344469703734 0.00181225978303701 0.00335533707402647 0.0101514598354697 0.00453328853473067 0.00806548353284597 0.00799553096294403 0.00844278000295162 0.0186616331338882 0.0244060978293419 0.0313382707536221 0.102207094430923 0.174244344234467 0.0388132259249687 0.011615889146924 0.0147883994504809 0.0125311212614179 0.00818191561847925 0.00281314551830292 0.00449178460985422 0.00533784599974751 0.00320720276795328 0.00408744951710105 0.00328315142542124 0.00327432015910745 0.00378704466857016 0.00343506690114737 0.00424713827669621 0.00151284108869731 0.00155287352390587 0.00161170610226691 0.00127850018907338 0.00115147128235549 0.00102609267923981 0.000906206376384944 0.00089832185767591 0.000991480192169547 0.00110043655149639 0.00128445646259934 0.00154738931450993 0.00148043979424983
0.000846692128106952 0.000979453790932894 0.00093338853912428 0.00138582312501967 0.00145828071981668 0.00243180990219116 0.00469153746962547 0.00443090545013547 0.00963633414357901 0.0143226888030767 0.00669950991868973 0.0672301650047302 0.0557416789233685 0.0275832116603851 0.0771780535578728 0.190235912799835 0.0159004218876362 0.0151214776560664 0.0138597255572677 0.011445315554738 0.00540121458470821 0.00253233127295971 0.00302014034241438 0.00343456817790866 0.00423325970768929 0.00440252246335149 0.00351159367710352 0.00341233401559293 0.00547392712906003 0.00315202213823795 0.00408638315275311 0.0047423061914742 0.00450927624478936 0.00123603164684027 0.00109688530210406 0.000874743331223726 0.000806743395514786 0.000768697820603848 0.000767103745602071 0.000797908578533679 0.000895882491022348 0.0010513172019273 0.0013854029821232 0.00124296068679541
0.000769589620176703 0.000895486562512815 0.00101540877949446 0.00116470351349562 0.00172734342049807 0.00184071250259876 0.00309904315508902 0.00534239504486322 0.00638999557122588 0.019204230979085 0.012234159745276 0.0700611099600792 0.0345389507710934 0.0477846451103687 0.106945216655731 0.162962108850479 0.0465057529509068 0.0168963074684143 0.0066077196970582 0.00762593932449818 0.00306990859098732 0.00267988815903664 0.00288896216079593 0.00421412009745836 0.00373390410095453 0.00142857269383967 0.0041518253274262 0.00413585780188441 0.00485916761681437 0.00304072489961982 0.00286698481068015 0.00358499796129763 0.000882178836036474 0.000953751034103334 0.00100891338661313 0.000773272709921002 0.000667496235109866 0.000657624332234263 0.000711563916411251 0.000763328745961189 0.000752810738049448 0.00087875738972798 0.000982479890808463 0.000955958326812834
0.000872997450642288 0.000876861799042672 0.00111425179056823 0.00114239961840212 0.00116738164797425 0.00199320958927274 0.00273324572481215 0.00991361774504185 0.00687394523993134 0.0315933711826801 0.0087474137544632 0.0328456312417984 0.0328669100999832 0.031293511390686 0.108592487871647 0.0616874508559704 0.06607336550951 0.0322319455444813 0.0146220475435257 0.00963779911398888 0.00630370061844587 0.00261369999498129 0.00252578710205853 0.00373674160800874 0.00263309315778315 0.00391299556940794 0.00107739691156894 0.00409375829622149 0.00137177750002593 0.002900255843997 0.0024280974175781 0.0028300688136369 0.00293272803537548 0.00078451627632603 0.000771091144997627 0.000656489515677094 0.000560754153411835 0.000544194655958563 0.000583288609050214 0.000613535230513662 0.000624440610408783 0.000751975050661713 0.000812592334114015 0.000924203835893422
0.000694988935720176 0.00105062429793179 0.00118705932982266 0.000922938517760485 0.00127534626517445 0.00299755879677832 0.00249753100797534 0.00588993774726987 0.00397196458652616 0.018380356952548 0.0065497481264174 0.0154399760067463 0.0282810553908348 0.0813447758555412 0.150498867034912 0.128989666700363 0.0717775821685791 0.0195957962423563 0.0143994772806764 0.00632759276777506 0.00154493772424757 0.00256452639587224 0.00228831265121698 0.0019448425155133 0.00286075728945434 0.0040025538764894 0.00111176294740289 0.0011652719695121 0.00158158061094582 0.00362508813850582 0.00227068434469402 0.00230149226263165 0.00245123379863799 0.00249098427593708 0.000602258776780218 0.00060265971114859 0.000548176700249314 0.000494278559926897 0.000483906973386183 0.000520742381922901 0.00050503684906289 0.000550802156794816 0.000609166745562106 0.000728053506463766
0.000897354388143867 0.000973574700765312 0.00118595513049513 0.000989634776487947 0.00113913277164102 0.00514644384384155 0.00180961063597351 0.00563722383230925 0.00448643928393722 0.0286638922989368 0.0142282163724303 0.0123412860557437 0.0946111157536507 0.0472885221242905 0.154574781656265 0.0558491125702858 0.0422739423811436 0.0176070965826511 0.00966107007116079 0.00337963737547398 0.00123120087664574 0.00241847638972104 0.00227642431855202 0.00143714004661888 0.00280779926106334 0.00283621973358095 0.00163645669817924 0.00122143165208399 0.00123821769375354 0.000793652608990669 0.00228217034600675 0.00194168952293694 0.00209258799441159 0.000447726371930912 0.000460102543001994 0.000586882815696299 0.000576933147385716 0.00048474466893822 0.000441220647189766 0.000416070281062275 0.000409122934797779 0.000393727706978098 0.00045480122207664 0.00054513500072062
0.000992979854345322 0.000916614779271185 0.00110542355105281 0.00118955527432263 0.000965286861173809 0.00231797806918621 0.00169720000121742 0.00350360642187297 0.00420299964025617 0.0222879163920879 0.0337594673037529 0.0166950561106205 0.0785841718316078 0.0285789463669062 0.0713876113295555 0.0484430380165577 0.029392721131444 0.00705840345472097 0.00449529429897666 0.00217130617238581 0.000987904611974955 0.00258373958058655 0.000453425775049254 0.00113028031773865 0.0033385488204658 0.00297163892537355 0.00151435751467943 0.00122236390598118 0.00100935809314251 0.000649358029477298 0.000528802629560232 0.000427636026870459 0.000386372790671885 0.000420027499785647 0.000436304340837523 0.000522775575518608 0.000668358115945011 0.0005548041081056 0.000423347140895203 0.000348245986970142 0.000326005538227037 0.000330238341121003 0.000368561333743855 0.000440340489149094
0.000920472957659513 0.0012329698074609 0.00133310246746987 0.0014297307934612 0.000969803135376424 0.00141955236904323 0.00157115678302944 0.00189712201245129 0.00592803815379739 0.0193198435008526 0.0310085229575634 0.0104768062010407 0.0818475261330605 0.0219176914542913 0.0292022321373224 0.124901048839092 0.0342378057539463 0.0185949448496103 0.00633622985333204 0.00163037655875087 0.000844133668579161 0.000577700964640826 0.000430687796324492 0.00145249883644283 0.0043750642798841 0.00380744598805904 0.00166184070985764 0.00156859715934843 0.000747600104659796 0.000476568267913535 0.000541494868230075 0.000450521358288825 0.00037082566996105 0.000329413014696911 0.00035924933035858 0.00045150876394473 0.000589021074119955 0.000553329242393374 0.000414464011555538 0.000311503186821938 0.000271135562798008 0.000289185263682157 0.000296626589260995 0.000349323963746428
0.000826364441309124 0.00105773936957121 0.00205660378560424 0.001813291804865 0.00110773765482008 0.00155484408605844 0.00189347972627729 0.00191897561307997 0.0069153793156147 0.00992758572101593 0.0175310354679823 0.0138657847419381 0.0878746956586838 0.0169146321713924 0.0202893689274788 0.0681698173284531 0.0223032627254725 0.00749462703242898 0.00217126565985382 0.00112422637175769 0.000723259290680289 0.000519274675752968 0.000422802666435018 0.000912248971872032 0.00336169078946114 0.00511710392311215 0.00210489751771092 0.00128151045646518 0.000477897701784968 0.0003338715468999 0.000348072382621467 0.0003701648383867 0.000344493775628507 0.000300766114378348 0.000287682516500354 0.000338961574016139 0.000450237246695906 0.000507360091432929 0.000387820036849007 0.000289512507151812 0.000260035012615845 0.000243469068664126 0.000262975780060515 0.000289602583507076
0.00088351295562461 0.00108396599534899 0.00180387089494616 0.00233424338512123 0.00134099007118493 0.00125503330491483 0.00145956175401807 0.00202698353677988 0.00298162316903472 0.00744706904515624 0.02403200045228 0.00923100393265486 0.0144059918820858 0.0198409259319305 0.0104482918977737 0.0207428988069296 0.0262585058808327 0.0131639316678047 0.00277484674006701 0.00103840697556734 0.000799319357611239 0.000503158895298839 0.000441265787230805 0.000832292076665908 0.00224505132064223 0.00434073898941278 0.00157144945114851 0.000648572284262627 0.000455165485618636 0.000292220705887303 0.000261978100752458 0.000257708597928286 0.000261177978245541 0.000288124603684992 0.000271820259513333 0.000295368750812486 0.00042334888712503 0.000469011720269918 0.000393054127926007 0.000267736497335136 0.000243271875660866 0.000225864132517017 0.000248738098889589 0.000228651697398163
