data/climate_estimation/maxent_output/Smilax_velutina.asc
NCOLS 200 
NROWS 137 
XLLCORNER -98 
YLLCORNER 8.25 
CELLSIZE 0.0833333333333333 
NODATA_value -3.4e+38 
[rows 0 to 23 of 137, columns 0 to 52 of 200]
0.135378465056419 0.110312610864639 0.0842446386814117 0.0893794000148773 0.0868457704782486 0.091202937066555 0.196275547146797 0.184810653328896 0.0934037566184998 0.182789474725723 0.511242926120758 0.620275735855103 0.681824624538422 0.448532283306122 0.288127094507217 0.217665940523148 0.0917817205190659 0.0654923692345619 0.0656795725226402 0.0561281889677048 -3.4e+38 -3.4e+38 -3.4e+38 -3.4e+38 -3.4e+38 -3.4e+38 -3.4e+38 -3.4e+38 -3.4e+38 -3.4e+38 -3.4e+38 -3.4e+38 -3.4e+38 -3.4e+38 -3.4e+38 -3.4e+38 -3.4e+38 -3.4e+38 -3.4e+38 -3.4e+38 -3.4e+38 -3.4e+38 -3.4e+38 -3.4e+38 -3.4e+38 -3.4e+38 -3.4e+38 -3.4e+38 -3.4e+38 -3.4e+38 -3.4e+38 -3.4e+38 -3.4e+38
0.124495327472687 0.358792036771774 0.196630373597145 0.176730453968048 0.0695925056934357 0.0677762031555176 0.0569345690310001 0.0637509226799011 0.0873056352138519 0.523828685283661 0.963628649711609 0.771773159503937 0.706454634666443 0.489414483308792 0.192046448588371 0.0770888105034828 0.0579967685043812 0.0540402755141258 0.0651389434933662 0.0646776854991913 0.0658365413546562 -3.4e+38 -3.4e+38 -3.4e+38 -3.4e+38 -3.4e+38 -3.4e+38 -3.4e+38 -3.4e+38 -3.4e+38 -3.4e+38 -3.4e+38 -3.4e+38 -3.4e+38 -3.4e+38 -3.4e+38 -3.4e+38 -3.4e+38 -3.4e+38 -3.4e+38 -3.4e+38 -3.4e+38 -3.4e+38 -3.4e+38 -3.4e+38 -3.4e+38 -3.4e+38 -3.4e+38 -3.4e+38 -3.4e+38 -3.4e+38 -3.4e+38 -3.4e+38
0.101174600422382 0.153462469577789 0.198531195521355 0.10127030313015 0.0674501061439514 0.0674729123711586 0.0492774955928326 0.0546032264828682 0.112794227898121 0.770940601825714 0.927730083465576 0.874408066272736 0.614720940589905 0.456010937690735 0.223771691322327 0.0644273832440376 0.040485106408596 0.0371780171990395 0.0498754009604454 0.0707991048693657 0.0729398727416992 -3.4e+38 -3.4e+38 -3.4e+38 -3.4e+38 -3.4e+38 -3.4e+38 -3.4e+38 -3.4e+38 -3.4e+38 -3.4e+38 -3.4e+38 -3.4e+38 -3.4e+38 -3.4e+38 -3.4e+38 -3.4e+38 -3.4e+38 -3.4e+38 -3.4e+38 -3.4e+38 -3.4e+38 -3.4e+38 -3.4e+38 -3.4e+38 -3.4e+38 -3.4e+38 -3.4e+38 -3.4e+38 -3.4e+38 -3.4e+38 -3.4e+38 -3.4e+38
0.0939339175820351 0.0825600847601891 0.0858446136116982 0.0651400238275528 0.0689597129821777 0.0649036318063736 0.0680036768317223 0.0617700442671776 0.167348474264145 0.618823111057281 0.752762675285339 0.861223936080933 0.56361848115921 0.227537751197815 0.115600615739822 0.0549515374004841 0.0334425643086433 0.0334996432065964 0.0451489873230457 0.0643335655331612 0.0687007829546928 -3.4e+38 -3.4e+38 -3.4e+38 -3.4e+38 -3.4e+38 -3.4e+38 -3.4e+38 -3.4e+38 -3.4e+38 -3.4e+38 -3.4e+38 -3.4e+38 -3.4e+38 -3.4e+38 -3.4e+38 -3.4e+38 -3.4e+38 -3.4e+38 -3.4e+38 -3.4e+38 -3.4e+38 -3.4e+38 -3.4e+38 -3.4e+38 -3.4e+38 -3.4e+38 -3.4e+38 -3.4e+38 -3.4e+38 -3.4e+38 -3.4e+38 -3.4e+38
0.15402252972126 0.088972270488739 0.0662698000669479 0.0606371834874153 0.0330084338784218 0.0386841744184494 0.201697498559952 0.13214085996151 0.590619444847107 0.596133589744568 0.858155250549316 0.898085415363312 0.715275645256042 0.402255684137344 0.137068822979927 0.0454230308532715 0.0292211789637804 0.0311968233436346 0.041769091039896 0.049110870808363 0.0566944666206837 0.0731396600604057 -3.4e+38 -3.4e+38 -3.4e+38 -3.4e+38 -3.4e+38 -3.4e+38 -3.4e+38 -3.4e+38 -3.4e+38 -3.4e+38 -3.4e+38 -3.4e+38 -3.4e+38 -3.4e+38 -3.4e+38 -3.4e+38 -3.4e+38 -3.4e+38 -3.4e+38 -3.4e+38 -3.4e+38 -3.4e+38 -3.4e+38 -3.4e+38 -3.4e+38 -3.4e+38 -3.4e+38 -3.4e+38 -3.4e+38 -3.4e+38 -3.4e+38
0.301421731710434 0.120753318071365 0.0785773769021034 0.072361096739769 0.0426532551646233 0.0509221628308296 0.117125757038593 0.260142505168915 0.893105924129486 0.839501619338989 0.792951464653015 0.964529633522034 0.928451418876648 0.67020720243454 0.270960599184036 0.0671054124832153 0.0368253104388714 0.0273980405181646 0.0267292354255915 0.0292369443923235 0.040910392999649 0.0796125903725624 0.151147127151489 -3.4e+38 -3.4e+38 -3.4e+38 -3.4e+38 -3.4e+38 -3.4e+38 -3.4e+38 -3.4e+38 -3.4e+38 -3.4e+38 -3.4e+38 -3.4e+38 -3.4e+38 -3.4e+38 -3.4e+38 -3.4e+38 -3.4e+38 -3.4e+38 -3.4e+38 -3.4e+38 -3.4e+38 -3.4e+38 -3.4e+38 -3.4e+38 -3.4e+38 -3.4e+38 -3.4e+38 -3.4e+38 -3.4e+38 -3.4e+38
0.194451078772545 0.183190867304802 0.130923256278038 0.111710332334042 0.0646846741437912 0.0806744545698166 0.184003487229347 0.401350259780884 0.955101191997528 0.837477207183838 0.88725471496582 0.962548851966858 0.908096432685852 0.689332544803619 0.302772730588913 0.0837496668100357 0.0391894578933716 0.0278162807226181 0.0204439237713814 0.0184182021766901 0.0251114442944527 0.0817078053951263 0.176677942276001 -3.4e+38 -3.4e+38 -3.4e+38 -3.4e+38 -3.4e+38 -3.4e+38 -3.4e+38 -3.4e+38 -3.4e+38 -3.4e+38 -3.4e+38 -3.4e+38 -3.4e+38 -3.4e+38 -3.4e+38 -3.4e+38 -3.4e+38 -3.4e+38 -3.4e+38 -3.4e+38 -3.4e+38 -3.4e+38 -3.4e+38 -3.4e+38 -3.4e+38 -3.4e+38 -3.4e+38 -3.4e+38 -3.4e+38 -3.4e+38
0.189571261405945 0.149668663740158 0.114018581807613 0.0881608575582504 0.090323843061924 0.0892655625939369 0.205062836408615 0.572215497493744 0.937465250492096 0.941363632678986 0.876910746097565 0.956360995769501 0.965011060237885 0.985098421573639 0.323538154363632 0.0744158774614334 0.0378226600587368 0.0258747823536396 0.0195673406124115 0.0168564561754465 0.0286846905946732 0.0685693249106407 0.149590507149696 0.175590306520462 0.180381685495377 -3.4e+38 -3.4e+38 -3.4e+38 -3.4e+38 -3.4e+38 -3.4e+38 -3.4e+38 -3.4e+38 -3.4e+38 -3.4e+38 -3.4e+38 -3.4e+38 -3.4e+38 -3.4e+38 -3.4e+38 -3.4e+38 -3.4e+38 -3.4e+38 -3.4e+38 -3.4e+38 -3.4e+38 -3.4e+38 -3.4e+38 -3.4e+38 -3.4e+38 -3.4e+38 -3.4e+38 -3.4e+38
0.188374787569046 0.138502642512321 0.0958500504493713 0.073097936809063 0.0586296543478966 0.118007019162178 0.120219640433788 0.472513169050217 0.907391130924225 0.794825553894043 0.824443995952606 0.937338531017303 0.941249012947083 0.977216720581055 0.447783499956131 0.0724393129348755 0.0476397052407265 0.0277627315372229 0.0198874790221453 0.0205379258841276 0.0312004517763853 0.0574049614369869 0.0908020660281181 0.120563343167305 0.141280606389046 -3.4e+38 -3.4e+38 -3.4e+38 -3.4e+38 -3.4e+38 -3.4e+38 -3.4e+38 -3.4e+38 -3.4e+38 -3.4e+38 -3.4e+38 -3.4e+38 -3.4e+38 -3.4e+38 -3.4e+38 -3.4e+38 -3.4e+38 -3.4e+38 -3.4e+38 -3.4e+38 -3.4e+38 -3.4e+38 -3.4e+38 -3.4e+38 -3.4e+38 -3.4e+38 -3.4e+38 -3.4e+38
0.148780539631844 0.0850449949502945 0.0717749893665314 0.0491843186318874 0.0321060195565224 0.0226660463958979 0.0147144496440887 0.119154185056686 0.439989060163498 0.539868593215942 0.82652074098587 0.888239800930023 0.718386173248291 0.594174206256866 0.278986543416977 0.0974521934986115 0.0502958744764328 0.0329756811261177 0.0226230565458536 0.0215236265212297 0.0309635642915964 0.0477496758103371 0.0671989396214485 0.0813710913062096 0.101822085678577 0.109513804316521 -3.4e+38 -3.4e+38 -3.4e+38 -3.4e+38 -3.4e+38 -3.4e+38 -3.4e+38 -3.4e+38 -3.4e+38 -3.4e+38 -3.4e+38 -3.4e+38 -3.4e+38 -3.4e+38 -3.4e+38 -3.4e+38 -3.4e+38 -3.4e+38 -3.4e+38 -3.4e+38 -3.4e+38 -3.4e+38 -3.4e+38 -3.4e+38 -3.4e+38 -3.4e+38 -3.4e+38
0.120134964585304 0.0858286842703819 0.0834668725728989 0.0463096648454666 0.0425395891070366 0.0219423118978739 0.0257217064499855 0.108571037650108 0.241054400801659 0.401772260665894 0.74554181098938 0.905597984790802 0.949803054332733 0.810126781463623 0.349957913160324 0.156036078929901 0.0685494542121887 0.0372401624917984 0.0248683877289295 0.0227692071348429 0.0324446931481361 0.0442744642496109 0.0554149709641933 0.0571571364998817 0.0736855641007423 0.0949936136603355 0.155226662755013 0.211664855480194 -3.4e+38 -3.4e+38 -3.4e+38 -3.4e+38 -3.4e+38 -3.4e+38 -3.4e+38 -3.4e+38 -3.4e+38 -3.4e+38 -3.4e+38 -3.4e+38 -3.4e+38 -3.4e+38 -3.4e+38 -3.4e+38 -3.4e+38 -3.4e+38 -3.4e+38 -3.4e+38 -3.4e+38 -3.4e+38 -3.4e+38 -3.4e+38 -3.4e+38
0.0511601455509663 0.0523906387388706 0.0524911992251873 0.050154086202383 0.0311618633568287 0.10466256737709 0.0831072255969048 0.137530282139778 0.238810747861862 0.501866638660431 0.644334316253662 0.930432915687561 0.997963964939117 0.999094069004059 0.692048847675323 0.308308511972427 0.113108970224857 0.05772640183568 0.0405727289617062 0.0330660976469517 0.0343072600662708 0.0469915568828583 0.0461924374103546 0.0403690114617348 0.051537349820137 0.067097432911396 0.120685108006001 0.200644388794899 0.36905962228775 0.500690400600433 0.636484861373901 0.709062814712524 0.78257167339325 0.853657782077789 0.785362660884857 -3.4e+38 -3.4e+38 -3.4e+38 -3.4e+38 -3.4e+38 -3.4e+38 -3.4e+38 -3.4e+38 -3.4e+38 -3.4e+38 -3.4e+38 -3.4e+38 -3.4e+38 -3.4e+38 -3.4e+38 -3.4e+38 -3.4e+38 -3.4e+38
0.0199216604232788 0.0633497536182404 0.0460136756300926 0.0589115284383297 0.0502775050699711 0.0517621673643589 0.066249281167984 0.195815041661263 0.476183027029037 0.573009133338928 0.637596487998962 0.908853948116302 0.997496068477631 0.943501830101013 0.989405572414398 0.6055508852005 0.20623554289341 0.0829040035605431 0.0487451963126659 0.0354519672691822 0.0378698892891407 0.0372280366718769 0.0310723278671503 0.0323358066380024 0.0410677529871464 0.0549699068069458 0.095134325325489 0.169567719101906 0.301211386919022 0.3717982172966 0.484897255897522 0.630947053432465 0.807568669319153 0.959187805652618 0.899649977684021 0.831204831600189 -3.4e+38 -3.4e+38 -3.4e+38 -3.4e+38 -3.4e+38 -3.4e+38 -3.4e+38 -3.4e+38 -3.4e+38 -3.4e+38 -3.4e+38 -3.4e+38 -3.4e+38 -3.4e+38 -3.4e+38 -3.4e+38 -3.4e+38
0.0357154868543148 0.0505283325910568 0.0494788587093353 0.0471778437495232 0.0451310835778713 0.0318131856620312 0.0532084442675114 0.158598363399506 0.292395830154419 0.520220041275024 0.597681701183319 0.847620725631714 0.998601078987122 0.921751618385315 0.39556810259819 0.520971596240997 0.278727680444717 0.118602149188519 0.0653382390737534 0.0449449568986893 0.0370847396552563 0.0269871223717928 0.0229116957634687 0.0268161408603191 0.033151388168335 0.0454272888600826 0.0757927522063255 0.115762494504452 0.1834706813097 0.229105085134506 0.275404244661331 0.518757820129395 0.727826595306396 0.997290134429932 0.996206820011139 0.770267426967621 0.879059970378876 0.964482247829437 0.988228023052216 -3.4e+38 -3.4e+38 -3.4e+38 -3.4e+38 -3.4e+38 -3.4e+38 -3.4e+38 -3.4e+38 -3.4e+38 -3.4e+38 -3.4e+38 -3.4e+38 -3.4e+38 -3.4e+38
0.0416644103825092 0.0567021183669567 0.0545286498963833 0.050436969846487 0.0537278316915035 0.07471764087677 0.0329388231039047 0.0503057613968849 0.157709404826164 0.298070251941681 0.561313450336456 0.862341105937958 0.99821549654007 0.75240570306778 0.408474534749985 0.265808075666428 0.538282752037048 0.364556819200516 0.113032817840576 0.0759818553924561 0.0502488948404789 0.0330822393298149 0.0239292699843645 0.0260777976363897 0.0324877314269543 0.0400254689157009 0.0567684881389141 0.0682405009865761 0.0927974730730057 0.098028153181076 0.116352818906307 0.282300621271133 0.34803494811058 0.531133353710175 0.808394551277161 0.782111823558807 0.860849142074585 0.95244437456131 0.930054724216461 0.809173166751862 -3.4e+38 -3.4e+38 -3.4e+38 -3.4e+38 -3.4e+38 -3.4e+38 -3.4e+38 -3.4e+38 -3.4e+38 -3.4e+38 -3.4e+38 -3.4e+38 -3.4e+38
0.0291728395968676 0.0524082854390144 0.0581012256443501 0.0427943915128708 0.0531831085681915 0.0405079051852226 0.0530830807983875 0.0167316012084484 0.00955631397664547 0.112730585038662 0.397924065589905 0.852414131164551 0.996322453022003 0.991288006305695 0.912417590618134 0.277248054742813 0.241425409913063 0.383951753377914 0.275245547294617 0.145794942975044 0.0933562740683556 0.0471465885639191 0.031680054962635 0.0300376415252686 0.0363207161426544 0.0397445186972618 0.0436038225889206 0.0464383326470852 0.0446426160633564 0.0451247729361057 0.0454429946839809 0.0636417865753174 0.0927458480000496 0.153564810752869 0.385312914848328 0.725592374801636 0.964293479919434 0.995177268981934 0.888295412063599 0.747447192668915 -3.4e+38 -3.4e+38 -3.4e+38 -3.4e+38 -3.4e+38 -3.4e+38 -3.4e+38 -3.4e+38 -3.4e+38 -3.4e+38 0.246299222111702 0.239775940775871 0.214931845664978
0.0108521683141589 0.024526895955205 0.0193363912403584 0.0362276956439018 0.0372601486742496 0.0252653807401657 0.0461566038429737 0.0165320690721273 0.00272936932742596 0.00404063798487186 0.286021500825882 0.784031093120575 0.974202871322632 0.999987900257111 0.998370766639709 0.467592477798462 0.26545375585556 0.287672221660614 0.420868009328842 0.191826090216637 0.144133448600769 0.0833875387907028 0.0503513738512993 0.0438367426395416 0.0361602529883385 0.044057235121727 0.0388846881687641 0.0297939348965883 0.0236287675797939 0.0220290534198284 0.0221488475799561 0.0241918992251158 0.0335503816604614 0.0588982552289963 0.24436990916729 0.769633650779724 0.910203516483307 0.970120429992676 0.627726316452026 0.593777060508728 0.579259097576141 -3.4e+38 -3.4e+38 -3.4e+38 -3.4e+38 -3.4e+38 -3.4e+38 -3.4e+38 0.395932406187057 0.239116877317429 0.240762338042259 0.203430593013763 0.184423699975014
0.00804103445261717 0.00688332971185446 0.0126280905678868 0.0288122929632664 0.0731963291764259 0.0767790079116821 0.0605549402534962 0.142717987298965 0.00718584749847651 0.00163252651691437 0.034974604845047 0.574832797050476 0.931257545948029 0.999907374382019 1 0.994223892688751 0.638660192489624 0.291237473487854 0.361244320869446 0.334233731031418 0.221877232193947 0.130990564823151 0.0979861840605736 0.070024311542511 0.050432100892067 0.0447939224541187 0.0306289624422789 0.0205962639302015 0.0158281270414591 0.0132916020229459 0.0127030471339822 0.0139949284493923 0.0155974114313722 0.0210116785019636 0.0490858852863312 0.132272765040398 0.223830059170723 0.18868325650692 0.226449236273766 0.319014817476273 0.452635258436203 0.542331099510193 -3.4e+38 -3.4e+38 0.500851333141327 0.425579398870468 0.373187750577927 0.395605504512787 0.381794542074203 0.218676954507828 0.200722217559814 0.172633305191994 0.144301697611809
0.00960803963243961 0.00941845495253801 0.0264184530824423 0.034039068967104 0.076847679913044 0.0818990543484688 0.0864854007959366 0.0559240728616714 0.0685145407915115 0.00157226820010692 0.00209436821751297 0.282563060522079 0.851463139057159 0.999041438102722 0.999970495700836 1 0.999999761581421 0.538107454776764 0.321936994791031 0.393301278352737 0.368990570306778 0.230605632066727 0.188466906547546 0.113862037658691 0.0693137496709824 0.0564978085458279 0.0332470275461674 0.021601427346468 0.0130574433133006 0.0102441478520632 0.0109322965145111 0.0107526266947389 0.0100117642432451 0.0148329716175795 0.0254920329898596 0.0497486591339111 0.0836042836308479 0.097353421151638 0.122914120554924 0.20798747241497 0.373720318078995 0.500714778900146 0.474902957677841 0.49203035235405 0.485933303833008 0.404882967472076 0.376894444227219 0.3834148645401 0.358653515577316 0.28789409995079 0.161153420805931 0.139079257845879 0.12868557870388
0.00441198004409671 0.00932786613702774 0.0247056465595961 0.100476123392582 0.103511363267899 0.192958682775497 0.0785412788391113 0.0881186872720718 0.250967442989349 0.0108495792374015 0.00192287855315953 0.0474974401295185 0.638949275016785 0.860990345478058 0.984694480895996 0.999890029430389 0.970857381820679 0.435637474060059 0.283902496099472 0.328445822000504 0.448963344097137 0.406415492296219 0.28637433052063 0.204757302999496 0.117113254964352 0.0753404423594475 0.0472697950899601 0.028244499117136 0.0198704432696104 0.0186503063887358 0.0172616466879845 0.0147295510396361 0.0134908091276884 0.01480941940099 0.0240848120301962 0.0346730649471283 0.0530989803373814 0.0638208761811256 0.0840679779648781 0.133266925811768 0.274703055620193 0.415173500776291 0.396046698093414 0.423646658658981 0.407472044229507 0.403708755970001 0.382400631904602 0.366361856460571 0.32114976644516 0.270675808191299 0.139512479305267 0.133627593517303 0.114382535219193
0.011056493036449 0.0199273247271776 0.0327249318361282 0.0991458669304848 0.0912135913968086 0.229160413146019 0.0966691821813583 0.0575668178498745 0.248936206102371 0.174968376755714 0.0670227333903313 0.00297643546946347 0.0803156793117523 0.494180649518967 0.968017220497131 0.999465823173523 0.999999165534973 0.981617629528046 0.446000546216965 0.442003428936005 0.36651337146759 0.390850037336349 0.353352069854736 0.260181754827499 0.17753529548645 0.115101635456085 0.0722874402999878 0.0398356541991234 0.037759143859148 0.0316600389778614 0.0263167880475521 0.0222061984241009 0.0206714551895857 0.0214465148746967 0.0234041456133127 0.0286723785102367 0.0462408773601055 0.0650051459670067 0.0694842338562012 0.0826634392142296 0.17460697889328 0.280575722455978 0.312279224395752 0.317690998315811 0.347465813159943 0.35453188419342 0.338822066783905 0.304448455572128 0.289141535758972 0.245193749666214 0.227372527122498 0.109078101813793 0.110522828996181
0.0223724991083145 0.0603680051863194 0.0812233462929726 0.107141852378845 0.229772686958313 0.505103051662445 0.0944333374500275 0.052279107272625 0.0563463754951954 0.144723579287529 0.14463797211647 0.00431089103221893 0.0241668857634068 0.551595449447632 0.954551875591278 0.968286514282227 0.999449551105499 0.672225892543793 0.944469571113586 0.999113380908966 0.71200031042099 0.471614271402359 0.666865587234497 0.366276234388351 0.289353668689728 0.147299528121948 0.0828777477145195 0.0725983902812004 0.075269915163517 0.0555599443614483 0.0452295765280724 0.0370508953928947 0.0311183631420135 0.0233142077922821 0.0251145735383034 0.0335037671029568 0.0459071360528469 0.0593919008970261 0.0667990371584892 0.076311007142067 0.124881595373154 0.199651703238487 0.235286563634872 0.262349307537079 0.286558628082275 0.303274482488632 0.297067046165466 0.260366350412369 0.237450942397118 0.213795766234398 0.201188668608665 0.114366888999939 0.106584012508392
0.0684685483574867 0.0771734640002251 0.0224692970514297 0.115441702306271 0.201406955718994 0.20192639529705 0.106735423207283 0.0365996845066547 0.0408881306648254 0.292919188737869 0.1668461561203 0.0647041648626328 0.00743015017360449 0.535532712936401 0.861051440238953 0.848914802074432 0.936149954795837 0.982881426811218 0.999461770057678 0.762534856796265 0.542886078357697 0.489951491355896 0.960192859172821 0.417586266994476 0.369337052106857 0.243888944387436 0.161966130137444 0.162061288952827 0.153110533952713 0.104538708925247 0.0610549449920654 0.0434258468449116 0.0302601754665375 0.0260789375752211 0.0333115234971046 0.047987025231123 0.0634483695030212 0.0697640031576157 0.0783406049013138 0.0897154361009598 0.115078657865524 0.157263532280922 0.190809175372124 0.221556887030602 0.269057959318161 0.301875621080399 0.293710798025131 0.24999326467514 0.250420212745667 0.248729065060616 0.226827621459961 0.198540940880775 0.11169321835041
0.016482288017869 0.0338106490671635 0.0238115396350622 0.118070535361767 0.240022003650665 0.209956556558609 0.210634276270866 0.168598920106888 0.218058899044991 0.476405709981918 0.221670493483543 0.0649447441101074 0.00560279143974185 0.121212795376778 0.419942498207092 0.592998325824738 0.840978980064392 0.978315234184265 0.999610066413879 0.885389506816864 0.684960067272186 0.67086523771286 0.510444045066833 0.539268851280212 0.410765498876572 0.358138144016266 0.321447640657425 0.295929282903671 0.235367074608803 0.158183872699738 0.0857224613428116 0.0504438579082489 0.0353313572704792 0.0335207358002663 0.0599106550216675 0.0809176862239838 0.0928082689642906 0.100474081933498 0.109174259006977 0.112864442169666 0.12662361562252 0.167997688055038 0.20791482925415 0.235378250479698 0.233219861984253 0.236637130379677 0.238371133804321 0.248951375484467 0.298947244882584 0.305905640125275 0.253746598958969 0.211879149079323 0.113587073981762
