data/climate_estimation/maxent_output/Smilax_pseudochina.asc
NCOLS 161 
NROWS 96 
XLLCORNER -87.75 
YLLCORNER 31.8333333333333 
CELLSIZE 0.0833333333333334 
NODATA_value -3.4e+38 
[rows 20 to 39 of 96, columns 92 to 137 of 161]
0.24341294169426 0.334426999092102 0.462996989488602 0.472474902868271 0.392331510782242 0.649936616420746 0.534492909908295 0.542388021945953 0.546894371509552 0.509514987468719 0.692772150039673 0.674562990665436 0.666484296321869 0.797717213630676 0.82884669303894 0.55434262752533 0.782600104808807 0.925575971603394 0.931273221969604 0.915605187416077 0.920367360115051 0.846107840538025 0.900853633880615 0.914938569068909 0.936681926250458 0.936681926250458 0.937618911266327 0.939730286598206 0.939730286598206 0.946837842464447 0.946837842464447 0.954119443893433 0.954728066921234 0.945108890533447 0.959285199642181 0.970218658447266 0.974141418933868 0.974141418933868 0.962668418884277 0.955342650413513 0.961242735385895 0.952725648880005 0.826026439666748 0.8256716132164 0.793375551700592 0.793375551700592
0.323469400405884 0.40549099445343 0.608581781387329 0.453224211931229 0.710878014564514 0.791025996208191 0.64368212223053 0.72273850440979 0.672792136669159 0.628480434417725 0.630879819393158 0.740362286567688 0.801565825939178 0.792662620544434 0.729139387607574 0.797245621681213 0.925259172916412 0.918713986873627 0.931354105472565 0.931820809841156 0.891229450702667 0.917499363422394 0.909988105297089 0.914364397525787 0.914595127105713 0.914595127105713 0.935446918010712 0.945560932159424 0.946410298347473 0.935446918010712 0.943743169307709 0.950496792793274 0.952518880367279 0.951734960079193 0.957063496112823 0.962222039699554 0.968057334423065 0.976982951164246 0.961697697639465 0.955602288246155 0.948326587677002 0.940909683704376 0.843154191970825 0.831163763999939 0.795244991779327 0.802382230758667
0.41651925444603 0.70926421880722 0.45342680811882 0.502780139446259 0.80062347650528 0.750626385211945 0.654002010822296 0.71801745891571 0.772924959659576 0.736007213592529 0.672687768936157 0.531097114086151 0.443436712026596 0.589673697948456 0.690638422966003 0.893828570842743 0.850101470947266 0.900859713554382 0.920234858989716 0.920746803283691 0.93366152048111 0.926624715328217 0.8996222615242 0.914364397525787 0.926711440086365 0.923462629318237 0.914595127105713 0.942866444587708 0.942866444587708 0.942399978637695 0.942399978637695 0.949244737625122 0.955510795116425 0.955069005489349 0.954608619213104 0.953231453895569 0.951960921287537 0.95886355638504 0.965735018253326 0.960081279277802 0.940557837486267 0.939371645450592 0.818743109703064 0.817005813121796 0.805902302265167 0.80765700340271
0.574687302112579 0.629490435123444 0.449853271245956 0.82139390707016 0.797981858253479 0.528762876987457 0.664283633232117 0.798856973648071 0.831439554691315 0.743254899978638 0.597545146942139 0.301692306995392 0.487977653741837 0.554605841636658 0.858148872852325 0.886762857437134 0.855728685855865 0.92894035577774 0.938454806804657 0.930175840854645 0.926624715328217 0.931781113147736 0.924601376056671 0.927509248256683 0.917507410049438 0.934747219085693 0.942399978637695 0.934000134468079 0.942399978637695 0.942399978637695 0.941912531852722 0.955069005489349 0.948293685913086 0.960111081600189 0.958401083946228 0.957212090492249 0.942838251590729 0.950091660022736 0.957965493202209 0.960352122783661 0.945723652839661 0.827978372573853 0.815394580364227 0.798917829990387 0.789184033870697 0.792754352092743
0.770105838775635 0.73910003900528 0.790490388870239 0.854481995105743 0.797567188739777 0.664283633232117 0.794838011264801 0.88806563615799 0.886203289031982 0.696886420249939 0.347588777542114 0.327451765537262 0.720071732997894 0.845664918422699 0.806357264518738 0.87772923707962 0.929417192935944 0.938173651695251 0.948773205280304 0.931599259376526 0.924429655075073 0.931480944156647 0.945527851581573 0.935469210147858 0.943066239356995 0.93517941236496 0.942399978637695 0.942399978637695 0.94101744890213 0.94101744890213 0.947954714298248 0.948039829730988 0.954360246658325 0.951170802116394 0.949564695358276 0.962778329849243 0.893565714359283 0.940450608730316 0.94260847568512 0.835267841815948 0.821727097034454 0.82339084148407 0.806744277477264 0.798997640609741 0.783710956573486 0.789048850536346
0.773281395435333 0.506454527378082 0.84318482875824 0.822882652282715 0.628231763839722 0.721008896827698 0.839102268218994 0.906816124916077 0.883111119270325 0.686311900615692 0.580804049968719 0.824852406978607 0.908601939678192 0.912078619003296 0.904156804084778 0.899110376834869 0.93620091676712 0.93620091676712 0.927736461162567 0.940915286540985 0.936243712902069 0.940051436424255 0.952311396598816 0.959423720836639 0.943066239356995 0.94728672504425 0.949244737625122 0.94101744890213 0.94101744890213 0.947954714298248 0.946625709533691 0.944566309452057 0.950372099876404 0.963434219360352 0.960420787334442 0.886301159858704 0.860053181648254 0.861722052097321 0.845675587654114 0.83205258846283 0.821399807929993 0.798457026481628 0.786906003952026 0.773273289203644 0.77634984254837 0.78171318769455
0.530518412590027 0.857359647750854 0.866885960102081 0.889966189861298 0.717039048671722 0.751966118812561 0.890366792678833 0.893306970596313 0.763022422790527 0.855232715606689 0.87364387512207 0.878511548042297 0.912621259689331 0.914202511310577 0.92257022857666 0.927736461162567 0.919211626052856 0.939321160316467 0.929764568805695 0.939733684062958 0.933082520961761 0.94728672504425 0.94728672504425 0.948118209838867 0.956252694129944 0.956252694129944 0.955510795116425 0.955510795116425 0.960532486438751 0.959414482116699 0.952301144599915 0.956481277942657 0.953106701374054 0.950748562812805 0.949382960796356 0.86682116985321 0.86682116985321 0.852577805519104 0.836508452892303 0.825509786605835 0.789609611034393 0.777921080589294 0.760274946689606 0.745919406414032 0.770691394805908 0.758520603179932
0.817106664180756 0.835174202919006 0.903783977031708 0.925506174564362 0.901276469230652 0.877445757389069 0.610651910305023 0.585579454898834 0.925628244876862 0.930763006210327 0.866582453250885 0.895862519741058 0.91172844171524 0.916234374046326 0.931114494800568 0.908554375171661 0.898731291294098 0.937371790409088 0.929003179073334 0.906616508960724 0.930462241172791 0.950710654258728 0.944011926651001 0.951505780220032 0.953920483589172 0.949594974517822 0.948779165744781 0.954760432243347 0.959414482116699 0.958709597587585 0.956481277942657 0.966280937194824 0.962775230407715 0.953405439853668 0.876012206077576 0.859331786632538 0.856346070766449 0.842035710811615 0.846879720687866 0.830007791519165 0.786064922809601 0.752815246582031 0.740498065948486 0.723962485790253 0.725571095943451 0.723343908786774
0.777450144290924 0.884724080562592 0.904286980628967 0.886269629001617 0.85740339756012 0.651438534259796 0.618642926216125 0.876177787780762 0.826732218265533 0.893706440925598 0.938320696353912 0.923171639442444 0.928870022296906 0.922727704048157 0.922809422016144 0.910320818424225 0.885515689849854 0.92500764131546 0.928695499897003 0.936571598052979 0.947354912757874 0.940366685390472 0.948185682296753 0.957988142967224 0.953920483589172 0.966568648815155 0.961215734481812 0.960532486438751 0.964735507965088 0.954652070999146 0.95899623632431 0.966453671455383 0.885098338127136 0.879732728004456 0.863301217556 0.853623807430267 0.85058057308197 0.818195700645447 0.808930814266205 0.790477514266968 0.778805494308472 0.70699405670166 0.694167852401733 0.697445094585419 0.697166264057159 0.680017352104187
0.817113399505615 0.920290470123291 0.884073138237 0.824069380760193 0.873652458190918 0.887154877185822 0.916596114635468 0.925863146781921 0.912615954875946 0.918783903121948 0.923628211021423 0.920914351940155 0.925680041313171 0.912971913814545 0.913551568984985 0.909365713596344 0.915677487850189 0.934131920337677 0.934131920337677 0.953653335571289 0.953653335571289 0.956312835216522 0.956312835216522 0.959267914295197 0.964628875255585 0.959066331386566 0.964432895183563 0.962722361087799 0.967509686946869 0.959697782993317 0.955881416797638 0.884691119194031 0.885843634605408 0.891893863677979 0.862847745418549 0.857379078865051 0.839490294456482 0.810036182403564 0.798875629901886 0.750483989715576 0.730384051799774 0.703113317489624 0.673382222652435 0.668917953968048 0.674117207527161 0.673753976821899
0.934327006340027 0.958837032318115 0.926031291484833 0.880728185176849 0.90883880853653 0.907726526260376 0.902922689914703 0.930828928947449 0.92769330739975 0.925947964191437 0.922848641872406 0.916673064231873 0.912016689777374 0.909925282001495 0.916796684265137 0.916796684265137 0.916796684265137 0.92468935251236 0.944558322429657 0.953215181827545 0.949121057987213 0.949903130531311 0.956312835216522 0.956312835216522 0.964628875255585 0.970654964447021 0.959097862243652 0.957654178142548 0.962895274162292 0.950853765010834 0.879604518413544 0.894643604755402 0.893185436725616 0.88650119304657 0.874874472618103 0.850075364112854 0.831747591495514 0.806624114513397 0.759276211261749 0.706548154354095 0.672920227050781 0.655796349048615 0.64666360616684 0.635498642921448 0.628861844539642 0.65302312374115
0.84095686674118 0.912123680114746 0.906247437000275 0.931362390518188 0.913001239299774 0.913001239299774 0.934919595718384 0.923740565776825 0.922678589820862 0.937463462352753 0.924767792224884 0.921466946601868 0.935745298862457 0.943586707115173 0.936802268028259 0.933838307857513 0.933838307857513 0.934801936149597 0.939845085144043 0.952018737792969 0.949903130531311 0.942632138729095 0.947100877761841 0.956312835216522 0.95958936214447 0.95888352394104 0.949464917182922 0.954620659351349 0.959393620491028 0.895987987518311 0.897976458072662 0.899105310440063 0.878918588161469 0.876147329807281 0.859444975852966 0.830020248889923 0.815934538841248 0.784417271614075 0.733595609664917 0.702509105205536 0.663299679756165 0.618371546268463 0.584173619747162 0.610215902328491 0.624897956848145 -3.4e+38
0.708931565284729 0.884906888008118 0.914470732212067 0.913399219512939 0.91344165802002 0.916604936122894 0.928794980049133 0.928794980049133 0.936238169670105 0.927319347858429 0.92408698797226 0.921828389167786 0.926559865474701 0.938963770866394 0.927550613880157 0.939845085144043 0.942363440990448 0.949657320976257 0.947096943855286 0.949657320976257 0.948842227458954 0.942312121391296 0.951345682144165 0.944505572319031 0.95958936214447 0.952496290206909 0.948647797107697 0.95386016368866 0.888614594936371 0.894715249538422 0.883114874362946 0.897854030132294 0.881626129150391 0.876147329807281 0.848404169082642 0.814140558242798 0.794125914573669 0.747835099697113 0.715230405330658 0.674279153347015 0.620504140853882 0.598462343215942 0.57739520072937 0.573398411273956 0.592987179756165 0.607504308223724
0.860909581184387 0.884501755237579 0.906263291835785 0.902552545070648 0.912757337093353 0.917052686214447 0.911198318004608 0.918160855770111 0.921907484531403 0.900820136070251 0.918450474739075 0.938054978847504 0.944848537445068 0.954328954219818 0.956427037715912 0.965101301670074 0.959376752376556 0.964387953281403 0.955595850944519 0.947096943855286 0.955595850944519 0.949657320976257 0.950578629970551 0.950834572315216 0.95888352394104 0.957452774047852 0.893561720848083 0.892272651195526 0.884766399860382 0.892253637313843 0.891933858394623 0.884331524372101 0.878918588161469 0.865765631198883 0.846859574317932 0.819344878196716 0.781196296215057 0.747921049594879 0.703849673271179 0.657362222671509 0.618523120880127 0.624362051486969 0.585742115974426 0.583979368209839 0.587951123714447 0.604385733604431
0.820159733295441 0.846218168735504 0.869117081165314 0.896196246147156 0.897458910942078 0.908776760101318 0.90879613161087 0.904201567173004 0.889436364173889 0.919331431388855 0.928733050823212 0.94398307800293 0.946389973163605 0.961771607398987 0.969089210033417 0.975837707519531 0.971402287483215 0.974801003932953 0.96170300245285 0.958869159221649 0.967191576957703 0.962439835071564 0.949786782264709 0.950028777122498 0.951708734035492 0.895863473415375 0.892272651195526 0.899508655071259 0.882181465625763 0.900679051876068 0.889382481575012 0.893046259880066 0.905139327049255 0.875177383422852 0.848538756370544 0.796406865119934 0.76569926738739 0.744018077850342 0.69781631231308 0.670188724994659 0.631355345249176 0.63095760345459 0.61574774980545 0.602814793586731 0.602327525615692 0.64795058965683
0.829932391643524 0.804424703121185 0.819151759147644 0.861243486404419 0.892219245433807 0.891825914382935 0.893117964267731 0.89401251077652 0.908418953418732 0.945536732673645 0.952556610107422 0.95277351140976 0.96601539850235 0.966630697250366 0.967253148555756 0.968491673469543 0.978852272033691 0.978382468223572 0.966580986976624 0.971554815769196 0.972674131393433 0.973774075508118 0.963804483413696 0.957401633262634 0.88597297668457 0.894589960575104 0.876851618289948 0.887171030044556 0.889733493328094 0.886029005050659 0.888065993785858 0.895740389823914 0.893182992935181 0.865922510623932 0.84538197517395 0.798229992389679 0.779484868049622 0.734952986240387 0.720462322235107 0.68096250295639 0.642166137695312 0.622819364070892 0.632904350757599 0.63043338060379 0.61464124917984 0.633257687091827
0.820100724697113 0.821760237216949 0.808993816375732 0.843351781368256 0.842876255512238 0.89052540063858 0.902652263641357 0.917480707168579 0.93787145614624 0.94467830657959 0.951992332935333 0.958429574966431 0.970468521118164 0.970601320266724 0.976990401744843 0.972831666469574 0.981973767280579 0.981164813041687 0.976962029933929 0.972674131393433 0.971574246883392 0.967393517494202 0.918728709220886 0.914356887340546 0.906808078289032 0.891360402107239 0.886180341243744 0.88081967830658 0.888419270515442 0.882049024105072 0.875461220741272 0.881803870201111 0.865895211696625 0.86297595500946 0.832237958908081 0.814705312252045 0.781323790550232 0.730960309505463 0.714454472064972 0.674782752990723 0.657207608222961 0.633548378944397 0.641806185245514 0.618332982063293 0.608703792095184 0.602162301540375
0.796738564968109 0.844741821289062 0.866559147834778 0.886976361274719 0.876647651195526 0.924711287021637 0.923545122146606 0.942935049533844 0.949350357055664 0.962748825550079 0.962918937206268 0.968242704868317 0.974079489707947 0.974586009979248 0.976113379001617 0.980408072471619 0.980820000171661 0.980820000171661 0.979519069194794 0.976104199886322 0.975577354431152 0.972253501415253 0.91329151391983 0.903064250946045 0.884700894355774 0.896115601062775 0.881111025810242 0.887324750423431 0.879346549510956 0.875461220741272 0.884624361991882 0.879459142684937 0.865991950035095 0.847403347492218 0.812976479530334 0.798273921012878 0.768843472003937 0.747167468070984 0.724931955337524 0.685457348823547 0.657490849494934 0.636097967624664 0.6316859126091 0.599499046802521 0.588544845581055 0.576859295368195
0.824379861354828 0.828966677188873 0.882977724075317 0.902044355869293 0.900713443756104 0.923631131649017 0.957032203674316 0.974133610725403 0.978694438934326 0.977289080619812 0.980976283550262 0.98220682144165 0.977239072322845 0.973509907722473 0.977699518203735 0.927479147911072 0.928808152675629 0.939781486988068 0.940688729286194 0.939781486988068 0.928808152675629 0.915402114391327 0.915402114391327 0.894708216190338 0.882471084594727 0.863123118877411 0.871241509914398 0.867224633693695 0.860199630260468 0.868346393108368 0.882281363010406 0.876703262329102 0.863430619239807 0.830564141273499 0.813019156455994 0.780586242675781 0.763125598430634 0.763057827949524 0.712285101413727 0.676787614822388 0.666168212890625 0.644761264324188 0.614523768424988 0.606079936027527 0.584760189056396 0.564915239810944
0.844452977180481 0.863665044307709 0.884429752826691 0.923946022987366 0.943363666534424 0.957863688468933 0.97463858127594 0.938904225826263 0.957676351070404 0.961510896682739 0.956138730049133 0.931152760982513 0.920344173908234 0.924727439880371 0.915376722812653 0.917562901973724 0.925772070884705 0.92996734380722 0.938262343406677 0.93438321352005 0.923697769641876 0.922635436058044 0.910829842090607 0.909664034843445 0.898407697677612 0.882226407527924 0.873757600784302 0.872345805168152 0.868346393108368 0.864381790161133 0.876703262329102 0.855727136135101 0.855733931064606 0.844249784946442 0.813984870910645 0.795783996582031 0.757326900959015 0.734695494174957 0.710201144218445 0.68052077293396 0.655468642711639 0.6320481300354 0.62561309337616 0.587293982505798 0.576300024986267 0.546426236629486
