data/climate_estimation/maxent_output/Smilax_nervomarginata.asc
NCOLS 290 
NROWS 141 
XLLCORNER 105 
YLLCORNER 21.8333333333333 
CELLSIZE 0.0833333333333333 
NODATA_value -3.4e+38 
[rows 42 to 62 of 141, columns 147 to 195 of 290]
0.985999703407288 0.985592603683472 0.950571238994598 0.974635064601898 0.989468455314636 0.982324481010437 0.985333263874054 0.97923731803894 0.969714045524597 0.965387165546417 0.976110458374023 0.979869306087494 0.973397791385651 0.987495899200439 0.992449700832367 0.993993699550629 0.992943704128265 0.989009380340576 0.984072506427765 0.974066078662872 0.967651903629303 0.971992135047913 0.969654262065887 0.959821343421936 0.951892614364624 0.86808443069458 0.848908841609955 0.840244293212891 0.817525446414948 0.808416485786438 0.793168067932129 0.764694094657898 0.733618974685669 0.678517699241638 0.780341386795044 0.724870562553406 0.69194358587265 0.686690628528595 0.642450928688049 0.635850191116333 0.48306468129158 0.617545306682587 0.462492883205414 0.454437971115112 0.590333223342896 0.571627080440521 0.55559253692627 0.540911316871643 0.526102066040039
0.982087790966034 0.990413844585419 0.993046224117279 0.992532908916473 0.98764306306839 0.990004062652588 0.986484229564667 0.985592603683472 0.991539359092712 0.987929940223694 0.98562490940094 0.989371299743652 0.992561340332031 0.994555771350861 0.994955539703369 0.993967533111572 0.99352091550827 0.993186295032501 0.980998337268829 0.977828085422516 0.977947175502777 0.987195789813995 0.980488121509552 0.976106643676758 0.966163814067841 0.888311982154846 0.862420320510864 0.858028709888458 0.840563178062439 0.815371096134186 0.800015211105347 0.773398280143738 0.743263721466064 0.832571625709534 0.800837516784668 0.749884307384491 0.718945264816284 0.705022275447845 0.675812304019928 0.653612673282623 0.642450928688049 0.636773645877838 0.632695317268372 0.613405346870422 0.601183533668518 0.604501247406006 0.604747831821442 0.586203813552856 0.552228033542633
0.994070708751678 0.993888914585114 0.993584990501404 0.991825103759766 0.992925882339478 0.995153546333313 0.994822025299072 0.991695702075958 0.992327332496643 0.991447389125824 0.987426340579987 0.9891277551651 0.994085073471069 0.995837330818176 0.995823264122009 0.994555771350861 0.995182156562805 0.992388665676117 0.987424194812775 0.987845599651337 0.987805068492889 0.989704668521881 0.985546469688416 0.981918454170227 0.973798930644989 0.902918934822083 0.957742393016815 0.865774393081665 0.847865879535675 0.82661110162735 0.803504943847656 0.787717998027802 0.865967094898224 0.842690467834473 0.809103071689606 0.782943904399872 0.730793952941895 0.704608738422394 0.712278008460999 0.70159250497818 0.684282898902893 0.674970388412476 0.644430577754974 0.632183313369751 0.636452317237854 0.639412939548492 0.64094489812851 0.613265693187714 0.588135838508606
0.995417892932892 0.995538115501404 0.995306432247162 0.994747698307037 0.995231568813324 0.993847966194153 0.989407598972321 0.992129921913147 0.992542862892151 0.994026064872742 0.994082391262054 0.995025932788849 0.994570732116699 0.995837330818176 0.995018720626831 0.993831515312195 0.991596102714539 0.991596102714539 0.994900703430176 0.990613341331482 0.981771111488342 0.992144823074341 0.990133821964264 0.985424518585205 0.981077015399933 0.97449779510498 0.965778946876526 0.955476105213165 0.856144964694977 0.835408449172974 0.920102834701538 0.901498556137085 0.882405698299408 0.8520547747612 0.831560432910919 0.787588238716125 0.759693384170532 0.740523636341095 0.718349814414978 0.716650784015656 0.691822290420532 0.679101228713989 0.640119850635529 0.618152916431427 0.654380321502686 0.666439533233643 0.664697349071503 0.644916832447052 0.609449982643127
0.996659636497498 0.996909439563751 0.996037781238556 0.995306432247162 0.992045342922211 0.987568557262421 0.98758339881897 0.99068558216095 0.992935419082642 0.994026064872742 0.994026064872742 0.995109975337982 0.995304524898529 0.995259940624237 0.992929697036743 0.980582177639008 0.988098323345184 0.992797195911407 0.995792806148529 0.992854416370392 0.991616785526276 0.994200944900513 0.991498529911041 0.989533066749573 0.986055433750153 0.980515778064728 0.97194230556488 0.96034175157547 0.862576365470886 0.93960702419281 0.929043650627136 0.910963475704193 0.89255428314209 0.874332845211029 0.837546646595001 0.800813615322113 0.765257894992828 0.750700652599335 0.753022432327271 0.766077041625977 0.730530738830566 0.730779647827148 0.673132121562958 0.654782474040985 0.691684484481812 0.697103679180145 0.677779018878937 0.669262290000916 0.613969564437866
0.997405409812927 0.99690318107605 0.993517994880676 0.992171168327332 0.984785795211792 0.982081830501556 0.984035491943359 0.983251750469208 0.985280930995941 0.984531700611115 0.99324631690979 0.994660973548889 0.994026064872742 0.989649295806885 0.975780606269836 0.978282809257507 0.987044215202332 0.99263733625412 0.994081199169159 0.996077716350555 0.996499478816986 0.995779395103455 0.994062006473541 0.991956293582916 0.988334655761719 0.983251333236694 0.974674046039581 0.962427496910095 0.956826508045197 0.94604903459549 0.934389472007751 0.917986273765564 0.89586877822876 0.877898037433624 0.851053178310394 0.807938456535339 0.783835768699646 0.774487853050232 0.784911811351776 0.794239938259125 0.736628890037537 0.670197248458862 0.660062313079834 0.638118624687195 0.709159791469574 0.707364022731781 0.704274475574493 0.652146399021149 0.652725160121918
0.997247517108917 0.993858218193054 0.995629012584686 0.993317067623138 0.989748775959015 0.952336430549622 0.973246097564697 0.983715415000916 0.982081830501556 0.969476699829102 0.986650228500366 0.988465309143066 0.980640590190887 0.968970954418182 0.974680364131927 0.990551054477692 0.995183765888214 0.994271516799927 0.996693551540375 0.996915340423584 0.996834874153137 0.995995283126831 0.993623435497284 0.992136001586914 0.989640533924103 0.982574999332428 0.969632208347321 0.966889798641205 0.962662994861603 0.955687522888184 0.939692258834839 0.92076849937439 0.901570796966553 0.880803942680359 0.842989027500153 0.843573868274689 0.814015746116638 0.793462693691254 0.811809003353119 0.808408200740814 0.728890299797058 0.690254509449005 0.655052185058594 0.662491381168365 0.663253247737885 0.687434911727905 0.711862504482269 0.697952926158905 0.674712419509888
0.997136175632477 0.996828615665436 0.996996641159058 0.990743637084961 0.990743637084961 0.994179308414459 0.993317067623138 0.992289543151855 0.989483892917633 0.989214837551117 0.988377332687378 0.973628044128418 0.982081830501556 0.980323195457458 0.990838944911957 0.99511194229126 0.996692001819611 0.997169971466064 0.997318148612976 0.996579766273499 0.994559407234192 0.993984639644623 0.993489503860474 0.994130790233612 0.988618314266205 0.986777663230896 0.978994309902191 0.968010663986206 0.965970695018768 0.961598455905914 0.934615552425385 0.917191863059998 0.888261020183563 0.873572885990143 0.856417655944824 0.868255019187927 0.856156349182129 0.827715337276459 0.850060224533081 0.794237375259399 0.728674352169037 0.733607709407806 0.700914084911346 0.707043826580048 0.707791209220886 0.714942872524261 0.72955459356308 0.727640748023987 0.695102035999298
0.997712433338165 0.997585594654083 0.995287537574768 0.995287537574768 0.994565844535828 0.995287537574768 0.996280491352081 0.994526207447052 0.995442152023315 0.994445264339447 0.989996314048767 0.9743891954422 0.98605090379715 0.989214837551117 0.993462920188904 0.993462920188904 0.995342671871185 0.994823575019836 0.994195878505707 0.9899982213974 0.988956689834595 0.993331134319305 0.995324969291687 0.994247913360596 0.992955505847931 0.988446652889252 0.980598986148834 0.965800762176514 0.959664762020111 0.943538665771484 0.936626613140106 0.932327806949615 0.90684187412262 0.872797429561615 0.859744071960449 0.865257859230042 0.855263888835907 0.837256491184235 0.81834352016449 0.788527429103851 0.811680972576141 0.779309868812561 0.74518895149231 0.767458617687225 0.779098272323608 0.75543487071991 0.761697590351105 0.748981416225433 0.715431392192841
0.997853815555573 0.997585594654083 0.996548235416412 0.996548235416412 0.99653172492981 0.996191740036011 0.996331214904785 0.99653172492981 0.994526207447052 0.985089123249054 0.976907730102539 0.980793833732605 0.984372019767761 0.993901073932648 0.993003487586975 0.989483892917633 0.98474657535553 0.985466003417969 0.978416800498962 0.986178576946259 0.994806826114655 0.996545493602753 0.996184349060059 0.995548605918884 0.991799712181091 0.984728038311005 0.973252534866333 0.966103553771973 0.959190607070923 0.956817030906677 0.938671946525574 0.920114815235138 0.898406744003296 0.87570184469223 0.870812952518463 0.852954685688019 0.836970746517181 0.818509459495544 0.818605184555054 0.833801567554474 0.849533557891846 0.830314815044403 0.799574494361877 0.785112500190735 0.800318777561188 0.791689038276672 0.780051529407501 0.75758421421051 0.748122155666351
0.997604608535767 0.997198700904846 0.996591031551361 0.996538043022156 0.997071146965027 0.996901154518127 0.996396780014038 0.996721506118774 0.995152592658997 0.992898166179657 0.991089940071106 0.990367710590363 0.99062967300415 0.994346916675568 0.993160128593445 0.990885496139526 0.970982015132904 0.979823708534241 0.984098076820374 0.989493310451508 0.993830442428589 0.993703901767731 0.99621856212616 0.995155453681946 0.991535723209381 0.981503963470459 0.974326074123383 0.972037672996521 0.978076279163361 0.958300828933716 0.921671330928802 0.911350965499878 0.890622913837433 0.8836829662323 0.887304723262787 0.86672180891037 0.856130540370941 0.840989828109741 0.831120073795319 0.853637158870697 0.858999490737915 0.852890253067017 0.830206334590912 0.782225728034973 0.75294041633606 0.80660343170166 0.80075216293335 0.774428963661194 0.754031956195831
0.997986853122711 0.997866630554199 0.995647966861725 0.997231960296631 0.996399939060211 0.996724426746368 0.997059404850006 0.996890366077423 0.996386289596558 0.994195640087128 0.991217136383057 0.992995619773865 0.99449235200882 0.995626032352448 0.994120955467224 0.990834534168243 0.989881873130798 0.975597739219666 0.98261159658432 0.994071066379547 0.997018337249756 0.997098624706268 0.996688842773438 0.995460212230682 0.99190479516983 0.98357743024826 0.977619171142578 0.964506506919861 0.947099030017853 0.929460942745209 0.920141935348511 0.918126702308655 0.911298632621765 0.905526757240295 0.892383575439453 0.855684459209442 0.854731023311615 0.854895234107971 0.852927267551422 0.867189168930054 0.885146856307983 0.865780711174011 0.800794780254364 0.777420938014984 0.769347906112671 0.770624339580536 0.785854458808899 0.783575117588043 0.776048243045807
0.998207330703735 0.997755587100983 0.997105479240417 0.996943116188049 0.997376024723053 0.996440887451172 0.995485544204712 0.995880305767059 0.994970440864563 0.994300782680511 0.986914217472076 0.9921595454216 0.994511187076569 0.995228111743927 0.993129432201385 0.993998408317566 0.995464980602264 0.990837574005127 0.995441138744354 0.997412979602814 0.99763286113739 0.997204482555389 0.99672394990921 0.996045470237732 0.990859746932983 0.986034452915192 0.97711968421936 0.96153724193573 0.944682538509369 0.933151543140411 0.932773768901825 0.93580961227417 0.935034930706024 0.913836717605591 0.890168905258179 0.869239449501038 0.864573299884796 0.87346088886261 0.877946794033051 0.900259971618652 0.880262136459351 0.848540127277374 0.833690404891968 0.829028308391571 0.832991540431976 0.800628244876862 0.804919540882111 0.790839016437531 0.783467411994934
0.997915148735046 0.997404992580414 0.997542917728424 0.997649431228638 0.997255265712738 0.996488213539124 0.995300948619843 0.99505090713501 0.989155113697052 0.980134546756744 0.979252517223358 0.992865324020386 0.991866290569305 0.994073331356049 0.996273398399353 0.996124804019928 0.996656000614166 0.996656000614166 0.997239410877228 0.997779369354248 0.997498989105225 0.997197926044464 0.996590316295624 0.996314585208893 0.993383824825287 0.990651309490204 0.983942091464996 0.976484835147858 0.964012801647186 0.943463146686554 0.921469569206238 0.909512281417847 0.909571290016174 0.894337356090546 0.878813147544861 0.892183184623718 0.901252269744873 0.892355501651764 0.919499218463898 0.916887938976288 0.899062871932983 0.88921582698822 0.880575478076935 0.842692971229553 0.797717750072479 0.783034920692444 0.804730832576752 0.790980994701385 0.796649038791656
0.997673511505127 0.979822278022766 0.9974285364151 0.996953427791595 0.996528327465057 0.990969240665436 0.975444555282593 0.982156872749329 0.970576703548431 0.981795907020569 0.990922689437866 0.990922689437866 0.992391169071198 0.995752692222595 0.996109902858734 0.995106220245361 0.993249893188477 0.995589792728424 0.996933221817017 0.997243523597717 0.996886909008026 0.995019912719727 0.99544757604599 0.993413150310516 0.989518165588379 0.986022591590881 0.984308660030365 0.979529201984406 0.970459580421448 0.94676274061203 0.9285808801651 0.914213836193085 0.905393183231354 0.886664748191833 0.892995119094849 0.896709322929382 0.908066630363464 0.916244387626648 0.931039154529572 0.924009382724762 0.881896138191223 0.836004972457886 0.796534895896912 0.788183867931366 0.788866758346558 0.775176107883453 0.787338018417358 0.771466553211212 0.796070098876953
0.978047728538513 0.979822278022766 0.97896933555603 0.976681888103485 0.996023833751678 0.993340194225311 0.973901450634003 0.976435363292694 0.992140054702759 0.992409348487854 0.99107301235199 0.990641474723816 0.996153593063354 0.995564818382263 0.995171964168549 0.994656980037689 0.995564818382263 0.99637109041214 0.995191752910614 0.99493795633316 0.986175239086151 0.97625333070755 0.988138556480408 0.991876602172852 0.978152334690094 0.962033450603485 0.972326755523682 0.963732004165649 0.971826314926147 0.955226302146912 0.936505317687988 0.948163449764252 0.930996000766754 0.909287393093109 0.89465993642807 0.890671908855438 0.896015346050262 0.946271181106567 0.90844988822937 0.864604771137238 0.847230195999146 0.839250862598419 0.840940713882446 0.845482885837555 0.867030739784241 0.831886529922485 0.764800071716309 0.763905227184296 0.785225093364716
0.970347464084625 0.975468635559082 0.973754048347473 0.970110893249512 0.993752717971802 0.976872742176056 0.990788221359253 0.99394017457962 0.993087649345398 0.994250535964966 0.995149731636047 0.995991885662079 0.996704041957855 0.995991885662079 0.995783746242523 0.9956094622612 0.996346592903137 0.990639328956604 0.990125238895416 0.990174949169159 0.976456165313721 0.958225786685944 0.974084675312042 0.983855664730072 0.984289884567261 0.972521662712097 0.95518547296524 0.970679342746735 0.965339601039886 0.967163145542145 0.958074569702148 0.962916612625122 0.933403015136719 0.904070258140564 0.901492655277252 0.931563556194305 0.934996902942657 0.909543216228485 0.886237978935242 0.864300787448883 0.867634952068329 0.870401084423065 0.838317692279816 0.859920680522919 0.871383965015411 0.819063365459442 0.787931621074677 0.753359138965607 0.727164566516876
0.965465724468231 0.969852268695831 0.970677316188812 0.971227407455444 0.990802109241486 0.986986637115479 0.984111487865448 0.99006175994873 0.969882965087891 0.971602857112885 0.974432468414307 0.974750161170959 0.996189773082733 0.996189773082733 0.995645761489868 0.996025621891022 0.995234787464142 0.993196845054626 0.987406671047211 0.992117881774902 0.98881196975708 0.98900979757309 0.950929343700409 0.978958010673523 0.987000048160553 0.985633552074432 0.954355835914612 0.972798705101013 0.967000603675842 0.960934102535248 0.963312864303589 0.933128297328949 0.946782827377319 0.913301885128021 0.91673731803894 0.916058778762817 0.933264374732971 0.91834568977356 0.932151913642883 0.9154092669487 0.908216416835785 0.902758836746216 0.894437730312347 0.873147904872894 0.811928272247314 0.755161285400391 0.734093844890594 0.711362540721893 0.698662519454956
0.97083967924118 0.973272442817688 0.971279621124268 0.972783744335175 0.968089818954468 0.965596199035645 0.990185141563416 0.972140371799469 0.97366064786911 0.973814606666565 0.971688508987427 0.970443665981293 0.994797229766846 0.994755268096924 0.995236873626709 0.994322955608368 0.98825079202652 0.97753119468689 0.972660720348358 0.985616087913513 0.990688621997833 0.987697660923004 0.981421649456024 0.980400323867798 0.975890398025513 0.987556159496307 0.976070821285248 0.958713293075562 0.966793060302734 0.965088665485382 0.944982588291168 0.941079676151276 0.94744610786438 0.930027484893799 0.941761612892151 0.952080607414246 0.955707907676697 0.938192069530487 0.95030665397644 0.945710957050323 0.919253945350647 0.908290863037109 0.928771674633026 0.889498293399811 0.810690104961395 0.764493346214294 0.769178509712219 0.706722855567932 0.669033586978912
0.973012804985046 0.972735047340393 0.973884403705597 0.97177928686142 0.97177928686142 0.969432055950165 0.969972312450409 0.972679555416107 0.973153352737427 0.970496952533722 0.969972312450409 0.970496952533722 0.969432055950165 0.992644131183624 0.993773877620697 0.991072773933411 0.984190225601196 0.965525388717651 0.968628883361816 0.975893676280975 0.979621529579163 0.970353543758392 0.951074242591858 0.952425181865692 0.950730383396149 0.968015611171722 0.986014544963837 0.970442593097687 0.962789118289948 0.959885001182556 0.935338258743286 0.908843159675598 0.919329285621643 0.947055160999298 0.952161610126495 0.957480370998383 0.946902334690094 0.953222572803497 0.950579226016998 0.929710984230042 0.912251353263855 0.870275676250458 0.857322931289673 0.859618723392487 0.851913571357727 0.786112546920776 0.720573365688324 0.701954662799835 0.657490432262421
0.973191797733307 0.971159636974335 0.973191797733307 0.971159636974335 0.970678269863129 0.968918740749359 0.971064209938049 0.971064209938049 0.971500933170319 0.971500933170319 0.969776570796967 0.969260811805725 0.968182921409607 0.994360268115997 0.983982384204865 0.968758344650269 0.978516697883606 0.96957391500473 0.970309972763062 0.941842555999756 0.972871780395508 0.961460173130035 0.931633710861206 0.950825333595276 0.964251399040222 0.956861436367035 0.972241997718811 0.978107035160065 0.972076654434204 0.961703419685364 0.933077871799469 0.937201857566833 0.924375951290131 0.952184736728668 0.939513504505157 0.927623510360718 0.951911091804504 0.944905757904053 0.931195735931396 0.926144301891327 0.921831727027893 0.863490879535675 0.84510201215744 0.842463970184326 0.855061829090118 0.789535045623779 0.697496175765991 0.666423857212067 0.660722076892853
