data/climate_estimation/maxent_output/Smilax_sieboldii.asc
NCOLS 462 
NROWS 224 
XLLCORNER 104.416666666667 
YLLCORNER 22.25 
CELLSIZE 0.0833333333333333 
NODATA_value -3.4e+38 
[rows 22 to 43 of 224, columns 102 to 152 of 462]
0.000167638354469091 0.00022342088050209 0.000464756099972874 0.000984342652373016 0.000984463142231107 0.000941385223995894 0.00252738455310464 0.00415927404537797 0.00458642328158021 0.00230954168364406 0.00115336326416582 0.0011632718378678 0.000699551659636199 0.000644167943391949 0.000958256423473358 0.00108742760494351 0.00138698995579034 0.00164521404076368 0.00187030958477408 0.00240552984178066 0.00371530768461525 0.00282807787880301 0.0057707978412509 0.00672282604500651 0.00838384497910738 0.0105476714670658 0.0101456278935075 0.0116806766018271 0.0107398862019181 0.0104130832478404 0.0101241245865822 0.0110023682937026 0.0115648666396737 0.0120247239246964 0.0130618596449494 0.0129891550168395 0.0134957013651729 0.0139797776937485 0.0145479440689087 0.0151147991418839 0.0157539285719395 0.0164389610290527 0.0171575229614973 0.017825810238719 0.0184852108359337 0.0190748125314713 0.0196637324988842 0.0196325536817312 0.02769810333848 0.0288806017488241 0.0301475077867508
0.000344148720614612 0.000703830562997609 0.000527083233464509 0.000873881042934954 0.00190221995580941 0.00112450169399381 0.00145618023816496 0.0023021106608212 0.00249333563260734 0.00253430102020502 0.00141091935802251 0.00140160671435297 0.000872339587658644 0.000719393428880721 0.000786330027040094 0.00105104653630406 0.000995896523818374 0.0014731150586158 0.00236914469860494 0.00203413981944323 0.00173970859032124 0.0023294878192246 0.00575807597488165 0.00287099601700902 0.00547086773440242 0.00364885944873095 0.00671106902882457 0.00708874966949224 0.00722373276948929 0.00866090320050716 0.00956709403544664 0.0108585339039564 0.0117709171026945 0.011747969314456 0.0122762518003583 0.0127213438972831 0.0132255721837282 0.0136970020830631 0.0143512515351176 0.0142890885472298 0.0157297905534506 0.0158377885818481 0.0164359007030725 0.0169762503355742 0.0183045621961355 0.0182040110230446 0.0188065245747566 0.0266150925308466 0.0276799518615007 0.0276638548821211 0.0288929585367441
0.000421473407186568 0.000818409549538046 0.00061314384220168 0.000900434562936425 0.000656437245197594 0.000526397197972983 0.000670461216941476 0.001570810447447 0.00158176617696881 0.000905482564121485 0.0016067533288151 0.00091959343990311 0.000670139444991946 0.000796720967628062 0.000637049146462232 0.000703504483681172 0.000659284298308194 0.000989436521194875 0.00108904240187258 0.00134425377473235 0.00127703987527639 0.00157187052536756 0.00186607637442648 0.00232759118080139 0.00424043461680412 0.00214575254358351 0.00216401182115078 0.00246776547282934 0.00292322761379182 0.00335754221305251 0.00615742849186063 0.0106468517333269 0.0115204956382513 0.0120832631364465 0.0165008045732975 0.0125775579363108 0.0125157693400979 0.0130572598427534 0.013649620115757 0.0142622441053391 0.0149847650900483 0.0149918254464865 0.0159225892275572 0.0168549716472626 0.0174194630235434 0.0180740412324667 0.0186982452869415 0.0264418851584196 0.0264470372349024 0.0265664327889681 0.0287977512925863
0.000412038614740595 0.000265442213276401 0.000440480653196573 0.00033647587406449 0.000551230390556157 0.000528860196936876 0.000753091648221016 0.00138482474721968 0.00150839984416962 0.00097956822719425 0.00235756835900247 0.00123478902969509 0.00107656803447753 0.000850077660288662 0.000770912040024996 0.000532009522430599 0.000565644062589854 0.000593443925026804 0.000828508113045245 0.00110535125713795 0.00103467458393425 0.00118009373545647 0.00129787600599229 0.0016680225962773 0.00150515150744468 0.0014115123776719 0.00161041738465428 0.00175957824103534 0.00208847736939788 0.00218555866740644 0.00319795985706151 0.00646085711196065 0.0112801734358072 0.011429600417614 0.0114351958036423 0.016317019239068 0.0117387920618057 0.0129798762500286 0.0129957590252161 0.0136006353422999 0.0142488218843937 0.0148487202823162 0.0154637033119798 0.0160377360880375 0.0167031120508909 0.0171939041465521 0.0178792104125023 0.0254022665321827 0.0264580175280571 0.0264699347317219 0.0275709014385939
0.000225031530135311 0.000246842013439164 0.000271720520686358 0.000344689789926633 0.000392081681638956 0.00064821052365005 0.000473745865747333 0.000857043312862515 0.00109733955468982 0.00199156161397696 0.0022231622133404 0.00135363964363933 0.00124559307005256 0.000947223219554871 0.000689486507326365 0.000787083059549332 0.0010117890778929 0.000882585241924971 0.000730730302166194 0.000681671663187444 0.00103106047026813 0.00100249738898128 0.000859382445923984 0.00102470151614398 0.00103654724080116 0.00108719908166677 0.00129772140644491 0.00135216047056019 0.00161118980031461 0.00191594613716006 0.00246303551830351 0.00388385844416916 0.00652722083032131 0.0074302707798779 0.00808209367096424 0.0115128727629781 0.0115319918841124 0.00954950042068958 0.0117275295779109 0.0129268858581781 0.0135935600847006 0.0147097781300545 0.0153460456058383 0.0153199499472976 0.015917370095849 0.0165090262889862 0.0178191363811493 0.0243168268352747 0.0253682509064674 0.0265955477952957 0.0276964567601681
0.000223134135012515 0.000220996516873129 0.000254321173997596 0.00033169929520227 0.000659624696709216 0.000450458232080564 0.00100633909460157 0.00108093849848956 0.00126940791960806 0.00122435460798442 0.00113772053737193 0.00135621638037264 0.000912239251192659 0.00104594288859516 0.000918463396374136 0.000732587417587638 0.000604427012149245 0.000613662821706384 0.000698871852364391 0.000624322041403502 0.000714204623363912 0.000748986611142755 0.0007878533215262 0.000829145079478621 0.0008724030922167 0.00095406622858718 0.00103670067619532 0.00118303450290114 0.0012937537394464 0.00153571669943631 0.001815096125938 0.002253812039271 0.00379359093494713 0.00429642712697387 0.00468967435881495 0.00665570236742496 0.00668645789846778 0.00601784326136112 0.00743004167452455 0.00992297381162643 0.012940738350153 0.0140059720724821 0.0146574229001999 0.0152843641117215 0.0217033997178078 0.0226814597845078 0.023350702598691 0.024442071095109 0.0255490951240063 0.0255557112395763 0.0267344899475574
0.000229561701416969 0.000246071140281856 0.000356876116711646 0.000443924451246858 0.000419199175667018 0.000535141793079674 0.000603120250161737 0.00110755092464387 0.000646929023787379 0.00070908828638494 0.00081802363274619 0.00138540240004659 0.00142625859007239 0.00144097860902548 0.00107749935705215 0.00075596960959956 0.000762916810344905 0.000768705795053393 0.000808183511253446 0.000816471700090915 0.000858613289892673 0.000980444718152285 0.000910899194423109 0.000950860965531319 0.0010443382197991 0.000800472684204578 0.000872606760822237 0.000917990459129214 0.00100414175540209 0.0012377395760268 0.00135234347544611 0.00220242748036981 0.00249030301347375 0.0028045040089637 0.00282292766496539 0.00387635501101613 0.0042270589619875 0.00349040213041008 0.004286989569664 0.00625566300004721 0.00913600251078606 0.0132399797439575 0.0191877521574497 0.0200350154191256 0.020953418686986 0.0217805672436953 0.0227626916021109 0.0237661488354206 0.0246718302369118 0.0256993267685175 0.0267801471054554
0.000230363890295848 0.000384287239285186 0.000779359834268689 0.000391649780794978 0.000424155005021021 0.000435950612882152 0.000490858277771622 0.000573379162233323 0.000691992521751672 0.00073856336530298 0.000910241447854787 0.00137821573298424 0.00144142122007906 0.00119369814638048 0.000694343005307019 0.000822243047878146 0.000762310170102865 0.00073371542384848 0.000769533158745617 0.000742753443773836 0.000781070266384631 0.000858394254464656 0.000824734626803547 0.000907780602574348 0.000953286944422871 0.000955942319706082 0.00104411493521184 0.00109956285450608 0.00120429717935622 0.00131138949654996 0.00143716239836067 0.00162819318939 0.00176987110171467 0.00177401909604669 0.00253017619252205 0.00254271295852959 0.00253839627839625 0.00228097615763545 0.0027105207554996 0.00394147355109453 0.00626475503668189 0.0135667929425836 0.0191063955426216 0.0192517042160034 0.0210399981588125 0.0220178533345461 0.0230977740138769 0.0239899549633265 0.0250661484897137 0.0248229131102562 0.0258443616330624
0.000568461488001049 0.000855959195178002 0.000558376021217555 0.000420507625676692 0.000516297470312566 0.000499268178828061 0.000628542387858033 0.00073763873660937 0.000558613508474082 0.000481125462101772 0.000449034181656316 0.000705267884768546 0.000775129068642855 0.000855336606036872 0.000858321611303836 0.00110241060610861 0.001060088747181 0.00101956783328205 0.000902238767594099 0.000769694393966347 0.000805249728728086 0.000780395290348679 0.000823546783067286 0.000827911193482578 0.000798371329437941 0.000875753525178879 0.000881808751728386 0.000965604383964092 0.00105171359609812 0.00115680997259915 0.00125779991503805 0.00125968083739281 0.00126421626191586 0.0012669179122895 0.0017399872886017 0.00160169682931155 0.00160409766249359 0.00133145286235958 0.00156925921328366 0.00249088788405061 0.00540546467527747 0.0101005993783474 0.0180330127477646 0.0192282050848007 0.0202374011278152 0.0213758628815413 0.0224796552211046 0.0233206395059824 0.0240628272294998 0.0248508788645267 0.0257546305656433
0.000466539553599432 0.000530857825651765 0.000474359723739326 0.000588658382184803 0.000535961531568319 0.00058029725914821 0.000830511969979852 0.000928714347537607 0.000918498728424311 0.000985166872851551 0.000787269091233611 0.000807268545031548 0.00095839734422043 0.00105120299849659 0.00119137938600034 0.0013580322265625 0.00154281919822097 0.001487000961788 0.00125469174236059 0.00102324318140745 0.00079659657785669 0.000772143481299281 0.000778750400058925 0.000753298169001937 0.000760144903324544 0.000799781817477196 0.000808356213383377 0.00088139739818871 0.000886921712663025 0.000967015395872295 0.00106210832018405 0.00106616457924247 0.000976789277046919 0.00134331732988358 0.00124132004566491 0.00114338600542396 0.00104903522878885 0.000769696896895766 0.000910537142772228 0.00144085404463112 0.00384661252610385 0.00781629234552383 0.015864409506321 0.0183835346251726 0.019379073753953 0.0213927198201418 0.0225918237119913 0.023349691182375 0.0232603829354048 0.0238753128796816 0.0247979704290628
0.000766846816986799 0.000513011182192713 0.000578789506107569 0.000779929803684354 0.000653872615657747 0.000841279164887965 0.00120747298933566 0.00128620222676545 0.00128486228641123 0.00131147913634777 0.00179552077315748 0.00196943851187825 0.00148584321141243 0.00170649064239115 0.00172285817097872 0.00203896011225879 0.00213646795600653 0.00205214670859277 0.00181924062781036 0.00141562905628234 0.000935628428123891 0.000799394794739783 0.000771898485254496 0.000748017162550241 0.000754587235860527 0.000764054071623832 0.000740130606573075 0.000811306352261454 0.00080956966849044 0.000927131331991404 0.000891075644176453 0.000891075644176453 0.00112579658161849 0.00113239558413625 0.000957657699473202 0.000884498760569841 0.000817171472590417 0.00052775238873437 0.000573576602619141 0.00140232057310641 0.00286797108128667 0.00533745810389519 0.0122480886057019 0.0188942812383175 0.0190996062010527 0.0202310420572758 0.02133883908391 0.0220689363777637 0.0229301415383816 0.0236940365284681 0.0235498249530792
0.000557438877876848 0.000493331404868513 0.000676254974678159 0.000851557007990777 0.000801778980530798 0.000735754903871566 0.00099863507784903 0.00118225417099893 0.00158188212662935 0.00173843838274479 0.00271622184664011 0.00258730840869248 0.0023794979788363 0.0020859285723418 0.00248624850064516 0.00330880261026323 0.00349684618413448 0.00339440209791064 0.00286560482345521 0.00205429992638528 0.00119970960076898 0.000867028255015612 0.000835778133478016 0.000775358988903463 0.000752171967178583 0.000954087707214057 0.000964433769695461 0.00077028467785567 0.000844339025206864 0.000919889484066516 0.00127276161219925 0.00117313687223941 0.00103545805905014 0.000955395924393088 0.000878430844750255 0.000809816003311425 0.00068648235173896 0.00066299200989306 0.000747860176488757 0.00117898383177817 0.0021947908680886 0.00426779687404633 0.00864901207387447 0.0171196423470974 0.0187962763011456 0.0198395699262619 0.0207355078309774 0.021637536585331 0.0225812885910273 0.0224754698574543 0.0233647711575031
0.000505516363773495 0.000598476966843009 0.000720747979357839 0.000805472489446402 0.000903977721463889 0.000873468583449721 0.00105824461206794 0.00130609923508018 0.0016598500078544 0.00198117480613291 0.00327152665704489 0.00319338520057499 0.00306190503761172 0.00267444434575737 0.00317990221083164 0.0039179758168757 0.00447148084640503 0.00533803086727858 0.00434978166595101 0.00263815093785524 0.00140815775375813 0.000896572018973529 0.000905128079466522 0.000841490109451115 0.00116908422205597 0.00108090310823172 0.00104432285297662 0.00114634493365884 0.00125627405941486 0.0012563404161483 0.00126902549527586 0.00116663030348718 0.00103568041231483 0.000990749569609761 0.000801490736193955 0.000736666319426149 0.000680440803989768 0.000707408355083317 0.000833450758364052 0.00106703268829733 0.00183317670598626 0.00327376765199006 0.00612731277942657 0.0124137867242098 0.0182654391974211 0.0193896163254976 0.0194704867899418 0.0203195661306381 0.0212748404592276 0.0222349315881729 0.0231534000486135
0.000334115553414449 0.0003376534441486 0.000390525092370808 0.00054296653252095 0.00102001149207354 0.00116315006744117 0.00137388380244374 0.00154473388101906 0.00166173547040671 0.00279104732908309 0.00340504082851112 0.00360915320925415 0.00365716638043523 0.00300627807155252 0.00371348229236901 0.0047527551651001 0.00502807972952724 0.00532520469278097 0.0041636498644948 0.00274906563572586 0.00166207097936422 0.00100627460051328 0.00102612655609846 0.00136831949930638 0.00126363534945995 0.00127904734108597 0.00123997661285102 0.00129641790408641 0.00141805096063763 0.0014334482839331 0.00143108982592821 0.00126929685939103 0.00116554833948612 0.000982295488938689 0.000904203567188233 0.000763499061577022 0.000702862802427262 0.000695786497090012 0.000824262213427573 0.00114089588169008 0.00158730871044099 0.00250771688297391 0.00470426306128502 0.00808722991496325 0.0150768533349037 0.0188984777778387 0.0191068444401026 0.0199862848967314 0.0208685379475355 0.02105144970119 0.0218637492507696
0.000376687181415036 0.000368221750250086 0.000410243053920567 0.000546590017620474 0.000757933012209833 0.00120989815331995 0.00143865752033889 0.00177707464899868 0.00282364897429943 0.00339730666019022 0.00417510373517871 0.00569989671930671 0.00612571137025952 0.00511667318642139 0.00600984413176775 0.00697996653616428 0.00498554389923811 0.00486287707462907 0.00349538447335362 0.00241491571068764 0.00160058436449617 0.00115127442404628 0.00159738236106932 0.0016139866784215 0.00162468000780791 0.00164986774325371 0.00166536844335496 0.00166547996923327 0.00168327230494469 0.00162637582980096 0.00169080169871449 0.00156090036034584 0.00138119049370289 0.00116929423529655 0.00128792796749622 0.00113004224840552 0.00106959918048233 0.00106647040229291 0.000878388935234398 0.00103153160307556 0.00137758033815771 0.00217264844104648 0.00330403633415699 0.00569797214120626 0.00977285485714674 0.0167973190546036 0.0187086742371321 0.0196555405855179 0.0196953024715185 0.0206656791269779 0.0207235775887966
0.00038090514135547 0.000415367772802711 0.000494578504003584 0.000770934449974447 0.00140131264925003 0.0018486026674509 0.00205301819369197 0.00226163445040584 0.00358224287629128 0.00452107517048717 0.00638054450973868 0.00837183929979801 0.0090417992323637 0.00860258191823959 0.00992913264781237 0.0122067611664534 0.00441789580509067 0.00392244989052415 0.00335312588140368 0.00240932521410286 0.00174154271371663 0.00186391570605338 0.00188372773118317 0.0019159356597811 0.00185249594505876 0.00195140449795872 0.00197431189008057 0.00197905558161438 0.00192844879347831 0.00193214765749872 0.0020133638754487 0.00201892526820302 0.00177540059667081 0.0014313260326162 0.00138710218016058 0.00127433217130601 0.00120585272088647 0.0011986045865342 0.00118354381993413 0.00133184134028852 0.00156282586976886 0.00235679699108005 0.00358550110831857 0.00400058086961508 0.00688177905976772 0.0113787306472659 0.0176294576376677 0.0185658056288958 0.0194360911846161 0.0195656418800354 0.0204731766134501
0.000533645274117589 0.000512714439537376 0.000705820391885936 0.00121195788960904 0.00181462801992893 0.00245978985913098 0.00459140911698341 0.00321835745126009 0.00506477383896708 0.00669354805722833 0.00922876223921776 0.0106516061350703 0.0118662789463997 0.0158461164683104 0.0196744259446859 0.00869378075003624 0.00421914411708713 0.00346112344413996 0.00270410580560565 0.00221387995406985 0.00237532751634717 0.002116525080055 0.00243501621298492 0.00247497321106493 0.00249869492836297 0.00242853118106723 0.00254587223753333 0.0024687412660569 0.00247925077565014 0.00248083099722862 0.00258732377551496 0.00259099481627345 0.00259044650010765 0.00237150001339614 0.00201641512103379 0.00169364945031703 0.0014113720972091 0.00128950469661504 0.00121835083700716 0.00125254085287452 0.00134786393027753 0.00180346146225929 0.00273851514793932 0.00318336393684149 0.0052851028740406 0.00808187387883663 0.0127724399790168 0.017960574477911 0.0183696318417788 0.0184128917753696 0.0193865764886141
0.000801719317678362 0.00113976094871759 0.00156435288954526 0.00182974070776254 0.00226551038213074 0.00288299354724586 0.00540220970287919 0.00612861337140203 0.00675273966044188 0.00906764436513186 0.0109957028180361 0.0128681259229779 0.0149574810639024 0.0238141026347876 0.0254737362265587 0.00801330432295799 0.00528171844780445 0.00415429892018437 0.00384234148077667 0.00302498531527817 0.00248204544186592 0.00273940805345774 0.00278086378239095 0.00307654612697661 0.00323083042167127 0.00326743139885366 0.00316967093385756 0.0031831304077059 0.00294433371163905 0.00306567479856312 0.00307475752197206 0.00295013166032732 0.00306159863248467 0.00281061208806932 0.00206249719485641 0.00216895388439298 0.0018941517919302 0.00171257427427918 0.00148757256101817 0.00123444583732635 0.00126787624321878 0.00155376014299691 0.00227557681500912 0.00263459351845086 0.00440829806029797 0.00673929927870631 0.0094254007562995 0.0144433304667473 0.0180927664041519 0.0182735249400139 0.018457530066371
0.00122047029435635 0.00160657032392919 0.00323336222209036 0.0036572334356606 0.00477649876847863 0.0059783011674881 0.00838130712509155 0.00905619654804468 0.00950664095580578 0.0113105839118361 0.0152150085195899 0.0168837420642376 0.0255328062921762 0.0203840546309948 0.0292814336717129 0.019137604162097 0.0048575266264379 0.00579469511285424 0.00417078100144863 0.00300715258345008 0.00319407996721566 0.00325236353091896 0.00359038915485144 0.00381437968462706 0.00402637384831905 0.00407076394185424 0.00409517949447036 0.0037896188441664 0.00380246457643807 0.00348856020718813 0.00365822506137192 0.00320818135514855 0.00334067642688751 0.00279638217762113 0.00243369559757411 0.00302936253137887 0.00264466623775661 0.00227916054427624 0.00189511815551668 0.00150139431934804 0.00153622217476368 0.00165145169012249 0.00232261489145458 0.00259499507956207 0.0039945999160409 0.00559447798877954 0.00790421850979328 0.011108135804534 0.0155628956854343 0.0173327513039112 0.0175159685313702
0.00241727195680141 0.00335068767890334 0.00428845314309001 0.0054622576572001 0.00581143563613296 0.00827625393867493 0.00986782088875771 0.0147630255669355 0.0129547417163849 0.0148378573358059 0.0167309604585171 0.0219618268311024 0.0202314238995314 0.0198619402945042 0.0268046520650387 0.0150165837258101 0.00648379605263472 0.00429098401218653 0.00433431239798665 0.00404797773808241 0.00377403292804956 0.00419632159173489 0.00465167546644807 0.00493112718686461 0.00546559598296881 0.0055065113119781 0.00530772097408772 0.00490088062360883 0.00453177373856306 0.00415781419724226 0.0038185827434063 0.00349690276198089 0.00360384862869978 0.00330567779019475 0.00313082919456065 0.0040508252568543 0.00367477326653898 0.0034677148796618 0.00325540662743151 0.00294402753934264 0.00213192612864077 0.00210828729905188 0.00322193349711597 0.00455486727878451 0.00429268646985292 0.00489151477813721 0.00632970640435815 0.00891789421439171 0.0137062659487128 0.0164245702326298 0.0166458282619715
0.00306330737657845 0.0042750695720315 0.00484630139544606 0.00908510573208332 0.0116719882935286 0.0131964078173041 0.0148473074659705 0.0168079864233732 0.0172787122428417 0.0165272448211908 0.0196995940059423 0.0177727714180946 0.0178326219320297 0.0276193208992481 0.0277257282286882 0.0218385048210621 0.00992324482649565 0.0060214176774025 0.00515183946117759 0.00422071991488338 0.00466475961729884 0.00540849147364497 0.00600188784301281 0.00696859927847981 0.00770787335932255 0.00712197134271264 0.00659597339108586 0.00631015049293637 0.00534713827073574 0.0045298608019948 0.00416220957413316 0.00382262282073498 0.00394246308133006 0.00357969361357391 0.005062703974545 0.0052241999655962 0.00515212584286928 0.00528085371479392 0.00614413805305958 0.00813107378780842 0.0126842157915235 0.00819627847522497 0.00634534750133753 0.00611218856647611 0.00485080014914274 0.00531734339892864 0.00628442410379648 0.00782574154436588 0.011921800673008 0.0154998898506165 0.0158554334193468
0.00363659462891519 0.00438542570918798 0.00601106556132436 0.00749584753066301 0.0132349980995059 0.0140197025611997 0.0151782790198922 0.0168658122420311 0.0171328205615282 0.014687885530293 0.0162176657468081 0.0196656566113234 0.0320261642336845 0.0349142588675022 0.0308410562574863 0.0350251384079456 0.0117194699123502 0.00626338226720691 0.0047026639804244 0.00455785356462002 0.00551925133913755 0.00640072440728545 0.00773724913597107 0.00899773649871349 0.0108426725491881 0.0100631210952997 0.00858030281960964 0.0075356038287282 0.00636208755895495 0.00536858942359686 0.0045356024056673 0.00414454936981201 0.00588758802041411 0.00582319404929876 0.00601525278761983 0.00671837478876114 0.00721985287964344 0.00804014876484871 0.00936104729771614 0.0134806511923671 0.0163529347628355 0.0131382271647453 0.010137427598238 0.00928118266165257 0.00821578316390514 0.00597731349989772 0.00653777550905943 0.00843761302530766 0.01143145468086 0.01478018052876 0.0207180827856064
