data/climate_estimation/maxent_output/Smilax_laurifolia.asc
NCOLS 276 
NROWS 204 
XLLCORNER -97.8333333333333 
YLLCORNER 22 
CELLSIZE 0.0833333333333333 
NODATA_value -3.4e+38 
[rows 22 to 43 of 204, columns 196 to 244 of 276]
0.063156858086586 0.050108015537262 0.0499164611101151 0.0330293402075768 0.034610852599144 0.035872545093298 0.0336222611367702 0.0341238752007484 0.0290088970214128 0.0319223925471306 0.0354698523879051 0.0383779816329479 0.0379074178636074 0.0427843257784843 0.0548012144863605 0.0443574860692024 0.0339226573705673 0.0661077946424484 0.1118144094944 0.176933646202087 0.181185886263847 0.176664084196091 0.164206758141518 0.133326828479767 0.13224858045578 0.139519348740578 0.178592175245285 0.179368272423744 0.178807988762856 0.191422909498215 0.187157317996025 0.187061563134193 0.184388637542725 0.167889580130577 0.174792036414146 0.177893161773682 0.176321253180504 0.183249577879906 0.173847183585167 0.180187821388245 0.184713691473007 0.195854470133781 0.194818824529648 0.221280872821808 0.23395799100399 0.373859077692032 0.399795383214951 0.440732359886169 0.470762759447098
0.0646861493587494 0.0575687848031521 0.0368494652211666 0.0377634391188622 0.0347681231796741 0.0331676155328751 0.0356109365820885 0.0350358784198761 0.0293000899255276 0.0344689376652241 0.0378956496715546 0.0407551974058151 0.0391885526478291 0.0366466268897057 0.033940002322197 0.0384316332638264 0.0445155389606953 0.13089707493782 0.195158511400223 0.200954273343086 0.201459720730782 0.205155327916145 0.184587806463242 0.141155779361725 0.176968470215797 0.139608696103096 0.177503690123558 0.184301719069481 0.194031596183777 0.20321561396122 0.20202611386776 0.187941834330559 0.184539809823036 0.177715733647346 0.178288921713829 0.183349698781967 0.178748339414597 0.184234514832497 0.176748141646385 0.183981284499168 0.193701162934303 0.198017239570618 0.211311429738998 0.351284593343735 0.3564093708992 0.392136335372925 0.405681222677231 0.450122565031052 0.485148519277573
0.0582831017673016 0.0432117618620396 0.0476214587688446 0.0473902635276318 0.0480626299977303 0.0456145070493221 0.0440325848758221 0.0331982895731926 0.0348053760826588 0.0332804843783379 0.0267801322042942 0.0339170321822166 0.0359782800078392 0.0407210662961006 0.0444690026342869 0.046358447521925 0.074019268155098 0.137474223971367 0.207670733332634 0.227968320250511 0.217798233032227 0.213728621602058 0.200255736708641 0.197148144245148 0.170230463147163 0.166119128465652 0.183618366718292 0.197356969118118 0.210592582821846 0.19618333876133 0.198407858610153 0.195730209350586 0.187015146017075 0.185667499899864 0.184484958648682 0.184796914458275 0.195627227425575 0.189289107918739 0.19299978017807 0.184311047196388 0.198337256908417 0.200595587491989 0.339627146720886 0.365395396947861 0.382407754659653 0.39793860912323 0.417297154664993 0.457959145307541 0.493064492940903
0.0616035982966423 0.0484378822147846 0.0493162274360657 0.0500920191407204 0.0443436689674854 0.0400047339498997 0.0508042685687542 0.0395117364823818 0.0374790541827679 0.0379866622388363 0.0381537862122059 0.0352326855063438 0.0334419123828411 0.0408790595829487 0.0478958934545517 0.0894572362303734 0.169578701257706 0.176720902323723 0.215906664729118 0.219798281788826 0.229828521609306 0.224975064396858 0.211827501654625 0.202617019414902 0.185736775398254 0.18691474199295 0.206327468156815 0.20953457057476 0.217005014419556 0.214121654629707 0.205536484718323 0.202231243252754 0.199049025774002 0.193674817681313 0.189597174525261 0.191474542021751 0.192887172102928 0.19174736738205 0.196366935968399 0.194339528679848 0.206095024943352 0.324737817049026 0.351678013801575 0.375260651111603 0.386679291725159 0.4209363758564 0.436674684286118 0.468537867069244 0.498300850391388
0.0551046915352345 0.0451317504048347 0.0475570820271969 0.0459409318864346 0.0360738970339298 0.0364947915077209 0.0409541130065918 0.0395094826817513 0.0395309254527092 0.0416687019169331 0.0439322181046009 0.0417535491287708 0.0364711247384548 0.0352563224732876 0.123129069805145 0.164385914802551 0.189138829708099 0.256367355585098 0.252946019172668 0.240908816456795 0.231145560741425 0.217155903577805 0.217067614197731 0.214934825897217 0.210402995347977 0.203480914235115 0.211618885397911 0.225284948945045 0.227142885327339 0.221048057079315 0.222551137208939 0.208203971385956 0.209463641047478 0.200264394283295 0.198787033557892 0.19338458776474 0.192299962043762 0.203034281730652 0.204801216721535 0.31525918841362 0.339935034513474 0.343885570764542 0.373297244310379 0.398268491029739 0.416759133338928 0.433634370565414 0.45826330780983 0.483033061027527 0.507941544055939
0.0338855087757111 0.0300876069813967 0.0307506173849106 0.0356563255190849 0.0379357673227787 0.0438525825738907 0.0472430437803268 0.0445204935967922 0.0430524833500385 0.043537475168705 0.0498813427984715 0.0502376742660999 0.0460379905998707 0.0490140877664089 0.121529221534729 0.131428629159927 0.189445957541466 0.252549678087234 0.277271509170532 0.267073839902878 0.25125178694725 0.235575780272484 0.245210886001587 0.234407186508179 0.226978048682213 0.233304351568222 0.234364345669746 0.240411311388016 0.23620580136776 0.23271156847477 0.227468475699425 0.225026056170464 0.215495124459267 0.208359330892563 0.208561182022095 0.21151477098465 0.209113240242004 0.212315112352371 0.21538333594799 0.335693508386612 0.34695103764534 0.380441814661026 0.39552628993988 0.415959119796753 0.439827740192413 0.464082688093185 0.481650829315186 0.494094222784042 0.527649700641632
0.0272458046674728 0.0582705549895763 0.0471027418971062 0.0408159121870995 0.0463980995118618 0.0533592663705349 0.052896786481142 0.0496925674378872 0.050332847982645 0.072935476899147 0.112768247723579 0.106013260781765 0.115214295685291 0.138787448406219 0.16318541765213 0.229044258594513 0.25897353887558 0.277239441871643 0.263219922780991 0.269549787044525 0.257921308279037 0.255712956190109 0.244233772158623 0.260281354188919 0.256382644176483 0.24596805870533 0.249756515026093 0.246672704815865 0.240930497646332 0.247031360864639 0.240691512823105 0.238970026373863 0.349709540605545 0.351720362901688 0.334113270044327 0.324204206466675 0.331595331430435 0.349555194377899 0.362296760082245 0.362296760082245 0.38129597902298 0.403549820184708 0.428959995508194 0.44708439707756 0.467422157526016 0.492469370365143 0.509136855602264 0.5179842710495 0.539018154144287
0.0472375899553299 0.0535563863813877 0.0524318777024746 0.0536834672093391 0.0512445196509361 0.0573671348392963 0.0543863140046597 0.0885768234729767 0.143212258815765 0.188992872834206 0.214221507310867 0.216434627771378 0.221075236797333 0.2477086186409 0.259725540876389 0.25821715593338 0.26379805803299 0.274468034505844 0.276030242443085 0.271263599395752 0.270830899477005 0.275970995426178 0.270927995443344 0.263069778680801 0.384527027606964 0.381624102592468 0.386583685874939 0.377381652593613 0.386384278535843 0.396320849657059 0.379455715417862 0.380295515060425 0.373552173376083 0.370143443346024 0.353264898061752 0.353569865226746 0.367719441652298 0.374055773019791 0.384434551000595 0.390647530555725 0.405507504940033 0.434764087200165 0.461930572986603 0.484065026044846 0.493861079216003 0.510969161987305 0.535274028778076 0.537093460559845 0.557745099067688
0.0421234108507633 0.0513102263212204 0.0480493195354939 0.0353937447071075 0.0428405553102493 0.0535196363925934 0.0816396549344063 0.1717898696661 0.192696750164032 0.2095647752285 0.233277261257172 0.241831332445145 0.256161749362946 0.27662867307663 0.284390419721603 0.276917368173599 0.269666999578476 0.28330460190773 0.280866891145706 0.28729248046875 0.285471677780151 0.279080897569656 0.281208038330078 0.408742874860764 0.406179338693619 0.401910722255707 0.403450846672058 0.403999716043472 0.410902887582779 0.412180304527283 0.402584075927734 0.403452426195145 0.399185091257095 0.394031465053558 0.400738775730133 0.409978777170181 0.410132557153702 0.417640924453735 0.426620632410049 0.427693068981171 0.452182024717331 0.472666949033737 0.489193439483643 0.50473552942276 0.524316132068634 0.554938971996307 0.553190171718597 0.56139349937439 0.564905047416687
0.0433705486357212 0.0531876012682915 0.0557440407574177 0.0753128156065941 0.15822671353817 0.163415923714638 0.162909626960754 0.218345373868942 0.221251100301743 0.236466199159622 0.230181440711021 0.2646863758564 0.258222013711929 0.256305128335953 0.25787553191185 0.278988122940063 0.295742601156235 0.297106117010117 0.288945496082306 0.28747022151947 0.283158212900162 0.403939813375473 0.413353115320206 0.421121865510941 0.417638808488846 0.419418662786484 0.414602816104889 0.422860383987427 0.429501116275787 0.424533635377884 0.421792030334473 0.428489804267883 0.42451223731041 0.429475486278534 0.423886179924011 0.434540897607803 0.454011380672455 0.455433905124664 0.454497426748276 0.484125733375549 0.502028524875641 0.522027373313904 0.541086435317993 0.555254340171814 0.54727977514267 0.562076151371002 0.565836787223816 0.569236218929291 0.572821736335754
0.0476324670016766 0.0701831877231598 0.189963117241859 0.194267898797989 0.222962319850922 0.242051854729652 0.226686373353004 0.237697616219521 0.251737028360367 0.255803674459457 0.253985345363617 0.26174607872963 0.26298326253891 0.268379241228104 0.287881672382355 0.291240751743317 0.292706549167633 0.29137060046196 0.269919633865356 0.2779580950737 0.272952914237976 0.41496816277504 0.423605740070343 0.428218990564346 0.433330416679382 0.439826220273972 0.43579313158989 0.446238696575165 0.444284200668335 0.446357548236847 0.432609021663666 0.446706414222717 0.454628974199295 0.460519999265671 0.467722475528717 0.469018697738647 0.478049427270889 0.497836858034134 0.50442510843277 0.517383754253387 0.542448461055756 0.567390978336334 0.568656325340271 0.564699351787567 0.577168583869934 0.562001943588257 0.571362614631653 0.578056812286377 0.589976251125336
0.102267868816853 0.196412160992622 0.242881238460541 0.262005865573883 0.270671308040619 0.272439867258072 0.261630296707153 0.257020324468613 0.258624196052551 0.266653895378113 0.267140805721283 0.262687623500824 0.269611746072769 0.268001437187195 0.274091303348541 0.278564035892487 0.275477945804596 0.276965200901031 0.267183095216751 0.27669432759285 0.424142181873322 0.422726482152939 0.426231771707535 0.437573134899139 0.433322012424469 0.440022259950638 0.473412692546844 0.453102469444275 0.454791665077209 0.45293402671814 0.46600005030632 0.47011998295784 0.476243823766708 0.481299936771393 0.491305202245712 0.48570591211319 0.508764684200287 0.523407936096191 0.548572778701782 0.563615560531616 0.577243745326996 0.595102250576019 0.592680633068085 0.587004780769348 0.583154141902924 0.583243072032928 0.586975336074829 0.591580331325531 0.602617204189301
0.241827443242073 0.301964402198792 0.30917701125145 0.304425269365311 0.285827219486237 0.269947022199631 0.266397595405579 0.275491058826447 0.278024047613144 0.290582150220871 0.287278860807419 0.284337311983109 0.271717846393585 0.259174376726151 0.258989632129669 0.268406480550766 0.263792216777802 0.264454483985901 0.261825352907181 0.401049226522446 0.414194732904434 0.444623023271561 0.450549095869064 0.454368591308594 0.46267756819725 0.471730649471283 0.480198115110397 0.478842258453369 0.46110138297081 0.480854839086533 0.481429159641266 0.493111938238144 0.486767321825027 0.48760798573494 0.49687185883522 0.511147141456604 0.529819965362549 0.554148852825165 0.584285199642181 0.595742642879486 0.601926445960999 0.602361083030701 0.600427985191345 0.595420718193054 0.606526613235474 0.607195198535919 0.608910083770752 0.619887173175812 0.615890800952911
0.332319051027298 0.344350278377533 0.286441326141357 0.279368489980698 0.241328999400139 0.273187756538391 0.290662348270416 0.296603232622147 0.29857987165451 0.290358513593674 0.294358462095261 0.273912966251373 0.274041801691055 0.262297660112381 0.261461645364761 0.261795371770859 0.262984484434128 0.2648566365242 0.395434767007828 0.411017775535583 0.434719264507294 0.452899038791656 0.460311651229858 0.469865947961807 0.485036939382553 0.484839737415314 0.489838778972626 0.495627135038376 0.502446055412292 0.501675963401794 0.500264048576355 0.50437718629837 0.502967119216919 0.496370851993561 0.502799510955811 0.519605159759521 0.55247575044632 0.583806276321411 0.606249928474426 0.614262998104095 0.620960354804993 0.6186483502388 0.608598709106445 0.615376591682434 0.622780561447144 0.62669712305069 0.628850817680359 0.632251143455505 0.632240891456604
0.351622760295868 0.300617784261703 0.322908788919449 0.343263566493988 0.338482350111008 0.325150370597839 0.305706858634949 0.311421632766724 0.311305046081543 0.296708047389984 0.288373976945877 0.281385451555252 0.270454704761505 0.258963108062744 0.395147651433945 0.395508021116257 0.402550786733627 0.414714455604553 0.416545897722244 0.440994441509247 0.455606013536453 0.466589033603668 0.478300094604492 0.504547894001007 0.522102952003479 0.513507008552551 0.522848963737488 0.532123506069183 0.528937876224518 0.520566165447235 0.522705733776093 0.525327801704407 0.510398328304291 0.519592344760895 0.506719529628754 0.531811833381653 0.566016495227814 0.612718284130096 0.624868452548981 0.625306308269501 0.629841804504395 0.631834328174591 0.630169570446014 0.634048938751221 0.630801796913147 0.647622048854828 0.651809751987457 0.645219922065735 0.660640478134155
0.384951144456863 0.385536998510361 0.371891975402832 0.377755999565125 0.352153778076172 0.341315895318985 0.340052604675293 0.323301792144775 0.31310111284256 0.300624221563339 0.295180261135101 0.279788672924042 0.279545694589615 0.269707828760147 0.404164522886276 0.391299456357956 0.411113440990448 0.432498157024384 0.444266945123672 0.460060924291611 0.488514840602875 0.496629983186722 0.517570734024048 0.534089326858521 0.54242080450058 0.547730326652527 0.54611337184906 0.557853102684021 0.567172646522522 0.562460780143738 0.547106564044952 0.552365601062775 0.538347721099854 0.538137972354889 0.549801111221313 0.565040171146393 0.600848793983459 0.629271745681763 0.629198729991913 0.652109205722809 0.646871566772461 0.647603988647461 0.642656743526459 0.654507577419281 0.668151617050171 0.663332998752594 0.666697859764099 0.681930065155029 0.681801617145538
0.416314393281937 0.419871032238007 0.406440079212189 0.396753072738647 0.546613931655884 0.367261499166489 0.490953117609024 0.478934317827225 0.311506181955338 0.305654287338257 0.286215990781784 0.28672656416893 0.275361478328705 0.286192804574966 0.410319536924362 0.419057935476303 0.439376562833786 0.451008081436157 0.481176972389221 0.494243443012238 0.51542192697525 0.527336061000824 0.560270011425018 0.56191486120224 0.586261510848999 0.591566264629364 0.596551537513733 0.582495093345642 0.591658055782318 0.592985510826111 0.590215086936951 0.599715888500214 0.58439427614212 0.589188516139984 0.610386550426483 0.630867004394531 0.642054378986359 0.645050287246704 0.66036593914032 0.672477781772614 0.670080542564392 0.674448013305664 0.668576836585999 0.671161413192749 0.675499796867371 0.678147733211517 0.68479186296463 0.687079429626465 0.688777923583984
0.426348298788071 0.58321738243103 0.576454699039459 0.562330722808838 0.553243517875671 0.534023702144623 0.509765148162842 0.490366131067276 0.319463461637497 0.298236757516861 0.289725095033646 0.291067600250244 0.279942721128464 0.429597467184067 0.434803307056427 0.441691905260086 0.476912617683411 0.494163691997528 0.512747406959534 0.539803802967072 0.558414041996002 0.575078964233398 0.588076770305634 0.595795452594757 0.585928022861481 0.5937659740448 0.610541522502899 0.609774589538574 0.616689682006836 0.622903883457184 0.626767516136169 0.626791059970856 0.622107923030853 0.625131189823151 0.640969097614288 0.650869846343994 0.66332733631134 0.664788424968719 0.680623888969421 0.692747175693512 0.691544353961945 0.697818100452423 0.697680413722992 0.690227806568146 0.700321674346924 0.695938408374786 0.698429346084595 0.700402021408081 0.704195916652679
0.444443553686142 0.608934223651886 0.591574132442474 0.584797024726868 0.559544563293457 0.552074491977692 0.515051603317261 0.498396396636963 0.483232885599136 0.307777732610703 0.301707237958908 0.304919898509979 0.451253324747086 0.441695272922516 0.474527597427368 0.497317165136337 0.527674615383148 0.546534061431885 0.554051041603088 0.586379408836365 0.609343707561493 0.606624960899353 0.609421014785767 0.620295286178589 0.616584539413452 0.62194561958313 0.62677276134491 0.622739613056183 0.637114286422729 0.632645785808563 0.641187906265259 0.651335418224335 0.653448641300201 0.659601211547852 0.671083390712738 0.672113239765167 0.686239838600159 0.691527545452118 0.701578795909882 0.710752367973328 0.720553576946259 0.71595686674118 0.715008080005646 0.720318794250488 0.719430565834045 0.711672246456146 0.722548007965088 0.726712763309479 0.72739577293396
0.458958446979523 0.619886696338654 0.597354114055634 0.594514310359955 0.579886734485626 0.547861337661743 0.528797328472137 0.511818051338196 0.488916635513306 0.473502665758133 0.464821398258209 0.470251053571701 0.467646688222885 0.485427439212799 0.519603729248047 0.553583979606628 0.579527080059052 0.596616208553314 0.610032856464386 0.620898544788361 0.62045830488205 0.63149231672287 0.622918725013733 0.627487182617188 0.632817029953003 0.632263779640198 0.638211190700531 0.635766863822937 0.649021029472351 0.649367034435272 0.658048629760742 0.663793206214905 0.678179442882538 0.683827579021454 0.691494882106781 0.68985378742218 0.70371949672699 0.718848705291748 0.724882960319519 0.726382434368134 0.737785875797272 0.740026950836182 0.741153001785278 0.741746127605438 0.736033737659454 0.730176568031311 0.739031374454498 0.739301860332489 0.740967988967896
0.63882851600647 0.626767456531525 0.607675492763519 0.598671138286591 0.583850741386414 0.547565519809723 0.529426157474518 0.517093539237976 0.502729475498199 0.484927952289581 0.477745324373245 0.473006516695023 0.509569704532623 0.53678685426712 0.57198178768158 0.606785237789154 0.618330240249634 0.619529187679291 0.633159697055817 0.630350887775421 0.642372608184814 0.639900743961334 0.648156344890594 0.652984917163849 0.647329151630402 0.650439023971558 0.653093457221985 0.656417012214661 0.64897894859314 0.658460915088654 0.66936981678009 0.677068948745728 0.684165835380554 0.696572244167328 0.708018362522125 0.71465677022934 0.713141560554504 0.72851973772049 0.740605354309082 0.74257755279541 0.744850635528564 0.742440044879913 0.740218281745911 0.751098811626434 0.742193818092346 0.747779607772827 0.750117361545563 0.752148807048798 0.747894287109375
0.647999465465546 0.631760954856873 0.62511795759201 0.601626932621002 0.588979244232178 0.55382114648819 0.52690851688385 0.533944368362427 0.519563734531403 0.49069818854332 0.478823184967041 0.520698130130768 0.535014986991882 0.577853977680206 0.60710871219635 0.623828649520874 0.629097819328308 0.645577013492584 0.634008884429932 0.642203867435455 0.645002782344818 0.655401170253754 0.655766189098358 0.660724401473999 0.665152609348297 0.663884162902832 0.670480608940125 0.669001579284668 0.666224300861359 0.669700026512146 0.679519236087799 0.677290380001068 0.691974401473999 0.699131727218628 0.715870201587677 0.730796754360199 0.725803136825562 0.74068021774292 0.73739629983902 0.739652156829834 0.735096156597137 0.73613828420639 0.739181160926819 0.745039939880371 0.746934175491333 0.74391382932663 0.750344157218933 0.744933843612671 0.760288774967194
