data/climate_estimation/maxent_output/Smilax_pottingeri.asc
NCOLS 62 
NROWS 143 
XLLCORNER 103.583333333333 
YLLCORNER 11.8333333333333 
CELLSIZE 0.0833333333333334 
NODATA_value -3.4e+38 
[rows 84 to 104 of 143, columns 0 to 46 of 62]
0.552010774612427 0.558707177639008 0.561947822570801 0.572548627853394 0.583016574382782 0.572687387466431 0.588272273540497 0.607833564281464 0.6194788813591 0.631241500377655 0.620496034622192 0.621285200119019 0.61993807554245 0.611495971679688 0.607178449630737 0.605166673660278 0.601119995117188 0.606384098529816 0.619615316390991 0.626899600028992 0.643326163291931 0.667641997337341 0.681963980197906 0.683692395687103 0.685994029045105 0.700347781181335 0.714590191841125 0.679049432277679 0.684960186481476 0.716050863265991 0.680093288421631 0.673956274986267 0.692027628421783 0.712353527545929 0.715845227241516 0.758723795413971 0.764167070388794 0.749926507472992 0.70391833782196 0.633374094963074 0.613516211509705 0.612006366252899 0.631406724452972 0.652647376060486 0.678385853767395 0.699769556522369 0.712863028049469
0.559926331043243 0.555427134037018 0.558874428272247 0.561522245407104 0.563673555850983 0.574580729007721 0.579063951969147 0.612991213798523 0.630024492740631 0.614234030246735 0.600051462650299 0.608076512813568 0.608849763870239 0.596400201320648 0.590786516666412 0.586934566497803 0.583540797233582 0.584773659706116 0.589345574378967 0.605421602725983 0.624911248683929 0.650051176548004 0.667322039604187 0.668485939502716 0.675909817218781 0.690607249736786 0.695497751235962 0.68413645029068 0.682714998722076 0.696774840354919 0.687796056270599 0.704015076160431 0.71177077293396 0.689625680446625 0.668569207191467 0.67648184299469 0.689187169075012 0.692635953426361 0.657497048377991 0.635812819004059 0.626560270786285 0.599870622158051 0.618868708610535 0.634971737861633 0.663074672222137 0.689556539058685 0.709822356700897
0.560419857501984 0.560667455196381 0.559926331043243 0.559906363487244 0.559886455535889 0.564479768276215 0.575679659843445 0.598991751670837 0.600439667701721 0.598054945468903 0.600131928920746 0.603420794010162 0.600969135761261 0.584403693675995 0.575262606143951 0.572946608066559 0.570915877819061 0.572440803050995 0.572009325027466 0.586104869842529 0.612304389476776 0.637500762939453 0.652248799800873 0.658807098865509 0.672989726066589 0.67889940738678 0.68433552980423 0.670750856399536 0.671988010406494 0.678942084312439 0.690001964569092 0.742985248565674 0.699641585350037 0.681460738182068 0.683805823326111 0.682640552520752 0.684183299541473 0.687997698783875 0.702743411064148 0.665897190570831 0.626941740512848 0.675119757652283 0.611112773418427 0.623721659183502 0.640120446681976 0.676587283611298 0.702598452568054
0.566281855106354 0.562401592731476 0.563045263290405 0.564858794212341 0.559728622436523 0.559886455535889 0.568093955516815 0.583028376102448 0.598390698432922 0.603904247283936 0.597343504428864 0.59481292963028 0.595171451568604 0.589594304561615 0.577033400535583 0.563036322593689 0.569109499454498 0.56933319568634 0.569586932659149 0.584754526615143 0.612743854522705 0.625141680240631 0.64038223028183 0.657509922981262 0.666921317577362 0.672299921512604 0.678577601909637 0.669843018054962 0.700281322002411 0.717168569564819 0.669367432594299 0.681723117828369 0.691716194152832 0.655763447284698 0.667867064476013 0.678750872612 0.676669538021088 0.641438364982605 0.654827356338501 0.790839195251465 0.665774345397949 0.687325835227966 0.816989660263062 0.629089295864105 0.632016718387604 0.648695170879364 0.68767923116684
0.5693399310112 0.566514551639557 0.560987770557404 0.556585073471069 0.554150879383087 0.555298388004303 0.56449693441391 0.573787271976471 0.591118335723877 0.58690083026886 0.585443377494812 0.581577777862549 0.584101140499115 0.575334429740906 0.571716904640198 0.560895204544067 0.563515901565552 0.562552034854889 0.574687242507935 0.5847989320755 0.603928685188293 0.616242825984955 0.640788972377777 0.655255913734436 0.661998569965363 0.664476990699768 0.672029733657837 0.669096708297729 0.682736933231354 0.666499078273773 0.661375343799591 0.658546566963196 0.707257986068726 0.768760561943054 0.651763677597046 0.658189058303833 0.880274415016174 0.908845722675323 0.862591683864594 0.901018917560577 0.771636843681335 0.645273804664612 0.854531705379486 0.87593811750412 0.62723582983017 0.634937882423401 0.66320413351059
0.569924771785736 0.569255471229553 0.564315438270569 0.560523092746735 0.549271762371063 0.553190410137177 0.559627115726471 0.569814682006836 0.576268672943115 0.574910819530487 0.572217404842377 0.577492713928223 0.586157023906708 0.579918026924133 0.570058941841125 0.570545017719269 0.5630162358284 0.568712472915649 0.575830280780792 0.591572344303131 0.603552103042603 0.620798945426941 0.638082683086395 0.65087628364563 0.657759606838226 0.65897661447525 0.66621458530426 0.670874416828156 0.674111366271973 0.676974892616272 0.668215572834015 0.66739946603775 0.824976325035095 0.921390056610107 0.803082525730133 0.687445759773254 0.830208241939545 0.787665665149689 0.898851811885834 0.855395019054413 0.916675686836243 0.936288475990295 0.897615909576416 0.855048537254333 0.680539429187775 0.631014585494995 0.645466983318329
0.570877492427826 0.572998285293579 0.567192435264587 0.560808897018433 0.553357243537903 0.547372043132782 0.556118488311768 0.565358102321625 0.571561515331268 0.570861339569092 0.569149553775787 0.568733036518097 0.573931694030762 0.576447904109955 0.590888381004333 0.57685649394989 0.57489687204361 0.5709148645401 0.581052303314209 0.597687125205994 0.609356880187988 0.624987006187439 0.638202548027039 0.651202082633972 0.662598311901093 0.670974910259247 0.674037039279938 0.677233040332794 0.680966377258301 0.712435901165009 0.776418507099152 0.810590744018555 0.82168835401535 0.911902248859406 0.964042127132416 0.900736808776855 0.844619631767273 0.841830909252167 0.968850135803223 0.930956542491913 0.964579105377197 0.983892142772675 0.929095029830933 0.863063037395477 0.751235485076904 0.629051566123962 0.633898019790649
0.577224433422089 0.578657686710358 0.572565495967865 0.566939234733582 0.554932534694672 0.55013108253479 0.551244616508484 0.558175086975098 0.565655291080475 0.563100814819336 0.565957367420197 0.563427567481995 0.56864869594574 0.578572571277618 0.579638600349426 0.58002245426178 0.580680191516876 0.577933430671692 0.585665047168732 0.601199150085449 0.61269599199295 0.627088367938995 0.64469575881958 0.668097138404846 0.685231506824493 0.688776195049286 0.687263607978821 0.708294689655304 0.747974097728729 0.739116251468658 0.773585915565491 0.738344550132751 0.749867796897888 0.764196515083313 0.835552930831909 0.872359156608582 0.831093192100525 0.9451003074646 0.999253809452057 0.999438047409058 0.999408841133118 0.987820446491241 0.996190965175629 0.998558223247528 0.953607499599457 0.723843038082123 0.656657159328461
0.579195380210876 0.582370042800903 0.576134324073792 0.569011509418488 0.562835037708282 0.554134607315063 0.54791134595871 0.551691830158234 0.554955065250397 0.558544993400574 0.563397765159607 0.562378525733948 0.564862191677094 0.573046326637268 0.582807838916779 0.583346366882324 0.586894631385803 0.593567967414856 0.595016896724701 0.602752566337585 0.620937168598175 0.633862912654877 0.650353789329529 0.664285123348236 0.692249417304993 0.705640137195587 0.702326595783234 0.736539959907532 0.806016623973846 0.7853644490242 0.77935004234314 0.711105585098267 0.821937501430511 0.85560929775238 0.872084081172943 0.904949545860291 0.869556784629822 0.979219734668732 0.99839174747467 0.999833166599274 0.998764753341675 0.969262063503265 0.989985108375549 0.984278798103333 0.980431854724884 0.923517405986786 0.8845374584198
0.576790928840637 0.581287503242493 0.577721238136292 0.570057928562164 0.565947890281677 0.557969152927399 0.551201999187469 0.55164235830307 0.549602448940277 0.554896116256714 0.5595862865448 0.561972856521606 0.569739103317261 0.576551020145416 0.586005628108978 0.594323039054871 0.597461998462677 0.602338016033173 0.603232741355896 0.61532187461853 0.626457750797272 0.640792369842529 0.655866682529449 0.667895078659058 0.694210827350616 0.712328612804413 0.721546053886414 0.779001533985138 0.762809693813324 0.862960875034332 0.827793121337891 0.72193431854248 0.709539771080017 0.780932188034058 0.762796521186829 0.928016185760498 0.959168076515198 0.98496001958847 0.998318016529083 0.992460012435913 0.997721135616302 0.997921943664551 0.998935759067535 0.999230682849884 0.995031595230103 0.991852819919586 0.928793609142303
0.571904063224792 0.574517428874969 0.574125111103058 0.569021105766296 0.560140609741211 0.555567502975464 0.550248146057129 0.54649806022644 0.546493172645569 0.549518764019012 0.555452108383179 0.562931656837463 0.570369005203247 0.58019483089447 0.589206695556641 0.594852924346924 0.598224997520447 0.611894965171814 0.618221163749695 0.624425530433655 0.634369134902954 0.647965013980865 0.668502271175385 0.685487270355225 0.700673699378967 0.719303607940674 0.72809898853302 0.788018643856049 0.807398557662964 0.748736023902893 0.777030348777771 0.769164979457855 0.715548515319824 0.739057421684265 0.842093944549561 0.949193120002747 0.949287235736847 0.984740734100342 0.950310587882996 0.964426636695862 0.998822033405304 0.99773234128952 0.999497413635254 0.999798655509949 0.998746395111084 0.997761726379395 0.928851127624512
0.565937340259552 0.567532896995544 0.567210614681244 0.563952267169952 0.561123490333557 0.556987047195435 0.552750706672668 0.549820303916931 0.549368619918823 0.547645390033722 0.551255226135254 0.557869970798492 0.57036817073822 0.573712646961212 0.581636667251587 0.593198120594025 0.602173209190369 0.614973902702332 0.631440877914429 0.641550302505493 0.650833070278168 0.659371972084045 0.67816573381424 0.699739456176758 0.728765368461609 0.72027724981308 0.736601412296295 0.777675449848175 0.797920346260071 0.786642849445343 0.756123661994934 0.746143460273743 0.71349048614502 0.713190019130707 0.791024625301361 0.85614013671875 0.955519676208496 0.876420915126801 0.919897198677063 0.952174961566925 0.999896883964539 0.9993616938591 0.999945938587189 0.999902129173279 0.998783111572266 0.9875248670578 0.852832496166229
0.561078667640686 0.563120424747467 0.565530955791473 0.564352571964264 0.564931988716125 0.557765781879425 0.555620729923248 0.55306476354599 0.553961157798767 0.55264675617218 0.550557017326355 0.558353126049042 0.563160598278046 0.573926150798798 0.581566393375397 0.595399379730225 0.607760846614838 0.622387111186981 0.639462113380432 0.658533930778503 0.667299509048462 0.677626013755798 0.694881319999695 0.727035760879517 0.734378278255463 0.740843892097473 0.721812307834625 0.720454394817352 0.715280711650848 0.71603924036026 0.713848352432251 0.715336501598358 0.717133343219757 0.720952808856964 0.721563994884491 0.758250951766968 0.827568411827087 0.876489102840424 0.80507355928421 0.944997608661652 0.999506831169128 0.99997490644455 0.9999920129776 0.999963402748108 0.998153626918793 0.966267764568329 0.847802400588989
0.557163417339325 0.560732483863831 0.56488710641861 0.564030766487122 0.561963260173798 0.561201870441437 0.556448698043823 0.550197720527649 0.552651643753052 0.554290890693665 0.55264675617218 0.558920502662659 0.564347922801971 0.573388576507568 0.586080253124237 0.600317478179932 0.615263760089874 0.631590247154236 0.650520205497742 0.663571894168854 0.679396331310272 0.708440780639648 0.717939257621765 0.743623554706573 0.756275594234467 0.770537495613098 0.751621663570404 0.733816504478455 0.739323019981384 0.73977392911911 0.735618114471436 0.73117071390152 0.732571363449097 0.731413543224335 0.814311444759369 0.905217826366425 0.743693768978119 0.852781116962433 0.809168040752411 0.928808093070984 0.997332334518433 0.999952852725983 0.999952554702759 0.999869525432587 0.999427914619446 0.932388365268707 0.821017682552338
0.556699633598328 0.559921681880951 0.561962306499481 0.561572134494781 0.561665892601013 0.558440983295441 0.554935336112976 0.557632267475128 0.555689573287964 0.554103255271912 0.557780086994171 0.557281732559204 0.566640138626099 0.576908469200134 0.58924663066864 0.602221846580505 0.620369136333466 0.637353420257568 0.659444868564606 0.674378991127014 0.68866503238678 0.707832396030426 0.723777830600739 0.733831942081451 0.753158748149872 0.769780576229095 0.746816039085388 0.755990028381348 0.765364706516266 0.763428151607513 0.76414155960083 0.75953733921051 0.760319948196411 0.80979984998703 0.857843220233917 0.833628058433533 0.819914042949677 0.784868061542511 0.792640686035156 0.945245265960693 0.982038021087646 0.999663591384888 0.999794363975525 0.999809145927429 0.99916398525238 0.995286643505096 0.967846214771271
0.556304454803467 0.559778332710266 0.561428666114807 0.560133874416351 0.562377691268921 0.561522364616394 0.558509767055511 0.558036267757416 0.561008810997009 0.559359014034271 0.558717012405396 0.560741901397705 0.569019258022308 0.578426480293274 0.593436360359192 0.607543349266052 0.630633234977722 0.649815797805786 0.674907863140106 0.695772886276245 0.704266607761383 0.712459981441498 0.730086743831635 0.762170493602753 0.775950133800507 0.807085275650024 0.776250302791595 0.782008230686188 0.777667045593262 0.783546686172485 0.800979435443878 0.821485817432404 0.953352272510529 0.938166677951813 0.871598958969116 0.827339887619019 0.828579962253571 0.76643043756485 0.786217212677002 0.939895331859589 0.996467590332031 0.999609351158142 0.999882102012634 0.999866604804993 0.999184668064117 0.996657848358154 0.985203981399536
0.557453572750092 0.559220254421234 0.564975023269653 0.566094517707825 0.562327742576599 0.562946140766144 0.562090635299683 0.565594375133514 0.5639408826828 0.565636456012726 0.563151895999908 0.563889265060425 0.572113752365112 0.582070827484131 0.595605492591858 0.616030812263489 0.640370309352875 0.661674916744232 0.691217720508575 0.713984847068787 0.726307809352875 0.732454776763916 0.734610557556152 0.775037288665771 0.805238664150238 0.846238493919373 0.820559144020081 0.796056568622589 0.782024145126343 0.832550346851349 0.928656697273254 0.961684823036194 0.987236857414246 0.998314380645752 0.985641062259674 0.883624076843262 0.802576839923859 0.776962220668793 0.793002903461456 0.921639561653137 0.987629771232605 0.99769800901413 0.99956077337265 0.999564945697784 0.999442458152771 0.982057213783264 0.99202698469162
0.556457102298737 0.561255097389221 0.565232455730438 0.568815290927887 0.567521274089813 0.568116068840027 0.568150579929352 0.570316255092621 0.571294248104095 0.568718791007996 0.5718754529953 0.567861139774323 0.574821650981903 0.585652232170105 0.595895290374756 0.617585957050323 0.646443009376526 0.680300712585449 0.709528088569641 0.730904459953308 0.742682337760925 0.751869261264801 0.754513621330261 0.781068742275238 0.787384510040283 0.786636412143707 0.794003665447235 0.791475117206573 0.780316472053528 0.959987878799438 0.998307347297668 0.999909520149231 0.999914407730103 0.999978959560394 0.999975085258484 0.999004304409027 0.94254070520401 0.769385874271393 0.790063679218292 0.835607647895813 0.928354322910309 0.997619986534119 0.999625623226166 0.997365415096283 0.996639132499695 0.988285779953003 0.937892735004425
0.560256838798523 0.563390791416168 0.563712477684021 0.568755805492401 0.568031489849091 0.572962403297424 0.57770186662674 0.576721489429474 0.57748818397522 0.573489606380463 0.576542556285858 0.579300284385681 0.579912543296814 0.591447234153748 0.608594119548798 0.626570582389832 0.661839663982391 0.702185332775116 0.734828412532806 0.758871972560883 0.766125917434692 0.772602319717407 0.77361923456192 0.772689521312714 0.770078778266907 0.77068829536438 0.772168934345245 0.785939693450928 0.794771313667297 0.95499050617218 0.996889114379883 0.999994337558746 0.999997437000275 0.999983549118042 0.999537408351898 0.99901020526886 0.999330520629883 0.941317796707153 0.799806892871857 0.902260899543762 0.976787388324738 0.999149978160858 0.997170746326447 0.994785308837891 0.943686068058014 0.968918561935425 0.953939616680145
0.560977578163147 0.56615823507309 0.568586707115173 0.572378575801849 0.575696229934692 0.578657388687134 0.583347201347351 0.581567287445068 0.580789923667908 0.582429885864258 0.586965024471283 0.585562288761139 0.58794891834259 0.603952646255493 0.624850749969482 0.650274276733398 0.682691872119904 0.723359823226929 0.762175738811493 0.779022991657257 0.781122088432312 0.784866988658905 0.789912402629852 0.784921228885651 0.784943222999573 0.78353887796402 0.776250660419464 0.803817749023438 0.799386322498322 0.933654308319092 0.997436106204987 0.999996066093445 0.999997019767761 0.99994021654129 0.998082280158997 0.989811718463898 0.97735857963562 0.967296659946442 0.93152129650116 0.83507889509201 0.937931716442108 0.993517398834229 0.982003390789032 0.934065997600555 0.899092137813568 0.95509147644043 0.993976533412933
0.565845608711243 0.567619442939758 0.570218682289124 0.576337993144989 0.579075455665588 0.582678377628326 0.584045231342316 0.585437834262848 0.586635708808899 0.591047465801239 0.593387722969055 0.595945358276367 0.600974798202515 0.619063317775726 0.640768885612488 0.668449401855469 0.698845088481903 0.731840372085571 0.765553712844849 0.786491632461548 0.790700376033783 0.79288923740387 0.80276358127594 0.821625828742981 0.808214545249939 0.800481617450714 0.825846493244171 0.81686532497406 0.810351848602295 0.859598755836487 0.916850626468658 0.999074339866638 0.99941623210907 0.998955011367798 0.994098424911499 0.98417341709137 0.990411698818207 0.998229801654816 0.995178580284119 0.820323884487152 0.898967921733856 0.953542172908783 0.920398056507111 0.822631299495697 0.902411878108978 0.981808602809906 0.997337937355042
