data/climate_estimation/maxent_output/Smilax_myrtillus.asc
NCOLS 225 
NROWS 135 
XLLCORNER 94.9166666666667 
YLLCORNER 18.3333333333333 
CELLSIZE 0.0833333333333333 
NODATA_value -3.4e+38 
[rows 76 to 94 of 135, columns 0 to 43 of 225]
0.00979721080511808 0.00638154009357095 0.00397155666723847 0.00303940707817674 0.00255368114449084 0.00240118475630879 0.00255922973155975 0.00255625578574836 0.0030265252571553 0.00446948735043406 0.00343918846920133 0.00322124711237848 0.00288288784213364 0.00244648917578161 0.00624589715152979 0.0167687591165304 0.00687599135562778 0.006750020198524 0.00590674998238683 0.00826543755829334 0.0169358495622873 0.0581944510340691 0.0804701671004295 0.193843990564346 0.136153474450111 0.244813859462738 0.335623472929001 0.3896104991436 0.262432277202606 0.170743301510811 0.171999305486679 0.18580088019371 0.17314986884594 0.162011697888374 0.213634967803955 0.216407001018524 0.226360291242599 0.372441053390503 0.454718679189682 0.524825215339661 0.393491744995117 0.157034978270531 0.142411842942238 0.203200146555901
0.00849212426692247 0.00401708018034697 0.00297355675138533 0.00213763630017638 0.00178797729313374 0.00157003430649638 0.00173330958932638 0.00182008778210729 0.0020063363481313 0.00228039687499404 0.00278856535442173 0.00260235089808702 0.00211635092273355 0.00210656505078077 0.0043665524572134 0.0072629083879292 0.00606954237446189 0.00508903106674552 0.00543660996481776 0.00537503743544221 0.00640939036384225 0.00938674248754978 0.0346669927239418 0.0540305785834789 0.0935808792710304 0.20595908164978 0.348948836326599 0.260700434446335 0.266038000583649 0.133567690849304 0.153324887156487 0.137048408389091 0.15762123465538 0.221266373991966 0.25013542175293 0.225830852985382 0.293819725513458 0.396461933851242 0.345657676458359 0.247558981180191 0.16947528719902 0.151780068874359 0.172083765268326 0.14918540418148
0.00453197956085205 0.00308703118935227 0.00235858326777816 0.00165144307538867 0.00125770561862737 0.00110489933285862 0.00113612157292664 0.00116146460641176 0.00132601161021739 0.00163448229432106 0.00176821916829795 0.00157927244435996 0.00157350057270378 0.00215377775020897 0.0180539526045322 0.0703064575791359 0.0490606613457203 0.033517487347126 0.121500112116337 0.0566473938524723 0.0436308793723583 0.036474671214819 0.027339244261384 0.0607247464358807 0.0960909649729729 0.273314952850342 0.367673546075821 0.401452273130417 0.279795199632645 0.150557234883308 0.125250712037086 0.162364259362221 0.16483473777771 0.239828914403915 0.223189741373062 0.209768012166023 0.204343155026436 0.210923254489899 0.217482209205627 0.36104679107666 0.316577404737473 0.311053395271301 0.27800053358078 0.174399167299271
0.00303943059407175 0.00234510540030897 0.00178356270771474 0.0012622345238924 0.00096131069585681 0.00079172442201525 0.000648349523544312 0.000662862847093493 0.000911456299945712 0.00119700143113732 0.00136062724050134 0.00130307278595865 0.00144854991231114 0.00239615421742201 0.0178138688206673 0.0776202380657196 0.05278579890728 0.0927706360816956 0.252417296171188 0.202489659190178 0.22899042069912 0.126051679253578 0.129489570856094 0.161837264895439 0.207149192690849 0.247558176517487 0.35081759095192 0.275813013315201 0.283858150243759 0.16343292593956 0.111850753426552 0.125649556517601 0.178593039512634 0.194453448057175 0.227960526943207 0.240142092108727 0.234491392970085 0.273847192525864 0.284395128488541 0.327718645334244 0.247833326458931 0.243296205997467 0.127371728420258 0.126191094517708
0.00217433366924524 0.00188004539813846 0.00130463298410177 0.00103630661033094 0.000781339651439339 0.00057088048197329 0.00040244942647405 0.000471895298687741 0.000543222355190665 0.000781948852818459 0.000999446725472808 0.0010215969523415 0.00107481505256146 0.0033255775924772 0.0194298382848501 0.0433726087212563 0.0691823363304138 0.0833510905504227 0.110511600971222 0.102003805339336 0.0868316292762756 0.0925501808524132 0.128347367048264 0.217737004160881 0.221341624855995 0.164081126451492 0.261820614337921 0.222271770238876 0.17673397064209 0.163388058543205 0.077642135322094 0.132563650608063 0.152108028531075 0.193249180912971 0.242672652006149 0.195209428668022 0.202153161168098 0.154983565211296 0.138388201594353 0.206468805670738 0.207175225019455 0.183693125844002 0.23280356824398 0.17292557656765
0.00338353263214231 0.00135798286646605 0.00105069077108055 0.000754970358684659 0.000653831870295107 0.000517238804604858 0.000459945615148172 0.000428087252657861 0.000505620788317174 0.000622214749455452 0.000818912114482373 0.000803005241323262 0.000936350377742201 0.00311522255651653 0.0200175847858191 0.0114649180322886 0.0219315271824598 0.0423026718199253 0.0546315349638462 0.0737274810671806 0.0624112784862518 0.0920610129833221 0.141811519861221 0.115976564586163 0.0998013839125633 0.110985048115253 0.285541713237762 0.243068337440491 0.121749632060528 0.10261408239603 0.0756889581680298 0.081187903881073 0.136759325861931 0.141658291220665 0.120845712721348 0.0921376124024391 0.107115142047405 0.168074890971184 0.171512544155121 0.197999998927116 0.169149428606033 0.301647394895554 0.30330628156662 0.126190185546875
0.00108232581987977 0.00106824864633381 0.000920915044844151 0.000650364905595779 0.000528684293385595 0.000480040267575532 0.000451311469078064 0.000433936598710716 0.000411627639550716 0.00049185729585588 0.000571512267924845 0.000588151509873569 0.000954613322392106 0.00190798961557448 0.0079916100949049 0.00407148990780115 0.0270070675760508 0.0560732111334801 0.0777661502361298 0.0908771753311157 0.0802138894796371 0.104473508894444 0.137712150812149 0.0756737142801285 0.0806033611297607 0.143907383084297 0.18976902961731 0.171553179621696 0.0919206589460373 0.0611897334456444 0.0564373135566711 0.0544247217476368 0.0928672552108765 0.13432015478611 0.0837944373488426 0.0833262056112289 0.128010526299477 0.246456474065781 0.21333110332489 0.139574229717255 0.161509543657303 0.229942888021469 0.188360497355461 0.0823392644524574
0.00194461247883737 0.000831886078231037 0.00074019463500008 0.00056986347772181 0.000451355648692697 0.000407693791203201 0.000381366291549057 0.000347037974279374 0.000340167462127283 0.000400286226067692 0.000446691439719871 0.000548250740393996 0.000496837368700653 0.000674658862408251 0.00269054155796766 0.00502608576789498 0.0042756199836731 0.0441622994840145 0.0669476315379143 0.0981162339448929 0.0977670550346375 0.115630157291889 0.151270270347595 0.151354044675827 0.148037374019623 0.0689906403422356 0.124270111322403 0.105216436088085 0.0413362458348274 0.0529381446540356 0.0619885697960854 0.0645559579133987 0.0642422214150429 0.0758170112967491 0.0872942507266998 0.109442636370659 0.15207214653492 0.329284399747849 0.311683297157288 0.145055815577507 0.158556073904037 0.158369332551956 0.148012489080429 0.0903085917234421
0.00152955017983913 0.00141756189987063 0.000587635673582554 0.000526906398590654 0.000434910500189289 0.000449789426056668 0.000388167274650186 0.000364152976544574 0.000256064638961107 0.000256774510489777 0.000295628036838025 0.000397812982555479 0.000371764093870297 0.000510746787767857 0.00131265341769904 0.0035702760796994 0.00232366635464132 0.031022259965539 0.0658143684267998 0.0914555490016937 0.0767483785748482 0.0686749368906021 0.101916573941708 0.0886785611510277 0.0763968005776405 0.0734994783997536 0.0654962584376335 0.0358481034636497 0.0468526780605316 0.0555344447493553 0.0761545151472092 0.0813905149698257 0.0839085504412651 0.0833529457449913 0.0976923853158951 0.116221629083157 0.136605635285378 0.17732398211956 0.1477140635252 0.126099810004234 0.133918836712837 0.130911365151405 0.134116157889366 0.150910392403603
0.00130793522112072 0.000472371815703809 0.000461799645563588 0.000506834767293185 0.000582966953516006 0.000425115751568228 0.000348124856827781 0.000274480349617079 0.000249292963417247 0.000157711881911382 0.000195188928046264 0.00025596801424399 0.000291106436634436 0.000306626607198268 0.000925783766433597 0.00832889508455992 0.00139106705319136 0.00766383204609156 0.0792345404624939 0.0887093171477318 0.0897068753838539 0.0535320341587067 0.064737930893898 0.0779922679066658 0.0829776301980019 0.102404162287712 0.0856341868638992 0.0393174476921558 0.0385594703257084 0.0559914261102676 0.073767215013504 0.0882038325071335 0.0928464084863663 0.113190196454525 0.107164941728115 0.117286689579487 0.0942103192210197 0.105377174913883 0.167260929942131 0.159966334700584 0.128945350646973 0.117625869810581 0.128620207309723 0.141061395406723
0.000461596966488287 0.000485500291688368 0.000466264551505446 0.00058636924950406 0.000675644434522837 0.000499896937981248 0.000442431046394631 0.000294495897833258 0.000177823952981271 0.000140405842103064 0.000155294022988528 0.000186168486834504 0.000192047140444629 0.000229263037908822 0.000317690573865548 0.00210726703517139 0.00112452916800976 0.00602845475077629 0.0762553587555885 0.081283763051033 0.067680649459362 0.0540036670863628 0.0482979044318199 0.0762064158916473 0.0969818606972694 0.100629910826683 0.0661187246441841 0.061408419162035 0.0361474007368088 0.0421062894165516 0.0613853298127651 0.0862976685166359 0.0845294520258904 0.0933688804507256 0.0963762104511261 0.0872962474822998 0.0839470103383064 0.092291034758091 0.124258741736412 0.137015819549561 0.207267507910728 0.118949554860592 0.172211199998856 0.163306906819344
0.000429198116762564 0.000406809878768399 0.000513159029651433 0.000576107762753963 0.000798584311269224 0.000682236393913627 0.0004296725965105 0.000290113850496709 0.00016288690676447 0.000111496410681866 0.000128573214169592 0.000131665365188383 0.000143528421176597 0.00014564701996278 0.000197796412976459 0.000266219140030444 0.000376720301574096 0.00382452900521457 0.0797016173601151 0.0606304928660393 0.052454624325037 0.0552195161581039 0.0799200907349586 0.069956086575985 0.0582044348120689 0.0721265524625778 0.0504254102706909 0.0831409469246864 0.0577919706702232 0.0432437025010586 0.0690799057483673 0.0805165469646454 0.0832239761948586 0.114595450460911 0.0927866399288177 0.0853133499622345 0.0845027565956116 0.0992499887943268 0.110988542437553 0.118397086858749 0.176494121551514 0.105847716331482 0.143071532249451 0.0757457092404366
0.000438162562204525 0.000536227249540389 0.000626709428615868 0.000687261344864964 0.000723361037671566 0.000684300845023245 0.000456445763120428 0.00027942648739554 0.000215183375985362 0.00013378678704612 0.000104899627331179 0.000114032380224671 0.000124977086670697 0.000129692285554484 0.000134870962938294 0.000218225701246411 0.000414796202676371 0.00571820512413979 0.123552106320858 0.0731850489974022 0.0456670187413692 0.0400456786155701 0.132735893130302 0.138239860534668 0.0573446787893772 0.0527759790420532 0.0364878624677658 0.0363412573933601 0.0508823581039906 0.0614974685013294 0.0673299729824066 0.0639943704009056 0.0928994491696358 0.146177038550377 0.100061446428299 0.0902930349111557 0.0774712339043617 0.0950273498892784 0.0881445407867432 0.0899393856525421 0.0780578851699829 0.0832942128181458 0.135792851448059 0.126484766602516
0.00037241616519168 0.000595527468249202 0.000892020063474774 0.000870203482918441 0.00095559423789382 0.000688743602950126 0.000484322925331071 0.000294905039481819 0.000223710303544067 0.000142435907036997 0.00011912716581719 0.000104269667644985 0.000125614737044089 0.000122816709335893 0.000137038907269016 0.000222068934817798 0.00181473838165402 0.027485404163599 0.131706207990646 0.105474263429642 0.0486158542335033 0.0133377593010664 0.08395666629076 0.13845719397068 0.0564225353300571 0.0544173866510391 0.0377319268882275 0.0377311371266842 0.0449770912528038 0.0586256422102451 0.0502897910773754 0.0558177456259727 0.103895291686058 0.120143868029118 0.0910952910780907 0.0887037888169289 0.0677337870001793 0.0693252384662628 0.0706998258829117 0.0760354623198509 0.0726144462823868 0.0785064771771431 0.136972546577454 0.157183974981308
0.000672704831231385 0.00414312910288572 0.0129487048834562 0.0133352223783731 0.00172032427508384 0.000854552316013724 0.000405788305215538 0.000273839221335948 0.00021152179397177 0.000164350611157715 0.000171780222444795 0.000111943016236182 0.000152742344653234 0.000121397271868773 0.000129165171529166 0.000387570966267958 0.00937334354966879 0.044378325343132 0.108494341373444 0.103043779730797 0.0799076110124588 0.00903567392379045 0.0550426431000233 0.108916819095612 0.0411469787359238 0.0383499339222908 0.0416358672082424 0.038134478032589 0.0372204408049583 0.038539744913578 0.0401741042733192 0.0824307426810265 0.127152234315872 0.0929485857486725 0.0865484848618507 0.0678936913609505 0.0686029195785522 0.0656738504767418 0.0608034804463387 0.0596932843327522 0.0616995245218277 0.0728444755077362 0.11281181871891 0.105370171368122
0.0011695766588673 0.00845070276409388 0.0126382997259498 0.0109701473265886 0.00258219381794333 0.000687803374603391 0.000312413758365437 0.00024685901007615 0.000167932361364365 0.000148159597301856 0.000141908647492528 0.000110006127215456 0.000135619004140608 0.000116324881673791 0.000137831622851081 0.000513748498633504 0.0094218673184514 0.0311185251921415 0.0989845097064972 0.0921090021729469 0.0817318707704544 0.0242538470774889 0.0274535585194826 0.0562868900597095 0.0343792289495468 0.0462584272027016 0.0351688340306282 0.0394826717674732 0.0488679632544518 0.0406165942549706 0.0455823615193367 0.0923292562365532 0.113544568419456 0.105490304529667 0.0848178789019585 0.0763002410531044 0.0710741505026817 0.0578527264297009 0.0515928715467453 0.0475555323064327 0.0451807416975498 0.057695709168911 0.0606821142137051 0.0752339437603951
0.00080476759467274 0.00715721165761352 0.00748863350600004 0.00782044976949692 0.00114851305261254 0.000448503968073055 0.000242185502429493 0.000174378379597329 0.000161396092153154 0.000156489710207097 0.000117232688353397 0.00010692082287278 0.000107063176983502 0.00011681213072734 0.000137858587549999 0.000174127562786452 0.00238061975687742 0.0441675148904324 0.0153234349563718 0.0388647504150867 0.0143751446157694 0.00978133641183376 0.0282670576125383 0.110276371240616 0.0448431707918644 0.0389060042798519 0.0306763239204884 0.0374936796724796 0.0487376488745213 0.0554458126425743 0.0822457671165466 0.0962642729282379 0.097074069082737 0.0920889526605606 0.0758391097187996 0.0772911980748177 0.0785498693585396 0.0679216608405113 0.0645771026611328 0.0538126975297928 0.0552259013056755 0.0565113499760628 0.0819826647639275 0.0446720235049725
0.000346233253367245 0.000882996595464647 0.000912379124201834 0.000559763924684376 0.000294597906759009 0.000171469670021906 0.000171873136423528 0.000172772488440387 0.000140898235258646 0.000140203163027763 0.000139425319503061 0.000121140496048611 0.000103311373095494 0.000121676639537327 0.000139737298013642 0.000183614261914045 0.00121816562023014 0.0244183875620365 0.00509058125317097 0.00522749032825232 0.0272471457719803 0.0597909800708294 0.0363335013389587 0.072646751999855 0.0483008101582527 0.0312897972762585 0.0304604601114988 0.0407826006412506 0.0428506433963776 0.0630499869585037 0.147003829479218 0.0977460816502571 0.0807610377669334 0.0968129336833954 0.0897474512457848 0.0914484038949013 0.0813392400741577 0.0712533816695213 0.0746751427650452 0.0647135302424431 0.053367730230093 0.0708267167210579 0.0780406519770622 0.0296804122626781
0.000160360097652301 0.000199197296751663 0.000157520698849112 0.000106121515273117 0.00010703326552175 0.000104713515611365 0.000118900374218356 0.000127919789520092 0.000153552740812302 0.000153049375512637 0.000144600024214014 0.000124559082905762 0.000110916007542983 0.000110302185930777 0.000136983668198809 0.000209121775696985 0.000762877112720162 0.00193664827384055 0.00150331144686788 0.00325725157745183 0.0231859032064676 0.0645132884383202 0.0655432716012001 0.0443133823573589 0.0427012778818607 0.0299639068543911 0.0280193611979485 0.0353278890252113 0.0368476696312428 0.119769118726254 0.0978770777583122 0.0773625820875168 0.0739660561084747 0.0758777484297752 0.0827227905392647 0.0977674424648285 0.0798160508275032 0.0650757327675819 0.0560400560498238 0.0498198084533215 0.042789701372385 0.0490235276520252 0.060009241104126 0.0356560125946999
