data/climate_estimation/maxent_output/Smilax_schomburgkiana.asc
NCOLS 560 
NROWS 384 
XLLCORNER -80.5 
YLLCORNER -21.1666666666667 
CELLSIZE 0.0833333333333333 
NODATA_value -3.4e+38 
[rows 180 to 199 of 384, columns 264 to 307 of 560]
0.772874534130096 0.763599514961243 0.789511740207672 0.784163177013397 0.770380675792694 0.847152829170227 0.834632992744446 0.831632494926453 0.825391888618469 0.823492467403412 0.821600496768951 0.845511198043823 0.862629115581512 0.872874915599823 0.874184668064117 0.879668831825256 0.872828483581543 0.877734780311584 0.867723047733307 0.878958344459534 0.877054631710052 0.870010793209076 0.858479976654053 0.830998718738556 0.828021287918091 0.821646213531494 0.818027198314667 0.80749773979187 0.783395111560822 0.755356669425964 0.755284786224365 0.752336263656616 0.754043161869049 0.732311844825745 0.739197731018066 0.758675932884216 0.775167942047119 0.770763874053955 0.793891966342926 0.802248239517212 0.825661242008209 0.791735172271729 0.817583322525024 0.804107904434204
0.707771182060242 0.745405972003937 0.750985503196716 0.810938715934753 0.785874009132385 0.826036095619202 0.828303217887878 0.829402923583984 0.851412117481232 0.785297155380249 0.823941051959991 0.843189597129822 0.859315037727356 0.852421700954437 0.846108794212341 0.868844091892242 0.865950703620911 0.853812754154205 0.854145169258118 0.835839509963989 0.837687313556671 0.838882505893707 0.830445945262909 0.812401354312897 0.796572804450989 0.777565717697144 0.797024726867676 0.7618128657341 0.76865029335022 0.763493359088898 0.770804524421692 0.757171988487244 0.736103117465973 0.730238497257233 0.731882989406586 0.758209407329559 0.780569195747375 0.784476757049561 0.813094437122345 0.821321666240692 0.820996284484863 0.799060642719269 0.794679403305054 0.814562678337097
0.695952415466309 0.704975843429565 0.765988409519196 0.702649235725403 0.794690668582916 0.836495280265808 0.781236350536346 0.800492823123932 0.836831867694855 0.8199103474617 0.82576847076416 0.813611567020416 0.781645238399506 0.784421503543854 0.831901371479034 0.844636082649231 0.840689063072205 0.829241752624512 0.829861521720886 0.826289176940918 0.807525098323822 0.81686532497406 0.815609455108643 0.78484171628952 0.784870743751526 0.769956290721893 0.758453786373138 0.747682213783264 0.761227309703827 0.756417691707611 0.732022166252136 0.724285304546356 0.729674756526947 0.769001364707947 0.772391617298126 0.756955862045288 0.796399533748627 0.807912290096283 0.807067930698395 0.802577078342438 0.819700479507446 0.813057065010071 0.802231967449188 0.79833322763443
0.674444794654846 0.682960212230682 0.783229291439056 0.789404690265656 0.80521559715271 0.858736395835876 0.817954003810883 0.786669731140137 0.806718349456787 0.740531265735626 0.806491851806641 0.814382255077362 0.767921626567841 0.801635324954987 0.83065265417099 0.819450795650482 0.819413185119629 0.817730307579041 0.812288403511047 0.823124349117279 0.817483246326447 0.790657758712769 0.783065140247345 0.773503959178925 0.763139188289642 0.750816404819489 0.741749942302704 0.745702743530273 0.760200202465057 0.744986057281494 0.7178093791008 0.722237706184387 0.719217419624329 0.78697943687439 0.792007088661194 0.793256759643555 0.81264340877533 0.81865531206131 0.802604496479034 0.784863531589508 0.800692677497864 0.818119049072266 0.810299396514893 0.78497987985611
0.727288484573364 0.806730449199677 0.745442152023315 0.848065376281738 0.811060667037964 0.789245665073395 0.735222160816193 0.783068001270294 0.758768439292908 0.738374531269073 0.716389119625092 0.734222054481506 0.727955341339111 0.771441698074341 0.814441084861755 0.809698820114136 0.804169833660126 0.808821618556976 0.762195646762848 0.803127884864807 0.785124182701111 0.769279420375824 0.781191945075989 0.782469272613525 0.767451524734497 0.727212905883789 0.737116038799286 0.737379312515259 0.758899688720703 0.760457575321198 0.732294142246246 0.734487295150757 0.766377151012421 0.786661744117737 0.782235324382782 0.792867183685303 0.809412717819214 0.803678274154663 0.786113440990448 0.778757631778717 0.79939991235733 0.820366561412811 0.825038313865662 0.775777161121368
0.75706559419632 0.819788157939911 0.821884572505951 0.78788822889328 0.707118630409241 0.750123739242554 0.751507341861725 0.743058621883392 0.725061774253845 0.780459821224213 0.742594420909882 0.73943692445755 0.74936318397522 0.795286178588867 0.783033430576324 0.793021380901337 0.768136322498322 0.778858363628387 0.799731373786926 0.787814199924469 0.769969642162323 0.752025663852692 0.760696232318878 0.7473184466362 0.725565850734711 0.704145967960358 0.700953185558319 0.727115750312805 0.747372210025787 0.74125736951828 0.742135524749756 0.736928999423981 0.744852125644684 0.746211349964142 0.784718215465546 0.794534027576447 0.790728807449341 0.788043141365051 0.776936233043671 0.769983768463135 0.767146110534668 0.780794024467468 0.770653069019318 0.750896453857422
0.708911597728729 0.807496905326843 0.696750044822693 0.759739935398102 0.691225171089172 0.706268608570099 0.643177270889282 0.707280933856964 0.746394634246826 0.783162117004395 0.779575347900391 0.776368498802185 0.76551353931427 0.764243900775909 0.705762624740601 0.656498432159424 0.713087499141693 0.772150158882141 0.752803683280945 0.72772204875946 0.731149196624756 0.724113047122955 0.713526010513306 0.713764667510986 0.69859778881073 0.701645076274872 0.697545647621155 0.729314684867859 0.775197446346283 0.761169731616974 0.738046526908875 0.736610174179077 0.745143532752991 0.775035798549652 0.79107391834259 0.792435884475708 0.789485931396484 0.778372466564178 0.789648592472076 0.77235358953476 0.789081871509552 0.772373259067535 0.742522537708282 0.723212063312531
0.715842604637146 0.756090521812439 0.757209300994873 0.694859743118286 0.599479258060455 0.697222054004669 0.568465650081635 0.730953752994537 0.745195925235748 0.731037616729736 0.761291444301605 0.771537661552429 0.708781957626343 0.713433921337128 0.677983522415161 0.686794579029083 0.745289027690887 0.740595936775208 0.737719357013702 0.729416131973267 0.723681807518005 0.70949375629425 0.723720252513885 0.726554751396179 0.704729616641998 0.711447477340698 0.714380264282227 0.728740572929382 0.758278846740723 0.792122662067413 0.777922213077545 0.767959654331207 0.765224277973175 0.788625955581665 0.806347072124481 0.815110862255096 0.783600032329559 0.791185557842255 0.79509037733078 0.769164621829987 0.755263566970825 0.742096900939941 0.731532335281372 0.694252848625183
0.750609278678894 0.721005499362946 0.685473442077637 0.611041843891144 0.557854950428009 0.611774027347565 0.697601139545441 0.687027394771576 0.729580819606781 0.668933987617493 0.706922590732574 0.695511639118195 0.714228212833405 0.696667432785034 0.665629267692566 0.720324873924255 0.718732118606567 0.713487803936005 0.702700138092041 0.718546032905579 0.730871915817261 0.723811507225037 0.721654176712036 0.722713053226471 0.71788215637207 0.722159922122955 0.740779459476471 0.742264926433563 0.77167022228241 0.775563776493073 0.774408936500549 0.780323505401611 0.76767909526825 0.780375123023987 0.795592188835144 0.778858840465546 0.790436387062073 0.768867969512939 0.763245344161987 0.756496667861938 0.72416764497757 0.700464010238647 0.673027098178864 0.647238671779633
0.595381915569305 0.631055414676666 0.623353898525238 0.641714751720428 0.654487431049347 0.696484446525574 0.665779948234558 0.691548883914948 0.686884045600891 0.686980009078979 0.704480469226837 0.72908616065979 0.642835915088654 0.641974687576294 0.661901235580444 0.713433980941772 0.706504166126251 0.686095714569092 0.689091980457306 0.698581635951996 0.710558235645294 0.714264273643494 0.718037068843842 0.710944890975952 0.704795777797699 0.707167863845825 0.753568768501282 0.765903949737549 0.744632542133331 0.750716388225555 0.765234708786011 0.788035333156586 0.775434136390686 0.759657621383667 0.773776233196259 0.777891457080841 0.757898211479187 0.753756523132324 0.76103287935257 0.73129677772522 0.69949734210968 0.677890121936798 0.671921789646149 0.644648730754852
0.532722651958466 0.645733416080475 0.596441864967346 0.663442313671112 0.584318339824677 0.638968288898468 0.629572331905365 0.656500935554504 0.662482857704163 0.672962844371796 0.662651181221008 0.587965428829193 0.535994410514832 0.567694783210754 0.626989483833313 0.696522772312164 0.684764564037323 0.676149606704712 0.646412312984467 0.634732306003571 0.641510367393494 0.661449193954468 0.71002072095871 0.708180725574493 0.721220195293427 0.726705729961395 0.739306509494781 0.744976103305817 0.75111335515976 0.769021987915039 0.770818591117859 0.786595165729523 0.76497220993042 0.767872393131256 0.766037702560425 0.75771552324295 0.766711473464966 0.775389969348907 0.739880919456482 0.714357495307922 0.69814521074295 0.674541831016541 0.636792957782745 0.609226822853088
0.591128051280975 0.591887474060059 0.566109359264374 0.604489743709564 0.628601312637329 0.588813960552216 0.598802447319031 0.662099301815033 0.637920022010803 0.612261176109314 0.498676061630249 0.547107458114624 0.552861571311951 0.591197788715363 0.641621172428131 0.620538830757141 0.560478508472443 0.591912746429443 0.624320983886719 0.608279228210449 0.64811635017395 0.676370441913605 0.696395456790924 0.703243672847748 0.704872786998749 0.738329708576202 0.742022812366486 0.745066046714783 0.74301815032959 0.765094220638275 0.78312224149704 0.763325035572052 0.75902646780014 0.739671647548676 0.768258988857269 0.760730028152466 0.746651470661163 0.740232229232788 0.71650767326355 0.683647096157074 0.668439984321594 0.65008157491684 0.621313631534576 0.598323225975037
0.500498592853546 0.556354582309723 0.602513015270233 0.583396375179291 0.60900205373764 0.561307013034821 0.573292195796967 0.532726526260376 0.507391393184662 0.581609010696411 0.578569829463959 0.587077915668488 0.508030772209167 0.589370548725128 0.589958310127258 0.541168749332428 0.563429594039917 0.518167674541473 0.554693043231964 0.616374611854553 0.634933769702911 0.636189341545105 0.675073087215424 0.692420065402985 0.686184227466583 0.734024405479431 0.744685113430023 0.769433319568634 0.757907867431641 0.766357183456421 0.770899474620819 0.765928685665131 0.758399248123169 0.753035724163055 0.762004017829895 0.759060919284821 0.747362792491913 0.708016395568848 0.674462199211121 0.665694236755371 0.63860958814621 0.616110980510712 0.590702950954437 0.554950535297394
0.504724144935608 0.556166887283325 0.547116994857788 0.531345784664154 0.525357842445374 0.510278165340424 0.545962691307068 0.502534031867981 0.503248035907745 0.554917693138123 0.609807312488556 0.588070809841156 0.566664159297943 0.589652240276337 0.567781746387482 0.545967876911163 0.480476438999176 0.5058234333992 0.54813414812088 0.607975482940674 0.623958468437195 0.640332877635956 0.648654699325562 0.666722595691681 0.698392450809479 0.697640597820282 0.738708436489105 0.743964672088623 0.750339210033417 0.758545398712158 0.7452352643013 0.747603237628937 0.748735845088959 0.762450814247131 0.756846725940704 0.733954250812531 0.703628778457642 0.684384286403656 0.659651100635529 0.651182591915131 0.627952933311462 0.596448540687561 0.531756579875946 0.507775366306305
0.472305655479431 0.515186309814453 0.508758246898651 0.456331819295883 0.468537360429764 0.466665297746658 0.520494341850281 0.556283473968506 0.517503798007965 0.530673086643219 0.563730418682098 0.461263686418533 0.544473826885223 0.570095062255859 0.539909482002258 0.491017788648605 0.40211695432663 0.395138323307037 0.495779722929001 0.567682981491089 0.592577517032623 0.597988963127136 0.574618816375732 0.660187244415283 0.608786165714264 0.706266939640045 0.714576065540314 0.737127065658569 0.745226562023163 0.747612953186035 0.734004437923431 0.73043018579483 0.763546943664551 0.774587750434875 0.770927429199219 0.739084959030151 0.712692022323608 0.679656744003296 0.651586353778839 0.613181948661804 0.592674493789673 0.548246145248413 0.523344576358795 0.457189708948135
0.443149000406265 0.531215488910675 0.40890634059906 0.439678341150284 0.510065913200378 0.475557655096054 0.504681050777435 0.503858983516693 0.584453582763672 0.558817565441132 0.603727400302887 0.567306697368622 0.510790944099426 0.461581021547318 0.427116423845291 0.347167760133743 0.318700700998306 0.412193477153778 0.496095508337021 0.530218660831451 0.555594444274902 0.599011540412903 0.644662022590637 0.651691138744354 0.673037052154541 0.701184749603271 0.718504548072815 0.740426301956177 0.734266221523285 0.741184592247009 0.728404819965363 0.738739550113678 0.757475078105927 0.748178899288177 0.744626820087433 0.731161117553711 0.696501612663269 0.644140124320984 0.609030246734619 0.564353048801422 0.534010708332062 0.494816660881042 0.458905786275864 0.433726727962494
0.447596073150635 0.484088838100433 0.499190896749496 0.462987661361694 0.498726278543472 0.514596462249756 0.53578382730484 0.508735239505768 0.509292960166931 0.538131415843964 0.579789221286774 0.497964531183243 0.450305342674255 0.396439790725708 0.349326580762863 0.37376669049263 0.301408439874649 0.409731924533844 0.452197462320328 0.495375335216522 0.494687020778656 0.514526128768921 0.59605860710144 0.639692962169647 0.683067679405212 0.701787173748016 0.710103392601013 0.708728551864624 0.72092992067337 0.732133567333221 0.752168774604797 0.746318697929382 0.769343018531799 0.752367794513702 0.744329452514648 0.719384491443634 0.652906239032745 0.595965206623077 0.563783288002014 0.510677993297577 0.461287796497345 0.445860326290131 0.402503132820129 0.374642670154572
0.422735989093781 0.440552651882172 0.507249474525452 0.451360821723938 0.466486603021622 0.461290061473846 0.527130246162415 0.519203066825867 0.497087568044662 0.449541807174683 0.423740833997726 0.410625070333481 0.384445190429688 0.371056169271469 0.353030949831009 0.311252862215042 0.369042277336121 0.398854225873947 0.423008948564529 0.463108986616135 0.498360306024551 0.474645912647247 0.568081021308899 0.612882316112518 0.664581477642059 0.717483699321747 0.719099760055542 0.709823310375214 0.715234100818634 0.746437072753906 0.762371361255646 0.750481247901917 0.77292662858963 0.773878574371338 0.751302242279053 0.669538259506226 0.618422150611877 0.543828547000885 0.481549590826035 0.421374142169952 0.410084426403046 0.369903296232224 0.33219850063324 0.326068520545959
0.429157227277756 0.456698596477509 0.460765868425369 0.459831327199936 0.508871614933014 0.478835195302963 0.438191413879395 0.40785613656044 0.447992026805878 0.388463199138641 0.387486100196838 0.314977675676346 0.360972046852112 0.386728346347809 0.341698348522186 0.383563339710236 0.368543028831482 0.385245561599731 0.41111147403717 0.416709631681442 0.433987408876419 0.498959809541702 0.563145756721497 0.580068290233612 0.628102958202362 0.678217172622681 0.692980766296387 0.70471715927124 0.725732803344727 0.728060066699982 0.749266684055328 0.739795029163361 0.75263649225235 0.773881494998932 0.731246173381805 0.591258943080902 0.53315532207489 0.45448625087738 0.393085390329361 0.369209200143814 0.342965364456177 0.305820435285568 0.299882262945175 0.267319411039352
0.393585234880447 0.39026153087616 0.466849476099014 0.425702333450317 0.493892997503281 0.446472644805908 0.432370692491531 0.436073690652847 0.470659911632538 0.385496944189072 0.365342676639557 0.385734528303146 0.357012331485748 0.353915184736252 0.308413594961166 0.348458051681519 0.382600009441376 0.387041717767715 0.411621898412704 0.388949245214462 0.462642878293991 0.48778161406517 0.512597322463989 0.552459001541138 0.587414443492889 0.611564815044403 0.624441862106323 0.676220536231995 0.689590215682983 0.696677267551422 0.729960978031158 0.701002955436707 0.68121999502182 0.705096840858459 0.607030808925629 0.47800025343895 0.412157088518143 0.357877045869827 0.295902132987976 0.310112684965134 0.282206267118454 0.258887112140656 0.254049688577652 0.226456537842751
