data/climate_estimation/maxent_output/Smilax_myrtillus.asc
NCOLS 225 
NROWS 135 
XLLCORNER 94.9166666666667 
YLLCORNER 18.3333333333333 
CELLSIZE 0.0833333333333333 
NODATA_value -3.4e+38 
[rows 57 to 75 of 135, columns 176 to 219 of 225]
0.0338690765202045 0.0331345722079277 0.0338095650076866 0.0286496970802546 0.0276579391211271 0.0332599990069866 0.0364947132766247 0.0596434883773327 0.030396219342947 0.025238985195756 0.0232098028063774 0.0219032764434814 0.0235837567597628 0.0240207370370626 0.0228868089616299 0.0240176524966955 0.0433647930622101 0.0611500479280949 0.0756766125559807 0.0485853552818298 0.0239103175699711 0.0253385454416275 0.0299258790910244 0.0342525988817215 0.0892112702131271 0.0429592542350292 0.0721588134765625 0.0633499100804329 0.0513515621423721 0.0509723387658596 0.0909808650612831 0.0798711776733398 0.0330956093966961 0.0288296546787024 0.0415048114955425 0.0421433858573437 0.0546550899744034 0.063770703971386 0.0684759318828583 0.0717092901468277 0.125176340341568 0.100218690931797 0.0775167942047119 0.0520469844341278
0.0372351109981537 0.0291599445044994 0.0285093225538731 0.0278884805738926 0.038775485008955 0.0413603410124779 0.0578179806470871 0.0558014996349812 0.035590473562479 0.0287917479872704 0.0247706267982721 0.0258356630802155 0.0254203919321299 0.0273392423987389 0.0253605544567108 0.0271488297730684 0.0450680367648602 0.0690884962677956 0.0502169914543629 0.0478694438934326 0.0276192668825388 0.0283347647637129 0.0365949533879757 0.0646788850426674 0.135936260223389 0.0602495074272156 0.03770861774683 0.040564589202404 0.04403230920434 0.0666409507393837 0.0619421973824501 0.0501863807439804 0.034523855894804 0.0381436496973038 0.0475249849259853 0.0615961886942387 0.0507110692560673 0.0428433082997799 0.0812230929732323 0.116803370416164 0.114191509783268 0.0976615399122238 0.0750841796398163 0.0870953127741814
0.0347940623760223 0.0310947801917791 0.0298667754977942 0.0287907384335995 0.0339721292257309 0.0405123718082905 0.0754429996013641 0.0397450104355812 0.0289893224835396 0.0271556507796049 0.0261792559176683 0.0290685128420591 0.0258548464626074 0.028557613492012 0.0302508492022753 0.02864995226264 0.0571861192584038 0.068742647767067 0.0459792390465736 0.032321497797966 0.0281554739922285 0.0286685824394226 0.048345971852541 0.108235478401184 0.0425356142222881 0.0803612694144249 0.0350762233138084 0.0342263989150524 0.0558098666369915 0.0436974465847015 0.0644569545984268 0.0658683478832245 0.0504935942590237 0.0413233004510403 0.0432565361261368 0.0485040880739689 0.0495230294764042 0.0382905714213848 0.0808125436306 0.098995253443718 0.0803541913628578 0.0728159323334694 0.109919056296349 0.0686161667108536
0.0374479629099369 0.0321349240839481 0.0301969163119793 0.0291951354593039 0.029612110927701 0.0332215391099453 0.0590695552527905 0.0477720834314823 0.0307248197495937 0.0288895070552826 0.0282763000577688 0.0319324173033237 0.0317808426916599 0.0318327322602272 0.0343435145914555 0.0277908314019442 0.031502116471529 0.04131019115448 0.033824373036623 0.0338661260902882 0.0285786855965853 0.0274041369557381 0.0307914223521948 0.0492280870676041 0.0456344000995159 0.0812405869364738 0.042596872895956 0.0347330272197723 0.0489632412791252 0.0518437586724758 0.0750800296664238 0.0805512517690659 0.0634817630052567 0.0385872535407543 0.0447725430130959 0.0649611502885818 0.0561730898916721 0.04655596986413 0.0793524235486984 0.0792938396334648 0.0961892828345299 0.0794928148388863 0.122520349919796 0.129560649394989
0.0365110114216805 0.0315007045865059 0.030275983735919 0.0280328877270222 0.0291231404989958 0.0403082482516766 0.0674362704157829 0.0435439832508564 0.0307445488870144 0.0306386984884739 0.0309985969215631 0.0571265481412411 0.0564399175345898 0.0376760438084602 0.0409772098064423 0.0417421907186508 0.0331042595207691 0.0346242114901543 0.0308614056557417 0.0306089203804731 0.0302017293870449 0.0308361276984215 0.0295547638088465 0.0302229579538107 0.0363916903734207 0.0438089556992054 0.0408113710582256 0.0487094298005104 0.0636094734072685 0.0603625662624836 0.0720543935894966 0.0935140177607536 0.0624364092946053 0.0609682761132717 0.0745237171649933 0.0632338002324104 0.0493859574198723 0.0536747090518475 0.0632729530334473 0.0629705637693405 0.0729978680610657 0.0716647654771805 0.114282913506031 0.109813183546066
0.0361234769225121 0.0370647311210632 0.0316663235425949 0.030675919726491 0.0309226382523775 0.0433575883507729 0.0579527728259563 0.0528250597417355 0.0438831560313702 0.0355054810643196 0.0525414794683456 0.0753488391637802 0.0614963993430138 0.0406008064746857 0.0616737827658653 0.0767881125211716 0.0499222464859486 0.0341074652969837 0.0347152650356293 0.036001805216074 0.0384895168244839 0.0391694605350494 0.0333968587219715 0.0319305807352066 0.03359554708004 0.0362732037901878 0.0591887794435024 0.0780360400676727 0.0644674897193909 0.066246971487999 0.0738231986761093 0.116218127310276 0.115294113755226 0.117906898260117 0.105072692036629 0.059159129858017 0.0570990927517414 0.0566112324595451 0.10200423002243 0.0546384528279305 0.0477472916245461 0.0598171055316925 0.0540429502725601 0.0590562708675861
0.0363338105380535 0.0349179543554783 0.0313140153884888 0.0325305052101612 0.0344079248607159 0.03224803134799 0.0612609945237637 0.110063172876835 0.118362873792648 0.0566511638462543 0.0481475442647934 0.0601435825228691 0.0491301007568836 0.0448834076523781 0.0431539714336395 0.0682480111718178 0.0439392291009426 0.0402145087718964 0.0526115745306015 0.0406665243208408 0.0440909825265408 0.0480606630444527 0.0447097942233086 0.0554500408470631 0.0452920198440552 0.0411021821200848 0.0607242546975613 0.0975956618785858 0.115474537014961 0.100473180413246 0.0608914420008659 0.0805789604783058 0.116453297436237 0.133693486452103 0.101183548569679 0.0504266619682312 0.0526613853871822 0.0854496881365776 0.0883432999253273 0.0791803449392319 0.0565953850746155 0.052891418337822 0.0496391914784908 0.0540458634495735
0.0379599742591381 0.0368998870253563 0.0342343561351299 0.0330636724829674 0.0356230773031712 0.0407761558890343 0.0927944108843803 0.144494578242302 0.122086308896542 0.0665462911128998 0.0455429963767529 0.0430300906300545 0.0570807307958603 0.049137108027935 0.0424464046955109 0.0376869328320026 0.0386070758104324 0.0608048997819424 0.0709856674075127 0.039125818759203 0.0373530164361 0.0655027106404305 0.0872304365038872 0.0894075855612755 0.0557683892548084 0.0383598357439041 0.0583108551800251 0.0943360552191734 0.0921943932771683 0.0754532292485237 0.0575639419257641 0.0706427320837975 0.0990189760923386 0.0834908038377762 0.093401275575161 0.064289964735508 0.080123245716095 0.0714607611298561 0.0734290033578873 0.0578671805560589 0.0814520269632339 0.0620290413498878 0.0602220185101032 0.068755604326725
0.0392234921455383 0.0363085046410561 0.0368214100599289 0.0360533818602562 0.0360245108604431 0.0505077429115772 0.118115812540054 0.170316770672798 0.126472696661949 0.064905934035778 0.0480451956391335 0.0436598062515259 0.0439022593200207 0.0526608228683472 0.0419816523790359 0.0567384995520115 0.0680360719561577 0.0445947498083115 0.059449028223753 0.0478807911276817 0.062908373773098 0.0675813183188438 0.0752673074603081 0.0546197108924389 0.0807534977793694 0.0495587177574635 0.0481795892119408 0.077510729432106 0.0566960573196411 0.0572194866836071 0.0503260642290115 0.0589445978403091 0.0716632604598999 0.0690416246652603 0.103411503136158 0.097381554543972 0.103274963796139 0.0744843110442162 0.0556881278753281 0.0636432617902756 0.0653620213270187 0.0767306610941887 0.0705185011029243 0.0748972594738007
0.0451543591916561 0.0394213385879993 0.0377058908343315 0.0394916534423828 0.0386785790324211 0.0601314306259155 0.0900677517056465 0.108056880533695 0.0680699571967125 0.0587472431361675 0.0583550110459328 0.0538981221616268 0.0423895306885242 0.0482984632253647 0.0436408184468746 0.0402916930615902 0.0532083734869957 0.0434443615376949 0.0482344105839729 0.0541932135820389 0.0639982372522354 0.0544625222682953 0.0545971393585205 0.0430538766086102 0.0485041886568069 0.0378266833722591 0.048882994800806 0.0571797862648964 0.0456418059766293 0.041937630623579 0.0437305681407452 0.0493543483316898 0.0613503307104111 0.0648274794220924 0.0894149765372276 0.120605573058128 0.0957086011767387 0.0945875346660614 0.0673118680715561 0.0677492916584015 0.0795703157782555 0.0857418477535248 0.0830187052488327 0.0906227752566338
0.0423229373991489 0.0417725369334221 0.0433937646448612 0.0489174984395504 0.0477057322859764 0.0974642783403397 0.133466303348541 0.0802386924624443 0.0474083311855793 0.0463831350207329 0.0527483746409416 0.0478854179382324 0.0413044765591621 0.0445366203784943 0.0513547882437706 0.0402351133525372 0.042584266513586 0.0452898554503918 0.0474597662687302 0.0945590957999229 0.0955739244818687 0.0504703186452389 0.0477855540812016 0.0381424762308598 0.0472280420362949 0.0386154688894749 0.0431331619620323 0.0468916669487953 0.0476619191467762 0.0442872941493988 0.0461154617369175 0.0471314080059528 0.0497856475412846 0.0569414980709553 0.10655527561903 0.149458542466164 0.111431561410427 0.128567650914192 0.0961520299315453 0.0599881857633591 0.0873534008860588 0.102861315011978 0.108330145478249 0.0828680321574211
0.0462530814111233 0.0490978397428989 0.0518252998590469 0.0663491785526276 0.0722189918160439 0.0868862420320511 0.117741636931896 0.0650760605931282 0.0435590893030167 0.037877019494772 0.0400470681488514 0.0435774996876717 0.0439172238111496 0.0493099763989449 0.0492571294307709 0.0460183657705784 0.0405461080372334 0.0372669361531734 0.0561302192509174 0.101223073899746 0.0719123557209969 0.052983358502388 0.0421622432768345 0.0404263846576214 0.0539194606244564 0.0472205206751823 0.0422814041376114 0.0449406020343304 0.0940393209457397 0.0466675795614719 0.0448016375303268 0.051597498357296 0.0538105480372906 0.0681376308202744 0.0743070170283318 0.083365723490715 0.0975745394825935 0.0973357856273651 0.0743480771780014 0.0649131312966347 0.0727357640862465 0.0932406485080719 0.102539449930191 0.092146210372448
0.0498816967010498 0.0601091720163822 0.0698657855391502 0.0830633342266083 0.101540759205818 0.0761830881237984 0.0641891807317734 0.0421497821807861 0.0564697943627834 0.0428999103605747 0.0384701900184155 0.0381581857800484 0.0395090207457542 0.0453990362584591 0.0458115041255951 0.0530482344329357 0.0366835296154022 0.0367489345371723 0.0361141785979271 0.0725076049566269 0.0766675397753716 0.038023442029953 0.0331353396177292 0.0329631417989731 0.047971710562706 0.0466075837612152 0.0414340160787106 0.048871785402298 0.0607134774327278 0.0717403069138527 0.06224425137043 0.0598264746367931 0.0537942163646221 0.0571643523871899 0.0667848810553551 0.0873178318142891 0.0919524803757668 0.0947450026869774 0.0931492671370506 0.0764823406934738 0.100715793669224 0.119491584599018 0.0895945206284523 0.0776456668972969
0.0508229918777943 0.0549658387899399 0.0698271691799164 0.0920185074210167 0.0856848582625389 0.0506867207586765 0.0461020022630692 0.0533966794610023 0.038726095110178 0.0454921871423721 0.0438826680183411 0.0427013337612152 0.036331158131361 0.0383789055049419 0.0464747585356236 0.0539618730545044 0.0465954132378101 0.0323197469115257 0.0266038533300161 0.0552237778902054 0.0541409067809582 0.0373144373297691 0.0319035016000271 0.0347941294312477 0.0462595336139202 0.0460728257894516 0.0447988174855709 0.0623419806361198 0.0568055808544159 0.0643577724695206 0.0666470155119896 0.0675813928246498 0.0591620877385139 0.0698702782392502 0.0688722655177116 0.0927730351686478 0.0900225937366486 0.104643285274506 0.120130516588688 0.073808453977108 0.0637007430195808 0.0637258663773537 0.0730912536382675 0.0799366906285286
0.055524792522192 0.050054308027029 0.0518911927938461 0.0564118064939976 0.0591636002063751 0.045048501342535 0.0339203290641308 0.0343778505921364 0.031975407153368 0.0317031145095825 0.0436099693179131 0.0446996130049229 0.0394451133906841 0.0389501266181469 0.0432531572878361 0.0545894354581833 0.0557269565761089 0.0343477688729763 0.0232877507805824 0.0259542055428028 0.0209175739437342 0.0249717049300671 0.0389041192829609 0.0407759435474873 0.0582780316472054 0.0446257926523685 0.0521947406232357 0.0681871026754379 0.0853355899453163 0.0620714724063873 0.066092737019062 0.0853029415011406 0.0633249655365944 0.0601855665445328 0.0693234130740166 0.0985710546374321 0.0995488539338112 0.0791766420006752 0.0661755055189133 0.0565549805760384 0.0617642849683762 0.0636662244796753 0.0679956749081612 0.081650972366333
0.0177284348756075 0.0489129014313221 0.05206598341465 0.0660091862082481 0.0846394225955009 0.0429108440876007 0.0305283255875111 0.0296817366033792 0.0324936360120773 0.0315756238996983 0.0331811830401421 0.0368837118148804 0.0380091220140457 0.0391955077648163 0.040423322468996 0.0498559474945068 0.0391132347285748 0.0313793979585171 0.0281551517546177 0.022695267572999 0.0229860357940197 0.0279255863279104 0.041316244751215 0.0374112091958523 0.0456709787249565 0.0497945472598076 0.052004911005497 0.0853833332657814 0.131714656949043 0.0812439471483231 0.0746938586235046 0.0817225649952888 0.100458763539791 0.0688071027398109 0.0708382800221443 0.0742238759994507 0.0673415213823318 0.057111419737339 0.0707251653075218 0.0651344284415245 0.0581063777208328 0.0667027458548546 0.0778149589896202 0.106525905430317
0.0182483978569508 0.0143105015158653 0.0489700138568878 0.0564675442874432 0.0504360981285572 0.0320583060383797 0.0303668528795242 0.0310334730893373 0.0352193489670753 0.0345742106437683 0.0341339819133282 0.035738006234169 0.0406450480222702 0.0374484322965145 0.041886992752552 0.040651697665453 0.0370325334370136 0.0289576686918736 0.0281685013324022 0.0240118708461523 0.0259231962263584 0.0321072526276112 0.0319250635802746 0.0417207553982735 0.057445764541626 0.0706970691680908 0.0808645784854889 0.10152168571949 0.106654644012451 0.0957421883940697 0.0725270435214043 0.113050736486912 0.116353042423725 0.0703440681099892 0.0664515346288681 0.0712005421519279 0.0612340085208416 0.0537236779928207 0.0600201487541199 0.0605321601033211 0.0569571182131767 0.065099224448204 0.0693093836307526 0.0725769698619843
0.0197630003094673 0.0582526661455631 0.0470881573855877 0.0467397905886173 0.0399472638964653 0.0451926849782467 0.0289602596312761 0.0333918742835522 0.0367906987667084 0.0366198606789112 0.0374405346810818 0.0410095453262329 0.0450487099587917 0.0496810860931873 0.0453955680131912 0.0425740033388138 0.036754447966814 0.0315140262246132 0.0284359082579613 0.0272138640284538 0.0259036812931299 0.0411722436547279 0.0391608104109764 0.0409224145114422 0.0563813000917435 0.0743618011474609 0.114299193024635 0.108043797314167 0.102851994335651 0.0847572833299637 0.0680999234318733 0.0930138528347015 0.0775029733777046 0.0810135826468468 0.0745342299342155 0.0609555877745152 0.0560377538204193 0.0546948686242104 0.0634655952453613 0.0525597184896469 0.056686494499445 0.0582117177546024 0.0640301704406738 0.0662642195820808
0.0553963929414749 0.0568396858870983 0.0364835634827614 0.0328836962580681 0.0272392947226763 0.027195381000638 0.0293210055679083 0.0357709899544716 0.0381658188998699 0.04178761318326 0.0415328294038773 0.0473247691988945 0.0505796112120152 0.0528812594711781 0.0495111458003521 0.0457970127463341 0.0487665571272373 0.0421899147331715 0.0361964777112007 0.0358224250376225 0.0324439145624638 0.042538944631815 0.0412435196340084 0.0447367243468761 0.0633221119642258 0.0756507217884064 0.0738232582807541 0.0731010437011719 0.0751002952456474 0.0899250507354736 0.0651478171348572 0.074442133307457 0.0841021239757538 0.077258363366127 0.117845125496387 0.0892516896128654 0.0846786499023438 0.0547186881303787 0.0500497631728649 0.0506734065711498 0.0507777333259583 0.0547531358897686 0.0600997470319271 0.065736897289753
