data/climate_estimation/maxent_output/Smilax_bracteata.asc
NCOLS 406 
NROWS 256 
XLLCORNER 98.4166666666667 
YLLCORNER 10.9166666666667 
CELLSIZE 0.0833333333333334 
NODATA_value -3.4e+38 
[rows 24 to 47 of 256, columns 216 to 269 of 406]
0.0648491606116295 0.0630997195839882 0.0582337863743305 0.0570815838873386 0.050071693956852 0.0479840710759163 0.0488235093653202 0.0628977492451668 0.0720663368701935 0.0891879051923752 0.11999250203371 0.191277429461479 0.193591669201851 0.189307376742363 0.217249631881714 0.214769333600998 0.210140153765678 0.211139678955078 0.208091169595718 0.209219977259636 0.211953654885292 0.212249636650085 0.21001672744751 0.209496825933456 0.212809905409813 0.211223065853119 0.21433624625206 0.204063832759857 0.211536720395088 0.222891628742218 0.225211516022682 0.21608829498291 0.139127790927887 0.112747959792614 0.0921366065740585 0.0720043182373047 0.0710994675755501 0.0757551491260529 0.0654024183750153 0.059288963675499 0.0597543492913246 0.0597252771258354 0.0485569536685944 0.0347779840230942 0.0228023920208216 0.0155742345377803 0.0145028885453939 0.0137053411453962 0.0135171292349696 0.0130828749388456 -3.4e+38 -3.4e+38 -3.4e+38 -3.4e+38
0.0665081590414047 0.0644056871533394 0.0629670992493629 0.0613880231976509 0.0589792244136333 0.0586560107767582 0.075330376625061 0.10373180359602 0.116663157939911 0.139862895011902 0.22148372232914 0.218450039625168 0.21638286113739 0.216485366225243 0.204065084457397 0.21545098721981 0.212513193488121 0.213421002030373 0.213220149278641 0.213754534721375 0.223470389842987 0.219322517514229 0.216496214270592 0.218139678239822 0.21280500292778 0.214711368083954 0.215875029563904 0.204815372824669 0.224258869886398 0.22823677957058 0.199976220726967 0.165355622768402 0.139588207006454 0.0969194918870926 0.110138885676861 0.0833320170640945 0.108390502631664 0.0761145129799843 0.0907716900110245 0.075066402554512 0.0669313594698906 0.0580688156187534 0.0482872277498245 0.0340099446475506 0.0219352580606937 0.0179569181054831 0.0162239912897348 0.0151093052700162 0.0140535496175289 0.0141032347455621 0.0142583111301064 0.0145484693348408 0.0149720273911953 0.0149873979389668
0.0681212469935417 0.069824256002903 0.0709378272294998 0.0721617713570595 0.072593092918396 0.109891600906849 0.190097689628601 0.140004798769951 0.179704487323761 0.202428057789803 0.224178224802017 0.223218888044357 0.227150663733482 0.223989069461823 0.219321310520172 0.21792408823967 0.218514189124107 0.217983976006508 0.219624862074852 0.220014199614525 0.217358961701393 0.214937448501587 0.219747245311737 0.21616867184639 0.211909621953964 0.190242141485214 0.212689653038979 0.217620551586151 0.220668405294418 0.224306792020798 0.22488671541214 0.220153510570526 0.180424243211746 0.170163497328758 0.158944770693779 0.101725578308105 0.0879977270960808 0.0976251810789108 0.0785688757896423 0.0675404369831085 0.0640455409884453 0.051211953163147 0.0388225130736828 0.0344971269369125 0.0335554555058479 0.0197174400091171 0.0195068214088678 0.0208246279507875 0.0158444847911596 0.0150308227166533 0.0151042146608233 0.0143236415460706 0.0150978332385421 0.0160045605152845
0.0727053508162498 0.0754848495125771 0.0788597837090492 0.0880662426352501 0.177016779780388 0.207469418644905 0.161177605390549 0.145872995257378 0.226566329598427 0.229457691311836 0.227652281522751 0.222700953483582 0.215279027819633 0.220367461442947 0.220982268452644 0.218872278928757 0.218647658824921 0.22201931476593 0.212798207998276 0.216420575976372 0.21637998521328 0.214854374527931 0.213823676109314 0.203369304537773 0.196150034666061 0.210702836513519 0.212030962109566 0.215759366750717 0.224344909191132 0.226245269179344 0.227457463741302 0.213601037859917 0.203830137848854 0.198877081274986 0.164380729198456 0.0981335267424583 0.0828535780310631 0.1028186455369 0.0835154727101326 0.060218445956707 0.0682744830846786 0.0464438311755657 0.0556000359356403 0.0475250072777271 0.0463875122368336 0.0242181699723005 0.0204687416553497 0.0239346046000719 0.0194648243486881 0.0166314672678709 0.0161995496600866 0.0177131947129965 0.0186956338584423 0.0170029383152723
0.0788958519697189 0.0908203795552254 0.0984620973467827 0.117922075092793 0.144912734627724 0.181706935167313 0.160666897892952 0.221308887004852 0.226606234908104 0.225882232189178 0.200178951025009 0.20176474750042 0.206981346011162 0.222886636853218 0.218248829245567 0.19018267095089 0.196767926216125 0.217391833662987 0.215812489390373 0.21525277197361 0.217375725507736 0.217342987656593 0.203486710786819 0.185212060809135 0.190259546041489 0.205560460686684 0.198496475815773 0.220382645726204 0.225884318351746 0.225260525941849 0.226414725184441 0.20472463965416 0.173817366361618 0.200197905302048 0.154905021190643 0.113116964697838 0.123683616518974 0.092265784740448 0.0728534162044525 0.0695475935935974 0.0506812669336796 0.0529098622500896 0.0753624141216278 0.0626886561512947 0.0349890477955341 0.0295884050428867 0.0212676543742418 0.018600145354867 0.0230737142264843 0.026636753231287 0.0238483101129532 0.028943095356226 0.0187290199100971 0.0196075309067965
0.0928577557206154 0.102331034839153 0.165214940905571 0.152599468827248 0.164799734950066 0.152886509895325 0.202063679695129 0.207080379128456 0.20293103158474 0.187993168830872 0.183935880661011 0.195361971855164 0.198461771011353 0.203798159956932 0.193736732006073 0.20707756280899 0.222876325249672 0.217430621385574 0.216527849435806 0.202498182654381 0.196816101670265 0.189923360943794 0.192508861422539 0.18581560254097 0.195697218179703 0.215416178107262 0.221235796809196 0.221945732831955 0.205981984734535 0.226221367716789 0.229487225413322 0.217956840991974 0.184152573347092 0.179858759045601 0.201264262199402 0.19258850812912 0.182878747582436 0.127668485045433 0.0703515559434891 0.0661068558692932 0.0847012549638748 0.107182636857033 0.0675254687666893 0.0813895463943481 0.0406868010759354 0.0269935801625252 0.02393470518291 0.0223403591662645 0.0246762447059155 0.0350080952048302 0.0276933703571558 0.0248523727059364 0.0196994431316853 0.0181026440113783
0.140583962202072 0.148410394787788 0.170603081583977 0.153686314821243 0.147407427430153 0.169103860855103 0.193485274910927 0.217459127306938 0.221899792551994 0.188077569007874 0.180501401424408 0.176355510950089 0.186214283108711 0.199635848402977 0.225708335638046 0.228988707065582 0.226145699620247 0.222131967544556 0.214539051055908 0.204389497637749 0.205591455101967 0.193227872252464 0.187237858772278 0.191784664988518 0.219141453504562 0.226818785071373 0.224772706627846 0.225782483816147 0.199311330914497 0.228302091360092 0.227698475122452 0.203652679920197 0.166570708155632 0.193732693791389 0.212193235754967 0.210474222898483 0.164386302232742 0.0997980460524559 0.0719454139471054 0.139255836606026 0.144418686628342 0.111103512346745 0.0706971809267998 0.0574432425200939 0.0342208407819271 0.0269901771098375 0.0253406055271626 0.0282446183264256 0.0352177880704403 0.0575020164251328 0.0423275828361511 0.0491777770221233 0.0307372305542231 0.0237112641334534
0.163910746574402 0.145788222551346 0.151761546730995 0.14735335111618 0.150160580873489 0.177739307284355 0.191492110490799 0.217029839754105 0.221812963485718 0.180397287011147 0.17444384098053 0.182082980871201 0.2244513630867 0.231504783034325 0.23431608080864 0.232289224863052 0.232734799385071 0.232322365045547 0.228304550051689 0.227096542716026 0.214703366160393 0.197779178619385 0.205005005002022 0.223777443170547 0.230045527219772 0.229945838451385 0.230143144726753 0.224415332078934 0.224850594997406 0.200791135430336 0.169344380497932 0.164647445082664 0.182111978530884 0.204307571053505 0.214884385466576 0.180779635906219 0.133235141634941 0.0955258384346962 0.113734543323517 0.144517078995705 0.151478335261345 0.102324582636356 0.0769840478897095 0.0626789778470993 0.0411162115633488 0.028974387794733 0.0278676673769951 0.0321244969964027 0.0533737726509571 0.072880819439888 0.044726200401783 0.0248705297708511 0.0241256784647703 0.021910335868597
0.173155292868614 0.138866513967514 0.155761897563934 0.143915012478828 0.15382008254528 0.168819740414619 0.188983589410782 0.214769095182419 0.220557346940041 0.17564594745636 0.179028198122978 0.223369985818863 0.199519082903862 0.220147952437401 0.237209662795067 0.245176583528519 0.239480271935463 0.234012514352798 0.232457190752029 0.23631352186203 0.229856207966805 0.226739645004272 0.232001945376396 0.23338258266449 0.234033718705177 0.227737590670586 0.204496532678604 0.221299111843109 0.191129252314568 0.176733836531639 0.173053696751595 0.173602998256683 0.164353832602501 0.180427834391594 0.179433837532997 0.113211005926132 0.090967945754528 0.098981000483036 0.146489232778549 0.169181004166603 0.140927135944366 0.0959254503250122 0.0796452760696411 0.0482639707624912 0.0361175313591957 0.0524621084332466 0.0399985201656818 0.0408388562500477 0.0731017589569092 0.0826658681035042 0.0289735440164804 0.0228479821234941 0.0228917449712753 0.0254361890256405
0.142046719789505 0.143464758992195 0.147100076079369 0.146269634366035 0.156528607010841 0.167182087898254 0.170268088579178 0.196683079004288 0.17865252494812 0.16694775223732 0.17933677136898 0.185491904616356 0.173213303089142 0.240491911768913 0.237141534686089 0.212264150381088 0.218099147081375 0.22995762526989 0.234414204955101 0.231116965413094 0.23346982896328 0.236929044127464 0.233333587646484 0.23486153781414 0.226812094449997 0.203266248106956 0.185477942228317 0.179545164108276 0.180391445755959 0.188015043735504 0.228557243943214 0.235803306102753 0.229125872254372 0.193357452750206 0.139546021819115 0.187531068921089 0.137448459863663 0.0968997180461884 0.174851328134537 0.184093803167343 0.0984044671058655 0.058334119617939 0.0450428910553455 0.0426638126373291 0.0436151921749115 0.0853958502411842 0.0839368179440498 0.0620502419769764 0.101093620061874 0.0523218028247356 0.0316221788525581 0.0365399681031704 0.0326647832989693 0.036762285977602
0.140063926577568 0.136029496788979 0.139323845505714 0.152399480342865 0.154320657253265 0.155889287590981 0.161633238196373 0.16816034913063 0.166346177458763 0.161131262779236 0.165621861815453 0.175941064953804 0.207775264978409 0.207236021757126 0.214293673634529 0.204585045576096 0.184683859348297 0.207418814301491 0.193316698074341 0.2110885232687 0.234626606106758 0.242156893014908 0.237368986010551 0.234056860208511 0.225135117769241 0.226718679070473 0.207608908414841 0.215111315250397 0.228842109441757 0.238074913620949 0.241079702973366 0.239413350820541 0.197162210941315 0.153880402445793 0.202762275934219 0.168206602334976 0.133857056498528 0.0901661738753319 0.0953390821814537 0.0820403099060059 0.0762298777699471 0.112505555152893 0.0795955955982208 0.0458022765815258 0.0425630994141102 0.065135233104229 0.0798122510313988 0.0641341581940651 0.0555679835379124 0.0539348386228085 0.0777561515569687 0.0688233226537704 0.0444109253585339 0.0649188160896301
0.116866558790207 0.134314194321632 0.136203587055206 0.145254820585251 0.156959891319275 0.163586929440498 0.165660113096237 0.163244768977165 0.159443110227585 0.163382425904274 0.172301739454269 0.17763464152813 0.185576140880585 0.185032486915588 0.189086019992828 0.19050695002079 0.188850164413452 0.185658767819405 0.207539141178131 0.244006156921387 0.247122287750244 0.24194347858429 0.23976181447506 0.220113024115562 0.227714106440544 0.236474335193634 0.240963235497475 0.243152812123299 0.243062779307365 0.242334082722664 0.225305557250977 0.187448233366013 0.174826338887215 0.176299542188644 0.153443619608879 0.111456416547298 0.08968785405159 0.082043394446373 0.102057680487633 0.111161440610886 0.0992847457528114 0.0702623203396797 0.0540502145886421 0.0463937558233738 0.0574332103133202 0.0455826669931412 0.0419564098119736 0.0426032766699791 0.0503872446715832 0.0870655104517937 0.112102396786213 0.0976082012057304 0.0765230432152748 0.0743515565991402
0.0976749435067177 0.117934554815292 0.135489597916603 0.145908877253532 0.159149900078773 0.159007608890533 0.161790862679482 0.156210631132126 0.169126480817795 0.211010470986366 0.172524377703667 0.178081288933754 0.188613325357437 0.183319002389908 0.181589171290398 0.181918904185295 0.188552707433701 0.182354331016541 0.205655738711357 0.2261071652174 0.239337950944901 0.242420330643654 0.23997163772583 0.216268047690392 0.228562861680984 0.241199776530266 0.247753828763962 0.2475216537714 0.245663613080978 0.245648697018623 0.237295374274254 0.2413220256567 0.189675942063332 0.151837602257729 0.132152393460274 0.10415181517601 0.0887773707509041 0.128487095236778 0.226039543747902 0.142896220088005 0.0605845600366592 0.0522601157426834 0.0484338514506817 0.0518764927983284 0.0731632262468338 0.064282163977623 0.0583960637450218 0.0629768967628479 0.065937764942646 0.101063720881939 0.118273131549358 0.109374888241291 0.0991916880011559 0.0681134983897209
0.0810930654406548 0.106490656733513 0.132245317101479 0.146892994642258 0.158119723200798 0.158848196268082 0.156509056687355 0.169968605041504 0.180189996957779 0.178659647703171 0.166134059429169 0.166981980204582 0.205291733145714 0.178735241293907 0.185370206832886 0.181570336222649 0.178223252296448 0.180517122149467 0.187185600399971 0.22006544470787 0.246525049209595 0.231146246194839 0.214126452803612 0.201530650258064 0.224454030394554 0.24286712706089 0.244046181440353 0.252322673797607 0.249123841524124 0.231315523386002 0.185853973031044 0.173601180315018 0.159891217947006 0.145996376872063 0.130803421139717 0.107958942651749 0.0920548439025879 0.07694261521101 0.0679264515638351 0.0603817887604237 0.0564081594347954 0.0717767998576164 0.0724466443061829 0.0754993408918381 0.0772582814097404 0.0532750971615314 0.0603056512773037 0.0694892033934593 0.0885921791195869 0.110518433153629 0.139709979295731 0.130100965499878 0.0677181258797646 0.0584083683788776
0.067486472427845 0.0958609133958817 0.129472360014915 0.147110879421234 0.155578941106796 0.156931474804878 0.157530888915062 0.16094097495079 0.159767016768456 0.160223260521889 0.160388141870499 0.167052924633026 0.176525264978409 0.179015159606934 0.171642959117889 0.187829107046127 0.205525487661362 0.193535298109055 0.208911463618279 0.218785390257835 0.255552768707275 0.239914923906326 0.209492757916451 0.201106488704681 0.229025706648827 0.220951482653618 0.204565346240997 0.248401537537575 0.209008947014809 0.175703927874565 0.170241639018059 0.167241856455803 0.159501120448112 0.145527079701424 0.135608673095703 0.119809910655022 0.104142621159554 0.082521490752697 0.0715126693248749 0.0641452297568321 0.0820631831884384 0.114447422325611 0.138413771986961 0.112065255641937 0.0788356959819794 0.0633415728807449 0.0714465007185936 0.0940376296639442 0.118660531938076 0.16328752040863 0.136654302477837 0.104889221489429 0.102468028664589 0.099351093173027
0.0602216459810734 0.0891107246279716 0.124744087457657 0.145695835351944 0.156341597437859 0.157502993941307 0.158400774002075 0.160173341631889 0.158011078834534 0.158459380269051 0.164416134357452 0.171762034296989 0.167842254042625 0.17174556851387 0.177913725376129 0.188768282532692 0.207186341285706 0.209001615643501 0.258901745080948 0.2612284719944 0.261554926633835 0.23780132830143 0.248115733265877 0.226757675409317 0.193366378545761 0.193146660923958 0.186151847243309 0.185809969902039 0.178617537021637 0.171963080763817 0.169570595026016 0.171061441302299 0.17605422437191 0.174308940768242 0.186611652374268 0.183348819613457 0.184256598353386 0.160059124231339 0.119958706200123 0.103766612708569 0.0701626762747765 0.0662573501467705 0.0731761902570724 0.0645278170704842 0.0603766925632954 0.0868893936276436 0.138233155012131 0.134424582123756 0.18482831120491 0.199192240834236 0.167335748672485 0.182596892118454 0.165185317397118 0.118432842195034
0.0559797510504723 0.0873040780425072 0.127271369099617 0.146737724542618 0.158977031707764 0.159714996814728 0.15778437256813 0.16043546795845 0.16736763715744 0.171677008271217 0.167407259345055 0.173415124416351 0.170849472284317 0.177018195390701 0.187244743108749 0.255726754665375 0.268554031848907 0.270894140005112 0.269686281681061 0.268668830394745 0.258588433265686 0.257399201393127 0.244720846414566 0.20056614279747 0.190545961260796 0.208881601691246 0.229569926857948 0.207168087363243 0.177980959415436 0.177007913589478 0.187785089015961 0.214236214756966 0.214387774467468 0.213459700345993 0.250274449586868 0.259133189916611 0.234744861721992 0.260738909244537 0.199659585952759 0.100158013403416 0.072685070335865 0.0688658505678177 0.0636897310614586 0.0629147216677666 0.0715161487460136 0.104355603456497 0.133777871727943 0.18657673895359 0.222922414541245 0.222565785050392 0.14734959602356 0.0914482250809669 0.0678804963827133 0.0688984990119934
0.057512640953064 0.0884888172149658 0.131643369793892 0.14732800424099 0.157880946993828 0.15936216711998 0.168617188930511 0.176305174827576 0.172395840287209 0.186245933175087 0.180353477597237 0.173874288797379 0.175236240029335 0.184179410338402 0.19863286614418 0.235622406005859 0.275256901979446 0.274943321943283 0.252218872308731 0.242486044764519 0.25720226764679 0.261696219444275 0.192968651652336 0.199143126606941 0.208606913685799 0.215143993496895 0.195262536406517 0.192435666918755 0.211727663874626 0.214927196502686 0.263568311929703 0.266858577728271 0.259178638458252 0.225621283054352 0.263673335313797 0.265474289655685 0.264596313238144 0.266870498657227 0.208084389567375 0.148988947272301 0.119261205196381 0.186954036355019 0.147644340991974 0.106966443359852 0.0920273959636688 0.0947713255882263 0.133625730872154 0.244971334934235 0.170366838574409 0.112373143434525 0.0960282608866692 0.0894504487514496 0.110007017850876 0.123902596533298
0.064570851624012 0.099809817969799 0.135773241519928 0.155857607722282 0.163758397102356 0.169631645083427 0.179253116250038 0.178195685148239 0.19515734910965 0.218907713890076 0.220992535352707 0.194121837615967 0.20615941286087 0.21133129298687 0.22657898068428 0.280994147062302 0.268221497535706 0.222236111760139 0.230553328990936 0.22619517147541 0.208008781075478 0.197452992200851 0.185204982757568 0.195389658212662 0.198289424180984 0.197622001171112 0.189789563417435 0.26070299744606 0.261212706565857 0.258911788463593 0.270597130060196 0.272594600915909 0.268890738487244 0.263673424720764 0.260542005300522 0.267513126134872 0.269316762685776 0.267978012561798 0.181071430444717 0.264074563980103 0.238219991326332 0.258179932832718 0.161877363920212 0.0914942771196365 0.0954514071345329 0.203072130680084 0.234615638852119 0.172051146626472 0.116501465439796 0.108786940574646 0.140859916806221 0.148976370692253 0.123429879546165 0.157379105687141
0.077294833958149 0.112176820635796 0.148607075214386 0.165305197238922 0.173509836196899 0.180980369448662 0.178216129541397 0.187419846653938 0.184915959835052 0.233593970537186 0.241207391023636 0.221019253134727 0.211828202009201 0.20612271130085 0.259681224822998 0.277693182229996 0.281274378299713 0.267992943525314 0.21702928841114 0.212684616446495 0.194702312350273 0.198240742087364 0.195473805069923 0.195062816143036 0.198336750268936 0.193158730864525 0.208147555589676 0.239240884780884 0.270989835262299 0.247971296310425 0.266533344984055 0.267756253480911 0.276271611452103 0.273130387067795 0.225177079439163 0.214685052633286 0.274516940116882 0.269565552473068 0.210043862462044 0.273774117231369 0.265020310878754 0.150183394551277 0.227269634604454 0.124728053808212 0.129737332463264 0.177633389830589 0.216798767447472 0.188707128167152 0.24931238591671 0.212628379464149 0.194951549172401 0.201967611908913 0.211151450872421 0.185776382684708
0.0958120301365852 0.135151848196983 0.158597558736801 0.16793729364872 0.170839309692383 0.174461334943771 0.180744275450706 0.180952712893486 0.205068930983543 0.199103638529778 0.200332701206207 0.191164046525955 0.193800136446953 0.197755187749863 0.224695399403572 0.232851132750511 0.267194837331772 0.214695066213608 0.201799333095551 0.195743829011917 0.201297014951706 0.216145858168602 0.214407786726952 0.21481029689312 0.20602922141552 0.220334768295288 0.278505921363831 0.281775861978531 0.282723367214203 0.275264859199524 0.261100172996521 0.268992453813553 0.271634042263031 0.27437949180603 0.270389199256897 0.198327913880348 0.273931324481964 0.276094317436218 0.220470324158669 0.218786582350731 0.188083052635193 0.168490663170815 0.2486482411623 0.166448250412941 0.240740358829498 0.289121478796005 0.287240236997604 0.25211364030838 0.278826683759689 0.275613337755203 0.228815227746964 0.222765788435936 0.277994096279144 0.233003124594688
0.120366126298904 0.148391470313072 0.167896389961243 0.176320567727089 0.168274089694023 0.176420867443085 0.181310102343559 0.180681124329567 0.194230869412422 0.183318972587585 0.181589275598526 0.185185134410858 0.184446707367897 0.19369550049305 0.194331213831902 0.211051672697067 0.209224075078964 0.198361337184906 0.197534427046776 0.207317262887955 0.210764437913895 0.204247459769249 0.21145124733448 0.238677814602852 0.220727235078812 0.254993438720703 0.283700823783875 0.28827041387558 0.288323491811752 0.283319532871246 0.282061547040939 0.284826666116714 0.288276374340057 0.286450922489166 0.282596260309219 0.274556338787079 0.176713019609451 0.252996623516083 0.281260073184967 0.184265181422234 0.124237313866615 0.0834687352180481 0.107297100126743 0.253297507762909 0.266377955675125 0.280930906534195 0.298875391483307 0.285173356533051 0.292741745710373 0.246990367770195 0.217817053198814 0.170016080141068 0.160532638430595 0.187341034412384
0.1414964646101 0.161996379494667 0.176130086183548 0.188680917024612 0.176445350050926 0.170480161905289 0.172634229063988 0.174064949154854 0.179500669240952 0.17712514102459 0.181640952825546 0.18326698243618 0.184485957026482 0.186933040618896 0.189639955759048 0.196894273161888 0.197433650493622 0.198970139026642 0.206086233258247 0.205021232366562 0.20812726020813 0.210122779011726 0.218022912740707 0.222789719700813 0.293940126895905 0.296468734741211 0.293925762176514 0.295068621635437 0.295798152685165 0.299439251422882 0.2912378013134 0.293411731719971 0.297863632440567 0.291388362646103 0.284692972898483 0.286518931388855 0.262469977140427 0.21068149805069 0.222165495157242 0.201298654079437 0.102659717202187 0.131535366177559 0.134461238980293 0.270609766244888 0.25169911980629 0.185962945222855 0.280657052993774 0.276503384113312 0.249791577458382 0.251495093107224 0.254535317420959 0.167506709694862 0.151953592896461 0.171023651957512
0.155220553278923 0.175912603735924 0.174033805727959 0.175329580903053 0.174406185746193 0.172210529446602 0.174119859933853 0.174991756677628 0.178062066435814 0.179053947329521 0.183085367083549 0.201225876808167 0.203051999211311 0.19233401119709 0.195539966225624 0.196810975670815 0.201851099729538 0.214312180876732 0.229029074311256 0.222182229161263 0.233720168471336 0.259834170341492 0.227310746908188 0.264853954315186 0.296782851219177 0.30320805311203 0.308150559663773 0.305301040410995 0.307089537382126 0.304991811513901 0.295570552349091 0.297874331474304 0.294233918190002 0.292571753263474 0.297620296478271 0.291086345911026 0.292269617319107 0.292578458786011 0.261317670345306 0.189708828926086 0.206934049725533 0.249881416559219 0.237735316157341 0.208129972219467 0.181784257292747 0.152114138007164 0.283779293298721 0.302595198154449 0.282429844141006 0.23120379447937 0.196379512548447 0.169726222753525 0.154891386628151 0.188392594456673
