data/climate_estimation/maxent_output/Smilax_lunglingensis.asc
NCOLS 73 
NROWS 46 
XLLCORNER 98.3333333333333 
YLLCORNER 23.25 
CELLSIZE 0.0833333333333333 
NODATA_value -3.4e+38 
[rows 20 to 39 of 46, columns 0 to 43 of 73]
0.949462831020355 0.951467454433441 0.983987152576447 0.893806993961334 0.983931601047516 0.992040276527405 0.575385570526123 0.898634016513824 0.932043612003326 0.980381727218628 0.95607316493988 0.660213351249695 0.881672739982605 0.960860371589661 0.771997630596161 0.941444396972656 0.985919117927551 0.954248249530792 0.899647831916809 0.865305602550507 0.899000287055969 0.982811391353607 0.791934609413147 0.946710348129272 0.937009394168854 0.512827634811401 0.77878725528717 0.878041982650757 0.706380665302277 0.78268826007843 0.773394048213959 0.812873482704163 0.864750385284424 0.530612826347351 0.598375201225281 0.850915729999542 0.827234208583832 0.567259252071381 0.391688138246536 0.275264143943787 0.456839442253113 0.730741202831268 0.833554625511169 0.852997958660126
0.948581635951996 0.97880095243454 0.955585181713104 0.888696551322937 0.973535001277924 0.961099565029144 0.66342031955719 0.937281429767609 0.983169734477997 0.974778175354004 0.929349899291992 0.989323139190674 0.637838065624237 0.914217531681061 0.872262179851532 0.924045860767365 0.987013399600983 0.953735947608948 0.781604409217834 0.750166058540344 0.911591649055481 0.970301866531372 0.953211963176727 0.818667709827423 0.939183950424194 0.769483864307404 0.657711148262024 0.883508145809174 0.667243719100952 0.595174908638 0.763358235359192 0.907085001468658 0.909135162830353 0.753520131111145 0.792241811752319 0.789121329784393 0.710385024547577 0.502409756183624 0.24237285554409 0.311482816934586 0.326838314533234 0.644245505332947 0.7943195104599 0.734923779964447
0.949737668037415 0.976829826831818 0.96197921037674 0.919588685035706 0.977988064289093 0.982174813747406 0.558180510997772 0.91354775428772 0.987065196037292 0.98955774307251 0.759496092796326 0.98688805103302 0.951452970504761 0.906303882598877 0.99517947435379 0.973573088645935 0.776047229766846 0.966335654258728 0.865950345993042 0.737000823020935 0.899394392967224 0.921811759471893 0.97996187210083 0.789463102817535 0.974456310272217 0.961475610733032 0.792205274105072 0.738029479980469 0.692758321762085 0.458254277706146 0.761694490909576 0.917783260345459 0.836438775062561 0.588665068149567 0.481323212385178 0.450699061155319 0.442304581403732 0.556794226169586 0.561670064926147 0.392957240343094 0.428662210702896 0.712586581707001 0.505231857299805 0.522324860095978
0.956038892269135 0.982851088047028 0.987859725952148 0.971905171871185 0.994982719421387 0.977139294147491 0.701253175735474 0.872375905513763 0.984102606773376 0.981946051120758 0.572075188159943 0.957790493965149 0.97135454416275 0.892396748065948 0.805505096912384 0.955527484416962 0.909285068511963 0.937568545341492 0.960257768630981 0.691335916519165 0.916888475418091 0.907010018825531 0.965216875076294 0.963666617870331 0.912443339824677 0.917795240879059 0.838395476341248 0.508871138095856 0.384668827056885 0.680841565132141 0.928598523139954 0.926108479499817 0.82925683259964 0.510153293609619 0.458350777626038 0.52096688747406 0.495818674564362 0.367994368076324 0.436966955661774 0.419773399829865 0.486202836036682 0.418427586555481 0.42034512758255 0.250335901975632
0.894359529018402 0.953353703022003 0.969915091991425 0.987523078918457 0.984486758708954 0.983740448951721 0.861799240112305 0.923516809940338 0.970984101295471 0.948528587818146 0.666612088680267 0.903656423091888 0.749709069728851 0.694942891597748 0.917424857616425 0.984697282314301 0.752992987632751 0.921325445175171 0.961032867431641 0.799564003944397 0.815908014774323 0.896910905838013 0.95509284734726 0.96354728937149 0.941418528556824 0.777486026287079 0.520452737808228 0.481955319643021 0.689709484577179 0.372307479381561 0.907302677631378 0.881388902664185 0.768654584884644 0.518650949001312 0.421468943357468 0.663905382156372 0.793735146522522 0.488877445459366 0.292514085769653 0.363547056913376 0.372541874647141 0.338189452886581 0.0609029158949852 0.0866744145750999
0.850189566612244 0.950571775436401 0.987879455089569 0.985340774059296 0.975217938423157 0.987013936042786 0.430119961500168 0.936824142932892 0.965204000473022 0.959777235984802 0.895714342594147 0.788561642169952 0.74323046207428 0.678934693336487 0.951684534549713 0.983420312404633 0.867792844772339 0.953045845031738 0.968000650405884 0.96192854642868 0.588817298412323 0.803776741027832 0.581144213676453 0.865834474563599 0.875540196895599 0.828678488731384 0.84146648645401 0.937932372093201 0.598284065723419 0.769504487514496 0.529034852981567 0.73593682050705 0.641181886196136 0.767570078372955 0.336053133010864 0.555069208145142 0.611520648002625 0.518922090530396 0.468674391508102 0.534364938735962 0.365856140851974 0.299472838640213 0.0651994422078133 0.0427088625729084
0.709099948406219 0.907814204692841 0.979075968265533 0.966970324516296 0.960921466350555 0.990214288234711 0.442267864942551 0.949582755565643 0.995148599147797 0.894348442554474 0.984582960605621 0.981396615505219 0.912388443946838 0.728178381919861 0.974903047084808 0.927665948867798 0.849181056022644 0.751239836215973 0.958075821399689 0.943307995796204 0.894563853740692 0.834693253040314 0.7280592918396 0.832651793956757 0.937369585037231 0.875548601150513 0.942448616027832 0.969380557537079 0.94699227809906 0.934821963310242 0.363290578126907 0.416573137044907 0.79517936706543 0.868161857128143 0.628840386867523 0.300656944513321 0.425675302743912 0.489833652973175 0.525687217712402 0.626968085765839 0.377681255340576 0.456554353237152 0.0752993300557137 0.101377442479134
0.886662244796753 0.942016184329987 0.960512042045593 0.919524252414703 0.970012664794922 0.986949920654297 0.777743935585022 0.776818156242371 0.986828505992889 0.964228868484497 0.965174078941345 0.985988736152649 0.858114123344421 0.771137237548828 0.913314461708069 0.871662855148315 0.948067605495453 0.941438674926758 0.717965722084045 0.937395989894867 0.952728688716888 0.701929032802582 0.832185626029968 0.651781618595123 0.705826818943024 0.871441781520844 0.785678744316101 0.89391952753067 0.938464879989624 0.808858335018158 0.942974984645844 0.274112462997437 0.570120811462402 0.636631786823273 0.843296229839325 0.369871973991394 0.236310303211212 0.288095951080322 0.576376676559448 0.597629487514496 0.366025298833847 0.126709654927254 0.0726705864071846 0.319809883832932
0.882943272590637 0.782190561294556 0.828931987285614 0.909244120121002 0.955878794193268 0.988584756851196 0.98489248752594 0.902009010314941 0.786993205547333 0.986669898033142 0.986043930053711 0.983676850795746 0.917183637619019 0.91375195980072 0.891980290412903 0.958093404769897 0.880800068378448 0.94672167301178 0.935038685798645 0.892159700393677 0.770409345626831 0.59222823381424 0.75670337677002 0.912839472293854 0.439522176980972 0.565757751464844 0.924476444721222 0.6058629155159 0.601543307304382 0.590187907218933 0.888063192367554 0.934109389781952 0.242128998041153 0.356763392686844 0.572176456451416 0.585610866546631 0.219889178872108 0.40379786491394 0.0877537205815315 0.695393264293671 0.292236924171448 0.141993284225464 0.198130294680595 0.181515365839005
0.526560485363007 0.742081344127655 0.867383599281311 0.885379552841187 0.943716704845428 0.958083391189575 0.958767771720886 0.978329598903656 0.780071377754211 0.954563438892365 0.967229783535004 0.929432809352875 0.826905906200409 0.941982269287109 0.902440845966339 0.853143751621246 0.895468950271606 0.924840271472931 0.929884791374207 0.94920551776886 0.973711013793945 0.836831450462341 0.834405899047852 0.927675902843475 0.788831770420074 0.25148943066597 0.791254580020905 0.902787685394287 0.484348267316818 0.385169088840485 0.50952011346817 0.956545770168304 0.900247812271118 0.182897225022316 0.338577538728714 0.305813014507294 0.281288981437683 0.0524135306477547 0.258830428123474 0.557913899421692 0.280963480472565 0.731878936290741 0.550938665866852 0.322343915700912
0.710370361804962 0.844644784927368 0.883675873279572 0.708886325359344 0.848479568958282 0.95355486869812 0.93856817483902 0.935900688171387 0.710280299186707 0.935618221759796 0.954895555973053 0.818617880344391 0.575147032737732 0.922686100006104 0.932991623878479 0.737168073654175 0.837221503257751 0.842242777347565 0.950966238975525 0.91600888967514 0.868331432342529 0.915390729904175 0.446007281541824 0.660253405570984 0.87574177980423 0.410972833633423 0.335135519504547 0.925131022930145 0.748099267482758 0.263799905776978 0.60467803478241 0.787197351455688 0.958012878894806 0.817037880420685 0.119352474808693 0.0939083471894264 0.184951514005661 0.208891093730927 0.0813291072845459 0.177880749106407 0.128200963139534 0.369871854782104 0.307935446500778 0.205022126436234
0.446004122495651 0.276873052120209 0.262852638959885 0.488438665866852 0.89862471818924 0.909032464027405 0.908926129341125 0.866128742694855 0.765102386474609 0.946444928646088 0.896059334278107 0.612574934959412 0.588117241859436 0.886937022209167 0.819957256317139 0.613217294216156 0.795236945152283 0.836409270763397 0.814182221889496 0.935029745101929 0.896200060844421 0.400590896606445 0.402974635362625 0.618296146392822 0.658462822437286 0.616581201553345 0.344102948904037 0.817053318023682 0.943516671657562 0.419905215501785 0.319815367460251 0.413392812013626 0.854302883148193 0.953757464885712 0.817160964012146 0.104803122580051 0.0330968350172043 0.0638571232557297 0.179793432354927 0.0392258912324905 0.076398029923439 0.0337753556668758 0.154916495084763 0.30451712012291
0.272134155035019 0.230470255017281 0.241483479738235 0.454164743423462 0.865200102329254 0.884837925434113 0.844411134719849 0.656497955322266 0.49098938703537 0.786868810653687 0.513004660606384 0.763217985630035 0.589994490146637 0.774811625480652 0.698708117008209 0.62010133266449 0.821510255336761 0.87095433473587 0.825807154178619 0.77033656835556 0.759054362773895 0.688824057579041 0.723442554473877 0.827518999576569 0.886316001415253 0.556723117828369 0.568972766399384 0.776945173740387 0.944757521152496 0.935025334358215 0.249854251742363 0.436411559581757 0.479407161474228 0.912594556808472 0.98607611656189 0.775186240673065 0.0862297564744949 0.0347529985010624 0.206682667136192 0.0197226162999868 0.01795968785882 0.023444214835763 0.561894118785858 0.121018260717392
0.331669569015503 0.42633929848671 0.552961766719818 0.633101284503937 0.822724640369415 0.868180572986603 0.827927350997925 0.625394523143768 0.406797409057617 0.389793694019318 0.633469581604004 0.75832211971283 0.473014384508133 0.599089026451111 0.528595447540283 0.580817461013794 0.801784157752991 0.808987200260162 0.91519021987915 0.740323066711426 0.777147769927979 0.81677258014679 0.755886435508728 0.853865563869476 0.84112137556076 0.662849426269531 0.561387479305267 0.71770840883255 0.853240668773651 0.908985376358032 0.452435195446014 0.238241374492645 0.362657457590103 0.238387927412987 0.926406681537628 0.984625220298767 0.318534463644028 0.0305263642221689 0.105898678302765 0.040716927498579 0.037519846111536 0.00854069646447897 0.152184218168259 0.0407595932483673
0.462568670511246 0.608319818973541 0.665098309516907 0.613189220428467 0.672708809375763 0.659667134284973 0.604313373565674 0.41208028793335 0.516909599304199 0.590659081935883 0.78283953666687 0.77058744430542 0.425950407981873 0.372330248355865 0.49497926235199 0.82848995923996 0.854364037513733 0.845852971076965 0.709961712360382 0.662657201290131 0.482170403003693 0.721056222915649 0.735959410667419 0.892917513847351 0.739632248878479 0.666171848773956 0.427658498287201 0.665966272354126 0.806867778301239 0.686233162879944 0.54743218421936 0.317579925060272 0.235702008008957 0.288367033004761 0.296026200056076 0.871179819107056 0.963136553764343 0.0243935342878103 0.0152972899377346 0.262756139039993 0.500983119010925 0.248485863208771 0.0740673840045929 0.674488008022308
0.3072310090065 0.269955366849899 0.293731033802032 0.255982786417007 0.267119884490967 0.362335503101349 0.497066497802734 0.68259733915329 0.621137261390686 0.69577819108963 0.577320992946625 0.68023407459259 0.421736836433411 0.39087787270546 0.597463965415955 0.892193078994751 0.874246180057526 0.620387494564056 0.524281024932861 0.508093476295471 0.546082377433777 0.659940540790558 0.777774274349213 0.76307487487793 0.578989267349243 0.643426895141602 0.649186193943024 0.778410315513611 0.707406938076019 0.536323845386505 0.532297670841217 0.343983441591263 0.132290944457054 0.381402403116226 0.123877622187138 0.536437511444092 0.992743968963623 0.643157303333282 0.00957967806607485 0.0635987296700478 0.241896405816078 0.409490436315536 0.652838587760925 0.854161024093628
0.251150786876678 0.142071768641472 0.166807278990746 0.363041520118713 0.535650670528412 0.593824625015259 0.494170248508453 0.353042751550674 0.576024413108826 0.513408482074738 0.680008828639984 0.551722943782806 0.521260440349579 0.508521735668182 0.76886260509491 0.817969620227814 0.541998445987701 0.337483257055283 0.469569802284241 0.667885065078735 0.597238779067993 0.650375068187714 0.902558922767639 0.750384926795959 0.458293676376343 0.404208302497864 0.57274454832077 0.721694886684418 0.578130781650543 0.221848979592323 0.491809785366058 0.686135590076447 0.309432208538055 0.219186514616013 0.138228222727776 0.180461704730988 0.704829752445221 0.985876798629761 0.171229869127274 0.0120754167437553 0.11009106785059 0.18979811668396 0.400774329900742 0.351538002490997
0.144958630204201 0.216680198907852 0.304319888353348 0.342451483011246 0.483690172433853 0.386336147785187 0.262923538684845 0.377037078142166 0.376203954219818 0.57803863286972 0.568977177143097 0.571988046169281 0.479597806930542 0.657084405422211 0.688869297504425 0.434130281209946 0.422474414110184 0.411148726940155 0.713446140289307 0.736146509647369 0.757980525493622 0.577925980091095 0.917782723903656 0.90906548500061 0.441270112991333 0.398287355899811 0.442380160093307 0.627135217189789 0.521224021911621 0.243904441595078 0.29106017947197 0.638498604297638 0.32947850227356 0.179907441139221 0.353416949510574 0.131671890616417 0.230626910924911 0.735084593296051 0.885013163089752 0.0417747832834721 0.00941118691116571 0.0795295238494873 0.38940241932869 0.827392220497131
0.175748229026794 0.148812428116798 0.205443054437637 0.162874937057495 0.300927430391312 0.278562098741531 0.27811136841774 0.205548390746117 0.304619073867798 0.443383783102036 0.534408509731293 0.66431999206543 0.471164286136627 0.50647497177124 0.345766454935074 0.342932611703873 0.365877568721771 0.574804604053497 0.729557454586029 0.727617561817169 0.639712452888489 0.592181503772736 0.609022676944733 0.540152668952942 0.250602215528488 0.261967033147812 0.45979243516922 0.449885189533234 0.645153701305389 0.221663221716881 0.222282975912094 0.51740574836731 0.691993772983551 0.195225283503532 0.533349633216858 0.289647251367569 0.131224155426025 0.299740314483643 0.597961843013763 0.639760315418243 0.00827450025826693 0.0119517650455236 0.0300862416625023 0.204159259796143
0.155036300420761 0.130058899521828 0.127627953886986 0.16698195040226 0.234974384307861 0.193588331341743 0.160080209374428 0.141096368432045 0.254648894071579 0.377736479043961 0.563599407672882 0.424956679344177 0.291436553001404 0.258695125579834 0.31938499212265 0.41955378651619 0.545876026153564 0.45815834403038 0.591370820999146 0.670190393924713 0.476259708404541 0.662836134433746 0.533527672290802 0.351717114448547 0.306828916072845 0.275052458047867 0.387818902730942 0.346587657928467 0.590659081935883 0.217569664120674 0.243401929736137 0.495770573616028 0.687651097774506 0.18103814125061 0.343634128570557 0.226369366049767 0.106344282627106 0.142347738146782 0.485981583595276 0.862967848777771 0.2278962880373 0.00522061111405492 0.0567266345024109 0.245874211192131
