data/climate_estimation/maxent_output/Smilax_glaucochina.asc
NCOLS 193 
NROWS 139 
XLLCORNER 104.5 
YLLCORNER 22.6666666666667 
CELLSIZE 0.0833333333333333 
NODATA_value -3.4e+38 
[rows 40 to 59 of 139, columns 0 to 43 of 193]
0.28927007317543 0.334273010492325 0.361466258764267 0.354797095060349 0.389346301555634 0.366012841463089 0.418814241886139 0.40143296122551 0.461712807416916 0.498971849679947 0.540226399898529 0.582512021064758 0.621507287025452 0.633018434047699 0.670711100101471 0.697636842727661 0.728662371635437 0.741564929485321 0.781866908073425 0.798496603965759 0.808247327804565 0.816097676753998 0.814340889453888 0.824945569038391 0.817243278026581 0.816551566123962 0.840730726718903 0.840404629707336 0.845554947853088 0.863316893577576 0.8717902302742 0.834450542926788 0.875351011753082 0.893894076347351 0.897550284862518 0.904034078121185 0.915415585041046 0.934621870517731 0.927403509616852 0.949577629566193 0.946399092674255 0.930689811706543 0.957092344760895 0.95673805475235
0.310945153236389 0.30707123875618 0.349287509918213 0.376407712697983 0.396062880754471 0.388952910900116 0.436387807130814 0.452321320772171 0.465049982070923 0.516280770301819 0.565721809864044 0.609173655509949 0.61918181180954 0.65379124879837 0.685200750827789 0.716710031032562 0.720948398113251 0.744723498821259 0.778398633003235 0.797231614589691 0.805787920951843 0.809262990951538 0.806484699249268 0.809359967708588 0.796403348445892 0.813865423202515 0.826817870140076 0.834885716438293 0.844700634479523 0.851186513900757 0.857590079307556 0.836398720741272 0.875964105129242 0.878915071487427 0.881799161434174 0.908897459506989 0.915749609470367 0.909365475177765 0.937664926052094 0.94055849313736 0.940304458141327 0.958448767662048 0.936428964138031 0.905180990695953
0.31906533241272 0.343948900699615 0.321576744318008 0.393025249242783 0.373577266931534 0.404981851577759 0.432311683893204 0.474291920661926 0.514517307281494 0.526848196983337 0.575009226799011 0.60644805431366 0.616534054279327 0.650312781333923 0.690489649772644 0.70803290605545 0.739993810653687 0.756701350212097 0.759548246860504 0.780896544456482 0.774519264698029 0.778244853019714 0.78264594078064 0.787954807281494 0.796684324741364 0.814537882804871 0.81787520647049 0.824249863624573 0.838993668556213 0.845595359802246 0.81763756275177 0.84574294090271 0.866137266159058 0.866369724273682 0.879334390163422 0.903921067714691 0.887712478637695 0.924936830997467 0.935778260231018 0.943419754505157 0.928565800189972 0.920232117176056 0.93790864944458 0.950864732265472
0.292300879955292 0.343759268522263 0.33755823969841 0.379271328449249 0.365512162446976 0.419082939624786 0.463580071926117 0.476360201835632 0.526388168334961 0.580615282058716 0.59833025932312 0.657844126224518 0.658441722393036 0.688093543052673 0.711696743965149 0.703931212425232 0.763590097427368 0.770146250724792 0.770901262760162 0.769479691982269 0.775002419948578 0.772763967514038 0.780454576015472 0.785888195037842 0.801003277301788 0.796660482883453 0.811613261699677 0.816235244274139 0.82708352804184 0.830078899860382 0.796179950237274 0.846650719642639 0.85394287109375 0.84923928976059 0.878086149692535 0.873848974704742 0.89660370349884 0.914002597332001 0.930713057518005 0.917386054992676 0.932438373565674 0.9509037733078 0.944050252437592 0.943417131900787
0.358401298522949 0.333682268857956 0.358045786619186 0.355547368526459 0.407080888748169 0.396281957626343 0.447991102933884 0.492282420396805 0.558708786964417 0.566056907176971 0.615741014480591 0.644692659378052 0.678036689758301 0.724933266639709 0.73751300573349 0.742048859596252 0.770149230957031 0.775532245635986 0.771215915679932 0.772020161151886 0.776794075965881 0.773651421070099 0.776918649673462 0.784960687160492 0.778632044792175 0.795556604862213 0.809261977672577 0.808433592319489 0.815900325775146 0.79167777299881 0.799141407012939 0.837154686450958 0.825172424316406 0.854747474193573 0.865982592105865 0.869828462600708 0.893679797649384 0.909243524074554 0.899721384048462 0.921845495700836 0.933671593666077 0.937136650085449 0.943577885627747 0.946487247943878
0.294134318828583 0.353817254304886 0.330528050661087 0.383008718490601 0.390459179878235 0.415237605571747 0.44801127910614 0.501993060112 0.569233059883118 0.598679065704346 0.626372337341309 0.654608726501465 0.689833104610443 0.745407998561859 0.741513967514038 0.765919387340546 0.78197181224823 0.770767152309418 0.770829141139984 0.774375379085541 0.768968820571899 0.770282506942749 0.769538462162018 0.772921860218048 0.773506700992584 0.785561859607697 0.802691698074341 0.801645755767822 0.789695739746094 0.753552258014679 0.814056873321533 0.808405578136444 0.826273202896118 0.849687278270721 0.830338776111603 0.872706234455109 0.885776817798615 0.890268385410309 0.892072558403015 0.917590320110321 0.923026919364929 0.930906295776367 0.932703733444214 0.94330495595932
0.34820482134819 0.313872218132019 0.353874295949936 0.40625262260437 0.407934695482254 0.441337436437607 0.469996958971024 0.535278618335724 0.557348370552063 0.603305459022522 0.628465414047241 0.689103424549103 0.720956027507782 0.743533968925476 0.73906010389328 0.77525520324707 0.777374386787415 0.770277321338654 0.756662130355835 0.76356828212738 0.763795435428619 0.764851570129395 0.761631369590759 0.771956503391266 0.777021527290344 0.778869926929474 0.781020402908325 0.776480853557587 0.734967052936554 0.79678601026535 0.789830267429352 0.806827247142792 0.834601581096649 0.810860991477966 0.84601217508316 0.85486763715744 0.868379414081573 0.86653596162796 0.894113719463348 0.902965188026428 0.916492402553558 0.922341644763947 0.929606854915619 0.944925546646118
0.311994642019272 0.330484300851822 0.362352401018143 0.386182397603989 0.391639858484268 0.459782898426056 0.478196263313293 0.544407904148102 0.593376874923706 0.612293601036072 0.658210575580597 0.685307323932648 0.711280286312103 0.754294335842133 0.751556396484375 0.775867640972137 0.763033986091614 0.763605654239655 0.75124329328537 0.759706616401672 0.75569874048233 0.765053749084473 0.760262727737427 0.761868238449097 0.76568192243576 0.770389258861542 0.769030094146729 0.706924080848694 0.773798406124115 0.783099174499512 0.797239065170288 0.819515883922577 0.795183181762695 0.79761403799057 0.839057147502899 0.849853277206421 0.846259653568268 0.871203601360321 0.878434121608734 0.889513790607452 0.892175197601318 0.909249126911163 0.924062788486481 0.937989711761475
0.32125335931778 0.335146009922028 0.359100699424744 0.387227684259415 0.437997579574585 0.449769616127014 0.495165109634399 0.557417750358582 0.586025059223175 0.615489721298218 0.669780075550079 0.711290776729584 0.740269660949707 0.738849997520447 0.757274270057678 0.764463901519775 0.752028465270996 0.751686990261078 0.744152724742889 0.751972258090973 0.755261361598969 0.74885231256485 0.743630051612854 0.743699669837952 0.757944881916046 0.772359848022461 0.748174011707306 0.723512172698975 0.781639397144318 0.807360529899597 0.828060448169708 0.817710399627686 0.771898627281189 0.833609879016876 0.839894652366638 0.838463068008423 0.838452517986298 0.845196127891541 0.864050507545471 0.876774191856384 0.870756208896637 0.910829484462738 0.913587927818298 0.908861100673676
0.322444051504135 0.356435686349869 0.369133979082108 0.405295670032501 0.455371916294098 0.479901909828186 0.506584048271179 0.557316601276398 0.599406540393829 0.624168157577515 0.672735095024109 0.719877898693085 0.739894926548004 0.742045044898987 0.754098176956177 0.751662075519562 0.7502281665802 0.756646037101746 0.750011205673218 0.740005791187286 0.747963309288025 0.74349319934845 0.741689205169678 0.739370584487915 0.763700544834137 0.740594446659088 0.684193253517151 0.786152780056 0.766432106494904 0.822898089885712 0.820907413959503 0.74437153339386 0.831813991069794 0.835896611213684 0.831034243106842 0.837291836738586 0.806667327880859 0.834536015987396 0.86389172077179 0.84971034526825 0.885492503643036 0.893919110298157 0.860679686069489 0.811661899089813
0.328589379787445 0.364743322134018 0.388675928115845 0.432117074728012 0.455153048038483 0.493068099021912 0.538303136825562 0.55612313747406 0.596776604652405 0.626335144042969 0.666242361068726 0.715591847896576 0.728530287742615 0.750045537948608 0.745299756526947 0.737552762031555 0.749607026576996 0.738627552986145 0.744978904724121 0.742534041404724 0.735491275787354 0.738530218601227 0.733432292938232 0.738388299942017 0.73525732755661 0.690418779850006 0.72493577003479 0.770535588264465 0.816284418106079 0.827738523483276 0.74860292673111 0.820984065532684 0.839237749576569 0.822135031223297 0.834880888462067 0.817925930023193 0.852139115333557 0.857499897480011 0.824963986873627 0.839421391487122 0.881339311599731 0.851049244403839 0.79896479845047 0.859463512897491
0.344540685415268 0.386640220880508 0.432554304599762 0.4526686668396 0.486415922641754 0.502037227153778 0.531629025936127 0.57766979932785 0.586149632930756 0.640618681907654 0.668853580951691 0.699928462505341 0.731516778469086 0.733044743537903 0.732606828212738 0.72741425037384 0.744317710399628 0.742073953151703 0.740036606788635 0.731143414974213 0.735834240913391 0.729894876480103 0.727091431617737 0.729695081710815 0.724779605865479 0.766331434249878 0.713736414909363 0.766829669475555 0.817515015602112 0.797002792358398 0.808381021022797 0.83077597618103 0.830431222915649 0.855151414871216 0.822173476219177 0.837897121906281 0.874238431453705 0.810937821865082 0.829111933708191 0.879739344120026 0.834632277488708 0.77963250875473 0.832963347434998 0.829199373722076
0.386812627315521 0.405661135911942 0.43111976981163 0.461102813482285 0.487239480018616 0.518119037151337 0.571940958499908 0.549943327903748 0.592868387699127 0.629625499248505 0.663455903530121 0.690317273139954 0.700456857681274 0.716473579406738 0.726995348930359 0.728368759155273 0.737470865249634 0.731173157691956 0.729914247989655 0.724842548370361 0.724668085575104 0.70991575717926 0.742132425308228 0.761330127716064 0.751436650753021 0.741385877132416 0.759407043457031 0.792784869670868 0.847708523273468 0.79215931892395 0.846969485282898 0.84554797410965 0.847263336181641 0.818643033504486 0.817053437232971 0.885510325431824 0.874777555465698 0.835776567459106 0.880176424980164 0.832944214344025 0.774751424789429 0.804371058940887 0.816159844398499 0.768121242523193
0.373209148645401 0.422230660915375 0.447682768106461 0.4500552713871 0.52471524477005 0.523639321327209 0.563498020172119 0.564904034137726 0.609219789505005 0.638572812080383 0.678488552570343 0.682668924331665 0.694194376468658 0.711845934391022 0.710958898067474 0.720973908901215 0.717371165752411 0.714191198348999 0.719118773937225 0.718657314777374 0.708166897296906 0.717552006244659 0.727994978427887 0.757780492305756 0.804703950881958 0.790356278419495 0.800366938114166 0.806546807289124 0.845534801483154 0.846311092376709 0.857386231422424 0.845897734165192 0.816860139369965 0.831830203533173 0.847084641456604 0.863369882106781 0.773739457130432 0.761567115783691 0.774927139282227 0.785441160202026 0.773330926895142 0.753382742404938 0.728440165519714 0.600012421607971
0.377695620059967 0.404182106256485 0.424330562353134 0.466641008853912 0.524834036827087 0.549094021320343 0.545981645584106 0.585116863250732 0.596592128276825 0.622445523738861 0.679666459560394 0.680419206619263 0.702408790588379 0.725323021411896 0.715861022472382 0.709710717201233 0.716614782810211 0.713898599147797 0.709460139274597 0.70096093416214 0.703341841697693 0.712709546089172 0.754561901092529 0.775599956512451 0.801048219203949 0.801144063472748 0.816740274429321 0.84661740064621 0.828510046005249 0.836391687393188 0.804566383361816 0.856483340263367 0.865573883056641 0.856995105743408 0.854191303253174 0.796760380268097 0.772208511829376 0.685956656932831 0.646501839160919 0.727038502693176 0.589037418365479 0.658503115177155 0.67785781621933 0.535868585109711
0.401677757501602 0.397944152355194 0.454674065113068 0.490770071744919 0.541542708873749 0.564862012863159 0.559247195720673 0.577605068683624 0.621473014354706 0.658040463924408 0.64662629365921 0.672858893871307 0.692276835441589 0.710414707660675 0.706760287284851 0.70495480298996 0.714964389801025 0.711895227432251 0.705747961997986 0.702725052833557 0.700807809829712 0.720780551433563 0.746033012866974 0.792429566383362 0.814286351203918 0.846476972103119 0.837212324142456 0.848253488540649 0.855440318584442 0.802873373031616 0.835631668567657 0.827138841152191 0.783570289611816 0.789687275886536 0.828749060630798 0.837513387203217 0.83332234621048 0.652941882610321 0.475535124540329 0.56209921836853 0.585370659828186 0.57621842622757 0.606920719146729 0.627656817436218
0.42613822221756 0.450249522924423 0.502676784992218 0.513605117797852 0.539279758930206 0.560241162776947 0.574840843677521 0.589991807937622 0.600147426128387 0.654758512973785 0.640259742736816 0.690601289272308 0.69936192035675 0.703051507472992 0.707962274551392 0.71033775806427 0.702751278877258 0.704960882663727 0.700883030891418 0.699787020683289 0.706377387046814 0.722315073013306 0.732229292392731 0.78694224357605 0.835184872150421 0.818797290325165 0.850158214569092 0.837345004081726 0.837224662303925 0.7885981798172 0.769891381263733 0.765146434307098 0.74133425951004 0.734093368053436 0.77971613407135 0.821096956729889 0.677386701107025 0.420713871717453 0.453578472137451 0.396059215068817 0.651824116706848 0.671345412731171 0.671138644218445 0.6775022149086
0.46372526884079 0.499911844730377 0.525318562984467 0.552241683006287 0.570831060409546 0.564064562320709 0.566609919071198 0.585849702358246 0.607689619064331 0.639329314231873 0.669572412967682 0.679360151290894 0.707430422306061 0.712975263595581 0.704773724079132 0.696230173110962 0.704067587852478 0.689903378486633 0.691243231296539 0.699158549308777 0.709934294223785 0.723741173744202 0.731772601604462 0.784161746501923 0.823018491268158 0.811569809913635 0.825860321521759 0.836081504821777 0.838491201400757 0.781847298145294 0.715372860431671 0.734782755374908 0.712578952312469 0.670920968055725 0.804903268814087 0.635190963745117 0.687833786010742 0.523918032646179 0.458282947540283 0.566599905490875 0.604376256465912 0.767027318477631 0.75964218378067 0.735246062278748
0.485985368490219 0.493102818727493 0.54347962141037 0.539899587631226 0.567125558853149 0.590562224388123 0.60855758190155 0.618712484836578 0.608953058719635 0.651062428951263 0.670819938182831 0.681450128555298 0.698566734790802 0.698596656322479 0.693521082401276 0.689204692840576 0.688432693481445 0.683270692825317 0.68683272600174 0.698177516460419 0.714841902256012 0.734644055366516 0.759372591972351 0.799169480800629 0.805542707443237 0.808534562587738 0.804908931255341 0.810619473457336 0.817787826061249 0.73360800743103 0.683501005172729 0.705251514911652 0.74720960855484 0.760855376720428 0.740609169006348 0.71428769826889 0.798260986804962 0.748109459877014 0.704046189785004 0.743460476398468 0.730510711669922 0.816577196121216 0.769868731498718 0.810533702373505
0.509981393814087 0.530010640621185 0.532438695430756 0.563762128353119 0.576045274734497 0.60653555393219 0.623634815216064 0.602719962596893 0.638867437839508 0.65205979347229 0.683243155479431 0.69253808259964 0.688395798206329 0.678269743919373 0.674112856388092 0.679359912872314 0.677475929260254 0.692311704158783 0.687155306339264 0.705063104629517 0.714616715908051 0.752171456813812 0.764147043228149 0.778110802173615 0.799834012985229 0.795788466930389 0.756916642189026 0.814228713512421 0.776329636573792 0.735017776489258 0.731483817100525 0.752928614616394 0.74155992269516 0.772257566452026 0.661649227142334 0.746419489383698 0.605194509029388 0.551645040512085 0.760518372058868 0.798153400421143 0.77168196439743 0.713173508644104 0.723476350307465 0.80795019865036
