data/climate_estimation/maxent_output/Smilax_rotundifolia.asc
NCOLS 445 
NROWS 188 
XLLCORNER -101 
YLLCORNER 29.0833333333333 
CELLSIZE 0.0833333333333333 
NODATA_value -3.4e+38 
[rows 63 to 83 of 188, columns 96 to 143 of 445]
0.059975553303957 0.0667193606495857 0.0661138519644737 0.0666695833206177 0.0667112544178963 0.0673561692237854 0.0673973560333252 0.0687546357512474 0.0617321096360683 0.0561442486941814 0.0567064322531223 0.064558707177639 0.0716799050569534 0.0798601806163788 0.0795438662171364 0.0889723971486092 0.0872613415122032 0.0861324220895767 0.0769739896059036 0.0772692114114761 0.0777307376265526 0.0785431563854218 0.0712097361683846 0.0809014961123466 0.0824867337942123 0.0823940560221672 0.0823663547635078 0.082085907459259 0.0823876187205315 0.082398809492588 0.0822082608938217 0.0924434289336205 0.0923373177647591 0.103242866694927 0.113260708749294 0.126925051212311 0.140495911240578 0.155749052762985 0.15653695166111 0.169031098484993 0.180393531918526 0.179847046732903 0.190206602215767 0.186535626649857 0.198590442538261 0.214605435729027 0.214166805148125 0.226264625787735
0.0599027052521706 0.0660939812660217 0.0667963176965714 0.0664350539445877 0.0672659277915955 0.067118413746357 0.0682539045810699 0.0621453635394573 0.0624873302876949 0.0636215731501579 0.0638184547424316 0.0643857792019844 0.0724963322281837 0.0811169371008873 0.0893608406186104 0.0882201716303825 0.0872729495167732 0.0866315290331841 0.0856841057538986 0.086950846016407 0.0882117003202438 0.0891602113842964 0.091335617005825 0.0824409052729607 0.0930347889661789 0.0847276672720909 0.0939883962273598 0.0930123254656792 0.0933567062020302 0.0933305993676186 0.0934102833271027 0.0933681279420853 0.103282861411572 0.10286308825016 0.115205749869347 0.128782778978348 0.143755868077278 0.158809393644333 0.172917321324348 0.183081820607185 0.192728117108345 0.194746047258377 0.206951513886452 0.205495476722717 0.216786399483681 0.229522928595543 0.240156039595604 0.23982410132885
0.0602997355163097 0.060415543615818 0.059756226837635 0.0603088587522507 0.0608675070106983 0.0614844635128975 0.0621434859931469 0.0623530223965645 0.0636352822184563 0.0636203438043594 0.0637929663062096 0.0716006904840469 0.0802940875291824 0.0813234001398087 0.0900772958993912 0.099351167678833 0.0991492047905922 0.0974935069680214 0.0877274796366692 0.0885152295231819 0.0902146622538567 0.101960927248001 0.103297501802444 0.0945641547441483 0.0956547483801842 0.0967875048518181 0.0969863161444664 0.105448216199875 0.106072969734669 0.104964792728424 0.104625411331654 0.103766791522503 0.104437552392483 0.115617655217648 0.129570469260216 0.144701644778252 0.161145359277725 0.176426619291306 0.186432883143425 0.19637168943882 0.209272280335426 0.209110468626022 0.221571072936058 0.220015838742256 0.230853334069252 0.232031539082527 0.245922565460205 0.246250614523888
0.0542493760585785 0.0542764887213707 0.0599363744258881 0.0609370283782482 0.0614684149622917 0.0621384233236313 0.0627591609954834 0.064025029540062 0.0639870464801788 0.063903234899044 0.0647347718477249 0.0727724805474281 0.0817320346832275 0.0905293524265289 0.100329525768757 0.100354738533497 0.112513840198517 0.0994945764541626 0.0995693802833557 0.101342417299747 0.103941656649113 0.10546750575304 0.106851659715176 0.107246860861778 0.107994958758354 0.109786123037338 0.109897151589394 0.10900492221117 0.107322014868259 0.10590011626482 0.104665100574493 0.116559773683548 0.116559773683548 0.129658445715904 0.144418329000473 0.162701845169067 0.176495060324669 0.189269602298737 0.198947057127953 0.199779987335205 0.210782513022423 0.223978042602539 0.236278280615807 0.236143335700035 0.233876898884773 0.235170349478722 0.234756961464882 0.234719008207321
0.0547083131968975 0.0547557137906551 0.0546136274933815 0.0553582720458508 0.0557258501648903 0.0568749383091927 0.0576220415532589 0.064879946410656 0.0650517120957375 0.0656854957342148 0.0648474544286728 0.0727710798382759 0.0817187055945396 0.0912870019674301 0.101516522467136 0.112736396491528 0.126057311892509 0.114218696951866 0.114651478827 0.104994297027588 0.106279484927654 0.107392936944962 0.109260864555836 0.109921336174011 0.121788889169693 0.122335508465767 0.124138996005058 0.123022347688675 0.121008567512035 0.119633346796036 0.129827618598938 0.115668922662735 0.128989189863205 0.144279092550278 0.161500260233879 0.177249982953072 0.18779481947422 0.188971176743507 0.199929818511009 0.212996885180473 0.226085141301155 0.224882781505585 0.238156899809837 0.224280208349228 0.224228471517563 0.22413332760334 0.224315896630287 0.236850216984749
0.0498124919831753 0.050090204924345 0.0495175719261169 0.056245818734169 0.0567185990512371 0.058196447789669 0.0586973130702972 0.0590060763061047 0.0664951130747795 0.0741892084479332 0.0737309381365776 0.0819945633411407 0.0816294252872467 0.0914335623383522 0.10289354622364 0.115384854376316 0.130429178476334 0.130604401230812 0.118975646793842 0.119843915104866 0.121250055730343 0.122174598276615 0.123199887573719 0.124194741249084 0.123826861381531 0.138477444648743 0.137993812561035 0.13831952214241 0.134675160050392 0.13407501578331 0.146276041865349 0.144193723797798 0.144683852791786 0.161364302039146 0.176290825009346 0.187448263168335 0.188625037670135 0.201521590352058 0.20268402993679 0.21359945833683 0.215295299887657 0.22803620994091 0.227220088243484 0.220366880297661 0.220603853464127 0.208142682909966 0.209393516182899 0.221597194671631
0.0510930083692074 0.0507584102451801 0.0510940961539745 0.0519849210977554 0.0525236800312996 0.0529585778713226 0.0596062280237675 0.060342613607645 0.0672990456223488 0.0752464756369591 0.0748072937130928 0.0827364921569824 0.0828729495406151 0.0928956344723701 0.104827426373959 0.117141216993332 0.119679346680641 0.133109912276268 0.133718714118004 0.134579330682755 0.122239962220192 0.123507335782051 0.124042056500912 0.12542313337326 0.140140160918236 0.139687478542328 0.13971783220768 0.153673559427261 0.151859611272812 0.167670458555222 0.165558353066444 0.164152130484581 0.163821890950203 0.176167294383049 0.188325300812721 0.189664825797081 0.202200084924698 0.203568175435066 0.214327499270439 0.215193524956703 0.215616941452026 0.228110074996948 0.228588312864304 0.201170787215233 0.201736956834793 0.189621642231941 0.201850146055222 0.210710406303406
0.0514176972210407 0.0523401014506817 0.0527930706739426 0.0528839156031609 0.0536849461495876 0.0540362559258938 0.0544338151812553 0.0612087063491344 0.0766000598669052 0.0844428464770317 0.0846084132790565 0.0836435332894325 0.0831823796033859 0.0934052318334579 0.0954934656620026 0.10718784481287 0.120845422148705 0.135477781295776 0.135583370923996 0.135992437601089 0.137398093938828 0.138676553964615 0.139828473329544 0.140450060367584 0.141118794679642 0.156649053096771 0.154930487275124 0.15526257455349 0.170426785945892 0.177966102957726 0.177019789814949 0.177188590168953 0.18028350174427 0.189039006829262 0.190805286169052 0.202326238155365 0.21678914129734 0.21560250222683 0.218019127845764 0.229908138513565 0.216528028249741 0.217071354389191 0.212007492780685 0.203039243817329 0.202021569013596 0.191797956824303 0.203696846961975 0.22339391708374
0.0529458671808243 0.0532896891236305 0.0532631687819958 0.0539138242602348 0.0489263162016869 0.0549526661634445 0.0555670186877251 0.0624185502529144 0.0771364718675613 0.0865319594740868 0.0863795280456543 0.0853831395506859 0.0855264663696289 0.0860810577869415 0.0966349393129349 0.109180271625519 0.122070766985416 0.124436810612679 0.13883464038372 0.13929183781147 0.138797879219055 0.141067832708359 0.140365123748779 0.157004907727242 0.156833544373512 0.174358174204826 0.171870544552803 0.171728938817978 0.186148017644882 0.195398196578026 0.191217795014381 0.189789578318596 0.204733937978745 0.20423136651516 0.204105690121651 0.218910336494446 0.230437099933624 0.231392830610275 0.231077373027802 0.231132432818413 0.231600001454353 0.21974740922451 0.213597357273102 0.212115883827209 0.201448321342468 0.201148808002472 0.217503905296326 0.230941012501717
0.0537476018071175 0.0539803989231586 0.0545813404023647 0.0492625273764133 0.049963966012001 0.0502221696078777 0.0567256286740303 0.0630348175764084 0.0791136249899864 0.0788800343871117 0.0869313254952431 0.0865220800042152 0.0876485705375671 0.0979520007967949 0.0992343500256538 0.111011877655983 0.124865435063839 0.139550551772118 0.141471937298775 0.157795518636703 0.157380223274231 0.158363655209541 0.159831240773201 0.176654696464539 0.190689146518707 0.189441308379173 0.188508734107018 0.187112078070641 0.198250994086266 0.210577324032784 0.209618538618088 0.220937043428421 0.221743509173393 0.217000186443329 0.222654208540916 0.234039261937141 0.245316788554192 0.246010005474091 0.233957007527351 0.233127549290657 0.232843518257141 0.23297044634819 0.221025884151459 0.219517186284065 0.21832163631916 0.220671087503433 0.233267918229103 0.232402876019478
0.0612029172480106 0.0617262572050095 0.0557070635259151 0.0563927963376045 0.0509185418486595 0.0458376519382 0.0572221577167511 0.0642098039388657 0.0712900161743164 0.0797876119613647 0.0887670964002609 0.0892673656344414 0.0891683027148247 0.099863700568676 0.099504180252552 0.112299896776676 0.12693727016449 0.141209989786148 0.157789975404739 0.159218102693558 0.160799637436867 0.178371161222458 0.180456638336182 0.193927854299545 0.204138174653053 0.20255808532238 0.213803961873055 0.212970912456512 0.222718849778175 0.224159702658653 0.236912950873375 0.237440466880798 0.232837200164795 0.233469307422638 0.232701301574707 0.249130681157112 0.248645558953285 0.248247623443604 0.248664274811745 0.248188868165016 0.23528490960598 0.234960690140724 0.222024604678154 0.221050664782524 0.220326319336891 0.233132883906364 0.233976051211357 0.247550189495087
0.0691800564527512 0.0700395107269287 0.0635978356003761 0.0570437274873257 0.057344064116478 0.0578611344099045 0.0644817650318146 0.0719879344105721 0.0807561799883842 0.0900467336177826 0.0902688354253769 0.0905461609363556 0.100849881768227 0.100769631564617 0.112861484289169 0.113736353814602 0.12848824262619 0.142488434910774 0.157378166913986 0.177282705903053 0.179637119174004 0.195119887590408 0.198207050561905 0.20881874859333 0.221084028482437 0.231048226356506 0.243412926793098 0.254417955875397 0.240303993225098 0.239374995231628 0.23863260447979 0.25314274430275 0.234855055809021 0.249740988016129 0.248177647590637 0.265945047140121 0.265644580125809 0.264842122793198 0.265753209590912 0.266033321619034 0.25120946764946 0.238090872764587 0.23814731836319 0.235332384705544 0.235344141721725 0.249834790825844 0.26156821846962 0.278651803731918
0.0775374248623848 0.0793154016137123 0.0800704509019852 0.0716249570250511 0.0644450634717941 0.0647420287132263 0.0730553492903709 0.081303246319294 0.0819225907325745 0.0911543369293213 0.101698599755764 0.101682789623737 0.101796343922615 0.112861476838589 0.11428165435791 0.114912614226341 0.129906058311462 0.143591940402985 0.177693754434586 0.178387001156807 0.195436730980873 0.207094892859459 0.221379235386848 0.235617190599442 0.235656201839447 0.24512192606926 0.259717524051666 0.256979823112488 0.255688816308975 0.268707066774368 0.254234969615936 0.255231082439423 0.255491346120834 0.254339694976807 0.267107248306274 0.268791973590851 0.268336534500122 0.283214658498764 0.28458896279335 0.268963426351547 0.268698215484619 0.253641068935394 0.252559840679169 0.251652359962463 0.252873778343201 0.265226751565933 0.294432103633881 0.310841470956802
0.0876379460096359 0.0806882902979851 0.0813109502196312 0.0813299119472504 0.0810894593596458 0.080801822245121 0.0813950747251511 0.0918334573507309 0.0929249674081802 0.103536985814571 0.103216923773289 0.114252358675003 0.114486888051033 0.115269050002098 0.128468200564384 0.12871278822422 0.144472539424896 0.160207733511925 0.178456649184227 0.195203214883804 0.207370921969414 0.222306206822395 0.237300857901573 0.237628728151321 0.249589651823044 0.263733685016632 0.274596631526947 0.287631750106812 0.273487508296967 0.284021228551865 0.269510686397552 0.256968110799789 0.256611973047256 0.267876982688904 0.268965393304825 0.270724922418594 0.271653026342392 0.289022892713547 0.287492573261261 0.287089824676514 0.285290509462357 0.282949239015579 0.268242388963699 0.268105685710907 0.282578200101852 0.296565622091293 0.331045180559158 0.348649442195892
0.088808111846447 0.0904644429683685 0.0826433449983597 0.0927302837371826 0.0923545360565186 0.0922730416059494 0.0936837270855904 0.104233801364899 0.104802310466766 0.11654232442379 0.115441799163818 0.129036366939545 0.12857124209404 0.129178389906883 0.1427983045578 0.158074498176575 0.177671760320663 0.193178966641426 0.194676160812378 0.20838463306427 0.222381889820099 0.235519990324974 0.250593334436417 0.250874131917953 0.266117691993713 0.278611660003662 0.291587382555008 0.291432440280914 0.287675738334656 0.287228733301163 0.286173552274704 0.272782772779465 0.270288616418839 0.268650650978088 0.268866568803787 0.274225920438766 0.274564146995544 0.29031103849411 0.290922820568085 0.30487385392189 0.302242696285248 0.301183700561523 0.299790263175964 0.298426538705826 0.315404862165451 0.331056207418442 0.367157936096191 0.387303113937378
0.0909310430288315 0.0924854204058647 0.0938403606414795 0.0944309756159782 0.0952326580882072 0.105454586446285 0.105650715529919 0.118583619594574 0.118700109422207 0.132206618785858 0.131338343024254 0.144558399915695 0.14550656080246 0.161241769790649 0.178181439638138 0.192875355482101 0.194421499967575 0.195123955607414 0.208178833127022 0.222000226378441 0.222786769270897 0.249872624874115 0.251569151878357 0.265458911657333 0.281417936086655 0.294639855623245 0.292359620332718 0.309597313404083 0.307134717702866 0.305614858865738 0.287674695253372 0.28787687420845 0.27311959862709 0.285997837781906 0.271308034658432 0.273747265338898 0.277344673871994 0.293868035078049 0.308405041694641 0.337972104549408 0.339372158050537 0.337189555168152 0.336910158395767 0.334355384111404 0.35391166806221 0.369252681732178 0.407670676708221 0.425021082162857
0.093056321144104 0.0943966284394264 0.0953412726521492 0.107720084488392 0.107467375695705 0.120179802179337 0.132800981402397 0.133428961038589 0.149216666817665 0.165315970778465 0.164790436625481 0.180316478013992 0.180011972784996 0.182170674204826 0.204686552286148 0.204901918768883 0.207950159907341 0.220626965165138 0.220884993672371 0.235626459121704 0.236302360892296 0.252594918012619 0.268486201763153 0.2811059653759 0.282986402511597 0.295533835887909 0.313197433948517 0.309983134269714 0.32256743311882 0.324460744857788 0.322250425815582 0.30464044213295 0.290141493082047 0.275378227233887 0.274069845676422 0.274839699268341 0.276905119419098 0.293362438678741 0.3244608938694 0.360084265470505 0.356603533029556 0.357567429542542 0.373564928770065 0.374812364578247 0.392209649085999 0.425544291734695 0.443345159292221 0.462622970342636
0.104541771113873 0.107521668076515 0.108932055532932 0.122463658452034 0.122348614037037 0.137143686413765 0.151631698012352 0.168172478675842 0.168162405490875 0.185632452368736 0.199552893638611 0.198967307806015 0.199346408247948 0.209016814827919 0.220988184213638 0.231500655412674 0.234784454107285 0.235656648874283 0.23702085018158 0.237229540944099 0.23804683983326 0.255398333072662 0.269134342670441 0.284716874361038 0.300032764673233 0.298136711120605 0.31272479891777 0.327801287174225 0.329107791185379 0.34138423204422 0.340095460414886 0.338652640581131 0.321764916181564 0.306863456964493 0.277424424886703 0.27894526720047 0.293884545564651 0.30865865945816 0.341379642486572 0.361160010099411 0.379417359828949 0.396538883447647 0.396369397640228 0.414169102907181 0.42760044336319 0.462851792573929 0.480908125638962 0.498882442712784
0.118356935679913 0.120607741177082 0.123286440968513 0.136487081646919 0.137607887387276 0.15294124186039 0.171204417943954 0.188223287463188 0.205725133419037 0.205475807189941 0.215887546539307 0.215085983276367 0.214392364025116 0.22463096678257 0.236856400966644 0.249749347567558 0.252130210399628 0.240707546472549 0.24080953001976 0.255792081356049 0.256187230348587 0.271914601325989 0.273158699274063 0.286600470542908 0.302239209413528 0.301817655563354 0.316256165504456 0.33042448759079 0.348476856946945 0.36283078789711 0.359653174877167 0.375313401222229 0.357651978731155 0.324637174606323 0.323902547359467 0.310165047645569 0.312089860439301 0.343526124954224 0.343014180660248 0.381816774606705 0.39886736869812 0.415036529302597 0.43234920501709 0.449026733636856 0.464655131101608 0.501549243927002 0.518958687782288 0.537407875061035
0.119394220411777 0.122392378747463 0.13568489253521 0.152933031320572 0.16910345852375 0.171238332986832 0.190077245235443 0.207564249634743 0.222664684057236 0.234889477491379 0.232336640357971 0.229608431458473 0.24193911254406 0.241627022624016 0.253579705953598 0.254193872213364 0.255115538835526 0.259191989898682 0.274446934461594 0.275611072778702 0.273607105016708 0.275092005729675 0.291541129350662 0.291015416383743 0.305185884237289 0.303451180458069 0.318832695484161 0.335691452026367 0.350685864686966 0.385587275028229 0.400289416313171 0.396219402551651 0.395236670970917 0.360166996717453 0.344051331281662 0.344848543405533 0.345869898796082 0.346894502639771 0.363475769758224 0.400274366140366 0.431820631027222 0.448730051517487 0.465688705444336 0.484587043523788 0.50258868932724 0.520466327667236 0.557030200958252 0.566755294799805
0.134311363101006 0.135765969753265 0.1517154276371 0.167676448822021 0.187258124351501 0.188594579696655 0.207551389932632 0.222107917070389 0.235397085547447 0.251670926809311 0.246814981102943 0.24495892226696 0.256380617618561 0.254652798175812 0.256817102432251 0.271250516176224 0.272521406412125 0.275265455245972 0.280295461416245 0.279643774032593 0.293443948030472 0.294392496347427 0.308768689632416 0.309015840291977 0.307406812906265 0.307995349168777 0.325844615697861 0.339880079030991 0.372475296258926 0.406800627708435 0.436578273773193 0.433198153972626 0.430630415678024 0.398616701364517 0.398329883813858 0.381587088108063 0.381825923919678 0.380613148212433 0.400619447231293 0.422853261232376 0.455378651618958 0.486736804246902 0.502519547939301 0.521570205688477 0.538904368877411 0.554500341415405 0.576489388942719 0.575879096984863
