data/climate_estimation/maxent_output/Smilax_schomburgkiana.asc
NCOLS 560 
NROWS 384 
XLLCORNER -80.5 
YLLCORNER -21.1666666666667 
CELLSIZE 0.0833333333333333 
NODATA_value -3.4e+38 
[rows 140 to 159 of 384, columns 44 to 87 of 560]
0.660642027854919 0.625235438346863 0.609506905078888 0.594894468784332 0.596535563468933 0.61706018447876 0.627446591854095 0.595314741134644 0.615786492824554 0.57727187871933 0.570147037506104 0.572357535362244 0.546208739280701 0.528716683387756 0.493780106306076 0.479859948158264 0.489345729351044 0.464272916316986 0.451161354780197 0.449497699737549 0.468091517686844 0.46208119392395 0.481020152568817 0.493521243333817 0.502565324306488 0.499306499958038 0.497368156909943 0.507932186126709 0.520176649093628 0.518958210945129 0.510936200618744 0.500602126121521 0.511426389217377 0.520422875881195 0.535773932933807 0.527700126171112 0.540976047515869 0.532019138336182 0.537589907646179 0.54977935552597 0.553951799869537 0.558607935905457 0.557575643062592 0.560188591480255
0.628338813781738 0.622373461723328 0.596074461936951 0.58335679769516 0.630637168884277 0.638746678829193 0.636389911174774 0.598582565784454 0.609197735786438 0.575290620326996 0.596296429634094 0.54919171333313 0.535218954086304 0.513251483440399 0.511041283607483 0.486897230148315 0.470755010843277 0.475258469581604 0.449443429708481 0.444848746061325 0.448508083820343 0.470039397478104 0.464634776115417 0.463130176067352 0.477090865373611 0.47211742401123 0.471335649490356 0.481610715389252 0.485305547714233 0.495638817548752 0.49224191904068 0.511013805866241 0.500120520591736 0.50777393579483 0.498991787433624 0.521633327007294 0.519678235054016 0.507636308670044 0.537338972091675 0.554347336292267 0.560867428779602 0.562915444374084 0.547366619110107 0.552961230278015
0.620336294174194 0.594139516353607 0.587726831436157 0.590181887149811 0.622754633426666 0.602746188640594 0.606488525867462 0.601029455661774 0.612569868564606 0.587503433227539 0.597147345542908 0.55976414680481 0.534195244312286 0.514771461486816 0.493887335062027 0.498690396547318 0.4919812977314 0.469379812479019 0.464616924524307 0.45608177781105 0.470298051834106 0.466799288988113 0.4527288377285 0.461131036281586 0.476526588201523 0.468332976102829 0.467453300952911 0.468951493501663 0.461052000522614 0.476005733013153 0.477228820323944 0.514172494411469 0.498254895210266 0.502130031585693 0.51093578338623 0.504796624183655 0.532046139240265 0.531609237194061 0.539986848831177 0.540494322776794 0.558148384094238 0.551261842250824 0.558559060096741 0.559320449829102
0.610671758651733 0.588737428188324 0.591996252536774 0.582627415657043 0.59344071149826 0.612733542919159 0.614367485046387 0.606202840805054 0.623791575431824 0.596966743469238 0.586354553699493 0.54584664106369 0.568006634712219 0.531445145606995 0.528056681156158 0.499318838119507 0.520562350749969 0.482409983873367 0.483308434486389 0.495043992996216 0.481707394123077 0.459164023399353 0.455980539321899 0.462663888931274 0.48392128944397 0.502277791500092 0.478272914886475 0.482234716415405 0.483345746994019 0.48651322722435 0.499604672193527 0.539259612560272 0.517214119434357 0.511133134365082 0.504474520683289 0.529749631881714 0.544871509075165 0.552868843078613 0.551169216632843 0.537661612033844 0.552356421947479 0.566359639167786 0.545997560024261 0.558524131774902
0.60504412651062 0.584780395030975 0.563724040985107 0.597786426544189 0.596332788467407 0.609178066253662 0.579884469509125 0.577046513557434 0.606010019779205 0.566308438777924 0.579867422580719 0.59107893705368 0.561425685882568 0.552848935127258 0.532309234142303 0.536792814731598 0.508170783519745 0.516568243503571 0.504580438137054 0.480462044477463 0.48100009560585 0.498787045478821 0.471650362014771 0.477107107639313 0.481365084648132 0.506224513053894 0.506445586681366 0.505798757076263 0.486905097961426 0.479953199625015 0.523127138614655 0.537809610366821 0.539527237415314 0.530563771724701 0.523116648197174 0.547527551651001 0.539088666439056 0.535352945327759 0.542071938514709 0.527379870414734 0.564637124538422 0.589503645896912 0.555337131023407 0.579831898212433
0.611270725727081 0.587533354759216 0.584538221359253 0.605908930301666 0.603257536888123 0.592491328716278 0.592736661434174 0.575970351696014 0.588559091091156 0.586913526058197 0.58405601978302 0.571536302566528 0.55655175447464 0.569770455360413 0.563305914402008 0.536644697189331 0.542001247406006 0.517533898353577 0.500192701816559 0.50754576921463 0.505992233753204 0.51688551902771 0.518776476383209 0.491640359163284 0.496594250202179 0.507489800453186 0.514573574066162 0.522717595100403 0.506679892539978 0.490669876337051 0.532838404178619 0.52885627746582 0.529551029205322 0.523869454860687 0.519325256347656 0.55170464515686 0.546579658985138 0.532586514949799 0.553641259670258 0.56603592634201 0.559781074523926 0.564224541187286 0.583218634128571 0.577363789081573
0.605818331241608 0.585767686367035 0.588477969169617 0.585898637771606 0.588252067565918 0.583800315856934 0.580585420131683 0.585114181041718 0.580305397510529 0.589521169662476 0.596515655517578 0.56631726026535 0.573960363864899 0.574864089488983 0.574021279811859 0.55700409412384 0.548329889774323 0.546615242958069 0.537817239761353 0.532847464084625 0.545843780040741 0.503794550895691 0.503899335861206 0.48484805226326 0.529645204544067 0.52437299489975 0.533953785896301 0.540115416049957 0.524213373661041 0.505306720733643 0.507991969585419 0.540630102157593 0.536581993103027 0.53389436006546 0.552272975444794 0.549953758716583 0.535188436508179 0.537981152534485 0.564742147922516 0.560209810733795 0.563801944255829 0.568581461906433 0.570031106472015 0.578341245651245
0.592491388320923 0.573686301708221 0.60788369178772 0.602136194705963 0.604508936405182 0.599340915679932 0.56725287437439 0.560110986232758 0.583098530769348 0.579034030437469 0.59125828742981 0.581289112567902 0.564705729484558 0.573237478733063 0.592153012752533 0.563737154006958 0.558773756027222 0.57666677236557 0.549874126911163 0.542290270328522 0.533456206321716 0.520463705062866 0.516858279705048 0.507102847099304 0.503958940505981 0.511309802532196 0.539204120635986 0.545028567314148 0.531749784946442 0.526030719280243 0.516867518424988 0.541274130344391 0.532420456409454 0.538622081279755 0.576287627220154 0.550334334373474 0.547562181949615 0.576518774032593 0.552905559539795 0.55100154876709 0.556004285812378 0.545849978923798 0.558379352092743 0.585005402565002
0.598268747329712 0.578404009342194 0.595973014831543 0.582226634025574 0.586189329624176 0.589149177074432 0.59312629699707 0.583453178405762 0.566959738731384 0.569187045097351 0.577518403530121 0.584686994552612 0.60463285446167 0.571874141693115 0.573116660118103 0.575318217277527 0.57124650478363 0.561048984527588 0.56753933429718 0.576824843883514 0.540695250034332 0.54006564617157 0.541634142398834 0.536883771419525 0.520439505577087 0.509959578514099 0.510211527347565 0.515081584453583 0.553524971008301 0.533072710037231 0.527309715747833 0.541039526462555 0.547225177288055 0.542680561542511 0.559927821159363 0.544367015361786 0.547332525253296 0.562036037445068 0.548158645629883 0.548054456710815 0.540417015552521 0.551693677902222 0.549268782138824 0.569118976593018
0.591459512710571 0.591148018836975 0.594531953334808 0.584125876426697 0.589834988117218 0.586512088775635 0.585169732570648 0.586018741130829 0.585379004478455 0.587200820446014 0.561736404895782 0.578380405902863 0.580461442470551 0.582700788974762 0.558979630470276 0.567806899547577 0.573977112770081 0.588567078113556 0.562432885169983 0.578812062740326 0.563232183456421 0.560056746006012 0.538807213306427 0.544510781764984 0.532431662082672 0.522244453430176 0.519781887531281 0.519993603229523 0.546465039253235 0.561867117881775 0.542914271354675 0.553404331207275 0.545857965946198 0.547140300273895 0.544220805168152 0.540168642997742 0.543557345867157 0.541383862495422 0.549242913722992 0.537659585475922 0.539276897907257 0.55957442522049 0.543397843837738 0.557058691978455
0.594049394130707 0.571198642253876 0.560315072536469 0.565162062644958 0.564048171043396 0.571784317493439 0.579891562461853 0.583001136779785 0.59882265329361 0.591085612773895 0.577414035797119 0.568434238433838 0.580811619758606 0.583596050739288 0.594619631767273 0.588492512702942 0.581464827060699 0.576066017150879 0.565050959587097 0.580657243728638 0.572447001934052 0.569394826889038 0.559824109077454 0.543471932411194 0.550277054309845 0.547451794147491 0.538483142852783 0.542125403881073 0.545510292053223 0.568814098834991 0.552301049232483 0.544820666313171 0.556960642337799 0.548005700111389 0.540842890739441 0.537015020847321 0.547277450561523 0.553087174892426 0.552935481071472 0.545508444309235 0.537376344203949 0.546746432781219 0.545407712459564 0.53800755739212
0.569586098194122 0.566968381404877 0.56539386510849 0.558758020401001 0.550329446792603 0.574725031852722 0.589111328125 0.593110501766205 0.574507653713226 0.600444138050079 0.590241312980652 0.606378734111786 0.580114722251892 0.577791512012482 0.585257172584534 0.578256785869598 0.560634672641754 0.590963304042816 0.565391540527344 0.577748239040375 0.58964866399765 0.565473258495331 0.574035286903381 0.550117909908295 0.551636576652527 0.532948315143585 0.567713916301727 0.554413735866547 0.552300930023193 0.562559068202972 0.571167767047882 0.56440407037735 0.567471861839294 0.564804255962372 0.551967203617096 0.556017339229584 0.559933423995972 0.557175517082214 0.550598323345184 0.538981854915619 0.5411696434021 0.530155658721924 0.531143367290497 0.539681673049927
0.561143815517426 0.564833462238312 0.559030055999756 0.55745542049408 0.548726856708527 0.569557666778564 0.576593458652496 0.579282999038696 0.568505942821503 0.581374645233154 0.581233203411102 0.590014100074768 0.581226885318756 0.583893001079559 0.585598826408386 0.586089193820953 0.567287743091583 0.564287841320038 0.564573705196381 0.570832908153534 0.57752525806427 0.545872211456299 0.568767786026001 0.57171094417572 0.569047152996063 0.564737379550934 0.546270906925201 0.564086318016052 0.563688695430756 0.578028321266174 0.574191868305206 0.570838093757629 0.569906115531921 0.543178975582123 0.54563981294632 0.554937124252319 0.559713661670685 0.554578840732574 0.538862228393555 0.552697837352753 0.542708098888397 0.542516708374023 0.544664144515991 0.541468441486359
0.576359629631042 0.563571691513062 0.577146410942078 0.565996587276459 0.575178146362305 0.587463438510895 0.579684972763062 0.58936595916748 0.58806699514389 0.559770226478577 0.579209387302399 0.578772485256195 0.558552622795105 0.574336588382721 0.585691809654236 0.593658685684204 0.581807076931 0.596204578876495 0.576055765151978 0.596551895141602 0.612356007099152 0.576396584510803 0.558775126934052 0.565376996994019 0.569049119949341 0.592416524887085 0.573932230472565 0.563882827758789 0.574442088603973 0.570813238620758 0.570215284824371 0.562659978866577 0.569497525691986 0.573753833770752 0.556811153888702 0.570094883441925 0.561841130256653 0.563918769359589 0.567337393760681 0.543659567832947 0.551712453365326 0.54751855134964 0.548572063446045 0.540800809860229
0.563976764678955 0.555553793907166 0.568071782588959 0.564440250396729 0.568348705768585 0.576983690261841 0.590096414089203 0.588659942150116 0.589697241783142 0.587647378444672 0.591808259487152 0.594549059867859 0.584153234958649 0.587061047554016 0.59283185005188 0.607026636600494 0.59360408782959 0.612587153911591 0.592739641666412 0.598805367946625 0.591790020465851 0.605357825756073 0.59573233127594 0.576939761638641 0.564379870891571 0.58545583486557 0.587935149669647 0.587666630744934 0.566729068756104 0.565329194068909 0.541396796703339 0.51634693145752 0.57566237449646 0.570010125637054 0.555922150611877 0.551462113857269 0.542757332324982 0.555282831192017 0.561710834503174 0.555570483207703 0.542044341564178 0.538829684257507 0.539681017398834 0.541105926036835
0.567068815231323 0.564440011978149 0.571796238422394 0.575218498706818 0.573677539825439 0.589088499546051 0.596894323825836 0.576705455780029 0.583179891109467 0.573948562145233 0.585473597049713 0.578707277774811 0.582051873207092 0.584033131599426 0.585707366466522 0.600887298583984 0.598276495933533 0.604888737201691 0.618197977542877 0.608832895755768 0.605728447437286 0.591923356056213 0.587353050708771 0.578655540943146 0.571056663990021 0.581301808357239 0.577633798122406 0.573108553886414 0.579603374004364 0.560694515705109 0.5321044921875 0.498558729887009 0.459508508443832 0.528032958507538 0.517991244792938 0.521679878234863 0.509370625019073 0.548821628093719 0.524994611740112 0.486056327819824 0.55636328458786 0.529477119445801 0.540284037590027 0.516378462314606
0.573884665966034 0.576802551746368 0.582876265048981 0.599564850330353 0.592258334159851 0.59223347902298 0.585642397403717 0.591125309467316 0.582531273365021 0.575737535953522 0.563841938972473 0.555895805358887 0.591209530830383 0.592292308807373 0.603332221508026 0.605444550514221 0.588391482830048 0.590520083904266 0.600441515445709 0.613091588020325 0.602492034435272 0.586272835731506 0.58927196264267 0.585476398468018 0.580877006053925 0.586174964904785 0.574552655220032 0.563959121704102 0.531153440475464 0.48610931634903 0.55191034078598 0.507834017276764 0.441886425018311 0.389670759439468 0.473348736763 0.495109260082245 0.488142728805542 0.505492925643921 0.513141989707947 0.51072496175766 0.551853001117706 0.527572870254517 0.529037117958069 0.513148605823517
0.569164752960205 0.562655389308929 0.589118123054504 0.586545586585999 0.600803971290588 0.612841010093689 0.591743409633636 0.594513118267059 0.585814118385315 0.569111227989197 0.556468427181244 0.551546812057495 0.577356040477753 0.585617423057556 0.597725510597229 0.60176819562912 0.586004078388214 0.592393100261688 0.596099436283112 0.598713934421539 0.611195206642151 0.595235288143158 0.586546123027802 0.591515362262726 0.574565649032593 0.592311084270477 0.549611985683441 0.510675728321075 0.549427688121796 0.399808257818222 0.341934740543365 0.348273873329163 0.389977216720581 0.414125472307205 0.396681278944016 0.351338386535645 0.431306958198547 0.434494167566299 0.45647931098938 0.451028078794479 0.489779412746429 0.48632475733757 0.485458076000214 0.521793961524963
0.579811036586761 0.567560911178589 0.571281492710114 0.593832433223724 0.595022141933441 0.60143107175827 0.596202492713928 0.600484609603882 0.584889352321625 0.584187567234039 0.559866368770599 0.539164006710052 0.578048408031464 0.596744775772095 0.598690032958984 0.592833757400513 0.58574390411377 0.585608720779419 0.57878452539444 0.581792116165161 0.607512414455414 0.597726285457611 0.600095570087433 0.600668907165527 0.596736311912537 0.528587102890015 0.501594066619873 0.463124424219131 0.516190230846405 0.403766691684723 0.36256930232048 0.309622466564178 0.343562632799149 0.319673985242844 0.298041701316833 0.27681091427803 0.328559219837189 0.376303613185883 0.371713250875473 0.471338391304016 0.474824547767639 0.426780700683594 0.487793862819672 0.47627717256546
0.555869042873383 0.56992769241333 0.582486033439636 0.593297779560089 0.610633075237274 0.615196347236633 0.590529978275299 0.578547835350037 0.588486015796661 0.579618632793427 0.556339085102081 0.551062166690826 0.567680418491364 0.583880722522736 0.591093838214874 0.590653419494629 0.599161446094513 0.589810371398926 0.597092866897583 0.584834396839142 0.590754985809326 0.577623665332794 0.603411793708801 0.604395866394043 0.555111467838287 0.573106169700623 0.526699841022491 0.487703770399094 0.436272442340851 0.418998092412949 0.420969605445862 0.373490184545517 0.352447420358658 0.305687129497528 0.375844687223434 0.307699501514435 0.318585067987442 0.397103548049927 0.439232528209686 0.441376835107803 0.418259829282761 0.430165320634842 0.443160653114319 0.484969258308411
