data/climate_estimation/maxent_output/Smilax_laurifolia.asc
NCOLS 276 
NROWS 204 
XLLCORNER -97.8333333333333 
YLLCORNER 22 
CELLSIZE 0.0833333333333333 
NODATA_value -3.4e+38 
[rows 44 to 65 of 204, columns 49 to 97 of 276]
0.213567540049553 0.221557140350342 0.216394513845444 0.200806573033333 0.203134328126907 0.206287607550621 0.203941449522972 0.207236483693123 0.229749754071236 0.243962451815605 0.366018772125244 0.396490812301636 0.413949698209763 0.438604086637497 0.446810871362686 0.441184431314468 0.458573907613754 0.460387855768204 0.462626993656158 0.483644485473633 0.494104743003845 0.495532989501953 0.488973140716553 0.486774146556854 0.490555256605148 0.475292921066284 0.469598025083542 0.460482478141785 0.465449750423431 0.45741280913353 0.448070853948593 0.447699189186096 0.450484246015549 0.454832345247269 0.447611153125763 0.45132127404213 0.45706632733345 0.450316458940506 0.435920923948288 0.424749225378036 0.430301040410995 0.423155605792999 0.413688808679581 0.414578974246979 0.418498814105988 0.417432367801666 0.433031976222992 0.449840307235718 0.470035225152969
0.223752528429031 0.248266607522964 0.242398262023926 0.235711321234703 0.222327873110771 0.228395849466324 0.225932031869888 0.355756312608719 0.366178572177887 0.378390848636627 0.390025556087494 0.40112891793251 0.42870831489563 0.450079470872879 0.443383544683456 0.459866136312485 0.460927516222 0.465711802244186 0.483770340681076 0.477337241172791 0.502129197120667 0.503260970115662 0.510286271572113 0.513053476810455 0.501292407512665 0.488897562026978 0.476001471281052 0.477499157190323 0.468622326850891 0.461207032203674 0.458483695983887 0.458681702613831 0.46196660399437 0.469900190830231 0.467375844717026 0.470023274421692 0.477798819541931 0.462715029716492 0.448471963405609 0.455651372671127 0.449409514665604 0.434483826160431 0.422653257846832 0.423828542232513 0.426844209432602 0.434318244457245 0.448045283555984 0.466350048780441 0.485740900039673
0.220687285065651 0.227821514010429 0.225337073206902 0.222899243235588 0.219550982117653 0.225885331630707 0.229472100734711 0.373616904020309 0.377200871706009 0.416576862335205 0.427952855825424 0.417418330907822 0.44463449716568 0.456177800893784 0.44299978017807 0.447646230459213 0.455261468887329 0.471665501594543 0.492679417133331 0.502394080162048 0.50638884305954 0.516084253787994 0.506635308265686 0.492367774248123 0.486368179321289 0.483091056346893 0.480807781219482 0.471062421798706 0.471714913845062 0.469617575407028 0.458146959543228 0.460244327783585 0.459195017814636 0.476243257522583 0.484062194824219 0.487305223941803 0.494134783744812 0.471257835626602 0.480363935232162 0.47158420085907 0.456589460372925 0.448351293802261 0.449029147624969 0.436438173055649 0.436921328306198 0.449955433607101 0.461999922990799 0.486507654190063 0.507582604885101
0.251924842596054 0.232484772801399 0.232144087553024 0.218787923455238 0.228841945528984 0.232154354453087 0.239179104566574 0.388152778148651 0.397193878889084 0.439958035945892 0.452437490224838 0.437691748142242 0.462935298681259 0.464730560779572 0.447225540876389 0.45224741101265 0.457043290138245 0.472097963094711 0.492356806993484 0.500956356525421 0.507298827171326 0.500335395336151 0.49278336763382 0.4874167740345 0.480969995260239 0.484082788228989 0.47637739777565 0.467762559652328 0.468583315610886 0.460874527692795 0.481281012296677 0.467491984367371 0.473352044820786 0.476976752281189 0.48561555147171 0.492630660533905 0.505092203617096 0.496031790971756 0.493826061487198 0.487165629863739 0.473064422607422 0.472706705331802 0.465690851211548 0.455605298280716 0.459610521793365 0.470163345336914 0.483120948076248 0.502245604991913 0.5290247797966
0.241580963134766 0.245069146156311 0.245369017124176 0.241825684905052 0.233174204826355 0.238990366458893 0.260826647281647 0.431073606014252 0.434801936149597 0.450563192367554 0.460290253162384 0.480245053768158 0.499991059303284 0.500730335712433 0.478384643793106 0.469866782426834 0.467773169279099 0.487456113100052 0.492369681596756 0.497503101825714 0.511291086673737 0.511948645114899 0.495513916015625 0.489634811878204 0.481488645076752 0.478809744119644 0.485908538103104 0.485045671463013 0.473730981349945 0.480855494737625 0.482557088136673 0.485449343919754 0.482823014259338 0.496940106153488 0.501892745494843 0.502797424793243 0.510817348957062 0.500958800315857 0.488819897174835 0.481625527143478 0.489538341760635 0.494657933712006 0.484198689460754 0.486464142799377 0.487200558185577 0.509545624256134 0.519786477088928 0.53277313709259 0.545013785362244
0.238596066832542 0.241891831159592 0.25854817032814 0.269017040729523 0.270822316408157 0.284324526786804 0.295992106199265 0.459426194429398 0.487400561571121 0.520792663097382 0.543862819671631 0.530065476894379 0.520184516906738 0.508718073368073 0.481241792440414 0.474591463804245 0.477183967828751 0.497287839651108 0.486377596855164 0.488980382680893 0.496092796325684 0.505217850208282 0.495857685804367 0.48627582192421 0.480845838785172 0.496979713439941 0.481403350830078 0.484685152769089 0.488053053617477 0.472520738840103 0.485745251178741 0.481449991464615 0.481408298015594 0.491903603076935 0.483192771673203 0.485248774290085 0.489236980676651 0.490266412496567 0.485077053308487 0.487664431333542 0.496706366539001 0.498422235250473 0.500753879547119 0.511212229728699 0.521808564662933 0.533961057662964 0.538711488246918 0.542360782623291 0.560712695121765
0.280218034982681 0.276906967163086 0.288847833871841 0.285150647163391 0.298980742692947 0.311482727527618 0.325256198644638 0.510939359664917 0.537338495254517 0.544819355010986 0.549342334270477 0.55213588476181 0.552938580513 0.549705028533936 0.525508940219879 0.518629133701324 0.495875090360641 0.494080513715744 0.470454841852188 0.477821826934814 0.487139016389847 0.484236210584641 0.491933822631836 0.488430172204971 0.480691313743591 0.49686872959137 0.489647507667542 0.479512542486191 0.476953834295273 0.470312625169754 0.474386811256409 0.472738176584244 0.483089804649353 0.478412687778473 0.47498893737793 0.46993750333786 0.48649537563324 0.481028378009796 0.4870865046978 0.49203497171402 0.49738597869873 0.501278400421143 0.524973034858704 0.535550534725189 0.549085557460785 0.548634827136993 0.53945517539978 0.557747840881348 0.568447768688202
0.296058923006058 0.302578985691071 0.302376240491867 0.294352144002914 0.304955929517746 0.320847600698471 0.331637471914291 0.512147545814514 0.526592612266541 0.542323589324951 0.55368560552597 0.560924887657166 0.566293358802795 0.564110159873962 0.560127973556519 0.536406755447388 0.516099691390991 0.485813289880753 0.471539407968521 0.471325188875198 0.478056252002716 0.488412261009216 0.484454452991486 0.485767483711243 0.490841001272202 0.492876380681992 0.486788839101791 0.486400425434113 0.467462152242661 0.477036386728287 0.47421807050705 0.471697717905045 0.471500039100647 0.472031652927399 0.458408147096634 0.470181703567505 0.489697188138962 0.476520150899887 0.480127274990082 0.488974779844284 0.498468160629272 0.519035696983337 0.523018062114716 0.549444735050201 0.565657019615173 0.561172366142273 0.566518485546112 0.563652515411377 0.587325870990753
0.294733583927155 0.293995976448059 0.299842447042465 0.302848637104034 0.313797414302826 0.327845722436905 0.501591086387634 0.521220207214355 0.546175301074982 0.556608140468597 0.565027892589569 0.570162117481232 0.586679100990295 0.580325424671173 0.571392416954041 0.551420390605927 0.519172310829163 0.502100765705109 0.489680767059326 0.488552898168564 0.490096867084503 0.496010333299637 0.507712662220001 0.498766511678696 0.497735738754272 0.491696178913116 0.473686575889587 0.464005440473557 0.454968184232712 0.449557185173035 0.471025824546814 0.463345050811768 0.464807540178299 0.463130682706833 0.457183331251144 0.462568521499634 0.473126322031021 0.490655869245529 0.484381139278412 0.48984706401825 0.503061532974243 0.500033140182495 0.529452919960022 0.558587491512299 0.575254559516907 0.581562161445618 0.585528373718262 0.5866379737854 0.608693897724152
0.316874116659164 0.314684152603149 0.31003874540329 0.49881449341774 0.498623698949814 0.507218420505524 0.526112377643585 0.541800081729889 0.558356165885925 0.579216778278351 0.59189385175705 0.583827257156372 0.600527584552765 0.585638403892517 0.571612775325775 0.554237902164459 0.536623358726501 0.521200895309448 0.505650043487549 0.494066506624222 0.501466929912567 0.506214559078217 0.512676000595093 0.502349197864532 0.500037014484406 0.496679961681366 0.487208098173141 0.456808000802994 0.452692836523056 0.43955335021019 0.43788480758667 0.456931740045547 0.455533891916275 0.452944397926331 0.456601619720459 0.459395170211792 0.468283832073212 0.482894092798233 0.481629639863968 0.492950558662415 0.507857024669647 0.511963605880737 0.547634780406952 0.566542148590088 0.589212596416473 0.595210611820221 0.611240863800049 0.628357172012329 0.621459245681763
0.343312501907349 0.342980295419693 0.523296415805817 0.517030358314514 0.514623165130615 0.538549780845642 0.533398926258087 0.548138678073883 0.558754503726959 0.587172746658325 0.611411809921265 0.602709472179413 0.585103511810303 0.569820523262024 0.56947124004364 0.563141107559204 0.537910103797913 0.536046624183655 0.525948107242584 0.515471220016479 0.510196805000305 0.520576298236847 0.518847525119781 0.513362169265747 0.505126714706421 0.495777666568756 0.487355649471283 0.459438264369965 0.455459535121918 0.453248023986816 0.451262533664703 0.453738480806351 0.446689635515213 0.448370933532715 0.46041664481163 0.466836124658585 0.470891684293747 0.471192538738251 0.48906347155571 0.505358517169952 0.514752924442291 0.533140003681183 0.541323900222778 0.57412201166153 0.594190835952759 0.6082563996315 0.613425374031067 0.632009029388428 0.634204864501953
0.534999310970306 0.519743025302887 0.524280309677124 0.521495521068573 0.553890824317932 0.562933444976807 0.581554770469666 0.598071336746216 0.596615850925446 0.607575058937073 0.610349297523499 0.613912522792816 0.580837190151215 0.565032839775085 0.569574415683746 0.550913155078888 0.546022653579712 0.540355801582336 0.534242451190948 0.536230206489563 0.525894284248352 0.541000068187714 0.52853125333786 0.526833772659302 0.513569474220276 0.504988968372345 0.48606863617897 0.472029000520706 0.465139538049698 0.463530153036118 0.450673431158066 0.445912688970566 0.448144555091858 0.445339411497116 0.459893733263016 0.459994375705719 0.47166633605957 0.483029007911682 0.490338951349258 0.510510623455048 0.512741327285767 0.534152090549469 0.547802984714508 0.560906171798706 0.587910950183868 0.597103416919708 0.616518795490265 0.629182159900665 0.635585784912109
0.533934891223907 0.53199315071106 0.542660653591156 0.554746866226196 0.563004791736603 0.570880532264709 0.586765468120575 0.599694788455963 0.595986664295197 0.594567179679871 0.605678558349609 0.6165452003479 0.600991010665894 0.559911012649536 0.556473731994629 0.553119659423828 0.548915565013885 0.546563446521759 0.548046827316284 0.54952472448349 0.541412889957428 0.556173980236053 0.543986737728119 0.530847907066345 0.514232397079468 0.508939385414124 0.498382896184921 0.481159389019012 0.480067610740662 0.468310564756393 0.459930568933487 0.455756723880768 0.450884699821472 0.455102354288101 0.456552147865295 0.459566831588745 0.479394108057022 0.495962291955948 0.491965383291245 0.505646109580994 0.534487724304199 0.544830977916718 0.556580066680908 0.568536818027496 0.584561884403229 0.60680091381073 0.621012210845947 0.623072683811188 0.631202578544617
0.533221125602722 0.565734267234802 0.56607323884964 0.570289850234985 0.587374567985535 0.592274606227875 0.595560312271118 0.593949794769287 0.590600490570068 0.591862142086029 0.600022256374359 0.613598644733429 0.61260974407196 0.583978235721588 0.543684720993042 0.546660244464874 0.542658567428589 0.542351961135864 0.552286565303802 0.551217198371887 0.559607028961182 0.548707008361816 0.54798698425293 0.539811193943024 0.528982222080231 0.524381875991821 0.507979452610016 0.5049187541008 0.491939455270767 0.483915776014328 0.477456122636795 0.469559371471405 0.468409299850464 0.471728086471558 0.469423919916153 0.474364429712296 0.488575279712677 0.495595246553421 0.502169728279114 0.529943406581879 0.538972198963165 0.551799356937408 0.565447330474854 0.578241407871246 0.599906325340271 0.607885181903839 0.618122339248657 0.617623567581177 0.621166288852692
0.564620077610016 0.570196807384491 0.579928398132324 0.575151383876801 0.591751635074615 0.601823687553406 0.598547756671906 0.605035662651062 0.581222951412201 0.597724854946136 0.603152930736542 0.607772409915924 0.598765075206757 0.583292365074158 0.549641311168671 0.542757928371429 0.539468050003052 0.542212665081024 0.549466669559479 0.560805857181549 0.578607201576233 0.551900506019592 0.547508001327515 0.551829814910889 0.550674438476562 0.539243638515472 0.531712174415588 0.519442975521088 0.513141751289368 0.501995623111725 0.491579920053482 0.48627695441246 0.478578954935074 0.473176389932632 0.48261484503746 0.491333335638046 0.496545970439911 0.505321443080902 0.511512398719788 0.526333630084991 0.536476194858551 0.549738645553589 0.566041469573975 0.572305679321289 0.602304756641388 0.605103731155396 0.620328009128571 0.624484360218048 0.623781502246857
0.556804001331329 0.581788599491119 0.591556370258331 0.596447348594666 0.594950199127197 0.604620933532715 0.600291013717651 0.587505400180817 0.580228388309479 0.57508397102356 0.590490937232971 0.580781936645508 0.580372750759125 0.565014123916626 0.567853987216949 0.545333325862885 0.555340051651001 0.543317914009094 0.546720504760742 0.561180472373962 0.580569446086884 0.572467565536499 0.561316192150116 0.56403785943985 0.55244767665863 0.545283019542694 0.549757719039917 0.540592968463898 0.537811875343323 0.520894169807434 0.496008455753326 0.502045154571533 0.48800328373909 0.479556322097778 0.486353754997253 0.483122497797012 0.494847923517227 0.503977298736572 0.509449660778046 0.52672666311264 0.542126715183258 0.555051684379578 0.566702246665955 0.576826930046082 0.589720249176025 0.606371164321899 0.615384876728058 0.624815285205841 0.616979777812958
0.588002324104309 0.576898574829102 0.588359117507935 0.592640697956085 0.59074455499649 0.604958236217499 0.590631723403931 0.593880236148834 0.58686488866806 0.571282029151917 0.558579504489899 0.583264589309692 0.569629490375519 0.570274233818054 0.568481922149658 0.538981556892395 0.538290083408356 0.534996926784515 0.570218920707703 0.568293690681458 0.582978427410126 0.583424508571625 0.583763003349304 0.567551672458649 0.570508182048798 0.560719132423401 0.557594358921051 0.549727559089661 0.540692508220673 0.530344486236572 0.50903445482254 0.499312937259674 0.491637140512466 0.48549896478653 0.488256424665451 0.498925626277924 0.501669645309448 0.508407831192017 0.509352505207062 0.518777966499329 0.535164296627045 0.547812938690186 0.549329340457916 0.566096305847168 0.587263107299805 0.60314267873764 0.611423492431641 0.612821280956268 0.611237108707428
0.582234025001526 0.600118815898895 0.611941456794739 0.598601877689362 0.581185519695282 0.578188419342041 0.580453634262085 0.598850607872009 0.58027458190918 0.570497334003448 0.558835327625275 0.566322684288025 0.556688368320465 0.564705312252045 0.56833153963089 0.555729389190674 0.554093301296234 0.55159467458725 0.56751024723053 0.574407041072845 0.577729940414429 0.591032803058624 0.597844004631042 0.597271919250488 0.571339845657349 0.562411069869995 0.561322927474976 0.551304936408997 0.538062214851379 0.52113801240921 0.505906641483307 0.501844584941864 0.489969074726105 0.49545356631279 0.48626583814621 0.497704178094864 0.49979430437088 0.511715590953827 0.508511424064636 0.514387667179108 0.520865321159363 0.52746170759201 0.538910508155823 0.558007061481476 0.588883280754089 0.600000977516174 0.609477519989014 0.610989570617676 0.620305597782135
0.599265992641449 0.6125368475914 0.608681797981262 0.59102338552475 0.578843533992767 0.584690809249878 0.575543165206909 0.576713621616364 0.568282961845398 0.55951988697052 0.549188256263733 0.553431153297424 0.563064634799957 0.565555989742279 0.569821894168854 0.573750495910645 0.557069599628448 0.567461729049683 0.573306262493134 0.569240987300873 0.580031454563141 0.587773084640503 0.587662398815155 0.598441183567047 0.589981734752655 0.573124766349792 0.560684859752655 0.550051748752594 0.530474662780762 0.515845775604248 0.506583154201508 0.496605008840561 0.493704229593277 0.497132569551468 0.491720050573349 0.493308901786804 0.504587769508362 0.497469484806061 0.510227859020233 0.511667847633362 0.515763461589813 0.528109014034271 0.54443895816803 0.557547330856323 0.570768356323242 0.591589033603668 0.602151691913605 0.611080348491669 0.626730620861053
0.607747793197632 0.61049622297287 0.605237126350403 0.591224670410156 0.580356955528259 0.581707417964935 0.593516826629639 0.596878170967102 0.5850949883461 0.57603257894516 0.563295185565948 0.556276798248291 0.55342048406601 0.559213519096375 0.562500715255737 0.561699390411377 0.566387593746185 0.571468412876129 0.594924509525299 0.588266253471375 0.588904976844788 0.594939768314362 0.599426805973053 0.599774420261383 0.591888546943665 0.580575525760651 0.561504900455475 0.54686427116394 0.531900465488434 0.515342891216278 0.512679100036621 0.494590163230896 0.499686151742935 0.493857562541962 0.485640674829483 0.493254423141479 0.495992511510849 0.503202736377716 0.510240435600281 0.516731262207031 0.519260585308075 0.532021641731262 0.54095584154129 0.564600229263306 0.585067868232727 0.608485996723175 0.623546957969666 0.619133234024048 0.642155647277832
0.601130425930023 0.610165596008301 0.609497010707855 0.601167619228363 0.614269435405731 0.609065473079681 0.601924002170563 0.592617750167847 0.595996737480164 0.583252251148224 0.563917517662048 0.549806714057922 0.547355234622955 0.555255472660065 0.557349383831024 0.56297093629837 0.563075542449951 0.567382276058197 0.593448400497437 0.595886290073395 0.598333120346069 0.603099167346954 0.600087702274323 0.61272132396698 0.598798871040344 0.580212652683258 0.560428500175476 0.543509066104889 0.535019040107727 0.513810038566589 0.505656778812408 0.498845189809799 0.492801606655121 0.489918768405914 0.494894504547119 0.500427603721619 0.501375138759613 0.509634494781494 0.512367188930511 0.534752547740936 0.534940958023071 0.532055199146271 0.558077454566956 0.578555047512054 0.598662793636322 0.618435442447662 0.622061967849731 0.65112978219986 0.654576182365417
0.596439957618713 0.612385749816895 0.610105037689209 0.608973860740662 0.62005615234375 0.618388473987579 0.620969474315643 0.619937837123871 0.598842263221741 0.5870720744133 0.572843074798584 0.554770231246948 0.551864743232727 0.549527645111084 0.546289622783661 0.559063017368317 0.5754154920578 0.581037819385529 0.591891050338745 0.59874153137207 0.59878146648407 0.603091418743134 0.602734267711639 0.62082976102829 0.600170195102692 0.588559031486511 0.577462196350098 0.550706803798676 0.540025353431702 0.525334060192108 0.51956832408905 0.508123278617859 0.497904062271118 0.483236849308014 0.492929548025131 0.499684542417526 0.500239908695221 0.520959615707397 0.520131170749664 0.532307028770447 0.542178571224213 0.573994398117065 0.570991516113281 0.590209186077118 0.619581580162048 0.628594577312469 0.640165209770203 0.660068392753601 0.667083621025085
