data/climate_estimation/maxent_output/Smilax_sieboldii.asc
NCOLS 462 
NROWS 224 
XLLCORNER 104.416666666667 
YLLCORNER 22.25 
CELLSIZE 0.0833333333333333 
NODATA_value -3.4e+38 
[rows 88 to 109 of 224, columns 153 to 203 of 462]
0.147007599473 0.146952986717224 0.167273536324501 0.176272362470627 0.184185460209846 0.208214476704597 0.20961357653141 0.237464740872383 0.239201098680496 0.269469946622849 0.28023636341095 0.312723219394684 0.336510479450226 0.33830189704895 0.319376409053802 0.364378124475479 0.379288583993912 0.393039792776108 0.386356770992279 0.401476353406906 0.400926440954208 0.416676163673401 0.427963435649872 0.451389819383621 0.431631535291672 0.447817295789719 0.464678406715393 0.482614755630493 0.517979204654694 0.513406217098236 0.536952972412109 0.537480711936951 0.538386881351471 0.540530681610107 0.542758166790009 0.520200073719025 0.512569546699524 0.487529963254929 0.462279170751572 0.472484856843948 0.459642797708511 0.453617691993713 -3.4e+38 -3.4e+38 -3.4e+38 -3.4e+38 -3.4e+38 -3.4e+38 -3.4e+38 -3.4e+38 -3.4e+38
0.155195936560631 0.161433070898056 0.16931839287281 0.19091784954071 0.192397788167 0.200417816638947 0.226099207997322 0.228971555829048 0.256499797105789 0.267423123121262 0.300330877304077 0.301103800535202 0.335058987140656 0.336449831724167 0.348511219024658 0.362626910209656 0.364361375570297 0.378878533840179 0.395086824893951 0.410178363323212 0.411775469779968 0.42371267080307 0.424466669559479 0.421594798564911 0.438412100076675 0.455667644739151 0.488907366991043 0.485663682222366 0.505309998989105 0.502385556697845 0.524957060813904 0.524251222610474 0.525341689586639 0.538923859596252 0.539115190505981 0.536148846149445 0.513147354125977 0.502729117870331 0.477133601903915 0.449270725250244 0.45872899889946 0.448480039834976 -3.4e+38 -3.4e+38 -3.4e+38 -3.4e+38 -3.4e+38 -3.4e+38 -3.4e+38 -3.4e+38 -3.4e+38
0.170969560742378 0.177305087447166 0.177067875862122 0.18566121160984 0.2080969363451 0.217631012201309 0.226911842823029 0.245159760117531 0.25492325425148 0.266904026269913 0.30050465464592 0.302971392869949 0.322624385356903 0.338255286216736 0.350420206785202 0.349517822265625 0.365234315395355 0.36796247959137 0.400860786437988 0.414318084716797 0.429133385419846 0.42928272485733 0.428467333316803 0.426726788282394 0.457618981599808 0.454134345054626 0.47368797659874 0.492336690425873 0.490115404129028 0.510204255580902 0.508374094963074 0.523770391941071 0.509171366691589 0.524744987487793 0.523972272872925 0.539428532123566 0.511029899120331 0.480421274900436 0.468962520360947 0.444318354129791 0.454420834779739 0.447754830121994 -3.4e+38 -3.4e+38 -3.4e+38 -3.4e+38 -3.4e+38 -3.4e+38 -3.4e+38 -3.4e+38 -3.4e+38
0.162432417273521 0.193501546978951 0.193877056241035 0.201346501708031 0.208152264356613 0.216814577579498 0.234463512897491 0.244092270731926 0.256316781044006 0.287119358778 0.299736469984055 0.320062160491943 0.323030024766922 0.324397206306458 0.337081670761108 0.350079894065857 0.362870961427689 0.384399890899658 0.385905116796494 0.399031519889832 0.399424701929092 0.412456840276718 0.432892829179764 0.430126994848251 0.46514618396759 0.462115406990051 0.482322186231613 0.478825837373734 0.499529331922531 0.497163206338882 0.497155159711838 0.535200655460358 0.534288167953491 0.507264733314514 0.523183166980743 0.517229676246643 0.485861778259277 0.47188338637352 0.447102397680283 0.422054529190063 0.446275949478149 0.44449782371521 0.439517021179199 -3.4e+38 -3.4e+38 -3.4e+38 -3.4e+38 -3.4e+38 -3.4e+38 -3.4e+38 -3.4e+38
0.149819359183311 0.173120304942131 0.194278463721275 0.200527548789978 0.208497509360313 0.235739961266518 0.23640151321888 0.236379951238632 0.265559524297714 0.276015728712082 0.287552654743195 0.308804601430893 0.320328801870346 0.322762131690979 0.324187725782394 0.347189545631409 0.368134319782257 0.369538366794586 0.383653879165649 0.383366405963898 0.383792191743851 0.403761684894562 0.416690051555634 0.437983483076096 0.433340698480606 0.453610002994537 0.450161010026932 0.46576976776123 0.484761506319046 0.482073605060577 0.519847393035889 0.51694118976593 0.530570387840271 0.505766570568085 0.501064836978912 0.487273693084717 0.459424525499344 0.43113848567009 0.439600855112076 0.416890412569046 0.428381949663162 0.437135547399521 0.436880052089691 -3.4e+38 -3.4e+38 -3.4e+38 -3.4e+38 -3.4e+38 -3.4e+38 -3.4e+38 -3.4e+38
0.14558245241642 0.174864187836647 0.18100568652153 0.202596291899681 0.209419697523117 0.233577877283096 0.234914407134056 0.254782825708389 0.263789862394333 0.275710731744766 0.29536759853363 0.306101262569427 0.308298885822296 0.322487056255341 0.321617990732193 0.340285211801529 0.355841249227524 0.368021875619888 0.367028832435608 0.366565823554993 0.386666029691696 0.402269393205643 0.420610725879669 0.419022381305695 0.41806748509407 0.452743083238602 0.450417757034302 0.469488501548767 0.468265742063522 0.502386689186096 0.501611709594727 0.499229192733765 0.511523544788361 0.486243307590485 0.497094631195068 0.468264639377594 0.437546610832214 0.4239821434021 0.400135904550552 0.39881420135498 0.422047883272171 0.433382451534271 0.429157555103302 -3.4e+38 -3.4e+38 -3.4e+38 -3.4e+38 -3.4e+38 -3.4e+38 -3.4e+38 -3.4e+38
0.134988352656364 0.139345198869705 0.181988552212715 0.186313718557358 0.209304541349411 0.234489992260933 0.234894782304764 0.253988951444626 0.281480044126511 0.303825348615646 0.305129677057266 0.30645227432251 0.305893838405609 0.32494580745697 0.336331814527512 0.340952098369598 0.352875947952271 0.353216886520386 0.384850323200226 0.385574698448181 0.384435445070267 0.403672605752945 0.403982639312744 0.424082577228546 0.423825412988663 0.435177981853485 0.455294370651245 0.452355861663818 0.475901275873184 0.488535404205322 0.485345810651779 0.481269061565399 0.49230632185936 0.487986743450165 0.475546836853027 0.448208838701248 0.434106200933456 0.38472056388855 0.394449710845947 0.395202964544296 0.426178783178329 0.438658267259598 0.451617509126663 0.446047425270081 -3.4e+38 -3.4e+38 -3.4e+38 -3.4e+38 -3.4e+38 -3.4e+38 -3.4e+38
0.13732822239399 0.136017084121704 0.165562018752098 0.185686901211739 0.207307100296021 0.224418967962265 0.234108567237854 0.252902776002884 0.280597180128098 0.29472553730011 0.299159735441208 0.31089374423027 0.322602331638336 0.32246521115303 0.33561983704567 0.351006954908371 0.352422446012497 0.371403425931931 0.382685840129852 0.382147371768951 0.402303218841553 0.401498347520828 0.407774865627289 0.407460570335388 0.419880539178848 0.426439732313156 0.427391648292542 0.460740357637405 0.459053337574005 0.456563621759415 0.491366237401962 0.487736880779266 0.499744653701782 0.486238598823547 0.479850202798843 0.466421127319336 0.439440667629242 0.41554582118988 0.401480346918106 0.410945355892181 0.422615736722946 0.433653026819229 0.443091988563538 0.440785616636276 0.491565585136414 -3.4e+38 -3.4e+38 -3.4e+38 -3.4e+38 -3.4e+38 -3.4e+38
0.126499652862549 0.131713107228279 0.153940558433533 0.179837197065353 0.20770762860775 0.223150745034218 0.25080132484436 0.259981602430344 0.290285229682922 0.297163605690002 0.295408099889755 0.307859271764755 0.308774411678314 0.352026432752609 0.39334425330162 0.39499494433403 0.369112402200699 0.383472383022308 0.387661069631577 0.386106461286545 0.373162448406219 0.391899138689041 0.391844689846039 0.413027077913284 0.411696940660477 0.412027031183243 0.432951420545578 0.445216149091721 0.441769272089005 0.464178144931793 0.476295173168182 0.48565086722374 0.482800364494324 0.492365926504135 0.50024676322937 0.485273063182831 0.480530738830566 0.457093328237534 0.441876947879791 0.451863944530487 0.439042121171951 0.453036248683929 0.466258376836777 0.474927663803101 0.489545285701752 -3.4e+38 -3.4e+38 -3.4e+38 -3.4e+38 -3.4e+38 -3.4e+38
0.138855189085007 0.138964146375656 0.166283160448074 0.179163873195648 0.223008289933205 0.223045140504837 0.258563816547394 0.276821166276932 0.288001716136932 0.282464683055878 0.294288814067841 0.324205785989761 0.338915079832077 0.350947260856628 0.378493934869766 0.42793482542038 0.39883354306221 0.38320529460907 0.382966250181198 0.382181018590927 0.388109594583511 0.388723462820053 0.393543034791946 0.394166320562363 0.395554900169373 0.415835440158844 0.426760941743851 0.42957016825676 0.449597775936127 0.460752040147781 0.481551051139832 0.49177160859108 0.501533031463623 0.49937430024147 0.507937371730804 0.515195250511169 0.500189900398254 0.509283065795898 0.481824606657028 0.472627997398376 0.48503115773201 0.474440664052963 0.486459195613861 0.496094912290573 -3.4e+38 -3.4e+38 -3.4e+38 -3.4e+38 -3.4e+38 -3.4e+38 -3.4e+38
0.158842265605927 0.166279733181 0.211804315447807 0.218544989824295 0.222908779978752 0.256120622158051 0.285518139600754 0.275191783905029 0.290567249059677 0.279868304729462 0.30930283665657 0.34761580824852 0.382046729326248 0.368506044149399 0.424109041690826 0.461002439260483 0.39470300078392 0.365193873643875 0.384514838457108 0.369844108819962 0.369378387928009 0.390141993761063 0.392526894807816 0.390344321727753 0.411097228527069 0.39823904633522 0.40040510892868 0.433733254671097 0.432489693164825 0.453340023756027 0.462934404611588 0.501503646373749 0.510114729404449 0.51988559961319 0.5271977186203 0.536102175712585 0.522628843784332 0.514502108097076 0.506410956382751 0.493884950876236 0.506675660610199 0.511123478412628 0.506949126720428 0.494021058082581 0.507405281066895 -3.4e+38 -3.4e+38 -3.4e+38 -3.4e+38 -3.4e+38 -3.4e+38
0.158271759748459 0.166989594697952 0.198262244462967 0.251327633857727 0.250087231397629 0.256701529026031 0.293517410755157 0.299704134464264 0.289123743772507 0.278093904256821 0.319059431552887 0.352546066045761 0.408454477787018 0.399850845336914 0.413809895515442 0.413365483283997 0.410546332597733 0.381066381931305 0.36553093791008 0.385915219783783 0.384881347417831 0.373100876808167 0.410269975662231 0.39539834856987 0.395714163780212 0.384043097496033 0.382987171411514 0.402466386556625 0.403687477111816 0.436629086732864 0.468926638364792 0.50636887550354 0.51774674654007 0.550950288772583 0.534160912036896 0.547343671321869 0.553941011428833 0.476098716259003 0.527189493179321 0.452015787363052 0.526672720909119 0.515129625797272 0.527153253555298 0.515950500965118 0.52532958984375 -3.4e+38 -3.4e+38 -3.4e+38 -3.4e+38 -3.4e+38 -3.4e+38
0.16668513417244 0.176014766097069 0.183788016438484 0.200171887874603 0.233054682612419 0.231722056865692 0.283354043960571 0.283584833145142 0.274248778820038 0.290692806243896 0.329343736171722 0.362892419099808 0.350169450044632 0.356050580739975 0.383180648088455 0.40173527598381 0.431323319673538 0.371223896741867 0.368020176887512 0.38172709941864 0.401180058717728 0.40264692902565 0.405598014593124 0.391020029783249 0.3809594810009 0.368226289749146 0.368195623159409 0.387869387865067 0.387806385755539 0.419148355722427 0.454781949520111 0.490139216184616 0.525090456008911 0.559413373470306 0.541018605232239 0.568515181541443 0.473822683095932 0.484057426452637 0.4849793612957 0.472962558269501 0.458691537380219 0.5373255610466 0.526053965091705 0.533588647842407 0.52387535572052 0.535262942314148 0.529814541339874 0.541087329387665 -3.4e+38 -3.4e+38 -3.4e+38
0.1748316437006 0.183588191866875 0.191368237137794 0.208803191781044 0.217270597815514 0.231657296419144 0.26863831281662 0.269091486930847 0.276662617921829 0.289718389511108 0.357725977897644 0.360610783100128 0.336152523756027 0.341588079929352 0.352562546730042 0.357305139303207 0.36681804060936 0.352130532264709 0.367903590202332 0.393861144781113 0.382728338241577 0.369932472705841 0.38556644320488 0.373425364494324 0.362781226634979 0.365591049194336 0.366286247968674 0.370748668909073 0.403002500534058 0.422839552164078 0.459407210350037 0.493111312389374 0.53079617023468 0.557738184928894 0.567336440086365 0.576772153377533 0.494374126195908 0.480852365493774 0.504543602466583 0.47962149977684 0.464983552694321 0.466622442007065 0.477686643600464 0.532195031642914 0.545218586921692 0.55589884519577 0.552350699901581 0.561010599136353 0.557378947734833 0.569619596004486 -3.4e+38
0.178112655878067 0.199490487575531 0.200379371643066 0.215183466672897 0.216956496238708 0.218261927366257 0.267964720726013 0.270176202058792 0.272598952054977 0.324830114841461 0.340424001216888 0.317384034395218 0.333816349506378 0.327849924564362 0.336498498916626 0.340127676725388 0.337472170591354 0.349760562181473 0.347281843423843 0.358908921480179 0.346489787101746 0.348460406064987 0.365785241127014 0.354645133018494 0.345030516386032 0.336883306503296 0.33731073141098 0.336848884820938 0.353735148906708 0.406773239374161 0.440230816602707 0.47404345870018 0.52768737077713 0.538909614086151 0.548825979232788 0.504762053489685 0.514695942401886 0.500787138938904 0.488627851009369 0.498545199632645 0.49914339184761 0.48475569486618 0.458341628313065 0.484672069549561 0.528376221656799 0.551339030265808 0.55036062002182 0.55980783700943 0.554038345813751 0.560126841068268 0.556026816368103
0.19193559885025 0.201399266719818 0.224451333284378 0.214993461966515 0.216320991516113 0.217582136392593 0.254369169473648 0.265068858861923 0.295327872037888 0.335068166255951 0.324460119009018 0.35973072052002 0.334326148033142 0.338213264942169 0.309489488601685 0.323925882577896 0.330493003129959 0.331124752759933 0.327835202217102 0.356784403324127 0.360220342874527 0.36058497428894 0.365750342607498 0.324666380882263 0.324816584587097 0.308116525411606 0.309932321310043 0.309987157583237 0.336173981428146 0.388142973184586 0.418737530708313 0.465916991233826 0.502513527870178 0.531079053878784 0.475499957799911 0.48484793305397 0.495966404676437 0.521834254264832 0.508452296257019 0.495516866445541 0.520153045654297 0.490936189889908 0.494740188121796 0.483471184968948 0.564239263534546 0.558320581912994 0.552912652492523 0.562730133533478 0.560856878757477 0.569277763366699 0.56208324432373
0.200416594743729 0.218954041600227 0.218995586037636 0.208740904927254 0.231604471802711 0.233293280005455 0.274135768413544 0.276607424020767 0.289708316326141 0.334845960140228 0.324814558029175 0.33927509188652 0.328966110944748 0.307280123233795 0.322173655033112 0.305721461772919 0.329189836978912 0.325431108474731 0.3514504134655 0.290627509355545 0.289197266101837 0.331611007452011 0.334003925323486 0.30762904882431 0.300350546836853 0.292210847139359 0.294062882661819 0.320962965488434 0.339323550462723 0.379580438137054 0.411109238862991 0.446865081787109 0.408012270927429 0.441926538944244 0.467605888843536 0.480605572462082 0.491100162267685 0.502510488033295 0.52833890914917 0.515133619308472 0.501490652561188 0.510947942733765 0.511942028999329 0.482987105846405 0.486308604478836 0.557046949863434 0.552223920822144 0.561904191970825 0.557667255401611 0.550808787345886 0.581534028053284
0.209125980734825 0.193036273121834 0.185462817549706 0.179178431630135 0.227778717875481 0.228808522224426 0.25857076048851 0.277111202478409 0.289220631122589 0.305917233228683 0.36512291431427 0.317436277866364 0.305326819419861 0.294730991125107 0.302493721246719 0.318408101797104 0.290927350521088 0.328049689531326 0.287139296531677 0.309702038764954 0.313494861125946 0.289947301149368 0.302623271942139 0.385965406894684 0.374017268419266 0.3501296043396 0.33937281370163 0.31591671705246 0.342527240514755 0.388157159090042 0.347009360790253 0.376963645219803 0.387717366218567 0.433895021677017 0.446815490722656 0.482299208641052 0.510071456432343 0.522763550281525 0.508436441421509 0.520115315914154 0.520211040973663 0.506309986114502 0.491456896066666 0.478363424539566 0.502313315868378 0.482830077409744 0.478811860084534 0.550920903682709 0.559187710285187 0.554011642932892 0.560424029827118
0.186556577682495 0.124906502664089 0.0994688645005226 0.102561607956886 0.142119392752647 0.165547505021095 0.253946781158447 0.259583622217178 0.262724786996841 0.305258542299271 0.295897901058197 0.289016604423523 0.288075417280197 0.278704404830933 0.316118448972702 0.278796911239624 0.344320088624954 0.277497261762619 0.27361187338829 0.299676775932312 0.312443047761917 0.328418642282486 0.329792559146881 0.333035588264465 0.359212934970856 0.348860263824463 0.338608980178833 0.324970692396164 0.351548761129379 0.313380867242813 0.336603164672852 0.366987675428391 0.37972703576088 0.428573459386826 0.461166173219681 0.287136495113373 0.298348248004913 0.317330330610275 0.32615065574646 0.539117455482483 0.523330211639404 0.510971546173096 0.510093927383423 0.478294461965561 0.488422572612762 0.487114310264587 0.482617855072021 0.474997669458389 0.485668748617172 0.558668315410614 0.551260054111481
0.138528153300285 0.0668317377567291 0.0443251468241215 0.0549662448465824 0.0818175002932549 0.123290851712227 0.205807387828827 0.257552862167358 0.253688037395477 0.268285244703293 0.270863443613052 0.260593980550766 0.278317511081696 0.290509432554245 0.255535066127777 0.271143227815628 0.267642080783844 0.262838274240494 0.288379609584808 0.272846311330795 0.287475347518921 0.322716325521469 0.288247615098953 0.278440296649933 0.290810465812683 0.277826547622681 0.269017964601517 0.291447460651398 0.291135668754578 0.30183681845665 0.329132914543152 0.357687741518021 0.380203753709793 0.419072210788727 0.451260298490524 0.283781081438065 0.301159113645554 0.30157259106636 0.322591185569763 0.325956970453262 0.541945040225983 0.536822378635406 0.521406412124634 0.507587671279907 0.477507174015045 0.487120300531387 0.483542740345001 0.476681411266327 0.473136931657791 0.560348689556122 0.551373541355133
0.100891657173634 0.022729454562068 0.0193257406353951 0.0283144842833281 0.0472801849246025 0.104005008935928 0.169004738330841 0.242055475711823 0.307382881641388 0.2667475938797 0.259460628032684 0.271438658237457 0.27098760008812 0.315684795379639 0.250893354415894 0.247686356306076 0.245637655258179 0.267558604478836 0.288572192192078 0.286606252193451 0.276373147964478 0.272760033607483 0.273403972387314 0.273545742034912 0.290289908647537 0.300189584493637 0.28688183426857 0.28688183426857 0.284010678529739 0.309954524040222 0.323775261640549 0.347296148538589 0.359369277954102 0.407686650753021 0.444012433290482 0.282530695199966 0.288720101118088 0.281063169240952 0.298873364925385 0.312582939863205 0.326734095811844 0.334579706192017 0.52596127986908 0.521316289901733 0.479718029499054 0.501017212867737 0.496045380830765 0.477259546518326 0.471411198377609 0.462112098932266 0.453219890594482
0.0435823500156403 0.0114818327128887 0.0120394909754395 0.0201240014284849 0.0436810739338398 0.0762000977993011 0.100412510335445 0.162803381681442 0.273028910160065 0.264801174402237 0.283285737037659 0.310231536626816 0.259270817041397 0.234121516346931 0.235782340168953 0.249417796730995 0.259529799222946 0.268640697002411 0.304476588964462 0.262901246547699 0.277931034564972 0.276948809623718 0.287278711795807 0.286428809165955 0.283731639385223 0.338378936052322 0.310026079416275 0.295914739370346 0.295320630073547 0.304152220487595 0.331781059503555 0.341503381729126 0.362682610750198 0.395352125167847 0.253320932388306 0.272503852844238 0.275152981281281 0.253973960876465 0.262834846973419 0.265821993350983 0.269604861736298 0.290755271911621 0.325876623392105 0.530369520187378 0.509570300579071 0.506149232387543 0.498905211687088 0.490881562232971 0.457648575305939 0.418286681175232 0.338905394077301
