data/climate_estimation/maxent_output/Smilax_australis.asc
NCOLS 435 
NROWS 348 
XLLCORNER 123.666666666667 
YLLCORNER -38.5 
CELLSIZE 0.0833333333333333 
NODATA_value -3.4e+38 
[rows 228 to 246 of 348, columns 44 to 87 of 435]
0.000266906747128814 0.000270771241048351 0.000282703666016459 0.000320285122143105 0.000312452204525471 0.000307501381030306 0.000313189171720296 0.000324079621350393 0.00032071620807983 0.000327264831867069 0.000325427507050335 0.000329232541844249 0.000291706179268658 0.000315008539473638 0.000309355324134231 0.000314572942443192 0.000323498243233189 0.000331879477016628 0.000337188481353223 0.000328704452840611 0.000336430326569825 0.000327764370013028 0.000332398543832824 0.000345792534062639 0.000365824555046856 0.000357014097971842 0.000378460215870291 0.000367041095159948 0.000379098113626242 0.000445126497652382 0.000376423035049811 0.000369407498510554 0.000388745917007327 0.000377616088371724 0.000353629526216537 0.000368588312994689 0.000360532023478299 0.00031525653321296 0.00032417819602415 0.000339198450092226 0.000332587223965675 0.000360909820301458 0.000416583992773667 0.000407151732360944
0.000270851363893598 0.00027362653054297 0.000289950927253813 0.000297407881589606 0.000328890979290009 0.000340297934599221 0.000336030323524028 0.000341373262926936 0.00035454542376101 0.000356444652425125 0.000356444652425125 0.0003337046073284 0.000323857180774212 0.000331338873365894 0.000427983090048656 0.000362390070222318 0.00035218452103436 0.0003533041162882 0.00035838657640852 0.000348300207406282 0.000356470845872536 0.00035221449797973 0.0003518397861626 0.000346234301105142 0.000354676478309557 0.000378582335542887 0.000416172784753144 0.000391221110476181 0.00039534387178719 0.000477018271340057 0.000398271600715816 0.000375835370505229 0.0003742404805962 0.000428803672548383 0.0003742404805962 0.000325144996168092 0.000330594251863658 0.000335108547005802 0.000338982936227694 0.000330971379298717 0.000386683852411807 0.000430245621828362 0.000428017578087747 0.000441203272202983
0.000327154441038147 0.000330981332808733 0.000336586526827887 0.000343602820066735 0.000353403651388362 0.000364731211448088 0.000364731211448088 0.000365307030733675 0.000374671042663977 0.000361503072781488 0.000357250857632607 0.000362077233148739 0.000362077233148739 0.000370799825759605 0.000388521613785997 0.000379709992557764 0.000457716378150508 0.000386933097615838 0.000373807881260291 0.00038043045788072 0.00038625905290246 0.000383188045816496 0.000388575746910647 0.000434917077654973 0.000429463165346533 0.000439986732089892 0.000484519172459841 0.000480688409879804 0.000421308708610013 0.000423344230512157 0.000446168676717207 0.000421630422351882 0.000418929528677836 0.000451958097983152 0.000422195444116369 0.00039580138400197 0.000343154708389193 0.000330024806316942 0.000352480245055631 0.000406351929996163 0.0004169155145064 0.000424813246354461 0.000437230919487774 0.000432118307799101
0.000360836304025725 0.000363710918463767 0.000372151320334524 0.000377841701265424 0.000362893159035593 0.000381777150323614 0.000402177422074601 0.000407284911489114 0.000395910930819809 0.000406671606469899 0.000390375731512904 0.000389756693039089 0.000468565529445186 0.000427435617893934 0.00042500629206188 0.000410333217587322 0.000491062179207802 0.000538587977644056 0.000514016021043062 0.000431024498539045 0.00043266310240142 0.000423593621235341 0.000427172431955114 0.000470838509500027 0.000476856483146548 0.000535372528247535 0.000479254551464692 0.000470512110041454 0.000461769930552691 0.000450518564321101 0.000480785791296512 0.000410788343288004 0.000480018585221842 0.000479252572404221 0.000459677830804139 0.000453673448646441 0.000452648644568399 0.000356197531800717 0.000368312437785789 0.000369794957805425 0.000375343719497323 0.000437748385593295 0.000465176621219143 0.00045206825598143
0.000391460314858705 0.000410820735851303 0.000401527329813689 0.000421877804910764 0.000406657491112128 0.000430789805250242 0.000422711978899315 0.000442070420831442 0.00044697878183797 0.000448825128842145 0.000436557573266327 0.000419189542299137 0.000502848706673831 0.000528489355929196 0.000517796317581087 0.000472062063636258 0.000530149147380143 0.000585303117986768 0.000594555633142591 0.000496446504257619 0.000491490238346159 0.000473987340228632 0.00048730059643276 0.000491490238346159 0.000509154051542282 0.000596687023062259 0.000602363084908575 0.000514574348926544 0.000508427387103438 0.000495065818540752 0.000437323760706931 0.000442688004113734 0.000443690543761477 0.000451602827524766 0.000508347526192665 0.000491230457555503 0.000495353771839291 0.000454687688034028 0.000388001411920413 0.000384823826607317 0.000393144524423406 0.0003918455040548 0.000403294950956479 0.000478071393445134
0.000432027096394449 0.00042969491914846 0.000431164080509916 0.000418441253714263 0.000451634172350168 0.000463593431049958 0.000445837591541931 0.000469059828901663 0.000471605599159375 0.000468353537144139 0.000526239920873195 0.000490241101942956 0.000489468453451991 0.000543616421055049 0.000517250911798328 0.000566233939025551 0.00054394913604483 0.000542760652024299 0.000502086768392473 0.000522319285664707 0.000518216053023934 0.000527403608430177 0.000508163939230144 0.00052334985230118 0.000519100460223854 0.000623038853518665 0.000634510070085526 0.000629573361948133 0.000514950428623706 0.00051555095706135 0.000495958258397877 0.00050921511137858 0.000434857152868062 0.000503954943269491 0.000492185878101736 0.00047404452925548 0.000483039766550064 0.000483306706883013 0.000428204395575449 0.000438359013060108 0.000435501307947561 0.000416334602050483 0.000425169040681794 0.000496359309181571
0.000457474496215582 0.000436045898823068 0.000435094232670963 0.000446210644440725 0.000450452120276168 0.000468988117063418 0.000449441082309932 0.000499253219459206 0.000519277178682387 0.000577274477109313 0.000593572272919118 0.00060295156436041 0.000598884653300047 0.000624110922217369 0.000543659378308803 0.000518469198141247 0.000561969121918082 0.000554047815967351 0.000569963536690921 0.000569963536690921 0.000585096480790526 0.000544410315342247 0.000584928668104112 0.000557927589397877 0.000561480177566409 0.00059488374972716 0.000577215978410095 0.000577215978410095 0.000541075132787228 0.000557737774215639 0.000531427736859769 0.000566942500881851 0.00052123999921605 0.000476537068607286 0.000522077723871917 0.000522077723871917 0.000531381985638291 0.000479445821838453 0.000456219597253948 0.000440310395788401 0.000460573646705598 0.000436243368312716 0.000444938370492309 0.000509598699864
0.000455198023701087 0.000505524629261345 0.000478991714771837 0.000464572134660557 0.00048660408356227 0.00050106638809666 0.000492450781166553 0.000526166113559157 0.000607021327596158 0.000633912684861571 0.000643019040580839 0.000638681929558516 0.000655932817608118 0.00067259423667565 0.000661384372506291 0.000576121441554278 0.000596640282310545 0.000710678228642792 0.00069728895323351 0.00070379493990913 0.000721838732715696 0.000597722420934588 0.000569876923691481 0.000608247122727334 0.000602483632974327 0.000614065793342888 0.000635753967799246 0.000619940110482275 0.000614065793342888 0.000591237912885845 0.00058558740420267 0.00055059976875782 0.000576583202928305 0.000567658164072782 0.000576469115912914 0.000518829270731658 0.000491275393869728 0.000547601375728846 0.000526847841683775 0.000527845986653119 0.000490050297230482 0.000480366696137935 0.000491407234221697 0.000511411170009524
0.000489208148792386 0.000532129546627402 0.000505339412484318 0.00051875232020393 0.000526166113559157 0.000542988942470402 0.000526643299963325 0.000644012237899005 0.000638057943433523 0.000670462672132999 0.000690700893756002 0.000709119311068207 0.000700203527230769 0.000714437628630549 0.000641808612272143 0.000586281821597368 0.000610223331023008 0.000614395481534302 0.000645715510472655 0.000761316565331072 0.000749102502595633 0.000787499942816794 0.000800173147581518 0.000660431920550764 0.000668735359795392 0.000695651222486049 0.000656253425404429 0.000674196693580598 0.000663583283312619 0.000672060530632734 0.000676339608617127 0.000633022224064916 0.00066513498313725 0.000652515445835888 0.000662729318719357 0.00063958385726437 0.000632476934697479 0.000616769655607641 0.000610820832662284 0.000573818746488541 0.000564975081942976 0.000586225534789264 0.000557087711058557 0.00056805124040693
0.000540051376447082 0.000554306083358824 0.000579822110012174 0.00059951824368909 0.000597346457652748 0.000685156381223351 0.000648557033855468 0.000672580150421709 0.000692656787578017 0.000728960963897407 0.000710982014425099 0.000652138201985508 0.000665348663460463 0.000687471532728523 0.000630343100056052 0.000648882414679974 0.000645827909465879 0.000639786361716688 0.000643490522634238 0.000649865891318768 0.000721480057109147 0.000715770001988858 0.000826910196337849 0.000833417056128383 0.00070448755286634 0.000700058822985739 0.000745134660974145 0.00076604139758274 0.00077022728510201 0.000761770585086197 0.000726880331058055 0.000732670014258474 0.000787423166912049 0.000714742869604379 0.000700880424119532 0.000696119561325759 0.000698345480486751 0.000691689027007669 0.00069721566978842 0.000679976947139949 0.000642479630187154 0.000602249114308506 0.000603234220761806 0.000608968490269035
0.000643048144411296 0.000648106564767659 0.000708076637238264 0.000728209037333727 0.000738488859497011 0.000752281805034727 0.00075934489723295 0.000770047132391483 0.00078327173832804 0.000784485193435103 0.000758163165301085 0.000771264370996505 0.0006972984992899 0.000713118293788284 0.000731224194169044 0.00071530876448378 0.00068837939761579 0.000714804977178574 0.000702540972270072 0.000715572794433683 0.000791076454333961 0.000754504173528403 0.000790429476182908 0.000772118801251054 0.000814371160231531 0.000808015582151711 0.00082118296995759 0.000782215676736087 0.000771195453125983 0.000767556659411639 0.000765881733968854 0.000771942723076791 0.00078855809988454 0.00079552544048056 0.000891771458555013 0.000792280538007617 0.000777249631937593 0.000768866448197514 0.000750961131416261 0.000750961131416261 0.000722079421393573 0.000669114291667938 0.000658334349282086 0.00067884789314121
0.000781087786890566 0.000826449191663414 0.000813366787042469 0.000798306369688362 0.000815904350019991 0.000836491642985493 0.000830002943985164 0.000821003224700689 0.000863787368871272 0.000852272205520421 0.000855936959851533 0.000862628337927163 0.000857598206494004 0.000846812967211008 0.000737245136406273 0.000748884223867208 0.000819026783574373 0.000831798242870718 0.000830512202810496 0.000843462708871812 0.000835460086818784 0.000863039866089821 0.000887728238012642 0.00086396565893665 0.000867106369696558 0.000878044404089451 0.000896557001397014 0.000829147931654006 0.000856670900247991 0.000851682445500046 0.000818014785181731 0.0008115922100842 0.00084503524703905 0.000811483419965953 0.000813124992419034 0.000941870035603642 0.000902555475477129 0.000908301502931863 0.000853007775731385 0.000835871964227408 0.000811936391983181 0.000802836322691292 0.000769846548791975 0.000757538364268839
0.000871401280164719 0.000930306036025286 0.000914504460524768 0.000860114290844649 0.000873614859301597 0.000897053687367588 0.000922556733712554 0.000915400742087513 0.000941784412134439 0.000965679355431348 0.000942057289648801 0.000967175234109163 0.000948201341088861 0.000929434667341411 0.000918888545129448 0.000946302432566881 0.000956607051193714 0.000968521228060126 0.000988548621535301 0.00102413562126458 0.00104658154305071 0.00108820071909577 0.00109326525125653 0.00105353258550167 0.00107173516880721 0.00103934679646045 0.00106158328708261 0.00106673990376294 0.000929457077290863 0.000956044532358646 0.000921153754461557 0.000919711543247104 0.000889242917764932 0.000919173704460263 0.00092937279259786 0.000885904883034527 0.000911157461814582 0.000968662614468485 0.00101013900712132 0.000974866386968642 0.000887209374923259 0.000892340089194477 0.000881161831784993 0.00083472952246666
0.00095938314916566 0.00095938314916566 0.000986840110272169 0.000965557061135769 0.000955088180489838 0.00103253358975053 0.00104216707404703 0.00104055530391634 0.00102610210888088 0.0010652820346877 0.0010903034126386 0.00108492863364518 0.00110343471169472 0.00103235966525972 0.000999026815406978 0.00100212299730629 0.000986737664788961 0.00103521707933396 0.00107799528632313 0.00107799528632313 0.00114685157313943 0.00117360905278474 0.00117834424600005 0.0012210444547236 0.00123401347082108 0.00122789770830423 0.00118895038031042 0.00111971970181912 0.00113023060839623 0.00111992715392262 0.00105530151631683 0.00099785125348717 0.000989799736998975 0.000985129969194531 0.000989861320704222 0.000978998723439872 0.000983639387413859 0.000966730178333819 0.000994491623714566 0.000948665896430612 0.0009791738120839 0.000999201671220362 0.000931874092202634 0.000942454091273248
0.00116089952643961 0.00115483603440225 0.00117284839507192 0.00120832305401564 0.00110053853131831 0.00110224320087582 0.00112086883746088 0.0011226050555706 0.0011226050555706 0.00112464558333158 0.0011828513815999 0.00116839108522981 0.00118485291022807 0.00118485291022807 0.00118485291022807 0.00114549964200705 0.00117967021651566 0.00117967021651566 0.0011869928566739 0.00116516021080315 0.00128108449280262 0.00127912848256528 0.00121623068116605 0.0012619475601241 0.00134825380519032 0.00133786164224148 0.00135872676037252 0.00131121487356722 0.00126064103096724 0.00128241966012865 0.0012279354268685 0.00122411723714322 0.00117687229067087 0.00119980040472001 0.00107767526060343 0.00105090078432113 0.00108626985456795 0.00100894924253225 0.00102345272898674 0.00105921621434391 0.00109225697815418 0.00114758289419115 0.00110545137431473 0.000910921778995544
0.00138789287302643 0.00127986469306052 0.00132214277982712 0.00128540233708918 0.00127944827545434 0.00136546802241355 0.00138876598794013 0.00125187216326594 0.0011978616239503 0.0012371689081192 0.00125074724201113 0.00127266906201839 0.00129437539726496 0.00134302768856287 0.00135964795481414 0.00138517655432224 0.00138517655432224 0.00138517655432224 0.0014537958195433 0.0014537958195433 0.00136311247479171 0.00134426658041775 0.00132943468634039 0.00135224999394268 0.00138436234556139 0.00143228424713016 0.00142788770608604 0.00141240970697254 0.00140636402647942 0.00138652173336595 0.00136297638528049 0.00140570150688291 0.00132555200252682 0.00132735713850707 0.00129700743127614 0.00132642383687198 0.00124968099407852 0.0011741342023015 0.00114781048614532 0.00112808065023273 0.00110593868885189 0.00117149983998388 0.00117829767987132 0.00134319416247308
0.00147436978295445 0.00149697589222342 0.00140230532269925 0.00155266607180238 0.00143080181442201 0.00144230236764997 0.00151972100138664 0.0014507855521515 0.00150562764611095 0.00140543736051768 0.00131079996936023 0.00136216171085835 0.00139179790858179 0.00141118897590786 0.0014352563302964 0.00148988945875317 0.00148988945875317 0.00153900776058435 0.00162717967759818 0.00158462137915194 0.00149155873805285 0.00155568856280297 0.00152431335300207 0.00169822515454143 0.00167052494361997 0.00162668328266591 0.00164453312754631 0.0015672433655709 0.00149106094613671 0.00150962651241571 0.00151549512520432 0.00142367323860526 0.00149644224438816 0.0014670176897198 0.00143958034459502 0.00142397556919605 0.00140058237593621 0.00123599322978407 0.00122629094403237 0.00128964683972299 0.00128356332425028 0.00122554216068238 0.00117396004498005 0.00121689063962549
0.00176993722561747 0.00162984535563737 0.00169856555294245 0.0017352991271764 0.00168207939714193 0.00163915671873838 0.00161462428513914 0.00164707691874355 0.00162859284318984 0.00162859284318984 0.0016612596809864 0.00164108036551625 0.00166379939764738 0.00173223810270429 0.0017750981496647 0.00178870803210884 0.00172959396149963 0.0017311773262918 0.001744533656165 0.00178275443613529 0.0018271409207955 0.00186115398537368 0.00179374904837459 0.00188128626905382 0.00191925384569913 0.00190163613297045 0.00185544148553163 0.00178220227826387 0.00190104730427265 0.0018540087621659 0.0018089700024575 0.00176692160312086 0.00153441296424717 0.00150571519043297 0.00157786475028843 0.00160535855684429 0.0015318013029173 0.00154188263695687 0.00138787506148219 0.00143489392939955 0.00138350727502257 0.00143998104613274 0.00141746480949223 0.00130944256670773
0.00190023297909647 0.00209759501740336 0.00210078246891499 0.00187418377026916 0.00187704991549253 0.00190587411634624 0.00175175745971501 0.00174908351618797 0.00173319457098842 0.0018255909672007 0.00184811081271619 0.00190835446119308 0.00195855717174709 0.0019053656142205 0.00201118877157569 0.00198684260249138 0.00197158358059824 0.00195649056695402 0.00208317977376282 0.0020491243340075 0.00208955281414092 0.00210878951475024 0.00211209710687399 0.00219095218926668 0.00218239286914468 0.00215904181823134 0.00222807028330863 0.00222077453508973 0.00218353420495987 0.00209591002203524 0.00204400415532291 0.00199075369164348 0.00194448383990675 0.00190338189713657 0.00168586568906903 0.00168180046603084 0.0017003413522616 0.00168013898655772 0.00168013898655772 0.00155676994472742 0.00150868587661535 0.00152782688383013 0.00155059294775128 0.00137822388205677
