data/climate_estimation/maxent_output/Smilax_hypoglauca.asc
NCOLS 212 
NROWS 317 
XLLCORNER 100.833333333333 
YLLCORNER 0.916666666666667 
CELLSIZE 0.0833333333333334 
NODATA_value -3.4e+38 
[rows 110 to 131 of 317, columns 0 to 49 of 212]
0.00463947327807546 0.00568713387474418 0.00664049200713634 0.00610033236443996 0.00675757136195898 0.00678613735362887 0.00877275783568621 0.0100257461890578 0.00987232569605112 0.0122602852061391 0.0130180018022656 0.0134010594338179 0.0121546350419521 0.00963375251740217 0.00924944039434195 0.00777377001941204 0.0068648299202323 0.00589760020375252 0.00465923827141523 0.00342576787807047 0.00324054481461644 0.00370193039998412 0.00358195742592216 0.003183888271451 0.00390649167820811 0.00394634390249848 0.00343794608488679 0.00309581449255347 0.0026567536406219 0.00239023240283132 0.00212223897688091 0.00177850259933621 0.00158389564603567 0.00132624036632478 0.00120998721104115 0.00112179305870086 0.000926604028791189 0.000822101254016161 0.000591052463278174 0.000509833742398769 0.000417738425312564 0.000339118880219758 0.000278591789538041 0.000267614232143387 0.000305083638522774 0.000399234355427325 0.000572344404645264 0.000614668359048665 0.000902763975318521 0.00224555423483253
0.00570447836071253 0.0054635931737721 0.0055878427810967 0.00634693680331111 0.00665418617427349 0.00662008346989751 0.00825005676597357 0.00872505456209183 0.00896759610623121 0.011541435495019 0.0125141069293022 0.0127108786255121 0.0113555556163192 0.0103256050497293 0.0113800503313541 0.00936324615031481 0.00764500582590699 0.00702678970992565 0.0047216615639627 0.00408613821491599 0.00385408475995064 0.00430745584890246 0.00421317154541612 0.00379252969287336 0.0036888353060931 0.00446803122758865 0.00405347067862749 0.00365021568723023 0.00313709303736687 0.00290197576396167 0.00263344729319215 0.00230063870549202 0.00197858619503677 0.00168923672754318 0.00143366877455264 0.00135395932011306 0.00118651089724153 0.000997647410258651 0.000678383046761155 0.000557420484255999 0.000444887351477519 0.000333452160703018 0.000235649640671909 0.000215792839298956 0.000187017605639994 0.00026848484412767 0.000284375710180029 0.00070395483635366 0.000773185747675598 0.00138244999106973
0.00507001718506217 0.00516759930178523 0.00534327980130911 0.00657394016161561 0.00637973146513104 0.00592853501439095 0.00697579188272357 0.00759363500401378 0.00804325472563505 0.0102090016007423 0.0114104878157377 0.0114684589207172 0.0150729725137353 0.011478116735816 0.0120754661038518 0.0103571424260736 0.00796702038496733 0.00752035668119788 0.00497041875496507 0.00442976830527186 0.00493714725598693 0.0050126351416111 0.00457203481346369 0.00430529750883579 0.00427545001730323 0.00455746753141284 0.00455016270279884 0.00421683583408594 0.00394018134102225 0.00442795595154166 0.00298829562962055 0.00281597347930074 0.00253128167241812 0.00211084214970469 0.00189745856914669 0.00162241444922984 0.00137706915847957 0.00117720186244696 0.00078387965913862 0.000611188937909901 0.000483859039377421 0.000336462166160345 0.000233988248510286 0.000195218904991634 0.000133828070829622 0.000212828352232464 0.000277756305877119 0.000421046279370785 0.000657568569295108 0.000928137334994972
0.00447201728820801 0.00508865900337696 0.0048528672195971 0.00529586523771286 0.00535293342545629 0.00593051174655557 0.00771848345175385 0.00852940790355206 0.00993478577584028 0.0106904078274965 0.0119092399254441 0.00969250500202179 0.0114180678501725 0.0110546024516225 0.0113155711442232 0.0106752114370465 0.00844190828502178 0.0082769924774766 0.00678574107587337 0.00619881134480238 0.00564150139689445 0.00539010995998979 0.00520887179300189 0.0049183676019311 0.00465897144749761 0.00423753261566162 0.00477743428200483 0.00459382263943553 0.00439650705084205 0.00409258576110005 0.00453933700919151 0.0032330269459635 0.00295243342407048 0.00265510054305196 0.00233778334222734 0.00209312280640006 0.00182006217073649 0.00159343285486102 0.00107890262734145 0.000786237127613276 0.000607858703006059 0.000445023964857683 0.000280375446891412 0.000178400296135806 0.00012720531958621 0.000120645148854237 0.000258539919741452 0.000356875767465681 0.000500900147017092 0.000734536035452038
0.00459691230207682 0.00493208831176162 0.00499980384483933 0.00480546150356531 0.00554430531337857 0.00573278358206153 0.0065923142246902 0.00701968697831035 0.00828787311911583 0.00765901245176792 0.00842346902936697 0.00809082016348839 0.00889135710895061 0.00991680286824703 0.0100128203630447 0.0103419004008174 0.008889464661479 0.00827046018093824 0.00738779921084642 0.00659143412485719 0.0062337969429791 0.00579166458919644 0.0053107962012291 0.00519519299268723 0.00522766215726733 0.00464251544326544 0.00436206348240376 0.00515318475663662 0.0049413088709116 0.0046142591163516 0.00452492525801063 0.00407182751223445 0.00354742328636348 0.00327241118066013 0.00276840920560062 0.00262598972767591 0.00231526955030859 0.00203469838015735 0.00133532786276191 0.00107829121407121 0.000845774775370955 0.000656081130728126 0.00044273043749854 0.00022327784972731 0.000183222291525453 0.000179338487214409 0.000294327881420031 0.000396029994590208 0.000443118566181511 0.000764247379265726
0.00373281817883253 0.0040034269914031 0.00444217352196574 0.00413113925606012 0.0051580760627985 0.00535415299236774 0.00623957021161914 0.00542404362931848 0.00553217902779579 0.00607529794797301 0.00682026101276278 0.00762135116383433 0.00781383085995913 0.0087691294029355 0.00901210773736238 0.00931447371840477 0.00928430818021297 0.00930760428309441 0.00808826927095652 0.00707049760967493 0.00638999417424202 0.00628669327124953 0.00590739352628589 0.00541338324546814 0.00553954299539328 0.0051295175217092 0.00498085003346205 0.00434969924390316 0.00541839096695185 0.00515101524069905 0.00474930321797729 0.0047724493779242 0.00420111790299416 0.00392804993316531 0.00363534991629422 0.00322370021604002 0.00233915983699262 0.00213293149136007 0.00181696226354688 0.00154644518624991 0.00125234574079514 0.000787970318924636 0.000612686853855848 0.000449735845904797 0.000392167741665617 0.000339911290211603 0.000435234484029934 0.000421847827965394 0.000499409274198115 0.000598988786805421
0.00339469336904585 0.00355938752181828 0.00389467342756689 0.00391155714169145 0.00480652879923582 0.00513802841305733 0.00430552894249558 0.00467327889055014 0.00475129298865795 0.00513272313401103 0.00590696511790156 0.00680734543129802 0.00705466326326132 0.00730125186964869 0.00748321274295449 0.00825467426329851 0.00879054516553879 0.00873662624508142 0.00830670073628426 0.00804724358022213 0.0076312948949635 0.00687885843217373 0.00615993700921535 0.005936274304986 0.00593993067741394 0.00546860694885254 0.00529603892937303 0.00486837234348059 0.00465320982038975 0.00438339496031404 0.00534434895962477 0.00500516360625625 0.00368273886851966 0.00375083251856267 0.00350886187516153 0.00326455687172711 0.00299824355170131 0.0026139528490603 0.00249977991916239 0.00215114303864539 0.00182156986556947 0.00125279382336885 0.00103913340717554 0.000925383763387799 0.000712314154952765 0.000751165265683085 0.000600792991463095 0.000538789259735495 0.00049935030983761 0.000671821006108075
0.00402828166261315 0.00384769611991942 0.00365009368397295 0.00378653546795249 0.00429663481190801 0.00378764700144529 0.00409381370991468 0.00390991289168596 0.00408533029258251 0.00451833661645651 0.00526005635038018 0.00612139608711004 0.00644413568079472 0.00696856481954455 0.00744668301194906 0.0076380567625165 0.00794053729623556 0.00807177554816008 0.00750664249062538 0.00766210583969951 0.00776640931144357 0.00749939773231745 0.00672776391729712 0.0061847222968936 0.00592770660296082 0.00574759393930435 0.00557298772037029 0.00538075901567936 0.0050458088517189 0.00467790709808469 0.004700125195086 0.00435920432209969 0.00418982701376081 0.00393993128091097 0.00383995054289699 0.00369308493100107 0.00356475031003356 0.00345543073490262 0.00317828170955181 0.00291791325435042 0.00257103098556399 0.00213891686871648 0.00151046772953123 0.00137585203628987 0.00110187276732177 0.000922374951187521 0.000855497957672924 0.000723350269254297 0.000705934653524309 0.000581719563342631
0.00372471776790917 0.00373110384680331 0.00361108034849167 0.00369988149031997 0.00402102526277304 0.00380715820938349 0.00373471924103796 0.00398919777944684 0.00371481012552977 0.00437935069203377 0.00567014329135418 0.00632321974262595 0.00638250773772597 0.00666332058608532 0.00661083869636059 0.00718218879774213 0.00714668212458491 0.00717122992500663 0.00723454728722572 0.00693804072216153 0.00646031927317381 0.00711025483906269 0.00728674605488777 0.0065008383244276 0.00660414854064584 0.00643232651054859 0.00586238503456116 0.00590358162298799 0.00558162713423371 0.00514290574938059 0.00509313819929957 0.00474630948156118 0.00481074815616012 0.00448287557810545 0.00438587414100766 0.00408555939793587 0.00398181239143014 0.00406438345089555 0.0037834607064724 0.00357967172749341 0.0032115476205945 0.00234317127615213 0.0019952985458076 0.00171704590320587 0.00140551081858575 0.00109777774196118 0.00115217361599207 0.000817610009107739 0.000734463450498879 0.000626890920102596
0.0032943207770586 0.00339981191791594 0.0031676166690886 0.00334988860413432 0.00365438126027584 0.0030480157583952 0.00301033607684076 0.00366863724775612 0.00349495024420321 0.00435158424079418 0.00545577146112919 0.0057888263836503 0.00625601690262556 0.00618485268205404 0.00644692592322826 0.00664640031754971 0.00670989276841283 0.00645176088437438 0.00623835204169154 0.00604517571628094 0.00617294758558273 0.00596196204423904 0.00653954083099961 0.00703086704015732 0.00682268105447292 0.00648103281855583 0.00636861566454172 0.00599698536098003 0.00580128328874707 0.00545844249427319 0.00555218476802111 0.00556425238028169 0.00494155567139387 0.00489043956622481 0.00452267378568649 0.00466389255598187 0.00462338188663125 0.00439957249909639 0.00352198351174593 0.00346945854835212 0.00398112973198295 0.00356702553108335 0.00325383385643363 0.0019346255576238 0.00144975504372269 0.00120994972530752 0.0010261262068525 0.00117941712960601 0.000897692341823131 0.00074975669849664
0.00322916335426271 0.00276237702928483 0.00302871991880238 0.00280519714578986 0.00335512752644718 0.00323970802128315 0.00330588850192726 0.00358785316348076 0.0039411187171936 0.00456773210316896 0.0051214387640357 0.00525736063718796 0.00556541886180639 0.00565848127007484 0.00593299465253949 0.00622414750978351 0.00589780416339636 0.00613021152094007 0.00594542315229774 0.00581417046487331 0.00592255173251033 0.00552556291222572 0.00532073900103569 0.00638885796070099 0.00700847478583455 0.00720867002382874 0.00656604813411832 0.00635023508220911 0.00602777116000652 0.00621858472004533 0.00562528986483812 0.00594959175214171 0.00557459006085992 0.00552526488900185 0.00424806354567409 0.00417352048680186 0.00397643866017461 0.00428626779466867 0.00404457561671734 0.00401486502960324 0.00377599173225462 0.00413435697555542 0.00361190736293793 0.00294605526141822 0.00214960752055049 0.00155115185771137 0.001210005604662 0.00125720060896128 0.0011034500785172 0.000893288000952452
0.00388130778446794 0.00355529552325606 0.00349921872839332 0.0031303979922086 0.00314316572621465 0.00287654553540051 0.00305975321680307 0.00293176923878491 0.00324962986633182 0.00434994278475642 0.00477084703743458 0.0048171803355217 0.00519704958423972 0.00520969973877072 0.00537188118323684 0.00561080314218998 0.005965540651232 0.00574007630348206 0.00597573816776276 0.00576592981815338 0.00567786488682032 0.00562586821615696 0.00566829275339842 0.00589311821386218 0.00647848378866911 0.00754297990351915 0.00679086847230792 0.00663655716925859 0.00645270012319088 0.00663690455257893 0.0054120235145092 0.00517066149041057 0.00495107658207417 0.00497188000008464 0.00469126971438527 0.00458955066278577 0.00468731299042702 0.00465885829180479 0.00456810928881168 0.00448235869407654 0.00410590227693319 0.00488631194457412 0.00415945518761873 0.00352586666122079 0.00280840112827718 0.0020283842459321 0.00173717655707151 0.00179590564221144 0.0015041830483824 0.00127063307445496
0.0033059986308217 0.00306916097179055 0.00311731267720461 0.00295158964581788 0.00278649129904807 0.00304110068827868 0.00334678939543664 0.00289489724673331 0.00349695538170636 0.00387777155265212 0.00439057732000947 0.00439415918663144 0.00481663178652525 0.00508948415517807 0.00517662102356553 0.00529659120365977 0.00551350368186831 0.005454171448946 0.00589455245062709 0.00564214447513223 0.00563171319663525 0.00559552758932114 0.00561766978353262 0.00612749299034476 0.0062335254624486 0.0071540423668921 0.00750170042738318 0.00731763336807489 0.00722542777657509 0.00701149227097631 0.00556647730991244 0.00538565777242184 0.00524712633341551 0.00531477993354201 0.00498783960938454 0.00483594369143248 0.00502807181328535 0.00484821200370789 0.0049249567091465 0.00480109872296453 0.00442474009469151 0.00423414120450616 0.00451735826209188 0.00394072942435741 0.00317091145552695 0.0034290486946702 0.00282686343416572 0.00242704036645591 0.00204815692268312 0.00175546656828374
0.00299132661893964 0.00305402814410627 0.00231309584341943 0.00281101232394576 0.00304844882339239 0.0031440940219909 0.00329898833297193 0.00319001916795969 0.00308019341900945 0.00355623033829033 0.00347834057174623 0.00374731351621449 0.00453432463109493 0.00464753713458776 0.00516782375052571 0.00516082113608718 0.00578535487875342 0.00537552777677774 0.00564689002931118 0.00561432167887688 0.00561669608578086 0.00582136632874608 0.00541844218969345 0.00613674148917198 0.0064554731361568 0.00738100288435817 0.00764510547742248 0.00745518365874887 0.00720270769670606 0.00698816636577249 0.00566240586340427 0.0056631057523191 0.00530235795304179 0.00552220363169909 0.00563431577757001 0.00526276836171746 0.00509546278044581 0.00504824612289667 0.00529300142079592 0.00483331084251404 0.00461341068148613 0.00442557409405708 0.0046778442338109 0.00443293852731586 0.00391951482743025 0.00323063787072897 0.00357871665619314 0.00310114840976894 0.00268608145415783 0.00240862043574452
0.00259602814912796 0.00266332412138581 0.00269559095613658 0.0025694144424051 0.00320446700789034 0.00324724544771016 0.00323178200051188 0.002834293525666 0.00280123832635581 0.00303986296057701 0.00325710466131568 0.00383448274806142 0.00424481881782413 0.00438751420006156 0.0048010409809649 0.00529666058719158 0.00572975957766175 0.00551177747547626 0.00553630013018847 0.00515293562784791 0.00570958666503429 0.00586181133985519 0.00606790045276284 0.00639523705467582 0.00705972081050277 0.00683569302782416 0.00788525771349669 0.00780727388337255 0.00714054144918919 0.00715658254921436 0.0055285869166255 0.00556352874264121 0.00537988590076566 0.00516034150496125 0.00535491621121764 0.00567134981974959 0.00554283987730742 0.00528090680018067 0.00517544336616993 0.0051018656231463 0.00501096853986382 0.00480121793225408 0.00422391900792718 0.00467000622302294 0.00424693897366524 0.00367398886010051 0.00329302623867989 0.0031561863142997 0.003455248195678 0.00304337427951396
0.00270587950944901 0.00242161494679749 0.00224043149501085 0.00281206401996315 0.00318455952219665 0.00320283509790897 0.00295200338587165 0.00275679747574031 0.0026657625567168 0.00304228416644037 0.00318765547126532 0.00329157523810863 0.00459893466904759 0.00469942903146148 0.00502261612564325 0.00512319570407271 0.00647566048428416 0.00686153303831816 0.00690964190289378 0.00748233776539564 0.00749831181019545 0.00796483270823956 0.00753461243584752 0.00822749640792608 0.00687963562086225 0.0071346596814692 0.00775213120505214 0.00804960448294878 0.0084847928956151 0.00727379648014903 0.00548007432371378 0.00572268571704626 0.00569275906309485 0.00544358696788549 0.00571094593033195 0.00463267834857106 0.00437340885400772 0.00461971247568727 0.00454874243587255 0.00440310360863805 0.00410608109086752 0.00389712327159941 0.00352352671325207 0.00403903750702739 0.00370865175500512 0.004132438916713 0.00399975338950753 0.00377573980949819 0.00342304143123329 0.00322902388870716
0.00230687996372581 0.00250958022661507 0.00240213051438332 0.00246116379275918 0.00305004022084177 0.0031558726914227 0.00274703186005354 0.00266632367856801 0.00257891207002103 0.00258035189472139 0.0031282885465771 0.00386730046011508 0.00409206701442599 0.004193474072963 0.00462202494964004 0.0065060080960393 0.00665454659610987 0.00618180586025119 0.00705200107768178 0.00735124899074435 0.00730225583538413 0.00801313295960426 0.00820224266499281 0.00834486447274685 0.00919267535209656 0.00778954336419702 0.00811928790062666 0.00842232070863247 0.00818295124918222 0.00613006250932813 0.00559396902099252 0.00554974284023046 0.00540423113852739 0.00533137330785394 0.00536519847810268 0.00544968014582992 0.00477373972535133 0.0046158148907125 0.00550856534391642 0.00441351952031255 0.00436271633952856 0.00515171512961388 0.00470096524804831 0.00447021750733256 0.00426934193819761 0.00384758366271853 0.00377904670313001 0.00443805102258921 0.00411014165729284 0.00397734390571713
0.00196447386406362 0.00225208466872573 0.00250419252552092 0.0024849702604115 0.00299162068404257 0.0028566881082952 0.00258930586278439 0.00257923011668026 0.00252843927592039 0.00273469486273825 0.00309510086663067 0.00359964370727539 0.00427627936005592 0.00470403488725424 0.00611843029037118 0.00668058218434453 0.00637525506317616 0.00665898015722632 0.00689218426123261 0.00722208060324192 0.00725087430328131 0.00770658766850829 0.00877202767878771 0.00863733794540167 0.00933326035737991 0.00982359610497952 0.00805206783115864 0.00771725457161665 0.00761816743761301 0.0071578910574317 0.00553034385666251 0.00520909624174237 0.00531841302290559 0.00532906968146563 0.00512454658746719 0.00530606834217906 0.00537585048004985 0.00568271009251475 0.00534123787656426 0.00544477952644229 0.00466815801337361 0.0040496070869267 0.00396017590537667 0.00475088786333799 0.00462554534897208 0.00435116607695818 0.00428291829302907 0.00418172869831324 0.00386933935806155 0.00378506141714752
0.00196698075160384 0.00222097872756422 0.00246120756492019 0.00246508466079831 0.00292016705498099 0.00302535854279995 0.00253360369242728 0.00281922076828778 0.00245285499840975 0.00271759554743767 0.00318204844370484 0.00398992048576474 0.0042445557191968 0.00618080887943506 0.0063478397205472 0.00646185828372836 0.00564826652407646 0.00691059697419405 0.00708323158323765 0.00703722005710006 0.00760991172865033 0.00753414584323764 0.00825721584260464 0.00898751337081194 0.00936217606067657 0.0101116131991148 0.00788133777678013 0.00736738462001085 0.00739555060863495 0.00690475339069963 0.00529827456921339 0.00498464517295361 0.00520397955551744 0.00526036927476525 0.0052309101447463 0.00515973940491676 0.0051501072011888 0.00535353040322661 0.00518874824047089 0.00534037221223116 0.00444007944315672 0.00415932340547442 0.00514053227379918 0.00500067276880145 0.00482698436826468 0.0048395236954093 0.00477485405281186 0.00466678850352764 0.00434377323836088 0.0042047849856317
0.002122558420524 0.00204194895923138 0.00197695777751505 0.00249809166416526 0.00284264981746674 0.00279451883397996 0.00224543525837362 0.00271017174236476 0.00238934857770801 0.00261296075768769 0.0032981182448566 0.00340758101083338 0.00570906745269895 0.00617979187518358 0.00668345717713237 0.00651303445920348 0.00682899029925466 0.00693999323993921 0.00858639553189278 0.00886557344347239 0.00890601705759764 0.00912127457559109 0.00946951657533646 0.0104569941759109 0.00904251355677843 0.00961964204907417 0.0098574236035347 0.00730690034106374 0.00708585977554321 0.00696245580911636 0.00502261286601424 0.00446174060925841 0.00465178210288286 0.00500136334449053 0.00471961917355657 0.00526036927476525 0.00514127314090729 0.00523811299353838 0.00554516259580851 0.00538623426109552 0.0044646286405623 0.00432865926995873 0.00418582884594798 0.00488411448895931 0.00484214955940843 0.00479952245950699 0.00498643331229687 0.00478044524788857 0.00441133510321379 0.00438472861424088
0.00210169283673167 0.00185391353443265 0.00221652956679463 0.00254701916128397 0.00267408299259841 0.00292527512647212 0.00246676756069064 0.00264046317897737 0.00290773925371468 0.00271511124446988 0.00307448813691735 0.00365256052464247 0.00584376556798816 0.0063346060924232 0.00663137063384056 0.00663650874048471 0.00691662728786469 0.00851473771035671 0.00855438876897097 0.00784512050449848 0.00762446271255612 0.00823706761002541 0.00805556494742632 0.00883147958666086 0.0104866866022348 0.0111825158819556 0.00939235184341669 0.0090011153370142 0.00685753906145692 0.00646797521039844 0.00514131970703602 0.00464683352038264 0.00432321708649397 0.00436072656884789 0.00474094226956367 0.00510741071775556 0.00452047726139426 0.00514903524890542 0.00523811299353838 0.00428466778248549 0.0041935620829463 0.00448710843920708 0.00436952710151672 0.00417069252580404 0.00520291831344366 0.00408819178119302 0.00416606012731791 0.00496978219598532 0.00476338062435389 0.00428440002724528
0.00244921888224781 0.00247242138721049 0.0021264546085149 0.00261857872828841 0.00264447857625782 0.00261901295743883 0.00271733407862484 0.00280477805063128 0.00298599083907902 0.00328802596777678 0.00322413351386786 0.00490406667813659 0.00564506184309721 0.00666420068591833 0.00717058777809143 0.00717144925147295 0.00716236000880599 0.00840218923985958 0.00764199811965227 0.00813043117523193 0.00723547022789717 0.00922080688178539 0.0088276294991374 0.00920697301626205 0.0102153597399592 0.00820895284414291 0.00940290559083223 0.00858800206333399 0.00815240573137999 0.00645502610132098 0.00600969837978482 0.00425523752346635 0.00414279801771045 0.00429461896419525 0.00464906869456172 0.00474901683628559 0.00494183553382754 0.0050873146392405 0.00530932564288378 0.00430706376209855 0.00407092599198222 0.00427418295294046 0.00431682914495468 0.00424332683905959 0.00421756133437157 0.00409634271636605 0.00413837842643261 0.00366661883890629 0.00453528575599194 0.00401825457811356
