data/climate_estimation/maxent_output/Smilax_china.asc
NCOLS 546 
NROWS 365 
XLLCORNER 97.5833333333333 
YLLCORNER 10.8333333333333 
CELLSIZE 0.0833333333333333 
NODATA_value -3.4e+38 
[rows 207 to 229 of 365, columns 52 to 103 of 546]
0.308433920145035 0.313312590122223 0.238086834549904 0.283144235610962 0.263011127710342 0.305517852306366 0.294211983680725 0.301951825618744 0.275515645742416 0.192074403166771 0.118480741977692 0.121300853788853 0.278984040021896 0.261223644018173 0.0758135393261909 0.0768988654017448 0.124601341784 0.0447743758559227 0.122065372765064 0.12136472016573 0.191305562853813 0.277095913887024 0.286382973194122 0.281927436590195 0.290934830904007 0.294117867946625 0.29541951417923 0.296770006418228 0.300208777189255 0.304641723632812 0.30893537402153 0.322933822870255 0.326777696609497 0.33041524887085 0.335982233285904 0.341988891363144 0.332667320966721 0.34005880355835 0.346718639135361 0.356364637613297 0.35252720117569 0.258206307888031 0.257680624723434 0.260680049657822 0.339482545852661 0.339110761880875 0.265388548374176 0.264859855175018 0.238689050078392 0.250014811754227 0.254255920648575 0.255632996559143
0.256426423788071 0.278692215681076 0.234501287341118 0.279464304447174 0.2694191634655 0.271911978721619 0.306012570858002 0.306549817323685 0.293582230806351 0.2603979408741 0.256096363067627 0.2625752389431 0.28077819943428 0.124277472496033 0.0765610337257385 0.123843677341938 0.123226918280125 0.073935940861702 0.0734842494130135 0.119972877204418 0.192594826221466 0.256561756134033 0.258861511945724 0.285795629024506 0.287378311157227 0.294139295816422 0.29769691824913 0.297752767801285 0.30014631152153 0.304141044616699 0.307962954044342 0.32231816649437 0.322575509548187 0.332528203725815 0.337904572486877 0.343016773462296 0.348996788263321 0.342150062322617 0.350246220827103 0.347642242908478 0.349122226238251 0.351578831672668 0.257762461900711 0.339643657207489 0.358372390270233 0.341431677341461 0.257948517799377 0.221147775650024 0.29142490029335 0.246105507016182 0.257978975772858 0.28888726234436
0.267677962779999 0.277344435453415 0.234154030680656 0.261503458023071 0.310224086046219 0.286521971225739 0.276390552520752 0.295644462108612 0.297338485717773 0.2799072265625 0.283382803201675 0.262624591588974 0.123499155044556 0.19952055811882 0.125582858920097 0.0457184836268425 0.0750628486275673 0.201188027858734 0.200973063707352 0.261912733316422 0.194046750664711 0.254815697669983 0.256817162036896 0.272391736507416 0.274713933467865 0.288888841867447 0.298805385828018 0.29856738448143 0.302148729562759 0.30699697136879 0.31161892414093 0.314091384410858 0.324743419885635 0.332154095172882 0.333059549331665 0.338089317083359 0.336768686771393 0.343578696250916 0.352433681488037 0.362429529428482 0.356741219758987 0.361153960227966 0.356153309345245 0.358570873737335 0.358684867620468 0.362603396177292 0.339503794908524 0.357921957969666 0.307615846395493 0.293396770954132 0.265306323766708 0.341289728879929
0.179723858833313 0.269756466150284 0.332936555147171 0.264205098152161 0.316010445356369 0.316701084375381 0.281512230634689 0.285457283258438 0.302560031414032 0.265529692173004 0.197829231619835 0.0750133991241455 0.122631885111332 0.202683925628662 0.272024601697922 0.0767537355422974 0.0452395565807819 0.281226605176926 0.287753701210022 0.281911313533783 0.286107450723648 0.262037247419357 0.254896134138107 0.271267980337143 0.273486584424973 0.286908060312271 0.288415849208832 0.289619386196136 0.303724676370621 0.308042019605637 0.311748445034027 0.319131761789322 0.325097620487213 0.333303421735764 0.335283279418945 0.336047828197479 0.339281857013702 0.356293618679047 0.352712333202362 0.36781120300293 0.371117621660233 0.364385575056076 0.369341909885406 0.360597878694534 0.37383109331131 0.375462651252747 0.376068919897079 0.374618738889694 0.375454217195511 0.356758683919907 0.291180342435837 0.391924649477005
0.0397459641098976 0.204732865095139 0.333110392093658 0.321492165327072 0.271199613809586 0.306669175624847 0.288943707942963 0.265847831964493 0.267900913953781 0.26719006896019 0.122327387332916 0.123623132705688 0.202036485075951 0.124037683010101 0.125086396932602 0.120699137449265 0.0709292888641357 0.197063326835632 0.2879998087883 0.269191235303879 0.283701449632645 0.266780912876129 0.263530433177948 0.275277733802795 0.276023298501968 0.27606076002121 0.28933846950531 0.294212311506271 0.306671768426895 0.313739150762558 0.315473198890686 0.316024333238602 0.327088624238968 0.327349901199341 0.332147121429443 0.349627763032913 0.351151347160339 0.359965324401855 0.363610148429871 0.366567879915237 0.374441355466843 0.371898472309113 0.382897704839706 0.376757085323334 0.3769291639328 0.377602934837341 0.369527488946915 0.384793043136597 0.389532268047333 0.356580227613449 0.382729411125183 0.419084161520004
0.268375128507614 0.109878249466419 0.202598765492439 0.316103041172028 0.321366667747498 0.29950162768364 0.311448454856873 0.294158846139908 0.311499714851379 0.272661685943604 0.205454990267754 0.27681028842926 0.307174414396286 0.295149326324463 0.124519161880016 0.0720681250095367 0.112915061414242 0.11190465092659 0.293543368577957 0.292907923460007 0.286198139190674 0.291489213705063 0.286657989025116 0.28179919719696 0.278734266757965 0.276780247688293 0.294469565153122 0.296813696622849 0.314200848340988 0.309416353702545 0.323961108922958 0.320512920618057 0.328328102827072 0.344854146242142 0.342672497034073 0.347998291254044 0.35246866941452 0.360164642333984 0.363410264253616 0.375635862350464 0.368519634008408 0.380903542041779 0.375882983207703 0.388700842857361 0.394952207803726 0.395346939563751 0.409274131059647 0.409325927495956 0.382881820201874 0.399145483970642 0.414684683084488 0.435212552547455
0.35108870267868 0.36488738656044 0.240301579236984 0.201931238174438 0.292078197002411 0.32681006193161 0.346774160861969 0.331986367702484 0.335902333259583 0.329611003398895 0.298962622880936 0.314346313476562 0.31487563252449 0.301178187131882 0.280316293239594 0.194521695375443 0.108347430825233 0.141963794827461 0.299103707075119 0.296436250209808 0.294243305921555 0.292877048254013 0.299856185913086 0.303324013948441 0.301894843578339 0.287146359682083 0.2849240899086 0.305661261081696 0.307988971471786 0.316596478223801 0.321317821741104 0.330071598291397 0.336838871240616 0.339215785264969 0.342306345701218 0.351930290460587 0.354828268289566 0.359105318784714 0.362210094928741 0.368717074394226 0.372654795646667 0.373946517705917 0.380621582269669 0.394282966852188 0.396241277456284 0.414203464984894 0.411162346601486 0.425737529993057 0.403310477733612 0.422934472560883 0.437011033296585 0.436177521944046
0.382932662963867 0.388200968503952 0.37452906370163 0.34618291258812 0.227000519633293 0.207063570618629 0.211208879947662 0.296757966279984 0.322019428014755 0.334952652454376 0.306509912014008 0.318661987781525 0.204158306121826 0.310232907533646 0.310672909021378 0.29527336359024 0.18835660815239 0.14574658870697 0.270281761884689 0.302450954914093 0.304514795541763 0.304668366909027 0.298079460859299 0.249546840786934 0.261439651250839 0.29990142583847 0.313584417104721 0.296265155076981 0.317732959985733 0.325356692075729 0.324964344501495 0.336961805820465 0.341593980789185 0.346574008464813 0.352475583553314 0.351530224084854 0.365550607442856 0.358385562896729 0.355007857084274 0.380699098110199 0.379096031188965 0.380045205354691 0.38431653380394 0.388492584228516 0.403310984373093 0.415255755186081 0.430767446756363 0.430470436811447 0.445152252912521 0.441897660493851 0.455163836479187 0.453875869512558
0.414644747972488 0.3851198554039 0.405784368515015 0.388206213712692 0.387134224176407 0.332679063081741 0.28781995177269 0.153362572193146 0.15360127389431 0.169405445456505 0.0946888998150826 0.200455397367477 0.202752634882927 0.304145455360413 0.322027981281281 0.271554589271545 0.31883692741394 0.278140068054199 0.291211396455765 0.308102309703827 0.307047545909882 0.313248306512833 0.310791373252869 0.288036316633224 0.289790779352188 0.30110102891922 0.320349961519241 0.324860394001007 0.313473910093307 0.321928530931473 0.329716801643372 0.337337911128998 0.343461275100708 0.353198975324631 0.36145493388176 0.36938938498497 0.374110102653503 0.368693888187408 0.358295649290085 0.367467552423477 0.381928294897079 0.390520930290222 0.391228437423706 0.390605688095093 0.389196962118149 0.420143961906433 0.435475289821625 0.433033287525177 0.448703616857529 0.445398986339569 0.458135157823563 0.456786602735519
0.440899908542633 0.420502334833145 0.415207386016846 0.40539613366127 0.392986714839935 0.399521797895432 0.377351105213165 0.366164654493332 0.362910568714142 0.275701642036438 0.174513220787048 0.0860337242484093 0.0989905595779419 0.306584596633911 0.318595051765442 0.311284929513931 0.324271082878113 0.31669944524765 0.32174950838089 0.314957827329636 0.325600057840347 0.324061989784241 0.330030888319016 0.326556593179703 0.333055436611176 0.308356523513794 0.318078607320786 0.330954641103745 0.329455137252808 0.33581680059433 0.325846463441849 0.34766873717308 0.338884800672531 0.342808485031128 0.362998634576797 0.384617239236832 0.381947249174118 0.385914087295532 0.378703981637955 0.380456507205963 0.38740262389183 0.389243096113205 0.395043104887009 0.396645039319992 0.37622994184494 0.394678324460983 0.42441588640213 0.401603937149048 0.452662467956543 0.452420234680176 0.462818592786789 0.462633311748505
0.441876858472824 0.463762015104294 0.444024175405502 0.420444428920746 0.417517423629761 0.380362719297409 0.358009964227676 0.352932453155518 0.359284847974777 0.333671569824219 0.338313907384872 0.282001733779907 0.277243226766586 0.168526887893677 0.269351929426193 0.270969688892365 0.278523921966553 0.310694515705109 0.343207627534866 0.343527406454086 0.346049457788467 0.311043232679367 0.342353045940399 0.340543538331985 0.334098428487778 0.33925524353981 0.331775009632111 0.339663207530975 0.343454718589783 0.350257575511932 0.34239074587822 0.349776655435562 0.355580270290375 0.356150060892105 0.331846445798874 0.36592510342598 0.367872923612595 0.395760267972946 0.374878644943237 0.397724479436874 0.392031162977219 0.388772577047348 0.399642646312714 0.3870969414711 0.266705095767975 0.381493151187897 0.392996042966843 0.348085254430771 0.440980285406113 0.455608338117599 0.469234764575958 0.468874454498291
0.485469222068787 0.474389523267746 0.473451018333435 0.452299773693085 0.446912109851837 0.419978052377701 0.415259152650833 0.357678145170212 0.334679931402206 0.308375418186188 0.356385886669159 0.304364919662476 0.316855937242508 0.313860774040222 0.279399335384369 0.270644783973694 0.237954840064049 0.291064232587814 0.306085646152496 0.328562766313553 0.376802772283554 0.336665421724319 0.363463848829269 0.366143524646759 0.342164009809494 0.340023547410965 0.324344307184219 0.356912791728973 0.353213220834732 0.272212564945221 0.355909794569016 0.285449415445328 0.288760989904404 0.291144967079163 0.367723554372787 0.295319437980652 0.38318407535553 0.406781643629074 0.390349090099335 0.401888281106949 0.331632435321808 0.244387730956078 0.153196334838867 0.268138438463211 0.170708104968071 0.390349894762039 0.339607954025269 0.377120792865753 0.409678637981415 0.444412410259247 0.474030822515488 0.474508225917816
0.510191261768341 0.501961767673492 0.498323857784271 0.447270184755325 0.450186550617218 0.436268389225006 0.420736908912659 0.406239032745361 0.345798820257187 0.343430906534195 0.286604821681976 0.349771410226822 0.318611532449722 0.321457356214523 0.312354385852814 0.318591982126236 0.305364608764648 0.301354944705963 0.251984864473343 0.328323930501938 0.379089027643204 0.386777818202972 0.341764360666275 0.358535170555115 0.373559147119522 0.339795678853989 0.367716670036316 0.350400328636169 0.348856717348099 0.286397844552994 0.278128147125244 0.337712705135345 0.363195538520813 0.378784567117691 0.40837025642395 0.408778786659241 0.386272370815277 0.416959196329117 0.380124658346176 0.388655036687851 0.380626887083054 0.293330401182175 0.168300777673721 0.0920195654034615 0.0560389868915081 0.162132903933525 0.421366274356842 0.419418752193451 0.386265128850937 0.378184735774994 0.462406754493713 0.479612916707993
0.440876185894012 0.513713240623474 0.515084862709045 0.48705181479454 0.442119568586349 0.424781262874603 0.379089415073395 0.415681511163712 0.396192580461502 0.34709045290947 0.293880879878998 0.326662868261337 0.312199354171753 0.318950921297073 0.31801775097847 0.244382947683334 0.220091044902802 0.33165717124939 0.350942045450211 0.268810719251633 0.357695370912552 0.386678129434586 0.403660982847214 0.356023222208023 0.41706308722496 0.388028055429459 0.371339350938797 0.375566840171814 0.296346753835678 0.357844412326813 0.190557926893234 0.195812225341797 0.301755309104919 0.192752912640572 0.305194348096848 0.435949474573135 0.399576872587204 0.393403023481369 0.42926624417305 0.394377589225769 0.384794443845749 0.292901337146759 0.292112469673157 0.290193110704422 0.289632797241211 0.371301919221878 0.425164729356766 0.424191743135452 0.396688193082809 0.319394111633301 0.418992847204208 0.457547783851624
0.489333838224411 0.494365125894547 0.526418685913086 0.425646036863327 0.422706097364426 0.402245968580246 0.447043150663376 0.404466032981873 0.351511031389236 0.323151648044586 0.336115628480911 0.305204808712006 0.312853306531906 0.253446370363235 0.303343594074249 0.159289583563805 0.144091844558716 0.139898285269737 0.238117814064026 0.369469672441483 0.317837774753571 0.365800440311432 0.410977721214294 0.384811788797379 0.419325709342957 0.419707328081131 0.382150053977966 0.386782228946686 0.30546247959137 0.302221387624741 0.196578711271286 0.19965061545372 0.199955850839615 0.305277049541473 0.3333740234375 0.309366494417191 0.424160003662109 0.406864166259766 0.38765487074852 0.359096318483353 0.37678787112236 0.283917188644409 0.158585757017136 0.298339247703552 0.40389296412468 0.402143597602844 0.444895952939987 0.45800244808197 0.325892478227615 0.314064800739288 0.296094298362732 0.41034922003746
0.582609355449677 0.411273777484894 0.504740238189697 0.46197110414505 0.46205061674118 0.433433502912521 0.414961993694305 0.427614271640778 0.394192695617676 0.376217842102051 0.364630579948425 0.334281116724014 0.223944514989853 0.305121302604675 0.326898276805878 0.249833434820175 0.251900792121887 0.0973251610994339 0.0795499011874199 0.349178493022919 0.38474428653717 0.337922424077988 0.39226758480072 0.40539476275444 0.42461034655571 0.431376129388809 0.416329890489578 0.403045415878296 0.308131009340286 0.307070732116699 0.12595970928669 0.126502215862274 0.203489273786545 0.201179787516594 0.202985376119614 0.403374284505844 0.399602234363556 0.394512057304382 0.421700119972229 0.406596511602402 0.388577282428741 0.242813780903816 0.18860749900341 0.387264549732208 0.407455563545227 0.285423189401627 0.434326231479645 0.441277891397476 0.400326877832413 0.322767823934555 0.288482666015625 0.299675762653351
0.642814576625824 0.497874528169632 0.345690459012985 0.397049933671951 0.428075104951859 0.38367971777916 0.397229909896851 0.414267718791962 0.39299863576889 0.379452347755432 0.286575704813004 0.289290010929108 0.168501809239388 0.319005727767944 0.282247692346573 0.30850613117218 0.332130938768387 0.265251725912094 0.0540796741843224 0.0557264052331448 0.0558362156152725 0.266182273626328 0.353604555130005 0.386390209197998 0.374712347984314 0.397140294313431 0.417259961366653 0.395518332719803 0.133822441101074 0.0836418718099594 0.127181366086006 0.129784122109413 0.128553077578545 0.128382965922356 0.204326912760735 0.427649646997452 0.392299294471741 0.388524949550629 0.394195973873138 0.37992051243782 0.395672082901001 0.305991262197495 0.171040087938309 0.387460261583328 0.295635312795639 0.167939081788063 0.38379842042923 0.427656710147858 0.400517493486404 0.346660256385803 0.314589619636536 0.299314051866531
0.638477146625519 0.572604477405548 0.462233066558838 0.401753276586533 0.405557483434677 0.389370173215866 0.355483829975128 0.323861718177795 0.346453756093979 0.376987814903259 0.318177908658981 0.257009327411652 0.105754069983959 0.165861025452614 0.168191969394684 0.334657728672028 0.340651988983154 0.350104808807373 0.270864754915237 0.061150323599577 0.0589426755905151 0.395377457141876 0.401875257492065 0.378387600183487 0.349349856376648 0.350490927696228 0.413134813308716 0.40135931968689 0.135364219546318 0.0835176482796669 0.128564655780792 0.191925495862961 0.0814530700445175 0.195443645119667 0.204323410987854 0.407843440771103 0.379438400268555 0.372914165258408 0.396746575832367 0.372624039649963 0.348275810480118 0.393044650554657 0.24335041642189 0.293296694755554 0.267176032066345 0.270883619785309 0.249574735760689 0.43155226111412 0.421579897403717 0.402437299489975 0.377135396003723 0.326234012842178
0.575376927852631 0.569158494472504 0.476392596960068 0.445117920637131 0.458017200231552 0.407740861177444 0.389044225215912 0.409574329853058 0.287653028964996 0.369149744510651 0.357341438531876 0.282119035720825 0.0995627492666245 0.0626125261187553 0.105827510356903 0.341639816761017 0.265796035528183 0.109185196459293 0.271214783191681 0.0201612021774054 0.020168473944068 0.0665628984570503 0.0713215917348862 0.407512724399567 0.35453787446022 0.347612202167511 0.351069182157516 0.376458495855331 0.37647670507431 0.196410641074181 0.194980680942535 0.339885264635086 0.357100307941437 0.308327496051788 0.312482595443726 0.363070726394653 0.370148718357086 0.381942629814148 0.393974006175995 0.376640349626541 0.350324749946594 0.347837537527084 0.268715143203735 0.240712761878967 0.160863935947418 0.140992298722267 0.217582046985626 0.384023994207382 0.44550633430481 0.43277296423912 0.435938000679016 0.377133071422577
0.488459587097168 0.462176293134689 0.523044943809509 0.494255632162094 0.423393100500107 0.334298759698868 0.414718329906464 0.372498065233231 0.398572385311127 0.37545970082283 0.255937963724136 0.268794685602188 0.174372807145119 0.0673932731151581 0.174879714846611 0.112537309527397 0.346611529588699 0.177247956395149 0.112926594913006 0.11503978818655 0.0367106236517429 0.0220577158033848 0.0130650782957673 0.0434646755456924 0.413600295782089 0.376326382160187 0.327782362699509 0.3270643055439 0.342307686805725 0.368161886930466 0.348633646965027 0.354965060949326 0.341760158538818 0.350863248109818 0.355033397674561 0.367598295211792 0.399100601673126 0.374185740947723 0.360010236501694 0.402251213788986 0.381441354751587 0.316682726144791 0.314721673727036 0.245828211307526 0.245477169752121 0.38762092590332 0.337145000696182 0.291333168745041 0.441751033067703 0.426301062107086 0.463055223226547 0.399526804685593
0.533775091171265 0.453572481870651 0.494416236877441 0.533067226409912 0.477227121591568 0.386512279510498 0.364806652069092 0.384245544672012 0.40795049071312 0.40641912817955 0.387194603681564 0.367690980434418 0.179765909910202 0.179460227489471 0.27665501832962 0.115410849452019 0.183355286717415 0.326142728328705 0.0728585496544838 0.116897605359554 0.376585841178894 0.06729356944561 0.0116966860368848 0.0247463770210743 0.298118650913239 0.408450990915298 0.373071759939194 0.319925844669342 0.328200489282608 0.333177983760834 0.30752170085907 0.359148353338242 0.361680001020432 0.343067795038223 0.356944054365158 0.354874730110168 0.390840321779251 0.39415031671524 0.363125562667847 0.355877965688705 0.382620632648468 0.334233164787292 0.36778125166893 0.358730852603912 0.386262953281403 0.38564121723175 0.41624990105629 0.309588074684143 0.440691232681274 0.413600385189056 0.375345468521118 0.379673421382904
0.528124034404755 0.432866007089615 0.435851484537125 0.427803158760071 0.478684633970261 0.422792285680771 0.360501021146774 0.344980865716934 0.396076023578644 0.364973127841949 0.262613832950592 0.26671239733696 0.264090150594711 0.117236144840717 0.284462541341782 0.286369979381561 0.117166735231876 0.322549790143967 0.355138689279556 0.0248077623546124 0.071481890976429 0.385394841432571 0.0440657138824463 0.0128288185223937 0.0432888232171535 0.0720537528395653 0.396809011697769 0.300365954637527 0.306340605020523 0.324180006980896 0.322679102420807 0.311984032392502 0.352193772792816 0.347930878400803 0.35926878452301 0.36924821138382 0.370662778615952 0.401894330978394 0.405052870512009 0.358078449964523 0.33799347281456 0.31777423620224 0.330180615186691 0.346684008836746 0.385201871395111 0.400953352451324 0.383799731731415 0.303371071815491 0.420272678136826 0.4547338783741 0.361764967441559 0.368497610092163
0.479230254888535 0.425167441368103 0.430759847164154 0.378780215978622 0.412993907928467 0.446812033653259 0.428736746311188 0.33889365196228 0.253663420677185 0.265855193138123 0.254804074764252 0.25140967965126 0.250547260046005 0.243044838309288 0.289292991161346 0.194150522351265 0.121445931494236 0.377900421619415 0.346264660358429 0.190174639225006 0.0745614245533943 0.375000327825546 0.36455500125885 0.0420519039034843 0.0120205460116267 0.0405131764709949 0.298066824674606 0.350401520729065 0.320532321929932 0.307413130998611 0.332145750522614 0.338681042194366 0.33337128162384 0.329877942800522 0.360675007104874 0.361761212348938 0.368124097585678 0.366963505744934 0.369039267301559 0.334387838840485 0.326777786016464 0.336091905832291 0.341724544763565 0.339068293571472 0.352331131696701 0.348705619573593 0.325768083333969 0.308386236429214 0.439448267221451 0.401818871498108 0.381854861974716 0.418303430080414
