data/climate_estimation/maxent_output/Smilax_australis.asc
NCOLS 435 
NROWS 348 
XLLCORNER 123.666666666667 
YLLCORNER -38.5 
CELLSIZE 0.0833333333333333 
NODATA_value -3.4e+38 
[rows 228 to 246 of 348, columns 176 to 219 of 435]
1.98132274817908e-05 1.87981695489725e-05 1.97758454305585e-05 1.96251858142205e-05 2.18727564060828e-05 2.22799881157698e-05 2.50737448368454e-05 2.60083670582389e-05 2.50137109105708e-05 2.68986932496773e-05 3.04434179270174e-05 2.79741234407993e-05 2.79240357485833e-05 2.73299265245441e-05 3.09055467369035e-05 3.35440963681322e-05 3.34846736222971e-05 3.65244159183931e-05 3.63068465958349e-05 3.71534479199909e-05 3.63436301995534e-05 3.76204370695632e-05 3.59461300831754e-05 3.625053432188e-05 4.03446101699956e-05 3.90234708902426e-05 4.22897028329317e-05 4.6029563236516e-05 5.1451992476359e-05 5.24007009516936e-05 5.51235680177342e-05 5.28234668308869e-05 5.41393565072212e-05 5.05177231389098e-05 4.88133409817237e-05 5.1677579904208e-05 5.32079284312204e-05 5.37091509613674e-05 5.11996222485323e-05 4.84655756736174e-05 5.47257295693271e-05 5.31414079887327e-05 4.97782602906227e-05 6.59307843307033e-05
1.98477719095536e-05 2.06507484108442e-05 2.01983584702248e-05 2.03411927941488e-05 2.18727564060828e-05 2.26782667596126e-05 2.64265854639234e-05 2.87456314254086e-05 2.70644759439165e-05 2.95027948595816e-05 3.09880269924179e-05 2.82897526631132e-05 3.02079442917602e-05 3.01938434859039e-05 3.03707911371021e-05 3.81122372345999e-05 3.62257742381189e-05 3.67192187695764e-05 4.00391472794581e-05 4.01376710215118e-05 4.10400280088652e-05 4.08436972065829e-05 4.05639984819572e-05 3.90975110349245e-05 4.15343929489609e-05 4.45351433882024e-05 4.36128393630497e-05 5.30563665961381e-05 5.23113885719795e-05 5.43062669748906e-05 5.45506081834901e-05 5.64340189157519e-05 5.6609591410961e-05 5.32018166268244e-05 5.83095970796421e-05 5.26907278981525e-05 5.39040374860633e-05 5.15255851496477e-05 5.15655810886528e-05 5.32654485141393e-05 5.48727366549429e-05 5.62204986636061e-05 5.33526435901877e-05 6.74543844070286e-05
2.00912782020168e-05 2.05935866688378e-05 2.08858746191254e-05 2.27429845836014e-05 2.72856741503347e-05 2.6952935513691e-05 3.00700248772046e-05 2.93072480417322e-05 3.17450139846187e-05 3.10804898617789e-05 3.73529401258565e-05 3.23013700835872e-05 3.54876501660328e-05 3.45513144566212e-05 3.44636173394974e-05 3.37908786605112e-05 3.62257742381189e-05 3.8286489143502e-05 3.91098437830806e-05 4.21401782659814e-05 4.23207893618383e-05 4.22333359892946e-05 4.05639984819572e-05 4.17181327065919e-05 4.41899683210067e-05 4.35777365055401e-05 4.75988090329338e-05 4.90054662805051e-05 4.93834595545195e-05 5.39159300387837e-05 5.77903119847178e-05 5.67057031730656e-05 5.8746289141709e-05 5.65099544473924e-05 6.18605336057954e-05 4.95540116389748e-05 5.08533630636521e-05 4.90371457999572e-05 5.41186491318513e-05 5.28918826603331e-05 5.49665383005049e-05 5.7087167078862e-05 5.67566203244496e-05 7.11198008502834e-05
2.07476150535513e-05 1.9752584194066e-05 2.14099054574035e-05 2.7645875888993e-05 3.33652569679543e-05 3.40833576046862e-05 2.95280424325028e-05 3.16332807415165e-05 3.22527157550212e-05 3.39294383593369e-05 3.55570700776298e-05 3.88075604860205e-05 3.94351882277988e-05 3.751517215278e-05 4.17541814385913e-05 3.6820252717007e-05 3.91098437830806e-05 4.28865096182562e-05 4.25850375904702e-05 4.23603232775349e-05 4.15720860473812e-05 4.34806424891576e-05 4.24262725573499e-05 4.29502215411048e-05 4.47486527264118e-05 4.48267601314001e-05 4.9090067477664e-05 5.01560716656968e-05 4.96396642120089e-05 5.8085162891075e-05 5.93646982451901e-05 6.01684259891044e-05 6.05513705522753e-05 5.96339414187241e-05 5.89300070714671e-05 5.21372421644628e-05 5.21372421644628e-05 4.84061893075705e-05 5.3962146921549e-05 5.3973537433194e-05 5.27743868588004e-05 5.76781858399045e-05 5.91706957493443e-05 7.37637674319558e-05
2.47854641202139e-05 2.12211380130611e-05 2.97131518891547e-05 3.26745248457883e-05 3.78514341718983e-05 4.03467929572798e-05 3.22087362292223e-05 3.19194150506519e-05 3.07733425870538e-05 3.84032755391672e-05 3.67227767128497e-05 3.5239881981397e-05 3.88240187021438e-05 3.95928218495101e-05 4.25810067099519e-05 4.27330851380248e-05 4.76244495075662e-05 4.81310635223053e-05 4.41103475168347e-05 4.38775859947782e-05 4.40547992184293e-05 4.40547992184293e-05 4.15779977629427e-05 4.49833787570242e-05 4.75373562949244e-05 5.03086666867603e-05 5.02426591992844e-05 5.19883287779521e-05 5.04859999637119e-05 6.00733947067056e-05 6.04650813329499e-05 6.40403959550895e-05 6.49074208922684e-05 6.00399580434896e-05 6.15706521784887e-05 6.00403291173279e-05 5.4510459449375e-05 4.99698726343922e-05 5.60665175726172e-05 5.38604508619756e-05 5.16838081239257e-05 6.11789000686258e-05 6.11013601883315e-05 7.20169846317731e-05
2.9940967579023e-05 3.06016227114014e-05 3.43622959917411e-05 4.13261950598098e-05 4.17151968576945e-05 3.6887689930154e-05 3.55342417606153e-05 3.35282056767028e-05 3.54316835000645e-05 3.86460378649645e-05 3.92098882002756e-05 3.83991573471576e-05 3.9101840229705e-05 3.63410035788547e-05 4.20967153331731e-05 4.47922211606055e-05 4.62993994005956e-05 4.85170749016106e-05 5.02588882227428e-05 5.21926231158432e-05 4.26860678999219e-05 4.72893007099628e-05 4.66779310954735e-05 4.6111577830743e-05 4.83065523440018e-05 4.86446988361422e-05 5.16308646183461e-05 5.16308646183461e-05 5.32089652551804e-05 5.9246682212688e-05 6.11708164797164e-05 6.71468151267618e-05 6.66830892441794e-05 6.52367234579287e-05 6.86323182890192e-05 5.99872801103629e-05 5.95875935687218e-05 5.14254679728765e-05 5.53733880224172e-05 5.48127427464351e-05 6.25716274953447e-05 6.07864858466201e-05 6.18160629528575e-05 7.72261846577749e-05
3.2191863283515e-05 3.37599958584178e-05 3.79962621082086e-05 4.13261950598098e-05 3.52028728229925e-05 3.69312547263689e-05 3.4961700293934e-05 3.99924392695539e-05 3.63443214155268e-05 4.19689386035316e-05 4.2683350329753e-05 3.86241881642491e-05 4.00695971620735e-05 4.0500468458049e-05 4.71092789666727e-05 5.03435621794779e-05 5.23353919561487e-05 4.96382708661258e-05 4.96382708661258e-05 5.3123298130231e-05 5.23903217981569e-05 4.66779310954735e-05 4.95004605909344e-05 4.80158087157179e-05 4.94318155688234e-05 4.92025319545064e-05 5.20899811817799e-05 5.20291068824008e-05 5.41771878488362e-05 5.49919168406632e-05 6.3803541706875e-05 6.48951099719852e-05 6.97998548275791e-05 6.50139627396129e-05 6.9914422056172e-05 6.14131786278449e-05 5.67172028240748e-05 6.19328129687347e-05 5.88278089708183e-05 6.02918553340714e-05 5.81678723392542e-05 6.15731041762047e-05 6.35143151157536e-05 7.91664933785796e-05
3.55130978277884e-05 3.72443391825072e-05 3.91866051359102e-05 4.47253623860888e-05 4.11188884754665e-05 3.90760505979415e-05 4.32854176324327e-05 4.1224713640986e-05 4.25939288106747e-05 4.36255322711077e-05 4.42089112766553e-05 4.10020329582039e-05 3.90652967325877e-05 4.14289206673857e-05 4.39144750998821e-05 4.47589554823935e-05 5.22436748724431e-05 5.42605885129888e-05 5.50273689441383e-05 5.59538602828979e-05 5.3685340390075e-05 5.68073919566814e-05 5.67876377317589e-05 5.64929287065752e-05 5.78814542677719e-05 5.10081117681693e-05 5.16045292897616e-05 5.30315373907797e-05 5.62725836061873e-05 6.34978496236727e-05 6.75927512929775e-05 6.64558101561852e-05 6.72314708936028e-05 6.74406328471377e-05 6.33215895504691e-05 5.44842514500488e-05 5.35004255652893e-05 5.7816767366603e-05 5.74168989260215e-05 6.14471719018184e-05 6.92346366122365e-05 6.93528854753822e-05 6.32966257398948e-05 7.76758315623738e-05
3.51329181285109e-05 4.26941223850008e-05 4.32269844168331e-05 4.56812776974402e-05 4.7509660362266e-05 4.0534716390539e-05 4.11491455452051e-05 4.53016182291321e-05 4.56890484201722e-05 4.54974833701272e-05 4.3939126044279e-05 4.30859327025246e-05 4.17881492467131e-05 4.12814806622919e-05 4.30617619713303e-05 4.32155575254001e-05 4.42354539700318e-05 5.5512096878374e-05 5.77564096602146e-05 5.88737457292154e-05 5.52207493456081e-05 5.65557820664253e-05 5.94616103626322e-05 5.85202906222548e-05 6.04808665229939e-05 5.13834675075486e-05 5.3064704843564e-05 5.32158119312953e-05 5.41397275810596e-05 6.69333821861073e-05 6.95113267283887e-05 7.06999344401993e-05 6.95612689014524e-05 7.02768957125954e-05 5.64395304536447e-05 5.12620572408196e-05 4.91878454340622e-05 5.73447032365948e-05 5.64856491109822e-05 6.06949761277065e-05 6.93327747285366e-05 7.19476302037947e-05 7.44110075174831e-05 8.09486664365977e-05
4.01269535359461e-05 4.08044325013179e-05 4.91859645990189e-05 4.86297722090967e-05 5.08850389451254e-05 4.67704194306862e-05 4.66557030449621e-05 5.02072252857033e-05 4.64972508780193e-05 4.68872167402878e-05 4.49464059784077e-05 4.55514164059423e-05 4.76692584925331e-05 4.51620653620921e-05 4.57291389466263e-05 4.61126619484276e-05 4.58667200291529e-05 4.42873752035666e-05 5.60104781470727e-05 5.85725902055856e-05 5.67521601624321e-05 5.88816219533328e-05 5.93041331740096e-05 6.22618535999209e-05 6.11912983004004e-05 6.05578170507215e-05 5.87983558943961e-05 6.09084490861278e-05 6.51462250971235e-05 7.52070918679237e-05 7.11839966243133e-05 6.85441409586929e-05 6.63134051137604e-05 6.23891100985929e-05 6.3089253671933e-05 5.76472957618535e-05 5.65789123356808e-05 6.70910958433524e-05 6.58000935800374e-05 8.15092062111944e-05 7.80684495111927e-05 8.19912820588797e-05 8.83354150573723e-05 9.57770171226002e-05
4.4574037019629e-05 4.81338975077961e-05 5.05633397551719e-05 5.89547671552282e-05 5.31904588569887e-05 5.9951504226774e-05 5.89699848205782e-05 5.16923573741224e-05 4.87119796162006e-05 4.72485189675353e-05 4.59767798020039e-05 5.57571329409257e-05 4.6338824176928e-05 4.85963901155628e-05 5.12372134835459e-05 4.81038296129555e-05 4.7169771278277e-05 4.67836107418407e-05 4.63662763650063e-05 5.61093438591342e-05 5.50313525309321e-05 6.01421852479689e-05 6.10557835898362e-05 6.32357041467912e-05 6.18953054072335e-05 6.16524266661145e-05 6.08029004069977e-05 6.2145794800017e-05 6.48241839371622e-05 7.35747453290969e-05 7.09365122020245e-05 6.73451140755787e-05 6.79423028486781e-05 6.60930018057115e-05 6.08429945714306e-05 5.98184415139258e-05 6.5835913119372e-05 6.90020897309296e-05 7.22011100151576e-05 8.85881599970162e-05 8.24409580673091e-05 8.86761190486141e-05 0.000101469493529294 0.000120057251479011
4.69551523565315e-05 5.24749484611675e-05 6.16085089859553e-05 6.38128476566635e-05 6.12253497820348e-05 6.43134044366889e-05 6.3710700487718e-05 6.83077814755961e-05 5.08146586071234e-05 4.92735307489056e-05 4.7937712224666e-05 5.21523215866182e-05 5.83846303925384e-05 5.86996575293597e-05 5.57349885639269e-05 4.87170618725941e-05 4.91555547341704e-05 4.86298340547364e-05 4.83690855617169e-05 5.80166488362011e-05 5.85898706049193e-05 6.44676620140672e-05 6.45808395347558e-05 6.59634097246453e-05 6.82215104461648e-05 6.51842274237424e-05 6.21292492724024e-05 6.25977991148829e-05 7.39543465897441e-05 7.45545330573805e-05 7.12513719918206e-05 7.03270416124724e-05 7.05700731487013e-05 6.51598747936077e-05 6.70234439894557e-05 6.6375701862853e-05 7.37886803108267e-05 7.2105998697225e-05 8.43319721752778e-05 9.39391538850032e-05 9.47929147514515e-05 0.000108463311335072 0.000111419001768809 0.000133683439344168
5.20458597748075e-05 6.23483065282926e-05 6.511159153888e-05 6.66605628794059e-05 6.66456762701273e-05 6.88642394379713e-05 6.75528790452518e-05 6.57370692351833e-05 5.30161378264893e-05 5.8217417972628e-05 5.94630546402186e-05 6.58742646919563e-05 6.24218591838144e-05 5.76104393985588e-05 5.92300275457092e-05 5.47385534446221e-05 5.86030255362857e-05 5.87727918173186e-05 5.89798946748488e-05 5.78467515879311e-05 5.99438353674486e-05 6.16593679296784e-05 6.60792138660327e-05 6.52728267596103e-05 6.9234796683304e-05 6.42932136543095e-05 6.39643403701484e-05 6.42194427200593e-05 7.84623844083399e-05 7.77883615228347e-05 7.09361920598894e-05 6.61481681163423e-05 7.14845809852704e-05 6.70234439894557e-05 6.84491533320397e-05 7.57458037696779e-05 7.63023053877987e-05 8.78088103490882e-05 9.5782132120803e-05 9.51821493799798e-05 0.000111817338620313 0.000113519403384998 0.00012490653898567 0.000135819922434166
6.1463586462196e-05 6.27601257292554e-05 7.31006148271263e-05 7.68118479754776e-05 7.28776140022092e-05 7.28776140022092e-05 7.06367791281082e-05 6.08454538451042e-05 5.5801105190767e-05 6.38880228507333e-05 6.43166495137848e-05 7.29003004380502e-05 6.56436022836715e-05 7.04656340531074e-05 6.3485320424661e-05 6.57194177620113e-05 6.64862382109277e-05 6.53692113701254e-05 5.99186932959128e-05 5.99842896917835e-05 6.07293841312639e-05 6.75936898915097e-05 6.36429904261604e-05 7.07075378159061e-05 6.82325480738655e-05 6.70665322104469e-05 6.77279822411947e-05 7.56976151023991e-05 7.57758025429212e-05 7.63114585424773e-05 7.03774130670354e-05 7.10755412001163e-05 7.27058868505992e-05 7.20962925697677e-05 7.10916719981469e-05 8.12895523267798e-05 9.26798093132675e-05 0.000103193015092984 9.87112216535024e-05 9.78061361820437e-05 9.97111419565044e-05 0.00012364043504931 0.000130900036310777 0.000137847353471443
6.80502198520117e-05 7.99911576905288e-05 8.08681215858087e-05 8.12671933090314e-05 7.54110587877221e-05 7.38095695851371e-05 7.39792885724455e-05 7.35520807211287e-05 7.43520140531473e-05 7.55031578592025e-05 7.32666012481786e-05 7.36576403141953e-05 8.39805725263432e-05 8.44215755932964e-05 7.06879145582207e-05 7.77682653279044e-05 6.88816653564572e-05 6.75280534778722e-05 6.82657046127133e-05 6.13704760326073e-05 6.29045680398121e-05 6.163350190036e-05 7.08914667484351e-05 7.10570820956491e-05 6.7633533035405e-05 7.01461176504381e-05 7.15222631697543e-05 8.06218158686534e-05 8.12671278254129e-05 7.85765660111792e-05 7.40111281629652e-05 7.65054210205562e-05 7.93614744907245e-05 7.3372051701881e-05 7.84242220106535e-05 9.17085053515621e-05 0.000102266632893588 0.000110503286123276 0.000105082610389218 0.000101376041129697 0.000125994803966023 0.000123048928799108 0.000125398219097406 0.000128299361676909
7.43646087357774e-05 8.06115931482054e-05 8.7642838479951e-05 8.87111455085687e-05 7.82157003413886e-05 7.79867259552702e-05 7.95609012129717e-05 9.15503915166482e-05 8.33284284453839e-05 9.42150800256059e-05 9.15838027140126e-05 9.32386610656977e-05 9.46349246078171e-05 8.36771432659589e-05 8.37378684082069e-05 8.5298546764534e-05 8.5666666564066e-05 7.56216104491614e-05 8.26711693662219e-05 6.85697741573676e-05 6.44718384137377e-05 6.2678060203325e-05 7.04332705936395e-05 7.16269569238648e-05 7.18071969458833e-05 8.16069441498257e-05 8.21752764750272e-05 8.47422415972687e-05 8.0191959568765e-05 8.1453996244818e-05 7.70411570556462e-05 8.34175007184967e-05 8.80270017660223e-05 7.88535762694664e-05 9.73748028627597e-05 0.000100415891211014 0.000108855769212823 0.000107562707853504 0.00011153250670759 0.000139787822263315 0.000129011197714135 0.000125994803966023 0.000131617111037485 0.000132322296849452
8.32257283036597e-05 8.97248901310377e-05 9.12593095563352e-05 9.08103684196249e-05 9.35957286856137e-05 9.75750153884292e-05 0.000104526268842164 0.000106321334897075 0.000111834422568791 0.000111986671981867 0.000141837444971316 0.000139303941978142 0.0001811597176129 0.000158819384523667 0.000121527387818787 0.000118099291285034 9.62469348451123e-05 9.09456211957149e-05 8.76017438713461e-05 8.4863873780705e-05 7.2491959144827e-05 6.54980540275574e-05 7.45920115150511e-05 7.98366090748459e-05 8.67048220243305e-05 8.60446816659532e-05 8.896069630282e-05 8.45359172672033e-05 9.94646543404087e-05 0.000100093566288706 8.08500626590103e-05 8.72666641953401e-05 8.98789512575604e-05 8.55165635584854e-05 9.84927610261366e-05 0.000102620397228748 0.000100134850072209 0.000107460866274778 0.000113840840640478 0.000119529882795177 0.00011655821435852 0.000111969347926788 0.000128332918393426 0.000116191309643909
0.000100268771348055 9.79724427452311e-05 0.000112694237031974 0.000115996750537306 0.000114279049739707 0.000111678011307959 0.000114665548608173 0.000118431598821189 0.000153148677782156 0.00014825958351139 0.000192728301044554 0.000239607819821686 0.000301028485409915 0.000266638584434986 0.000163611519383267 0.000119731113954913 0.000135120513732545 9.61304758675396e-05 9.39507081056945e-05 8.44493843032978e-05 8.5160594608169e-05 7.02270117471926e-05 8.94553668331355e-05 9.05484339455143e-05 8.8222288468387e-05 9.34733907342888e-05 0.000101117337180767 0.00010547448619036 9.66982697718777e-05 9.68897584243678e-05 0.000104649574495852 8.94625845830888e-05 9.5725612482056e-05 9.06492714420892e-05 0.000107998064777348 0.000106256033177488 0.000102620397228748 0.000109559296106454 0.000121989804028999 0.00011833894677693 0.00011655821435852 0.000116196642920841 0.000119184063805733 0.00010918563202722
0.000107554013084155 0.000116574214189313 0.000132126195239834 0.000134917034301907 0.000132972811115906 0.000134099464048631 0.000149591025547124 0.000153915156261064 0.000148782273754478 0.000197161629330367 0.000261374574620277 0.000461774907307699 0.000679845863487571 0.000392702204408124 0.000250158656854182 0.00016975421749521 9.69580360106193e-05 9.58810705924407e-05 8.83173197507858e-05 8.85238478076644e-05 8.03619550424628e-05 7.24920682841912e-05 9.3583126727026e-05 9.27311484701931e-05 9.28269291762263e-05 9.96238377410918e-05 0.000107495550764725 0.000107950865640305 0.000104830302007031 0.000102373043773696 0.000109451342723332 0.000110994122223929 0.00010360869782744 0.000101424680906348 0.000117003728519194 0.000113270980364177 0.000114574519102462 0.000113989466626663 0.000114507653051987 0.000123435485875234 0.000126202692626975 0.000119193457067013 0.000113115645945072 0.000116801616968587
