data/climate_estimation/maxent_output/Smilax_lebrunii.asc
NCOLS 171 
NROWS 126 
XLLCORNER 98.1666666666667 
YLLCORNER 22.6666666666667 
CELLSIZE 0.0833333333333333 
NODATA_value -3.4e+38 
[rows 60 to 79 of 126, columns 0 to 43 of 171]
0.382355272769928 0.901680648326874 0.499504923820496 0.734706223011017 0.884708821773529 0.563146531581879 0.324213206768036 0.330113410949707 0.721450567245483 0.61294823884964 0.178498357534409 0.437880665063858 0.290649682283401 0.376532703638077 0.707439184188843 0.619848728179932 0.265350043773651 0.358617931604385 0.405278712511063 0.323359787464142 0.154925331473351 0.148499354720116 0.167293652892113 0.23211507499218 0.535328507423401 0.533618867397308 0.183440357446671 0.309347063302994 0.631101071834564 0.489796310663223 0.199571654200554 0.465963363647461 0.62161660194397 0.613699197769165 0.588528871536255 0.501295804977417 0.445416480302811 0.438574969768524 0.656052887439728 0.696433067321777 0.709073305130005 0.739497363567352 0.726230561733246 0.759548544883728
0.517347753047943 0.912494659423828 0.712670683860779 0.392687439918518 0.821647346019745 0.961188852787018 0.659635841846466 0.276336640119553 0.706004559993744 0.643574953079224 0.252397745847702 0.415680259466171 0.624136507511139 0.348544925451279 0.636979937553406 0.603417575359344 0.404132306575775 0.416223704814911 0.413707733154297 0.403587579727173 0.224576756358147 0.280759364366531 0.227865517139435 0.224910736083984 0.468038588762283 0.61262458562851 0.525416612625122 0.526774346828461 0.634737133979797 0.33578896522522 0.35384127497673 0.397997558116913 0.418568164110184 0.632911741733551 0.627818524837494 0.569966852664948 0.608668386936188 0.515517473220825 0.609969258308411 0.696009755134583 0.682862162590027 0.669733107089996 0.751572132110596 0.734470665454865
0.801918804645538 0.907064497470856 0.80534303188324 0.564353108406067 0.509289741516113 0.957873225212097 0.886025846004486 0.303416728973389 0.721241414546967 0.753160953521729 0.33853816986084 0.380836606025696 0.642302453517914 0.523949444293976 0.644990563392639 0.571363687515259 0.328007280826569 0.372323274612427 0.421808034181595 0.366262137889862 0.212459087371826 0.321742475032806 0.425401538610458 0.319755434989929 0.360630750656128 0.481161057949066 0.643807888031006 0.654500305652618 0.613131403923035 0.479675471782684 0.505311369895935 0.552027642726898 0.460805922746658 0.622943878173828 0.647963166236877 0.635379254817963 0.638051450252533 0.667962729930878 0.634446024894714 0.689384400844574 0.71705436706543 0.64373642206192 0.730659484863281 0.760301768779755
0.783550918102264 0.946684837341309 0.95457798242569 0.66082376241684 0.528433203697205 0.841699063777924 0.937887787818909 0.34591668844223 0.565357863903046 0.860710680484772 0.794332444667816 0.338741183280945 0.479110777378082 0.690383791923523 0.523560047149658 0.723793685436249 0.279331088066101 0.449919074773788 0.492145568132401 0.347192674875259 0.227959111332893 0.327176958322525 0.365969717502594 0.52985292673111 0.5174161195755 0.5384202003479 0.610695362091064 0.676527142524719 0.556868255138397 0.503932952880859 0.596278846263885 0.62376743555069 0.602534174919128 0.591537594795227 0.474427968263626 0.648408114910126 0.67039829492569 0.676538348197937 0.690123319625854 0.667197287082672 0.72273588180542 0.607852756977081 0.686208307743073 0.760120391845703
0.879524767398834 0.937688231468201 0.950347125530243 0.655888140201569 0.78965950012207 0.947648286819458 0.942974984645844 0.552146971225739 0.403855592012405 0.485692143440247 0.890494883060455 0.454396694898605 0.586897850036621 0.767027914524078 0.73939573764801 0.755828738212585 0.287640780210495 0.371625006198883 0.503848671913147 0.457384616136551 0.371786713600159 0.408731490373611 0.466338872909546 0.679852187633514 0.68506133556366 0.649936199188232 0.688605904579163 0.5889852643013 0.410745948553085 0.599958658218384 0.627934217453003 0.577573716640472 0.551092743873596 0.601594746112823 0.517064929008484 0.602453947067261 0.675483703613281 0.671772181987762 0.66778427362442 0.708764970302582 0.709903001785278 0.690172553062439 0.763843417167664 0.776872456073761
0.909202635288239 0.806600987911224 0.877648115158081 0.663772225379944 0.830045938491821 0.911572098731995 0.923632919788361 0.702857255935669 0.479099482297897 0.691312968730927 0.905489146709442 0.573229610919952 0.431461900472641 0.688690304756165 0.631084978580475 0.773579835891724 0.429530054330826 0.320319265127182 0.501138210296631 0.345121443271637 0.282320499420166 0.330374479293823 0.54605370759964 0.43354743719101 0.51783549785614 0.639744699001312 0.670755088329315 0.64383465051651 0.504831969738007 0.55997359752655 0.602381110191345 0.633604347705841 0.630389332771301 0.640802145004272 0.591494798660278 0.629429280757904 0.668528974056244 0.597274005413055 0.667519867420197 0.737865924835205 0.747907996177673 0.709093391895294 0.751097202301025 0.779682695865631
0.538713574409485 0.823278427124023 0.929270625114441 0.75651216506958 0.659742057323456 0.782866895198822 0.951512515544891 0.950561046600342 0.657695531845093 0.754486978054047 0.901104688644409 0.526985943317413 0.387099415063858 0.506529688835144 0.75323349237442 0.774453580379486 0.734539747238159 0.304429322481155 0.477262079715729 0.493267595767975 0.321428716182709 0.294060468673706 0.538467168807983 0.471748381853104 0.5076624751091 0.686907231807709 0.626495838165283 0.651663064956665 0.500429749488831 0.384864032268524 0.527239918708801 0.544004797935486 0.602151393890381 0.640528500080109 0.636146545410156 0.656301319599152 0.602942049503326 0.677003741264343 0.709201514720917 0.737952530384064 0.749452590942383 0.754476964473724 0.733747482299805 0.782953560352325
0.864464700222015 0.930533051490784 0.871733903884888 0.932223379611969 0.89533793926239 0.673566222190857 0.666029572486877 0.935094654560089 0.85653156042099 0.824781119823456 0.922014474868774 0.679844379425049 0.432669878005981 0.770709812641144 0.77386462688446 0.760102093219757 0.770040452480316 0.496753007173538 0.343554228544235 0.557958781719208 0.477206230163574 0.311524242162704 0.637888848781586 0.682747483253479 0.697294354438782 0.453366458415985 0.578499913215637 0.666415333747864 0.513993382453918 0.42633980512619 0.532619655132294 0.617203414440155 0.627296626567841 0.659954071044922 0.647224307060242 0.63593989610672 0.660530149936676 0.696921586990356 0.720586597919464 0.724457979202271 0.7476646900177 0.763648927211761 0.730871438980103 0.762314319610596
0.862421751022339 0.915521860122681 0.879831731319427 0.805384993553162 0.942328333854675 0.8495072722435 0.716859340667725 0.936816155910492 0.890757739543915 0.757824778556824 0.916519045829773 0.692576289176941 0.635489821434021 0.722700715065002 0.702777504920959 0.712976634502411 0.779973149299622 0.750275373458862 0.403385102748871 0.473624974489212 0.575123071670532 0.438864320516586 0.63209992647171 0.708015203475952 0.688523232936859 0.424788147211075 0.619073510169983 0.684758961200714 0.624325454235077 0.635392487049103 0.611316502094269 0.639690816402435 0.657603800296783 0.654266655445099 0.65240466594696 0.650148212909698 0.690780937671661 0.690989792346954 0.720455706119537 0.742964148521423 0.748368561267853 0.758890569210052 0.768934845924377 0.767647624015808
0.457762092351913 0.876771807670593 0.750193238258362 0.786522209644318 0.935983955860138 0.916775703430176 0.848274767398834 0.94205242395401 0.934583961963654 0.774626076221466 0.894952654838562 0.887685716152191 0.84023517370224 0.69523149728775 0.671560645103455 0.686340153217316 0.729397118091583 0.770526945590973 0.670847713947296 0.345448821783066 0.532537698745728 0.626437306404114 0.359805226325989 0.578658163547516 0.686488032341003 0.496862560510635 0.580906927585602 0.670672833919525 0.639754295349121 0.606256186962128 0.551953136920929 0.634500026702881 0.634577691555023 0.607195496559143 0.671578884124756 0.668519258499146 0.688782095909119 0.711504578590393 0.74137419462204 0.749490916728973 0.725845277309418 0.749285697937012 0.764141976833344 0.803501784801483
0.248468995094299 0.845785796642303 0.728257715702057 0.74716192483902 0.695995450019836 0.791628420352936 0.888478815555573 0.869752466678619 0.885924160480499 0.835385382175446 0.795005321502686 0.899421215057373 0.863959312438965 0.733041942119598 0.633861422538757 0.730805695056915 0.76931232213974 0.765874266624451 0.737699091434479 0.427043586969376 0.364634215831757 0.583530485630035 0.620094120502472 0.387647032737732 0.705389559268951 0.680617451667786 0.61432021856308 0.676757097244263 0.662413358688354 0.509024560451508 0.604915618896484 0.627085745334625 0.618732392787933 0.65097564458847 0.651528596878052 0.669048666954041 0.709802091121674 0.727524161338806 0.728875756263733 0.70436304807663 0.692953765392303 0.775404810905457 0.791765511035919 0.691803216934204
0.289886772632599 0.608429670333862 0.829610824584961 0.569019734859467 0.638443827629089 0.919404566287994 0.7040895819664 0.778342425823212 0.886070489883423 0.767015278339386 0.833893716335297 0.888716518878937 0.820611119270325 0.841325759887695 0.682456851005554 0.773179471492767 0.762770414352417 0.684801638126373 0.752262115478516 0.724523842334747 0.671464502811432 0.493168532848358 0.698729395866394 0.676708698272705 0.471734404563904 0.615954697132111 0.641500055789948 0.650202691555023 0.635120511054993 0.634971141815186 0.636953711509705 0.627252995967865 0.637957751750946 0.651737749576569 0.648406863212585 0.66065776348114 0.708197355270386 0.720004677772522 0.718340218067169 0.728102624416351 0.775327324867249 0.77938050031662 0.793155789375305 0.726695537567139
0.71328729391098 0.340925842523575 0.491019040346146 0.692877590656281 0.791581094264984 0.91320788860321 0.837831974029541 0.922929406166077 0.856223344802856 0.695640683174133 0.64421010017395 0.879003822803497 0.842784702777863 0.78528892993927 0.77413535118103 0.707066118717194 0.737612247467041 0.751877307891846 0.734838128089905 0.749723196029663 0.715721368789673 0.618060290813446 0.724045276641846 0.522420883178711 0.373149394989014 0.655070841312408 0.665774762630463 0.632479131221771 0.606884002685547 0.6325324177742 0.626536190509796 0.645449042320251 0.647978961467743 0.636210322380066 0.656006157398224 0.70367568731308 0.708210408687592 0.732275009155273 0.727497696876526 0.708272516727448 0.757554888725281 0.777073740959167 0.727065324783325 0.649340152740479
0.786938607692719 0.644380390644073 0.285832792520523 0.892229855060577 0.902125537395477 0.907212615013123 0.878498196601868 0.859283626079559 0.821467697620392 0.713908910751343 0.725286841392517 0.873540282249451 0.850762248039246 0.806308686733246 0.784704267978668 0.698871850967407 0.732487559318542 0.734148502349854 0.756102383136749 0.579406201839447 0.743060052394867 0.72890692949295 0.707588315010071 0.656075656414032 0.580434501171112 0.632044017314911 0.617846190929413 0.627772748470306 0.635023772716522 0.634610235691071 0.63379967212677 0.630843162536621 0.656184315681458 0.652691245079041 0.653190135955811 0.703780651092529 0.712801694869995 0.669274628162384 0.599984526634216 0.706014037132263 0.669355690479279 0.739906668663025 0.784006714820862 0.666653275489807
0.422232568264008 0.783512949943542 0.340324729681015 0.866879224777222 0.881528854370117 0.852215588092804 0.821912944316864 0.917848229408264 0.821845948696136 0.66728138923645 0.616105973720551 0.880800008773804 0.872225642204285 0.806432485580444 0.802103340625763 0.69893616437912 0.611379683017731 0.692558348178864 0.677072882652283 0.656706392765045 0.637418866157532 0.703935444355011 0.714135110378265 0.64118766784668 0.644977807998657 0.62764698266983 0.632741928100586 0.630910277366638 0.618327438831329 0.623867213726044 0.626135230064392 0.62235563993454 0.639126181602478 0.672758460044861 0.677331209182739 0.685178279876709 0.719855487346649 0.692096650600433 0.530470669269562 0.524340748786926 0.541094243526459 0.600534200668335 0.665027678012848 0.772296667098999
0.38727867603302 0.763490796089172 0.379217356443405 0.78947502374649 0.83083975315094 0.71525776386261 0.861182749271393 0.908429086208344 0.785764336585999 0.702483773231506 0.746176064014435 0.872726500034332 0.865192949771881 0.781080842018127 0.813771545886993 0.776178777217865 0.652250647544861 0.503458976745605 0.67171448469162 0.719304502010345 0.728497505187988 0.712021470069885 0.705639600753784 0.645222783088684 0.63752818107605 0.638401687145233 0.63010448217392 0.63895457983017 0.656458795070648 0.581658542156219 0.621825218200684 0.620790004730225 0.644178807735443 0.674528896808624 0.690962672233582 0.636449635028839 0.621073424816132 0.662754774093628 0.684173047542572 0.502620041370392 0.620103001594543 0.730341851711273 0.595181465148926 0.791775822639465
0.771618962287903 0.827591478824615 0.342391103506088 0.485097885131836 0.705743670463562 0.80138748884201 0.892811834812164 0.824685871601105 0.794962882995605 0.851051568984985 0.624311506748199 0.88334983587265 0.841195702552795 0.726532757282257 0.827363967895508 0.78018319606781 0.72608095407486 0.703725099563599 0.715211153030396 0.737705588340759 0.733146548271179 0.704148292541504 0.678820729255676 0.67448353767395 0.658977091312408 0.624036133289337 0.632506847381592 0.607289254665375 0.595651388168335 0.514188885688782 0.597903370857239 0.660049557685852 0.642610907554626 0.649014472961426 0.673561871051788 0.60500568151474 0.55339127779007 0.59136164188385 0.58627051115036 0.536732614040375 0.733478963375092 0.74442994594574 0.627519130706787 0.563626825809479
0.533586859703064 0.631098210811615 0.271825581789017 0.794000566005707 0.849422574043274 0.848311364650726 0.88319319486618 0.84006142616272 0.806437611579895 0.875111401081085 0.615707576274872 0.875885844230652 0.856732189655304 0.824073314666748 0.782450556755066 0.787012755870819 0.78348708152771 0.660274147987366 0.657946109771729 0.722560048103333 0.706514477729797 0.695306837558746 0.681669473648071 0.642022371292114 0.668472468852997 0.664239645004272 0.618541121482849 0.643947958946228 0.652608573436737 0.580871284008026 0.541006207466125 0.654186546802521 0.666855931282043 0.663487136363983 0.658992409706116 0.64282763004303 0.513380825519562 0.566346168518066 0.627580523490906 0.700500726699829 0.537350058555603 0.661214828491211 0.693133652210236 0.512338101863861
0.625613033771515 0.578435838222504 0.226733237504959 0.736803770065308 0.824317097663879 0.854013025760651 0.870064616203308 0.82303649187088 0.819094300270081 0.91155332326889 0.646483838558197 0.853320300579071 0.8394575715065 0.784074306488037 0.77958357334137 0.746675848960876 0.776739835739136 0.710795521736145 0.544535756111145 0.681992053985596 0.716207385063171 0.687364935874939 0.666612565517426 0.646262586116791 0.628447294235229 0.646344602108002 0.60032856464386 0.627815544605255 0.62846165895462 0.568637073040009 0.569521009922028 0.621861755847931 0.648015081882477 0.665274858474731 0.60648500919342 0.522605240345001 0.423877537250519 0.384887427091599 0.422861158847809 0.452168375253677 0.474891155958176 0.507952094078064 0.613607466220856 0.427243143320084
0.668954432010651 0.234856739640236 0.527803063392639 0.751989960670471 0.745484888553619 0.830297231674194 0.877654731273651 0.857428729534149 0.762349009513855 0.898933529853821 0.806208670139313 0.845525503158569 0.827901422977448 0.810784697532654 0.78178071975708 0.736108422279358 0.757160186767578 0.752565741539001 0.740420758724213 0.711744844913483 0.700746834278107 0.687465727329254 0.656538903713226 0.66306734085083 0.623356699943542 0.648922979831696 0.627364337444305 0.502398312091827 0.573708355426788 0.529849588871002 0.489104479551315 0.577522933483124 0.586895346641541 0.584466099739075 0.610598087310791 0.562880158424377 0.416973680257797 0.358575582504272 0.343814939260483 0.336442947387695 0.403394371271133 0.464730203151703 0.352095723152161 0.494145661592484
