data/climate_estimation/maxent_output/Smilax_velutina.asc
NCOLS 200 
NROWS 137 
XLLCORNER -98 
YLLCORNER 8.25 
CELLSIZE 0.0833333333333333 
NODATA_value -3.4e+38 
[rows 24 to 47 of 137, columns 53 to 105 of 200]
0.121112801134586 0.105331026017666 0.100935690104961 0.104329988360405 0.0851135700941086 0.085219107568264 0.0862505957484245 0.0968526154756546 0.104656241834164 0.103867918252945 0.106674149632454 0.114662021398544 0.20672582089901 0.231311470270157 0.158639058470726 0.164040312170982 0.152038440108299 0.157650172710419 0.153588503599167 0.180176883935928 0.168661504983902 0.169607475399971 0.145351350307465 0.144123286008835 0.141081631183624 0.123201459646225 0.111527644097805 0.109640724956989 0.10546188056469 0.106154464185238 0.0960572138428688 0.0976086482405663 0.0985612571239471 0.100287221372128 0.10151693969965 0.112532921135426 0.124099358916283 0.139110878109932 0.160077378153801 0.177322268486023 0.166666448116302 0.1579410135746 0.141238063573837 0.123113684356213 0.104567714035511 0.0931213200092316 0.0921064913272858 0.0909637436270714 0.0906043350696564 0.0924099311232567 0.117590382695198 0.172324970364571 0.23384216427803
0.146914303302765 0.12859819829464 0.100316248834133 0.0781736373901367 0.0567118674516678 0.058257270604372 0.0730678737163544 0.0940316542983055 0.106967590749264 0.0936985686421394 0.141736760735512 0.121966555714607 0.185665607452393 0.493785262107849 0.459885120391846 0.182881951332092 0.206829637289047 0.177400350570679 0.177760154008865 0.196638628840446 0.191347748041153 0.167807385325432 0.168653830885887 0.148427844047546 0.143855020403862 0.120308414101601 0.112867392599583 0.117855548858643 0.137437507510185 0.130675360560417 0.138001337647438 0.148277714848518 0.135506570339203 0.127913132309914 0.132132411003113 0.141531586647034 0.151937499642372 0.17665396630764 0.202324226498604 0.213734686374664 0.223563238978386 0.189431607723236 0.173087105154991 0.136079534888268 0.121600545942783 0.108315497636795 0.101085968315601 0.0870293602347374 0.0739028304815292 0.102885186672211 0.145950064063072 0.185100346803665 0.254533499479294
0.166059300303459 0.112730167806149 0.111023925244808 0.228167831897736 0.0970923751592636 0.0590615086257458 0.0884390324354172 0.177608743309975 0.341354489326477 0.146696716547012 0.280084550380707 0.608979940414429 0.606135964393616 0.274505704641342 0.383156776428223 0.190980419516563 0.409169882535934 0.738302946090698 0.463428944349289 0.338348805904388 0.276573747396469 0.234781458973885 0.202094569802284 0.158090099692345 0.163248121738434 0.12760603427887 0.132526680827141 0.142427787184715 0.169229403138161 0.161117926239967 0.180139720439911 0.185567244887352 0.162292867898941 0.154657199978828 0.159502550959587 0.171978920698166 0.180152222514153 0.201493829488754 0.222493633627892 0.245743677020073 0.244407474994659 0.230499267578125 0.200444877147675 0.164854064583778 0.14303195476532 0.128643691539764 0.108042806386948 0.0801576748490334 0.091753862798214 0.120949298143387 0.159545540809631 0.218638256192207 0.271039456129074
0.247669100761414 0.153648868203163 0.169501408934593 0.289627104997635 0.485170960426331 0.306285500526428 0.404969215393066 0.690038323402405 0.675059020519257 0.494290053844452 0.518335223197937 0.669044077396393 0.99985808134079 0.923054039478302 0.846816599369049 0.531889319419861 0.231247887015343 0.267326444387436 0.394308596849442 0.450194925069809 0.488794028759003 0.444822669029236 0.330682337284088 0.28126522898674 0.2003213763237 0.256126433610916 0.238721311092377 0.206732451915741 0.183040276169777 0.177980020642281 0.201468482613564 0.193144202232361 0.186423927545547 0.186564832925797 0.191533282399178 0.198223769664764 0.214789375662804 0.224589675664902 0.240971818566322 0.271277248859406 0.267960101366043 0.245450779795647 0.24647444486618 0.194718718528748 0.168053150177002 0.139344766736031 0.120259776711464 0.0788795500993729 0.106912836432457 0.141318112611771 0.176517486572266 0.232263773679733 0.289090782403946
0.369656294584274 0.328148424625397 0.442411243915558 0.582835078239441 0.55696827173233 0.83888167142868 0.86091822385788 0.921230852603912 0.978459894657135 0.884683012962341 0.867138206958771 0.913846433162689 0.852580845355988 0.999993324279785 0.999998390674591 0.991390407085419 0.677428007125854 0.352701216936111 0.342542350292206 0.546070039272308 0.567877650260925 0.569269180297852 0.405163168907166 0.301182985305786 0.338970810174942 0.380521923303604 0.342498600482941 0.451810151338577 0.442679941654205 0.321522980928421 0.24297334253788 0.215978696942329 0.200831279158592 0.217580258846283 0.234667152166367 0.219834923744202 0.231373965740204 0.245580703020096 0.2652947306633 0.31223851442337 0.279924809932709 0.287535190582275 0.247380971908569 0.216532751917839 0.18523471057415 0.160579323768616 0.156895488500595 0.117712035775185 0.134923934936523 0.158911228179932 0.197977259755135 0.247132331132889 0.324845224618912
0.441055357456207 0.456842333078384 0.51445746421814 0.62992936372757 0.920025646686554 0.97808563709259 0.967544436454773 0.989211976528168 0.995004236698151 0.838798344135284 0.70412802696228 0.982308506965637 0.999383747577667 0.999125897884369 0.986271739006042 0.99997466802597 0.995512843132019 0.712595224380493 0.648312985897064 0.719899952411652 0.888140380382538 0.749923288822174 0.632665634155273 0.598287403583527 0.526731371879578 0.310363382101059 0.478394627571106 0.476323127746582 0.596091151237488 0.643355846405029 0.588937342166901 0.540897488594055 0.287443846464157 0.274777323007584 0.301870971918106 0.272726267576218 0.265530586242676 0.260187059640884 0.279391914606094 0.304959505796432 0.28086856007576 0.257659465074539 0.20969058573246 0.221322596073151 0.183607548475266 0.166640400886536 0.153191447257996 0.164472967386246 0.164667889475822 0.19569993019104 0.227055758237839 0.279706507921219 0.306304723024368
0.452086538076401 0.398044288158417 0.373852789402008 0.484067261219025 0.818474352359772 0.939842820167542 0.943516850471497 0.981806039810181 0.992349624633789 0.995025813579559 0.687365233898163 0.482566654682159 0.712107241153717 0.999938547611237 0.999998211860657 0.999176025390625 0.999906718730927 0.925433099269867 0.889139950275421 0.981600284576416 0.996860861778259 0.986669301986694 0.899166941642761 0.858566105365753 0.804273009300232 0.723993718624115 0.417780607938766 0.547815561294556 0.453626096248627 0.542741060256958 0.681029736995697 0.671346783638 0.453736990690231 0.334081053733826 0.323654651641846 0.338420778512955 0.365795373916626 0.374054878950119 0.321596175432205 0.307231187820435 0.314515769481659 0.28074586391449 0.228560641407967 0.212668552994728 0.212012901902199 0.210685908794403 0.199300363659859 0.196142375469208 0.227196022868156 0.226602658629417 0.265017837285995 0.287808805704117 0.323361784219742
0.248586773872375 0.239733979105949 0.212349727749825 0.338130950927734 0.287856578826904 0.356935769319534 0.703316807746887 0.868876218795776 0.989824593067169 0.994901835918427 0.940174698829651 0.993755519390106 0.895256817340851 0.783915579319 0.843612790107727 0.999993026256561 0.998396515846252 0.993134021759033 0.999942421913147 0.99887079000473 0.998736381530762 0.997082829475403 0.995961129665375 0.991356194019318 0.975319385528564 0.922632873058319 0.848847031593323 0.526177823543549 0.546064078807831 0.464524686336517 0.553510189056396 0.643745720386505 0.689089119434357 0.591025412082672 0.481756418943405 0.503700733184814 0.424275696277618 0.507509291172028 0.40644359588623 0.321350157260895 0.297528237104416 0.30626305937767 0.277547597885132 0.22005121409893 0.170858204364777 0.195673927664757 0.245482429862022 0.266373962163925 0.253269493579865 0.267790824174881 0.292953133583069 0.326228201389313 0.392015695571899
0.326255679130554 0.167996272444725 0.145565986633301 0.14859513938427 0.414392530918121 0.231264546513557 0.280861079692841 0.931297779083252 0.961637139320374 0.964453637599945 0.982852756977081 0.995716094970703 0.999778628349304 0.999579429626465 0.979077756404877 0.997712731361389 0.999851584434509 0.998283267021179 0.999466300010681 0.998430192470551 0.965434789657593 0.948519945144653 0.993923842906952 0.995706558227539 0.999285936355591 0.99500560760498 0.972280204296112 0.866561710834503 0.864885151386261 0.568950772285461 0.557471990585327 0.499731421470642 0.509582042694092 0.616752445697784 0.642885684967041 0.572693884372711 0.46459487080574 0.468847572803497 0.424356997013092 0.377753674983978 0.338679581880569 0.320808380842209 0.24054029583931 0.198292940855026 0.146317586302757 0.142574697732925 0.185753181576729 0.247407838702202 0.290376007556915 0.331704616546631 0.356609374284744 0.417504489421844 0.409574508666992
0.384678810834885 0.21732659637928 0.203909695148468 0.251756519079208 0.256545305252075 0.297463983297348 0.359680563211441 0.412146091461182 0.907301127910614 0.907542109489441 0.899599432945251 0.904236316680908 0.909641027450562 0.996492087841034 0.998021185398102 0.999607384204865 0.999921262264252 0.999654233455658 0.840038001537323 0.937470078468323 0.996856331825256 0.982833385467529 0.993698418140411 0.999465882778168 0.999740421772003 0.999968826770782 0.998240232467651 0.96173506975174 0.926501333713531 0.959024846553802 0.594161152839661 0.55892539024353 0.540187478065491 0.543442487716675 0.500323057174683 0.496639609336853 0.478229969739914 0.517380952835083 0.466280311346054 0.408446460962296 0.371625900268555 0.343581736087799 0.274998426437378 0.22514121234417 0.210289567708969 0.19885565340519 0.252880871295929 0.319886803627014 0.344662070274353 0.384927183389664 0.41025099158287 0.44112241268158 0.427896171808243
0.135428309440613 0.148850455880165 0.230476677417755 0.246686473488808 0.175073429942131 0.155655145645142 0.370774358510971 0.343435108661652 0.608157515525818 0.834412097930908 0.681494653224945 0.667353928089142 0.674078166484833 0.773386895656586 0.814039289951324 0.972343564033508 0.997277140617371 0.989915668964386 0.981211006641388 0.996782958507538 0.998693346977234 0.999610364437103 0.999377191066742 0.998513221740723 0.999983370304108 0.999967694282532 0.9999960064888 0.999358236789703 0.940933763980865 0.90885853767395 0.851863205432892 0.567907750606537 0.520087957382202 0.55503523349762 0.482727646827698 0.472527533769608 0.465722352266312 0.503253817558289 0.459985375404358 0.406352758407593 0.40247243642807 0.352860152721405 0.30329892039299 0.26781564950943 0.253633677959442 0.248742803931236 0.326896995306015 0.361755907535553 0.389557361602783 0.410790324211121 0.47224822640419 0.518416047096252 0.553323268890381
0.130903363227844 0.148311033844948 0.184696987271309 0.202263668179512 0.0460592657327652 0.032236635684967 0.0161529760807753 0.0407634116709232 0.629895627498627 0.752784729003906 0.636997520923615 0.593743085861206 0.571571409702301 0.700793087482452 0.858980774879456 0.839592576026917 0.922492146492004 0.983828842639923 0.986869692802429 0.993288695812225 0.998656332492828 0.99906986951828 0.99997878074646 0.999987721443176 0.999993503093719 0.999994337558746 0.99999874830246 0.999999046325684 0.999268114566803 0.914629340171814 0.94007283449173 0.768499255180359 0.620780825614929 0.618449151515961 0.568346738815308 0.498796761035919 0.446152687072754 0.421010434627533 0.384603708982468 0.34826672077179 0.356325507164001 0.364940136671066 0.331011563539505 0.293087691068649 0.28338360786438 0.284632086753845 0.327721178531647 0.432531088590622 0.480666220188141 0.494366347789764 0.563657939434052 0.641916453838348 0.716025352478027
0.0359581299126148 0.190565645694733 0.253987997770309 0.173722743988037 0.0606047101318836 0.0307653248310089 0.0158779919147491 0.0168107803910971 0.0225164461880922 0.0661108046770096 0.556883275508881 0.739600956439972 0.572065234184265 0.502951383590698 0.583021581172943 0.672998666763306 0.729292809963226 0.927775502204895 0.962036371231079 0.985903322696686 0.996153712272644 0.999901533126831 0.999987721443176 0.999839723110199 0.999980509281158 0.999998152256012 0.999991953372955 0.999996542930603 0.999996721744537 0.999449968338013 0.839059591293335 0.921199798583984 0.77230030298233 0.642565667629242 0.551362216472626 0.483316659927368 0.450577855110168 0.380158483982086 0.349407076835632 0.348654538393021 0.368794500827789 0.396047294139862 0.358016848564148 0.335448741912842 0.352703005075455 0.350109487771988 0.414369076490402 0.482506692409515 0.55831390619278 0.633397698402405 0.70985358953476 0.815944612026215 0.894091665744781
0.0247053690254688 0.100656695663929 0.664316058158875 0.233684167265892 0.136711165308952 0.0879954844713211 0.0179947633296251 0.019917581230402 0.0191568676382303 0.00764152826741338 0.0242330115288496 0.121495358645916 0.786241233348846 0.64220780134201 0.495934575796127 0.458976686000824 0.487729161977768 0.832292139530182 0.915332078933716 0.854125320911407 0.897454559803009 0.996057987213135 0.999799787998199 0.999995768070221 0.999994695186615 0.999967277050018 0.999971449375153 0.999980032444 0.999990284442902 0.999973177909851 0.917438626289368 0.968763172626495 0.826261043548584 0.757079660892487 0.566894233226776 0.488752424716949 0.427307844161987 0.378440916538239 0.376207500696182 0.382503926753998 0.411271929740906 0.43139836192131 0.407436519861221 0.411293894052505 0.420676797628403 0.481213688850403 0.531893253326416 0.588353455066681 0.675913155078888 0.762073993682861 0.832071125507355 0.948026895523071 0.985398709774017
0.122804425656796 0.0522888600826263 0.102690495550632 0.13650244474411 0.377147316932678 0.0391787104308605 0.018391028046608 0.0205488130450249 0.0239824317395687 0.0215095020830631 0.0229051355272532 0.0311007332056761 0.160209462046623 0.675476491451263 0.545471668243408 0.461961388587952 0.447547018527985 0.497012138366699 0.806844353675842 0.840529203414917 0.753305912017822 0.739471435546875 0.996821343898773 0.999987244606018 0.999910891056061 0.999921798706055 0.980338573455811 0.999751627445221 0.999968588352203 0.999764919281006 0.952325880527496 0.873037755489349 0.855934083461761 0.758316993713379 0.650667905807495 0.566163241863251 0.474570006132126 0.422341614961624 0.425266236066818 0.45468732714653 0.467937886714935 0.519789755344391 0.499274581670761 0.520509362220764 0.534164607524872 0.603694558143616 0.65647155046463 0.718673527240753 0.791371703147888 0.815544247627258 0.932800471782684 0.990332067012787 0.996684491634369
0.0821417346596718 0.0129994936287403 0.0103653846308589 0.0106732966378331 0.084073580801487 0.0691194459795952 0.0211284272372723 0.019267501309514 0.0239173267036676 0.0282142926007509 0.0248724184930325 0.0276394728571177 0.0661322101950645 0.140880957245827 0.694883227348328 0.411178022623062 0.436011761426926 0.48492220044136 0.684459209442139 0.805398762226105 0.906979441642761 0.936498284339905 0.997582137584686 0.999998092651367 0.999965786933899 0.997976303100586 0.980353772640228 0.949890077114105 0.99309891462326 0.999669194221497 0.966972053050995 0.911632537841797 0.87615442276001 0.795817494392395 0.793478667736053 0.753101646900177 0.642854809761047 0.556895852088928 0.506533265113831 0.565548360347748 0.592726945877075 0.586356937885284 0.569418489933014 0.57090038061142 0.592682003974915 0.669713973999023 0.761476933956146 0.809306442737579 0.875049591064453 0.898382842540741 0.970373213291168 0.997303009033203 0.999522268772125
0.131904542446136 0.0461357310414314 0.0124227628111839 0.0262794066220522 0.0242697354406118 0.0364550091326237 0.0624088980257511 0.0441298820078373 0.0676254853606224 0.069378025829792 0.060883417725563 0.0649853944778442 0.0574172250926495 0.0492463633418083 0.229369938373566 0.584821879863739 0.399899959564209 0.528752684593201 0.640604138374329 0.746375262737274 0.830719351768494 0.969891011714935 0.998108983039856 0.999990344047546 0.999940395355225 0.999470710754395 0.989265024662018 0.960488379001617 0.962868392467499 0.999364674091339 0.99719649553299 0.942642271518707 0.921805202960968 0.933224201202393 0.915638864040375 0.887008190155029 0.802142143249512 0.728725910186768 0.689897179603577 0.687452852725983 0.673819363117218 0.631612420082092 0.58064991235733 0.596852123737335 0.625569403171539 0.717732489109039 0.852874219417572 0.895105838775635 0.938441634178162 0.969933867454529 0.993852138519287 0.999554336071014 0.99997752904892
0.646805107593536 0.131319776177406 0.0183920543640852 0.0243742354214191 0.0257096085697412 0.0831011682748795 0.246591925621033 0.355752378702164 0.293013125658035 0.0478878691792488 0.0353054590523243 0.0523189306259155 0.0664016380906105 0.0667127147316933 0.0665395632386208 0.27586767077446 0.571099817752838 0.536764621734619 0.63038158416748 0.71740734577179 0.816567540168762 0.864920794963837 0.979647636413574 0.999649107456207 0.999882876873016 0.999201655387878 0.997174024581909 0.995185136795044 0.998299717903137 0.998998761177063 0.990876257419586 0.993365883827209 0.976902902126312 0.986843049526215 0.971071362495422 0.954368352890015 0.916459619998932 0.829480350017548 0.783891797065735 0.767032086849213 0.742325246334076 0.668603122234344 0.627134084701538 0.600630342960358 0.678742706775665 0.76718658208847 0.865124404430389 0.943649530410767 0.981745719909668 0.994896650314331 0.999340415000916 0.999988317489624 0.999999940395355
0.688241124153137 0.1438327729702 0.128841891884804 0.0402348861098289 0.0463020838797092 0.15991036593914 0.454484224319458 0.427665442228317 0.292903125286102 0.0891962572932243 0.0437903963029385 0.0437079630792141 0.0450485683977604 0.085611879825592 0.126025766134262 0.104324124753475 0.311014354228973 0.56539386510849 0.579395890235901 0.593197226524353 0.719235181808472 0.864624381065369 0.936287641525269 0.999380111694336 0.999952912330627 0.999771535396576 0.999239861965179 0.998852074146271 0.998324871063232 0.994367122650146 0.994399547576904 0.991471350193024 0.985238671302795 0.988564670085907 0.988379657268524 0.974956333637238 0.935263752937317 0.85990434885025 0.847817182540894 0.763756334781647 0.736017465591431 0.672290146350861 0.624414443969727 0.63242495059967 0.691854655742645 0.790988147258759 0.922294914722443 0.98046737909317 0.994112908840179 0.998940646648407 0.999971151351929 0.999999284744263 0.999999403953552
0.811833322048187 0.763921976089478 0.159858122467995 0.135088518261909 0.134032100439072 0.288491010665894 0.303815424442291 0.456598460674286 0.445612192153931 0.262993693351746 0.313551843166351 0.136843919754028 0.106109671294689 0.137985199689865 0.196429193019867 0.188478395342827 0.22791662812233 0.272014319896698 0.418108612298965 0.536830008029938 0.769151568412781 0.928372204303741 0.963439881801605 0.989681422710419 0.999942600727081 0.999578177928925 0.999001443386078 0.998569667339325 0.995676696300507 0.99039900302887 0.986130595207214 0.987010419368744 0.987209618091583 0.98816967010498 0.984082341194153 0.971425890922546 0.942064762115479 0.906834125518799 0.883734524250031 0.871957659721375 0.805391907691956 0.700848519802094 0.61950272321701 0.629775583744049 0.689749479293823 0.805092334747314 0.91609001159668 0.978636026382446 0.998815298080444 0.999913394451141 0.999994695186615 0.9999960064888 0.9999920129776
0.301022440195084 0.545968651771545 0.623714208602905 0.572892725467682 0.507155239582062 0.830973029136658 0.556608915328979 0.556369125843048 0.564675450325012 0.386089712381363 0.803989589214325 0.703341245651245 0.441670596599579 0.193814277648926 0.244401499629021 0.271226167678833 0.246674448251724 0.246409982442856 0.203803598880768 0.159510180354118 0.378851562738419 0.674992442131042 0.987294256687164 0.911039113998413 0.694981873035431 0.855258166790009 0.964246034622192 0.860735476016998 0.995057344436646 0.981722593307495 0.984860301017761 0.9788778424263 0.981612503528595 0.97627580165863 0.974669396877289 0.96841025352478 0.94378137588501 0.922713041305542 0.936531007289886 0.8605095744133 0.951148927211761 0.761267840862274 0.612515568733215 0.605839431285858 0.691560506820679 0.822124660015106 0.934130549430847 0.990294873714447 0.999686300754547 0.999986231327057 0.999992370605469 0.999920725822449 0.999770104885101
0.115964315831661 0.329864621162415 0.691381692886353 0.780171632766724 0.841928780078888 0.892506003379822 0.903751492500305 0.795283198356628 0.914711833000183 0.748704671859741 0.532991230487823 0.857644259929657 0.740543484687805 0.632221579551697 0.328037530183792 0.264824897050858 0.318010836839676 0.288987994194031 0.297371953725815 0.285591453313828 0.28746896982193 0.47553887963295 0.952050089836121 0.595027506351471 0.255769997835159 0.231760635972023 0.437548875808716 0.888938724994659 0.991545855998993 0.980461895465851 0.973757386207581 0.964744806289673 0.962400555610657 0.959722518920898 0.953007221221924 0.944926261901855 0.965333163738251 0.927511155605316 0.954004168510437 0.91575288772583 0.832950830459595 0.792618930339813 0.64522248506546 0.620992481708527 0.694411873817444 0.844038188457489 0.962129771709442 0.995792329311371 0.99963253736496 0.999657869338989 0.999675869941711 0.999846577644348 0.998546719551086
0.0587495528161526 0.119857385754585 0.297307699918747 0.602329552173615 0.721964001655579 0.889034688472748 0.926201343536377 0.951323270797729 0.957919359207153 0.95416659116745 0.942129552364349 0.931395471096039 0.803362429141998 0.75155109167099 0.584803760051727 0.45328751206398 0.412191241979599 0.385743647813797 0.360945403575897 0.316441863775253 0.320863664150238 0.50460010766983 0.949110805988312 0.883108496665955 0.229875341057777 0.31033131480217 0.936681270599365 0.925471723079681 0.880061507225037 0.967317044734955 0.976392447948456 0.952545821666718 0.953703284263611 0.941785931587219 0.927116513252258 0.930743992328644 0.903435945510864 0.89603066444397 0.914578974246979 0.909706711769104 0.895455062389374 0.859147965908051 0.874016940593719 0.750000238418579 0.825190126895905 0.91994720697403 0.988376677036285 0.997328102588654 0.999041259288788 0.998988032341003 0.999861121177673 0.999965786933899 0.99966824054718
0.0609124377369881 0.0633224844932556 0.0654897838830948 0.144105345010757 0.339548677206039 0.757135927677155 0.903370022773743 0.910576343536377 0.919530987739563 0.952874660491943 0.918494939804077 0.956497013568878 0.87933212518692 0.813103377819061 0.726208090782166 0.621186852455139 0.595528125762939 0.585270702838898 0.48259511590004 0.431863754987717 0.452771127223969 0.715905427932739 0.964531183242798 0.743388593196869 0.194901704788208 0.175373524427414 0.623968541622162 0.970892012119293 0.94597989320755 0.877042353153229 0.747248709201813 0.9336838722229 0.945721805095673 0.93079948425293 0.845684051513672 0.880220711231232 0.872103333473206 0.875312209129333 0.872503221035004 0.855437040328979 0.810360968112946 0.862529933452606 0.94296807050705 0.983643770217896 0.995465457439423 0.998968958854675 0.999076187610626 0.999856948852539 0.99989914894104 0.999962389469147 0.999988615512848 0.999998450279236 0.9999960064888
