data/climate_estimation/maxent_output/Smilax_polycolea.asc
NCOLS 169 
NROWS 130 
XLLCORNER 99.5833333333333 
YLLCORNER 22.75 
CELLSIZE 0.0833333333333333 
NODATA_value -3.4e+38 
[rows 60 to 79 of 130, columns 88 to 131 of 169]
0.82295036315918 0.818512260913849 0.82330995798111 0.826086223125458 0.828866958618164 0.803103983402252 0.793149530887604 0.824764847755432 0.847554624080658 0.831819295883179 0.817912340164185 0.805971443653107 0.807894051074982 0.854566872119904 0.837634027004242 0.835634350776672 0.799978613853455 0.787808358669281 0.714470505714417 0.732996344566345 0.691704988479614 0.789967834949493 0.785636782646179 0.728349924087524 0.702174365520477 0.707391083240509 0.774062991142273 0.681599915027618 0.684037327766418 0.720246732234955 0.747644126415253 0.782857060432434 0.756392657756805 0.7647425532341 0.75821590423584 0.754418790340424 0.748811185359955 0.727253496646881 0.693896055221558 0.691115915775299 0.694775819778442 0.680076837539673 0.716728687286377 0.666858613491058
0.821258902549744 0.833335101604462 0.824389219284058 0.799968481063843 0.790088474750519 0.812173366546631 0.829595744609833 0.840296924114227 0.828687250614166 0.824949383735657 0.842609584331512 0.820153892040253 0.825897097587585 0.848201811313629 0.833125650882721 0.821757316589355 0.798088788986206 0.741799175739288 0.697078049182892 0.746851027011871 0.736940383911133 0.806189060211182 0.728827059268951 0.699337959289551 0.615891873836517 0.655169725418091 0.697299301624298 0.696163535118103 0.739664018154144 0.743100643157959 0.736201882362366 0.756380319595337 0.76814192533493 0.736286461353302 0.734362125396729 0.718946754932404 0.7296062707901 0.708788275718689 0.662963628768921 0.700746595859528 0.678243517875671 0.700340032577515 0.713289141654968 0.65185821056366
0.808045506477356 0.801532983779907 0.782371342182159 0.793973803520203 0.834520101547241 0.824294328689575 0.835679471492767 0.843756914138794 0.850394010543823 0.844495117664337 0.838171362876892 0.812961459159851 0.83401483297348 0.83692193031311 0.779857039451599 0.763434588909149 0.745186746120453 0.753864407539368 0.782077431678772 0.773737192153931 0.746834754943848 0.759685873985291 0.738847255706787 0.696662247180939 0.660776317119598 0.657926738262177 0.700427114963531 0.738959014415741 0.717485904693604 0.741919279098511 0.759263455867767 0.755601644515991 0.731597363948822 0.693507313728333 0.725750207901001 0.682485401630402 0.696571290493011 0.683450937271118 0.684045314788818 0.665029287338257 0.692257821559906 0.706748068332672 0.664726316928864 0.668368518352509
0.802015960216522 0.790176033973694 0.809186637401581 0.835988163948059 0.827620148658752 0.810979664325714 0.839069485664368 0.847346305847168 0.855731070041656 0.839117228984833 0.834472715854645 0.822888553142548 0.83012056350708 0.793156623840332 0.760833203792572 0.770189464092255 0.743904531002045 0.802776098251343 0.827052295207977 0.784492969512939 0.772486567497253 0.768352925777435 0.786937296390533 0.818204760551453 0.70816844701767 0.674944162368774 0.724652886390686 0.73145067691803 0.777237117290497 0.785266101360321 0.756876587867737 0.722155034542084 0.683422446250916 0.713137209415436 0.666507482528687 0.659024119377136 0.687191247940063 0.693006932735443 0.668003141880035 0.678049921989441 0.659409523010254 0.682837724685669 0.661623239517212 0.649544715881348
0.801713943481445 0.793360531330109 0.835837781429291 0.844290316104889 0.823801934719086 0.82252049446106 0.855504393577576 0.854200839996338 0.849583327770233 0.840307414531708 0.828572392463684 0.837181687355042 0.82114189863205 0.794619143009186 0.807392120361328 0.75870156288147 0.766941547393799 0.819503903388977 0.803865194320679 0.76920360326767 0.809561550617218 0.817780375480652 0.824502825737 0.77273428440094 0.750549256801605 0.74516224861145 0.718897819519043 0.700310826301575 0.803722321987152 0.793919563293457 0.77419251203537 0.749642848968506 0.673477590084076 0.670058190822601 0.672555446624756 0.669704020023346 0.662890315055847 0.666907727718353 0.644830465316772 0.632995247840881 0.645509421825409 0.676675319671631 0.638859152793884 0.635969817638397
0.821038067340851 0.830405712127686 0.834822237491608 0.832707822322845 0.822146475315094 0.849631190299988 0.854611814022064 0.848572432994843 0.850155472755432 0.846921026706696 0.843392014503479 0.825470089912415 0.806988477706909 0.817810773849487 0.823339223861694 0.760293841362 0.773387730121613 0.796226918697357 0.803391933441162 0.786538064479828 0.815775156021118 0.810476243495941 0.809732913970947 0.777661561965942 0.716610789299011 0.699754297733307 0.679314255714417 0.723200678825378 0.805158078670502 0.811327338218689 0.773774743080139 0.736384451389313 0.68465119600296 0.662156581878662 0.695771813392639 0.680034995079041 0.695579290390015 0.681682109832764 0.6291583776474 0.630219638347626 0.65570867061615 0.664469063282013 0.631196737289429 0.631075084209442
0.829154193401337 0.83133739233017 0.827764689922333 0.838350057601929 0.839778184890747 0.845070481300354 0.860685110092163 0.853177905082703 0.853035688400269 0.84784334897995 0.840101182460785 0.824693560600281 0.832123875617981 0.81642472743988 0.811435699462891 0.765035927295685 0.792401432991028 0.795028328895569 0.798545897006989 0.801038086414337 0.846469283103943 0.822293341159821 0.851638972759247 0.815010607242584 0.75603449344635 0.739827394485474 0.730016052722931 0.779180228710175 0.796227514743805 0.771422564983368 0.753010392189026 0.72246253490448 0.708304762840271 0.700856804847717 0.678833365440369 0.68768173456192 0.691094219684601 0.657317876815796 0.628300070762634 0.644592583179474 0.63967889547348 0.639518678188324 0.651142239570618 0.630149066448212
0.822658896446228 0.837671458721161 0.834096372127533 0.841818869113922 0.854186296463013 0.873190760612488 0.871074438095093 0.863545715808868 0.854894995689392 0.845710694789886 0.841580092906952 0.831793129444122 0.81129401922226 0.831406950950623 0.805207192897797 0.771110594272614 0.78652286529541 0.782453179359436 0.814847886562347 0.82137805223465 0.879633665084839 0.872178912162781 0.840654730796814 0.771595120429993 0.744227945804596 0.749527096748352 0.770725250244141 0.791211128234863 0.778239011764526 0.778081893920898 0.72097635269165 0.708717584609985 0.708653390407562 0.699372112751007 0.684835016727448 0.691118061542511 0.639930009841919 0.658457934856415 0.642817676067352 0.609905302524567 0.610015332698822 0.624613642692566 0.604731738567352 0.591999590396881
0.826562404632568 0.840277850627899 0.852148175239563 0.853249311447144 0.869459748268127 0.878140330314636 0.883367240428925 0.875134348869324 0.860819637775421 0.867361783981323 0.850105941295624 0.833049178123474 0.831388115882874 0.80751633644104 0.795420467853546 0.771230816841125 0.757315576076508 0.791927218437195 0.792772531509399 0.839448928833008 0.877735495567322 0.886017024517059 0.782022655010223 0.763935983181 0.747571229934692 0.728791892528534 0.75188410282135 0.78493869304657 0.790497958660126 0.773687303066254 0.732098460197449 0.715622305870056 0.691068530082703 0.675005733966827 0.652698218822479 0.67485100030899 0.661505281925201 0.65183699131012 0.648123502731323 0.649520099163055 0.640142142772675 0.620017170906067 0.59273773431778 0.613350689411163
0.847084641456604 0.859174311161041 0.862976908683777 0.86714631319046 0.884419083595276 0.889605522155762 0.894974172115326 0.876762092113495 0.879387259483337 0.87326991558075 0.855987370014191 0.83907550573349 0.819998919963837 0.80925178527832 0.78897100687027 0.760531187057495 0.740381240844727 0.756034433841705 0.813077509403229 0.804789006710052 0.856329798698425 0.833795726299286 0.762783288955688 0.812340199947357 0.736076056957245 0.712233424186707 0.724389493465424 0.75989955663681 0.794172704219818 0.776627480983734 0.727834284305573 0.713062882423401 0.703378856182098 0.672981917858124 0.687857687473297 0.684801042079926 0.688896000385284 0.658147692680359 0.657549023628235 0.65006959438324 0.638104915618896 0.619792103767395 0.584248483181 0.585782647132874
0.866438210010529 0.875210344791412 0.875923335552216 0.880899786949158 0.890936076641083 0.901137828826904 0.895334303379059 0.893184840679169 0.888956725597382 0.890289068222046 0.871224999427795 0.846773505210876 0.824040651321411 0.79442948102951 0.784823954105377 0.764201045036316 0.740807473659515 0.78350555896759 0.827028214931488 0.815395414829254 0.781459450721741 0.780148386955261 0.78095018863678 0.707316398620605 0.745980620384216 0.715966701507568 0.727105617523193 0.718848645687103 0.773124814033508 0.776619970798492 0.717179536819458 0.694557130336761 0.677118003368378 0.686847746372223 0.702533423900604 0.69367504119873 0.645127356052399 0.650617718696594 0.635488986968994 0.630189120769501 0.623259782791138 0.587330222129822 0.614307224750519 0.594723761081696
0.872359693050385 0.881106317043304 0.888384878635406 0.892490804195404 0.899599611759186 0.904944121837616 0.909074902534485 0.896004855632782 0.892522573471069 0.88873153924942 0.884678244590759 0.863761425018311 0.835787534713745 0.832479476928711 0.808036744594574 0.766907870769501 0.763590633869171 0.765667855739594 0.772234320640564 0.779967367649078 0.707524538040161 0.720441460609436 0.725671827793121 0.801017820835114 0.804200947284698 0.789638698101044 0.81462025642395 0.830615758895874 0.832720696926117 0.757129728794098 0.73687481880188 0.73383367061615 0.728045642375946 0.697159826755524 0.686899244785309 0.71270090341568 0.693013191223145 0.656082332134247 0.668675363063812 0.652087450027466 0.632686495780945 0.608029544353485 0.616636574268341 0.566913723945618
0.886143803596497 0.897514641284943 0.901318788528442 0.899783074855804 0.908201336860657 0.914152085781097 0.918909907341003 0.90389496088028 0.898707628250122 0.903477132320404 0.890755176544189 0.872901439666748 0.86938089132309 0.863819479942322 0.851019203662872 0.78757244348526 0.76997447013855 0.747535765171051 0.761974215507507 0.826064646244049 0.747810542583466 0.758866786956787 0.726938128471375 0.757630527019501 0.799465477466583 0.843608856201172 0.851844727993011 0.866082072257996 0.821565330028534 0.801910698413849 0.791619181632996 0.766384661197662 0.757468223571777 0.725946068763733 0.700106143951416 0.705631792545319 0.689634025096893 0.660995006561279 0.648505330085754 0.618652760982513 0.609694480895996 0.588247537612915 0.586852788925171 0.56130176782608
0.900344848632812 0.900905072689056 0.914140462875366 0.911594569683075 0.913579165935516 0.921703457832336 0.911053061485291 0.908541679382324 0.900744199752808 0.893069863319397 0.894530475139618 0.891449749469757 0.891051471233368 0.868825316429138 0.837707102298737 0.797905027866364 0.790663123130798 0.754309117794037 0.811919510364532 0.764210999011993 0.717006087303162 0.709972381591797 0.717985510826111 0.734255373477936 0.785569787025452 0.82703047990799 0.838728725910187 0.87117338180542 0.822562754154205 0.767933011054993 0.747579395771027 0.744385421276093 0.72515869140625 0.704599618911743 0.699916243553162 0.712603271007538 0.697756826877594 0.691259264945984 0.653277099132538 0.611977517604828 0.608304500579834 0.595739424228668 0.582580208778381 0.564852893352509
0.901469111442566 0.909352838993073 0.911887466907501 0.916775286197662 0.921740293502808 0.912989020347595 0.914650738239288 0.908850371837616 0.894702434539795 0.905030429363251 0.902792870998383 0.89711982011795 0.887570023536682 0.88392972946167 0.875735580921173 0.828395843505859 0.818362295627594 0.770976603031158 0.685311794281006 0.679392278194427 0.734904944896698 0.742099344730377 0.757421135902405 0.745966613292694 0.746209383010864 0.731515228748322 0.764856517314911 0.738060355186462 0.756077647209167 0.74568235874176 0.760347783565521 0.741795301437378 0.725004315376282 0.717296600341797 0.678043484687805 0.707502484321594 0.685677170753479 0.665363669395447 0.614524364471436 0.604053735733032 0.595818936824799 0.592930197715759 0.599103212356567 0.582443296909332
0.908054411411285 0.916674971580505 0.921055018901825 0.924273610115051 0.922819375991821 0.915784657001495 0.929503738880157 0.928931474685669 0.922750174999237 0.910202741622925 0.897190630435944 0.888626933097839 0.891492307186127 0.901218473911285 0.882873892784119 0.862033724784851 0.814396321773529 0.770350396633148 0.68309623003006 0.644541025161743 0.658389151096344 0.684438943862915 0.670953631401062 0.714632868766785 0.674058616161346 0.727484941482544 0.809230089187622 0.769491076469421 0.813424229621887 0.785359144210815 0.771985292434692 0.744926929473877 0.730290412902832 0.721091091632843 0.672309935092926 0.674719095230103 0.697053253650665 0.633714377880096 0.607853949069977 0.588178336620331 0.59992516040802 0.617502927780151 0.598620414733887 0.581886827945709
0.92226380109787 0.920318305492401 0.920926213264465 0.922595322132111 0.934813797473907 0.931927144527435 0.931795835494995 0.935109913349152 0.936546146869659 0.923070847988129 0.919883549213409 0.88683420419693 0.899813175201416 0.908457696437836 0.888300836086273 0.879106760025024 0.854986131191254 0.789569556713104 0.786744892597198 0.719596385955811 0.656467080116272 0.629449963569641 0.634079098701477 0.662863254547119 0.734974145889282 0.790457129478455 0.769281983375549 0.797055780887604 0.822901606559753 0.783285558223724 0.772395014762878 0.752587616443634 0.729767441749573 0.723868429660797 0.669376373291016 0.693884432315826 0.669568359851837 0.626358926296234 0.63446432352066 0.630408227443695 0.638909757137299 0.627291977405548 0.566501140594482 0.561632335186005
0.935116589069366 0.922784447669983 0.919016659259796 0.931541383266449 0.941533923149109 0.9386345744133 0.94123500585556 0.94009405374527 0.933364927768707 0.931366741657257 0.910540461540222 0.919022798538208 0.909253299236298 0.906344950199127 0.892147839069366 0.881305813789368 0.850655436515808 0.780655682086945 0.749711036682129 0.690505921840668 0.667730689048767 0.635087370872498 0.650168776512146 0.741533160209656 0.752467930316925 0.778340876102448 0.791362762451172 0.807555854320526 0.780083060264587 0.777628839015961 0.728578090667725 0.755488455295563 0.696892201900482 0.68809574842453 0.699087917804718 0.674926519393921 0.650202512741089 0.643686413764954 0.629348039627075 0.620501101016998 0.643343865871429 0.618504285812378 0.555793941020966 0.551803290843964
0.947682559490204 0.93967080116272 0.936200380325317 0.939868450164795 0.951759815216064 0.948156177997589 0.945024788379669 0.947717607021332 0.939648866653442 0.928995728492737 0.917912840843201 0.91219288110733 0.909824430942535 0.891351759433746 0.872429430484772 0.852534115314484 0.842299461364746 0.813357353210449 0.751171231269836 0.668127477169037 0.650103569030762 0.685436844825745 0.744490504264832 0.767995715141296 0.792769968509674 0.786741018295288 0.776318848133087 0.807056725025177 0.751067042350769 0.75767707824707 0.761285841464996 0.72863233089447 0.722413599491119 0.722194910049438 0.689297735691071 0.691614925861359 0.664921700954437 0.634728312492371 0.677276909351349 0.612865746021271 0.643939316272736 0.565114319324493 0.558746218681335 0.493153244256973
0.943893015384674 0.94181215763092 0.947877764701843 0.945006132125854 0.953717589378357 0.953822076320648 0.953084290027618 0.95299768447876 0.942962050437927 0.924158930778503 0.925535976886749 0.930864810943604 0.920302093029022 0.90739905834198 0.885053873062134 0.887033343315125 0.868617355823517 0.839349448680878 0.786731481552124 0.713354527950287 0.682080090045929 0.695740580558777 0.728866755962372 0.763578712940216 0.800508618354797 0.77630603313446 0.799308300018311 0.750405550003052 0.784974575042725 0.75767570734024 0.757024049758911 0.748555541038513 0.730606973171234 0.696911871433258 0.682476580142975 0.704608738422394 0.672327637672424 0.630798637866974 0.633098244667053 0.64509791135788 0.604573369026184 0.581628143787384 0.580204546451569 0.493690580129623
