data/climate_estimation/maxent_output/Smilax_chingii.asc
NCOLS 215 
NROWS 108 
XLLCORNER 98.25 
YLLCORNER 22.25 
CELLSIZE 0.0833333333333333 
NODATA_value -3.4e+38 
[rows 60 to 79 of 108, columns 44 to 87 of 215]
0.0794674903154373 0.0579166561365128 0.0233073811978102 0.0327941887080669 0.0546371042728424 0.149499490857124 0.164641886949539 0.1421108096838 0.0630595088005066 0.0600772686302662 0.0710235387086868 0.156903475522995 0.0987092554569244 0.10007268935442 0.0294920355081558 0.144190952181816 0.123035252094269 0.115968763828278 0.118449047207832 0.111007675528526 0.0761031284928322 0.0762984827160835 0.089554063975811 0.122026421129704 0.143438726663589 0.16995033621788 0.196175530552864 0.266730338335037 0.291579008102417 0.384604424238205 0.595081090927124 0.692149758338928 0.608776450157166 0.859204471111298 0.900897979736328 0.883612871170044 0.923128426074982 0.924168705940247 0.930030345916748 0.947665989398956 0.961787819862366 0.97688764333725 0.978406369686127 0.983332514762878
0.0619312636554241 0.0403623357415199 0.01352468598634 0.0440946035087109 0.0983588173985481 0.154162868857384 0.154632225632668 0.123129919171333 0.142336845397949 0.126060873270035 0.13742259144783 0.0946566686034203 0.112378276884556 0.127471521496773 0.0318300798535347 0.0924504324793816 0.146182179450989 0.15163765847683 0.128926262259483 0.0664781332015991 0.069319024682045 0.0732783526182175 0.114756368100643 0.108726352453232 0.120914228260517 0.155664876103401 0.204419896006584 0.249411374330521 0.373203665018082 0.448659002780914 0.586225211620331 0.65343964099884 0.578019380569458 0.86639267206192 0.91263347864151 0.936681151390076 0.933757781982422 0.952260255813599 0.940067291259766 0.95289272069931 0.978214025497437 0.981163501739502 0.984391331672668 0.984139144420624
0.0494220890104771 0.0425532795488834 0.0170360002666712 0.112615548074245 0.140783697366714 0.145454868674278 0.135361164808273 0.145044326782227 0.140063896775246 0.094474233686924 0.160618737339973 0.132216706871986 0.134687334299088 0.108817107975483 0.034036360681057 0.0419986099004745 0.185649022459984 0.16850633919239 0.119911625981331 0.0894609466195107 0.0700249820947647 0.0901922360062599 0.112258858978748 0.116779632866383 0.157276824116707 0.164135366678238 0.216154292225838 0.257170259952545 0.380387365818024 0.439509868621826 0.617257058620453 0.812793016433716 0.77369213104248 0.832124412059784 0.953875660896301 0.957914352416992 0.960167646408081 0.973524212837219 0.966155409812927 0.91756683588028 0.9817875623703 0.986057221889496 0.987659096717834 0.981150567531586
0.0285452511161566 0.0274126194417477 0.0352471917867661 0.131550639867783 0.143584385514259 0.1385767608881 0.13134303689003 0.127545759081841 0.113378539681435 0.076065868139267 0.128704115748405 0.143324494361877 0.148966312408447 0.124523088335991 0.0644514784216881 0.0720388442277908 0.0931700244545937 0.145705714821815 0.0945736691355705 0.0729838907718658 0.0837904959917068 0.0991588905453682 0.12173680961132 0.12599940598011 0.153947278857231 0.164520815014839 0.229329600930214 0.296631276607513 0.357968926429749 0.394033849239349 0.609887957572937 0.844790101051331 0.880290746688843 0.917073965072632 0.945404350757599 0.959201872348785 0.979248583316803 0.978302359580994 0.970809817314148 0.965915083885193 0.945696473121643 0.980655074119568 0.989904642105103 0.982604503631592
0.117236770689487 0.0769357085227966 0.0276004113256931 0.0902292653918266 0.149518519639969 0.151142537593842 0.116618812084198 0.151491746306419 0.139508500695229 0.0741340145468712 0.146377518773079 0.106730788946152 0.11961504817009 0.111887477338314 0.0681408494710922 0.138366773724556 0.107738308608532 0.117178283631802 0.112409606575966 0.0772941708564758 0.0848420187830925 0.0906471088528633 0.118041351437569 0.136664003133774 0.150091275572777 0.200458809733391 0.224841237068176 0.316282570362091 0.344329535961151 0.466631025075912 0.669590473175049 0.81815367937088 0.891267955303192 0.950308501720428 0.964118778705597 0.971924960613251 0.976962745189667 0.978537738323212 0.974039435386658 0.9746994972229 0.96635502576828 0.943549990653992 0.985279440879822 0.988050401210785
0.0931198671460152 0.0705781951546669 0.0580485500395298 0.0720660462975502 0.14308463037014 0.148045122623444 0.0926795303821564 0.0954694896936417 0.122649781405926 0.11824107915163 0.124173633754253 0.114651016891003 0.0973093509674072 0.126718178391457 0.115849532186985 0.170696005225182 0.100238539278507 0.0938651561737061 0.0803899541497231 0.083655372262001 0.0812799036502838 0.107179708778858 0.1159383431077 0.110380567610264 0.166000887751579 0.200398087501526 0.267331063747406 0.320088565349579 0.359387516975403 0.481721937656403 0.736657559871674 0.84960263967514 0.939539313316345 0.945586323738098 0.963721692562103 0.968959867954254 0.971616804599762 0.979412078857422 0.981842160224915 0.982413351535797 0.982943296432495 0.95482462644577 0.962495923042297 0.989161312580109
0.0588759817183018 0.131071344017982 0.119211539626122 0.100812263786793 0.152414157986641 0.158556744456291 0.107175409793854 0.0982423275709152 0.093087799847126 0.146158292889595 0.123236387968063 0.17307236790657 0.173230960965157 0.126871824264526 0.134896323084831 0.121947064995766 0.0957212150096893 0.094011977314949 0.108695097267628 0.0852528959512711 0.105438537895679 0.110249549150467 0.10701846331358 0.128463983535767 0.180649667978287 0.192487582564354 0.244810208678246 0.290796756744385 0.412999212741852 0.478031307458878 0.786253094673157 0.773014724254608 0.936639845371246 0.94270396232605 0.955204248428345 0.961258828639984 0.973132312297821 0.981760680675507 0.983759760856628 0.986032545566559 0.981282293796539 0.983803808689117 0.978551387786865 0.960747897624969
0.035081971436739 0.125270247459412 0.116437591612339 0.0932039171457291 0.1107157766819 0.122788727283478 0.088130958378315 0.0833382904529572 0.0775930285453796 0.104548268020153 0.123362936079502 0.173063009977341 0.186282843351364 0.180494517087936 0.124935753643513 0.113286405801773 0.12476435303688 0.0883432403206825 0.101906165480614 0.117342174053192 0.1089683547616 0.0903424769639969 0.106761135160923 0.129344001412392 0.191363096237183 0.219589173793793 0.252783089876175 0.35407555103302 0.436481565237045 0.535256624221802 0.633430004119873 0.834872901439667 0.911190509796143 0.918675482273102 0.952442526817322 0.960882246494293 0.976802408695221 0.978561103343964 0.982064008712769 0.984720885753632 0.982017934322357 0.984959125518799 0.987174510955811 0.981430649757385
0.0533212386071682 0.116146884858608 0.0994221493601799 0.0931964814662933 0.106409810483456 0.0811936855316162 0.061864472925663 0.103052586317062 0.0944502577185631 0.0950182899832726 0.138516813516617 0.128042921423912 0.189465209841728 0.163317814469337 0.147772952914238 0.105081334710121 0.0987962931394577 0.11310051381588 0.123023107647896 0.116240382194519 0.105242967605591 0.116854064166546 0.0999693125486374 0.145828932523727 0.227516785264015 0.231753870844841 0.290916413068771 0.365090519189835 0.506117343902588 0.570421159267426 0.701637387275696 0.888057827949524 0.851665139198303 0.895059168338776 0.954222023487091 0.970545887947083 0.975629508495331 0.981943786144257 0.98517906665802 0.987285554409027 0.984854698181152 0.985250949859619 0.984668731689453 0.981492280960083
0.116585731506348 0.145051538944244 0.148496732115746 0.109567724168301 0.09067652374506 0.0771457031369209 0.090373195707798 0.103524036705494 0.108197942376137 0.110458433628082 0.114174261689186 0.13298287987709 0.162244588136673 0.172262206673622 0.12512344121933 0.141343593597412 0.114496201276779 0.108216218650341 0.107165649533272 0.113792605698109 0.142953261733055 0.128747597336769 0.14182998239994 0.183309644460678 0.219737559556961 0.264535516500473 0.336027204990387 0.344161629676819 0.458933562040329 0.574367940425873 0.634485483169556 0.80269056558609 0.884483933448792 0.915337741374969 0.938449680805206 0.971912384033203 0.972894489765167 0.982660055160522 0.985257208347321 0.986584544181824 0.986888468265533 0.984832286834717 0.984831392765045 0.974303007125854
0.120712235569954 0.0876505002379417 0.112416818737984 0.082007497549057 0.0538991056382656 0.121511116623878 0.0986752659082413 0.122571282088757 0.13864754140377 0.176849201321602 0.170741066336632 0.175603434443474 0.200009554624557 0.14330281317234 0.128792703151703 0.129032462835312 0.130920454859734 0.109657607972622 0.154372677206993 0.161502331495285 0.154851213097572 0.169286131858826 0.188446775078773 0.174153506755829 0.197197392582893 0.281635642051697 0.341531783342361 0.351438790559769 0.429579734802246 0.562196791172028 0.596089124679565 0.784994184970856 0.874211370944977 0.913334012031555 0.954079687595367 0.9539555311203 0.974753201007843 0.980205953121185 0.983375370502472 0.983996868133545 0.985369443893433 0.983503758907318 0.982286274433136 0.97216671705246
0.0874960497021675 0.0469103455543518 0.0783505663275719 0.0473786070942879 0.0777577981352806 0.177521347999573 0.0812890529632568 0.141147464513779 0.131672501564026 0.14826637506485 0.165941774845123 0.194624021649361 0.177724793553352 0.156862393021584 0.156020551919937 0.157941460609436 0.167197853326797 0.155294954776764 0.152993232011795 0.155021816492081 0.167480185627937 0.188580557703972 0.227398559451103 0.167318031191826 0.252452373504639 0.323770970106125 0.32457759976387 0.397891938686371 0.419253349304199 0.536132097244263 0.566034376621246 0.627500414848328 0.820889174938202 0.880876123905182 0.91596519947052 0.930469751358032 0.955464661121368 0.973673522472382 0.977094113826752 0.982530891895294 0.980682730674744 0.975035846233368 0.970247149467468 0.957396984100342
0.0607183985412121 0.0367432124912739 0.0500318594276905 0.0651786178350449 0.0952907353639603 0.149631127715111 0.121766187250614 0.093360535800457 0.178443416953087 0.192094400525093 0.201490461826324 0.193373426795006 0.176884144544601 0.163722738623619 0.182102367281914 0.144281417131424 0.15096727013588 0.149412661790848 0.153498664498329 0.178856804966927 0.22083368897438 0.202079519629478 0.223294496536255 0.237229973077774 0.301297843456268 0.279743254184723 0.360582560300827 0.388992309570312 0.440485805273056 0.524160146713257 0.550736010074615 0.617777705192566 0.759551644325256 0.857899963855743 0.886691689491272 0.888041973114014 0.93061488866806 0.957679152488708 0.965381324291229 0.977185189723969 0.977540254592896 0.972636580467224 0.967885851860046 0.969267845153809
0.037707444280386 0.0402601435780525 0.0428983904421329 0.102924793958664 0.099543035030365 0.147489249706268 0.173060074448586 0.180569365620613 0.164949640631676 0.154661446809769 0.173169851303101 0.196483477950096 0.191245794296265 0.21899887919426 0.191096365451813 0.148660123348236 0.140791743993759 0.147011235356331 0.200414270162582 0.209584400057793 0.190264701843262 0.172735124826431 0.229606211185455 0.302524209022522 0.273011922836304 0.31717050075531 0.361714005470276 0.393648505210876 0.452353358268738 0.521555960178375 0.596763789653778 0.655461609363556 0.745644748210907 0.816419422626495 0.849290430545807 0.885948717594147 0.898402750492096 0.935580313205719 0.950222790241241 0.962301075458527 0.960824191570282 0.969759225845337 0.964856684207916 0.964760601520538
0.0167727489024401 0.0453529544174671 0.0477320775389671 0.145998850464821 0.0873909890651703 0.130312606692314 0.176838964223862 0.182577982544899 0.151021882891655 0.140590503811836 0.161070555448532 0.206684112548828 0.260060429573059 0.246644958853722 0.184820517897606 0.105524957180023 0.133324787020683 0.18232099711895 0.209092035889626 0.189520984888077 0.180695489048958 0.217769131064415 0.28880175948143 0.324093371629715 0.276523888111115 0.319623738527298 0.367651879787445 0.39043602347374 0.427694857120514 0.500400066375732 0.549878120422363 0.63273960351944 0.697495818138123 0.752043783664703 0.80265349149704 0.840205490589142 0.842261075973511 0.914980828762054 0.941866636276245 0.940896928310394 0.947176218032837 0.945674777030945 0.963128447532654 0.96193665266037
0.0103776482865214 0.0170311126857996 0.0669722929596901 0.0781375989317894 0.0850073173642159 0.111398078501225 0.114899955689907 0.138539269566536 0.149039328098297 0.133630082011223 0.152464225888252 0.214854672551155 0.23106737434864 0.162954524159431 0.146789714694023 0.104483015835285 0.151771515607834 0.193391114473343 0.188627257943153 0.186256572604179 0.227084457874298 0.228761896491051 0.308527499437332 0.303632527589798 0.299404948949814 0.336686134338379 0.340978473424911 0.376124560832977 0.413006275892258 0.468894779682159 0.525416195392609 0.600333511829376 0.65271133184433 0.713515281677246 0.761877477169037 0.82093209028244 0.812675595283508 0.825863003730774 0.854884564876556 0.827484428882599 0.627929389476776 0.539501070976257 0.802711427211761 0.931552290916443
0.0208369325846434 0.028984697535634 0.101893365383148 0.0717187151312828 0.115000694990158 0.119336046278477 0.106797024607658 0.11437564343214 0.169230446219444 0.131878867745399 0.143484845757484 0.215868711471558 0.216421529650688 0.213395014405251 0.142297446727753 0.154178723692894 0.194391891360283 0.194584101438522 0.206860274076462 0.24851131439209 0.280989795923233 0.28483110666275 0.31194743514061 0.302129536867142 0.320329159498215 0.321258157491684 0.331295549869537 0.365620642900467 0.370813876390457 0.429154604673386 0.482506155967712 0.561175942420959 0.605844259262085 0.669621527194977 0.728273630142212 0.764367401599884 0.739571034908295 0.605391323566437 0.823627948760986 0.880267798900604 0.86872398853302 0.719849705696106 0.42265996336937 0.519376754760742
0.0506947971880436 0.0852453783154488 0.112220861017704 0.0833356231451035 0.12130031734705 0.162990525364876 0.165899828076363 0.16261026263237 0.125714033842087 0.127352446317673 0.173747301101685 0.293562918901443 0.261421531438828 0.233273580670357 0.105767324566841 0.195415213704109 0.137176111340523 0.196181505918503 0.250140696763992 0.282863855361938 0.313749462366104 0.28784704208374 0.274778306484222 0.308308660984039 0.314572781324387 0.31944477558136 0.353229612112045 0.387800812721252 0.346539109945297 0.393628895282745 0.415038287639618 0.452157765626907 0.534062385559082 0.615253686904907 0.636331975460052 0.589910507202148 0.541007399559021 0.58719801902771 0.763698935508728 0.81302148103714 0.665792167186737 0.498178124427795 0.449843168258667 0.313536494970322
0.0312537327408791 0.164131581783295 0.0851968005299568 0.0275623369961977 0.143726721405983 0.131737530231476 0.168254032731056 0.17398701608181 0.133513167500496 0.149685129523277 0.196162417531013 0.219254463911057 0.201903209090233 0.151379212737083 0.211241900920868 0.14631524682045 0.143740117549896 0.205922409892082 0.267747610807419 0.279078930616379 0.301792532205582 0.252212405204773 0.281221598386765 0.295303136110306 0.319060564041138 0.362243831157684 0.407300174236298 0.371909409761429 0.33990216255188 0.368113249540329 0.330110669136047 0.293672740459442 0.397859692573547 0.451374799013138 0.486838281154633 0.531092345714569 0.664072453975677 0.670139193534851 0.790830492973328 0.856038689613342 0.898898422718048 0.773967862129211 0.510874152183533 0.531366109848022
0.0593313574790955 0.16168324649334 0.139926344156265 0.0335258170962334 0.139942765235901 0.134065791964531 0.238139852881432 0.172495231032372 0.154226318001747 0.177249133586884 0.19532598555088 0.107113741338253 0.136860594153404 0.145602613687515 0.154013082385063 0.136150419712067 0.190063387155533 0.202075272798538 0.270577520132065 0.269130945205688 0.252373665571213 0.267263114452362 0.268824011087418 0.296854138374329 0.325636059045792 0.34557569026947 0.413808137178421 0.343666464090347 0.195174112915993 0.211872771382332 0.235560208559036 0.326989084482193 0.298759162425995 0.328537970781326 0.449827432632446 0.563566744327545 0.651317656040192 0.696815252304077 0.780006051063538 0.841374278068542 0.892399966716766 0.846020698547363 0.768342673778534 0.780902624130249
