data/climate_estimation/maxent_output/Smilax_perfoliata.asc
NCOLS 541 
NROWS 289 
XLLCORNER 77 
YLLCORNER 6.58333333333333 
CELLSIZE 0.0833333333333333 
NODATA_value -3.4e+38 
[rows 23 to 45 of 289, columns 459 to 509 of 541]
0.0414536520838737 0.0251596458256245 0.0148888416588306 0.00850765872746706 0.0221846587955952 0.00705156149342656 0.00128206983208656 0.000878962106071413 0.00460359640419483 0.0234377253800631 0.0605787746608257 0.128427058458328 0.158228442072868 0.176624953746796 0.188077628612518 0.217360973358154 0.22661329805851 0.258830904960632 0.231502801179886 0.261166095733643 0.270547598600388 0.277946650981903 0.310320615768433 0.333714514970779 0.30089545249939 0.321477770805359 0.325968384742737 0.351877301931381 0.371930837631226 0.334170281887054 0.353209853172302 0.395924270153046 0.395435154438019 0.368864804506302 0.38891327381134 0.38613086938858 0.380867928266525 0.380995124578476 0.380120366811752 0.375097572803497 0.371494770050049 0.305334240198135 0.27855971455574 0.274146407842636 0.205310374498367 0.189069867134094 0.183162033557892 0.189905449748039 0.170476123690605 0.158565178513527 0.147671192884445
0.0486163422465324 0.0306734200567007 0.0212724544107914 0.0137596456333995 0.00969623122364283 0.00587029848247766 0.00464538391679525 0.0109327994287014 0.0538816899061203 0.0980462655425072 0.141574680805206 0.161381185054779 0.177440986037254 0.210732251405716 0.224305734038353 0.238790959119797 0.218962177634239 0.247561648488045 0.258611261844635 0.267613619565964 0.274628430604935 0.306828171014786 0.312040895223618 0.303897857666016 0.334648162126541 0.332393407821655 0.358788192272186 0.353928685188293 0.380167245864868 0.355103254318237 0.35774889588356 0.380526036024094 0.353528261184692 0.35189026594162 0.373964458703995 0.348024100065231 0.3894023001194 0.388780057430267 0.385433048009872 0.380803465843201 0.35635632276535 0.310174226760864 0.268257737159729 0.281280368566513 0.25714984536171 0.235299900174141 0.189315721392632 0.181253418326378 0.200673490762711 0.181080132722855 0.149054378271103
0.0617858991026878 0.0413461998105049 0.0311167500913143 0.023434529080987 0.0189941506832838 0.0193917863070965 0.0302442889660597 0.102003209292889 0.200115486979485 0.196120992302895 0.206006020307541 0.205648347735405 0.21559664607048 0.236654072999954 0.249975070357323 0.229884788393974 0.243393495678902 0.247630074620247 0.280433505773544 0.289127290248871 0.299476504325867 0.329733967781067 0.319052845239639 0.324767112731934 0.352190375328064 0.352055788040161 0.381204336881638 0.355908066034317 0.365588307380676 0.364310473203659 0.383717179298401 0.361737191677094 0.353420734405518 0.378779083490372 0.378009080886841 0.356866061687469 0.402113676071167 0.400485962629318 0.395510673522949 0.369189858436584 0.303684711456299 0.280510067939758 0.258659154176712 0.268269062042236 0.262664377689362 0.238867476582527 0.215741023421288 0.197955191135406 0.190301045775414 0.200518488883972 0.15578456223011
0.0730007812380791 0.056396946310997 0.0447746105492115 0.0418739877641201 0.0438619814813137 0.0499428808689117 0.0884483084082603 0.20046803355217 0.233787372708321 0.246912091970444 0.238979294896126 0.250908821821213 0.249490290880203 0.22783362865448 0.242800697684288 0.254575550556183 0.263152480125427 0.275666385889053 0.282400012016296 0.293198674917221 0.326496988534927 0.332053691148758 0.343046814203262 0.375906944274902 0.37878742814064 0.383096158504486 0.382458984851837 0.385663717985153 0.383707702159882 0.38958415389061 0.387893855571747 0.383113920688629 0.384662687778473 0.38416400551796 0.38714936375618 0.38271176815033 0.387248307466507 0.413944363594055 0.404983520507812 0.353945791721344 0.309348970651627 0.265147000551224 0.263408690690994 0.257026880979538 0.250896722078323 0.213477358222008 0.196032121777534 0.192232400178909 0.171384185552597 0.168509885668755 0.197433456778526
0.0946389883756638 0.0805615186691284 0.0790108740329742 0.0738135799765587 0.0809409767389297 0.101212255656719 0.159697711467743 0.214144498109818 0.247690454125404 0.261039137840271 0.253615826368332 0.264580011367798 0.223260655999184 0.256073594093323 0.248934775590897 0.259700030088425 0.27241837978363 0.283167541027069 0.311011493206024 0.315973043441772 0.326500862836838 0.360587537288666 0.371001780033112 0.37929579615593 0.386101871728897 0.414521872997284 0.38758373260498 0.415335774421692 0.412783831357956 0.414621442556381 0.38567328453064 0.38505157828331 0.389906674623489 0.389344841241837 0.38948518037796 0.392359375953674 0.397577702999115 0.420434296131134 0.372817158699036 0.297224789857864 0.319195955991745 0.29352393746376 0.270406275987625 0.228258863091469 0.240045011043549 0.21972918510437 0.202291965484619 0.195185333490372 0.183931514620781 0.164863675832748 0.167949542403221
0.129302725195885 0.12433310598135 0.11633238196373 0.119105085730553 0.133774369955063 0.174715042114258 0.200268000364304 0.22620752453804 0.25739973783493 0.271083444356918 0.284062415361404 0.299014031887054 0.274805068969727 0.262963503599167 0.276231855154037 0.288938105106354 0.296056509017944 0.304056823253632 0.313112914562225 0.345069169998169 0.353419840335846 0.362540543079376 0.375206708908081 0.410483747720718 0.416710883378983 0.394218891859055 0.423608541488647 0.417876422405243 0.421369463205338 0.420323193073273 0.418556571006775 0.419599264860153 0.399660706520081 0.398207575082779 0.40472224354744 0.42992502450943 0.408384203910828 0.430574864149094 0.407419294118881 0.328860014677048 0.282023400068283 0.278213322162628 0.255559861660004 0.253240883350372 0.263933598995209 0.223173066973686 0.216384723782539 0.195803850889206 0.196245416998863 0.182133808732033 0.177362322807312
0.161964476108551 0.163275793194771 0.157589390873909 0.170362800359726 0.180443525314331 0.209953859448433 0.231734946370125 0.24391782283783 0.270496517419815 0.284236699342728 0.29787603020668 0.27267724275589 0.28603807091713 0.273999243974686 0.303846925497055 0.310531139373779 0.301444500684738 0.337107002735138 0.340178698301315 0.347554564476013 0.381464302539825 0.396452456712723 0.404335290193558 0.414831548929214 0.421414494514465 0.430211335420609 0.406222552061081 0.429950088262558 0.409055262804031 0.427630692720413 0.429348200559616 0.412818610668182 0.413775593042374 0.415158122777939 0.416268318891525 0.363197207450867 0.44437050819397 0.441023141145706 0.417515754699707 0.3866226375103 0.360216587781906 0.286140084266663 0.278508186340332 0.274482876062393 0.233990788459778 0.24676088988781 0.238409802317619 0.213702157139778 0.209355726838112 0.187064692378044 0.17882414162159
0.183939009904861 0.177404418587685 0.192269429564476 0.18785485625267 0.204511031508446 0.225296303629875 0.249125480651855 0.255629122257233 0.282922238111496 0.305796355009079 0.311820894479752 0.280262678861618 0.289195150136948 0.300435036420822 0.308200240135193 0.317328423261642 0.329501420259476 0.337979644536972 0.346101701259613 0.35446497797966 0.394035309553146 0.4031041264534 0.412534773349762 0.418346554040909 0.422649592161179 0.409750282764435 0.4188172519207 0.439472198486328 0.442746341228485 0.442724347114563 0.439524620771408 0.424370557069778 0.434010654687881 0.429808765649796 0.393039017915726 0.342822432518005 0.396785467863083 0.426197290420532 0.396798014640808 0.42463430762291 0.395034670829773 0.288160145282745 0.263509899377823 0.259111434221268 0.256399273872375 0.270308971405029 0.26267808675766 0.25473889708519 0.251120001077652 0.205257549881935 0.187168583273888
0.190543323755264 0.203234940767288 0.202007576823235 0.214946657419205 0.233832135796547 0.237307012081146 0.262392044067383 0.267644375562668 0.30015304684639 0.307046860456467 0.320600420236588 0.292210966348648 0.296807765960693 0.304506450891495 0.312005192041397 0.319346040487289 0.330057889223099 0.362638980150223 0.373748183250427 0.38473716378212 0.397710531949997 0.407867401838303 0.420690923929214 0.427110135555267 0.433266788721085 0.437932789325714 0.413868516683578 0.419347822666168 0.426581650972366 0.458054035902023 0.457395613193512 0.438027381896973 0.371086776256561 0.399911195039749 0.35027801990509 0.374039471149445 0.404457628726959 0.374269515275955 0.432047724723816 0.500049293041229 0.435828268527985 0.345088362693787 0.292580991983414 0.311059772968292 0.327212631702423 0.318314850330353 0.28721159696579 0.261827141046524 0.222531393170357 0.205554753541946 0.202153980731964
0.213237270712852 0.214000821113586 0.212150484323502 0.231198012828827 0.246402859687805 0.250513732433319 0.274459511041641 0.281656950712204 0.292832285165787 0.323451101779938 0.32939675450325 0.361005336046219 0.324974626302719 0.332804381847382 0.31971800327301 0.349115252494812 0.358358949422836 0.365296840667725 0.38091379404068 0.390018999576569 0.402494043111801 0.394193649291992 0.403156220912933 0.439339637756348 0.433323115110397 0.425459861755371 0.449100881814957 0.455954670906067 0.459030240774155 0.376464396715164 0.461429357528687 0.407949090003967 0.378876715898514 0.377955228090286 0.433723449707031 0.491512328386307 0.461873769760132 0.464616686105728 0.497702091932297 0.541182816028595 0.476299166679382 0.379671007394791 0.346520841121674 0.366566866636276 0.333909779787064 0.322534382343292 0.274857431650162 0.23601171374321 0.213766470551491 0.210563689470291 0.20975948870182
0.219361498951912 0.218811139464378 0.238214060664177 0.244382664561272 0.244069039821625 0.256559878587723 0.28511381149292 0.285031080245972 0.327411681413651 0.328410685062408 0.333481907844543 0.32366806268692 0.332424104213715 0.338099509477615 0.344940155744553 0.35020250082016 0.35948833823204 0.373493432998657 0.38935050368309 0.399807155132294 0.415182262659073 0.421738296747208 0.432242453098297 0.418217271566391 0.444367587566376 0.449490457773209 0.441482067108154 0.465533643960953 0.409460991621017 0.346862971782684 0.323969125747681 0.443638056516647 0.477592766284943 0.503827810287476 0.481754451990128 0.498753547668457 0.468236029148102 0.510777831077576 0.537601172924042 0.54375833272934 0.518721282482147 0.445917159318924 0.379409402608871 0.343865573406219 0.364972233772278 0.287911593914032 0.244196549057961 0.224311009049416 0.235909298062325 0.230802357196808 0.223148435354233
0.228702023625374 0.224773779511452 0.248567670583725 0.252456724643707 0.270024687051773 0.271428823471069 0.302544981241226 0.305746883153915 0.329133182764053 0.336679369211197 0.339536011219025 0.374199658632278 0.336068630218506 0.342844188213348 0.352082043886185 0.358069956302643 0.36162394285202 0.375794976949692 0.387577563524246 0.400954753160477 0.423627078533173 0.422641038894653 0.437852025032043 0.47028973698616 0.452977120876312 0.435183316469193 0.470642268657684 0.471422076225281 0.35344934463501 0.350510895252228 0.381953686475754 0.51415091753006 0.518828928470612 0.517205059528351 0.491301298141479 0.38568302989006 0.469466090202332 0.534824252128601 0.565216243267059 0.540248692035675 0.443707823753357 0.382691562175751 0.379903376102448 0.376240879297256 0.342441290616989 0.290825307369232 0.247497901320457 0.2455193400383 0.221144542098045 0.232993319630623 0.215015918016434
0.233982190489769 0.250449627637863 0.255032688379288 0.279977977275848 0.279815584421158 0.294285535812378 0.310842514038086 0.308205872774124 0.336906373500824 0.342029094696045 0.347391396760941 0.384720802307129 0.341901630163193 0.349894613027573 0.360485374927521 0.361224263906479 0.368140280246735 0.379235953092575 0.394207835197449 0.435352265834808 0.477019339799881 0.458433657884598 0.446329444646835 0.427275359630585 0.509132325649261 0.491799712181091 0.476782768964767 0.412468612194061 0.386212050914764 0.421805679798126 0.45314422249794 0.510846734046936 0.546907782554626 0.547745883464813 0.525492489337921 0.481089413166046 0.478068143129349 0.540601015090942 0.54125314950943 0.53870701789856 0.507131338119507 0.416713029146194 0.440737009048462 0.404603451490402 0.322696834802628 0.273755103349686 0.268448948860168 0.247985452413559 0.243256136775017 0.236403241753578 0.239264518022537
0.238992184400558 0.260068118572235 0.26466429233551 0.28290981054306 0.288557380437851 0.312458634376526 0.31329157948494 0.342449843883514 0.330238491296768 0.35545751452446 0.388491213321686 0.390451937913895 0.396895706653595 0.402039438486099 0.393600642681122 0.374330967664719 0.395714193582535 0.391179829835892 0.456358850002289 0.470461517572403 0.478194147348404 0.487525105476379 0.445784240961075 0.480698257684708 0.486242860555649 0.546161890029907 0.445373773574829 0.388440042734146 0.519616186618805 0.491567224264145 0.540539145469666 0.591219305992126 0.584105730056763 0.560011327266693 0.53188157081604 0.550203442573547 0.507756948471069 0.566403031349182 0.573376178741455 0.480406910181046 0.510112166404724 0.472477823495865 0.412182718515396 0.405288487672806 0.346135854721069 0.31808277964592 0.292944043874741 0.268579751253128 0.245623528957367 0.243246704339981 0.240253090858459
0.249201029539108 0.263817936182022 0.268773704767227 0.293611705303192 0.297689497470856 0.314176589250565 0.318478882312775 0.343417108058929 0.332748025655746 0.365668028593063 0.37363213300705 0.39617931842804 0.405320376157761 0.391976207494736 0.387704968452454 0.416506290435791 0.376457989215851 0.393772840499878 0.432324528694153 0.444113075733185 0.486579596996307 0.441967219114304 0.503986179828644 0.537993490695953 0.518031656742096 0.531865298748016 0.539508044719696 0.516182124614716 0.530945301055908 0.499481350183487 0.547005355358124 0.600559651851654 0.589006125926971 0.606798708438873 0.577301859855652 0.577271223068237 0.512799859046936 0.567906737327576 0.507838129997253 0.511081695556641 0.446843832731247 0.469151943922043 0.436759561300278 0.354781776666641 0.325806438922882 0.321165800094604 0.275292873382568 0.27302810549736 0.248967200517654 0.249829649925232 0.245304092764854
0.25038069486618 0.256221145391464 0.274376779794693 0.298769474029541 0.297835409641266 0.325323730707169 0.331885248422623 0.347028017044067 0.368624031543732 0.382534235715866 0.387602120637894 0.406810134649277 0.418053179979324 0.403025835752487 0.414368093013763 0.433516263961792 0.408593147993088 0.420325487852097 0.456423908472061 0.468120813369751 0.514331102371216 0.52158796787262 0.5665642619133 0.572334885597229 0.527185261249542 0.558621346950531 0.570144176483154 0.581864535808563 0.590018033981323 0.573445200920105 0.599670052528381 0.597013413906097 0.570137798786163 0.611607134342194 0.610902667045593 0.584385871887207 0.629257798194885 0.600179016590118 0.535332083702087 0.479699105024338 0.444568991661072 0.469684958457947 0.411339789628983 0.358129352331161 0.35240849852562 0.30259844660759 0.27566134929657 0.272896856069565 0.26935151219368 0.265453398227692 0.244686767458916
0.260166138410568 0.275012522935867 0.297201454639435 0.296665787696838 0.326599776744843 0.333506494760513 0.338652670383453 0.365790843963623 0.381195724010468 0.370577901601791 0.414349436759949 0.413127541542053 0.410411268472672 0.434306800365448 0.438783288002014 0.458579361438751 0.469358682632446 0.480500996112823 0.464707136154175 0.528948903083801 0.482375144958496 0.557968378067017 0.542642712593079 0.547710478305817 0.506035804748535 0.563952386379242 0.62740683555603 0.659957110881805 0.61638468503952 0.595983862876892 0.593684017658234 0.624042510986328 0.613943874835968 0.584763586521149 0.608341634273529 0.632238924503326 0.598906695842743 0.537283062934875 0.509637236595154 0.447273105382919 0.445690006017685 0.469265252351761 0.435886770486832 0.406126111745834 0.350600451231003 0.32398122549057 0.280496954917908 0.276546835899353 0.273187249898911 0.285060614347458 0.264941811561584
0.280920505523682 0.297621697187424 0.299205362796783 0.325944513082504 0.331785768270493 0.334728866815567 0.369797438383102 0.37290021777153 0.370124876499176 0.374615401029587 0.41465562582016 0.429606914520264 0.405704259872437 0.425956666469574 0.468313872814178 0.466800421476364 0.476841896772385 0.521979153156281 0.528543055057526 0.535805284976959 0.545933485031128 0.557693481445312 0.54115104675293 0.526785910129547 0.533630311489105 0.597759008407593 0.627208769321442 0.635133445262909 0.669262051582336 0.62542051076889 0.654172956943512 0.622677266597748 0.593202710151672 0.58653849363327 0.578396379947662 0.583376944065094 0.568322777748108 0.511164128780365 0.478178262710571 0.395409613847733 0.444594144821167 0.437517613172531 0.40926730632782 0.35777273774147 0.331505328416824 0.283909380435944 0.281726390123367 0.278110384941101 0.276412129402161 0.270117700099945 0.26485413312912
0.297113567590714 0.301325678825378 0.306743144989014 0.334122002124786 0.337302148342133 0.366987109184265 0.375913619995117 0.383976399898529 0.385435849428177 0.365048915147781 0.430147528648376 0.42057129740715 0.410222917795181 0.437436014413834 0.475129067897797 0.505739331245422 0.517086565494537 0.502456068992615 0.530892491340637 0.538702309131622 0.550143003463745 0.540559709072113 0.551295518875122 0.506075739860535 0.570013463497162 0.577656507492065 0.581090867519379 0.611552596092224 0.644990503787994 0.618107676506042 0.56571501493454 0.569245755672455 0.596824169158936 0.644639909267426 0.641206681728363 0.600366473197937 0.573168575763702 0.538046419620514 0.480146586894989 0.444567084312439 0.440694957971573 0.435519576072693 0.411238580942154 0.334765523672104 0.308899849653244 0.284431487321854 0.284336477518082 0.279487878084183 0.278584778308868 0.274929642677307 0.270678818225861
0.303480982780457 0.306172162294388 0.335676968097687 0.345097631216049 0.344266325235367 0.355626732110977 0.371402621269226 0.393969506025314 0.383702129125595 0.37328577041626 0.417863547801971 0.449423730373383 0.45554718375206 0.46455317735672 0.506587564945221 0.516532003879547 0.522676765918732 0.535492062568665 0.543186485767365 0.550701320171356 0.492355674505234 0.470290541648865 0.502741038799286 0.538691103458405 0.596452593803406 0.549913465976715 0.492282181978226 0.586928486824036 0.642989695072174 0.649293422698975 0.567834377288818 0.624413728713989 0.59817510843277 0.590788185596466 0.58498078584671 0.575835049152374 0.569378733634949 0.534596085548401 0.503063857555389 0.498087197542191 0.465769946575165 0.434607744216919 0.382137507200241 0.333594888448715 0.31186705827713 0.306119054555893 0.286854773759842 0.285135984420776 0.280277818441391 0.275227189064026 0.271662265062332
0.308007568120956 0.313196212053299 0.340868532657623 0.346170723438263 0.357094794511795 0.38317209482193 0.396054714918137 0.3837830722332 0.374807298183441 0.417734682559967 0.450811684131622 0.459101021289825 0.482324808835983 0.511340916156769 0.513658702373505 0.525616049766541 0.532695353031158 0.547858238220215 0.558859705924988 0.540314555168152 0.501400887966156 0.477853417396545 0.536242425441742 0.600685358047485 0.601457238197327 0.581052839756012 0.526270985603333 0.619333922863007 0.644401788711548 0.620852708816528 0.624237775802612 0.623186528682709 0.564356029033661 0.563604354858398 0.587707042694092 0.553282678127289 0.569500982761383 0.504166841506958 0.497826248407364 0.440771281719208 0.414011418819427 0.385564982891083 0.337241798639297 0.312509953975677 0.312568426132202 0.30979198217392 0.305705636739731 0.28312075138092 0.281433492898941 0.274425864219666 0.29306298494339
0.308572977781296 0.315351635217667 0.337045878171921 0.351296871900558 0.358874171972275 0.371877133846283 0.382297307252884 0.377111673355103 0.402811914682388 0.442107498645782 0.433592975139618 0.464932531118393 0.516377449035645 0.517541170120239 0.53491073846817 0.536709845066071 0.552266478538513 0.508046925067902 0.515362858772278 0.553325355052948 0.500476598739624 0.475460261106491 0.566463828086853 0.601751685142517 0.576117098331451 0.581870555877686 0.590077817440033 0.528725206851959 0.565307199954987 0.650322437286377 0.65411239862442 0.596796870231628 0.59587574005127 0.563422560691833 0.584653377532959 0.492779105901718 0.54017299413681 0.504909038543701 0.465565770864487 0.417146921157837 0.362279385328293 0.340150147676468 0.316917985677719 0.3154336810112 0.311390399932861 0.309792280197144 0.308021277189255 0.303621679544449 0.30011174082756 0.293097019195557 0.295153141021729
0.314142853021622 0.322767019271851 0.345900148153305 0.354099333286285 0.370721280574799 0.3598672747612 0.373168498277664 0.398433715105057 0.418517500162125 0.474036008119583 0.4845911860466 0.49716317653656 0.521151185035706 0.528183996677399 0.540921807289124 0.502129018306732 0.538937389850616 0.542225182056427 0.57152134180069 0.581995069980621 0.559282720088959 0.562717437744141 0.59299898147583 0.572747647762299 0.551724195480347 0.557771146297455 0.558436214923859 0.531278312206268 0.597008585929871 0.598318874835968 0.623068511486053 0.59491491317749 0.593834459781647 0.561468362808228 0.55365663766861 0.492353081703186 0.510483264923096 0.474383562803268 0.390580773353577 0.366048514842987 0.341169893741608 0.337156534194946 0.338618695735931 0.334007918834686 0.313481479883194 0.307572185993195 0.306991696357727 0.301883220672607 0.30045348405838 0.292428284883499 0.292492896318436
