data/climate_estimation/maxent_output/Smilax_biltmoreana.asc
NCOLS 95 
NROWS 60 
XLLCORNER -87.0833333333333 
YLLCORNER 31.25 
CELLSIZE 0.0833333333333334 
NODATA_value -3.4e+38 
[rows 20 to 39 of 60, columns 0 to 44 of 95]
0.138121008872986 0.134535938501358 0.130147978663445 0.129170417785645 0.132353201508522 0.133151739835739 0.133352160453796 0.121196135878563 0.119432054460049 0.127381637692451 0.135054126381874 0.126169070601463 0.134548529982567 0.157251790165901 0.15868179500103 0.161398842930794 0.178105339407921 0.185186997056007 0.192591518163681 0.185668185353279 0.169228687882423 0.169878274202347 0.177955791354179 0.17863829433918 0.173098191618919 0.168620720505714 0.186983913183212 0.189028114080429 0.230958312749863 0.250735580921173 0.269295901060104 0.300720125436783 0.368500471115112 0.372909247875214 0.338444113731384 0.33768430352211 0.33939528465271 0.34689337015152 0.65360027551651 0.702637195587158 0.70097553730011 0.738369107246399 0.736707866191864 0.737673282623291 0.725640594959259
0.13982130587101 0.140397533774376 0.141893684864044 0.135729134082794 0.134180560708046 0.145755529403687 0.1448854804039 0.137835651636124 0.122588701546192 0.123682081699371 0.120296992361546 0.127137199044228 0.148909121751785 0.151321962475777 0.15294474363327 0.154275879263878 0.155776858329773 0.186741918325424 0.180859014391899 0.153765290975571 0.155193015933037 0.154932081699371 0.155607908964157 0.154488936066628 0.152962133288383 0.169297233223915 0.172676235437393 0.169339179992676 0.192112758755684 0.221737205982208 0.270880937576294 0.284670144319534 0.294250667095184 0.317841500043869 0.282864987850189 0.297998905181885 0.300958037376404 0.328711122274399 0.32899397611618 0.370999813079834 0.692797958850861 0.734058737754822 0.716825783252716 0.706173181533813 0.652830243110657
0.141288682818413 0.141017630696297 0.161151766777039 0.168222948908806 0.143706247210503 0.142138585448265 0.141174972057343 0.143150061368942 0.119245074689388 0.115673035383224 0.122477672994137 0.125825092196465 0.126079052686691 0.146297335624695 0.144970774650574 0.148549407720566 0.161592245101929 0.162963390350342 0.14825613796711 0.149003475904465 0.150509059429169 0.157314836978912 0.149710670113564 0.147378608584404 0.152203321456909 0.15565288066864 0.172147408127785 0.170221656560898 0.173057869076729 0.215994879603386 0.232745081186295 0.236484602093697 0.241690933704376 0.257968842983246 0.545333623886108 0.563987374305725 0.576044619083405 0.577577590942383 0.316853940486908 0.316529512405396 0.34623447060585 0.337539464235306 0.316733777523041 0.652761816978455 0.644979238510132
0.17206035554409 0.170433700084686 0.167281433939934 0.171373188495636 0.153477743268013 0.14628791809082 0.144089907407761 0.123925223946571 0.115095347166061 0.12296312302351 0.121129766106606 0.123380117118359 0.122772559523582 0.12702414393425 0.124790914356709 0.152075573801994 0.135910123586655 0.133327692747116 0.136053085327148 0.149009332060814 0.155372619628906 0.152212724089622 0.145862206816673 0.148137986660004 0.153577670454979 0.153947129845619 0.15255469083786 0.165151685476303 0.178675547242165 0.222567930817604 0.222042515873909 0.224083691835403 0.51312130689621 0.526533782482147 0.533824920654297 0.549091935157776 0.561073124408722 0.599669992923737 0.297325104475021 0.294128090143204 0.317704617977142 0.320135980844498 0.312646567821503 0.307054877281189 0.293815225362778
0.157416254281998 0.174763306975365 0.176930621266365 0.154227882623672 0.150593489408493 0.144290268421173 0.126691117882729 0.121793136000633 0.123657546937466 0.123199433088303 0.121313780546188 0.121041968464851 0.120253145694733 0.109975144267082 0.126971885561943 0.127198949456215 0.115473285317421 0.128477647900581 0.130170613527298 0.132759436964989 0.134186938405037 0.149687811732292 0.153182253241539 0.15014411509037 0.149303436279297 0.148375317454338 0.143627136945724 0.164141371846199 0.170164838433266 0.173514872789383 0.184795781970024 0.450788944959641 0.499078869819641 0.516048669815063 0.525711715221405 0.533027052879333 0.537826716899872 0.599124372005463 0.600747346878052 0.28766855597496 0.281376600265503 0.312741696834564 0.301230877637863 0.29260066151619 0.293659746646881
0.15150611102581 0.149608448147774 0.152443498373032 0.150723293423653 0.145871713757515 0.143116697669029 0.129075035452843 0.124390669167042 0.122186861932278 0.120602257549763 0.122508458793163 0.120161928236485 0.107980981469154 0.109838761389256 0.111343502998352 0.111575454473495 0.114183619618416 0.119996964931488 0.131521567702293 0.137180656194687 0.141962975263596 0.155117511749268 0.161268383264542 0.156783238053322 0.150706812739372 0.144760221242905 0.14624996483326 0.15806071460247 0.160764276981354 0.166684508323669 0.430173367261887 0.474888950586319 0.485859841108322 0.500485718250275 0.517989099025726 0.52182948589325 0.528895378112793 0.585481822490692 0.586654901504517 0.587417840957642 0.634885311126709 0.627672612667084 0.284523576498032 0.271691083908081 0.270413517951965
0.149817794561386 0.148149535059929 0.147909864783287 0.13011471927166 0.125236541032791 0.131991609930992 0.126458272337914 0.127782046794891 0.124959141016006 0.121943533420563 0.121632985770702 0.102448247373104 0.100935064256191 0.104829251766205 0.0943539291620255 0.109020680189133 0.114584170281887 0.137274980545044 0.1401007771492 0.148695752024651 0.168643638491631 0.161644533276558 0.164781510829926 0.154992237687111 0.156481817364693 0.153661653399467 0.168405756354332 0.164529472589493 0.162581399083138 0.41065126657486 0.40933084487915 0.461659044027328 0.477886438369751 0.492773503065109 0.507096230983734 0.511082947254181 0.524580538272858 0.575858175754547 0.582583367824554 0.586731195449829 0.587675392627716 0.567694783210754 0.607779383659363 0.59424763917923 0.590572118759155
0.134485125541687 0.148144230246544 0.123581916093826 0.123186446726322 0.144105613231659 0.122042395174503 0.12427581846714 0.127140119671822 0.1293565928936 0.125921532511711 0.108147598803043 0.103489309549332 0.101486675441265 0.105179660022259 0.110246226191521 0.114551894366741 0.120463415980339 0.136626780033112 0.141502782702446 0.152992337942123 0.168593361973763 0.164811491966248 0.167387992143631 0.164616778492928 0.167214527726173 0.186605215072632 0.173944264650345 0.174700856208801 0.169509366154671 0.406768232584 0.445850402116776 0.410147160291672 0.459438860416412 0.474296510219574 0.493090748786926 0.500344395637512 0.507905960083008 0.561635851860046 0.571965456008911 0.568852305412292 0.569002866744995 0.575850486755371 0.556623578071594 0.550875186920166 0.529733657836914
0.127480760216713 0.123045466840267 0.123931095004082 0.121286377310753 0.119979530572891 0.123355634510517 0.125284597277641 0.129799753427505 0.13364851474762 0.110741727054119 0.106044203042984 0.102241814136505 0.104693830013275 0.107939384877682 0.109173178672791 0.131646871566772 0.137482464313507 0.148092105984688 0.15209649503231 0.157177463173866 0.18197076022625 0.18098247051239 0.177278339862823 0.195007786154747 0.197476506233215 0.190797239542007 0.176619097590446 0.172131717205048 0.164471536874771 0.15917544066906 0.399606943130493 0.402827769517899 0.444510132074356 0.461140483617783 0.475440382957458 0.491407752037048 0.540539503097534 0.501520276069641 0.555877387523651 0.558790326118469 0.559024214744568 0.553732752799988 0.545767843723297 0.534406960010529 0.518707692623138
0.125951319932938 0.126219883561134 0.121754840016365 0.119024455547333 0.119964241981506 0.12783545255661 0.131213814020157 0.131548896431923 0.125904619693756 0.109866850078106 0.108026303350925 0.108646079897881 0.10634433478117 0.107296846807003 0.111568801105022 0.129853948950768 0.142452344298363 0.153673470020294 0.162915676832199 0.177207738161087 0.180366635322571 0.176624402403831 0.183234110474586 0.201199367642403 0.195671409368515 0.190361216664314 0.180341973900795 0.17304989695549 0.167838022112846 0.153883874416351 0.151672199368477 0.390352219343185 0.43889582157135 0.450071722269058 0.459452033042908 0.4732745885849 0.478207141160965 0.495976686477661 0.50115579366684 0.502090394496918 0.551134765148163 0.536163866519928 0.494821757078171 0.52506411075592 0.520156800746918
0.123245224356651 0.121422991156578 0.118875809013844 0.118530884385109 0.117419756948948 0.140453770756721 0.146486684679985 0.1298808157444 0.126458033919334 0.111009873449802 0.110865160822868 0.10968067497015 0.111360974609852 0.111975617706776 0.1272823959589 0.139410182833672 0.150914490222931 0.156362220644951 0.163140207529068 0.164075747132301 0.180070355534554 0.183906778693199 0.186979293823242 0.205496937036514 0.200960382819176 0.189759850502014 0.181595727801323 0.158211901783943 0.169894814491272 0.156393006443977 0.14949531853199 0.392592817544937 0.425675094127655 0.440128058195114 0.446089833974838 0.46379679441452 0.473851323127747 0.473698526620865 0.489256501197815 0.483747452497482 0.491861641407013 0.481602966785431 0.484426230192184 0.470070570707321 0.466722339391708
0.120966657996178 0.120033279061317 0.129110470414162 0.12644051015377 0.134080573916435 0.139550492167473 0.127426773309708 0.128223598003387 0.132685571908951 0.115647308528423 0.112759932875633 0.116447694599628 0.129139795899391 0.11587430536747 0.133926630020142 0.137920528650284 0.128901794552803 0.157047718763351 0.1588254570961 0.160712882876396 0.187193930149078 0.191511362791061 0.18942865729332 0.185130387544632 0.176083087921143 0.192146435379982 0.181045100092888 0.152078405022621 0.147033348679543 0.159328892827034 0.39712792634964 0.387357145547867 0.386223375797272 0.391897410154343 0.447690635919571 0.450620025396347 0.457684814929962 0.46308907866478 0.43367674946785 0.475618630647659 0.480003476142883 0.473331421613693 0.471050232648849 0.42409336566925 0.423144727945328
0.138896837830544 0.133790194988251 0.142681628465652 0.137663990259171 0.135808318853378 0.136931881308556 0.129813253879547 0.131663158535957 0.135353818535805 0.118374302983284 0.117934487760067 0.120425030589104 0.118793025612831 0.119327254593372 0.123199850320816 0.14945176243782 0.155334666371346 0.14130200445652 0.163738220930099 0.173480167984962 0.167208671569824 0.187213242053986 0.187257528305054 0.182761073112488 0.18760721385479 0.175763621926308 0.167008087038994 0.154383137822151 0.152530014514923 0.167804956436157 0.404247015714645 0.398813247680664 0.39926290512085 0.4055455327034 0.404438525438309 0.412893146276474 0.422098517417908 0.422302663326263 0.426334291696548 0.429995059967041 0.430071204900742 0.424472451210022 0.423164218664169 0.42177140712738 0.423125594854355
0.142976805567741 0.135151267051697 0.143955186009407 0.148435816168785 0.147437915205956 0.138666361570358 0.132765591144562 0.13019697368145 0.116908013820648 0.121063321828842 0.126540049910545 0.128134444355965 0.12786328792572 0.126384407281876 0.134998172521591 0.166560679674149 0.141146466135979 0.146090149879456 0.171145811676979 0.168249472975731 0.168645933270454 0.171821489930153 0.169591978192329 0.186242923140526 0.177634879946709 0.169647112488747 0.161537900567055 0.157113015651703 0.156185045838356 0.415481626987457 0.413151443004608 0.408775359392166 0.40353462100029 0.411959499120712 0.411549687385559 0.410548835992813 0.414674311876297 0.419133901596069 0.41994372010231 0.420348256826401 0.424023121595383 0.417858988046646 0.416181713342667 0.379439651966095 0.412864595651627
0.143007189035416 0.140884667634964 0.155684784054756 0.135575398802757 0.139915391802788 0.143629714846611 0.128764316439629 0.134157657623291 0.124283321201801 0.126339584589005 0.13025338947773 0.131251722574234 0.136391013860703 0.158865243196487 0.166087731719017 0.150587663054466 0.147751182317734 0.146405845880508 0.144394516944885 0.148304387927055 0.171326339244843 0.173692062497139 0.171064481139183 0.165406450629234 0.151663228869438 0.150434255599976 0.168344333767891 0.165984809398651 0.156337559223175 0.392161548137665 0.383478611707687 0.380348443984985 0.37114092707634 0.377264618873596 0.408891260623932 0.413124531507492 0.376630216836929 0.379263490438461 0.37628972530365 0.378359436988831 0.376084059476852 0.374958217144012 0.374394237995148 0.359693765640259 0.369555056095123
0.146090999245644 0.141191944479942 0.137311890721321 0.14071050286293 0.143735140562057 0.131284773349762 0.130253881216049 0.120226666331291 0.126709923148155 0.126062393188477 0.132629737257957 0.141605392098427 0.165519222617149 0.167115435004234 0.152883514761925 0.150042429566383 0.147593468427658 0.145143151283264 0.150087460875511 0.149639517068863 0.168512910604477 0.1748166680336 0.162776440382004 0.136931002140045 0.150341346859932 0.15083684027195 0.147841051220894 0.150741472840309 0.163447618484497 0.393600761890411 0.390414923429489 0.38118788599968 0.383545130491257 0.375088006258011 0.370479494333267 0.372191578149796 0.375831484794617 0.379716724157333 0.370949745178223 0.374976754188538 0.37213471531868 0.362366616725922 0.358015716075897 0.346471309661865 0.353558123111725
0.128654986619949 0.132213741540909 0.13266296684742 0.133359208703041 0.127946123480797 0.132202610373497 0.117049917578697 0.120011329650879 0.130605041980743 0.134070098400116 0.135233730077744 0.141723737120628 0.164082884788513 0.147971451282501 0.146511778235435 0.146424680948257 0.144947677850723 0.142571330070496 0.144340515136719 0.148045927286148 0.148986041545868 0.140932857990265 0.142745435237885 0.136466175317764 0.137441128492355 0.135692805051804 0.147343814373016 0.150346487760544 0.371687740087509 0.372950404882431 0.396814852952957 0.393320888280869 0.386435568332672 0.382951855659485 0.380107760429382 0.338674426078796 0.32632640004158 0.330631852149963 0.322589725255966 0.321145921945572 0.326207727193832 0.357645273208618 0.347443521022797 0.338732153177261 0.334417939186096
0.12590628862381 0.12951871752739 0.11998837441206 0.11952793598175 0.120628178119659 0.121102102100849 0.118178710341454 0.121245518326759 0.126250684261322 0.136810153722763 0.141956984996796 0.143504351377487 0.144863203167915 0.146688461303711 0.142759993672371 0.147788926959038 0.145198583602905 0.12958362698555 0.124880164861679 0.126019060611725 0.127981960773468 0.123523272573948 0.124128758907318 0.122487872838974 0.1365976780653 0.134856358170509 0.133760914206505 0.152022331953049 0.380953967571259 0.373690396547318 0.3659608066082 0.359748393297195 0.383833885192871 0.38522469997406 0.348726779222488 0.326340407133102 0.318562030792236 0.306822657585144 0.314547330141068 0.315278679132462 0.317032337188721 0.315551549196243 0.298894256353378 0.33603698015213 0.329771548509598
0.125068962574005 0.116050608456135 0.116322472691536 0.121123768389225 0.119988203048706 0.115994930267334 0.115148633718491 0.121306993067265 0.128259748220444 0.131636038422585 0.142552122473717 0.139701753854752 0.143149301409721 0.141505837440491 0.140171632170677 0.145492181181908 0.126012429594994 0.126555174589157 0.122369542717934 0.121683798730373 0.120720118284225 0.119245931506157 0.118880838155746 0.118794456124306 0.119911693036556 0.130489826202393 0.134670794010162 0.135719552636147 0.350641071796417 0.373246431350708 0.371141314506531 0.357580572366714 0.35731440782547 0.34341087937355 0.330194681882858 0.326945036649704 0.307908922433853 0.3017897605896 0.274669349193573 0.26425176858902 0.297123074531555 0.299001604318619 0.301797568798065 0.294618964195251 0.289313107728958
0.123580612242222 0.124982342123985 0.115590952336788 0.119944550096989 0.115683771669865 0.109958991408348 0.112280212342739 0.118213579058647 0.126431584358215 0.129363030195236 0.134092479944229 0.139435425400734 0.143142685294151 0.137200325727463 0.121961198747158 0.122617810964584 0.120008155703545 0.118452303111553 0.119480848312378 0.118033558130264 0.123588696122169 0.11788497120142 0.11306806653738 0.113598324358463 0.116488456726074 0.115159876644611 0.115061737596989 0.343863248825073 0.35028287768364 0.336646020412445 0.361772119998932 0.363610237836838 0.353806376457214 0.328929960727692 0.322092950344086 0.310174852609634 0.29534786939621 0.261100351810455 0.259572148323059 0.247114509344101 0.250602006912231 0.276364117860794 0.281013667583466 0.281226575374603 0.280091196298599
