data/climate_estimation/maxent_output/Smilax_chapaensis.asc
NCOLS 177 
NROWS 114 
XLLCORNER 96.6666666666667 
YLLCORNER 21.75 
CELLSIZE 0.0833333333333333 
NODATA_value -3.4e+38 
[rows 80 to 99 of 114, columns 44 to 87 of 177]
0.481663256883621 0.255766302347183 0.215336158871651 0.654168128967285 0.427119612693787 0.198337569832802 0.338194578886032 0.418559461832047 0.721115112304688 0.447357594966888 0.136304527521133 0.121315807104111 0.16810530424118 0.176312744617462 0.101607747375965 0.151568308472633 0.126412212848663 0.253010213375092 0.215753763914108 0.165822625160217 0.113561920821667 0.166733413934708 0.131562814116478 0.543467462062836 0.573156893253326 0.580560326576233 0.503351330757141 0.604577660560608 0.605962991714478 0.672921717166901 0.399209409952164 0.4898442029953 0.457593500614166 0.427233189344406 0.540944278240204 0.609803676605225 0.591830670833588 0.547911107540131 0.489888042211533 0.525612533092499 0.49595108628273 0.568559169769287 0.764017879962921 0.648062169551849
0.359481751918793 0.336204320192337 0.231268346309662 0.511176407337189 0.712668061256409 0.276018887758255 0.224719062447548 0.270061492919922 0.53202486038208 0.748498141765594 0.462216794490814 0.129596337676048 0.0651547908782959 0.0897780954837799 0.16283106803894 0.0771213173866272 0.0975936204195023 0.0717009902000427 0.1485675573349 0.21707059442997 0.152049541473389 0.173792958259583 0.126166880130768 0.370629221200943 0.624265730381012 0.576809823513031 0.358538419008255 0.541642129421234 0.539918303489685 0.487959921360016 0.39682525396347 0.544493019580841 0.48274752497673 0.302737653255463 0.551785469055176 0.63916015625 0.487671613693237 0.389457732439041 0.44123512506485 0.55420994758606 0.507636070251465 0.747813284397125 0.734290540218353 0.456232398748398
0.65579891204834 0.363357841968536 0.366384446620941 0.494771927595139 0.770009756088257 0.624119400978088 0.217075854539871 0.280148833990097 0.299035906791687 0.552087187767029 0.810525715351105 0.464904427528381 0.115225553512573 0.0693986192345619 0.195748388767242 0.0564035438001156 0.0523946695029736 0.0616987980902195 0.31227645277977 0.136793300509453 0.160481587052345 0.313895404338837 0.199628278613091 0.551397919654846 0.488320916891098 0.271930813789368 0.134120464324951 0.407808572053909 0.38407963514328 0.386512279510498 0.485742062330246 0.639507532119751 0.513643026351929 0.19468691945076 0.594574332237244 0.639034748077393 0.402880042791367 0.358209818601608 0.519895434379578 0.580126762390137 0.497685521841049 0.716343641281128 0.461999535560608 0.353488028049469
0.621577322483063 0.457218110561371 0.349896132946014 0.408475577831268 0.517088055610657 0.609566450119019 0.251292318105698 0.208340585231781 0.252865582704544 0.194271430373192 0.657825469970703 0.822540521621704 0.223297536373138 0.0651630759239197 0.137068241834641 0.0770080536603928 0.0730411261320114 0.0375380329787731 0.157699882984161 0.0864989385008812 0.182027712464333 0.448421567678452 0.150317072868347 0.419786214828491 0.367553919553757 0.314468413591385 0.288101941347122 0.338916391134262 0.374961465597153 0.393542021512985 0.637398660182953 0.597647786140442 0.588424026966095 0.186871364712715 0.54816210269928 0.575558066368103 0.28743052482605 0.379019260406494 0.619320631027222 0.653631806373596 0.557908952236176 0.316114217042923 0.574102282524109 0.505218863487244
0.60841578245163 0.532426953315735 0.307822525501251 0.432413309812546 0.520070910453796 0.413740187883377 0.346410840749741 0.269851356744766 0.216823741793633 0.23610083758831 0.225624069571495 0.689869940280914 0.804608643054962 0.0640463307499886 0.0463235415518284 0.208142831921577 0.327769815921783 0.191239684820175 0.11139352619648 0.383315950632095 0.205805316567421 0.232131540775299 0.14729580283165 0.48259037733078 0.298915416002274 0.278681427240372 0.362830311059952 0.506808936595917 0.549324631690979 0.462397068738937 0.485146194696426 0.442005336284637 0.59285444021225 0.111871629953384 0.50011420249939 0.507157325744629 0.30790051817894 0.332105338573456 0.606951415538788 0.523155450820923 0.373796343803406 0.550930798053741 0.766639709472656 0.586026906967163
0.546844959259033 0.506366372108459 0.493679642677307 0.58957976102829 0.555844724178314 0.367772608995438 0.398418962955475 0.30913433432579 0.16477806866169 0.326639026403427 0.151106774806976 0.48656365275383 0.817091226577759 0.439720273017883 0.0382414013147354 0.0921553298830986 0.213524833321571 0.292790770530701 0.402748495340347 0.557947814464569 0.170160934329033 0.128864854574203 0.145270735025406 0.414091855287552 0.366732895374298 0.279783815145493 0.35280653834343 0.58163720369339 0.440945893526077 0.476911574602127 0.633044838905334 0.483435958623886 0.463979959487915 0.139254495501518 0.546264410018921 0.396309018135071 0.207162111997604 0.214178740978241 0.317438542842865 0.357036173343658 0.498326510190964 0.757501661777496 0.776498258113861 0.552619278430939
0.462874203920364 0.413772284984589 0.495236456394196 0.644280612468719 0.513223111629486 0.223362058401108 0.437130331993103 0.600930511951447 0.319430261850357 0.239631459116936 0.168190509080887 0.197543755173683 0.604964017868042 0.812804877758026 0.186245679855347 0.045503243803978 0.135837033390999 0.194889590144157 0.315693080425262 0.280933618545532 0.271172195672989 0.119978167116642 0.0930099040269852 0.346115052700043 0.543591201305389 0.57760363817215 0.453008025884628 0.385095357894897 0.494555413722992 0.520313441753387 0.457247972488403 0.300773710012436 0.223491191864014 0.150854170322418 0.400981843471527 0.529505670070648 0.193115383386612 0.182909816503525 0.277223289012909 0.283794194459915 0.690412998199463 0.813913822174072 0.850032210350037 0.809800684452057
0.522976577281952 0.473126739263535 0.501499056816101 0.63556033372879 0.544031500816345 0.272827863693237 0.391395598649979 0.632345020771027 0.428402930498123 0.23264142870903 0.431921601295471 0.174424454569817 0.26177978515625 0.689079165458679 0.709280431270599 0.0825949907302856 0.0405222289264202 0.116396687924862 0.272958934307098 0.693319439888 0.703983426094055 0.175864309072495 0.397624045610428 0.28012889623642 0.748135924339294 0.819354832172394 0.637107968330383 0.443596720695496 0.2712562084198 0.157381504774094 0.198963403701782 0.553418815135956 0.462414920330048 0.144345849752426 0.166882231831551 0.256936639547348 0.0792102515697479 0.195887371897697 0.195959270000458 0.24615453183651 0.490248769521713 0.574074029922485 0.800472736358643 0.822647988796234
0.467683225870132 0.426575034856796 0.578617215156555 0.571418166160583 0.65795910358429 0.385033696889877 0.386904925107956 0.610792875289917 0.690710186958313 0.311680972576141 0.621368288993835 0.427711129188538 0.196920558810234 0.387949347496033 0.651726305484772 0.663545489311218 0.0396844558417797 0.0485855862498283 0.0824575200676918 0.23184460401535 0.355909287929535 0.156154304742813 0.340092688798904 0.340307921171188 0.377110242843628 0.630832433700562 0.636768996715546 0.546824634075165 0.446111798286438 0.381725788116455 0.475506782531738 0.565978169441223 0.245464384555817 0.165175899863243 0.231944516301155 0.219905227422714 0.120733425021172 0.117727912962437 0.186835423111916 0.280163526535034 0.433191955089569 0.451594769954681 0.545815944671631 0.640299260616302
0.583271265029907 0.505499184131622 0.561218559741974 0.549371063709259 0.653996825218201 0.453128755092621 0.486055225133896 0.623262405395508 0.68684321641922 0.360092461109161 0.591871082782745 0.398920029401779 0.181474730372429 0.225448563694954 0.607350945472717 0.727159917354584 0.23043467104435 0.0300710927695036 0.111458122730255 0.234611466526985 0.31746444106102 0.156273186206818 0.261959254741669 0.586117684841156 0.415610671043396 0.424409955739975 0.539997816085815 0.583095669746399 0.484924972057343 0.541154146194458 0.471190840005875 0.234769657254219 0.374604821205139 0.281601786613464 0.0928922295570374 0.136687770485878 0.420991569757462 0.423262774944305 0.508222699165344 0.332401424646378 0.406897395849228 0.450078278779984 0.445220619440079 0.530563175678253
0.498063653707504 0.459489196538925 0.544664204120636 0.554532110691071 0.665310621261597 0.49461030960083 0.543666660785675 0.652769863605499 0.672016441822052 0.476970016956329 0.571133077144623 0.623181223869324 0.26207223534584 0.219735667109489 0.557231247425079 0.693970143795013 0.697098076343536 0.166659727692604 0.0467781983315945 0.0755471289157867 0.248021245002747 0.749819457530975 0.287762463092804 0.622588217258453 0.649634718894958 0.447129428386688 0.538110613822937 0.658694803714752 0.496074825525284 0.327555418014526 0.135931819677353 0.213103890419006 0.427382409572601 0.670901477336884 0.162860497832298 0.0861294940114021 0.865651071071625 0.912732243537903 0.897728145122528 0.697394192218781 0.570772469043732 0.426545202732086 0.447347968816757 0.464905738830566
0.495396018028259 0.463044613599777 0.580597400665283 0.60986739397049 0.547176897525787 0.567893028259277 0.620051860809326 0.684920966625214 0.666737854480743 0.562721610069275 0.543278098106384 0.633170306682587 0.506297469139099 0.37357497215271 0.398546606302261 0.657367825508118 0.697004199028015 0.613620519638062 0.156189650297165 0.026697039604187 0.108448393642902 0.683756470680237 0.669178605079651 0.344452321529388 0.629743933677673 0.560379445552826 0.456708043813705 0.489002466201782 0.491630792617798 0.206535965204239 0.21204648911953 0.379238784313202 0.241112992167473 0.257881909608841 0.197328567504883 0.0972334966063499 0.370203733444214 0.915035784244537 0.928775608539581 0.927387714385986 0.661228060722351 0.57632315158844 0.507589757442474 0.529187738895416
0.516814887523651 0.529882252216339 0.562685787677765 0.588979065418243 0.43973034620285 0.577398717403412 0.63797128200531 0.644102811813354 0.673360705375671 0.582601726055145 0.513921976089478 0.58869993686676 0.619997441768646 0.399223506450653 0.385347098112106 0.525083959102631 0.659076631069183 0.650617957115173 0.577012062072754 0.244836986064911 0.0466240160167217 0.144784107804298 0.547231316566467 0.642641723155975 0.50198358297348 0.710854828357697 0.607053756713867 0.723934233188629 0.54475736618042 0.423413693904877 0.651227533817291 0.82788360118866 0.830940008163452 0.247098982334137 0.109997726976871 0.125352561473846 0.120376825332642 0.906376779079437 0.917999267578125 0.938605725765228 0.92933577299118 0.838883340358734 0.642151832580566 0.559247136116028
0.494650065898895 0.580863118171692 0.5526162981987 0.534263372421265 0.473952502012253 0.584230780601501 0.602741777896881 0.600938439369202 0.66694575548172 0.65309351682663 0.587650835514069 0.545211434364319 0.61100447177887 0.420629590749741 0.579765558242798 0.570262253284454 0.58206969499588 0.608283460140228 0.602321743965149 0.624703884124756 0.737643420696259 0.2386354804039 0.157013088464737 0.42928022146225 0.705106794834137 0.787919282913208 0.797454595565796 0.80465030670166 0.801900565624237 0.715828716754913 0.831158578395844 0.845457136631012 0.857590138912201 0.725519478321075 0.314062088727951 0.101359151303768 0.119204461574554 0.897401750087738 0.920137226581573 0.930172562599182 0.935762345790863 0.943802833557129 0.941527843475342 0.903724789619446
0.489194989204407 0.545016825199127 0.481083691120148 0.542560636997223 0.597631454467773 0.62209415435791 0.529323399066925 0.545030534267426 0.629069328308105 0.633240282535553 0.581493437290192 0.539584577083588 0.5918949842453 0.505052208900452 0.552223801612854 0.573660433292389 0.572816371917725 0.587612211704254 0.726690888404846 0.742711126804352 0.745848894119263 0.717422842979431 0.672524392604828 0.252458661794662 0.226624846458435 0.235048398375511 0.609431505203247 0.737842857837677 0.795815110206604 0.74865448474884 0.795609593391418 0.388024628162384 0.84705913066864 0.849807322025299 0.862112164497375 0.253060340881348 0.117631129920483 0.630536913871765 0.906857252120972 0.925801992416382 0.930567979812622 0.935871779918671 0.936840534210205 0.939628481864929
0.50328004360199 0.525926470756531 0.475486069917679 0.532333493232727 0.611434996128082 0.563871920108795 0.503468036651611 0.515225648880005 0.585220575332642 0.586323976516724 0.536875188350677 0.526118993759155 0.563991129398346 0.541930079460144 0.469712227582932 0.537653386592865 0.520743131637573 0.535550892353058 0.570653319358826 0.702548444271088 0.731068015098572 0.722220301628113 0.737213373184204 0.742662906646729 0.662892043590546 0.524203181266785 0.205976128578186 0.20890200138092 0.260058254003525 0.14158621430397 0.354543507099152 0.371119856834412 0.756323873996735 0.845664858818054 0.86233252286911 0.856324851512909 0.700869858264923 0.860345542430878 0.906785547733307 0.914849758148193 0.920847952365875 0.934610307216644 0.942501604557037 0.950252950191498
0.507797837257385 0.553278863430023 0.51857990026474 0.49278536438942 0.558039426803589 0.521991431713104 0.481907814741135 0.504321098327637 0.552200675010681 0.579836368560791 0.559346258640289 0.512757241725922 0.512194991111755 0.581027507781982 0.535063207149506 0.494545459747314 0.511822164058685 0.517914891242981 0.485420525074005 0.68486762046814 0.700263202190399 0.71220988035202 0.719621419906616 0.727702975273132 0.711025834083557 0.729854762554169 0.728365361690521 0.734979450702667 0.554297566413879 0.289697349071503 0.138177067041397 0.176525935530663 0.731461405754089 0.828415036201477 0.849602341651917 0.85010552406311 0.860517024993896 0.887967467308044 0.898951172828674 0.913862824440002 0.913089752197266 0.92593252658844 0.935620725154877 0.944748282432556
0.502164244651794 0.543842077255249 0.457771688699722 0.520516037940979 0.477126479148865 0.44511890411377 0.494744598865509 0.561527490615845 0.54892098903656 0.573765754699707 0.567136228084564 0.50097244977951 0.494056582450867 0.510428249835968 0.542281329631805 0.465409308671951 0.451404362916946 0.473139017820358 0.463481813669205 0.601022005081177 0.654426157474518 0.661306798458099 0.693939507007599 0.684759557247162 0.655884802341461 0.656407415866852 0.663721263408661 0.709692418575287 0.693037331104279 0.742932975292206 0.612554490566254 0.5829958319664 0.307793736457825 0.535905838012695 0.548098802566528 0.663972616195679 0.819501757621765 0.868598222732544 0.886330306529999 0.894631087779999 0.842808067798615 0.923023760318756 0.930782675743103 0.931075513362885
0.487133949995041 0.533549904823303 0.486554443836212 0.462068229913712 0.444546580314636 0.510900020599365 0.551356077194214 0.578732430934906 0.529210090637207 0.565968334674835 0.561354339122772 0.557934463024139 0.515224456787109 0.504640936851501 0.493374049663544 0.539387345314026 0.463669508695602 0.424112647771835 0.495007812976837 0.625139951705933 0.5811527967453 0.61991947889328 0.616950154304504 0.654427170753479 0.685199916362762 0.686264395713806 0.626048505306244 0.612805843353271 0.604689538478851 0.724233746528625 0.785520374774933 0.79575514793396 0.710827708244324 0.611033201217651 0.566894471645355 0.505815446376801 0.605437219142914 0.73240464925766 0.880544483661652 0.890045344829559 0.857099175453186 0.882515788078308 0.918281853199005 0.886653244495392
0.456695318222046 0.509100794792175 0.498108416795731 0.490240901708603 0.496834069490433 0.494932889938354 0.510347425937653 0.531523406505585 0.518840670585632 0.55907678604126 0.544794499874115 0.553084075450897 0.546843588352203 0.449800252914429 0.501430332660675 0.471330434083939 0.423426002264023 0.463995158672333 0.474426597356796 0.569609224796295 0.612584590911865 0.617049515247345 0.645876407623291 0.646567583084106 0.641223728656769 0.665937960147858 0.658827304840088 0.610287427902222 0.633114874362946 0.550148367881775 0.717956781387329 0.774257659912109 0.785069346427917 0.788531720638275 0.739010393619537 0.652694046497345 0.63211715221405 0.538112938404083 0.706220269203186 0.846331834793091 0.859539330005646 0.75138920545578 0.823467135429382 0.870467185974121
