data/climate_estimation/maxent_output/Smilax_aberrans.asc
NCOLS 151 
NROWS 96 
XLLCORNER 101.916666666667 
YLLCORNER 22.0833333333333 
CELLSIZE 0.0833333333333333 
NODATA_value -3.4e+38 
[rows 60 to 79 of 96, columns 0 to 43 of 151]
0.0655620768666267 0.171408236026764 0.180218756198883 0.453927993774414 0.307588309049606 0.404318332672119 0.527657091617584 0.533315002918243 0.455775111913681 0.415632963180542 0.465867310762405 0.513038337230682 0.612032532691956 0.588580787181854 0.51121199131012 0.338634729385376 0.381304740905762 0.430018723011017 0.481552630662918 0.439312398433685 0.414023607969284 0.422055602073669 0.548287868499756 0.599173009395599 0.517875850200653 0.54566091299057 0.613755166530609 0.643307983875275 0.68229478597641 0.781405627727509 0.829840421676636 0.89168643951416 0.932540595531464 0.954045951366425 0.97072446346283 0.985612392425537 0.98735386133194 0.996951997280121 0.99826318025589 0.998706638813019 0.997929573059082 0.998157382011414 0.998893141746521 0.998971581459045
0.0424816459417343 0.0656315311789513 0.241250082850456 0.279280096292496 0.295845657587051 0.347434610128403 0.357177883386612 0.421043157577515 0.445596635341644 0.400324255228043 0.446225374937057 0.525086641311646 0.555990219116211 0.47175121307373 0.428622871637344 0.340138524770737 0.427152454853058 0.459523141384125 0.436274439096451 0.427996695041656 0.447064578533173 0.441978991031647 0.572673976421356 0.563434779644012 0.550067543983459 0.570262849330902 0.564549803733826 0.623050808906555 0.668572306632996 0.725288033485413 0.787546694278717 0.851368546485901 0.893495082855225 0.930288314819336 0.951576828956604 0.975212395191193 0.980821907520294 0.985021531581879 0.991015374660492 0.99169135093689 0.970370471477509 0.950275540351868 0.992155194282532 0.997458100318909
0.0777845159173012 0.104171827435493 0.328226000070572 0.254641622304916 0.360579907894135 0.376407891511917 0.330287247896194 0.355084419250488 0.435499995946884 0.397293567657471 0.426829248666763 0.529357492923737 0.526861369609833 0.523933470249176 0.415937900543213 0.44374743103981 0.466751247644424 0.458432048559189 0.473812460899353 0.489417999982834 0.540322721004486 0.543364882469177 0.578342139720917 0.562287390232086 0.550540864467621 0.53771448135376 0.55200207233429 0.598821341991425 0.598737895488739 0.678792834281921 0.74005264043808 0.815627872943878 0.857006311416626 0.898966073989868 0.940452992916107 0.961109817028046 0.963254451751709 0.953036904335022 0.989162445068359 0.996129035949707 0.994926869869232 0.988799095153809 0.892969787120819 0.948859095573425
0.18107183277607 0.27155014872551 0.355559378862381 0.265281289815903 0.373985379934311 0.430270105600357 0.431014150381088 0.423014044761658 0.381850481033325 0.381386399269104 0.440026074647903 0.60872757434845 0.609162747859955 0.558218121528625 0.350852847099304 0.476275026798248 0.396640092134476 0.463171124458313 0.502610325813293 0.547293066978455 0.593852996826172 0.549927651882172 0.513774394989014 0.532999098300934 0.530028164386749 0.535036623477936 0.582511782646179 0.629640936851501 0.547127544879913 0.627164721488953 0.669291794300079 0.708610534667969 0.798212170600891 0.868615388870239 0.892671465873718 0.901118218898773 0.912261307239532 0.94487851858139 0.982760429382324 0.99255633354187 0.984653294086456 0.947044193744659 0.921759366989136 0.813678741455078
0.114149533212185 0.440099358558655 0.273079186677933 0.0979503840208054 0.388810724020004 0.35322892665863 0.438385218381882 0.457126140594482 0.35063311457634 0.388609349727631 0.489652097225189 0.534822165966034 0.50032502412796 0.444357186555862 0.510879933834076 0.417004346847534 0.408141076564789 0.48307740688324 0.532832086086273 0.543037593364716 0.576172113418579 0.483767658472061 0.492325723171234 0.502245783805847 0.53674978017807 0.599028944969177 0.658440113067627 0.608476161956787 0.549169182777405 0.589320719242096 0.576888918876648 0.599518597126007 0.69680380821228 0.759391009807587 0.803281605243683 0.847724795341492 0.924833297729492 0.950983047485352 0.978457748889923 0.992489576339722 0.99667102098465 0.992348551750183 0.952862441539764 0.959886848926544
0.188920229673386 0.437026709318161 0.377755463123322 0.108655363321304 0.369812399148941 0.354394346475601 0.524217426776886 0.447739809751511 0.400566846132278 0.45149365067482 0.488708019256592 0.326470077037811 0.403410673141479 0.425473839044571 0.445731043815613 0.398191124200821 0.458413928747177 0.478558123111725 0.533027708530426 0.527872860431671 0.489545583724976 0.474425554275513 0.46394082903862 0.516460001468658 0.547748565673828 0.574624359607697 0.67904931306839 0.540159523487091 0.40629056096077 0.44525882601738 0.494480222463608 0.578422963619232 0.604426860809326 0.67217093706131 0.75800895690918 0.838475167751312 0.898172736167908 0.939550697803497 0.971209347248077 0.986922800540924 0.996603727340698 0.994267284870148 0.990874767303467 0.99198967218399
0.121365517377853 0.0725247338414192 0.120765253901482 0.097196064889431 0.445757150650024 0.49401792883873 0.498943507671356 0.412066549062729 0.515937328338623 0.517939925193787 0.572681248188019 0.312413692474365 0.377713412046432 0.351709306240082 0.293205559253693 0.416847944259644 0.494694501161575 0.482299417257309 0.447016328573227 0.405413925647736 0.454305201768875 0.43360424041748 0.505620121955872 0.662759721279144 0.561096131801605 0.478052258491516 0.474898606538773 0.334321409463882 0.353964030742645 0.400722950696945 0.472787082195282 0.500858664512634 0.572908043861389 0.615060746669769 0.701899528503418 0.787367582321167 0.838140904903412 0.894207358360291 0.951653957366943 0.97963559627533 0.992524921894073 0.994069278240204 0.986759006977081 0.988412082195282
0.157543659210205 0.109679892659187 0.125598579645157 0.0930802449584007 0.317717403173447 0.539054274559021 0.498984187841415 0.305957168340683 0.470136374235153 0.465849250555038 0.403072118759155 0.309864372014999 0.44365268945694 0.372138231992722 0.200153112411499 0.448908179998398 0.514825820922852 0.377513319253922 0.268142729997635 0.367386817932129 0.477721005678177 0.43259060382843 0.627009689807892 0.634688019752502 0.365278482437134 0.291731983423233 0.248078852891922 0.294717013835907 0.332212299108505 0.394829541444778 0.453603178262711 0.473876267671585 0.516729354858398 0.579925060272217 0.620796501636505 0.698017656803131 0.763852953910828 0.847114086151123 0.864636600017548 0.919058859348297 0.983226358890533 0.989998996257782 0.975791871547699 0.804127335548401
0.0963501110672951 0.114663317799568 0.240854799747467 0.15589502453804 0.482554048299789 0.430606573820114 0.236859440803528 0.0969804003834724 0.341500580310822 0.323523908853531 0.303432166576385 0.395299583673477 0.517426133155823 0.392866492271423 0.146869018673897 0.48141822218895 0.512642621994019 0.276694297790527 0.245886787772179 0.423321038484573 0.496634662151337 0.424560189247131 0.629144549369812 0.366913676261902 0.248315840959549 0.279583036899567 0.274035573005676 0.348172843456268 0.359270244836807 0.486697345972061 0.430301696062088 0.427334994077682 0.534322202205658 0.574255704879761 0.605668187141418 0.657816112041473 0.718236863613129 0.808457016944885 0.881439328193665 0.910116791725159 0.833950281143188 0.885139644145966 0.843715369701385 0.730292737483978
0.0523742102086544 0.138670802116394 0.398107588291168 0.106223851442337 0.372870683670044 0.311941236257553 0.270066142082214 0.247041538357735 0.290353238582611 0.313776582479477 0.30635592341423 0.543552875518799 0.485612571239471 0.448776721954346 0.139311984181404 0.418431222438812 0.436527073383331 0.192704975605011 0.259125888347626 0.498242795467377 0.551460683345795 0.441461205482483 0.204111635684967 0.479030042886734 0.413837671279907 0.285635054111481 0.324177026748657 0.432213962078094 0.419546663761139 0.478930652141571 0.462333828210831 0.406182676553726 0.480380177497864 0.631339967250824 0.561292588710785 0.620766162872314 0.691537797451019 0.750544965267181 0.836672902107239 0.870404660701752 0.874045610427856 0.785080850124359 0.760260105133057 0.664586663246155
0.303462237119675 0.153340175747871 0.175195798277855 0.103968933224678 0.425106167793274 0.25598731637001 0.240168839693069 0.3039630651474 0.440842837095261 0.451215416193008 0.381104350090027 0.369716614484787 0.336320281028748 0.450751632452011 0.0961265936493874 0.344188660383224 0.345298916101456 0.203586891293526 0.219449907541275 0.489414989948273 0.396141856908798 0.24151848256588 0.421442180871964 0.666774570941925 0.477431416511536 0.330808132886887 0.357213050127029 0.398741841316223 0.452964603900909 0.420099377632141 0.361058264970779 0.370380282402039 0.513604402542114 0.658212840557098 0.643885970115662 0.623053312301636 0.728905618190765 0.692431092262268 0.773001134395599 0.830972790718079 0.831670165061951 0.895959675312042 0.92957729101181 0.851114809513092
0.480776876211166 0.124718345701694 0.088572770357132 0.0994813442230225 0.365724742412567 0.307797521352768 0.222764328122139 0.300117313861847 0.500381648540497 0.36446088552475 0.390919059514999 0.511189818382263 0.368429630994797 0.318456292152405 0.119171693921089 0.413941860198975 0.258381098508835 0.15534046292305 0.15864197909832 0.207445457577705 0.236057549715042 0.372141897678375 0.632443726062775 0.675826251506805 0.436750650405884 0.330136477947235 0.308119624853134 0.36437401175499 0.410598635673523 0.416991621255875 0.417524009943008 0.360080748796463 0.413539916276932 0.582323968410492 0.633834183216095 0.590567171573639 0.662398636341095 0.692625641822815 0.761634707450867 0.827782571315765 0.884625256061554 0.783150494098663 0.829403936862946 0.753332436084747
0.203377887606621 0.209536105394363 0.0787921920418739 0.0533813945949078 0.285439759492874 0.469570428133011 0.497739464044571 0.372101545333862 0.298471570014954 0.376540005207062 0.394801944494247 0.312301129102707 0.198156327009201 0.167181253433228 0.126795217394829 0.259011417627335 0.358261942863464 0.143777951598167 0.136779800057411 0.181724354624748 0.183850720524788 0.545893132686615 0.709044992923737 0.742255330085754 0.70584100484848 0.635164141654968 0.434091180562973 0.351644188165665 0.397042512893677 0.437726587057114 0.454883009195328 0.406055301427841 0.499283701181412 0.558803915977478 0.537243843078613 0.545910120010376 0.564825713634491 0.596928417682648 0.777000427246094 0.862379133701324 0.872039020061493 0.89231950044632 0.797926306724548 0.833678781986237
0.588853240013123 0.625364720821381 0.114306658506393 0.32255282998085 0.212405815720558 0.666492700576782 0.729249119758606 0.539648532867432 0.33646234869957 0.177178353071213 0.118521995842457 0.148728847503662 0.419314324855804 0.314677715301514 0.122720450162888 0.140333905816078 0.189343258738518 0.0782267823815346 0.145277991890907 0.146838203072548 0.161244004964828 0.364569336175919 0.449395388364792 0.659128487110138 0.709263503551483 0.691344261169434 0.505832195281982 0.40118670463562 0.456674873828888 0.416061371564865 0.437238603830338 0.50588983297348 0.525210082530975 0.511308193206787 0.536526918411255 0.558385729789734 0.548413038253784 0.664423525333405 0.741457283496857 0.847699105739594 0.889551162719727 0.818972408771515 0.846590459346771 0.879278123378754
0.157752811908722 0.264992117881775 0.100048139691353 0.271124184131622 0.255008816719055 0.282830417156219 0.529796838760376 0.539662480354309 0.438158810138702 0.298664748668671 0.25934824347496 0.321694374084473 0.426393926143646 0.180903822183609 0.139299958944321 0.171832919120789 0.162716075778008 0.103888660669327 0.100485734641552 0.136896416544914 0.178341507911682 0.283305794000626 0.288468331098557 0.411952048540115 0.483391791582108 0.535302042961121 0.488446265459061 0.454363584518433 0.440482556819916 0.426670074462891 0.466019868850708 0.535768508911133 0.670175075531006 0.653611719608307 0.624856889247894 0.679663062095642 0.699297547340393 0.721543848514557 0.781318545341492 0.82369202375412 0.877196311950684 0.921772718429565 0.843624651432037 0.947687089443207
0.170417323708534 0.232690468430519 0.0981822609901428 0.193988397717476 0.487304031848907 0.327811419963837 0.316917240619659 0.430011749267578 0.465974420309067 0.36360689997673 0.405757814645767 0.31599023938179 0.172471761703491 0.242133438587189 0.202084481716156 0.0911125987768173 0.115869723260403 0.270660579204559 0.271978408098221 0.33786353468895 0.210064008831978 0.25903782248497 0.274790346622467 0.305717706680298 0.362485766410828 0.44601970911026 0.527626574039459 0.475355207920074 0.472547143697739 0.498043924570084 0.546661972999573 0.595859110355377 0.706123232841492 0.764982640743256 0.796510815620422 0.910064160823822 0.906732380390167 0.919421434402466 0.858253061771393 0.882514595985413 0.918153047561646 0.949161469936371 0.95492959022522 0.964438438415527
0.0428343079984188 0.17646050453186 0.668256819248199 0.208208069205284 0.515430331230164 0.540542840957642 0.330511868000031 0.396444350481033 0.519616365432739 0.328921884298325 0.208832636475563 0.114756859838963 0.155959978699684 0.274780631065369 0.456704825162888 0.137349203228951 0.0851556211709976 0.683524012565613 0.842286169528961 0.741293430328369 0.523163139820099 0.369177758693695 0.259373754262924 0.3050177693367 0.308159828186035 0.381783068180084 0.427015006542206 0.449487745761871 0.517390668392181 0.540644645690918 0.560715734958649 0.671957790851593 0.64335024356842 0.679236948490143 0.756029725074768 0.915485262870789 0.933283150196075 0.930614709854126 0.963198840618134 0.973068535327911 0.96760481595993 0.964295625686646 0.964579820632935 0.953149676322937
0.0122405793517828 0.0619167946279049 0.583441853523254 0.549773037433624 0.244706273078918 0.488333612680435 0.404721021652222 0.294301956892014 0.318123668432236 0.321453839540482 0.146540015935898 0.15400119125843 0.243086725473404 0.17375423014164 0.186691626906395 0.145156636834145 0.0843248590826988 0.235263705253601 0.834842383861542 0.816044747829437 0.820333182811737 0.430166751146317 0.359776079654694 0.352910608053207 0.357039749622345 0.339043587446213 0.454132407903671 0.553827106952667 0.643645048141479 0.605033934116364 0.697048783302307 0.80348664522171 0.824325084686279 0.688054382801056 0.729685604572296 0.823080658912659 0.881354570388794 0.903234004974365 0.970144748687744 0.972235202789307 0.972660005092621 0.966653048992157 0.967774212360382 0.955921173095703
0.165789946913719 0.0222350303083658 0.0946734696626663 0.435509592294693 0.519486308097839 0.379702150821686 0.550723850727081 0.441384047269821 0.571647465229034 0.355880826711655 0.262910276651382 0.433024525642395 0.725976824760437 0.674442172050476 0.177577704191208 0.0937280356884003 0.0945913717150688 0.0900812074542046 0.802678823471069 0.814609825611115 0.824102163314819 0.827005743980408 0.635747790336609 0.446207523345947 0.374688684940338 0.345168977975845 0.482863187789917 0.68782514333725 0.7466921210289 0.650794565677643 0.738794088363647 0.741270899772644 0.772706031799316 0.878396451473236 0.827505767345428 0.836819291114807 0.879021942615509 0.903598308563232 0.941770553588867 0.960092902183533 0.960903346538544 0.966828048229218 0.958118498325348 0.95646995306015
0.531530320644379 0.692616939544678 0.166580528020859 0.0997477695345879 0.316505640745163 0.596104204654694 0.713270246982574 0.741449415683746 0.731425642967224 0.712163031101227 0.531000792980194 0.731235504150391 0.745558500289917 0.747772514820099 0.492859542369843 0.199386820197105 0.0735063478350639 0.0725335851311684 0.7839435338974 0.791605949401855 0.800868928432465 0.823425650596619 0.844064295291901 0.862674474716187 0.736125528812408 0.507353603839874 0.417515069246292 0.638965785503387 0.761380255222321 0.767000615596771 0.692053437232971 0.765991508960724 0.84461373090744 0.907104134559631 0.924686074256897 0.930452108383179 0.936401724815369 0.93256539106369 0.934328258037567 0.930657029151917 0.928890109062195 0.950663864612579 0.948218047618866 0.947835803031921
