data/climate_estimation/maxent_output/Smilax_bracteata.asc
NCOLS 406 
NROWS 256 
XLLCORNER 98.4166666666667 
YLLCORNER 10.9166666666667 
CELLSIZE 0.0833333333333334 
NODATA_value -3.4e+38 
[rows 96 to 119 of 256, columns 0 to 53 of 406]
0.427706778049469 0.426129937171936 0.386492967605591 0.383690714836121 0.423289120197296 0.463442385196686 0.471895128488541 0.47155350446701 0.465374559164047 0.443084686994553 0.409749150276184 0.527389705181122 0.532350778579712 0.399283200502396 0.246686369180679 0.21878419816494 0.211992010474205 0.177951112389565 0.154747933149338 0.129203900694847 0.132923111319542 0.1268440335989 0.2001833319664 0.132473930716515 0.110865764319897 0.0760712921619415 0.0971164852380753 0.113179497420788 0.086895227432251 0.0978499501943588 0.0487720854580402 0.0571519508957863 0.0572248660027981 0.0557823516428471 0.213682472705841 0.250018924474716 0.0157891660928726 0.0106721399351954 0.0460480824112892 0.0684817209839821 0.0402582958340645 0.02113520167768 0.0855429694056511 0.0390090569853783 0.0406375601887703 0.0237241834402084 0.0707085430622101 0.0333871282637119 0.0294772200286388 0.0401164069771767 0.0714615881443024 0.0678545013070107 0.0506412088871002 0.047449566423893
0.410310477018356 0.451502978801727 0.447750508785248 0.446135818958282 0.442135572433472 0.434029221534729 0.419438719749451 0.42596024274826 0.414942264556885 0.42931455373764 0.40733477473259 0.533636748790741 0.487725436687469 0.37223818898201 0.261899560689926 0.304025173187256 0.282856643199921 0.247818976640701 0.21412268280983 0.168035462498665 0.171422779560089 0.185478985309601 0.176145523786545 0.134237691760063 0.134733885526657 0.126958295702934 0.148377418518066 0.180603295564651 0.0890147238969803 0.125110685825348 0.0879918858408928 0.0496003814041615 0.0865768417716026 0.0436127185821533 0.13209693133831 0.349886208772659 0.122970253229141 0.00897155329585075 0.0238706767559052 0.0496596954762936 0.0662606507539749 0.098962277173996 0.109639108181 0.0351896062493324 0.0241982955485582 0.025707371532917 0.0635638982057571 0.0472305119037628 0.0282512232661247 0.0415451340377331 0.0922374427318573 0.0517302192747593 0.0580220632255077 0.089354507625103
0.427350848913193 0.426248282194138 0.407101631164551 0.394368350505829 0.390530973672867 0.436044692993164 0.442120581865311 0.422850757837296 0.436089843511581 0.420379817485809 0.43336147069931 0.475890606641769 0.475243449211121 0.374444186687469 0.319856345653534 0.381912916898727 0.401163697242737 0.307098180055618 0.250782996416092 0.220363110303879 0.217684701085091 0.314021974802017 0.231711700558662 0.148047149181366 0.131198808550835 0.146227717399597 0.239823073148727 0.187959760427475 0.0925287157297134 0.154749497771263 0.215333476662636 0.0966756716370583 0.0749265551567078 0.0524667166173458 0.0586995407938957 0.205895274877548 0.377791941165924 0.0482364855706692 0.0105606345459819 0.0365917086601257 0.0496114641427994 0.0752939209342003 0.0662499144673347 0.0685584545135498 0.0261954609304667 0.0178160592913628 0.0499391220510006 0.0956497192382812 0.102741621434689 0.065336786210537 0.0446065664291382 0.0606151595711708 0.0624167807400227 0.0452957190573215
0.387000858783722 0.381909638643265 0.41161584854126 0.403767973184586 0.41054031252861 0.422645270824432 0.409381657838821 0.453080892562866 0.3922019302845 0.392937690019608 0.391156703233719 0.440352618694305 0.425159573554993 0.370417147874832 0.483537882566452 0.463614970445633 0.389774203300476 0.358789414167404 0.331096291542053 0.317917287349701 0.258836686611176 0.32551982998848 0.328450858592987 0.189016848802567 0.170551031827927 0.214645549654961 0.270564466714859 0.231420516967773 0.119194433093071 0.14045412838459 0.253205180168152 0.149657219648361 0.0831423476338387 0.143060758709908 0.0593027956783772 0.0807865634560585 0.295910358428955 0.363135129213333 0.0258379634469748 0.00948147568851709 0.0336168073117733 0.0803836435079575 0.178918838500977 0.200649455189705 0.0400513857603073 0.0650369673967361 0.0394937209784985 0.203295156359673 0.25064155459404 0.130940452218056 0.0573143400251865 0.0307386126369238 0.0214959252625704 0.0258424859493971
0.403800427913666 0.391078174114227 0.393676310777664 0.38188448548317 0.424261420965195 0.421805411577225 0.430944740772247 0.416407942771912 0.396051555871964 0.389052033424377 0.357339531183243 0.388060569763184 0.395430982112885 0.497663825750351 0.457943588495255 0.448069930076599 0.405347764492035 0.397363632917404 0.393347561359406 0.363340318202972 0.335542947053909 0.37103196978569 0.345629870891571 0.21394519507885 0.227081149816513 0.2827487885952 0.273197859525681 0.348915487527847 0.162469491362572 0.1605034917593 0.27688854932785 0.367525160312653 0.120248466730118 0.27494141459465 0.155147269368172 0.0692158788442612 0.128447249531746 0.279975086450577 0.266913294792175 0.0100532658398151 0.0132553642615676 0.0233633611351252 0.0671531036496162 0.110445372760296 0.0391256436705589 0.0608976185321808 0.0537237077951431 0.0574893392622471 0.144972085952759 0.144906610250473 0.0963371694087982 0.0549712963402271 0.0458242148160934 0.057418342679739
0.40290492773056 0.409164726734161 0.399666965007782 0.393931418657303 0.387773156166077 0.399952977895737 0.442056387662888 0.421370953321457 0.364821463823318 0.320269614458084 0.40786024928093 0.459813296794891 0.510362029075623 0.459718257188797 0.450163692235947 0.435133874416351 0.438120365142822 0.418510407209396 0.410482794046402 0.398716866970062 0.402509659528732 0.386563301086426 0.309522747993469 0.276756405830383 0.304666250944138 0.331969559192657 0.319160223007202 0.400893688201904 0.21490490436554 0.220326066017151 0.356161713600159 0.414634704589844 0.1539286673069 0.259681701660156 0.158894792199135 0.0739342346787453 0.0866255685687065 0.268202751874924 0.452464669942856 0.0858139470219612 0.00720042828470469 0.0379449464380741 0.0850581750273705 0.114034548401833 0.0431476645171642 0.0442374013364315 0.148860216140747 0.0820716843008995 0.0719608068466187 0.107311405241489 0.115905553102493 0.07963627576828 0.0885737836360931 0.063494473695755
0.367083340883255 0.381908863782883 0.377358794212341 0.359718918800354 0.405173420906067 0.406542897224426 0.445312082767487 0.389074236154556 0.389935463666916 0.425309598445892 0.521599054336548 0.48176109790802 0.413023948669434 0.40678209066391 0.420293033123016 0.389814019203186 0.342703640460968 0.450420707464218 0.407738775014877 0.425196886062622 0.410083830356598 0.456074118614197 0.387745082378387 0.393010526895523 0.335166335105896 0.397344946861267 0.39722803235054 0.442397445440292 0.261821955442429 0.298299700021744 0.428566068410873 0.43832340836525 0.228734865784645 0.282378137111664 0.38356426358223 0.117031842470169 0.0945750772953033 0.269741594791412 0.473399043083191 0.460800617933273 0.0668329522013664 0.0127457017078996 0.0229169465601444 0.0969898328185081 0.293608129024506 0.0576065964996815 0.179232656955719 0.18635419011116 0.0869461596012115 0.108116649091244 0.158863469958305 0.07982137799263 0.0511536076664925 0.0296560861170292
0.354554951190948 0.386885583400726 0.391521900892258 0.380576133728027 0.385524690151215 0.368718802928925 0.408920407295227 0.452936261892319 0.479609221220016 0.485800176858902 0.445744186639786 0.429870367050171 0.444254606962204 0.478109568357468 0.41555717587471 0.391459316015244 0.431741982698441 0.50866174697876 0.450845152139664 0.432085484266281 0.432298362255096 0.488257497549057 0.478305965662003 0.458707362413406 0.428848505020142 0.470289409160614 0.468284279108047 0.395694643259048 0.403103649616241 0.455843269824982 0.472139120101929 0.457746595144272 0.353643387556076 0.292693495750427 0.446110546588898 0.28652423620224 0.204470992088318 0.214022621512413 0.482757687568665 0.496389776468277 0.427466779947281 0.0709512606263161 0.00682448223233223 0.0378292948007584 0.277180761098862 0.230465427041054 0.0738033428788185 0.180304273962975 0.135499700903893 0.0865993872284889 0.093395322561264 0.0886495858430862 0.0440577380359173 0.0406737923622131
0.353246599435806 0.361314415931702 0.361590087413788 0.350327491760254 0.354190528392792 0.392864882946014 0.425945609807968 0.455058842897415 0.470285534858704 0.461327254772186 0.375273287296295 0.447022885084152 0.453922986984253 0.447865217924118 0.416875183582306 0.407397150993347 0.477693200111389 0.522171020507812 0.456354200839996 0.441784113645554 0.497311651706696 0.512655436992645 0.50245064496994 0.506084501743317 0.503838956356049 0.497815102338791 0.491815268993378 0.326610952615738 0.453609704971313 0.48336660861969 0.470055729150772 0.478817492723465 0.432770073413849 0.347951531410217 0.462359100580215 0.490149199962616 0.241399943828583 0.23313395678997 0.344093859195709 0.507216811180115 0.512886762619019 0.432276248931885 0.121866889297962 0.0145642310380936 0.0304075013846159 0.19572114944458 0.234680235385895 0.145946532487869 0.235612392425537 0.162022486329079 0.22625344991684 0.116283744573593 0.0815305635333061 0.141286373138428
0.334842145442963 0.334874719381332 0.366570204496384 0.368934541940689 0.366030007600784 0.398459225893021 0.357891619205475 0.436885088682175 0.43273651599884 0.355601817369461 0.394877165555954 0.432256549596786 0.451926857233047 0.44254133105278 0.42855578660965 0.477392762899399 0.53667801618576 0.473855167627335 0.433156430721283 0.432528644800186 0.520745575428009 0.498305201530457 0.529509902000427 0.529092252254486 0.502543151378632 0.50613009929657 0.476684540510178 0.449493378400803 0.498802989721298 0.495314031839371 0.493331640958786 0.489975333213806 0.473158270120621 0.507266283035278 0.48452365398407 0.492995619773865 0.296186327934265 0.503032743930817 0.540805101394653 0.537970304489136 0.540741086006165 0.538595139980316 0.533499896526337 0.509166359901428 0.0724066346883774 0.0373037755489349 0.137655884027481 0.314382314682007 0.478913277387619 0.489914923906326 0.471765697002411 0.4076327085495 0.208310633897781 0.421856164932251
0.333994805812836 0.340397655963898 0.377523154020309 0.352920413017273 0.374165832996368 0.348627954721451 0.347917050123215 0.404461681842804 0.388840049505234 0.358144581317902 0.377381235361099 0.424314230680466 0.465021312236786 0.458231061697006 0.495351731777191 0.503171861171722 0.487467020750046 0.435389667749405 0.445286184549332 0.552641153335571 0.520684361457825 0.516022205352783 0.505986273288727 0.503261387348175 0.515989422798157 0.500505685806274 0.479625374078751 0.492618560791016 0.48682114481926 0.488759011030197 0.495199859142303 0.505625903606415 0.474580824375153 0.50371915102005 0.528359711170197 0.505404591560364 0.482632547616959 0.558776199817657 0.539293050765991 0.549410045146942 0.554700791835785 0.53684389591217 0.516359627246857 0.514622986316681 0.538193464279175 0.466474175453186 0.0815784111618996 0.0615024045109749 0.063283771276474 0.207781597971916 0.368509083986282 0.445939272642136 0.292427182197571 0.374218493700027
0.312607288360596 0.314703643321991 0.317300915718079 0.351344078779221 0.33836829662323 0.329281508922577 0.346935600042343 0.380143195390701 0.37745413184166 0.37638258934021 0.392612546682358 0.410229593515396 0.433658212423325 0.411211848258972 0.445647448301315 0.503753125667572 0.474262028932571 0.517238020896912 0.514749228954315 0.533482551574707 0.539048135280609 0.527118921279907 0.51776522397995 0.497857660055161 0.524900794029236 0.507690370082855 0.488028854131699 0.495550662279129 0.517351269721985 0.508523285388947 0.505552291870117 0.510524928569794 0.499988824129105 0.537414491176605 0.528602600097656 0.526368379592896 0.562696218490601 0.562380731105804 0.58324933052063 0.593674123287201 0.572773396968842 0.571417927742004 0.550842821598053 0.522261381149292 0.540124237537384 0.530672311782837 0.527562260627747 0.437102824449539 0.215780571103096 0.067290835082531 0.0670230835676193 0.0867452472448349 0.0568277277052402 0.107004016637802
0.296327620744705 0.325553238391876 0.318200170993805 0.317267924547195 0.317352443933487 0.352851092815399 0.337304085493088 0.347795218229294 0.367508769035339 0.357846647500992 0.399528205394745 0.381786018610001 0.436444401741028 0.415088057518005 0.449409693479538 0.491185575723648 0.538630783557892 0.521061182022095 0.530218124389648 0.551536679267883 0.539966225624084 0.525280475616455 0.528218388557434 0.539082586765289 0.529555320739746 0.498196333646774 0.509815692901611 0.513564229011536 0.493993729352951 0.516952395439148 0.512826919555664 0.489619374275208 0.50951737165451 0.524309635162354 0.539231896400452 0.58391797542572 0.537591278553009 0.582919359207153 0.605104923248291 0.585325360298157 0.597830533981323 0.602439105510712 0.565773785114288 0.542300164699554 0.538137137889862 0.533080399036407 0.527505815029144 0.528869569301605 0.517558217048645 0.507988929748535 0.504789412021637 0.210006982088089 0.114730931818485 0.0628942474722862
0.29660552740097 0.29687887430191 0.297127574682236 0.29694014787674 0.33196747303009 0.320523738861084 0.3298519551754 0.350966274738312 0.336589336395264 0.366966784000397 0.395245164632797 0.389832675457001 0.424903392791748 0.427347242832184 0.438340276479721 0.451642751693726 0.52288407087326 0.552826464176178 0.510905146598816 0.561716198921204 0.553326010704041 0.551788687705994 0.526719272136688 0.546086966991425 0.538136661052704 0.520646631717682 0.539205014705658 0.515745878219604 0.527373731136322 0.51300722360611 0.520536482334137 0.523316442966461 0.521006464958191 0.521911263465881 0.548715472221375 0.594993770122528 0.586507737636566 0.584605872631073 0.622604727745056 0.633677303791046 0.625953137874603 0.630953371524811 0.616919159889221 0.582062304019928 0.563084423542023 0.547633588314056 0.546709835529327 0.538731455802917 0.49991038441658 0.493957668542862 0.473719358444214 0.447832852602005 0.437930971384048 0.260281264781952
0.296931862831116 0.303059130907059 0.304669767618179 0.284513652324677 0.30156871676445 0.309333086013794 0.297125488519669 0.318652659654617 0.327069371938705 0.36111244559288 0.386831134557724 0.419580698013306 0.442229837179184 0.430682241916656 0.449345707893372 0.451428264379501 0.524949193000793 0.522178411483765 0.465836882591248 0.553183019161224 0.559201180934906 0.527061820030212 0.5277099609375 0.554709911346436 0.547013640403748 0.526901841163635 0.523898720741272 0.534099638462067 0.509972333908081 0.529364824295044 0.524288892745972 0.533694267272949 0.529908418655396 0.533420324325562 0.535705029964447 0.58667004108429 0.614397943019867 0.621294498443604 0.589077293872833 0.636059105396271 0.65646231174469 0.617627739906311 0.607592582702637 0.624819576740265 0.599625706672668 0.59432053565979 0.579121351242065 0.551313638687134 0.545740902423859 0.507739782333374 0.46937483549118 0.414119899272919 0.479041934013367 0.420596122741699
0.280564576387405 0.248402982950211 0.28541687130928 0.282074421644211 0.262909293174744 0.260156452655792 0.324937611818314 0.298498451709747 0.332342773675919 0.35955747961998 0.382330983877182 0.401126533746719 0.413811773061752 0.435446113348007 0.470673739910126 0.503085613250732 0.545072555541992 0.543968796730042 0.525294661521912 0.567980825901031 0.568734884262085 0.558111608028412 0.543694019317627 0.540632605552673 0.557668745517731 0.554709434509277 0.563050627708435 0.527330577373505 0.526372194290161 0.550931692123413 0.536946535110474 0.541487812995911 0.537060737609863 0.54159289598465 0.563076496124268 0.56959480047226 0.641716063022614 0.613067388534546 0.648155927658081 0.663932681083679 0.648879289627075 0.638668835163116 0.646617293357849 0.604918599128723 0.59913843870163 0.564289808273315 0.575603783130646 0.571798205375671 0.546636044979095 0.541140198707581 0.478663116693497 0.470203399658203 0.404854953289032 0.442209988832474
0.280816942453384 0.29030779004097 0.282814711332321 0.269366413354874 0.305846482515335 0.22895173728466 0.297566086053848 0.281346887350082 0.286729842424393 0.360156148672104 0.36304384469986 0.396514654159546 0.423902779817581 0.436195731163025 0.481951683759689 0.505137264728546 0.559592008590698 0.493959724903107 0.487440198659897 0.574647605419159 0.576808989048004 0.584772884845734 0.551426947116852 0.546275794506073 0.534376204013824 0.538493037223816 0.536938726902008 0.546767234802246 0.546238005161285 0.54845118522644 0.544732093811035 0.530387103557587 0.567505419254303 0.550113201141357 0.569712102413177 0.591421067714691 0.635056853294373 0.683131396770477 0.680693209171295 0.671710610389709 0.68817663192749 0.678330957889557 0.687171280384064 0.638830900192261 0.643345654010773 0.604871511459351 0.566779732704163 0.60599672794342 0.543706178665161 0.562031805515289 0.537953317165375 0.475606203079224 0.424196630716324 0.44350254535675
0.27780157327652 0.290795236825943 0.235608011484146 0.262475401163101 0.281229287385941 0.281164586544037 0.211086705327034 0.197276100516319 0.293453246355057 0.332896441221237 0.351279258728027 0.399114906787872 0.423563718795776 0.454827725887299 0.503926038742065 0.47062012553215 0.571405947208405 0.566253483295441 0.547358214855194 0.568407595157623 0.566879153251648 0.558437645435333 0.592113733291626 0.554230272769928 0.582190215587616 0.547001957893372 0.559792518615723 0.576450645923615 0.573747396469116 0.551109671592712 0.566001355648041 0.536182880401611 0.552752196788788 0.56780993938446 0.618212878704071 0.618039071559906 0.656168460845947 0.690032958984375 0.685013711452484 0.661507189273834 0.71380078792572 0.71083390712738 0.705034554004669 0.69265216588974 0.661420106887817 0.670418262481689 0.649642586708069 0.611190438270569 0.580130636692047 0.564529478549957 0.507369041442871 0.472295254468918 0.439071953296661 0.416421204805374
0.263309627771378 0.232795774936676 0.226670697331429 0.25989231467247 0.282761603593826 0.282070010900497 0.261758983135223 0.263652473688126 0.311866253614426 0.338020592927933 0.37315970659256 0.41576361656189 0.426358729600906 0.445931911468506 0.488364636898041 0.481539189815521 0.523770749568939 0.564600110054016 0.587155759334564 0.585469007492065 0.608217537403107 0.578664124011993 0.598658978939056 0.569187641143799 0.577915966510773 0.585533916950226 0.582969844341278 0.56641161441803 0.5795858502388 0.567061424255371 0.569118320941925 0.554741203784943 0.558723568916321 0.561881840229034 0.587403893470764 0.655083656311035 0.625377953052521 0.670954525470734 0.72206723690033 0.708952307701111 0.709732532501221 0.71042937040329 0.696686923503876 0.713060796260834 0.695387363433838 0.673702657222748 0.645994901657104 0.642033636569977 0.589145004749298 0.571649372577667 0.509600043296814 0.469595968723297 0.482275068759918 0.464203059673309
0.267394930124283 0.252362757921219 0.201110973954201 0.228184670209885 0.249301567673683 0.242337256669998 0.310901463031769 0.308190703392029 0.293121874332428 0.32962092757225 0.378088504076004 0.407269150018692 0.446754634380341 0.475675493478775 0.521261036396027 0.485103875398636 0.530835568904877 0.587076663970947 0.603825628757477 0.593571245670319 0.600308895111084 0.598470866680145 0.605305016040802 0.593827426433563 0.605554759502411 0.594585239887238 0.600373268127441 0.585196375846863 0.584568500518799 0.560071110725403 0.583442687988281 0.583008229732513 0.561792492866516 0.562940835952759 0.589073836803436 0.677224814891815 0.675777196884155 0.660238444805145 0.729267537593842 0.759467601776123 0.749638736248016 0.765600144863129 0.73386013507843 0.72563636302948 0.695911347866058 0.676220834255219 0.670271337032318 0.611955106258392 0.582792937755585 0.59574568271637 0.534444332122803 0.481492698192596 0.396868765354156 0.393164783716202
0.277190744876862 0.26828208565712 0.186735212802887 0.24758218228817 0.21949103474617 0.183684512972832 0.288630783557892 0.225353941321373 0.24763759970665 0.328001171350479 0.370277971029282 0.376028567552567 0.44691675901413 0.468513339757919 0.517861604690552 0.55473130941391 0.535830438137054 0.565707147121429 0.60769122838974 0.599890410900116 0.59440678358078 0.612937867641449 0.620036721229553 0.602364420890808 0.59598982334137 0.574685156345367 0.603409171104431 0.600029826164246 0.598640322685242 0.619098246097565 0.5862797498703 0.615276336669922 0.606823861598969 0.576468825340271 0.602849543094635 0.679845333099365 0.734405934810638 0.703825891017914 0.730987012386322 0.768825590610504 0.774021327495575 0.776484727859497 0.745601058006287 0.736378788948059 0.725026905536652 0.696338593959808 0.673470139503479 0.625213205814362 0.586407423019409 0.538808465003967 0.515259623527527 0.448356032371521 0.397791415452957 0.371267110109329
0.279941201210022 0.269377678632736 0.191589891910553 0.19082498550415 0.290964901447296 0.278253018856049 0.296848982572556 0.214252561330795 0.311221599578857 0.35077092051506 0.382012546062469 0.373178452253342 0.448343545198441 0.439075708389282 0.524759888648987 0.527851462364197 0.565733909606934 0.568514287471771 0.598509967327118 0.611404895782471 0.600234150886536 0.628898024559021 0.591228246688843 0.647043287754059 0.635157644748688 0.614881694316864 0.615715444087982 0.614916622638702 0.620706558227539 0.647016823291779 0.635622441768646 0.661953806877136 0.666662812232971 0.646925449371338 0.665299355983734 0.670656800270081 0.725473165512085 0.756981611251831 0.753393948078156 0.766585946083069 0.777125060558319 0.771103024482727 0.766604900360107 0.734089970588684 0.732757449150085 0.715578854084015 0.700069785118103 0.626580715179443 0.583397269248962 0.590789198875427 0.517726540565491 0.508851289749146 0.430474936962128 0.388163059949875
0.272808313369751 0.279721975326538 0.146805286407471 0.17796915769577 0.300334930419922 0.249340876936913 0.282522290945053 0.200047567486763 0.315869510173798 0.348332583904266 0.262455463409424 0.421327024698257 0.401419669389725 0.492220252752304 0.496455699205399 0.567584693431854 0.555953443050385 0.57602459192276 0.614950299263 0.629352569580078 0.6089968085289 0.605122268199921 0.631726682186127 0.63531082868576 0.62485945224762 0.622295260429382 0.630931437015533 0.624204874038696 0.670083522796631 0.658312559127808 0.648622155189514 0.656381845474243 0.706925630569458 0.670571863651276 0.716897487640381 0.714063167572021 0.728903651237488 0.757845997810364 0.7564857006073 0.76539546251297 0.765118837356567 0.768414616584778 0.758785426616669 0.755877375602722 0.728603720664978 0.707706570625305 0.692247450351715 0.578971445560455 0.620815753936768 0.542566120624542 0.539290189743042 0.526977717876434 0.473844736814499 0.460601538419724
0.277042776346207 0.228446528315544 0.160499021410942 0.244508996605873 0.296017110347748 0.279727607965469 0.250522494316101 0.193656146526337 0.317990779876709 0.330841571092606 0.328799962997437 0.382227331399918 0.418157130479813 0.459690302610397 0.494972884654999 0.529712677001953 0.519014537334442 0.599870800971985 0.614786386489868 0.614332735538483 0.647409856319427 0.657912492752075 0.641630411148071 0.65521913766861 0.652293026447296 0.649038553237915 0.634145081043243 0.672873377799988 0.673358857631683 0.680339753627777 0.690876483917236 0.699236690998077 0.712835311889648 0.713708400726318 0.736765444278717 0.71396142244339 0.721803188323975 0.767613768577576 0.769177198410034 0.761640906333923 0.771928668022156 0.761604011058807 0.761238276958466 0.761121094226837 0.735663294792175 0.69553530216217 0.697108149528503 0.617533147335052 0.579276919364929 0.541539967060089 0.535167992115021 0.535649180412292 0.519707560539246 0.463234066963196
