data/climate_estimation/maxent_output/Smilax_china.asc
NCOLS 546 
NROWS 365 
XLLCORNER 97.5833333333333 
YLLCORNER 10.8333333333333 
CELLSIZE 0.0833333333333333 
NODATA_value -3.4e+38 
[rows 115 to 137 of 365, columns 104 to 155 of 546]
0.335118919610977 0.336077302694321 0.336038172245026 0.334641486406326 0.328016012907028 0.332720011472702 0.343484550714493 0.34662202000618 0.333191961050034 0.330020308494568 0.333324402570724 0.32294037938118 0.365480065345764 0.349857747554779 0.342492580413818 0.354743003845215 0.352630645036697 0.355186492204666 0.247622728347778 0.273301333189011 0.354750663042068 0.346440941095352 0.279127687215805 0.276941955089569 0.278522372245789 0.341137498617172 0.341055303812027 0.331157654523849 0.327532768249512 0.288808077573776 0.328644245862961 0.249518632888794 0.2616286277771 0.295073658227921 0.369616448879242 0.368450373411179 0.379978388547897 0.372465193271637 0.383074134588242 0.371253132820129 0.337351739406586 0.355236887931824 0.361537128686905 0.381883770227432 0.374169021844864 0.386103242635727 0.287377238273621 0.411345362663269 0.324590593576431 0.305239289999008 0.327116072177887 0.346980303525925
0.338286280632019 0.33474138379097 0.349739342927933 0.345919340848923 0.350365936756134 0.351243197917938 0.348119914531708 0.358019173145294 0.369242191314697 0.347345799207687 0.315319538116455 0.381296664476395 0.368328511714935 0.337943643331528 0.346027314662933 0.369405806064606 0.318901777267456 0.296922117471695 0.333452731370926 0.357057482004166 0.355199962854385 0.355109870433807 0.344390541315079 0.357522368431091 0.357642441987991 0.354714393615723 0.353977411985397 0.37113344669342 0.365536689758301 0.364291548728943 0.364555716514587 0.368664264678955 0.356952875852585 0.285388618707657 0.327540099620819 0.372862696647644 0.380451947450638 0.37328577041626 0.390180289745331 0.399101316928864 0.267221689224243 0.313023447990417 0.32435354590416 0.338603228330612 0.352794140577316 0.360477775335312 0.382226318120956 0.321830779314041 0.302921503782272 0.299003958702087 0.262050241231918 0.323904901742935
0.342261135578156 0.339943259954453 0.341138184070587 0.344586461782455 0.34557694196701 0.3427774310112 0.353951692581177 0.33925274014473 0.330059200525284 0.32295086979866 0.317567676305771 0.334391951560974 0.336194396018982 0.322093904018402 0.346883952617645 0.332474857568741 0.330989927053452 0.338001787662506 0.349266976118088 0.378394812345505 0.378324151039124 0.348742216825485 0.375652551651001 0.376079112291336 0.358503878116608 0.374155908823013 0.312273979187012 0.376227259635925 0.38103723526001 0.380564838647842 0.383635193109512 0.38903746008873 0.387090623378754 0.381708294153214 0.366029620170593 0.385675758123398 0.402703583240509 0.39846482872963 0.410609483718872 0.386994302272797 0.269234716892242 0.408468663692474 0.396368980407715 0.363574653863907 0.340370148420334 0.320935010910034 0.339978218078613 0.274309635162354 0.239635229110718 0.366405993700027 0.349211186170578 0.375699013471603
0.33430352807045 0.335563391447067 0.335280358791351 0.337598204612732 0.34477773308754 0.340443909168243 0.331318765878677 0.369942039251328 0.331404983997345 0.323692739009857 0.307422310113907 0.269322574138641 0.334501951932907 0.390021950006485 0.347229927778244 0.317517578601837 0.336263179779053 0.3082674741745 0.309095501899719 0.324566096067429 0.325896322727203 0.330017864704132 0.375843316316605 0.379310488700867 0.320324212312698 0.371587723493576 0.303539842367172 0.293734669685364 0.359511613845825 0.388816952705383 0.391217261552811 0.397639125585556 0.387701600790024 0.404073297977448 0.396563947200775 0.405248522758484 0.404571503400803 0.354269325733185 0.229408249258995 0.290621370077133 0.222037300467491 0.37540465593338 0.428016722202301 0.385778665542603 0.421916097402573 0.365074634552002 0.408106684684753 0.435107201337814 0.375481307506561 0.313410550355911 0.408217459917068 0.442849695682526
0.339591085910797 0.347249716520309 0.344173938035965 0.344285219907761 0.355402052402496 0.346268951892853 0.343524426221848 0.342829972505569 0.343895345926285 0.347111761569977 0.271368980407715 0.285050958395004 0.364329695701599 0.359295040369034 0.335384517908096 0.319064795970917 0.331276834011078 0.340798616409302 0.365998446941376 0.337384194135666 0.345383882522583 0.371494114398956 0.392725616693497 0.389619112014771 0.367552906274796 0.388161063194275 0.267245173454285 0.31229966878891 0.387164860963821 0.378004968166351 0.374670177698135 0.355124115943909 0.411365628242493 0.401845008134842 0.412320464849472 0.417944103479385 0.422277867794037 0.415870040655136 0.421547144651413 0.401067554950714 0.182071894407272 0.149531155824661 0.111574068665504 0.158440977334976 0.238488480448723 0.439898073673248 0.396406769752502 0.437527388334274 0.302851945161819 0.460421442985535 0.398803740739822 0.437164604663849
0.338513314723969 0.342350780963898 0.339751958847046 0.337171822786331 0.340471655130386 0.339124351739883 0.327780425548553 0.33462655544281 0.365944683551788 0.317142814397812 0.195499330759048 0.217413485050201 0.26021021604538 0.347231835126877 0.274366796016693 0.329046070575714 0.348211824893951 0.346382617950439 0.36754697561264 0.395046800374985 0.40681055188179 0.407474398612976 0.38452285528183 0.403806298971176 0.359579622745514 0.328622937202454 0.272744745016098 0.315617889165878 0.336731404066086 0.360554367303848 0.31619331240654 0.369539320468903 0.415926426649094 0.423548430204391 0.412612527608871 0.419803887605667 0.410920321941376 0.43538835644722 0.414745330810547 0.450327575206757 0.45599564909935 0.370229214429855 0.298047065734863 0.181086093187332 0.458635538816452 0.463739693164825 0.422533273696899 0.314663589000702 0.158125996589661 0.380128592252731 0.420233994722366 0.468890219926834
0.34384498000145 0.345073372125626 0.32403102517128 0.325011253356934 0.32634374499321 0.306928038597107 0.319694638252258 0.326941907405853 0.280308783054352 0.26031431555748 0.214022144675255 0.247354760766029 0.28027817606926 0.327454805374146 0.304447114467621 0.342796504497528 0.332240909337997 0.366301983594894 0.336320668458939 0.344135999679565 0.37708455324173 0.35183197259903 0.294268429279327 0.299566686153412 0.306322902441025 0.347938358783722 0.309078544378281 0.296138495206833 0.311855971813202 0.357509136199951 0.332870215177536 0.3560771048069 0.415764361619949 0.426502197980881 0.41461592912674 0.417207777500153 0.403824239969254 0.338476449251175 0.248607262969017 0.367402136325836 0.391062676906586 0.466829597949982 0.475480109453201 0.254125207662582 0.28049823641777 0.468736857175827 0.447693943977356 0.470708727836609 0.214713856577873 0.261611551046371 0.417729288339615 0.470165342092514
0.34869259595871 0.322234451770782 0.338221549987793 0.315212309360504 0.312894463539124 0.279275357723236 0.265698045492172 0.256282091140747 0.245346918702126 0.235807090997696 0.211027875542641 0.327292263507843 0.288379609584808 0.28747284412384 0.31899556517601 0.362056940793991 0.374637216329575 0.337069362401962 0.359408229589462 0.371571034193039 0.365414202213287 0.369116425514221 0.313957303762436 0.372759103775024 0.376054883003235 0.314943313598633 0.344137370586395 0.333461374044418 0.3466477394104 0.326490312814713 0.391355603933334 0.362808585166931 0.432163059711456 0.44332167506218 0.444747388362885 0.444873869419098 0.443660736083984 0.40996989607811 0.328115403652191 0.274191796779633 0.360321909189224 0.483425229787827 0.349406391382217 0.456231117248535 0.385257065296173 0.478995233774185 0.289569407701492 0.3390933573246 0.235255762934685 0.299557566642761 0.282971829175949 0.37542536854744
0.29883024096489 0.294504731893539 0.297731697559357 0.328073412179947 0.343887716531754 0.311641037464142 0.263130456209183 0.222902834415436 0.225528791546822 0.211620897054672 0.273833841085434 0.383035182952881 0.249857947230339 0.297883719205856 0.352600932121277 0.357895791530609 0.353467911481857 0.36954253911972 0.380837827920914 0.35072335600853 0.357380211353302 0.404681950807571 0.390395194292068 0.30572509765625 0.353860050439835 0.449757307767868 0.412400245666504 0.356949359178543 0.30494412779808 0.304375350475311 0.324280351400375 0.338566064834595 0.344539940357208 0.349590420722961 0.350125223398209 0.366084009408951 0.367617219686508 0.381228148937225 0.422274589538574 0.419282287359238 0.482250511646271 0.504817068576813 0.483852803707123 0.421746045351028 0.503586649894714 0.499842613935471 0.497774690389633 0.496657818555832 0.493251383304596 0.490184158086777 0.375359982252121 0.426879227161407
0.291906803846359 0.291972696781158 0.289791822433472 0.310341268777847 0.350319981575012 0.276847809553146 0.253040283918381 0.239491149783134 0.195588037371635 0.203911572694778 0.434158027172089 0.294976204633713 0.284344404935837 0.344505220651627 0.382351934909821 0.375000894069672 0.363437354564667 0.412581205368042 0.363051384687424 0.399212211370468 0.455189436674118 0.371685892343521 0.371739745140076 0.466225802898407 0.423394173383713 0.343614786863327 0.325991034507751 0.332945436239243 0.366880357265472 0.370184361934662 0.380537748336792 0.366770088672638 0.368677228689194 0.390430897474289 0.448603957891464 0.452373892068863 0.475260823965073 0.476097047328949 0.490928918123245 0.490207076072693 0.503896176815033 0.51362407207489 0.508040547370911 0.512171506881714 0.516469717025757 0.505565941333771 0.506478011608124 0.505041241645813 0.511852622032166 0.503117859363556 0.509058594703674 0.51740962266922
0.259416282176971 0.259475082159042 0.315928310155869 0.335215538740158 0.3171626329422 0.245910108089447 0.235305577516556 0.210429042577744 0.195024892687798 0.292137563228607 0.431060761213303 0.254649221897125 0.302200376987457 0.406479477882385 0.357473701238632 0.371875017881393 0.442653626203537 0.378988683223724 0.398359268903732 0.411404192447662 0.358296781778336 0.446033447980881 0.482268542051315 0.396596699953079 0.367290616035461 0.312984734773636 0.329731822013855 0.400780260562897 0.411372780799866 0.402457773685455 0.380246073007584 0.377240985631943 0.456922382116318 0.404287070035934 0.483854055404663 0.497589617967606 0.492522060871124 0.490058183670044 0.498389720916748 0.515502512454987 0.465299934148788 0.46449288725853 0.542614936828613 0.522805094718933 0.502469122409821 0.486632466316223 0.500610530376434 0.506880819797516 0.521878063678741 0.514673292636871 0.522561252117157 0.523224651813507
0.323923349380493 0.325190246105194 0.308606624603271 0.29260265827179 0.267573118209839 0.227586358785629 0.204288989305496 0.175188258290291 0.185793459415436 0.430740475654602 0.349494159221649 0.282868921756744 0.374284476041794 0.385997951030731 0.366720736026764 0.43102639913559 0.382023751735687 0.379744708538055 0.376217246055603 0.444445937871933 0.493566542863846 0.448985189199448 0.424328655004501 0.411268919706345 0.385728240013123 0.332836300134659 0.377201616764069 0.460826814174652 0.387664258480072 0.445723503828049 0.469379782676697 0.405595183372498 0.473852157592773 0.495985686779022 0.504148364067078 0.503180146217346 0.506676852703094 0.504854917526245 0.505870997905731 0.442394077777863 0.470039486885071 0.546759307384491 0.557204961776733 0.539453089237213 0.541788101196289 0.551687836647034 0.533052027225494 0.525656402111053 0.528336882591248 0.544069707393646 0.509761452674866 0.508716404438019
0.273566454648972 0.300078272819519 0.260114103555679 0.247184932231903 0.270654708147049 0.233817934989929 0.187787815928459 0.161559984087944 0.200865805149078 0.450995534658432 0.244205981492996 0.262428492307663 0.426626473665237 0.329323500394821 0.425368010997772 0.411218702793121 0.382952004671097 0.388840287923813 0.474949508905411 0.435977756977081 0.361474603414536 0.417047709226608 0.457533150911331 0.402311533689499 0.360038161277771 0.398157566785812 0.486184597015381 0.440595090389252 0.448835790157318 0.511508226394653 0.510043740272522 0.478921949863434 0.507139444351196 0.492689609527588 0.51892215013504 0.501725971698761 0.503487348556519 0.516591131687164 0.531053185462952 0.525233745574951 0.547124087810516 0.556507527828217 0.574977517127991 0.568655431270599 0.570467889308929 0.56987589597702 0.561302125453949 0.544723927974701 0.553465962409973 0.552696824073792 0.557574152946472 0.551106452941895
0.238206818699837 0.249863415956497 0.236396253108978 0.226235523819923 0.194354951381683 0.166055768728256 0.166858240962029 0.165580630302429 0.378978312015533 0.361855447292328 0.214681446552277 0.402402460575104 0.290413320064545 0.364456534385681 0.436389356851578 0.381358683109283 0.380438446998596 0.463394522666931 0.419654190540314 0.423975497484207 0.434874355792999 0.400630265474319 0.407914966344833 0.382791340351105 0.346525967121124 0.530262410640717 0.511033892631531 0.531776428222656 0.525435447692871 0.536946058273315 0.52728807926178 0.526731610298157 0.520618855953217 0.509755074977875 0.442190021276474 0.457370281219482 0.493647545576096 0.504955232143402 0.546949923038483 0.554688274860382 0.560608327388763 0.569792509078979 0.59320741891861 0.5876624584198 0.578836917877197 0.579379618167877 0.565124154090881 0.577138960361481 0.569384396076202 0.562355816364288 0.570711612701416 0.570948421955109
0.224269852042198 0.210780769586563 0.223140060901642 0.221565917134285 0.158875644207001 0.145524933934212 0.148039937019348 0.269161254167557 0.461661487817764 0.233403101563454 0.34385284781456 0.226381212472916 0.243389472365379 0.44239741563797 0.309017986059189 0.36148276925087 0.416710883378983 0.450568109750748 0.420195937156677 0.429701447486877 0.421013057231903 0.453301340341568 0.396373182535172 0.352791011333466 0.473711431026459 0.547242879867554 0.547268033027649 0.541386723518372 0.534846603870392 0.534552752971649 0.537235498428345 0.542665898799896 0.532154440879822 0.499787569046021 0.506521880626678 0.521437406539917 0.460373282432556 0.559901535511017 0.561886787414551 0.556382417678833 0.577019870281219 0.595537960529327 0.606845855712891 0.590276539325714 0.571158289909363 0.583947479724884 0.584557354450226 0.578884363174438 0.592351019382477 0.573339581489563 0.569683015346527 0.588067650794983
0.188637837767601 0.191838949918747 0.179454445838928 0.156188353896141 0.132364675402641 0.125147148966789 0.245977014303207 0.429256618022919 0.196028664708138 0.257868736982346 0.266405016183853 0.231140688061714 0.385090798139572 0.298916697502136 0.286388069391251 0.362468004226685 0.456246733665466 0.42178863286972 0.418181121349335 0.411417216062546 0.414727807044983 0.403914242982864 0.340543270111084 0.372669786214828 0.559658885002136 0.562389552593231 0.556024551391602 0.559187173843384 0.550626039505005 0.539268314838409 0.559767067432404 0.548012614250183 0.539256930351257 0.547485053539276 0.555252313613892 0.55633270740509 0.556418180465698 0.582200288772583 0.581508040428162 0.557002007961273 0.593644857406616 0.594643890857697 0.598994791507721 0.60165798664093 0.619622111320496 0.60679966211319 0.605353176593781 0.602561891078949 0.59922194480896 0.601469576358795 0.584801554679871 0.598766446113586
0.162304043769836 0.166339710354805 0.169168844819069 0.125530555844307 0.13676218688488 0.13572496175766 0.436984568834305 0.185498908162117 0.197559133172035 0.209266796708107 0.228032633662224 0.253353774547577 0.333638280630112 0.270576030015945 0.275284826755524 0.377470165491104 0.36236384510994 0.422236382961273 0.419968396425247 0.461667001247406 0.454783886671066 0.356643557548523 0.342773526906967 0.543321669101715 0.566398739814758 0.555771052837372 0.566948652267456 0.557482540607452 0.543108344078064 0.562084913253784 0.560390591621399 0.556358575820923 0.560619294643402 0.569076895713806 0.569305717945099 0.567009270191193 0.574072003364563 0.585235834121704 0.516995251178741 0.565470814704895 0.608772397041321 0.613513290882111 0.627980828285217 0.626429080963135 0.625865757465363 0.610310792922974 0.607858777046204 0.62045681476593 0.581850647926331 0.546780347824097 0.609353065490723 0.603784561157227
0.170662939548492 0.17488856613636 0.154024824500084 0.118092231452465 0.136741027235985 0.187397390604019 0.347009658813477 0.194356098771095 0.215022340416908 0.217608079314232 0.240007609128952 0.324038565158844 0.269469141960144 0.274255841970444 0.27732264995575 0.286611497402191 0.36469441652298 0.333618253469467 0.390985578298569 0.470149368047714 0.322504341602325 0.390226006507874 0.444372713565826 0.562050342559814 0.562513113021851 0.547824442386627 0.539021492004395 0.551425218582153 0.557240605354309 0.559043526649475 0.566642582416534 0.563475906848907 0.572388768196106 0.578094720840454 0.567954063415527 0.571179270744324 0.576697051525116 0.600679039955139 0.545749247074127 0.599380195140839 0.614653885364532 0.615629434585571 0.582963526248932 0.624297797679901 0.596934974193573 0.587613821029663 0.627921342849731 0.623824000358582 0.586525440216064 0.541962444782257 0.617144525051117 0.606039345264435
0.145896032452583 0.139723271131516 0.131491184234619 0.125519305467606 0.176687866449356 0.397038847208023 0.187513828277588 0.224021390080452 0.216652885079384 0.23453252017498 0.278952211141586 0.256151169538498 0.276152640581131 0.279314488172531 0.280421078205109 0.312400907278061 0.298017412424088 0.291960000991821 0.464529007673264 0.301963001489639 0.372678518295288 0.538073539733887 0.5508092045784 0.556895196437836 0.570870220661163 0.572882175445557 0.57753711938858 0.565875291824341 0.579276084899902 0.57734876871109 0.574951410293579 0.568340420722961 0.559291303157806 0.586756527423859 0.584797322750092 0.591057777404785 0.595714926719666 0.601189434528351 0.569646596908569 0.613570392131805 0.631834208965302 0.627312183380127 0.564559698104858 0.597647845745087 0.558268189430237 0.526643812656403 0.638864278793335 0.64207249879837 0.542564868927002 0.558642566204071 0.576276004314423 0.546618223190308
0.128247663378716 0.120630785822868 0.132140040397644 0.159816399216652 0.323724180459976 0.20995107293129 0.218854144215584 0.218253299593925 0.234950736165047 0.280653893947601 0.251167863607407 0.259540766477585 0.278250932693481 0.289328843355179 0.287675708532333 0.290950745344162 0.301244080066681 0.359109222888947 0.316033124923706 0.314793556928635 0.50192791223526 0.548652350902557 0.53848785161972 0.569836378097534 0.573973715305328 0.573910355567932 0.576891779899597 0.545416653156281 0.580610692501068 0.592376112937927 0.585139095783234 0.575446963310242 0.587902426719666 0.57996678352356 0.592893183231354 0.599414646625519 0.59957629442215 0.614343643188477 0.616156220436096 0.615479171276093 0.621601462364197 0.625722467899323 0.554094314575195 0.566768169403076 0.609376966953278 0.635818898677826 0.64692348241806 0.58175265789032 0.602681338787079 0.634016633033752 0.619192123413086 0.613990485668182
0.127624616026878 0.132535755634308 0.157148137688637 0.19030487537384 0.193803057074547 0.248830214142799 0.249303430318832 0.246445402503014 0.262919843196869 0.26931619644165 0.266800671815872 0.275909781455994 0.275439620018005 0.297922223806381 0.299640089273453 0.285022884607315 0.319894790649414 0.318291813135147 0.310095906257629 0.405780851840973 0.547024250030518 0.535261809825897 0.553492486476898 0.565563261508942 0.560427188873291 0.551720678806305 0.587693214416504 0.574890971183777 0.583440840244293 0.590764701366425 0.582726836204529 0.594607472419739 0.592042446136475 0.598716795444489 0.606077432632446 0.612494826316833 0.607414186000824 0.624074757099152 0.614854991436005 0.633858621120453 0.629532933235168 0.626177668571472 0.60168331861496 0.61616313457489 0.648371279239655 0.669401586055756 0.65968781709671 0.654359400272369 0.666670024394989 0.637141346931458 0.65073436498642 0.656214416027069
0.193082913756371 0.148433208465576 0.176231607794762 0.20002269744873 0.221250623464584 0.248303174972534 0.250184148550034 0.235593751072884 0.277530938386917 0.265276342630386 0.268317848443985 0.284332633018494 0.309309005737305 0.310669422149658 0.271328806877136 0.295262426137924 0.313694149255753 0.307736933231354 0.336362481117249 0.531965613365173 0.533176898956299 0.532580196857452 0.560361266136169 0.575151264667511 0.571101725101471 0.58125114440918 0.593697845935822 0.579178988933563 0.572134256362915 0.576427817344666 0.587402820587158 0.584956705570221 0.59064108133316 0.603070199489594 0.597239911556244 0.603769421577454 0.616535663604736 0.614037930965424 0.626364469528198 0.623971819877625 0.636604249477386 0.634082794189453 0.634561538696289 0.648162961006165 0.670590460300446 0.659514605998993 0.665105760097504 0.678992569446564 0.675820112228394 0.657909631729126 0.664304971694946 0.659825503826141
0.150758922100067 0.172031939029694 0.190642058849335 0.210737764835358 0.246237248182297 0.256385177373886 0.268747627735138 0.261096358299255 0.261082649230957 0.262585908174515 0.278093189001083 0.313503295183182 0.296168118715286 0.301099598407745 0.302725791931152 0.353759944438934 0.375915080308914 0.38196274638176 0.394366353750229 0.508556306362152 0.545432031154633 0.55387556552887 0.548921883106232 0.535685241222382 0.574371516704559 0.575704395771027 0.577806949615479 0.556325972080231 0.588711738586426 0.585520386695862 0.595018208026886 0.590119123458862 0.592723608016968 0.594867706298828 0.596830785274506 0.608737111091614 0.624627649784088 0.621255576610565 0.639291644096375 0.641813993453979 0.63282185792923 0.647124946117401 0.634814560413361 0.663224041461945 0.652640640735626 0.666880369186401 0.665843963623047 0.678268373012543 0.692867636680603 0.683835685253143 0.684395790100098 0.682654500007629
