data/climate_estimation/maxent_output/Smilax_blumei.asc
NCOLS 652 
NROWS 330 
XLLCORNER 97.9166666666667 
YLLCORNER -19 
CELLSIZE 0.0833333333333333 
NODATA_value -3.4e+38 
[rows 72 to 95 of 330, columns 0 to 54 of 652]
0.373403280973434 0.39178991317749 0.471044182777405 0.58532840013504 0.268134504556656 0.091406024992466 0.0441918075084686 0.0210161134600639 0.0128302527591586 0.0137723432853818 0.069965161383152 0.0639613419771194 0.0795242041349411 0.0820417180657387 0.0869206711649895 0.0541032813489437 0.0365587510168552 0.0490329675376415 0.460259228944778 0.352367222309113 0.255438983440399 0.222403153777122 0.210947155952454 0.20130281150341 0.186689525842667 0.181603774428368 0.155218482017517 0.141898348927498 0.13711404800415 0.133924320340157 -3.4e+38 -3.4e+38 -3.4e+38 -3.4e+38 -3.4e+38 -3.4e+38 -3.4e+38 -3.4e+38 -3.4e+38 -3.4e+38 -3.4e+38 -3.4e+38 -3.4e+38 -3.4e+38 -3.4e+38 -3.4e+38 -3.4e+38 0.065082386136055 0.0536176934838295 0.0432819984853268 0.0405325591564178 0.0445695482194424 0.0426256097853184 0.0416676290333271 0.0444355793297291
0.39461225271225 0.432296872138977 0.477576941251755 0.577441036701202 0.469037175178528 0.266594916582108 0.142522320151329 0.0483762621879578 0.0242715682834387 0.0227921865880489 0.0357500538229942 0.102712780237198 0.125666290521622 0.105128839612007 0.105959333479404 0.0604464039206505 0.0212457571178675 0.0716801881790161 0.46240445971489 0.44378873705864 0.371011346578598 0.282902449369431 0.244544178247452 0.222128942608833 0.203476548194885 0.193021789193153 0.182204991579056 0.153843775391579 0.157793655991554 0.147437810897827 -3.4e+38 -3.4e+38 -3.4e+38 -3.4e+38 -3.4e+38 -3.4e+38 -3.4e+38 -3.4e+38 -3.4e+38 -3.4e+38 -3.4e+38 -3.4e+38 -3.4e+38 -3.4e+38 -3.4e+38 -3.4e+38 -3.4e+38 0.0606927014887333 0.0483235269784927 0.0427964739501476 0.0390552841126919 0.0370549634099007 0.0363345108926296 0.0352610200643539 0.036450233310461
0.419752359390259 0.404349058866501 0.416941404342651 0.607473134994507 0.577780246734619 0.519751012325287 0.338117569684982 0.12050973623991 0.0337710082530975 0.028211111202836 0.031337670981884 0.0283446405082941 0.0253895726054907 0.0336919501423836 0.0374002866446972 0.0281037986278534 0.0380013734102249 0.0805449709296227 0.231885433197021 0.346420586109161 0.411669135093689 0.318147122859955 0.260977685451508 0.256879419088364 0.226060643792152 0.21026523411274 0.186080649495125 0.173593193292618 0.163380950689316 0.157930791378021 0.165116488933563 -3.4e+38 -3.4e+38 0.16395215690136 0.161405742168427 0.159292414784431 0.159446284174919 0.15453627705574 -3.4e+38 -3.4e+38 -3.4e+38 -3.4e+38 -3.4e+38 -3.4e+38 -3.4e+38 -3.4e+38 -3.4e+38 -3.4e+38 -3.4e+38 0.0408449321985245 0.037646472454071 0.0316583141684532 0.0314393304288387 0.0315948873758316 0.029594711959362
0.404285430908203 0.397859454154968 0.404489874839783 0.423818916082382 0.618605434894562 0.521515488624573 0.511710643768311 0.292381703853607 0.0341517999768257 0.0285379439592361 0.0251785051077604 0.0286909509450197 0.0303899198770523 0.0272453092038631 0.0204239897429943 0.0205149669200182 0.029707919806242 0.0256081540137529 0.101943701505661 0.2837293446064 0.411382764577866 0.348690003156662 0.288592785596848 0.267892122268677 0.23967470228672 0.216367110610008 0.197039976716042 0.182136088609695 0.183068752288818 0.171980798244476 0.173880085349083 0.180350348353386 0.175514817237854 0.171852543950081 0.173533499240875 0.184529900550842 0.184518665075302 0.179671749472618 0.185863167047501 -3.4e+38 -3.4e+38 -3.4e+38 -3.4e+38 -3.4e+38 -3.4e+38 -3.4e+38 -3.4e+38 -3.4e+38 -3.4e+38 -3.4e+38 0.033042311668396 0.0293130371719599 0.0286998338997364 0.0328372940421104 0.034507017582655
-3.4e+38 -3.4e+38 0.385056495666504 0.393085837364197 0.412688344717026 0.614282250404358 0.524259984493256 0.391273379325867 0.103008434176445 0.0786146074533463 0.0298608150333166 0.0297916419804096 0.0388012081384659 0.0352731756865978 0.0272846147418022 0.0238604433834553 0.0335170924663544 0.0301283523440361 0.0501286014914513 0.0671263933181763 0.152673795819283 0.351713180541992 0.291145741939545 0.267174363136292 0.250347316265106 0.21275295317173 0.195487424731255 0.190374121069908 0.182583376765251 0.192515224218369 0.189347177743912 0.191609561443329 0.193040296435356 0.197529882192612 0.190552651882172 0.21037246286869 0.197389662265778 0.183937698602676 0.197042763233185 0.189131155610085 0.161548212170601 -3.4e+38 -3.4e+38 0.111822992563248 0.10986240953207 0.101441457867622 -3.4e+38 -3.4e+38 -3.4e+38 -3.4e+38 -3.4e+38 -3.4e+38 0.0400459542870522 0.0384425334632397 0.0420862846076488
-3.4e+38 -3.4e+38 -3.4e+38 0.389485239982605 0.385510146617889 0.394813477993011 0.547730505466461 0.44729608297348 0.497432112693787 0.362588793039322 0.187250256538391 0.0425847508013248 0.0496910437941551 0.0346716679632664 0.0317508801817894 0.0392328388988972 0.0597786493599415 0.0872761383652687 0.0741157308220863 0.0538525059819221 0.274064719676971 0.261534571647644 0.272109895944595 0.226132184267044 0.22648923099041 0.215994298458099 0.2079738676548 0.203874424099922 0.198841869831085 0.212015986442566 0.210473462939262 0.207714036107063 0.193009749054909 0.214744418859482 0.216704472899437 0.216954037547112 0.218764945864677 0.216750293970108 0.208639234304428 0.199176579713821 0.196720734238625 0.157960757613182 0.148138344287872 0.132907211780548 0.112577624619007 0.105933964252472 0.100078441202641 -3.4e+38 -3.4e+38 -3.4e+38 -3.4e+38 -3.4e+38 -3.4e+38 -3.4e+38 -3.4e+38
-3.4e+38 -3.4e+38 -3.4e+38 -3.4e+38 -3.4e+38 -3.4e+38 0.414099872112274 0.55306077003479 0.541343033313751 0.633649170398712 0.397559702396393 0.0854890272021294 0.0489402860403061 0.0361549407243729 0.030411509796977 0.0320945903658867 0.0519778952002525 0.0857659503817558 0.165898576378822 0.185714617371559 0.216005340218544 0.215665131807327 0.212324112653732 0.202295213937759 0.190738201141357 0.202143430709839 0.186832427978516 0.19826103746891 0.202298268675804 0.212850615382195 0.232037916779518 0.224151283502579 0.227264434099197 0.240651994943619 0.241071239113808 0.234993249177933 0.247390985488892 0.247492045164108 0.232948258519173 0.206291005015373 0.199244692921638 0.172386273741722 0.165744796395302 0.148131743073463 0.128927692770958 0.113225430250168 0.107028715312481 -3.4e+38 -3.4e+38 -3.4e+38 -3.4e+38 -3.4e+38 -3.4e+38 -3.4e+38 -3.4e+38
-3.4e+38 -3.4e+38 -3.4e+38 -3.4e+38 -3.4e+38 -3.4e+38 -3.4e+38 0.416716277599335 0.451612919569016 0.596898794174194 0.584788501262665 0.271834373474121 0.0770322382450104 0.117300793528557 0.028470391407609 0.0320376195013523 0.0458524040877819 0.0480126403272152 0.0594058483839035 0.119070909917355 0.138028904795647 0.203844726085663 0.175720438361168 0.176711931824684 0.169643461704254 0.176977530121803 0.188766971230507 0.215876713395119 0.20729823410511 0.224608272314072 0.236999839544296 0.245410576462746 0.258153021335602 0.261046379804611 0.264428466558456 0.252631068229675 0.264691591262817 0.271656155586243 0.260513067245483 0.229570999741554 0.20936906337738 0.193407028913498 0.178069666028023 0.163107886910439 0.154431596398354 0.130674406886101 0.116330035030842 -3.4e+38 -3.4e+38 -3.4e+38 -3.4e+38 -3.4e+38 -3.4e+38 -3.4e+38 -3.4e+38
-3.4e+38 -3.4e+38 -3.4e+38 -3.4e+38 -3.4e+38 -3.4e+38 -3.4e+38 -3.4e+38 0.458386063575745 0.51495498418808 0.656990230083466 0.439618021249771 0.159271329641342 0.154268771409988 0.204451039433479 0.153208628296852 0.0878210142254829 0.0369407050311565 0.0475180670619011 0.0478678420186043 0.153807893395424 0.15975883603096 0.146393179893494 0.147782653570175 0.156422927975655 0.163302630186081 0.179945275187492 0.206561580300331 0.221489638090134 0.254187077283859 0.251004368066788 0.265368044376373 0.272701054811478 0.275935798883438 0.286697119474411 0.27772518992424 0.275941133499146 0.279701113700867 0.290106266736984 0.265913307666779 0.234975054860115 0.211916029453278 0.188966289162636 0.185263365507126 0.169259652495384 0.149705201387405 -3.4e+38 -3.4e+38 -3.4e+38 -3.4e+38 -3.4e+38 -3.4e+38 -3.4e+38 -3.4e+38 -3.4e+38
-3.4e+38 -3.4e+38 -3.4e+38 -3.4e+38 -3.4e+38 -3.4e+38 0.584639191627502 0.457988351583481 -3.4e+38 0.485002756118774 0.505858182907104 0.624151051044464 0.262834489345551 0.123193360865116 0.27159196138382 0.113580778241158 0.0924588814377785 0.0264778342097998 0.0454790368676186 0.113851837813854 0.125016361474991 0.168210655450821 0.145815342664719 0.13380853831768 0.136682704091072 0.150945290923119 0.177321761846542 0.210759252309799 0.24527795612812 0.275285303592682 0.273073226213455 0.292066246271133 0.286074817180634 0.289372771978378 0.277983546257019 0.278630435466766 0.274885922670364 0.282545357942581 0.284481406211853 0.287818968296051 0.266840875148773 0.236226439476013 0.214786738157272 0.194613099098206 0.18000391125679 0.163990840315819 0.163478314876556 -3.4e+38 -3.4e+38 -3.4e+38 -3.4e+38 -3.4e+38 -3.4e+38 -3.4e+38 -3.4e+38
-3.4e+38 -3.4e+38 -3.4e+38 -3.4e+38 -3.4e+38 -3.4e+38 0.596809566020966 0.524592757225037 0.504083573818207 -3.4e+38 0.460873067378998 0.516405820846558 0.487414658069611 0.243865936994553 0.194180145859718 0.126899406313896 0.087056964635849 0.0615342445671558 0.0744413733482361 0.136858507990837 0.145231544971466 0.13241945207119 0.11780571192503 0.12941412627697 0.145499274134636 0.163303956389427 0.196925565600395 0.238390579819679 0.260909199714661 0.265015602111816 0.271207600831985 0.289953470230103 0.302272200584412 0.285435825586319 0.291287839412689 0.29371851682663 0.293584197759628 0.281439751386642 0.272527933120728 0.288291275501251 0.272351324558258 0.267959773540497 0.240060448646545 0.22821518778801 0.209260553121567 0.202756404876709 0.18517729640007 0.17632882297039 0.155691802501678 0.150593459606171 0.152767091989517 -3.4e+38 -3.4e+38 -3.4e+38 -3.4e+38
-339999999999999996123846586046231871488.000000000000000 -3.4e+38 -3.4e+38 -3.4e+38 -3.4e+38 -3.4e+38 -3.4e+38 0.455949187278748 0.49202236533165 0.539300858974457 0.481958597898483 0.435581922531128 0.515708267688751 0.577431678771973 0.424966812133789 0.107818149030209 0.0771518275141716 0.169213116168976 0.165774971246719 0.135463654994965 0.121566519141197 0.118846744298935 0.123498350381851 0.133788019418716 0.150791689753532 0.177085772156715 0.224643066525459 0.256785035133362 0.255779206752777 0.28094807267189 0.287596702575684 0.301510363817215 0.301037579774857 0.29945695400238 0.305722147226334 0.298958957195282 0.297162801027298 0.299054145812988 0.28326803445816 0.273202121257782 0.272248446941376 0.263436883687973 0.264540582895279 0.253046959638596 0.23682826757431 0.233750000596046 0.205124720931053 0.193897783756256 0.181843444705009 0.177990093827248 0.172858878970146 0.146541401743889 0.135626584291458 0.126816019415855 0.124454587697983
-3.4e+38 -3.4e+38 -3.4e+38 -3.4e+38 -3.4e+38 -3.4e+38 -3.4e+38 -3.4e+38 -3.4e+38 -3.4e+38 0.480118453502655 0.456300616264343 0.4046251475811 0.396629959344864 0.435154914855957 0.127173140645027 0.214908942580223 0.184467375278473 0.142939165234566 0.112815022468567 0.102282010018826 0.11074586212635 0.123338975012302 0.140180200338364 0.167297661304474 0.201658487319946 0.230695277452469 0.259691387414932 0.261236667633057 0.266601651906967 0.268157452344894 0.307034224271774 0.322772741317749 0.30805566906929 0.308857023715973 0.288217633962631 0.280640929937363 0.27935916185379 0.276364177465439 0.26542404294014 0.268526613712311 0.262866854667664 0.25805801153183 0.24287885427475 0.237362146377563 0.225241109728813 0.223194301128387 0.202083885669708 0.195017009973526 0.188830152153969 0.193783283233643 0.178452849388123 0.15468941628933 0.142537802457809 0.134115472435951
-3.4e+38 -3.4e+38 -3.4e+38 -3.4e+38 -3.4e+38 -3.4e+38 -3.4e+38 -3.4e+38 -3.4e+38 -3.4e+38 0.437353730201721 0.426937311887741 0.40148252248764 0.468852072954178 0.407137602567673 0.331722795963287 0.228325739502907 0.196419581770897 0.151841431856155 0.137131482362747 0.121895365417004 0.124573707580566 0.138314455747604 0.169266387820244 0.198454588651657 0.242635250091553 0.253954619169235 0.247535154223442 0.271108448505402 0.285906970500946 0.306220978498459 0.324055254459381 0.313909411430359 0.305866330862045 0.296072751283646 0.294466823339462 0.284940034151077 0.281755715608597 0.275834560394287 0.273499667644501 0.260974943637848 0.258148580789566 0.247316211462021 0.239456668496132 0.241470247507095 0.220233723521233 0.217995837330818 0.206489354372025 0.197990477085114 0.19601845741272 0.185592442750931 0.172629952430725 0.173693850636482 0.16235239803791 0.149062305688858
-3.4e+38 -3.4e+38 -3.4e+38 -3.4e+38 -3.4e+38 -3.4e+38 -3.4e+38 -3.4e+38 -3.4e+38 -3.4e+38 0.426018178462982 0.414104223251343 0.525617301464081 0.457602977752686 0.461269021034241 0.378636717796326 0.26616495847702 0.247462868690491 0.20918396115303 0.222311571240425 0.213612496852875 0.160868719220161 0.183683127164841 0.23649226129055 0.243294417858124 0.253843545913696 0.259581387042999 0.272671282291412 0.263222843408585 0.300717145204544 0.308275133371353 0.321902573108673 0.344943881034851 0.307457655668259 0.294903069734573 0.29400822520256 0.282042980194092 0.284207910299301 0.276974886655807 0.269334942102432 0.261545687913895 0.249877944588661 0.243824541568756 0.240579470992088 0.236189588904381 0.228675529360771 0.221683964133263 0.213062167167664 0.205474406480789 0.194465935230255 0.193047910928726 0.173246532678604 0.176980122923851 0.159762248396873 0.160720944404602
-3.4e+38 -3.4e+38 -3.4e+38 -3.4e+38 -3.4e+38 -3.4e+38 -3.4e+38 -3.4e+38 -3.4e+38 -3.4e+38 -3.4e+38 0.417813897132874 0.485217124223709 0.478695511817932 0.416486173868179 0.4057876765728 0.289893060922623 0.318345934152603 0.203848168253899 0.203022599220276 0.279377639293671 0.300963044166565 0.230117946863174 0.256570816040039 0.259237349033356 0.258885622024536 0.28431361913681 0.288937211036682 0.2762590944767 0.300403565168381 0.298684537410736 0.31193083524704 0.327650964260101 0.316902190446854 0.302044689655304 0.292044430971146 0.268083184957504 0.255167424678802 0.273521393537521 0.257096201181412 0.260026931762695 0.242668375372887 0.242852091789246 0.223720595240593 0.224843770265579 0.21673709154129 0.210260286927223 0.209992200136185 0.204426720738411 0.18171451985836 0.171922743320465 0.180987179279327 0.174691453576088 0.16838401556015 0.152907237410545
-3.4e+38 -3.4e+38 -3.4e+38 -3.4e+38 -3.4e+38 -3.4e+38 -3.4e+38 -3.4e+38 -3.4e+38 -3.4e+38 -3.4e+38 0.39464458823204 0.417159974575043 0.47930508852005 0.363754689693451 0.488457560539246 0.419312417507172 0.34284833073616 0.369662016630173 0.246156930923462 0.3346908390522 0.302121222019196 0.270927935838699 0.292072743177414 0.273237705230713 0.26285845041275 0.263151049613953 0.282366245985031 0.283530801534653 0.312298387289047 0.301711738109589 0.292531788349152 0.289733290672302 0.28596019744873 0.277550101280212 0.291387051343918 0.279511362314224 0.258053094148636 0.252829730510712 0.249118402600288 0.235443159937859 0.245901718735695 0.22478161752224 0.221619054675102 0.212538927793503 0.209806069731712 0.215633034706116 0.204232960939407 0.189419567584991 0.185712769627571 0.16525162756443 0.174620360136032 0.167720124125481 0.16355873644352 0.162003099918365
-3.4e+38 -3.4e+38 -3.4e+38 -3.4e+38 -3.4e+38 -3.4e+38 -3.4e+38 -3.4e+38 -3.4e+38 -3.4e+38 -3.4e+38 0.38959676027298 0.409555405378342 0.467948257923126 0.476359367370605 0.411556303501129 0.462540239095688 0.471920788288116 0.379625082015991 0.341273814439774 0.319423735141754 0.354678511619568 0.312735587358475 0.313364744186401 0.280115306377411 0.300430685281754 0.295928239822388 0.294914722442627 0.282038867473602 0.299992799758911 0.312210768461227 0.292848348617554 0.2887182533741 0.277230769395828 0.276435643434525 0.271169096231461 0.264571726322174 0.253732591867447 0.250035166740417 0.237586304545403 0.228287503123283 0.219313681125641 0.225218147039413 0.225778162479401 0.21257221698761 0.207530245184898 0.1983382999897 0.189650878310204 0.180672392249107 0.172377079725266 0.165784984827042 0.168171957135201 0.161891087889671 0.155224546790123 0.152515709400177
0.407774239778519 -3.4e+38 -3.4e+38 -3.4e+38 -3.4e+38 -3.4e+38 -3.4e+38 -3.4e+38 -3.4e+38 -3.4e+38 -3.4e+38 -3.4e+38 0.417513638734818 0.412314265966415 0.483493357896805 0.481467634439468 0.533701181411743 0.430665373802185 0.531259000301361 0.526287376880646 0.166648238897324 0.238892838358879 0.462306767702103 0.444952964782715 0.375448644161224 0.335471540689468 0.304656893014908 0.29967126250267 0.295037060976028 0.303211212158203 0.281935006380081 0.297050386667252 0.277134984731674 0.278110384941101 0.279473036527634 0.257610589265823 0.259062170982361 0.243016675114632 0.233599215745926 0.242552042007446 0.237414360046387 0.220785811543465 0.208263531327248 0.199018284678459 0.193696945905685 0.185116738080978 0.193474888801575 0.18223412334919 0.167530164122581 0.156992003321648 0.158464401960373 0.159254878759384 0.147699370980263 0.153079733252525 0.151158258318901
-3.4e+38 -3.4e+38 -3.4e+38 -3.4e+38 -3.4e+38 -3.4e+38 -3.4e+38 -3.4e+38 -3.4e+38 -3.4e+38 -3.4e+38 -3.4e+38 0.409203082323074 0.413873612880707 0.475797355175018 0.641438901424408 0.547995090484619 0.291139096021652 0.405595570802689 0.51663726568222 0.418103575706482 0.0900171622633934 0.118510529398918 0.320538252592087 0.50314849615097 0.455338150262833 0.406609356403351 0.337768822908401 0.308556705713272 0.310448855161667 0.295694768428802 0.307516574859619 0.289875149726868 0.274908125400543 0.268490046262741 0.248784571886063 0.265020847320557 0.243897810578346 0.227761492133141 0.235035493969917 0.238789454102516 0.22408664226532 0.21917799115181 0.188820391893387 0.1800167709589 0.18613412976265 0.17595037817955 0.173344567418098 0.159974813461304 0.151966333389282 0.146799951791763 0.145693093538284 0.146316483616829 0.13469660282135 0.148047119379044
-3.4e+38 -3.4e+38 -3.4e+38 -3.4e+38 -3.4e+38 -3.4e+38 -3.4e+38 -3.4e+38 -3.4e+38 -3.4e+38 -3.4e+38 -3.4e+38 0.422043114900589 0.39808714389801 0.417999535799026 0.661388516426086 0.277803599834442 0.357158184051514 0.281827807426453 0.609979808330536 0.548100352287292 0.28637757897377 0.141925111413002 0.242754027247429 0.360894918441772 0.443417906761169 0.395826190710068 0.490956962108612 0.40227484703064 0.334606379270554 0.305350065231323 0.296360850334167 0.277757465839386 0.275858998298645 0.249449580907822 0.231802150607109 0.248471662402153 0.244921937584877 0.221732452511787 0.211387276649475 0.218145877122879 0.220399811863899 0.217113673686981 0.189022898674011 0.173551544547081 0.172040924429893 0.169580429792404 0.156073018908501 0.141346305608749 0.132905319333076 0.139194592833519 0.13761930167675 0.136319950222969 0.143996119499207 0.140135064721107
-3.4e+38 -3.4e+38 -3.4e+38 -3.4e+38 -3.4e+38 -3.4e+38 -3.4e+38 -3.4e+38 -3.4e+38 -3.4e+38 -3.4e+38 -3.4e+38 -3.4e+38 0.394654422998428 0.405481398105621 0.597424030303955 0.700355648994446 0.690181851387024 0.456313252449036 0.238691881299019 0.549846947193146 0.487414628267288 0.200905546545982 0.108626320958138 0.323186159133911 0.366862177848816 0.540428459644318 0.497824609279633 0.492230385541916 0.38015878200531 0.31643134355545 0.28338161110878 0.291362136602402 0.273410379886627 0.263466209173203 0.240930944681168 0.232731774449348 0.223286092281342 0.217609271407127 0.202945843338966 0.202489241957664 0.202716916799545 0.188734218478203 0.18485452234745 0.16766719520092 0.163644939661026 0.162451833486557 0.152209177613258 0.139776185154915 0.130453377962112 0.122976958751678 0.128660321235657 0.140645697712898 0.131270930171013 0.130091354250908
-3.4e+38 -3.4e+38 -3.4e+38 -3.4e+38 -3.4e+38 -3.4e+38 -3.4e+38 -3.4e+38 -3.4e+38 -3.4e+38 -3.4e+38 -3.4e+38 -3.4e+38 0.409802705049515 0.417634129524231 0.44303435087204 0.532054007053375 0.718517541885376 0.584963262081146 0.189274489879608 0.252617657184601 0.413716703653336 0.396767914295197 0.353620499372482 0.489519745111465 0.528612017631531 0.524707734584808 0.506042838096619 0.490365535020828 0.391772717237473 0.340747863054276 0.301629483699799 0.284715801477432 0.28188756108284 0.263792842626572 0.262698024511337 0.250082045793533 0.226103261113167 0.218113169074059 0.206268936395645 0.191997796297073 0.179034382104874 0.179290145635605 0.173026129603386 0.155208677053452 0.161556378006935 0.155785173177719 0.147023290395737 0.13397803902626 0.132616743445396 0.118467435240746 0.127342224121094 0.127562299370766 0.125772535800934 0.124637678265572
-3.4e+38 -3.4e+38 -3.4e+38 -3.4e+38 -3.4e+38 -3.4e+38 -3.4e+38 -3.4e+38 -3.4e+38 -3.4e+38 -3.4e+38 -3.4e+38 -3.4e+38 0.398492306470871 0.402595072984695 0.412344455718994 0.443407148122787 0.507656037807465 0.712620377540588 0.536474049091339 0.274380207061768 0.168012589216232 0.170511275529861 0.224781036376953 0.384590178728104 0.534980177879333 0.523559510707855 0.476468056440353 0.444849342107773 0.451065629720688 0.353434175252914 0.340919703245163 0.302080750465393 0.287540435791016 0.26983854174614 0.26796093583107 0.262896835803986 0.250328242778778 0.221303626894951 0.205340459942818 0.193972438573837 0.173327460885048 0.167542338371277 0.158719792962074 0.173852726817131 0.165761977434158 0.155609086155891 0.138222023844719 0.13028310239315 0.126120984554291 0.130949795246124 0.126999422907829 0.120042726397514 0.123457230627537 0.120464064180851
