data/climate_estimation/maxent_output/Smilax_glabra.asc
NCOLS 295 
NROWS 270 
XLLCORNER 97.75 
YLLCORNER 11 
CELLSIZE 0.0833333333333333 
NODATA_value -3.4e+38 
[rows 21 to 41 of 270, columns 0 to 48 of 295]
0.000519612745847553 0.000571236421819776 0.000493451487272978 0.000471074221422896 0.000627192435786128 0.000517700624186546 0.000698821211699396 0.000937758712098002 0.000722772674635053 0.00228484463877976 0.0011256851721555 0.00071737018879503 0.000759777496568859 0.000798219465650618 0.000736589427106082 0.000723882287275046 0.000553981284610927 0.000549363496247679 0.000642963394057006 0.000662536884192377 0.00069695885758847 0.000830138742458075 0.00151654414366931 0.00183751818258315 0.00160170451272279 0.00124775210861117 0.001517069991678 0.00192685076035559 0.00192124280147254 0.00384238571859896 0.00240652286447585 0.00288422941230237 0.0033351038582623 0.00265232939273119 0.00289022526703775 0.00314300460740924 0.00305019901134074 0.00369392661377788 0.00350483763031662 0.00319704017601907 0.00372710125520825 0.00360868219286203 0.00505056418478489 0.00416361400857568 0.00488307606428862 0.0102975536137819 0.00394795602187514 0.00770264212042093 0.00514733651652932
0.000397141760913655 0.000462504365714267 0.000532221689354628 0.000553053629118949 0.000576541875489056 0.000551046745385975 0.000675328890793025 0.00103584874887019 0.000610906456131488 0.00109493045601994 0.00178805203177035 0.000684381404425949 0.000762087816838175 0.0006809908663854 0.00094759656349197 0.00121025799307972 0.000790179299656302 0.000755845394451171 0.000764731492381543 0.000609168084338307 0.000652912422083318 0.000598833372350782 0.000669071159791201 0.00157259660772979 0.00193484558258206 0.00282860128208995 0.00361098744906485 0.00383599009364843 0.00208579050377011 0.00281137065030634 0.00375121715478599 0.00313364458270371 0.0026737607549876 0.00335690192878246 0.0031840989831835 0.00335901067592204 0.00346068409271538 0.00391169730573893 0.00421230075880885 0.00293310079723597 0.00326440343633294 0.00404016859829426 0.00429002847522497 0.00419337674975395 0.0084377983585 0.00483768153935671 0.00449680862948298 0.00564275775104761 0.00580708310008049
0.000406994979130104 0.000390125176636502 0.000398657168261707 0.000607463007327169 0.000460660143289715 0.000617981830146164 0.000679335847962648 0.00083938502939418 0.000922784791328013 0.000794329447671771 0.000786535907536745 0.0017159377457574 0.000751095416489989 0.00080226210411638 0.000676507828757167 0.00103400624357164 0.000898478378076106 0.000964828010182828 0.00123205012641847 0.000895558216143399 0.000687915540765971 0.000804422365035862 0.00105858908500522 0.00105520931538194 0.000876426289323717 0.000996241578832269 0.00129829754587263 0.00190696341451257 0.00248650880530477 0.00212535494938493 0.0019759030546993 0.00237626838497818 0.00388994114473462 0.00374279613606632 0.00316881597973406 0.00348929967731237 0.00329018360935152 0.00370297045446932 0.00369126326404512 0.0034940424375236 0.00370413507334888 0.0036597172729671 0.00412656553089619 0.00628878502175212 0.0046526244841516 0.00556457368656993 0.0060472609475255 0.00695029366761446 0.00705019664019346
0.000369768182281405 0.000329660368151963 0.000502990442328155 0.000523645372595638 0.000652906426694244 0.000671863323077559 0.000508826167788357 0.000503810006193817 0.00164459773804992 0.000684706319589168 0.00051206856733188 0.000788802746683359 0.00176509295124561 0.00137909525074065 0.00121443881653249 0.00103899394161999 0.0008194605470635 0.00109118805266917 0.00142398127354681 0.00127467571292073 0.0012741656973958 0.000790308113209903 0.000840086257085204 0.00104618014302105 0.00102418754249811 0.000839444634038955 0.00132310134358704 0.00126285047736019 0.00200503855012357 0.00152895587962121 0.00206042360514402 0.00184231193270534 0.00275633158162236 0.00380672561004758 0.00377367553301156 0.00423977058380842 0.00346443941816688 0.00330268242396414 0.00401347875595093 0.00377683318220079 0.0040746396407485 0.00472432421520352 0.00534655712544918 0.0046831127256155 0.00553673412650824 0.00490694073960185 0.00510713504627347 0.00544027937576175 0.00637604529038072
0.000397576950490475 0.000432381260907277 0.000547190313227475 0.000470860453788191 0.000719804782420397 0.000542666763067245 0.000392785004805773 0.000441457028500736 0.000660824181977659 0.00125772098544985 0.00101325521245599 0.000919861602596939 0.0007262714789249 0.00216151494532824 0.00191741692833602 0.00137622642796487 0.00172636983916163 0.00104202004149556 0.00100758112967014 0.000939356803428382 0.000971589586697519 0.00133452098816633 0.000954430841375142 0.000976309238467366 0.00107551633846015 0.00126038352027535 0.00127354275900871 0.00116914452519268 0.00165094679687172 0.00306912255473435 0.00189165212213993 0.00232541607692838 0.00216974969953299 0.0027690576389432 0.00329874875023961 0.0045342268422246 0.00352346547879279 0.00374192674644291 0.00409335782751441 0.00403438042849302 0.00491001503542066 0.00429066503420472 0.00536805624142289 0.00544301653280854 0.00530132697895169 0.00484894728288054 0.00540693569928408 0.00618090853095055 0.00629541464149952
0.000342860323144123 0.000339527003234252 0.000518834742251784 0.000583239481784403 0.000574570382013917 0.000568382441997528 0.000476107379654422 0.000354306888766587 0.000594635726884007 0.00150380691047758 0.00143067073076963 0.00163635623175651 0.00133792671840638 0.00084376335144043 0.000899984210263938 0.000673103961162269 0.000875925994478166 0.000990492524579167 0.000808704528026283 0.000917922472581267 0.00101045169867575 0.000924828345887363 0.00103346398100257 0.00102640117984265 0.00106942316051573 0.00127218407578766 0.00120187306310982 0.00145337032154202 0.00185786944348365 0.00226902542635798 0.0022971760481596 0.00203463551588356 0.00200444087386131 0.00280010560527444 0.00294110341928899 0.00355953350663185 0.00512838317081332 0.00387243344448507 0.00392187247052789 0.00430421438068151 0.00451482506468892 0.00383790000341833 0.00445918971672654 0.00494210561737418 0.00572961615398526 0.0067063020542264 0.00763579690828919 0.006945273373276 0.00690298108384013
0.000286691443761811 0.00045158647117205 0.000529113633092493 0.000574015837628394 0.000593458593357354 0.00039913912769407 0.000370835798094049 0.000527763564605266 0.000744799559470266 0.00112760334741324 0.00137007376179099 0.000607352587394416 0.001141999498941 0.000841766013763845 0.000482998002553359 0.000588836788665503 0.000564135960303247 0.000717185612302274 0.000609712558798492 0.000733756576664746 0.000764380325563252 0.000982598634436727 0.00111350312363356 0.00118241657037288 0.00107671949081123 0.00114870583638549 0.00117605098057538 0.00127555336803198 0.00149988662451506 0.00205715326592326 0.0034010955132544 0.00195778929628432 0.00240302248857915 0.00273436005227268 0.00245521264150739 0.00358498422428966 0.00491802720353007 0.0055989739485085 0.00454115867614746 0.00431925570592284 0.00434259604662657 0.00480417581275105 0.00492163002490997 0.00595102645456791 0.00569781474769115 0.00506697362288833 0.00658555002883077 0.0072903991676867 0.0075661139562726
0.000351644499460235 0.000301901629427448 0.000519268272910267 0.000520562287420034 0.00068871327675879 0.000573448778595775 0.000338102079695091 0.000568562129046768 0.000591724819969386 0.000538746127858758 0.000681951933074743 0.00110618385951966 0.000586574838962406 0.000993325840681791 0.00114176492206752 0.000898386060725898 0.000922907202038914 0.000623595260549337 0.000640422047581524 0.000872037780936807 0.000729377381503582 0.000802112452220172 0.00101808435283601 0.00111848511733115 0.00129269727040082 0.00113359384704381 0.00127200805582106 0.0014051606412977 0.00166907929815352 0.00171423784922808 0.00238814461044967 0.00258590606972575 0.00245105847716331 0.00223576813004911 0.00239102751947939 0.0028992269653827 0.00337469857186079 0.00403894623741508 0.0056669544428587 0.00391358323395252 0.00402410933747888 0.00469631981104612 0.00483136810362339 0.00551334396004677 0.00483512179926038 0.00744750071316957 0.0058165630325675 0.0077621703967452 0.0083560748025775
0.000279558822512627 0.000308725982904434 0.000442963180830702 0.000545111077371985 0.000639789504930377 0.000632671755738556 0.000634281139355153 0.000612199830356985 0.00091724970843643 0.000635950593277812 0.000882846070453525 0.00114085956010967 0.00109569949563593 0.000814658822491765 0.000639817968476564 0.000886318797711283 0.000927621964365244 0.000992431305348873 0.00109210796654224 0.000661478552501649 0.000729343155398965 0.00102026644162834 0.00110806513112038 0.0010832897387445 0.000963300408329815 0.00123057269956917 0.00121414300519973 0.00143012765329331 0.00194638501852751 0.00233042147010565 0.00237457687035203 0.00294589181430638 0.00241514993831515 0.00255569932051003 0.00251665827818215 0.002907999092713 0.00409797299653292 0.00407626526430249 0.0036611701361835 0.00648027332499623 0.00580932572484016 0.00542193045839667 0.00592295406386256 0.00593134528025985 0.00642352877184749 0.0122149456292391 0.0100475689396262 0.00801776349544525 0.0097658559679985
0.000313961470965296 0.000366982276318595 0.000314093776978552 0.000333670875988901 0.000473011750727892 0.000624676467850804 0.000727598555386066 0.000581275555305183 0.000581705418881029 0.000559805368538946 0.00056991312885657 0.000537335581611842 0.00103815889451653 0.000688392610754818 0.000603117747232318 0.000746431353036314 0.00062590918969363 0.000677699223160744 0.000789548445027322 0.000813599734101444 0.00075347360689193 0.00106725457590073 0.00125697418116033 0.00111488928087056 0.00115953211206943 0.00139482575468719 0.00131824670825154 0.0018414359074086 0.0017284678760916 0.00220919284038246 0.00279762945137918 0.00224820734001696 0.00245998660102487 0.00268206559121609 0.00275314063765109 0.00300211855210364 0.00343630881980062 0.00463250791653991 0.0038513052277267 0.00413623498752713 0.00583855388686061 0.00620209472253919 0.00488584721460938 0.00723454728722572 0.00888395868241787 0.00737537303939462 0.00769189279526472 0.0129899485036731 0.00945965014398098
0.000294819212285802 0.000407223269576207 0.000359194091288373 0.000508171389810741 0.000573060009628534 0.000629725633189082 0.000718498602509499 0.000634940050076693 0.000449220708105713 0.000495325133670121 0.000445471581770107 0.00055449508363381 0.00105554691981524 0.000797385117039084 0.000671614368911833 0.000655429670587182 0.000729389255866408 0.000600909756030887 0.000861300504766405 0.000699528434779495 0.000737719121389091 0.000978966942057014 0.00126653234474361 0.00107526895590127 0.00120189879089594 0.00117853889241815 0.00146844715345651 0.00182174786459655 0.00208859704434872 0.00257646199315786 0.00247841887176037 0.00235575484111905 0.00255101686343551 0.00321017834357917 0.0036532951053232 0.00334117631427944 0.00337692652828991 0.00416800240054727 0.00420842412859201 0.00427897972986102 0.00767607195302844 0.00442807795479894 0.00550377788022161 0.00800472311675549 0.00590208545327187 0.00639248173683882 0.00772010674700141 0.00776182627305388 0.0150392558425665
0.000449399463832378 0.000442909047706053 0.000427329418016598 0.000451792497187853 0.000466401601443067 0.00041188855539076 0.000573163793887943 0.000571934739127755 0.000520436558872461 0.000459512521047145 0.000572666933294386 0.000528200063854456 0.000453107582870871 0.0010186203289777 0.00105551828164607 0.00100290705449879 0.000650658970698714 0.00054531340720132 0.000618468679022044 0.000780258269514889 0.00069761648774147 0.000843534013256431 0.00121310784015805 0.00111024791840464 0.00117663422133774 0.00127646955661476 0.00166424759663641 0.00210834876634181 0.00276708253659308 0.00210548681207001 0.00225305487401783 0.00248528365045786 0.00258686509914696 0.00285135768353939 0.00377720361575484 0.00425928644835949 0.0039400695823133 0.00405263528227806 0.0045956689864397 0.0051583512686193 0.00612390413880348 0.00562225002795458 0.00602355925366282 0.00612940778955817 0.00661619426682591 0.0105634517967701 0.0102397128939629 0.0148264123126864 0.0166056882590055
0.000585458823479712 0.000390990637242794 0.000497677712701261 0.000345158390700817 0.000385493622161448 0.000488670193590224 0.000549034914001822 0.000622173014562577 0.000560059910640121 0.000515645486302674 0.00042020613909699 0.000508800789248198 0.000477221357868984 0.000861108943354338 0.000924046384170651 0.000815854524262249 0.000828287214972079 0.000651973183266819 0.000597585458308458 0.000658952572848648 0.00071283639408648 0.000846959825139493 0.00101171201094985 0.00111512141302228 0.00117746728938073 0.00150544417556375 0.00166495691519231 0.00183916208334267 0.00198062555864453 0.0030977597925812 0.00285503664053977 0.0026861485093832 0.00278967223130167 0.00346327573060989 0.00350748538039625 0.00406071031466126 0.00455783447250724 0.00468904478475451 0.00463040918111801 0.00561162689700723 0.0057985452003777 0.005367377307266 0.00785975251346827 0.00839348789304495 0.00771270412951708 0.00802221987396479 0.0109103312715888 0.00926922168582678 0.0117771821096539
0.000711877713911235 0.000356696167727932 0.000676498224493116 0.00047066601109691 0.000497748085763305 0.000484311691252515 0.000541331595741212 0.000500423309858888 0.000542409135960042 0.000451895204605535 0.000416619383031502 0.000442286109318957 0.000457771908259019 0.000747882819268852 0.000987596577033401 0.000548698124475777 0.000708191480953246 0.000724135024938732 0.000809005810879171 0.000624610518570989 0.000770338927395642 0.000808478740509599 0.000860049214679748 0.000937649514526129 0.00123222556430846 0.00149073055945337 0.00148010603152215 0.00158176198601723 0.00231017428450286 0.00237750937230885 0.00328998849727213 0.00261667696759105 0.00329335988499224 0.00368487671948969 0.00418699812144041 0.0044830315746367 0.00476736994460225 0.00409566704183817 0.00515246437862515 0.00548576097935438 0.00633761938661337 0.00569986691698432 0.00717189535498619 0.00735084060579538 0.0080430256202817 0.00973128713667393 0.00899530481547117 0.013991741463542 0.0126223089173436
0.000917417230084538 0.000942102109547704 0.000688493833877146 0.000742885342333466 0.000700751610565931 0.000611075840424746 0.000543863221537322 0.000469543039798737 0.000452893640613183 0.000525889336131513 0.000488617864903063 0.000462584372144192 0.000497633765917271 0.000716522976290435 0.00108806719072163 0.000528190576005727 0.000575549376662821 0.000803229457233101 0.000738999107852578 0.0006711267051287 0.000834959442727268 0.000976635375991464 0.00109252647962421 0.00100553454831243 0.00129211810417473 0.00117966521065682 0.00134189787786454 0.00224241730757058 0.00204993411898613 0.00229483167640865 0.00269864941947162 0.00372676504775882 0.00344036892056465 0.00334861874580383 0.00372931663878262 0.0049895029515028 0.00528878113254905 0.00558934547007084 0.00474259303882718 0.00485920533537865 0.00624741055071354 0.00636288244277239 0.00765314046293497 0.00849974807351828 0.00835668481886387 0.00908222235739231 0.00999748054891825 0.013246925547719 0.0135487839579582
0.000463099248008803 0.000517490552738309 0.000720190582796931 0.000502840615808964 0.000560406129807234 0.000642213097307831 0.000556223501916975 0.000518593238666654 0.000506886339280754 0.00050607486627996 0.000563021341804415 0.000471578125143424 0.000485828408272937 0.000600262603256851 0.000903165724594146 0.00069333182182163 0.000514260435011238 0.00065604574047029 0.00065591576276347 0.000727660546544939 0.000952178961597383 0.00109526142477989 0.00113707955460995 0.000939107965677977 0.00141943758353591 0.00141420669388026 0.00132737832609564 0.00217839051038027 0.00308399484492838 0.00265582790598273 0.00266043515875936 0.00343993096612394 0.00328003102913499 0.00328271999023855 0.00459582637995481 0.00430230749770999 0.00523146940395236 0.00629580020904541 0.00626559043303132 0.00666508357971907 0.00656008254736662 0.00682986853644252 0.00851896498352289 0.00851916335523129 0.00749002769589424 0.0100310686975718 0.0116972597315907 0.010315103456378 0.011611420661211
0.000769355159718543 0.000425438658567145 0.000473787309601903 0.000625558372121304 0.00057516002561897 0.000507502933032811 0.000536362582352012 0.000607615220360458 0.000598512997385114 0.000453858054243028 0.000482173927593976 0.000467971491161734 0.000485420954646543 0.000684980710502714 0.000821711786556989 0.000545164395589381 0.000574988836888224 0.000737904221750796 0.000776937115006149 0.000811976031400263 0.00079607346560806 0.00106610252987593 0.000869984796736389 0.00116675603203475 0.00140347541309893 0.00165955594275147 0.00141580635681748 0.00241333246231079 0.00242254929617047 0.00230958103202283 0.00392134580761194 0.00328502175398171 0.0038574356585741 0.00452968385070562 0.00490820687264204 0.00492509128525853 0.00457983138039708 0.00532105751335621 0.00503760389983654 0.00721194874495268 0.00602281652390957 0.00768368924036622 0.00786725152283907 0.00966755300760269 0.0105951307341456 0.0108018927276134 0.0116979666054249 0.00996805354952812 0.0135305114090443
0.000996968592517078 0.000936283962801099 0.00104997190646827 0.000636909797322005 0.000716271111741662 0.000600089435465634 0.000519196502864361 0.000548803829587996 0.000511345569975674 0.000555798877030611 0.000542748486623168 0.000573663040995598 0.000577671860810369 0.000740065705031157 0.000793890270870179 0.0005770607967861 0.000692558591254056 0.000907601090148091 0.00102702213916928 0.000903310778085142 0.00102177110966295 0.000953929964452982 0.00108266540337354 0.00133947236463428 0.00138766667805612 0.0015323287807405 0.00205603521317244 0.00180467439349741 0.00196340470574796 0.00241970014758408 0.00382241001352668 0.00413598259910941 0.00389161566272378 0.00486924545839429 0.00504720723256469 0.0056167864240706 0.00544792786240578 0.00699636340141296 0.00473571242764592 0.00575486710295081 0.00667013647034764 0.00760609284043312 0.00807156879454851 0.00965184904634953 0.0114656835794449 0.012174516916275 0.0118094384670258 0.0113559849560261 0.0167336650192738
0.000521743262652308 0.00085388426668942 0.00133749621454626 0.000676322670187801 0.000504054769407958 0.000575528189074248 0.000567423820029944 0.000499880872666836 0.000554557074792683 0.000607188267167658 0.000640015117824078 0.000617886718828231 0.000523944210726768 0.000569867203012109 0.000928828143514693 0.00050198711687699 0.000695003662258387 0.000917934812605381 0.000917126075364649 0.000789279816672206 0.000903792912140489 0.000921967148315161 0.00100025103893131 0.00132501404732466 0.00134090997744352 0.00161096558440477 0.00195191649254411 0.00197423342615366 0.00205411016941071 0.00258354377001524 0.00339632877148688 0.00425488734617829 0.00348719279281795 0.00436793966218829 0.00574807217344642 0.00506743928417563 0.00530244549736381 0.00560763338580728 0.00673021515831351 0.00580312544479966 0.00737509224563837 0.00778739899396896 0.00822938792407513 0.0111988736316562 0.0125429658219218 0.0135456053540111 0.0143197923898697 0.0160990934818983 0.014067062176764
0.000384933548048139 0.000423143588704988 0.00167141249403358 0.000808148528449237 0.000636613345704973 0.000506621086969972 0.000508231925778091 0.000548999931197613 0.000604522123467177 0.000638417957816273 0.000527375086676329 0.000509379198774695 0.000536339997779578 0.000551421369891614 0.000847517570946366 0.00109725643415004 0.000791833153925836 0.00124416896142066 0.000860293221194297 0.00092253478942439 0.000765407748986036 0.00117812887765467 0.00131909491028637 0.00131424248684198 0.00178582640364766 0.00200994964689016 0.00194400269538164 0.0026947760488838 0.00306260236538947 0.00309277465566993 0.00433701649308205 0.0044585126452148 0.00426807114854455 0.00505699496716261 0.00546680390834808 0.00540040014311671 0.00672955671325326 0.00582813378423452 0.00566286873072386 0.00734891602769494 0.00652432208880782 0.008544004522264 0.00857360567897558 0.0105359302833676 0.00999675411731005 0.0145402057096362 0.015445371158421 0.0146489161998034 0.0136988908052444
0.000423899909947067 0.000497305823955685 0.00078718812437728 0.00137379346415401 0.000773843086790293 0.000713779008947313 0.000713530520442873 0.000563042180147022 0.000562783156055957 0.000658802804537117 0.000552796525880694 0.000509281177073717 0.000680808268953115 0.000662370061036199 0.00058110652025789 0.000999391893856227 0.00132559542544186 0.000687193649355322 0.000813481863588095 0.000831912911962718 0.000888610258698463 0.000921726285014302 0.00112273986451328 0.00150200352072716 0.00136143667623401 0.00179527315776795 0.00178960931953043 0.00259903306141496 0.00347570772282779 0.00492629082873464 0.0040499628521502 0.00505060469731688 0.00380321592092514 0.00455612316727638 0.00613264739513397 0.00721598835662007 0.00548981223255396 0.00650939764454961 0.00650763418525457 0.00752708036452532 0.00648734206333756 0.00919283553957939 0.00897860247641802 0.0107290232554078 0.0113900527358055 0.0158449821174145 0.0167588368058205 0.0171460416167974 0.0162083525210619
