data/climate_estimation/maxent_output/Smilax_lanceifolia.asc
NCOLS 375 
NROWS 447 
XLLCORNER 91.3333333333333 
YLLCORNER -6.33333333333333 
CELLSIZE 0.0833333333333333 
NODATA_value -3.4e+38 
[rows 168 to 191 of 447, columns 162 to 215 of 375]
0.101856507360935 0.101589255034924 0.125527486205101 0.128346815705299 0.141127958893776 0.140970006585121 0.159952446818352 0.190819934010506 0.218334302306175 0.24338886141777 0.272841483354568 0.304748922586441 0.381705045700073 0.457761943340302 0.549541473388672 0.585491359233856 0.578096866607666 0.658597648143768 0.603953778743744 0.643253147602081 0.668099403381348 0.685234606266022 0.711391687393188 0.761244356632233 0.6002596616745 0.591457664966583 0.581471741199493 0.622978448867798 0.642672717571259 0.651740312576294 -3.4e+38 -3.4e+38 -3.4e+38 -3.4e+38 -3.4e+38 -3.4e+38 -3.4e+38 -3.4e+38 -3.4e+38 -3.4e+38 -3.4e+38 -3.4e+38 -3.4e+38 -3.4e+38 -3.4e+38 -3.4e+38 -3.4e+38 -3.4e+38 -3.4e+38 -3.4e+38 -3.4e+38 -3.4e+38 -3.4e+38 -3.4e+38
0.103651538491249 0.100988239049911 0.0967849269509315 0.126847684383392 0.121463410556316 0.129725724458694 0.135687410831451 0.162837117910385 0.187121510505676 0.205383792519569 0.244565308094025 0.264454156160355 0.321767598390579 0.354870289564133 0.402635425329208 0.533734261989594 0.58142626285553 0.543424725532532 0.578056693077087 0.672788143157959 0.707038938999176 0.758400678634644 0.691191911697388 0.706030368804932 0.540139734745026 0.572347283363342 0.616468667984009 0.661886215209961 0.663391768932343 0.658889412879944 0.659302771091461 -3.4e+38 -3.4e+38 -3.4e+38 -3.4e+38 -3.4e+38 -3.4e+38 -3.4e+38 -3.4e+38 -3.4e+38 -3.4e+38 -3.4e+38 -3.4e+38 -3.4e+38 -3.4e+38 -3.4e+38 -3.4e+38 -3.4e+38 -3.4e+38 -3.4e+38 -3.4e+38 -3.4e+38 -3.4e+38 -3.4e+38
0.0520327053964138 0.0506535023450851 0.0931095406413078 0.0873573794960976 0.116732634603977 0.112092792987823 0.118487596511841 0.151050582528114 0.158769696950912 0.180050119757652 0.193585276603699 0.224843859672546 0.277393609285355 0.315458953380585 0.336484283208847 0.456850409507751 0.538633704185486 0.572733402252197 0.602791666984558 0.558274149894714 0.669110417366028 0.687947928905487 0.645351767539978 0.642661809921265 0.484737694263458 0.52532172203064 0.600184977054596 0.65979415178299 0.689683139324188 0.667385220527649 0.660454452037811 0.650935411453247 -3.4e+38 -3.4e+38 -3.4e+38 -3.4e+38 -3.4e+38 -3.4e+38 -3.4e+38 -3.4e+38 -3.4e+38 -3.4e+38 -3.4e+38 -3.4e+38 -3.4e+38 -3.4e+38 -3.4e+38 -3.4e+38 -3.4e+38 -3.4e+38 -3.4e+38 -3.4e+38 -3.4e+38 -3.4e+38
0.0533193685114384 0.0506500974297523 0.046056117862463 0.0846957713365555 0.0823338553309441 0.0847616866230965 0.10930622369051 0.130160108208656 0.145543396472931 0.156704962253571 0.160567969083786 0.191466137766838 0.219328552484512 0.261086851358414 0.297093063592911 0.370813935995102 0.42716857790947 0.499437272548676 0.563193678855896 0.501124262809753 0.542868435382843 0.565131723880768 0.596744775772095 0.61070841550827 0.638546049594879 0.471294671297073 0.511701047420502 0.598583698272705 0.685478568077087 0.682910144329071 0.668429732322693 0.651983201503754 0.628153026103973 0.598820984363556 -3.4e+38 -3.4e+38 -3.4e+38 -3.4e+38 -3.4e+38 -3.4e+38 -3.4e+38 -3.4e+38 -3.4e+38 -3.4e+38 -3.4e+38 -3.4e+38 -3.4e+38 -3.4e+38 -3.4e+38 -3.4e+38 -3.4e+38 -3.4e+38 -3.4e+38 -3.4e+38
0.0491432547569275 0.0486172810196877 0.045464564114809 0.0395999401807785 0.0714390799403191 0.0766631439328194 0.0906563624739647 0.0895605236291885 0.116374157369137 0.128894925117493 0.14166696369648 0.155379921197891 0.183748736977577 0.211280345916748 0.254299402236938 0.303282737731934 0.325886964797974 0.419329106807709 0.512128412723541 0.547359585762024 0.517107009887695 0.534259855747223 0.561620056629181 0.585636854171753 0.593225479125977 0.613232433795929 0.624572396278381 0.498924642801285 0.577341258525848 0.665164113044739 0.660309374332428 0.6371209025383 0.630599141120911 0.592999577522278 0.571349322795868 -3.4e+38 -3.4e+38 -3.4e+38 -3.4e+38 -3.4e+38 -3.4e+38 -3.4e+38 -3.4e+38 -3.4e+38 -3.4e+38 -3.4e+38 -3.4e+38 -3.4e+38 -3.4e+38 -3.4e+38 -3.4e+38 -3.4e+38 -3.4e+38 -3.4e+38
0.0505729541182518 0.0456910170614719 0.0407512187957764 0.0356185100972652 0.03424072265625 0.0333843864500523 0.0800096541643143 0.0844518840312958 0.0853842794895172 0.120696544647217 0.120437383651733 0.135041117668152 0.152061730623245 0.171475037932396 0.195501491427422 0.260476976633072 0.31105101108551 0.358841896057129 0.475211560726166 0.508585751056671 0.539191901683807 0.501854598522186 0.504124104976654 0.539642810821533 0.684910297393799 0.579278945922852 0.597992956638336 0.695168733596802 0.471021205186844 0.548418700695038 0.656679153442383 0.688768029212952 0.643966615200043 0.615244567394257 0.567576944828033 0.529878556728363 0.512142777442932 -3.4e+38 -3.4e+38 -3.4e+38 -3.4e+38 -3.4e+38 -3.4e+38 -3.4e+38 -3.4e+38 -3.4e+38 -3.4e+38 -3.4e+38 -3.4e+38 -3.4e+38 -3.4e+38 -3.4e+38 -3.4e+38 -3.4e+38
0.0465022772550583 0.040810227394104 0.0381912514567375 0.0352872982621193 0.0315438136458397 0.0351057574152946 0.0735739171504974 0.0776872485876083 0.0806922763586044 0.080387070775032 0.111309982836246 0.119936168193817 0.138315111398697 0.150376379489899 0.177455097436905 0.210713729262352 0.274488270282745 0.316196084022522 0.376171767711639 0.466558218002319 0.494714021682739 0.542619705200195 0.593538522720337 0.675674557685852 0.709042131900787 0.601447522640228 0.559525310993195 0.741662085056305 0.723726809024811 0.468969732522964 0.557520747184753 0.635996460914612 0.658898115158081 0.619332253932953 0.554018557071686 0.522670090198517 0.481184810400009 0.467834502458572 0.390966475009918 -3.4e+38 -3.4e+38 -3.4e+38 -3.4e+38 -3.4e+38 -3.4e+38 -3.4e+38 -3.4e+38 -3.4e+38 -3.4e+38 -3.4e+38 -3.4e+38 -3.4e+38 -3.4e+38 -3.4e+38
0.0149616925045848 0.0391337461769581 0.0337184108793736 0.0350583456456661 0.03007479198277 0.0325292982161045 0.0342494621872902 0.070234015583992 0.0722719430923462 0.0722823217511177 0.102178156375885 0.10945750027895 0.113321334123611 0.12991689145565 0.161712437868118 0.182935073971748 0.224346652626991 0.256553828716278 0.335393816232681 0.375557839870453 0.467371940612793 0.509812235832214 0.570581674575806 0.598364233970642 0.666012346744537 0.69879537820816 0.74481874704361 0.763257622718811 0.733112275600433 0.575427889823914 0.465967416763306 0.536999821662903 0.598644196987152 0.637263476848602 0.594253420829773 0.575803279876709 0.53472501039505 0.475612670183182 0.418301165103912 -3.4e+38 -3.4e+38 -3.4e+38 -3.4e+38 -3.4e+38 -3.4e+38 -3.4e+38 -3.4e+38 -3.4e+38 -3.4e+38 -3.4e+38 -3.4e+38 -3.4e+38 -3.4e+38 -3.4e+38
0.0158234033733606 0.0136665850877762 0.0341073833405972 0.0321550406515598 0.0308243725448847 0.0318847224116325 0.0318730622529984 0.0630756169557571 0.0658125057816505 0.0668172165751457 0.0733662694692612 0.0973760411143303 0.105414636433125 0.122344627976418 0.133386224508286 0.161964073777199 0.197607651352882 0.235167115926743 0.2886763215065 0.354149669408798 0.380164921283722 0.454862117767334 0.513827681541443 0.558809340000153 0.594223380088806 0.62758606672287 0.657100975513458 0.729287624359131 0.716547906398773 0.580448269844055 0.405653268098831 0.454026728868484 0.488278418779373 0.551439702510834 0.591436743736267 0.525163650512695 0.514818131923676 0.522934913635254 0.533201098442078 0.573007225990295 0.366280049085617 -3.4e+38 -3.4e+38 -3.4e+38 -3.4e+38 -3.4e+38 -3.4e+38 -3.4e+38 -3.4e+38 -3.4e+38 -3.4e+38 -3.4e+38 -3.4e+38 -3.4e+38
0.0141946179792285 0.0126317217946053 0.0331159308552742 0.0294089205563068 0.0289298500865698 0.029032876715064 0.0287301372736692 0.0296348184347153 0.0635350123047829 0.064372256398201 0.0671907886862755 0.0894859060645103 0.100311025977135 0.11394827067852 0.129405662417412 0.142740249633789 0.163531705737114 0.196880355477333 0.2385463565588 0.29186686873436 0.339683711528778 0.39365091919899 0.441662490367889 0.530885338783264 0.580444514751434 0.610602676868439 0.629943549633026 0.681536376476288 0.703493535518646 0.757549703121185 0.54682993888855 0.516221165657043 0.406606495380402 0.452938735485077 0.514239430427551 0.497625261545181 0.482163995504379 0.553403258323669 0.551099061965942 0.369251221418381 0.369407445192337 0.396935880184174 -3.4e+38 -3.4e+38 -3.4e+38 -3.4e+38 -3.4e+38 -3.4e+38 -3.4e+38 -3.4e+38 -3.4e+38 -3.4e+38 -3.4e+38 -3.4e+38
0.0134646613150835 0.0125085962936282 0.0112559152767062 0.0290722455829382 0.0262500233948231 0.0268625728785992 0.0258105918765068 0.026589123532176 0.0548450164496899 0.0604454949498177 0.0657341703772545 0.0876178443431854 0.102903984487057 0.11548651009798 0.119744755327702 0.137603431940079 0.137477487325668 0.188534051179886 0.213577508926392 0.266797512769699 0.29407262802124 0.334816813468933 0.380248844623566 0.446834653615952 0.559932589530945 0.56455671787262 0.57824295759201 0.60688191652298 0.666641592979431 0.698685169219971 0.737731695175171 0.700270533561707 0.564472079277039 0.557070672512054 0.400850266218185 0.522486090660095 0.43000391125679 0.443025410175323 0.487838268280029 0.28784254193306 0.23522937297821 0.210249751806259 -3.4e+38 -3.4e+38 -3.4e+38 -3.4e+38 -3.4e+38 -3.4e+38 -3.4e+38 -3.4e+38 -3.4e+38 -3.4e+38 -3.4e+38 -3.4e+38
0.0126193091273308 0.0122915664687753 0.0115930661559105 0.0289548393338919 0.0266249775886536 0.0254983380436897 0.0244944263249636 0.0244219657033682 0.05257523432374 0.0550762265920639 0.0595143251121044 0.0639593601226807 0.0746603310108185 0.100907981395721 0.136650756001472 0.143107488751411 0.128506749868393 0.13345131278038 0.177965238690376 0.201362416148186 0.257804453372955 0.288537353277206 0.328103691339493 0.384839802980423 0.431891977787018 0.467067152261734 0.531682014465332 0.585112810134888 0.622557103633881 0.665611684322357 0.662566602230072 0.719264984130859 0.569078326225281 0.532746315002441 0.477506041526794 0.376216739416122 0.512133419513702 0.512765288352966 0.42452135682106 0.293256163597107 0.218102261424065 0.207659289240837 -3.4e+38 0.199189141392708 0.261417269706726 -3.4e+38 -3.4e+38 -3.4e+38 -3.4e+38 -3.4e+38 -3.4e+38 -3.4e+38 -3.4e+38 -3.4e+38
0.0116009097546339 0.0304035525768995 0.027817053720355 0.0257455296814442 0.0247304905205965 0.0232934448868036 0.0231090802699327 0.025139220058918 0.0470466203987598 0.0507780723273754 0.0544642321765423 0.0579444505274296 0.0732602179050446 0.0828682854771614 0.0867782309651375 0.10463647544384 0.118121668696404 0.117803171277046 0.134512424468994 0.189375251531601 0.245122507214546 0.265623420476913 0.300822645425797 0.331061631441116 0.376822888851166 0.419836848974228 0.479426324367523 0.549584031105042 0.610573589801788 0.631990492343903 0.654751181602478 0.677598416805267 0.647508263587952 0.567120790481567 0.45633327960968 0.328794449567795 0.357101798057556 0.363233536481857 0.397270947694778 0.261463820934296 0.232481747865677 0.221163183450699 0.207744598388672 -3.4e+38 0.220810681581497 -3.4e+38 -3.4e+38 -3.4e+38 -3.4e+38 -3.4e+38 -3.4e+38 -3.4e+38 -3.4e+38 -3.4e+38
0.0304024778306484 0.0275883283466101 0.0268319025635719 0.027196791023016 0.0237873829901218 0.0227781217545271 0.0218597501516342 0.0216386523097754 0.0464160591363907 0.0505117103457451 0.0477501973509789 0.0502032227814198 0.0668492987751961 0.0988389626145363 0.0979350283741951 0.0956354513764381 0.0951670259237289 0.0875066891312599 0.0986246541142464 0.141954705119133 0.191430851817131 0.254538983106613 0.254593551158905 0.291869670152664 0.324539005756378 0.423548609018326 0.430240482091904 0.558373630046844 0.587816417217255 0.582927405834198 0.606130480766296 0.578051447868347 0.482978492975235 0.430798321962357 0.411327689886093 0.293992936611176 0.314534276723862 0.323414087295532 0.319363206624985 0.298657298088074 0.325990349054337 0.225316867232323 0.218550980091095 0.216547086834908 -3.4e+38 -3.4e+38 -3.4e+38 -3.4e+38 -3.4e+38 -3.4e+38 -3.4e+38 -3.4e+38 -3.4e+38 -3.4e+38
0.0264129973948002 0.0257622320204973 0.022827785462141 0.0229593310505152 0.0229157339781523 0.0212031956762075 0.0217244103550911 0.0428847596049309 0.0466943047940731 0.0454852432012558 0.0470779910683632 0.0566648505628109 0.0593043975532055 0.0583837069571018 0.0599956922233105 0.0677966475486755 0.0723443999886513 0.0781576335430145 0.0781214088201523 0.091931477189064 0.131973385810852 0.185979455709457 0.234213501214981 0.260535836219788 0.303513884544373 0.394682973623276 0.509775936603546 0.588197886943817 0.590716302394867 0.546607911586761 0.56416392326355 0.543992638587952 0.372832894325256 0.370883256196976 0.382463783025742 0.254552483558655 0.270879000425339 0.285361588001251 0.318416565656662 0.331005573272705 0.345123529434204 0.248695492744446 0.223495244979858 0.216806530952454 -3.4e+38 -3.4e+38 -3.4e+38 -3.4e+38 -3.4e+38 -3.4e+38 -3.4e+38 -3.4e+38 -3.4e+38 -3.4e+38
0.0247018113732338 0.0230758097022772 0.0208096634596586 0.0210948325693607 0.0198955237865448 0.0201799273490906 0.0215016528964043 0.0394699908792973 0.0428900718688965 0.0445480644702911 0.0473327860236168 0.0582895576953888 0.0517140328884125 0.0567263662815094 0.0645782127976418 0.0726078748703003 0.0743261501193047 0.0739231556653976 0.0775031372904778 0.133901372551918 0.180131375789642 0.141907960176468 0.197049736976624 0.233817055821419 0.268277704715729 0.342142760753632 0.479936450719833 0.507676899433136 0.516185879707336 0.538598835468292 0.53923499584198 0.438664644956589 0.373052537441254 0.345824092626572 0.334003865718842 0.359941691160202 0.372537285089493 0.248612970113754 0.276491343975067 0.295955210924149 0.302524030208588 0.313249677419662 0.247814998030663 0.225386783480644 0.20807833969593 -3.4e+38 -3.4e+38 -3.4e+38 -3.4e+38 -3.4e+38 -3.4e+38 -3.4e+38 -3.4e+38 -3.4e+38
0.0230081249028444 0.0221672859042883 0.0211712010204792 0.0197187475860119 0.0193710438907146 0.0341373533010483 0.0361014045774937 0.0353814586997032 0.036217950284481 0.0372161939740181 0.0503167510032654 0.0474761687219143 0.0498988069593906 0.0489669367671013 0.0606204457581043 0.0709822028875351 0.0987476408481598 0.113759189844131 0.163846880197525 0.173259004950523 0.157852724194527 0.17203925549984 0.177201196551323 0.205019816756248 0.260487675666809 0.296774953603745 0.409741133451462 0.447200655937195 0.487157076597214 0.485645949840546 0.495144933462143 0.522785127162933 0.537879049777985 0.520771503448486 0.318296730518341 0.318067014217377 0.340500444173813 0.221076190471649 0.240851208567619 0.257515609264374 0.2918541431427 0.305983871221542 0.274244099855423 0.230370849370956 0.213525235652924 0.216192245483398 0.20125375688076 -3.4e+38 -3.4e+38 -3.4e+38 -3.4e+38 -3.4e+38 -3.4e+38 -3.4e+38
0.0234406739473343 0.0211605243384838 0.0192502122372389 0.0177810825407505 0.0162545815110207 0.0159468203783035 0.0302270948886871 0.0309568699449301 0.0366677641868591 0.0368985272943974 0.0461545176804066 0.0449273400008678 0.0376203507184982 0.0469285883009434 0.0675583928823471 0.120875351130962 0.163974791765213 0.234482899308205 0.236727744340897 0.222824275493622 0.166895732283592 0.157669916749001 0.151219993829727 0.16997341811657 0.241693735122681 0.315682977437973 0.38017463684082 0.458623230457306 0.476016283035278 0.463785827159882 0.470787227153778 0.493877828121185 0.531087577342987 0.557363510131836 0.332144647836685 0.308615326881409 0.311174362897873 0.194037094712257 0.220653414726257 0.238363668322563 0.257365107536316 0.278300136327744 0.287002950906754 0.283345371484756 0.242193907499313 0.211026176810265 0.202353611588478 -3.4e+38 -3.4e+38 -3.4e+38 -3.4e+38 -3.4e+38 -3.4e+38 -3.4e+38
0.0210917722433805 0.018999146297574 0.0185028798878193 0.0162009876221418 0.0151196448132396 0.0143380891531706 0.0132562592625618 0.0263593234121799 0.0316822230815887 0.0186679027974606 0.0283717550337315 0.0173135623335838 0.0164670273661613 0.0209624953567982 0.0766097381711006 0.178685486316681 0.221890449523926 0.269888997077942 0.314458847045898 0.274789303541183 0.173907920718193 0.127628847956657 0.129793718457222 0.157862886786461 0.213090226054192 0.274934887886047 0.337679952383041 0.401247709989548 0.420420825481415 0.451127946376801 0.41696298122406 0.453132838010788 0.490452736616135 0.515078186988831 0.510055780410767 0.295746713876724 0.338753283023834 0.409187108278275 0.317576497793198 0.212610885500908 0.231179520487785 0.258608847856522 0.284170895814896 0.317797601222992 0.332292377948761 0.32033696770668 0.215765997767448 0.192859947681427 0.191625148057938 -3.4e+38 -3.4e+38 0.167002335190773 -3.4e+38 -3.4e+38
0.00753624923527241 0.0194496661424637 0.0166873931884766 0.0149580147117376 0.0135568669065833 0.0136807095259428 0.0126513671129942 0.0116842798888683 0.0139541206881404 0.0144817344844341 0.012705915607512 0.0128946583718061 0.0152949867770076 0.00751344207674265 0.168391793966293 0.289514243602753 0.361718416213989 0.372371464967728 0.397120475769043 0.40554666519165 0.32795238494873 0.1766417324543 0.111480161547661 0.130519032478333 0.163722634315491 0.22669181227684 0.324887156486511 0.394637078046799 0.365338355302811 0.398400783538818 0.400927573442459 0.406630426645279 0.458604961633682 0.48605751991272 0.533970892429352 0.485103935003281 0.369035661220551 0.50168913602829 0.310947597026825 0.31811061501503 0.328667640686035 0.231866896152496 0.247246474027634 0.274173378944397 0.301307320594788 0.284199148416519 0.206521958112717 0.195793628692627 0.190953120589256 -3.4e+38 -3.4e+38 -3.4e+38 -3.4e+38 -3.4e+38
0.0074867089278996 0.0182845555245876 0.0150918336585164 0.0142629463225603 0.012401339598 0.0123177589848638 0.0120276231318712 0.012045438401401 0.0122803254052997 0.0109533257782459 0.0116773620247841 0.0117603149265051 0.00608185864984989 0.00907014217227697 0.15055887401104 0.240924552083015 0.413741827011108 0.424597591161728 0.393820732831955 0.325494885444641 0.304827809333801 0.306831419467926 0.171793341636658 0.110525026917458 0.173541471362114 0.222934767603874 0.324230968952179 0.328072071075439 0.325883716344833 0.311224579811096 0.354975283145905 0.384606122970581 0.425438642501831 0.462426781654358 0.488944947719574 0.489945739507675 0.530356168746948 0.50579708814621 0.358726441860199 0.291351526975632 0.311977207660675 0.330652266740799 0.343029797077179 0.368819355964661 0.285080969333649 0.251976400613785 0.209769770503044 0.19714629650116 0.183219984173775 0.181305065751076 -3.4e+38 -3.4e+38 -3.4e+38 -3.4e+38
0.00646915659308434 0.0156094180420041 0.0135095808655024 0.0122156217694283 0.011332674883306 0.0120090711861849 0.0118006840348244 0.012021635659039 0.0113919386640191 0.0103369979187846 0.00374582665972412 0.00407783407717943 0.00601634522899985 0.00762456376105547 0.0918278321623802 0.241076335310936 0.396232098340988 0.403452008962631 0.353047609329224 0.273685932159424 0.229370892047882 0.193018347024918 0.179393351078033 0.153456926345825 0.119346179068089 0.182647109031677 0.258703917264938 0.246432736515999 0.256550043821335 0.277183026075363 0.317312777042389 0.38392972946167 0.438044100999832 0.444327145814896 0.43159219622612 0.453847020864487 0.499142676591873 0.533724725246429 0.517377257347107 0.284764289855957 0.329508572816849 0.321458905935287 0.209295451641083 0.361380130052567 0.272859781980515 0.238402619957924 0.220144674181938 0.190296277403831 0.176800444722176 -3.4e+38 -3.4e+38 -3.4e+38 -3.4e+38 -3.4e+38
0.00597315607592463 0.00567621923983097 0.0134582705795765 0.012285029515624 0.0111239310353994 0.0113360118120909 0.0113322790712118 0.00422450201585889 0.00451784441247582 0.00395409669727087 0.00385995814576745 0.00492916023358703 0.00469439523294568 0.00189407030120492 0.00786264985799789 0.0342411287128925 0.250184506177902 0.276198893785477 0.266056030988693 0.219183787703514 0.189727976918221 0.213510990142822 0.25483638048172 0.225834250450134 0.0944136753678322 0.148602053523064 0.190449833869934 0.194502204656601 0.190399214625359 0.235234588384628 0.294248133897781 0.380191683769226 0.423719823360443 0.418845653533936 0.384117096662521 0.426345676183701 0.516367971897125 0.535094320774078 0.466893702745438 0.403253942728043 0.341449469327927 0.301943421363831 0.300606667995453 0.218019783496857 0.253438115119934 0.259698092937469 0.304764866828918 0.190891191363335 0.174206092953682 0.173626855015755 -3.4e+38 -3.4e+38 -3.4e+38 -3.4e+38
0.00609209388494492 0.00570647278800607 0.0134457424283028 0.0121218720450997 0.0116384038701653 0.00416993210092187 0.0039513255469501 0.00406472431495786 0.00519409449771047 0.00541763938963413 0.00388798397034407 0.00580075243487954 0.00523326778784394 0.00150412472430617 0.0019864272326231 0.00729681272059679 0.126111969351768 0.0942020118236542 0.0883181095123291 0.0945520028471947 0.185129791498184 0.19614452123642 0.231945529580116 0.210667476058006 0.0779888033866882 0.0991406217217445 0.135920733213425 0.150323882699013 0.175448089838028 0.23542608320713 0.266720414161682 0.35019463300705 0.332634925842285 0.340928286314011 0.340372025966644 0.383055090904236 0.453274548053741 0.469922870397568 0.503364741802216 0.488396763801575 0.451421290636063 0.272660434246063 0.29549652338028 0.194343969225883 0.223535865545273 0.340645015239716 0.278914511203766 0.226255118846893 0.169892162084579 0.170123741030693 -3.4e+38 -3.4e+38 -3.4e+38 -3.4e+38
