data/climate_estimation/maxent_output/Smilax_hayatae.asc
NCOLS 265 
NROWS 99 
XLLCORNER 100.166666666667 
YLLCORNER 23.3333333333333 
CELLSIZE 0.0833333333333333 
NODATA_value -3.4e+38 
[rows 40 to 59 of 99, columns 135 to 179 of 265]
0.313390493392944 0.290533542633057 0.27642497420311 0.271223187446594 0.273236125707626 0.255107522010803 0.235064312815666 0.223642215132713 0.222473546862602 0.206523865461349 0.204186081886292 0.204526275396347 0.202595114707947 0.221835047006607 0.201850920915604 0.222946852445602 0.247633069753647 0.251870661973953 0.294263362884521 0.300201177597046 0.320730894804001 0.326954662799835 0.334965884685516 0.353649526834488 0.372596919536591 0.394983679056168 0.403785675764084 0.43169766664505 0.45224803686142 0.469270616769791 0.49027356505394 0.50169163942337 0.54943460226059 0.551810622215271 0.576754748821259 0.572532653808594 0.55338180065155 0.569467484951019 0.545782029628754 0.532383441925049 0.541420161724091 0.522673487663269 0.50510185956955 0.475839108228683 0.439227610826492
0.314023703336716 0.309337973594666 0.302021980285645 0.278366237878799 0.272367924451828 0.269204497337341 0.226122915744781 0.217519983649254 0.209422752261162 0.206543877720833 0.205452278256416 0.204080373048782 0.204986646771431 0.201681792736053 0.208322331309319 0.21209605038166 0.225879445672035 0.229924380779266 0.267673045396805 0.275225728750229 0.291027188301086 0.297466427087784 0.314399182796478 0.338534027338028 0.357268184423447 0.350647538900375 0.391503095626831 0.41044619679451 0.426564127206802 0.450055509805679 0.493663161993027 0.499644249677658 0.507960617542267 0.536924839019775 0.5812087059021 0.576060354709625 0.554812669754028 0.545280516147614 0.58221173286438 0.551171004772186 0.526516914367676 0.498892068862915 0.522595882415771 0.49584436416626 0.510396540164948
0.313429951667786 0.284661829471588 0.286941349506378 0.268437922000885 0.2736676633358 0.243548229336739 0.229373499751091 0.223204270005226 0.210686773061752 0.207888081669807 0.206224903464317 0.187134593725204 0.189746960997581 0.184208020567894 0.205938920378685 0.207046717405319 0.20818018913269 0.216785237193108 0.241274684667587 0.259321570396423 0.268659830093384 0.277522772550583 0.314478576183319 0.295312315225601 0.340336263179779 0.344686836004257 0.370108038187027 0.38120511174202 0.43505933880806 0.445430845022202 0.456998914480209 0.502378582954407 0.507897078990936 0.556323051452637 0.530496001243591 0.557596027851105 0.549156427383423 0.564710199832916 0.540666103363037 0.567350327968597 0.542368054389954 0.544192016124725 0.556984841823578 0.517638802528381 0.536094665527344
0.314657747745514 0.292984366416931 0.297435134649277 0.270028591156006 0.262060075998306 0.231764793395996 0.239435911178589 0.213900923728943 0.210353910923004 0.188005194067955 0.188833966851234 0.193457469344139 0.190780013799667 0.191173568367958 0.186139777302742 0.192530497908592 0.194879472255707 0.19859467446804 0.225689440965652 0.235381230711937 0.243908479809761 0.27664041519165 0.284863770008087 0.302008867263794 0.325478047132492 0.355969607830048 0.354363977909088 0.376555323600769 0.400400221347809 0.444950848817825 0.456564515829086 0.477268069982529 0.523394465446472 0.530623197555542 0.575613558292389 0.574950933456421 0.553219020366669 0.568213760852814 0.552612721920013 0.544747650623322 0.55655825138092 0.571278512477875 0.558025896549225 0.536436140537262 0.558111131191254
0.317553877830505 0.301524549722672 0.273528933525085 0.26715561747551 0.251482933759689 0.237516045570374 0.2265884578228 0.21698585152626 0.200074106454849 0.195210322737694 0.193626657128334 0.191593050956726 0.173949226737022 0.174398362636566 0.193611443042755 0.193786799907684 0.1951914280653 0.198461830615997 0.205220356583595 0.213137477636337 0.216833502054214 0.254473656415939 0.270467013120651 0.27737620472908 0.297227829694748 0.330426603555679 0.35442703962326 0.376856803894043 0.388208299875259 0.424356520175934 0.432278126478195 0.47800076007843 0.481190174818039 0.527945160865784 0.536302745342255 0.579385936260223 0.556769490242004 0.531520247459412 0.56326425075531 0.581163465976715 0.572827696800232 0.589605450630188 0.569242894649506 0.593818724155426 0.577198088169098
0.296423405408859 0.306868761777878 0.289339482784271 0.271925389766693 0.242501050233841 0.238551944494247 0.215447604656219 0.21246512234211 0.189572125673294 0.185425713658333 0.175511375069618 0.172845482826233 0.173661634325981 0.173065841197968 0.173329010605812 0.176936596632004 0.179042860865593 0.180484339594841 0.189184606075287 0.19379335641861 0.218874782323837 0.232012167572975 0.242774829268456 0.272414773702621 0.297707796096802 0.3245869576931 0.346485257148743 0.354231238365173 0.375416159629822 0.418664813041687 0.450361490249634 0.466118931770325 0.477210938930511 0.517679452896118 0.527025043964386 0.522340953350067 0.556628048419952 0.542625963687897 0.560274064540863 0.584718823432922 0.568333268165588 0.596640110015869 0.623469889163971 0.61517870426178 0.649416625499725
0.307495623826981 0.311794281005859 0.292211383581161 0.267262995243073 0.242502152919769 0.222499862313271 0.216341137886047 0.211484044790268 0.190148666501045 0.176028609275818 0.1763856112957 0.173203513026237 0.173474341630936 0.172182932496071 0.158602699637413 0.177519112825394 0.163746163249016 0.183405816555023 0.187988609075546 0.195873960852623 0.200439974665642 0.232100665569305 0.239059492945671 0.249277174472809 0.280743360519409 0.291572451591492 0.302019208669662 0.323009252548218 0.358339995145798 0.401081562042236 0.422116726636887 0.463853746652603 0.465901792049408 0.486576795578003 0.531240820884705 0.530069947242737 0.565018653869629 0.565073013305664 0.576317846775055 0.556835830211639 0.582935273647308 0.611958146095276 0.614914059638977 0.642072021961212 0.669894814491272
0.320982187986374 0.300554066896439 0.276289165019989 0.273186981678009 0.240547150373459 0.236250996589661 0.21718642115593 0.194001704454422 0.195563390851021 0.177100509405136 0.173783272504807 0.173321753740311 0.158269643783569 0.162545800209045 0.163479119539261 0.160903573036194 0.163826107978821 0.165424376726151 0.170567750930786 0.181796535849571 0.204709008336067 0.210395619273186 0.21675381064415 0.245124891400337 0.261975318193436 0.265146493911743 0.298700481653214 0.305071324110031 0.353138417005539 0.362730473279953 0.416205525398254 0.425274014472961 0.479988217353821 0.499250769615173 0.510887205600739 0.539697349071503 0.533946394920349 0.574025511741638 0.579080402851105 0.581323444843292 0.60578453540802 0.648847639560699 0.63424813747406 0.645689129829407 0.676696240901947
0.309172302484512 0.311126887798309 0.277468740940094 0.269374430179596 0.266135275363922 0.243494346737862 0.217070281505585 0.192060112953186 0.196087807416916 0.176506102085114 0.164496675133705 0.164678826928139 0.163671433925629 0.159410491585732 0.160794094204903 0.160662591457367 0.171215236186981 0.173757463693619 0.176645994186401 0.181061401963234 0.184059962630272 0.192032724618912 0.203480839729309 0.232616052031517 0.257955193519592 0.262396991252899 0.297723770141602 0.316331177949905 0.320853561162949 0.370730191469193 0.383743286132812 0.433483093976974 0.453607589006424 0.470658898353577 0.507588982582092 0.4923395216465 0.522508323192596 0.557113468647003 0.583303451538086 0.585578620433807 0.619487762451172 0.659888446331024 0.650950312614441 0.666873753070831 0.696473598480225
0.324220240116119 0.325374096632004 0.291731417179108 0.279409140348434 0.262545526027679 0.233988896012306 0.225293800234795 0.198227226734161 0.199442505836487 0.176838755607605 0.16976161301136 0.180834263563156 0.171031326055527 0.191133886575699 0.186935812234879 0.18841652572155 0.196778848767281 0.176057681441307 0.171447321772575 0.180526971817017 0.187245160341263 0.199496299028397 0.226682797074318 0.230110466480255 0.23429736495018 0.2625732421875 0.270097136497498 0.287257820367813 0.337204307317734 0.370947182178497 0.420465230941772 0.425367921590805 0.472204804420471 0.472624242305756 0.467563062906265 0.517226576805115 0.512851655483246 0.552511215209961 0.58271598815918 0.598897635936737 0.66355949640274 0.649587631225586 0.696154236793518 0.721593379974365 0.7057825922966
0.329815685749054 0.305227965116501 0.309079587459564 0.287173599004745 0.241259902715683 0.231744587421417 0.223185002803802 0.196995675563812 0.183447167277336 0.182575389742851 0.179510250687599 0.171336591243744 0.169658318161964 0.193289771676064 0.196580335497856 0.204169303178787 0.227618455886841 0.172321259975433 0.176909580826759 0.18212978541851 0.187799721956253 0.208160623908043 0.223316565155983 0.219303727149963 0.236443355679512 0.260888963937759 0.279977649450302 0.317295879125595 0.331574529409409 0.36813098192215 0.391618579626083 0.414358168840408 0.431553393602371 0.467248380184174 0.450143933296204 0.479717224836349 0.502190947532654 0.543546736240387 0.583570778369904 0.630162000656128 0.683830142021179 0.710322916507721 0.698096752166748 0.728245496749878 0.721242308616638
0.355707794427872 0.32467320561409 0.299360752105713 0.276317149400711 0.252362132072449 0.228968575596809 0.224397659301758 0.203507378697395 0.188656970858574 0.176750645041466 0.177624434232712 0.171112865209579 0.172737717628479 0.20099775493145 0.192905589938164 0.185358718037605 0.239884972572327 0.175908923149109 0.15973886847496 0.165354713797569 0.17563670873642 0.190077632665634 0.205406427383423 0.206145524978638 0.235620588064194 0.238036826252937 0.280209422111511 0.296589106321335 0.333139210939407 0.347641348838806 0.371582627296448 0.373497992753983 0.420150011777878 0.45598429441452 0.456301957368851 0.512623190879822 0.542233526706696 0.587221503257751 0.633324444293976 0.649020254611969 0.69092321395874 0.733888447284698 0.717333912849426 0.728939414024353 0.764459252357483
0.327640652656555 0.337132215499878 0.30639785528183 0.285226196050644 0.262095034122467 0.238234847784042 0.23396261036396 0.209317713975906 0.189211905002594 0.189575523138046 0.173741891980171 0.170135334134102 0.153662979602814 0.162658661603928 0.202289894223213 0.216992571949959 0.238597705960274 0.201643407344818 0.162412986159325 0.171102046966553 0.175546586513519 0.187310338020325 0.20829464495182 0.20576299726963 0.231117784976959 0.237352833151817 0.283135801553726 0.297453016042709 0.350037753582001 0.350339531898499 0.35095226764679 0.371633321046829 0.444314062595367 0.441555976867676 0.434675991535187 0.479701817035675 0.532158076763153 0.576295375823975 0.636927902698517 0.687492907047272 0.74154406785965 0.755557596683502 0.760165452957153 0.719459474086761 0.754835605621338
0.35244032740593 0.31613478064537 0.31819960474968 0.300605624914169 0.270484119653702 0.236740380525589 0.239630043506622 0.220692202448845 0.195124074816704 0.193631201982498 0.193573415279388 0.174313053488731 0.157402962446213 0.166584059596062 0.173563778400421 0.186225011944771 0.182873710989952 0.159294337034225 0.167773246765137 0.177032664418221 0.175515398383141 0.181607708334923 0.199634104967117 0.20367306470871 0.230586498975754 0.24782994389534 0.310503840446472 0.313332766294479 0.375670671463013 0.323707967996597 0.337535917758942 0.426163107156754 0.386142164468765 0.410572737455368 0.454760164022446 0.499604761600494 0.558280527591705 0.582094371318817 0.634905338287354 0.690025568008423 0.775082647800446 0.793236017227173 0.743632316589355 0.757241427898407 0.754001259803772
0.342256098985672 0.326511412858963 0.312268763780594 0.291660934686661 0.282270699739456 0.246640846133232 0.244459688663483 0.242291793227196 0.215022191405296 0.201293081045151 0.201627299189568 0.181341946125031 0.181618347764015 0.163555979728699 0.160103261470795 0.158557534217834 0.161152318120003 0.165523335337639 0.169576808810234 0.178841337561607 0.188141569495201 0.181288540363312 0.201412528753281 0.203019320964813 0.232899636030197 0.289843916893005 0.340452700853348 0.301092237234116 0.336845517158508 0.334025651216507 0.334228277206421 0.350061923265457 0.357941180467606 0.397054672241211 0.452134937047958 0.497680753469467 0.527637600898743 0.577995240688324 0.622132539749146 0.705348253250122 0.750362575054169 0.80848902463913 0.820572733879089 0.751281201839447 0.77900767326355
0.339202851057053 0.343857973814011 0.308810830116272 0.301036566495895 0.276154816150665 0.262913584709167 0.262217104434967 0.230215415358543 0.226786687970161 0.210013598203659 0.207612037658691 0.208009481430054 0.18571712076664 0.180221021175385 0.185285270214081 0.167002081871033 0.169249132275581 0.172827303409576 0.185683622956276 0.190362647175789 0.18420022726059 0.179104849696159 0.200859993696213 0.203855350613594 0.256312966346741 0.264919579029083 0.268751502037048 0.260451644659042 0.289188414812088 0.324367314577103 0.324721723794937 0.363397657871246 0.392148673534393 0.400756895542145 0.441350519657135 0.47089672088623 0.509316086769104 0.593006134033203 0.642603278160095 0.683226943016052 0.762767136096954 0.790781021118164 0.778966844081879 0.804277300834656 0.777218282222748
0.349864065647125 0.349569052457809 0.318125277757645 0.305145502090454 0.280616343021393 0.279793590307236 0.266797065734863 0.243787735700607 0.245035782456398 0.232991710305214 0.228827595710754 0.230380684137344 0.228001102805138 0.233452931046486 0.233207151293755 0.1955406665802 0.176895305514336 0.179548040032387 0.186085879802704 0.211213007569313 0.194753140211105 0.204499647021294 0.202954411506653 0.225931093096733 0.241327106952667 0.273149996995926 0.255637288093567 0.288977175951004 0.314019948244095 0.356872498989105 0.333948642015457 0.363474905490875 0.380989193916321 0.403584271669388 0.437707901000977 0.460315465927124 0.502352833747864 0.538954794406891 0.628680527210236 0.670011639595032 0.708313584327698 0.755153834819794 0.769112884998322 0.769352555274963 0.811627388000488
0.340449094772339 0.330432534217834 0.34016278386116 0.316372215747833 0.290933221578598 0.286479443311691 0.26803269982338 0.264868199825287 0.26986238360405 0.242654174566269 0.240651696920395 0.238509654998779 0.238170728087425 0.235957190394402 0.242847979068756 0.222183063626289 0.201761230826378 0.199358642101288 0.185412243008614 0.209065482020378 0.211926683783531 0.207344755530357 0.20839712023735 0.252533614635468 0.256842732429504 0.251018106937408 0.252656191587448 0.286586374044418 0.387915849685669 0.397064983844757 0.35526305437088 0.355233043432236 0.40708065032959 0.447386175394058 0.465997070074081 0.484472572803497 0.507339417934418 0.541346967220306 0.584428608417511 0.662086069583893 0.692496180534363 0.728150844573975 0.730990469455719 0.774602234363556 0.813821852207184
0.351338088512421 0.340949207544327 0.33452171087265 0.33007949590683 0.294049918651581 0.305448979139328 0.310350745916367 0.30268332362175 0.275281935930252 0.27142122387886 0.272632569074631 0.270182937383652 0.271720677614212 0.24647644162178 0.252851605415344 0.24910494685173 0.226132780313492 0.207035645842552 0.205803230404854 0.206686541438103 0.214750081300735 0.216880962252617 0.233457282185555 0.265429824590683 0.247892960906029 0.257932633161545 0.282255083322525 0.29278177022934 0.345626890659332 0.35602405667305 0.342733263969421 0.353569239377975 0.404632925987244 0.451188862323761 0.439511507749557 0.450733065605164 0.496261537075043 0.546775996685028 0.584653079509735 0.603770434856415 0.689372301101685 0.687411069869995 0.731839895248413 0.775115132331848 0.782254993915558
0.354962140321732 0.379402190446854 0.34508690237999 0.337427526712418 0.315060526132584 0.308994680643082 0.327331572771072 0.289800554513931 0.307797878980637 0.276550233364105 0.282261431217194 0.274031579494476 0.27574697136879 0.277480602264404 0.256584376096725 0.234727784991264 0.231495887041092 0.233378261327744 0.21183542907238 0.21654486656189 0.222456201910973 0.227147579193115 0.245680212974548 0.238139986991882 0.257932633161545 0.261704087257385 0.282593339681625 0.30263751745224 0.343498170375824 0.366463184356689 0.359576910734177 0.450086981058121 0.49066835641861 0.513707756996155 0.465191602706909 0.451168060302734 0.4845831990242 0.532127320766449 0.564648509025574 0.600062191486359 0.637866854667664 0.686761021614075 0.728991627693176 0.740816235542297 0.761700034141541
