data/climate_estimation/maxent_output/Smilax_californica.asc
NCOLS 60 
NROWS 80 
XLLCORNER -124.166666666667 
YLLCORNER 36.1666666666667 
CELLSIZE 0.0833333333333333 
NODATA_value -3.4e+38 
[rows 20 to 39 of 80, columns 0 to 46 of 60]
0.044866897165775 0.105244383215904 0.232126176357269 0.37041574716568 0.546413958072662 0.681777000427246 0.80568128824234 0.737591028213501 0.729632139205933 0.792073547840118 0.805781483650208 0.914142191410065 0.948874831199646 0.880412638187408 0.61065810918808 0.751537263393402 0.817742645740509 0.912718117237091 0.852740406990051 0.860042035579681 0.742458581924438 0.972704589366913 0.979058444499969 0.98572701215744 0.984841644763947 0.981906235218048 0.957269966602325 0.961343109607697 0.887923419475555 0.794859170913696 0.777757942676544 0.649645149707794 0.436527281999588 0.258535146713257 0.152194514870644 0.0869101583957672 0.0633889883756638 0.0411362610757351 0.0283036828041077 0.0177442654967308 0.0137311052531004 0.012992980889976 0.00894915219396353 0.00859302747994661 0.00758733786642551 0.00484740734100342 0.00476855272427201
0.0384739339351654 0.0794225409626961 0.199608013033867 0.347675323486328 0.525036990642548 0.672787487506866 0.800396680831909 0.84604686498642 0.692543029785156 0.8825723528862 0.87876158952713 0.801396787166595 0.817376971244812 0.728552460670471 0.640184104442596 0.512525081634521 0.782301962375641 0.902853786945343 0.940392374992371 0.910911619663239 0.95738559961319 0.916818916797638 0.98550671339035 0.967725574970245 0.99166339635849 0.988995492458344 0.95066636800766 0.972259283065796 0.942755341529846 0.918388605117798 0.770555973052979 0.689475119113922 0.487913697957993 0.312148898839951 0.206684812903404 0.136039271950722 0.090946301817894 0.0554700382053852 0.0355678200721741 0.0224129930138588 0.0196170005947351 0.0105051537975669 0.00868223700672388 0.0055532893165946 0.00537902303040028 0.00502444989979267 0.00436754850670695
0.0251132417470217 0.0531612634658813 0.207246452569962 0.365038990974426 0.510218262672424 0.673020660877228 0.755135357379913 0.864634335041046 0.797597706317902 0.926294982433319 0.883102416992188 0.725987493991852 0.858500838279724 0.470878094434738 0.755821704864502 0.51631361246109 0.929203271865845 0.873024523258209 0.939142048358917 0.964591443538666 0.890937507152557 0.874743402004242 0.972277462482452 0.923263430595398 0.963761627674103 0.967284739017487 0.971738517284393 0.985563278198242 0.973605990409851 0.934868633747101 0.757842540740967 0.629668772220612 0.583041489124298 0.422308713197708 0.320975780487061 0.206004664301872 0.131944581866264 0.0750208720564842 0.0442353971302509 0.0334513001143932 0.0201252829283476 0.0145658515393734 0.00943455100059509 0.00455545028671622 0.00537126418203115 0.00594488298520446 0.00332670495845377
0.0177377332001925 0.0480539426207542 0.135838955640793 0.380859971046448 0.518037676811218 0.620352268218994 0.785477519035339 0.834388911724091 0.881781220436096 0.889987587928772 0.857963919639587 0.864072322845459 0.930375456809998 0.909343421459198 0.868871629238129 0.951121866703033 0.86807107925415 0.884407460689545 0.968860030174255 0.968068540096283 0.911859393119812 0.764866828918457 0.854872345924377 0.914822638034821 0.901686489582062 0.944480061531067 0.955084264278412 0.994439482688904 0.970225811004639 0.952157557010651 0.850039839744568 0.71464204788208 0.690515697002411 0.611324667930603 0.509698569774628 0.344117283821106 0.198701143264771 0.122784078121185 0.071756437420845 0.0360978730022907 0.0235304813832045 0.0131264366209507 0.00810440443456173 0.00400232616811991 0.00277321971952915 0.00264119100756943 0.00219485419802368
0.0173208992928267 0.0664035752415657 0.182644039392471 0.289376586675644 0.507001101970673 0.56329220533371 0.706019043922424 0.87395852804184 0.885522127151489 0.899998307228088 0.920365631580353 0.914649546146393 0.818288385868073 0.9330894947052 0.915582358837128 0.885926783084869 0.828026533126831 0.946240305900574 0.902042031288147 0.942510008811951 0.913740336894989 0.72584080696106 0.764635026454926 0.85834789276123 0.858617007732391 0.911005616188049 0.955069839954376 0.992331802845001 0.951169312000275 0.959434807300568 0.874947845935822 0.865196466445923 0.744746506214142 0.676805913448334 0.523610174655914 0.383546531200409 0.311193227767944 0.178159654140472 0.10160006582737 0.0703495964407921 0.0333306305110455 0.0175726767629385 0.011893711052835 0.00621234951540828 0.0046909237280488 0.00268997764214873 0.00276302034035325
0.0276996977627277 0.0766880065202713 0.253509730100632 0.342583566904068 0.437841981649399 0.525854587554932 0.701567351818085 0.843842029571533 0.813071548938751 0.830453217029572 0.893627882003784 0.922333776950836 0.900018751621246 0.786447703838348 0.801831781864166 0.789612293243408 0.837592601776123 0.932915270328522 0.855387091636658 0.946431398391724 0.767285823822021 0.71039891242981 0.757008194923401 0.739374279975891 0.828784584999084 0.899301528930664 0.968941032886505 0.991859376430511 0.959313750267029 0.944596230983734 0.780625760555267 0.703186929225922 0.850497901439667 0.766655802726746 0.606207013130188 0.51403683423996 0.387757509946823 0.272686511278152 0.189528316259384 0.100399613380432 0.0530887395143509 0.0261739883571863 0.0220910273492336 0.00949232559651136 0.00559364026412368 0.0039110048674047 0.00290335016325116
0.0439959615468979 0.139908686280251 0.226622983813286 0.373906970024109 0.546350538730621 0.608784914016724 0.618991732597351 0.692805230617523 0.86313271522522 0.88172173500061 0.899875402450562 0.85686331987381 0.879353165626526 0.893313348293304 0.766419291496277 0.863658368587494 0.928061544895172 0.955994486808777 0.897733747959137 0.746324241161346 0.69446861743927 0.649943292140961 0.644824743270874 0.659568309783936 0.742977559566498 0.791261613368988 0.898695945739746 0.956003308296204 0.985091030597687 0.925168752670288 0.811334133148193 0.87844842672348 0.909771621227264 0.764814734458923 0.675441801548004 0.595045387744904 0.508238196372986 0.386647015810013 0.268951773643494 0.160599693655968 0.0829418525099754 0.0444824434816837 0.026990270242095 0.0130630452185869 0.00752076879143715 0.00591273326426744 0.00365283689461648
0.0335127860307693 0.0789587870240211 0.212496995925903 0.380946010351181 0.532219409942627 0.59687602519989 0.714822590351105 0.697774767875671 0.864524126052856 0.825590491294861 0.839737117290497 0.83961546421051 0.858589291572571 0.914342105388641 0.904437780380249 0.929514050483704 0.940555274486542 0.952211856842041 0.914490640163422 0.72061026096344 0.648308038711548 0.601864218711853 0.573671340942383 0.585603535175323 0.650387942790985 0.782181978225708 0.903564631938934 0.96679675579071 0.985125839710236 0.979891777038574 0.949803292751312 0.800985157489777 0.754303097724915 0.636336207389832 0.65980726480484 0.53644186258316 0.530580699443817 0.524308502674103 0.438888251781464 0.313979536294937 0.164484813809395 0.083928070962429 0.0404659286141396 0.0221102815121412 0.0125137288123369 0.0081667173653841 0.00679229851812124
0.065662570297718 0.0992406234145164 0.164398372173309 0.350332409143448 0.512045443058014 0.629002869129181 0.650007367134094 0.715431392192841 0.766046404838562 0.837327122688293 0.821744441986084 0.858342707157135 0.890531957149506 0.905128955841064 0.879420697689056 0.900105834007263 0.853617489337921 0.704329013824463 0.590135335922241 0.591535627841949 0.606717884540558 0.551990211009979 0.559275329113007 0.556092917919159 0.621339619159698 0.772997438907623 0.870952606201172 0.935901939868927 0.973432183265686 0.981604933738708 0.919522404670715 0.607456386089325 0.703253388404846 0.801323711872101 0.673897266387939 0.6219322681427 0.636386871337891 0.617386937141418 0.530727207660675 0.438055694103241 0.320866167545319 0.146770477294922 0.0876923128962517 0.0354382991790771 0.0205163322389126 0.0124659556895494 0.00916894990950823
0.10512313246727 0.145834147930145 0.198873892426491 0.336596310138702 0.51902037858963 0.626810133457184 0.644821465015411 0.630506217479706 0.807816207408905 0.804790556430817 0.862952947616577 0.851178050041199 0.836118042469025 0.884647786617279 0.890421211719513 0.728326916694641 0.603129088878632 0.566836357116699 0.534214735031128 0.54256409406662 0.527365267276764 0.485975325107574 0.487227380275726 0.486453354358673 0.539024591445923 0.652731359004974 0.794664204120636 0.86393928527832 0.960474610328674 0.98404735326767 0.957714974880219 0.952550053596497 0.941782474517822 0.932146191596985 0.91291069984436 0.894589066505432 0.839652061462402 0.764090538024902 0.668503522872925 0.524708807468414 0.448937833309174 0.266319781541824 0.139443710446358 0.0669525861740112 0.0427618734538555 0.0253724027425051 0.0164088606834412
0.0832936465740204 0.143209666013718 0.227759510278702 0.348225504159927 0.495721340179443 0.628865003585815 0.720173835754395 0.549495100975037 0.734129786491394 0.809898555278778 0.761349618434906 0.843429863452911 0.840947687625885 0.826858699321747 0.908557534217834 0.850258409976959 0.606875002384186 0.571631014347076 0.524553120136261 0.498905152082443 0.481688678264618 0.465586185455322 0.441156387329102 0.411426812410355 0.515812456607819 0.657951653003693 0.818805575370789 0.908526420593262 0.960309743881226 0.985133826732635 0.959232449531555 0.970284163951874 0.965042412281036 0.95587831735611 0.931368589401245 0.873809218406677 0.856384217739105 0.848737716674805 0.763961613178253 0.650726437568665 0.559277057647705 0.404320418834686 0.29246774315834 0.143098995089531 0.0728981643915176 0.0444273762404919 0.0245406478643417
0.07235998660326 0.122782565653324 0.233532309532166 0.376422047615051 0.489036113023758 0.612540543079376 0.685371398925781 0.766474366188049 0.704617440700531 0.843623518943787 0.806902945041656 0.829728186130524 0.852336347103119 0.824044585227966 0.792992174625397 0.903537929058075 0.769090950489044 0.538953185081482 0.508972227573395 0.439889162778854 0.45317217707634 0.386616796255112 0.32758629322052 0.31706827878952 0.398221403360367 0.597639679908752 0.77857768535614 0.900459587574005 0.9559166431427 0.979129433631897 0.983084917068481 0.979194819927216 0.965760290622711 0.948246002197266 0.949928045272827 0.911157250404358 0.878974795341492 0.877288401126862 0.855576455593109 0.763467669487 0.666719317436218 0.544429302215576 0.417543202638626 0.225321635603905 0.129625409841537 0.0749280676245689 0.039598572999239
0.0842035114765167 0.131574809551239 0.222744330763817 0.375497788190842 0.51140171289444 0.522996366024017 0.685224413871765 0.732214987277985 0.790563106536865 0.814950108528137 0.842652499675751 0.825817048549652 0.776344180107117 0.751440703868866 0.829105794429779 0.891323387622833 0.929549932479858 0.669909656047821 0.539657533168793 0.441522985696793 0.351515769958496 0.330261260271072 0.260144710540771 0.280023038387299 0.355775624513626 0.482195645570755 0.724134564399719 0.82315468788147 0.922917723655701 0.951038718223572 0.96231997013092 0.976029455661774 0.972150146961212 0.959211885929108 0.954081058502197 0.923917770385742 0.912172794342041 0.921229064464569 0.870741605758667 0.814897418022156 0.817139089107513 0.585468709468842 0.501607894897461 0.365543633699417 0.178567081689835 0.0793815106153488 0.0613943971693516
-3.4e+38 0.110763490200043 0.202604457736015 0.337541490793228 0.46060436964035 0.557185053825378 0.638246834278107 0.692052900791168 0.755324125289917 0.819457828998566 0.815940499305725 0.805160701274872 0.778420209884644 0.735534131526947 0.722712099552155 0.783280968666077 0.865909218788147 0.946212530136108 0.547334611415863 0.392975181341171 0.331653505563736 0.282355785369873 0.289319157600403 0.312297493219376 0.343909323215485 0.410412669181824 0.603435456752777 0.81499719619751 0.899912297725677 0.935879170894623 0.944936513900757 0.967544436454773 0.978751718997955 0.975074946880341 0.963139235973358 0.936486005783081 0.946988582611084 0.92563384771347 0.909611523151398 0.913154900074005 0.863719940185547 0.802891969680786 0.624152600765228 0.49107700586319 0.29301580786705 0.156959652900696 0.0989315658807755
-3.4e+38 0.121640853583813 0.16700154542923 0.275197803974152 0.393391281366348 0.465532660484314 0.488863110542297 0.645147442817688 0.704671442508698 0.762692093849182 0.803758442401886 0.799044132232666 0.733161628246307 0.855193138122559 0.812165260314941 0.891414105892181 0.859766244888306 0.923847019672394 0.622080028057098 0.357244849205017 0.319555759429932 0.279284060001373 0.306961715221405 0.319322139024734 0.331924557685852 0.415340721607208 0.49799656867981 0.750048935413361 0.894121289253235 0.94132924079895 0.923948049545288 0.929047703742981 0.970852971076965 0.969083189964294 0.969564259052277 0.972302913665771 0.973156750202179 0.941997349262238 0.931749761104584 0.919020056724548 0.916144549846649 0.840118408203125 0.705599904060364 0.590365052223206 0.462179929018021 0.258251547813416 0.228914082050323
-3.4e+38 -3.4e+38 0.163235664367676 0.200976744294167 0.29839214682579 0.376769125461578 0.460885971784592 0.526240646839142 0.649432063102722 0.708396375179291 0.756498515605927 0.76171487569809 0.810588121414185 0.848681807518005 0.78155791759491 0.890712797641754 0.922347843647003 0.90997987985611 0.488435119390488 0.315203934907913 0.296415954828262 0.271798431873322 0.315872818231583 0.315507918596268 0.378037631511688 0.421146243810654 0.482678234577179 0.619976401329041 0.814078867435455 0.928051471710205 0.950629591941833 0.915006399154663 0.888045907020569 0.953435480594635 0.975555419921875 0.986200988292694 0.976346909999847 0.972285807132721 0.971028685569763 0.957137525081635 0.936984419822693 0.929559051990509 0.840401351451874 0.647414982318878 0.556700766086578 0.344535887241364 0.20946104824543
-3.4e+38 -3.4e+38 -3.4e+38 0.156912744045258 0.208416447043419 0.303880214691162 0.389011263847351 0.479753464460373 0.565538823604584 0.628278136253357 0.692292273044586 0.645209133625031 0.739844441413879 0.806281447410583 0.864217877388 0.857412338256836 0.913512945175171 0.92013144493103 0.637254357337952 0.319668084383011 0.322466343641281 0.292108178138733 0.311091065406799 0.365676403045654 0.368983000516891 0.404460430145264 0.480778366327286 0.560628235340118 0.703857183456421 0.818507552146912 0.923240840435028 0.952084064483643 0.949130058288574 0.937162280082703 0.971803426742554 0.984087646007538 0.987201631069183 0.98097425699234 0.983581006526947 0.975325047969818 0.965529143810272 0.952505826950073 0.927487432956696 0.812588095664978 0.603505909442902 0.39629203081131 0.159287467598915
-3.4e+38 -3.4e+38 -3.4e+38 -3.4e+38 0.134048938751221 0.224549621343613 0.305454850196838 0.413375467061996 0.517176151275635 0.584806382656097 0.63705313205719 0.641674935817719 0.706987500190735 0.78497576713562 0.830538749694824 0.752220749855042 0.875848531723022 0.694678664207458 0.659229099750519 0.292509794235229 0.317455649375916 0.318920731544495 0.33808159828186 0.358100086450577 0.362124025821686 0.416682004928589 0.445436775684357 0.518436193466187 0.606180787086487 0.701542854309082 0.82707941532135 0.900686919689178 0.924162626266479 0.943495392799377 0.961454629898071 0.977331697940826 0.983034908771515 0.989310026168823 0.989964425563812 0.988301336765289 0.98066109418869 0.951030611991882 0.931578814983368 0.882046699523926 0.751286089420319 0.555898606777191 0.278894513845444
-3.4e+38 -3.4e+38 -3.4e+38 -3.4e+38 0.0743897184729576 0.126762062311172 0.217648610472679 0.327658146619797 0.405998021364212 0.493729382753372 0.622890710830688 0.706693708896637 0.650711119174957 0.787790536880493 0.717783272266388 0.838130712509155 0.835669636726379 0.878839254379272 0.55902761220932 0.278820842504501 0.276846528053284 0.290133863687515 0.300805181264877 0.335064142942429 0.346455276012421 0.390821158885956 0.434382408857346 0.482446581125259 0.546951711177826 0.59722489118576 0.609400451183319 0.838397026062012 0.908140361309052 0.927952826023102 0.943987250328064 0.955565631389618 0.974849581718445 0.978745996952057 0.990238010883331 0.993042469024658 0.993134796619415 0.976920485496521 0.917385995388031 0.813709497451782 0.800538241863251 0.660718739032745 0.504564821720123
-3.4e+38 -3.4e+38 -3.4e+38 -3.4e+38 0.0254230834543705 0.0579109266400337 0.117410279810429 0.236077100038528 0.344618052244186 0.438790321350098 0.522109806537628 0.650854170322418 0.70643675327301 0.771773040294647 0.709451079368591 0.836095094680786 0.855002403259277 0.883459270000458 0.670700252056122 0.289806663990021 0.257377624511719 0.30061349272728 0.314123332500458 0.296161293983459 0.309628903865814 0.34746453166008 0.3574598133564 0.439652383327484 0.453955113887787 0.497742027044296 0.579521834850311 0.661573112010956 0.813805997371674 0.880034208297729 0.929638683795929 0.939748048782349 0.937536239624023 0.960505664348602 0.983882546424866 0.988414466381073 0.993267834186554 0.991514503955841 0.978061854839325 0.92031055688858 0.727093040943146 0.773562073707581 0.595119833946228
