data/climate_estimation/maxent_output/Smilax_biltmoreana.asc
NCOLS 95 
NROWS 60 
XLLCORNER -87.0833333333333 
YLLCORNER 31.25 
CELLSIZE 0.0833333333333334 
NODATA_value -3.4e+38 
[rows 0 to 19 of 60, columns 0 to 44 of 95]
0.136371225118637 0.130176454782486 0.122787453234196 0.10871272534132 0.0968626141548157 0.096106082201004 0.122590512037277 0.137315183877945 0.149387195706367 0.159966498613358 0.167686298489571 0.171526730060577 0.185445114970207 0.183001592755318 0.192356795072556 0.196478232741356 0.201852098107338 0.20543372631073 0.209970444440842 0.208873510360718 0.238600566983223 0.246858105063438 0.250879973173141 0.254963546991348 0.253810316324234 0.248824432492256 0.243458122014999 0.246337056159973 0.251623779535294 0.253677785396576 0.266889214515686 0.298080265522003 0.29152250289917 0.26375225186348 0.25467187166214 0.187089577317238 0.202688992023468 0.185489937663078 0.208484306931496 0.209606006741524 0.21161051094532 0.184459418058395 0.350065112113953 0.315513104200363 0.306227117776871
0.145717412233353 0.135660216212273 0.125996306538582 0.109715647995472 0.102681189775467 0.101957350969315 0.114560328423977 0.136061772704124 0.150219455361366 0.167644008994102 0.176410391926765 0.181380540132523 0.187336221337318 0.193123936653137 0.194238483905792 0.200710713863373 0.202001288533211 0.210384577512741 0.211428880691528 0.214137569069862 0.224044620990753 0.262688666582108 0.266471564769745 0.238899603486061 0.261496633291245 0.255572617053986 0.256755381822586 0.226560011506081 0.225948795676231 0.214363977313042 0.260046631097794 0.278408139944077 0.270537495613098 0.254200905561447 0.198354631662369 0.177199587225914 0.17652827501297 0.179526194930077 0.184848576784134 0.1961789727211 0.164484888315201 0.347670197486877 0.336703091859818 0.314186900854111 0.315831363201141
0.151876240968704 0.145998135209084 0.136950805783272 0.144753456115723 0.125858053565025 0.102104760706425 0.0981719642877579 0.130898594856262 0.155231460928917 0.1718360632658 0.187310516834259 0.195598140358925 0.194431751966476 0.182040497660637 0.202830642461777 0.203046157956123 0.208903625607491 0.215933695435524 0.22040206193924 0.222250729799271 0.22990807890892 0.236463889479637 0.242733269929886 0.241669401526451 0.235964685678482 0.235741943120956 0.238042280077934 0.234909474849701 0.238115772604942 0.22537599503994 0.218145653605461 0.216481238603592 0.183626636862755 0.168472245335579 0.163488641381264 0.157530680298805 0.175676450133324 0.172989502549171 0.172228619456291 0.167472377419472 0.164947375655174 0.365199029445648 0.342949748039246 0.334588766098022 0.304840445518494
0.162127003073692 0.154468476772308 0.14578315615654 0.155625253915787 0.147713512182236 0.135884061455727 0.111493490636349 0.127979040145874 0.145312666893005 0.180315390229225 0.173784658312798 0.181837633252144 0.205366104841232 0.206480368971825 0.21523728966713 0.218194618821144 0.211178481578827 0.215240702033043 0.228285163640976 0.229454725980759 0.23382031917572 0.247105047106743 0.249416396021843 0.219376981258392 0.21868585050106 0.219173580408096 0.238662526011467 0.253183513879776 0.234757661819458 0.199111491441727 0.190226405858994 0.160990446805954 0.154169395565987 0.168112084269524 0.163944885134697 0.159858986735344 0.157810464501381 0.149121910333633 0.168110981583595 0.167193546891212 0.164507299661636 0.333197951316833 0.322931796312332 0.308130443096161 0.279664784669876
0.172016695141792 0.163593888282776 0.157883986830711 0.163118094205856 0.159725740551949 0.156195759773254 0.139734268188477 0.143309235572815 0.156604707241058 0.166753485798836 0.176525667309761 0.186867937445641 0.215160071849823 0.217288732528687 0.221683099865913 0.216376915574074 0.196538969874382 0.219883114099503 0.23121839761734 0.204932853579521 0.240415304899216 0.246018692851067 0.221707999706268 0.226560801267624 0.219278126955032 0.225045710802078 0.254452168941498 0.221727713942528 0.209178179502487 0.196115344762802 0.168840020895004 0.164057046175003 0.158943653106689 0.155628591775894 0.151024013757706 0.15945015847683 0.153106153011322 0.147349208593369 0.172821134328842 0.182003557682037 0.4073646068573 0.379811465740204 0.32581153512001 0.343844801187515 0.395320415496826
0.173891335725784 0.171869277954102 0.163070440292358 0.157363206148148 0.157764717936516 0.152683913707733 0.154129222035408 0.152735903859138 0.164821684360504 0.172605574131012 0.182989895343781 0.187620475888252 0.219548672437668 0.226773366332054 0.222042873501778 0.198210403323174 0.195962160825729 0.201893135905266 0.204920694231987 0.216416895389557 0.216772451996803 0.223470091819763 0.227307513356209 0.233153030276299 0.225301563739777 0.260208487510681 0.219579130411148 0.212548732757568 0.179549977183342 0.175522431731224 0.170418784022331 0.165471538901329 0.161384463310242 0.1585942953825 0.151748433709145 0.15035255253315 0.158877819776535 0.158007636666298 0.164349481463432 0.199587181210518 0.458250880241394 0.440750032663345 0.43690013885498 0.445659965276718 0.456720888614655
0.157415091991425 0.169905170798302 0.169579982757568 0.166573792695999 0.164343148469925 0.164597004652023 0.165825366973877 0.16727215051651 0.171841949224472 0.178500324487686 0.191013321280479 0.198553830385208 0.199933588504791 0.200224727392197 0.195179164409637 0.196237176656723 0.19595330953598 0.202936187386513 0.215958178043365 0.248493164777756 0.223870202898979 0.226453974843025 0.225261047482491 0.215090781450272 0.219866409897804 0.228861898183823 0.215330556035042 0.184164345264435 0.182618245482445 0.181532204151154 0.181648448109627 0.177550226449966 0.170928701758385 0.166224092245102 0.164599165320396 0.178158536553383 0.180432200431824 0.185191407799721 0.219241663813591 0.469000399112701 0.525284826755524 0.539335787296295 0.536406993865967 0.594470202922821 0.604063332080841
0.159593969583511 0.160815134644508 0.174777269363403 0.169370010495186 0.169946834445 0.171531140804291 0.174811616539955 0.181314259767532 0.186441466212273 0.187693685293198 0.196903571486473 0.199095353484154 0.197841972112656 0.198009192943573 0.199984908103943 0.203751251101494 0.204215824604034 0.222662270069122 0.246564775705338 0.227429792284966 0.22371943295002 0.231884732842445 0.215461522340775 0.215993121266365 0.234237566590309 0.229392185807228 0.180676952004433 0.180269986391068 0.180376529693604 0.208223447203636 0.205520778894424 0.199280977249146 0.202688723802567 0.190845608711243 0.188539355993271 0.194776430726051 0.201024070382118 0.252337485551834 0.280473709106445 0.5625941157341 0.567529916763306 0.66794615983963 0.681502938270569 0.640679478645325 0.761475801467896
0.169464260339737 0.167486056685448 0.159552708268166 0.163169756531715 0.158500760793686 0.165013626217842 0.181366190314293 0.168757617473602 0.19275489449501 0.191719129681587 0.18260258436203 0.186238020658493 0.202992528676987 0.201005756855011 0.202681437134743 0.210030674934387 0.202698320150375 0.219956770539284 0.230227395892143 0.230508208274841 0.232035905122757 0.21706223487854 0.211136892437935 0.231939241290092 0.231018900871277 0.188451543450356 0.182418391108513 0.183263093233109 0.210598185658455 0.212812438607216 0.215524286031723 0.212725892663002 0.208227127790451 0.203301265835762 0.202065736055374 0.207193031907082 0.232546284794807 0.527575790882111 0.427087068557739 0.502264261245728 0.564749360084534 0.587395071983337 0.63810259103775 0.789754986763 0.758293747901917
0.177255049347878 0.172133207321167 0.175929501652718 0.173924088478088 0.169448703527451 0.169566720724106 0.174156114459038 0.174830198287964 0.183060884475708 0.177769154310226 0.18195629119873 0.18391315639019 0.18505671620369 0.185109987854958 0.217053920030594 0.22273862361908 0.225605919957161 0.218124404549599 0.227036312222481 0.232637330889702 0.222005546092987 0.207538425922394 0.234092578291893 0.222736194729805 0.181694775819778 0.181451827287674 0.185951501131058 0.190542906522751 0.21221025288105 0.208500221371651 0.215865939855576 0.211052715778351 0.219245448708534 0.220790147781372 0.22205676138401 0.276349484920502 0.353975713253021 0.559102773666382 0.601633489131927 0.616231203079224 0.629975438117981 0.677461504936218 0.673712849617004 0.68249773979187 0.684484004974365
0.186445012688637 0.180964291095734 0.181714355945587 0.185847744345665 0.181577697396278 0.176172763109207 0.178707659244537 0.181769713759422 0.181521117687225 0.188058823347092 0.165443435311317 0.187490925192833 0.183788225054741 0.1852757781744 0.216042429208755 0.229061469435692 0.223583981394768 0.230673000216484 0.232970178127289 0.229478120803833 0.178291603922844 0.232903346419334 0.235716074705124 0.186213478446007 0.180876612663269 0.181216016411781 0.203203156590462 0.207227438688278 0.215160295367241 0.212769448757172 0.218375101685524 0.221919909119606 0.229489505290985 0.232099011540413 0.287633806467056 0.372870653867722 0.507679522037506 0.517256319522858 0.624700367450714 0.475957840681076 0.693846046924591 0.697324931621552 0.655383110046387 0.760720133781433 0.814883828163147
0.165803611278534 0.182343751192093 0.162774324417114 0.178987458348274 0.158617109060287 0.159631311893463 0.159703493118286 0.16258904337883 0.168478965759277 0.167520940303802 0.168997243046761 0.166353151202202 0.169752582907677 0.184935852885246 0.189023643732071 0.220691949129105 0.227605819702148 0.226226970553398 0.235231027007103 0.183828800916672 0.222892597317696 0.235427916049957 0.222231596708298 0.176492482423782 0.182511001825333 0.205142810940742 0.207813188433647 0.207942366600037 0.209309130907059 0.217243820428848 0.22563411295414 0.2824667096138 0.275717228651047 0.305705368518829 0.369494318962097 0.401184856891632 0.534867346286774 0.546649694442749 0.421129524707794 0.706142902374268 0.56439220905304 0.777413487434387 0.782946467399597 0.786922633647919 0.83265221118927
0.160598933696747 0.165165156126022 0.163513198494911 0.161792889237404 0.15499347448349 0.160129636526108 0.161500915884972 0.15948274731636 0.165297329425812 0.167612805962563 0.169984385371208 0.171179071068764 0.170419618487358 0.199158683419228 0.20294326543808 0.202317833900452 0.205472767353058 0.198064401745796 0.199637919664383 0.190295293927193 0.240886449813843 0.225103959441185 0.174114122986794 0.172882318496704 0.178807109594345 0.207061171531677 0.206283912062645 0.216881066560745 0.214915633201599 0.225508987903595 0.276918172836304 0.275985091924667 0.298053860664368 0.317499190568924 0.376038163900375 0.392628848552704 0.467902779579163 0.479331463575363 0.664179086685181 0.682008743286133 0.587759971618652 0.659536719322205 0.676123142242432 0.807327926158905 0.800941705703735
0.160098060965538 0.158204853534698 0.160988017916679 0.156367853283882 0.152618587017059 0.162543222308159 0.158722087740898 0.163380905985832 0.165223091840744 0.168974936008453 0.169969528913498 0.175208404660225 0.179708033800125 0.198777586221695 0.203991293907166 0.198635324835777 0.197623863816261 0.195409297943115 0.161698088049889 0.201939195394516 0.198306024074554 0.178947582840919 0.165918126702309 0.169843554496765 0.179169341921806 0.203095465898514 0.211417928338051 0.237562224268913 0.24510146677494 0.267249643802643 0.282791703939438 0.317093282938004 0.327481925487518 0.327404350042343 0.599498629570007 0.601438760757446 0.600221514701843 0.611948549747467 0.725806772708893 0.581188142299652 0.606173276901245 0.678798139095306 0.681421101093292 0.841807663440704 0.843481779098511
0.159666508436203 0.158588171005249 0.158391624689102 0.160182759165764 0.158183813095093 0.161106422543526 0.163924217224121 0.164134308695793 0.167821675539017 0.150067687034607 0.182016804814339 0.182768300175667 0.212313503026962 0.182300642132759 0.183888182044029 0.20040425658226 0.171900928020477 0.162007719278336 0.16463503241539 0.19356769323349 0.181598708033562 0.145836099982262 0.146102115511894 0.169429644942284 0.199835881590843 0.206689476966858 0.210493639111519 0.239116847515106 0.254597723484039 0.278250247240067 0.325501143932343 0.3270004093647 0.3399378657341 0.392429560422897 0.355135589838028 0.615253567695618 0.615582287311554 0.627300262451172 0.685331404209137 0.702736139297485 0.77038311958313 0.628349184989929 0.758333563804626 0.767701208591461 0.646756291389465
0.142123237252235 0.16007873415947 0.14354307949543 0.14396196603775 0.158206701278687 0.142199710011482 0.147582203149796 0.145088478922844 0.153783395886421 0.185186803340912 0.177953243255615 0.180545702576637 0.181783378124237 0.174833789467812 0.18164949119091 0.171895906329155 0.166738286614418 0.174117207527161 0.20174041390419 0.165056481957436 0.18904110789299 0.155453324317932 0.145815879106522 0.170630410313606 0.183622419834137 0.205774188041687 0.23392628133297 0.239767402410507 0.267753034830093 0.306070268154144 0.394241899251938 0.33755961060524 0.340779602527618 0.351185858249664 0.359249323606491 0.626396834850311 0.674971044063568 0.689348161220551 0.698635935783386 0.729900062084198 0.536455035209656 0.62929493188858 0.652648150920868 0.662011444568634 0.664133071899414
0.142470464110374 0.146699219942093 0.14214788377285 0.142105281352997 0.138947322964668 0.140061095356941 0.142590641975403 0.145955622196198 0.155292257666588 0.181667432188988 0.159920215606689 0.185851752758026 0.184928193688393 0.162563696503639 0.153361856937408 0.150630682706833 0.176779299974442 0.200712844729424 0.180620044469833 0.203995019197464 0.192291602492332 0.156029790639877 0.156558364629745 0.181798756122589 0.187194302678108 0.203267708420753 0.233959391713142 0.244710296392441 0.283587157726288 0.392385125160217 0.411994159221649 0.397793054580688 0.357070177793503 0.359394967556 0.366537928581238 0.424427092075348 0.688780665397644 0.700213491916656 0.497024804353714 0.608265042304993 0.560230612754822 0.639607429504395 0.57539176940918 0.646866977214813 0.636025011539459
0.144337028264999 0.138541713356972 0.135769262909889 0.134709164500237 0.136094018816948 0.13747613132 0.143486082553864 0.140161424875259 0.148314133286476 0.160632580518723 0.155481353402138 0.184904515743256 0.156607374548912 0.152607709169388 0.149186551570892 0.16052058339119 0.188942804932594 0.206008464097977 0.174761459231377 0.21759432554245 0.168740779161453 0.170069471001625 0.186157464981079 0.191551223397255 0.188558578491211 0.202819913625717 0.233314335346222 0.239100679755211 0.285849571228027 0.332583457231522 0.333305835723877 0.356239318847656 0.362482637166977 0.417982339859009 0.425832211971283 0.444539934396744 0.456991076469421 0.511800110340118 0.729337751865387 0.562597870826721 0.6239093542099 0.556854724884033 0.56371009349823 0.618577182292938 0.865813314914703
0.137151584029198 0.13131856918335 0.129315212368965 0.130551964044571 0.130105376243591 0.129697203636169 0.140810579061508 0.140491783618927 0.144107758998871 0.149565100669861 0.157588675618172 0.138117372989655 0.135340631008148 0.134208455681801 0.163497135043144 0.187765225768089 0.185362681746483 0.192207887768745 0.179282248020172 0.213536620140076 0.206412270665169 0.17204537987709 0.191002652049065 0.190242409706116 0.196815118193626 0.200246959924698 0.206689059734344 0.237247407436371 0.269188314676285 0.319321244955063 0.319663524627686 0.329667061567307 0.378121018409729 0.424539893865585 0.437534809112549 0.460486531257629 0.466897010803223 0.524498581886292 0.487740516662598 0.491493821144104 0.75376284122467 0.760301530361176 0.814535737037659 0.817375302314758 0.805259764194489
0.133559659123421 0.130428984761238 0.12778927385807 0.126996055245399 0.116133332252502 0.129240930080414 0.13650768995285 0.132880538702011 0.143409848213196 0.123641096055508 0.132876500487328 0.131819635629654 0.136566564440727 0.155926614999771 0.163042485713959 0.186538755893707 0.188274562358856 0.179532945156097 0.215219855308533 0.21570485830307 0.182263642549515 0.170105680823326 0.177742049098015 0.195570304989815 0.200147598981857 0.185167402029037 0.186115950345993 0.208778664469719 0.227512270212173 0.260217308998108 0.283221155405045 0.29906103014946 0.358524411916733 0.370499849319458 0.45387214422226 0.407557517290115 0.407458782196045 0.400950759649277 0.698850810527802 0.71176952123642 0.760176360607147 0.75115555524826 0.748736023902893 0.795978307723999 0.789027154445648
