data/climate_estimation/maxent_output/Smilax_microphylla.asc
NCOLS 272 
NROWS 158 
XLLCORNER 93.8333333333333 
YLLCORNER 21.1666666666667 
CELLSIZE 0.0833333333333334 
NODATA_value -3.4e+38 
[rows 38 to 56 of 158, columns 88 to 131 of 272]
0.0450315736234188 0.0218683648854494 0.0922165662050247 0.0718901306390762 0.254253536462784 0.120489254593849 0.0941664651036263 0.0925772339105606 0.766502261161804 0.433995842933655 0.250890284776688 0.117704592645168 0.0479674376547337 0.0894812047481537 0.313269704580307 0.498797625303268 0.333396226167679 0.029977772384882 0.0230072103440762 0.0319075845181942 0.0168056450784206 0.0148241501301527 0.0204671211540699 0.120898865163326 0.657705664634705 0.838409543037415 0.498436331748962 0.868738651275635 0.870288729667664 0.904590845108032 0.908160150051117 0.915586829185486 0.913757503032684 0.893950879573822 0.887652695178986 0.896702408790588 0.893393933773041 0.886241257190704 0.892923593521118 0.890191197395325 0.882064163684845 0.877439081668854 0.873822629451752 0.881568133831024
0.0864258110523224 0.0202239938080311 0.112376652657986 0.140935286879539 0.4439797103405 0.570412695407867 0.0959099307656288 0.246643409132957 0.758031964302063 0.101936511695385 0.244392886757851 0.670555949211121 0.701014995574951 0.678321421146393 0.684620499610901 0.536563515663147 0.547373473644257 0.0678412914276123 0.0719151124358177 0.0786303803324699 0.0449096746742725 0.0342854596674442 0.171684220433235 0.356685400009155 0.769273817539215 0.704190015792847 0.807187676429749 0.908222556114197 0.90561056137085 0.907837271690369 0.90032821893692 0.89255279302597 0.897200167179108 0.896742284297943 0.888474106788635 0.88848090171814 0.887642681598663 0.885951519012451 0.885616779327393 0.885317981243134 0.885426700115204 0.885003387928009 0.878312706947327 0.887372612953186
0.372036159038544 0.0398886986076832 0.0293318573385477 0.0572657994925976 0.029415613040328 0.195011824369431 0.662868916988373 0.219275146722794 0.761675179004669 0.613398194313049 0.625335216522217 0.354439854621887 0.08245649933815 0.369416922330856 0.514416515827179 0.130388215184212 0.136152371764183 0.385893017053604 0.216268599033356 0.111052393913269 0.031247952952981 0.0698891058564186 0.299094080924988 0.571916878223419 0.663882493972778 0.833041548728943 0.880274772644043 0.911658585071564 0.903558015823364 0.882990837097168 0.899620354175568 0.883802771568298 0.879757523536682 0.883086860179901 0.880260705947876 0.884748220443726 0.882315039634705 0.869679749011993 0.876467227935791 0.882930099964142 0.892891645431519 0.873723447322845 0.880164444446564 0.880746364593506
0.225670322775841 0.113006331026554 0.0344918370246887 0.0577670074999332 0.0812950059771538 0.0297085084021091 0.151051163673401 0.706579327583313 0.76251345872879 0.718424201011658 0.0484810918569565 0.0733665078878403 0.0392511524260044 0.0409326925873756 0.10411774367094 0.250554233789444 0.053152360022068 0.111436568200588 0.146013841032982 0.258073925971985 0.051766399294138 0.203248381614685 0.258111715316772 0.641871750354767 0.822102010250092 0.886967599391937 0.890596151351929 0.894237220287323 0.897551894187927 0.881837487220764 0.876071393489838 0.88513970375061 0.872594356536865 0.873491048812866 0.868212640285492 0.884654223918915 0.882105648517609 0.876472949981689 0.87020343542099 0.882994055747986 0.880902826786041 0.878432810306549 0.886822581291199 0.879705965518951
0.0726575404405594 0.122458226978779 0.0510067827999592 0.056886799633503 0.352994978427887 0.319765210151672 0.506135284900665 0.535963714122772 0.35545027256012 0.78029990196228 0.225149616599083 0.575209498405457 0.411734819412231 0.0474892966449261 0.0212370026856661 0.0373292863368988 0.107632525265217 0.278993934392929 0.495935142040253 0.17926749587059 0.0216975715011358 0.0299556721001863 0.0797586739063263 0.37399610877037 0.817785322666168 0.870533764362335 0.889864981174469 0.899781882762909 0.875699579715729 0.86666339635849 0.874567449092865 0.873593091964722 0.866182923316956 0.875715494155884 0.861743032932281 0.879343807697296 0.869060099124908 0.872168779373169 0.878648579120636 0.874400973320007 0.888555288314819 0.86610072851181 0.880048215389252 0.882875680923462
0.233913332223892 0.0823494642972946 0.129968881607056 0.0786955654621124 0.179528534412384 0.0703549161553383 0.197463601827621 0.099328301846981 0.290754288434982 0.496217280626297 0.769811809062958 0.335806429386139 0.220771312713623 0.0295808482915163 0.0420123375952244 0.0698426365852356 0.351280242204666 0.420064806938171 0.716433644294739 0.557072579860687 0.329711854457855 0.243995398283005 0.394494920969009 0.535438776016235 0.798921465873718 0.839883804321289 0.895707607269287 0.864390969276428 0.879089593887329 0.872291505336761 0.870782136917114 0.857140004634857 0.873885035514832 0.872240543365479 0.859421133995056 0.877322733402252 0.87738299369812 0.876727759838104 0.868706583976746 0.880746126174927 0.875158488750458 0.874667704105377 0.868686079978943 0.884135127067566
0.0294609405100346 0.0863663032650948 0.146427422761917 0.148020148277283 0.0456347092986107 0.085465706884861 0.395270735025406 0.14768522977829 0.0187306869775057 0.196089804172516 0.742231488227844 0.176017254590988 0.0117495944723487 0.0248086918145418 0.120593279600143 0.114674493670464 0.717215538024902 0.718456566333771 0.565117180347443 0.695464313030243 0.67356014251709 0.609817922115326 0.633770525455475 0.80846643447876 0.886261761188507 0.887504935264587 0.87623405456543 0.865580141544342 0.859673142433167 0.855189561843872 0.857126832008362 0.854247212409973 0.860127627849579 0.853428483009338 0.861452758312225 0.863511562347412 0.869607090950012 0.864537954330444 0.877871096134186 0.879026591777802 0.860262036323547 0.881122887134552 0.872912883758545 0.874750733375549
0.0371770747005939 0.107286520302296 0.166954055428505 0.377856016159058 0.156099706888199 0.126922696828842 0.0833196640014648 0.114014573395252 0.0295499693602324 0.226743414998055 0.765894055366516 0.228958889842033 0.0858361944556236 0.187521114945412 0.156792268157005 0.23606051504612 0.258348524570465 0.815373718738556 0.861222803592682 0.526483416557312 0.800490081310272 0.799398481845856 0.85623973608017 0.868753135204315 0.887811958789825 0.880365192890167 0.853442132472992 0.850856840610504 0.839040160179138 0.842338800430298 0.85404634475708 0.856573343276978 0.847655475139618 0.853683888912201 0.865394830703735 0.85912150144577 0.863776206970215 0.866177499294281 0.867559671401978 0.875261068344116 0.87934821844101 0.866316974163055 0.872242629528046 0.858955681324005
0.208225876092911 0.141596809029579 0.146007359027863 0.280800998210907 0.2175582498312 0.0571743696928024 0.0285709630697966 0.0378119647502899 0.134825959801674 0.116950988769531 0.469816327095032 0.727033019065857 0.154523476958275 0.607784688472748 0.078000120818615 0.0388947688043118 0.357353985309601 0.736803770065308 0.888530194759369 0.781503260135651 0.863082110881805 0.699034929275513 0.843617796897888 0.879732251167297 0.880085945129395 0.847072839736938 0.837989568710327 0.83308607339859 0.84227442741394 0.838276088237762 0.840306341648102 0.836720705032349 0.842846155166626 0.847229957580566 0.849079251289368 0.85145503282547 0.853285372257233 0.872520387172699 0.867348730564117 0.874796628952026 0.857669055461884 0.875387787818909 0.857341825962067 0.868653357028961
0.0558595322072506 0.0498899519443512 0.088210292160511 0.143598020076752 0.214061871170998 0.0451042614877224 0.0224888809025288 0.0593227036297321 0.170679464936256 0.218988865613937 0.166506513953209 0.747978508472443 0.196412801742554 0.688633680343628 0.166802749037743 0.158314794301987 0.266351699829102 0.727358043193817 0.851154029369354 0.882117629051208 0.792168974876404 0.868745625019073 0.873290956020355 0.879184901714325 0.857075870037079 0.83385843038559 0.826834857463837 0.835530877113342 0.822150528430939 0.829560339450836 0.84154337644577 0.830333590507507 0.837377905845642 0.844511270523071 0.837579250335693 0.861166298389435 0.861792147159576 0.859056770801544 0.854882419109344 0.852964401245117 0.860046029090881 0.85580849647522 0.858055114746094 0.875378847122192
0.0430330298841 0.0483168736100197 0.0756910517811775 0.117985598742962 0.181327730417252 0.100102953612804 0.0283279996365309 0.100584596395493 0.0993697121739388 0.0204493440687656 0.24271833896637 0.506188452243805 0.776947319507599 0.520992934703827 0.142314344644547 0.140813514590263 0.317325621843338 0.669948101043701 0.829719543457031 0.883011698722839 0.880778074264526 0.875547111034393 0.865859985351562 0.868295311927795 0.843724012374878 0.821179211139679 0.833355844020844 0.819295167922974 0.830193996429443 0.81526654958725 0.831392526626587 0.827040910720825 0.844639480113983 0.838879644870758 0.837711751461029 0.847004652023315 0.86108386516571 0.839914202690125 0.846225440502167 0.849424779415131 0.850487470626831 0.854666411876678 0.853195369243622 0.861196041107178
0.134605273604393 0.187015742063522 0.112405382096767 0.149539142847061 0.162225142121315 0.150806978344917 0.0870623514056206 0.0422058738768101 0.171250313520432 0.0351081006228924 0.0404240824282169 0.236615747213364 0.80490517616272 0.118502177298069 0.0669648051261902 0.626332402229309 0.480099976062775 0.824958503246307 0.825991749763489 0.876885294914246 0.869142293930054 0.843012034893036 0.866904973983765 0.861962795257568 0.838959217071533 0.827671468257904 0.821217894554138 0.809424877166748 0.827555298805237 0.829659223556519 0.813554704189301 0.811240613460541 0.822417557239532 0.82021301984787 0.833629548549652 0.846525728702545 0.837490797042847 0.846114158630371 0.841687798500061 0.847019076347351 0.847181677818298 0.844155371189117 0.847066462039948 0.846567273139954
0.320174068212509 0.132108822464943 0.0759220495820045 0.243174448609352 0.250041902065277 0.190746530890465 0.115309305489063 0.0370072610676289 0.10055124014616 0.267916053533554 0.212716639041901 0.482542484998703 0.747060656547546 0.0595017708837986 0.664871752262115 0.686839163303375 0.782797396183014 0.853055357933044 0.883091151714325 0.848534226417542 0.836589753627777 0.873820900917053 0.843071341514587 0.83692342042923 0.828726410865784 0.835960030555725 0.822779417037964 0.819825947284698 0.806418061256409 0.806447625160217 0.806955814361572 0.812254965305328 0.803755283355713 0.830727517604828 0.831868350505829 0.823150455951691 0.838078498840332 0.827917277812958 0.827990889549255 0.838112056255341 0.844444453716278 0.841057419776917 0.830645322799683 0.840727210044861
0.345003455877304 0.124440781772137 0.0673336833715439 0.231242850422859 0.269437581300735 0.172932460904121 0.0701798424124718 0.0510705150663853 0.0708052664995193 0.401624232530594 0.117474675178528 0.71324622631073 0.788533449172974 0.327604383230209 0.701517999172211 0.834414660930634 0.855346083641052 0.856377780437469 0.854596018791199 0.814790844917297 0.821107268333435 0.85789954662323 0.826310455799103 0.783959209918976 0.813413381576538 0.821991324424744 0.805252969264984 0.794750094413757 0.797423958778381 0.778362691402435 0.794680595397949 0.79194849729538 0.810331881046295 0.809721171855927 0.80852335691452 0.829663157463074 0.815675437450409 0.812843799591064 0.806909561157227 0.829486131668091 0.825017631053925 0.824541866779327 0.831405341625214 0.829835832118988
0.0690904408693314 0.0453225672245026 0.140292897820473 0.149632349610329 0.211010575294495 0.207834735512733 0.0578912384808064 0.0465630292892456 0.0977921187877655 0.220063671469688 0.00947308819741011 0.294736593961716 0.847297787666321 0.57432609796524 0.8371941447258 0.867968022823334 0.85817164182663 0.859556674957275 0.858604967594147 0.839024901390076 0.846098363399506 0.826777756214142 0.833984315395355 0.780439436435699 0.80432391166687 0.776475369930267 0.758368492126465 0.77516233921051 0.776664853096008 0.790511548519135 0.787024676799774 0.778398633003235 0.778508484363556 0.787359297275543 0.82218736410141 0.804274618625641 0.793821096420288 0.81628692150116 0.81023907661438 0.815983593463898 0.803242325782776 0.809193193912506 0.819985687732697 0.830542802810669
0.0876913517713547 0.148274064064026 0.167352274060249 0.106532663106918 0.173772841691971 0.194612964987755 0.0630837380886078 0.021361842751503 0.0226913131773472 0.035703256726265 0.0916650667786598 0.471729278564453 0.864745914936066 0.587953209877014 0.744514226913452 0.771068274974823 0.837295234203339 0.852082550525665 0.845532894134521 0.839123666286469 0.823938727378845 0.837870359420776 0.826906681060791 0.825427114963531 0.765298247337341 0.754554748535156 0.757001936435699 0.750079333782196 0.760367035865784 0.758735239505768 0.759678721427917 0.773549973964691 0.779333174228668 0.791560769081116 0.806013762950897 0.813925862312317 0.795435726642609 0.804492354393005 0.81464946269989 0.81350713968277 0.820947885513306 0.810514628887177 0.796521246433258 0.80291736125946
0.113039687275887 0.112802371382713 0.0582509823143482 0.128743886947632 0.233406499028206 0.136455416679382 0.0381748005747795 0.0133130922913551 0.00444780988618731 0.0148275010287762 0.34091392159462 0.31255367398262 0.857032299041748 0.750231742858887 0.558518290519714 0.849910914897919 0.844659984111786 0.844973146915436 0.82751077413559 0.808109760284424 0.825298964977264 0.833855271339417 0.832733929157257 0.813932836055756 0.775097072124481 0.802237451076508 0.762405872344971 0.763038218021393 0.743678689002991 0.755961120128632 0.759689211845398 0.741596341133118 0.771476268768311 0.776925325393677 0.794113159179688 0.789826393127441 0.793732821941376 0.798548817634583 0.801143407821655 0.808957934379578 0.816857218742371 0.812349855899811 0.803144097328186 0.774061322212219
0.0421723686158657 0.0355201959609985 0.082076832652092 0.227582842111588 0.11329373717308 0.0920223072171211 0.0355951189994812 0.0155457546934485 0.00474964594468474 0.216215327382088 0.655536592006683 0.662650048732758 0.833666145801544 0.616109251976013 0.738913953304291 0.752935647964478 0.832599580287933 0.798081040382385 0.832671642303467 0.822082877159119 0.824410617351532 0.830340206623077 0.82894104719162 0.829233050346375 0.79070645570755 0.818005561828613 0.796794652938843 0.779026508331299 0.734711706638336 0.726291120052338 0.751302123069763 0.75108790397644 0.776384949684143 0.764550507068634 0.761939942836761 0.770267844200134 0.799406945705414 0.793751299381256 0.797193467617035 0.798836350440979 0.811037182807922 0.808153986930847 0.815106213092804 0.802418291568756
0.0206827949732542 0.031536728143692 0.256777316331863 0.0960727408528328 0.12586122751236 0.0361652709543705 0.0592705011367798 0.0180068593472242 0.000933032366447151 0.00154106388799846 0.421694815158844 0.82928079366684 0.834405183792114 0.574408888816833 0.739026188850403 0.822098910808563 0.796866357326508 0.708454549312592 0.76084977388382 0.821687698364258 0.836949586868286 0.771499335765839 0.833921253681183 0.831908702850342 0.808575332164764 0.826506912708282 0.820415198802948 0.76666384935379 0.705547690391541 0.716887831687927 0.737988352775574 0.745428442955017 0.759215891361237 0.75021755695343 0.753827810287476 0.763853549957275 0.768484055995941 0.788264751434326 0.807548820972443 0.811539828777313 0.8025843501091 0.80235344171524 0.795239448547363 0.792507231235504
