data/climate_estimation/maxent_output/Smilax_glauca.asc
NCOLS 423 
NROWS 334 
XLLCORNER -104.583333333333 
YLLCORNER 15.4166666666667 
CELLSIZE 0.0833333333333333 
NODATA_value -3.4e+38 
[rows 161 to 183 of 334, columns 52 to 103 of 423]
0.0146359726786613 0.0168214086443186 0.01851468347013 0.0219621900469065 0.0257117636501789 0.0257173050194979 0.0300991926342249 0.0391880199313164 0.0449677035212517 0.0541238896548748 0.0594193004071712 0.0612715370953083 0.0612574927508831 0.0714157596230507 0.0832065343856812 0.111893676221371 0.147627905011177 0.168087691068649 0.19104029238224 0.235797896981239 0.259246408939362 0.317005038261414 0.346654623746872 0.380380481481552 0.351252168416977 0.327256679534912 0.274530321359634 0.232357680797577 0.212410405278206 0.193982765078545 0.17681297659874 0.177466377615929 0.177630618214607 0.235685363411903 0.259339183568954 0.308828920125961 0.334341913461685 0.393581956624985 0.463041067123413 0.534151673316956 0.641445457935333 0.668999552726746 0.683009386062622 0.691863894462585 0.692731320858002 0.693497061729431 0.686467170715332 0.678113758563995 0.670476257801056 0.662826895713806 0.657048523426056 0.663300037384033
0.0146372187882662 0.0163079295307398 0.0187399666756392 0.0219621770083904 0.0257105082273483 0.0286489259451628 0.0325034335255623 0.037997480481863 0.037993349134922 0.0508881472051144 0.0593895725905895 0.061203345656395 0.0692436993122101 0.07139702886343 0.0817478448152542 0.0951314046978951 0.139400035142899 0.180068001151085 0.183304995298386 0.204997047781944 0.252058833837509 0.277109593153 0.270067721605301 0.27024120092392 0.255776524543762 0.221190065145493 0.225130274891853 0.205795615911484 0.210780516266823 0.192509204149246 0.176736071705818 0.179464772343636 0.195950090885162 0.213823541998863 0.235600039362907 0.281369745731354 0.30498394370079 0.364168107509613 0.426630169153214 0.533693194389343 0.640970468521118 0.674576580524445 0.682289600372314 0.684862673282623 0.692710340023041 0.686446249485016 0.679133057594299 0.670927882194519 0.662409126758575 0.655031442642212 0.656769335269928 0.659090459346771
0.0146347275003791 0.0168289002031088 0.0187495090067387 0.0212927553802729 0.0249272361397743 0.0286433100700378 0.0282857231795788 0.0372926741838455 0.0314955972135067 0.0379627794027328 0.0508481077849865 0.0524435713887215 0.0700658485293388 0.0826415568590164 0.093369260430336 0.0933994799852371 0.123724229633808 0.13936485350132 0.154147684574127 0.170614004135132 0.170761734247208 0.186304688453674 0.176126271486282 0.141733735799789 0.131937906146049 0.144021645188332 0.170747622847557 0.183989837765694 0.205559998750687 0.210551887750626 0.193580225110054 0.178676798939705 0.195680484175682 0.213439300656319 0.234883308410645 0.255605459213257 0.304137349128723 0.391768485307693 0.45720762014389 0.572050809860229 0.661876976490021 0.667875409126282 0.676653385162354 0.683479487895966 0.683874785900116 0.678942561149597 0.670645415782928 0.669224083423615 0.659961521625519 0.660172283649445 0.656271696090698 0.658776938915253
0.0146303214132786 0.0168241541832685 0.0176226086914539 0.0209006760269403 0.0244702212512493 0.0269199963659048 0.0241639371961355 0.0324635878205299 0.0310792624950409 0.0367913134396076 0.0435345731675625 0.0508420690894127 0.0608541630208492 0.0811954140663147 0.0916877239942551 0.0905931517481804 0.102198638021946 0.1133097037673 0.113407231867313 0.113485939800739 0.124222882091999 0.108962304890156 0.112336225807667 0.0784235820174217 0.0833340138196945 0.115596458315849 0.141425415873528 0.165769994258881 0.180607512593269 0.206267312169075 0.209078371524811 0.211833462119102 0.213250994682312 0.214760601520538 0.256724864244461 0.306520521640778 0.390187412500381 0.492520034313202 0.57121467590332 0.64021110534668 0.656568646430969 0.667494535446167 0.669342398643494 0.676193833351135 0.676145434379578 0.674975991249084 0.662499368190765 0.660675346851349 0.660418450832367 0.660855174064636 0.656886577606201 0.663791418075562
0.0141802811995149 0.0158079694956541 0.0168735515326262 0.0200110767036676 0.023721432313323 0.023721432313323 0.0234230235219002 0.023125359788537 0.0265696048736572 0.0310647878795862 0.0367874205112457 0.0454718843102455 0.0714671164751053 0.0817970409989357 0.0811783447861671 0.0889346078038216 0.0852614566683769 0.0878884717822075 0.0853358432650566 0.0755666866898537 0.0723846256732941 0.0804232805967331 0.0829978361725807 0.0747251287102699 0.0770340859889984 0.0924721211194992 0.116891518235207 0.156127840280533 0.18781304359436 0.219025611877441 0.226730689406395 0.228467777371407 0.231582149863243 0.253604263067245 0.301390558481216 0.390117079019547 0.495564013719559 0.524636328220367 0.599648475646973 0.628988444805145 0.650244832038879 0.65117883682251 0.661674201488495 0.668277740478516 0.667364060878754 0.666976809501648 0.661003470420837 0.660242676734924 0.661263704299927 0.661483645439148 0.667943120002747 0.669451117515564
0.014360724017024 0.0137451970949769 0.0148551240563393 0.0176229942589998 0.0200084839016199 0.020639369264245 0.0206381678581238 0.0203761104494333 0.0234141070395708 0.0273947790265083 0.0372414737939835 0.0534790679812431 0.0688791051506996 0.0701163932681084 0.0817638486623764 0.0811101123690605 0.0678802728652954 0.065856084227562 0.0600795485079288 0.052442841231823 0.0515074916183949 0.0508420690894127 0.0620235651731491 0.0612655282020569 0.0714629217982292 0.0759437158703804 0.102263979613781 0.127492666244507 0.149467647075653 0.200790077447891 0.224908456206322 0.249024882912636 0.273594409227371 0.300239980220795 0.356944471597672 0.387078464031219 0.449270725250244 0.4849633872509 0.553170323371887 0.589409351348877 0.627651333808899 0.649076879024506 0.649666547775269 0.653877317905426 0.66470205783844 0.658450663089752 0.659292876720428 0.659563183784485 0.665697634220123 0.666535437107086 0.674317598342896 0.675585448741913
0.0121022844687104 0.0129162697121501 0.0144006218761206 0.0153251569718122 0.0176234301179647 0.0181808769702911 0.0206376798450947 0.0206365901976824 0.0231154449284077 0.0273913964629173 0.0384103395044804 0.0480861999094486 0.0668091848492622 0.0755278468132019 0.0736240372061729 0.071743443608284 0.0626467987895012 0.0546861402690411 0.0530549399554729 0.0483538582921028 0.0477424338459969 0.0477386973798275 0.0517558082938194 0.0511337593197823 0.0663056075572968 0.0704314261674881 0.0830997005105019 0.103853449225426 0.143202528357506 0.170017212629318 0.192445263266563 0.209542527794838 0.25359833240509 0.275204569101334 0.323943644762039 0.350202798843384 0.408458709716797 0.441646426916122 0.517253339290619 0.552645325660706 0.592498421669006 0.599069893360138 0.632556974887848 0.637699067592621 0.65287047624588 0.653550803661346 0.653779208660126 0.65439110994339 0.661285817623138 0.667078077793121 0.668975114822388 0.671563804149628
0.011373607441783 0.0126793682575226 0.0127555839717388 0.0153262140229344 0.0160121135413647 0.0189935825765133 0.0185210909694433 0.0212889853864908 0.0241531524807215 0.0286222901195288 0.0354105718433857 0.0419156812131405 0.0517914853990078 0.0593596994876862 0.0578546077013016 0.0570963211357594 0.0553662963211536 0.0513672381639481 0.051384873688221 0.0498378686606884 0.0514009073376656 0.0492242611944675 0.0486105903983116 0.0413222312927246 0.0488964095711708 0.0570536777377129 0.0694490522146225 0.0880797877907753 0.124076336622238 0.142891228199005 0.176733881235123 0.196964800357819 0.236212283372879 0.259482473134995 0.280793130397797 0.329282701015472 0.37856113910675 0.407831370830536 0.44251149892807 0.48348143696785 0.522943437099457 0.568161606788635 0.568823635578156 0.609296441078186 0.643000602722168 0.639011263847351 0.654702365398407 0.654588580131531 0.656576335430145 0.666989207267761 0.670661687850952 0.672601997852325
0.0100073106586933 0.0113702416419983 0.0117329023778439 0.0121024828404188 0.014363088645041 0.0165204554796219 0.0170479658991098 0.019352899864316 0.0219619292765856 0.0263677109032869 0.0308435279875994 0.0328182615339756 0.0393601506948471 0.0405991487205029 0.045389324426651 0.044802013784647 0.0453827418386936 0.0468077287077904 0.0468123778700829 0.0482833795249462 0.0462232865393162 0.0397817268967628 0.0450632646679878 0.0400029718875885 0.0395105965435505 0.0461395680904388 0.0579812116920948 0.0746312066912651 0.102408096194267 0.118166416883469 0.146482527256012 0.179658636450768 0.198345229029655 0.240435972809792 0.260573089122772 0.285250216722488 0.328485995531082 0.384464353322983 0.417655944824219 0.450242877006531 0.488423436880112 0.533655345439911 0.541348934173584 0.577218949794769 0.617460191249847 0.644883096218109 0.640321671962738 0.655156195163727 0.6555095911026 0.66447651386261 0.666677176952362 0.669230341911316
0.0105885816738009 0.0104562044143677 0.0106533328071237 0.0109922708943486 0.0126455975696445 0.0130559401586652 0.0152970058843493 0.016837976872921 0.019970178604126 0.0226573515683413 0.0244276355952024 0.0289503168314695 0.0342925563454628 0.0353768654167652 0.0360288843512535 0.0371687114238739 0.0371729359030724 0.0383436791598797 0.0395433865487576 0.0402588322758675 0.0402471646666527 0.0373494029045105 0.0368753746151924 0.0370734184980392 0.0382373370230198 0.0452513992786407 0.0551758296787739 0.0671991929411888 0.0832616686820984 0.106687359511852 0.134350627660751 0.165349528193474 0.183299541473389 0.219940796494484 0.241320610046387 0.261021554470062 0.304739773273468 0.332424342632294 0.390646934509277 0.425186634063721 0.462675422430038 0.470331281423569 0.478505879640579 0.511017322540283 0.543617844581604 0.616931915283203 0.644098997116089 0.669978678226471 0.663734495639801 0.666192352771759 0.663232266902924 0.666439831256866
0.00961593817919493 0.00979697704315186 0.00980063434690237 0.0099876057356596 0.0099913040176034 0.0114939389750361 0.0134807163849473 0.015303798019886 0.0176025200635195 0.0206062719225883 0.0244305338710546 0.0252061560750008 0.0260037202388048 0.0276815518736839 0.0328066572546959 0.0294740125536919 0.0304221548140049 0.0344749018549919 0.0360281728208065 0.0366598106920719 0.0329318903386593 0.0305417608469725 0.0301532037556171 0.0341774523258209 0.0359035283327103 0.0438345819711685 0.0480924025177956 0.055151391774416 0.0680618137121201 0.0879604518413544 0.111110858619213 0.137215942144394 0.152692049741745 0.181622996926308 0.199753135442734 0.237860202789307 0.256836503744125 0.307743012905121 0.363081842660904 0.400907307863235 0.438008040189743 0.441645473241806 0.449901431798935 0.479910373687744 0.507309377193451 0.578741729259491 0.645582437515259 0.660520136356354 0.664394974708557 0.662647426128387 0.665228545665741 0.662616491317749
0.00992631912231445 0.00992592982947826 0.00980464089661837 0.00981196109205484 0.0101253632456064 0.0101319756358862 0.0132368234917521 0.0150295086205006 0.0155076859518886 0.0181628279387951 0.0208790972828865 0.0244318228214979 0.022638376802206 0.0244120787829161 0.0252017844468355 0.0251996349543333 0.0256733968853951 0.0264952704310417 0.0285852551460266 0.0290755331516266 0.029060959815979 0.026946509256959 0.0274382326751947 0.031106423586607 0.0326856896281242 0.0411898791790009 0.0487444363534451 0.0502864383161068 0.0680825188755989 0.0787386298179626 0.0903678610920906 0.11196294426918 0.136007025837898 0.150549218058586 0.180618867278099 0.198640987277031 0.23647828400135 0.259201258420944 0.311862081289291 0.369353890419006 0.409423172473907 0.412155508995056 0.413685888051987 0.442259430885315 0.472377598285675 0.542083024978638 0.614648461341858 0.66168999671936 0.670864105224609 0.658423602581024 0.656936943531036 0.654929041862488
0.00901626329869032 0.00902295019477606 0.00891250558197498 0.00892097502946854 0.00969794392585754 0.0100128510966897 0.0116693750023842 0.0132505251094699 0.0155171286314726 0.0176068283617496 0.0181701071560383 0.0206083785742521 0.0219409801065922 0.0226410068571568 0.0236729383468628 0.0219392385333776 0.0219380278140306 0.0223530102521181 0.023360600695014 0.0237857736647129 0.0237756967544556 0.0234565325081348 0.0238917525857687 0.0283158086240292 0.0341699607670307 0.0363823100924492 0.0444307513535023 0.0518959388136864 0.0625002682209015 0.0715224966406822 0.081152617931366 0.100781060755253 0.122587025165558 0.134040132164955 0.148084685206413 0.163144364953041 0.197833374142647 0.22042678296566 0.266671597957611 0.31880658864975 0.351288169622421 0.351215839385986 0.348888874053955 0.374120384454727 0.434822529554367 0.506306946277618 0.577115476131439 0.642752110958099 0.661834001541138 0.6608025431633 0.63910835981369 0.609520316123962
0.00819897651672363 0.00820314511656761 0.00903331395238638 0.00892452336847782 0.00983273331075907 0.0097073819488287 0.0111654289066792 0.0130084650591016 0.0147638581693172 0.0150403827428818 0.0172889176756144 0.0181701071560383 0.0206129085272551 0.0187483262270689 0.017600379884243 0.0181684214621782 0.0185060054063797 0.0193404220044613 0.019084794446826 0.0196988470852375 0.0200534258037806 0.0204161945730448 0.0242137424647808 0.025780227035284 0.0297720190137625 0.0331456363201141 0.0387543141841888 0.0542530156672001 0.0630040913820267 0.0730629786849022 0.0815844982862473 0.090986005961895 0.0998793095350266 0.121023334562778 0.120796553790569 0.14778970181942 0.165861263871193 0.201745957136154 0.222722768783569 0.267466515302658 0.29534500837326 0.293469458818436 0.319034844636917 0.346608549356461 0.371329039335251 0.432186335325241 0.541262924671173 0.613304018974304 0.644298791885376 0.610935270786285 0.574564039707184 0.534462034702301
0.00803638435900211 0.00857587996870279 0.00831645540893078 0.00933727715164423 0.00983360689133406 0.0101533560082316 0.0113118439912796 0.0126058347523212 0.0131800267845392 0.0149594219401479 0.0147681282833219 0.0152422729879618 0.0155224539339542 0.0157256163656712 0.0145633826032281 0.015024408698082 0.0153067847713828 0.015799880027771 0.0168239679187536 0.0171280279755592 0.0194363035261631 0.0213515628129244 0.0217540618032217 0.0224505849182606 0.0266147404909134 0.0321379527449608 0.0392776466906071 0.0542679205536842 0.0575105734169483 0.0730602368712425 0.0828652381896973 0.0924138948321342 0.101464159786701 0.101752303540707 0.111132122576237 0.136652559041977 0.153785660862923 0.170286044478416 0.207710295915604 0.226613909006119 0.247953489422798 0.270337045192719 0.265934675931931 0.289923399686813 0.340216964483261 0.370186895132065 0.466168165206909 0.539890229701996 0.537299692630768 0.536585927009583 0.501672089099884 0.49883034825325
0.00812767073512077 0.00841913372278214 0.00859181862324476 0.00946437567472458 0.0107481749728322 0.0106044914573431 0.011673154309392 0.0126041118055582 0.0131750637665391 0.0130097903311253 0.0131813213229179 0.013005955144763 0.0138563644140959 0.0138486279174685 0.0136591028422117 0.0136585170403123 0.0134814959019423 0.0143559146672487 0.0162973292171955 0.0171243492513895 0.0176743362098932 0.0185794774442911 0.0210861656814814 0.0224635936319828 0.0239228457212448 0.0292806830257177 0.0353415049612522 0.0495303645730019 0.058735653758049 0.0658542290329933 0.0758820548653603 0.0847012922167778 0.0934113934636116 0.104139879345894 0.115777164697647 0.128803700208664 0.14311745762825 0.15829499065876 0.174233853816986 0.189050734043121 0.207331761717796 0.224082633852959 0.245003178715706 0.244200870394707 0.266808569431305 0.288423329591751 -3.4e+38 -3.4e+38 0.431275069713593 0.46518263220787 0.464490681886673 -3.4e+38
0.00822820607572794 0.00840016733855009 0.0095696235075593 0.0094616049900651 0.0107436906546354 0.0118177896365523 0.01358812302351 0.013593751937151 0.0131690250709653 0.012772879563272 0.0127561129629612 0.0127514442428946 0.0129131320863962 0.0140242809429765 0.0133985364809632 0.0129740433767438 0.0126425204798579 0.0145344715565443 0.0150886410847306 0.0171179138123989 0.0176710169762373 0.0188250839710236 0.0198037512600422 0.0227686371654272 0.0242583751678467 0.0258480496704578 0.0358279570937157 0.049542024731636 0.0587855614721775 0.0736621469259262 0.084030769765377 0.0940678417682648 0.0952660664916039 0.10813220590353 0.109052255749702 0.119944617152214 0.132079362869263 0.14383327960968 0.158930763602257 0.172886952757835 0.187645927071571 0.187119215726852 0.205300226807594 0.222363665699959 0.243642404675484 0.266446024179459 0.286943823099136 0.340704381465912 0.370027631521225 -3.4e+38 -3.4e+38 -3.4e+38
0.00913499109447002 0.00945544522255659 0.00926007330417633 0.00945469923317432 0.010888172313571 0.0118209114298224 0.0134204896166921 0.0152276400476694 0.0143016846850514 0.0134233897551894 0.0151337739080191 0.0135760139673948 0.0133124273270369 0.0146419703960419 0.0140018295496702 0.0138249900192022 0.0156831592321396 0.0154911791905761 0.0157834235578775 0.0179115608334541 0.0182444881647825 0.0194293782114983 0.0203392058610916 0.0235077440738678 0.0254051778465509 0.0258803982287645 0.0322369299829006 0.0466296784579754 0.0592435114085674 0.0678053125739098 0.077109768986702 0.0865059569478035 0.0986552909016609 0.101027645170689 0.111191064119339 0.121884763240814 0.121600992977619 0.132627964019775 0.144646868109703 0.157355904579163 0.157284259796143 0.171060830354691 0.185894593596458 0.185539528727531 0.221026510000229 0.223086416721344 0.241788730025291 -3.4e+38 -3.4e+38 -3.4e+38 -3.4e+38 -3.4e+38
0.00936644244939089 0.0091530904173851 0.0102933719754219 0.0106632839888334 0.0108670834451914 0.0123564042150974 0.0130016524344683 0.0143019771203399 0.0143059333786368 0.0159235708415508 0.0154241342097521 0.0151252206414938 0.0158029366284609 0.0146257029846311 0.0144500304013491 0.0164081193506718 0.0161842703819275 0.0164856258779764 0.0170249659568071 0.0173509586602449 0.0196933262050152 0.0203352868556976 0.0223839804530144 0.0262113083153963 0.0267045684158802 0.0279439147561789 0.0337331630289555 0.043380007147789 0.0549330785870552 0.0624941028654575 0.0710504949092865 0.0810379162430763 0.0911011695861816 0.100465402007103 0.100919358432293 0.112146653234959 0.122176587581635 0.120797097682953 0.132048591971397 0.143968507647514 0.141976818442345 0.141572713851929 0.167793780565262 0.168133780360222 0.183797523379326 0.201697751879692 0.222145289182663 -3.4e+38 -3.4e+38 -3.4e+38 -3.4e+38 -3.4e+38
0.00874894484877586 0.00986699853092432 0.00995561666786671 0.0101815443485975 0.0117316758260131 0.012181562371552 0.0125833982601762 0.0152309313416481 0.0175130497664213 0.0180729683488607 0.017723286524415 0.0166388433426619 0.0156113319098949 0.0160955898463726 0.016391683369875 0.0169149097055197 0.0174597166478634 0.0172447022050619 0.0178138203918934 0.0208682622760534 0.022244093939662 0.0260583944618702 0.02778110653162 0.0292226634919643 0.0301890000700951 0.0357794091105461 0.039347555488348 0.0450237616896629 0.0575979240238667 0.0647448226809502 0.0727353170514107 0.0828249603509903 0.0832249820232391 0.0929179340600967 0.101993523538113 0.102714821696281 0.111931897699833 0.122145414352417 0.120574317872524 0.131666347384453 0.129279315471649 0.128767251968384 0.13963682949543 0.152347236871719 -3.4e+38 -3.4e+38 -3.4e+38 -3.4e+38 -3.4e+38 -3.4e+38 -3.4e+38 -3.4e+38
0.00875477865338326 0.00923924054950476 0.00945836026221514 0.0109663810580969 0.0115672051906586 0.0123298233374953 0.0146482847630978 0.0159079786390066 0.0177256632596254 0.0192429088056087 0.0201132744550705 0.0180546399205923 0.0169312842190266 0.0158796273171902 0.0163863692432642 0.0169087499380112 0.0174689870327711 0.0186106767505407 0.0214051883667707 0.0228364318609238 0.0272620487958193 0.0290651302784681 0.0320042297244072 0.0367337577044964 0.0386255197227001 0.0406698025763035 0.0462606847286224 0.047097209841013 0.0529290176928043 0.066117599606514 0.0742887482047081 0.0762363523244858 0.0840956270694733 0.0926818251609802 0.0932905450463295 0.101431630551815 0.102553173899651 0.111839838325977 0.110286824405193 0.120248928666115 0.117649801075459 0.127578303217888 0.127571642398834 -3.4e+38 -3.4e+38 -3.4e+38 -3.4e+38 -3.4e+38 -3.4e+38 -3.4e+38 -3.4e+38 -3.4e+38
0.0087853018194437 0.00925039127469063 0.0097402548417449 0.0107562588527799 0.011191014200449 0.0139273377135396 0.0144590716809034 0.0161166545003653 0.0194984171539545 0.0207597259432077 0.0207559335976839 0.0188684575259686 0.0177029706537724 0.016605406999588 0.0171344168484211 0.0182469636201859 0.0188470687717199 0.0223852600902319 0.023564737290144 0.0251493789255619 0.0303895398974419 0.03723269328475 0.0396546684205532 0.0417757332324982 0.0424532517790794 0.0431852377951145 0.0485026314854622 0.0543605498969555 0.0540839210152626 0.0606450475752354 0.0682626068592072 0.0772811248898506 0.085053525865078 0.0846475288271904 0.0933723598718643 0.0930215641856194 0.102622881531715 0.101010322570801 0.111494638025761 0.107402585446835 0.107368975877762 0.116961531341076 -3.4e+38 -3.4e+38 -3.4e+38 -3.4e+38 -3.4e+38 -3.4e+38 -3.4e+38 -3.4e+38 -3.4e+38 -3.4e+38
0.00852736178785563 0.00926590152084827 0.0100702829658985 0.0100751863792539 0.0126196267083287 0.0137329958379269 0.0152952456846833 0.0156004680320621 0.0164279621094465 0.0175089128315449 0.0171821992844343 0.0154060442000628 0.0161019545048475 0.0163931325078011 0.0176860336214304 0.0188359264284372 0.0194691698998213 0.023893604055047 0.0254802238196135 0.0308144837617874 0.0377303101122379 0.0415269434452057 0.0426861643791199 0.0434121191501617 0.0444854013621807 0.049426294863224 0.0498222336173058 0.0556844100356102 0.0552869290113449 0.061811838299036 0.0694282054901123 0.0774725079536438 0.0853046327829361 0.0847984850406647 0.0856070443987846 0.0931395217776299 0.0928879007697105 0.0926419422030449 0.100897133350372 0.0987959429621696 -3.4e+38 -3.4e+38 -3.4e+38 -3.4e+38 -3.4e+38 -3.4e+38 -3.4e+38 -3.4e+38 -3.4e+38 -3.4e+38 -3.4e+38 -3.4e+38
