data/climate_estimation/maxent_output/Smilax_cocculoides.asc
NCOLS 146 
NROWS 108 
XLLCORNER 102.5 
YLLCORNER 22.3333333333333 
CELLSIZE 0.0833333333333334 
NODATA_value -3.4e+38 
[rows 40 to 59 of 108, columns 0 to 43 of 146]
0.243892267346382 0.462452590465546 0.419147998094559 0.414652764797211 0.381763011217117 0.497232496738434 0.541504502296448 0.486964195966721 0.496806859970093 0.458693265914917 0.319782644510269 0.308427363634109 0.391732573509216 0.296859592199326 0.356349050998688 0.29922479391098 0.261658608913422 0.328498154878616 0.299475103616714 0.392306566238403 0.535870492458344 0.527690947055817 0.526097059249878 0.519315659999847 0.557189285755157 0.629510879516602 0.711293995380402 0.656998991966248 0.658648192882538 0.700598955154419 0.682054162025452 0.671818673610687 0.631776034832001 0.641148149967194 0.665919184684753 0.637418687343597 0.632926404476166 0.597364485263824 0.588119745254517 0.603338539600372 0.594093978404999 0.580438852310181 0.57947850227356 0.574607193470001
0.278860837221146 0.483985006809235 0.469030559062958 0.433778584003448 0.396102875471115 0.442740261554718 0.430870980024338 0.496623456478119 0.29212287068367 0.213133707642555 0.345042139291763 0.342699408531189 0.300771236419678 0.341900557279587 0.270648866891861 0.261569201946259 0.287143498659134 0.326449543237686 0.245507463812828 0.293100655078888 0.332530438899994 0.342036306858063 0.431055903434753 0.534140348434448 0.486023485660553 0.466430962085724 0.499998480081558 0.49883970618248 0.525754749774933 0.54816073179245 0.585976421833038 0.541638076305389 0.582142353057861 0.603121399879456 0.610880553722382 0.606629490852356 0.599658131599426 0.596777439117432 0.590524077415466 0.568990767002106 0.578754425048828 0.579083979129791 0.607927680015564 0.597935020923615
0.311937540769577 0.479479938745499 0.376372754573822 0.524653017520905 0.466177225112915 0.487440228462219 0.344843447208405 0.437012165784836 0.50338613986969 0.458993911743164 0.429506152868271 0.24527470767498 0.255132138729095 0.298379719257355 0.229891330003738 0.212624922394753 0.232950553297997 0.233407735824585 0.281358003616333 0.251960635185242 0.262583911418915 0.326280891895294 0.317525386810303 0.416687905788422 0.492191672325134 0.480825990438461 0.496540665626526 0.470794826745987 0.496252298355103 0.48756530880928 0.555369555950165 0.54317569732666 0.592624247074127 0.578600525856018 0.59604024887085 0.609480798244476 0.598861694335938 0.588852286338806 0.597394227981567 0.602299332618713 0.614393711090088 0.640144944190979 0.708619475364685 0.66744738817215
0.440787196159363 0.401526361703873 0.368241876363754 0.472199201583862 0.474590182304382 0.333427280187607 0.39580500125885 0.447910338640213 0.407315999269485 0.263898611068726 0.25801345705986 0.362600594758987 0.400156319141388 0.351826220750809 0.259135574102402 0.257158547639847 0.200341060757637 0.250778704881668 0.226870074868202 0.205808401107788 0.258619517087936 0.260870307683945 0.307282686233521 0.34998482465744 0.371964812278748 0.435091018676758 0.498447924852371 0.412709206342697 0.42267981171608 0.464802205562592 0.496052950620651 0.506542921066284 0.518101215362549 0.585609793663025 0.574718236923218 0.56534880399704 0.604438304901123 0.607067346572876 0.625011503696442 0.652160286903381 0.687233448028564 0.706998765468597 0.714966714382172 0.722026705741882
0.449086993932724 0.388250023126602 0.436735361814499 0.226431325078011 0.419665038585663 0.422107964754105 0.309379309415817 0.418833136558533 0.224400207400322 0.210084289312363 0.35041731595993 0.449382066726685 0.34858649969101 0.351959347724915 0.252444595098495 0.188279032707214 0.244319260120392 0.223292499780655 0.230572536587715 0.205604270100594 0.22973620891571 0.26493701338768 0.291462570428848 0.284582525491714 0.316341429948807 0.362577050924301 0.372230738401413 0.426176577806473 0.401391208171844 0.433931350708008 0.441021680831909 0.464562237262726 0.486914187669754 0.534753918647766 0.544097542762756 0.557042598724365 0.568329334259033 0.584452211856842 0.593226730823517 0.637655854225159 0.658092498779297 0.715646326541901 0.678513050079346 0.700695872306824
0.536923944950104 0.419203549623489 0.252065598964691 0.400744616985321 0.456982344388962 0.446292102336884 0.269887804985046 0.292765974998474 0.203834503889084 0.329407185316086 0.402100116014481 0.361416906118393 0.24880039691925 0.241990223526955 0.176327422261238 0.305310487747192 0.235677883028984 0.183268710970879 0.198872208595276 0.20272958278656 0.207039549946785 0.259380459785461 0.344715476036072 0.302162140607834 0.309966623783112 0.329664349555969 0.37174779176712 0.35915806889534 0.395796954631805 0.437780618667603 0.450760364532471 0.465954124927521 0.469946324825287 0.510432422161102 0.519371628761292 0.545429944992065 0.566021203994751 0.581857562065125 0.587276935577393 0.663098812103271 0.603444933891296 0.716216146945953 0.701403915882111 0.712805151939392
0.383039265871048 0.498661041259766 0.257390975952148 0.371371924877167 0.490238517522812 0.295934647321701 0.343800663948059 0.212664872407913 0.316925585269928 0.418793618679047 0.411651134490967 0.235588848590851 0.170579507946968 0.145490109920502 0.175557389855385 0.210361659526825 0.217746421694756 0.171367809176445 0.160241454839706 0.192000672221184 0.243610665202141 0.283601820468903 0.29913517832756 0.321718961000443 0.292899578809738 0.33049002289772 0.352106183767319 0.361943483352661 0.39611154794693 0.396335273981094 0.475688010454178 0.460451871156693 0.465492099523544 0.479320108890533 0.509836554527283 0.536529779434204 0.562134087085724 0.579499483108521 0.604347348213196 0.66696834564209 0.61680680513382 0.682942926883698 0.69088089466095 0.752562999725342
0.304721832275391 0.524638950824738 0.224686324596405 0.51691997051239 0.350277721881866 0.24043533205986 0.211709722876549 0.220103085041046 0.23011203110218 0.321421355009079 0.414074599742889 0.240255445241928 0.176782622933388 0.134647697210312 0.114204630255699 0.160282015800476 0.304370403289795 0.156645759940147 0.160270184278488 0.167024657130241 0.217550039291382 0.274153411388397 0.288207143545151 0.306898385286331 0.301951617002487 0.331005990505219 0.372452884912491 0.366302847862244 0.388149440288544 0.381357729434967 0.438137382268906 0.467080593109131 0.508085072040558 0.4702188372612 0.511183321475983 0.533589422702789 0.559897303581238 0.589796483516693 0.623335719108582 0.681763768196106 0.64410525560379 0.706583023071289 0.743200778961182 0.772218883037567
0.475368946790695 0.49812588095665 0.413953483104706 0.52827513217926 0.265928536653519 0.494527876377106 0.425894170999527 0.387112647294998 0.19056823849678 0.326192229986191 0.345143467187881 0.257589668035507 0.144341692328453 0.123688444495201 0.109439246356487 0.114606164395809 0.177981495857239 0.143176853656769 0.163317456841469 0.163825258612633 0.219784960150719 0.227694779634476 0.274525880813599 0.315290540456772 0.336711853742599 0.381392687559128 0.374023109674454 0.376907646656036 0.392557710409164 0.403516381978989 0.485198646783829 0.50308632850647 0.493003129959106 0.453410685062408 0.528418660163879 0.541231155395508 0.594882845878601 0.625491082668304 0.661627292633057 0.694993913173676 0.692163288593292 0.746353209018707 0.796133935451508 0.827947080135345
0.494983315467834 0.235579267144203 0.426989614963531 0.421708941459656 0.248127311468124 0.328134655952454 0.213506191968918 0.429832458496094 0.171328172087669 0.349065870046616 0.332831114530563 0.199424311518669 0.131793320178986 0.116584375500679 0.121948800981045 0.105815880000591 0.180014699697495 0.192588195204735 0.193751454353333 0.234777048230171 0.206332057714462 0.203000724315643 0.251247256994247 0.265839874744415 0.32783305644989 0.355802357196808 0.34846094250679 0.377724826335907 0.405039846897125 0.427006274461746 0.482305616140366 0.478801995515823 0.488013654947281 0.49436292052269 0.554419219493866 0.618422091007233 0.661134839057922 0.681364357471466 0.714609444141388 0.755044281482697 0.756270408630371 0.799258947372437 0.840645015239716 0.903376281261444
0.353658437728882 0.444385796785355 0.410478353500366 0.453338295221329 0.278307199478149 0.374710738658905 0.429382711648941 0.353872925043106 0.293678879737854 0.167470365762711 0.206736445426941 0.169702813029289 0.159250229597092 0.160273984074593 0.119407385587692 0.145932108163834 0.213071167469025 0.196234092116356 0.192181661725044 0.28970342874527 0.233942463994026 0.207523703575134 0.26248174905777 0.279319316148758 0.316679537296295 0.370650887489319 0.369351178407669 0.411789178848267 0.437560826539993 0.452847272157669 0.483679443597794 0.494785189628601 0.540234684944153 0.563831686973572 0.6214799284935 0.667709171772003 0.725486755371094 0.746518433094025 0.787658095359802 0.838858962059021 0.854835510253906 0.885708451271057 0.910293817520142 0.926954746246338
0.219816103577614 0.509800255298615 0.188498809933662 0.251700341701508 0.162860319018364 0.406933277845383 0.401605188846588 0.330462336540222 0.313793182373047 0.160031229257584 0.141928106546402 0.191786006093025 0.196536555886269 0.150142565369606 0.130991399288177 0.155627146363258 0.168053731322289 0.188480764627457 0.17349798977375 0.248993292450905 0.214867487549782 0.223908543586731 0.278128057718277 0.314784437417984 0.327194958925247 0.384048491716385 0.423156261444092 0.478352099657059 0.522852778434753 0.500787794589996 0.568920314311981 0.585242390632629 0.613246560096741 0.639385223388672 0.696260035037994 0.725314617156982 0.810870349407196 0.838440477848053 0.873997747898102 0.909684717655182 0.914332032203674 0.937706053256989 0.946793377399445 0.947916269302368
0.221438348293304 0.457671314477921 0.375219732522964 0.144770860671997 0.0958875566720963 0.378196120262146 0.387810885906219 0.37173256278038 0.409503787755966 0.231102228164673 0.291254431009293 0.161886408925056 0.13156870007515 0.136660292744637 0.171367138624191 0.16100800037384 0.211164802312851 0.222152844071388 0.212770566344261 0.207755342125893 0.219765663146973 0.265901535749435 0.29125851392746 0.394792497158051 0.353570014238358 0.434344798326492 0.459000319242477 0.524987936019897 0.573310375213623 0.592091500759125 0.616644859313965 0.666844725608826 0.710471570491791 0.754023849964142 0.793912589550018 0.839651107788086 0.88333523273468 0.91548353433609 0.935291469097137 0.948036074638367 0.956644177436829 0.957330584526062 0.965474903583527 0.970679700374603
0.310415625572205 0.437149286270142 0.38404244184494 0.413562655448914 0.166413813829422 0.117504790425301 0.326419144868851 0.421119183301926 0.369549483060837 0.304645657539368 0.2979756295681 0.231557562947273 0.120856285095215 0.175168454647064 0.179047510027885 0.16530816257 0.166059553623199 0.221303880214691 0.248466491699219 0.261783391237259 0.214020058512688 0.27780357003212 0.299422889947891 0.362639009952545 0.38918125629425 0.454246073961258 0.479659646749496 0.51828271150589 0.609414577484131 0.62600713968277 0.7198126912117 0.744057297706604 0.797661542892456 0.824228227138519 0.872462213039398 0.913612484931946 0.930558860301971 0.947322010993958 0.95540177822113 0.967362344264984 0.970224022865295 0.973256230354309 0.974516272544861 0.980646908283234
0.405427634716034 0.421627074480057 0.460635274648666 0.495340466499329 0.433313190937042 0.0985689535737038 0.113477990031242 0.380517780780792 0.392672300338745 0.386653453111649 0.304095089435577 0.135246619582176 0.125967919826508 0.184406742453575 0.150669604539871 0.270896404981613 0.155617952346802 0.192717537283897 0.26448592543602 0.29878631234169 0.256956934928894 0.28421288728714 0.297801107168198 0.341891974210739 0.382404923439026 0.506226420402527 0.536218464374542 0.575116753578186 0.724337458610535 0.727902889251709 0.790292322635651 0.796750664710999 0.832557320594788 0.874217808246613 0.923969328403473 0.934259057044983 0.963317334651947 0.963525831699371 0.974175095558167 0.981227874755859 0.985842287540436 0.985589504241943 0.987139105796814 0.988922774791718
0.570408821105957 0.46014940738678 0.390017539262772 0.482464849948883 0.435771077871323 0.222866505384445 0.133819580078125 0.411333620548248 0.382827937602997 0.394049912691116 0.303230404853821 0.130427449941635 0.113019675016403 0.200145393610001 0.175402030348778 0.195638045668602 0.158404231071472 0.218967035412788 0.237037435173988 0.277481943368912 0.269660800695419 0.275064408779144 0.425019949674606 0.428683280944824 0.427288830280304 0.489288777112961 0.630860567092896 0.682317435741425 0.776605546474457 0.819823622703552 0.859143018722534 0.884914219379425 0.901931405067444 0.90550023317337 0.938869059085846 0.95293003320694 0.963710427284241 0.970918595790863 0.985297322273254 0.990792274475098 0.993889272212982 0.994765162467957 0.994981646537781 0.994809091091156
0.584856867790222 0.577966809272766 0.383800774812698 0.512311160564423 0.47105461359024 0.392661690711975 0.128964602947235 0.420141786336899 0.368277549743652 0.37309530377388 0.210266157984734 0.140575051307678 0.147348120808601 0.287353128194809 0.267387509346008 0.162521839141846 0.218206241726875 0.223845019936562 0.220920339226723 0.232768476009369 0.31062924861908 0.359098702669144 0.455853074789047 0.498140633106232 0.559081196784973 0.580998659133911 0.575089931488037 0.752627909183502 0.800635874271393 0.878239691257477 0.884251415729523 0.946762382984161 0.964416086673737 0.959824919700623 0.972467362880707 0.959808945655823 0.970730721950531 0.97833377122879 0.99328738451004 0.996414124965668 0.997140765190125 0.998269140720367 0.99771910905838 0.997600376605988
0.492299735546112 0.564837574958801 0.337329596281052 0.346935719251633 0.412101536989212 0.302932560443878 0.0803908035159111 0.325124025344849 0.448718786239624 0.400376886129379 0.262872606515884 0.112317994236946 0.169317364692688 0.151915445923805 0.136955231428146 0.148895248770714 0.176859527826309 0.222193256020546 0.213221833109856 0.233801826834679 0.274247914552689 0.317140102386475 0.40298780798912 0.54190856218338 0.673814237117767 0.686071693897247 0.631129801273346 0.742750287055969 0.869258880615234 0.915445983409882 0.919504821300507 0.961784482002258 0.982068181037903 0.984454333782196 0.989127278327942 0.990219056606293 0.992107689380646 0.996725380420685 0.997908473014832 0.998401582241058 0.998766958713531 0.999271273612976 0.999432265758514 0.999064087867737
0.396794468164444 0.559353351593018 0.288987696170807 0.292790859937668 0.378103822469711 0.307545304298401 0.0701561123132706 0.111249439418316 0.316786497831345 0.267273366451263 0.230552241206169 0.204291224479675 0.256755769252777 0.243768006563187 0.126004710793495 0.170616492629051 0.176934733986855 0.179046720266342 0.201308444142342 0.247310057282448 0.310062855482101 0.347548305988312 0.417476058006287 0.547652542591095 0.617496907711029 0.791174411773682 0.688731968402863 0.791342794895172 0.936859309673309 0.971417725086212 0.973630249500275 0.986682951450348 0.990519464015961 0.995222926139832 0.997069895267487 0.996195554733276 0.997901797294617 0.999464213848114 0.999695897102356 0.999656856060028 0.999670088291168 0.999673783779144 0.999804377555847 0.999756217002869
0.246156737208366 0.270722210407257 0.337811499834061 0.357426434755325 0.206434801220894 0.146833226084709 0.142562448978424 0.124515809118748 0.286348640918732 0.351827412843704 0.40596479177475 0.316440254449844 0.276579707860947 0.133857682347298 0.134444996714592 0.206677228212357 0.206841170787811 0.218885898590088 0.225591197609901 0.288809180259705 0.317979723215103 0.366297990083694 0.436206787824631 0.561313509941101 0.539236426353455 0.778831899166107 0.949159979820251 0.810779631137848 0.773465752601624 0.988585829734802 0.992130041122437 0.997260332107544 0.996220171451569 0.998633921146393 0.999407649040222 0.999417901039124 0.999632298946381 0.99980092048645 0.999707221984863 0.999772310256958 0.999680578708649 0.999697029590607 0.999623954296112 0.999770283699036
