data/climate_estimation/maxent_output/Smilax_discotis.asc
NCOLS 225 
NROWS 141 
XLLCORNER 99.75 
YLLCORNER 23.0833333333333 
CELLSIZE 0.0833333333333333 
NODATA_value -3.4e+38 
[rows 0 to 19 of 141, columns 0 to 43 of 225]
0.002206116449088 0.00264629698358476 0.00310605112463236 0.00375090213492513 0.00389172462746501 0.00442865258082747 0.00459474651142955 0.00691793439909816 0.00770357483997941 0.00906580127775669 0.007245272397995 0.0104311630129814 0.0140461316332221 0.017159853130579 0.0193199850618839 0.0185182336717844 0.0232877563685179 0.0304881203919649 0.0455847457051277 0.0547301732003689 0.0618533752858639 0.0700199753046036 0.066341295838356 0.0679775401949883 0.063576452434063 0.0431749038398266 0.0449418425559998 0.0642641484737396 0.0736352875828743 0.0613022185862064 0.0546148978173733 0.0751193091273308 0.0789091438055038 0.0963285714387894 0.104408659040928 0.102472990751266 0.101089522242546 0.108894519507885 0.10793275386095 0.097251296043396 0.0992882326245308 0.104644365608692 0.0962081402540207 0.0899705290794373
0.00213190773501992 0.00298088509589434 0.00334611721336842 0.00301383784972131 0.00409524282440543 0.00446189846843481 0.00430999137461185 0.0054704686626792 0.00597027037292719 0.0117407068610191 0.0159580819308758 0.0181528050452471 0.0214855838567019 0.0253089517354965 0.026585016399622 0.0230844225734472 0.0259317085146904 0.0255138892680407 0.0399531647562981 0.0542398057878017 0.0714238658547401 0.0794247388839722 0.0826183632016182 0.0707406774163246 0.0716336965560913 0.0443868450820446 0.0505220182240009 0.0778807103633881 0.0696695744991302 0.0869588404893875 0.0743610262870789 0.0810898467898369 0.0920407101511955 0.0939351171255112 0.0866777747869492 0.107227489352226 0.111528150737286 0.115888401865959 0.127105385065079 0.127222821116447 0.128377214074135 0.132019832730293 0.142226427793503 0.146190628409386
0.00241631991229951 0.00366865331307054 0.00300354254432023 0.00351124512962997 0.0053805373609066 0.00526266125962138 0.00459966063499451 0.00632650218904018 0.00816845241934061 0.0134432390332222 0.0143974805250764 0.0183421317487955 0.0178396664559841 0.0251339487731457 0.0236641075462103 0.0271918531507254 0.0335050970315933 0.0328230448067188 0.048659935593605 0.0576630756258965 0.0694426149129868 0.0779929384589195 0.0738589391112328 0.0716909468173981 0.0768166035413742 0.0698673725128174 0.0559541173279285 0.0892267972230911 0.0976940393447876 0.0991479754447937 0.0936971381306648 0.0973869562149048 0.102594889700413 0.085166722536087 0.0893115475773811 0.086760900914669 0.107190407812595 0.126146152615547 0.12009658664465 0.118953928351402 0.138819292187691 0.153285905718803 0.157430842518806 0.180076360702515
0.00358701031655073 0.00331843574531376 0.00521778594702482 0.00404677446931601 0.00610596034675837 0.00646690744906664 0.00771477958187461 0.00689757103100419 0.00933782011270523 0.0120875593274832 0.0130051001906395 0.0163984205573797 0.0166864078491926 0.0284145716577768 0.0353457480669022 0.042605597525835 0.0348665826022625 0.0519152246415615 0.0552645213901997 0.0591596812009811 0.0531398169696331 0.0650801435112953 0.064859464764595 0.0703556835651398 0.0751224756240845 0.0947472751140594 0.0915331840515137 0.103362634778023 0.102353267371655 0.110703937709332 0.0967603027820587 0.0833901092410088 0.0917768031358719 0.110998906195164 0.11746983975172 0.105535142123699 0.126489400863647 0.104439333081245 0.0962584838271141 0.106615595519543 0.133160069584846 0.117880828678608 0.136860877275467 0.140084281563759
0.00455212080851197 0.00590182840824127 0.00463187787681818 0.00612008757889271 0.00810565613210201 0.00884651113301516 0.00939724966883659 0.0106621561571956 0.00899578910320997 0.0124379033222795 0.0126015553250909 0.0191022027283907 0.0200049821287394 0.0281544718891382 0.0365290865302086 0.0426283814013004 0.0571111850440502 0.054441325366497 0.0367803648114204 0.0492457486689091 0.0616899356245995 0.0608580373227596 0.0557641610503197 0.0582587383687496 0.0554383583366871 0.0735970586538315 0.0945769920945168 0.105127260088921 0.105628319084644 0.101247273385525 0.0964591428637505 0.0912245586514473 0.0885240510106087 0.10767824947834 0.114333085715771 0.1165691614151 0.107168659567833 0.0917199030518532 0.104838497936726 0.113651938736439 0.122238524258137 0.109190501272678 0.125913977622986 0.126030191779137
0.00386222847737372 0.00407131342217326 0.00574671803042293 0.00750363245606422 0.0086643872782588 0.0124058136716485 0.00923432037234306 0.0154018886387348 0.0128979384899139 0.0101549625396729 0.0102256489917636 0.0145089980214834 0.0227489378303289 0.0182491987943649 0.023915009573102 0.029295289888978 0.0501866228878498 0.0629287585616112 0.050593975931406 0.0583746992051601 0.0614461377263069 0.0503597520291805 0.0509961135685444 0.0732795298099518 0.0856685563921928 0.0695554837584496 0.0553284473717213 0.0872261896729469 0.099765844643116 0.0988121852278709 0.0995548591017723 0.0749101415276527 0.0910368859767914 0.102450050413609 0.097148522734642 0.105561412870884 0.0869245976209641 0.0977982059121132 0.101601280272007 0.113095082342625 0.103139735758305 0.0902723670005798 0.112016506493092 0.113069467246532
0.00422970065847039 0.00542843993753195 0.00571908010169864 0.00441542733460665 0.00515987211838365 0.00733325490728021 0.00839137192815542 0.0101793985813856 0.0129570318385959 0.0143237188458443 0.0135485101491213 0.0157059356570244 0.0230313520878553 0.0310379918664694 0.0414899922907352 0.0452373251318932 0.0496921613812447 0.0754577592015266 0.0818430259823799 0.0755691900849342 0.0765185356140137 0.0733169764280319 0.0659574419260025 0.0643132627010345 0.0667173787951469 0.0737145990133286 0.0841018259525299 0.0862210765480995 0.0848749056458473 0.0922921001911163 0.116037450730801 0.0816832929849625 0.0782374143600464 0.0941081792116165 0.0944785997271538 0.0854551196098328 0.0863190665841103 0.092301070690155 0.0770833343267441 0.082182951271534 0.0814980193972588 0.0783876553177834 0.0778687447309494 0.0830379277467728
0.00545545527711511 0.00665656384080648 0.00913625303655863 0.00876939948648214 0.00566062936559319 0.0076660979539156 0.00924921967089176 0.011863999068737 0.0168600250035524 0.0194525625556707 0.0190736744552851 0.0211937613785267 0.0184623450040817 0.0285415258258581 0.0330649986863136 0.0469096824526787 0.0516041927039623 0.0579269342124462 0.079438291490078 0.0901239514350891 0.11280369758606 0.109147779643536 0.0909867286682129 0.0801751688122749 0.0709162652492523 0.0599194206297398 0.0736011043190956 0.0905670449137688 0.0984883159399033 0.100870423018932 0.11580777913332 0.120470359921455 0.0991972163319588 0.101937040686607 0.104613043367863 0.0948691219091415 0.100739985704422 0.120572723448277 0.138837188482285 0.124582789838314 0.124722577631474 0.148786723613739 0.133025929331779 0.0790365412831306
0.00838118605315685 0.00759890954941511 0.00632667541503906 0.00726589234545827 0.00930887181311846 0.0112300682812929 0.0122679937630892 0.0149381915107369 0.0149198723956943 0.0157718285918236 0.0226414073258638 0.0239143911749125 0.0285678654909134 0.0333060957491398 0.0285151246935129 0.0209576413035393 0.0271004941314459 0.0354016833007336 0.0368753224611282 0.0393508523702621 0.0567304454743862 0.0972685217857361 0.126950562000275 0.122391864657402 0.0976074263453484 0.0733290836215019 0.0583160184323788 0.0720703601837158 0.0687195137143135 0.0912401303648949 0.100815325975418 0.117469735443592 0.0972272083163261 0.0963331311941147 0.11788173019886 0.124792903661728 0.132183626294136 0.13641345500946 0.170900955796242 0.182884573936462 0.199689984321594 0.199312284588814 0.165535315871239 0.13924703001976
0.0129012474790215 0.01329549215734 0.0087848724797368 0.00933626852929592 0.0092410147190094 0.00969248078763485 0.0130516346544027 0.0176713354885578 0.0164736565202475 0.0266749951988459 0.0300432033836842 0.0281107127666473 0.0438944175839424 0.0248873587697744 0.029498441144824 0.0420341491699219 0.0408261828124523 0.030492490157485 0.043833963572979 0.0501179434359074 0.0488880835473537 0.0484867691993713 0.0832459181547165 0.116187945008278 0.136351883411407 0.126999378204346 0.105449683964252 0.103287309408188 0.116080768406391 0.108691178262234 0.107653893530369 0.110734425485134 0.105170704424381 0.100353166460991 0.108038865029812 0.129285022616386 0.109975874423981 0.0892036035656929 0.105640403926373 0.176403388381004 0.161133974790573 0.206723272800446 0.218581855297089 0.227756038308144
0.0150914927944541 0.0169045384973288 0.0187789630144835 0.012210919521749 0.010647663846612 0.0154551398009062 0.0159742292016745 0.0165099482983351 0.019884068518877 0.019666189327836 0.0283493064343929 0.0383082441985607 0.0469114147126675 0.0279427319765091 0.0276061873883009 0.0360779762268066 0.0392576567828655 0.0484871454536915 0.0571354404091835 0.0516909956932068 0.0652759447693825 0.0831626877188683 0.0672297552227974 0.102398663759232 0.12164955586195 0.116492763161659 0.138706848025322 0.142358511686325 0.155069440603256 0.142002582550049 0.155660286545753 0.141099512577057 0.137994587421417 0.129943192005157 0.125538989901543 0.133035495877266 0.129030466079712 0.107721723616123 0.0998903214931488 0.099087119102478 0.108943089842796 0.129840478301048 0.166126474738121 0.171065121889114
0.0159192439168692 0.0124743143096566 0.0147641096264124 0.0193535443395376 0.0171089563518763 0.0209732912480831 0.0146565483883023 0.0159572586417198 0.0184270106256008 0.0365926250815392 0.051611140370369 0.0391378812491894 0.0574436523020267 0.0367937870323658 0.0489779897034168 0.0574238337576389 0.0579812563955784 0.0545536391437054 0.0697700455784798 0.0427078604698181 0.0861015692353249 0.0992512777447701 0.138482719659805 0.101759888231754 0.123169623315334 0.108494400978088 0.140314325690269 0.16126437485218 0.159059658646584 0.159906089305878 0.155374899506569 0.149674296379089 0.139642387628555 0.141763284802437 0.143879398703575 0.138167694211006 0.134544506669044 0.127531677484512 0.114919483661652 0.107047766447067 0.121688894927502 0.148460656404495 0.166754350066185 0.235534310340881
0.0260108131915331 0.0184908770024776 0.0148642528802156 0.0218067616224289 0.0204962287098169 0.0253377351909876 0.0333955138921738 0.0319115333259106 0.0321358144283295 0.0346667245030403 0.0413083992898464 0.0294888578355312 0.0416974201798439 0.0565685145556927 0.0446500405669212 0.0660159960389137 0.0671550631523132 0.0719361305236816 0.0861904472112656 0.0795356333255768 0.0617942176759243 0.129694119095802 0.144586786627769 0.180768311023712 0.145491272211075 0.120317600667477 0.123341970145702 0.158146679401398 0.160872876644135 0.161484807729721 0.155111268162727 0.155195042490959 0.144996657967567 0.147011607885361 0.1412403434515 0.137795090675354 0.13258683681488 0.130087494850159 0.127401486039162 0.111142814159393 0.108394332230091 0.119173787534237 0.150710925459862 0.200099676847458
0.0147564541548491 0.0197493843734264 0.0252419989556074 0.0321587100625038 0.0283836666494608 0.0303793996572495 0.0444963350892067 0.03958335891366 0.0361383073031902 0.0377265699207783 0.0543504916131496 0.0304822828620672 0.029592614620924 0.043126817792654 0.0619098991155624 0.0695340186357498 0.073310948908329 0.0879466906189919 0.11755134165287 0.123241737484932 0.133962109684944 0.14626756310463 0.192139893770218 0.193546533584595 0.160852089524269 0.137034803628922 0.142126694321632 0.151138350367546 0.176835462450981 0.175536319613457 0.17072694003582 0.166791453957558 0.160777494311333 0.151759430766106 0.150886014103889 0.138332307338715 0.13420869410038 0.130921587347984 0.126184776425362 0.127842977643013 0.130752861499786 0.160717949271202 0.181717529892921 0.227963969111443
0.0207173060625792 0.0244549475610256 0.0281450115144253 0.0426510758697987 0.0366547219455242 0.0493373982608318 0.044447872787714 0.0285403318703175 0.0310478061437607 0.0419528856873512 0.0579318180680275 0.0343166366219521 0.038952149450779 0.0502146147191525 0.0650081634521484 0.0847560539841652 0.0774486511945724 0.0936304703354836 0.110866770148277 0.128999397158623 0.0917784348130226 0.122090198099613 0.110415294766426 0.153499215841293 0.151469245553017 0.171769723296165 0.171613335609436 0.19231840968132 0.186346337199211 0.182384669780731 0.178364589810371 0.17336305975914 0.169528275728226 0.160158291459084 0.157066643238068 0.154945269227028 0.149676933884621 0.137086555361748 0.131914168596268 0.137515917420387 0.133222907781601 0.16985872387886 0.175310030579567 0.203262522816658
0.0273176226764917 0.0313041880726814 0.0341145470738411 0.0313895829021931 0.0404080413281918 0.0442097373306751 0.0366783440113068 0.0369618199765682 0.0248607359826565 0.0224371515214443 0.0376466251909733 0.0376921147108078 0.0483728833496571 0.0644538030028343 0.0826105922460556 0.0754039436578751 0.0775465369224548 0.103453449904919 0.124212726950645 0.0777921974658966 0.0924535915255547 0.134416788816452 0.0975164547562599 0.124088488519192 0.150747731328011 0.173241034150124 0.171567514538765 0.186854973435402 0.200475856661797 0.192914143204689 0.192182660102844 0.185702219605446 0.176964908838272 0.16014276444912 0.162481859326363 0.156277686357498 0.153088167309761 0.149136066436768 0.139702528715134 0.137510821223259 0.149445548653603 0.165653079748154 0.158936738967896 0.187398612499237
0.0339756347239017 0.0296620689332485 0.0323708280920982 0.0336178727447987 0.0367617793381214 0.0396795161068439 0.0347954258322716 0.037953794002533 0.0499322004616261 0.0425905622541904 0.0449406839907169 0.0382334962487221 0.0497054196894169 0.0691709369421005 0.0907423123717308 0.0801955908536911 0.0978507548570633 0.0885030403733253 0.122907608747482 0.104908972978592 0.131413757801056 0.116552107036114 0.11916708946228 0.137997716665268 0.159807488322258 0.175129726529121 0.188406303524971 0.210279271006584 0.200138747692108 0.20066125690937 0.200560003519058 0.204975321888924 0.191762343049049 0.18062923848629 0.173892080783844 0.177241325378418 0.171599105000496 0.167705923318863 0.161242976784706 0.157913625240326 0.155364468693733 0.157287105917931 0.15581813454628 0.190854713320732
0.0301161203533411 0.0350456796586514 0.0335527919232845 0.0359750278294086 0.0394111573696136 0.0451724529266357 0.0368385799229145 0.0251882039010525 0.0572106391191483 0.0694142803549767 0.0610546208918095 0.0494554862380028 0.0535944476723671 0.0605834871530533 0.0834079459309578 0.076742447912693 0.0832567662000656 0.0617299862205982 0.0915369093418121 0.113604217767715 0.140076413750648 0.134086593985558 0.16083562374115 0.163639158010483 0.1966692507267 0.194251000881195 0.211501806974411 0.21421180665493 0.231713265180588 0.222956791520119 0.221260100603104 0.219357267022133 0.209152519702911 0.195316076278687 0.181298524141312 0.186361238360405 0.179114565253258 0.171987727284431 0.180466428399086 0.176686301827431 0.173528492450714 0.160865068435669 0.164257898926735 0.193204373121262
0.0281568802893162 0.0317026972770691 0.0335494019091129 0.0370029881596565 0.0401683934032917 0.0454570353031158 0.0491585843265057 0.048718735575676 0.0634910017251968 0.0714510455727577 0.0972167178988457 0.091160923242569 0.0775846615433693 0.0742085427045822 0.069335974752903 0.0599703416228294 0.0681539326906204 0.0870940685272217 0.105544470250607 0.132102191448212 0.138543799519539 0.154757440090179 0.169167309999466 0.173977911472321 0.22703817486763 0.27742475271225 0.256550014019012 0.26212677359581 0.297390073537827 0.213000178337097 0.183422654867172 0.212048083543777 0.225187063217163 0.211273744702339 0.200949966907501 0.198994785547256 0.197075188159943 0.197537004947662 0.195767447352409 0.195164516568184 0.188617393374443 0.177360460162163 0.173996090888977 0.200839057564735
0.0303665604442358 0.0316296182572842 0.034271351993084 0.039267860352993 0.0374360904097557 0.0515045523643494 0.0627365261316299 0.0644573569297791 0.0679799467325211 0.0751421824097633 0.102748021483421 0.100921399891376 0.0892525166273117 0.0997930616140366 0.0829153805971146 0.0669932141900063 0.0675640627741814 0.0845546722412109 0.107890792191029 0.106350518763065 0.17989182472229 0.171124517917633 0.208327397704124 0.221941649913788 0.211161658167839 0.265582799911499 0.269490748643875 0.273644328117371 0.253092914819717 0.203777626156807 0.177637562155724 0.194582521915436 0.23085618019104 0.243143618106842 0.214669078588486 0.216710805892944 0.209849238395691 0.222171381115913 0.216713666915894 0.214801326394081 0.19369001686573 0.193382099270821 0.194284126162529 0.215603426098824
