data/climate_estimation/maxent_output/Smilax_bracteata.asc
NCOLS 406 
NROWS 256 
XLLCORNER 98.4166666666667 
YLLCORNER 10.9166666666667 
CELLSIZE 0.0833333333333334 
NODATA_value -3.4e+38 
[rows 72 to 95 of 256, columns 162 to 215 of 406]
0.11183363199234 0.116732358932495 0.0573614351451397 0.0985638797283173 0.0783863365650177 0.0941479951143265 0.0340299047529697 0.0712888687849045 0.037490788847208 0.033472552895546 0.0353206545114517 0.0232564564794302 0.0281187538057566 0.022717846557498 0.0230082422494888 0.0246390104293823 0.0278935264796019 0.0594919510185719 0.0663589239120483 0.205685928463936 0.171400919556618 0.18443001806736 0.233339980244637 0.324167340993881 0.331158041954041 0.32803151011467 0.261657327413559 0.118315979838371 0.075636975467205 0.0935023725032806 0.116442367434502 0.167971238493919 0.118526019155979 0.131819307804108 0.126648217439651 0.0850224643945694 0.0774476379156113 0.0928035899996758 0.124611526727676 0.124616503715515 0.123527191579342 0.139173820614815 0.280467540025711 0.279460072517395 0.214130163192749 0.215048238635063 0.240071296691895 0.248647883534431 0.251985341310501 0.271413922309875 0.260192781686783 0.295050382614136 0.269859164953232 0.298347681760788
0.292573302984238 0.173029661178589 0.117612183094025 0.0864967331290245 0.13332898914814 0.208940580487251 0.0846210569143295 0.0896903052926064 0.0862703546881676 0.0454529523849487 0.0353447645902634 0.0243883412331343 0.026446620002389 0.0253362730145454 0.0216477159410715 0.0243827905505896 0.0254369415342808 0.0833894535899162 0.110070578753948 0.165906816720963 0.208583369851112 0.314464122056961 0.324095696210861 0.336597204208374 0.333880722522736 0.338639467954636 0.247804880142212 0.142299190163612 0.102749422192574 0.208555802702904 0.206511169672012 0.137226715683937 0.11278024315834 0.13581582903862 0.0998947024345398 0.0794966816902161 0.0803409218788147 0.104861229658127 0.130835756659508 0.113060340285301 0.118262313306332 0.195655301213264 0.286701202392578 0.216164737939835 0.197508975863457 0.250744491815567 0.268879443407059 0.261906415224075 0.294262111186981 0.302799344062805 0.297337740659714 0.279243797063828 0.290633618831635 0.31934005022049
0.295868545770645 0.182727038860321 0.14503139257431 0.11825605481863 0.0970152616500854 0.080774612724781 0.0454604290425777 0.075153723359108 0.0787339359521866 0.0456106550991535 0.0427876189351082 0.0249427612870932 0.021614171564579 0.0212161894887686 0.0228311996906996 0.0228814650326967 0.0410561375319958 0.137648984789848 0.148898676037788 0.10161630064249 0.228117376565933 0.339507967233658 0.335661888122559 0.334942787885666 0.329744815826416 0.335712015628815 0.304273426532745 0.25330126285553 0.22816276550293 0.191709324717522 0.192365303635597 0.150090888142586 0.128342792391777 0.116214439272881 0.127966597676277 0.0937479063868523 0.0778074711561203 0.124057061970234 0.0971806198358536 0.103747837245464 0.215453401207924 0.224645927548409 0.163111329078674 0.178766876459122 0.209379896521568 0.304659247398376 0.305707514286041 0.306855112314224 0.30711418390274 0.297801554203033 0.306468278169632 0.319366157054901 0.337308347225189 0.426998376846313
0.192320346832275 0.159153237938881 0.0761365443468094 0.0652772858738899 0.0467994622886181 0.0489897467195988 0.0443803332746029 0.0460512898862362 0.0442015714943409 0.0295521207153797 0.03260363265872 0.0345840789377689 0.0246476642787457 0.0229583885520697 0.0230366885662079 0.0240973718464375 0.0540339164435863 0.0729899629950523 0.0548790581524372 0.115612335503101 0.296795815229416 0.336028248071671 0.334567695856094 0.321040719747543 0.339162588119507 0.343897312879562 0.305226594209671 0.205070838332176 0.10163526982069 0.135805934667587 0.154688701033592 0.1215745434165 0.105032101273537 0.119197390973568 0.143464714288712 0.0971448495984077 0.0808717533946037 0.110141471028328 0.0826454162597656 0.128048896789551 0.182872921228409 0.131235435605049 0.162573382258415 0.206445679068565 0.232066050171852 0.26868462562561 0.29134663939476 0.294609546661377 0.307733476161957 0.282415002584457 0.287135601043701 0.33784294128418 0.415277659893036 0.439509004354477
0.0886489823460579 0.0870266929268837 0.0906959027051926 0.0500855594873428 0.0480798557400703 0.044431246817112 0.040471013635397 0.038563184440136 0.032033633440733 0.0268823578953743 0.0319799035787582 0.0355773270130157 0.0287764687091112 0.0283426847308874 0.0234192982316017 0.0472027249634266 0.113592743873596 0.0550281032919884 0.111476719379425 0.260984361171722 0.338787794113159 0.293289065361023 0.307828933000565 0.308196842670441 0.351127862930298 0.348368853330612 0.298609733581543 0.14817963540554 0.14309948682785 0.129895508289337 0.165713936090469 0.125626191496849 0.13215409219265 0.123101115226746 0.125048086047173 0.101463958621025 0.0646848604083061 0.0763516053557396 0.0980299413204193 0.225273370742798 0.122983977198601 0.147465631365776 0.235826089978218 0.291381120681763 0.274663865566254 0.280714422464371 0.289480626583099 0.289905577898026 0.298537313938141 0.289558172225952 0.318146109580994 0.383601635694504 0.425079077482224 0.386884957551956
0.125527858734131 0.0857159271836281 0.105241537094116 0.065767414867878 0.0489703863859177 0.0444817654788494 0.0408518090844154 0.034874327480793 0.0392601005733013 0.0352118127048016 0.0346468612551689 0.0330380871891975 0.0293223410844803 0.0290223024785519 0.0417050123214722 0.160802885890007 0.168387442827225 0.0809952691197395 0.155852153897285 0.283599555492401 0.310132592916489 0.247585445642471 0.295047968626022 0.346425145864487 0.350960075855255 0.333289206027985 0.157599627971649 0.128020450472832 0.131895542144775 0.201900318264961 0.15476630628109 0.129697546362877 0.141996622085571 0.145417541265488 0.151134610176086 0.158785834908485 0.118163324892521 0.207313805818558 0.144588157534599 0.283899158239365 0.190426751971245 0.214134573936462 0.27660009264946 0.30726432800293 0.258385002613068 0.26535353064537 0.292201727628708 0.327458798885345 0.301283448934555 0.32705345749855 0.378495752811432 0.419494301080704 0.418837368488312 0.375
0.114832125604153 0.0980850234627724 0.10951878875494 0.0818883255124092 0.0710735321044922 0.0512264333665371 0.0517106130719185 0.0475923158228397 0.0476383604109287 0.0455177761614323 0.0399254076182842 0.0487254373729229 0.0381010659039021 0.0353668630123138 0.196454972028732 0.342988073825836 0.215312212705612 0.108520351350307 0.108076401054859 0.172264754772186 0.166850164532661 0.158017531037331 0.291128844022751 0.349797815084457 0.324986606836319 0.173051431775093 0.145168840885162 0.168980643153191 0.186886981129646 0.261534452438354 0.198671013116837 0.18649710714817 0.167079299688339 0.165773004293442 0.175793692469597 0.194870054721832 0.246195092797279 0.208814144134521 0.189826890826225 0.368702709674835 0.255467653274536 0.378160744905472 0.379456222057343 0.249753192067146 0.242326498031616 0.285901039838791 0.33332946896553 0.310898840427399 0.340986877679825 0.427352488040924 0.436549603939056 0.429411202669144 0.452417135238647 0.383356779813766
0.108524829149246 0.146027743816376 0.136123389005661 0.114228308200836 0.0984691306948662 0.0610589869320393 0.0642962157726288 0.0619306564331055 0.074948713183403 0.0608264431357384 0.109283871948719 0.207184672355652 0.0812012329697609 0.0607335530221462 0.321468770503998 0.28891521692276 0.167923927307129 0.174403876066208 0.188312590122223 0.21256847679615 0.275023072957993 0.214946150779724 0.318837970495224 0.256570011377335 0.190432786941528 0.18292461335659 0.314262211322784 0.316779524087906 0.321410953998566 0.316758930683136 0.247062936425209 0.258059144020081 0.217107132077217 0.192066013813019 0.201846122741699 0.240627229213715 0.195543825626373 0.225574791431427 0.368230670690536 0.371391952037811 0.330218851566315 0.384105920791626 0.272815436124802 0.265622347593307 0.304891496896744 0.286566555500031 0.292942017316818 0.330475121736526 0.373950988054276 0.442649751901627 0.446384817361832 0.403051882982254 0.401932269334793 0.378340065479279
0.130845472216606 0.123740404844284 0.130671665072441 0.132330298423767 0.111533366143703 0.0805329233407974 0.0860793367028236 0.100188940763474 0.165125489234924 0.119830638170242 0.301350891590118 0.346362620592117 0.167552143335342 0.0743137896060944 0.169249624013901 0.0917971879243851 0.101873032748699 0.224515318870544 0.267062038183212 0.261609971523285 0.27015432715416 0.316226005554199 0.323003053665161 0.246540114283562 0.323595464229584 0.331466972827911 0.36926081776619 0.367099970579147 0.359816461801529 0.365407764911652 0.255104184150696 0.210441753268242 0.198295474052429 0.213414430618286 0.215579926967621 0.248892292380333 0.247898012399673 0.215703293681145 0.254779517650604 0.317902803421021 0.350060045719147 0.294972687959671 0.268705189228058 0.291520357131958 0.333092629909515 0.333834290504456 0.299026966094971 0.357862770557404 0.42905855178833 0.455277979373932 0.460134238004684 0.410834729671478 0.376434653997421 0.392229050397873
0.209006980061531 0.180766642093658 0.228521898388863 0.138801962137222 0.1309884339571 0.105124227702618 0.164225548505783 0.320546209812164 0.225502133369446 0.139897987246513 0.301014870405197 0.319952517747879 0.0884985700249672 0.0548843517899513 0.067656584084034 0.10283849388361 0.260376781225204 0.309404790401459 0.355585634708405 0.348461478948593 0.318390369415283 0.356323063373566 0.364455074071884 0.359246760606766 0.372966468334198 0.37452906370163 0.32983410358429 0.358345776796341 0.296465039253235 0.3149174451828 0.210945680737495 0.213405922055244 0.254570990800858 0.310927242040634 0.241668745875359 0.230419725179672 0.230167627334595 0.253784388303757 0.270448178052902 0.303585201501846 0.359579712152481 0.307692468166351 0.288114249706268 0.308400273323059 0.353935748338699 0.322932720184326 0.321828126907349 0.364297419786453 0.44423645734787 0.4594566822052 0.462319225072861 0.464249044656754 0.395306259393692 0.431348353624344
0.27790156006813 0.322702974081039 0.328090041875839 0.177442759275436 0.167131632566452 0.169395163655281 0.175039976835251 0.228907242417336 0.128660693764687 0.0819837227463722 0.0823382139205933 0.0913088917732239 0.0659228190779686 0.0690158531069756 0.0753885060548782 0.153295829892159 0.174625232815742 0.324384063482285 0.374101132154465 0.375889867544174 0.338865607976913 0.197274506092072 0.23288768529892 0.309747457504272 0.323070079088211 0.37591353058815 0.311912298202515 0.295549660921097 0.248472914099693 0.245672643184662 0.31352099776268 0.339161962270737 0.332565814256668 0.260062783956528 0.243585482239723 0.234175831079483 0.226134866476059 0.241912245750427 0.246988728642464 0.255653947591782 0.33355912566185 0.30585590004921 0.300491362810135 0.345597267150879 0.404845982789993 0.323520570993423 0.3226418197155 0.403090447187424 0.452217608690262 0.464123100042343 0.414004802703857 0.417017638683319 0.433481782674789 0.417995512485504
0.362454235553741 0.360863208770752 0.355025708675385 0.342630118131638 0.294716596603394 0.319512248039246 0.248153686523438 0.118307828903198 0.091137483716011 0.0896093249320984 0.0737613961100578 0.0790699496865273 0.0806071385741234 0.0773220062255859 0.114364735782146 0.162464320659637 0.175019294023514 0.338271886110306 0.364135295152664 0.366200625896454 0.348213344812393 0.165659457445145 0.290461450815201 0.22051228582859 0.367097616195679 0.383713066577911 0.380195945501328 0.315917044878006 0.34176316857338 0.306870013475418 0.30776709318161 0.270390331745148 0.27877289056778 0.262666672468185 0.248091831803322 0.23937714099884 0.241447612643242 0.24713234603405 0.299769341945648 0.336861938238144 0.365765780210495 0.324427992105484 0.360375970602036 0.429182827472687 0.424453467130661 0.334547966718674 0.350695699453354 0.455810010433197 0.468433797359467 0.466569006443024 0.456032872200012 0.487992614507675 0.495439916849136 0.44385027885437
0.370559304952621 0.368404746055603 0.363782346248627 0.364503800868988 0.362605065107346 0.362092107534409 0.366786777973175 0.172387599945068 0.120884612202644 0.105214342474937 0.0947980061173439 0.0973917096853256 0.107384063303471 0.1238928809762 0.174868494272232 0.261398732662201 0.158214583992958 0.166194051504135 0.188097834587097 0.360535860061646 0.306096136569977 0.175359979271889 0.226358160376549 0.257195979356766 0.389067202806473 0.392856121063232 0.393502026796341 0.36007958650589 0.310999363660812 0.254424959421158 0.248740658164024 0.247613236308098 0.288088500499725 0.309695363044739 0.315049260854721 0.288700670003891 0.297320961952209 0.29068449139595 0.322020500898361 0.415211170911789 0.390745759010315 0.375206470489502 0.422215968370438 0.442627459764481 0.443090230226517 0.402029693126678 0.370357751846313 0.455026596784592 0.470848828554153 0.481217354536057 0.485866606235504 0.497820287942886 0.465962707996368 0.437517523765564
0.37278813123703 0.370771408081055 0.370047509670258 0.370112478733063 0.370234310626984 0.368599504232407 0.36650824546814 0.303755670785904 0.264943778514862 0.127335473895073 0.107607714831829 0.117475561797619 0.16159975528717 0.202102988958359 0.313492298126221 0.382424145936966 0.163444131612778 0.0722947344183922 0.093483529984951 0.200113728642464 0.160701528191566 0.172071099281311 0.242683783173561 0.301125079393387 0.374879390001297 0.405655354261398 0.399804204702377 0.300826072692871 0.261024564504623 0.263066470623016 0.280775964260101 0.315033107995987 0.344323009252548 0.338134795427322 0.307850509881973 0.307850509881973 0.300463140010834 0.349284678697586 0.357653766870499 0.427731841802597 0.382435709238052 0.377430468797684 0.440326750278473 0.452296078205109 0.444388091564178 0.414574533700943 0.402343988418579 0.440060883760452 0.478052586317062 0.48272967338562 0.44136506319046 0.498970448970795 0.410731106996536 0.389501333236694
0.377642333507538 0.377757906913757 0.381150096654892 0.303099036216736 0.287458926439285 0.306154787540436 0.353753566741943 0.26063260436058 0.178875461220741 0.197603821754456 0.168484956026077 0.270744651556015 0.323586791753769 0.331127613782883 0.350515067577362 0.330483675003052 0.299138695001602 0.10566883534193 0.105924248695374 0.156167939305305 0.157860070466995 0.162710905075073 0.198131769895554 0.291331052780151 0.372195363044739 0.34576028585434 0.272127479314804 0.275225877761841 0.318928450345993 0.38241320848465 0.415338724851608 0.362816601991653 0.33429628610611 0.368587493896484 0.337090313434601 0.364341229200363 0.358181715011597 0.407816678285599 0.367801129817963 0.436056584119797 0.436702340841293 0.425340205430984 0.454507768154144 0.464150190353394 0.454882591962814 0.419636219739914 0.430538773536682 0.481255084276199 0.486190736293793 0.412574976682663 0.433564513921738 0.439663827419281 0.442283809185028 0.409746676683426
0.390883535146713 0.390721380710602 0.359840661287308 0.329563289880753 0.267844587564468 0.300482720136642 0.311146914958954 0.219611197710037 0.344664812088013 0.385136812925339 0.391401082277298 0.387975037097931 0.404012620449066 0.399741858243942 0.301024973392487 0.385234922170639 0.391490459442139 0.272065311670303 0.114072971045971 0.15469965338707 0.195876210927963 0.205711111426353 0.239720091223717 0.277868121862411 0.276334375143051 0.269681096076965 0.279481619596481 0.322450369596481 0.421265751123428 0.425498068332672 0.383389919996262 0.367561340332031 0.428778380155563 0.423528075218201 0.383166700601578 0.410398185253143 0.431546241044998 0.414575815200806 0.43799689412117 0.411579489707947 0.385317713022232 0.406974792480469 0.459134191274643 0.457248866558075 0.396498113870621 0.389969438314438 0.474413096904755 0.494345635175705 0.438534736633301 0.42040941119194 0.444689929485321 0.434232592582703 0.525261521339417 0.510773062705994
0.397506922483444 0.374161750078201 0.393334120512009 0.397050231695175 0.305127948522568 0.281622231006622 0.31305781006813 0.268003404140472 0.397186011075974 0.401793867349625 0.400154203176498 0.395953416824341 0.40698179602623 0.406349748373032 0.354414433240891 0.395248293876648 0.405475705862045 0.2660131752491 0.153670832514763 0.155981287360191 0.19340606033802 0.230906292796135 0.338899344205856 0.411508798599243 0.42072257399559 0.361267358064651 0.313966929912567 0.343490034341812 0.421570181846619 0.435155481100082 0.414831012487411 0.443788051605225 0.446421027183533 0.375128716230392 0.359634965658188 0.381185293197632 0.395150989294052 0.429872423410416 0.452165544033051 0.385831326246262 0.41323509812355 0.453819423913956 0.462066024541855 0.461831778287888 0.436359405517578 0.416293948888779 0.490263789892197 0.48027840256691 0.410997003316879 0.402983397245407 0.425450652837753 0.466495513916016 0.527959585189819 0.515768110752106
0.407416820526123 0.406780481338501 0.40306231379509 0.401916712522507 0.318538308143616 0.293099999427795 0.373488456010818 0.357043921947479 0.404730886220932 0.405138522386551 0.404185235500336 0.403239160776138 0.418523341417313 0.404026836156845 0.402575880289078 0.282396703958511 0.237379178404808 0.204777881503105 0.278030902147293 0.189007982611656 0.220450073480606 0.247573807835579 0.290149629116058 0.390891909599304 0.434530824422836 0.427002340555191 0.435417741537094 0.447563111782074 0.448414474725723 0.454210102558136 0.430072098970413 0.41861492395401 0.413390278816223 0.439111411571503 0.395459473133087 0.424576103687286 0.437276124954224 0.403863519430161 0.405028700828552 0.397898495197296 0.471311032772064 0.476212382316589 0.472625136375427 0.443885415792465 0.408325910568237 0.4167320728302 0.456332176923752 0.433397829532623 0.500328540802002 0.451730370521545 0.465245485305786 0.515319883823395 0.527855753898621 0.468129724264145
0.41306346654892 0.416505992412567 0.415276497602463 0.410988867282867 0.328159272670746 0.3314568400383 0.389868319034576 0.414515256881714 0.383840352296829 0.349739283323288 0.415380954742432 0.419392317533493 0.418326288461685 0.411310464143753 0.401801466941833 0.41455927491188 0.286665022373199 0.236769139766693 0.214469403028488 0.215763285756111 0.245054468512535 0.301981061697006 0.368757307529449 0.427102982997894 0.447700887918472 0.436701327562332 0.450445652008057 0.460251480340958 0.46064019203186 0.418300628662109 0.442126959562302 0.451757580041885 0.445194751024246 0.465879201889038 0.469874858856201 0.475019991397858 0.436685651540756 0.407461911439896 0.404517024755478 0.418083280324936 0.48613303899765 0.490029692649841 0.44746270775795 0.432472318410873 0.413672178983688 0.494162797927856 0.499022156000137 0.442142724990845 0.468034297227859 0.521952271461487 0.394620299339294 0.463861674070358 0.534118711948395 0.454915791749954
0.423994392156601 0.388172537088394 0.423033475875854 0.426878482103348 0.405096620321274 0.353248119354248 0.347510546445847 0.377029716968536 0.382282495498657 0.313796728849411 0.422461241483688 0.421318501234055 0.418030798435211 0.394838154315948 0.424502640962601 0.368893384933472 0.370326817035675 0.389167726039886 0.337243974208832 0.256353080272675 0.286939412355423 0.371958196163177 0.449245363473892 0.452989667654037 0.407123416662216 0.440848350524902 0.460324019193649 0.470852762460709 0.473342001438141 0.470404416322708 0.479846507310867 0.484677523374557 0.47136777639389 0.486359626054764 0.48617023229599 0.496886104345322 0.488554865121841 0.476457715034485 0.418320208787918 0.428705990314484 0.43741500377655 0.481590539216995 0.424121528863907 0.425315141677856 0.508041203022003 0.516030371189117 0.505411803722382 0.42906653881073 0.36875507235527 0.465955168008804 0.269332230091095 0.44555988907814 0.542921781539917 0.441926211118698
0.422258466482162 0.432823419570923 0.436789751052856 0.431428611278534 0.433317959308624 0.329021781682968 0.362535655498505 0.433150559663773 0.395296216011047 0.343173265457153 0.429486989974976 0.426118552684784 0.430140256881714 0.419132679700851 0.431340873241425 0.43623161315918 0.432462960481644 0.379420876502991 0.367548882961273 0.270729452371597 0.326922595500946 0.446556657552719 0.452328145503998 0.443596929311752 0.46893110871315 0.472970336675644 0.396936148405075 0.426022619009018 0.489972800016403 0.49594646692276 0.497038185596466 0.49781721830368 0.497667700052261 0.501400768756866 0.495895832777023 0.500231742858887 0.474990576505661 0.488092094659805 0.418207287788391 0.434571206569672 0.431874573230743 0.428084433078766 0.435472935438156 0.443956166505814 0.503834545612335 0.522037386894226 0.479708611965179 0.354170501232147 0.297684788703918 0.374559104442596 0.253533720970154 0.353631585836411 0.378441244363785 0.349852859973907
0.445677369832993 0.442277520895004 0.445546597242355 0.445800453424454 0.44221231341362 0.440079152584076 0.443340867757797 0.437051594257355 0.357554048299789 0.381360173225403 0.401024341583252 0.380569308996201 0.402882963418961 0.398376077413559 0.446167558431625 0.446654766798019 0.452809065580368 0.446749359369278 0.45429715514183 0.325373530387878 0.37130805850029 0.467663258314133 0.3500697016716 0.445540130138397 0.48198589682579 0.485354572534561 0.380861967802048 0.469081908464432 0.48560044169426 0.506816327571869 0.510210692882538 0.508832573890686 0.515303373336792 0.516184568405151 0.50563508272171 0.500037908554077 0.454507619142532 0.468287706375122 0.432196259498596 0.428101748228073 0.428667992353439 0.426261633634567 0.443224400281906 0.52377051115036 0.470363020896912 0.509349405765533 0.47808974981308 0.360706508159637 0.320133209228516 0.429665148258209 0.290005534887314 0.176655873656273 0.301029920578003 0.336653232574463
0.45607390999794 0.455730885267258 0.453565806150436 0.455010116100311 0.454599827528 0.456862032413483 0.454273253679276 0.409635633230209 0.378500610589981 0.377280384302139 0.449500232934952 0.361359119415283 0.314730942249298 0.36198154091835 0.340344607830048 0.340369313955307 0.376775920391083 0.315455675125122 0.306277573108673 0.350980669260025 0.480205804109573 0.478426367044449 0.349414974451065 0.48047262430191 0.460580170154572 0.447235733270645 0.392712026834488 0.444186747074127 0.515211343765259 0.523672759532928 0.523416936397552 0.505455255508423 0.523788452148438 0.523198306560516 0.527158796787262 0.496532469987869 0.436208516359329 0.430988281965256 0.423302710056305 0.434447854757309 0.424370974302292 0.453062891960144 0.4746013879776 0.478470414876938 0.436343997716904 0.442354321479797 0.490232974290848 0.442225426435471 0.337230861186981 0.268634438514709 0.205390021204948 0.27544242143631 0.201076179742813 0.534347176551819
0.462980598211288 0.46604385972023 0.43528088927269 0.467181593179703 0.465122908353806 0.466347336769104 0.470155566930771 0.355262905359268 0.370946556329727 0.461515247821808 0.461905032396317 0.443536162376404 0.353804498910904 0.325853019952774 0.316001027822495 0.315574198961258 0.339119791984558 0.312072724103928 0.314640372991562 0.406396985054016 0.427285730838776 0.371525883674622 0.358686417341232 0.410878300666809 0.390592724084854 0.403415471315384 0.46838852763176 0.524881720542908 0.525568068027496 0.531758487224579 0.521470665931702 0.535656869411469 0.536783993244171 0.526280045509338 0.54448390007019 0.472708523273468 0.456714689731598 0.437903106212616 0.440214097499847 0.448454141616821 0.538817822933197 0.4714295566082 0.448525428771973 0.458587735891342 0.448487490415573 0.404603242874146 0.447258532047272 0.480955809354782 0.27891594171524 0.182091489434242 0.132129222154617 0.18914507329464 0.33632156252861 0.459721624851227
