data/climate_estimation/maxent_output/Smilax_glauca.asc
NCOLS 423 
NROWS 334 
XLLCORNER -104.583333333333 
YLLCORNER 15.4166666666667 
CELLSIZE 0.0833333333333333 
NODATA_value -3.4e+38 
[rows 276 to 298 of 334, columns 0 to 51 of 423]
0.00140506948810071 0.0014171083457768 0.00160240300465375 0.00213874527253211 0.00222400459460914 0.00265569658949971 0.00419611064717174 0.00347708584740758 0.00328318541869521 0.00351363979279995 0.00366308749653399 0.00330705335363746 0.00239729974418879 0.00314475758932531 0.00306618656031787 0.00279172253794968 0.00275592086836696 0.0027824470307678 0.00258270814083517 0.00290980702266097 0.00260731601156294 0.00238529546186328 0.00216449494473636 0.00221011904068291 0.00229025422595441 0.00231619947589934 0.00334385549649596 0.00341571820899844 0.00295727560296655 0.00375644606538117 0.00324340420775115 0.00308783841319382 0.00274633779190481 0.00271784630604088 0.00267843576148152 0.0026802602224052 0.00289605441503227 0.00294977193698287 0.00296412454918027 0.00348197435960174 0.00344213377684355 0.00316729163751006 0.00308923097327352 0.0029654735699296 0.00284602004103363 0.00299291335977614 0.00278768641874194 0.00196330645121634 0.00236213626340032 0.0022427449002862 0.00219617364928126 0.0016698221443221
0.00131541164591908 0.00135550124105066 0.00177637778688222 0.00221769232302904 0.00234624021686614 0.00291017629206181 0.0036104132886976 0.00321312574669719 0.00337155140005052 0.00341725256294012 0.00242769625037909 0.00247903261333704 0.00287085282616317 0.00259878998622298 0.00280608353205025 0.00282735843211412 0.00301101570948958 0.00300407269969583 0.00307250022888184 0.00294991163536906 0.00280671683140099 0.00259858998470008 0.00237055169418454 0.00243688747286797 0.00279717007651925 0.00293962424620986 0.00339616439305246 0.0037569587584585 0.0036716943141073 0.00313032371923327 0.00258540897630155 0.00270382151938975 0.00282061309553683 0.00289300340227783 0.00288603873923421 0.00268588005565107 0.00271940743550658 0.00292404042556882 0.00308240205049515 0.00333234458230436 0.00321025773882866 0.0032510079909116 0.00318842497654259 0.00302464189007878 0.00303324987180531 0.00295001408085227 0.00275984802283347 0.00286707421764731 0.00280431192368269 0.00235232128761709 0.00165074085816741 0.00202969461679459
0.00134733249433339 0.0016422166954726 0.00214195880107582 0.00283259944990277 0.00217708642594516 0.00249673379585147 0.00307276123203337 0.00290403701364994 0.00331580359488726 0.00325930281542242 0.00196094089187682 0.00278130802325904 0.00260795559734106 0.00247299997135997 0.00285119842737913 0.00303898612037301 0.00295359455049038 0.00272883172146976 0.00321806268766522 0.00254382332786918 0.00238825543783605 0.00289044855162501 0.00280913966707885 0.00265906471759081 0.00373360747471452 0.00323904119431973 0.00331442942842841 0.00327892042696476 0.00330599304288626 0.00268422975204885 0.00250085745938122 0.00228066835552454 0.00231967004947364 0.00246003270149231 0.00261145504191518 0.00219454965554178 0.00261279894039035 0.0025111970026046 0.00231413496658206 0.00281930342316628 0.00307010533288121 0.00303885992616415 0.00296435900963843 0.00276061869226396 0.00275028520263731 0.00283084204420447 0.00277333869598806 0.00268867518752813 0.00286430888809264 0.00241917022503912 0.00142230524215847 0.00195853039622307
0.00136405613739043 0.00144464266486466 0.00226895068772137 0.00266048707999289 0.00185275205876678 0.00223232968710363 0.0028684816788882 0.00305233360268176 0.00279963063076138 0.00307353003881872 0.00265724747441709 0.00283766188658774 0.00263342447578907 0.0027590764220804 0.00248693069443107 0.00187958334572613 0.00227909162640572 0.00240972288884223 0.00252905092202127 0.00261736335232854 0.00256715342402458 0.00301693473011255 0.00273230765014887 0.00303767342120409 0.00360002857632935 0.00400519976392388 0.004212386906147 0.00324285053648055 0.00290265562944114 0.00274625676684082 0.00243799248710275 0.00205036252737045 0.00202266848646104 0.00223451270721853 0.00225525558926165 0.00226753065362573 0.00225327955558896 0.00216908846050501 0.00249730423092842 0.00325561035424471 0.00289843836799264 0.00289114890620112 0.00262804585509002 0.0028357501141727 0.00279465806670487 0.00261866534128785 0.00253021973185241 0.00180320942308754 0.00251814676448703 0.00264186528511345 0.00238180556334555 0.0025134114548564
0.00146596331615001 0.00141576747409999 0.00174859759863466 0.00235795136541128 0.00238263397477567 0.00272270874120295 0.00277650728821754 0.00257901567965746 0.00253406236879528 0.00310585857369006 0.00260180677287281 0.00267041753977537 0.00254374416545033 0.00260604335926473 0.00241723726503551 0.00237640179693699 0.00254804757423699 0.00260737794451416 0.00237547024153173 0.00153598643373698 0.00294003821909428 0.00297313299961388 0.00265960791148245 0.00296689895913005 0.0030409402679652 0.00262042763642967 0.00253226142376661 0.00245653581805527 0.00282817403785884 0.00229046703316271 0.00212101940996945 0.00197356683202088 0.0019038551254198 0.0020958527456969 0.00225488911382854 0.0024756386410445 0.00224293326027691 0.00232110009528697 0.00273133697919548 0.00296581932343543 0.00290888291783631 0.00266090594232082 0.00208574673160911 0.0028050672262907 0.00273220776580274 0.00265440600924194 0.00138462462928146 0.00115269504021853 0.00140455190557986 0.00260335323400795 0.0026382829528302 0.00245630461722612
0.00168635533191264 0.00163540139328688 0.00213912245817482 0.00215544668026268 0.00210884097032249 0.00212180521339178 0.00200526439584792 0.00206593400798738 0.00287315412424505 0.00218455586582422 0.00263640354387462 0.00231010816060007 0.00191699410788715 0.00201241229660809 0.00224866485223174 0.00204722490161657 0.0023582698777318 0.00227816822007298 0.00231832405552268 0.00227499613538384 0.00274651870131493 0.00235392595641315 0.00270756473764777 0.0027661754284054 0.00260151457041502 0.00214349175803363 0.00110798259265721 0.0013621075777337 0.00198014616034925 0.00163392443209887 0.00196417304687202 0.00156531354878098 0.00136908085551113 0.00229069078341126 0.00245594140142202 0.00249974429607391 0.00215822923928499 0.0023281741887331 0.00243451842106879 0.00239855097606778 0.00277143158018589 0.00212699198164046 0.00238300091587007 0.00289220572449267 0.00265799439512193 0.00188273459207267 0.000939674617256969 0.000603624968789518 0.000888484937604517 0.00237611634656787 0.00255803763866425 0.000881816318724304
0.00135538505855948 0.001655287691392 0.00180133886169642 0.00207600463181734 0.00207265513017774 0.00208720355294645 0.00198123650625348 0.00179159746039659 0.00224714376963675 0.00206452305428684 0.00205735606141388 0.00164009106811136 0.00169836543500423 0.00180792040191591 0.00219560228288174 0.00216725026257336 0.00233290973119438 0.00199951091781259 0.00200304784812033 0.00214774394407868 0.00226215831935406 0.00238833739422262 0.00201966846361756 0.00210505188442767 0.00224768975749612 0.00219733291305602 0.00121721252799034 0.000818548025563359 0.00107345602009445 0.00142133049666882 0.00164826458785683 0.00108347099740058 0.000726361584383994 0.000971317931544036 0.00190088455565274 0.00229578535072505 0.00164297863375396 0.00174625182989985 0.00249228696338832 0.00246469350531697 0.00274871452711523 0.00270888139493763 0.00267416029237211 0.00215086317621171 0.001050811028108 0.000829836528282613 0.00132871605455875 0.00210384954698384 0.00220597628504038 0.00207027560099959 0.00115681497845799 0.000529731973074377
0.00129736412782222 0.00129061762709171 0.0016303580487147 0.00148575194180012 0.00180647021625191 0.00190622557420284 0.00192443619016558 0.00178636040072888 0.00200684485025704 0.00180016411468387 0.00180825428105891 0.000796522188466042 0.00180771586019546 0.0017265664646402 0.00210578483529389 0.0020561630371958 0.00204757857136428 0.00181090901605785 0.00187816331163049 0.0018818232929334 0.00187192438170314 0.00215468741953373 0.00227614305913448 0.00211324309930205 0.0021242001093924 0.00202124449424446 0.00173309748061001 0.00106985017191619 0.00104892835952342 0.00138431077357382 0.000946189218666404 0.000910716073121876 0.000698047049809247 0.000738390546757728 0.001742237014696 0.0023654003161937 0.00233497889712453 0.00216814107261598 0.00176846177782863 0.00260281702503562 0.00256326142698526 0.0024179348256439 0.002427943283692 0.00232225959189236 0.00244326423853636 0.00164540228433907 0.000847327639348805 0.00105422188062221 0.00140555913094431 0.00247937859967351 0.00115889846347272 0.00052359321853146
0.00130970065947622 0.00120825599879026 0.00144799670670182 0.00147055543493479 0.00135863921605051 0.00108006654772907 0.00174620328471065 0.00190684967674315 0.00175884470809251 0.00181524688377976 0.00185213750228286 0.000327030342305079 0.00141589355189353 0.00179575721267611 0.00197663973085582 0.00197998736985028 0.00185192993376404 0.00171869457699358 0.00168608268722892 0.00189100089482963 0.0018370837206021 0.00182286859489977 0.00181521754711866 0.00217602029442787 0.00198848592117429 0.00192715553566813 0.00149562221486121 0.001074576866813 0.000780705129727721 0.000958518823608756 0.00107735360506922 0.00107993045821786 0.00103912642225623 0.00124649796634912 0.00222907564602792 0.00229514436796308 0.00220513646490872 0.00223325286060572 0.00233977590687573 0.00228829518891871 0.00219074846245348 0.00224468065425754 0.00261700572445989 0.00238174572587013 0.00230047293007374 0.00216487166471779 0.000832325487863272 0.000713830057065934 0.00188842869829386 0.00228265672922134 0.0017633504467085 0.000555848120711744
0.0010815350105986 0.00109807483386248 0.00112280913162977 0.00122103560715914 0.00141297595109791 0.00159476138651371 0.00154000555630773 0.00153189839329571 0.00176957866642624 0.00165502238087356 0.00158379331696779 0.0015811282210052 0.00161311321426183 0.00159704685211182 0.00166611350141466 0.00185144424904138 0.00164148607291281 0.00171511829830706 0.00174179603345692 0.00164693291299045 0.00159264472313225 0.00158169982023537 0.00143839977681637 0.001443688175641 0.00189848733134568 0.00145610910840333 0.000755804008804262 0.000376415177015588 0.000638453813735396 0.00141001911833882 0.00177574658300728 0.00193234230391681 0.00220261421054602 0.00142554263584316 0.00142792775295675 0.00147484499029815 0.000912070856429636 0.000799757486674935 0.00118011783342808 0.00204046280123293 0.00209299405105412 0.00218084338121116 0.0019407196668908 0.00225155963562429 0.00220574857667089 0.00188091839663684 0.00127979496028274 0.00184973434079438 0.00193325977306813 0.00197775173000991 0.00209515122696757 0.00154337985441089
0.0010914308950305 0.00103558355476707 0.00106660940218717 0.00113746570423245 0.00118244613986462 0.00137590710073709 0.00144061073660851 0.00152305804658681 0.00162719411309808 0.00133032153826207 0.00141307199373841 0.00146482675336301 0.00141980056650937 0.00131903076544404 0.0014197122072801 0.00149939372204244 0.00154281558934599 0.00159524043556303 0.00163894600700587 0.00139543600380421 0.00139985233545303 0.00137214653659612 0.00140610046219081 0.0014248879160732 0.0016046044183895 0.00136451073922217 0.000736133370082825 0.000493404688313603 0.00116780132520944 0.00156143959611654 0.00160763959866017 0.00166279915720224 0.00189584423787892 0.0019280903507024 0.00143100426066667 0.00111454247962683 0.000692966394126415 0.00075613526860252 0.00088382774265483 0.00154936185572296 0.00205172342248261 0.00222513591870666 0.00184908404480666 0.00205374043434858 0.00216604839079082 0.00212711212225258 0.0019662796985358 0.00213210633955896 0.00184101273771375 0.00183084490709007 0.00196804059669375 0.000842230918351561
0.00114029587712139 0.00115358491893858 0.0010652783093974 0.00109936913941056 0.00121915899217129 0.00119641399942338 0.00125918549019843 0.00129331008065492 0.00141686934512109 0.00137845729477704 0.00124145194422454 0.00121646095067263 0.00118856027256697 0.0011488936142996 0.00115792860742658 0.00152676831930876 0.00140073022339493 0.00168405729345977 0.00162472482770681 0.00137017015367746 0.00136707560159266 0.00125730142462999 0.0011414474574849 0.00119690247811377 0.00126354256644845 0.00142341305036098 0.00111562281381339 0.00113107380457222 0.00152730266563594 0.00144636200275272 0.00146840512752533 0.00121429061982781 0.00133081106469035 0.00192185200285167 0.00154426507651806 0.00119775359053165 0.00134948140475899 0.00172681175172329 0.00172789918724447 0.0018409836338833 0.00207110634073615 0.00165641750209033 0.00192423188127577 0.00187861081212759 0.00204571732319891 0.0021883777808398 0.00202133832499385 0.0019968778360635 0.00187887786887586 0.00163679954130203 0.00177532085217535 0.0019363546743989
0.00119066028855741 0.00108415738213807 0.00110465113539249 0.00112338841427118 0.00124888238497078 0.0011954742949456 0.00121323007624596 0.00138895015697926 0.00127157079987228 0.00142498163040727 0.00135952478740364 0.00131288031116128 0.00116650434210896 0.0011580241844058 0.0011673248372972 0.00154461560305208 0.0010990354930982 0.00147832627408206 0.00159004610031843 0.00134290964342654 0.0012661861255765 0.0011815489269793 0.00106259901076555 0.00096236151875928 0.00116012385115027 0.00124074949417263 0.00138428388163447 0.00138837832491845 0.00122480397112668 0.00117906311061233 0.00119126250501722 0.00116713379975408 0.0010217793751508 0.00162165972869843 0.00155588949564844 0.00135502230841666 0.00161466677673161 0.0017151515930891 0.00172689370810986 0.00170332239940763 0.0017002277309075 0.00152835762128234 0.00160813797265291 0.00167222239542753 0.00202271644957364 0.00227215909399092 0.00188748247455806 0.00157206563744694 0.00160791771486402 0.00172016711439937 0.0015999935567379 0.0016447437228635
0.00120124337263405 0.00119430897757411 0.0011778500629589 0.00121601251885295 0.0011278745951131 0.00121322798077017 0.00121801625937223 0.00125974405091256 0.00131138681899756 0.0012929942458868 0.00128396635409445 0.00123197992797941 0.00121427734848112 0.00131313782185316 0.00123422348406166 0.00148113293107599 0.00155714259017259 0.0016845049103722 0.00157496437896043 0.00130348175298423 0.00124951580073684 0.00110922032035887 0.00100275676231831 0.000994571368210018 0.000962897785939276 0.00108338182326406 0.00118273310363293 0.00118623266462237 0.00119241303764284 0.00117446121294051 0.00105053896550089 0.00103780650533736 0.00117803842294961 0.00148533983156085 0.00162676302716136 0.00135293579660356 0.00154179311357439 0.00132519379258156 0.00131168193183839 0.00129349052440375 0.00132670439779758 0.00129063380882144 0.00146074569784105 0.00158900837413967 0.00156420632265508 0.00177762552630156 0.00168786814901978 0.00137728289701045 0.00159139628522098 0.00168427487369627 0.00173766200896353 0.00162870576605201
-3.4e+38 -3.4e+38 -3.4e+38 0.00108225678559393 0.00114168098662049 0.00118914747145027 0.00131664262153208 0.00133419374469668 0.00132741779088974 0.00129361299332231 0.00130300933960825 0.0012482637539506 0.00126322859432548 0.00122981052845716 0.00122181791812181 0.0014375951141119 0.00156073155812919 0.00183587602805346 0.00175903749186546 0.00142713193781674 0.00123015057761222 0.00110011559445411 0.000983122270554304 0.00101976736914366 0.00108767568599433 0.00108167866710573 0.00120530626736581 0.00122735404875129 0.00123754586093128 0.00116333295591176 0.00118056638166308 0.00105784309562296 0.00117406691424549 0.00122172047849745 0.00152349576819688 0.00137393060140312 0.00149355980101973 0.00118640868458897 0.00115881860256195 0.00114177796058357 0.0011237901635468 0.00111562479287386 0.00123410951346159 0.00138108257669955 0.00139325298368931 0.00142747047357261 0.0014558503171429 0.00134765158873051 0.00155438983347267 0.00146200053859502 0.00168461166322231 0.00172965845558792
-3.4e+38 -3.4e+38 -3.4e+38 -3.4e+38 0.00113248138222843 0.00116673263255507 0.00131218356546015 0.0015387338353321 0.00139721832238138 0.00132441788446158 0.0013167659053579 0.00128463236615062 0.00128717417828739 0.0012633977457881 0.00122535252012312 0.00137882935814559 0.00158008665312082 0.00178732397034764 0.00176061212550849 0.00159964826889336 0.00127654673997313 0.00120462581980973 0.00109581521246582 0.00110788294114172 0.00115812546573579 0.00122707011178136 0.00119551131501794 0.00131164269987494 0.00129766971804202 0.00119614170398563 0.00122489640489221 0.00116266193799675 0.0010359704028815 0.00102492747828364 0.00118290015961975 0.00147412007208914 0.00125607557129115 0.00116686918772757 0.00114888930693269 0.00112033018376678 0.000997504452243447 0.00109025661367923 0.00122494040988386 0.001230253954418 0.00124166975729167 0.00115368270780891 0.00117325014434755 0.00130694324616343 0.00135747587773949 0.00145332841202617 0.00167878775391728 0.00164679368026555
-3.4e+38 -3.4e+38 -3.4e+38 -3.4e+38 -3.4e+38 -3.4e+38 0.00129726075101644 0.0013761620502919 0.00141594640444964 0.00139553390908986 0.00132331729400903 0.00143882480915636 0.0013112174347043 0.00142718630377203 0.00125116889830679 0.00141027336940169 0.00147227651905268 0.0017609988572076 0.000933647272177041 0.00130681123118848 0.0015927319182083 0.00122803461272269 0.00130182271823287 0.00113802799023688 0.00116763566620648 0.00127968681044877 0.00124055438209325 0.00136331515386701 0.00131629139650613 0.00128742621745914 0.00115493696648628 0.00118849950376898 0.00105762365274131 0.00102858035825193 0.00100990862119943 0.00118219654541463 0.00128471967764199 0.00116773450281471 0.0010174682829529 0.000994931091554463 0.000985838705673814 0.00098055275157094 0.00109595479443669 0.00109284557402134 0.00111361069139093 0.00112892570905387 0.00114387052599341 0.00116662809159607 0.00135754363145679 0.00129412743262947 0.00140672049019486 0.00161541462875903
-3.4e+38 -3.4e+38 -3.4e+38 -3.4e+38 -3.4e+38 -3.4e+38 -3.4e+38 0.00137543969321996 0.0013849250972271 0.00136888690758497 0.00132354581728578 0.00142501899972558 0.0012840578565374 0.00142111780587584 0.00141993386205286 0.00177244329825044 0.00170762755442411 0.00199353788048029 0.000922498118598014 0.00060650147497654 0.00147256150376052 0.0014946588780731 0.00151280302088708 0.00136350409593433 0.00141773151699454 0.0013302736915648 0.00130888004787266 0.00125838397070765 0.00126030051615089 0.00121852394659072 0.00118665164336562 0.00105348858051002 0.00108387973159552 0.001011359738186 0.00106133823283017 0.00103528017643839 0.00118419865611941 0.00121905968990177 0.00113151152618229 0.00101141876075417 0.000983303296379745 0.000971172063145787 0.000971049885265529 0.00108095468021929 0.00110890134237707 0.00123794272076339 0.00101206905674189 0.00114419427700341 0.00117232266347855 0.00117986206896603 0.0013009860413149 0.00120765145402402
-3.4e+38 -3.4e+38 -3.4e+38 -3.4e+38 -3.4e+38 -3.4e+38 -3.4e+38 -3.4e+38 -3.4e+38 0.00132863933686167 0.00129823479801416 0.00125206622760743 0.00127297884318978 0.00137687276583165 0.0015397317474708 0.0014930812176317 0.00195633037947118 0.00192712456919253 0.00130470271687955 0.00062038324540481 0.00144569959957153 0.00158621126320213 0.00142973486799747 0.0013674235669896 0.00113454891834408 0.00143297365866601 0.00135131797287613 0.00129778997506946 0.00130674103274941 0.00123483408242464 0.00114666006993502 0.00111242849379778 0.000923241314012557 0.00106406456325203 0.00112841452937573 0.00110895442776382 0.00101019255816936 0.00116628722753376 0.00117613887414336 0.00113096553832293 0.000973755086306483 0.000987268169410527 0.000971002504229546 0.000980157172307372 0.00108751957304776 0.0010891902493313 0.00109718169551343 0.00100481847766787 0.00111641455441713 0.00114247482270002 0.00113048974890262 0.00114787358324975
-3.4e+38 -3.4e+38 -3.4e+38 -3.4e+38 -3.4e+38 -3.4e+38 -3.4e+38 -3.4e+38 -3.4e+38 -3.4e+38 0.00120404490735382 0.00111428007949144 0.00112343346700072 0.00114754470996559 0.00140692619606853 0.00125564099289477 0.00178554549347609 0.00166527228429914 0.00114850793033838 0.0014475219650194 0.0015347630251199 0.00157964508980513 0.00136156182270497 0.00142404658254236 0.00133447640109807 0.00144496897701174 0.00137686741072685 0.00138320797123015 0.00138037651777267 0.00127228582277894 0.00126054929569364 0.0010938725899905 0.00114354095421731 0.00109415291808546 0.00102599151432514 0.0010636686347425 0.000997308408841491 0.00116348208393902 0.00110793113708496 0.000981774413958192 0.000970640976447612 0.000977584277279675 0.000971284054685384 0.00106682640034705 0.00108145293779671 0.00108327995985746 0.00108125689439476 0.000987250823527575 0.00112264358904213 0.00115281180478632 0.00116484530735761 0.0010563088580966
-3.4e+38 -3.4e+38 -3.4e+38 -3.4e+38 -3.4e+38 -3.4e+38 -3.4e+38 -3.4e+38 -3.4e+38 -3.4e+38 0.00118108629249036 0.00117646669968963 0.00121686584316194 0.00110712472815067 0.00124813534785062 0.00125228404067457 0.00152057642117143 0.00119782029651105 0.000771831895690411 0.00134936440736055 0.00173016521148384 0.0015572119737044 0.00140334910247475 0.00135718437377363 0.00123466597869992 0.00142183376010507 0.00145699875429273 0.0014633861137554 0.00145632831845433 0.00136792904231697 0.00133845128584653 0.00120331044308841 0.00109400099609047 0.00111170811578631 0.00107556080911309 0.00113337417133152 0.00108976534102112 0.00109928287565708 0.00106044136919081 0.00104623765219003 0.00106044462881982 0.000967631815001369 0.00095419556600973 0.00105077552143484 0.000949426263105124 0.000962732650805265 0.00107406778261065 0.000975657603703439 0.00100039679091424 0.00101074832491577 0.00103939243126661 0.00102311943192035
-3.4e+38 -3.4e+38 -3.4e+38 -3.4e+38 -3.4e+38 -3.4e+38 -3.4e+38 -3.4e+38 -3.4e+38 -3.4e+38 -3.4e+38 0.00118068943265826 0.00118663359899074 0.00108951050788164 0.00122181978076696 0.0013505209935829 0.00131879991386086 0.00142685498576611 0.00104542355984449 0.000982147408649325 0.00149180018343031 0.00146451801992953 0.00134352908935398 0.0012785013532266 0.00130676792468876 0.00135301891714334 0.00143852364271879 0.0014629055513069 0.00146794167812914 0.0014550470514223 0.00133554404601455 0.00117300054989755 0.00111345492769033 0.00113008788321167 0.00115466210991144 0.0011670395033434 0.00111420010216534 0.0010684838052839 0.00104398909024894 0.00105560838710517 0.00103914609644562 0.00102857011370361 0.00102301046717912 0.000913831812795252 0.000914311618544161 0.000936085998546332 0.00105156342033297 0.000968744338024408 0.00099430896807462 0.00100303662475199 0.0010140857193619 0.000988110667094588
-3.4e+38 -3.4e+38 -3.4e+38 -3.4e+38 -3.4e+38 -3.4e+38 -3.4e+38 -3.4e+38 -3.4e+38 -3.4e+38 -3.4e+38 -3.4e+38 0.00122453190851957 0.00120481022167951 0.00107657944317907 0.00119060021825135 0.00130280014127493 0.00142969959415495 0.00130573275964707 0.00143539742566645 0.00143084116280079 0.00127659342251718 0.00132715341169387 0.00129312020726502 0.00130710145458579 0.00138893316034228 0.00143105746246874 0.00145892007276416 0.00141117617022246 0.0014413931639865 0.00139556312933564 0.00131157296709716 0.00107382866553962 0.0011080811964348 0.00114389648661017 0.00115764164365828 0.00123173068277538 0.00114423467312008 0.00105532992165536 0.0010475687449798 0.00103652197867632 0.00102070940192789 0.00099548080470413 0.000894621887709945 0.00090304808691144 0.00102079752832651 0.00101087568327785 0.00104466953780502 0.000978943076916039 0.000978293479420245 0.000970080494880676 0.000951843860093504
