data/climate_estimation/maxent_output/Smilax_biltmoreana.asc
NCOLS 95 
NROWS 60 
XLLCORNER -87.0833333333333 
YLLCORNER 31.25 
CELLSIZE 0.0833333333333334 
NODATA_value -3.4e+38 
[rows 40 to 59 of 60, columns 45 to 89 of 95]
0.230713084340096 0.253848046064377 0.232337638735771 0.214503780007362 0.217596560716629 0.22060064971447 0.223688647150993 0.220640927553177 0.207638069987297 0.207788839936256 0.224663585424423 0.245915621519089 0.27563002705574 0.271852761507034 0.265285938978195 0.248802617192268 0.224199846386909 0.222179397940636 0.384211629629135 0.358470320701599 0.350463211536407 0.322026431560516 0.274654895067215 0.249821826815605 0.213892862200737 0.190127000212669 0.189048886299133 0.170810833573341 0.161212384700775 0.155491322278976 0.15788646042347 0.155465558171272 0.137790024280548 0.144700735807419 0.131229355931282 0.1341233253479 0.130956098437309 0.104445077478886 0.0982963815331459 0.0793222710490227 0.0756995230913162 0.0852613672614098 0.0997260883450508 0.101041369140148 0.112193115055561
0.212006807327271 0.205467075109482 0.202070102095604 0.217402026057243 0.19759701192379 0.21466626226902 0.201704815030098 0.203016966581345 0.195274040102959 0.206542536616325 0.234270468354225 0.215680629014969 0.226749464869499 0.233034119009972 0.229290321469307 0.215396985411644 0.209292009472847 0.372069388628006 0.373833447694778 0.34523668885231 0.301333278417587 0.274155259132385 0.243791714310646 0.240228086709976 0.213480457663536 0.18678118288517 0.159011587500572 0.155450001358986 0.136060938239098 0.134891092777252 0.139742061495781 0.121026270091534 0.120871998369694 0.129326447844505 0.125349685549736 0.11503803730011 0.113665744662285 0.0991311594843864 0.0789425000548363 0.0709053725004196 0.0595853067934513 0.0784632489085197 0.0820452943444252 0.0897636115550995 -3.4e+38
0.204533129930496 0.187389820814133 0.180353045463562 0.183257475495338 0.174678266048431 0.173448413610458 0.193687811493874 0.165482997894287 0.171699330210686 0.179752185940742 0.192689746618271 0.210081458091736 0.216106459498405 0.220544308423996 0.225726276636124 0.188763946294785 0.175971031188965 0.331106513738632 0.331825107336044 0.301275134086609 0.267385691404343 0.266605466604233 0.213268011808395 0.207891240715981 0.185021743178368 0.157156988978386 0.139669924974442 0.135088086128235 0.120809182524681 0.120357096195221 0.116363644599915 0.104090355336666 0.108552984893322 0.11141062527895 0.1078110486269 0.0975966900587082 0.0958876088261604 0.0830760151147842 0.0751890242099762 0.0620765313506126 0.0664735734462738 0.0676287114620209 -3.4e+38 -3.4e+38 -3.4e+38
0.187367260456085 0.188067093491554 0.182125449180603 0.178397566080093 0.169669568538666 0.164236456155777 0.161424830555916 0.160996004939079 0.16046530008316 0.168221861124039 0.160353943705559 0.166127294301987 0.171102538704872 0.183445453643799 0.189348742365837 0.1821408867836 0.162010908126831 0.309074431657791 0.276052892208099 0.275225758552551 0.250706106424332 0.23616823554039 0.205273702740669 0.177045732736588 0.152625486254692 0.134820267558098 0.134800285100937 0.11658888310194 0.116399601101875 0.105102814733982 0.10336622595787 0.0912510678172112 0.094275064766407 0.0960907265543938 0.0844223573803902 0.084585078060627 0.0819375813007355 0.0788733437657356 0.0735943764448166 0.0621282830834389 0.0569341294467449 -3.4e+38 -3.4e+38 -3.4e+38 -3.4e+38
0.172711551189423 0.166348695755005 0.169033259153366 0.166134655475616 0.160815492272377 0.15477392077446 0.143738850951195 0.157056599855423 0.159397572278976 0.1469417065382 0.156182810664177 0.153814807534218 0.158448353409767 0.170141160488129 0.174619108438492 0.155462443828583 0.149927720427513 0.277687966823578 0.259748011827469 0.229929149150848 0.208340212702751 0.196108281612396 0.173786818981171 0.151647061109543 0.130855023860931 0.113588586449623 0.111711859703064 0.0999993458390236 0.100679479539394 0.0893044322729111 0.0814893990755081 0.0799822211265564 0.0780031904578209 0.0780927613377571 0.0734942778944969 0.0726070255041122 0.0810088813304901 0.0674159154295921 0.0661364868283272 -3.4e+38 -3.4e+38 -3.4e+38 -3.4e+38 -3.4e+38 -3.4e+38
0.177657812833786 0.167969241738319 0.167820125818253 0.157205194234848 0.149982005357742 0.128468915820122 0.125228673219681 0.129891380667686 0.137379124760628 0.141244813799858 0.135114520788193 0.130962878465652 0.133909285068512 0.14490182697773 0.151936456561089 0.146819263696671 0.268415153026581 0.263557821512222 0.224930867552757 0.190243303775787 0.172087967395782 0.154649719595909 0.138327062129974 0.122681938111782 0.10810936242342 0.0946095958352089 0.0905302539467812 0.0822333097457886 0.0824740752577782 0.0711909830570221 0.067552737891674 0.06646329164505 0.0678908824920654 0.0656680166721344 0.0667337626218796 0.0718017816543579 0.0723681971430779 -3.4e+38 -3.4e+38 -3.4e+38 -3.4e+38 -3.4e+38 -3.4e+38 -3.4e+38 -3.4e+38
0.175581857562065 0.179539144039154 0.173044145107269 0.166759222745895 0.154957413673401 0.128186255693436 0.12213023006916 0.10753034055233 0.128443524241447 0.127714395523071 0.123300209641457 0.123712107539177 0.133385613560677 0.136296629905701 0.141039133071899 0.121899262070656 0.258915901184082 0.217663154006004 0.18616795539856 0.178888574242592 0.142526492476463 0.127582550048828 0.111528635025024 0.0997923612594604 0.087725393474102 0.0750991180539131 0.0664754137396812 0.0658339411020279 0.0574583038687706 0.0513608157634735 0.0544639974832535 0.0543852783739567 0.052988987416029 0.0536462292075157 0.0555811449885368 -3.4e+38 -3.4e+38 -3.4e+38 -3.4e+38 -3.4e+38 -3.4e+38 -3.4e+38 -3.4e+38 -3.4e+38 -3.4e+38
0.181793004274368 0.180280685424805 0.172880932688713 0.155014052987099 0.132746800780296 0.127807751297951 0.103928253054619 0.0992096662521362 0.103996515274048 0.116707563400269 0.116677403450012 0.108896106481552 0.110087469220161 0.113941214978695 0.120714634656906 0.116940580308437 0.22321954369545 0.194810122251511 0.162433102726936 0.137114122509956 0.118448138237 0.105558343231678 0.092412918806076 0.0804568454623222 0.0701785609126091 0.0614730231463909 0.0552303828299046 0.0470830909907818 0.0468284115195274 0.0422656536102295 0.0421182997524738 0.0441509298980236 0.0428419038653374 0.0457900054752827 0.0528608113527298 -3.4e+38 -3.4e+38 -3.4e+38 -3.4e+38 -3.4e+38 -3.4e+38 -3.4e+38 -3.4e+38 -3.4e+38 -3.4e+38
0.157842427492142 0.157499238848686 0.15888275206089 0.143034607172012 0.126189336180687 0.108213365077972 0.0991918072104454 0.098207138478756 0.0874692723155022 0.0989680215716362 0.10239052772522 0.102591432631016 0.103802479803562 0.0927859097719193 0.0995236411690712 0.215167224407196 0.186865448951721 0.17909899353981 0.149957224726677 0.131265372037888 0.112630568444729 0.0859444439411163 0.0756108462810516 0.0668546184897423 0.0531125143170357 0.0440541170537472 0.0426298938691616 0.0362180285155773 0.0367770195007324 0.0332042165100574 0.0392136462032795 0.0347725860774517 -3.4e+38 -3.4e+38 -3.4e+38 -3.4e+38 -3.4e+38 -3.4e+38 -3.4e+38 -3.4e+38 -3.4e+38 -3.4e+38 -3.4e+38 -3.4e+38 -3.4e+38
0.138830736279488 0.145981162786484 0.145925953984261 0.122735247015953 0.116805523633957 0.109295256435871 0.0980333611369133 0.0886465683579445 0.0852341875433922 0.0912663787603378 0.0988166555762291 0.0963556915521622 0.0873475968837738 0.0899454653263092 0.0920141488313675 0.186736255884171 0.179763957858086 0.158018186688423 0.130713447928429 0.113331750035286 0.0959165841341019 0.0846971794962883 0.0636235773563385 0.054515041410923 0.0401748530566692 0.0339382663369179 0.0300251562148333 0.0298605002462864 0.0298368260264397 0.0301713719964027 0.0310429204255342 0.0323926582932472 -3.4e+38 -3.4e+38 -3.4e+38 -3.4e+38 -3.4e+38 -3.4e+38 -3.4e+38 -3.4e+38 -3.4e+38 -3.4e+38 -3.4e+38 -3.4e+38 -3.4e+38
0.117741048336029 0.118494503200054 0.119192272424698 0.118986755609512 0.116667106747627 0.0959399789571762 0.0938235893845558 0.0915468335151672 0.079088993370533 0.078490249812603 0.0839736461639404 0.0839642882347107 0.0833118855953217 0.076435461640358 0.0763461887836456 0.172132074832916 0.155443996191025 0.134428754448891 0.116270065307617 0.0974076390266418 0.0850874781608582 0.0732506811618805 0.0542261973023415 0.0443685054779053 0.0339228734374046 0.027204342186451 0.0218263156712055 0.0225657988339663 0.0231751147657633 0.0241752304136753 -3.4e+38 -3.4e+38 -3.4e+38 -3.4e+38 -3.4e+38 -3.4e+38 -3.4e+38 -3.4e+38 -3.4e+38 -3.4e+38 -3.4e+38 -3.4e+38 -3.4e+38 -3.4e+38 -3.4e+38
0.107203923165798 0.11408656090498 0.114306040108204 0.102409802377224 0.100967086851597 0.0949387773871422 0.0900077074766159 0.0794959589838982 0.0797419846057892 0.0763120800256729 0.0727829486131668 0.0717500522732735 0.0706178322434425 0.0649273693561554 0.0652060806751251 0.15078641474247 0.14670866727829 0.133356168866158 0.111898489296436 0.0935079008340836 0.0709094107151031 0.058827169239521 0.0515639707446098 0.0366126671433449 0.0317984744906425 0.025469820946455 0.0211534798145294 0.0207439195364714 0.0217951871454716 0.023968793451786 -3.4e+38 -3.4e+38 -3.4e+38 -3.4e+38 -3.4e+38 -3.4e+38 -3.4e+38 -3.4e+38 -3.4e+38 -3.4e+38 -3.4e+38 -3.4e+38 -3.4e+38 -3.4e+38 -3.4e+38
0.0922061130404472 0.09121123701334 0.0973506718873978 0.100289694964886 0.0824505090713501 0.0806116312742233 0.0784727931022644 0.0713982731103897 0.0725710764527321 0.0712543874979019 0.070232979953289 0.0664565414190292 0.0635711327195168 0.0626685619354248 0.0520240776240826 0.124594122171402 0.111197948455811 0.109609052538872 0.0965711399912834 0.0834584608674049 0.0699889585375786 0.0594935044646263 0.0431431159377098 0.0361712053418159 0.0302197728306055 0.0244767181575298 0.0210819467902184 0.020610311999917 0.0217951871454716 -3.4e+38 -3.4e+38 -3.4e+38 -3.4e+38 -3.4e+38 -3.4e+38 -3.4e+38 -3.4e+38 -3.4e+38 -3.4e+38 -3.4e+38 -3.4e+38 -3.4e+38 -3.4e+38 -3.4e+38 -3.4e+38
0.0877530127763748 0.0931974872946739 0.0908486545085907 0.0832914188504219 0.078911267220974 0.077101357281208 0.0701451674103737 0.070945642888546 0.0733355507254601 0.0616356730461121 0.0615674406290054 0.061355248093605 0.0562691129744053 0.0469251237809658 0.0465312600135803 0.112940363585949 0.105210520327091 0.0949902534484863 0.0841517969965935 0.0687297582626343 0.0591021813452244 0.0506735071539879 0.0416737198829651 0.0356806144118309 0.0299502164125443 0.0249914806336164 0.024428978562355 0.0212004613131285 -3.4e+38 -3.4e+38 -3.4e+38 -3.4e+38 -3.4e+38 -3.4e+38 -3.4e+38 -3.4e+38 -3.4e+38 -3.4e+38 -3.4e+38 -3.4e+38 -3.4e+38 -3.4e+38 -3.4e+38 -3.4e+38 -3.4e+38
0.0852423831820488 0.0920583754777908 0.0918306261301041 0.0817785859107971 0.0806628987193108 0.0721994265913963 0.0713874101638794 0.0704774856567383 0.0598192624747753 0.059429444372654 0.0534984469413757 0.0546793788671494 0.046954870223999 0.0460112988948822 0.0406957641243935 0.0999256521463394 0.0948114171624184 0.0834262669086456 0.0789622962474823 0.0687720850110054 0.0600055567920208 0.0470503494143486 0.0422499477863312 0.0338969118893147 0.0292718466371298 0.0274812914431095 0.0248183850198984 -3.4e+38 -3.4e+38 -3.4e+38 -3.4e+38 -3.4e+38 -3.4e+38 -3.4e+38 -3.4e+38 -3.4e+38 -3.4e+38 -3.4e+38 -3.4e+38 -3.4e+38 -3.4e+38 -3.4e+38 -3.4e+38 -3.4e+38 -3.4e+38
0.0794511884450912 0.0839442983269691 0.0759492293000221 0.0750685408711433 0.0711780190467834 0.0640079751610756 0.0640754997730255 0.0608683414757252 0.0517316609621048 0.0516647063195705 0.051783986389637 0.0456391423940659 0.0427817218005657 0.0416271574795246 0.0402559600770473 0.0935148075222969 0.08354502171278 0.0856574028730392 0.0680558383464813 0.0591154657304287 0.05065743252635 0.0466614328324795 0.0383968092501163 0.0333508588373661 0.0282409358769655 0.0274723190814257 0.0237807426601648 -3.4e+38 -3.4e+38 -3.4e+38 -3.4e+38 -3.4e+38 -3.4e+38 -3.4e+38 -3.4e+38 -3.4e+38 -3.4e+38 -3.4e+38 -3.4e+38 -3.4e+38 -3.4e+38 -3.4e+38 -3.4e+38 -3.4e+38 -3.4e+38
0.0754608660936356 0.0679151490330696 0.0710980445146561 0.0631918832659721 0.0677486062049866 0.0599030926823616 0.055366937071085 0.0520095117390156 0.0509340204298496 0.0456117913126945 0.0456103384494781 0.0481868162751198 0.0424426980316639 0.0425628572702408 0.0891807228326797 0.0815795063972473 0.0739723071455956 0.0632297694683075 0.0621245913207531 0.0568003766238689 0.0478701628744602 0.0395480170845985 0.0390555262565613 0.0339208096265793 0.0327906385064125 0.0284993071109056 0.0260058809071779 -3.4e+38 -3.4e+38 -3.4e+38 -3.4e+38 -3.4e+38 -3.4e+38 -3.4e+38 -3.4e+38 -3.4e+38 -3.4e+38 -3.4e+38 -3.4e+38 -3.4e+38 -3.4e+38 -3.4e+38 -3.4e+38 -3.4e+38 -3.4e+38
0.0624524466693401 0.0641126856207848 0.0577875413000584 0.0588024295866489 0.0561620555818081 0.0508541613817215 0.0527618229389191 0.051933977752924 0.0455420315265656 0.0453030169010162 0.0413749068975449 0.0429718941450119 0.103360123932362 0.0947657078504562 0.0898632481694221 0.0730894207954407 0.0661197975277901 0.0554880052804947 0.0523427352309227 0.0480582304298878 0.0444126091897488 0.0368478782474995 0.0323152914643288 0.0324746891856194 0.0280391983687878 0.0278621185570955 -3.4e+38 -3.4e+38 -3.4e+38 -3.4e+38 -3.4e+38 -3.4e+38 -3.4e+38 -3.4e+38 -3.4e+38 -3.4e+38 -3.4e+38 -3.4e+38 -3.4e+38 -3.4e+38 -3.4e+38 -3.4e+38 -3.4e+38 -3.4e+38 -3.4e+38
0.137645378708839 0.126360386610031 0.115530602633953 0.117385655641556 0.0511115789413452 0.0464240536093712 0.0476939268410206 0.0431355908513069 0.0448466464877129 0.0418776236474514 0.107985474169254 0.0987531617283821 0.0980502143502235 0.0948394015431404 0.0758693516254425 0.0732224062085152 0.0614640228450298 0.0547996833920479 0.0502215139567852 0.0461771339178085 0.0379449725151062 0.0321799628436565 0.0294209010899067 0.0264961700886488 0.0271996669471264 -3.4e+38 -3.4e+38 -3.4e+38 -3.4e+38 -3.4e+38 -3.4e+38 -3.4e+38 -3.4e+38 -3.4e+38 -3.4e+38 -3.4e+38 -3.4e+38 -3.4e+38 -3.4e+38 -3.4e+38 -3.4e+38 -3.4e+38 -3.4e+38 -3.4e+38 -3.4e+38
0.117721363902092 0.117437236011028 0.110191270709038 0.100561626255512 0.104449577629566 0.112387157976627 0.0421069152653217 0.104946874082088 0.0967354848980904 0.0909818112850189 0.104448422789574 0.0950691625475883 0.100071653723717 0.082045279443264 0.0779273509979248 0.0609017610549927 0.0516739822924137 0.0486600250005722 0.0474542416632175 0.0379698500037193 0.0359196960926056 0.0287635661661625 0.0238724164664745 0.0252640340477228 0.0259132590144873 -3.4e+38 -3.4e+38 -3.4e+38 -3.4e+38 -3.4e+38 -3.4e+38 -3.4e+38 -3.4e+38 -3.4e+38 -3.4e+38 -3.4e+38 -3.4e+38 -3.4e+38 -3.4e+38 -3.4e+38 -3.4e+38 -3.4e+38 -3.4e+38 -3.4e+38 -3.4e+38
