data/climate_estimation/maxent_output/Smilax_lebrunii.asc
NCOLS 171 
NROWS 126 
XLLCORNER 98.1666666666667 
YLLCORNER 22.6666666666667 
CELLSIZE 0.0833333333333333 
NODATA_value -3.4e+38 
[rows 40 to 59 of 126, columns 88 to 131 of 171]
0.869107007980347 0.843376934528351 0.810060679912567 0.751019775867462 0.67706173658371 0.668640553951263 0.653463304042816 0.598257780075073 0.638917326927185 0.54323399066925 0.578379988670349 0.587063729763031 0.604020357131958 0.623562574386597 0.620317935943604 0.624371409416199 0.620277464389801 0.619346857070923 0.622337281703949 0.64151006937027 0.652284204959869 0.637166976928711 0.638579666614532 0.637486279010773 0.605329751968384 0.627193689346313 0.635309457778931 0.634602069854736 0.664587259292603 0.714664936065674 0.726851284503937 0.731070935726166 0.695585310459137 0.745764315128326 0.77697890996933 0.780898094177246 0.788013696670532 0.793328106403351 0.797782719135284 0.803289413452148 0.807069957256317 0.83009922504425 0.82588928937912 0.826776564121246
0.859083771705627 0.81532883644104 0.794704556465149 0.756172895431519 0.693382263183594 0.66128271818161 0.669995546340942 0.635364472866058 0.622103273868561 0.572079479694366 0.586613237857819 0.60504949092865 0.614688217639923 0.630693793296814 0.638755321502686 0.635580956935883 0.633119761943817 0.634249866008759 0.635656416416168 0.637534141540527 0.63996833562851 0.64835113286972 0.639723479747772 0.626402974128723 0.624322056770325 0.632790446281433 0.660200774669647 0.649795711040497 0.676217079162598 0.702881157398224 0.71527636051178 0.683834969997406 0.702955961227417 0.754490852355957 0.764904081821442 0.75623345375061 0.783160805702209 0.771512091159821 0.795360386371613 0.77561753988266 0.794812679290771 0.79717618227005 0.806130349636078 0.804134786128998
0.866113603115082 0.813580274581909 0.788179755210876 0.750255644321442 0.706106126308441 0.701558828353882 0.626314163208008 0.643898189067841 0.570909798145294 0.580804765224457 0.602265536785126 0.609575212001801 0.629635035991669 0.630700945854187 0.639563202857971 0.643807053565979 0.645216703414917 0.637069880962372 0.646494209766388 0.638948976993561 0.646026790142059 0.653343498706818 0.664365231990814 0.651810050010681 0.656958401203156 0.637131690979004 0.631827890872955 0.666265368461609 0.669111967086792 0.682727932929993 0.691431105136871 0.700593113899231 0.718571364879608 0.738488435745239 0.746490359306335 0.742942750453949 0.750000298023224 0.766901791095734 0.776622712612152 0.778822302818298 0.780560314655304 0.786882340908051 0.783830761909485 0.792075574398041
0.848664820194244 0.818725109100342 0.785269379615784 0.755616128444672 0.731433629989624 0.672411859035492 0.678040981292725 0.612796127796173 0.596300005912781 0.59386533498764 0.603488206863403 0.617397427558899 0.622434675693512 0.648335993289948 0.636444449424744 0.652442634105682 0.664072155952454 0.65541660785675 0.648881673812866 0.645414650440216 0.649140119552612 0.632162511348724 0.64286595582962 0.663077175617218 0.630701839923859 0.61048150062561 0.614259421825409 0.593562304973602 0.652930974960327 0.680596649646759 0.694342434406281 0.686265468597412 0.697676777839661 0.718099772930145 0.722262918949127 0.723988592624664 0.742908954620361 0.752425849437714 0.759658932685852 0.772400379180908 0.76508492231369 0.769660472869873 0.76553076505661 0.77314430475235
0.840201437473297 0.797938585281372 0.7936070561409 0.77342689037323 0.711652159690857 0.717492163181305 0.647456526756287 0.610396683216095 0.594974339008331 0.612827956676483 0.618317425251007 0.617183685302734 0.623830735683441 0.647408366203308 0.651972889900208 0.642922937870026 0.650227785110474 0.662928402423859 0.654436409473419 0.652787089347839 0.65738433599472 0.635808527469635 0.660629510879517 0.634632349014282 0.644344389438629 0.618708193302155 0.61587119102478 0.623727917671204 0.64503002166748 0.672862768173218 0.679947853088379 0.687586307525635 0.695955038070679 0.701999366283417 0.722608208656311 0.723316788673401 0.728181779384613 0.741133511066437 0.740884363651276 0.745122313499451 0.744956791400909 0.722499251365662 0.734306395053864 0.79272848367691
0.84227192401886 0.807910799980164 0.794381260871887 0.769102692604065 0.704389333724976 0.690420269966125 0.637804448604584 0.603063404560089 0.622204542160034 0.60962039232254 0.621594905853271 0.620558202266693 0.628336489200592 0.628077745437622 0.658244013786316 0.651308417320251 0.654095113277435 0.65270608663559 0.653361320495605 0.658956587314606 0.660917222499847 0.645937204360962 0.653124451637268 0.652676522731781 0.653894484043121 0.662691593170166 0.659343719482422 0.647661864757538 0.663236141204834 0.687451541423798 0.687561869621277 0.691655218601227 0.723797678947449 0.690126597881317 0.705458402633667 0.708677291870117 0.687951266765594 0.717848658561707 0.736958861351013 0.747305810451508 0.719215631484985 0.689670205116272 0.761225521564484 0.782702207565308
0.852417826652527 0.812669157981873 0.798921287059784 0.740523874759674 0.722755134105682 0.653025031089783 0.63750547170639 0.623503446578979 0.61526221036911 0.62778902053833 0.622637093067169 0.631193816661835 0.636369049549103 0.635397851467133 0.655282199382782 0.645846784114838 0.663536667823792 0.648981153964996 0.657258629798889 0.665117144584656 0.663538455963135 0.66016685962677 0.645975112915039 0.654255628585815 0.633718729019165 0.627478182315826 0.665852010250092 0.677055716514587 0.678205549716949 0.675328016281128 0.688985705375671 0.717031478881836 0.695929169654846 0.68182098865509 0.688724517822266 0.687940895557404 0.712746024131775 0.732618927955627 0.735400021076202 0.740557193756104 0.688537776470184 0.731681942939758 0.774377524852753 0.775681972503662
0.824351966381073 0.801329731941223 0.780965566635132 0.760618269443512 0.700227856636047 0.65164977312088 0.644295930862427 0.631671071052551 0.62817656993866 0.627987027168274 0.619854092597961 0.631998777389526 0.652725875377655 0.646285653114319 0.656804621219635 0.651481449604034 0.667555868625641 0.668157696723938 0.669700443744659 0.680478453636169 0.662921965122223 0.647782266139984 0.605123102664948 0.608003199100494 0.603310108184814 0.617724478244781 0.647505402565002 0.673802971839905 0.683182299137115 0.657711863517761 0.665326714515686 0.692654430866241 0.695178091526031 0.714024662971497 0.710802793502808 0.722667217254639 0.71691358089447 0.723701953887939 0.719009757041931 0.727330327033997 0.725165188312531 0.733141958713531 0.772608041763306 0.783689200878143
0.823865413665771 0.796331405639648 0.767481744289398 0.7288578748703 0.694944739341736 0.669437110424042 0.634466946125031 0.627726018428802 0.62980180978775 0.623394787311554 0.63596373796463 0.626929819583893 0.649448931217194 0.657741785049438 0.680631816387177 0.659564733505249 0.665161907672882 0.671092212200165 0.660267233848572 0.666773021221161 0.664303958415985 0.647412240505219 0.613628685474396 0.63355016708374 0.626552939414978 0.621049284934998 0.632427573204041 0.644887685775757 0.668447911739349 0.661934196949005 0.665678799152374 0.689617931842804 0.677680373191833 0.715346336364746 0.709264516830444 0.697923541069031 0.713333189487457 0.720166623592377 0.727194547653198 0.739254832267761 0.727944254875183 0.748587071895599 0.769849538803101 0.756308257579803
0.809089601039886 0.78373658657074 0.755080461502075 0.72504448890686 0.676913022994995 0.649115681648254 0.635592997074127 0.63947069644928 0.650362551212311 0.643735349178314 0.660106301307678 0.656935155391693 0.640301883220673 0.652127325534821 0.652320206165314 0.661992788314819 0.663205623626709 0.664143323898315 0.661363422870636 0.646378636360168 0.583983778953552 0.650269746780396 0.65401554107666 0.664325654506683 0.662561237812042 0.662764132022858 0.639438688755035 0.667010843753815 0.677989304065704 0.662144899368286 0.683724880218506 0.666543543338776 0.675256550312042 0.694219529628754 0.658916115760803 0.691529333591461 0.695374965667725 0.721085965633392 0.6882603764534 0.710640072822571 0.718548178672791 0.73666512966156 0.725977301597595 0.734256267547607
0.794631063938141 0.775949954986572 0.755080461502075 0.714116632938385 0.676619946956635 0.67457640171051 0.645107984542847 0.674880981445312 0.664954423904419 0.640204429626465 0.655612349510193 0.679893970489502 0.670374274253845 0.663234889507294 0.660049498081207 0.66476982831955 0.663012564182281 0.669557988643646 0.646574556827545 0.6477330327034 0.635331034660339 0.663255333900452 0.680684387683868 0.652352333068848 0.665607452392578 0.687514781951904 0.647264778614044 0.69563889503479 0.66915374994278 0.67238175868988 0.665181219577789 0.673087000846863 0.662717044353485 0.681324243545532 0.673118948936462 0.661475479602814 0.666825115680695 0.668843328952789 0.684978187084198 0.685808062553406 0.715093493461609 0.705033838748932 0.705252230167389 0.715234875679016
0.781122028827667 0.745534777641296 0.721506536006927 0.710876762866974 0.68283599615097 0.668314814567566 0.654785335063934 0.665802836418152 0.679343700408936 0.682303488254547 0.647086679935455 0.681115806102753 0.687020301818848 0.6672722697258 0.666996955871582 0.669254302978516 0.675735533237457 0.675250053405762 0.645662784576416 0.66017097234726 0.625071883201599 0.674026966094971 0.674123525619507 0.665910303592682 0.680237829685211 0.689179241657257 0.693577587604523 0.670197308063507 0.646044015884399 0.653526127338409 0.662803411483765 0.659849345684052 0.671247541904449 0.664826333522797 0.644620776176453 0.668455958366394 0.655070245265961 0.657274067401886 0.675381779670715 0.702956080436707 0.697898149490356 0.672253966331482 0.678526639938354 0.6749307513237
0.797267079353333 0.767500162124634 0.739154934883118 0.698906302452087 0.664685785770416 0.71707820892334 0.689695596694946 0.710585236549377 0.701910555362701 0.683057010173798 0.656444847583771 0.687789261341095 0.68420547246933 0.674426317214966 0.660387217998505 0.667411327362061 0.662815392017365 0.671653091907501 0.676196873188019 0.671403765678406 0.658872604370117 0.675046443939209 0.670771718025208 0.682953655719757 0.667577505111694 0.665513694286346 0.672101616859436 0.642599046230316 0.656569182872772 0.654749810695648 0.6704962849617 0.667163729667664 0.657247602939606 0.658859372138977 0.623628079891205 0.650700688362122 0.635845959186554 0.609441518783569 0.647788941860199 0.669113278388977 0.653061926364899 0.627881586551666 0.647826850414276 0.65082061290741
0.809711039066315 0.78277188539505 0.71258944272995 0.715736865997314 0.681983172893524 0.683450639247894 0.720572590827942 0.71536123752594 0.71114981174469 0.714839935302734 0.687313318252563 0.68790203332901 0.686999380588531 0.682420313358307 0.678415298461914 0.672170579433441 0.68218070268631 0.685579240322113 0.700017750263214 0.68338668346405 0.668776154518127 0.673651695251465 0.687546014785767 0.689098477363586 0.688745200634003 0.688497602939606 0.670138716697693 0.661335051059723 0.667086541652679 0.661296665668488 0.652940690517426 0.657604277133942 0.662915706634521 0.642423212528229 0.621798515319824 0.651240408420563 0.623076140880585 0.583232820034027 0.604953169822693 0.624896585941315 0.656616270542145 0.60447359085083 0.627308249473572 0.6277174949646
0.84321004152298 0.794447243213654 0.72101366519928 0.765894889831543 0.792624592781067 0.761537075042725 0.704177498817444 0.735878884792328 0.728933691978455 0.72300797700882 0.720133543014526 0.686080634593964 0.68863707780838 0.705227613449097 0.675528764724731 0.67261666059494 0.672756433486938 0.682551026344299 0.682268559932709 0.674388766288757 0.685912907123566 0.6748166680336 0.691507577896118 0.696317315101624 0.696925044059753 0.67095947265625 0.657846808433533 0.665876984596252 0.672538578510284 0.674487888813019 0.661171078681946 0.650213837623596 0.650610268115997 0.634845077991486 0.645874261856079 0.607957124710083 0.603733539581299 0.603000164031982 0.586084127426147 0.641318678855896 0.594658970832825 0.577637732028961 0.588726103305817 0.609461545944214
0.802741527557373 0.764857470989227 0.720000803470612 0.736591279506683 0.749541282653809 0.768192529678345 0.751848042011261 0.697750985622406 0.728201150894165 0.729286134243011 0.722940146923065 0.721963286399841 0.699002325534821 0.68699848651886 0.687659084796906 0.693312644958496 0.682845830917358 0.684893608093262 0.693751096725464 0.687167465686798 0.6874178647995 0.695890963077545 0.69036453962326 0.695282697677612 0.700425684452057 0.662586748600006 0.69004225730896 0.687321782112122 0.679185926914215 0.662518322467804 0.65688693523407 0.655894994735718 0.659413814544678 0.641768395900726 0.64058518409729 0.601936459541321 0.605117380619049 0.5833420753479 0.631531417369843 0.62932825088501 0.609043776988983 0.600378751754761 0.606075942516327 0.641260921955109
0.810582160949707 0.798043668270111 0.795569896697998 0.764465391635895 0.758560061454773 0.726842045783997 0.764690816402435 0.751965582370758 0.728403747081757 0.739307403564453 0.717429578304291 0.708441555500031 0.71111935377121 0.707463979721069 0.697413146495819 0.697676301002502 0.69561380147934 0.698044538497925 0.676051557064056 0.687255322933197 0.684053182601929 0.7008176445961 0.700190424919128 0.710272192955017 0.685749411582947 0.682276904582977 0.684923231601715 0.67058002948761 0.674898505210876 0.666642487049103 0.65760749578476 0.654616594314575 0.649150609970093 0.643269300460815 0.619149386882782 0.591941773891449 0.615024089813232 0.609968602657318 0.637990593910217 0.604962050914764 0.598434507846832 0.561543583869934 0.581668078899384 0.605575025081635
0.786107778549194 0.790849685668945 0.79957389831543 0.810889303684235 0.784045815467834 0.74046266078949 0.755236804485321 0.750856041908264 0.749561965465546 0.708455622196198 0.719154417514801 0.707067966461182 0.709523499011993 0.708633184432983 0.699192583560944 0.699148774147034 0.709337055683136 0.698766052722931 0.688538074493408 0.690965056419373 0.704056739807129 0.697262287139893 0.696017146110535 0.700851440429688 0.692128479480743 0.690039336681366 0.693144977092743 0.680022537708282 0.680915236473083 0.66991925239563 0.669606804847717 0.654187619686127 0.64030385017395 0.634205460548401 0.625676393508911 0.631377577781677 0.627101719379425 0.616156280040741 0.620977997779846 0.616483628749847 0.598438024520874 0.584693193435669 0.587331235408783 0.606211125850677
0.82250964641571 0.818659365177155 0.833175003528595 0.810804128646851 0.804738104343414 0.739699304103851 0.712710797786713 0.763554751873016 0.764527857303619 0.740236878395081 0.726723730564117 0.701928377151489 0.711375772953033 0.718275606632233 0.729663252830505 0.719858467578888 0.714320957660675 0.711567997932434 0.705223143100739 0.708255410194397 0.711959958076477 0.715666592121124 0.716603815555573 0.706480264663696 0.696175575256348 0.69804710149765 0.693994998931885 0.689985513687134 0.685151636600494 0.66590142250061 0.659309804439545 0.656524300575256 0.644377112388611 0.632099986076355 0.64720493555069 0.648806869983673 0.634276866912842 0.628837287425995 0.626897513866425 0.634691536426544 0.64737868309021 0.605843663215637 0.595166206359863 0.6179119348526
0.839143455028534 0.834555447101593 0.823311865329742 0.809867858886719 0.796970307826996 0.740901708602905 0.724014461040497 0.724273860454559 0.73358029127121 0.722903728485107 0.728606820106506 0.724064826965332 0.711493313312531 0.72030109167099 0.732291042804718 0.721835613250732 0.728661835193634 0.713321328163147 0.708795130252838 0.71111935377121 0.717683970928192 0.720592975616455 0.723842978477478 0.70708829164505 0.708437144756317 0.69492769241333 0.699989318847656 0.692956507205963 0.687828898429871 0.680448234081268 0.655770242214203 0.664939522743225 0.641059339046478 0.646564066410065 0.650138318538666 0.640766203403473 0.627652883529663 0.646676123142242 0.646976232528687 0.649101853370667 0.631878137588501 0.627790808677673 0.62634813785553 0.618479013442993
