data/climate_estimation/maxent_output/Smilax_corbularia.asc
NCOLS 251 
NROWS 356 
XLLCORNER 97.5 
YLLCORNER 1.16666666666667 
CELLSIZE 0.0833333333333333 
NODATA_value -3.4e+38 
[rows 0 to 21 of 356, columns 100 to 149 of 251]
0.177692756056786 0.120507426559925 0.109993360936642 0.132458552718163 0.137330397963524 0.132086262106895 0.132643908262253 0.15019690990448 0.153900742530823 0.146963685750961 0.126445516943932 0.120652347803116 0.112056948244572 0.10782478749752 0.138344019651413 0.21270078420639 0.136717721819878 0.158861637115479 0.236468687653542 0.194257020950317 0.247566789388657 0.358071893453598 0.332846313714981 0.382926642894745 0.417000204324722 0.377106487751007 0.491097092628479 0.542606055736542 0.441914647817612 0.421674370765686 0.307748675346375 0.35889744758606 0.453168541193008 0.44959431886673 0.42397153377533 0.38166132569313 0.356283724308014 0.42719429731369 0.343205869197845 0.424119293689728 0.412838310003281 0.352897346019745 0.360578030347824 0.315111935138702 0.277041643857956 0.338953107595444 0.319222867488861 0.229314804077148 0.237945750355721 0.269533962011337
0.166768684983253 0.111722320318222 0.0969231501221657 0.107769198715687 0.136563822627068 0.140633970499039 0.13764750957489 0.133962273597717 0.127490341663361 0.123738497495651 0.113817684352398 0.106689989566803 0.0976281389594078 0.101560927927494 0.175052240490913 0.149845242500305 0.135643735527992 0.17015628516674 0.192351907491684 0.200307413935661 0.281917870044708 0.279352217912674 0.306634217500687 0.3326016664505 0.406326919794083 0.459056854248047 0.443257719278336 0.469438970088959 0.447685837745667 0.428567081689835 0.334886878728867 0.403891921043396 0.484213769435883 0.421331793069839 0.496239066123962 0.476043909788132 0.406497925519943 0.473062425851822 0.444200605154037 0.466261267662048 0.439241588115692 0.446541965007782 0.398361831903458 0.390205800533295 0.381989508867264 0.363854706287384 0.31062451004982 0.233092620968819 0.286224365234375 0.255519986152649
0.185891166329384 0.132016867399216 0.110940285027027 0.104065716266632 0.112602226436138 0.121433049440384 0.126831218600273 0.113086313009262 0.108598381280899 0.117247827351093 0.102912738919258 0.0958495289087296 0.0883505567908287 0.0991105958819389 0.178396657109261 0.114711754024029 0.123063258826733 0.185677856206894 0.154787376523018 0.229257106781006 0.233208030462265 0.233686864376068 0.267100870609283 0.368139982223511 0.359988808631897 0.310046255588531 0.389686703681946 0.454816371202469 0.40305694937706 0.3631831407547 0.405277162790298 0.507509887218475 0.471597105264664 0.476339757442474 0.557729840278625 0.545825839042664 0.475414335727692 0.524127244949341 0.495635330677032 0.492218732833862 0.479753941297531 0.465460866689682 0.443054765462875 0.430773258209229 0.408290714025497 0.35791602730751 0.302897423505783 0.268165558576584 0.277976512908936 0.250573635101318
0.192124426364899 0.137136802077293 0.116074047982693 0.104754544794559 0.108188755810261 0.107189208269119 0.108735933899879 0.105316996574402 0.101066738367081 0.0929553955793381 0.0873106196522713 0.0876543074846268 0.0865131840109825 0.132800087332726 0.128923684358597 0.0998572260141373 0.151132762432098 0.12394081056118 0.154365569353104 0.197188943624496 0.18607260286808 0.20140540599823 0.297423511743546 0.299887418746948 0.328617334365845 0.33520171046257 0.332469969987869 0.365301042795181 0.36196905374527 0.318718492984772 0.52890145778656 0.527461111545563 0.562103807926178 0.5630162358284 0.57375156879425 0.556890726089478 0.562451541423798 0.554338872432709 0.484062939882278 0.406207859516144 0.419114351272583 0.450292825698853 0.455716460943222 0.44556713104248 0.432224571704865 0.406876116991043 0.364630937576294 0.320919811725616 0.304972916841507 0.307447701692581
0.197543933987617 0.151997193694115 0.12209066003561 0.105817131698132 0.0983133688569069 0.101812899112701 0.0984797179698944 0.0954363346099854 0.0952187925577164 0.0832498520612717 0.0807371512055397 0.0799883753061295 0.0991502404212952 0.153833702206612 0.096238024532795 0.124777384102345 0.0987116321921349 0.104887448251247 0.165660053491592 0.132416173815727 0.155283242464066 0.204487353563309 0.251137524843216 0.243999749422073 0.281529128551483 0.28408083319664 0.338993281126022 0.317830234766006 0.272108793258667 0.400094985961914 0.519415080547333 0.526968121528625 0.578478157520294 0.562078535556793 0.560790002346039 0.565097868442535 0.571917176246643 0.514426946640015 0.45765483379364 0.463496267795563 0.472626447677612 0.399694889783859 0.508547604084015 0.520129859447479 0.523909091949463 0.48196816444397 0.413227647542953 0.382712990045547 0.36013275384903 0.346535742282867
0.188954725861549 0.157616019248962 0.131648197770119 0.113666266202927 0.0953031629323959 0.0919347032904625 0.0913584232330322 0.0854296460747719 0.078909158706665 0.0738598555326462 0.0701547563076019 0.0927009582519531 0.131635144352913 0.0846944525837898 0.0940667688846588 0.0981697589159012 0.105337165296078 0.131005495786667 0.118186473846436 0.117594428360462 0.146049410104752 0.198524221777916 0.196140140295029 0.214930772781372 0.225383624434471 0.251930683851242 0.262413889169693 0.210107445716858 0.271369904279709 0.503054678440094 0.529375791549683 0.563097894191742 0.552671611309052 0.521641910076141 0.531765818595886 0.578416526317596 0.545505583286285 0.488553762435913 0.499172866344452 0.559945642948151 0.549170434474945 0.556963682174683 0.596546649932861 0.605844736099243 0.60063910484314 0.489990830421448 0.475850254297256 0.406783849000931 0.382560580968857 0.34760856628418
0.177101209759712 0.150810927152634 0.135340213775635 0.111645855009556 0.0941088497638702 0.0851459726691246 0.0834681838750839 0.0823714882135391 0.0716456845402718 0.0729109868407249 0.0729358866810799 0.132542461156845 0.0817585438489914 0.0850435718894005 0.0860519036650658 0.096435509622097 0.0902399197220802 0.109033681452274 0.105779692530632 0.112604402005672 0.138063341379166 0.142792701721191 0.172210052609444 0.188442498445511 0.242945164442062 0.265168815851212 0.187254816293716 0.201665535569191 0.380402892827988 0.50695389509201 0.51859575510025 0.512320816516876 0.526536762714386 0.502361595630646 0.579890489578247 0.5731121301651 0.556806206703186 0.566429913043976 0.551534652709961 0.593925833702087 0.535755693912506 0.549202561378479 0.57858282327652 0.719659984111786 0.680278539657593 0.526644885540009 0.512523770332336 0.447874754667282 0.405086994171143 0.375803679227829
0.165274113416672 0.142632991075516 0.126643672585487 0.105473764240742 0.092175655066967 0.0844482854008675 0.0828184261918068 0.0746374875307083 0.0688228979706764 0.0714064314961433 0.0757266283035278 0.101921439170837 0.0862645208835602 0.0932167395949364 0.100566953420639 0.100091092288494 0.0961874276399612 0.104637749493122 0.114274926483631 0.110936626791954 0.106261722743511 0.124941900372505 0.128218606114388 0.155852079391479 0.230390504002571 0.151407912373543 0.201056569814682 0.260464936494827 0.454094350337982 0.484120041131973 0.479548543691635 0.481521636247635 0.491130083799362 0.495260119438171 0.522014558315277 0.542764782905579 0.529559433460236 0.510364472866058 0.518173515796661 0.503071367740631 0.544658184051514 0.558874905109406 0.652545750141144 0.705349445343018 0.633997797966003 0.579888701438904 0.459089159965515 0.410081833600998 0.403956115245819 0.363101899623871
0.155191153287888 0.136441484093666 0.116749241948128 0.104258343577385 0.0856765583157539 0.0799188613891602 0.0740286260843277 0.0705602467060089 0.0705658048391342 0.0727157816290855 0.108263626694679 0.0893366485834122 0.0846008136868477 0.101132489740849 0.102411799132824 0.0815563276410103 0.110010430216789 0.111184388399124 0.110489673912525 0.109579652547836 0.101935386657715 0.10342825949192 0.118866600096226 0.162557482719421 0.135517030954361 0.162078782916069 0.274700790643692 0.383668661117554 0.40326789021492 0.448595523834229 0.44859454035759 0.469850361347198 0.471883893013 0.507249593734741 0.531584441661835 0.553062558174133 0.499303758144379 0.492848783731461 0.585613429546356 0.584414005279541 0.546301245689392 0.502944827079773 0.657164871692657 0.673455595970154 0.595827758312225 0.585022985935211 0.486765056848526 0.4045649766922 0.383889943361282 0.361074328422546
0.142254397273064 0.126073986291885 0.105165138840675 0.0956945940852165 0.0854498073458672 0.0738487169146538 0.0693841055035591 0.0708716958761215 0.0724655240774155 0.0915063619613647 0.0763761922717094 0.0865488052368164 0.100547626614571 0.110984615981579 0.0836025848984718 0.112961605191231 0.117495089769363 0.111832819879055 0.115452758967876 0.107871904969215 0.123252525925636 0.128362283110619 0.119073890149593 0.117209710180759 0.14208859205246 0.207364931702614 0.323154389858246 0.296737462282181 0.351109147071838 0.409727811813354 0.432516098022461 0.439568608999252 0.440039366483688 0.47558057308197 0.507071435451508 0.531695246696472 0.502336859703064 0.565950870513916 0.588224828243256 0.553617656230927 0.571537554264069 0.56414806842804 0.607975840568542 0.635101497173309 0.604106485843658 0.539975345134735 0.458756119012833 0.374823480844498 0.368973791599274 0.361007571220398
0.133154585957527 0.120744735002518 0.105877913534641 0.0936129540205002 0.0818153992295265 0.0744808614253998 0.0718997940421104 0.0738515406847 0.0757093727588654 0.0900928601622581 0.0803790763020515 0.0934119746088982 0.109345279633999 0.10361710190773 0.106678456068039 0.124597318470478 0.11967908591032 0.125895529985428 0.112676806747913 0.120777890086174 0.139688074588776 0.106139332056046 0.115174531936646 0.143274828791618 0.134092211723328 0.242582187056541 0.227863565087318 0.272074311971664 0.347273707389832 0.374939501285553 0.388907253742218 0.411222547292709 0.424646884202957 0.450964748859406 0.468559473752975 0.500292003154755 0.499947100877762 0.547811925411224 0.545072853565216 0.558561146259308 0.580160677433014 0.524577677249908 0.566352784633636 0.608056783676147 0.586503028869629 0.50932103395462 0.438831210136414 0.400126159191132 0.381979942321777 0.389269649982452
0.136704459786415 0.120591200888157 0.111065655946732 0.0924365222454071 0.0838103890419006 0.0859514623880386 0.0778612345457077 0.0897482857108116 0.0880973041057587 0.0870942547917366 0.0959368720650673 0.109897568821907 0.12177137285471 0.106483101844788 0.134051963686943 0.13340100646019 0.136122807860374 0.11701999604702 0.117505088448524 0.146256521344185 0.146592825651169 0.123342171311378 0.152586728334427 0.116911113262177 0.172487646341324 0.181851476430893 0.206330507993698 0.284810334444046 0.31727796792984 0.338665515184402 0.358405113220215 0.384574443101883 0.390174448490143 0.409682899713516 0.43665423989296 0.4742251932621 0.47879284620285 0.503762185573578 0.517296850681305 0.549386978149414 0.534435987472534 0.529865920543671 0.571696996688843 0.530204713344574 0.481661975383759 0.468210279941559 0.43872919678688 0.406960606575012 0.397130787372589 0.397060483694077
0.135399952530861 0.125102505087852 0.115088142454624 0.0964692160487175 0.0972376093268394 0.0779369696974754 0.0855113789439201 0.0921443700790405 0.111474357545376 0.113482423126698 0.115795657038689 0.119020365178585 0.133802518248558 0.133632734417915 0.1366226375103 0.140075251460075 0.129136368632317 0.129562839865685 0.136815026402473 0.145923927426338 0.0972357615828514 0.101147718727589 0.107717975974083 0.111564852297306 0.134985134005547 0.186596408486366 0.227327242493629 0.271098613739014 0.284937053918839 0.293651819229126 0.314997553825378 0.353348344564438 0.348201721906662 0.386264950037003 0.4109807908535 0.429681539535522 0.446346610784531 0.487244367599487 0.49614217877388 0.513768553733826 0.513367235660553 0.500441372394562 0.463847249746323 0.486215054988861 0.488564997911453 0.46890851855278 0.414350003004074 0.360700517892838 0.400224447250366 0.36512553691864
0.140835121273994 0.123172543942928 0.117681868374348 0.100570268929005 0.0923510119318962 0.081754133105278 0.0962353050708771 0.108676940202713 0.122189365327358 0.126671880483627 0.1323371976614 0.140480816364288 0.134553238749504 0.139627829194069 0.126901209354401 0.152305692434311 0.152005851268768 0.151726588606834 0.147835746407509 0.112557426095009 0.102749370038509 0.102228902280331 0.128506690263748 0.116328522562981 0.180165484547615 0.194203808903694 0.212252601981163 0.23606875538826 0.262242794036865 0.275385499000549 0.286791026592255 0.28556764125824 0.322067588567734 0.338970154523849 0.386034160852432 0.382485538721085 0.414126366376877 0.431145220994949 0.444388329982758 0.465800732374191 0.474861204624176 0.467446804046631 0.466093599796295 0.504289090633392 0.555873453617096 0.481815576553345 0.379817485809326 0.368982374668121 0.554699063301086 0.510122954845428
0.146380975842476 0.134609863162041 0.105267204344273 0.105509869754314 0.0849996656179428 0.0914108827710152 0.100768975913525 0.116661928594112 0.132196441292763 0.145745396614075 0.143355816602707 0.147168308496475 0.152736961841583 0.125474527478218 0.143069729208946 0.134849607944489 0.116711862385273 0.121639907360077 0.142045110464096 0.144582435488701 0.137771174311638 0.101433128118515 0.151078641414642 0.153466314077377 0.167497143149376 0.185565486550331 0.197573587298393 0.214948892593384 0.221412613987923 0.233809232711792 0.256210923194885 0.261641502380371 0.274530023336411 0.317198991775513 0.340891510248184 0.358959853649139 0.372082859277725 0.391831874847412 0.400075942277908 0.420877695083618 0.420778661966324 0.452790588140488 0.537033557891846 0.594610035419464 0.615887522697449 0.445034354925156 0.405677139759064 0.50522792339325 0.5633904337883 0.57800966501236
0.153351470828056 0.127277344465256 0.119000814855099 0.0962394028902054 0.0945729687809944 0.0971813127398491 0.0983144640922546 0.118122681975365 0.140731930732727 0.14613288640976 0.152151927351952 0.15886290371418 0.159627690911293 0.126609906554222 0.118700511753559 0.114332273602486 0.107813432812691 0.102035164833069 0.119854390621185 0.140180438756943 0.0982987210154533 0.132449120283127 0.136149764060974 0.154317021369934 0.129727020859718 0.142598763108253 0.167011752724648 0.18412022292614 0.191213339567184 0.205400168895721 0.219813168048859 0.228611290454865 0.260447114706039 0.286017179489136 0.309223502874374 0.325403124094009 0.338142246007919 0.363167285919189 0.362840890884399 0.388992875814438 0.477205038070679 0.558241963386536 0.588932812213898 0.652874529361725 0.625181376934052 0.417198181152344 0.545134305953979 0.591100335121155 0.609042048454285 0.561176896095276
0.146383702754974 0.141936525702477 0.107673145830631 0.0988120809197426 0.0984428897500038 0.0981542691588402 0.102122537791729 0.12361054867506 0.135230153799057 0.147485315799713 0.152075722813606 0.156672492623329 0.156556248664856 0.130383193492889 0.104899272322655 0.10710371285677 0.105575233697891 0.0945726558566093 0.135259822010994 0.0971132293343544 0.102242700755596 0.102515980601311 0.123865678906441 0.116683289408684 0.12572355568409 0.136192142963409 0.140365645289421 0.154898658394814 0.169681578874588 0.189936965703964 0.204592883586884 0.220453023910522 0.23784302175045 0.264138489961624 0.276032686233521 0.31706839799881 0.300674229860306 0.305989921092987 0.319729536771774 0.454840451478958 0.502165079116821 0.544724762439728 0.6176717877388 0.659626245498657 0.571986675262451 0.480506241321564 0.56749963760376 0.578649759292603 0.578918218612671 0.634460747241974
0.146279290318489 0.131767243146896 0.107708252966404 0.100017420947552 0.102132923901081 0.107052005827427 0.115240022540092 0.127023130655289 0.13345542550087 0.138568311929703 0.144238650798798 0.143842414021492 0.147537797689438 0.110536620020866 0.0994019731879234 0.106596320867538 0.11640976369381 0.115730829536915 0.115728266537189 0.112674534320831 0.135448396205902 0.124591343104839 0.116340033710003 0.1214459836483 0.127846628427505 0.16068471968174 0.150089770555496 0.165712803602219 0.189066082239151 0.168176576495171 0.187324851751328 0.210668593645096 0.215873271226883 0.23237381875515 0.268892228603363 0.30812531709671 0.270543843507767 0.263561457395554 0.353028953075409 0.439115554094315 0.489622563123703 0.545195281505585 0.601666390895844 0.559952914714813 0.53452056646347 0.600688815116882 0.594243109226227 0.55298238992691 0.587744474411011 0.639245271682739
0.146998539566994 0.118185751140118 0.107663668692112 0.104596555233002 0.106654718518257 0.117505393922329 0.119234874844551 0.129769071936607 0.135164484381676 0.136285454034805 0.121902212500572 0.146817162632942 0.129486292600632 0.108665816485882 0.111316844820976 0.122734449803829 0.115499764680862 0.123830191791058 0.102367408573627 0.118813395500183 0.103777334094048 0.106064230203629 0.128741800785065 0.150123059749603 0.142155647277832 0.133533418178558 0.145222276449203 0.177705720067024 0.161886259913445 0.160236582159996 0.171749219298363 0.180211216211319 0.216528013348579 0.251083076000214 0.266012102365494 0.283709973096848 0.238240718841553 0.314971506595612 0.399599075317383 0.443493872880936 0.506453156471252 0.557032644748688 0.510051667690277 0.551797330379486 0.541550636291504 0.617839932441711 0.601772248744965 0.59339964389801 0.60073059797287 0.613678097724915
0.141851037740707 0.118365213274956 0.106241635978222 0.111905843019485 0.115436144173145 0.11771597713232 0.120532669126987 0.130126282572746 0.123251087963581 0.124761022627354 0.0959760472178459 0.134615302085876 0.114270091056824 0.11207577586174 0.113324180245399 0.1336709856987 0.116927474737167 0.105063050985336 0.0908213332295418 0.0985614955425262 0.101827263832092 0.10909316688776 0.117351427674294 0.126124188303947 0.152147307991982 0.134626179933548 0.142093420028687 0.161044806241989 0.167963400483131 0.185397654771805 0.185007587075233 0.208775505423546 0.223969206213951 0.24172779917717 0.242925897240639 0.277550429105759 0.289737910032272 0.323407262563705 0.406106173992157 0.45313560962677 0.500452697277069 0.523179292678833 0.543156921863556 0.514573037624359 0.575618922710419 0.58581817150116 0.623841822147369 0.575658082962036 0.573547303676605 0.611690580844879
0.139453008770943 0.119651131331921 0.104978084564209 0.111405447125435 0.11280632019043 0.122532188892365 0.127826496958733 0.129014790058136 0.124433629214764 0.125103875994682 0.111053518950939 0.127549454569817 0.112530998885632 0.120923317968845 0.121917136013508 0.12405014783144 0.112099952995777 0.104330293834209 0.0963849425315857 0.102969527244568 0.102744966745377 0.111860886216164 0.11817179620266 0.123799256980419 0.130844980478287 0.135405212640762 0.136698469519615 0.160956278443336 0.151781439781189 0.192033424973488 0.185274749994278 0.191532179713249 0.217349246144295 0.23404549062252 0.263547837734222 0.301821231842041 0.305786281824112 0.355006605386734 0.394066661596298 0.434071242809296 0.464480191469193 0.509870827198029 0.522178828716278 0.555097043514252 0.608603000640869 0.591906905174255 0.634977698326111 0.562976002693176 0.576489448547363 0.596420407295227
0.129545271396637 0.11595031619072 0.111475765705109 0.117509409785271 0.110712833702564 0.125231727957726 0.107623018324375 0.115479379892349 0.136611729860306 0.136017486453056 0.140468388795853 0.127975285053253 0.121730379760265 0.122749507427216 0.113836966454983 0.100365459918976 0.100398555397987 0.106895178556442 0.108316972851753 0.12022390961647 0.11606515198946 0.124805711209774 0.116481654345989 0.127845570445061 0.143080249428749 0.136206299066544 0.147413924336433 0.143102392554283 0.152679204940796 0.17754590511322 0.159070327877998 0.185375675559044 0.19887138903141 0.238666087388992 0.220953702926636 0.264414519071579 0.286446988582611 0.334568083286285 0.360538750886917 0.392578721046448 0.426547199487686 0.479657858610153 0.508637964725494 0.555916607379913 0.609067857265472 0.582758843898773 0.610360443592072 0.630771338939667 0.605406939983368 0.580857336521149
