data/climate_estimation/maxent_output/Smilax_nigrescens.asc
NCOLS 241 
NROWS 231 
XLLCORNER 98.0833333333333 
YLLCORNER 21.6666666666667 
CELLSIZE 0.0833333333333333 
NODATA_value -3.4e+38 
[rows 180 to 199 of 231, columns 88 to 131 of 241]
0.974179089069366 0.980374276638031 0.936323702335358 0.936231791973114 0.976643323898315 0.967358648777008 0.983013987541199 0.988565444946289 0.979694843292236 0.971821069717407 0.970990180969238 0.968316853046417 0.938282012939453 0.922146141529083 0.953843116760254 0.932583749294281 0.915176153182983 0.932347416877747 0.917400360107422 0.810761570930481 0.865213572978973 0.828526258468628 0.732165157794952 0.760879755020142 0.754087746143341 0.782909154891968 0.800420224666595 0.726225316524506 0.555977582931519 0.597091495990753 0.650761365890503 0.621004283428192 0.590971529483795 0.568488657474518 0.539574682712555 0.546943187713623 0.517654597759247 0.486810475587845 0.592489540576935 0.627875149250031 0.566961169242859 0.481867164373398 0.590241014957428 0.47322005033493
0.940534174442291 0.981679975986481 0.96411395072937 0.934201061725616 0.909281969070435 0.95244437456131 0.968092024326324 0.981102645397186 0.981718480587006 0.974045217037201 0.969589829444885 0.957139551639557 0.926756083965302 0.926102638244629 0.945268332958221 0.923430860042572 0.893059313297272 0.911475300788879 0.901874721050262 0.816878497600555 0.866498649120331 0.802311956882477 0.738636374473572 0.760810196399689 0.800826013088226 0.77782016992569 0.741479635238647 0.688733518123627 0.653553426265717 0.64415043592453 0.574712216854095 0.553671717643738 0.576134383678436 0.577681005001068 0.584368765354156 0.612486302852631 0.618534088134766 0.5468909740448 0.498592674732208 0.490822970867157 0.503148674964905 0.443023860454559 0.495677620172501 0.435684084892273
0.960309267044067 0.930785596370697 0.949208617210388 0.940907299518585 0.835657298564911 0.925025224685669 0.913264513015747 0.955700814723969 0.970613598823547 0.969764351844788 0.965899109840393 0.954452574253082 0.932886838912964 0.911676168441772 0.924520015716553 0.927741765975952 0.86907035112381 0.877810776233673 0.902729451656342 0.838755667209625 0.814193665981293 0.805648803710938 0.751918852329254 0.730946481227875 0.813785970211029 0.793244779109955 0.724784851074219 0.7090744972229 0.68283486366272 0.644249320030212 0.600432276725769 0.620037317276001 0.612194359302521 0.601208925247192 0.690786957740784 0.671924591064453 0.593494415283203 0.593657314777374 0.57769238948822 0.512101411819458 0.530430316925049 0.423723608255386 0.413840413093567 0.527453124523163
0.976843953132629 0.970086097717285 0.966711699962616 0.912348568439484 0.831294596195221 0.896740853786469 0.933905422687531 0.936503529548645 0.952297568321228 0.960821866989136 0.96815299987793 0.951264381408691 0.915488839149475 0.876172661781311 0.885695397853851 0.893037557601929 0.865079522132874 0.884115099906921 0.880227565765381 0.821801900863647 0.773245096206665 0.748032689094543 0.748393535614014 0.755000650882721 0.769947052001953 0.757956326007843 0.725930213928223 0.702486932277679 0.66846227645874 0.634529590606689 0.551175832748413 0.605785012245178 0.622776687145233 0.717191636562347 0.710417032241821 0.677827596664429 0.659367740154266 0.615693092346191 0.574425101280212 0.602066993713379 0.544300973415375 0.521734416484833 0.493985295295715 0.487224817276001
0.976167023181915 0.978819370269775 0.968598783016205 0.934397578239441 0.847306609153748 0.860573351383209 0.927343904972076 0.915496289730072 0.954490184783936 0.983588457107544 0.976513743400574 0.944124221801758 0.885935008525848 0.85567033290863 0.864518821239471 0.891048669815063 0.839564979076385 0.750113129615784 0.843427181243896 0.787553191184998 0.76871794462204 0.803443014621735 0.759815454483032 0.782401442527771 0.754728078842163 0.763381719589233 0.736604809761047 0.678021013736725 0.672791063785553 0.652620673179626 0.547040283679962 0.569734513759613 0.592021107673645 0.625461518764496 0.72309672832489 0.713432192802429 0.684148252010345 0.666085064411163 0.617394268512726 0.686450660228729 0.545378625392914 0.62644749879837 0.383628815412521 0.266510337591171
0.966170608997345 0.974823951721191 0.963075757026672 0.92697149515152 0.760941028594971 0.840253710746765 0.854453384876251 0.91111421585083 0.970617234706879 0.986900210380554 0.9836066365242 0.95741730928421 0.837975203990936 0.794908702373505 0.769797742366791 0.699814677238464 0.654301226139069 0.666223168373108 0.700008869171143 0.750079452991486 0.713902175426483 0.66222220659256 0.793038845062256 0.764696300029755 0.77654641866684 0.75055593252182 0.728785574436188 0.659355938434601 0.667508780956268 0.580594658851624 0.548042595386505 0.580123126506805 0.616577625274658 0.52689528465271 0.573906004428864 0.658342957496643 0.626941323280334 0.659254372119904 0.614746272563934 0.597696363925934 0.611473798751831 0.5643709897995 0.389169365167618 0.37499076128006
0.966105699539185 0.97365391254425 0.956052243709564 0.884490549564362 0.784436821937561 0.816774189472198 0.8933025598526 0.955044507980347 0.983549237251282 0.980625808238983 0.968461155891418 0.966822326183319 0.872060477733612 0.807389199733734 0.771418869495392 0.693330824375153 0.709738612174988 0.636819958686829 0.696364104747772 0.67419171333313 0.638882398605347 0.664152383804321 0.758360147476196 0.725881457328796 0.745410680770874 0.744017064571381 0.7094367146492 0.648627936840057 0.6082364320755 0.521387875080109 0.605492055416107 0.553857862949371 0.586362421512604 0.514085531234741 0.53920841217041 0.541003465652466 0.493576377630234 0.679593801498413 0.566505014896393 0.581020534038544 0.570733726024628 0.480606436729431 0.323749482631683 0.37198069691658
0.969525575637817 0.957455337047577 0.945111155509949 0.896019697189331 0.74137681722641 0.76898866891861 0.931818544864655 0.965347349643707 0.969578087329865 0.981563329696655 0.957639217376709 0.947314500808716 0.886096298694611 0.844995558261871 0.838302910327911 0.778917372226715 0.715555429458618 0.679061591625214 0.77819687128067 0.640685021877289 0.769415199756622 0.661110043525696 0.723866283893585 0.738273799419403 0.729928374290466 0.723426043987274 0.694848001003265 0.619263529777527 0.513953924179077 0.648627638816833 0.631269037723541 0.523688614368439 0.531613290309906 0.468709588050842 0.547872245311737 0.562546968460083 0.450517147779465 0.578124582767487 0.579264223575592 0.402753442525864 0.318978726863861 0.337683767080307 0.28028330206871 0.275665789842606
0.970767319202423 0.975780308246613 0.975411415100098 0.915635406970978 0.894975185394287 0.74238657951355 0.887779831886292 0.899760842323303 0.919326841831207 0.949889600276947 0.962826251983643 0.954176425933838 0.839026272296906 0.782084345817566 0.726371467113495 0.654129207134247 0.616459846496582 0.650540173053741 0.699213027954102 0.761624097824097 0.702880084514618 0.677680671215057 0.685810744762421 0.727538049221039 0.732178807258606 0.742387533187866 0.724993646144867 0.598543465137482 0.592424333095551 0.624386012554169 0.613883793354034 0.499293446540833 0.439428687095642 0.445423781871796 0.51362133026123 0.580402910709381 0.478179752826691 0.429421007633209 0.553058505058289 0.498414784669876 0.414241433143616 0.310068875551224 0.310160368680954 0.262986868619919
0.970984637737274 0.973192155361176 0.977076470851898 0.942071557044983 0.892157793045044 0.708313822746277 0.774220407009125 0.786259174346924 0.819712281227112 0.837230920791626 0.864468276500702 0.856895923614502 0.738199770450592 0.696928381919861 0.620026826858521 0.60691225528717 0.725212216377258 0.84428334236145 0.664933562278748 0.605719149112701 0.710208356380463 0.773207306861877 0.598673760890961 0.656569957733154 0.690621256828308 0.713635385036469 0.609013319015503 0.612070024013519 0.611251294612885 0.559717893600464 0.567517161369324 0.418805420398712 0.361472010612488 0.407277762889862 0.437176018953323 0.557754039764404 0.452228844165802 0.423762112855911 0.486553072929382 0.489136934280396 0.401626378297806 0.340043067932129 0.281461954116821 0.243210345506668
0.970863878726959 0.971817195415497 0.977728843688965 0.962374448776245 0.894227206707001 0.747108936309814 0.679420948028564 0.709119975566864 0.821998775005341 0.717899680137634 0.823815643787384 0.706576406955719 0.691935122013092 0.648324608802795 0.717163681983948 0.751446783542633 0.852345824241638 0.671644270420074 0.488885790109634 0.586751937866211 0.781305015087128 0.580109536647797 0.605661630630493 0.546329259872437 0.701777338981628 0.653596758842468 0.637721717357635 0.671890795230865 0.631737589836121 0.546962559223175 0.510781347751617 0.369430541992188 0.357262581586838 0.322705984115601 0.421436965465546 0.51705664396286 0.422670096158981 0.295594781637192 0.447164207696915 0.376269221305847 0.329087793827057 0.260372370481491 0.170245498418808 0.169377982616425
0.897327184677124 0.968188345432281 0.975155711174011 0.931479215621948 0.904762506484985 0.905577659606934 0.866045713424683 0.685784220695496 0.665384948253632 0.659762978553772 0.683387696743011 0.832263171672821 0.818737506866455 0.805270910263062 0.87757819890976 0.864801406860352 0.721792936325073 0.618451416492462 0.507604718208313 0.775907695293427 0.78292328119278 0.455038577318192 0.554868340492249 0.541270315647125 0.656952679157257 0.666591346263885 0.649063110351562 0.610893785953522 0.557471573352814 0.455139458179474 0.468949466943741 0.489839524030685 0.429521203041077 0.337295562028885 0.319050222635269 0.290213733911514 0.381703764200211 0.300518363714218 0.425769746303558 0.258010536432266 0.315196245908737 0.221403613686562 0.16475610435009 0.177037581801414
0.705373764038086 0.834316432476044 0.924579203128815 0.958434045314789 0.964573681354523 0.919652104377747 0.878164708614349 0.837376832962036 0.730404436588287 0.65415233373642 0.857432007789612 0.946915328502655 0.942771852016449 0.926509439945221 0.888318240642548 0.854916095733643 0.798477470874786 0.64028126001358 0.578100979328156 0.85236006975174 0.825671792030334 0.47841340303421 0.43228742480278 0.490522414445877 0.663720965385437 0.651149094104767 0.550049722194672 0.534614145755768 0.562062680721283 0.418908685445786 0.465102285146713 0.471415877342224 0.360221415758133 0.324259608983994 0.332162529230118 0.277671247720718 0.214649960398674 0.212705925107002 0.278201997280121 0.199369266629219 0.280970811843872 0.20521967113018 0.1933483928442 0.166426688432693
0.719698250293732 0.744113862514496 0.729727506637573 0.784154415130615 0.881306409835815 0.874407887458801 0.857741057872772 0.818547308444977 0.785826742649078 0.691290140151978 0.913804590702057 0.973161399364471 0.970648348331451 0.922351002693176 0.870731592178345 0.812869310379028 0.731226921081543 0.546853601932526 0.652544856071472 0.84166556596756 0.789992928504944 0.528102576732635 0.455283313989639 0.48563215136528 0.555514276027679 0.57325667142868 0.42766261100769 0.422414273023605 0.379718452692032 0.350245416164398 0.404145091772079 0.428078263998032 0.349022626876831 0.369395881891251 0.358019381761551 0.200376719236374 0.258248627185822 0.206481486558914 0.174484834074974 0.202650919556618 0.239494457840919 0.221595585346222 0.235485270619392 0.180482268333435
0.902369976043701 0.942085206508636 0.88086473941803 0.75755512714386 0.690013647079468 0.707768678665161 0.723507225513458 0.73671942949295 0.671866297721863 0.75469982624054 0.926547467708588 0.978455185890198 0.962835073471069 0.888470411300659 0.749148845672607 0.711543023586273 0.642610967159271 0.619511067867279 0.739449322223663 0.789713621139526 0.676093637943268 0.523386538028717 0.370245039463043 0.467883795499802 0.562918603420258 0.597074687480927 0.411209732294083 0.41311651468277 0.27275487780571 0.355659157037735 0.316949129104614 0.308838069438934 0.33004155755043 0.342550098896027 0.171690702438354 0.147882997989655 0.200142830610275 0.221692398190498 0.177870720624924 0.170852050185204 0.181792229413986 0.203300416469574 0.212470963597298 0.170846775174141
0.96671187877655 0.975917518138885 0.975640714168549 0.920465648174286 0.798569560050964 0.85955536365509 0.756046056747437 0.777309000492096 0.802673161029816 0.760337233543396 0.968047499656677 0.976637661457062 0.950656056404114 0.851891160011292 0.726399898529053 0.755141735076904 0.82800555229187 0.695618748664856 0.718430638313293 0.593043744564056 0.6749387383461 0.506127715110779 0.447825789451599 0.374981105327606 0.491838663816452 0.373361259698868 0.291482627391815 0.383412331342697 0.353599786758423 0.224680423736572 0.360399842262268 0.327948868274689 0.322679728269577 0.168837353587151 0.143524348735809 0.145901158452034 0.134633511304855 0.209527909755707 0.164069846272469 0.152344092726707 0.154243171215057 0.156770154833794 0.168391481041908 0.151402741670609
0.967302203178406 0.977857232093811 0.973500430583954 0.953398823738098 0.850097715854645 0.874001801013947 0.90875118970871 0.884904325008392 0.885318696498871 0.939716637134552 0.975061297416687 0.980936050415039 0.939735651016235 0.850843489170074 0.714271605014801 0.797057509422302 0.853081524372101 0.750033855438232 0.74250990152359 0.557483434677124 0.702523767948151 0.57453316450119 0.560482084751129 0.33495020866394 0.350664585828781 0.417219489812851 0.34903210401535 0.227658361196518 0.180937513709068 0.177508488297462 0.252338379621506 0.183261707425117 0.158918142318726 0.139313235878944 0.128338173031807 0.134712859988213 0.12064840644598 0.132100209593773 0.126278281211853 0.122764065861702 0.134640365839005 0.1230453774333 0.124849788844585 0.147253409028053
0.964911818504333 0.935382962226868 0.951199591159821 0.891066551208496 0.679271221160889 0.855513155460358 0.851682126522064 0.642617344856262 0.790163636207581 0.943410813808441 0.972213089466095 0.974930346012115 0.909625113010406 0.888594150543213 0.768664956092834 0.824453711509705 0.781817257404327 0.67012083530426 0.66597181558609 0.583622813224792 0.647290170192719 0.591646015644073 0.512180268764496 0.466672360897064 0.451424151659012 0.195011973381042 0.294203758239746 0.30757462978363 0.207345530390739 0.164061829447746 0.232328474521637 0.214306190609932 0.152108386158943 0.163408011198044 0.13422155380249 0.131966859102249 0.126634508371353 0.128914281725883 0.112417653203011 0.113856233656406 0.12323384732008 0.11725015193224 0.128750935196877 0.151988998055458
0.820437073707581 0.873071432113647 0.853485107421875 0.904808759689331 0.684882938861847 0.577524363994598 0.828755140304565 0.767285108566284 0.533458352088928 0.667518317699432 0.906843066215515 0.917210757732391 0.967647075653076 0.722549796104431 0.792402029037476 0.767475962638855 0.69680655002594 0.608938753604889 0.599646747112274 0.522922456264496 0.552502870559692 0.584371328353882 0.422046899795532 0.455693125724792 0.354771286249161 0.237132340669632 0.18619592487812 0.37366858124733 0.317703634500504 0.18324288725853 0.149983704090118 0.20750492811203 0.174360558390617 0.131779834628105 0.130572855472565 0.144882827997208 0.135629966855049 0.131345763802528 0.122998885810375 0.136161893606186 0.170233845710754 0.14113213121891 0.177909791469574 0.179657474160194
0.818175673484802 0.76953125 0.749795019626617 0.672904431819916 0.658299565315247 0.574330806732178 0.637023210525513 0.757017493247986 0.668936014175415 0.490336537361145 0.496706992387772 0.720017790794373 0.89390903711319 0.692748546600342 0.618072211742401 0.729069232940674 0.678012251853943 0.65140825510025 0.553998947143555 0.552159428596497 0.401693880558014 0.44220158457756 0.372811108827591 0.379492163658142 0.359656274318695 0.268684774637222 0.199083745479584 0.306000620126724 0.382410109043121 0.287059277296066 0.171814933419228 0.169848814606667 0.236844137310982 0.15983110666275 0.149143919348717 0.1529850512743 0.138135060667992 0.126145198941231 0.140212669968605 0.19621866941452 0.141900569200516 0.155348420143127 0.175237193703651 0.166993916034698
