data/climate_estimation/maxent_output/Smilax_elegans.asc
NCOLS 464 
NROWS 177 
XLLCORNER 71.6666666666667 
YLLCORNER 20.9166666666667 
CELLSIZE 0.0833333333333333 
NODATA_value -3.4e+38 
[rows 19 to 37 of 177, columns 88 to 131 of 464]
0.000385404768167064 0.000170684070326388 0.000193101310287602 0.000137857015943155 8.97291247383691e-05 4.94363193865865e-05 0.000184056989382952 0.000180596398422495 0.00024609049432911 0.000198913083295338 6.19289567111991e-05 0.00012978860468138 0.00018026668112725 0.000222632530494593 0.000372932379832491 0.000215361913433298 0.000364064268069342 0.000410248787375167 0.000307025271467865 0.000667938904371113 0.000894194003194571 0.000923833053093404 0.000640232115983963 0.000352037110133097 0.000323263404425234 0.000444351666374132 0.000568915158510208 0.000494821113534272 0.000289622781565413 0.000466623227111995 0.000823700160253793 0.00087207043543458 0.00331644830293953 0.00270855193957686 0.0025987820699811 0.00183793623000383 0.00105199031531811 0.00122178113088012 0.00125155423302203 0.00229801493696868 0.00284045818261802 0.00241906475275755 0.00308561720885336 0.00342193641699851
0.000143693512654863 0.000346495507983491 0.000421392207499593 0.000442547316197306 0.000129269566969015 7.33343476895243e-05 0.000195348824490793 0.000126665545394644 9.41394246183336e-05 7.73887368268333e-05 7.02809193171561e-05 8.11370118753985e-05 0.000140413802000694 0.00012672487355303 0.000308855989715084 0.000401554367272183 0.000563670531846583 0.000720996176823974 0.000444945937488228 0.000394389760913327 0.000360267586074769 0.000905498687643558 0.0045058629475534 0.00110362132545561 0.000503247720189393 0.000370355235645548 0.000561729655601084 0.000673855131026357 0.000788690231274813 0.000740128161851317 0.00222592009231448 0.00317757809534669 0.00288427551276982 0.00306004355661571 0.00330186681821942 0.00218035443685949 0.00171217648312449 0.00263053341768682 0.00183162372559309 0.00136200222186744 0.00316639291122556 0.00327115738764405 0.00281228218227625 0.00246932893060148
0.000237789296079427 0.000531763362232596 0.00664191553369164 0.00054984720190987 0.000357692479155958 0.000302923668641597 0.000480506976600736 0.000296888349112123 0.000185991666512564 0.000148903709487058 0.000122781071695499 0.000107431253127288 0.000376189069356769 0.000246330950176343 0.000330404902342707 0.000321688741678372 0.000330404902342707 0.000546093157026917 0.000856025028042495 0.000312613672576845 0.000255624065175653 0.000564302958082408 0.000517044682055712 0.000956151925493032 0.000966182502452284 0.000708557432517409 0.000364691222785041 0.00168714148458093 0.0025335846003145 0.00316673843190074 0.00268412195146084 0.00246734451502562 0.002371292328462 0.00230362266302109 0.00281702354550362 0.00391755253076553 0.00292728282511234 0.00306416815146804 0.00191012548748404 0.00183633121196181 0.00251763546839356 0.00350405974313617 0.00254245148971677 0.00168137263972312
0.00738794449716806 0.00823568366467953 0.0074863932095468 0.00499675236642361 0.000456344656413421 0.00645883847028017 0.00805169530212879 0.000625533459242433 0.000253553822403774 0.000264623697148636 0.000315333600156009 0.000468524813186377 0.000691702996846288 0.000396596471546218 0.00057358416961506 0.000929881527554244 0.00132351997308433 0.0012752756010741 0.00121107848826796 0.000889651069883257 0.000552132551092654 0.000416331022279337 0.000456640846095979 0.000322461011819541 0.00031173144816421 0.000389659719076008 0.00218279846012592 0.00166550232097507 0.00258949119597673 0.00247869011946023 0.00266900262795389 0.00266586779616773 0.00187576143071055 0.00187537597957999 0.00198121136054397 0.00358226825483143 0.00383921270258725 0.00314205256290734 0.00259460462257266 0.00111383234616369 0.00105047994293272 0.00221531512215734 0.00260099535807967 0.00263699935749173
0.0061621000058949 0.00857577845454216 0.00751734897494316 0.0102314334362745 0.00991515908390284 0.00800627749413252 0.00879772566258907 0.00722145102918148 0.00371213024482131 0.000302298401948065 0.00279956124722958 0.00416899565607309 0.000786358199547976 0.000995871378108859 0.00529703358188272 0.00103211891837418 0.000886411813553423 0.000833229045383632 0.000832317862659693 0.000877803773619235 0.00131454551592469 0.00516691757366061 0.000868504808750004 0.00290545402094722 0.00189721467904747 0.000155671121319756 0.000222308401134796 0.000396560702938586 0.00400095991790295 0.00247438088990748 0.00137462362181395 0.00138373277150095 0.00179857818875462 0.00227561523206532 0.00245801359415054 0.00255422480404377 0.00357301766052842 0.00382769084535539 0.00240704510360956 0.00184158864431083 0.0010468716500327 0.00102592131588608 0.00211726361885667 0.00336623657494783
0.00402539083734155 0.00300247338600457 0.00537931965664029 0.0074419560842216 0.00788664352148771 0.00728053878992796 0.00579012790694833 0.00922698061913252 0.00991802103817463 0.00868344772607088 0.00485349679365754 0.00305278715677559 0.00316431140527129 0.00047560766688548 0.000492028833832592 0.000731034728232771 0.000698619580361992 0.000855370424687862 0.00474527198821306 0.0043088486418128 0.000569749507121742 0.00208578957244754 0.00269321980886161 0.00331058306619525 0.00299908989109099 0.00249302526935935 0.00251894490793347 0.00346324383281171 0.00351560767740011 0.0030640868935734 0.00228083622641861 0.00184276094660163 0.00168699596542865 0.00171472632791847 0.00124233076348901 0.0011803318047896 0.00176674767863005 0.00382012501358986 0.00287039205431938 0.00176193879451603 0.00172163534443825 0.00195209705270827 0.00247657299041748 0.00243398197926581
0.010574396699667 0.00823812745511532 0.00388603913597763 0.0041391639970243 0.0056609595194459 0.00521987956017256 0.00670075602829456 0.00926331337541342 0.0105331540107727 0.0104960026219487 0.0102135604247451 0.00702581601217389 0.0057889292947948 0.00628738757222891 0.00619294913485646 0.00605821656063199 0.00526790972799063 0.00470115896314383 0.00365028041414917 0.00429997500032187 0.00420160824432969 0.0028260163962841 0.00237458874471486 0.000365575688192621 0.00035268030478619 0.00287160789594054 0.00494705280289054 0.00418315222486854 0.0035851716529578 0.00383375608362257 0.0035493616014719 0.00262160273268819 0.00242106337100267 0.00242443429306149 0.00263858609832823 0.00193613301962614 0.00212735799141228 0.00327286613173783 0.00253476668149233 0.00175823294557631 0.00203759176656604 0.00308727519586682 0.00351849151775241 0.00262031285092235
0.00885309744626284 0.0103341303765774 0.00700485799461603 0.00491193262860179 0.00333237438462675 0.00575250526890159 0.00576434656977654 0.0103402072563767 0.0109903877601027 0.0104956589639187 0.00901278760284185 0.00599976163357496 0.00618272228166461 0.00435621151700616 0.00487690744921565 0.00676474627107382 0.00724061578512192 0.00657933996990323 0.00474055157974362 0.00249162199907005 0.00278378650546074 0.00262239831499755 0.000511371588800102 0.0029118899255991 0.00286350748501718 0.00297571835108101 0.00295007694512606 0.00318115809932351 0.00328351301141083 0.00309004308655858 0.0033413243945688 0.00226205424405634 0.00200544157996774 0.0019534241873771 0.00434377091005445 0.00489506870508194 0.00432006781920791 0.00283296662382782 0.0014834973262623 0.00217384425923228 0.00299766450189054 0.00423381198197603 0.00470975367352366 0.00381153449416161
0.00307304877787828 0.00663744565099478 0.0104906326159835 0.00901791546493769 0.00876452028751373 0.00817458517849445 0.00828330405056477 0.00644517736509442 0.0102631561458111 0.00783057883381844 0.005101487506181 0.00113615626469254 0.00472131837159395 0.00571885285899043 0.00533270556479692 0.00481991795822978 0.00423465482890606 0.00618824642151594 0.00779403373599052 0.00618923641741276 0.00561226811259985 0.00554563151672482 0.00555260106921196 0.00468583218753338 0.00362277263775468 0.00326189887709916 0.00356925325468183 0.00292024039663374 0.00271997391246259 0.00267214165069163 0.00298872031271458 0.00312979612499475 0.00337978778406978 0.0049680438823998 0.0064496910199523 0.00593638373538852 0.00334225664846599 0.00198990572243929 0.00255589699372649 0.00297666084952652 0.00462002214044333 0.0065007577650249 0.00689008878543973 0.00740252854302526
0.00266364053823054 0.00309054623357952 0.0034689789172262 0.00307025667279959 0.00320474081672728 0.00364050921052694 0.00371308182366192 0.00344222784042358 0.00726476265117526 0.000529951939824969 0.00554361008107662 0.00487310439348221 0.00316147343255579 0.00376127054914832 0.000734614266548306 0.00434616208076477 0.00359809584915638 0.00437125144526362 0.00568117666989565 0.00648984964936972 0.00760280713438988 0.0075744641944766 0.00684817368164659 0.00371916359290481 0.0028753113001585 0.00404974818229675 0.00531605817377567 0.00439143972471356 0.0036222105845809 0.00505740381777287 0.00563643593341112 0.006073207128793 0.00742044905200601 0.00646764505654573 0.00540328118950129 0.00528117828071117 0.00498701678588986 0.00304746255278587 0.00437420327216387 0.00495816161856055 0.006255560554564 0.00783965736627579 0.00793574005365372 0.00917372014373541
0.0106835821643472 0.00280240317806602 0.00233282521367073 0.00234227790497243 0.00218199589289725 0.00215353933162987 0.00178754690568894 0.00263609085232019 0.00499766785651445 0.00932700652629137 0.00685000512748957 0.00476553570479155 0.00565306236967444 0.00195459276437759 0.00446958933025599 0.000823943060822785 0.00321164121851325 0.00474889390170574 0.00602333154529333 0.00497118569910526 0.00604172935709357 0.00681190937757492 0.00673852628096938 0.00749913090839982 0.00602352106943727 0.00449402956292033 0.00679366942495108 0.00820751860737801 0.00907590053975582 0.00882352236658335 0.0086723929271102 0.00877329520881176 0.00792056787759066 0.008631382137537 0.0090061891824007 0.00822612643241882 0.00984650105237961 0.00560006918385625 0.00582888582721353 0.0073190531693399 0.00690638273954391 0.00902486871927977 0.00885524228215218 0.0081280879676342
0.0207044761627913 0.0156595837324858 0.00900302547961473 0.00515837455168366 0.00321310572326183 0.00303892372176051 0.00239016814157367 0.00349102984182537 0.00599850295111537 0.0067704482935369 0.00433767307549715 0.00488439202308655 0.00736881932243705 0.0071427277289331 0.00704783340916038 0.00715438136830926 0.00700377253815532 0.0062851863913238 0.00599020952358842 0.00599773600697517 0.00663586426526308 0.00740462774410844 0.0075728464871645 0.00583929382264614 0.00567065598443151 0.00576673774048686 0.00619380921125412 0.00803334452211857 0.00910079944878817 0.00774322915822268 0.00844293087720871 0.0100663248449564 0.00754570541903377 0.00787704344838858 0.0108500448986888 0.0133568570017815 0.0138444071635604 0.013287634588778 0.0119773522019386 0.0111853759735823 0.0122797098010778 0.010767450556159 0.00896484777331352 0.00799981225281954
0.00736504374071956 0.0217895731329918 0.02002945356071 0.0117162223905325 0.00814974866807461 0.00597614888101816 0.0036660130135715 0.0033805281855166 0.00591026991605759 0.00838406104594469 0.00447350693866611 0.00120613141916692 0.00369098968803883 0.00601856224238873 0.00448242761194706 0.00545942410826683 0.00829034950584173 0.00734790368005633 0.00842357240617275 0.00867396127432585 0.0077565279789269 0.0082283141091466 0.00803403183817863 0.00690263090655208 0.00639684963971376 0.00500966003164649 0.00542813772335649 0.00649351207539439 0.00586576340720057 0.006866245996207 0.00860763248056173 0.00924698077142239 0.00848034676164389 0.00797511916607618 0.00909833423793316 0.0108777619898319 0.0146227777004242 0.0146915391087532 0.0125478208065033 0.0140187796205282 0.0158212520182133 0.016285877674818 0.0160850565880537 0.0159601960331202
0.00537170236930251 0.0150510668754578 0.0233480762690306 0.0184669997543097 0.0120865935459733 0.0118489749729633 0.00871282164007425 0.00729956431314349 0.00837277062237263 0.00969862006604671 0.00522471824660897 0.00217934022657573 0.00261722877621651 0.00487921014428139 0.00135152984876186 0.00362655147910118 0.00482570379972458 0.00812772754579782 0.00865638721734285 0.0103322826325893 0.00673081260174513 0.00801527220755816 0.00626922771334648 0.00491485372185707 0.00445215217769146 0.00757065415382385 0.00840837322175503 0.00854042451828718 0.0102832410484552 0.0116472318768501 0.0102895116433501 0.0144392196089029 0.015851054340601 0.0104565983638167 0.00884470902383327 0.0113394446671009 0.021061047911644 0.0144341792911291 0.0102011552080512 0.0118890237063169 0.0137382447719574 0.0157483033835888 0.0170907881110907 0.0181475728750229
0.00877763703465462 0.0104085970669985 0.0184016320854425 0.0208051409572363 0.0162599328905344 0.0132539756596088 0.0132985580712557 0.0131337214261293 0.0112296557053924 0.0104595273733139 0.00877640210092068 0.00587739190086722 0.00276326737366617 0.00225367653183639 0.00179592205677181 0.00271854735910892 0.00421186583116651 0.0050822957418859 0.00421486794948578 0.00593044888228178 0.0053042471408844 0.00512116402387619 0.00375815387815237 0.00311027769930661 0.00325292488560081 0.00591901782900095 0.00876498501747847 0.0127833662554622 0.0143387438729405 0.0158956162631512 0.00793765299022198 0.0107963467016816 0.0176492370665073 0.0191788710653782 0.018653504550457 0.0179159920662642 0.0155243817716837 0.0236570090055466 0.0221022088080645 0.0203370284289122 0.0153246810659766 0.0151408994570374 0.0139779206365347 0.0173918344080448
0.0196555443108082 0.0104305418208241 0.0113061796873808 0.0101063158363104 0.0193340834230185 0.0115311425179243 0.0116543788462877 0.0127033842727542 0.0103383027017117 0.0106584271416068 0.00734873488545418 0.00779422093182802 0.00688241003081203 0.00534852407872677 0.00318071572110057 0.00289280177094042 0.00358816259540617 0.00307794148102403 0.00429523596540093 0.00752613833174109 0.00621158070862293 0.00459455978125334 0.00298763648606837 0.00155124685261399 0.00170458166394383 0.00359038612805307 0.00652276910841465 0.00981330219656229 0.0146804442629218 0.0128034446388483 0.0149665661156178 0.0195262171328068 0.0207078941166401 0.0196785610169172 0.0180771090090275 0.0123304817825556 0.0110425017774105 0.0159790888428688 0.0254153572022915 0.0279208812862635 0.0261916425079107 0.0270515698939562 0.0273805391043425 0.0283825993537903
0.0203921590000391 0.010723470710218 0.00953440461307764 0.00476248050108552 0.0113230077549815 0.0184801388531923 0.0127669163048267 0.0120738577097654 0.0109742311760783 0.0095564303919673 0.00791621673852205 0.00706369895488024 0.00769193330779672 0.00721054431051016 0.00586416339501739 0.00413847761228681 0.00461360579356551 0.00645707920193672 0.00993293430656195 0.00972669664770365 0.00787031836807728 0.00514953257516026 0.00400754902511835 0.00258872075937688 0.00366938603110611 0.00549269281327724 0.00761215481907129 0.0108212269842625 0.0171625502407551 0.0187025833874941 0.00742241833359003 0.00647609401494265 0.0168711822479963 0.022096848115325 0.020661972463131 0.02464391104877 0.0232069008052349 0.0191390328109264 0.0188649278134108 0.0195036735385656 0.0196407120674849 0.0246680453419685 0.0306571647524834 0.0311037227511406
0.0158785749226809 0.0113641116768122 0.0116254314780235 0.00429555354639888 0.00837826635688543 0.00921163335442543 0.0192637611180544 0.0156210856512189 0.0150082046166062 0.0132772820070386 0.0100445039570332 0.00927639752626419 0.0098434304818511 0.0086405435577035 0.0102892117574811 0.00908949412405491 0.00999355036765337 0.00955048389732838 0.0112467855215073 0.00819109845906496 0.00735081452876329 0.00692190416157246 0.00722319912165403 0.00648520281538367 0.00739761348813772 0.0077547668479383 0.00934631377458572 0.0117529993876815 0.0125300446525216 0.0182607024908066 0.0221027508378029 0.0141992149874568 0.0112866135314107 0.0160114504396915 0.0253905076533556 0.0250620990991592 0.0308751910924911 0.0338696949183941 0.0336427837610245 0.0297875981777906 0.030203104019165 0.0284914337098598 0.0321416296064854 0.0309144463390112
0.0174869745969772 0.00793738476932049 0.00615975400432944 0.00592578295618296 0.00770881725475192 0.00597244221717119 0.0124037563800812 0.0206022448837757 0.0160268153995275 0.0155494334176183 0.0156520996242762 0.013025569729507 0.0122592439875007 0.0118504511192441 0.0125816473737359 0.0133519535884261 0.0141043150797486 0.013319494202733 0.0129121942445636 0.0135966781526804 0.0121950730681419 0.0114219365641475 0.00854282546788454 0.0124478787183762 0.0105385426431894 0.00630990881472826 0.0104031404480338 0.0175080876797438 0.0134874312207103 0.0106616076081991 0.0178598742932081 0.0217514671385288 0.0233913045376539 0.0193577166646719 0.026541018858552 0.0232667271047831 0.0211766436696053 0.0248609744012356 0.0348425507545471 0.038125716149807 0.0404730513691902 0.0416183657944202 0.0409788005053997 0.0414584130048752
