data/climate_estimation/maxent_output/Smilax_retroflexa.asc
NCOLS 222 
NROWS 104 
XLLCORNER 94.9166666666667 
YLLCORNER 21 
CELLSIZE 0.0833333333333333 
NODATA_value -3.4e+38 
[rows 40 to 59 of 104, columns 44 to 87 of 222]
0.983195900917053 0.844136714935303 0.968642294406891 0.900847434997559 0.943598687648773 0.78215891122818 0.895655333995819 0.910867869853973 0.906576812267303 0.918925762176514 0.909967660903931 0.895307600498199 0.853144705295563 0.899051666259766 0.898811042308807 0.896579682826996 0.890961766242981 0.893744587898254 0.853198289871216 0.87357485294342 0.866616189479828 0.629497408866882 0.748970448970795 0.731560230255127 0.619423627853394 0.913329303264618 0.926052033901215 0.931211948394775 0.863417327404022 0.667559802532196 0.840539157390594 0.807751595973969 0.910887181758881 0.868667900562286 0.792214632034302 0.935110092163086 0.935821533203125 0.859822273254395 0.871825158596039 0.899677991867065 0.867360174655914 0.895455121994019 0.770994961261749 0.945933759212494
0.982358336448669 0.782159388065338 0.958760261535645 0.882652103900909 0.950166523456573 0.856632828712463 0.873377919197083 0.888772785663605 0.92193591594696 0.916441857814789 0.885760009288788 0.899285078048706 0.819542288780212 0.893419921398163 0.892325937747955 0.881668031215668 0.869551301002502 0.89477664232254 0.848278105258942 0.859201788902283 0.879818618297577 0.740659475326538 0.516759932041168 0.470033407211304 0.579988121986389 0.76249748468399 0.731429517269135 0.882489502429962 0.780951678752899 0.930947244167328 0.923132598400116 0.929784297943115 0.94107973575592 0.894081771373749 0.856438159942627 0.940196454524994 0.907365083694458 0.89511901140213 0.905842244625092 0.707228600978851 0.911775827407837 0.836568295955658 0.626429617404938 0.663574039936066
0.979204773902893 0.774823725223541 0.96488755941391 0.863398134708405 0.927734851837158 0.883227467536926 0.845817863941193 0.912529528141022 0.90181177854538 0.913961052894592 0.894039571285248 0.893578827381134 0.884074568748474 0.892464995384216 0.884145319461823 0.869322538375854 0.852036356925964 0.892384648323059 0.887308955192566 0.744798302650452 0.795779168605804 0.702050924301147 0.837559759616852 0.750022709369659 0.863604009151459 0.829512536525726 0.876635074615479 0.781747937202454 0.874465107917786 0.920398771762848 0.935329437255859 0.922705590724945 0.92340087890625 0.89717960357666 0.918853104114532 0.847751200199127 0.756625294685364 0.769218742847443 0.822857677936554 0.79500675201416 0.873881638050079 0.765331506729126 0.470911055803299 0.771728575229645
0.978209555149078 0.885071754455566 0.942374348640442 0.865626275539398 0.902239501476288 0.914023101329803 0.848935782909393 0.899340569972992 0.913199186325073 0.888492465019226 0.851944446563721 0.888888835906982 0.894164323806763 0.883413434028625 0.862349152565002 0.859652578830719 0.893391370773315 0.862325251102448 0.874502182006836 0.807704925537109 0.715654373168945 0.729274868965149 0.854743480682373 0.594617366790771 0.883292198181152 0.908638417720795 0.791691064834595 0.90642648935318 0.848077178001404 0.924498379230499 0.934304296970367 0.940097093582153 0.929077982902527 0.937915861606598 0.933514356613159 0.806337952613831 0.671915829181671 0.665072739124298 0.641624927520752 0.687030255794525 0.833555698394775 0.786307156085968 0.552637338638306 0.953257083892822
0.975318014621735 0.950163424015045 0.891792178153992 0.886326670646667 0.882987260818481 0.924155235290527 0.873488128185272 0.921924710273743 0.903182685375214 0.886376142501831 0.896637737751007 0.883894860744476 0.895589888095856 0.881721019744873 0.815900087356567 0.88452810049057 0.896122992038727 0.882009565830231 0.835230767726898 0.878068923950195 0.90024733543396 0.898994207382202 0.758438527584076 0.523735523223877 0.812645733356476 0.909860670566559 0.879155278205872 0.905084371566772 0.778256356716156 0.844711005687714 0.881299018859863 0.933239161968231 0.923583328723907 0.911630928516388 0.890300750732422 0.749742031097412 0.599221587181091 0.561034142971039 0.381857544183731 0.361049383878708 0.689819097518921 0.65508371591568 0.740616381168365 0.952852666378021
0.979378223419189 0.943906903266907 0.92024153470993 0.753658771514893 0.89352148771286 0.878231227397919 0.879255592823029 0.902723491191864 0.905896246433258 0.796640634536743 0.893586456775665 0.890693008899689 0.895064175128937 0.889772891998291 0.851962149143219 0.856163024902344 0.854620695114136 0.836407899856567 0.850734651088715 0.851850569248199 0.899975657463074 0.861404120922089 0.716644525527954 0.554480612277985 0.733270823955536 0.907580852508545 0.904232800006866 0.856839776039124 0.78557276725769 0.777753233909607 0.712348937988281 0.862174868583679 0.881892085075378 0.855251431465149 0.848367631435394 0.653571784496307 0.500555872917175 0.460044533014297 0.245385766029358 0.3536396920681 0.948062419891357 0.894333720207214 0.683908641338348 0.918523788452148
0.969408214092255 0.963018417358398 0.958351075649261 0.723216712474823 0.924631953239441 0.910728454589844 0.916581213474274 0.763040006160736 0.899379909038544 0.783956587314606 0.894887328147888 0.879757106304169 0.893473386764526 0.891700863838196 0.896839499473572 0.848568201065063 0.876147866249084 0.816051781177521 0.863810777664185 0.862897872924805 0.892200946807861 0.861008644104004 0.755632340908051 0.585300207138062 0.731762766838074 0.900902092456818 0.891883552074432 0.873790383338928 0.758341133594513 0.790947020053864 0.760436236858368 0.80233496427536 0.830576658248901 0.885252356529236 0.882907867431641 0.814294397830963 0.646045088768005 0.371958702802658 0.100191876292229 0.289238095283508 0.930275201797485 0.886381328105927 0.84127813577652 0.880805552005768
0.973081767559052 0.96289050579071 0.947329223155975 0.678851187229156 0.922362089157104 0.915841042995453 0.91298896074295 0.862322628498077 0.883270740509033 0.827317237854004 0.874191761016846 0.890154302120209 0.871375024318695 0.887613117694855 0.890320122241974 0.840203940868378 0.752110600471497 0.876096785068512 0.89774215221405 0.844757318496704 0.870728433132172 0.883454442024231 0.809351205825806 0.605971574783325 0.696383059024811 0.828092098236084 0.845755517482758 0.886103808879852 0.808548271656036 0.858009278774261 0.899531006813049 0.828875601291656 0.78691440820694 0.836735785007477 0.901090979576111 0.781546115875244 0.63599818944931 0.552408516407013 0.115026243031025 0.0833440497517586 0.860136806964874 0.941652119159698 0.928502380847931 0.911248803138733
0.965189754962921 0.956542730331421 0.944672822952271 0.652839004993439 0.782539784908295 0.880995810031891 0.884665250778198 0.889025807380676 0.822393178939819 0.78795975446701 0.880638062953949 0.873230755329132 0.842768311500549 0.858482480049133 0.824276208877563 0.892023861408234 0.86137729883194 0.849211871623993 0.870339930057526 0.866820275783539 0.844022929668427 0.901542186737061 0.904776155948639 0.808011889457703 0.701010286808014 0.797092914581299 0.856368243694305 0.878123879432678 0.786678671836853 0.858758807182312 0.891999185085297 0.79652214050293 0.847449958324432 0.901704013347626 0.870292842388153 0.839375734329224 0.69086754322052 0.655905783176422 0.246668845415115 0.132634371519089 0.730267882347107 0.936724901199341 0.930130124092102 0.896113574504852
0.951754033565521 0.938307762145996 0.93970787525177 0.649618268013 0.852374494075775 0.908438324928284 0.882760643959045 0.880228936672211 0.866588354110718 0.830063760280609 0.846806049346924 0.811503946781158 0.861384868621826 0.795826554298401 0.779470264911652 0.884989857673645 0.8438960313797 0.804052352905273 0.878195405006409 0.891328454017639 0.881228744983673 0.89037948846817 0.902565717697144 0.860822379589081 0.811108469963074 0.81730979681015 0.832926750183105 0.837297022342682 0.810106694698334 0.869184851646423 0.871547937393188 0.746111392974854 0.851544380187988 0.900703012943268 0.89772641658783 0.826861083507538 0.766893148422241 0.808064341545105 0.616231501102448 0.297256976366043 0.797847986221313 0.929754376411438 0.915946304798126 0.900287568569183
0.929285645484924 0.936798572540283 0.934410214424133 0.610499978065491 0.845330357551575 0.905645370483398 0.898054540157318 0.797005236148834 0.743449687957764 0.781395852565765 0.817502677440643 0.728111267089844 0.854191303253174 0.832423448562622 0.717271089553833 0.770416796207428 0.681992769241333 0.871589422225952 0.876788914203644 0.789321780204773 0.882252633571625 0.889855980873108 0.824739336967468 0.823585450649261 0.831832826137543 0.815433323383331 0.80188000202179 0.814080536365509 0.775694072246552 0.796940803527832 0.809447348117828 0.805213391780853 0.889653861522675 0.907152235507965 0.875051200389862 0.806538462638855 0.832310616970062 0.856104493141174 0.733343422412872 0.775864481925964 0.909672141075134 0.930082082748413 0.930636882781982 0.89534604549408
0.914187550544739 0.944697082042694 0.934065818786621 0.725313901901245 0.788773119449615 0.783273994922638 0.896643698215485 0.79156482219696 0.694052875041962 0.765398800373077 0.802198052406311 0.722772359848022 0.784654855728149 0.866911113262177 0.814825534820557 0.783739924430847 0.76632422208786 0.814341306686401 0.875812947750092 0.765935361385345 0.870331585407257 0.863067805767059 0.680432081222534 0.79155820608139 0.856992304325104 0.797867953777313 0.822576344013214 0.847146928310394 0.855913877487183 0.868504106998444 0.799079239368439 0.822509527206421 0.897287666797638 0.893017411231995 0.810022473335266 0.777741491794586 0.704260945320129 0.802367627620697 0.856809258460999 0.903662383556366 0.914772152900696 0.865562081336975 0.902297735214233 0.84489494562149
0.908510029315948 0.942495346069336 0.903475403785706 0.752283334732056 0.796289443969727 0.892767906188965 0.891057789325714 0.773920774459839 0.830592155456543 0.678127706050873 0.776062667369843 0.75866562128067 0.773403882980347 0.866833090782166 0.813853681087494 0.727667331695557 0.712925851345062 0.787359774112701 0.858772814273834 0.841836452484131 0.774761557579041 0.894687056541443 0.786026239395142 0.741623759269714 0.863322794437408 0.781457483768463 0.752774119377136 0.844806909561157 0.889744639396667 0.887719571590424 0.837611734867096 0.846597254276276 0.875171661376953 0.854661762714386 0.782097995281219 0.689360380172729 0.73455822467804 0.744033932685852 0.834725916385651 0.885838210582733 0.864618003368378 0.764442443847656 0.832927703857422 0.762170016765594
0.919749736785889 0.941758334636688 0.914407730102539 0.716239392757416 0.801544785499573 0.893193602561951 0.88004195690155 0.727995038032532 0.824469983577728 0.79386955499649 0.769489228725433 0.856449484825134 0.804409146308899 0.736944735050201 0.822980046272278 0.76562911272049 0.705810129642487 0.780117869377136 0.791465938091278 0.87126350402832 0.760621130466461 0.890031695365906 0.882668316364288 0.796532869338989 0.769741892814636 0.755644202232361 0.694204390048981 0.81495863199234 0.89916318655014 0.865585923194885 0.784268021583557 0.741718053817749 0.771078586578369 0.765033960342407 0.808995366096497 0.80707836151123 0.737936019897461 0.752914488315582 0.855654001235962 0.785726845264435 0.788954615592957 0.690472424030304 0.705304801464081 0.789448797702789
0.935580551624298 0.942250907421112 0.914047837257385 0.780313968658447 0.780075192451477 0.816655099391937 0.814962685108185 0.674093067646027 0.794118404388428 0.802156209945679 0.764302730560303 0.714948356151581 0.783105731010437 0.788593351840973 0.803366899490356 0.818703770637512 0.679446399211884 0.790999591350555 0.780270457267761 0.888577938079834 0.851435899734497 0.847638428211212 0.849817335605621 0.816121220588684 0.674317479133606 0.598448574542999 0.787035763263702 0.882921874523163 0.879234135150909 0.865765035152435 0.755236327648163 0.729281365871429 0.755010604858398 0.747716724872589 0.730784893035889 0.756970107555389 0.749293923377991 0.783733367919922 0.74952107667923 0.74952107667923 0.632927358150482 0.642365455627441 0.674407958984375 0.849989533424377
0.945297122001648 0.930859804153442 0.920668184757233 0.84141218662262 0.790603697299957 0.807938754558563 0.795529663562775 0.698187410831451 0.768858909606934 0.707894742488861 0.677437484264374 0.769891142845154 0.842325568199158 0.713394701480865 0.793102085590363 0.849747002124786 0.728839039802551 0.733306109905243 0.774803698062897 0.845877766609192 0.854267776012421 0.831868290901184 0.75251317024231 0.624737858772278 0.658470034599304 0.74812513589859 0.590043127536774 0.875411868095398 0.859364986419678 0.815396785736084 0.761300563812256 0.713844478130341 0.812325179576874 0.855432868003845 0.744633436203003 0.677208423614502 0.721017897129059 0.723411977291107 0.708826422691345 0.342580676078796 0.353980839252472 0.687989473342896 0.707469463348389 0.876132249832153
0.948871850967407 0.934479475021362 0.914514541625977 0.721658289432526 0.81686407327652 0.797870576381683 0.80114758014679 0.767967343330383 0.723934769630432 0.701409518718719 0.631963729858398 0.810378432273865 0.86853301525116 0.767267286777496 0.812618315219879 0.856159329414368 0.818050384521484 0.620070040225983 0.722072601318359 0.604306280612946 0.795034468173981 0.796989679336548 0.772628128528595 0.816645979881287 0.869709968566895 0.708526134490967 0.783182740211487 0.725185036659241 0.806041896343231 0.766774296760559 0.815396785736084 0.657601833343506 0.777982473373413 0.795541286468506 0.757233679294586 0.731882333755493 0.759303212165833 0.677321255207062 0.681071579456329 0.306520074605942 0.282566159963608 0.352281838655472 0.744633436203003 0.787903189659119
0.952026844024658 0.936758935451508 0.923242568969727 0.74360579252243 0.847971796989441 0.844785809516907 0.76552027463913 0.818330109119415 0.810323774814606 0.760840833187103 0.623459815979004 0.83015650510788 0.796064257621765 0.755901336669922 0.705788493156433 0.853301525115967 0.805916309356689 0.773860514163971 0.781263709068298 0.678785979747772 0.778753757476807 0.877754986286163 0.835532546043396 0.881808936595917 0.900977969169617 0.877952873706818 0.867911458015442 0.629672586917877 0.66721248626709 0.828310608863831 0.858757078647614 0.761647522449493 0.637629210948944 0.713732421398163 0.748477220535278 0.759505212306976 0.796593129634857 0.682268261909485 0.729752361774445 0.33244863152504 0.401638925075531 0.438522905111313 0.803494930267334 0.75613796710968
0.953857004642487 0.941529273986816 0.93123722076416 0.860704481601715 0.835395693778992 0.859906792640686 0.813701808452606 0.800656020641327 0.888646066188812 0.707699775695801 0.633905947208405 0.746802806854248 0.763757288455963 0.809906780719757 0.840501248836517 0.681944370269775 0.84272038936615 0.854382991790771 0.720204889774323 0.776206910610199 0.689287722110748 0.715746223926544 0.840349078178406 0.793379604816437 0.846756517887115 0.880601644515991 0.797294795513153 0.882030129432678 0.552999496459961 0.744434356689453 0.768830537796021 0.849743545055389 0.632206916809082 0.582461714744568 0.515299439430237 0.737790286540985 0.747189700603485 0.675153851509094 0.381615251302719 0.330824911594391 0.646473228931427 0.737828969955444 0.820670604705811 0.728328287601471
0.960582613945007 0.952634036540985 0.93738853931427 0.92466014623642 0.895682871341705 0.822902679443359 0.856943070888519 0.838193535804749 0.874323785305023 0.758283257484436 0.735505878925323 0.731701076030731 0.819441199302673 0.76724249124527 0.846986889839172 0.800568163394928 0.815145671367645 0.747606039047241 0.593403518199921 0.741670250892639 0.827445566654205 0.559950947761536 0.643300354480743 0.878087103366852 0.715573012828827 0.707222282886505 0.700193405151367 0.842513680458069 0.884609520435333 0.528335511684418 0.623889744281769 0.739269435405731 0.746534287929535 0.502223670482635 0.650354087352753 0.315292149782181 0.78757631778717 0.519230246543884 0.410074174404144 0.478873759508133 0.463378340005875 0.856589794158936 0.74245685338974 0.414657235145569
