data/climate_estimation/maxent_output/Stenanthium_gramineum.asc
NCOLS 285 
NROWS 203 
XLLCORNER -96.4166666666667 
YLLCORNER 30 
CELLSIZE 0.0833333333333333 
NODATA_value -3.4e+38 
[rows 80 to 99 of 203, columns 180 to 224 of 285]
0.256149977445602 0.254300743341446 0.250995218753815 0.25253826379776 0.284859985113144 0.28366407752037 0.287560433149338 0.29108938574791 0.292152523994446 0.326521068811417 0.321291536092758 0.319881469011307 0.315408080816269 0.313645213842392 0.311124384403229 0.311309546232224 0.308021545410156 0.289992570877075 0.323564171791077 0.307832598686218 0.386509239673615 0.40038937330246 0.402605533599854 0.410759627819061 0.433888286352158 0.454329133033752 0.446774303913116 0.426397383213043 0.445104360580444 0.470836758613586 0.520335733890533 0.484184563159943 0.414214879274368 0.476147443056107 0.4154993891716 0.370708376169205 0.312556743621826 0.289835393428802 0.304642200469971 0.36687958240509 0.37642765045166 0.390371769666672 0.411927700042725 0.426513820886612 0.512317836284637
0.257274329662323 0.254684567451477 0.258586585521698 0.255614519119263 0.295485705137253 0.292779982089996 0.2961305975914 0.292949676513672 0.297028392553329 0.331944018602371 0.326421469449997 0.325973659753799 0.321314811706543 0.31976243853569 0.314776688814163 0.31444263458252 0.309984147548676 0.351151436567307 0.311698496341705 0.344683170318604 0.399640113115311 0.406100541353226 0.412750959396362 0.435099482536316 0.435007750988007 0.455572754144669 0.358874320983887 0.389068484306335 0.400936156511307 0.403523445129395 0.420042991638184 0.426613330841064 0.465978115797043 0.436456918716431 0.38619527220726 0.353481203317642 0.312652707099915 0.269831448793411 0.311476349830627 0.330175489187241 0.351873785257339 0.372000515460968 0.455655664205551 0.482988804578781 0.507129967212677
0.259142577648163 0.254998564720154 0.257959008216858 0.296470016241074 0.299187570810318 0.30062398314476 0.30164110660553 0.306598871946335 0.343220978975296 0.340053409337997 0.336283832788467 0.334088891744614 0.329742044210434 0.326007544994354 0.324161350727081 0.319027185440063 0.322064191102982 0.356782466173172 0.353783935308456 0.362413227558136 0.411408007144928 0.418154031038284 0.461315006017685 0.429270207881927 0.437493175268173 0.36707416176796 0.389050096273422 0.379242748022079 0.357803016901016 0.392837166786194 0.397571533918381 0.388911187648773 0.465495765209198 0.383249402046204 0.372779965400696 0.313806176185608 0.286335974931717 0.270750313997269 0.302537381649017 0.360508859157562 0.352259039878845 0.367783099412918 0.454960942268372 0.491960436105728 0.496056318283081
0.264713138341904 0.266060531139374 0.30359822511673 0.30541467666626 0.307517319917679 0.310751914978027 0.350009471178055 0.350949347019196 0.355007886886597 0.352366298437119 0.350498229265213 0.348551690578461 0.377175331115723 0.339198708534241 0.333538234233856 0.328554719686508 0.325570315122604 0.369251787662506 0.375408202409744 0.377815783023834 0.388491064310074 0.430273681879044 0.466895401477814 0.464540868997574 0.4134541451931 0.41910183429718 0.409531056880951 0.381870836019516 0.335274338722229 0.385432660579681 0.37760603427887 0.416923761367798 0.418506115674973 0.406133860349655 0.345601886510849 0.305107563734055 0.283697992563248 0.286198318004608 0.344741851091385 0.347122997045517 0.366672813892365 0.457279622554779 0.47647961974144 0.453943490982056 0.488845080137253
0.269706547260284 0.304030179977417 0.307356268167496 0.308692216873169 0.350657731294632 0.357470482587814 0.364851355552673 0.365228444337845 0.36494854092598 0.362425982952118 0.403212249279022 0.401904433965683 0.399619400501251 0.348522692918777 0.343236535787582 0.340913325548172 0.336896985769272 0.340265184640884 0.389418393373489 0.388024568557739 0.435716837644577 0.450592279434204 0.451387524604797 0.46692231297493 0.449379146099091 0.425792038440704 0.408681094646454 0.35512900352478 0.352887779474258 0.353736340999603 0.398542642593384 0.404306352138519 0.403210133314133 0.373583167791367 0.381079167127609 0.283947646617889 0.283053159713745 0.297832667827606 0.338988482952118 0.351594507694244 0.374884516000748 0.434515774250031 0.456070274114609 0.459766775369644 0.497395426034927
0.306166768074036 0.305102676153183 0.345235466957092 0.351091712713242 0.360306203365326 0.36398983001709 0.368119478225708 0.379418760538101 0.420811742544174 0.422296792268753 0.42229825258255 0.412424862384796 0.412840873003006 0.403995901346207 0.393360793590546 0.387640357017517 0.388883978128433 0.346807837486267 0.395669728517532 0.401453822851181 0.455944508314133 0.483215242624283 0.467324912548065 0.463425666093826 0.479074388742447 0.433637380599976 0.399098932743073 0.362659871578217 0.362701147794724 0.345764011144638 0.372956246137619 0.371468931436539 0.322166860103607 0.309652477502823 0.299170285463333 0.278135478496552 0.266301214694977 0.295182377099991 0.290985375642776 0.333558291196823 0.400995939970016 0.466242790222168 0.466070860624313 0.467438995838165 0.529540181159973
0.312266767024994 0.350613653659821 0.353170305490494 0.358809858560562 0.409663468599319 0.415219306945801 0.424905031919479 0.431415289640427 0.438487976789474 0.439979732036591 0.437684386968613 0.430319041013718 0.420871764421463 0.415828168392181 0.404235601425171 0.401372224092484 0.39360722899437 0.394747763872147 0.4061039686203 0.451809912919998 0.481113880872726 0.500934720039368 0.464392155408859 0.448508650064468 0.470389515161514 0.400521755218506 0.364870548248291 0.362868010997772 0.342025935649872 0.337756544351578 0.337033927440643 0.306826323270798 0.287319719791412 0.28212833404541 0.278684675693512 0.275106906890869 0.275588601827621 0.289286673069 0.286240041255951 0.302830576896667 0.360245943069458 0.447058856487274 0.465684592723846 0.471811801195145 0.486727178096771
0.347490817308426 0.347328960895538 0.397108167409897 0.403482347726822 0.417507499456406 0.424319475889206 0.432269394397736 0.443966060876846 0.451676934957504 0.505955159664154 0.502436757087708 0.499345034360886 0.488597244024277 0.426454484462738 0.415727645158768 0.413052439689636 0.409830421209335 0.404927164316177 0.457959473133087 0.513860583305359 0.515912115573883 0.513555109500885 0.460580736398697 0.488433063030243 0.457156479358673 0.398785263299942 0.379838049411774 0.360576689243317 0.357928723096848 0.381518244743347 0.335403352975845 0.252239674329758 0.241397872567177 0.268155485391617 0.256727159023285 0.264975309371948 0.272738128900528 0.282637536525726 0.300273597240448 0.350577712059021 0.350871473550797 0.396787196397781 0.45514303445816 0.472516685724258 0.470692485570908
0.393132776021957 0.392068862915039 0.403818875551224 0.40990936756134 0.470365852117538 0.481217831373215 0.495876610279083 0.500840723514557 0.51542067527771 0.519784569740295 0.520154118537903 0.513475060462952 0.501706421375275 0.480391979217529 0.428765952587128 0.423786729574203 0.467487663030624 0.466363340616226 0.524747014045715 0.525817632675171 0.425983011722565 0.425098270177841 0.380750119686127 0.361617147922516 0.4282585978508 0.398500323295593 0.397602051496506 0.369618773460388 0.368313521146774 0.363306701183319 0.278678864240646 0.236652836203575 0.226629078388214 0.227079823613167 0.218972727656364 0.228395730257034 0.275610506534576 0.304813325405121 0.297233641147614 0.34143477678299 0.37633752822876 0.382419466972351 0.385123997926712 0.453790366649628 0.452266246080399
0.393324166536331 0.446337729692459 0.458496749401093 0.463694870471954 0.475811868906021 0.493028581142426 0.505699574947357 0.518063008785248 0.523553907871246 0.52311509847641 0.527500748634338 0.516387820243835 0.499756544828415 0.494089990854263 0.481268376111984 0.483867913484573 0.486310184001923 0.538163423538208 0.440477043390274 0.441369265317917 0.495393484830856 0.477173954248428 0.396261096000671 0.38431978225708 0.358303785324097 0.424371927976608 0.398878276348114 0.397329598665237 0.400949865579605 0.303969442844391 0.256239593029022 0.248398423194885 0.232605442404747 0.227500081062317 0.224497586488724 0.251511037349701 0.262276232242584 0.258627265691757 0.33632355928421 0.325609743595123 0.372029840946198 0.386502176523209 0.385812342166901 0.429604321718216 0.449551433324814
0.451209425926208 0.454108089208603 0.463273495435715 0.521587908267975 0.537079632282257 0.55673623085022 0.570018649101257 0.584319114685059 0.58015638589859 0.589587807655334 0.581610143184662 0.5646071434021 0.558295011520386 0.494092524051666 0.488665014505386 0.541437327861786 0.546476244926453 0.552572071552277 0.452432781457901 0.50360780954361 0.506569087505341 0.477109372615814 0.443838983774185 0.394875943660736 0.368158578872681 0.417834579944611 0.428305834531784 0.415183901786804 0.369966268539429 0.258399873971939 0.229452610015869 0.219367519021034 0.220620810985565 0.199953824281693 0.227454453706741 0.23159559071064 0.251468896865845 0.261184841394424 0.3006312251091 0.329343229532242 0.338451445102692 0.387004107236862 0.402109265327454 0.40803125500679 0.508240163326263
0.464274317026138 0.515671133995056 0.527563691139221 0.536834418773651 0.545392096042633 0.561887085437775 0.578830480575562 0.592812478542328 0.595528841018677 0.647451043128967 0.588443994522095 0.576773285865784 0.562645196914673 0.554104804992676 0.548671841621399 0.549733579158783 0.556713700294495 0.618475615978241 0.511768162250519 0.515331089496613 0.515437960624695 0.486499190330505 0.414498895406723 0.387597143650055 0.407691806554794 0.468379974365234 0.446679055690765 0.389276266098022 0.35042804479599 0.265153706073761 0.235169783234596 0.220146104693413 0.229684129357338 0.196571007370949 0.200151994824409 0.202421292662621 0.244323059916496 0.256080269813538 0.258150577545166 0.290983647108078 0.321259617805481 0.341018050909042 0.40527755022049 0.432636618614197 0.490897446870804
0.534097790718079 0.539069354534149 0.545176804065704 0.608220756053925 0.569675087928772 0.583318710327148 0.590948283672333 0.606613993644714 0.659681618213654 0.663130223751068 0.657252430915833 0.64444375038147 0.633052110671997 0.619913280010223 0.567498087882996 0.620088338851929 0.626748204231262 0.627680540084839 0.473779380321503 0.483477115631104 0.518920481204987 0.472014307975769 0.464661031961441 0.453130811452866 0.4950110912323 0.462308347225189 0.458168238401413 0.418983578681946 0.301852136850357 0.269445776939392 0.238726988434792 0.269013375043869 0.260426342487335 0.211091324687004 0.215249866247177 0.214010670781136 0.275178343057632 0.267475247383118 0.269172072410583 0.279506146907806 0.302334308624268 0.357514381408691 0.413980573415756 0.500291407108307 0.522060751914978
0.552126467227936 0.611243069171906 0.620001137256622 0.632572054862976 0.641893684864044 0.598299264907837 0.66219037771225 0.674202561378479 0.675470054149628 0.673430263996124 0.559555172920227 0.551637768745422 0.65538364648819 0.642308592796326 0.642491400241852 0.636198103427887 0.632817208766937 0.633389294147491 0.517478466033936 0.485713422298431 0.518573880195618 0.473611444234848 0.457150518894196 0.427653551101685 0.529078543186188 0.496649622917175 0.433270275592804 0.342393934726715 0.346384048461914 0.204125940799713 0.240108460187912 0.27070814371109 0.219908490777016 0.217203006148338 0.199945658445358 0.283437699079514 0.223357915878296 0.239091470837593 0.279042780399323 0.301720052957535 0.359318524599075 0.365247339010239 0.435279995203018 0.514399826526642 0.540886104106903
0.636070132255554 0.639901995658875 0.648739159107208 0.649487853050232 0.65907496213913 0.671026945114136 0.628280222415924 0.636893093585968 0.687810182571411 0.68928861618042 0.633521735668182 0.625201642513275 0.622930943965912 0.554222226142883 0.545671164989471 0.647403240203857 0.639234662055969 0.632800221443176 0.601233422756195 0.594831466674805 0.575572371482849 0.572382688522339 0.558699607849121 0.527457356452942 0.514265358448029 0.503614783287048 0.391237795352936 0.316621094942093 0.267957866191864 0.202506855130196 0.298544675111771 0.233702629804611 0.228060603141785 0.215294525027275 0.291662752628326 0.215111494064331 0.218809932470322 0.268892407417297 0.284432888031006 0.305503278970718 0.36745485663414 0.440905541181564 0.463467687368393 0.489104419946671 0.549850761890411
0.65674877166748 0.666579902172089 0.661661028862 0.670980751514435 0.678283035755157 0.691463887691498 0.641941070556641 0.654197096824646 0.704639077186584 0.708035826683044 0.713656842708588 0.762464940547943 0.751096844673157 0.577783584594727 0.565810561180115 0.665387690067291 0.527446925640106 0.564692318439484 0.596799492835999 0.560400426387787 0.567806363105774 0.547600090503693 0.531355857849121 0.52262145280838 0.50026273727417 0.483597993850708 0.383783429861069 0.245021998882294 0.258392363786697 0.256006747484207 0.28746086359024 0.234234139323235 0.297820001840591 0.32802951335907 0.236552834510803 0.217771217226982 0.26215785741806 0.284417420625687 0.310846477746964 0.341485589742661 0.390895426273346 0.453310757875443 0.5082728266716 0.515855491161346 0.566896796226501
0.673888921737671 0.679029881954193 0.68266773223877 0.686279654502869 0.696440517902374 0.696065604686737 0.712326526641846 0.665630221366882 0.720110595226288 0.723145961761475 0.726953625679016 0.734805345535278 0.730810225009918 0.714651167392731 0.59787392616272 0.716740846633911 0.564367055892944 0.622466266155243 0.538652539253235 0.56183135509491 0.564123213291168 0.524257302284241 0.522923767566681 0.490923225879669 0.46538034081459 0.428399235010147 0.306539475917816 0.329103022813797 0.293232649564743 0.344969600439072 0.225767284631729 0.293126821517944 0.213495671749115 0.203700423240662 0.195990696549416 0.261635571718216 0.286131173372269 0.30301034450531 0.358502745628357 0.394555449485779 0.40920090675354 0.466718882322311 0.524901151657104 0.545232713222504 0.592070758342743
0.691054165363312 0.695832908153534 0.696544587612152 0.691588163375854 0.698936939239502 0.708753943443298 0.669359445571899 0.674641251564026 0.680873930454254 0.740999639034271 0.739360988140106 0.750965893268585 0.755511999130249 0.784402132034302 0.651171326637268 0.575354933738708 0.550974488258362 0.620848834514618 0.578839421272278 0.578909039497375 0.55914169549942 0.518524289131165 0.487485647201538 0.467248916625977 0.461922466754913 0.331685930490494 0.340342581272125 0.320282399654388 0.307291358709335 0.231373250484467 0.261643767356873 0.188184022903442 0.2039954662323 0.211977928876877 0.273503839969635 0.296453028917313 0.2986701130867 0.424022078514099 0.421838313341141 0.467243999242783 0.458209455013275 0.481014430522919 0.538281321525574 0.58430689573288 0.561821222305298
0.645773351192474 0.704013824462891 0.699804186820984 0.700094163417816 0.707614362239838 0.661499679088593 0.677736401557922 0.689007699489594 0.700301647186279 0.705622017383575 0.71390575170517 0.727275431156158 0.773536443710327 0.640195429325104 0.654528856277466 0.596518337726593 0.593520641326904 0.615074455738068 0.598684191703796 0.593955874443054 0.553507149219513 0.511337995529175 0.480305969715118 0.473135709762573 0.413359254598618 0.331911623477936 0.331113904714584 0.360718667507172 0.346330434083939 0.233287185430527 0.197701349854469 0.185622543096542 0.212521955370903 0.262358069419861 0.315990477800369 0.287531107664108 0.386279135942459 0.415634453296661 0.418781757354736 0.482776403427124 0.487932652235031 0.541127145290375 0.587200999259949 0.559868991374969 0.565152645111084
0.654068410396576 0.649712562561035 0.700110554695129 0.653087735176086 0.661570310592651 0.669840574264526 0.678918838500977 0.69375342130661 0.704151391983032 0.726658403873444 0.733544945716858 0.741561830043793 0.760271430015564 0.674966156482697 0.614774584770203 0.610345840454102 0.607680082321167 0.635496079921722 0.590839684009552 0.607044458389282 0.537175238132477 0.507025122642517 0.474709957838058 0.47866427898407 0.387839674949646 0.375857293605804 0.261845827102661 0.400656849145889 0.35702446103096 0.206457823514938 0.202971294522285 0.19913038611412 0.228654414415359 0.288342386484146 0.312302261590958 0.362146854400635 0.41755011677742 0.423913478851318 0.480198502540588 0.507612347602844 0.552301526069641 0.576839447021484 0.574799418449402 0.589798867702484 0.575155735015869
