data/climate_estimation/maxent_output/Stenanthium_densum.asc
NCOLS 215 
NROWS 172 
XLLCORNER -91.1666666666667 
YLLCORNER 26.8333333333333 
CELLSIZE 0.0833333333333333 
NODATA_value -3.4e+38 
[rows 0 to 20 of 172, columns 48 to 95 of 215]
0.0172414463013411 0.0189975500106812 0.0191910080611706 0.0210234932601452 0.0240017641335726 0.0240356549620628 0.0274667777121067 0.0283379685133696 0.030174320563674 0.0305225532501936 0.0292965546250343 0.0284323412925005 0.0278379917144775 0.0264099817723036 0.0259363073855639 0.0250133667141199 0.0277914889156818 0.0276031997054815 0.0270277783274651 0.0271577853709459 0.0269712992012501 0.0266190599650145 0.0267612617462873 0.0235880818217993 0.0220050867646933 0.0202855877578259 0.0178534798324108 0.0176026504486799 0.0168528761714697 0.0168815478682518 0.01633027382195 0.018072098493576 0.0188960824161768 0.0208006612956524 0.0211180206388235 0.0229783356189728 0.0226214006543159 0.0219597686082125 0.0196911301463842 0.0191259849816561 0.0187811218202114 0.0202376320958138 0.0222193673253059 0.0229846369475126 0.0237474795430899 0.0271751675754786 0.0273823831230402 0.0303346570581198
0.0196163989603519 0.0197047591209412 0.0216544475406408 0.022460525855422 0.0244291983544827 0.0245325285941362 0.0284951217472553 0.0281377825886011 0.0271405037492514 0.0263830218464136 0.0252386312931776 0.024502694606781 0.025914890691638 0.0254141129553318 0.0249828808009624 0.0277707148343325 0.028239693492651 0.028563667088747 0.0275759994983673 0.0308396574109793 0.0313681550323963 0.0304559003561735 0.0306367762386799 0.0277577303349972 0.024703748524189 0.0225416496396065 0.0203957222402096 0.0175033491104841 0.0174168813973665 0.0170289948582649 0.0184964817017317 0.0184524841606617 0.0214409474283457 0.020813126116991 0.023368064314127 0.0229906514286995 0.0223302636295557 0.0219880342483521 0.0216324422508478 0.0222429446876049 0.0218763705343008 0.0221476852893829 0.0253968294709921 0.0259007047861814 0.0267447959631681 0.0305585935711861 0.03127047047019 0.030867176130414
0.0204321779310703 0.0223722048103809 0.0221130922436714 0.0243760608136654 0.0240891315042973 0.027674101293087 0.0277052149176598 0.0273972190916538 0.026129649952054 0.0280970185995102 0.0260034184902906 0.0251601748168468 0.0243529248982668 0.023627920076251 0.0244902931153774 0.0277273058891296 0.0282081589102745 0.031213054433465 0.0322294868528843 0.0324776507914066 0.0335372053086758 0.032578356564045 0.0316546857357025 0.030768983066082 0.0278876721858978 0.0224177651107311 0.0199183747172356 0.0193751230835915 0.0191002693027258 0.0197216589003801 0.0218506418168545 0.0214469991624355 0.0237622614949942 0.0238209180533886 0.0233983099460602 0.0233751367777586 0.0230563711374998 0.0226524360477924 0.0213611982762814 0.0222679674625397 0.0245637614279985 0.0258568469434977 0.0265605114400387 0.0280681122094393 0.031120864674449 0.0318113453686237 0.0323952883481979 0.0314466916024685
0.0205252449959517 0.0220143776386976 0.021644240245223 0.0245007202029228 0.0243644956499338 0.026768758893013 0.0267581809312105 0.0296524446457624 0.0282857976853848 0.0264562964439392 0.0260260961949825 0.0251726228743792 0.0243290513753891 0.0266961567103863 0.0264279115945101 0.0269932989031076 0.0274649783968925 0.0310211554169655 0.0331459753215313 0.0379356890916824 0.0390600077807903 0.037252601236105 0.0361468531191349 0.0311926696449518 0.0283096227794886 0.0248596929013729 0.0228370949625969 0.0202580913901329 0.0221780259162188 0.0221710074692965 0.0242457259446383 0.0275396779179573 0.0248662158846855 0.0241205152124166 0.0233639273792505 0.0233853086829185 0.0230640843510628 0.0250782873481512 0.0247467625886202 0.0243568401783705 0.0254080146551132 0.0295164305716753 0.0300182588398457 0.0310368109494448 0.0320607051253319 0.0332585386931896 0.0334129109978676 0.0353315956890583
0.0196048934012651 0.0223123636096716 0.0219513960182667 0.0242319591343403 0.0262907203286886 0.0301859155297279 0.0292154587805271 0.0288539584726095 0.027772007510066 0.026869235560298 0.0263642948120832 0.0254816077649593 0.0269681625068188 0.0267935339361429 0.026897395029664 0.0277897790074348 0.0300569217652082 0.0306348465383053 0.0361663177609444 0.0379319787025452 0.0374462604522705 0.037313524633646 0.0366792753338814 0.0322592556476593 0.0318188071250916 0.0282412339001894 0.0256715156137943 0.0252922642976046 0.0249101053923368 0.027262169867754 0.0280897654592991 0.0284126773476601 0.0275425650179386 0.026712441816926 0.0258909333497286 0.0263120550662279 0.0250958353281021 0.0246210601180792 0.0253639202564955 0.0272620040923357 0.0289667211472988 0.0295382272452116 0.0353493764996529 0.0354077592492104 0.0361378751695156 0.0344397537410259 0.0330711863934994 0.0329761393368244
0.0193662047386169 0.0213638879358768 0.0210511218756437 0.0237061195075512 0.0268658623099327 0.0297613777220249 0.0326610282063484 0.0326257348060608 0.0317303612828255 0.030689362436533 0.0291108246892691 0.0272794701159 0.0282829944044352 0.0294780004769564 0.0301016326993704 0.0330805703997612 0.0342852883040905 0.0349013097584248 0.039398767054081 0.0350506119430065 0.0362448059022427 0.0345133915543556 0.0355917997658253 0.0351162850856781 0.0322923585772514 0.0356607399880886 0.0327423326671124 0.0318896025419235 0.0284514147788286 0.0280082430690527 0.0301885511726141 0.0305254608392715 0.0267326813191175 0.025914128869772 0.0262768100947142 0.0262134317308664 0.0254076924175024 0.0273172184824944 0.0271912235766649 0.02803716622293 0.0290151424705982 0.0336860083043575 0.0365477353334427 0.0377511531114578 0.0380084738135338 0.0375260561704636 0.0330392904579639 0.0339865908026695
0.0191386453807354 0.0190231911838055 0.0213502869009972 0.0243586041033268 0.0277590304613113 0.0337924882769585 0.034192468971014 0.0361616127192974 0.0351045504212379 0.0344190038740635 0.0316615402698517 0.0327306427061558 0.0311300307512283 0.0360922329127789 0.0358613654971123 0.0383363738656044 0.0396313928067684 0.0405121669173241 0.0387182235717773 0.0376286469399929 0.0335484035313129 0.033497542142868 0.0335124917328358 0.0340688265860081 0.0351350530982018 0.0345909856259823 0.035712581127882 0.0351987667381763 0.0319110229611397 0.031470000743866 0.0310278926044703 0.0306260399520397 0.0268185772001743 0.0267982743680477 0.026332700625062 0.0258836522698402 0.0282050967216492 0.0281037651002407 0.0267755705863237 0.0280470326542854 0.0300107412040234 0.0337489545345306 0.0404153987765312 0.0412343814969063 0.0374646298587322 0.0370151922106743 0.0340089052915573 0.0339789278805256
0.0189383924007416 0.0187275055795908 0.0211573243141174 0.0244090873748064 0.0273862853646278 0.0337336920201778 0.0373370125889778 0.0366656929254532 0.0392993427813053 0.0380409173667431 0.0398172959685326 0.0379235595464706 0.0398823879659176 0.0405153557658195 0.0412548035383224 0.043058168143034 0.0434092283248901 0.0439982376992702 0.0434846207499504 0.0369744934141636 0.0318751968443394 0.0313760638237 0.0319835767149925 0.0330329425632954 0.0330105163156986 0.033599216490984 0.0346801392734051 0.0341683626174927 0.0336724855005741 0.033818107098341 0.0333358980715275 0.032880675047636 0.0260028038173914 0.0266767740249634 0.0283172000199556 0.0278492234647274 0.030682060867548 0.0302057154476643 0.0292902179062366 0.0281103234738111 0.0317042283713818 0.0332027189433575 0.0379629135131836 0.0392526127398014 0.0363089814782143 0.0358811728656292 0.0365700498223305 0.0340380296111107
0.019769674167037 0.0192802287638187 0.0219730213284492 0.0257889665663242 0.0273603368550539 0.0337057262659073 0.0373882725834846 0.0419503264129162 0.0442937575280666 0.0419263951480389 0.0455026477575302 0.0424406453967094 0.0475986488163471 0.0461544916033745 0.0462493151426315 0.0469152331352234 0.047033503651619 0.0479085743427277 0.0420225262641907 0.0395852662622929 0.0341546982526779 0.0299812685698271 0.0310031287372112 0.0320122092962265 0.032414935529232 0.0324452295899391 0.0319950357079506 0.0321259386837482 0.0327408760786057 0.0322846136987209 0.0328491516411304 0.0323491990566254 0.0283464342355728 0.0303884968161583 0.0308314859867096 0.0335113741457462 0.0323483720421791 0.0324428342282772 0.0311451181769371 0.0311626922339201 0.0307352934032679 0.0323920287191868 0.0357009954750538 0.0376338846981525 0.038920946419239 0.0365277081727982 0.0354768075048923 0.0372249558568001
0.0228119269013405 0.0231334175914526 0.0253189392387867 0.0268648043274879 0.029972281306982 0.0380043499171734 0.0420117788016796 0.0464354902505875 0.0497505590319633 0.0473176240921021 0.0506419688463211 0.0498063676059246 0.0549934767186642 0.0550083369016647 0.0542394816875458 0.0485262610018253 0.0486167743802071 0.0464738830924034 0.0451747104525566 0.0444850698113441 0.0379915460944176 0.034216970205307 0.0343420542776585 0.03098732419312 0.0313559398055077 0.0314332917332649 0.0314562022686005 0.0324755497276783 0.0320608802139759 0.0356416590511799 0.0362604819238186 0.035763218998909 0.0341578163206577 0.0341616235673428 0.0371057167649269 0.0364605970680714 0.0358395129442215 0.0364312939345837 0.0345239974558353 0.0335494503378868 0.0305187609046698 0.0331455059349537 0.0359448231756687 0.0370721481740475 0.0383529514074326 0.0378313660621643 0.0361187271773815 0.0362269543111324
0.0284170918166637 0.0284132268279791 0.0298261176794767 0.0299449991434813 0.0362599454820156 0.0407990776002407 0.0457489602267742 0.0515127405524254 0.0559081435203552 0.0597137734293938 0.0568639673292637 0.0575375780463219 0.0636263117194176 0.0559732653200626 0.056043840944767 0.0544223189353943 0.0537394657731056 0.0522522740066051 0.0499044694006443 0.0438170731067657 0.0403696782886982 0.0398209914565086 0.0354369506239891 0.0314829386770725 0.0284066535532475 0.0279446709901094 0.0279717184603214 0.0310327019542456 0.0316339954733849 0.0350927114486694 0.0382718555629253 0.0424169264733791 0.0423764064908028 0.0410590805113316 0.0410529375076294 0.0452582016587257 0.0438190661370754 0.0409271158277988 0.0415611639618874 0.0389121696352959 0.0371132530272007 0.0365791879594326 0.0372418910264969 0.0382901318371296 0.0384289249777794 0.0385474488139153 0.0398701690137386 0.0406647063791752
0.0357745140790939 0.0383757390081882 0.0380298346281052 0.0415611527860165 0.0452879406511784 0.050864964723587 0.0587493814527988 0.0586508512496948 0.0636371374130249 0.0680142790079117 0.0679067522287369 0.066827304661274 0.0647570937871933 0.0648022219538689 0.0648866444826126 0.0562151856720448 0.0612544268369675 0.0585264675319195 0.0560343414545059 0.0507431514561176 0.044640026986599 0.0398517549037933 0.0392083860933781 0.0354105308651924 0.0310322102159262 0.0304982401430607 0.0283224508166313 0.0289490986615419 0.0361468940973282 0.0395590886473656 0.0444436371326447 0.0475601181387901 0.0475346967577934 0.0474834553897381 0.0474522896111012 0.0475034974515438 0.0507003627717495 0.0498797856271267 0.0473810918629169 0.0496932305395603 0.046620287001133 0.0458966195583344 0.0437508635222912 0.0443731546401978 0.0410070866346359 0.0425229705870152 0.0427194200456142 0.044855460524559
0.05174620449543 0.0503557324409485 0.0482158623635769 0.0543474406003952 0.05418885871768 0.0590321570634842 0.0668975114822388 0.07253248244524 0.0810474902391434 0.0762651711702347 0.0771707147359848 0.0759052112698555 0.075838603079319 0.0678248256444931 0.0678064376115799 0.0649725645780563 0.0685367733240128 0.0700910240411758 0.0568540021777153 0.0560821108520031 0.0508441068232059 0.0454571545124054 0.0433978252112865 0.0428206734359264 0.0375538244843483 0.0339080654084682 0.0337856523692608 0.0349624902009964 0.0389097444713116 0.0451176948845387 0.0499069355428219 0.0548636466264725 0.0557235293090343 0.0573713965713978 0.0573393888771534 0.0565301179885864 0.0594094283878803 0.0575669482350349 0.0576125085353851 0.0575058870017529 0.0565938539803028 0.0532185100018978 0.0500446446239948 0.046759657561779 0.0491131916642189 0.0461816787719727 0.0486381463706493 0.0494486168026924
0.0662283822894096 0.0647639706730843 0.0716828554868698 0.0696781650185585 0.0741518586874008 0.0740567371249199 0.0814835801720619 0.0881387889385223 0.0880050212144852 0.0891993716359138 0.0891136154532433 0.0875763297080994 0.0794277414679527 0.0720285251736641 0.075821690261364 0.0812256336212158 0.0777020528912544 0.084369421005249 0.0756872370839119 0.0655862987041473 0.0587872825562954 0.0570912733674049 0.054650891572237 0.0539194531738758 0.0487835481762886 0.0488144122064114 0.0449377782642841 0.0488989688456059 0.0504201389849186 0.059405729174614 0.0584076307713985 0.0652801990509033 0.0672454386949539 0.0618791319429874 0.0671052262187004 0.070201501250267 0.0661160796880722 0.0674645900726318 0.0675205215811729 0.0643775463104248 0.0625428929924965 0.0541686452925205 0.0517381764948368 0.0543264485895634 0.0516875199973583 0.0509186312556267 0.0542569793760777 0.056100606918335
0.0860471352934837 0.0838847085833549 0.0884923934936523 0.0859021171927452 0.0927863046526909 0.0910510420799255 0.0999554246664047 0.0998401343822479 0.10761896520853 0.109597064554691 0.100833989679813 0.100575007498264 0.0913817584514618 0.0914060324430466 0.0914135575294495 0.0947319343686104 0.0935785248875618 0.0908470749855042 0.0870155766606331 0.0834141299128532 0.0771229490637779 0.0750308483839035 0.0719597488641739 0.070014588534832 0.0700372755527496 0.0635502338409424 0.0653947740793228 0.0663537979125977 0.0672962889075279 0.0684947967529297 0.0764284804463387 0.0774808824062347 0.0748528987169266 0.0757925733923912 0.0793051645159721 0.0779817625880241 0.0780521631240845 0.0807725787162781 0.0706075876951218 0.0644009336829185 0.0588158518075943 0.0598101727664471 0.0617814809083939 0.0638275966048241 0.0598909966647625 0.0607901774346828 0.06165586784482 0.061568733304739
0.108585745096207 0.106004416942596 0.10995925962925 0.111729390919209 0.108446046710014 0.113297194242477 0.113059312105179 0.124067604541779 0.119918055832386 0.12336640805006 0.119406178593636 0.11896238476038 0.109706528484821 0.105119273066521 0.11403427273035 0.110587693750858 0.11245422065258 0.109329409897327 0.103030659258366 0.100666619837284 0.0995977893471718 0.0954207926988602 0.0917140319943428 0.0907027646899223 0.0838925987482071 0.0848405063152313 0.0884100198745728 0.0908989608287811 0.0881359726190567 0.0879848748445511 0.0893192961812019 0.0918843373656273 0.0887484401464462 0.0897537916898727 0.0910134240984917 0.0983071178197861 0.0934888869524002 0.0866423398256302 0.0782157108187675 0.0706884488463402 0.0625782236456871 0.0637214407324791 0.0689777731895447 0.0701924338936806 0.0647801011800766 0.0657549276947975 0.0657117813825607 0.0688371434807777
0.130229637026787 0.135379552841187 0.131611332297325 0.13768059015274 0.131808787584305 0.131426587700844 0.13820980489254 0.137942790985107 0.137324512004852 0.141139343380928 0.13219627737999 0.127805754542351 0.128023490309715 0.122545138001442 0.128478035330772 0.13063682615757 0.133156999945641 0.129631161689758 0.126212224364281 0.121012568473816 0.118139155209064 0.113251969218254 0.123151876032352 0.109380692243576 0.114403814077377 0.11038588732481 0.116920180618763 0.1166977211833 0.113285683095455 0.112988159060478 0.118043981492519 0.108452118933201 0.113499954342842 0.116619527339935 0.11726038902998 0.118753656744957 0.122475750744343 0.103086479008198 0.0857660546898842 0.074947901070118 0.0709125027060509 0.0768504366278648 0.0769716650247574 0.0771236717700958 0.078213095664978 0.0818827599287033 0.0817426219582558 0.0755511969327927
0.144833028316498 0.156879603862762 0.164079383015633 0.157327905297279 0.154801860451698 0.161563470959663 0.154810160398483 0.15476068854332 0.156877428293228 0.158787593245506 0.158408388495445 0.15170057117939 0.138120412826538 0.14901477098465 0.147519424557686 0.147603198885918 0.147645115852356 0.14657287299633 0.142786249518394 0.140911966562271 0.152931079268456 0.149114519357681 0.138616919517517 0.141540989279747 0.13664636015892 0.136347159743309 0.137957021594048 0.144627928733826 0.143794119358063 0.143655374646187 0.132776707410812 0.136222779750824 0.131306320428848 0.130782276391983 0.132157504558563 0.131657332181931 0.13008314371109 0.113448202610016 0.096209853887558 0.0943822488188744 0.0937432870268822 0.0954226404428482 0.0940852165222168 0.0937034487724304 0.087145633995533 0.089735247194767 0.0891271010041237 0.0918295606970787
0.165614873170853 0.173867776989937 0.174041509628296 0.187174722552299 0.179249614477158 0.188230529427528 0.166443064808846 0.174142420291901 0.171161457896233 0.173487097024918 0.173319116234779 0.16297721862793 0.163775280117989 0.159207239747047 0.164070218801498 0.164177611470222 0.166733413934708 0.16457736492157 0.16263721883297 0.163770213723183 0.177237540483475 0.169450804591179 0.165568560361862 0.167947083711624 0.177596762776375 0.172858282923698 0.174290463328362 0.169030547142029 0.168886840343475 0.166325032711029 0.153930202126503 0.143927603960037 0.14578765630722 0.134304106235504 0.14662404358387 0.148704215884209 0.142291486263275 0.127893388271332 0.119053408503532 0.115063019096851 0.113500833511353 0.115481004118919 0.115593053400517 0.115593053400517 0.10562264919281 0.105335153639317 0.100506581366062 0.102178655564785
0.186139583587646 0.181296214461327 0.19872859120369 0.206959456205368 0.201645359396935 0.190687894821167 0.187833592295647 0.192501366138458 0.190032720565796 0.18945799767971 0.194563031196594 0.189137011766434 0.189137011766434 0.197357684373856 0.184616535902023 0.183742105960846 0.166910827159882 0.164714455604553 0.180443778634071 0.178209841251373 0.192522183060646 0.193114012479782 0.193703159689903 0.204776093363762 0.198239833116531 0.204096168279648 0.200866997241974 0.213119208812714 0.19474945962429 0.187578305602074 0.17425799369812 0.164112105965614 0.166237905621529 0.153525695204735 0.157852053642273 0.169798731803894 0.157739996910095 0.159593164920807 0.154319033026695 0.148134484887123 0.159517869353294 0.144471988081932 0.142042651772499 0.142085984349251 0.113581798970699 0.115181028842926 0.113614089787006 0.113379277288914
0.185926243662834 0.206894859671593 0.22275099158287 0.217357113957405 0.22277906537056 0.214184179902077 0.198339581489563 0.192819491028786 0.192140176892281 0.206574440002441 0.202173665165901 0.223239719867706 0.22568841278553 0.231546029448509 0.218920186161995 0.227317586541176 0.203298345208168 0.20499911904335 0.202746704220772 0.194401904940605 0.198105573654175 0.210338294506073 0.216532751917839 0.230481281876564 0.233344927430153 0.261265754699707 0.250396281480789 0.236033409833908 0.232147857546806 0.215785071253777 0.194134116172791 0.189556017518044 0.177710309624672 0.178711712360382 0.177422136068344 0.188239067792892 0.198817700147629 0.190412610769272 0.201615780591965 0.174147218465805 0.152621224522591 0.148525476455688 0.159649595618248 0.157337784767151 0.142012253403664 0.131950899958611 0.133730739355087 0.12946093082428
