data/climate_estimation/maxent_output/Stenanthium_gramineum.asc
NCOLS 285 
NROWS 203 
XLLCORNER -96.4166666666667 
YLLCORNER 30 
CELLSIZE 0.0833333333333333 
NODATA_value -3.4e+38 
[rows 100 to 119 of 203, columns 0 to 44 of 285]
0.0144322393462062 0.014790833927691 0.0151396188884974 0.0155181866139174 0.0188063848763704 0.0219201873987913 0.0223294347524643 0.0251215174794197 0.0210992805659771 0.0210604202002287 0.0238599739968777 0.0274608619511127 0.0280620232224464 0.032369576394558 0.0329863168299198 0.038766223937273 0.0402200371026993 0.0357908122241497 0.0417641140520573 0.0461107492446899 0.0433532521128654 0.0419144667685032 0.0463434755802155 0.0450466871261597 0.0501349754631519 0.0542708374559879 0.0525063425302505 0.0591977946460247 0.0582094825804234 0.0655379965901375 0.0623861290514469 0.0607115775346756 0.0682884156703949 0.0665410906076431 0.0738545805215836 0.0715186148881912 0.0787045657634735 0.0782510787248611 0.0920133143663406 0.0917941480875015 0.106949217617512 0.127010315656662 0.127549231052399 0.132567912340164 0.119022019207478
0.0154155194759369 0.0139033645391464 0.0144607815891504 0.0173850189894438 0.0205326285213232 0.0208740681409836 0.0210313126444817 0.0232760738581419 0.0228842198848724 0.0219220165163279 0.0244476702064276 0.0282608419656754 0.0325665026903152 0.0387297980487347 0.0394762121140957 0.0394438281655312 0.0401579216122627 0.0409486964344978 0.0476603396236897 0.0467548295855522 0.0523097850382328 0.0495711490511894 0.0543928705155849 0.0536078251898289 0.059018962085247 0.0565020367503166 0.06218346580863 0.0602479465305805 0.0665261968970299 0.0750269293785095 0.074074499309063 0.0705219060182571 0.0792136639356613 0.0771150887012482 0.0747376903891563 0.08265121281147 0.0923690050840378 0.0947415009140968 0.107863180339336 0.109008774161339 0.126787438988686 0.127131313085556 0.147303640842438 0.149197563529015 0.135559469461441
0.013919848017394 0.0147606832906604 0.013500920496881 0.0159852262586355 0.0194901041686535 0.0224188007414341 0.0253263879567385 0.0244960617274046 0.022978637367487 0.0255462564527988 0.0292808450758457 0.0288751348853111 0.0335612930357456 0.0392605885863304 0.0453785620629787 0.0464713424444199 0.0460943765938282 0.0467951782047749 0.0465975627303123 0.0541955344378948 0.0525464676320553 0.0507108084857464 0.0568163841962814 0.0629090666770935 0.0605390071868896 0.0664703622460365 0.062666080892086 0.0692951306700706 0.076345682144165 0.0751767009496689 0.073865532875061 0.0712627321481705 0.0787869915366173 0.0885292217135429 0.085052028298378 0.0966465622186661 0.0961726456880569 0.11230780184269 0.113365590572357 0.129299402236938 0.130112990736961 0.148306459188461 0.151839479804039 0.152108639478683 0.153846234083176
0.0143103525042534 0.0147639447823167 0.0158918537199497 0.0188921093940735 0.0220479238778353 0.0224757846444845 0.0218416471034288 0.0211848076432943 0.0236756484955549 0.0265009738504887 0.0297461450099945 0.0349846482276917 0.0406366959214211 0.0460291765630245 0.0527176521718502 0.0458755940198898 0.0459205247461796 0.05236941203475 0.0519809201359749 0.0606486573815346 0.0592236369848251 0.0584896504878998 0.0659186765551567 0.0643127933144569 0.062641516327858 0.0780808627605438 0.0736124515533447 0.0794376879930496 0.0766945108771324 0.0844563171267509 0.0838761925697327 0.0822964385151863 0.0910499170422554 0.100678838789463 0.099695011973381 0.114172458648682 0.11461827903986 0.115253426134586 0.132530495524406 0.134391710162163 0.134652495384216 0.154091209173203 0.153575360774994 0.15895089507103 0.177036255598068
0.0165338199585676 0.017365250736475 0.0207274835556746 0.0212197210639715 0.0216944869607687 0.0247560329735279 0.0247726067900658 0.0241488348692656 0.0241193044930696 0.0271727666258812 0.0307455696165562 0.0350975655019283 0.0399496182799339 0.0458673685789108 0.0460135228931904 0.0521353408694267 0.0519285090267658 0.051708098500967 0.0591546520590782 0.0577448606491089 0.0584638565778732 0.0670573115348816 0.0649992972612381 0.073352225124836 0.08258256316185 0.0788061320781708 0.0844017192721367 0.079844057559967 0.086257629096508 0.0848843827843666 0.0967728644609451 0.0935189798474312 0.104366652667522 0.102529376745224 0.115899540483952 0.115466117858887 0.132653146982193 0.134134292602539 0.135137751698494 0.136990025639534 0.156753167510033 0.155750244855881 0.179943755269051 0.179653182625771 0.178378686308861
0.0164119880646467 0.0195859596133232 0.0231958944350481 0.0240168422460556 0.0281162150204182 0.027376452460885 0.0280234571546316 0.0277216043323278 0.0329446718096733 0.0328435599803925 0.0364210903644562 0.040213368833065 0.0406167544424534 0.0456387661397457 0.051551379263401 0.0517991930246353 0.0591871738433838 0.058036845177412 0.0575881823897362 0.0648257210850716 0.0654513537883759 0.0740866735577583 0.0742895007133484 0.0826508477330208 0.0825154781341553 0.0909241437911987 0.0853831246495247 0.0920455381274223 0.0885403901338577 0.0997975990176201 0.096518911421299 0.10636144131422 0.104172423481941 0.116587392985821 0.115647174417973 0.13217781484127 0.133638978004456 0.133897945284843 0.134439930319786 0.154770091176033 0.155031576752663 0.182293981313705 0.181623324751854 0.182322666049004 0.206319615244865
0.0187710504978895 0.0216656886041164 0.022582208737731 0.0263683628290892 0.0267643798142672 0.0307249929755926 0.0305667985230684 0.0317236818373203 0.037046056240797 0.0374951213598251 0.0419234484434128 0.040275800973177 0.0455658063292503 0.0520318895578384 0.0507862195372581 0.0591558776795864 0.0587676353752613 0.0671355128288269 0.0666350424289703 0.0660696849226952 0.0746280178427696 0.0763664543628693 0.0847141668200493 0.084030956029892 0.0943928211927414 0.0909241437911987 0.100514225661755 0.0953910201787949 0.105533622205257 0.101401925086975 0.109870538115501 0.107878170907497 0.118546955287457 0.118366785347462 0.11742190271616 0.132037401199341 0.134766682982445 0.134317204356194 0.151702776551247 0.156242221593857 0.177686706185341 0.180539458990097 0.207222387194633 0.210414990782738 0.235650777816772
0.0220301058143377 0.0254034381359816 0.0254932213574648 0.0298465639352798 0.0294044967740774 0.0341139957308769 0.034504659473896 0.0401441566646099 0.041527334600687 0.0411722138524055 0.0400799475610256 0.0454278886318207 0.0512699671089649 0.0503674261271954 0.0581427179276943 0.0580118969082832 0.057734165340662 0.0667088702321053 0.07502780854702 0.076020359992981 0.0867631286382675 0.0858551561832428 0.0862458646297455 0.0953672006726265 0.0939106419682503 0.104203045368195 0.0990873277187347 0.107893370091915 0.104220807552338 0.116342082619667 0.111728258430958 0.107318334281445 0.11880024522543 0.116952009499073 0.134089767932892 0.130181044340134 0.132258072495461 0.133177235722542 0.149676591157913 0.174029380083084 0.174946323037148 0.203166157007217 0.207038789987564 0.234124422073364 0.230163812637329
0.0290727615356445 0.0291646774858236 0.0334364362061024 0.0281354412436485 0.0285001955926418 0.0322694852948189 0.0382368229329586 0.0390096306800842 0.0462811850011349 0.0457032807171345 0.0447143390774727 0.0435232371091843 0.049031738191843 0.0567352697253227 0.0557306669652462 0.0650318711996078 0.0647512003779411 0.0759273394942284 0.0771055594086647 0.0880513489246368 0.088051900267601 0.0864934027194977 0.0981104820966721 0.0959342867136002 0.106289386749268 0.103254102170467 0.113853767514229 0.109687753021717 0.122111730277538 0.115821167826653 0.112842224538326 0.123313345015049 0.121681585907936 0.136727347970009 0.132583111524582 0.132583111524582 0.1340491771698 0.1496492177248 0.152508571743965 0.176725000143051 0.201502323150635 0.199950724840164 0.230978295207024 0.22289764881134 0.25303715467453
0.0277907010167837 0.0377454571425915 0.0318545736372471 0.0308913066983223 0.0302998423576355 0.0302998423576355 0.0353190451860428 0.0425244197249413 0.0433626547455788 0.0435440391302109 0.0481946431100368 0.0479043535888195 0.0468696430325508 0.0540682934224606 0.0634125620126724 0.064550556242466 0.07463538646698 0.0754094496369362 0.0864419043064117 0.0879131481051445 0.0870180279016495 0.0977693796157837 0.112507432699203 0.107340283691883 0.119478784501553 0.114637941122055 0.128420501947403 0.124039739370346 0.120164848864079 0.11748106777668 0.128544092178345 0.121718570590019 0.137221604585648 0.13518650829792 0.133525550365448 0.151938080787659 0.150167673826218 0.175438404083252 0.17123781144619 0.196716651320457 0.194061368703842 0.222424015402794 0.221690744161606 0.247357159852982 0.241906449198723
0.0301430765539408 0.0305978171527386 0.0298798214644194 0.0291370414197445 0.0280661731958389 0.0333768464624882 0.0392339453101158 0.0408744849264622 0.0407257415354252 0.0470641925930977 0.0463770516216755 0.0448423437774181 0.0516547411680222 0.0603184029459953 0.0613928362727165 0.0724524483084679 0.0738014206290245 0.0756260752677917 0.086575873196125 0.0873473510146141 0.0976467132568359 0.0992490649223328 0.1103530600667 0.1219737008214 0.117628857493401 0.114588014781475 0.124894395470619 0.139962196350098 0.135124489665031 0.13021294772625 0.127684131264687 0.139880061149597 0.137178987264633 0.154219135642052 0.150587543845177 0.170528039336205 0.17374125123024 0.173530057072639 0.197696834802628 0.196183770895004 0.196620732545853 0.218644097447395 0.242801979184151 0.241982474923134 0.264548152685165
0.0280071254819632 0.0320738293230534 0.0319803953170776 0.0272812247276306 0.031370222568512 0.0325768701732159 0.0384514071047306 0.0450201630592346 0.0453388579189777 0.0448705814778805 0.0442218296229839 0.0503625236451626 0.0499454401433468 0.0586380735039711 0.0685793831944466 0.071073867380619 0.0725959315896034 0.0838158056139946 0.0855979099869728 0.0998471602797508 0.0979669913649559 0.110449217259884 0.122213043272495 0.119681745767593 0.132811084389687 0.127050444483757 0.141022846102715 0.135566398501396 0.133459240198135 0.146091252565384 0.143516153097153 0.139917820692062 0.15321709215641 0.151934564113617 0.170344173908234 0.169233113527298 0.194072365760803 0.192211627960205 0.189817801117897 0.216831505298615 0.218674436211586 0.244829013943672 0.236293911933899 0.261750161647797 0.254259347915649
0.0323967188596725 0.0331264995038509 0.033940676599741 0.0334182679653168 0.0334236733615398 0.0393441468477249 0.0402431823313236 0.0464787259697914 0.0452067106962204 0.0513923913240433 0.0498049966990948 0.0565202869474888 0.0564751252532005 0.0559805445373058 0.066498190164566 0.0677521005272865 0.0800391063094139 0.0822108909487724 0.0964149758219719 0.09819395840168 0.0973948165774345 0.107589647173882 0.119527533650398 0.132386043667793 0.126623317599297 0.140449717640877 0.135953471064568 0.153028011322021 0.146781101822853 0.146636232733727 0.158463895320892 0.156138628721237 0.15146966278553 0.169337287545204 0.166936606168747 0.188384771347046 0.211664527654648 0.214177891612053 0.213704779744148 0.213815361261368 0.237433329224586 0.236455529928207 0.2607202231884 0.252947062253952 0.281208395957947
0.0337807349860668 0.0406106784939766 0.0412279367446899 0.0413764640688896 0.0412906520068645 0.0482319891452789 0.0485419742763042 0.055568840354681 0.054693128913641 0.0525190606713295 0.0574780143797398 0.0567010343074799 0.0562141463160515 0.0645800158381462 0.0657576397061348 0.0665501579642296 0.0769469290971756 0.0801310688257217 0.0927476584911346 0.0944747105240822 0.105679675936699 0.119482576847076 0.116121158003807 0.128368929028511 0.127180308103561 0.138109728693962 0.152851909399033 0.149897739291191 0.168047398328781 0.161365509033203 0.180940300226212 0.175537824630737 0.170184582471848 0.164957761764526 0.182753264904022 0.209255740046501 0.207650750875473 0.204976066946983 0.234833642840385 0.23421086370945 0.260714381933212 0.258453994989395 0.252161383628845 0.248230457305908 0.281584590673447
0.0400554575026035 0.0419657416641712 0.0425161272287369 0.0444484911859035 0.0505703017115593 0.0498896799981594 0.0504584200680256 0.0567685402929783 0.056392028927803 0.0632771849632263 0.0608941204845905 0.0596239604055882 0.0685129389166832 0.068241260945797 0.0675012841820717 0.0685389488935471 0.0786343440413475 0.0907295644283295 0.0884848162531853 0.0998964831233025 0.101787447929382 0.115449152886868 0.115255869925022 0.127796322107315 0.144893482327461 0.139803126454353 0.155028074979782 0.149771630764008 0.167930230498314 0.180988043546677 0.178251907229424 0.173900350928307 0.188911452889442 0.184146270155907 0.200373530387878 0.227913901209831 0.228185385465622 0.224740952253342 0.222079366445541 0.254854589700699 0.252596467733383 0.247014328837395 0.279625803232193 0.280260384082794 0.278152078390121
0.0473300516605377 0.0491012223064899 0.0503385327756405 0.0519333966076374 0.051646713167429 0.0590039007365704 0.0578175932168961 0.057871900498867 0.0658607259392738 0.0645513162016869 0.0725544989109039 0.0726500973105431 0.0698007643222809 0.0700468346476555 0.0801623314619064 0.0794414281845093 0.0799067690968513 0.0900756493210793 0.0888596251606941 0.100512772798538 0.110145814716816 0.110326819121838 0.125196382403374 0.125494331121445 0.144380539655685 0.140852630138397 0.155375346541405 0.17173920571804 0.164580002427101 0.181425824761391 0.174171894788742 0.192805528640747 0.18708498775959 0.204130247235298 0.198251709342003 0.220721110701561 0.218311384320259 0.246770396828651 0.245614215731621 0.247160762548447 0.247954159975052 0.276673495769501 0.273337036371231 0.274028986692429 0.310908019542694
0.0477234870195389 0.0506928004324436 0.0518471002578735 0.0604468621313572 0.0595690608024597 0.0665261074900627 0.0662577301263809 0.0661586448550224 0.0659056752920151 0.0749121755361557 0.0748322159051895 0.0852036774158478 0.0838973969221115 0.0821964293718338 0.0806104764342308 0.0810911953449249 0.091705821454525 0.0903853997588158 0.101177431643009 0.111663080751896 0.108509935438633 0.120126694440842 0.140414923429489 0.141493290662766 0.14272004365921 0.141557767987251 0.156024008989334 0.169784218072891 0.162523627281189 0.179440170526505 0.171506360173225 0.187673017382622 0.206692665815353 0.200336113572121 0.218251556158066 0.240153253078461 0.237058907747269 0.23717312514782 0.241350263357162 0.245803073048592 0.277697116136551 0.279934585094452 0.2762451171875 0.276865869760513 0.317797362804413
0.0490342676639557 0.0591409355401993 0.0600826665759087 0.059775348752737 0.0574512220919132 0.0643820837140083 0.0633741468191147 0.0733798146247864 0.0737345665693283 0.0851340293884277 0.0842898860573769 0.0845933109521866 0.0944017693400383 0.09367286413908 0.094190888106823 0.0930882021784782 0.10532546043396 0.103899717330933 0.113521352410316 0.125656008720398 0.120440967381001 0.131989687681198 0.153395369648933 0.154270097613335 0.138763919472694 0.137369632720947 0.152028724551201 0.16722297668457 0.159923627972603 0.175514072179794 0.170581787824631 0.1857068836689 0.200756341218948 0.222098752856255 0.242206364870071 0.233163371682167 0.235709100961685 0.240274667739868 0.272298842668533 0.274654895067215 0.275204122066498 0.277174383401871 0.280347853899002 0.317738860845566 0.319566130638123
0.0555992461740971 0.0575372278690338 0.0575050041079521 0.0644121691584587 0.0630835741758347 0.0624155811965466 0.0705866366624832 0.0708533152937889 0.0818405225872993 0.0828274488449097 0.0931346863508224 0.0937001332640648 0.0917229205369949 0.105468899011612 0.104033969342709 0.104307077825069 0.104669071733952 0.116809204220772 0.127450630068779 0.143079206347466 0.156857654452324 0.147834464907646 0.145534157752991 0.171317100524902 0.152199223637581 0.171710446476936 0.166403234004974 0.162258252501488 0.17800360918045 0.172989949584007 0.167036756873131 0.182829603552818 0.197335749864578 0.217671185731888 0.209823250770569 0.231551796197891 0.268543422222137 0.264949589967728 0.272800981998444 0.277264088392258 0.278869926929474 0.285133630037308 0.318170219659805 0.323706865310669 0.333381444215775
0.0546786189079285 0.0553610399365425 0.0634717047214508 0.0528824292123318 0.0587731674313545 0.0681289434432983 0.0683935582637787 0.0773460119962692 0.0901986286044121 0.090446837246418 0.0903724059462547 0.103009596467018 0.101786576211452 0.101439617574215 0.114255860447884 0.117181718349457 0.132108822464943 0.130243703722954 0.147071704268456 0.161701306700706 0.156652808189392 0.167002514004707 0.160125344991684 0.16369591653347 0.163969919085503 0.185672074556351 0.161692902445793 0.178280755877495 0.173529013991356 0.189180225133896 0.18019226193428 0.198773518204689 0.219957306981087 0.211317256093025 0.234306767582893 0.232934355735779 0.26988285779953 0.265269577503204 0.270549446344376 0.278051376342773 0.286394864320755 0.327762812376022 0.328398466110229 0.33461207151413 0.338641464710236
