data/climate_estimation/maxent_output/Stenanthium_densum.asc
NCOLS 215 
NROWS 172 
XLLCORNER -91.1666666666667 
YLLCORNER 26.8333333333333 
CELLSIZE 0.0833333333333333 
NODATA_value -3.4e+38 
[rows 105 to 125 of 172, columns 96 to 143 of 215]
0.173214003443718 0.169171094894409 0.158792331814766 0.157811507582664 0.153483778238297 0.164544001221657 0.170220285654068 0.203010275959969 0.21089880168438 0.233444005250931 0.26490193605423 0.29128235578537 0.307360857725143 0.343572348356247 0.489234387874603 0.502327144145966 0.523957967758179 0.54592102766037 0.589315891265869 0.629549205303192 0.660935759544373 0.720385491847992 0.708345592021942 0.694318234920502 0.703554391860962 0.714665770530701 0.708553850650787 0.732975602149963 0.734544456005096 0.729040920734406 0.70649641752243 0.712035000324249 0.725151658058167 -3.4e+38 -3.4e+38 -3.4e+38 -3.4e+38 -3.4e+38 -3.4e+38 -3.4e+38 -3.4e+38 -3.4e+38 -3.4e+38 -3.4e+38 -3.4e+38 -3.4e+38 -3.4e+38 -3.4e+38
0.176761999726295 0.187156870961189 0.167669951915741 0.163707420229912 0.160538598895073 0.15453028678894 0.169037267565727 0.196544960141182 0.217921271920204 0.25231209397316 0.27343288064003 0.310005068778992 0.344024181365967 0.355406373739243 0.510808408260345 0.545128107070923 0.566998362541199 0.590315759181976 0.62375670671463 0.653771042823792 0.694408178329468 0.695571660995483 0.679221749305725 0.689914762973785 0.697101652622223 0.694262862205505 0.689507901668549 0.710558354854584 0.697016596794128 0.707468569278717 0.690460801124573 0.709308803081512 0.709459364414215 -3.4e+38 -3.4e+38 -3.4e+38 -3.4e+38 -3.4e+38 -3.4e+38 -3.4e+38 -3.4e+38 -3.4e+38 -3.4e+38 -3.4e+38 -3.4e+38 -3.4e+38 -3.4e+38 -3.4e+38
0.195498809218407 0.177730768918991 0.161484375596046 0.168768897652626 0.162846177816391 0.159436494112015 0.174711421132088 0.21322138607502 0.240836784243584 0.261580288410187 0.284188479185104 0.320608824491501 0.379548609256744 0.51102751493454 0.533531010150909 0.553419828414917 0.577850639820099 0.599890887737274 0.632228493690491 0.688050985336304 0.704485952854156 0.689422905445099 0.692198574542999 0.679505944252014 0.6657595038414 0.658690512180328 0.679292976856232 0.685333073139191 0.671215534210205 0.666575908660889 -3.4e+38 -3.4e+38 -3.4e+38 -3.4e+38 -3.4e+38 -3.4e+38 -3.4e+38 -3.4e+38 -3.4e+38 -3.4e+38 -3.4e+38 -3.4e+38 -3.4e+38 -3.4e+38 -3.4e+38 -3.4e+38 -3.4e+38 -3.4e+38
0.191491767764091 0.183003067970276 0.179025247693062 0.175527662038803 0.160817861557007 0.176978036761284 0.173189148306847 0.214317172765732 0.248141303658485 0.272258013486862 0.319550096988678 0.337335735559464 0.368138074874878 0.556170046329498 0.56604015827179 0.610548615455627 0.633944630622864 0.657056570053101 0.690366148948669 0.707423090934753 0.698716938495636 0.685102641582489 0.670885980129242 0.65470278263092 0.656314969062805 0.651941418647766 0.64454460144043 0.658309698104858 0.646245241165161 0.648455023765564 -3.4e+38 -3.4e+38 -3.4e+38 -3.4e+38 -3.4e+38 -3.4e+38 -3.4e+38 -3.4e+38 -3.4e+38 -3.4e+38 -3.4e+38 -3.4e+38 -3.4e+38 -3.4e+38 -3.4e+38 -3.4e+38 -3.4e+38 -3.4e+38
0.197129547595978 0.193054497241974 0.188934087753296 0.185023382306099 0.185684069991112 0.19294074177742 0.209509506821632 0.23770546913147 0.280965745449066 0.305800020694733 0.331526815891266 0.385782033205032 0.403363943099976 0.567153692245483 0.622660100460052 0.667376637458801 0.690805971622467 0.714405953884125 0.730126678943634 0.72327333688736 0.714044451713562 0.68185943365097 0.687919557094574 0.649822294712067 0.623247027397156 0.622341334819794 0.639478981494904 0.651667058467865 -3.4e+38 -3.4e+38 -3.4e+38 -3.4e+38 -3.4e+38 -3.4e+38 -3.4e+38 -3.4e+38 -3.4e+38 -3.4e+38 -3.4e+38 -3.4e+38 -3.4e+38 -3.4e+38 -3.4e+38 -3.4e+38 -3.4e+38 -3.4e+38 -3.4e+38 -3.4e+38
0.199719771742821 0.213368535041809 0.213878765702248 0.200250223278999 0.197690084576607 0.222382709383965 0.242950573563576 0.257123440504074 0.318547785282135 0.345756232738495 0.366206228733063 0.424216985702515 0.444042950868607 0.614682614803314 0.644974410533905 0.699966728687286 0.722798526287079 0.733126163482666 0.752247214317322 0.722126066684723 0.709888756275177 0.702450156211853 0.689690947532654 0.649457156658173 0.617395281791687 0.620103776454926 0.638429880142212 0.653128445148468 -3.4e+38 -3.4e+38 -3.4e+38 -3.4e+38 -3.4e+38 -3.4e+38 -3.4e+38 -3.4e+38 -3.4e+38 -3.4e+38 -3.4e+38 -3.4e+38 -3.4e+38 -3.4e+38 -3.4e+38 -3.4e+38 -3.4e+38 -3.4e+38 -3.4e+38 -3.4e+38
0.200636878609657 0.219423711299896 0.226440042257309 0.227360218763351 0.230787724256516 0.270916253328323 0.310028433799744 0.337142646312714 0.358644872903824 0.41517099738121 0.449929744005203 0.454961091279984 0.477820515632629 0.649673521518707 0.70456737279892 0.729981362819672 0.753606021404266 0.748011887073517 0.744634628295898 0.742826700210571 0.734955847263336 0.72677081823349 0.714438557624817 0.673148393630981 0.67377120256424 0.639995753765106 0.638429880142212 -3.4e+38 -3.4e+38 -3.4e+38 -3.4e+38 -3.4e+38 -3.4e+38 -3.4e+38 -3.4e+38 -3.4e+38 -3.4e+38 -3.4e+38 -3.4e+38 -3.4e+38 -3.4e+38 -3.4e+38 -3.4e+38 -3.4e+38 -3.4e+38 -3.4e+38 -3.4e+38 -3.4e+38
0.203616976737976 0.228275537490845 0.235377013683319 0.242257177829742 0.284025192260742 0.317497372627258 0.343237340450287 0.37920144200325 0.417584419250488 0.44977006316185 0.516768574714661 0.550519585609436 0.565568089485168 0.727636516094208 0.730948984622955 0.753971695899963 0.767494678497314 0.766081511974335 0.761707484722137 0.759801983833313 0.754412472248077 0.744358241558075 0.734371364116669 0.713622152805328 0.689681529998779 0.699097394943237 -3.4e+38 -3.4e+38 -3.4e+38 -3.4e+38 -3.4e+38 -3.4e+38 -3.4e+38 -3.4e+38 -3.4e+38 -3.4e+38 -3.4e+38 -3.4e+38 -3.4e+38 -3.4e+38 -3.4e+38 -3.4e+38 -3.4e+38 -3.4e+38 -3.4e+38 -3.4e+38 -3.4e+38 -3.4e+38
0.233734458684921 0.261919051408768 0.275466799736023 0.318347752094269 0.332211464643478 0.360518604516983 0.397167444229126 0.421036154031754 0.465987324714661 0.527225077152252 0.571499466896057 0.592743277549744 0.626009285449982 0.796333909034729 0.769690454006195 0.785392999649048 0.76192969083786 0.778109788894653 0.7791428565979 0.756745457649231 0.769746005535126 0.765465021133423 0.75278228521347 0.740173161029816 0.73147064447403 -3.4e+38 -3.4e+38 -3.4e+38 -3.4e+38 -3.4e+38 -3.4e+38 -3.4e+38 -3.4e+38 -3.4e+38 -3.4e+38 -3.4e+38 -3.4e+38 -3.4e+38 -3.4e+38 -3.4e+38 -3.4e+38 -3.4e+38 -3.4e+38 -3.4e+38 -3.4e+38 -3.4e+38 -3.4e+38 -3.4e+38
0.2597835958004 0.279836922883987 0.326671272516251 0.366259425878525 0.398725211620331 0.413657128810883 0.445959538221359 0.48697566986084 0.512647747993469 0.575985312461853 0.645663976669312 0.655580163002014 0.658177316188812 0.789855122566223 0.802529454231262 0.796973466873169 0.7763831615448 0.797106742858887 0.7963045835495 0.772537708282471 0.767889678478241 0.780522406101227 0.768603205680847 0.752717316150665 0.748370349407196 -3.4e+38 -3.4e+38 -3.4e+38 -3.4e+38 -3.4e+38 -3.4e+38 -3.4e+38 -3.4e+38 -3.4e+38 -3.4e+38 -3.4e+38 -3.4e+38 -3.4e+38 -3.4e+38 -3.4e+38 -3.4e+38 -3.4e+38 -3.4e+38 -3.4e+38 -3.4e+38 -3.4e+38 -3.4e+38 -3.4e+38
0.277692079544067 0.317901819944382 0.355236142873764 0.395075380802155 0.45695823431015 0.464709162712097 0.490721702575684 0.539877653121948 0.5865638256073 0.62685352563858 0.677564561367035 0.677262187004089 0.829143822193146 0.805388331413269 0.818735659122467 0.812789142131805 0.812544584274292 0.792344987392426 0.79361367225647 0.789284706115723 0.782833755016327 0.795758068561554 0.785549759864807 0.780521035194397 0.744990527629852 -3.4e+38 -3.4e+38 -3.4e+38 -3.4e+38 -3.4e+38 -3.4e+38 -3.4e+38 -3.4e+38 -3.4e+38 -3.4e+38 -3.4e+38 -3.4e+38 -3.4e+38 -3.4e+38 -3.4e+38 -3.4e+38 -3.4e+38 -3.4e+38 -3.4e+38 -3.4e+38 -3.4e+38 -3.4e+38 -3.4e+38
0.316606819629669 0.332043260335922 0.393440395593643 0.443539947271347 0.473188489675522 0.509186029434204 0.565304636955261 0.600585758686066 0.655721247196198 0.677210986614227 0.829446613788605 0.844419658184052 0.83912581205368 0.836292028427124 0.849016904830933 0.846491098403931 0.828120112419128 0.809596419334412 0.789072036743164 0.787426829338074 0.805249214172363 0.811968624591827 0.808922469615936 0.793087065219879 -3.4e+38 -3.4e+38 -3.4e+38 -3.4e+38 -3.4e+38 -3.4e+38 -3.4e+38 -3.4e+38 -3.4e+38 -3.4e+38 -3.4e+38 -3.4e+38 -3.4e+38 -3.4e+38 -3.4e+38 -3.4e+38 -3.4e+38 -3.4e+38 -3.4e+38 -3.4e+38 -3.4e+38 -3.4e+38 -3.4e+38 -3.4e+38
0.477066159248352 0.497315943241119 0.410413891077042 0.453906685113907 0.487134575843811 0.557300746440887 0.607046365737915 0.657182633876801 0.826791346073151 0.860386431217194 0.858185946941376 0.856162667274475 0.853683471679688 0.846178114414215 0.842318892478943 0.858873605728149 0.838950037956238 0.804178416728973 0.80528599023819 0.806140840053558 0.785958468914032 0.814743280410767 0.815023601055145 -3.4e+38 -3.4e+38 -3.4e+38 -3.4e+38 -3.4e+38 -3.4e+38 -3.4e+38 -3.4e+38 -3.4e+38 -3.4e+38 -3.4e+38 -3.4e+38 -3.4e+38 -3.4e+38 -3.4e+38 -3.4e+38 -3.4e+38 -3.4e+38 -3.4e+38 -3.4e+38 -3.4e+38 -3.4e+38 -3.4e+38 -3.4e+38 -3.4e+38
0.499079912900925 0.542313754558563 0.584839880466461 0.626701295375824 0.567165315151215 0.733454406261444 0.772219896316528 0.825871706008911 0.872097671031952 0.900735557079315 0.867076635360718 0.8676518201828 0.860600769519806 0.85678768157959 0.869747579097748 0.847618520259857 0.834598422050476 0.822818398475647 0.806118726730347 0.788622736930847 0.789163112640381 0.821976125240326 0.832166910171509 -3.4e+38 -3.4e+38 -3.4e+38 -3.4e+38 -3.4e+38 -3.4e+38 -3.4e+38 -3.4e+38 -3.4e+38 -3.4e+38 -3.4e+38 -3.4e+38 -3.4e+38 -3.4e+38 -3.4e+38 -3.4e+38 -3.4e+38 -3.4e+38 -3.4e+38 -3.4e+38 -3.4e+38 -3.4e+38 -3.4e+38 -3.4e+38 -3.4e+38
0.552891910076141 0.564224064350128 0.607157468795776 0.683795630931854 0.713729977607727 0.749834954738617 0.783918499946594 0.836239337921143 0.882445573806763 0.895184695720673 0.878275454044342 0.891901254653931 0.887487292289734 0.879717350006104 0.855151653289795 0.854091346263885 0.824364542961121 0.818959534168243 0.806411445140839 0.812529146671295 0.819579184055328 0.846661388874054 0.852867782115936 -3.4e+38 -3.4e+38 -3.4e+38 -3.4e+38 -3.4e+38 -3.4e+38 -3.4e+38 -3.4e+38 -3.4e+38 -3.4e+38 -3.4e+38 -3.4e+38 -3.4e+38 -3.4e+38 -3.4e+38 -3.4e+38 -3.4e+38 -3.4e+38 -3.4e+38 -3.4e+38 -3.4e+38 -3.4e+38 -3.4e+38 -3.4e+38 -3.4e+38
0.576167106628418 0.608414530754089 0.630091428756714 0.670729875564575 0.68536639213562 0.742151200771332 0.778192460536957 0.811244189739227 0.860444724559784 0.874496877193451 0.889522731304169 0.885603606700897 0.877072155475616 0.870601832866669 0.844314336776733 0.852639198303223 0.844584107398987 0.819172441959381 0.827004730701447 0.81294709444046 0.839269697666168 0.840357899665833 -3.4e+38 -3.4e+38 -3.4e+38 -3.4e+38 -3.4e+38 -3.4e+38 -3.4e+38 -3.4e+38 -3.4e+38 -3.4e+38 -3.4e+38 -3.4e+38 -3.4e+38 -3.4e+38 -3.4e+38 -3.4e+38 -3.4e+38 -3.4e+38 -3.4e+38 -3.4e+38 -3.4e+38 -3.4e+38 -3.4e+38 -3.4e+38 -3.4e+38 -3.4e+38
0.620359659194946 0.63082367181778 0.671632826328278 0.687387466430664 0.700274884700775 0.715744137763977 0.772879302501678 0.809293568134308 0.822119951248169 0.857435047626495 0.866782546043396 0.879910349845886 0.870759606361389 0.849790036678314 0.868306756019592 0.840302884578705 0.827821612358093 0.819380044937134 0.828109264373779 0.841536819934845 0.838366985321045 0.84105396270752 -3.4e+38 -3.4e+38 -3.4e+38 -3.4e+38 -3.4e+38 -3.4e+38 -3.4e+38 -3.4e+38 -3.4e+38 -3.4e+38 -3.4e+38 -3.4e+38 -3.4e+38 -3.4e+38 -3.4e+38 -3.4e+38 -3.4e+38 -3.4e+38 -3.4e+38 -3.4e+38 -3.4e+38 -3.4e+38 -3.4e+38 -3.4e+38 -3.4e+38 -3.4e+38
0.670455396175385 0.671179056167603 0.668205320835114 0.681729674339294 0.694493114948273 0.731021881103516 0.769356667995453 0.783724725246429 0.81979101896286 0.848247706890106 0.859545588493347 0.850143373012543 0.880059480667114 0.864257097244263 0.852723896503448 0.840992748737335 0.816141903400421 0.827540099620819 0.830757021903992 0.844464778900146 0.838223934173584 0.844013392925262 -3.4e+38 -3.4e+38 -3.4e+38 -3.4e+38 -3.4e+38 -3.4e+38 -3.4e+38 -3.4e+38 -3.4e+38 -3.4e+38 -3.4e+38 -3.4e+38 -3.4e+38 -3.4e+38 -3.4e+38 -3.4e+38 -3.4e+38 -3.4e+38 -3.4e+38 -3.4e+38 -3.4e+38 -3.4e+38 -3.4e+38 -3.4e+38 -3.4e+38 -3.4e+38
0.672888219356537 0.672911822795868 0.683923661708832 0.676304578781128 0.688897848129272 0.729611992835999 0.744082152843475 0.778868556022644 0.787330210208893 0.821784615516663 0.848700284957886 0.844310760498047 0.859593152999878 0.863438844680786 0.835867762565613 0.827438056468964 0.819369196891785 0.828495562076569 0.826936841011047 0.847715854644775 0.854184985160828 0.844725370407104 -3.4e+38 -3.4e+38 -3.4e+38 -3.4e+38 -3.4e+38 -3.4e+38 -3.4e+38 -3.4e+38 -3.4e+38 -3.4e+38 -3.4e+38 -3.4e+38 -3.4e+38 -3.4e+38 -3.4e+38 -3.4e+38 -3.4e+38 -3.4e+38 -3.4e+38 -3.4e+38 -3.4e+38 -3.4e+38 -3.4e+38 -3.4e+38 -3.4e+38 -3.4e+38
0.667451977729797 0.665187060832977 0.655054211616516 0.671582162380219 0.70842707157135 0.70296984910965 0.739430606365204 0.748993337154388 0.779749274253845 0.793072402477264 0.821433961391449 0.821662664413452 0.868742227554321 0.847341060638428 0.835144400596619 0.81117171049118 0.803190886974335 0.82393753528595 0.829406678676605 0.825280129909515 0.834174394607544 -3.4e+38 -3.4e+38 -3.4e+38 -3.4e+38 -3.4e+38 -3.4e+38 -3.4e+38 -3.4e+38 -3.4e+38 -3.4e+38 -3.4e+38 -3.4e+38 -3.4e+38 -3.4e+38 -3.4e+38 -3.4e+38 -3.4e+38 -3.4e+38 -3.4e+38 -3.4e+38 -3.4e+38 -3.4e+38 -3.4e+38 -3.4e+38 -3.4e+38 -3.4e+38 -3.4e+38
0.664936482906342 0.657290160655975 0.651767730712891 0.666720390319824 0.682949602603912 0.71295690536499 0.722599685192108 0.761282742023468 0.771896362304688 0.785257041454315 0.813405215740204 0.831755816936493 0.824897229671478 0.820213437080383 0.813621819019318 0.792515158653259 0.806928992271423 0.80574107170105 0.812294125556946 0.822121798992157 0.821524620056152 -3.4e+38 -3.4e+38 -3.4e+38 -3.4e+38 -3.4e+38 -3.4e+38 -3.4e+38 -3.4e+38 -3.4e+38 -3.4e+38 -3.4e+38 -3.4e+38 -3.4e+38 -3.4e+38 -3.4e+38 -3.4e+38 -3.4e+38 -3.4e+38 -3.4e+38 -3.4e+38 -3.4e+38 -3.4e+38 -3.4e+38 -3.4e+38 -3.4e+38 -3.4e+38 -3.4e+38
