data/climate_estimation/maxent_output/Toxicoscordion_fremontii.asc
NCOLS 82 
NROWS 98 
XLLCORNER -123.583333333333 
YLLCORNER 32.1666666666667 
CELLSIZE 0.0833333333333333 
NODATA_value -3.4e+38 
[rows 22 to 43 of 98, columns 0 to 47 of 82]
-3.4e+38 -3.4e+38 -3.4e+38 -3.4e+38 0.410326927900314 0.435439735651016 0.760808169841766 0.748931586742401 0.712552309036255 0.715768873691559 0.830515086650848 0.746680319309235 0.77803361415863 0.727401912212372 0.702004671096802 0.792132019996643 0.707982778549194 0.692656874656677 0.422236204147339 0.252191811800003 0.278921395540237 0.364994406700134 0.391486644744873 0.378819495439529 0.341357260942459 0.336893975734711 0.316913574934006 0.307089000940323 0.266287297010422 0.226935684680939 0.197501465678215 0.178110361099243 0.212057366967201 0.28307917714119 0.130294695496559 0.0886669978499413 0.0683591067790985 0.0416284911334515 0.0434540435671806 0.0202568508684635 0.0114093981683254 0.007120365742594 0.00577419903129339 0.00460542971268296 0.0036331145092845 0.00294168689288199 0.00233517424203455 0.00167823175434023
-3.4e+38 -3.4e+38 -3.4e+38 -3.4e+38 -3.4e+38 0.713654518127441 0.744751393795013 0.754035174846649 0.734571278095245 0.798981964588165 0.826696217060089 0.781798839569092 0.744360506534576 0.78683614730835 0.811137020587921 0.811535179615021 0.817405045032501 0.753128945827484 0.595074951648712 0.406885176897049 0.40181091427803 0.447924852371216 0.437487959861755 0.433226197957993 0.382448792457581 0.381097167730331 0.348014444112778 0.295115858316422 0.270396441221237 0.229872271418571 0.155689030885696 0.130623638629913 0.163786172866821 0.2276311814785 0.126210317015648 0.0728341937065125 0.0965519621968269 0.0628355145454407 0.0452451407909393 0.0414829291403294 0.0123589336872101 0.0081570278853178 0.00627354439347982 0.00483683822676539 0.00403286842629313 0.00301086762920022 0.00229747081175447 0.00162921287119389
-3.4e+38 -3.4e+38 -3.4e+38 -3.4e+38 -3.4e+38 -3.4e+38 0.7208411693573 0.768799543380737 0.749567687511444 0.755067646503448 0.796274423599243 0.80456954240799 0.80831241607666 0.744512259960175 0.830280780792236 0.876466751098633 0.862241685390472 0.852940678596497 0.773557782173157 0.680759906768799 0.606195867061615 0.542296707630157 0.50941389799118 0.454926133155823 0.391647070646286 0.365107238292694 0.347795188426971 0.3339703977108 0.295549362897873 0.222051948308945 0.148453459143639 0.12344504147768 0.113865576684475 0.155635759234428 0.185438975691795 0.114738054573536 0.0910195559263229 0.133875280618668 0.0931854769587517 0.0440097562968731 0.0380285605788231 0.011233638972044 0.00952057540416718 0.00590912578627467 0.00421266350895166 0.00335763953626156 0.0028066246304661 0.00191756174899638
-339999999999999996123846586046231871488.000000000000000 -3.4e+38 -3.4e+38 -3.4e+38 -3.4e+38 -3.4e+38 -3.4e+38 0.751164197921753 0.790388822555542 0.807634055614471 0.815725862979889 0.811132073402405 0.812282621860504 0.812644124031067 0.84089982509613 0.910295486450195 0.899639129638672 0.909293830394745 0.891380965709686 0.856882572174072 0.780344665050507 0.657675385475159 0.54158341884613 0.473493337631226 0.430131316184998 0.413729518651962 0.396786332130432 0.338857769966125 0.282392084598541 0.220989659428596 0.185611456632614 0.14836622774601 0.101059533655643 0.112753987312317 0.134021803736687 0.206881210207939 0.135183677077293 0.196334168314934 0.173931390047073 0.171697556972504 0.0851249098777771 0.0344528034329414 0.0290570110082626 0.0058987713418901 0.00426079612225294 0.0032514133490622 0.00247103860601783 0.00192528881598264
-3.4e+38 -3.4e+38 -3.4e+38 -3.4e+38 -3.4e+38 -3.4e+38 -3.4e+38 0.74369490146637 0.779066503047943 0.827367722988129 0.848413586616516 0.881025731563568 0.828840553760529 0.830885767936707 0.907728731632233 0.943510293960571 0.94469290971756 0.93669205904007 0.915347576141357 0.892725586891174 0.834728956222534 0.687232673168182 0.476852506399155 0.391354531049728 0.324654698371887 0.337318122386932 0.384427815675735 0.388069331645966 0.304508984088898 0.209618270397186 0.16464276611805 0.122846685349941 0.114939108490944 0.113614335656166 0.201130673289299 0.128553912043571 0.186832368373871 0.143874183297157 0.151247605681419 0.139348939061165 0.182143032550812 0.0859488621354103 0.0166973564773798 0.00701446132734418 0.00527184316888452 0.00393379852175713 0.00305421580560505 0.00219988473691046
-3.4e+38 -3.4e+38 -3.4e+38 -3.4e+38 -3.4e+38 -3.4e+38 0.674325287342072 0.709226608276367 0.779596924781799 0.83351331949234 0.875201106071472 0.893020868301392 0.893178641796112 0.904731273651123 0.945008516311646 0.959037184715271 0.961429238319397 0.961441099643707 0.93243533372879 0.873470425605774 0.835141122341156 0.562716484069824 0.349850386381149 0.279970705509186 0.229344725608826 0.255062282085419 0.273931980133057 0.307564973831177 0.238442659378052 0.162102147936821 0.119212910532951 0.1063172519207 0.0979564562439919 0.102652311325073 0.132127985358238 0.17909163236618 0.147591903805733 0.173176512122154 0.174696907401085 0.317126661539078 0.182311445474625 0.085479162633419 0.0764016807079315 0.0150754088535905 0.00821311213076115 0.00508605502545834 0.00373770971782506 0.0028691622428596
-3.4e+38 -3.4e+38 -3.4e+38 -3.4e+38 -3.4e+38 -3.4e+38 0.647355675697327 0.662981569766998 -3.4e+38 0.852224409580231 0.885186493396759 0.896188616752625 0.958600759506226 0.943138837814331 0.958314657211304 0.958141207695007 0.956703960895538 0.944771885871887 0.94171416759491 0.859651505947113 0.759913563728333 0.501447975635529 0.259030431509018 0.171807393431664 0.151777774095535 0.151687532663345 0.156030267477036 0.172375187277794 0.1639304459095 0.121177226305008 0.0825076252222061 0.0646312013268471 0.0632373243570328 0.0798362791538239 0.128160625696182 0.126856252551079 0.127551034092903 0.141226053237915 0.208099201321602 0.352593660354614 0.24419005215168 0.179307416081429 0.162814304232597 0.0662546083331108 0.0595693327486515 0.021951099857688 0.00600802805274725 0.00365802901796997
-3.4e+38 -3.4e+38 -3.4e+38 -3.4e+38 -3.4e+38 -3.4e+38 -3.4e+38 -3.4e+38 -3.4e+38 -3.4e+38 0.880932569503784 0.897450983524323 0.930854856967926 0.952463924884796 0.956549167633057 0.936581075191498 0.943903625011444 0.922931671142578 0.898503422737122 0.794823288917542 0.731925666332245 0.612610518932343 0.266656488180161 0.170562550425529 0.110866032540798 0.112968288362026 0.0951132997870445 0.103520013391972 0.0894759744405746 0.0773729532957077 0.0562209933996201 0.0487404502928257 0.0482398122549057 0.0626663193106651 0.0940903201699257 0.108384668827057 0.119840011000633 0.128401026129723 0.152573704719543 0.206945046782494 0.327109754085541 0.223128497600555 0.244683727622032 0.132586136460304 0.129106253385544 0.0244381409138441 0.00499155232682824 0.00366242858581245
-3.4e+38 -3.4e+38 -3.4e+38 -3.4e+38 -3.4e+38 -3.4e+38 -3.4e+38 -3.4e+38 -3.4e+38 -3.4e+38 -3.4e+38 -3.4e+38 0.907646834850311 0.883473873138428 0.931473910808563 0.952693521976471 0.955851018428802 0.930679142475128 0.860385119915009 0.797452390193939 0.751362681388855 0.636913776397705 0.420943379402161 0.187682241201401 0.0864667370915413 0.0747906342148781 0.0583841577172279 0.0700520724058151 0.0577470622956753 0.0585552267730236 0.0591812543570995 0.0490598641335964 0.0433338917791843 0.0512675344944 0.0621131956577301 0.0797999352216721 0.0973905697464943 0.111837647855282 0.130645200610161 0.215514615178108 0.247494280338287 0.313276588916779 0.275288701057434 0.145988985896111 0.147433906793594 0.0268082078546286 0.00553518161177635 0.00402216659858823
-3.4e+38 -3.4e+38 -3.4e+38 -3.4e+38 -3.4e+38 -3.4e+38 -3.4e+38 -3.4e+38 -3.4e+38 -3.4e+38 -3.4e+38 -3.4e+38 0.765641093254089 0.847775757312775 0.90811014175415 0.968154847621918 0.971042156219482 0.942777812480927 0.902356326580048 0.809733390808105 0.677234828472137 0.530157208442688 0.405682176351547 0.355743914842606 0.119568474590778 0.0551086142659187 0.0446817316114902 0.0479039996862411 0.0464662648737431 0.0430159233510494 0.0540774948894978 0.044656977057457 0.0473433434963226 0.0525752082467079 0.0510110706090927 0.056154303252697 0.0675588846206665 0.0899506583809853 0.0941825211048126 0.150684699416161 0.1761774122715 0.475365310907364 0.372738212347031 0.27020075917244 0.13378532230854 0.132204070687294 0.0259986966848373 0.00745684048160911
-3.4e+38 -3.4e+38 -3.4e+38 -3.4e+38 -3.4e+38 -3.4e+38 -3.4e+38 -3.4e+38 -3.4e+38 -3.4e+38 -3.4e+38 -3.4e+38 0.583558440208435 0.819092214107513 0.929072320461273 0.974574327468872 -3.4e+38 0.970299184322357 0.926840245723724 0.7952800989151 0.71959376335144 0.639235734939575 0.513792097568512 0.447473764419556 0.320546329021454 0.151193201541901 0.0631679594516754 0.0420515276491642 0.0435115322470665 0.0464534685015678 0.0476780831813812 0.0421513840556145 0.0408785976469517 0.0486080572009087 0.0521391108632088 0.0497492924332619 0.056459441781044 0.0627011433243752 0.0869715213775635 0.101039461791515 0.164787098765373 0.183563753962517 0.193837627768517 0.286033540964127 0.200849041342735 0.270176529884338 0.0659032687544823 0.00838975235819817
-3.4e+38 -3.4e+38 -3.4e+38 -3.4e+38 -3.4e+38 -3.4e+38 -3.4e+38 -3.4e+38 -3.4e+38 -3.4e+38 -3.4e+38 -3.4e+38 0.569486081600189 0.766310572624207 0.85382080078125 0.979156255722046 0.987791895866394 0.97173935174942 0.912050426006317 0.863404333591461 0.775517702102661 0.686904549598694 0.535012245178223 0.448590099811554 0.406852632761002 0.309775173664093 0.198727026581764 0.0894027203321457 0.0504874251782894 0.0398594401776791 0.0404745191335678 0.0363413020968437 0.0342806503176689 0.039447333663702 0.0443248897790909 0.032928254455328 0.0275827534496784 0.0270433407276869 0.0340144671499729 0.0821655541658401 0.103165827691555 0.208123564720154 0.361387610435486 0.392246752977371 0.277489602565765 0.153609976172447 0.161430805921555 0.0658136159181595
-3.4e+38 -3.4e+38 -3.4e+38 -3.4e+38 -3.4e+38 -3.4e+38 -3.4e+38 -3.4e+38 -3.4e+38 -3.4e+38 -3.4e+38 -3.4e+38 -3.4e+38 0.623656094074249 0.813100039958954 0.88643878698349 0.972786545753479 0.972956836223602 0.912149667739868 0.83958113193512 0.831231117248535 0.633029282093048 0.595550775527954 0.50326681137085 0.450827896595001 0.362243682146072 0.308290958404541 0.175769120454788 0.0794389769434929 0.0430958084762096 0.0338338539004326 0.0321536473929882 0.0280476305633783 0.0332488752901554 0.0228547751903534 0.0243711639195681 0.0315226875245571 0.0316584706306458 0.0361541882157326 0.0329775884747505 0.0800671502947807 0.10344360768795 0.191086918115616 0.176338702440262 0.225570514798164 0.196244582533836 0.152607426047325 0.167638316750526
-3.4e+38 -3.4e+38 -3.4e+38 -3.4e+38 -3.4e+38 -3.4e+38 -3.4e+38 -3.4e+38 -3.4e+38 -3.4e+38 -3.4e+38 -3.4e+38 -3.4e+38 0.618614077568054 0.769553482532501 0.844150185585022 0.887130916118622 0.959333837032318 0.962242186069489 0.907840073108673 0.850188016891479 0.778902113437653 0.618207395076752 0.516609966754913 0.440761625766754 0.401737779378891 0.341880172491074 0.229778811335564 0.0979928597807884 0.0449427738785744 0.0327049978077412 0.0199817307293415 0.0131663857027888 0.0165492184460163 0.0172727555036545 0.0254540983587503 0.0300697702914476 0.0281765405088663 0.0230783335864544 0.0217972490936518 0.0256438367068768 0.0792492032051086 0.102281622588634 0.142885819077492 0.123591870069504 0.150169253349304 0.260768473148346 0.273179858922958
-3.4e+38 -3.4e+38 -3.4e+38 -3.4e+38 -3.4e+38 -3.4e+38 -3.4e+38 -3.4e+38 -3.4e+38 -3.4e+38 -3.4e+38 -3.4e+38 -3.4e+38 -3.4e+38 0.406976968050003 0.81499183177948 0.848286867141724 0.81151670217514 0.929969429969788 0.931160986423492 0.893982291221619 0.811099767684937 0.666106760501862 0.549166023731232 0.520054399967194 0.404720097780228 0.31665512919426 0.256124883890152 0.130274623632431 0.0493734814226627 0.0202064476907253 0.0165091026574373 0.0159765724092722 0.0134374750778079 0.0154673438519239 0.0180413573980331 0.0266233570873737 0.020490238443017 0.0193587522953749 0.015841580927372 0.0171764511615038 0.0218723379075527 0.035621453076601 0.0691070780158043 0.0761288776993752 0.128745198249817 0.274546384811401 0.421410620212555
-3.4e+38 -3.4e+38 -3.4e+38 -3.4e+38 -3.4e+38 -3.4e+38 -3.4e+38 -3.4e+38 -3.4e+38 -3.4e+38 -3.4e+38 -3.4e+38 -3.4e+38 -3.4e+38 0.398078739643097 0.502153277397156 0.849736750125885 0.857042908668518 0.838324308395386 0.8290935754776 0.872033953666687 0.856371641159058 0.782725393772125 0.607193648815155 0.542729020118713 0.446746677160263 0.327862173318863 0.278777807950974 0.14826437830925 0.0647886097431183 0.0356084778904915 0.0138658164069057 0.0134272007271647 0.0128711247816682 0.0109486654400826 0.0116866650059819 0.0157439112663269 0.0156066799536347 0.0152653297409415 0.0151241617277265 0.0115874176844954 0.012280210852623 0.0176346655935049 0.0232514124363661 0.0691336169838905 0.0803049132227898 0.156511470675468 0.184819966554642
-3.4e+38 -3.4e+38 -3.4e+38 -3.4e+38 -3.4e+38 -3.4e+38 -3.4e+38 -3.4e+38 -3.4e+38 -3.4e+38 -3.4e+38 -3.4e+38 -3.4e+38 -3.4e+38 0.706780314445496 0.802681148052216 0.532162964344025 0.86394739151001 0.856593251228333 0.84766948223114 0.797435700893402 0.787040591239929 0.785566985607147 0.807404398918152 0.578668892383575 0.491725236177444 0.371965050697327 0.330772638320923 0.228541135787964 0.0781440362334251 0.0335125476121902 0.0116157568991184 0.0108962217345834 0.00914956536144018 0.00987719837576151 0.0107517754659057 0.0105156740173697 0.0108284400776029 0.0116584282368422 0.0115299206227064 0.0105328895151615 0.0099438801407814 0.00826226267963648 0.0117526035755873 0.0181173756718636 0.0678540840744972 0.0762989223003387 0.113632023334503
-3.4e+38 -3.4e+38 -3.4e+38 -3.4e+38 -3.4e+38 -3.4e+38 -3.4e+38 -3.4e+38 -3.4e+38 -3.4e+38 -3.4e+38 -3.4e+38 -3.4e+38 -3.4e+38 -3.4e+38 0.803737699985504 0.834178984165192 0.849119424819946 0.850741446018219 0.840465128421783 0.82899421453476 0.806590735912323 0.782211363315582 0.776741325855255 0.686469733715057 0.576766788959503 0.469972878694534 0.354812890291214 0.210282519459724 0.0745213031768799 0.0341017507016659 0.0231258533895016 0.00946476310491562 0.00739379739388824 0.00702220620587468 0.00645573204383254 0.00857064314186573 0.00888039264827967 0.00833356007933617 0.00800458155572414 0.00697515485808253 0.00651230616495013 0.00593335879966617 0.00666442653164268 0.00822041742503643 0.0117363752797246 0.0211834125220776 0.0323560461401939
-3.4e+38 -3.4e+38 -3.4e+38 -3.4e+38 -3.4e+38 -3.4e+38 -3.4e+38 -3.4e+38 -3.4e+38 -3.4e+38 -3.4e+38 -3.4e+38 -3.4e+38 -3.4e+38 -3.4e+38 -3.4e+38 0.805193781852722 0.815041422843933 0.816766202449799 0.82644134759903 0.87854129076004 0.891764521598816 0.850071370601654 0.740992844104767 0.749086201190948 0.784971177577972 0.605085074901581 0.346840083599091 0.299676924943924 0.117224425077438 0.0463523119688034 0.0208441764116287 0.0138021511957049 0.00670444499701262 0.0059699765406549 0.00605020765215158 0.00561965396627784 0.00686488440260291 0.00635430635884404 0.00584320444613695 0.0053142998367548 0.00503149814903736 0.00458826404064894 0.00508389109745622 0.00581241538748145 0.00762788625434041 0.0111351609230042 0.0262901689857244
-3.4e+38 -3.4e+38 -3.4e+38 -3.4e+38 -3.4e+38 -3.4e+38 -3.4e+38 -3.4e+38 -3.4e+38 -3.4e+38 -3.4e+38 -3.4e+38 -3.4e+38 -3.4e+38 -3.4e+38 -3.4e+38 -3.4e+38 -3.4e+38 -3.4e+38 -3.4e+38 0.85229754447937 0.825879395008087 0.853001296520233 0.819440007209778 0.793726980686188 0.778064489364624 0.61870139837265 0.403009086847305 0.331095993518829 0.259788244962692 0.0954253152012825 0.0264575611799955 0.0193033628165722 0.0110979480668902 0.00545195769518614 0.00554279331117868 0.004477568436414 0.00509316567331553 0.00440728571265936 0.00496352463960648 0.00507514085620642 0.00461442023515701 0.00482702208682895 0.00498155830428004 0.00528142414987087 0.00656320154666901 0.00815676152706146 0.0144606223329902
-3.4e+38 -3.4e+38 -3.4e+38 -3.4e+38 -3.4e+38 -3.4e+38 -3.4e+38 -3.4e+38 -3.4e+38 -3.4e+38 -3.4e+38 -3.4e+38 -3.4e+38 -3.4e+38 -3.4e+38 -3.4e+38 -3.4e+38 -3.4e+38 -3.4e+38 -3.4e+38 -3.4e+38 0.866260945796967 0.859201610088348 0.839163899421692 0.744998395442963 0.630945324897766 0.668214917182922 0.341681092977524 0.273637980222702 0.274194478988647 0.255075722932816 0.240952089428902 0.0241962000727654 0.0124339470639825 0.00508361542597413 0.00433947471901774 0.00446907989680767 0.00461230333894491 0.00325199891813099 0.0041811834089458 0.00367404404096305 0.00337575189769268 0.00370365241542459 0.00429969653487206 0.0047603752464056 0.00649079820141196 0.00746848480775952 0.0101380245760083
-3.4e+38 -3.4e+38 -3.4e+38 -3.4e+38 -3.4e+38 -3.4e+38 -3.4e+38 -3.4e+38 -3.4e+38 -3.4e+38 -3.4e+38 -3.4e+38 -3.4e+38 -3.4e+38 -3.4e+38 -3.4e+38 -3.4e+38 -3.4e+38 -3.4e+38 -3.4e+38 -3.4e+38 0.888084292411804 0.82437402009964 0.629961848258972 0.80934739112854 0.547869324684143 0.489361613988876 0.382223069667816 0.264526814222336 0.260241717100143 0.278091758489609 0.34573420882225 0.0298171527683735 0.0411289781332016 0.0123734166845679 0.0057306201197207 0.00502124475315213 0.00446217833086848 0.00292858295142651 0.00332397851161659 0.00282388716004789 0.00392614770680666 0.0040634935721755 0.00444904761388898 0.00587626080960035 0.00659759668633342 0.00685929460451007 0.00972900912165642
