data/climate_estimation/maxent_output/Toxicoscordion_paniculatum.asc
NCOLS 231 
NROWS 234 
XLLCORNER -123.75 
YLLCORNER 29.9166666666667 
CELLSIZE 0.0833333333333333 
NODATA_value -3.4e+38 
[rows 120 to 139 of 234, columns 176 to 219 of 231]
0.2869952917099 0.208335012197495 0.249305114150047 0.354414165019989 0.496402829885483 0.568927109241486 0.499787151813507 0.533773481845856 0.577153623104095 0.559807658195496 0.55715411901474 0.558973371982574 0.579964697360992 0.363585621118546 0.256950348615646 0.433316230773926 0.465702742338181 0.547806143760681 0.367049783468246 0.309444218873978 0.325355976819992 0.658880174160004 0.610258996486664 0.652213335037231 0.621265053749084 0.60383927822113 0.450604617595673 0.390122681856155 0.368229240179062 0.311199516057968 0.0872324407100677 0.114986665546894 0.117441557347775 0.128859966993332 0.0747943744063377 0.0154742924496531 0.0453648418188095 0.0616016127169132 0.112382315099239 0.130011454224586 0.0875953882932663 0.0585295669734478 0.0608727112412453 0.14194943010807
0.142181903123856 0.124208852648735 0.129237085580826 0.161540493369102 0.201994299888611 0.446482092142105 0.577432990074158 0.585778176784515 0.608695805072784 0.403107464313507 0.382336854934692 0.628434062004089 0.518946170806885 0.520100355148315 0.475544363260269 0.586668014526367 0.497357964515686 0.42186713218689 0.418144851922989 0.313192874193192 0.329799443483353 0.456972002983093 0.585045874118805 0.41795888543129 0.637444257736206 0.563031494617462 0.545621156692505 0.271112442016602 0.198988646268845 0.299864947795868 0.124303638935089 0.0851075276732445 0.22171488404274 0.178723812103271 0.0448270738124847 0.0360674448311329 0.107440322637558 0.120414532721043 0.142616227269173 0.137203007936478 0.138692155480385 0.0894543901085854 0.0422629229724407 0.0544537715613842
0.118074961006641 0.133162021636963 0.125399485230446 0.11979641020298 0.150483876466751 0.170871317386627 0.331386804580688 0.603350818157196 0.593313574790955 0.489817023277283 0.580908536911011 0.608452081680298 0.642398655414581 0.602125465869904 0.514760613441467 0.504908502101898 0.493840157985687 0.343844383955002 0.371294915676117 0.369393050670624 0.262008726596832 0.352577537298203 0.517449975013733 0.170733630657196 0.302139699459076 0.423372715711594 0.541497230529785 0.410157412290573 0.186258375644684 0.0677740275859833 0.0570910796523094 0.0446924604475498 0.294517040252686 0.253682225942612 0.0367782264947891 0.0443334616720676 0.112352348864079 0.138030394911766 0.138113811612129 0.122963100671768 0.115768305957317 0.0976491272449493 0.0923035517334938 0.0601693205535412
0.122795179486275 0.25886344909668 0.448295503854752 0.382013708353043 0.191587656736374 0.113734312355518 0.117773853242397 0.22929859161377 0.363240271806717 0.639419674873352 0.506101369857788 0.598171710968018 0.654274582862854 0.436279594898224 0.259402692317963 0.26769945025444 0.174349248409271 0.381050825119019 0.356454282999039 0.486722439527512 0.518268704414368 0.36992347240448 0.332639455795288 0.100048996508121 0.0663367956876755 0.0716587975621223 0.284069836139679 0.282898485660553 0.123682789504528 0.0728596374392509 0.0295812357217073 0.035906795412302 0.25685042142868 0.196419700980186 0.0498682931065559 0.0880923643708229 0.129453510046005 0.132494151592255 0.0789750516414642 0.0883454233407974 0.0768775716423988 0.107220537960529 0.104783929884434 0.0713493973016739
0.343038767576218 0.549159586429596 0.620380103588104 0.603318750858307 0.604182124137878 0.245020553469658 0.112922452390194 0.111569084227085 0.191948071122169 0.653942406177521 0.318782359361649 0.276422202587128 0.182870402932167 0.218862771987915 0.257758408784866 0.235993355512619 0.209590405225754 0.328643798828125 0.397754043340683 0.450830727815628 0.779781222343445 0.362443447113037 0.355162501335144 0.158992439508438 0.0967164263129234 0.0575153008103371 0.0425224751234055 0.112434931099415 0.0693486034870148 0.040636233985424 0.060866080224514 0.0466071665287018 0.117611318826675 0.198322951793671 0.141095146536827 0.0985339432954788 0.123842731118202 0.0795918926596642 0.0511856116354465 0.0412005037069321 0.0389401465654373 0.0388827435672283 0.0810219123959541 0.0491903871297836
0.882866621017456 0.8646160364151 0.868864238262177 0.815505146980286 0.789643883705139 0.627335548400879 0.538001954555511 0.160732865333557 0.197571769356728 0.602621853351593 0.692144334316254 0.314756721258163 0.497631311416626 0.766466200351715 0.717554986476898 0.636126339435577 0.502434551715851 0.583179235458374 0.770498991012573 0.499292105436325 0.761362373828888 0.753543972969055 0.569444239139557 0.184072822332382 0.225800275802612 0.173427283763885 0.0829781740903854 0.063773512840271 0.110167130827904 0.207809552550316 0.075599879026413 0.0502724274992943 0.0364931896328926 0.0523873791098595 0.179574742913246 0.0842032507061958 0.130260899662971 0.0691623166203499 0.0404603406786919 0.0366843342781067 0.0372690968215466 0.0386594273149967 0.0356588289141655 0.0457805059850216
0.8766068816185 0.688377737998962 0.594968318939209 0.58759081363678 0.47745481133461 0.626638889312744 0.641401529312134 0.590389013290405 0.206783801317215 0.45834481716156 0.820177733898163 0.674134790897369 0.662850737571716 0.639654576778412 0.668448567390442 0.656962990760803 0.838395833969116 0.893574059009552 0.863804936408997 0.743852853775024 0.675433754920959 0.620016396045685 0.429133325815201 0.276551753282547 0.245067968964577 0.354519158601761 0.335557699203491 0.169365167617798 0.156915292143822 0.193258985877037 0.358753830194473 0.130218207836151 0.0520310401916504 0.0373137667775154 0.205637767910957 0.131091222167015 0.134402707219124 0.109551563858986 0.0619971938431263 0.0516635775566101 0.0536485835909843 0.0616173520684242 0.0641881972551346 0.0481202378869057
0.899907946586609 0.789881646633148 0.797516763210297 0.641915798187256 0.639234483242035 0.719708561897278 0.79875248670578 0.620958209037781 0.557562708854675 0.238790616393089 0.315833568572998 0.27358865737915 0.23944827914238 0.329438537359238 0.558976650238037 0.65059769153595 0.669194221496582 0.709819495677948 0.675764799118042 0.501327455043793 0.373493641614914 0.596969723701477 0.335417598485947 0.329091161489487 0.376483827829361 0.236930549144745 0.388738512992859 0.219148769974709 0.273826539516449 0.241755783557892 0.303803831338882 0.150785341858864 0.0491802543401718 0.105516366660595 0.148670837283134 0.133493766188622 0.109625108540058 0.105239950120449 0.0846434980630875 0.0823077857494354 0.0872555524110794 0.0731150656938553 0.0655930489301682 0.045194823294878
0.885603666305542 0.418287038803101 0.890272974967957 0.676870763301849 0.559389710426331 0.629582762718201 0.700306713581085 0.794624447822571 0.622409641742706 0.564603388309479 0.32236447930336 0.184967651963234 0.209100052714348 0.316653847694397 0.625753939151764 0.680086195468903 0.671679139137268 0.649733185768127 0.794471502304077 0.594497978687286 0.267429888248444 0.333252191543579 0.0944859385490417 0.177690014243126 0.447591632604599 0.414034068584442 0.422302693128586 0.363950699567795 0.314134061336517 0.084708496928215 0.0902386978268623 0.0571782663464546 0.0576996356248856 0.0512699522078037 0.149915605783463 0.145684480667114 0.118455588817596 0.108163073658943 0.0832982957363129 0.0852806940674782 0.0842433273792267 0.0558644607663155 0.0480212606489658 0.0580285303294659
0.884525418281555 0.903727054595947 0.904220879077911 0.858226597309113 0.565111994743347 0.508339881896973 0.624584019184113 0.780278265476227 0.617251813411713 0.611830234527588 0.58319228887558 0.461393296718597 0.357045859098434 0.405196636915207 0.632603883743286 0.579422354698181 0.712062180042267 0.524275422096252 0.739339888095856 0.360923796892166 0.317736238241196 0.403753370046616 0.210240483283997 0.290212392807007 0.42974129319191 0.442147970199585 0.402922093868256 0.358713656663895 0.276459187269211 0.182138860225677 0.222849309444427 0.12509748339653 0.0404196530580521 0.0246419757604599 0.0823401883244514 0.168096050620079 0.139712959527969 0.127441823482513 0.10810848325491 0.0863586217164993 0.0988677516579628 0.0808375328779221 0.052647665143013 0.0678473338484764
0.870549976825714 0.909691870212555 0.84795880317688 0.88910186290741 0.76328444480896 0.493116140365601 0.55013233423233 0.666611611843109 0.729390382766724 0.761642873287201 0.586106836795807 0.59164172410965 0.511081159114838 0.476914435625076 0.559782564640045 0.600144624710083 0.688456475734711 0.642310261726379 0.62331610918045 0.440138667821884 0.437187880277634 0.617041409015656 0.506262421607971 0.468926936388016 0.441743433475494 0.395114839076996 0.369081676006317 0.361753612756729 0.375436097383499 0.370591312646866 0.345517724752426 0.277311205863953 0.103515483438969 0.123374566435814 0.171059623360634 0.168050929903984 0.182337403297424 0.13072358071804 0.128088533878326 0.117466531693935 0.0910226032137871 0.0815353617072105 0.0691109597682953 0.0975861102342606
0.860008060932159 0.901109158992767 0.794614613056183 0.798554241657257 0.894562900066376 0.792702317237854 0.504530131816864 0.479520887136459 0.452211409807205 0.514961421489716 0.712686896324158 0.466895312070847 0.582835853099823 0.564111888408661 0.542527198791504 0.616940557956696 0.474515229463577 0.572786390781403 0.611893713474274 0.536421716213226 0.567552983760834 0.610919415950775 0.524034321308136 0.490835666656494 0.414580315351486 0.367004185914993 0.373158276081085 0.362437933683395 0.364024251699448 0.222453504800797 0.431431889533997 0.360121309757233 0.28983336687088 0.076886311173439 0.0814480409026146 0.165975496172905 0.122836515307426 0.154984071850777 0.138602301478386 0.112123131752014 0.0822747200727463 0.105969280004501 0.117142356932163 0.121301636099815
0.889044284820557 0.818474531173706 0.854215264320374 0.811078727245331 0.749600827693939 0.880684971809387 0.865618228912354 0.72875189781189 0.588332056999207 0.391976326704025 0.397173464298248 0.495248109102249 0.616542994976044 0.470502346754074 0.549626410007477 0.546183288097382 0.620836794376373 0.430230021476746 0.651851236820221 0.564500749111176 0.471858471632004 0.541494607925415 0.491948902606964 0.462905496358871 0.39998123049736 0.388979405164719 0.381039589643478 0.377948582172394 0.378719389438629 0.407064348459244 0.414800018072128 0.383839249610901 0.348222196102142 0.184367775917053 0.104717686772346 0.0821812227368355 0.158306300640106 0.0673738047480583 0.100002661347389 0.138990059494972 0.129389882087708 0.153540328145027 0.125816375017166 0.10688167065382
0.889805376529694 0.88539332151413 0.825854182243347 0.840132892131805 0.87066525220871 0.745283663272858 0.514675319194794 0.540939688682556 0.805039286613464 0.594606459140778 0.387181311845779 0.314662724733353 0.35313755273819 0.490890949964523 0.40021875500679 0.464620530605316 0.599352717399597 0.245638638734818 0.366927742958069 0.312440484762192 0.304512351751328 0.369383066892624 0.512611627578735 0.441217392683029 0.419746428728104 0.298422574996948 0.175062611699104 0.382612377405167 0.347217857837677 0.266783773899078 0.159545227885246 0.164584636688232 0.113128319382668 0.22568666934967 0.0799063146114349 0.12312925606966 0.153305068612099 0.124737948179245 0.117487534880638 0.128866225481033 0.144311055541039 0.128473073244095 0.117852061986923 0.123354658484459
0.875514388084412 0.794907629489899 0.874138057231903 0.875422239303589 0.877486765384674 0.86278361082077 0.865196228027344 0.878927826881409 0.523607075214386 0.756130516529083 0.620970606803894 0.482684046030045 0.347819834947586 0.302593886852264 0.390060245990753 0.610350906848907 0.696261763572693 0.411190897226334 0.238385260105133 0.129316344857216 0.156676337122917 0.397672921419144 0.344952493906021 0.349656224250793 0.4093376994133 0.285885632038116 0.280693888664246 0.389004856348038 0.368962466716766 0.312489002943039 0.282451957464218 0.386976718902588 0.408494174480438 0.26112687587738 0.305264711380005 0.133115857839584 0.167398452758789 0.112922705709934 0.109583429992199 0.0681861415505409 0.0139781329780817 0.133941382169724 0.11281356215477 0.128256693482399
0.866378009319305 0.875651955604553 0.860031843185425 0.863531470298767 0.874979197978973 0.873899519443512 0.866408467292786 0.854344725608826 0.786648571491241 0.694679021835327 0.656570255756378 0.464210987091064 0.339647382497787 0.327624678611755 0.390417039394379 0.486684232950211 0.529716074466705 0.305786579847336 0.0811487063765526 0.036197904497385 0.0552519634366035 0.334329068660736 0.0377194955945015 0.0994453132152557 0.347182095050812 0.210789740085602 0.200550079345703 0.256894320249557 0.287243098020554 0.244414299726486 0.385644137859344 0.236239165067673 0.247176855802536 0.192101091146469 0.150393113493919 0.1722681671381 0.118539080023766 0.0948800966143608 0.0961650460958481 0.143288433551788 0.0134560279548168 0.0312158353626728 0.116595521569252 0.123941734433174
0.871090948581696 0.861972272396088 0.827611744403839 0.80853945016861 0.856549561023712 0.872359693050385 0.870635986328125 0.743307650089264 0.593579053878784 0.53621244430542 0.46159091591835 0.418441623449326 0.379366308450699 0.217472150921822 0.128812834620476 0.153394803404808 0.235862761735916 0.103721439838409 0.0365235023200512 0.0436485521495342 0.0853359177708626 0.260471522808075 0.0570771880447865 0.172683507204056 0.227470368146896 0.0544890761375427 0.0567934699356556 0.118003912270069 0.222442075610161 0.247529104351997 0.328536719083786 0.266701310873032 0.256450593471527 0.317812621593475 0.123110637068748 0.0888499915599823 0.0858612582087517 0.0882621631026268 0.0895334780216217 0.104632422327995 0.125112131237984 0.00923529081046581 0.09107556194067 0.118375778198242
0.857273578643799 0.852101445198059 0.854883790016174 0.856408834457397 0.861743628978729 0.874174237251282 0.809685230255127 0.631237030029297 0.516300916671753 0.481410145759583 0.339353531599045 0.258940249681473 0.267434865236282 0.249414652585983 0.176719546318054 0.0608217120170593 0.0556757897138596 0.0520380027592182 0.0238321647047997 0.029555993154645 0.0423484109342098 0.136103510856628 0.0625056102871895 0.0380439311265945 0.0307662058621645 0.0255657657980919 0.0217468421906233 0.046497218310833 0.124401830136776 0.0736802741885185 0.0865364000201225 0.205050140619278 0.254571855068207 0.196962758898735 0.106357596814632 0.0808556005358696 0.0727480426430702 0.0688195303082466 0.0814560875296593 0.0867302194237709 0.0893787667155266 0.0505476705729961 0.00973796751350164 0.123497292399406
0.851066410541534 0.846517860889435 0.838828861713409 0.82208776473999 0.821296215057373 0.862865388393402 0.838959038257599 0.72415566444397 0.52008718252182 0.248854488134384 0.158214002847672 0.131863132119179 0.1282919049263 0.0940022617578506 0.148010194301605 0.0348079539835453 0.0527755580842495 0.0335948430001736 0.0299666095525026 0.0248923748731613 0.0439639985561371 0.0451140068471432 0.0963976681232452 0.0785687044262886 0.0466876402497292 0.191141277551651 0.0982303246855736 0.0470636039972305 0.0409928970038891 0.0346489623188972 0.0893405824899673 0.255662590265274 0.167598500847816 0.189642548561096 0.0785020366311073 0.0650014728307724 0.0621770918369293 0.0785260051488876 0.0707947164773941 0.0782973989844322 0.0899959206581116 0.109822772443295 0.0414607375860214 0.0464719645678997
0.832398891448975 0.838660299777985 0.849455952644348 0.845775961875916 0.726653516292572 0.69005411863327 0.768076539039612 0.54809695482254 0.496695727109909 0.363295018672943 0.174880713224411 0.179307952523232 0.128387033939362 0.0995965823531151 0.0541938096284866 0.0339166708290577 0.0783631876111031 0.0537696927785873 0.0246220752596855 0.030477337539196 0.0630902945995331 0.0767876282334328 0.18247939646244 0.260972917079926 0.137264996767044 0.29365861415863 0.30276358127594 0.255042105913162 0.073666051030159 0.103927738964558 0.363287717103958 0.328766942024231 0.20908235013485 0.123655222356319 0.0789193883538246 0.0622886754572392 0.0623704120516777 0.0614026412367821 0.0688684433698654 0.0673430263996124 0.0866742804646492 0.0828673541545868 0.10704579949379 0.0919926911592484
