data/climate_estimation/maxent_output/Toxicoscordion_venenosum.asc
NCOLS 292 
NROWS 244 
XLLCORNER -125.666666666667 
YLLCORNER 31.9166666666667 
CELLSIZE 0.0833333333333333 
NODATA_value -3.4e+38 
[rows 120 to 139 of 244, columns 180 to 224 of 292]
0.501724183559418 0.73147988319397 0.684236466884613 0.883715450763702 0.811782419681549 0.699699938297272 0.686614573001862 0.675274431705475 0.675338327884674 0.641775727272034 0.555555105209351 0.54520058631897 0.50495707988739 0.566368162631989 0.583166241645813 0.635777294635773 0.681611776351929 0.72698175907135 0.78207141160965 0.830060720443726 0.872329533100128 0.866153299808502 0.855489790439606 0.847547233104706 0.843533873558044 0.845014631748199 0.847130537033081 0.854704797267914 0.857317566871643 0.844178020954132 0.843688130378723 0.852643251419067 0.858627021312714 0.876266419887543 0.88437020778656 0.883608162403107 0.891624808311462 0.871540546417236 0.87992137670517 0.888650357723236 0.890460848808289 0.886421501636505 0.886512100696564 0.884205758571625 0.883112728595734
0.614307165145874 0.785285949707031 0.880012214183807 0.878356575965881 0.783345758914948 0.60086590051651 0.599814355373383 0.586528122425079 0.483894467353821 0.472855478525162 0.536731779575348 0.543260991573334 0.511854231357574 0.493143022060394 0.476855784654617 0.585407853126526 0.679736137390137 0.757112801074982 0.827520787715912 0.875160932540894 0.860902905464172 0.895166099071503 0.878013014793396 0.863483726978302 0.854255974292755 0.850774466991425 0.836635589599609 0.842845916748047 0.824325501918793 0.828869521617889 0.823382437229156 0.83727765083313 0.84671539068222 0.851760685443878 0.870780050754547 0.891351222991943 0.892836570739746 0.893582224845886 0.876969397068024 0.877360105514526 0.890747904777527 0.894034147262573 0.891255915164948 0.885537385940552 0.88410347700119
0.758323609828949 0.76974081993103 0.896753311157227 0.850241720676422 0.701062381267548 0.652289152145386 0.515536963939667 0.408641248941422 0.402054905891418 0.394881755113602 0.386559158563614 0.470235019922256 0.457299113273621 0.44587379693985 0.436464965343475 0.534945070743561 0.669975101947784 0.781955182552338 0.835791647434235 0.888917922973633 0.899063467979431 0.902582049369812 0.891226589679718 0.853399336338043 0.856348395347595 0.853666961193085 0.85536801815033 0.842252731323242 0.836990177631378 0.826239407062531 0.82394814491272 0.815207183361053 0.831178307533264 0.824977815151215 0.835184633731842 0.852582812309265 0.878798246383667 0.898461401462555 0.883755683898926 0.882762253284454 0.876525640487671 0.895053386688232 0.894379556179047 0.888804316520691 0.890051782131195
0.867391109466553 0.921015679836273 0.93736606836319 0.794012606143951 0.590050160884857 0.469398498535156 0.433753281831741 0.425960570573807 0.407384008169174 0.400399714708328 0.400031685829163 0.403336942195892 0.463110864162445 0.476227253675461 0.475086539983749 0.581082105636597 0.799396753311157 0.711452722549438 0.801852166652679 0.881756842136383 0.912595987319946 0.869373142719269 0.855590164661407 0.850060343742371 0.858023345470428 0.849054753780365 0.850701808929443 0.833139717578888 0.835597038269043 0.777733862400055 0.780362129211426 0.774293780326843 0.805734932422638 0.818349063396454 0.835024774074554 0.845080137252808 0.856618523597717 0.862148284912109 0.882658064365387 0.902234792709351 0.911259829998016 0.900162041187286 0.910866856575012 0.908144593238831 0.898905634880066
0.930939495563507 0.934388995170593 0.928391993045807 0.819938778877258 0.623827636241913 0.493150860071182 0.463940441608429 0.380835771560669 0.441193282604218 0.422615736722946 0.420611172914505 0.428729921579361 0.495606154203415 0.514804244041443 0.610970318317413 0.624332368373871 0.831949055194855 0.722878634929657 0.807945609092712 0.898639023303986 0.883501470088959 0.860503256320953 0.859089255332947 0.868818044662476 0.86435079574585 0.836536526679993 0.82869952917099 0.824747025966644 0.817360639572144 0.794916927814484 0.789871513843536 0.788012802600861 0.781877994537354 0.793722748756409 0.843393087387085 0.868094921112061 0.863489389419556 0.865797340869904 0.894769728183746 0.92425674200058 0.937475979328156 0.928124964237213 0.918155491352081 0.909317553043365 0.911306023597717
0.945910453796387 0.899795651435852 0.868713557720184 0.724262237548828 0.545543074607849 0.512020409107208 0.504582047462463 0.415354490280151 0.408514052629471 0.471647083759308 0.460770040750504 0.457941621541977 0.555510997772217 0.55738890171051 0.656560659408569 0.732027590274811 0.767232298851013 0.752699673175812 0.797379910945892 0.888067364692688 0.923636913299561 0.908650815486908 0.872380077838898 0.906929075717926 0.911685287952423 0.865023612976074 0.78557413816452 0.780353963375092 0.666610419750214 0.659648537635803 0.629359424114227 0.630859136581421 0.617535471916199 0.720362901687622 0.838262915611267 0.869982659816742 0.87898200750351 0.891260147094727 0.895073354244232 0.930735111236572 0.951452553272247 0.931617438793182 0.920976996421814 0.921197950839996 0.922023117542267
0.928090572357178 0.852608799934387 0.781865954399109 0.628795862197876 0.574778378009796 0.473301023244858 0.443652868270874 0.434796452522278 0.429733037948608 0.499207645654678 0.498672038316727 0.498346835374832 0.599670648574829 0.596052885055542 0.699684619903564 0.824272692203522 0.799054384231567 0.706744849681854 0.790239870548248 0.799246668815613 0.838285863399506 0.851947724819183 0.847748219966888 0.861687958240509 0.871823489665985 0.818320631980896 0.803015530109406 0.727576851844788 0.715454459190369 0.592451095581055 0.557633221149445 0.542034685611725 0.546815872192383 0.652331411838531 0.838815927505493 0.844387948513031 0.892072021961212 0.911175549030304 0.932383894920349 0.947508871555328 0.957930684089661 0.962889194488525 0.953043341636658 0.931851983070374 0.931257426738739
0.929901242256165 0.843891620635986 0.745805382728577 0.551673591136932 0.495455473661423 0.469363123178482 0.463849902153015 0.459887206554413 0.455678343772888 0.458321064710617 0.526234805583954 0.538007020950317 0.633014857769012 0.63527375459671 0.740760684013367 0.914879441261292 0.863759398460388 0.740933001041412 0.743432819843292 0.743073880672455 0.765556454658508 0.873306214809418 0.882418572902679 0.814689815044403 0.846942543983459 0.834587633609772 0.752948522567749 0.73722630739212 0.727356374263763 0.713386058807373 0.588020384311676 0.578780651092529 0.551879405975342 0.661603212356567 0.781100332736969 0.881691634654999 0.93031895160675 0.934245765209198 0.96176540851593 0.970219135284424 0.965710818767548 0.968717873096466 0.966622650623322 0.963383793830872 0.952744662761688
0.861484587192535 0.805264055728912 0.712725460529327 0.567458152770996 0.512780547142029 0.484774619340897 0.493836164474487 0.485726088285446 0.486839324235916 0.558324337005615 0.565848648548126 0.564216911792755 0.668564677238464 0.751962840557098 0.774738192558289 0.858216524124146 0.771369695663452 0.835703372955322 0.840758204460144 0.780974328517914 0.816829860210419 0.911765575408936 0.926977038383484 0.831094801425934 0.770348906517029 0.78765869140625 0.77627295255661 0.850751399993896 0.839811086654663 0.740777432918549 0.710488617420197 0.59241133928299 0.579429149627686 0.598825454711914 0.776760041713715 0.89824253320694 0.949555575847626 0.969520449638367 0.968715071678162 0.970694422721863 0.96809720993042 0.962091863155365 0.960379302501678 0.966056525707245 0.962624609470367
0.89615136384964 0.871353924274445 0.727742433547974 0.606557071208954 0.558594763278961 0.507413506507874 0.517146706581116 0.524865865707397 0.515594005584717 0.59268581867218 0.593556046485901 0.671955525875092 0.703843593597412 0.866358518600464 0.886633694171906 0.860670864582062 0.879894554615021 0.929470717906952 0.9619100689888 0.948495984077454 0.891856014728546 0.929508090019226 0.933326542377472 0.871786534786224 0.862146019935608 0.863595426082611 0.774402737617493 0.877918243408203 0.758537948131561 0.787914156913757 0.736228585243225 0.63524729013443 0.602553606033325 0.692310154438019 0.801209628582001 0.864576518535614 0.948746681213379 0.973662316799164 0.975784599781036 0.948482275009155 0.968334555625916 0.976310610771179 0.979276657104492 0.979125142097473 0.975170135498047
0.945196986198425 0.891911029815674 0.827521800994873 0.773853778839111 0.582198917865753 0.550740301609039 0.585291087627411 0.673740923404694 0.645135462284088 0.618205666542053 0.698951959609985 0.720521509647369 0.796555995941162 0.879978895187378 0.881851077079773 0.891359508037567 0.93836897611618 0.96598494052887 0.972317039966583 0.963456571102142 0.933494925498962 0.950582504272461 0.954703748226166 0.973363757133484 0.979582548141479 0.962362289428711 0.909883797168732 0.825068950653076 0.829379737377167 0.802390038967133 0.758353233337402 0.771962821483612 0.752132773399353 0.705526649951935 0.840648651123047 0.9191814661026 0.935047328472137 0.977912187576294 0.973555147647858 0.966816842556 0.952356457710266 0.932006120681763 0.958961546421051 0.978096306324005 0.97720992565155
0.961383998394012 0.978227853775024 0.91765558719635 0.772246122360229 0.644104897975922 0.598526000976562 0.680292844772339 0.664987981319427 0.634970247745514 0.713344871997833 0.726247668266296 0.809370756149292 0.816348791122437 0.813539028167725 0.890602588653564 0.951632618904114 0.958955645561218 0.972971498966217 0.977406322956085 0.972231209278107 0.956543624401093 0.951129734516144 0.965287864208221 0.983459770679474 0.985174000263214 0.968878209590912 0.920279502868652 0.913431584835052 0.813441216945648 0.742761492729187 0.783266127109528 0.800120174884796 0.895653545856476 0.884367346763611 0.876774966716766 0.933025360107422 0.945155382156372 0.976434886455536 0.971796751022339 0.958118736743927 0.941059947013855 0.889419138431549 0.764622330665588 0.742809236049652 0.926483929157257
0.962021231651306 0.936435282230377 0.959642827510834 0.921893179416656 0.837495446205139 0.809228122234344 0.860736072063446 0.805297672748566 0.933107197284698 0.841464340686798 0.824526369571686 0.896086931228638 0.883623003959656 0.878748059272766 0.934526681900024 0.971069693565369 0.976826906204224 0.977231740951538 0.980479717254639 0.983567297458649 0.985662400722504 0.979826271533966 0.983247876167297 0.985128104686737 0.984599769115448 0.974329829216003 0.931412994861603 0.927650153636932 0.907508969306946 0.808652877807617 0.848153471946716 0.820050120353699 0.925628364086151 0.974336564540863 0.959362804889679 0.945907592773438 0.975543618202209 0.972275137901306 0.915575325489044 0.912165939807892 0.833534479141235 0.79576301574707 0.499670773744583 0.31766602396965 0.571251690387726
0.722154498100281 0.731825768947601 0.861400127410889 0.906738996505737 0.953481197357178 0.979832351207733 0.982354700565338 0.976872146129608 0.972744405269623 0.927368104457855 0.921436369419098 0.940871298313141 0.8899085521698 0.885614395141602 0.936772108078003 0.976987719535828 0.937487602233887 0.982625007629395 0.979722917079926 0.984128415584564 0.985026717185974 0.988143146038055 0.988421261310577 0.98389059305191 0.979464769363403 0.988137185573578 0.945794224739075 0.931727528572083 0.892884612083435 0.884518980979919 0.920673966407776 0.923639535903931 0.912700772285461 0.961445927619934 0.966441690921783 0.967978835105896 0.9687140583992 0.935798346996307 0.892022132873535 0.86576372385025 0.787982642650604 0.752574265003204 0.672833144664764 0.428384721279144 0.310833543539047
0.433937877416611 0.435710102319717 0.456066876649857 0.434195637702942 0.609570741653442 0.918794572353363 0.972538530826569 0.980711162090302 0.933252811431885 0.938828468322754 0.911142945289612 0.931006729602814 0.915176689624786 0.911680579185486 0.960222780704498 0.971987903118134 0.982390165328979 0.973042607307434 0.982857584953308 0.947393894195557 0.946458578109741 0.986374735832214 0.986914694309235 0.980429232120514 0.9788738489151 0.981177628040314 0.975158989429474 0.977505028247833 0.972884774208069 0.977141261100769 0.973411917686462 0.969342350959778 0.960970878601074 0.951919496059418 0.965633630752563 0.959765732288361 0.9257572889328 0.922940731048584 0.883965969085693 0.833629608154297 0.770660042762756 0.774222850799561 0.711237370967865 0.629651010036469 0.469286680221558
0.420737206935883 0.385767072439194 0.353105992078781 0.317414224147797 0.380814373493195 0.681920647621155 0.723464787006378 0.828138470649719 0.852907836437225 0.943010926246643 0.977771937847137 0.91119396686554 0.899739682674408 0.937886118888855 0.934816539287567 0.97021073102951 0.98229318857193 0.974357724189758 0.986888647079468 0.922095894813538 0.92206072807312 0.950384497642517 0.988835275173187 0.982353806495667 0.955544173717499 0.979566693305969 0.9781414270401 0.98174661397934 0.953605651855469 0.94784289598465 0.934453308582306 0.922913432121277 0.948701024055481 0.96176552772522 0.942850887775421 0.929442465305328 0.916879236698151 0.850457847118378 0.763643383979797 0.737419426441193 0.662072896957397 0.647898972034454 0.639837265014648 0.584079325199127 0.496038228273392
0.316527426242828 0.273229867219925 0.223739847540855 0.199652194976807 0.184601947665215 0.191817030310631 0.22036312520504 0.270549833774567 0.43907231092453 0.694385051727295 0.933000802993774 0.985267341136932 0.984082162380219 0.984322488307953 0.981901347637177 0.981521129608154 0.985134601593018 0.966260969638824 0.551368296146393 0.886126637458801 0.968079447746277 0.972406566143036 0.956877589225769 0.951364099979401 0.947841227054596 0.955900549888611 0.984238505363464 0.984570324420929 0.969837129116058 0.968063712120056 0.919960260391235 0.937462151050568 0.951042950153351 0.917238652706146 0.876298844814301 0.842249512672424 0.811412036418915 0.735292911529541 0.592294573783875 0.560302734375 0.525904595851898 0.480573862791061 0.487671941518784 0.400797188282013 0.451425969600677
0.140683546662331 0.11112979054451 0.0905649587512016 0.0747016817331314 0.0823365673422813 0.0980010330677032 0.0857912302017212 0.0968581661581993 0.0965216904878616 0.180603101849556 0.284487575292587 0.44611656665802 0.518919467926025 0.617503583431244 0.855012238025665 0.92106693983078 0.968979895114899 0.980744540691376 0.987585246562958 0.986409306526184 0.683931112289429 0.626547336578369 0.985000550746918 0.95270711183548 0.975216805934906 0.979403674602509 0.976883411407471 0.952426671981812 0.971221268177032 0.960935771465302 0.953245222568512 0.949562847614288 0.914888143539429 0.851619064807892 0.802152395248413 0.766704976558685 0.727437019348145 0.671348989009857 0.49449959397316 0.149447053670883 0.399737596511841 0.424107491970062 0.403487831354141 0.359460026025772 0.408366233110428
0.132436707615852 0.134745687246323 0.125968277454376 0.0982441976666451 0.0908096507191658 0.176717147231102 0.103971049189568 0.177755400538445 0.113254815340042 0.12163595110178 0.161038503050804 0.488177180290222 0.652944445610046 0.768290817737579 0.876202821731567 0.94732803106308 0.968417823314667 0.982333719730377 0.98663067817688 0.976660192012787 0.987772285938263 0.807437241077423 0.715034365653992 0.879922688007355 0.979823529720306 0.986523866653442 0.937448561191559 0.926957190036774 0.961500644683838 0.953514397144318 0.946647822856903 0.910812258720398 0.849886655807495 0.799649596214294 0.751271724700928 0.736211657524109 0.65758740901947 0.625959455966949 0.575069010257721 0.48375478386879 0.425600081682205 0.414207011461258 0.361961305141449 0.199477016925812 0.232462510466576
0.16162596642971 0.245879054069519 0.181921765208244 0.235492080450058 0.168992757797241 0.215212017297745 0.519965946674347 0.337895452976227 0.582642316818237 0.495816141366959 0.747616112232208 0.76777720451355 0.872552871704102 0.976497769355774 0.939779877662659 0.932751715183258 0.98061990737915 0.984580039978027 0.985363483428955 0.971065878868103 0.979779720306396 0.959769546985626 0.980419516563416 0.955180943012238 0.951865553855896 0.97535502910614 0.969145834445953 0.916567981243134 0.953955411911011 0.935319185256958 0.918486595153809 0.89272153377533 0.861071467399597 0.787982702255249 0.761608839035034 0.680933892726898 0.63128387928009 0.626092076301575 0.579118490219116 0.501597464084625 0.48200336098671 0.274591267108917 0.275440156459808 0.270422041416168 0.244151383638382
