data/climate_estimation/maxent_output/Toxicoscordion_paniculatum.asc
NCOLS 231 
NROWS 234 
XLLCORNER -123.75 
YLLCORNER 29.9166666666667 
CELLSIZE 0.0833333333333333 
NODATA_value -3.4e+38 
[rows 100 to 119 of 234, columns 44 to 87 of 231]
0.880287706851959 0.87010395526886 0.846343874931335 0.876155316829681 0.885940313339233 0.897104561328888 0.898299694061279 0.903159379959106 0.887368083000183 0.881987452507019 0.904832720756531 0.333572685718536 0.26812756061554 0.638593077659607 0.214112594723701 0.200928747653961 0.288573801517487 0.728362202644348 0.865022718906403 0.689099788665771 0.414591550827026 0.353207051753998 0.267241179943085 0.35223513841629 0.581140756607056 0.460625499486923 0.436905711889267 0.794128060340881 0.41540852189064 0.401071548461914 0.374567806720734 0.738126754760742 0.738009691238403 0.432705104351044 0.439323425292969 0.477793186903 0.52535617351532 0.691819667816162 0.900234758853912 0.889949560165405 0.837809562683105 0.871979176998138 0.876170337200165 0.896308958530426
0.878999948501587 0.88189023733139 0.876742720603943 0.864949405193329 0.871638000011444 0.894702851772308 0.905292093753815 0.898232996463776 0.64853048324585 0.508566319942474 0.782061457633972 0.250176817178726 0.225800216197968 0.278725683689117 0.196592375636101 0.196684688329697 0.263864666223526 0.555951774120331 0.703229188919067 0.735337376594543 0.299304217100143 0.272430658340454 0.276527255773544 0.441600203514099 0.578939497470856 0.374951750040054 0.380361616611481 0.414913088083267 0.527910113334656 0.885085344314575 0.628645122051239 0.484533488750458 0.630370199680328 0.433806419372559 0.384381115436554 0.426195561885834 0.456264853477478 0.667811036109924 0.871526420116425 0.823231160640717 0.763562977313995 0.848258316516876 0.878174066543579 0.855345129966736
0.886485636234283 0.887829601764679 0.891178131103516 0.88635790348053 0.895016252994537 0.898111701011658 0.884469032287598 0.906462788581848 0.711359977722168 0.338458508253098 0.283111602067947 0.235258847475052 0.212459325790405 0.207953944802284 0.231727600097656 0.232700958848 0.365136653184891 0.620359301567078 0.676148235797882 0.480977237224579 0.25633779168129 0.272063076496124 0.718580305576324 0.701968729496002 0.285483330488205 0.337590456008911 0.466765969991684 0.288661003112793 0.858856856822968 0.904329359531403 0.887177586555481 0.776407301425934 0.67376971244812 0.384476661682129 0.372051239013672 0.372710824012756 0.408147811889648 0.476958960294724 0.740322589874268 0.849592745304108 0.84501987695694 0.888169407844543 0.835373222827911 0.645047307014465
0.884923696517944 0.886478781700134 0.887004852294922 0.886982083320618 0.897285223007202 0.901670753955841 0.780716896057129 0.897443413734436 0.886991858482361 0.363848119974136 0.266308307647705 0.235813647508621 0.330972105264664 0.35002738237381 0.347360730171204 0.352240115404129 0.731986165046692 0.8004310131073 0.838163733482361 0.7973473072052 0.335486590862274 0.42018136382103 0.877519071102142 0.684881269931793 0.260324388742447 0.780286908149719 0.884598672389984 0.313019335269928 0.678402602672577 0.910317242145538 0.909195065498352 0.642962574958801 0.666822671890259 0.802988469600677 0.627215683460236 0.408166497945786 0.381173074245453 0.415558308362961 0.889098823070526 0.897782623767853 0.891985774040222 0.748589813709259 0.523552238941193 0.555868744850159
0.882528305053711 0.888020038604736 0.876647651195526 0.859224379062653 0.896226108074188 0.884880304336548 0.385414063930511 0.427010118961334 0.782164096832275 0.338678896427155 0.408563882112503 0.624537169933319 0.777500033378601 0.641369581222534 0.724387466907501 0.717267036437988 0.63797253370285 0.72613513469696 0.866552948951721 0.781603991985321 0.317501783370972 0.251473695039749 0.348614484071732 0.229738920927048 0.261988282203674 0.508298516273499 0.874127507209778 0.446275591850281 0.337219685316086 0.879153907299042 0.874973773956299 0.710101366043091 0.880978286266327 0.747249662876129 0.838543236255646 0.881323456764221 0.44518455862999 0.362794011831284 0.723003745079041 0.879874229431152 0.552759349346161 0.492092698812485 0.587738215923309 0.624998033046722
0.868723571300507 0.859039604663849 0.874562680721283 0.611514449119568 0.557922542095184 0.42884424328804 0.307722061872482 0.371211171150208 0.294609785079956 0.736648857593536 0.71524178981781 0.797810614109039 0.79844206571579 0.840634703636169 0.683443009853363 0.813797533512115 0.772369205951691 0.716097593307495 0.837458670139313 0.837416648864746 0.31878250837326 0.223511531949043 0.430604845285416 0.665179312229156 0.334207743406296 0.553185045719147 0.89035040140152 0.641498327255249 0.332371801137924 0.672602713108063 0.832623541355133 0.897283673286438 0.838069379329681 0.618840098381042 0.910095930099487 0.913397014141083 0.825546085834503 0.370109140872955 0.37202587723732 0.459338039159775 0.895199775695801 0.878518342971802 0.699292957782745 0.586249470710754
0.858743786811829 0.852289080619812 0.797426521778107 0.450431883335114 0.38818484544754 0.401688814163208 0.826111674308777 0.398573696613312 0.364522099494934 0.814114153385162 0.759272873401642 0.707312643527985 0.781459212303162 0.852252960205078 0.806781351566315 0.906899631023407 0.805720806121826 0.743326425552368 0.737042844295502 0.587078988552094 0.328809320926666 0.283020347356796 0.920546472072601 0.896407723426819 0.334411144256592 0.86809366941452 0.908118009567261 0.838347136974335 0.757750928401947 0.488975703716278 0.857969522476196 0.915236055850983 0.703042328357697 0.467580020427704 0.838891267776489 0.879477500915527 0.485775351524353 0.351469606161118 0.372438162565231 0.459412395954132 0.868227899074554 0.797561764717102 0.66025298833847 0.522077023983002
0.860595881938934 0.873448073863983 0.688908040523529 0.393721014261246 0.363552808761597 0.744170188903809 0.89012610912323 0.419970542192459 0.594651103019714 0.862892210483551 0.76629638671875 0.553486466407776 0.54816597700119 0.601113021373749 0.743683397769928 0.835076451301575 0.456525325775146 0.528724551200867 0.786846578121185 0.727372765541077 0.428921431303024 0.288284242153168 0.917268335819244 0.833173274993896 0.231723681092262 0.276480555534363 0.729921638965607 0.914616584777832 0.863094687461853 0.488292902708054 0.8896444439888 0.906101763248444 0.356144160032272 0.313414514064789 0.363332182168961 0.363876402378082 0.364932388067245 0.51319420337677 0.89784836769104 0.898529529571533 0.901347935199738 0.829189479351044 0.488690912723541 0.626735985279083
0.86532187461853 0.866494119167328 0.787187278270721 0.381011813879013 0.38570100069046 0.887476921081543 0.886329054832458 0.392897546291351 0.59449964761734 0.853298544883728 0.69773405790329 0.466153472661972 0.638774335384369 0.503806710243225 0.368362843990326 0.385858088731766 0.480594098567963 0.805968344211578 0.886590719223022 0.724759638309479 0.342932879924774 0.261500924825668 0.918203353881836 0.842401206493378 0.180410027503967 0.129609346389771 0.260966598987579 0.903434693813324 0.617373704910278 0.322088301181793 0.918877005577087 0.826174139976501 0.285311251878738 0.362278163433075 0.642037928104401 0.340119570493698 0.450998038053513 0.890656173229218 0.90149974822998 0.906276166439056 0.889308512210846 0.597950220108032 0.422733068466187 0.496366709470749
0.802571535110474 0.837344229221344 0.779983580112457 0.488099366426468 0.460163831710815 0.610899031162262 0.792497336864471 0.75992751121521 0.593333184719086 0.367711931467056 0.603709518909454 0.645026206970215 0.743054091930389 0.171251118183136 0.196227297186852 0.539116263389587 0.794880151748657 0.797886312007904 0.76355367898941 0.326620131731033 0.242228403687477 0.560069680213928 0.846418082714081 0.875704705715179 0.197118923068047 0.107407748699188 0.363836765289307 0.910027623176575 0.552560448646545 0.663076817989349 0.881369948387146 0.566350817680359 0.598106205463409 0.892542362213135 0.778594732284546 0.358675986528397 0.715379893779755 0.908710956573486 0.908118605613708 0.888720452785492 0.782668888568878 0.462780117988586 0.463864684104919 0.848281502723694
0.559111893177032 0.52266126871109 0.686350703239441 0.609714269638062 0.69123375415802 0.349857479333878 0.368067890405655 0.899111807346344 0.388978451490402 0.342781722545624 0.843913614749908 0.859467327594757 0.768424093723297 0.171004623174667 0.211188793182373 0.652417957782745 0.85959804058075 0.552426993846893 0.262767523527145 0.208116605877876 0.441509068012238 0.783628404140472 0.632260859012604 0.887630760669708 0.172159180045128 0.099992536008358 0.225851565599442 0.776297152042389 0.135824650526047 0.555257976055145 0.278562128543854 0.670533359050751 0.909178137779236 0.87351793050766 0.810932219028473 0.396076053380966 0.836976170539856 0.900178015232086 0.79479593038559 0.677444934844971 0.480723679065704 0.591024816036224 0.907111704349518 0.902717292308807
0.610164523124695 0.513417840003967 0.540200173854828 0.827326416969299 0.382366806268692 0.234865874052048 0.223258584737778 0.891141176223755 0.384256273508072 0.527027368545532 0.844267308712006 0.854784488677979 0.567704260349274 0.20774744451046 0.254273623228073 0.732240736484528 0.7791907787323 0.326414108276367 0.208980649709702 0.167819261550903 0.437499821186066 0.418223083019257 0.236868247389793 0.233267724514008 0.104108065366745 0.12105306237936 0.483561724424362 0.611543834209442 0.086712546646595 0.0432729683816433 0.0722472742199898 0.836143434047699 0.900523960590363 0.879413247108459 0.465468049049377 0.389755129814148 0.901092410087585 0.879692912101746 0.711853861808777 0.776465535163879 0.855246186256409 0.879745066165924 0.909257650375366 0.86010068655014
0.837400078773499 0.84664386510849 0.859018504619598 0.856466948986053 0.859806954860687 0.261608719825745 0.195962533354759 0.771486878395081 0.259831726551056 0.487159848213196 0.836945235729218 0.804340064525604 0.699906706809998 0.301340788602829 0.274185806512833 0.718323349952698 0.486163407564163 0.142281904816628 0.125700265169144 0.211013182997704 0.499461084604263 0.16135673224926 0.137230545282364 0.199108555912971 0.341004878282547 0.84648323059082 0.857879459857941 0.0482948124408722 0.019056711345911 0.0382856018841267 0.850335359573364 0.494814336299896 0.379920542240143 0.377941995859146 0.377265334129333 0.798928499221802 0.879522681236267 0.572890281677246 0.870359778404236 0.885065138339996 0.905978858470917 0.819751977920532 0.857517719268799 0.906020998954773
0.803565979003906 0.834323227405548 0.860559403896332 0.870530486106873 0.869057595729828 0.652656853199005 0.195928260684013 0.53637033700943 0.271204918622971 0.345172643661499 0.755889654159546 0.698208630084991 0.505295097827911 0.510226905345917 0.409321337938309 0.355710297822952 0.195840030908585 0.133740112185478 0.180100321769714 0.162393972277641 0.104579232633114 0.0997354164719582 0.114492699503899 0.469230711460114 0.881722509860992 0.522231638431549 0.0451862625777721 0.0164478216320276 0.0250301454216242 0.0966536849737167 0.799809634685516 0.398007839918137 0.379112809896469 0.56067419052124 0.700329005718231 0.79734081029892 0.626007854938507 0.662546753883362 0.863475978374481 0.862450301647186 0.840473294258118 0.80664473772049 0.883869111537933 0.910261213779449
0.830558657646179 0.842980742454529 0.862384378910065 0.866363704204559 0.749375700950623 0.753539443016052 0.718413829803467 0.246265217661858 0.21350821852684 0.455143600702286 0.698952078819275 0.622405409812927 0.318992406129837 0.401369780302048 0.207276046276093 0.130458608269691 0.165077015757561 0.162135198712349 0.105473332107067 0.107971400022507 0.0990057364106178 0.0944896638393402 0.268053323030472 0.883430600166321 0.638710856437683 0.0157892312854528 0.0145669337362051 0.0218620281666517 0.0718254446983337 0.19662156701088 0.293858110904694 0.550416111946106 0.519030272960663 0.838435351848602 0.864454984664917 0.780789613723755 0.815973460674286 0.841911554336548 0.901394546031952 0.859792649745941 0.797926902770996 0.79928320646286 0.908124923706055 0.909574091434479
0.831696569919586 0.819599270820618 0.85425078868866 0.864998459815979 0.757285058498383 0.717940270900726 0.883504688739777 0.886842250823975 0.386976361274719 0.423420041799545 0.754377245903015 0.755616724491119 0.198126465082169 0.347302347421646 0.25279438495636 0.14703594148159 0.112045846879482 0.112521402537823 0.10702533274889 0.0949853807687759 0.0878722369670868 0.0891000330448151 0.778183579444885 0.374405264854431 0.023147139698267 0.0152763333171606 0.025938767939806 0.216128692030907 0.787538826465607 0.775841414928436 0.868830382823944 0.776603519916534 0.616924107074738 0.868051290512085 0.897426068782806 0.808372020721436 0.874832332134247 0.90632688999176 0.908149719238281 0.890439689159393 0.789709270000458 0.887502431869507 0.908217906951904 0.909412562847137
0.820625126361847 0.840043604373932 0.859866738319397 0.8560511469841 0.814317226409912 0.854965090751648 0.848767638206482 0.884413540363312 0.682048916816711 0.350570678710938 0.730701982975006 0.36295560002327 0.211522921919823 0.259472846984863 0.156039580702782 0.137329965829849 0.112676836550236 0.113433338701725 0.0962632149457932 0.0952401384711266 0.0830436795949936 0.294551700353622 0.740704655647278 0.0244531556963921 0.0155982738360763 0.0314973704516888 0.34419184923172 0.913033425807953 0.909043073654175 0.598463952541351 0.683658123016357 0.905012667179108 0.838604092597961 0.899782180786133 0.828940868377686 0.810846745967865 0.895147919654846 0.822465121746063 0.903190553188324 0.839567840099335 0.829975664615631 0.907158732414246 0.910204470157623 0.88483726978302
0.780020534992218 0.81149822473526 0.851122140884399 0.844521224498749 0.752452850341797 0.856406033039093 0.879583477973938 0.884465038776398 0.496486783027649 0.245103046298027 0.186138316988945 0.104276895523071 0.251028567552567 0.107203453779221 0.113500468432903 0.137413531541824 0.12671634554863 0.112954184412956 0.102447554469109 0.0918185710906982 0.0982235595583916 0.65893542766571 0.820117056369781 0.0249602403491735 0.0451471768319607 0.857369720935822 0.914377808570862 0.909638047218323 0.561967492103577 0.472161024808884 0.8321453332901 0.926393806934357 0.902115345001221 0.893112063407898 0.797827124595642 0.821954309940338 0.905648231506348 0.907986640930176 0.89180189371109 0.901018977165222 0.896557927131653 0.89402961730957 0.889943480491638 0.880281984806061
0.75522255897522 0.803514242172241 0.841691672801971 0.782267868518829 0.746581673622131 0.796206116676331 0.765780389308929 0.601494193077087 0.840436577796936 0.580878257751465 0.312646567821503 0.207461342215538 0.0752984508872032 0.0891592130064964 0.121120542287827 0.155321598052979 0.143052011728287 0.119774267077446 0.102030575275421 0.123853139579296 0.552029073238373 0.91525411605835 0.718168258666992 0.0423592999577522 0.228486970067024 0.939373254776001 0.934985518455505 0.657587051391602 0.559021055698395 0.853341341018677 0.899073839187622 0.901465654373169 0.911789238452911 0.884970307350159 0.8217693567276 0.801820576190948 0.905943393707275 0.901087999343872 0.894269645214081 0.896870732307434 0.913718461990356 0.892973005771637 0.888849258422852 0.890731573104858
0.738868653774261 0.708406984806061 0.805431246757507 0.759203493595123 0.795773684978485 0.838326632976532 0.862501204013824 0.87950611114502 0.819001197814941 0.772088885307312 0.22844186425209 0.157801002264023 0.0697730556130409 0.0870643705129623 0.12911631166935 0.185098096728325 0.142649441957474 0.129885375499725 0.125483512878418 0.432606130838394 0.787786066532135 0.863507568836212 0.302320301532745 0.215413346886635 0.856020033359528 0.902595520019531 0.882381856441498 0.88569164276123 0.897785007953644 0.944351077079773 0.902041494846344 0.891828238964081 0.919357538223267 0.840212881565094 0.78425532579422 0.859379470348358 0.899818181991577 0.907702684402466 0.844466209411621 0.909476459026337 0.891091585159302 0.889545977115631 0.911052107810974 0.894280850887299
