data/climate_estimation/maxent_output/Toxicoscordion_fremontii.asc
NCOLS 82 
NROWS 98 
XLLCORNER -123.583333333333 
YLLCORNER 32.1666666666667 
CELLSIZE 0.0833333333333333 
NODATA_value -3.4e+38 
[rows 0 to 21 of 98, columns 0 to 47 of 82]
0.025497341528535 0.0579435601830482 0.130052208900452 0.0546724610030651 0.112526528537273 0.0479115508496761 0.0484108440577984 0.0918554812669754 0.0897190347313881 0.0453814640641212 0.0256343018263578 0.019564900547266 0.0138657269999385 0.0107297385111451 0.00910209584981203 0.0168623924255371 0.012581299059093 0.0156706441193819 0.011150105856359 0.0432256199419498 0.0415558107197285 0.0720694661140442 0.0311998035758734 0.00437799841165543 0.00668960995972157 0.00590221537277102 0.00524784252047539 0.00548796448856592 0.0101675456389785 0.00529780890792608 0.00405554240569472 0.00345584680326283 0.0011743726208806 0.00100157596170902 0.000712331850081682 0.000562966975849122 0.000541215646080673 0.000513469858560711 0.000349285459378734 0.000189967817277648 0.000119219643238466 3.84489248972386e-05 2.47064708673861e-05 1.55534235091181e-05 1.71783340192633e-05 2.39592773141339e-05 1.6806156054372e-05 7.65171625971561e-06
0.156920000910759 0.144183471798897 0.13019934296608 0.123436987400055 0.12027121335268 0.108518503606319 0.0516083277761936 0.0112547650933266 0.0481370687484741 0.184368133544922 0.0307899862527847 0.0210434962064028 0.0145207634195685 0.0248760618269444 0.0183320697396994 0.0142956180498004 0.0121764875948429 0.016142051666975 0.0253361333161592 0.0381335131824017 0.0860961079597473 0.179676994681358 0.0819549337029457 0.0773278847336769 0.0302072837948799 0.00697491131722927 0.00399505905807018 0.0128505015745759 0.0121443029493093 0.0126911085098982 0.00597026152536273 0.00281042885035276 0.00230813003145158 0.00181627296842635 0.000918019330129027 0.000732602435164154 0.000517837703227997 0.000425123958848417 0.000517405802384019 0.000317345082294196 0.00013024294457864 7.63016432756558e-05 5.59330328542273e-05 3.49307374563068e-05 2.4611821572762e-05 1.62388696480775e-05 1.12213274405804e-05 1.64023676916258e-05
0.338360488414764 0.14084766805172 0.272755950689316 0.11884880065918 0.117976479232311 0.0529855228960514 0.0235462561249733 0.022822542116046 0.0502481870353222 0.111062720417976 0.144404768943787 0.0567668862640858 0.030920684337616 0.0239500906318426 0.01784273609519 0.0162546578794718 0.0335419923067093 0.0320557691156864 0.0251317117363214 0.0508843325078487 0.0786334872245789 0.184349358081818 0.217565730214119 0.179721355438232 0.0748012736439705 0.0077707483433187 0.00439371028915048 0.0154178524389863 0.0335329212248325 0.0336675830185413 0.00630161818116903 0.0104324584826827 0.00814013369381428 0.00349973211996257 0.00121501297689974 0.000982351717539132 0.000710018852259964 0.000522507645655423 0.000304630608297884 0.000214321014937013 0.000167258491273969 9.53942799242213e-05 6.49011999485083e-05 4.38421084254514e-05 3.19755454256665e-05 1.30865264509339e-05 2.87892999040196e-05 1.9415241695242e-05
0.349112421274185 0.321686267852783 0.279821038246155 0.260079860687256 0.130028754472733 0.0551744177937508 0.0241873823106289 0.0125423427671194 0.0117826461791992 0.0534713864326477 0.108504444360733 0.0646755173802376 0.035204354673624 0.0261049345135689 0.0223891325294971 0.0433857552707195 0.0399780236184597 0.043573834002018 0.0518231093883514 0.0856422707438469 0.0705030187964439 0.166980370879173 0.488015174865723 0.416967809200287 0.0931870564818382 0.0174973234534264 0.00845028646290302 0.0383721441030502 0.0849330127239227 0.0339237451553345 0.0319775752723217 0.0112049635499716 0.00557596981525421 0.00290718977339566 0.0037225722335279 0.0014070556499064 0.000879050057847053 0.000617028097622097 0.000484857941046357 0.000393025198718533 0.000174242319189943 9.15404452825896e-05 4.89689737150911e-05 3.85943749279249e-05 2.54787737503648e-05 3.70077541447245e-05 1.53940527525265e-05 2.07190350920428e-05
0.334016025066376 0.322869032621384 0.286842107772827 0.268020361661911 0.131355971097946 0.0582491345703602 0.124362409114838 0.0569742098450661 0.120335407555103 0.0551396049559116 0.127046152949333 0.0966013967990875 0.0353716798126698 0.0281761400401592 0.0252980254590511 0.0519483536481857 0.0517503656446934 0.0590564124286175 0.0617503672838211 0.0737918838858604 0.143006086349487 0.37614917755127 0.603535413742065 0.546390116214752 0.380201935768127 0.0473728328943253 0.045698456466198 0.226833805441856 0.00957205519080162 0.0181294549256563 0.0774148181080818 0.0253408346325159 0.0103364624083042 0.00377132091671228 0.00221487786620855 0.00159876223187894 0.00120043475180864 0.000817670836113393 0.000604468106757849 0.000642034574411809 0.000278876279480755 0.000210403086384758 7.71559571148828e-05 3.86127139790915e-05 2.44100956479087e-05 1.76982484845212e-05 2.61022196355043e-05 1.26028926388244e-05
0.151238694787025 0.323770880699158 0.303095549345016 0.280204027891159 0.267869561910629 0.274572759866714 0.265542328357697 0.0606942735612392 0.125079929828644 0.125022292137146 0.247107923030853 0.0716283768415451 0.0384638495743275 0.0329073704779148 0.0304932110011578 0.0659811943769455 0.0706103593111038 0.0723137557506561 0.0774975046515465 0.0877582356333733 0.111717656254768 0.226011380553246 0.429976046085358 0.707799315452576 0.669815063476562 0.459120631217957 0.537011921405792 0.118722565472126 0.0545417070388794 0.0248933508992195 0.0525079891085625 0.0189712382853031 0.0173163134604692 0.0073777255602181 0.00600438099354506 0.00222534639760852 0.00167263951152563 0.00105009449180216 0.000703940109815449 0.000654883333481848 0.000252083991654217 0.000179862341610715 7.57419984438457e-05 4.48763712483924e-05 2.39204928220715e-05 2.1089319488965e-05 1.69553422892932e-05 8.49199386721011e-06
0.32768326997757 0.318357527256012 0.313813835382462 0.282315671443939 0.446833550930023 0.492272406816483 0.262182056903839 0.130251497030258 0.140213012695312 0.26193630695343 0.269308477640152 0.304497480392456 0.0887561663985252 0.0824537500739098 0.0873888432979584 0.0896903797984123 0.0864685103297234 0.097701832652092 0.105985671281815 0.107331141829491 0.120261684060097 0.156514570116997 0.287678718566895 0.442838996648788 0.70438551902771 0.680976808071136 0.612013816833496 0.299686193466187 0.149079963564873 0.14293384552002 0.0589744448661804 0.0256411079317331 0.00706241745501757 0.00607315637171268 0.00467055523768067 0.00374565576203167 0.0022769751958549 0.0012157621094957 0.00102836661972106 0.000645853579044342 0.000199414833332412 0.000125139064039104 8.21832436486147e-05 0.000124355108710006 3.96767682104837e-05 2.18219574890099e-05 1.45092853927054e-05 8.79915114637697e-06
0.334696382284164 0.327259033918381 0.317337810993195 0.285410583019257 0.502655327320099 0.490492671728134 0.145593598484993 0.145614981651306 0.0662405714392662 0.136544838547707 0.474117547273636 0.394927591085434 0.118696376681328 0.103379957377911 0.103680402040482 0.105936035513878 0.108006432652473 0.121883846819401 0.119676031172276 0.159680306911469 0.176943674683571 0.188925787806511 0.218258440494537 0.274484515190125 0.434667259454727 0.593154013156891 0.75154060125351 0.672887682914734 0.642919480800629 0.196859687566757 0.08442722260952 0.0342158675193787 0.0150977047160268 0.00768319657072425 0.00458896765485406 0.00383941642940044 0.00274908286519349 0.00236000516451895 0.00138118967879564 0.000937078264541924 0.000527739292010665 0.000555519654881209 0.000131616980070248 8.50322830956429e-05 3.77807627955917e-05 2.21877326112008e-05 1.33366147565539e-05 8.27364692668198e-06
0.326345503330231 0.318078577518463 0.305300265550613 0.306529819965363 0.303862869739532 0.522481024265289 0.287990093231201 0.0681313276290894 0.148764625191689 0.155393794178963 0.308634281158447 0.313963890075684 0.116687871515751 0.122965276241302 0.130169793963432 0.142613098025322 0.133196860551834 0.169733658432961 0.159869819879532 0.16576886177063 0.166917264461517 0.172551736235619 0.158669158816338 0.175603494048119 0.32329523563385 0.48665726184845 0.775304138660431 0.755980849266052 0.743963897228241 0.760452330112457 0.235289454460144 0.102083764970303 0.0407129712402821 0.0357083156704903 0.00649608857929707 0.00462974980473518 0.00336037599481642 0.00257612043060362 0.0021434472873807 0.00135007093194872 0.000822883739601821 0.000948272761888802 0.000388032873161137 0.000168273894814774 5.34117389179301e-05 2.96258313028375e-05 1.25265378301265e-05 9.96096059679985e-06
0.317741304636002 0.334165662527084 0.320666134357452 0.579952478408813 0.292101800441742 0.324393451213837 0.295022219419479 0.163406401872635 0.319943606853485 0.328765094280243 0.338289707899094 0.483141630887985 0.147458359599113 0.160490915179253 0.15209673345089 0.194229826331139 0.19374705851078 0.186804369091988 0.169889122247696 0.185898199677467 0.153903409838676 0.161366045475006 0.147999003529549 0.135615646839142 0.197643235325813 0.317560225725174 0.477562993764877 0.799358725547791 0.818058252334595 0.824536561965942 0.477710127830505 0.24253648519516 0.106867037713528 0.0486927516758442 0.013395668938756 0.00808080099523067 0.00479523977264762 0.00332811963744462 0.00243479455821216 0.00176596466917545 0.00153184379450977 0.00103849754668772 0.000678268959745765 0.000259352324064821 6.07570837019011e-05 2.21648751903558e-05 1.26338454720099e-05 6.92401590640657e-06
0.331161439418793 0.328310817480087 0.559953272342682 0.592995405197144 0.555903017520905 0.566802442073822 0.339851170778275 0.540314376354218 0.536157727241516 0.345077872276306 0.344680696725845 0.48626634478569 0.245349422097206 0.250025868415833 0.21779453754425 0.218084141612053 0.194681450724602 0.174584403634071 0.179519414901733 0.174419209361076 0.152404099702835 0.14277783036232 0.13471120595932 0.130962923169136 0.146163865923882 0.248386085033417 0.601076602935791 0.830803871154785 0.838659107685089 0.77456396818161 0.508107960224152 0.287562072277069 0.139412388205528 0.0635629966855049 0.0285835061222315 0.00905472133308649 0.00554624013602734 0.00395433884114027 0.00312010617926717 0.00248498911969364 0.00166568625718355 0.000894170487299562 0.000909759139176458 0.000763699237722903 0.000244732800638303 2.58251711784396e-05 1.49797060657875e-05 1.11088338599075e-05
0.337034821510315 0.328150719404221 0.595916509628296 0.588208675384521 0.575373589992523 0.548650622367859 0.574990630149841 0.534448802471161 0.542424082756042 0.172905191779137 0.352586686611176 0.380627006292343 0.294792890548706 0.320538401603699 0.223280385136604 0.203675344586372 0.197032764554024 0.175792425870895 0.168324679136276 0.152968510985374 0.133332803845406 0.125075116753578 0.124794267117977 0.121938988566399 0.121952474117279 0.156276300549507 0.313971310853958 0.645551562309265 0.849864840507507 0.751556158065796 0.765409588813782 0.514150381088257 0.144086793065071 0.0588344633579254 0.0613786578178406 0.0151836015284061 0.00742058642208576 0.00474331947043538 0.00371605344116688 0.00308972876518965 0.0019943390507251 0.00114585144910961 0.000985304592177272 0.00121695327106863 0.000815234612673521 4.70084160042461e-05 2.66565330093727e-05 4.05192586185876e-05
0.361098349094391 0.353247702121735 0.61053067445755 0.598234176635742 0.599346578121185 0.542006254196167 0.554637253284454 0.602953493595123 0.572490692138672 0.625473022460938 0.380944192409515 0.579043030738831 0.409359484910965 0.320268362760544 0.242613941431046 0.202218592166901 0.194890916347504 0.167620658874512 0.158461093902588 0.143309816718102 0.141483619809151 0.1298658400774 0.128182247281075 0.120073929429054 0.11554754525423 0.159970089793205 0.207214891910553 0.433539569377899 0.48642435669899 0.749013900756836 0.773888945579529 0.282955318689346 0.149848848581314 0.0760905221104622 0.0737555772066116 0.0299766529351473 0.00978905521333218 0.00650124112144113 0.00466035818681121 0.00349701778031886 0.0025824774056673 0.00187453208491206 0.00173932651523501 0.00135661475360394 0.000864943431224674 6.26161490799859e-05 9.37309523578733e-05 2.12776176340412e-05
0.3686603307724 0.370640426874161 0.641733229160309 0.624792635440826 0.646669030189514 0.594908893108368 0.55597448348999 0.536089479923248 0.560308635234833 0.602042973041534 0.586309671401978 0.592004537582397 0.565998315811157 0.376769840717316 0.268582224845886 0.20100611448288 0.193728283047676 0.174828961491585 0.140198603272438 0.143775686621666 0.144691795110703 0.173637956380844 0.120149277150631 0.115533605217934 0.117203965783119 0.143556103110313 0.168357267975807 0.270189076662064 0.50122195482254 0.718527674674988 0.496188759803772 0.502925455570221 0.246126815676689 0.0632999613881111 0.0537110306322575 0.0303602181375027 0.0141641441732645 0.00827012211084366 0.00584162678569555 0.00413849297910929 0.00340478401631117 0.00255733984522521 0.00172576040495187 0.00105469860136509 0.00102959165815264 8.23936425149441e-05 4.01422003051266e-05 1.0823248885572e-05
0.379375576972961 0.38591405749321 0.639798402786255 0.657742023468018 0.681001901626587 0.623884618282318 0.603920936584473 0.571662902832031 0.452749669551849 0.610143721103668 0.568788588047028 0.561653912067413 0.463615268468857 0.499010741710663 0.27042356133461 0.190752565860748 0.179009675979614 0.154433190822601 0.144036188721657 0.126541703939438 0.12815348803997 0.124862141907215 0.0981612056493759 0.112608686089516 0.110300719738007 0.144033655524254 0.176897376775742 0.201524674892426 0.384087592363358 0.597232222557068 0.653635740280151 0.403474092483521 0.219059497117996 0.0617540217936039 0.0666607692837715 0.0319521464407444 0.0173062961548567 0.00950695108622313 0.00653531076386571 0.00490459706634283 0.00367275183089077 0.00328149599954486 0.00185818411409855 0.00122194399591535 0.00119144993368536 0.000115856440970674 3.18035890813917e-05 5.04189556522761e-05
0.366073429584503 0.412058800458908 0.703693747520447 0.659753739833832 0.667351007461548 0.663703799247742 0.635992288589478 0.623274266719818 0.439645320177078 0.436077892780304 0.520951449871063 0.453191667795181 0.425855696201324 0.537497222423553 0.343380749225616 0.291262447834015 0.187601566314697 0.14862422645092 0.142742365598679 0.124126717448235 0.123406879603863 0.118800722062588 0.111389733850956 0.122520089149475 0.119734868407249 0.137674912810326 0.158973157405853 0.18920011818409 0.292096644639969 0.431526750326157 0.488900870084763 0.317444562911987 0.158664062619209 0.101960644125938 0.0791457071900368 0.0274951066821814 0.0266765952110291 0.0133713101968169 0.00769132608547807 0.00563435954973102 0.00436742650344968 0.00324734929017723 0.00207161461003125 0.00148993113543838 0.00146741711068898 6.95711787557229e-05 2.95651279884623e-05 4.63984069938306e-05
0.364818036556244 0.385775774717331 0.413160771131516 0.685075998306274 0.68019711971283 0.705346763134003 0.663143575191498 0.639285981655121 0.568852365016937 0.598134338855743 0.49620047211647 0.385971516370773 0.487897604703903 0.492561668157578 0.371270656585693 0.405792504549026 0.241510763764381 0.174429804086685 0.143203526735306 0.125291272997856 0.123030073940754 0.119022324681282 0.119666717946529 0.114894598722458 0.117800787091255 0.135363861918449 0.143831491470337 0.174905270338058 0.209736049175262 0.353600859642029 0.391311794519424 0.386617571115494 0.267937958240509 0.0705157518386841 0.0420447438955307 0.0252322927117348 0.026390740647912 0.0140895387157798 0.0109854573383927 0.00592289166525006 0.0047946316190064 0.00393823347985744 0.0022957248147577 0.00166827091015875 0.00148474762681872 8.94899640115909e-05 2.94957953883568e-05 2.4949606086011e-05
0.357333242893219 0.389686912298203 0.420113354921341 0.719540953636169 0.724965631961823 0.7004114985466 0.682194769382477 0.665625929832458 0.658616542816162 0.674672424793243 0.658968389034271 0.552043557167053 0.507418096065521 0.612106382846832 0.590317904949188 0.521238446235657 0.266662985086441 0.219079792499542 0.128852888941765 0.131207972764969 0.12027944624424 0.125113070011139 0.118794724345207 0.136428311467171 0.142895415425301 0.156285747885704 0.167949795722961 0.171944305300713 0.190708056092262 0.258166700601578 0.329988867044449 0.342446684837341 0.240361005067825 0.0552929788827896 0.0410023629665375 0.0292675327509642 0.0259200762957335 0.0146636115387082 0.0115021243691444 0.00692316144704819 0.00506958877667785 0.00403671804815531 0.00289194425567985 0.00251943035982549 0.00208362354896963 0.000247911142650992 7.43512864573859e-05 0.000109489483293146
0.36897087097168 0.394299805164337 0.430563986301422 0.437433868646622 0.722494304180145 0.727823913097382 0.72754579782486 0.688415169715881 0.696581125259399 0.708391666412354 0.722490310668945 0.630815267562866 0.574284076690674 0.492477476596832 0.542390167713165 0.500413417816162 0.313106924295425 0.251293420791626 0.144666329026222 0.131010666489601 0.142828926444054 0.134213611483574 0.137231186032295 0.152977466583252 0.166362062096596 0.197153314948082 0.190604344010353 0.178195104002953 0.18142868578434 0.211615324020386 0.301538228988647 0.258497327566147 0.339239358901978 0.193339318037033 0.0420832261443138 0.0293029267340899 0.0223873015493155 0.022346768528223 0.0119343400001526 0.00802938919514418 0.0059554073959589 0.00457498803734779 0.00390043947845697 0.00344331562519073 0.0025829894002527 0.00101536908186972 0.000311215466354042 0.000347628345480189
0.317634880542755 0.361063122749329 0.417925000190735 0.420987755060196 0.437334835529327 0.742773115634918 0.742639243602753 0.696441352367401 0.708986878395081 0.703679621219635 0.732044816017151 0.716575562953949 0.743856728076935 0.609429657459259 0.490892797708511 0.404919803142548 0.489927172660828 0.233500704169273 0.157353922724724 0.152705937623978 0.154768437147141 0.15909580886364 0.173017993569374 0.180417001247406 0.207729905843735 0.229573994874954 0.232307851314545 0.195003136992455 0.183633491396904 0.19593408703804 0.25809583067894 0.310727685689926 0.341733932495117 0.180958434939384 0.0705234855413437 0.0212896820157766 0.0231187716126442 0.0237141866236925 0.0128627028316259 0.00844841450452805 0.0064937868155539 0.00559994438663125 0.00431577302515507 0.00356118031777442 0.00291325501166284 0.00137094722595066 0.0013929094420746 0.00103259808383882
-3.4e+38 -3.4e+38 0.366645812988281 0.40742239356041 0.434029817581177 0.454578876495361 0.723667740821838 0.738057672977448 0.693644523620605 0.70549088716507 0.710954904556274 0.733527004718781 0.745333909988403 0.66257518529892 0.574912130832672 0.463038444519043 0.505256652832031 0.592950522899628 0.207448154687881 0.17748986184597 0.187272801995277 0.207839727401733 0.228525146842003 0.249228596687317 0.266004770994186 0.279983669519424 0.278521329164505 0.247325763106346 0.226528123021126 0.201578840613365 0.266141444444656 0.276990234851837 0.313569277524948 0.327728688716888 0.140765249729156 0.0358939915895462 0.0397018752992153 0.0240432657301426 0.0143816079944372 0.00915491580963135 0.00681939022615552 0.00598803022876382 0.004516561049968 0.00369209283962846 0.00306100118905306 0.00227596145123243 0.00158989557530731 0.00113382714334875
-3.4e+38 -3.4e+38 0.258121252059937 0.378702580928802 0.427712559700012 0.448162049055099 0.766888916492462 0.755578339099884 0.691238939762115 0.738113343715668 0.75085985660553 0.732527077198029 0.724095106124878 0.688608825206757 0.730652391910553 0.734209179878235 0.448483824729919 0.512134730815887 0.291172176599503 0.200360611081123 0.237322077155113 0.312427490949631 0.332475990056992 0.313658595085144 0.286839932203293 0.283510953187943 0.295843541622162 0.297524005174637 0.248182192444801 0.217466622591019 0.207519888877869 0.227592200040817 0.281778961420059 0.312353700399399 0.0645974054932594 0.0450635515153408 0.0413753837347031 0.0456174090504646 0.0234827026724815 0.0128223914653063 0.00794084090739489 0.00625311443582177 0.00553905079141259 0.00425054971128702 0.00331659731455147 0.00256903632543981 0.00199322053231299 0.00140702968928963
