data/climate_estimation/maxent_output/Toxicoscordion_venenosum.asc
NCOLS 292 
NROWS 244 
XLLCORNER -125.666666666667 
YLLCORNER 31.9166666666667 
CELLSIZE 0.0833333333333333 
NODATA_value -3.4e+38 
[rows 120 to 139 of 244, columns 225 to 269 of 292]
0.87629908323288 0.881951749324799 0.889744341373444 0.881826996803284 0.888661086559296 0.927376091480255 0.932210266590118 0.93811297416687 0.943019092082977 0.944542288780212 0.949443757534027 0.946830272674561 0.950876116752625 0.941383063793182 0.926777303218842 0.870335280895233 0.908145368099213 0.931627452373505 0.955329358577728 0.947978615760803 0.93781715631485 0.91084223985672 0.884359121322632 0.855425000190735 0.876023471355438 0.812638521194458 0.70904016494751 0.642809450626373 0.637557744979858 0.727313041687012 0.772811233997345 0.713371813297272 0.75907963514328 0.760041773319244 0.729655086994171 0.789026260375977 0.792197287082672 0.81770259141922 0.794188320636749 0.785074174404144 0.779342472553253 0.759410738945007 0.730798184871674 0.727457225322723 0.729957401752472
0.881889641284943 0.890554249286652 0.895814836025238 0.900047242641449 0.904946565628052 0.920768439769745 0.930526852607727 0.932611882686615 0.943807363510132 0.950845301151276 0.951424241065979 0.955495119094849 0.95099949836731 0.954531848430634 0.954582512378693 0.946475803852081 0.945612847805023 0.940994441509247 0.944362759590149 0.958669662475586 0.922588884830475 0.845807313919067 0.83240282535553 0.800395607948303 0.798611760139465 0.789230525493622 0.828042209148407 0.807688772678375 0.790280938148499 0.735860526561737 0.652634799480438 0.682616889476776 0.744783163070679 0.752800464630127 0.713484466075897 0.752104341983795 0.769359827041626 0.789247632026672 0.808937847614288 0.807330012321472 0.790341079235077 0.740326464176178 0.720349848270416 0.707315862178802 0.695630431175232
0.892879962921143 0.895349681377411 0.909381330013275 0.924068570137024 0.931397557258606 0.940192639827728 0.94219309091568 0.949188053607941 0.950890958309174 0.952842712402344 0.955740213394165 0.956617712974548 0.959476053714752 0.954661250114441 0.954325318336487 0.936821341514587 0.941811978816986 0.941355645656586 0.944058835506439 0.953644156455994 0.925743937492371 0.890832424163818 0.89036750793457 0.885141134262085 0.857221007347107 0.932165324687958 0.947940051555634 0.869210004806519 0.727575302124023 0.705930173397064 0.72158682346344 0.710191905498505 0.709111571311951 0.699508726596832 0.719963133335114 0.712181270122528 0.725668132305145 0.670190274715424 0.704244256019592 0.771933197975159 0.797401189804077 0.793141603469849 0.771253108978271 0.734589397907257 0.70078718662262
0.903280735015869 0.909682750701904 0.918548822402954 0.930968165397644 0.941093266010284 0.945483148097992 0.950217247009277 0.950905442237854 0.953853607177734 0.956479907035828 0.959955394268036 0.961993157863617 0.963238000869751 0.964549481868744 0.958242297172546 0.952982723712921 0.954466879367828 0.949874460697174 0.963054239749908 0.96353667974472 0.945038318634033 0.944836497306824 0.944098472595215 0.943313121795654 0.926703214645386 0.950792014598846 0.892248928546906 0.731960296630859 0.695715069770813 0.672388911247253 0.66528195142746 0.690388143062592 0.734170973300934 0.71629011631012 0.680959105491638 0.673341274261475 0.648739755153656 0.662752985954285 0.637730419635773 0.685289084911346 0.70411890745163 0.74118572473526 0.764548003673553 0.777488589286804 0.743326187133789
0.918998777866364 0.925186932086945 0.930943548679352 0.942476868629456 0.952567040920258 0.957408010959625 0.95401656627655 0.954581201076508 0.959897816181183 0.959125936031342 0.963630437850952 0.963556826114655 0.963834464550018 0.965191900730133 0.964860022068024 0.964518308639526 0.960960566997528 0.960098087787628 0.960759997367859 0.95610785484314 0.945739209651947 0.949042916297913 0.957866013050079 0.954830348491669 0.952486634254456 0.96132630109787 0.95860880613327 0.93264102935791 0.797528743743896 0.721900105476379 0.672002971172333 0.671184897422791 0.710571765899658 0.708880960941315 0.703745484352112 0.714672088623047 0.741877436637878 0.665904879570007 0.617380857467651 0.63272100687027 0.637278318405151 0.628928482532501 0.655931949615479 0.703807830810547 0.71919310092926
0.932962119579315 0.939607322216034 0.963144958019257 0.952859163284302 0.967779755592346 0.978237688541412 0.971059918403625 0.96752542257309 0.963806748390198 0.964642941951752 0.966856479644775 0.968098998069763 0.965730369091034 0.966152310371399 0.965561747550964 0.963709890842438 0.960120737552643 0.955967307090759 0.961235105991364 0.95782345533371 0.956358730792999 0.959861695766449 0.96606034040451 0.963878273963928 0.968292117118835 0.968008637428284 0.965891599655151 0.95795202255249 0.941989481449127 0.865634441375732 0.741450190544128 0.718037664890289 0.746159851551056 0.74591726064682 0.7703657746315 0.795243263244629 0.86755907535553 0.797074973583221 0.712724506855011 0.652954995632172 0.602619647979736 0.575601994991302 0.580192506313324 0.576366722583771 0.5852952003479
0.945350646972656 0.950013995170593 0.95781421661377 0.97656923532486 0.975634694099426 0.98089075088501 0.981500744819641 0.978882253170013 0.973368287086487 0.967051982879639 0.967992722988129 0.967689633369446 0.96860283613205 0.966171026229858 0.966876864433289 0.961452305316925 0.962179839611053 0.961468279361725 0.960808217525482 0.964689314365387 0.959558486938477 0.964798033237457 0.962741196155548 0.962701320648193 0.965567886829376 0.96657258272171 0.967530012130737 0.964834153652191 0.956356704235077 0.949674725532532 0.872218787670135 0.826177656650543 0.763850152492523 0.847545146942139 0.860342264175415 0.827624201774597 0.854735910892487 0.867422521114349 0.830013513565063 0.793646395206451 0.705072641372681 0.639753043651581 0.576242566108704 0.525582671165466 0.517020642757416
0.95887953042984 0.957172632217407 0.967473685741425 0.978271186351776 0.852556943893433 0.971782386302948 0.970616400241852 0.968720257282257 0.966713428497314 0.970740914344788 0.966677010059357 0.968840539455414 0.96935623884201 0.969011545181274 0.96686977148056 0.964800238609314 0.956635653972626 0.926895141601562 0.941994905471802 0.953266620635986 0.959151983261108 0.964449286460876 0.961529731750488 0.968404054641724 0.967251539230347 0.966820001602173 0.967671275138855 0.95819765329361 0.953095674514771 0.950332760810852 0.930299758911133 0.887707233428955 0.819534420967102 0.838492393493652 0.853526473045349 0.84874564409256 0.85133022069931 0.838369190692902 0.791526675224304 0.745469927787781 0.732629656791687 0.691591262817383 0.687605202198029 0.623763799667358 0.551727950572968
0.965903699398041 0.959534227848053 0.969003438949585 0.977204442024231 0.97543865442276 0.96272486448288 0.932406902313232 0.87862628698349 0.873970031738281 0.949031352996826 0.96032327413559 0.968821823596954 0.969240128993988 0.969104945659637 0.967605829238892 0.964520633220673 0.950481712818146 0.91394829750061 0.946562469005585 0.961442112922668 0.962988793849945 0.96051150560379 0.959108710289001 0.964440643787384 0.963494002819061 0.960684239864349 0.961353242397308 0.960066556930542 0.955541610717773 0.949249744415283 0.941871225833893 0.899643003940582 0.863118290901184 0.872789204120636 0.927216649055481 0.914053559303284 0.909610867500305 0.885069072246552 0.864417850971222 0.863066494464874 0.819422006607056 0.764065325260162 0.706711649894714 0.627980053424835 0.606820940971375
0.967570900917053 0.963710963726044 0.977442979812622 0.977274239063263 0.817745804786682 0.783289134502411 0.669597625732422 0.354308485984802 0.46557754278183 0.842904031276703 0.952511131763458 0.964342772960663 0.967306554317474 0.966727435588837 0.965753078460693 0.963017821311951 0.960958123207092 0.893693387508392 0.9304239153862 0.949708580970764 0.957037389278412 0.958744585514069 0.95922726392746 0.963525295257568 0.961337208747864 0.961187839508057 0.959922015666962 0.958641886711121 0.953910291194916 0.952190756797791 0.943266570568085 0.93939870595932 0.940219640731812 0.929154932498932 0.927676379680634 0.918822407722473 0.91712361574173 0.912371575832367 0.891305327415466 0.880175173282623 0.868616938591003 0.844680190086365 0.756098091602325 0.769493222236633 0.76784348487854
0.976983726024628 0.978936970233917 0.97960889339447 0.98080575466156 0.928079426288605 0.609540462493896 0.269321590662003 0.134978890419006 0.349179685115814 0.760582566261292 0.952704727649689 0.964183807373047 0.963616728782654 0.964651226997375 0.96314263343811 0.956609189510345 0.959531009197235 0.899344205856323 0.918073058128357 0.941279649734497 0.952616155147552 0.952886462211609 0.953290045261383 0.957585275173187 0.96226704120636 0.961452782154083 0.958341360092163 0.955822288990021 0.952806830406189 0.952271163463593 0.947200536727905 0.941693842411041 0.931670010089874 0.928225576877594 0.919807553291321 0.917196452617645 0.903736591339111 0.90038537979126 0.894499003887177 0.883052408695221 0.866115689277649 0.857478201389313 0.83337664604187 0.789958775043488 0.77363795042038
0.978709578514099 0.979777872562408 0.981389224529266 0.981472849845886 0.901696801185608 0.683297991752625 0.36530801653862 0.25148817896843 0.490786105394363 0.946163237094879 0.951870083808899 0.955113887786865 0.961280822753906 0.964087426662445 0.960193276405334 0.962300896644592 0.960767328739166 0.8692387342453 0.892162322998047 0.929854035377502 0.951174557209015 0.95476096868515 0.951639533042908 0.96019721031189 0.963228642940521 0.961620986461639 0.949672341346741 0.947917520999908 0.939548850059509 0.940380752086639 0.938005983829498 0.934428215026855 0.913524568080902 0.915840983390808 0.899536728858948 0.888977706432343 0.884175956249237 0.878949224948883 0.890927493572235 0.855496406555176 0.833017528057098 0.815529108047485 0.79389888048172 0.777203559875488 0.762050926685333
0.856275022029877 0.956160426139832 0.979103863239288 0.973769307136536 0.969276368618011 0.803979873657227 0.548392474651337 0.412251502275467 0.532823085784912 0.921007752418518 0.864268779754639 0.950123310089111 0.957603812217712 0.962957322597504 0.964296877384186 0.963430166244507 0.953304946422577 0.844529032707214 0.8795325756073 0.923235833644867 0.9453364610672 0.958271384239197 0.959145307540894 0.96481990814209 0.955686330795288 0.953190624713898 0.948274612426758 0.94482696056366 0.942675888538361 0.931210994720459 0.927253603935242 0.901022970676422 0.881095349788666 0.856178164482117 0.841987729072571 0.834699392318726 0.834835052490234 0.829970061779022 0.853612422943115 0.841276288032532 0.819973886013031 0.769906282424927 0.734114706516266 0.726604521274567 0.667010843753815
0.511215507984161 0.707270741462708 0.609400033950806 0.808527588844299 0.884110033512115 0.838565945625305 0.655176162719727 0.530275821685791 0.616206049919128 0.675990343093872 0.92175829410553 0.941039323806763 0.946707963943481 0.958757042884827 0.961924731731415 0.956977963447571 0.950296401977539 0.906574785709381 0.896095275878906 0.918257117271423 0.938643395900726 0.948386490345001 0.953769564628601 0.957042872905731 0.958968281745911 0.956269323825836 0.948315143585205 0.931479871273041 0.929908871650696 0.929282009601593 0.90905350446701 0.867889523506165 0.843382775783539 0.820076763629913 0.853433787822723 0.835749268531799 0.825298488140106 0.833893775939941 0.822625815868378 0.807330965995789 0.787754714488983 0.780485808849335 0.74559873342514 0.706410348415375 0.652547538280487
0.43595078587532 0.475724071264267 0.28920578956604 0.453179389238358 0.639604270458221 0.734381318092346 0.658423125743866 0.591498196125031 0.527646720409393 0.62980592250824 0.897015631198883 0.906294286251068 0.925808072090149 0.941961169242859 0.931676387786865 0.854668736457825 0.910022497177124 0.919350504875183 0.930601477622986 0.926006257534027 0.931415259838104 0.945298492908478 0.952414453029633 0.956243336200714 0.959185898303986 0.953950107097626 0.94859766960144 0.93286520242691 0.929576456546783 0.915160894393921 0.870245635509491 0.841762900352478 0.805528044700623 0.776887953281403 0.825902223587036 0.788900077342987 0.818750560283661 0.804144263267517 0.801544010639191 0.772801518440247 0.76626193523407 0.753088176250458 0.727701008319855 0.672647655010223 0.644594550132751
0.404610157012939 0.372774571180344 0.177355274558067 0.34454208612442 0.469482421875 0.437506198883057 0.589985907077789 0.472778558731079 0.484818041324615 0.544887065887451 0.824452936649323 0.874860286712646 0.822293698787689 0.816695511341095 0.759606957435608 0.74980616569519 0.895241141319275 0.937633514404297 0.950146496295929 0.943685352802277 0.946687698364258 0.950472950935364 0.959780037403107 0.957537591457367 0.954818308353424 0.943105280399323 0.934966266155243 0.934739470481873 0.913489758968353 0.869236052036285 0.811988234519958 0.772872686386108 0.771482050418854 0.766067147254944 0.824672639369965 0.78068083524704 0.759882509708405 0.719287216663361 0.723112821578979 0.655541658401489 0.591804444789886 0.590455055236816 0.659780144691467 0.685115694999695 0.643503487110138
0.388906627893448 0.253084748983383 0.137000322341919 0.177735760807991 0.453174293041229 0.41385143995285 0.451497614383698 0.522146046161652 0.447869926691055 0.215385556221008 0.42254576086998 0.829834520816803 0.769031763076782 0.511737585067749 0.592059135437012 0.733314096927643 0.89640474319458 0.938365697860718 0.957496523857117 0.958101689815521 0.951600909233093 0.958736836910248 0.952834069728851 0.943519353866577 0.938033938407898 0.937252223491669 0.920882880687714 0.916758835315704 0.870598554611206 0.830797016620636 0.765206754207611 0.705771088600159 0.679560422897339 0.711130201816559 0.772549390792847 0.677735269069672 0.657543838024139 0.589958906173706 0.596744060516357 0.543225586414337 0.491860300302505 0.449092894792557 0.449636906385422 0.517831027507782 0.537791609764099
0.395460486412048 0.400487869977951 0.175965800881386 0.129412695765495 0.428494721651077 0.399713903665543 0.385484963655472 0.351595759391785 0.427860021591187 0.524614930152893 0.300859719514847 0.488847702741623 0.730221390724182 0.319319784641266 0.373714536428452 0.706301152706146 0.887109816074371 0.925134122371674 0.951769173145294 0.956036746501923 0.957378566265106 0.949797749519348 0.944424510002136 0.937715530395508 0.934441149234772 0.91913515329361 0.909217596054077 0.903930306434631 0.858485221862793 0.777725636959076 0.726952850818634 0.64630651473999 0.607804477214813 0.644649028778076 0.647971570491791 0.577038407325745 0.483489036560059 0.485681384801865 0.486177325248718 0.468811899423599 0.482406318187714 0.441610932350159 0.423140466213226 0.422768294811249 0.396139413118362
0.392360359430313 0.386376410722733 0.13893923163414 0.156059801578522 0.443413525819778 0.404340893030167 0.353704929351807 0.294781535863876 0.36288183927536 0.529342830181122 0.546598076820374 0.144296273589134 0.422948837280273 0.502945244312286 0.649024784564972 0.735121190547943 0.889898121356964 0.936426043510437 0.939767420291901 0.954400300979614 0.952800810337067 0.935222804546356 0.92030256986618 0.920215845108032 0.92606121301651 0.903927147388458 0.864925622940063 0.844412088394165 0.813332498073578 0.753294050693512 0.686076462268829 0.63652902841568 0.585335075855255 0.560292363166809 0.537794709205627 0.461017817258835 0.466086804866791 0.456115633249283 0.419064402580261 0.427642345428467 0.39322629570961 0.450433075428009 0.430641949176788 0.412638574838638 0.365338206291199
0.146170422434807 0.227151438593864 0.116712979972363 0.202883645892143 0.505216538906097 0.483457058668137 0.440278261899948 0.407072901725769 0.447532773017883 0.537508130073547 0.573143601417542 0.147464781999588 0.238684371113777 0.419576287269592 0.196874737739563 0.448514133691788 0.773780047893524 0.760758876800537 0.908601343631744 0.929486155509949 0.960721909999847 0.924724996089935 0.90489399433136 0.911099374294281 0.897874534130096 0.872026145458221 0.804755210876465 0.776374936103821 0.743571519851685 0.691844403743744 0.634112238883972 0.612435698509216 0.59292197227478 0.552069425582886 0.519875466823578 0.486275017261505 0.406606465578079 0.454434484243393 0.44562229514122 0.440662622451782 0.431733757257462 0.387461721897125 0.383228719234467 0.361964583396912 0.315134942531586
