data/climate_estimation/maxent_output/Tricyrtis_macropoda.asc
NCOLS 176 
NROWS 88 
XLLCORNER 126.25 
YLLCORNER 32.5 
CELLSIZE 0.0833333333333333 
NODATA_value -3.4e+38 
[rows 44 to 65 of 88, columns 98 to 146 of 176]
-3.4e+38 -3.4e+38 -3.4e+38 -3.4e+38 -3.4e+38 -3.4e+38 -3.4e+38 -3.4e+38 -3.4e+38 -3.4e+38 -3.4e+38 -3.4e+38 -3.4e+38 -3.4e+38 -3.4e+38 -3.4e+38 -3.4e+38 -3.4e+38 -3.4e+38 0.263113409280777 0.186452239751816 0.122190706431866 0.154358491301537 0.363940834999084 0.427560359239578 0.757832229137421 0.719102680683136 0.629559814929962 0.41203698515892 0.644731819629669 0.744287848472595 0.742275238037109 0.795390188694 0.843451917171478 0.845035791397095 0.807232618331909 0.616793513298035 0.293972790241241 0.543762922286987 0.669734716415405 0.631228089332581 0.73805832862854 0.275202333927155 0.703244805335999 0.654090344905853 0.602787613868713 0.514612138271332 0.545441746711731 0.241144269704819
-3.4e+38 -3.4e+38 -3.4e+38 -3.4e+38 -3.4e+38 -3.4e+38 -3.4e+38 -3.4e+38 -3.4e+38 -3.4e+38 -3.4e+38 -3.4e+38 -3.4e+38 -3.4e+38 -3.4e+38 -3.4e+38 -3.4e+38 -3.4e+38 -3.4e+38 0.299443036317825 0.19007620215416 0.117461174726486 0.167790323495865 0.287229031324387 0.265384525060654 0.320925623178482 0.721441507339478 0.695617735385895 0.617128551006317 0.724941968917847 0.778784573078156 0.728707611560822 0.755805015563965 0.776752114295959 0.830800533294678 0.769289374351501 0.721619307994843 0.590180933475494 0.544534385204315 0.56265652179718 0.581251859664917 0.773576200008392 0.74466997385025 0.632634520530701 0.605227530002594 0.558356821537018 0.564445495605469 0.413176745176315 0.438890963792801
-3.4e+38 -3.4e+38 -3.4e+38 -3.4e+38 -3.4e+38 -3.4e+38 -3.4e+38 -3.4e+38 -3.4e+38 -3.4e+38 -3.4e+38 -3.4e+38 -3.4e+38 -3.4e+38 -3.4e+38 -3.4e+38 -3.4e+38 -3.4e+38 0.288988798856735 0.259249329566956 0.144959971308708 0.131954669952393 0.246115207672119 0.302583634853363 0.303363114595413 0.287444412708282 0.813504695892334 0.770191371440887 0.765536725521088 0.814647555351257 0.718470215797424 0.723214983940125 0.782592177391052 0.838887155056 0.82732880115509 0.693284273147583 0.528215527534485 0.641271710395813 0.683907508850098 0.639496028423309 0.750818371772766 0.656818032264709 0.751737117767334 0.698266208171844 0.670088171958923 0.554293870925903 0.581906676292419 0.380318135023117 0.547061741352081
-3.4e+38 -3.4e+38 -3.4e+38 -3.4e+38 -3.4e+38 -3.4e+38 -3.4e+38 -3.4e+38 -3.4e+38 -3.4e+38 -3.4e+38 -3.4e+38 -3.4e+38 -3.4e+38 -3.4e+38 -3.4e+38 -3.4e+38 -3.4e+38 -3.4e+38 0.247628569602966 0.196045339107513 0.179464370012283 0.285853922367096 0.376043915748596 0.749516725540161 0.796558141708374 0.773201107978821 0.791622757911682 0.78881424665451 0.843893766403198 0.805575370788574 0.841014266014099 0.826198697090149 0.848971366882324 0.762406051158905 0.63171911239624 0.372112363576889 0.604401051998138 0.779128193855286 0.802727460861206 0.683292031288147 0.670503199100494 0.757061541080475 0.740555465221405 0.674753487110138 0.637321770191193 0.562030434608459 0.536147117614746 0.527127742767334
-3.4e+38 -3.4e+38 -3.4e+38 -3.4e+38 -3.4e+38 -3.4e+38 -3.4e+38 -3.4e+38 -3.4e+38 0.180586516857147 0.100701622664928 -3.4e+38 -3.4e+38 -3.4e+38 -3.4e+38 -3.4e+38 -3.4e+38 -3.4e+38 -3.4e+38 0.145594298839569 0.276904553174973 0.242426529526711 0.356157749891281 0.748808979988098 0.731219351291656 0.74850594997406 0.768338084220886 0.761795282363892 0.797209739685059 0.85135680437088 0.83029443025589 0.850253641605377 0.848974227905273 0.847785532474518 0.839642941951752 0.64529675245285 0.663024365901947 0.727883636951447 0.783672571182251 0.803164899349213 0.355468302965164 0.60267972946167 0.785664200782776 0.749829232692719 0.681163370609283 0.464035272598267 0.688489496707916 0.463637709617615 0.481576591730118
-3.4e+38 -3.4e+38 -3.4e+38 -3.4e+38 -3.4e+38 -3.4e+38 0.142373442649841 0.117952316999435 0.150364264845848 0.261010408401489 0.128840684890747 -3.4e+38 0.0931614562869072 -3.4e+38 -3.4e+38 -3.4e+38 -3.4e+38 -3.4e+38 0.181791126728058 0.223890542984009 0.300631731748581 0.753669917583466 0.742610812187195 0.749181747436523 0.785968005657196 0.783794164657593 0.803874909877777 0.817763805389404 0.848916709423065 0.849545240402222 0.799037098884583 0.842086732387543 0.799745142459869 0.832924842834473 0.845775067806244 0.839891135692596 0.751895070075989 0.65642112493515 0.780229032039642 0.814764678478241 0.390471786260605 0.737447559833527 0.818421244621277 0.728841245174408 0.584115266799927 0.299764037132263 0.424329370260239 0.683386564254761 0.363109260797501
0.130148887634277 0.198603063821793 0.143163040280342 0.152314633131027 0.134624093770981 0.122647367417812 0.125636503100395 0.133743122220039 0.186139196157455 0.242283120751381 0.0961488783359528 -3.4e+38 0.0986657291650772 -3.4e+38 -3.4e+38 -3.4e+38 0.102982863783836 0.105522222816944 0.153821259737015 0.180031359195709 0.26023542881012 0.75343918800354 0.751141309738159 0.776858270168304 0.7877396941185 0.798211693763733 0.785848498344421 0.831943213939667 0.82149076461792 0.841016948223114 0.709178864955902 0.709663391113281 0.761253118515015 0.782979846000671 0.837604224681854 0.843513965606689 0.835549414157867 0.822956740856171 0.839165568351746 0.662444472312927 0.505552887916565 0.812762916088104 0.833533704280853 0.749260008335114 0.517041742801666 0.286106467247009 0.547822058200836 0.687590599060059 0.493287056684494
0.239291206002235 0.252095431089401 0.346672803163528 0.233947575092316 0.115133352577686 0.133806392550468 0.197557628154755 0.191709205508232 0.124712929129601 0.123884364962578 0.140479773283005 0.163927897810936 0.158977389335632 0.0868043601512909 0.124172642827034 0.148785024881363 0.11590501666069 0.123550355434418 0.730315268039703 0.476794183254242 0.710424482822418 0.691610872745514 0.776122629642487 0.750543117523193 0.791689872741699 0.760635852813721 0.657982170581818 0.651299059391022 0.584467232227325 0.572204351425171 0.589829325675964 0.646804332733154 0.727035820484161 0.817138195037842 0.837118208408356 0.838631570339203 0.761035978794098 0.819093585014343 0.800045073032379 0.722559034824371 0.820321202278137 0.807622969150543 0.821753740310669 0.708751559257507 0.432825297117233 0.318117886781693 0.629942834377289 0.716159641742706 0.645630061626434
0.647707402706146 0.469662010669708 0.520865917205811 0.210293009877205 0.114365570247173 0.151387050747871 0.17109502851963 0.341384261846542 0.332404255867004 0.215888693928719 0.150627136230469 0.15540874004364 0.250837743282318 0.198908388614655 0.186161383986473 0.175432711839676 0.209926337003708 0.586678266525269 0.461454540491104 0.575156152248383 0.506233036518097 0.441176921129227 0.254087656736374 0.78220397233963 0.795303821563721 0.699178814888 0.534282505512238 0.512675642967224 0.516579329967499 0.506934106349945 0.50881963968277 0.512420177459717 0.594939887523651 0.748746514320374 0.801294803619385 0.730291962623596 0.788241028785706 0.821624934673309 0.665053308010101 0.820369899272919 0.816858410835266 0.827533423900604 0.74373334646225 0.545739531517029 0.329574227333069 0.441131114959717 0.625040471553802 0.815985202789307 0.695976972579956
0.76753705739975 0.758038997650146 0.495517581701279 0.217848882079124 0.143070295453072 0.30597972869873 0.386117041110992 0.328087627887726 0.177540719509125 0.152418106794357 0.182673826813698 0.253314405679703 0.368301808834076 0.421600610017776 0.379364430904388 0.381647169589996 0.775941491127014 0.751143395900726 0.260656476020813 0.15223553776741 0.143018767237663 0.143880292773247 0.515139579772949 0.710217833518982 0.744294583797455 0.597428262233734 0.515944123268127 0.491718053817749 0.466691076755524 0.470359176397324 0.501300156116486 0.560619175434113 0.576417505741119 0.618383944034576 0.72696328163147 0.823906540870667 0.830092310905457 0.746762216091156 0.635432839393616 0.754591286182404 0.825920462608337 0.828257918357849 0.773013949394226 0.639430940151215 0.43146738409996 0.546469151973724 0.702941358089447 0.791791915893555 0.800824284553528
0.774418413639069 0.752214431762695 0.779262244701385 0.453849524259567 0.37680584192276 0.284076035022736 0.300206691026688 0.188965633511543 0.139525711536407 0.140179872512817 0.179889306426048 0.273132383823395 0.75426572561264 0.747028887271881 0.768285393714905 0.781568765640259 0.782621502876282 0.779787421226501 0.75223708152771 0.469881772994995 0.471787095069885 0.485030770301819 0.641791701316833 0.823915600776672 0.79436582326889 0.751033425331116 0.512683272361755 0.498494356870651 0.473191440105438 0.450635522603989 0.456604540348053 0.525959014892578 0.608512222766876 0.770314812660217 0.81638777256012 0.816174626350403 0.82458883523941 0.828105390071869 0.76711368560791 0.774478554725647 0.824255466461182 0.822980582714081 0.752709090709686 0.536201357841492 0.554265916347504 0.686469435691833 0.645081758499146 0.776523530483246 0.789347469806671
0.768290758132935 0.788752555847168 0.779418766498566 0.780767202377319 0.759144008159637 0.780783712863922 0.749326109886169 0.610888242721558 0.52464634180069 0.583588182926178 0.630463361740112 0.642876148223877 0.665497720241547 0.726600289344788 0.749925911426544 0.77614825963974 0.786933422088623 0.786595702171326 0.468135118484497 0.446623593568802 0.456936210393906 0.491698414087296 0.648476600646973 0.825963795185089 0.812948286533356 0.809534311294556 0.604605734348297 0.50580906867981 0.480263769626617 0.446782678365707 0.437542408704758 0.47919887304306 0.63117390871048 0.686011970043182 0.684682488441467 0.801413118839264 0.826043725013733 0.814467966556549 0.78186559677124 0.784660995006561 0.819278299808502 0.816023588180542 0.767970323562622 0.611092925071716 0.746703386306763 0.773134469985962 0.782610535621643 0.792759418487549 0.799061119556427
0.787801861763 0.783494114875793 0.790876507759094 0.791808724403381 0.773639976978302 0.773650825023651 0.690697252750397 0.565063714981079 0.643377840518951 0.690967977046967 0.700839042663574 0.691724419593811 0.530674815177917 0.623252809047699 0.756044387817383 0.778257250785828 0.774150550365448 0.646852970123291 0.55398827791214 0.564997017383575 0.590541541576385 0.63291347026825 0.809174537658691 0.82362961769104 0.821975886821747 0.655732333660126 0.629200100898743 0.527287602424622 0.490168631076813 0.464993089437485 0.466906696557999 0.482777774333954 0.526462137699127 0.555147171020508 0.679744005203247 0.819622218608856 0.789285182952881 0.818293452262878 0.818165123462677 0.81570839881897 0.808602750301361 0.811920523643494 0.762710273265839 0.736550807952881 0.807827353477478 0.796514630317688 0.802379250526428 0.798327624797821 0.775578320026398
0.720299482345581 0.691762208938599 0.774689674377441 0.737719774246216 0.681649088859558 0.681702613830566 0.514571011066437 0.662429869174957 0.704794764518738 0.717098236083984 0.740677118301392 0.76828521490097 0.724604547023773 0.439875423908234 0.762767195701599 0.575656056404114 0.591582357883453 0.603649497032166 0.547386109828949 0.600742340087891 0.627350330352783 0.66638171672821 0.778184950351715 0.794546961784363 0.813932478427887 0.621669828891754 0.590266823768616 0.549719572067261 0.512133538722992 0.497860491275787 0.484141737222672 0.488988608121872 0.507311224937439 0.578036606311798 0.799360036849976 0.815527558326721 0.816465079784393 0.796915471553802 0.803377449512482 0.793957769870758 0.80623072385788 0.804261147975922 0.801433265209198 0.80230587720871 0.796229183673859 0.794416189193726 0.777240037918091 0.726883351802826 0.677894353866577
0.700037598609924 0.644296646118164 0.670329630374908 0.627981066703796 0.609528601169586 0.620098412036896 0.586768388748169 0.660707414150238 0.687017858028412 0.690820872783661 0.70696759223938 0.693282902240753 0.723181903362274 0.725397765636444 0.713987588882446 0.429090023040771 0.467366099357605 0.632667481899261 0.618478059768677 0.772613227367401 0.711525738239288 0.69335412979126 0.796063601970673 0.818511724472046 0.78732031583786 0.642427146434784 0.608812272548676 0.584900796413422 -3.4e+38 0.546357452869415 0.51800948381424 0.52268522977829 0.525153279304504 0.598727643489838 0.72167432308197 0.804198861122131 0.80499541759491 0.732990562915802 0.771743476390839 0.793762266635895 0.785771012306213 0.775688529014587 0.785428106784821 0.789979517459869 0.779381215572357 0.771877646446228 0.734475195407867 0.578777372837067 0.611938297748566
0.682939291000366 0.582323849201202 0.554353713989258 0.566054105758667 0.591723024845123 0.573033690452576 0.573115468025208 0.611571252346039 0.626447260379791 0.629202663898468 0.672172486782074 0.591754019260406 0.663098514080048 0.596766233444214 0.50169837474823 0.415391057729721 0.466289490461349 0.605457484722137 0.77384752035141 0.799188315868378 0.759203374385834 0.692827880382538 0.804163634777069 0.748098731040955 0.643046855926514 0.623559534549713 0.606635987758636 -3.4e+38 -3.4e+38 0.567777812480927 0.541365504264832 0.545740127563477 0.564457535743713 0.634500741958618 0.686200022697449 0.70877206325531 0.659560859203339 0.698663771152496 0.742759883403778 0.738049268722534 0.685025930404663 0.740854382514954 0.75359696149826 0.771903574466705 0.744725704193115 0.686903119087219 0.589079082012177 0.621529698371887 -3.4e+38
0.5626060962677 0.534839987754822 0.507494211196899 0.518829643726349 0.53438013792038 0.540312170982361 0.578310310840607 0.620443642139435 0.732786297798157 0.796990811824799 0.781632304191589 0.480945140123367 0.437873423099518 0.417072653770447 0.408226400613785 0.478658080101013 0.454561084508896 0.616964161396027 0.738142490386963 0.779074907302856 0.682828903198242 0.692776083946228 0.812220931053162 0.797793745994568 0.612681210041046 0.605105936527252 0.60220593214035 -3.4e+38 -3.4e+38 0.589628458023071 0.560750842094421 0.564844906330109 0.638887643814087 0.581585705280304 0.59220427274704 0.583353281021118 0.666616320610046 0.61823308467865 0.620606184005737 0.610124170780182 0.564316093921661 0.599634766578674 0.600339293479919 0.642436861991882 0.691872477531433 0.595626473426819 0.545266330242157 0.536781966686249 -3.4e+38
0.509268581867218 0.47784361243248 -3.4e+38 -3.4e+38 0.498257040977478 0.498645305633545 0.55427098274231 0.62694388628006 0.687634110450745 0.67439866065979 0.54633504152298 0.466981470584869 0.440968364477158 0.418121963739395 0.440111011266708 0.555916547775269 0.454032182693481 0.614868998527527 0.746647953987122 0.669388890266418 0.636704444885254 0.74303126335144 0.812559247016907 0.672986626625061 0.606465816497803 0.599107205867767 -3.4e+38 -3.4e+38 -3.4e+38 0.614343464374542 0.596957802772522 -3.4e+38 -3.4e+38 0.645663976669312 0.592535197734833 0.605065405368805 0.63896518945694 0.585275232791901 0.551804006099701 0.564572274684906 0.542243778705597 0.542619705200195 0.597740650177002 0.605143189430237 0.618315637111664 0.581880331039429 0.525949656963348 -3.4e+38 -3.4e+38
0.445411056280136 0.479166120290756 0.451938688755035 -3.4e+38 -3.4e+38 -3.4e+38 0.564507901668549 0.57165789604187 0.579948484897614 0.535671293735504 -3.4e+38 -3.4e+38 0.501122355461121 0.449587047100067 0.497204452753067 0.538007616996765 0.461190313100815 0.719334125518799 0.808606684207916 0.791906237602234 0.729698002338409 0.807295620441437 0.787234842777252 0.684041023254395 0.617742478847504 0.593070030212402 0.562868297100067 -3.4e+38 -3.4e+38 -3.4e+38 -3.4e+38 0.594353854656219 0.637796223163605 0.616564512252808 0.616861879825592 0.62944895029068 0.561290860176086 -3.4e+38 -3.4e+38 0.542005181312561 0.542779743671417 0.531582295894623 -3.4e+38 0.541344344615936 0.553950130939484 0.539955615997314 -3.4e+38 -3.4e+38 -3.4e+38
-3.4e+38 -3.4e+38 -3.4e+38 -3.4e+38 -3.4e+38 0.653385698795319 0.696040511131287 0.581082463264465 -3.4e+38 -3.4e+38 -3.4e+38 0.548607409000397 0.548829436302185 0.52047723531723 0.518021941184998 0.528479278087616 0.49128583073616 0.672617793083191 0.801150858402252 0.807774305343628 0.812122464179993 0.810693860054016 0.800635457038879 0.800425589084625 0.750823318958282 0.607424676418304 0.576127946376801 0.553997933864594 0.520468592643738 0.564454853534698 -3.4e+38 0.572108626365662 -3.4e+38 -3.4e+38 -3.4e+38 -3.4e+38 -3.4e+38 -3.4e+38 -3.4e+38 -3.4e+38 -3.4e+38 -3.4e+38 -3.4e+38 -3.4e+38 -3.4e+38 -3.4e+38 -3.4e+38 -3.4e+38 -3.4e+38
-3.4e+38 -3.4e+38 -3.4e+38 -3.4e+38 0.584583282470703 0.634634494781494 0.682650446891785 -3.4e+38 -3.4e+38 -3.4e+38 0.550094246864319 0.565132141113281 0.58458411693573 0.596821904182434 0.70352441072464 0.753297746181488 0.597738206386566 0.803547143936157 0.797073602676392 0.809877097606659 0.807346642017365 0.795839548110962 0.803199410438538 0.780183553695679 0.712086617946625 0.666084051132202 0.624664962291718 0.689618825912476 0.714155495166779 0.567299604415894 0.521090865135193 -3.4e+38 -3.4e+38 -3.4e+38 -3.4e+38 -3.4e+38 -3.4e+38 -3.4e+38 -3.4e+38 -3.4e+38 -3.4e+38 -3.4e+38 -3.4e+38 -3.4e+38 -3.4e+38 -3.4e+38 -3.4e+38 -3.4e+38 -3.4e+38
-3.4e+38 -3.4e+38 -3.4e+38 0.492086708545685 0.597845673561096 0.627951204776764 -3.4e+38 -3.4e+38 -3.4e+38 0.55236542224884 0.583562016487122 0.687621355056763 0.791520118713379 0.797067821025848 0.785936594009399 0.725569248199463 0.713517010211945 0.787952601909637 0.803111553192139 0.759178936481476 0.755196392536163 0.804415047168732 0.791887581348419 0.768721044063568 0.764731228351593 0.783473134040833 0.735421419143677 0.723428070545197 0.640072464942932 0.568900763988495 0.521720886230469 -3.4e+38 -3.4e+38 -3.4e+38 -3.4e+38 -3.4e+38 -3.4e+38 -3.4e+38 -3.4e+38 -3.4e+38 -3.4e+38 -3.4e+38 -3.4e+38 -3.4e+38 -3.4e+38 -3.4e+38 -3.4e+38 -3.4e+38 -3.4e+38
