data/climate_estimation/maxent_output/Tricyrtis_formosana.asc
NCOLS 196 
NROWS 164 
XLLCORNER 119.833333333333 
YLLCORNER 21.6666666666667 
CELLSIZE 0.0833333333333333 
NODATA_value -3.4e+38 
[rows 0 to 25 of 164, columns 118 to 176 of 196]
-3.4e+38 -3.4e+38 -3.4e+38 -3.4e+38 -3.4e+38 -3.4e+38 -3.4e+38 -3.4e+38 -3.4e+38 -3.4e+38 -3.4e+38 -3.4e+38 -3.4e+38 -3.4e+38 -3.4e+38 -3.4e+38 -3.4e+38 -3.4e+38 -3.4e+38 -3.4e+38 -3.4e+38 -3.4e+38 -3.4e+38 -3.4e+38 -3.4e+38 -3.4e+38 -3.4e+38 -3.4e+38 -3.4e+38 -3.4e+38 -3.4e+38 -3.4e+38 -3.4e+38 -3.4e+38 0.0134960422292352 0.017461858689785 0.0204903651028872 0.025297312065959 0.0261834766715765 0.0301679577678442 0.0381844490766525 0.0359119288623333 0.0325908213853836 0.0308673307299614 0.0244027897715569 0.022403946146369 0.0258561819791794 0.0276620797812939 0.0225378572940826 0.0216919127851725 0.0284425262361765 0.0283758230507374 0.0299229454249144 0.0220808293670416 0.0138919539749622 0.0182088259607553 0.0285937264561653 0.0236544702202082 0.0272458922117949
-3.4e+38 -3.4e+38 -3.4e+38 -3.4e+38 -3.4e+38 -3.4e+38 -3.4e+38 -3.4e+38 -3.4e+38 -3.4e+38 -3.4e+38 -3.4e+38 -3.4e+38 -3.4e+38 -3.4e+38 -3.4e+38 -3.4e+38 -3.4e+38 -3.4e+38 -3.4e+38 -3.4e+38 -3.4e+38 -3.4e+38 -3.4e+38 -3.4e+38 -3.4e+38 -3.4e+38 -3.4e+38 -3.4e+38 -3.4e+38 -3.4e+38 -3.4e+38 -3.4e+38 0.0132144689559937 0.0149954594671726 0.0246734414249659 0.0257838349789381 0.0323659740388393 0.0305416844785213 0.0300342887639999 0.0320099256932735 0.0338864997029305 0.0355869047343731 0.0257907155901194 0.0233819577842951 0.0252739004790783 0.0322929322719574 0.0263012927025557 0.0172475855797529 0.0268514268100262 0.0203184373676777 0.0212409738451242 0.0164643116295338 0.0186996404081583 0.0156433507800102 0.0166001319885254 0.0253918897360563 0.0232909917831421 0.0178028922528028
-3.4e+38 -3.4e+38 -3.4e+38 -3.4e+38 -3.4e+38 -3.4e+38 -3.4e+38 -3.4e+38 -3.4e+38 -3.4e+38 -3.4e+38 -3.4e+38 -3.4e+38 -3.4e+38 -3.4e+38 -3.4e+38 -3.4e+38 -3.4e+38 -3.4e+38 -3.4e+38 -3.4e+38 -3.4e+38 -3.4e+38 -3.4e+38 -3.4e+38 -3.4e+38 -3.4e+38 -3.4e+38 -3.4e+38 -3.4e+38 -3.4e+38 -3.4e+38 0.016773846000433 0.0158318523317575 0.0191326346248388 0.0342812165617943 0.0321846082806587 0.0400324501097202 0.0446526445448399 0.0388082228600979 0.0343833528459072 0.039033267647028 0.0333211421966553 0.024113368242979 0.0257686022669077 0.0274042319506407 0.0230270996689796 0.0166418347507715 0.0136829297989607 0.0122110769152641 0.0105414567515254 0.00998165644705296 0.00978292152285576 0.0101909562945366 0.0102574424818158 0.01003004796803 0.0108556840568781 0.0115944119170308 0.0118408463895321
-3.4e+38 -3.4e+38 -3.4e+38 -3.4e+38 -3.4e+38 -3.4e+38 -3.4e+38 -3.4e+38 -3.4e+38 -3.4e+38 -3.4e+38 -3.4e+38 -3.4e+38 -3.4e+38 -3.4e+38 -3.4e+38 -3.4e+38 -3.4e+38 -3.4e+38 -3.4e+38 -3.4e+38 -3.4e+38 -3.4e+38 -3.4e+38 -3.4e+38 -3.4e+38 -3.4e+38 -3.4e+38 -3.4e+38 -3.4e+38 0.0258137825876474 0.0222385004162788 0.0256810486316681 0.0221865028142929 0.01803526468575 0.0187571253627539 0.0302787721157074 0.0424913167953491 0.0448959730565548 0.0442766211926937 0.0551934242248535 0.0366831570863724 0.0399022959172726 0.0349658392369747 0.0168042369186878 0.014307658188045 0.0113483313471079 0.00925458688288927 0.00720000639557838 0.00691253505647182 0.00745039107277989 0.00621870253235102 0.00585024431347847 0.00583179807290435 0.0060802293010056 0.00639926549047232 0.0060236812569201 0.00650454079732299 0.00590891344472766
-3.4e+38 -3.4e+38 -3.4e+38 -3.4e+38 -3.4e+38 -3.4e+38 -3.4e+38 -3.4e+38 -3.4e+38 -3.4e+38 -3.4e+38 -3.4e+38 -3.4e+38 -3.4e+38 -3.4e+38 -3.4e+38 -3.4e+38 -3.4e+38 -3.4e+38 -3.4e+38 -3.4e+38 -3.4e+38 -3.4e+38 -3.4e+38 -3.4e+38 -3.4e+38 -3.4e+38 -3.4e+38 -3.4e+38 0.0416566133499146 0.0361194424331188 0.0293768476694822 0.0267662145197392 0.0216358155012131 0.0286877658218145 0.0195655059069395 0.0352751575410366 0.0357087850570679 0.0345382653176785 0.028847198933363 0.026985427364707 0.0214959587901831 0.0229588355869055 0.0182836893945932 0.0123811447992921 0.00673824269324541 0.00694482959806919 0.00585321709513664 0.00576406810432673 0.00511341728270054 0.00616245437413454 0.00534225348383188 0.00495166517794132 0.00433644745498896 0.00547892926260829 0.00485112518072128 0.00449438905343413 0.00461120437830687 0.00434049358591437
-3.4e+38 -3.4e+38 -3.4e+38 -3.4e+38 -3.4e+38 -3.4e+38 -3.4e+38 -3.4e+38 -3.4e+38 -3.4e+38 -3.4e+38 -3.4e+38 -3.4e+38 -3.4e+38 -3.4e+38 -3.4e+38 -3.4e+38 -3.4e+38 -3.4e+38 -3.4e+38 -3.4e+38 -3.4e+38 -3.4e+38 -3.4e+38 -3.4e+38 -3.4e+38 -3.4e+38 -3.4e+38 0.0426248908042908 0.0460094176232815 0.0438323877751827 0.035963986068964 0.0373850502073765 0.0312688760459423 0.0278427433222532 0.020711587741971 0.0185907538980246 0.0217735711485147 0.0146641572937369 0.0140680223703384 0.0129940696060658 0.0200181193649769 0.0143385389819741 0.00984685122966766 0.0100655984133482 0.00815745070576668 0.00496492814272642 0.00394142000004649 0.00518964463844895 0.00397166423499584 0.00341024855151772 0.00338252517394722 0.00360403256490827 0.00356927560642362 0.00396625278517604 0.0035073037724942 0.00310792843811214 0.00397338019683957 0.00320867309346795
-3.4e+38 -3.4e+38 -3.4e+38 -3.4e+38 -3.4e+38 -3.4e+38 -3.4e+38 -3.4e+38 -3.4e+38 -3.4e+38 -3.4e+38 -3.4e+38 -3.4e+38 -3.4e+38 -3.4e+38 -3.4e+38 -3.4e+38 0.0439975298941135 -3.4e+38 -3.4e+38 -3.4e+38 -3.4e+38 -3.4e+38 -3.4e+38 -3.4e+38 -3.4e+38 0.0250081960111856 0.0302494950592518 0.0482987239956856 0.0596563443541527 0.0773275122046471 0.0802584439516068 0.0796470940113068 0.0380628518760204 0.0395525135099888 0.0254313219338655 0.0153220873326063 0.013623739592731 0.0107337879016995 0.00996554549783468 0.0113251637667418 0.0140759274363518 0.0126381302252412 0.00905877258628607 0.00786648504436016 0.00445154076442122 0.0035865013487637 0.00320920231752098 0.00340841710567474 0.00268380297347903 0.00227521220222116 0.00189664249774069 0.00178536889143288 0.00222862116061151 0.0022127041593194 0.00270633958280087 0.00227712467312813 0.00236210599541664 0.00230165128596127
-3.4e+38 -3.4e+38 -3.4e+38 -3.4e+38 -3.4e+38 -3.4e+38 -3.4e+38 -3.4e+38 -3.4e+38 -3.4e+38 -3.4e+38 -3.4e+38 -3.4e+38 -3.4e+38 -3.4e+38 -3.4e+38 -3.4e+38 -3.4e+38 -3.4e+38 -3.4e+38 -3.4e+38 -3.4e+38 -3.4e+38 -3.4e+38 0.0280396807938814 0.0208747554570436 0.0242722555994987 0.0335246808826923 0.0473855622112751 0.0985970050096512 0.0907488763332367 0.0710197314620018 0.0688230022788048 0.0381087623536587 0.023852190002799 0.0231048688292503 0.0140079921111465 0.0115322852507234 0.0120998378843069 0.00967567972838879 0.010121351107955 0.0105398539453745 0.0121489558368921 0.0100765489041805 0.00587467383593321 0.00360350706614554 0.00328656053170562 0.00207084557041526 0.00161856005433947 0.00127668841741979 0.00124084623530507 0.0013319292338565 0.00116259325295687 0.00135310424957424 0.00142638117540628 0.00159999809693545 0.00146858545485884 0.00178850756492466 0.00172660371754318
-3.4e+38 -3.4e+38 -3.4e+38 -3.4e+38 -3.4e+38 -3.4e+38 -3.4e+38 -3.4e+38 -3.4e+38 -3.4e+38 -3.4e+38 -3.4e+38 -3.4e+38 -3.4e+38 -3.4e+38 -3.4e+38 -3.4e+38 -3.4e+38 -3.4e+38 -3.4e+38 -3.4e+38 -3.4e+38 0.0620088800787926 0.0474868379533291 0.0411689020693302 0.0274876337498426 0.0394225902855396 0.0584086328744888 0.092038668692112 0.0912352055311203 0.0905498489737511 0.0574219822883606 0.040687158703804 0.0305839907377958 0.0264356788247824 0.0157128237187862 0.0116380546241999 0.0185776948928833 0.0121956644579768 0.0106185050681233 0.00900352839380503 0.00686636799946427 0.00564388604834676 0.00436670100316405 0.00291281985118985 0.00193714152555913 0.0016541110817343 0.00149873399641365 0.000932540278881788 0.000878484337590635 0.000838835490867496 0.000848584808409214 0.000857490114867687 0.000999215058982372 0.000997092109173536 -3.4e+38 -3.4e+38 0.00155919219832867 0.00181624968536198
-3.4e+38 -3.4e+38 -3.4e+38 -3.4e+38 -3.4e+38 -3.4e+38 -3.4e+38 -3.4e+38 -3.4e+38 -3.4e+38 -3.4e+38 -3.4e+38 -3.4e+38 -3.4e+38 -3.4e+38 -3.4e+38 -3.4e+38 -3.4e+38 -3.4e+38 0.0627374947071075 0.0744780376553535 0.0655321255326271 0.0956414639949799 0.0978527143597603 0.0705454126000404 0.0455278865993023 0.0686839073896408 0.0914632305502892 0.0894836112856865 0.0901669934391975 0.0760462805628777 0.0417378135025501 0.0242079738527536 0.0162724703550339 0.0156490094959736 0.0133136315271258 0.0168586857616901 0.0125576611608267 0.010951547883451 0.00825166329741478 0.00751526234671474 0.00448260549455881 0.00283802906051278 0.00173194997478276 0.00128306285478175 0.00110756326466799 0.00125145877245814 0.00106044311542064 0.000773512292653322 0.000822795554995537 0.000774512533098459 0.000861783628351986 0.000863296678289771 -3.4e+38 0.00148317450657487 0.00390592915937304 0.00153565697837621 -3.4e+38 -3.4e+38
-3.4e+38 -3.4e+38 -3.4e+38 -3.4e+38 -3.4e+38 -3.4e+38 -3.4e+38 -3.4e+38 -3.4e+38 -3.4e+38 -3.4e+38 -3.4e+38 -3.4e+38 -3.4e+38 -3.4e+38 0.0926667079329491 0.0642538368701935 -3.4e+38 0.0740065649151802 0.068925142288208 0.066474437713623 0.0902742594480515 0.102887816727161 0.0962217599153519 0.0964480489492416 0.0849784910678864 0.0774574726819992 0.0869244486093521 0.0884619131684303 0.0802310332655907 0.0772911757230759 0.0418965816497803 0.0195016339421272 0.0142927737906575 0.0129515565931797 0.0121597712859511 0.010577255859971 0.00791150610893965 0.00599164236336946 0.0044354316778481 0.00435559311881661 0.0030207906384021 0.00181065872311592 0.00155574909877032 0.00123576773330569 0.00100684235803783 0.00102689792402089 0.000865527952555567 0.000678300159052014 0.000679005053825676 0.000863182591274381 0.00066790753044188 0.000903630629181862 0.000904128944966942 0.001065285759978 0.00148685986641794 0.00147142866626382 -3.4e+38 -3.4e+38
-3.4e+38 -3.4e+38 -3.4e+38 -3.4e+38 -3.4e+38 -3.4e+38 -3.4e+38 -3.4e+38 -3.4e+38 -3.4e+38 -3.4e+38 -3.4e+38 -3.4e+38 -3.4e+38 0.074292816221714 0.0841873213648796 0.0953657701611519 0.09621362388134 0.0859558135271072 0.100609488785267 0.0946086347103119 0.0939584672451019 0.0943406298756599 0.0892901197075844 0.0896730870008469 0.0873698070645332 0.0823116302490234 0.0808241963386536 0.0768475830554962 0.0660234987735748 0.0459967292845249 0.0295180510729551 0.015854524448514 0.00916812289506197 0.0109736416488886 0.0139074074104428 0.00868666172027588 0.00876304879784584 0.00480981869623065 0.00275300955399871 0.00191812834236771 0.00182246614713222 0.00124444870743901 0.00125926977489144 0.00156141223851591 0.00119465938769281 0.00105084187816828 0.000962029444053769 0.000920070335268974 0.000607781112194061 0.000678590498864651 0.00110082037281245 0.000773576670326293 0.00108334980905056 0.00141948612872511 0.00160329567734152 -3.4e+38 -3.4e+38 -3.4e+38
-3.4e+38 -3.4e+38 -3.4e+38 -3.4e+38 -3.4e+38 -3.4e+38 -3.4e+38 -3.4e+38 -3.4e+38 -3.4e+38 -3.4e+38 -3.4e+38 -3.4e+38 -3.4e+38 0.0956331863999367 0.101975634694099 0.108044870197773 0.102540992200375 0.0983811765909195 0.0980897694826126 0.0963422358036041 0.0897401794791222 0.0892997831106186 0.0853351280093193 0.0846081301569939 0.0841133147478104 0.0841734707355499 0.0666380152106285 0.0559503249824047 0.0404379814863205 0.037442609667778 0.0260697659105062 0.0162691865116358 0.0133395316079259 0.0134515324607491 0.0138716902583838 0.0101083619520068 0.0048562940210104 0.00282229227013886 0.00239124451763928 0.00240772892720997 0.00205438793636858 0.00179592159111053 -3.4e+38 -3.4e+38 -3.4e+38 0.00134251615963876 0.00109304196666926 0.00103134964592755 0.000705861835740507 0.000761211151257157 0.00104726105928421 0.00103465258143842 0.00136413506697863 0.00180422805715352 0.00236645666882396 0.00308949174359441 -3.4e+38 -3.4e+38
-3.4e+38 -3.4e+38 -3.4e+38 -3.4e+38 -3.4e+38 0.0192487854510546 -3.4e+38 -3.4e+38 -3.4e+38 -3.4e+38 -3.4e+38 -3.4e+38 -3.4e+38 -3.4e+38 0.0764967501163483 0.103656359016895 0.100022628903389 0.0930492728948593 0.0881619676947594 0.0807225108146667 0.0838697180151939 0.079985573887825 0.0745678544044495 0.072982132434845 0.0730808153748512 0.0756456851959229 0.0715188458561897 0.0508504956960678 0.0455852150917053 0.043850127607584 0.0385385006666183 0.0259904582053423 0.0206680912524462 0.0123923011124134 0.0106237223371863 0.00734613928943872 0.00681733340024948 0.00528279831632972 0.00394452037289739 0.00295881135389209 0.0035928541328758 0.00236137234605849 0.00176300574094057 0.00262770522385836 -3.4e+38 -3.4e+38 0.00130805256776512 0.00185631238855422 0.00151611375622451 0.00144532497506589 0.00156090944074094 0.00181068992242217 0.00226444844156504 0.00324166053906083 0.00481396447867155 0.00425353832542896 0.00507020484656096 0.00705045135691762 0.00694169290363789
-3.4e+38 -3.4e+38 -3.4e+38 -3.4e+38 -3.4e+38 -3.4e+38 -3.4e+38 -3.4e+38 -3.4e+38 -3.4e+38 -3.4e+38 -3.4e+38 -3.4e+38 0.0978056192398071 0.104989230632782 0.10224311798811 0.0828002542257309 0.0794371590018272 0.078327976167202 0.0647045075893402 0.0637664869427681 0.0555500574409962 0.06821658462286 0.0683824121952057 0.0633429288864136 0.0647728741168976 0.067266471683979 0.0617254115641117 0.0536846965551376 0.0465903058648109 0.0410190224647522 -3.4e+38 0.0185897666960955 0.0147469528019428 0.0108921211212873 0.00674262130632997 0.00440118834376335 0.00484624365344644 0.00395620241761208 0.00402961019426584 0.00354786193929613 0.00275656627491117 0.00325421220622957 -3.4e+38 -3.4e+38 -3.4e+38 0.00282189925201237 0.00276669766753912 0.00243150815367699 0.00368887768127024 0.00833462923765182 0.0108812712132931 0.0181813165545464 0.0135188307613134 0.00841004587709904 0.00732154957950115 0.00904758274555206 0.0102755976840854 0.0116309402510524
-3.4e+38 -3.4e+38 -3.4e+38 -3.4e+38 -3.4e+38 -3.4e+38 -3.4e+38 -3.4e+38 -3.4e+38 -3.4e+38 -3.4e+38 -3.4e+38 -3.4e+38 -3.4e+38 0.0862572565674782 0.0908663868904114 0.0523562654852867 0.0521355085074902 0.0487166568636894 0.0505496710538864 0.0463277958333492 0.0474333018064499 0.0471237041056156 0.0547269210219383 0.0457230731844902 0.0459437258541584 0.0509944930672646 0.0496864765882492 0.0487386286258698 0.0441563725471497 0.0379811450839043 -3.4e+38 0.0157714951783419 0.0125001026317477 0.00896598119288683 0.0068952850997448 -3.4e+38 0.00772007880732417 0.00933691021054983 0.00615512626245618 0.00518218195065856 -3.4e+38 -3.4e+38 -3.4e+38 -3.4e+38 -3.4e+38 0.00614863215014338 0.0085862260311842 0.0111255152150989 0.0147453686222434 0.0114591475576162 0.0106384744867682 0.00750545039772987 0.00778111629188061 0.0103768082335591 0.0117704290896654 0.015248017385602 0.0211931951344013 0.0291990041732788
-3.4e+38 -3.4e+38 -3.4e+38 -3.4e+38 -3.4e+38 -3.4e+38 -3.4e+38 -3.4e+38 -3.4e+38 -3.4e+38 -3.4e+38 -3.4e+38 0.0892423987388611 0.0594052486121655 0.0502665974199772 0.0708897635340691 0.0598861984908581 0.0460528917610645 0.0431521683931351 0.0468089729547501 0.0430085174739361 0.0446837469935417 0.0461397208273411 0.0414440929889679 0.0414057224988937 0.0437298007309437 0.0441097468137741 0.0410016365349293 0.0368691384792328 0.0345978736877441 0.0310671627521515 0.0253808591514826 0.0154477134346962 0.0130790304392576 0.00906077399849892 0.00849481020122766 0.00736071914434433 0.0112132793292403 0.0317628048360348 0.0320923328399658 0.0104791065678 0.0084515418857336 0.0111429281532764 0.0114798434078693 0.0176751036196947 0.0299592465162277 0.0257793068885803 0.0249700006097555 0.0278786178678274 0.024777714163065 0.0581892170011997 0.0697006210684776 0.041088055819273 0.0459284223616123 0.0468323528766632 0.0455260425806046 0.0390491522848606 0.0309947710484266 0.0452426895499229
0.0258110351860523 0.0279378183186054 -3.4e+38 -3.4e+38 -3.4e+38 -3.4e+38 -3.4e+38 -3.4e+38 0.0593938007950783 0.0629275292158127 0.1008205935359 0.100179322063923 0.0767437592148781 0.0850400924682617 0.0450104512274265 0.0618385560810566 0.0534548237919807 -3.4e+38 -3.4e+38 -3.4e+38 -3.4e+38 -3.4e+38 -3.4e+38 -3.4e+38 -3.4e+38 -3.4e+38 -3.4e+38 0.0279467906802893 0.0272369775921106 0.0303879920393229 0.0318391509354115 0.0202537477016449 0.0149118332192302 -3.4e+38 0.00824423972517252 -3.4e+38 0.00818019919097424 0.01313092187047 0.0400390326976776 0.062804251909256 0.0199297294020653 0.022795669734478 0.0414388030767441 0.0678519979119301 0.0737683549523354 0.069644570350647 0.0710991248488426 0.0673740357160568 0.0714739412069321 0.0627652183175087 0.0755880028009415 0.0813391581177711 0.0823896899819374 0.082157239317894 0.0804354697465897 0.0799855515360832 0.0763544589281082 0.0513751246035099 0.0669350102543831
0.0302186366170645 0.0263154655694962 -3.4e+38 -3.4e+38 -3.4e+38 -3.4e+38 -3.4e+38 -3.4e+38 -3.4e+38 0.0564755909144878 0.0816855728626251 0.0905798003077507 0.0601584799587727 0.0863466858863831 0.0766117349267006 0.0522151477634907 0.0347651019692421 -3.4e+38 -3.4e+38 -3.4e+38 -3.4e+38 -3.4e+38 -3.4e+38 -3.4e+38 -3.4e+38 -3.4e+38 -3.4e+38 0.0303231794387102 0.0211165212094784 0.0205762181431055 0.0192673373967409 0.0126920631155372 -3.4e+38 -3.4e+38 -3.4e+38 -3.4e+38 0.00895700696855783 0.0116448318585753 0.0205357428640127 0.0479746162891388 0.0707354471087456 0.0788405910134315 0.0789592787623405 0.0794423073530197 0.0787784531712532 0.0766623541712761 0.0783517882227898 0.0782647430896759 0.0781807079911232 0.0795879438519478 0.086580827832222 0.0883474871516228 0.0887007117271423 0.0892722457647324 0.087204284965992 0.0774300843477249 0.0753046795725822 0.0779915452003479 0.0941900983452797
0.0355665273964405 0.0290511697530746 -3.4e+38 -3.4e+38 -3.4e+38 -3.4e+38 0.0211070626974106 0.0338887646794319 0.0243296027183533 0.0425177030265331 0.0909175425767899 0.0826844573020935 0.0511104017496109 0.078419104218483 0.0711329355835915 0.0329258739948273 0.0284950565546751 -3.4e+38 -3.4e+38 -3.4e+38 -3.4e+38 -3.4e+38 0.032379187643528 0.031181899830699 0.0308242831379175 -3.4e+38 -3.4e+38 -3.4e+38 -3.4e+38 0.0143363997340202 -3.4e+38 -3.4e+38 -3.4e+38 -3.4e+38 -3.4e+38 0.0174992382526398 0.024642538279295 0.043522372841835 0.0758313834667206 0.0776264220476151 0.0791859924793243 0.0833821520209312 0.0842181891202927 0.0834407359361649 0.0856709033250809 0.0860815942287445 0.0870862007141113 0.0876617133617401 0.088511049747467 0.0891773402690887 0.0813251808285713 0.0933943241834641 0.0986033529043198 0.0988528281450272 0.100883036851883 0.0961911752820015 0.1047178581357 0.118678189814091 0.133147403597832
-3.4e+38 -3.4e+38 0.0434564836323261 -3.4e+38 -3.4e+38 0.0280733872205019 0.0270803738385439 0.0227536391466856 0.0208173058927059 0.0257731806486845 0.0866343453526497 0.0785453468561172 0.0462043471634388 0.0578249134123325 0.0627176389098167 0.0575329773128033 0.0415813885629177 0.0190503466874361 0.0164660736918449 0.0182756576687098 -3.4e+38 0.0299270320683718 0.0486728250980377 0.0466097854077816 0.0284888409078121 -3.4e+38 -3.4e+38 -3.4e+38 -3.4e+38 -3.4e+38 -3.4e+38 -3.4e+38 -3.4e+38 0.0106789413839579 0.0326620377600193 0.0420726016163826 0.0389784686267376 0.0670051351189613 0.0831720754504204 0.0823798999190331 0.0867422297596931 0.0866952165961266 0.0933235064148903 0.0944649502635002 0.0965364202857018 0.102786608040333 0.104376085102558 0.111060187220573 0.108140230178833 0.0974223017692566 0.105136960744858 0.104135096073151 0.108608722686768 0.108591578900814 0.113920412957668 0.109864771366119 0.126157581806183 0.147196248173714 -3.4e+38
-3.4e+38 0.0556523725390434 0.0574182830750942 0.0555056557059288 0.0303637366741896 0.0320228263735771 0.0327934101223946 0.0655493587255478 0.0465027317404747 0.031406931579113 0.0790241658687592 0.0803442746400833 0.0667973756790161 0.067641481757164 0.0737102404236794 0.0743795409798622 0.074210911989212 0.0590313896536827 0.0248497650027275 0.0237113535404205 0.0274047832936049 0.0407121144235134 0.0529019720852375 0.0567241981625557 0.0287534855306149 -3.4e+38 -3.4e+38 -3.4e+38 -3.4e+38 -3.4e+38 -3.4e+38 -3.4e+38 0.0197492782026529 0.0293065458536148 0.0124429734423757 0.0176091268658638 0.0335315130650997 0.0851681604981422 0.0919339209794998 0.0932269915938377 0.0974180176854134 0.0989483147859573 0.0980621054768562 0.104892738163471 0.116373375058174 0.133355632424355 0.134563818573952 0.127502292394638 0.120241560041904 0.100528575479984 0.0892699584364891 0.0952069759368896 0.122071787714958 0.123944588005543 0.129675313830376 0.121107660233974 0.140980467200279 -3.4e+38 -3.4e+38
0.0913114622235298 0.0772973448038101 0.0813509896397591 0.0635762810707092 0.0611913427710533 0.098503589630127 0.0961457416415215 0.0873088836669922 0.0871569365262985 0.0798859521746635 0.0600993409752846 0.0657153651118279 0.0698250308632851 0.0715965405106544 0.0669118091464043 0.0622822642326355 0.0707997530698776 0.063087210059166 0.0613968744874001 0.0588370636105537 0.052735947072506 0.0532713457942009 0.0529873222112656 0.0399131812155247 0.0273139830678701 -3.4e+38 -3.4e+38 -3.4e+38 -3.4e+38 0.00869941804558039 0.0139715205878019 0.00751572381705046 0.0069220345467329 0.0179743431508541 0.024506963789463 0.0313683487474918 0.0377773605287075 0.0947831124067307 0.102133832871914 0.103298202157021 0.1052625477314 0.108758322894573 0.109490863978863 0.116557233035564 0.128113299608231 0.142513364553452 0.145768627524376 -3.4e+38 -3.4e+38 -3.4e+38 0.0752601847052574 0.0941389054059982 0.111200749874115 0.140869587659836 0.146273776888847 0.126087158918381 -3.4e+38 -3.4e+38 -3.4e+38
0.0949885919690132 0.0778180211782455 0.0721590295433998 0.0605553649365902 0.096000000834465 0.0869295671582222 0.0939438045024872 0.0842129960656166 0.0817989334464073 0.0748980790376663 0.0478311218321323 0.0481947809457779 0.0467749908566475 0.065250463783741 0.0627431720495224 0.0666962340474129 0.06732427328825 0.0688399598002434 0.0673653706908226 0.0686746835708618 0.0660503432154655 0.0653652101755142 0.0415759272873402 0.0281374137848616 0.0239456109702587 -3.4e+38 -3.4e+38 -3.4e+38 0.0106956101953983 0.0134279113262892 0.00821611657738686 -3.4e+38 0.00888149905949831 0.0201841536909342 0.0413651987910271 0.0392307750880718 0.053895641118288 0.0919496119022369 0.109652511775494 0.111004024744034 0.115681760013103 0.117512881755829 0.119656652212143 0.118247903883457 0.131517693400383 0.13662314414978 -3.4e+38 -3.4e+38 -3.4e+38 -3.4e+38 -3.4e+38 -3.4e+38 0.140886455774307 0.15975946187973 0.152389094233513 -3.4e+38 -3.4e+38 -3.4e+38 -3.4e+38
0.104486227035522 0.112146869301796 0.072446696460247 0.0744167342782021 0.0904426425695419 0.0821051076054573 0.0647715926170349 0.0526595339179039 0.0492398403584957 0.0468178503215313 0.0504325702786446 0.0679620653390884 0.0666186511516571 0.0641327872872353 0.064931221306324 0.0607006326317787 0.0666033625602722 0.0710105001926422 0.0682716444134712 0.063927911221981 0.0706111639738083 0.0777861475944519 0.0469172708690166 0.0251588616520166 0.0220119562000036 -3.4e+38 0.0192047581076622 0.0151011617854238 -3.4e+38 -3.4e+38 -3.4e+38 -3.4e+38 0.0147480797022581 0.0139363640919328 0.0205211788415909 0.04446155205369 0.0522993728518486 0.106158591806889 0.112936787307262 0.121157951653004 0.127873435616493 0.127021417021751 0.12961719930172 0.131498649716377 -3.4e+38 -3.4e+38 -3.4e+38 -3.4e+38 -3.4e+38 -3.4e+38 -3.4e+38 -3.4e+38 -3.4e+38 0.14795795083046 0.157823592424393 -3.4e+38 -3.4e+38 -3.4e+38 -3.4e+38
0.111290529370308 0.120266072452068 0.0952612906694412 0.0841826274991035 0.0710646659135818 0.0629617348313332 0.0456201247870922 0.047194667160511 0.0455525852739811 0.044177059084177 0.0463154576718807 0.0565886273980141 0.0657917484641075 0.0550497733056545 0.0507930070161819 0.0595347322523594 0.0605306141078472 0.0580865442752838 0.0625535249710083 0.0624604560434818 0.0773608684539795 0.0632987543940544 0.0399903729557991 0.0290507823228836 0.0262719504535198 0.0318597666919231 0.02405078522861 -3.4e+38 -3.4e+38 -3.4e+38 -3.4e+38 0.0203210022300482 0.0172372944653034 0.0198654551059008 0.0282242447137833 0.108257442712784 0.0634526461362839 0.0820535570383072 0.120288848876953 0.127318993210793 0.138222381472588 0.143003582954407 0.149627178907394 0.138003170490265 -3.4e+38 -3.4e+38 -3.4e+38 -3.4e+38 -3.4e+38 -3.4e+38 -3.4e+38 -3.4e+38 -3.4e+38 -3.4e+38 0.166105657815933 -3.4e+38 -3.4e+38 -3.4e+38 -3.4e+38
