data/climate_estimation/maxent_output/Tricyrtis_hirta.asc
NCOLS 136 
NROWS 81 
XLLCORNER 129.833333333333 
YLLCORNER 31 
CELLSIZE 0.0833333333333334 
NODATA_value -3.4e+38 
[rows 23 to 45 of 81, columns 53 to 105 of 136]
-3.4e+38 -3.4e+38 -3.4e+38 -3.4e+38 -3.4e+38 -3.4e+38 -3.4e+38 -3.4e+38 -3.4e+38 -3.4e+38 -3.4e+38 0.238088577985764 0.124327711760998 -3.4e+38 -3.4e+38 -3.4e+38 -3.4e+38 -3.4e+38 -3.4e+38 -3.4e+38 -3.4e+38 0.235858932137489 0.312712758779526 0.288455694913864 0.382500499486923 0.784654557704926 0.840916991233826 0.88202166557312 0.905697524547577 0.899048447608948 0.917667746543884 0.959655463695526 0.95736962556839 0.950708985328674 0.943617522716522 0.934193015098572 0.891531705856323 0.666233897209167 0.676666915416718 0.73255330324173 0.786652684211731 0.803946435451508 0.310598820447922 0.576858639717102 0.760254263877869 0.665624856948853 0.590053081512451 0.412713706493378 0.590551495552063 0.38995224237442 0.430086672306061 0.503723740577698 0.498775541782379
-3.4e+38 -3.4e+38 -3.4e+38 -3.4e+38 -3.4e+38 -3.4e+38 -3.4e+38 -3.4e+38 0.183281406760216 0.14635905623436 0.191597566008568 0.280150681734085 0.159768626093864 -3.4e+38 0.107242569327354 -3.4e+38 -3.4e+38 -3.4e+38 -3.4e+38 -3.4e+38 0.257808476686478 0.272101283073425 0.331001222133636 0.723895251750946 0.801339685916901 0.836844444274902 0.849879264831543 0.891421258449554 0.928005218505859 0.938657939434052 0.962315440177917 0.951497733592987 0.943916857242584 0.941016972064972 0.927760720252991 0.923306107521057 0.915546596050262 0.880042850971222 0.766616344451904 0.659703195095062 0.789106249809265 0.821109592914581 0.353333204984665 0.713942348957062 0.805599570274353 0.658757567405701 0.54949963092804 0.244998410344124 0.383012503385544 0.588799178600311 0.263710170984268 0.31892341375351 0.611378312110901
0.120352759957314 0.184881448745728 0.17240110039711 0.265517860651016 0.191175311803818 0.205287143588066 0.177940994501114 0.158339247107506 0.157564878463745 0.170351639389992 0.243808403611183 0.267633587121964 0.108608640730381 -3.4e+38 0.1101995408535 -3.4e+38 -3.4e+38 -3.4e+38 0.127656325697899 0.127655610442162 0.200603321194649 0.243047937750816 0.291379362344742 0.735174238681793 0.830539405345917 0.853165328502655 0.874106764793396 0.917919516563416 0.919076025485992 0.961131989955902 0.948498725891113 0.944796085357666 0.859478950500488 0.84926050901413 0.90090811252594 0.902607381343842 0.902822375297546 0.888922929763794 0.890755593776703 0.843376398086548 0.865953326225281 0.656141877174377 0.483622312545776 0.812585234642029 0.857804775238037 0.701064467430115 0.48778447508812 0.232913687825203 0.517609536647797 0.610170483589172 0.416344910860062 0.175498977303505 0.247728556394577
0.159002020955086 0.229547724127769 0.290791630744934 0.297586888074875 0.38819146156311 0.290812253952026 0.146575033664703 0.170136585831642 0.255077630281448 0.249761193990707 0.154129505157471 0.146966129541397 0.171960189938545 0.210224837064743 0.205741077661514 0.095296174287796 0.15699303150177 0.186913460493088 0.139895677566528 0.1519835293293 0.664168775081635 0.474626570940018 0.610205054283142 0.597015082836151 0.826874732971191 0.878701031208038 0.895711183547974 0.875733375549316 0.822121679782867 0.816419661045074 0.692632079124451 0.651947200298309 0.663039028644562 0.73664778470993 0.844622313976288 0.890906453132629 0.895236670970917 0.892279326915741 0.868488311767578 0.880569756031036 0.808525085449219 0.71593052148819 0.829769313335419 0.864458203315735 0.821160197257996 0.690992116928101 0.403262585401535 0.277934730052948 0.612904906272888 0.669089257717133 0.649578332901001 0.711653292179108 0.694900095462799
0.173015221953392 0.500440716743469 0.604865968227386 0.504714965820312 0.510244071483612 0.276207894086838 0.140113577246666 0.197367236018181 0.228137478232384 0.376291751861572 0.368808805942535 0.262810200452805 0.174290657043457 0.184551939368248 0.320395857095718 0.253651171922684 0.23032183945179 0.216458201408386 0.265460789203644 0.550951838493347 0.498036295175552 0.542540729045868 0.475293129682541 0.406529814004898 0.354155480861664 0.889288485050201 0.901497662067413 0.844110190868378 0.633319973945618 0.54310929775238 0.523602187633514 0.498478412628174 0.493141382932663 0.499686896800995 0.627244412899017 0.854332625865936 0.872431099414825 0.828359544277191 0.865629136562347 0.838393807411194 0.671882152557373 0.834883809089661 0.871409237384796 0.872529625892639 0.737004399299622 0.533573150634766 0.294286668300629 0.418785750865936 0.616063892841339 0.793249368667603 0.718260228633881 0.756550073623657 0.740297198295593
0.270186901092529 0.467329472303391 0.839936852455139 0.833858609199524 0.546273112297058 0.30294269323349 0.192007094621658 0.387691080570221 0.437518745660782 0.391793608665466 0.225893124938011 0.191307738423347 0.232864990830421 0.34227791428566 0.438869684934616 0.496125876903534 0.448374778032303 0.468329191207886 0.834839582443237 0.767747163772583 0.355652332305908 0.196999043226242 0.181951552629471 0.189678847789764 0.518872380256653 0.795661687850952 0.853998124599457 0.724182486534119 0.549979150295258 0.470507562160492 0.404650628566742 0.409543871879578 0.460659176111221 0.553566753864288 0.580644369125366 0.645169019699097 0.815784215927124 0.868340492248535 0.874290287494659 0.752885162830353 0.647757649421692 0.753869473934174 0.871857523918152 0.853044509887695 0.772213757038116 0.640997052192688 0.416829168796539 0.545992612838745 0.700989067554474 0.791268646717072 0.828449904918671 0.768941938877106 0.778185963630676
0.868338763713837 0.87340921163559 0.867681980133057 0.865107119083405 0.853279590606689 0.530753493309021 0.458155184984207 0.3779676258564 0.401908844709396 0.244499534368515 0.174409717321396 0.184477865695953 0.252741903066635 0.406128317117691 0.794101893901825 0.787496149539948 0.849771976470947 0.871668875217438 0.86763858795166 0.867557883262634 0.805913329124451 0.457093864679337 0.471383780241013 0.503889381885529 0.734121859073639 0.93547248840332 0.904735624790192 0.881179749965668 0.51069837808609 0.459108799695969 0.40142810344696 0.365198612213135 0.370026648044586 0.480882942676544 0.612812399864197 0.838242888450623 0.851143658161163 0.856741189956665 0.8692307472229 0.849754810333252 0.773809671401978 0.784159958362579 0.861598610877991 0.848949730396271 0.756657063961029 0.544428527355194 0.560460031032562 0.692533135414124 0.654592037200928 0.780070722103119 0.815220654010773 0.829821884632111 0.829371750354767
0.881674587726593 0.85187691450119 0.856191098690033 0.881551325321198 0.872015357017517 0.876488924026489 0.810320734977722 0.865349948406219 0.794668912887573 0.621229529380798 0.50099903345108 0.584621369838715 0.682005405426025 0.700595557689667 0.772690653800964 0.809104800224304 0.838854432106018 0.876547038555145 0.868741571903229 0.869391858577728 0.51033627986908 0.484324097633362 0.497327715158463 0.556262850761414 0.767014920711517 0.901529133319855 0.89370596408844 0.876152098178864 0.637724041938782 0.458865404129028 0.407047659158707 0.351153880357742 0.330182641744614 0.39485114812851 0.640527188777924 0.734370231628418 0.735891163349152 0.839045584201813 0.856803119182587 0.827983677387238 0.790168941020966 0.794158816337585 0.836569547653198 0.830046355724335 0.779651761054993 0.632050216197968 0.754791617393494 0.78342992067337 0.790378391742706 0.804594337940216 0.837336957454681 0.760800421237946 0.723335683345795
0.838581681251526 0.853511333465576 0.869558155536652 0.870965540409088 0.8674436211586 0.860657095909119 0.862359404563904 0.86236160993576 0.781761944293976 0.58636349439621 0.704935431480408 0.792574644088745 0.79332172870636 0.793372094631195 0.60586017370224 0.700935542583466 0.818286418914795 0.839302539825439 0.832174718379974 0.728795289993286 0.629827439785004 0.658747971057892 0.697924554347992 0.750765740871429 0.890663862228394 0.883345007896423 0.877415060997009 0.714904487133026 0.660830676555634 0.483421415090561 0.415757387876511 0.367941558361053 0.355105400085449 0.380039244890213 0.467067182064056 0.520820379257202 0.721413969993591 0.855684459209442 0.797519683837891 0.835185885429382 0.842161476612091 0.841798663139343 0.850378513336182 0.83471018075943 0.774766206741333 0.749904751777649 0.833819925785065 0.813790798187256 0.828670680522919 0.834674656391144 0.795634567737579 0.767850279808044 0.709449470043182
0.725090205669403 0.710229277610779 0.784204542636871 0.771140813827515 0.814433336257935 0.791444480419159 0.771610617637634 0.771571457386017 0.576164662837982 0.744090974330902 0.782334506511688 0.777375996112823 0.788589835166931 0.809630692005157 0.855721056461334 0.451490968465805 0.867206156253815 0.604644238948822 0.632178127765656 0.659314930438995 0.572332441806793 0.659464001655579 0.711116373538971 0.760164082050323 0.855954945087433 0.837181925773621 0.866357266902924 0.641550064086914 0.575163602828979 0.506399273872375 0.444165587425232 0.400942951440811 0.372458904981613 0.389483153820038 0.430861681699753 0.551701605319977 0.818604469299316 0.849271774291992 0.840871751308441 0.824215590953827 0.838981568813324 0.827151536941528 0.833481907844543 0.828324794769287 0.832983553409576 0.828996300697327 0.830470979213715 0.826670229434967 0.804089486598969 0.751249492168427 0.720386981964111 0.699085235595703 -3.4e+38
0.813888132572174 0.766866087913513 0.785304188728333 0.704326391220093 0.744747281074524 0.683041632175446 0.657010316848755 0.681284666061401 0.636060535907745 0.747685611248016 0.787406802177429 0.788706421852112 0.81440258026123 0.793711006641388 0.832782030105591 0.832193195819855 0.816441118717194 0.354033768177032 0.41104394197464 0.682913661003113 0.660761773586273 0.852119743824005 0.8048295378685 0.773789763450623 0.846607685089111 0.852065324783325 0.816317319869995 0.652204215526581 0.589066982269287 0.558085680007935 -3.4e+38 0.466514706611633 0.418553620576859 0.436175048351288 0.446829974651337 0.583423018455505 0.776294589042664 0.831163585186005 0.839743375778198 0.782569944858551 0.7928866147995 0.827660858631134 0.813540279865265 0.798254370689392 0.818997263908386 0.820794105529785 0.811359524726868 0.795339465141296 0.750411093235016 0.680008292198181 0.700664937496185 0.654635906219482 -3.4e+38
0.739841818809509 0.617010533809662 0.734580397605896 0.574318289756775 0.527377128601074 0.544598639011383 0.592385947704315 0.572982251644135 0.581347584724426 0.636947512626648 0.664862394332886 0.673590362071991 0.737697064876556 0.616118729114532 0.728510737419128 0.621377527713776 0.464001774787903 0.33367583155632 0.404250979423523 0.624808132648468 0.838925957679749 0.843830704689026 0.83324807882309 0.761819005012512 0.836158752441406 0.801012217998505 0.655463874340057 0.616119980812073 0.58451122045517 -3.4e+38 -3.4e+38 0.497456729412079 0.467057585716248 0.486116766929626 0.519321203231812 0.639279365539551 0.731138706207275 0.763891994953156 0.689570486545563 0.749797284603119 0.765867710113525 0.761524975299835 0.731635689735413 0.755995035171509 0.767788648605347 0.796423017978668 0.749417066574097 0.727883994579315 0.68992292881012 0.705726265907288 -3.4e+38 -3.4e+38 -3.4e+38
0.64070862531662 0.535698056221008 0.509154558181763 0.465306013822556 0.423191249370575 0.444583386182785 0.494817018508911 0.537760436534882 0.587755560874939 0.628912389278412 0.789860785007477 0.829247534275055 0.829939663410187 0.449355602264404 0.375432342290878 0.345203936100006 0.327700734138489 0.425271689891815 0.389751464128494 0.640970826148987 0.819793939590454 0.832242488861084 0.740430355072021 0.748032212257385 0.84782999753952 0.818532526493073 0.597847700119019 0.577399432659149 0.568611264228821 -3.4e+38 -3.4e+38 0.556078314781189 0.515633165836334 0.520825564861298 0.646660447120667 0.558211266994476 0.578663349151611 0.564273774623871 0.703086972236633 0.634508907794952 0.6537064909935 0.662856757640839 0.63474029302597 0.686671435832977 0.692558765411377 0.711368083953857 0.727137863636017 0.688563525676727 0.674953937530518 0.668092131614685 -3.4e+38 -3.4e+38 -3.4e+38
0.381780922412872 0.351458847522736 0.399668425321579 0.365642488002777 -3.4e+38 -3.4e+38 0.414459854364395 0.372511088848114 0.486710071563721 0.614037752151489 0.725784122943878 0.724856793880463 0.533398330211639 0.453963905572891 0.421459078788757 0.361261695623398 0.380355477333069 0.548678040504456 0.394536346197128 0.636865139007568 0.813377261161804 0.719440877437592 0.663203358650208 0.801584482192993 0.840144336223602 0.703660368919373 0.585274279117584 0.562177538871765 -3.4e+38 -3.4e+38 -3.4e+38 0.59990793466568 0.574063539505005 -3.4e+38 -3.4e+38 0.663133442401886 0.591180920600891 0.613763928413391 0.65656316280365 0.624606072902679 0.610906422138214 0.645126402378082 0.634988009929657 0.654080271720886 0.690134584903717 0.692239582538605 0.692056953907013 0.685251772403717 0.665722727775574 -3.4e+38 -3.4e+38 -3.4e+38 -3.4e+38
-3.4e+38 -3.4e+38 0.347982138395309 0.367745131254196 0.347458750009537 -3.4e+38 -3.4e+38 -3.4e+38 0.475200951099396 0.554905951023102 0.551758944988251 0.502449929714203 -3.4e+38 -3.4e+38 0.457782685756683 0.424714833498001 0.496089249849319 0.529940009117126 0.412849336862564 0.804534554481506 0.842249274253845 0.822415590286255 0.796628952026367 0.836517989635468 0.803333878517151 0.718764066696167 0.602997124195099 0.562427222728729 0.544226765632629 -3.4e+38 -3.4e+38 -3.4e+38 -3.4e+38 0.605321764945984 0.655131161212921 0.629636526107788 0.631928861141205 0.654477477073669 0.594430208206177 -3.4e+38 -3.4e+38 0.633625745773315 0.654316246509552 0.648702442646027 -3.4e+38 0.663999319076538 0.670858561992645 0.669062077999115 -3.4e+38 -3.4e+38 -3.4e+38 -3.4e+38 -3.4e+38
0.601276397705078 0.34716585278511 -3.4e+38 -3.4e+38 -3.4e+38 -3.4e+38 -3.4e+38 0.611622035503387 0.680121839046478 0.56782603263855 -3.4e+38 -3.4e+38 -3.4e+38 0.538203597068787 0.527231633663177 0.52179741859436 0.546653687953949 0.530478239059448 0.462464869022369 0.737710535526276 0.831757128238678 0.841579675674438 0.828592538833618 0.828102707862854 0.824628829956055 0.819584012031555 0.766537129878998 0.595875561237335 0.565599501132965 0.562788903713226 0.540815591812134 0.587474524974823 -3.4e+38 0.597685694694519 -3.4e+38 -3.4e+38 -3.4e+38 -3.4e+38 -3.4e+38 -3.4e+38 -3.4e+38 -3.4e+38 -3.4e+38 -3.4e+38 -3.4e+38 -3.4e+38 -3.4e+38 -3.4e+38 -3.4e+38 -3.4e+38 -3.4e+38 -3.4e+38 -3.4e+38
0.35556623339653 0.293291002511978 -3.4e+38 -3.4e+38 -3.4e+38 -3.4e+38 0.507149755954742 0.578953802585602 0.676875293254852 -3.4e+38 -3.4e+38 -3.4e+38 0.585491836071014 0.605502426624298 0.643898487091064 0.671367406845093 0.807873010635376 0.823465406894684 0.632900714874268 0.841243207454681 0.829205930233002 0.827644109725952 0.821276247501373 0.811319410800934 0.826671421527863 0.786969721317291 0.74377715587616 0.691013872623444 0.642164587974548 0.724577963352203 0.744233965873718 0.608701527118683 0.572906792163849 -3.4e+38 -3.4e+38 -3.4e+38 -3.4e+38 -3.4e+38 -3.4e+38 -3.4e+38 -3.4e+38 -3.4e+38 -3.4e+38 -3.4e+38 -3.4e+38 -3.4e+38 -3.4e+38 -3.4e+38 -3.4e+38 -3.4e+38 -3.4e+38 -3.4e+38 -3.4e+38
0.237581878900528 -3.4e+38 -3.4e+38 -3.4e+38 -3.4e+38 0.381144464015961 0.518363416194916 0.564756810665131 -3.4e+38 -3.4e+38 -3.4e+38 0.53882908821106 0.616154372692108 0.781490087509155 0.834940910339355 0.841855704784393 0.830797553062439 0.815028250217438 0.798168778419495 0.823360323905945 0.840244293212891 0.779463768005371 0.777676939964294 0.819828748703003 0.81683075428009 0.785602688789368 0.776616036891937 0.7992222905159 0.748364865779877 0.746597766876221 0.70182740688324 0.628939568996429 0.578596353530884 -3.4e+38 -3.4e+38 -3.4e+38 -3.4e+38 -3.4e+38 -3.4e+38 -3.4e+38 -3.4e+38 -3.4e+38 -3.4e+38 -3.4e+38 -3.4e+38 -3.4e+38 -3.4e+38 -3.4e+38 -3.4e+38 -3.4e+38 -3.4e+38 -3.4e+38 -3.4e+38
0.353700786828995 0.3201784491539 -3.4e+38 -3.4e+38 -3.4e+38 0.436611235141754 0.534891426563263 0.700164079666138 0.6178138256073 0.501543760299683 0.572724759578705 0.679062962532043 0.706041097640991 0.782200396060944 0.796439707279205 0.800731360912323 0.817214906215668 0.830015122890472 0.838262498378754 0.789672911167145 0.772497832775116 0.796072483062744 0.756676852703094 0.818124115467072 0.819826483726501 0.800221502780914 0.780782163143158 0.753304004669189 0.718561053276062 0.64544689655304 0.618461847305298 0.613219141960144 -3.4e+38 -3.4e+38 -3.4e+38 -3.4e+38 -3.4e+38 -3.4e+38 -3.4e+38 -3.4e+38 -3.4e+38 -3.4e+38 -3.4e+38 -3.4e+38 -3.4e+38 -3.4e+38 -3.4e+38 -3.4e+38 -3.4e+38 -3.4e+38 -3.4e+38 -3.4e+38 -3.4e+38
0.509529531002045 0.512690424919128 0.567078590393066 0.515446186065674 0.306407392024994 0.404770702123642 0.650907337665558 0.66447240114212 -3.4e+38 -3.4e+38 0.454622387886047 0.482622087001801 0.60219419002533 0.776499152183533 0.825619339942932 0.818071305751801 0.783020198345184 0.803128182888031 0.792591214179993 0.734289824962616 0.708575785160065 0.757750988006592 0.719769179821014 0.825895190238953 0.763018429279327 0.753073334693909 0.732892096042633 0.60819810628891 -3.4e+38 -3.4e+38 -3.4e+38 -3.4e+38 -3.4e+38 -3.4e+38 -3.4e+38 -3.4e+38 -3.4e+38 -3.4e+38 -3.4e+38 -3.4e+38 -3.4e+38 -3.4e+38 -3.4e+38 -3.4e+38 -3.4e+38 -3.4e+38 -3.4e+38 -3.4e+38 -3.4e+38 -3.4e+38 -3.4e+38 -3.4e+38 -3.4e+38
0.552557349205017 0.546664774417877 0.396466881036758 0.323217779397964 0.293077796697617 -3.4e+38 0.4534592628479 -3.4e+38 -3.4e+38 -3.4e+38 0.578096807003021 0.743013262748718 0.778768956661224 0.803044855594635 0.817759394645691 0.79096394777298 0.756576895713806 0.780573546886444 0.798889875411987 0.70682829618454 0.777646601200104 0.798100769519806 0.781120836734772 0.775022268295288 0.69960230588913 -3.4e+38 -3.4e+38 -3.4e+38 -3.4e+38 -3.4e+38 -3.4e+38 -3.4e+38 -3.4e+38 -3.4e+38 -3.4e+38 -3.4e+38 -3.4e+38 -3.4e+38 -3.4e+38 -3.4e+38 -3.4e+38 -3.4e+38 -3.4e+38 -3.4e+38 -3.4e+38 -3.4e+38 -3.4e+38 -3.4e+38 -3.4e+38 -3.4e+38 -3.4e+38 -3.4e+38 -3.4e+38
0.589495778083801 0.591310799121857 0.526303291320801 0.438217431306839 0.415681272745132 -3.4e+38 -3.4e+38 -3.4e+38 -3.4e+38 -3.4e+38 0.547909915447235 0.666960597038269 0.760518729686737 0.805898189544678 0.784802794456482 0.749494194984436 0.746046543121338 0.793099999427795 0.811768770217896 0.751281380653381 0.817525327205658 0.802179574966431 0.804814457893372 0.7916100025177 0.73811399936676 -3.4e+38 -3.4e+38 -3.4e+38 -3.4e+38 -3.4e+38 -3.4e+38 -3.4e+38 -3.4e+38 -3.4e+38 -3.4e+38 -3.4e+38 -3.4e+38 -3.4e+38 -3.4e+38 -3.4e+38 -3.4e+38 -3.4e+38 -3.4e+38 -3.4e+38 -3.4e+38 -3.4e+38 -3.4e+38 -3.4e+38 -3.4e+38 -3.4e+38 -3.4e+38 -3.4e+38 -3.4e+38
0.692245602607727 0.714947760105133 0.708999395370483 0.654467463493347 0.499334186315536 0.499921649694443 -3.4e+38 -3.4e+38 -3.4e+38 0.599010288715363 0.682204842567444 0.726049244403839 0.752217471599579 0.792355835437775 0.79261702299118 0.791079640388489 0.772265434265137 0.808317720890045 0.817920863628387 0.790533304214478 0.825935304164886 0.823263347148895 0.817170083522797 0.77392190694809 0.740530252456665 -3.4e+38 -3.4e+38 -3.4e+38 -3.4e+38 -3.4e+38 -3.4e+38 -3.4e+38 -3.4e+38 -3.4e+38 -3.4e+38 -3.4e+38 -3.4e+38 -3.4e+38 -3.4e+38 -3.4e+38 -3.4e+38 -3.4e+38 -3.4e+38 -3.4e+38 -3.4e+38 -3.4e+38 -3.4e+38 -3.4e+38 -3.4e+38 -3.4e+38 -3.4e+38 -3.4e+38 -3.4e+38
