data/climate_estimation/maxent_output/Tricyrtis_macropoda.asc
NCOLS 176 
NROWS 88 
XLLCORNER 126.25 
YLLCORNER 32.5 
CELLSIZE 0.0833333333333333 
NODATA_value -3.4e+38 
[rows 44 to 65 of 88, columns 0 to 48 of 176]
-339999999999999996123846586046231871488.000000000000000 -3.4e+38 0.317016303539276 0.359904378652573 0.367466986179352 0.325152665376663 0.316279709339142 0.267743498086929 0.249166235327721 0.212174162268639 0.225982829928398 0.243802458047867 0.296049863100052 0.260697931051254 0.227518066763878 0.197952225804329 0.198912188410759 0.171917945146561 0.173360481858253 0.172187238931656 0.147498533129692 0.097179539501667 0.067353218793869 0.0580611564218998 0.0621966533362865 0.0359808653593063 0.0333002060651779 0.0421162545681 0.0461247377097607 0.0459267497062683 0.0620843507349491 0.0711508467793465 0.0935730636119843 0.121160179376602 0.123865485191345 0.161424085497856 0.15176497399807 0.123380750417709 0.0909822434186935 -3.4e+38 -3.4e+38 -3.4e+38 -3.4e+38 -3.4e+38 -3.4e+38 -3.4e+38 -3.4e+38 -3.4e+38 -3.4e+38
-3.4e+38 -3.4e+38 0.315562933683395 0.358479201793671 0.404385298490524 0.402704864740372 0.353989094495773 0.302119344472885 0.288687407970428 0.298173457384109 0.327321410179138 0.283734679222107 0.295285820960999 0.33592763543129 0.260384202003479 0.227300345897675 0.198583990335464 0.198905378580093 0.196415260434151 0.190483793616295 0.165564581751823 0.0840740278363228 0.071476899087429 0.0727886334061623 0.0626013800501823 0.0382480882108212 0.0538490116596222 0.0625752061605453 0.071945384144783 0.0934156775474548 0.0531835816800594 0.0453459955751896 0.0606819912791252 0.0695885196328163 0.123452559113503 0.11182851344347 0.130901128053665 0.12885645031929 0.0437102094292641 0.0324094146490097 -3.4e+38 -3.4e+38 -3.4e+38 -3.4e+38 -3.4e+38 -3.4e+38 -3.4e+38 -3.4e+38 -3.4e+38
-3.4e+38 -3.4e+38 -3.4e+38 0.359185516834259 0.402669548988342 0.451806634664536 0.397396326065063 0.338680297136307 0.318306446075439 0.273167997598648 0.275086462497711 0.31416916847229 0.334494024515152 0.371869772672653 0.296107620000839 0.259871304035187 0.227719530463219 0.224060997366905 0.211341232061386 0.186267301440239 0.112965330481529 0.0977329164743423 0.0976584926247597 0.0608676895499229 0.0380399487912655 0.0367951244115829 0.0315235741436481 0.0327652283012867 0.042710967361927 0.0621675848960876 0.0529944822192192 0.0441638454794884 0.0514262020587921 0.0689792335033417 0.105977863073349 0.114333540201187 0.138230502605438 0.137358635663986 0.0788826569914818 0.0441222786903381 -3.4e+38 -3.4e+38 -3.4e+38 -3.4e+38 -3.4e+38 -3.4e+38 -3.4e+38 -3.4e+38 -3.4e+38
-3.4e+38 0.352838277816772 -3.4e+38 -3.4e+38 0.403890162706375 0.501187443733215 0.435710430145264 0.374300271272659 0.35760959982872 0.299924999475479 0.29304775595665 0.33919095993042 0.378005653619766 0.423052728176117 0.335165441036224 0.295626789331436 0.259230941534042 0.26390478014946 0.235561013221741 0.180422484874725 0.160401627421379 0.140792578458786 0.0970845595002174 0.0620541274547577 0.048429761081934 0.0292807891964912 0.0282116867601871 0.0270564910024405 0.0276483595371246 0.0320538319647312 0.0392354987561703 0.0509241595864296 0.0699039846658707 0.0801217705011368 0.104952216148376 0.115920715034008 0.178795427083969 0.230347439646721 0.158225104212761 0.0803914666175842 -3.4e+38 -3.4e+38 -3.4e+38 -3.4e+38 -3.4e+38 -3.4e+38 -3.4e+38 -3.4e+38 -3.4e+38
-3.4e+38 0.397619009017944 0.39912611246109 -3.4e+38 0.544987916946411 0.494900315999985 0.477526426315308 0.411268323659897 0.392641752958298 0.416897296905518 0.352118730545044 0.408829808235168 0.424789011478424 0.378451853990555 0.335047394037247 0.29561910033226 0.28645196557045 0.262510269880295 0.192245915532112 0.149993896484375 0.14663277566433 0.170156836509705 0.13618178665638 0.0529267936944962 0.0402665324509144 0.0364516824483871 0.030120026320219 0.0530456379055977 0.0619328282773495 0.0528337210416794 0.0496452562510967 0.0514835342764854 0.0945030748844147 0.107538811862469 0.122007146477699 0.11739943921566 0.176932215690613 0.231968119740486 0.16059210896492 0.108306869864464 -3.4e+38 -3.4e+38 -3.4e+38 -3.4e+38 -3.4e+38 -3.4e+38 -3.4e+38 -3.4e+38 -3.4e+38
-3.4e+38 -3.4e+38 0.442693620920181 0.550604462623596 0.590950548648834 0.486067771911621 0.468704462051392 0.449362576007843 0.440474152565002 0.521490931510925 0.463879495859146 0.473122477531433 0.423516482114792 0.424717366695404 0.363815695047379 0.295511215925217 0.2548868060112 0.264069467782974 0.206934630870819 0.112736612558365 0.0974821597337723 0.111458592116833 0.0725819543004036 0.0526269525289536 0.0375707931816578 0.0375308059155941 0.0399177074432373 0.0950504615902901 0.0620448179543018 0.0524080954492092 0.07125124335289 0.0698089525103569 0.0810312926769257 0.141542732715607 0.140221625566483 0.135363101959229 0.203841105103493 0.264881193637848 0.200968742370605 -3.4e+38 -3.4e+38 -3.4e+38 -3.4e+38 -3.4e+38 -3.4e+38 -3.4e+38 -3.4e+38 -3.4e+38 -3.4e+38
0.486789882183075 -3.4e+38 0.529686808586121 0.589801549911499 0.586939990520477 0.517503678798676 0.511691212654114 0.490158051252365 0.440537959337234 0.488580793142319 0.520218193531036 0.524008572101593 0.469217389822006 0.424042284488678 0.363852351903915 0.327480465173721 0.264111071825027 0.218019410967827 0.130151703953743 0.123953782021999 0.0918466448783875 0.0790612250566483 0.0623447895050049 0.0489690192043781 0.0409310758113861 0.0346645601093769 0.0359117165207863 0.0526403188705444 0.0487050041556358 0.0711652785539627 0.0697753131389618 0.0808382034301758 0.157895043492317 0.175186544656754 0.139266341924667 0.155852675437927 0.175126820802689 0.22739040851593 0.244927391409874 -3.4e+38 -3.4e+38 -3.4e+38 -3.4e+38 -3.4e+38 -3.4e+38 -3.4e+38 -3.4e+38 -3.4e+38 -3.4e+38
0.490169495344162 -3.4e+38 0.506308794021606 0.522199809551239 0.524418592453003 0.496112376451492 0.499627351760864 0.559255838394165 0.60315728187561 0.568264603614807 0.524712920188904 0.521112859249115 0.401231646537781 0.316368579864502 0.334937423467636 0.295415967702866 0.226881310343742 0.172458633780479 0.0986617729067802 0.123997695744038 0.107380330562592 0.0659953653812408 0.0444564819335938 0.0466819442808628 0.0500417128205299 0.0355327427387238 0.033148430287838 0.0714409947395325 0.0597063414752483 0.0591636523604393 0.0567076466977596 0.0926119461655617 0.175712838768959 0.22264963388443 0.115895457565784 0.132256954908371 0.169853270053864 0.220836713910103 0.250840038061142 -3.4e+38 -3.4e+38 -3.4e+38 -3.4e+38 -3.4e+38 -3.4e+38 -3.4e+38 -3.4e+38 -3.4e+38 -3.4e+38
-3.4e+38 -3.4e+38 0.495595365762711 0.52060878276825 0.501481592655182 0.515854179859161 0.596333026885986 0.602798581123352 0.567121624946594 0.568068504333496 0.508934199810028 0.383059203624725 0.375697523355484 0.278525531291962 0.284001529216766 0.295129269361496 0.256343215703964 0.188896417617798 0.119324631989002 0.0869989693164825 0.123056337237358 0.0768708810210228 0.0550913363695145 0.0564103536307812 0.0544442497193813 0.0426303222775459 0.0394276343286037 0.0572357103228569 0.0520739816129208 0.0656352937221527 0.057901781052351 0.106595240533352 0.141177624464035 0.160395532846451 0.181123107671738 0.1741723716259 0.193180397152901 0.217765614390373 0.246128708124161 -3.4e+38 -3.4e+38 -3.4e+38 -3.4e+38 -3.4e+38 -3.4e+38 -3.4e+38 -3.4e+38 -3.4e+38 -3.4e+38
-3.4e+38 0.460030972957611 0.450128316879272 0.445097267627716 0.489238053560257 0.55214911699295 0.498061269521713 0.536297559738159 0.483975797891617 0.424326419830322 0.351552516222 0.302759200334549 0.267554432153702 0.228393465280533 0.294918388128281 0.326571017503738 0.266998946666718 0.278899312019348 0.206680551171303 0.120321832597256 0.0890520140528679 0.0593604147434235 0.0545810796320438 0.0763590112328529 0.0518268384039402 0.0504894629120827 0.0389209613204002 0.0470302328467369 0.0465386174619198 0.0498903691768646 0.0528026632964611 0.0880722552537918 0.138123035430908 0.132848665118217 0.234999567270279 0.230820864439011 0.191555753350258 0.216908231377602 -3.4e+38 -3.4e+38 -3.4e+38 -3.4e+38 -3.4e+38 -3.4e+38 -3.4e+38 -3.4e+38 -3.4e+38 -3.4e+38 -3.4e+38
-3.4e+38 0.398205041885376 0.392096132040024 0.385274082422256 0.479423105716705 0.450802236795425 0.382862657308578 0.427844136953354 0.313138574361801 0.347894728183746 0.29960560798645 0.29683980345726 0.23317001760006 0.242141589522362 0.254973292350769 0.332334816455841 0.287827551364899 0.316065073013306 0.162121325731277 0.102101743221283 0.0555785931646824 0.0729926526546478 0.0599348209798336 0.0619467943906784 0.0464388243854046 0.0481852665543556 0.0610485896468163 0.0746778547763824 0.0678996667265892 0.0651589035987854 0.0765199512243271 0.116880632936954 0.131980612874031 0.176371738314629 0.198246240615845 0.194445326924324 0.188674733042717 -3.4e+38 -3.4e+38 -3.4e+38 -3.4e+38 -3.4e+38 -3.4e+38 -3.4e+38 -3.4e+38 -3.4e+38 -3.4e+38 -3.4e+38 -3.4e+38
0.340293645858765 0.350561171770096 0.399933069944382 0.413023114204407 0.331822127103806 0.316463708877563 0.307346433401108 0.263492554426193 0.275758445262909 0.341775000095367 0.310759335756302 0.323848485946655 0.292149037122726 0.209947273135185 0.120844051241875 0.182235464453697 0.157230421900749 0.208972796797752 0.138045772910118 0.084567554295063 0.0636991560459137 0.0563670545816422 0.0560157038271427 0.0585458651185036 0.0578501597046852 0.0828560069203377 0.091374397277832 0.0897762030363083 0.0795258209109306 0.117945805191994 0.115570984780788 0.103132285177708 0.123291239142418 0.196983590722084 0.16730260848999 0.189906999468803 -3.4e+38 -3.4e+38 -3.4e+38 -3.4e+38 -3.4e+38 -3.4e+38 -3.4e+38 -3.4e+38 -3.4e+38 -3.4e+38 -3.4e+38 -3.4e+38 -3.4e+38
0.29748871922493 0.291947543621063 0.294822573661804 0.356813311576843 0.283585637807846 0.267733186483383 0.227634996175766 0.229962185025215 0.338036507368088 0.372439652681351 0.264064520597458 0.283668369054794 0.19223664700985 0.205622896552086 0.136565744876862 0.183359906077385 0.210944354534149 0.111329644918442 0.0953600257635117 0.0842251032590866 0.0629379525780678 0.062509298324585 0.05528848990798 0.0682794451713562 0.0803757309913635 0.0810514241456985 0.0869613364338875 0.0939753726124763 0.087584525346756 0.132933005690575 0.152197077870369 0.143951043486595 0.164996758103371 0.189890801906586 0.163254514336586 0.161325216293335 -3.4e+38 -3.4e+38 -3.4e+38 -3.4e+38 -3.4e+38 -3.4e+38 -3.4e+38 -3.4e+38 -3.4e+38 -3.4e+38 -3.4e+38 -3.4e+38 -3.4e+38
0.294805020093918 0.280247569084167 0.248661309480667 0.243237510323524 0.246818825602531 0.241421476006508 0.197998195886612 0.207822740077972 0.216995880007744 0.248436033725739 0.223805665969849 0.218571364879608 0.198735103011131 0.175802126526833 0.123784847557545 0.13343071937561 0.132752805948257 0.0898504182696342 0.0675967261195183 0.0762974545359612 0.0595611929893494 0.0594523511826992 0.0808400735259056 0.0937326774001122 0.0927039012312889 0.0850196480751038 0.11537878215313 0.102825537323952 0.102310821413994 0.146923795342445 0.169164791703224 0.191060721874237 0.213601246476173 0.213268339633942 0.242211416363716 -3.4e+38 -3.4e+38 -3.4e+38 -3.4e+38 -3.4e+38 -3.4e+38 -3.4e+38 -3.4e+38 -3.4e+38 -3.4e+38 -3.4e+38 -3.4e+38 -3.4e+38 -3.4e+38
0.256679683923721 0.251666069030762 0.263187408447266 0.204814210534096 0.200275078415871 0.175797373056412 0.179286137223244 0.186629325151443 0.163543298840523 0.23373319208622 0.210245475172997 0.163542300462723 0.17783585190773 0.122412301599979 0.0963902324438095 0.0592970103025436 0.0809850543737411 0.0664099231362343 0.0635390430688858 0.0925701782107353 0.0634183287620544 0.0877381786704063 0.107737772166729 0.105173282325268 0.101735457777977 0.102020107209682 0.110892422497272 0.128290042281151 0.171442687511444 0.196656465530396 0.185842305421829 0.188815325498581 -3.4e+38 -3.4e+38 -3.4e+38 -3.4e+38 -3.4e+38 -3.4e+38 -3.4e+38 -3.4e+38 -3.4e+38 -3.4e+38 -3.4e+38 -3.4e+38 -3.4e+38 -3.4e+38 -3.4e+38 -3.4e+38 -3.4e+38
0.222649693489075 0.212045505642891 0.228470727801323 0.182947024703026 0.179729774594307 0.163817003369331 0.22813256084919 0.23650336265564 0.1961849629879 0.176757767796516 0.135694995522499 0.172940194606781 0.114412546157837 0.0951372087001801 0.0611348152160645 0.0619240626692772 0.0626962929964066 0.0678238943219185 0.0853066593408585 0.106124043464661 0.102058537304401 0.0949015840888023 0.0845373794436455 0.0999516919255257 0.113754734396935 0.14689889550209 0.145480543375015 0.197274014353752 0.226160377264023 0.255789637565613 -3.4e+38 -3.4e+38 -3.4e+38 -3.4e+38 -3.4e+38 -3.4e+38 -3.4e+38 -3.4e+38 -3.4e+38 -3.4e+38 -3.4e+38 -3.4e+38 -3.4e+38 -3.4e+38 -3.4e+38 -3.4e+38 -3.4e+38 -3.4e+38 -3.4e+38
0.226675897836685 0.217133238911629 0.186169624328613 0.200075522065163 0.161165922880173 0.190336287021637 0.21023964881897 0.161436960101128 0.162484303116798 0.137983158230782 0.112807542085648 0.108900114893913 0.0874171853065491 0.0675798654556274 0.0569178462028503 0.0686511993408203 0.0690361633896828 0.0889477804303169 0.0836475864052773 0.118931382894516 0.137920886278152 0.118075639009476 0.112125508487225 0.131648257374763 0.149706304073334 0.166441485285759 0.191144555807114 0.218141332268715 0.29187473654747 0.2883520424366 -3.4e+38 -3.4e+38 -3.4e+38 -3.4e+38 -3.4e+38 -3.4e+38 -3.4e+38 -3.4e+38 -3.4e+38 -3.4e+38 -3.4e+38 -3.4e+38 -3.4e+38 -3.4e+38 -3.4e+38 -3.4e+38 -3.4e+38 -3.4e+38 -3.4e+38
0.245103061199188 0.1937245875597 0.16545107960701 0.174458727240562 0.197411313652992 0.173175439238548 0.12902544438839 0.126856297254562 0.145257532596588 0.146109655499458 0.107479855418205 0.0867079570889473 0.0686936378479004 0.0704915523529053 0.074572741985321 0.0792701542377472 0.083404041826725 0.0833772495388985 0.0939654782414436 0.115020923316479 0.133718729019165 0.13280425965786 -3.4e+38 0.170198947191238 0.157108351588249 -3.4e+38 0.245050072669983 0.278283625841141 0.323799133300781 0.359526246786118 -3.4e+38 -3.4e+38 -3.4e+38 -3.4e+38 -3.4e+38 -3.4e+38 -3.4e+38 0.768290460109711 0.766067683696747 -3.4e+38 -3.4e+38 -3.4e+38 -3.4e+38 -3.4e+38 -3.4e+38 -3.4e+38 -3.4e+38 -3.4e+38 -3.4e+38
0.201864242553711 0.203084155917168 0.17498891055584 0.159321531653404 0.151992946863174 0.156734943389893 0.126100853085518 0.138151407241821 0.111568130552769 0.0913765877485275 0.0866962000727654 0.0871670246124268 0.0901936665177345 0.0790725275874138 0.101116694509983 0.0898771956562996 0.0968996211886406 0.112733393907547 0.113531112670898 -3.4e+38 -3.4e+38 -3.4e+38 -3.4e+38 0.194123432040215 0.214203596115112 0.192004814743996 -3.4e+38 0.324799597263336 -3.4e+38 -3.4e+38 -3.4e+38 -3.4e+38 -3.4e+38 -3.4e+38 -3.4e+38 -3.4e+38 0.774196743965149 0.673750519752502 0.76856392621994 -3.4e+38 -3.4e+38 -3.4e+38 -3.4e+38 -3.4e+38 -3.4e+38 -3.4e+38 -3.4e+38 -3.4e+38 -3.4e+38
0.211480990052223 0.185785084962845 0.178354382514954 0.148263335227966 0.155301436781883 0.156957373023033 0.11555203050375 0.139908716082573 0.116515457630157 0.0908621475100517 0.0908127427101135 0.0879762172698975 0.119060516357422 0.109650753438473 0.087511271238327 -3.4e+38 0.110874198377132 0.128331705927849 0.147872984409332 -3.4e+38 -3.4e+38 -3.4e+38 -3.4e+38 0.191577285528183 -3.4e+38 -3.4e+38 0.308148741722107 -3.4e+38 -3.4e+38 -3.4e+38 -3.4e+38 -3.4e+38 -3.4e+38 -3.4e+38 -3.4e+38 -3.4e+38 0.640281021595001 0.685916423797607 0.639850080013275 -3.4e+38 -3.4e+38 -3.4e+38 -3.4e+38 -3.4e+38 -3.4e+38 -3.4e+38 -3.4e+38 -3.4e+38 -3.4e+38
0.252380341291428 0.219729855656624 0.167107135057449 0.150630265474319 0.18094676733017 0.131212502717972 0.132563754916191 0.133453071117401 0.113635189831257 0.109581254422665 0.1148526892066 0.136902540922165 0.107570923864841 0.104940973222256 0.125001817941666 0.153254419565201 -3.4e+38 -3.4e+38 0.158141076564789 -3.4e+38 -3.4e+38 -3.4e+38 -3.4e+38 -3.4e+38 -3.4e+38 -3.4e+38 -3.4e+38 -3.4e+38 -3.4e+38 -3.4e+38 -3.4e+38 -3.4e+38 -3.4e+38 -3.4e+38 -3.4e+38 -3.4e+38 0.629838168621063 0.641102373600006 0.582805454730988 -3.4e+38 -3.4e+38 -3.4e+38 -3.4e+38 -3.4e+38 -3.4e+38 -3.4e+38 -3.4e+38 -3.4e+38 -3.4e+38
0.215228646993637 0.211110681295395 0.167083486914635 0.171579524874687 0.149501830339432 0.204876318573952 0.129389360547066 0.150072678923607 0.130371361970901 0.148732930421829 0.147808626294136 0.121763356029987 0.12486856430769 -3.4e+38 0.114992789924145 0.117871060967445 -3.4e+38 -3.4e+38 0.164095833897591 -3.4e+38 -3.4e+38 -3.4e+38 -3.4e+38 -3.4e+38 -3.4e+38 -3.4e+38 -3.4e+38 -3.4e+38 -3.4e+38 -3.4e+38 -3.4e+38 -3.4e+38 -3.4e+38 -3.4e+38 -3.4e+38 0.573284804821014 0.584683120250702 0.57273918390274 -3.4e+38 -3.4e+38 -3.4e+38 -3.4e+38 -3.4e+38 -3.4e+38 -3.4e+38 -3.4e+38 -3.4e+38 -3.4e+38 -3.4e+38
