data/climate_estimation/maxent_output/Tricyrtis_hirta.asc
NCOLS 136 
NROWS 81 
XLLCORNER 129.833333333333 
YLLCORNER 31 
CELLSIZE 0.0833333333333334 
NODATA_value -3.4e+38 
[rows 46 to 68 of 81, columns 0 to 52 of 136]
-3.4e+38 -3.4e+38 -3.4e+38 -3.4e+38 -3.4e+38 -3.4e+38 0.417360633611679 0.365732073783875 0.486004501581192 0.377144068479538 0.320659697055817 0.426756352186203 0.314773887395859 0.392836779356003 0.289085894823074 -3.4e+38 -3.4e+38 -3.4e+38 -3.4e+38 -3.4e+38 -3.4e+38 -3.4e+38 -3.4e+38 -3.4e+38 -3.4e+38 0.292371153831482 0.327303469181061 0.460471302270889 0.566712081432343 0.375865250825882 0.315523356199265 -3.4e+38 0.19783578813076 -3.4e+38 0.165005698800087 0.292146176099777 0.609760224819183 0.675282716751099 0.345748364925385 0.378047704696655 0.537361562252045 0.658914148807526 0.640761137008667 0.650989770889282 0.643838167190552 0.712301313877106 0.713054478168488 0.703369677066803 0.707682371139526 0.657921075820923 0.650200963020325 0.652669072151184 0.685539782047272
-3.4e+38 -3.4e+38 -3.4e+38 -3.4e+38 -3.4e+38 -3.4e+38 -3.4e+38 0.35806405544281 0.405517220497131 0.443983852863312 0.326902985572815 0.603272914886475 0.547715485095978 0.395210027694702 0.283485770225525 -3.4e+38 -3.4e+38 -3.4e+38 -3.4e+38 -3.4e+38 -3.4e+38 -3.4e+38 -3.4e+38 -3.4e+38 -3.4e+38 0.425761610269547 0.30609467625618 0.330109387636185 0.430191248655319 0.303380966186523 -3.4e+38 -3.4e+38 -3.4e+38 -3.4e+38 0.167619690299034 0.197141781449318 0.384492784738541 0.591197371482849 0.659422099590302 0.641878724098206 0.627446591854095 0.621343076229095 0.639153242111206 0.644802451133728 0.732253968715668 0.733911097049713 0.723784387111664 0.719640493392944 0.679975867271423 0.660244464874268 0.665634095668793 0.698932588100433 0.709090888500214
-3.4e+38 -3.4e+38 -3.4e+38 -3.4e+38 0.419037222862244 0.515772461891174 0.398695826530457 0.358572095632553 0.611111581325531 0.487126141786575 0.358787685632706 0.592751324176788 0.563424944877625 0.299900770187378 0.292906075716019 -3.4e+38 -3.4e+38 -3.4e+38 -3.4e+38 -3.4e+38 0.317319452762604 0.29107666015625 0.290802270174026 -3.4e+38 -3.4e+38 -3.4e+38 -3.4e+38 0.317711889743805 -3.4e+38 -3.4e+38 -3.4e+38 -3.4e+38 -3.4e+38 0.504001975059509 0.517165184020996 0.61667263507843 0.665428698062897 0.656248152256012 0.654409646987915 0.624878585338593 0.63900226354599 0.646109521389008 0.640744030475616 0.753078281879425 0.74299144744873 0.735884606838226 0.731809079647064 0.722211897373199 0.725278556346893 0.717600166797638 0.687842011451721 0.692372143268585 0.711058139801025
0.546641886234283 -3.4e+38 -3.4e+38 0.465232193470001 0.445856094360352 0.388876408338547 0.382208704948425 0.43187227845192 0.608247876167297 0.585922956466675 0.363233774900436 0.394987463951111 0.440316528081894 0.454231113195419 0.417041718959808 0.31090646982193 0.279061198234558 0.278830498456955 -3.4e+38 0.311389178037643 0.520537734031677 0.517237305641174 0.283155262470245 -3.4e+38 -3.4e+38 -3.4e+38 -3.4e+38 -3.4e+38 -3.4e+38 -3.4e+38 -3.4e+38 0.457287013530731 0.638130068778992 0.651399195194244 0.628024160861969 0.659603416919708 0.661498665809631 0.654232203960419 0.64472758769989 0.646712720394135 0.64898294210434 0.769741356372833 0.761830031871796 0.760719418525696 0.75145423412323 0.677708804607391 0.66842257976532 0.699482321739197 0.727319359779358 0.717801749706268 0.708522319793701 0.706578314304352 0.70487517118454
0.585436940193176 0.591479659080505 0.432550460100174 0.45618200302124 0.438536614179611 0.419610440731049 0.49098002910614 0.298564493656158 0.597895324230194 0.626859188079834 0.489369690418243 0.565450966358185 0.636861085891724 0.699243605136871 0.696811854839325 0.584023654460907 0.357819229364395 0.310153841972351 0.32261648774147 0.422601997852325 0.545912325382233 0.578600168228149 0.313293009996414 -3.4e+38 -3.4e+38 -3.4e+38 -3.4e+38 -3.4e+38 -3.4e+38 -3.4e+38 0.598645269870758 0.633913397789001 0.495687067508698 0.535008728504181 0.590611219406128 0.655474066734314 0.643097281455994 0.637872695922852 0.648862659931183 0.639677107334137 0.738591611385345 0.623771190643311 0.62045294046402 0.506043374538422 0.431277096271515 0.424911439418793 0.475486636161804 0.636211276054382 0.672950983047485 0.68775737285614 0.703290224075317 0.70279324054718 0.692919492721558
0.67162948846817 0.582686364650726 0.598573207855225 0.647416174411774 0.66387152671814 0.66822075843811 0.668085396289825 0.607200026512146 0.364281535148621 0.442270010709763 0.631081163883209 0.706161856651306 0.708094239234924 0.700177431106567 0.706936478614807 0.60972273349762 0.595020890235901 0.565328299999237 0.535454928874969 0.536672115325928 0.540430188179016 0.448423087596893 0.287938892841339 -3.4e+38 -3.4e+38 -3.4e+38 -3.4e+38 0.306990116834641 0.524917781352997 0.378304600715637 0.406712651252747 0.582842886447906 0.594029366970062 0.58785080909729 0.582726538181305 0.654006600379944 0.647645771503448 0.642343401908875 0.637464463710785 0.630200326442719 0.73122638463974 0.673287928104401 0.505858600139618 0.445940494537354 0.406401783227921 -3.4e+38 -3.4e+38 -3.4e+38 0.562188863754272 0.646123111248016 0.656933486461639 0.691562294960022 0.669176399707794
0.597525119781494 0.537819027900696 0.592050790786743 0.656026124954224 0.648701727390289 0.617442071437836 0.623372554779053 0.537831604480743 0.274347841739655 0.271244645118713 0.269571661949158 0.46906766295433 0.536863148212433 0.659539759159088 0.674326717853546 0.675342440605164 0.676529169082642 0.636152446269989 0.613706886768341 0.604094564914703 0.369473963975906 0.230421230196953 0.232411861419678 -3.4e+38 -3.4e+38 -3.4e+38 0.275256335735321 0.419075757265091 0.300773680210114 -3.4e+38 0.395405530929565 0.574388325214386 0.623119413852692 0.594189524650574 0.597354054450989 0.633384466171265 0.64068877696991 0.636196613311768 0.630953907966614 0.610734045505524 0.671945214271545 0.449606388807297 0.446126878261566 0.388278156518936 -3.4e+38 -3.4e+38 -3.4e+38 -3.4e+38 -3.4e+38 -3.4e+38 0.643792688846588 0.66115015745163 0.611693620681763
0.604164183139801 0.571389198303223 0.554447591304779 0.488863557577133 0.440408319234848 0.332764446735382 0.224326953291893 0.22988685965538 0.28133761882782 0.547441422939301 0.647543668746948 0.65429025888443 0.650022804737091 0.457419186830521 0.663563251495361 0.686008274555206 0.696012020111084 0.686691224575043 0.684985399246216 0.651118159294128 0.344860076904297 0.169053807854652 0.188307628035545 -3.4e+38 0.292938023805618 0.240361019968987 -3.4e+38 -3.4e+38 -3.4e+38 -3.4e+38 0.477875500917435 0.592705547809601 0.681054413318634 0.586154103279114 0.558814227581024 0.630830824375153 0.625430524349213 0.616927981376648 0.609096586704254 0.728679895401001 0.652003705501556 0.447268277406693 -3.4e+38 -3.4e+38 -3.4e+38 -3.4e+38 -3.4e+38 -3.4e+38 -3.4e+38 -3.4e+38 -3.4e+38 0.569716572761536 0.54809844493866
0.668942987918854 0.600751042366028 0.472597122192383 0.430590629577637 0.320182204246521 0.294204771518707 0.198464870452881 0.203575238585472 0.23489060997963 0.3641497194767 0.643575251102448 0.720290303230286 0.701807498931885 0.719399809837341 0.71055406332016 0.700507998466492 0.692406892776489 0.687588512897491 0.681245505809784 0.557729423046112 0.311758995056152 0.206420809030533 0.256971031427383 0.427111953496933 0.321903020143509 -3.4e+38 -3.4e+38 -3.4e+38 -3.4e+38 0.533886253833771 0.475310564041138 0.478104501962662 0.622581660747528 0.631033957004547 0.717799067497253 0.700948596000671 0.717331349849701 0.726854622364044 0.729926288127899 0.699436068534851 0.658420920372009 0.416562885046005 -3.4e+38 -3.4e+38 -3.4e+38 -3.4e+38 -3.4e+38 -3.4e+38 -3.4e+38 -3.4e+38 -3.4e+38 -3.4e+38 0.494446903467178
0.625407636165619 0.657706201076508 0.491203546524048 0.366983771324158 0.317584216594696 0.192151576280594 0.192099198698997 0.199705466628075 0.355759382247925 0.501164972782135 0.547309041023254 0.717824280261993 0.703251481056213 0.713124930858612 0.71302741765976 0.700873076915741 0.647499322891235 0.654629945755005 0.687077879905701 0.635677695274353 0.619808673858643 0.423552870750427 0.411833494901657 0.339633375406265 0.338630497455597 0.261931926012039 0.268751949071884 -3.4e+38 -3.4e+38 0.480808883905411 -3.4e+38 0.656508564949036 0.660928666591644 0.619613826274872 0.753457009792328 0.694795489311218 0.743973910808563 0.725241720676422 0.720871567726135 0.630096077919006 0.507740139961243 -3.4e+38 -3.4e+38 -3.4e+38 -3.4e+38 -3.4e+38 -3.4e+38 -3.4e+38 -3.4e+38 -3.4e+38 -3.4e+38 -3.4e+38 -3.4e+38
0.553741633892059 0.561354339122772 0.642419636249542 0.511604368686676 0.36534520983696 -3.4e+38 -3.4e+38 0.194974482059479 0.26969912648201 0.233291178941727 0.291021406650543 0.522023677825928 0.695478022098541 0.705673038959503 0.697961509227753 0.697922468185425 0.67946845293045 0.684041261672974 0.677516937255859 0.646364271640778 0.500900387763977 0.358843624591827 0.401062250137329 0.570720314979553 0.49050834774971 0.31278184056282 0.287575870752335 -3.4e+38 -3.4e+38 -3.4e+38 0.53453928232193 0.615257859230042 0.741917431354523 0.605839133262634 0.726391971111298 0.710710227489471 0.667551815509796 0.634960353374481 0.617057681083679 0.581454455852509 -3.4e+38 -3.4e+38 -3.4e+38 -3.4e+38 -3.4e+38 -3.4e+38 -3.4e+38 -3.4e+38 -3.4e+38 -3.4e+38 -3.4e+38 -3.4e+38 -3.4e+38
-3.4e+38 0.60419237613678 0.649501383304596 0.631416082382202 0.297014445066452 -3.4e+38 -3.4e+38 0.187561616301537 0.254361420869827 0.245790168642998 0.210008189082146 0.220849707722664 0.52022123336792 0.6967733502388 0.7129026055336 0.704401910305023 0.692411720752716 0.686686873435974 0.606230795383453 0.50806987285614 0.495629876852036 0.583620250225067 0.582571804523468 0.502995789051056 0.331472307443619 0.377360880374908 0.472507268190384 0.455044567584991 -3.4e+38 -3.4e+38 -3.4e+38 0.644825518131256 0.620856881141663 0.648746430873871 0.651555955410004 0.641188383102417 0.654853403568268 0.605912744998932 0.544793426990509 -3.4e+38 -3.4e+38 -3.4e+38 -3.4e+38 -3.4e+38 -3.4e+38 -3.4e+38 -3.4e+38 -3.4e+38 -3.4e+38 -3.4e+38 -3.4e+38 -3.4e+38 -3.4e+38
0.635441780090332 0.481644868850708 0.508386790752411 0.37944358587265 0.262840270996094 0.251596838235855 0.194356739521027 0.17741447687149 0.161344185471535 0.347312539815903 0.218927010893822 0.23746246099472 0.340190142393112 0.686313211917877 0.699696183204651 0.688658952713013 0.687742829322815 0.688476383686066 0.680433511734009 0.674387753009796 0.631518542766571 0.613153755664825 0.562410235404968 0.525188446044922 0.508506238460541 0.506005108356476 0.454598724842072 -3.4e+38 -3.4e+38 -3.4e+38 -3.4e+38 0.614463686943054 0.575248599052429 0.564062118530273 0.626256287097931 0.704312384128571 0.709804832935333 0.630415141582489 0.557609975337982 -3.4e+38 -3.4e+38 -3.4e+38 -3.4e+38 -3.4e+38 -3.4e+38 -3.4e+38 -3.4e+38 -3.4e+38 -3.4e+38 -3.4e+38 -3.4e+38 -3.4e+38 -3.4e+38
0.571873247623444 0.558022081851959 0.433367162942886 0.265546143054962 0.486430257558823 0.665266275405884 0.266828685998917 -3.4e+38 -3.4e+38 0.289651274681091 0.176930993795395 0.192457169294357 0.538490474224091 0.695486545562744 0.696727454662323 0.695236504077911 0.698418438434601 0.67970883846283 0.659792125225067 0.659168601036072 0.67112797498703 0.584199726581573 0.564507961273193 0.556428968906403 0.512490749359131 0.588045418262482 0.619837939739227 -3.4e+38 -3.4e+38 -3.4e+38 -3.4e+38 0.555648148059845 -3.4e+38 0.620504200458527 0.629946172237396 0.651585042476654 0.630427956581116 0.588204085826874 0.553904473781586 -3.4e+38 -3.4e+38 -3.4e+38 -3.4e+38 -3.4e+38 -3.4e+38 -3.4e+38 -3.4e+38 -3.4e+38 -3.4e+38 -3.4e+38 -3.4e+38 -3.4e+38 -3.4e+38
0.44681453704834 0.498250067234039 -3.4e+38 0.342468827962875 0.56987076997757 0.608623743057251 0.223501801490784 -3.4e+38 0.302695721387863 0.199546635150909 0.179040566086769 0.217689007520676 0.632266044616699 0.716699063777924 0.707339346408844 0.709993064403534 0.693647980690002 0.669866383075714 0.661021709442139 0.672107934951782 0.658401370048523 0.603040218353271 0.496639549732208 0.513604700565338 0.582177877426147 -3.4e+38 -3.4e+38 -3.4e+38 -3.4e+38 -3.4e+38 -3.4e+38 -3.4e+38 0.622126162052155 -3.4e+38 -3.4e+38 0.551322162151337 -3.4e+38 0.598354697227478 0.57942134141922 -3.4e+38 -3.4e+38 -3.4e+38 -3.4e+38 -3.4e+38 -3.4e+38 -3.4e+38 -3.4e+38 -3.4e+38 -3.4e+38 -3.4e+38 -3.4e+38 -3.4e+38 -3.4e+38
0.345102399587631 -3.4e+38 -3.4e+38 0.354818344116211 0.300517380237579 0.21510973572731 0.222851127386093 0.225855901837349 0.270884782075882 0.259506940841675 0.219212144613266 0.376523524522781 0.629898548126221 0.710366547107697 0.681172549724579 0.671043515205383 0.669301688671112 0.675773441791534 0.657842338085175 0.619261920452118 0.58894556760788 0.52373594045639 0.547041237354279 0.444957584142685 0.435406595468521 -3.4e+38 -3.4e+38 -3.4e+38 -3.4e+38 -3.4e+38 -3.4e+38 -3.4e+38 -3.4e+38 -3.4e+38 -3.4e+38 -3.4e+38 -3.4e+38 -3.4e+38 -3.4e+38 -3.4e+38 -3.4e+38 -3.4e+38 -3.4e+38 -3.4e+38 -3.4e+38 -3.4e+38 -3.4e+38 -3.4e+38 -3.4e+38 -3.4e+38 -3.4e+38 -3.4e+38 -3.4e+38
-3.4e+38 -3.4e+38 0.383895814418793 0.323328942060471 0.231817677617073 0.2932168841362 0.233719557523727 0.217239245772362 0.198268696665764 0.19898521900177 0.39189800620079 0.693083524703979 0.668989837169647 0.640223503112793 0.625339031219482 0.628673195838928 0.667222082614899 0.677539169788361 0.671231806278229 0.609997987747192 0.455774217844009 0.561861991882324 0.424185872077942 -3.4e+38 -3.4e+38 -3.4e+38 -3.4e+38 -3.4e+38 -3.4e+38 -3.4e+38 -3.4e+38 -3.4e+38 -3.4e+38 -3.4e+38 -3.4e+38 -3.4e+38 -3.4e+38 -3.4e+38 -3.4e+38 -3.4e+38 -3.4e+38 -3.4e+38 -3.4e+38 -3.4e+38 -3.4e+38 -3.4e+38 -3.4e+38 -3.4e+38 -3.4e+38 -3.4e+38 -3.4e+38 -3.4e+38 -3.4e+38
-339999999999999996123846586046231871488.000000000000000 -3.4e+38 0.494710892438889 0.50356662273407 0.258166879415512 0.477629989385605 0.384648591279984 0.276033878326416 0.240793824195862 0.373290330171585 0.705351114273071 0.671472012996674 0.687095403671265 0.625906825065613 0.651380121707916 0.681465208530426 0.675843954086304 0.674214899539948 0.649675786495209 0.527240335941315 0.537760734558105 0.480843007564545 0.475148290395737 -3.4e+38 -3.4e+38 -3.4e+38 -3.4e+38 -3.4e+38 -3.4e+38 -3.4e+38 -3.4e+38 -3.4e+38 -3.4e+38 -3.4e+38 -3.4e+38 -3.4e+38 -3.4e+38 -3.4e+38 -3.4e+38 -3.4e+38 -3.4e+38 -3.4e+38 -3.4e+38 -3.4e+38 -3.4e+38 -3.4e+38 -3.4e+38 -3.4e+38 -3.4e+38 -3.4e+38 -3.4e+38 -3.4e+38 -3.4e+38
-3.4e+38 0.350611090660095 0.504122853279114 0.467280596494675 0.291125267744064 0.291278779506683 0.333824932575226 0.261926621198654 0.534738481044769 0.623214244842529 0.684013664722443 0.691604197025299 0.690356850624084 0.670213997364044 0.673583626747131 0.662476301193237 0.658282458782196 0.661716043949127 0.618596315383911 0.557167589664459 0.474528551101685 0.491054475307465 0.40304559469223 -3.4e+38 -3.4e+38 -3.4e+38 -3.4e+38 -3.4e+38 -3.4e+38 -3.4e+38 -3.4e+38 -3.4e+38 -3.4e+38 -3.4e+38 -3.4e+38 -3.4e+38 -3.4e+38 -3.4e+38 -3.4e+38 -3.4e+38 -3.4e+38 -3.4e+38 -3.4e+38 -3.4e+38 -3.4e+38 -3.4e+38 -3.4e+38 -3.4e+38 -3.4e+38 -3.4e+38 -3.4e+38 -3.4e+38 -3.4e+38
-3.4e+38 0.457245707511902 0.472036689519882 0.370198458433151 0.32830935716629 0.296110898256302 0.316358119249344 0.380327820777893 0.482126295566559 0.656306147575378 0.702567875385284 0.688592791557312 0.656714200973511 0.569678425788879 0.699165284633636 0.666752636432648 0.669975101947784 0.665942311286926 0.651313006877899 0.655287384986877 0.638838529586792 0.389847755432129 -3.4e+38 -3.4e+38 -3.4e+38 -3.4e+38 -3.4e+38 -3.4e+38 -3.4e+38 -3.4e+38 -3.4e+38 -3.4e+38 -3.4e+38 -3.4e+38 -3.4e+38 -3.4e+38 -3.4e+38 -3.4e+38 -3.4e+38 -3.4e+38 -3.4e+38 -3.4e+38 -3.4e+38 -3.4e+38 -3.4e+38 -3.4e+38 -3.4e+38 -3.4e+38 -3.4e+38 -3.4e+38 -3.4e+38 -3.4e+38 -3.4e+38
-3.4e+38 0.372141629457474 0.460194170475006 0.389022201299667 0.314683765172958 -3.4e+38 0.377296358346939 0.550771713256836 0.67716509103775 0.700595378875732 0.594325363636017 0.410578936338425 0.540492653846741 0.687990188598633 0.677866458892822 0.681631684303284 0.664452493190765 0.604884028434753 0.588007509708405 0.54459947347641 0.429151505231857 -3.4e+38 -3.4e+38 -3.4e+38 -3.4e+38 -3.4e+38 -3.4e+38 -3.4e+38 -3.4e+38 -3.4e+38 -3.4e+38 -3.4e+38 -3.4e+38 -3.4e+38 -3.4e+38 -3.4e+38 -3.4e+38 -3.4e+38 -3.4e+38 -3.4e+38 -3.4e+38 -3.4e+38 -3.4e+38 -3.4e+38 -3.4e+38 -3.4e+38 -3.4e+38 -3.4e+38 -3.4e+38 -3.4e+38 -3.4e+38 -3.4e+38 -3.4e+38
-3.4e+38 -3.4e+38 0.368375062942505 0.489541828632355 0.432942777872086 0.324030756950378 0.568629264831543 0.664796829223633 0.664683640003204 0.689461350440979 0.696849822998047 0.698975801467896 0.681107223033905 0.672093510627747 0.682923913002014 0.67563408613205 0.665814220905304 0.6051265001297 0.396548360586166 0.427196353673935 0.372935026884079 -3.4e+38 -3.4e+38 -3.4e+38 -3.4e+38 -3.4e+38 -3.4e+38 -3.4e+38 -3.4e+38 -3.4e+38 -3.4e+38 -3.4e+38 -3.4e+38 -3.4e+38 -3.4e+38 -3.4e+38 -3.4e+38 -3.4e+38 -3.4e+38 -3.4e+38 -3.4e+38 -3.4e+38 -3.4e+38 -3.4e+38 -3.4e+38 -3.4e+38 -3.4e+38 -3.4e+38 -3.4e+38 -3.4e+38 -3.4e+38 -3.4e+38 -3.4e+38
-3.4e+38 -3.4e+38 -3.4e+38 -3.4e+38 0.374455571174622 0.499238431453705 0.593502283096313 0.618909955024719 0.617219984531403 0.550964295864105 0.653265178203583 0.61103743314743 0.620835423469543 0.617417216300964 0.633679807186127 0.668154656887054 0.584736526012421 0.455186426639557 0.393364429473877 0.356650024652481 0.354086101055145 -3.4e+38 -3.4e+38 -3.4e+38 -3.4e+38 -3.4e+38 -3.4e+38 -3.4e+38 -3.4e+38 -3.4e+38 -3.4e+38 -3.4e+38 -3.4e+38 -3.4e+38 -3.4e+38 -3.4e+38 -3.4e+38 -3.4e+38 -3.4e+38 -3.4e+38 -3.4e+38 -3.4e+38 -3.4e+38 -3.4e+38 -3.4e+38 -3.4e+38 -3.4e+38 -3.4e+38 -3.4e+38 -3.4e+38 -3.4e+38 -3.4e+38 -3.4e+38
