data/climate_estimation/maxent_output/Tricyrtis_macropoda.asc
NCOLS 176 
NROWS 88 
XLLCORNER 126.25 
YLLCORNER 32.5 
CELLSIZE 0.0833333333333333 
NODATA_value -3.4e+38 
[rows 66 to 87 of 88, columns 49 to 97 of 176]
-3.4e+38 -3.4e+38 -3.4e+38 -3.4e+38 -3.4e+38 -3.4e+38 0.431009888648987 0.491999626159668 0.657195031642914 0.657361328601837 0.691656768321991 0.714263558387756 0.744194746017456 0.756498396396637 0.760834991931915 0.762785673141479 0.770098924636841 0.755338072776794 0.740529000759125 0.763465762138367 0.764978647232056 0.758096516132355 0.750852465629578 0.541455209255219 0.565258264541626 0.384054869413376 0.590187251567841 0.73493480682373 0.667953789234161 0.333619505167007 0.377388268709183 0.322435408830643 0.345271050930023 0.310293465852737 0.271808177232742 -3.4e+38 -3.4e+38 -3.4e+38 0.253563910722733 0.221815273165703 0.226854175329208 0.0769186690449715 0.117935977876186 0.221675366163254 0.199992492794991 0.284284204244614 0.369933605194092 0.428127974271774 0.432110071182251
-3.4e+38 -3.4e+38 -3.4e+38 -3.4e+38 -3.4e+38 -3.4e+38 0.34701806306839 0.587345600128174 0.586812436580658 0.594506144523621 0.632316172122955 0.608644604682922 0.735567629337311 0.749640762805939 0.694995164871216 0.710013568401337 0.75842559337616 0.768527865409851 0.766145646572113 0.747603178024292 0.686057209968567 0.67610764503479 0.475690454244614 0.40934956073761 0.602301597595215 0.521709382534027 0.374174803495407 0.317513555288315 0.300604522228241 0.227423891425133 0.214255586266518 0.296134293079376 0.226373881101608 0.257469743490219 0.243112802505493 0.286449939012527 -3.4e+38 -3.4e+38 0.248669117689133 0.325119614601135 0.303318500518799 0.314801901578903 0.349100857973099 0.391498416662216 0.45653235912323 0.542384922504425 0.592267215251923 0.588487565517426 0.575714468955994
-3.4e+38 -3.4e+38 -3.4e+38 -3.4e+38 -3.4e+38 0.304044336080551 0.385523438453674 0.514876008033752 0.46466138958931 0.55023717880249 0.613613665103912 0.588527917861938 0.568214416503906 0.521451532840729 0.656938672065735 0.70607852935791 0.656526207923889 0.742997169494629 0.757352650165558 0.76127165555954 0.719451904296875 0.622154057025909 0.443645656108856 -3.4e+38 0.404606193304062 0.399230122566223 0.318276435136795 0.364586293697357 0.160299703478813 0.185738638043404 0.150850877165794 0.138505086302757 0.265239089727402 0.240800946950912 0.265203446149826 -3.4e+38 -3.4e+38 -3.4e+38 0.301664412021637 0.365017205476761 0.364737898111343 0.4874187707901 0.641759276390076 0.686489164829254 0.728050947189331 0.711125254631042 0.69394850730896 0.666677415370941 0.625174045562744
-3.4e+38 -3.4e+38 -3.4e+38 -3.4e+38 -3.4e+38 -3.4e+38 0.295572221279144 0.454414755105972 0.33748933672905 0.403832256793976 0.423932015895844 0.46593165397644 0.403363168239594 0.413331657648087 0.403406172990799 0.521776497364044 0.393845409154892 0.403758704662323 0.54429292678833 0.544327795505524 0.544072866439819 0.56677234172821 0.508819758892059 -3.4e+38 0.300355613231659 0.243896096944809 0.228328749537468 0.165549144148827 -3.4e+38 0.191667005419731 0.29234179854393 0.180568546056747 0.138097554445267 -3.4e+38 -3.4e+38 -3.4e+38 -3.4e+38 -3.4e+38 0.375314205884933 0.534829020500183 0.668319582939148 0.706939935684204 0.696897804737091 0.692492663860321 0.675412178039551 0.670439541339874 0.716484725475311 0.702181279659271 0.69080650806427
-3.4e+38 -3.4e+38 -3.4e+38 -3.4e+38 0.288479626178741 0.257490992546082 0.257096827030182 0.312078714370728 0.287445724010468 0.337275177240372 0.364507436752319 0.403339326381683 0.38346204161644 0.383536219596863 0.383722811937332 0.346412390470505 0.328736782073975 0.364722520112991 0.403158366680145 0.393111646175385 0.383030146360397 0.433003842830658 0.484040707349777 0.467962056398392 0.312589079141617 0.299985140562057 0.209513813257217 0.197651848196983 0.160681128501892 0.293099462985992 0.724605023860931 0.726683378219604 0.228325590491295 0.28888526558876 0.347096651792526 0.356204748153687 0.546076238155365 0.738075435161591 0.716481983661652 0.720059037208557 0.728502035140991 0.740002572536469 0.754656612873077 0.680205106735229 0.760173678398132 0.751862049102783 0.752876579761505 0.770484328269958 0.780945777893066
0.329050689935684 0.295564144849777 0.396063715219498 0.313463896512985 0.280543863773346 0.366653919219971 0.287451535463333 0.356250196695328 0.264504045248032 -3.4e+38 -3.4e+38 -3.4e+38 -3.4e+38 -3.4e+38 -3.4e+38 -3.4e+38 -3.4e+38 -3.4e+38 -3.4e+38 0.310733050107956 0.336173564195633 0.453449249267578 0.574041664600372 0.385114997625351 0.333851665258408 -3.4e+38 0.216945558786392 -3.4e+38 0.155974999070168 0.285517752170563 0.739811360836029 0.75712251663208 0.363227427005768 0.402290165424347 0.691978812217712 0.735669195652008 0.681005954742432 0.7236048579216 0.708878755569458 0.76602566242218 0.761531174182892 0.775879502296448 0.731055855751038 0.652600884437561 0.641663193702698 0.646726131439209 0.699552536010742 0.723953485488892 0.759520769119263
-3.4e+38 0.303756386041641 0.338808417320251 0.386113524436951 0.296190738677979 0.627950489521027 0.501469433307648 0.374812811613083 0.279313147068024 -3.4e+38 -3.4e+38 -3.4e+38 -3.4e+38 -3.4e+38 -3.4e+38 -3.4e+38 -3.4e+38 -3.4e+38 -3.4e+38 0.422287404537201 0.316646367311478 0.342629045248032 0.410777479410172 0.298853665590286 -3.4e+38 -3.4e+38 -3.4e+38 -3.4e+38 0.160772353410721 0.192210018634796 0.402205049991608 0.72895884513855 0.736471712589264 0.682704269886017 0.645161509513855 0.646187841892242 0.696431696414948 0.730600774288177 0.783996641635895 0.789921760559082 0.780168533325195 0.759127140045166 0.683903574943542 0.652371346950531 0.667214810848236 0.714447736740112 0.743680834770203 0.767800509929657 0.765903234481812
0.419307291507721 0.311712563037872 0.628040492534637 0.436488717794418 0.338473588228226 0.559192597866058 0.535510301589966 0.303242594003677 0.302868813276291 -3.4e+38 -3.4e+38 -3.4e+38 -3.4e+38 -3.4e+38 0.336363911628723 0.317285984754562 0.317343443632126 -3.4e+38 -3.4e+38 -3.4e+38 -3.4e+38 0.309075951576233 -3.4e+38 -3.4e+38 -3.4e+38 -3.4e+38 -3.4e+38 0.498762041330338 0.589767396450043 0.718284547328949 0.745941281318665 0.72614997625351 0.718818485736847 0.649474561214447 0.683693587779999 0.722256660461426 0.71545022726059 0.783594608306885 0.783907830715179 0.777553677558899 0.767191827297211 0.748720049858093 0.775424838066101 0.748561978340149 0.69496750831604 0.709032595157623 0.74166464805603 0.762337505817413 0.759106040000916
0.418815493583679 0.471375286579132 0.620943188667297 0.548130989074707 0.365671515464783 0.395002245903015 0.446128159761429 0.466817885637283 0.433868736028671 0.335920602083206 0.301472187042236 0.301520526409149 -3.4e+38 0.327435374259949 0.50975888967514 0.5096195936203 0.31352236866951 -3.4e+38 -3.4e+38 -3.4e+38 -3.4e+38 -3.4e+38 -3.4e+38 -3.4e+38 -3.4e+38 0.389547735452652 0.697835564613342 0.720337748527527 0.686625599861145 0.748543977737427 0.740424394607544 0.745799839496613 0.711085796356201 0.736792206764221 0.7481649518013 0.785534083843231 0.786902904510498 0.778563320636749 0.774625778198242 0.698457598686218 0.678247392177582 0.748961865901947 0.77219033241272 0.763156533241272 0.737757325172424 0.740880250930786 0.756947219371796 0.660890102386475 0.54797089099884
0.539724946022034 0.287182658910751 0.582252264022827 0.649238705635071 0.490930467844009 0.57101172208786 0.683489501476288 0.769782900810242 0.766778707504272 0.603587567806244 0.38236328959465 0.327197283506393 0.335946530103683 0.422699093818665 0.554353713989258 0.646594941616058 0.339408844709396 -3.4e+38 -3.4e+38 -3.4e+38 -3.4e+38 -3.4e+38 -3.4e+38 -3.4e+38 0.615038812160492 0.674899876117706 0.409959942102432 0.452179938554764 0.604251146316528 0.747707843780518 0.685021638870239 0.68315464258194 0.724187612533569 0.738017439842224 0.771108567714691 0.635575950145721 0.613252222537994 0.498659193515778 0.424150407314301 0.413612574338913 0.44362410902977 0.587493121623993 0.696453392505646 0.729243755340576 0.753367900848389 0.747710108757019 0.746350169181824 0.514420449733734 0.437569916248322
0.749116241931915 0.626257598400116 0.376253247261047 0.458308130502701 0.684921860694885 0.76946884393692 0.775574266910553 0.772698044776917 0.776302099227905 0.660473048686981 0.636139571666718 0.590166091918945 0.532718420028687 0.543060719966888 0.552268445491791 0.452081918716431 0.31340953707695 -3.4e+38 -3.4e+38 -3.4e+38 -3.4e+38 0.268402934074402 0.452152073383331 0.316192924976349 0.333394169807434 0.55485999584198 0.592167854309082 0.580967128276825 0.58137309551239 0.737935364246368 0.69320148229599 0.699284791946411 0.692523062229156 0.72724711894989 0.765595376491547 0.700912058353424 0.488806307315826 0.424780428409576 0.384829968214035 -3.4e+38 -3.4e+38 -3.4e+38 0.452048808336258 0.625122368335724 0.640758037567139 0.735142707824707 0.693232834339142 0.474061816930771 -3.4e+38
0.681336104869843 0.526794135570526 0.313546389341354 0.313377916812897 0.321829289197922 0.514133155345917 0.583732128143311 0.749704897403717 0.763335645198822 0.762560069561005 0.763994872570038 0.745266079902649 0.713408291339874 0.7017822265625 0.386636227369308 0.255208313465118 0.254963487386703 -3.4e+38 -3.4e+38 -3.4e+38 0.253905594348907 0.361616224050522 0.260911285877228 -3.4e+38 0.316336631774902 0.550761342048645 0.641001999378204 0.582747638225555 0.595091104507446 0.665608644485474 0.720262229442596 0.73313319683075 0.729466915130615 0.655303478240967 0.709894418716431 0.43567430973053 0.425444364547729 0.36640876531601 -3.4e+38 -3.4e+38 -3.4e+38 -3.4e+38 -3.4e+38 -3.4e+38 0.58827143907547 0.641778826713562 0.51423567533493 -3.4e+38 -3.4e+38
0.251368671655655 0.265939801931381 0.322575092315674 0.573407649993896 0.727005898952484 0.742243766784668 0.722887456417084 0.525084316730499 0.7554612159729 0.765584826469421 0.775920927524567 0.749435424804688 0.752528548240662 0.752374589443207 0.35813981294632 0.194367408752441 0.20875084400177 -3.4e+38 0.296006768941879 0.243258386850357 -3.4e+38 -3.4e+38 -3.4e+38 -3.4e+38 0.380957990884781 0.570686280727386 0.654044806957245 0.571520447731018 0.525000035762787 0.665875136852264 0.720283448696136 0.643192946910858 0.688648641109467 0.759103536605835 0.664948523044586 0.402456939220428 -3.4e+38 -3.4e+38 -3.4e+38 -3.4e+38 -3.4e+38 -3.4e+38 -3.4e+38 -3.4e+38 -3.4e+38 0.435508847236633 0.398250073194504 -3.4e+38 -3.4e+38
0.230711475014687 0.244206413626671 0.281344264745712 0.417627573013306 0.709328174591064 0.784200489521027 0.762701749801636 0.779553234577179 0.780478000640869 0.758520245552063 0.770478904247284 0.743775069713593 0.769954442977905 0.61694198846817 0.335680693387985 0.231349751353264 0.273502558469772 0.415776878595352 0.321391940116882 -3.4e+38 -3.4e+38 -3.4e+38 -3.4e+38 0.525335431098938 0.458933681249619 0.459275633096695 0.584557950496674 0.723062694072723 0.745621621608734 0.726889908313751 0.748451471328735 0.753725290298462 0.754350423812866 0.734245657920837 0.665771305561066 0.358011960983276 -3.4e+38 -3.4e+38 -3.4e+38 -3.4e+38 -3.4e+38 -3.4e+38 -3.4e+38 -3.4e+38 -3.4e+38 -3.4e+38 0.310033470392227 -3.4e+38 -3.4e+38
0.223706588149071 0.236901924014091 0.397535592317581 0.539360046386719 0.586515009403229 0.782852649688721 0.767923295497894 0.782644689083099 0.779122114181519 0.754989683628082 0.666451811790466 0.669462323188782 0.771267175674438 0.744130194187164 0.713606178760529 0.437196791172028 0.416274338960648 0.3441102206707 0.335244596004486 0.257924437522888 0.257941156625748 -3.4e+38 -3.4e+38 0.470106780529022 -3.4e+38 0.631264984607697 0.641436457633972 0.681195914745331 0.765216052532196 0.707792937755585 0.763976156711578 0.748956680297852 0.746486365795135 0.56831306219101 0.400604724884033 -3.4e+38 -3.4e+38 -3.4e+38 -3.4e+38 -3.4e+38 -3.4e+38 -3.4e+38 -3.4e+38 -3.4e+38 -3.4e+38 -3.4e+38 -3.4e+38 -3.4e+38 -3.4e+38
-3.4e+38 0.230140089988708 0.314111202955246 0.28970143198967 0.350128829479218 0.563329637050629 0.770774304866791 0.768280684947968 0.76341587305069 0.756153047084808 0.726715207099915 0.755590677261353 0.767181098461151 0.75018709897995 0.585628807544708 0.377075761556625 0.411851793527603 0.620116353034973 0.509973466396332 0.301112174987793 0.273005098104477 -3.4e+38 -3.4e+38 -3.4e+38 0.493130892515182 0.561275720596313 0.760801017284393 0.656879961490631 0.746758282184601 0.729637801647186 0.622031211853027 0.545744895935059 0.511502265930176 0.438305765390396 -3.4e+38 -3.4e+38 -3.4e+38 -3.4e+38 -3.4e+38 -3.4e+38 -3.4e+38 -3.4e+38 -3.4e+38 -3.4e+38 -3.4e+38 -3.4e+38 -3.4e+38 -3.4e+38 -3.4e+38
-3.4e+38 0.223579600453377 0.297654718160629 0.298054397106171 0.266987442970276 0.282327473163605 0.563195824623108 0.754652202129364 0.779851496219635 0.777008235454559 0.755772709846497 0.769632399082184 0.713139653205872 0.587962925434113 0.564774036407471 0.656326830387115 0.644371271133423 0.544356465339661 0.323126226663589 0.349495053291321 0.509520709514618 0.469602197408676 -3.4e+38 -3.4e+38 -3.4e+38 0.616889536380768 0.548307836055756 0.615149557590485 0.597082018852234 0.558026611804962 0.576431155204773 0.457500964403152 0.357022613286972 -3.4e+38 -3.4e+38 -3.4e+38 -3.4e+38 -3.4e+38 -3.4e+38 -3.4e+38 -3.4e+38 -3.4e+38 -3.4e+38 -3.4e+38 -3.4e+38 -3.4e+38 -3.4e+38 -3.4e+38 -3.4e+38
0.21130383014679 0.211370557546616 0.199938103556633 0.389451563358307 0.275220543146133 0.298642456531525 0.398555099964142 0.766530096530914 0.762937009334564 0.734293401241302 0.740202784538269 0.759064555168152 0.7532919049263 0.758788228034973 0.726442217826843 0.692076146602631 0.609522700309753 0.561369359493256 0.52398693561554 0.501263678073883 0.498776346445084 -3.4e+38 -3.4e+38 -3.4e+38 -3.4e+38 0.541782736778259 0.458417415618896 0.432059317827225 0.540982782840729 0.67402845621109 0.712112367153168 0.502644240856171 0.362482368946075 -3.4e+38 -3.4e+38 -3.4e+38 -3.4e+38 -3.4e+38 -3.4e+38 -3.4e+38 -3.4e+38 -3.4e+38 -3.4e+38 -3.4e+38 -3.4e+38 -3.4e+38 -3.4e+38 -3.4e+38 -3.4e+38
0.274814516305923 -3.4e+38 -3.4e+38 0.333488553762436 0.226028338074684 0.246155619621277 0.564861118793488 0.764646470546722 0.759596168994904 0.762831151485443 0.766684114933014 0.728966414928436 0.692521989345551 0.682019948959351 0.73175460100174 0.646602392196655 0.610737025737762 0.587363600730896 0.513237178325653 0.619171023368835 0.631365716457367 -3.4e+38 -3.4e+38 -3.4e+38 -3.4e+38 0.417050212621689 -3.4e+38 0.521980047225952 0.538603007793427 0.549523711204529 0.49917459487915 0.421451300382614 0.367282330989838 -3.4e+38 -3.4e+38 -3.4e+38 -3.4e+38 -3.4e+38 -3.4e+38 -3.4e+38 -3.4e+38 -3.4e+38 -3.4e+38 -3.4e+38 -3.4e+38 -3.4e+38 -3.4e+38 -3.4e+38 -3.4e+38
0.231762945652008 -3.4e+38 0.33412566781044 0.239484786987305 0.226259246468544 0.268054306507111 0.669634878635406 0.775353610515594 0.776927173137665 0.776968777179718 0.772390723228455 0.759015679359436 0.757827281951904 0.714385271072388 0.706877768039703 0.659930288791656 0.492630630731583 0.514144003391266 0.597581148147583 -3.4e+38 -3.4e+38 -3.4e+38 -3.4e+38 -3.4e+38 -3.4e+38 -3.4e+38 0.53527957201004 -3.4e+38 -3.4e+38 0.357241272926331 -3.4e+38 0.428457647562027 0.403705894947052 -3.4e+38 -3.4e+38 -3.4e+38 -3.4e+38 -3.4e+38 -3.4e+38 -3.4e+38 -3.4e+38 -3.4e+38 -3.4e+38 -3.4e+38 -3.4e+38 -3.4e+38 -3.4e+38 -3.4e+38 -3.4e+38
0.225733563303947 0.239478603005409 0.29197633266449 0.292024970054626 0.260962247848511 0.410974025726318 0.658668637275696 0.779812812805176 0.734887063503265 0.719365000724792 0.720713794231415 0.739284634590149 0.751277685165405 0.685951471328735 0.637914776802063 0.516814470291138 0.563216924667358 0.478033363819122 0.451356798410416 -3.4e+38 -3.4e+38 -3.4e+38 -3.4e+38 -3.4e+38 -3.4e+38 -3.4e+38 -3.4e+38 -3.4e+38 -3.4e+38 -3.4e+38 -3.4e+38 -3.4e+38 -3.4e+38 -3.4e+38 -3.4e+38 -3.4e+38 -3.4e+38 -3.4e+38 -3.4e+38 -3.4e+38 -3.4e+38 -3.4e+38 -3.4e+38 -3.4e+38 -3.4e+38 -3.4e+38 -3.4e+38 -3.4e+38 -3.4e+38
0.226305738091469 0.226181849837303 0.21998655796051 0.226628050208092 0.411745935678482 0.765761852264404 0.718229472637177 0.664116561412811 0.622919201850891 0.635627448558807 0.714408755302429 0.764023423194885 0.758940398693085 0.664851069450378 0.398425370454788 0.567209124565125 0.437856525182724 -3.4e+38 -3.4e+38 -3.4e+38 -3.4e+38 -3.4e+38 -3.4e+38 -3.4e+38 -3.4e+38 -3.4e+38 -3.4e+38 -3.4e+38 -3.4e+38 -3.4e+38 -3.4e+38 -3.4e+38 -3.4e+38 -3.4e+38 -3.4e+38 -3.4e+38 -3.4e+38 -3.4e+38 -3.4e+38 -3.4e+38 -3.4e+38 -3.4e+38 -3.4e+38 -3.4e+38 -3.4e+38 -3.4e+38 -3.4e+38 -3.4e+38 -3.4e+38
