data/climate_estimation/maxent_output/Tricyrtis_affinis.asc
NCOLS 139 
NROWS 110 
XLLCORNER 130.666666666667 
YLLCORNER 31.5 
CELLSIZE 0.0833333333333334 
NODATA_value -3.4e+38 
[rows 44 to 65 of 110, columns 50 to 99 of 139]
-3.4e+38 -3.4e+38 -3.4e+38 -3.4e+38 -3.4e+38 -3.4e+38 -3.4e+38 -3.4e+38 -3.4e+38 -3.4e+38 -3.4e+38 -3.4e+38 -3.4e+38 -3.4e+38 -3.4e+38 -3.4e+38 -3.4e+38 -3.4e+38 -3.4e+38 -3.4e+38 -3.4e+38 -3.4e+38 -3.4e+38 0.455778688192368 0.480401605367661 0.528522491455078 0.485948592424393 -3.4e+38 -3.4e+38 -3.4e+38 -3.4e+38 0.442245453596115 0.443808734416962 0.51321417093277 0.535760164260864 0.543399512767792 0.485100746154785 0.71618640422821 0.647685348987579 0.688153386116028 0.490637063980103 0.490413129329681 0.575105488300323 0.545642793178558 0.54033100605011 0.542563557624817 0.590805888175964 0.556921482086182 0.574505031108856 0.611408054828644
-3.4e+38 -3.4e+38 -3.4e+38 -3.4e+38 -3.4e+38 -3.4e+38 -3.4e+38 -3.4e+38 -3.4e+38 -3.4e+38 -3.4e+38 -3.4e+38 -3.4e+38 -3.4e+38 -3.4e+38 -3.4e+38 -3.4e+38 -3.4e+38 -3.4e+38 -3.4e+38 -3.4e+38 -3.4e+38 -3.4e+38 0.445509552955627 0.489321261644363 0.456113994121552 0.449148684740067 -3.4e+38 -3.4e+38 -3.4e+38 0.422161847352982 0.443339288234711 0.462889015674591 0.731962263584137 0.619898855686188 0.690938711166382 0.731214821338654 0.663420915603638 0.529211819171906 0.581210136413574 0.734688401222229 0.727745711803436 0.458130270242691 0.690683424472809 0.609521329402924 0.667546808719635 0.546884477138519 0.697449207305908 0.699788391590118 0.584989845752716
-3.4e+38 -3.4e+38 -3.4e+38 -3.4e+38 -3.4e+38 -3.4e+38 -3.4e+38 -3.4e+38 -3.4e+38 -3.4e+38 -3.4e+38 -3.4e+38 -3.4e+38 -3.4e+38 -3.4e+38 -3.4e+38 -3.4e+38 -3.4e+38 -3.4e+38 -3.4e+38 -3.4e+38 -3.4e+38 0.430853217840195 0.499852746725082 0.498916655778885 0.449390292167664 0.441544234752655 0.430122494697571 0.430293798446655 0.409747034311295 0.427099019289017 0.457735419273376 0.727029919624329 0.732490599155426 0.497170120477676 0.454834669828415 0.693918585777283 0.6818927526474 0.535982489585876 0.617396235466003 0.703011214733124 0.658426582813263 0.708979189395905 0.654832184314728 0.523356795310974 0.567521929740906 0.518557727336884 0.603316187858582 0.611373484134674 0.709593117237091
-3.4e+38 -3.4e+38 -3.4e+38 -3.4e+38 -3.4e+38 -3.4e+38 -3.4e+38 -3.4e+38 -3.4e+38 -3.4e+38 -3.4e+38 -3.4e+38 -3.4e+38 -3.4e+38 -3.4e+38 -3.4e+38 -3.4e+38 -3.4e+38 -3.4e+38 -3.4e+38 -3.4e+38 0.391637295484543 0.390516102313995 0.463577568531036 0.455325454473495 0.427537947893143 0.426116913557053 0.424449771642685 0.421488583087921 0.403359264135361 0.420719474554062 0.746450364589691 0.66439962387085 0.633425831794739 0.520959973335266 0.53566986322403 0.725350081920624 0.693892598152161 0.699099242687225 0.688170373439789 0.504005372524261 0.307346820831299 0.62705397605896 0.610341906547546 0.468673527240753 0.533886015415192 0.548017382621765 0.659879982471466 0.717508733272552 0.737844526767731
-3.4e+38 -3.4e+38 -3.4e+38 -3.4e+38 -3.4e+38 -3.4e+38 -3.4e+38 -3.4e+38 -3.4e+38 -3.4e+38 -3.4e+38 -3.4e+38 -3.4e+38 -3.4e+38 -3.4e+38 -3.4e+38 -3.4e+38 -3.4e+38 -3.4e+38 -3.4e+38 -3.4e+38 0.326899439096451 0.389667183160782 0.45078319311142 0.426671355962753 0.423953026533127 0.441486984491348 0.418927520513535 0.399884164333344 0.421868979930878 0.472474098205566 0.747259259223938 0.603517472743988 0.444738417863846 0.495014190673828 0.538358211517334 0.724351465702057 0.658270239830017 0.596556484699249 0.33138245344162 0.152826368808746 0.353960007429123 0.689567089080811 0.520440638065338 0.497950434684753 0.667772769927979 0.676789343357086 0.729467868804932 0.734061598777771 0.723314464092255
-3.4e+38 -3.4e+38 -3.4e+38 -3.4e+38 -3.4e+38 -3.4e+38 -3.4e+38 -3.4e+38 -3.4e+38 -3.4e+38 -3.4e+38 -3.4e+38 -3.4e+38 -3.4e+38 -3.4e+38 -3.4e+38 -3.4e+38 -3.4e+38 -3.4e+38 -3.4e+38 0.344721406698227 0.368161827325821 0.440578639507294 0.513091623783112 0.428974360227585 0.479122668504715 0.537156283855438 0.470593392848969 0.463316977024078 0.761892020702362 0.74639755487442 0.668525457382202 0.535792112350464 0.429121673107147 0.435366839170456 0.680154383182526 0.724333167076111 0.455478847026825 0.506822228431702 0.15653632581234 0.400322645902634 0.66529780626297 0.538333415985107 0.550044238567352 0.67258483171463 0.695973992347717 0.712348759174347 0.724956214427948 0.731983244419098 0.73497486114502
-3.4e+38 -3.4e+38 -3.4e+38 -3.4e+38 -3.4e+38 -3.4e+38 -3.4e+38 -3.4e+38 -3.4e+38 -3.4e+38 -3.4e+38 -3.4e+38 -3.4e+38 -3.4e+38 -3.4e+38 -3.4e+38 -3.4e+38 -3.4e+38 -3.4e+38 0.344113260507584 0.367893725633621 0.475095361471176 0.527605414390564 0.553502023220062 0.774209201335907 0.771590411663055 0.765893936157227 0.730742633342743 0.76471471786499 0.751600384712219 0.632764160633087 0.585034310817719 0.382590502500534 0.367791146039963 0.497335314750671 0.67281436920166 0.509548664093018 0.351317793130875 0.698720574378967 0.422860026359558 0.472620278596878 0.695590257644653 0.581025660037994 0.56814056634903 0.609869420528412 0.613882541656494 0.687129139900208 0.686210513114929 0.687001764774323 0.735192477703094
-3.4e+38 -3.4e+38 -3.4e+38 -3.4e+38 -3.4e+38 -3.4e+38 -3.4e+38 -3.4e+38 -3.4e+38 -3.4e+38 -3.4e+38 -3.4e+38 -3.4e+38 -3.4e+38 -3.4e+38 -3.4e+38 -3.4e+38 0.365125179290771 0.34334522485733 0.343709498643875 0.444844722747803 0.504891037940979 0.759425163269043 0.728215098381042 0.767877340316772 0.725980818271637 0.671342968940735 0.717152893543243 0.755059719085693 0.74694550037384 0.69977867603302 0.584482789039612 0.396382510662079 0.356738477945328 0.400422811508179 0.636106073856354 0.362282693386078 0.367737025022507 0.701463341712952 0.41611984372139 0.150920808315277 0.167398884892464 0.696163952350616 0.578694343566895 0.564903378486633 0.631525099277496 0.654848575592041 0.394283145666122 0.698141396045685 0.680426478385925
-3.4e+38 -3.4e+38 -3.4e+38 -3.4e+38 -3.4e+38 -3.4e+38 -3.4e+38 -3.4e+38 -3.4e+38 -3.4e+38 -3.4e+38 -3.4e+38 -3.4e+38 -3.4e+38 -3.4e+38 -3.4e+38 0.342973947525024 0.410608857870102 0.391372621059418 0.463529080152512 0.505044639110565 0.554236590862274 0.754203319549561 0.644764125347137 0.753761768341064 0.665415167808533 0.724833190441132 0.774274885654449 0.730643451213837 0.756673693656921 0.748615086078644 0.689806759357452 0.500478148460388 0.408939749002457 0.410724222660065 0.595813810825348 0.431241720914841 0.385968804359436 0.670858860015869 0.683050155639648 0.548626720905304 0.320528149604797 0.319571793079376 0.318015813827515 0.682413101196289 0.674829602241516 0.318664610385895 0.429271161556244 0.677657246589661 0.638213217258453
-3.4e+38 -3.4e+38 -3.4e+38 -3.4e+38 -3.4e+38 -3.4e+38 -3.4e+38 -3.4e+38 -3.4e+38 -3.4e+38 -3.4e+38 -3.4e+38 -3.4e+38 -3.4e+38 -3.4e+38 0.360298901796341 0.342796385288239 0.449577122926712 0.520883560180664 0.546911239624023 0.755150139331818 0.764362037181854 0.59586900472641 0.537615776062012 0.681034326553345 0.609042346477509 0.726921141147614 0.733616292476654 0.777339339256287 0.758609056472778 0.727686762809753 0.640247285366058 0.575831055641174 0.492833882570267 0.495179146528244 0.663506746292114 0.545369684696198 0.303967177867889 0.678660094738007 0.537077665328979 0.675088405609131 0.674485146999359 0.684712946414948 0.400929033756256 0.673026740550995 0.67607581615448 0.300181150436401 0.359980285167694 0.516318619251251 0.641846001148224
-3.4e+38 -3.4e+38 -3.4e+38 -3.4e+38 -3.4e+38 -3.4e+38 -3.4e+38 -3.4e+38 -3.4e+38 -3.4e+38 -3.4e+38 -3.4e+38 -3.4e+38 -3.4e+38 0.490239679813385 0.443791836500168 0.321887642145157 0.40876904129982 0.531037330627441 0.555423617362976 0.767963528633118 0.729685604572296 0.628803730010986 0.463217675685883 0.631010770797729 0.706857621669769 0.697648346424103 0.732042729854584 0.767282962799072 0.766117930412292 0.72510176897049 0.58707469701767 0.370103925466537 0.533256411552429 0.615817904472351 0.587148547172546 0.722406089305878 0.700195968151093 0.655846118927002 0.607213139533997 0.563521921634674 0.50222235918045 0.577146470546722 0.652407169342041 0.650119066238403 0.651900470256805 0.651712238788605 0.68120414018631 0.695772886276245 0.581883132457733
-3.4e+38 -3.4e+38 -3.4e+38 -3.4e+38 -3.4e+38 -3.4e+38 -3.4e+38 -3.4e+38 -3.4e+38 -3.4e+38 -3.4e+38 -3.4e+38 -3.4e+38 -3.4e+38 0.513748407363892 0.444879740476608 0.317847102880478 0.430279642343521 0.493521243333817 0.472529292106628 0.511864602565765 0.709094703197479 0.681135237216949 0.610059499740601 0.691772401332855 0.731314778327942 0.683290243148804 0.702496349811554 0.714266836643219 0.745335638523102 0.700671017169952 0.661187648773193 0.565517067909241 0.533456921577454 0.543986678123474 0.553772449493408 0.685496747493744 0.711309254169464 0.719098627567291 0.709454715251923 0.678936004638672 0.53458446264267 0.439449369907379 0.63893985748291 0.643135786056519 0.562758922576904 0.653439044952393 0.674146711826324 0.706541776657104 0.530404388904572
-3.4e+38 -3.4e+38 -3.4e+38 -3.4e+38 -3.4e+38 -3.4e+38 -3.4e+38 -3.4e+38 -3.4e+38 -3.4e+38 -3.4e+38 -3.4e+38 -3.4e+38 0.50150203704834 0.485155403614044 0.385421365499496 0.358024924993515 0.4684779047966 0.500189960002899 0.501184821128845 0.490507394075394 0.783594071865082 0.740986943244934 0.730439603328705 0.761139035224915 0.678520202636719 0.679465115070343 0.722742438316345 0.75593900680542 0.743896007537842 0.642817974090576 0.526138126850128 0.600416898727417 0.627971529960632 0.594539701938629 0.6734699010849 0.602416038513184 0.717297852039337 0.701046228408813 0.669958770275116 0.696485996246338 0.580501794815063 0.418635964393616 0.579482972621918 0.587951064109802 0.544184982776642 0.509007155895233 0.619848668575287 0.699703514575958 0.725390672683716
-3.4e+38 -3.4e+38 -3.4e+38 -3.4e+38 -3.4e+38 -3.4e+38 -3.4e+38 -3.4e+38 -3.4e+38 -3.4e+38 -3.4e+38 -3.4e+38 -3.4e+38 -3.4e+38 0.475151807069778 0.446077167987823 0.431660443544388 0.489822924137115 0.542442202568054 0.735641419887543 0.769232630729675 0.759024262428284 0.766880393028259 0.744544923305511 0.801565825939178 0.745846450328827 0.766142249107361 0.751907289028168 0.775121986865997 0.699820399284363 0.599021017551422 0.421927392482758 0.57461279630661 0.697702407836914 0.709246873855591 0.624022960662842 0.613041639328003 0.736722886562347 0.713399350643158 0.637569606304169 0.597395181655884 0.702598094940186 0.687071263790131 0.682042062282562 0.611103475093842 0.434236586093903 0.453154146671295 0.53134948015213 0.545055091381073 0.612921237945557
-3.4e+38 -3.4e+38 -3.4e+38 -3.4e+38 0.414065062999725 0.236140698194504 -3.4e+38 -3.4e+38 -3.4e+38 -3.4e+38 -3.4e+38 -3.4e+38 -3.4e+38 -3.4e+38 0.397250205278397 0.48402738571167 0.457539558410645 0.529267311096191 0.760114252567291 0.728709936141968 0.737269520759583 0.748608410358429 0.724918961524963 0.746207654476166 0.790120303630829 0.789266407489777 0.785941898822784 0.783214509487152 0.778995394706726 0.753954350948334 0.608050167560577 0.617778480052948 0.664136528968811 0.702359080314636 0.712348461151123 0.405546754598618 0.566922307014465 0.739506602287292 0.711422383785248 0.631023168563843 0.471763849258423 0.684063673019409 0.725630760192871 0.728176176548004 0.660395979881287 0.589113473892212 0.662298381328583 0.607248842716217 0.643195152282715 0.694024741649628
-3.4e+38 0.332282900810242 0.272900313138962 0.363490045070648 0.456635922193527 0.304934799671173 -3.4e+38 0.22478075325489 -3.4e+38 -3.4e+38 -3.4e+38 -3.4e+38 -3.4e+38 0.421979397535324 0.442652344703674 0.496605813503265 0.770216882228851 0.74553656578064 0.745203852653503 0.782293677330017 0.766633689403534 0.776104092597961 0.764060318470001 0.792888998985291 0.790500938892365 0.781725525856018 0.786789894104004 0.771495044231415 0.772547721862793 0.771002590656281 0.751857101917267 0.687567830085754 0.611710011959076 0.7036372423172 0.72306227684021 0.427989095449448 0.666380882263184 0.744869649410248 0.661098003387451 0.551892638206482 0.366092890501022 0.446471661329269 0.671585142612457 0.657010614871979 0.711583375930786 0.725965023040771 0.707111120223999 0.680437386035919 0.577453076839447 0.704028844833374
0.280262172222137 0.291680455207825 0.311454325914383 0.418773114681244 0.444953560829163 0.226795226335526 -3.4e+38 0.237642005085945 -3.4e+38 -3.4e+38 -3.4e+38 0.258216142654419 0.269196629524231 0.390302687883377 0.414402842521667 0.466391563415527 0.774932146072388 0.746735632419586 0.765352308750153 0.772095143795013 0.772507190704346 0.788269698619843 0.793052017688751 0.785585582256317 0.79263699054718 0.70631617307663 0.702585995197296 0.761909425258636 0.759787857532501 0.771761476993561 0.761998057365417 0.765020966529846 0.736296594142914 0.748554408550262 0.614616334438324 0.504265546798706 0.720936000347137 0.748747229576111 0.676816344261169 0.507573425769806 0.357265532016754 0.526864767074585 0.637339413166046 0.638078272342682 0.474228292703629 0.589168429374695 0.73369312286377 0.698128819465637 0.709734916687012 0.734385192394257
0.311333298683167 0.424387514591217 0.420138239860535 0.300418436527252 0.296800643205643 0.338472366333008 0.397475481033325 0.393370687961578 0.207599699497223 0.313022315502167 0.374060660600662 0.290320456027985 0.310600936412811 0.743813812732697 0.586478531360626 0.701637208461761 0.686940789222717 0.770261287689209 0.736887812614441 0.769785821437836 0.769309997558594 0.69534832239151 0.631805539131165 0.514432013034821 0.490095257759094 0.510660588741302 0.600188374519348 0.73437362909317 0.76458615064621 0.771692335605621 0.766241014003754 0.743683397769928 0.754608631134033 0.720134079456329 0.660755038261414 0.731497943401337 0.743195950984955 0.728879928588867 0.645434319972992 0.454006880521774 0.377890557050705 0.584843456745148 0.649999737739563 0.688813209533691 0.735014617443085 0.715371012687683 0.665265381336212 0.673123180866241 0.730471432209015 0.721863567829132
0.353325575590134 0.399625986814499 0.513572454452515 0.508293569087982 0.431960493326187 0.298280417919159 0.315560162067413 0.467452228069305 0.407993137836456 0.394253134727478 0.371876448392868 0.438464343547821 0.646403551101685 0.575382173061371 0.640583693981171 0.599690556526184 0.515882730484009 0.469702482223511 0.760553121566772 0.768890023231506 0.713882565498352 0.461220949888229 0.409167945384979 0.413688212633133 0.394034713506699 0.393475025892258 0.393019080162048 0.518075048923492 0.747051000595093 0.756073832511902 0.736078083515167 0.749594032764435 0.740375995635986 0.620061814785004 0.736119091510773 0.752378165721893 0.756304740905762 0.676679372787476 0.529635369777679 0.385584354400635 0.458618134260178 0.583603620529175 0.730871081352234 0.704241156578064 0.712527871131897 0.687170028686523 0.660708069801331 0.694523572921753 0.67913556098938 0.688596487045288
0.502232193946838 0.539244592189789 0.509607911109924 0.35110530257225 0.305034101009369 0.367380261421204 0.470949828624725 0.526630043983459 0.557157814502716 0.536724507808685 0.537164866924286 0.768824219703674 0.766748130321503 0.471684098243713 0.329382747411728 0.308127164840698 0.309176534414291 0.552116990089417 0.710596024990082 0.7315713763237 0.567229151725769 0.413439333438873 0.367952167987823 0.32629132270813 0.332621306180954 0.382872819900513 0.466692447662354 0.488299816846848 0.556495726108551 0.735945761203766 0.766319334506989 0.7640340924263 0.687107563018799 0.599216639995575 0.691884636878967 0.75771027803421 0.746562659740448 0.702123463153839 0.597615838050842 0.453703761100769 0.53008371591568 0.64157372713089 0.70731508731842 0.733366370201111 0.691424608230591 0.695398807525635 0.399548590183258 0.528680920600891 0.696151971817017 0.726813614368439
0.485412687063217 0.491441160440445 0.37067174911499 0.270137876272202 0.279818564653397 0.359686940908432 0.47236841917038 0.759683966636658 0.74750953912735 0.770292043685913 0.762865960597992 0.756929159164429 0.76243782043457 0.749848365783691 0.478979140520096 0.476769864559174 0.496793448925018 0.664380431175232 0.773665368556976 0.759226858615875 0.748165786266327 0.400536119937897 0.374731540679932 0.332853615283966 0.298742592334747 0.308914452791214 0.417018502950668 0.549807965755463 0.746971249580383 0.762149512767792 0.762106895446777 0.765746057033539 0.751458585262299 0.704900026321411 0.708906233310699 0.752704262733459 0.744663536548615 0.688401401042938 0.525175929069519 0.536114990711212 0.629571735858917 0.596509635448456 0.697415053844452 0.727200865745544 0.730817377567291 0.728055596351624 0.657953023910522 0.649826943874359 0.718412518501282 0.712685942649841
0.759893119335175 0.744898498058319 0.62611311674118 0.513627469539642 0.590553164482117 0.652769148349762 0.669328272342682 0.686610460281372 0.718870997428894 0.73434978723526 0.764553129673004 0.751498758792877 0.754098832607269 0.455359041690826 0.429354965686798 0.448021173477173 0.493196815252304 0.658976852893829 0.758770227432251 0.764318704605103 0.760246932506561 0.566444933414459 0.383124202489853 0.34090980887413 0.290818274021149 0.277862280607224 0.342457979917526 0.591707706451416 0.688100337982178 0.689819693565369 0.754665732383728 0.760028064250946 0.742402672767639 0.7154660820961 0.71565717458725 0.739467561244965 0.736145794391632 0.699493408203125 0.57616138458252 0.679997682571411 0.698935151100159 0.704661548137665 0.711310267448425 0.728634893894196 0.645646870136261 0.583008587360382 0.673894703388214 0.69243973493576 0.679522633552551 0.67808735370636
