data/climate_estimation/maxent_output/Tricyrtis_latifolia.asc
NCOLS 92 
NROWS 77 
XLLCORNER 133.916666666667 
YLLCORNER 33.5833333333333 
CELLSIZE 0.0833333333333332 
NODATA_value -3.4e+38 
[rows 42 to 62 of 77, columns 0 to 47 of 92]
-3.4e+38 -3.4e+38 -3.4e+38 -3.4e+38 -3.4e+38 -3.4e+38 -3.4e+38 -3.4e+38 -3.4e+38 -3.4e+38 -3.4e+38 -3.4e+38 -3.4e+38 -3.4e+38 -3.4e+38 -3.4e+38 -3.4e+38 -3.4e+38 -3.4e+38 -3.4e+38 -3.4e+38 -3.4e+38 -3.4e+38 -3.4e+38 -3.4e+38 -3.4e+38 -3.4e+38 -3.4e+38 -3.4e+38 -3.4e+38 0.450745493173599 0.489882230758667 0.662320017814636 0.746043145656586 0.753089010715485 0.838005483150482 0.824793696403503 0.805424809455872 0.785753965377808 0.774336516857147 0.813688218593597 0.775989294052124 0.771393477916718 0.724399387836456 0.719511330127716 0.755301415920258 0.765038847923279 0.43649485707283
-3.4e+38 -3.4e+38 -3.4e+38 -3.4e+38 -3.4e+38 -3.4e+38 -3.4e+38 -3.4e+38 -3.4e+38 -3.4e+38 -3.4e+38 -3.4e+38 -3.4e+38 -3.4e+38 -3.4e+38 -3.4e+38 -3.4e+38 -3.4e+38 -3.4e+38 -3.4e+38 -3.4e+38 -3.4e+38 -3.4e+38 -3.4e+38 -3.4e+38 -3.4e+38 -3.4e+38 -3.4e+38 0.458253443241119 0.457546800374985 0.474352121353149 0.594390213489532 0.732386946678162 0.855956137180328 0.824370622634888 0.839913129806519 0.806034743785858 0.805274784564972 0.815078020095825 0.827696621417999 0.820209980010986 0.79899787902832 0.775355875492096 0.733908772468567 0.714994549751282 0.730636954307556 0.76210218667984 0.249621972441673
-3.4e+38 -3.4e+38 -3.4e+38 -3.4e+38 -3.4e+38 -3.4e+38 -3.4e+38 -3.4e+38 -3.4e+38 -3.4e+38 -3.4e+38 -3.4e+38 -3.4e+38 -3.4e+38 -3.4e+38 -3.4e+38 -3.4e+38 -3.4e+38 -3.4e+38 -3.4e+38 -3.4e+38 -3.4e+38 -3.4e+38 -3.4e+38 -3.4e+38 -3.4e+38 -3.4e+38 0.43902912735939 0.497892409563065 0.516719281673431 0.63444459438324 0.731090545654297 0.770178496837616 0.846287369728088 0.80893337726593 0.827932000160217 0.814756035804749 0.828989028930664 0.840600490570068 0.82564514875412 0.81778085231781 0.808241486549377 0.796862959861755 0.76676869392395 0.732964992523193 0.732424318790436 0.759557783603668 0.288642942905426
-3.4e+38 -3.4e+38 -3.4e+38 -3.4e+38 -3.4e+38 -3.4e+38 -3.4e+38 -3.4e+38 -3.4e+38 -3.4e+38 -3.4e+38 -3.4e+38 -3.4e+38 -3.4e+38 -3.4e+38 -3.4e+38 -3.4e+38 -3.4e+38 -3.4e+38 -3.4e+38 -3.4e+38 -3.4e+38 -3.4e+38 -3.4e+38 -3.4e+38 -3.4e+38 0.424242466688156 0.436519145965576 0.574441015720367 0.729616522789001 0.764526903629303 0.863365232944489 0.860410809516907 0.798357129096985 0.780079424381256 0.828657805919647 0.802007734775543 0.836021721363068 0.837381184101105 0.831180989742279 0.82409793138504 0.817963659763336 0.78894430398941 0.777158141136169 0.755692720413208 0.754577875137329 0.763801872730255 0.392683863639832
-3.4e+38 -3.4e+38 -3.4e+38 -3.4e+38 -3.4e+38 -3.4e+38 -3.4e+38 -3.4e+38 -3.4e+38 -3.4e+38 -3.4e+38 -3.4e+38 -3.4e+38 -3.4e+38 -3.4e+38 -3.4e+38 -3.4e+38 -3.4e+38 -3.4e+38 -3.4e+38 -3.4e+38 -3.4e+38 -3.4e+38 -3.4e+38 -3.4e+38 0.625360786914825 0.528262197971344 0.432993769645691 0.515255272388458 0.746258795261383 0.776013195514679 0.869790077209473 0.834752798080444 0.814647197723389 0.758131861686707 0.812423825263977 0.834095656871796 0.829464256763458 0.840225756168365 0.835919320583344 0.822458148002625 0.822442948818207 0.782309293746948 0.722962260246277 0.7628213763237 0.766150295734406 0.756785035133362 0.721465885639191
-3.4e+38 -3.4e+38 -3.4e+38 -3.4e+38 -3.4e+38 -3.4e+38 -3.4e+38 -3.4e+38 -3.4e+38 -3.4e+38 -3.4e+38 -3.4e+38 -3.4e+38 -3.4e+38 -3.4e+38 -3.4e+38 -3.4e+38 -3.4e+38 -3.4e+38 -3.4e+38 -3.4e+38 -3.4e+38 -3.4e+38 -3.4e+38 -3.4e+38 0.688389897346497 0.533184230327606 0.426876574754715 0.556242406368256 0.699935019016266 0.66538792848587 0.751416146755219 0.849530339241028 0.835094451904297 0.810239613056183 0.836851000785828 0.852072298526764 0.828746497631073 0.833449304103851 0.831407964229584 0.839703142642975 0.813300728797913 0.797749578952789 0.770384192466736 0.760572910308838 0.759305238723755 0.751452803611755 0.749523162841797
-3.4e+38 -3.4e+38 -3.4e+38 -3.4e+38 -3.4e+38 -3.4e+38 -3.4e+38 -3.4e+38 -3.4e+38 -3.4e+38 -3.4e+38 -3.4e+38 -3.4e+38 -3.4e+38 -3.4e+38 -3.4e+38 -3.4e+38 -3.4e+38 -3.4e+38 -3.4e+38 -3.4e+38 -3.4e+38 -3.4e+38 -3.4e+38 0.662529468536377 0.625566840171814 0.463965952396393 0.460003554821014 0.645909368991852 0.729836463928223 0.74016922712326 0.726086974143982 0.895130634307861 0.868802011013031 0.860364019870758 0.87797224521637 0.834295034408569 0.831323623657227 0.847829818725586 0.852635562419891 0.840450048446655 0.799995183944702 0.770088255405426 0.775869309902191 0.770907580852509 0.760780930519104 0.758445978164673 0.746716856956482
-3.4e+38 -3.4e+38 -3.4e+38 -3.4e+38 -3.4e+38 -3.4e+38 -3.4e+38 -3.4e+38 -3.4e+38 -3.4e+38 -3.4e+38 -3.4e+38 -3.4e+38 -3.4e+38 -3.4e+38 -3.4e+38 -3.4e+38 -3.4e+38 -3.4e+38 -3.4e+38 -3.4e+38 -3.4e+38 -3.4e+38 -3.4e+38 -3.4e+38 0.597289979457855 0.547183096408844 0.543433666229248 0.723705470561981 0.748765110969543 0.858475565910339 0.882025420665741 0.855092406272888 0.860150277614594 0.868821680545807 0.890451610088348 0.868189692497253 0.872180163860321 0.860650837421417 0.851299405097961 0.819389760494232 0.790453374385834 0.740900695323944 0.768327295780182 0.777753829956055 0.76993715763092 0.755855977535248 0.746311247348785
-3.4e+38 -3.4e+38 -3.4e+38 -3.4e+38 -3.4e+38 -3.4e+38 -3.4e+38 -3.4e+38 -3.4e+38 -3.4e+38 -3.4e+38 -3.4e+38 -3.4e+38 -3.4e+38 -3.4e+38 0.36420801281929 0.25444421172142 -3.4e+38 -3.4e+38 -3.4e+38 -3.4e+38 -3.4e+38 -3.4e+38 -3.4e+38 -3.4e+38 0.431122362613678 0.689981758594513 0.632908403873444 0.72198075056076 0.828581631183624 0.832931876182556 0.843127548694611 0.845226049423218 0.860569894313812 0.872182011604309 0.8907350897789 0.838222146034241 0.870931684970856 0.858870685100555 0.84646213054657 0.839811325073242 0.788524687290192 0.779825866222382 0.782734215259552 0.776959478855133 0.771696209907532 0.724744737148285 0.741362750530243
-3.4e+38 -3.4e+38 -3.4e+38 -3.4e+38 -3.4e+38 -3.4e+38 -3.4e+38 -3.4e+38 -3.4e+38 -3.4e+38 -3.4e+38 -3.4e+38 0.318263709545135 0.273295342922211 0.337166458368301 0.474816739559174 0.303169429302216 -3.4e+38 0.259297698736191 -3.4e+38 -3.4e+38 -3.4e+38 -3.4e+38 -3.4e+38 0.462568610906601 0.532837092876434 0.667095899581909 0.807255566120148 0.822344064712524 0.825986623764038 0.825830101966858 0.840565025806427 0.84241658449173 0.880645215511322 0.885196387767792 0.885329127311707 0.801081478595734 0.841137886047363 0.775469064712524 0.789949297904968 0.823550641536713 0.811659574508667 0.79384833574295 0.771246492862701 0.780546307563782 0.774415552616119 0.727380812168121 0.752354502677917
-3.4e+38 -3.4e+38 -3.4e+38 -3.4e+38 0.208342522382736 0.267135679721832 0.264225840568542 0.367880254983902 0.30515319108963 0.32246795296669 0.307681679725647 0.288826406002045 0.294858425855637 0.302642792463303 0.38051763176918 0.460406720638275 0.253602892160416 -3.4e+38 0.271333038806915 -3.4e+38 -3.4e+38 -3.4e+38 0.302591234445572 0.316888898611069 0.406789571046829 0.451443523168564 0.583787202835083 0.779032588005066 0.81351763010025 0.821107506752014 0.815873146057129 0.82450532913208 0.793296575546265 0.840481817722321 0.812348186969757 0.861732840538025 0.70689994096756 0.694448947906494 0.717935621738434 0.714527070522308 0.789049863815308 0.800926744937897 0.767237722873688 0.79423987865448 0.774226069450378 0.759484827518463 0.737901985645294 0.748561203479767
0.216962844133377 0.20618811249733 0.187283545732498 0.185492634773254 0.250448405742645 0.323673009872437 0.426227420568466 0.438818722963333 0.575487792491913 0.438095450401306 0.284493118524551 0.323032647371292 0.404429972171783 0.397507458925247 0.306075811386108 0.300977736711502 0.335226088762283 0.373718917369843 0.374436438083649 0.259964972734451 0.33933761715889 0.381769895553589 0.333590030670166 0.34847965836525 0.691683948040009 0.651405811309814 0.638829708099365 0.612697601318359 0.78259414434433 0.807133972644806 0.800559878349304 0.713074088096619 0.609521687030792 0.617959201335907 0.551127731800079 0.536383330821991 0.549859941005707 0.59280788898468 0.649517238140106 0.731440603733063 0.789061069488525 0.783225953578949 0.624677896499634 0.67854368686676 0.774736285209656 0.756070077419281 0.74440336227417 0.578040182590485
0.38670340180397 0.330016106367111 0.292860001325607 0.216014429926872 0.275284498929977 0.558212161064148 0.652033627033234 0.584794223308563 0.60676634311676 0.417121291160583 0.294553369283676 0.350954294204712 0.373948186635971 0.50612199306488 0.499555796384811 0.382109314203262 0.30415952205658 0.323018103837967 0.410971283912659 0.369020760059357 0.364176839590073 0.35161280632019 0.3905268907547 0.514198005199432 0.605278253555298 0.498525023460388 0.450350612401962 0.417866498231888 0.42857751250267 0.772814571857452 0.779357850551605 0.573866009712219 0.416762292385101 0.38551452755928 0.386682957410812 0.385655343532562 0.398553818464279 0.398745149374008 0.481242686510086 0.625036418437958 0.669207155704498 0.56484979391098 0.604065358638763 0.763058006763458 0.732760906219482 0.729972302913666 0.578509330749512 0.623474299907684
0.685991764068604 0.731765151023865 0.461789429187775 0.276361584663391 0.346781969070435 0.508841633796692 0.748817324638367 0.746146023273468 0.587119877338409 0.42060661315918 0.334359496831894 0.454855114221573 0.52069628238678 0.464030504226685 0.341572195291519 0.303864508867264 0.333524018526077 0.397044539451599 0.497029185295105 0.554610550403595 0.520860970020294 0.52189701795578 0.722938060760498 0.655591905117035 0.405662328004837 0.299493581056595 0.286340177059174 0.277514547109604 0.386776834726334 0.525353014469147 0.580158710479736 0.42812779545784 0.329093128442764 0.300228357315063 0.278505027294159 0.285121649503708 0.325498193502426 0.39621576666832 0.411112725734711 0.438504725694656 0.535827159881592 0.667312145233154 0.681922972202301 0.723763048648834 0.700725376605988 0.69342577457428 0.595492660999298 0.610723733901978
0.750028967857361 0.739569067955017 0.70772385597229 0.584956645965576 0.679013907909393 0.757286012172699 0.745180249214172 0.75240159034729 0.685613572597504 0.537692964076996 0.48137903213501 0.414904862642288 0.417726516723633 0.330081135034561 0.278595298528671 0.266465336084366 0.296544641256332 0.376818478107452 0.610495746135712 0.588837325572968 0.667595267295837 0.708249390125275 0.720483362674713 0.696289777755737 0.596545994281769 0.356958597898483 0.343653857707977 0.343870729207993 0.429996639490128 0.740627944469452 0.603013873100281 0.518226981163025 0.284165233373642 0.266770243644714 0.245712801814079 0.236597940325737 0.256526172161102 0.312909305095673 0.387688398361206 0.536095678806305 0.612440049648285 0.587296843528748 0.618342936038971 0.643673002719879 0.665052711963654 0.64710396528244 0.559239089488983 0.558974981307983
0.697735130786896 0.649050056934357 0.684025347232819 0.655522167682648 0.688389480113983 0.739180207252502 0.734005153179169 0.696885824203491 0.651273131370544 0.713376700878143 0.595328450202942 0.657383799552917 0.565580666065216 0.413014352321625 0.362510800361633 0.386364161968231 0.416380107402802 0.426872551441193 0.449023306369781 0.519134879112244 0.548596739768982 0.644913911819458 0.695054411888123 0.678751409053802 0.340430855751038 0.328165948390961 0.323657900094986 0.326057493686676 0.398530155420303 0.727176487445831 0.622815907001495 0.595164477825165 0.321785807609558 0.241819828748703 0.22725547850132 0.214974969625473 0.213275477290154 0.248958140611649 0.372053354978561 0.408837884664536 0.399678856134415 0.508072435855865 0.595971465110779 0.620937287807465 0.619575917720795 0.60217159986496 0.532077491283417 0.522205412387848
0.493218630552292 0.468277186155319 0.513598918914795 0.509434938430786 0.534953713417053 0.604825139045715 0.62248831987381 0.613392293453217 0.635451018810272 0.652099788188934 0.593576371669769 0.594906032085419 0.440176844596863 0.347497791051865 0.389959394931793 0.427724897861481 0.444946080446243 0.430931180715561 0.32993146777153 0.381960034370422 0.522839188575745 0.605013072490692 0.577649235725403 0.405848175287247 0.346065282821655 0.350342303514481 0.357543438673019 0.372639536857605 0.590055465698242 0.691246509552002 0.65423446893692 0.324842035770416 0.307013958692551 0.227980256080627 0.213062673807144 0.200406730175018 0.213340625166893 0.231384202837944 0.265552937984467 0.285171926021576 0.36065211892128 0.552689611911774 0.618131875991821 0.532950043678284 0.497218877077103 0.47322279214859 0.42553722858429 0.44878676533699
0.410199820995331 0.312146157026291 0.319016724824905 0.343853771686554 0.389291256666183 0.380053222179413 0.43856093287468 0.405279189348221 0.533179104328156 0.449108988046646 0.392147898674011 0.397624582052231 0.296454608440399 0.372494369745255 0.414869666099548 0.422347694635391 0.448488712310791 0.524149179458618 0.467105388641357 0.268069297075272 0.519210040569305 0.354083240032196 0.367462188005447 0.367302983999252 0.318882554769516 0.344454318284988 0.360960632562637 0.375576883554459 0.48700824379921 0.707121193408966 0.575987219810486 0.271144866943359 0.240034028887749 0.218324214220047 0.205975025892258 0.203419998288155 0.206736966967583 0.2185999751091 0.235484033823013 0.282015413045883 0.449831634759903 0.503638684749603 0.499809175729752 0.40434205532074 0.405678808689117 0.369656533002853 0.406025439500809 0.386298567056656
0.472536712884903 0.42631396651268 0.363353401422501 0.482900649309158 0.449633687734604 0.409299045801163 0.424080431461334 0.37069371342659 0.388059377670288 0.343845307826996 0.323852092027664 0.329763144254684 0.298911541700363 0.355835258960724 0.381292164325714 0.391261249780655 0.410668611526489 0.397783488035202 0.445734858512878 0.455878347158432 0.454526752233505 0.23089674115181 0.253352999687195 0.378434002399445 0.363720685243607 0.507244110107422 0.428872227668762 0.390023231506348 0.49629020690918 0.612996339797974 0.436024814844131 0.248418018221855 0.220946431159973 0.220757603645325 -3.4e+38 0.212699100375175 0.209637135267258 0.215336322784424 0.2280353307724 0.275938898324966 0.340220957994461 0.450201421976089 0.42465928196907 0.284226506948471 0.300037562847137 0.344614863395691 0.317920386791229 0.272170275449753
0.403883308172226 0.400567770004272 0.386016458272934 0.423161029815674 0.390756547451019 0.316859573125839 0.374602347612381 0.290484577417374 0.268686145544052 0.275176197290421 0.287946850061417 0.265927016735077 0.261529684066772 0.285771548748016 0.297925978899002 0.307660847902298 0.355869859457016 0.307246267795563 0.369889259338379 0.324918240308762 0.262424856424332 0.208536490797997 0.239605128765106 0.339753538370132 0.502071857452393 0.520792186260223 0.453259438276291 0.377229750156403 0.515868127346039 0.383059680461884 0.25716495513916 0.22130174934864 0.205750867724419 -3.4e+38 -3.4e+38 0.205884695053101 0.195612549781799 0.211028844118118 0.232195556163788 0.273959130048752 0.286560893058777 0.276801347732544 0.225796803832054 0.230976134538651 0.245733261108398 0.228117659687996 0.180254608392715 0.203658565878868
0.303296238183975 0.275361388921738 0.301034033298492 0.297724038362503 0.344611138105392 0.27732053399086 0.253396928310394 0.235310062766075 0.219195798039436 0.222826570272446 0.231603398919106 0.235759317874908 0.25132143497467 0.263449460268021 0.364357441663742 0.474057674407959 0.437456607818604 0.20512530207634 0.195817977190018 0.189693793654442 0.187903270125389 0.240430101752281 0.221452236175537 0.330549538135529 0.43413782119751 0.467914581298828 0.368071615695953 0.365821212530136 0.537010371685028 0.447173684835434 0.228180900216103 0.203624874353409 0.194648236036301 -3.4e+38 -3.4e+38 0.194712609052658 0.180199816823006 0.193092256784439 0.237290844321251 0.211542800068855 0.20683453977108 0.177165165543556 0.206073731184006 0.168966874480247 0.158929705619812 0.150141656398773 0.136009439826012 0.135838463902473
