data/climate_estimation/maxent_output/Tricyrtis_maculata.asc
NCOLS 393 
NROWS 229 
XLLCORNER 87.0833333333333 
YLLCORNER 22.4166666666667 
CELLSIZE 0.0833333333333333 
NODATA_value -3.4e+38 
[rows 152 to 170 of 229, columns 308 to 351 of 393]
0.202973484992981 0.206125736236572 0.226641222834587 0.228775173425674 0.232118785381317 0.235433921217918 0.235054284334183 0.250139713287354 0.265180110931396 0.277088046073914 0.283863455057144 0.296357274055481 0.331002950668335 0.354608207941055 0.32742965221405 0.336980283260345 0.387913376092911 0.397337675094604 0.404999673366547 0.413184463977814 0.405153900384903 0.434881627559662 0.425340294837952 0.450160771608353 0.440108001232147 0.43303057551384 0.46433413028717 0.441652536392212 0.426746219396591 0.352990120649338 0.270196884870529 0.237104058265686 0.201151818037033 0.144901677966118 0.216384306550026 0.235574141144753 0.126243203878403 0.0212901216000319 0.0722572579979897 0.218463271856308 0.274079352617264 0.29525288939476 0.316026479005814 0.30693331360817
0.203770145773888 0.205337718129158 0.226754352450371 0.230303779244423 0.232432827353477 0.231283158063889 0.25137010216713 0.256529629230499 0.26557868719101 0.269946724176407 0.263634145259857 0.276180118322372 0.319561749696732 0.304183900356293 0.320299476385117 0.33521181344986 0.365188121795654 0.371556043624878 0.389894336462021 0.394385695457458 0.411966741085052 0.411097496747971 0.386980921030045 0.435950249433517 0.446866899728775 0.428408473730087 0.401716560125351 0.341650038957596 0.319659858942032 0.275260835886002 0.282345950603485 0.24835216999054 0.215576827526093 0.168525695800781 0.284687548875809 0.15652970969677 0.0214608330279589 0.0127147873863578 0.0805528834462166 0.289320468902588 0.320773303508759 0.339076995849609 0.35941344499588 0.355449736118317
0.199380353093147 0.204335391521454 0.211875766515732 0.226286947727203 0.228610515594482 0.2310461550951 0.244246855378151 0.254614442586899 0.254472553730011 0.27644681930542 0.263997137546539 0.282053679227829 0.287820339202881 0.306061834096909 0.325018525123596 0.335210680961609 0.3465855717659 0.353007584810257 0.385978877544403 0.376327812671661 0.378542989492416 0.392781466245651 0.400956004858017 0.402378976345062 0.410487800836563 0.379310429096222 0.37443819642067 0.347131907939911 0.349566966295242 0.330377787351608 0.277605533599854 0.273476123809814 0.259218126535416 0.227176234126091 0.200211614370346 0.101447463035583 0.0812956467270851 0.242278039455414 0.429014146327972 0.426724314689636 0.410929977893829 0.396587550640106 0.396358340978622 0.389694809913635
0.198610484600067 0.20537793636322 0.217966973781586 0.231677561998367 0.241128742694855 0.234173238277435 0.23301737010479 0.236594662070274 0.249278455972672 0.264347076416016 0.258386522531509 0.274917274713516 0.302058517932892 0.346787840127945 0.32328987121582 0.326317518949509 0.354494333267212 0.338400304317474 0.345092326402664 0.347746312618256 0.374679505825043 0.352559417486191 0.385509788990021 0.360643118619919 0.356641322374344 0.351944506168365 0.321632653474808 0.326675415039062 0.309367179870605 0.309955030679703 0.311950773000717 0.286384701728821 0.280404835939407 0.280286520719528 0.277651607990265 0.299099564552307 0.363271832466125 0.436771333217621 0.453554153442383 0.430697321891785 0.424086958169937 0.411568641662598 0.410953313112259 0.3934545814991
0.197530180215836 0.195786595344543 0.208845809102058 0.219456896185875 0.219860762357712 0.223707482218742 0.228882879018784 0.243150964379311 0.249832838773727 0.23914834856987 0.264315873384476 0.290069848299026 0.320713400840759 0.289670586585999 0.274479120969772 0.282234460115433 0.336694359779358 0.363755464553833 0.327691316604614 0.378750652074814 0.374354422092438 0.335929930210114 0.375103145837784 0.330448389053345 0.331058859825134 0.337018638849258 0.328870862722397 0.322682321071625 0.297556400299072 0.298746973276138 0.294043868780136 0.303028702735901 0.305772632360458 0.330698162317276 0.364661067724228 0.366614609956741 0.42110288143158 0.420339912176132 0.430653393268585 0.42944860458374 0.427803814411163 0.422862350940704 0.396630674600601 0.112572491168976
0.192584320902824 0.190230175852776 0.198307082056999 0.195764616131783 0.202208161354065 0.221175819635391 0.232320889830589 0.227364614605904 0.225044161081314 0.240302547812462 0.280912756919861 0.277749866247177 0.249949485063553 0.251347005367279 0.270145952701569 0.305176287889481 0.322100877761841 0.318679630756378 0.330287128686905 0.347615301609039 0.318407952785492 0.318729370832443 0.296846926212311 0.283849716186523 0.310331970453262 0.298771739006042 0.301911771297455 0.304018139839172 0.303434163331985 0.311506718397141 0.314766258001328 0.315379768610001 0.351960092782974 0.348325699567795 0.378353595733643 0.403986394405365 0.405794739723206 0.421827465295792 0.425978630781174 0.426130920648575 0.427141040563583 0.408224165439606 0.118012227118015 0.106988742947578
0.176667988300323 0.177824184298515 0.1903126090765 0.193230926990509 0.213045388460159 0.203296989202499 0.207904115319252 0.202884539961815 0.206277802586555 0.235579192638397 0.256752699613571 0.242758512496948 0.244668111205101 0.258491605520248 0.265136212110519 0.260320276021957 0.278742253780365 0.302532136440277 0.298596352338791 0.306504935026169 0.288049250841141 0.277696371078491 0.268853425979614 0.285408347845078 0.290669769048691 0.296190053224564 0.297272622585297 0.314949870109558 0.299315869808197 0.300311625003815 0.332239806652069 0.331203401088715 0.349655777215958 0.368582159280777 0.395275741815567 0.394837349653244 0.405052989721298 0.412440031766891 0.410253077745438 0.411100476980209 0.401800453662872 0.391077786684036 0.11069643497467 0.108032673597336
0.172910168766975 0.175017058849335 0.194381818175316 0.190802663564682 0.200946539640427 0.204973101615906 0.208670720458031 0.205964252352715 0.221226051449776 0.234814345836639 0.217490077018738 0.236685201525688 0.2310531437397 0.248433619737625 0.250353187322617 0.272221118211746 0.28077957034111 0.282152354717255 0.260544657707214 0.260874927043915 0.249241426587105 0.267199546098709 0.265932321548462 0.260038286447525 0.27369013428688 0.281801551580429 0.289331376552582 0.288363963365555 0.293717503547668 0.320890933275223 0.324599534273148 0.35434103012085 0.345715939998627 0.369743645191193 0.377986222505569 0.386273443698883 0.393715918064117 0.393654882907867 0.404125064611435 0.409628033638 0.390612035989761 0.110129125416279 0.106652021408081 0.104610867798328
0.166113942861557 0.164043337106705 0.180117517709732 0.182914018630981 0.183392822742462 0.187897533178329 0.18344222009182 0.201439663767815 0.224406152963638 0.19683626294136 0.209356918931007 0.214813232421875 0.226613596081734 0.238297611474991 0.250773191452026 0.247577339410782 0.233460143208504 0.238978371024132 0.255898863077164 0.249539956450462 0.248612195253372 0.242432624101639 0.283277004957199 0.27515709400177 0.267207413911819 0.270740270614624 0.289664208889008 0.283344954252243 0.301804572343826 0.304578632116318 0.33319017291069 0.344125658273697 0.346099734306335 0.363440245389938 0.364227056503296 0.369084388017654 0.368946373462677 0.381675094366074 0.391310483217239 0.392504096031189 0.386466085910797 0.102146454155445 0.0981320142745972 0.0949394404888153
0.148983135819435 0.143530815839767 0.162847951054573 0.164854541420937 0.164827063679695 0.167644560337067 0.180190667510033 0.175150662660599 0.18763342499733 0.18638788163662 0.199047163128853 0.196542277932167 0.209217235445976 0.213992461562157 0.221107542514801 0.232710212469101 0.214132755994797 0.234844818711281 0.246310621500015 0.23665913939476 0.225630298256874 0.24556015431881 0.242250308394432 0.258604347705841 0.264410078525543 0.300518900156021 0.294910430908203 0.269056886434555 0.289385169744492 0.300318568944931 0.329572021961212 0.343648195266724 0.343051344156265 0.351003885269165 0.359186142683029 0.367674469947815 0.366910189390182 0.37753427028656 0.365267336368561 0.369947731494904 0.366620749235153 0.106234081089497 0.0993028730154037 0.0922514200210571
0.132818281650543 0.134041517972946 0.142087772488594 0.149751871824265 0.150759905576706 0.16388463973999 0.172012001276016 0.163830891251564 0.184694856405258 0.200067758560181 0.200868681073189 0.187313169240952 0.190036773681641 0.200876504182816 0.216821923851967 0.2278211414814 0.215560033917427 0.207116559147835 0.237460613250732 0.222198754549026 0.21684518456459 0.230300784111023 0.227401062846184 0.237272053956985 0.243592634797096 0.25282409787178 0.262324184179306 0.257305830717087 0.276499927043915 0.304941058158875 0.325827032327652 0.319274544715881 0.333624631166458 0.342390030622482 0.358552038669586 0.365838497877121 0.362121164798737 0.378573447465897 0.368711203336716 0.37511482834816 0.354779362678528 0.343710392713547 0.0900559648871422 0.0898178219795227
0.129494160413742 0.1277075111866 0.132858797907829 0.136319145560265 0.13496595621109 0.15434518456459 0.158626064658165 0.161571606993675 0.172917619347572 0.198787093162537 0.201583072543144 0.178182005882263 0.185544788837433 0.215643629431725 0.207291305065155 0.204911664128304 0.19293712079525 0.194130003452301 0.190758392214775 0.20405387878418 0.198067292571068 0.200634479522705 0.213824704289436 0.23375478386879 0.230070739984512 0.239906758069992 0.242399543523788 0.260252892971039 0.263471215963364 0.293895065784454 0.313041687011719 0.321410119533539 0.327389627695084 0.387046337127686 0.439634293317795 0.418289333581924 0.371405065059662 0.410147875547409 0.368707597255707 0.346367388963699 0.340857326984406 0.0899063646793365 0.086626835167408 0.0904733017086983
0.118231222033501 0.11626523733139 0.121481984853745 0.124604105949402 0.132805332541466 0.132498130202293 0.14037150144577 0.152205660939217 0.173003241419792 0.178613603115082 0.169767528772354 0.171581462025642 0.183469191193581 0.193303540349007 0.198748871684074 0.18743397295475 0.180176943540573 0.193141758441925 0.19006972014904 0.182057216763496 0.19464547932148 0.192030251026154 0.206818267703056 0.212407037615776 0.217894047498703 0.242679372429848 0.255227774381638 0.253838509321213 0.284682899713516 0.296565473079681 0.318321377038956 0.315354615449905 0.333625167608261 0.373466968536377 0.421556025743484 0.432377219200134 0.36434018611908 0.359004437923431 0.353924304246902 0.334139764308929 0.328666538000107 0.312737911939621 0.0902883261442184 0.0867830216884613
0.1089728474617 0.117675237357616 0.119403086602688 0.124996043741703 0.123927287757397 0.129080608487129 0.13565357029438 0.135295927524567 0.151886269450188 0.144104152917862 0.146220788359642 0.159808903932571 0.16553658246994 0.170737907290459 0.178041592240334 0.191976681351662 0.175874680280685 0.185067072510719 0.199580237269402 0.200262144207954 0.199480354785919 0.228702008724213 0.220634624361992 0.190314427018166 0.201956808567047 0.230456084012985 0.23249825835228 0.25749859213829 0.279470831155777 0.284737706184387 0.305879205465317 0.299593955278397 0.312308609485626 0.344917744398117 0.353122800588608 0.398503750562668 0.368838638067245 0.337576359510422 0.334828227758408 0.336538851261139 0.317952990531921 0.310415923595428 0.0834912434220314 0.0833096280694008
0.108587138354778 0.110106490552425 0.11150261759758 0.10883916914463 0.11551059782505 0.118180885910988 0.122451566159725 0.131100073456764 0.135170519351959 0.12965127825737 0.145191609859467 0.144441768527031 0.159457504749298 0.158445864915848 0.173955619335175 0.182846859097481 0.206823036074638 0.221226513385773 0.282645374536514 0.223928138613701 0.21005617082119 0.254639148712158 0.210363566875458 0.200264617800713 0.217202037572861 0.234003499150276 0.2314812541008 0.249327942728996 0.269401758909225 0.282837241888046 0.284242182970047 0.320080459117889 0.337838381528854 0.332087814807892 0.343433737754822 0.332500100135803 0.325198441743851 0.322558671236038 0.354297488927841 0.342104554176331 0.318089306354523 0.31992894411087 0.301517367362976 0.318500161170959
0.10821570456028 0.10868263989687 0.104679353535175 0.108309231698513 0.106739826500416 0.110099047422409 0.11970354616642 0.121189579367638 0.12716281414032 0.125370115041733 0.142311483621597 0.151460289955139 0.152139723300934 0.164442121982574 0.178230956196785 0.196610078215599 0.202064543962479 0.279891848564148 0.281975299119949 0.208553686738014 0.204776555299759 0.209823876619339 0.197494328022003 0.20266380906105 0.201328903436661 0.243269518017769 0.232170790433884 0.241461202502251 0.264323890209198 0.290535867214203 0.306720286607742 0.288095116615295 0.318223893642426 0.337320119142532 0.346498519182205 0.32486030459404 0.326957136392593 0.373558819293976 0.421870440244675 0.338784575462341 0.328429698944092 0.313648670911789 0.318393677473068 0.35264128446579
0.168210491538048 0.109910629689693 0.106212019920349 0.103297330439091 0.105193756520748 0.11552333086729 0.143467143177986 0.124478526413441 0.12145371735096 0.124938793480396 0.131826296448708 0.143470123410225 0.17208331823349 0.189207673072815 0.218982622027397 0.216081336140633 0.257714062929153 0.271437883377075 0.194444075226784 0.212586253881454 0.194531559944153 0.19039611518383 0.188660204410553 0.190907210111618 0.200672745704651 0.20430751144886 0.219261214137077 0.238896563649178 0.259996116161346 0.274596065282822 0.287160128355026 0.318219542503357 0.321545213460922 0.318360447883606 0.318150252103806 0.322902292013168 0.339606553316116 0.352397888898849 0.339547753334045 0.369444757699966 0.355939656496048 0.318607121706009 0.32366344332695 0.342556059360504
0.181255966424942 0.101142168045044 0.101548805832863 0.103184789419174 0.108572974801064 0.12157180160284 0.132419496774673 0.124836951494217 0.119463451206684 0.125608146190643 0.146000370383263 0.17149543762207 0.172255083918571 0.19704481959343 0.199432894587517 0.222419142723083 0.210534915328026 0.212710276246071 0.167994186282158 0.174407064914703 0.189720064401627 0.185575917363167 0.176001995801926 0.189009994268417 0.190080851316452 0.206939473748207 0.210696741938591 0.240583807229996 0.25255423784256 0.285704910755157 0.30038195848465 0.300403773784637 0.290688425302505 0.302902042865753 0.309004873037338 0.318635821342468 0.320924162864685 0.324116408824921 0.352181166410446 0.402612239122391 0.336536198854446 0.321480631828308 0.367292612791061 0.324550300836563
0.185400828719139 0.10213366150856 0.092406764626503 0.0996947959065437 0.102551162242889 0.113266937434673 0.117820650339127 0.111883461475372 0.115746900439262 0.119707152247429 0.149756386876106 0.162714019417763 0.17246887087822 0.177831023931503 0.181624948978424 0.177209973335266 0.189443618059158 0.193025514483452 0.197905018925667 0.227826774120331 0.219087541103363 0.205237165093422 0.185641780495644 0.178409039974213 0.19630292057991 0.204933658242226 0.203980684280396 0.231367811560631 0.248401761054993 0.309547066688538 0.296574681997299 0.277315497398376 0.290897071361542 0.289274901151657 0.297722280025482 0.306013733148575 0.325909107923508 0.326893925666809 0.3790203332901 0.396591573953629 0.308047205209732 0.349763214588165 0.442504793405533 0.382101356983185
