data/climate_estimation/maxent_output/Tricyrtis_maculata.asc
NCOLS 393 
NROWS 229 
XLLCORNER 87.0833333333333 
YLLCORNER 22.4166666666667 
CELLSIZE 0.0833333333333333 
NODATA_value -3.4e+38 
[rows 190 to 208 of 229, columns 264 to 307 of 393]
0.349179416894913 0.409241378307343 0.388006508350372 0.407510429620743 0.307669371366501 0.290336698293686 0.343794614076614 0.351602673530579 0.383498340845108 0.462745696306229 0.514096140861511 0.342355698347092 0.411244690418243 0.287676990032196 0.325426489114761 0.30897244811058 0.236184611916542 0.244111001491547 0.225983321666718 0.22178228199482 0.325972974300385 0.302753627300262 0.427868634462357 0.332933336496353 0.24925771355629 0.203278675675392 0.221503704786301 0.204839423298836 0.166646674275398 0.161459878087044 0.160654634237289 0.177404299378395 0.175281554460526 0.169717654585838 0.165140092372894 0.202088952064514 0.201827764511108 0.182575792074203 0.18436136841774 0.141646444797516 0.15271458029747 0.155116707086563 0.177178531885147 0.165192171931267
0.405182957649231 0.351196467876434 0.314918667078018 0.356498330831528 0.26394310593605 0.284019201993942 0.301771998405457 0.373811990022659 0.425336003303528 0.533814072608948 0.507373213768005 0.275893419981003 0.314697653055191 0.255293697118759 0.248107135295868 0.278159260749817 0.230628997087479 0.344000399112701 0.285874426364899 0.245773300528526 0.29311329126358 0.379487454891205 0.470619291067123 0.409904003143311 0.263948321342468 0.2406265437603 0.421629846096039 0.32496452331543 0.179287686944008 0.168902575969696 0.163662225008011 0.172267004847527 0.171322837471962 0.175366401672363 0.182804197072983 0.17478084564209 0.188390463590622 0.19747120141983 0.191309228539467 0.177402660250664 0.195468693971634 0.216605946421623 0.265690475702286 0.239391386508942
0.486075550317764 0.512962758541107 0.312465786933899 0.323269933462143 0.242488369345665 0.282779842615128 0.240333318710327 0.263387441635132 0.380364000797272 0.444721162319183 0.442427456378937 0.239505231380463 0.239580541849136 0.210131138563156 0.196586117148399 0.199873417615891 0.261731863021851 0.267019510269165 0.251225590705872 0.297492355108261 0.306380093097687 0.451267749071121 0.459852755069733 0.390455931425095 0.229927390813828 0.332411795854568 0.44075483083725 0.30070361495018 0.195161148905754 0.18195404112339 0.181382283568382 0.178168386220932 0.192145884037018 0.199944466352463 0.207114025950432 0.200818300247192 0.233307152986526 0.202804818749428 0.207270488142967 0.208849608898163 0.245817363262177 0.379635363817215 0.34736430644989 0.277135282754898
0.508698582649231 0.468530803918839 0.308372765779495 0.2779680788517 0.215639427304268 0.228265687823296 0.226311236619949 0.262072563171387 0.271916002035141 0.317452996969223 0.312574356794357 0.177120536565781 0.187310799956322 0.1851477175951 0.182295814156532 0.194697201251984 0.209493234753609 0.270391225814819 0.243952512741089 0.309389531612396 0.360240757465363 0.454141825437546 0.343716979026794 0.268985658884048 0.293757200241089 0.453790724277496 0.300210207700729 0.307451337575912 0.199175179004669 0.192594066262245 0.191866010427475 0.207709580659866 0.221096009016037 0.311842679977417 0.246509745717049 0.309346288442612 0.33642578125 0.2301876693964 0.229597806930542 0.246112495660782 0.275122612714767 0.323478579521179 0.289024412631989 0.258856207132339
0.353784739971161 0.275227576494217 0.293850362300873 0.22491666674614 0.196026340126991 0.197863847017288 0.204230830073357 0.279862076044083 0.253145933151245 0.321814924478531 0.21746800839901 0.159035086631775 0.158778160810471 0.161093831062317 0.164024919271469 0.199132636189461 0.183607861399651 0.22655163705349 0.279067307710648 0.374292850494385 0.377018988132477 0.321879506111145 0.296854227781296 0.308657228946686 0.380393803119659 0.282572776079178 0.213519230484962 0.223779201507568 0.235368326306343 0.198861077427864 0.220726132392883 0.299225240945816 0.324663043022156 0.412765979766846 0.41232618689537 0.457182139158249 0.364162355661392 0.370173633098602 0.289155691862106 0.381579637527466 0.332056790590286 0.257709741592407 0.262756526470184 0.303872346878052
0.252630740404129 0.235890209674835 0.274171680212021 0.190538704395294 0.186064809560776 0.213567510247231 0.267348498106003 0.264913350343704 0.227857694029808 0.253229141235352 0.190842568874359 0.149486839771271 0.149080976843834 0.153907492756844 0.146358802914619 0.155744776129723 0.174989119172096 0.197290450334549 0.301043063402176 0.331492513418198 0.327766597270966 0.260479658842087 0.275717258453369 0.320945829153061 0.316231071949005 0.242363065481186 0.226291924715042 0.224800243973732 0.274248689413071 0.223623171448708 0.216489136219025 0.354958683252335 0.451815038919449 0.496371865272522 0.499093949794769 0.516103446483612 0.348906308412552 0.442739486694336 0.457849651575089 0.45719450712204 0.507234752178192 0.297549962997437 0.278905242681503 0.313903868198395
0.290905267000198 0.237156108021736 0.182457312941551 0.192503720521927 0.211099371314049 0.215924769639969 0.328040182590485 0.23851378262043 0.209154576063156 0.218053877353668 0.172658398747444 0.13802681863308 0.137172594666481 0.142485603690147 0.143366858363152 0.161432936787605 0.178971335291862 0.281738519668579 0.41144010424614 0.296054393053055 0.379642009735107 0.208604082465172 0.23053090274334 0.221858337521553 0.20577646791935 0.228151336312294 0.257454097270966 0.241603136062622 0.25943186879158 0.230278059840202 0.229406237602234 0.287630945444107 0.406940311193466 0.39183509349823 0.494027376174927 0.477193087339401 0.395231306552887 0.370758712291718 0.426574110984802 0.433277457952499 0.447671890258789 0.359399288892746 0.364299952983856 0.306451112031937
0.217409372329712 0.17661689221859 0.177758768200874 0.243020549416542 0.243162721395493 0.226091653108597 0.284199476242065 0.193175613880157 0.23805870115757 0.263246566057205 0.169932425022125 0.139883756637573 0.134552016854286 0.136729851365089 0.140121191740036 0.169387862086296 0.19120991230011 0.242085933685303 0.435569554567337 0.278274297714233 0.244242191314697 0.177910715341568 0.245484188199043 0.218181326985359 0.193908914923668 0.212519988417625 0.223839342594147 0.235163033008575 0.231262668967247 0.214916929602623 0.301930010318756 0.292642682790756 0.292456954717636 0.351258963346481 0.429460138082504 0.437291175127029 0.341789305210114 0.243905901908875 0.242763847112656 0.273303687572479 0.33367931842804 0.275666832923889 0.243494361639023 0.30557107925415
0.173263728618622 0.179203778505325 0.18585792183876 0.230725422501564 0.238192304968834 0.248407050967216 0.203442558646202 0.183017402887344 0.216955617070198 0.257633894681931 0.145160391926765 0.144371598958969 0.164458766579628 0.189728826284409 0.144929930567741 0.15854287147522 0.179818913340569 0.171404078602791 0.347877681255341 0.261578410863876 0.167506039142609 0.176000148057938 0.465690672397614 0.33873251080513 0.351762175559998 0.246613562107086 0.200228944420815 0.216752171516418 0.210449397563934 0.209817960858345 0.297644466161728 0.256935358047485 0.297665745019913 0.29694128036499 0.31885439157486 0.297471761703491 0.265542387962341 0.248730152845383 0.200904056429863 0.228467687964439 0.257693648338318 0.20719550549984 0.311642676591873 0.464897781610489
0.169616594910622 0.176040768623352 0.186356946825981 0.208771333098412 0.222081482410431 0.253006458282471 0.179100692272186 0.180015340447426 0.194838225841522 0.184665858745575 0.14695231616497 0.142653092741966 0.196631610393524 0.286272048950195 0.162410348653793 0.145218774676323 0.180326446890831 0.157560288906097 0.200850486755371 0.192030921578407 0.170705825090408 0.169863983988762 0.358093470335007 0.408242434263229 0.465842634439468 0.390843272209167 0.180594906210899 0.193579256534576 0.2100760191679 0.22830168902874 0.368782162666321 0.266675382852554 0.356091320514679 0.441695392131805 0.361454844474792 0.256298899650574 0.415873676538467 0.306973040103912 0.217094287276268 0.198337629437447 0.235080644488335 0.211853429675102 0.333167046308517 0.518580377101898
0.169142931699753 0.181474775075912 0.200646206736565 0.199074551463127 0.210540696978569 0.236547023057938 0.178767904639244 0.174820616841316 0.180866315960884 0.156761601567268 0.155630141496658 0.184531167149544 0.20346400141716 0.316591829061508 0.180083945393562 0.152200117707253 0.14452038705349 0.141730561852455 0.15302300453186 0.156900271773338 0.154051661491394 0.165861740708351 0.271222293376923 0.352283895015717 0.418284296989441 0.306497275829315 0.173892021179199 0.184083759784698 0.212851211428642 0.237534135580063 0.4637570977211 0.284984409809113 0.405116379261017 0.371686041355133 0.314232915639877 0.313726812601089 0.456978321075439 0.422391563653946 0.224265709519386 0.196149602532387 0.262441903352737 0.258965224027634 0.321795403957367 0.345977127552032
0.179257586598396 0.177512347698212 0.190317884087563 0.185711741447449 0.200234293937683 0.183630228042603 0.177432715892792 0.15003114938736 0.146867617964745 0.146462514996529 0.197922021150589 0.214641198515892 0.28967958688736 0.282503068447113 0.197153255343437 0.165147125720978 0.143746986985207 0.149105355143547 0.155314534902573 0.167819604277611 0.157119020819664 0.166397303342819 0.263929575681686 0.367839813232422 0.294437915086746 0.285132110118866 0.18291375041008 0.187963292002678 0.234284728765488 0.356206566095352 0.51438045501709 0.33996394276619 0.23700039088726 0.250339955091476 0.270616829395294 0.354760468006134 0.33854678273201 0.28249591588974 0.211577773094177 0.227315336465836 0.264520227909088 0.319022923707962 0.269543319940567 0.233909636735916
0.185115128755569 0.172775134444237 0.176776915788651 0.189898729324341 0.200849443674088 0.170428991317749 0.159896165132523 0.149338155984879 0.148662939667702 0.145071268081665 0.167422473430634 0.198383033275604 0.335276424884796 0.200815290212631 0.15620082616806 0.143633127212524 0.145323351025581 0.15882770717144 0.146662801504135 0.160618841648102 0.173075512051582 0.164168328046799 0.298009902238846 0.339687496423721 0.252985030412674 0.188066646456718 0.16311052441597 0.170744642615318 0.263601899147034 0.472676604986191 0.242165878415108 0.380957812070847 0.204502210021019 0.19874618947506 0.296258419752121 0.236623033881187 0.324538111686707 0.325319766998291 0.26136115193367 0.220207318663597 0.223095238208771 0.239454120397568 0.24547877907753 0.194714054465294
0.187033578753471 0.186016291379929 0.17983241379261 0.178445309400558 0.177520677447319 0.174662292003632 0.165743753314018 0.148332491517067 0.142843186855316 0.13939268887043 0.14049443602562 0.160042211413383 0.264081031084061 0.222277328372002 0.153271824121475 0.143747687339783 0.1429832726717 0.16159887611866 0.163879856467247 0.163487643003464 0.181513965129852 0.14595565199852 0.16811116039753 0.21302193403244 0.178025335073471 0.18099083006382 0.155428856611252 0.148528575897217 0.168521955609322 0.248951956629753 0.235157743096352 0.367616593837738 0.21851521730423 0.185441106557846 0.245529010891914 0.253523021936417 0.332330107688904 0.352641373872757 0.289971500635147 0.188293844461441 0.209625646471977 0.281795591115952 0.248058527708054 0.204132720828056
0.1679368019104 0.186776548624039 0.169156968593597 0.176701799035072 0.176234930753708 0.159354209899902 0.158658176660538 0.141910299658775 0.134482145309448 0.131961807608604 0.13461446762085 0.180539697408676 0.280091613531113 0.197705209255219 0.143990024924278 0.143707364797592 0.150790646672249 0.256568044424057 0.255521565675735 0.179607644677162 0.199391439557076 0.199350088834763 0.158215120434761 0.167558699846268 0.150180131196976 0.15233588218689 0.151971474289894 0.15205816924572 0.14640761911869 0.150880858302116 0.177924275398254 0.208206132054329 0.195996642112732 0.228008434176445 0.280000507831573 0.262609839439392 0.300937175750732 0.366524875164032 0.260540366172791 0.253938943147659 0.290509968996048 0.253040879964828 0.20100536942482 0.214442059397697
0.209379658102989 0.172474965453148 0.178345143795013 0.169655844569206 0.177301704883575 0.15862363576889 0.148367539048195 0.153399094939232 0.136657148599625 0.133417755365372 0.136958926916122 0.185661152005196 0.233985066413879 0.217100158333778 0.190275803208351 0.161227151751518 0.225610122084618 0.294573783874512 0.254586011171341 0.177772521972656 0.257738023996353 0.304855555295944 0.212001487612724 0.15629643201828 0.153405845165253 0.161183938384056 0.168336987495422 0.171343058347702 0.149939239025116 0.141385793685913 0.149433672428131 0.159807935357094 0.243039235472679 0.303073763847351 0.258430600166321 0.265621840953827 0.285501301288605 0.39637354016304 0.39590847492218 0.397573471069336 0.360329836606979 0.217941015958786 0.206969574093819 0.206794127821922
0.222280740737915 0.182192519307137 0.18280553817749 0.169914960861206 0.159479662775993 0.169913977384567 0.141623392701149 0.141711637377739 0.127827286720276 0.133022084832191 0.145593285560608 0.13712215423584 0.237961009144783 0.368716239929199 0.393401175737381 0.223392814397812 0.196360573172569 0.236214697360992 0.201631784439087 0.184196636080742 0.178137898445129 0.256607949733734 0.177927613258362 0.161818116903305 0.203444570302963 0.161239579319954 0.176824569702148 0.188493221998215 0.180086612701416 0.217267021536827 0.18050454556942 0.163425922393799 0.237678304314613 0.342160910367966 0.386197686195374 0.338715851306915 0.219601064920425 0.278337776660919 0.371786326169968 0.408556818962097 0.323707759380341 0.177499949932098 0.178654760122299 0.271047711372375
0.189167454838753 0.158657044172287 0.151972025632858 0.153118684887886 0.153472632169724 0.147131934762001 0.142050236463547 0.140497997403145 0.131964057683945 0.128614246845245 0.138407200574875 0.161308273673058 0.311692625284195 0.430308759212494 0.386667996644974 0.240372121334076 0.176791250705719 0.163037717342377 0.211885139346123 0.182434663176537 0.16305223107338 0.140549674630165 0.147625908255577 0.209981068968773 0.246991261839867 0.146289959549904 0.141005665063858 0.230723991990089 0.292575776576996 0.300328820943832 0.205950185656548 0.141040116548538 0.20946791768074 0.307815700769424 0.300645738840103 0.255826085805893 0.195984855294228 0.228014424443245 0.304206132888794 0.258554339408875 0.282708644866943 0.199794858694077 0.237667620182037 0.212473005056381
0.176723673939705 0.160897433757782 0.142808049917221 0.153519928455353 0.148851662874222 0.132566928863525 0.138246551156044 0.128475546836853 0.129478558897972 0.129022315144539 0.132629752159119 0.183679461479187 0.3619145154953 0.440196365118027 0.379730254411697 0.221804261207581 0.175475522875786 0.153625398874283 0.156514272093773 0.1834417283535 0.145957827568054 0.19104029238224 0.223785951733589 0.14873044192791 0.189152047038078 0.161197066307068 0.20250529050827 0.215470135211945 0.242232277989388 0.181641787290573 0.251094937324524 0.164819493889809 0.159626394510269 0.238928377628326 0.180091127753258 0.180813178420067 0.158457010984421 0.182386502623558 0.213353618979454 0.201141476631165 0.277609258890152 0.269513130187988 0.278768837451935 0.198265552520752
