data/climate_estimation/maxent_output/Tricyrtis_maculata.asc
NCOLS 393 
NROWS 229 
XLLCORNER 87.0833333333333 
YLLCORNER 22.4166666666667 
CELLSIZE 0.0833333333333333 
NODATA_value -3.4e+38 
[rows 38 to 56 of 229, columns 308 to 351 of 393]
0.211257293820381 0.180785238742828 0.226269200444221 0.252809643745422 0.272007644176483 0.29140642285347 0.343440473079681 0.358089357614517 0.407968163490295 0.45345538854599 0.465619325637817 0.490838408470154 0.408432126045227 0.457510709762573 0.547894418239594 0.582687199115753 0.641894578933716 0.668193280696869 0.661373615264893 0.661020278930664 0.63770979642868 0.56367152929306 0.472161859273911 0.480853855609894 0.466561615467072 0.438774049282074 0.411659866571426 0.428575307130814 0.378463000059128 0.384906589984894 0.415975630283356 0.42488905787468 0.428037345409393 0.428915947675705 0.410431951284409 0.365349948406219 0.326097160577774 0.319498658180237 0.324970304965973 0.324053138494492 0.391315191984177 0.461221814155579 0.465462237596512 0.462860435247421
0.213915511965752 0.220714598894119 0.205603763461113 0.27319324016571 0.273089170455933 0.32363361120224 0.373280256986618 0.413355827331543 0.407037347555161 0.475354164838791 0.545909225940704 0.572502851486206 0.521049618721008 0.558888554573059 0.563477396965027 0.623164713382721 0.663636744022369 0.698977649211884 0.697593867778778 0.69907933473587 0.703901946544647 0.651574075222015 0.544611155986786 0.484696596860886 0.458600103855133 0.442225426435471 0.415183961391449 0.387807548046112 0.385072380304337 0.388742357492447 0.378094494342804 0.429157227277756 0.382189780473709 0.416617184877396 0.321444720029831 0.321626991033554 0.30915042757988 0.312763541936874 0.278309017419815 0.308881163597107 0.31529426574707 0.368194609880447 0.442264944314957 0.485742300748825
0.256884455680847 0.209881782531738 0.263463705778122 0.263108611106873 0.326615214347839 0.348018020391464 0.376364499330521 0.425344049930573 0.485566169023514 0.520184993743896 0.538847625255585 0.607930481433868 0.620470702648163 0.611929595470428 0.626034617424011 0.680677711963654 0.68820321559906 0.708861112594604 0.723728179931641 0.726369202136993 0.730185508728027 0.686360478401184 0.640865981578827 0.49590390920639 0.480531841516495 0.4455706179142 0.42754340171814 0.340424299240112 0.346659511327744 0.396953195333481 0.389462679624557 0.398017525672913 0.349305123090744 0.333350539207458 0.316614210605621 0.319290578365326 0.314251512289047 0.307306170463562 0.260939419269562 0.26780042052269 0.310415595769882 0.378271222114563 0.460562407970428 0.50447952747345
0.259094178676605 0.269083619117737 0.285498887300491 0.307420641183853 0.342224627733231 0.365144699811935 0.415432929992676 0.460370272397995 0.515662789344788 0.568752944469452 0.643401145935059 0.646988689899445 0.591337859630585 0.656557679176331 0.663368165493011 0.714601695537567 0.717269122600555 0.742847084999084 0.751678884029388 0.763021767139435 0.764491140842438 0.688600361347198 0.655510663986206 0.545839548110962 0.529246747493744 0.466536581516266 0.389646232128143 0.358102679252625 0.366628557443619 0.359463483095169 0.363020986318588 0.397513270378113 0.394959628582001 0.376578509807587 0.326435059309006 0.322063535451889 0.309506088495255 0.304426908493042 0.297114789485931 0.299028605222702 0.313745528459549 0.375969171524048 0.466756939888 0.523778140544891
0.242915630340576 0.283412128686905 0.34502300620079 0.317337244749069 0.365894496440887 0.401225805282593 0.460158973932266 0.496264427900314 0.56426328420639 0.595832347869873 0.660283148288727 0.654453814029694 0.67144775390625 0.663934588432312 0.69336861371994 0.701708018779755 0.728500306606293 0.705745458602905 0.756207883358002 0.75270414352417 0.75378555059433 0.718486309051514 0.691146969795227 0.559995710849762 0.540366947650909 0.467718333005905 0.433031678199768 0.405464440584183 0.413746148347855 0.41168075799942 0.418073296546936 0.402106583118439 0.404251128435135 0.383857846260071 0.378346353769302 0.364353984594345 0.318511843681335 0.305895030498505 0.291444718837738 0.294516444206238 0.3364317715168 0.403475880622864 0.487395375967026 0.529075086116791
0.309743970632553 0.315553665161133 0.379944413900375 0.368598341941833 0.357741236686707 0.449216216802597 0.518067896366119 0.532981753349304 0.617074072360992 0.66016560792923 0.633670091629028 0.652349591255188 0.672053635120392 0.684562265872955 0.70955502986908 0.71836245059967 0.732855141162872 0.724359571933746 0.760569334030151 0.774559259414673 0.747345983982086 0.7155601978302 0.677095890045166 0.628737449645996 0.554163694381714 0.53722870349884 0.508831679821014 0.476476758718491 0.47385162115097 0.472073167562485 0.469090610742569 0.466736286878586 0.455698758363724 0.448024362325668 0.43853747844696 0.377554297447205 0.308144778013229 0.303624987602234 0.29220449924469 0.293718427419662 0.372702211141586 0.390903741121292 0.451555013656616 0.539562046527863
0.29878705739975 0.335110306739807 0.414378523826599 0.397132307291031 0.429518610239029 0.550140380859375 0.526551485061646 0.537161350250244 0.629347801208496 0.703908145427704 0.664534270763397 0.677954137325287 0.682629406452179 0.676588654518127 0.714314758777618 0.7308549284935 0.755690813064575 0.706889927387238 0.763504862785339 0.773576080799103 0.74331670999527 0.716229796409607 0.668816447257996 0.584078907966614 0.605176389217377 0.572197616100311 0.542593598365784 0.511334717273712 0.50794780254364 0.505433201789856 0.500532865524292 0.450554370880127 0.450989663600922 0.450226724147797 0.495002299547195 0.430370420217514 0.317956268787384 0.312613427639008 0.328538864850998 0.330784618854523 0.325650423765182 0.354190111160278 0.414945960044861 0.487406134605408
0.377712935209274 0.373580604791641 0.406012833118439 0.497168183326721 0.563195645809174 0.573678970336914 0.595173120498657 0.528637945652008 0.498940616846085 0.684629440307617 0.675727188587189 0.695854902267456 0.65826141834259 0.663013398647308 0.726942420005798 0.716160655021667 0.720371842384338 0.711364209651947 0.759790003299713 0.768922388553619 0.735935151576996 0.699733853340149 0.640104591846466 0.617735981941223 0.591748714447021 0.558716177940369 0.567154586315155 0.521337509155273 0.520060181617737 0.489511609077454 0.48829260468483 0.475614309310913 0.475820660591125 0.464739292860031 0.514949440956116 0.526299059391022 0.388181388378143 0.365376502275467 0.346070379018784 0.360912770032883 0.348565608263016 0.372499197721481 0.383515059947968 0.442427337169647
0.435974150896072 0.440443783998489 0.492059677839279 0.568416953086853 0.560646772384644 0.588825285434723 0.593137800693512 0.601863205432892 0.52106386423111 0.590844035148621 0.696699857711792 0.723049759864807 0.733078181743622 0.758446931838989 0.764434993267059 0.71091228723526 0.733196794986725 0.719538390636444 0.727080881595612 0.701311826705933 0.707262337207794 0.669677078723907 0.64367014169693 0.603898048400879 0.611058175563812 0.569350957870483 0.578875064849854 0.546473026275635 0.540891408920288 0.501435518264771 0.506188929080963 0.496183753013611 0.49532362818718 0.494928956031799 0.485755562782288 0.496310740709305 0.487266153097153 0.423650413751602 0.401112109422684 0.420094639062881 0.38747963309288 0.397160023450851 0.401305496692657 0.420355230569839
0.462125599384308 0.560452818870544 0.635408341884613 0.601791620254517 0.472427815198898 0.547405779361725 0.515659689903259 0.523320913314819 0.462616443634033 0.538077712059021 0.691047191619873 0.71659529209137 0.746971666812897 0.752390682697296 0.718304336071014 0.619302093982697 0.748732089996338 0.74053943157196 0.728325307369232 0.728840291500092 0.694924712181091 0.671416461467743 0.669420897960663 0.637184619903564 0.610585033893585 0.606539249420166 0.56137889623642 0.569200277328491 0.565494954586029 0.518787860870361 0.517786204814911 0.514178931713104 0.512768566608429 0.473959356546402 0.463844835758209 0.485169500112534 0.496340692043304 0.469471663236618 0.512365400791168 0.484073489904404 0.460065335035324 0.450945645570755 0.467304408550262 0.468328982591629
0.538681268692017 0.618081450462341 0.554370760917664 0.518179893493652 0.48572701215744 0.493609875440598 0.53803962469101 0.478568345308304 0.522872567176819 0.488043963909149 0.6409872174263 0.689726948738098 0.72882878780365 0.669316053390503 0.625281512737274 0.627430856227875 0.755750358104706 0.761169254779816 0.731258809566498 0.705020546913147 0.701531767845154 0.707644045352936 0.679321348667145 0.674675405025482 0.634596705436707 0.631177723407745 0.586321473121643 0.58214282989502 0.587221145629883 0.540798008441925 0.534781873226166 0.531130790710449 0.491123646497726 0.502718448638916 0.508229911327362 0.506393194198608 0.521792054176331 0.482977002859116 0.498088985681534 0.537481784820557 0.540547966957092 0.578460991382599 0.543287634849548 0.53405225276947
0.642931580543518 0.629558682441711 0.587498188018799 0.508902311325073 0.524352788925171 0.451325207948685 0.425808489322662 0.436881989240646 0.518809020519257 0.559005379676819 0.550780892372131 0.543115019798279 0.626728355884552 0.57151186466217 0.579925060272217 0.776696741580963 0.767343282699585 0.787371337413788 0.756632149219513 0.728517174720764 0.732540547847748 0.712988674640656 0.674800992012024 0.675943493843079 0.670986652374268 0.618662476539612 0.61445939540863 0.604576647281647 0.56990385055542 0.566464781761169 0.569920063018799 0.522100389003754 0.530813813209534 0.516219675540924 0.534508585929871 0.537537693977356 0.50253039598465 0.508337676525116 0.514370441436768 0.55899840593338 0.598860383033752 0.616423010826111 0.643100142478943 0.625654458999634
0.575777471065521 0.627734243869781 0.672854542732239 0.660897314548492 0.611941397190094 0.62130331993103 0.539927124977112 0.491602152585983 0.519848883152008 0.564825832843781 0.589407503604889 0.503922939300537 0.541761577129364 0.658004462718964 0.793787062168121 0.808420836925507 0.809491395950317 0.79950076341629 0.787155985832214 0.734423339366913 0.734819769859314 0.719699680805206 0.708716094493866 0.684583067893982 0.671032309532166 0.654771983623505 0.64130824804306 0.631972968578339 0.592543363571167 0.595631778240204 0.561498939990997 0.555821359157562 0.547344207763672 0.54701966047287 0.460135966539383 0.516059756278992 0.522131204605103 0.533733129501343 0.5436150431633 0.542398869991302 0.582400500774384 0.616700828075409 0.617525219917297 0.623731672763824
0.608188092708588 0.67123556137085 0.748400032520294 0.74679172039032 0.594347298145294 0.619002878665924 0.580626964569092 0.551596283912659 0.571850538253784 0.378483951091766 0.434898614883423 0.596925854682922 0.620647132396698 0.787985444068909 0.826523065567017 0.829235315322876 0.81268048286438 0.784686744213104 0.759565532207489 0.743498980998993 0.749325335025787 0.726038098335266 0.727289617061615 0.718754053115845 0.6789630651474 0.667435348033905 0.641124308109283 0.628940224647522 0.631523489952087 0.607120275497437 0.596415996551514 0.582286417484283 0.57415908575058 0.570391535758972 0.496249973773956 0.508063733577728 0.518570780754089 0.476066559553146 0.489043653011322 0.527131319046021 0.517930448055267 0.556149423122406 0.607064783573151 0.617220878601074
0.714851558208466 0.724819958209991 0.735213696956635 0.705706119537354 0.616176009178162 0.639095187187195 0.687355577945709 0.657572627067566 0.463802188634872 0.433261513710022 0.635010600090027 0.62224292755127 0.724785208702087 0.818754255771637 0.877213716506958 0.861758232116699 0.852331817150116 0.828322052955627 0.780152559280396 0.770458579063416 0.758992075920105 0.740675806999207 0.745241105556488 0.739737987518311 0.693521976470947 0.719881176948547 0.678171455860138 0.667016446590424 0.653628706932068 0.615346252918243 0.599851012229919 0.58492112159729 0.57354736328125 0.564710915088654 0.524600863456726 0.511655747890472 0.513506710529327 0.484191626310349 0.524385690689087 0.525812983512878 0.524924099445343 0.563206553459167 0.558535397052765 0.626110315322876
0.7433842420578 0.753334701061249 0.748029947280884 0.714875876903534 0.652705907821655 0.640568852424622 0.668244063854218 0.69943767786026 0.659150540828705 0.524709939956665 0.710428237915039 0.587767601013184 0.792081832885742 0.821259737014771 0.884349465370178 0.870149314403534 0.849923968315125 0.837614119052887 0.820789873600006 0.766186654567719 0.76316636800766 0.745301306247711 0.752340376377106 0.76157534122467 0.728043973445892 0.715438604354858 0.699760138988495 0.691585183143616 0.678940773010254 0.640473484992981 0.619733095169067 0.605859816074371 0.579683303833008 0.564840197563171 0.53314608335495 0.52048796415329 0.482888549566269 0.485117524862289 0.519434571266174 0.521639287471771 0.558246910572052 0.56647253036499 0.575624227523804 0.578123211860657
0.748900949954987 0.74964702129364 0.773316621780396 0.762013912200928 0.705013453960419 0.670250296592712 0.655118465423584 0.513651967048645 0.572992980480194 0.789967834949493 0.758949756622314 0.628721415996552 0.622895181179047 0.807429730892181 0.826587855815887 0.867936134338379 0.844322562217712 0.805990695953369 0.789652764797211 0.764837682247162 0.755370140075684 0.754088819026947 0.77056473493576 0.773049890995026 0.741207897663116 0.736131966114044 0.721990168094635 0.722224295139313 0.673020958900452 0.659743964672089 0.64508843421936 0.630548536777496 0.617906808853149 0.511063754558563 0.519263327121735 0.477268427610397 0.492488831281662 0.493254750967026 0.520703315734863 0.530449211597443 0.567744374275208 0.576892852783203 0.56996750831604 0.573295533657074
0.773874819278717 0.777410447597504 0.781286597251892 0.763473093509674 0.738038897514343 0.74347186088562 0.583702266216278 0.621015787124634 0.786767721176147 0.796317875385284 0.799117982387543 0.676663637161255 0.731938242912292 0.820544421672821 0.828839838504791 0.830507576465607 0.842791795730591 0.813460409641266 0.799790024757385 0.755800306797028 0.772043585777283 0.758888244628906 0.783157885074615 0.758039236068726 0.759698927402496 0.745282411575317 0.740613162517548 0.732281148433685 0.696001648902893 0.679350137710571 0.67412281036377 0.597429811954498 0.588418662548065 0.550826847553253 0.467717468738556 0.464008361101151 0.502118170261383 0.542333364486694 0.531549751758575 0.568950772285461 0.575567364692688 0.571159243583679 0.602584838867188 0.57947051525116
0.784579455852509 0.781507849693298 0.787982881069183 0.787566602230072 0.792858719825745 0.716268837451935 0.576438724994659 0.698661208152771 0.806270241737366 0.82685387134552 0.767454326152802 0.820698738098145 0.829938232898712 0.824165821075439 0.870104908943176 0.860760390758514 0.824195742607117 0.811083137989044 0.774008691310883 0.807239770889282 0.765629410743713 0.765955328941345 0.788842558860779 0.76334011554718 0.767536461353302 0.756668627262115 0.75128185749054 0.726330935955048 0.711191833019257 0.654641389846802 0.636058807373047 0.614582121372223 0.57226151227951 0.522330224514008 0.482020884752274 0.488926619291306 0.513262689113617 0.552378356456757 0.579828143119812 0.575803756713867 0.609593629837036 0.601595938205719 0.607158482074738 0.597907781600952
