data/climate_estimation/maxent_output/Tricyrtis_affinis.asc
NCOLS 139 
NROWS 110 
XLLCORNER 130.666666666667 
YLLCORNER 31.5 
CELLSIZE 0.0833333333333334 
NODATA_value -3.4e+38 
[rows 66 to 87 of 110, columns 0 to 49 of 139]
-3.4e+38 -3.4e+38 -3.4e+38 -3.4e+38 -3.4e+38 -3.4e+38 -3.4e+38 -3.4e+38 -3.4e+38 -3.4e+38 -3.4e+38 -3.4e+38 -3.4e+38 -3.4e+38 -3.4e+38 -3.4e+38 -3.4e+38 -3.4e+38 -3.4e+38 -3.4e+38 0.432130813598633 0.458136647939682 0.493775904178619 0.567797183990479 0.565527379512787 0.593500256538391 0.607090651988983 0.601496696472168 0.600434184074402 0.623555839061737 0.744749784469604 0.757254004478455 0.746677756309509 0.739302039146423 0.74425858259201 0.751538753509521 0.756431221961975 0.755139589309692 0.745791971683502 0.735362350940704 0.723978459835052 0.742983222007751 0.74175226688385 0.748451709747314 0.757665634155273 0.757730185985565 0.756739258766174 0.755017459392548 0.747911632061005 0.757049977779388
-3.4e+38 -3.4e+38 -3.4e+38 -3.4e+38 -3.4e+38 -3.4e+38 -3.4e+38 -3.4e+38 -3.4e+38 -3.4e+38 -3.4e+38 -3.4e+38 -3.4e+38 -3.4e+38 -3.4e+38 -3.4e+38 -3.4e+38 -3.4e+38 0.348342061042786 0.393414407968521 0.484262019395828 0.491535276174545 0.480274498462677 0.498147338628769 0.567959129810333 0.60792475938797 0.621184647083282 0.626213610172272 0.645233511924744 0.734763085842133 0.723288118839264 0.726044356822968 0.753862082958221 0.75220400094986 0.753140091896057 0.749269247055054 0.728210747241974 0.706051290035248 0.718636512756348 0.613262414932251 0.50615131855011 0.524505972862244 0.575859010219574 0.683376848697662 0.656986653804779 0.706978142261505 0.68694680929184 0.748422801494598 0.7111976146698 0.675972759723663
-3.4e+38 -3.4e+38 -3.4e+38 -3.4e+38 -3.4e+38 -3.4e+38 -3.4e+38 -3.4e+38 -3.4e+38 -3.4e+38 -3.4e+38 -3.4e+38 -3.4e+38 -3.4e+38 -3.4e+38 -3.4e+38 -3.4e+38 0.328172594308853 0.414886504411697 0.460628539323807 0.489440262317657 0.48516845703125 0.549614071846008 0.513362407684326 0.594410359859467 0.597018718719482 0.601265609264374 0.751484453678131 0.749017477035522 0.751696467399597 0.745123624801636 0.746832728385925 0.751400053501129 0.735142886638641 0.742479503154755 0.729201018810272 0.722679436206818 0.698318302631378 0.730418503284454 0.722744345664978 0.677767336368561 0.584088504314423 0.727569222450256 0.724687099456787 0.680192708969116 0.703626453876495 0.609770953655243 0.656527042388916 0.585389077663422 0.561220645904541
-3.4e+38 -3.4e+38 -3.4e+38 -3.4e+38 -3.4e+38 -3.4e+38 -3.4e+38 -3.4e+38 -3.4e+38 -3.4e+38 -3.4e+38 -3.4e+38 -3.4e+38 -3.4e+38 -3.4e+38 -3.4e+38 0.355344384908676 0.419162511825562 0.488812208175659 0.497052103281021 0.546164274215698 0.549809098243713 0.55409824848175 0.533637404441833 0.522988379001617 0.558676421642303 0.735404670238495 0.743722259998322 0.747460544109344 0.747471809387207 0.750945568084717 0.749264240264893 0.747251629829407 0.745831191539764 0.729731917381287 0.704071223735809 0.733897268772125 0.702922284603119 0.695304036140442 0.671967029571533 0.672702491283417 0.673636615276337 0.718847334384918 0.697005033493042 0.556354343891144 0.674769103527069 0.511027038097382 0.466049283742905 0.487172454595566 0.53137218952179
-3.4e+38 -3.4e+38 -3.4e+38 -3.4e+38 -3.4e+38 0.279048562049866 -3.4e+38 -3.4e+38 -3.4e+38 -3.4e+38 -3.4e+38 -3.4e+38 -3.4e+38 -3.4e+38 0.526691317558289 0.34999030828476 0.458951443433762 0.518927693367004 0.572533071041107 0.594307243824005 0.612329125404358 0.5779088139534 0.590639591217041 0.56342488527298 0.507258713245392 0.722958087921143 0.694135069847107 0.70294189453125 0.746492743492126 0.750020027160645 0.747550010681152 0.746670365333557 0.744542181491852 0.729865312576294 0.711661279201508 0.695533335208893 0.716596901416779 0.715852797031403 0.642911314964294 0.526814818382263 0.482444167137146 0.550765335559845 0.550480782985687 0.668321073055267 0.527633190155029 0.480631202459335 0.431343168020248 0.383391827344894 0.402075201272964 0.445538520812988
-3.4e+38 -3.4e+38 -3.4e+38 -3.4e+38 -3.4e+38 -3.4e+38 -3.4e+38 -3.4e+38 -3.4e+38 -3.4e+38 -3.4e+38 -3.4e+38 0.509404480457306 0.506117582321167 0.540514588356018 0.610546946525574 0.472163766622543 0.586775243282318 0.609278976917267 0.583344101905823 0.603838443756104 0.578002393245697 0.542849242687225 0.556719958782196 0.735796391963959 0.716573596000671 0.746728956699371 0.737584054470062 0.747487246990204 0.747408986091614 0.741116225719452 0.741598844528198 0.739806890487671 0.719397902488708 0.717671811580658 0.704596877098083 0.569720268249512 0.500007212162018 0.455741167068481 0.477434873580933 0.402138650417328 0.45109298825264 0.471977293491364 0.451985448598862 0.375748872756958 0.423902213573456 0.431438058614731 -3.4e+38 -3.4e+38 0.452576398849487
-3.4e+38 -3.4e+38 -3.4e+38 -3.4e+38 -3.4e+38 -3.4e+38 -3.4e+38 -3.4e+38 -3.4e+38 -3.4e+38 0.582408785820007 0.55951863527298 0.579763114452362 0.554403722286224 0.645981431007385 0.703818082809448 0.552438199520111 0.600341618061066 0.592281103134155 0.560825049877167 0.553016245365143 0.549577653408051 0.550824463367462 0.73480361700058 0.710488855838776 0.746412873268127 0.748554408550262 0.746793985366821 0.744600057601929 0.739784240722656 0.735162019729614 0.716162860393524 0.675837516784668 0.664871513843536 0.615976214408875 0.590571880340576 0.443631768226624 0.418250203132629 0.366352140903473 0.367202132940292 0.366770088672638 0.413253277540207 0.389466017484665 -3.4e+38 -3.4e+38 0.430384069681168 0.456089109182358 0.401575118303299 -3.4e+38 -3.4e+38
-3.4e+38 -3.4e+38 -3.4e+38 -3.4e+38 -3.4e+38 -3.4e+38 -3.4e+38 0.471644669771194 0.532608807086945 0.531008005142212 0.64884626865387 0.678835034370422 0.66815596818924 0.635650277137756 0.706668317317963 0.726019978523254 0.714929938316345 0.606819152832031 0.728358209133148 0.742139399051666 0.711092829704285 0.672461450099945 0.699368357658386 0.718969523906708 0.746241688728333 0.74623054265976 0.745076596736908 0.74034708738327 0.740366756916046 0.696867406368256 0.623147964477539 0.524511337280273 0.456075966358185 0.475336313247681 0.519542098045349 0.492784678936005 0.3760726749897 0.43408739566803 0.408562958240509 0.450652718544006 0.425408959388733 -3.4e+38 0.626459896564484 0.73170793056488 0.543340802192688 -3.4e+38 -3.4e+38 -3.4e+38 -3.4e+38 -3.4e+38
-3.4e+38 -3.4e+38 -3.4e+38 0.475837618112564 0.400683283805847 -3.4e+38 0.484126836061478 0.466228514909744 0.474715709686279 0.595749199390411 0.665383398532867 0.713376522064209 0.714139819145203 0.716413557529449 0.723639130592346 0.716950654983521 0.696223556995392 0.707444131374359 0.722070872783661 0.741360187530518 0.666065275669098 0.520338475704193 0.622735261917114 0.680022299289703 0.700368285179138 0.689343452453613 0.669790089130402 0.652392625808716 0.677788197994232 0.644443869590759 0.545619606971741 0.521558523178101 0.472657233476639 0.39398005604744 0.442467451095581 0.391912221908569 0.30030944943428 0.358541399240494 0.500543057918549 0.332675933837891 0.483700186014175 0.456796050071716 0.506773412227631 0.614674687385559 0.530457258224487 -3.4e+38 -3.4e+38 -3.4e+38 -3.4e+38 0.605794072151184
-3.4e+38 -3.4e+38 0.394832998514175 0.434903740882874 0.48360487818718 0.514547407627106 0.50719279050827 0.573352515697479 0.587527275085449 0.623283445835114 0.674187421798706 0.713137447834015 0.717416942119598 0.725712597370148 0.737647116184235 0.731868743896484 0.733648657798767 0.735682487487793 0.74047440290451 0.709107220172882 0.414801508188248 0.371681898832321 0.490303456783295 0.689017295837402 0.630871832370758 0.681135535240173 0.611574411392212 0.445174157619476 0.507840216159821 0.538844108581543 0.412810057401657 0.442204058170319 0.540208101272583 0.373532861471176 0.378170281648636 0.390459537506104 0.43731689453125 0.217178955674171 0.282328456640244 0.561188578605652 0.373041808605194 0.509158909320831 0.498004496097565 0.447156399488449 -3.4e+38 -3.4e+38 -3.4e+38 -3.4e+38 0.462529987096786 0.59410560131073
-3.4e+38 -3.4e+38 0.408622354269028 0.451611429452896 0.571076452732086 0.5845085978508 0.612802028656006 0.639408528804779 0.669586539268494 0.693302750587463 0.707143723964691 0.71340948343277 0.738453686237335 0.728009939193726 0.716213822364807 0.717433512210846 0.721412897109985 0.706696689128876 0.687938034534454 0.58325058221817 0.509488880634308 0.446946233510971 0.607397317886353 0.667438864707947 0.641919493675232 0.426554977893829 0.44133597612381 0.43889456987381 0.496777474880219 0.474316954612732 0.452272117137909 -3.4e+38 -3.4e+38 -3.4e+38 0.359131008386612 0.332247197628021 0.398528605699539 0.219617187976837 0.334877818822861 0.513167798519135 0.472802728414536 0.538567781448364 0.535521984100342 0.537748634815216 0.432845711708069 -3.4e+38 -3.4e+38 -3.4e+38 0.537439703941345 0.609685182571411
-3.4e+38 -3.4e+38 0.380007028579712 0.519485890865326 0.534353852272034 0.547383904457092 0.587438344955444 0.598286211490631 0.668528854846954 0.683625400066376 0.648184955120087 0.65588116645813 0.706988096237183 0.72843211889267 0.723478496074677 0.681102395057678 0.642459809780121 0.639648020267487 0.526997148990631 0.44231191277504 0.606755912303925 0.521329522132874 0.48591747879982 0.432291477918625 0.437071830034256 0.386318653821945 0.376404851675034 0.434043884277344 0.428159028291702 0.408335417509079 0.369973450899124 0.409222215414047 -3.4e+38 -3.4e+38 0.337456494569778 0.450639098882675 0.414093375205994 0.464355707168579 0.539518535137177 0.64140510559082 0.682352960109711 0.70522153377533 0.716096699237823 0.690007865428925 0.661020815372467 0.673765063285828 0.650004148483276 0.406322330236435 0.472290754318237 0.663857340812683
-3.4e+38 0.329407662153244 0.39203155040741 0.472871154546738 0.471951872110367 0.534199655056 0.58483749628067 0.596838057041168 0.597293555736542 0.554826140403748 0.636701107025146 0.654078245162964 0.635755598545074 0.677310883998871 0.703995823860168 0.712947070598602 0.657219409942627 0.61839348077774 0.493971586227417 -3.4e+38 0.490933179855347 0.51034951210022 0.447856605052948 0.418683230876923 0.296283036470413 0.340571254491806 0.299106985330582 0.302915781736374 0.428931087255478 0.362225353717804 0.353832811117172 -3.4e+38 -3.4e+38 -3.4e+38 0.344046503305435 0.405806392431259 0.404481202363968 0.667938768863678 0.726583480834961 0.724306762218475 0.714994311332703 0.718874037265778 0.718531012535095 0.686498045921326 0.643312394618988 0.491768568754196 0.417119801044464 0.373627752065659 -3.4e+38 0.450372338294983
-3.4e+38 -3.4e+38 0.310903936624527 0.453276216983795 0.38249996304512 0.465936332941055 0.483838617801666 0.518333554267883 0.428616762161255 0.420983046293259 0.416289150714874 0.571892559528351 0.412685483694077 0.431740820407867 0.592148900032043 0.59063708782196 0.58996570110321 0.595859467983246 0.568595707416534 -3.4e+38 0.390394419431686 0.322181582450867 0.345306634902954 0.299824386835098 -3.4e+38 0.40069767832756 0.54286789894104 0.363268941640854 0.277326017618179 -3.4e+38 -3.4e+38 -3.4e+38 -3.4e+38 -3.4e+38 0.35322642326355 0.676362991333008 0.724491000175476 0.728546619415283 0.723983108997345 0.71968799829483 0.69646155834198 0.682165145874023 0.705668926239014 0.666061878204346 0.636376261711121 0.58902782201767 0.498526573181152 0.445454120635986 -3.4e+38 -3.4e+38
0.321435749530792 0.283191621303558 0.278639376163483 0.349665939807892 0.31391179561615 0.366013675928116 0.393642038106918 0.439087241888046 0.401478558778763 0.390814155340195 0.391684144735336 0.347137540578842 0.337809413671494 0.381808340549469 0.429286897182465 0.423525899648666 0.41708967089653 0.48764643073082 0.554148197174072 0.545110702514648 0.390973538160324 0.389442503452301 0.319689035415649 0.36310076713562 0.31886750459671 0.527053475379944 0.7013099193573 0.705541968345642 0.402300506830215 0.339713126420975 0.38466465473175 0.402289569377899 0.655913770198822 0.735030710697174 0.731466472148895 0.730637609958649 0.726972699165344 0.725062131881714 0.696207761764526 0.628594875335693 0.703390598297119 0.696568429470062 0.696659505367279 0.700696468353271 0.697257280349731 0.692713439464569 0.598246216773987 0.451152205467224 0.441082566976547 -3.4e+38
0.303298622369766 0.423545092344284 0.312445342540741 0.400270938873291 0.283534407615662 -3.4e+38 -3.4e+38 -3.4e+38 -3.4e+38 -3.4e+38 -3.4e+38 -3.4e+38 -3.4e+38 -3.4e+38 -3.4e+38 0.32625287771225 0.362568140029907 0.511390626430511 0.587857306003571 0.443081587553024 0.40809229016304 -3.4e+38 0.291181772947311 -3.4e+38 0.313327014446259 0.520377039909363 0.695984899997711 0.717035472393036 0.549975216388702 0.556358516216278 0.666509449481964 0.701695203781128 0.651413023471832 0.691470623016357 0.678760409355164 0.703543126583099 0.698717772960663 0.709396481513977 0.671900272369385 0.60723203420639 0.598609507083893 0.602367877960205 0.641580581665039 0.661961793899536 0.671688675880432 0.670948624610901 0.585417568683624 0.52285760641098 0.46115317940712 0.438367813825607
0.320344150066376 0.601783156394958 0.561173796653748 0.416859537363052 0.29090827703476 -3.4e+38 -3.4e+38 -3.4e+38 -3.4e+38 -3.4e+38 -3.4e+38 -3.4e+38 -3.4e+38 -3.4e+38 -3.4e+38 0.479051649570465 0.349778473377228 0.376503378152847 0.467142254114151 0.334430128335953 -3.4e+38 -3.4e+38 -3.4e+38 -3.4e+38 0.304953277111053 0.357159793376923 0.550405502319336 0.670234382152557 0.703316807746887 0.656373739242554 0.621740698814392 0.623479545116425 0.668698191642761 0.698716878890991 0.715913653373718 0.717705905437469 0.708920955657959 0.692053437232971 0.631365597248077 0.605582177639008 0.614400923252106 0.652011513710022 0.658333897590637 0.655468583106995 0.644426167011261 0.575734674930573 0.551113903522491 0.500472962856293 0.519520938396454 -3.4e+38
0.366983652114868 0.595614850521088 0.587010204792023 0.309331744909286 0.307716578245163 -3.4e+38 -3.4e+38 -3.4e+38 -3.4e+38 -3.4e+38 0.358902722597122 0.337026447057724 0.338022917509079 -3.4e+38 -3.4e+38 -3.4e+38 -3.4e+38 0.342591971158981 -3.4e+38 -3.4e+38 -3.4e+38 -3.4e+38 -3.4e+38 0.543975830078125 0.584550976753235 0.647131860256195 0.711054563522339 0.697785377502441 0.691569447517395 0.627941727638245 0.658782720565796 0.693264365196228 0.687439441680908 0.71513170003891 0.713820934295654 0.699248194694519 0.688233733177185 0.679751813411713 0.671650886535645 0.660029828548431 0.628072082996368 0.629761576652527 0.640363812446594 0.614284694194794 0.591356635093689 0.509253561496735 0.450759202241898 -3.4e+38 -3.4e+38 -3.4e+38
0.371895343065262 0.415305137634277 0.47178241610527 0.49422687292099 0.457948714494705 0.335488855838776 0.302811443805695 0.302467226982117 -3.4e+38 0.352555751800537 0.564174711704254 0.564496755599976 0.346811503171921 -3.4e+38 -3.4e+38 -3.4e+38 -3.4e+38 -3.4e+38 -3.4e+38 -3.4e+38 -3.4e+38 0.454045087099075 0.63413017988205 0.644582271575928 0.627015948295593 0.667575716972351 0.706144273281097 0.693932414054871 0.685629785060883 0.699650466442108 0.667996525764465 0.72078549861908 0.714748084545135 0.707757711410522 0.698675811290741 0.587380290031433 0.5623779296875 0.591264069080353 0.651734471321106 0.643374562263489 0.632220447063446 0.625903129577637 0.602492928504944 0.463521957397461 0.405894339084625 0.390413641929626 -3.4e+38 -3.4e+38 -3.4e+38 -3.4e+38
0.530537903308868 0.614649176597595 0.6577507853508 0.732814967632294 0.725994169712067 0.618082582950592 0.398181825876236 0.340623825788498 0.354404121637344 0.472952723503113 0.577777862548828 0.610807716846466 0.384611248970032 -3.4e+38 -3.4e+38 -3.4e+38 -3.4e+38 -3.4e+38 -3.4e+38 -3.4e+38 0.574779510498047 0.616473197937012 0.481354713439941 0.499500036239624 0.572112023830414 0.673072278499603 0.660184860229492 0.658361434936523 0.694830775260925 0.63383287191391 0.695764482021332 0.577598989009857 0.564226448535919 0.426159858703613 0.341046899557114 0.32720473408699 0.365340858697891 0.472014486789703 0.500649392604828 0.506132245063782 0.582956790924072 0.581261157989502 0.512339293956757 0.361829489469528 0.343898832798004 -3.4e+38 -3.4e+38 -3.4e+38 -3.4e+38 -3.4e+38
0.662122428417206 0.735364437103271 0.748224854469299 0.75496119260788 0.748745977878571 0.644156098365784 0.628553152084351 0.601097404956818 0.570425808429718 0.569966375827789 0.569978058338165 0.522064387798309 0.360365033149719 -3.4e+38 -3.4e+38 -3.4e+38 -3.4e+38 0.291931003332138 0.500783324241638 0.35798180103302 0.378832846879959 0.53386652469635 0.55188113451004 0.542212903499603 0.542860925197601 0.668396294116974 0.667268812656403 0.672916054725647 0.664612293243408 0.612115859985352 0.665657937526703 0.586153626441956 0.427341818809509 0.343227207660675 0.29524838924408 -3.4e+38 -3.4e+38 -3.4e+38 0.375312566757202 0.428107112646103 0.424381226301193 0.550328314304352 0.435652822256088 0.336847871541977 -3.4e+38 -3.4e+38 -3.4e+38 -3.4e+38 -3.4e+38 -3.4e+38
0.282276839017868 0.514582812786102 0.600457072257996 0.698920726776123 0.720365226268768 0.717485189437866 0.720612704753876 0.680052936077118 0.652745962142944 0.645023822784424 0.449397593736649 0.299964606761932 0.301357626914978 -3.4e+38 -3.4e+38 -3.4e+38 0.269068449735641 0.422778069972992 0.285429805517197 -3.4e+38 0.354440897703171 0.519187152385712 0.56977766752243 0.535861313343048 0.541360259056091 0.582745611667633 0.647231578826904 0.616690456867218 0.615364491939545 0.563910365104675 0.56285148859024 0.366019368171692 0.34622049331665 0.28483384847641 -3.4e+38 -3.4e+38 -3.4e+38 -3.4e+38 -3.4e+38 -3.4e+38 0.379666447639465 0.390732645988464 0.329868942499161 -3.4e+38 -3.4e+38 -3.4e+38 -3.4e+38 -3.4e+38 -3.4e+38 -3.4e+38
