data/climate_estimation/maxent_output/Trillium_maculatum.asc
NCOLS 106 
NROWS 56 
XLLCORNER -87.75 
YLLCORNER 29.5 
CELLSIZE 0.0833333333333333 
NODATA_value -3.4e+38 
[rows 0 to 20 of 56, columns 48 to 95 of 106]
0.255175948143005 0.275249123573303 0.121279135346413 0.122890688478947 0.122006691992283 0.317825794219971 0.361034274101257 0.399671882390976 0.456107437610626 0.437877237796783 0.439131855964661 0.481048196554184 0.547954142093658 0.566477358341217 0.574345648288727 0.525364995002747 0.498366892337799 0.523880243301392 0.489331752061844 0.501979291439056 0.547354280948639 0.582752525806427 0.595016002655029 0.642588496208191 0.218153849244118 0.251711338758469 0.253394484519958 0.275150954723358 0.284932404756546 0.298957765102386 0.318112313747406 0.375176697969437 0.341488927602768 0.335595279932022 0.322955578565598 0.347228795289993 0.371875196695328 0.393899202346802 0.415235608816147 0.386148542165756 0.396425396203995 0.4325250685215 0.444209337234497 0.474200338125229 0.499638259410858 0.533052921295166 0.596521735191345 0.610324025154114
0.319313079118729 0.347511887550354 0.330198168754578 0.353776484727859 0.369870960712433 0.369953989982605 0.427981346845627 0.451608002185822 0.480030536651611 0.502415716648102 0.525518476963043 0.54701030254364 0.572288572788239 0.588428795337677 0.585013687610626 0.592495799064636 0.534627020359039 0.548898935317993 0.549721419811249 0.551058828830719 0.562881469726562 0.599093377590179 0.642627537250519 0.694373607635498 0.272425413131714 0.267404288053513 0.290356665849686 0.303132504224777 0.321356177330017 0.34335932135582 0.391317486763 0.444305956363678 0.455516338348389 0.428002715110779 0.374266892671585 0.401498198509216 0.404185891151428 0.480228245258331 0.501321732997894 0.473911583423615 0.510129749774933 0.517577767372131 0.531692743301392 0.532718420028687 0.558394610881805 0.595114469528198 0.595234096050262 0.627425968647003
0.346120774745941 0.353621989488602 0.385760366916656 0.419292867183685 0.457713186740875 0.437408596277237 0.447252333164215 0.488072901964188 0.47851487994194 0.523932158946991 0.595541834831238 0.60426914691925 0.581131756305695 0.623298346996307 0.632158160209656 0.594623029232025 0.616738557815552 0.596348524093628 0.621065437793732 0.588294506072998 0.645188271999359 0.670072495937347 0.684719145298004 0.727250635623932 0.266846895217896 0.291871398687363 0.286254823207855 0.296604126691818 0.310215324163437 0.368388712406158 0.441493928432465 0.506222546100616 0.55493551492691 0.54631769657135 0.496687054634094 0.45587757229805 0.493883401155472 0.554762065410614 0.513965368270874 0.483822673559189 0.5321906208992 0.54130345582962 0.569739460945129 0.563105165958405 0.588429808616638 0.621056854724884 0.620584547519684 0.642522156238556
0.363868564367294 0.412710040807724 0.426820993423462 0.453987240791321 0.496638566255569 0.520966589450836 0.486960142850876 0.488629162311554 0.55664724111557 0.597295522689819 0.588181436061859 0.585435152053833 0.552866697311401 0.605652213096619 0.623811483383179 0.631510257720947 0.643276274204254 0.633332312107086 0.658119320869446 0.670346438884735 0.705918908119202 0.695759415626526 0.689093947410583 0.685518443584442 0.734684228897095 0.270786672830582 0.305012762546539 0.330078125 0.360593885183334 0.394838869571686 0.460963159799576 0.505537629127502 0.562306702136993 0.627318799495697 0.614038944244385 0.598535478115082 0.598515510559082 0.582552373409271 0.538684725761414 0.50021630525589 0.542897582054138 0.600161790847778 0.616732954978943 0.604841411113739 0.620046555995941 0.630408465862274 0.622661888599396 0.654309988021851
0.421329140663147 0.446564674377441 0.507934868335724 0.518410444259644 0.531362771987915 0.615244567394257 0.575118005275726 0.549541532993317 0.591451168060303 0.598788976669312 0.576758623123169 0.556546926498413 0.589620351791382 0.609680116176605 0.605662107467651 0.626367390155792 0.651114761829376 0.695507347583771 0.709973633289337 0.716218888759613 0.698812901973724 0.69365394115448 0.668116927146912 0.682865560054779 0.771604835987091 0.299467474222183 0.355247855186462 0.417531818151474 0.404375404119492 0.430582404136658 0.432699531316757 0.47815677523613 0.541116297245026 0.624011993408203 0.63748562335968 0.672673881053925 0.644517481327057 0.561706781387329 0.565863490104675 0.522969603538513 0.571036517620087 0.581117928028107 0.58505642414093 0.59894597530365 0.648104727268219 0.650915622711182 0.65269011259079 0.686037242412567
0.511051833629608 0.540972709655762 0.574545681476593 0.615957498550415 0.636765480041504 0.703961730003357 0.639123857021332 0.618108332157135 0.632292151451111 0.623252272605896 0.63218629360199 0.6421257853508 0.617413818836212 0.604578971862793 0.613676369190216 0.64105099439621 0.690379738807678 0.701180756092072 0.730936288833618 0.729788184165955 0.767787575721741 0.76009726524353 0.6975337266922 0.765012204647064 0.788636982440948 0.387563616037369 0.38021594285965 0.41427293419838 0.453162461519241 0.502065896987915 0.516104638576508 0.531692802906036 0.547369420528412 0.582886695861816 0.608632564544678 0.625021398067474 0.639961719512939 0.612327873706818 0.524020314216614 0.548758566379547 0.551169395446777 0.610568404197693 0.611142456531525 0.613836288452148 0.663105309009552 0.66807633638382 0.699287295341492 0.722355663776398
0.551211655139923 0.593844711780548 0.653982102870941 0.701834261417389 0.740450739860535 0.740823686122894 0.724396765232086 0.664121568202972 0.678689301013947 0.698372185230255 0.680188715457916 0.676611542701721 0.656461358070374 0.673690497875214 0.661047399044037 0.683184683322906 0.660168409347534 0.702593803405762 0.781817197799683 0.797727108001709 0.815542995929718 0.766109228134155 0.79824697971344 0.827394902706146 0.348589420318604 0.384071826934814 0.451667368412018 0.439897030591965 0.490482717752457 0.509449899196625 0.582894027233124 0.595711886882782 0.642297387123108 0.634887397289276 0.671778559684753 0.677067220211029 0.668192207813263 0.584421336650848 0.559808850288391 0.572917580604553 0.59771603345871 0.625351965427399 0.659125447273254 0.652263581752777 0.703611373901367 0.71017587184906 0.735966682434082 0.73051118850708
0.659499406814575 0.699131667613983 0.729446113109589 0.751978874206543 0.773762226104736 0.777566134929657 0.78031975030899 0.755876898765564 0.729312241077423 0.705710053443909 0.690599143505096 0.67782324552536 0.651252448558807 0.671166479587555 0.658373475074768 0.644505023956299 0.687025189399719 0.734418988227844 0.775774240493774 0.789409637451172 0.817290067672729 0.804586708545685 0.857991456985474 0.869485437870026 0.362727642059326 0.410146862268448 0.467634707689285 0.509838879108429 0.553294897079468 0.59531307220459 0.61321097612381 0.613361179828644 0.661873459815979 0.689180195331573 0.690152287483215 0.71214747428894 0.65954202413559 0.612735986709595 0.570187747478485 0.602749109268188 0.596358299255371 0.641285181045532 0.678164839744568 0.683389663696289 0.734215974807739 0.73314893245697 0.742565393447876 0.746299922466278
0.725305676460266 0.741873502731323 0.763738870620728 0.805745840072632 0.785329520702362 0.825858473777771 0.824797570705414 0.808699429035187 0.773988425731659 0.733679950237274 0.747296214103699 0.707751214504242 0.657425582408905 0.667699992656708 0.673246622085571 0.695248961448669 0.699124813079834 0.741261005401611 0.762244522571564 0.784187138080597 0.84172797203064 0.868604123592377 0.876980900764465 0.413989454507828 0.411122769117355 0.478374183177948 0.485101163387299 0.552192389965057 0.595748007297516 0.658173441886902 0.683206975460052 0.676554441452026 0.692343890666962 0.680505514144897 0.748913407325745 0.725234746932983 0.699846267700195 0.646457433700562 0.635932207107544 0.612517058849335 0.624483942985535 0.674218833446503 0.68350875377655 0.731610298156738 0.771183133125305 0.775173962116241 0.797508776187897 0.777423799037933
0.76741099357605 0.797151863574982 0.796842455863953 0.832424402236938 0.818533062934875 0.827792823314667 0.838918328285217 0.841821193695068 0.830721974372864 0.8048255443573 0.762986600399017 0.755759239196777 0.719719648361206 0.703560769557953 0.715688645839691 0.735805630683899 0.7433140873909 0.747547447681427 0.768575489521027 0.797814071178436 0.844234466552734 0.888532996177673 0.897375583648682 0.906915426254272 0.445736646652222 0.516761183738708 0.544852554798126 0.57991760969162 0.617771983146667 0.638285517692566 0.685568392276764 0.690822601318359 0.72396582365036 0.752518355846405 0.767692148685455 0.717607259750366 0.67388516664505 0.685817301273346 0.642019689083099 0.647497296333313 0.673615515232086 0.70168924331665 0.749908030033112 0.731364905834198 0.791399419307709 0.810149669647217 0.804527997970581 0.807130753993988
0.783515691757202 0.802897334098816 0.831511855125427 0.84261953830719 0.851567804813385 0.860721349716187 0.871934831142426 0.863954424858093 0.855095267295837 0.837013602256775 0.806855618953705 0.79607105255127 0.759965837001801 0.743197619915009 0.736950159072876 0.725878298282623 0.734800219535828 0.754518330097198 0.768740653991699 0.80574369430542 0.839803814888 0.874642908573151 0.90858381986618 0.54537034034729 0.542714178562164 0.570782661437988 0.589413285255432 0.652201056480408 0.659907042980194 0.69769012928009 0.700979650020599 0.717282593250275 0.753154218196869 0.788223445415497 0.73317289352417 0.735644280910492 0.703579008579254 0.705780029296875 0.709703385829926 0.73004025220871 0.723971009254456 0.758756458759308 0.764146447181702 0.776234805583954 0.823037266731262 0.828242182731628 0.83287101984024 0.834112882614136
0.838387012481689 0.820107281208038 0.837719678878784 0.855216562747955 0.879934728145599 0.889909625053406 0.89042466878891 0.86559396982193 0.857117652893066 0.837965071201324 0.819411158561707 0.817895114421844 0.801709830760956 0.799653768539429 0.755219459533691 0.759710967540741 0.773941516876221 0.782206416130066 0.787413239479065 0.823475122451782 0.854402244091034 0.874891519546509 0.901487410068512 0.590068638324738 0.618948519229889 0.603553354740143 0.642612874507904 0.683181047439575 0.698449790477753 0.715352892875671 0.752944529056549 0.778566896915436 0.782716393470764 0.781215071678162 0.762300789356232 0.710864663124084 0.730830371379852 0.730426967144012 0.735921740531921 0.782901525497437 0.795920431613922 0.786769270896912 0.831108093261719 0.844217300415039 0.837083220481873 0.850386798381805 0.838540315628052 0.82871687412262
0.848719120025635 0.84790825843811 0.87705272436142 0.875884890556335 0.893347978591919 0.890674650669098 0.897454738616943 0.875868141651154 0.870276272296906 0.871075332164764 0.833894073963165 0.840687930583954 0.828421592712402 0.812545299530029 0.795212805271149 0.774804532527924 0.773699879646301 0.786241710186005 0.786957800388336 0.827633500099182 0.845614850521088 0.868789196014404 0.88383275270462 0.896821200847626 0.649877190589905 0.700353026390076 0.675438761711121 0.723493933677673 0.749681353569031 0.758384346961975 0.78532999753952 0.812458693981171 0.826473236083984 0.778335690498352 0.783885776996613 0.748571753501892 0.7496337890625 0.792478680610657 0.799080073833466 0.839963793754578 0.854104697704315 0.865203142166138 0.876112818717957 0.860901832580566 0.863345503807068 0.877482235431671 0.872573554515839 0.843951225280762
0.869978189468384 0.87097430229187 0.877213537693024 0.893854856491089 0.908969461917877 0.908932507038116 0.921827614307404 0.915002644062042 0.889861822128296 0.893826246261597 0.879656076431274 0.836101770401001 0.835286021232605 0.827594637870789 0.812927663326263 0.806154072284698 0.793298006057739 0.798053085803986 0.81624698638916 0.830613076686859 0.851392567157745 0.882139503955841 0.89410525560379 0.907374560832977 0.685459971427917 0.709919631481171 0.743113160133362 0.757070422172546 0.768168449401855 0.800214886665344 0.822321057319641 0.837488949298859 0.818102955818176 0.80876487493515 0.801169216632843 0.81720370054245 0.809239447116852 0.810987949371338 0.843237638473511 0.87371426820755 0.880763530731201 0.899004697799683 0.893775641918182 0.905151069164276 0.895986616611481 0.912868320941925 0.892988383769989 0.84927773475647
0.89750725030899 0.888700842857361 0.891009867191315 0.895643055438995 0.912349462509155 0.924479246139526 0.923348069190979 0.903963685035706 0.897193491458893 0.883574724197388 0.881086409091949 0.865714251995087 0.862943887710571 0.860486328601837 0.854674518108368 0.809794545173645 0.820464193820953 0.807177126407623 0.813252031803131 0.865228354930878 0.87619823217392 0.880402684211731 0.90744024515152 0.654826164245605 0.701811254024506 0.732392549514771 0.786987841129303 0.795627057552338 0.811642467975616 0.843376159667969 0.834807574748993 0.838473618030548 0.837036430835724 0.827010631561279 0.77107709646225 0.804875075817108 0.804912269115448 0.84726220369339 0.861623346805573 0.880069136619568 0.900059401988983 0.912045240402222 0.912748515605927 0.912903785705566 0.916588604450226 0.916812241077423 0.887751579284668 0.858279049396515
0.907344281673431 0.90007084608078 0.911574959754944 0.9067622423172 0.921339452266693 0.919096648693085 0.914603292942047 0.875673234462738 0.830795109272003 0.849342465400696 0.86670196056366 0.869457423686981 0.871153831481934 0.869776368141174 0.857596457004547 0.856353640556335 0.849823355674744 0.833329498767853 0.841262221336365 0.862708330154419 0.883319914340973 0.900345623493195 0.904923319816589 0.707001388072968 0.761797726154327 0.770859241485596 0.813290119171143 0.810142934322357 0.860829412937164 0.843371868133545 0.856559634208679 0.858074843883514 0.855070471763611 0.809558570384979 0.793581545352936 0.816772997379303 0.808126986026764 0.82927680015564 0.876559913158417 0.889615893363953 0.904308676719666 0.908836364746094 0.927935004234314 0.92074990272522 0.914386034011841 0.908940374851227 0.894392192363739 0.85271430015564
0.821696162223816 0.847211480140686 0.867134392261505 0.867717742919922 0.840897977352142 0.861678719520569 0.860179424285889 0.850733757019043 0.833209455013275 0.810101449489594 0.85148811340332 0.831097960472107 0.866350591182709 0.865058958530426 0.879646956920624 0.875401258468628 0.886802434921265 0.868657946586609 0.863294184207916 0.882356405258179 0.895069897174835 0.911298513412476 0.731787860393524 0.744751274585724 0.78005713224411 0.817334651947021 0.855691432952881 0.859033524990082 0.855103850364685 0.855121850967407 0.865749537944794 0.834971606731415 0.812715649604797 0.81240850687027 0.805960357189178 0.840442717075348 0.848165333271027 0.845713555812836 0.897679388523102 0.894663989543915 0.907558619976044 0.914707660675049 0.922264397144318 0.915906071662903 0.885132730007172 0.883081793785095 0.890984356403351 0.86167848110199
0.789613127708435 0.744925439357758 0.787092566490173 0.820388674736023 0.843023240566254 0.853198349475861 0.804439008235931 0.801681101322174 0.811234354972839 0.79992413520813 0.826699197292328 0.812532365322113 0.818708002567291 0.850066244602203 0.85460489988327 0.882869958877563 0.901823937892914 0.894784390926361 0.879890501499176 0.870125412940979 0.905850410461426 0.914824843406677 0.796334207057953 0.800278544425964 0.821107029914856 0.846368193626404 0.866075575351715 0.880110681056976 0.872791945934296 0.878043293952942 0.846822500228882 0.841346740722656 0.829863786697388 0.836655557155609 0.820800542831421 0.819231927394867 0.83904355764389 0.868305146694183 0.903020799160004 0.903359711170197 0.921039760112762 0.924157381057739 0.930687189102173 0.912216424942017 0.914553642272949 0.902302980422974 0.899993300437927 -3.4e+38
0.739436745643616 0.727457284927368 0.689057052135468 0.72370970249176 0.791572332382202 0.803604423999786 0.805714666843414 0.804265439510345 0.81097024679184 0.799055695533752 0.797190010547638 0.788609564304352 0.821362197399139 0.77597576379776 0.814172685146332 0.83520781993866 0.869878649711609 0.9018834233284 0.906848549842834 0.898671746253967 0.888178765773773 0.920006275177002 0.803202927112579 0.830930888652802 0.833381772041321 0.852851986885071 0.886138319969177 0.878960490226746 0.871950149536133 0.864713907241821 0.857742607593536 0.841460525989532 0.839145123958588 0.842065453529358 0.851759850978851 0.840359687805176 0.855728089809418 0.895680904388428 0.913425803184509 0.923210859298706 0.931131899356842 0.928813278675079 0.926879227161407 0.918721437454224 0.925505518913269 0.912552535533905 -3.4e+38 -3.4e+38
0.686912596225739 0.698433339595795 0.702643096446991 0.703645408153534 0.743185341358185 0.752814412117004 0.749374091625214 0.760979950428009 0.769774556159973 0.768235564231873 0.765061259269714 0.744085371494293 0.785228252410889 0.781692624092102 0.795721530914307 0.799235165119171 0.836100697517395 0.870327115058899 0.908281266689301 0.899114012718201 0.909367144107819 0.898090302944183 0.832335948944092 0.82124251127243 0.811527848243713 0.843612551689148 0.875903844833374 0.88015216588974 0.861811578273773 0.852469980716705 0.85239851474762 0.830631494522095 0.827945053577423 0.853255093097687 0.870791614055634 0.883719265460968 0.885058462619781 0.887073516845703 0.90157812833786 0.934694230556488 0.936728060245514 0.918105185031891 0.932841837406158 0.92848926782608 -3.4e+38 -3.4e+38 -3.4e+38 -3.4e+38
0.597428023815155 0.65489262342453 0.66616553068161 0.704586744308472 0.743951022624969 0.754431962966919 0.741767227649689 0.761931777000427 0.757553040981293 0.75729113817215 0.742417454719543 0.724030554294586 0.75324010848999 0.751777648925781 0.759556949138641 0.812208533287048 0.813633620738983 0.866562783718109 0.907838106155396 0.906201362609863 0.89609557390213 0.849890530109406 0.845052182674408 0.837465226650238 0.822006285190582 0.838849484920502 0.844567716121674 0.852954208850861 0.839702248573303 0.82421213388443 0.827194571495056 0.808542490005493 0.810658633708954 0.838382124900818 0.846501111984253 0.892406582832336 0.897309064865112 0.915565252304077 0.902350425720215 0.92918872833252 0.933044910430908 0.925442099571228 -3.4e+38 -3.4e+38 -3.4e+38 -3.4e+38 -3.4e+38 -3.4e+38
