data/climate_estimation/maxent_output/Trillium_angustipetalum.asc
NCOLS 60 
NROWS 89 
XLLCORNER -124.166666666667 
YLLCORNER 34.3333333333333 
CELLSIZE 0.0833333333333333 
NODATA_value -3.4e+38 
[rows 22 to 43 of 89, columns 0 to 48 of 60]
-3.4e+38 -3.4e+38 0.94788271188736 0.871058344841003 0.84134304523468 0.814889371395111 0.839506804943085 0.820120871067047 0.766199052333832 0.861185073852539 0.773776471614838 0.764025449752808 0.85344922542572 0.88592129945755 0.95503842830658 0.949692010879517 0.95060795545578 0.927614510059357 0.232394725084305 0.101209655404091 0.0970701351761818 0.0897373333573341 0.121210291981697 0.113795049488544 0.133144214749336 0.143319010734558 0.165047734975815 0.212810456752777 0.406678915023804 0.708489954471588 0.943879961967468 0.984716534614563 0.984701752662659 0.980743885040283 0.983396887779236 0.977636754512787 0.958295404911041 0.965185284614563 0.896892309188843 0.847775101661682 0.673679292201996 0.61043655872345 0.416852355003357 0.276940912008286 0.195474833250046 0.107170596718788 0.0791920498013496 0.0130572635680437 0.00683365017175674
-339999999999999996123846586046231871488.000000000000000 -3.4e+38 -3.4e+38 0.938591957092285 0.838798105716705 0.810276031494141 0.847110509872437 0.804612278938293 0.814029633998871 0.744643926620483 0.680063128471375 0.570677936077118 0.727651596069336 0.812345087528229 0.927754282951355 0.954328656196594 0.947791159152985 0.957719087600708 0.595695436000824 0.139145150780678 0.146115690469742 0.141400679945946 0.146824762225151 0.15878489613533 0.160207316279411 0.176572427153587 0.197523131966591 0.220001965761185 0.284553021192551 0.421648591756821 0.642823100090027 0.930098414421082 0.965331077575684 0.985233247280121 0.993665456771851 0.991334617137909 0.983736395835876 0.94470477104187 0.950694620609283 0.825011909008026 0.759558498859406 0.63374400138855 0.517559885978699 0.360028952360153 0.213964074850082 0.161160200834274 0.0468226186931133 0.0099139790982008 0.00523695489391685
-3.4e+38 -3.4e+38 -3.4e+38 -3.4e+38 0.914973020553589 0.802928328514099 0.842819333076477 0.825165629386902 0.819851040840149 0.729979038238525 0.681710243225098 0.660257577896118 0.7101811170578 0.8919438123703 0.929536879062653 0.953573048114777 0.966652691364288 0.79042637348175 0.702889382839203 0.160985842347145 0.178760871291161 0.1839589625597 0.191689074039459 0.195733085274696 0.198624417185783 0.21888467669487 0.27207887172699 0.303051978349686 0.310154020786285 0.329994887113571 0.385497570037842 0.556597113609314 0.793527841567993 0.938115298748016 0.966813743114471 0.989068448543549 0.990777254104614 0.989135384559631 0.970311045646667 0.937358796596527 0.85359388589859 0.699800670146942 0.607972741127014 0.441563040018082 0.386174380779266 0.223425254225731 0.108075492084026 0.0408723801374435 0.04437305778265
-3.4e+38 -3.4e+38 -3.4e+38 -3.4e+38 0.924679160118103 0.890156745910645 0.842268347740173 0.818057715892792 0.750242710113525 0.712354123592377 0.809736371040344 0.823051154613495 0.696727633476257 0.86435478925705 0.951783299446106 0.958994150161743 0.9717897772789 0.94799929857254 0.523630917072296 0.159693852066994 0.175786271691322 0.20009683072567 0.233444169163704 0.23784427344799 0.284147292375565 0.288060396909714 0.294436573982239 0.289367198944092 0.283918619155884 0.237780168652534 0.21635390818119 0.419181257486343 0.647749423980713 0.91003155708313 0.93200945854187 0.986505150794983 0.994906067848206 0.9794100522995 0.979406774044037 0.978791832923889 0.949320197105408 0.794901072978973 0.637564837932587 0.471021711826324 0.395404607057571 0.339036345481873 0.216927766799927 0.104871712625027 0.0949328765273094
-3.4e+38 -3.4e+38 -3.4e+38 -3.4e+38 0.901809811592102 0.921402513980865 0.847319364547729 0.81171578168869 0.788215756416321 0.752303600311279 0.773012816905975 0.772780358791351 0.91458135843277 0.870369255542755 0.956961691379547 0.956243574619293 0.965533435344696 0.984480559825897 0.791606545448303 0.198257729411125 0.198551893234253 0.257259219884872 0.341035962104797 0.298972308635712 0.282226413488388 0.284175217151642 0.27413684129715 0.264729231595993 0.235300540924072 0.195490583777428 0.178491204977036 0.234151840209961 0.413885116577148 0.586348176002502 0.921336650848389 0.962482035160065 0.977852523326874 0.956603229045868 0.969624042510986 0.95252138376236 0.955234050750732 0.907870888710022 0.841775417327881 0.659376978874207 0.423279285430908 0.387145787477493 0.238612666726112 0.186430588364601 0.119128614664078
-3.4e+38 -3.4e+38 -3.4e+38 -3.4e+38 0.83006089925766 0.911561608314514 0.880345404148102 0.824257016181946 0.775114893913269 0.793785572052002 0.780348896980286 0.721490502357483 0.825839698314667 0.935955047607422 0.748859822750092 0.858834147453308 0.972826361656189 0.985947370529175 0.74583113193512 0.275838643312454 0.324041277170181 0.287129998207092 0.310500800609589 0.301991492509842 0.30013033747673 0.273193180561066 0.260585784912109 0.237043648958206 0.20389199256897 0.176524996757507 0.138616755604744 0.148710414767265 0.276797235012054 0.777416527271271 0.924904465675354 0.960803389549255 0.943960428237915 0.937983512878418 0.966728568077087 0.964344024658203 0.961850166320801 0.97679740190506 0.876871705055237 0.713084280490875 0.471988022327423 0.406365185976028 0.313896477222443 0.187543481588364 0.113559581339359
-3.4e+38 -3.4e+38 -3.4e+38 -3.4e+38 0.755504131317139 0.909294247627258 0.891141295433044 0.839682102203369 0.776092708110809 0.800561904907227 0.780363619327545 0.734788239002228 0.636409759521484 0.800841331481934 0.788584053516388 0.752839088439941 0.966529011726379 0.976966321468353 0.604962527751923 0.324758529663086 0.361446529626846 0.297768235206604 0.291942030191422 0.269140809774399 0.266701281070709 0.259161710739136 0.256093263626099 0.231926396489143 0.201609015464783 0.166635453701019 0.150631844997406 0.140464082360268 0.180521965026855 0.383243501186371 0.837150633335114 0.95331609249115 0.925737321376801 0.952991545200348 0.963707745075226 0.954382181167603 0.917137324810028 0.980052828788757 0.947805047035217 0.805590510368347 0.606355667114258 0.376254826784134 0.392072200775146 0.271249890327454 0.147877752780914
-3.4e+38 -3.4e+38 -3.4e+38 -3.4e+38 0.738470196723938 0.862234950065613 0.911707580089569 0.866639018058777 0.811231732368469 0.818999588489532 0.76992529630661 0.649701714515686 0.585610806941986 0.712451934814453 0.883334815502167 0.854591250419617 0.919900238513947 0.973233282566071 0.862327814102173 0.557989478111267 0.410282999277115 0.293288558721542 0.258750468492508 0.233664721250534 0.24030077457428 0.226565197110176 0.233391419053078 0.198840081691742 0.191169053316116 0.157148480415344 0.135742783546448 0.137471854686737 0.150716349482536 0.232760965824127 0.59685218334198 0.671116769313812 0.926011204719543 0.963315665721893 0.942268967628479 0.957911133766174 0.960453748703003 0.974365413188934 0.965506851673126 0.877487540245056 0.761329650878906 0.577225625514984 0.424165815114975 0.35783177614212 0.271581947803497
-3.4e+38 -3.4e+38 -3.4e+38 -3.4e+38 0.728312849998474 0.853605568408966 0.90340918302536 0.878130078315735 0.836382389068604 0.852801561355591 0.800628125667572 0.646684288978577 0.693585336208344 0.725954949855804 0.656721770763397 0.771158933639526 0.92646050453186 0.873850643634796 0.834127902984619 0.745270133018494 0.454638749361038 0.330308854579926 0.226371213793755 0.204392805695534 0.181537494063377 0.168748676776886 0.178212776780128 0.206794172525406 0.214136958122253 0.148820832371712 0.134965613484383 0.128818154335022 0.139053165912628 0.163547724485397 0.340836197137833 0.709887564182281 0.899180591106415 0.937845766544342 0.959655046463013 0.937132239341736 0.909493744373322 0.909240365028381 0.934005975723267 0.904406249523163 0.836459755897522 0.725709974765778 0.409771233797073 0.494417607784271 0.336878001689911
-3.4e+38 -3.4e+38 -3.4e+38 -3.4e+38 -3.4e+38 0.851591765880585 0.903278648853302 0.8863765001297 0.859765112400055 0.892069339752197 0.871836304664612 0.708540499210358 0.739870250225067 0.812140703201294 0.624993741512299 0.507149398326874 0.839243710041046 0.792532205581665 0.744792461395264 0.588855385780334 0.68114823102951 0.295564413070679 0.242512136697769 0.1914092451334 0.18554525077343 0.142084434628487 0.141160920262337 0.14733661711216 0.147715523838997 0.154710531234741 0.138254597783089 0.143809571862221 0.128602057695389 0.142435058951378 0.244845613837242 0.549371182918549 0.866392970085144 0.888504862785339 0.87732344865799 0.895570695400238 0.914965450763702 0.954651236534119 0.923197507858276 0.914266228675842 0.859757840633392 0.74329799413681 0.625624775886536 0.448826164007187 0.53740394115448
-3.4e+38 -3.4e+38 -3.4e+38 -3.4e+38 -3.4e+38 0.828013598918915 0.882009983062744 0.872112512588501 0.884669065475464 0.904943645000458 0.873828649520874 0.785679042339325 0.70342230796814 0.851904928684235 0.654790878295898 0.427025973796844 0.503133296966553 0.660746335983276 0.556188583374023 0.485511064529419 0.70671409368515 0.407043755054474 0.324941068887711 0.207962945103645 0.171088606119156 0.144212990999222 0.125973746180534 0.137673437595367 0.135605320334435 0.144613116979599 0.138977006077766 0.147428646683693 0.147643238306046 0.148895427584648 0.209464505314827 0.406043589115143 0.620542645454407 0.735215365886688 0.765892446041107 0.797711610794067 0.885270893573761 0.840760827064514 0.872487306594849 0.928753912448883 0.89230078458786 0.849199950695038 0.727513611316681 0.513388633728027 0.537341952323914
-3.4e+38 -3.4e+38 -3.4e+38 -3.4e+38 -3.4e+38 0.673367381095886 0.839535534381866 0.878024995326996 0.880759060382843 0.85500955581665 0.897888243198395 0.882216572761536 0.693352103233337 0.647880077362061 0.734796941280365 0.620491087436676 0.696336030960083 0.571762084960938 0.446646511554718 0.587193787097931 0.598319053649902 0.389541298151016 0.430207163095474 0.24996317923069 0.161003783345222 0.140538573265076 0.128196015954018 0.123184613883495 0.136427864432335 0.138853222131729 0.149842441082001 0.173219814896584 0.176559776067734 0.180128246545792 0.199850738048553 0.318534910678864 0.555202603340149 0.598862171173096 0.599299430847168 0.740194439888 0.769410490989685 0.831216990947723 0.835297286510468 0.910628736019135 0.903522968292236 0.913526952266693 0.684356331825256 0.438031524419785 0.393518567085266
-3.4e+38 -3.4e+38 -3.4e+38 -3.4e+38 -3.4e+38 0.648097634315491 0.798624336719513 0.887277483940125 0.887646853923798 0.875357687473297 0.895076513290405 0.831796288490295 0.765921413898468 0.670833885669708 0.823969125747681 0.814350366592407 0.851305603981018 0.828495681285858 0.562881231307983 0.562841296195984 0.707016944885254 0.689535319805145 0.57149475812912 0.241624549031258 0.215113684535027 0.138378545641899 0.124084137380123 0.123253099620342 0.130508095026016 0.156605899333954 0.165760546922684 0.173629939556122 0.188322842121124 0.201050981879234 0.232905626296997 0.292651683092117 0.402381211519241 0.517580091953278 0.582040369510651 0.691001296043396 0.650315284729004 0.779973745346069 0.890880823135376 0.926557779312134 0.908817291259766 0.906481921672821 0.793664813041687 0.419483095407486 0.217216342687607
-3.4e+38 -3.4e+38 -3.4e+38 -3.4e+38 -3.4e+38 -3.4e+38 0.774510502815247 0.81227034330368 0.884626030921936 0.885884582996368 0.855575501918793 0.888070940971375 0.803953468799591 0.665366768836975 0.615815281867981 0.719612836837769 0.875768661499023 0.893553495407104 0.581691980361938 0.534848511219025 0.459408521652222 0.561120629310608 0.513966262340546 0.282597482204437 0.217297747731209 0.121711291372776 0.122440509498119 0.120063573122025 0.144354954361916 0.169284269213676 0.188451081514359 0.20524375140667 0.190414518117905 0.204195439815521 0.236990705132484 0.273365199565887 0.328578352928162 0.437507838010788 0.398459196090698 0.545685768127441 0.59296315908432 0.509693324565887 0.741732776165009 0.850433111190796 0.91243189573288 0.899593889713287 0.862083256244659 0.687626123428345 0.534101963043213
-3.4e+38 -3.4e+38 -3.4e+38 -3.4e+38 -3.4e+38 -3.4e+38 -3.4e+38 0.73294335603714 0.802785992622375 0.880088865756989 0.877083003520966 0.842777252197266 0.862738966941833 0.76070648431778 0.604387402534485 0.618211984634399 0.655331909656525 0.763158798217773 0.740404605865479 0.743411362171173 0.5556680560112 0.433620750904083 0.341320276260376 0.485482394695282 0.172589436173439 0.128725722432137 0.111492075026035 0.131666019558907 0.156953394412994 0.19661657512188 0.225672721862793 0.23383042216301 0.228881597518921 0.226994380354881 0.261018246412277 0.275216698646545 0.297113537788391 0.362471878528595 0.450322359800339 0.561048209667206 0.62048077583313 0.459488689899445 0.552355766296387 0.856506645679474 0.932766973972321 0.929707229137421 0.885036587715149 0.772095561027527 0.594049334526062
-3.4e+38 -3.4e+38 -3.4e+38 -3.4e+38 -3.4e+38 -3.4e+38 -3.4e+38 -3.4e+38 -3.4e+38 0.837897419929504 0.876504242420197 0.85024356842041 0.81926816701889 0.823008894920349 0.717275500297546 0.626502335071564 0.627417325973511 0.638701260089874 0.691823899745941 0.734894573688507 0.586619198322296 0.503260850906372 0.382633239030838 0.448979914188385 0.617710649967194 0.141447827219963 0.11651511490345 0.141486793756485 0.187055706977844 0.235559970140457 0.261171668767929 0.27911165356636 0.26282075047493 0.251057982444763 0.271989196538925 0.28056675195694 0.307589888572693 0.346768945455551 0.397341042757034 0.46415776014328 0.546948909759521 0.544887244701385 0.507226824760437 0.875759422779083 0.935412704944611 0.937076151371002 0.917314171791077 0.754709720611572 0.476000517606735
-3.4e+38 -3.4e+38 -3.4e+38 -3.4e+38 -3.4e+38 -3.4e+38 -3.4e+38 -3.4e+38 -3.4e+38 0.630888521671295 0.826395988464355 0.86274391412735 0.82623416185379 0.831909120082855 0.779073774814606 0.674633383750916 0.704948902130127 0.714060485363007 0.684883296489716 0.670668661594391 0.614773213863373 0.66172057390213 0.688722372055054 0.365654408931732 0.455405294895172 0.20865398645401 0.127436354756355 0.166618555784225 0.245735645294189 0.289304554462433 0.305744618177414 0.340201109647751 0.334740281105042 0.309753745794296 0.306421458721161 0.309573978185654 0.298642128705978 0.321735262870789 0.248459562659264 0.289000988006592 0.472153276205063 0.474453687667847 0.627997517585754 0.851050972938538 0.952107429504395 0.957099676132202 0.952290713787079 0.836466729640961 0.724555969238281
-3.4e+38 -3.4e+38 -3.4e+38 -3.4e+38 -3.4e+38 -3.4e+38 -3.4e+38 -3.4e+38 -3.4e+38 -3.4e+38 -3.4e+38 0.848901569843292 0.820913970470428 0.842378973960876 0.8076411485672 0.721119582653046 0.708616673946381 0.834923505783081 0.722382843494415 0.761851608753204 0.652513563632965 0.605397462844849 0.764182329177856 0.649472713470459 0.68954199552536 0.336640477180481 0.177855625748634 0.209534674882889 0.290867894887924 0.353998929262161 0.3392473757267 0.361745119094849 0.360579669475555 0.382788777351379 0.363692402839661 0.33847650885582 0.31652370095253 0.300792247056961 0.234390109777451 0.256804317235947 0.374790757894516 0.521540701389313 0.618397295475006 0.808552324771881 0.886436939239502 0.949539542198181 0.937306642532349 0.93797641992569 0.829110562801361
-3.4e+38 -3.4e+38 -3.4e+38 -3.4e+38 -3.4e+38 -3.4e+38 -3.4e+38 -3.4e+38 -3.4e+38 -3.4e+38 -3.4e+38 -3.4e+38 0.877137362957001 0.860016405582428 0.830666661262512 0.785366296768188 0.825508713722229 0.825795948505402 0.779508054256439 0.691213428974152 0.765810906887054 0.754211723804474 0.752786695957184 0.771871864795685 0.696934819221497 0.530730068683624 0.333591043949127 0.332823187112808 0.379043340682983 0.373186081647873 0.397394895553589 0.413873374462128 0.404361754655838 0.413685411214828 0.424782872200012 0.390649020671844 0.361347526311874 0.256246566772461 0.235592797398567 0.245424091815948 0.37121257185936 0.418450266122818 0.488893270492554 0.666136682033539 0.78353488445282 0.947159707546234 0.985596239566803 0.950652003288269 0.905878186225891
-3.4e+38 -3.4e+38 -3.4e+38 -3.4e+38 -3.4e+38 -3.4e+38 -3.4e+38 -3.4e+38 -3.4e+38 -3.4e+38 -3.4e+38 -3.4e+38 -3.4e+38 0.833586156368256 0.8398796916008 0.794270932674408 0.775149166584015 0.785109519958496 0.788020968437195 0.801992893218994 0.66346287727356 0.785367667675018 0.835269153118134 0.862212181091309 0.807219207286835 0.708297252655029 0.628459692001343 0.559690892696381 0.488470941781998 0.478872805833817 0.426888406276703 0.396214216947556 0.408135145902634 0.472332984209061 0.465859711170197 0.407081305980682 0.378181010484695 0.276378482580185 0.225965559482574 0.208880737423897 0.270740479230881 0.29784306883812 0.420156031847 0.640459597110748 0.81167197227478 0.950957238674164 0.971146464347839 0.983037889003754 0.943036615848541
-3.4e+38 -3.4e+38 -3.4e+38 -3.4e+38 -3.4e+38 -3.4e+38 -3.4e+38 -3.4e+38 -3.4e+38 -3.4e+38 -3.4e+38 -3.4e+38 -3.4e+38 -3.4e+38 0.820496261119843 0.859236717224121 0.863548874855042 0.850756764411926 0.79768842458725 0.781987547874451 0.785348832607269 0.807516813278198 0.885830104351044 0.879158318042755 0.901937305927277 0.860735833644867 0.807519912719727 0.723520815372467 0.60499519109726 0.503097116947174 0.345411062240601 0.328066110610962 0.355815649032593 0.432094186544418 0.506047606468201 0.439956575632095 0.339505642652512 0.246202260255814 0.203166022896767 0.181241914629936 0.215262040495872 0.262019544839859 0.429959714412689 0.493815720081329 0.685774683952332 0.920651972293854 0.939252555370331 0.970869481563568 0.955098390579224
-3.4e+38 -3.4e+38 -3.4e+38 -3.4e+38 -3.4e+38 -3.4e+38 -3.4e+38 -3.4e+38 -3.4e+38 -3.4e+38 -3.4e+38 -3.4e+38 -3.4e+38 -3.4e+38 0.817223072052002 0.87306147813797 0.896687746047974 0.908870816230774 0.933865487575531 0.867778718471527 0.850092113018036 0.896257758140564 0.933949172496796 0.952603876590729 0.920699536800385 0.93311995267868 0.88390439748764 0.778066754341125 0.618315041065216 0.369660377502441 0.266546666622162 0.271562188863754 0.29409384727478 0.384026408195496 0.488142281770706 0.374959170818329 0.256040036678314 0.193914026021957 0.15364183485508 0.154390558600426 0.224749401211739 0.421615868806839 0.25430428981781 0.378831207752228 0.522333145141602 0.5529904961586 0.84038895368576 0.977667629718781 0.98419052362442
