data/climate_estimation/maxent_output/Trillium_petiolatum.asc
NCOLS 63 
NROWS 62 
XLLCORNER -120.833333333333 
YLLCORNER 43.5 
CELLSIZE 0.0833333333333333 
NODATA_value -3.4e+38 
[rows 0 to 19 of 62, columns 0 to 43 of 63]
0.153652399778366 0.167130097746849 0.29589381814003 0.628833591938019 0.796965479850769 0.66346800327301 0.637692987918854 0.84964793920517 0.854919970035553 0.54731273651123 0.313348531723022 0.547681868076324 0.781875789165497 0.854929089546204 0.66224730014801 0.458029508590698 0.341931819915771 0.65005749464035 0.692787349224091 0.619763374328613 0.634138524532318 0.288664638996124 0.502100706100464 0.523832321166992 0.338466197252274 0.412494122982025 0.623296797275543 0.49832946062088 0.374251514673233 0.552917420864105 0.633458614349365 0.653331875801086 0.502859950065613 0.580728888511658 0.630019247531891 0.685457050800323 0.659454703330994 0.64157909154892 0.546530246734619 0.594610273838043 0.539224624633789 0.631487727165222 0.608725845813751 0.533072113990784
0.135723859071732 0.147268041968346 0.188390612602234 0.183964267373085 0.331804245710373 0.817525029182434 0.895812749862671 0.91063404083252 0.877044439315796 0.533985435962677 0.435675233602524 0.823943436145782 0.891407251358032 0.70334255695343 0.580901503562927 0.358481407165527 0.472751826047897 0.606386780738831 0.723653852939606 0.596689105033875 0.66255784034729 0.686612606048584 0.729217171669006 0.656296253204346 0.683807790279388 0.700214385986328 0.608197629451752 0.53421938419342 0.445395112037659 0.649815142154694 0.75476336479187 0.758634805679321 0.569710850715637 0.737736761569977 0.63505083322525 0.599524557590485 0.700474500656128 0.666388928890228 0.682055473327637 0.619166553020477 0.566507518291473 0.66975325345993 0.670454859733582 0.571690797805786
0.226285740733147 0.195138618350029 0.155052050948143 0.346278429031372 0.213704451918602 0.65366131067276 0.87865424156189 0.836423695087433 0.906645476818085 0.865758538246155 0.743265986442566 0.632786095142365 0.875858843326569 0.890505194664001 0.56976717710495 0.217378944158554 0.343625605106354 0.762471437454224 0.730338990688324 0.646043360233307 0.658563077449799 0.685896396636963 0.630627632141113 0.757468104362488 0.818655788898468 0.821998000144958 0.735130131244659 0.555027306079865 0.720554530620575 0.696660101413727 0.800563454627991 0.59543651342392 0.782796502113342 0.801141738891602 0.700425386428833 0.602582991123199 0.713674664497375 0.737027645111084 0.712943136692047 0.523348689079285 0.603116512298584 0.713600158691406 0.702275812625885 0.568098545074463
0.438204526901245 0.578750431537628 0.186772271990776 0.188914865255356 0.653384864330292 0.84060126543045 0.907221436500549 0.878608882427216 0.761154890060425 0.787056386470795 0.902634620666504 0.888518810272217 0.890636503696442 0.812686562538147 0.296270042657852 0.202918633818626 0.256761223077774 0.597826063632965 0.712568759918213 0.808039963245392 0.746015727519989 0.659934043884277 0.815542101860046 0.762387752532959 0.816839754581451 0.852595150470734 0.78176748752594 0.649631559848785 0.772628724575043 0.860302805900574 0.826084613800049 0.604110300540924 0.806425333023071 0.808808207511902 0.801373362541199 0.656237959861755 0.778999090194702 0.789262712001801 0.78332245349884 0.697007536888123 0.588947355747223 0.745536267757416 0.708012402057648 0.688764810562134
0.110131971538067 0.430505096912384 0.823974967002869 0.179113999009132 0.13144026696682 0.277722835540771 0.736899375915527 0.905513405799866 0.849121332168579 0.701807796955109 0.89149421453476 0.87941586971283 0.57899934053421 0.228678926825523 0.227828577160835 0.603118121623993 0.542506158351898 0.434499442577362 0.805842280387878 0.879367411136627 0.868770837783813 0.878491997718811 0.804141402244568 0.872275114059448 0.867533624172211 0.875168740749359 0.896106660366058 0.784299552440643 0.810486137866974 0.881001591682434 0.83340859413147 0.593737661838531 0.68682324886322 0.850425541400909 0.846126019954681 0.830307304859161 0.773252725601196 0.743289411067963 0.805412828922272 0.688461601734161 0.766551971435547 0.792844772338867 0.739902317523956 0.775643408298492
0.123357407748699 0.195728674530983 0.914291858673096 0.892640173435211 0.281089395284653 0.110662847757339 0.369157642126083 0.874294519424438 0.57971203327179 0.799217343330383 0.853009104728699 0.816261470317841 0.41451433300972 0.144875943660736 0.201814621686935 0.503815233707428 0.608079552650452 0.286046117544174 0.281542778015137 0.605700016021729 0.679102540016174 0.750084757804871 0.577304303646088 0.853338301181793 0.902499496936798 0.860474050045013 0.909757912158966 0.907354891300201 0.897560119628906 0.89682275056839 0.868860006332397 0.659586548805237 0.818653762340546 0.889263570308685 0.819487810134888 0.863293945789337 0.788478255271912 0.74682891368866 0.850188195705414 0.805637001991272 0.793701350688934 0.830406486988068 0.810810625553131 0.786597073078156
0.0413221828639507 0.128470316529274 0.0933832004666328 0.846281468868256 0.847901582717896 0.250829845666885 0.325044989585876 0.833059668540955 0.818189203739166 0.384844094514847 0.410447388887405 0.475886732339859 0.171620264649391 0.0728279873728752 0.181394711136818 0.416156351566315 0.273638665676117 0.274981081485748 0.173052221536636 0.149454176425934 0.236325323581696 0.208406135439873 0.40558710694313 0.753358364105225 0.934220254421234 0.730424165725708 0.925080716609955 0.905485272407532 0.918911933898926 0.899036586284637 0.80716735124588 0.594111204147339 0.883683800697327 0.902291715145111 0.898517251014709 0.882598698139191 0.796026349067688 0.81944066286087 0.882734298706055 0.881963014602661 0.872066378593445 0.863183677196503 0.843736588954926 0.81257563829422
0.262235313653946 0.166298732161522 0.296535789966583 0.237779647111893 0.912839114665985 0.856969833374023 0.825147330760956 0.892316579818726 0.890952229499817 0.829380571842194 0.479836970567703 0.107855297625065 0.365605264902115 0.147087693214417 0.096305251121521 0.126367211341858 0.190840527415276 0.16596944630146 0.273919403553009 0.370427459478378 0.508026778697968 0.25814089179039 0.213288232684135 0.793814122676849 0.927026569843292 0.532922983169556 0.794595718383789 0.918060898780823 0.896932423114777 0.620952129364014 0.616014659404755 0.712892770767212 0.933336436748505 0.931527495384216 0.886206686496735 0.875470161437988 0.834153413772583 0.867457509040833 0.897722125053406 0.888213574886322 0.856965839862823 0.819320917129517 0.806192874908447 0.856974363327026
0.527594923973083 0.442734479904175 0.200406298041344 0.831806004047394 0.45887291431427 0.580119967460632 0.846960425376892 0.482747435569763 0.712301552295685 0.819934606552124 0.388939887285233 0.0914632678031921 0.416952580213547 0.236665993928909 0.104673609137535 0.181976765394211 0.174139365553856 0.232420384883881 0.30628889799118 0.39056733250618 0.266081631183624 0.270070523023605 0.194731503725052 0.325517654418945 0.376013368368149 0.343898326158524 0.622611105442047 0.733189940452576 0.94260185956955 0.542458832263947 0.750779449939728 0.681658506393433 0.926729083061218 0.923250138759613 0.874871253967285 0.884263336658478 0.813137888908386 0.913016557693481 0.912786483764648 0.845418691635132 0.854590594768524 0.804027020931244 0.848163783550262 0.879792451858521
0.629387438297272 0.816486656665802 0.562775135040283 0.331507444381714 0.849382340908051 0.8672975897789 0.859232246875763 0.416075706481934 0.149491026997566 0.288761854171753 0.144699171185493 0.259982079267502 0.342908680438995 0.209574580192566 0.160649254918098 0.203499272465706 0.182914853096008 0.165080532431602 0.204572230577469 0.178825214505196 0.117503777146339 0.32546278834343 0.508812665939331 0.688313782215118 0.527673006057739 0.637371838092804 0.824953496456146 0.616402864456177 0.726340353488922 0.49022376537323 0.729043066501617 0.861529946327209 0.614647030830383 0.886522471904755 0.816877484321594 0.637385606765747 0.77364444732666 0.83420342206955 0.862237513065338 0.878029108047485 0.858109951019287 0.809150695800781 0.849414587020874 0.908494234085083
0.817320883274078 0.741728246212006 0.705092549324036 0.66202974319458 0.78381210565567 0.568996250629425 0.658029913902283 0.29731822013855 0.167701542377472 0.155808955430984 0.186670631170273 0.423752635717392 0.286610156297684 0.217219203710556 0.172821432352066 0.153942048549652 0.13844858109951 0.167228490114212 0.187097445130348 0.135659411549568 0.27356031537056 0.42452934384346 0.458700746297836 0.40826228260994 0.464790135622025 0.60347855091095 0.697133183479309 0.79435271024704 0.724449813365936 0.685654699802399 0.643101215362549 0.860320150852203 0.732445538043976 0.684921979904175 0.767429530620575 0.739953458309174 0.775315344333649 0.842592358589172 0.774235785007477 0.764718770980835 0.859735012054443 0.807959914207458 0.864470422267914 0.909061968326569
0.470868110656738 0.686535000801086 0.63943475484848 0.831002533435822 0.841522872447968 0.594269096851349 0.441901654005051 0.105681009590626 0.495639652013779 0.461992651224136 0.329471260309219 0.295658767223358 0.263063222169876 0.158527985215187 0.108324557542801 0.113548465073109 0.142339810729027 0.16699355840683 0.102972291409969 0.14886774122715 0.181694909930229 0.17244254052639 0.239643082022667 0.287918001413345 0.358751207590103 0.502712249755859 0.620241463184357 0.689797818660736 0.7255619764328 0.728678345680237 0.768330693244934 0.844912528991699 0.900907635688782 0.885135650634766 0.886130452156067 0.873519897460938 0.83077198266983 0.804505407810211 0.788164079189301 0.78336375951767 0.789476275444031 0.860737979412079 0.912156820297241 0.922023177146912
0.106158003211021 0.794294059276581 0.382004916667938 0.669600605964661 0.811657667160034 0.819288551807404 0.49365821480751 0.151104792952538 0.569500803947449 0.309062600135803 0.218637838959694 0.200069308280945 0.195930257439613 0.132516533136368 0.124235510826111 0.149662539362907 0.180492386221886 0.0810672044754028 0.0509615950286388 0.0782744735479355 0.0836253315210342 0.134017899632454 0.147195175290108 0.241032063961029 0.381212621927261 0.430392384529114 0.487949132919312 0.606740891933441 0.621951401233673 0.707162439823151 0.761864304542542 0.772715389728546 0.851189255714417 0.858006417751312 0.837178349494934 0.843481302261353 0.822251796722412 0.753106474876404 0.749726891517639 0.801429212093353 0.836055040359497 0.912440180778503 0.944558024406433 0.932035565376282
0.213150784373283 0.84763503074646 0.418364584445953 0.184446260333061 0.315008908510208 0.620640575885773 0.146615579724312 0.697425723075867 0.692071318626404 0.447631895542145 0.136986449360847 0.114776492118835 0.115247659385204 0.0515988171100616 0.0902578011155128 0.10226471722126 0.0311293303966522 0.0356664583086967 0.0378258414566517 0.0562514290213585 0.0920558944344521 0.096276693046093 0.138460844755173 0.184721454977989 0.238402113318443 0.321087032556534 0.395239412784576 0.484757870435715 0.519269943237305 0.630336999893188 0.666039764881134 0.741852402687073 0.767001688480377 0.777686953544617 0.792956292629242 0.795818984508514 0.778434038162231 0.776187360286713 0.775310516357422 0.838812053203583 0.887118399143219 0.909480929374695 0.962340235710144 0.95510733127594
0.0437703467905521 0.619747519493103 0.733590543270111 0.542742908000946 0.391093701124191 0.0907609835267067 0.0522322356700897 0.343362957239151 0.343014031648636 0.293833166360855 0.242606535553932 0.0565300844609737 0.0309379789978266 0.0284835323691368 0.0469194874167442 0.0433923676609993 0.0270497500896454 0.0253784563392401 0.0285038407891989 0.0375582687556744 0.0448887199163437 0.066151537001133 0.11080864071846 0.14405782520771 0.224490940570831 0.272041887044907 0.344872057437897 0.392964452505112 0.472807258367538 0.528926432132721 0.528215765953064 0.646478593349457 0.652059495449066 0.644480168819427 0.76555210351944 0.777759373188019 0.774462461471558 0.790580809116364 0.79810357093811 0.856656014919281 0.913362503051758 0.954291999340057 0.962087690830231 0.969437599182129
0.412331938743591 0.623419463634491 0.808872997760773 0.79812490940094 0.716440618038177 0.545690715312958 0.077742412686348 0.0329847484827042 0.0546717755496502 0.0916966572403908 0.0552817322313786 0.0967979729175568 0.159812927246094 0.090423658490181 0.0677041932940483 0.0208793114870787 0.00996022764593363 0.0146261425688863 0.0188949257135391 0.0284928325563669 0.040541660040617 0.0591156296432018 0.0838805884122849 0.105901494622231 0.167524248361588 0.207871600985527 0.288084954023361 0.305448710918427 0.387474715709686 0.467210799455643 0.502272486686707 0.521497845649719 0.516820907592773 0.630667090415955 0.643617689609528 0.665304660797119 0.687609493732452 0.804267585277557 0.818260073661804 0.876961350440979 0.938351988792419 0.971751630306244 0.971511602401733 0.977126121520996
0.730103194713593 0.785023868083954 0.793429493904114 0.36491197347641 0.650724411010742 0.80743944644928 0.742472887039185 0.421118050813675 0.0436309240758419 0.0317138209939003 0.0405462197959423 0.0442556701600552 0.0665093436837196 0.0486368201673031 0.0309938974678516 0.0113347321748734 0.0097718546167016 0.011171493679285 0.0172551441937685 0.02173818834126 0.0354874096810818 0.060186080634594 0.0744194909930229 0.126933366060257 0.177277967333794 0.20704510807991 0.273654013872147 0.276903092861176 0.300202190876007 0.335818916559219 0.352626264095306 0.383031189441681 0.480879753828049 0.519042730331421 0.503596007823944 0.59642106294632 0.672462522983551 0.775082409381866 0.839529573917389 0.894901394844055 0.949564278125763 0.952861189842224 0.975503861904144 0.977570772171021
0.745736002922058 0.723524034023285 0.79758095741272 0.488151073455811 0.809089362621307 0.707371354103088 0.733465075492859 0.708087205886841 0.118697687983513 0.0229418929666281 0.0292520858347416 0.0305305458605289 0.0189643166959286 0.0157316494733095 0.0129154250025749 0.0124650811776519 0.0109980851411819 0.0117828231304884 0.0133366677910089 0.021848376840353 0.0365886352956295 0.0482253730297089 0.0730051845312119 0.089560441672802 0.130523204803467 0.149185091257095 0.211181566119194 0.23267026245594 0.284368425607681 0.318065375089645 0.359477698802948 0.371109575033188 0.37922477722168 0.436098158359528 0.48470014333725 0.645697832107544 0.700733482837677 0.783524930477142 0.808451056480408 0.907745480537415 0.94859504699707 0.956499397754669 0.973782062530518 0.97676944732666
0.718404769897461 0.637547850608826 0.541388094425201 0.637558221817017 0.711789965629578 0.671636343002319 0.727183163166046 0.725616037845612 0.173598989844322 0.0301930494606495 0.0280195977538824 0.020908746868372 0.0193586088716984 0.0163290873169899 0.013889379799366 0.013685847632587 0.0126661565154791 0.0126975532621145 0.0138935074210167 0.0238634776324034 0.0299809295684099 0.0415594913065434 0.0462657883763313 0.0672295317053795 0.0833843797445297 0.128627330064774 0.132334992289543 0.191888675093651 0.21199843287468 0.274024158716202 0.271613210439682 0.280947923660278 0.33650478720665 0.357125461101532 0.45837876200676 0.493163675069809 0.567225158214569 0.620045840740204 0.787503778934479 0.909198641777039 0.949484586715698 0.954715609550476 0.974496126174927 0.974254846572876
0.728078246116638 0.560109913349152 0.329867839813232 0.227741330862045 0.210710510611534 0.210538044571877 0.463607251644135 0.61479663848877 0.153226763010025 0.0192110762000084 0.0293531753122807 0.0210357047617435 0.0181994661688805 0.0163743011653423 0.0146938608959317 0.0142901111394167 0.0146659864112735 0.0142575167119503 0.0168109871447086 0.0245456174015999 0.0280701257288456 0.0297723766416311 0.0435017049312592 0.0516358502209187 0.0678986385464668 0.0811116173863411 0.0895755663514137 0.117563039064407 0.169932395219803 0.193397432565689 0.195315048098564 0.24675677716732 0.251345098018646 0.316590547561646 0.305959016084671 0.42496982216835 0.475604981184006 0.626492023468018 0.766075730323792 0.894101202487946 0.916273295879364 0.949211180210114 0.971885919570923 0.970414400100708
