data/climate_estimation/maxent_output/Trillium_kurabayashii.asc
NCOLS 62 
NROWS 110 
XLLCORNER -124.5 
YLLCORNER 36.5833333333333 
CELLSIZE 0.0833333333333334 
NODATA_value -3.4e+38 
[rows 40 to 59 of 110, columns 0 to 44 of 62]
0.665354371070862 0.879695117473602 0.945780873298645 0.967340767383575 0.985632061958313 0.988201320171356 0.991085708141327 0.992628455162048 0.996467411518097 0.995722651481628 0.961556613445282 0.73776763677597 0.433651119470596 0.251340210437775 0.256766974925995 0.204867839813232 0.111394599080086 0.120169557631016 0.051633682101965 0.0317882485687733 0.0535432957112789 0.0694076642394066 0.0846692398190498 0.102798171341419 0.179610714316368 0.296696901321411 0.277606934309006 0.18437348306179 0.19878226518631 0.0815102756023407 0.0450348928570747 0.0299613252282143 0.025739399716258 0.0298525113612413 0.0232853423804045 0.015535338781774 0.0142411775887012 0.0114856995642185 0.0098859928548336 0.0100888796150684 0.0106331864371896 0.00789112783968449 0.00710040889680386 0.00786481983959675 0.00903132557868958
0.613414943218231 0.814510643482208 0.950526177883148 0.971564531326294 0.982910633087158 0.98882931470871 0.992797315120697 0.997207641601562 0.997179508209229 0.991960525512695 0.957658648490906 0.818548500537872 0.637400686740875 0.506690859794617 0.248647332191467 0.161930471658707 0.175658345222473 0.129275321960449 0.0699241608381271 0.0412109307944775 0.0448981858789921 0.131312981247902 0.209098756313324 0.279542773962021 0.251107186079025 0.248531058430672 0.196070194244385 0.147296950221062 0.126450657844543 0.0799820497632027 0.038952898234129 0.0273178610950708 0.0247050318866968 0.0212099011987448 0.015645444393158 0.0138589907437563 0.00996541231870651 0.012112770229578 0.0125078791752458 0.0104226153343916 0.00968313030898571 0.00958693958818913 0.00885859038680792 0.0100760161876678 0.0093304580077529
-3.4e+38 0.842308580875397 0.951417505741119 0.982937812805176 0.975444555282593 0.990920126438141 0.991875648498535 0.993443369865417 0.997901141643524 0.992691576480865 0.958758950233459 0.841334402561188 0.811695098876953 0.613943219184875 0.242594793438911 0.215308606624603 0.176996663212776 0.0809274017810822 0.106522299349308 0.146298319101334 0.0598613880574703 0.0422941222786903 0.0572652146220207 0.179389744997025 0.254852712154388 0.204575821757317 0.115421108901501 0.106424771249294 0.070301778614521 0.0452529825270176 0.0341007113456726 0.0270577184855938 0.020928667858243 0.0200406610965729 0.0151805616915226 0.0120755136013031 0.0101321525871754 0.00879698619246483 0.00926389079540968 0.010103234089911 0.00803354009985924 0.00849987659603357 0.00984038505703211 0.0102214775979519 0.0104237934574485
-3.4e+38 0.72617769241333 0.917694389820099 0.975264668464661 0.976139008998871 0.987534880638123 0.992410182952881 0.996910870075226 0.997403264045715 0.988000273704529 0.888031840324402 0.872448563575745 0.702941358089447 0.758830010890961 0.599846184253693 0.297294139862061 0.171869188547134 0.104359582066536 0.0943162217736244 0.131292507052422 0.268571794033051 0.215621098875999 0.0690541118383408 0.0643447861075401 0.152578845620155 0.0784114673733711 0.0730433538556099 0.0581165626645088 0.0504230558872223 0.0350000858306885 0.0293445196002722 0.023632476106286 0.0209517609328032 0.0195240154862404 0.0148162469267845 0.0122740147635341 0.0096291471272707 0.00927290506660938 0.00831058248877525 0.00705277919769287 0.00878513511270285 0.00859868433326483 0.0100490190088749 0.00928680226206779 0.00921850092709064
-3.4e+38 -3.4e+38 0.725604295730591 0.931909263134003 0.964930176734924 0.986228704452515 0.985674679279327 0.994594573974609 0.994884610176086 0.972368180751801 0.972486197948456 0.947588205337524 0.890372395515442 0.835489571094513 0.633562922477722 0.341931581497192 0.148507297039032 0.16838838160038 0.307390660047531 0.545868277549744 0.315579175949097 0.200939729809761 0.0860753506422043 0.113413453102112 0.090833306312561 0.0495099015533924 0.049693875014782 0.0388193018734455 0.0337877944111824 0.0297852475196123 0.0254915431141853 0.0209016669541597 0.0190850123763084 0.016194811090827 0.0133969346061349 0.00924933888018131 0.00804847944527864 0.00811583362519741 0.0114144217222929 0.00725373113527894 0.00810244865715504 0.00816632155328989 0.00859461631625891 0.0106042856350541 0.0104837622493505
-3.4e+38 -3.4e+38 -3.4e+38 0.895555794239044 0.97299861907959 0.986820936203003 0.985595405101776 0.99350243806839 0.994235694408417 0.988832414150238 0.985800087451935 0.966213703155518 0.840422809123993 0.690766870975494 0.662402927875519 0.440685540437698 0.338008433580399 0.343395709991455 0.46844756603241 0.168323710560799 0.106779336929321 0.120604820549488 0.0445256158709526 0.0361700691282749 0.0284293405711651 0.0273725502192974 0.034677792340517 0.0339846722781658 0.0298551376909018 0.0216451063752174 0.0175884775817394 0.0176091771572828 0.0164517629891634 0.0141945378854871 0.0117727424949408 0.00804163701832294 0.00674813473597169 0.0068165916018188 0.00722561962902546 0.00766593404114246 0.00755216367542744 0.00830730330199003 0.00901635549962521 0.00904960371553898 0.0103744501248002
-3.4e+38 -3.4e+38 -3.4e+38 0.752139389514923 0.965762138366699 0.986521482467651 0.982889175415039 0.988000571727753 0.97747540473938 0.995119512081146 0.988819360733032 0.964328289031982 0.770377039909363 0.588858246803284 0.419188916683197 0.325881391763687 0.16952933371067 0.125185519456863 0.185035645961761 0.0729270726442337 0.0475674346089363 0.0406136065721512 0.0570017546415329 0.0282433927059174 0.0249411966651678 0.0308844465762377 0.0551207698881626 0.0612663328647614 0.0211748275905848 0.0159686040133238 0.0137254791334271 0.015639916062355 0.0146857444196939 0.012693346478045 0.0113805131986737 0.00880140624940395 0.00757870310917497 0.00734985433518887 0.00749563844874501 0.00867084693163633 0.00837257131934166 0.00858243647962809 0.00806611869484186 0.00934070441871881 0.00839561503380537
-3.4e+38 -3.4e+38 -3.4e+38 0.663936853408813 0.905311942100525 0.979086637496948 0.991364479064941 0.996990561485291 0.994077742099762 0.998469412326813 0.994221806526184 0.969359278678894 0.819283723831177 0.669496715068817 0.402830958366394 0.287113279104233 0.245054170489311 0.0995600894093513 0.0822568163275719 0.0633909478783607 0.0639443770051003 0.0387539863586426 0.0255643203854561 0.0238994732499123 0.025133740156889 0.0285219922661781 0.0398988127708435 0.0640626773238182 0.0374760553240776 0.0137156061828136 0.0129369739443064 0.0176452863961458 0.0133968042209744 0.0130572943016887 0.0112945651635528 0.0105954064056277 0.00914527662098408 0.0086239306256175 0.00795928202569485 0.00796204898506403 0.00849392171949148 0.00916927587240934 0.00950783025473356 0.00945171806961298 0.00882497616112232
-3.4e+38 -3.4e+38 -3.4e+38 0.688449740409851 0.969197273254395 0.98114550113678 0.99089640378952 0.986317813396454 0.997679173946381 0.998708426952362 0.995486378669739 0.971216082572937 0.856083810329437 0.571893453598022 0.548770248889923 0.5022212266922 0.3380266726017 0.198421239852905 0.138071313500404 0.111426837742329 0.102588251233101 0.0532115437090397 0.0203806329518557 0.0199574511498213 0.0265364442020655 0.0281140692532063 0.0356827192008495 0.0757977440953255 0.0347542874515057 0.0232828892767429 0.0182850304991007 0.0182989258319139 0.0170099511742592 0.0167931243777275 0.0154530461877584 0.0133474348112941 0.0107988668605685 0.0104546500369906 0.00998169276863337 0.00872583780437708 0.00968613475561142 0.00966604705899954 0.0102973096072674 0.0096838204190135 0.00961223803460598
-3.4e+38 -3.4e+38 -3.4e+38 -3.4e+38 0.950411438941956 0.975132644176483 0.991942703723907 0.994001567363739 0.997306048870087 0.998341619968414 0.996109843254089 0.983045101165771 0.860295593738556 0.7665696144104 0.586236119270325 0.75866687297821 0.286949455738068 0.278339415788651 0.061598151922226 0.0393503345549107 0.0414241552352905 0.0512634143233299 0.0542120784521103 0.0285106860101223 0.0333379805088043 0.0384780056774616 0.04315285384655 0.0530883856117725 0.0441392175853252 0.0300492756068707 0.0261530298739672 0.0235573276877403 0.02680953592062 0.0239277686923742 0.0341336838901043 0.0308940708637238 0.0149161079898477 0.0114289801567793 0.0116828745231032 0.0108946114778519 0.0104743279516697 0.0113324029371142 0.0112166227772832 0.00962489005178213 0.00892211589962244
-3.4e+38 -3.4e+38 -3.4e+38 -3.4e+38 0.860080003738403 0.983469605445862 0.992627143859863 0.996720552444458 0.997573852539062 0.998310327529907 0.995226681232452 0.957421720027924 0.877405405044556 0.885002851486206 0.717864334583282 0.608624398708344 0.738213300704956 0.366183310747147 0.0820508971810341 0.0361711792647839 0.0471625067293644 0.0698075219988823 0.061024583876133 0.0364844612777233 0.047665785998106 0.0586740039288998 0.0602623522281647 0.0512611195445061 0.0888620540499687 0.0648010745644569 0.0541322119534016 0.035812146961689 0.0374077260494232 0.0326199717819691 0.0372558981180191 0.0316344425082207 0.0204653032124043 0.0159754250198603 0.0136138964444399 0.0113688074052334 0.0114639280363917 0.0118227386847138 0.0111261243000627 0.00943133980035782 0.00823021307587624
-3.4e+38 -3.4e+38 -3.4e+38 -3.4e+38 -3.4e+38 0.985747575759888 0.989337086677551 0.996135056018829 0.99707019329071 0.997750580310822 0.996439576148987 0.977052748203278 0.911678433418274 0.78018718957901 0.598751723766327 0.628420531749725 0.500889837741852 0.546834766864777 0.255305886268616 0.0458819307386875 0.0496140718460083 0.126659199595451 0.0992275699973106 0.0963307023048401 0.0705239176750183 0.0718358382582664 0.094985157251358 0.245389997959137 0.117896370589733 0.0803751274943352 0.0654262080788612 0.051480807363987 0.0423006489872932 0.0335854105651379 0.0298457760363817 0.0241764262318611 0.0215395335108042 0.018824739381671 0.0165259204804897 0.0149860428646207 0.0137719977647066 0.0116649707779288 0.0106363277882338 0.0112572256475687 0.00901308562606573
-3.4e+38 -3.4e+38 -3.4e+38 -3.4e+38 -3.4e+38 0.978062212467194 0.994849026203156 0.997670888900757 0.99729597568512 0.998830199241638 0.996327519416809 0.983886241912842 0.914885461330414 0.740869641304016 0.79062420129776 0.722580015659332 0.407801955938339 0.350076407194138 0.487919747829437 0.075377032160759 0.0767914652824402 0.0883234143257141 0.22657223045826 0.316389352083206 0.166286751627922 0.133276879787445 0.150000378489494 0.39079749584198 0.153622016310692 0.101349920034409 0.112368956208229 0.07314483076334 0.0593717694282532 0.0522405579686165 0.0459150709211826 0.0351896435022354 0.0281560625880957 0.0227779988199472 0.0184453297406435 0.0163036044687033 0.0155660165473819 0.0139399152249098 0.0127429403364658 0.0118834068998694 0.00943020172417164
-3.4e+38 -3.4e+38 -3.4e+38 -3.4e+38 0.873573362827301 0.990526735782623 0.99303150177002 0.997886657714844 0.996734023094177 0.996924102306366 0.996126055717468 0.966114461421967 0.922932267189026 0.741658091545105 0.561347544193268 0.541914522647858 0.329641044139862 0.35333240032196 0.679243862628937 0.195685729384422 0.142030015587807 0.211465016007423 0.272291660308838 0.314426898956299 0.319844543933868 0.261328339576721 0.450552076101303 0.225634828209877 0.425850033760071 0.534757912158966 0.367789477109909 0.201130121946335 0.108576454222202 0.0781545713543892 0.0625861883163452 0.0443507321178913 0.0366659760475159 0.0290452409535646 0.0202553998678923 0.019283888861537 0.0162224676460028 0.0164549443870783 0.0126547291874886 0.0124111594632268 0.0128114707767963
-3.4e+38 -3.4e+38 -3.4e+38 -3.4e+38 0.905267059803009 0.990464806556702 0.998530030250549 0.998152613639832 0.998233199119568 0.998059391975403 0.998030304908752 0.988077819347382 0.969732880592346 0.884390115737915 0.568082869052887 0.368029803037643 0.457793235778809 0.402733832597733 0.661551594734192 0.634204626083374 0.610392332077026 0.36040660738945 0.194017678499222 0.364775270223618 0.310242682695389 0.30287891626358 0.658496975898743 0.741965174674988 0.890736877918243 0.807140111923218 0.328201085329056 0.220723181962967 0.160868033766747 0.130875006318092 0.0934065952897072 0.0533514283597469 0.0417409427464008 0.0331860072910786 0.0267341546714306 0.0219504646956921 0.0174332652240992 0.0155684342607856 0.0130471233278513 0.0101912301033735 0.0129088554531336
-3.4e+38 -3.4e+38 -3.4e+38 -3.4e+38 0.951954364776611 0.995253682136536 0.998715877532959 0.998201429843903 0.998261153697968 0.99842095375061 0.995283186435699 0.995861411094666 0.988636791706085 0.939174771308899 0.853418111801147 0.593108355998993 0.382551372051239 0.395367681980133 0.736691176891327 0.497240245342255 0.3412005007267 0.225329205393791 0.295764297246933 0.31094554066658 0.342100560665131 0.658442616462708 0.841493427753448 0.889617800712585 0.936440229415894 0.81250673532486 0.545287013053894 0.540286302566528 0.248651936650276 0.166582137346268 0.126207143068314 0.0669773817062378 0.0425184480845928 0.0307890754193068 0.032281331717968 0.0230315271764994 0.019428588449955 0.0170583371073008 0.014966756105423 0.0115839634090662 0.00960077624768019
-339999999999999996123846586046231871488.000000000000000 -3.4e+38 -3.4e+38 -3.4e+38 0.896513819694519 0.995686650276184 0.996927320957184 0.999168932437897 0.998359143733978 0.998462796211243 0.995551288127899 0.991157054901123 0.990762531757355 0.818454444408417 0.773841857910156 0.807957172393799 0.720897197723389 0.763037741184235 0.759449064731598 0.785376787185669 0.572243392467499 0.279616355895996 0.350217461585999 0.468133360147476 0.58460009098053 0.829294204711914 0.916942477226257 0.931074917316437 0.96440064907074 0.961052536964417 0.920062065124512 0.849899590015411 0.432018965482712 0.253062784671783 0.114107504487038 0.0790331289172173 0.043050292879343 0.0319788232445717 0.0294942408800125 0.027640525251627 0.0234702881425619 0.0203506723046303 0.0159134324640036 0.0125870108604431 0.0125343753024936
-3.4e+38 -3.4e+38 -3.4e+38 -3.4e+38 0.573674976825714 0.933972120285034 0.998789429664612 0.999148666858673 0.998134732246399 0.998555421829224 0.987958073616028 0.988496243953705 0.971130609512329 0.737092971801758 0.763532876968384 0.893775701522827 0.63473778963089 0.934793174266815 0.768361151218414 0.857879519462585 0.387826085090637 0.332925826311111 0.447300761938095 0.56393301486969 0.809132695198059 0.790018141269684 0.929300963878632 0.866461336612701 0.922475159168243 0.941762864589691 0.958311975002289 0.895319998264313 0.653619110584259 0.328570067882538 0.109679378569126 0.0587307959794998 0.0511488541960716 0.0445213168859482 0.0375044457614422 0.0313533022999763 0.0295262020081282 0.0234238617122173 0.017190421000123 0.0159694757312536 0.0121180592104793
-3.4e+38 -3.4e+38 -3.4e+38 0.225016802549362 0.375241786241531 0.889816224575043 0.995648622512817 0.999270975589752 0.99850732088089 0.998680651187897 0.992385923862457 0.941079676151276 0.861566245555878 0.833255767822266 0.86294412612915 0.817283093929291 0.388647705316544 0.621779084205627 0.684328496456146 0.544536292552948 0.343989282846451 0.387805849313736 0.570660591125488 0.662096560001373 0.845394849777222 0.685229778289795 0.780693411827087 0.864407896995544 0.840650320053101 0.91880476474762 0.9411541223526 0.973855555057526 0.721971035003662 0.435410290956497 0.176294490695 0.0865312218666077 0.0855470672249794 0.0781771764159203 0.0632365494966507 0.0491381883621216 0.0332281515002251 0.0258008688688278 0.0202725045382977 0.0161261018365622 0.0124856419861317
-3.4e+38 -3.4e+38 -3.4e+38 0.20509335398674 0.374773472547531 0.982898116111755 0.998620569705963 0.999017655849457 0.998323202133179 0.998867869377136 0.997133433818817 0.985845685005188 0.906757891178131 0.69959568977356 0.530599057674408 0.633631527423859 0.247143030166626 0.402110308408737 0.632342159748077 0.322048366069794 0.346128731966019 0.506797909736633 0.586486995220184 0.714588344097137 0.855221807956696 0.66455614566803 0.700431764125824 0.815023124217987 0.838711440563202 0.894248604774475 0.94250613451004 0.931696593761444 0.61376017332077 0.57742702960968 0.306659162044525 0.206179335713387 0.0960401892662048 0.106314957141876 0.0792143493890762 0.0629644691944122 0.0509244799613953 0.035643745213747 0.0267066266387701 0.0243336781859398 0.0154059175401926
