data/climate_estimation/maxent_output/Trillium_vaseyi.asc
NCOLS 72 
NROWS 44 
XLLCORNER -85.25 
YLLCORNER 32.5 
CELLSIZE 0.0833333333333333 
NODATA_value -3.4e+38 
[rows 0 to 18 of 44, columns 0 to 43 of 72]
0.495840966701508 0.405970901250839 0.480302333831787 0.47060164809227 0.46430578827858 0.365909099578857 0.351225912570953 0.342481940984726 0.472684502601624 0.522508680820465 0.512273490428925 0.483879297971725 0.294746279716492 0.234052076935768 0.219543173909187 0.208904221653938 0.198041766881943 0.208029389381409 0.142998427152634 0.177684769034386 0.174232989549637 0.168881297111511 0.168847993016243 0.124259278178215 0.114117465913296 0.1142702922225 0.118811421096325 0.125952139496803 0.12906876206398 0.130090966820717 0.134109541773796 0.201121687889099 0.278148621320724 0.28982338309288 0.37718340754509 0.538526833057404 0.435108214616776 0.448759764432907 0.460423290729523 0.444555252790451 0.377197712659836 0.401564627885818 0.434249371290207 0.439046770334244
0.416545748710632 0.410147100687027 0.395379483699799 0.392309039831161 0.393304407596588 0.38854193687439 0.396197140216827 0.359603047370911 0.359026968479156 0.352795332670212 0.257290720939636 0.224929094314575 0.212889641523361 0.189369425177574 0.224163353443146 0.202431887388229 0.178380936384201 0.150327652692795 0.142970278859138 0.188442885875702 0.177037984132767 0.178319558501244 0.158935070037842 0.1159353479743 0.11475396156311 0.121092446148396 0.126595854759216 0.127975702285767 0.105196677148342 0.145905703306198 0.347096681594849 0.42870569229126 0.339827865362167 0.456976622343063 0.44459456205368 0.453289091587067 0.43989297747612 0.480199813842773 0.489709377288818 0.489070683717728 0.435474812984467 0.522125363349915 0.428250193595886 0.427578121423721
0.404156625270844 0.329106688499451 0.323723196983337 0.326373755931854 0.402237564325333 0.425232648849487 0.387843996286392 0.290616065263748 0.267228007316589 0.200549975037575 0.188908725976944 0.234945103526115 0.216801941394806 0.20321623980999 0.181799501180649 0.146638169884682 0.164483562111855 0.150057002902031 0.142677873373032 0.172645851969719 0.167991608381271 0.163677781820297 0.129068359732628 0.142762809991837 0.12888765335083 0.12916986644268 0.141356989741325 0.15074260532856 0.144275099039078 0.238620236515999 0.182259276509285 0.434102863073349 0.558900952339172 0.584352791309357 0.46209180355072 0.452561110258102 0.495054394006729 0.545966625213623 0.555967211723328 0.559636533260345 0.499284356832504 0.530619442462921 0.430697292089462 0.379192799329758
0.321286916732788 0.332025021314621 0.328968226909637 0.331333994865417 0.418881565332413 0.316039323806763 0.294646620750427 0.266868203878403 0.20743402838707 0.203835979104042 0.199993208050728 0.197020679712296 0.184625178575516 0.195538058876991 0.171613931655884 0.146675631403923 0.180954143404961 0.175797194242477 0.21176765859127 0.191431954503059 0.170268729329109 0.181806832551956 0.208694636821747 0.241576597094536 0.143676400184631 0.210025876760483 0.152201429009438 0.210997641086578 0.192509979009628 0.134679287672043 0.215758413076401 0.289891064167023 0.422968238592148 0.433696269989014 0.470680117607117 0.540854275226593 0.579765260219574 0.59908664226532 0.612988829612732 0.601467907428741 0.588474690914154 0.430262833833694 0.389110833406448 0.369108706712723
0.32884219288826 0.337297141551971 0.320030957460403 0.424246847629547 0.314728230237961 0.288136392831802 0.212948635220528 0.209677696228027 0.207949459552765 0.202310681343079 0.200885459780693 0.196202307939529 0.186057657003403 0.168017417192459 0.187207356095314 0.16082888841629 0.155416697263718 0.214660957455635 0.34196212887764 0.266060560941696 0.226904213428497 0.241458639502525 0.267027199268341 0.261471718549728 0.334474861621857 0.333721160888672 0.44817653298378 0.727939188480377 0.353379040956497 0.324936747550964 0.137696743011475 0.140376001596451 0.211939856410027 0.422343373298645 0.573990941047668 0.441875159740448 0.542605936527252 0.637947499752045 0.52080112695694 0.588549017906189 0.448710292577744 0.413402289152145 0.386996150016785 0.382988154888153
0.322062224149704 0.299242109060287 0.301533788442612 0.331812679767609 0.286470770835876 0.210561454296112 0.210031375288963 0.215734779834747 0.215780943632126 0.208763301372528 0.204453080892563 0.200837999582291 0.19714629650116 0.234876543283463 0.22162452340126 0.211528599262238 0.274738490581512 0.352939873933792 0.484343975782394 0.582828402519226 0.524475514888763 0.674507319927216 0.677781999111176 0.76070111989975 0.754164457321167 0.806127607822418 0.470254987478256 0.640301883220673 0.688127100467682 0.349219739437103 0.182016968727112 0.176789045333862 0.299363762140274 0.528980016708374 0.509913623332977 0.471448719501495 0.647869110107422 0.613659679889679 0.503547132015228 0.501332521438599 0.464860290288925 0.43372043967247 0.424086809158325 0.456045359373093
0.291399151086807 0.291627436876297 0.336513131856918 0.31520077586174 0.207318738102913 0.203262567520142 0.208847463130951 0.268307238817215 0.274413377046585 0.265113413333893 0.266555786132812 0.254870384931564 0.247597932815552 0.250785648822784 0.262942999601364 0.369242191314697 0.410006105899811 0.602940261363983 0.608004331588745 0.774494171142578 0.770413517951965 0.730771422386169 0.75656795501709 0.760707318782806 0.775323212146759 0.804910480976105 0.801720023155212 0.60554826259613 0.739765048027039 0.5655517578125 0.289673745632172 0.260818183422089 0.313529759645462 0.380524456501007 0.502293705940247 0.587659001350403 0.504353821277618 0.527672827243805 0.561432898044586 0.563923537731171 0.521852612495422 0.564532041549683 0.647598385810852 0.557695508003235
0.274316310882568 0.337711274623871 0.3129643201828 0.209881469607353 0.200094193220139 0.20589043200016 0.266616106033325 0.272146791219711 0.278282672166824 0.277369886636734 0.268793851137161 0.26200133562088 0.255062013864517 0.260013163089752 0.292666971683502 0.487249672412872 0.660661220550537 0.73784989118576 0.764518141746521 0.752692997455597 0.757313132286072 0.785636425018311 0.796094238758087 0.79119998216629 0.789588987827301 0.779757559299469 0.830682516098022 0.638024747371674 0.592858016490936 0.574945449829102 0.350143551826477 0.37139430642128 0.304838389158249 0.441605508327484 0.607703804969788 0.639591991901398 0.618820190429688 0.627184569835663 0.604972958564758 0.579237461090088 0.576891779899597 0.579834938049316 0.577416658401489 0.521169185638428
0.338110357522964 0.306257963180542 0.20335279405117 0.197438269853592 0.204816594719887 0.212333083152771 0.266685038805008 0.267418652772903 0.270770013332367 0.264459937810898 0.272967547178268 0.271383821964264 0.274781614542007 0.377973169088364 0.555230498313904 0.515815019607544 0.635337114334106 0.641005277633667 0.646385729312897 0.73519104719162 0.727811276912689 0.734985053539276 0.727993547916412 0.811326444149017 0.812294661998749 0.773703515529633 0.825585901737213 0.835953056812286 0.852075576782227 0.789848744869232 0.80894410610199 0.5975461602211 0.382155984640121 0.43939995765686 0.692936182022095 0.683024108409882 0.659429609775543 0.59054034948349 0.586362600326538 0.565828323364258 0.546421885490417 0.588201284408569 0.510712921619415 0.443835020065308
0.330132514238358 0.21230773627758 0.197225838899612 0.200773537158966 0.251420438289642 0.25982666015625 0.2652747631073 0.264318823814392 0.266551345586777 0.277893036603928 0.279106914997101 0.280486255884171 0.388192266225815 0.57266491651535 0.724745750427246 0.727716445922852 0.64950156211853 0.689129114151001 0.748066484928131 0.749115526676178 0.632974326610565 0.830094218254089 0.827085196971893 0.834289014339447 0.829893827438354 0.838354647159576 0.771567523479462 0.7758549451828 0.759463429450989 0.8268803358078 0.849308669567108 0.730101704597473 0.600476622581482 0.66426020860672 0.664515614509583 0.766081273555756 0.6692174077034 0.637804090976715 0.611057162284851 0.598106265068054 0.571942806243896 0.560941278934479 0.521703720092773 0.495053052902222
0.302628457546234 0.195387899875641 0.201193824410439 0.256358087062836 0.257508128881454 0.257559955120087 0.2601398229599 0.26358637213707 0.274320900440216 0.387826323509216 0.373054891824722 0.407836943864822 0.560764491558075 0.596122086048126 0.706965744495392 0.718111455440521 0.601728975772858 0.750978469848633 0.744827687740326 0.804593205451965 0.821451306343079 0.840269207954407 0.855102598667145 0.845277905464172 0.870991289615631 0.866876304149628 0.824787259101868 0.763680636882782 0.783245325088501 0.862553119659424 0.887079298496246 0.890942752361298 0.891813397407532 0.868824064731598 0.787754237651825 0.780252158641815 0.766019761562347 0.739392578601837 0.669626116752625 0.646885991096497 0.623645186424255 0.569615185260773 0.552050828933716 0.499382019042969
0.196241140365601 0.192025601863861 0.197819828987122 0.261436402797699 0.258622020483017 0.265754848718643 0.262455433607101 0.266810774803162 0.378874093294144 0.357673436403275 0.394718796014786 0.415490299463272 0.555795967578888 0.587107717990875 0.685491740703583 0.676250874996185 0.677852869033813 0.680378913879395 0.737554013729095 0.77279257774353 0.772258162498474 0.84015816450119 0.834245502948761 0.858219265937805 0.776258707046509 0.823912143707275 0.82249790430069 0.842775404453278 0.866084516048431 0.886907875537872 0.888285994529724 0.897493064403534 0.888894200325012 0.88891988992691 0.878384530544281 0.866785049438477 0.814598381519318 0.772752285003662 0.721279919147491 0.682047545909882 0.61172753572464 0.572862148284912 0.541280090808868 0.508451998233795
0.183973863720894 0.188898056745529 0.201322615146637 0.257324039936066 0.26526603102684 0.328740239143372 0.329194128513336 0.36518183350563 0.371791005134583 0.420898348093033 0.431991249322891 0.416095674037933 0.507680237293243 0.511848211288452 0.528025269508362 0.535119235515594 0.757849276065826 0.747526288032532 0.734795689582825 0.76813805103302 0.773403942584991 0.836211025714874 0.837941586971283 0.807341575622559 0.743151485919952 0.757433891296387 0.783131897449493 0.819516479969025 0.888496279716492 0.88662451505661 0.882555961608887 0.895442366600037 0.863311409950256 0.832896828651428 0.834933340549469 0.826748371124268 0.809591233730316 0.768082857131958 0.703630447387695 0.672670125961304 0.619013726711273 0.605013072490692 0.568653225898743 0.515318393707275
0.142535805702209 0.19197241961956 0.253370106220245 0.263037741184235 0.262365102767944 0.328801691532135 0.338687777519226 0.372340768575668 0.449615836143494 0.424589663743973 0.423418462276459 0.565040946006775 0.459150016307831 0.519392013549805 0.533019244670868 0.540129005908966 0.67352432012558 0.679295480251312 0.765511333942413 0.742964923381805 0.753277599811554 0.765192806720734 0.765760362148285 0.750346481800079 0.769960284233093 0.79933112859726 0.793194532394409 0.859987378120422 0.85754269361496 0.882447719573975 0.865508019924164 0.807121992111206 0.800067245960236 0.799242377281189 0.794375538825989 0.786462306976318 0.762045383453369 0.735624074935913 0.680677354335785 0.648052990436554 0.597588360309601 0.586435854434967 0.53367680311203 0.529326498508453
0.144979208707809 0.192430198192596 0.20455014705658 0.260067194700241 0.323504775762558 0.326051443815231 0.367161303758621 0.414711266756058 0.594347834587097 0.444510728120804 0.426350921392441 0.4435815513134 0.46015253663063 0.542777717113495 0.652691721916199 0.685017645359039 0.685299575328827 0.689381778240204 0.694187581539154 0.753593623638153 0.743829846382141 0.743566155433655 0.75295627117157 0.788188219070435 0.86456561088562 0.877517282962799 0.844441831111908 0.81853848695755 0.80965518951416 0.813837051391602 0.808856606483459 0.805184125900269 0.793246567249298 0.751509606838226 0.750198125839233 0.713810801506042 0.666919410228729 0.618342041969299 0.576332271099091 0.539340734481812 0.514253735542297 0.505857110023499 0.479507893323898 0.466711223125458
0.154178038239479 0.20379650592804 0.207522466778755 0.25654149055481 0.320519745349884 0.32810840010643 0.392093122005463 0.589282393455505 0.582506537437439 0.586887240409851 0.458193868398666 0.446099698543549 0.468760758638382 0.590946853160858 0.664464056491852 0.682155311107635 0.69497275352478 0.753187298774719 0.692139387130737 0.75159078836441 0.685380339622498 0.757387220859528 0.750804901123047 0.818313658237457 0.848801076412201 0.845095753669739 0.773890316486359 0.765777289867401 0.754620730876923 0.761626958847046 0.755546033382416 0.756741881370544 0.745315134525299 0.647794365882874 0.631003081798553 0.598914325237274 0.540701389312744 0.508134007453918 0.452524304389954 0.438685536384583 0.435490816831589 0.499916881322861 0.475566059350967 0.461820065975189
0.205304428935051 0.211159184575081 0.209887966513634 0.253722220659256 0.314736038446426 0.320289760828018 0.389719188213348 0.457700192928314 0.457720875740051 0.474747568368912 0.477201282978058 0.592663586139679 0.591545701026917 0.607303142547607 0.60427725315094 0.685822248458862 0.68974381685257 0.681302726268768 0.751917660236359 0.690338969230652 0.679509520530701 0.754857897758484 0.814947962760925 0.803610861301422 0.801333904266357 0.790298044681549 0.77043080329895 0.759954750537872 0.674574673175812 0.754604458808899 0.74960994720459 0.74838662147522 0.651350915431976 0.534748315811157 0.424801260232925 0.484705954790115 0.438425362110138 0.48777449131012 0.455942779779434 0.427087396383286 0.437223166227341 0.425729632377625 0.401793599128723 0.406988531351089
0.211025938391685 0.214432656764984 0.220842480659485 0.250370383262634 0.250890702009201 0.319092392921448 0.372952729463577 0.441811084747314 0.428138047456741 0.432022482156754 0.500478267669678 0.596151471138 0.603148519992828 0.606382250785828 0.603685259819031 0.68066543340683 0.603661596775055 0.606284499168396 0.665730714797974 0.663176417350769 0.751292049884796 0.748804807662964 0.725663065910339 0.715177536010742 0.699586689472198 0.694318473339081 0.687073171138763 0.679450571537018 0.665358483791351 0.656639635562897 0.647165238857269 0.641133069992065 0.545530021190643 0.505010187625885 0.403531163930893 0.443634897470474 0.428349196910858 0.458626717329025 0.430736124515533 0.432165443897247 0.421621531248093 0.409783959388733 0.401141077280045 0.437475979328156
0.167367085814476 0.212725475430489 0.218366965651512 0.197557866573334 0.201469093561172 0.251885056495667 0.271066159009933 0.318735331296921 0.343864977359772 0.364110916852951 0.462207734584808 0.484721601009369 0.595146298408508 0.504040539264679 0.495066404342651 0.487120002508163 0.573485970497131 0.572932720184326 0.663293242454529 0.652878761291504 0.652335286140442 0.735202848911285 0.718843042850494 0.600853085517883 0.587205827236176 0.59357076883316 0.683283805847168 0.573167681694031 0.545571208000183 0.542029142379761 0.535204172134399 0.495961993932724 0.500454008579254 0.466735661029816 0.456672310829163 0.409171730279922 0.400076538324356 0.469638466835022 0.436658948659897 0.407875895500183 0.409189462661743 0.412949115037918 0.365339428186417 0.346385985612869
