data/climate_estimation/maxent_output/Trillium_rugelii.asc
NCOLS 91 
NROWS 55 
XLLCORNER -87.6666666666667 
YLLCORNER 31.8333333333333 
CELLSIZE 0.0833333333333333 
NODATA_value -3.4e+38 
[rows 0 to 19 of 55, columns 44 to 87 of 91]
0.423889875411987 0.428126037120819 0.431866139173508 0.38630223274231 0.389045566320419 0.384171813726425 0.380476146936417 0.397454500198364 0.331321865320206 0.284191220998764 0.254128694534302 0.208307147026062 0.211403355002403 0.225659623742104 0.254175901412964 0.260718941688538 0.311688631772995 0.338307857513428 0.336380869150162 0.38886484503746 0.489929586648941 0.616051077842712 0.641735017299652 0.719784259796143 0.691655814647675 0.744380414485931 0.732362031936646 0.697558403015137 0.673849523067474 0.700014352798462 0.746528565883636 0.727439105510712 0.725242793560028 0.707769334316254 0.683688104152679 0.667854189872742 0.664540529251099 0.613512098789215 0.600356161594391 0.585357964038849 0.582489192485809 0.584560692310333 0.582876741886139 0.57361912727356
0.424774497747421 0.382238179445267 0.424986064434052 0.440547734498978 0.451756447553635 0.404576867818832 0.362919718027115 0.29683130979538 0.253538906574249 0.229256361722946 0.200167894363403 0.2141302973032 0.219924405217171 0.19914710521698 0.231477215886116 0.308024227619171 0.312880098819733 0.351443767547607 0.438458621501923 0.587183892726898 0.580055713653564 0.667557656764984 0.738499283790588 0.728294730186462 0.75653874874115 0.765067934989929 0.742733538150787 0.664805829524994 0.719071328639984 0.744790434837341 0.750691950321198 0.76282149553299 0.679395079612732 0.664857387542725 0.624894797801971 0.604286909103394 0.648678123950958 0.634749293327332 0.632993817329407 0.623405396938324 0.631334125995636 0.614794194698334 0.619836211204529 0.626936554908752
0.392468094825745 0.427652776241302 0.4307921230793 0.437356889247894 0.40418329834938 0.356405675411224 0.295783638954163 0.284891277551651 0.273869216442108 0.226263239979744 0.187669202685356 0.184698864817619 0.188277333974838 0.192171663045883 0.256084948778152 0.263499081134796 0.295573830604553 0.399714529514313 0.544150710105896 0.707604169845581 0.717160522937775 0.747580349445343 0.715224385261536 0.717491269111633 0.71129035949707 0.605790793895721 0.750727653503418 0.718270182609558 0.738448083400726 0.769172668457031 0.753587365150452 0.707659840583801 0.64724725484848 0.609101951122284 0.6077880859375 0.599301278591156 0.642703473567963 0.645216584205627 0.640525758266449 0.647815763950348 0.638623476028442 0.616677582263947 0.608959257602692 0.607073485851288
0.391001224517822 0.395700186491013 0.426845282316208 0.365035086870193 0.352270662784576 0.341130495071411 0.319300204515457 0.307113319635391 0.235274389386177 0.188979744911194 0.190528005361557 0.191194698214531 0.201144322752953 0.220003351569176 0.234431877732277 0.293278276920319 0.5366091132164 0.664050877094269 0.662216007709503 0.730348289012909 0.719813585281372 0.70541900396347 0.596020102500916 0.6039799451828 0.632207810878754 0.575148940086365 0.658985376358032 0.756913602352142 0.762194693088531 0.776818871498108 0.698526561260223 0.664608478546143 0.622806489467621 0.615857839584351 0.619599878787994 0.672533810138702 0.623651742935181 0.663042426109314 0.645426213741302 0.60097348690033 0.597250640392303 0.585112810134888 0.56711333990097 0.58641129732132
0.392741054296494 0.38867199420929 0.38249284029007 0.382081061601639 0.382979840040207 0.364712774753571 0.348213315010071 0.291973322629929 0.214188739657402 0.198936402797699 0.208850204944611 0.213296145200729 0.230397522449493 0.217150047421455 0.383243978023529 0.70710027217865 0.72208833694458 0.730469763278961 0.738715171813965 0.768366456031799 0.772664129734039 0.782188355922699 0.708360075950623 0.65570479631424 0.656234085559845 0.679734885692596 0.835587084293365 0.736173033714294 0.72133880853653 0.701455771923065 0.659622728824615 0.651963472366333 0.696391463279724 0.69545567035675 0.70719039440155 0.691804528236389 0.663159906864166 0.65881884098053 0.612051010131836 0.64929187297821 0.588216722011566 0.572394192218781 0.610080361366272 0.593476057052612
0.359317243099213 0.393955707550049 0.397287577390671 0.395950347185135 0.354212790727615 0.341571658849716 0.295286566019058 0.260353416204453 0.30884712934494 0.244429409503937 0.247652187943459 0.28854888677597 0.360931813716888 0.411674112081528 0.656790375709534 0.609879732131958 0.748682677745819 0.70588344335556 0.681499421596527 0.755644619464874 0.774615049362183 0.775030195713043 0.790281295776367 0.756658017635345 0.766335546970367 0.748345911502838 0.829850852489471 0.75065016746521 0.67931067943573 0.666180193424225 0.71212238073349 0.719379544258118 0.698130428791046 0.637844145298004 0.688781499862671 0.638873159885406 0.683093369007111 0.66576737165451 0.626242816448212 0.59759521484375 0.589781165122986 0.576001405715942 0.605363965034485 0.580678522586823
0.370815753936768 0.421489775180817 0.446052849292755 0.44579416513443 0.424857288599014 0.365983307361603 0.357352256774902 0.452685207128525 0.574846267700195 0.295096784830093 0.512000560760498 0.38525316119194 0.604699611663818 0.590969681739807 0.476169347763062 0.67098206281662 0.749484360218048 0.772478997707367 0.783810317516327 0.717480480670929 0.674350321292877 0.755073189735413 0.753223955631256 0.859290480613708 0.865607440471649 0.854828894138336 0.749989986419678 0.729654312133789 0.720014452934265 0.674985468387604 0.717783629894257 0.662886202335358 0.656453371047974 0.650304973125458 0.690219044685364 0.686102151870728 0.633129775524139 0.639624059200287 0.62178498506546 0.610902070999146 0.589549779891968 0.569427132606506 0.558627307415009 0.586974918842316
0.405817359685898 0.436913698911667 0.519921243190765 0.59638512134552 0.568345546722412 0.548087298870087 0.571475327014923 0.620003700256348 0.625761449337006 0.692033171653748 0.69491583108902 0.788694024085999 0.789886236190796 0.773898005485535 0.765142560005188 0.512497842311859 0.619785964488983 0.696994185447693 0.800885021686554 0.677367269992828 0.588811755180359 0.689213037490845 0.826359689235687 0.823957324028015 0.843876719474792 0.757699906826019 0.744808077812195 0.738042175769806 0.742545604705811 0.723865270614624 0.707874596118927 0.663072943687439 0.65957510471344 0.649488747119904 0.659085869789124 0.653719782829285 0.702494740486145 0.652580499649048 0.615686893463135 0.600134015083313 0.577137470245361 0.580776751041412 0.605765104293823 0.563627243041992
0.494502365589142 0.568316400051117 0.609632730484009 0.707672238349915 0.749271750450134 0.759389758110046 0.805650889873505 0.818520903587341 0.774038434028625 0.781475126743317 0.817342698574066 0.807823121547699 0.787662506103516 0.765617668628693 0.77916020154953 0.663682579994202 0.654991745948792 0.755028247833252 0.731696307659149 0.653283476829529 0.606712162494659 0.769848644733429 0.879294335842133 0.78636246919632 0.776224434375763 0.766307890415192 0.759997367858887 0.75439864397049 0.769029796123505 0.760204315185547 0.690638840198517 0.688489437103271 0.670223653316498 0.662073254585266 0.661878347396851 0.659566164016724 0.654386878013611 0.647609233856201 0.613237917423248 0.636773765087128 0.579582929611206 0.586523532867432 0.602539896965027 0.577496230602264
0.649127125740051 0.690708756446838 0.762915194034576 0.775909006595612 0.837544918060303 0.825347363948822 0.722208678722382 0.756820440292358 0.758349657058716 0.789608597755432 0.777909398078918 0.825463831424713 0.819042325019836 0.757915377616882 0.783790826797485 0.760232210159302 0.728832125663757 0.763245820999146 0.799640357494354 0.809806168079376 0.780662715435028 0.840574145317078 0.830776631832123 0.822076737880707 0.808075964450836 0.78371399641037 0.806277990341187 0.835155129432678 0.810480833053589 0.769729554653168 0.721629977226257 0.712976038455963 0.68360310792923 0.695175051689148 0.684979319572449 0.669173121452332 0.65659099817276 0.637627601623535 0.634084463119507 0.646316826343536 0.634610593318939 0.59495222568512 0.610930860042572 0.597036778926849
0.715024709701538 0.798732221126556 0.827220618724823 0.829168200492859 0.781177818775177 0.78732818365097 0.791892945766449 0.78244024515152 0.839674353599548 0.772052705287933 0.759850084781647 0.801567196846008 0.809652149677277 0.781286358833313 0.783004462718964 0.778847932815552 0.79006016254425 0.791017115116119 0.806749939918518 0.776841044425964 0.799508452415466 0.854784488677979 0.86615926027298 0.839283645153046 0.806911885738373 0.816342532634735 0.809369027614594 0.81828361749649 0.801725268363953 0.7868772149086 0.72059690952301 0.729705691337585 0.702076852321625 0.710079491138458 0.695911526679993 0.675121009349823 0.655053675174713 0.647591471672058 0.672303080558777 0.655616581439972 0.610401630401611 0.6210657954216 0.631565153598785 0.624013364315033
0.761737763881683 0.807528436183929 0.8284512758255 0.832189321517944 0.854308724403381 0.867296636104584 0.844621121883392 0.858657240867615 0.860862374305725 0.781456649303436 0.729835271835327 0.804444193840027 0.813497304916382 0.8305344581604 0.788931310176849 0.823916852474213 0.836151123046875 0.804233431816101 0.812612950801849 0.829519808292389 0.84609043598175 0.873609662055969 0.838314890861511 0.822283267974854 0.816252708435059 0.81026303768158 0.823886930942535 0.808781564235687 0.757663667201996 0.759670317173004 0.755794703960419 0.735917627811432 0.730499863624573 0.712156355381012 0.704506814479828 0.680427312850952 0.658792555332184 0.64709997177124 0.626062035560608 0.592584311962128 0.599642336368561 0.604026675224304 0.587576806545258 0.607155919075012
0.805317163467407 0.831279218196869 0.847250699996948 0.857447504997253 0.859173536300659 0.843579828739166 0.851903676986694 0.801681041717529 0.845347821712494 0.846228241920471 0.815554916858673 0.735885739326477 0.740986287593842 0.713783740997314 0.822685062885284 0.837425589561462 0.87990665435791 0.852107584476471 0.849286139011383 0.855186700820923 0.881528437137604 0.866803646087646 0.838034510612488 0.830208301544189 0.825672507286072 0.823602855205536 0.830938637256622 0.814128339290619 0.774330914020538 0.765696465969086 0.769030332565308 0.766790390014648 0.748784780502319 0.727112829685211 0.697633445262909 0.685303866863251 0.648877561092377 0.653942704200745 0.633468091487885 0.604627430438995 0.587797164916992 0.573690295219421 0.597921431064606 0.581327557563782
0.776841580867767 0.817188501358032 0.855242729187012 0.785807132720947 0.803246974945068 0.833964109420776 0.847644567489624 0.84985613822937 0.804004549980164 0.845235645771027 0.842998802661896 0.788053512573242 0.710961222648621 0.738105952739716 0.873060464859009 0.902242004871368 0.919892609119415 0.924070119857788 0.904519736766815 0.899796783924103 0.896848201751709 0.881158232688904 0.861249804496765 0.845080971717834 0.839284420013428 0.83670711517334 0.826793551445007 0.822960913181305 0.786098599433899 0.779900312423706 0.778698980808258 0.770568251609802 0.755155324935913 0.703082084655762 0.67571347951889 0.633647382259369 0.661462962627411 0.63513720035553 0.626450538635254 0.59832751750946 0.583477437496185 0.609445691108704 0.588443636894226 0.607113778591156
0.82388299703598 0.834312379360199 0.811292827129364 0.745387434959412 0.738649427890778 0.715659916400909 0.839179337024689 0.870144844055176 0.814073979854584 0.752092182636261 0.778747618198395 0.770587742328644 0.823778927326202 0.844946563243866 0.896452903747559 0.912461340427399 0.946629762649536 0.943700313568115 0.9366574883461 0.939082205295563 0.936219155788422 0.894612610340118 0.87339174747467 0.867383658885956 0.85441792011261 0.837128758430481 0.805974721908569 0.796464025974274 0.792957067489624 0.793731331825256 0.778304874897003 0.778779268264771 0.734470188617706 0.703853487968445 0.693967223167419 0.636749565601349 0.63052499294281 0.628266394138336 0.624262809753418 0.64389955997467 0.607376992702484 0.590046286582947 0.575623631477356 0.576816320419312
0.799276471138 0.847168326377869 0.779496490955353 0.719824135303497 0.704916715621948 0.716585159301758 0.789914309978485 0.824650466442108 0.80867862701416 0.680330395698547 0.705119013786316 0.773711800575256 0.839092314243317 0.877291679382324 0.888888716697693 0.910632908344269 0.94503265619278 0.948074758052826 0.913921475410461 0.909802556037903 0.900635659694672 0.887614846229553 0.871824979782104 0.834033489227295 0.84996098279953 0.811515808105469 0.81207001209259 0.804914832115173 0.800769209861755 0.801544964313507 0.754018127918243 0.753665626049042 0.739909648895264 0.683298349380493 0.656793296337128 0.622546911239624 0.602982103824615 0.587137401103973 0.606490135192871 0.643633425235748 0.625758707523346 0.592329919338226 0.61186009645462 0.587180435657501
0.812463402748108 0.84633195400238 0.838307917118073 0.7927485704422 0.716544568538666 0.675225734710693 0.712883949279785 0.753114402294159 0.683367788791656 0.739662230014801 0.799705028533936 0.77912163734436 0.897425830364227 0.905011177062988 0.913743913173676 0.952473938465118 0.893643438816071 0.873133301734924 0.866239666938782 0.853706419467926 0.852477669715881 0.838852167129517 0.835107505321503 0.809548556804657 0.82343852519989 0.809559285640717 0.805137038230896 0.805831909179688 0.809046447277069 0.764288187026978 0.749732494354248 0.744332551956177 0.705797135829926 0.693350434303284 0.663728296756744 0.636699318885803 0.584421277046204 0.569461524486542 0.60517680644989 0.624083638191223 0.63811594247818 0.644702553749084 0.620711088180542 0.611409485340118
0.838059842586517 0.834875643253326 0.789388537406921 0.773169934749603 0.735629022121429 0.711455643177032 0.711259722709656 0.724059283733368 0.766531705856323 0.815017640590668 0.846510291099548 0.868986904621124 0.917729198932648 0.915420174598694 0.913630127906799 0.909967541694641 0.894070684909821 0.874564468860626 0.827976167201996 0.818005681037903 0.794819831848145 0.78591775894165 0.77089262008667 0.764987051486969 0.764805376529694 0.768686413764954 0.761627435684204 0.756099045276642 0.751823246479034 0.741383016109467 0.710236549377441 0.697065412998199 0.703453481197357 0.68869560956955 0.634572207927704 0.609224200248718 0.60159569978714 0.59196150302887 0.610650777816772 0.59585052728653 0.638374388217926 0.64265775680542 0.661764919757843 0.620190322399139
0.84480357170105 0.825978219509125 0.765165567398071 0.739995360374451 0.729256093502045 0.73109632730484 0.740321934223175 0.767450749874115 0.798361480236053 0.869236826896667 0.86655455827713 0.889344274997711 0.890735507011414 0.88039767742157 0.884506702423096 0.87137371301651 0.859407305717468 0.827100872993469 0.778622448444366 0.762387573719025 0.747489750385284 0.725732624530792 0.71084326505661 0.703213095664978 0.707754969596863 0.723430812358856 0.761255919933319 0.764641463756561 0.7576904296875 0.713150680065155 0.707260310649872 0.704987227916718 0.655422329902649 0.656609892845154 0.627980768680573 0.619580388069153 0.583670854568481 0.580449998378754 0.600557327270508 0.644384741783142 0.652079284191132 0.676649570465088 0.634578287601471 0.614106416702271
0.805537521839142 0.787645697593689 0.728994786739349 0.739385426044464 0.741803228855133 0.738255977630615 0.775674998760223 0.825842320919037 0.857057273387909 0.851444244384766 0.865894377231598 0.893339216709137 0.888962090015411 0.84259021282196 0.873430013656616 0.855798661708832 0.843380033969879 0.78340208530426 0.717262804508209 0.670200824737549 0.689017057418823 0.660710036754608 0.709379255771637 0.695967078208923 0.692475378513336 0.716673493385315 0.717640161514282 0.711878478527069 0.732171416282654 0.709405303001404 0.657653868198395 0.661716103553772 0.664904356002808 0.666637897491455 0.602626800537109 0.58343905210495 0.603376150131226 0.599355220794678 0.583508312702179 0.624626755714417 0.647295236587524 0.640376448631287 0.652099549770355 0.607909560203552
