data/climate_estimation/maxent_output/Trillium_pusillum.asc
NCOLS 269 
NROWS 131 
XLLCORNER -95.75 
YLLCORNER 30.1666666666667 
CELLSIZE 0.0833333333333333 
NODATA_value -3.4e+38 
[rows 40 to 59 of 131, columns 0 to 45 of 269]
0.0324502922594547 0.0387804247438908 0.0379522740840912 0.0388482920825481 0.0458615496754646 0.0545849204063416 0.0582011789083481 0.0641439706087112 0.0676836147904396 0.0701827704906464 0.0850254818797112 0.0839466080069542 0.100701808929443 0.10354233533144 0.11387774348259 0.122230723500252 0.126229092478752 0.127282947301865 0.14147175848484 0.168230071663857 0.157987549901009 0.156085625290871 0.15527705848217 0.168591514229774 0.16772598028183 0.193050980567932 0.18781290948391 0.211600944399834 0.214204519987106 0.228931084275246 0.259669661521912 0.275552183389664 0.279826492071152 0.326154261827469 0.355088233947754 0.366510003805161 0.40291228890419 0.416499197483063 0.473980575799942 0.510522067546844 0.582628071308136 0.628848910331726 0.628864824771881 0.627989172935486 0.671994149684906 0.622984409332275
0.0394812040030956 0.0403738431632519 0.0395344868302345 0.0465020090341568 0.0486349128186703 0.0553260333836079 0.0669044256210327 0.0710854157805443 0.0711247250437737 0.084084540605545 0.0841305553913116 0.100322663784027 0.101851291954517 0.117392353713512 0.137331783771515 0.133899837732315 0.159477636218071 0.154672130942345 0.171241611242294 0.169226482510567 0.169117227196693 0.184748962521553 0.183239862322807 0.183252170681953 0.200518742203712 0.19842192530632 0.228240817785263 0.21978023648262 0.254418879747391 0.256958305835724 0.26839679479599 0.307190507650375 0.326299637556076 0.373782277107239 0.375665068626404 0.391238033771515 0.390657097101212 0.451040267944336 0.462821900844574 0.548585116863251 0.609253525733948 0.608464658260345 0.66084498167038 0.642789900302887 0.640883207321167 0.613155663013458
0.0413015335798264 0.0483062192797661 0.0490145310759544 0.0554950162768364 0.0553410835564137 0.0577389933168888 0.0671220049262047 0.0721194073557854 0.0810944512486458 0.0853319689631462 0.0965554267168045 0.103613249957561 0.103631101548672 0.122596383094788 0.136904954910278 0.160524412989616 0.156939744949341 0.184914201498032 0.180786982178688 0.202452152967453 0.198443874716759 0.202875316143036 0.216103285551071 0.219871386885643 0.214636474847794 0.233183890581131 0.228171557188034 0.265901237726212 0.293121784925461 0.299662351608276 0.313558876514435 0.316529422998428 0.36119931936264 0.376467287540436 0.407329887151718 0.405222535133362 0.430254310369492 0.443484753370285 0.490709543228149 0.517100811004639 0.587907910346985 0.631757616996765 0.628541231155396 0.617247045040131 0.678611040115356 0.625840246677399
0.0520316548645496 0.053003940731287 0.0582151524722576 0.0561140775680542 0.0585791654884815 0.0660117790102959 0.0664782226085663 0.0679382830858231 0.0812979340553284 0.0890311822295189 0.0992785766720772 0.106558173894882 0.124846130609512 0.139133349061012 0.139129146933556 0.162793770432472 0.162041589617729 0.188778057694435 0.20672595500946 0.217213869094849 0.242047384381294 0.237952440977097 0.263549596071243 0.258991181850433 0.252182245254517 0.243286788463593 0.260000109672546 0.30481630563736 0.307030588388443 0.299781531095505 0.35716050863266 0.369551599025726 0.410212337970734 0.407920062541962 0.40135869383812 0.390492796897888 0.428966581821442 0.43721130490303 0.485206991434097 0.569404304027557 0.593358397483826 0.639223575592041 0.634614765644073 0.618239283561707 0.622676908969879 0.656436204910278
0.0527776926755905 0.0624440871179104 0.0611866302788258 0.0618140995502472 0.0691084712743759 0.0681615322828293 0.0682156458497047 0.0711707845330238 0.0836888328194618 0.0969969257712364 0.101892821490765 0.119737803936005 0.129412055015564 0.144341856241226 0.1547771692276 0.168896168470383 0.188793033361435 0.194722384214401 0.212910443544388 0.22014245390892 0.245364755392075 0.27757927775383 0.275371521711349 0.259642422199249 0.289418518543243 0.28038701415062 0.28940811753273 0.340409994125366 0.344275236129761 0.348118871450424 0.339048951864243 0.383897662162781 0.409296810626984 0.390230000019073 0.447875469923019 0.447829157114029 0.436153650283813 0.476144880056381 0.497057646512985 0.54595935344696 0.582918703556061 0.656445205211639 0.648930907249451 0.689577877521515 0.663593232631683 0.667910099029541
0.0629724264144897 0.0632808580994606 0.0720038414001465 0.0735678896307945 0.074939176440239 0.0705984011292458 0.0802137404680252 0.0814960449934006 0.0839175879955292 0.0999622568488121 0.106135226786137 0.125494703650475 0.147999286651611 0.148826822638512 0.166407108306885 0.171686261892319 0.194575771689415 0.187213525176048 0.216246202588081 0.249264523386955 0.239601999521255 0.271663248538971 0.266672343015671 0.294508308172226 0.285624951124191 0.318173915147781 0.302175253629684 0.343733727931976 0.335764586925507 0.38368085026741 0.372793406248093 0.391089648008347 0.394849091768265 0.438289999961853 0.445804297924042 0.446094334125519 0.491078108549118 0.495561689138412 0.517389059066772 0.595135629177094 0.670470237731934 0.670042216777802 0.661570012569427 0.707143127918243 0.694587647914886 0.688218712806702
0.067875862121582 0.0787143558263779 0.0790608301758766 0.0913603603839874 0.0891548991203308 0.0880029201507568 0.0894106552004814 0.0857991129159927 0.103369876742363 0.110352754592896 0.131637334823608 0.152232527732849 0.153433933854103 0.167651921510696 0.201060950756073 0.197841465473175 0.193731918931007 0.191952764987946 0.219274863600731 0.246167957782745 0.234217718243599 0.265250265598297 0.244255617260933 0.283226758241653 0.323647826910019 0.306692659854889 0.335471302270889 0.369369447231293 0.361089289188385 0.356457948684692 0.383251786231995 0.391352146863937 0.446274548768997 0.446497052907944 0.452496200799942 0.455537766218185 0.516964733600616 0.541083335876465 0.54768693447113 0.610518097877502 0.622515022754669 0.68490868806839 0.668540596961975 0.721467316150665 0.712168753147125 0.714276731014252
0.0802057534456253 0.0962405428290367 0.0980000793933868 0.100949384272099 0.109461612999439 0.109671160578728 0.106140539050102 0.10672502219677 0.128706187009811 0.136364340782166 0.159239903092384 0.1754140406847 0.183486863970757 0.212116897106171 0.234004333615303 0.241719380021095 0.206625089049339 0.201821103692055 0.219011083245277 0.248177617788315 0.235475912690163 0.259276241064072 0.249239102005959 0.272645890712738 0.29213547706604 0.339258372783661 0.369933903217316 0.350314974784851 0.378465503454208 0.387523502111435 0.423691004514694 0.43916130065918 0.438807547092438 0.440824598073959 0.474283695220947 0.523291170597076 0.528577327728271 0.548722267150879 0.560070991516113 0.618974983692169 0.685701966285706 0.678710043430328 0.731742680072784 0.727856874465942 0.739241719245911 0.739241719245911
0.0963274911046028 0.0975210517644882 0.112146995961666 0.116448506712914 0.117564000189304 0.134652554988861 0.134462594985962 0.138003185391426 0.142002880573273 0.166101649403572 0.192708283662796 0.229165837168694 0.266881823539734 0.249854266643524 0.257041752338409 0.286191403865814 0.254825711250305 0.261472672224045 0.252385199069977 0.235857874155045 0.261490911245346 0.251307547092438 0.236371785402298 0.274323970079422 0.307109445333481 0.341556221246719 0.322648942470551 0.363323569297791 0.420369833707809 0.407589077949524 0.426087826490402 0.454761654138565 0.451958566904068 0.470095813274384 0.528603851795197 0.556193053722382 0.570206165313721 0.574326753616333 0.650912642478943 0.646549820899963 0.713739335536957 0.715765774250031 0.76163238286972 0.760539710521698 0.751829862594604 0.752742052078247
0.109245426952839 0.118911810219288 0.121685013175011 0.141395479440689 0.139642655849457 0.13714300096035 0.161074176430702 0.167703926563263 0.192925348877907 0.204766750335693 0.241821601986885 0.292161345481873 0.284414172172546 0.31236207485199 0.299319505691528 0.301254034042358 0.300664722919464 0.318860232830048 0.265631049871445 0.279264658689499 0.2579086124897 0.264992475509644 0.257916778326035 0.303251266479492 0.34509015083313 0.323868572711945 0.36759278178215 0.367512494325638 0.426815062761307 0.430618107318878 0.441644489765167 0.461705535650253 0.485542565584183 0.545814692974091 0.552112579345703 0.580905079841614 0.58897191286087 0.635022461414337 0.656347930431366 0.715837299823761 0.710194706916809 0.759390294551849 0.760637879371643 0.761157810688019 0.765082120895386 0.771060228347778
0.119196228682995 0.143324419856071 0.149819016456604 0.168052822351456 0.172726795077324 0.166814103722572 0.203153654932976 0.208374127745628 0.24687460064888 0.248992994427681 0.292262464761734 0.303403437137604 0.337937295436859 0.342183947563171 0.361044019460678 0.343589216470718 0.342538386583328 0.355135798454285 0.33763325214386 0.314301252365112 0.299366772174835 0.283934473991394 0.307930678129196 0.349504351615906 0.346959501504898 0.381447166204453 0.428138256072998 0.437777787446976 0.43989172577858 0.515356361865997 0.483205646276474 0.556914329528809 0.559485197067261 0.596975445747375 0.582949876785278 0.666095554828644 0.650417923927307 0.677270591259003 0.670243442058563 0.725674092769623 0.736453175544739 0.766735136508942 0.768442094326019 0.760914862155914 0.766488432884216 0.769438326358795
0.146180912852287 0.176226571202278 0.18124583363533 0.180080100893974 0.203433662652969 0.202256128191948 0.242982178926468 0.257329076528549 0.291280627250671 0.293033212423325 0.347721070051193 0.354053258895874 0.398333668708801 0.38634529709816 0.383557170629501 0.404619544744492 0.382031619548798 0.373618960380554 0.351860523223877 0.357047349214554 0.344322592020035 0.335094392299652 0.352781891822815 0.418373137712479 0.421597093343735 0.43071311712265 0.470693349838257 0.524365842342377 0.513978362083435 0.552890121936798 0.579169392585754 0.591519236564636 0.624639689922333 0.627210199832916 0.685110628604889 0.692161202430725 0.690833151340485 0.712961375713348 0.756313443183899 0.737409889698029 0.776321113109589 0.771271586418152 0.771570861339569 0.812202036380768 0.803491055965424 0.804499924182892
0.179496124386787 0.19516558945179 0.211812451481819 0.214087277650833 0.241732180118561 0.255597591400146 0.292012393474579 0.306001305580139 0.351369559764862 0.368009835481644 0.364210426807404 0.415113896131516 0.423191666603088 0.445706456899643 0.446523040533066 0.426249325275421 0.458950638771057 0.434600651264191 0.414348363876343 0.435393959283829 0.405196070671082 0.380818575620651 0.442084580659866 0.44535630941391 0.516815543174744 0.508790791034698 0.517586529254913 0.562117099761963 0.587381064891815 0.610295116901398 0.690098524093628 0.686261773109436 0.72001439332962 0.728535175323486 0.756316840648651 0.76737654209137 0.748539328575134 0.786513686180115 0.797662138938904 0.79669576883316 0.833068549633026 0.820684134960175 0.801471531391144 0.793393731117249 0.827361881732941 0.826118052005768
0.178775683045387 0.215548008680344 0.224815279245377 0.251420378684998 0.254961997270584 0.302279770374298 0.307062268257141 0.370474100112915 0.368991494178772 0.387877017259598 0.430357873439789 0.449615448713303 0.502301394939423 0.488508075475693 0.529314398765564 0.504278421401978 0.490218818187714 0.479732125997543 0.487813353538513 0.469931453466415 0.471623152494431 0.464647233486176 0.534946799278259 0.551252782344818 0.588265299797058 0.604378283023834 0.646222174167633 0.661410868167877 0.663170337677002 0.74034184217453 0.756014406681061 0.766907870769501 0.815304636955261 0.804221510887146 0.804845631122589 0.859671592712402 0.848507404327393 0.843114197254181 0.873791515827179 0.870398581027985 0.862162351608276 0.884068310260773 0.867002427577972 0.866105139255524 0.856646955013275 0.842763662338257
0.213146418333054 0.243530556559563 0.258012294769287 0.285662978887558 0.29564642906189 0.300500929355621 0.358465045690536 0.380185514688492 0.419993340969086 0.451395869255066 0.469304293394089 0.512673020362854 0.530582904815674 0.57596218585968 0.562062561511993 0.562285661697388 0.577324271202087 0.560070872306824 0.516460061073303 0.544252455234528 0.516052007675171 0.555162250995636 0.579528748989105 0.664485573768616 0.655115127563477 0.659362554550171 0.720772922039032 0.721425950527191 0.790051579475403 0.80628776550293 0.814071655273438 0.835847437381744 0.870613694190979 0.889194071292877 0.895892977714539 0.890969455242157 0.888817489147186 0.91278463602066 0.90728086233139 0.89635968208313 0.883698284626007 0.907717943191528 0.898622453212738 0.892608046531677 0.877795159816742 0.872421443462372
0.213417664170265 0.253029376268387 0.256639063358307 0.285587936639786 0.300416707992554 0.346738934516907 0.362211972475052 0.429508566856384 0.435005724430084 0.475625216960907 0.534479320049286 0.550905108451843 0.610305070877075 0.606897950172424 0.618537604808807 0.659844696521759 0.625855982303619 0.591096580028534 0.567236840724945 0.581539690494537 0.570611655712128 0.612779915332794 0.680311918258667 0.773654401302338 0.763276994228363 0.708263099193573 0.69804722070694 0.74594646692276 0.821719586849213 0.832240164279938 0.824481904506683 0.886114954948425 0.90820723772049 0.920342206954956 0.924044549465179 0.920238077640533 0.942138671875 0.936769008636475 0.920773804187775 0.910689115524292 0.907907843589783 0.925006926059723 0.918781280517578 0.917636632919312 0.912740707397461 0.908301413059235
0.255664527416229 0.26189199090004 0.270800471305847 0.307744860649109 0.355700492858887 0.357475072145462 0.385588496923447 0.453880041837692 0.461625069379807 0.499070554971695 0.566344916820526 0.641767859458923 0.6313796043396 0.649936199188232 0.702068507671356 0.690828442573547 0.658826053142548 0.611354529857635 0.628189086914062 0.616832435131073 0.681099057197571 0.716454923152924 0.802685558795929 0.80718070268631 0.805948555469513 0.793209254741669 0.787316024303436 0.785476088523865 0.84723699092865 0.853943884372711 0.879580318927765 0.90174525976181 0.906048595905304 0.917902886867523 0.923287808895111 0.91203385591507 0.942092478275299 0.946982085704803 0.940774440765381 0.923462510108948 0.91963917016983 0.937538385391235 0.941226303577423 0.934245944023132 0.926099598407745 0.925363898277283
0.230520308017731 0.267130494117737 0.321128606796265 0.331401318311691 0.389907032251358 0.394676834344864 0.414903253316879 0.488160818815231 0.50574517250061 0.577644228935242 0.600199639797211 0.66768491268158 0.685582101345062 0.674118340015411 0.651083528995514 0.682779550552368 0.668308973312378 0.650469422340393 0.681859731674194 0.657977521419525 0.743169903755188 0.749883890151978 0.814734101295471 0.812885999679565 0.826270937919617 0.81954562664032 0.815196096897125 0.826279640197754 0.827196300029755 0.890608370304108 0.878795385360718 0.893484175205231 0.906056046485901 0.912740290164948 0.943895876407623 0.922088265419006 0.945284426212311 0.950219213962555 0.954803228378296 0.937280297279358 0.932314515113831 0.948906600475311 0.956027507781982 0.94960755109787 0.948127388954163 0.947491586208344
0.280496895313263 0.289646804332733 0.333556950092316 0.400495171546936 0.425046682357788 0.426056236028671 0.496229529380798 0.509379863739014 0.594350278377533 0.616308450698853 0.644437611103058 0.69892418384552 0.708063542842865 0.737382411956787 0.717518925666809 0.69697904586792 0.698900938034058 0.729319393634796 0.708676338195801 0.693098485469818 0.761228442192078 0.821380019187927 0.825933873653412 0.82636970281601 0.853003561496735 0.861845374107361 0.843322396278381 0.823054611682892 0.824731826782227 0.821577608585358 0.861004531383514 0.908565938472748 0.919861972332001 0.927607178688049 0.954286575317383 0.955991566181183 0.955859482288361 0.951348006725311 0.948667526245117 0.949425578117371 0.965762436389923 0.965329051017761 0.960444331169128 0.958561539649963 0.959717810153961 0.969264626502991
0.29522493481636 0.317609041929245 0.363917499780655 0.424036115407944 0.467102020978928 0.524954438209534 0.545639097690582 0.568464636802673 0.625384151935577 0.649268329143524 0.712222456932068 0.722071707248688 0.716322362422943 0.740069508552551 0.736842453479767 0.722147881984711 0.755709767341614 0.744867622852325 0.739486694335938 0.776658475399017 0.828436195850372 0.825745105743408 0.818579018115997 0.855286836624146 0.864635825157166 0.849851131439209 0.859607696533203 0.844250082969666 0.816607892513275 0.794614613056183 0.874561786651611 0.9158536195755 0.899736642837524 0.924611687660217 0.927019357681274 0.926243960857391 0.921096980571747 0.92523992061615 0.951348006725311 0.948786318302155 0.938282132148743 0.961844861507416 0.973072826862335 0.971750378608704 0.977082788944244 0.976194739341736
