data/climate_estimation/maxent_output/Trillium_chloropetalum.asc
NCOLS 54 
NROWS 89 
XLLCORNER -123.916666666667 
YLLCORNER 34.3333333333333 
CELLSIZE 0.0833333333333333 
NODATA_value -3.4e+38 
[rows 44 to 65 of 89, columns 0 to 48 of 54]
-3.4e+38 -3.4e+38 -3.4e+38 -3.4e+38 -3.4e+38 -3.4e+38 -3.4e+38 -3.4e+38 -3.4e+38 -3.4e+38 0.64422082901001 0.6723473072052 0.746165990829468 0.784037113189697 0.837532520294189 0.863185584545135 0.835096061229706 0.8468958735466 0.853369891643524 0.878493309020996 0.898965418338776 0.908991515636444 0.912567913532257 0.847900450229645 0.577380061149597 0.28383269906044 0.130126640200615 0.0957985669374466 0.0779721215367317 0.0892743915319443 0.102676644921303 0.126073002815247 0.0884630754590034 0.0532310828566551 0.0366900637745857 0.0310485567897558 0.0294608846306801 0.077337808907032 0.0965888053178787 0.130236282944679 0.104996562004089 0.12334831058979 0.211232736706734 0.432219803333282 0.583964586257935 0.507956027984619 0.490644603967667 0.292633473873138 0.195231288671494
-3.4e+38 -3.4e+38 -3.4e+38 -3.4e+38 -3.4e+38 -3.4e+38 -3.4e+38 -3.4e+38 -3.4e+38 -3.4e+38 0.649117529392242 0.658252954483032 -3.4e+38 0.833600044250488 0.866140961647034 0.883492887020111 0.901531398296356 0.875328660011292 0.859708070755005 0.881216287612915 0.915915131568909 0.907850325107574 0.915918231010437 0.864112019538879 0.681918561458588 0.239292040467262 0.0867961794137955 0.0523289442062378 0.0449675321578979 0.0453838929533958 0.047744408249855 0.0542778000235558 0.0497712902724743 0.0349396280944347 0.0221890173852444 0.016738660633564 0.0160497315227985 0.024516724050045 0.0740822181105614 0.0705689191818237 0.069823294878006 0.0984973907470703 0.14835949242115 0.279402941465378 0.317047446966171 0.59288102388382 0.563080370426178 0.440173864364624 0.407204151153564
-339999999999999996123846586046231871488.000000000000000 -3.4e+38 -3.4e+38 -3.4e+38 -3.4e+38 -3.4e+38 -3.4e+38 -3.4e+38 -3.4e+38 -3.4e+38 -3.4e+38 -3.4e+38 -3.4e+38 -3.4e+38 0.84574031829834 0.900410115718842 0.904578924179077 0.862931787967682 0.868626475334167 0.879006087779999 0.913145244121552 0.909899532794952 0.912405073642731 0.845005452632904 0.678315103054047 0.402946799993515 0.0925165787339211 0.0482295192778111 0.0290585141628981 0.0293436795473099 0.0243946928530931 0.0270082540810108 0.0232032593339682 0.0196644756942987 0.0137158688157797 0.0114720575511456 0.01146384421736 0.015560026280582 0.0344179645180702 0.0557222664356232 0.0655423849821091 0.0698599144816399 0.0829948782920837 0.151420652866364 0.259076684713364 0.293546557426453 0.330992251634598 0.383558839559555 0.503267168998718
-3.4e+38 -3.4e+38 -3.4e+38 -3.4e+38 -3.4e+38 -3.4e+38 -3.4e+38 -3.4e+38 -3.4e+38 -3.4e+38 -3.4e+38 -3.4e+38 -3.4e+38 -3.4e+38 -3.4e+38 -3.4e+38 0.802858114242554 0.789154231548309 0.81678432226181 0.880093455314636 0.895094573497772 0.895532190799713 0.877680599689484 0.838132739067078 0.686641097068787 0.519036293029785 0.199005901813507 0.0558812879025936 0.0212742686271667 0.0171631909906864 0.0133762257173657 0.0157847870141268 0.0136302998289466 0.0135067049413919 0.0133717376738787 0.011177939362824 0.00988244265317917 0.0122028375044465 0.0155590316280723 0.0240620207041502 0.0499666593968868 0.0614692457020283 0.0699633061885834 0.158723726868629 0.320010632276535 0.424154460430145 0.382927983999252 0.529666364192963 0.565672039985657
-3.4e+38 -3.4e+38 -3.4e+38 -3.4e+38 -3.4e+38 -3.4e+38 -3.4e+38 -3.4e+38 -3.4e+38 -3.4e+38 -3.4e+38 -3.4e+38 -3.4e+38 -3.4e+38 -3.4e+38 -3.4e+38 0.740700662136078 0.805223822593689 0.833365797996521 0.896059334278107 0.896239697933197 0.92416787147522 0.893219649791718 0.836789309978485 0.49991974234581 0.275981664657593 0.174186542630196 0.161810100078583 0.0345386229455471 0.0124217187985778 0.00953663419932127 0.0102859316393733 0.0100613562390208 0.0095107015222311 0.0118330279365182 0.00985937844961882 0.0104763023555279 0.0118462508544326 0.0118665844202042 0.0137413153424859 0.0172548349946737 0.0368552170693874 0.0508462339639664 0.0831147432327271 0.126779392361641 0.40882882475853 0.306553721427917 0.379727363586426 0.490553170442581
-3.4e+38 -3.4e+38 -3.4e+38 -3.4e+38 -3.4e+38 -3.4e+38 -3.4e+38 -3.4e+38 -3.4e+38 -3.4e+38 -3.4e+38 -3.4e+38 -3.4e+38 -3.4e+38 -3.4e+38 -3.4e+38 0.746882438659668 0.829107701778412 0.872737526893616 0.914797842502594 -3.4e+38 0.950440883636475 0.917127549648285 0.833945870399475 0.594895958900452 0.411340117454529 0.31951230764389 0.354691565036774 0.174348711967468 0.0451343357563019 0.0144062107428908 0.00894535146653652 0.00915972143411636 0.00954145379364491 0.0100184408947825 0.00887157395482063 0.00861634593456984 0.0103525565937161 0.0114899566397071 0.0116040911525488 0.0135103464126587 0.0164127573370934 0.0329691469669342 0.0539752319455147 0.0914039835333824 0.134538918733597 0.14153279364109 0.228732839226723 0.272778034210205
-3.4e+38 -3.4e+38 -3.4e+38 -3.4e+38 -3.4e+38 -3.4e+38 -3.4e+38 -3.4e+38 -3.4e+38 -3.4e+38 -3.4e+38 -3.4e+38 -3.4e+38 -3.4e+38 -3.4e+38 -3.4e+38 0.735363185405731 0.831793129444122 0.885860621929169 0.927361130714417 0.958860695362091 0.902611434459686 0.686807930469513 0.615603148937225 0.788071990013123 0.653750061988831 0.62278538942337 0.46083652973175 0.413533627986908 0.223312869668007 0.0827554017305374 0.0225294642150402 0.0105494605377316 0.00806649494916201 0.00810886267572641 0.00728931417688727 0.00683751469478011 0.00807392597198486 0.00953518692404032 0.00820189900696278 0.00730311730876565 0.00739675667136908 0.00954571831971407 0.031830009073019 0.0553206242620945 0.155429139733315 0.296388655900955 0.331103831529617 0.432015597820282
-3.4e+38 -3.4e+38 -3.4e+38 -3.4e+38 -3.4e+38 -3.4e+38 -3.4e+38 -3.4e+38 -3.4e+38 -3.4e+38 -3.4e+38 -3.4e+38 -3.4e+38 -3.4e+38 -3.4e+38 -3.4e+38 -3.4e+38 0.77319872379303 0.870390117168427 0.914139270782471 0.954122185707092 0.857619047164917 0.615452229976654 0.528988003730774 0.818820178508759 0.704136431217194 0.717640042304993 0.53942209482193 0.480877548456192 0.369155436754227 0.225668236613274 0.0625466108322144 0.0195157509297132 0.00872615724802017 0.00662838481366634 0.00605963682755828 0.00525803072378039 0.00623261509463191 0.00523633137345314 0.00590755604207516 0.00773036014288664 0.00833438523113728 0.0104046678170562 0.00964841339737177 0.0369233340024948 0.0553185231983662 0.138469487428665 0.127336129546165 0.169684842228889
-3.4e+38 -3.4e+38 -3.4e+38 -3.4e+38 -3.4e+38 -3.4e+38 -3.4e+38 -3.4e+38 -3.4e+38 -3.4e+38 -3.4e+38 -3.4e+38 -3.4e+38 -3.4e+38 -3.4e+38 -3.4e+38 -3.4e+38 0.732190072536469 0.82730358839035 0.882390320301056 0.902905344963074 0.915222883224487 0.847037792205811 0.642850458621979 0.528732538223267 0.694716989994049 0.7298863530159 0.621120989322662 0.448956072330475 0.397344321012497 0.252850621938705 0.108953751623631 0.0271024014800787 0.00939110014587641 0.00641774060204625 0.00408998085185885 0.00274963676929474 0.00350677245296538 0.00384270050562918 0.0057640871964395 0.0066222483292222 0.00670149689540267 0.00584670016542077 0.00548702012747526 0.00709858722984791 0.0298110861331224 0.0540567636489868 0.0778428167104721 0.0652952790260315
-3.4e+38 -3.4e+38 -3.4e+38 -3.4e+38 -3.4e+38 -3.4e+38 -3.4e+38 -3.4e+38 -3.4e+38 -3.4e+38 -3.4e+38 -3.4e+38 -3.4e+38 -3.4e+38 -3.4e+38 -3.4e+38 -3.4e+38 -3.4e+38 0.6438889503479 0.845915913581848 0.868692934513092 0.869796276092529 0.846595704555511 0.851437211036682 0.75616067647934 0.727709472179413 0.67753279209137 0.691683530807495 0.571423411369324 0.396767646074295 0.301929712295532 0.116539992392063 0.0374402925372124 0.0105647994205356 0.00436123507097363 0.00346180982887745 0.00305176130495965 0.00274138641543686 0.00320194871164858 0.00395032158121467 0.00558656314387918 0.00474705779924989 0.00445706257596612 0.00369079736992717 0.00403430731967092 0.00579028762876987 0.0148008912801743 0.0287778954952955 0.0391256362199783
-3.4e+38 -3.4e+38 -3.4e+38 -3.4e+38 -3.4e+38 -3.4e+38 -3.4e+38 -3.4e+38 -3.4e+38 -3.4e+38 -3.4e+38 -3.4e+38 -3.4e+38 -3.4e+38 -3.4e+38 -3.4e+38 -3.4e+38 -3.4e+38 0.624607980251312 0.699092090129852 0.844758272171021 0.862249612808228 0.849183678627014 0.811489880084991 0.772761523723602 0.759659588336945 0.693340420722961 0.624934077262878 0.619734168052673 0.437497794628143 0.264665365219116 0.129620030522346 0.0457142777740955 0.0146496472880244 0.00680936546996236 0.00279417494311929 0.0025437327567488 0.0024229777045548 0.00210400461219251 0.00237576547078788 0.00332162412814796 0.00332257174886763 0.00325817405246198 0.00325688906013966 0.00254565454088151 0.00269905454479158 0.00425438722595572 0.00615449715405703 0.0297372974455357
-3.4e+38 -3.4e+38 -3.4e+38 -3.4e+38 -3.4e+38 -3.4e+38 -3.4e+38 -3.4e+38 -3.4e+38 -3.4e+38 -3.4e+38 -3.4e+38 -3.4e+38 -3.4e+38 -3.4e+38 -3.4e+38 -3.4e+38 -3.4e+38 0.749967575073242 0.788009583950043 0.706928133964539 0.833124756813049 0.80961674451828 0.812432289123535 0.829172968864441 0.778652191162109 0.755310893058777 0.650027811527252 0.613719940185547 0.519027531147003 0.321985602378845 0.145901784300804 0.0844678953289986 0.0184532534331083 0.00628624856472015 0.00231292052194476 0.00199612975120544 0.00165725138504058 0.00178005849011242 0.00198278785683215 0.00200697034597397 0.00210141879506409 0.00228567700833082 0.00228188489563763 0.00210769171826541 0.00197764206677675 0.00171838095411658 0.00259229703806341 0.00444470345973969
-3.4e+38 -3.4e+38 -3.4e+38 -3.4e+38 -3.4e+38 -3.4e+38 -3.4e+38 -3.4e+38 -3.4e+38 -3.4e+38 -3.4e+38 -3.4e+38 -3.4e+38 -3.4e+38 -3.4e+38 -3.4e+38 -3.4e+38 -3.4e+38 -3.4e+38 0.754655420780182 0.79658305644989 0.793213486671448 0.785588562488556 0.78960394859314 0.800541579723358 0.790873765945435 0.762414872646332 0.736428439617157 0.629928052425385 0.55612176656723 0.386470556259155 0.144778862595558 0.0691689029335976 0.017152925953269 0.00677945604547858 0.00397088984027505 0.00169123942032456 0.00131958187557757 0.00123922107741237 0.00117707997560501 0.00150129781104624 0.00156849890481681 0.00151316320989281 0.00144479109439999 0.00126704573631287 0.0012055013794452 0.00111177994403988 0.0012632729485631 0.00172182871028781
-3.4e+38 -3.4e+38 -3.4e+38 -3.4e+38 -3.4e+38 -3.4e+38 -3.4e+38 -3.4e+38 -3.4e+38 -3.4e+38 -3.4e+38 -3.4e+38 -3.4e+38 -3.4e+38 -3.4e+38 -3.4e+38 -3.4e+38 -3.4e+38 -3.4e+38 -3.4e+38 0.734847784042358 0.750305831432343 0.743973731994629 0.759523391723633 0.805914342403412 0.821111023426056 0.835528373718262 0.746490359306335 0.687369108200073 0.45557427406311 0.281256288290024 0.206388756632805 0.223324909806252 0.0313078202307224 0.00915862340480089 0.00370265147648752 0.00231462903320789 0.00120674550998956 0.00104847375769168 0.00104238663334399 0.000976453244220465 0.00115375476889312 0.0010778505820781 0.000996416783891618 0.00091412803158164 0.000857856881339103 0.000791847181972116 0.000910659146029502 0.00109737855382264
-3.4e+38 -3.4e+38 -3.4e+38 -3.4e+38 -3.4e+38 -3.4e+38 -3.4e+38 -3.4e+38 -3.4e+38 -3.4e+38 -3.4e+38 -3.4e+38 -3.4e+38 -3.4e+38 -3.4e+38 -3.4e+38 -3.4e+38 -3.4e+38 -3.4e+38 -3.4e+38 -3.4e+38 -3.4e+38 -3.4e+38 -3.4e+38 0.769528210163116 0.777993023395538 0.807059645652771 0.801162242889404 0.646777391433716 0.424900472164154 0.295649349689484 0.239064663648605 0.300721734762192 0.103374429047108 0.0247404407709837 0.00497188791632652 0.00336437067016959 0.00178789987694472 0.000969761109445244 0.000940267462283373 0.000764217285905033 0.000848921481519938 0.000727845530491322 0.000802833237685263 0.000824832241050899 0.000756675435695797 0.000793778628576547 0.000830278440844268 0.000929097295738757
-3.4e+38 -3.4e+38 -3.4e+38 -3.4e+38 -3.4e+38 -3.4e+38 -3.4e+38 -3.4e+38 -3.4e+38 -3.4e+38 -3.4e+38 -3.4e+38 -3.4e+38 -3.4e+38 -3.4e+38 -3.4e+38 -3.4e+38 -3.4e+38 -3.4e+38 -3.4e+38 -3.4e+38 -3.4e+38 -3.4e+38 -3.4e+38 -3.4e+38 0.673287689685822 0.626673400402069 0.659082889556885 0.735583066940308 0.648554682731628 0.318487465381622 0.194357126951218 0.143795341253281 0.181202113628387 0.111383996903896 0.113106861710548 0.00459634885191917 0.0020189683418721 0.000896660902071744 0.000757077301386744 0.000745042110793293 0.000753569416701794 0.000533878745045513 0.000669759057927877 0.000588636321481317 0.00054397591156885 0.000609999289736152 0.00070371973561123 0.000807182164862752
-3.4e+38 -3.4e+38 -3.4e+38 -3.4e+38 -3.4e+38 -3.4e+38 -3.4e+38 -3.4e+38 -3.4e+38 -3.4e+38 -3.4e+38 -3.4e+38 -3.4e+38 -3.4e+38 -3.4e+38 -3.4e+38 -3.4e+38 -3.4e+38 -3.4e+38 -3.4e+38 -3.4e+38 -3.4e+38 -3.4e+38 -3.4e+38 -3.4e+38 0.57283741235733 0.360658496618271 0.266233801841736 0.630389750003815 0.647424042224884 0.566664338111877 0.174611046910286 0.12381399422884 0.157112911343575 0.273387968540192 0.324203938245773 0.00584981311112642 0.00941163953393698 0.00206354144029319 0.000958711432758719 0.000818171130958945 0.000708634150214493 0.000472185725811869 0.000523516035173088 0.000452940032118931 0.000606831337790936 0.000632051844149828 0.000701866403687745 0.000928999914322048
-3.4e+38 -3.4e+38 -3.4e+38 -3.4e+38 -3.4e+38 -3.4e+38 -3.4e+38 -3.4e+38 -3.4e+38 -3.4e+38 -3.4e+38 -3.4e+38 -3.4e+38 -3.4e+38 -3.4e+38 -3.4e+38 -3.4e+38 -3.4e+38 -3.4e+38 -3.4e+38 -3.4e+38 -3.4e+38 -3.4e+38 0.501158714294434 0.514961123466492 0.695920825004578 0.459430128335953 0.22883366048336 0.213222876191139 0.427053898572922 0.61072564125061 0.574338138103485 0.139866456389427 0.198453307151794 0.374146461486816 0.0531832240521908 0.00647514872252941 0.00893221795558929 0.00321299466304481 0.00133355136495084 0.000871840806212276 0.000554907135665417 0.000480678805615753 0.000436776492279023 0.000499396002851427 0.000490628648549318 0.000481359107652679 0.000560287968255579 0.00071500864578411
-3.4e+38 -3.4e+38 -3.4e+38 -3.4e+38 -3.4e+38 -3.4e+38 -3.4e+38 -3.4e+38 -3.4e+38 -3.4e+38 -3.4e+38 -3.4e+38 -3.4e+38 -3.4e+38 -3.4e+38 -3.4e+38 -3.4e+38 -3.4e+38 -3.4e+38 -3.4e+38 -3.4e+38 -3.4e+38 -3.4e+38 0.447888910770416 0.611143827438354 0.684568405151367 0.763056457042694 0.734332501888275 0.435276865959167 0.204638063907623 0.307862907648087 0.528977513313293 0.260271042585373 0.0755332782864571 0.396910488605499 0.398452669382095 0.103066131472588 0.024951983243227 0.0107000572606921 0.00824505742639303 0.00254007917828858 0.000588063267059624 0.000444941717432812 0.00039812212344259 0.000367449247278273 0.000461937277577817 0.000425176782300696 0.000445153418695554 0.000633842661045492
-3.4e+38 -3.4e+38 -3.4e+38 -3.4e+38 -3.4e+38 -3.4e+38 -3.4e+38 -3.4e+38 -3.4e+38 -3.4e+38 -3.4e+38 -3.4e+38 -3.4e+38 -3.4e+38 -3.4e+38 -3.4e+38 -3.4e+38 -3.4e+38 -3.4e+38 -3.4e+38 -3.4e+38 -3.4e+38 -3.4e+38 0.49375307559967 0.719673454761505 0.731351315975189 0.740268051624298 0.708419561386108 0.693705201148987 0.398250550031662 0.159765183925629 0.211969286203384 0.282461941242218 0.067933052778244 0.0838104113936424 0.211243197321892 0.44956961274147 0.209654405713081 0.0439664795994759 0.0779254138469696 0.0246350802481174 0.00172830023802817 0.000813986524008214 0.000347378489095718 0.000390992499887943 0.000450479361461475 0.000389730150345713 0.000382166675990447 0.000458068563602865
-3.4e+38 -3.4e+38 -3.4e+38 -3.4e+38 -3.4e+38 -3.4e+38 -3.4e+38 -3.4e+38 -3.4e+38 -3.4e+38 -3.4e+38 -3.4e+38 -3.4e+38 -3.4e+38 -3.4e+38 -3.4e+38 -3.4e+38 -3.4e+38 -3.4e+38 -3.4e+38 -3.4e+38 -3.4e+38 -3.4e+38 -3.4e+38 0.677802085876465 0.730256795883179 0.729915142059326 0.693915009498596 0.672437369823456 0.678138256072998 0.403190821409225 0.122205659747124 0.102129444479942 0.0767677277326584 0.0688213631510735 0.0892422795295715 0.418217301368713 0.38459724187851 0.536641299724579 0.608201861381531 0.186730533838272 0.00914546195417643 0.00120328203774989 0.000578091072384268 0.000550135155208409 0.000523415161296725 0.000385809282306582 0.000367129367077723 0.000387986336136237
-3.4e+38 -3.4e+38 -3.4e+38 -3.4e+38 -3.4e+38 -3.4e+38 -3.4e+38 -3.4e+38 -3.4e+38 -3.4e+38 -3.4e+38 -3.4e+38 -3.4e+38 -3.4e+38 -3.4e+38 -3.4e+38 -3.4e+38 -3.4e+38 -3.4e+38 -3.4e+38 -3.4e+38 -3.4e+38 -3.4e+38 -3.4e+38 0.429706454277039 0.69415682554245 0.713150322437286 0.749194622039795 0.729747772216797 0.608672678470612 0.54670637845993 0.180395036935806 0.0651927813887596 0.0901449918746948 0.070944145321846 0.0459167584776878 0.141259089112282 0.451233476400375 0.448163896799088 0.4424889087677 0.300283938646317 0.211114257574081 0.0182571578770876 0.000712406588718295 0.000511977996211499 0.000418462877860293 0.00029661669395864 0.00034940690966323 0.000314021686790511
