data/climate_estimation/maxent_output/Trillium_rugelii.asc
NCOLS 91 
NROWS 55 
XLLCORNER -87.6666666666667 
YLLCORNER 31.8333333333333 
CELLSIZE 0.0833333333333333 
NODATA_value -3.4e+38 
[rows 20 to 39 of 55, columns 44 to 87 of 91]
0.781058788299561 0.73977118730545 0.728644728660583 0.778502106666565 0.765691578388214 0.779608964920044 0.775450468063354 0.829016506671906 0.844568073749542 0.870328187942505 0.865696251392365 0.857381761074066 0.848591923713684 0.814947307109833 0.796973168849945 0.779770851135254 0.771985173225403 0.72878623008728 0.699738442897797 0.658517777919769 0.668710470199585 0.668481349945068 0.691960215568542 0.68793523311615 0.699428200721741 0.707480251789093 0.703561425209045 0.711203217506409 0.714758217334747 0.667977809906006 0.629681885242462 0.641575813293457 0.624151766300201 0.611492097377777 0.610160291194916 0.562396585941315 0.551937341690063 0.586301922798157 0.601994454860687 0.650191783905029 0.66129344701767 0.628825128078461 0.629623830318451 0.610168397426605
0.779922783374786 0.775122582912445 0.748288989067078 0.767618060112 0.781630516052246 0.787098705768585 0.819300353527069 0.84933465719223 0.838472247123718 0.830466270446777 0.823746800422668 0.852820098400116 0.798921823501587 0.756041049957275 0.750520348548889 0.738046526908875 0.728543639183044 0.70533299446106 0.689163684844971 0.68865042924881 0.666581451892853 0.66994708776474 0.7107794880867 0.696679055690765 0.692505955696106 0.703427016735077 0.720899283885956 0.671905815601349 0.672852754592896 0.665291965007782 0.617792725563049 0.590404689311981 0.618394553661346 0.626393556594849 0.574155271053314 0.559848248958588 0.528931021690369 0.564549922943115 0.595158636569977 0.674087047576904 0.640631556510925 0.654699921607971 0.594865500926971 0.594360411167145
0.762579023838043 0.759541749954224 0.755762577056885 0.763711631298065 0.798652946949005 0.791503965854645 0.801022291183472 0.827976107597351 0.83398300409317 0.826778769493103 0.810017108917236 0.805056095123291 0.741840660572052 0.701897919178009 0.67954158782959 0.678913176059723 0.709450781345367 0.701543807983398 0.687197923660278 0.667834281921387 0.662348210811615 0.648675560951233 0.701342701911926 0.692640542984009 0.701229274272919 0.708072245121002 0.65410315990448 0.668851912021637 0.626235604286194 0.615467309951782 0.593580842018127 0.573483824729919 0.573456346988678 0.571312427520752 0.553165316581726 0.514748454093933 0.53894579410553 0.528325021266937 0.601620614528656 0.631781339645386 0.665945589542389 0.622685730457306 0.622290551662445 0.563927829265594
0.770262598991394 0.768342614173889 0.792090117931366 0.78245210647583 0.810025155544281 0.828101336956024 0.838781595230103 0.79057103395462 0.789177000522614 0.815805315971375 0.769518554210663 0.737266063690186 0.717227160930634 0.685544788837433 0.665476143360138 0.663683414459229 0.665679633617401 0.704516351222992 0.688964784145355 0.682512998580933 0.669206857681274 0.655666470527649 0.684186100959778 0.703066170215607 0.68981546163559 0.704583346843719 0.672721445560455 0.661196887493134 0.627018809318542 0.615764796733856 0.555767118930817 0.563839852809906 0.563306093215942 0.544721305370331 0.513847708702087 0.500248789787292 0.50126725435257 0.532077014446259 0.57159012556076 0.598514139652252 0.628562211990356 0.627191543579102 0.586229383945465 0.5643230676651
0.740551769733429 0.771827280521393 0.761543869972229 0.800191640853882 0.797093391418457 0.785991668701172 0.791687667369843 0.786783277988434 0.765664935112 0.761284828186035 0.756976544857025 0.749832272529602 0.712823390960693 0.622357189655304 0.610087037086487 0.666620433330536 0.673593401908875 0.651071667671204 0.65429425239563 0.681223571300507 0.674118757247925 0.645492970943451 0.652340352535248 0.666235446929932 0.653354048728943 0.650873959064484 0.661335706710815 0.603966534137726 0.606639444828033 0.557936787605286 0.567715167999268 0.559334993362427 0.523317396640778 0.513192117214203 0.502522230148315 0.476526975631714 0.513037979602814 0.559448421001434 0.529993653297424 0.527701616287231 0.575749337673187 0.5831458568573 0.543777108192444 0.535073757171631
0.775602221488953 0.767294824123383 0.760691702365875 0.7939093708992 0.782266855239868 0.771568179130554 0.763768136501312 0.754360556602478 0.757751166820526 0.731249809265137 0.748859882354736 0.752541780471802 0.671227276325226 0.652611792087555 0.642737090587616 0.663792371749878 0.658447265625 0.653645038604736 0.640205979347229 0.645516633987427 0.679700970649719 0.681792438030243 0.657247722148895 0.64681476354599 0.642403602600098 0.636678814888 0.596493780612946 0.60537326335907 0.569317817687988 0.573088228702545 0.525114953517914 0.535551726818085 0.541611671447754 0.464457780122757 0.491598397493362 0.514112651348114 0.558871209621429 0.557123899459839 0.556528866291046 0.46609690785408 0.47889056801796 0.485279858112335 0.477052628993988 0.504859030246735
0.773155689239502 0.768062233924866 0.75362354516983 0.740949153900146 0.775737941265106 0.76634806394577 0.757067739963531 0.749879658222198 0.75564432144165 0.737233638763428 0.680120885372162 0.686917006969452 0.685738265514374 0.672381341457367 0.65710186958313 0.631950855255127 0.614914417266846 0.651120662689209 0.6374272108078 0.648881793022156 0.645168781280518 0.694031357765198 0.667485177516937 0.653611779212952 0.588288545608521 0.634531617164612 0.578518450260162 0.548150718212128 0.549813210964203 0.544880449771881 0.558282196521759 0.52361786365509 0.451577305793762 0.438119292259216 0.420636802911758 0.487802714109421 0.544332444667816 0.475365847349167 0.462245464324951 0.411158591508865 0.376228600740433 0.390179753303528 0.419251382350922 0.416243523359299
0.769079267978668 0.763720631599426 0.750963747501373 0.783978939056396 0.776112198829651 0.754557549953461 0.728279590606689 0.722267925739288 0.744154989719391 0.722312152385712 0.677328169345856 0.67879456281662 0.693400979042053 0.698634028434753 0.680795848369598 0.644486963748932 0.612672448158264 0.595786809921265 0.639888882637024 0.637762367725372 0.635269820690155 0.649505496025085 0.646030426025391 0.616028547286987 0.598650217056274 0.587566733360291 0.538362681865692 0.550237655639648 0.511898934841156 0.532101273536682 0.492863565683365 0.469343334436417 0.431266844272614 0.434284657239914 0.380220741033554 0.433995097875595 0.453667521476746 0.455462038516998 0.404094904661179 0.349196135997772 0.291630417108536 0.265261024236679 0.293492943048477 0.291103184223175
0.759718477725983 0.762124180793762 0.751773476600647 0.739932119846344 0.722559452056885 0.759405374526978 0.742282569408417 0.724830031394958 0.723787605762482 0.66770213842392 0.680978000164032 0.695034265518188 0.687291443347931 0.652236759662628 0.664769172668457 0.651012778282166 0.618825495243073 0.609819114208221 0.590729236602783 0.637315332889557 0.639400660991669 0.643294095993042 0.632926404476166 0.62779176235199 0.601161003112793 0.550231575965881 0.5331169962883 0.493053823709488 0.51635330915451 0.473107844591141 0.466179668903351 0.45252937078476 0.42510461807251 0.401170641183853 0.341457903385162 0.343195140361786 0.358421295881271 0.42293706536293 0.34862694144249 0.32084983587265 0.230865016579628 0.202259361743927 0.212355926632881 0.197968885302544
0.763575375080109 0.760436654090881 0.752388179302216 0.740075588226318 0.731228351593018 0.71704626083374 0.690782368183136 0.663891732692719 0.668077170848846 0.665382385253906 0.692155480384827 0.693387687206268 0.679147124290466 0.635259389877319 0.623307704925537 0.655243694782257 0.622537910938263 0.609513998031616 0.61886990070343 0.59461373090744 0.610463261604309 0.590942978858948 0.630577743053436 0.575276017189026 0.556534051895142 0.556520223617554 0.50199294090271 0.505855739116669 0.482880681753159 0.49713546037674 0.494701743125916 0.511651277542114 0.452348083257675 0.360175490379333 0.304511666297913 0.273387044668198 0.280685931444168 0.304582864046097 0.315148413181305 0.248809084296227 0.16875171661377 0.181888818740845 0.153773009777069 0.169974431395531
0.726606369018555 0.761690080165863 0.750799357891083 0.739077091217041 0.726810395717621 0.711695075035095 0.695111751556396 0.680778682231903 0.678012907505035 0.688254952430725 0.693906724452972 0.645888864994049 0.637364327907562 0.648456037044525 0.636394500732422 0.681263446807861 0.646539688110352 0.630411803722382 0.61813497543335 0.601541459560394 0.605063736438751 0.585568845272064 0.576102554798126 0.565813183784485 0.560632407665253 0.583396136760712 0.548484444618225 0.508169591426849 0.534489095211029 0.49009507894516 0.474484652280807 0.453251093626022 0.43001115322113 0.372524738311768 0.321025222539902 0.286064356565475 0.218906834721565 0.218650624155998 0.200772553682327 0.175345629453659 0.160427942872047 0.138395309448242 0.12384070456028 0.13617217540741
0.731403052806854 0.726615071296692 0.713277339935303 0.745359063148499 0.730422139167786 0.676428735256195 0.704493880271912 0.703207075595856 0.63033652305603 0.648843050003052 0.660957455635071 0.653678476810455 0.648264229297638 0.655249893665314 0.694211065769196 0.672234952449799 0.662004947662354 0.656362295150757 0.638341844081879 0.623101532459259 0.601088106632233 0.596734762191772 0.572208225727081 0.586412787437439 0.582063257694244 0.583578169345856 0.583904385566711 0.507876038551331 0.489666223526001 0.430581629276276 0.373773008584976 0.423289269208908 0.391805559396744 0.395262658596039 0.336921662092209 0.277016699314117 0.208931773900986 0.190438985824585 0.153577700257301 0.142704159021378 0.113883003592491 0.127444013953209 0.11520179361105 0.123993940651417
0.728107571601868 0.72342574596405 0.714587867259979 0.708162724971771 0.695200085639954 0.67533677816391 0.660127282142639 0.643580973148346 0.592500865459442 0.647480010986328 0.653732359409332 0.650640189647675 0.660925507545471 0.644465506076813 0.626484930515289 0.627496659755707 0.662020206451416 0.667690336704254 0.646662890911102 0.62336528301239 0.612603008747101 0.57978343963623 0.575717926025391 0.493760377168655 0.512145340442657 0.576373159885406 0.492589265108109 0.483786851167679 0.376696676015854 0.407160699367523 0.376726090908051 0.343768119812012 0.30938857793808 0.280256539583206 0.266362756490707 0.259057968854904 0.219786390662193 0.196476191282272 0.17902584373951 0.137990370392799 0.115869052708149 0.0963899344205856 0.107472904026508 0.108123660087585
0.721512138843536 0.677730679512024 0.69838148355484 0.697865903377533 0.688742637634277 0.669330835342407 0.613467991352081 0.594888746738434 0.595862805843353 0.600239813327789 0.628840744495392 0.624615669250488 0.593369662761688 0.593213737010956 0.615912258625031 0.592588841915131 0.615772843360901 0.64920836687088 0.649792969226837 0.65055650472641 0.631430447101593 0.50867635011673 0.479365170001984 0.427837818861008 0.491131514310837 0.455508410930634 0.418094515800476 0.418949246406555 0.392458528280258 0.333120256662369 0.337803512811661 0.279751300811768 0.269145756959915 0.216692909598351 0.218478858470917 0.184946909546852 0.184865459799767 0.154289215803146 0.138121515512466 0.126352697610855 0.097940593957901 0.0871674045920372 0.079337477684021 0.0923836156725883
0.678201258182526 0.653851330280304 0.652010798454285 0.637713432312012 0.633355319499969 0.613344252109528 0.608621418476105 0.591147243976593 0.572552680969238 0.549216032028198 0.560916185379028 0.557767152786255 0.597554326057434 0.583158433437347 0.571147978305817 0.597441494464874 0.594095706939697 0.628004610538483 0.647382438182831 0.632346749305725 0.607863247394562 0.523380696773529 0.488795250654221 0.406003564596176 0.458024799823761 0.35103377699852 0.356282740831375 0.399539411067963 0.360009998083115 0.292824894189835 0.262450248003006 0.215909570455551 0.192957401275635 0.183410257101059 0.190089777112007 0.166407138109207 0.15052729845047 0.154140636324883 0.131665974855423 0.109023898839951 0.0926501154899597 0.0825618579983711 0.0737701207399368 0.0753364115953445
0.642483055591583 0.625969111919403 0.624866962432861 0.613817751407623 0.599406242370605 0.58608490228653 0.527574717998505 0.561096131801605 0.445883840322495 0.448079466819763 0.465489983558655 0.495627254247665 0.549596071243286 0.534074366092682 0.547305941581726 0.580719351768494 0.576905250549316 0.584232985973358 0.585837662220001 0.616880416870117 0.562116801738739 0.52955037355423 0.490466117858887 0.354053288698196 0.286585658788681 0.300823867321014 0.321365177631378 0.316873908042908 0.264242559671402 0.261173933744431 0.204341858625412 0.178683057427406 0.148137509822845 0.133423537015915 0.143743023276329 0.13967353105545 0.147532999515533 0.117134682834148 0.107955351471901 0.0920022130012512 0.0853661447763443 0.0855378061532974 0.0731615945696831 0.0744172260165215
0.591810166835785 0.566087067127228 0.568065285682678 0.559937000274658 0.519183754920959 0.520766019821167 0.428344666957855 0.474085420370102 0.436149507761002 0.401522308588028 0.36797958612442 0.370194673538208 0.429243445396423 0.494902700185776 0.500906467437744 0.527417242527008 0.544309258460999 0.552545666694641 0.529988050460815 0.527017772197723 0.508268535137177 0.475977301597595 0.393976271152496 0.317359238862991 0.226038813591003 0.230731710791588 0.224807664752007 0.283566951751709 0.225310653448105 0.20115140080452 0.177359417080879 0.155507400631905 0.1412473320961 0.129585653543472 0.132403641939163 0.121526345610619 0.111679434776306 0.0947619080543518 0.0868173614144325 0.0816491767764091 0.0728855133056641 0.0683992281556129 0.0687530711293221 0.0790032595396042
0.56804633140564 0.532210350036621 0.514045774936676 0.512600719928741 0.470919549465179 0.42416724562645 0.389688313007355 0.382129460573196 0.356304824352264 0.320582449436188 0.312827229499817 0.325402706861496 0.349987000226974 0.36967796087265 0.394416093826294 0.449149578809738 0.478332072496414 0.497272729873657 0.520240485668182 0.478072285652161 0.441741764545441 0.420908898115158 0.351355612277985 0.292407393455505 0.235777765512466 0.175964161753654 0.195991143584251 0.198673978447914 0.178125455975533 0.173479497432709 0.138040080666542 0.130508333444595 0.118074029684067 0.121861129999161 0.116270750761032 0.116432681679726 0.0961601585149765 0.0809465125203133 0.0844364985823631 0.0714870244264603 0.0723750293254852 0.0713745579123497 0.0673073008656502 0.0686463862657547
0.462449640035629 0.404240608215332 0.402215600013733 0.395186275243759 0.420481324195862 0.385022163391113 0.34088346362114 0.303682893514633 0.273821741342545 0.277585536241531 0.322592496871948 0.316354662179947 0.31275001168251 0.33500936627388 0.322983115911484 0.350213795900345 0.348011821508408 0.411346346139908 0.421421110630035 0.380598932504654 0.346653193235397 0.326337844133377 0.290638774633408 0.248142451047897 0.230941146612167 0.188660964369774 0.170501232147217 0.152067318558693 0.16630508005619 0.136590138077736 0.131570100784302 0.1213034465909 0.115858256816864 0.1070212200284 0.096488893032074 0.0980835631489754 0.0880391746759415 0.0725670829415321 0.0674275308847427 0.0638547316193581 0.0666993707418442 0.0670756176114082 0.0738430768251419 0.069429412484169
0.380405187606812 0.36046838760376 0.348771393299103 0.346424460411072 0.350181311368942 0.281296372413635 0.298293113708496 0.267025023698807 0.270361036062241 0.241288393735886 0.270432382822037 0.269437968730927 0.237451285123825 0.273375183343887 0.276564240455627 0.260245829820633 0.297007232904434 0.31876528263092 0.333947151899338 0.327801823616028 0.305943787097931 0.303294390439987 0.264394700527191 0.241079330444336 0.217020764946938 0.199691846966743 0.176398977637291 0.145390525460243 0.128133088350296 0.127313181757927 0.114617727696896 0.10381518304348 0.103210009634495 0.0848051458597183 0.0758796706795692 0.0757151320576668 0.0716861113905907 0.0686121210455894 0.0615227222442627 0.0632859617471695 0.070763424038887 0.0648984536528587 0.0736156180500984 0.0695941969752312
