data/climate_estimation/maxent_output/Trillium_flexipes.asc
NCOLS 223 
NROWS 151 
XLLCORNER -94.25 
YLLCORNER 33.1666666666667 
CELLSIZE 0.0833333333333333 
NODATA_value -3.4e+38 
[rows 20 to 39 of 151, columns 176 to 219 of 223]
0.116691693663597 0.111366122961044 0.0991709306836128 0.126179695129395 0.11059544980526 0.110298149287701 0.100517645478249 0.0951108634471893 0.0766132771968842 0.0706717818975449 0.0598902106285095 0.044378150254488 0.0370482467114925 0.0347881764173508 0.0363261215388775 0.0336505174636841 0.0353617705404758 0.0463561974465847 0.0576557256281376 0.0767165422439575 0.0949428230524063 0.127788841724396 0.18218469619751 0.246956467628479 0.32380199432373 0.36380997300148 0.396820902824402 0.463049292564392 0.456667274236679 0.436738848686218 0.40114551782608 0.389537274837494 0.36432358622551 0.339017897844315 0.298348098993301 0.252641975879669 0.250696450471878 0.243077859282494 0.218850329518318 0.236799582839012 0.250957816839218 0.272283405065536 0.272275418043137 0.303815305233002
0.178576037287712 0.157855153083801 0.138599157333374 0.148289665579796 0.115131787955761 0.1243586987257 0.112776353955269 0.111455701291561 0.0868289694190025 0.0801760032773018 0.0592150017619133 0.0516352094709873 0.0401812978088856 0.0326102003455162 0.0294486470520496 0.0278130117803812 0.0361561961472034 0.0457579493522644 0.0644766986370087 0.0873374566435814 0.108047001063824 0.133355781435966 0.207551792263985 0.263702422380447 0.369743973016739 0.385247826576233 0.395127773284912 0.497014701366425 0.510885000228882 0.432189345359802 0.44514337182045 0.446592718362808 0.398953855037689 0.376878172159195 0.284387767314911 0.334056854248047 0.266722649335861 0.274736821651459 0.241047009825706 0.260627388954163 0.280936270952225 0.298975169658661 0.304362267255783 0.321258723735809
0.195127353072166 0.180548250675201 0.171351507306099 0.155808374285698 0.13655298948288 0.146578088402748 0.127945974469185 0.112138599157333 0.11206641048193 0.10296805948019 0.0836286917328835 0.0674031227827072 0.0569821707904339 0.0403097905218601 0.0382179208099842 0.0359460413455963 0.0370689518749714 0.0507965013384819 0.0689569264650345 0.0820141136646271 0.116059221327305 0.143025875091553 0.22194541990757 0.270811557769775 0.337759166955948 0.401265621185303 0.439441800117493 0.529327511787415 0.543422698974609 0.5088831782341 0.514254093170166 0.487447589635849 0.433051645755768 0.330820500850677 0.391240477561951 0.288705587387085 0.300629079341888 0.246693000197411 0.257856875658035 0.262800574302673 0.291820675134659 0.295215994119644 0.276586890220642 0.242280036211014
0.242335647344589 0.222516447305679 0.179945081472397 0.160141035914421 0.151911959052086 0.167780116200447 0.152813032269478 0.152857884764671 0.140581741929054 0.119573153555393 0.110629342496395 0.0820385664701462 0.0756606906652451 0.0552195385098457 0.0440646857023239 0.0408546775579453 0.0472250431776047 0.0593057088553905 0.0651725456118584 0.091455839574337 0.109114788472652 0.152573317289352 0.210901707410812 0.278345584869385 0.385617077350616 0.424389004707336 0.464164108037949 0.475014179944992 0.485478579998016 0.460493415594101 0.452486157417297 0.428268522024155 0.404979944229126 0.356134355068207 0.335576504468918 0.309927523136139 0.315210521221161 0.261947989463806 0.283069908618927 0.305237054824829 0.305451959371567 0.27411550283432 0.257891148328781 0.177657186985016
0.226679980754852 0.227667823433876 0.182998701930046 0.182917028665543 0.188348054885864 0.178772211074829 0.178738549351692 0.185150310397148 0.171698868274689 0.171580702066422 0.139627188444138 0.12916824221611 0.100791111588478 0.0841588377952576 0.0676549896597862 0.0616013035178185 0.0632282271981239 0.0635432079434395 0.0859635546803474 0.0937335416674614 0.116558536887169 0.162523001432419 0.200085878372192 0.273446500301361 0.366727292537689 0.466681003570557 0.482382565736771 0.492715299129486 0.50390088558197 0.495717525482178 0.477741330862045 0.453190833330154 0.428578585386276 0.408148467540741 0.385239720344543 0.359035015106201 0.33589094877243 0.281114608049393 0.302474200725555 0.325736999511719 0.352286368608475 0.329944550991058 0.220520481467247 0.118744179606438
0.239299565553665 0.203015044331551 0.186025083065033 0.184886947274208 0.200450509786606 0.207492664456367 0.252493143081665 0.2524234354496 0.232629507780075 0.224748820066452 0.207535326480865 0.170413941144943 0.156391859054565 0.126253664493561 0.102574490010738 0.0933816209435463 0.0834928005933762 0.0811315104365349 0.0886397212743759 0.0966481938958168 0.120142839848995 0.168398916721344 0.205994606018066 0.281032145023346 0.350362867116928 0.460406631231308 0.503268837928772 0.514421761035919 0.544108211994171 0.523086965084076 0.533978760242462 0.476872354745865 0.457036942243576 0.432603299617767 0.408801555633545 0.383373439311981 0.356869965791702 0.356612592935562 0.322743952274323 0.349138826131821 0.375536888837814 0.328668385744095 0.231967344880104 0.128344103693962
0.274323552846909 0.243912756443024 0.224346771836281 0.224131733179092 0.242658093571663 0.279710590839386 0.301737457513809 0.301752060651779 0.313724964857101 0.337339013814926 0.28028592467308 0.279289662837982 0.23185296356678 0.211163073778152 0.166114777326584 0.134566396474838 0.136812031269073 0.122024014592171 0.123097151517868 0.133936211466789 0.128388926386833 0.158093139529228 0.218162164092064 0.257760584354401 0.322639971971512 0.471335887908936 0.549462735652924 0.579453587532043 0.596975684165955 0.575866043567657 0.567241489887238 0.548092722892761 0.527119219303131 0.488475292921066 0.433722466230392 0.406854778528214 0.369324386119843 0.370969831943512 0.3370061814785 0.362988531589508 0.374175310134888 0.352696537971497 0.309841603040695 0.215834259986877
0.261997580528259 0.261957585811615 0.279394179582596 0.270517945289612 0.312505215406418 0.334706693887711 0.359713673591614 0.440455883741379 0.440882116556168 0.411074995994568 0.413040012121201 0.360497206449509 0.334851324558258 0.277724146842957 0.229565069079399 0.226026624441147 0.184954971075058 0.167023494839668 0.166624531149864 0.161854103207588 0.175896719098091 0.183917015790939 0.199315309524536 0.272352397441864 0.34183195233345 0.421129137277603 0.558621168136597 0.602336168289185 0.633594036102295 0.645188212394714 0.629302740097046 0.607991516590118 0.579834818840027 0.526201009750366 0.489807277917862 0.461305469274521 0.39275398850441 0.343053877353668 0.345687121152878 0.339849889278412 0.367519289255142 0.344440847635269 0.324128389358521 0.312599092721939
0.314203202724457 0.291556358337402 0.333858728408813 0.324028581380844 0.369274735450745 0.396478742361069 0.46941614151001 0.513322234153748 0.560405611991882 0.560989201068878 0.593619704246521 0.546647548675537 0.514598190784454 0.425187319517136 0.358670115470886 0.304695129394531 0.245509922504425 0.252859503030777 0.224964588880539 0.21816973388195 0.237595707178116 0.248617738485336 0.268230438232422 0.279709070920944 0.312836080789566 0.387678772211075 0.535425424575806 0.666360259056091 0.702791750431061 0.713951885700226 0.698786318302155 0.677418112754822 0.622207701206207 0.584052979946136 0.550073742866516 0.456237643957138 0.394663363695145 0.394093185663223 0.394834786653519 0.396784722805023 0.425783097743988 0.458393573760986 0.431356847286224 0.40546527504921
0.310514837503433 0.320397168397903 0.317355215549469 0.352951496839523 0.424782484769821 0.473370015621185 0.541167318820953 0.62376743555069 0.639300286769867 0.675572037696838 0.707766532897949 0.695448696613312 0.628898739814758 0.542754530906677 0.437362462282181 0.378884732723236 0.357575118541718 0.329994022846222 0.263971924781799 0.251577705144882 0.2973612844944 0.306902915239334 0.310113400220871 0.331971049308777 0.36912277340889 0.409567564725876 0.513638734817505 0.659144818782806 0.719722926616669 0.7495978474617 0.734644830226898 0.745085895061493 0.694036304950714 0.619612336158752 0.542219877243042 0.479484170675278 0.45609974861145 0.449739038944244 0.479426443576813 0.501073658466339 0.502815544605255 0.536272346973419 0.50837904214859 0.480131417512894
0.35426852107048 0.347593307495117 0.348927348852158 0.382290422916412 0.422874629497528 0.467888712882996 0.545429348945618 0.567407131195068 0.634453535079956 0.682110905647278 0.733477056026459 0.749071002006531 0.666888177394867 0.577090561389923 0.531312584877014 0.451505929231644 0.397003799676895 0.357467830181122 0.328905344009399 0.283365309238434 0.328524142503738 0.345884680747986 0.369777828454971 0.395232349634171 0.420870542526245 0.395199120044708 0.411569744348526 0.561089873313904 0.69276636838913 0.701310336589813 0.750308036804199 0.759010255336761 0.681198954582214 0.617131114006042 0.544603645801544 0.499197095632553 0.498319238424301 0.495347797870636 0.537871539592743 0.561212360858917 0.596108198165894 0.63138484954834 0.664251029491425 0.666484534740448
0.308985471725464 0.30519911646843 0.349421739578247 0.369500309228897 0.363162189722061 0.373192250728607 0.413345277309418 0.478823602199554 0.510193109512329 0.575072765350342 0.643182396888733 0.648752093315125 0.612121284008026 0.581547558307648 0.512772083282471 0.501492559909821 0.506652235984802 0.429495394229889 0.415946155786514 0.380691856145859 0.390742301940918 0.418339818716049 0.409457951784134 0.43700248003006 0.433150708675385 0.478846430778503 0.46205061674118 0.52326637506485 0.571450471878052 0.701589941978455 0.687299609184265 0.694226026535034 0.668789863586426 0.641724169254303 0.592080354690552 0.5559201836586 0.552347481250763 0.544256865978241 0.563318252563477 0.583596229553223 0.637529790401459 0.666849911212921 0.69302886724472 0.700750946998596
0.285452216863632 0.284765422344208 0.265470027923584 0.290647596120834 0.291778773069382 0.311851441860199 0.365178525447845 0.40053004026413 0.474783271551132 0.524268865585327 0.563579082489014 0.595729351043701 0.572435140609741 0.519431948661804 0.460904657840729 0.439784646034241 0.461150765419006 0.475909233093262 0.478854238986969 0.44769099354744 0.439043134450912 0.470121711492538 0.453596293926239 0.458499163389206 0.502983808517456 0.471595048904419 0.548358678817749 0.591235816478729 0.607609152793884 0.604264259338379 0.620194792747498 0.684334993362427 0.636667609214783 0.636699914932251 0.646548628807068 0.611061453819275 0.578359127044678 0.547755360603333 0.516358852386475 0.511724233627319 0.57419753074646 0.634184122085571 0.673129498958588 0.566867709159851
0.255695462226868 0.256326019763947 0.259608030319214 0.262395203113556 0.289182305335999 0.294474989175797 0.281553685665131 0.310030609369278 0.368624627590179 0.421993285417557 0.460646122694016 0.460517257452011 0.432865232229233 0.41375944018364 0.395104736089706 0.421428710222244 0.433229595422745 0.432937204837799 0.436999052762985 0.48735573887825 0.478766351938248 0.47865092754364 0.46898889541626 0.490801393985748 0.502040863037109 0.525492966175079 0.585145592689514 0.634085655212402 0.594558119773865 0.599961817264557 0.5936399102211 0.625044822692871 0.576483905315399 0.631958961486816 0.635942459106445 0.591095745563507 0.497615694999695 0.396283268928528 0.392328530550003 0.401328891515732 0.471898555755615 0.444001734256744 0.369288206100464 0.398251712322235
0.184473529458046 0.218336462974548 0.246234253048897 0.268814116716385 0.259880512952805 0.26445010304451 0.264610409736633 0.264694511890411 0.335949838161469 0.394402623176575 0.422932922840118 0.394954591989517 0.343525975942612 0.310890048742294 0.282977402210236 0.349718689918518 0.327029764652252 0.353925973176956 0.429191917181015 0.439563781023026 0.569873332977295 0.539653897285461 0.539174675941467 0.485079199075699 0.520721793174744 0.471375912427902 0.53443318605423 0.593389332294464 0.559732496738434 0.505413830280304 0.498655527830124 0.563901782035828 0.586586236953735 0.600395262241364 0.652136623859406 0.564198136329651 0.517956972122192 0.434520691633224 0.407460570335388 0.37712350487709 0.299390703439713 0.365880370140076 0.2563536465168 0.256206333637238
0.176165789365768 0.202137529850006 0.219425052404404 0.24126523733139 0.265335232019424 0.29164120554924 0.318553477525711 0.309888362884521 0.362695038318634 0.373206675052643 0.331966817378998 0.302634447813034 0.261664628982544 0.223533123731613 0.224242717027664 0.260900765657425 0.230761468410492 0.365466356277466 0.349413633346558 0.460516214370728 0.652030169963837 0.517913281917572 0.476951211690903 0.41279062628746 0.455509305000305 0.339476019144058 0.359920084476471 0.582331657409668 0.466643512248993 0.455524772405624 0.485168963670731 0.636382460594177 0.561378955841064 0.60481184720993 0.674030482769012 0.461058348417282 0.396140366792679 0.399435251951218 0.282364219427109 0.261637955904007 0.225834205746651 0.297533631324768 0.1893080919981 0.184312969446182
0.178867667913437 0.210708647966385 0.250524699687958 0.276799470186234 0.303155541419983 0.316168993711472 0.343591183423996 0.352989345788956 0.363343089818954 0.326315343379974 0.247887521982193 0.22366988658905 0.220485001802444 0.253969967365265 0.231137663125992 0.206385627388954 0.205327048897743 0.338526606559753 0.304682195186615 0.510819911956787 0.62859433889389 0.584262669086456 0.432543486356735 0.315672516822815 0.288979470729828 0.214277014136314 0.360014736652374 0.422728002071381 0.424698531627655 0.429921537637711 0.471925586462021 0.641770362854004 0.606486558914185 0.563059508800507 0.736189544200897 0.488917946815491 0.403753191232681 0.399640917778015 0.307870239019394 0.231157764792442 0.240093052387238 0.251570105552673 0.234795451164246 0.18536439538002
0.227333933115005 0.245849296450615 0.290374726057053 0.318584352731705 0.36381858587265 0.384800285100937 0.428142726421356 0.44159135222435 0.315680265426636 0.236199244856834 0.230115592479706 0.174871489405632 0.217853471636772 0.245564952492714 0.238284826278687 0.182394981384277 0.211958736181259 0.278349220752716 0.407113999128342 0.544682502746582 0.51829719543457 0.535888373851776 0.435242891311646 0.2972272336483 0.192385748028755 0.283810496330261 0.359452396631241 0.258230000734329 0.301035135984421 0.465462356805801 0.496961772441864 0.567657172679901 0.666438102722168 0.378182411193848 0.6196169257164 0.598035395145416 0.484280526638031 0.394302695989609 0.341809391975403 0.291052639484406 0.360448360443115 0.333382219076157 0.196861952543259 0.198653012514114
0.284980207681656 0.30704802274704 0.331614464521408 0.355187177658081 0.386419326066971 0.413891166448593 0.479683190584183 0.513069629669189 0.379042863845825 0.25293892621994 0.217464432120323 0.221884042024612 0.232410654425621 0.264666736125946 0.23487888276577 0.184156134724617 0.207195997238159 0.308273464441299 0.414346724748611 0.388867259025574 0.274638712406158 0.334395319223404 0.503049492835999 0.302324622869492 0.255454003810883 0.235884934663773 0.178080812096596 0.198443114757538 0.301789611577988 0.54552435874939 0.326271891593933 0.485944539308548 0.636763274669647 0.268403679132462 0.432784169912338 0.613555014133453 0.665088474750519 0.381273329257965 0.375025540590286 0.366821080446243 0.276470899581909 0.249033108353615 0.230035781860352 0.237899869680405
0.342770934104919 0.366648703813553 0.36739918589592 0.322317004203796 0.277757883071899 0.258081823587418 0.30162525177002 0.499180912971497 0.406237095594406 0.32117086648941 0.276747465133667 0.225852876901627 0.165446683764458 0.210123926401138 0.188324630260468 0.166315093636513 0.241259709000587 0.40559059381485 0.363102287054062 0.251637876033783 0.28851243853569 0.33454892039299 0.376918375492096 0.197557106614113 0.224218517541885 0.285945534706116 0.215688228607178 0.252204746007919 0.364522278308868 0.460271537303925 0.313292473554611 0.386661618947983 0.670587182044983 0.301772445440292 0.371669948101044 0.362715214490891 0.587160170078278 0.458438634872437 0.317738205194473 0.280827075242996 0.249973759055138 0.208367899060249 0.317790776491165 0.312491118907928
