data/climate_estimation/maxent_output/Trillium_undulatum.asc
NCOLS 291 
NROWS 244 
XLLCORNER -84.5833333333333 
YLLCORNER 34.25 
CELLSIZE 0.0833333333333333 
NODATA_value -3.4e+38 
[rows 63 to 83 of 244, columns 47 to 93 of 291]
0.117691688239574 0.0966968685388565 0.0935318246483803 0.0790773332118988 0.0807201340794563 0.0655157342553139 0.0651794299483299 0.0537327006459236 0.0433386601507664 0.0448258630931377 0.0382234118878841 0.0384227260947227 0.0315444320440292 0.0312846787273884 0.0300226472318172 0.0257470570504665 0.0253091864287853 0.0252793412655592 0.0250769443809986 0.0204847194254398 0.0203698854893446 0.0205266755074263 0.0166258215904236 0.0167466979473829 0.0169509090483189 0.0168176088482141 0.0169482436031103 0.0171122066676617 0.0169657617807388 0.0169846620410681 0.0168323442339897 0.0177480466663837 0.0205881986767054 0.0196593031287193 0.0193348061293364 0.0195169914513826 0.0217518899589777 0.0217923820018768 0.0220976788550615 0.0182628687471151 0.0184769611805677 0.0185075029730797 0.0185390114784241 0.0187756773084402 0.018133508041501 0.0219845622777939 0.0218885373324156
0.111950814723969 0.111452415585518 0.0920696184039116 0.0921819508075714 0.0792551189661026 0.0759697034955025 0.0658529251813889 0.0566279366612434 0.0552015118300915 0.0469045266509056 0.0451698414981365 0.0387095920741558 0.0370696447789669 0.0371229089796543 0.0316057428717613 0.0299622043967247 0.0243080575019121 0.0258540064096451 0.0254158955067396 0.0252393502742052 0.0237786583602428 0.0208015255630016 0.0206678323447704 0.0207831840962172 0.0207960791885853 0.0197745710611343 0.020931214094162 0.0209095887839794 0.0167621988803148 0.019620306789875 0.01959596760571 0.0204600915312767 0.0202918313443661 0.0238079410046339 0.0235439948737621 0.0238822139799595 0.0238871574401855 0.0257083997130394 0.0221166107803583 0.0221531949937344 0.022687679156661 0.0184808894991875 0.018900316208601 0.0191890168935061 0.0184024143964052 0.0211923476308584 0.0223369635641575
0.116820901632309 0.111747980117798 0.0961495935916901 0.078326091170311 0.0782461315393448 0.0653043836355209 0.0647384598851204 0.0659711882472038 0.054601963609457 0.0474354811012745 0.0451698414981365 0.0457287691533566 0.0368472784757614 0.0374079905450344 0.0371909253299236 0.0300864204764366 0.0304102636873722 0.0241970736533403 0.0241591818630695 0.0240509174764156 0.0239408630877733 0.0242345314472914 0.0242044609040022 0.0240289773792028 0.0239892266690731 0.024209713563323 0.0240548998117447 0.020779499784112 0.0195992700755596 0.0207322929054499 0.0241377670317888 0.0241028256714344 0.023713706061244 0.0236450880765915 0.0233829282224178 0.0236257612705231 0.0238923467695713 0.0263413824141026 0.0256661735475063 0.0259608402848244 0.0226789824664593 0.0216747149825096 0.0221420861780643 0.0182126220315695 0.022719694301486 0.0227243881672621 0.0262961536645889
0.114816896617413 0.0936229005455971 0.0945397093892097 0.0782987698912621 0.0787156894803047 0.0673851370811462 0.0652819871902466 0.0663153529167175 0.0640025660395622 0.0551604442298412 0.0557251498103142 0.0454957857728004 0.0458587594330311 0.0374900326132774 0.0375682674348354 0.0355617664754391 0.0303277466446161 0.030144514515996 0.0285406354814768 0.0242725368589163 0.024053854867816 0.0282426625490189 0.0238646268844604 0.0240640547126532 0.0240640547126532 0.0280558783560991 0.0241327732801437 0.0237936917692423 0.0237150210887194 0.023636607453227 0.023636607453227 0.0275362282991409 0.0273838583379984 0.0272649992257357 0.0270636081695557 0.0270467940717936 0.027429798617959 0.0265047308057547 0.0266588293015957 0.0256072673946619 0.0259709749370813 0.0215035118162632 0.0220271609723568 0.0222703535109758 0.021587373688817 0.0264403484761715 0.0325114913284779
0.113140799105167 0.0918849483132362 0.0925220847129822 0.0763439312577248 0.0770229324698448 0.0662133619189262 0.0639345720410347 0.0655144974589348 0.0560844168066978 0.0544354915618896 0.045127347111702 0.0453001260757446 0.0462817884981632 0.0375946648418903 0.0359861776232719 0.0375597961246967 0.0303268879652023 0.0300697814673185 0.0283590480685234 0.0281135030090809 0.0281251482665539 0.0279587600380182 0.0282131694257259 0.0325443483889103 0.0279738660901785 0.0279680732637644 0.0279481112957001 0.0279654804617167 0.0276938062161207 0.0276938062161207 0.0274360980838537 0.0273705385625362 0.0317757539451122 0.0311647262424231 0.0325144790112972 0.0330091342329979 0.0269961636513472 0.026772553101182 0.0271248538047075 0.0312906168401241 0.0300407689064741 0.0263992343097925 0.0256201550364494 0.0273216683417559 0.0262280460447073 0.0318013653159142 0.0365887843072414
0.0897161290049553 0.0908403471112251 0.078081451356411 0.0793625563383102 0.0757822394371033 0.0662042051553726 0.0658785328269005 0.0633829385042191 0.055187676101923 0.0534162595868111 0.0546538159251213 0.0454593114554882 0.0461788065731525 0.0462336800992489 0.0381202325224876 0.0356733053922653 0.0355793982744217 0.0300074797123671 0.0281400270760059 0.0351113751530647 0.034720491617918 0.034294780343771 0.0341460555791855 0.0345842614769936 0.0346917696297169 0.0343623161315918 0.032443393021822 0.0400609485805035 0.0340711772441864 0.031779907643795 0.0319513976573944 0.0386713966727257 0.0383798368275166 0.0375947877764702 0.0369109101593494 0.036941509693861 0.0322979986667633 0.0322779342532158 0.0315927006304264 0.0319141820073128 0.0367409735918045 0.0312593765556812 0.0304602533578873 0.0362459011375904 0.0359211228787899 0.0422832891345024 0.0422832891345024
0.0925703495740891 0.0883164182305336 0.0771611332893372 0.0772400423884392 0.0790872797369957 0.0754262134432793 0.0650249645113945 0.0663717612624168 0.0644577518105507 0.0535092316567898 0.0544061325490475 0.0560617633163929 0.0466578043997288 0.0463023297488689 0.0447280742228031 0.0447487346827984 0.0354947745800018 0.0348936654627323 0.0388999879360199 0.0346992798149586 0.0345051512122154 0.0344124510884285 0.0344121269881725 0.0401074327528477 0.0394861288368702 0.0399947054684162 0.0393141843378544 0.0463398322463036 0.0387881062924862 0.0388041660189629 0.038691870868206 0.0450984463095665 0.0443093925714493 0.0459179356694221 0.0428987517952919 0.042748000472784 0.0368632972240448 0.0365280583500862 0.0378870740532875 0.0383913479745388 0.0434106104075909 0.0424772016704082 0.0430411994457245 0.0443982742726803 0.0440736301243305 0.0445989854633808 0.0511107258498669
0.0909248292446136 0.0875283852219582 0.0884282067418098 0.089446596801281 0.0768617391586304 0.0787646472454071 0.0768382176756859 0.0770157426595688 0.0667321309447289 0.0645955801010132 0.0662048682570457 0.0550469383597374 0.055996235460043 0.0543751530349255 0.0472904294729233 0.0448252931237221 0.0417568646371365 0.0455432049930096 0.0427260473370552 0.0404914729297161 0.0402993001043797 0.040373794734478 0.0467396713793278 0.0468847937881947 0.0462950989603996 0.0460272580385208 0.0457041896879673 0.0561750791966915 0.0455155484378338 0.0526762157678604 0.0545404069125652 0.0545179024338722 0.0538302101194859 0.053434893488884 0.05173085257411 0.05077138915658 0.0430737622082233 0.0435646958649158 0.0450982972979546 0.0433011762797832 0.043794646859169 0.0463910549879074 0.0471138209104538 0.0477532111108303 0.0512087158858776 0.0559123232960701 0.0630978718400002
0.0900413542985916 0.090133011341095 0.0923114120960236 0.0893919914960861 0.0896470919251442 0.0909928828477859 0.0932477712631226 0.0768584460020065 0.0770154744386673 0.0643567740917206 0.0659332647919655 0.067519836127758 0.065398670732975 0.0534095093607903 0.0547202043235302 0.0548470579087734 0.0514481738209724 0.0509115792810917 0.0497222766280174 0.0498279966413975 0.0494342558085918 0.0494335889816284 0.057405773550272 0.0573702976107597 0.0572286136448383 0.056922297924757 0.0538546703755856 0.0654228255152702 0.0653555765748024 0.0649935752153397 0.0639198943972588 0.0625018328428268 0.061993595212698 0.0607274621725082 0.0585756301879883 0.0602373108267784 0.0597793683409691 0.0501198880374432 0.0508572086691856 0.0621971450746059 0.0538572333753109 0.055240523070097 0.0568225644528866 0.0541569404304028 0.0665627270936966 0.0640851929783821 0.0898194387555122
0.104890488088131 0.105187997221947 0.0903571769595146 0.0920118167996407 0.09170912951231 0.103444576263428 0.107004538178444 0.0924180299043655 0.0939019471406937 0.0774462595582008 0.0799548029899597 0.0783245041966438 0.0792153552174568 0.068296879529953 0.0659642815589905 0.0627416744828224 0.0625994876027107 0.0618932992219925 0.0610063672065735 0.0707982331514359 0.067347377538681 0.0705901756882668 0.0699819177389145 0.0660723447799683 0.0654769316315651 0.0653555765748024 0.0650398880243301 0.0754682272672653 0.074608787894249 0.0733068361878395 0.0732166394591331 0.0723589360713959 0.0759700536727905 0.0733074545860291 0.0718295499682426 0.0696402713656425 0.0698755756020546 0.0705600157380104 0.0730975791811943 0.0735039114952087 0.0769176855683327 0.0730830207467079 0.0755337923765182 0.0760371759533882 0.0878157913684845 0.0871730148792267 0.102955654263496
0.127006500959396 0.127235621213913 0.127310618758202 0.104295708239079 0.106323555111885 0.106557369232178 0.108889922499657 0.111539095640182 0.107354611158371 0.0932749658823013 0.0909387841820717 0.0928335189819336 0.0903277397155762 0.0788485109806061 0.076135978102684 0.0761434212327003 0.0643712133169174 0.0750126913189888 0.0704251304268837 0.0709107518196106 0.0698950663208961 0.0702041238546371 0.0934780612587929 0.0939990133047104 0.0759113803505898 0.092839889228344 0.0925458967685699 0.0921695902943611 0.0905370786786079 0.0892611742019653 0.088915728032589 0.0887525454163551 0.106347344815731 0.104836128652096 0.10018102824688 0.102174244821072 0.0873660072684288 0.100904248654842 0.101958699524403 0.0854794383049011 0.0865215584635735 0.0893134698271751 0.0918876901268959 0.10330468416214 0.117600314319134 0.138265118002892 0.135922715067863
0.122605688869953 0.145805269479752 0.147837281227112 0.125589400529861 0.12884908914566 0.10619530081749 0.108717143535614 0.11015472561121 0.112037569284439 0.107770390808582 0.110109269618988 0.106231965124607 0.0935803577303886 0.0950439795851707 0.106580123305321 0.0914306193590164 0.092000313103199 0.0872573256492615 0.100912034511566 0.0858979299664497 0.0817560628056526 0.0811566337943077 0.0796892493963242 0.0975118204951286 0.0936538353562355 0.0920575112104416 0.0913292542099953 0.105387009680271 0.104981772601604 0.120707914233208 0.108431734144688 0.12529681622982 0.120375990867615 0.142768502235413 0.138741135597229 0.115310408174992 0.117702014744282 0.121703803539276 0.117191314697266 0.121221914887428 0.121984057128429 0.121591746807098 0.124215506017208 0.14576518535614 0.140266343951225 0.137867912650108 0.189964711666107
0.143310651183128 0.151323050260544 0.144223600625992 0.146438837051392 0.125464916229248 0.125515222549438 0.128515765070915 0.125867635011673 0.127465039491653 0.130222007632256 0.131111338734627 0.128950521349907 0.13134303689003 0.10801412910223 0.107974037528038 0.103475145995617 0.105362974107265 0.104814372956753 0.105351515114307 0.0988035649061203 0.0986432209610939 0.0987861528992653 0.113777600228786 0.113688111305237 0.131386175751686 0.107541970908642 0.124656602740288 0.121872656047344 0.129402652382851 0.127129048109055 0.125504314899445 0.152129739522934 0.147278323769569 0.142639771103859 0.142074733972549 0.169569537043571 0.14360910654068 0.143840938806534 0.144614934921265 0.145421668887138 0.139909416437149 0.163208961486816 0.16618624329567 0.170193254947662 0.171462967991829 0.171627432107925 0.195181638002396
0.172329306602478 0.171027898788452 0.147049948573112 0.173381596803665 0.143341854214668 0.144857108592987 0.14705203473568 0.148369789123535 0.151539534330368 0.12711101770401 0.127289324998856 0.130955755710602 0.125566646456718 0.129447236657143 0.131137907505035 0.125719115138054 0.12734280526638 0.126763865351677 0.120782561600208 0.120033428072929 0.119771867990494 0.119531221687794 0.131600812077522 0.130789935588837 0.151666715741158 0.150315463542938 0.150342404842377 0.171034961938858 0.170632109045982 0.169499307870865 0.177604228258133 0.173250138759613 0.179470479488373 0.177969664335251 0.177826315164566 0.180059149861336 0.176844850182533 0.200865626335144 0.20214469730854 0.203700214624405 0.195790216326714 0.195398300886154 0.198173001408577 0.199895113706589 0.206069663167 0.199815228581429 0.238214820623398
0.197255507111549 0.168275162577629 0.165957167744637 0.169598177075386 0.171064734458923 0.147606879472733 0.150821506977081 0.144887506961823 0.149811670184135 0.151121973991394 0.152563348412514 0.154985949397087 0.149963423609734 0.153038218617439 0.149280861020088 0.128959283232689 0.124842770397663 0.14531809091568 0.1457259953022 0.144376307725906 0.137551009654999 0.136622816324234 0.158156916499138 0.158473521471024 0.183741256594658 0.181497246026993 0.180652931332588 0.208302244544029 0.195016458630562 0.204657047986984 0.202787399291992 0.209205955266953 0.206181734800339 0.216338187456131 0.212816432118416 0.246723264455795 0.246244251728058 0.230634123086929 0.262033671140671 0.234348639845848 0.234649419784546 0.231820732355118 0.231644779443741 0.268996953964233 0.26947084069252 0.270371109247208 0.264587163925171
0.192416325211525 0.20101934671402 0.164497673511505 0.165797293186188 0.165960386395454 0.167398735880852 0.171403780579567 0.172847107052803 0.175322741270065 0.147524490952492 0.154955342411995 0.15301276743412 0.152592077851295 0.147493824362755 0.15334440767765 0.179136365652084 0.149782449007034 0.175145655870438 0.174052849411964 0.165966719388962 0.192850530147552 0.166196167469025 0.182846397161484 0.180688247084618 0.209798380732536 0.209912419319153 0.207642316818237 0.237881705164909 0.237305045127869 0.234553799033165 0.233976602554321 0.239700391888618 0.239745646715164 0.284113019704819 0.277090847492218 0.280246049165726 0.315719485282898 0.310913145542145 0.312450110912323 0.306679755449295 0.309370964765549 0.312248706817627 0.313114285469055 0.318550169467926 0.311159521341324 0.35478088259697 0.348367273807526
0.19761523604393 0.197202131152153 0.193454712629318 0.196083039045334 0.170826345682144 0.174085333943367 0.174054637551308 0.175723746418953 0.169976621866226 0.173356860876083 0.177545771002769 0.180429086089134 0.172879278659821 0.178376063704491 0.172607153654099 0.20586284995079 0.177331209182739 0.199038341641426 0.20060795545578 0.200805097818375 0.231621026992798 0.220521628856659 0.222113206982613 0.219098702073097 0.218680545687675 0.240356042981148 0.237092360854149 0.27095165848732 0.26899453997612 0.269708961248398 0.279071062803268 0.274953663349152 0.326234042644501 0.321653246879578 0.331838339567184 0.332780361175537 0.356480181217194 0.358986705541611 0.361693650484085 0.399080127477646 0.365645885467529 0.352497339248657 0.382506370544434 0.354674756526947 0.400515258312225 0.371491372585297 0.38212651014328
0.224200680851936 0.192256599664688 0.189358443021774 0.189542457461357 0.204544007778168 0.196986705064774 0.19763970375061 0.212300837039948 0.176378756761551 0.151494920253754 0.177106961607933 0.173655107617378 0.177373543381691 0.202861323952675 0.206877753138542 0.209331288933754 0.205408245325089 0.205327227711678 0.237650990486145 0.240021258592606 0.264220327138901 0.264548152685165 0.263184428215027 0.252375096082687 0.251903027296066 0.287081778049469 0.271879017353058 0.285428285598755 0.236215859651566 0.269568145275116 0.32030713558197 0.373499095439911 0.373050421476364 0.369843691587448 0.38249683380127 0.382822692394257 0.413749396800995 0.415635406970978 0.445490628480911 0.423199445009232 0.426281988620758 0.419237107038498 0.414396673440933 0.433444410562515 0.415109366178513 0.416702330112457 0.423376381397247
0.233953952789307 0.235328927636147 0.231273204088211 0.199060052633286 0.202789396047592 0.205132931470871 0.206473305821419 0.208182856440544 0.207668825984001 0.209299147129059 0.173358514904976 0.176453530788422 0.171242982149124 0.205775871872902 0.243987292051315 0.238987892866135 0.246161073446274 0.244912430644035 0.236885190010071 0.275324910879135 0.274872839450836 0.261485785245895 0.300686329603195 0.299221694469452 0.300410836935043 0.324809700250626 0.325945258140564 0.28712061047554 0.236918464303017 0.281010717153549 0.321160465478897 0.376697689294815 0.373654782772064 0.369807332754135 0.421647220849991 0.422811925411224 0.444661885499954 0.447473049163818 0.443355560302734 0.444869160652161 0.467942595481873 0.478621244430542 0.471842557191849 0.443293035030365 0.451078355312347 0.445233285427094 0.441228449344635
0.235431879758835 0.232554391026497 0.23443640768528 0.230088084936142 0.231099724769592 0.233943611383438 0.23525957763195 0.236239314079285 0.238518446683884 0.207828119397163 0.208427384495735 0.172210916876793 0.166722148656845 0.198087796568871 0.239125907421112 0.281480461359024 0.287622153759003 0.278589755296707 0.281542152166367 0.326292216777802 0.30966117978096 0.310692310333252 0.313240975141525 0.342093080282211 0.342324107885361 0.385418295860291 0.371960341930389 0.326028198003769 0.284193336963654 0.28173640370369 0.323471188545227 0.377762913703918 0.407371908426285 0.407721430063248 0.427275806665421 0.451249539852142 0.448243945837021 0.447811007499695 0.471203416585922 0.468768179416656 0.498817771673203 0.485133528709412 0.48372295498848 0.447336763143539 0.488371461629868 0.490939795970917 0.456552952528
0.272186994552612 0.272798329591751 0.272470772266388 0.232285708189011 0.246953636407852 0.242411658167839 0.233936578035355 0.246159493923187 0.246159493923187 0.205885723233223 0.203900188207626 0.200415685772896 0.200572535395622 0.195263490080833 0.234472051262856 0.238599255681038 0.282459676265717 0.277720272541046 0.333943098783493 0.321995407342911 0.324140846729279 0.36881810426712 0.355587989091873 0.354119092226028 0.352240264415741 0.38493749499321 0.425665020942688 0.422588497400284 0.368217587471008 0.383737832307816 0.381194412708282 0.417946428060532 0.415246486663818 0.453851282596588 0.448850750923157 0.492635428905487 0.476651936769485 0.491102695465088 0.504228830337524 0.496788144111633 0.499759525060654 0.502094864845276 0.492151468992233 0.493966668844223 0.492976546287537 0.499453127384186 0.502242922782898
