data/climate_estimation/maxent_output/Trillium_ovatum.asc
NCOLS 257 
NROWS 181 
XLLCORNER -127.5 
YLLCORNER 36 
CELLSIZE 0.0833333333333333 
NODATA_value -3.4e+38 
[rows 120 to 139 of 181, columns 180 to 224 of 257]
0.000682656886056066 0.000783251947723329 0.000882351479958743 0.00114744785241783 0.00103599205613136 0.00134528626222163 0.00215953402221203 0.431736677885056 0.422942101955414 0.0527429729700089 0.257233381271362 0.218485400080681 0.383903056383133 0.465124160051346 0.385470330715179 0.32774817943573 0.443311303853989 0.354131042957306 0.527824819087982 0.496599137783051 0.95695161819458 0.992987334728241 0.992843985557556 0.993856132030487 0.972978115081787 0.998961865901947 0.214152991771698 0.00793490745127201 0.0065943063236773 0.00620311312377453 0.00373665755614638 0.00324732344597578 0.00230286666192114 0.00201298599131405 0.00154098856728524 0.00129234488122165 0.00322068040259182 0.00540884956717491 0.0100155798718333 0.00383650953881443 0.00778669025748968 0.0131036983802915 0.0134292477741838 0.00929532013833523 0.00486518675461411
0.000653261260595173 0.000749822822399437 0.000779920956119895 0.00323479948565364 0.00074992113513872 0.000891652016434819 0.0011487283045426 0.0286462586373091 0.664703667163849 0.21686477959156 0.31336921453476 0.373810529708862 0.270968943834305 0.254076898097992 0.394221305847168 0.316917479038239 0.388781100511551 0.395141422748566 0.480156898498535 0.598213732242584 0.838102102279663 0.50397253036499 0.502160251140594 0.640330076217651 0.856907546520233 0.999211132526398 0.999980926513672 0.101324044167995 0.0498215965926647 0.0137034179642797 0.0132456049323082 0.0111675700172782 0.0053035169839859 0.0017492159968242 0.0014760319609195 0.00209257192909718 0.00218516425229609 0.00413914863020182 0.00656832009553909 0.00265158759430051 0.00794330611824989 0.0155890919268131 0.0154108945280313 0.0129968645051122 0.00493159890174866
0.000766789016779512 0.000653361552394927 0.000651280686724931 0.00114295585080981 0.000881608168128878 0.000989356311038136 0.00116822251584381 0.00763508724048734 0.669484853744507 0.698257803916931 0.492539703845978 0.533503115177155 0.630372643470764 0.230917423963547 0.520033299922943 0.437740743160248 0.63577127456665 0.64313405752182 0.615509986877441 0.547038197517395 0.522659122943878 0.52760124206543 0.506107747554779 0.471133381128311 0.444448351860046 0.422144532203674 0.433640986680984 0.590305387973785 0.97259646654129 0.999239325523376 0.45419579744339 0.0610235184431076 0.0133350007236004 0.0105044320225716 0.00867354869842529 0.00911974441260099 0.00732594169676304 0.00920789688825607 0.00498321792110801 0.00191162584815174 0.000426756480010226 0.00105672888457775 0.00269634812138975 0.0104805147275329 0.0100733274593949
0.000730478961486369 0.000547383271623403 0.000524649454746395 0.000686224550008774 0.00102422398049384 0.0010858221212402 0.00108235632069409 0.0104537243023515 0.280283838510513 0.37049275636673 0.543990194797516 0.610707998275757 0.534687697887421 0.28681617975235 0.678019642829895 0.625466108322144 0.666422307491302 0.657968282699585 0.625371098518372 0.598132252693176 0.549012124538422 0.458549559116364 0.382584482431412 0.23848494887352 0.208909958600998 0.185950919985771 0.20475897192955 0.258969336748123 0.212724417448044 0.253401458263397 0.356787383556366 0.968251407146454 0.561896562576294 0.45200577378273 0.244674444198608 0.101613365113735 0.0163482967764139 0.0155465165153146 0.0109125096350908 0.010286258533597 0.00540382415056229 0.00345087563619018 0.000530881632585078 0.000450487248599529 0.0028545951936394
0.00045369315193966 0.000543259375263005 0.000593435659538954 0.0156562216579914 0.00464415270835161 0.00147648167330772 0.00126090238336474 0.00154625566210598 0.0383679047226906 0.620461702346802 0.741290509700775 0.477242082357407 0.442605078220367 0.441907316446304 0.281952768564224 0.686039626598358 0.667221546173096 0.625224709510803 0.617375314235687 0.581621527671814 0.482838749885559 0.490358948707581 0.272720336914062 0.286064386367798 0.269784182310104 0.233323976397514 0.215956553816795 0.891154408454895 0.245226070284843 0.889465034008026 0.634326934814453 0.871651113033295 0.885307788848877 0.421611964702606 0.0779291018843651 0.0210868213325739 0.0130910016596317 0.0123978490009904 0.0102048758417368 0.00850634556263685 0.00670972093939781 0.00778202991932631 0.00589040573686361 0.000620491919107735 0.000412960536777973
0.000423608027631417 0.00066349608823657 0.00118326628580689 0.406242966651917 0.10692024230957 0.00707905972376466 0.00239266757853329 0.00211610342375934 0.080042839050293 0.75907289981842 0.758274555206299 0.743059992790222 0.573959112167358 0.403609722852707 0.282659858465195 0.606432795524597 0.67131108045578 0.683676540851593 0.647224843502045 0.619817018508911 0.56630140542984 0.553870022296906 0.318327784538269 0.327358931303024 0.317165225744247 0.700690448284149 0.32224515080452 0.898271501064301 0.457256764173508 0.999999105930328 0.228931590914726 0.407522231340408 0.0244424734264612 0.0178913380950689 0.0111462846398354 0.00662618037313223 0.00223546801134944 0.00175412581302226 0.00627197092399001 0.00547085050493479 0.00507428171113133 0.00591394305229187 0.00241861469112337 0.00736724259331822 0.00237252726219594
0.00164966005831957 0.00168518361169845 0.00599471945315599 0.371897608041763 0.155581802129745 0.0101687256246805 0.00345438602380455 0.00310936896130443 0.459246605634689 0.722316801548004 0.709690809249878 0.729699850082397 0.158981055021286 0.327332943677902 0.555650174617767 0.611986219882965 0.608308494091034 0.679824352264404 0.664029836654663 0.554945826530457 0.377459466457367 0.361953228712082 0.356318444013596 0.470404267311096 0.998811364173889 0.999991357326508 0.257881104946136 0.113330133259296 0.00577502558007836 0.00466219708323479 0.00266724266111851 0.00433637853711843 0.00311029888689518 0.00527049507945776 0.00103232706896961 0.000379901728592813 0.000334332347847521 0.000168368118465878 0.000348649162333459 0.000162040800205432 0.000133330671815202 0.00181089760735631 0.000666252570226789 0.00309000140987337 0.00411840062588453
0.00877095572650433 0.00747923878952861 0.314854711294174 0.752015769481659 0.312641471624374 0.0461223237216473 0.010469913482666 0.0106953280046582 0.0131408479064703 0.696077108383179 0.698066830635071 0.400576651096344 0.0647271722555161 0.232776820659637 0.555705368518829 0.697069346904755 0.685278475284576 0.687572717666626 0.544163346290588 0.45364373922348 0.796197116374969 0.875320792198181 0.46613284945488 0.214140385389328 0.191172614693642 0.00849633757025003 0.00753699848428369 0.00242692441679537 0.00114900502376258 0.000759936345275491 0.000431240303441882 0.000253557256655768 0.000427482154918835 0.000871739059220999 0.000346044165780768 9.24784399103373e-05 5.85661764489487e-05 4.96392422064673e-05 9.14224074222147e-05 0.00016029404650908 0.00352272926829755 0.0035353391431272 0.00173544301651418 0.000889575108885765 0.00176212494261563
0.00534146605059505 0.00598163763061166 0.30962285399437 0.742216289043427 0.222783699631691 0.0199878346174955 0.0115839997306466 0.00363521929830313 0.00408839387819171 0.138817623257637 0.708342790603638 0.224986478686333 0.317709654569626 0.441701859235764 0.629305303096771 0.690557658672333 0.686509966850281 0.636097729206085 0.615555882453918 0.309412181377411 0.437842100858688 0.038633331656456 0.965490937232971 0.0389959439635277 0.00496400194242597 0.00269157602451742 0.00140277878381312 0.000873090408276767 0.000459313858300447 0.00011298171011731 7.91218408267014e-05 5.59597792744171e-05 6.06318899372127e-05 7.06297723809257e-05 5.81780186621472e-05 0.000115491879114415 3.00329429592239e-05 1.58189322974067e-05 1.76873854798032e-05 0.000162868556799367 0.00254814513027668 0.00502629531547427 0.00641490053385496 0.00624882197007537 0.00829957611858845
0.00452797999605536 0.00392289506271482 0.0113759748637676 0.168047711253166 0.0286743473261595 0.00687145907431841 0.070521242916584 0.00515728257596493 0.00234236032702029 0.0037193545140326 0.208794236183167 0.695987164974213 0.574538111686707 0.598054885864258 0.682734191417694 0.600011169910431 0.684398055076599 0.53540050983429 0.291599065065384 0.635513305664062 0.832760691642761 0.0506753101944923 0.0227616298943758 0.00397756509482861 0.00161256873980165 0.00127639097627252 0.000755452085286379 0.000353621697286144 0.000106870669696946 4.56672860309482e-05 1.99839050765149e-05 1.99484766199021e-05 2.01371367438696e-05 2.29397974180756e-05 1.27530865938752e-05 1.32704417410423e-05 2.06243312277365e-05 1.38219138534623e-05 2.36757296079304e-05 3.44143554684706e-05 5.26562071172521e-05 0.000150199513882399 0.0018523494945839 0.00365378824062645 0.00162854581139982
0.00687819579616189 0.00303933559916914 0.00379978772252798 0.00796818640083075 0.00769176939502358 0.00394526636227965 0.0254252180457115 0.00315435556694865 0.00213380577042699 0.00237613241188228 0.0263956990092993 0.610883831977844 0.213138982653618 0.471756249666214 0.578810513019562 0.552385747432709 0.306114971637726 0.298552811145782 0.450013011693954 0.642058730125427 0.0199288595467806 0.022979486733675 0.0031386052723974 0.00114428868982941 0.000693271227646619 0.000528807868249714 0.000287047325400636 9.29752859519795e-05 3.94970993511379e-05 3.07769769278821e-05 1.64937755471328e-05 1.27560688270023e-05 9.94799938780488e-06 7.47645344745251e-06 6.81044230077532e-06 9.23550214793067e-06 1.96052806131775e-05 3.83514307031874e-05 5.34528880962171e-05 7.48791499063373e-05 0.000109094100480434 0.00012843580043409 0.000150400999700651 0.000107185602246318 0.000225565760047175
0.000780393485911191 0.005362578202039 0.00367229012772441 0.00468395091593266 0.00346004357561469 0.00250266958028078 0.00125231500715017 0.000996080227196217 0.00257523870095611 0.00199282844550908 0.0026317429728806 0.210856661200523 0.369010329246521 0.349255412817001 0.398450881242752 0.330949932336807 0.278213948011398 0.265921980142593 0.278033971786499 0.609637260437012 0.365795165300369 0.0203552506864071 0.00371506600640714 0.0023633767850697 0.00120665319263935 0.000766513112466782 0.00027446387684904 0.000101049641671125 5.80743871978484e-05 2.90078587568132e-05 1.41548371175304e-05 1.60888812388293e-05 1.05738308775472e-05 4.50381821792689e-06 3.86746205549571e-06 5.94895209360402e-06 1.09785123640904e-05 1.77599140442908e-05 2.58663367276313e-05 3.59444347850513e-05 4.45419318566564e-05 5.54151301912498e-05 8.93266405910254e-05 3.51643102476373e-05 7.55314467824064e-05
0.00579373119398952 0.0124825276434422 0.00728636933490634 0.119090735912323 0.0428645573556423 0.00734778633341193 0.000611386261880398 0.000797354499809444 0.00349397677928209 0.00291507411748171 0.116654060781002 0.243180170655251 0.134315922856331 0.333191990852356 0.286318272352219 0.318432420492172 0.349773436784744 0.341550469398499 0.33526486158371 0.163962930440903 0.249003618955612 0.478673666715622 0.254670232534409 0.0106813935562968 0.00516206724569201 0.00208272226154804 0.000977210002020001 0.000581732718273997 0.00017174486129079 4.61501003883313e-05 1.86127381311962e-05 9.3707903943141e-06 5.34559467268991e-06 4.08651112593361e-06 4.56711950391764e-06 5.79889820073731e-06 6.65260313326144e-06 1.03782313090051e-05 1.5257242921507e-05 3.28670466842595e-05 5.47954768990166e-05 4.86062817799393e-05 5.47216222912539e-05 5.78294639126398e-05 8.29667042125948e-05
0.345028311014175 0.18299674987793 0.0717184022068977 0.0503739342093468 0.16175352036953 0.0171760432422161 0.00040014274418354 0.000476359738968313 0.008450279943645 0.4428631067276 0.629815578460693 0.205511152744293 0.234392121434212 0.263284653425217 0.233711287379265 0.158138677477837 0.216220811009407 0.216265127062798 0.278073757886887 0.180638253688812 0.30279803276062 0.24357508122921 0.222791269421577 0.20218463242054 0.0859882086515427 0.00835449248552322 0.00399067578837276 0.00213968311436474 0.000723059580195695 0.000194342093891464 4.41249503637664e-05 1.45671747304732e-05 9.15627151698573e-06 1.07208998088026e-05 1.00448487501126e-05 1.4865652701701e-05 1.64184657478472e-05 1.70400799106574e-05 2.46111576416297e-05 3.17882295348682e-05 5.86096648476087e-05 0.000329251808580011 0.000147608123370446 0.000227401382289827 0.000210874466574751
0.037213671952486 0.180190190672874 0.0662029609084129 0.00516449054703116 0.0371261164546013 0.0297394804656506 0.00192238891031593 0.00164912710897624 0.358510106801987 0.680129587650299 0.454566389322281 0.201729133725166 0.379861921072006 0.302658200263977 0.320249170064926 0.209762290120125 0.229531973600388 0.0743323192000389 0.143662631511688 0.12886555492878 0.263263374567032 0.320608377456665 0.308448404073715 0.228825494647026 0.107599027454853 0.0121549433097243 0.00590119510889053 0.00318216346204281 0.00112671160604805 0.000557429622858763 9.7125259344466e-05 1.31430570036173e-05 4.36309164797422e-05 2.70011587417684e-05 2.9126662411727e-05 5.32742451468948e-05 6.24895765213296e-05 9.68703170656227e-05 6.93344409228303e-05 0.000104963772173505 0.000132827743072994 0.000708070467226207 0.000886505411472172 0.000998763251118362 0.000886546506080776
0.000677831529174 0.00254046078771353 0.00435867067426443 0.00130938750226051 0.0382871143519878 0.0777900665998459 0.0354943089187145 0.000928145134821534 0.558935880661011 0.501262366771698 0.470776706933975 0.330590814352036 0.17760469019413 0.307228744029999 0.306086361408234 0.232089102268219 0.102891691029072 0.121196940541267 0.101712815463543 0.0546371527016163 0.0838090032339096 0.0994569137692451 0.117225602269173 0.0687155276536942 0.00985128525644541 0.00639602402225137 0.00485067209228873 0.00147967750672251 0.000507591583300382 0.000196219843928702 4.1972136386903e-05 2.035994475591e-05 6.32767550996505e-05 0.000114543232484721 6.56618358334526e-05 0.000203163537662476 0.000211274324101396 0.000139393770950846 0.000243169633904472 0.000309290684526786 0.000389732653275132 0.000333200732711703 0.000490417762193829 0.00289785303175449 0.00153757014777511
0.000172541273059323 0.000289258779957891 0.000427389721153304 0.000530088320374489 0.00329162017442286 0.00583512568846345 0.00471413135528564 0.00065312342485413 0.0518256425857544 0.269830286502838 0.33110511302948 0.246716633439064 0.121219463646412 0.284384846687317 0.332659661769867 0.304464668035507 0.114440135657787 0.0992030054330826 0.0603974014520645 0.0235929898917675 0.0505273304879665 0.0458716154098511 0.00909224338829517 0.0701024532318115 0.106598593294621 0.134042412042618 0.0166579224169254 0.00679316697642207 0.00304510095156729 0.000406637322157621 7.72787388996221e-05 0.000367030530469492 0.000304576678900048 0.000263191934209317 0.000139411436975934 0.000154943627421744 0.000410238309996203 0.000286904338281602 0.000369496148778126 0.00111977441702038 0.00280456361360848 0.000918817415367812 0.00173182995058596 0.00850167777389288 0.00484902318567038
8.6867090431042e-05 0.000121961507829838 0.000616121978964657 0.00995610281825066 0.000771217048168182 0.00200800388120115 0.00879891961812973 0.00122443959116936 0.160793200135231 0.404540777206421 0.0488634929060936 0.126523554325104 0.0405961461365223 0.227628573775291 0.367838174104691 0.161673292517662 0.129509940743446 0.0507182478904724 0.0202993042767048 0.000809552730061114 0.000704311125446111 0.000847830611746758 0.000842283479869366 0.00141428678762168 0.0095650115981698 0.115303613245487 0.150712952017784 0.104846157133579 0.0111728310585022 0.000357987184543163 0.000832847028505057 0.00288487575016916 0.00196313066408038 0.00100656726863235 0.00106214778497815 0.000459786300780252 0.0011503379791975 0.0010290885111317 0.000951319932937622 0.00170568306930363 0.00509502878412604 0.0152886677533388 0.011489687487483 0.0189535021781921 0.0199325159192085
6.45058898953721e-05 6.59910365357064e-05 0.000131910914205946 0.00125071685761213 0.00047856563469395 0.00042182655306533 0.00126613571774215 0.00134461652487516 0.184186384081841 0.322225123643875 0.0079282782971859 0.0094300638884306 0.0246216971427202 0.108800165355206 0.190129622817039 0.141758233308792 0.145413413643837 0.0999268069863319 0.0254965536296368 0.00080232264008373 0.000308421178488061 0.000236465872148983 0.000353268813341856 0.000326322857290506 0.000727980106603354 0.00656164763495326 0.131368264555931 0.13725857436657 0.00486158672720194 9.88607353065163e-05 0.0054571907967329 0.00880472082644701 0.00532509060576558 0.0032581330742687 0.00226227613165975 0.00231017032638192 0.00215019145980477 0.0038281511515379 0.00522702746093273 0.0046095889993012 0.0057083060964942 0.0184551011770964 0.00409101601690054 0.00445311656221747 0.00354703539051116
5.86784444749355e-05 6.18114208918996e-05 0.000241062007262371 0.0440867431461811 0.00192176492419094 0.00031408981885761 0.000674926675856113 0.0109084099531174 0.306374847888947 0.286183685064316 0.0059816213324666 0.00477001862600446 0.100878223776817 0.161494240164757 0.199092194437981 0.16666068136692 0.129911527037621 0.124814108014107 0.0278842467814684 0.000792955805081874 0.000353038107277825 0.000218880828469992 0.000181053881533444 0.000174889108166099 0.000130986998556182 0.00157921155914664 0.0160167384892702 0.0149856992065907 0.0128700137138367 0.000138022180180997 0.00293764472007751 0.0102035868912935 0.0104991048574448 0.00701933261007071 0.00302026327699423 0.0035341246984899 0.00642790971323848 0.00856770854443312 0.0134302442893386 0.014337289147079 0.00908336602151394 0.00162747118156403 0.000719092029612511 0.00148813764099032 0.000627508736215532
