data/climate_estimation/maxent_output/Trillium_albidum.asc
NCOLS 51 
NROWS 126 
XLLCORNER -124.166666666667 
YLLCORNER 36.9166666666667 
CELLSIZE 0.0833333333333333 
NODATA_value -3.4e+38 
[rows 20 to 39 of 126, columns 0 to 43 of 51]
-3.4e+38 -3.4e+38 0.0590830221772194 0.0783848240971565 0.0736347734928131 0.0887414962053299 0.0733233988285065 0.0871362388134003 0.0845513492822647 0.142242982983589 0.416486501693726 0.610517024993896 0.515249133110046 0.609103143215179 0.641540229320526 0.859002888202667 0.758044600486755 0.71845805644989 0.652203321456909 0.632031142711639 0.562916100025177 0.453859329223633 0.340240269899368 0.335939049720764 0.412119776010513 0.364722520112991 0.562496602535248 0.737862884998322 0.838066935539246 0.829588115215302 0.897406756877899 0.881637394428253 0.809937834739685 0.499425113201141 0.24620608985424 0.254721224308014 0.292959064245224 0.169642329216003 0.116315640509129 0.0936702117323875 0.0547405481338501 0.0421211943030357 0.0331757888197899 0.0217895489186049
-3.4e+38 -3.4e+38 0.0546395517885685 0.0552759952843189 0.0558722913265228 0.056081797927618 0.0638682171702385 0.104176670312881 0.108214534819126 0.162103071808815 0.399474173784256 0.713041484355927 0.815966486930847 0.844005167484283 0.866412281990051 0.860353171825409 0.836526572704315 0.717356383800507 0.730186879634857 0.691812217235565 0.623343706130981 0.585789561271667 0.545610249042511 0.569650590419769 0.541814208030701 0.651449263095856 0.650063693523407 0.54297536611557 0.440249770879745 0.570054173469543 0.86927330493927 0.90376478433609 0.854473888874054 0.603908002376556 0.371292412281036 0.0858554467558861 0.0534013919532299 0.0434168688952923 0.0392155237495899 0.0358154363930225 0.0465337857604027 0.0344784148037434 0.0348614379763603 0.0201057326048613
-3.4e+38 -3.4e+38 0.0530329085886478 0.0586089454591274 0.0612180121243 0.0734038427472115 0.10801700502634 0.125697463750839 0.0852314904332161 0.110782392323017 0.280657857656479 0.644144117832184 0.810599327087402 0.864474356174469 0.839347302913666 0.832990407943726 0.860469698905945 0.809284329414368 0.759075045585632 0.664901554584503 0.606203675270081 0.604004085063934 0.603320300579071 0.574462056159973 0.439534455537796 0.362087428569794 0.43437397480011 0.462922394275665 0.499081462621689 0.697023689746857 0.876834452152252 0.84145724773407 0.783459484577179 0.762893617153168 0.37417870759964 0.139261096715927 0.0703588277101517 0.0589300282299519 0.0526225119829178 0.0447288304567337 0.0315102003514767 0.0276249423623085 0.0182875208556652 0.0172140244394541
-3.4e+38 -3.4e+38 0.0448565818369389 0.0603666566312313 0.0858223810791969 0.100471340119839 0.133664295077324 0.121237345039845 0.136823982000351 0.170731022953987 0.477644354104996 0.721397042274475 0.835404634475708 0.830520868301392 0.821346759796143 0.848306894302368 0.840394496917725 0.787846565246582 0.737411797046661 0.701393902301788 0.624518156051636 0.543224513530731 0.502395808696747 0.473750025033951 0.518862307071686 0.474212408065796 0.410815536975861 0.44307079911232 0.5292649269104 0.438931524753571 0.686605215072632 0.697713851928711 0.778947114944458 0.801170349121094 0.471837162971497 0.176037013530731 0.0724794492125511 0.0685564652085304 0.0665407031774521 0.0373845063149929 0.0260936003178358 0.0172339621931314 0.0140984393656254 0.0121765835210681
-3.4e+38 -3.4e+38 0.0421467497944832 0.0622559562325478 0.0846875905990601 0.0587860755622387 0.10196627676487 0.124951668083668 0.0983356013894081 0.276005655527115 0.620693743228912 0.785551965236664 0.810920655727386 0.764151275157928 0.84442138671875 0.843767046928406 0.837498962879181 0.786807179450989 0.735392153263092 0.675484418869019 0.641554415225983 0.571338176727295 0.498511701822281 0.522530734539032 0.571011602878571 0.557023465633392 0.526605546474457 0.498963326215744 0.407806605100632 0.11686310172081 0.315235644578934 0.483291894197464 0.590798854827881 0.813533782958984 0.525159776210785 0.240539088845253 0.106373809278011 0.071541890501976 0.0385714136064053 0.0173747129738331 0.0155784981325269 0.0137871922925115 0.0104180602356791 0.00728244381025434
-3.4e+38 -3.4e+38 0.0541135892271996 0.057177547365427 0.0830705463886261 0.106257356703281 0.114322654902935 0.11510493606329 0.112320266664028 0.264061719179153 0.622534036636353 0.782888412475586 0.820236206054688 0.832766115665436 0.805349469184875 0.831164419651031 0.832719147205353 0.750814735889435 0.709659039974213 0.676834225654602 0.591645658016205 0.556882381439209 0.540605545043945 0.523957967758179 0.483076483011246 0.357108145952225 0.52617996931076 0.509474992752075 0.438793182373047 0.411996185779572 0.464505702257156 0.435996770858765 0.679479241371155 0.748812317848206 0.278029590845108 0.159552499651909 0.0879650339484215 0.0341638028621674 0.0166390538215637 0.0154314506798983 0.0118428040295839 0.00900069437921047 0.00751147605478764 0.00510048354044557
-3.4e+38 -3.4e+38 0.0677991881966591 0.0690767168998718 0.0646262541413307 0.0733513608574867 0.129241794347763 0.159447073936462 0.249703377485275 0.449309200048447 0.659783124923706 0.812040328979492 0.807830274105072 0.803025305271149 0.817848086357117 0.82605916261673 0.811987936496735 0.74975848197937 0.718435883522034 0.677225589752197 0.5695680975914 0.543117463588715 0.498633593320847 0.551605224609375 0.464408814907074 0.349273324012756 0.339142352342606 0.458471238613129 0.467022210359573 0.52178829908371 0.638684272766113 0.633041977882385 0.792222261428833 0.49247732758522 0.176135450601578 0.0622095316648483 0.0296167079359293 0.0171947441995144 0.0145495859906077 0.0107269724830985 0.00815547537058592 0.00667056767269969 0.00614355411380529 0.00467114290222526
-3.4e+38 -3.4e+38 0.0658933594822884 0.0754982233047485 0.0793938860297203 0.124106742441654 0.207396999001503 0.357378959655762 0.506105661392212 0.658885538578033 0.752339124679565 0.793270349502563 0.799647033214569 0.826631009578705 0.821428418159485 0.839474380016327 0.799876749515533 0.747607052326202 0.714642465114594 0.672100245952606 0.580415368080139 0.46159765124321 0.3104567527771 0.322936207056046 0.466321974992752 0.429871022701263 0.329716801643372 0.382863461971283 0.515393435955048 0.550306797027588 0.634189546108246 0.783456265926361 0.738504767417908 0.395651251077652 0.13796778023243 0.0559779591858387 0.0240340866148472 0.0149038070812821 0.0126826129853725 0.0101845972239971 0.00799121521413326 0.00677578710019588 0.00471578352153301 0.00409064255654812
-3.4e+38 0.0649087950587273 0.071790024638176 0.0821781381964684 0.0960991308093071 0.118742160499096 0.228620156645775 0.370966225862503 0.558679282665253 0.651150286197662 0.72082108259201 0.788747549057007 0.778672754764557 0.838625371456146 0.823884546756744 0.839966893196106 0.797073125839233 0.74726539850235 0.64835661649704 0.516117036342621 0.49918794631958 0.357415318489075 0.279349684715271 0.30507093667984 0.355537414550781 0.611496567726135 0.498905688524246 0.528087437152863 0.459525853395462 0.523761570453644 0.573760449886322 0.77720707654953 0.653363764286041 0.433110803365707 0.200946733355522 0.096249058842659 0.0270903054624796 0.025291757658124 0.0178258772939444 0.0144838886335492 0.0134072629734874 0.00849158968776464 0.00653216242790222 0.0062445942312479
-3.4e+38 0.0897260755300522 0.0763651803135872 0.0843973979353905 0.0591252855956554 0.074257917702198 0.085709311068058 0.151997849345207 0.267691880464554 0.521272838115692 0.718477308750153 0.772359013557434 0.769595921039581 0.837726891040802 0.865975081920624 0.836125254631042 0.785562336444855 0.64210319519043 0.515194118022919 0.413212925195694 0.419373154640198 0.396671503782272 0.316331505775452 0.310559749603271 0.388594061136246 0.488943099975586 0.348291724920273 0.54519134759903 0.441630095243454 0.478005260229111 0.734395802021027 0.749634087085724 0.484308362007141 0.237340241670609 0.146728798747063 0.123082101345062 0.0360011458396912 0.0134389074519277 0.0173811335116625 0.0140490373596549 0.0127633726224303 0.00959443766623735 0.00991464871913195 0.00469375308603048
-3.4e+38 0.0919824540615082 0.0998135507106781 0.0923947766423225 0.0933217406272888 0.120577417314053 0.0957407355308533 0.210477367043495 0.409380078315735 0.592907011508942 0.707487225532532 0.793806672096252 0.809203028678894 0.8332599401474 0.867070913314819 0.840659379959106 0.74370813369751 0.620230615139008 0.419264793395996 0.336928337812424 0.302391737699509 0.323747605085373 0.355879217386246 0.318734735250473 0.268299877643585 0.346065402030945 0.360465884208679 0.463877320289612 0.382260501384735 0.396512746810913 0.636997818946838 0.630347490310669 0.342122346162796 0.132457658648491 0.0589668489992619 0.023237582296133 0.0100840805098414 0.00523837422952056 0.011144008487463 0.00774545222520828 0.00626036897301674 0.00720427837222815 0.00974745862185955 0.00430653616786003
-3.4e+38 0.09501663595438 0.132328629493713 0.13257822394371 0.163494721055031 0.17076376080513 0.212934955954552 0.241454347968102 0.47939920425415 0.670587837696075 0.745667338371277 0.816122055053711 0.825031638145447 0.855315923690796 0.843594789505005 0.841090381145477 0.761187374591827 0.668138325214386 0.595489323139191 0.568266272544861 0.574600338935852 0.528276443481445 0.36320099234581 0.310034483671188 0.342688947916031 0.439876765012741 0.454478442668915 0.382210731506348 0.264313340187073 0.38833275437355 0.577253878116608 0.59208869934082 0.268898814916611 0.0929916799068451 0.0290949959307909 0.0114512480795383 0.00708607537671924 0.00521487463265657 0.00452213315293193 0.00569528434425592 0.00628389464691281 0.00744528509676456 0.00665869889780879 0.00351480394601822
-339999999999999996123846586046231871488.000000000000000 0.113082975149155 0.144978642463684 0.196015536785126 0.23956036567688 0.328496068716049 0.331569343805313 0.449500411748886 0.651485621929169 0.648259699344635 0.748664975166321 0.837441504001617 0.863546133041382 0.872902452945709 0.858684003353119 0.840645134449005 0.745159685611725 0.693746268749237 0.592375338077545 0.554375350475311 0.510185837745667 0.425360888242722 0.386679261922836 0.479287832975388 0.519123136997223 0.450852304697037 0.409342288970947 0.360633283853531 0.195516705513 0.387928664684296 0.58395916223526 0.487208336591721 0.173271238803864 0.0555258803069592 0.0184668693691492 0.0101139359176159 0.00656533986330032 0.00498578418046236 0.00446219928562641 0.00656649889424443 0.00785284582525492 0.00613236147910357 0.00776606891304255 0.00475217588245869
-3.4e+38 0.140296623110771 0.184123933315277 0.232459872961044 0.301408618688583 0.379803687334061 0.513988494873047 0.603693902492523 0.676614999771118 0.636566877365112 0.78623902797699 0.864859819412231 0.877415895462036 0.882966220378876 0.869493424892426 0.82474946975708 0.778919517993927 0.714279234409332 0.453609704971313 0.363501369953156 0.308198779821396 0.390525460243225 0.368075609207153 0.313382178544998 0.413105905056 0.332913875579834 0.450162291526794 0.354806393384933 0.212969377636909 0.436283200979233 0.5770263671875 0.448397308588028 0.116308100521564 0.0421749614179134 0.0140995802357793 0.00930262170732021 0.004839604254812 0.00498567242175341 0.00551214721053839 0.00573121989145875 0.00965456943958998 0.0060156499966979 0.0059952256269753 0.00852117314934731
-3.4e+38 0.159074902534485 0.179121345281601 0.194018140435219 0.300896346569061 0.419372469186783 0.4842249751091 0.434194564819336 0.713624477386475 0.807954668998718 0.850189387798309 0.863249540328979 0.888751447200775 0.88104373216629 0.884846746921539 0.832706987857819 0.780794322490692 0.696939289569855 0.497285395860672 0.437832027673721 0.444487303495407 0.428738474845886 0.402516722679138 0.383745640516281 0.349466621875763 0.343491613864899 0.379773139953613 0.32258078455925 0.312536895275116 0.586930394172668 0.502199351787567 0.348540931940079 0.0772022977471352 0.0275287237018347 0.011470097117126 0.00615785038098693 0.00405199592933059 0.00409145234152675 0.00448163598775864 0.00638288538902998 0.012225117534399 0.00875529181212187 0.00810727197676897 0.00994885992258787
-3.4e+38 0.171687886118889 0.19278410077095 0.163199856877327 0.237783819437027 0.275504589080811 0.381223291158676 0.415554165840149 0.670281052589417 0.813641965389252 0.853053092956543 0.851394951343536 0.85424143075943 0.873843014240265 0.862222135066986 0.833870708942413 0.803045332431793 0.722055375576019 0.602441847324371 0.60819011926651 0.608988583087921 0.456127882003784 0.376661151647568 0.313373804092407 0.341789305210114 0.332377254962921 0.377946496009827 0.268004834651947 0.367625772953033 0.528035938739777 0.416678309440613 0.27291539311409 0.0622835531830788 0.018520200625062 0.00870361737906933 0.00541535345837474 0.00443912856280804 0.00330988015048206 0.0049455938860774 0.00552044482901692 0.00484806578606367 0.00630048476159573 0.00759152509272099 0.00795983429998159
0.196149036288261 0.171117931604385 0.216676533222198 0.276743441820145 0.353003799915314 0.443142920732498 0.589991748332977 0.685880184173584 0.654344379901886 0.83070582151413 0.863673508167267 0.857552766799927 0.866563618183136 0.849083304405212 0.868262231349945 0.820501565933228 0.800565123558044 0.748558104038239 0.672525942325592 0.627707481384277 0.564281940460205 0.505231738090515 0.375814408063889 0.390697002410889 0.287793159484863 0.411229968070984 0.400392234325409 0.322898119688034 0.39106148481369 0.500551104545593 0.328903079032898 0.0874506607651711 0.0300264544785023 0.0147633664309978 0.00766386790201068 0.00372467515990138 0.00330633926205337 0.00219627097249031 0.00215384690091014 0.0021886529866606 0.00272756651975214 0.00353660737164319 0.00388769526034594 0.00423809140920639
0.18377149105072 0.169020280241966 0.241562619805336 0.308062076568604 0.424286633729935 0.499735295772552 0.531602144241333 0.451100677251816 0.699562072753906 0.832292079925537 0.870420694351196 0.850209832191467 0.869389653205872 0.855929255485535 0.769544064998627 0.693621516227722 0.752661526203156 0.658013701438904 0.538480222225189 0.488265663385391 0.367301881313324 0.416934609413147 0.339000165462494 0.428421825170517 0.370066225528717 0.504436910152435 0.423903495073318 0.307305425405502 0.35298627614975 0.486747264862061 0.197311952710152 0.0516691766679287 0.0273745395243168 0.0125264832749963 0.00695858290418983 0.00330532272346318 0.00232295179739594 0.00229778164066374 0.00217829970642924 0.00229447009041905 0.00204506353475153 0.00258019031025469 0.00249220035038888 0.00348607450723648
0.175568476319313 0.182791158556938 0.202352985739708 0.338135808706284 0.414633482694626 0.52023184299469 0.502171874046326 0.673132181167603 0.7506383061409 0.835869371891022 0.874095678329468 0.854181289672852 0.867409586906433 0.855609476566315 0.580818295478821 0.788892328739166 0.797342717647552 0.619580805301666 0.475721389055252 0.496572017669678 0.53951096534729 0.437497645616531 0.549512445926666 0.55794084072113 0.479646682739258 0.591669082641602 0.445246875286102 0.34641832113266 0.277070432901382 0.421378076076508 0.370723128318787 0.0918683931231499 0.0254025012254715 0.0127265844494104 0.00674825860187411 0.0039830575697124 0.00247000809758902 0.00233847671188414 0.00297541194595397 0.0018850255291909 0.00239543686620891 0.00302762864157557 0.00245926715433598 0.00252096843905747
0.19906784594059 0.215296894311905 0.307774811983109 0.377739101648331 0.470413058996201 0.560623824596405 0.654176950454712 0.716581344604492 0.811699151992798 0.842614352703094 0.866852104663849 0.858361184597015 0.872593522071838 0.854636073112488 0.811735987663269 0.830381155014038 0.725522577762604 0.678420662879944 0.67467325925827 0.659851908683777 0.657032430171967 0.636113107204437 0.564667344093323 0.605322182178497 0.480900198221207 0.533291637897491 0.504239499568939 0.329802334308624 0.182748556137085 0.316901803016663 0.369471997022629 0.293844729661942 0.0439515002071857 0.0179307460784912 0.00838188827037811 0.00506666582077742 0.00315420189872384 0.00264527718536556 0.00208516349084675 0.00210897787474096 0.00196574907749891 0.00177839072421193 0.00222168699838221 0.00179958355147392
