data/climate_estimation/maxent_output/Trillium_apetalon.asc
NCOLS 186 
NROWS 145 
XLLCORNER 132.833333333333 
YLLCORNER 33.5 
CELLSIZE 0.0833333333333333 
NODATA_value -3.4e+38 
[rows 104 to 129 of 145, columns 59 to 117 of 186]
0.775168120861053 0.737315118312836 0.75333309173584 0.731083333492279 0.739403903484344 0.742342472076416 0.766353666782379 0.608922600746155 0.761293709278107 0.745680153369904 0.758729457855225 0.734649181365967 0.766120731830597 0.767169833183289 0.744270503520966 0.760475099086761 0.744253754615784 0.726353108882904 0.724828958511353 0.701536417007446 0.721817135810852 0.715592801570892 0.711352050304413 0.709539175033569 0.689414143562317 0.723558962345123 0.658248126506805 0.580873072147369 0.464820712804794 0.355184525251389 0.284084528684616 0.16398423910141 0.172704860568047 0.265321254730225 0.17717319726944 0.0800481513142586 0.0691617801785469 0.0727222338318825 -3.4e+38 -3.4e+38 -3.4e+38 -3.4e+38 -3.4e+38 -3.4e+38 -3.4e+38 -3.4e+38 -3.4e+38 -3.4e+38 -3.4e+38 -3.4e+38 -3.4e+38 -3.4e+38 -3.4e+38 -3.4e+38 -3.4e+38 -3.4e+38 -3.4e+38 -3.4e+38 -3.4e+38
0.70671546459198 0.757865607738495 0.752943754196167 0.729522943496704 0.740869760513306 0.733397841453552 0.729195594787598 0.707860291004181 0.748436391353607 0.72684371471405 0.735621452331543 0.726544260978699 0.743140697479248 0.746208190917969 0.76894736289978 0.755951881408691 0.728846251964569 0.742483198642731 0.725720167160034 0.689719915390015 0.701392233371735 0.691226959228516 0.653875768184662 0.692268073558807 0.663100242614746 0.614350020885468 0.563279330730438 0.440176099538803 0.319350242614746 0.246278122067451 0.172458171844482 0.146847188472748 0.138785764575005 0.182114437222481 0.112852223217487 0.071603037416935 0.0727501884102821 -3.4e+38 -3.4e+38 -3.4e+38 -3.4e+38 -3.4e+38 -3.4e+38 -3.4e+38 -3.4e+38 -3.4e+38 -3.4e+38 -3.4e+38 -3.4e+38 -3.4e+38 -3.4e+38 -3.4e+38 -3.4e+38 -3.4e+38 -3.4e+38 -3.4e+38 -3.4e+38 -3.4e+38 -3.4e+38
0.731292903423309 0.7552490234375 0.747570693492889 0.747296214103699 0.743814289569855 0.70076447725296 0.555979907512665 0.723151445388794 0.736752390861511 0.707066476345062 0.724274635314941 0.727878630161285 0.745996475219727 0.763228118419647 0.763012170791626 0.761203527450562 0.756246984004974 0.744320690631866 0.726684153079987 0.708994090557098 0.673979818820953 0.645918786525726 0.570050954818726 0.600991666316986 0.573228597640991 0.5101597905159 0.402858138084412 0.333109647035599 0.233414486050606 0.189168989658356 0.165477231144905 0.118845030665398 0.106073275208473 0.115688152611256 0.0920814797282219 0.0607492849230766 -3.4e+38 -3.4e+38 -3.4e+38 -3.4e+38 -3.4e+38 -3.4e+38 -3.4e+38 -3.4e+38 -3.4e+38 -3.4e+38 -3.4e+38 -3.4e+38 -3.4e+38 -3.4e+38 -3.4e+38 -3.4e+38 -3.4e+38 -3.4e+38 -3.4e+38 -3.4e+38 -3.4e+38 -3.4e+38 -3.4e+38
0.729733467102051 0.744510471820831 0.716839849948883 0.710767686367035 0.641890108585358 0.383162260055542 0.652941524982452 0.741008818149567 0.718733489513397 0.715877890586853 0.738807439804077 0.741256773471832 0.757358074188232 0.757878541946411 0.756292998790741 0.749395191669464 0.749534428119659 0.740437507629395 0.723291635513306 0.711487412452698 0.671734809875488 0.594309270381927 0.515751302242279 0.472657889127731 0.373975872993469 0.330024570226669 0.273846477270126 0.223794251680374 0.204940751194954 0.159215062856674 0.131190985441208 0.127181738615036 0.10638153553009 0.0968907028436661 0.0794758945703506 0.0634432658553123 -3.4e+38 -3.4e+38 -3.4e+38 -3.4e+38 -3.4e+38 -3.4e+38 -3.4e+38 -3.4e+38 -3.4e+38 -3.4e+38 -3.4e+38 -3.4e+38 -3.4e+38 -3.4e+38 -3.4e+38 -3.4e+38 -3.4e+38 -3.4e+38 -3.4e+38 -3.4e+38 -3.4e+38 -3.4e+38 -3.4e+38
0.743149757385254 0.734024524688721 0.678066670894623 0.690315842628479 0.359483599662781 0.657193541526794 0.729690849781036 0.718805015087128 0.720052897930145 0.726604998111725 0.734603822231293 0.732697725296021 0.72697788476944 0.741198241710663 0.740034937858582 0.732925891876221 0.737951517105103 0.728921175003052 0.727522969245911 0.7070072889328 0.619761884212494 0.439261198043823 0.32829275727272 0.296485900878906 0.230954274535179 0.201331079006195 0.197631046175957 0.197713494300842 0.175956442952156 0.15441258251667 0.152452409267426 0.135697036981583 0.110161513090134 0.0918886885046959 0.0747166946530342 -3.4e+38 -3.4e+38 -3.4e+38 -3.4e+38 -3.4e+38 -3.4e+38 -3.4e+38 -3.4e+38 -3.4e+38 -3.4e+38 -3.4e+38 -3.4e+38 -3.4e+38 -3.4e+38 -3.4e+38 -3.4e+38 -3.4e+38 -3.4e+38 -3.4e+38 -3.4e+38 -3.4e+38 -3.4e+38 -3.4e+38 -3.4e+38
0.740764737129211 0.690766751766205 0.640548646450043 0.687831044197083 0.651397049427032 0.639216244220734 0.615240037441254 0.710959792137146 0.709490478038788 0.672576606273651 0.657298028469086 0.710590600967407 0.703970551490784 0.732234120368958 0.710562586784363 0.378094047307968 0.587607860565186 0.584339320659637 0.468001127243042 0.479380756616592 0.339323699474335 0.25664097070694 0.229671835899353 0.17222972214222 0.153407976031303 0.137821182608604 0.139912590384483 0.155775412917137 0.155158162117004 0.133194163441658 0.150124132633209 0.138087317347527 0.13500303030014 0.121919728815556 0.103028997778893 -3.4e+38 -3.4e+38 -3.4e+38 -3.4e+38 -3.4e+38 -3.4e+38 -3.4e+38 -3.4e+38 -3.4e+38 -3.4e+38 -3.4e+38 -3.4e+38 -3.4e+38 -3.4e+38 -3.4e+38 -3.4e+38 -3.4e+38 -3.4e+38 -3.4e+38 -3.4e+38 -3.4e+38 -3.4e+38 -3.4e+38 -3.4e+38
0.734432935714722 0.580268383026123 0.559774219989777 0.642556428909302 0.510331571102142 0.291083067655563 0.359446078538895 0.534039855003357 0.651435732841492 0.634204626083374 0.545008361339569 0.601943671703339 0.566781222820282 0.522199749946594 0.245461791753769 0.0908936858177185 0.067280039191246 0.0801724493503571 0.102499611675739 0.119809828698635 0.121216103434563 0.11632014811039 0.12883149087429 0.127715960144997 0.121010132133961 0.123565681278706 0.126945808529854 0.136558651924133 0.152377262711525 0.154878243803978 0.175203993916512 0.191131770610809 0.188030540943146 0.175219297409058 0.175235539674759 -3.4e+38 -3.4e+38 -3.4e+38 -3.4e+38 -3.4e+38 -3.4e+38 -3.4e+38 -3.4e+38 -3.4e+38 -3.4e+38 -3.4e+38 -3.4e+38 -3.4e+38 -3.4e+38 -3.4e+38 -3.4e+38 -3.4e+38 -3.4e+38 -3.4e+38 -3.4e+38 -3.4e+38 -3.4e+38 -3.4e+38 -3.4e+38
0.727874934673309 0.489140152931213 0.425119459629059 0.644999146461487 0.581925809383392 0.338939875364304 0.258773326873779 0.258670657873154 0.258548349142075 0.249960020184517 0.322842448949814 0.405861109495163 0.425536602735519 0.238890409469604 0.1110769957304 0.0495108738541603 0.0428616069257259 0.0516111999750137 0.0562908835709095 0.06040283665061 0.0636080950498581 0.0766420289874077 0.0880377292633057 0.091995544731617 0.0986543968319893 0.101685717701912 0.117580585181713 0.133554741740227 0.148882985115051 0.172644555568695 0.195820853114128 0.220221370458603 0.252377659082413 0.23886950314045 0.208986595273018 -3.4e+38 -3.4e+38 -3.4e+38 -3.4e+38 -3.4e+38 -3.4e+38 -3.4e+38 -3.4e+38 -3.4e+38 -3.4e+38 -3.4e+38 -3.4e+38 -3.4e+38 -3.4e+38 -3.4e+38 -3.4e+38 -3.4e+38 -3.4e+38 -3.4e+38 -3.4e+38 -3.4e+38 -3.4e+38 -3.4e+38 -3.4e+38
0.73088014125824 0.396459221839905 0.153091058135033 0.613539040088654 0.71204000711441 0.452818602323532 0.328842550516129 0.223256319761276 0.193553283810616 0.221670761704445 0.256249785423279 0.253983616828918 0.299609929323196 0.263842463493347 0.175519183278084 0.0823651328682899 0.0455271825194359 0.0404356978833675 0.0462999008595943 0.0495439805090427 0.0549750477075577 0.0678939968347549 0.0785450711846352 0.0836305618286133 0.0998361557722092 0.105261512100697 0.121000453829765 0.125226363539696 0.169141560792923 0.182733312249184 0.211208611726761 0.265534460544586 0.297629803419113 0.281003266572952 -3.4e+38 -3.4e+38 -3.4e+38 -3.4e+38 -3.4e+38 -3.4e+38 -3.4e+38 -3.4e+38 -3.4e+38 -3.4e+38 -3.4e+38 -3.4e+38 -3.4e+38 -3.4e+38 -3.4e+38 -3.4e+38 -3.4e+38 -3.4e+38 -3.4e+38 -3.4e+38 -3.4e+38 -3.4e+38 -3.4e+38 -3.4e+38 -3.4e+38
0.725062429904938 0.603042185306549 0.278698116540909 0.627344012260437 0.639013230800629 0.649953782558441 0.699335515499115 0.571123600006104 0.198382377624512 0.29197108745575 0.366044789552689 0.24370838701725 0.328561961650848 0.314668327569962 0.27133172750473 0.174273997545242 0.0956606939435005 0.0491121597588062 0.0475704073905945 0.0525914691388607 0.0568022541701794 0.0723472610116005 0.0811460092663765 0.0979858264327049 0.10337745398283 0.119595684111118 0.123566895723343 0.152899280190468 0.17150504887104 0.193390026688576 0.269853979349136 0.312411308288574 0.325851321220398 0.307103395462036 0.281697869300842 -3.4e+38 -3.4e+38 -3.4e+38 -3.4e+38 -3.4e+38 -3.4e+38 -3.4e+38 -3.4e+38 -3.4e+38 -3.4e+38 -3.4e+38 -3.4e+38 -3.4e+38 -3.4e+38 -3.4e+38 -3.4e+38 -3.4e+38 -3.4e+38 -3.4e+38 -3.4e+38 -3.4e+38 -3.4e+38 -3.4e+38 -3.4e+38
0.721834361553192 0.679127871990204 0.585233509540558 0.458001762628555 0.412414610385895 0.40921539068222 0.663072109222412 0.687358438968658 0.32659125328064 0.32680955529213 0.584846079349518 0.366320341825485 0.368242233991623 0.322452992200851 0.166951015591621 0.116520561277866 0.151677504181862 0.128958731889725 0.0647610053420067 0.0671521872282028 0.0719758719205856 0.0811818614602089 0.095263697206974 0.113681271672249 0.112531751394272 0.123189136385918 0.14498282968998 0.157012671232224 0.165557742118835 0.228381603956223 0.313277333974838 0.310591071844101 0.32745024561882 0.308060377836227 0.274049282073975 -3.4e+38 -3.4e+38 -3.4e+38 -3.4e+38 -3.4e+38 -3.4e+38 -3.4e+38 -3.4e+38 -3.4e+38 -3.4e+38 -3.4e+38 -3.4e+38 -3.4e+38 -3.4e+38 -3.4e+38 -3.4e+38 -3.4e+38 -3.4e+38 -3.4e+38 -3.4e+38 -3.4e+38 -3.4e+38 -3.4e+38 -3.4e+38
0.724628150463104 0.720855832099915 0.586036026477814 0.551456868648529 0.580669939517975 0.369576752185822 0.604167222976685 0.677939116954803 0.571210026741028 0.538562119007111 0.613380610942841 0.65741103887558 0.542982518672943 0.370512008666992 0.256123483181 0.203369542956352 0.296418458223343 0.229945242404938 0.0991654247045517 0.0869724452495575 0.0947678312659264 0.109240278601646 0.129116147756577 0.132076993584633 0.148654103279114 0.162805572152138 0.162614271044731 0.165353789925575 0.199455693364143 0.270627617835999 0.305565267801285 0.309554100036621 0.300063908100128 0.28581914305687 0.244608625769615 0.212210491299629 -3.4e+38 -3.4e+38 -3.4e+38 -3.4e+38 -3.4e+38 -3.4e+38 -3.4e+38 -3.4e+38 -3.4e+38 -3.4e+38 -3.4e+38 -3.4e+38 -3.4e+38 -3.4e+38 -3.4e+38 -3.4e+38 -3.4e+38 -3.4e+38 -3.4e+38 -3.4e+38 -3.4e+38 -3.4e+38 -3.4e+38
0.727798402309418 0.722927033901215 0.588335931301117 0.585654616355896 0.626358926296234 0.638632893562317 0.370121240615845 0.368805676698685 0.367414712905884 0.540464997291565 0.682833790779114 0.685693085193634 0.642154276371002 0.643311321735382 0.604148089885712 0.579196929931641 0.456440091133118 0.227347880601883 0.151896834373474 0.155983820557594 0.155179798603058 0.147339209914207 0.167046695947647 0.168930917978287 0.188328430056572 0.196568176150322 0.208788052201271 0.208861291408539 0.239518865942955 0.26806852221489 0.287415772676468 0.294465750455856 0.286921083927155 0.260596930980682 0.214992791414261 0.182282775640488 0.15529976785183 -3.4e+38 -3.4e+38 -3.4e+38 -3.4e+38 -3.4e+38 -3.4e+38 -3.4e+38 -3.4e+38 -3.4e+38 -3.4e+38 -3.4e+38 -3.4e+38 -3.4e+38 -3.4e+38 -3.4e+38 -3.4e+38 -3.4e+38 -3.4e+38 -3.4e+38 -3.4e+38 -3.4e+38 -3.4e+38
0.672011971473694 0.721536338329315 0.620971500873566 0.601491808891296 0.641136944293976 0.700892508029938 0.580975472927094 0.329566121101379 0.329918444156647 0.495187550783157 0.601354122161865 0.543239235877991 0.586017489433289 0.589904010295868 0.547266960144043 0.547775626182556 0.451422542333603 0.293216109275818 0.217074528336525 0.223956063389778 0.231260657310486 0.207978442311287 0.192669406533241 0.189645394682884 0.189306199550629 0.188300132751465 0.205432415008545 0.221233427524567 0.23881134390831 0.262492477893829 0.285317599773407 0.273104459047318 0.247581884264946 0.221131652593613 0.189595550298691 0.163692578673363 0.136650174856186 0.117790691554546 -3.4e+38 -3.4e+38 -3.4e+38 -3.4e+38 -3.4e+38 -3.4e+38 -3.4e+38 -3.4e+38 -3.4e+38 -3.4e+38 -3.4e+38 -3.4e+38 -3.4e+38 -3.4e+38 -3.4e+38 -3.4e+38 -3.4e+38 -3.4e+38 -3.4e+38 -3.4e+38 -3.4e+38
0.690068483352661 0.724624156951904 0.651673138141632 0.65900593996048 0.7112677693367 0.631664156913757 0.690171480178833 0.592796385288239 0.305792391300201 0.356894642114639 0.451950639486313 0.303842842578888 0.574755430221558 0.636620759963989 0.577263414859772 0.577226102352142 0.474806278944016 0.338370382785797 0.272435009479523 0.264022409915924 0.248502746224403 0.220559805631638 0.202417179942131 0.186200693249702 0.170803263783455 0.173290610313416 0.194644182920456 0.212092101573944 0.23377600312233 0.251305490732193 0.25902932882309 0.243071347475052 0.214454755187035 0.189706146717072 0.166000321507454 0.144621431827545 0.126303464174271 0.108268767595291 -3.4e+38 -3.4e+38 -3.4e+38 -3.4e+38 -3.4e+38 -3.4e+38 -3.4e+38 -3.4e+38 -3.4e+38 -3.4e+38 -3.4e+38 -3.4e+38 -3.4e+38 -3.4e+38 -3.4e+38 -3.4e+38 -3.4e+38 -3.4e+38 -3.4e+38 -3.4e+38 -3.4e+38
0.715911448001862 0.722761809825897 0.696950435638428 0.674603641033173 0.710821628570557 0.621195733547211 0.705156445503235 0.636580765247345 0.37662947177887 0.276100784540176 0.292682111263275 0.523422181606293 0.555989444255829 0.560372829437256 0.476859927177429 0.480012834072113 0.383654713630676 0.400853335857391 0.327180296182632 0.276476562023163 0.246705189347267 0.212097331881523 0.198786422610283 0.188721984624863 0.165053486824036 0.182283356785774 0.18352173268795 0.198522016406059 0.219431698322296 0.244198903441429 0.229916676878929 0.21024876832962 0.183555841445923 0.171971142292023 0.159991949796677 -3.4e+38 -3.4e+38 -3.4e+38 -3.4e+38 -3.4e+38 -3.4e+38 -3.4e+38 -3.4e+38 -3.4e+38 -3.4e+38 -3.4e+38 -3.4e+38 -3.4e+38 -3.4e+38 -3.4e+38 -3.4e+38 -3.4e+38 -3.4e+38 -3.4e+38 -3.4e+38 -3.4e+38 -3.4e+38 -3.4e+38 -3.4e+38
0.732724547386169 0.717990100383759 0.708812296390533 0.713278830051422 0.693373620510101 0.641631186008453 0.703724205493927 0.652219295501709 0.416130781173706 0.543945968151093 0.533401608467102 0.568129777908325 0.551348149776459 0.501179397106171 0.525925099849701 0.532935082912445 0.473533898591995 0.394248902797699 0.332816630601883 0.260958045721054 0.245457366108894 0.224699735641479 0.195766985416412 0.174795776605606 0.173322796821594 -3.4e+38 -3.4e+38 0.193489164113998 0.215294227004051 0.217931941151619 0.195636868476868 0.179042160511017 0.169208198785782 -3.4e+38 -3.4e+38 -3.4e+38 -3.4e+38 -3.4e+38 -3.4e+38 -3.4e+38 -3.4e+38 -3.4e+38 -3.4e+38 -3.4e+38 -3.4e+38 -3.4e+38 -3.4e+38 -3.4e+38 -3.4e+38 -3.4e+38 -3.4e+38 -3.4e+38 -3.4e+38 -3.4e+38 -3.4e+38 -3.4e+38 -3.4e+38 -3.4e+38 -3.4e+38
0.715239346027374 0.709644198417664 0.720996201038361 0.713789224624634 0.648133277893066 0.691477119922638 0.682989001274109 0.56316614151001 0.40409192442894 0.546316862106323 0.54020631313324 0.547363936901093 0.519860863685608 0.529472887516022 0.521384119987488 0.493845075368881 0.514594674110413 0.476120799779892 0.330591201782227 0.225060522556305 0.231819301843643 0.22524331510067 0.196096897125244 0.179132029414177 0.165562361478806 0.171015873551369 0.178409025073051 0.20431837439537 0.207227289676666 0.186891868710518 0.171502113342285 0.157692074775696 0.154543578624725 -3.4e+38 -3.4e+38 -3.4e+38 -3.4e+38 -3.4e+38 -3.4e+38 -3.4e+38 -3.4e+38 -3.4e+38 -3.4e+38 -3.4e+38 -3.4e+38 -3.4e+38 -3.4e+38 -3.4e+38 -3.4e+38 -3.4e+38 -3.4e+38 -3.4e+38 -3.4e+38 -3.4e+38 -3.4e+38 -3.4e+38 -3.4e+38 -3.4e+38 -3.4e+38
0.665856242179871 0.664690136909485 0.671416401863098 0.678326785564423 0.677924871444702 0.662267029285431 0.625821173191071 0.578867971897125 0.506665408611298 0.538309216499329 0.515888690948486 0.588633716106415 0.56003212928772 0.478758037090302 0.434703767299652 0.384688884019852 0.342436164617538 0.305535644292831 0.228752881288528 0.202398985624313 0.208030387759209 0.192478090524673 0.173886954784393 0.163995608687401 -3.4e+38 0.166618600487709 0.178991258144379 0.186295241117477 0.180621862411499 0.166635766625404 0.149201974272728 0.134683042764664 -3.4e+38 -3.4e+38 -3.4e+38 -3.4e+38 -3.4e+38 -3.4e+38 -3.4e+38 -3.4e+38 -3.4e+38 -3.4e+38 -3.4e+38 -3.4e+38 -3.4e+38 -3.4e+38 -3.4e+38 -3.4e+38 -3.4e+38 -3.4e+38 -3.4e+38 -3.4e+38 -3.4e+38 -3.4e+38 -3.4e+38 -3.4e+38 -3.4e+38 -3.4e+38 -3.4e+38
0.619788527488708 0.610511541366577 0.626447081565857 0.659099340438843 0.647603869438171 0.600893974304199 0.585124731063843 0.536855459213257 0.436198741197586 0.429500102996826 0.413558006286621 0.47444212436676 0.479683995246887 0.386981755495071 0.373729109764099 0.366988629102707 0.23584657907486 0.204192698001862 0.1994638890028 0.182338610291481 0.172992333769798 0.16867558658123 0.152985453605652 0.133642375469208 0.146252498030663 0.15783029794693 0.191186174750328 0.178128153085709 0.167628303170204 0.149267390370369 0.13196636736393 0.11576184630394 0.112453542649746 -3.4e+38 -3.4e+38 -3.4e+38 -3.4e+38 -3.4e+38 -3.4e+38 -3.4e+38 -3.4e+38 -3.4e+38 -3.4e+38 -3.4e+38 -3.4e+38 -3.4e+38 -3.4e+38 -3.4e+38 -3.4e+38 -3.4e+38 -3.4e+38 -3.4e+38 -3.4e+38 -3.4e+38 -3.4e+38 -3.4e+38 -3.4e+38 -3.4e+38 -3.4e+38
0.56493079662323 0.556303381919861 0.575664877891541 0.611804723739624 0.546646773815155 0.526244878768921 0.487086981534958 0.466002255678177 0.399110853672028 0.266413688659668 0.208931908011436 0.295544981956482 0.367598295211792 0.296316415071487 0.308759272098541 0.336738556623459 0.23616997897625 0.168341472744942 -3.4e+38 -3.4e+38 -3.4e+38 -3.4e+38 0.141084134578705 0.132040694355965 0.157957017421722 0.18137115240097 0.175896778702736 0.168063640594482 0.160335376858711 0.137956097722054 0.119119212031364 0.107823461294174 -3.4e+38 -3.4e+38 -3.4e+38 -3.4e+38 -3.4e+38 -3.4e+38 -3.4e+38 -3.4e+38 -3.4e+38 -3.4e+38 -3.4e+38 -3.4e+38 -3.4e+38 -3.4e+38 -3.4e+38 -3.4e+38 -3.4e+38 -3.4e+38 -3.4e+38 -3.4e+38 -3.4e+38 -3.4e+38 -3.4e+38 -3.4e+38 -3.4e+38 -3.4e+38 -3.4e+38
0.480387657880783 0.485598266124725 0.518410325050354 0.517054498195648 0.433267027139664 0.443097591400146 0.395563006401062 0.37075400352478 0.316198348999023 0.275053650140762 0.178548112511635 0.145564436912537 0.180804520845413 0.180974990129471 0.221892133355141 0.231309369206429 0.17109489440918 -3.4e+38 -3.4e+38 -3.4e+38 -3.4e+38 -3.4e+38 0.131657257676125 0.135391876101494 0.161715298891068 0.177248150110245 0.171327099204063 0.15454438328743 0.140104308724403 0.120871931314468 0.106158599257469 0.0966690108180046 -3.4e+38 -3.4e+38 -3.4e+38 -3.4e+38 -3.4e+38 -3.4e+38 -3.4e+38 -3.4e+38 -3.4e+38 -3.4e+38 -3.4e+38 -3.4e+38 -3.4e+38 -3.4e+38 -3.4e+38 -3.4e+38 -3.4e+38 -3.4e+38 -3.4e+38 -3.4e+38 -3.4e+38 -3.4e+38 -3.4e+38 -3.4e+38 -3.4e+38 -3.4e+38 -3.4e+38
0.44801852107048 0.429706126451492 0.39903336763382 0.398611754179001 0.363248497247696 0.35433903336525 0.312624216079712 0.241009816527367 0.195481941103935 0.16603085398674 -3.4e+38 -3.4e+38 0.190313950181007 0.185155346989632 0.17753329873085 0.177256792783737 0.124423414468765 0.116667293012142 -3.4e+38 -3.4e+38 -3.4e+38 -3.4e+38 -3.4e+38 -3.4e+38 0.144307523965836 0.169854119420052 0.158608496189117 0.14520326256752 0.132650896906853 -3.4e+38 -3.4e+38 -3.4e+38 -3.4e+38 -3.4e+38 -3.4e+38 -3.4e+38 -3.4e+38 -3.4e+38 -3.4e+38 -3.4e+38 -3.4e+38 -3.4e+38 -3.4e+38 -3.4e+38 -3.4e+38 -3.4e+38 -3.4e+38 -3.4e+38 -3.4e+38 -3.4e+38 -3.4e+38 -3.4e+38 -3.4e+38 -3.4e+38 -3.4e+38 -3.4e+38 -3.4e+38 -3.4e+38 -3.4e+38
0.376302182674408 0.346470236778259 0.346108973026276 0.337692439556122 0.310640394687653 0.290860533714294 0.240868955850601 0.16440249979496 0.168513432145119 0.1424580514431 -3.4e+38 -3.4e+38 0.190333485603333 0.186840251088142 0.146755948662758 0.149006471037865 0.11224115639925 -3.4e+38 -3.4e+38 -3.4e+38 -3.4e+38 -3.4e+38 -3.4e+38 -3.4e+38 0.148713037371635 0.158650830388069 0.147265374660492 -3.4e+38 -3.4e+38 -3.4e+38 -3.4e+38 -3.4e+38 -3.4e+38 -3.4e+38 -3.4e+38 -3.4e+38 -3.4e+38 -3.4e+38 -3.4e+38 -3.4e+38 -3.4e+38 -3.4e+38 -3.4e+38 -3.4e+38 -3.4e+38 -3.4e+38 -3.4e+38 -3.4e+38 -3.4e+38 -3.4e+38 -3.4e+38 -3.4e+38 -3.4e+38 -3.4e+38 -3.4e+38 -3.4e+38 -3.4e+38 -3.4e+38 -3.4e+38
0.245024353265762 0.289980411529541 0.288679867982864 0.285182625055313 0.251722157001495 0.21240459382534 0.165970578789711 0.168860495090485 -3.4e+38 -3.4e+38 -3.4e+38 -3.4e+38 0.155024036765099 0.184176579117775 0.182636484503746 0.169135302305222 0.102603696286678 -3.4e+38 -3.4e+38 -3.4e+38 -3.4e+38 -3.4e+38 -3.4e+38 -3.4e+38 -3.4e+38 0.144060149788857 0.138543695211411 -3.4e+38 -3.4e+38 -3.4e+38 -3.4e+38 -3.4e+38 -3.4e+38 -3.4e+38 -3.4e+38 -3.4e+38 -3.4e+38 -3.4e+38 -3.4e+38 -3.4e+38 -3.4e+38 -3.4e+38 -3.4e+38 -3.4e+38 -3.4e+38 -3.4e+38 -3.4e+38 -3.4e+38 -3.4e+38 -3.4e+38 -3.4e+38 -3.4e+38 -3.4e+38 -3.4e+38 -3.4e+38 -3.4e+38 -3.4e+38 -3.4e+38 -3.4e+38
0.183146044611931 0.184694841504097 0.185646817088127 0.201073437929153 0.212576508522034 0.172277197241783 0.152738660573959 0.147075146436691 -3.4e+38 -3.4e+38 -3.4e+38 -3.4e+38 0.126073926687241 0.150228023529053 0.128968581557274 0.0997356623411179 0.0882235541939735 -3.4e+38 -3.4e+38 0.0863465368747711 0.0831272229552269 -3.4e+38 -3.4e+38 -3.4e+38 -3.4e+38 -3.4e+38 -3.4e+38 -3.4e+38 -3.4e+38 -3.4e+38 -3.4e+38 -3.4e+38 -3.4e+38 -3.4e+38 -3.4e+38 -3.4e+38 -3.4e+38 -3.4e+38 -3.4e+38 -3.4e+38 -3.4e+38 -3.4e+38 -3.4e+38 -3.4e+38 -3.4e+38 -3.4e+38 -3.4e+38 -3.4e+38 -3.4e+38 -3.4e+38 -3.4e+38 -3.4e+38 -3.4e+38 -3.4e+38 -3.4e+38 -3.4e+38 -3.4e+38 -3.4e+38 -3.4e+38
