data/climate_estimation/maxent_output/Trillium_govanianum.asc
NCOLS 301 
NROWS 80 
XLLCORNER 70.4166666666667 
YLLCORNER 29.3333333333333 
CELLSIZE 0.0833333333333333 
NODATA_value -3.4e+38 
[rows 20 to 39 of 80, columns 88 to 131 of 301]
0.819012224674225 0.822804391384125 0.796795606613159 0.810274064540863 0.598131477832794 0.101256720721722 0.752722918987274 0.61911940574646 0.158262982964516 0.176342636346817 0.135366961359978 0.156518563628197 0.177227452397346 0.178886622190475 0.166711658239365 0.143425643444061 0.112065151333809 0.0792584270238876 0.119679823517799 0.0954672619700432 0.0650237128138542 0.0324259288609028 0.0262321550399065 0.0626975297927856 0.0867024883627892 0.0401679389178753 0.0346380621194839 0.0246422551572323 0.0368504002690315 0.0580178387463093 0.0647704377770424 0.0679892152547836 0.068592481315136 0.0725271850824356 0.0774410367012024 0.0877422094345093 0.042963694781065 0.0285911578685045 0.0494318418204784 0.0599284097552299 0.0748793259263039 0.0774931982159615 0.0775545835494995 0.0696154460310936
0.726208984851837 0.72278755903244 0.549310326576233 0.113757230341434 0.816304445266724 0.621023714542389 0.768971502780914 0.116978466510773 0.0848893746733665 0.065197080373764 0.0519445799291134 0.110079370439053 0.158097967505455 0.0563533045351505 0.0616305842995644 0.0740741267800331 0.0991981700062752 0.0759838819503784 0.074604906141758 0.0812897309660912 0.0620575547218323 0.0320846624672413 0.049181129783392 0.101949378848076 0.139994531869888 0.0525132045149803 0.0671130567789078 0.0653714016079903 0.0895583480596542 0.0854851901531219 0.0553278401494026 0.0774523541331291 0.0745048746466637 0.0988203883171082 0.106519937515259 0.107746854424477 0.0682417899370193 0.039152629673481 0.0657886937260628 0.0537893958389759 0.0418582819402218 0.0678195729851723 0.112978063523769 0.0815775617957115
0.640623033046722 0.184739679098129 0.644279181957245 0.729651153087616 0.815326035022736 0.809692323207855 0.519841194152832 0.159792304039001 0.588855564594269 0.0971619039773941 0.06814955919981 0.0789796859025955 0.0572712458670139 0.0536418482661247 0.0602891147136688 0.0598581880331039 0.131503984332085 0.103027902543545 0.0920042395591736 0.0773774012923241 0.0643454417586327 0.0759632214903831 0.1253632158041 0.128245532512665 0.100407622754574 0.02533501945436 0.0511563755571842 0.0521096214652061 0.0567064434289932 0.0805129632353783 0.0742247775197029 0.100114963948727 0.083082027733326 0.101791873574257 0.154163211584091 0.172235280275345 0.14815491437912 0.0608924478292465 0.07637058198452 0.0597735866904259 0.0728424042463303 0.119505643844604 0.0796414762735367 0.131267040967941
0.844634771347046 0.701640546321869 0.177600204944611 0.634380102157593 0.81892991065979 0.755037426948547 0.705051004886627 0.626284301280975 0.726612865924835 0.611007571220398 0.14118055999279 0.0604852214455605 0.10150671005249 0.117742583155632 0.14216560125351 0.149931401014328 0.0895931646227837 0.0978601574897766 0.0781751349568367 0.0563093274831772 0.0426041223108768 0.0948052778840065 0.0974230095744133 0.118771091103554 0.101000227034092 0.0428324192762375 0.0761891230940819 0.074039027094841 0.0882181823253632 0.12878455221653 0.100877858698368 0.121197909116745 0.135263457894325 0.108691662549973 0.179988816380501 0.211349159479141 0.206473454833031 0.167423084378242 0.130199760198593 0.12211712449789 0.147137179970741 0.171356052160263 0.151324704289436 0.102683946490288
0.872603178024292 0.812135219573975 0.557190418243408 0.690244078636169 0.775581240653992 0.758891463279724 0.648492395877838 0.677602052688599 0.798113703727722 0.724302709102631 0.706192016601562 0.486238390207291 0.102964341640472 0.600914061069489 0.127186983823776 0.084308922290802 0.140160351991653 0.154983431100845 0.146291241049767 0.0713224932551384 0.0533487237989902 0.0822666883468628 0.0690361261367798 0.055855605751276 0.0482657961547375 0.0444500483572483 0.0597988851368427 0.0746579468250275 0.0709276646375656 0.102862134575844 0.127407863736153 0.166690990328789 0.184228405356407 0.133944973349571 0.116352304816246 0.108334392309189 0.203686699271202 0.481419533491135 0.223829299211502 0.129971638321877 0.126227423548698 0.160162016749382 0.174093201756477 0.197399795055389
0.877493143081665 0.847169876098633 0.625091969966888 0.185319423675537 0.153417408466339 0.681572794914246 0.76280677318573 0.541558027267456 0.683925807476044 0.806740641593933 0.720933735370636 0.0799589455127716 0.0711885020136833 0.456072002649307 0.595627129077911 0.114743836224079 0.169701144099236 0.612292408943176 0.156320080161095 0.136783078312874 0.108453184366226 0.151964470744133 0.12356723099947 0.0892528221011162 0.0885467156767845 0.064208596944809 0.0700460895895958 0.117366567254066 0.103721864521503 0.107213780283928 0.0988642349839211 0.107213780283928 0.145173922181129 0.200542598962784 0.116401433944702 0.099628858268261 0.138366535305977 0.161769866943359 0.186180904507637 0.188159883022308 0.183318749070168 0.113707922399044 0.334127902984619 0.357433438301086
0.891060888767242 0.891688108444214 0.829760909080505 0.716315150260925 0.555473268032074 0.468328475952148 0.606047809123993 0.755391001701355 0.483343571424484 0.623230397701263 0.816706478595734 0.728616774082184 0.56928151845932 0.560166656970978 0.6934894323349 0.655037760734558 0.680086195468903 0.665087938308716 0.577857971191406 0.153823509812355 0.589391529560089 0.641219973564148 0.169295251369476 0.10465507209301 0.107885830104351 0.119709052145481 0.15639990568161 0.176072672009468 0.139257520437241 0.149750724434853 0.208994701504707 0.255148649215698 0.247296392917633 0.233066216111183 0.193341836333275 0.158835425972939 0.131769821047783 0.138385623693466 0.102978855371475 0.10168532282114 0.11330908536911 0.315326452255249 0.32119220495224 0.350731253623962
0.874770283699036 0.818289816379547 0.891510426998138 0.763846576213837 0.611851990222931 0.545567274093628 0.49180856347084 0.571864724159241 0.66019880771637 0.408303529024124 0.770930409431458 0.818311274051666 0.790136873722076 0.785578846931458 0.765573501586914 0.636683106422424 0.679951071739197 0.657011866569519 0.688661932945251 0.685860276222229 0.635837554931641 0.65751850605011 0.612805008888245 0.505578458309174 0.130458638072014 0.43492516875267 0.480859965085983 0.182874068617821 0.202901184558868 0.516309499740601 0.203354477882385 0.191477566957474 0.17019134759903 0.171732142567635 0.178575783967972 0.226068317890167 0.464399218559265 0.163944080471992 0.394486427307129 0.337575793266296 0.0794205144047737 0.0837397798895836 0.124108225107193 0.433017700910568
0.869140923023224 0.69735860824585 0.767611801624298 0.882578074932098 0.814580082893372 0.614255905151367 0.530434966087341 0.133959591388702 0.519122958183289 0.638778686523438 0.759415149688721 0.783748269081116 0.724187731742859 0.61686372756958 0.632434070110321 0.518677115440369 0.452182024717331 0.564793467521667 0.649765491485596 0.616273820400238 0.616118788719177 0.555910587310791 0.659830033779144 0.637625277042389 0.597051560878754 0.499557346105576 0.442039966583252 0.442973464727402 0.144031763076782 0.144565522670746 0.15415745973587 0.151425048708916 0.164704263210297 0.447328835725784 0.418431758880615 0.149434790015221 0.310667604207993 0.363307744264603 0.399902731180191 0.368654072284698 0.374325484037399 0.377295821905136 0.434790581464767 0.438427686691284
0.79900074005127 0.783503174781799 0.74528968334198 0.8099125623703 0.869655072689056 0.735976815223694 0.526987195014954 0.481521010398865 0.497521430253983 0.555289924144745 0.75665283203125 0.808329164981842 0.781702816486359 0.75689572095871 0.77862149477005 0.731650471687317 0.678453087806702 0.499642580747604 0.520876944065094 0.566523849964142 0.542531549930573 0.563592791557312 0.646889507770538 0.667741775512695 0.632145166397095 0.622139394283295 0.584199249744415 0.526184558868408 0.550472915172577 0.526158392429352 0.523624062538147 0.479862868785858 0.428804516792297 0.422986179590225 0.468986988067627 0.460707277059555 0.353755980730057 0.369020640850067 0.116987623274326 0.114568613469601 0.397105187177658 0.50035297870636 0.46134415268898 0.427544802427292
0.80981856584549 0.786481201648712 0.781695306301117 0.780339539051056 0.8660529255867 0.833617389202118 0.674791991710663 0.535023331642151 0.557034194469452 0.609102189540863 0.612617254257202 0.671265065670013 0.750859260559082 0.710508644580841 0.553524017333984 0.701882660388947 0.714188396930695 0.637743592262268 0.534131109714508 0.478131592273712 0.547142326831818 0.55273175239563 0.66182553768158 0.678072869777679 0.663199424743652 0.620041906833649 0.533643186092377 0.540656745433807 0.431074261665344 0.457032322883606 0.534709930419922 0.54980856180191 0.507603168487549 0.48090660572052 0.374998450279236 0.394080609083176 0.380370259284973 0.145046249032021 0.387310922145844 0.382177621126175 0.384307086467743 0.42448291182518 0.43483829498291 0.420841753482819
0.865132749080658 0.816777408123016 0.869337499141693 0.838189721107483 0.694948732852936 0.803247809410095 0.860958218574524 0.823747098445892 0.614159882068634 0.599036753177643 0.471363872289658 0.440855085849762 0.713665664196014 0.701908707618713 0.406112611293793 0.481467694044113 0.616896569728851 0.704300045967102 0.6800616979599 0.664415419101715 0.627336919307709 0.63290536403656 0.556943416595459 0.638996243476868 0.583920896053314 0.463800996541977 0.195705905556679 0.485247224569321 0.476099967956543 0.458575755357742 0.490191727876663 0.44002103805542 0.471829354763031 0.572384059429169 0.526291012763977 0.47673037648201 0.469865828752518 0.469925194978714 0.410270154476166 0.41526460647583 0.385065197944641 0.439863264560699 0.392626971006393 0.372280210256577
0.778584182262421 0.832880735397339 0.881283581256866 0.889500021934509 0.73378598690033 0.587336480617523 0.702165842056274 0.818978786468506 0.85160893201828 0.817844152450562 0.632418155670166 0.549862861633301 0.522838413715363 0.81762433052063 0.730292081832886 0.450142502784729 0.463159561157227 0.468581348657608 0.440363466739655 0.455342978239059 0.464496433734894 0.463124632835388 0.449023276567459 0.58152836561203 0.14007493853569 0.509695291519165 0.488830387592316 0.360017746686935 0.409249931573868 0.155470371246338 0.429163128137589 0.382735282182693 0.417842507362366 0.475623995065689 0.51113623380661 0.528237044811249 0.505911529064178 0.481174826622009 0.399996548891068 0.384417176246643 0.447607070207596 0.44940397143364 0.454371273517609 0.407940238714218
0.887042820453644 0.79515928030014 0.78082263469696 0.840268552303314 0.650720715522766 0.729499220848083 0.845817148685455 0.813551306724548 0.719391763210297 0.857542216777802 0.877596378326416 0.85297167301178 0.738335609436035 0.848737895488739 0.836714804172516 0.737675666809082 0.444139540195465 0.397652149200439 0.404147922992706 0.391298145055771 0.367160350084305 0.329070240259171 0.393415123224258 0.501622676849365 0.58566153049469 0.537563025951385 0.48214665055275 0.489432722330093 0.249409452080727 0.424378514289856 0.174350842833519 0.379533559083939 0.413448125123978 0.478491365909576 0.40899670124054 0.50804728269577 0.529880702495575 0.522797405719757 0.530295491218567 0.522414922714233 0.45026758313179 0.546919763088226 0.567671000957489 0.582173883914948
0.903523206710815 0.862801194190979 0.671021461486816 0.710106730461121 0.674471914768219 0.669501543045044 0.836206912994385 0.714315831661224 0.508776128292084 0.825765490531921 0.83974027633667 0.885221719741821 0.876312911510468 0.803937971591949 0.644149661064148 0.837227761745453 0.794991970062256 0.693732500076294 0.552834153175354 0.435334235429764 0.423889696598053 0.373665571212769 0.450120717287064 0.526132822036743 0.553142011165619 0.466783106327057 0.469093859195709 0.540389478206635 0.529102563858032 0.52463972568512 0.524046003818512 0.51725047826767 0.461831271648407 0.511753380298615 0.498512744903564 0.518272042274475 0.531016826629639 0.517557561397552 0.504434823989868 0.481881886720657 0.484943866729736 0.501360177993774 0.535744667053223 0.557580411434174
0.892151772975922 0.83791595697403 0.839653134346008 0.678215086460114 0.709639370441437 0.678909957408905 0.872880101203918 0.717408299446106 0.506190061569214 0.737407565116882 0.799915313720703 0.88209080696106 0.853462338447571 0.866510450839996 0.730471611022949 0.651913404464722 0.842654466629028 0.820209264755249 0.714456617832184 0.633634269237518 0.552147567272186 0.451026827096939 0.430225223302841 0.53667026758194 0.554151654243469 0.46382212638855 0.251300007104874 0.402225762605667 0.440654039382935 0.416287958621979 0.465179979801178 0.523739576339722 0.528671979904175 0.563749134540558 0.554006040096283 0.514564454555511 0.519179940223694 0.557267248630524 0.516792118549347 0.490213215351105 0.477198213338852 0.490252405405045 0.520292401313782 0.491275668144226
0.876771807670593 0.818704009056091 0.82349020242691 0.875981092453003 0.673115968704224 0.796168148517609 0.91102522611618 0.821908235549927 0.458918631076813 0.704809367656708 0.789688110351562 0.798353016376495 0.791864991188049 0.873279333114624 0.840017437934875 0.564039885997772 0.780439436435699 0.841063857078552 0.803901255130768 0.703776180744171 0.704379916191101 0.633245706558228 0.588906466960907 0.572395861148834 0.572887241840363 0.482605934143066 0.339404314756393 0.358916252851486 0.4656662940979 0.256889671087265 0.39823305606842 0.431701689958572 0.472421109676361 0.483072698116302 0.508302450180054 0.463669776916504 0.491753309965134 0.466171681880951 0.448003172874451 0.42289462685585 0.495219558477402 0.508797764778137 0.545680642127991 0.579683423042297
0.856115579605103 0.845010817050934 0.853641927242279 0.832269430160522 0.880162000656128 0.698482751846313 0.908347249031067 0.887420475482941 0.701501905918121 0.798727571964264 0.760276615619659 0.768833577632904 0.80822491645813 0.863775312900543 0.866966962814331 0.683409929275513 0.712965488433838 0.809342384338379 0.814990699291229 0.767446935176849 0.711968839168549 0.69643896818161 0.686172366142273 0.616007447242737 0.614979386329651 0.558262705802917 0.483156770467758 0.36676761507988 0.333146870136261 0.283422440290451 0.362467616796494 0.415921062231064 0.414218604564667 0.405260115861893 0.449176847934723 0.459781348705292 0.441412061452866 0.399680554866791 0.35241237282753 0.382390677928925 0.479215532541275 0.538635432720184 0.606174945831299 0.614404380321503
0.920750498771667 0.828419625759125 0.888429224491119 0.878103494644165 0.86610209941864 0.887065470218658 0.89803946018219 0.903288006782532 0.886508584022522 0.910822093486786 0.846126437187195 0.671083748340607 0.831362724304199 0.881159543991089 0.885698020458221 0.8238725066185 0.70298045873642 0.709587812423706 0.685155510902405 0.793675363063812 0.695236921310425 0.650361716747284 0.677964985370636 0.597562968730927 0.580678939819336 0.542098462581635 0.52989262342453 0.491499155759811 0.456208497285843 0.373774349689484 0.379770755767822 0.404146492481232 0.371724098920822 0.412788957357407 0.476657867431641 0.469617009162903 0.419174432754517 0.353618383407593 0.269079953432083 0.280813962221146 0.375954836606979 0.469859212636948 0.565720617771149 0.633762657642365
0.85638701915741 0.914807558059692 0.850140511989594 0.843775033950806 0.844678103923798 0.848804354667664 0.844808578491211 0.898740291595459 0.852548956871033 0.932051718235016 0.835882067680359 0.55685019493103 0.644076466560364 0.873938798904419 0.864289999008179 0.82333642244339 0.693813443183899 0.66109162569046 0.502143085002899 0.692101836204529 0.774821400642395 0.677889466285706 0.667938649654388 0.613663494586945 0.586399614810944 0.532298982143402 0.529396414756775 0.517986118793488 0.504701137542725 0.482549518346786 0.405831664800644 0.439895004034042 0.463294506072998 0.518879473209381 0.499670326709747 0.486942976713181 0.453623563051224 0.42182657122612 0.34161165356636 0.389472156763077 0.453765839338303 0.524632751941681 0.591846644878387 0.670262098312378
