data/climate_estimation/maxent_output/Trillium_catesbaei.asc
NCOLS 107 
NROWS 66 
XLLCORNER -87.25 
YLLCORNER 31 
CELLSIZE 0.0833333333333334 
NODATA_value -3.4e+38 
[rows 0 to 19 of 66, columns 46 to 91 of 107]
0.405470818281174 0.384070605039597 0.387591660022736 0.36368715763092 0.348092585802078 0.315231084823608 0.298257738351822 0.301343351602554 0.325031280517578 0.327549755573273 0.322133958339691 0.326649248600006 0.381222635507584 0.453337967395782 0.561222851276398 0.55492103099823 0.538320779800415 0.460747569799423 0.469912827014923 0.484423756599426 0.433704972267151 0.439257383346558 0.44675749540329 0.451095640659332 0.442480951547623 0.439882904291153 0.412366449832916 0.403488308191299 0.447879642248154 0.463808804750443 0.520700454711914 0.508129477500916 0.509601235389709 0.521194875240326 0.516954898834229 0.516434669494629 0.529301047325134 0.527201652526855 0.530702471733093 0.522653758525848 0.53413724899292 0.533701658248901 0.543943226337433 0.527194678783417 0.525874316692352 0.522341549396515
0.409699112176895 0.387848615646362 0.356638371944427 0.335726588964462 0.297056764364243 0.300514698028564 0.304466843605042 0.326382726430893 0.330372720956802 0.365098357200623 0.389075756072998 0.391485810279846 0.450504809617996 0.488083153963089 0.532534658908844 0.539509892463684 0.558966875076294 0.510166049003601 0.526674747467041 0.472154021263123 0.421366900205612 0.396866053342819 0.418760061264038 0.457798808813095 0.448405057191849 0.454793065786362 0.480822741985321 0.546725571155548 0.540038287639618 0.537653923034668 0.538024961948395 0.529563009738922 0.525272607803345 0.520737767219543 0.535714447498322 0.529209852218628 0.517004430294037 0.525768101215363 0.539464354515076 0.545957207679749 0.539502859115601 0.542110085487366 0.537571609020233 0.543852984905243 0.597687542438507 0.580234169960022
0.383127152919769 0.342356264591217 0.318252176046371 0.284225553274155 0.301088690757751 0.307464599609375 0.289228647947311 0.317489832639694 0.365524172782898 0.374038279056549 0.408011943101883 0.458035051822662 0.53973788022995 0.500489115715027 0.555121660232544 0.557515680789948 0.495925217866898 0.544528841972351 0.504838824272156 0.46546944975853 0.397338598966599 0.438371360301971 0.465988218784332 0.465988218784332 0.504155695438385 0.560394883155823 0.553309321403503 0.545494377613068 0.540871918201447 0.57141238451004 0.566930830478668 0.571701109409332 0.56628030538559 0.57186496257782 0.562785685062408 0.566932797431946 0.57292366027832 0.542861521244049 0.534348428249359 0.543929159641266 0.541722476482391 0.534424960613251 0.546167850494385 0.53980165719986 0.596834897994995 0.597838044166565
0.366216599941254 0.351968139410019 0.308929085731506 0.275580108165741 0.275381177663803 0.274100631475449 0.279423713684082 0.326575219631195 0.334035843610764 0.365260452032089 0.449641644954681 0.43427762389183 0.547147333621979 0.533185482025146 0.536867916584015 0.455604165792465 0.455604165792465 0.45611709356308 0.378492474555969 0.471761643886566 0.443168640136719 0.462089955806732 0.518902540206909 0.538095951080322 0.580026268959045 0.565887808799744 0.550710320472717 0.555076897144318 0.550100564956665 0.58270001411438 0.58270001411438 0.580002844333649 0.588936746120453 0.582515299320221 0.566323459148407 0.566528618335724 0.563750803470612 0.533506333827972 0.528162240982056 0.532248318195343 0.537194311618805 0.531787574291229 0.536293804645538 0.611726820468903 0.599742591381073 0.5960533618927
0.384340316057205 0.322091907262802 0.28249004483223 0.284299671649933 0.282735764980316 0.286251604557037 0.299895375967026 0.316354036331177 0.30321004986763 0.421117305755615 0.504227578639984 0.525123298168182 0.51546984910965 0.508124649524689 0.463803321123123 0.394697993993759 0.40400242805481 0.426196813583374 0.366819053888321 0.411443769931793 0.489156812429428 0.498382180929184 0.620192170143127 0.595849871635437 0.599100351333618 0.575540065765381 0.568593561649323 0.56247353553772 0.599789381027222 0.560197651386261 0.602235674858093 0.59122371673584 0.558919548988342 0.560482800006866 0.558847963809967 0.543142676353455 0.556039333343506 0.545989453792572 0.51001638174057 0.554177939891815 0.526082754135132 0.521969795227051 0.592252850532532 0.594641506671906 0.578932166099548 0.586314141750336
0.383361279964447 0.311053842306137 0.295082777738571 0.300617009401321 0.302096277475357 0.319346308708191 0.248901784420013 0.360860884189606 0.495446741580963 0.491909474134445 0.504937052726746 0.509590983390808 0.541155278682709 0.54952597618103 0.514387369155884 0.4803666472435 0.455859035253525 0.455859035253525 0.444969445466995 0.603677332401276 0.621672213077545 0.616887331008911 0.607093572616577 0.605715572834015 0.603940010070801 0.621423244476318 0.618094325065613 0.610734343528748 0.613061189651489 0.605817556381226 0.607091307640076 0.568736851215363 0.601454675197601 0.559711813926697 0.549252271652222 0.583892166614532 0.565113544464111 0.513972699642181 0.551240563392639 0.555283963680267 0.520825266838074 0.586011052131653 0.598429083824158 0.571111559867859 0.579895913600922 0.589597105979919
0.35461762547493 0.379560381174088 0.335565716028214 0.339009374380112 0.36143633723259 0.407807588577271 0.373856425285339 0.466122895479202 0.433505922555923 0.511121451854706 0.510703027248383 0.505248785018921 0.534239232540131 0.51837432384491 0.529017865657806 0.555925905704498 0.531805694103241 0.53650689125061 0.490890264511108 0.651625990867615 0.665108561515808 0.634983122348785 0.627307236194611 0.65526407957077 0.642703533172607 0.63545697927475 0.593512415885925 0.634450733661652 0.589889466762543 0.626384377479553 0.618780910968781 0.585667550563812 0.567481458187103 0.563934862613678 0.554912388324738 0.580294847488403 0.55656099319458 0.695146918296814 0.702515482902527 0.677142441272736 0.692899763584137 0.620997190475464 0.591540694236755 0.600847065448761 0.608185708522797 0.615587115287781
0.49456325173378 0.52552604675293 0.379593372344971 0.49809941649437 0.427529066801071 0.458234757184982 0.441743493080139 0.396828860044479 0.466531276702881 0.518726944923401 0.534456074237823 0.545435190200806 0.497514098882675 0.487195134162903 0.550027787685394 0.54803079366684 0.603191792964935 0.621624529361725 0.641542553901672 0.686468720436096 0.690681397914886 0.68468302488327 0.64280778169632 0.670096755027771 0.624651551246643 0.615815699100494 0.613201320171356 0.642179191112518 0.638083636760712 0.597943603992462 0.601921439170837 0.590984523296356 0.583652198314667 0.567949771881104 0.549459636211395 0.543754100799561 0.568150520324707 0.697560608386993 0.702310740947723 0.689663529396057 0.709161639213562 0.602674841880798 0.609175682067871 0.581277370452881 0.602537751197815 0.61381059885025
0.566953361034393 0.563445329666138 0.598173499107361 0.595088839530945 0.615473806858063 0.622283041477203 0.527515947818756 0.523716807365417 0.418807864189148 0.44040310382843 0.52368551492691 0.564945578575134 0.475808352231979 0.375268697738647 0.473285675048828 0.591690480709076 0.690968871116638 0.672464489936829 0.69849169254303 0.706876695156097 0.70581841468811 0.707420587539673 0.690250396728516 0.674708545207977 0.637117624282837 0.629213511943817 0.620924472808838 0.681505262851715 0.620141446590424 0.707421541213989 0.665722608566284 0.585908114910126 0.575790286064148 0.55572110414505 0.561358511447906 0.583617508411407 0.550227701663971 0.706285417079926 0.685595512390137 0.705505430698395 0.685015320777893 0.62131941318512 0.59373140335083 0.61416107416153 0.624013483524323 0.597659409046173
0.641686022281647 0.567221879959106 0.572048485279083 0.632035434246063 0.629491150379181 0.627415776252747 0.557560861110687 0.537462711334229 0.475270360708237 0.491333544254303 0.556095957756042 0.516513526439667 0.43433153629303 0.39059516787529 0.565217196941376 0.657007098197937 0.720080077648163 0.721527338027954 0.72386223077774 0.720647275447845 0.718662321567535 0.714314341545105 0.707605242729187 0.656794607639313 0.70507287979126 0.690071105957031 0.685177683830261 0.688541650772095 0.684480130672455 0.67631596326828 0.668640911579132 0.590113997459412 0.608618319034576 0.558975219726562 0.567367017269135 0.583289682865143 0.615479290485382 0.620188176631927 0.716192603111267 0.66831362247467 0.635269701480865 0.578774213790894 0.623490750789642 0.642804622650146 0.611919581890106 0.617416262626648
0.562438666820526 0.568660736083984 0.601962566375732 0.617425739765167 0.665016353130341 0.655912339687347 0.575508534908295 0.567953705787659 0.567392587661743 0.574237942695618 0.564314365386963 0.536920130252838 0.566405475139618 0.563052713871002 0.650722980499268 0.724110007286072 0.732071459293365 0.737322986125946 0.738014280796051 0.727881550788879 0.689028441905975 0.720215976238251 0.720002830028534 0.682163953781128 0.730077743530273 0.712615787982941 0.718180239200592 0.699429214000702 0.693648278713226 0.683977007865906 0.666844427585602 0.660319983959198 0.618805885314941 0.608300805091858 0.576417565345764 0.642502963542938 0.633040368556976 0.647131979465485 0.625622272491455 0.653442859649658 0.621370553970337 0.61775529384613 0.658299207687378 0.636489987373352 0.628248512744904 0.628915548324585
0.606262922286987 0.663911759853363 0.609689295291901 0.59910523891449 0.660837352275848 0.674052476882935 0.591590106487274 0.58619636297226 0.580639839172363 0.617217004299164 0.563782691955566 0.547478795051575 0.561598598957062 0.579572379589081 0.638935625553131 0.715528786182404 0.745317220687866 0.753812491893768 0.752274453639984 0.740728318691254 0.739025235176086 0.737057983875275 0.735895991325378 0.686259508132935 0.742936670780182 0.800110638141632 0.728546380996704 0.714503407478333 0.7029048204422 0.764319479465485 0.679665386676788 0.698232889175415 0.682207763195038 0.642839789390564 0.653052091598511 0.661964297294617 0.662110090255737 0.651919543743134 0.659877240657806 0.65461266040802 0.660411536693573 0.619911372661591 0.645817995071411 0.644999384880066 0.609618127346039 0.595489740371704
0.689410507678986 0.707167685031891 0.630195260047913 0.582829713821411 0.661520302295685 0.681202828884125 0.710759043693542 0.614894151687622 0.65262645483017 0.599604189395905 0.577175974845886 0.569888293743134 0.612858891487122 0.620253324508667 0.731697797775269 0.779691636562347 0.778586983680725 0.78303986787796 0.778726518154144 0.756891310214996 0.765238046646118 0.729399025440216 0.775315701961517 0.763375520706177 0.820602416992188 0.819336593151093 0.802095890045166 0.801303088665009 0.785398185253143 0.76867014169693 0.684081017971039 0.666146159172058 0.637012958526611 0.640751302242279 0.644572794437408 0.634655296802521 0.654665946960449 0.639133632183075 0.660213351249695 0.623871386051178 0.619189620018005 0.651873469352722 0.651962578296661 0.623162806034088 0.618954241275787 0.578614950180054
0.658026456832886 0.707167685031891 0.722244679927826 0.67355877161026 0.587163090705872 0.595453441143036 0.572976589202881 0.68007105588913 0.724904596805573 0.667688131332397 0.644811630249023 0.635977506637573 0.645822584629059 0.66496604681015 0.787951290607452 0.799429178237915 0.79718279838562 0.791454434394836 0.789544999599457 0.78405624628067 0.774271786212921 0.852775573730469 0.847190141677856 0.842839241027832 0.839630961418152 0.832294702529907 0.818797588348389 0.799854815006256 0.793380618095398 0.767519533634186 0.692472815513611 0.675890743732452 0.649791657924652 0.634555041790009 0.627953767776489 0.649335920810699 0.636015474796295 0.653602659702301 0.627589344978333 0.637980401515961 0.602957189083099 0.659424483776093 0.611532866954803 0.624140620231628 0.597183465957642 0.598332405090332
0.705577969551086 0.669826030731201 0.72791463136673 0.729820549488068 0.661926209926605 0.5797199010849 0.610660970211029 0.756474316120148 0.799983441829681 0.826376974582672 0.818158507347107 0.811176121234894 0.709446668624878 0.742146551609039 0.785191357135773 0.909892559051514 0.904649555683136 0.899107873439789 0.89647912979126 0.890065371990204 0.887251377105713 0.861125707626343 0.856246292591095 0.853746235370636 0.843936562538147 0.836184322834015 0.799906253814697 0.783736646175385 0.756449580192566 0.778631210327148 0.678091824054718 0.670793294906616 0.648699104785919 0.636418759822845 0.65823495388031 0.643394231796265 0.655871212482452 0.62689596414566 0.605100214481354 0.609869062900543 0.614946901798248 0.579017162322998 0.573775172233582 0.604426145553589 0.611347019672394 0.606451153755188
0.754574477672577 0.696359157562256 0.698229849338531 0.663208842277527 0.663208842277527 0.70995706319809 0.750162124633789 0.804907321929932 0.811034560203552 0.834298014640808 0.816786885261536 0.822896480560303 0.849037051200867 0.872160017490387 0.909796833992004 0.910798013210297 0.910798013210297 0.906140029430389 0.898384034633636 0.874783098697662 0.869287431240082 0.865662753582001 0.863665223121643 0.853959023952484 0.848783135414124 0.817721903324127 0.803876042366028 0.724162578582764 0.684550881385803 0.6795614361763 0.675352156162262 0.672193765640259 0.684993743896484 0.655040383338928 0.645477473735809 0.625787019729614 0.627411246299744 0.623632490634918 0.593334972858429 0.573476672172546 0.53889673948288 0.53730171918869 0.543589651584625 0.542765021324158 0.573547005653381 0.56011551618576
0.734180331230164 0.7600417137146 0.643991768360138 0.675647139549255 0.73132187128067 0.804688036441803 0.811852276325226 0.811034560203552 0.808386743068695 0.836654484272003 0.878212571144104 0.884223520755768 0.880353033542633 0.89175933599472 0.912452697753906 0.912238121032715 0.890996396541595 0.905932009220123 0.88026636838913 0.877202451229095 0.873717546463013 0.869249582290649 0.866284906864166 0.836881458759308 0.834692060947418 0.827045738697052 0.714697062969208 0.69583797454834 0.672230064868927 0.656816601753235 0.644966006278992 0.658331573009491 0.682337522506714 0.669670820236206 0.642075777053833 0.651879727840424 0.628495812416077 0.608664631843567 0.557342827320099 0.535068690776825 0.488094985485077 0.474061608314514 0.501803934574127 0.5318244099617 0.527455866336823 0.519059956073761
0.74388462305069 0.664136648178101 0.708246886730194 0.7729132771492 0.763807654380798 0.841584503650665 0.846041321754456 0.839128077030182 0.875270783901215 0.880595147609711 0.887285470962524 0.887285470962524 0.891731679439545 0.891784369945526 0.890473425388336 0.890374362468719 0.88415914773941 0.886500895023346 0.87966251373291 0.876891911029816 0.872769057750702 0.872389078140259 0.842633843421936 0.833917558193207 0.830540835857391 0.730713486671448 0.722796142101288 0.702605307102203 0.683362483978271 0.639814972877502 0.628107607364655 0.652229130268097 0.663895905017853 0.671342730522156 0.675800800323486 0.650116622447968 0.64657324552536 0.595998287200928 0.554839074611664 0.495031774044037 0.488454937934875 0.464000582695007 0.465740919113159 0.492709428071976 0.478992581367493 0.478404939174652
0.729301750659943 0.741530656814575 0.762502193450928 0.78893381357193 0.823480784893036 0.869651079177856 0.880595147609711 0.873700320720673 0.880595147609711 0.881599962711334 0.893632650375366 0.868446588516235 0.866508483886719 0.865379571914673 0.86399519443512 0.859128475189209 0.852901339530945 0.848982155323029 0.849489331245422 0.847054600715637 0.841054916381836 0.838650345802307 0.832414150238037 0.804190456867218 0.799017190933228 0.73025119304657 0.721187770366669 0.678078949451447 0.660963356494904 0.654197692871094 0.646883726119995 0.657151401042938 0.639313697814941 0.657921373844147 0.663353741168976 0.67204874753952 0.636024594306946 0.602877378463745 0.532265841960907 0.487350404262543 0.480730205774307 0.493956595659256 0.448533326387405 0.45508274435997 0.42671275138855 0.454083025455475
0.784451425075531 0.763437151908875 0.819975972175598 0.824693918228149 0.848720908164978 0.860531270503998 0.870672464370728 0.864722192287445 0.869503319263458 0.865793943405151 0.871777713298798 0.843788087368011 0.836817979812622 0.833335757255554 0.825010001659393 0.8185675740242 0.809852123260498 0.809003114700317 0.817551493644714 0.844397664070129 0.842366576194763 0.837149381637573 0.8087517619133 0.801607847213745 0.732484996318817 0.69488114118576 0.694524586200714 0.673449754714966 0.669087946414948 0.636900961399078 0.632938086986542 0.644809126853943 0.66607129573822 0.668068706989288 0.676964819431305 0.645336508750916 0.634869337081909 0.574037969112396 0.566939771175385 0.518844246864319 0.466869950294495 0.467976897954941 0.462795227766037 0.441034287214279 0.443486660718918 0.457602709531784
