data/climate_estimation/maxent_output/Trillium_chloropetalum.asc
NCOLS 54 
NROWS 89 
XLLCORNER -123.916666666667 
YLLCORNER 34.3333333333333 
CELLSIZE 0.0833333333333333 
NODATA_value -3.4e+38 
[rows 22 to 43 of 89, columns 0 to 48 of 54]
0.540316522121429 0.532321810722351 0.515024602413177 0.499994516372681 0.483395963907242 0.607907354831696 0.617259860038757 0.560892999172211 0.540277659893036 0.573143422603607 0.566199421882629 0.442572206258774 0.488525927066803 0.481807142496109 0.545077800750732 0.0812981799244881 0.0403618961572647 0.0352374240756035 0.0328733883798122 0.0437872372567654 0.0457161217927933 0.0470483899116516 0.0499796904623508 0.0563708543777466 0.0708617568016052 0.142957776784897 0.290633171796799 0.594222128391266 0.73455148935318 0.703781962394714 0.711759865283966 0.477440714836121 0.395957589149475 0.309630334377289 0.363080650568008 0.240627571940422 0.208505004644394 0.126995146274567 0.113248154520988 0.0549063980579376 0.0330080389976501 0.0286735203117132 0.01516676787287 0.0094586443156004 0.00266919028945267 0.00140433316119015 0.000776893110014498 0.00044966785935685 0.000180449962499551
0.669308364391327 0.506052315235138 0.49720761179924 0.629159212112427 0.593718707561493 0.607202112674713 0.599735379219055 0.534191071987152 0.403230905532837 0.601507961750031 0.542256832122803 0.493244796991348 0.53827702999115 0.576862514019012 0.593500077724457 0.248280704021454 0.059192169457674 0.0561331063508987 0.060043428093195 0.0615101344883442 0.0588467828929424 0.0658578127622604 0.0715359374880791 0.0717861950397491 0.0790911987423897 0.100279770791531 0.178820639848709 0.287093579769135 0.567158997058868 0.73290878534317 0.798130631446838 0.660601139068604 0.55478835105896 0.51724910736084 0.373675853013992 0.304575949907303 0.154714196920395 0.133475959300995 0.102446675300598 0.0812899172306061 0.0555088892579079 0.030490567907691 0.0262807868421078 0.00980309583246708 0.00239234138280153 0.0014450007583946 0.00084203970618546 0.000923379324376583 0.000314970267936587
-3.4e+38 0.620483040809631 0.472492098808289 0.607593417167664 0.604364395141602 0.60893851518631 0.595645546913147 0.548178255558014 0.581860482692719 0.597791075706482 0.53305321931839 0.539884448051453 0.471972286701202 0.532441854476929 0.471444606781006 0.341541618108749 0.0821463838219643 0.0735116228461266 0.0745184868574142 0.0762283951044083 0.0770032033324242 0.0861427932977676 0.0844595804810524 0.0867301225662231 0.0952181741595268 0.0981027409434319 0.105960443615913 0.16342793405056 0.270241945981979 0.422313958406448 0.682507276535034 0.793021500110626 0.796997845172882 0.647708714008331 0.509436249732971 0.371129631996155 0.260306119918823 0.166850402951241 0.100601613521576 0.0834678187966347 0.0595467202365398 0.0606013163924217 0.0374227501451969 0.0199056398123503 0.00778267625719309 0.00658867135643959 0.00150084844790399 0.000715676229447126 0.000362018530722708
-3.4e+38 0.576728403568268 0.586236655712128 0.592418193817139 0.584814131259918 0.566000521183014 0.559524416923523 0.607734262943268 0.616194009780884 0.61234050989151 0.597261905670166 0.473399877548218 0.564358711242676 0.596100747585297 0.65360426902771 0.255528718233109 0.0815002247691154 0.0882708951830864 0.0961477309465408 0.108086206018925 0.100031614303589 0.0980385169386864 0.0908424183726311 0.092416413128376 0.0902746319770813 0.0899513512849808 0.076848953962326 0.0792573392391205 0.193204432725906 0.317014396190643 0.640345573425293 0.674996614456177 0.871621310710907 0.885867357254028 0.676902651786804 0.53710275888443 0.412808835506439 0.351670205593109 0.129268020391464 0.0763327777385712 0.0446301773190498 0.0460682809352875 0.0550128780305386 0.0272697936743498 0.0132628278806806 0.00846041459590197 0.00321688852272928 0.00121834548190236 0.000517324719112366
-3.4e+38 0.553912043571472 0.571352183818817 0.578689634799957 0.563660860061646 0.591767370700836 0.57596755027771 0.683615505695343 0.585098326206207 0.675880432128906 0.610613286495209 0.615742444992065 0.676331102848053 0.692363440990448 0.71666294336319 0.459817737340927 0.107044912874699 0.116483971476555 0.118177942931652 0.121680654585361 0.117569655179977 0.11056724190712 0.098127007484436 0.105415634810925 0.0831306800246239 0.0835267752408981 0.0712084099650383 0.0604776591062546 0.0861586853861809 0.145692527294159 0.238762632012367 0.681158304214478 0.885874211788177 0.904923737049103 0.756522417068481 0.648436844348907 0.510925054550171 0.422707468271255 0.2298454195261 0.149695530533791 0.0791264846920967 0.0334280282258987 0.0442977398633957 0.0250920429825783 0.0169741380959749 0.0122451260685921 0.00853702239692211 0.0025551572907716 0.000604978820774704
-3.4e+38 0.530487358570099 0.562528789043427 0.567453265190125 0.562734007835388 0.565391063690186 0.646791040897369 0.683533489704132 0.658517062664032 0.715887069702148 0.707087099552155 0.647093713283539 0.693814933300018 0.72408139705658 0.730991899967194 0.4377201795578 0.124498121440411 0.14079686999321 0.122579574584961 0.133413374423981 0.12005490809679 0.105951547622681 0.105614975094795 0.0995568931102753 0.082930251955986 0.0733568072319031 0.0651117488741875 0.058663509786129 0.0634466856718063 0.111338689923286 0.343458145856857 0.733023881912231 0.893423974514008 0.788806557655334 0.771700084209442 0.70948451757431 0.603903114795685 0.499118119478226 0.384751051664352 0.168357595801353 0.0892677530646324 0.0382046438753605 0.0319640710949898 0.0255658943206072 0.0173031892627478 0.0138564417138696 0.0109703028574586 0.00714027555659413 0.00187107885722071
-3.4e+38 0.392817109823227 0.533924400806427 0.574529945850372 0.571127593517303 0.559485197067261 0.661451697349548 0.666790843009949 0.672122538089752 0.606885671615601 0.698560833930969 0.668648898601532 0.651144444942474 0.638832211494446 0.730596601963043 0.31549271941185 0.145088851451874 0.161920174956322 0.126204028725624 0.122460670769215 0.109526455402374 0.0983213037252426 0.0981410145759583 0.0885056704282761 0.073610931634903 0.0652011185884476 0.0611808374524117 0.0567134283483028 0.0540845729410648 0.068419873714447 0.149032711982727 0.391128838062286 0.64028263092041 0.635870754718781 0.835804998874664 0.786168277263641 0.603647589683533 0.450741976499557 0.49954679608345 0.272462218999863 0.11480475962162 0.0604894123971462 0.0273841638118029 0.0310561936348677 0.0272985603660345 0.0167790539562702 0.0159893166273832 0.00661584362387657 0.00742356479167938
-3.4e+38 0.415367633104324 0.558047950267792 0.578931868076324 0.600030779838562 0.587522923946381 0.674344539642334 0.664896368980408 0.637098550796509 0.477430611848831 0.648954033851624 0.761572599411011 0.725168764591217 0.792333543300629 0.764764249324799 0.726342856884003 0.237794786691666 0.174988627433777 0.126632690429688 0.112543143332005 0.0972835570573807 0.0850458368659019 0.0790290758013725 0.0770949646830559 0.0781009122729301 0.0684017762541771 0.0638769119977951 0.0564823821187019 0.0527773387730122 0.0705691054463387 0.0948849469423294 0.230229318141937 0.265364468097687 0.514543950557709 0.853099882602692 0.69971626996994 0.619942426681519 0.541400969028473 0.545337200164795 0.392310827970505 0.175571694970131 0.100298754870892 0.0572791919112206 0.034040417522192 0.0346121415495872 0.0272379219532013 0.0147414235398173 0.00775007670745254 0.00819057878106833
-3.4e+38 0.41874697804451 0.557950735092163 0.592236697673798 0.608617901802063 0.608445644378662 0.707024037837982 0.692712604999542 0.641974687576294 0.664837181568146 0.657212972640991 0.547354459762573 0.674669206142426 0.778003811836243 0.74512654542923 0.723939895629883 0.495240569114685 0.196448117494583 0.141273036599159 0.101757898926735 0.0878763049840927 0.0751388520002365 0.0590231381356716 0.0655587539076805 0.0803611278533936 0.090607613325119 0.0603497065603733 0.0555863045156002 0.0547816641628742 0.0652328729629517 0.0756670087575912 0.132435128092766 0.287174433469772 0.596740186214447 0.748832762241364 0.758033633232117 0.617125868797302 0.481876879930496 0.429940462112427 0.372360527515411 0.234799832105637 0.150438651442528 0.0918581783771515 0.0303560141474009 0.0473171174526215 0.0274757612496614 0.0268210992217064 0.0159797891974449 0.00955641269683838
-3.4e+38 -3.4e+38 0.576183378696442 0.577861726284027 0.61893105506897 0.627843618392944 0.730489671230316 0.739874601364136 0.69176185131073 0.699373781681061 0.73143345117569 0.347049325704575 0.231612458825111 0.739774703979492 0.692499399185181 0.543883442878723 0.256486803293228 0.309503555297852 0.12884646654129 0.102774947881699 0.0838468968868256 0.0715711712837219 0.0595180802047253 0.0539205372333527 0.0588156171143055 0.064326748251915 0.0504627786576748 0.0560385063290596 0.0541940592229366 0.0634931921958923 0.0719160065054893 0.0979631170630455 0.209224954247475 0.380139827728271 0.531710028648376 0.46951299905777 0.426163852214813 0.454354822635651 0.508848905563354 0.379468828439713 0.286779075860977 0.168616980314255 0.0998000204563141 0.0645766481757164 0.0377934016287327 0.0620017647743225 0.0289628840982914 0.0206716116517782 0.011016521602869
-3.4e+38 -3.4e+38 0.588892459869385 0.594400703907013 0.613303422927856 0.654819250106812 0.757934629917145 0.735700607299805 0.713121712207794 0.692030966281891 0.766267001628876 0.405543982982635 0.19456584751606 0.224071130156517 0.323792934417725 0.2457355260849 0.210088044404984 0.340073704719543 0.17114520072937 0.139881789684296 0.0906364619731903 0.0726375877857208 0.0594331957399845 0.0518683530390263 0.0544611103832722 0.0563698783516884 0.0578360259532928 0.0615086518228054 0.0607970096170902 0.067145548760891 0.0716613307595253 0.0917579233646393 0.154126822948456 0.247027665376663 0.371071815490723 0.36198291182518 0.293770313262939 0.327681213617325 0.248340576887131 0.332413405179977 0.349522262811661 0.230456009507179 0.149508491158485 0.0944646894931793 0.0446391515433788 0.0627986788749695 0.0323227010667324 0.0182905979454517 0.0132252238690853
-3.4e+38 -3.4e+38 0.437330216169357 0.593370497226715 0.609453201293945 0.636334121227264 0.645508825778961 0.756563603878021 0.761837542057037 0.686860263347626 0.644656598567963 0.699781000614166 0.337121456861496 0.598082602024078 0.272500395774841 0.255834013223648 0.272843033075333 0.276343792676926 0.170988976955414 0.193389594554901 0.108841143548489 0.0742732211947441 0.0642687752842903 0.0530243553221226 0.0516064465045929 0.0564623326063156 0.0584949851036072 0.0593494772911072 0.0625293403863907 0.0705863907933235 0.0731742829084396 0.0870163440704346 0.109246395528316 0.200226694345474 0.2862568795681 0.28243824839592 0.305224061012268 0.214162707328796 0.223448514938354 0.261141419410706 0.342098295688629 0.239693164825439 0.214914202690125 0.0752383470535278 0.035481795668602 0.0307883024215698 0.0350575298070908 0.0199270192533731 0.0131726348772645
-3.4e+38 -3.4e+38 0.449900448322296 0.60129702091217 0.607663571834564 0.634778439998627 0.656694352626801 0.756485104560852 0.732410788536072 0.710632145404816 0.671174645423889 0.759205520153046 0.756605267524719 0.779336094856262 0.757355570793152 0.391837954521179 0.359909474849701 0.51803594827652 0.351803988218307 0.271514266729355 0.111510552465916 0.0949577689170837 0.0615626014769077 0.0573085360229015 0.0547493062913418 0.0574297197163105 0.0605927519500256 0.0711282566189766 0.0759690552949905 0.0821033865213394 0.0872331708669662 0.0913824439048767 0.101815842092037 0.141359478235245 0.185625210404396 0.249249294400215 0.273809462785721 0.16323746740818 0.209146916866302 0.353726238012314 0.337233006954193 0.247379094362259 0.213464930653572 0.112694926559925 0.0374272502958775 0.0196631588041782 0.0313273444771767 0.0210499372333288 0.0109068742021918
-3.4e+38 -3.4e+38 -3.4e+38 0.592071950435638 0.62245500087738 0.643814146518707 0.65572714805603 0.65048223733902 0.755094826221466 0.724158823490143 0.667232513427734 0.617198586463928 0.718150615692139 0.811976194381714 0.829189240932465 0.429711937904358 0.285603135824203 0.229564219713211 0.279604285955429 0.249834477901459 0.13562998175621 0.101765960454941 0.0577011965215206 0.0566182807087898 0.0579584166407585 0.0653293952345848 0.0731795057654381 0.0836956351995468 0.0919206067919731 0.0933924093842506 0.0961015969514847 0.0974789261817932 0.0997420251369476 0.116992652416229 0.16947665810585 0.181308388710022 0.246966823935509 0.217491149902344 0.120813727378845 0.153491824865341 0.255892157554626 0.30958154797554 0.214642032980919 0.157175600528717 0.0769315809011459 0.0466121062636375 0.0228873696178198 0.0178709086030722 0.0139100700616837
-3.4e+38 -3.4e+38 -3.4e+38 -3.4e+38 0.549291014671326 0.603109896183014 0.64823853969574 0.64769047498703 0.64012610912323 0.745634198188782 0.703838109970093 0.618716597557068 0.634291112422943 0.677491843700409 0.756449639797211 0.727397561073303 0.507361471652985 0.313893616199493 0.22899004817009 0.175210386514664 0.242125540971756 0.0880868583917618 0.0630481243133545 0.0555109828710556 0.063051201403141 0.0734382495284081 0.090994156897068 0.10345546156168 0.113275244832039 0.114658109843731 0.113334469497204 0.111020311713219 0.104905188083649 0.110164947807789 0.186596870422363 0.224676787853241 0.251776158809662 0.208805933594704 0.121095895767212 0.106406800448895 0.250547379255295 0.328935533761978 0.237854301929474 0.166007205843925 0.106506995856762 0.0566710345447063 0.0212900694459677 0.0181672982871532 0.0155069595202804
-3.4e+38 -3.4e+38 -3.4e+38 -3.4e+38 -3.4e+38 -3.4e+38 0.612168848514557 0.630734801292419 0.629669785499573 0.632136344909668 0.709567308425903 0.669888854026794 0.627312302589417 0.640378832817078 0.657085418701172 0.705622971057892 0.743097543716431 0.491290330886841 0.291708558797836 0.213424295186996 0.241299569606781 0.323978334665298 0.0750440284609795 0.0619254596531391 0.0725012049078941 0.0939410552382469 0.118096090853214 0.133090019226074 0.144461676478386 0.139495074748993 0.134364128112793 0.136108726263046 0.130951657891273 0.116405077278614 0.149412870407104 0.199319958686829 0.227498486638069 0.23897647857666 0.161750763654709 0.108606770634651 0.253048866987228 0.332163751125336 0.261918246746063 0.183723866939545 0.0878690257668495 0.0441174916923046 0.0221962686628103 0.0188299454748631 0.0161174591630697
-3.4e+38 -3.4e+38 -3.4e+38 -3.4e+38 -3.4e+38 -3.4e+38 0.506568908691406 0.606689214706421 0.628252446651459 0.618244051933289 0.704610466957092 0.689757883548737 0.628937780857086 0.673858463764191 0.699957609176636 0.696793794631958 0.689392864704132 0.56361186504364 0.453669428825378 0.445221781730652 0.214293286204338 0.248706936836243 0.114162139594555 0.0710308328270912 0.0922731310129166 0.137624189257622 0.161753460764885 0.165680959820747 0.16922265291214 0.170577734708786 0.163871392607689 0.161557301878929 0.14853809773922 0.129343718290329 0.120138764381409 0.149796068668365 0.168309330940247 0.225070938467979 0.122845955193043 0.139627635478973 0.250256538391113 0.421845197677612 0.342431604862213 0.252548664808273 0.128526836633682 0.0832809507846832 0.0760913640260696 0.0337124466896057 0.0174616295844316
-3.4e+38 -3.4e+38 -3.4e+38 -3.4e+38 -3.4e+38 -3.4e+38 -3.4e+38 -3.4e+38 0.606342256069183 0.596955597400665 0.698242366313934 0.682978689670563 0.638895273208618 0.662915170192719 0.686309397220612 0.703598737716675 0.749313831329346 0.649347484111786 0.448755860328674 0.567907214164734 0.419570475816727 0.424074620008469 0.191127419471741 0.102412685751915 0.122650429606438 0.170720711350441 0.203284293413162 0.193938598036766 0.184474974870682 0.186017856001854 0.199811711907387 0.188891187310219 0.166829869151115 0.139900729060173 0.117057383060455 0.128132954239845 0.143672913312912 0.194716095924377 0.152488678693771 0.168187454342842 0.2233906686306 0.311720252037048 0.412721514701843 0.301240980625153 0.230685025453568 0.123337835073471 0.0584670417010784 0.0492858588695526 0.0227260980755091
-3.4e+38 -3.4e+38 -3.4e+38 -3.4e+38 -3.4e+38 -3.4e+38 -3.4e+38 -3.4e+38 -3.4e+38 0.701614916324615 0.698690831661224 0.691771924495697 0.669606506824493 0.639658749103546 0.671845555305481 0.734791815280914 0.694116175174713 0.760372042655945 0.641379356384277 0.62200266122818 0.576604902744293 0.486182004213333 0.32604119181633 0.20113816857338 0.20506763458252 0.230276569724083 0.227743104100227 0.222708433866501 0.210439339280128 0.203956484794617 0.207128524780273 0.19514174759388 0.18080723285675 0.148676872253418 0.12148991972208 0.0975174903869629 0.115486644208431 0.160925343632698 0.145116403698921 0.137963011860847 0.184865444898605 0.207003220915794 0.42717182636261 0.432833194732666 0.247826561331749 0.174563586711884 0.112589813768864 0.0902308225631714 0.0438747592270374
-3.4e+38 -3.4e+38 -3.4e+38 -3.4e+38 -3.4e+38 -3.4e+38 -3.4e+38 -3.4e+38 -3.4e+38 -3.4e+38 0.672752797603607 0.697532832622528 0.680102467536926 0.687578916549683 0.62992525100708 0.652173161506653 0.667757749557495 0.602152466773987 0.708258330821991 0.776575684547424 0.737319529056549 0.645651280879974 0.520684719085693 0.45483922958374 0.387265145778656 0.321969598531723 0.288388848304749 0.23370224237442 0.211689189076424 0.206547498703003 0.21313413977623 0.207026273012161 0.175871536135674 0.132962375879288 0.115112066268921 0.0950674191117287 0.0830655470490456 0.110364623367786 0.129646673798561 0.131609827280045 0.175857797265053 0.267007201910019 0.493376910686493 0.435348093509674 0.41240730881691 0.234476670622826 0.204145684838295 0.136618480086327 0.0344157628715038
-3.4e+38 -3.4e+38 -3.4e+38 -3.4e+38 -3.4e+38 -3.4e+38 -3.4e+38 -3.4e+38 -3.4e+38 -3.4e+38 -3.4e+38 0.683222115039825 0.726448953151703 0.750998675823212 0.673736274242401 0.667327702045441 0.673536717891693 0.695878446102142 0.736283123493195 0.819773316383362 0.82222592830658 0.856186032295227 0.748717546463013 0.665916264057159 0.555119872093201 0.421582639217377 0.29415038228035 0.209391057491302 0.189215019345284 0.196612894535065 0.225712805986404 0.201740399003029 0.156550198793411 0.113377824425697 0.0882841870188713 0.0685272663831711 0.0693948045372963 0.0809716135263443 0.0948134288191795 0.150282606482506 0.158070638775826 0.236446559429169 0.403248965740204 0.498865753412247 0.491279125213623 0.373610466718674 0.342544734477997 0.107266701757908 0.0357039123773575
-3.4e+38 -3.4e+38 -3.4e+38 -3.4e+38 -3.4e+38 -3.4e+38 -3.4e+38 -3.4e+38 -3.4e+38 -3.4e+38 -3.4e+38 0.682536721229553 0.734351873397827 0.774811029434204 0.804680526256561 0.774621069431305 0.745267152786255 0.74734628200531 0.813792824745178 0.867094933986664 0.891754448413849 0.878121852874756 0.893076002597809 0.778827309608459 0.610602021217346 0.40975084900856 0.219356387853622 0.152506574988365 0.132215112447739 0.14339391887188 0.190598055720329 0.22411772608757 0.149033680558205 0.0868584737181664 0.0634674802422523 0.0445597171783447 0.0474520474672318 0.0834147334098816 0.149553552269936 0.0904070734977722 0.133610337972641 0.169402435421944 0.18057881295681 0.294291317462921 0.588375091552734 0.512654840946198 0.29330113530159 0.16142962872982 0.103860676288605
