data/climate_estimation/maxent_output/Trillium_erectum.asc
NCOLS 307 
NROWS 177 
XLLCORNER -86.9166666666667 
YLLCORNER 34.4166666666667 
CELLSIZE 0.0833333333333333 
NODATA_value -3.4e+38 
[rows 88 to 109 of 177, columns 49 to 97 of 307]
0.319873750209808 0.321057260036469 0.37396764755249 0.456718951463699 0.542443752288818 0.577575981616974 0.602070331573486 0.598049819469452 0.596158623695374 0.61615002155304 0.616372585296631 0.619540095329285 0.619124174118042 0.60317462682724 0.603948175907135 0.606564164161682 0.58251291513443 0.518961608409882 0.522329866886139 0.56219083070755 0.570111930370331 0.57633513212204 0.579729080200195 0.582513272762299 0.59037834405899 0.588971614837646 0.591467022895813 0.624906063079834 0.623657464981079 0.626133561134338 0.651585698127747 0.657604396343231 0.658528745174408 0.664136230945587 0.666528046131134 0.670657575130463 0.671879649162292 0.672210097312927 0.697269916534424 0.699114918708801 0.683513283729553 0.682026624679565 0.684460282325745 0.684285700321198 0.683764219284058 0.678252696990967 0.673119604587555 0.671352386474609 0.655274569988251
0.202210769057274 0.257867187261581 0.322514414787292 0.373460203409195 0.520372331142426 0.582324326038361 0.578724265098572 0.598705053329468 0.596964061260223 0.617523014545441 0.615460395812988 0.616321325302124 0.619783580303192 0.620399296283722 0.604510545730591 0.605914413928986 0.607626676559448 0.583396434783936 0.592076361179352 0.601032853126526 0.632299423217773 0.634959161281586 0.61469179391861 0.585312485694885 0.588960826396942 0.622108221054077 0.620495140552521 0.624158263206482 0.626519680023193 0.629707098007202 0.633752644062042 0.657840132713318 0.662584185600281 0.669026792049408 0.671405255794525 0.670749485492706 0.650338351726532 0.676161348819733 0.67778742313385 0.679861485958099 0.681372761726379 0.6607386469841 0.684833884239197 0.682835042476654 0.67969274520874 0.677926421165466 0.67397665977478 0.662116467952728 0.657475411891937
0.15912276506424 0.203596845269203 0.302636682987213 0.372236669063568 0.455699622631073 0.516574203968048 0.578332662582397 0.57454913854599 0.595054507255554 0.594699442386627 0.61553031206131 0.616096615791321 0.616220951080322 0.616885542869568 0.620986700057983 0.606474936008453 0.614558279514313 0.619219601154327 0.62853330373764 0.653230667114258 0.657796263694763 0.638785183429718 0.615776360034943 0.60869300365448 0.615538239479065 0.621720969676971 0.620594203472137 0.624175488948822 0.624164938926697 0.628978073596954 0.633610308170319 0.639552175998688 0.643563270568848 0.670026063919067 0.677987396717072 0.678124308586121 0.654375791549683 0.653366684913635 0.656875252723694 0.659156024456024 0.662854552268982 0.659626126289368 0.662419974803925 0.681841909885406 0.679234564304352 0.675751805305481 0.673608899116516 0.666243970394135 0.653422713279724
0.19153019785881 0.242525294423103 0.284419417381287 0.352653861045837 0.429492771625519 0.490204423666 0.546952843666077 0.57444429397583 0.572612166404724 0.591837882995605 0.611623346805573 0.613316178321838 0.612978160381317 0.616660833358765 0.623637914657593 0.636283755302429 0.644538283348083 0.649311065673828 0.654524862766266 0.657497346401215 0.661547362804413 0.660936057567596 0.635184824466705 0.607785165309906 0.611831486225128 0.617013931274414 0.617336630821228 0.621091723442078 0.625919461250305 0.627845168113708 0.636202991008759 0.638575792312622 0.644386231899261 0.648238182067871 0.654952943325043 0.654167413711548 0.656784653663635 0.659393191337585 0.634567677974701 0.663675606250763 0.635458648204803 0.661822319030762 0.661350190639496 0.660396993160248 0.679362654685974 0.674128770828247 0.671464145183563 0.666883707046509 0.665370166301727
0.191266536712646 0.226681530475616 0.284804463386536 0.351716011762619 0.403800755739212 0.526616394519806 0.551522791385651 0.575449287891388 0.597506821155548 0.596087694168091 0.597478747367859 0.617386877536774 0.623616576194763 0.622415781021118 0.627846837043762 0.64253169298172 0.648480832576752 0.645996928215027 0.672773480415344 0.675337135791779 0.66053694486618 0.658538281917572 0.60888946056366 0.604194462299347 0.606547951698303 0.585207223892212 0.586299896240234 0.619092583656311 0.594666481018066 0.599232494831085 0.636000514030457 0.642917096614838 0.647849261760712 0.648319661617279 0.652251422405243 0.626279354095459 0.633362829685211 0.632611215114594 0.633832454681396 0.635694861412048 0.63998407125473 0.665039420127869 0.664695858955383 0.661609172821045 0.6807701587677 0.675924003124237 0.672807633876801 0.670384049415588 0.66508013010025
0.271998226642609 0.270555645227432 0.312866687774658 0.383505493402481 0.469116926193237 0.534461498260498 0.559035658836365 0.580592155456543 0.576988101005554 0.598676085472107 0.601338088512421 0.621132373809814 0.626954436302185 0.636638820171356 0.606784343719482 0.618346035480499 0.643898963928223 0.647538065910339 0.653452515602112 0.656342089176178 0.65722918510437 0.633616030216217 0.599477648735046 0.599807024002075 0.57350492477417 0.578829884529114 0.582055628299713 0.583091855049133 0.593602240085602 0.593595325946808 0.633210361003876 0.642365097999573 0.645193338394165 0.651765525341034 0.654559433460236 0.655094623565674 0.626064896583557 0.633138537406921 0.639937520027161 0.643681406974792 0.643335342407227 0.671278774738312 0.669964492321014 0.665708422660828 0.68245542049408 0.67951112985611 0.673692524433136 0.66817319393158 0.667367398738861
0.318600326776505 0.317149937152863 0.368108153343201 0.451290130615234 0.517950475215912 0.509699046611786 0.533492028713226 0.556579649448395 0.577111303806305 0.576888203620911 0.601129949092865 0.606386184692383 0.612760305404663 0.618687391281128 0.616908311843872 0.615552604198456 0.643848061561584 0.627882361412048 0.650430679321289 0.65324193239212 0.652398586273193 0.623043656349182 0.594615519046783 0.566666007041931 0.562986791133881 0.575741291046143 0.578578531742096 0.581320405006409 0.579882800579071 0.593342006206512 0.632269263267517 0.639046669006348 0.647923767566681 0.651063561439514 0.654131233692169 0.653167724609375 0.630298674106598 0.633395552635193 0.636472046375275 0.643799841403961 0.644290208816528 0.671583473682404 0.668330073356628 0.665847778320312 0.683707892894745 0.677542805671692 0.673942923545837 0.67129909992218 0.669227361679077
0.372819930315018 0.37129208445549 0.431148290634155 0.493560582399368 0.521015167236328 0.516473591327667 0.536887288093567 0.532455921173096 0.554075837135315 0.556218683719635 0.584608674049377 0.586273610591888 0.597126543521881 0.620130658149719 0.621840119361877 0.613620340824127 0.624332010746002 0.628517866134644 0.630700767040253 0.634804368019104 0.633087456226349 0.598290801048279 0.565309464931488 0.533055424690247 0.52840393781662 0.543610751628876 0.578654050827026 0.570289254188538 0.579232811927795 0.624612629413605 0.631893575191498 0.637398421764374 0.643397331237793 0.64623636007309 0.649153649806976 0.62611848115921 0.62638658285141 0.629655182361603 0.636126279830933 0.636991381645203 0.668338775634766 0.670834541320801 0.670689523220062 0.689466893672943 0.68365091085434 0.679938733577728 0.678593754768372 0.675557911396027 0.669849276542664
0.434095770120621 0.432438313961029 0.472013294696808 0.475976705551147 0.499908328056335 0.52318674325943 0.51763516664505 0.542146861553192 0.536922812461853 0.567899584770203 0.572405934333801 0.573708176612854 0.573164284229279 0.599992215633392 0.597246706485748 0.595312476158142 0.606290221214294 0.609049141407013 0.611164748668671 0.608613252639771 0.607150971889496 0.598203897476196 0.56553053855896 0.539325535297394 0.536072194576263 0.536767363548279 0.539579093456268 0.574822008609772 0.571751773357391 0.61591649055481 0.623394072055817 0.632836937904358 0.634993016719818 0.63799262046814 0.641518950462341 0.645917534828186 0.62638658285141 0.621336936950684 0.625329971313477 0.629762470722198 0.637469112873077 0.667386472225189 0.666924059391022 0.685939073562622 0.68275785446167 0.680397689342499 0.676869988441467 0.674773991107941 0.671071410179138
0.473695814609528 0.47363618016243 0.477701723575592 0.478337019681931 0.506026208400726 0.50401371717453 0.531261026859283 0.529920816421509 0.552146017551422 0.544465780258179 0.549964547157288 0.576760768890381 0.577251493930817 0.579717516899109 0.575226247310638 0.600783348083496 0.605823934078217 0.60968691110611 0.61135345697403 0.610899746417999 0.579872906208038 0.575349092483521 0.545003235340118 0.543071031570435 0.540945172309875 0.54110461473465 0.542136073112488 0.572407782077789 0.571452736854553 0.572830379009247 0.612079977989197 0.624878585338593 0.627093434333801 0.630092620849609 0.634782075881958 0.639388024806976 0.646798670291901 0.646852195262909 0.619169950485229 0.657574355602264 0.661636888980865 0.662076473236084 0.68500691652298 0.683621287345886 0.681602120399475 0.676597833633423 0.695771992206573 0.672361433506012 0.689484119415283
0.476126044988632 0.481271475553513 0.481775015592575 0.482681274414062 0.510620355606079 0.508992373943329 0.537010431289673 0.535424947738647 0.530754268169403 0.528065145015717 0.526172399520874 0.549474537372589 0.547287583351135 0.54869282245636 0.547329306602478 0.579036116600037 0.582866668701172 0.610027968883514 0.583435654640198 0.583635926246643 0.579429745674133 0.577626287937164 0.578273057937622 0.549277365207672 0.54689747095108 0.54418283700943 0.546990811824799 0.578257143497467 0.572442650794983 0.592406272888184 0.609603524208069 0.614055573940277 0.621409714221954 0.627616226673126 0.632045984268188 0.63231372833252 0.636175453662872 0.643799901008606 0.643960654735565 0.619315028190613 0.648584723472595 0.651829063892365 0.67896831035614 0.681206583976746 0.700116336345673 0.697587966918945 0.695991158485413 0.68993729352951 0.68691074848175
0.483241707086563 0.484462887048721 0.459600478410721 0.484467625617981 0.513337910175323 0.516364812850952 0.510336577892303 0.513667643070221 0.535121440887451 0.506140768527985 0.532417356967926 0.527677834033966 0.52590137720108 0.524597465991974 0.551971197128296 0.550904810428619 0.583311378955841 0.582410275936127 0.586710274219513 0.591206431388855 0.588908851146698 0.581497669219971 0.582677006721497 0.585831582546234 0.550249457359314 0.547372758388519 0.575785279273987 0.571004152297974 0.570222973823547 0.564601182937622 0.594296872615814 0.602446734905243 0.610807120800018 0.614272177219391 0.618998944759369 0.618520677089691 0.629440486431122 0.632281184196472 0.637371301651001 0.635027706623077 0.639548242092133 0.671507179737091 0.674696505069733 0.675151467323303 0.697214484214783 0.697411119937897 0.694031536579132 0.686395525932312 0.683407306671143
0.486213743686676 0.488612920045853 0.465303331613541 0.48915222287178 0.492911070585251 0.517723977565765 0.520161390304565 0.512640714645386 0.508349716663361 0.511175096035004 0.498995572328568 0.505121409893036 0.504670798778534 0.53108149766922 0.531365931034088 0.553937017917633 0.554375469684601 0.554326057434082 0.558128952980042 0.58704936504364 0.585886418819427 0.585249304771423 0.589341461658478 0.582306385040283 0.549633681774139 0.578351199626923 0.578351199626923 0.567643702030182 0.568206250667572 0.596997916698456 0.592210829257965 0.592824041843414 0.594255268573761 0.597929775714874 0.604341506958008 0.613277435302734 0.622537016868591 0.624932169914246 0.626921772956848 0.594590783119202 0.632551670074463 0.663159370422363 0.667700409889221 0.694721221923828 0.697894692420959 0.716739475727081 0.714081048965454 0.710131943225861 0.688926815986633
0.490914434194565 0.468564808368683 0.494710236787796 0.494835644960403 0.494649618864059 0.490882515907288 0.519173622131348 0.520779192447662 0.513605356216431 0.506083428859711 0.50249058008194 0.510805547237396 0.512632608413696 0.537889540195465 0.533112287521362 0.529794633388519 0.557901084423065 0.559014916419983 0.55747926235199 0.553800284862518 0.557255566120148 0.557659506797791 0.587682962417603 0.582003474235535 0.581137955188751 0.552976131439209 0.57680082321167 0.570861637592316 0.574401915073395 0.570689082145691 0.583639919757843 0.58853679895401 0.59504771232605 0.594428777694702 0.602821111679077 0.606351137161255 0.611508429050446 0.61154967546463 0.613654911518097 0.591342568397522 0.625976383686066 0.655912280082703 0.663041472434998 0.672821998596191 0.699300587177277 0.719913184642792 0.717022061347961 0.713784992694855 0.705634355545044
0.496158510446548 0.500890851020813 0.497089862823486 0.497649282217026 0.497251242399216 0.495060980319977 0.522320926189423 0.514956057071686 0.491709172725677 0.517052471637726 0.508244454860687 0.510591208934784 0.517439424991608 0.541895925998688 0.538808166980743 0.535465598106384 0.557723045349121 0.555134057998657 0.556389153003693 0.560895025730133 0.559744358062744 0.560552000999451 0.561731159687042 0.58615243434906 0.584020555019379 0.584581255912781 0.577047884464264 0.574133932590485 0.570057094097137 0.565237939357758 0.58802193403244 0.580880105495453 0.612082719802856 0.595118939876556 0.595389604568481 0.620920062065125 0.602160215377808 0.606037557125092 0.610227823257446 0.618380308151245 0.628675699234009 0.63070547580719 0.664785623550415 0.695038557052612 0.701586127281189 0.72129237651825 0.722980499267578 0.728032648563385 0.708730816841125
0.498162448406219 0.504506945610046 0.500089585781097 0.527301907539368 0.526724755764008 0.528140008449554 0.525315463542938 0.521183431148529 0.499192625284195 0.518243551254272 0.50918048620224 0.517286598682404 0.547549843788147 0.516714811325073 0.542343199253082 0.53309291601181 0.531633973121643 0.562695801258087 0.552939891815186 0.55624657869339 0.559394299983978 0.565641105175018 0.561933159828186 0.559570074081421 0.588340044021606 0.581288635730743 0.580321371555328 0.585745513439178 0.60908305644989 0.598392963409424 0.592466533184052 0.580986440181732 0.580986440181732 0.613142013549805 0.611306965351105 0.593990087509155 0.593405187129974 0.604923784732819 0.61741578578949 0.620075702667236 0.624033510684967 0.652442753314972 0.664473354816437 0.688438355922699 0.714077174663544 0.722263634204865 0.736367583274841 0.730790197849274 0.720518469810486
0.49563792347908 0.528860628604889 0.527392745018005 0.520063042640686 0.553984999656677 0.522731006145477 0.518934190273285 0.521862030029297 0.527310490608215 0.519049763679504 0.511537134647369 0.51362556219101 0.518330872058868 0.544085025787354 0.545389533042908 0.537350594997406 0.558525204658508 0.555635690689087 0.55943763256073 0.553744673728943 0.560033619403839 0.566021800041199 0.566328108310699 0.594667971134186 0.594563901424408 0.592215180397034 0.57907110452652 0.583861291408539 0.607329249382019 0.599042594432831 0.597052991390228 0.586550951004028 0.585574507713318 0.57003790140152 0.569831609725952 0.588500022888184 0.621872127056122 0.605068743228912 0.611273944377899 0.620161056518555 0.639166414737701 0.645435392856598 0.667098641395569 0.682205498218536 0.714616596698761 0.730332672595978 0.729199469089508 0.742394924163818 0.736507475376129
0.4970463514328 0.537257969379425 0.537084460258484 0.556730329990387 0.553307294845581 0.549887359142303 0.550386309623718 0.521600782871246 0.523442327976227 0.518766462802887 0.540440261363983 0.54282408952713 0.546303391456604 0.541081726551056 0.543047606945038 0.537662208080292 0.52856969833374 0.551219642162323 0.522405207157135 0.55591893196106 0.559781312942505 0.563854157924652 0.594251811504364 0.59185129404068 0.590925395488739 0.592857360839844 0.580382227897644 0.614024639129639 0.614237546920776 0.60389631986618 0.596988081932068 0.591670989990234 0.581704676151276 0.589816749095917 0.611540853977203 0.572310268878937 0.58622133731842 0.616502583026886 0.626092970371246 0.638591885566711 0.635929584503174 0.641222655773163 0.670300960540771 0.704064130783081 0.695563614368439 0.719512224197388 0.740755498409271 0.73369312286377 0.735858619213104
0.519474029541016 0.531640827655792 0.533143699169159 0.555256009101868 0.552692651748657 0.55098968744278 0.552482426166534 0.555239617824554 0.525465190410614 0.549671053886414 0.545643389225006 0.538949012756348 0.538872420787811 0.533289849758148 0.532495200634003 0.528327405452728 0.535703420639038 0.560569584369659 0.554518938064575 0.557650983333588 0.558082461357117 0.593255043029785 0.59698885679245 0.597100615501404 0.597312390804291 0.589299380779266 0.579236149787903 0.611297070980072 0.609810829162598 0.609071850776672 0.604304552078247 0.592116117477417 0.586436867713928 0.590473055839539 0.583894550800323 0.566595494747162 0.591922163963318 0.612690031528473 0.625055134296417 0.646829187870026 0.658135056495667 0.659965217113495 0.695479154586792 0.693457126617432 0.711976647377014 0.715517401695251 0.714034676551819 0.725405633449554 0.724930822849274
0.516959369182587 0.523892521858215 0.528311491012573 0.524767160415649 0.55326908826828 0.552022159099579 0.554812371730804 0.548100173473358 0.549259066581726 0.545543849468231 0.546882033348083 0.537548303604126 0.56967169046402 0.525254368782043 0.531794667243958 0.533171415328979 0.556526720523834 0.55993264913559 0.554527580738068 0.556786894798279 0.56144767999649 0.595729112625122 0.597100615501404 0.593526363372803 0.590536892414093 0.583541750907898 0.612608075141907 0.613218128681183 0.612998723983765 0.608383178710938 0.603127717971802 0.598454177379608 0.592720806598663 0.58876645565033 0.567461133003235 0.598611891269684 0.587073147296906 0.621092438697815 0.632816016674042 0.63850325345993 0.654216468334198 0.688768029212952 0.688163697719574 0.688012361526489 0.694938182830811 0.693816006183624 0.696947336196899 0.7103511095047 0.710305273532867
0.510303258895874 0.520466506481171 0.548072934150696 0.549172639846802 0.541647791862488 0.543395221233368 0.547734618186951 0.542142629623413 0.540252804756165 0.538089632987976 0.533428847789764 0.539888262748718 0.535915195941925 0.533771455287933 0.524128079414368 0.520932912826538 0.548659861087799 0.551502287387848 0.553106904029846 0.56244295835495 0.563774764537811 0.600888967514038 0.596232116222382 0.593551576137543 0.595618903636932 0.5859095454216 0.620949625968933 0.622602224349976 0.615097939968109 0.610630393028259 0.604556679725647 0.600648641586304 0.595620512962341 0.585146427154541 0.607508361339569 0.575115323066711 0.598737955093384 0.631507694721222 0.640790939331055 0.643904387950897 0.686396598815918 0.687438011169434 0.693513870239258 0.663082659244537 0.676939904689789 0.676816940307617 0.674459755420685 0.68293571472168 0.687223136425018
0.496461421251297 0.514137744903564 0.544125854969025 0.538715004920959 0.520236134529114 0.524687230587006 0.532740116119385 0.533415734767914 0.530995965003967 0.536130309104919 0.532877624034882 0.53449809551239 0.533891201019287 0.531497895717621 0.539597272872925 0.539089262485504 0.54304701089859 0.54338401556015 0.551788747310638 0.5680992603302 0.599499881267548 0.603656113147736 0.602578461170197 0.5956090092659 0.585744440555573 0.607594549655914 0.613689124584198 0.621179938316345 0.621759355068207 0.61670970916748 0.605481505393982 0.599817156791687 0.590106546878815 0.588638186454773 0.601634204387665 0.577266335487366 0.604521632194519 0.635832130908966 0.632560312747955 0.681663155555725 0.687830746173859 0.687336325645447 0.662385642528534 0.673316776752472 0.668406069278717 0.657979607582092 0.665290296077728 0.668099880218506 0.660156786441803
