data/climate_estimation/maxent_output/Trillium_flexipes.asc
NCOLS 223 
NROWS 151 
XLLCORNER -94.25 
YLLCORNER 33.1666666666667 
CELLSIZE 0.0833333333333333 
NODATA_value -3.4e+38 
[rows 120 to 139 of 151, columns 0 to 43 of 223]
0.235813945531845 0.233034148812294 0.286794662475586 0.3182373046875 0.313928097486496 0.262310683727264 0.277719765901566 0.275168269872665 0.310646206140518 0.334067791700363 0.321433395147324 0.27919140458107 0.290812492370605 0.325674831867218 0.314765870571136 0.319076657295227 0.326985090970993 0.338693022727966 0.337598383426666 0.275653630495071 0.279629826545715 0.312416106462479 0.287913411855698 0.543591439723969 0.5945063829422 0.584253668785095 0.562824010848999 0.585410296916962 0.507323086261749 0.499869108200073 0.397390127182007 0.402968674898148 0.396497011184692 0.414753824472427 0.402674317359924 0.398458242416382 0.386602520942688 0.381448775529861 0.378678977489471 0.372297942638397 0.38847491145134 0.401253193616867 0.423577576875687 0.420205980539322
0.187816590070724 0.196013391017914 0.214723035693169 0.184627696871758 0.20284515619278 0.258963882923126 0.304432570934296 0.305350929498672 0.318649768829346 0.320669412612915 0.288762837648392 0.258222758769989 0.225354686379433 0.24632753431797 0.274472534656525 0.264298409223557 0.286241978406906 0.310913503170013 0.31745582818985 0.261117815971375 0.241043299436569 0.428095757961273 0.484947711229324 0.478675842285156 0.484820932149887 0.515561521053314 0.556743443012238 0.598496198654175 0.561840534210205 0.549964308738708 0.508646845817566 0.471936523914337 0.4510238468647 0.41245624423027 0.413912206888199 0.402337104082108 0.396406263113022 0.385634571313858 0.391840428113937 0.363497972488403 0.377734750509262 0.393397808074951 0.432076066732407 0.417424708604813
0.141897022724152 0.134783074259758 0.132056564092636 0.143498882651329 0.162058711051941 0.182533904910088 0.21828505396843 0.182920575141907 0.188793823122978 0.187780946493149 0.191880702972412 0.192130610346794 0.203763663768768 0.215851083397865 0.207531869411469 0.205396920442581 0.248371437191963 0.260466128587723 0.22761170566082 0.413930714130402 0.387081801891327 0.403533160686493 0.414568156003952 0.408033549785614 0.440694540739059 0.444276362657547 0.453165382146835 0.490653276443481 0.479634702205658 0.484722048044205 0.498649060726166 0.487801343202591 0.483565837144852 0.475049287080765 0.417787939310074 0.390815585851669 0.388584911823273 0.36541548371315 0.36392942070961 0.362229585647583 0.368690729141235 0.387332797050476 0.403118491172791 0.389123946428299
0.111895374953747 0.111363224685192 0.126150503754616 0.143783077597618 0.154247209429741 0.149066284298897 0.167741134762764 0.149753630161285 0.147368282079697 0.149730890989304 0.153284087777138 0.171785235404968 0.167696639895439 0.163739994168282 0.154966846108437 0.156227588653564 0.185721084475517 0.178249776363373 0.341824144124985 0.355433285236359 0.406354308128357 0.432776510715485 0.470115512609482 0.478478312492371 0.507641315460205 0.484364658594131 0.486839205026627 0.458716154098511 0.436976701021194 0.402081310749054 0.420736730098724 0.469070106744766 0.479759901762009 0.469124227762222 0.414574295282364 0.36861789226532 0.367335140705109 0.344982743263245 0.353644967079163 0.355517029762268 0.363166958093643 0.360580593347549 0.409990251064301 0.402739346027374
0.0975838825106621 0.105374604463577 0.111403979361057 0.124675936996937 0.127067029476166 0.129588305950165 0.134886115789413 0.143632426857948 0.138342157006264 0.140688344836235 0.140222772955894 0.155604869127274 0.155086427927017 0.139746338129044 0.166546016931534 0.15592049062252 0.268360584974289 0.287640899419785 0.30072546005249 0.326171427965164 0.362852334976196 0.359607726335526 0.416829228401184 0.445828497409821 0.457907557487488 0.521344780921936 0.525700271129608 0.522609174251556 0.430942088365555 0.37264409661293 0.40624463558197 0.411062061786652 0.451850950717926 0.385929882526398 0.3726906478405 0.372491955757141 0.361812144517899 0.353644579648972 0.350331038236618 0.345057636499405 0.338334947824478 0.365689247846603 0.405959218740463 0.400157868862152
0.103746078908443 0.102479666471481 0.102262414991856 0.107025139033794 0.120613113045692 0.14079961180687 0.137492775917053 0.158748596906662 0.161396235227585 0.150155305862427 0.154029443860054 0.134299159049988 0.137215137481689 0.134733974933624 0.145767375826836 0.143067941069603 0.225236505270004 0.247136116027832 0.268396228551865 0.299074441194534 0.327382504940033 0.342023760080338 0.400447070598602 0.460391968488693 0.469803601503372 0.487811803817749 0.509470164775848 0.480736374855042 0.409165948629379 0.386386156082153 0.393916308879852 0.378610998392105 0.382831752300262 0.379585117101669 0.351722002029419 0.347726464271545 0.366702258586884 0.355349630117416 0.358001351356506 0.354687720537186 0.350257158279419 0.379796981811523 0.404662102460861 0.387763053178787
0.0908334702253342 0.0895461291074753 0.103167966008186 0.109955511987209 0.125997066497803 0.129541382193565 0.184706747531891 0.260615438222885 0.23043093085289 0.208236858248711 0.177975028753281 0.184865206480026 0.129831179976463 0.240746900439262 0.243588611483574 0.23243273794651 0.22137838602066 0.216111779212952 0.228242471814156 0.264605492353439 0.295581668615341 0.34852147102356 0.376642733812332 0.401205807924271 0.401578843593597 0.45771735906601 0.470292419195175 0.462243944406509 0.410719066858292 0.383343547582626 0.376145929098129 0.375992357730865 0.376483768224716 0.368856072425842 0.365153521299362 0.382676094770432 0.373137831687927 0.351160436868668 0.364156097173691 0.368061304092407 0.359090656042099 0.391161859035492 0.402760118246078 0.387307584285736
0.0658507719635963 0.071104072034359 0.0836098045110703 0.0983102768659592 0.105065666139126 0.112783797085285 0.140222892165184 0.155249312520027 0.140549898147583 0.134881526231766 0.142141669988632 0.130007430911064 0.125043466687202 0.243247821927071 0.245432987809181 0.290173172950745 0.278275817632675 0.220780581235886 0.22188638150692 0.240828096866608 0.2847680747509 0.320176750421524 0.367331445217133 0.410537838935852 0.45108950138092 0.428936421871185 0.418302714824677 0.420956671237946 0.399114400148392 0.376661360263824 0.366347461938858 0.386545121669769 0.365861624479294 0.378947675228119 0.378716886043549 0.368703186511993 0.395636528730392 0.393398702144623 0.394516587257385 0.397478580474854 0.401818186044693 0.436450928449631 0.417846351861954 0.408906549215317
0.0513559691607952 0.0553699769079685 0.0800356566905975 0.107605010271072 0.120715022087097 0.161301672458649 0.218738615512848 0.16985821723938 0.143321737647057 0.123665831983089 0.147643461823463 0.140120729804039 0.127966225147247 0.255922585725784 0.26690137386322 0.293247431516647 0.279350250959396 0.23698416352272 0.236862376332283 0.247240230441093 0.279952675104141 0.329006910324097 0.350837379693985 0.394634366035461 0.435750812292099 0.458416283130646 0.421445965766907 0.40857008099556 0.386383026838303 0.373724818229675 0.380250096321106 0.365790724754333 0.373517245054245 0.38675332069397 0.374446094036102 0.392728954553604 0.451729744672775 0.422711670398712 0.388497292995453 0.414814680814743 0.418806165456772 0.463628947734833 0.466647356748581 0.464025408029556
0.106131978332996 0.0806948617100716 0.103052511811256 0.156434401869774 0.176316067576408 0.170158073306084 0.155899107456207 0.146687299013138 0.148579493165016 0.143194630742073 0.134133070707321 0.139876425266266 0.149964869022369 0.335474163293839 0.297399312257767 0.266722500324249 0.255014032125473 0.251411318778992 0.267254054546356 0.311567038297653 0.302098959684372 0.322706609964371 0.350808680057526 0.407516330480576 0.43220517039299 0.44629892706871 0.420648843050003 0.41994920372963 0.388016015291214 0.39289978146553 0.382924646139145 0.364591896533966 0.414831608533859 0.415756195783615 0.4451904296875 0.458444118499756 0.464886903762817 0.474890023469925 0.477882295846939 0.463539689779282 0.471192181110382 0.503241360187531 0.481904685497284 0.47817987203598
0.0917971879243851 0.0838501304388046 0.100832149386406 0.136218547821045 0.153892040252686 0.137822315096855 0.127028048038483 0.135053545236588 0.153689429163933 0.164344683289528 0.184978067874908 0.193011313676834 0.17625629901886 0.351285248994827 0.346711486577988 0.401160687208176 0.385615587234497 0.331212431192398 0.292297452688217 0.299547612667084 0.298727691173553 0.302343785762787 0.324831455945969 0.377813756465912 0.405214250087738 0.439322739839554 0.43266636133194 0.399980127811432 0.39097061753273 0.371560275554657 0.375823467969894 0.389773070812225 0.394174695014954 0.410186767578125 0.408501029014587 0.442705750465393 0.449430853128433 0.473238050937653 0.486588686704636 0.47620478272438 0.486480176448822 0.497117787599564 0.480886310338974 0.477772384881973
0.126067891716957 0.126909703016281 0.107419222593307 0.109895631670952 0.135189816355705 0.143470913171768 0.181439056992531 0.192922070622444 0.194987758994102 0.196207329630852 0.195961892604828 0.19433282315731 0.192123711109161 0.471984326839447 0.479598671197891 0.397924453020096 0.339296281337738 0.307351350784302 0.330778032541275 0.332964837551117 0.323958545923233 0.343896061182022 0.350412160158157 0.37933212518692 0.386467754840851 0.396050333976746 0.396812915802002 0.404947847127914 0.37037381529808 0.372663587331772 0.352208703756332 0.382740199565887 0.391719192266464 0.408160358667374 0.412693738937378 0.451547801494598 0.466012954711914 0.47041043639183 0.460414052009583 0.466058731079102 0.482959777116776 0.508902192115784 0.471272200345993 0.484147429466248
0.192593365907669 0.178956776857376 0.187201842665672 0.197817519307137 0.192676559090614 0.192104533314705 0.189891561865807 0.205801844596863 0.18532820045948 0.173689842224121 0.173411101102829 0.178654432296753 0.194418579339981 0.4229776263237 0.371722787618637 0.336828887462616 0.291908383369446 0.294885009527206 0.314730584621429 0.31437286734581 0.347867459058762 0.35479736328125 0.342860251665115 0.354911804199219 0.37363588809967 0.378041625022888 0.380513191223145 0.388341099023819 0.352930009365082 0.351690649986267 0.321818798780441 0.346432477235794 0.368392825126648 0.389257371425629 0.362367540597916 0.420793920755386 0.424283534288406 0.445422679185867 0.446142613887787 0.458261489868164 0.475951313972473 0.515124022960663 0.496479600667953 0.477002620697021
0.183277636766434 0.169522196054459 0.19533796608448 0.19926130771637 0.198483437299728 0.155569598078728 0.160804554820061 0.163828298449516 0.156767413020134 0.159828916192055 0.151414006948471 0.149617448449135 0.373487085103989 0.396935284137726 0.387902081012726 0.334159165620804 0.292705506086349 0.287862092256546 0.308175832033157 0.301212191581726 0.337884664535522 0.325673639774323 0.338469684123993 0.357247233390808 0.355818569660187 0.378802627325058 0.373595714569092 0.41518896818161 0.391202330589294 0.381037801504135 0.365283340215683 0.334091663360596 0.299639403820038 0.34025439620018 0.366122186183929 0.372701555490494 0.415466040372849 0.423566460609436 0.44086018204689 0.455317556858063 0.462387561798096 0.489082247018814 0.499748289585114 0.481055110692978
0.203529819846153 0.170930400490761 0.16755710542202 0.170717224478722 0.17369519174099 0.185316771268845 0.174339130520821 0.169087648391724 0.164594635367393 0.421504706144333 0.428834855556488 0.404239684343338 0.394639045000076 0.389347583055496 0.378494173288345 0.347790390253067 0.341853082180023 0.309002578258514 0.298091888427734 0.296250760555267 0.318605035543442 0.336510270833969 0.339486628770828 0.340607166290283 0.357979893684387 0.345544278621674 0.363366037607193 0.402895897626877 0.367692291736603 0.359202653169632 0.35091832280159 0.318780362606049 0.344728022813797 0.37874299287796 0.40393802523613 0.368136137723923 0.370263367891312 0.398742437362671 0.418414860963821 0.423541903495789 0.449238896369934 0.467604488134384 0.47058978676796 0.486891210079193
0.224890857934952 0.231241539120674 0.250948011875153 0.234054565429688 0.239492431282997 0.192102774977684 0.172353014349937 0.19897224009037 0.511370301246643 0.464686751365662 0.430167555809021 0.407678753137589 0.377269059419632 0.341617435216904 0.333744317293167 0.341716468334198 0.340650200843811 0.319566249847412 0.296987742185593 0.296284377574921 0.310201376676559 0.328744351863861 0.321843355894089 0.338864594697952 0.340337336063385 0.337768942117691 0.346612572669983 0.381582051515579 0.366448968648911 0.349052995443344 0.34560039639473 0.354841113090515 0.360075145959854 0.392660826444626 0.399168521165848 0.404389619827271 0.389979779720306 0.387997061014175 0.395521998405457 0.413308680057526 0.412411212921143 0.425720244646072 0.433026611804962 0.435156524181366
0.180571869015694 0.224313154816628 0.254729628562927 0.246841073036194 0.222346797585487 0.216900393366814 0.496782064437866 0.445487707853317 0.4598248898983 0.429776906967163 0.445181906223297 0.43748939037323 0.433727264404297 0.430261462926865 0.387191236019135 0.3655706346035 0.316578269004822 0.320636689662933 0.277093648910522 0.272358298301697 0.309890329837799 0.29808309674263 0.314909845590591 0.317968428134918 0.343353152275085 0.345798015594482 0.312503844499588 0.366194784641266 0.366347163915634 0.331445276737213 0.332459330558777 0.346414774656296 0.354452908039093 0.387009412050247 0.388023942708969 0.375549525022507 0.359460413455963 0.364914000034332 0.362809717655182 0.382179409265518 0.382960289716721 0.400112330913544 0.406093955039978 0.407957792282104
0.154721289873123 0.163187697529793 0.171683803200722 0.189568608999252 0.175610408186913 0.446655601263046 0.459627747535706 0.444386303424835 0.437181890010834 0.42144587635994 0.417483270168304 0.396241128444672 0.376474022865295 0.382797539234161 0.361346423625946 0.317128986120224 0.311045378446579 0.345164686441422 0.329184293746948 0.280388295650482 0.295356422662735 0.310738623142242 0.311675161123276 0.327903687953949 0.341077864170074 0.32920229434967 0.319000899791718 0.346604436635971 0.344802886247635 0.345544904470444 0.349556088447571 0.337234705686569 0.337249636650085 0.360280781984329 0.363661378622055 0.363486140966415 0.349685400724411 0.354001551866531 0.358980178833008 0.356340140104294 0.371404469013214 0.383550256490707 0.357073307037354 0.35223588347435
0.143633902072906 0.15875369310379 0.151386290788651 0.174421161413193 0.395701885223389 0.418091207742691 0.410124689340591 0.466617971658707 0.432724058628082 0.411695748567581 0.40948674082756 0.41447114944458 0.385524809360504 0.361569970846176 0.331750571727753 0.30982169508934 0.330570876598358 0.351862192153931 0.353765457868576 0.321562170982361 0.276545256376266 0.286348342895508 0.287049561738968 0.300438016653061 0.321057230234146 0.321825414896011 0.313942342996597 0.316273480653763 0.307382673025131 0.331312298774719 0.333160161972046 0.327971369028091 0.349442481994629 0.333467960357666 0.336478382349014 0.3441162109375 0.340341329574585 0.342172294855118 0.343180745840073 0.356193602085114 0.358271062374115 0.370187938213348 0.331602156162262 0.325150609016418
0.134259477257729 0.140901044011116 0.333488553762436 0.347044199705124 0.363430887460709 0.375735759735107 0.418166369199753 0.436773121356964 0.423290491104126 0.393338769674301 0.390004187822342 0.367561280727386 0.360947728157043 0.347546339035034 0.28091162443161 0.321341276168823 0.343217581510544 0.35644918680191 0.347505033016205 0.348986387252808 0.299730956554413 0.288663119077682 0.288832277059555 0.299894154071808 0.306012362241745 0.32237583398819 0.343529939651489 0.312849074602127 0.315700769424438 0.330784231424332 0.323465377092361 0.324957758188248 0.322361499071121 0.32441920042038 0.313432067632675 0.328163504600525 0.327233642339706 0.327888518571854 0.334379971027374 0.33790111541748 0.347153633832932 0.32879576086998 0.324511408805847 0.316828429698944
