data/climate_estimation/maxent_output/Trillium_erectum.asc
NCOLS 307 
NROWS 177 
XLLCORNER -86.9166666666667 
YLLCORNER 34.4166666666667 
CELLSIZE 0.0833333333333333 
NODATA_value -3.4e+38 
[rows 110 to 131 of 177, columns 98 to 146 of 307]
0.666136682033539 0.658827066421509 0.641035735607147 0.635648608207703 0.634286761283875 0.632715821266174 0.660520672798157 0.646709084510803 0.65155953168869 0.684944808483124 0.677734673023224 0.64428985118866 0.599286258220673 0.603170573711395 0.700665950775146 0.742292821407318 0.729517638683319 0.688011586666107 0.602478802204132 0.569533050060272 0.548684775829315 0.505813837051392 0.525481283664703 0.54206907749176 0.582284152507782 0.633952796459198 0.636689841747284 0.588226735591888 0.582761824131012 0.617807924747467 0.650112986564636 0.692739248275757 0.695376217365265 0.709444880485535 0.705625951290131 0.685341954231262 0.68332827091217 0.669440388679504 0.670760273933411 0.641902208328247 0.611671388149261 0.575988113880157 0.502269983291626 0.484479755163193 0.514252960681915 0.530185699462891 0.547507584095001 0.56499183177948 0.565928041934967
0.66543585062027 0.65893143415451 0.662165224552155 0.633679509162903 0.634108483791351 0.63899838924408 0.649832010269165 0.603021800518036 0.646806120872498 0.660787642002106 0.556857883930206 0.540797710418701 0.571223795413971 0.633383274078369 0.702436923980713 0.738492667675018 0.700420022010803 0.599005460739136 0.566471993923187 0.546723484992981 0.529682815074921 0.588099420070648 0.567128598690033 0.597524225711823 0.646700143814087 0.687351644039154 0.680725395679474 0.669186890125275 0.633684873580933 0.680119454860687 0.68595427274704 0.685726165771484 0.696376860141754 0.69902378320694 0.700460016727448 0.679803490638733 0.664663970470428 0.639627933502197 0.655125260353088 0.590869188308716 0.511659562587738 0.474863708019257 0.460153818130493 0.481584519147873 0.517553687095642 0.554701805114746 0.554781854152679 0.591104507446289 0.583182752132416
0.624860823154449 0.631453275680542 0.637730836868286 0.622664034366608 0.615064263343811 0.625185072422028 0.597986102104187 0.585685312747955 0.646665275096893 0.614055156707764 0.519602179527283 0.503097295761108 0.555856585502625 0.606898188591003 0.692379891872406 0.730422616004944 0.648107767105103 0.580805003643036 0.543331325054169 0.567429423332214 0.529411673545837 0.571295857429504 0.61842292547226 0.669014096260071 0.703431308269501 0.704465508460999 0.683825552463531 0.661911368370056 0.659302949905396 0.607502937316895 0.641101717948914 0.656991600990295 0.660087406635284 0.686085402965546 0.67534863948822 0.646664440631866 0.646254599094391 0.618963897228241 0.620280504226685 0.507280111312866 0.432049006223679 0.466552823781967 0.486028015613556 0.504318118095398 0.522144794464111 0.56330931186676 0.569703757762909 0.5882328748703 0.590201735496521
0.540000677108765 0.618861496448517 0.581874191761017 0.594279110431671 0.592653214931488 0.606473028659821 0.538823485374451 0.543933987617493 0.560736417770386 0.653752863407135 0.51907604932785 0.483112215995789 0.525218069553375 0.557568550109863 0.669199764728546 0.710446178913116 0.648517966270447 0.528008341789246 0.525451600551605 0.568864822387695 0.603721618652344 0.637336373329163 0.683183670043945 0.694159805774689 0.709823846817017 0.699073195457458 0.692368865013123 0.657591819763184 0.638692319393158 0.604024887084961 0.591973066329956 0.611299276351929 0.641210317611694 0.642820656299591 0.624232053756714 0.594282627105713 0.556472539901733 0.516908645629883 0.478273153305054 0.453372627496719 0.454008162021637 0.475276738405228 0.510238170623779 0.53545218706131 0.557155609130859 0.555818200111389 0.559321761131287 0.559786677360535 0.570719957351685
0.506538033485413 0.612860321998596 0.518058955669403 0.562828063964844 0.521281063556671 0.553086340427399 0.556571662425995 0.601525187492371 0.512755513191223 0.502042412757874 0.458037763834 0.481607913970947 0.483316093683243 0.54567152261734 0.716145992279053 0.70917010307312 0.542233347892761 0.521768987178802 0.544483840465546 0.566194891929626 0.603165447711945 0.639237463474274 0.675047636032104 0.66022253036499 0.678303837776184 0.652241945266724 0.661306738853455 0.631182730197906 0.582046270370483 0.562694370746613 0.559572339057922 0.558044910430908 0.61857271194458 0.569121360778809 0.54924088716507 0.528738617897034 0.507206678390503 0.489062309265137 0.469877243041992 0.463041514158249 0.463689982891083 0.483760923147202 0.520440995693207 0.544781625270844 0.54456090927124 0.546590685844421 0.535675764083862 0.549726009368896 0.580341279506683
0.401378512382507 0.40096777677536 0.453784674406052 0.488958537578583 0.591709494590759 0.616166472434998 0.5709188580513 0.624404609203339 0.496379494667053 0.460398644208908 0.443173348903656 0.457508116960526 0.458899319171906 0.621456563472748 0.689631640911102 0.686290442943573 0.482650220394135 0.547173619270325 0.583636224269867 0.583304584026337 0.604954481124878 0.629195511341095 0.59957879781723 0.605040371417999 0.572036027908325 0.537920475006104 0.591830909252167 0.572102129459381 0.545887649059296 0.526629149913788 0.54111635684967 0.526234447956085 0.494741141796112 0.504252731800079 0.484288781881332 0.481129825115204 0.48107647895813 0.461140990257263 0.454820990562439 0.455651044845581 0.475536733865738 0.494676738977432 0.51841938495636 0.522861838340759 0.544072449207306 0.549340784549713 0.54901385307312 0.566035985946655 0.593341767787933
0.471756547689438 0.500389456748962 0.514859437942505 0.598577976226807 0.605119824409485 0.578974962234497 0.627873837947845 0.531361639499664 0.514030635356903 0.441034913063049 0.441593617200851 0.452993929386139 0.474202275276184 0.602377533912659 0.553523898124695 0.562907040119171 0.441939026117325 0.556813478469849 0.594965636730194 0.636788487434387 0.640599966049194 0.581207513809204 0.54573917388916 0.571858704090118 0.558678984642029 0.469463646411896 0.475146800279617 0.457219570875168 0.429028421640396 0.395605355501175 0.425798654556274 0.424645245075226 0.438198357820511 0.477255314588547 0.476333886384964 0.475591003894806 0.472354382276535 0.463544726371765 0.465352565050125 0.466601520776749 0.488026887178421 0.511160135269165 0.517229378223419 0.541030406951904 0.54492598772049 0.545547068119049 0.570084154605865 0.585009813308716 0.595516920089722
0.539054572582245 0.558506488800049 0.578208267688751 0.558265745639801 0.597737789154053 0.566118776798248 0.555164813995361 0.515876114368439 0.464801728725433 0.439661741256714 0.477890312671661 0.442884355783463 0.553675472736359 0.513722360134125 0.491338640451431 0.446144253015518 0.460593938827515 0.557925999164581 0.627981781959534 0.637693345546722 0.610250771045685 0.563565313816071 0.50691020488739 0.495298326015472 0.464450061321259 0.403343379497528 0.386838257312775 0.331444323062897 0.319627344608307 0.362865775823593 0.393912702798843 0.415826976299286 0.445567280054092 0.459375321865082 0.472981125116348 0.470015048980713 0.479087144136429 0.479409098625183 0.482884049415588 0.486159950494766 0.492204546928406 0.513103485107422 0.538687467575073 0.564302146434784 0.54004567861557 0.568936884403229 0.591632068157196 0.613020181655884 0.616651654243469
0.595261693000793 0.566705822944641 0.557235360145569 0.548085331916809 0.571549117565155 0.506160080432892 0.493957817554474 0.501052796840668 0.44367578625679 0.446457028388977 0.459197342395782 0.443611919879913 0.514447331428528 0.435098230838776 0.432808816432953 0.41228374838829 0.50931179523468 0.552769601345062 0.633156836032867 0.593381404876709 0.559136211872101 0.546829283237457 0.468880832195282 0.434387803077698 0.385202169418335 0.255862802267075 0.265698939561844 0.290029257535934 0.307069361209869 0.349252790212631 0.384297251701355 0.417212665081024 0.428191274404526 0.459021121263504 0.474397987127304 0.472015470266342 0.472337514162064 0.492143124341965 0.507354617118835 0.498519837856293 0.522961258888245 0.516269147396088 0.536865293979645 0.563554227352142 0.579554378986359 0.588614761829376 0.607856214046478 0.623381674289703 0.621804296970367
0.609639585018158 0.581054031848907 0.578396201133728 0.55900776386261 0.607892632484436 0.535510718822479 0.523076832294464 0.463674038648605 0.43174222111702 0.466446399688721 0.42241907119751 0.573760330677032 0.496280014514923 0.419214934110641 0.416927546262741 0.416402399539948 0.495784282684326 0.537795126438141 0.54089629650116 0.560670256614685 0.50780588388443 0.503738880157471 0.450075268745422 0.410854816436768 0.320330500602722 0.27270233631134 0.268637895584106 0.29547655582428 0.307914912700653 0.363604426383972 0.385301738977432 0.41409158706665 0.40948885679245 0.442546516656876 0.459735095500946 0.478198766708374 0.477709084749222 0.500626385211945 0.523907661437988 0.543221652507782 0.543856084346771 -3.4e+38 0.558987498283386 0.573659777641296 0.576546967029572 0.591630935668945 0.622376322746277 0.641959965229034 0.655809938907623
0.584866523742676 0.574360132217407 0.559923946857452 0.613206923007965 0.509656488895416 0.500395596027374 0.477808952331543 0.446770966053009 0.46375185251236 0.429619759321213 0.52972424030304 0.527409076690674 0.422902464866638 0.440722584724426 0.366387158632278 0.381689637899399 0.416602492332458 0.439613282680511 0.499506413936615 0.515943765640259 0.503519415855408 0.473980754613876 0.415077805519104 0.376581311225891 0.363959312438965 0.329599261283875 0.335697919130325 0.344864219427109 -3.4e+38 0.362774968147278 0.377509087324142 0.396079361438751 0.420541107654572 0.429156988859177 0.444835364818573 0.464149653911591 0.484996467828751 0.507124662399292 0.53712272644043 0.556624293327332 0.557615041732788 -3.4e+38 -3.4e+38 -3.4e+38 -3.4e+38 -3.4e+38 0.650383293628693 0.649802684783936 0.658773303031921
0.578042387962341 0.573975265026093 0.61488538980484 0.55476176738739 0.450183123350143 0.437080591917038 0.441984117031097 0.426982581615448 0.427223205566406 0.601152837276459 0.576279282569885 0.411972492933273 0.388649731874466 0.402835935354233 0.367320090532303 0.365246951580048 0.390386760234833 0.400353521108627 0.421773552894592 0.427244812250137 0.443466782569885 0.409260749816895 0.380910336971283 0.400812327861786 0.403859734535217 0.383884936571121 0.38882040977478 0.400029301643372 0.400368213653564 0.386916846036911 0.377507209777832 0.399030119180679 0.421800047159195 0.429797470569611 0.431008905172348 0.467804610729218 0.488561868667603 0.531166911125183 0.541385114192963 0.559626698493958 0.575286448001862 0.588664591312408 -3.4e+38 -3.4e+38 -3.4e+38 0.667595207691193 0.678644835948944 0.660266935825348 0.658321857452393
0.610530018806458 0.615013778209686 0.571664273738861 0.462330788373947 0.484465390443802 0.455262333154678 0.406517088413239 0.448197692632675 0.627026975154877 0.556985080242157 0.447137236595154 0.413507670164108 0.424102425575256 0.404955089092255 0.376490920782089 0.375545024871826 0.426215410232544 0.411996811628342 0.404927730560303 0.38540917634964 0.396248310804367 0.352939546108246 0.417159914970398 0.433655917644501 0.437506705522537 0.433814644813538 0.413045138120651 0.401557713747025 0.389102548360825 0.389797389507294 0.393916875123978 0.416351050138474 0.415379792451859 0.418638586997986 0.436065495014191 0.455476045608521 0.475454360246658 0.503587782382965 0.548530638217926 0.565172076225281 0.578713953495026 0.56876266002655 -3.4e+38 -3.4e+38 -3.4e+38 0.673800885677338 0.67688375711441 0.673629999160767 -3.4e+38
0.558747708797455 0.469188153743744 0.422325491905212 0.493838518857956 0.542080104351044 0.455436021089554 0.570154070854187 0.622484087944031 0.594071507453918 0.510779142379761 0.485243588685989 0.470211684703827 0.541258752346039 0.386798113584518 0.360067844390869 0.375545024871826 0.42863392829895 0.450801640748978 0.45359742641449 0.422100901603699 0.31938424706459 0.384983211755753 0.45294514298439 0.449951440095901 0.451659768819809 0.448054820299149 0.407962024211884 0.381315886974335 0.389054626226425 0.411804765462875 0.412113517522812 0.42288401722908 0.424116224050522 0.424562156200409 0.42663985490799 0.444671392440796 0.482552766799927 0.518132090568542 0.547966122627258 0.569505393505096 0.573646664619446 0.584253251552582 0.611539483070374 -3.4e+38 -3.4e+38 -3.4e+38 -3.4e+38 -3.4e+38 -3.4e+38
0.466936767101288 0.40644159913063 0.584863007068634 0.577526152133942 0.485182255506516 0.636062800884247 0.653063833713531 0.58008223772049 0.449414402246475 0.453121483325958 0.505143582820892 0.537177324295044 0.439175456762314 0.361885845661163 0.327138900756836 0.341392546892166 0.420994818210602 0.46807599067688 0.452976644039154 0.420860558748245 0.364337682723999 0.450976192951202 0.488180309534073 0.465738266706467 0.447739005088806 0.471648216247559 0.411673277616501 0.405922770500183 0.410998344421387 0.413652360439301 0.41454741358757 0.42719379067421 0.428063869476318 0.429675340652466 0.430548369884491 0.450467675924301 0.468780606985092 0.52257376909256 0.542844355106354 0.572226583957672 0.578364849090576 0.587425172328949 0.596949875354767 0.626949369907379 0.636325478553772 -3.4e+38 -3.4e+38 -3.4e+38 -3.4e+38
0.405569672584534 0.490927875041962 0.598828613758087 0.447527647018433 0.614337921142578 0.6489138007164 0.573864996433258 0.465796440839767 0.432505249977112 0.427289009094238 0.456345498561859 0.453608363866806 0.408137440681458 0.357880175113678 0.31841054558754 0.365285098552704 0.401441752910614 0.440840214490891 0.45067486166954 0.420470207929611 0.422411113977432 0.476302027702332 0.495944112539291 0.494527250528336 0.445071578025818 0.466765642166138 0.45176899433136 -3.4e+38 0.42657807469368 0.429293602705002 0.429850429296494 0.428063869476318 0.432139307260513 0.414281278848648 0.418650209903717 0.437000662088394 0.469160616397858 0.497787684202194 0.503716886043549 0.54349672794342 0.575094819068909 0.591710448265076 0.60492080450058 0.628981471061707 0.637388586997986 -3.4e+38 -3.4e+38 -3.4e+38 -3.4e+38
0.391125977039337 0.584232687950134 0.414773017168045 0.482510536909103 0.641768753528595 0.64579576253891 0.481806039810181 0.431274116039276 0.391278296709061 0.398898929357529 0.399566054344177 0.425046235322952 0.373819708824158 0.349344044923782 0.335506111383438 0.400964260101318 0.422894775867462 0.407778739929199 0.415724456310272 0.437245815992355 0.495889604091644 0.51490980386734 0.495673537254333 0.51109915971756 0.45488902926445 0.454205870628357 0.450590193271637 -3.4e+38 -3.4e+38 0.4272680580616 0.435066193342209 0.429834097623825 0.431184321641922 0.416691988706589 0.417393118143082 0.411502957344055 0.444974303245544 0.460215330123901 0.505683243274689 0.545253872871399 0.561207056045532 0.587375283241272 0.602542459964752 0.625214099884033 0.621609628200531 -3.4e+38 -3.4e+38 -3.4e+38 -3.4e+38
0.550568878650665 0.511409878730774 0.595983386039734 0.635158479213715 0.654650747776031 0.608352303504944 0.443647086620331 0.40390083193779 0.405304551124573 0.383816301822662 0.375663936138153 0.358449876308441 0.384412109851837 0.384412109851837 0.401874363422394 0.403757274150848 0.371157974004745 0.373132705688477 0.401255667209625 0.45739221572876 0.494294703006744 0.51184219121933 0.474211364984512 0.474551737308502 0.435120433568954 0.436297565698624 0.459819197654724 -3.4e+38 0.414779007434845 0.409638732671738 0.411675125360489 0.419034838676453 0.413608729839325 0.391286253929138 0.393361061811447 0.394482582807541 0.42907652258873 0.463092982769012 0.48874095082283 0.515581071376801 0.551547229290009 0.578910768032074 0.589050590991974 0.610011458396912 0.621071815490723 -3.4e+38 -3.4e+38 -3.4e+38 -3.4e+38
0.617664337158203 0.422587901353836 0.616010248661041 0.646382570266724 0.652646899223328 0.437593400478363 0.404753237962723 0.405186265707016 0.39968353509903 0.375623494386673 0.360294371843338 0.368301719427109 0.384192943572998 0.385667622089386 0.370860874652863 0.371146738529205 0.340361028909683 0.359876394271851 0.395811468362808 0.406298279762268 0.44159671664238 0.440277844667435 0.44830909371376 0.448090732097626 0.451243549585342 0.413573086261749 0.445220768451691 0.428204715251923 0.398324251174927 0.416882693767548 0.408313453197479 0.396539509296417 0.397582560777664 0.386009573936462 0.375075042247772 0.393746435642242 0.418523252010345 0.45488315820694 0.496836453676224 0.517017066478729 0.531741201877594 0.561397731304169 0.589830577373505 0.597528159618378 0.618465185165405 -3.4e+38 -3.4e+38 -3.4e+38 -3.4e+38
0.439090996980667 0.526185870170593 0.650284171104431 0.63899689912796 0.515576720237732 0.424522131681442 0.374686896800995 0.366862058639526 0.364916145801544 0.361322224140167 0.358622044324875 0.384506314992905 0.384793788194656 0.368980258703232 0.370987623929977 0.339565247297287 0.325995326042175 0.327985286712646 0.361839830875397 0.359010398387909 0.353502064943314 0.373159766197205 0.370951116085052 0.384280323982239 0.415962219238281 0.433616667985916 0.391377091407776 0.41085758805275 0.429102927446365 0.397572815418243 0.415388584136963 0.390585660934448 0.394593238830566 0.380940437316895 0.38330402970314 0.394852191209793 0.432834148406982 0.462159425020218 0.484263718128204 0.486978560686111 0.518258452415466 0.551340818405151 0.584613502025604 0.58351469039917 0.618996381759644 -3.4e+38 -3.4e+38 -3.4e+38 -3.4e+38
0.631047427654266 0.649388790130615 0.590496420860291 0.389097481966019 0.36500471830368 0.377812951803207 0.368646830320358 0.366106033325195 0.390145778656006 0.407773971557617 0.394260048866272 0.418741822242737 0.401784181594849 0.38599482178688 0.356206953525543 0.324397563934326 0.34011709690094 0.35906183719635 0.379217356443405 0.358750760555267 0.31623712182045 0.284200042486191 0.309398084878922 0.335128158330917 0.351356506347656 0.38707435131073 0.407083958387375 0.392576575279236 0.389735192060471 0.410328149795532 0.384315192699432 0.3862244784832 0.387602061033249 0.391597032546997 0.408293813467026 0.421626567840576 0.442145019769669 0.475248366594315 0.49811115860939 0.519582331180573 0.513707160949707 0.549178957939148 0.570473909378052 0.580419361591339 0.590682804584503 -3.4e+38 -3.4e+38 -3.4e+38 -3.4e+38
0.642860233783722 0.510036587715149 0.347351461648941 0.330082267522812 0.368795335292816 0.364305436611176 0.371774733066559 0.40036141872406 0.390828281641006 0.388327211141586 0.416612893342972 0.418114960193634 0.382713407278061 0.385234117507935 0.368321985006332 0.367036730051041 0.370797336101532 0.356820583343506 0.330162793397903 0.347022980451584 0.296028316020966 0.268624395132065 0.279049247503281 0.305280238389969 0.318720519542694 0.349253386259079 0.370598495006561 0.387371838092804 0.391425758600235 -3.4e+38 -3.4e+38 0.396808862686157 0.393699377775192 0.415180236101151 0.413676202297211 0.426304012537003 0.468688428401947 0.481866776943207 0.506331503391266 0.527739524841309 0.523909211158752 0.554524540901184 0.561744689941406 0.571897923946381 -3.4e+38 -3.4e+38 -3.4e+38 -3.4e+38 -3.4e+38
