data/climate_estimation/maxent_output/Trillium_grandiflorum.asc
NCOLS 351 
NROWS 161 
XLLCORNER -93.0833333333333 
YLLCORNER 33.75 
CELLSIZE 0.0833333333333333 
NODATA_value -3.4e+38 
[rows 66 to 87 of 161, columns 98 to 146 of 351]
0.710358798503876 0.703091084957123 0.726571261882782 0.713895738124847 0.702757477760315 0.692444086074829 0.7083740234375 0.707289695739746 0.719749391078949 0.70250540971756 0.672938108444214 0.686039328575134 0.687287926673889 0.70245623588562 0.702343583106995 0.671992421150208 0.647709608078003 0.655230224132538 0.65539288520813 0.67193078994751 0.668335497379303 0.664618849754333 0.615786075592041 0.642544388771057 0.608625948429108 0.595101177692413 0.627407908439636 0.647062122821808 0.672249138355255 0.694474518299103 0.689442098140717 0.698653995990753 0.695900499820709 0.719010710716248 0.713897287845612 0.737434267997742 0.733748912811279 0.729466438293457 0.725885033607483 0.735848426818848 0.715957581996918 0.730633556842804 0.734328269958496 0.731759548187256 0.748403072357178 0.741508901119232 0.723658800125122 0.717788457870483 0.752004861831665
0.680534780025482 0.672154247760773 0.721556723117828 0.689353704452515 0.678428828716278 0.697081923484802 0.69156801700592 0.689184546470642 0.717558443546295 0.704739272594452 0.703752100467682 0.67417323589325 0.688472628593445 0.665995538234711 0.673823714256287 0.655737280845642 0.642699658870697 0.639945268630981 0.663553357124329 0.652456104755402 0.652790009975433 0.645303666591644 0.641180694103241 0.625585854053497 0.622118055820465 0.626378357410431 0.646501779556274 0.643338859081268 0.66063004732132 0.674307882785797 0.666528820991516 0.680030524730682 0.705524861812592 0.700238108634949 0.709888637065887 0.729998469352722 0.728021681308746 0.723149120807648 0.735425412654877 0.746639728546143 0.754292607307434 0.760549604892731 0.765386521816254 0.76531445980072 0.741464078426361 0.749828696250916 0.76084166765213 0.764977633953094 0.760707676410675
0.676876425743103 0.663196206092834 0.692323088645935 0.683671772480011 0.673713326454163 0.697561025619507 0.694945633411407 0.720393478870392 0.730449140071869 0.715777456760406 0.720855712890625 0.676888942718506 0.664251446723938 0.665924906730652 0.653691411018372 0.648746430873871 0.637804746627808 0.634007692337036 0.681260049343109 0.65917581319809 0.654964566230774 0.650801002979279 0.649226069450378 0.643746137619019 0.638252377510071 0.671891212463379 0.663704633712769 0.684844255447388 0.669280886650085 0.675819277763367 0.671854496002197 0.685351312160492 0.712286233901978 0.734386503696442 0.730499386787415 0.723962903022766 0.731913864612579 0.74262136220932 0.739106059074402 0.747515380382538 0.751340508460999 0.766146302223206 0.765446364879608 0.796529412269592 0.796130955219269 0.767409920692444 0.777918457984924 0.762838363647461 0.768569886684418
0.669470548629761 0.669259905815125 0.68329530954361 0.67399525642395 0.676509141921997 0.672385692596436 0.680663466453552 0.708418905735016 0.732044577598572 0.726331472396851 0.729337453842163 0.669194877147675 0.672381103038788 0.649476289749146 0.651228845119476 0.639933347702026 0.631920695304871 0.64983332157135 0.65800279378891 0.666916131973267 0.662238001823425 0.660180509090424 0.637849628925323 0.686352431774139 0.680370569229126 0.681868016719818 0.676294684410095 0.656417846679688 0.667082726955414 0.690676212310791 0.699591219425201 0.723612487316132 0.71282559633255 0.714700043201447 0.738815546035767 0.729860067367554 0.759169518947601 0.766746520996094 0.746111452579498 0.71567165851593 0.731849193572998 0.767270386219025 0.774721384048462 0.777592778205872 0.782677412033081 0.786859452724457 0.778799712657928 0.759623050689697 0.771132349967957
0.672031939029694 0.659688711166382 0.674964785575867 0.67853045463562 0.675529479980469 0.674853146076202 0.682595551013947 0.722625374794006 0.740671634674072 0.740471482276917 0.713473856449127 0.711564898490906 0.687073767185211 0.674108862876892 0.643048346042633 0.654238104820251 0.655060946941376 0.694486796855927 0.659958600997925 0.658903419971466 0.692972421646118 0.66084349155426 0.698788285255432 0.690113365650177 0.697340607643127 0.687283396720886 0.682159781455994 0.670857787132263 0.683350384235382 0.702489495277405 0.68094402551651 0.692640542984009 0.715726137161255 0.734877049922943 0.72813481092453 0.749188482761383 0.740164995193481 0.747571527957916 0.746840536594391 0.757557034492493 0.734665811061859 0.772073745727539 0.756803929805756 0.787182331085205 0.795161664485931 0.824192523956299 0.805399239063263 0.788467645645142 0.764760076999664
0.65815544128418 0.649652004241943 0.66530179977417 0.640211164951324 0.665040075778961 0.676304340362549 0.682827174663544 0.678375482559204 0.742404699325562 0.71307647228241 0.724067449569702 0.72188538312912 0.698100447654724 0.682593941688538 0.692142248153687 0.68710994720459 0.708225429058075 0.708141207695007 0.701749563217163 0.702162206172943 0.71424388885498 0.69328784942627 0.727989435195923 0.693800508975983 0.698221027851105 0.693134665489197 0.688249468803406 0.679412305355072 0.697739601135254 0.711132347583771 0.69779372215271 0.712419807910919 0.697106838226318 0.712306439876556 0.706255674362183 0.731692969799042 0.724266946315765 0.737514197826385 0.763253688812256 0.77805757522583 0.773420631885529 0.788111686706543 0.79597681760788 0.807025492191315 0.807787597179413 0.814853429794312 0.793812274932861 0.774972438812256 0.748352766036987
0.650624096393585 0.660344183444977 0.658991634845734 0.666794419288635 0.662671267986298 0.670076906681061 0.693881213665009 0.702682197093964 0.715239524841309 0.722181022167206 0.719065546989441 0.704072892665863 0.699094355106354 0.709061801433563 0.701369941234589 0.722801089286804 0.722962319850922 0.722205221652985 0.718324899673462 0.732475459575653 0.724890351295471 0.723848164081573 0.733000636100769 0.707805573940277 0.702766001224518 0.698671340942383 0.693885147571564 0.690264523029327 0.684426546096802 0.70327365398407 0.71911495923996 0.702419400215149 0.73007732629776 0.718361258506775 0.738253712654114 0.741900622844696 0.739292085170746 0.736594200134277 0.763807058334351 0.765830636024475 0.766501605510712 0.783984959125519 0.786706626415253 0.789760947227478 0.79138594865799 0.79363751411438 0.797782003879547 0.780927300453186 0.756429553031921
0.687491118907928 0.647205471992493 0.665603876113892 0.686997592449188 0.689030647277832 0.684695959091187 0.691817462444305 0.699862957000732 0.713133752346039 0.708307683467865 0.716352641582489 0.725175380706787 0.704577386379242 0.713837206363678 0.701862335205078 0.731513679027557 0.726014196872711 0.727210104465485 0.724101424217224 0.748228192329407 0.734060227870941 0.738758623600006 0.743629634380341 0.708460509777069 0.703678011894226 0.701383054256439 0.694131135940552 0.688229382038116 0.685956239700317 0.706859588623047 0.705459594726562 0.723606288433075 0.721788287162781 0.742740154266357 0.733334064483643 0.735871374607086 0.759971618652344 0.760596632957458 0.753899991512299 0.759342551231384 0.789092302322388 0.7878298163414 0.786767184734344 0.789285361766815 0.790619373321533 0.768378853797913 0.767553508281708 0.747500419616699 0.749068140983582
0.684377610683441 0.673285007476807 0.66255384683609 0.660290539264679 0.682902932167053 0.679136872291565 0.675111174583435 0.697047293186188 0.697943508625031 0.709040641784668 0.719406545162201 0.710853934288025 0.702181875705719 0.71972793340683 0.727156102657318 0.703997790813446 0.730994403362274 0.725224196910858 0.749978303909302 0.738770127296448 0.742309629917145 0.742541313171387 0.709905922412872 0.705498576164246 0.69606602191925 0.695853769779205 0.691579222679138 0.687038421630859 0.680934548377991 0.703042328357697 0.704599559307098 0.725692510604858 0.716397941112518 0.717024624347687 0.719525277614594 0.7148677110672 0.741743743419647 0.741856157779694 0.74145632982254 0.742848217487335 0.765167772769928 0.764073133468628 0.786650717258453 0.76118129491806 0.763371527194977 0.764934241771698 0.766748189926147 0.764859855175018 0.73801463842392
0.684600353240967 0.667687714099884 0.667968511581421 0.69687956571579 0.674934267997742 0.678507268428802 0.686142981052399 0.696711897850037 0.695884048938751 0.7070631980896 0.713846266269684 0.720051169395447 0.728588104248047 0.719828963279724 0.724898219108582 0.726888298988342 0.727094233036041 0.725597143173218 0.715270042419434 0.712033450603485 0.74006849527359 0.741298317909241 0.735372364521027 0.700393974781036 0.694786429405212 0.690431773662567 0.689039349555969 0.656929194927216 0.684400320053101 0.70678174495697 0.700708270072937 0.702791154384613 0.692824363708496 0.721060633659363 0.686478912830353 0.71180671453476 0.705075442790985 0.711232662200928 0.712533414363861 0.739387989044189 0.738496065139771 0.763672947883606 0.762566149234772 0.7616126537323 0.756354331970215 0.7596156001091 0.759243667125702 0.75552898645401 0.752920746803284
0.681985437870026 0.67351508140564 0.698854386806488 0.692218542098999 0.663090527057648 0.673062026500702 0.680651605129242 0.690630078315735 0.69979989528656 0.713235676288605 0.724230945110321 0.703835666179657 0.738125801086426 0.718823790550232 0.724363207817078 0.725432515144348 0.72234582901001 0.743812739849091 0.702502310276031 0.738227903842926 0.714710712432861 0.712612628936768 0.706782579421997 0.699722170829773 0.696443200111389 0.688196957111359 0.683681488037109 0.638256371021271 0.673843026161194 0.670666217803955 0.702539801597595 0.693625330924988 0.696117877960205 0.696425437927246 0.685677111148834 0.688342452049255 0.678688108921051 0.682888865470886 0.709301769733429 0.705338418483734 0.737288236618042 0.7356036901474 0.733536243438721 0.732391357421875 0.754320204257965 0.752898514270782 0.751162886619568 0.745641112327576 0.743457555770874
0.694468319416046 0.685856461524963 0.677944958209991 0.692431151866913 0.666632652282715 0.679891765117645 0.689735949039459 0.69924920797348 0.6836097240448 0.725911140441895 0.718363761901855 0.698797941207886 0.719785094261169 0.717546820640564 0.72264152765274 0.717263340950012 0.706209540367126 0.699162423610687 0.727016985416412 0.738888382911682 0.710615158081055 0.717245101928711 0.707908987998962 0.701782405376434 0.694079995155334 0.683241486549377 0.641838431358337 0.665467977523804 0.65892368555069 0.67127925157547 0.674602389335632 0.696127712726593 0.688531935214996 0.69147515296936 0.68821656703949 0.688724100589752 0.68089771270752 0.679086029529572 0.703385353088379 0.708126306533813 0.710499942302704 0.735033929347992 0.73213791847229 0.730164647102356 0.729144871234894 0.725530385971069 0.719130873680115 0.735551297664642 0.741093039512634
0.722304284572601 0.69385427236557 0.682517409324646 0.671403765678406 0.6590775847435 0.673038005828857 0.673799633979797 0.697262823581696 0.713080286979675 0.717682003974915 0.697482883930206 0.706883311271667 0.719516575336456 0.71565318107605 0.721176147460938 0.714820683002472 0.728981256484985 0.730290114879608 0.720664203166962 0.730486452579498 0.712588787078857 0.719584167003632 0.70804351568222 0.700542211532593 0.692351639270782 0.68284010887146 0.661747813224792 0.665547132492065 0.673693895339966 0.668523550033569 0.669326066970825 0.697457849979401 0.69016969203949 0.661603152751923 0.686357319355011 0.684593379497528 0.680205523967743 0.671457052230835 0.699805915355682 0.703774452209473 0.701797485351562 0.729188621044159 0.729568660259247 0.728871643543243 0.722289741039276 0.720823407173157 0.717099130153656 0.709250450134277 0.736558318138123
0.730912148952484 0.720304667949677 0.686643719673157 0.675680637359619 0.661903619766235 0.682701766490936 0.665621757507324 0.693568766117096 0.703091263771057 0.723072052001953 0.731144607067108 0.728780150413513 0.716072559356689 0.717691600322723 0.724592626094818 0.720489382743835 0.717923223972321 0.74034595489502 0.730607032775879 0.733019590377808 0.709601223468781 0.713660478591919 0.706199824810028 0.696736633777618 0.693548381328583 0.680253148078918 0.670912861824036 0.67251068353653 0.69701611995697 0.691721618175507 0.689836740493774 0.6887326836586 0.688607752323151 0.652689635753632 0.682797789573669 0.682562351226807 0.677324235439301 0.700459718704224 0.67333322763443 0.700324296951294 0.70102196931839 0.698936820030212 0.725300490856171 0.724759042263031 0.722353637218475 0.718346893787384 0.710528135299683 0.707460701465607 0.707594871520996
0.735512495040894 0.721916317939758 0.710495412349701 0.692238330841064 0.682187378406525 0.690548002719879 0.685207068920135 0.698387145996094 0.704265654087067 0.726294875144958 0.72136390209198 0.709186613559723 0.708715975284576 0.715636134147644 0.716381072998047 0.716212391853333 0.742785096168518 0.739877998828888 0.733877062797546 0.737049043178558 0.729092299938202 0.705578505992889 0.697637677192688 0.692727267742157 0.688789069652557 0.679974794387817 0.702502727508545 0.701086640357971 0.698606610298157 0.719325244426727 0.68910163640976 0.691291332244873 0.684517323970795 0.677623391151428 0.678910255432129 0.680020809173584 0.676328539848328 0.670200228691101 0.697780907154083 0.696219325065613 0.694155931472778 0.724369764328003 0.724369764328003 0.718526542186737 0.721461415290833 0.714967608451843 0.704768598079681 0.705150604248047 0.729590833187103
0.72872668504715 0.71471780538559 0.726736009120941 0.714379370212555 0.702563524246216 0.690197646617889 0.690062642097473 0.696318686008453 0.708745539188385 0.718270063400269 0.725183308124542 0.701273560523987 0.737422585487366 0.735312104225159 0.735158741474152 0.736672937870026 0.737972736358643 0.737535119056702 0.73435652256012 0.733070194721222 0.728878200054169 0.723153233528137 0.720154047012329 0.715906798839569 0.712600827217102 0.680934965610504 0.696847856044769 0.694124042987823 0.722247064113617 0.716206252574921 0.714181184768677 0.711203873157501 0.681109189987183 0.677735447883606 0.675517082214355 0.698771715164185 0.697490513324738 0.697633922100067 0.694608509540558 0.693447947502136 0.690246164798737 0.694608926773071 0.718464076519012 0.692387223243713 0.714329481124878 0.710569679737091 0.70311039686203 0.727078258991241 0.727217853069305
0.726628422737122 0.721256136894226 0.734850525856018 0.716450452804565 0.730683505535126 0.729060709476471 0.727596461772919 0.727791666984558 0.704410135746002 0.742549538612366 0.727716267108917 0.732331812381744 0.736136734485626 0.734024226665497 0.732325792312622 0.730041027069092 0.705021917819977 0.733897924423218 0.729393541812897 0.726384103298187 0.720989882946014 0.714787244796753 0.713463842868805 0.70762312412262 0.705937504768372 0.703698515892029 0.698273360729218 0.692518532276154 0.721710860729218 0.716329634189606 0.709814012050629 0.710428655147552 0.703920006752014 0.668120384216309 0.697311758995056 0.691705167293549 0.691141486167908 0.690607488155365 0.689139604568481 0.688105285167694 0.687929034233093 0.685672044754028 0.712333500385284 0.714838206768036 0.708007454872131 0.702190637588501 0.728897094726562 0.720707178115845 0.716721177101135
0.72868424654007 0.717939913272858 0.734803020954132 0.718502819538116 0.730432748794556 0.728031694889069 0.72951751947403 0.730421006679535 0.728936314582825 0.746366858482361 0.749440550804138 0.723124802112579 0.723334670066833 0.723843157291412 0.726491272449493 0.696316063404083 0.698740720748901 0.699184894561768 0.723015964031219 0.716836094856262 0.713939130306244 0.705942809581757 0.70541375875473 0.700385868549347 0.700097143650055 0.694029569625854 0.694811224937439 0.690033435821533 0.687585055828094 0.713659286499023 0.707703471183777 0.701263785362244 0.697149217128754 0.696805536746979 0.690003454685211 0.687599003314972 0.680896878242493 0.704513669013977 0.680044651031494 0.68290638923645 0.682633221149445 0.709541320800781 0.707244694232941 0.706352889537811 0.704878032207489 0.698598086833954 0.71718293428421 0.71468585729599 0.713469207286835
0.715920746326447 0.737345039844513 0.731195211410522 0.753006398677826 0.749523341655731 0.743377864360809 0.738167643547058 0.73559445142746 0.724100828170776 0.737916827201843 0.741119086742401 0.739673256874084 0.713734269142151 0.714324951171875 0.713702201843262 0.714724898338318 0.693199098110199 0.671893894672394 0.710747897624969 0.707528829574585 0.706736028194427 0.695088803768158 0.691363036632538 0.675057709217072 0.69379723072052 0.692740261554718 0.690423965454102 0.71676105260849 0.710097312927246 0.70373398065567 0.704392731189728 0.698331952095032 0.693078994750977 0.692952215671539 0.686057507991791 0.6795933842659 0.67595762014389 0.672466099262238 0.675444483757019 0.674342751502991 0.678110182285309 0.709100782871246 0.70692366361618 0.702518999576569 0.696247518062592 0.689031600952148 0.708151459693909 0.709108471870422 0.708532869815826
0.725455284118652 0.725482761859894 0.719341099262238 0.745804727077484 0.741797924041748 0.735362827777863 0.726108908653259 0.719810724258423 0.695459306240082 0.716492354869843 0.729993462562561 0.729158639907837 0.703149378299713 0.702111482620239 0.70930415391922 0.709743618965149 0.708755016326904 0.706426441669464 0.703516483306885 0.725882172584534 0.693481385707855 0.705303549766541 0.662982821464539 0.658615291118622 0.670166671276093 0.686349928379059 0.685773015022278 0.711748003959656 0.708053886890411 0.699547588825226 0.698024034500122 0.693455278873444 0.690716028213501 0.687805771827698 0.681475102901459 0.67680698633194 0.668585002422333 0.667813539505005 0.670475006103516 0.698232293128967 0.701753497123718 0.705835580825806 0.706029832363129 0.698804259300232 0.683581292629242 0.706541657447815 0.701100170612335 0.696528911590576 0.699409306049347
0.714105784893036 0.741930723190308 0.742173254489899 0.735526740550995 0.729872167110443 0.757052659988403 0.744122087955475 0.718620836734772 0.717611908912659 0.699888586997986 0.717898726463318 0.72013384103775 0.722204267978668 0.696195006370544 0.697860598564148 0.697315335273743 0.697608292102814 0.698171317577362 0.69697493314743 0.714387595653534 0.712673902511597 0.698164939880371 0.670393168926239 0.640024065971375 0.640424370765686 0.67763477563858 0.711896896362305 0.678325355052948 0.701622366905212 0.69620281457901 0.69577169418335 0.687357127666473 0.686343491077423 0.680279433727264 0.652130842208862 0.643242061138153 0.668509542942047 0.665795385837555 0.66606593132019 0.694270849227905 0.697805881500244 0.695990443229675 0.697021484375 0.691724240779877 0.703813672065735 0.695414900779724 0.692933797836304 0.693160355091095 0.719168961048126
0.731387794017792 0.730676174163818 0.731995642185211 0.730508506298065 0.711993455886841 0.739117026329041 0.726570188999176 0.698717355728149 0.693286120891571 0.719071924686432 0.707853198051453 0.719233453273773 0.709636986255646 0.713572859764099 0.714513659477234 0.711995780467987 0.714908301830292 0.718140184879303 0.716934680938721 0.711181640625 0.700400948524475 0.698670089244843 0.664590120315552 0.662703454494476 0.6656534075737 0.673417747020721 0.696304440498352 0.702800750732422 0.691449344158173 0.692945897579193 0.685942888259888 0.683645367622375 0.65208774805069 0.651597738265991 0.644605934619904 0.637182414531708 0.662603735923767 0.659974932670593 0.659846127033234 0.658887088298798 0.688468456268311 0.688956260681152 0.689224421977997 0.712527275085449 0.698634743690491 0.687989175319672 0.713922500610352 0.716659069061279 0.718376338481903
