data/climate_estimation/maxent_output/Trillium_rugelii.asc
NCOLS 91 
NROWS 55 
XLLCORNER -87.6666666666667 
YLLCORNER 31.8333333333333 
CELLSIZE 0.0833333333333333 
NODATA_value -3.4e+38 
[rows 20 to 39 of 55, columns 0 to 43 of 91]
0.324094831943512 0.329719930887222 0.337820678949356 0.369875937700272 0.365912467241287 0.36898946762085 0.377147495746613 0.365712493658066 0.380541801452637 0.381898701190948 0.387837439775467 0.38498592376709 0.396057158708572 0.432752579450607 0.434362530708313 0.451304048299789 0.454628705978394 0.469085723161697 0.440385550260544 0.437873095273972 0.423226058483124 0.486837029457092 0.51968252658844 0.506441473960876 0.504861950874329 0.509345531463623 0.535753786563873 0.522597372531891 0.457765460014343 0.493342965841293 0.488208323717117 0.496505528688431 0.51862108707428 0.528171122074127 0.583008885383606 0.619889140129089 0.676990687847137 0.683753073215485 0.714008808135986 0.741558611392975 0.796385943889618 0.800643444061279 0.800858616828918 0.78590989112854
0.349071323871613 0.357854574918747 0.385633319616318 0.382829487323761 0.3793885409832 0.383897364139557 0.3793885409832 0.376941740512848 0.387786626815796 0.386963367462158 0.394755125045776 0.357022345066071 0.39920112490654 0.431620508432388 0.417967796325684 0.460902988910675 0.417310357093811 0.441625505685806 0.42766472697258 0.428772896528244 0.502627313137054 0.494655519723892 0.53407347202301 0.521396458148956 0.538816809654236 0.554899275302887 0.550737917423248 0.504148185253143 0.469802856445312 0.480849087238312 0.513346910476685 0.511602580547333 0.51224946975708 0.514555275440216 0.567517638206482 0.59785795211792 0.632645070552826 0.652326107025146 0.676288902759552 0.742939949035645 0.754513204097748 0.785226106643677 0.775856912136078 0.783900499343872
0.378710150718689 0.353630632162094 0.388440757989883 0.381719052791595 0.377669781446457 0.39272740483284 0.405818670988083 0.399199426174164 0.392731904983521 0.399841755628586 0.406858026981354 0.405743837356567 0.427780032157898 0.439985454082489 0.402665972709656 0.402492702007294 0.437473803758621 0.459693610668182 0.433119297027588 0.468563824892044 0.50716894865036 0.507666707038879 0.515062808990479 0.560615956783295 0.551430463790894 0.532739281654358 0.529911279678345 0.512090504169464 0.502926468849182 0.502001523971558 0.498197853565216 0.50906777381897 0.509512722492218 0.548024654388428 0.556094467639923 0.629400312900543 0.63877135515213 0.667930662631989 0.681809544563293 0.735784292221069 0.765142500400543 0.740842521190643 0.749224185943604 0.762915730476379
0.433147132396698 0.418918937444687 0.394017934799194 0.400671720504761 0.389212191104889 0.391042113304138 0.405812203884125 0.408077478408813 0.423810124397278 0.430503517389297 0.429229497909546 0.433611363172531 0.465792834758759 0.469024330377579 0.453599959611893 0.427419602870941 0.443804979324341 0.433302372694016 0.476640582084656 0.5232173204422 0.521567225456238 0.518370270729065 0.533550441265106 0.533722937107086 0.562304139137268 0.566599488258362 0.507511496543884 0.486311703920364 0.503774881362915 0.493268519639969 0.487964123487473 0.494379669427872 0.542880177497864 0.537721931934357 0.553226590156555 0.59465628862381 0.609162032604218 0.677823722362518 0.689723372459412 0.700201392173767 0.719498872756958 0.692767679691315 0.71197247505188 0.723420679569244
0.439410448074341 0.43321692943573 0.435185551643372 0.42603999376297 0.426913946866989 0.423535585403442 0.434705942869186 0.428638696670532 0.427184760570526 0.486017942428589 0.517470359802246 0.471578001976013 0.469897657632828 0.482393771409988 0.498517036437988 0.434058606624603 0.413421601057053 0.461294144392014 0.480558902025223 0.477546364068985 0.523716151714325 0.523736178874969 0.525516510009766 0.535344839096069 0.547619819641113 0.521991848945618 0.516142547130585 0.51457005739212 0.531661450862885 0.500828683376312 0.506592512130737 0.533141255378723 0.529697239398956 0.57239818572998 0.564976394176483 0.565705180168152 0.618466377258301 0.638912498950958 0.64638364315033 0.660310924053192 0.691798806190491 0.709581613540649 0.72451388835907 0.734590172767639
0.398778527975082 0.428549319505692 0.432922691106796 0.435950815677643 0.432351350784302 0.441488355398178 0.492644548416138 0.514601230621338 0.514533042907715 0.51921933889389 0.533896863460541 0.502204596996307 0.511749446392059 0.511209189891815 0.467018038034439 0.428966671228409 0.480162590742111 0.472518742084503 0.480210900306702 0.485604822635651 0.493209689855576 0.484801888465881 0.54573255777359 0.500074505805969 0.484943479299545 0.481601655483246 0.534886956214905 0.554665088653564 0.553354561328888 0.530884981155396 0.559853732585907 0.565441489219666 0.556992769241333 0.558528423309326 0.584841072559357 0.57835441827774 0.631519258022308 0.631676197052002 0.648716390132904 0.676947236061096 0.695053935050964 0.712848961353302 0.732219517230988 0.728685796260834
0.448200851678848 0.438980400562286 0.443605124950409 0.44490709900856 0.44861376285553 0.44861376285553 0.462484419345856 0.483384102582932 0.542275905609131 0.54960161447525 0.50989294052124 0.504081189632416 0.521376073360443 0.472999423742294 0.46285218000412 0.473463326692581 0.481712639331818 0.484850078821182 0.479448348283768 0.486886501312256 0.449712663888931 0.494957357645035 0.489763170480728 0.449906527996063 0.469504833221436 0.479632318019867 0.494092136621475 0.503024339675903 0.562305092811584 0.589631736278534 0.584302067756653 0.586844980716705 0.562524020671844 0.558986246585846 0.588740289211273 0.575322389602661 0.565518915653229 0.581393480300903 0.61295610666275 0.666884958744049 0.694912254810333 0.703110754489899 0.721668303012848 0.726856052875519
0.449464499950409 0.452965885400772 0.454468965530396 0.447793990373611 0.45991063117981 0.471417218446732 0.477996647357941 0.488162130117416 0.492807418107986 0.501532435417175 0.518495142459869 0.502645790576935 0.506442010402679 0.478791862726212 0.479730516672134 0.474966794252396 0.495450407266617 0.493323743343353 0.490893095731735 0.450801134109497 0.462093949317932 0.455736577510834 0.426954180002213 0.434774935245514 0.452938973903656 0.488583266735077 0.5112544298172 0.539065957069397 0.602506637573242 0.610960245132446 0.615407943725586 0.597505569458008 0.568610906600952 0.564429640769958 0.582121074199677 0.570128858089447 0.568467617034912 0.596457779407501 0.643360257148743 0.657465696334839 0.6935014128685 0.709031760692596 0.716190695762634 0.717840850353241
0.424879491329193 0.456062287092209 0.455058038234711 0.471178859472275 0.478268027305603 0.481365770101547 0.487299978733063 0.496175974607468 0.502427637577057 0.513464570045471 0.459765404462814 0.46016851067543 0.488496094942093 0.484761387109756 0.502305090427399 0.499585866928101 0.504056930541992 0.501946926116943 0.444722086191177 0.43339130282402 0.43513011932373 0.387703448534012 0.429550141096115 0.45379650592804 0.511251509189606 0.5367511510849 0.580949127674103 0.62797886133194 0.629287540912628 0.637099087238312 0.626117348670959 0.615582168102264 0.591659784317017 0.617686986923218 0.601359605789185 0.580425083637238 0.585371196269989 0.580516040325165 0.636842668056488 0.662729918956757 0.699447333812714 0.705784022808075 0.715222477912903 0.727136135101318
0.426418781280518 0.426901638507843 0.430786609649658 0.430054306983948 0.450179994106293 0.453429222106934 0.446682333946228 0.476519882678986 0.522863984107971 0.463222026824951 0.450187057256699 0.533894002437592 0.45975324511528 0.484649330377579 0.507108926773071 0.524895548820496 0.526398837566376 0.476018816232681 0.428773552179337 0.43226820230484 0.429889976978302 0.446131438016891 0.464192241430283 0.472893267869949 0.527384459972382 0.545432806015015 0.593435406684875 0.641767621040344 0.647140681743622 0.651599109172821 0.639857947826385 0.648873269557953 0.673278987407684 0.636947810649872 0.618710398674011 0.61148726940155 0.5874302983284 0.620858252048492 0.594438791275024 0.65496701002121 0.692336022853851 0.710452497005463 0.714246034622192 0.724225342273712
0.436918646097183 0.431045681238174 0.436394572257996 0.442889630794525 0.456613689661026 0.46006378531456 0.454504519701004 0.454148352146149 0.462279766798019 0.483837127685547 0.477341800928116 0.47015169262886 0.489184379577637 0.509459316730499 0.535686194896698 0.538385927677155 0.461036205291748 0.447469651699066 0.440198689699173 0.437572598457336 0.450243979692459 0.44934207201004 0.509174942970276 0.540297448635101 0.576726734638214 0.587531685829163 0.609749436378479 0.660825490951538 0.664347887039185 0.67529308795929 0.705318808555603 0.705645680427551 0.692521750926971 0.667301595211029 0.640383422374725 0.611782312393188 0.593427300453186 0.59186989068985 0.599871277809143 0.657427668571472 0.684733152389526 0.707104682922363 0.716872334480286 0.761332929134369
0.43104362487793 0.43292698264122 0.446378648281097 0.444705039262772 0.449432373046875 0.453073173761368 0.421811312437057 0.479694306850433 0.491621017456055 0.483093678951263 0.465035438537598 0.479413479566574 0.526545882225037 0.533853709697723 0.537389636039734 0.517931759357452 0.466470241546631 0.472178101539612 0.476800799369812 0.452042400836945 0.459082514047623 0.459147393703461 0.509660601615906 0.56742936372757 0.595023036003113 0.610919952392578 0.650514543056488 0.667561948299408 0.6876620054245 0.690753519535065 0.725895643234253 0.718906700611115 0.712394952774048 0.686664581298828 0.664034724235535 0.65569680929184 0.615269005298615 0.607827603816986 0.612255036830902 0.675241589546204 0.697403490543365 0.707873284816742 0.724572002887726 0.732089161872864
0.431374758481979 0.452453434467316 0.450940728187561 0.433940261602402 0.412598967552185 0.459815382957458 0.436617016792297 0.487175226211548 0.477920085191727 0.475053876638412 0.481014430522919 0.502537369728088 0.577945411205292 0.600323081016541 0.541955173015594 0.531620264053345 0.486621201038361 0.47893100976944 0.460080623626709 0.469661712646484 0.481873005628586 0.524808526039124 0.574185729026794 0.596191823482513 0.610255002975464 0.6124666929245 0.640956521034241 0.682369589805603 0.70140129327774 0.703089118003845 0.736803829669952 0.736983299255371 0.724821984767914 0.707688331604004 0.644777476787567 0.677593052387238 0.642181575298309 0.621537744998932 0.636127591133118 0.668107390403748 0.700346171855927 0.721311032772064 0.72687953710556 0.7388516664505
0.392966449260712 0.452804446220398 0.456638365983963 0.454434514045715 0.459627568721771 0.462547600269318 0.474094331264496 0.487817496061325 0.496877312660217 0.522487461566925 0.532994985580444 0.550562620162964 0.574714124202728 0.531101942062378 0.546330690383911 0.552345812320709 0.493581652641296 0.48592609167099 0.489926159381866 0.531889021396637 0.509856641292572 0.563604891300201 0.560830414295197 0.541594684123993 0.624413847923279 0.62135511636734 0.63722825050354 0.686931014060974 0.709689319133759 0.711267113685608 0.710947275161743 0.7009516954422 0.734836339950562 0.72523957490921 0.665533304214478 0.643637180328369 0.667694866657257 0.675013720989227 0.656055748462677 0.655096650123596 0.661193609237671 0.723725080490112 0.730144202709198 0.735562443733215
0.389337062835693 0.431405395269394 0.471847981214523 0.465707391500473 0.471966117620468 0.479039281606674 0.496738433837891 0.551080048084259 0.545912861824036 0.577257633209229 0.553574919700623 0.560304045677185 0.573764503002167 0.550162374973297 0.551759004592896 0.565028667449951 0.516391456127167 0.513193070888519 0.507712602615356 0.506747841835022 0.517302989959717 0.549537837505341 0.62492573261261 0.633715391159058 0.584710001945496 0.645191192626953 0.659880399703979 0.666206240653992 0.711718797683716 0.712026000022888 0.703360676765442 0.69182413816452 0.686728775501251 0.674123644828796 0.672975420951843 0.670302987098694 0.700816690921783 0.695156276226044 0.686139404773712 0.688410401344299 0.690771579742432 0.682402193546295 0.689651429653168 0.678630173206329
0.395125925540924 0.445458352565765 0.472061008214951 0.46947768330574 0.48207151889801 0.500836074352264 0.514513194561005 0.555889964103699 0.548018515110016 0.575192034244537 0.574967086315155 0.587197184562683 0.586576282978058 0.569550514221191 0.558486580848694 0.532391011714935 0.538720428943634 0.560297131538391 0.568463444709778 0.567163109779358 0.563772857189178 0.610131561756134 0.662548005580902 0.615738093852997 0.621681392192841 0.662556052207947 0.670144855976105 0.671221613883972 0.677422046661377 0.681187152862549 0.70025235414505 0.676094353199005 0.668824672698975 0.658181667327881 0.655595123767853 0.665886521339417 0.717134177684784 0.712478458881378 0.701939165592194 0.699358522891998 0.705008566379547 0.703330516815186 0.688860714435577 0.671768724918365
0.407188206911087 0.449528366327286 0.481523126363754 0.497416287660599 0.524700343608856 0.579951524734497 0.584443271160126 0.570191204547882 0.565516471862793 0.615573287010193 0.561289846897125 0.596526384353638 0.62004828453064 0.573851644992828 0.588537335395813 0.560191512107849 0.562991201877594 0.581419289112091 0.586414337158203 0.613166332244873 0.685140192508698 0.682628929615021 0.634752571582794 0.636334240436554 0.638776898384094 0.631857216358185 0.629496216773987 0.678846836090088 0.683781504631042 0.678625106811523 0.641390264034271 0.615281701087952 0.616315960884094 0.635474264621735 0.63408762216568 0.629767239093781 0.649279475212097 0.657176375389099 0.65086305141449 0.656029045581818 0.651952624320984 0.688876628875732 0.670849621295929 0.605706095695496
0.404593914747238 0.467156589031219 0.495889455080032 0.547774374485016 0.590672671794891 0.600180566310883 0.616471230983734 0.61076432466507 0.615208804607391 0.592354774475098 0.610653638839722 0.634363234043121 0.599566459655762 0.596087217330933 0.570619881153107 0.57912003993988 0.578424632549286 0.600723206996918 0.640090942382812 0.695870220661163 0.686515688896179 0.643568754196167 0.643044054508209 0.644692957401276 0.631851553916931 0.634392261505127 0.632090330123901 0.680837512016296 0.68536514043808 0.648793160915375 0.581583738327026 0.6015465259552 0.577223777770996 0.577130794525146 0.583043098449707 0.605689644813538 0.634376287460327 0.626311361789703 0.630931258201599 0.61867344379425 0.631139934062958 0.618482232093811 0.60523909330368 0.585664808750153
0.392405718564987 0.418471544981003 0.495639890432358 0.585262179374695 0.603523671627045 0.630272328853607 0.632787883281708 0.591201961040497 0.600378274917603 0.60964435338974 0.61836165189743 0.618019759654999 0.619897365570068 0.577176094055176 0.573586165904999 0.59741199016571 0.581365644931793 0.59331738948822 0.620677769184113 0.682885646820068 0.650295734405518 0.649091422557831 0.649048626422882 0.648498177528381 0.640535771846771 0.631921947002411 0.631300926208496 0.624634146690369 0.598749995231628 0.58695250749588 0.5578373670578 0.525632560253143 0.524100244045258 0.549870669841766 0.553494036197662 0.567056715488434 0.541966795921326 0.585339248180389 0.584506154060364 0.604814112186432 0.61029976606369 0.595551431179047 0.529664874076843 0.4812972843647
0.410759001970291 0.488613069057465 0.519547343254089 0.594422817230225 0.617304563522339 0.640522539615631 0.657237589359283 0.61303985118866 0.634334325790405 0.588974893093109 0.583656847476959 0.589965641498566 0.590328812599182 0.589450895786285 0.569948196411133 0.585958123207092 0.595413506031036 0.609682083129883 0.626090347766876 0.627304792404175 0.625114738941193 0.633342504501343 0.640168428421021 0.64334636926651 0.592248201370239 0.572357654571533 0.573431611061096 0.561094343662262 0.540073394775391 0.52215039730072 0.489803075790405 0.504383146762848 0.502876400947571 0.497229754924774 0.521105468273163 0.529462575912476 0.528601348400116 0.521607577800751 0.531862854957581 0.581113576889038 0.571710586547852 0.50456827878952 0.422512263059616 0.432058244943619
