data/climate_estimation/maxent_output/Trillium_cernuum.asc
NCOLS 589 
NROWS 197 
XLLCORNER -102.666666666667 
YLLCORNER 38.5 
CELLSIZE 0.0833333333333333 
NODATA_value -3.4e+38 
[rows 42 to 62 of 197, columns 46 to 91 of 589]
0.0190357249230146 0.0183619931340218 0.0151235423982143 0.0149912117049098 0.0177504792809486 0.0251944474875927 0.0352939926087856 0.0419620089232922 0.0561474151909351 0.0878950506448746 0.0883902013301849 0.109162874519825 0.131009608507156 0.12020393460989 0.116986081004143 0.141437709331512 0.136952072381973 0.161115452647209 0.160236373543739 0.189656555652618 0.189306974411011 0.189129784703255 0.221469238400459 0.220392286777496 0.220648586750031 0.25864252448082 0.265718638896942 0.269342720508575 0.265397816896439 0.265844315290451 0.306157261133194 0.306944787502289 0.350318789482117 0.350397914648056 0.34192568063736 0.336838006973267 0.377432078123093 0.373548954725266 0.368583053350449 0.408017814159393 0.408634871244431 0.404940783977509 0.402571827173233 0.444585740566254 0.441253900527954 0.437997609376907
0.0192559529095888 0.0188951306045055 0.0107591543346643 0.0153295751661062 0.0183551926165819 0.0257016140967607 0.0438125878572464 0.0440388172864914 0.0577430427074432 0.0707368850708008 0.0827890783548355 0.101297773420811 0.159578576683998 0.17290110886097 0.141447469592094 0.170341432094574 0.193671599030495 0.194499552249908 0.192061975598335 0.22716873884201 0.22634556889534 0.22604700922966 0.224054604768753 0.223351076245308 0.262800455093384 0.260539978742599 0.269857943058014 0.270090162754059 0.269787400960922 0.269336611032486 0.310507565736771 0.353849560022354 0.353770107030869 0.349436730146408 0.351016342639923 0.392766326665878 0.385986924171448 0.425601452589035 0.421641379594803 0.417471081018448 0.468925595283508 0.460431665182114 0.459486097097397 0.455066561698914 0.450605690479279 0.451506763696671
0.0245895739644766 0.0198506992310286 0.0194435939192772 0.0192097574472427 0.0271173752844334 0.0322754867374897 0.0458117797970772 0.054560124874115 0.0712854564189911 0.0853155553340912 0.102073341608047 0.124571673572063 0.132964760065079 0.208317443728447 0.169858247041702 0.202502816915512 0.232681006193161 0.23095665872097 0.229636803269386 0.227931067347527 0.229365259408951 0.228444203734398 0.266686886548996 0.266787499189377 0.263197153806686 0.271498918533325 0.271272748708725 0.314527034759521 0.355902075767517 0.314912527799606 0.35793200135231 0.359420955181122 0.360142916440964 0.375908583402634 0.414555490016937 0.411520183086395 0.441644012928009 0.478413701057434 0.478317677974701 0.473944365978241 0.471501916646957 0.475100576877594 0.467796862125397 0.501009166240692 0.502430438995361 0.492961168289185
0.0367776565253735 0.0253197271376848 0.0243042893707752 0.0201104879379272 0.0346664190292358 0.0337941981852055 0.0471132285892963 0.0743560194969177 0.0739292353391647 0.106173925101757 0.104208372533321 0.150861635804176 0.163210615515709 0.20869305729866 0.201627194881439 0.232601463794708 0.232940912246704 0.272479176521301 0.272576153278351 0.271256506443024 0.269206970930099 0.271128714084625 0.268294394016266 0.267206907272339 0.275051057338715 0.274920523166656 0.318134248256683 0.320186108350754 0.317567318677902 0.363743931055069 0.364147245883942 0.375584065914154 0.414972305297852 0.389307022094727 0.427790939807892 0.429407745599747 0.471535950899124 0.510939359664917 0.542896091938019 0.520729720592499 0.522267043590546 0.513558328151703 0.514354526996613 0.512524664402008 0.510935187339783 0.508879005908966
0.0389853119850159 0.0372894555330276 0.0369730144739151 0.0361656956374645 0.036062229424715 0.0509646311402321 0.0597041584551334 0.0765808746218681 0.091072104871273 0.108688250184059 0.127687111496925 0.153028711676598 0.1959528028965 0.194420710206032 0.190210610628128 0.225706920027733 0.274136692285538 0.275760412216187 0.274816453456879 0.273875057697296 0.272289603948593 0.271329373121262 0.271233826875687 0.32411253452301 0.323903739452362 0.277891755104065 0.324343860149384 0.32258465886116 0.322172224521637 0.378641992807388 0.377780884504318 0.378501862287521 0.398124724626541 0.392667442560196 0.436504423618317 0.481308490037918 0.530529856681824 0.53112804889679 0.55827409029007 0.554322063922882 0.534199118614197 0.528798401355743 0.525159358978271 0.517858445644379 0.519456624984741 0.537770926952362
0.0578234978020191 0.0556323565542698 0.0384570434689522 0.0383931212127209 0.0530733987689018 0.0630544424057007 0.0616057813167572 0.095108762383461 0.0947875082492828 0.133395478129387 0.131261870265007 0.186832442879677 0.198504045605659 0.232757017016411 0.230011776089668 0.228190734982491 0.271516591310501 0.320121705532074 0.319891840219498 0.319267898797989 0.319300919771194 0.274488836526871 0.326818972826004 0.327421516180038 0.326390385627747 0.324151545763016 0.323721021413803 0.325290143489838 0.335395932197571 0.335838705301285 0.381491035223007 0.380004465579987 0.423600792884827 0.406217038631439 0.44794425368309 0.489913135766983 0.53844153881073 0.532982230186462 0.566364884376526 0.560878276824951 0.54020756483078 0.535197854042053 0.534895360469818 0.553812026977539 0.541679799556732 0.541516125202179
0.0606010518968105 0.0591847114264965 0.0577781461179256 0.0681954026222229 0.0675667226314545 0.0653287619352341 0.065031923353672 0.100509017705917 0.0994532704353333 0.138899177312851 0.136991560459137 0.193490728735924 0.193605050444603 0.241689890623093 0.232308924198151 0.233557507395744 0.276866465806961 0.279341220855713 0.282350778579712 0.288025885820389 0.330238372087479 0.328827708959579 0.329059779644012 0.327504128217697 0.328375577926636 0.32793715596199 0.327692419290543 0.33913791179657 0.335459291934967 0.336814135313034 0.383425652980804 0.381846696138382 0.38123282790184 0.424704045057297 0.414519637823105 0.454688936471939 0.492991328239441 0.545936763286591 0.544827163219452 0.5801602602005 0.573128402233124 0.553209900856018 0.548482716083527 0.562718093395233 0.552278101444244 0.548805356025696
0.0969538018107414 0.0732917860150337 0.0725511685013771 0.070692740380764 0.069617323577404 0.0684784799814224 0.10537101328373 0.103426791727543 0.121526934206486 0.145725712180138 0.143173515796661 0.199179545044899 0.199920773506165 0.246240749955177 0.247429221868515 0.279275447130203 0.279538601636887 0.28232416510582 0.28640416264534 0.28656530380249 0.328902274370193 0.330297321081161 0.331211894750595 0.330468207597733 0.330546379089355 0.327246397733688 0.34018936753273 0.340554147958755 0.341066986322403 0.339619487524033 0.338182032108307 0.382592648267746 0.383670300245285 0.383272349834442 0.424169510602951 0.466752946376801 0.509242177009583 0.504752278327942 0.549295842647552 0.54855078458786 0.581759989261627 0.580430030822754 0.55970960855484 0.557288110256195 0.565902292728424 0.56243234872818
0.100210309028625 0.0986412391066551 0.0744623243808746 0.0741942897439003 0.0726659893989563 0.0856470912694931 0.109941624104977 0.108159370720387 0.128731563687325 0.15043893456459 0.172982379794121 0.205402955412865 0.238365277647972 0.253780901432037 0.251188039779663 0.281264364719391 0.281529009342194 0.284663945436478 0.284597188234329 0.288973212242126 0.293828755617142 0.297825634479523 0.332978814840317 0.329427719116211 0.329878360033035 0.342428833246231 0.343172997236252 0.341132789850235 0.341777712106705 0.342041432857513 0.31896910071373 0.319883078336716 0.317874193191528 0.363135695457458 0.35991358757019 0.401517152786255 0.468135416507721 0.516605257987976 0.560770690441132 0.555462300777435 0.584351241588593 0.582708716392517 0.565864205360413 0.580386459827423 0.581632673740387 0.575036823749542
0.102940812706947 0.102804742753506 0.10071761906147 0.0990281775593758 0.0984879806637764 0.115422748029232 0.113937817513943 0.133128330111504 0.132322624325752 0.156198307871819 0.181042581796646 0.212315514683723 0.247936844825745 0.263302177190781 0.259128004312515 0.30023056268692 0.290414780378342 0.289536207914352 0.293078392744064 0.292737782001495 0.297825634479523 0.306269615888596 0.310461819171906 0.343482851982117 0.345266044139862 0.342045903205872 0.343119472265244 0.339516878128052 0.341681063175201 0.322629541158676 0.319879472255707 0.321140319108963 0.317596763372421 0.319547683000565 0.360958337783813 0.402320802211761 0.401898831129074 0.479133188724518 0.521915018558502 0.566885232925415 0.561689257621765 0.594286382198334 0.576521396636963 0.587489306926727 0.587578535079956 0.586775720119476
0.127917394042015 0.104743510484695 0.104175820946693 0.100783482193947 0.120008312165737 0.118164956569672 0.116247251629829 0.135960385203362 0.135731428861618 0.159521847963333 0.187429487705231 0.184085950255394 0.25400322675705 0.25293630361557 0.266405701637268 0.306436836719513 0.294403553009033 0.295428276062012 0.294772356748581 0.298567026853561 0.30216246843338 0.31293049454689 0.327493906021118 0.343654155731201 0.345423102378845 0.345102697610855 0.343395620584488 0.339903354644775 0.340914249420166 0.322557657957077 0.322043895721436 0.275048345327377 0.275268107652664 0.274004131555557 0.317060917615891 0.361003637313843 0.4036625623703 0.448896676301956 0.528879702091217 0.572751820087433 0.567901492118835 0.605248034000397 0.583156645298004 0.593892991542816 0.593583941459656 0.608774960041046
0.13017962872982 0.107535220682621 0.10672876983881 0.121972389519215 0.119864471256733 0.120206013321877 0.138011455535889 0.141078934073448 0.140453234314919 0.162181794643402 0.193617805838585 0.223198980093002 0.260261386632919 0.259070873260498 0.270328313112259 0.315351635217667 0.311707675457001 0.296270042657852 0.301328003406525 0.303335547447205 0.310625731945038 0.323935002088547 0.332257688045502 0.336907029151917 0.338232010602951 0.345794945955276 0.346874743700027 0.323017507791519 0.31869176030159 0.320194333791733 0.277755916118622 0.277067273855209 0.274451673030853 0.230632245540619 0.275405198335648 0.360565602779388 0.404045522212982 0.453472137451172 0.476427048444748 0.538846075534821 0.583233416080475 0.577920317649841 0.613819897174835 0.593807280063629 0.602721154689789 0.610121786594391
0.130337178707123 0.108180217444897 0.105530932545662 0.123107858002186 0.125104159116745 0.144775450229645 0.142520114779472 0.140913546085358 0.169244378805161 0.164294958114624 0.197781682014465 0.225916191935539 0.26778918504715 0.26362082362175 0.26393073797226 0.274841070175171 0.320586115121841 0.302681118249893 0.302153289318085 0.311327069997787 0.328776627779007 0.330204039812088 0.333533108234406 0.340463310480118 0.348054587841034 0.346477478742599 0.326959550380707 0.322663217782974 0.3238565325737 0.322272211313248 0.322209089994431 0.318881899118423 0.320561110973358 0.228486552834511 0.272049963474274 0.36418554186821 0.369265764951706 0.405449330806732 0.449704349040985 0.541640222072601 0.589659512042999 0.583321750164032 0.61578094959259 0.598293364048004 0.61249315738678 0.610301494598389
0.107244186103344 0.106475718319416 0.1053796261549 0.122934073209763 0.0944734439253807 0.114335410296917 0.110044933855534 0.167246177792549 0.168570712208748 0.168046310544014 0.197477877140045 0.233361899852753 0.270935654640198 0.269171148538589 0.265550464391708 0.282100081443787 0.324889838695526 0.3187355697155 0.310802578926086 0.328419178724289 0.334058463573456 0.336472898721695 0.3363978266716 0.347272306680679 0.329444408416748 0.331631749868393 0.326929748058319 0.326647043228149 0.324231803417206 0.324281126260757 0.322019785642624 0.321688771247864 0.323589414358139 0.274524331092834 0.3191998898983 0.359237194061279 0.405229300260544 0.409963428974152 0.45363175868988 0.525668382644653 0.596364080905914 0.62378853559494 0.617175221443176 0.633725047111511 0.624886393547058 0.620071947574615
0.106160163879395 0.104148909449577 0.102895133197308 0.0946023017168045 0.0924852266907692 0.112365439534187 0.112673185765743 0.130643382668495 0.17308634519577 0.167950809001923 0.198473617434502 0.236689016222954 0.236092314124107 0.273403853178024 0.272958636283875 0.287952423095703 0.282863706350327 0.280225872993469 0.279577374458313 0.333654522895813 0.336385697126389 0.343035131692886 0.341689914464951 0.329231768846512 0.330409049987793 0.327968120574951 0.368208527565002 0.373058766126633 0.324805051088333 0.277255058288574 0.323726445436478 0.359644770622253 0.365500867366791 0.311300337314606 0.365470826625824 0.36782231926918 0.407396137714386 0.447762548923492 0.502697825431824 0.528092861175537 0.597340106964111 0.633111357688904 0.62761664390564 0.615197777748108 0.617606282234192 0.638217926025391
0.103402405977249 0.10326836258173 0.120169416069984 0.0902594178915024 0.10717511922121 0.107587322592735 0.127752840518951 0.131133779883385 0.131718263030052 0.204128175973892 0.201075553894043 0.242854997515678 0.23595854640007 0.284888476133347 0.277895599603653 0.271589040756226 0.289310872554779 0.283651173114777 0.329628229141235 0.334157168865204 0.337643325328827 0.3916175365448 0.374142616987228 0.376415640115738 0.378321886062622 0.372111022472382 0.371118456125259 0.372719913721085 0.274538993835449 0.274671882390976 0.313149124383926 0.366124927997589 0.365500867366791 0.306375592947006 0.368938595056534 0.412288010120392 0.411538779735565 0.451028406620026 0.504879355430603 0.532762169837952 0.600487887859344 0.63120710849762 0.620228350162506 0.659224450588226 0.63670027256012 0.644443809986115
0.101368375122547 0.10077241808176 0.0922943502664566 0.0902880430221558 0.105055250227451 0.104746930301189 0.127761349081993 0.127963170409203 0.149560317397118 0.200958922505379 0.20037554204464 0.203783020377159 0.246149927377701 0.245301946997643 0.28535994887352 0.321259945631027 0.344640463590622 0.338814288377762 0.335853397846222 0.386066615581512 0.398259967565536 0.371743977069855 0.376898020505905 0.373433202505112 0.381389886140823 0.385713785886765 0.333870351314545 0.310996800661087 0.311015963554382 0.310967475175858 0.313334703445435 0.351290047168732 0.349911779165268 0.349748432636261 0.408337146043777 0.40632227063179 0.451425194740295 0.504375338554382 0.499553084373474 0.595789790153503 0.580555081367493 0.641476094722748 0.639470458030701 0.659046709537506 0.657458961009979 0.658694624900818
0.101423785090446 0.101423785090446 0.0906503200531006 0.0909114256501198 0.105774410068989 0.122765354812145 0.0852477625012398 0.10694258660078 0.150607019662857 0.153278082609177 0.200125724077225 0.204911381006241 0.246437400579453 0.242625713348389 0.335676282644272 0.331249475479126 0.325448572635651 0.372389227151871 0.39302459359169 0.407505869865417 0.37731260061264 0.376410931348801 0.381108283996582 0.37916424870491 0.327939033508301 0.326100051403046 0.307139933109283 0.31179291009903 0.310660839080811 0.310967475175858 0.35229679942131 0.350479811429977 0.351193785667419 0.353276342153549 0.351992577314377 0.448748767375946 0.499803692102432 0.500891387462616 0.550954461097717 0.602738261222839 0.61538952589035 0.641882359981537 0.660745978355408 0.675601184368134 0.660039007663727 0.660202622413635
0.100809901952744 0.100036591291428 0.0901252254843712 0.107148513197899 0.106533579528332 0.127792626619339 0.106316961348057 0.105945229530334 0.15039549767971 0.153425678610802 0.201295658946037 0.204941555857658 0.242727145552635 0.241859063506126 0.289986103773117 0.338457494974136 0.334761261940002 0.37618300318718 0.419664025306702 0.423510015010834 0.420739233493805 0.42631134390831 0.432960391044617 0.333048731088638 0.332250148057938 0.312716156244278 0.306532710790634 0.34099218249321 0.349350869655609 0.350718855857849 0.350786000490189 0.354869186878204 0.385902673006058 0.389575839042664 0.389105916023254 0.450407326221466 0.505550622940063 0.545466899871826 0.552952349185944 0.636241376399994 0.61583399772644 0.662788331508636 0.6612788438797 0.673798441886902 0.673527538776398 0.674743235111237
0.101945906877518 0.120799198746681 0.120410270988941 0.0896401777863503 0.10923583060503 0.128001376986504 0.128591999411583 0.152732834219933 0.154235348105431 0.154313907027245 0.196805581450462 0.206475749611855 0.242751613259315 0.242560848593712 0.288741379976273 0.339637458324432 0.379994571208954 0.379921555519104 0.420244455337524 0.430428922176361 0.430123418569565 0.369876742362976 0.363640815019608 0.366712510585785 0.357984662055969 0.30903148651123 0.352627754211426 0.3487488925457 0.350182235240936 0.352572828531265 0.350987404584885 0.351216495037079 0.391518265008926 0.391062647104263 0.383447855710983 0.491305947303772 0.525562644004822 0.548289656639099 0.59232896566391 0.636419355869293 0.657163262367249 0.66145646572113 0.671516239643097 0.681449294090271 0.687050223350525 0.686429738998413
0.0986357629299164 0.0989094153046608 0.119564346969128 0.0926032662391663 0.107729889452457 0.108438014984131 0.128254145383835 0.127907261252403 0.155649110674858 0.198643654584885 0.198193207383156 0.206824719905853 0.244661375880241 0.243215963244438 0.29112708568573 0.286965638399124 0.380837559700012 0.380212008953094 0.38023778796196 0.424250870943069 0.366594552993774 0.367756396532059 0.359437376260757 0.35997262597084 0.309495627880096 0.309176206588745 0.30802109837532 0.306393474340439 0.303388983011246 0.29674369096756 0.300282388925552 0.393446445465088 0.384056717157364 0.384882748126984 0.426787704229355 0.436650693416595 0.574037909507751 0.571391880512238 0.582989454269409 0.625986397266388 0.658940672874451 0.677058100700378 0.676295816898346 0.687600076198578 0.693133890628815 0.705305159091949
