data/climate_estimation/maxent_output/Trillium_viridescens.asc
NCOLS 111 
NROWS 86 
XLLCORNER -99.6666666666667 
YLLCORNER 31.3333333333333 
CELLSIZE 0.0833333333333333 
NODATA_value -3.4e+38 
[rows 20 to 39 of 86, columns 44 to 87 of 111]
0.482525020837784 0.491806000471115 0.51607084274292 0.552324771881104 0.624898016452789 0.640043258666992 0.647732377052307 0.671426355838776 0.652602314949036 0.727524697780609 0.728974282741547 0.770549535751343 0.725295305252075 0.773612439632416 0.728108882904053 0.751235842704773 0.704337000846863 0.647828876972198 0.640686333179474 0.603948771953583 0.582221567630768 0.575131595134735 0.587692499160767 0.5695920586586 0.519800245761871 0.52873021364212 0.59497195482254 0.591428875923157 0.580389201641083 0.593292832374573 0.56687980890274 0.55245453119278 0.606734693050385 0.658412218093872 0.680142223834991 0.751932680606842 0.751932680606842 0.760755777359009 0.760755777359009 0.743286848068237 0.777876317501068 0.726082146167755 0.722963631153107 0.687184453010559
0.475096791982651 0.510138988494873 0.521918892860413 0.619723379611969 0.662591695785522 0.697704970836639 0.677416741847992 0.703414618968964 0.710417509078979 0.773315608501434 0.757690191268921 0.812214434146881 0.780798137187958 0.758105933666229 0.776276230812073 0.753101944923401 0.756696820259094 0.717177748680115 0.646255433559418 0.675257742404938 0.638575196266174 0.620230555534363 0.651243507862091 0.592932641506195 0.556942403316498 0.609302222728729 0.609302222728729 0.662266969680786 0.640451788902283 0.651786088943481 0.606734693050385 0.604704022407532 0.637870848178864 0.716951966285706 0.757745563983917 0.7727991938591 0.789649665355682 0.770656406879425 0.77364319562912 0.806055307388306 0.795314073562622 0.759200155735016 0.718465447425842 0.70091700553894
0.515768766403198 0.522623538970947 0.558972716331482 0.587624788284302 0.665822386741638 0.678085446357727 0.709274053573608 0.684166669845581 0.759758532047272 0.747297585010529 0.813302040100098 0.794959306716919 0.782591462135315 0.821044981479645 0.811195254325867 0.827157020568848 0.804265439510345 0.798050403594971 0.737337827682495 0.721840441226959 0.703886151313782 0.72698974609375 0.676618814468384 0.671136558055878 0.635586798191071 0.670183598995209 0.688281297683716 0.720681369304657 0.735058963298798 0.722974896430969 0.714295566082001 0.714295566082001 0.73581463098526 0.770656406879425 0.787535071372986 0.809491455554962 0.801917195320129 0.787870526313782 0.841045141220093 0.821369886398315 0.818761348724365 0.774916410446167 0.752454698085785 0.752454698085785
0.513480663299561 0.57934182882309 0.58248895406723 0.638844907283783 0.673409461975098 0.688415050506592 0.698181986808777 0.713120102882385 0.713120102882385 0.774694442749023 0.777150750160217 0.799743115901947 0.820179343223572 0.812891125679016 0.852353930473328 0.846782326698303 0.848470330238342 0.82511705160141 0.82974636554718 0.837023556232452 0.80820769071579 0.758300065994263 0.767051339149475 0.732584774494171 0.689907789230347 0.704297184944153 0.806741774082184 0.824284374713898 0.82335352897644 0.793385684490204 0.7316974401474 0.73707902431488 0.771060109138489 0.74482649564743 0.817280948162079 0.853884279727936 0.862485885620117 0.872048497200012 0.870194435119629 0.854825019836426 0.842529058456421 0.818004190921783 0.787462413311005 0.776743769645691
0.563230395317078 0.584032118320465 0.643177270889282 0.636476159095764 0.692690849304199 0.672418892383575 0.695971071720123 0.705207049846649 0.759314596652985 0.765181362628937 0.806523978710175 0.80265074968338 0.82003515958786 0.853874742984772 0.837730467319489 0.851581692695618 0.855165004730225 0.832528650760651 0.88202565908432 0.835953772068024 0.837360620498657 0.81179940700531 0.810383915901184 0.78126049041748 0.741197168827057 0.804032623767853 0.855451345443726 0.816711783409119 0.846227645874023 0.837589859962463 0.73106175661087 0.755029678344727 0.762939095497131 0.739478409290314 0.799177289009094 0.859982132911682 0.899351716041565 0.908178210258484 0.899403035640717 0.8888059258461 0.880424857139587 0.826334059238434 0.793764173984528 0.80370569229126
0.593478441238403 0.603377342224121 0.659824669361115 0.703987658023834 0.700256884098053 0.672128021717072 0.719260096549988 0.774694442749023 0.77204418182373 0.767015635967255 0.806297183036804 0.802474796772003 0.81672465801239 0.854934394359589 0.895644545555115 0.884722769260406 0.879341542720795 0.89567232131958 0.875712156295776 0.852199196815491 0.834168374538422 0.855119228363037 0.828462541103363 0.843074977397919 0.838408648967743 0.84984427690506 0.807308733463287 0.808688998222351 0.862915694713593 0.795680105686188 0.763507604598999 0.775588750839233 0.78999650478363 0.749203681945801 0.813839733600616 0.825122594833374 0.865379989147186 0.884673058986664 0.8569615483284 0.863546252250671 0.880889356136322 0.8698410987854 0.80971771478653 0.81146103143692
0.631930410861969 0.636693358421326 0.686288833618164 0.674547374248505 0.711503922939301 0.738555252552032 0.732261300086975 0.803609251976013 0.799091637134552 0.779346346855164 0.844087719917297 0.832325398921967 0.875378310680389 0.86236447095871 0.888577282428741 0.87881475687027 0.882717609405518 0.848307192325592 0.852709412574768 0.829450845718384 0.838425874710083 0.865275859832764 0.830042660236359 0.855745792388916 0.830776810646057 0.828417241573334 0.803469002246857 0.809759020805359 0.802781045436859 0.779715776443481 0.726914048194885 0.720257580280304 0.74269711971283 0.721183061599731 0.738915264606476 0.806837975978851 0.834110617637634 0.857350289821625 0.867808640003204 0.869048476219177 0.885506570339203 0.893848478794098 0.848176419734955 0.82938677072525
0.658519387245178 0.678460657596588 0.701772034168243 0.763596892356873 0.731788337230682 0.771892070770264 0.811554491519928 0.815185725688934 0.810773849487305 0.868821084499359 0.847335577011108 0.867366135120392 0.839129209518433 0.831071794033051 0.847241222858429 0.865793704986572 0.903466045856476 0.889243841171265 0.874346911907196 0.876908123493195 0.882385730743408 0.833829641342163 0.795062363147736 0.834977507591248 0.829368770122528 0.819030404090881 0.78581029176712 0.763605773448944 0.774734854698181 0.730086266994476 0.694057047367096 0.686170935630798 0.597694396972656 0.655324637889862 0.780916273593903 0.816308617591858 0.855127096176147 0.87865138053894 0.887041330337524 0.896368265151978 0.889973223209381 0.878167569637299 0.878119111061096 0.853204071521759
0.670264780521393 0.720729827880859 0.709236979484558 0.769331037998199 0.772027373313904 0.805467545986176 0.851763486862183 0.858719885349274 0.885496497154236 0.882272303104401 0.871416389942169 0.870999455451965 0.846298575401306 0.874511480331421 0.882419586181641 0.87536746263504 0.893742740154266 0.90387099981308 0.885521829128265 0.891503870487213 0.860250234603882 0.81453263759613 0.814934968948364 0.81272965669632 0.787980496883392 0.759876668453217 0.75089430809021 0.764452397823334 0.713940441608429 0.733364701271057 0.628120541572571 0.569883465766907 0.525953531265259 0.662247478961945 0.766114890575409 0.722500562667847 0.836417198181152 0.85174036026001 0.848478019237518 0.84808748960495 0.871703922748566 0.889973223209381 0.873749732971191 0.848474204540253
0.670264780521393 0.719309747219086 0.721233248710632 0.771582245826721 0.820850014686584 0.818970859050751 0.859842002391815 0.883025944232941 0.87976747751236 0.894116818904877 0.90876042842865 0.86619770526886 0.883771955966949 0.880603492259979 0.86179918050766 0.855769455432892 0.874014973640442 0.880565702915192 0.860694110393524 0.882456064224243 0.86686247587204 0.795664310455322 0.792937219142914 0.787883877754211 0.781548202037811 0.711091637611389 0.653236389160156 0.706573784351349 0.665619671344757 0.670920431613922 0.566637635231018 0.607700407505035 0.624967753887177 0.733961522579193 0.835548639297485 0.805846929550171 0.843072891235352 0.836682677268982 0.869857013225555 0.891970038414001 0.892504930496216 0.863395571708679 0.868195235729218 0.818097770214081
0.739413261413574 0.732620000839233 0.786985397338867 0.790945470333099 0.834240913391113 0.861358404159546 0.896862387657166 0.898122727870941 0.924509584903717 0.915284931659698 0.922719299793243 0.876903653144836 0.88919997215271 0.897606253623962 0.891561686992645 0.907576203346252 0.899117529392242 0.891485750675201 0.835831046104431 0.833776473999023 0.844284653663635 0.76118278503418 0.686835765838623 0.735110104084015 0.712489366531372 0.656116485595703 0.621084213256836 0.65413773059845 0.573663413524628 0.572357833385468 0.544341444969177 0.612090051174164 0.654117524623871 0.690428495407104 0.746685862541199 0.833766639232635 0.839398622512817 0.875620007514954 0.903444051742554 0.899250686168671 0.873133301734924 0.86484706401825 0.874114274978638 0.854428946971893
0.749910950660706 0.756633162498474 0.775724291801453 0.839952290058136 0.866601169109344 0.853854298591614 0.902562737464905 0.912292659282684 0.933106184005737 0.903800189495087 0.901499807834625 0.881486892700195 0.892921566963196 0.895890235900879 0.84608668088913 0.838107168674469 0.875995695590973 0.890568256378174 0.863152265548706 0.772991716861725 0.724359750747681 0.666776895523071 0.624228239059448 0.60353696346283 0.60353696346283 0.62437915802002 0.563829839229584 0.580023586750031 0.5282022356987 0.493349194526672 0.514512658119202 0.523482739925385 0.55683571100235 0.526947557926178 0.642172873020172 0.726341485977173 0.669128060340881 0.758022248744965 0.814679205417633 0.849944114685059 0.791426062583923 0.798666715621948 0.80582183599472 0.789544463157654
0.730368375778198 0.799929022789001 0.80615907907486 0.873157858848572 0.869447112083435 0.912024021148682 0.919878840446472 0.945094585418701 0.9504714012146 0.929313063621521 0.918613374233246 0.874494850635529 0.874182641506195 0.896192491054535 0.844145178794861 0.813091337680817 0.867078423500061 0.865984201431274 0.793097078800201 0.779950976371765 0.722747087478638 0.690717041492462 0.592459142208099 0.585833609104156 0.502133846282959 0.573160111904144 0.562618970870972 0.550115823745728 0.571854770183563 0.534458339214325 0.524569749832153 0.663267612457275 0.678381443023682 0.583188474178314 0.598895251750946 0.560443043708801 0.642172873020172 0.616589188575745 0.676570415496826 0.657681107521057 0.741934061050415 0.777999222278595 0.760351955890656 0.812860250473022
0.778773427009583 0.785751521587372 0.809133887290955 0.865358293056488 0.880338191986084 0.912274241447449 0.915818452835083 0.923117756843567 0.941911399364471 0.949493765830994 0.938178777694702 0.894598126411438 0.905170559883118 0.855872988700867 0.833488941192627 0.798268377780914 0.87105256319046 0.857217311859131 0.841715395450592 0.871333241462708 0.788628876209259 0.757319867610931 0.747489452362061 0.666742146015167 0.617236077785492 0.635268092155457 0.728517949581146 0.720365047454834 0.71716034412384 0.66930091381073 0.591721892356873 0.650130569934845 0.728128969669342 0.714441657066345 0.626803517341614 0.642915546894073 0.654028594493866 0.634403169155121 0.603774309158325 0.646785259246826 0.768846154212952 0.768384873867035 0.742735087871552 0.769316077232361
0.787047266960144 0.779549181461334 0.791121244430542 0.852625548839569 0.863237917423248 0.871342301368713 0.902253746986389 0.94089663028717 0.943182826042175 0.96037745475769 0.921638667583466 0.917970359325409 0.866670429706573 0.82803863286972 0.898633241653442 0.824840903282166 0.876726984977722 0.933116972446442 0.936700940132141 0.901796936988831 0.8274866938591 0.821512162685394 0.809345781803131 0.781952679157257 0.84732311964035 0.821267604827881 0.71798038482666 0.655801475048065 0.656900525093079 0.640774846076965 0.649250447750092 0.705952107906342 0.767983675003052 0.813799738883972 0.786468029022217 0.724307060241699 0.744955837726593 0.705324947834015 0.672108352184296 0.674018263816833 0.76159805059433 0.794594824314117 0.116466723382473 0.107448875904083
0.790869116783142 0.801835060119629 0.833401501178741 0.848530948162079 0.867212951183319 0.860960185527802 0.900691747665405 0.935489654541016 0.944318294525146 0.953426480293274 0.948332548141479 0.927610099315643 0.940137207508087 0.950071752071381 0.929921567440033 0.905175507068634 0.92766946554184 0.968226730823517 0.965870261192322 0.920811772346497 0.926610112190247 0.92311018705368 0.929467499256134 0.946947753429413 0.923422753810883 0.911206483840942 0.867904722690582 0.814614713191986 0.896895885467529 0.907444059848785 0.913620948791504 0.895456612110138 0.896886348724365 0.866620719432831 0.822219371795654 0.839981734752655 0.837161004543304 0.73458468914032 0.723013162612915 0.803309500217438 0.117023594677448 0.124207951128483 0.127746015787125 0.123686470091343
0.766101539134979 0.783080756664276 0.851186394691467 0.860910773277283 0.868128538131714 0.868128538131714 0.889652252197266 0.928431868553162 0.94022798538208 0.960894882678986 0.959412813186646 0.971420764923096 0.9722039103508 0.965917110443115 0.965640425682068 0.973645508289337 0.957276821136475 0.95204883813858 0.975738346576691 0.975309371948242 0.970707952976227 0.973467528820038 0.973061621189117 0.954801738262177 0.926569640636444 0.918125212192535 0.924745798110962 0.911868333816528 0.945616781711578 0.959936320781708 0.967769682407379 0.958617925643921 0.932103335857391 0.924961686134338 0.920700490474701 0.927391171455383 0.905588507652283 0.846495032310486 0.853553712368011 0.136067047715187 0.133997097611427 0.114541329443455 0.109477855265141 0.102833524346352
0.762636959552765 0.769659340381622 0.837758541107178 0.853676497936249 0.862690031528473 0.886306464672089 0.893721103668213 0.932886898517609 0.950767457485199 0.949759721755981 0.953749537467957 0.950926959514618 0.976413190364838 0.976147472858429 0.965367317199707 0.977356493473053 0.977916300296783 0.986979603767395 0.987300992012024 0.984865665435791 0.981509804725647 0.986812353134155 0.9799844622612 0.967993557453156 0.957795143127441 0.953423678874969 0.952296078205109 0.955881059169769 0.950190365314484 0.960573554039001 0.966630518436432 0.96811980009079 0.941236615180969 0.940736591815948 0.953704595565796 0.892853021621704 0.89741975069046 0.174555391073227 0.158175557851791 0.146818876266479 0.137340322136879 0.124604135751724 0.131568610668182 0.114448584616184
0.752868413925171 0.757512629032135 0.822699189186096 0.849780976772308 0.899321913719177 0.909526884555817 0.923965036869049 0.934766530990601 0.940536022186279 0.960665702819824 0.954594433307648 0.961343050003052 0.974562883377075 0.967960774898529 0.979747414588928 0.984201848506927 0.980401515960693 0.98918080329895 0.986546456813812 0.981087744235992 0.985860466957092 0.979032576084137 0.972622692584991 0.972576856613159 0.970182836055756 0.963980078697205 0.935493409633636 0.93997848033905 0.910373032093048 0.916418612003326 0.945995211601257 0.936689913272858 0.956444501876831 0.959822356700897 0.957696616649628 0.917791783809662 0.906969666481018 0.198279112577438 0.172260329127312 0.161974146962166 0.14279405772686 0.136491820216179 0.139467909932137 0.122956700623035
0.777700901031494 0.794602692127228 0.847040891647339 0.867708206176758 0.897095441818237 0.899115681648254 0.921191692352295 0.905945122241974 0.938078641891479 0.950347542762756 0.967314183712006 0.962990641593933 0.959948897361755 0.96908301115036 0.973987936973572 0.979669153690338 0.988962709903717 0.984469592571259 0.984125971794128 0.978771924972534 0.962721347808838 0.916655540466309 0.847351133823395 0.925202608108521 0.957435607910156 0.943293273448944 0.940860271453857 0.838231146335602 0.662921726703644 0.751855909824371 0.809770822525024 0.87818968296051 0.862314343452454 0.944321036338806 0.204798176884651 0.202938914299011 0.207357615232468 0.210287526249886 0.190940037369728 0.175103411078453 0.15735499560833 0.156689330935478 0.137173652648926 0.134390458464622
