data/climate_estimation/maxent_output/Trillium_govanianum.asc
NCOLS 301 
NROWS 80 
XLLCORNER 70.4166666666667 
YLLCORNER 29.3333333333333 
CELLSIZE 0.0833333333333333 
NODATA_value -3.4e+38 
[rows 0 to 19 of 80, columns 176 to 219 of 301]
0.0579756312072277 0.0641321539878845 0.0631947740912437 0.064949668943882 0.0762330442667007 0.0734724476933479 0.0726171210408211 0.0699545741081238 0.0737569555640221 0.0766837149858475 0.0747333467006683 0.0718453153967857 0.0743437930941582 0.0736807510256767 0.0755577608942986 0.0781546831130981 0.0781411603093147 0.0840118899941444 0.0841639190912247 0.099416509270668 0.104323476552963 0.0974655598402023 0.0982347801327705 0.0990246087312698 0.0906700938940048 0.0894368514418602 0.0940087884664536 0.0963029935956001 0.0933275073766708 0.102839700877666 0.102282598614693 0.0979043617844582 0.0963121205568314 0.0944323614239693 0.0937991291284561 0.0945500880479813 0.094597302377224 0.0936102122068405 0.0922760665416718 0.0945879071950912 0.0969961136579514 0.109694622457027 0.111334703862667 0.109141431748867
0.0640959888696671 0.0663874670863152 0.068451315164566 0.0667243972420692 0.0745221972465515 0.0649814680218697 0.059120524674654 0.0548170506954193 0.0633705705404282 0.0669594705104828 0.0639812126755714 0.0693251714110374 0.0696740671992302 0.070555754005909 0.0743778198957443 0.0802154019474983 0.0874792709946632 0.0841548442840576 0.0810108110308647 0.0978462174534798 0.095829151570797 0.0990506708621979 0.101522505283356 0.0976294875144958 0.0930359214544296 0.088912658393383 0.0871336907148361 0.101177960634232 0.099422886967659 0.0926432088017464 0.092630609869957 0.0897835493087769 0.0897796750068665 0.0880527421832085 0.0851869061589241 0.0852038860321045 0.0833819508552551 0.0961198061704636 0.0979598164558411 0.103784814476967 0.103832557797432 0.103151798248291 0.10462298989296 0.100687108933926
0.0652684718370438 0.0708513483405113 0.0674014836549759 0.0697891041636467 0.0699969381093979 0.0470696426928043 0.0436131432652473 0.0476711094379425 0.04926623031497 0.0548630952835083 0.0613256320357323 0.0647823214530945 0.0683723390102386 0.0779708698391914 0.0815295800566673 0.0837108343839645 0.0897540599107742 0.0832443460822105 0.0848871916532516 0.0849433168768883 0.0838483944535255 0.0774819180369377 0.0743915662169456 0.0763643160462379 0.0830646529793739 0.0819852724671364 0.0870861262083054 0.0831437483429909 0.0793933719396591 0.080953910946846 0.0794123858213425 0.0836949050426483 0.0802126750349998 0.0802126750349998 0.0896379947662354 0.0883915275335312 0.0872736722230911 0.0919976979494095 0.0949891284108162 0.0955723449587822 0.0894019305706024 0.0814768597483635 0.0901500061154366 0.0853391289710999
0.0654003024101257 0.0662607997655869 0.0710751712322235 0.0753089264035225 0.0617949515581131 0.0423211045563221 0.0289964154362679 0.0476317889988422 0.0615726113319397 0.0703033283352852 0.0778120905160904 0.079902820289135 0.0826610997319221 0.0811148136854172 0.0849261358380318 0.0849055275321007 0.086062990128994 0.0882892087101936 0.0952131822705269 0.0976163670420647 0.0910441130399704 0.0849658623337746 0.0837186798453331 0.0880816429853439 0.0881481915712357 0.0988108590245247 0.106396473944187 0.100759722292423 0.0970747619867325 0.090479850769043 0.0837936699390411 0.0889382436871529 0.0798872113227844 0.075584203004837 0.0704255327582359 0.064503125846386 0.0766760259866714 0.0872874483466148 0.0907798856496811 0.0814768597483635 0.0807508751749992 0.0710401311516762 0.0756522864103317 0.0852840840816498
0.0811622142791748 0.0803393423557281 0.0905706435441971 0.0791095495223999 0.0589683465659618 0.0404448546469212 0.0389260351657867 0.0509680770337582 0.06380295753479 0.0733191668987274 0.0704634860157967 0.0821520164608955 0.0832906812429428 0.0844762623310089 0.0878584608435631 0.0879110917448997 0.0839789360761642 0.0861919298768044 0.0849044620990753 0.0893590375781059 0.0916132628917694 0.0917000249028206 0.0926575809717178 0.102714039385319 0.0953288227319717 0.0929277464747429 0.0934667438268661 0.0965141355991364 0.103991337120533 0.102968201041222 0.105175092816353 0.102653220295906 0.0961456596851349 0.10074819624424 0.0938455387949944 0.0872376635670662 0.0826052352786064 0.0848672315478325 0.0923340991139412 0.088892012834549 0.0875972881913185 0.097145214676857 0.105597220361233 0.0970199257135391
0.0931721180677414 0.0887385904788971 0.0950088351964951 0.0840657651424408 0.0729584097862244 0.0619768649339676 0.0620634816586971 0.060730941593647 0.0718638375401497 0.0774798393249512 0.0817592889070511 0.0786732956767082 0.0711612850427628 0.0716541931033134 0.0777666047215462 0.0762299373745918 0.0693151652812958 0.0747133940458298 0.07467270642519 0.0770161300897598 0.0811688080430031 0.0935883224010468 0.0860065743327141 0.0882861986756325 0.0849190205335617 0.0871359184384346 0.0783846452832222 0.0778076350688934 0.0855226591229439 0.0836250334978104 0.0950617492198944 0.0960597842931747 0.105208918452263 0.106478855013847 0.103400036692619 0.105711884796619 0.109157331287861 0.114974193274975 0.121433280408382 0.119019895792007 0.118247479200363 0.111115731298923 0.125461027026176 0.123839817941189
0.091867133975029 0.0874809697270393 0.097435399889946 0.0861794725060463 0.0809935256838799 0.0760266408324242 0.074452169239521 0.0770393684506416 0.0750367417931557 0.0752928927540779 0.084656223654747 0.0830161795020103 0.0767636448144913 0.0772361010313034 0.0814424604177475 0.0887079685926437 0.0915955826640129 0.0852386802434921 0.083049550652504 0.0776795372366905 0.0877772271633148 0.0899756029248238 0.107378594577312 0.113438755273819 0.120882749557495 0.126566499471664 0.119733534753323 0.120975099503994 0.119381047785282 0.111844427883625 0.102705128490925 0.110095322132111 0.103323712944984 0.10680977255106 0.111912503838539 0.115805491805077 0.118666186928749 0.12346238642931 0.12917885184288 0.129679977893829 0.129648357629776 0.121255002915859 0.133701428771019 0.132942482829094
0.0846315920352936 0.0851788520812988 0.0879937186837196 0.087682694196701 0.0860000029206276 0.0843393057584763 0.0880630761384964 0.0906132981181145 0.0890303701162338 0.0895304009318352 0.085569366812706 0.103757411241531 0.104395240545273 0.10603278875351 0.114741332828999 0.111055120825768 0.107072249054909 0.104157738387585 0.0942065939307213 0.0908525139093399 0.0974249243736267 0.11088003218174 0.0993636101484299 0.098624013364315 0.115210242569447 0.129291981458664 0.135082051157951 0.122101128101349 0.111660845577717 0.110115796327591 0.105991825461388 0.0914002880454063 0.0793874189257622 0.0825626701116562 0.0912599414587021 0.100422486662865 0.0979673340916634 0.117094941437244 0.126756116747856 0.13774898648262 0.13250707089901 0.119385555386543 0.118645004928112 0.126531273126602
0.29033225774765 0.292260706424713 0.292618572711945 0.281126499176025 0.30729267001152 0.307490319013596 0.307101875543594 0.293986439704895 0.303533107042313 0.350630849599838 0.0968372747302055 0.0990736857056618 0.117468178272247 0.12023763358593 0.117870531976223 0.107970170676708 0.099712073802948 0.0927079543471336 0.0956899151206017 0.0885659605264664 0.0950267389416695 0.110268674790859 0.111664541065693 0.112808905541897 0.12199192494154 0.139207988977432 0.139207988977432 0.127105042338371 0.124433405697346 0.124296687543392 0.116997867822647 0.11206229776144 0.100019231438637 0.105251081287861 0.105593875050545 0.11088815331459 0.107455544173717 0.119459822773933 0.137870192527771 0.1193892583251 0.0936249867081642 0.0723845139145851 0.0816756337881088 0.111708052456379
0.336289495229721 0.330577552318573 0.330755591392517 0.325630217790604 0.315626412630081 0.29764711856842 0.288040637969971 0.31408765912056 0.304204970598221 0.319735467433929 0.342701524496078 0.350969552993774 0.3247329890728 0.340254426002502 0.345342516899109 0.269022554159164 0.285608142614365 0.28053092956543 0.306800305843353 0.0963933989405632 0.110389955341816 0.123297564685345 0.131253406405449 0.12867134809494 0.133471146225929 0.129006803035736 0.123497650027275 0.111288256943226 0.117611221969128 0.136711746454239 0.136711746454239 0.131254911422729 0.130297586321831 0.12827268242836 0.124922826886177 0.12315695732832 0.123067237436771 0.12790609896183 0.131353706121445 0.129198953509331 0.0973909720778465 0.0812701061367989 0.0808049961924553 0.10209809243679
0.341725826263428 0.338740974664688 0.32770761847496 0.329740196466446 0.330892086029053 0.322704613208771 0.297883331775665 0.309429705142975 0.296066612005234 0.311600565910339 0.325182944536209 0.309326499700546 0.301282465457916 0.329935640096664 0.345234364271164 0.334220975637436 0.312551468610764 0.343282341957092 0.353126049041748 0.144958451390266 0.143958821892738 0.141015529632568 0.128867447376251 0.130871906876564 0.11915810406208 0.11740954965353 0.118728891015053 0.115165144205093 0.120117835700512 0.125038653612137 0.130283996462822 0.13329391181469 0.120077975094318 0.114506997168064 0.126117318868637 0.134048879146576 0.114610604941845 0.103568732738495 0.0993605479598045 0.107969023287296 0.100376315414906 0.0993523523211479 0.104843758046627 0.119072966277599
0.341602295637131 0.335416734218597 0.321852266788483 0.306978583335876 0.302799552679062 0.307798594236374 0.304272681474686 0.341776192188263 0.315007120370865 0.308536618947983 0.324169248342514 0.330193519592285 0.35061639547348 0.360749483108521 0.359472036361694 0.364757418632507 0.352307349443436 0.359727114439011 0.413107842206955 0.3998644053936 0.402517408132553 0.399599641561508 0.399711400270462 0.1399777084589 0.135296747088432 0.124897189438343 0.120902001857758 0.113004267215729 0.122332543134689 0.126761913299561 0.148824274539948 0.149998262524605 0.130879908800125 0.124952718615532 0.134956300258636 0.156793922185898 0.143010213971138 0.13063633441925 0.113458268344402 0.11911840736866 0.104131639003754 0.115492597222328 0.113989524543285 0.103959634900093
0.319668233394623 0.30737578868866 0.307245135307312 0.303867399692535 0.288451015949249 0.329248130321503 0.342048823833466 0.338648200035095 0.324225693941116 0.336846590042114 0.346666157245636 0.352030724287033 0.35318523645401 0.357130587100983 0.353265315294266 0.347364962100983 0.352567404508591 0.364974051713943 0.405462205410004 0.393269032239914 0.370761215686798 0.382627129554749 0.383511632680893 0.117478176951408 0.124199450016022 0.138588011264801 0.155012786388397 0.149892747402191 0.138710007071495 0.144964337348938 0.14189986884594 0.137074545025826 0.13000513613224 0.127180188894272 0.130632624030113 0.151785016059875 0.146340265870094 0.138280153274536 0.130045711994171 0.120604604482651 0.125829070806503 0.129869669675827 0.102594129741192 0.108038112521172
0.247571632266045 0.0791159719228745 0.261787116527557 0.284429222345352 0.295496165752411 0.337115734815598 0.338776916265488 0.334816157817841 0.347798764705658 0.353092342615128 0.349902272224426 0.367597103118896 0.353436976671219 0.363482236862183 0.370783567428589 0.362259954214096 0.397388875484467 0.132365897297859 0.398595869541168 0.121633194386959 0.121653690934181 0.121237084269524 0.120322443544865 0.129520818591118 0.149376332759857 0.158441662788391 0.160623043775558 0.15449994802475 0.141625612974167 0.122236929833889 0.115033306181431 0.136084243655205 0.144699648022652 0.146156176924706 0.143237262964249 0.129734441637993 0.134148418903351 0.124435178935528 0.118643313646317 0.120511911809444 0.136708274483681 0.135794550180435 0.141241729259491 0.145534664392471
0.311900794506073 0.27501055598259 0.0960425511002541 0.093123659491539 0.0961482971906662 0.0980110168457031 0.0979177579283714 0.0888921618461609 0.0942418724298477 0.10091719776392 0.106013961136341 0.342843681573868 0.356016308069229 0.361088067293167 0.126950711011887 0.118545733392239 0.12127447873354 0.135987743735313 0.142328694462776 0.131387904286385 0.113824181258678 0.119360938668251 0.135879173874855 0.139033392071724 0.136172190308571 0.148988261818886 0.140954121947289 0.132954180240631 0.120594821870327 0.120699040591717 0.122176058590412 0.139322206377983 0.131673097610474 0.108774319291115 0.128942832350731 0.138587310910225 0.135282024741173 0.118643313646317 0.134427562355995 0.137633860111237 0.139903053641319 0.148902073502541 0.153631046414375 0.153778672218323
0.0936827957630157 0.301319062709808 0.099249929189682 0.100053071975708 0.0938290506601334 0.0987260639667511 0.0962510034441948 0.0877823084592819 0.0948462635278702 0.0887648314237595 0.101866967976093 0.106923945248127 0.117704212665558 0.114125721156597 0.12680159509182 0.142178937792778 0.142178937792778 0.138160586357117 0.123868681490421 0.130922883749008 0.133823379874229 0.145444557070732 0.142248004674911 0.149078890681267 0.148450046777725 0.147350654006004 0.14420922100544 0.127329930663109 0.119471378624439 0.117853611707687 0.118423953652382 0.114715605974197 0.104710578918457 0.103326976299286 0.132036283612251 0.138418972492218 0.147050350904465 0.16596283018589 0.165010914206505 0.163799524307251 0.155907317996025 0.159305825829506 0.15246818959713 0.150481373071671
0.10123011469841 0.0999662056565285 0.09388767182827 0.0833145454525948 0.0920853242278099 0.10871047526598 0.10513724386692 0.0918571427464485 0.0943397879600525 0.0853617936372757 0.0987550094723701 0.118582740426064 0.117065519094467 0.119072236120701 0.127818986773491 0.116315759718418 0.117126159369946 0.133703380823135 0.128923535346985 0.135957852005959 0.154322937130928 0.146590828895569 0.130357220768929 0.141925096511841 0.148443758487701 0.151798501610756 0.144485548138618 0.132398262619972 0.138586565852165 0.118457280099392 0.131776660680771 0.11669334769249 0.122252322733402 0.144769936800003 0.1501494795084 0.146096393465996 0.168448463082314 0.169731333851814 0.168688356876373 0.169885605573654 0.172156855463982 0.16993822157383 0.171072348952293 0.189998432993889
0.25533464550972 0.0777943432331085 0.0783138200640678 0.0819791927933693 0.090476855635643 0.100064992904663 0.0703890398144722 0.0994169637560844 0.10485628247261 0.0935156792402267 0.0969638377428055 0.0941378772258759 0.0836840867996216 0.089991457760334 0.096118189394474 0.096118189394474 0.0965340882539749 0.114790290594101 0.126865446567535 0.143410384654999 0.144768342375755 0.151658311486244 0.151677936315536 0.146612584590912 0.147833168506622 0.150997087359428 0.146812215447426 0.145130574703217 0.116903983056545 0.123514167964458 0.113057501614094 0.104104563593864 0.12606917321682 0.132696196436882 0.144026085734367 0.149739906191826 0.149670913815498 0.164100334048271 0.151641711592674 0.155155345797539 0.171158656477928 0.174633279442787 0.191491410136223 0.180009126663208
0.295565962791443 0.352038830518723 0.335508346557617 0.107541218400002 0.270569175481796 0.0789653062820435 0.193744421005249 0.0951090678572655 0.121863514184952 0.058333408087492 0.0656873732805252 0.0954127535223961 0.0949577242136002 0.0980823636054993 0.0905756503343582 0.0885911956429482 0.10198912024498 0.117206186056137 0.137175589799881 0.140401512384415 0.143031865358353 0.148645237088203 0.158755540847778 0.155448421835899 0.146856129169464 0.147979870438576 0.152860462665558 0.154320672154427 0.15458607673645 0.152254730463028 0.135335773229599 0.132198303937912 0.136668309569359 0.140711843967438 0.162638977169991 0.180851384997368 0.180834755301476 0.177383825182915 0.152896955609322 0.16095182299614 0.181426703929901 0.171625822782516 0.177761599421501 0.182757124304771
0.372767746448517 0.439264804124832 0.429804295301437 0.391022950410843 0.30297064781189 0.297947347164154 0.218813136219978 0.122101329267025 0.102260306477547 0.0408577769994736 0.0715770795941353 0.0871793404221535 0.111655749380589 0.119012773036957 0.105645895004272 0.106717184185982 0.116087675094604 0.125557497143745 0.155983984470367 0.160784125328064 0.16093248128891 0.162269949913025 0.160006880760193 0.141685485839844 0.12879079580307 0.161270260810852 0.161215543746948 0.146940976381302 0.173322379589081 0.167395532131195 0.147785052657127 0.158315733075142 0.16253225505352 0.174724504351616 0.192236110568047 0.172574564814568 0.150646403431892 0.153997033834457 0.177331268787384 0.177635684609413 0.175315052270889 0.17053085565567 0.16702164709568 0.166962087154388
