data/climate_estimation/maxent_output/Trillium_sessile.asc
NCOLS 225 
NROWS 134 
XLLCORNER -95.3333333333333 
YLLCORNER 31.9166666666667 
CELLSIZE 0.0833333333333333 
NODATA_value -3.4e+38 
[rows 0 to 19 of 134, columns 88 to 131 of 225]
0.118925243616104 0.0943058878183365 0.0927613377571106 0.0779102742671967 0.0883970558643341 0.0823541656136513 0.0938815549015999 0.0908475890755653 0.101163372397423 0.108361974358559 0.111562870442867 0.126324459910393 0.13525515794754 0.135161444544792 0.140367209911346 0.150098115205765 0.158748805522919 0.158748805522919 0.17610776424408 0.188159838318825 0.200931876897812 0.214451149106026 0.26886647939682 0.344047397375107 0.422090262174606 0.446033507585526 0.457239747047424 0.507461249828339 0.559598088264465 0.571480393409729 0.593961656093597 0.605772435665131 0.637913286685944 0.638119995594025 0.638038694858551 0.622756958007812 0.608532190322876 0.531370937824249 0.499601691961288 0.438751518726349 0.369990706443787 0.312226414680481 0.284599602222443 0.308042168617249
0.134230688214302 0.122946836054325 0.120718643069267 0.0980133041739464 0.0883970558643341 0.100657723844051 0.0938207805156708 0.104396134614944 0.108361974358559 0.108291268348694 0.113147377967834 0.13013382256031 0.135161444544792 0.135067328810692 0.159248560667038 0.159138277173042 0.170152559876442 0.181843623518944 0.201548367738724 0.214956417679787 0.22927662730217 0.252161949872971 0.304819256067276 0.365519911050797 0.399005353450775 0.445777207612991 0.466316908597946 0.528085291385651 0.528721630573273 0.581535398960114 0.593305647373199 0.647195875644684 0.647778213024139 0.632284283638 0.632492363452911 0.632411062717438 0.595254838466644 0.531370937824249 0.453437119722366 0.403947532176971 0.368931084871292 0.328072994947433 0.289948314428329 0.271590173244476
0.130399361252785 0.111042581498623 0.121099069714546 0.0982631593942642 0.104332640767097 0.108237087726593 0.100592501461506 0.111809819936752 0.116037875413895 0.117621369659901 0.13013382256031 0.135067328810692 0.142848864197731 0.15321771800518 0.159138277173042 0.17003445327282 0.17003445327282 0.181717798113823 0.207861393690109 0.22996760904789 0.245123445987701 0.286530911922455 0.344563722610474 0.376745343208313 0.399073004722595 0.441759526729584 0.466242879629135 0.502074539661407 0.538610935211182 0.576468050479889 0.593016147613525 0.593593895435333 0.60540384054184 0.605322778224945 0.605529189109802 0.605448067188263 0.553581357002258 0.500468552112579 0.453437119722366 0.385053008794785 0.341921031475067 0.289063423871994 0.238835453987122 0.238686710596085
0.122139155864716 0.111746072769165 0.11749005317688 0.0985774323344231 0.104265533387661 0.0971969962120056 0.108069889247417 0.120171412825584 0.116037875413895 0.122200228273869 0.139214172959328 0.142848864197731 0.163863390684128 0.163749203085899 0.17003445327282 0.168139219284058 0.19243498146534 0.199788585305214 0.213240429759026 0.252570539712906 0.278537452220917 0.334590554237366 0.376346975564957 0.398832976818085 0.395315796136856 0.427916139364243 0.438340336084366 0.487261027097702 0.483319044113159 0.549939572811127 0.59293532371521 0.593224823474884 0.610199928283691 0.595334947109222 0.568515539169312 0.568718433380127 0.527375876903534 0.449726581573486 0.424898207187653 0.363525122404099 0.302206665277481 0.254428893327713 0.263181686401367 0.231129720807076
0.0911322012543678 0.086184523999691 0.109997734427452 0.0988926589488983 0.107994735240936 0.11202709376812 0.123968243598938 0.128621533513069 0.125986665487289 0.134811401367188 0.147134080529213 0.152734667062759 0.175047725439072 0.179706931114197 0.19243498146534 0.19243498146534 0.213093861937523 0.228150010108948 0.243205234408379 0.266735404729843 0.284024477005005 0.331535905599594 0.352209389209747 0.373257905244827 0.404633224010468 0.401194483041763 0.424356758594513 0.458288192749023 0.483319044113159 0.550222933292389 0.565935552120209 0.577926874160767 0.583262026309967 0.568231225013733 0.583467364311218 0.554523527622223 0.501646816730499 0.449726581573486 0.378798335790634 0.363525122404099 0.322142869234085 0.271523475646973 0.223851233720779 0.24708303809166
0.0849822461605072 0.0894291698932648 0.0722095295786858 0.102432139217854 0.0987013801932335 0.119945928454399 0.133169040083885 0.137616783380508 0.144748508930206 0.157287910580635 0.157287910580635 0.168596550822258 0.184745877981186 0.205457776784897 0.205457776784897 0.217378869652748 0.217378869652748 0.240579321980476 0.257069855928421 0.257069855928421 0.282915562391281 0.308871120214462 0.360322594642639 0.381998866796494 0.378984540700912 0.367479175329208 0.385733813047409 0.444461792707443 0.482976704835892 0.549575567245483 0.561261773109436 0.577558398246765 0.609828352928162 0.609747171401978 0.554241180419922 0.541806519031525 0.475070536136627 0.449726581573486 0.383150577545166 0.342845737934113 0.318326652050018 0.271523475646973 0.223851233720779 0.24764795601368
0.0911118313670158 0.0711526200175285 0.0573666393756866 0.0940738692879677 0.121856831014156 0.137883707880974 0.152430802583694 0.160170614719391 0.165514409542084 0.169563546776772 0.179632931947708 0.197314292192459 0.197176679968834 0.216718971729279 0.231834217905998 0.256137013435364 0.263945907354355 0.256896823644638 0.254491448402405 0.263032913208008 0.27994441986084 0.280418962240219 0.336591869592667 0.35422956943512 0.375525593757629 0.385404020547867 0.40785476565361 0.44064137339592 0.529768168926239 0.571328997612 0.587923765182495 0.604371249675751 0.604290187358856 0.577766001224518 0.56379508972168 0.496032118797302 0.449214696884155 0.424651026725769 0.383150577545166 0.321952313184738 0.298571825027466 0.280746042728424 0.280574589967728 0.276478707790375
0.135657861828804 0.102840043604374 0.0991298109292984 0.11577419936657 0.139619842171669 0.168699637055397 0.186697497963905 0.182903915643692 0.186659127473831 0.191762313246727 0.216555565595627 0.224541231989861 0.237435027956963 0.246187403798103 0.260234445333481 0.288084328174591 0.287892311811447 0.297512948513031 0.279758334159851 0.260230898857117 0.260405749082565 0.277652710676193 0.333469957113266 0.371924340724945 0.41672557592392 0.417148053646088 0.440459787845612 0.514881193637848 0.582234621047974 0.593737304210663 0.609560132026672 0.652823626995087 0.630950570106506 0.617091119289398 0.534725546836853 0.482637017965317 0.456824332475662 0.413228809833527 0.349116742610931 0.308773040771484 0.302024215459824 0.302024215459824 0.302868694067001 0.291291385889053
0.155257999897003 0.163311094045639 0.16282819211483 0.189084276556969 0.199270501732826 0.21982216835022 0.215335994958878 0.219548493623734 0.219406336545944 0.217800289392471 0.230805784463882 0.252073705196381 0.279086410999298 0.294618606567383 0.31378048658371 0.321961611509323 0.33222022652626 0.33222022652626 0.312944233417511 0.294473677873611 0.274309456348419 0.310597509145737 0.371464937925339 0.41622930765152 0.460760414600372 0.460875242948532 0.514680445194244 0.540781557559967 0.577748000621796 0.632796049118042 0.662792682647705 0.665230751037598 0.610075235366821 0.555384039878845 0.507388532161713 0.456562042236328 0.408352464437485 0.363677322864532 0.3449966609478 0.324895113706589 0.317727297544479 0.317535847425461 0.328447490930557 0.328447490930557
0.241960287094116 0.261657625436783 0.253367573022842 0.284258663654327 0.283964365720749 0.268955856561661 0.260644376277924 0.266351044178009 0.27164301276207 0.261256039142609 0.275534272193909 0.301267802715302 0.312000840902328 0.328914523124695 0.362308710813522 0.373466849327087 0.369870573282242 0.369870573282242 0.369934886693954 0.370170801877975 0.349761337041855 0.37093722820282 0.411987543106079 0.459894001483917 0.510168492794037 0.536263227462769 0.566974878311157 0.551492154598236 0.562540292739868 0.603032529354095 0.647107541561127 0.619180083274841 0.592572808265686 0.527945578098297 0.475884288549423 0.426759153604507 0.380533427000046 0.337776601314545 0.340708047151566 0.321178317070007 0.320985287427902 0.3663110435009 0.366096884012222 0.345317929983139
0.334178119897842 0.372248858213425 0.361548244953156 0.382053017616272 0.375895977020264 0.376337230205536 0.340818583965302 0.316181361675262 0.307030856609344 0.311483144760132 0.311274230480194 0.339498400688171 0.369874209165573 0.369636565446854 0.402166604995728 0.437456727027893 0.437528252601624 0.448392570018768 0.472867995500565 0.448734253644943 0.449002325534821 0.473972678184509 0.48399406671524 0.509887456893921 0.535976886749268 0.562518060207367 0.5468630194664 0.564066410064697 0.545374095439911 0.574990034103394 0.564039707183838 0.537972509860992 0.485480904579163 0.445382535457611 0.422031044960022 0.422031044960022 0.38896444439888 0.358025848865509 0.325084656476974 0.345924645662308 0.349477738142014 0.371413141489029 0.384516000747681 0.370213389396667
0.464275002479553 0.476603925228119 0.455727994441986 0.468406438827515 0.443786948919296 0.439558029174805 0.400342285633087 0.377025961875916 0.385061770677567 0.353789567947388 0.359023332595825 0.377304196357727 0.413930267095566 0.434406846761703 0.473217457532883 0.482295423746109 0.523102760314941 0.523180842399597 0.545675814151764 0.550052583217621 0.550647258758545 0.535189092159271 0.531307935714722 0.531517446041107 0.562226295471191 0.562438130378723 0.573269009590149 0.546599805355072 0.576234877109528 0.574990034103394 0.559164047241211 0.533168613910675 0.495875716209412 0.470587283372879 0.441906958818436 0.418662250041962 0.399215877056122 0.367491394281387 0.363598197698593 0.342920243740082 0.364568561315536 0.377473443746567 0.368254691362381 0.380072414875031
0.540134906768799 0.552903592586517 0.530887603759766 0.539124250411987 0.527377426624298 0.521634161472321 0.482816904783249 0.480164498090744 0.430283814668655 0.435973048210144 0.450014472007751 0.44551008939743 0.457249581813812 0.519486844539642 0.519486844539642 0.528943419456482 0.571668088436127 0.571748375892639 0.598885118961334 0.625805854797363 0.626424252986908 0.61072313785553 0.584094166755676 0.584311723709106 0.584823608398438 0.572977364063263 0.557800590991974 0.545084178447723 0.576234877109528 0.5870481133461 0.5870481133461 0.560400128364563 0.560400128364563 0.491924732923508 0.468426138162613 0.457627505064011 0.433635264635086 0.409339964389801 0.396402060985565 0.374668747186661 0.407893419265747 0.393950909376144 0.374668747186661 0.373463720083237
0.619248986244202 0.610802888870239 0.610434293746948 0.592015266418457 0.585779309272766 0.600741267204285 0.575200855731964 0.543430387973785 0.558422684669495 0.542489230632782 0.506568610668182 0.517043650150299 0.517043650150299 0.502591729164124 0.567734658718109 0.580197334289551 0.621153354644775 0.617449522018433 0.634588837623596 0.648895621299744 0.676070034503937 0.676683247089386 0.623465776443481 0.606777787208557 0.56821471452713 0.553070962429047 0.557800590991974 0.573082685470581 0.615179598331451 0.615179598331451 0.588298201560974 0.560400128364563 0.561636924743652 0.530519902706146 0.483207672834396 0.494354099035263 0.479764878749847 0.43038621544838 0.417224019765854 0.404898315668106 0.404898315668106 0.405123263597488 0.381852030754089 0.383074194192886
0.694504976272583 0.691485166549683 0.664063513278961 0.672513902187347 0.666345715522766 0.654735624790192 0.637416064739227 0.637416064739227 0.626068413257599 0.620892643928528 0.604821622371674 0.611580848693848 0.580030143260956 0.591905176639557 0.604250490665436 0.629858314990997 0.629858314990997 0.625759959220886 0.640229821205139 0.640540838241577 0.667761147022247 0.672145187854767 0.655682265758514 0.619493842124939 0.591337502002716 0.579633593559265 0.567811489105225 0.58307683467865 0.615179598331451 0.588298201560974 0.556767046451569 0.556767046451569 0.530519902706146 0.504737138748169 0.509717881679535 0.492934226989746 0.455148905515671 0.466030597686768 0.437606662511826 0.401106148958206 0.401106148958206 0.400072008371353 0.390898019075394 0.42425873875618
0.708970904350281 0.726860284805298 0.712280929088593 0.720526993274689 0.729418516159058 0.707844257354736 0.681363761425018 0.691273272037506 0.664517164230347 0.67491614818573 0.654327571392059 0.638696134090424 0.633950710296631 0.641385614871979 0.627036273479462 0.622722744941711 0.662908792495728 0.663221299648285 0.663532376289368 0.663532376289368 0.663761138916016 0.694856703281403 0.668456852436066 0.655682265758514 0.643693387508392 0.631513655185699 0.649371683597565 0.582777857780457 0.609924077987671 0.58307683467865 0.556767046451569 0.530806005001068 0.51993590593338 0.526951491832733 0.479764878749847 0.488300114870071 0.463460445404053 0.437367588281631 0.437606662511826 0.423800081014633 0.422729074954987 0.421659708023071 0.447709769010544 0.461553663015366
0.720037341117859 0.727142035961151 0.726498782634735 0.734935462474823 0.7342888712883 0.729496717453003 0.729496717453003 0.718055069446564 0.717765688896179 0.701638638973236 0.696552991867065 0.676314532756805 0.66104644536972 0.641548156738281 0.605940878391266 0.619358658790588 0.615047812461853 0.632832109928131 0.68608546257019 0.686395347118378 0.686395347118378 0.717080414295197 0.704452514648438 0.692070841789246 0.696836411952972 0.685043632984161 0.662950456142426 0.624448418617249 0.624729692935944 0.583713710308075 0.525740206241608 0.525740206241608 0.531085073947906 0.505014002323151 0.471538335084915 0.474937379360199 0.474392026662827 0.461471825838089 0.48651385307312 0.474653214216232 0.473511815071106 0.472116023302078 0.457653224468231 0.460170567035675
0.713748455047607 0.713188230991364 0.727063715457916 0.726498782634735 0.735013246536255 0.734729528427124 0.729861259460449 0.729861259460449 0.739453673362732 0.739169776439667 0.697005033493042 0.681620478630066 0.64494800567627 0.593847274780273 0.575887739658356 0.611292004585266 0.642168998718262 0.668991386890411 0.721321403980255 0.721628308296204 0.695606708526611 0.700461745262146 0.713992714881897 0.69674015045166 0.68471485376358 0.684634447097778 0.646434545516968 0.619651257991791 0.619851231575012 0.598143577575684 0.566669464111328 0.526568233966827 0.522467255592346 0.526037573814392 0.496570289134979 0.474937379360199 0.486002683639526 0.486258864402771 0.510214507579803 0.525475382804871 0.52401214838028 0.497176855802536 0.507847666740417 0.510286629199982
0.713748455047607 0.713548183441162 0.713857412338257 0.713576555252075 0.707116961479187 0.721620738506317 0.730586230754852 0.715686798095703 0.730302572250366 0.739891052246094 0.687225997447968 0.63962721824646 0.602318108081818 0.587239027023315 0.621267020702362 0.656021416187286 0.677955448627472 0.734972596168518 0.751408219337463 0.73101270198822 0.7359778881073 0.740221202373505 0.701700925827026 0.706555187702179 0.680257260799408 0.668078243732452 0.673216819763184 0.619531273841858 0.619732558727264 0.593090116977692 0.593205690383911 0.566397309303284 0.535831153392792 0.521899402141571 0.521613657474518 0.537729144096375 0.510611057281494 0.536506712436676 0.535285234451294 0.554597735404968 0.546186089515686 0.544663608074188 0.586321294307709 0.585709095001221
0.714184761047363 0.699924886226654 0.700004696846008 0.692941725254059 0.6866175532341 0.722544610500336 0.716618776321411 0.694933772087097 0.704279839992523 0.704359471797943 0.687883853912354 0.650696933269501 0.623636066913605 0.629354596138 0.662803590297699 0.701493322849274 0.727527976036072 0.769055843353271 0.757424890995026 0.757703006267548 0.758055686950684 0.762397170066833 0.728095650672913 0.689948797225952 0.663380980491638 0.668240070343018 0.62467098236084 0.64171952009201 0.614937484264374 0.614856243133545 0.592811465263367 0.593009233474731 0.566203951835632 0.561867833137512 0.574204206466675 0.57756370306015 0.57756370306015 0.565974652767181 0.560066401958466 0.576538801193237 0.575290381908417 0.600510835647583 0.612878739833832 0.612568914890289
