data/climate_estimation/maxent_output/Trillium_underwoodii.asc
NCOLS 127 
NROWS 107 
XLLCORNER -87.3333333333333 
YLLCORNER 30.1666666666667 
CELLSIZE 0.0833333333333333 
NODATA_value -3.4e+38 
[rows 20 to 39 of 107, columns 0 to 45 of 127]
0.114361092448235 0.121521756052971 0.114050656557083 0.108760230243206 0.114636801183224 0.116805918514729 0.118907853960991 0.116613931953907 0.110938206315041 0.114569187164307 0.114569187164307 0.119357503950596 0.123821370303631 0.124835222959518 0.126847058534622 0.141148075461388 0.131359398365021 0.138989135622978 0.141775622963905 0.139504700899124 0.147763609886169 0.146422356367111 0.146174073219299 0.131549388170242 0.115806177258492 0.110880956053734 0.106666162610054 0.0927831083536148 0.0936675667762756 0.0938198417425156 0.0956355556845665 0.087146557867527 0.0881621167063713 0.0902175828814507 0.0959076657891273 0.0947660878300667 0.0936838984489441 0.102213680744171 0.103657655417919 0.107189297676086 0.10518791526556 0.108248986303806 0.114048883318901 0.125440374016762 0.115552879869938 0.106868334114552
0.119203723967075 0.11907846480608 0.113649986684322 0.111840032041073 0.117695458233356 0.112529888749123 0.122428625822067 0.122321985661983 0.117837876081467 0.119525626301765 0.124997526407242 0.135900646448135 0.134139239788055 0.137148275971413 0.131575524806976 0.138989135622978 0.145129486918449 0.166412353515625 0.165683344006538 0.162187188863754 0.16261813044548 0.168785288929939 0.167561367154121 0.147156715393066 0.128423675894737 0.115856841206551 0.10710982978344 0.104857265949249 0.103854320943356 0.0978870466351509 0.0969415605068207 0.0919099375605583 0.0992558747529984 0.0941751450300217 0.0927987843751907 0.0878011807799339 0.0912578850984573 0.108091458678246 0.108927801251411 0.114111430943012 0.110405541956425 0.110573023557663 0.116425149142742 0.109554193913937 0.107605442404747 0.104133151471615
0.12126200646162 0.117336705327034 0.120244704186916 0.109179005026817 0.115793503820896 0.115708686411381 0.125422954559326 0.12434196472168 0.121522895991802 0.123322792351246 0.128955483436584 0.136546403169632 0.142026081681252 0.146407917141914 0.132674068212509 0.135288327932358 0.155157715082169 0.158315524458885 0.167149886488914 0.153172388672829 0.167561367154121 0.168876975774765 0.16175077855587 0.146603852510452 0.131571978330612 0.122617699205875 0.121456153690815 0.104180485010147 0.104440852999687 0.0984321460127831 0.0899510830640793 0.0973194316029549 0.0949361026287079 0.0967895463109016 0.100620932877064 0.0916625782847404 0.0991865992546082 0.101045019924641 0.103243134915829 0.116271778941154 0.112102851271629 0.108928471803665 0.10013584792614 0.110986806452274 0.113138683140278 0.101870059967041
0.128175809979439 0.123091697692871 0.121814087033272 0.117755375802517 0.119269706308842 0.117248125374317 0.122185200452805 0.114580631256104 0.122022025287151 0.123765453696251 0.129614740610123 0.135787174105644 0.146143302321434 0.151693567633629 0.139559671282768 0.1417006701231 0.15329521894455 0.154280126094818 0.147448524832726 0.134135022759438 0.147594168782234 0.143681988120079 0.145207703113556 0.142639979720116 0.125209927558899 0.124364823102951 0.106870099902153 0.104883976280689 0.10145228356123 0.0892675518989563 0.0894457921385765 0.0951316431164742 0.0958153605461121 0.093538373708725 0.095861941576004 0.0945156440138817 0.101250685751438 0.102508686482906 0.105046056210995 0.107060059905052 0.105100095272064 0.102513313293457 0.108495317399502 0.105678632855415 0.095866821706295 0.103790014982224
0.139004185795784 0.128278642892838 0.124846488237381 0.11724304407835 0.135072723031044 0.121012568473816 0.125390887260437 0.116678103804588 0.117858558893204 0.123133413493633 0.13580134510994 0.147202774882317 0.145401582121849 0.148536548018456 0.139627382159233 0.141069799661636 0.135696113109589 0.133311599493027 0.131814688444138 0.137275651097298 0.145296841859818 0.135890185832977 0.131176650524139 0.123206041753292 0.125816956162453 0.124308317899704 0.109174393117428 0.101654417812824 0.0984168201684952 0.092703104019165 0.101332545280457 0.0920848697423935 0.100524552166462 0.0898672342300415 0.0949109271168709 0.0968832224607468 0.106583639979362 0.105668008327484 0.109107919037342 0.113405272364616 0.107989355921745 0.0953654572367668 0.103042304515839 0.10383777320385 0.0990181043744087 0.098514087498188
0.147116154432297 0.142652541399002 0.132097169756889 0.129972115159035 0.133268162608147 0.129087150096893 0.122200258076191 0.126725345849991 0.125947341322899 0.127851888537407 0.137146413326263 0.144667074084282 0.149908825755119 0.148047417402267 0.139665469527245 0.141732946038246 0.134048596024513 0.130770042538643 0.124624207615852 0.136983975768089 0.134928464889526 0.123084262013435 0.11883670091629 0.120252624154091 0.127750933170319 0.114906184375286 0.108293868601322 0.108180157840252 0.103816337883472 0.106506921350956 0.106506921350956 0.10478113591671 0.0981418415904045 0.0945243015885353 0.0989828333258629 0.098930649459362 0.108264721930027 0.113739937543869 0.108535967767239 0.110906340181828 0.105984777212143 0.105908557772636 0.0978812351822853 0.0970258414745331 0.0861204266548157 0.087248370051384
0.165434077382088 0.150123760104179 0.147410869598389 0.137084364891052 0.136112689971924 0.136112689971924 0.135312095284462 0.128137871623039 0.136575594544411 0.134627431631088 0.138409808278084 0.1466084420681 0.143616735935211 0.144077315926552 0.147323042154312 0.130824521183968 0.126185297966003 0.126069352030754 0.123436570167542 0.127454459667206 0.122863382101059 0.123136952519417 0.121286600828171 0.13050103187561 0.134971633553505 0.132829457521439 0.119726680219173 0.111533552408218 0.11212595552206 0.102980494499207 0.0964314118027687 0.0895490050315857 0.0987516492605209 0.0929796993732452 0.0959861427545547 0.0934830978512764 0.102768018841743 0.104434616863728 0.109252281486988 0.115482196211815 0.112373553216457 0.113913863897324 0.106138348579407 0.0937566757202148 0.0856674462556839 0.0781999453902245
0.191491827368736 0.173425361514091 0.17172172665596 0.163911551237106 0.156143188476562 0.142048314213753 0.13334521651268 0.127953439950943 0.134456634521484 0.127770751714706 0.143268495798111 0.141505837440491 0.13848802447319 0.132431522011757 0.133520722389221 0.12728650867939 0.124984093010426 0.128050550818443 0.124273598194122 0.119867295026779 0.118769869208336 0.12477383762598 0.141396895051003 0.139223650097847 0.128414645791054 0.113361641764641 0.112409435212612 0.103594213724136 0.105752274394035 0.101891301572323 0.0921848118305206 0.0952011942863464 0.0972475931048393 0.0956976413726807 0.0927417129278183 0.0969135537743568 0.107646286487579 0.11322233080864 0.114607259631157 0.108527459204197 0.116156674921513 0.100574597716331 0.104976393282413 0.0889380946755409 0.0878644809126854 0.0901943296194077
0.220260500907898 0.190187603235245 0.187845498323441 0.164008557796478 0.160552725195885 0.15829986333847 0.148283705115318 0.144141331315041 0.127996310591698 0.133188188076019 0.13117291033268 0.13454233109951 0.133295446634293 0.129308134317398 0.12117026746273 0.126705348491669 0.130986586213112 0.132787212729454 0.127536341547966 0.125757902860641 0.121394835412502 0.139232203364372 0.127737537026405 0.124023824930191 0.120953239500523 0.11877766251564 0.103232279419899 0.0923412293195724 0.103814139962196 0.0943643003702164 0.091053806245327 0.100874923169613 0.0847802236676216 0.0940970778465271 0.0829353556036949 0.0963171869516373 0.103480696678162 0.0938137397170067 0.113070718944073 0.110258989036083 0.104013957083225 0.0947875678539276 0.084935687482357 0.0882792621850967 0.102572813630104 0.0856275260448456
0.223751485347748 0.218179598450661 0.201768562197685 0.18960252404213 0.169472441077232 0.158695340156555 0.15677684545517 0.141769871115685 0.134502038359642 0.138740509748459 0.131626158952713 0.124751038849354 0.134675711393356 0.127403378486633 0.125746786594391 0.126808613538742 0.142598643898964 0.139671862125397 0.13834023475647 0.133081331849098 0.127626329660416 0.139172345399857 0.131651639938354 0.124200128018856 0.130534335970879 0.124274857342243 0.123611770570278 0.103441782295704 0.0879347771406174 0.0924870744347572 0.0910197719931602 0.0842665955424309 0.0837568342685699 0.0788959339261055 0.0816109701991081 0.080036573112011 0.0801540538668633 0.0861234292387962 0.113871321082115 0.106565423309803 0.0901590660214424 0.0725374594330788 0.0746381729841232 0.106775783002377 0.0960596799850464 0.0905606895685196
0.243705481290817 0.23574386537075 0.218824282288551 0.202166765928268 0.172171473503113 0.15826652944088 0.155960068106651 0.151894688606262 0.1399285197258 0.133510828018188 0.132776334881783 0.14110179245472 0.138356775045395 0.125152111053467 0.123146764934063 0.133114814758301 0.138984948396683 0.136787846684456 0.140719041228294 0.142594143748283 0.141283363103867 0.141238480806351 0.139159381389618 0.1321981549263 0.127565398812294 0.132380127906799 0.127905637025833 0.11568146198988 0.102377757430077 0.0962877944111824 0.0853522941470146 0.0845026150345802 0.08261888474226 0.0703188627958298 0.069794774055481 0.0757820755243301 0.06950643658638 0.0880747810006142 0.0992586389183998 0.104149825870991 0.0976634249091148 0.0868599116802216 0.0928811430931091 0.11849931627512 0.12162721157074 0.117300488054752
0.228061839938164 0.226772844791412 0.208189263939857 0.196243032813072 0.17161251604557 0.16790184378624 0.164734065532684 0.150154575705528 0.15260061621666 0.157146975398064 0.144016548991203 0.155183807015419 0.159683808684349 0.145610421895981 0.153239190578461 0.140481024980545 0.138264909386635 0.13640184700489 0.144371762871742 0.168628633022308 0.166784301400185 0.147607237100601 0.140341073274612 0.118601098656654 0.12866136431694 0.133054837584496 0.13204862177372 0.120147809386253 0.101522006094456 0.0972288995981216 0.0887848064303398 0.0820961371064186 0.0779705867171288 0.0736163556575775 0.0728983804583549 0.0723072439432144 0.0824553444981575 0.0826539695262909 0.0986594036221504 0.102993123233318 0.0998566746711731 0.118823103606701 0.124579407274723 0.12885420024395 0.126740574836731 0.124537408351898
0.23486815392971 0.210676148533821 0.204875081777573 0.194189459085464 0.187368556857109 0.174729987978935 0.173742279410362 0.182241275906563 0.190716937184334 0.1893709897995 0.186035260558128 0.192904636263847 0.169697567820549 0.173145860433578 0.168722197413445 0.163340240716934 0.156701892614365 0.164406299591064 0.171293720602989 0.179074227809906 0.180966600775719 0.155623391270638 0.155170306563377 0.147938743233681 0.124066352844238 0.133395150303841 0.125921443104744 0.122525312006474 0.112115442752838 0.107880331575871 0.107283242046833 0.100090876221657 0.0946071967482567 0.0908723026514053 0.0908723026514053 0.0805734470486641 0.0762423574924469 0.0861816257238388 0.11180117726326 0.115714490413666 0.133478686213493 0.128708571195602 0.132653892040253 0.137721568346024 0.135733112692833 0.106772676110268
0.218748241662979 0.211258202791214 0.207844287157059 0.205322951078415 0.201563805341721 0.190638601779938 0.202102497220039 0.224221259355545 0.23080775141716 0.207543715834618 0.213309034705162 0.192031607031822 0.182039618492126 0.182602599263191 0.182449594140053 0.189633831381798 0.187591269612312 0.188996762037277 0.188817501068115 0.170366659760475 0.162978753447533 0.161257192492485 0.161373227834702 0.146139279007912 0.135573923587799 0.133212685585022 0.113834649324417 0.123694442212582 0.111357234418392 0.114966474473476 0.117671780288219 0.106274925172329 0.102262526750565 0.0994730144739151 0.0883585810661316 0.0902584120631218 0.0762686356902122 0.111971855163574 0.135298937559128 0.138123616576195 0.143500044941902 0.143396273255348 0.143483623862267 0.142330467700958 0.144988879561424 0.106571532785892
0.199265256524086 0.205023348331451 0.207021296024323 0.208918586373329 0.224441826343536 0.222972303628922 0.22713477909565 0.215504169464111 0.214384496212006 0.230706214904785 0.227437064051628 0.193914458155632 0.198233664035797 0.188685014843941 0.19235722720623 0.177497789263725 0.202010035514832 0.189778253436089 0.186926037073135 0.171386286616325 0.163417607545853 0.161137342453003 0.148189082741737 0.142555192112923 0.137866973876953 0.120854571461678 0.115949980914593 0.125298067927361 0.11727387458086 0.124468557536602 0.125038921833038 0.118226177990437 0.106499664485455 0.0916757062077522 0.0848100930452347 0.0917433500289917 0.0849953815340996 0.0983693972229958 0.149641484022141 0.159153163433075 0.143314346671104 0.159795746207237 0.155223190784454 0.151257306337357 0.152707174420357 0.117244377732277
0.211553111672401 0.200946405529976 0.210231229662895 0.191194102168083 0.215949162840843 0.235985144972801 0.235819533467293 0.222155228257179 0.221114784479141 0.249889552593231 0.244010344147682 0.217063158750534 0.20722171664238 0.192223981022835 0.202730938792229 0.192342728376389 0.19816617667675 0.205084398388863 0.19764044880867 0.177167639136314 0.165477335453033 0.159375473856926 0.163966551423073 0.13599719107151 0.122483171522617 0.111963897943497 0.120199620723724 0.130398631095886 0.137009561061859 0.136866450309753 0.131637275218964 0.13082081079483 0.132250249385834 0.115218050777912 0.0804552882909775 0.0948617681860924 0.104980446398258 0.153102189302444 0.176128908991814 0.169880017638206 0.153645440936089 0.148521721363068 0.163262769579887 0.169775024056435 0.126619160175323 0.125873729586601
0.199317783117294 0.206578850746155 0.193479463458061 0.197420075535774 0.204748466610909 0.215598359704018 0.232797160744667 0.259647279977798 0.226122483611107 0.235309362411499 0.29634165763855 0.278214305639267 0.226027294993401 0.20161646604538 0.187347710132599 0.198156908154488 0.20469668507576 0.198168516159058 0.205775573849678 0.188638463616371 0.189508050680161 0.18671415746212 0.167699351906776 0.15019828081131 0.140271067619324 0.116453088819981 0.136415556073189 0.150071024894714 0.145070016384125 0.130448013544083 0.132918477058411 0.120346322655678 0.144901350140572 0.140208661556244 0.146075740456581 0.156237661838531 0.187346085906029 0.196117296814919 0.186902210116386 0.18172924220562 0.170551836490631 0.177398011088371 0.178024277091026 0.173835754394531 0.130383178591728 0.126717194914818
0.178230762481689 0.191750720143318 0.181275919079781 0.186146661639214 0.199752882122993 0.217606440186501 0.238890320062637 0.250774532556534 0.277783960103989 0.276499539613724 0.29729375243187 0.285840451717377 0.252670288085938 0.221918761730194 0.197513073682785 0.200600132346153 0.1938366740942 0.181250661611557 0.197855025529861 0.204417243599892 0.201157540082932 0.184568211436272 0.176405057311058 0.165219619870186 0.132730200886726 0.152444630861282 0.147666364908218 0.154332190752029 0.142741546034813 0.140223070979118 0.117175377905369 0.137227386236191 0.14573372900486 0.167091429233551 0.175700232386589 0.186312824487686 0.208857029676437 0.210700884461403 0.204701095819473 0.194223389029503 0.187605902552605 0.198097169399261 0.181763380765915 0.177319079637527 0.133293434977531 0.129294112324715
0.18167170882225 0.176932692527771 0.168700367212296 0.174761071801186 0.210250228643417 0.217493310570717 0.245799496769905 0.249195396900177 0.262376576662064 0.277779132127762 0.289350777864456 0.290766507387161 0.26506119966507 0.240365549921989 0.192465081810951 0.18580935895443 0.182090073823929 0.199172362685204 0.20094695687294 0.200905203819275 0.212620377540588 0.192430511116982 0.195031300187111 0.169851034879684 0.153119429945946 0.151066198945045 0.146836683154106 0.153873592615128 0.146098524332047 0.135460436344147 0.147384524345398 0.159400299191475 0.178040489554405 0.173726081848145 0.184080451726913 0.190965965390205 0.20331734418869 0.214336648583412 0.235815122723579 0.242201298475266 0.222163438796997 0.210679858922958 0.189952552318573 0.142989307641983 0.136736273765564 0.131004944443703
0.186370030045509 0.178063839673996 0.169713482260704 0.180634781718254 0.193234413862228 0.21337965130806 0.196760475635529 0.229303568601608 0.237633898854256 0.248684853315353 0.282193630933762 0.270791292190552 0.241885513067245 0.227402150630951 0.207087770104408 0.196345403790474 0.197233110666275 0.215333551168442 0.21086497604847 0.223456487059593 0.230010002851486 0.20963591337204 0.177962481975555 0.179288372397423 0.156332567334175 0.156396567821503 0.150550231337547 0.16744264960289 0.144189402461052 0.162253469228745 0.179669871926308 0.176875621080399 0.188175439834595 0.189716786146164 0.198687329888344 0.209184065461159 0.220814272761345 0.237265214323997 0.243645042181015 0.249110266566277 0.246611207723618 0.225571095943451 0.206244736909866 0.122917838394642 0.136094346642494 0.139662221074104
