data/climate_estimation/maxent_output/Trillium_ludovicianum.asc
NCOLS 100 
NROWS 32 
XLLCORNER -93.3333333333333 
YLLCORNER 30.75 
CELLSIZE 0.0833333333333333 
NODATA_value -3.4e+38 
[rows 0 to 19 of 32, columns 0 to 43 of 100]
0.593765974044800 0.584818482398987 0.574601471424103 0.570447146892548 0.569166839122772 0.582138061523438 0.581570029258728 0.576977431774139 0.558718681335449 0.581125438213348 0.600482940673828 0.578049540519714 0.577435970306396 0.617998480796814 0.594460010528564 0.592157006263733 0.598820090293884 0.53290992975235 0.516920149326324 0.465143978595734 0.421614348888397 0.398345738649368 0.393332302570343 0.3525310754776 0.337807297706604 0.267645806074142 0.232777550816536 0.204213082790375 0.204503387212753 0.18100494146347 0.217830032110214 0.230702176690102 0.25860983133316 0.300077199935913 0.323499381542206 0.31096026301384 0.323348820209503 0.343543529510498 0.339321941137314 0.356076896190643 0.3651402592659 0.39013946056366 0.43875053524971 0.451145797967911
0.580641269683838 0.556918680667877 0.559575200080872 0.551957249641418 0.582369327545166 0.54991090297699 0.548361957073212 0.547724545001984 0.571538090705872 0.580539107322693 0.605398058891296 0.603212058544159 0.606351554393768 0.599622368812561 0.591333866119385 0.57614266872406 0.587645351886749 0.522680699825287 0.506151080131531 0.458788841962814 0.437141209840775 0.419655054807663 0.3849758207798 0.369660943746567 0.328451454639435 0.285907834768295 0.265982687473297 0.233462810516357 0.22167794406414 0.224537566304207 0.216270864009857 0.252008140087128 0.286895960569382 0.318056434392929 0.341853410005569 0.357677847146988 0.375909596681595 0.377138823270798 0.368050575256348 0.365096569061279 0.390376359224319 0.409016221761703 0.442056626081467 0.476708263158798
0.503703713417053 0.526965498924255 0.524967312812805 0.559482336044312 0.557320654392242 0.54225879907608 0.550504207611084 0.572519719600677 0.535991668701172 0.573104798793793 0.58378666639328 0.583906829357147 0.581123113632202 0.576019048690796 0.55753481388092 0.577725350856781 0.542682290077209 0.523584485054016 0.505926668643951 0.442629784345627 0.452104657888412 0.445343643426895 0.408907800912857 0.392164945602417 0.359664767980576 0.326366186141968 0.296018540859222 0.268269419670105 0.248675376176834 0.261778831481934 0.25330725312233 0.278299927711487 0.3100725710392 0.36618110537529 0.40715628862381 0.382675915956497 0.369829267263412 0.397550344467163 0.380716741085052 0.366573125123978 0.396858513355255 0.433432549238205 0.467219769954681 0.514125287532806
0.470790088176727 0.509578287601471 0.511769235134125 0.546257257461548 0.567837357521057 0.567352414131165 0.577499508857727 0.588728070259094 0.57336163520813 0.572519719600677 0.563427567481995 0.547396898269653 0.557996451854706 0.575241982936859 0.569141149520874 0.559489727020264 0.547876417636871 0.505888044834137 0.493845790624619 0.457915306091309 0.455701380968094 0.463806807994843 0.43723139166832 0.397134244441986 0.381993979215622 0.372589379549026 0.326336294412613 0.282790660858154 0.239686518907547 0.277809798717499 0.280564993619919 0.311217665672302 0.343512505292892 0.391179472208023 0.407091110944748 0.423778414726257 0.395161747932434 0.371825933456421 0.377161085605621 0.3731529712677 0.392937988042831 0.424321353435516 0.479868322610855 0.543481469154358
0.501122355461121 0.479677498340607 0.498484015464783 0.540992736816406 0.575190007686615 0.567892014980316 0.57661110162735 0.608595490455627 0.600762784481049 0.604460835456848 0.55434250831604 0.547436535358429 0.51704204082489 0.511694371700287 0.531876683235168 0.540076076984406 0.513646960258484 0.514111995697021 0.492864310741425 0.491572052240372 0.47003298997879 0.443370968103409 0.437447011470795 0.400719463825226 0.393039166927338 0.384618580341339 0.334738820791245 0.312737256288528 0.299625515937805 0.308085858821869 0.289415210485458 0.320472419261932 0.359694868326187 0.397075742483139 0.428586691617966 0.426309555768967 0.396906971931458 0.36035630106926 0.345091789960861 0.340776085853577 0.374522238969803 0.425401449203491 0.4860899746418 0.553322315216064
0.44030436873436 0.455229192972183 0.492805033922195 0.534462988376617 0.544102251529694 0.566329538822174 0.594598293304443 0.62534373998642 0.607488214969635 0.608130276203156 0.578462362289429 0.51154226064682 0.506902515888214 0.495250672101974 0.492932200431824 0.495483934879303 0.515364348888397 0.501533389091492 0.515483677387238 0.460358262062073 0.467933267354965 0.457531094551086 0.451831579208374 0.394492655992508 0.396770656108856 0.393546730279922 0.353552579879761 0.301722317934036 0.289954751729965 0.325194954872131 0.307354599237442 0.344699531793594 0.387852758169174 0.404500603675842 0.433931797742844 0.38385221362114 0.385917574167252 0.3390192091465 0.316810071468353 0.300462961196899 0.322171956300735 0.369209080934525 0.425026714801788 0.514656364917755
0.438302278518677 0.45347848534584 0.487716287374496 0.485444039106369 0.52987152338028 0.579308748245239 0.580157101154327 0.606506586074829 0.626979947090149 0.607026875019073 0.559944570064545 0.535241067409515 0.463182985782623 0.457562536001205 0.447992652654648 0.464172184467316 0.482667475938797 0.513404309749603 0.473433077335358 0.483813017606735 0.472095817327499 0.457934856414795 0.431052714586258 0.408189833164215 0.40777662396431 0.375658988952637 0.343154072761536 0.325350850820541 0.313642799854279 0.340116173028946 0.329750776290894 0.344620645046234 0.377996116876602 0.37394180893898 0.378268182277679 0.379857093095779 0.363375276327133 0.333723276853561 0.311024099588394 0.314110457897186 0.320363879203796 0.349390298128128 0.410772800445557 0.484723895788193
0.410655558109283 0.443843871355057 0.446103811264038 0.506382644176483 0.525436401367188 0.551223039627075 0.601272165775299 0.616514205932617 0.588244259357452 0.587569773197174 0.566265940666199 0.49026021361351 0.463044583797455 0.420331001281738 0.411858856678009 0.420901268720627 0.472322762012482 0.468402802944183 0.498083263635635 0.4820616543293 0.487212926149368 0.491714060306549 0.432543843984604 0.424493998289108 0.389661073684692 0.394402682781219 0.364140897989273 0.343077570199966 0.327871203422546 0.343168377876282 0.338871955871582 0.359796345233917 0.376903206110001 0.350560039281845 0.348929882049561 0.355307221412659 0.331276655197144 0.319844573736191 0.287922084331512 0.320132404565811 0.31925830245018 0.3852399289608 0.414883524179459 0.444985151290894
0.420131027698517 0.433924078941345 0.468116730451584 0.506386697292328 0.54790073633194 0.57033634185791 0.589798927307129 0.61850517988205 0.619422733783722 0.565624177455902 0.537323474884033 0.509564995765686 0.44836500287056 0.407325059175491 0.378954887390137 0.4081209897995 0.419801384210587 0.458642780780792 0.469146937131882 0.486768633127213 0.495117872953415 0.444215357303619 0.446871161460876 0.436480104923248 0.415152370929718 0.405249118804932 0.399202466011047 0.380275577306747 0.327827483415604 0.327037036418915 0.354163825511932 0.365244001150131 0.371699333190918 0.363601535558701 0.341270089149475 0.33283793926239 0.326074749231339 0.315160036087036 0.342545241117477 0.343931913375854 0.368628174066544 0.389146864414215 0.436052083969116 0.481415808200836
0.4140365421772 0.438064843416214 0.476606488227844 0.523138761520386 0.571154773235321 0.593064308166504 0.604391157627106 0.615195214748383 0.604754686355591 0.569636940956116 0.541886150836945 0.47906506061554 0.447928756475449 0.443504929542542 0.394999772310257 0.406049579381943 0.389763474464417 0.471404850482941 0.463398873806 0.492353975772858 0.459684759378433 0.445830374956131 0.448705643415451 0.417800903320312 0.427847146987915 0.417543441057205 0.411235064268112 0.360770910978317 0.362180083990097 0.344974398612976 0.34361320734024 0.342302978038788 0.365098595619202 0.329294592142105 0.309592097997665 0.327153980731964 0.318760752677917 0.308245599269867 0.333372116088867 0.342104285955429 0.384273141622543 0.413221448659897 0.465237647294998 0.517721235752106
0.418593496084213 0.457878917455673 0.497216463088989 0.544710874557495 0.602841019630432 0.647828340530396 0.637166202068329 0.631948709487915 0.620298087596893 0.581335961818695 0.53676974773407 0.491215974092484 0.441513210535049 0.425919860601425 0.436377197504044 0.399698555469513 0.40701487660408 0.423125118017197 0.465383559465408 0.517355561256409 0.465332448482513 0.464415580034256 0.469375669956207 0.435895770788193 0.439619570970535 0.41160836815834 0.412679553031921 0.388167858123779 0.412336498498917 0.403773933649063 0.370163142681122 0.346242755651474 0.307693600654602 0.31364506483078 0.316134452819824 0.297140508890152 0.275607317686081 0.268693178892136 0.319885104894638 0.366137564182281 0.403680056333542 0.47979936003685 0.514798223972321 0.523371636867523
0.450293779373169 0.480820596218109 0.544464945793152 0.598136186599731 0.652556717395782 0.650824129581451 0.682858645915985 0.674630761146545 0.637754678726196 0.598084449768066 0.558590114116669 0.515286386013031 0.480912715196609 0.475868165493011 0.478648215532303 0.448013424873352 0.434088200330734 0.440460324287415 0.486429214477539 0.535874426364899 0.484379082918167 0.485333412885666 0.452023029327393 0.455054700374603 0.457570642232895 0.422687232494354 0.418350905179977 0.394680738449097 0.393558174371719 0.417164504528046 0.375205546617508 0.333300650119781 0.334781140089035 0.30596524477005 0.279122114181519 0.248109370470047 0.214671671390533 0.223036155104637 0.288761496543884 0.358543515205383 0.423917144536972 0.481137841939926 0.51995325088501 0.568830251693726
0.465056747198105 0.528242707252502 0.579789638519287 0.621515512466431 0.696040213108063 0.712593853473663 0.737437963485718 0.700222551822662 0.680761814117432 0.644775748252869 0.618915617465973 0.581924200057983 0.51728755235672 0.508755743503571 0.524392187595367 0.481282114982605 0.494670867919922 0.47604176402092 0.517035365104675 0.53846538066864 0.486644744873047 0.508291602134705 0.454743951559067 0.457497298717499 0.443337202072144 0.487690955400467 0.454346746206284 0.4318967461586 0.413985848426819 0.417550593614578 0.377196758985519 0.343480944633484 0.327098578214645 0.306969612836838 0.279146671295166 0.210182294249535 0.16669300198555 0.168773680925369 0.272241204977036 0.362590998411179 0.468580216169357 0.543613374233246 0.557723224163055 0.595125555992126
0.523720622062683 0.545863628387451 0.602738857269287 0.648258745670319 0.726258158683777 0.764895617961884 0.741797626018524 0.733900606632233 0.729274332523346 0.701419115066528 0.635622262954712 0.598985433578491 0.575425624847412 0.571572661399841 0.522579908370972 0.528351843357086 0.538356959819794 0.567026436328888 0.5681391954422 0.558888733386993 0.506150662899017 0.510997533798218 0.532864451408386 0.498275399208069 0.518116056919098 0.499548226594925 0.446634531021118 0.477679997682571 0.426065385341644 0.427317082881927 0.392483800649643 0.379091709852219 0.349631279706955 0.328605979681015 0.311951756477356 0.238033875823021 0.189274698495865 0.188090592622757 0.275190949440002 0.411936640739441 0.465961158275604 0.533124148845673 0.60387134552002 0.672698020935059
0.507220923900604 0.575664281845093 0.605820834636688 0.67749810218811 0.743303656578064 0.80113697052002 0.774870812892914 0.780190467834473 0.761869072914124 0.751438677310944 0.687734007835388 0.647777020931244 0.640184819698334 0.599217534065247 0.57854813337326 0.581084251403809 0.613850295543671 0.631501734256744 0.602622091770172 0.577108919620514 0.528769791126251 0.55155348777771 0.537014424800873 0.521526157855988 0.533043444156647 0.514348447322845 0.504121422767639 0.491811573505402 0.449803382158279 0.411478251218796 0.413172513246536 0.383884906768799 0.385796546936035 0.360751956701279 0.342999905347824 0.279827266931534 0.238761618733406 0.258468091487885 0.344785362482071 0.430484771728516 0.507851719856262 0.552965581417084 0.620296657085419 0.686545252799988
0.589912891387939 0.613901615142822 0.642772853374481 0.696114599704742 0.760417938232422 0.776500403881073 0.806845963001251 0.832439363002777 0.849540054798126 0.843311488628387 0.767979025840759 0.734013795852661 0.722650051116943 0.682321190834045 0.682694852352142 0.669225871562958 0.686213731765747 0.665237605571747 0.660645544528961 0.625320613384247 0.559601962566376 0.574750423431396 0.580384314060211 0.593050003051758 0.565383434295654 0.546800434589386 0.535062849521637 0.492758333683014 0.452068626880646 0.440461695194244 0.418478578329086 0.405298918485641 0.411567479372025 0.36935019493103 0.362280607223511 0.333980679512024 0.331947177648544 0.371230900287628 0.416225999593735 0.456639558076859 0.52438497543335 0.633255958557129 0.692723333835602 0.721411347389221
0.602136075496674 0.669261395931244 0.699072420597076 0.732447266578674 0.768125355243683 0.796716928482056 0.851753413677216 0.892778038978577 0.902101457118988 0.880282461643219 0.859172821044922 0.827784359455109 0.784455299377441 0.792370319366455 0.744126439094543 0.723992645740509 0.755860030651093 0.735901713371277 0.686747848987579 0.689398229122162 0.683055400848389 0.630477011203766 0.621701002120972 0.633433163166046 0.616832911968231 0.589986383914948 0.545440196990967 0.544708073139191 0.498864412307739 0.487628966569901 0.467607647180557 0.443089962005615 0.438368886709213 0.463127642869949 0.446285903453827 0.421607136726379 0.440009027719498 0.4680135846138 0.484982222318649 0.555235803127289 0.616166114807129 0.657639503479004 0.684629619121552 0.716077864170074
0.675436735153198 0.703977763652802 0.756779968738556 0.799619853496552 0.79026585817337 0.836322665214539 0.881211936473846 0.904617309570312 0.917053759098053 0.905007064342499 0.897523164749146 0.883888781070709 0.86401104927063 0.84558516740799 0.818245708942413 0.808573722839355 0.801713049411774 0.791648149490356 0.791947960853577 0.739185035228729 0.742561340332031 0.729568362236023 0.673582971096039 0.6785649061203 0.661637127399445 0.673388481140137 0.606028199195862 0.539961516857147 0.521635949611664 0.499082803726196 0.50127500295639 0.470002382993698 0.510768055915833 0.475507736206055 0.466012358665466 0.466012358665466 0.493945419788361 0.551116764545441 0.568893730640411 0.592912137508392 0.637319803237915 0.666956186294556 0.659120380878448 0.674716949462891
0.718192636966705 0.749726951122284 0.783990383148193 0.797644138336182 0.847838282585144 0.879015028476715 0.887985348701477 0.908295691013336 0.911068320274353 0.910915017127991 0.910936951637268 0.908552885055542 0.892684757709503 0.875293254852295 0.860278129577637 0.844256699085236 0.856043040752411 0.856340885162354 0.830958843231201 0.790327966213226 0.782917082309723 0.767151713371277 0.736491322517395 0.740710020065308 0.678462147712708 0.663261592388153 0.598315477371216 0.607105910778046 0.550927221775055 0.540883183479309 0.560364365577698 0.534150838851929 0.5221067070961 0.513925135135651 0.491753190755844 0.51720255613327 0.54452508687973 0.614980697631836 0.670944094657898 0.656984150409698 0.691988170146942 0.663093149662018 0.652439475059509 0.672009944915771
0.753232181072235 0.795156240463257 0.801874160766602 0.837507665157318 0.882704973220825 0.9129758477211 0.92229151725769 0.911696791648865 0.915483713150024 0.900200426578522 0.899409294128418 0.913101375102997 0.898165822029114 0.898845374584198 0.866891145706177 0.863967001438141 0.867517411708832 0.867653071880341 0.862250864505768 0.85430920124054 0.849513411521912 0.799982905387878 0.780961275100708 0.762935638427734 0.703486740589142 0.720859944820404 0.705297589302063 0.634731411933899 0.611823499202728 0.576566576957703 0.559436023235321 0.527793824672699 0.494724333286285 0.497245758771896 0.514680325984955 0.570982992649078 0.588464021682739 0.646788001060486 0.719651937484741 0.689078986644745 0.676578640937805 0.646227598190308 0.67907303571701 0.67649918794632
