data/climate_estimation/maxent_output/Trillium_pusillum.asc
NCOLS 269 
NROWS 131 
XLLCORNER -95.75 
YLLCORNER 30.1666666666667 
CELLSIZE 0.0833333333333333 
NODATA_value -3.4e+38 
[rows 20 to 39 of 131, columns 46 to 91 of 269]
0.0904297083616257 0.0965883135795593 0.0995022282004356 0.0951642990112305 0.095295824110508 0.08561672270298 0.0831217840313911 0.0835689902305603 0.0725152194499969 0.0858553647994995 0.0797478258609772 0.0945122763514519 0.0899196043610573 0.0996990576386452 0.0902576893568039 0.0886228159070015 0.0862391218543053 0.0841921716928482 0.0813428834080696 0.0862511768937111 0.085350476205349 0.101544916629791 0.111717499792576 0.131895557045937 0.1376943141222 0.167257145047188 0.181883916258812 0.183302536606789 0.204775601625443 0.222145140171051 0.214632630348206 0.220047354698181 0.240234866738319 0.26614636182785 0.258824944496155 0.252955704927444 0.271856039762497 0.272609978914261 0.2642642557621 0.253695428371429 0.252846032381058 0.24355448782444 0.252025932073593 0.254454046487808 0.274166852235794 0.286767989397049
0.0944201871752739 0.106787219643593 0.111749067902565 0.120282731950283 0.114603504538536 0.105871856212616 0.0974785536527634 0.0926161855459213 0.0953113734722137 0.0914176553487778 0.101207822561264 0.100023232400417 0.113517917692661 0.109319113194942 0.100586384534836 0.111270308494568 0.10373080521822 0.0965550243854523 0.0957286432385445 0.096230536699295 0.104262940585613 0.115892879664898 0.13698747754097 0.147050097584724 0.173084199428558 0.188135370612144 0.195334225893021 0.236119657754898 0.233667552471161 0.246697470545769 0.239030554890633 0.235029131174088 0.253048837184906 0.29299384355545 0.303366363048553 0.266155064105988 0.274616092443466 0.274979799985886 0.264468014240265 0.266913741827011 0.266117215156555 0.255038976669312 0.248751655220985 0.265750646591187 0.269820064306259 0.287107199430466
0.0975732430815697 0.113546043634415 0.123101897537708 0.146268531680107 0.11861389875412 0.111957736313343 0.112627312541008 0.12084636092186 0.116247683763504 0.115188255906105 0.109622836112976 0.121613040566444 0.134943544864655 0.137361541390419 0.12771962583065 0.112673334777355 0.106915794312954 0.09926987439394 0.116561777889729 0.116561777889729 0.128723859786987 0.140562802553177 0.168393492698669 0.179187625646591 0.213224396109581 0.221107795834541 0.230094209313393 0.245414644479752 0.269321322441101 0.280902653932571 0.265633076429367 0.247281029820442 0.25813764333725 0.252681791782379 0.252555549144745 0.292595744132996 0.2907495200634 0.299491494894028 0.286474794149399 0.269652396440506 0.295335561037064 0.286164939403534 0.268587321043015 0.262198656797409 0.281805068254471 0.281361371278763
0.106965593993664 0.122634887695312 0.13266684114933 0.147672563791275 0.142430052161217 0.139280900359154 0.130434319376945 0.128925442695618 0.123270653188229 0.135971114039421 0.137048318982124 0.136920526623726 0.141789928078651 0.167029201984406 0.155622228980064 0.138931274414062 0.128521740436554 0.123835921287537 0.111554518342018 0.131258308887482 0.150239229202271 0.166948810219765 0.198023170232773 0.208639413118362 0.211915701627731 0.230330288410187 0.276945829391479 0.293285548686981 0.278567463159561 0.28701639175415 0.247383922338486 0.241419658064842 0.235347360372543 0.235941335558891 0.255412846803665 0.283005475997925 0.293165117502213 0.30298438668251 0.298332214355469 0.284187257289886 0.311177313327789 0.305420845746994 0.274416536092758 0.285238802433014 0.314316958189011 0.289203703403473
0.10853898525238 0.126014545559883 0.153596863150597 0.178354054689407 0.174785941839218 0.163233891129494 0.160080626606941 0.158698230981827 0.156558409333229 0.153606787323952 0.170421406626701 0.159540623426437 0.182095184922218 0.172724574804306 0.191548138856888 0.148084700107574 0.15144844353199 0.1481793820858 0.143745243549347 0.143980458378792 0.1752969622612 0.188370451331139 0.206938818097115 0.210718810558319 0.256199181079865 0.258279144763947 0.270348131656647 0.280762612819672 0.304858952760696 0.28633713722229 0.242702648043633 0.237781003117561 0.199559167027473 0.221492186188698 0.240756839513779 0.258986920118332 0.301076412200928 0.305697351694107 0.296944320201874 0.331124693155289 0.320311188697815 0.311107486486435 0.3208909034729 0.312584578990936 0.313294351100922 0.32842093706131
0.118789754807949 0.143833786249161 0.158572897315025 0.179053395986557 0.185572579503059 0.177615851163864 0.174918204545975 0.158235311508179 0.161536440253258 0.152700170874596 0.170701682567596 0.203893601894379 0.19273079931736 0.200176209211349 0.20307095348835 0.188365265727043 0.203810974955559 0.187028616666794 0.177694469690323 0.181429862976074 0.190957576036453 0.232255846261978 0.237025916576385 0.256059914827347 0.258898019790649 0.263950765132904 0.273567944765091 0.275184750556946 0.288926333189011 0.283477157354355 0.220061257481575 0.221966147422791 0.184443861246109 0.216957479715347 0.231048285961151 0.253475099802017 0.294167190790176 0.306412637233734 0.303937584161758 0.33635488152504 0.336826294660568 0.33882611989975 0.328144818544388 0.337693989276886 0.34305602312088 0.356112331151962
0.120831415057182 0.142918035387993 0.154294207692146 0.18867152929306 0.199958369135857 0.190943256020546 0.175593286752701 0.174611672759056 0.171583712100983 0.168289870023727 0.184906810522079 0.2077966183424 0.232266396284103 0.217976555228233 0.228084877133369 0.22403159737587 0.220439955592155 0.211438462138176 0.225083157420158 0.223256632685661 0.235909298062325 0.250229686498642 0.259783029556274 0.299509704113007 0.273897618055344 0.297688126564026 0.32195308804512 0.269291043281555 0.270699977874756 0.261689096689224 0.245911628007889 0.222595408558846 0.213217034935951 0.228269726037979 0.246421948075294 0.284855365753174 0.308670729398727 0.319282054901123 0.330336719751358 0.370105683803558 0.368605852127075 0.374839842319489 0.379174023866653 0.376642495393753 0.377345323562622 0.377852112054825
0.131212532520294 0.15208688378334 0.183920279145241 0.197906568646431 0.228990092873573 0.236659243702888 0.22055184841156 0.184230238199234 0.191884562373161 0.165757656097412 0.201429411768913 0.212174728512764 0.244616478681564 0.227722495794296 0.23935167491436 0.271025508642197 0.265805751085281 0.263570874929428 0.245585978031158 0.26493376493454 0.269801378250122 0.275541424751282 0.321187555789948 0.320626318454742 0.324002802371979 0.315546780824661 0.316271007061005 0.318631678819656 0.303980141878128 0.2833651304245 0.255613744258881 0.245076239109039 0.229697033762932 0.244790807366371 0.285182297229767 0.30989745259285 0.336117297410965 0.347774624824524 0.388966828584671 0.410923212766647 0.404763668775558 0.405292212963104 0.409000128507614 0.42460709810257 0.420404076576233 0.453894942998886
0.171684354543686 0.192707046866417 0.210877314209938 0.238516196608543 0.260451883077621 0.284440159797668 0.285658597946167 0.248235777020454 0.23297818005085 0.243745967745781 0.249883994460106 0.27009654045105 0.279378890991211 0.273571252822876 0.265885472297668 0.293534398078918 0.327380239963531 0.315528035163879 0.321326494216919 0.330845862627029 0.333550631999969 0.347058147192001 0.347185403108597 0.343747019767761 0.338975131511688 0.33339136838913 0.323233515024185 0.322619557380676 0.315733581781387 0.308680385351181 0.296204477548599 0.268619656562805 0.291112244129181 0.316813379526138 0.306829005479813 0.335574120283127 0.362705171108246 0.416471421718597 0.391968816518784 0.44880148768425 0.449627608060837 0.4471156001091 0.456552773714066 0.445561468601227 0.49751079082489 0.469892740249634
0.18551704287529 0.18545264005661 0.220744609832764 0.264593482017517 0.277516901493073 0.301658302545547 0.301634401082993 0.294127464294434 0.300988465547562 0.316376566886902 0.317575544118881 0.333154916763306 0.327046930789948 0.356772929430008 0.345819532871246 0.335450232028961 0.355133473873138 0.369872510433197 0.369525074958801 0.365806043148041 0.374536961317062 0.367471933364868 0.372154086828232 0.35603454709053 0.354418069124222 0.356726258993149 0.347658962011337 0.338839679956436 0.338067144155502 0.320083528757095 0.309466600418091 0.291620641946793 0.318248957395554 0.331414818763733 0.350632429122925 0.392103850841522 0.446195363998413 0.457381904125214 0.475980013608932 0.464148998260498 0.480664819478989 0.477603107690811 0.477718859910965 0.490448802709579 0.557274460792542 0.528873682022095
0.198653399944305 0.228166908025742 0.236101388931274 0.285044550895691 0.284167140722275 0.278272598981857 0.326386690139771 0.349805593490601 0.360156297683716 0.385664582252502 0.38974940776825 0.429910331964493 0.422785609960556 0.457872003316879 0.44969442486763 0.410747855901718 0.403535634279251 0.384885042905807 0.430638253688812 0.378378123044968 0.438204765319824 0.423708081245422 0.425310701131821 0.424974918365479 0.382669746875763 0.395246773958206 0.418742120265961 0.404234707355499 0.378335773944855 0.379187136888504 0.350379914045334 0.360887855291367 0.396054714918137 0.391166657209396 0.4462651014328 0.466804772615433 0.473455220460892 0.492755651473999 0.483048737049103 0.50201153755188 0.508655190467834 0.510967791080475 0.513326525688171 0.525812566280365 0.563278019428253 0.587533175945282
0.216504216194153 0.250059366226196 0.258152306079865 0.299326300621033 0.294436484575272 0.341552972793579 0.331951409578323 0.377934455871582 0.387141317129135 0.431582599878311 0.480193555355072 0.472213715314865 0.46609753370285 0.520797550678253 0.487929373979568 0.456985324621201 0.469886898994446 0.440004378557205 0.445654630661011 0.449575364589691 0.440190494060516 0.440800994634628 0.456450223922729 0.444712698459625 0.471353977918625 0.477286040782928 0.460414350032806 0.450219601392746 0.426595389842987 0.413865447044373 0.410503298044205 0.42758783698082 0.42460635304451 0.457182466983795 0.465640753507614 0.484007447957993 0.478919357061386 0.539819777011871 0.52010440826416 0.522270858287811 0.538148939609528 0.546843349933624 0.565670430660248 0.578137218952179 0.613956332206726 0.651435494422913
0.261389046907425 0.2730652987957 0.274507284164429 0.312929958105087 0.314651787281036 0.344998896121979 0.391156911849976 0.411753982305527 0.460432499647141 0.514927089214325 0.507441103458405 0.505707085132599 0.556427121162415 0.538145422935486 0.535041332244873 0.542059779167175 0.499738246202469 0.470216125249863 0.464326173067093 0.455444127321243 0.454535454511642 0.471424669027328 0.487185269594193 0.490232855081558 0.528168261051178 0.511308193206787 0.50953620672226 0.493743091821671 0.474993377923965 0.461888253688812 0.452253997325897 0.468775987625122 0.485680431127548 0.526858448982239 0.532517373561859 0.526598274707794 0.544591128826141 0.562166750431061 0.590859949588776 0.605691850185394 0.574788987636566 0.573702275753021 0.585394024848938 0.611205875873566 0.605646848678589 0.651053547859192
0.286510229110718 0.293359994888306 0.294037759304047 0.334028452634811 0.376520454883575 0.378035306930542 0.435140669345856 0.486472189426422 0.491362869739532 0.543377101421356 0.538791716098785 0.58053857088089 0.590094387531281 0.565197765827179 0.5872563123703 0.531871974468231 0.532494843006134 0.501855075359344 0.493231624364853 0.478384733200073 0.45280510187149 0.474547356367111 0.525688529014587 0.539589822292328 0.556962430477142 0.562283337116241 0.551112473011017 0.531690061092377 0.518291175365448 0.490822494029999 0.485855966806412 0.509022951126099 0.513171195983887 0.532783806324005 0.553676307201385 0.559198439121246 0.552131652832031 0.584694504737854 0.599645376205444 0.626821756362915 0.645691633224487 0.613987743854523 0.62297910451889 0.650515556335449 0.673208594322205 0.316896736621857
0.355364114046097 0.365012049674988 0.355793714523315 0.381162792444229 0.390803605318069 0.439484268426895 0.490870863199234 0.482322543859482 0.547912359237671 0.561508536338806 0.570853531360626 0.609164595603943 0.605000972747803 0.572026312351227 0.614008545875549 0.583920419216156 0.56395149230957 0.531092584133148 0.527953803539276 0.50687050819397 0.499754190444946 0.498265236616135 0.513396441936493 0.57232528924942 0.606403350830078 0.613855421543121 0.588781297206879 0.609358191490173 0.577833771705627 0.577527642250061 0.530333399772644 0.578423023223877 0.549728155136108 0.588339328765869 0.592816948890686 0.616335332393646 0.619362115859985 0.642684280872345 0.624622941017151 0.638297438621521 0.290998101234436 0.29922479391098 0.285429209470749 0.28962180018425 0.312936514616013 0.327015727758408
0.425721436738968 0.396558731794357 0.377115547657013 0.428073644638062 0.464991420507431 0.454664170742035 0.508614182472229 0.502380609512329 0.567289888858795 0.628570735454559 0.588814377784729 0.618986308574677 0.592118144035339 0.635478138923645 0.582552015781403 0.554164052009583 0.604099690914154 0.572088360786438 0.545760869979858 0.54981541633606 0.528744339942932 0.518982648849487 0.534833967685699 0.559856951236725 0.593559682369232 0.60862147808075 0.646370470523834 0.609500169754028 0.614614188671112 0.598145842552185 0.599342286586761 0.600498676300049 0.600498676300049 0.608518421649933 0.630126595497131 0.637618064880371 0.639443874359131 0.657952845096588 0.290322721004486 0.315754801034927 0.340535461902618 0.322168231010437 0.334149450063705 0.311447232961655 0.320100724697113 0.336826831102371
0.464228749275208 0.478941559791565 0.45884981751442 0.492595434188843 0.498421967029572 0.514980018138885 0.513442814350128 0.524730622768402 0.592550873756409 0.588194906711578 0.630221307277679 0.621038436889648 0.609427511692047 0.59675121307373 0.587332546710968 0.625133275985718 0.604905009269714 0.586251437664032 0.57038402557373 0.568656265735626 0.563708662986755 0.56392639875412 0.574820876121521 0.596770405769348 0.605230748653412 0.627064228057861 0.660642266273499 0.662275075912476 0.648360311985016 0.647746860980988 0.635720670223236 0.616868257522583 0.636671900749207 0.642823278903961 0.648469269275665 0.656538426876068 0.663080632686615 0.308446049690247 0.311739832162857 0.331672638654709 0.343837082386017 0.338681906461716 0.344760209321976 0.357448220252991 0.377012521028519 0.345569491386414
0.544079780578613 0.55164361000061 0.534055650234222 0.579400718212128 0.547769844532013 0.536558151245117 0.58970832824707 0.584165036678314 0.612752199172974 0.627900362014771 0.627669751644135 0.629723489284515 0.624531149864197 0.614070236682892 0.610677361488342 0.65079140663147 0.629971444606781 0.611834526062012 0.593671262264252 0.600848793983459 0.602572500705719 0.602987229824066 0.619999527931213 0.62242579460144 0.635648250579834 0.633607983589172 0.69199526309967 0.679522395133972 0.679451584815979 0.668769538402557 0.668972432613373 0.665463268756866 0.67195725440979 0.663853406906128 0.668750762939453 0.673451244831085 0.298190712928772 0.309353590011597 0.323716878890991 0.345856308937073 0.365701109170914 0.388171404600143 0.370890885591507 0.370915651321411 0.384130448102951 0.399675101041794
0.609289109706879 0.597544372081757 0.587911605834961 0.572892487049103 0.615900039672852 0.635755717754364 0.652031362056732 0.606674134731293 0.643592953681946 0.672493815422058 0.649071455001831 0.640605509281158 0.610242903232574 0.613633990287781 0.652534782886505 0.661921083927155 0.659732758998871 0.650275945663452 0.619072318077087 0.625971913337708 0.632677733898163 0.652999937534332 0.649195611476898 0.657130420207977 0.665053486824036 0.671004295349121 0.69880348443985 0.698194563388824 0.699195742607117 0.699195742607117 0.700042188167572 0.70124089717865 0.691197693347931 0.717063188552856 0.300770848989487 0.297783255577087 0.326614886522293 0.318326383829117 0.347670346498489 0.374318301677704 0.394820094108582 0.40996789932251 0.40351015329361 0.389999628067017 0.385499745607376 0.396238893270493
0.603722751140594 0.636805653572083 0.636599838733673 0.625525772571564 0.62454479932785 0.668696761131287 0.661780297756195 0.662101626396179 0.675590515136719 0.675194382667542 0.661814093589783 0.635432124137878 0.633684039115906 0.692533016204834 0.678223669528961 0.679503262042999 0.674605309963226 0.677942931652069 0.66749769449234 0.649234414100647 0.668061017990112 0.663600981235504 0.682282328605652 0.687855958938599 0.692172944545746 0.700647234916687 0.74387663602829 0.749346137046814 0.742863833904266 0.740526616573334 0.73095977306366 0.71914678812027 0.720326960086823 0.337216466665268 0.324927896261215 0.336869150400162 0.31701335310936 0.332342982292175 0.382119238376617 0.39293360710144 0.423009157180786 0.430979907512665 0.431498110294342 0.423581182956696 0.412424236536026 0.430827170610428
