data/climate_estimation/maxent_output/Trillium_tschonoskii.asc
NCOLS 617 
NROWS 300 
XLLCORNER 94.0833333333333 
YLLCORNER 22.6666666666667 
CELLSIZE 0.0833333333333333 
NODATA_value -3.4e+38 
[rows 189 to 209 of 300, columns 0 to 45 of 617]
0.00511252554133534 0.00503432238474488 0.00411802995949984 0.00510330032557249 0.00482875807210803 0.00428994512185454 0.00219027674756944 0.00335583509877324 0.00339178228750825 0.00319030485115945 0.00930528156459332 0.00401196302846074 0.00407795980572701 0.00468939822167158 0.0059210853651166 0.00425860239192843 0.00352962943725288 0.00686732307076454 0.0069464948028326 0.00680574029684067 0.00591090740635991 0.00689799338579178 0.00924081541597843 0.0130651406943798 0.0155316330492496 0.011911210604012 0.011836345307529 0.00616629002615809 0.00706026423722506 0.00797905959188938 0.00681840255856514 0.00810307264328003 0.00588964903727174 0.00498358812183142 0.0071761435829103 0.00678408378735185 0.004111981485039 0.00476866867393255 0.00518270395696163 0.00367903616279364 0.00436288444325328 0.00442624557763338 0.00473743351176381 0.00554206036031246 0.00590766780078411 0.00579479988664389
0.00468913372606039 0.00514335418120027 0.00612576026469469 0.00512688979506493 0.00766941765323281 0.00569083588197827 0.00340111134573817 0.00139218778349459 0.00256095151416957 0.00464901980012655 0.0080222524702549 0.0108545161783695 0.00898223370313644 0.00589940557256341 0.00440190173685551 0.00813193339854479 0.00453446991741657 0.00440790271386504 0.00466622505337 0.00511075695976615 0.00626094546169043 0.00475441245362163 0.00560784572735429 0.00615349086001515 0.00796540733426809 0.0102927265688777 0.0169377885758877 0.00895656645298004 0.00653710775077343 0.00833760015666485 0.00658638449385762 0.00599697744473815 0.00514699332416058 0.00572858611121774 0.00690036034211516 0.00806770753115416 0.00531397014856339 0.0042814165353775 0.00462770508602262 0.003686782438308 0.00393844209611416 0.00450165150687099 0.00489710690453649 0.00679847644641995 0.00610282504931092 0.00575776863843203
0.00270774774253368 0.00494912266731262 0.0116455927491188 0.00666514085605741 0.0063132094219327 0.00733031332492828 0.00759194558486342 0.00506353937089443 0.00674488488584757 0.00551753817126155 0.00652564037591219 0.013903895393014 0.00582830002531409 0.00416132714599371 0.00569070735946298 0.00514730624854565 0.00468121375888586 0.00471133599057794 0.00650901813060045 0.00636432599276304 0.00576911447569728 0.00501931132748723 0.00578662706539035 0.00432761013507843 0.00461156712844968 0.00636159908026457 0.0120964255183935 0.0129723325371742 0.0103211477398872 0.010289030149579 0.0101125668734312 0.00611694343388081 0.00670827366411686 0.00598548073321581 0.00681100506335497 0.00746799586340785 0.00641352124512196 0.00450925529003143 0.00559964077547193 0.00535020977258682 0.00434517581015825 0.00426009576767683 0.00446138437837362 0.00526362517848611 0.0053629083558917 0.00615052739158273
0.00246004620566964 0.00288467272184789 0.00985104776918888 0.00757529586553574 0.00388396927155554 0.00722216488793492 0.0129527654498816 0.00985621009021997 0.0126438681036234 0.00567643344402313 0.00768748624250293 0.0202016998082399 0.0197064261883497 0.0117751145735383 0.0110145919024944 0.0101018184795976 0.00831351242959499 0.00863030832260847 0.00717308931052685 0.00717777805402875 0.00750885857269168 0.00639179302379489 0.00702876318246126 0.00598365440964699 0.00635180063545704 0.00549154076725245 0.00737298373132944 0.00781215680763125 0.00695099728181958 0.00853644497692585 0.0081789419054985 0.00998072978109121 0.0088203614577651 0.00616950914263725 0.00568251637741923 0.00687831593677402 0.00717417104169726 0.00535597652196884 0.00404841965064406 0.00552880018949509 0.00526464637368917 0.00483344355598092 0.00449863122776151 0.00459895096719265 0.00459681265056133 0.00523663312196732
0.00381605443544686 0.00344855664297938 0.00608762726187706 0.00418065162375569 0.00595554569736123 0.00993798580020666 0.0119203263893723 0.00807583704590797 0.00660664495080709 0.00530019961297512 0.00710128154605627 0.0206643473356962 0.0113960346207023 0.0155715476721525 0.023119980469346 0.0101613579317927 0.00864021945744753 0.00761431967839599 0.00979549903422594 0.00745668541640043 0.00596346333622932 0.00640257680788636 0.00659546302631497 0.00616054376587272 0.00674902787432075 0.00919196475297213 0.00823128223419189 0.00679439352825284 0.00651259953156114 0.00707236863672733 0.00766179338097572 0.00718561932444572 0.01108025200665 0.00828979350626469 0.00525157526135445 0.00560972234234214 0.00523415254428983 0.00555877480655909 0.00448616640642285 0.00460076611489058 0.00463873147964478 0.00505885668098927 0.00422087637707591 0.0041825626976788 0.00517628015950322 0.00454153213649988
0.00740664266049862 0.00696599157527089 0.00968682207167149 0.0137077337130904 0.0129313915967941 0.0161666963249445 0.0125853065401316 0.0080389017239213 0.00450302520766854 0.00459774164482951 0.00525338342413306 0.0184450075030327 0.00884451158344746 0.00354767707176507 0.00570828095078468 0.0102047771215439 0.0143418358638883 0.0197999011725187 0.0286426581442356 0.0170762464404106 0.00907615106552839 0.00814988743513823 0.00766577152535319 0.00836064945906401 0.00894025713205338 0.00792323239147663 0.0066901701502502 0.0109581397846341 0.00812441483139992 0.00653193285688758 0.00750149972736835 0.00818903930485249 0.0101882396265864 0.00785293895751238 0.00529916910454631 0.0056727034971118 0.00556961912661791 0.00641943560913205 0.00532934628427029 0.00437202444300056 0.0054066488519311 0.00436360947787762 0.00489249546080828 0.0046333153732121 0.00485319411382079 0.00421622348949313
0.00328826322220266 0.00320350658148527 0.00450340611860156 0.00415559345856309 0.00492925988510251 0.00749178696423769 0.00557095464318991 0.00299497018568218 0.00314840208739042 0.00301911402493715 0.00454880716279149 0.0197961516678333 0.00476614013314247 0.00481795100495219 0.00456785224378109 0.00574092846363783 0.00692623946815729 0.0129175530746579 0.0324239768087864 0.0214602909982204 0.0115396017208695 0.0126292686909437 0.00735048064962029 0.00820033252239227 0.0104326112195849 0.0117298401892185 0.0104425735771656 0.0102257421240211 0.00940912310034037 0.00989321433007717 0.00801927968859673 0.00561295170336962 0.00626728497445583 0.00799207668751478 0.00780178932473063 0.0049012703821063 0.00585136841982603 0.0064545264467597 0.00428143469616771 0.00481949420645833 0.00455350149422884 0.00437864847481251 0.00414395378902555 0.00374171650037169 0.00458881258964539 0.00485017942264676
0.00283904280513525 0.00518118869513273 0.00720804929733276 0.008632717654109 0.0137780122458935 0.0131519492715597 0.00409191148355603 0.00293453224003315 0.00270905415527523 0.00406427960842848 0.00533869350329041 0.00780010735616088 0.0103913070634007 0.0113268420100212 0.00618069525808096 0.00732128275558352 0.0110622840002179 0.013177402317524 0.00747448252514005 0.017972145229578 0.0345974415540695 0.0215034410357475 0.0139585742726922 0.0103234341368079 0.00691939797252417 0.00855051632970572 0.0102582629770041 0.0100177312269807 0.010072466917336 0.00861516036093235 0.0120251933112741 0.00683279242366552 0.00509156752377748 0.00699117127805948 0.00856852252036333 0.00541823031380773 0.00562953809276223 0.00566156813874841 0.00444720312952995 0.00502007640898228 0.00437851483002305 0.00427717762067914 0.00431637419387698 0.00396030815318227 0.00433185184374452 0.00425722682848573
0.00463437475264072 0.00912196189165115 0.00883728731423616 0.00908917374908924 0.0145238330587745 0.0102242892608047 0.0135142337530851 0.0049492409452796 0.00400331849232316 0.00529362168163061 0.0112469885498285 0.012706040404737 0.0290892515331507 0.0286630485206842 0.0156279560178518 0.0218843370676041 0.0127133391797543 0.00655261939391494 0.00495203258469701 0.00745381508022547 0.0401690825819969 0.0244104918092489 0.0269474908709526 0.0214183628559113 0.0137577233836055 0.00862629897892475 0.0064652543514967 0.00728432834148407 0.0105758300051093 0.0117683233693242 0.0122051350772381 0.00722318701446056 0.005990797188133 0.00631682109087706 0.00835436396300793 0.00764399999752641 0.00677239941433072 0.00630954653024673 0.0048122676089406 0.00424770219251513 0.00497696222737432 0.00499733863398433 0.00395363057032228 0.00501571921631694 0.00395894283428788 0.00467542605474591
0.00292348209768534 0.00225827028043568 0.00580213870853186 0.00213889731094241 0.00537675619125366 0.00523093109950423 0.0147450538352132 0.00944130122661591 0.0158120039850473 0.0188151355832815 0.0233406778424978 0.0268551837652922 0.0221022311598063 0.0250340830534697 0.0283439420163631 0.0504633896052837 0.0231653526425362 0.00531799718737602 0.00495358277112246 0.0118604162707925 0.0175925884395838 0.00816184747964144 0.00753250997513533 0.00895517319440842 0.00793843623250723 0.00968701578676701 0.00917439069598913 0.00655408157035708 0.00719687063246965 0.00802215933799744 0.0097287418320775 0.0102669941261411 0.00724732130765915 0.00733361300081015 0.00651697302237153 0.00575034692883492 0.00646843854337931 0.00657293386757374 0.0044930474832654 0.00513192033395171 0.00380703085102141 0.00495996652171016 0.00416690856218338 0.00442892173305154 0.00409981561824679 0.00430865958333015
0.0013691297499463 0.00274198618717492 0.0024814554490149 0.00196306128054857 0.00148304039612412 0.00417752331122756 0.00537940394133329 0.0128953354433179 0.0167211927473545 0.00656963884830475 0.00794429332017899 0.0127507112920284 0.0119468495249748 0.0126523710787296 0.0158954858779907 0.00935341883450747 0.04149554297328 0.0067390906624496 0.00521846301853657 0.00695522176101804 0.0339233614504337 0.0116850966587663 0.00599288195371628 0.0088431928306818 0.00841318722814322 0.00820938870310783 0.008959143422544 0.00680083781480789 0.00594174629077315 0.00622797757387161 0.0064660832285881 0.00725662242621183 0.00602719932794571 0.0077281859703362 0.00538626126945019 0.00550832226872444 0.00550618721172214 0.0076599782332778 0.00707157142460346 0.00587523076683283 0.00433500623330474 0.00427858484908938 0.00423477124422789 0.00448987446725368 0.00400150613859296 0.00460536917671561
0.0023216693662107 0.00260356930084527 0.00119744776748121 0.00130916363559663 0.00143861910328269 0.00242879590950906 0.00341605395078659 0.0182564035058022 0.00862707011401653 0.00424171052873135 0.00975075177848339 0.0140350051224232 0.00815231259912252 0.0185872670263052 0.0110680377110839 0.0108431521803141 0.0323704034090042 0.0652378499507904 0.0222493521869183 0.0324310250580311 0.0389959998428822 0.044575423002243 0.0296937115490437 0.0132670123130083 0.0159535091370344 0.0106202140450478 0.0100864348933101 0.0112015632912517 0.00797633174806833 0.00523759657517076 0.00503545626997948 0.00607557408511639 0.00487650185823441 0.00624039908871055 0.00687644444406033 0.00612076930701733 0.00536847440525889 0.00505934050306678 0.00611994229257107 0.00758894067257643 0.00443343399092555 0.00473943119868636 0.00410907482728362 0.00453220959752798 0.00438434630632401 0.00444877939298749
0.00103022076655179 0.00110787653829902 0.00120131461881101 0.00131406856235117 0.00175467226654291 0.0026589126791805 0.00837015453726053 0.0114739155396819 0.00740445079281926 0.00279088271781802 0.00892617739737034 0.00597533537074924 0.00601736688986421 0.00828051380813122 0.00939643383026123 0.0159565750509501 0.0265809670090675 0.0346559435129166 0.0470058359205723 0.0388167984783649 0.0131937321275473 0.0133318407461047 0.0104333600029349 0.0120383277535439 0.023576945066452 0.0353992842137814 0.0310692861676216 0.0172558091580868 0.00939858518540859 0.00636520748957992 0.0063548986800015 0.00604101410135627 0.00582661060616374 0.00504445424303412 0.00559995649382472 0.0059535214677453 0.0069250799715519 0.00586238224059343 0.00673779286444187 0.0085169542580843 0.0050352974794805 0.00459806621074677 0.0056392508558929 0.00509893149137497 0.00440081860870123 0.0047785546630621
0.00143927556928247 0.00175864202901721 0.00205032015219331 0.00155607261694968 0.00238904403522611 0.0015271952142939 0.00179488700814545 0.00154148426372558 0.00249042338691652 0.00717525230720639 0.0057066441513598 0.00666856113821268 0.00660662213340402 0.00650978414341807 0.00670528504997492 0.0107952654361725 0.0235642623156309 0.0170771609991789 0.0484932363033295 0.0486315600574017 0.0334503091871738 0.0155993085354567 0.00931225717067719 0.0129804713651538 0.0130225326865911 0.0105699589475989 0.0180781073868275 0.0302194859832525 0.00561047671362758 0.00484606251120567 0.00550511898472905 0.00789187848567963 0.0069882026873529 0.00626097014173865 0.00514984736219049 0.00516462605446577 0.00628992868587375 0.0059820176102221 0.00696237990632653 0.00897746067494154 0.00568192778155208 0.00598387885838747 0.0054607093334198 0.00559341115877032 0.00485564023256302 0.00508647691458464
0.00104790076147765 0.00291712395846844 0.00531283626332879 0.0049353432841599 0.00337182264775038 0.00137726380489767 0.00165773881599307 0.00351013569161296 0.0036033985670656 0.00255524460226297 0.00419459026306868 0.00269359583035111 0.0024687871336937 0.00381248048506677 0.003746586618945 0.00606120610609651 0.0103455828502774 0.0117969335988164 0.0174635499715805 0.0199616383761168 0.0228887442499399 0.0260400045663118 0.012655028142035 0.0140332328155637 0.0157082211226225 0.00778067018836737 0.013419427908957 0.0299811158329248 0.0112061481922865 0.00619804998859763 0.00820884481072426 0.00864437129348516 0.00832817703485489 0.00680674100294709 0.00593982683494687 0.00503560807555914 0.00604577083140612 0.00582316191866994 0.006555684376508 0.0122579531744123 0.00862878561019897 0.0101128658279777 0.00633267359808087 0.00739763863384724 0.00561270071193576 0.0059771235100925
0.00169130729045719 0.00198252266272902 0.000981720048002899 0.00066152703948319 0.00166892039123923 0.0017786662792787 0.00126821361482143 0.00236638751812279 0.00149073521606624 0.00143772608134896 0.00267702341079712 0.00194975617341697 0.00229865149594843 0.00334144360385835 0.00391187099739909 0.00426050368696451 0.00462985457852483 0.00433140434324741 0.00598437618464231 0.00791865400969982 0.015747157856822 0.0216876249760389 0.0127920778468251 0.00903122406452894 0.0113940667361021 0.00927297305315733 0.00580757483839989 0.0126356314867735 0.0139590809121728 0.00855520181357861 0.00874812249094248 0.00607111677527428 0.00572815584018826 0.00625444343313575 0.00717882299795747 0.00609305407851934 0.0068860137835145 0.00575407920405269 0.00526041397824883 0.00786986108869314 0.0126983374357224 0.0148745970800519 0.00791025999933481 0.010440343990922 0.00678044138476253 0.00476151332259178
0.00569566898047924 0.000792027101852 0.00171516847331077 0.00124063552357256 0.0011096514062956 0.00139979529194534 0.000969492830336094 0.00271003576926887 0.00471598282456398 0.00574412662535906 0.00631832052022219 0.00223408383317292 0.00352267455309629 0.00609479285776615 0.00681254640221596 0.00368246389552951 0.00578383263200521 0.00471552181988955 0.0052700974047184 0.00484896078705788 0.00831745564937592 0.0045891385525465 0.00590547174215317 0.00622758315876126 0.0120471259579062 0.0123185198754072 0.00908797327429056 0.00912669487297535 0.0310089718550444 0.0100520635023713 0.0112790195271373 0.00702999765053391 0.00516037829220295 0.00548202591016889 0.00528702232986689 0.00637996103614569 0.005897949449718 0.00627052830532193 0.00521370070055127 0.00580643163993955 0.00547613110393286 0.00708161434158683 0.0075696399435401 0.00609722780063748 0.0076390728354454 0.00778346275910735
0.0128166563808918 0.00370913418009877 0.00464300950989127 0.00342419114895165 0.00191945442929864 0.00459740683436394 0.00242274650372565 0.0016943997470662 0.00841063447296619 0.00552974967285991 0.0166126098483801 0.00403388682752848 0.00422766897827387 0.00664863036945462 0.00585441244766116 0.00641453778371215 0.00769009348005056 0.00616363948211074 0.00576855102553964 0.00551751209422946 0.00456857355311513 0.00648459512740374 0.0073309731669724 0.00766989775002003 0.0069011515006423 0.011858575977385 0.015489736571908 0.0430618226528168 0.0586889237165451 0.0437753945589066 0.0235930532217026 0.0318079441785812 0.00549337361007929 0.00506088929250836 0.00526735140010715 0.0056143500842154 0.00664358120411634 0.00658513093367219 0.00666340161114931 0.00622268067672849 0.00605946872383356 0.00628224713727832 0.0123561602085829 0.00533823575824499 0.00546639878302813 0.00589805794879794
0.00736175663769245 0.012908885255456 0.0130125992000103 0.019668024033308 0.0164560321718454 0.0219061225652695 0.0182487517595291 0.0286622904241085 0.0385496951639652 0.118331901729107 0.0377513952553272 0.00797631684690714 0.00223833741620183 0.00705284578725696 0.00914394110441208 0.0231063719838858 0.0156720653176308 0.00522235920652747 0.00424298876896501 0.0143124694004655 0.00655537424609065 0.00519273802638054 0.00642599584534764 0.00607682531699538 0.00869470834732056 0.0148502001538873 0.0186977945268154 0.0293428674340248 0.009800692088902 0.0243083573877811 0.00807302072644234 0.0390864685177803 0.00717712752521038 0.00491995504125953 0.00479155778884888 0.00547069404274225 0.00574771221727133 0.00688672764226794 0.00665569351986051 0.00632615713402629 0.00671385508030653 0.00678931502625346 0.00749813439324498 0.012013684026897 0.00823123101145029 0.00564056122675538
0.000636163866147399 0.000984643353149295 0.00328773353248835 0.00119320512749255 0.00711134867742658 0.0377266481518745 0.14304056763649 0.11929015815258 0.347503215074539 0.22821381688118 0.00602386891841888 0.00547718396410346 0.00478878943249583 0.00813787057995796 0.0480334497988224 0.0680812299251556 0.00888340268284082 0.00417892076075077 0.00481144757941365 0.0158510040491819 0.0219907145947218 0.0068505103699863 0.00702721998095512 0.00759873073548079 0.0099940150976181 0.00968543626368046 0.0069149574264884 0.0237735230475664 0.00668556010350585 0.00753576075658202 0.00806215032935143 0.0478696003556252 0.0155976815149188 0.0143013056367636 0.00660545844584703 0.00647604046389461 0.00709465658292174 0.00730564352124929 0.00822704471647739 0.00712788756936789 0.00616688467562199 0.00706509547308087 0.00575587619096041 0.0073654786683619 0.00979265663772821 0.00929441209882498
0.0007604198763147 0.000904946296941489 0.0023618193808943 0.00291289854794741 0.00377825065515935 0.00229284376837313 0.0040937471203506 0.0119470609351993 0.0759303942322731 0.373752862215042 0.383815556764603 0.0597420409321785 0.0956466719508171 0.0186784658581018 0.00680117309093475 0.181783452630043 0.0292679984122515 0.00658744759857655 0.00660555856302381 0.0432398654520512 0.0544688776135445 0.00873431470245123 0.00790091976523399 0.00744527112692595 0.00728770298883319 0.00595404207706451 0.00722617469727993 0.00949267670512199 0.0237927660346031 0.00865397974848747 0.00787870679050684 0.011367185972631 0.00976277329027653 0.0197435021400452 0.0475239232182503 0.0354712568223476 0.0165088772773743 0.00817722920328379 0.00840221345424652 0.0076983654871583 0.00774143869057298 0.00693358015269041 0.00670150993391871 0.00739559018984437 0.00759089132770896 0.00979576539248228
