data/climate_estimation/maxent_output/Trillium_angustipetalum.asc
NCOLS 60 
NROWS 89 
XLLCORNER -124.166666666667 
YLLCORNER 34.3333333333333 
CELLSIZE 0.0833333333333333 
NODATA_value -3.4e+38 
[rows 0 to 21 of 89, columns 0 to 48 of 60]
0.491092294454575 0.625643670558929 0.740031719207764 0.727705657482147 0.699312150478363 0.591640651226044 0.57800304889679 0.667012989521027 0.577110588550568 0.592243790626526 0.522653222084045 0.367554187774658 0.391059756278992 0.42003121972084 0.379045724868774 0.270416647195816 0.232423409819603 0.181067481637001 0.0663702115416527 0.0655116885900497 0.0975273996591568 0.101613327860832 0.0724331885576248 0.116177789866924 0.0346468202769756 0.0114758480340242 0.00651716627180576 0.00642868643626571 0.00461048679426312 0.00399024412035942 0.00264718802645802 0.00188830634579062 0.00131687463726848 0.00139020569622517 0.00129813735838979 0.000942055427003652 0.00111093302257359 0.00102124456316233 0.00113252515438944 0.00110453565139323 0.000998219475150108 0.000750688253901899 0.000749930273741484 0.000738136994186789 0.00100932503119111 0.000924541265703738 0.000776219356339425 0.000867678318172693 0.00104847608599812
0.472000062465668 0.594951212406158 0.738796651363373 0.732385456562042 0.687320172786713 0.595754563808441 0.67050164937973 0.641859352588654 0.59707123041153 0.590390264987946 0.464024692773819 0.28622567653656 0.369450926780701 0.347019225358963 0.320281654596329 0.262744158506393 0.221521347761154 0.168213978409767 0.163918614387512 0.111540839076042 0.114275202155113 0.125619813799858 0.12079606205225 0.115688107907772 0.0608797371387482 0.0260529294610023 0.0176896695047617 0.0130135817453265 0.013237876817584 0.00905728898942471 0.0220267083495855 0.0167713202536106 0.00293659465387464 0.00181530287954956 0.00189800385851413 0.0015282891690731 0.00129465223290026 0.00145530677400529 0.0014229214284569 0.00100102077703923 0.000878096674568951 0.000845656264573336 0.000671384856104851 0.000729165738448501 0.000543077359907329 0.000755997141823173 0.000680931669194251 0.000818906410131603 0.00088733498705551
0.436922907829285 0.59324985742569 0.734434843063354 0.694132566452026 0.702774941921234 0.575911939144135 0.672067761421204 0.632502377033234 0.612180888652802 0.43519589304924 0.37948003411293 0.376000672578812 0.265538275241852 0.322790890932083 0.388457894325256 0.268374681472778 0.245083838701248 0.202611848711967 0.193988010287285 0.142966821789742 0.137880444526672 0.171325221657753 0.196478381752968 0.142845585942268 0.097319707274437 0.117753408849239 0.084571436047554 0.0336385071277618 0.033843319863081 0.0235378872603178 0.027225986123085 0.0181585848331451 0.00642779469490051 0.00444231182336807 0.00308183557353914 0.00167261192109436 0.00167245080228895 0.00173457874916494 0.00141167012043297 0.000977628165856004 0.0007838528836146 0.000750021601561457 0.000581516826059669 0.000407095969421789 0.00034816240076907 0.00060576613759622 0.000679685967043042 0.000542839989066124 0.00065403978805989
-3.4e+38 0.599254727363586 0.728563964366913 0.808474183082581 0.791426301002502 0.695548117160797 0.665811240673065 0.700977265834808 0.730523824691772 0.66765034198761 0.609969079494476 0.37604957818985 0.35364443063736 0.32636684179306 0.33625516295433 0.291190654039383 0.226641997694969 0.252867937088013 0.246197074651718 0.240793496370316 0.224440783262253 0.195870235562325 0.176611319184303 0.0591114200651646 0.104600101709366 0.112660847604275 0.0999382957816124 0.0922145619988441 0.0518308542668819 0.0343468524515629 0.0219511035829782 0.0120161026716232 0.00962790194898844 0.0068909558467567 0.00535401655361056 0.00328157912008464 0.00251562753692269 0.00174707651603967 0.00145374704152346 0.00199746782891452 0.00121561088599265 0.000774586980696768 0.000329121423419565 0.000298456929158419 0.000391112669603899 0.000559961074031889 0.000599451421294361 0.000610515999142081 0.0003677612694446
-3.4e+38 0.557848393917084 0.788148105144501 0.782682776451111 0.697659194469452 0.7596076130867 0.755877137184143 0.777670323848724 0.673293113708496 0.637050986289978 0.41340246796608 0.452883273363113 0.470585137605667 0.370384633541107 0.31998485326767 0.346122890710831 0.281164705753326 0.299199521541595 0.276880025863647 0.166666254401207 0.242284208536148 0.270945280790329 0.225316017866135 0.0258077252656221 0.129766419529915 0.234721958637238 0.277463138103485 0.159931987524033 0.1410893201828 0.136023610830307 0.103069484233856 0.0555413737893105 0.0227749608457088 0.0124189285561442 0.00684338435530663 0.00476419599726796 0.0035188312176615 0.00287431105971336 0.00240438221953809 0.0016017573652789 0.00108123000245541 0.000590385578107089 0.0004983632825315 0.000337710574967787 0.000380256737116724 0.000511134800035506 0.000565960421226919 0.000932247960008681 0.000326111679896712
0.51004421710968 0.66199141740799 0.801604986190796 0.871844530105591 0.790422141551971 0.768945336341858 0.808549284934998 0.671547293663025 0.628571629524231 0.70260089635849 0.628080427646637 0.595093846321106 0.46540555357933 0.389156222343445 0.264255076646805 0.336296498775482 0.292197406291962 0.305157035589218 0.269239038228989 0.230221956968307 0.206238746643066 0.363441795110703 0.523934543132782 0.329398512840271 0.515033900737762 0.573528051376343 0.474178284406662 0.374319702386856 0.219920977950096 0.162644401192665 0.16300131380558 0.113204948604107 0.0467952825129032 0.0237106066197157 0.0102677866816521 0.00894492585211992 0.00479292869567871 0.00348830525763333 0.00216178433038294 0.00189560046419501 0.00161243509501219 0.000754739041440189 0.000605227018240839 0.000380822457373142 0.000332153431372717 0.000520878646057099 0.000452114181825891 0.000933570205233991 0.000286617083474994
0.533488929271698 0.725421249866486 0.85965484380722 0.863928377628326 0.855295896530151 0.82749730348587 0.819349944591522 0.768333673477173 0.635648727416992 0.604841887950897 0.681014597415924 0.551842272281647 0.486617416143417 0.45720186829567 0.294128715991974 0.358285844326019 0.248255535960197 0.376985758543015 0.346262007951736 0.290004402399063 0.263737559318542 0.348309099674225 0.540053904056549 0.58344441652298 0.655781984329224 0.649132490158081 0.43963149189949 0.335708767175674 0.284732580184937 0.281225025653839 0.24989777803421 0.182568654417992 0.119576379656792 0.0518963783979416 0.0181430876255035 0.0128736132755876 0.00773851573467255 0.00452276645228267 0.00266316835768521 0.00152314489241689 0.00177554495166987 0.0013751604128629 0.000781165028456599 0.000417220726376399 0.000350832910044119 0.000347567343851551 0.000363031402230263 0.00060177210252732 0.000381219782866538
0.619889676570892 0.808284044265747 0.869798362255096 0.866878688335419 0.850187242031097 0.906623959541321 0.822491049766541 0.640552997589111 0.626270413398743 0.613616049289703 0.606403470039368 0.621776282787323 0.525189995765686 0.463571220636368 0.390985816717148 0.413883864879608 0.381883412599564 0.446834951639175 0.389426827430725 0.367228001356125 0.291950076818466 0.556800007820129 0.651590645313263 0.689911723136902 0.675906002521515 0.656762063503265 0.499090880155563 0.533622622489929 0.336242884397507 0.24493083357811 0.303784191608429 0.25211375951767 0.155754789710045 0.0716550871729851 0.0336118936538696 0.0147464396432042 0.0108585152775049 0.00660877581685781 0.00412847194820642 0.00189354200847447 0.00103926297742873 0.000994810718111694 0.000602592132054269 0.000611582596320659 0.000512057449668646 0.000243642483837903 0.000299682607874274 0.000560539134312421 0.000384946499252692
0.675373077392578 0.869361877441406 0.890808582305908 0.926899313926697 0.844522476196289 0.909482002258301 0.865365147590637 0.821732819080353 0.653295457363129 0.697344422340393 0.625465154647827 0.551235675811768 0.526618361473083 0.488658607006073 0.394614040851593 0.267558068037033 0.406751722097397 0.457575768232346 0.520292520523071 0.506697714328766 0.545282959938049 0.489195257425308 0.680035173892975 0.607662498950958 0.710311651229858 0.638789892196655 0.583009600639343 0.582854747772217 0.476757049560547 0.428052365779877 0.31817564368248 0.265634804964066 0.150959804654121 0.0891728401184082 0.0514771677553654 0.0264160130172968 0.0173661131411791 0.0089269345626235 0.00416039116680622 0.00239474442787468 0.00194626115262508 0.000758973881602287 0.000595727236941457 0.000316797813866287 0.000300913670798764 0.000321940780850127 0.000265965500148013 0.000206111813895404 0.000196054257685319
0.733602344989777 0.865066051483154 0.944753408432007 0.920593976974487 0.843074917793274 0.839542329311371 0.845738708972931 0.793796539306641 0.7372065782547 0.689340531826019 0.641712605953217 0.508103668689728 0.533185005187988 0.293213069438934 0.5144003033638 0.28964239358902 0.498562127351761 0.439429879188538 0.561187386512756 0.538972496986389 0.361125946044922 0.337348610162735 0.630519568920135 0.449472695589066 0.57187807559967 0.641614973545074 0.622941792011261 0.686478435993195 0.614956498146057 0.55712503194809 0.387908697128296 0.256136327981949 0.195318207144737 0.151967763900757 0.101773746311665 0.0496864020824432 0.02509755641222 0.0116704553365707 0.00540919369086623 0.00409281672909856 0.00211631855927408 0.00133042992092669 0.000689440581481904 0.000242893991526216 0.000333940726704895 0.000417559960624203 0.000174283966771327 0.0001147876973846 0.000132502129417844
0.769779086112976 0.917044401168823 0.981814205646515 0.924476206302643 0.916514754295349 0.841303288936615 0.8626708984375 0.797268688678741 0.789261698722839 0.760911762714386 0.675605297088623 0.646846115589142 0.635037481784821 0.602464258670807 0.56285172700882 0.603606700897217 0.53654158115387 0.523626029491425 0.639225006103516 0.655907988548279 0.452537685632706 0.0791197046637535 0.19774104654789 0.379300326108932 0.295424371957779 0.476304262876511 0.490717083215714 0.751957893371582 0.569854617118835 0.614933013916016 0.431242078542709 0.306431084871292 0.257950872182846 0.191334679722786 0.135167106986046 0.104272857308388 0.0467211939394474 0.0234871804714203 0.0112433917820454 0.00446007587015629 0.00261150277219713 0.00120810861699283 0.000639890437014401 0.000206038806936704 0.000125186255900189 0.000121184988529421 9.63468482950702e-05 9.96324815787375e-05 9.48892629821785e-05
0.808688700199127 0.953435719013214 0.976344466209412 0.97597748041153 0.839891612529755 0.853687822818756 0.835166454315186 0.846021294593811 0.821795701980591 0.749052882194519 0.700177550315857 0.705081105232239 0.532122790813446 0.629781424999237 0.645970582962036 0.566993474960327 0.512278199195862 0.70584499835968 0.569666504859924 0.62243127822876 0.448537856340408 0.0417292006313801 0.0653564259409904 0.141796141862869 0.127545192837715 0.226994886994362 0.485866397619247 0.638444721698761 0.434503525495529 0.507594108581543 0.256920009851456 0.289562493562698 0.289386123418808 0.165034174919128 0.118456982076168 0.0803290754556656 0.0722762197256088 0.0364616960287094 0.0192136596888304 0.0126158753409982 0.00442733941599727 0.0018248202977702 0.00117944343946874 0.000441779819084331 0.000305638357531279 0.000138510804390535 0.000148120045196265 0.000155256886500865 0.000136483227834105
0.902688264846802 0.96393483877182 0.930094063282013 0.964115917682648 0.863212168216705 0.858843803405762 0.892814993858337 0.810092687606812 0.816310524940491 0.803892135620117 0.753606081008911 0.755437076091766 0.756695806980133 0.50735080242157 0.53153932094574 0.506765425205231 0.51636129617691 0.701311826705933 0.457089453935623 0.686553955078125 0.07814060151577 0.0326389856636524 0.046779952943325 0.0394125990569592 0.0629555433988571 0.122586019337177 0.570641458034515 0.693055689334869 0.467449307441711 0.400221973657608 0.211310833692551 0.166210308670998 0.276629239320755 0.217740759253502 0.134889006614685 0.120296470820904 0.0907289907336235 0.0609136112034321 0.0456776358187199 0.0191450957208872 0.0083358446136117 0.00329936342313886 0.00289547257125378 0.000811245467048138 0.000396590505260974 0.000249218661338091 0.000178689369931817 0.000299508537864313 0.000101735677162651
0.918338716030121 0.97186142206192 0.971815586090088 0.956299304962158 0.955039083957672 0.89074832201004 0.84922194480896 0.852185487747192 0.795472800731659 0.767111539840698 0.745618104934692 0.791219294071198 0.764004349708557 0.739807605743408 0.478500097990036 0.645668625831604 0.704088747501373 0.715717136859894 0.628489196300507 0.0959098488092422 0.0330962277948856 0.0231272894889116 0.0228293649852276 0.0302782207727432 0.0368731431663036 0.0611655674874783 0.169700458645821 0.559201538562775 0.666802704334259 0.33546057343483 0.202808663249016 0.266577899456024 0.309407860040665 0.217733964323997 0.16726365685463 0.150293961167336 0.117133006453514 0.0886275321245193 0.0649142265319824 0.0357805751264095 0.0159509070217609 0.00743738189339638 0.00364634115248919 0.00131979782599956 0.000649366993457079 0.000462367897853255 0.000219471039599739 0.000186315824976191 0.000161782299983315
0.952087998390198 0.983688950538635 0.986792504787445 0.950418293476105 0.937015771865845 0.876779437065125 0.865608155727386 0.851445853710175 0.822619378566742 0.82714968919754 0.865224063396454 0.690178513526917 0.681392431259155 0.828798294067383 0.775805652141571 0.80955570936203 0.79743230342865 0.768864870071411 0.698928952217102 0.0861493945121765 0.0330777429044247 0.0266935061663389 0.0259577222168446 0.0243140235543251 0.0299345888197422 0.0512166693806648 0.233996778726578 0.644788503646851 0.661965131759644 0.631498992443085 0.381511211395264 0.244517266750336 0.205898508429527 0.175435930490494 0.18789803981781 0.14498296380043 0.134472951292992 0.14100056886673 0.115023516118526 0.0818987265229225 0.0424440167844296 0.0179391484707594 0.00658589601516724 0.00287205865606666 0.00133697572164237 0.00071437592850998 0.000553121033590287 0.000357193348463625 0.000173959968378767
0.924200713634491 0.984683156013489 0.98327374458313 0.977429866790771 0.960364460945129 0.920787394046783 0.849917113780975 0.831184148788452 0.866503655910492 0.843021094799042 0.894349217414856 0.798801600933075 0.792322635650635 0.854390025138855 0.819305181503296 0.779927611351013 0.663773417472839 0.294283151626587 0.0639321058988571 0.0458066686987877 0.0374855026602745 0.0300587639212608 0.0294632762670517 0.0254717022180557 0.0339085198938847 0.0804015174508095 0.220116630196571 0.469202011823654 0.650949239730835 0.655720591545105 0.378105282783508 0.173455774784088 0.235655963420868 0.252797037363052 0.201554208993912 0.182104229927063 0.188846275210381 0.173772722482681 0.1485975086689 0.116817004978657 0.0827801153063774 0.0360823757946491 0.0198669675737619 0.00595138873904943 0.0027384792920202 0.00133866781834513 0.000856484519317746 0.000492176332045346 0.000234333769185469
0.91776180267334 0.950954258441925 0.978649318218231 0.974330484867096 0.955371737480164 0.903042256832123 0.858346581459045 0.877647399902344 0.892994523048401 0.870270490646362 0.880152463912964 0.880633413791656 0.906876623630524 0.85077691078186 0.823017537593842 0.591896772384644 0.186077833175659 0.101822391152382 0.052789181470871 0.0488571152091026 0.0398195683956146 0.0338123589754105 0.0276175457984209 0.0228160247206688 0.0268597807735205 0.0368478409945965 0.106746174395084 0.193926006555557 0.678733170032501 0.685813426971436 0.508747041225433 0.510108768939972 0.466651290655136 0.435466855764389 0.43044126033783 0.391170471906662 0.347957104444504 0.312356889247894 0.252854406833649 0.152254402637482 0.151500552892685 0.0847218409180641 0.0462216399610043 0.0208880975842476 0.00977817736566067 0.00436876714229584 0.00254568015225232 0.00101549946703017 0.000617266108747572
0.915003180503845 0.935904622077942 0.932991027832031 0.962409496307373 0.937233924865723 0.912448525428772 0.858511447906494 0.832941889762878 0.85612154006958 0.869207203388214 0.885522663593292 0.889649212360382 0.891511559486389 0.904713571071625 0.854290664196014 0.773452758789062 0.25078946352005 0.117822483181953 0.0763947293162346 0.0531194396317005 0.0429913997650146 0.0387935936450958 0.0403541885316372 0.0290813446044922 0.0395951047539711 0.0626172572374344 0.178327679634094 0.428400814533234 0.778892040252686 0.807702958583832 0.586646795272827 0.656980395317078 0.617442786693573 0.592632532119751 0.602289736270905 0.634203433990479 0.538832306861877 0.464916795492172 0.395025491714478 0.211988151073456 0.188356876373291 0.1169358715415 0.0868491008877754 0.0383829511702061 0.0177559349685907 0.00968488864600658 0.00407513231039047 0.00206551002338529 0.000779637019149959
0.91162246465683 0.955298185348511 0.92085063457489 0.9523064494133 0.922029137611389 0.905503451824188 0.829602837562561 0.801615297794342 0.887158274650574 0.799656212329865 0.82639354467392 0.911033093929291 0.914959490299225 0.923822522163391 0.838703215122223 0.92575216293335 0.700678169727325 0.146855011582375 0.095411904156208 0.055376160889864 0.0624292381107807 0.0474133640527725 0.0366387031972408 0.0303598437458277 0.0436618141829967 0.0803872048854828 0.14419612288475 0.438166439533234 0.852781116962433 0.873687326908112 0.911032021045685 0.831468939781189 0.703153789043427 0.606085896492004 0.773975193500519 0.702312767505646 0.698850750923157 0.603571712970734 0.417095363140106 0.353176653385162 0.270776212215424 0.165197983384132 0.124866291880608 0.0703782364726067 0.0330762714147568 0.0174453668296337 0.00823526363819838 0.00332070514559746 0.0015369929606095
0.89381068944931 0.918316960334778 0.950124740600586 0.93815803527832 0.913294911384583 0.858372807502747 0.843375265598297 0.822090983390808 0.794023036956787 0.794407963752747 0.832971632480621 0.894329249858856 0.921244382858276 0.910451292991638 0.913401126861572 0.912475287914276 0.92498904466629 0.513623535633087 0.165222734212875 0.0815131813287735 0.058676689863205 0.0503141283988953 0.0406221486628056 0.049965426325798 0.0501935333013535 0.0821899250149727 0.208637535572052 0.359619855880737 0.831543624401093 0.94855672121048 0.944782793521881 0.921728134155273 0.752877175807953 0.639692723751068 0.852583408355713 0.865633845329285 0.847387492656708 0.652788519859314 0.601309597492218 0.449575126171112 0.353887587785721 0.200125023722649 0.169283613562584 0.121404632925987 0.0560019798576832 0.0169502645730972 0.0110940970480442 0.00518693448975682 0.00217133015394211
-3.4e+38 0.892387330532074 0.941056132316589 0.9298215508461 0.882283687591553 0.880350172519684 0.855100989341736 0.765340089797974 0.858303248882294 0.867738485336304 0.782119154930115 0.891221702098846 0.924072921276093 0.911624729633331 0.879104137420654 0.857047080993652 0.954527914524078 0.934091806411743 0.208651274442673 0.0917020887136459 0.0719290897250175 0.0594840832054615 0.0688852295279503 0.0678208693861961 0.0756862461566925 0.0930395722389221 0.173380643129349 0.30209082365036 0.691204726696014 0.976900219917297 0.987285315990448 0.967636168003082 0.89029586315155 0.804470837116241 0.918208360671997 0.872037708759308 0.856544137001038 0.799246966838837 0.625264883041382 0.595695018768311 0.419508188962936 0.402964472770691 0.24775305390358 0.157879650592804 0.0908452868461609 0.0466096140444279 0.0267569404095411 0.00660587102174759 0.00258898991160095
-3.4e+38 0.912771105766296 0.879802763462067 0.924953281879425 0.892665565013885 0.888748347759247 0.815083086490631 0.857895970344543 0.753802955150604 0.715318500995636 0.800731778144836 0.844963014125824 0.91067373752594 0.945349872112274 0.960100769996643 0.964590728282928 0.958966374397278 0.975577056407928 0.375675946474075 0.0982553362846375 0.0853584185242653 0.0743091404438019 0.0945688262581825 0.0920322388410568 0.0958640724420547 0.11233875900507 0.137236878275871 0.300052136182785 0.717080175876617 0.979999363422394 0.973471879959106 0.990999102592468 0.96167516708374 0.95772260427475 0.969690501689911 0.837673008441925 0.897296071052551 0.872549831867218 0.671843349933624 0.587523937225342 0.568545043468475 0.420226991176605 0.286413967609406 0.222877517342567 0.146656081080437 0.0881007164716721 0.0738309323787689 0.0131913209334016 0.00860607251524925
