data/climate_estimation/maxent_output/Trillium_undulatum.asc
NCOLS 291 
NROWS 244 
XLLCORNER -84.5833333333333 
YLLCORNER 34.25 
CELLSIZE 0.0833333333333333 
NODATA_value -3.4e+38 
[rows 147 to 167 of 244, columns 0 to 46 of 291]
0.025600204244256 0.0255405474454165 0.0264906492084265 0.0338459573686123 0.041012667119503 0.0498442202806473 0.0513100475072861 0.0573503188788891 0.0707269534468651 0.0813336595892906 0.0784142911434174 0.0534278564155102 0.0468519739806652 0.0452843084931374 0.0496414266526699 0.0594896748661995 0.069769911468029 0.0869534984230995 0.113222271203995 0.178662165999413 0.198623031377792 0.196367383003235 0.222459077835083 0.222997978329659 0.236216500401497 0.225368246436119 0.228671848773956 0.245001673698425 0.23106050491333 0.266708582639694 0.285293161869049 0.288014829158783 0.280290246009827 0.31250062584877 0.335847616195679 0.309411555528641 0.316121309995651 0.318682372570038 0.284212410449982 0.28651687502861 0.280730098485947 0.333431452512741 0.327109456062317 0.371127247810364 0.370047122240067 0.392176955938339 0.41615954041481
0.0388826839625835 0.0302839260548353 0.0365247130393982 0.0399544350802898 0.0486758276820183 0.0620293207466602 0.0708940774202347 0.0682439357042313 0.0675046294927597 0.0790200456976891 0.0721925646066666 0.0504252500832081 0.0580240078270435 0.0593198165297508 0.0605709552764893 0.0798429697751999 0.104895159602165 0.133971467614174 0.174261465668678 0.228050470352173 0.257926911115646 0.245634064078331 0.233363702893257 0.234294444322586 0.247804939746857 0.230821937322617 0.245492532849312 0.235740676522255 0.251656800508499 0.237241178750992 0.253424048423767 0.276685863733292 0.270369231700897 0.301328122615814 0.325958251953125 0.304161220788956 0.308583825826645 0.275812178850174 0.282789796590805 0.273365616798401 0.278924345970154 0.278663903474808 0.323576420545578 0.322627127170563 0.360619068145752 0.359699159860611 0.395201116800308
0.058785155415535 0.0476149991154671 0.0475030019879341 0.0583229660987854 0.056986179202795 0.0692877843976021 0.0678556114435196 0.0656643733382225 0.0738405361771584 0.0621856302022934 0.0576751157641411 0.0518578924238682 0.0489174537360668 0.0603331886231899 0.0763614773750305 0.0998833179473877 0.138969257473946 0.176149562001228 0.210587710142136 0.247093871235847 0.284010529518127 0.271793574094772 0.255466431379318 0.24553656578064 0.234200716018677 0.243222862482071 0.233548402786255 0.23033794760704 0.232898741960526 0.235801205039024 0.252503871917725 0.247624069452286 0.267437607049942 0.289887696504593 0.274789780378342 0.292637646198273 0.267792016267776 0.27292999625206 0.269884586334229 0.270467549562454 0.275914520025253 0.276381969451904 0.269556999206543 0.313468217849731 0.325204759836197 0.344010531902313 0.386062681674957
0.0857838466763496 0.0723512321710587 0.0680502504110336 0.0718642845749855 0.0789397060871124 0.0812143310904503 0.0779537707567215 0.0718175172805786 0.0694844424724579 0.0563837885856628 0.0508450344204903 0.050872515887022 0.0498942881822586 0.0551068931818008 0.076146200299263 0.0963156074285507 0.132315650582314 0.169284075498581 0.210017174482346 0.245348870754242 0.252917230129242 0.239318683743477 0.233262106776237 0.225480079650879 0.198785454034805 0.219843432307243 0.212311133742332 0.224821925163269 0.224323213100433 0.231520101428032 0.243211522698402 0.247311800718307 0.258089929819107 0.279297113418579 0.270199835300446 0.283107370138168 0.258624076843262 0.26169428229332 0.228533253073692 0.233268946409225 0.238396033644676 0.274151802062988 0.267227232456207 0.271679371595383 0.310630559921265 0.315616577863693 0.346487700939178
0.110659927129745 0.10910764336586 0.0833926424384117 0.0983178243041039 0.0928499847650528 0.0868146568536758 0.0834295451641083 0.0766643211245537 0.0630094334483147 0.0598224811255932 0.0566243678331375 0.046186875551939 0.0452124215662479 0.0498727895319462 0.0565064810216427 0.0814289674162865 0.103077627718449 0.13955545425415 0.14746467769146 0.175903260707855 0.172070056200027 0.17420905828476 0.168176800012589 0.180388599634171 0.181574031710625 0.201516970992088 0.185141652822495 0.214113339781761 0.226116865873337 0.225206404924393 0.234202280640602 0.245628148317337 0.256443053483963 0.264934808015823 0.260219931602478 0.273235827684402 0.246376976370811 0.220842599868774 0.226751834154129 0.231805562973022 0.225959286093712 0.231061071157455 0.269693702459335 0.274307429790497 0.266272962093353 0.304472297430038 0.355787664651871
0.12142325937748 0.125815972685814 0.0896462500095367 0.0890682488679886 0.0838907733559608 0.0800837427377701 0.0766253843903542 0.0687991604208946 0.0684156641364098 0.0526887364685535 0.0544448830187321 0.0518554709851742 0.0452633053064346 0.045268177986145 0.0482958853244781 0.0561607517302036 0.0842437818646431 0.107407920062542 0.114909656345844 0.116686038672924 0.121522516012192 0.120648913085461 0.11884156614542 0.138342991471291 0.152820035815239 0.168836951255798 0.194929122924805 0.208309218287468 0.206563264131546 0.238341256976128 0.236015111207962 0.239239320158958 0.247277319431305 0.268774539232254 0.250862210988998 0.263191998004913 0.241216331720352 0.208690583705902 0.219135895371437 0.189193725585938 0.224657610058784 0.232580155134201 0.272842049598694 0.26468151807785 0.307833313941956 0.346297055482864 0.382232904434204
0.110381990671158 0.0861188173294067 0.0856179520487785 0.0807369202375412 0.0767086148262024 0.0766420289874077 0.0719442069530487 0.0659952759742737 0.066255196928978 0.059430405497551 0.0576380528509617 0.0549754127860069 0.0408489294350147 0.0409527011215687 0.0462352596223354 0.0539691746234894 0.0640408918261528 0.0711793228983879 0.0767846554517746 0.10111678391695 0.102759286761284 0.102627463638783 0.103748813271523 0.11529241502285 0.129989042878151 0.14292798936367 0.158779710531235 0.18913646042347 0.200526013970375 0.198590576648712 0.228709653019905 0.238150835037231 0.250421345233917 0.258682250976562 0.2368144094944 0.245345920324326 0.232369169592857 0.204581260681152 0.178692534565926 0.188075870275497 0.22579038143158 0.271291851997375 0.322573840618134 0.361232280731201 0.391668736934662 0.428169786930084 0.454532265663147
0.0835238620638847 0.0998269245028496 0.0809120014309883 0.0709827393293381 0.0710215345025063 0.0887898877263069 0.0771875753998756 0.0667925924062729 0.0639277473092079 0.0605182647705078 0.0542971566319466 0.0459647476673126 0.040970467031002 0.0432132855057716 0.0408036559820175 0.0486312359571457 0.0469494834542274 0.0548048317432404 0.059052400290966 0.0634244829416275 0.0670852288603783 0.0671581029891968 0.0835920944809914 0.0977650433778763 0.107908725738525 0.140586420893669 0.16353876888752 0.177202343940735 0.201787188649178 0.190527677536011 0.231294900178909 0.230949580669403 0.24134461581707 0.253804266452789 0.262347906827927 0.240234822034836 0.257359325885773 0.235690876841545 0.207890570163727 0.264258205890656 0.362794399261475 0.473978579044342 0.507084608078003 0.471463769674301 0.395711630582809 0.452319145202637 0.499418318271637
0.0806185156106949 0.0774007588624954 0.0729371085762978 0.0643284618854523 0.0825251042842865 0.0799038261175156 0.0780826807022095 0.0636766329407692 0.0601812489330769 0.0581432431936264 0.0521880798041821 0.0439236089587212 0.0460318103432655 0.0482869632542133 0.0395490117371082 0.0377438850700855 0.0360097140073776 0.0432389564812183 0.0465502142906189 0.050929244607687 0.052414920181036 0.0536057949066162 0.0662523284554482 0.0904810279607773 0.101458705961704 0.122947372496128 0.130990356206894 0.171145662665367 0.160462513566017 0.181812599301338 0.202158972620964 0.221416965126991 0.233786672353745 0.244159042835236 0.252444446086884 0.265926450490952 0.251989513635635 0.308931648731232 0.350798279047012 0.45897588133812 0.537532031536102 0.550783455371857 0.532281458377838 0.493071526288986 0.399298816919327 0.464777082204819 0.497125953435898
0.0708533972501755 0.0647146329283714 0.0641936063766479 0.0753080621361732 0.0771936029195786 0.0757695883512497 0.0729487240314484 0.0587698966264725 0.0604058019816875 0.0463599748909473 0.0420910157263279 0.03763722255826 0.0416966639459133 0.0415080226957798 0.0398338623344898 0.0363077931106091 0.0349037684500217 0.0390984825789928 0.046529944986105 0.0473872125148773 0.049095768481493 0.0606708340346813 0.073719747364521 0.0822729021310806 0.0988326296210289 0.11351615935564 0.125436589121819 0.134518355131149 0.153797268867493 0.167688459157944 0.190263405442238 0.223528131842613 0.236189052462578 0.249081864953041 0.247506693005562 0.270377635955811 0.363416701555252 0.450071215629578 0.492031216621399 0.524683833122253 0.546438992023468 0.54884546995163 0.542744696140289 0.473658680915833 0.380030483007431 0.421924322843552 0.49117848277092
0.049764659255743 0.0610170066356659 0.060797031968832 0.0730260908603668 0.0698124617338181 0.0680863633751869 0.0585153587162495 0.0555418059229851 0.0492202118039131 0.0463497675955296 0.0362800024449825 0.0341504961252213 0.0380577445030212 0.037785068154335 0.0427410714328289 0.0366150364279747 0.0411325395107269 0.0463158637285233 0.0492816343903542 0.0520827285945415 0.0566332824528217 0.0587305687367916 0.0680143088102341 0.0824679359793663 0.0958066359162331 0.106662355363369 0.140800714492798 0.15858855843544 0.156105473637581 0.197421222925186 0.196874752640724 0.222945973277092 0.271008253097534 0.298349469900131 0.297623723745346 0.323705434799194 0.457366943359375 0.491599082946777 0.478876829147339 0.53997129201889 0.546921253204346 0.53684139251709 0.530033707618713 0.391039550304413 0.328980624675751 0.356163650751114 0.399293810129166
0.047028586268425 0.0466418638825417 0.0556972362101078 0.0587067678570747 0.0658990889787674 0.0652965977787971 0.0557371750473976 0.0547394044697285 0.0498514547944069 0.0407570339739323 0.0383784659206867 0.0299630425870419 0.0331260487437248 0.0402959398925304 0.0430319719016552 0.0463453270494938 0.0489832982420921 0.046875637024641 0.0480267889797688 0.0640033483505249 0.0667316690087318 0.0851277038455009 0.0840582028031349 0.0911244601011276 0.105050556361675 0.128237158060074 0.184234321117401 0.21479831635952 0.228962272405624 0.204486608505249 0.214965060353279 0.256543725728989 0.31266525387764 0.339283853769302 0.406879007816315 0.311919420957565 0.379204034805298 0.452002137899399 0.469826728105545 0.512184858322144 0.519095957279205 0.521154522895813 0.464836776256561 0.322812855243683 0.307288259267807 0.272445797920227 0.34880143404007
0.0441999696195126 0.0470025986433029 0.0525984689593315 0.0550007857382298 0.0669106021523476 0.0668666884303093 0.0576966367661953 0.061193086206913 0.053145494312048 0.0451949760317802 0.0401417016983032 0.0384387895464897 0.036153007298708 0.0446472093462944 0.0539424382150173 0.0537648499011993 0.0590628869831562 0.0608303099870682 0.0673486143350601 0.0752175822854042 0.0835274383425713 0.0959176495671272 0.0948450118303299 0.109753414988518 0.136703014373779 0.199387073516846 0.185613825917244 0.220312148332596 0.237897381186485 0.220408990979195 0.235460609197617 0.275700956583023 0.328210562467575 0.355949550867081 0.419780761003494 0.373549610376358 0.354978293180466 0.438392370939255 0.43138787150383 0.477122783660889 0.486696362495422 0.477887451648712 0.362567365169525 0.288240969181061 0.249827355146408 0.209231406450272 0.305800557136536
0.0435184165835381 0.0443072728812695 0.0528828240931034 0.0523908026516438 0.0672923699021339 0.0678396075963974 0.0625921562314034 0.0621553733944893 0.0540801510214806 0.0475003011524677 0.0452533848583698 0.0496312193572521 0.060633473098278 0.0568052940070629 0.0661408007144928 0.0662277340888977 0.0676069930195808 0.069012388586998 0.0972394272685051 0.103572465479374 0.109486848115921 0.112677998840809 0.112310096621513 0.135197028517723 0.176850661635399 0.210331946611404 0.229720994830132 0.227689117193222 0.239392757415771 0.237459748983383 0.262773513793945 0.283162266016006 0.312162041664124 0.378750801086426 0.391125351190567 0.384989351034164 0.32248866558075 0.390801876783371 0.418089985847473 0.424739211797714 0.456192225217819 0.432122647762299 0.312184810638428 0.236373662948608 0.186377495527267 0.152180969715118 0.241918176412582
0.0433985143899918 0.0417399629950523 0.0499320439994335 0.0506942421197891 0.0641453713178635 0.0689551308751106 0.0728200897574425 0.0640800148248672 0.0676460713148117 0.0733045935630798 0.0676023066043854 0.0825350880622864 0.0773981288075447 0.072719119489193 0.0795416235923767 0.0768110454082489 0.0888851135969162 0.0938156545162201 0.114364020526409 0.12987919151783 0.133571073412895 0.133187428116798 0.132759660482407 0.168626248836517 0.202084869146347 0.239533692598343 0.246389180421829 0.258635640144348 0.260998755693436 0.247496172785759 0.296199977397919 0.321116298437119 0.342272192239761 0.341617196798325 0.355148285627365 0.332286566495895 0.321207255125046 0.377384126186371 0.404297739267349 0.389466822147369 0.377446949481964 0.354713797569275 0.306363224983215 0.229792609810829 0.193517819046974 0.172435387969017 0.210395574569702
0.0422373451292515 0.0471980348229408 0.0498387329280376 0.0594709068536758 0.0640123710036278 0.0674409940838814 0.0725272670388222 0.0782016813755035 0.0752439498901367 0.0812448859214783 0.084401048719883 0.0990249663591385 0.0911250337958336 0.0857940167188644 0.0940012633800507 0.0921803489327431 0.0899461805820465 0.112528450787067 0.136925473809242 0.145050421357155 0.157624483108521 0.160303547978401 0.165682181715965 0.198623955249786 0.205958873033524 0.25674444437027 0.279903292655945 0.32235312461853 0.322049081325531 0.318964600563049 0.273624837398529 0.317477971315384 0.330766588449478 0.330877333879471 0.363904565572739 0.329621404409409 0.332135736942291 0.370574325323105 0.397453457117081 0.381150245666504 0.381607294082642 0.334032773971558 0.301909267902374 0.261840581893921 0.236040130257607 0.225620746612549 0.250152915716171
0.0471512973308563 0.0551755800843239 0.0547341257333755 0.0592170134186745 0.0593864247202873 0.0634748041629791 0.0686622485518456 0.0763765051960945 0.0750234723091125 0.0964275002479553 0.0914609357714653 0.0885505005717278 0.0819364190101624 0.0948850810527802 0.0932498276233673 0.0859743282198906 0.0908219516277313 0.120870232582092 0.13927373290062 0.149450749158859 0.187686786055565 0.168165639042854 0.201709046959877 0.208764538168907 0.248882547020912 0.298396468162537 0.287985891103745 0.332027554512024 0.342473745346069 0.32630643248558 0.294858157634735 0.293985813856125 0.291511654853821 0.281406193971634 0.301059871912003 0.290894865989685 0.329024463891983 0.355114459991455 0.389099359512329 0.357235491275787 0.357829183340073 0.324587374925613 0.304157495498657 0.31451615691185 0.301260739564896 0.290879160165787 0.280711442232132
0.0619252361357212 0.0529114194214344 0.0559477247297764 0.0594325140118599 0.0592759996652603 0.0633709281682968 0.0800746008753777 0.0855643749237061 0.0921263843774796 0.0904488638043404 0.100440740585327 0.101666390895844 0.0954620316624641 0.0897061675786972 0.0834768414497375 0.0826079621911049 0.106869541108608 0.122631661593914 0.162003621459007 0.174386531114578 0.18916417658329 0.203296810388565 0.21087671816349 0.208350658416748 0.24254322052002 0.290610134601593 0.323660612106323 0.299596160650253 0.322027415037155 0.322020620107651 0.297743946313858 0.310451120138168 0.306640893220901 0.286602169275284 0.276803404092789 0.298642367124557 0.308339506387711 0.345978438854218 0.345766872167587 0.360017836093903 0.394938737154007 0.374715328216553 0.337171196937561 0.371126264333725 0.385832786560059 0.322195887565613 0.319706559181213
0.0583703853189945 0.0618510581552982 0.0653674602508545 0.0692801997065544 0.0700714439153671 0.0799177885055542 0.0867236778140068 0.0831215977668762 0.110029816627502 0.0997447073459625 0.100267440080643 0.105218306183815 0.104665443301201 0.103190660476685 0.0780601724982262 0.0863155573606491 0.0886639431118965 0.118167668581009 0.13387143611908 0.175827622413635 0.191068813204765 0.236380204558372 0.253487974405289 0.271176844835281 0.289946585893631 0.31192821264267 0.315065056085587 0.349465578794479 0.3031385242939 0.281096011400223 0.302352011203766 0.241025298833847 0.287786483764648 0.278521984815598 0.300311893224716 0.32021489739418 0.302425175905228 0.322974294424057 0.322456628084183 0.335906237363815 0.381863296031952 0.381570100784302 0.372685045003891 0.408328950405121 0.392068296670914 0.34294381737709 0.35745707154274
0.0720219612121582 0.06520976126194 0.0690831393003464 0.0702797025442123 0.071486234664917 0.0817807614803314 0.100394986569881 0.102882221341133 0.106129109859467 0.0993362590670586 0.110272035002708 0.0986501425504684 0.0928008705377579 0.0911528319120407 0.0956569835543633 0.0865035653114319 0.0837981849908829 0.0956540033221245 0.12620447576046 0.166026264429092 0.212652921676636 0.273561149835587 0.292277693748474 0.316125452518463 0.336255759000778 0.314634025096893 0.293745875358582 0.337888926267624 0.351043254137039 0.304637581110001 0.271988183259964 0.236280396580696 0.292883604764938 0.312758147716522 0.336178958415985 0.304129779338837 0.281441956758499 0.313909083604813 0.327233165502548 0.326883316040039 0.324187606573105 0.337086051702499 0.367436051368713 0.417054086923599 0.391410142183304 0.379804581403732 0.363702267408371
0.0709888935089111 0.0644140541553497 0.0645698979496956 0.0698347464203835 0.0753885880112648 0.0944393202662468 0.0965779274702072 0.110522523522377 0.106037810444832 0.093076229095459 0.109751172363758 0.114768154919147 0.112906023859978 0.0962274745106697 0.0936143398284912 0.0820010304450989 0.0839339196681976 0.0904724672436714 0.12733481824398 0.156357198953629 0.214116588234901 0.277929991483688 0.342090606689453 0.32799044251442 0.317647516727448 0.33824548125267 0.326652377843857 0.33201465010643 0.316816419363022 0.295968532562256 0.308477789163589 0.26604226231575 0.294298589229584 0.337637156248093 0.351332157850266 0.329198896884918 0.322553396224976 0.31677371263504 0.314382582902908 0.331416070461273 0.358759373426437 0.358478397130966 0.36962828040123 0.391040146350861 0.404160529375076 0.391403526067734 0.391547918319702
