data/climate_estimation/maxent_output/Trillium_cuneatum.asc
NCOLS 187 
NROWS 108 
XLLCORNER -90.6666666666667 
YLLCORNER 31 
CELLSIZE 0.0833333333333333 
NODATA_value -3.4e+38 
[rows 20 to 39 of 108, columns 135 to 179 of 187]
0.326386421918869 0.275330394506454 0.224132239818573 0.175536513328552 0.166545212268829 0.193578541278839 0.221951499581337 0.250320285558701 0.340668052434921 0.335829734802246 0.40365993976593 0.434315055608749 0.477405369281769 0.484671801328659 0.510374426841736 0.517334580421448 0.546718120574951 0.541300535202026 0.534839391708374 0.556256771087646 0.559027433395386 0.556967079639435 0.582974791526794 0.56833404302597 0.577928006649017 0.543347477912903 0.548703253269196 0.517353773117065 0.494310051202774 0.497008681297302 0.528923869132996 0.544299125671387 0.551484763622284 0.548270881175995 0.545319616794586 0.550986528396606 0.549436092376709 0.556121945381165 0.533371090888977 0.53725665807724 0.543407499790192 0.555269539356232 0.571175813674927 0.55905556678772 0.57077544927597
0.276848405599594 0.345225512981415 0.251740604639053 0.209288254380226 0.235598668456078 0.251902997493744 0.29755824804306 0.367520451545715 0.364770770072937 0.421564638614655 0.466087281703949 0.472699850797653 0.507730484008789 0.503724336624146 0.534865379333496 0.533679306507111 0.553588092327118 0.556731939315796 0.576176524162292 0.572217047214508 0.573134958744049 0.597967028617859 0.596102595329285 0.568099975585938 0.597867369651794 0.561357259750366 0.547099232673645 0.552261471748352 0.515776634216309 0.505757868289948 0.517384171485901 0.534081757068634 0.544485628604889 0.549364030361176 0.563742518424988 0.560961842536926 0.530988812446594 -3.4e+38 -3.4e+38 0.53722482919693 0.546449363231659 0.556489169597626 0.568667829036713 0.551432013511658 0.562494277954102
0.36614191532135 0.378939598798752 0.346557289361954 0.326505362987518 0.303139925003052 0.362796455621719 0.398826122283936 0.392415016889572 0.448433101177216 0.475223928689957 0.47941717505455 0.496350407600403 0.519535899162292 0.505408883094788 0.523459553718567 0.548227429389954 0.5685014128685 0.566215753555298 0.562266528606415 0.582385182380676 0.582176148891449 0.580935120582581 0.581144034862518 0.577249348163605 0.604077816009521 0.580187678337097 0.574117064476013 0.531612753868103 0.528183937072754 0.529809415340424 0.546496868133545 0.521881103515625 0.51806902885437 0.523240268230438 0.538029611110687 0.561294436454773 0.53386515378952 0.530808985233307 -3.4e+38 0.536201059818268 0.538839340209961 0.546541154384613 0.558564305305481 0.531862020492554 0.545880138874054
0.396849900484085 0.425211310386658 0.401745557785034 0.414370805025101 0.439593821763992 0.453402519226074 0.450231343507767 0.489708006381989 0.514619529247284 0.525886178016663 0.527063608169556 0.527604758739471 0.530088663101196 0.529853701591492 0.52705842256546 0.549398720264435 0.575395882129669 0.572894692420959 0.597170174121857 0.590084254741669 0.589239180088043 0.590036690235138 0.586483240127563 0.585308432579041 0.584444224834442 0.586962401866913 0.587956666946411 0.587661802768707 0.547658264636993 0.540223300457001 0.5223588347435 0.525264620780945 0.527860879898071 0.534142076969147 0.539697349071503 0.534077823162079 0.533470511436462 0.527224600315094 -3.4e+38 -3.4e+38 0.510267436504364 0.508131802082062 0.492950350046158 0.504532098770142 0.530877530574799
0.451580286026001 0.45750105381012 0.451858848333359 0.423580497503281 0.406525909900665 0.445597112178802 0.46159952878952 0.531178534030914 0.534147202968597 0.537515640258789 0.535753846168518 0.532013952732086 0.533571839332581 0.531964898109436 0.529216051101685 0.551871299743652 0.580870270729065 0.580214083194733 0.573519766330719 0.5982346534729 0.5982346534729 0.598381400108337 0.595861375331879 0.595104813575745 0.591478586196899 0.595616638660431 0.591154634952545 0.562259316444397 0.565739631652832 0.535016357898712 0.528685331344604 0.534661293029785 0.504790902137756 0.543100714683533 0.543429732322693 0.539797365665436 0.528968334197998 0.526860952377319 -3.4e+38 -3.4e+38 0.488468170166016 0.491220593452454 0.453495562076569 0.483885616064072 0.507299780845642
0.479433596134186 0.473339349031448 0.454573959112167 0.389079004526138 0.428479194641113 0.447543412446976 0.53829950094223 0.55778980255127 0.551426112651825 0.568225622177124 0.534415483474731 0.538714170455933 0.537270247936249 0.528436899185181 0.528082966804504 0.555331289768219 0.578072965145111 0.584231317043304 0.605318963527679 0.605519771575928 0.60489821434021 0.596071302890778 0.6025230884552 0.600237607955933 0.600447773933411 0.604211330413818 0.574054837226868 0.571925520896912 0.553797543048859 0.55131459236145 0.54656046628952 0.538164138793945 0.514160931110382 0.55786919593811 0.554143488407135 0.548905313014984 0.53602522611618 0.527797281742096 0.50840836763382 -3.4e+38 0.433478176593781 0.385224431753159 -3.4e+38 0.48515260219574 0.484948605298996
0.474187225103378 0.481074333190918 0.407683849334717 0.400297820568085 0.505266487598419 0.533051908016205 0.520881772041321 0.566166162490845 0.570653676986694 0.569574534893036 0.566411674022675 0.540690779685974 0.54153448343277 0.569991290569305 0.553969144821167 0.560376644134521 0.589750587940216 0.583326518535614 0.606370985507965 0.605318963527679 0.613895773887634 0.606315851211548 0.609137058258057 0.580796182155609 0.578890800476074 0.579493641853333 0.583268821239471 0.580405473709106 0.596958994865417 0.565769255161285 0.562136352062225 0.57857358455658 0.544779002666473 0.527597427368164 0.564418077468872 0.556046962738037 0.546338021755219 0.534781098365784 -3.4e+38 -3.4e+38 -3.4e+38 0.376522541046143 0.430292844772339 0.49929878115654 0.466835767030716
0.528921127319336 0.508932650089264 0.460080921649933 0.542217433452606 0.565656960010529 0.574695706367493 0.572629749774933 0.573649942874908 0.569123566150665 0.572455406188965 0.571801543235779 0.569972515106201 0.571154236793518 0.571798145771027 0.594032108783722 0.584418594837189 0.586609125137329 0.58966338634491 0.612981081008911 0.612842500209808 0.613895773887634 0.614612996578217 0.613086581230164 0.588514626026154 0.585145175457001 0.584160983562469 0.55955582857132 0.577744424343109 0.580325186252594 0.579072237014771 0.581921279430389 0.586948752403259 0.581389665603638 0.553117573261261 0.546234667301178 0.540753245353699 0.564589023590088 0.549822390079498 -3.4e+38 -3.4e+38 -3.4e+38 -3.4e+38 0.457549840211868 0.508727848529816 0.523921072483063
0.532150030136108 0.533791601657867 0.556286811828613 0.572230398654938 0.572959065437317 0.574033617973328 0.577938795089722 0.574719905853271 0.574781119823456 0.598988592624664 0.577003955841064 0.60270619392395 0.602341532707214 0.60120815038681 0.598476350307465 0.596369624137878 0.621133685112 0.614810526371002 0.615238547325134 0.611657321453094 0.612055718898773 0.616430103778839 0.621045112609863 0.588435351848602 0.563164055347443 0.568583548069 0.571037888526917 0.588483095169067 0.589530527591705 0.595272123813629 0.568436920642853 0.597927570343018 0.572506368160248 0.568461954593658 0.566716253757477 0.555220723152161 0.573187351226807 0.561386346817017 -3.4e+38 -3.4e+38 -3.4e+38 0.492429167032242 0.563481211662292 0.567203760147095 0.585947275161743
0.59276282787323 0.601819336414337 0.588142096996307 0.592667281627655 0.598584175109863 0.599843502044678 0.598358035087585 0.601749777793884 0.59416788816452 0.596642792224884 0.601267993450165 0.605999648571014 0.605825483798981 0.630368828773499 0.627685844898224 0.628041982650757 0.622161448001862 0.619657933712006 0.620086133480072 0.620725154876709 0.619170129299164 0.620863199234009 0.591369569301605 0.586996376514435 0.562162220478058 0.541577279567719 0.585190415382385 0.597909092903137 0.601542294025421 0.572601139545441 0.57108211517334 0.578304409980774 0.586717426776886 0.586840927600861 0.578308701515198 0.574525892734528 0.558308005332947 0.560235559940338 -3.4e+38 -3.4e+38 -3.4e+38 0.531570613384247 0.58064991235733 0.598442256450653 0.59937310218811
0.577657282352448 0.601109027862549 0.628896653652191 0.625966489315033 0.629609167575836 0.5996173620224 0.59890741109848 0.598655343055725 0.589472651481628 0.625491380691528 0.630023002624512 0.634117186069489 0.634358406066895 0.634418666362762 0.628865361213684 0.627016127109528 0.624059617519379 0.650737404823303 0.624273717403412 0.620695769786835 0.622902870178223 0.589716553688049 0.595478653907776 0.563254117965698 0.551767349243164 0.560312271118164 0.565010964870453 0.57343590259552 0.578711271286011 0.591480314731598 0.596821546554565 0.600674569606781 0.598748803138733 0.571880400180817 0.561322212219238 0.581035435199738 0.575251460075378 0.569884240627289 -3.4e+38 -3.4e+38 -3.4e+38 0.550456821918488 0.548340201377869 0.596635818481445 0.585642874240875
0.626001834869385 0.62818843126297 0.629274368286133 0.626356363296509 0.625151872634888 0.625807523727417 0.620808839797974 0.618040144443512 0.624990522861481 0.62155693769455 0.631057858467102 0.658271968364716 0.662902235984802 0.659565269947052 0.65809178352356 0.653689920902252 0.655345737934113 0.628044426441193 0.626082241535187 0.630680859088898 0.62555193901062 0.599463760852814 0.59945547580719 0.587088823318481 0.554060578346252 0.558611810207367 0.543719589710236 0.580292463302612 0.587755858898163 0.568365871906281 0.573878765106201 0.587725579738617 0.591143846511841 0.587134540081024 0.564810693264008 0.563279271125793 0.578030288219452 0.576422691345215 0.567801475524902 -3.4e+38 0.537670075893402 0.53501695394516 0.558119654655457 0.529554903507233 0.544786751270294
0.642243087291718 0.662381827831268 0.657646536827087 0.649022221565247 0.652305126190186 0.620787680149078 0.617176651954651 0.619286775588989 0.619075775146484 0.648571908473969 0.651846647262573 0.657158851623535 0.664582014083862 0.663557291030884 0.656828463077545 0.659986197948456 0.656609117984772 0.656787514686584 0.628438711166382 0.632431864738464 0.627935588359833 0.607533931732178 0.59207683801651 0.58849048614502 0.562336802482605 0.567723095417023 0.575594246387482 0.555212676525116 0.565713107585907 0.573374569416046 0.557065367698669 0.57304048538208 0.575943946838379 0.563650846481323 0.545330107212067 0.523400783538818 0.530029594898224 0.552138984203339 -3.4e+38 -3.4e+38 0.566686034202576 0.548417508602142 0.54541152715683 0.548416674137115 0.539604783058167
0.66992175579071 0.64426726102829 0.666206777095795 0.661487221717834 0.659376561641693 0.654043436050415 0.648538410663605 0.647738337516785 0.64731627702713 0.645623862743378 0.650302946567535 0.651991069316864 0.658085465431213 0.661213755607605 0.664309561252594 0.6614590883255 0.663198411464691 0.663175165653229 0.638829588890076 0.637898445129395 0.636969029903412 0.615754842758179 0.61972987651825 0.587822020053864 0.572933554649353 0.578579127788544 0.584990203380585 0.56541895866394 0.570573091506958 0.584708452224731 0.569510936737061 0.574774861335754 0.536669552326202 0.512875258922577 0.495958685874939 0.53037041425705 0.533301770687103 -3.4e+38 -3.4e+38 -3.4e+38 0.57913213968277 0.558631718158722 0.537853062152863 0.530841886997223 -3.4e+38
0.679400146007538 0.679371416568756 0.673204302787781 0.667608678340912 0.662756681442261 0.656178653240204 0.657308340072632 0.6543088555336 0.677116215229034 0.678582429885864 0.677160203456879 0.682349026203156 0.688826680183411 0.686560153961182 0.690448045730591 0.667589128017426 0.664039313793182 0.666993200778961 0.645163595676422 0.644021987915039 0.620829164981842 0.623141884803772 0.599601984024048 0.596641719341278 0.576839089393616 0.579833030700684 0.559472680091858 0.575071632862091 0.586710155010223 0.56879448890686 0.575529456138611 0.548118054866791 0.503102540969849 0.451361566781998 0.463801950216293 0.49913501739502 0.544205129146576 0.551068186759949 -3.4e+38 -3.4e+38 -3.4e+38 0.570881426334381 0.571475207805634 -3.4e+38 -3.4e+38
0.681567907333374 0.681714296340942 0.67185765504837 0.667307496070862 0.666472911834717 0.657372951507568 0.683122754096985 0.678187847137451 0.67735630273819 0.66972404718399 0.678166270256042 0.67925500869751 0.680259823799133 0.683394312858582 0.694791376590729 0.667173206806183 0.664226293563843 0.672216415405273 0.656026840209961 0.653083860874176 0.629748404026031 0.625938653945923 0.601479887962341 0.57557612657547 0.573976099491119 0.555612027645111 0.565079152584076 0.582194149494171 0.560963749885559 0.573674380779266 0.550385594367981 0.548457086086273 0.51030021905899 0.491840779781342 0.476097226142883 0.510997235774994 0.531871974468231 0.53926545381546 -3.4e+38 -3.4e+38 -3.4e+38 -3.4e+38 -3.4e+38 -3.4e+38 -3.4e+38
0.703710436820984 0.711641132831573 0.680315852165222 0.67193865776062 0.698971509933472 0.68664425611496 0.677890479564667 0.667356431484222 0.672673940658569 0.663960337638855 0.671631872653961 0.67734295129776 0.670933127403259 0.684760630130768 0.69102156162262 0.672817528247833 0.674942374229431 0.687882840633392 0.664868295192719 0.664224445819855 0.632545709609985 0.630987286567688 0.605956792831421 0.575356125831604 0.569276571273804 0.557256639003754 0.567656695842743 0.557993531227112 0.570472240447998 0.580419361591339 0.561205327510834 0.557060062885284 0.524090886116028 0.514390051364899 0.503423988819122 0.512495577335358 0.507173240184784 0.51882129907608 0.503474771976471 0.516576051712036 0.535989463329315 0.507175981998444 -3.4e+38 -3.4e+38 -3.4e+38
0.721620559692383 0.716076850891113 0.706636011600494 0.673961400985718 0.694058001041412 0.686344981193542 0.683860599994659 0.680589437484741 0.666824221611023 0.664709389209747 0.671329736709595 0.666008591651917 0.667834639549255 0.676327705383301 0.691296935081482 0.672373712062836 0.691840827465057 0.694341063499451 0.674231886863708 0.668082773685455 0.639710068702698 0.607039749622345 0.60806792974472 0.578097879886627 0.581034719944 0.56564736366272 0.575425982475281 0.559734225273132 0.572905659675598 0.564452290534973 0.558057904243469 0.566976726055145 0.534155666828156 0.531874656677246 0.533433616161346 0.531876087188721 0.509347140789032 0.507675588130951 0.526832461357117 0.526075780391693 0.520443201065063 0.513611495494843 -3.4e+38 -3.4e+38 -3.4e+38
0.719996929168701 0.71690171957016 0.680250227451324 0.672847986221313 0.695008933544159 0.65804523229599 0.680638790130615 0.649006009101868 0.672192454338074 0.666095733642578 0.665032684803009 0.669094920158386 0.678097784519196 0.65285736322403 0.669147849082947 0.680109322071075 0.690848588943481 0.673180162906647 0.680365681648254 0.645420849323273 0.644778370857239 0.617427885532379 0.589528679847717 0.588272094726562 0.564451158046722 0.570284008979797 0.55414342880249 0.565760970115662 0.583403587341309 0.566578149795532 0.571731626987457 0.578930020332336 0.544858038425446 0.545013904571533 0.549412071704865 0.551742672920227 0.525183856487274 0.529486179351807 0.510242342948914 0.519230604171753 0.511651635169983 0.49827852845192 -3.4e+38 -3.4e+38 -3.4e+38
0.718557596206665 0.704690992832184 0.674860537052155 0.666161298751831 0.658595323562622 0.658590018749237 0.661138653755188 0.647793114185333 0.643148005008698 0.643569886684418 0.64227831363678 0.646373331546783 0.648465931415558 0.656574249267578 0.67974066734314 0.688120126724243 0.671119093894958 0.674275279045105 0.652292191982269 0.649974286556244 0.619595944881439 0.588061392307281 0.585625946521759 0.563336491584778 0.574318170547485 0.551795899868011 0.569002330303192 0.576453387737274 0.557229995727539 0.569092810153961 0.57883632183075 0.591445326805115 0.566735982894897 0.567392826080322 0.572710514068604 0.550263047218323 0.557512998580933 0.53088116645813 0.535189867019653 0.515261948108673 0.500836372375488 0.511653304100037 0.485824465751648 -3.4e+38 -3.4e+38
