data/climate_estimation/maxent_output/Trillium_ovatum.asc
NCOLS 257 
NROWS 181 
XLLCORNER -127.5 
YLLCORNER 36 
CELLSIZE 0.0833333333333333 
NODATA_value -3.4e+38 
[rows 120 to 139 of 181, columns 135 to 179 of 257]
0.156287476420403 0.0563748069107533 0.229030787944794 0.150792300701141 0.139922067523003 0.346414864063263 0.321855276823044 0.0624546445906162 0.048782542347908 0.0924601629376411 0.0471192635595798 0.050168339163065 0.109911493957043 0.58204859495163 0.408756941556931 0.132195129990578 0.439410477876663 0.231947362422943 0.0485306084156036 0.164238452911377 0.203057691454887 0.0414359979331493 0.0698701962828636 0.136018499732018 0.00039027736056596 0.00152304791845381 0.14297379553318 7.08622319507413e-05 5.70480260648765e-05 8.45863105496392e-05 7.03362456988543e-05 6.71154630254023e-05 7.35813737264834e-05 9.45302454056218e-05 0.00018618161266204 9.35118951019831e-05 0.000120402655738872 0.000149330531712621 0.000276991806458682 0.000850166019517928 0.000782208400778472 0.000407193991122767 0.000518271117471159 0.000584854162298143 0.000813553109765053
0.0294570866972208 0.0842514634132385 0.260351955890656 0.0752303823828697 0.228505164384842 0.305704325437546 0.0623875297605991 0.0292026996612549 0.031387634575367 0.0364131256937981 0.0501513741910458 0.0885353311896324 0.532955169677734 0.565767288208008 0.240238323807716 0.0875896736979485 0.230209857225418 0.170977830886841 0.0438359044492245 0.264746695756912 0.230802118778229 0.0284215472638607 0.0428786836564541 0.0544769577682018 0.000162142008775845 0.000669139029923826 0.000138055780553259 5.08280863869004e-05 8.86385314515792e-05 0.000847086310386658 0.000122115365229547 6.46938278805465e-05 6.31906077614985e-05 7.42475313018076e-05 8.50657888804562e-05 9.83808640739881e-05 0.000107794563518837 0.000249997887294739 0.00478282198309898 0.000220209287363105 0.000901985098607838 0.000505184638313949 0.000404297112254426 0.000505187141243368 0.00068301527062431
0.0136272413656116 0.0254039969295263 0.0423984676599503 0.0630919486284256 0.138387456536293 0.0362620651721954 0.0245843343436718 0.127221837639809 0.0336621291935444 0.036193385720253 0.0449156798422337 0.154695734381676 0.587196588516235 0.597345411777496 0.18341101706028 0.0698803141713142 0.0599925294518471 0.0451886765658855 0.0392895825207233 0.151086136698723 0.0643146634101868 0.0215019527822733 0.0350303612649441 0.041266568005085 0.000110911940282676 6.54358882457018e-05 5.35918843524996e-05 7.98835026216693e-05 9.65778017416596e-05 8.69606446940452e-05 5.34192877239548e-05 6.78990982123651e-05 6.33020172244869e-05 6.94865011610091e-05 7.80189002398401e-05 8.45499525894411e-05 9.76433002506383e-05 0.000146082049468532 0.00130741239991039 0.000193910396774299 0.000985388061963022 0.00345255970023572 0.000360918289516121 0.000422785436967388 0.00083764671580866
0.0139535926282406 0.00669601606205106 0.00835757236927748 0.0372622273862362 0.0123177859932184 0.0191200617700815 0.045896016061306 0.0329576954245567 0.0501695573329926 0.0655058100819588 0.173616781830788 0.602452158927917 0.54197484254837 0.499420344829559 0.164018854498863 0.0598913170397282 0.0519176498055458 0.0513518564403057 0.0340455919504166 0.0793943032622337 0.040449246764183 0.020981939509511 0.0223956517875195 0.122441932559013 0.000366572174243629 0.000232337057241239 0.000271117576630786 8.67972412379459e-05 5.0567694415804e-05 4.6230237785494e-05 5.62585337320343e-05 5.17979387950618e-05 6.03794869675767e-05 6.6272375988774e-05 6.58908902551048e-05 7.88221295806579e-05 8.64597677718848e-05 0.000112080713734031 0.000215446241782047 0.000599109043832868 0.00141791848000139 0.000558133411686867 0.000305175199173391 0.000262357410974801 0.000489796046167612
0.0116640059277415 0.0044195125810802 0.00985600892454386 0.0161048080772161 0.0363782085478306 0.0257185809314251 0.0201357454061508 0.0351522341370583 0.106862045824528 0.418620735406876 0.613804042339325 0.607704818248749 0.214985862374306 0.26202979683876 0.121191322803497 0.0604064799845219 0.0536873862147331 0.0869342908263206 0.0353242754936218 0.0866928100585938 0.0381440930068493 0.0196328479796648 0.0208238940685987 0.179292127490044 0.00124262715689838 8.06181560619734e-05 4.18485069531016e-05 3.93465888919309e-05 4.29585852543823e-05 4.51500091003254e-05 4.86959652334917e-05 5.075215085526e-05 5.2632069127867e-05 5.81056956434622e-05 6.06548965151887e-05 6.99747542967089e-05 7.41849580663256e-05 9.19946760404855e-05 0.000143981378641911 0.00353608466684818 0.00156183179933578 0.000138311806949787 0.000260900298599154 0.00235356506891549 0.000345773412846029
0.010457688011229 0.0170669928193092 0.136135846376419 0.0856615677475929 0.0177113264799118 0.0214483682066202 0.023004001006484 0.0649406090378761 0.534916877746582 0.57901531457901 0.563927233219147 0.471570432186127 0.141193017363548 0.169283792376518 0.160184592008591 0.0906508192420006 0.141707673668861 0.203501880168915 0.0867790579795837 0.450789004564285 0.056059792637825 0.01798458956182 0.0199445337057114 0.187184303998947 0.00130487617570907 0.000106862768006977 4.4554519263329e-05 4.28225503128488e-05 4.49420840595849e-05 4.48516511823982e-05 4.70087070425507e-05 5.28043783560861e-05 5.21929396199994e-05 5.78186845814344e-05 5.59209038328845e-05 6.49738431093283e-05 6.54645846225321e-05 8.4937440988142e-05 0.000638649566099048 0.0122020738199353 0.000436453672591597 0.000126103637740016 0.000396320188883692 0.199846252799034 0.00322753330692649
0.0279413182288408 0.00889073964208364 0.201230689883232 0.0605630204081535 0.0463296137750149 0.0509890057146549 0.0205657202750444 0.0600220151245594 0.471687525510788 0.605833053588867 0.624034762382507 0.149302154779434 0.116737075150013 0.130129635334015 0.221159845590591 0.135943368077278 0.49314022064209 0.540698170661926 0.347122520208359 0.0865290015935898 0.0249949861317873 0.0180192999541759 0.0265626572072506 0.282628655433655 0.00135497923474759 0.000119748568977229 4.77043431601487e-05 4.76484383398201e-05 4.64381737401709e-05 4.81171191495378e-05 5.01722461194731e-05 5.00006644870155e-05 4.94165942654945e-05 5.2035233238712e-05 5.00264686706942e-05 5.58190549782012e-05 5.93956174270716e-05 6.60909863654524e-05 0.000382320460630581 0.0291943121701479 0.000289500778308138 0.000162166019435972 0.00212762202136219 0.456109881401062 0.0161106325685978
0.0373863391578197 0.0054999990388751 0.0926057323813438 0.240295395255089 0.147626236081123 0.0665858164429665 0.0161976777017117 0.0579880215227604 0.625424981117249 0.609666287899017 0.220149382948875 0.0961069613695145 0.103803806006908 0.104949645698071 0.11155154556036 0.0954478085041046 0.143976822495461 0.14255627989769 0.0803821086883545 0.0276299584656954 0.0262263175100088 0.0176961198449135 0.00191556429490447 0.284873723983765 0.0556701384484768 0.00051721086492762 9.97299575828947e-05 5.65507762075868e-05 5.35163344466127e-05 4.75915330753196e-05 5.13965896971058e-05 5.23586641065776e-05 5.36309999006335e-05 4.76148961752187e-05 5.09914607391693e-05 7.01686876709573e-05 4.81093484268058e-05 6.02638720010873e-05 0.0011904138373211 0.0105890110135078 0.000214913947274908 0.000121029159345198 0.00450562871992588 0.720242321491241 0.176825076341629
0.0195935964584351 0.0048818071372807 0.0851744189858437 0.439605206251144 0.0844089910387993 0.0262854415923357 0.0196163076907396 0.079072967171669 0.619814813137054 0.558227300643921 0.0850702449679375 0.082425981760025 0.121146909892559 0.135601490736008 0.166356906294823 0.118302583694458 0.146598264575005 0.0767430067062378 0.0335078835487366 0.0403977893292904 0.141651466488838 0.0339478999376297 0.00147809810005128 0.0480189770460129 0.00243330257944763 0.000396609830204397 0.000108411943074316 6.61413505440578e-05 5.77700629946776e-05 5.15978535986505e-05 5.47488634765614e-05 5.09419260197319e-05 4.94009400426876e-05 4.59317307104357e-05 4.96418215334415e-05 4.34941612184048e-05 4.34826179116499e-05 4.20478791056667e-05 0.000630394497420639 0.002815070329234 0.000271823460934684 0.000192120831343345 0.000701723096426576 0.244379431009293 0.270984053611755
0.00915866624563932 0.00512853544205427 0.0601628534495831 0.329494684934616 0.0546343214809895 0.0173203721642494 0.0243305284529924 0.164483353495598 0.594578325748444 0.136153310537338 0.0785247087478638 0.131709739565849 0.375238656997681 0.385869145393372 0.100745670497417 0.325435608625412 0.35282951593399 0.0511092804372311 0.0364458002150059 0.0787646919488907 0.174799978733063 0.0583926439285278 0.00146634946577251 0.00453968904912472 0.00294370600022376 0.000811843667179346 0.000491179467644542 0.000203299598069862 9.39039164222777e-05 5.58819592697546e-05 6.32875380688347e-05 5.24727729498409e-05 4.48600949312095e-05 4.73337677249219e-05 4.07632396672852e-05 3.93824302591383e-05 4.40620206063613e-05 3.73289512936026e-05 5.38902240805328e-05 0.000248792784987018 0.00063237501308322 0.000484425778267905 0.000325182161759585 0.00189644633792341 0.122420057654381
0.00566240353509784 0.00957807712256908 0.134227126836777 0.101008802652359 0.060223251581192 0.0204704832285643 0.0350155681371689 0.300670444965363 0.617898523807526 0.0672143250703812 0.20483335852623 0.201469749212265 0.381982684135437 0.508831322193146 0.169420942664146 0.258848816156387 0.477497011423111 0.074173279106617 0.0351474322378635 0.079395055770874 0.0795797929167747 0.102152198553085 0.00412561744451523 0.00246599246747792 0.00489539513364434 0.00183939340058714 0.00111359253060073 0.000573914498090744 0.00171152874827385 0.000186684643267654 6.6793872974813e-05 5.84991648793221e-05 4.8383906687377e-05 4.43489880126435e-05 3.85527673643082e-05 3.94228991353884e-05 3.5333327105036e-05 3.65387459169142e-05 3.81361824111082e-05 3.39853686455172e-05 7.25812788004987e-05 0.000249944743700325 0.000163941702339798 0.0022605259437114 0.261825978755951
0.0108780646696687 0.0691386163234711 0.165805578231812 0.0224918313324451 0.0332363247871399 0.0320243127644062 0.048552755266428 0.601949393749237 0.441367000341415 0.0528290420770645 0.183095067739487 0.380633443593979 0.190734460949898 0.180027231574059 0.10159558057785 0.147449001669884 0.527854263782501 0.223293110728264 0.0272176023572683 0.0294885914772749 0.00345731875859201 0.107529945671558 0.0986955165863037 0.0021047352347523 0.00308724027127028 0.00114354258403182 0.000605906418059021 0.000603706750553101 0.00252709514461458 0.000940778874792159 8.47883784445003e-05 6.36958284303546e-05 4.79435984743759e-05 4.93048355565406e-05 3.47810128005221e-05 0.000131393462652341 3.50621303368825e-05 3.31068513332866e-05 2.99456969514722e-05 4.01059623982292e-05 4.00703429477289e-05 6.03063017479144e-05 0.00022042503405828 0.00237469584681094 0.0171238388866186
0.0184094421565533 0.103854961693287 0.0928960964083672 0.0159383919090033 0.131126165390015 0.122826918959618 0.0387532785534859 0.26505446434021 0.164311349391937 0.0605441555380821 0.181476429104805 0.252752304077148 0.148579597473145 0.148818582296371 0.0725176185369492 0.114998534321785 0.507168114185333 0.0879532545804977 0.0253355577588081 0.0572730824351311 0.110197208821774 0.192707031965256 0.00898823514580727 0.00227546133100986 0.00467922445386648 0.00219632149673998 0.000800544105004519 0.000797777436673641 0.00828913412988186 0.000609891954809427 9.20928214327432e-05 5.6163906265283e-05 4.56218986073509e-05 4.13040434068535e-05 3.13307755277492e-05 3.06215733871795e-05 3.54904368577991e-05 3.33090756612364e-05 2.73709592875093e-05 3.40683218382765e-05 3.61525562766474e-05 0.000344114087056369 0.00308895157650113 0.0102742379531264 0.113174438476562
0.0812044441699982 0.126725167036057 0.0191627163439989 0.015776414424181 0.10331204533577 0.286140650510788 0.0470580905675888 0.151124909520149 0.515770196914673 0.220529690384865 0.253346085548401 0.103521771728992 0.199986457824707 0.0888025462627411 0.0785700380802155 0.210171729326248 0.329967558383942 0.0290999859571457 0.00256333057768643 0.287295788526535 0.154506802558899 0.253034621477127 0.257075756788254 0.0016858319286257 0.00147452985402197 0.00117309286724776 0.0009583062492311 0.00206296029500663 0.476640313863754 0.000569774536415935 8.31011857371777e-05 5.35025319550186e-05 4.44641409558244e-05 3.6138098948868e-05 3.13878808810841e-05 2.61382047028746e-05 6.47317501716316e-05 0.000184700184036046 4.62378920929041e-05 3.09178503812291e-05 4.02591285819653e-05 0.000528104777913541 0.202890262007713 0.0119007425382733 0.25674170255661
0.222334831953049 0.142476797103882 0.017131881788373 0.0171497780829668 0.0527638904750347 0.460628688335419 0.0456089340150356 0.0640871003270149 0.310939222574234 0.145724251866341 0.0564841404557228 0.210691928863525 0.0888246074318886 0.064134493470192 0.242202773690224 0.174902513623238 0.0344609431922436 0.00194524927064776 0.0953680127859116 0.266175001859665 0.00666437903419137 0.3073610663414 0.00697965128347278 0.000944442872423679 0.00160401547327638 0.00203157169744372 0.00229972577653825 0.0116299036890268 0.494984596967697 0.000481685332488269 7.68076570238918e-05 5.67552415304817e-05 4.32580345659517e-05 6.13482552580535e-05 2.87762049993034e-05 3.09118440782186e-05 4.28119637945201e-05 0.00011537698446773 6.51430382276885e-05 4.70817067252938e-05 9.23899788176641e-05 6.16977122263052e-05 0.000669433560688049 0.000571783224586397 0.00116686371620744
0.237064212560654 0.0825668945908546 0.0184790194034576 0.0180184300988913 0.0529616698622704 0.285811245441437 0.0200699102133512 0.056515097618103 0.21901199221611 0.085226409137249 0.0389816351234913 0.0999368950724602 0.0586352907121181 0.0708880349993706 0.333806306123734 0.136453747749329 0.132746174931526 0.00214807456359267 0.00579854659736156 0.257131814956665 0.00622167671099305 0.00891431421041489 0.0012527002254501 0.00112728425301611 0.00530470022931695 0.0151882348582149 0.405149310827255 0.476179212331772 0.264245480298996 0.000193945932551287 7.228298636619e-05 6.87604115228169e-05 6.34012540103868e-05 0.000402370904339477 2.57107712968718e-05 2.69488609774271e-05 0.000104282167740166 0.00058088032528758 0.000101979880128056 0.000201192509848624 0.00223813182674348 0.000272600882453844 7.09561500116251e-05 0.000194600521354005 0.000361788115696982
0.0688792988657951 0.0787609294056892 0.0173401925712824 0.0174565203487873 0.0941777378320694 0.133296564221382 0.0220824554562569 0.357023149728775 0.15453939139843 0.0423842966556549 0.0416988655924797 0.320920705795288 0.105040468275547 0.0536033473908901 0.0916001051664352 0.307077586650848 0.467793434858322 0.00196626153774559 0.00628710398450494 0.5332390666008 0.00336301187053323 0.00230762828141451 0.00198538275435567 0.00536104338243604 0.377087265253067 0.00984191801398993 0.0121686551719904 0.0245510656386614 0.000361624086508527 6.84826009091921e-05 6.86924468027428e-05 0.000130546512082219 9.21188475331292e-05 0.00107478618156165 5.3464958909899e-05 2.62353460129816e-05 8.32487348816358e-05 0.000394324219087139 0.000108015054138377 0.000103345169918612 9.45931606111117e-05 8.86067282408476e-05 5.77597420488019e-05 8.3779712440446e-05 0.000126277838717215
0.0371777005493641 0.0779757127165794 0.0329734571278095 0.019808080047369 0.138970658183098 0.200259700417519 0.0175347104668617 0.127701923251152 0.0908385813236237 0.0413230136036873 0.04835269972682 0.180862128734589 0.123157933354378 0.0477808117866516 0.00386984669603407 0.335267245769501 0.00834974460303783 0.00209493818692863 0.0118382759392262 0.566107153892517 0.00373583170585334 0.000958660617470741 0.00187813956290483 0.00289383670315146 0.0078050410374999 0.0127808889374137 0.00233492581173778 0.000278649531537667 5.22975969943218e-05 0.000133270237711258 0.00018031224317383 0.00037000555312261 0.00015699073264841 9.9338598374743e-05 4.45772602688521e-05 3.87095715268515e-05 5.39823231520131e-05 0.000186546603799798 0.000159269329742528 6.39050776953809e-05 4.58351278211921e-05 0.000106328297988512 5.326477548806e-05 4.75535780424252e-05 6.49601861368865e-05
0.0441484376788139 0.162368655204773 0.0569604448974133 0.0761712566018105 0.257795482873917 0.146499007940292 0.0161644257605076 0.0191354714334011 0.0602274797856808 0.0585608296096325 0.058188121765852 0.122703917324543 0.198739975690842 0.0727105066180229 0.00477153854444623 0.159436613321304 0.00194157299119979 0.00228192051872611 0.0129016544669867 0.834370315074921 0.00329553452320397 0.000617130252067 0.000676463299896568 0.00594284711405635 0.00618849555030465 0.00188160315155983 0.000475537992315367 8.1028148997575e-05 5.3286839829525e-05 0.000292813492706046 0.000378455093596131 7.41209732950665e-05 4.82232608192135e-05 2.46289691858692e-05 0.000141031589009799 0.000198249661480077 9.06801433302462e-05 0.000193821499124169 0.000543599831871688 0.000148271268699318 3.03811757476069e-05 4.90056663693395e-05 4.44712459284347e-05 4.89489902975038e-05 5.93056065554265e-05
0.072576031088829 0.27748242020607 0.300705343484879 0.263100117444992 0.207519292831421 0.0252483189105988 0.0316321030259132 0.0285780690610409 0.0619830228388309 0.138741791248322 0.147763013839722 0.108729921281338 0.114339090883732 0.17216981947422 0.581186056137085 0.30740287899971 0.00386834633536637 0.00248246174305677 0.00858471635729074 0.625209450721741 0.00673740450292826 0.00044834244181402 0.000698974530678242 0.631726562976837 0.0111392391845584 0.00130889599677175 0.000159089147928171 5.33249694854021e-05 7.05456550349481e-05 0.000401206751121208 0.000442407617811114 5.32456433575135e-05 2.71666503977031e-05 2.08011060749413e-05 0.000165729041327722 0.00123849732335657 0.000117607960419264 0.000105486680695321 0.000234283608733676 8.05287199909799e-05 3.5144457797287e-05 4.3330521293683e-05 4.71057646791451e-05 4.74560474685859e-05 5.4759864724474e-05
