data/climate_estimation/maxent_output/Trillium_luteum.asc
NCOLS 149 
NROWS 84 
XLLCORNER -87.75 
YLLCORNER 33 
CELLSIZE 0.0833333333333334 
NODATA_value -3.4e+38 
[rows 40 to 59 of 84, columns 0 to 44 of 149]
0.570827722549438 0.551644325256348 0.461611390113831 0.434816122055054 0.414659202098846 0.483811467885971 0.506834149360657 0.524184823036194 0.530325174331665 0.553858518600464 0.558187007904053 0.57037878036499 0.582225203514099 0.588306844234467 0.607239663600922 0.609606146812439 0.610246181488037 0.689727425575256 0.691739976406097 0.700142621994019 0.701136708259583 0.7390456199646 0.751354575157166 0.764729678630829 0.788587391376495 0.807610988616943 0.759712398052216 0.766527891159058 0.772988200187683 0.767788887023926 0.80576366186142 0.80649870634079 0.785377681255341 0.766111850738525 0.789715230464935 0.795431971549988 0.791327357292175 0.792003333568573 0.797175288200378 0.799366235733032 0.774013519287109 0.770148694515228 0.77504301071167 0.795143246650696 0.790870487689972
0.58685040473938 0.579139709472656 0.477678030729294 0.449802190065384 0.401667654514313 0.480817824602127 0.504393339157104 0.522057771682739 0.539458096027374 0.555773198604584 0.571524202823639 0.583479464054108 0.595684409141541 0.608272433280945 0.628177762031555 0.636015295982361 0.713182151317596 0.704237282276154 0.725878894329071 0.733733952045441 0.730734646320343 0.770878970623016 0.783213794231415 0.801207840442657 0.807231605052948 0.796235680580139 0.75786817073822 0.77395623922348 0.781080007553101 0.794133603572845 0.78911966085434 0.808377921581268 0.798413634300232 0.788404524326324 0.799128115177155 0.789182901382446 0.798120558261871 0.809469759464264 0.805595695972443 0.801249325275421 0.801699221134186 0.772073924541473 0.782732129096985 0.786138772964478 0.792456865310669
0.571731686592102 0.566987752914429 0.4633429646492 0.442113637924194 0.433197140693665 0.428003072738647 0.537539303302765 0.554277300834656 0.560860157012939 0.569025754928589 0.585432171821594 0.596896529197693 0.60972672700882 0.610090315341949 0.598202526569366 0.60637503862381 0.653485476970673 0.668432414531708 0.691362798213959 0.668357908725739 0.708570718765259 0.746070623397827 0.828111529350281 0.813796937465668 0.78833943605423 0.776755452156067 0.787250399589539 0.819844663143158 0.813017308712006 0.807605743408203 0.802776873111725 0.800870537757874 0.811130702495575 0.793052852153778 0.782212197780609 0.78290182352066 0.787529408931732 0.793601751327515 0.817633271217346 0.794141054153442 0.784189224243164 0.788834750652313 0.785029649734497 0.794694721698761 0.793911278247833
0.588601171970367 0.564024686813354 0.485743522644043 0.503003656864166 0.493743926286697 0.458710134029388 0.480939000844955 0.575899064540863 0.573235869407654 0.571178317070007 0.574948132038116 0.593378663063049 0.541995167732239 0.548864603042603 0.526235938072205 0.533850491046906 0.617891609668732 0.646512866020203 0.645236134529114 0.65041583776474 0.67207258939743 0.72418999671936 0.731192111968994 0.726336240768433 0.766933083534241 0.773099064826965 0.817511260509491 0.83100700378418 0.831328809261322 0.816479444503784 0.816479444503784 0.819792509078979 0.79575377702713 0.805807530879974 0.794569849967957 0.800041556358337 0.805348217487335 0.810685575008392 0.816337108612061 0.816337108612061 0.801863670349121 0.793386459350586 0.796137988567352 0.788442730903625 0.786790609359741
0.628261804580688 0.604141712188721 0.512888193130493 0.606090784072876 0.506308495998383 0.501234531402588 0.494194597005844 0.48156875371933 0.564837992191315 0.581605732440948 0.577041327953339 0.532634496688843 0.496192991733551 0.485059440135956 0.503034710884094 0.586467564105988 0.602096736431122 0.615622639656067 0.651480674743652 0.67835944890976 0.669360995292664 0.708445727825165 0.709357619285583 0.710883021354675 0.764386057853699 0.787603139877319 0.830682337284088 0.83506852388382 0.808286309242249 0.83485472202301 0.829764604568481 0.830466151237488 0.82899135351181 0.796324849128723 0.79572731256485 0.822900116443634 0.80008739233017 0.82799631357193 0.822901129722595 0.814988434314728 0.813363552093506 0.790583431720734 0.802758276462555 0.809318125247955 0.806217610836029
0.574433922767639 0.563768088817596 0.533708274364471 0.557668268680573 0.534688591957092 0.522717952728271 0.514892339706421 0.588877379894257 0.565346240997314 0.539249360561371 0.501494765281677 0.469102740287781 0.455694735050201 0.455098211765289 0.564643681049347 0.599725663661957 0.634156584739685 0.644643604755402 0.67248272895813 0.686264038085938 0.726680278778076 0.703636348247528 0.736004889011383 0.748964846134186 0.789590299129486 0.811469256877899 0.823030710220337 0.829041421413422 0.858567476272583 0.851341605186462 0.833660960197449 0.820246815681458 0.820719003677368 0.809310257434845 0.81275886297226 0.817974865436554 0.823121786117554 0.817604899406433 0.80487984418869 0.817862153053284 0.822216331958771 0.788113117218018 0.797079980373383 0.784668624401093 0.815178871154785
0.585786640644073 0.584786415100098 0.565408527851105 0.567474126815796 0.549000203609467 0.531323552131653 0.622140288352966 0.589167296886444 0.60518217086792 0.559535920619965 0.50969409942627 0.487634509801865 0.506331861019135 0.505763411521912 0.559633255004883 0.613909482955933 0.654915571212769 0.697660088539124 0.71806126832962 0.720599412918091 0.752061784267426 0.742484867572784 0.731758117675781 0.75681608915329 0.806594014167786 0.833896279335022 0.829005122184753 0.841274440288544 0.828207671642303 0.850884079933167 0.838196814060211 0.797968804836273 0.8329136967659 0.831904172897339 0.83635812997818 0.798228144645691 0.802428066730499 0.804784595966339 0.834756374359131 0.80260306596756 0.811887562274933 0.813866078853607 0.800929069519043 0.791316151618958 0.780100643634796
0.572719395160675 0.575044095516205 0.576352417469025 0.557683706283569 0.55826199054718 0.5625 0.625632405281067 0.629887580871582 0.620672106742859 0.588223040103912 0.573005080223083 0.621371388435364 0.557494401931763 0.483397573232651 0.469619959592819 0.592648983001709 0.641595184803009 0.69458419084549 0.763933777809143 0.788093626499176 0.766254127025604 0.690527141094208 0.780472278594971 0.775602400302887 0.787635564804077 0.816303670406342 0.827652156352997 0.853868186473846 0.844533860683441 0.832788348197937 0.809599101543427 0.810942232608795 0.809813499450684 0.808629512786865 0.80743932723999 0.811847984790802 0.806612372398376 0.828501582145691 0.821762263774872 0.820924520492554 0.766521275043488 0.758933424949646 0.747645318508148 0.728111207485199 0.785758078098297
0.563043713569641 0.566222071647644 0.579436719417572 0.547563493251801 0.561290860176086 0.582608938217163 0.65196704864502 0.657449662685394 0.649043679237366 0.622150838375092 0.59560227394104 0.663208246231079 0.630676805973053 0.623555064201355 0.534356117248535 0.546230435371399 0.587665259838104 0.711400747299194 0.682034850120544 0.726074576377869 0.792145967483521 0.813958585262299 0.840875327587128 0.842642724514008 0.811039745807648 0.822420597076416 0.83473128080368 0.840254664421082 0.855697810649872 0.835025489330292 0.832171142101288 0.764761507511139 0.764802753925323 0.764077246189117 0.819725811481476 0.810380339622498 0.827128708362579 0.77789181470871 0.787463903427124 0.708369255065918 0.6914182305336 0.767073154449463 0.745322227478027 0.741672933101654 0.722996413707733
0.487659990787506 0.568473696708679 0.483421862125397 0.550991475582123 0.582273304462433 0.579637050628662 0.591750681400299 0.682503640651703 0.676807343959808 0.62623006105423 0.618766009807587 0.672894597053528 0.678407311439514 0.690166294574738 0.572509944438934 0.587548196315765 0.611463963985443 0.645104706287384 0.678149104118347 0.74589991569519 0.851053714752197 0.875618100166321 0.862726330757141 0.842932045459747 0.756063401699066 0.829359710216522 0.850911200046539 0.781123280525208 0.862779676914215 0.849613010883331 0.786796391010284 0.775930166244507 0.769382655620575 0.775370240211487 0.828716218471527 0.790819942951202 0.802767336368561 0.79621034860611 0.714186310768127 0.712681472301483 0.705737590789795 0.704895615577698 0.691588222980499 0.70987331867218 0.690432727336884
0.519313275814056 0.490053921937943 0.474790632724762 0.476524204015732 0.47473731637001 0.550853073596954 0.587193131446838 0.679504096508026 0.690645754337311 0.659786939620972 0.651809930801392 0.667904376983643 0.639104425907135 0.631882011890411 0.639150023460388 0.615817129611969 0.632317960262299 0.67726731300354 0.704739987850189 0.741210997104645 0.857374131679535 0.879316627979279 0.863565921783447 0.790997624397278 0.774576425552368 0.765226006507874 0.803945302963257 0.822847902774811 0.817480742931366 0.806699991226196 0.792457818984985 0.783178091049194 0.800289571285248 0.836410582065582 0.800659418106079 0.824610769748688 0.723832607269287 0.722840785980225 0.727461457252502 0.708262920379639 0.719594776630402 0.701331436634064 0.675145089626312 0.657059609889984 0.705316543579102
0.539113819599152 0.539619743824005 0.523814558982849 0.512227237224579 0.511074304580688 0.56573623418808 0.564193427562714 0.592247068881989 0.602973520755768 0.653602600097656 0.654418706893921 0.647392332553864 0.67824399471283 0.648426711559296 0.668329119682312 0.657371640205383 0.665184020996094 0.709956109523773 0.787306547164917 0.805505573749542 0.829770147800446 0.817978918552399 0.802116096019745 0.780548095703125 0.797650396823883 0.822090148925781 0.831008493900299 0.863156318664551 0.81531172990799 0.804861009120941 0.805296957492828 0.821544945240021 0.822241306304932 0.797058284282684 0.839935719966888 0.714681267738342 0.707665264606476 0.748281300067902 0.748335063457489 0.730982422828674 0.717327654361725 0.710711658000946 0.699178874492645 0.765316903591156 0.755288243293762
0.553611159324646 0.556364953517914 0.567244350910187 0.537884891033173 0.56078827381134 0.51169353723526 0.576934456825256 0.595011413097382 0.586213707923889 0.604993224143982 0.65722781419754 0.637247323989868 0.650397717952728 0.657649159431458 0.659321188926697 0.686052143573761 0.746788203716278 0.770429730415344 0.799996733665466 0.838374137878418 0.827170848846436 0.823238134384155 0.808734059333801 0.836066842079163 0.820304214954376 0.810702264308929 0.866856217384338 0.803756058216095 0.806477785110474 0.808292508125305 0.836265981197357 0.836446464061737 0.802649617195129 0.825344800949097 0.721329808235168 0.690776109695435 0.720231056213379 0.797910928726196 0.831681907176971 0.812872111797333 0.814172267913818 0.78496778011322 0.763285279273987 0.77176421880722 0.798381209373474
0.581080377101898 0.601833701133728 0.601833701133728 0.588964700698853 0.585665583610535 0.572925329208374 0.528742671012878 0.545723378658295 0.626942813396454 0.590462327003479 0.588289439678192 0.590245842933655 0.589775204658508 0.610461115837097 0.679937064647675 0.629755318164825 0.737654328346252 0.766114771366119 0.762432396411896 0.764061391353607 0.835288226604462 0.832477331161499 0.829770505428314 0.838968873023987 0.84522956609726 0.825730562210083 0.802996754646301 0.803094148635864 0.806718170642853 0.836184561252594 0.840040445327759 0.80427086353302 0.833348214626312 0.723143517971039 0.673839330673218 0.703636705875397 0.793902397155762 0.809166669845581 0.830747425556183 0.838891327381134 0.821658134460449 0.800554037094116 0.779895067214966 0.798975110054016 0.810844957828522
0.577934145927429 0.585123658180237 0.596071898937225 0.603015005588531 0.62050873041153 0.625301718711853 0.606008589267731 0.673584342002869 0.672518789768219 0.642311871051788 0.643142879009247 0.63135814666748 0.623703956604004 0.643065512180328 0.644439339637756 0.65103405714035 0.671532571315765 0.700339913368225 0.74269300699234 0.769198894500732 0.78041660785675 0.789667904376984 0.833396852016449 0.805157065391541 0.809249877929688 0.824352920055389 0.804283678531647 0.797405362129211 0.831471621990204 0.821716666221619 0.811824142932892 0.838835000991821 0.715535879135132 0.668900310993195 0.693370044231415 0.723143517971039 0.78836989402771 0.802755415439606 0.800118267536163 0.795937538146973 0.819139361381531 0.810783982276917 0.830474257469177 0.882378101348877 0.875897347927094
0.530904591083527 0.62330174446106 0.641446590423584 0.658357620239258 0.644744575023651 0.647467613220215 0.635770857334137 0.674957275390625 0.663310706615448 0.674438953399658 0.689973175525665 0.691949725151062 0.702556252479553 0.698473572731018 0.714809775352478 0.706457674503326 0.732993304729462 0.760807633399963 0.695738196372986 0.77577143907547 0.785790026187897 0.784031927585602 0.832364022731781 0.809046804904938 0.802352786064148 0.803817331790924 0.800267696380615 0.809560358524323 0.722548246383667 0.822128236293793 0.827321290969849 0.742824614048004 0.668619394302368 0.680572807788849 0.748827397823334 0.772442936897278 0.778928995132446 0.778007686138153 0.780152082443237 0.828385055065155 0.826637983322144 0.834061622619629 0.892466723918915 0.880048215389252 0.807833850383759
0.625434815883636 0.570318639278412 0.651042819023132 0.654569566249847 0.665527880191803 0.666792452335358 0.642033278942108 0.612040519714355 0.573063433170319 0.66973876953125 0.599628150463104 0.693456947803497 0.624017477035522 0.610041499137878 0.663845896720886 0.640843152999878 0.657512843608856 0.695849359035492 0.70010232925415 0.684618175029755 0.700488805770874 0.775668323040009 0.801118791103363 0.808108568191528 0.804071009159088 0.823660910129547 0.800163328647614 0.767505645751953 0.840280711650848 0.831605970859528 0.849838972091675 0.667540550231934 0.68694794178009 0.766135931015015 0.761838614940643 0.761890828609467 0.761525094509125 0.763634324073792 0.808973610401154 0.902081370353699 0.905816435813904 0.89317262172699 0.891495525836945 0.867071270942688 0.742774188518524
0.561997711658478 0.54694789648056 0.561193227767944 0.571192920207977 0.5875204205513 0.658941745758057 0.633115351200104 0.579979777336121 0.563483774662018 0.606566905975342 0.603891432285309 0.60394811630249 0.599489569664001 0.614080488681793 0.641239643096924 0.641230165958405 0.672290146350861 0.660824358463287 0.676307559013367 0.676921606063843 0.714934825897217 0.789127111434937 0.744621872901917 0.767818093299866 0.75740110874176 0.780388057231903 0.795338690280914 0.785174310207367 0.81266838312149 0.844277918338776 0.68487161397934 0.653984606266022 0.667709171772003 0.777783155441284 0.76132333278656 0.775316178798676 0.758025348186493 0.766786873340607 0.908222556114197 0.88932341337204 0.90196681022644 0.894918322563171 0.901632070541382 0.885008811950684 0.860422968864441
0.549985110759735 0.537450194358826 0.526093125343323 0.536191165447235 0.637179732322693 0.567836046218872 0.624176561832428 0.625733971595764 0.569761276245117 0.569705188274384 0.582868278026581 0.591312825679779 0.601998627185822 0.618175446987152 0.629927635192871 0.648698925971985 0.648698925971985 0.665075838565826 0.694090485572815 0.748615920543671 0.749571442604065 0.80095249414444 0.768334567546844 0.805061817169189 0.79377555847168 0.807933926582336 0.643427431583405 0.787482917308807 0.802912771701813 0.706345081329346 0.627801120281219 0.640655398368835 0.685430109500885 0.760014891624451 0.778599381446838 0.835389852523804 0.827257454395294 0.902687430381775 0.906948566436768 0.898487389087677 0.892376720905304 0.901701390743256 0.899360597133636 0.896365642547607 0.881646156311035
0.526201188564301 0.512753367424011 0.513074517250061 0.527558267116547 0.54098254442215 0.543487310409546 0.529853820800781 0.598574578762054 0.584894478321075 0.558319985866547 0.585175752639771 0.625015735626221 0.636771082878113 0.661876082420349 0.66339498758316 0.663507282733917 0.667028963565826 0.611544907093048 0.737277030944824 0.737641453742981 0.782496452331543 0.748799979686737 0.738334476947784 0.806921362876892 0.719127476215363 0.622840404510498 0.661217331886292 0.805082440376282 0.735863149166107 0.550985336303711 0.545472502708435 0.658097863197327 0.753084659576416 0.777738511562347 0.762105286121368 0.825459778308868 0.843488156795502 0.906112313270569 0.886843800544739 0.90296745300293 0.908999621868134 0.907806813716888 0.888010263442993 0.899281680583954 0.887466609477997
