data/climate_estimation/maxent_output/Trillium_decipiens.asc
NCOLS 48 
NROWS 51 
XLLCORNER -87.1666666666667 
YLLCORNER 30.5 
CELLSIZE 0.0833333333333333 
NODATA_value -3.4e+38 
[rows 0 to 19 of 51, columns 0 to 43 of 48]
0.348492532968521 0.347267001867294 0.326279073953629 0.325423717498779 0.328157484531403 0.325761735439301 0.328564941883087 0.334579467773438 0.352296352386475 0.357370138168335 0.36351203918457 0.374152660369873 0.389125764369965 0.388798505067825 0.395601540803909 0.381655782461166 0.379292607307434 0.35980013012886 0.37286764383316 0.367387622594833 0.372586011886597 0.377105891704559 0.363311141729355 0.3567054271698 0.344562083482742 0.349577099084854 0.330719709396362 0.341492563486099 0.34690722823143 0.360774278640747 0.40126895904541 0.406339079141617 0.416025310754776 0.336531579494476 0.329278469085693 0.309263110160828 0.293648570775986 0.278451144695282 0.250637263059616 0.291272789239883 0.331559330224991 0.305982381105423 0.310708969831467 0.291919887065887
0.349238902330399 0.337955206632614 0.326707154512405 0.326393842697144 0.327534854412079 0.336786687374115 0.339149594306946 0.339668124914169 0.344281554222107 0.350726842880249 0.353921264410019 0.374311059713364 0.383531421422958 0.411909461021423 0.379170536994934 0.367088615894318 0.373439997434616 0.373064041137695 0.373189926147461 0.36186882853508 0.368654847145081 0.376050263643265 0.365717649459839 0.374269783496857 0.362446576356888 0.36317852139473 0.348493605852127 0.336838960647583 0.341313272714615 0.356605887413025 0.37139904499054 0.392559438943863 0.396346569061279 0.427655547857285 0.392722308635712 0.265120536088943 0.368103384971619 0.407961279153824 0.442720204591751 0.302379220724106 0.311226844787598 0.32127445936203 0.362340092658997 0.359789669513702
0.335464626550674 0.344411343336105 0.340464651584625 0.330395132303238 0.331255316734314 0.341928333044052 0.336909860372543 0.339808225631714 0.348690897226334 0.34912183880806 0.358881831169128 0.361125081777573 0.371314257383347 0.362929373979568 0.363562077283859 0.365485817193985 0.369416266679764 0.376717656850815 0.382161557674408 0.369355171918869 0.368992418050766 0.37338662147522 0.373393774032593 0.377927154302597 0.36836114525795 0.354044198989868 0.356312721967697 0.344769954681396 0.345613062381744 0.356918185949326 0.365673154592514 0.384093880653381 0.397894084453583 0.344206690788269 0.40174213051796 0.421166777610779 0.429109364748001 0.438962191343307 0.443236887454987 0.359708696603775 0.326871514320374 0.366161614656448 0.372014224529266 0.34814926981926
0.347209632396698 0.346629738807678 0.350772708654404 0.352149397134781 0.33864763379097 0.338033735752106 0.345500528812408 0.35310286283493 0.354236930608749 0.34321054816246 0.348584800958633 0.345170587301254 0.347046107053757 0.34909975528717 0.352035343647003 0.351888626813889 0.362299978733063 0.365744024515152 0.369611591100693 0.379636496305466 0.381259679794312 0.389112770557404 0.372087746858597 0.37040901184082 0.377711445093155 0.364417046308517 0.364396661520004 0.354182451963425 0.342605203390121 0.338561505079269 0.356121331453323 0.372073829174042 0.380598694086075 0.387080818414688 0.396274566650391 0.39868226647377 0.418746173381805 0.431173473596573 0.429919809103012 0.412431657314301 0.41991725564003 0.401163041591644 0.408079952001572 0.443461000919342
0.345784187316895 0.351653695106506 0.351209253072739 0.358894944190979 0.359843730926514 0.351411879062653 0.360525697469711 0.342147797346115 0.347148150205612 0.332768768072128 0.337848544120789 0.340345770120621 0.329933404922485 0.322574555873871 0.33909609913826 0.337432891130447 0.357058733701706 0.363655060529709 0.381073832511902 0.37405264377594 0.372527182102203 0.372222363948822 0.380404382944107 0.382916331291199 0.369037508964539 0.363251596689224 0.361602693796158 0.352916955947876 0.345712214708328 0.330173760652542 0.351763129234314 0.354269832372665 0.356859594583511 0.359739929437637 0.374253213405609 0.396165877580643 0.412693858146667 0.428127467632294 0.437434583902359 0.413953304290771 0.400578886270523 0.399465888738632 0.387088447809219 0.375077128410339
0.366701304912567 0.360721588134766 0.360293716192245 0.357811212539673 0.362774699926376 0.364022821187973 0.350307464599609 0.34942951798439 0.334442943334579 0.331523001194 0.336126923561096 0.323795825242996 0.327107459306717 0.311953783035278 0.32503268122673 0.338611304759979 0.348076790571213 0.360965818166733 0.375149667263031 0.385720789432526 0.367070108652115 0.373602867126465 0.372198700904846 0.364798575639725 0.358554571866989 0.360986739397049 0.357316017150879 0.343146592378616 0.327012002468109 0.329099923372269 0.351123839616776 0.350012272596359 0.345006585121155 0.439874023199081 0.432075381278992 0.421212047338486 0.430303156375885 0.418108463287354 0.447610080242157 0.386221438646317 0.371971845626831 0.379838734865189 0.383436769247055 0.382312506437302
0.368549138307571 0.372783154249191 0.367189764976501 0.378718286752701 0.373626351356506 0.370582461357117 0.349802404642105 0.345413506031036 0.342693001031876 0.345124006271362 0.336552947759628 0.328261315822601 0.318193882703781 0.310541182756424 0.336238533258438 0.335652470588684 0.344725459814072 0.363854825496674 0.372371166944504 0.373697400093079 0.377234190702438 0.379828214645386 0.371940851211548 0.366521060466766 0.351180911064148 0.349039167165756 0.351089149713516 0.32514688372612 0.332970559597015 0.326441615819931 0.320197522640228 0.33011993765831 0.438448578119278 0.419473886489868 0.414454698562622 0.418082505464554 0.425023913383484 0.456864327192307 0.475537896156311 0.46340936422348 0.37737900018692 0.375258237123489 0.383346080780029 0.371370732784271
0.359535276889801 0.359459400177002 0.358449012041092 0.371155947446823 0.373884826898575 0.369911581277847 0.358054876327515 0.359398573637009 0.347463220357895 0.346014887094498 0.330211699008942 0.332064688205719 0.321346461772919 0.335632681846619 0.330950617790222 0.340433120727539 0.35824590921402 0.360917240381241 0.378824591636658 0.378005057573318 0.382428228855133 0.389731287956238 0.371347159147263 0.374567896127701 0.360529899597168 0.340031623840332 0.336923480033875 0.333320081233978 0.31638303399086 0.315991193056107 0.311081051826477 0.463997930288315 0.458999127149582 0.440394371747971 0.425917476415634 0.428680121898651 0.445597797632217 0.464222073554993 0.456992596387863 0.512801826000214 0.552130043506622 0.579443335533142 0.575104475021362 0.338967680931091
0.36049473285675 0.361685633659363 0.361163526773453 0.362244009971619 0.367607176303864 0.355317533016205 0.363018363714218 0.349684983491898 0.35537001490593 0.343762844800949 0.334076464176178 0.333514213562012 0.323028951883316 0.319874823093414 0.333870828151703 0.341170907020569 0.347046285867691 0.354580223560333 0.387372672557831 0.380910128355026 0.38323786854744 0.395628035068512 0.378677636384964 0.378866940736771 0.349907994270325 0.353880524635315 0.336038947105408 0.331262856721878 0.323513984680176 0.308069854974747 0.451531082391739 0.456238180398941 0.434598058462143 0.4346764087677 0.436663538217545 0.451697677373886 0.47150444984436 0.478240191936493 0.479028463363647 0.526846408843994 0.567130625247955 0.59055495262146 0.565675497055054 0.552404701709747
0.348675906658173 0.353580862283707 0.355668783187866 0.345191210508347 0.35256227850914 0.354238271713257 0.354269564151764 0.350725024938583 0.346045285463333 0.342502415180206 0.332345217466354 0.334245711565018 0.343888252973557 0.332600265741348 0.34361457824707 0.349467396736145 0.355903565883636 0.372409671545029 0.3786661028862 0.383351147174835 0.387498885393143 0.389416724443436 0.383490324020386 0.38276481628418 0.366989433765411 0.358602583408356 0.356658935546875 0.33607542514801 0.332165569067001 0.30926188826561 0.466445595026016 0.446247220039368 0.453897476196289 0.455319434404373 0.457471400499344 0.467302143573761 0.498466491699219 0.508267819881439 0.507226049900055 0.535192787647247 0.549074172973633 0.564932823181152 0.56521600484848 0.555203258991241
0.350259751081467 0.347865015268326 0.345659166574478 0.339117288589478 0.336508870124817 0.34604075551033 0.351233839988708 0.345991164445877 0.344126492738724 0.3575499355793 0.354363322257996 0.349360525608063 0.335528016090393 0.34647610783577 0.351163387298584 0.349380254745483 0.370766133069992 0.369638204574585 0.382252663373947 0.386055141687393 0.393531292676926 0.401923537254333 0.399047285318375 0.385742545127869 0.371860504150391 0.370882272720337 0.352519750595093 0.33459198474884 0.32546529173851 0.313712269067764 0.291486442089081 0.471813976764679 0.486497312784195 0.475338906049728 0.473767518997192 0.472409039735794 0.507464170455933 0.512966215610504 0.513062655925751 0.535454750061035 0.55148857831955 0.542784214019775 0.54578959941864 0.545002698898315
0.351429313421249 0.343495905399323 0.343681484460831 0.338761538267136 0.344050943851471 0.348621815443039 0.350586861371994 0.353267312049866 0.356180310249329 0.362139880657196 0.356526046991348 0.345517426729202 0.34680250287056 0.351390510797501 0.353417485952377 0.365672022104263 0.371466398239136 0.377250075340271 0.398990720510483 0.398543626070023 0.396370977163315 0.400910496711731 0.388009607791901 0.391314029693604 0.379204094409943 0.362134486436844 0.353396236896515 0.339384824037552 0.329877257347107 0.314156115055084 0.28480651974678 0.265728861093521 0.499546766281128 0.477612435817719 0.467360764741898 0.484659612178802 0.496772736310959 0.518874287605286 0.524570167064667 0.523671090602875 0.548254668712616 0.552017986774445 0.535281598567963 0.550176382064819
0.344678789377213 0.33457213640213 0.340306282043457 0.335788011550903 0.336012214422226 0.329506874084473 0.341786950826645 0.349773615598679 0.356965631246567 0.354726523160934 0.351895570755005 0.36152046918869 0.367404401302338 0.369422495365143 0.360912382602692 0.363347381353378 0.378494888544083 0.398144900798798 0.403435945510864 0.407766610383987 0.402393400669098 0.401409268379211 0.396386712789536 0.386352121829987 0.374701589345932 0.375464230775833 0.354141443967819 0.334340304136276 0.326098531484604 0.31925156712532 0.29111236333847 0.259386867284775 0.481263488531113 0.467977941036224 0.482637345790863 0.489021629095078 0.487079173326492 0.513188004493713 0.516399621963501 0.534289419651031 0.545159041881561 0.560778617858887 0.547353088855743 0.557477116584778
0.346152663230896 0.333125114440918 0.331575334072113 0.325683742761612 0.315258860588074 0.332735925912857 0.34154862165451 0.353704690933228 0.359320133924484 0.374721705913544 0.380620390176773 0.377413928508759 0.391310811042786 0.379893928766251 0.370465874671936 0.375828266143799 0.389032453298569 0.393541753292084 0.406432718038559 0.406432718038559 0.398856997489929 0.40771895647049 0.40477854013443 0.398640811443329 0.38331463932991 0.361840009689331 0.350308537483215 0.33029568195343 0.323079884052277 0.307312726974487 0.287723898887634 0.511428713798523 0.492654860019684 0.471546411514282 0.473236888647079 0.496720612049103 0.505573153495789 0.511268138885498 0.529547870159149 0.543271899223328 0.554059743881226 0.554236352443695 0.566918909549713 0.572781801223755
0.351004540920258 0.340100646018982 0.322405725717545 0.317241460084915 0.310444355010986 0.333906441926956 0.340560168027878 0.359462916851044 0.374542117118835 0.393174111843109 0.387956351041794 0.387047529220581 0.398382902145386 0.396229028701782 0.386617332696915 0.382331162691116 0.392916798591614 0.395963817834854 0.405710130929947 0.402754127979279 0.412543773651123 0.408104032278061 0.40855073928833 0.397190809249878 0.379825115203857 0.38298562169075 0.361313849687576 0.349232971668243 0.32659524679184 0.31405371427536 0.298600196838379 0.531359374523163 0.521106839179993 0.514431476593018 0.503047823905945 0.507106900215149 0.514370381832123 0.550257861614227 0.550434529781342 0.559347867965698 0.571731328964233 0.577416837215424 0.591109812259674 0.59929233789444
0.35524320602417 0.353956311941147 0.3356052339077 0.31671068072319 0.327225416898727 0.332949817180634 0.345122754573822 0.36628469824791 0.377924382686615 0.38201317191124 0.396627962589264 0.401972204446793 0.403474688529968 0.402244478464127 0.387836426496506 0.374648809432983 0.381580084562302 0.379148155450821 0.403581142425537 0.410468339920044 0.40977481007576 0.411613583564758 0.413117617368698 0.399494916200638 0.385587602853775 0.374696582555771 0.364556908607483 0.348729223012924 0.327125281095505 0.32163205742836 0.565196871757507 0.549150228500366 0.536482632160187 0.528130888938904 0.513419151306152 0.531803548336029 0.539451539516449 0.557438671588898 0.579507112503052 0.585913419723511 0.586270153522491 0.619029343128204 0.60872894525528 0.624932885169983
0.339162886142731 0.358345329761505 0.35400053858757 0.341935664415359 0.349551469087601 0.346995085477829 0.354970932006836 0.367829769849777 0.388381570577621 0.405791103839874 0.405145257711411 0.409306526184082 0.409586280584335 0.401227474212646 0.388105809688568 0.384858787059784 0.382102876901627 0.388008654117584 0.396474480628967 0.394036501646042 0.408488601446152 0.415421903133392 0.408809185028076 0.410314857959747 0.401880353689194 0.367072910070419 0.357655316591263 0.357555329799652 0.347072958946228 0.317262530326843 0.609294891357422 0.593836545944214 0.567667961120605 0.555265486240387 0.538522124290466 0.542946636676788 0.545056104660034 0.569635689258575 0.586975455284119 0.613469362258911 0.624927222728729 0.628804862499237 0.644969999790192 0.644430994987488
0.344858050346375 0.355950534343719 0.343379408121109 0.349503934383392 0.353369176387787 0.359379321336746 0.373384237289429 0.376692116260529 0.382847726345062 0.402569591999054 0.401300847530365 0.405877351760864 0.402971416711807 0.398095786571503 0.387128174304962 0.379163086414337 0.375479638576508 0.381276041269302 0.396493762731552 0.4116071164608 0.410797774791718 0.403392195701599 0.422047793865204 0.413526087999344 0.380493313074112 0.370775580406189 0.370697498321533 0.355099111795425 0.350239515304565 0.346490293741226 0.62993049621582 0.62498414516449 0.612562477588654 0.600536286830902 0.550025284290314 0.573741018772125 0.573787212371826 0.596975743770599 0.615696668624878 0.636148512363434 0.655679225921631 0.673406720161438 0.655279517173767 0.647744119167328
0.337027907371521 0.348318040370941 0.362908184528351 0.366189926862717 0.368605881929398 0.354144930839539 0.370803385972977 0.370169043540955 0.385209411382675 0.387934505939484 0.402310878038406 0.392133206129074 0.386417746543884 0.390291929244995 0.386202782392502 0.374192416667938 0.374048203229904 0.371539354324341 0.388447374105453 0.399149268865585 0.412162661552429 0.424015313386917 0.408340096473694 0.408762007951736 0.38389053940773 0.382898896932602 0.370443165302277 0.352851897478104 0.35191422700882 0.665697813034058 0.692341804504395 0.686404705047607 0.656395435333252 0.620940566062927 0.590837717056274 0.597031235694885 0.612053871154785 0.602260589599609 0.621967732906342 0.64663690328598 0.660900890827179 0.675868809223175 0.662221848964691 0.639047682285309
0.331192582845688 0.330958038568497 0.337880879640579 0.364330023527145 0.376466423273087 0.376870185136795 0.376494944095612 0.363348186016083 0.370927095413208 0.376405358314514 0.385853111743927 0.389641731977463 0.378446340560913 0.388748854398727 0.388503640890121 0.383005201816559 0.38694816827774 0.375227689743042 0.390679001808167 0.397687792778015 0.408526986837387 0.417448937892914 0.416210144758224 0.405515968799591 0.394961327314377 0.38571360707283 0.373155832290649 0.362014472484589 0.360198199748993 0.706492781639099 0.707831621170044 0.710255444049835 0.695168793201447 0.666572749614716 0.653640329837799 0.636533379554749 0.628123581409454 0.625655233860016 0.636391162872314 0.670014381408691 0.671047866344452 0.665511548519135 0.663918912410736 0.664948284626007
