data/climate_estimation/maxent_output/Trillium_ludovicianum.asc
NCOLS 100 
NROWS 32 
XLLCORNER -93.3333333333333 
YLLCORNER 30.75 
CELLSIZE 0.0833333333333333 
NODATA_value -3.4e+38 
[rows 0 to 19 of 32, columns 44 to 87 of 100]
0.452775061130524 0.452598303556442 0.471561938524246 0.472390532493591 0.43535041809082 0.429307818412781 0.424824506044388 0.41849160194397 0.378094047307968 0.395902395248413 0.389753043651581 0.392538547515869 0.410238832235336 0.415388882160187 0.416107356548309 0.395930230617523 0.44280794262886 0.442118942737579 0.45963516831398 0.475897014141083 0.492213785648346 0.546613991260529 0.571004509925842 0.564903557300568 0.569499611854553 0.606124460697174 0.538795709609985 0.522635340690613 0.484135866165161 0.479668468236923 0.486320674419403 0.491266667842865 0.475001454353333 0.458318114280701 0.450141996145248 0.405856370925903 0.386308521032333 0.402348965406418 0.420781254768372 0.391265332698822 0.385154634714127 0.347202122211456 0.328968673944473 0.28886491060257
0.504906415939331 0.505203545093536 0.48894214630127 0.48596128821373 0.46759495139122 0.433500856161118 0.423978596925735 0.437423527240753 0.393615692853928 0.411523312330246 0.410259068012238 0.427175968885422 0.394533663988113 0.353304773569107 0.389679759740829 0.400871217250824 0.383646041154861 0.430946409702301 0.442083388566971 0.464047908782959 0.48101881146431 0.534809648990631 0.558963596820831 0.575852453708649 0.594408214092255 0.614849269390106 0.553683698177338 0.562264204025269 0.480617642402649 0.487604200839996 0.472081691026688 0.47462061047554 0.462666600942612 0.471045315265656 0.449651658535004 0.393047571182251 0.389539033174515 0.409879326820374 0.378604888916016 0.376398086547852 0.376028537750244 0.333578616380692 0.27789694070816 0.262859970331192
0.526926815509796 0.541977524757385 0.523008525371552 0.50664871931076 0.477041125297546 0.454983770847321 0.436547726392746 0.432965070009232 0.395987957715988 0.41645547747612 0.42731374502182 0.417322874069214 0.401201665401459 0.385830044746399 0.397376775741577 0.379067599773407 0.390132039785385 0.419217675924301 0.433478802442551 0.468517154455185 0.485083132982254 0.522207736968994 0.546794772148132 0.584730505943298 0.633640885353088 0.593356549739838 0.565024018287659 0.538240551948547 0.498681515455246 0.454506784677505 0.460762292146683 0.456379115581512 0.437729328870773 0.401755899190903 0.388219505548477 0.357389748096466 0.37405851483345 0.34905681014061 0.365136414766312 0.323090523481369 0.338363438844681 0.318883061408997 0.28016671538353 0.281451910734177
0.577445924282074 0.564991593360901 0.5462726354599 0.541234612464905 0.521608173847198 0.475202202796936 0.452640295028687 0.456605792045593 0.405193388462067 0.403953522443771 0.412882655858994 0.417892038822174 0.391016840934753 0.402239859104156 0.411656379699707 0.389687925577164 0.397003144025803 0.407136112451553 0.456833511590958 0.45059797167778 0.492871701717377 0.493356227874756 0.55157881975174 0.576191604137421 0.625578701496124 0.610705077648163 0.549639582633972 0.546534955501556 0.504096567630768 0.485261470079422 0.467063874006271 0.443103104829788 0.387407064437866 0.361213147640228 0.349964767694473 0.33161923289299 0.331900656223297 0.335140079259872 0.336241781711578 0.313893258571625 0.28915473818779 0.269559532403946 0.263871073722839 0.276044875383377
0.620330929756165 0.595907390117645 0.552174270153046 0.571524024009705 0.551805138587952 0.520175695419312 0.492341876029968 0.423368662595749 0.426111251115799 0.410616487264633 0.406246364116669 0.411892741918564 0.402682930231094 0.416420549154282 0.432956784963608 0.448238372802734 0.44448310136795 0.464861840009689 0.429485321044922 0.480661988258362 0.475272804498672 0.529178559780121 0.573508739471436 0.580994725227356 0.585570871829987 0.598829805850983 0.545672059059143 0.534277379512787 0.476762920618057 0.472343862056732 0.478465884923935 0.43546536564827 0.384408593177795 0.35120815038681 0.317814081907272 0.305712968111038 0.308439880609512 0.325993180274963 0.304737657308578 0.295762300491333 0.278921782970428 0.256867706775665 0.27117657661438 0.295407563447952
0.560471653938293 0.58618026971817 0.577543675899506 0.537298679351807 0.544474124908447 0.516159772872925 0.480305701494217 0.444432586431503 0.411994755268097 0.41452819108963 0.405908614397049 0.394030839204788 0.412376433610916 0.443302154541016 0.445618867874146 0.450168609619141 0.467598557472229 0.470374435186386 0.466448694467545 0.463566452264786 0.479930698871613 0.517715096473694 0.562012314796448 0.566925942897797 0.560992300510406 0.533478677272797 0.511394739151001 0.459406614303589 0.44741153717041 0.421035617589951 0.457581609487534 0.403993189334869 0.370018243789673 0.324219167232513 0.291121780872345 0.251569449901581 0.269570708274841 0.299488484859467 0.296221822500229 0.287989944219589 0.271285742521286 0.28341543674469 0.292175948619843 0.300736963748932
0.533032059669495 0.541552186012268 0.552463054656982 0.521429061889648 0.537166953086853 0.515005469322205 0.45944619178772 0.443394690752029 0.43316462635994 0.400618642568588 0.410478919744492 0.400326609611511 0.423656910657883 0.426540166139603 0.452332466840744 0.467032194137573 0.469423741102219 0.472534656524658 0.491395980119705 0.487699627876282 0.488175183534622 0.505500316619873 0.526467740535736 0.544711828231812 0.563531577587128 0.541340470314026 0.481801629066467 0.460555613040924 0.426623642444611 0.405568689107895 0.421556890010834 0.36844539642334 0.325739085674286 0.313328564167023 0.27477964758873 0.234488815069199 0.149413928389549 0.27026155591011 0.302691727876663 0.31175908446312 0.296281427145004 0.284169673919678 0.279609590768814 0.269545197486877
0.505898833274841 0.530041217803955 0.528802156448364 0.518099009990692 0.524819731712341 0.515959799289703 0.520780146121979 0.466135621070862 0.428417921066284 0.416238188743591 0.41903230547905 0.40798756480217 0.410008728504181 0.399710536003113 0.454137355089188 0.491884469985962 0.490724980831146 0.490180164575577 0.509399950504303 0.509843647480011 0.506978094577789 0.513523399829865 0.512563645839691 0.532175004482269 0.547704041004181 0.566718459129333 0.488445222377777 0.461971372365952 0.441171258687973 0.415858745574951 0.37797948718071 0.333889931440353 0.316214710474014 0.295027643442154 0.278662115335464 0.237270027399063 0.150753244757652 0.26391875743866 0.276844173669815 0.276971489191055 0.299477756023407 0.257565468549728 0.239695429801941 0.265244275331497
0.524252355098724 0.530442178249359 0.549203753471375 0.553049564361572 0.553297877311707 0.520780146121979 0.52177494764328 0.486032783985138 0.41640242934227 0.402029871940613 0.40798756480217 0.398022353649139 0.381019175052643 0.449875086545944 0.454161137342453 0.509475767612457 0.50500363111496 0.541272163391113 0.531471788883209 0.531957983970642 0.512310028076172 0.51492965221405 0.519143342971802 0.558417499065399 0.537416934967041 0.518976092338562 0.497683137655258 0.445405066013336 0.402038931846619 0.391835480928421 0.356014251708984 0.339503735303879 0.298039734363556 0.314775854349136 0.28183725476265 0.281297475099564 0.253580152988434 0.251560688018799 0.266816467046738 0.309042543172836 0.282576262950897 0.276063501834869 0.245584145188332 0.237935557961464
0.515193402767181 0.527898907661438 0.586463630199432 0.58604633808136 0.540302634239197 0.522179365158081 0.502799391746521 0.486389189958572 0.419361412525177 0.425848960876465 0.411272585391998 0.384430229663849 0.405152767896652 0.437183141708374 0.455124735832214 0.53123015165329 0.56806743144989 0.564667522907257 0.543261289596558 0.550315618515015 0.537195146083832 0.534044206142426 0.521172046661377 0.5272096991539 0.549577057361603 0.509329974651337 0.455828607082367 0.402451634407043 0.371788889169693 0.332998484373093 0.318155348300934 0.301721930503845 0.301721930503845 0.304059207439423 0.287493735551834 0.304033279418945 0.28503480553627 0.311158448457718 0.311290711164474 0.329483777284622 0.304940104484558 0.289034783840179 0.258879274129868 0.256247043609619
0.57160747051239 0.583405554294586 0.592512547969818 0.561401784420013 0.560621857643127 0.546810805797577 0.506075501441956 0.490079522132874 0.444243729114532 0.429327368736267 0.420186758041382 0.436120092868805 0.428558588027954 0.462484925985336 0.513078808784485 0.525583565235138 0.565647423267365 0.586255609989166 0.565835535526276 0.545242190361023 0.535193264484406 0.521649777889252 0.486820727586746 0.493288666009903 0.479469269514084 0.445494264364243 0.392138719558716 0.378947377204895 0.350778102874756 0.322456032037735 0.321537584066391 0.322024136781693 0.322051137685776 0.281824916601181 0.195371299982071 0.196984454989433 0.214512854814529 0.216438308358192 0.202462837100029 0.213971748948097 0.212771415710449 0.20180881023407 0.27681440114975 0.252229630947113
0.585103332996368 0.593571424484253 0.624478161334991 0.591862976551056 0.571844041347504 0.547108292579651 0.533305764198303 0.518649041652679 0.450728267431259 0.43551978468895 0.447305977344513 0.44204193353653 0.440597236156464 0.497195899486542 0.534169495105743 0.550862014293671 0.566699206829071 0.588069438934326 0.578012526035309 0.578087747097015 0.560636878013611 0.538158297538757 0.465526163578033 0.473639488220215 0.461685955524445 0.413011819124222 0.398958712816238 0.322786808013916 0.321916073560715 0.284434407949448 0.301559627056122 0.202787309885025 0.205535188317299 0.193127825856209 0.199846282601357 0.199535116553307 0.232484072446823 0.20976234972477 0.204574137926102 0.189520299434662 0.191726103425026 0.195586904883385 0.174947157502174 0.26955047249794
0.634884238243103 0.619422912597656 0.613879978656769 0.624702930450439 0.616278111934662 0.549404144287109 0.537789702415466 0.527693510055542 0.45765084028244 0.444877743721008 0.4352066218853 0.451598554849625 0.440463662147522 0.472813814878464 0.515027284622192 0.551268756389618 0.568531036376953 0.568940699100494 0.575084030628204 0.562201499938965 0.544958531856537 0.524319052696228 0.495387971401215 0.462477028369904 0.446541398763657 0.366872876882553 0.337412416934967 0.325991690158844 0.31229156255722 0.284925997257233 0.186191037297249 0.192963182926178 0.185860425233841 0.187790662050247 0.18590047955513 0.204382494091988 0.211446687579155 0.211259812116623 0.197516739368439 0.186738044023514 0.184426218271255 0.19551557302475 0.18663689494133 0.180005744099617
0.651833951473236 0.657722055912018 0.648406505584717 0.631454229354858 0.614254534244537 0.556150496006012 0.542248368263245 0.527912616729736 0.461604446172714 0.451937556266785 0.435839354991913 0.430933803319931 0.460211217403412 0.49254834651947 0.509765028953552 0.553110659122467 0.557235062122345 0.577395856380463 0.581156194210052 0.587567508220673 0.55354905128479 0.516044020652771 0.499123066663742 0.470038384199142 0.450863927602768 0.364870101213455 0.338624000549316 0.309981971979141 0.313335746526718 0.183879524469376 0.186293631792068 0.177379190921783 0.174712672829628 0.168657854199409 0.179374024271965 0.187515944242477 0.185926496982574 0.183264344930649 0.192201942205429 0.181459322571754 0.187113761901855 0.194508299231529 0.203941777348518 0.174262940883636
0.686139583587646 0.671860992908478 0.678955376148224 0.639875590801239 0.603036642074585 0.613503515720367 0.54338800907135 0.513309299945831 0.465944588184357 0.456467241048813 0.459065675735474 0.446759641170502 0.482896357774734 0.499713659286499 0.534698903560638 0.581825375556946 0.602740585803986 0.585251092910767 0.585696339607239 0.59335845708847 0.554100036621094 0.517263412475586 0.494330048561096 0.461425244808197 0.451772034168243 0.370585560798645 0.35490807890892 0.328187346458435 0.193976819515228 0.186481282114983 0.179457277059555 0.170692384243011 0.160356819629669 0.175265476107597 0.160827130079269 0.188339203596115 0.178577557206154 0.177122056484222 0.193936258554459 0.196715220808983 0.192701905965805 0.197939813137054 0.175151899456978 0.189659014344215
0.696530401706696 0.672194480895996 0.682904362678528 0.665294528007507 0.647753536701202 0.586439907550812 0.564598858356476 0.531180858612061 0.485525131225586 0.454469054937363 0.425972908735275 0.454637140035629 0.486641138792038 0.517935514450073 0.58415287733078 0.590809881687164 0.58025449514389 0.566150486469269 0.572240948677063 0.579771220684052 0.591854870319366 0.574202716350555 0.482699930667877 0.462610989809036 0.455847412347794 0.391643971204758 0.359458088874817 0.332395404577255 0.196259588003159 0.189187049865723 0.177770927548409 0.159394845366478 0.171069771051407 0.171148464083672 0.174369782209396 0.166111424565315 0.175000801682472 0.173899918794632 0.190238177776337 0.192988812923431 0.192333072423935 0.189105197787285 0.187700778245926 0.187086254358292
0.693251967430115 0.695346057415009 0.679091572761536 0.690407931804657 0.672586917877197 0.630549848079681 0.576800167560577 0.532298564910889 0.521962404251099 0.478200286626816 0.478234618902206 0.441320270299911 0.490943789482117 0.519985556602478 0.582482695579529 0.582482695579529 0.605588376522064 0.620033025741577 0.584482133388519 0.609884142875671 0.588754773139954 0.532850980758667 0.536194324493408 0.484282702207565 0.458658218383789 0.425894409418106 0.337226271629333 0.32525646686554 0.18492479622364 0.175236120820045 0.176481410861015 0.16588582098484 0.16778139770031 0.183462902903557 0.171715542674065 0.162131458520889 0.168360039591789 0.169359937310219 0.175646185874939 0.183544188737869 0.173701956868172 0.173670127987862 0.172784596681595 0.179704219102859
0.677324831485748 0.671712219715118 0.661225199699402 0.688538372516632 0.659996807575226 0.63069075345993 0.618019163608551 0.528847634792328 0.495171278715134 0.469691634178162 0.448969095945358 0.471072822809219 0.492913156747818 0.531119346618652 0.542476117610931 0.546434044837952 0.586808919906616 0.587964653968811 0.61296534538269 0.601063668727875 0.5441734790802 0.563774704933167 0.541642665863037 0.510289967060089 0.46331062912941 0.418010473251343 0.352159053087234 0.31942093372345 0.19162392616272 0.180022060871124 0.171849325299263 0.163792803883553 0.164578631520271 0.180139437317848 0.167971819639206 0.169159889221191 0.157447576522827 0.180115163326263 0.1673753708601 0.164530679583549 0.165731653571129 0.175835087895393 0.187794670462608 0.187290251255035
0.682764172554016 0.654559433460236 0.638620793819427 0.683121562004089 0.61934620141983 0.624409914016724 0.582869648933411 0.559709131717682 0.509142935276031 0.487725049257278 0.491907626390457 0.462797552347183 0.469564914703369 0.481703490018845 0.559546113014221 0.557391762733459 0.585519731044769 0.610793888568878 0.58890575170517 0.561340868473053 0.565366923809052 0.546519219875336 0.504039704799652 0.489814072847366 0.43456956744194 0.424119263887405 0.249426782131195 0.227076008915901 0.186569884419441 0.19765405356884 0.185124844312668 0.188368633389473 0.188047185540199 0.166182562708855 0.165080606937408 0.162994340062141 0.160833194851875 0.186813220381737 0.183871507644653 0.184676885604858 0.178900614380836 0.203682035207748 0.193044662475586 0.192126676440239
0.672500371932983 0.65596079826355 0.680887401103973 0.688369333744049 0.666211903095245 0.650715887546539 0.631677985191345 0.559232950210571 0.562108337879181 0.511085867881775 0.459559351205826 0.479615092277527 0.472905367612839 0.511222422122955 0.530644059181213 0.525592386722565 0.575249195098877 0.582850575447083 0.583934545516968 0.557087898254395 0.560674786567688 0.539218842983246 0.498755156993866 0.485962331295013 0.448122918605804 0.41642490029335 0.260335803031921 0.233805790543556 0.212900459766388 0.193471506237984 0.18282014131546 0.173805862665176 0.181511342525482 0.173220157623291 0.179025024175644 0.179183855652809 0.195193871855736 0.193574696779251 0.202773049473763 0.209862142801285 0.200396105647087 0.207534715533257 0.208148315548897 0.210177809000015
