data/climate_estimation/maxent_output/Trillium_cuneatum.asc
NCOLS 187 
NROWS 108 
XLLCORNER -90.6666666666667 
YLLCORNER 31 
CELLSIZE 0.0833333333333333 
NODATA_value -3.4e+38 
[rows 40 to 59 of 108, columns 135 to 179 of 187]
0.665709853172302 0.665266692638397 0.660760164260864 0.657626450061798 0.665877461433411 0.668883502483368 0.661246120929718 0.671202003955841 0.639448881149292 0.662115871906281 0.657902181148529 0.658539354801178 0.636494934558868 0.649338245391846 0.649338245391846 0.669420838356018 0.647228598594666 0.659299731254578 0.657820165157318 0.627683877944946 0.599738359451294 0.599104881286621 0.562583029270172 0.571180760860443 0.548298120498657 0.561947703361511 0.57346248626709 0.558653831481934 0.568101286888123 0.567168176174164 0.561360657215118 0.57485431432724 0.578617632389069 0.580215215682983 0.559898793697357 0.567838370800018 0.553011178970337 0.553224623203278 0.531541705131531 0.527367234230042 0.515556693077087 0.512721538543701 0.49405762553215 -3.4e+38 -3.4e+38
0.665374875068665 0.660234451293945 0.662823855876923 0.680632352828979 0.656156361103058 0.651748239994049 0.65729558467865 0.653026163578033 0.649635016918182 0.644169270992279 0.64009028673172 0.641972303390503 0.650326550006866 0.653703570365906 0.661624133586884 0.670033931732178 0.654795944690704 0.629161953926086 0.632800817489624 0.633650660514832 0.600997090339661 0.571162283420563 0.569307863712311 0.551437556743622 0.555657207965851 0.56454074382782 0.548370003700256 0.561463713645935 0.578882157802582 0.554793238639832 0.567355871200562 0.550698518753052 0.562681198120117 0.568562388420105 0.575580656528473 0.556621074676514 0.566316723823547 0.544300854206085 0.516962647438049 0.515820026397705 0.505653202533722 0.504740595817566 0.51964944601059 -3.4e+38 -3.4e+38
0.648272395133972 0.644226312637329 0.649358034133911 0.655307710170746 0.670110821723938 0.669781029224396 0.670830249786377 0.676294326782227 0.66466361284256 0.63398951292038 0.638401091098785 0.634109556674957 0.633271217346191 0.646053493022919 0.6473188996315 0.662635564804077 0.666784286499023 0.638262212276459 0.64085990190506 0.606387794017792 0.580181300640106 0.541901409626007 0.546698808670044 0.555227696895599 0.566482484340668 0.551793277263641 0.559989392757416 0.568892955780029 0.554973423480988 0.559821546077728 0.551028609275818 0.562289237976074 0.566967606544495 0.546997606754303 0.562366902828217 0.541511356830597 0.520905435085297 0.525923669338226 0.50626802444458 0.497297883033752 0.490284949541092 0.5131955742836 0.54567015171051 -3.4e+38 -3.4e+38
0.662489593029022 0.656808435916901 0.664222478866577 0.671993255615234 0.682638466358185 0.691826999187469 0.660274922847748 0.655644178390503 0.650786817073822 0.646517693996429 0.652190625667572 0.618809163570404 0.655057609081268 0.654004275798798 0.635768592357635 0.645357191562653 0.652265667915344 0.623253762722015 0.626161515712738 0.624494075775146 0.585469365119934 0.552964746952057 0.551228940486908 0.560371994972229 0.575303435325623 0.551177442073822 0.567478716373444 0.541973054409027 0.558519244194031 0.545043528079987 0.55326896905899 0.534713566303253 0.541542828083038 0.536904096603394 0.540338516235352 0.529272496700287 0.529577732086182 0.514737963676453 0.483074337244034 0.478307604789734 0.515799880027771 0.513437390327454 0.544387698173523 0.572802424430847 -3.4e+38
0.6785649061203 0.673956274986267 0.678477823734283 0.688036203384399 0.696595132350922 0.660754799842834 0.667041957378387 0.665340185165405 0.63299560546875 0.635461866855621 0.632436275482178 0.631285488605499 0.644898295402527 0.643161773681641 0.642883241176605 0.650421500205994 0.629512310028076 0.630725741386414 0.628952860832214 0.59969288110733 0.589042901992798 0.555566489696503 0.554544627666473 0.533734261989594 0.548898875713348 0.565695226192474 0.543521344661713 0.556292533874512 0.543384313583374 0.555486738681793 0.534890830516815 0.550084412097931 0.532496690750122 0.546471178531647 0.526054978370667 0.508416473865509 0.520711600780487 0.503527224063873 0.459761798381805 0.454728841781616 0.496391147375107 0.534295916557312 0.562041103839874 0.587740004062653 -3.4e+38
0.681153357028961 0.658056020736694 0.690652906894684 0.698775291442871 0.696721255779266 0.671363055706024 0.671635270118713 0.643619298934937 0.64164811372757 0.639189898967743 0.637476921081543 0.636821866035461 0.644538700580597 0.623758137226105 0.625129461288452 0.634332835674286 0.610239624977112 0.609856009483337 0.60664564371109 0.600800931453705 0.563128113746643 0.56500232219696 0.575035572052002 0.544907927513123 0.549651384353638 0.541841447353363 0.552491009235382 0.53942596912384 0.547094285488129 0.529694557189941 0.548973023891449 0.529724478721619 0.541561126708984 0.524616718292236 0.538525402545929 0.520874440670013 0.510094225406647 0.487703442573547 0.447480708360672 0.47211366891861 0.517912209033966 0.545695662498474 0.578408718109131 0.600650250911713 0.635390222072601
0.657163083553314 0.668443143367767 0.674729406833649 0.701504051685333 0.676072955131531 0.676675260066986 0.642392814159393 0.635350346565247 0.640598893165588 0.636443674564362 0.649978756904602 0.648898482322693 0.61843204498291 0.625369250774384 0.608458578586578 0.614784777164459 0.616854727268219 0.616848647594452 0.614201962947845 0.582205057144165 0.582766711711884 0.58090728521347 0.550510466098785 0.556546986103058 0.534760057926178 0.544171869754791 0.538952827453613 0.555675625801086 0.533880352973938 0.543159782886505 0.529719114303589 0.54505056142807 0.548120260238647 0.532541811466217 0.551726460456848 0.538411915302277 0.521490812301636 0.502382397651672 0.491564482450485 0.490250736474991 0.526655673980713 -3.4e+38 0.615649819374084 0.62006026506424 0.642385900020599
0.636812686920166 0.674495697021484 0.688166856765747 0.687609493732452 0.685871779918671 0.683510303497314 0.647579431533813 0.643795430660248 0.64313668012619 0.64872533082962 0.658370852470398 0.630233705043793 0.633378207683563 0.607217907905579 0.613365650177002 0.594138741493225 0.598851382732391 0.593394994735718 0.595560371875763 0.55698299407959 0.556052982807159 0.558661580085754 0.523170650005341 0.532199561595917 0.537165403366089 0.528968751430511 0.522201120853424 0.529221773147583 0.53600949048996 0.519102573394775 0.534959554672241 0.549220263957977 0.530514776706696 0.537946701049805 0.532343029975891 0.544929325580597 0.515672028064728 -3.4e+38 -3.4e+38 -3.4e+38 -3.4e+38 -3.4e+38 -3.4e+38 0.628020942211151 0.681644022464752
0.655050456523895 0.658291041851044 0.693454086780548 0.69598126411438 0.687733173370361 0.655518889427185 0.659206330776215 0.656367301940918 0.629247426986694 0.653427362442017 0.628204226493835 0.63930469751358 0.647952437400818 0.618938028812408 0.621780633926392 0.601408421993256 0.604604780673981 0.563860476016998 0.567020416259766 0.555159568786621 0.532178401947021 0.537143588066101 0.532887935638428 0.5121209025383 0.525873720645905 0.53493857383728 0.520475804805756 0.531886518001556 0.513597667217255 0.527391672134399 0.539396643638611 0.535478234291077 0.544602692127228 0.56258898973465 0.548384189605713 0.55887508392334 0.564887940883636 0.544680416584015 0.553074955940247 0.579920649528503 0.605975806713104 0.633905708789825 0.632053971290588 0.664690554141998 0.693200647830963
0.670174956321716 0.667438149452209 0.671917617321014 0.677759230136871 0.66870391368866 0.658371210098267 0.633522093296051 0.635967075824738 0.635778188705444 0.636632919311523 0.634371340274811 0.646979868412018 0.623382151126862 0.625952422618866 0.60822057723999 0.578769564628601 0.577185928821564 0.567319393157959 0.573756456375122 0.552119851112366 0.554372727870941 0.516720771789551 0.494472563266754 0.498926639556885 0.507685780525208 0.518241941928864 0.497813880443573 0.511974215507507 0.515891849994659 0.538847088813782 0.529271423816681 0.550224542617798 0.557777106761932 0.542856454849243 0.554358899593353 0.559128284454346 0.564772307872772 0.57772034406662 0.584702670574188 0.614612102508545 0.612520456314087 0.642446160316467 0.666313827037811 0.694872379302979 0.691882789134979
0.667195200920105 0.658150851726532 0.679391264915466 0.681419789791107 0.645752608776093 0.64499169588089 0.650858044624329 0.65065860748291 0.652830123901367 0.619376063346863 0.621570408344269 0.628971755504608 0.633159518241882 0.612486779689789 0.59439879655838 0.594581425189972 0.562114596366882 0.548778355121613 0.555996537208557 0.526202499866486 0.529690444469452 0.502580463886261 0.504754364490509 0.507631063461304 0.494115561246872 0.50248122215271 0.519374072551727 0.525933146476746 0.541798233985901 0.520375490188599 0.541036784648895 0.554830431938171 0.561009049415588 0.5472731590271 0.557391405105591 0.56284636259079 0.575597405433655 0.582756221294403 0.615357577800751 0.617383182048798 0.642559230327606 0.643734991550446 0.670390665531158 0.692773818969727 0.683300852775574
0.673700630664825 0.667680203914642 0.66278463602066 0.665139377117157 0.623757421970367 0.6279296875 0.636437833309174 0.641814529895782 0.638132035732269 0.635517716407776 0.635446846485138 0.613153338432312 0.623467147350311 0.603000044822693 0.579439401626587 0.576440393924713 0.544512510299683 0.538985550403595 0.538823068141937 0.51978063583374 0.522096157073975 0.52622401714325 0.492342740297318 0.500633001327515 0.504051446914673 0.492823243141174 0.500574946403503 0.515120267868042 0.536790251731873 0.544721782207489 0.556058287620544 0.534555792808533 0.5415198802948 0.550491452217102 0.564280569553375 0.572781622409821 0.576127588748932 0.612028777599335 0.616333663463593 0.644289791584015 0.638030767440796 0.663861751556396 0.673702478408813 0.663253307342529 0.668097317218781
0.645342469215393 0.641659736633301 0.639096856117249 0.609063148498535 0.602649331092834 0.608975052833557 0.621746778488159 0.628566026687622 0.626021027565002 0.628973066806793 0.63068562746048 0.606619536876678 0.61249440908432 0.587833046913147 0.563828468322754 0.543758690357208 0.532859086990356 0.534044802188873 0.506536543369293 0.511021435260773 0.509858191013336 0.485551029443741 0.491405636072159 0.50201028585434 0.501330614089966 0.509479105472565 0.520132541656494 0.510140061378479 0.520092368125916 0.530888855457306 0.532307982444763 0.540799856185913 0.545463562011719 0.556481003761292 0.563660264015198 0.575579285621643 0.606825470924377 0.617929816246033 0.616507112979889 0.638722240924835 0.659283101558685 0.645929992198944 0.652425289154053 0.658185958862305 0.648212254047394
0.610860109329224 0.608129143714905 0.611165165901184 0.585765421390533 0.586906373500824 0.59781938791275 0.610277414321899 0.613882660865784 0.611153960227966 0.614292740821838 0.619499266147614 0.594341814517975 0.574388444423676 0.550252020359039 0.553882718086243 0.532294154167175 0.502685487270355 0.507795214653015 0.509587705135345 0.504292547702789 0.500991582870483 0.474662661552429 0.477563261985779 0.489346712827682 0.494505673646927 0.503164649009705 0.512322843074799 0.525492131710052 0.5310338139534 0.53902667760849 0.547921717166901 0.525179445743561 0.529489278793335 0.532772362232208 0.569240510463715 0.572927236557007 0.612127959728241 0.616015613079071 0.631820201873779 0.624536275863647 0.65496027469635 0.650423765182495 0.646996259689331 0.645301640033722 -3.4e+38
0.582764327526093 0.593014359474182 0.604890048503876 0.601719915866852 0.579651713371277 0.580871641635895 0.584735870361328 0.589425921440125 0.598758041858673 0.607088267803192 0.581436395645142 0.585476160049438 0.559082627296448 0.542869806289673 0.511503279209137 0.495651483535767 0.498967975378036 0.500762343406677 0.480008721351624 0.500285387039185 0.472240060567856 0.471186339855194 0.477082461118698 0.474946975708008 0.48863086104393 0.498110949993134 0.504308342933655 0.515157461166382 0.518848419189453 0.526533186435699 0.530656933784485 0.530411601066589 0.535324275493622 0.540073752403259 0.574821472167969 0.580560863018036 0.616580545902252 0.622235298156738 0.631039202213287 0.642031133174896 0.623532176017761 0.634030640125275 -3.4e+38 -3.4e+38 -3.4e+38
0.600105702877045 0.57906848192215 0.581449270248413 0.538183867931366 0.507369697093964 0.516471087932587 0.549346506595612 0.559700787067413 0.573572993278503 0.59431117773056 0.574853181838989 0.573758542537689 0.55100816488266 0.526115477085114 0.506847083568573 0.477716326713562 0.456739246845245 0.43974843621254 0.477421164512634 0.474238693714142 0.501059174537659 0.472710818052292 0.502998530864716 0.479258894920349 0.475366830825806 0.512865602970123 0.497358471155167 0.528481423854828 0.53257691860199 0.539238750934601 0.540450155735016 0.545227408409119 0.55074667930603 0.545748829841614 0.583586573600769 0.585200667381287 0.622710466384888 0.624261498451233 0.63310569524765 0.633583307266235 0.607649564743042 -3.4e+38 -3.4e+38 -3.4e+38 -3.4e+38
0.576855301856995 0.5521479845047 0.539395451545715 0.515238046646118 0.479469925165176 0.445704013109207 0.47783687710762 0.500298023223877 0.526025891304016 0.538901507854462 0.553312122821808 0.536221921443939 0.511214137077332 0.517022132873535 0.500560522079468 0.470507025718689 0.454937428236008 0.425607651472092 0.455907702445984 0.471755832433701 0.469701051712036 0.49943470954895 0.500679433345795 0.496138632297516 0.507061004638672 0.508808374404907 0.514812707901001 0.519054889678955 0.520750820636749 0.524701297283173 0.525228559970856 0.525872230529785 0.558075487613678 0.557135343551636 0.594047904014587 0.596311867237091 -3.4e+38 0.632236897945404 -3.4e+38 0.599879562854767 -3.4e+38 -3.4e+38 -3.4e+38 -3.4e+38 -3.4e+38
0.562553405761719 0.52189314365387 0.486135125160217 0.420175343751907 0.345558553934097 0.351240485906601 0.381472587585449 0.442211300134659 0.503105342388153 0.519194960594177 0.51271778345108 0.524507820606232 0.48998835682869 0.48325127363205 0.483590424060822 0.459381610155106 0.432835280895233 0.443478763103485 0.45293328166008 0.458201140165329 0.454023867845535 0.487841635942459 0.490339577198029 0.495141863822937 0.49795213341713 0.502276957035065 0.500610530376434 0.502139568328857 0.503679215908051 0.505620360374451 0.531028509140015 0.533675849437714 0.536960363388062 0.571047127246857 0.570865452289581 0.599667906761169 -3.4e+38 -3.4e+38 -3.4e+38 -3.4e+38 -3.4e+38 -3.4e+38 -3.4e+38 0.548681855201721 0.531349778175354
0.543808341026306 0.533960521221161 0.499792277812958 0.403214395046234 0.33682182431221 0.31474357843399 0.3405402302742 0.41974213719368 0.48383641242981 0.476951450109482 0.491972506046295 0.504205167293549 0.480206429958344 0.49143972992897 0.463399022817612 0.436718374490738 0.44257727265358 0.423144429922104 0.427825659513474 0.46773824095726 0.472375959157944 0.473916471004486 0.475612550973892 0.473747968673706 0.506715893745422 0.481572389602661 0.48328772187233 0.484398126602173 0.486121028661728 0.486822903156281 0.510452508926392 0.509565472602844 0.541188955307007 0.576653361320496 0.578222095966339 -3.4e+38 -3.4e+38 -3.4e+38 -3.4e+38 -3.4e+38 -3.4e+38 0.575204730033875 0.544811308383942 0.56019139289856 -3.4e+38
0.516246318817139 0.504783630371094 0.480070918798447 0.415127873420715 0.338154435157776 0.341964066028595 0.348703145980835 0.434630364179611 0.469180166721344 0.487948387861252 0.479708850383759 0.481864184141159 0.458074659109116 0.468319118022919 0.44718462228775 0.428124636411667 0.42413741350174 0.427186042070389 0.428820759057999 0.439139693975449 0.451260685920715 0.456247419118881 0.453397452831268 0.478487342596054 0.47667932510376 0.480359315872192 0.483001977205276 0.488206475973129 0.489971071481705 0.490119308233261 0.493689030408859 0.518976628780365 0.550094306468964 0.551167666912079 0.575794279575348 0.602601945400238 0.578264355659485 0.609499990940094 0.574686348438263 0.565357506275177 0.572168111801147 0.545975267887115 -3.4e+38 -3.4e+38 -3.4e+38
