data/climate_estimation/maxent_output/Trillium_albidum.asc
NCOLS 51 
NROWS 126 
XLLCORNER -124.166666666667 
YLLCORNER 36.9166666666667 
CELLSIZE 0.0833333333333333 
NODATA_value -3.4e+38 
[rows 80 to 99 of 126, columns 0 to 43 of 51]
0.478692919015884 0.635348916053772 0.732599556446075 0.848966062068939 0.773452520370483 0.812985837459564 0.877074062824249 0.828794181346893 0.836079716682434 0.823166370391846 0.79437917470932 0.759734928607941 0.817205488681793 0.458266079425812 0.506995320320129 0.449903309345245 0.51028299331665 0.712145447731018 0.367800921201706 0.66188508272171 0.138047650456429 0.0870424583554268 0.10769908875227 0.0995242670178413 0.140524074435234 0.217354893684387 0.556602120399475 0.917231202125549 0.869361281394958 0.845624148845673 0.675746321678162 0.522547602653503 0.618154048919678 0.496798068284988 0.295842677354813 0.201708793640137 0.138768449425697 0.0870575606822968 0.0683161094784737 0.0417283363640308 0.0271078757941723 0.0163338407874107 0.0131933651864529 0.0064893951639533
0.510795950889587 0.679664433002472 0.774308741092682 0.844754040241241 0.911651253700256 0.87546843290329 0.825372338294983 0.832271575927734 0.761216878890991 0.78482973575592 0.770975530147552 0.827130794525146 0.771355807781219 0.704345226287842 0.413200855255127 0.602236092090607 0.717507600784302 0.771412551403046 0.493376523256302 0.151727423071861 0.0887642502784729 0.0741437375545502 0.074615515768528 0.0885466262698174 0.114320240914822 0.150610625743866 0.296426087617874 0.660485565662384 0.910559713840485 0.841301739215851 0.725160121917725 0.754462480545044 0.735185444355011 0.565553247928619 0.401127725839615 0.290163487195969 0.201712653040886 0.139344185590744 0.0923983156681061 0.0582987107336521 0.0437830351293087 0.0277944710105658 0.0165299624204636 0.00935758836567402
0.554207026958466 0.687553524971008 0.824520468711853 0.830812573432922 0.891298711299896 0.865944862365723 0.86259400844574 0.829911530017853 0.830299913883209 0.83594936132431 0.842545807361603 0.636762797832489 0.651511669158936 0.796107113361359 0.735859632492065 0.772744536399841 0.85862809419632 0.786844611167908 0.636643886566162 0.144821137189865 0.0892084985971451 0.0801626592874527 0.0788205191493034 0.079029306769371 0.0967026874423027 0.155373185873032 0.373651534318924 0.794074892997742 0.911471962928772 0.911867141723633 0.872420728206635 0.727997303009033 0.6291583776474 0.535209655761719 0.470912933349609 0.361095666885376 0.282354116439819 0.252527296543121 0.164731174707413 0.102551095187664 0.0745626017451286 0.0438752435147762 0.0275576263666153 0.0168643798679113
0.535354435443878 0.708197712898254 0.800900638103485 0.888623893260956 0.921947956085205 0.895257234573364 0.843024730682373 0.828980505466461 0.847166240215302 0.835143983364105 0.858258128166199 0.796756565570831 0.737947583198547 0.822692096233368 0.828916490077972 0.718757092952728 0.546188950538635 0.265625566244125 0.118737235665321 0.102571591734886 0.0965695977210999 0.0816884487867355 0.080688938498497 0.0694903880357742 0.0895994454622269 0.174110576510429 0.319014042615891 0.58818644285202 0.858054280281067 0.908518552780151 0.841215074062347 0.672377347946167 0.684229671955109 0.699087560176849 0.595951497554779 0.516175627708435 0.453172236680984 0.353620320558548 0.268243014812469 0.184489294886589 0.114318922162056 0.0735085234045982 0.0556361675262451 0.027352299541235
0.546776950359344 0.653892338275909 0.813368618488312 0.883927524089813 0.91861230134964 0.885893225669861 0.848080217838287 0.831802070140839 0.864313304424286 0.850845336914062 0.843390047550201 0.851090908050537 0.857566714286804 0.818790018558502 0.746043086051941 0.417117029428482 0.190500468015671 0.142795190215111 0.102474436163902 0.0970464497804642 0.0848037004470825 0.0684680566191673 0.0574052594602108 0.0488743185997009 0.0577064864337444 0.089808851480484 0.188437774777412 0.289753347635269 0.772964835166931 0.92243504524231 0.874219536781311 0.860730111598969 0.841418325901031 0.800174176692963 0.725249350070953 0.694307029247284 0.59690123796463 0.49742591381073 0.353675991296768 0.251389741897583 0.164446324110031 0.118420235812664 0.0660652369260788 0.0428812429308891
0.533153712749481 0.636697828769684 0.744627892971039 0.878383874893188 0.911152303218842 0.895458340644836 0.853697240352631 0.779806196689606 0.838462471961975 0.846447944641113 0.842032730579376 0.849257469177246 0.855333030223846 0.853541851043701 0.789444446563721 0.669551074504852 0.216139823198318 0.146764099597931 0.114852674305439 0.08580382168293 0.0689671784639359 0.0586810149252415 0.0538329035043716 0.0369770675897598 0.0595090091228485 0.100929170846939 0.228075683116913 0.416068315505981 0.770130038261414 0.921757876873016 0.871767282485962 0.866404116153717 0.859912514686584 0.852114260196686 0.762496829032898 0.656039953231812 0.616048395633698 0.614810049533844 0.492810934782028 0.377505987882614 0.283450901508331 0.190733000636101 0.119716562330723 0.085104912519455
0.522178530693054 0.694364547729492 0.735422670841217 0.876629948616028 0.903440833091736 0.903099417686462 0.791832208633423 0.807818710803986 0.85679566860199 0.804452180862427 0.809420585632324 0.865455210208893 0.868390917778015 0.859380304813385 0.813299238681793 0.885051608085632 0.474085360765457 0.150258421897888 0.110288895666599 0.0714608207345009 0.0694590732455254 0.0432847514748573 0.0275329370051622 0.0230931472033262 0.0379272438585758 0.0955740064382553 0.186880379915237 0.404535114765167 0.725135207176208 0.88390326499939 0.921333253383636 0.916942059993744 0.867084085941315 0.836519598960876 0.822894275188446 0.752040028572083 0.716471374034882 0.677142798900604 0.589218556880951 0.46851509809494 0.337395668029785 0.263200283050537 0.158193498849869 0.102439679205418
0.506799757480621 0.625268161296844 0.798615336418152 0.871364533901215 0.896836817264557 0.851553857326508 0.82992035150528 0.81660795211792 0.80849152803421 0.796513199806213 0.820608258247375 0.856439113616943 0.851398766040802 0.82505339384079 0.853462278842926 0.870632290840149 0.869099259376526 0.332561641931534 0.143676176667213 0.0748495534062386 0.0433776676654816 0.0308309160172939 0.0201238710433245 0.024623503908515 0.0318587198853493 0.063048280775547 0.187600284814835 0.313353419303894 0.60887485742569 0.853825986385345 0.895975172519684 0.918242692947388 0.888307452201843 0.861298441886902 0.852591693401337 0.805447161197662 0.787892162799835 0.760634779930115 0.65094792842865 0.499343425035477 0.456398218870163 0.34122097492218 0.199368789792061 0.139935806393623
-3.4e+38 0.579576075077057 0.77093917131424 0.845955431461334 0.875700771808624 0.884883403778076 0.866290509700775 0.765349805355072 0.86246395111084 0.86596417427063 0.768656969070435 0.854950845241547 0.861153483390808 0.826595366001129 0.787485659122467 0.810056984424591 0.883285939693451 0.87774270772934 0.153120771050453 0.0652831867337227 0.0390242896974087 0.0267702583223581 0.0280670449137688 0.0289236065000296 0.0351721495389938 0.0525757558643818 0.140622705221176 0.292717903852463 0.520923972129822 0.88182544708252 0.929042994976044 0.923168003559113 0.907828330993652 0.900706052780151 0.886225283145905 0.806538760662079 0.822297871112823 0.762219071388245 0.676876842975616 0.713791370391846 0.559420704841614 0.451106518507004 0.304870545864105 0.196527376770973
-3.4e+38 0.626010060310364 0.667334139347076 0.810118496417999 0.856898963451385 0.879193425178528 0.825768351554871 0.865580379962921 0.762679755687714 0.720175504684448 0.802673399448395 0.825368762016296 0.84570324420929 0.894281685352325 0.880543768405914 0.909084916114807 0.883792996406555 0.923675179481506 0.223329171538353 0.0531573928892612 0.0358865596354008 0.0261216871440411 0.0316805280745029 0.0335500538349152 0.0389048419892788 0.0561910197138786 0.0881401523947716 0.275668442249298 0.581086874008179 0.86995941400528 0.899475336074829 0.903845191001892 0.92442798614502 0.918879568576813 0.922482788562775 0.871889114379883 0.891272723674774 0.814723908901215 0.712984263896942 0.669839024543762 0.719582557678223 0.595028817653656 0.490461349487305 0.275588780641556
-3.4e+38 -3.4e+38 0.753097176551819 0.702515661716461 0.753903150558472 0.788120031356812 0.838058650493622 0.829735696315765 0.791581451892853 0.862578511238098 0.793904304504395 0.765456736087799 0.837464988231659 0.856938183307648 0.869613409042358 0.896727561950684 0.896469712257385 0.84357225894928 0.131656661629677 0.0446606762707233 0.0337801277637482 0.0263517368584871 0.0363876894116402 0.0386545993387699 0.0505915880203247 0.0624955035746098 0.0885880291461945 0.164805442094803 0.39848992228508 0.58224618434906 0.753612995147705 0.873951554298401 0.898910284042358 0.936874270439148 0.931730628013611 0.938886404037476 0.906638145446777 0.902514040470123 0.88112872838974 0.836833834648132 0.756042242050171 0.736082434654236 0.596840918064117 0.398572415113449
-3.4e+38 -3.4e+38 -3.4e+38 0.744613647460938 0.692872405052185 0.746809542179108 0.842194855213165 0.841891646385193 0.843105316162109 0.789152383804321 0.70263797044754 0.52441132068634 0.695486485958099 0.783532083034515 0.879340887069702 0.899917840957642 0.899726271629333 0.910789728164673 0.338277697563171 0.0522693619132042 0.046953521668911 0.0398214720189571 0.0418691821396351 0.0508399307727814 0.0578209161758423 0.071459949016571 0.095791794359684 0.141541033983231 0.252448976039886 0.428688824176788 0.545876801013947 0.729582071304321 0.838748037815094 0.950273275375366 0.956038951873779 0.94352263212204 0.931106925010681 0.889475047588348 0.908065676689148 0.86365282535553 0.840279817581177 0.802961051464081 0.718301236629486 0.469914495944977
-3.4e+38 -3.4e+38 -3.4e+38 -3.4e+38 0.698245823383331 0.688132882118225 0.798189520835876 0.847070932388306 0.851045966148376 0.779055774211884 0.726600825786591 0.677115440368652 0.690156280994415 0.856891572475433 0.881875514984131 0.860550403594971 0.912732064723969 0.555640041828156 0.417220860719681 0.057377252727747 0.0523881763219833 0.0483329631388187 0.0496025383472443 0.0557211525738239 0.0638933181762695 0.0793005302548409 0.0921068340539932 0.13350111246109 0.185408279299736 0.274471014738083 0.407084316015244 0.496943950653076 0.609061241149902 0.759978950023651 0.908944249153137 0.961939215660095 0.940316021442413 0.939143538475037 0.92116391658783 0.909266173839569 0.875377237796783 0.832856714725494 0.791208028793335 0.651163637638092
-3.4e+38 -3.4e+38 -3.4e+38 -3.4e+38 0.607201993465424 0.678427278995514 0.746528208255768 0.804867506027222 0.818484723567963 0.79345440864563 0.844889461994171 0.843900322914124 0.698032021522522 0.849107027053833 0.860852837562561 0.908340692520142 0.914313793182373 0.903958082199097 0.284893393516541 0.0520298182964325 0.0494500361382961 0.0476259738206863 0.0517892278730869 0.0566725060343742 0.0610385686159134 0.0706229731440544 0.0888785123825073 0.111647129058838 0.148464187979698 0.164825484156609 0.198006510734558 0.420682907104492 0.533046305179596 0.705301761627197 0.747766971588135 0.955326497554779 0.972348272800446 0.921429395675659 0.922288835048676 0.931193232536316 0.904109835624695 0.857024967670441 0.785632491111755 0.701029062271118
-3.4e+38 -3.4e+38 -3.4e+38 -3.4e+38 0.462931543588638 0.578970849514008 0.659933626651764 0.748897850513458 0.8126180768013 0.826206207275391 0.850291311740875 0.811626076698303 0.89580887556076 0.859684526920319 0.886576592922211 0.916029095649719 0.922956824302673 0.944985330104828 0.497062653303146 0.062973640859127 0.0530804209411144 0.0544038079679012 0.0535363033413887 0.0506483614444733 0.0537404380738735 0.0610385686159134 0.0719053670763969 0.0883396863937378 0.103300385177135 0.122308537364006 0.151371151208878 0.241270393133163 0.363694816827774 0.448721796274185 0.722583532333374 0.891105532646179 0.929747343063354 0.878556370735168 0.89426726102829 0.886012673377991 0.904100716114044 0.891720712184906 0.86021876335144 0.790453195571899
-3.4e+38 -3.4e+38 -3.4e+38 -3.4e+38 0.370018720626831 0.494992256164551 0.62786477804184 0.675215244293213 0.745189785957336 0.860223293304443 0.862824618816376 0.794689476490021 0.855813384056091 0.909470856189728 0.735949039459229 0.82823657989502 0.933288931846619 0.948540270328522 0.476690351963043 0.0740913525223732 0.0804082155227661 0.0487582422792912 0.0482114627957344 0.046247061342001 0.047679603099823 0.0505068115890026 0.0572107918560505 0.0658629089593887 0.0762371122837067 0.0918138027191162 0.103530757129192 0.13825698196888 0.274575591087341 0.544426262378693 0.732512474060059 0.85861724615097 0.801630854606628 0.840137183666229 0.878151535987854 0.884407639503479 0.895205318927765 0.928294837474823 0.854505598545074 0.778262913227081
-339999999999999996123846586046231871488.000000000000000 -3.4e+38 -3.4e+38 -3.4e+38 0.312650233507156 0.481623262166977 0.575926065444946 0.651509761810303 0.711476683616638 0.838608205318451 0.87551748752594 0.807777583599091 0.680184721946716 0.821869075298309 0.780736207962036 0.693188309669495 0.912013828754425 0.936449944972992 0.346151620149612 0.0904000997543335 0.102754786610603 0.0528427585959435 0.045670036226511 0.0392688065767288 0.039091806858778 0.0400424748659134 0.0453458428382874 0.0519575513899326 0.0613344721496105 0.0696280896663666 0.0866181552410126 0.107683047652245 0.170860752463341 0.345937669277191 0.580738723278046 0.701587796211243 0.731409788131714 0.843239307403564 0.870332479476929 0.854231357574463 0.826730608940125 0.929697513580322 0.86864048242569 0.782048285007477
-3.4e+38 -3.4e+38 -3.4e+38 -3.4e+38 0.306675255298615 0.420205295085907 0.533358752727509 0.617642104625702 0.693625450134277 0.826672077178955 0.859729886054993 0.704480886459351 0.562121272087097 0.706080913543701 0.87684291601181 0.835751950740814 0.894757449626923 0.934414267539978 0.730129539966583 0.231589078903198 0.12988044321537 0.0618074163794518 0.0415970198810101 0.0345534943044186 0.0342758409678936 0.0327959023416042 0.0358620658516884 0.0384175255894661 0.0507500916719437 0.0542483441531658 0.0637379214167595 0.0818327143788338 0.125867590308189 0.218056187033653 0.451118052005768 0.488353133201599 0.66042149066925 0.860209405422211 0.821385622024536 0.846303701400757 0.864562392234802 0.913412690162659 0.902016758918762 0.796668767929077
-3.4e+38 -3.4e+38 -3.4e+38 -3.4e+38 0.295571506023407 0.40726113319397 0.500366151332855 0.594935297966003 0.679691672325134 0.832239329814911 0.865349113941193 0.683468580245972 0.745449841022491 0.748750567436218 0.614410161972046 0.752559959888458 0.901405274868011 0.829212486743927 0.724648535251617 0.512056827545166 0.178521782159805 0.086919330060482 0.0377930961549282 0.0313949324190617 0.0280657652765512 0.0278201904147863 0.0283170025795698 0.0404223538935184 0.0721923187375069 0.0435397922992706 0.050144474953413 0.0598388947546482 0.0857015997171402 0.131665900349617 0.295375317335129 0.511402487754822 0.704240143299103 0.779522895812988 0.809486627578735 0.765073478221893 0.766378164291382 0.80880731344223 0.881025016307831 0.874566912651062
-3.4e+38 -3.4e+38 -3.4e+38 -3.4e+38 -3.4e+38 0.412476658821106 0.483858108520508 0.559006452560425 0.660175740718842 0.840828597545624 0.890284478664398 0.768212080001831 0.792360484600067 0.838964521884918 0.474268645048141 0.351544231176376 0.812905490398407 0.70609438419342 0.576446831226349 0.286452084779739 0.333740532398224 0.0880390852689743 0.0472283065319061 0.031254056841135 0.0283421389758587 0.0244185924530029 0.0245922692120075 0.025453045964241 0.0290558710694313 0.0349400527775288 0.0382227003574371 0.0471892319619656 0.0583172887563705 0.0888019055128098 0.185238644480705 0.420957893133163 0.61363685131073 0.697978019714355 0.656959533691406 0.664901375770569 0.753145635128021 0.8592689037323 0.861420154571533 0.855461418628693
