data/climate_estimation/maxent_output/Trillium_underwoodii.asc
NCOLS 127 
NROWS 107 
XLLCORNER -87.3333333333333 
YLLCORNER 30.1666666666667 
CELLSIZE 0.0833333333333333 
NODATA_value -3.4e+38 
[rows 0 to 19 of 107, columns 0 to 45 of 127]
0.010509478859603 0.0109996311366558 0.0115570155903697 0.0125154843553901 0.0130024692043662 0.0147001650184393 0.0155571978539228 0.0163461714982986 0.0178531035780907 0.0192037709057331 0.0190534759312868 0.0182444434612989 0.0194866191595793 0.0191909950226545 0.062869668006897 0.0619197934865952 0.0619118921458721 0.0628254935145378 0.0625544190406799 0.0603381954133511 0.0196641311049461 0.0195319950580597 0.0190371461212635 0.0176793169230223 0.0164162497967482 0.0156625397503376 0.0159079879522324 0.0164865013211966 0.0172253679484129 0.0187199376523495 0.0171915292739868 0.0151614844799042 0.0158124957233667 0.0154629964381456 0.0147115290164948 0.0151916816830635 0.0155375050380826 0.0155987637117505 0.0165734440088272 0.0140512976795435 0.0156138082966208 0.015835840255022 0.0162504632025957 0.0162615869194269 0.016173280775547 0.0161018576472998
0.013436877168715 0.0144984014332294 0.0149667765945196 0.014400951564312 0.0161509048193693 0.0174811016768217 0.0183407515287399 0.0202923528850079 0.0205518156290054 0.0215385630726814 0.0212632343173027 0.0190699473023415 0.0180032476782799 0.0456776916980743 0.0647491738200188 0.0658693462610245 0.0485262610018253 0.0657677575945854 0.0642502307891846 0.0572962760925293 0.018511651083827 0.0176742672920227 0.017196187749505 0.0159328673034906 0.016178285703063 0.0153590589761734 0.0166376158595085 0.0153208104893565 0.0150325428694487 0.0158975776284933 0.0167628489434719 0.0155546860769391 0.015658525750041 0.0150796715170145 0.0153122702613473 0.0151330567896366 0.0156089961528778 0.0140404123812914 0.0152100892737508 0.0145134320482612 0.0150009095668793 0.0149701852351427 0.0154460966587067 0.0165115762501955 0.0172967817634344 0.0164679400622845
0.0156900957226753 0.0165792088955641 0.0173807181417942 0.0174216330051422 0.0191909782588482 0.0205444097518921 0.0236670598387718 0.0231283344328403 0.0212507583200932 0.0215198919177055 0.0193445030599833 0.0194096937775612 0.0190890002995729 0.0655061900615692 0.053784217685461 0.0520957112312317 0.0727038085460663 0.0515133664011955 0.0482788570225239 0.0411047115921974 0.0404771938920021 0.0531567670404911 0.0388908907771111 0.0159346554428339 0.0160340964794159 0.0150251425802708 0.0143693154677749 0.0136636700481176 0.0145230907946825 0.0149558875709772 0.0158847849816084 0.0148279592394829 0.0140036512166262 0.0149222798645496 0.01545131765306 0.0141742490231991 0.0141028007492423 0.0141348959878087 0.0140144815668464 0.0146005898714066 0.0138676632195711 0.0153608452528715 0.0160645581781864 0.0158174727112055 0.0170862004160881 0.018106896430254
0.017934825271368 0.0184564609080553 0.0200482998043299 0.0224558059126139 0.0232683327049017 0.0250544119626284 0.0237602815032005 0.0235146004706621 0.0241553131490946 0.0207638945430517 0.0198771543800831 0.0200791656970978 0.0690080896019936 0.0742101743817329 0.0554031580686569 0.0774661898612976 0.054267056286335 0.0540640614926815 0.0538851171731949 0.0498747639358044 0.0439475290477276 0.0580969676375389 0.0579950995743275 0.0527545735239983 0.0401723086833954 0.0163737032562494 0.0165133792907 0.0158011969178915 0.0155027695000172 0.0158199295401573 0.0161589533090591 0.0152957011014223 0.0150207467377186 0.0142511688172817 0.0146571341902018 0.0146492784842849 0.0150710698217154 0.0145323751494288 0.0152139319106936 0.0167033281177282 0.0157052502036095 0.0162678174674511 0.0171717032790184 0.0172217059880495 0.0167191252112389 0.0180377271026373
0.0227830447256565 0.0238787904381752 0.023941446095705 0.0247803907841444 0.0252683386206627 0.0249511208385229 0.0257396660745144 0.022069051861763 0.0192105825990438 0.019123962149024 0.0179280620068312 0.0205245167016983 0.0659613162279129 0.069310836493969 0.0680783614516258 0.0758881121873856 0.0777194201946259 0.0542434602975845 0.0556604117155075 0.0532740466296673 0.0503715313971043 0.066152535378933 0.0631354749202728 0.0620718337595463 0.043114922940731 0.0410586707293987 0.0390476435422897 0.0169554483145475 0.0162496529519558 0.0164877139031887 0.0178084932267666 0.0164227206259966 0.0154933426529169 0.0147499013692141 0.0140102803707123 0.0138534503057599 0.0155462957918644 0.0145996520295739 0.015292533673346 0.0156106753274798 0.0155299752950668 0.0160607248544693 0.0183964874595404 0.0189980864524841 0.0181177109479904 0.0184758920222521
0.0245666727423668 0.0248283911496401 0.0242446046322584 0.0241934563964605 0.0256804898381233 0.024371761828661 0.0226168017834425 0.0199499409645796 0.0197954047471285 0.0176185220479965 0.0188133995980024 0.0626371577382088 0.066287100315094 0.0641854181885719 0.0684888809919357 0.0736147612333298 0.0715271607041359 0.0722409561276436 0.0578340366482735 0.0563664585351944 0.0748431459069252 0.0715841725468636 0.0710489749908447 0.0655136629939079 0.0467157140374184 0.0446644723415375 0.0479246340692043 0.0211713034659624 0.0184540171176195 0.0189979001879692 0.0177575461566448 0.0183038134127855 0.0162768792361021 0.0159251820296049 0.015548006631434 0.0147355599328876 0.0157659463584423 0.0152522008866072 0.0161013845354319 0.0170067064464092 0.015963900834322 0.0175216775387526 0.0181189347058535 0.0194062869995832 0.0210137162357569 0.0201394781470299
0.0250389538705349 0.0258464720100164 0.0240199379622936 0.0241239424794912 0.0233616437762976 0.0217090100049973 0.0197369754314423 0.0188812091946602 0.0173360854387283 0.0168211553245783 0.0624687634408474 0.062843531370163 0.067895881831646 0.0706098899245262 0.0768017321825027 0.076800100505352 0.076800100505352 0.0747896209359169 0.0849323719739914 0.0884378403425217 0.0876693278551102 0.0796896740794182 0.0833813399076462 0.0738311633467674 0.0552214160561562 0.047358863055706 0.0474882982671261 0.0224551260471344 0.0215331800282001 0.0197713971138 0.0204700529575348 0.0209009237587452 0.0188830234110355 0.0182307716459036 0.0175916105508804 0.0177389681339264 0.0161752700805664 0.0172783453017473 0.0172174964100122 0.0174971669912338 0.0184587985277176 0.0195156298577785 0.0198324825614691 0.0201293434947729 0.0203044842928648 0.0223019830882549
0.0270078796893358 0.0270149763673544 0.0246773809194565 0.0236389953643084 0.02151208370924 0.0208355579525232 0.0202529523521662 0.0172101799398661 0.0151586839929223 0.0182537212967873 0.0583155378699303 0.0630854293704033 0.0650064870715141 0.0700856074690819 0.0752855315804482 0.0824508592486382 0.0791257470846176 0.0843850299715996 0.0895885825157166 0.0908811166882515 0.0912709832191467 0.0858392715454102 0.0814134702086449 0.0814388543367386 0.0744414478540421 0.0527457967400551 0.052057646214962 0.0521986186504364 0.0274101682007313 0.0249373260885477 0.0208337251096964 0.0488351471722126 0.0456524640321732 0.0427067056298256 0.0409095212817192 0.018924031406641 0.018722353503108 0.0427029021084309 0.0196069777011871 0.0206144079566002 0.0476071201264858 0.0213524010032415 0.0466020219027996 0.043392539024353 0.0460111126303673 0.0504122003912926
0.025863129645586 0.0258272420614958 0.0226747039705515 0.0231886673718691 0.0205609165132046 0.0186086464673281 0.0178839843720198 0.016123803332448 0.0159171540290117 0.0174668151885271 0.0595396645367146 0.0604937635362148 0.0773177891969681 0.0731668099761009 0.0793130248785019 0.0824954360723495 0.0763158723711967 0.0784862115979195 0.0880061313509941 0.0993923917412758 0.0964497178792953 0.0917490422725677 0.0911781415343285 0.083194337785244 0.0833166763186455 0.0860928818583488 0.064934603869915 0.0601560585200787 0.0601560585200787 0.0659375414252281 0.0568274892866611 0.0517508126795292 0.0503339879214764 0.046944048255682 0.0471947230398655 0.0459738746285439 0.0461241044104099 0.0432889237999916 0.0471300035715103 0.0454219989478588 0.0519963949918747 0.057301439344883 0.0549746342003345 0.0554471164941788 0.0578645840287209 0.059339378029108
0.024653097614646 0.0239885598421097 0.0214845798909664 0.0219272449612617 0.0214451346546412 0.0188070647418499 0.0161266252398491 0.0151076493784785 0.0168706066906452 0.0179017819464207 0.0674378648400307 0.0658102035522461 0.0748546943068504 0.0771191567182541 0.079711377620697 0.0779182463884354 0.0803951472043991 0.0816212296485901 0.0851374715566635 0.0940270498394966 0.0957324057817459 0.10264515131712 0.0957928374409676 0.0942968353629112 0.0926251411437988 0.102276884019375 0.0903940498828888 0.0662400871515274 0.0689830854535103 0.0677518174052238 0.0631633549928665 0.0559541136026382 0.0515747405588627 0.0501829460263252 0.0475285798311234 0.0484859570860863 0.048908069729805 0.049932923167944 0.0524749830365181 0.053629707545042 0.0539854019880295 0.0644289031624794 0.0679910480976105 0.0706698372960091 0.0756290480494499 0.0680654048919678
0.0214920807629824 0.0214962493628263 0.0209038183093071 0.0206679608672857 0.0180732328444719 0.0181435588747263 0.0190136935561895 0.0183588676154613 0.0185446497052908 0.0589003674685955 0.0689305141568184 0.0730596259236336 0.0756413117051125 0.0771320834755898 0.0801452919840813 0.0789839923381805 0.0768728405237198 0.0831451788544655 0.0823803916573524 0.0889792963862419 0.103015303611755 0.101932235062122 0.0959405899047852 0.0984896197915077 0.108500942587852 0.107083797454834 0.101854026317596 0.096093162894249 0.0736299604177475 0.0681644231081009 0.064114548265934 0.0597004406154156 0.0558425709605217 0.0525724701583385 0.0514794439077377 0.0488369688391685 0.0527535267174244 0.054704412817955 0.0548019669950008 0.0616246052086353 0.0639839842915535 0.0655154436826706 0.0687410309910774 0.0838862732052803 0.0888634845614433 0.080955483019352
0.0686506107449532 0.0696225985884666 0.0220506060868502 0.0223781727254391 0.0218344703316689 0.0197132974863052 0.0211644042283297 0.0194259863346815 0.0205095428973436 0.0682584196329117 0.0694674700498581 0.0785697996616364 0.0807665586471558 0.0863102301955223 0.0803640559315681 0.0820352509617805 0.0814076140522957 0.0818658620119095 0.0879490524530411 0.0915530920028687 0.101376846432686 0.108037739992142 0.0998343080282211 0.106196388602257 0.107678696513176 0.105719730257988 0.101234562695026 0.0986325964331627 0.0775020569562912 0.0758161768317223 0.0648811087012291 0.0633812174201012 0.0621774159371853 0.060630526393652 0.054230771958828 0.0543679781258106 0.0583577491343021 0.0615842193365097 0.0647411048412323 0.0643709897994995 0.0712701752781868 0.0727596655488014 0.0806553810834885 0.0960792526602745 0.104296885430813 0.097815677523613
0.0778606757521629 0.0795222669839859 0.0741783753037453 0.0737187191843987 0.021917536854744 0.0221296586096287 0.0223433971405029 0.0661049708724022 0.066791370511055 0.0745451673865318 0.0787431597709656 0.0807648152112961 0.0840149074792862 0.0935564264655113 0.0896113589406013 0.0924398675560951 0.0902874544262886 0.0987480133771896 0.094446636736393 0.106733068823814 0.108919285237789 0.109724380075932 0.115853361785412 0.114464737474918 0.112331688404083 0.106564894318581 0.114377483725548 0.112117536365986 0.105352193117142 0.0765537396073341 0.0745590478181839 0.0701438337564468 0.0590160526335239 0.057791993021965 0.0577919483184814 0.0657617300748825 0.0665673315525055 0.0713166147470474 0.0775562077760696 0.0712701752781868 0.0761585831642151 0.0872448235750198 0.0924934521317482 0.0992218106985092 0.104456178843975 0.0977832525968552
0.0783852785825729 0.0812712907791138 0.0780384689569473 0.0783194005489349 0.0789675787091255 0.0771579146385193 0.0714834183454514 0.0714140981435776 0.0703770741820335 0.0781512334942818 0.0813812837004662 0.0772605985403061 0.0813309028744698 0.0969109609723091 0.0945563241839409 0.0918085053563118 0.0965408906340599 0.102928906679153 0.11673117429018 0.114335559308529 0.113829597830772 0.118963316082954 0.117030210793018 0.114793099462986 0.112131796777248 0.108054034411907 0.109752364456654 0.105399638414383 0.100579515099525 0.0757822692394257 0.0725051611661911 0.0750470235943794 0.0713944360613823 0.0661337375640869 0.071913942694664 0.0714925080537796 0.0768997594714165 0.0763582289218903 0.0828455612063408 0.0819459110498428 0.0889263525605202 0.101315870881081 0.096019834280014 0.0889764055609703 0.0928085073828697 0.0918872654438019
0.0965228229761124 0.0898759216070175 0.0821976810693741 0.0828747227787971 0.0816450268030167 0.0795129537582397 0.0804074704647064 0.073945514857769 0.0843863636255264 0.0857489407062531 0.0886116549372673 0.0834262669086456 0.0899537652730942 0.0929867103695869 0.100486770272255 0.101189844310284 0.0997759625315666 0.109360247850418 0.124793976545334 0.11919067800045 0.112462647259235 0.11980889737606 0.123341210186481 0.119009800255299 0.120007134974003 0.112853921949863 0.107658825814724 0.100989796221256 0.0989358574151993 0.102279879152775 0.0711318254470825 0.0695673599839211 0.0731592103838921 0.0767269656062126 0.0788212493062019 0.0818153992295265 0.0815596282482147 0.0860258713364601 0.0906970575451851 0.0948619320988655 0.102379903197289 0.102317899465561 0.0986050814390182 0.0975607335567474 0.0914684236049652 0.0938779935240746
0.0950737595558167 0.0967239439487457 0.0975643917918205 0.09256911277771 0.0904091596603394 0.0901099815964699 0.0858948528766632 0.0874726697802544 0.0859813988208771 0.0928472876548767 0.0885020568966866 0.0888803824782372 0.0947432741522789 0.10005259513855 0.0971328690648079 0.102474309504032 0.108931086957455 0.109188415110111 0.113420009613037 0.129828199744225 0.129774108529091 0.135926380753517 0.135863453149796 0.119245573878288 0.12482813000679 0.108206182718277 0.103566281497478 0.0968357995152473 0.101324707269669 0.0992868319153786 0.0920261070132256 0.0694426149129868 0.070914089679718 0.0791854932904243 0.0824044197797775 0.0861364454030991 0.0870348960161209 0.0872343331575394 0.0937898680567741 0.101166933774948 0.0958138257265091 0.0908300057053566 0.0921229794621468 0.0961484611034393 0.0910188257694244 0.095050148665905
0.102150186896324 0.0993049740791321 0.101894192397594 0.0963803082704544 0.0927766561508179 0.0931125655770302 0.0884255692362785 0.0879853665828705 0.0907063260674477 0.0943234711885452 0.100465774536133 0.103788308799267 0.0989514663815498 0.0925271436572075 0.104444585740566 0.099568784236908 0.105168841779232 0.113578796386719 0.108511030673981 0.118580535054207 0.130761712789536 0.134118765592575 0.13038133084774 0.123027980327606 0.111408144235611 0.110783077776432 0.108873300254345 0.106610395014286 0.0971051231026649 0.0956394597887993 0.0962902456521988 0.101802803575993 0.104970350861549 0.0851169601082802 0.0919322669506073 0.0936151966452599 0.0953995287418365 0.0929627567529678 0.0976838544011116 0.103512547910213 0.100441232323647 0.0919969528913498 0.096291109919548 0.0932699590921402 0.0982706546783447 0.0981587097048759
0.1043541431427 0.100371271371841 0.0997228175401688 0.105241395533085 0.10099645704031 0.0990666076540947 0.0952593386173248 0.0928743928670883 0.0980688408017159 0.106356903910637 0.113099165260792 0.103971980512142 0.107513532042503 0.101314686238766 0.0991731286048889 0.101708576083183 0.10896647721529 0.108133181929588 0.112030722200871 0.111485525965691 0.126109674572945 0.129652619361877 0.122613131999969 0.120482355356216 0.116136588156223 0.103413887321949 0.0992406234145164 0.0955496057868004 0.0965681597590446 0.0899039059877396 0.0841743126511574 0.0984945371747017 0.102371715009212 0.10777273774147 0.0875964686274529 0.0868974328041077 0.0978028401732445 0.0930655300617218 0.100053191184998 0.100443050265312 0.0958719477057457 0.100082896649837 0.102111369371414 0.0949454382061958 0.105385899543762 0.10087264329195
0.111108906567097 0.10991320759058 0.11554192006588 0.111884444952011 0.105470515787601 0.1048613935709 0.108654417097569 0.110665589570999 0.118111670017242 0.11341381072998 0.111553512513638 0.110813245177269 0.114037580788136 0.107834093272686 0.101576007902622 0.111795410513878 0.11185298115015 0.118626236915588 0.121187083423138 0.118677832186222 0.127523928880692 0.139913648366928 0.141040399670601 0.136011376976967 0.126423791050911 0.112385079264641 0.108616329729557 0.101942703127861 0.0958810076117516 0.0886663571000099 0.090934544801712 0.0946518555283546 0.0999211966991425 0.108225636184216 0.105057023465633 0.0833087489008904 0.0836024507880211 0.0840151011943817 0.0808870121836662 0.0855090171098709 0.0874433219432831 0.0862893387675285 0.10011150687933 0.0964154601097107 0.0970961377024651 0.0976578891277313
0.106156952679157 0.111772231757641 0.112578935921192 0.116704277694225 0.106280267238617 0.108262769877911 0.10651171207428 0.114577777683735 0.10781916230917 0.118235841393471 0.116747260093689 0.109360627830029 0.11875282227993 0.117981635034084 0.116583839058876 0.123642794787884 0.122177824378014 0.116521939635277 0.12487018853426 0.121390029788017 0.125053524971008 0.125053524971008 0.126411646604538 0.115253247320652 0.120406843721867 0.118212655186653 0.103201895952225 0.0965254157781601 0.0934907421469688 0.0891930311918259 0.0928250253200531 0.0894419699907303 0.0939729586243629 0.104988992214203 0.104951739311218 0.103629320859909 0.10301961004734 0.0956299677491188 0.0995149314403534 0.105225816369057 0.101160384714603 0.11564564704895 0.124962747097015 0.0967740565538406 0.102792158722878 0.0956354811787605
