data/climate_estimation/maxent_output/Trillium_vaseyi.asc
NCOLS 72 
NROWS 44 
XLLCORNER -85.25 
YLLCORNER 32.5 
CELLSIZE 0.0833333333333333 
NODATA_value -3.4e+38 
[rows 19 to 37 of 44, columns 0 to 43 of 72]
0.164402708411217 0.169279336929321 0.164341777563095 0.155585929751396 0.198555946350098 0.199365571141243 0.274624913930893 0.304543346166611 0.322113543748856 0.364761054515839 0.49430376291275 0.483417272567749 0.391993016004562 0.383959233760834 0.373512804508209 0.374433308839798 0.472238779067993 0.569364130496979 0.560680627822876 0.65025931596756 0.654337227344513 0.64559280872345 0.616042852401733 0.601259708404541 0.581573843955994 0.562086880207062 0.563965201377869 0.4602872133255 0.438178300857544 0.407474428415298 0.384913057088852 0.442942947149277 0.446812301874161 0.433232009410858 0.402779877185822 0.386051744222641 0.362748563289642 0.42503759264946 0.414207428693771 0.413604229688644 0.398018270730972 0.314675182104111 0.345451176166534 0.278202593326569
0.125654950737953 0.121844261884689 0.12271336466074 0.153309434652328 0.160118356347084 0.157734245061874 0.206217646598816 0.242285758256912 0.333485215902328 0.346824884414673 0.356084614992142 0.382325112819672 0.298064023256302 0.301323384046555 0.296625316143036 0.356100350618362 0.362467378377914 0.444258570671082 0.552571654319763 0.64201945066452 0.630702793598175 0.600702166557312 0.487778455018997 0.482243120670319 0.559032380580902 0.472445160150528 0.448598474264145 0.440765887498856 0.41549414396286 0.385690271854401 0.351207852363586 0.331565350294113 0.396353095769882 0.389734834432602 0.376043379306793 0.348987072706223 0.337053507566452 0.377701193094254 0.386480569839478 0.384392321109772 0.381621301174164 0.34587100148201 0.330328673124313 0.265965402126312
0.116291575133801 0.115617647767067 0.121754981577396 0.125158429145813 0.160597205162048 0.158453211188316 0.166312098503113 0.234273284673691 0.259433597326279 0.26020821928978 0.261592179536819 0.274527937173843 0.358660221099854 0.363367944955826 0.363817185163498 0.364646673202515 0.346324861049652 0.348657101392746 0.422706097364426 0.412468016147614 0.382044523954391 0.501134812831879 0.482407182455063 0.462918758392334 0.45221883058548 0.458646833896637 0.454472273588181 0.430833876132965 0.315734177827835 0.28190404176712 0.335402220487595 0.316934794187546 0.295884549617767 0.287378549575806 0.346624463796616 0.325240522623062 0.297595620155334 0.285758644342422 0.293404877185822 0.291733711957932 0.287856578826904 0.32609036564827 0.25257733464241 0.242323234677315
0.114139243960381 0.117266654968262 0.122432038187981 0.123957358300686 0.124933853745461 0.156957298517227 0.174717515707016 0.245419129729271 0.242196246981621 0.244532227516174 0.332579582929611 0.341113328933716 0.345743626356125 0.352271199226379 0.363188594579697 0.429910570383072 0.331286579370499 0.332331359386444 0.3830246925354 0.380415141582489 0.368728160858154 0.355300158262253 0.341946393251419 0.445934355258942 0.427546292543411 0.443943977355957 0.439577460289001 0.331736713647842 0.30007866024971 0.261416912078857 0.300986111164093 0.279063016176224 0.275189936161041 0.252461701631546 0.257647216320038 0.297640144824982 0.288972795009613 0.265606969594955 0.261304795742035 0.273443162441254 0.260021954774857 0.241045922040939 0.239097863435745 0.192547872662544
0.118732318282127 0.119138896465302 0.118061356246471 0.116700403392315 0.117789700627327 0.151230335235596 0.16292405128479 0.16946168243885 0.177285060286522 0.257155001163483 0.329556971788406 0.339046061038971 0.344109266996384 0.346000581979752 0.342201203107834 0.421232372522354 0.428013801574707 0.314095258712769 0.300584137439728 0.366177260875702 0.356004625558853 0.346891582012177 0.338190376758575 0.431356102228165 0.390233844518661 0.314781695604324 0.303198724985123 0.286816209554672 0.271734654903412 0.24727438390255 0.222942247986794 0.207580253481865 0.249290093779564 0.232673138380051 0.237864375114441 0.22010013461113 0.278114497661591 0.255872517824173 0.251016914844513 0.196412533521652 0.244597136974335 0.219184130430222 0.180171996355057 0.172733679413795
0.124626912176609 0.122384168207645 0.120657056570053 0.114788509905338 0.116223253309727 0.147581964731216 0.152410537004471 0.161268681287766 0.239046066999435 0.30428546667099 0.31666487455368 0.3281170129776 0.334882169961929 0.333412557840347 0.335068255662918 0.417853116989136 0.403545171022415 0.39493453502655 0.470021486282349 0.461629748344421 0.331791371107101 0.305682361125946 0.297470659017563 0.396180480718613 0.361445724964142 0.279191166162491 0.251145362854004 0.254082262516022 0.243932858109474 0.230175048112869 0.20628510415554 0.18865430355072 0.181212082505226 0.221864685416222 0.218405619263649 0.208578586578369 0.213517650961876 0.204126313328743 0.192356556653976 0.187659233808517 0.192774221301079 0.151502698659897 0.172499611973763 0.135756328701973
0.12434758991003 0.121826089918613 0.121184274554253 0.123955026268959 0.155286729335785 0.152476370334625 0.15580141544342 0.229539036750793 0.231125950813293 0.299052834510803 0.310307800769806 0.319148182868958 0.322512477636337 0.321004867553711 0.326902002096176 0.406621336936951 0.396832942962646 0.389252036809921 0.375245988368988 0.34340226650238 0.406547456979752 0.387446939945221 0.360073685646057 0.346058875322342 0.256695210933685 0.245528265833855 0.233101814985275 0.215343207120895 0.171164065599442 0.194085255265236 0.190563634037971 0.175921753048897 0.169684678316116 0.162779808044434 0.207631409168243 0.198857262730598 0.199131906032562 0.190869629383087 0.190221980214119 0.185664966702461 0.151601865887642 0.148149132728577 0.128510639071465 0.129943609237671
0.125082731246948 0.127010405063629 0.131493166089058 0.168616741895676 0.158348545432091 0.161601215600967 0.162606507539749 0.225076898932457 0.28397062420845 0.229753434658051 0.294349193572998 0.302908450365067 0.312201529741287 0.308884978294373 0.313380062580109 0.388611048460007 0.385722100734711 0.379181146621704 0.352630525827408 0.34293994307518 0.316476970911026 0.281121611595154 0.253354400396347 0.255422234535217 0.236642926931381 0.224455341696739 0.225799649953842 0.204261094331741 0.148506000638008 0.1427141726017 0.177937313914299 0.161182090640068 0.154945030808449 0.158502370119095 0.149917021393776 0.151904881000519 0.148795679211617 0.181219100952148 0.14116258919239 0.13828232884407 0.142759472131729 0.112372487783432 0.133803367614746 0.102910786867142
0.135251894593239 0.172408863902092 0.175137668848038 0.1729706376791 0.160720616579056 0.159353137016296 0.153578326106071 0.153385430574417 0.218361392617226 0.219054028391838 0.279607206583023 0.290581852197647 0.298752993345261 0.299971580505371 0.371903330087662 0.305032163858414 0.363633543252945 0.350280672311783 0.33064877986908 0.302514553070068 0.289075672626495 0.26481881737709 0.239437147974968 0.228446573019028 0.22401225566864 0.224677011370659 0.163310900330544 0.15358829498291 0.150225251913071 0.144992649555206 0.181972280144691 0.164094686508179 0.156483292579651 0.145574018359184 0.142844349145889 0.143867254257202 0.140909060835838 0.134173959493637 0.126748263835907 0.131592214107513 0.137487009167671 0.115222431719303 0.0931170433759689 0.109726138412952
0.138005986809731 0.176199406385422 0.17443123459816 0.169781938195229 0.16194212436676 0.156745553016663 0.155002012848854 0.147431164979935 0.143303960561752 0.207103878259659 0.257839411497116 0.275922119617462 0.283621698617935 0.283516019582748 0.282365411520004 0.279310643672943 0.270890682935715 0.259583622217178 0.310809403657913 0.284992218017578 0.21732023358345 0.24657678604126 0.235994160175323 0.163223817944527 0.172379851341248 0.170279860496521 0.160587713122368 0.149347603321075 0.150841653347015 0.183114722371101 0.167474776506424 0.160282805562019 0.159168750047684 0.145652800798416 0.14266374707222 0.13389778137207 0.132061704993248 0.126303777098656 0.132330730557442 0.13239049911499 0.112106204032898 0.115846388041973 0.0884631797671318 0.107468202710152
0.141545966267586 0.180675104260445 0.171446278691292 0.166589662432671 0.16393817961216 0.127966701984406 0.154473066329956 0.143047824501991 0.135061874985695 0.193744465708733 0.233908981084824 0.24090887606144 0.252995282411575 0.26091742515564 0.261043101549149 0.241295918822289 0.244324371218681 0.234113246202469 0.233671575784683 0.213472172617912 0.201747164130211 0.183291092514992 0.167984157800674 0.124894216656685 0.16122530400753 0.157882854342461 0.150937423110008 0.152229115366936 0.141954556107521 0.137040585279465 0.139552399516106 0.167765110731125 0.15899458527565 0.150747507810593 0.140262603759766 0.133250862360001 0.125500991940498 0.125236660242081 0.0982363522052765 0.0992816984653473 0.110778078436852 0.0855037420988083 0.0879108011722565 0.0791297033429146
0.138352364301682 0.136201873421669 0.132703885436058 0.168988242745399 0.162356987595558 0.118142247200012 0.115485221147537 0.141072869300842 0.198721066117287 0.189845204353333 0.180845007300377 0.183363318443298 0.232353121042252 0.234876960515976 0.23642972111702 0.226580679416656 0.181735426187515 0.21794655919075 0.220522925257683 0.206704005599022 0.186658427119255 0.135730519890785 0.127496466040611 0.121836692094803 0.118999019265175 0.128515988588333 0.12289684265852 0.114182144403458 0.111453212797642 0.134142801165581 0.132900327444077 0.129377856850624 0.155713677406311 0.147306397557259 0.149842008948326 0.138677328824997 0.0978368818759918 0.0970296487212181 0.0913147181272507 0.0989449471235275 0.0810286998748779 0.0791858807206154 0.0784125477075577 0.0832361802458763
0.134861007332802 0.132742270827293 0.13701157271862 0.130315244197845 0.123391710221767 0.116675898432732 0.119532562792301 0.149821624159813 0.205531105399132 0.19046051800251 0.186866566538811 0.184367567300797 0.176997140049934 0.178584635257721 0.176939606666565 0.17697711288929 0.170324712991714 0.169312730431557 0.162241920828819 0.15181028842926 0.144049346446991 0.136583834886551 0.125489577651024 0.114497408270836 0.0922567248344421 0.0937234312295914 0.0969917178153992 0.117591723799706 0.115443922579288 0.117161154747009 0.143238991498947 0.135825172066689 0.163498863577843 0.157814055681229 0.148310273885727 0.131829410791397 0.0991786420345306 0.0978672504425049 0.0869218111038208 0.0969525873661041 0.0708750113844872 0.0595037750899792 0.078327588737011 0.0829919129610062
0.106412313878536 0.135075628757477 0.126727998256683 0.121454894542694 0.117400839924812 0.118607506155968 0.119681991636753 0.210611641407013 0.207553774118423 0.194049686193466 0.187814146280289 0.192674368619919 0.190854653716087 0.182351768016815 0.174311831593513 0.164915189146996 0.15812811255455 0.158195689320564 0.155780866742134 0.142173632979393 0.133464828133583 0.101941801607609 0.123784378170967 0.0884400457143784 0.086303785443306 0.0874097496271133 0.0904283598065376 0.116396442055702 0.11128556728363 0.119644962251186 0.153839200735092 0.141764372587204 0.136018633842468 0.128992974758148 0.147337466478348 0.111019052565098 0.104877538979053 0.0993571877479553 0.0689105615019798 0.0606272965669632 0.053424995392561 0.0688693895936012 0.0745076164603233 0.0624260827898979
0.104545049369335 0.0996293798089027 0.0938943177461624 0.0949409082531929 0.119961321353912 0.1208371296525 0.118147343397141 0.168251916766167 0.16309155523777 0.159776672720909 0.153778314590454 0.15750852227211 0.188975185155869 0.181451246142387 0.136658370494843 0.129915401339531 0.121782571077347 0.120850682258606 0.115329667925835 0.104005493223667 0.103934943675995 0.094707652926445 0.096586562693119 0.0888447612524033 0.0847370252013206 0.081358015537262 0.0788292586803436 0.0858204141259193 0.110029250383377 0.106681495904922 0.110453099012375 0.139109298586845 0.126414030790329 0.115773610770702 0.111180134117603 0.10693534463644 0.101337969303131 0.0900990590453148 0.0654705688357353 0.0458792857825756 0.0478281453251839 0.0419238321483135 0.073800265789032 0.0596484243869781
0.0960970222949982 0.0726406648755074 0.0918092951178551 0.0910564586520195 0.0913769006729126 0.0948030278086662 0.116201139986515 0.168045729398727 0.166199386119843 0.1628348082304 0.158613696694374 0.15601359307766 0.146848067641258 0.140420436859131 0.139275223016739 0.132947012782097 0.119249284267426 0.113441735506058 0.112105116248131 0.102683506906033 0.0935967415571213 0.089285135269165 0.0868281573057175 0.0826683342456818 0.078903965651989 0.0766254812479019 0.0777586475014687 0.0801383852958679 0.0811553969979286 0.0982200130820274 0.101310878992081 0.0989827215671539 0.09726282954216 0.115184769034386 0.10478850454092 0.0958590358495712 0.0956441536545753 0.0685210675001144 0.0641867890954018 0.0475761108100414 0.0371453464031219 0.0506614223122597 0.0568780936300755 0.0484921708703041
0.0730323195457458 0.071214884519577 0.0707227438688278 0.0710660293698311 0.0897998213768005 0.0922579541802406 0.133707195520401 0.130297362804413 0.161868244409561 0.159512609243393 0.161603838205338 0.15959595143795 0.151834204792976 0.113010667264462 0.103846810758114 0.0987986698746681 0.0886217653751373 0.0839813575148582 0.0836490839719772 0.101807907223701 0.0931722745299339 0.0843825116753578 0.0768671482801437 0.0733218863606453 0.0741689652204514 0.0802692994475365 0.0779237151145935 0.0750830844044685 0.07741978764534 0.0739334672689438 0.0721388459205627 0.0695740431547165 0.0845242813229561 0.0834828391671181 0.0789486169815063 0.072318933904171 0.0654774457216263 0.0649373829364777 0.0525790564715862 0.0535493716597557 0.0429019406437874 0.053935568779707 0.0452524274587631 0.049988504499197
0.0549835152924061 0.0542256571352482 0.0689914599061012 0.0693264156579971 0.069719597697258 0.0896281152963638 0.130501002073288 0.129931181669235 0.126862198114395 0.127307236194611 0.159794747829437 0.157821536064148 0.117019295692444 0.106647536158562 0.101745150983334 0.091694250702858 0.0867754891514778 0.0794492959976196 0.0762192457914352 0.0761525332927704 0.0681546926498413 0.0802664682269096 0.0761949643492699 0.0733897909522057 0.0666635930538177 0.0724170356988907 0.0737353190779686 0.067245826125145 0.0715869516134262 0.069512851536274 0.0631635114550591 0.0618479959666729 0.0603692084550858 0.0721505209803581 0.0690149143338203 0.0666168481111526 0.066186212003231 0.0547230802476406 0.0570618584752083 0.0576570518314838 0.0470653958618641 0.0466987453401089 0.0465438514947891 0.0384383760392666
0.0526678487658501 0.053049124777317 0.0535281971096992 0.0682685226202011 0.0686817839741707 0.0676021724939346 0.0983613356947899 0.123856171965599 0.122470282018185 0.124072067439556 0.123547181487083 0.121037758886814 0.11166474968195 0.109880998730659 0.100178316235542 0.090891145169735 0.0658972561359406 0.0588358715176582 0.0685547143220901 0.0686347335577011 0.0665940418839455 0.0631476938724518 0.0571933314204216 0.0690715238451958 0.0516975894570351 0.0507085658609867 0.065121203660965 0.0491845682263374 0.0496625229716301 0.0644502341747284 0.0604387111961842 0.0561127290129662 0.0508229695260525 0.0492781363427639 0.0479836761951447 0.0521338768303394 0.0549215190112591 0.0565153174102306 0.0588929019868374 0.0462952107191086 0.0465763323009014 0.0380228459835052 0.038170088082552 0.0393065176904202
