data/climate_estimation/maxent_output/Trillium_kurabayashii.asc
NCOLS 62 
NROWS 110 
XLLCORNER -124.5 
YLLCORNER 36.5833333333333 
CELLSIZE 0.0833333333333334 
NODATA_value -3.4e+38 
[rows 0 to 19 of 110, columns 0 to 44 of 62]
-339999999999999996123846586046231871488.000000000000000 -3.4e+38 -3.4e+38 -3.4e+38 -3.4e+38 -3.4e+38 0.0470042526721954 0.0689540728926659 0.0736478045582771 0.0957713201642036 0.0828023999929428 0.100174210965633 0.0998819172382355 0.175216630101204 0.518263220787048 0.735379695892334 0.60406368970871 0.69318425655365 0.69944840669632 0.501567840576172 0.311570197343826 0.314206123352051 0.318249315023422 0.394208371639252 0.595765292644501 0.366081058979034 0.287291467189789 0.334937244653702 0.483831256628036 0.49240779876709 0.738703429698944 0.894080281257629 0.971460103988647 0.976547837257385 0.985631287097931 0.583191335201263 0.428508788347244 0.188188314437866 0.0867627412080765 0.0849783644080162 0.0915355011820793 0.0510744526982307 0.0341214239597321 0.0257008951157331 0.0190552789717913
-3.4e+38 -3.4e+38 -3.4e+38 -3.4e+38 -3.4e+38 -3.4e+38 0.0448793992400169 0.0479720123112202 0.0592006109654903 0.0626240074634552 0.0784302204847336 0.134880304336548 0.137630090117455 0.224842220544815 0.547427177429199 0.884327828884125 0.883663356304169 0.734919309616089 0.677127361297607 0.606087684631348 0.386111587285995 0.281505674123764 0.335583239793777 0.387528091669083 0.495700418949127 0.624070644378662 0.512125194072723 0.509941637516022 0.569774568080902 0.696984529495239 0.743757426738739 0.718121409416199 0.643108367919922 0.797279119491577 0.984320819377899 0.664241433143616 0.552276015281677 0.218264952301979 0.120320580899715 0.0398169048130512 0.0260740835219622 0.0227079521864653 0.0177192874252796 0.0142001509666443 0.0156160723417997
-3.4e+38 -3.4e+38 -3.4e+38 -3.4e+38 -3.4e+38 -3.4e+38 0.0442986935377121 0.0547620914876461 0.0676645562052727 0.088009312748909 0.15025494992733 0.181770727038383 0.113334245979786 0.139015659689903 0.404691785573959 0.847020208835602 0.839168310165405 0.651813685894012 0.437195241451263 0.366891920566559 0.548788785934448 0.407424479722977 0.351239949464798 0.340964168310165 0.350538015365601 0.478446811437607 0.698489785194397 0.57337498664856 0.45555454492569 0.465503633022308 0.587887585163116 0.643075048923492 0.698079168796539 0.907689809799194 0.977242767810822 0.933304727077484 0.852702558040619 0.323951631784439 0.110381774604321 0.0439443401992321 0.0256281495094299 0.0192908868193626 0.0165661033242941 0.0147726172581315 0.0156802199780941
-3.4e+38 -3.4e+38 -3.4e+38 -3.4e+38 -3.4e+38 -3.4e+38 0.0357515513896942 0.0522768869996071 0.0915667936205864 0.136794075369835 0.203298822045326 0.17602764070034 0.208249554038048 0.251771032810211 0.696664214134216 0.940595805644989 0.906242489814758 0.760794162750244 0.434393793344498 0.400979042053223 0.38229638338089 0.426580905914307 0.361251413822174 0.457318663597107 0.571381032466888 0.586836993694305 0.558301150798798 0.441988676786423 0.502673447132111 0.578630447387695 0.545647859573364 0.608235836029053 0.72350412607193 0.624473392963409 0.88922107219696 0.890947222709656 0.872948288917542 0.35976979136467 0.123868629336357 0.0425216853618622 0.0212131608277559 0.0199637990444899 0.0242447219789028 0.0168474279344082 0.0166046172380447
-3.4e+38 -3.4e+38 -3.4e+38 -3.4e+38 -3.4e+38 -3.4e+38 0.0356080569326878 0.0530615597963333 0.0941550731658936 0.0812169089913368 0.160542652010918 0.19550409913063 0.147343918681145 0.468349456787109 0.882368505001068 0.965123474597931 0.882828295230865 0.887349903583527 0.69247567653656 0.400327205657959 0.384848296642303 0.438050210475922 0.441792607307434 0.435509651899338 0.499488681554794 0.562401592731476 0.511787474155426 0.511480033397675 0.572872757911682 0.648415088653564 0.643602848052979 0.663606226444244 0.562381684780121 0.163115873932838 0.455894857645035 0.679657161235809 0.772369563579559 0.411728858947754 0.120808459818363 0.0571021065115929 0.0335845202207565 0.0256851557642221 0.0173655357211828 0.0123802796006203 0.0124688586220145
-3.4e+38 -3.4e+38 -3.4e+38 -3.4e+38 -3.4e+38 -3.4e+38 0.0427640937268734 0.0539465360343456 0.0933622419834137 0.158315107226372 0.184088706970215 0.188939481973648 0.168666258454323 0.453525900840759 0.901051700115204 0.870218753814697 0.774246990680695 0.703735768795013 0.413989305496216 0.482965081930161 0.381447643041611 0.359182834625244 0.417307376861572 0.567414462566376 0.636792480945587 0.601037919521332 0.562792122364044 0.502014517784119 0.517719149589539 0.434600740671158 0.653625130653381 0.66526460647583 0.578486680984497 0.578131079673767 0.631557643413544 0.622851252555847 0.799631476402283 0.226406306028366 0.0640638247132301 0.0389943830668926 0.0280179046094418 0.0160344708710909 0.0105387400835752 0.0111295692622662 0.0108243376016617
-3.4e+38 -3.4e+38 -3.4e+38 -3.4e+38 -3.4e+38 -3.4e+38 0.0539011359214783 0.0653912648558617 0.0795502886176109 0.111635342240334 0.208132073283195 0.28094220161438 0.434330224990845 0.730524778366089 0.9265998005867 0.812713265419006 0.652446806430817 0.49915599822998 0.416991382837296 0.377582013607025 0.382711738348007 0.358111470937729 0.456484586000443 0.548465549945831 0.601603150367737 0.541610181331635 0.478572875261307 0.54719489812851 0.522078812122345 0.430603981018066 0.446471691131592 0.620527565479279 0.62717992067337 0.686939239501953 0.824878036975861 0.805915594100952 0.399283111095428 0.110489577054977 0.0409769974648952 0.019971951842308 0.0127942087128758 0.0107060531154275 0.0104342484846711 0.00903656892478466 0.00775687349960208
-3.4e+38 -3.4e+38 -3.4e+38 -3.4e+38 -3.4e+38 -3.4e+38 0.0555937774479389 0.0796655938029289 0.107844188809395 0.182001084089279 0.32965749502182 0.603110313415527 0.780488550662994 0.925626575946808 0.935968279838562 0.842674493789673 0.773026585578918 0.532788097858429 0.423141896724701 0.401658773422241 0.400886595249176 0.401507973670959 0.474290430545807 0.656102061271667 0.603457689285278 0.423501640558243 0.297734469175339 0.345008909702301 0.519790709018707 0.546254932880402 0.444767266511917 0.495532512664795 0.656734943389893 0.712236523628235 0.81189489364624 0.639492273330688 0.288902372121811 0.0843219310045242 0.0353468805551529 0.0207578353583813 0.0122960740700364 0.00952654797583818 0.00947321206331253 0.00871196947991848 0.00731880636885762
-3.4e+38 -3.4e+38 -3.4e+38 -3.4e+38 -3.4e+38 0.0558235384523869 0.0676452368497849 0.0943397283554077 0.134480759501457 0.179643824696541 0.367126733064651 0.592527329921722 0.82585597038269 0.917878866195679 0.920482277870178 0.851600050926208 0.833796977996826 0.527152061462402 0.430386602878571 0.403337776660919 0.411145031452179 0.482721537351608 0.706240713596344 0.517879247665405 0.47042977809906 0.32830998301506 0.295825451612473 0.353330671787262 0.420391321182251 0.738719344139099 0.629862010478973 0.695339798927307 0.602626800537109 0.706563055515289 0.75827294588089 0.432416379451752 0.169334799051285 0.10335760563612 0.0523917712271214 0.0307199936360121 0.0128692202270031 0.013608573935926 0.0123026147484779 0.0108953695744276 0.00994192156940699
-3.4e+38 -3.4e+38 -3.4e+38 -3.4e+38 -3.4e+38 0.0919179543852806 0.0889682099223137 0.109677858650684 0.0919396877288818 0.112917199730873 0.133450329303741 0.24563293159008 0.427899807691574 0.807605683803558 0.956547617912292 0.825677514076233 0.814244568347931 0.52388870716095 0.490745961666107 0.412970662117004 0.555966138839722 0.680896162986755 0.49420639872551 0.395763695240021 0.363224595785141 0.371041864156723 0.339673578739166 0.354356586933136 0.468961358070374 0.631299793720245 0.472828269004822 0.702223896980286 0.586235165596008 0.635279595851898 0.610882818698883 0.282901853322983 0.107974663376808 0.0565930567681789 0.0419346280395985 0.0407618284225464 0.0150155890733004 0.00886946637183428 0.0118556600064039 0.0102718062698841 0.00929843261837959
-3.4e+38 -3.4e+38 -3.4e+38 -3.4e+38 -3.4e+38 0.119668088853359 0.128089517354965 0.131935685873032 0.146001815795898 0.17873015999794 0.155732557177544 0.33233317732811 0.645541191101074 0.884528696537018 0.962594926357269 0.79837429523468 0.814846456050873 0.694611668586731 0.561529338359833 0.546561539173126 0.626399159431458 0.663300931453705 0.366017431020737 0.301149070262909 0.272189021110535 0.323042064905167 0.383363276720047 0.396880120038986 0.365968197584152 0.457685947418213 0.509679615497589 0.606063663959503 0.509645640850067 0.564245522022247 0.593717753887177 0.193968892097473 0.0691202208399773 0.0315096490085125 0.0187276732176542 0.0105266207829118 0.00663908245041966 0.00525712594389915 0.0084105096757412 0.00717389630153775 0.00660418253391981
-3.4e+38 -3.4e+38 -3.4e+38 -3.4e+38 -3.4e+38 0.139210447669029 0.203817382454872 0.214483290910721 0.255559772253036 0.272428929805756 0.319927364587784 0.38771191239357 0.741412043571472 0.94629293680191 0.960191607475281 0.813701450824738 0.614171981811523 0.638135433197021 0.557204723358154 0.540996193885803 0.583647727966309 0.717424333095551 0.614111244678497 0.551738321781158 0.573571383953094 0.531384170055389 0.4424849152565 0.405718177556992 0.448440402746201 0.584485948085785 0.583447694778442 0.537723362445831 0.395303577184677 0.540938556194305 0.609923303127289 0.188915714621544 0.0620242245495319 0.0252981595695019 0.0101198507472873 0.00667955633252859 0.00551255326718092 0.00453525967895985 0.00475327298045158 0.00580470077693462 0.00604188349097967
-3.4e+38 -3.4e+38 -3.4e+38 -3.4e+38 -3.4e+38 0.212909653782845 0.267245590686798 0.341113567352295 0.403853565454483 0.519279003143311 0.505782067775726 0.650614321231842 0.913633286952972 0.919413030147552 0.962467610836029 0.751228272914886 0.626431345939636 0.532050371170044 0.465221166610718 0.487054377794266 0.620491504669189 0.739804744720459 0.595193684101105 0.541011691093445 0.507740557193756 0.476861596107483 0.491138130426407 0.612509906291962 0.690704822540283 0.606539785861969 0.551189839839935 0.512730062007904 0.303706407546997 0.53067821264267 0.445114970207214 0.118571363389492 0.0419728942215443 0.0160049702972174 0.00801197905093431 0.00554429506883025 0.00519256107509136 0.00448285462334752 0.00431002536788583 0.00634676031768322 0.00745859183371067
-3.4e+38 -3.4e+38 -3.4e+38 -3.4e+38 -3.4e+38 0.246828228235245 0.361240029335022 0.442496687173843 0.526811838150024 0.5946906208992 0.736387073993683 0.807040870189667 0.906200051307678 0.867717564105988 0.960947394371033 0.733449101448059 0.604143619537354 0.527668535709381 0.460164815187454 0.433275103569031 0.464607179164886 0.805087447166443 0.472893297672272 0.390290200710297 0.358596086502075 0.470682412385941 0.482450664043427 0.41784331202507 0.551932394504547 0.455455660820007 0.567154169082642 0.501880884170532 0.326822698116302 0.595802247524261 0.168205305933952 0.107708320021629 0.0263831280171871 0.0142719289287925 0.00730476854369044 0.0061735212802887 0.00436846492812037 0.00497974501922727 0.00601427024230361 0.00625202292576432 0.00812228117138147
-3.4e+38 -3.4e+38 -3.4e+38 -3.4e+38 -3.4e+38 0.328870624303818 0.363289356231689 0.383085519075394 0.529360473155975 0.666333436965942 0.684954166412354 0.635665714740753 0.921786606311798 0.860431611537933 0.766696751117706 0.663471698760986 0.581213057041168 0.509414732456207 0.51908665895462 0.47416478395462 0.509308397769928 0.765269696712494 0.525130450725555 0.490673750638962 0.496536582708359 0.515688180923462 0.520403861999512 0.500648140907288 0.477944493293762 0.48176297545433 0.523371934890747 0.442219972610474 0.461131989955902 0.356286287307739 0.129584193229675 0.0834312438964844 0.0209345407783985 0.011394115164876 0.00652805855497718 0.00507589802145958 0.00440265843644738 0.00520141655579209 0.00619957735762 0.00661354372277856 0.00953906774520874
-3.4e+38 -3.4e+38 -3.4e+38 -3.4e+38 -3.4e+38 0.380542993545532 0.412340998649597 0.336273699998856 0.462397754192352 0.482881367206573 0.613575339317322 0.634619414806366 0.885517537593842 0.831074893474579 0.751021206378937 0.632882833480835 0.564773201942444 0.538918733596802 0.64761871099472 0.822671234607697 0.540619075298309 0.819415211677551 0.645931541919708 0.654718279838562 0.664611041545868 0.562122762203217 0.503717422485352 0.424472033977509 0.461306035518646 0.456750065088272 0.504088699817657 0.389627903699875 0.515184760093689 0.15411514043808 0.0857662558555603 0.0616023391485214 0.0184997115284204 0.0081431632861495 0.00587095785886049 0.00503545999526978 0.00489883124828339 0.00477362703531981 0.00589806865900755 0.00627467641606927 0.00491225533187389
-3.4e+38 -3.4e+38 -3.4e+38 -3.4e+38 0.433723300695419 0.388403445482254 0.470923244953156 0.563827633857727 0.64367938041687 0.720793068408966 0.848289370536804 0.907858371734619 0.87957102060318 0.902385830879211 0.783160507678986 0.696321487426758 0.638033747673035 0.56504899263382 0.660462856292725 0.817043900489807 0.765236675739288 0.807740569114685 0.782405138015747 0.686447143554688 0.65525484085083 0.599329829216003 0.485450923442841 0.514989137649536 0.411852329969406 0.552342891693115 0.53612893819809 0.457738697528839 0.540645122528076 0.151255413889885 0.0611973665654659 0.0188652444630861 0.00995508767664433 0.00660285586491227 0.00558095751330256 0.00406922865658998 0.00405489047989249 0.00312313670292497 0.00311289797537029 0.00282481522299349 0.00326173030771315
-3.4e+38 -3.4e+38 -3.4e+38 -3.4e+38 0.430656999349594 0.391224533319473 0.532335817813873 0.625345349311829 0.760489463806152 0.785707592964172 0.806664705276489 0.706434786319733 0.918812096118927 0.949076950550079 0.854486167430878 0.746933043003082 0.722273349761963 0.674998939037323 0.892852604389191 0.795682370662689 0.840668737888336 0.735602736473083 0.643035113811493 0.606019556522369 0.494604468345642 0.546373248100281 0.473462909460068 0.553439259529114 0.493703901767731 0.606377422809601 0.571486473083496 0.465871095657349 0.523778855800629 0.265851229429245 0.0364508554339409 0.0109663531184196 0.00894363503903151 0.00621492881327868 0.00526087218895555 0.00389437307603657 0.00329372868873179 0.00303284008987248 0.00298043643124402 0.00279050087556243 0.00257974420674145
-3.4e+38 -3.4e+38 -3.4e+38 -3.4e+38 0.423730731010437 0.451075702905655 0.476675570011139 0.697548091411591 0.765812635421753 0.840415239334106 0.80433988571167 0.907360732555389 0.950697243213654 0.970756888389587 0.854291141033173 0.795808255672455 0.802915692329407 0.843694508075714 0.754479944705963 0.889182329177856 0.869119048118591 0.682216286659241 0.605900287628174 0.609324634075165 0.633701860904694 0.570694446563721 0.645392000675201 0.612647652626038 0.568489909172058 0.686773121356964 0.574206173419952 0.506276547908783 0.460482865571976 0.44579017162323 0.082304835319519 0.0210625287145376 0.00897052325308323 0.00690172845497727 0.00548834400251508 0.00390755571424961 0.00302606215700507 0.00320881837978959 0.00368197239004076 0.00247980887070298 0.00282650464214385
-3.4e+38 -3.4e+38 -3.4e+38 -3.4e+38 0.484304785728455 0.513245522975922 0.666175842285156 0.74796199798584 0.817571878433228 0.876369595527649 0.925572454929352 0.938610076904297 0.979915738105774 0.969189405441284 0.835469901561737 0.83447253704071 0.868904769420624 0.830715775489807 0.90330046415329 0.862430095672607 0.811602652072906 0.76629638671875 0.746062755584717 0.749171376228333 0.746012330055237 0.6965451836586 0.645578682422638 0.675091624259949 0.622072398662567 0.635379195213318 0.640060603618622 0.509862303733826 0.329878717660904 0.484151184558868 0.32502880692482 0.0651775151491165 0.0132660763338208 0.0079317968338728 0.00598754547536373 0.0048804203979671 0.0036449630279094 0.00325439148582518 0.00273155514150858 0.00270380522124469 0.0024951093364507
