data/climate_estimation/maxent_output/Trillium_viride.asc
NCOLS 80 
NROWS 101 
XLLCORNER -94.9166666666667 
YLLCORNER 33.75 
CELLSIZE 0.0833333333333334 
NODATA_value -3.4e+38 
[rows 20 to 39 of 101, columns 0 to 43 of 80]
0.0155541887506843 0.016056016087532 0.0199928190559149 0.02116340957582 0.0246662944555283 0.0325989276170731 0.0331381149590015 0.0373673625290394 0.0309992060065269 0.0332882031798363 0.0480442680418491 0.0425800308585167 0.0464015975594521 0.0615631677210331 0.053964838385582 0.0949298664927483 0.13571685552597 0.16372686624527 0.311168015003204 0.37250354886055 0.430682480335236 0.351742476224899 0.217505559325218 0.191269978880882 0.191097348928452 0.169314175844193 0.172781929373741 0.119886688888073 0.0924196094274521 0.081324502825737 0.108676686882973 0.11363297700882 0.148911088705063 0.165383666753769 0.214915081858635 0.282189100980759 0.305363148450851 0.388864636421204 0.463609367609024 0.434211790561676 0.426207453012466 0.376712620258331 0.349139213562012 0.308729887008667
0.0166412871330976 0.0182529799640179 0.0209944564849138 0.0222346186637878 0.0352733358740807 0.0352733358740807 0.0437647812068462 0.0439242571592331 0.0420577749609947 0.0385481081902981 0.0389373824000359 0.0456009246408939 0.0470629148185253 0.060118418186903 0.060665886849165 0.0807265788316727 0.134024187922478 0.257409065961838 0.452134162187576 0.56439471244812 0.695293426513672 0.663358986377716 0.528960287570953 0.404315173625946 0.302451133728027 0.276494354009628 0.215249627828598 0.125170335173607 0.102933011949062 0.0912016034126282 0.129689067602158 0.135121375322342 0.152613461017609 0.197934657335281 0.209571346640587 0.252744078636169 0.357124775648117 0.459503918886185 0.485325634479523 0.493667095899582 0.513554215431213 0.449335992336273 0.377479046583176 0.325009107589722
0.0171478446573019 0.0194499026983976 0.0211060121655464 0.026254964992404 0.03392144292593 0.0369687601923943 0.0521869212388992 0.0466522462666035 0.0413960330188274 0.0426872260868549 0.0558779127895832 0.0439619272947311 0.0440101660788059 0.0527598671615124 0.0617606528103352 0.103453204035759 0.162831351161003 0.327035695314407 0.569858193397522 0.755279242992401 0.918903648853302 0.965367376804352 0.861478507518768 0.641122579574585 0.482217401266098 0.343862801790237 0.254126787185669 0.16929928958416 0.116795688867569 0.0949949398636818 0.0962037220597267 0.125513479113579 0.169546589255333 0.186852991580963 0.241826742887497 0.322104454040527 0.336155652999878 0.409021854400635 0.489938080310822 0.541442334651947 0.575186967849731 0.538809418678284 0.346488237380981 0.39719432592392
0.0237230509519577 0.0218985788524151 0.0215821508318186 0.0313833467662334 0.0360059142112732 0.0457860603928566 0.057184886187315 0.0564927756786346 0.054050724953413 0.0561136119067669 0.0544597506523132 0.0413020737469196 0.0385231450200081 0.0507995039224625 0.0613890513777733 0.0956593081355095 0.167298540472984 0.392879217863083 0.651795506477356 0.873264014720917 0.992693364620209 0.997883915901184 0.978041410446167 0.799277245998383 0.595110237598419 0.405034571886063 0.30136913061142 0.145445123314857 0.109065197408199 0.109646938741207 0.114772334694862 0.149539232254028 0.169457763433456 0.204416319727898 0.231508910655975 0.298236519098282 0.393835663795471 0.42355677485466 0.490191072225571 0.536889016628265 0.609102666378021 0.645821630954742 0.410017371177673 0.404992431402206
0.0268678721040487 0.0246215183287859 0.0319386199116707 0.0287799462676048 0.0388576872646809 0.0434639267623425 0.0472086109220982 0.0525416843593121 0.0537111163139343 0.0569576174020767 0.0551925860345364 0.0447689443826675 0.045562993735075 0.059490904211998 0.056550782173872 0.09247075766325 0.187672227621078 0.411119878292084 0.659062385559082 0.864892482757568 0.991399824619293 0.997274816036224 0.985625863075256 0.870751857757568 0.616320192813873 0.403126209974289 0.30900627374649 0.143552407622337 0.0875880941748619 0.0877828672528267 0.136272072792053 0.163450911641121 0.187459036707878 0.241972982883453 0.262408554553986 0.270511865615845 0.357906430959702 0.459087163209915 0.490869730710983 0.500378847122192 0.616214990615845 0.613399982452393 0.507871747016907 0.442285776138306
0.0251938309520483 0.0263081081211567 0.0319570377469063 0.0315736718475819 0.0330876298248768 0.0407752469182014 0.0421371534466743 0.0470568500459194 0.0604255013167858 0.0605402551591396 0.0656389445066452 0.0597901865839958 0.0654923841357231 0.0565186105668545 0.058872502297163 0.102328337728977 0.203068196773529 0.40645495057106 0.603585362434387 0.8321133852005 0.96283370256424 0.973061859607697 0.927946090698242 0.865530490875244 0.641591787338257 0.46390637755394 0.314209640026093 0.196741983294487 0.116281732916832 0.110060185194016 0.141823977231979 0.16949650645256 0.232722252607346 0.233051851391792 0.29753190279007 0.314976930618286 0.343639403581619 0.428127110004425 0.540045261383057 0.564527630805969 0.652867436408997 0.645804584026337 0.548185884952545 0.438632130622864
0.025422556325793 0.0294171217828989 0.0277053285390139 0.0335139892995358 0.0416587851941586 0.0416249111294746 0.045005165040493 0.0468000657856464 0.0600471124053001 0.063792958855629 0.0672569945454597 0.0663631856441498 0.0600989498198032 0.0656287968158722 0.0733204558491707 0.138525262475014 0.212511509656906 0.362900704145432 0.575125694274902 0.666912496089935 0.815255224704742 0.840535700321198 0.805699229240417 0.732580959796906 0.537529587745667 0.436774343252182 0.388667553663254 0.248280823230743 0.181080624461174 0.157610490918159 0.186565816402435 0.219274580478668 0.220845401287079 0.285816043615341 0.295352518558502 0.307124823331833 0.390894889831543 0.478566646575928 0.541518926620483 0.655730783939362 0.671763956546783 0.710874915122986 0.49800044298172 0.435270011425018
0.0315623544156551 0.0296914856880903 0.0312294904142618 0.0384671874344349 0.0440824255347252 0.0398159362375736 0.0520349219441414 0.0571272931993008 0.0652647763490677 0.0566354356706142 0.0722198784351349 0.0802101790904999 0.106349781155586 0.0885844156146049 0.0989280343055725 0.111085668206215 0.174989700317383 0.304513573646545 0.462969273328781 0.569987773895264 0.639889895915985 0.667588233947754 0.666994869709015 0.623967707157135 0.50015264749527 0.402253657579422 0.354808002710342 0.293399959802628 0.230094462633133 0.182479187846184 0.226597219705582 0.260232150554657 0.255924850702286 0.299170732498169 0.370315134525299 0.471413612365723 0.480192989110947 0.522074043750763 0.616979539394379 0.632475733757019 0.674442112445831 0.713281869888306 0.604499876499176 0.500587224960327
0.0299331154674292 0.0321294143795967 0.0403862595558167 0.0422582365572453 0.0454970486462116 0.0427994914352894 0.0486853905022144 0.0572552382946014 0.0576704256236553 0.0703550726175308 0.0747999548912048 0.083218090236187 0.0841074734926224 0.101372949779034 0.114754498004913 0.126538470387459 0.150789424777031 0.248637989163399 0.350252866744995 0.422772914171219 0.524794340133667 0.509880840778351 0.486190617084503 0.512413322925568 0.454203814268112 0.371833056211472 0.393139183521271 0.316003829240799 0.254428327083588 0.21834060549736 0.23818227648735 0.257323652505875 0.311491757631302 0.410755783319473 0.479309409856796 0.517009556293488 0.595647633075714 0.654754400253296 0.770259082317352 0.72851550579071 0.672100901603699 0.646387040615082 0.634201407432556 0.524500906467438
0.034479383379221 0.030579935759306 0.042646948248148 0.0444956570863724 0.0474832877516747 0.0408161208033562 0.0462106764316559 0.0612582266330719 0.0617408491671085 0.0816593244671822 0.0967717096209526 0.0889363661408424 0.109369114041328 0.122703664004803 0.114597834646702 0.15060231089592 0.155149936676025 0.226444900035858 0.278018444776535 0.330985188484192 0.329589247703552 0.388450294733047 0.38698336482048 0.410638570785522 0.39652356505394 0.371319711208344 0.36829137802124 0.340321570634842 0.310946434736252 0.293840378522873 0.310988992452621 0.321982115507126 0.395197957754135 0.429646670818329 0.52388471364975 0.666660368442535 0.74169909954071 0.791299879550934 0.843729794025421 0.800392389297485 0.725136697292328 0.627487123012543 0.634537518024445 0.683246910572052
0.0270562414079905 0.0302238184958696 0.0420341826975346 0.05105871707201 0.0485316067934036 0.050986472517252 0.0646279975771904 0.0598076768219471 0.0718147233128548 0.086253248155117 0.091793529689312 0.0956080034375191 0.106608405709267 0.124072298407555 0.162747874855995 0.144410863518715 0.146663576364517 0.154555633664131 0.221778631210327 0.235679596662521 0.268872678279877 0.281769633293152 0.310419648885727 0.326604962348938 0.38769656419754 0.38769656419754 0.419190287590027 0.335397481918335 0.333202332258224 0.296124875545502 0.332704365253448 0.414621412754059 0.420740991830826 0.514034926891327 0.53924697637558 0.691453039646149 0.765162229537964 0.858524978160858 0.875182032585144 0.834681808948517 0.775210559368134 0.776574790477753 0.656732976436615 0.588754415512085
0.0258462391793728 0.0366005711257458 0.0443280972540379 0.0589333362877369 0.0616495311260223 0.0710545629262924 0.0611951090395451 0.0671822726726532 0.0695339366793633 0.0812337175011635 0.0953858494758606 0.099932461977005 0.133883774280548 0.153313130140305 0.149893164634705 0.159219086170197 0.199236437678337 0.211379677057266 0.232283145189285 0.224754944443703 0.21424925327301 0.229313418269157 0.221626624464989 0.316790699958801 0.328410118818283 0.459349811077118 0.42338365316391 0.330941766500473 0.350996136665344 0.307934790849686 0.325644701719284 0.399269461631775 0.453200370073318 0.536152362823486 0.634120404720306 0.677087008953094 0.791085660457611 0.856274247169495 0.875893115997314 0.885590136051178 0.82368403673172 0.696069717407227 0.701926708221436 0.673020541667938
0.0278033651411533 0.0393758006393909 0.0584254339337349 0.0704546123743057 0.0669210851192474 0.0651950240135193 0.070805124938488 0.0725355669856071 0.0775239393115044 0.102093659341335 0.112652957439423 0.135881960391998 0.129089385271072 0.173191279172897 0.188543424010277 0.183923006057739 0.221533924341202 0.290647029876709 0.259147167205811 0.270635902881622 0.237768828868866 0.185884743928909 0.229089990258217 0.294438481330872 0.415619403123856 0.426477581262589 0.417657643556595 0.353275060653687 0.342313885688782 0.311557948589325 0.374838471412659 0.406756520271301 0.417845010757446 0.509688019752502 0.628517031669617 0.679217457771301 0.788961052894592 0.863415241241455 0.887968361377716 0.851540803909302 0.803391396999359 0.784267067909241 0.693456709384918 0.634574949741364
0.0295874401926994 0.038623720407486 0.0561529248952866 0.0663443431258202 0.0809669867157936 0.0887860283255577 0.0991595983505249 0.105745874345303 0.0819579884409904 0.103287518024445 0.140798985958099 0.149992033839226 0.185228154063225 0.197171434760094 0.248300954699516 0.32142299413681 0.355628818273544 0.408389568328857 0.286910086870193 0.307528495788574 0.266727417707443 0.200736731290817 0.274921178817749 0.323072195053101 0.36352813243866 0.447484642267227 0.363892287015915 0.407417714595795 0.321250826120377 0.294710725545883 0.341815739870071 0.38779005408287 0.467113137245178 0.495949864387512 0.598003804683685 0.696618437767029 0.769997239112854 0.819737613201141 0.836389541625977 0.81771045923233 0.789742887020111 0.730293452739716 0.657364368438721 0.628936290740967
0.0447580218315125 0.052583571523428 0.0575815811753273 0.0683523118495941 0.0702245756983757 0.0894181579351425 0.0910258740186691 0.115738809108734 0.114588119089603 0.114036351442337 0.14003711938858 0.16723757982254 0.191765651106834 0.208326488733292 0.271936565637589 0.352521032094955 0.359872937202454 0.360335975885391 0.382344514131546 0.355965584516525 0.296453475952148 0.298319965600967 0.30906617641449 0.381427198648453 0.441546648740768 0.389800816774368 0.376419454813004 0.398799926042557 0.353720545768738 0.341815739870071 0.364301443099976 0.433405011892319 0.432362288236618 0.45899510383606 0.563017070293427 0.673472046852112 0.763945698738098 0.80873692035675 0.816544353961945 0.8512122631073 0.835800588130951 0.800036489963531 0.748133420944214 0.659333884716034
0.0520693175494671 0.070460133254528 0.0627018958330154 0.0786840915679932 0.077661469578743 0.101608105003834 0.100734077394009 0.118710927665234 0.146281406283379 0.144323855638504 0.15810064971447 0.181549534201622 0.196572363376617 0.204763501882553 0.251177549362183 0.275723844766617 0.309725821018219 0.319376140832901 0.402737468481064 0.382244259119034 0.381573408842087 0.341154158115387 0.345450848340988 0.375201225280762 0.405633509159088 0.348275184631348 0.393861651420593 0.418405950069427 0.404574781656265 0.393466293811798 0.432652980089188 0.432652980089188 0.434740751981735 0.479758083820343 0.579554498195648 0.684764206409454 0.721959590911865 0.803063869476318 0.832644701004028 0.880624055862427 0.807685613632202 0.767054677009583 0.725175797939301 0.763046383857727
0.0475507117807865 0.0568809695541859 0.0774197280406952 0.0669795796275139 0.0819681584835052 0.097663901746273 0.087934747338295 0.111040756106377 0.138222873210907 0.172806784510612 0.175636410713196 0.159263625741005 0.202920272946358 0.221884503960609 0.254696100950241 0.270933121442795 0.287247776985168 0.29595610499382 0.371261835098267 0.396410822868347 0.450215995311737 0.489980638027191 0.432184725999832 0.43374890089035 0.461292237043381 0.432497203350067 0.444549798965454 0.440667301416397 0.450426995754242 0.392642915248871 0.44514200091362 0.402311354875565 0.455024421215057 0.439744561910629 0.541355490684509 0.646039366722107 0.746240198612213 0.778293192386627 0.815631687641144 0.837553977966309 0.82142573595047 0.80878072977066 0.78687059879303 0.763222813606262
0.0606234595179558 0.0614663138985634 0.052699401974678 0.0538581386208534 0.0716546326875687 0.0769503861665726 0.0907726809382439 0.104574628174305 0.127677887678146 0.150132596492767 0.163570657372475 0.166879177093506 0.196271061897278 0.219672292470932 0.219358742237091 0.28623229265213 0.289892345666885 0.331752449274063 0.353957176208496 0.387834876775742 0.494116574525833 0.47704091668129 0.476491630077362 0.443151414394379 0.511645793914795 0.489782780408859 0.502379477024078 0.454703807830811 0.490667790174484 0.466456443071365 0.454811453819275 0.46806812286377 0.507552027702332 0.479787528514862 0.553884208202362 0.591378152370453 0.702961444854736 0.752167105674744 0.842710375785828 0.877977013587952 0.843697965145111 0.826117515563965 0.811810851097107 0.811642408370972
0.0418573394417763 0.0388250313699245 0.0428631342947483 0.0487194955348969 0.0603270344436169 0.0624275282025337 0.0769208297133446 0.0978908613324165 0.135631963610649 0.145583003759384 0.172383204102516 0.168364450335503 0.179951503872871 0.220300540328026 0.225510284304619 0.259612381458282 0.327965408563614 0.345394283533096 0.354357898235321 0.385475933551788 0.407757967710495 0.474743187427521 0.519279599189758 0.522136151790619 0.524106204509735 0.552755951881409 0.571700870990753 0.547975420951843 0.52820211648941 0.500538170337677 0.5168536901474 0.47350662946701 0.46965691447258 0.483730733394623 0.541386365890503 0.652913391590118 0.757506728172302 0.796930491924286 0.814595639705658 0.882602691650391 0.846148252487183 0.796807408332825 0.777283608913422 0.753422141075134
0.0402058213949203 0.0419252589344978 0.0418450012803078 0.0477131046354771 0.0405437797307968 0.0679664090275764 0.0910126119852066 0.11274853348732 0.121157050132751 0.148889943957329 0.142561316490173 0.183140888810158 0.241989150643349 0.221877872943878 0.270867675542831 0.281051605939865 0.280283361673355 0.270074933767319 0.309101462364197 0.321410268545151 0.385411083698273 0.397428005933762 0.532911658287048 0.461837291717529 0.509646475315094 0.529464602470398 0.526262104511261 0.522803843021393 0.506477117538452 0.531406044960022 0.515540540218353 0.496951371431351 0.447912663221359 0.523823201656342 0.51750922203064 0.640401244163513 0.740071296691895 0.811808288097382 0.790719330310822 0.88968825340271 0.834298551082611 0.759370267391205 0.707610011100769 0.672639071941376
