data/climate_estimation/maxent_output/Trillium_flexipes.asc
NCOLS 223 
NROWS 151 
XLLCORNER -94.25 
YLLCORNER 33.1666666666667 
CELLSIZE 0.0833333333333333 
NODATA_value -3.4e+38 
[rows 120 to 139 of 151, columns 88 to 131 of 223]
0.7193244099617 0.716303646564484 0.731625497341156 0.705655157566071 0.709508240222931 0.693732559680939 0.693087220191956 0.71436870098114 0.742364883422852 0.742487728595734 0.746568441390991 0.730101943016052 0.715234041213989 0.701606035232544 0.703302025794983 0.720347166061401 0.737262427806854 0.76374077796936 0.752683043479919 0.766250193119049 0.759746134281158 0.741754591464996 0.737693905830383 0.770795345306396 0.730052709579468 0.721383094787598 0.724015891551971 0.739365935325623 0.739106476306915 0.723599195480347 0.722550988197327 0.718034565448761 0.701866865158081 0.690366446971893 0.673746109008789 0.65776664018631 0.642597854137421 0.496424049139023 0.475159883499146 0.438819736242294 0.423910707235336 0.343442857265472 0.259196609258652 0.0146441701799631
0.702568590641022 0.685447216033936 0.697469055652618 0.694528818130493 0.686756491661072 0.698865115642548 0.729686915874481 0.738166272640228 0.740802705287933 0.75340610742569 0.740170180797577 0.729761123657227 0.715215146541595 0.729816854000092 0.712487101554871 0.782246768474579 0.772628366947174 0.782652318477631 0.775937080383301 0.765912771224976 0.730996012687683 0.729948878288269 0.771416783332825 0.7535719871521 0.715079426765442 0.708676636219025 0.724966406822205 0.718974649906158 0.731652200222015 0.718480050563812 0.711335599422455 0.703315317630768 0.681340277194977 0.663365364074707 0.655030190944672 0.635498285293579 0.614374995231628 0.4519062936306 0.424626082181931 0.114340722560883 0.074925422668457 0.0131677277386189 0.0135730812326074 0.0148278875276446
0.699203848838806 0.690095067024231 0.686170816421509 0.699673235416412 0.696485102176666 0.719627499580383 0.723746657371521 0.73339170217514 0.750963866710663 0.742965757846832 0.740403532981873 0.734442591667175 0.720821619033813 0.759590268135071 0.727901101112366 0.774318933486938 0.795511424541473 0.795027613639832 0.783798277378082 0.747841000556946 0.706030488014221 0.780262231826782 0.747008323669434 0.708219468593597 0.697974860668182 0.71281486749649 0.709000468254089 0.720755100250244 0.721492886543274 0.717975318431854 0.700688481330872 0.687515556812286 0.662740647792816 0.635469198226929 0.620120108127594 0.487587839365005 0.267952710390091 0.152172833681107 0.0712509825825691 0.0445900112390518 0.0301311425864697 0.0256506558507681 0.0436678491532803 0.189072638750076
0.725791156291962 0.705637097358704 0.70929479598999 0.719363391399384 0.717774868011475 0.720121264457703 0.720236957073212 0.727143049240112 0.741209030151367 0.743968188762665 0.747427701950073 0.747495055198669 0.785459756851196 0.817310154438019 0.804125666618347 0.787310242652893 0.80555647611618 0.798245668411255 0.762352526187897 0.701116144657135 0.781823396682739 0.753541886806488 0.702698349952698 0.685431122779846 0.700380861759186 0.712857902050018 0.709881782531738 0.718448758125305 0.708683490753174 0.69264155626297 0.68845546245575 0.66402804851532 0.650030016899109 0.615356385707855 0.591648638248444 0.461049824953079 0.432342737913132 0.402377009391785 0.389267593622208 0.256814301013947 0.36562716960907 0.3468277156353 0.355768740177155 0.334710568189621
0.739898681640625 0.730762422084808 0.740486204624176 0.73687332868576 0.741302788257599 0.73498660326004 0.745960414409637 0.744551956653595 0.749839127063751 0.737736642360687 0.746104061603546 0.741963088512421 0.800303637981415 0.824120402336121 0.822348237037659 0.814843356609344 0.811205446720123 0.802938222885132 0.703736782073975 0.775751531124115 0.771408796310425 0.718422591686249 0.686776101589203 0.698496699333191 0.689578831195831 0.697386503219604 0.697726964950562 0.702546715736389 0.691281139850616 0.69787609577179 0.678096413612366 0.649873375892639 0.626356303691864 0.587815165519714 0.128325566649437 0.121848493814468 0.417997717857361 0.323877990245819 0.300238877534866 0.359939277172089 0.376738220453262 0.291981726884842 0.0969055145978928 0.332943022251129
0.723008871078491 0.7318394780159 0.733156561851501 0.720532953739166 0.747029185295105 0.733334243297577 0.735090672969818 0.75372451543808 0.74209076166153 0.741474032402039 0.740273773670197 0.737444162368774 0.759540915489197 0.830038666725159 0.825041770935059 0.804835796356201 0.816252529621124 0.734216392040253 0.766616523265839 0.776339590549469 0.753826379776001 0.690689563751221 0.696354806423187 0.696157872676849 0.689712107181549 0.689443051815033 0.696201860904694 0.686302125453949 0.68421471118927 0.68391340970993 0.65884792804718 0.633265256881714 0.610757172107697 0.564730286598206 0.0686832517385483 0.0852712020277977 0.426818937063217 0.285751610994339 0.150182604789734 0.156770646572113 0.236296892166138 0.338229447603226 0.211950287222862 0.160470202565193
0.715821802616119 0.710914850234985 0.712015807628632 0.710872828960419 0.726950705051422 0.725829303264618 0.734837174415588 0.731924176216125 0.733329713344574 0.730449140071869 0.748646199703217 0.799085021018982 0.839216530323029 0.817504286766052 0.819722414016724 0.795744717121124 0.770359039306641 0.736796081066132 0.7979776263237 0.772962152957916 0.700293660163879 0.686977863311768 0.694696545600891 0.701903700828552 0.696150243282318 0.687186717987061 0.683820486068726 0.669801712036133 0.684861898422241 0.642347276210785 0.633594632148743 0.613831460475922 0.609840214252472 0.571335077285767 0.418374836444855 0.30526864528656 0.403485089540482 0.357164800167084 0.12798710167408 0.0873802751302719 0.0856723338365555 0.350733071565628 0.364585906267166 0.252828747034073
0.67815363407135 0.693235278129578 0.712721824645996 0.705552220344543 0.709111511707306 0.714721024036407 0.719312310218811 0.720268368721008 0.735227048397064 0.760854184627533 0.765155911445618 0.781191110610962 0.815180122852325 0.77189576625824 0.788063168525696 0.753454685211182 0.710914731025696 0.780276358127594 0.757851243019104 0.706591427326202 0.658347964286804 0.678224384784698 0.707189857959747 0.702846646308899 0.702474296092987 0.684690654277802 0.670540153980255 0.686531126499176 0.655434429645538 0.64666748046875 0.630461573600769 0.59476912021637 0.453071266412735 0.443928360939026 0.446075826883316 0.436221867799759 0.334022760391235 0.182201445102692 0.117282636463642 0.0803813859820366 0.105764463543892 0.343946158885956 0.363489359617233 0.29108464717865
0.679167330265045 0.717027902603149 0.725155234336853 0.730699956417084 0.723611831665039 0.723085105419159 0.72396183013916 0.721037924289703 0.745084345340729 0.780669152736664 0.785941123962402 0.766696870326996 0.777441024780273 0.769129991531372 0.736958801746368 0.694676339626312 0.720976114273071 0.747411787509918 0.718192100524902 0.650037348270416 0.648409247398376 0.699240267276764 0.704058051109314 0.705920457839966 0.697014153003693 0.685034453868866 0.669393956661224 0.668835699558258 0.681576490402222 0.639395534992218 0.597860217094421 0.601201772689819 0.592813491821289 0.432053983211517 0.431895285844803 0.422235399484634 0.410490155220032 0.399825602769852 0.360265105962753 0.182606250047684 0.0448383875191212 0.0971893891692162 0.48472985625267 0.118592098355293
0.716498911380768 0.71174430847168 0.725943863391876 0.710608065128326 0.691416203975677 0.702352166175842 0.718255579471588 0.761069238185883 0.747245132923126 0.741289258003235 0.768765032291412 0.73251861333847 0.737906873226166 0.715843915939331 0.678433895111084 0.753737509250641 0.746752917766571 0.71992027759552 0.72496622800827 0.683643043041229 0.672181785106659 0.696295738220215 0.707161247730255 0.701276540756226 0.688204169273376 0.676301777362823 0.690040946006775 0.683286607265472 0.654438257217407 0.636527299880981 0.598169147968292 0.592135906219482 0.591750681400299 0.439000189304352 0.433146864175797 0.414678543806076 0.401894271373749 0.384172409772873 0.488176882266998 0.267076671123505 0.271114826202393 0.349872142076492 0.495170056819916 0.292140543460846
0.708144187927246 0.698991239070892 0.713999092578888 0.700614035129547 0.687378525733948 0.69025069475174 0.715076565742493 0.74551248550415 0.693450510501862 0.757438004016876 0.753803074359894 0.693875670433044 0.667663395404816 0.66175365447998 0.716891646385193 0.74081826210022 0.734586834907532 0.747839033603668 0.728056669235229 0.692531287670135 0.699670433998108 0.712219059467316 0.708458662033081 0.699036836624146 0.677728950977325 0.665181934833527 0.694298982620239 0.656056582927704 0.505296945571899 0.636370480060577 0.614320576190948 0.580148220062256 0.591251850128174 0.558783113956451 0.428426712751389 0.410028070211411 0.511444866657257 0.255603551864624 0.457824885845184 0.293693065643311 0.505029141902924 0.501664042472839 0.530936419963837 0.395230323076248
0.685314416885376 0.688543856143951 0.70070093870163 0.687195241451263 0.676256537437439 0.659246146678925 0.685807228088379 0.709091484546661 0.697096109390259 0.728101491928101 0.633887529373169 0.607497572898865 0.586469948291779 0.68577629327774 0.72544252872467 0.734849452972412 0.710769593715668 0.761544108390808 0.693742871284485 0.69894140958786 0.703958332538605 0.706955254077911 0.706393837928772 0.691287696361542 0.656495988368988 0.65603643655777 0.678243100643158 0.688023805618286 0.673835039138794 0.654886305332184 0.638941943645477 0.60222977399826 0.585135281085968 0.551452100276947 0.504411399364471 0.429778069257736 0.395149677991867 0.326094835996628 0.275967001914978 0.516059935092926 0.518172323703766 0.525937914848328 0.391351997852325 0.385996788740158
0.644841015338898 0.662286996841431 0.662828862667084 0.634058237075806 0.693815410137177 0.649654388427734 0.655551671981812 0.672761023044586 0.674544513225555 0.591980397701263 0.548066914081573 0.531918406486511 0.664132297039032 0.693116724491119 0.722260653972626 0.720682919025421 0.69304484128952 0.720708847045898 0.705379664897919 0.69492107629776 0.70148491859436 0.711890757083893 0.713214457035065 0.680320918560028 0.658818602561951 0.647548496723175 0.682177722454071 0.683759808540344 0.665310800075531 0.639748871326447 0.625632703304291 0.602255344390869 0.583085477352142 0.552679836750031 0.509017050266266 0.37424224615097 0.492316067218781 0.51914656162262 0.394721180200577 0.398334890604019 0.391654551029205 0.401965796947479 0.374264270067215 0.374713391065598
0.617307782173157 0.610313653945923 0.566408395767212 0.579341173171997 0.654653668403625 0.590635538101196 0.66434371471405 0.565147280693054 0.591056287288666 0.552804172039032 0.477441161870956 0.64217346906662 0.675781905651093 0.688779890537262 0.702864229679108 0.666119396686554 0.722430050373077 0.71754664182663 0.689548373222351 0.681588351726532 0.689432144165039 0.691289246082306 0.696231544017792 0.653921961784363 0.661057651042938 0.640648543834686 0.634044289588928 0.661333680152893 0.662121832370758 0.656353831291199 0.633293986320496 0.634373486042023 0.506283700466156 0.581648349761963 0.582682549953461 0.567751467227936 0.406980156898499 0.399780660867691 0.383058935403824 0.381688833236694 0.386015146970749 0.384117722511292 0.376210123300552 0.34942951798439
0.609711289405823 0.60327285528183 0.579011797904968 0.61351877450943 0.603324055671692 0.552154898643494 0.526540637016296 0.592424333095551 0.621648550033569 0.519483923912048 0.611510932445526 0.657593667507172 0.659905135631561 0.65610271692276 0.646101415157318 0.6617591381073 0.703221261501312 0.686540842056274 0.637562453746796 0.649406909942627 0.668648779392242 0.683309018611908 0.666990220546722 0.632321119308472 0.632357954978943 0.622444927692413 0.620110809803009 0.645777225494385 0.635803818702698 0.651528775691986 0.639900028705597 0.629513442516327 0.611759305000305 0.593776762485504 0.561005830764771 0.554621338844299 0.404206156730652 0.399193316698074 0.390058845281601 0.38100528717041 0.389584481716156 0.387768566608429 0.356303930282593 0.359926462173462
0.613171458244324 0.615048706531525 0.586528718471527 0.67785108089447 0.660012245178223 0.586190402507782 0.580028533935547 0.585789382457733 0.54454094171524 0.586253821849823 0.637553036212921 0.644637644290924 0.649636745452881 0.624069571495056 0.627848982810974 0.670063972473145 0.639901995658875 0.600467324256897 0.579051196575165 0.623268008232117 0.63309508562088 0.603634059429169 0.61241352558136 0.604377090930939 0.627907872200012 0.611243546009064 0.615864157676697 0.648446023464203 0.64523583650589 0.641668498516083 0.637738108634949 0.63546085357666 0.614584803581238 0.588526666164398 0.563914954662323 0.5416339635849 0.542704045772552 0.529868423938751 0.381756663322449 0.375218272209167 0.372341483831406 0.355507045984268 0.349562227725983 0.350613623857498
0.609055817127228 0.66056352853775 0.63023978471756 0.578777968883514 0.650849044322968 0.640538513660431 0.595360338687897 0.503469109535217 0.582970678806305 0.60716050863266 0.625172674655914 0.640842378139496 0.637981414794922 0.619920253753662 0.642771124839783 0.61181902885437 0.568550884723663 0.577827870845795 0.583401381969452 0.600282490253448 0.567776799201965 0.561094880104065 0.592216730117798 0.598262548446655 0.610196530818939 0.604103922843933 0.62256383895874 0.6301309466362 0.647775828838348 0.640811443328857 0.627134084701538 0.608701407909393 0.446822077035904 0.429323434829712 0.411776512861252 0.400706797838211 0.529327213764191 0.525733709335327 0.518127143383026 0.517812728881836 0.506045341491699 0.364592492580414 0.349144965410233 0.320093393325806
0.64741587638855 0.645010411739349 0.631574988365173 0.624456763267517 0.622596859931946 0.604188859462738 0.516278386116028 0.582420766353607 0.60015207529068 0.596953690052032 0.61528879404068 0.605174839496613 0.584873378276825 0.627964079380035 0.586232721805573 0.525144457817078 0.501543462276459 0.58375471830368 0.581457793712616 0.567920029163361 0.54201203584671 0.556550323963165 0.570026636123657 0.57520467042923 0.572078943252563 0.591749548912048 0.62710303068161 0.633931994438171 0.632571220397949 0.625314295291901 0.453988909721375 0.444538444280624 0.433775275945663 0.418821662664413 0.422945290803909 0.400622367858887 0.525847613811493 0.532042741775513 0.501244187355042 0.500898659229279 0.496031135320663 0.461740225553513 0.448376059532166 0.321796447038651
0.600427329540253 0.568035244941711 0.572695076465607 0.583995759487152 0.565927088260651 0.545295536518097 0.557788252830505 0.581021726131439 0.587659776210785 0.607579112052917 0.607416331768036 0.550565600395203 0.593500852584839 0.588463723659515 0.481300503015518 0.469057589769363 0.45879715681076 0.469452172517776 0.462063759565353 0.508702397346497 0.531389534473419 0.543624639511108 0.531663417816162 0.53287798166275 0.550442576408386 0.559897482395172 0.603993773460388 0.626994729042053 0.621009051799774 0.465639799833298 0.459603160619736 0.443254500627518 0.436571627855301 0.424799799919128 0.408169239759445 0.380531787872314 0.382047951221466 0.508580029010773 0.498807519674301 0.480927020311356 0.480682879686356 0.471187680959702 0.445801258087158 0.320991605520248
0.528647541999817 0.511420786380768 0.497232854366302 0.518498003482819 0.531738519668579 0.530239641666412 0.530308842658997 0.569715559482574 0.582060277462006 0.591239333152771 0.535044431686401 0.550908863544464 0.541457056999207 0.453865587711334 0.450356096029282 0.436296373605728 0.453289598226547 0.458875805139542 0.456932187080383 0.523552179336548 0.534437239170074 0.524166464805603 0.533583462238312 0.517940044403076 0.520150303840637 0.556344449520111 0.585196495056152 0.604378581047058 0.451990902423859 0.447524666786194 0.450257927179337 0.433496296405792 0.421739429235458 0.410713106393814 0.406095087528229 0.385094463825226 0.363905638456345 0.357257574796677 0.333688318729401 0.322290629148483 0.442955911159515 0.439508348703384 0.441634446382523 0.303469091653824
