data/climate_estimation/maxent_output/Trillium_grandiflorum.asc
NCOLS 351 
NROWS 161 
XLLCORNER -93.0833333333333 
YLLCORNER 33.75 
CELLSIZE 0.0833333333333333 
NODATA_value -3.4e+38 
[rows 132 to 153 of 161, columns 98 to 146 of 351]
0.741627216339111 0.680004239082336 0.659090280532837 0.648036420345306 0.752733290195465 0.756267368793488 0.755424082279205 0.755049109458923 0.58062732219696 0.479004830121994 0.492033839225769 0.508797943592072 0.521177887916565 0.520943582057953 0.46436071395874 0.465484410524368 0.501187026500702 0.539584875106812 0.540774285793304 0.46597146987915 0.422915130853653 0.422591835260391 0.439298272132874 0.489107459783554 0.5217325091362 0.518878638744354 0.582053005695343 0.657901704311371 0.657612979412079 0.675023436546326 0.676254987716675 0.59099543094635 0.619450926780701 0.300841003656387 0.325621604919434 0.513619005680084 0.366210252046585 0.464547038078308 0.743350744247437 0.75317507982254 0.79606831073761 0.789403736591339 0.683723270893097 0.625850439071655 0.626473128795624 0.687541007995605 0.675130784511566 0.677915513515472 0.558372735977173
0.725136280059814 0.720631182193756 0.73051780462265 0.633709311485291 0.652637362480164 0.631395280361176 0.519566237926483 0.455822855234146 0.435541421175003 0.431253403425217 0.474384933710098 0.486287534236908 0.461732447147369 0.445231735706329 0.462267935276031 0.497015178203583 0.516007244586945 0.554257690906525 0.487921059131622 0.418587774038315 0.420870095491409 0.452500462532043 0.469108432531357 0.466529667377472 0.473347693681717 0.616431057453156 0.63318544626236 0.623098969459534 0.653934478759766 0.65446925163269 0.705913662910461 0.728818476200104 0.732186675071716 0.661459505558014 0.532122850418091 0.539728820323944 0.608222544193268 0.787680506706238 0.804768443107605 0.79647421836853 0.784367859363556 0.651326060295105 0.633117735385895 0.701586127281189 0.724526643753052 0.773245692253113 0.720146358013153 0.563145339488983 0.517755687236786
0.726778328418732 0.731139540672302 0.715428709983826 0.604999601840973 0.487127780914307 0.420397073030472 0.400361806154251 0.438818484544754 0.418449699878693 0.430464267730713 0.426097363233566 0.400998145341873 0.408030956983566 0.442657113075256 0.460608005523682 0.481715947389603 0.500144004821777 0.487749963998795 0.444967299699783 0.544559895992279 0.463988184928894 0.463424414396286 0.547038316726685 0.608214974403381 0.634134292602539 0.655015707015991 0.637834131717682 0.647329270839691 0.594667553901672 0.557457983493805 0.697575092315674 0.725620627403259 0.741216838359833 0.699002087116241 0.669890165328979 0.679346978664398 0.726165473461151 0.807641208171844 0.701695203781128 0.593129992485046 0.571099281311035 0.606217861175537 0.704598128795624 0.645375788211823 0.606214344501495 0.575102865695953 0.596827685832977 0.538388311862946 0.47573110461235
0.733449995517731 0.662493944168091 0.589278876781464 0.45602884888649 0.410085201263428 0.407398492097855 0.403178125619888 0.399993181228638 0.392546862363815 0.37472677230835 0.366866499185562 0.365091979503632 0.440518140792847 0.472253531217575 0.491452723741531 0.491993010044098 0.514813005924225 0.515994966030121 0.597190380096436 0.65898323059082 0.492009341716766 0.661971807479858 0.604878962039948 0.643279254436493 0.649701595306396 0.630535125732422 0.658260762691498 0.677998721599579 0.686732113361359 0.700872004032135 0.689808785915375 0.628514289855957 0.670222043991089 0.667839109897614 0.768364667892456 0.798055827617645 0.807337522506714 0.607536375522614 0.483047991991043 0.457069754600525 0.504283308982849 0.540684282779694 0.567000985145569 0.586340248584747 0.539714813232422 0.528838872909546 0.501752436161041 0.485148370265961 0.457299649715424
0.661972522735596 0.53240841627121 0.400311470031738 0.397236764431 0.409719586372375 0.390232503414154 0.402397572994232 0.381519764661789 0.357522547245026 0.349093824625015 0.3672034740448 0.363685250282288 0.393194407224655 0.519219696521759 0.644196212291718 0.599698126316071 0.571558117866516 0.610760748386383 0.638549387454987 0.64848530292511 0.673627138137817 0.667494475841522 0.670774221420288 0.659081816673279 0.661770880222321 0.669674575328827 0.652836382389069 0.646873354911804 0.68380069732666 0.727392256259918 0.456867098808289 0.27104389667511 0.563062131404877 0.743611991405487 0.767225205898285 0.81739330291748 0.592824816703796 0.490508645772934 0.442020982503891 0.437602877616882 0.457069754600525 0.454093903303146 0.478084862232208 0.496628373861313 0.497227817773819 0.473992466926575 0.48781019449234 0.455327153205872 0.457100242376328
0.512931227684021 0.367079377174377 0.367497980594635 0.416776180267334 0.416730731725693 0.391964763402939 0.388138145208359 0.382974714040756 0.374297827482224 0.410073548555374 0.40402626991272 0.414348721504211 0.528221845626831 0.580265402793884 0.696780025959015 0.704623103141785 0.693025410175323 0.719660460948944 0.704773545265198 0.415962725877762 0.27985605597496 0.607153415679932 0.683070540428162 0.674358904361725 0.681271255016327 0.687526285648346 0.673752665519714 0.668734133243561 0.715781033039093 0.705147862434387 0.43493264913559 0.326444774866104 0.689424693584442 0.808067739009857 0.619079053401947 0.582330584526062 0.516911447048187 0.493736535310745 0.467352360486984 0.545706868171692 0.54181045293808 0.522210240364075 0.495280802249908 0.496628373861313 0.474041700363159 0.451552450656891 0.447442412376404 0.443598687648773 0.439730793237686
0.361826062202454 0.330740302801132 0.366319805383682 0.411113709211349 0.461818009614944 0.436333835124969 0.435063809156418 0.409537643194199 0.382104843854904 0.393372237682343 0.456607490777969 0.633098363876343 0.697620630264282 0.72267609834671 0.716364681720734 0.708882033824921 0.691649079322815 0.341090142726898 0.412898063659668 0.432309865951538 0.360111027956009 0.68799102306366 0.717361927032471 0.705647170543671 0.70101124048233 0.713201522827148 0.711859166622162 0.71824699640274 0.721769452095032 0.754530966281891 0.775896012783051 0.767420291900635 0.796653091907501 0.671598255634308 0.663515448570251 0.631737530231476 0.548726499080658 0.669738054275513 0.8387411236763 0.697648167610168 0.522185623645782 0.519702970981598 0.474559605121613 0.432590454816818 0.448944449424744 0.486251473426819 0.446909010410309 0.421838521957397 0.423172831535339
0.301082283258438 0.334089666604996 0.393273025751114 0.414595276117325 0.447457820177078 0.459335476160049 0.433186203241348 0.409985721111298 0.382048398256302 0.408935189247131 0.534566164016724 0.685941100120544 0.72365665435791 0.725899577140808 0.692157328128815 0.601733446121216 0.49613881111145 0.551349461078644 0.690815031528473 0.740776479244232 0.555397570133209 0.365887224674225 0.727895677089691 0.729957640171051 0.728109240531921 0.740340769290924 0.733562052249908 0.758007168769836 0.756846725940704 0.767259120941162 0.771395564079285 0.792964994907379 0.835597574710846 0.771580576896667 0.652735531330109 0.575566530227661 0.588814318180084 0.631928145885468 0.645335078239441 0.594427704811096 0.497319102287292 0.500923693180084 0.47304579615593 0.426962584257126 0.443909168243408 0.466913640499115 0.42462095618248 0.388310432434082 0.405320018529892
0.316935330629349 0.352896153926849 0.379901230335236 0.39651757478714 0.396320790052414 0.386162370443344 0.418624728918076 0.411307811737061 0.438602179288864 0.595486521720886 0.750601708889008 0.711258351802826 0.738666474819183 0.735450863838196 0.736323237419128 0.74827629327774 0.753727555274963 0.755971193313599 0.75210028886795 0.78053081035614 0.662473261356354 0.367406100034714 0.703603386878967 0.714258253574371 0.736805856227875 0.731492221355438 0.77429860830307 0.826071381568909 0.781633913516998 0.778017342090607 0.776147127151489 0.83633291721344 0.751544713973999 0.506316483020782 0.489183485507965 0.44876953959465 0.44493505358696 0.583752453327179 0.472245365381241 0.45147830247879 0.443373471498489 0.475430488586426 0.450157016515732 0.42446431517601 0.443619459867477 0.405536770820618 0.386505663394928 0.387994199991226 0.368665754795074
0.32252162694931 0.356136590242386 0.361148506402969 0.361881911754608 0.360172271728516 0.42613497376442 0.420234143733978 0.430008918046951 0.605676412582397 0.757349014282227 0.729458332061768 0.727703452110291 0.74571830034256 0.755329549312592 0.766084969043732 0.770496129989624 0.736562490463257 0.795854985713959 0.765567779541016 0.79802006483078 0.79841136932373 0.735701143741608 0.298884391784668 0.307135552167892 0.272461324930191 0.530410468578339 0.715059876441956 0.831161856651306 0.840740203857422 0.851094126701355 0.849635124206543 0.841695368289948 0.536882042884827 0.45612832903862 0.41347599029541 0.448463916778564 0.422733724117279 0.456999719142914 0.449777513742447 0.45097142457962 0.425510406494141 0.456193655729294 0.447908222675323 0.427649617195129 0.404154896736145 0.389782071113586 0.366296380758286 0.349247187376022 0.368401974439621
0.338874340057373 0.338835120201111 0.342621594667435 0.343167841434479 0.390993922948837 0.58787077665329 0.540036678314209 0.651410698890686 0.764114201068878 0.764521837234497 0.658605515956879 0.713615834712982 0.749274075031281 0.773380875587463 0.75929468870163 0.774852156639099 0.798256099224091 0.806162118911743 0.815143227577209 0.792953670024872 0.833447635173798 0.84844046831131 0.669155836105347 0.312572211027145 0.386802434921265 0.784100770950317 0.807811260223389 0.797896802425385 0.791160404682159 0.858336806297302 0.848319947719574 0.79273796081543 0.613223791122437 0.44594544172287 0.396300047636032 0.413226276636124 0.422390431165695 0.397794216871262 0.410778015851974 0.428488612174988 0.42451474070549 0.416462600231171 0.452229648828506 0.427368313074112 0.366767883300781 0.349145621061325 0.332811295986176 0.348266899585724 0.343890786170959
0.340628623962402 0.357500404119492 0.340820789337158 0.340778529644012 0.551095008850098 0.451191425323486 0.596778452396393 0.653678417205811 0.766062378883362 0.764035880565643 0.781486988067627 0.766207456588745 0.763831079006195 0.767214179039001 0.758669078350067 0.756953775882721 0.749528348445892 0.820838391780853 0.824265956878662 0.8370281457901 0.651859641075134 0.694028496742249 0.713890910148621 0.667727112770081 0.824741184711456 0.854697823524475 0.850848436355591 0.773277342319489 0.751961231231689 0.823311388492584 0.810652554035187 0.748774528503418 0.479211896657944 0.427893340587616 0.415710896253586 0.408608675003052 0.384877681732178 0.401702165603638 0.415112197399139 0.394154697656631 0.406759947538376 0.416780680418015 0.451753258705139 0.425805866718292 0.370522171258926 0.348431974649429 0.314619034528732 0.314816623926163 0.329525530338287
0.360668003559113 0.382656037807465 0.365619391202927 0.497410953044891 0.494631320238113 0.665792942047119 0.68788754940033 0.634862422943115 0.65041595697403 0.662085592746735 0.708285927772522 0.711602091789246 0.79485559463501 0.783856451511383 0.754779279232025 0.747704446315765 0.77046811580658 0.818928360939026 0.83782947063446 0.816242277622223 0.572210967540741 0.675262987613678 0.650382816791534 0.755268037319183 0.876880049705505 0.883267760276794 0.795047879219055 0.800410807132721 0.767281234264374 0.669155895709991 0.683834731578827 0.608633458614349 0.449077904224396 0.403191119432449 0.416826188564301 0.388467907905579 0.405857086181641 0.436064541339874 0.414892762899399 0.389949947595596 0.385599493980408 0.394967138767242 0.390976339578629 0.391856968402863 0.33509236574173 0.315132260322571 0.296047985553741 0.293861091136932 0.280904412269592
0.343571126461029 0.368677109479904 0.385676443576813 0.499600440263748 0.730280041694641 0.652607381343842 0.625541865825653 0.774092614650726 0.723876178264618 0.665188431739807 0.700697362422943 0.704055428504944 0.7736696600914 0.77764093875885 0.812279284000397 0.784032464027405 0.612859070301056 0.745078325271606 0.837706089019775 0.764241993427277 0.713800132274628 0.796616971492767 0.812868058681488 0.899350225925446 0.889392018318176 0.888881087303162 0.800583839416504 0.583164095878601 0.541135191917419 0.541608452796936 0.48223140835762 0.450676202774048 0.42163297533989 0.417501628398895 0.390363931655884 0.397872090339661 0.377898037433624 0.394668906927109 0.369872540235519 0.389478415250778 0.362160533666611 0.340265542268753 0.35618731379509 0.352418959140778 0.3346107006073 0.315132260322571 0.298865735530853 0.279672116041183 0.264159768819809
0.352573812007904 0.350843876600266 0.487798690795898 0.62743866443634 0.795526146888733 0.701036334037781 0.629551768302917 0.682000339031219 0.717633724212646 0.710467994213104 0.770252346992493 0.780231356620789 0.779965698719025 0.793316841125488 0.820264518260956 0.797234773635864 0.80394446849823 0.82668936252594 0.851566851139069 0.837625563144684 0.907064855098724 0.907942414283752 0.891901552677155 0.672476291656494 0.595664322376251 0.640191495418549 0.586923241615295 0.583642423152924 0.48947662115097 0.481482744216919 0.469145596027374 0.397347182035446 0.369657635688782 0.347099959850311 0.33685228228569 0.329704433679581 0.32892382144928 0.332542359828949 0.317602902650833 0.317678272724152 0.314743220806122 0.293583452701569 0.305154174566269 0.319317907094955 0.320365399122238 0.286681175231934 0.285050004720688 0.265793949365616 0.265967071056366
0.335452407598495 0.349511235952377 0.568020582199097 0.797715127468109 0.786002635955811 0.794094443321228 0.707480311393738 0.672061264514923 0.725805222988129 0.781322419643402 0.777911722660065 0.782040655612946 0.81583958864212 0.807720243930817 0.811128199100494 0.808649837970734 0.818558812141418 0.846698999404907 0.861080825328827 0.855712056159973 0.874463617801666 0.879566192626953 0.623193979263306 0.55475240945816 0.476407319307327 0.517973780632019 0.486605018377304 0.506631195545197 0.440909117460251 0.400101393461227 0.38985687494278 0.343661427497864 0.322507947683334 0.305415242910385 0.282443761825562 0.292526632547379 0.294269025325775 0.314479172229767 0.313763320446014 0.299791634082794 0.296871781349182 0.2773457467556 0.291080176830292 0.275160074234009 0.288414806127548 0.270665794610977 0.270977318286896 0.266613394021988 0.247936829924583
0.315229028463364 0.32981613278389 0.547995805740356 0.732754230499268 0.731032133102417 0.754334032535553 0.752884566783905 0.795152485370636 0.79456615447998 0.795104086399078 0.794910132884979 0.817265689373016 0.80118989944458 0.797403991222382 0.807804346084595 0.828681230545044 0.824570298194885 0.856160819530487 0.836889863014221 0.78065025806427 0.789508163928986 0.719942271709442 0.583987593650818 0.493808150291443 0.423568099737167 0.463716328144073 0.438494205474854 0.435088068246841 0.386423617601395 0.334964036941528 0.299873858690262 0.30215585231781 0.275908589363098 0.288365453481674 0.272606641054153 0.269580096006393 0.284081488847733 0.28380274772644 0.270588874816895 0.296042859554291 0.280699491500854 0.235660150647163 0.247193276882172 0.274780571460724 0.287770390510559 0.253381431102753 0.239306807518005 0.24984484910965 0.24702262878418
0.289871573448181 0.327430367469788 0.506915986537933 0.70681220293045 0.637839019298553 0.635313034057617 0.778231978416443 0.803729176521301 0.80336332321167 0.805142939090729 0.803320050239563 0.816659152507782 0.813290119171143 0.808418691158295 0.782153904438019 0.786094546318054 0.821967661380768 0.832076251506805 0.701454401016235 0.641815662384033 0.533828973770142 0.515592515468597 0.479169517755508 0.440289914608002 0.375621467828751 0.357013821601868 0.354283303022385 0.35088238120079 0.340657323598862 0.313896805047989 0.283307045698166 0.272789418697357 0.288554906845093 0.275694161653519 0.259945094585419 0.259264230728149 0.258584856987 0.258617162704468 0.257971405982971 0.257906913757324 0.226607695221901 0.207364067435265 0.230865448713303 0.228872269392014 0.241071403026581 0.240756928920746 0.222192898392677 0.209172040224075 0.218338936567307
0.279523074626923 0.298069834709167 0.349832236766815 0.516293346881866 0.583960831165314 0.648013472557068 0.72536027431488 0.778484344482422 0.805166184902191 0.783933639526367 0.782635629177094 0.772210240364075 0.740189373493195 0.747714757919312 0.761383771896362 0.731519818305969 0.736483037471771 0.766878306865692 0.656020760536194 0.415878653526306 0.379232436418533 0.400738567113876 0.444629937410355 0.363019496202469 0.309585869312286 0.306369841098785 0.303835570812225 0.297615081071854 0.316490918397903 0.296653985977173 0.290671914815903 0.259576320648193 0.259190589189529 0.277426034212112 0.262172371149063 0.247050538659096 0.246428653597832 0.24543634057045 0.220562234520912 0.205157220363617 0.203129500150681 0.188107520341873 0.186797529459 0.205135494470596 0.226091414690018 0.208549797534943 0.196406662464142 0.1802918612957 0.188254922628403
0.272115468978882 0.271408915519714 0.363473773002625 0.468962043523788 0.513797640800476 0.647541463375092 0.782792091369629 0.781784772872925 0.718730449676514 0.681199431419373 0.605944335460663 0.60981673002243 0.632093846797943 0.732919752597809 0.687518298625946 0.713122427463531 0.746071577072144 0.700676321983337 0.494688600301743 0.433717161417007 0.39255166053772 0.339032262563705 0.354951649904251 0.300323754549026 0.266598731279373 0.246829569339752 0.255975633859634 0.272938400506973 0.276281505823135 0.276947826147079 0.262032955884933 0.247198894619942 0.235818773508072 0.249381616711617 0.249692991375923 0.249194949865341 0.234273061156273 0.208183452486992 0.195325642824173 0.180832356214523 0.170186400413513 0.168752565979958 0.170892223715782 0.179663881659508 0.188936188817024 0.177974373102188 0.163260012865067 0.168962672352791 0.15522675216198
0.263414531946182 0.258242130279541 0.310346275568008 0.436084985733032 0.572822213172913 0.599776148796082 0.622545480728149 0.705652475357056 0.594621479511261 0.578282296657562 0.535131990909576 0.52587479352951 0.56613677740097 0.617917776107788 0.621698260307312 0.653251230716705 0.587806224822998 0.44646880030632 0.350721955299377 0.347374260425568 0.350169718265533 0.330572962760925 0.294056922197342 0.278652042150497 0.246677786111832 0.242232620716095 0.236707434058189 0.236223459243774 0.254455417394638 0.25787627696991 0.245873332023621 0.23203033208847 0.221412494778633 0.221697136759758 0.234362408518791 0.223825871944427 0.220639452338219 0.195144563913345 0.183873221278191 0.161233246326447 0.157625421881676 0.145196512341499 0.150583609938622 0.158439576625824 0.157112523913383 0.145606264472008 0.137706056237221 0.133520618081093 0.147592797875404
0.282402127981186 0.268300712108612 0.303079754114151 0.409161031246185 0.515598177909851 0.499480754137039 0.482969671487808 0.524437069892883 0.506593286991119 0.49175637960434 0.472876161336899 0.471421360969543 0.499420434236526 0.501115739345551 0.529132127761841 0.489819675683975 0.38841986656189 0.402395337820053 0.347226083278656 0.298132061958313 0.292301803827286 0.309923440217972 0.307253181934357 0.272968530654907 0.21513731777668 0.200414657592773 0.222640573978424 0.221917241811752 0.211976408958435 0.211643248796463 0.240392863750458 0.217919126152992 0.196103364229202 0.19348531961441 0.19498947262764 0.185982823371887 0.184046417474747 0.172735720872879 0.152008771896362 0.149913683533669 0.13788428902626 0.141176626086235 0.14028987288475 0.137204796075821 0.130284383893013 0.130553781986237 0.120954118669033 0.133571073412895 0.154427379369736
