data/climate_estimation/maxent_output/Trillium_sulcatum.asc
NCOLS 108 
NROWS 70 
XLLCORNER -88.4166666666667 
YLLCORNER 32.4166666666667 
CELLSIZE 0.0833333333333333 
NODATA_value -3.4e+38 
[rows 40 to 59 of 70, columns 44 to 87 of 108]
0.952607870101929 0.958978712558746 0.943306565284729 0.960400462150574 0.942826271057129 0.934960424900055 0.92835146188736 0.939960598945618 0.934280753135681 0.918086409568787 0.937997341156006 0.934622883796692 0.908824682235718 0.926054656505585 0.917207956314087 0.940289795398712 0.95423811674118 0.96036297082901 0.986226439476013 0.986618399620056 0.952278852462769 0.943938076496124 0.9315105676651 0.94047212600708 0.931387543678284 0.941304922103882 0.928469598293304 0.89345771074295 0.900189936161041 0.865933537483215 0.822460532188416 0.794371366500854 0.728647470474243 0.718978881835938 0.712304651737213 0.783497512340546 0.766106247901917 0.749931156635284 0.691158652305603 0.639934897422791 0.642282426357269 0.570344865322113 0.583499133586884 0.546630322933197
0.941886842250824 0.959255576133728 0.954054236412048 0.943808734416962 0.93806266784668 0.948660731315613 0.943050444126129 0.919033169746399 0.903425276279449 0.929711103439331 0.894000649452209 0.900690853595734 0.928544342517853 0.918277859687805 0.921840846538544 0.954216539859772 0.966642558574677 0.967470109462738 0.967326462268829 0.959053874015808 0.950469255447388 0.933533728122711 0.880833387374878 0.92653101682663 0.919475734233856 0.917702257633209 0.871071696281433 0.823348522186279 0.735919833183289 0.768761157989502 0.729500889778137 0.763864099979401 0.73196679353714 0.706195652484894 0.715604782104492 0.706873059272766 0.680605113506317 0.69418203830719 0.654128134250641 0.523471295833588 0.534472227096558 0.572067677974701 0.576746463775635 0.478092283010483
0.934731304645538 0.960280179977417 0.948005437850952 0.939135909080505 0.913242042064667 0.94071239233017 0.930882692337036 0.913877487182617 0.90147203207016 0.921034812927246 0.883563995361328 0.882793784141541 0.907301247119904 0.904591619968414 0.931629478931427 0.932591378688812 0.93172550201416 0.924316167831421 0.908496737480164 0.901067554950714 0.888067245483398 0.88232409954071 0.857994258403778 0.8536656498909 0.853209376335144 0.846832513809204 0.805383026599884 0.798058390617371 0.694406747817993 0.720397114753723 0.730120003223419 0.746786773204803 0.70772385597229 0.699930250644684 0.68623822927475 0.68075966835022 0.666991472244263 0.651129961013794 0.530835688114166 0.432881712913513 0.463078171014786 0.446624308824539 0.467165768146515 0.453036695718765
0.814537286758423 0.895876824855804 0.904067635536194 0.908253610134125 0.939077973365784 0.920764982700348 0.911817193031311 0.887026250362396 0.893224000930786 0.889136672019958 0.877501130104065 0.866915583610535 0.903482139110565 0.907442688941956 0.910058677196503 0.944876849651337 0.929906845092773 0.81973534822464 0.793832182884216 0.811389029026031 0.879201114177704 0.807043194770813 0.77734375 0.768100798130035 0.771210908889771 0.759543359279633 0.785093486309052 0.766312897205353 0.744584321975708 0.683875560760498 0.67324286699295 0.745891153812408 0.71408224105835 0.674341320991516 0.666772663593292 0.654262363910675 0.554549515247345 0.508404493331909 0.493870764970779 0.415458619594574 0.404479414224625 0.412184447050095 0.431848853826523 0.355094999074936
0.818547904491425 0.879731059074402 0.88459050655365 0.905957698822021 0.914283573627472 0.914877116680145 0.872920155525208 0.874397099018097 0.844107568264008 0.836910843849182 0.820149183273315 0.870729148387909 0.865232348442078 0.908635377883911 0.912830650806427 0.906963706016541 0.845814049243927 0.827365636825562 0.806640863418579 0.776776254177094 0.792726695537567 0.715548574924469 0.69972163438797 0.650166869163513 0.63618940114975 0.69695657491684 0.714477062225342 0.716193974018097 0.687159419059753 0.656380116939545 0.635152637958527 0.688884198665619 0.686478495597839 0.680770635604858 0.641086399555206 0.545998454093933 0.497610002756119 0.424296796321869 0.39989510178566 0.38609254360199 0.33156743645668 0.335896044969559 0.341402500867844 0.317266553640366
0.688082873821259 0.827685117721558 0.896879851818085 0.894688963890076 0.894924342632294 0.889588892459869 0.821159243583679 0.796247482299805 0.771685659885406 0.811302244663239 0.815425395965576 0.86973375082016 0.850833594799042 0.89661979675293 0.887186288833618 0.831028938293457 0.723270356655121 0.721782326698303 0.778331816196442 0.719008088111877 0.708232462406158 0.703015327453613 0.654422640800476 0.627535164356232 0.579739332199097 0.562173187732697 0.637425661087036 0.652204394340515 0.634506702423096 0.600667774677277 0.587595999240875 0.622964859008789 0.636318862438202 0.631392002105713 0.608523547649384 0.495088756084442 0.470225930213928 0.381705462932587 0.357195168733597 0.294105380773544 0.284158229827881 0.288263469934464 0.281303942203522 0.231487244367599
0.619464337825775 0.80079060792923 0.841286599636078 0.828311562538147 0.810307204723358 0.806230068206787 0.779791533946991 0.758905589580536 0.739644408226013 0.727576494216919 0.797126293182373 0.788316071033478 0.847486793994904 0.824409365653992 0.769558906555176 0.753552436828613 0.714586198329926 0.679539382457733 0.682628035545349 0.705094337463379 0.712725698947906 0.683692038059235 0.544904053211212 0.493115991353989 0.54400247335434 0.523443937301636 0.509035706520081 0.499133437871933 0.594208061695099 0.554663717746735 0.518484175205231 0.494466543197632 0.496646404266357 0.491688638925552 0.481787800788879 0.444796323776245 0.364331007003784 0.344843685626984 0.289177387952805 0.268860250711441 0.253082394599915 0.220894172787666 0.20130155980587 0.201032251119614
0.657481908798218 0.82547515630722 0.814975082874298 0.807007074356079 0.771952509880066 0.766962170600891 0.763304591178894 0.747665286064148 0.751544177532196 0.794508635997772 0.784945726394653 0.778177976608276 0.781117856502533 0.756404995918274 0.731712281703949 0.694916427135468 0.689344942569733 0.668630659580231 0.668811082839966 0.692042768001556 0.685875952243805 0.576958656311035 0.511177122592926 0.436053454875946 0.49722346663475 0.45968171954155 0.480464547872543 0.436069011688232 0.457468420267105 0.497796624898911 0.488659083843231 0.450402498245239 0.430580019950867 0.454105764627457 0.424322336912155 0.339444369077682 0.323794811964035 0.274840414524078 0.257865160703659 0.202325001358986 0.190421268343925 0.195071399211884 0.147891789674759 0.159207403659821
0.565399944782257 0.632332444190979 0.672639608383179 0.690421760082245 0.769370079040527 0.764076292514801 0.755794405937195 0.7510866522789 0.713684976100922 0.749648034572601 0.746426701545715 0.719128370285034 0.669641613960266 0.717359304428101 0.707704305648804 0.698713719844818 0.675439536571503 0.665133714675903 0.611031889915466 0.54094386100769 0.516883432865143 0.487349063158035 0.46446630358696 0.425426334142685 0.378738403320312 0.363644897937775 0.416496455669403 0.39850640296936 0.416501104831696 0.380354464054108 0.460368305444717 0.435658365488052 0.40620231628418 0.330716550350189 0.381078839302063 0.29483488202095 0.243325009942055 0.237154722213745 0.207079365849495 0.197926416993141 0.162184536457062 0.140306368470192 0.139112204313278 0.120391756296158
0.493719756603241 0.556088864803314 0.589574456214905 0.697064757347107 0.734078645706177 0.731809914112091 0.725950717926025 0.704536020755768 0.6916823387146 0.749434530735016 0.688235104084015 0.648513495922089 0.68604040145874 0.666870713233948 0.674210548400879 0.669337213039398 0.665448665618896 0.631091952323914 0.579341769218445 0.483221411705017 0.422842592000961 0.426084280014038 0.417783141136169 0.386452406644821 0.336725324392319 0.3194220662117 0.311800062656403 0.378028303384781 0.384673327207565 0.356126666069031 0.371299892663956 0.354778915643692 0.321076184511185 0.308761954307556 0.310006856918335 0.250649124383926 0.229124635457993 0.180419370532036 0.176238089799881 0.14113986492157 0.138552650809288 0.119499430060387 0.119597062468529 0.0954642966389656
0.500826001167297 0.538569092750549 0.553362011909485 0.670453190803528 0.693162560462952 0.695205867290497 0.685099184513092 0.669821202754974 0.654278218746185 0.713504672050476 0.664391279220581 0.618607997894287 0.580431222915649 0.558667898178101 0.623213708400726 0.607407629489899 0.577740728855133 0.572434067726135 0.450650542974472 0.424863249063492 0.388682633638382 0.356508165597916 0.303043514490128 0.32477194070816 0.310803890228271 0.295277029275894 0.293910056352615 0.287787139415741 0.355188548564911 0.33631244301796 0.33431351184845 0.322080671787262 0.314503729343414 0.296765804290771 0.254192411899567 0.227987542748451 0.170142352581024 0.168956145644188 0.139246851205826 0.132472768425941 0.11517322063446 0.115067034959793 0.094623938202858 0.0771857351064682
0.517669081687927 0.509141087532043 0.595300436019897 0.51702606678009 0.613251864910126 0.616179168224335 0.635077476501465 0.614442348480225 0.605447888374329 0.676228225231171 0.636517107486725 0.608817517757416 0.552323579788208 0.535081744194031 0.511251091957092 0.470824211835861 0.44070491194725 0.450595110654831 0.427166342735291 0.383496165275574 0.382284909486771 0.344498485326767 0.255631387233734 0.247687265276909 0.296784847974777 0.273048460483551 0.264656543731689 0.279017835855484 0.265828460454941 0.267673015594482 0.257761597633362 0.296702325344086 0.24183090031147 0.232487887144089 0.229244321584702 0.186239331960678 0.175741896033287 0.136687099933624 0.140861317515373 0.124188348650932 0.127343028783798 0.0993897169828415 0.076044000685215 0.0630598217248917
0.459993541240692 0.46526363492012 0.459398329257965 0.450652569532394 0.542141735553741 0.556078553199768 0.569119155406952 0.555411458015442 0.63123893737793 0.543157994747162 0.566548466682434 0.546340048313141 0.522713303565979 0.467492550611496 0.464156597852707 0.439496397972107 0.403023898601532 0.376338750123978 0.386663794517517 0.381917208433151 0.289956271648407 0.260131895542145 0.253123462200165 0.246651455760002 0.298053473234177 0.269280016422272 0.263806581497192 0.250070571899414 0.248667061328888 0.247119471430779 0.23784776031971 0.228287100791931 0.212092027068138 0.218179494142532 0.221616372466087 0.197162672877312 0.158397987484932 0.145856484770775 0.120618619024754 0.115219786763191 0.0987042114138603 0.0970121473073959 0.0767229124903679 0.062929555773735
0.428713589906693 0.417704910039902 0.400062531232834 0.39186680316925 0.452323943376541 0.488925844430923 0.500725269317627 0.483114212751389 0.466413408517838 0.45248681306839 0.438830524682999 0.414426058530807 0.45688408613205 0.438016444444656 0.350834667682648 0.381807297468185 0.365012168884277 0.27579852938652 0.290797829627991 0.295802533626556 0.262604296207428 0.25331649184227 0.258811414241791 0.294357091188431 0.266475260257721 0.257038682699203 0.265162318944931 0.247484445571899 0.238231793045998 0.218886092305183 0.212602764368057 0.209893718361855 0.216241672635078 0.21073754131794 0.194387286901474 0.191232666373253 0.145024761557579 0.133072823286057 0.105099111795425 0.083055816590786 0.0917102321982384 0.0789538398385048 0.0813184678554535 0.0652864649891853
0.403164148330688 0.355454921722412 0.353812783956528 0.342738330364227 0.39553639292717 0.401904910802841 0.416948407888412 0.436684101819992 0.412846267223358 0.375520080327988 0.371945947408676 0.357641160488129 0.34734645485878 0.326148629188538 0.303176283836365 0.281456917524338 0.262680947780609 0.200637176632881 0.254708290100098 0.252922087907791 0.239306926727295 0.240010768175125 0.224752053618431 0.216367423534393 0.224026829004288 0.257763624191284 0.253848910331726 0.244742140173912 0.219603180885315 0.212881356477737 0.200081542134285 0.201980859041214 0.161265224218369 0.160549372434616 0.182487934827805 0.140891522169113 0.136043727397919 0.0940503180027008 0.100026480853558 0.0822156593203545 0.079543299973011 0.0657618492841721 0.0549895651638508 0.055344320833683
0.29087245464325 0.324742555618286 0.318080425262451 0.31087064743042 0.310599952936172 0.31832554936409 0.359326094388962 0.364143967628479 0.354101568460464 0.334455549716949 0.277071624994278 0.306526690721512 0.316628307104111 0.298124760389328 0.257039248943329 0.203012272715569 0.185290783643723 0.182167172431946 0.182751774787903 0.201283305883408 0.189350232481956 0.17432376742363 0.179076075553894 0.203208714723587 0.200029715895653 0.201475575566292 0.232129767537117 0.220693245530128 0.229773506522179 0.21413666009903 0.155522972345352 0.147087231278419 0.141496956348419 0.155066341161728 0.127807378768921 0.120229460299015 0.0986871048808098 0.0935119614005089 0.0722077861428261 0.0769002065062523 0.0611293166875839 0.0603194534778595 0.0461058765649796 0.046867847442627
0.289787650108337 0.332388550043106 0.313426107168198 0.289101034402847 0.291401594877243 0.293229997158051 0.28333780169487 0.272796660661697 0.256231039762497 0.255994826555252 0.241216048598289 0.23784938454628 0.228004053235054 0.213052868843079 0.194426387548447 0.182513177394867 0.16596332192421 0.157434478402138 0.138133063912392 0.144214332103729 0.145606249570847 0.172868981957436 0.173119574785233 0.175561740994453 0.207402750849724 0.197764113545418 0.228171810507774 0.233701974153519 0.213888019323349 0.192997232079506 0.152694210410118 0.147701025009155 0.127361580729485 0.140334218740463 0.104094423353672 0.0893643870949745 0.0942068323493004 0.0860919654369354 0.0668182894587517 0.0631670579314232 0.0508069470524788 0.0424038767814636 0.0411163456737995 0.0432444773614407
0.26546049118042 0.296133160591125 0.294323772192001 0.283922761678696 0.278834730386734 0.289087325334549 0.283079832792282 0.259405553340912 0.244908854365349 0.218657240271568 0.208689734339714 0.208290070295334 0.200034737586975 0.183332145214081 0.167671889066696 0.133065313100815 0.15664453804493 0.115218237042427 0.115949705243111 0.122845895588398 0.129784733057022 0.157925054430962 0.150567665696144 0.163710415363312 0.207203358411789 0.195554196834564 0.194329544901848 0.184574335813522 0.203752100467682 0.162259697914124 0.153930068016052 0.143964439630508 0.100356541574001 0.0853197574615479 0.0792038515210152 0.0777881592512131 0.0781908631324768 0.0619659312069416 0.0632992535829544 0.0477378368377686 0.0445909798145294 0.0353538207709789 0.0295279305428267 0.0309942103922367
0.245004698634148 0.224733486771584 0.221221730113029 0.220223501324654 0.220655754208565 0.231260865926743 0.265154242515564 0.243190571665764 0.183814182877541 0.174064725637436 0.155657216906548 0.154441475868225 0.149335041642189 0.130877941846848 0.13127326965332 0.111829668283463 0.120861187577248 0.112901248037815 0.106720343232155 0.101885177195072 0.102727241814137 0.114298455417156 0.143610343337059 0.138666689395905 0.15350416302681 0.176181361079216 0.168139010667801 0.156151115894318 0.152220189571381 0.15131838619709 0.143232703208923 0.122844144701958 0.0933648869395256 0.0632761418819427 0.0648196339607239 0.0564438328146935 0.073407806456089 0.0555700957775116 0.0458841919898987 0.0435003526508808 0.0351418778300285 0.0345598161220551 0.028857035562396 0.0288055762648582
0.221103817224503 0.221010103821754 0.211618632078171 0.211854010820389 0.205691769719124 0.21565568447113 0.195458218455315 0.180654123425484 0.172659203410149 0.162312790751457 0.143951520323753 0.134910151362419 0.133151367306709 0.122497230768204 0.109675526618958 0.103553988039494 0.100758589804173 0.0965892001986504 0.0899423286318779 0.0883678570389748 0.0934308171272278 0.0988726541399956 0.102137006819248 0.118588104844093 0.127575650811195 0.13049952685833 0.134745538234711 0.153479620814323 0.141557425260544 0.131444230675697 0.130760580301285 0.0985347926616669 0.0874900370836258 0.0650996118783951 0.047892052680254 0.0487721227109432 0.0512648075819016 0.0424897037446499 0.0423986427485943 0.0322623550891876 0.0315456166863441 0.0263659656047821 0.0275180228054523 0.0235838107764721
