data/climate_estimation/maxent_output/Trillium_sulcatum.asc
NCOLS 108 
NROWS 70 
XLLCORNER -88.4166666666667 
YLLCORNER 32.4166666666667 
CELLSIZE 0.0833333333333333 
NODATA_value -3.4e+38 
[rows 0 to 19 of 70, columns 44 to 87 of 108]
0.144512563943863 0.135939434170723 0.138940289616585 0.144009128212929 0.152951180934906 0.15509594976902 0.154370054602623 0.173615917563438 0.176790192723274 0.190993815660477 0.207408383488655 0.214164614677429 0.198303714394569 0.20674954354763 0.237076327204704 0.246893718838692 0.267069756984711 0.279181748628616 0.285627514123917 0.278264433145523 0.274268329143524 0.277373939752579 0.25744217634201 0.273576676845551 0.24909719824791 0.234125599265099 0.251262784004211 0.310141324996948 0.343245059251785 0.366049259901047 0.364529460668564 0.375298827886581 0.371802151203156 0.37651452422142 0.378998875617981 0.38292071223259 0.322633415460587 0.401031762361526 0.398874968290329 0.415396511554718 0.429324835538864 0.460531890392303 0.453401416540146 0.440138816833496
0.149513676762581 0.168158575892448 0.172607570886612 0.146452203392982 0.149049654603004 0.163227111101151 0.168666183948517 0.172895401716232 0.191145658493042 0.201568871736526 0.220010817050934 0.218285277485847 0.208274707198143 0.214225068688393 0.241199970245361 0.273342341184616 0.295225650072098 0.30185404419899 0.297240406274796 0.291820794343948 0.283560752868652 0.288203537464142 0.295649409294128 0.288393348455429 0.267173439264297 0.2518490254879 0.287117153406143 0.347833126783371 0.360029697418213 0.387750238180161 0.385448485612869 0.392139792442322 0.392680585384369 0.408036887645721 0.399616450071335 0.417924344539642 0.426474213600159 0.421386569738388 0.449240297079086 0.448043584823608 0.464914351701736 0.450680941343307 0.43725574016571 0.443853765726089
0.186369270086288 0.139601334929466 0.14468577504158 0.154546067118645 0.188623890280724 0.208719193935394 0.208284109830856 0.214137002825737 0.201568871736526 0.256782948970795 0.212468907237053 0.229576900601387 0.245162814855576 0.252282530069351 0.285223305225372 0.278994053602219 0.294363617897034 0.309408932924271 0.307544320821762 0.301189512014389 0.31575271487236 0.310981422662735 0.290614724159241 0.292962044477463 0.297221720218658 0.292547672986984 0.34075078368187 0.360373914241791 0.398305028676987 0.382215797901154 0.405323565006256 0.385375589132309 0.409839332103729 0.425836175680161 0.435829043388367 0.432522177696228 0.46142640709877 0.469754636287689 0.471094876527786 0.490160971879959 0.488261133432388 0.494598507881165 0.474122703075409 0.450235664844513
0.183633238077164 0.191157400608063 0.161515682935715 0.19191762804985 0.202581122517586 0.203937038779259 0.219192922115326 0.224333509802818 0.244941115379333 0.251250922679901 0.263331532478333 0.244783103466034 0.301471829414368 0.307452261447906 0.30197411775589 0.302055507898331 0.288244366645813 0.298036366701126 0.320574373006821 0.320263653993607 0.319508880376816 0.372334867715836 0.370433986186981 0.378175020217896 0.367157518863678 0.363704860210419 0.359928160905838 0.351922482252121 0.408106237649918 0.411243945360184 0.470363616943359 0.40607476234436 0.417223691940308 0.444207966327667 0.539846360683441 0.536410510540009 0.534122109413147 0.569176316261292 0.563037157058716 0.51561439037323 0.494623392820358 0.496686816215515 0.467130392789841 0.434190958738327
0.20781871676445 0.205894306302071 0.202866658568382 0.196331232786179 0.198727488517761 0.197420939803123 0.206345617771149 0.212981522083282 0.221188917756081 0.239329293370247 0.26609992980957 0.308560371398926 0.338249772787094 0.376615256071091 0.372921228408813 0.353506475687027 0.293833404779434 0.297512024641037 0.303587466478348 0.368698567152023 0.373384982347488 0.366652727127075 0.372549742460251 0.362982124090195 0.370649784803391 0.394700258970261 0.362459808588028 0.356613039970398 0.370834231376648 0.487115442752838 0.493522942066193 0.517880737781525 0.508668899536133 0.540473878383636 0.559014201164246 0.567061066627502 0.57872474193573 0.588728129863739 0.582133948802948 0.581806778907776 0.568158447742462 0.480876475572586 0.453424006700516 0.43092742562294
0.22880944609642 0.213744521141052 0.19848607480526 0.201638624072075 0.204489454627037 0.20899561047554 0.228953659534454 0.227908357977867 0.233880773186684 0.267771661281586 0.319655478000641 0.342171341180801 0.349743723869324 0.373764544725418 0.360534995794296 0.355012685060501 0.352507263422012 0.358362764120102 0.364364475011826 0.344149440526962 0.383418947458267 0.455383777618408 0.406128644943237 0.406143754720688 0.442112982273102 0.461118876934052 0.450877487659454 0.417038768529892 0.395749896764755 0.43348690867424 0.452050238847733 0.519778847694397 0.605652391910553 0.537362337112427 0.633456647396088 0.65367978811264 0.659695327281952 0.596883237361908 0.578489661216736 0.556207895278931 0.545629382133484 0.453877955675125 0.419267177581787 0.415518373250961
0.292269617319107 0.282565951347351 0.256199359893799 0.251726657152176 0.260764896869659 0.273528933525085 0.241504088044167 0.247486159205437 0.293316602706909 0.273470997810364 0.327657580375671 0.420009940862656 0.440518587827682 0.42839503288269 0.40891295671463 0.353234648704529 0.419130802154541 0.419884443283081 0.420077979564667 0.416885823011398 0.403109073638916 0.445193737745285 0.42458900809288 0.414357274770737 0.416318744421005 0.43612614274025 0.448501259088516 0.422892838716507 0.460520595312119 0.452199339866638 0.533550679683685 0.616365730762482 0.630975127220154 0.642999649047852 0.629045963287354 0.654144406318665 0.654149532318115 0.662679970264435 0.64913547039032 0.554174482822418 0.515364944934845 0.420841962099075 0.388534247875214 0.438344091176987
0.326831609010696 0.317730098962784 0.316252529621124 0.288591682910919 0.287201195955276 0.284362345933914 0.308086961507797 0.310235440731049 0.345949202775955 0.375431805849075 0.383135944604874 0.413096129894257 0.426608234643936 0.391205221414566 0.402561962604523 0.384801387786865 0.378875523805618 0.396725535392761 0.39508381485939 0.501472055912018 0.51359224319458 0.520254254341125 0.477794378995895 0.477290421724319 0.457453370094299 0.50486946105957 0.460621505975723 0.511514842510223 0.498383164405823 0.459573149681091 0.476376384496689 0.563719570636749 0.630882441997528 0.639945387840271 0.619653880596161 0.716938436031342 0.630870759487152 0.641125082969666 0.628723621368408 0.530819296836853 0.491159319877625 0.458254247903824 0.43099370598793 0.421294182538986
0.447108328342438 0.356677949428558 0.415889769792557 0.357887506484985 0.396133989095688 0.340900838375092 0.379780024290085 0.40909406542778 0.426372140645981 0.420883655548096 0.455955564975739 0.422256529331207 0.415290862321854 0.420558780431747 0.402292847633362 0.464219689369202 0.447282910346985 0.438653200864792 0.488536238670349 0.499080657958984 0.538513422012329 0.533338844776154 0.504389345645905 0.455435454845428 0.472422212362289 0.438713997602463 0.465850949287415 0.465951263904572 0.513354778289795 0.59276294708252 0.590176284313202 0.605021834373474 0.645403027534485 0.692139744758606 0.703743577003479 0.69429475069046 0.631701171398163 0.624935865402222 0.523525476455688 0.505644977092743 0.474142849445343 0.430471420288086 0.415328085422516 0.406580179929733
0.539826631546021 0.541198909282684 0.45729386806488 0.46139919757843 0.479984372854233 0.479683399200439 0.524010121822357 0.525878667831421 0.541404962539673 0.483869791030884 0.557292282581329 0.548898220062256 0.441850036382675 0.488614588975906 0.508454561233521 0.4763123691082 0.475281178951263 0.480373173952103 0.596484422683716 0.600606262683868 0.622020304203033 0.65362948179245 0.573304295539856 0.555989801883698 0.571164190769196 0.570028483867645 0.499767422676086 0.569023966789246 0.545742452144623 0.587595760822296 0.698347210884094 0.694728910923004 0.678006589412689 0.710800528526306 0.68729567527771 0.696930766105652 0.615844905376434 0.59818559885025 0.572424113750458 0.475791931152344 0.452513873577118 0.420114934444427 0.404614925384521 0.39344197511673
0.593535304069519 0.60357528924942 0.577278792858124 0.535058796405792 0.529639184474945 0.524656414985657 0.538045883178711 0.540694713592529 0.557275176048279 0.58685290813446 0.596439301967621 0.59818160533905 0.55292272567749 0.591238617897034 0.606573760509491 0.588078379631042 0.5818190574646 0.59967303276062 0.618226170539856 0.623260498046875 0.632407903671265 0.647339940071106 0.638843536376953 0.590704143047333 0.612813353538513 0.648937344551086 0.588131308555603 0.573152422904968 0.521195828914642 0.646695852279663 0.66452568769455 0.699344754219055 0.707563757896423 0.710764229297638 0.713152170181274 0.695611953735352 0.614336013793945 0.599122524261475 0.567359387874603 0.480559885501862 0.442784458398819 0.406534373760223 0.386660307645798 0.382727593183517
0.691035985946655 0.678935527801514 0.647454738616943 0.55780440568924 0.565732598304749 0.571243524551392 0.537257075309753 0.560516655445099 0.568489849567413 0.608920454978943 0.615101456642151 0.611516058444977 0.617970764636993 0.607764065265656 0.716560065746307 0.669656932353973 0.62157130241394 0.631820678710938 0.62935996055603 0.641956984996796 0.673294246196747 0.716690361499786 0.730819880962372 0.737378358840942 0.660380065441132 0.636836528778076 0.690728425979614 0.671104848384857 0.682061493396759 0.691596925258636 0.632599592208862 0.717317581176758 0.712637603282928 0.719486117362976 0.661952078342438 0.648334741592407 0.61925196647644 0.592872679233551 0.573295712471008 0.546427428722382 0.509261310100555 0.416692912578583 0.415559619665146 0.446507215499878
0.684761583805084 0.695118129253387 0.666483759880066 0.626671373844147 0.578920781612396 0.56855171918869 0.580764830112457 0.592466652393341 0.584884285926819 0.622359156608582 0.64842414855957 0.663478970527649 0.729588150978088 0.722651720046997 0.742747604846954 0.742270648479462 0.688372671604156 0.683775246143341 0.761116027832031 0.736354231834412 0.734713315963745 0.737975358963013 0.722536683082581 0.726027429103851 0.734828472137451 0.698008000850677 0.699667572975159 0.708043694496155 0.616294264793396 0.694145262241364 0.720902681350708 0.733759939670563 0.726050615310669 0.732865571975708 0.74338960647583 0.688795983791351 0.665615797042847 0.623508632183075 0.608283638954163 0.572721183300018 0.564847767353058 0.535070896148682 0.492035895586014 0.460089117288589
0.671302616596222 0.703744113445282 0.688566207885742 0.663657069206238 0.682616055011749 0.663544416427612 0.593285918235779 0.60761296749115 0.614715695381165 0.644998252391815 0.674413502216339 0.675129532814026 0.757281839847565 0.773314416408539 0.753631830215454 0.773508608341217 0.724400281906128 0.725110709667206 0.738811075687408 0.773891806602478 0.737032234668732 0.707420289516449 0.707027196884155 0.72589647769928 0.724739193916321 0.700457870960236 0.701619505882263 0.701619505882263 0.705844104290009 0.706590890884399 0.714634239673615 0.722407281398773 0.764395177364349 0.775816857814789 0.767095506191254 0.769994556903839 0.684363484382629 0.658092141151428 0.611843168735504 0.660138726234436 0.611418843269348 0.607178032398224 0.587537825107574 0.544067919254303
0.675753593444824 0.673007249832153 0.691364705562592 0.686941683292389 0.708667576313019 0.681188344955444 0.701577663421631 0.62001645565033 0.621181786060333 0.650381088256836 0.69040185213089 0.706558048725128 0.78577846288681 0.787642955780029 0.778205096721649 0.800915479660034 0.773204743862152 0.764924168586731 0.749536216259003 0.728172600269318 0.77650785446167 0.757675588130951 0.754753708839417 0.812528967857361 0.776863873004913 0.744819223880768 0.728094398975372 0.728463590145111 0.744268357753754 0.751830220222473 0.779691815376282 0.759375214576721 0.779553711414337 0.780896782875061 0.776652276515961 0.773489058017731 0.757433831691742 0.725481510162354 0.693147301673889 0.668506503105164 0.629276096820831 0.611329197883606 0.595316767692566 0.570289313793182
0.738583862781525 0.657645404338837 0.703066945075989 0.69623601436615 0.700552344322205 0.694788932800293 0.709938585758209 0.619296848773956 0.656801640987396 0.668191432952881 0.681826591491699 0.714939057826996 0.807624578475952 0.825865566730499 0.812661409378052 0.810055613517761 0.803404211997986 0.78059458732605 0.762194395065308 0.757644236087799 0.7639981508255 0.824518024921417 0.870024085044861 0.75464928150177 0.748675882816315 0.745663464069366 0.762976944446564 0.74750679731369 0.778291940689087 0.7435023188591 0.732124626636505 0.739233672618866 0.756812870502472 0.798002421855927 0.790250301361084 0.773413896560669 0.779622852802277 0.748686254024506 0.700085878372192 0.677035629749298 0.635110020637512 0.612279534339905 0.603703916072845 0.473017156124115
0.815618574619293 0.792909443378448 0.819612264633179 0.839191198348999 0.759415090084076 0.732238054275513 0.745007991790771 0.751397430896759 0.740723431110382 0.655445635318756 0.654514670372009 0.702649474143982 0.752802431583405 0.83410906791687 0.827460110187531 0.811986088752747 0.81000804901123 0.772082448005676 0.754277229309082 0.760947167873383 0.79452109336853 0.854881644248962 0.760873734951019 0.690467476844788 0.739979147911072 0.801307380199432 0.777152299880981 0.724536299705505 0.668703675270081 0.714552819728851 0.749990344047546 0.793111622333527 0.814157843589783 0.792880356311798 0.808461427688599 0.804601848125458 0.78428590297699 0.742744565010071 0.705814838409424 0.675844788551331 0.714771389961243 0.617072939872742 0.575360238552094 0.559641063213348
0.828675806522369 0.825485229492188 0.840209722518921 0.871304571628571 0.758780717849731 0.745045900344849 0.712163090705872 0.721882581710815 0.658369243144989 0.625949919223785 0.720004677772522 0.719847321510315 0.762336254119873 0.766976654529572 0.744762361049652 0.82509845495224 0.812931060791016 0.69627833366394 0.688944280147552 0.75388902425766 0.613322794437408 0.60248339176178 0.686658918857574 0.748291909694672 0.744192540645599 0.655983090400696 0.640798449516296 0.677671432495117 0.716068267822266 0.726860582828522 0.759835362434387 0.773476839065552 0.792155504226685 0.801861524581909 0.807166159152985 0.803003370761871 0.781936883926392 0.75632381439209 0.783005893230438 0.751009285449982 0.720234334468842 0.706262946128845 0.669804155826569 0.56317937374115
0.846809446811676 0.885066211223602 0.864593625068665 0.905754685401917 0.879822969436646 0.781331419944763 0.822787463665009 0.729624211788177 0.677072703838348 0.704112887382507 0.83354252576828 0.770125806331635 0.765216946601868 0.722797989845276 0.758308231830597 0.83050012588501 0.744929313659668 0.673274219036102 0.639237225055695 0.622307002544403 0.503837943077087 0.597379446029663 0.57887989282608 0.558359622955322 0.540590882301331 0.541184961795807 0.63608056306839 0.673086404800415 0.68984717130661 0.697501301765442 0.740804076194763 0.77978789806366 0.7891965508461 0.810970902442932 0.828120648860931 0.868135035037994 0.837006628513336 0.81314754486084 0.840482175350189 0.821555733680725 0.796041190624237 0.706284403800964 0.669257819652557 0.565722286701202
0.903631091117859 0.907978951931 0.913335382938385 0.924264073371887 0.86435079574585 0.870805978775024 0.856154501438141 0.773934781551361 0.819380283355713 0.787383854389191 0.87785530090332 0.885186195373535 0.725798368453979 0.752733588218689 0.74202173948288 0.711349129676819 0.660551369190216 0.549420535564423 0.603026270866394 0.520361006259918 0.488023966550827 0.47515606880188 0.518029570579529 0.531401872634888 0.527830481529236 0.497749209403992 0.522235572338104 0.519837141036987 0.576039552688599 0.720555126667023 0.746725678443909 0.774354994297028 0.794099807739258 0.819135844707489 0.87378066778183 0.862372517585754 0.818910658359528 0.826403498649597 0.800696551799774 0.840185523033142 0.750312924385071 0.721830487251282 0.689087152481079 0.572054803371429
