data/climate_estimation/maxent_output/Trillium_foetidissimum.asc
NCOLS 22 
NROWS 41 
XLLCORNER -91.75 
YLLCORNER 29.6666666666667 
CELLSIZE 0.0833333333333331 
NODATA_value -3.4e+38 
0.259450823068619 0.227679699659348 0.200652599334717 0.176890626549721 0.149908602237701 0.143878534436226 0.128170385956764 0.112865261733532 0.100345827639103 0.0915956795215607 0.0930564180016518 0.0909671187400818 0.106437258422375 0.127957761287689 0.149216845631599 0.194127976894379 0.199241459369659 0.198707208037376 0.221588835120201 0.215818420052528 0.236359313130379 0.295120805501938
0.232595220208168 0.234334260225296 0.202150225639343 0.179657787084579 0.149601086974144 0.146063461899757 0.145855352282524 0.124578386545181 0.110561437904835 0.101521223783493 0.10401813685894 0.107274673879147 0.12637859582901 0.150689736008644 0.177954360842705 0.192200496792793 0.184190094470978 0.217683702707291 0.204022139310837 0.213774740695953 0.20936307311058 0.257629990577698
0.245807230472565 0.237863346934319 0.204092442989349 0.176852777600288 0.152667984366417 0.151026919484138 0.148290559649467 0.128123477101326 0.124234780669212 0.113718926906586 0.119336150586605 0.123140208423138 0.145741134881973 0.171990141272545 0.18152266740799 0.187796950340271 0.207009106874466 0.199535980820656 0.195977330207825 0.201113119721413 0.21380977332592 0.229793787002563
0.254813969135284 0.242237538099289 0.213702365756035 0.18352398276329 0.176300972700119 0.15434592962265 0.170173391699791 0.148709654808044 0.145848378539085 0.132694244384766 0.138100743293762 0.144580379128456 0.171245515346527 0.181484267115593 0.184371992945671 0.191230416297913 0.20492447912693 0.198705166578293 0.19723753631115 0.194409191608429 0.209369421005249 0.232945650815964
0.261369943618774 0.232281014323235 0.191465184092522 0.186534076929092 0.184519574046135 0.177242234349251 0.175332978367805 0.175676643848419 0.174380376935005 0.150748550891876 0.16233865916729 0.171337202191353 0.18336009979248 0.186621949076653 0.192224472761154 0.209155410528183 0.210352078080177 0.192726522684097 0.193545788526535 0.220553129911423 0.241718202829361 0.26016104221344
0.273119002580643 0.231370881199837 0.199087962508202 0.194987505674362 0.189537808299065 0.189534962177277 0.186492308974266 0.185996025800705 0.181888028979301 0.189141914248466 0.192829072475433 0.203721225261688 0.186175629496574 0.200276404619217 0.204153329133987 0.201799780130386 0.200920954346657 0.200740784406662 0.202924385666847 0.237543404102325 0.238136574625969 0.287191152572632
0.292572855949402 0.243214845657349 0.236580953001976 0.211370542645454 0.197047889232635 0.197003483772278 0.217037990689278 0.222901850938797 0.228874564170837 0.240618228912354 0.248250111937523 0.221634194254875 0.231379345059395 0.201957568526268 0.210434019565582 0.199986174702644 0.198331758379936 0.178391620516777 0.180924445390701 0.241706401109695 0.278010755777359 0.333716720342636
0.334185540676117 0.287705332040787 0.254965662956238 0.242730528116226 0.238615736365318 0.231496751308441 0.222627058625221 0.236452624201775 0.249266684055328 0.264986902475357 0.273172378540039 0.280098795890808 0.23860901594162 0.220620229840279 0.213184624910355 0.193482100963593 0.156915277242661 0.118071489036083 0.131394788622856 0.174069657921791 0.252345204353333 0.321143627166748
0.351878106594086 0.302107363939285 0.300482451915741 0.25844544172287 0.252440333366394 0.247912362217903 0.27670618891716 0.287178635597229 0.296169877052307 0.311484724283218 0.313790768384933 0.294502109289169 0.252253979444504 0.225987583398819 0.219859257340431 0.193641468882561 0.12475947290659 0.0815672501921654 0.0844693779945374 0.15920352935791 0.259582787752151 0.369452714920044
0.411749869585037 0.354980915784836 0.317937850952148 0.314821422100067 0.301714211702347 0.310516119003296 0.307713836431503 0.30536624789238 0.329115718603134 0.326631456613541 0.353282451629639 0.333533108234406 0.274556398391724 0.25699919462204 0.217498645186424 0.217278108000755 0.131015181541443 0.0927814394235611 0.0883265510201454 0.162152037024498 0.29048952460289 0.392390847206116
0.434583634138107 0.386244744062424 0.387412220239639 0.342314302921295 0.335069447755814 0.337099373340607 0.335008323192596 0.338395684957504 0.373058378696442 0.37107115983963 0.350099176168442 0.346715152263641 0.300806522369385 0.291686475276947 0.251319795846939 0.251656830310822 0.185598775744438 0.134843811392784 0.146336913108826 0.210431888699532 0.31934005022049 0.432670414447784
0.505818068981171 0.442634761333466 0.441765636205673 0.403064161539078 0.411300897598267 0.401383906602859 0.403070032596588 0.397563576698303 0.380209445953369 0.366561323404312 0.36727973818779 0.35527577996254 0.332390516996384 0.333912789821625 0.282076418399811 0.315583348274231 0.26958155632019 0.229653909802437 0.239808723330498 0.29490864276886 0.350841671228409 0.466590642929077
0.610615909099579 0.562053740024567 0.512477517127991 0.478743851184845 0.479410409927368 0.446688115596771 0.444184750318527 0.42134565114975 0.436129629611969 0.421479642391205 0.443289518356323 0.431785523891449 0.390549033880234 0.380368173122406 0.388018429279327 0.396580189466476 0.358598411083221 0.336591929197311 0.340284943580627 0.398669242858887 0.473038136959076 0.528825640678406
0.693615555763245 0.674936950206757 0.631688892841339 0.575747311115265 0.560588181018829 0.52197128534317 0.523297846317291 0.507301270961761 0.475082129240036 0.452719479799271 0.490826100111008 0.487788110971451 0.484357982873917 0.454905241727829 0.44749441742897 0.484251171350479 0.484251171350479 0.461587578058243 0.47129613161087 0.491475164890289 0.524203956127167 0.565174341201782
0.736773669719696 0.736848294734955 0.716651618480682 0.685847878456116 0.654788374900818 0.610449075698853 0.597755014896393 0.619922816753387 0.614238262176514 0.550296485424042 0.557260453701019 0.550848722457886 0.545026838779449 0.544943988323212 0.514719486236572 0.504427790641785 0.551551520824432 0.555839776992798 0.568064272403717 0.619142889976501 0.604485750198364 0.62884396314621
0.760736286640167 0.763584971427917 0.759828805923462 0.741386294364929 0.721566379070282 0.719210267066956 0.717658042907715 0.709845423698425 0.659395456314087 0.640753269195557 0.61304497718811 0.594206154346466 0.553527176380157 0.550746262073517 0.547309100627899 0.52962601184845 0.58172619342804 0.622897386550903 0.626323342323303 0.678203821182251 0.641928195953369 0.656907737255096
0.765060186386108 0.77477091550827 0.776372373104095 0.762335658073425 0.765596330165863 0.747013032436371 0.732221603393555 0.707679033279419 0.674603998661041 0.648746371269226 0.640446066856384 0.590633630752563 0.565894186496735 0.557921588420868 0.576077222824097 0.552256286144257 0.596383810043335 0.628352463245392 0.670522212982178 0.688530802726746 0.669378221035004 0.676461577415466
0.771184027194977 0.774456858634949 0.781324923038483 0.77242249250412 0.736630320549011 0.728243947029114 0.709425270557404 0.714927911758423 0.671636402606964 0.677628397941589 0.61124712228775 0.601747870445251 0.576005756855011 0.563397765159607 0.541258990764618 0.542794108390808 0.571662187576294 0.625744998455048 0.656974971294403 0.674671769142151 0.692176342010498 0.713159501552582
0.772166550159454 0.779348194599152 0.782957017421722 0.774471819400787 0.741744935512543 0.713880836963654 0.708773851394653 0.703385233879089 0.688485145568848 0.666985690593719 0.624628007411957 0.597852945327759 0.591408967971802 0.564531326293945 0.559249103069305 0.520883619785309 0.576962947845459 0.588817477226257 0.653402328491211 0.644143342971802 0.701739490032196 0.707715451717377
0.78463214635849 0.791624069213867 0.790500283241272 0.783587872982025 0.748718678951263 0.728422224521637 0.73927241563797 0.739006817340851 0.708207190036774 0.676493644714355 0.608129262924194 0.60520213842392 0.564290761947632 0.565605998039246 0.583952307701111 0.552338302135468 0.604899525642395 0.612299799919128 0.66771000623703 0.698227882385254 0.67809933423996 0.704941093921661
0.795504987239838 0.80926251411438 0.801456987857819 0.79683792591095 0.777976393699646 0.778390526771545 0.768991649150848 0.743160009384155 0.709192097187042 0.665685534477234 0.602303028106689 0.599677920341492 0.604415118694305 0.574139714241028 0.502395272254944 0.522565484046936 0.531291544437408 0.545647382736206 0.582686960697174 0.596498370170593 0.608788669109344 0.594487428665161
0.820110321044922 0.810229480266571 0.801328361034393 0.8150435090065 0.795069634914398 0.77083158493042 0.762101948261261 0.755186378955841 0.718759119510651 0.656163156032562 0.644939780235291 0.604415118694305 0.613240718841553 0.542696893215179 0.53135359287262 0.534582018852234 0.56700336933136 0.568042159080505 0.616225183010101 0.626885652542114 0.662470817565918 0.667137145996094
0.820289433002472 0.816400527954102 0.818190693855286 0.805258572101593 0.811230003833771 0.799852013587952 0.786089181900024 0.754285752773285 0.724216639995575 0.695802748203278 0.616564750671387 0.541812717914581 0.555948495864868 0.581860065460205 0.59798800945282 0.610840857028961 0.612192094326019 0.602772235870361 0.645515143871307 0.63535064458847 0.643073976039886 0.643383800983429
0.821361362934113 0.83133602142334 0.824421584606171 0.798341870307922 0.795001626014709 0.782354474067688 0.774929881095886 0.785646915435791 0.762269258499146 0.755536496639252 0.585375905036926 0.594162344932556 0.623878538608551 0.641323685646057 0.65323680639267 0.63161164522171 0.644597887992859 0.655074536800385 0.655380249023438 0.666507244110107 0.689029216766357 0.650837123394012
0.841875791549683 0.8449547290802 0.821549296379089 0.794333577156067 0.804546117782593 0.805204749107361 0.801137626171112 0.792030215263367 0.80635267496109 0.717810988426208 0.708525657653809 0.708829283714294 0.718788802623749 0.745642364025116 0.723414719104767 0.709939777851105 0.711008012294769 0.670273661613464 0.649992346763611 0.659348845481873 0.654768764972687 0.663499116897583
0.856332540512085 0.858331501483917 0.834206223487854 0.807436048984528 0.825115621089935 0.741764605045319 0.76407253742218 0.747176826000214 0.759805560112 0.751464664936066 0.761236548423767 0.765212953090668 0.780945122241974 0.77975207567215 0.78676849603653 0.763797700405121 0.720571279525757 0.688089370727539 0.660101652145386 0.672549188137054 0.672549188137054 0.668350160121918
0.856004238128662 0.851634740829468 0.784087419509888 0.76926052570343 0.763098061084747 0.760006785392761 0.776968836784363 0.762294232845306 0.776456296443939 0.776076138019562 0.796711266040802 0.805099546909332 0.807104706764221 0.81327497959137 0.821446597576141 0.791237413883209 0.754545927047729 0.701083958148956 0.618501543998718 0.646764874458313 0.674370527267456 0.671941459178925
0.810072243213654 0.796645879745483 0.795161485671997 0.782744169235229 0.769905507564545 0.779914617538452 0.779553174972534 0.796016275882721 0.796435177326202 0.819949924945831 0.814878642559052 0.826864540576935 0.828482091426849 0.834748923778534 0.836779713630676 0.81805145740509 0.771965682506561 0.677534878253937 0.612165570259094 0.566477656364441 0.600154280662537 0.586585938930511
0.805842041969299 0.795529246330261 0.80187451839447 0.786581099033356 0.777853608131409 0.783665478229523 0.779396295547485 0.800469517707825 0.811704337596893 0.823942542076111 0.835988998413086 0.842043519020081 0.850280582904816 0.867258787155151 0.86797696352005 0.821235179901123 0.782986640930176 0.694483458995819 0.636173665523529 0.578747451305389 0.520483434200287 0.50964343547821
0.824174165725708 0.798669993877411 0.796200513839722 0.778147459030151 0.777189552783966 0.795894026756287 0.794598281383514 0.823572099208832 0.819843232631683 0.834242165088654 0.841726005077362 0.855260133743286 0.855432868003845 0.871126592159271 0.865465998649597 0.828764677047729 0.75326019525528 0.702603876590729 0.63853645324707 0.572205126285553 0.515134334564209 0.437815576791763
0.81294971704483 0.81036239862442 0.8056600689888 0.791142106056213 0.787759363651276 0.789242386817932 0.806255578994751 0.816523432731628 0.835214853286743 0.832589745521545 0.848636984825134 0.853542268276215 0.856461942195892 0.859265267848969 0.828480899333954 0.797987580299377 0.714794099330902 0.673668384552002 0.611001491546631 0.591802775859833 0.474960088729858 0.439741104841232
0.815333008766174 0.813300549983978 0.801980793476105 0.789755582809448 0.793510496616364 0.796289086341858 0.792362451553345 0.782246708869934 0.806726217269897 0.838380634784698 0.832075357437134 0.843472480773926 0.835404634475708 0.81588613986969 0.78035432100296 0.747176647186279 0.699657499790192 0.647144496440887 0.599798798561096 0.544353067874908 0.457945168018341 0.408504098653793
0.803654849529266 0.80374664068222 0.802998423576355 0.780950307846069 0.785011231899261 0.781552016735077 0.759739756584167 0.735320389270782 0.793236494064331 0.788906991481781 0.823066651821136 0.803814589977264 0.803814589977264 0.76467889547348 0.736525237560272 0.746113181114197 0.68598198890686 0.641500651836395 0.560527265071869 0.490388035774231 0.454609602689743 0.417734771966934
0.809231460094452 0.789307415485382 0.789714097976685 0.785856425762177 0.782447338104248 0.765132308006287 0.724314570426941 0.724314570426941 0.747952997684479 0.754184663295746 0.78088104724884 0.780004739761353 0.778554558753967 0.7614706158638 0.7614706158638 0.718992590904236 0.682927429676056 0.621412634849548 -3.4e+38 -3.4e+38 0.409847289323807 0.363182812929153
0.791906893253326 0.769192337989807 0.775401830673218 0.778550863265991 0.778076708316803 0.773939847946167 0.762723505496979 0.742642641067505 0.755436480045319 0.741331160068512 0.784625828266144 0.77573299407959 0.774268090724945 0.770439743995667 0.742577016353607 0.690498828887939 0.647364377975464 -3.4e+38 -3.4e+38 -3.4e+38 -3.4e+38 -3.4e+38
0.761845409870148 0.743322670459747 0.749939441680908 0.763139843940735 0.768032670021057 0.770324468612671 0.757417678833008 0.758471488952637 0.719547808170319 0.708222806453705 0.740080714225769 0.767398774623871 0.774224817752838 0.633653998374939 0.643476605415344 0.56913298368454 0.566755533218384 -3.4e+38 -3.4e+38 -3.4e+38 -3.4e+38 0.19361937046051
0.718160331249237 0.713498175144196 0.713237166404724 0.716677367687225 0.72525417804718 0.733012080192566 0.743523120880127 0.744875252246857 0.718587458133698 0.742375373840332 0.742063939571381 0.623842239379883 0.634779334068298 0.625468075275421 0.616253256797791 0.598318457603455 0.544299781322479 0.459995150566101 0.344597160816193 0.25812092423439 0.264679878950119 0.212417334318161
0.520572543144226 0.506996214389801 0.519643664360046 0.527470946311951 0.546768367290497 0.564583957195282 0.562723398208618 0.567692339420319 0.583191573619843 0.574240922927856 0.57741516828537 0.583967566490173 0.589998602867126 0.592100739479065 0.592064142227173 0.572555363178253 0.55067503452301 0.468708515167236 0.329651325941086 0.243558943271637 0.307226657867432 0.278463453054428
0.491823136806488 0.46402969956398 0.467971384525299 0.474871844053268 0.504643678665161 0.532221615314484 0.545297205448151 0.556601107120514 0.557512044906616 0.55263090133667 0.542776703834534 0.543426156044006 0.555394351482391 0.561055719852448 0.570845305919647 0.547154366970062 0.542859673500061 0.448116213083267 0.314903050661087 0.267358839511871 0.331439018249512 0.370356559753418
0.449025005102158 0.435383647680283 0.432579934597015 0.452234834432602 0.474401146173477 0.501737654209137 0.509167730808258 0.513846218585968 0.524585068225861 0.512374937534332 0.520961880683899 0.5138840675354 0.51854419708252 0.531893372535706 0.526404857635498 0.524191856384277 0.533531427383423 0.47877100110054 0.403216928243637 0.367013514041901 0.418655097484589 0.429998993873596
0.436273485422134 0.424942791461945 0.421869516372681 0.423867434263229 0.447809904813766 0.476350903511047 0.487269222736359 0.504624664783478 0.493701189756393 0.495649963617325 0.486154347658157 0.483778536319733 0.481579750776291 0.488956481218338 0.499790400266647 0.492246478796005 0.508005082607269 0.47089296579361 0.464007943868637 0.422274500131607 0.431662529706955 0.443063110113144
