data/climate_estimation/maxent_output/Trillium_camschatcense.asc
NCOLS 416 
NROWS 234 
XLLCORNER 126.25 
YLLCORNER 37.1666666666667 
CELLSIZE 0.0833333333333333 
NODATA_value -3.4e+38 
[rows 69 to 91 of 234, columns 104 to 155 of 416]
0.012222864665091 0.0138213196769357 0.0146502153947949 0.015003758482635 0.0134770562872291 0.015565768815577 0.0177741162478924 0.0113949552178383 0.00872038397938013 0.00769119709730148 0.0177114140242338 0.00993179436773062 0.0080068064853549 0.0059112599119544 0.00731489341706038 0.00996926613152027 0.0115051819011569 0.012088687159121 0.0161794871091843 0.00897637102752924 0.00376631249673665 0.00303428899496794 0.00256699579767883 0.00190903665497899 0.00188374565914273 0.00226238323375583 0.00282435189001262 0.0033392698969692 0.00459911441430449 0.00439455918967724 0.00238409894518554 0.00422761077061296 0.00447184825316072 0.00328112975694239 0.00437287846580148 0.00390279176644981 0.00380850001238286 0.00334890303201973 0.00353646860457957 0.00440379977226257 0.00585704017430544 0.00799647904932499 0.0160509981215 0.0141762970015407 0.028401942923665 0.0547982640564442 0.0742169991135597 0.0505090728402138 0.0487474165856838 0.0621683150529861 0.0447772964835167 0.0491571351885796
0.012541314586997 0.0145373167470098 0.0158146843314171 0.0178566556423903 0.0164834205061197 0.01667863689363 0.0132563700899482 0.0109676187857985 0.0117952786386013 0.0145775349810719 0.0185540094971657 0.0103523330762982 0.00706608733162284 0.011667987331748 0.0102109927684069 0.0128905130550265 0.0262680426239967 0.0204074997454882 0.0349374338984489 0.0124497106298804 0.00835302285850048 0.00461813295260072 0.00308130262419581 0.00283303041942418 0.00260557839646935 0.00250274688005447 0.00323213660158217 0.00310293771326542 0.00339772226288915 0.00537523161619902 0.00318097951821983 0.00289497850462794 0.00323970220051706 0.00308564165607095 0.00327621470205486 0.00318644382059574 0.00349228479899466 0.00446645403280854 0.0061204731464386 0.00829092040657997 0.0129566676914692 0.0288880970329046 0.0502503924071789 0.0339925140142441 0.0443067699670792 0.079970620572567 0.0967167094349861 0.0772275328636169 0.043816551566124 0.0375682860612869 0.036251287907362 0.0368617549538612
0.016748882830143 0.0187968239188194 0.0179074201732874 0.0169606376439333 0.0142057053744793 0.0126830358058214 0.0124951079487801 0.0110776824876666 0.0123672401532531 0.0197287760674953 0.013118957169354 0.00954142119735479 0.0129515593871474 0.0152555108070374 0.013315973803401 0.0210978407412767 0.0253806374967098 0.0389289334416389 0.0281968638300896 0.0149786667898297 0.00862967129796743 0.0056320889852941 0.00436088908463717 0.00351577391847968 0.00350375380367041 0.00265696225687861 0.00259115337394178 0.00248101074248552 0.00266328919678926 0.00255747768096626 0.0033178913872689 0.00266514858230948 0.00299990712665021 0.00316842342726886 0.00338897877372801 0.00398195441812277 0.00438005477190018 0.00738501362502575 0.0171579048037529 0.0302583742886782 0.0361670069396496 0.0549051500856876 0.0499357767403126 0.0252351406961679 0.0344226248562336 0.0838202685117722 0.094297781586647 0.0642261058092117 0.0455434918403625 0.0369344726204872 0.0303062852472067 0.0327288806438446
0.0157517958432436 0.0162368733435869 0.0155035499483347 0.013471519574523 0.0122292451560497 0.0117746023461223 0.0120531283318996 0.0106640364974737 0.00980930123478174 0.00963702704757452 0.0189947616308928 0.0124625246971846 0.0192703846842051 0.0195357203483582 0.0160423051565886 0.0266833528876305 0.0266942773014307 0.0394172705709934 0.0211795419454575 0.0163700822740793 0.0120589546859264 0.00624375464394689 0.0048185889609158 0.00337314745411277 0.00303033459931612 0.00292316637933254 0.00223138811998069 0.00336865149438381 0.00303901266306639 0.00418416690081358 0.0033868218306452 0.00355125637724996 0.003813884453848 0.0043845665641129 0.00496095046401024 0.00519720278680325 0.00620780093595386 0.00834239833056927 0.0152840716764331 0.0242440495640039 0.0255340319126844 0.0616648606956005 0.0319876968860626 0.0234168004244566 0.0416706725955009 0.0713592320680618 0.132695779204369 0.0939354300498962 0.0401311032474041 0.0445917062461376 0.0393729917705059 0.0377573929727077
0.0177143830806017 0.0154370963573456 0.0157654564827681 0.0144430790096521 0.0131980115547776 0.0143398335203528 0.016288049519062 0.0141306547448039 0.013668523170054 0.0181665048003197 0.0229045581072569 0.0184766203165054 0.0166097972542048 0.0163436327129602 0.0202571079134941 0.0247466750442982 0.0220385268330574 0.0394601784646511 0.0208903960883617 0.0118196988478303 0.0109522780403495 0.00765945436432958 0.00616929028183222 0.00348320417106152 0.00285754888318479 0.00283501925878227 0.00390908541157842 0.00418057013303041 0.00402974523603916 0.00518944347277284 0.00537480833008885 0.00612948881462216 0.00553087284788489 0.00577808124944568 0.00577218690887094 0.00837758649140596 0.00623125117272139 0.0108294496312737 0.0178501904010773 0.0276967715471983 0.0207326449453831 0.0180391818284988 0.0209946725517511 0.0384103693068027 0.0365387611091137 0.0273479800671339 0.0372444726526737 0.0511785596609116 0.0621711313724518 0.0698767900466919 0.0602023117244244 0.0566465966403484
0.0178332161158323 0.0183993354439735 0.0167450942099094 0.0163364820182323 0.0185153726488352 0.0199976228177547 0.0194606222212315 0.0208766367286444 0.0243225861340761 0.0202779732644558 0.0211039111018181 0.0184311140328646 0.0198669098317623 0.0242342986166477 0.0243360102176666 0.0199828781187534 0.0292560048401356 0.0217236634343863 0.0159846767783165 0.00948999729007483 0.00812834687530994 0.00554709183052182 0.00513730058446527 0.00380286597646773 0.00346962874755263 0.00348333967849612 0.00470361858606339 0.00509859900921583 0.0060117794200778 0.00487130647525191 0.00479617761448026 0.00580996228381991 0.00623090378940105 0.00664722407236695 0.0098572950810194 0.00865478906780481 0.00838254764676094 0.0125081716105342 0.0235842056572437 0.0337723046541214 0.0186489410698414 0.0162281338125467 0.0217340998351574 0.032044555991888 0.0257734525948763 0.0271243117749691 0.04502172768116 0.0831087380647659 0.143768161535263 0.131589010357857 0.0675568506121635 0.0928012952208519
0.0185094904154539 0.0173480864614248 0.0177239384502172 0.0190042089670897 0.0179928336292505 0.0179067626595497 0.0206872280687094 0.0182126201689243 0.0181376971304417 0.0178860630840063 0.01744688116014 0.0205410104244947 0.0218725111335516 0.0282095614820719 0.0271038357168436 0.0234626680612564 0.0235993210226297 0.0317811667919159 0.0166823007166386 0.0133688496425748 0.00751454196870327 0.00579610420390964 0.00522303860634565 0.00430464558303356 0.00428824499249458 0.00404305057600141 0.00480631180107594 0.00472958572208881 0.004654620308429 0.00465334113687277 0.00518057495355606 0.00604056706652045 0.00645051756873727 0.0103235207498074 0.0100880870595574 0.0116522517055273 0.0184285156428814 0.0258332956582308 0.0290467385202646 0.0182362925261259 0.0194755606353283 0.0158582963049412 0.0210436526685953 0.0218562055379152 0.0292848963290453 0.0571069866418839 0.118730738759041 0.107096433639526 0.103768832981586 0.0755818635225296 0.0818312540650368 0.220369666814804
0.0164925698190928 0.0163280796259642 0.0175982136279345 0.0183171704411507 0.0176849663257599 0.0172659363597631 0.0166763551533222 0.0160261727869511 0.0169155634939671 0.0198592897504568 0.0215887166559696 0.0262759309262037 0.029790211468935 0.0311475712805986 0.0279125347733498 0.024984423071146 0.0314466096460819 0.0211943835020065 0.0124411629512906 0.0125677809119225 0.00915683340281248 0.00737912254408002 0.00591507274657488 0.00608893251046538 0.00554373627528548 0.00494569772854447 0.00498324912041426 0.00534024043008685 0.00534809613600373 0.00560256280004978 0.00700548384338617 0.00761191267520189 0.00944267958402634 0.0181480683386326 0.0158481486141682 0.0171397626399994 0.0154921356588602 0.0146632073447108 0.017102150246501 0.0292902607470751 0.038365550339222 0.0399281047284603 0.0263447780162096 0.0522685535252094 0.0708056911826134 0.0785752087831497 0.0707163661718369 0.103885807096958 0.0985790491104126 0.130705207586288 0.134200721979141 0.225572437047958
0.0156723223626614 0.01458122394979 0.0161724518984556 0.0145156718790531 0.0144451754167676 0.0160515103489161 0.0169544778764248 0.0166842043399811 0.0195150952786207 0.0203727390617132 0.0265883430838585 0.0325236693024635 0.0268466006964445 0.0237282700836658 0.0208632312715054 0.0246584471315145 0.0135250966995955 0.0164810679852962 0.0116490051150322 0.0106753762811422 0.00908154062926769 0.00751427141949534 0.00636048847809434 0.00639353413134813 0.0062445611692965 0.00624122237786651 0.00603855820372701 0.00720504997298121 0.0082397349178791 0.00726938946172595 0.00858798623085022 0.0100425584241748 0.0149979582056403 0.0283553879708052 0.0350442640483379 0.0231562573462725 0.014438807964325 0.0249530114233494 0.0433238185942173 0.0923591628670692 0.0892753452062607 0.0635569542646408 0.0598362274467945 0.0382491648197174 0.0404789373278618 0.0410910286009312 0.0464423112571239 0.0597397871315479 0.0845605134963989 0.165895864367485 0.20466260612011 0.182917535305023
0.0136939184740186 0.0139103159308434 0.016121007502079 0.0189032163470984 0.0196372680366039 0.0139005500823259 0.0156847722828388 0.0187517795711756 0.0184835735708475 0.0185852013528347 0.0192467495799065 0.0202951952815056 0.0147859724238515 0.0175850875675678 0.016071854159236 0.0165668465197086 0.0153465094044805 0.0110562173649669 0.0112600866705179 0.0100884307175875 0.00939932465553284 0.00860734283924103 0.00763229979202151 0.00773105910047889 0.0075378343462944 0.00764874275773764 0.00811298284679651 0.0110440040007234 0.00987439509481192 0.0107444496825337 0.0106586115434766 0.0112306568771601 0.0139543395489454 0.0213184244930744 0.0340473055839539 0.0179427117109299 0.0164052173495293 0.0431376844644547 0.0616374909877777 0.102391943335533 0.0630043745040894 0.0482835099101067 0.0394933372735977 0.0342245660722256 0.0492845512926579 0.0640046373009682 0.0881675332784653 0.141242980957031 0.198261976242065 0.126851379871368 0.0972627848386765 0.114395216107368
0.0156006282195449 0.0189759433269501 0.0219149719923735 0.0223712176084518 0.0192014183849096 0.0137865506112576 0.0126889329403639 0.0129788834601641 0.0159031748771667 0.0116949826478958 0.0105492677539587 0.0157374516129494 0.0144839659333229 0.013394876383245 0.0135608855634928 0.0134307658299804 0.0131619526073337 0.0114503568038344 0.0125112542882562 0.01058304682374 0.0105282487347722 0.00943760294467211 0.00949030369520187 0.00930105708539486 0.0094244098290801 0.0102038197219372 0.00984315574169159 0.0112074119970202 0.011345692910254 0.0120604075491428 0.0118492087349296 0.0128596713766456 0.0135711040347815 0.0153232309967279 0.0161773003637791 0.0175699666142464 0.0241074450314045 0.0413005203008652 0.0892576649785042 0.0825775787234306 0.0558507516980171 0.046349722892046 0.0447192303836346 0.0461832731962204 0.0690259411931038 0.100874729454517 0.119557984173298 0.131587877869606 0.161977365612984 0.122437573969364 0.135223984718323 0.0968893319368362
0.0176328998059034 0.0175280440598726 0.0165739636868238 0.0155359264463186 0.0122847957536578 0.0114438701421022 0.011067658662796 0.010601693764329 0.0100184502080083 0.00999228097498417 0.0137032335624099 0.0134496530517936 0.0139196235686541 0.0146684618666768 0.0133846001699567 0.0133765041828156 0.0146874533966184 0.0135219851508737 0.0128175634890795 0.0127465715631843 0.0127046881243587 0.0116197969764471 0.0117119280621409 0.0128142721951008 0.0157473552972078 0.0143143134191632 0.0129494313150644 0.0128995021805167 0.0135801574215293 0.014986771158874 0.0159727204591036 0.0159140303730965 0.017998730763793 0.0207661390304565 0.0206328723579645 0.0216038059443235 0.0304862651973963 0.0500461906194687 0.0588839985430241 0.070608377456665 0.0892413705587387 0.0645810067653656 0.0535622350871563 0.0682891756296158 0.0713773518800735 0.0867737010121346 0.0825703740119934 0.0840679407119751 0.114458344876766 0.145586654543877 0.253102630376816 0.246166288852692
0.0136086447164416 0.0110445031896234 0.0112661151215434 0.0114335874095559 0.0107707977294922 0.0109050814062357 0.0109293749555945 0.0109800528734922 0.0110708242282271 0.00965998508036137 0.00967022869735956 0.0105866584926844 0.0124171152710915 0.0107321748510003 0.014550150372088 0.0151758575811982 0.0173652041703463 0.0153206856921315 0.0139356916770339 0.0140265366062522 0.015569930896163 0.0137531291693449 0.0165870748460293 0.0156321339309216 0.0150257311761379 0.0148103879764676 0.0155742410570383 0.0157103538513184 0.0168209709227085 0.0184619799256325 0.0224061217159033 0.0221944991499186 0.0261093340814114 0.0283877328038216 0.0300508495420218 0.0440413095057011 0.0586653500795364 0.0522479154169559 0.0753067582845688 0.122520789504051 0.0856499001383781 0.0725836604833603 0.0994046702980995 0.161539688706398 0.277140498161316 0.195632115006447 0.146144896745682 0.124210186302662 0.118169747292995 0.123020634055138 0.152192041277885 0.226269766688347
0.0111119952052832 0.0108055174350739 0.0103485519066453 0.0102832494303584 0.0108156958594918 0.0107085462659597 0.0114161884412169 0.0113396849483252 0.010720950551331 0.0107110710814595 0.0113536175340414 0.0115695465356112 0.010761633515358 0.0109775783494115 0.0112487589940429 0.0112944655120373 0.0165467541664839 0.0165062602609396 0.0167176779359579 0.0172311812639236 0.0171367209404707 0.0171601176261902 0.0171732250601053 0.0180358439683914 0.0176336765289307 0.0181496515870094 0.0194654334336519 0.0194390416145325 0.022500891238451 0.0256624165922403 0.03003422729671 0.0322560481727123 0.0380935035645962 0.047233659774065 0.0463832877576351 0.0772334337234497 0.086228184401989 0.0794551521539688 0.100298136472702 0.144357264041901 0.123610928654671 0.0932655334472656 0.134500116109848 0.212896510958672 0.273993313312531 0.240906834602356 0.260501474142075 0.223449528217316 0.174236416816711 0.199385553598404 0.22905907034874 0.193100243806839
0.0104753440245986 0.0105215320363641 0.0108534879982471 0.0113083524629474 0.011921027675271 0.0115356082096696 0.0120463771745563 0.0126070408150554 0.012628335505724 0.0127219362184405 0.012021703645587 0.0120400600135326 0.0120889246463776 0.0123505033552647 0.0184915475547314 0.0185083299875259 0.0186518859118223 0.0186447594314814 0.0192341357469559 0.0200534258037806 0.0201584566384554 0.0204207934439182 0.0199497863650322 0.0219538807868958 0.0232954360544682 0.0231228098273277 0.0237070899456739 0.0273702349513769 0.034486535936594 0.0408411659300327 0.0500350408256054 0.0541921406984329 0.0814000219106674 0.0803183168172836 0.0856934413313866 0.113143362104893 0.143184587359428 0.208188250660896 0.185790821909904 0.222072616219521 0.167724713683128 0.112733863294125 0.203455552458763 0.23581725358963 0.167060688138008 0.182075008749962 0.230144754052162 0.186238899827003 0.156805649399757 0.169933900237083 0.253744304180145 0.39093029499054
0.0108314864337444 0.0121220964938402 0.0125484643504024 0.0130445808172226 0.012987126596272 0.0130613129585981 0.0130628114566207 0.0138167692348361 0.0141401188448071 0.0142030352726579 0.0199170298874378 0.0197190213948488 0.0197782516479492 0.0203278921544552 0.0204784199595451 0.0217572599649429 0.0220524948090315 0.0223748683929443 0.0224826261401176 0.0244914684444666 0.0242826361209154 0.0239868313074112 0.024445429444313 0.0245976187288761 0.0257834028452635 0.0263808015733957 0.0310507658869028 0.0364508666098118 0.0420192517340183 0.0558051578700542 0.0750387758016586 0.0905469506978989 0.084226094186306 0.0967023968696594 0.108592972159386 0.101036325097084 0.114529609680176 0.117337360978127 0.143119588494301 0.214335799217224 0.161476671695709 0.171290531754494 0.246581301093102 0.283042430877686 0.251310080289841 0.202801555395126 0.197114884853363 0.201688319444656 0.206418007612228 0.239756673574448 0.143693253397942 0.285222113132477
0.0125727746635675 0.0136189060285687 0.0152405947446823 0.0144812129437923 0.0136249726638198 0.0134644657373428 0.0140975955873728 0.0144094154238701 0.0145483557134867 0.0148314042016864 0.014935047365725 0.0147195588797331 0.0151176024228334 0.0165339298546314 0.0161691457033157 0.0169813819229603 0.0175443850457668 0.0193713027983904 0.0197385642677546 0.0283551663160324 0.0282491110265255 0.0291628278791904 0.0292836781591177 0.0315644629299641 0.0318593680858612 0.038789339363575 0.0421843379735947 0.0497059896588326 0.0608472563326359 0.0881622284650803 0.0694281607866287 0.0534602999687195 0.0711760893464088 0.0943181738257408 0.0927975177764893 0.111349567770958 0.095681793987751 0.132093951106071 0.251381486654282 0.260103046894073 0.254816234111786 0.254636704921722 0.312401413917542 0.363314777612686 0.391285330057144 0.425586640834808 0.42362642288208 0.407914072275162 0.413936346769333 0.313050985336304 0.202691465616226 0.13788466155529
0.0134903462603688 0.0157345328480005 0.0150126414373517 0.0143713261932135 0.0139622110873461 0.0141156874597073 0.0148000298067927 0.0154589666053653 0.0159497801214457 0.0162979159504175 0.0163404233753681 0.016505379229784 0.0170115828514099 0.0180589985102415 0.0186083652079105 0.0201163031160831 0.0216290503740311 0.0310532227158546 0.0316361784934998 0.0338317975401878 0.0345219038426876 0.0348421446979046 0.03761887550354 0.0537159405648708 0.0500523112714291 0.0509044677019119 0.0545269288122654 0.0631464868783951 0.0511923991143703 0.0843627825379372 0.0588687025010586 0.0950843691825867 0.0790652707219124 0.103500030934811 0.123743362724781 0.155413180589676 0.183761313557625 0.263456881046295 0.251610726118088 0.310045421123505 0.319123238325119 0.369841933250427 0.403664708137512 0.450358211994171 0.458943784236908 0.403706789016724 0.385223090648651 0.312664568424225 0.38175106048584 0.441569447517395 0.356596678495407 0.246520027518272
0.0136097483336926 0.0143764289095998 0.013623433187604 0.0147898392751813 0.0143987238407135 0.0145187554880977 0.0147863011807203 0.0161798652261496 0.0167498700320721 0.017042875289917 0.0181124713271856 0.0188239011913538 0.0200455896556377 0.0219478812068701 0.0315942205488682 0.034014992415905 0.0339793339371681 0.0349781177937984 0.0371933691203594 0.0288935489952564 0.0319284573197365 0.0551505647599697 0.0512729547917843 0.0509821064770222 0.0405390374362469 0.0418257936835289 0.0610616244375706 0.0495605282485485 0.0544659085571766 0.0872142240405083 0.0636537373065948 0.0961117744445801 0.0830155685544014 0.0930913388729095 0.137244015932083 0.196428209543228 0.215485170483589 0.159219831228256 0.300972729921341 0.277921974658966 0.368269920349121 0.393344849348068 0.420081377029419 0.368721127510071 0.351662456989288 0.361241936683655 0.397773534059525 0.251355201005936 0.270827740430832 0.355001866817474 0.253703832626343 0.229702010750771
0.0126081006601453 0.013301832601428 0.0144981117919087 0.0149947013705969 0.0150185404345393 0.0146221518516541 0.0156882964074612 0.0170644167810678 0.0176533777266741 0.0187241043895483 0.0213610716164112 0.0229854490607977 0.0346025116741657 0.0349097512662411 0.0267335921525955 0.0268185175955296 0.0293096024543047 0.0295482538640499 0.0321577601134777 0.0330397225916386 0.0521526858210564 0.0555879175662994 0.0439825877547264 0.0452077873051167 0.0650534629821777 0.0721152648329735 0.0545613802969456 0.0624825656414032 0.0913829281926155 0.078178845345974 0.128345713019371 0.11322595179081 0.102903001010418 0.11849769204855 0.188895106315613 0.150266066193581 0.159232407808304 0.144863933324814 0.208095729351044 0.252945840358734 0.308416903018951 0.250848442316055 0.319310039281845 0.278020560741425 0.423057198524475 0.440978765487671 0.352212578058243 0.448015093803406 0.42285543680191 0.318287938833237 0.355631858110428 0.2169468998909
0.0138400169089437 0.0147468000650406 0.0139039540663362 0.0140558090060949 0.0142472116276622 0.015013325959444 0.0161858927458525 0.016997616738081 0.0200191680341959 0.0207393690943718 0.0223786383867264 0.0256979651749134 0.0263463612645864 0.026850413531065 0.029155757278204 0.030642282217741 0.0328255109488964 0.0360336415469646 0.0497347339987755 0.056033119559288 0.0446066446602345 0.0486293286085129 0.0536648519337177 0.0726540386676788 0.0633928626775742 0.06736970692873 0.10571364313364 0.0914546102285385 0.106247872114182 0.137570112943649 0.16329550743103 0.168626487255096 0.206399098038673 0.182574689388275 0.209929898381233 0.282104849815369 0.24459807574749 0.186120316386223 0.235640496015549 0.242083147168159 0.251123160123825 0.273379504680634 0.301308035850525 0.399106949567795 0.386735051870346 0.390201210975647 0.331462651491165 0.250743180513382 0.293822765350342 0.226354107260704 0.205438956618309 0.264138728380203
0.0238931905478239 0.0239837858825922 0.0161834992468357 0.0151135381311178 0.0152722019702196 0.0156624261289835 0.0184451155364513 0.0193181242793798 0.0210149139165878 0.0221187025308609 0.024299830198288 0.0258690901100636 0.0274567268788815 0.0303366351872683 0.0328287668526173 0.0358347482979298 0.0364626385271549 0.0572468601167202 0.0449778586626053 0.0495604202151299 0.0538081675767899 0.0546493045985699 0.0800693407654762 0.0650241896510124 0.0746872276067734 0.0921907275915146 0.108256928622723 0.136580809950829 0.170643597841263 0.187188506126404 0.173248335719109 0.24910144507885 0.30197486281395 0.239537909626961 0.222778648138046 0.237778916954994 0.225093677639961 0.239963978528976 0.228017836809158 0.271504640579224 0.252771317958832 0.280501216650009 0.338267087936401 0.340437233448029 0.328384071588516 0.279785752296448 0.260782033205032 0.323976755142212 0.371326863765717 0.3618044257164 0.399683147668839 0.368402302265167
0.0183610767126083 0.0202365703880787 0.0162742827087641 0.0176514200866222 0.0157131738960743 0.0177045930176973 0.019532099366188 0.020872438326478 0.0221100151538849 0.0244117025285959 0.0265083611011505 0.0279366578906775 0.0296652428805828 0.03257667273283 0.0348394885659218 0.05559116974473 0.0439289920032024 0.0479487404227257 0.052332054823637 0.0541835129261017 0.0589915737509727 0.0856786668300629 0.0689607039093971 0.0838550701737404 0.100423343479633 0.119426161050797 0.149471923708916 0.199875369668007 0.232457533478737 0.183478012681007 0.202362298965454 0.227570608258247 0.261338382959366 0.280775517225266 0.278126835823059 0.245628148317337 0.275662064552307 0.251688897609711 0.255720406770706 0.318871945142746 0.29241868853569 0.300109326839447 0.358889877796173 0.398544460535049 0.344037979841232 0.34776982665062 0.351299166679382 0.437093377113342 0.478050023317337 0.475260883569717 0.395670086145401 0.414908707141876
