data/climate_estimation/maxent_output/Trillium_recurvatum.asc
NCOLS 265 
NROWS 156 
XLLCORNER -94.25 
YLLCORNER 31.75 
CELLSIZE 0.0833333333333333 
NODATA_value -3.4e+38 
[rows 100 to 119 of 156, columns 184 to 229 of 265]
0.245722398161888 0.249711990356445 0.253322273492813 0.254537791013718 0.250483363866806 0.263740628957748 0.247960045933723 0.248869299888611 0.252882480621338 0.247799277305603 0.243443682789803 0.254290878772736 0.255042463541031 0.255600392818451 0.273293644189835 0.287613093852997 0.281345337629318 0.281038552522659 0.270869553089142 0.273653745651245 0.261697947978973 0.265390187501907 0.253372251987457 0.251277923583984 0.245140269398689 0.245939806103706 0.241127654910088 0.227682754397392 0.227164298295975 0.213787198066711 0.214413583278656 0.19863523542881 0.18761995434761 0.184332951903343 0.185536175966263 0.181793197989464 0.184944853186607 0.191818594932556 -3.4e+38 -3.4e+38 -3.4e+38 -3.4e+38 -3.4e+38 -3.4e+38 -3.4e+38 -3.4e+38
0.241553127765656 0.242387875914574 0.255480647087097 0.252964407205582 0.253991723060608 0.254279941320419 0.244593843817711 0.245435744524002 0.247382700443268 0.243436187505722 0.251321405172348 0.250221759080887 0.251936703920364 0.262281030416489 0.269342690706253 0.280883103609085 0.278512686491013 0.281851351261139 0.274327009916306 0.26178440451622 0.264034688472748 0.253654778003693 0.251007229089737 0.242991045117378 0.243877694010735 0.233916953206062 0.225705161690712 0.223031148314476 0.209603518247604 0.195534586906433 0.193438857793808 0.177631601691246 0.167516216635704 0.169749885797501 0.173801764845848 0.177751645445824 0.181280821561813 0.183302819728851 -3.4e+38 -3.4e+38 -3.4e+38 -3.4e+38 -3.4e+38 -3.4e+38 -3.4e+38 -3.4e+38
0.238878309726715 0.247038409113884 0.249550074338913 0.249433979392052 0.249934136867523 0.246400639414787 0.243840903043747 0.248852267861366 0.249366387724876 0.245059832930565 0.253097057342529 0.253538817167282 0.256780207157135 0.260316163301468 0.272987514734268 0.271928697824478 0.267569690942764 0.275443285703659 0.266052544116974 0.260888755321503 0.248410597443581 0.245989516377449 0.243169546127319 0.241027846932411 0.233141928911209 0.227304235100746 0.218601867556572 0.20317767560482 0.200166389346123 0.18634307384491 0.173642411828041 0.165474310517311 0.164087355136871 0.15774142742157 0.164718642830849 0.172011747956276 0.176097437739372 0.180951938033104 0.17891138792038 -3.4e+38 -3.4e+38 -3.4e+38 -3.4e+38 -3.4e+38 -3.4e+38 -3.4e+38
0.249406650662422 0.251089662313461 0.248468935489655 0.250833123922348 0.240552812814713 0.241073876619339 0.246161639690399 0.242251947522163 0.251380771398544 0.249534830451012 0.247604116797447 0.247682645916939 0.250320583581924 0.259609818458557 0.259044468402863 0.257766485214233 0.265606462955475 0.264082044363022 0.265635401010513 0.253362357616425 0.244824215769768 0.234232023358345 0.235152423381805 0.230125248432159 0.225537180900574 0.214523211121559 0.213321581482887 0.196217581629753 0.189086586236954 0.179719984531403 0.166456148028374 0.158500701189041 0.157930091023445 0.157194584608078 0.164568960666656 -3.4e+38 0.176435574889183 0.174175769090652 0.175136283040047 -3.4e+38 -3.4e+38 -3.4e+38 -3.4e+38 -3.4e+38 -3.4e+38 -3.4e+38
0.244196966290474 0.245586052536964 0.245225891470909 0.241981998085976 0.235596254467964 0.24400620162487 0.239939168095589 0.24471640586853 0.245782077312469 0.252002835273743 0.250663757324219 0.251484990119934 0.25047954916954 0.263004660606384 0.259891748428345 0.258122354745865 0.270731151103973 0.265889525413513 0.256767213344574 0.2503502368927 0.242757007479668 0.238050356507301 0.235029220581055 0.226107284426689 0.221208214759827 0.20936593413353 0.194755956530571 0.188835605978966 0.176036804914474 0.173841431736946 0.170948401093483 -3.4e+38 -3.4e+38 -3.4e+38 -3.4e+38 -3.4e+38 -3.4e+38 0.168143719434738 0.170659407973289 0.164753019809723 -3.4e+38 -3.4e+38 -3.4e+38 -3.4e+38 -3.4e+38 -3.4e+38
0.237015932798386 0.237716317176819 0.247551321983337 0.238835424184799 0.245437175035477 0.239808320999146 0.233024060726166 0.241562277078629 0.239803731441498 0.247818484902382 0.244841173291206 0.256887674331665 0.253724813461304 0.254501342773438 0.262376040220261 0.259007781744003 0.256794720888138 0.258475035429001 0.251544624567032 0.247234985232353 0.243061646819115 0.235576167702675 0.229795888066292 0.227025240659714 0.216982826590538 0.198176980018616 0.189173102378845 0.182271599769592 0.172671929001808 0.166667252779007 0.163980051875114 0.156423807144165 0.151951029896736 0.157356604933739 0.164654538035393 0.171772241592407 0.173418924212456 0.167293280363083 0.164234891533852 0.160931915044785 -3.4e+38 -3.4e+38 -3.4e+38 -3.4e+38 -3.4e+38 -3.4e+38
0.245571613311768 0.24314346909523 0.243322178721428 0.241634726524353 0.239862203598022 0.233249306678772 0.242253184318542 0.236746415495872 0.240415006875992 0.250708818435669 0.248800992965698 0.251472920179367 0.246306329965591 0.252117544412613 0.247677758336067 0.254865854978561 0.252635449171066 0.254031717777252 0.249803885817528 0.24536395072937 0.239012971520424 0.229509860277176 0.22849377989769 0.217657178640366 0.202782735228539 0.191981360316277 0.189924418926239 0.173762634396553 0.167722910642624 0.167336702346802 0.164997547864914 0.158057793974876 0.154820546507835 0.158975496888161 0.159440129995346 0.164422929286957 0.168554574251175 0.161287814378738 0.15836888551712 0.13905069231987 0.132715821266174 -3.4e+38 -3.4e+38 -3.4e+38 -3.4e+38 -3.4e+38
0.234749093651772 0.234740421175957 0.233888819813728 0.244664400815964 0.240595474839211 0.235260218381882 0.233044356107712 0.238326758146286 0.240326300263405 0.240256011486053 0.245020195841789 0.24944943189621 0.243234157562256 0.252532958984375 0.250731885433197 0.246305763721466 0.245801463723183 0.243752911686897 0.240250170230865 0.235043853521347 0.229279428720474 0.226521655917168 0.222526103258133 0.210744351148605 0.201059982180595 0.194389417767525 0.191094011068344 0.173534616827965 0.167865678668022 0.167842730879784 0.158900260925293 0.15566298365593 0.158958226442337 0.154371023178101 0.164579689502716 0.160071536898613 0.161513537168503 0.15453465282917 0.152700796723366 0.134381696581841 0.128456294536591 -3.4e+38 -3.4e+38 -3.4e+38 -3.4e+38 -3.4e+38
0.236913725733757 0.232831716537476 0.235548123717308 0.237169861793518 0.236806005239487 0.238898307085037 0.233659774065018 0.23503178358078 0.242220357060432 0.240213111042976 0.242896154522896 0.242440491914749 0.24078281223774 0.24339197576046 0.240679547190666 0.239438012242317 0.238234862685204 0.232843548059464 0.231160342693329 0.219599589705467 0.215924859046936 0.213137254118919 0.203342869877815 0.202113494277 0.196653053164482 0.184607475996017 0.181599110364914 0.174625977873802 0.166423857212067 0.161824092268944 0.159377440810204 0.159975692629814 0.156719356775284 0.159733697772026 0.15334364771843 0.154409036040306 0.14833927154541 0.135959565639496 0.128574579954147 -3.4e+38 0.113740548491478 0.109995953738689 -3.4e+38 -3.4e+38 -3.4e+38 -3.4e+38
0.239393249154091 0.235727861523628 0.237321078777313 0.234667107462883 0.232216328382492 0.238415271043777 0.230917498469353 0.237879872322083 0.237932369112968 0.241225197911263 0.238542512059212 0.237693697214127 0.229321926832199 0.229734882712364 0.227395832538605 0.220488607883453 0.217247754335403 0.212652385234833 0.215813487768173 0.207355156540871 0.208263799548149 0.195788398385048 0.192160353064537 0.187337175011635 0.189361169934273 0.183549523353577 0.181969493627548 0.174045413732529 0.169446513056755 0.160940125584602 0.166101306676865 0.156398847699165 0.152217745780945 0.152861505746841 0.152763336896896 0.149522483348846 0.132961422204971 0.126011669635773 0.124649651348591 -3.4e+38 -3.4e+38 0.106708861887455 -3.4e+38 -3.4e+38 -3.4e+38 -3.4e+38
0.239506170153618 0.238205149769783 0.239995926618576 0.237148806452751 0.23121277987957 0.237479656934738 0.234713658690453 0.237486869096756 0.235972180962563 0.230136319994926 0.222175046801567 0.218506246805191 0.216778814792633 0.21275307238102 0.20707730948925 0.2000982016325 0.19897235929966 0.193055242300034 0.19852939248085 0.193653047084808 0.19336961209774 0.18732325732708 0.188293591141701 0.182053372263908 0.178393378853798 0.170779585838318 0.169654533267021 0.167871043086052 0.167994141578674 0.164720475673676 0.162756323814392 0.156207650899887 0.151707887649536 0.148176178336143 0.151791200041771 0.13274085521698 0.132085144519806 0.122825600206852 -3.4e+38 -3.4e+38 -3.4e+38 0.100587904453278 -3.4e+38 -3.4e+38 -3.4e+38 -3.4e+38
0.24518010020256 0.24518010020256 0.238178104162216 0.233354583382607 0.237846836447716 0.232927218079567 0.231923222541809 0.222822368144989 0.216409936547279 0.205831661820412 0.204599052667618 0.203767493367195 0.191164016723633 0.193318158388138 0.179852783679962 0.179834067821503 0.173454403877258 0.17787466943264 0.176245331764221 0.17570261657238 0.176026880741119 0.171387895941734 0.171917214989662 0.167362198233604 0.166477739810944 0.169140323996544 0.167135789990425 0.163218513131142 0.165107145905495 0.159678548574448 0.159119129180908 0.150461196899414 0.14867228269577 0.146509304642677 0.134473919868469 0.127788409590721 -3.4e+38 -3.4e+38 -3.4e+38 -3.4e+38 -3.4e+38 0.0966039821505547 -3.4e+38 -3.4e+38 -3.4e+38 -3.4e+38
0.246943920850754 0.244099885225296 0.241439178586006 0.230141162872314 0.228634923696518 0.229565888643265 0.220322221517563 0.209642842411995 0.198683127760887 0.189636185765266 0.182121306657791 0.172752380371094 0.171881765127182 0.164031639695168 0.167156085371971 0.154743149876595 0.156302139163017 0.154317915439606 0.158973872661591 0.165979072451591 0.156818553805351 0.163517281413078 0.163679361343384 0.162439614534378 0.162577643990517 0.159798741340637 0.157397344708443 0.160969018936157 0.159027352929115 0.157467499375343 0.155740693211555 0.150149121880531 0.140256181359291 0.135372832417488 0.129041507840157 -3.4e+38 -3.4e+38 -3.4e+38 -3.4e+38 -3.4e+38 0.0902317464351654 0.0926694869995117 -3.4e+38 -3.4e+38 -3.4e+38 -3.4e+38
0.243215695023537 0.240394219756126 0.233590945601463 0.229918926954269 0.223318934440613 0.208639949560165 0.196662366390228 0.19385302066803 0.180615991353989 0.173484861850739 0.166642963886261 0.15824519097805 0.157670259475708 0.150664880871773 0.142995208501816 0.144043698906898 0.140922635793686 0.143700122833252 0.145015642046928 0.148300021886826 0.145728230476379 0.147633448243141 0.14893114566803 0.149081841111183 0.149214550852776 0.149014472961426 0.153052061796188 0.154528945684433 0.153658553957939 0.150041326880455 -3.4e+38 0.140108734369278 -3.4e+38 0.132206723093987 -3.4e+38 -3.4e+38 -3.4e+38 -3.4e+38 -3.4e+38 0.107387401163578 0.102544188499451 -3.4e+38 -3.4e+38 -3.4e+38 -3.4e+38 -3.4e+38
0.217402204871178 0.213356092572212 0.216837152838707 0.211966052651405 0.197349578142166 0.188120618462563 0.181153506040573 0.161558791995049 0.162740603089333 0.154734298586845 0.149656981229782 0.140872806310654 0.138671517372131 0.13521534204483 0.131687819957733 0.130078196525574 0.12802842259407 0.131001174449921 0.129922196269035 0.130064234137535 0.13495922088623 0.135090112686157 0.136713817715645 0.13774462044239 0.144145429134369 0.145531550049782 0.143328651785851 0.145795047283173 0.146250560879707 0.150231182575226 -3.4e+38 -3.4e+38 -3.4e+38 -3.4e+38 -3.4e+38 -3.4e+38 -3.4e+38 0.103798627853394 0.0963723435997963 0.109653055667877 0.103686131536961 -3.4e+38 -3.4e+38 -3.4e+38 -3.4e+38 -3.4e+38
0.202170416712761 0.20839835703373 0.197348609566689 0.183493480086327 0.177979007363319 0.171813666820526 0.163388222455978 0.158028498291969 0.14504911005497 0.139028042554855 0.139471352100372 0.129404410719872 0.12614306807518 0.125281617045403 0.122537881135941 0.11972376704216 0.119921810925007 0.120447613298893 0.125472590327263 0.122207120060921 0.121794685721397 0.124088890850544 0.124209389090538 0.12667889893055 0.134484499692917 0.138179168105125 0.140713676810265 0.140699326992035 0.139621064066887 -3.4e+38 -3.4e+38 -3.4e+38 -3.4e+38 -3.4e+38 -3.4e+38 0.112746238708496 0.109434425830841 0.104944638907909 -3.4e+38 -3.4e+38 -3.4e+38 -3.4e+38 -3.4e+38 -3.4e+38 -3.4e+38 -3.4e+38
0.189751550555229 0.19428913295269 0.183412134647369 0.176026612520218 0.161855041980743 0.156193315982819 0.150248005986214 0.14141733944416 0.13177128136158 0.120778791606426 0.122087560594082 0.119802236557007 0.116930983960629 0.115107119083405 0.111470103263855 0.110343262553215 0.10985753685236 0.116273447871208 0.114458240568638 0.114270381629467 0.115804418921471 0.115427896380424 0.118117086589336 0.123139850795269 0.122323609888554 0.129457488656044 0.132721707224846 0.132274284958839 0.126657962799072 0.132648706436157 0.124100401997566 0.130484461784363 0.12308556586504 0.12079119682312 0.118768736720085 0.11415509134531 -3.4e+38 -3.4e+38 -3.4e+38 -3.4e+38 -3.4e+38 -3.4e+38 -3.4e+38 -3.4e+38 -3.4e+38 -3.4e+38
0.181472659111023 0.173575922846794 0.171156793832779 0.165727376937866 0.146678417921066 0.142126739025116 0.132488414645195 0.132485672831535 0.121126897633076 0.115822643041611 0.107568599283695 0.106836043298244 0.108151823282242 0.105507485568523 0.103847026824951 0.102462068200111 0.106860674917698 0.10507058352232 0.10298202931881 0.109891965985298 0.106390312314034 0.109014235436916 0.112065114080906 0.115321733057499 0.123291969299316 0.123409479856491 0.112138077616692 0.119773671030998 0.122266836464405 0.118943676352501 0.123042598366737 0.125710040330887 0.120833411812782 0.124980039894581 -3.4e+38 -3.4e+38 -3.4e+38 -3.4e+38 -3.4e+38 -3.4e+38 -3.4e+38 -3.4e+38 -3.4e+38 -3.4e+38 -3.4e+38 -3.4e+38
0.172402158379555 0.166908964514732 0.156340003013611 0.143771350383759 0.138989970088005 0.132711306214333 0.127587899565697 0.11728098988533 0.109103478491306 0.106010906398296 0.0984169468283653 0.0975431352853775 0.0973637402057648 0.0966961458325386 0.0948553532361984 0.0982316061854362 0.0974829569458961 0.0957502797245979 0.098634734749794 0.098800927400589 0.102250851690769 0.106885679066181 0.10830320417881 0.112202547490597 0.113714449107647 0.115861266851425 0.106971599161625 0.109457060694695 0.115126147866249 0.113686062395573 0.117862939834595 0.116946712136269 0.118181243538857 -3.4e+38 -3.4e+38 -3.4e+38 -3.4e+38 -3.4e+38 -3.4e+38 -3.4e+38 -3.4e+38 -3.4e+38 -3.4e+38 -3.4e+38 -3.4e+38 -3.4e+38
0.164767891168594 0.15398545563221 0.14857941865921 0.133949220180511 0.132201954722404 0.126034200191498 0.116099797189236 0.107133753597736 0.104378558695316 0.0970134735107422 0.0956087410449982 0.089512787759304 0.0877277925610542 0.0923772230744362 0.0900234133005142 0.0906293094158173 0.0911185592412949 0.0905954092741013 0.093235045671463 0.0932847633957863 0.097622849047184 0.0987018868327141 0.102382726967335 0.104560188949108 0.111750334501266 0.0986505150794983 0.100857198238373 0.104707196354866 0.104002580046654 0.107682757079601 0.105081334710121 -3.4e+38 -3.4e+38 -3.4e+38 -3.4e+38 -3.4e+38 -3.4e+38 -3.4e+38 -3.4e+38 -3.4e+38 -3.4e+38 -3.4e+38 -3.4e+38 -3.4e+38 -3.4e+38 -3.4e+38
