data/climate_estimation/maxent_output/Trillium_tschonoskii.asc
NCOLS 617 
NROWS 300 
XLLCORNER 94.0833333333333 
YLLCORNER 22.6666666666667 
CELLSIZE 0.0833333333333333 
NODATA_value -3.4e+38 
[rows 147 to 167 of 300, columns 276 to 321 of 617]
0.0814043506979942 0.0835769400000572 0.0894649177789688 0.0925950407981873 0.0958117097616196 0.113607041537762 0.113556534051895 0.103200741112232 0.0863642916083336 0.0866498276591301 0.089958980679512 0.0971949249505997 0.126767724752426 0.113663092255592 0.099052906036377 0.106420367956161 0.105385452508926 0.120032414793968 0.134333834052086 0.141766950488091 0.160834789276123 0.184580266475677 0.198691830039024 0.206744208931923 0.232016906142235 0.229670405387878 0.22001525759697 0.219563022255898 0.236850425601006 0.24391134083271 -3.4e+38 -3.4e+38 -3.4e+38 -3.4e+38 -3.4e+38 -3.4e+38 -3.4e+38 -3.4e+38 -3.4e+38 -3.4e+38 -3.4e+38 -3.4e+38 -3.4e+38 -3.4e+38 -3.4e+38 -3.4e+38
0.0762368515133858 0.0816792622208595 0.0965205729007721 0.0878484323620796 0.0998730361461639 0.11881460249424 0.114739187061787 0.140519231557846 0.104263223707676 0.0969886183738708 0.0902744457125664 0.0911105051636696 0.0936814472079277 0.0970787405967712 0.10364768654108 0.107605174183846 0.107228577136993 0.118632480502129 0.125889927148819 0.140087425708771 0.157585501670837 0.184384107589722 0.194606989622116 0.212594643235207 0.206926167011261 0.200553223490715 0.211249768733978 0.215762197971344 0.230302825570107 -3.4e+38 -3.4e+38 -3.4e+38 -3.4e+38 -3.4e+38 -3.4e+38 -3.4e+38 -3.4e+38 -3.4e+38 -3.4e+38 -3.4e+38 -3.4e+38 -3.4e+38 -3.4e+38 -3.4e+38 -3.4e+38 -3.4e+38
0.0771098062396049 0.0738785341382027 0.0793866738677025 0.084723487496376 0.111850365996361 0.119134970009327 0.112161688506603 0.128200352191925 0.115628160536289 0.112188681960106 0.111355632543564 0.105234183371067 0.0919531360268593 0.0983829349279404 0.0950870364904404 0.0981455892324448 0.112430460751057 0.116117238998413 0.124100431799889 0.14226470887661 0.156872525811195 0.167457386851311 0.173312664031982 0.179376006126404 0.178759232163429 0.195681005716324 0.208522066473961 0.201568409800529 -3.4e+38 -3.4e+38 -3.4e+38 -3.4e+38 -3.4e+38 -3.4e+38 -3.4e+38 -3.4e+38 -3.4e+38 -3.4e+38 -3.4e+38 -3.4e+38 -3.4e+38 -3.4e+38 -3.4e+38 -3.4e+38 -3.4e+38 -3.4e+38
0.0725900307297707 0.0723155811429024 0.0768500491976738 0.0916289389133453 0.116094000637531 0.137854591012001 0.132729917764664 0.109509170055389 0.101986117660999 0.121226988732815 0.116537876427174 0.113134406507015 0.0954939723014832 0.0989804789423943 0.0956547185778618 0.103351108729839 0.109697669744492 0.11322095990181 0.12434483319521 0.138131484389305 0.14742536842823 0.153136238455772 0.153228640556335 0.160244986414909 0.171901568770409 0.168134987354279 0.187175408005714 0.213040634989738 -3.4e+38 -3.4e+38 -3.4e+38 -3.4e+38 -3.4e+38 -3.4e+38 -3.4e+38 -3.4e+38 -3.4e+38 -3.4e+38 -3.4e+38 -3.4e+38 -3.4e+38 -3.4e+38 -3.4e+38 -3.4e+38 -3.4e+38 -3.4e+38
0.0719919353723526 0.0774353221058846 0.0865185782313347 0.0895897820591927 0.109580390155315 0.12950111925602 0.134277164936066 0.120689176023006 0.126076892018318 0.118255764245987 0.110488146543503 0.103273339569569 0.107320055365562 0.0998114123940468 0.104234077036381 0.10420623421669 0.114862933754921 0.117828741669655 0.129724904894829 0.148754730820656 0.148214906454086 0.139056175947189 0.153925612568855 0.149477660655975 0.151060432195663 0.157206177711487 0.169355556368828 -3.4e+38 -3.4e+38 -3.4e+38 -3.4e+38 -3.4e+38 -3.4e+38 -3.4e+38 -3.4e+38 -3.4e+38 -3.4e+38 -3.4e+38 -3.4e+38 -3.4e+38 -3.4e+38 -3.4e+38 -3.4e+38 -3.4e+38 -3.4e+38 -3.4e+38
0.0753162875771523 0.0781056061387062 0.0841299295425415 0.0870036333799362 0.103228114545345 0.125903382897377 0.122492432594299 0.122875325381756 0.111237861216068 0.103440634906292 0.111351855099201 0.100373402237892 0.111484967172146 0.100544616580009 0.107860915362835 0.108361653983593 0.115558572113514 0.122396044433117 0.126942127943039 0.150215432047844 0.140201956033707 0.134804680943489 0.135301232337952 0.139966785907745 0.140084236860275 0.151034981012344 -3.4e+38 -3.4e+38 -3.4e+38 -3.4e+38 -3.4e+38 -3.4e+38 -3.4e+38 -3.4e+38 -3.4e+38 -3.4e+38 -3.4e+38 -3.4e+38 -3.4e+38 -3.4e+38 -3.4e+38 -3.4e+38 -3.4e+38 -3.4e+38 -3.4e+38 -3.4e+38
0.0763953402638435 0.0790614932775497 0.0870359614491463 0.0900381803512573 0.0904337838292122 0.096771240234375 0.0970069989562035 0.100641123950481 0.100392691791058 0.100059129297733 0.103961266577244 0.103934444487095 0.104425944387913 0.104998268187046 0.115377716720104 0.115769863128662 0.115555293858051 0.122941382229328 0.127216428518295 0.126355051994324 0.13159966468811 0.131196737289429 0.131381168961525 0.131972849369049 0.145927891135216 0.140399307012558 -3.4e+38 -3.4e+38 -3.4e+38 -3.4e+38 -3.4e+38 -3.4e+38 -3.4e+38 -3.4e+38 -3.4e+38 -3.4e+38 -3.4e+38 -3.4e+38 -3.4e+38 -3.4e+38 -3.4e+38 -3.4e+38 -3.4e+38 -3.4e+38 -3.4e+38 -3.4e+38
0.0793950483202934 0.0785635709762573 0.0875605568289757 0.0972868278622627 0.0976004004478455 0.0976220443844795 0.0975505635142326 0.0973383709788322 0.0965339094400406 0.100403837859631 0.108171187341213 0.104336678981781 0.11245658993721 0.111391514539719 0.115917906165123 0.119933269917965 0.128394961357117 0.128608092665672 0.128167644143105 0.132322132587433 0.127935379743576 0.12776555120945 0.131907671689987 0.132562771439552 0.142626702785492 0.157575875520706 0.175118550658226 0.198814064264297 0.227719828486443 -3.4e+38 -3.4e+38 -3.4e+38 -3.4e+38 -3.4e+38 -3.4e+38 -3.4e+38 -3.4e+38 -3.4e+38 -3.4e+38 -3.4e+38 -3.4e+38 -3.4e+38 -3.4e+38 -3.4e+38 -3.4e+38 -3.4e+38
0.0821496993303299 0.0822587758302689 0.0850504264235497 0.0913021042943001 0.0972756072878838 0.0974296629428864 0.0936122015118599 0.0941087231040001 0.0977523624897003 0.100904643535614 0.104326978325844 0.112511411309242 0.120029650628567 0.115761861205101 0.121413335204124 0.120073154568672 0.132723763585091 0.132846936583519 0.132664516568184 0.13303130865097 0.128406301140785 0.124691225588322 0.127992913126945 0.137085989117622 0.147362232208252 0.158628463745117 0.180566743016243 0.219624668359756 0.253064543008804 -3.4e+38 -3.4e+38 -3.4e+38 -3.4e+38 -3.4e+38 -3.4e+38 -3.4e+38 -3.4e+38 -3.4e+38 -3.4e+38 -3.4e+38 -3.4e+38 -3.4e+38 -3.4e+38 -3.4e+38 -3.4e+38 -3.4e+38
0.0853345468640327 0.0849819928407669 0.0851422324776649 0.0848244279623032 0.0881832763552666 0.0947894752025604 0.0981737449765205 0.0935925245285034 0.0970077663660049 0.104567758738995 0.107635207474232 0.115752927958965 0.116109311580658 0.12026609480381 0.120782263576984 0.129046499729156 0.129133313894272 0.137851908802986 0.137976303696632 0.133309364318848 0.128690779209137 0.129342824220657 0.13374787569046 0.142877355217934 0.158501282334328 0.179991185665131 0.24462802708149 0.205260545015335 0.206198558211327 0.216676875948906 0.216728046536446 -3.4e+38 -3.4e+38 -3.4e+38 -3.4e+38 -3.4e+38 -3.4e+38 -3.4e+38 -3.4e+38 -3.4e+38 -3.4e+38 -3.4e+38 -3.4e+38 -3.4e+38 -3.4e+38 -3.4e+38
0.0859952419996262 0.0852795019745827 0.091062918305397 0.0950142815709114 0.0947285667061806 0.0938610509037971 0.0940996706485748 0.0977008566260338 0.101648643612862 0.104846902191639 0.112357847392559 0.0999592989683151 0.103353053331375 0.10857879370451 0.120629504323006 0.124756455421448 0.132936239242554 0.133533224463463 0.128407642245293 0.129447102546692 0.133721560239792 0.139229893684387 0.138953655958176 0.148384138941765 0.174521535634995 0.185753107070923 0.192140340805054 0.201908603310585 0.209176763892174 0.222771808505058 0.233642622828484 0.234842672944069 0.235180616378784 -3.4e+38 -3.4e+38 -3.4e+38 -3.4e+38 -3.4e+38 -3.4e+38 -3.4e+38 -3.4e+38 -3.4e+38 -3.4e+38 -3.4e+38 -3.4e+38 -3.4e+38
0.0829242393374443 0.0860402137041092 0.0952009782195091 0.0946841090917587 0.0978392362594604 0.105241186916828 0.1055773422122 0.102209724485874 0.101493127644062 0.10497360676527 0.112499229609966 0.112239755690098 0.100139446556568 0.103800766170025 0.125276565551758 0.120519310235977 0.124464809894562 0.124635525047779 0.128843978047371 0.128826409578323 0.133542791008949 0.129328444600105 0.143372625112534 0.157547265291214 0.173872858285904 0.187015324831009 0.195371612906456 0.170361742377281 0.175529211759567 0.174791648983955 0.185143396258354 0.195012465119362 0.238512635231018 0.255467236042023 0.249406307935715 0.249314486980438 -3.4e+38 -3.4e+38 -3.4e+38 -3.4e+38 -3.4e+38 -3.4e+38 -3.4e+38 -3.4e+38 -3.4e+38 -3.4e+38
0.0889961495995522 0.0918363407254219 0.091691330075264 0.0877057909965515 0.0952706262469292 0.0977854430675507 0.0975793153047562 0.10199211537838 0.0978360176086426 0.105794996023178 0.108799420297146 0.108793385326862 0.0996476337313652 0.097122959792614 0.120437830686569 0.116785146296024 0.11621966958046 0.124257735908031 0.12509398162365 0.124810367822647 0.133328512310982 0.134528130292892 0.147874414920807 0.15124137699604 0.177678197622299 0.189378082752228 0.158642277121544 0.176978811621666 0.182816132903099 0.193332180380821 0.199455365538597 0.197169676423073 0.195245891809464 0.250849932432175 0.248699516057968 0.242130860686302 0.242771297693253 0.243445485830307 -3.4e+38 -3.4e+38 -3.4e+38 -3.4e+38 -3.4e+38 -3.4e+38 -3.4e+38 -3.4e+38
0.0924774035811424 0.0885953977704048 0.0884922593832016 0.0886286273598671 0.091847337782383 0.0916173532605171 0.0976061969995499 0.0977839380502701 0.100775703787804 0.101464979350567 0.108549237251282 0.109381124377251 0.105417191982269 0.112356767058372 0.112095169723034 0.108370557427406 0.112571336328983 0.112542606890202 0.123234398663044 0.127739489078522 0.127676069736481 0.141088515520096 0.151202321052551 0.163680553436279 0.180428057909012 0.152993142604828 0.166540458798409 0.178456977009773 0.186303481459618 0.187169104814529 0.186174765229225 0.205365434288979 0.204584434628487 0.195681616663933 0.252602964639664 0.245832279324532 0.254709243774414 0.247656598687172 0.244445279240608 -3.4e+38 -3.4e+38 -3.4e+38 -3.4e+38 -3.4e+38 -3.4e+38 -3.4e+38
0.0956963822245598 0.0886448100209236 0.0913654416799545 0.0945600122213364 0.101498857140541 0.0982896462082863 0.0980144813656807 0.0952145829796791 0.101240739226341 0.0980953648686409 0.102002888917923 0.101645685732365 0.104948118329048 0.101406440138817 0.106968156993389 0.103964902460575 0.109656721353531 0.109379984438419 0.121296532452106 0.125442057847977 0.133920192718506 0.138508081436157 0.153279602527618 0.131539836525917 0.149730741977692 0.154865682125092 0.166385322809219 0.181864574551582 0.188144087791443 0.189771875739098 0.182053342461586 0.199258297681808 0.196774303913116 0.197888165712357 0.191614627838135 0.250924438238144 0.24049337208271 0.233661144971848 0.24222157895565 -3.4e+38 -3.4e+38 -3.4e+38 -3.4e+38 -3.4e+38 -3.4e+38 -3.4e+38
0.0888830572366714 0.0915371924638748 0.091554306447506 0.0946063920855522 0.0951805338263512 0.0982937216758728 0.0982906818389893 0.0981160700321198 0.0985394790768623 0.101771138608456 0.0950342416763306 0.0951047912240028 0.0963567793369293 0.101504750549793 0.107800282537937 0.111673139035702 0.114358462393284 0.0926432758569717 0.124263636767864 0.128623709082603 0.142223909497261 0.146602034568787 0.126867651939392 0.127449318766594 0.146562129259109 0.157661825418472 0.168575391173363 0.175837635993958 0.185867413878441 0.18698413670063 0.198113054037094 0.20169997215271 0.205194711685181 0.199673339724541 0.253158807754517 0.247180819511414 0.244458019733429 0.244669124484062 0.239856764674187 0.234353497624397 -3.4e+38 -3.4e+38 -3.4e+38 -3.4e+38 -3.4e+38 -3.4e+38
0.0950858071446419 0.0947850197553635 0.0948799401521683 0.094631016254425 0.0911228731274605 0.0976457893848419 0.0980315357446671 0.101397790014744 0.0982643365859985 0.0953720360994339 0.0967595726251602 0.0980842113494873 0.100344128906727 0.0994901433587074 0.0247107949107885 0.0247148815542459 0.0257149171084166 0.0917445048689842 0.0980227515101433 0.105303175747395 0.138600885868073 0.15472836792469 0.127858310937881 0.135802745819092 0.149393796920776 0.157415330410004 0.172379523515701 0.179946541786194 0.189347267150879 0.197768196463585 0.192025721073151 0.194074049592018 0.201123401522636 0.193314552307129 0.242584139108658 0.239653751254082 0.232558012008667 0.229388147592545 0.229022666811943 0.226328328251839 -3.4e+38 -3.4e+38 -3.4e+38 -3.4e+38 -3.4e+38 -3.4e+38
0.0969793796539307 0.0934563055634499 0.097398616373539 0.0977236926555634 0.0907271280884743 0.0979169085621834 0.0943871587514877 0.0977621451020241 0.0965225398540497 0.100233539938927 0.0978847816586494 0.100037790834904 0.10630176961422 0.0245092697441578 0.024332532659173 0.023865832015872 0.0249233078211546 0.0913536325097084 0.0949445441365242 0.101481921970844 0.112292356789112 0.11971652507782 0.131958544254303 0.136510461568832 0.148503094911575 0.153391525149345 0.160975635051727 0.178113415837288 0.185932248830795 0.191844299435616 0.192340537905693 0.193756833672523 0.193046241998672 0.195218086242676 0.24706819653511 0.242650255560875 0.232601061463356 0.225599393248558 0.22283411026001 0.222146108746529 -3.4e+38 -3.4e+38 -3.4e+38 -3.4e+38 -3.4e+38 -3.4e+38
0.098955363035202 0.0924014523625374 0.0969444885849953 0.100162193179131 0.0965413898229599 0.0930520072579384 0.0933482423424721 0.0983110591769218 0.093117393553257 0.101108193397522 0.100050948560238 0.105202063918114 0.082102544605732 0.0235310178250074 0.0227858386933804 0.0244793463498354 0.0264222379773855 0.0957501903176308 0.0974110588431358 0.107755027711391 0.111559629440308 0.123520232737064 0.127301290631294 0.138952061533928 0.143380910158157 0.159956067800522 0.165358930826187 0.178440541028976 0.185418531298637 0.186406478285789 0.191962972283363 0.186286002397537 0.188848435878754 0.245464459061623 0.242305815219879 0.230588063597679 0.221915751695633 0.225932508707047 0.215011671185493 0.222017228603363 0.227393582463264 -3.4e+38 -3.4e+38 -3.4e+38 -3.4e+38 -3.4e+38
0.0955846831202507 0.103253938257694 0.0985570922493935 0.0948606505990028 0.0923743173480034 0.0945766121149063 0.0942780822515488 0.0967322140932083 0.10046710819006 0.102306015789509 0.108212798833847 0.101550340652466 0.10763643682003 0.0852868631482124 0.0245625637471676 0.0238861571997404 0.0274513363838196 0.0982088670134544 0.101929858326912 0.109400779008865 0.116983748972416 0.121012814342976 0.125869691371918 0.181825816631317 0.142801225185394 0.149344563484192 0.166985020041466 0.175681844353676 0.181847393512726 0.182712271809578 0.191169798374176 0.192098677158356 0.22110415995121 0.243667036294937 0.244973719120026 0.235675141215324 0.224217370152473 0.205048188567162 0.211838334798813 0.224058404564857 0.227450892329216 -3.4e+38 -3.4e+38 -3.4e+38 -3.4e+38 -3.4e+38
0.0954631492495537 0.0936097353696823 0.0968552529811859 0.100703194737434 0.0958946868777275 0.0971735268831253 0.101697027683258 0.0964032486081123 0.101841971278191 0.108813315629959 0.104316689074039 0.110134035348892 0.117768578231335 0.0868540927767754 0.0864781215786934 0.0899168029427528 0.096510574221611 0.0999182164669037 0.101423867046833 0.108749479055405 0.148117005825043 0.158660590648651 0.168893933296204 0.181188255548477 0.197092369198799 0.149167150259018 0.156077980995178 0.22950604557991 0.182629257440567 0.184504702687263 0.187874689698219 0.246789336204529 0.213510230183601 0.241227641701698 0.240678414702415 0.231035560369492 0.234264031052589 0.223591163754463 0.21421591937542 0.217594474554062 0.229358658194542 -3.4e+38 -3.4e+38 -3.4e+38 -3.4e+38 -3.4e+38
