data/climate_estimation/maxent_output/Trillium_undulatum.asc
NCOLS 291 
NROWS 244 
XLLCORNER -84.5833333333333 
YLLCORNER 34.25 
CELLSIZE 0.0833333333333333 
NODATA_value -3.4e+38 
[rows 168 to 188 of 244, columns 94 to 140 of 291]
0.528422951698303 0.551778733730316 0.503156661987305 0.446076899766922 0.431755661964417 0.518495559692383 0.57273280620575 0.576883614063263 0.467110693454742 0.415293455123901 0.396722108125687 0.413374900817871 0.371689856052399 0.311129450798035 0.300243467092514 0.355395644903183 0.33710852265358 0.359799027442932 0.333615452051163 0.355788290500641 0.308115601539612 0.409249186515808 0.33532327413559 0.274784713983536 0.266785711050034 0.242134138941765 0.250906616449356 0.252155274152756 0.277515739202499 0.273703932762146 0.293219178915024 0.327700078487396 0.332211434841156 0.414095014333725 0.508705198764801 -3.4e+38 -3.4e+38 -3.4e+38 -3.4e+38 -3.4e+38 -3.4e+38 -3.4e+38 -3.4e+38 -3.4e+38 -3.4e+38 -3.4e+38 -3.4e+38
0.470973193645477 0.459557086229324 0.332937687635422 0.344855010509491 0.32941547036171 0.361883074045181 0.365698546171188 0.351399600505829 0.3846116065979 0.362411916255951 0.385707080364227 0.453801244497299 0.531410813331604 0.516018152236938 0.405004620552063 0.401922941207886 0.360119640827179 0.353573828935623 0.320771187543869 0.292738705873489 0.299555212259293 0.320120751857758 0.259072601795197 0.281848937273026 0.301511734724045 0.245881512761116 0.266723364591599 0.26460599899292 0.27289280295372 0.296285569667816 0.341849118471146 0.381347358226776 0.431509673595428 0.464168667793274 -3.4e+38 -3.4e+38 -3.4e+38 -3.4e+38 -3.4e+38 -3.4e+38 -3.4e+38 -3.4e+38 -3.4e+38 -3.4e+38 -3.4e+38 -3.4e+38 -3.4e+38
0.272512257099152 0.241923257708549 0.248992294073105 0.274792432785034 0.309456676244736 0.329487890005112 0.34170326590538 0.344134956598282 0.35358715057373 0.337452411651611 0.506417036056519 0.381453156471252 0.448749840259552 0.441134124994278 0.343064188957214 0.339701265096664 0.357549875974655 0.333659321069717 0.33914041519165 0.323982954025269 0.281415641307831 0.242264792323112 0.298023223876953 0.298242598772049 0.277235001325607 0.275741457939148 0.283274263143539 0.279484659433365 0.285854935646057 0.346299529075623 0.400107115507126 0.467443019151688 0.514918446540833 0.521871447563171 -3.4e+38 -3.4e+38 -3.4e+38 -3.4e+38 -3.4e+38 -3.4e+38 -3.4e+38 -3.4e+38 -3.4e+38 -3.4e+38 -3.4e+38 -3.4e+38 -3.4e+38
0.213061511516571 0.224287569522858 0.251666575670242 0.272009134292603 0.345224946737289 0.365770787000656 0.443103581666946 0.447627812623978 0.438213169574738 0.394100815057755 0.353437066078186 0.299619317054749 0.337003529071808 0.320112586021423 0.319664478302002 0.299167454242706 0.30887034535408 0.314908742904663 0.300202518701553 0.273924946784973 0.264257580041885 0.247082248330116 0.249101489782333 0.266548484563828 0.258743017911911 0.257905930280685 0.277660101652145 0.302749574184418 0.315755814313889 0.363059014081955 0.417394727468491 0.467953771352768 0.518182933330536 0.539781808853149 -3.4e+38 -3.4e+38 -3.4e+38 -3.4e+38 -3.4e+38 -3.4e+38 -3.4e+38 -3.4e+38 -3.4e+38 -3.4e+38 -3.4e+38 -3.4e+38 -3.4e+38
0.193658471107483 0.232745498418808 0.247825339436531 0.287454664707184 0.308314323425293 0.294344931840897 0.295279055833817 0.342708826065063 0.38438493013382 0.482933551073074 0.443576663732529 0.467988193035126 0.379145920276642 0.302481293678284 0.302038937807083 0.301868170499802 0.293323665857315 0.298780769109726 0.283303081989288 0.263096988201141 0.27022397518158 0.260603398084641 0.270199656486511 0.251950681209564 0.253806054592133 0.2660913169384 0.28881773352623 0.331582456827164 0.346743226051331 0.37628498673439 0.412058889865875 0.525155901908875 0.571315288543701 0.597564458847046 -3.4e+38 -3.4e+38 -3.4e+38 -3.4e+38 -3.4e+38 -3.4e+38 -3.4e+38 -3.4e+38 -3.4e+38 -3.4e+38 -3.4e+38 -3.4e+38 -3.4e+38
0.168758302927017 0.222631931304932 0.21698085963726 0.238512724637985 0.235825881361961 0.26144728064537 0.276988685131073 0.306635022163391 0.364877909421921 0.465953886508942 0.487489223480225 0.45027494430542 0.44042244553566 0.356888949871063 0.291617810726166 0.276454746723175 0.251408606767654 0.239189073443413 0.25406876206398 0.272465437650681 0.25473627448082 0.259552478790283 0.236021161079407 0.235462620854378 0.248503312468529 0.260978758335114 0.283226549625397 0.307762086391449 0.323789864778519 0.355618417263031 0.409498572349548 0.500670492649078 0.553238391876221 -3.4e+38 -3.4e+38 -3.4e+38 -3.4e+38 -3.4e+38 -3.4e+38 -3.4e+38 -3.4e+38 -3.4e+38 -3.4e+38 -3.4e+38 -3.4e+38 -3.4e+38 -3.4e+38
0.207121983170509 0.230734974145889 0.212182968854904 0.235739275813103 0.239775419235229 0.2574642598629 0.275976240634918 0.306094467639923 0.382427275180817 0.443681955337524 0.490151822566986 0.407976597547531 0.361389547586441 0.381113111972809 0.359724700450897 0.329373419284821 0.312434494495392 0.26949405670166 0.253320723772049 0.227943062782288 0.211041763424873 0.213887721300125 0.226162448525429 0.239731177687645 0.244538947939873 0.27058544754982 0.279334664344788 0.306911647319794 0.318224191665649 0.337063819169998 0.430674612522125 0.468686789274216 0.519753634929657 -3.4e+38 -3.4e+38 -3.4e+38 -3.4e+38 -3.4e+38 -3.4e+38 -3.4e+38 -3.4e+38 -3.4e+38 -3.4e+38 -3.4e+38 -3.4e+38 -3.4e+38 -3.4e+38
0.235397070646286 0.290962398052216 0.296045929193497 0.240420371294022 0.235204979777336 0.268048316240311 0.299752950668335 0.400138944387436 0.40394127368927 0.44184535741806 0.402804911136627 0.347932279109955 0.341562688350677 0.328922986984253 0.329244375228882 0.295542925596237 0.263184189796448 0.234277695417404 0.186946451663971 0.178545072674751 0.197099879384041 0.209715113043785 0.222234144806862 0.234844580292702 0.235019907355309 0.263010025024414 0.278658151626587 0.307090222835541 0.337004572153091 0.338454753160477 0.375029951334 0.452140331268311 0.498561859130859 -3.4e+38 -3.4e+38 -3.4e+38 -3.4e+38 -3.4e+38 -3.4e+38 -3.4e+38 -3.4e+38 -3.4e+38 -3.4e+38 -3.4e+38 -3.4e+38 -3.4e+38 -3.4e+38
0.306342631578445 0.374512284994125 0.380370259284973 0.359734266996384 0.286326557397842 0.386595070362091 0.391879022121429 0.376460134983063 0.373302042484283 0.378682106733322 0.382438033819199 0.337581813335419 0.326549708843231 0.295064449310303 0.311564892530441 0.246123984456062 0.194108471274376 0.172395408153534 0.164606645703316 0.176995500922203 0.200188487768173 0.226354017853737 0.228900715708733 0.257023274898529 0.251159489154816 0.280030936002731 0.307775586843491 0.326289445161819 0.375284969806671 0.405308306217194 0.43640273809433 0.449458748102188 0.476221740245819 -3.4e+38 -3.4e+38 -3.4e+38 -3.4e+38 -3.4e+38 -3.4e+38 -3.4e+38 -3.4e+38 -3.4e+38 -3.4e+38 -3.4e+38 -3.4e+38 -3.4e+38 -3.4e+38
0.393850088119507 0.447476774454117 0.369863957166672 0.320909708738327 0.317322880029678 0.259227633476257 0.295329064130783 0.312048345804214 0.3156997859478 0.356220930814743 0.33313113451004 0.304843991994858 0.30553737282753 0.275552868843079 0.275504618883133 0.191968485713005 0.150405213236809 0.168638288974762 0.180018350481987 0.191641390323639 0.2048609405756 0.233369499444962 0.239608839154243 0.25557878613472 0.257165312767029 0.308390617370605 0.33455491065979 0.384430229663849 0.427430868148804 0.446016013622284 0.445519417524338 0.499035894870758 -3.4e+38 -3.4e+38 -3.4e+38 -3.4e+38 -3.4e+38 -3.4e+38 -3.4e+38 -3.4e+38 -3.4e+38 -3.4e+38 -3.4e+38 -3.4e+38 -3.4e+38 -3.4e+38 -3.4e+38
0.418586939573288 0.390163838863373 0.369245231151581 0.31451803445816 0.291732490062714 0.256852477788925 0.246073618531227 0.264913827180862 0.297884315252304 0.299862504005432 0.281695425510406 0.252096235752106 0.224227875471115 0.19867530465126 0.176602691411972 0.16323721408844 0.163332045078278 0.1747115701437 0.196125328540802 0.211712211370468 0.227826327085495 0.228942632675171 0.231824636459351 0.233009859919548 0.273494511842728 0.306082159280777 0.343150854110718 0.371537715196609 0.423298180103302 0.433795869350433 0.463213294744492 0.494648545980453 -3.4e+38 -3.4e+38 -3.4e+38 -3.4e+38 -3.4e+38 -3.4e+38 -3.4e+38 -3.4e+38 -3.4e+38 -3.4e+38 -3.4e+38 -3.4e+38 -3.4e+38 -3.4e+38 -3.4e+38
0.34517902135849 0.311626642942429 0.322744160890579 0.283810466527939 0.238403499126434 0.222859680652618 0.220970541238785 0.22070138156414 0.27418839931488 0.229858309030533 0.218523517251015 0.206213414669037 0.19310337305069 0.18306502699852 0.172164022922516 0.168673723936081 0.169465646147728 0.18167681992054 0.203449159860611 0.219534561038017 0.220815762877464 0.223073720932007 0.216753929853439 0.2252317070961 0.281380265951157 0.305016040802002 0.331647902727127 0.386402696371078 0.431414395570755 0.450892925262451 0.480883717536926 0.504271984100342 -3.4e+38 -3.4e+38 -3.4e+38 -3.4e+38 -3.4e+38 -3.4e+38 -3.4e+38 -3.4e+38 -3.4e+38 -3.4e+38 -3.4e+38 -3.4e+38 -3.4e+38 -3.4e+38 -3.4e+38
0.237976595759392 0.214934423565865 0.250152558088303 0.23402838408947 0.216769978404045 0.202514320611954 0.212043344974518 0.203238770365715 0.184369206428528 0.19144332408905 0.180453047156334 0.178681030869484 0.17867274582386 0.167337790131569 0.164676234126091 0.16542786359787 0.177324816584587 0.188567563891411 0.203731909394264 0.206984475255013 0.221086010336876 0.223618194460869 0.224897190928459 0.237016230821609 0.295168280601501 0.336803942918777 0.361319094896317 0.418959110975266 0.446684420108795 0.508583247661591 0.513933718204498 -3.4e+38 -3.4e+38 -3.4e+38 -3.4e+38 -3.4e+38 -3.4e+38 -3.4e+38 -3.4e+38 -3.4e+38 -3.4e+38 -3.4e+38 -3.4e+38 -3.4e+38 -3.4e+38 -3.4e+38 -3.4e+38
0.228015184402466 0.172457754611969 0.17549179494381 0.166175872087479 0.15140788257122 0.133942484855652 0.148432582616806 0.147655665874481 0.154930159449577 0.177591189742088 0.176728054881096 0.176613107323647 0.17502199113369 0.169275090098381 0.170242339372635 0.171129986643791 0.185530290007591 0.200281471014023 0.20458360016346 0.219088807702065 0.221288949251175 0.222729384899139 0.237972304224968 0.287919670343399 0.308061271905899 0.365841805934906 0.413651704788208 0.468257516622543 0.520249664783478 0.507457375526428 -3.4e+38 -3.4e+38 -3.4e+38 -3.4e+38 -3.4e+38 -3.4e+38 -3.4e+38 -3.4e+38 -3.4e+38 -3.4e+38 -3.4e+38 -3.4e+38 -3.4e+38 -3.4e+38 -3.4e+38 -3.4e+38 -3.4e+38
0.170403480529785 0.136983796954155 0.129058793187141 0.105972170829773 0.100131325423717 0.118982173502445 0.133714094758034 0.145492509007454 0.160912737250328 0.168755248188972 0.176871851086617 0.175318986177444 0.179536163806915 0.179586678743362 0.182827949523926 0.185229569673538 0.18926514685154 0.202640950679779 0.218603074550629 0.233829826116562 0.257366806268692 0.237753212451935 0.253530889749527 0.321837693452835 0.342370897531509 0.383514791727066 0.450291782617569 0.521111309528351 0.540394484996796 -3.4e+38 -3.4e+38 -3.4e+38 -3.4e+38 -3.4e+38 -3.4e+38 -3.4e+38 -3.4e+38 -3.4e+38 -3.4e+38 -3.4e+38 -3.4e+38 -3.4e+38 -3.4e+38 -3.4e+38 -3.4e+38 -3.4e+38 -3.4e+38
0.130676791071892 0.0746072307229042 0.0783384963870049 0.0881964340806007 0.0955011546611786 0.113558232784271 0.13102450966835 0.147217974066734 0.153482228517532 0.17044723033905 0.180024459958076 0.178539678454399 0.178590476512909 0.189256563782692 0.198842033743858 0.193416193127632 0.208898797631264 0.205660834908485 0.219588547945023 0.235078886151314 0.28955414891243 0.252664715051651 0.269086897373199 0.341860443353653 0.35948571562767 0.423179864883423 0.474142283201218 0.524800717830658 -3.4e+38 -3.4e+38 -3.4e+38 -3.4e+38 -3.4e+38 -3.4e+38 -3.4e+38 -3.4e+38 -3.4e+38 -3.4e+38 -3.4e+38 -3.4e+38 -3.4e+38 -3.4e+38 -3.4e+38 -3.4e+38 -3.4e+38 -3.4e+38 -3.4e+38
0.101493589580059 0.0818277224898338 0.0798107385635376 0.0907515212893486 0.0958115756511688 0.121120356023312 0.131996095180511 0.146772474050522 0.145196184515953 0.162797868251801 0.173388823866844 0.183606818318367 0.183527901768684 0.196147814393044 0.210331484675407 0.223251566290855 0.222491964697838 -3.4e+38 0.233964666724205 0.28889462351799 0.289834290742874 0.306879162788391 0.343270421028137 0.37641578912735 0.419375509023666 0.445104122161865 -3.4e+38 -3.4e+38 -3.4e+38 -3.4e+38 -3.4e+38 -3.4e+38 -3.4e+38 -3.4e+38 -3.4e+38 -3.4e+38 -3.4e+38 -3.4e+38 -3.4e+38 -3.4e+38 -3.4e+38 -3.4e+38 -3.4e+38 -3.4e+38 -3.4e+38 -3.4e+38 -3.4e+38
0.121398948132992 0.105737745761871 0.107867948710918 0.111589469015598 -3.4e+38 0.121012143790722 0.128215342760086 0.138285219669342 0.152363032102585 0.156842410564423 0.165862143039703 0.17695926129818 0.188893243670464 0.201673626899719 0.220416858792305 0.232147425413132 0.232331916689873 -3.4e+38 -3.4e+38 -3.4e+38 -3.4e+38 -3.4e+38 0.394654333591461 0.40322944521904 0.440870761871338 -3.4e+38 -3.4e+38 -3.4e+38 -3.4e+38 -3.4e+38 -3.4e+38 -3.4e+38 -3.4e+38 -3.4e+38 -3.4e+38 -3.4e+38 -3.4e+38 -3.4e+38 -3.4e+38 -3.4e+38 -3.4e+38 -3.4e+38 -3.4e+38 -3.4e+38 -3.4e+38 -3.4e+38 -3.4e+38
0.140248328447342 0.130433276295662 0.132219269871712 0.1374341994524 0.137480512261391 0.132514715194702 0.129033699631691 0.141043275594711 0.154137521982193 0.158568158745766 0.159743696451187 0.180467799305916 0.192581087350845 0.21816523373127 0.224412262439728 0.236407279968262 0.249556854367256 0.259255081415176 -3.4e+38 -3.4e+38 -3.4e+38 0.432641863822937 0.456434428691864 0.460535258054733 0.461954712867737 -3.4e+38 -3.4e+38 -3.4e+38 -3.4e+38 -3.4e+38 -3.4e+38 -3.4e+38 -3.4e+38 -3.4e+38 -3.4e+38 -3.4e+38 -3.4e+38 -3.4e+38 -3.4e+38 -3.4e+38 -3.4e+38 -3.4e+38 -3.4e+38 -3.4e+38 -3.4e+38 -3.4e+38 -3.4e+38
0.157776489853859 0.154981091618538 0.143643960356712 0.138836532831192 0.166064888238907 0.167488321661949 0.138294667005539 0.151134058833122 0.150991171598434 0.152821645140648 0.162942573428154 0.173912614583969 0.18555448949337 0.202010259032249 0.228677183389664 0.240880742669106 0.263585060834885 0.295159637928009 -3.4e+38 -3.4e+38 -3.4e+38 0.473611176013947 0.496220886707306 0.497417837381363 -3.4e+38 -3.4e+38 -3.4e+38 -3.4e+38 -3.4e+38 -3.4e+38 -3.4e+38 -3.4e+38 -3.4e+38 -3.4e+38 -3.4e+38 -3.4e+38 -3.4e+38 -3.4e+38 -3.4e+38 -3.4e+38 -3.4e+38 -3.4e+38 -3.4e+38 -3.4e+38 -3.4e+38 -3.4e+38 -3.4e+38
0.166592121124268 0.163679152727127 0.142033383250237 0.129598692059517 0.166056960821152 0.147699773311615 0.148353904485703 0.154413133859634 0.154771327972412 0.155806750059128 0.157094731926918 0.167533054947853 0.18923731148243 0.219419240951538 0.238572478294373 0.25448551774025 0.297492474317551 0.313783824443817 0.345192819833755 -3.4e+38 -3.4e+38 -3.4e+38 -3.4e+38 -3.4e+38 -3.4e+38 -3.4e+38 -3.4e+38 -3.4e+38 -3.4e+38 -3.4e+38 -3.4e+38 -3.4e+38 -3.4e+38 -3.4e+38 -3.4e+38 -3.4e+38 -3.4e+38 -3.4e+38 -3.4e+38 -3.4e+38 -3.4e+38 -3.4e+38 -3.4e+38 -3.4e+38 -3.4e+38 -3.4e+38 -3.4e+38
