data/climate_estimation/maxent_output/Trillium_petiolatum.asc
NCOLS 63 
NROWS 62 
XLLCORNER -120.833333333333 
YLLCORNER 43.5 
CELLSIZE 0.0833333333333333 
NODATA_value -3.4e+38 
[rows 40 to 59 of 62, columns 0 to 43 of 63]
0.331750988960266 0.41047540307045 0.375924825668335 0.111928455531597 0.336949795484543 0.437370181083679 0.445160001516342 0.417100548744202 0.397346556186676 0.254049926996231 0.258130341768265 0.346685141324997 0.355126798152924 0.308741837739944 0.434355616569519 0.466172367334366 0.556035697460175 0.572403132915497 0.662081003189087 0.635969400405884 0.697847187519073 0.723717749118805 0.760327637195587 0.772990345954895 0.716650187969208 0.737764596939087 0.806284189224243 0.830534398555756 0.889035940170288 0.915572464466095 0.920882046222687 0.924546539783478 0.942841112613678 0.721214234828949 0.51342099905014 0.589096426963806 0.97153651714325 0.55903148651123 0.583105862140656 0.606462955474854 0.248600050806999 0.242773488163948 0.291362702846527 0.683978080749512
0.349736958742142 0.483293950557709 0.374506741762161 0.177962243556976 0.260751396417618 0.403822392225266 0.466355502605438 0.435657650232315 0.431641399860382 0.431692957878113 0.411777764558792 0.506255328655243 0.516597628593445 0.519505441188812 0.528314054012299 0.532814264297485 0.632850825786591 0.645733535289764 0.646382987499237 0.624491512775421 0.659012019634247 0.754285871982574 0.737687110900879 0.781054019927979 0.786510109901428 0.787367284297943 0.851834774017334 0.831258118152618 0.919406652450562 0.926137447357178 0.903312504291534 0.904484450817108 0.896485269069672 0.968120157718658 0.978937268257141 0.677074074745178 0.942014515399933 0.872189164161682 0.523630201816559 0.427676051855087 0.356991559267044 0.182638049125671 0.161677852272987 0.197802528738976
0.443790674209595 0.439646482467651 0.379765033721924 0.166559189558029 0.112316489219666 0.379848539829254 0.338397085666656 0.388552844524384 0.470236331224442 0.580946743488312 0.564072668552399 0.567138373851776 0.565792858600616 0.61096978187561 0.600697934627533 0.638385593891144 0.675370752811432 0.660516202449799 0.608162343502045 0.641262233257294 0.707418203353882 0.755740225315094 0.787040174007416 0.811378061771393 0.791631519794464 0.817555904388428 0.739980697631836 0.819743454456329 0.882701456546783 0.924779653549194 0.754418432712555 0.66606068611145 0.746219158172607 0.944076061248779 0.975334644317627 0.960935175418854 0.964846670627594 0.953461945056915 0.925210535526276 0.56520026922226 0.308147728443146 0.323050707578659 0.252963036298752 0.272694796323776
0.642177402973175 0.548059284687042 0.452564060688019 0.412567347288132 0.185609847307205 0.407658308744431 0.461126118898392 0.536962449550629 0.612338781356812 0.654546678066254 0.640335381031036 0.599490940570831 0.619417130947113 0.692076206207275 0.628679275512695 0.638403177261353 0.644938230514526 0.642458915710449 0.650366365909576 0.654709458351135 0.730413138866425 0.733278214931488 0.777209520339966 0.839697420597076 0.817159354686737 0.754212379455566 0.626097738742828 0.607514321804047 0.832518517971039 0.845903038978577 0.745188593864441 0.536221861839294 0.906297504901886 0.980555891990662 0.920843899250031 0.854674398899078 0.883158385753632 0.94914323091507 0.941461384296417 0.900722205638885 0.826231002807617 0.692568957805634 0.480692476034164 0.430266201496124
0.601148784160614 0.597939968109131 0.595608592033386 0.320821940898895 0.143751323223114 0.505557894706726 0.635224759578705 0.545023560523987 0.60459303855896 0.647650182247162 0.691151797771454 0.631149113178253 0.649967789649963 0.620073556900024 0.651913702487946 0.625589489936829 0.564841270446777 0.574873685836792 0.414945602416992 0.664549946784973 0.663138449192047 0.758610963821411 0.763990223407745 0.785984396934509 0.821518003940582 0.864125788211823 0.812930226325989 0.641057014465332 0.700073301792145 0.584749639034271 0.373151361942291 0.252713114023209 0.772245407104492 0.981480300426483 0.820361793041229 0.798241138458252 0.871658146381378 0.765485227108002 0.757793307304382 0.942248582839966 0.937587440013885 0.937572956085205 0.936389684677124 0.936510741710663
0.240962237119675 0.417914211750031 0.576345384120941 0.272377461194992 0.0660306587815285 0.125403478741646 0.430114656686783 0.621210336685181 0.671643435955048 0.614424347877502 0.523859143257141 0.399691730737686 0.23061566054821 0.502843499183655 0.631988883018494 0.61019378900528 0.493465393781662 0.375447958707809 0.517086744308472 0.442475199699402 0.622062504291534 0.669847369194031 0.772615671157837 0.798157691955566 0.751352071762085 0.600546836853027 0.775053918361664 0.84197074174881 0.815515697002411 0.616980075836182 0.391047775745392 0.288156509399414 0.401059716939926 0.922878682613373 0.793378233909607 0.728577554225922 0.709667682647705 0.663561403751373 0.300867289304733 0.379588514566422 0.654186427593231 0.920058310031891 0.890243530273438 0.899353742599487
0.324129432439804 0.473354786634445 0.539799749851227 0.224198192358017 0.165871664881706 0.0946764275431633 0.294731616973877 0.19478066265583 0.557562649250031 0.272730439901352 0.295579224824905 0.352796107530594 0.30621811747551 0.277347058057785 0.283770680427551 0.219154521822929 0.275594919919968 0.315672725439072 0.605133593082428 0.598904550075531 0.616951942443848 0.678464651107788 0.759799003601074 0.809339940547943 0.760514676570892 0.509450137615204 0.500039875507355 0.661975085735321 0.860463857650757 0.846638381481171 0.732033610343933 0.840879380702972 0.604395508766174 0.596843719482422 0.958710432052612 0.804419219493866 0.666555643081665 0.821614682674408 0.548751771450043 0.455270260572433 0.417652726173401 0.740169405937195 0.385055124759674 0.210525065660477
0.421406149864197 0.437959671020508 0.599222481250763 0.537256181240082 0.326415628194809 0.318679422140121 0.10693845897913 0.391102075576782 0.361315608024597 0.548011422157288 0.734947681427002 0.713769972324371 0.702789008617401 0.676552951335907 0.474971026182175 0.661808371543884 0.613153040409088 0.632616817951202 0.678798317909241 0.675336301326752 0.71026337146759 0.746986389160156 0.767412126064301 0.855121672153473 0.856567919254303 0.841925799846649 0.516681015491486 0.496232539415359 0.806387960910797 0.913423418998718 0.947065830230713 0.953721344470978 0.942483246326447 0.956701874732971 0.949745297431946 0.865377902984619 0.836603760719299 0.866231143474579 0.8640496134758 0.861088454723358 0.820273518562317 0.925041198730469 0.909453332424164 0.508875072002411
0.466160535812378 0.451276928186417 0.581053256988525 0.619403958320618 0.693111538887024 0.631322681903839 0.262407571077347 0.297447890043259 0.686191976070404 0.746668875217438 0.766648828983307 0.744009733200073 0.756742537021637 0.664134085178375 0.248923629522324 0.689763724803925 0.691304206848145 0.666342973709106 0.700103580951691 0.647283256053925 0.720829248428345 0.65536630153656 0.738717198371887 0.838092267513275 0.885156631469727 0.885375320911407 0.912385940551758 0.924631595611572 0.93970251083374 0.916228413581848 0.935064136981964 0.930593967437744 0.935542285442352 0.942088067531586 0.940048575401306 0.870080411434174 0.907357931137085 0.902171313762665 0.903570294380188 0.563669264316559 0.288195312023163 0.831072628498077 0.906181275844574 0.869149684906006
0.438400983810425 0.525922417640686 0.580217897891998 0.583963632583618 0.735980808734894 0.738846182823181 0.706761240959167 0.717193901538849 0.755965352058411 0.767928898334503 0.771619200706482 0.716378688812256 0.703822314739227 0.577294826507568 0.243112206459045 0.630238831043243 0.670312225818634 0.699114143848419 0.718367040157318 0.700010061264038 0.735089838504791 0.748552441596985 0.819049537181854 0.817529678344727 0.860558092594147 0.88065904378891 0.849798738956451 0.895695090293884 0.910311281681061 0.933432281017303 0.892280340194702 0.823254823684692 0.876244902610779 0.866788744926453 0.86755895614624 0.907181084156036 0.860346257686615 0.814975500106812 0.812989473342896 0.815678238868713 0.367562115192413 0.300090253353119 0.826339244842529 0.405098408460617
0.393589317798615 0.479817420244217 0.62245899438858 0.601315796375275 0.690509378910065 0.690245628356934 0.616550028324127 0.481354087591171 0.700609266757965 0.663289189338684 0.708018600940704 0.749385118484497 0.7246053814888 0.730143249034882 0.415577977895737 0.190805897116661 0.24065662920475 0.256307750940323 0.295887798070908 0.409553825855255 0.553586542606354 0.419106483459473 0.695514738559723 0.688244581222534 0.649005472660065 0.664634823799133 0.861120223999023 0.895983457565308 0.789883732795715 0.833952605724335 0.912873446941376 0.601552248001099 0.566272914409637 0.681384146213531 0.857244491577148 0.807607233524323 0.545050084590912 0.805375814437866 0.894321024417877 0.855554938316345 0.433963656425476 0.275163114070892 0.282135277986526 0.121305346488953
0.306969076395035 0.452323257923126 0.561107814311981 0.620287537574768 0.720550417900085 0.669837832450867 0.777525067329407 0.785946071147919 0.804936945438385 0.771788954734802 0.740453124046326 0.682212591171265 0.659544885158539 0.683653891086578 0.755355894565582 0.464859843254089 0.753380715847015 0.747168302536011 0.733604252338409 0.730693936347961 0.473959386348724 0.423525393009186 0.674043357372284 0.883320808410645 0.89514684677124 0.879871666431427 0.896084487438202 0.91263484954834 0.744491159915924 0.791055738925934 0.868440389633179 0.857986748218536 0.800787925720215 0.852922737598419 0.682076394557953 0.334659963846207 0.313233852386475 0.225875437259674 0.330534309148788 0.665988504886627 0.529591977596283 0.439282178878784 0.0598872005939484 0.112583339214325
0.20640541613102 0.397250920534134 0.511638760566711 0.60322117805481 0.734326303005219 0.609370172023773 0.681303322315216 0.818739593029022 0.805989921092987 0.823110997676849 0.797708332538605 0.794485569000244 0.788025140762329 0.788358747959137 0.735155165195465 0.500189244747162 0.562768638134003 0.739346742630005 0.761020302772522 0.742379784584045 0.717597007751465 0.777249693870544 0.80485212802887 0.801800966262817 0.621110618114471 0.427217304706573 0.478615999221802 0.760613739490509 0.606745302677155 0.84728741645813 0.724182188510895 0.881794273853302 0.87349808216095 0.721658289432526 0.382729589939117 0.273977696895599 0.27921935915947 0.367814987897873 0.245321363210678 0.109005250036716 0.275316268205643 0.232841417193413 0.0452852733433247 0.022342262789607
0.344924598932266 0.421552419662476 0.496901273727417 0.604430317878723 0.655183672904968 0.733973801136017 0.749875009059906 0.78930401802063 0.788100838661194 0.797870814800262 0.69853413105011 0.681483864784241 0.712704122066498 0.75591254234314 0.773819267749786 0.725914657115936 0.779711008071899 0.745320379734039 0.741417765617371 0.751233458518982 0.767576813697815 0.779185175895691 0.753701567649841 0.801024675369263 0.768165707588196 0.776285707950592 0.836455404758453 0.817180573940277 0.768245160579681 0.828042387962341 0.819386303424835 0.798319458961487 0.841049253940582 0.795398354530334 0.742443740367889 0.454821616411209 0.741593658924103 0.742037236690521 0.39050629734993 0.0477824322879314 0.0253291632980108 0.0441901013255119 0.034517478197813 0.0357315875589848
0.303704559803009 0.303852021694183 0.498127311468124 0.587008476257324 0.59186989068985 0.679631114006042 0.695222198963165 0.708309888839722 0.645778119564056 0.665818512439728 0.653480350971222 0.663659334182739 0.731629610061646 0.807139575481415 0.766029059886932 0.796569108963013 0.74520742893219 0.773068487644196 0.745263040065765 0.724550604820251 0.706275880336761 0.703437268733978 0.710644125938416 0.763964354991913 0.787642657756805 0.810770750045776 0.814412355422974 0.822180807590485 0.848745107650757 0.79217940568924 0.795537233352661 0.735418796539307 0.787994205951691 0.736650943756104 0.442265748977661 0.205125376582146 0.357931762933731 0.608042120933533 0.79517674446106 0.273143589496613 0.0267565883696079 0.0184426419436932 0.0149466581642628 0.022200183942914
0.353903114795685 0.346328884363174 0.507868409156799 0.577182292938232 0.671509623527527 0.69603031873703 0.753738462924957 0.80731612443924 0.822274804115295 0.769738018512726 0.833117187023163 0.781892418861389 0.774074137210846 0.815170049667358 0.797785937786102 0.782528042793274 0.746746242046356 0.718193888664246 0.747046649456024 0.723532915115356 0.752285480499268 0.739416837692261 0.699580132961273 0.764188349246979 0.767326891422272 0.783702731132507 0.799203932285309 0.827322542667389 0.783464729785919 0.832618176937103 0.640468418598175 0.742782413959503 0.738522887229919 0.467248648405075 0.266376376152039 0.0964252129197121 0.0592273212969303 0.0610502250492573 0.123006135225296 0.079305037856102 0.0318502560257912 0.0236725881695747 0.0158577039837837 0.0220477059483528
0.391227602958679 0.400466829538345 0.431953549385071 0.561881959438324 0.650696516036987 0.6777383685112 0.77580189704895 0.808254182338715 0.836003303527832 0.795642852783203 0.788742780685425 0.787165880203247 0.773551106452942 0.801479935646057 0.759853363037109 0.721602201461792 0.728922247886658 0.733690440654755 0.726526618003845 0.720028221607208 0.74421238899231 0.718950271606445 0.718907833099365 0.728486835956573 0.742719113826752 0.73932409286499 0.667581558227539 0.73905611038208 0.786527693271637 0.789540588855743 0.580447494983673 0.350649416446686 0.170139014720917 0.680661141872406 0.664680600166321 0.167904809117317 0.0597289614379406 0.0250109601765871 0.0311642065644264 0.0339603945612907 0.0213807839900255 0.01310502178967 0.0141267450526357 0.0183797143399715
0.365432888269424 0.39098259806633 0.461750626564026 0.495777308940887 0.603106737136841 0.651572525501251 0.745791614055634 0.729728758335114 0.786977648735046 0.752103567123413 0.79727703332901 0.788230240345001 0.77121889591217 0.751100957393646 0.783466219902039 0.743045449256897 0.776493012905121 0.725144147872925 0.749388635158539 0.719546318054199 0.758585572242737 0.704123079776764 0.707516312599182 0.710291504859924 0.717561781406403 0.773542284965515 0.451329529285431 0.373946726322174 0.507638931274414 0.375763565301895 0.217471346259117 0.29205647110939 0.348027765750885 0.739463090896606 0.736780166625977 0.515449285507202 0.24531489610672 0.0453069508075714 0.0150145068764687 0.0180658120661974 0.023075558245182 0.0152993248775601 0.0200445745140314 0.0274413153529167
0.37354239821434 0.403528928756714 0.422024637460709 0.516624331474304 0.571444272994995 0.677022695541382 0.710743963718414 0.768588960170746 0.778409063816071 0.633031845092773 0.753162026405334 0.780219078063965 0.762569189071655 0.770770311355591 0.722873449325562 0.713366806507111 0.703339397907257 0.719827175140381 0.669385373592377 0.687149703502655 0.713258147239685 0.710036814212799 0.713486909866333 0.709598243236542 0.715831279754639 0.71431040763855 0.621658802032471 0.501764714717865 0.205238506197929 0.18464957177639 0.230253368616104 0.180090755224228 0.119222931563854 0.116184160113335 0.0644028261303902 0.0740853101015091 0.0660537555813789 0.0266193188726902 0.022468464449048 0.0651595517992973 0.0384652316570282 0.035921610891819 0.0873481407761574 0.0369529165327549
0.438299566507339 0.409050673246384 0.47940668463707 0.47476390004158 0.579563319683075 0.64638215303421 0.675351738929749 0.719703495502472 0.714003443717957 0.534905076026917 0.571266055107117 0.733054280281067 0.725258767604828 0.696562707424164 0.674241662025452 0.721472382545471 0.719297289848328 0.691948890686035 0.723865747451782 0.671557903289795 0.682372868061066 0.679245829582214 0.673345506191254 0.716849386692047 0.659681379795074 0.662848234176636 0.668682217597961 0.623439848423004 0.21907351911068 0.229034662246704 0.217114627361298 0.436148345470428 0.0649084970355034 0.146684125065804 0.363786935806274 0.679552376270294 0.305954426527023 0.0533353984355927 0.150536924600601 0.320978224277496 0.161366939544678 0.0822128877043724 0.079683743417263 0.0319770239293575
