data/climate_estimation/maxent_output/Trillium_decipiens.asc
NCOLS 48 
NROWS 51 
XLLCORNER -87.1666666666667 
YLLCORNER 30.5 
CELLSIZE 0.0833333333333333 
NODATA_value -3.4e+38 
[rows 20 to 39 of 51, columns 0 to 43 of 48]
0.318046510219574 0.332972884178162 0.350032776594162 0.354157745838165 0.370910465717316 0.370746850967407 0.354310125112534 0.352616250514984 0.360333949327469 0.368394792079926 0.363099038600922 0.37339785695076 0.369731545448303 0.380251675844193 0.385905206203461 0.383572280406952 0.387687742710114 0.381762772798538 0.393254488706589 0.389265894889832 0.397806853055954 0.395703941583633 0.3958400785923 0.393965989351273 0.382277548313141 0.376889079809189 0.356600344181061 0.360774099826813 0.360827744007111 0.738720774650574 0.75130307674408 0.76188987493515 0.729004442691803 0.719710469245911 0.691043734550476 0.680672109127045 0.643037974834442 0.636449456214905 0.642394304275513 0.642349302768707 0.659119009971619 0.653174757957458 0.655293643474579 0.63026624917984
0.304905027151108 0.3226098716259 0.330785512924194 0.346828460693359 0.353210926055908 0.33906164765358 0.333745092153549 0.341950654983521 0.349643915891647 0.361200988292694 0.355858474969864 0.361590176820755 0.374254405498505 0.384362876415253 0.375422686338425 0.372214913368225 0.373495548963547 0.370981216430664 0.370600819587708 0.38016739487648 0.379971742630005 0.406089514493942 0.391373455524445 0.370784401893616 0.368290960788727 0.363260805606842 0.353296101093292 0.357138216495514 0.751506865024567 0.750519096851349 0.752457201480865 0.755861103534698 0.738578498363495 0.75558477640152 0.73359340429306 0.703580737113953 0.674133002758026 0.660975396633148 0.648858726024628 0.634575426578522 0.643274068832397 0.644020617008209 0.638720750808716 0.623391509056091
0.30950516462326 0.318594634532928 0.323168903589249 0.327663391828537 0.323799669742584 0.324252486228943 0.762374222278595 0.335443615913391 0.334737747907639 0.343650996685028 0.354469686746597 0.366387486457825 0.366024017333984 0.36190277338028 0.355435431003571 0.354226499795914 0.351611703634262 0.365654796361923 0.350836247205734 0.343026459217072 0.356619030237198 0.352024883031845 0.365912735462189 0.357457160949707 0.356852382421494 0.359830975532532 0.338883310556412 0.341902583837509 0.739161968231201 0.713974595069885 0.756988763809204 0.773567676544189 0.796571135520935 0.801538944244385 0.776646971702576 0.736478686332703 0.693314611911774 0.665345072746277 0.657284736633301 0.623129665851593 0.621283531188965 0.619124293327332 0.615284562110901 0.61227023601532
0.304487586021423 0.30831515789032 0.314732730388641 0.324163019657135 0.324905514717102 0.316164493560791 0.765130162239075 0.324613273143768 0.334366530179977 0.333741575479507 0.344976752996445 0.337810724973679 0.341545671224594 0.347856879234314 0.348393112421036 0.347023278474808 0.345810860395432 0.332241743803024 0.331758797168732 0.320260375738144 0.334088563919067 0.342331677675247 0.330133765935898 0.330581784248352 0.342125684022903 0.332136154174805 0.335972458124161 0.76546311378479 0.766432762145996 0.756455421447754 0.771865844726562 0.795647084712982 0.797222495079041 0.787948668003082 0.777793049812317 0.719996869564056 0.674040973186493 0.636239469051361 0.614216566085815 0.610139191150665 0.606592655181885 0.599653840065002 0.596943378448486 0.581740438938141
0.297752290964127 0.312046825885773 0.31440007686615 0.314828991889954 0.316650629043579 0.312052398920059 0.302362531423569 0.313306570053101 0.313554614782333 0.313798576593399 0.311213165521622 0.329333543777466 0.327008932828903 0.316647171974182 0.31789493560791 0.317488193511963 0.306377977132797 0.305279970169067 0.305242925882339 0.304009288549423 0.316798955202103 0.324791610240936 0.323121428489685 0.309790164232254 0.296982109546661 0.318241059780121 0.809321343898773 0.787539958953857 0.78158438205719 0.767837345600128 0.774404227733612 0.781095325946808 0.768625855445862 0.753510057926178 0.725379705429077 0.700352191925049 0.6460240483284 0.624438941478729 0.586751043796539 0.567152976989746 0.559010922908783 0.551959931850433 0.551054120063782 0.553866505622864
0.300487518310547 0.315095365047455 0.318995028734207 0.307457447052002 0.30590358376503 0.301984578371048 0.311943084001541 0.299646079540253 0.298279464244843 0.297068148851395 0.296341687440872 0.296626299619675 0.30891489982605 0.316339522600174 0.319942444562912 0.289851516485214 0.297111421823502 0.295245260000229 0.285527855157852 0.283223986625671 0.292419761419296 0.303042382001877 0.302539855241776 0.306484699249268 0.8053919672966 0.80708384513855 0.799336194992065 0.756738066673279 0.761809110641479 0.751625955104828 0.7575563788414 0.762584269046783 0.737433254718781 0.71377044916153 0.683327198028564 0.634717524051666 0.611308693885803 0.580268800258636 0.54339075088501 0.538335263729095 0.528040885925293 0.506039321422577 0.530543208122253 0.53993147611618
0.307588666677475 0.311842948198318 0.316060692071915 0.298803716897964 0.871086895465851 0.868374109268188 0.853597939014435 0.851944386959076 0.821873605251312 0.858766615390778 0.878016352653503 0.87381786108017 0.302547782659531 0.299482196569443 0.304558902978897 0.27501055598259 0.285447478294373 0.283986300230026 0.282499819993973 0.280411243438721 0.288484126329422 0.289352387189865 0.277663946151733 0.820186138153076 0.795054852962494 0.753544569015503 0.720482766628265 0.710168361663818 0.715266346931458 0.721872985363007 0.726493954658508 0.726595282554626 0.699610233306885 0.67354691028595 0.621644139289856 0.586988508701324 0.561132311820984 0.547510147094727 0.528623998165131 0.504049837589264 0.522749483585358 0.533979952335358 0.548037469387054 0.557203948497772
0.291486114263535 0.897091090679169 0.911930084228516 0.898934185504913 0.895397782325745 0.883128046989441 0.890651702880859 0.870532333850861 0.870722651481628 0.876562893390656 0.882420003414154 0.885861933231354 0.863294005393982 0.291782766580582 0.289924383163452 0.281738519668579 0.283169120550156 0.281919598579407 0.279680699110031 0.278129070997238 0.275091856718063 0.802563369274139 0.807931542396545 0.804087162017822 0.749297857284546 0.668338596820831 0.64535129070282 0.61384254693985 0.647804439067841 0.657049000263214 0.682734131813049 0.688438892364502 0.676666557788849 0.64375913143158 0.603440880775452 0.547318696975708 0.533572435379028 0.496195822954178 0.515353858470917 0.527004659175873 0.54271125793457 0.550933420658112 0.568165898323059 0.581872582435608
0.901674330234528 0.913656234741211 0.918422281742096 0.908778667449951 0.899799525737762 0.907532870769501 0.91096818447113 0.90375167131424 0.901763916015625 0.88688325881958 0.881416440010071 0.885385394096375 0.891976892948151 0.889963567256927 0.884193301200867 0.887918949127197 0.874143242835999 0.8711918592453 0.838394045829773 0.857519209384918 0.852153480052948 0.832032322883606 0.81395149230957 0.798954963684082 0.738452017307281 0.60495662689209 0.536325216293335 0.539024174213409 0.544248402118683 0.628975987434387 0.67236864566803 0.676596105098724 0.668164670467377 0.632599234580994 0.589492797851562 0.53542023897171 0.517450630664825 0.470374226570129 0.53392219543457 0.532269358634949 0.550362825393677 0.575738728046417 0.584140777587891 0.595929324626923
0.909601092338562 0.908188164234161 0.905694901943207 0.901674330234528 0.907238781452179 0.91259890794754 0.903716623783112 0.900111019611359 0.900447428226471 0.896886169910431 0.90094405412674 0.900580763816833 0.89806866645813 0.896146178245544 0.897998809814453 0.900050818920135 0.885536134243011 0.876238107681274 0.872198402881622 0.857819437980652 0.859866082668304 0.849134147167206 0.851659893989563 0.793723285198212 0.730185151100159 0.646834075450897 0.537493884563446 0.541208148002625 0.547508418560028 0.590247869491577 0.637976348400116 0.685536980628967 0.641687989234924 0.591391980648041 0.549300611019135 0.493736356496811 0.487977802753448 0.489581197500229 0.505361557006836 0.56278783082962 0.564220070838928 0.584948003292084 0.599937260150909 0.610483407974243
0.914799213409424 0.914193987846375 0.895046770572662 0.904390275478363 0.892494082450867 0.920631945133209 0.91301828622818 0.898663699626923 0.906982600688934 0.902200758457184 0.903614819049835 0.899826526641846 0.903037011623383 0.899459064006805 0.898356914520264 0.896591007709503 0.895841538906097 0.887048542499542 0.876170039176941 0.859995901584625 0.873473048210144 0.876513004302979 0.861605048179626 0.823756456375122 0.750812292098999 0.711126267910004 0.593952894210815 0.588012039661407 0.591751456260681 0.637859523296356 0.627815723419189 0.638060450553894 0.626796901226044 0.570575475692749 0.521341323852539 0.500913858413696 0.495508998632431 0.491979748010635 0.534840404987335 0.546454429626465 0.563519477844238 0.604240417480469 0.607486367225647 0.602013468742371
0.908740699291229 0.90032023191452 0.913046061992645 0.91355174779892 0.922688841819763 0.915851533412933 0.919943511486053 0.919394731521606 0.918196618556976 0.912766814231873 0.913368880748749 0.907675623893738 0.9107306599617 0.90205180644989 0.900729417800903 0.898380041122437 0.896531343460083 0.874908745288849 0.855227470397949 0.855760991573334 0.86933445930481 0.871700644493103 0.868419289588928 0.829943418502808 0.801600515842438 0.747393906116486 0.702104866504669 0.673177480697632 0.658206462860107 0.680154979228973 0.607733905315399 0.574394822120667 0.556116223335266 0.506684005260468 0.462167859077454 0.472216218709946 0.478815615177155 0.461067646741867 0.520138680934906 0.565580308437347 0.54805588722229 0.578870594501495 0.60902601480484 0.610529899597168
0.915982186794281 0.918138682842255 0.928695440292358 0.935706317424774 0.932273685932159 0.921521067619324 0.923481583595276 0.925268054008484 0.918250024318695 0.919110178947449 0.909945666790009 0.901079058647156 0.897024154663086 0.89887523651123 0.896812736988068 0.882813572883606 0.888319432735443 0.882183074951172 0.872338950634003 0.876892328262329 0.870346963405609 0.868464291095734 0.870720088481903 0.838820338249207 0.824770271778107 0.783238112926483 0.746866464614868 0.748023808002472 0.721889138221741 0.651045024394989 0.622433364391327 0.585596859455109 0.550145149230957 0.529910445213318 0.493312984704971 0.475509345531464 0.489086329936981 0.497393846511841 0.490069895982742 0.550722539424896 0.564208745956421 0.567869186401367 0.59087210893631 0.592057645320892
0.92351907491684 0.923240184783936 0.926741659641266 0.940874993801117 0.93396782875061 0.936821222305298 0.921572029590607 0.923574984073639 0.917962372303009 0.91235214471817 0.907907366752625 0.917709648609161 0.92165070772171 0.91215455532074 0.910252571105957 0.90658301115036 0.90668123960495 0.897528052330017 0.889060914516449 0.863003432750702 0.860093653202057 0.868135631084442 0.856862366199493 0.857163667678833 0.823400378227234 0.808673143386841 0.782377600669861 0.754873871803284 0.68791651725769 0.661274552345276 0.657996594905853 0.613535344600677 0.589603960514069 0.555745780467987 0.530424356460571 0.49380162358284 0.506196737289429 0.519247889518738 0.509370744228363 0.526852607727051 0.525216102600098 0.596651911735535 0.564779460430145 0.569763481616974
0.934933245182037 0.943179666996002 0.943409323692322 0.929125487804413 0.930087983608246 0.931898415088654 0.933757364749908 0.933787405490875 0.93899530172348 0.93009352684021 0.921588599681854 0.933499991893768 0.9249387383461 0.922557413578033 0.920142352581024 0.911136090755463 0.903811097145081 0.895160615444183 0.894253730773926 0.859205543994904 0.860051512718201 0.854627370834351 0.866175055503845 0.85880571603775 0.815633773803711 0.804087221622467 0.786659181118011 0.758773982524872 0.720908403396606 0.696152567863464 0.668054461479187 0.650202631950378 0.619619011878967 0.597819983959198 0.572335481643677 0.554487526416779 0.545729875564575 0.541292667388916 0.524087965488434 0.521250247955322 0.533719956874847 0.579561293125153 0.559506237506866 0.56181401014328
0.937293529510498 0.930492639541626 0.938263535499573 0.941537857055664 0.940091073513031 0.943525373935699 0.945268213748932 0.946010828018188 0.946301817893982 0.947405993938446 0.939511835575104 0.938764274120331 0.93700122833252 0.93161141872406 0.917075335979462 0.914764642715454 0.905382931232452 0.898055851459503 0.878488421440125 0.862832307815552 0.85873556137085 0.857798516750336 0.852384567260742 0.854311287403107 0.810552000999451 0.795849442481995 0.795083463191986 0.779351472854614 0.727009236812592 0.715456247329712 0.686206102371216 0.670743584632874 0.642836391925812 0.635404706001282 0.613707304000854 0.588898897171021 0.57687509059906 0.566269040107727 0.548797726631165 0.52940046787262 0.517813920974731 0.508737027645111 0.475428342819214 0.526876151561737
0.942019939422607 0.915877163410187 0.934967756271362 0.944115817546844 0.945982396602631 0.952565431594849 0.95270961523056 0.952450573444366 0.948297441005707 0.953122556209564 0.951779365539551 0.947583138942719 0.943005323410034 0.933469235897064 0.918378233909607 0.920292794704437 0.899060606956482 0.890027344226837 0.884842038154602 0.859080255031586 0.859827280044556 0.842533886432648 0.855937600135803 0.846072971820831 0.775354146957397 0.761621654033661 0.776775598526001 0.789747774600983 0.722418248653412 0.722737669944763 0.712636768817902 0.679403722286224 0.682449340820312 0.656275391578674 0.651120901107788 0.649284601211548 0.62687885761261 0.609144628047943 0.563182950019836 0.56106561422348 0.537328004837036 0.560219049453735 0.477111577987671 0.479224801063538
0.922945201396942 0.91970431804657 0.940695762634277 0.946620106697083 0.947009146213531 0.948148965835571 0.95270961523056 0.9548619389534 0.955698549747467 0.959459006786346 0.960752904415131 0.959526121616364 0.945704340934753 0.940143465995789 0.923771560192108 0.914827883243561 0.902796447277069 0.877367794513702 0.873845756053925 0.869437038898468 0.857292771339417 0.842562735080719 0.856668770313263 0.842006862163544 0.810437381267548 0.768809914588928 0.781595230102539 0.783515512943268 0.748245716094971 0.721973836421967 0.702604234218597 0.706276059150696 0.699657797813416 0.69478315114975 0.674612402915955 0.68087911605835 0.645447432994843 0.642274618148804 0.618025541305542 0.592210173606873 0.623730003833771 0.572741210460663 0.54598343372345 0.53139740228653
0.927758991718292 0.93710458278656 0.934340715408325 0.944497168064117 0.945449233055115 0.945528507232666 0.951788723468781 0.952321648597717 0.957624435424805 0.95795750617981 0.961699843406677 0.952362358570099 0.945515334606171 0.936553359031677 0.907041490077972 0.905791640281677 0.88486236333847 0.878595352172852 0.85818612575531 0.830610036849976 0.819561541080475 0.822734355926514 0.846348106861115 0.825788140296936 0.79920482635498 0.792094111442566 0.791949927806854 0.803426027297974 0.805675089359283 0.731246888637543 0.700181841850281 0.699455797672272 0.707592844963074 0.714725911617279 0.724428474903107 0.719205677509308 0.698174297809601 0.683623254299164 0.658745110034943 0.675741255283356 0.652426362037659 0.603821694850922 0.577993750572205 0.567403078079224
0.934842109680176 0.942599236965179 0.940631449222565 0.941621661186218 0.946394920349121 0.941329538822174 0.948893427848816 0.94951319694519 0.954821348190308 0.953863143920898 0.949657678604126 0.948415875434875 0.940088212490082 0.928844511508942 0.899959743022919 0.885926187038422 0.870509505271912 0.853295564651489 0.808137595653534 0.766347527503967 0.780913531780243 0.782373905181885 0.809309303760529 0.823924720287323 0.827877700328827 0.803892314434052 0.807337462902069 0.806608736515045 0.747540771961212 0.737749516963959 0.718861877918243 0.721807479858398 0.723597884178162 0.752764046192169 0.747351467609406 0.739095270633698 0.740286350250244 0.72521561384201 0.707709968090057 0.675879240036011 0.685467779636383 0.667623102664948 0.622507631778717 0.631210446357727
