data/climate_estimation/maxent_output/Trillium_nivale.asc
NCOLS 300 
NROWS 107 
XLLCORNER -97.0833333333333 
YLLCORNER 36.8333333333333 
CELLSIZE 0.0833333333333333 
NODATA_value -3.4e+38 
[rows 80 to 99 of 107, columns 90 to 134 of 300]
0.563840448856354 0.584346234798431 0.550987899303436 0.568191111087799 0.574011206626892 0.582506418228149 0.563180088996887 0.615469872951508 0.648094058036804 0.653533577919006 0.672757685184479 0.680996775627136 0.682523429393768 0.701628386974335 0.703361868858337 0.721753299236298 0.716758668422699 0.717519044876099 0.697067081928253 0.6771280169487 0.675419807434082 0.678086817264557 0.638414740562439 0.617556273937225 0.655900001525879 0.692824482917786 0.712415397167206 0.729072093963623 0.742801547050476 0.730123519897461 0.738408446311951 0.748612523078918 0.77071624994278 0.783714711666107 0.799313485622406 0.806907296180725 0.817945301532745 0.818828582763672 0.814987778663635 0.815286934375763 0.818790376186371 0.279233008623123 0.278523981571198 0.270085960626602 0.259835839271545
0.576968312263489 0.57260936498642 0.518552124500275 0.517115354537964 0.526889622211456 0.534328818321228 0.558608949184418 0.608539223670959 0.641963839530945 0.639988839626312 0.641448676586151 0.653923869132996 0.65366667509079 0.67400598526001 0.693791806697845 0.695884644985199 0.714193761348724 0.695426166057587 0.689616441726685 0.667794346809387 0.647980928421021 0.651357710361481 0.655369758605957 0.634808897972107 0.631103336811066 0.647800028324127 0.684551358222961 0.717028737068176 0.689037501811981 0.682942867279053 0.684688210487366 0.706741452217102 0.715333700180054 0.732296586036682 0.777806103229523 0.794886291027069 0.80502462387085 0.816332817077637 0.815955817699432 0.812705755233765 0.423034220933914 0.278589993715286 0.257964044809341 0.376213580369949 0.244232073426247
0.56619530916214 0.546585619449615 0.522568106651306 0.51384299993515 0.512411534786224 0.509637475013733 0.556282460689545 0.61126446723938 0.613423764705658 0.615538537502289 0.616753816604614 0.623601078987122 0.624373197555542 0.644680917263031 0.664058327674866 0.665310919284821 0.687325060367584 0.68707937002182 0.66581666469574 0.665582776069641 0.646348476409912 0.651665449142456 0.648269534111023 0.646055638790131 0.645426571369171 0.636236071586609 0.669610440731049 0.673087179660797 0.64988648891449 0.647084414958954 0.664051532745361 0.673640191555023 0.681507647037506 0.707737267017365 0.743651330471039 0.784309923648834 0.797336399555206 0.804951727390289 0.812257766723633 0.810247123241425 0.283766776323318 0.380496621131897 0.400351613759995 0.249058589339256 0.36016446352005
0.568679571151733 0.56936651468277 0.561431348323822 0.559964120388031 0.531575858592987 0.571426331996918 0.582442283630371 0.584089875221252 0.588362097740173 0.608866512775421 0.615712821483612 0.598408877849579 0.617387235164642 0.61713320016861 0.637926518917084 0.638027310371399 0.661548614501953 0.683388113975525 0.685227632522583 0.665562093257904 0.6469966173172 0.617969214916229 0.618142664432526 0.620006918907166 0.63581246137619 0.645318806171417 0.656919062137604 0.626753270626068 0.62093323469162 0.611879706382751 0.636596143245697 0.652547001838684 0.66197258234024 0.684303343296051 0.699962377548218 0.751828014850616 0.791384279727936 0.789583504199982 0.786441326141357 0.264104604721069 0.262585669755936 0.361534714698792 0.23463162779808 0.34419322013855 0.327300369739532
0.581442654132843 0.56296318769455 0.587186753749847 0.578418672084808 0.558156609535217 0.55910986661911 0.581661939620972 0.581532120704651 0.58616429567337 0.589919865131378 0.583185374736786 0.59474104642868 0.595327079296112 0.607662439346313 0.610874235630035 0.630021333694458 0.640596330165863 0.631113886833191 0.661078453063965 0.665291488170624 0.64477926492691 0.643407344818115 0.616388440132141 0.606915593147278 0.609240651130676 0.644246816635132 0.620170593261719 0.598010420799255 0.578061521053314 0.592656791210175 0.608645796775818 0.623480439186096 0.639120399951935 0.676521122455597 0.723967432975769 0.7819864153862 0.789916157722473 0.786662399768829 0.791890501976013 0.27582985162735 0.263745039701462 0.274425983428955 0.260755777359009 0.234382256865501 0.326969116926193
0.556977570056915 0.561209201812744 0.58412104845047 0.576159238815308 0.576620638370514 0.576675474643707 0.574990332126617 0.556157529354095 0.561885476112366 0.585033714771271 0.585247159004211 0.604568481445312 0.604813456535339 0.606132030487061 0.627766847610474 0.626747786998749 0.617892205715179 0.60819399356842 0.635143339633942 0.609500229358673 0.620026767253876 0.589957773685455 0.606149733066559 0.594828188419342 0.604586958885193 0.612841546535492 0.612473428249359 0.592509210109711 0.57405561208725 0.590886652469635 0.625678360462189 0.624809324741364 0.667701244354248 0.701819062232971 0.743552327156067 0.754360556602478 0.760441839694977 0.761050462722778 0.264656484127045 0.275416612625122 0.281665056943893 0.273919314146042 0.274149537086487 0.27532485127449 0.246752962470055
0.558852136135101 0.561375379562378 0.560706853866577 0.5626021027565 0.561042845249176 0.574960589408875 0.583230197429657 0.583436071872711 0.582441389560699 0.582507848739624 0.597850024700165 0.597220897674561 0.604812562465668 0.622580826282501 0.621614277362823 0.623851656913757 0.584461569786072 0.565025150775909 0.586827158927917 0.564462542533875 0.588227152824402 0.579266965389252 0.597302734851837 0.596088469028473 0.588268339633942 0.592933177947998 0.592710256576538 0.58789724111557 0.583680093288422 0.589293956756592 0.617087781429291 0.655145943164825 0.671964585781097 0.710693180561066 0.7759889960289 0.778350710868835 0.767270267009735 0.248791515827179 0.264388293027878 0.26250758767128 0.260533332824707 0.25810107588768 0.259778201580048 0.259778201580048 0.259049862623215
0.535035014152527 0.55760931968689 0.562178492546082 0.561552047729492 0.574503064155579 0.59884124994278 0.597019493579865 0.597438633441925 0.613881647586823 0.618561446666718 0.59412145614624 0.593229055404663 0.615890979766846 0.6197429895401 0.619621455669403 0.619030117988586 0.580560445785522 0.542094528675079 0.526416420936584 0.5226069688797 0.536897540092468 0.557294964790344 0.569789350032806 0.566140234470367 0.597009003162384 0.591679692268372 0.590942203998566 0.591384708881378 0.593568444252014 0.594730019569397 0.619044959545135 0.637849450111389 0.678694605827332 0.741651594638824 0.787357032299042 0.78424608707428 0.788630068302155 0.260945171117783 0.262374341487885 0.259472221136093 0.242845416069031 0.243100732564926 0.241783440113068 0.243872374296188 0.217010453343391
0.531673729419708 0.53508847951889 0.55303418636322 0.575262606143951 0.601805567741394 0.580570220947266 0.596828520298004 0.613528370857239 0.61360102891922 0.613939046859741 0.59257698059082 0.594136536121368 0.588273823261261 0.610457599163055 0.638061702251434 0.617806971073151 0.548868238925934 0.510647714138031 0.479071021080017 0.475772589445114 0.503119170665741 0.520555019378662 0.539140284061432 0.580031514167786 0.595001041889191 0.570566713809967 0.573918223381042 0.570047914981842 0.587331056594849 0.612966120243073 0.620812594890594 0.642963647842407 0.682562112808228 0.74881249666214 0.78400593996048 0.79061359167099 0.788797378540039 0.247321173548698 0.259206384420395 0.229770228266716 0.239067539572716 0.238602802157402 0.241741076111794 0.240459010004997 0.25467985868454
0.526957511901855 0.547755599021912 0.552873909473419 0.552320182323456 0.575861752033234 0.572140753269196 0.571015179157257 0.590366661548615 0.60750025510788 0.609360873699188 0.607861876487732 0.59023916721344 0.587246417999268 0.58166092634201 0.585505843162537 0.589515686035156 0.549195170402527 0.114443995058537 0.112136840820312 0.104915641248226 0.110056281089783 0.118177674710751 0.129467517137527 0.1366897970438 0.143419459462166 0.142233639955521 0.570195853710175 0.564209282398224 0.586962819099426 0.607806086540222 0.624823987483978 0.644181728363037 0.665235221385956 0.721731901168823 0.745424687862396 0.784848749637604 0.768130362033844 0.218080818653107 0.240289777517319 0.226242229342461 0.225162267684937 0.212237238883972 0.224389493465424 0.235996067523956 0.19993981719017
0.530785977840424 0.53386652469635 0.524817407131195 0.536455869674683 0.548273742198944 0.575080156326294 0.573274075984955 0.568329453468323 0.591798782348633 0.611881792545319 0.580640196800232 0.582722306251526 0.140816554427147 0.139859393239021 0.131512179970741 0.131370812654495 0.12390711158514 0.111320674419403 0.109724625945091 0.103268899023533 0.107624933123589 0.120910324156284 0.127967521548271 0.134408444166183 0.139694705605507 0.140837550163269 0.140919134020805 0.581593930721283 0.598713278770447 0.601571142673492 0.602198779582977 0.62362664937973 0.640353918075562 0.660277605056763 0.701311707496643 0.743445336818695 0.229124963283539 0.213648781180382 0.202008903026581 0.200694128870964 0.208960592746735 0.199531748890877 0.209076732397079 0.233330383896828 0.155793249607086
0.510032057762146 0.530040860176086 0.508742868900299 0.532057166099548 0.532057166099548 0.550023376941681 0.548869132995605 0.564328074455261 0.588289499282837 0.588446915149689 0.158864498138428 0.143228054046631 0.136052593588829 0.13300421833992 0.133343771100044 0.123315721750259 0.122682176530361 0.109842866659164 0.108189254999161 0.104764729738235 0.109419971704483 0.119564689695835 0.119823284447193 0.128378376364708 0.133966907858849 0.13528411090374 0.141229271888733 0.149981424212456 0.14926241338253 0.590034306049347 0.585872948169708 0.625710010528564 0.618755519390106 0.636784970760345 0.655206799507141 0.694657802581787 0.203165024518967 0.18952839076519 0.187400639057159 0.186621651053429 0.190916031599045 0.198016211390495 0.195294409990311 0.218626469373703 0.144899293780327
0.488001227378845 0.488238513469696 0.48569118976593 0.509144365787506 0.508680284023285 0.527117013931274 0.549040615558624 0.564299166202545 0.583374500274658 0.142012134194374 0.149355247616768 0.142785176634789 0.133625969290733 0.12364899367094 0.1321831792593 0.125329524278641 0.117071039974689 0.112121306359768 0.105344772338867 0.10674948990345 0.108946830034256 0.111268192529678 0.120478324592113 0.132423460483551 0.125325843691826 0.125284865498543 0.134304046630859 0.142926350235939 0.141861081123352 0.142595648765564 0.14920474588871 0.59544849395752 0.594139575958252 0.592831134796143 0.181585192680359 0.203593701124191 0.179755508899689 0.177322536706924 0.194574967026711 0.191677212715149 0.180396482348442 0.179501414299011 0.18907256424427 0.179021999239922 0.150399088859558
0.490340501070023 0.484429001808167 0.484350681304932 0.488577038049698 0.486063778400421 0.523252904415131 0.542469263076782 0.562039315700531 0.147459387779236 0.147862181067467 0.149677008390427 0.140874534845352 0.125890970230103 0.118620805442333 0.117118805646896 0.122406296432018 0.119853101670742 0.106223858892918 0.110825337469578 0.107599675655365 0.107366070151329 0.110936179757118 0.122720696032047 0.11794525384903 0.116060271859169 0.116805374622345 0.125062346458435 0.13280525803566 0.137683987617493 0.139872014522552 0.145846053957939 0.145416378974915 0.145788669586182 0.145879626274109 0.171787217259407 0.181390762329102 0.168304979801178 0.183818861842155 0.204919725656509 0.202430978417397 0.191018477082253 0.189143449068069 0.175561979413033 0.177280351519585 0.157967135310173
0.510401785373688 0.510401785373688 0.486642330884933 0.486177444458008 0.503376364707947 0.529961585998535 0.132244348526001 0.147548094391823 0.150415420532227 0.156355023384094 0.140539526939392 0.133474111557007 0.126158654689789 0.117769584059715 0.117063440382481 0.113618396222591 0.112682648003101 0.107152290642262 0.109744571149349 0.109744571149349 0.111353330314159 0.112925574183464 0.119230806827545 0.114097468554974 0.121216505765915 0.123443737626076 0.123826771974564 0.129031673073769 0.136367291212082 0.143166944384575 0.14274163544178 0.143680945038795 0.144230037927628 0.154222369194031 0.16150863468647 0.155589088797569 0.174464955925941 0.173396274447441 0.181011021137238 0.180943369865417 0.20104031264782 0.200783893465996 0.18853335082531 0.187902390956879 0.166158154606819
0.471013158559799 0.492126405239105 0.488813549280167 0.50685328245163 0.506388366222382 0.136041685938835 0.140267536044121 0.159700751304626 0.165458351373672 0.165135219693184 0.142910078167915 0.124729715287685 0.111755207180977 0.110022991895676 0.109956152737141 0.113572016358376 0.113499492406845 0.107013911008835 0.112703688442707 0.111728221178055 0.111458778381348 0.112614974379539 0.11970816552639 0.121346443891525 0.121200710535049 0.122964583337307 0.122278526425362 0.12699867784977 0.13257272541523 0.129158034920692 0.137682557106018 0.139039292931557 0.148659095168114 0.155190154910088 0.161679312586784 0.163084387779236 0.162931740283966 0.182941228151321 0.199020311236382 0.186345443129539 0.19569343328476 0.212160557508469 0.199433177709579 0.197935253381729 0.187316060066223
0.426201224327087 0.447652190923691 0.529119074344635 0.533176362514496 0.130364507436752 0.136618405580521 0.142756566405296 0.158100441098213 0.15854999423027 0.158490985631943 0.141529902815819 0.122837118804455 0.107286632061005 0.106812015175819 0.111342050135136 0.112957276403904 0.113048151135445 0.111463665962219 0.11177808791399 0.11177808791399 0.116483800113201 0.113200753927231 0.119224600493908 0.11910592764616 0.120093941688538 0.12057489156723 0.119720660150051 0.125454410910606 0.131266072392464 0.121644645929337 0.134700551629066 0.136771455407143 0.14590360224247 0.153610989451408 0.156829133629799 0.162721782922745 0.165143325924873 0.170356869697571 0.173251643776894 0.182550072669983 0.196274474263191 0.183862552046776 0.196403682231903 0.192629799246788 0.176975816488266
0.449256807565689 0.443958073854446 0.131169274449348 0.137439250946045 0.148838490247726 0.159736841917038 0.159312635660172 0.158125713467598 0.156628206372261 0.148016542196274 0.138423651456833 0.127399176359177 0.123290061950684 0.126750454306602 0.12556591629982 0.120879173278809 0.114770293235779 0.10792001336813 0.107941627502441 0.115811407566071 0.116913609206676 0.115582078695297 0.118254698812962 0.115536257624626 0.117687359452248 0.119181163609028 0.124365530908108 0.125322490930557 0.124425359070301 0.130277916789055 0.128423377871513 0.135434225201607 0.144028440117836 0.14820884168148 0.146333694458008 0.154423967003822 0.140019610524178 0.145730808377266 0.164313405752182 0.166393801569939 0.177169993519783 0.18644692003727 0.178756594657898 0.165619909763336 0.158411681652069
0.427845686674118 0.101876109838486 0.122178740799427 0.135504066944122 0.142153099179268 0.143957018852234 0.151560455560684 0.160368502140045 0.159505248069763 0.157663643360138 0.149323731660843 0.154000923037529 0.150555863976479 0.139403983950615 0.126362726092339 0.133220493793488 0.12482026219368 0.119914337992668 0.109175510704517 0.107967607676983 0.108205698430538 0.114241123199463 0.11391519010067 0.114413477480412 0.110322117805481 0.111695840954781 0.110435798764229 0.115493752062321 0.122012928128242 0.126562356948853 0.13320329785347 0.142895236611366 0.134083732962608 0.134774774312973 0.129507541656494 0.131860569119453 0.134925678372383 0.14132197201252 0.145205765962601 0.147955000400543 0.156770914793015 0.166405901312828 0.147826343774796 0.147726207971573 0.142264604568481
0.091572180390358 0.0920768603682518 0.0965813249349594 0.116464771330357 0.126821607351303 0.123643890023232 0.12183652818203 0.127715110778809 0.134779468178749 0.134504228830338 0.131258800625801 0.135702520608902 0.139586478471756 0.122666910290718 0.121052227914333 0.117019236087799 0.110315956175327 0.110164619982243 0.117315001785755 0.105774514377117 0.101333543658257 0.101477056741714 0.106396891176701 0.113531537353992 0.107588298618793 0.110033266246319 0.109225071966648 0.114216230809689 0.120521850883961 0.120585754513741 0.122703559696674 0.129375085234642 0.128605604171753 0.134148716926575 0.131932616233826 0.129428938031197 0.122475765645504 0.12953782081604 0.139271780848503 0.137949287891388 0.141127452254295 0.146914348006248 0.129207566380501 0.13454869389534 0.138951987028122
