data/climate_estimation/maxent_output/Trillium_cuneatum.asc
NCOLS 187 
NROWS 108 
XLLCORNER -90.6666666666667 
YLLCORNER 31 
CELLSIZE 0.0833333333333333 
NODATA_value -3.4e+38 
[rows 80 to 99 of 108, columns 90 to 134 of 187]
0.477032363414764 0.481604039669037 0.51012396812439 0.530930638313293 0.557667255401611 0.612984538078308 0.63188511133194 0.64314740896225 0.677060067653656 0.656316697597504 0.623396217823029 0.590348720550537 0.522486925125122 0.451704561710358 0.391858518123627 0.315735340118408 0.28633788228035 0.284759730100632 0.257781952619553 0.247770562767982 0.201863288879395 0.186017274856567 0.169907033443451 0.174323245882988 0.16518223285675 0.166571393609047 0.139156550168991 0.114737533032894 0.119215473532677 0.100756205618382 0.10072311013937 0.0985079109668732 0.0932069048285484 0.0939191803336143 0.107647888362408 0.103392817080021 0.108440168201923 0.109937980771065 0.132400467991829 0.134517356753349 0.139337301254272 0.164225324988365 0.203164130449295 0.205290958285332 0.176054045557976
0.480470687150955 0.475832223892212 0.471267729997635 0.487921684980392 0.478338181972504 0.515459060668945 0.514269351959229 0.577393770217896 0.59861832857132 0.551099836826324 0.518895626068115 0.505376219749451 0.457682728767395 0.404192358255386 0.38214373588562 0.325645089149475 0.24765457212925 0.22257424890995 0.236314535140991 0.196958214044571 0.189279645681381 0.17435297369957 0.16460856795311 0.153353229165077 0.137915313243866 0.139015421271324 0.123688161373138 0.102718450129032 0.0934807807207108 0.0888905748724937 0.0930618345737457 0.0917556136846542 0.100538961589336 0.0963049083948135 0.103150099515915 0.110491238534451 0.107103787362576 0.111979469656944 0.103185169398785 0.130031555891037 0.147738352417946 0.159583047032356 0.173877194523811 0.186578199267387 0.163500443100929
0.429185777902603 0.416936427354813 0.374517619609833 0.413954526185989 0.419193685054779 0.404227167367935 0.452366769313812 0.489254653453827 0.506292939186096 0.498904824256897 0.466553062200546 0.462367206811905 0.421673625707626 0.384146630764008 0.350153386592865 0.334307581186295 0.299467891454697 0.209539383649826 0.18818274140358 0.179934546351433 0.165553465485573 0.149665549397469 0.14617320895195 0.121985010802746 0.109070673584938 0.107990622520447 0.100497752428055 0.0970204845070839 0.0852008908987045 0.0867901816964149 0.0974323302507401 0.0888949856162071 0.100088201463223 0.0960178971290588 0.0985282063484192 0.0934152826666832 0.098970964550972 0.101471275091171 0.110415488481522 0.116238154470921 0.136367455124855 0.15560956299305 0.160955905914307 0.149249508976936 0.152692571282387
0.328538566827774 0.341271907091141 0.305955857038498 0.319967716932297 0.369033694267273 0.357363998889923 0.380097985267639 0.389392137527466 0.419568687677383 0.423931658267975 0.427117526531219 0.395233005285263 0.37068310379982 0.369383364915848 0.308666080236435 0.282250195741653 0.269233763217926 0.175013482570648 0.174623072147369 0.142169758677483 0.136860832571983 0.146805629134178 0.121412448585033 0.112092763185501 0.107847116887569 0.0906367227435112 0.0891783982515335 0.0896952450275421 0.0860427767038345 0.0886528939008713 0.088005393743515 0.0992073118686676 0.0930449143052101 0.104850478470325 0.09732386469841 0.103518344461918 0.0935495793819427 0.0852121040225029 0.0882129967212677 0.0980668440461159 0.116738632321358 0.137178495526314 0.138609424233437 0.142572641372681 0.125560745596886
0.268010586500168 0.268582165241241 0.264514446258545 0.286982119083405 0.284915745258331 0.299650490283966 0.288832128047943 0.301975190639496 0.374295800924301 0.358446598052979 0.383916616439819 0.378918319940567 0.307112127542496 0.29125314950943 0.281223952770233 0.238581120967865 0.183965787291527 0.167011559009552 0.141840159893036 0.132779255509377 0.128787875175476 0.117271654307842 0.105970874428749 0.0910748764872551 0.090577594935894 0.0803782939910889 0.0839055925607681 0.0739608481526375 0.0830458030104637 0.0834316089749336 0.0871130302548409 0.0900022685527802 0.0890173390507698 0.0972765907645226 0.0939328074455261 0.0955325290560722 0.0816045701503754 0.0731874406337738 0.0792810022830963 0.0939665138721466 0.107639223337173 0.119930550456047 0.123604737222195 0.109688110649586 -3.4e+38
0.238780364394188 0.21794305741787 0.235051691532135 0.260617613792419 0.250713735818863 0.271862059831619 0.257077723741531 0.277146995067596 0.296758204698563 0.313391238451004 0.346113055944443 0.318349391222 0.289681255817413 0.250497490167618 0.225920021533966 0.221207216382027 0.159309685230255 0.147566735744476 0.136412963271141 0.127680435776711 0.10466942191124 0.103792786598206 0.0905056297779083 0.08160450309515 0.0808641687035561 0.076519288122654 0.0697728917002678 0.0675789341330528 0.0767785310745239 0.0775064304471016 0.0718404948711395 0.0861325263977051 0.0810443609952927 0.0911781787872314 0.0890771597623825 0.0797625258564949 0.0743299797177315 0.0673055648803711 0.0681126266717911 0.0826580375432968 0.104700058698654 0.109218738973141 0.113255716860294 0.11308641731739 -3.4e+38
0.197137102484703 0.209156110882759 0.206386059522629 0.220732614398003 0.222582072019577 0.23332753777504 0.228024482727051 0.241978406906128 0.26364940404892 0.237883567810059 0.261655926704407 0.272151052951813 0.251096189022064 0.219581946730614 0.197235748171806 0.145883575081825 0.151298314332962 0.139291703701019 0.11780458688736 0.10870998352766 0.0944740772247314 0.0954889580607414 0.0868851318955421 0.0810481682419777 0.0688223764300346 0.0667227804660797 0.0611021444201469 0.0625472441315651 0.0711249262094498 0.0655529350042343 0.06753159314394 0.0802600383758545 0.0832760110497475 0.0846195593476295 0.0846679210662842 0.0792895033955574 0.0659243911504745 0.0607332177460194 0.0557492822408676 0.0812018066644669 0.0915243402123451 0.0920771136879921 -3.4e+38 -3.4e+38 -3.4e+38
0.173013225197792 0.175615772604942 0.171642437577248 0.188968285918236 0.193274527788162 0.177640870213509 0.187805980443954 0.183614730834961 0.198194786906242 0.20476995408535 0.220969915390015 0.242089182138443 0.256719022989273 0.202610924839973 0.175657138228416 0.133371368050575 0.134214758872986 0.124417044222355 0.107178509235382 0.105455666780472 0.0842493772506714 0.0834135785698891 0.0785473063588142 0.066352091729641 0.0610213689506054 0.0595867708325386 0.0569885671138763 0.0568780675530434 0.0566731654107571 0.055377472192049 0.0656548887491226 0.0748394280672073 0.0745736137032509 0.0766127780079842 0.0792810022830963 0.0738722607493401 0.066946417093277 0.0613323375582695 0.0693614110350609 0.0753034502267838 -3.4e+38 -3.4e+38 -3.4e+38 -3.4e+38 -3.4e+38
0.167416334152222 0.170029804110527 0.167803600430489 0.166741579771042 0.162599593400955 0.167876616120338 0.152571603655815 0.156727731227875 0.145719230175018 0.150919303297997 0.163575172424316 0.193189054727554 0.208530679345131 0.201194673776627 0.173796936869621 0.121149159967899 0.105597779154778 0.10518504679203 0.098885752260685 0.0962096154689789 0.0834759324789047 0.0688782781362534 0.0635630488395691 0.0577427819371223 0.0609799437224865 0.0544645264744759 0.0536183342337608 0.0519066229462624 0.0539514161646366 0.0515363030135632 0.0597346238791943 0.0682708099484444 0.0652375668287277 0.0713563188910484 0.0748442858457565 0.0746264308691025 0.0701770335435867 0.067141979932785 0.0611868314445019 -3.4e+38 -3.4e+38 -3.4e+38 -3.4e+38 -3.4e+38 -3.4e+38
0.152079731225967 0.15071114897728 0.148763075470924 0.149331867694855 0.142652675509453 0.14946536719799 0.142851337790489 0.129375889897346 0.130242794752121 0.129864856600761 0.13992528617382 0.173652932047844 0.185526758432388 0.169343993067741 0.164310976862907 0.113234058022499 0.0994542464613914 0.0834332704544067 0.0801932066679001 0.0781351029872894 0.0730594024062157 0.0627001821994781 0.0543529540300369 0.0492102205753326 0.0500162094831467 0.0459186509251595 0.0486922673881054 0.0469148978590965 0.0468628667294979 0.0503848791122437 0.0514439307153225 0.0568250566720963 0.0613704994320869 0.0680480748414993 0.0830902308225632 0.0680026561021805 0.0655797868967056 -3.4e+38 -3.4e+38 -3.4e+38 -3.4e+38 -3.4e+38 -3.4e+38 -3.4e+38 -3.4e+38
0.148418202996254 0.147493556141853 0.141361430287361 0.120723895728588 0.117386974394321 0.122608363628387 0.118620045483112 0.11183900386095 0.11418941617012 0.108560234308243 0.121991284191608 0.15380235016346 0.164835184812546 0.16068260371685 0.107116900384426 0.103186413645744 0.0867703929543495 0.0713359862565994 0.0667565539479256 0.0600870735943317 0.0575301125645638 0.0512324161827564 0.0451316758990288 0.0415761284530163 0.040697168558836 0.0384786427021027 0.0406697019934654 0.0391518548130989 0.0429881326854229 0.0446841083467007 0.0513073056936264 0.0521356835961342 0.0587084032595158 0.0693041607737541 0.0767544656991959 -3.4e+38 -3.4e+38 -3.4e+38 -3.4e+38 -3.4e+38 -3.4e+38 -3.4e+38 -3.4e+38 -3.4e+38 -3.4e+38
0.14321169257164 0.141352295875549 0.138895615935326 0.114787235856056 0.110243327915668 0.0893487632274628 0.103169105947018 0.103736981749535 0.0986934974789619 0.101197481155396 0.122220061719418 0.129751488566399 0.14219368994236 0.12787501513958 0.10127679258585 0.0825813263654709 0.0702786967158318 0.0675887688994408 0.0547294616699219 0.0495875589549541 0.0429281368851662 0.0413665808737278 0.0363539792597294 0.0311438962817192 0.0288899354636669 0.0309005454182625 0.029567189514637 0.0301966648548841 0.0357901304960251 0.0406017228960991 0.0402191169559956 0.0450104512274265 0.051001287996769 -3.4e+38 -3.4e+38 -3.4e+38 -3.4e+38 -3.4e+38 -3.4e+38 -3.4e+38 -3.4e+38 -3.4e+38 -3.4e+38 -3.4e+38 -3.4e+38
0.138867110013962 0.129943370819092 0.111563816666603 0.110088504850864 0.0889084562659264 0.0788305550813675 0.0815222933888435 0.0871715694665909 0.0887892320752144 0.091365747153759 0.0997464582324028 0.115848556160927 0.125547051429749 0.124214291572571 0.0828962102532387 0.0746880546212196 0.062506303191185 0.0522814989089966 0.0441738925874233 0.0397304147481918 0.0346067138016224 0.0310822539031506 0.0279058292508125 0.0253849420696497 0.0242610815912485 0.0221280921250582 0.0241815131157637 0.0251825787127018 0.0273757223039865 0.0336528345942497 0.034148134291172 0.0394359044730663 0.0478738732635975 -3.4e+38 -3.4e+38 -3.4e+38 -3.4e+38 -3.4e+38 -3.4e+38 -3.4e+38 -3.4e+38 -3.4e+38 -3.4e+38 -3.4e+38 -3.4e+38
0.128714621067047 0.112791337072849 0.0980561375617981 0.0885119661688805 0.0833575651049614 0.072694718837738 0.0648877993226051 0.0761938989162445 0.0829725489020348 0.0890891700983047 0.0937649980187416 0.0925725474953651 0.108654677867889 0.0792427286505699 0.0668855160474777 0.0659781098365784 0.0541560910642147 0.0468247197568417 0.0406415686011314 0.032002154737711 0.0284059811383486 0.0263285394757986 0.0216805376112461 0.0180353112518787 0.0174869541078806 0.0165971741080284 0.0192344803363085 0.020708030089736 0.0257039982825518 0.0267539154738188 -3.4e+38 -3.4e+38 -3.4e+38 -3.4e+38 -3.4e+38 -3.4e+38 -3.4e+38 -3.4e+38 -3.4e+38 -3.4e+38 -3.4e+38 -3.4e+38 -3.4e+38 -3.4e+38 -3.4e+38
0.111520759761333 0.0929039195179939 0.0896520242094994 0.0837411060929298 0.0743798986077309 0.0659943521022797 0.0563481263816357 0.0667685270309448 0.0775887221097946 0.0831448063254356 0.0804187953472137 0.0874736532568932 0.096788689494133 0.0707567110657692 0.0645320937037468 0.0588969849050045 0.0488797090947628 0.0415858328342438 0.0349650233983994 0.031205341219902 0.0237310472875834 0.020523838698864 0.0155300600454211 0.0129416920244694 0.012735771946609 0.0139237735420465 0.0153575744479895 0.017521545290947 0.0208144076168537 0.022982569411397 -3.4e+38 -3.4e+38 -3.4e+38 -3.4e+38 -3.4e+38 -3.4e+38 -3.4e+38 -3.4e+38 -3.4e+38 -3.4e+38 -3.4e+38 -3.4e+38 -3.4e+38 -3.4e+38 -3.4e+38
0.0922527089715004 0.0883264988660812 0.0849360153079033 0.0707613751292229 0.0677725225687027 0.0658790618181229 0.057538066059351 0.0602204129099846 0.0711757242679596 0.073292188346386 0.0773876830935478 0.0766671001911163 0.0766393095254898 0.0610228516161442 0.0570745244622231 0.0526742860674858 0.0445930361747742 0.0367278829216957 0.0328876823186874 0.0291208270937204 0.0214792266488075 0.0166229140013456 0.0137160290032625 0.0111513482406735 0.0093421908095479 0.0105557292699814 0.0120104318484664 0.0145341008901596 -3.4e+38 -3.4e+38 -3.4e+38 -3.4e+38 -3.4e+38 -3.4e+38 -3.4e+38 -3.4e+38 -3.4e+38 -3.4e+38 -3.4e+38 -3.4e+38 -3.4e+38 -3.4e+38 -3.4e+38 -3.4e+38 -3.4e+38
0.0892667323350906 0.0826225355267525 0.0803867131471634 0.0673848390579224 0.0663923993706703 0.0600021779537201 0.0621178522706032 0.0572319775819778 0.0628144443035126 0.0655472725629807 0.0681722313165665 0.0678854286670685 0.0659423694014549 0.0537151321768761 0.0547522082924843 0.052007470279932 0.0428642146289349 0.0351745001971722 0.0286088772118092 0.0229909662157297 0.0208169277757406 0.0146978460252285 0.0135923437774181 0.0105959698557854 0.00917052570730448 0.0096960486844182 0.0115146338939667 0.0143035212531686 -3.4e+38 -3.4e+38 -3.4e+38 -3.4e+38 -3.4e+38 -3.4e+38 -3.4e+38 -3.4e+38 -3.4e+38 -3.4e+38 -3.4e+38 -3.4e+38 -3.4e+38 -3.4e+38 -3.4e+38 -3.4e+38 -3.4e+38
0.0743096396327019 0.0794123038649559 0.0644084066152573 0.0616789050400257 0.0591763965785503 0.0600176341831684 0.0626140385866165 0.0647745132446289 0.0648996159434319 0.0655718147754669 0.0647405311465263 0.0637544617056847 0.0531671792268753 0.0425328835844994 0.0406429581344128 0.0412368327379227 0.0381938777863979 0.033495020121336 0.0279527492821217 0.0238863490521908 0.0175131130963564 0.0157603342086077 0.0134550230577588 0.0107917049899697 0.0101212412118912 0.0105104725807905 0.0115146338939667 -3.4e+38 -3.4e+38 -3.4e+38 -3.4e+38 -3.4e+38 -3.4e+38 -3.4e+38 -3.4e+38 -3.4e+38 -3.4e+38 -3.4e+38 -3.4e+38 -3.4e+38 -3.4e+38 -3.4e+38 -3.4e+38 -3.4e+38 -3.4e+38
0.0710923001170158 0.0663445293903351 0.0622814558446407 0.0596281476318836 0.0604756437242031 0.0624504536390305 0.0684454515576363 0.0593251734972 0.0581209659576416 0.0619319230318069 0.0590959638357162 0.050665408372879 0.0525187402963638 0.0430525988340378 0.0378500856459141 0.0367551296949387 0.0347488522529602 0.0284866485744715 0.0247774254530668 0.0215225853025913 0.0186644922941923 0.016720162704587 0.0145055595785379 0.0126468976959586 0.012615330517292 0.0119194528087974 -3.4e+38 -3.4e+38 -3.4e+38 -3.4e+38 -3.4e+38 -3.4e+38 -3.4e+38 -3.4e+38 -3.4e+38 -3.4e+38 -3.4e+38 -3.4e+38 -3.4e+38 -3.4e+38 -3.4e+38 -3.4e+38 -3.4e+38 -3.4e+38 -3.4e+38
0.0762952119112015 0.0700676515698433 0.0683695152401924 0.0678242295980453 0.0632984712719917 0.0661646723747253 0.0584446638822556 0.0594802349805832 0.053774356842041 0.0583309903740883 0.0508236214518547 0.0490638799965382 0.0469276458024979 0.0410701222717762 0.0377145074307919 0.0348756425082684 0.0317332930862904 0.0299395136535168 0.0269503500312567 0.0208814218640327 0.0201634708791971 0.0167256519198418 0.015358867123723 0.014700124040246 0.0145506989210844 -3.4e+38 -3.4e+38 -3.4e+38 -3.4e+38 -3.4e+38 -3.4e+38 -3.4e+38 -3.4e+38 -3.4e+38 -3.4e+38 -3.4e+38 -3.4e+38 -3.4e+38 -3.4e+38 -3.4e+38 -3.4e+38 -3.4e+38 -3.4e+38 -3.4e+38 -3.4e+38
