data/climate_estimation/maxent_output/Trillium_underwoodii.asc
NCOLS 127 
NROWS 107 
XLLCORNER -87.3333333333333 
YLLCORNER 30.1666666666667 
CELLSIZE 0.0833333333333333 
NODATA_value -3.4e+38 
[rows 40 to 59 of 107, columns 0 to 45 of 127]
0.191936045885086 0.176711112260818 0.163600847125053 0.17123880982399 0.194639578461647 0.209957733750343 0.215109154582024 0.218226596713066 0.23527954518795 0.243984371423721 0.252788245677948 0.248410120606422 0.237637996673584 0.196562364697456 0.188965946435928 0.190372481942177 0.203729972243309 0.230717211961746 0.232690423727036 0.239857628941536 0.207187116146088 0.178823590278625 0.156613990664482 0.167942985892296 0.159050270915031 0.171438574790955 0.193996429443359 0.193087607622147 0.157728388905525 0.202484592795372 0.202877461910248 0.193705961108208 0.187695935368538 0.187781423330307 0.213336661458015 0.211555302143097 0.219903707504272 0.234871357679367 0.246642798185349 0.24799445271492 0.244476944208145 0.218083024024963 0.15268586575985 0.137580290436745 0.106698058545589 0.117773793637753
0.169333577156067 0.181182533502579 0.172939375042915 0.177129089832306 0.179872259497643 0.221676543354988 0.231800526380539 0.230496108531952 0.241263091564178 0.244401440024376 0.244038656353951 0.21457901597023 0.21455642580986 0.201521381735802 0.194596379995346 0.207094460725784 0.214962735772133 0.226319268345833 0.206779465079308 0.223035097122192 0.146784842014313 0.15950334072113 0.146630942821503 0.154910713434219 0.155864015221596 0.207470670342445 0.20783805847168 0.161035537719727 0.173005729913712 0.229735568165779 0.228897243738174 0.212645962834358 0.208408251404762 0.205329895019531 0.222579643130302 0.22525018453598 0.234747514128685 0.257463276386261 0.265006303787231 0.25177463889122 0.208629801869392 0.172019377350807 0.117505379021168 0.104808188974857 0.0600404925644398 0.0483717508614063
0.164939373731613 0.178628489375114 0.169532418251038 0.180407598614693 0.200359508395195 0.213910385966301 0.217244133353233 0.234908223152161 0.2259721159935 0.229966923594475 0.203324168920517 0.216793105006218 0.216338649392128 0.196687325835228 0.199451476335526 0.211600005626678 0.217964604496956 0.227372467517853 0.182571142911911 0.227895468473434 0.158932566642761 0.135916188359261 0.136041864752769 0.14327783882618 0.192147612571716 0.239972963929176 0.157064735889435 0.186462625861168 0.239181876182556 0.249115794897079 0.232268214225769 0.225142598152161 0.212372407317162 0.206429272890091 0.219008594751358 0.23877777159214 0.246061995625496 0.270766466856003 0.275125831365585 0.232305750250816 0.151351541280746 0.0956530570983887 0.0720676556229591 0.0540690459311008 0.0380076467990875 0.0314577966928482
0.178693294525146 0.162428230047226 0.172324657440186 0.173141792416573 0.202266246080399 0.200869634747505 0.221735402941704 0.21395617723465 0.220963343977928 0.208529949188232 0.206116646528244 0.21016925573349 0.227559894323349 0.216811880469322 0.218868002295494 0.213395833969116 0.211722105741501 0.162667468190193 0.127993777394295 0.135464057326317 0.157164335250854 0.132146075367928 0.132372513413429 0.174601703882217 0.251205235719681 0.156725987792015 0.198663383722305 0.274625808000565 0.271342366933823 0.241609871387482 0.223468020558357 0.224779456853867 0.229110583662987 0.22093378007412 0.248330414295197 0.240725159645081 0.246241837739944 0.256814301013947 0.235445067286491 0.1543909907341 0.139657840132713 0.119515024125576 0.113192930817604 0.10753657668829 0.0823667943477631 0.116862297058105
0.180237546563148 0.183423087000847 0.196238353848457 0.202339887619019 0.212236627936363 0.214970201253891 0.218376934528351 0.213130593299866 0.221243292093277 0.213709965348244 0.226829156279564 0.215019643306732 0.216065213084221 0.225451976060867 0.24003741145134 0.234882861375809 0.227065205574036 0.152246356010437 0.121007978916168 0.122441679239273 0.122755579650402 0.125253781676292 0.144840985536575 0.264445781707764 0.165462359786034 0.168344989418983 0.241173848509789 0.270763903856277 0.249779537320137 0.265962660312653 0.241143569350243 0.233755096793175 0.231920465826988 0.236213535070419 0.230692535638809 0.239832416176796 0.248617097735405 0.229990020394325 0.154844492673874 0.0685917437076569 0.0698959305882454 0.12031677365303 0.109553582966328 0.0927380844950676 0.101743243634701 0.132005929946899
0.197902947664261 0.205276757478714 0.203438252210617 0.221180275082588 0.237952500581741 0.235955640673637 0.243944466114044 0.246013060212135 0.244758501648903 0.227785095572472 0.239439323544502 0.229699358344078 0.210698679089546 0.237954378128052 0.233117774128914 0.238679990172386 0.2429169267416 0.206117227673531 0.128072455525398 0.124544277787209 0.14454585313797 0.121388711035252 0.226909831166267 0.180939838290215 0.160022795200348 0.202569931745529 0.272086501121521 0.260915368795395 0.256368607282639 0.248817160725594 0.24892458319664 0.231962472200394 0.233029007911682 0.242232859134674 0.210909560322762 0.235845401883125 0.224653899669647 0.163757398724556 0.126674875617027 0.0387953445315361 0.0459085814654827 0.121657744050026 0.0900041311979294 0.0707312226295471 0.0630176812410355 0.0741154029965401
0.229253947734833 0.220228865742683 0.245275691151619 0.255656391382217 0.244342729449272 0.251529693603516 0.268969923257828 0.276660829782486 0.2745620906353 0.256857454776764 0.260247707366943 0.252187758684158 0.2432921230793 0.247982084751129 0.249163150787354 0.228998109698296 0.167582735419273 0.114894077181816 0.139577090740204 0.13295590877533 0.161445409059525 0.190963387489319 0.226421728730202 0.147662192583084 0.182864353060722 0.277982711791992 0.276298999786377 0.254921764135361 0.237549424171448 0.23465733230114 0.230905741453171 0.227184504270554 0.239263042807579 0.220043614506721 0.251101911067963 0.230348959565163 0.214264556765556 0.179429844021797 0.156225845217705 0.1147520840168 0.0976478010416031 0.108726263046265 0.0949828028678894 0.0525533854961395 0.0357396118342876 0.0311243757605553
0.250051826238632 0.252767503261566 0.243843838572502 0.281568676233292 0.300391316413879 0.29515340924263 0.297523111104965 0.290641456842422 0.288038581609726 0.302540391683578 0.300548940896988 0.281598448753357 0.273859947919846 0.265849232673645 0.227825462818146 0.208606034517288 0.192101940512657 0.146413072943687 0.200881734490395 0.178282797336578 0.221861660480499 0.282680153846741 0.178620874881744 0.204772904515266 0.275885105133057 0.306412816047668 0.281156033277512 0.244378253817558 0.232110306620598 0.22349126636982 0.234849154949188 0.242072135210037 0.215864986181259 0.22934801876545 0.207016304135323 0.200721457600594 0.230096787214279 0.168315142393112 0.16749794781208 0.151527181267738 0.142882153391838 0.0942409858107567 0.0671109408140182 0.0411349721252918 0.026144852861762 0.0284626968204975
0.28049910068512 0.265753000974655 0.285576671361923 0.289706170558929 0.309684574604034 0.309721201658249 0.303500205278397 0.298763930797577 0.285480439662933 0.288749188184738 0.288992047309875 0.283216148614883 0.269611865282059 0.237648785114288 0.206148445606232 0.19476406276226 0.221577793359756 0.198883458971977 0.210424661636353 0.258192747831345 0.311276912689209 0.278779268264771 0.230386629700661 0.269431293010712 0.321705013513565 0.310356229543686 0.26892951130867 0.245899930596352 0.224817171692848 0.220645785331726 0.225370481610298 0.233004793524742 0.214442253112793 0.162432119250298 0.197901681065559 0.222046121954918 0.177320122718811 0.186453223228455 0.165293589234352 0.15322345495224 0.14448156952858 0.121653139591217 0.128826662898064 0.0859603211283684 0.0380998812615871 0.0103472787886858
0.312010049819946 0.302970558404922 0.285755723714828 0.306914091110229 0.310446351766586 0.28795975446701 0.29239609837532 0.310179680585861 0.309375315904617 0.307525545358658 0.313366293907166 0.276572585105896 0.234902381896973 0.270341008901596 0.272977441549301 0.228237360715866 0.292850941419601 0.263769656419754 0.307857513427734 0.343762159347534 0.235208496451378 0.231086984276772 0.279251128435135 0.262146919965744 0.284515410661697 0.286221385002136 0.270201504230499 0.239758044481277 0.230938300490379 0.228600561618805 0.223666250705719 0.195015653967857 0.170346677303314 0.12491063028574 0.187621161341667 0.218807488679886 0.202583968639374 0.186444580554962 0.150886684656143 0.139790564775467 0.108567610383034 0.119322724640369 0.101818285882473 0.100442886352539 0.0509549118578434 0.0379789620637894
0.343531101942062 0.313341826200485 0.317659765481949 0.316648453474045 0.302918791770935 0.294587105512619 0.316421836614609 0.309599876403809 0.321946114301682 0.328029304742813 0.323596298694611 0.28913351893425 0.276840478181839 0.319008260965347 0.254438459873199 0.26088535785675 0.325333088636398 0.363498508930206 0.356499582529068 0.296334058046341 0.25606581568718 0.246747806668282 0.226242944598198 0.25396066904068 0.293942987918854 0.263573557138443 0.247615158557892 0.225294426083565 0.226819977164268 0.226486906409264 0.226987838745117 0.178594633936882 0.115305677056313 0.0908265337347984 0.142115652561188 0.17487795650959 0.204542502760887 0.179407253861427 0.167957678437233 0.134521797299385 0.120699852705002 0.124795280396938 0.0563542507588863 0.0806398987770081 0.0451392605900764 0.0843320786952972
0.374818027019501 0.358349084854126 0.331502377986908 0.317605346441269 0.32970803976059 0.346592307090759 0.344919890165329 0.337452381849289 0.363875031471252 0.365965187549591 0.38303729891777 0.363753169775009 0.309728682041168 0.346127718687057 0.301196992397308 0.452785402536392 0.439349323511124 0.458616226911545 0.33132204413414 0.267836034297943 0.263385355472565 0.293197244405746 0.202455386519432 0.30416664481163 0.273772299289703 0.271856904029846 0.240388974547386 0.23367765545845 0.242760568857193 0.251140356063843 0.238512560725212 0.177720963954926 0.148633450269699 0.152016147971153 0.148896619677544 0.15105539560318 0.149299502372742 0.149506852030754 0.127626776695251 0.112196139991283 0.0974624827504158 0.102167196571827 0.06069415807724 0.0472547896206379 0.0777109041810036 0.0867378488183022
0.383746892213821 0.366075336933136 0.373432636260986 0.361115336418152 0.371192306280136 0.393421947956085 0.398612439632416 0.384190708398819 0.420925348997116 0.369537442922592 0.42412993311882 0.419300317764282 0.393948584794998 0.386617690324783 0.443522036075592 0.490592271089554 0.505841076374054 0.361885875463486 0.328142136335373 0.28233814239502 0.263457268476486 0.323255389928818 0.264532417058945 0.28188568353653 0.286589413881302 0.287751913070679 0.254613727331161 0.234803766012192 0.265005439519882 0.25264698266983 0.242489278316498 0.191249921917915 0.161747336387634 0.164241477847099 0.17536860704422 0.127825945615768 0.127578467130661 0.124149896204472 0.11088889837265 0.100885137915611 0.075975775718689 0.0837849676609039 0.091998316347599 0.131690010428429 0.111382283270359 0.0967399552464485
0.374165505170822 0.375632733106613 0.374165505170822 0.388257414102554 0.392506986856461 0.428609788417816 0.455207973718643 0.433667182922363 0.476622760295868 0.425321668386459 0.47181898355484 0.42954483628273 0.483407288789749 0.455763161182404 0.497888535261154 0.556964576244354 0.451552510261536 0.349805027246475 0.338663309812546 0.308981657028198 0.371688514947891 0.267459601163864 0.267109096050262 0.315244108438492 0.326410263776779 0.306786626577377 0.292330354452133 0.258037179708481 0.30272576212883 0.259661287069321 0.282393336296082 0.245889097452164 0.186325594782829 0.16908597946167 0.159220606088638 0.160523146390915 0.14623536169529 0.0897019878029823 0.134057447314262 0.150115340948105 0.173184543848038 0.139009103178978 0.127889513969421 0.132067054510117 0.129248097538948 0.11787872761488
0.383678913116455 0.361853569746017 0.358009427785873 0.385352969169617 0.402554392814636 0.433102607727051 0.459518283605576 0.45377990603447 0.455461025238037 0.484953910112381 0.474917948246002 0.513105392456055 0.46735680103302 0.418134927749634 0.552819311618805 0.444976359605789 0.398740977048874 0.390632063150406 0.384526193141937 0.422483891248703 0.372456461191177 0.292613625526428 0.3202745616436 0.410252898931503 0.398404240608215 0.338883459568024 0.30547958612442 0.313396960496902 0.338784992694855 0.312917143106461 0.303621560335159 0.266424119472504 0.21569649875164 0.207229003310204 0.159914135932922 0.125466614961624 0.144666373729706 0.163989558815956 0.189187899231911 0.216386541724205 0.212521195411682 0.151409402489662 0.136072859168053 0.132580742239952 0.12771201133728 0.113641932606697
0.380607426166534 0.381197929382324 0.39777535200119 0.385303497314453 0.415739595890045 0.407262772321701 0.432049244642258 0.454243987798691 0.406647086143494 0.432082206010818 0.498922377824783 0.462901622056961 0.497992187738419 0.52981048822403 0.490032613277435 0.455679625272751 0.437406629323959 0.412525057792664 0.441658943891525 0.447723537683487 0.360547959804535 0.423896670341492 0.454036355018616 0.442393630743027 0.41187459230423 0.386441856622696 0.410783469676971 0.378282219171524 0.403163015842438 0.331953316926956 0.333724498748779 0.31645268201828 0.225122779607773 0.199462905526161 0.186658307909966 0.186479359865189 0.162940159440041 0.188136845827103 0.198614791035652 0.215212360024452 0.217385366559029 0.198207646608353 0.197218999266624 0.131181478500366 0.122803702950478 0.127067744731903
0.3296959400177 0.355123698711395 0.379636853933334 0.414262026548386 0.413798153400421 0.440834194421768 0.416248649358749 0.43804258108139 0.492807567119598 0.447372525930405 0.468064188957214 0.481892466545105 0.543230891227722 0.506609082221985 0.457693099975586 0.430437505245209 0.450517058372498 0.459506928920746 0.483601570129395 0.405960738658905 0.434005260467529 0.540343642234802 0.511125683784485 0.483914941549301 0.458118975162506 0.531538367271423 0.504647672176361 0.442041218280792 0.381582230329514 0.380669295787811 0.349091976881027 0.29157155752182 0.244666680693626 0.209070637822151 0.210041865706444 0.203632026910782 0.210138142108917 0.165473639965057 0.159475699067116 0.157696515321732 0.154094830155373 0.196584358811378 0.1712496727705 0.177689179778099 0.163743525743484 0.169630005955696
0.36096727848053 0.361728638410568 0.381029665470123 0.379485577344894 0.392716318368912 0.411666423082352 0.406722396612167 0.418759196996689 0.45643013715744 0.481564790010452 0.478063195943832 0.554783463478088 0.52027553319931 0.485302925109863 0.478209853172302 0.44550359249115 0.445695966482162 0.511930465698242 0.461684077978134 0.473261594772339 0.537258923053741 0.529992997646332 0.523784875869751 0.492765694856644 0.529626488685608 0.557754933834076 0.53004002571106 0.46997332572937 0.429555416107178 0.382723778486252 0.358732163906097 0.269255548715591 0.225434705615044 0.230289936065674 0.228476271033287 0.16992549598217 0.163732945919037 0.161994323134422 0.160386204719543 0.142255246639252 0.154044881463051 0.188157588243484 0.169424310326576 0.185631290078163 0.16555717587471 0.161764904856682
0.365649312734604 0.365649312734604 0.367685824632645 0.385170578956604 0.409474521875381 0.428475171327591 0.444150120019913 0.466644912958145 0.490522921085358 0.483535051345825 0.546003222465515 0.537509143352509 0.520792007446289 0.531617224216461 0.485493391752243 0.480682015419006 0.518415331840515 0.502497375011444 0.534315168857574 0.564680635929108 0.59668356180191 0.583863377571106 0.576429128646851 0.579418897628784 0.580042958259583 0.539286553859711 0.498866558074951 0.49608451128006 0.466838926076889 0.409044176340103 0.381106585264206 0.297593802213669 0.259240627288818 0.233758717775345 0.165051102638245 0.156987637281418 0.152276754379272 0.143162280321121 0.151285275816917 0.147517189383507 0.148237273097038 0.130491584539413 0.171820446848869 0.16555255651474 0.168034732341766 0.167879015207291
0.380752474069595 0.404323130846024 0.395843207836151 0.407324612140656 0.428414940834045 0.449518769979477 0.505142390727997 0.539241075515747 0.530745923519135 0.521690547466278 0.551786601543427 0.578162491321564 0.571454763412476 0.550405323505402 0.541848361492157 0.556859910488129 0.530799508094788 0.535498261451721 0.58107054233551 0.556060791015625 0.560110509395599 0.603259682655334 0.554223418235779 0.55100691318512 0.558986186981201 0.498361796140671 0.498381316661835 0.451033651828766 0.452928423881531 0.399205058813095 0.363978624343872 0.322634130716324 0.266128093004227 0.179611355066299 0.174287736415863 0.159700721502304 0.152955874800682 0.149729132652283 0.14826887845993 0.142180576920509 0.142934367060661 0.142739206552505 0.133781731128693 0.139598339796066 0.140911281108856 0.191581711173058
