data/climate_estimation/maxent_output/Trillium_grandiflorum.asc
NCOLS 351 
NROWS 161 
XLLCORNER -93.0833333333333 
YLLCORNER 33.75 
CELLSIZE 0.0833333333333333 
NODATA_value -3.4e+38 
[rows 0 to 21 of 161, columns 245 to 293 of 351]
0.37671172618866 0.277212977409363 0.282054096460342 0.270034611225128 0.285310626029968 0.221287965774536 0.214132785797119 0.172599092125893 0.165269404649734 0.145642891526222 0.100418075919151 0.0932133123278618 0.156573891639709 0.0983478799462318 0.0984527617692947 0.160513162612915 0.0988976582884789 0.0794645845890045 0.0793760046362877 0.0939561501145363 0.0791993141174316 0.175973296165466 0.196323573589325 0.178604736924171 -3.4e+38 0.454331666231155 0.435689240694046 0.422296315431595 0.372121512889862 0.192588150501251 0.148517340421677 0.17669840157032 0.19890695810318 0.191675037145615 0.207681283354759 0.176576182246208 0.17009162902832 0.237329617142677 0.327526777982712 0.361910492181778 0.345038592815399 0.364566683769226 0.443795025348663 0.423057705163956 0.443731129169464 0.365569204092026 0.350383073091507 0.367309212684631 0.422916084527969
0.350551217794418 0.316064029932022 0.261974483728409 0.306471079587936 0.321352690458298 0.26386970281601 0.250967383384705 0.203678235411644 0.155200749635696 0.193339586257935 0.164451003074646 0.191453769803047 0.192695423960686 0.172352343797684 0.211654081940651 0.191528216004372 0.136606350541115 0.147164911031723 0.140406370162964 0.161040961742401 0.278659552335739 0.439778327941895 0.465386748313904 0.487979114055634 0.466555207967758 0.453674048185349 0.416424542665482 0.350390285253525 0.246446222066879 0.170149549841881 0.154252469539642 0.15768027305603 0.216829434037209 0.245805487036705 0.243472218513489 0.249970346689224 0.25120085477829 0.280459553003311 0.309970885515213 0.36240354180336 0.363770306110382 0.363073378801346 0.366417944431305 0.40594756603241 0.367795169353485 0.318200439214706 0.353933095932007 0.387877821922302 0.445764988660812
0.391405701637268 0.356765151023865 0.340111255645752 0.321383476257324 0.372290939092636 0.343998402357101 0.313387781381607 0.256885260343552 0.227389112114906 0.266918510198593 0.277317315340042 0.248788192868233 0.289193212985992 0.259619206190109 0.30069762468338 0.3153255879879 0.246856451034546 0.272777050733566 0.318185567855835 0.402577906847 0.452739894390106 0.457348138093948 0.504519164562225 0.466851770877838 0.448652505874634 0.393278568983078 0.265282690525055 0.193486124277115 0.17680586874485 0.171517536044121 0.145740151405334 0.147228807210922 0.228160560131073 0.229659959673882 0.232755914330482 0.290340602397919 0.291271924972534 0.325247198343277 0.342322319746017 0.324955731630325 0.310861796140671 0.4031021296978 0.404594212770462 0.406069457530975 0.329656153917313 0.352949738502502 0.367594510316849 0.446034401655197 0.485226482152939
0.324826598167419 0.394697338342667 0.437696635723114 0.458057165145874 0.424755483865738 0.381657481193542 0.38401859998703 0.348417371511459 0.402443438768387 0.42068886756897 0.399957269430161 0.304911732673645 0.375504225492477 0.354885220527649 0.334885776042938 0.380762487649918 0.416085422039032 0.47759136557579 0.505801200866699 0.469709426164627 0.490202933549881 0.500439405441284 0.465085297822952 0.446443229913712 0.335827082395554 0.236768275499344 0.172288566827774 0.165232926607132 0.15868616104126 0.143524333834648 0.146728068590164 0.176429495215416 0.22632659971714 0.229659959673882 0.257211297750473 0.288795530796051 0.308754920959473 0.344605177640915 0.345789909362793 0.297474235296249 0.328279614448547 0.382899403572083 0.330732583999634 0.313655078411102 0.333021640777588 0.334366142749786 0.426105171442032 0.488934457302094 0.461919516324997
0.364472240209579 0.503545999526978 0.492606550455093 0.505656957626343 0.505860090255737 0.466717302799225 0.427388519048691 0.422877579927444 0.462190747261047 0.438062280416489 0.457362651824951 0.435390323400497 0.432456731796265 0.371211737394333 0.424147039651871 0.502452194690704 0.53572291135788 0.573851466178894 0.526013851165771 0.489048004150391 0.474650084972382 0.460144966840744 0.404271304607391 0.322257697582245 0.235977500677109 0.202967405319214 0.193021401762962 0.145895227789879 0.119337618350983 0.136357471346855 0.20972353219986 0.199403345584869 0.216275691986084 0.24151799082756 0.271653681993484 0.274246513843536 0.324878484010696 0.310113072395325 0.280346781015396 0.363643944263458 0.40257716178894 0.381762117147446 0.330909073352814 0.299233376979828 0.300771296024323 0.348889857530594 0.489211857318878 0.443176120519638 0.48570653796196
0.522487759590149 0.526204824447632 0.551862478256226 0.559007406234741 0.510973751544952 0.553008854389191 0.598136067390442 0.578880131244659 0.525983929634094 0.544356346130371 0.520904362201691 0.495248824357986 0.515609383583069 0.512360394001007 0.50802606344223 0.526771068572998 0.519081294536591 0.521836698055267 0.506531596183777 0.489429831504822 0.47703218460083 0.40221107006073 0.303767204284668 0.249792471528053 0.198995187878609 0.203344464302063 0.162208452820778 0.11816418170929 0.0963735952973366 0.177306041121483 0.21110600233078 0.212364390492439 0.226764634251595 0.241917476058006 0.273630261421204 0.287892997264862 0.275632470846176 0.294107675552368 0.326373964548111 0.358993887901306 0.347552329301834 0.344093024730682 0.349939227104187 0.298365324735641 0.333873718976974 0.40728434920311 0.443520933389664 0.421791553497314 0.489852368831635
0.574933111667633 0.577483952045441 0.578562617301941 0.579411745071411 0.62736850976944 0.638559818267822 0.638978481292725 0.62375944852829 0.610784888267517 0.570024847984314 0.566479563713074 0.566837668418884 0.516324579715729 0.47294607758522 0.469796299934387 0.443394929170609 0.465014845132828 0.465392649173737 0.469335228204727 0.409636557102203 0.357306241989136 0.314952671527863 0.244659826159477 0.220883384346962 0.160420522093773 0.138629108667374 0.0887542366981506 0.0854704976081848 0.135982602834702 0.185150802135468 0.210430830717087 0.250552773475647 0.253040969371796 0.256766438484192 0.287084370851517 0.259215623140335 0.275721251964569 0.310421466827393 0.34359136223793 0.398726731538773 0.325972735881805 0.312252670526505 0.366611361503601 0.331085622310638 0.403874218463898 0.425946652889252 0.425664126873016 0.445933818817139 0.463040262460709
0.601884603500366 0.628683269023895 0.626631081104279 0.667508244514465 0.653765738010406 0.655161023139954 0.64199835062027 0.62302154302597 0.58124965429306 0.527933657169342 0.502173960208893 0.505501449108124 0.482334405183792 0.438408613204956 0.432869344949722 0.431493163108826 0.428402245044708 0.434559196233749 0.390521049499512 0.360671699047089 0.299080431461334 0.244627118110657 0.260011672973633 0.202227115631104 0.164014294743538 0.0928654819726944 0.0945684313774109 0.12058836966753 0.184583142399788 0.220454201102257 0.247192710638046 0.25218802690506 0.267344295978546 0.284362226724625 0.258067220449448 0.234997227787971 0.276180386543274 0.279915660619736 0.2932009100914 0.343959093093872 0.377779990434647 0.359036713838577 0.365451246500015 0.346126228570938 0.420510709285736 0.463366478681564 0.422455877065659 0.484513163566589 0.527042150497437
0.673817455768585 0.706430613994598 0.683162152767181 0.693956077098846 0.69922536611557 0.659068048000336 0.627658307552338 0.585492730140686 0.532520353794098 0.513004541397095 0.487870991230011 0.488384276628494 0.465973913669586 0.415828227996826 0.418371737003326 0.418493360280991 0.398878842592239 0.382102698087692 0.327340513467789 0.346902310848236 0.259571552276611 0.213284224271774 0.180753618478775 0.154362246394157 0.205077916383743 0.176096245646477 0.14237867295742 0.144661083817482 0.232145637273788 0.23454113304615 0.250073671340942 0.266482025384903 0.269908517599106 0.270338386297226 0.258353024721146 0.220311120152473 0.279028356075287 0.293755024671555 0.342841774225235 0.376904428005219 0.416917949914932 0.394807308912277 0.399775147438049 0.378959596157074 0.380314975976944 0.420918703079224 0.502723097801208 0.504878580570221 0.570662438869476
0.706385850906372 0.7227942943573 0.705339670181274 0.706085205078125 0.699715614318848 0.632298171520233 0.585625171661377 0.563658237457275 0.515962600708008 0.491854310035706 0.49261537194252 0.47178652882576 0.44319012761116 0.423858374357224 0.402771800756454 0.369247645139694 0.331408739089966 0.273314237594604 0.201242655515671 0.223854839801788 0.307574778795242 0.25080281496048 0.19476917386055 0.207337185740471 0.207534551620483 0.167595475912094 0.169652715325356 0.171546190977097 0.234777599573135 0.250434309244156 0.266915112733841 0.254058480262756 0.283787399530411 0.257678210735321 0.231988444924355 0.220374822616577 0.292801707983017 0.326427042484283 0.359122961759567 0.415832728147507 0.438995212316513 0.420469433069229 0.379639804363251 0.456467092037201 0.455052256584167 0.497251808643341 0.564365386962891 0.564090251922607 0.587130188941956
0.734933078289032 0.738926589488983 0.710359454154968 0.69312971830368 0.652774810791016 0.611502051353455 0.589423298835754 0.540152966976166 0.518359065055847 0.521219372749329 0.496077656745911 0.450376480817795 0.374193787574768 0.354542821645737 0.339498311281204 0.308021545410156 0.235412836074829 0.172274127602577 0.123355224728584 0.138691291213036 0.238950595259666 0.311990946531296 0.28553107380867 0.222967833280563 0.169727399945259 0.22474405169487 0.224717691540718 0.216332703828812 0.236485242843628 0.236471727490425 0.225871294736862 0.230192288756371 0.270739138126373 0.273573607206345 0.246416702866554 0.247549921274185 0.342215567827225 0.374692261219025 0.393159359693527 0.430070519447327 0.456091076135635 0.434980779886246 0.455692678689957 0.493967622518539 0.535832285881042 0.558724582195282 0.587213516235352 0.583019375801086 0.610285818576813
0.738603293895721 0.738753855228424 0.704357266426086 0.679821312427521 0.635852932929993 0.619439959526062 0.590407073497772 0.570403754711151 0.545667052268982 0.504398584365845 0.460091203451157 0.361621141433716 0.296655744314194 0.311133950948715 0.238984003663063 0.183180168271065 0.16547617316246 0.176236286759377 0.164187550544739 0.21765111386776 0.231174170970917 0.272374927997589 0.289185047149658 0.273284465074539 0.263283908367157 0.25373101234436 0.304917901754379 0.250410079956055 0.239386022090912 0.216494172811508 0.19344474375248 0.219314306974411 0.25820654630661 0.271888315677643 0.263185411691666 0.261243253946304 0.376763761043549 0.39569878578186 0.391704618930817 0.428836286067963 0.454542815685272 0.453017026185989 0.448437064886093 0.512254297733307 0.558544158935547 0.602207183837891 0.602351665496826 0.646492302417755 0.621216714382172
0.737348139286041 0.715990960597992 0.696067690849304 0.667766928672791 0.64335834980011 0.645576059818268 0.595364511013031 0.573394179344177 0.506628453731537 0.460581392049789 0.402704030275345 0.255917578935623 0.256469368934631 0.3001728951931 0.195123180747032 0.156576618552208 0.187834292650223 0.183982118964195 0.176095962524414 0.220443561673164 0.27538275718689 0.232071563601494 0.235003367066383 0.30754816532135 0.264029532670975 0.239660382270813 0.248319283127785 0.200328335165977 0.195172727108002 0.19306144118309 0.183916434645653 0.233261227607727 0.258564025163651 0.246014773845673 0.222218438982964 0.321498185396194 0.374100148677826 0.392107009887695 0.453520268201828 0.455360054969788 0.450758427381516 0.447582125663757 0.471707254648209 0.471279442310333 0.488522291183472 0.449692964553833 0.591904580593109 0.665312588214874 0.66107302904129
0.72114759683609 0.715141713619232 0.712968587875366 0.677205801010132 0.664204359054565 0.619889259338379 0.600512444972992 0.556073069572449 0.509905934333801 0.405021786689758 0.287589818239212 0.245434805750847 0.175376191735268 0.218479007482529 0.299926280975342 0.259008705615997 0.185459837317467 0.176346853375435 0.197372615337372 0.221935361623764 0.250470399856567 0.236503973603249 0.252560466527939 0.251457780599594 0.267141580581665 0.257307142019272 0.309010565280914 0.239307552576065 0.184843614697456 0.206428691744804 0.260662227869034 0.260252267122269 0.208853915333748 0.236614719033241 0.290348529815674 0.33720737695694 0.377402067184448 0.411882877349854 0.452081173658371 0.468777507543564 0.447797387838364 0.451358169317245 0.372612625360489 0.389313220977783 0.300805658102036 0.363493889570236 0.545012772083282 0.696744799613953 0.671434462070465
0.717238306999207 0.682588696479797 0.687620580196381 0.682674050331116 0.63998681306839 0.627990007400513 0.579513370990753 0.555168509483337 0.468102842569351 0.392480999231339 0.305409371852875 0.196652501821518 0.176777437329292 0.187118902802467 0.246859148144722 0.244868651032448 0.220906943082809 0.247899651527405 0.235842317342758 0.209582731127739 0.200462281703949 0.19284999370575 0.182536214590073 0.241282075643539 0.243962347507477 0.186391964554787 0.292579054832458 0.268221765756607 0.196803465485573 0.208876669406891 0.221545860171318 0.274885177612305 0.277302145957947 0.304848164319992 0.356536388397217 0.373044908046722 0.410409539937973 0.428306311368942 0.429590940475464 0.492466866970062 0.492873698472977 0.46949365735054 0.388459801673889 0.252381205558777 0.130578950047493 0.265921026468277 0.563561797142029 0.64887261390686 0.755600988864899
0.69436115026474 0.686012446880341 0.693221092224121 0.643059253692627 0.645626425743103 0.60339343547821 0.583012640476227 0.540068566799164 0.453621536493301 0.338890135288239 0.287949115037918 0.302037924528122 0.259305357933044 0.212210133671761 0.220893517136574 0.273129522800446 0.246711522340775 0.236219719052315 0.249976992607117 0.216519370675087 0.190884292125702 0.165618270635605 0.176384449005127 0.22071161866188 0.257806539535522 0.241051882505417 0.269794046878815 0.166272774338722 0.16517162322998 0.235680609941483 0.275151044130325 0.308325707912445 0.339924812316895 0.339629620313644 0.358319044113159 0.43254628777504 0.428987056016922 0.474063605070114 0.428472578525543 0.44877889752388 0.53488153219223 0.504747629165649 0.504539012908936 0.5423943400383 0.322227209806442 0.391630381345749 0.622361600399017 0.638941645622253 0.746115684509277
0.809511959552765 0.698311030864716 0.655059933662415 0.626513063907623 0.60339343547821 0.564677715301514 0.516515076160431 0.493337541818619 0.430908411741257 0.392241328954697 0.355677664279938 0.3057741522789 0.236116379499435 0.223260626196861 0.249410822987556 0.305187731981277 0.237948089838028 0.238044932484627 0.225675970315933 0.137067750096321 0.157312646508217 0.13951301574707 0.15850393474102 0.209219142794609 0.263144612312317 0.25342208147049 0.196326121687889 0.158768936991692 0.177699491381645 0.168590530753136 0.276527166366577 0.291370391845703 0.309941828250885 0.357250541448593 0.411173462867737 0.453260570764542 0.432651311159134 0.372931629419327 0.35496923327446 0.447105228900909 0.507074773311615 0.522538781166077 0.546967029571533 0.605085015296936 0.733647584915161 0.723186731338501 0.759548544883728 0.736748278141022 0.780994057655334
0.817165315151215 0.773142278194427 0.660613000392914 0.602351367473602 0.566874742507935 0.541526794433594 0.434842765331268 0.435026675462723 0.373809844255447 0.338755458593369 0.354804217815399 0.30641171336174 0.292581111192703 0.249649032950401 0.290446639060974 0.250279814004898 0.212480530142784 0.172720536589622 0.183593273162842 0.165715575218201 0.110589444637299 0.139071375131607 0.186077788472176 0.199031800031662 0.170038804411888 0.175628423690796 0.188610479235649 0.209599822759628 0.260395646095276 0.29496693611145 0.293411403894424 0.325299173593521 0.396215468645096 0.435151249170303 0.453494817018509 0.44966447353363 0.425756186246872 0.468284010887146 0.40641650557518 0.402181833982468 0.419706374406815 0.49726614356041 0.537051439285278 0.664054334163666 0.789076685905457 0.756945610046387 0.750392913818359 0.773584544658661 0.803778111934662
0.801096677780151 0.79012131690979 0.661263525485992 0.581629991531372 0.537364423274994 0.497653305530548 0.517985999584198 0.477132469415665 0.432254672050476 0.374850004911423 0.319796532392502 0.275213748216629 0.273086041212082 0.356639623641968 0.291032612323761 0.263194233179092 0.203626200556755 0.155142977833748 0.139866828918457 0.132693663239479 0.140464752912521 0.168064638972282 0.179767787456512 0.143867254257202 0.184919834136963 0.219682082533836 0.276746958494186 0.326058328151703 0.377074837684631 0.361837863922119 0.360317438840866 0.397045850753784 0.376500695943832 0.412274271249771 0.43024006485939 0.469105452299118 0.488242208957672 0.464795470237732 0.383766770362854 0.344207793474197 0.356996685266495 0.453361362218857 0.487773150205612 0.568664371967316 0.762058913707733 0.7762850522995 0.766720235347748 0.79037469625473 0.795550227165222
0.78891921043396 0.778048276901245 0.728339552879333 0.584353089332581 0.494123458862305 0.431902348995209 0.45429190993309 0.475699812173843 0.469807207584381 0.407807767391205 0.352879643440247 0.2347531914711 0.405926734209061 0.33530792593956 0.224153310060501 0.212317451834679 0.205086812376976 0.17332911491394 0.132318571209908 0.140069514513016 0.149978205561638 0.178020685911179 0.152686953544617 0.156025007367134 0.209100127220154 0.275460034608841 0.290568590164185 0.326430380344391 0.417001605033875 0.327755659818649 0.223892539739609 0.291092932224274 0.342564731836319 0.434455752372742 0.491107553243637 0.467559397220612 0.523708403110504 0.528539001941681 0.375724405050278 0.341729193925858 0.320289134979248 0.317493826150894 0.438910514116287 0.612581431865692 0.736943662166595 0.749177396297455 0.760293543338776 0.772872626781464 0.770288646221161
0.771349310874939 0.682847201824188 0.689356446266174 0.666946470737457 0.524221897125244 0.464322358369827 0.453149676322937 0.447634607553482 0.53334653377533 0.546362459659576 0.522429466247559 0.525539815425873 0.457943677902222 0.36658588051796 0.272265672683716 0.208852469921112 0.221863150596619 0.131297752261162 0.0699073299765587 0.111880607903004 0.143561616539955 0.212306216359138 0.241887480020523 0.175998032093048 0.0924739837646484 0.134644895792007 0.142390072345734 0.211328342556953 0.361407548189163 0.263971954584122 0.167746543884277 0.323617875576019 0.431824415922165 0.509646773338318 0.443961948156357 0.332095384597778 0.50115442276001 0.473314702510834 0.47329917550087 0.469770729541779 0.504878520965576 0.684147894382477 0.674451470375061 0.715420246124268 0.793418705463409 0.801075994968414 0.796415627002716 0.806072533130646 0.813722014427185
0.702790260314941 0.683468818664551 0.642187237739563 0.620057821273804 0.545117199420929 0.479472100734711 0.545763671398163 0.570560932159424 0.566492080688477 0.61049610376358 0.563205242156982 0.482780367136002 0.40239816904068 0.383754909038544 0.319141983985901 0.246684089303017 0.197046220302582 0.223694607615471 0.189360693097115 0.144958257675171 0.144685655832291 0.192327454686165 0.203382447361946 0.23171329498291 0.0985995009541512 0.124578632414341 0.210092768073082 0.294443577528 0.359172403812408 0.339962005615234 0.426236838102341 0.463063180446625 0.528638660907745 0.504747152328491 0.442863434553146 0.456994324922562 0.519735038280487 0.495684593915939 0.663919448852539 0.687102854251862 0.657613515853882 0.695332527160645 0.756004691123962 0.807050883769989 0.784878253936768 0.816923916339874 0.806882560253143 0.821485280990601 0.817505419254303
