data/climate_estimation/maxent_output/Trillium_chloropetalum.asc
NCOLS 54 
NROWS 89 
XLLCORNER -123.916666666667 
YLLCORNER 34.3333333333333 
CELLSIZE 0.0833333333333333 
NODATA_value -3.4e+38 
[rows 0 to 21 of 89, columns 0 to 48 of 54]
0.172151342034340 0.151806592941284 0.10022896528244 0.101929344236851 0.140646904706955 0.158381760120392 0.136558771133423 0.0963953360915184 0.0513946749269962 0.0604592636227608 0.069127656519413 0.0616070851683617 0.0394320115447044 0.0343869775533676 0.0267608929425478 0.0130988359451294 0.0143010010942817 0.0228621065616608 0.021747687831521 0.012862934730947 0.0136946551501751 0.00539836147800088 0.00262405909597874 0.00196995446458459 0.00196483707986772 0.00155777728650719 0.0014117443934083 0.000926399952732027 0.000728926621377468 0.000640185608062893 0.000744338321965188 0.000697168405167758 0.000473851396236569 0.000533050741069019 0.000503272167406976 0.000542776950169355 0.000521007983479649 0.000489185971673578 0.000338851357810199 0.000334523501805961 0.000343573541613296 0.000491294311359525 0.000417055853176862 0.00019371164671611 0.000352450035279617 0.000579262152314186 0.000237789063248783 0.000109323496872094 0.000100835444754921
0.163742944598198 0.151725023984909 0.0976729467511177 0.151051059365273 0.136647447943687 0.164137959480286 0.115524865686893 0.0754036009311676 0.0386189669370651 0.0565221011638641 0.0527974516153336 0.0624892115592957 0.0543305985629559 0.0387963280081749 0.0251155216246843 0.0251723658293486 0.025272686034441 0.0266137570142746 0.0281670354306698 0.0190721228718758 0.0141292633488774 0.00894380547106266 0.00515539245679975 0.0044021112844348 0.00350623438134789 0.00307725928723812 0.00199760077521205 0.00291049061343074 0.00232657487504184 0.000866964110173285 0.000801730318926275 0.000941658508963883 0.000799410103354603 0.000608711095992476 0.000659513985738158 0.000641088816337287 0.000489690690301359 0.000440586358308792 0.000426118698669598 0.000355382973793894 0.000388185871997848 0.000277034239843488 0.000360492966137826 0.000182769013918005 0.000397347554098815 0.000522862013895065 0.000309848546748981 0.000132367131300271 9.48284359765239e-05
0.146745651960373 0.149448826909065 0.0986402258276939 0.15000706911087 0.180180877447128 0.123340524733067 0.0620352551341057 0.0546757914125919 0.0524851866066456 0.0373484753072262 0.04414963722229 0.0714136436581612 0.0585807710886002 0.0412290319800377 0.0298218242824078 0.0284089297056198 0.0302758626639843 0.0308379419147968 0.0352468714118004 0.0345923416316509 0.0198380369693041 0.0106340609490871 0.0149753773584962 0.00970098096877337 0.00558407418429852 0.00477766105905175 0.00358878634870052 0.00401113368570805 0.00292308535426855 0.00159926747437567 0.00186026305891573 0.00138138758484274 0.000756421184632927 0.000740805233363062 0.000750302860978991 0.000639534962829202 0.000485674769151956 0.000406320352340117 0.000397594936657697 0.000322342559229583 0.000283035769825801 0.000226551434025168 0.000309970608213916 0.000211641876376234 0.000252111785812303 0.000423455989221111 0.000348055764334276 0.000135313108330593 7.851209375076e-05
0.214135080575943 0.22006519138813 0.156232446432114 0.142996102571487 0.183251053094864 0.174154579639435 0.149616271257401 0.129287913441658 0.0532168410718441 0.0492494367063046 0.0446877665817738 0.0518717467784882 0.06163040548563 0.0380230359733105 0.0383183471858501 0.0364823490381241 0.0352203175425529 0.0415343530476093 0.029913080856204 0.0236960742622614 0.00797095708549023 0.0118543170392513 0.0136692440137267 0.0123511729761958 0.0148981492966413 0.010011114180088 0.00720888329669833 0.00507020996883512 0.00312530901283026 0.00298859574832022 0.00266084354370832 0.00212012464180589 0.00145862274803221 0.00100885389838368 0.000766962592024356 0.000651200243737549 0.00108952354639769 0.000727832084521651 0.000520657864399254 0.000236613632296212 0.000215849766391329 0.000274263060418889 0.000289677060209215 0.000193647661944851 0.000234592152992263 0.000280090724118054 0.000265470705926418 0.000150271749589592 9.81426201178692e-05
0.200137376785278 0.147504106163979 0.200477510690689 0.205652132630348 0.243128731846809 0.209923788905144 0.141550123691559 0.0597750842571259 0.0737394019961357 0.086037278175354 0.05821568146348 0.0433515720069408 0.06462012976408 0.0449457131326199 0.0483989045023918 0.0363587327301502 0.019553042948246 0.0319898724555969 0.0393894277513027 0.0295805744826794 0.00740425987169147 0.0139498030766845 0.0330495238304138 0.0450907982885838 0.024432523176074 0.0228111390024424 0.0240995492786169 0.0235763713717461 0.0143618313595653 0.00698193348944187 0.00429144315421581 0.00264716683886945 0.00193799019325525 0.00152327038813382 0.0012847037287429 0.00109304313082248 0.000708484440110624 0.000516669766511768 0.000368401117157191 0.00032496071071364 0.000239824905293062 0.000239032800891437 0.000235755345784128 0.000155632616952062 0.000189144557225518 0.000200590759050101 0.000199612491996959 0.000107616673631128 8.6016530985944e-05
0.276531040668488 0.213017791509628 0.210470736026764 0.281710803508759 0.239389598369598 0.131374433636665 0.191393241286278 0.132384896278381 0.124596118927002 0.0808133110404015 0.0608011037111282 0.036214217543602 0.0514411479234695 0.0440720580518246 0.0465878434479237 0.0358827635645866 0.0265805050730705 0.0246300399303436 0.052674375474453 0.086449921131134 0.0477837212383747 0.0821662843227386 0.107740819454193 0.0888074189424515 0.0705564841628075 0.0382806248962879 0.0304309111088514 0.0357109680771828 0.0243147630244493 0.0125231174752116 0.00707862107083201 0.00362310581840575 0.00362920016050339 0.00224317470565438 0.00131956278346479 0.000883582746610045 0.000803721894044429 0.000538987631443888 0.000343177060130984 0.000338157202349976 0.000266075250692666 0.000217536377022043 0.000237255764659494 0.000154797991854139 0.000188001169590279 0.000155446861754172 0.000159460541908629 0.000101612611615565 6.16468314547092e-05
0.273320764303207 0.280570060014725 0.272807061672211 0.271896749734879 0.234820634126663 0.134211838245392 0.123040780425072 0.172169968485832 0.111897610127926 0.0898934155702591 0.0837076529860497 0.0374430157244205 0.0499485731124878 0.0338194370269775 0.0575977936387062 0.0515844747424126 0.037727203220129 0.0346529930830002 0.0519016906619072 0.0921912118792534 0.0967911034822464 0.141030058264732 0.129959791898727 0.0693811997771263 0.0537962652742863 0.0470487363636494 0.0543494857847691 0.0574509091675282 0.0446505919098854 0.0351373478770256 0.0154667692258954 0.0048884367570281 0.00486246962100267 0.00323161180131137 0.00215054443106055 0.0014140015700832 0.000769718259107322 0.000575352227315307 0.000472510000690818 0.000354986434103921 0.000252287107286975 0.000226514646783471 0.000202001261641271 0.000155186236952431 0.000158530150656588 0.000115584334707819 0.000148444785736501 8.85594272403978e-05 7.77676541474648e-05
0.27118581533432 0.2758549451828 0.38813129067421 0.278780430555344 0.133830547332764 0.12693727016449 0.125724464654922 0.121435552835464 0.133618950843811 0.103692941367626 0.0834352448582649 0.0542732737958431 0.0641429126262665 0.0588461086153984 0.0727684497833252 0.0587428733706474 0.0554677806794643 0.038359209895134 0.0953174382448196 0.140224561095238 0.141132965683937 0.145727127790451 0.126407846808434 0.0798306241631508 0.101832337677479 0.054309505969286 0.0417427979409695 0.0690667405724525 0.0706421881914139 0.0422709882259369 0.0240319725126028 0.0094102630391717 0.00484880525618792 0.00428398512303829 0.00286330445669591 0.00196386035531759 0.00091951567446813 0.000443186843767762 0.000429741776315495 0.000254161539487541 0.000222080328967422 0.000222367438254878 0.000130448272102512 0.000114305650640745 0.000131499604322016 0.000102315680123866 7.51122497604229e-05 0.000108816420834046 7.35974244889803e-05
0.360025107860565 0.26634269952774 0.381794154644012 0.363178938627243 0.260640919208527 0.130802825093269 0.16310803592205 0.141306951642036 0.107000879943371 0.100352346897125 0.0785097479820251 0.0538818091154099 0.0368230082094669 0.0631787329912186 0.0966745615005493 0.0856866240501404 0.0889335423707962 0.0940431728959084 0.0969582125544548 0.148361265659332 0.158152297139168 0.151031687855721 0.143182381987572 0.159860983490944 0.151955500245094 0.0883886888623238 0.0940569639205933 0.087087869644165 0.0714826583862305 0.042304553091526 0.0285576917231083 0.0184011720120907 0.00780067127197981 0.00633127335458994 0.0031680641695857 0.00129622826352715 0.000959469645749778 0.000699235184583813 0.000338801386533305 0.000287481932900846 0.000154102803207934 0.000169756021932699 0.00013520619540941 0.000118273972475436 8.48122945171781e-05 8.18203261587769e-05 5.78170256630983e-05 8.2156911958009e-05 8.48542331368662e-05
0.353147685527802 0.265699088573456 0.272977918386459 0.374382168054581 0.244441971182823 0.187833845615387 0.181670099496841 0.144383519887924 0.0851214230060577 0.100674413144588 0.0425761006772518 0.08151526004076 0.0405026227235794 0.0856384411454201 0.0966014862060547 0.114682272076607 0.091391384601593 0.0596617422997952 0.0611717998981476 0.157047525048256 0.0856959372758865 0.154987752437592 0.200327664613724 0.191555827856064 0.171076834201813 0.137653902173042 0.14287768304348 0.117682203650475 0.0830274820327759 0.0527698062360287 0.0414957664906979 0.0304420534521341 0.0150834396481514 0.00645894324406981 0.00299224467016757 0.00161362858489156 0.00124727166257799 0.000647345499601215 0.000452041742391884 0.000315667333779857 0.000140942793223076 0.000158646900672466 0.000162954238476232 9.96095113805495e-05 7.31626278138719e-05 7.13308108970523e-05 6.03811822657008e-05 6.41960941720754e-05 6.75817645969801e-05
0.359512686729431 0.373576700687408 0.267348259687424 0.375695884227753 0.329640805721283 0.293027281761169 0.208598703145981 0.157290086150169 0.147640258073807 0.149305954575539 0.1283228546381 0.105121448636055 0.122485801577568 0.134300708770752 0.114189147949219 0.127335533499718 0.135163903236389 0.0791703090071678 0.0204225238412619 0.0396829731762409 0.0666193887591362 0.0538213178515434 0.0973281636834145 0.101462192833424 0.183789491653442 0.107563383877277 0.159130617976189 0.10866978764534 0.0937712639570236 0.0687214061617851 0.0458670295774937 0.0304107163101435 0.0223173219710588 0.0125503316521645 0.00719661545008421 0.00332628889009356 0.00119435496162623 0.000864154368173331 0.000543157511856407 0.000330947921611369 0.000122695812024176 8.48306663101539e-05 8.22184592834674e-05 7.08545921952464e-05 7.31440668459982e-05 6.3083614804782e-05 6.44307874608785e-05 5.26943003933411e-05 5.03652445331682e-05
0.500475704669952 0.262473106384277 0.268269926309586 0.278230130672455 0.328246772289276 0.30822479724884 0.256920099258423 0.213287338614464 0.176935702562332 0.160710513591766 0.14425565302372 0.137330695986748 0.133121564984322 0.143744349479675 0.167785227298737 0.137369468808174 0.145216032862663 0.0773477256298065 0.0124270161613822 0.0175958592444658 0.0277135446667671 0.0293375216424465 0.0453981086611748 0.0928652510046959 0.127378955483437 0.0731155350804329 0.0950847044587135 0.0383743643760681 0.055645689368248 0.0754373893141747 0.0298996344208717 0.0197926461696625 0.01224016956985 0.0124292531982064 0.00775184761732817 0.00380225153639913 0.00265827937982976 0.00114979792851955 0.00065548368729651 0.000393089168937877 0.000190509876119904 0.000141760450787842 9.01999301277101e-05 9.61256810114719e-05 8.89860384631902e-05 8.01424685050733e-05 6.08518421358895e-05 5.83731962251477e-05 4.35342153650708e-05
0.502147376537323 0.27409952878952 0.274946242570877 0.382696360349655 0.350182801485062 0.257022082805634 0.240152016282082 0.204152375459671 0.228249594569206 0.198190540075302 0.169324040412903 0.175459742546082 0.173157826066017 0.144879072904587 0.179994598031044 0.0903142318129539 0.192865148186684 0.019341018050909 0.00990287400782108 0.0136456098407507 0.011466178111732 0.014928076416254 0.0250475592911243 0.123713359236717 0.165867164731026 0.0790037140250206 0.0676673501729965 0.02809764072299 0.0227212309837341 0.0533434748649597 0.037445530295372 0.0218384619802237 0.0197489149868488 0.0134140690788627 0.00952141359448433 0.00896297767758369 0.00443642679601908 0.00223480258136988 0.00122269871644676 0.000698788906447589 0.000350375834386796 0.000200227441382594 0.000138293937197886 9.35958378249779e-05 0.000124103069538251 7.39208626328036e-05 5.79924089834094e-05 5.4277348681353e-05 5.41426270501688e-05
0.490831196308136 0.508972108364105 0.379083067178726 0.278310149908066 0.282802402973175 0.397904455661774 0.285899251699448 0.243827551603317 0.219889178872108 0.203210860490799 0.22735421359539 0.153553292155266 0.198659509420395 0.168721243739128 0.175291806459427 0.148724004626274 0.0246756561100483 0.0109622571617365 0.00788283720612526 0.00691038044169545 0.0091442046687007 0.0103223500773311 0.0154817998409271 0.0355372689664364 0.138710826635361 0.154020458459854 0.050808597356081 0.0281328316777945 0.0397586263716221 0.0503766126930714 0.0309938676655293 0.0255755502730608 0.023216538131237 0.0191550422459841 0.0130048133432865 0.0100949471816421 0.00631262408569455 0.00438973307609558 0.00231335149146616 0.00112950359471142 0.000512106635142118 0.000331304792780429 0.000223119888687506 0.000126952552818693 0.00011432942119427 0.000102062411315273 8.11928402981721e-05 6.34898678981699e-05 5.76301499677356e-05
0.481684774160385 0.4775530397892 0.366486310958862 0.365472316741943 0.285140603780746 0.33506315946579 0.259186536073685 0.324359059333801 0.28793939948082 0.226279526948929 0.258492678403854 0.246042758226395 0.244312077760696 0.212016716599464 0.194625005125999 0.202657461166382 0.0245219487696886 0.0102472444996238 0.00880913808941841 0.00860932841897011 0.00733338249847293 0.00859619304537773 0.0134123042225838 0.0466212257742882 0.206323847174644 0.154908418655396 0.14412647485733 0.0662545636296272 0.0320695340633392 0.0268773585557938 0.0193501580506563 0.0233684927225113 0.015804560855031 0.0178506169468164 0.0223730187863111 0.0190564151853323 0.0139381634071469 0.00995834078639746 0.00360062904655933 0.00209660129621625 0.000926195585634559 0.000581363739911467 0.000358422053977847 0.000302815315080807 0.000214461979339831 0.000109255146526266 9.2300797405187e-05 7.18647206667811e-05 8.82518797880039e-05
0.672352313995361 0.646721243858337 0.498780697584152 0.37562558054924 0.391885489225388 0.382540613412857 0.341465443372726 0.357023447751999 0.290345579385757 0.317177355289459 0.280212342739105 0.227496832609177 0.248900875449181 0.219243392348289 0.0733572766184807 0.022829458117485 0.0159611739218235 0.011445646174252 0.00960725732147694 0.00974682159721851 0.00857522338628769 0.0108922626823187 0.0217487569898367 0.0508734248578548 0.104194045066833 0.190941751003265 0.153346434235573 0.0560478568077087 0.0195157714188099 0.0260093063116074 0.0310290940105915 0.0214438196271658 0.019096739590168 0.0231269616633654 0.0263453386723995 0.023726524785161 0.0194982513785362 0.0125610185787082 0.00758560979738832 0.0051634288392961 0.00191592867486179 0.00104302901308984 0.000506265205331147 0.000417876028222963 0.000278182153124362 0.000138054427225143 0.000119989716040436 8.00397174316458e-05 0.000116346651338972
0.704199075698853 0.638459503650665 0.515953183174133 0.383763134479523 0.388931602239609 0.486467599868774 0.375241458415985 0.428430110216141 0.335021793842316 0.341817885637283 0.297143161296844 0.336308628320694 0.220978438854218 0.0597896091639996 0.0372271277010441 0.0174993593245745 0.0171134676784277 0.0134788155555725 0.0118387807160616 0.00918623153120279 0.00785448402166367 0.00897751282900572 0.0116672785952687 0.0272846762090921 0.0451070517301559 0.250488638877869 0.165993496775627 0.0875101312994957 0.0859773829579353 0.076859213411808 0.0686875432729721 0.0668171346187592 0.0612703524529934 0.0556962974369526 0.0521187968552113 0.0424781292676926 0.0243128519505262 0.028677687048912 0.0165645647794008 0.0121678030118346 0.00621976051479578 0.00335100712254643 0.00180480582639575 0.00118861743248999 0.00048214610433206 0.000213296327274293 0.000134595029521734 8.65966358105652e-05 0.000135406487970613
0.718657672405243 0.707900047302246 0.695831894874573 0.515452861785889 0.27773317694664 0.376909136772156 0.478509962558746 0.386180013418198 0.439566940069199 0.345420390367508 0.357843548059464 0.364053755998611 0.334944427013397 0.0771048069000244 0.0373984053730965 0.0267449822276831 0.0182532966136932 0.0140858152881265 0.0122191309928894 0.0140125500038266 0.0108280722051859 0.0140394354239106 0.0175344720482826 0.0474929139018059 0.0912434607744217 0.296463578939438 0.241400524973869 0.102978251874447 0.132146015763283 0.119044929742813 0.109678603708744 0.111295267939568 0.139002963900566 0.10314629226923 0.0887649431824684 0.0763265565037727 0.0313205383718014 0.0282005425542593 0.0162426605820656 0.0125627378001809 0.00896359514445066 0.0055992673151195 0.00346149248071015 0.00176357023883611 0.00105444621294737 0.000351806840626523 0.0002235438732896 0.000146719277836382 0.000169601102243178
0.704324245452881 0.729987800121307 0.660896182060242 0.68107396364212 0.505087375640869 0.520614147186279 0.448481976985931 0.450564712285995 0.470174372196198 0.437028050422668 0.381481796503067 0.218578219413757 0.350251823663712 0.260395795106888 0.048926405608654 0.0314702838659286 0.0204919222742319 0.0216203462332487 0.0160265415906906 0.0127601269632578 0.0109859639778733 0.0148248067125678 0.0245349984616041 0.0396167300641537 0.105737872421741 0.296593278646469 0.341283917427063 0.345378041267395 0.247356399893761 0.143441170454025 0.100047878921032 0.178817868232727 0.160815209150314 0.163402557373047 0.11761012673378 0.0672764033079147 0.058229211717844 0.046253114938736 0.0253857132047415 0.02068792283535 0.0100655248388648 0.00678267376497388 0.00554954027757049 0.00307655520737171 0.00129919091705233 0.000730656262021512 0.000502464477904141 0.000316236168146133 0.000232526159379631
0.724481582641602 0.731769263744354 0.53517210483551 0.669361591339111 0.629973828792572 0.472699463367462 0.541631102561951 0.429590314626694 0.454614967107773 0.389020562171936 0.312138319015503 0.30341100692749 0.356236457824707 0.435169786214828 0.173421517014503 0.0565892495214939 0.0285600833594799 0.0219097901135683 0.0166018269956112 0.0150598669424653 0.0190412886440754 0.0184787660837173 0.0243381299078465 0.053098950535059 0.0860754922032356 0.238261520862579 0.492893904447556 0.45325979590416 0.352574437856674 0.159398376941681 0.10822257399559 0.211077392101288 0.251955449581146 0.248508036136627 0.126764684915543 0.131327569484711 0.0952307432889938 0.0662508234381676 0.0249183624982834 0.0260244514793158 0.0194020010530949 0.00881925784051418 0.00341430166736245 0.00281064119189978 0.00180144445039332 0.000943267543334514 0.000603667052928358 0.000397407275158912 0.000290360883809626
0.7007976770401 0.720823705196381 0.673232972621918 0.645651519298553 0.62932938337326 0.631249129772186 0.57499897480011 0.52004611492157 0.490201532840729 0.399315029382706 0.315643161535263 0.240238666534424 0.228868618607521 0.39831206202507 0.425214976072311 0.0688015893101692 0.0342717282474041 0.0255077667534351 0.0218825917690992 0.0259499792009592 0.0238458495587111 0.0260140504688025 0.0309262033551931 0.0528166256844997 0.0736613050103188 0.190989717841148 0.66502720117569 0.635064423084259 0.422425448894501 0.249330401420593 0.175329968333244 0.293879956007004 0.325321525335312 0.242644265294075 0.22053162753582 0.131481170654297 0.111538492143154 0.0655376389622688 0.0742613524198532 0.0357185341417789 0.0244253892451525 0.0128388460725546 0.00647444045171142 0.00421116501092911 0.00135747948661447 0.000891650735866278 0.000394529255572706 0.00030605131178163 0.000203325325855985
0.678239762783051 0.702462136745453 0.655092060565948 0.520211219787598 0.626862943172455 0.600919961929321 0.540491998195648 0.540861487388611 0.476663410663605 0.413521528244019 0.490221500396729 0.423742562532425 0.488421320915222 0.408993422985077 0.50935286283493 0.114694505929947 0.0359921455383301 0.0290264766663313 0.0261583738029003 0.0330864414572716 0.0324413515627384 0.0365530289709568 0.0379870012402534 0.0451891608536243 0.0905013903975487 0.268767714500427 0.708150207996368 0.720690906047821 0.626230299472809 0.367865771055222 0.35653293132782 0.512683749198914 0.187102511525154 0.242006704211235 0.304045438766479 0.164315298199654 0.118007563054562 0.0896608233451843 0.0548740290105343 0.0325741022825241 0.032135259360075 0.0232819821685553 0.0119115309789777 0.00821163598448038 0.00235601793974638 0.00171044620219618 0.000779202266130596 0.000368594308383763 0.00018650310812518
