data/climate_estimation/maxent_output/Trillium_viridescens.asc
NCOLS 111 
NROWS 86 
XLLCORNER -99.6666666666667 
YLLCORNER 31.3333333333333 
CELLSIZE 0.0833333333333333 
NODATA_value -3.4e+38 
[rows 20 to 39 of 86, columns 0 to 43 of 111]
0.0188831724226475 0.0209635514765978 0.020836103707552 0.0205657333135605 0.0245867352932692 0.0284332800656557 0.031197614967823 0.0317878685891628 0.0293983034789562 0.035562165081501 0.0417984575033188 0.0426024496555328 0.0552102290093899 0.0555635690689087 0.0631323456764221 0.0815582275390625 0.0681321248412132 0.0775226429104805 0.0785120651125908 0.0841371342539787 0.107009679079056 0.124402657151222 0.131491661071777 0.160073608160019 0.163953810930252 0.182624742388725 0.210804879665375 0.207955911755562 0.234866201877594 0.221313402056694 0.231199279427528 0.202738597989082 0.229762598872185 0.243288606405258 0.272969007492065 0.28243762254715 0.287636458873749 0.296266674995422 0.382388353347778 0.388211935758591 0.378657728433609 0.417196929454803 0.422040164470673 0.409505158662796
0.0153315672650933 0.0179231986403465 0.0209718886762857 0.0236354768276215 0.0275048539042473 0.0275048539042473 0.0287905838340521 0.038120623677969 0.0383662283420563 0.0406655110418797 0.0475396998226643 0.050374198704958 0.0555635690689087 0.0603710114955902 0.073684461414814 0.0820662751793861 0.0820662751793861 0.0868634656071663 0.0874098166823387 0.0942334458231926 0.119666464626789 0.154102936387062 0.16272135078907 0.188168987631798 0.20193737745285 0.203151866793633 0.217862576246262 0.229534909129143 0.247297808527946 0.247453987598419 0.256747275590897 0.248163193464279 0.249751195311546 0.27422234416008 0.27422234416008 0.327389627695084 0.321512937545776 0.346422404050827 0.365016967058182 0.4299076795578 0.427414417266846 0.458098530769348 0.436115950345993 0.480629056692123
0.013555021025240 0.0146590685471892 0.0195798389613628 0.0189032256603241 0.0228588320314884 0.0274859946221113 0.0354660898447037 0.0408718250691891 0.0493794120848179 0.0450426787137985 0.0507213324308395 0.0516679286956787 0.0619536265730858 0.0635346621274948 0.0741571709513664 0.0780127793550491 0.0848844274878502 0.0790206342935562 0.0901927351951599 0.100974828004837 0.112963929772377 0.143053710460663 0.158597782254219 0.194678291678429 0.224322348833084 0.225651517510414 0.257838487625122 0.272831737995148 0.275928407907486 0.271197617053986 0.262109577655792 0.25642716884613 0.289153635501862 0.281344205141068 0.331740707159042 0.331740707159042 0.334677815437317 0.380480349063873 0.398368239402771 0.430313616991043 0.465947717428207 0.488697439432144 0.47768223285675 0.460314065217972
0.0128704337403178 0.0151438899338245 0.018641572445631 0.0215507186949253 0.022161703556776 0.0285957064479589 0.0329323634505272 0.0384684093296528 0.0443318150937557 0.0545626096427441 0.0590935461223125 0.0627511590719223 0.057992085814476 0.0672886520624161 0.0765677616000175 0.0709545761346817 0.0876183286309242 0.0821210741996765 0.097333624958992 0.0912649631500244 0.106728635728359 0.140989720821381 0.156307071447372 0.179780602455139 0.211381688714027 0.250229328870773 0.285232305526733 0.28538790345192 0.257500857114792 0.28347110748291 0.272435396909714 0.278648614883423 0.299837440252304 0.334757477045059 0.378283590078354 0.340067028999329 0.374994933605194 0.385217428207397 0.391069322824478 0.432917147874832 0.483882546424866 0.503605902194977 0.503605902194977 0.518422603607178
0.0131748411804438 0.0176980867981911 0.0174883455038071 0.0210014022886753 0.0225841011852026 0.0346638150513172 0.0408603027462959 0.0470340400934219 0.0521405935287476 0.0548987835645676 0.0585976168513298 0.0630554407835007 0.0614294409751892 0.0672886520624161 0.0672886520624161 0.0751291215419769 0.080603338778019 0.0858965665102005 0.0941660329699516 0.0952618047595024 0.104612253606319 0.138104736804962 0.163952648639679 0.199992492794991 0.192043736577034 0.262055039405823 0.278600484132767 0.275301247835159 0.282670736312866 0.271622061729431 0.291012704372406 0.333715438842773 0.328681260347366 0.356638789176941 0.386249780654907 0.397750347852707 0.387869268655777 0.394350826740265 0.409668982028961 0.41916486620903 0.47177329659462 0.546028852462769 0.534463763237 0.508558094501495
0.0143275242298841 0.017700282856822 0.0200170613825321 0.0225795675069094 0.0295492988079786 0.0347446613013744 0.0452673211693764 0.0466366671025753 0.0559461750090122 0.0577982291579247 0.0697678104043007 0.0645104721188545 0.0702857002615929 0.0689215660095215 0.0749727636575699 0.0735454559326172 0.0942978039383888 0.0782661959528923 0.0917202830314636 0.0931206196546555 0.0893657356500626 0.11493419110775 0.140156745910645 0.152130037546158 0.185857534408569 0.213179841637611 0.255154401063919 0.297055661678314 0.298395395278931 0.285602420568466 0.310772567987442 0.31579726934433 0.342959463596344 0.387212306261063 0.416150510311127 0.399400979280472 0.441781163215637 0.448142796754837 0.462736934423447 0.464540481567383 0.464540481567383 0.538324892520905 0.529463768005371 0.521815001964569
0.0151308225467801 0.018464682623744 0.0204434134066105 0.028847536072135 0.0339052714407444 0.0436927750706673 0.0433524660766125 0.0513963140547276 0.0597511902451515 0.0628734678030014 0.0601732097566128 0.0680641457438469 0.0605516992509365 0.0697943642735481 0.0835265293717384 0.0889604613184929 0.0887552127242088 0.0905018970370293 0.0891844034194946 0.0965830460190773 0.0826692879199982 0.0913656800985336 0.125074341893196 0.167436346411705 0.192382574081421 0.223274931311607 0.265286386013031 0.288137227296829 0.309860914945602 0.314874470233917 0.343868792057037 0.349282085895538 0.378452926874161 0.391036331653595 0.439170718193054 0.4368055164814 0.480734527111053 0.527350962162018 0.463144987821579 0.502538025379181 0.492004930973053 0.530256390571594 0.532173454761505 0.608112514019012
0.0141191221773624 0.0193545669317245 0.0252817403525114 0.0300810504704714 0.0355275273323059 0.0417310483753681 0.0471337027847767 0.0598887056112289 0.0598887056112289 0.0705174133181572 0.0567139387130737 0.0633637383580208 0.0601800866425037 0.0720664113759995 0.0817876756191254 0.0859573632478714 0.0949813947081566 0.108963906764984 0.0918811783194542 0.0985556691884995 0.0945672243833542 0.106574140489101 0.126729398965836 0.165301874279976 0.186165764927864 0.237257704138756 0.277403891086578 0.287022769451141 0.325962215662003 0.325962215662003 0.357763260602951 0.353359997272491 0.382811278104782 0.388639122247696 0.465828686952591 0.458670854568481 0.485689520835876 0.551130175590515 0.599213182926178 0.599213182926178 0.574118614196777 0.551480054855347 0.605046451091766 0.62885719537735
0.0172376353293657 0.0222672615200281 0.0273812245577574 0.0371566712856293 0.0430563315749168 0.0524415522813797 0.0532703511416912 0.0602066405117512 0.0602066405117512 0.0672971978783607 0.0737998858094215 0.069696381688118 0.0705888941884041 0.0675085186958313 0.0865118503570557 0.0985358506441116 0.121213972568512 0.112221047282219 0.100150980055332 0.103550858795643 0.110275529325008 0.119581244885921 0.156821995973587 0.180617198348045 0.204694449901581 0.246775388717651 0.304522126913071 0.306042373180389 0.342982143163681 0.359331279993057 0.381672412157059 0.381672412157059 0.421480119228363 0.427671313285828 0.45874160528183 0.512232065200806 0.559331953525543 0.622261524200439 0.656895101070404 0.623676419258118 0.600505590438843 0.608437418937683 0.640705347061157 0.660722136497498
0.0175000503659248 0.0229157265275717 0.0286586917936802 0.0386284813284874 0.044227309525013 0.0463314801454544 0.0547376088798046 0.066194973886013 0.075147457420826 0.0783003941178322 0.0737971216440201 0.0594101473689079 0.074296772480011 0.074296772480011 0.0892955735325813 0.11081587523222 0.110043033957481 0.111456267535686 0.122410878539085 0.130238950252533 0.124859429895878 0.130587682127953 0.162796765565872 0.185006812214851 0.216793432831764 0.281837940216064 0.325894147157669 0.337798595428467 0.36083123087883 0.3475301861763 0.356964081525803 0.402414947748184 0.411237239837646 0.448235064744949 0.497964382171631 0.538332462310791 0.600751399993896 0.588781714439392 0.645183980464935 0.663356840610504 0.630398333072662 0.618522226810455 0.674922049045563 0.682024776935577
0.016250241547823 0.0214212518185377 0.0280329883098602 0.0315124057233334 0.0440895706415176 0.0506938919425011 0.0610115230083466 0.0727612748742104 0.072365514934063 0.0848552361130714 0.0777565836906433 0.0762370526790619 0.0785375982522964 0.0809299349784851 0.0943406522274017 0.106649152934551 0.117701925337315 0.120030306279659 0.127707704901695 0.137432396411896 0.146138653159142 0.169326916337013 0.17758572101593 0.220885410904884 0.260222792625427 0.312201827764511 0.387234032154083 0.350016266107559 0.384595900774002 0.380280554294586 0.380280554294586 0.415540218353271 0.470118433237076 0.462095588445663 0.494738847017288 0.526627600193024 0.606767773628235 0.644116640090942 0.658052384853363 0.665190815925598 0.686551749706268 0.704588890075684 0.716623723506927 0.693400859832764
0.0182112008333206 0.025935024023056 0.0271857138723135 0.0305616315454245 0.0449986904859543 0.0574893727898598 0.0657270029187202 0.0806828141212463 0.0832876414060593 0.0864053294062614 0.0890673846006393 0.0882593989372253 0.078967347741127 0.0924662500619888 0.0976843014359474 0.0948375388979912 0.114838138222694 0.125864878296852 0.135648712515831 0.139018580317497 0.166098788380623 0.179578095674515 0.222236946225166 0.240217104554176 0.291686534881592 0.333973735570908 0.394699424505234 0.37453681230545 0.365022361278534 0.350215405225754 0.395095735788345 0.401044368743896 0.389506548643112 0.442095398902893 0.486922174692154 0.559414386749268 0.603151142597198 0.605131268501282 0.624270260334015 0.661578059196472 0.703676700592041 0.673059046268463 0.715026438236237 0.720472931861877
0.0209468677639961 0.0212731324136257 0.0325027517974377 0.0344569720327854 0.0449986904859543 0.0555066242814064 0.0686672553420067 0.0768878385424614 0.08525101095438 0.0902250558137894 0.089022234082222 0.0872652679681778 0.088116429746151 0.0924917310476303 0.0957470387220383 0.102658033370972 0.103354170918465 0.125023409724236 0.142179325222969 0.15019166469574 0.164599254727364 0.200771123170853 0.231699869036674 0.25193127989769 0.285001873970032 0.305175632238388 0.347101658582687 0.305503010749817 0.297349959611893 0.342395007610321 0.351729810237885 0.381088703870773 0.38689923286438 0.44529002904892 0.515134572982788 0.496988981962204 0.619095861911774 0.613923966884613 0.62108051776886 0.665197134017944 0.707202255725861 0.669887244701385 0.711920142173767 0.747927308082581
0.0204036217182875 0.0257139541208744 0.0372773222625256 0.0438004657626152 0.0563399232923985 0.0668717920780182 0.0851776748895645 0.0958829522132874 0.09648297727108 0.0975931137800217 0.0928266867995262 0.094158761203289 0.0989743694663048 0.0885821580886841 0.0854164510965347 0.0885821580886841 0.107877917587757 0.122849874198437 0.125502452254295 0.160419583320618 0.173487544059753 0.18254666030407 0.211563780903816 0.240224108099937 0.260799765586853 0.293208122253418 0.269739300012589 0.289123386144638 0.290435165166855 0.303312987089157 0.343885153532028 0.40408319234848 0.453155994415283 0.459606766700745 0.505296170711517 0.573654055595398 0.622756958007812 0.629918217658997 0.67398875951767 0.667174100875854 0.685244202613831 0.697413146495819 0.715282618999481 0.744158267974854
0.0223257802426815 0.0292125083506107 0.0402042903006077 0.0446420647203922 0.0596102476119995 0.0672212764620781 0.085618369281292 0.103221975266933 0.104380764067173 0.105676479637623 0.0943566635251045 0.0943566635251045 0.093525119125843 0.100134924054146 0.0880048796534538 0.0891946330666542 0.0943866893649101 0.11302562057972 0.128659129142761 0.154492497444153 0.192371621727943 0.225360512733459 0.217208862304688 0.249357238411903 0.250265896320343 0.225807413458824 0.250673115253448 0.251842588186264 0.251842588186264 0.287025272846222 0.32596492767334 0.372793197631836 0.431611806154251 0.450298070907593 0.515585005283356 0.582431972026825 0.619567573070526 0.62672758102417 0.67596048116684 0.663996934890747 0.7009516954422 0.735000610351562 0.708287000656128 0.73669445514679
0.0216022133827209 0.0267637819051743 0.0372122600674629 0.0404791049659252 0.0530787073075771 0.0617651529610157 0.0771009176969528 0.10764666646719 0.120278999209404 0.110174208879471 0.0954585447907448 0.101778469979763 0.103143684566021 0.0994633138179779 0.10079924762249 0.103363789618015 0.109330005943775 0.116696536540985 0.157723680138588 0.160426259040833 0.204587861895561 0.231300517916679 0.238312140107155 0.235409438610077 0.24974200129509 0.213049069046974 0.210410177707672 0.195214167237282 0.210095226764679 0.251422673463821 0.299241751432419 0.353826552629471 0.410704046487808 0.490693062543869 0.54659628868103 0.595256567001343 0.651689648628235 0.658046662807465 0.625384867191315 0.674221575260162 0.67597222328186 0.712570071220398 0.70884770154953 0.728563785552979
0.0197849068790674 0.0299726165831089 0.0372108370065689 0.0452122278511524 0.0475826896727085 0.0603533424437046 0.0748373940587044 0.0920130088925362 0.130389645695686 0.129450872540474 0.108246251940727 0.0968414321541786 0.100644938647747 0.0970639586448669 0.104064434766769 0.106723569333553 0.124149560928345 0.144551530480385 0.174096941947937 0.216136395931244 0.232394188642502 0.254701197147369 0.236519396305084 0.262353181838989 0.243735745549202 0.230138257145882 0.192768260836601 0.172551900148392 0.201639667153358 0.271063476800919 0.300589114427567 0.379173398017883 0.455563098192215 0.474570691585541 0.538883805274963 0.593553602695465 0.625048875808716 0.63639634847641 0.663920760154724 0.646290421485901 0.685511827468872 0.671437740325928 0.69643098115921 0.70087081193924
0.0251186229288578 0.0249845962971449 0.0334025584161282 0.0383066684007645 0.0385140664875507 0.0447627864778042 0.0576582290232182 0.0957000404596329 0.110992677509785 0.131314232945442 0.126512631773949 0.102997794747353 0.123575180768967 0.113175086677074 0.104597128927708 0.138996779918671 0.138426572084427 0.151855021715164 0.190788671374321 0.255467653274536 0.287783652544022 0.309184283018112 0.287873685359955 0.295205295085907 0.274715393781662 0.259702384471893 0.211102873086929 0.208484753966331 0.246531963348389 0.281120747327805 0.333224087953568 0.407820254564285 0.466334789991379 0.538588047027588 0.593093991279602 0.649518609046936 0.63859623670578 0.602426290512085 0.660630702972412 0.640676021575928 0.67470508813858 0.664094150066376 0.710417747497559 0.715890228748322
0.0300959795713425 0.0354496464133263 0.0379266664385796 0.0450469814240932 0.0391570255160332 0.0393049605190754 0.0509305372834206 0.0734196156263351 0.107119299471378 0.128339394927025 0.129890471696854 0.118280947208405 0.130448758602142 0.133009776473045 0.122670508921146 0.149505168199539 0.154871895909309 0.161772236227989 0.197413936257362 0.241238862276077 0.293657541275024 0.336021274328232 0.326991975307465 0.314396321773529 0.346623241901398 0.342726141214371 0.328576356172562 0.316285133361816 0.303004115819931 0.343545943498611 0.386736780405045 0.404301702976227 0.46811306476593 0.534109354019165 0.587842464447021 0.645339608192444 0.609754681587219 0.6334068775177 0.632525682449341 0.637372136116028 0.669888496398926 0.724729716777802 0.723666071891785 0.72068578004837
0.0304476730525494 0.039539497345686 0.0422756001353264 0.0431947261095047 0.0483895279467106 0.0510887615382671 0.0597116500139236 0.0756180435419083 0.0890058502554893 0.107504472136497 0.124657265841961 0.126693680882454 0.145147174596786 0.141253039240837 0.149217844009399 0.147578567266464 0.184446200728416 0.195762395858765 0.236294075846672 0.261488795280457 0.288671046495438 0.357100874185562 0.349489063024521 0.356137424707413 0.391298919916153 0.414677709341049 0.442577689886093 0.431997567415237 0.431997567415237 0.430949300527573 0.437221765518188 0.476597398519516 0.489080965518951 0.536668658256531 0.602696299552917 0.608741700649261 0.647984147071838 0.647768020629883 0.632525682449341 0.683018684387207 0.684547781944275 0.718868792057037 0.684152722358704 0.727814495563507
