data/climate_estimation/maxent_output/Trillium_viride.asc
NCOLS 80 
NROWS 101 
XLLCORNER -94.9166666666667 
YLLCORNER 33.75 
CELLSIZE 0.0833333333333334 
NODATA_value -3.4e+38 
[rows 60 to 79 of 101, columns 0 to 43 of 80]
0.307718753814697 0.319457799196243 0.312657237052917 0.366970837116241 0.354628473520279 0.340566366910934 0.299814283847809 0.284346371889114 0.309714138507843 0.343451201915741 0.299474358558655 0.348395198583603 0.32704895734787 0.326429843902588 0.341365456581116 0.404611825942993 0.458782404661179 0.448136478662491 0.474147319793701 0.484510451555252 0.557112991809845 0.513569831848145 0.515622198581696 0.481360405683517 0.504642188549042 0.548333644866943 0.531698167324066 0.619053900241852 0.604085862636566 0.620122909545898 0.633081674575806 0.548081994056702 0.690452754497528 0.704613089561462 0.740439593791962 0.740439593791962 0.82333517074585 0.779439449310303 0.73894739151001 0.721357405185699 0.796213090419769 0.904877960681915 0.921770393848419 0.945368766784668
0.320708483457565 0.350935041904449 0.393624603748322 0.322687953710556 0.304759860038757 0.324154734611511 0.261910676956177 0.295509815216064 0.285173803567886 0.256173700094223 0.292504131793976 0.274277567863464 0.27471661567688 0.313166558742523 0.323942005634308 0.333758622407913 0.327196359634399 0.397124379873276 0.523189008235931 0.497719824314117 0.54832136631012 0.559880614280701 0.542067170143127 0.524073243141174 0.53004789352417 0.616009294986725 0.65005886554718 0.713558197021484 0.80044013261795 0.72630912065506 0.786085247993469 0.710912942886353 0.847299873828888 0.781920492649078 0.712331652641296 0.709200739860535 0.778433442115784 0.816071033477783 0.828258454799652 0.831414043903351 0.848671078681946 0.819181740283966 0.90143233537674 0.907691776752472
0.381349712610245 0.398188710212708 0.375352501869202 0.306426405906677 0.266749560832977 0.268713891506195 0.271880626678467 0.289634585380554 0.236404284834862 0.273198127746582 0.250778526067734 0.261637657880783 0.231497317552567 0.299391984939575 0.29809758067131 0.302896469831467 0.360347360372543 0.383664548397064 0.499983072280884 0.481546193361282 0.487767517566681 0.534596145153046 0.571481227874756 0.656268894672394 0.634179472923279 0.689583659172058 0.720830619335175 0.79085099697113 0.849236190319061 0.872969508171082 0.86139452457428 0.863979578018188 0.89861524105072 0.868208169937134 0.806450724601746 0.761922538280487 0.80116331577301 0.808398425579071 0.80228316783905 0.830889880657196 0.906351745128632 0.898619890213013 0.89821445941925 0.907691776752472
0.436249434947968 0.391085118055344 0.392886519432068 0.302346795797348 0.309105634689331 0.241648629307747 0.251661777496338 0.266270339488983 0.267455250024796 0.28556489944458 0.284065365791321 0.238861188292503 0.24388961493969 0.28470903635025 0.263490229845047 0.351724088191986 0.421962261199951 0.483774602413177 0.449994027614594 0.509711444377899 0.561560869216919 0.641882240772247 0.716055870056152 0.708225011825562 0.749764204025269 0.813278436660767 0.793524086475372 0.777389705181122 0.806984066963196 0.894934773445129 0.917501091957092 0.928025543689728 0.916336476802826 0.913777947425842 0.865867257118225 0.799749910831451 0.80729216337204 0.881604552268982 0.904404938220978 0.924792170524597 0.929127633571625 0.959351003170013 0.928627848625183 0.968661248683929
0.506910562515259 0.428861498832703 0.41968184709549 0.358200401067734 0.256117045879364 0.26200196146965 0.233353823423386 0.24966011941433 0.263398677110672 0.292342156171799 0.280334293842316 0.24995231628418 0.275624364614487 0.393021643161774 0.405968457460403 0.374284714460373 0.485126048326492 0.506828010082245 0.442874610424042 0.53092086315155 0.672411262989044 0.679777383804321 0.796379745006561 0.787463068962097 0.854828417301178 0.834774553775787 0.786181807518005 0.822153747081757 0.848070681095123 0.904262244701385 0.956796705722809 0.947299480438232 0.918849170207977 0.960736870765686 0.928629577159882 0.884443879127502 0.889397978782654 0.883361041545868 0.926812946796417 0.970428168773651 0.979502558708191 0.97246128320694 0.98025369644165 0.976115047931671
0.449531584978104 0.461089432239532 0.395234853029251 0.363148152828217 0.32212096452713 0.25426983833313 0.31220731139183 0.27755406498909 0.280746519565582 0.32424733042717 0.293810993432999 0.259906083345413 0.32852441072464 0.319744944572449 0.437010169029236 0.418833941221237 0.514023780822754 0.498378902673721 0.460355460643768 0.559887528419495 0.815864741802216 0.862295508384705 0.864324808120728 0.884309053421021 0.807500660419464 0.759249150753021 0.872780203819275 0.928617656230927 0.866884469985962 0.836951017379761 0.92604786157608 0.961078464984894 0.955761432647705 0.919609427452087 0.934453248977661 0.89862197637558 0.906924247741699 0.950078189373016 0.953645288944244 0.950598657131195 0.954758763313293 0.956084012985229 0.967805206775665 0.97856467962265
0.572913527488708 0.513786554336548 0.494526445865631 0.436169028282166 0.407402992248535 0.333773553371429 0.330519765615463 0.31672477722168 0.356399595737457 0.337905406951904 0.326970398426056 0.289239436388016 0.369663536548615 0.385181397199631 0.453297406435013 0.497423321008682 0.583120405673981 0.615563929080963 0.611566662788391 0.754860401153564 0.810155093669891 0.827298521995544 0.935570895671844 0.807439804077148 0.73811799287796 0.924262762069702 0.923587620258331 0.940953016281128 0.945012629032135 0.933194041252136 0.950936019420624 0.990482866764069 0.974314868450165 0.954058468341827 0.918320417404175 0.884088218212128 0.94224613904953 0.946179270744324 0.947959899902344 0.961182534694672 0.984073460102081 0.96064281463623 0.990526974201202 0.992883741855621
0.509933888912201 0.523433268070221 0.478992253541946 0.445249795913696 0.388688147068024 0.390317380428314 0.388518869876862 0.383336931467056 0.298127293586731 0.373135507106781 0.332821577787399 0.328093379735947 0.371603041887283 0.495803833007812 0.558526992797852 0.542260468006134 0.56737208366394 0.500640571117401 0.60233199596405 0.656593978404999 0.592741787433624 0.757960140705109 0.928210914134979 0.927875280380249 0.939087569713593 0.954970180988312 0.933580756187439 0.976291954517365 0.950854182243347 0.92367160320282 0.965355336666107 0.987203538417816 0.973344445228577 0.965776264667511 0.922903180122375 0.903414845466614 0.970151364803314 0.971709847450256 0.971356213092804 0.977401316165924 0.991236865520477 0.97956258058548 0.977846443653107 0.988269329071045
0.516456305980682 0.43332427740097 0.419730991125107 0.393123924732208 0.336230665445328 0.404706567525864 0.31539723277092 0.343844354152679 0.348654955625534 0.353194355964661 0.315976053476334 0.305355221033096 0.41490912437439 0.591207325458527 0.466032356023788 0.475277900695801 0.455598711967468 0.39131224155426 0.549794435501099 0.579310417175293 0.475639164447784 0.70902407169342 0.885872423648834 0.953616380691528 0.96566915512085 0.953864514827728 0.983649432659149 0.980023622512817 0.939777553081512 0.909600913524628 0.952641129493713 0.987292647361755 0.984144866466522 0.972987115383148 0.964537858963013 0.919495761394501 0.977296411991119 0.968854069709778 0.984465837478638 0.98897796869278 0.994106292724609 0.979380249977112 0.972052693367004 0.391807109117508
0.484502077102661 0.533338725566864 0.469377428293228 0.436878830194473 0.44811162352562 0.391850709915161 0.343332946300507 0.319074839353561 0.370161950588226 0.330773800611496 0.383018553256989 0.396061718463898 0.510063052177429 0.407970070838928 0.398292005062103 0.533663153648376 0.405882090330124 0.385361045598984 0.500341951847076 0.537025809288025 0.530362010002136 0.696598529815674 0.683289885520935 0.822651922702789 0.881246566772461 0.803757011890411 0.903478503227234 0.961558043956757 0.970205962657928 0.920791685581207 0.934391677379608 0.97984391450882 0.986475944519043 0.972111403942108 0.950900018215179 0.920230448246002 0.941342890262604 0.984260559082031 0.990185976028442 0.995940446853638 0.99768728017807 0.989743947982788 0.381208926439285 0.43317836523056
0.46125191450119 0.478561401367188 0.447503834962845 0.446534633636475 0.369924485683441 0.359836667776108 0.312251418828964 0.323639035224915 0.356151849031448 0.295748144388199 0.377230495214462 0.360472530126572 0.400429964065552 0.363724887371063 0.372612029314041 0.373122870922089 0.34587100148201 0.362355023622513 0.35935840010643 0.488578170537949 0.428651630878448 0.484395951032639 0.591908633708954 0.66273307800293 0.824138104915619 0.765009522438049 0.859763205051422 0.934365332126617 0.976608693599701 0.944266676902771 0.932370543479919 0.963863432407379 0.983473658561707 0.968609690666199 0.945504903793335 0.947689533233643 0.968852877616882 0.982457399368286 0.982333242893219 0.991892695426941 0.45740994811058 0.489984154701233 0.458873510360718 0.461022466421127
0.380579799413681 0.400062918663025 0.427491337060928 0.489547699689865 0.449703544378281 0.412711918354034 0.409522235393524 0.405878216028214 0.316240727901459 0.261626303195953 0.348031878471375 0.400429964065552 0.382398724555969 0.338549315929413 0.363633453845978 0.383843004703522 0.326895177364349 0.286918044090271 0.282316774129868 0.242094188928604 0.327951431274414 0.53305995464325 0.584358155727386 0.693862855434418 0.854796588420868 0.882238268852234 0.916359543800354 0.906040132045746 0.914782047271729 0.957204043865204 0.97558867931366 0.984456539154053 0.968530237674713 0.955217003822327 0.970571160316467 0.976602435112 0.977195262908936 0.98538476228714 0.985916256904602 0.393820375204086 0.42723748087883 0.412496894598007 0.406362891197205 0.439911216497421
0.461538463830948 0.481646299362183 0.45199853181839 0.474244236946106 0.491346716880798 0.449703544378281 0.436329454183578 0.369048595428467 0.304693460464478 0.318704783916473 0.389601498842239 0.343828767538071 0.308237463235855 0.356540769338608 0.382145404815674 0.313943833112717 0.338899403810501 0.274615943431854 0.210685476660728 0.178368896245956 0.335694849491119 0.50155383348465 0.420582294464111 0.614245235919952 0.651500463485718 0.649103999137878 0.674842000007629 0.756047546863556 0.906040132045746 0.912499964237213 0.856574654579163 0.931605279445648 0.982635855674744 0.981374204158783 0.989582002162933 0.985959649085999 0.968849062919617 0.985854804515839 0.993678867816925 0.442534387111664 0.473239451646805 0.495637953281403 0.465243607759476 0.446897447109222
0.474537521600723 0.428716152906418 0.418087631464005 0.435167014598846 0.446736365556717 0.386697441339493 0.463438838720322 0.42820417881012 0.306019157171249 0.299871236085892 0.360751926898956 0.345020294189453 0.319394707679749 0.246498018503189 0.309902042150497 0.262339025735855 0.330506533384323 0.169441372156143 0.256719052791595 0.283471137285233 0.442110449075699 0.630932629108429 0.563200771808624 0.62797087430954 0.6009840965271 0.694324612617493 0.775433123111725 0.801968276500702 0.824256777763367 0.864918172359467 0.760754406452179 0.821896433830261 0.893873333930969 0.966428756713867 0.987267076969147 0.973311007022858 0.971406936645508 0.307441532611847 0.349314540624619 0.440838426351547 0.471657246351242 0.495802402496338 0.529841184616089 0.538399696350098
0.523605763912201 0.493089199066162 0.517147719860077 0.489739060401917 0.460524171590805 0.348458558320999 0.370034456253052 0.39429771900177 0.327112972736359 0.235538884997368 0.288172245025635 0.326969176530838 0.255362540483475 0.216930881142616 0.251931697130203 0.180612191557884 0.17890952527523 0.195432022213936 0.268667310476303 0.318479031324387 0.373226255178452 0.455134302377701 0.624510884284973 0.614490509033203 0.688404381275177 0.761630177497864 0.765795886516571 0.688692986965179 0.713402152061462 0.741062641143799 0.809857487678528 0.856289148330688 0.914348721504211 0.976688146591187 0.972231149673462 0.373479723930359 0.306153744459152 0.303338974714279 0.356656044721603 0.349128544330597 0.420047491788864 0.480541884899139 0.519831776618958 0.504154622554779
0.513972997665405 0.409712344408035 0.373412787914276 0.433759063482285 0.459796756505966 0.436053395271301 0.29074963927269 0.286778688430786 0.220116272568703 0.18369372189045 0.206372171640396 0.206372171640396 0.22558705508709 0.174991965293884 0.185726165771484 0.145558521151543 0.120504446327686 0.172647818922997 0.146264091134071 0.210166081786156 0.186161532998085 0.30545499920845 0.421920895576477 0.334269493818283 0.459364354610443 0.562788128852844 0.633700788021088 0.517048537731171 0.541926383972168 0.573239743709564 0.645389020442963 0.841982543468475 0.909131407737732 0.255918949842453 0.283600270748138 0.286259561777115 0.338660806417465 0.312159597873688 0.353956788778305 0.37789860367775 0.41676265001297 0.444284051656723 0.499704778194427 0.500665903091431
0.526262640953064 0.40178781747818 0.343290597200394 0.414567619562149 0.417783826589584 0.319967418909073 0.372358083724976 0.286354929208755 0.302847474813461 0.19747768342495 0.195941671729088 0.126256108283997 0.183037608861923 0.213190391659737 0.163886517286301 0.181314662098885 0.155350774526596 0.182039499282837 0.330704212188721 0.358105361461639 0.243163496255875 0.256228715181351 0.219279304146767 0.30545499920845 0.279417127370834 0.350630283355713 0.323961079120636 0.447278380393982 0.521966814994812 0.590945363044739 0.70416396856308 0.570873975753784 0.650521636009216 0.160977005958557 0.168727859854698 0.161680713295937 0.334399193525314 0.336510270833969 0.391030192375183 0.455479025840759 0.519217073917389 0.483849614858627 0.531314313411713 0.551971912384033
0.429740250110626 0.381357669830322 0.328731089830399 0.430852741003036 0.400635898113251 0.407094120979309 0.559567272663116 0.391286581754684 0.408677637577057 0.394986987113953 0.276403188705444 0.274880617856979 0.304433196783066 0.44885715842247 0.436200678348541 0.427787333726883 0.348583996295929 0.251056164503098 0.324948638677597 0.444383293390274 0.417319595813751 0.295718133449554 0.311430752277374 0.324324667453766 0.301059603691101 0.266075104475021 0.327824473381042 0.513520956039429 0.527672290802002 0.583152830600739 0.647355198860168 0.13812018930912 0.120026454329491 0.131402522325516 0.138959735631943 0.160083934664726 0.213677003979683 0.237407267093658 0.412164062261581 0.461466372013092 0.470837831497192 0.521429717540741 0.525192141532898 0.524032652378082
0.378770411014557 0.517148077487946 0.362126410007477 0.455901831388474 0.617814600467682 0.680429458618164 0.6580930352211 0.465373903512955 0.539099931716919 0.509434878826141 0.536548793315887 0.690857172012329 0.633433520793915 0.433240979909897 0.329762399196625 0.33210963010788 0.315608143806458 0.323100000619888 0.4078329205513 0.512718498706818 0.60114973783493 0.628727674484253 0.512715041637421 0.54973429441452 0.484119534492493 0.426913022994995 0.446096569299698 0.526483476161957 0.59800785779953 0.139838501811028 0.16237735748291 0.180988073348999 0.18184620141983 0.175988659262657 0.187544241547585 0.160018399357796 0.185101941227913 0.199349522590637 0.257507413625717 0.331756055355072 0.379220455884933 0.433235675096512 0.478201389312744 0.472342044115067
0.702378630638123 0.626115143299103 0.551234424114227 0.606967270374298 0.785906076431274 0.812827408313751 0.713213682174683 0.734751105308533 0.790952801704407 0.811643362045288 0.919649600982666 0.873509228229523 0.911305606365204 0.831403911113739 0.719703257083893 0.893465757369995 0.915219366550446 0.915436685085297 0.811548352241516 0.88079297542572 0.808794558048248 0.717927634716034 0.754555642604828 0.744872272014618 0.554020702838898 0.53013676404953 0.697081089019775 0.163448452949524 0.151512682437897 0.204303562641144 0.204156503081322 0.227336928248405 0.219207346439362 0.224316239356995 0.229525849223137 0.193474248051643 0.208563059568405 0.262831538915634 0.266779273748398 0.286458402872086 0.305618852376938 0.31740066409111 0.377411335706711 0.398820132017136
