data/climate_estimation/maxent_output/Trillium_lancifolium.asc
NCOLS 79 
NROWS 106 
XLLCORNER -88.4166666666667 
YLLCORNER 27.75 
CELLSIZE 0.0833333333333333 
NODATA_value -3.4e+38 
[rows 20 to 39 of 106, columns 0 to 44 of 79]
0.888555467128754 0.898169159889221 0.906528890132904 0.912381708621979 0.916120648384094 0.920897960662842 0.921591639518738 0.922222316265106 0.92514556646347 0.920688927173615 0.922741293907166 0.916693866252899 0.913649260997772 0.903414309024811 0.896380364894867 0.898248732089996 0.895316898822784 0.886853098869324 0.88190495967865 0.889037668704987 0.884443700313568 0.888051331043243 0.892420172691345 0.887032210826874 0.855381309986115 0.82101309299469 0.868596255779266 0.794304311275482 0.802157402038574 0.866507709026337 0.896806120872498 0.898604869842529 0.846239268779755 0.784178256988525 0.81112813949585 0.766935467720032 0.806587338447571 0.875100791454315 0.863619267940521 0.830559492111206 0.818332195281982 0.801890790462494 0.785055637359619 0.7787966132164 0.686839699745178
0.889021217823029 0.893323957920074 0.900462448596954 0.901553809642792 0.909560859203339 0.924492061138153 0.925342261791229 0.924986362457275 0.929533183574677 0.925161361694336 0.915320098400116 0.917470514774323 0.909058511257172 0.908098220825195 0.901379346847534 0.902012646198273 0.895139038562775 0.896949589252472 0.899354338645935 0.899113655090332 0.896828770637512 0.903694093227386 0.902795791625977 0.910636603832245 0.891910314559937 0.858072102069855 0.875011026859283 0.830589890480042 0.919819235801697 0.923174440860748 0.92993575334549 0.865481853485107 0.806665122509003 0.782101333141327 0.845365762710571 0.725302040576935 0.869039356708527 0.857419431209564 0.840501546859741 0.820870995521545 0.818484544754028 0.814578771591187 0.802600383758545 0.790647089481354 0.690839111804962
0.881497621536255 0.88707160949707 0.890352725982666 0.897041738033295 0.913674890995026 0.914079070091248 0.915275752544403 0.916018187999725 0.920147776603699 0.92015153169632 0.914204597473145 0.91215717792511 0.913044929504395 0.907255351543427 0.905600428581238 0.905075967311859 0.902010023593903 0.900063276290894 0.906025409698486 0.910262823104858 0.906855165958405 0.912267625331879 0.898519217967987 0.919775426387787 0.915265619754791 0.90246456861496 0.892776072025299 0.919329822063446 0.933850944042206 0.938633382320404 0.877766311168671 0.843936443328857 0.81004136800766 0.799427509307861 0.851697206497192 0.780655741691589 0.816210448741913 0.862018883228302 0.838432490825653 0.820269882678986 0.804725229740143 0.825928092002869 0.822801113128662 0.793428063392639 0.714374363422394
0.877493381500244 0.890255928039551 0.884208500385284 0.894269466400146 0.904280066490173 0.902923047542572 0.908926427364349 0.910123765468597 0.919044077396393 0.913321673870087 0.9119992852211 0.909657061100006 0.911885797977448 0.90517246723175 0.905365169048309 0.90517246723175 0.903474032878876 0.902226388454437 0.911224365234375 0.916980743408203 0.912784516811371 0.923202157020569 0.918087363243103 0.924493968486786 0.915024518966675 0.926915287971497 0.92281311750412 0.935498654842377 0.947877049446106 0.908416390419006 0.860011458396912 0.840175807476044 0.824496746063232 0.867431879043579 0.763888239860535 0.772607743740082 0.855728924274445 0.879832684993744 0.864600360393524 0.839389085769653 0.819485008716583 0.860776841640472 0.839800775051117 0.831801533699036 0.798675179481506
0.874063074588776 0.878107309341431 0.887077629566193 0.892847776412964 0.897817134857178 0.907329797744751 0.906810939311981 0.89879959821701 0.903848707675934 0.91202986240387 0.911140084266663 0.907345414161682 0.910314381122589 0.904391646385193 0.898884415626526 0.895049095153809 0.905129015445709 0.906655192375183 0.911743581295013 0.917443752288818 0.918209195137024 0.918863475322723 0.924487292766571 0.922892093658447 0.927335560321808 0.926096022129059 0.903209447860718 0.940159559249878 0.909310936927795 0.882883429527283 0.876801013946533 0.870847761631012 0.881821036338806 0.859060227870941 0.808589398860931 0.841830849647522 0.906013011932373 0.903185248374939 0.878821730613708 0.86052417755127 0.868351519107819 0.887370824813843 0.86053067445755 0.856759905815125 0.804049730300903
0.883184552192688 0.881229758262634 0.884531855583191 0.890559494495392 0.895204722881317 0.89577728509903 0.90161669254303 0.901830494403839 0.900257408618927 0.909591138362885 0.906631588935852 0.905085504055023 0.904482424259186 0.897260010242462 0.897340297698975 0.904694080352783 0.901422142982483 0.911817312240601 0.912745833396912 0.913548767566681 0.915351569652557 0.903745353221893 0.915310502052307 0.931255102157593 0.920662045478821 0.929769992828369 0.930313646793365 0.925366520881653 0.905097603797913 0.893974721431732 0.887549340724945 0.900580763816833 0.898563802242279 0.843977093696594 0.885375738143921 0.920380711555481 0.923200666904449 0.908699572086334 0.902534961700439 0.914151072502136 0.903858542442322 0.904326915740967 0.877897977828979 0.879179954528809 0.849987149238586
0.875234544277191 0.878340184688568 0.878307402133942 0.888169527053833 0.888700306415558 0.893063902854919 0.891283929347992 0.884224653244019 0.877201020717621 0.886218249797821 0.889681756496429 0.903929173946381 0.897559523582458 0.892069876194 0.893115282058716 0.899767994880676 0.908090531826019 0.908034384250641 0.914351105690002 0.90535843372345 0.919482707977295 0.92965179681778 0.9192715883255 0.920192182064056 0.922352969646454 0.927737534046173 0.928938567638397 0.908182740211487 0.89608496427536 0.898152768611908 0.903644680976868 0.916570484638214 0.877302408218384 0.897097229957581 0.939120054244995 0.934395968914032 0.929547727108002 0.91828727722168 0.939854443073273 0.933422148227692 0.915773510932922 0.898004829883575 0.885527610778809 0.880086719989777 0.853640854358673
0.877189934253693 0.876396954059601 0.881682634353638 0.887143194675446 0.890125751495361 0.888532519340515 0.884116411209106 0.888034164905548 0.883079946041107 0.888020396232605 0.900345742702484 0.895938277244568 0.901471793651581 0.897818863391876 0.903226256370544 0.902236759662628 0.898803770542145 0.899280786514282 0.907446444034576 0.902520477771759 0.91094970703125 0.920232713222504 0.925368249416351 0.921341121196747 0.927516877651215 0.92894184589386 0.92039430141449 0.915704548358917 0.900437831878662 0.899256587028503 0.927195608615875 0.899905622005463 0.912237763404846 0.937104225158691 0.937657713890076 0.934306800365448 0.925450146198273 0.934815406799316 0.937469720840454 0.932909250259399 0.918547451496124 0.906803131103516 0.892457485198975 0.880796253681183 0.831794619560242
0.87122631072998 0.870526254177094 0.873956978321075 0.88952362537384 0.895464718341827 0.903101205825806 0.904456853866577 0.893908798694611 0.895194232463837 0.894930839538574 0.899727880954742 0.89477950334549 0.901100993156433 0.898473501205444 0.898473501205444 0.904031336307526 0.908217251300812 0.905794858932495 0.912484467029572 0.921488463878632 0.926373064517975 0.924056589603424 0.921431720256805 0.9305220246315 0.931433439254761 0.928989410400391 0.928734123706818 0.915072381496429 0.911576986312866 0.926846742630005 0.920128524303436 0.931003630161285 0.933268547058105 0.939490795135498 0.937189936637878 0.938144564628601 0.938388466835022 0.940194308757782 0.933719515800476 0.92461884021759 0.923954725265503 0.920889377593994 0.903629124164581 0.893190920352936 0.856157660484314
0.874898672103882 0.870930314064026 0.884017884731293 0.888358533382416 0.898017406463623 0.908074021339417 0.902442932128906 0.901927888393402 0.894547700881958 0.907791793346405 0.899549722671509 0.899608492851257 0.895797550678253 0.89299863576889 0.904641389846802 0.905594170093536 0.908399343490601 0.91027969121933 0.916896760463715 0.9277263879776 0.93156886100769 0.928182005882263 0.930267453193665 0.931036293506622 0.935571312904358 0.932901620864868 0.931782901287079 0.928402304649353 0.930978298187256 0.926719188690186 0.927120327949524 0.931392788887024 0.926781535148621 0.931477010250092 0.940015435218811 0.934057950973511 0.935393810272217 0.936700165271759 0.922907650470734 0.923569560050964 0.912262797355652 0.912658452987671 0.900174021720886 0.882705390453339 0.873673141002655
0.870461463928223 0.871109366416931 0.876074552536011 0.889165699481964 0.903795003890991 0.906633496284485 0.904719293117523 0.904415667057037 0.899752557277679 0.899033725261688 0.89893639087677 0.898897171020508 0.891499161720276 0.902375161647797 0.900022506713867 0.906968414783478 0.912939488887787 0.914788246154785 0.921104609966278 0.923598289489746 0.924421072006226 0.925001859664917 0.925685882568359 0.934427261352539 0.934334695339203 0.93586528301239 0.935806095600128 0.930236101150513 0.929875552654266 0.931444227695465 0.926795959472656 0.927366197109222 0.927323341369629 0.941892921924591 0.935438454151154 0.925448656082153 0.930412590503693 0.932748198509216 0.925466954708099 0.919347584247589 0.913443505764008 0.89381206035614 0.887182891368866 0.881638050079346 0.858263432979584
0.858396768569946 0.87844330072403 0.880543947219849 0.883976757526398 0.902663886547089 0.909596860408783 0.905653119087219 0.90908545255661 0.909103810787201 0.898358464241028 0.889535188674927 0.889699399471283 0.887048363685608 0.888673365116119 0.886143624782562 0.895962655544281 0.900383174419403 0.914681434631348 0.914118707180023 0.919864535331726 0.928260445594788 0.930827438831329 0.929407596588135 0.929158449172974 0.930590271949768 0.932138085365295 0.932622373104095 0.939814269542694 0.93668919801712 0.935993790626526 0.930497467517853 0.929670214653015 0.932011306285858 0.939164102077484 0.935672879219055 0.920677900314331 0.930311560630798 0.933222770690918 0.925877153873444 0.910879969596863 0.892246067523956 0.876567780971527 0.881323933601379 0.863517820835114 0.848651826381683
0.853725731372833 0.868929207324982 0.882164359092712 0.888062655925751 0.899885296821594 0.912161350250244 0.912251353263855 0.912216544151306 0.910995721817017 0.901545763015747 0.892612814903259 0.891119301319122 0.886806607246399 0.893751680850983 0.894896447658539 0.901574730873108 0.903276562690735 0.913411915302277 0.914679765701294 0.916135847568512 0.926410734653473 0.930994868278503 0.930045187473297 0.93012410402298 0.93689638376236 0.935047745704651 0.940350830554962 0.936368465423584 0.940069139003754 0.939197540283203 0.931985557079315 0.937361836433411 0.934903800487518 0.928238213062286 0.923528552055359 0.919359862804413 0.908822596073151 0.907556354999542 0.90296345949173 0.886280417442322 0.872580707073212 0.865823686122894 0.881721258163452 0.873037278652191 0.865534067153931
0.852531611919403 0.866104125976562 0.883997857570648 0.889651894569397 0.895795226097107 0.906588554382324 0.90594094991684 0.905735492706299 0.901930570602417 0.904842436313629 0.889942407608032 0.892476081848145 0.889048874378204 0.895561099052429 0.897538185119629 0.90101033449173 0.908450126647949 0.911897122859955 0.915664672851562 0.922722339630127 0.931542575359344 0.930539548397064 0.929938316345215 0.93225234746933 0.941559076309204 0.939110338687897 0.936021447181702 0.936152875423431 0.939941346645355 0.94013786315918 0.939538180828094 0.941234886646271 0.938881933689117 0.934793293476105 0.908557951450348 0.921768307685852 0.919208288192749 0.91706508398056 0.897516548633575 0.880919218063354 0.874623477458954 0.875825643539429 0.882438123226166 0.88323312997818 0.869544744491577
0.851854860782623 0.857225298881531 0.874366521835327 0.895156502723694 0.901865899562836 0.911200344562531 0.909077525138855 0.909497737884521 0.896216571331024 0.905107855796814 0.900687098503113 0.891893684864044 0.88782125711441 0.889357388019562 0.894371390342712 0.895756244659424 0.903119683265686 0.911769211292267 0.917031764984131 0.919481217861176 0.921589255332947 0.931046903133392 0.933597207069397 0.933170139789581 0.936919867992401 0.93401038646698 0.938360095024109 0.942751824855804 0.943527936935425 0.939533531665802 0.942263960838318 0.94457346200943 0.943431615829468 0.936515092849731 0.922384321689606 0.922977209091187 0.92617791891098 0.909245669841766 0.880772173404694 0.86115837097168 0.873327374458313 0.879939079284668 0.878374576568604 0.879612922668457 0.87723308801651
0.841089487075806 0.859427928924561 0.870786547660828 0.879495799541473 0.895377695560455 0.911409854888916 0.905346035957336 0.904898703098297 0.905738353729248 0.894868612289429 0.897353053092957 0.895740926265717 0.892350852489471 0.887221693992615 0.895572185516357 0.904482245445251 0.904857993125916 0.9107945561409 0.919819295406342 0.918563961982727 0.924895882606506 0.930365204811096 0.928878247737885 0.936751306056976 0.943178951740265 0.944392204284668 0.945334315299988 0.94884729385376 0.948475241661072 0.942802309989929 0.949022173881531 0.947382748126984 0.943060457706451 0.942791402339935 0.938349485397339 0.926587522029877 0.914413273334503 0.895682990550995 0.887756764888763 0.878292441368103 0.877587020397186 0.865688741207123 0.872468590736389 0.882188975811005 0.878673374652863
0.852776706218719 0.870106160640717 0.876258611679077 0.882813632488251 0.896895825862885 0.906533360481262 0.905199348926544 0.90369838476181 0.893935799598694 0.884906411170959 0.88877284526825 0.887388050556183 0.887467086315155 0.889658570289612 0.898000359535217 0.901861011981964 0.914589107036591 0.906356751918793 0.910451948642731 0.912053287029266 0.922257423400879 0.927811443805695 0.928818702697754 0.939567446708679 0.949461936950684 0.94444340467453 0.944364786148071 0.947692155838013 0.949244797229767 0.945491552352905 0.942606508731842 0.946465075016022 0.939947009086609 0.935828030109406 0.929169535636902 0.909519970417023 0.92016863822937 0.913857758045197 0.897278070449829 0.880494177341461 0.86412101984024 0.87124890089035 0.866906464099884 0.870980978012085 0.86660224199295
0.862831354141235 0.866078019142151 0.872219145298004 0.887904822826385 0.889443278312683 0.895003616809845 0.902096748352051 0.897368192672729 0.891573905944824 0.891694247722626 0.885942816734314 0.888592123985291 0.879196405410767 0.88632732629776 0.890755474567413 0.907550096511841 0.918625771999359 0.915407240390778 0.904666185379028 0.910201191902161 0.917855143547058 0.930955648422241 0.932173728942871 0.942963838577271 0.943223237991333 0.946875214576721 0.94674950838089 0.947435140609741 0.945013761520386 0.940670609474182 0.931257247924805 0.896866500377655 0.92222672700882 0.92848664522171 0.919068157672882 0.927712380886078 0.910150051116943 0.905016303062439 0.890260696411133 0.879370272159576 0.873508393764496 0.876563668251038 0.875106334686279 0.859419643878937 0.861394107341766
0.860583066940308 0.872419536113739 0.878826022148132 0.890444099903107 0.89161080121994 0.89261931180954 0.898809671401978 0.894331097602844 0.889291703701019 0.88030731678009 0.878756284713745 0.876917362213135 0.884210526943207 0.89241635799408 0.903436183929443 0.908620774745941 0.923674046993256 0.922785460948944 0.914773941040039 0.928442776203156 0.927840292453766 0.934551596641541 0.937075138092041 0.945587277412415 0.945284008979797 0.946139335632324 0.946041762828827 0.94742226600647 0.941395998001099 0.929359614849091 0.906292080879211 0.893183469772339 0.912315011024475 0.921087324619293 0.920690536499023 0.915691077709198 0.91322135925293 0.894353628158569 0.896137177944183 0.886814892292023 0.869911372661591 0.865445673465729 0.862565100193024 0.860048890113831 0.840070724487305
0.867498219013214 0.870910167694092 0.880375385284424 0.886549830436707 0.889262676239014 0.887017130851746 0.893358290195465 0.88870757818222 0.881837606430054 0.871527016162872 0.877640664577484 0.881492853164673 0.892078280448914 0.896837472915649 0.902389764785767 0.911986351013184 0.921138882637024 0.919073283672333 0.928718745708466 0.92982143163681 0.938869893550873 0.937445402145386 0.941940605640411 0.933053314685822 0.937942206859589 0.942086815834045 0.939025580883026 0.928516983985901 0.922387838363647 0.907227575778961 0.87898325920105 0.887496888637543 0.900509476661682 0.916393518447876 0.918415665626526 0.913285374641418 0.913531601428986 0.906725227832794 0.907725751399994 0.878812491893768 0.875834226608276 0.868088960647583 0.854792892932892 0.846968948841095 0.853734254837036
