data/climate_estimation/maxent_output/Trillium_petiolatum.asc
NCOLS 63 
NROWS 62 
XLLCORNER -120.833333333333 
YLLCORNER 43.5 
CELLSIZE 0.0833333333333333 
NODATA_value -3.4e+38 
[rows 20 to 39 of 62, columns 0 to 43 of 63]
0.71391350030899 0.680130302906036 0.545091867446899 0.199931100010872 0.136776953935623 0.154151424765587 0.205995514988899 0.305994629859924 0.161018088459969 0.0450051911175251 0.0164413265883923 0.0239442400634289 0.0207282155752182 0.0213332027196884 0.0187147594988346 0.0169944129884243 0.0177552215754986 0.020319564267993 0.0181954558938742 0.0259669441729784 0.0347952656447887 0.0382271856069565 0.0472870282828808 0.0491655394434929 0.0509936735033989 0.068365104496479 0.0683142766356468 0.0721708685159683 0.106402896344662 0.164086654782295 0.165608689188957 0.159146681427956 0.229599788784981 0.250088900327682 0.269986987113953 0.315204262733459 0.40265154838562 0.541519403457642 0.614739596843719 0.770278990268707 0.904214799404144 0.937955856323242 0.957524538040161 0.964139044284821
0.705112278461456 0.698932886123657 0.645955920219421 0.44788920879364 0.231855913996696 0.235596776008606 0.245308801531792 0.366134971380234 0.185585126280785 0.054136298596859 0.0111937914043665 0.0151444803923368 0.0146012986078858 0.013718350790441 0.0123068811371922 0.0121406959369779 0.0139744449406862 0.0144867151975632 0.0148664386942983 0.0185798387974501 0.0370765998959541 0.0428870059549809 0.05550716817379 0.0530190691351891 0.0493379645049572 0.0645867213606834 0.0694861486554146 0.0989479124546051 0.105242289602757 0.158585771918297 0.155213296413422 0.15406696498394 0.193578764796257 0.228377282619476 0.203650251030922 0.268512219190598 0.388213872909546 0.438138455152512 0.559922277927399 0.75215870141983 0.88700407743454 0.922405064105988 0.924958765506744 0.956065237522125
0.670831441879272 0.658858597278595 0.385688722133636 0.380841284990311 0.221885800361633 0.217698633670807 0.209845334291458 0.336208760738373 0.204357340931892 0.0524872243404388 0.0132232205942273 0.0377184338867664 0.0413241274654865 0.0378881357610226 0.0364253409206867 0.0262350142002106 0.0200193151831627 0.0187657065689564 0.0217441897839308 0.0205984301865101 0.0363884605467319 0.044069342315197 0.0498391799628735 0.044201985001564 0.0358335673809052 0.0501769371330738 0.0531738623976707 0.0590869747102261 0.0874270126223564 0.104601837694645 0.117446757853031 0.145806550979614 0.118823446333408 0.170935198664665 0.207344979047775 0.277943968772888 0.313350528478622 0.417497217655182 0.511581182479858 0.647053778171539 0.817586183547974 0.922082424163818 0.92289263010025 0.95391583442688
0.487284690141678 0.293771237134933 0.218514442443848 0.0961785912513733 0.121866762638092 0.228019654750824 0.250253826379776 0.348730117082596 0.24024099111557 0.0625786185264587 0.00885826535522938 0.00939365476369858 0.0114933839067817 0.0106641631573439 0.00896772183477879 0.00878170132637024 0.0104110483080149 0.0153884962201118 0.0211436189711094 0.0322560407221317 0.0291442517191172 0.0309118796139956 0.0310617852956057 0.0331771299242973 0.0321074686944485 0.0446140095591545 0.0492117144167423 0.0522624850273132 0.0710277780890465 0.0722884610295296 0.101897150278091 0.0949762985110283 0.140202149748802 0.227165251970291 0.269500881433487 0.245353639125824 0.255385011434555 0.206801980733871 0.231946259737015 0.373259574174881 0.36062952876091 0.911063730716705 0.925161063671112 0.956690728664398
0.486007452011108 0.309146344661713 0.12318479269743 0.0669924393296242 0.0789692476391792 0.22135853767395 0.273057579994202 0.374632030725479 0.41495606303215 0.386611968278885 0.151105687022209 0.0284826252609491 0.0130253471434116 0.00938752666115761 0.00901995226740837 0.0100291604176164 0.00939847435802221 0.0144694363698363 0.022119153290987 0.0293083898723125 0.0226118713617325 0.0257556661963463 0.0246201287955046 0.0296334065496922 0.0309772342443466 0.041844803839922 0.0465296097099781 0.0459549799561501 0.0583737045526505 0.0610505752265453 0.0575473867356777 0.0776529237627983 0.158925384283066 0.126995623111725 0.16022877395153 0.139750003814697 0.122847124934196 0.178682655096054 0.282813549041748 0.441378474235535 0.736944377422333 0.441914618015289 0.922033846378326 0.963567316532135
0.477126955986023 0.28866770863533 0.133806467056274 0.0755040422081947 0.0337157510221004 0.039410438388586 0.0761206746101379 0.130230262875557 0.22765626013279 0.213229492306709 0.127123191952705 0.0682842880487442 0.023784538730979 0.0148160820826888 0.0128946220502257 0.013838792219758 0.0119860004633665 0.0111122950911522 0.0135240769013762 0.0175889730453491 0.0271303057670593 0.0237010568380356 0.0265220385044813 0.036682266741991 0.0389669835567474 0.0552241988480091 0.0489506646990776 0.0433479361236095 0.0830451175570488 0.109431862831116 0.0909049436450005 0.0923672020435333 0.0753174275159836 0.145583599805832 0.19875593483448 0.211084127426147 0.234416589140892 0.290842056274414 0.376352459192276 0.50571620464325 0.760180532932281 0.894042909145355 0.73269659280777 0.905413269996643
0.281954169273376 0.115193754434586 0.0506801344454288 0.0290391426533461 0.0214957259595394 0.0204552337527275 0.0278677027672529 0.0689028427004814 0.116746917366982 0.214352160692215 0.21311904489994 0.230506300926208 0.163974225521088 0.0741951242089272 0.04237375035882 0.0165751986205578 0.0134920058771968 0.0135878184810281 0.0116048427298665 0.028994245454669 0.0263297725468874 0.0222283117473125 0.023124935105443 0.0331148467957973 0.0359542593359947 0.0519094094634056 0.0406381674110889 0.0710302069783211 0.110137663781643 0.144541248679161 0.216660067439079 0.252002269029617 0.214642629027367 0.235116094350815 0.235532984137535 0.353008568286896 0.478008806705475 0.500515341758728 0.690405368804932 0.857783019542694 0.932026922702789 0.896135151386261 0.772453904151917 0.348571956157684
0.138008147478104 0.0746360346674919 0.0373184345662594 0.0262305829674006 0.0195641964673996 0.0161670539528131 0.0152941942214966 0.0178419388830662 0.0205725692212582 0.0243975203484297 0.0319579131901264 0.0842003598809242 0.21655310690403 0.246651962399483 0.241038769483566 0.0767762735486031 0.0171618834137917 0.0135669838637114 0.012153048068285 0.0174651108682156 0.0161474775522947 0.0206433720886707 0.0215853154659271 0.0358598306775093 0.0352226383984089 0.0390888825058937 0.048022486269474 0.0773506760597229 0.104986183345318 0.192247435450554 0.282622903585434 0.392035126686096 0.385242521762848 0.461718648672104 0.468359291553497 0.661507427692413 0.848425567150116 0.872360169887543 0.942445993423462 0.956894338130951 0.971082746982574 0.931843340396881 0.680776536464691 0.348574012517929
0.358488887548447 0.354283899068832 0.208834335207939 0.0972589328885078 0.0450542457401752 0.0273282676935196 0.0235182978212833 0.0157406814396381 0.0158121529966593 0.0166825912892818 0.0189102981239557 0.0405766554176807 0.0601662993431091 0.0639179050922394 0.0521788559854031 0.027429960668087 0.0186835639178753 0.0162560883909464 0.0128749469295144 0.0136557798832655 0.0132615491747856 0.0182648617774248 0.0211969297379255 0.0241459328681231 0.0287201683968306 0.0491815656423569 0.0727532953023911 0.0730139389634132 0.0992259755730629 0.131364777684212 0.143554925918579 0.209398612380028 0.262543052434921 0.400721251964569 0.552045106887817 0.888107240200043 0.934211075305939 0.922090113162994 0.942508935928345 0.830511510372162 0.878605246543884 0.970549643039703 0.915128946304321 0.757660031318665
0.532524526119232 0.538636326789856 0.349341779947281 0.164883658289909 0.0852239206433296 0.0882928371429443 0.0473538599908352 0.0266736224293709 0.0187925174832344 0.0182747356593609 0.0204144921153784 0.024880014359951 0.0334683991968632 0.0538371354341507 0.074055977165699 0.0892786905169487 0.0626212731003761 0.0306164957582951 0.0217951983213425 0.0169215258210897 0.0126529484987259 0.0125917615368962 0.0179319493472576 0.0247899536043406 0.0419394411146641 0.0592891424894333 0.0701919421553612 0.102745093405247 0.107829988002777 0.12107864767313 0.136443361639977 0.248786330223083 0.37999415397644 0.731476366519928 0.884085834026337 0.924479842185974 0.888970494270325 0.908855557441711 0.742328882217407 0.569136142730713 0.782721519470215 0.915589869022369 0.97214537858963 0.966335594654083
0.523918390274048 0.515807867050171 0.46397539973259 0.326874017715454 0.347755998373032 0.305615663528442 0.1506537348032 0.10423705726862 0.09786207228899 0.0947831198573112 0.0923182889819145 0.0974780544638634 0.0773393884301186 0.055623721331358 0.0541883781552315 0.0684835463762283 0.0856682136654854 0.14001290500164 0.124240756034851 0.0898916199803352 0.0701493844389915 0.0286421217024326 0.0176736749708652 0.0281910952180624 0.0399854406714439 0.0557155795395374 0.0617648959159851 0.0920637845993042 0.0798543319106102 0.0916037485003471 0.121174596250057 0.27784788608551 0.546191215515137 0.872599065303802 0.907420992851257 0.776862800121307 0.698862373828888 0.639488339424133 0.642015874385834 0.536081910133362 0.527382671833038 0.740356862545013 0.871078133583069 0.922075510025024
0.461031526327133 0.592632830142975 0.537892639636993 0.543637454509735 0.626269459724426 0.55805367231369 0.450504690408707 0.403389066457748 0.277538776397705 0.188143774867058 0.079285554587841 0.046992614865303 0.0276607982814312 0.0270341690629721 0.0304430946707726 0.0469382777810097 0.0560881271958351 0.0649939402937889 0.0653060898184776 0.0816061571240425 0.101910009980202 0.080832377076149 0.0352270752191544 0.0504366494715214 0.047312717884779 0.0368655100464821 0.0346698686480522 0.047391701489687 0.0709186792373657 0.081203319132328 0.116400837898254 0.311326235532761 0.767364144325256 0.870771765708923 0.843882262706757 0.636234998703003 0.680540800094604 0.861146032810211 0.897930204868317 0.943200469017029 0.902905464172363 0.975086808204651 0.786630392074585 0.832298278808594
0.487621098756790 0.528575539588928 0.574932873249054 0.605040669441223 0.640759289264679 0.549395382404327 0.410588353872299 0.291110694408417 0.214704230427742 0.0772868245840073 0.0437985584139824 0.022553626447916 0.017227666452527 0.0174921695142984 0.0187753178179264 0.0188060626387596 0.0194085314869881 0.0200888253748417 0.0221654027700424 0.0311465319246054 0.0295233186334372 0.0311652198433876 0.0820803195238113 0.145272895693779 0.168588474392891 0.176407665014267 0.115204378962517 0.0896177738904953 0.0982790216803551 0.0941769629716873 0.193978562951088 0.746060490608215 0.855459809303284 0.881990194320679 0.646028697490692 0.755032956600189 0.88203889131546 0.898917317390442 0.928351104259491 0.975519061088562 0.967694878578186 0.971608281135559 0.950896918773651 0.873340547084808
0.350889295339584 0.399819582700729 0.333928257226944 0.282463073730469 0.25855964422226 0.282108545303345 0.267170429229736 0.18903636932373 0.0780877470970154 0.0405204072594643 0.021569924429059 0.0161943919956684 0.014198717661202 0.0130464294925332 0.0126222362741828 0.0148240486159921 0.0193235073238611 0.0220113303512335 0.0188518594950438 0.018779193982482 0.0289449468255043 0.0481827855110168 0.0788144990801811 0.138212561607361 0.211879655718803 0.256595253944397 0.331590861082077 0.387990862131119 0.277361035346985 0.25764799118042 0.506941378116608 0.808608889579773 0.886656105518341 0.863692224025726 0.714588105678558 0.779151260852814 0.739719450473785 0.94855523109436 0.969942212104797 0.980844497680664 0.97907155752182 0.95298820734024 0.847589671611786 0.872212409973145
0.2506403028965 0.284897059202194 0.225802257657051 0.138938993215561 0.105948932468891 0.16127572953701 0.101780235767365 0.0583986788988113 0.0190156623721123 0.0146152041852474 0.0116074262186885 0.0133030638098717 0.0148575054481626 0.0152888232842088 0.0178708713501692 0.0214841943234205 0.0216084681451321 0.0216429643332958 0.0223997104912996 0.0297892205417156 0.0312388576567173 0.0463956072926521 0.0710035264492035 0.115691803395748 0.170484140515327 0.19374991953373 0.227514430880547 0.231945648789406 0.346044033765793 0.700260996818542 0.832713067531586 0.829870402812958 0.861438035964966 0.792547523975372 0.868897199630737 0.920147180557251 0.928366780281067 0.924049139022827 0.930778920650482 0.920175671577454 0.938791811466217 0.910805344581604 0.801676273345947 0.830726325511932
0.095290407538414 0.0526348538696766 0.0437792576849461 0.0269262548536062 0.0253436602652073 0.0226012356579304 0.0187503155320883 0.0138208381831646 0.0168147664517164 0.0143459513783455 0.0157686863094568 0.0163075253367424 0.0180550701916218 0.0270369686186314 0.028424397110939 0.0327842943370342 0.0390310846269131 0.0337773114442825 0.0319400429725647 0.0323723927140236 0.0448119826614857 0.0455619730055332 0.0713885873556137 0.089311346411705 0.0919183492660522 0.119487762451172 0.129291713237762 0.204213216900826 0.36814484000206 0.537188112735748 0.839858412742615 0.886439025402069 0.894878029823303 0.761641502380371 0.915909290313721 0.920400202274323 0.967405319213867 0.929687082767487 0.905296981334686 0.910882294178009 0.879475653171539 0.843945562839508 0.775262773036957 0.798328876495361
0.0643813014030457 0.0914513468742371 0.109838426113129 0.0671888217329979 0.0280408598482609 0.0276354663074017 0.0349121131002903 0.030905457213521 0.0254432708024979 0.0255427565425634 0.0270197317004204 0.0291287116706371 0.034995511174202 0.0340321809053421 0.0352840572595596 0.0391569919884205 0.055462758988142 0.0560652799904346 0.0654228925704956 0.080966629087925 0.0901834219694138 0.116358272731304 0.106100842356682 0.0703467801213264 0.0673147886991501 0.105165511369705 0.275376439094543 0.718751013278961 0.786280572414398 0.771577537059784 0.851151943206787 0.864663779735565 0.888666927814484 0.911142528057098 0.941848635673523 0.931005656719208 0.967676877975464 0.972950220108032 0.959105849266052 0.972477316856384 0.908814311027527 0.838479578495026 0.775933086872101 0.775887131690979
0.190167307853699 0.192973241209984 0.146640479564667 0.0899080261588097 0.057907909154892 0.0316911078989506 0.0335913635790348 0.0367255620658398 0.0386390574276447 0.0384358987212181 0.0372597873210907 0.053219873458147 0.0680884569883347 0.063163124024868 0.0620379932224751 0.0974391102790833 0.115454755723476 0.121507577598095 0.162131354212761 0.186079576611519 0.3813756108284 0.374227732419968 0.220227301120758 0.1297307908535 0.0928791165351868 0.18009115755558 0.640887975692749 0.791916191577911 0.834889948368073 0.817561686038971 0.852635562419891 0.887794375419617 0.860015451908112 0.887567937374115 0.907918810844421 0.919868469238281 0.96189683675766 0.950676381587982 0.896684169769287 0.951753497123718 0.889523983001709 0.779978036880493 0.75422066450119 0.727974712848663
0.282706022262573 0.256114780902863 0.243114471435547 0.140276536345482 0.051789503544569 0.054007101804018 0.0693098902702332 0.0856197699904442 0.0796185284852982 0.0996877253055573 0.0942491218447685 0.104297921061516 0.098963275551796 0.0902027487754822 0.158764123916626 0.272236377000809 0.323622286319733 0.407456994056702 0.446559309959412 0.461634784936905 0.393535763025284 0.507348895072937 0.420002967119217 0.204065084457397 0.231057718396187 0.722791433334351 0.686729609966278 0.807116508483887 0.808837354183197 0.858326554298401 0.905471920967102 0.878106236457825 0.81543493270874 0.79479992389679 0.685519874095917 0.957726299762726 0.91468346118927 0.867453455924988 0.736104190349579 0.749532639980316 0.875080406665802 0.800708591938019 0.783362925052643 0.772355735301971
0.342326134443283 0.331860780715942 0.327590227127075 0.0930664092302322 0.151294231414795 0.293567329645157 0.166253283619881 0.246311694383621 0.322295635938644 0.12244638800621 0.155589774250984 0.160075306892395 0.153037160634995 0.215425044298172 0.225406482815742 0.333860337734222 0.470362156629562 0.523194313049316 0.596816301345825 0.615122377872467 0.557299494743347 0.649307310581207 0.668902814388275 0.673637986183167 0.772067844867706 0.818620562553406 0.799060046672821 0.835012376308441 0.842718780040741 0.846329867839813 0.873088538646698 0.918506920337677 0.950033247470856 0.582479476928711 0.639426469802856 0.76735532283783 0.916132926940918 0.694054543972015 0.810519635677338 0.467580705881119 0.366526335477829 0.410680562257767 0.755530595779419 0.799486696720123
