data/climate_estimation/maxent_output/Trillium_gracile.asc
NCOLS 80 
NROWS 38 
XLLCORNER -99.6666666666667 
YLLCORNER 29.6666666666667 
CELLSIZE 0.0833333333333334 
NODATA_value -3.4e+38 
[rows 0 to 19 of 38, columns 0 to 43 of 80]
0.048252705484629 0.0456050224602222 0.0372258350253105 0.0421777591109276 0.0601946003735065 0.0693466663360596 0.0907330513000488 0.108438529074192 0.112439759075642 0.109121687710285 0.111626662313938 0.126005813479424 0.123321987688541 0.129233732819557 0.137834742665291 0.172336399555206 0.161419227719307 0.174496993422508 0.172309815883636 0.162405177950859 0.168057471513748 0.151509255170822 0.149358734488487 0.168669641017914 0.164292946457863 0.191986873745918 0.22026801109314 0.218757331371307 0.223652645945549 0.232187524437904 0.23021437227726 0.247681647539139 0.259657710790634 0.257926434278488 0.233191251754761 0.270860403776169 0.24825756251812 0.23207613825798 0.228650450706482 0.244725376367569 0.241200357675552 0.157045692205429 0.144150629639626 0.15637218952179
0.050570297986269 0.0447337664663792 0.0365982167422771 0.0452323816716671 0.061933521181345 0.0810920298099518 0.0973870977759361 0.0950887426733971 0.113298386335373 0.103624187409878 0.104839906096458 0.101581729948521 0.0979170501232147 0.110980220139027 0.146559461951256 0.148640424013138 0.189531072974205 0.188585206866264 0.156980916857719 0.197706416249275 0.196306943893433 0.192991465330124 0.172942236065865 0.170828923583031 0.205207422375679 0.200004607439041 0.201077342033386 0.217330157756805 0.224888503551483 0.235058560967445 0.227875486016273 0.246435418725014 0.263763338327408 0.222299814224243 0.284040838479996 0.291741579771042 0.271883994340897 0.27631464600563 0.273252964019775 0.148693144321442 0.158869221806526 0.159850567579269 0.161352381110191 0.172954097390175
0.045096006244421 0.0408118069171906 0.0360371246933937 0.0535551905632019 0.0710250288248062 0.0884815603494644 0.0865000709891319 0.104369305074215 0.101493418216705 0.0958337336778641 0.0857180133461952 0.0803165510296822 0.0909091532230377 0.112630613148212 0.151921257376671 0.189727112650871 0.179278880357742 0.186273455619812 0.19128991663456 0.188710376620293 0.213379040360451 0.247099086642265 0.23477378487587 0.168210208415985 0.180410534143448 0.218749731779099 0.215390264987946 0.210177361965179 0.22611777484417 0.23665314912796 0.236557021737099 0.267541795969009 0.240734830498695 0.238156735897064 0.267913013696671 0.282926857471466 0.303877025842667 0.287070065736771 0.160647600889206 0.177764713764191 0.175578162074089 0.1783497184515 0.183177754282951 0.195461690425873
0.0397831201553345 0.0372286550700665 0.0342571027576923 0.057905051857233 0.0679458826780319 0.0840081796050072 0.088878408074379 0.0795719102025032 0.0940160527825356 0.0836307108402252 0.0729945152997971 0.0707568973302841 0.0871146321296692 0.135910332202911 0.159747332334518 0.180549904704094 0.16959773004055 0.173472493886948 0.15912252664566 0.197740137577057 0.208325624465942 0.235732764005661 0.257230907678604 0.200410857796669 0.159880638122559 0.206440091133118 0.20515775680542 0.215377777814865 0.230950847268105 0.231236264109612 0.255853801965714 0.277064085006714 0.218713894486427 0.263921469449997 0.291230022907257 0.310213774442673 0.163451910018921 0.16763000190258 0.168136447668076 0.169948726892471 0.209953278303146 0.19897623360157 0.214057892560959 0.201190426945686
0.0345404334366322 0.0301057659089565 0.0343088619410992 0.0421653240919113 0.062705434858799 0.0763359293341637 0.0718495473265648 0.0683938562870026 0.0662191957235336 0.0681887269020081 0.059830479323864 0.0713183507323265 0.0872437879443169 0.109790414571762 0.12723870575428 0.136330261826515 0.135019525885582 0.124709159135818 0.131097435951233 0.152616798877716 0.186269864439964 0.218241766095161 0.247740998864174 0.242662265896797 0.217958271503448 0.196778237819672 0.221917167305946 0.21849100291729 0.245629116892815 0.244632661342621 0.281682252883911 0.26265087723732 0.254087001085281 0.273918449878693 0.319012463092804 0.178164660930634 0.166375666856766 0.168468490242958 0.177965834736824 0.188651725649834 0.202049911022186 0.217291712760925 0.218834102153778 0.221127659082413
0.0284076910465956 0.0267893504351377 0.02997818402946 0.0428571663796902 0.0607501715421677 0.0639562085270882 0.0671427696943283 0.0549600012600422 0.056477215141058 0.062866598367691 0.0652732402086258 0.0685386657714844 0.083245761692524 0.0945826396346092 0.0856873169541359 0.0912041738629341 0.0823436304926872 0.119331300258636 0.143581688404083 0.175824150443077 0.172768801450729 0.199788764119148 0.228351414203644 0.263592392206192 0.257139980792999 0.243255898356438 0.258014470338821 0.269947528839111 0.268280327320099 0.267239034175873 0.282654047012329 0.284654706716537 0.25633293390274 0.297967523336411 0.344543963670731 0.182080760598183 0.168473020195961 0.184934139251709 0.191251903772354 0.204661518335342 0.218308851122856 0.226344987750053 0.225203424692154 0.228888854384422
0.023688443005085 0.027220381423831 0.0320111475884914 0.0381559282541275 0.0464639253914356 0.0502813272178173 0.0498261377215385 0.0542924404144287 0.0491901487112045 0.0586464740335941 0.0568089112639427 0.0642161145806313 0.0782766491174698 0.0752841532230377 0.0720790401101112 0.0743109434843063 0.0851039215922356 0.0813628658652306 0.112386852502823 0.163203433156013 0.217928364872932 0.230034112930298 0.249968022108078 0.275403201580048 0.260326355695724 0.247017845511436 0.31540259718895 0.313301801681519 0.290005058050156 0.287519305944443 0.305609226226807 0.307250499725342 0.300996661186218 0.291154205799103 0.195320785045624 0.183274015784264 0.171109050512314 0.184054017066956 0.202039152383804 0.222124367952347 0.238854855298996 0.227878615260124 0.248325496912003 0.238090738654137
0.020318191498518 0.0260394420474768 0.0365386866033077 0.0360986217856407 0.0304623376578093 0.040532298386097 0.0410616360604763 0.0465364083647728 0.048742052167654 0.0546388477087021 0.0615411773324013 0.0704319179058075 0.0780879706144333 0.0829852074384689 0.0980583727359772 0.0818353444337845 0.0818585306406021 0.0818981528282166 0.0821409001946449 0.130017817020416 0.200891762971878 0.229363203048706 0.286550283432007 0.270283222198486 0.300855070352554 0.309818536043167 0.318305402994156 0.316622734069824 0.323268711566925 0.302364677190781 0.300558418035507 0.273498952388763 0.292856931686401 0.311511129140854 0.174097076058388 0.187731340527534 0.200046703219414 0.201944679021835 0.216307461261749 0.252811938524246 0.241846203804016 0.264869034290314 0.268647968769073 0.274200350046158
0.0208177771419287 0.0253073088824749 0.032197829335928 0.0443897917866707 0.0462009720504284 0.047331690788269 0.0421516336500645 0.0397237502038479 0.0436278022825718 0.0533774793148041 0.0623499341309071 0.0713250860571861 0.0809899494051933 0.0842659249901772 0.0945591256022453 0.0891188904643059 0.0973567143082619 0.097769170999527 0.106481432914734 0.133045747876167 0.15073861181736 0.195289954543114 0.21027809381485 0.230230003595352 0.274035781621933 0.336278527975082 0.385511070489883 0.352132558822632 0.325455635786057 0.306073635816574 0.28327476978302 0.257205933332443 0.293453723192215 0.275365978479385 0.152313590049744 0.155121043324471 0.166835576295853 0.18328745663166 0.210783898830414 0.230568081140518 0.261299401521683 0.265850126743317 0.306490957736969 0.30057418346405
0.0230604466050863 0.0284981355071068 0.035032220184803 0.0443804189562798 0.05027249827981 0.0489400364458561 0.0499031767249107 0.0472084023058414 0.0416233837604523 0.0465928725898266 0.063469760119915 0.0725444853305817 0.0834862813353539 0.0942531004548073 0.0975491851568222 0.0981015264987946 0.0991332158446312 0.116529986262321 0.137982800602913 0.168453529477119 0.196070373058319 0.218094229698181 0.234762907028198 0.245298445224762 0.294067293405533 0.348866492509842 0.362373948097229 0.350039482116699 0.327348917722702 0.326985985040665 0.303084969520569 0.293170869350433 0.28078156709671 0.264434665441513 0.243741244077682 0.127296090126038 0.148550808429718 0.198994874954224 0.20464164018631 0.232082381844521 0.255342990159988 0.309551686048508 0.320441752672195 0.3171147108078
0.020602460950613 0.0223017577081919 0.0329010784626007 0.0459694527089596 0.0476577468216419 0.0572019778192043 0.0587334036827087 0.0598046183586121 0.0524170584976673 0.0431585088372231 0.0590422675013542 0.069267600774765 0.0740189924836159 0.0909945070743561 0.0957143753767014 0.0962965339422226 0.117714956402779 0.117266781628132 0.158649191260338 0.190058961510658 0.202856883406639 0.224475711584091 0.231808349490166 0.247543081641197 0.238426133990288 0.29916587471962 0.355075776576996 0.373109132051468 0.326394021511078 0.346109360456467 0.326077282428741 0.282968282699585 0.287805110216141 0.284362941980362 0.141138449311256 0.140628382563591 0.175433710217476 0.207752645015717 0.235066667199135 0.258733451366425 0.297589659690857 0.315335005521774 0.339354336261749 0.358762562274933
0.0205873679369688 0.025828143581748 0.0362160429358482 0.0491901077330112 0.0545720085501671 0.0656899735331535 0.0730130225419998 0.074929304420948 0.0633061528205872 0.0560001917183399 0.0515376478433609 0.0474140383303165 0.0652889013290405 0.0763603821396828 0.101419672369957 0.121430069208145 0.127726376056671 0.125260889530182 0.132703900337219 0.165704354643822 0.173484742641449 0.182194113731384 0.218572303652763 0.240960285067558 0.290305703878403 0.292521178722382 0.323521316051483 0.370003461837769 0.371449261903763 0.373007833957672 0.348207116127014 0.312406420707703 0.30946296453476 0.308215171098709 0.16364660859108 0.163112461566925 0.180852100253105 0.226209700107574 0.243176147341728 0.284420639276505 0.304915428161621 0.347118884325027 0.344395816326141 0.384048312902451
0.0211001392453909 0.0307962149381638 0.045569684356451 0.0482461638748646 0.0583866164088249 0.0669672638177872 0.0781026557087898 0.0870000422000885 0.0933315083384514 0.0730492919683456 0.0672888234257698 0.0569848641753197 0.0716639310121536 0.0843751132488251 0.0959553867578506 0.0996679812669754 0.113916017115116 0.131806999444962 0.161498010158539 0.170346394181252 0.17507541179657 0.188687041401863 0.223345160484314 0.284174412488937 0.332167595624924 0.335639208555222 0.324420958757401 0.329314142465591 0.397163480520248 0.400305688381195 0.340449094772339 0.361530065536499 0.361518025398254 0.31421160697937 0.18109530210495 0.195554867386818 0.228761076927185 0.249459877610207 0.306264042854309 0.310871690511703 0.346622228622437 0.32870426774025 0.367144972085953 0.388566374778748
0.0341655649244785 0.0371031761169434 0.054005604237318 0.0662097036838531 0.0630462169647217 0.077056996524334 0.0733017325401306 0.0819740667939186 0.110760182142258 0.0874341800808907 0.0767867267131805 0.064835250377655 0.0634136125445366 0.0798743590712547 0.0779781341552734 0.0939911678433418 0.106151983141899 0.113927647471428 0.127734616398811 0.171520575881004 0.193068504333496 0.196068525314331 0.236398279666901 0.264310598373413 0.29354402422905 0.361865222454071 0.373737514019012 0.39226222038269 0.402256816625595 0.441904067993164 0.375789791345596 0.400886923074722 0.354370146989822 0.183246865868568 0.202648788690567 0.219639465212822 0.252215594053268 0.291694462299347 0.31588688492775 0.334730058908463 0.331303536891937 0.349668174982071 0.367846459150314 0.399726510047913
0.0522702261805534 0.0559091530740261 0.0592139773070812 0.0720119029283524 0.0810055658221245 0.0840912610292435 0.0934825614094734 0.0910175740718842 0.0962382704019547 0.115825317800045 0.095147617161274 0.0809599757194519 0.0677638277411461 0.0646593868732452 0.0731684342026711 0.0761637091636658 0.0992725938558578 0.125209659337997 0.129585340619087 0.14811347424984 0.195236012339592 0.248133346438408 0.192726761102676 0.24223405122757 0.289226651191711 0.333244234323502 0.351580142974854 0.416508197784424 0.4279725253582 0.425235778093338 0.428098946809769 0.434808194637299 0.382126688957214 0.214812517166138 0.22942291200161 0.252269148826599 0.272799402475357 0.331126153469086 0.361632108688354 0.380512446165085 0.375207185745239 0.368455290794373 0.435814023017883 0.453131467103958
0.0688009783625603 0.0721758902072906 0.0759991332888603 0.0843277424573898 0.0908118858933449 0.086858868598938 0.104309648275375 0.119041137397289 0.101570278406143 0.100918591022491 0.111637003719807 0.105688542127609 0.0975930690765381 0.0789479687809944 0.0816430523991585 0.0844236388802528 0.101210661232471 0.0978768914937973 0.142193496227264 0.170487597584724 0.223142057657242 0.269327163696289 0.273944944143295 0.258886992931366 0.286372661590576 0.316129893064499 0.374132931232452 0.395908713340759 0.43136864900589 0.413639426231384 0.430541425943375 0.464992672204971 0.431735843420029 0.249360129237175 0.247799128293991 0.286220878362656 0.298736721277237 0.353587627410889 0.381000518798828 0.37716418504715 0.397808402776718 0.41215381026268 0.456160813570023 0.481406211853027
0.0800785571336746 0.0807549133896828 0.0839364752173424 0.0947402194142342 0.0978743508458138 0.096931979060173 0.117718614637852 0.113865487277508 0.132589861750603 0.113563813269138 0.113996535539627 0.114973448216915 0.104582123458385 0.0850891694426537 0.0902353972196579 0.106924436986446 0.119856029748917 0.125389099121094 0.121190495789051 0.160533338785172 0.220731198787689 0.24871127307415 0.315802693367004 0.30161914229393 0.310956597328186 0.297662973403931 0.329351007938385 0.376119703054428 0.418189465999603 0.382764011621475 0.425334602594376 0.467888116836548 0.453977465629578 0.266828000545502 0.286881327629089 0.306848287582397 0.328127950429916 0.350568115711212 0.378899037837982 0.407184094190598 0.402698904275894 0.422626048326492 0.483616054058075 0.48145779967308
0.0753002911806107 0.0810279846191406 0.0845530778169632 0.0833886712789536 0.0794913992285728 0.0767028629779816 0.102293469011784 0.0931160151958466 0.114741280674934 0.115135230123997 0.123833939433098 0.124676041305065 0.123339302837849 0.102018766105175 0.0824768990278244 0.100790224969387 0.104825004935265 0.136222958564758 0.122800424695015 0.162464275956154 0.199953019618988 0.209995448589325 0.233949601650238 0.277499735355377 0.317050069570541 0.326141268014908 0.335374593734741 0.355528891086578 0.373048335313797 0.414052844047546 0.427272081375122 0.438570529222488 0.464838773012161 0.272529512643814 0.310406863689423 0.309619337320328 0.34978187084198 0.373074173927307 0.401500582695007 0.403441339731216 0.41694051027298 0.422268807888031 0.436982154846191 0.501897037029266
0.0594287440180779 0.0591919533908367 0.0717588290572166 0.0606812387704849 0.0632631480693817 0.0608693733811378 0.0767690315842628 0.0873105004429817 0.101015493273735 0.109916217625141 0.108785949647427 0.118002943694592 0.123038582503796 0.112114034593105 0.0888434946537018 0.0926116928458214 0.120576478540897 0.129800975322723 0.12797586619854 0.144831448793411 0.170037403702736 0.205930456519127 0.180042490363121 0.21458226442337 0.233473390340805 0.274383723735809 0.343465477228165 0.33671098947525 0.358079224824905 0.417444407939911 0.457472592592239 0.464364916086197 0.518021702766418 0.308173507452011 0.329880654811859 0.3489049077034 0.354081869125366 0.373710006475449 0.421102195978165 0.42722100019455 0.449116587638855 0.446902543306351 0.454153299331665 0.4880291223526
0.0416652821004391 0.0469598323106766 0.0455448105931282 0.0481179095804691 0.0501952283084393 0.0580883212387562 0.0659288614988327 0.074962206184864 0.0875825956463814 0.104092590510845 0.112207189202309 0.103487253189087 0.0998757183551788 0.112333327531815 0.0907465144991875 0.0842775627970695 0.0957332402467728 0.12109299749136 0.142475679516792 0.129637971520424 0.140988692641258 0.164198696613312 0.183750182390213 0.206979244947433 0.239326760172844 0.272932291030884 0.346745222806931 0.359126210212708 0.382840275764465 0.422793060541153 0.408679217100143 0.456845492124557 0.274238109588623 0.314824193716049 0.354231208562851 0.338518410921097 0.381061881780624 0.382673889398575 0.404789358377457 0.425881415605545 0.474943429231644 0.469545632600784 0.475407987833023 0.529542982578278
