data/climate_estimation/maxent_output/Trillium_reliquum.asc
NCOLS 73 
NROWS 39 
XLLCORNER -85.9166666666667 
YLLCORNER 31.5 
CELLSIZE 0.0833333333333333 
NODATA_value -3.4e+38 
[rows 0 to 19 of 39, columns 0 to 44 of 73]
0.574680745601654 0.582551956176758 0.563921213150024 0.574729323387146 0.576165556907654 0.584465086460114 0.59149831533432 0.573455810546875 0.576542258262634 0.565721452236176 0.570052146911621 0.573600053787231 0.588840663433075 0.608379423618317 0.604653239250183 0.622898578643799 0.628061652183533 0.636748731136322 0.630506575107574 0.644891619682312 0.641118705272675 0.631553947925568 0.605573713779449 0.560479760169983 0.61555802822113 0.628308057785034 0.47865018248558 0.48019415140152 0.442122101783752 0.44709900021553 0.629702031612396 0.687630891799927 0.760056972503662 0.774485051631927 0.796717762947083 0.817903935909271 0.855617702007294 0.86151647567749 0.86658900976181 0.867020964622498 0.849228978157043 0.856584906578064 0.848811089992523 0.872267544269562 0.857610404491425
0.562710225582123 0.580335736274719 0.578382074832916 0.586046636104584 0.575437426567078 0.58161586523056 0.581203103065491 0.57476407289505 0.581008970737457 0.582936882972717 0.584949433803558 0.581040620803833 0.573236048221588 0.590337753295898 0.603380560874939 0.597190201282501 0.605237066745758 0.604678928852081 0.641275107860565 0.633260846138 0.585195183753967 0.645961821079254 0.659449577331543 0.651146411895752 0.470857322216034 0.478170037269592 0.490831345319748 0.56141871213913 0.563093841075897 0.571391224861145 0.670296847820282 0.814746260643005 0.84576827287674 0.82506662607193 0.815916061401367 0.843424797058105 0.878183722496033 0.872427999973297 0.871054172515869 0.879009604454041 0.857976138591766 0.865900576114655 0.866959631443024 0.88222599029541 0.877124905586243
0.565348088741302 0.569992184638977 0.593348562717438 0.594245910644531 0.57403552532196 0.574350655078888 0.587773442268372 0.583515703678131 0.586170494556427 0.576850712299347 0.568972229957581 0.578993141651154 0.583476722240448 0.586966335773468 0.600920915603638 0.596753120422363 0.605883181095123 0.606302857398987 0.610431373119354 0.623573184013367 0.621445298194885 0.63010436296463 0.64067804813385 0.642185747623444 0.539270758628845 0.507137715816498 0.56495863199234 0.586793184280396 0.555864155292511 0.604306876659393 0.765617430210114 0.804446876049042 0.836106956005096 0.86525821685791 0.848133206367493 0.859143257141113 0.878216087818146 0.885348796844482 0.879018068313599 0.881008386611938 0.878830552101135 0.876545250415802 0.882666766643524 0.89066869020462 0.896999299526215
0.555269598960876 0.568189203739166 0.570192098617554 0.579882681369781 0.592095851898193 0.585231900215149 0.588725090026855 0.571800112724304 0.568244397640228 0.577304780483246 0.570292949676514 0.588942170143127 0.579611122608185 0.574936389923096 0.578999102115631 0.575314700603485 0.59066253900528 0.59413880109787 0.597981929779053 0.60080885887146 0.594459772109985 0.610075652599335 0.62326580286026 0.635270893573761 0.619286000728607 0.636967599391937 0.614428639411926 0.637284934520721 0.693514764308929 0.791159331798553 0.836416959762573 0.836644291877747 0.86009007692337 0.840080082416534 0.867745935916901 0.873149991035461 0.892090439796448 0.890426456928253 0.88670688867569 0.888452649116516 0.897048234939575 0.888094425201416 0.901146650314331 0.907614409923553 0.912792205810547
0.54572993516922 0.563060402870178 0.564114332199097 0.582952857017517 0.579328298568726 0.576017916202545 0.574012100696564 0.579970955848694 0.582219898700714 0.57401043176651 0.572292745113373 0.574414014816284 0.581993579864502 0.580802738666534 0.559572100639343 0.578886330127716 0.566530108451843 0.56530225276947 0.56628805398941 0.578207075595856 0.59877222776413 0.611922919750214 0.62616890668869 0.640755534172058 0.626195013523102 0.61622828245163 0.629595160484314 0.623465538024902 0.623404502868652 0.794733762741089 0.837155818939209 0.87358021736145 0.87375020980835 0.855914950370789 0.847634494304657 0.87400084733963 0.889026701450348 0.90291440486908 0.901963174343109 0.904465019702911 0.908784568309784 0.909940421581268 0.903056621551514 0.916874587535858 0.931338787078857
0.536875188350677 0.552415251731873 0.553329646587372 0.565382778644562 0.576682925224304 0.569985806941986 0.576073110103607 0.575575053691864 0.570258557796478 0.568999707698822 0.573810160160065 0.575329005718231 0.569094181060791 0.56721031665802 0.557060837745667 0.576387047767639 0.570141971111298 0.561745226383209 0.669375777244568 0.654474318027496 0.640848278999329 0.645731627941132 0.624607980251312 0.680217206478119 0.614565849304199 0.601353049278259 0.628604710102081 0.632710576057434 0.638216435909271 0.650471270084381 0.648408532142639 0.88106381893158 0.884678483009338 0.857508659362793 0.858942687511444 0.867002904415131 0.888808310031891 0.910500645637512 0.916144490242004 0.923537492752075 0.910769701004028 0.928489208221436 0.917309641838074 0.930812418460846 0.931623756885529
0.530046403408051 0.535598933696747 0.541766881942749 0.561670422554016 0.565600395202637 0.570221424102783 0.573001861572266 0.582218289375305 0.577800810337067 0.568138718605042 0.572360932826996 0.577319324016571 0.559493720531464 0.582271337509155 0.566137850284576 0.550657510757446 0.552020072937012 0.674553692340851 0.660622656345367 0.648304343223572 0.65001916885376 0.654507756233215 0.696101903915405 0.723733186721802 0.715048253536224 0.618989586830139 0.620432913303375 0.643900632858276 0.639263391494751 0.636663198471069 0.649364769458771 0.881727814674377 0.896558463573456 0.885093986988068 0.887520611286163 0.888753294944763 0.900855123996735 0.907194375991821 0.924450993537903 0.92903596162796 0.935656070709229 0.940241694450378 0.930794656276703 0.937863171100616 0.934535562992096
0.521452784538269 0.534105718135834 0.535414218902588 0.552903652191162 0.567726910114288 0.57414585351944 0.58267879486084 0.580564618110657 0.586188197135925 0.579209685325623 0.565284132957458 0.57196319103241 0.571162164211273 0.568579077720642 0.562883198261261 0.552116751670837 0.724208652973175 0.727283120155334 0.700557053089142 0.681336998939514 0.674932777881622 0.696689963340759 0.715035974979401 0.715430974960327 0.781549870967865 0.821448147296906 0.855965375900269 0.871069669723511 0.639974594116211 0.633149862289429 0.632348120212555 0.889815032482147 0.908505320549011 0.901033341884613 0.916036128997803 0.90617311000824 0.900845646858215 0.91842132806778 0.938661396503448 0.94153767824173 0.945007026195526 0.945981442928314 0.941200017929077 0.947269856929779 0.938917279243469
0.50582355260849 0.523524880409241 0.529855847358704 0.57267689704895 0.567451775074005 0.571380257606506 0.597315609455109 0.586848497390747 0.592750072479248 0.57155179977417 0.581227123737335 0.567088007926941 0.578399002552032 0.573634803295135 0.55628776550293 0.725138962268829 0.732410848140717 0.710111975669861 0.706182479858398 0.70584762096405 0.716350972652435 0.737244606018066 0.741499125957489 0.752257525920868 0.80141019821167 0.841614603996277 0.873201966285706 0.891047298908234 0.899531126022339 0.909132242202759 0.914420247077942 0.908381581306458 0.91356098651886 0.921830654144287 0.925321102142334 0.932101726531982 0.920391499996185 0.94118344783783 0.94539076089859 0.952088475227356 0.951448976993561 0.954268217086792 0.951370120048523 0.952726483345032 0.953167140483856
0.530742466449738 0.534824967384338 0.547438144683838 0.565960586071014 0.57004851102829 0.574201345443726 0.591149687767029 0.592016994953156 0.596944391727448 0.5877925157547 0.58211874961853 0.593186736106873 0.582377135753632 0.579140663146973 0.556306779384613 0.745416939258575 0.738467693328857 0.738665580749512 0.745842933654785 0.745754897594452 0.748790085315704 0.776342988014221 0.789397776126862 0.793282687664032 0.821470260620117 0.851446628570557 0.881604909896851 0.88885360956192 0.905389964580536 0.921244204044342 0.929502248764038 0.918923020362854 0.919904172420502 0.930301249027252 0.925741136074066 0.936532557010651 0.942689061164856 0.946601152420044 0.950821220874786 0.960851669311523 0.963864386081696 0.956823706626892 0.959550440311432 0.953420639038086 0.956463575363159
0.533868491649628 0.562499225139618 0.556540548801422 0.569765031337738 0.572106778621674 0.580561220645905 0.601220667362213 0.60096287727356 0.59568065404892 0.598208665847778 0.602642714977264 0.588958561420441 0.580400109291077 0.574625730514526 0.564345300197601 0.551381409168243 0.767743825912476 0.795728623867035 0.78503680229187 0.78254646062851 0.769805729389191 0.797914922237396 0.811114132404327 0.812145173549652 0.856368839740753 0.876323521137238 0.89031583070755 0.910328269004822 0.918621182441711 0.928020656108856 0.937532067298889 0.943232238292694 0.929491460323334 0.930703520774841 0.935972392559052 0.942404806613922 0.940788090229034 0.940122067928314 0.941400527954102 0.95623254776001 0.962106943130493 0.965508162975311 0.964386940002441 0.961610376834869 0.964265644550323
0.549863696098328 0.564053535461426 0.564841151237488 0.584455847740173 0.584002017974854 0.593779504299164 0.599094688892365 0.594507992267609 0.599872171878815 0.606642603874207 0.594704985618591 0.593767702579498 0.585998356342316 0.581022024154663 0.568860173225403 0.54720538854599 0.545063197612762 0.827711880207062 0.828054189682007 0.805822134017944 0.807244896888733 0.828366160392761 0.846649289131165 0.857438325881958 0.864729106426239 0.892384886741638 0.908508062362671 0.917199492454529 0.925715386867523 0.941498696804047 0.942340970039368 0.952397644519806 0.935933232307434 0.932530999183655 0.940063774585724 0.9449383020401 0.936229109764099 0.943954586982727 0.952386617660522 0.959580838680267 0.957650661468506 0.96073305606842 0.963438212871552 0.97209370136261 0.972209513187408
0.558557271957397 0.569342851638794 0.584603309631348 0.588496923446655 0.590154886245728 0.586921215057373 0.59969025850296 0.59991580247879 0.595065414905548 0.602140367031097 0.61354011297226 0.598379254341125 0.582345187664032 0.564900815486908 0.576720416545868 0.567087173461914 0.551514506340027 0.837653636932373 0.847484290599823 0.859281718730927 0.854502499103546 0.846761465072632 0.866871953010559 0.888245940208435 0.896096587181091 0.914213120937347 0.920573115348816 0.930043518543243 0.938968896865845 0.95148628950119 0.954948246479034 0.957976579666138 0.952096700668335 0.94523286819458 0.946400761604309 0.943599879741669 0.948855698108673 0.9542076587677 0.949874222278595 0.958115696907043 0.956628918647766 0.965299665927887 0.970981299877167 0.970520853996277 0.975516498088837
0.569494605064392 0.578624367713928 0.568799436092377 0.590250968933105 0.588546693325043 0.582560062408447 0.604401409626007 0.605446875095367 0.609606742858887 0.604439079761505 0.592012822628021 0.596237123012543 0.581001400947571 0.571540892124176 0.564334630966187 0.577103435993195 0.854428350925446 0.852320611476898 0.859422862529755 0.859421491622925 0.881033897399902 0.888710558414459 0.892159044742584 0.910478889942169 0.909184873104095 0.929511070251465 0.928737998008728 0.941057920455933 0.955161988735199 0.956837773323059 0.966861128807068 0.963704526424408 0.957357466220856 0.938236236572266 0.939768671989441 0.950225174427032 0.949263691902161 0.961962342262268 0.960022330284119 0.961642980575562 0.968506574630737 0.970735430717468 0.967268168926239 0.971899926662445 0.97799426317215
0.562983751296997 0.581863641738892 0.58182567358017 0.576825082302094 0.585538148880005 0.595608651638031 0.593342840671539 0.61133599281311 0.606959581375122 0.60210108757019 0.609155654907227 0.59763503074646 0.596255898475647 0.58116340637207 0.567383289337158 0.579694211483002 0.858312666416168 0.873472511768341 0.880578398704529 0.8812255859375 0.893986880779266 0.89824914932251 0.917455077171326 0.917543351650238 0.929914116859436 0.934071242809296 0.943461537361145 0.95422774553299 0.962774276733398 0.965881764888763 0.969576418399811 0.972046971321106 0.958823680877686 0.94786536693573 0.942398726940155 0.947469890117645 0.948198974132538 0.947766184806824 0.956238150596619 0.960208356380463 0.967876613140106 0.963313579559326 0.972168982028961 0.978339552879333 0.977313041687012
0.552628636360168 0.567642033100128 0.554118394851685 0.574835956096649 0.592349946498871 0.593342840671539 0.596890449523926 0.601743638515472 0.599086940288544 0.606334507465363 0.606292605400085 0.605380952358246 0.597610890865326 0.579737603664398 0.578181028366089 0.87442821264267 0.873530268669128 0.885354161262512 0.892185091972351 0.880494475364685 0.893299341201782 0.908172130584717 0.924453854560852 0.941078066825867 0.950044929981232 0.950172424316406 0.960734963417053 0.967441022396088 0.975462675094604 0.969883501529694 0.973515808582306 0.975757479667664 0.97081995010376 0.961353540420532 0.951874136924744 0.953221499919891 0.959846913814545 0.94849956035614 0.951582908630371 0.952946424484253 0.959736764431 0.964103162288666 0.974033713340759 0.97266674041748 0.97466504573822
0.571961402893066 0.555445611476898 0.561204135417938 0.569909930229187 0.567271173000336 0.58087146282196 0.60018527507782 0.598288178443909 0.607277750968933 0.610693454742432 0.589666962623596 0.586555898189545 0.601837933063507 0.595538973808289 0.572040200233459 0.887566387653351 0.896369397640228 0.891463696956635 0.895884096622467 0.883339524269104 0.90368640422821 0.912067592144012 0.927994132041931 0.941504180431366 0.958550810813904 0.961105763912201 0.967100918292999 0.975723743438721 0.975608110427856 0.979637980461121 0.976159870624542 0.976517200469971 0.976976633071899 0.975492417812347 0.972975790500641 0.959807813167572 0.95944082736969 0.96238899230957 0.954832196235657 0.956157922744751 0.96696662902832 0.971494555473328 0.974978864192963 0.971146762371063 0.974307835102081
0.553944528102875 0.549646377563477 0.555843114852905 0.568558633327484 0.582917928695679 0.583232581615448 0.589662492275238 0.61057311296463 0.616008996963501 0.581360697746277 0.592062592506409 0.594996631145477 0.585275769233704 0.576805174350739 0.587930381298065 0.894287705421448 0.906415462493896 0.912245273590088 0.911919176578522 0.894432187080383 0.918444395065308 0.924478054046631 0.933708429336548 0.946877062320709 0.96543025970459 0.971595466136932 0.972616076469421 0.975601434707642 0.980213284492493 0.980650186538696 0.981928169727325 0.982238531112671 0.982435345649719 0.979829430580139 0.975414276123047 0.964619278907776 0.961341738700867 0.969342648983002 0.963242650032043 0.962743580341339 0.959944248199463 0.972727596759796 0.976553857326508 0.980112254619598 0.978506028652191
0.548920631408691 0.548766553401947 0.546622395515442 0.563606560230255 0.573406457901001 0.585582911968231 0.598565936088562 0.591918110847473 0.601585507392883 0.585777401924133 0.588866651058197 0.578442454338074 0.563464999198914 0.564064025878906 0.88976526260376 0.907448589801788 0.923094391822815 0.924655497074127 0.910287439823151 0.904606223106384 0.915075242519379 0.926636040210724 0.93639063835144 0.948556840419769 0.963331162929535 0.969437062740326 0.972113013267517 0.975192666053772 0.97832989692688 0.981424391269684 0.985351741313934 0.985479116439819 0.984824240207672 0.977689564228058 0.973865389823914 0.970527231693268 0.960735738277435 0.963525474071503 0.963841140270233 0.963928282260895 0.963322341442108 0.969650506973267 0.968678772449493 0.970479428768158 0.973070740699768
0.558504283428192 0.561754643917084 0.551702380180359 0.548308908939362 0.556408166885376 0.569192111492157 0.579795181751251 0.588184952735901 0.585039556026459 0.580056190490723 0.582525908946991 0.570480942726135 0.556404531002045 0.54932713508606 0.901584923267365 0.908079504966736 0.921674311161041 0.917312443256378 0.921820938587189 0.920221328735352 0.918906152248383 0.928967237472534 0.943052411079407 0.955033898353577 0.962975680828094 0.967953264713287 0.971750557422638 0.972400903701782 0.975623607635498 0.982466161251068 0.98428863286972 0.985029935836792 0.98586106300354 0.978946268558502 0.974026024341583 0.971161544322968 0.961866021156311 0.965298175811768 0.962354600429535 0.961955904960632 0.963652074337006 0.968134701251984 0.966952979564667 0.965606808662415 0.965011537075043
