data/climate_estimation/maxent_output/Trillium_decumbens.asc
NCOLS 37 
NROWS 23 
XLLCORNER -87.5833333333333 
YLLCORNER 33.1666666666667 
CELLSIZE 0.0833333333333332 
NODATA_value -3.4e+38 
0.693585395812988 0.725950479507446 0.76839017868042 0.806566119194031 0.825606405735016 0.878362894058228 0.891752302646637 0.871129035949707 0.89028537273407 0.893935263156891 0.892484664916992 0.877785980701447 0.869211077690125 0.868564009666443 0.872078657150269 0.817038893699646 0.825624346733093 0.798131287097931 0.816747069358826 0.806059122085571 0.793007254600525 0.860065400600433 0.842529892921448 0.821444272994995 0.842022180557251 0.876703441143036 0.826774895191193 0.70162159204483 0.658868849277496 0.739117503166199 0.766255795955658 0.736276566982269 0.693459212779999 0.745542883872986 0.742532193660736 0.813919067382812 0.778289258480072
0.746744871139526 0.768171370029449 0.78934520483017 0.828320324420929 0.856313824653625 0.863126814365387 0.871906638145447 0.911956548690796 0.86087030172348 0.857395946979523 0.900445997714996 0.849535644054413 0.827772557735443 0.838628113269806 0.799599647521973 0.807216823101044 0.825624346733093 0.817029476165771 0.799448430538177 0.836467683315277 0.812095999717712 0.853558659553528 0.872448801994324 0.825624346733093 0.859060943126678 0.840603053569794 0.868273377418518 0.706825971603394 0.657086193561554 0.734423696994781 0.731808960437775 0.74366170167923 0.764936089515686 0.707564532756805 0.809760689735413 0.851475775241852 0.734695136547089
0.745251774787903 0.787536561489105 0.80765700340271 0.840513467788696 0.855419099330902 0.870419263839722 0.871882617473602 0.860990703105927 0.868871569633484 0.863313019275665 0.866596817970276 0.855610430240631 0.854590535163879 0.838757276535034 0.794884204864502 0.810045957565308 0.779287099838257 0.784631967544556 0.792754352092743 0.765639960765839 0.810470938682556 0.823439657688141 0.830303072929382 0.848478138446808 0.810045957565308 0.848699867725372 0.880680680274963 0.734343111515045 0.698943138122559 0.777641415596008 0.726222574710846 0.716080605983734 0.729386270046234 0.692651689052582 0.865677297115326 0.724230885505676 0.660713911056519
0.666638851165771 0.763973653316498 0.809374690055847 0.823080003261566 0.858409821987152 0.874857783317566 0.874857783317566 0.881399393081665 0.877995848655701 0.881706297397614 0.874110698699951 0.86343240737915 0.846308529376984 0.854713618755341 0.812762439250946 0.771808803081512 0.781309008598328 0.79210489988327 0.79610013961792 0.816451907157898 0.825192213058472 0.754828274250031 0.76548033952713 0.83016175031662 0.828103482723236 0.797728955745697 0.798961400985718 0.763205647468567 0.835428595542908 0.785011231899261 0.750759601593018 0.761588096618652 0.727822124958038 0.664633572101593 0.832737684249878 0.789436042308807 0.783575057983398
0.710282802581787 0.742828488349915 0.829857230186462 0.829857230186462 0.85468852519989 0.877620816230774 0.892097771167755 0.892097771167755 0.893840670585632 0.888160407543182 0.888754665851593 0.887373745441437 0.840312480926514 0.848524868488312 0.831306338310242 0.810470938682556 0.779838263988495 0.744040846824646 0.757381796836853 0.764445304870605 0.745570421218872 0.77521425485611 0.760507464408875 0.748632669448853 0.802991569042206 0.812848925590515 0.858296155929565 0.793845117092133 0.873436808586121 0.841598689556122 0.824413359165192 0.756323873996735 0.663262009620667 0.663459241390228 0.833633244037628 0.817032873630524 0.838393986225128
0.752489149570465 0.82135009765625 0.847107350826263 0.876054465770721 0.872890710830688 0.876054465770721 0.893945157527924 0.883891105651855 0.896243333816528 0.893945157527924 0.846094012260437 0.879598557949066 0.858219802379608 0.863485038280487 0.826168060302734 0.791110932826996 0.75388503074646 0.765685200691223 0.759616255760193 0.763457477092743 0.717833518981934 0.756908237934113 0.752990067005157 0.788014590740204 0.78033459186554 0.792887568473816 0.813514292240143 0.833321034908295 0.833868324756622 0.861069858074188 0.816927909851074 0.712400317192078 0.622282743453979 0.67863792181015 0.660656094551086 0.828409254550934 0.793592989444733
0.760992765426636 0.850700676441193 0.880525350570679 0.880525350570679 0.877597391605377 0.872548162937164 0.876030921936035 0.876795530319214 0.888077914714813 0.886284053325653 0.873641550540924 0.869338929653168 0.862799048423767 0.795242190361023 0.800095856189728 0.765685200691223 0.72291761636734 0.774193108081818 0.717724204063416 0.735366702079773 0.724477350711823 0.707825183868408 0.778759479522705 0.759560286998749 0.730335414409637 0.7757688164711 0.820178091526031 0.850867927074432 0.830361366271973 0.821729898452759 0.766503632068634 0.66620922088623 0.644894421100616 0.595087885856628 0.721058547496796 0.819680452346802 0.817964434623718
0.859013080596924 0.869156837463379 0.878333628177643 0.886392593383789 0.885188698768616 0.874884426593781 0.863274157047272 0.86213630437851 0.85393750667572 0.865434229373932 0.858609557151794 0.811756134033203 0.820215046405792 0.834992825984955 0.775039434432983 0.770362138748169 0.775594115257263 0.738400042057037 0.757788598537445 0.738507390022278 0.738933324813843 0.739087224006653 0.729523599147797 0.737916588783264 0.781736493110657 0.771760642528534 0.78688907623291 0.782698690891266 0.787114500999451 0.78688907623291 0.712671518325806 0.689082682132721 0.633928060531616 0.549319088459015 0.640542030334473 0.793918430805206 0.799386322498322
0.823439657688141 0.836866438388824 0.854278564453125 0.846910297870636 0.858798801898956 0.85406082868576 0.851813614368439 0.852842807769775 0.889767110347748 0.860130131244659 0.830109596252441 0.834242761135101 0.821472764015198 0.803034126758575 0.775039434432983 0.729429602622986 0.747069001197815 0.71614545583725 0.709024548530579 0.745876133441925 0.756118416786194 0.764997839927673 0.702297449111938 0.71700257062912 0.789000630378723 0.792974293231964 0.793765723705292 0.766798436641693 0.801228106021881 0.791958212852478 0.730231821537018 0.635631024837494 0.646548569202423 0.533963441848755 0.56476217508316 0.732126832008362 0.759885728359222
0.843274831771851 0.843402326107025 0.848081111907959 0.84981495141983 0.835196256637573 0.873609781265259 0.862910389900208 0.859125912189484 0.864888370037079 0.848892450332642 0.792038381099701 0.80005669593811 0.802396893501282 0.757115304470062 0.761813938617706 0.745769560337067 0.729447603225708 0.713293075561523 0.710926115512848 0.69456422328949 0.732418477535248 0.730108261108398 0.691922664642334 0.733001589775085 0.728711247444153 0.784196734428406 0.760738253593445 0.770386457443237 0.795630216598511 0.760654270648956 0.705086767673492 0.615976870059967 0.488602101802826 0.489247888326645 0.571761906147003 0.738490581512451 0.786902725696564
0.839857816696167 0.844585597515106 0.845414400100708 0.838201403617859 0.838201403617859 0.819736301898956 0.803562998771667 0.84832364320755 0.842717289924622 0.795881807804108 0.803703308105469 0.806552648544312 0.755176603794098 0.769016206264496 0.756013035774231 0.74450010061264 0.732846796512604 0.727540254592896 0.721068918704987 0.676905035972595 0.716736376285553 0.731561243534088 0.683424472808838 0.759651362895966 0.749603092670441 0.733311116695404 0.726009964942932 0.759972929954529 0.737913012504578 0.66761040687561 0.579715430736542 0.513490498065948 0.400863498449326 0.382080465555191 0.442506432533264 0.518917441368103 0.579591631889343
0.833518445491791 0.832429349422455 0.836407363414764 0.842018723487854 0.828909158706665 0.820246636867523 0.81534868478775 0.817752242088318 0.798161089420319 0.79105418920517 0.807246088981628 0.809169411659241 0.745922386646271 0.755327820777893 0.759500920772552 0.745076417922974 0.727695763111115 0.729844868183136 0.685033023357391 0.668025076389313 0.682822287082672 0.713150799274445 0.705299019813538 0.679158270359039 0.744112312793732 0.718664288520813 0.691397130489349 0.741285443305969 0.702562570571899 0.632654905319214 0.528741896152496 0.401744365692139 0.336178123950958 0.334920704364777 0.367370814085007 0.387525200843811 0.134600415825844
0.835096240043640 0.835817456245422 0.827806949615479 0.821504235267639 0.83014041185379 0.823873996734619 0.820891678333282 0.822147369384766 0.813725411891937 0.75607967376709 0.765785813331604 0.74183851480484 0.75506067276001 0.738861918449402 0.741260290145874 0.739133834838867 0.74083536863327 0.711409449577332 0.721392452716827 0.716192960739136 0.663303315639496 0.720683693885803 0.690207958221436 0.722558498382568 0.701944231987 0.646944940090179 0.705155849456787 0.720265746116638 0.657929539680481 0.591071724891663 0.474162966012955 0.405823677778244 0.398424118757248 0.348035156726837 0.326965302228928 0.101812914013863 0.104584269225597
0.775303423404694 0.772036135196686 0.784753739833832 0.763802111148834 0.773410856723785 0.782082378864288 0.756466209888458 0.813862800598145 0.776329755783081 0.750986576080322 0.80605947971344 0.739410221576691 0.764515042304993 0.740563929080963 0.712704718112946 0.712269425392151 0.682257294654846 0.724296271800995 0.726451516151428 0.718518555164337 0.700920164585114 0.680929601192474 0.663453042507172 0.714758634567261 0.694919347763062 0.634438514709473 0.695507109165192 0.706346273422241 0.646330714225769 0.559838175773621 0.501268982887268 0.523573219776154 0.38556507229805 0.353448182344437 0.330296874046326 0.0939987525343895 0.097811371088028
0.777078151702881 0.778848171234131 0.778442740440369 0.771103322505951 0.78142124414444 0.78383868932724 0.791177928447723 0.781339704990387 0.773297667503357 0.770610451698303 0.744810700416565 0.752612888813019 0.747225522994995 0.713732063770294 0.70266205072403 0.692729711532593 0.707799732685089 0.724020779132843 0.716506779193878 0.702393352985382 0.701078593730927 0.732609450817108 0.705446064472198 0.651408016681671 0.640246272087097 0.612393021583557 0.645309209823608 0.650380790233612 0.642791211605072 0.665204465389252 0.567897737026215 0.504409790039062 0.40125846862793 0.349478423595428 0.317476660013199 0.269781947135925 0.0775324702262878
0.772593259811401 0.768639624118805 0.78639155626297 0.78639155626297 0.790526628494263 0.732775032520294 0.784932732582092 0.772627770900726 0.770348429679871 0.712042570114136 0.737161695957184 0.733620524406433 0.719097554683685 0.721850395202637 0.744571506977081 0.692888855934143 0.693329155445099 0.689363121986389 0.708394050598145 0.702271938323975 0.692008018493652 0.737038910388947 0.678421199321747 0.637565910816193 0.589367747306824 0.674579679965973 0.659905731678009 0.654718101024628 0.626261293888092 0.637386798858643 0.567176282405853 0.462876260280609 0.388339817523956 0.342852234840393 0.293502271175385 0.271661847829819 0.230244264006615
0.759536027908325 0.769199430942535 0.799208641052246 0.730202198028564 0.788135647773743 0.733940601348877 0.792401850223541 0.794775247573853 0.750028610229492 0.703747510910034 0.69100821018219 0.793041050434113 0.770569384098053 0.72690761089325 0.739902913570404 0.686432957649231 0.691445350646973 0.700677096843719 0.687757611274719 0.679638564586639 0.734630703926086 0.679467380046844 0.646213352680206 0.626396298408508 0.607932865619659 0.594291508197784 0.666904449462891 0.630443751811981 0.607513427734375 0.617731332778931 0.474143445491791 0.423593819141388 0.374626696109772 0.307066321372986 0.28205481171608 0.238340899348259 0.206578895449638
0.769610285758972 0.765491127967834 0.783727288246155 0.78867906332016 0.797138512134552 0.794775247573853 0.797280550003052 0.773101806640625 0.732421219348907 0.686839044094086 0.742608964443207 0.799481809139252 0.743453681468964 0.732800364494324 0.719290673732758 0.674639344215393 0.684985101222992 0.671531915664673 0.732800364494324 0.656969726085663 0.696556270122528 0.698033094406128 0.613172948360443 0.630293488502502 0.630293488502502 0.61510819196701 0.640272736549377 0.605730414390564 0.592129290103912 0.479979068040848 0.38849601149559 0.405326217412949 0.363112926483154 0.238609567284584 0.208609104156494 0.204415678977966 0.052928201854229
0.797782182693481 0.761499404907227 0.783872604370117 0.786024749279022 0.791354954242706 0.776333510875702 0.832157671451569 0.798419415950775 0.709740102291107 0.685756802558899 0.692965567111969 0.769752860069275 0.732955157756805 0.727804601192474 0.713092684745789 0.660126686096191 0.662798702716827 0.657291948795319 0.657291948795319 0.649994552135468 0.620191812515259 0.640283942222595 0.626719236373901 0.568468809127808 0.602461814880371 0.556877672672272 0.580699741840363 0.63434112071991 0.608030319213867 0.456773638725281 0.397051215171814 0.321069180965424 0.232439428567886 0.207177758216858 0.208666384220123 0.202929899096489 0.0567207559943199
0.802364408969879 0.772923350334167 0.783213376998901 0.777146697044373 0.778511166572571 0.770762503147125 0.824442028999329 0.796597540378571 0.711483418941498 0.697166085243225 0.738473474979401 0.791264772415161 0.718737363815308 0.731550931930542 0.662675321102142 0.647354125976562 0.621122658252716 0.609802961349487 0.609802961349487 0.614103078842163 0.560115933418274 0.553813874721527 0.542490303516388 0.542647361755371 0.574350476264954 0.580699741840363 0.579249560832977 0.557352721691132 0.531722784042358 0.478890001773834 0.359820008277893 0.284708559513092 0.240120440721512 0.215735211968422 0.195755526423454 0.0590384714305401 0.0535558983683586
0.81379908323288 0.785768866539001 0.777293503284454 0.755700707435608 0.812785387039185 0.81709349155426 0.81897634267807 0.809127807617188 0.792824745178223 0.705011546611786 0.757063984870911 0.779604196548462 0.728270947933197 0.713564336299896 0.63143515586853 0.627699315547943 0.601496398448944 0.59377247095108 0.564984917640686 0.592995703220367 0.555005073547363 0.495186358690262 0.518351852893829 0.529664754867554 0.541067004203796 0.530251502990723 0.565853655338287 0.535855174064636 0.540100395679474 0.408129960298538 0.304291427135468 0.265884220600128 0.251124322414398 0.220703274011612 0.192109122872353 0.0518230721354485 0.0448556505143642
0.805500984191895 0.788058698177338 0.832056820392609 0.802776515483856 0.803693950176239 0.795872330665588 0.795478224754333 0.799938917160034 0.803615510463715 0.786512911319733 0.773243069648743 0.704840123653412 0.715025663375854 0.632043421268463 0.606880486011505 0.612232208251953 0.57797110080719 0.52927029132843 0.559264600276947 0.553850769996643 0.473618894815445 0.49297696352005 0.510836124420166 0.541658103466034 0.524658679962158 0.523800194263458 0.568054497241974 0.537743449211121 0.499997198581696 0.356996923685074 0.334480285644531 0.269687861204147 0.222902745008469 0.206603422760963 0.203402578830719 0.0570233762264252 0.0477077886462212
0.736663460731506 0.761803925037384 0.789105772972107 0.773621559143066 0.776682138442993 0.793646574020386 0.733300805091858 0.715894341468811 0.705277502536774 0.691667854785919 0.701775252819061 0.691227197647095 0.629809439182281 0.624895036220551 0.567540287971497 0.560068309307098 0.548537075519562 0.517415106296539 0.560020327568054 0.503788411617279 0.507595479488373 0.508019208908081 0.517960608005524 0.537477731704712 0.537044644355774 0.526102662086487 0.521811246871948 0.542004704475403 0.41772985458374 0.354026466608047 0.258064419031143 0.232393607497215 0.237069293856621 0.20990939438343 0.0569006502628326 0.046710193157196 0.0525912418961525
