data/climate_estimation/maxent_output/Trillium_govanianum.asc
NCOLS 301 
NROWS 80 
XLLCORNER 70.4166666666667 
YLLCORNER 29.3333333333333 
CELLSIZE 0.0833333333333333 
NODATA_value -3.4e+38 
[rows 20 to 39 of 80, columns 44 to 87 of 301]
0.966774761676788 0.841244101524353 0.653774321079254 0.546425759792328 0.527405381202698 0.524313867092133 0.509168267250061 0.829213321208954 0.803312838077545 0.790068805217743 0.917366147041321 0.962893843650818 0.947002410888672 0.943717777729034 0.941639125347137 0.937408745288849 0.928535163402557 0.916613757610321 0.883624851703644 0.84434050321579 0.814968943595886 0.888568520545959 0.893621623516083 0.870072841644287 0.844064950942993 0.840097963809967 0.851620078086853 0.833734691143036 0.857895374298096 0.844207108020782 0.860307812690735 0.847240924835205 0.859518826007843 0.861424505710602 0.851241111755371 0.846411049365997 0.854012668132782 0.856700301170349 0.842755675315857 0.787205398082733 0.219197809696198 0.218288123607635 0.215885251760483 0.22160616517067
0.96896892786026 0.944842994213104 0.785663962364197 0.635369896888733 0.592224836349487 0.552868664264679 0.527158558368683 0.53342068195343 0.584979176521301 0.819228112697601 0.863147974014282 0.926179707050323 0.957858681678772 0.951847791671753 0.946598887443542 0.941689789295197 0.932142198085785 0.906150996685028 0.899541556835175 0.85500031709671 0.883726000785828 0.841637015342712 0.91263484954834 0.887004613876343 0.889904677867889 0.869262516498566 0.849005579948425 0.804638385772705 0.855746746063232 0.830683052539825 0.853356897830963 0.840038895606995 0.871771216392517 0.877208292484283 0.838366508483887 0.848199546337128 0.870765686035156 0.86373645067215 0.834443926811218 0.853575348854065 0.861920058727264 0.854018867015839 0.817624807357788 0.620398759841919
0.86170619726181 0.84121561050415 0.941401600837708 0.810090124607086 0.701402485370636 0.601134777069092 0.554041385650635 0.539149224758148 0.544350564479828 0.602916777133942 0.85645866394043 0.943819940090179 0.960946619510651 0.957971453666687 0.953047931194305 0.945723712444305 0.943321585655212 0.935420453548431 0.930142641067505 0.849565863609314 0.842157959938049 0.912470459938049 0.927823901176453 0.817273497581482 0.756281733512878 0.781487703323364 0.793675124645233 0.762487471103668 0.76264876127243 0.801497519016266 0.791040301322937 0.744710326194763 0.815042018890381 0.88584566116333 0.855518519878387 0.80084216594696 0.861353516578674 0.876530587673187 0.873402118682861 0.871646106243134 0.849492847919464 0.823161065578461 0.842182815074921 0.846124529838562
0.946950733661652 0.948667109012604 0.988803744316101 0.961051821708679 0.85986852645874 0.680552005767822 0.631965696811676 0.590478122234344 0.567011475563049 0.619488120079041 0.636684954166412 0.746263921260834 0.93367725610733 0.963970959186554 0.922502219676971 0.949005126953125 0.947865426540375 0.952250957489014 0.944594323635101 0.922257363796234 0.888698756694794 0.886094033718109 0.918448686599731 0.777795374393463 0.861117959022522 0.876604676246643 0.863179922103882 0.883546948432922 0.812297761440277 0.809033811092377 0.783892273902893 0.242111787199974 0.783754348754883 0.866437256336212 0.829732239246368 0.818326413631439 0.85397857427597 0.887737691402435 0.863185703754425 0.817032098770142 0.848082423210144 0.875947654247284 0.836813390254974 0.850194215774536
0.942986905574799 0.94016706943512 0.980582535266876 0.987642586231232 0.98320084810257 0.867316782474518 0.75908100605011 0.683791816234589 0.600857734680176 0.588936507701874 0.594570457935333 0.723382711410522 0.721903562545776 0.903053522109985 0.888895928859711 0.964171528816223 0.957083463668823 0.962500691413879 0.94786661863327 0.935265004634857 0.91466212272644 0.890426158905029 0.832143187522888 0.818734765052795 0.836363554000854 0.779997944831848 0.859981715679169 0.850247442722321 0.813199102878571 0.761959910392761 0.890146017074585 0.855055153369904 0.742838859558105 0.83011931180954 0.853141486644745 0.88940703868866 0.90128481388092 0.892441391944885 0.892059564590454 0.850829899311066 0.686187922954559 0.821383476257324 0.881412625312805 0.861343801021576
0.727604150772095 0.926469445228577 0.906805813312531 0.986615598201752 0.988701403141022 0.962453007698059 0.861307084560394 0.770811975002289 0.68632572889328 0.633505642414093 0.620162487030029 0.608153760433197 0.695101857185364 0.747499883174896 0.776685833930969 0.968336284160614 0.967261254787445 0.961249232292175 0.961825311183929 0.953295290470123 0.955995738506317 0.908930957317352 0.935164570808411 0.928626656532288 0.901138484477997 0.845629870891571 0.876883208751678 0.870304346084595 0.808033883571625 0.775869309902191 0.884773373603821 0.911007165908813 0.893763959407806 0.916476666927338 0.910221934318542 0.876230299472809 0.904639005661011 0.904173910617828 0.876765072345734 0.888469994068146 0.886637032032013 0.761663019657135 0.820481181144714 0.89275860786438
0.434750109910965 0.677513241767883 0.849210143089294 0.968825817108154 0.988994240760803 0.986161768436432 0.94540399312973 0.844940721988678 0.755243599414825 0.670170962810516 0.636073291301727 0.613859236240387 0.604416966438293 0.615873694419861 0.703991055488586 0.894924998283386 0.972876250743866 0.970622479915619 0.974079072475433 0.97049605846405 0.96486496925354 0.968456625938416 0.946427404880524 0.907195150852203 0.861564338207245 0.784264326095581 0.785329401493073 0.845662891864777 0.906350076198578 0.810381174087524 0.84603613615036 0.913982689380646 0.922677993774414 0.926684617996216 0.89350163936615 0.761864542961121 0.823475301265717 0.888880908489227 0.872028946876526 0.830314338207245 0.838822782039642 0.832233071327209 0.754427909851074 0.868013620376587
0.486301124095917 0.54866224527359 0.783960580825806 0.942379415035248 0.989566922187805 0.987077593803406 0.980084836483002 0.905673027038574 0.804345011711121 0.725393891334534 0.659492254257202 0.610670268535614 0.598129689693451 0.593571722507477 0.61745947599411 0.877013206481934 0.973784863948822 0.976708650588989 0.967274010181427 0.966240763664246 0.974340379238129 0.97412121295929 0.925365030765533 0.899195075035095 0.886136531829834 0.917394995689392 0.736778318881989 0.845834851264954 0.929229438304901 0.932981967926025 0.884129166603088 0.846569836139679 0.860912382602692 0.935862064361572 0.931003570556641 0.823884665966034 0.823399245738983 0.882466495037079 0.882247984409332 0.828571081161499 0.820439279079437 0.580957412719727 0.687451243400574 0.885948240756989
0.252868920564651 0.376465231180191 0.61915796995163 0.84254777431488 0.946500360965729 0.991281569004059 0.986160099506378 0.974258184432983 0.896423578262329 0.770559132099152 0.697276473045349 0.633627414703369 0.569452702999115 0.560779988765717 0.702396631240845 0.858385145664215 0.967064201831818 0.980253338813782 0.980132699012756 0.946211457252502 0.974316716194153 0.976643145084381 0.963154494762421 0.950215935707092 0.931147336959839 0.89743971824646 0.868510663509369 0.835467278957367 0.899188995361328 0.824481308460236 0.931161284446716 0.942463994026184 0.835857272148132 0.868746697902679 0.94270658493042 0.933489620685577 0.89093691110611 0.726099371910095 0.883537769317627 0.892760276794434 0.882830262184143 0.789038062095642 0.646067976951599 0.86746084690094
0.349264204502106 0.511450350284576 0.649335741996765 0.719098806381226 0.976856887340546 0.991901934146881 0.990389287471771 0.990744769573212 0.986146569252014 0.970959067344666 0.913877785205841 0.925492942333221 0.839434802532196 0.736399590969086 0.785709321498871 0.895895540714264 0.98130589723587 0.978066265583038 0.978977382183075 0.983757376670837 0.948684692382812 0.98321658372879 0.984502077102661 0.969740271568298 0.955419778823853 0.933334529399872 0.946678280830383 0.904888510704041 0.854679882526398 0.825454652309418 0.887380659580231 0.918571412563324 0.956141710281372 0.951080501079559 0.958060741424561 0.919035136699677 0.835476338863373 0.838977098464966 0.843321621417999 0.829546332359314 0.88085675239563 0.879609405994415 0.639954626560211 0.729145228862762
0.349707633256912 0.454331248998642 0.350652694702148 0.424356400966644 0.834376394748688 0.984616696834564 0.991500556468964 0.943164050579071 0.986464858055115 0.985404253005981 0.983594298362732 0.983190894126892 0.92233270406723 0.777122855186462 0.950785040855408 0.942563712596893 0.984984576702118 0.929438471794128 0.880742371082306 0.868332624435425 0.942095398902893 0.962152481079102 0.985553979873657 0.95966112613678 0.910563409328461 0.93325012922287 0.973194301128387 0.973785519599915 0.949410080909729 0.84814065694809 0.826595902442932 0.810254395008087 0.942439794540405 0.966700792312622 0.922949254512787 0.826228022575378 0.883871257305145 0.905508458614349 0.817156612873077 0.804626703262329 0.849862933158875 0.891452848911285 0.75878781080246 0.688254475593567
0.212193876504898 0.300203144550323 0.203078836202621 0.238948091864586 0.491548597812653 0.770971834659576 0.728780567646027 0.597515761852264 0.580368518829346 0.665540814399719 0.951367020606995 0.986568689346313 0.857388913631439 0.664892911911011 0.92941802740097 0.985145151615143 0.987417161464691 0.977989077568054 0.792437136173248 0.663215398788452 0.884778738021851 0.915919244289398 0.970941007137299 0.985220313072205 0.988623678684235 0.987956702709198 0.986616492271423 0.98090660572052 0.971345663070679 0.915116965770721 0.864491939544678 0.864874243736267 0.79865837097168 0.924094796180725 0.956579566001892 0.850122928619385 0.83735591173172 0.910995244979858 0.914658963680267 0.878345310688019 0.888868927955627 0.828799784183502 0.881410181522369 0.861797690391541
0.19297194480896 0.197881132364273 0.141009256243706 0.193912506103516 0.273805677890778 0.350500285625458 0.602618813514709 0.694317102432251 0.497984319925308 0.47359710931778 0.829355955123901 0.724915087223053 0.605982601642609 0.474328517913818 0.808332443237305 0.962095320224762 0.92766147851944 0.981239438056946 0.98252135515213 0.901793539524078 0.810912728309631 0.98631364107132 0.988706350326538 0.984969317913055 0.968779802322388 0.984781086444855 0.974900603294373 0.944780886173248 0.956360042095184 0.960269212722778 0.920905709266663 0.839327752590179 0.859303116798401 0.870729386806488 0.953709244728088 0.943134725093842 0.876311242580414 0.932699918746948 0.923353910446167 0.914412081241608 0.915894508361816 0.905727982521057 0.897088348865509 0.911003530025482
0.118273414671421 0.125582233071327 0.1202162951231 0.133652821183205 0.157997593283653 0.215751588344574 0.380706876516342 0.310171097517014 0.225582912564278 0.463622987270355 0.694589197635651 0.497294187545776 0.285629034042358 0.489351540803909 0.351894289255142 0.826908111572266 0.806879341602325 0.907799601554871 0.827724814414978 0.890910148620605 0.704867124557495 0.95780211687088 0.990257740020752 0.98431658744812 0.989782989025116 0.980457603931427 0.990112483501434 0.985053658485413 0.966395080089569 0.933145821094513 0.955164313316345 0.919791460037231 0.827492475509644 0.847142279148102 0.907338201999664 0.90214329957962 0.952835142612457 0.902013897895813 0.901737749576569 0.906356453895569 0.928333282470703 0.867230594158173 0.914550840854645 0.903625071048737
0.102421715855598 0.0946266874670982 0.0888232067227364 0.0910475850105286 0.118372067809105 0.131713628768921 0.177740514278412 0.275528967380524 0.16814361512661 0.23873470723629 0.330291271209717 0.340788125991821 0.404196441173553 0.783338963985443 0.568707525730133 0.463947981595993 0.44506362080574 0.468330770730972 0.468305617570877 0.503202795982361 0.619264662265778 0.670735657215118 0.925908982753754 0.989309012889862 0.990340650081635 0.990954637527466 0.990174174308777 0.9891277551651 0.989597678184509 0.969765067100525 0.94700300693512 0.937930822372437 0.901197791099548 0.821505725383759 0.819654703140259 0.811456382274628 0.880384206771851 0.946053206920624 0.867452085018158 0.873999536037445 0.931657373905182 0.920008182525635 0.856353521347046 0.846683859825134
0.0771100074052811 0.0919169411063194 0.0924921855330467 0.0820707976818085 0.0969630032777786 0.121709391474724 0.112485215067863 0.0904498696327209 0.0761273801326752 0.142957881093025 0.518784046173096 0.601131916046143 0.473334550857544 0.637925922870636 0.461117774248123 0.76500928401947 0.750470340251923 0.950275063514709 0.557649612426758 0.772467315196991 0.946473121643066 0.865020334720612 0.908095121383667 0.987016797065735 0.992640316486359 0.988462924957275 0.990530073642731 0.993496894836426 0.991708874702454 0.980691373348236 0.988934516906738 0.951737284660339 0.956823766231537 0.912527203559875 0.882392108440399 0.897820830345154 0.919808924198151 0.934233248233795 0.852159440517426 0.879141509532928 0.864017307758331 0.926072061061859 0.918899059295654 0.816379249095917
0.0523508787155151 0.0590392462909222 0.0710270330309868 0.0716716721653938 0.071712352335453 0.0737567618489265 0.0840807631611824 0.0863213241100311 0.071998119354248 0.102962702512741 0.167335316538811 0.21714648604393 0.239170640707016 0.404430717229843 0.731487214565277 0.64743560552597 0.946780562400818 0.993991792201996 0.985028386116028 0.819519937038422 0.977047145366669 0.976843178272247 0.963085174560547 0.993009388446808 0.992911756038666 0.992974519729614 0.99382358789444 0.992370963096619 0.985162198543549 0.993231117725372 0.98837822675705 0.948237478733063 0.917412161827087 0.975190162658691 0.920131087303162 0.854781627655029 0.823138117790222 0.897228300571442 0.858947575092316 0.910373032093048 0.921420574188232 0.932787835597992 0.938145399093628 0.87542325258255
0.0440232716500759 0.0478029400110245 0.0501371286809444 0.0489087477326393 0.0491995587944984 0.0536598302423954 0.0537982508540154 0.0487731881439686 0.0608435533940792 0.081275686621666 0.0963622704148293 0.125902771949768 0.11930950731039 0.171953856945038 0.362282782793045 0.669857561588287 0.853530824184418 0.954864203929901 0.996264278888702 0.997021198272705 0.990874111652374 0.989725112915039 0.995037376880646 0.979218423366547 0.829960942268372 0.918402850627899 0.993278086185455 0.990948736667633 0.991249561309814 0.982029139995575 0.970041871070862 0.961968243122101 0.98799729347229 0.9825319647789 0.901705026626587 0.942266464233398 0.892177224159241 0.893485963344574 0.869239866733551 0.87222421169281 0.895346403121948 0.949820280075073 0.90892219543457 0.922108173370361
0.041256308555603 0.042436882853508 0.0421035178005695 0.0437872856855392 0.0435433052480221 0.0433353185653687 0.0433484055101871 0.0430537387728691 0.0483918040990829 0.0614490360021591 0.0621992684900761 0.0806724429130554 0.106657542288303 0.17908987402916 0.216842517256737 0.466431230306625 0.656842172145844 0.835647761821747 0.970665097236633 0.996243238449097 0.933705925941467 0.973967909812927 0.94318026304245 0.921972751617432 0.635661244392395 0.90963613986969 0.994040846824646 0.994379997253418 0.994765043258667 0.992775142192841 0.992758214473724 0.993266701698303 0.964342832565308 0.95837014913559 0.926724195480347 0.934616506099701 0.966332674026489 0.922586798667908 0.963213205337524 0.89594691991806 0.911072075366974 0.856060981750488 0.903227746486664 0.907238304615021
0.0371663235127926 0.0392473973333836 0.0402303971350193 0.0416696630418301 0.0424442738294601 0.0423997715115547 0.0417740792036057 0.0414549112319946 0.0408182814717293 0.0480597801506519 0.0749121308326721 0.0798985809087753 0.100179776549339 0.138558730483055 0.285603165626526 0.521375834941864 0.410906940698624 0.606047868728638 0.67768782377243 0.837870895862579 0.716574847698212 0.772090375423431 0.79561185836792 0.431371480226517 0.6482293009758 0.966027796268463 0.977121412754059 0.996282756328583 0.995205283164978 0.990036308765411 0.994921505451202 0.993770658969879 0.990656197071075 0.982745707035065 0.9486945271492 0.920095920562744 0.972562849521637 0.987489283084869 0.948606669902802 0.892265856266022 0.908980786800385 0.868847489356995 0.86106264591217 0.884016156196594
