data/climate_estimation/maxent_output/Trillium_luteum.asc
NCOLS 149 
NROWS 84 
XLLCORNER -87.75 
YLLCORNER 33 
CELLSIZE 0.0833333333333334 
NODATA_value -3.4e+38 
[rows 20 to 39 of 84, columns 0 to 44 of 149]
0.302233397960663 0.312041163444519 0.320711135864258 0.325693279504776 0.174685508012772 0.176582187414169 0.180009961128235 0.185237511992455 0.215772107243538 0.222541719675064 0.22593566775322 0.24246446788311 0.236910492181778 0.27863147854805 0.278709977865219 0.555987894535065 0.55516505241394 0.551309525966644 0.54484349489212 0.5454061627388 0.546020209789276 0.549700558185577 0.480035811662674 0.424553692340851 0.437158763408661 0.410822689533234 0.451458275318146 0.453228265047073 0.463008940219879 0.467873603105545 0.537150800228119 0.532073318958282 0.533573389053345 0.528372943401337 0.513213992118835 0.501410663127899 0.48327162861824 0.469622701406479 0.462984651327133 0.456150323152542 0.461883842945099 0.462790727615356 0.46253490447998 0.482110172510147 0.481941610574722
0.304954826831818 0.313288569450378 0.360253363847733 0.361180573701859 0.361026674509048 0.205654785037041 0.212669238448143 0.211831524968147 0.211946129798889 0.215035155415535 0.222545504570007 0.269335508346558 0.280963242053986 0.285903960466385 0.49311551451683 0.555722832679749 0.546528160572052 0.540636599063873 0.538940370082855 0.533963203430176 0.538197338581085 0.541882872581482 0.455597102642059 0.390557676553726 0.415769636631012 0.456595569849014 0.435914307832718 0.437286853790283 0.457445621490479 0.524524986743927 0.535240173339844 0.53851443529129 0.527981102466583 0.526959359645844 0.509065926074982 0.503051400184631 0.490685433149338 0.482206106185913 0.470712661743164 0.464848071336746 0.458902031183243 0.472013771533966 0.477134853601456 0.484208077192307 0.503386199474335
0.297838509082794 0.301346719264984 0.346014767885208 0.343327343463898 0.357210159301758 0.366618126630783 0.367909014225006 0.241845548152924 0.244434162974358 0.257451683282852 0.256607830524445 0.264625579118729 0.272639960050583 0.33325782418251 0.557137608528137 0.535492062568665 0.531177580356598 0.524549663066864 0.602603852748871 0.532873809337616 0.533788740634918 0.543413579463959 0.437635630369186 0.465428650379181 0.40553480386734 0.45807620882988 0.466183185577393 0.429265290498734 0.504846215248108 0.50775820016861 0.520241856575012 0.533336699008942 0.532185792922974 0.590687096118927 0.584732353687286 0.504214942455292 0.498343110084534 0.551562309265137 0.5448277592659 0.471477687358856 0.47186291217804 0.485334664583206 0.492436915636063 0.499178290367126 0.505573153495789
0.296420574188232 0.348949760198593 0.335255593061447 0.326237410306931 0.38946196436882 0.405815154314041 0.407900154590607 0.409726142883301 0.420948535203934 0.251990765333176 0.25263836979866 0.253286063671112 0.534594237804413 0.564588010311127 0.529920279979706 0.526355803012848 0.616473495960236 0.609531462192535 0.600698113441467 0.582677841186523 0.598917245864868 0.58355712890625 0.549961447715759 0.530133366584778 0.486842751502991 0.438204526901245 0.464435696601868 0.47161591053009 0.484469562768936 0.496709167957306 0.519809484481812 0.599711894989014 0.602002322673798 0.59513646364212 0.585683286190033 0.584500968456268 0.572888553142548 0.481584042310715 0.475692600011826 0.479515820741653 0.552819728851318 0.554981291294098 0.568282186985016 0.580791532993317 0.519481301307678
0.343584686517715 0.329141408205032 0.318285137414932 0.319597095251083 0.382353365421295 0.392457842826843 0.459138780832291 0.404887765645981 0.478546410799026 0.479438692331314 0.486297607421875 0.42403644323349 0.529742896556854 0.543007671833038 0.520432591438293 0.614713728427887 0.627467453479767 0.623373448848724 0.618997097015381 0.609685122966766 0.582480549812317 0.591271758079529 0.569770753383636 0.566555500030518 0.467359989881516 0.518717408180237 0.460481345653534 0.496279180049896 0.508615136146545 0.520582914352417 0.516426682472229 0.589455127716064 0.601957082748413 0.595050811767578 0.594359755516052 0.587637186050415 0.585061013698578 0.574753940105438 0.500405430793762 0.568187654018402 0.563447713851929 0.577285289764404 0.577398478984833 0.589729487895966 0.598517239093781
0.335293650627136 0.325224995613098 0.334285646677017 0.389254629611969 0.384927183389664 0.456799298524857 0.461943238973618 0.472994595766068 0.473879426717758 0.48306006193161 0.489581048488617 0.506632626056671 0.518835186958313 0.583022952079773 0.61696720123291 0.610726952552795 0.616134345531464 0.616260528564453 0.630303978919983 0.630745112895966 0.619080126285553 0.609299600124359 0.60011488199234 0.564083337783813 0.511362731456757 0.555348038673401 0.565626502037048 0.503509044647217 0.527332305908203 0.597627401351929 0.602760970592499 0.595792829990387 0.598106026649475 0.603180348873138 0.595592200756073 0.595228850841522 0.594535171985626 0.59066766500473 0.5842564702034 0.583868741989136 0.591693997383118 0.59132844209671 0.599128305912018 0.606708824634552 0.618183970451355
0.34337854385376 0.3973248898983 0.397644340991974 0.397052794694901 0.454635083675385 0.453955113887787 0.459184348583221 0.524705410003662 0.543462336063385 0.552160441875458 0.578285574913025 0.596507787704468 0.615398585796356 0.612006545066833 0.612321853637695 0.637434124946594 0.693947970867157 0.683949887752533 0.687705636024475 0.640204429626465 0.633070886135101 0.640220820903778 0.646025717258453 0.632490515708923 0.507739782333374 0.533516764640808 0.541792809963226 0.568090260028839 0.52250349521637 0.58558452129364 0.591184139251709 0.612547934055328 0.60929262638092 0.673575639724731 0.673066377639771 0.660028576850891 0.60413533449173 0.596494078636169 0.590573072433472 0.596857368946075 0.599081039428711 0.600298404693604 0.602172791957855 0.61537492275238 0.627178192138672
0.405745446681976 0.406013578176498 0.407087475061417 0.462604939937592 0.457187652587891 0.461394280195236 0.462009221315384 0.516339182853699 0.546540677547455 0.553593277931213 0.580569386482239 0.599914193153381 0.626198053359985 0.646558523178101 0.641065001487732 0.702299177646637 0.696158945560455 0.700348079204559 0.649944067001343 0.686737060546875 0.649881839752197 0.657739698886871 0.660701155662537 0.676892459392548 0.645534873008728 0.529229700565338 0.548543870449066 0.586907625198364 0.592390775680542 0.606089770793915 0.689353227615356 0.694755375385284 0.695584237575531 0.680491507053375 0.677448213100433 0.663240194320679 0.661742269992828 0.656776010990143 0.66940826177597 0.670009195804596 0.672486484050751 0.673003196716309 0.611027002334595 0.618251919746399 0.698647737503052
0.407942920923233 0.414799153804779 0.47014582157135 0.465954065322876 0.471419841051102 0.465182274580002 0.459745198488235 0.471684008836746 0.546091020107269 0.564807176589966 0.589209318161011 0.608488380908966 0.617158830165863 0.704250335693359 0.674879789352417 0.687235295772552 0.704828560352325 0.698817133903503 0.703095018863678 0.706569194793701 0.656427025794983 0.651698350906372 0.662391066551208 0.678015291690826 0.699936330318451 0.648992538452148 0.569615304470062 0.588243067264557 0.599959909915924 0.695100247859955 0.708591997623444 0.702463924884796 0.700095653533936 0.734267175197601 0.674095511436462 0.65946239233017 0.665911018848419 0.660397052764893 0.655125558376312 0.669654488563538 0.668960094451904 0.675731956958771 0.676041603088379 0.689970850944519 0.697847604751587
0.480309516191483 0.479028522968292 0.463433593511581 0.455845326185226 0.451593905687332 0.456398129463196 0.469329535961151 0.546858787536621 0.568201422691345 0.586553037166595 0.580558776855469 0.649043381214142 0.664247393608093 0.688473999500275 0.708792090415955 0.720374703407288 0.709907472133636 0.703366041183472 0.709073781967163 0.676290214061737 0.650990605354309 0.651052057743073 0.65944242477417 0.673428893089294 0.68097448348999 0.677137970924377 0.665794193744659 0.666764140129089 0.661010146141052 0.691342651844025 0.713664293289185 0.764051139354706 0.75456029176712 0.737908482551575 0.719781279563904 0.718137621879578 0.711496353149414 0.663498938083649 0.712644219398499 0.65951144695282 0.71302205324173 0.664134681224823 0.672184884548187 0.671198129653931 0.679124474525452
0.470930963754654 0.481298297643661 0.471312165260315 0.460045725107193 0.454634547233582 0.460884273052216 0.471161454916 0.550766170024872 0.55792498588562 0.57078218460083 0.584327161312103 0.672159135341644 0.683521568775177 0.649083316326141 0.711317956447601 0.676648914813995 0.682811796665192 0.719294726848602 0.671740472316742 0.684094846248627 0.662011981010437 0.674400448799133 0.69402003288269 0.688375651836395 0.696493208408356 0.714916110038757 0.714916110038757 0.717631101608276 0.726288974285126 0.766640543937683 0.771560251712799 0.766508996486664 0.752149224281311 0.742099463939667 0.735496520996094 0.727601528167725 0.716754853725433 0.713954031467438 0.714953780174255 0.716318905353546 0.71089780330658 0.711555480957031 0.70316755771637 0.709124326705933 0.716915249824524
0.459578543901443 0.46128061413765 0.472633063793182 0.467615872621536 0.45682555437088 0.468701988458633 0.547490775585175 0.552284121513367 0.571904480457306 0.581071138381958 0.647574007511139 0.661172986030579 0.685607731342316 0.65248054265976 0.684439241886139 0.684439241886139 0.679278135299683 0.673615694046021 0.674590229988098 0.674971997737885 0.665322422981262 0.69575047492981 0.703809440135956 0.692534148693085 0.673969268798828 0.668488144874573 0.682695806026459 0.680964887142181 0.753001034259796 0.778540670871735 0.772554516792297 0.77022111415863 0.754693388938904 0.754432678222656 0.742431044578552 0.744582235813141 0.722279369831085 0.723599076271057 0.716431200504303 0.720302522182465 0.720262765884399 0.720257103443146 0.716402590274811 0.716612696647644 0.71905130147934
0.467813014984131 0.462464421987534 0.464054346084595 0.469660758972168 0.530199587345123 0.555119156837463 0.568640172481537 0.563397347927094 0.575196921825409 0.635412275791168 0.655613124370575 0.637747585773468 0.65071040391922 0.634144067764282 0.647332608699799 0.65407407283783 0.655424237251282 0.669244050979614 0.671915829181671 0.692234992980957 0.703809440135956 0.71028870344162 0.674097716808319 0.658372461795807 0.638924121856689 0.640838205814362 0.646797299385071 0.706816911697388 0.743052363395691 0.748979032039642 0.780308663845062 0.769251585006714 0.786362111568451 0.785234749317169 0.770211517810822 0.766640722751617 0.755669057369232 0.756001234054565 0.75533652305603 0.728966295719147 0.715998649597168 0.723052740097046 0.729527533054352 0.725062310695648 0.731724560260773
0.469925820827484 0.481973081827164 0.493921548128128 0.544065356254578 0.538526117801666 0.550176024436951 0.576886475086212 0.569793462753296 0.582366168498993 0.643575191497803 0.645074546337128 0.655892729759216 0.652677059173584 0.597047746181488 0.610262811183929 0.617004692554474 0.62528783082962 0.64690238237381 0.665812373161316 0.691706657409668 0.694033622741699 0.687985181808472 0.676684677600861 0.659456968307495 0.671301484107971 0.706816911697388 0.707761347293854 0.701212763786316 0.726544976234436 0.750304520130157 0.789649724960327 0.795356571674347 0.787481904029846 0.787747502326965 0.773341059684753 0.762726783752441 0.768316566944122 0.763082563877106 0.757058620452881 0.755762279033661 0.724913239479065 0.725483000278473 0.72625333070755 0.72734135389328 0.733876168727875
0.488707780838013 0.487609297037125 0.56938362121582 0.551253318786621 0.563592910766602 0.558050692081451 0.583937466144562 0.584315359592438 0.657057642936707 0.658586025238037 0.658125519752502 0.664425432682037 0.602488398551941 0.59753805398941 0.610692977905273 0.617619574069977 0.624612390995026 0.634913206100464 0.654704570770264 0.668716251850128 0.700905501842499 0.669820129871368 0.670599937438965 0.665307104587555 0.677927494049072 0.665427029132843 0.738979578018188 0.710619509220123 0.721998035907745 0.757855474948883 0.800726294517517 0.78957736492157 0.78387975692749 0.779069066047668 0.764447391033173 0.764665126800537 0.769602477550507 0.765349209308624 0.765267014503479 0.758567273616791 0.753157198429108 0.752604961395264 0.727898836135864 0.729322731494904 0.730101406574249
0.522555947303772 0.523556709289551 0.514532446861267 0.594007015228271 0.596311151981354 0.572061657905579 0.603295862674713 0.676844537258148 0.61669909954071 0.646962344646454 0.610386729240417 0.616023898124695 0.617707490921021 0.603466629981995 0.61007833480835 0.567193627357483 0.594988703727722 0.601940870285034 0.635282933712006 0.636498689651489 0.668436944484711 0.662380039691925 0.675635933876038 0.689578890800476 0.756411552429199 0.738808035850525 0.740860521793365 0.764349460601807 0.765450835227966 0.792405486106873 0.797813653945923 0.791839718818665 0.779283344745636 0.774542331695557 0.762967228889465 0.789586961269379 0.764788329601288 0.766301810741425 0.760908424854279 0.754914522171021 0.7571662068367 0.762160658836365 0.757290184497833 0.737606048583984 0.743300378322601
0.501649081707001 0.531608045101166 0.549246072769165 0.550120413303375 0.608538568019867 0.591641485691071 0.605010986328125 0.635162234306335 0.616341531276703 0.605501651763916 0.61712771654129 0.636110186576843 0.628781259059906 0.598944425582886 0.599140703678131 0.566736340522766 0.57448947429657 0.590177953243256 0.604132890701294 0.634896874427795 0.638316810131073 0.644067406654358 0.670384407043457 0.691533267498016 0.769052803516388 0.753169238567352 0.765340924263 0.778771340847015 0.780059337615967 0.794033765792847 0.800160646438599 0.791592717170715 0.779855132102966 0.775490820407867 0.789426147937775 0.789426147937775 0.785287261009216 0.766219794750214 0.768953382968903 0.763398110866547 0.764614760875702 0.763890027999878 0.771827757358551 0.738369762897491 0.752938985824585
0.52700275182724 0.514397442340851 0.53387326002121 0.533276915550232 0.530080378055573 0.611733436584473 0.624068677425385 0.635725796222687 0.637251257896423 0.636389255523682 0.636389255523682 0.651138126850128 0.641603708267212 0.623702645301819 0.60672652721405 0.594609022140503 0.60129189491272 0.608876705169678 0.623136103153229 0.61197566986084 0.618812918663025 0.645513892173767 0.660871684551239 0.687498509883881 0.779400289058685 0.775518953800201 0.749728262424469 0.761023223400116 0.77104240655899 0.764050245285034 0.776439130306244 0.790073990821838 0.784287512302399 0.796078741550446 0.779705584049225 0.776881814002991 0.778127491474152 0.783169507980347 0.784598886966705 0.786695718765259 0.76261043548584 0.767490983009338 0.767938196659088 0.774124681949615 0.785108923912048
0.522328794002533 0.527275681495667 0.534565567970276 0.523937702178955 0.529662251472473 0.520176947116852 0.531680822372437 0.613943040370941 0.60683536529541 0.557839155197144 0.570323765277863 0.575109481811523 0.567246317863464 0.631924450397491 0.555789232254028 0.613999545574188 0.62094634771347 0.642325818538666 0.660881876945496 0.663521826267242 0.639502048492432 0.715182900428772 0.734278738498688 0.760080873966217 0.780635178089142 0.786485731601715 0.749773263931274 0.74181193113327 0.75314998626709 0.79202789068222 0.796245157718658 0.794235467910767 0.780076026916504 0.794094145298004 0.784031987190247 0.778733849525452 0.784656167030334 0.791823267936707 0.787654459476471 0.789580106735229 0.769136428833008 0.776330053806305 0.775132775306702 0.775178551673889 0.766431510448456
0.554122030735016 0.542068600654602 0.469026952981949 0.464610189199448 0.497671365737915 0.498426079750061 0.517362177371979 0.529201567173004 0.533465027809143 0.546008706092834 0.55788642168045 0.563924908638 0.574210047721863 0.581005394458771 0.5741286277771 0.582317173480988 0.652697503566742 0.661665618419647 0.681871473789215 0.684424340724945 0.649061381816864 0.716761469841003 0.749361515045166 0.772128939628601 0.78461480140686 0.780939340591431 0.734289586544037 0.752433776855469 0.798596799373627 0.80423629283905 0.801236271858215 0.787606239318848 0.773608088493347 0.797451853752136 0.787784337997437 0.782764136791229 0.793230414390564 0.784239053726196 0.794873118400574 0.792112648487091 0.797197818756104 0.777505099773407 0.768376529216766 0.787853956222534 0.769417583942413
