data/climate_estimation/maxent_output/Trillium_camschatcense.asc
NCOLS 416 
NROWS 234 
XLLCORNER 126.25 
YLLCORNER 37.1666666666667 
CELLSIZE 0.0833333333333333 
NODATA_value -3.4e+38 
[rows 115 to 137 of 234, columns 104 to 155 of 416]
0.0555576495826244 0.0610629469156265 0.0654315054416656 0.0707107558846474 0.0834947153925896 0.101656824350357 0.131407678127289 0.131980299949646 0.136207759380341 0.169902041554451 0.201716303825378 0.227813675999641 0.242730468511581 0.233010709285736 0.289683938026428 0.313443571329117 0.398147583007812 0.446646928787231 0.493993252515793 0.52127069234848 0.53182178735733 0.558016359806061 0.601855278015137 0.621116518974304 0.683460116386414 0.696982979774475 0.741490840911865 0.730659306049347 0.723698377609253 0.758164823055267 0.781245410442352 0.823122262954712 0.852319002151489 0.879931449890137 0.879539728164673 0.890901923179626 0.881805837154388 0.847061336040497 0.841431140899658 0.768715858459473 0.701390504837036 0.528402984142303 0.534665167331696 0.504862427711487 0.507335007190704 -3.4e+38 -3.4e+38 -3.4e+38 -3.4e+38 -3.4e+38 -3.4e+38 -3.4e+38
0.0505734048783779 0.0561803691089153 0.065191850066185 0.0776850879192352 0.0976640954613686 0.115896828472614 0.123142994940281 0.127105697989464 0.15889348089695 0.235870525240898 0.230880782008171 0.232357636094093 0.252197831869125 0.245476797223091 0.291843146085739 0.353710293769836 0.396671056747437 0.418999046087265 0.46244940161705 0.479109287261963 0.512570202350616 0.574933469295502 0.628542065620422 0.67374724149704 0.698865413665771 0.737291634082794 0.745810925960541 0.738871514797211 0.751168787479401 0.760717451572418 0.781540155410767 0.831676840782166 0.846102595329285 0.885688185691833 0.888066589832306 0.880133271217346 0.835345566272736 0.83959949016571 0.781086385250092 0.80916154384613 0.765194833278656 0.733419299125671 0.620879173278809 0.555477261543274 -3.4e+38 -3.4e+38 -3.4e+38 -3.4e+38 -3.4e+38 -3.4e+38 -3.4e+38 -3.4e+38
0.0492369942367077 0.0617200657725334 0.0696638002991676 0.0918607711791992 0.115311644971371 0.130943194031715 0.130061089992523 0.126141741871834 0.183707937598228 0.239710912108421 0.239839822053909 0.277774631977081 0.267791718244553 0.262823820114136 0.301564067602158 0.355766952037811 0.467596888542175 0.478600740432739 0.495502531528473 0.559937953948975 0.568683087825775 0.649723947048187 0.665944159030914 0.655150532722473 0.706226706504822 0.741740703582764 0.740296006202698 0.751962602138519 0.734200716018677 0.74619472026825 0.792406022548676 0.833852887153625 0.851043701171875 0.882466316223145 0.89159232378006 0.897789120674133 0.890517354011536 0.806729435920715 0.792400896549225 0.754552900791168 0.688935279846191 0.579094052314758 0.549780070781708 0.51430332660675 -3.4e+38 -3.4e+38 -3.4e+38 -3.4e+38 -3.4e+38 -3.4e+38 -3.4e+38 -3.4e+38
0.0507631525397301 0.0559561066329479 0.0681086480617523 0.0800604894757271 0.111234799027443 0.169901728630066 0.155246645212173 0.132161974906921 0.16605219244957 0.186059698462486 0.207319498062134 0.241132900118828 0.25273585319519 0.260018676519394 0.331842571496964 0.415393769741058 0.438341617584229 0.527672350406647 0.504655420780182 0.569781363010406 0.648065149784088 0.632717967033386 0.644424736499786 0.653605461120605 0.686460793018341 0.701821804046631 0.737567126750946 0.709482312202454 0.759348511695862 0.780701279640198 0.80670827627182 0.842986047267914 0.870835781097412 0.886297702789307 0.898705184459686 0.917643308639526 0.909764647483826 0.86341267824173 0.820402860641479 0.748383939266205 0.692173361778259 0.602678060531616 0.534440457820892 -3.4e+38 -3.4e+38 -3.4e+38 -3.4e+38 -3.4e+38 -3.4e+38 -3.4e+38 -3.4e+38 -3.4e+38
0.0582874789834023 0.0633280202746391 0.0704603120684624 0.0932475700974464 0.144362270832062 0.137470200657845 0.126059338450432 0.129561737179756 0.148741573095322 0.171609774231911 0.186193332076073 0.190400049090385 0.207453608512878 0.240813821554184 0.2644023001194 0.281131029129028 0.386241555213928 0.468135863542557 0.429476022720337 0.509497404098511 0.554216027259827 0.600829541683197 0.61661970615387 0.634950459003448 0.646289110183716 0.659740746021271 0.711696207523346 0.725659906864166 0.773306369781494 0.765939891338348 0.830879628658295 0.84637039899826 0.879105567932129 0.889647364616394 0.916120290756226 0.925831139087677 0.921325862407684 0.876837432384491 0.82321161031723 0.776531517505646 0.589292049407959 0.593983173370361 -3.4e+38 -3.4e+38 -3.4e+38 -3.4e+38 -3.4e+38 -3.4e+38 -3.4e+38 -3.4e+38 -3.4e+38 -3.4e+38
0.0590866692364216 0.0576310120522976 0.066815122961998 0.0942253172397614 0.111232072114944 0.113538555800915 0.115933649241924 0.139114916324615 0.176599457859993 0.194500103592873 0.187908306717873 0.212316557765007 0.264903426170349 0.331740081310272 0.315798461437225 0.321103394031525 0.316132128238678 0.329954832792282 0.357878565788269 0.402580678462982 0.429092705249786 0.462801158428192 0.517293155193329 0.549327373504639 0.603279173374176 0.628058552742004 0.677487373352051 0.709816038608551 0.750519096851349 0.787132501602173 0.864809334278107 0.896175146102905 0.917748332023621 0.912911891937256 0.920735716819763 0.910318911075592 0.849428176879883 0.823156118392944 0.81418389081955 0.713288486003876 0.671215415000916 0.577875912189484 -3.4e+38 -3.4e+38 -3.4e+38 -3.4e+38 -3.4e+38 -3.4e+38 -3.4e+38 -3.4e+38 -3.4e+38 -3.4e+38
0.0494219772517681 0.0674887076020241 0.0655337125062943 0.0784294158220291 0.0944436267018318 0.0994576886296272 0.134292975068092 0.193992704153061 0.221977218985558 0.219441458582878 0.214450508356094 0.280619561672211 0.377213180065155 0.421646595001221 0.382444679737091 0.378060072660446 0.388921082019806 0.417506068944931 0.439027190208435 0.453643321990967 0.45103994011879 0.463522672653198 0.502454042434692 0.525113224983215 0.576984822750092 0.602943897247314 0.69455897808075 0.769740343093872 0.818596959114075 0.830755412578583 0.873685419559479 0.914983928203583 0.91800856590271 0.92752879858017 0.937183022499084 0.913465201854706 0.887464761734009 0.792380273342133 0.793005228042603 0.75988095998764 0.63081157207489 0.597022175788879 -3.4e+38 -3.4e+38 -3.4e+38 -3.4e+38 -3.4e+38 -3.4e+38 -3.4e+38 -3.4e+38 -3.4e+38 -3.4e+38
0.0603310987353325 0.0608249381184578 0.0710686892271042 0.0950956791639328 0.102300494909286 0.133902385830879 0.187323570251465 0.240259543061256 0.281913131475449 0.237796470522881 0.283902853727341 0.328768193721771 0.3976189494133 0.454337269067764 0.495496839284897 0.482835203409195 0.527856767177582 0.586592376232147 0.59822541475296 0.607491433620453 0.618732511997223 0.645332813262939 0.615710914134979 0.594778954982758 0.60734099149704 0.648751139640808 0.668479084968567 0.689179062843323 0.811125516891479 0.859397768974304 0.892614305019379 0.919649243354797 0.923941195011139 0.910560250282288 0.882306158542633 0.910222351551056 0.795633494853973 0.842326700687408 0.657700061798096 0.62196546792984 0.528911828994751 -3.4e+38 -3.4e+38 -3.4e+38 -3.4e+38 -3.4e+38 -3.4e+38 -3.4e+38 -3.4e+38 -3.4e+38 -3.4e+38 -3.4e+38
0.0638701468706131 0.062714658677578 0.0956245809793472 0.11139377951622 0.130989894270897 0.204177886247635 0.31092756986618 0.314999312162399 0.283202111721039 0.237143516540527 0.255030035972595 0.379873096942902 0.384882509708405 0.425044775009155 0.466174274682999 0.518326580524445 0.589749395847321 0.600636124610901 0.617931067943573 0.657814204692841 0.665482699871063 0.640074014663696 0.634679317474365 0.672971844673157 0.756058692932129 0.704047560691833 0.765939891338348 0.824276983737946 0.827322840690613 0.811042249202728 0.859008252620697 0.863715052604675 0.869077026844025 0.828216731548309 0.804648995399475 0.81911689043045 0.827249944210052 0.730838358402252 0.606058061122894 -3.4e+38 -3.4e+38 -3.4e+38 -3.4e+38 -3.4e+38 -3.4e+38 -3.4e+38 -3.4e+38 -3.4e+38 -3.4e+38 -3.4e+38 -3.4e+38 -3.4e+38
0.0598879382014275 0.0845378488302231 0.10180901736021 0.130601450800896 0.165188312530518 0.180149778723717 0.255564302206039 0.311021327972412 0.22828982770443 0.241044282913208 0.318342983722687 0.405145525932312 0.464133322238922 0.471084326505661 0.477960109710693 0.530020594596863 0.559688925743103 0.566510200500488 0.621929705142975 0.671411216259003 0.68783700466156 0.723724842071533 0.706789493560791 0.755883097648621 0.763987720012665 0.759543597698212 0.818175494670868 0.861605525016785 0.863928198814392 0.8862224817276 0.89839380979538 0.884286224842072 0.86742115020752 0.782319307327271 0.786932945251465 0.763304591178894 0.663702845573425 0.583073914051056 0.551546275615692 -3.4e+38 -3.4e+38 -3.4e+38 -3.4e+38 -3.4e+38 -3.4e+38 -3.4e+38 -3.4e+38 -3.4e+38 -3.4e+38 -3.4e+38 -3.4e+38 -3.4e+38
0.0825964137911797 0.0783549323678017 0.111828647553921 0.14926777780056 0.1640585064888 0.189144179224968 0.221756458282471 0.232446596026421 0.220518171787262 0.354249030351639 0.388491243124008 0.430729806423187 0.416821986436844 0.491900980472565 0.547799706459045 0.561282753944397 0.600898861885071 0.590438544750214 0.670553743839264 0.718027591705322 0.73641037940979 0.773755073547363 0.78596156835556 0.827038526535034 0.810525476932526 0.83778440952301 0.828920245170593 0.85064423084259 0.856553196907043 0.850433230400085 0.851844429969788 0.849435746669769 0.887474060058594 0.804286420345306 0.748322129249573 0.658178567886353 0.592490136623383 0.644280612468719 0.590325713157654 -3.4e+38 -3.4e+38 -3.4e+38 -3.4e+38 -3.4e+38 -3.4e+38 -3.4e+38 -3.4e+38 -3.4e+38 -3.4e+38 -3.4e+38 -3.4e+38 -3.4e+38
0.0605621412396431 0.0894239619374275 0.117210030555725 0.14065957069397 0.152445375919342 0.157689869403839 0.182830706238747 0.195206701755524 0.240873485803604 0.265160024166107 0.303402215242386 0.364252865314484 0.47810959815979 0.506230592727661 0.505201518535614 0.555822193622589 0.548519492149353 0.590547144412994 0.678241491317749 0.704545319080353 0.744365572929382 0.806221604347229 0.800600349903107 0.83157354593277 0.863522350788116 0.88826584815979 0.852074086666107 0.765037953853607 0.754425704479218 0.720205247402191 0.683386385440826 0.73207688331604 0.693821907043457 0.602505922317505 0.605673730373383 0.569220185279846 0.6078981757164 0.543204665184021 -3.4e+38 -3.4e+38 -3.4e+38 -3.4e+38 -3.4e+38 -3.4e+38 -3.4e+38 -3.4e+38 -3.4e+38 -3.4e+38 -3.4e+38 -3.4e+38 -3.4e+38 -3.4e+38
0.0878827944397926 0.105778947472572 0.112008765339851 0.127628400921822 0.133544892072678 0.161371573805809 0.192056357860565 0.326813131570816 0.321990013122559 0.318595767021179 0.344116777181625 0.429722100496292 0.455977916717529 0.411294549703598 0.486349195241928 0.5772585272789 0.631452679634094 0.642373442649841 0.688790500164032 0.742289125919342 0.778004348278046 0.762950778007507 0.753975927829742 0.840822279453278 0.825916051864624 0.817203104496002 0.844665169715881 0.819079220294952 0.726997852325439 0.78718513250351 0.793845176696777 0.797326326370239 0.77570766210556 0.756320655345917 0.674959123134613 0.594933807849884 0.561093628406525 -3.4e+38 -3.4e+38 -3.4e+38 -3.4e+38 -3.4e+38 -3.4e+38 -3.4e+38 -3.4e+38 -3.4e+38 -3.4e+38 -3.4e+38 -3.4e+38 -3.4e+38 -3.4e+38 -3.4e+38
0.098021037876606 0.106048427522182 0.10214464366436 0.12326654791832 0.137739032506943 0.177516549825668 0.246378943324089 0.348933696746826 0.339140653610229 0.311466068029404 0.363416492938995 0.490074634552002 0.439732283353806 0.516654849052429 0.483070433139801 0.599513530731201 0.653977751731873 0.66440087556839 0.700880408287048 0.748686790466309 0.78906112909317 0.708759605884552 0.724696338176727 0.752421736717224 0.809350728988647 0.863940179347992 0.839283883571625 0.825685024261475 0.796981751918793 0.801024794578552 0.780542552471161 0.714452385902405 0.751547515392303 0.609143912792206 0.550425469875336 0.518854260444641 -3.4e+38 -3.4e+38 -3.4e+38 -3.4e+38 -3.4e+38 -3.4e+38 -3.4e+38 -3.4e+38 -3.4e+38 -3.4e+38 -3.4e+38 -3.4e+38 -3.4e+38 -3.4e+38 -3.4e+38 -3.4e+38
0.072148323059082 0.0963690206408501 0.139164835214615 0.137895286083221 0.128853604197502 0.266366183757782 0.282773315906525 0.274415463209152 0.275335431098938 0.269026130437851 0.322164356708527 0.380199879407883 0.524948239326477 0.580855309963226 0.547649621963501 0.606974244117737 0.645556330680847 0.673572599887848 0.745484411716461 0.788539230823517 0.840956687927246 0.780794620513916 0.65678483247757 0.776922941207886 0.895170331001282 0.923440039157867 0.871266782283783 0.912013053894043 0.934417128562927 0.869529128074646 0.801066696643829 0.649036407470703 0.547261357307434 0.569114744663239 0.508291006088257 -3.4e+38 -3.4e+38 -3.4e+38 -3.4e+38 -3.4e+38 -3.4e+38 -3.4e+38 -3.4e+38 -3.4e+38 -3.4e+38 -3.4e+38 -3.4e+38 -3.4e+38 -3.4e+38 -3.4e+38 -3.4e+38 -3.4e+38
0.0883237347006798 0.122390240430832 0.129620492458344 0.128104969859123 0.135913774371147 0.210929080843925 0.210838735103607 0.244152083992958 0.265183091163635 0.281924337148666 0.366751551628113 0.447552561759949 0.505685746669769 0.55404794216156 0.60613614320755 0.58659029006958 0.653872668743134 0.712610006332397 0.781654834747314 0.80062860250473 0.802680611610413 0.6825852394104 0.637396097183228 0.743552386760712 0.885264992713928 0.909535825252533 0.909398138523102 0.935598433017731 0.926762938499451 0.898524224758148 0.824943959712982 0.619714021682739 0.560971856117249 0.537848174571991 -3.4e+38 -3.4e+38 -3.4e+38 -3.4e+38 -3.4e+38 -3.4e+38 -3.4e+38 -3.4e+38 -3.4e+38 -3.4e+38 -3.4e+38 -3.4e+38 -3.4e+38 -3.4e+38 -3.4e+38 -3.4e+38 -3.4e+38 -3.4e+38
0.105935342609882 0.140957713127136 0.163737997412682 0.135519921779633 0.18900254368782 0.226763442158699 0.256491988897324 0.268070936203003 0.336947917938232 0.344711780548096 0.442645817995071 0.463481158018112 0.535044074058533 0.600227892398834 0.61719274520874 0.624314725399017 0.659584999084473 0.684520781040192 0.713222920894623 0.717391610145569 0.613382577896118 0.633105874061584 0.626449644565582 0.858204126358032 0.837650835514069 0.768738389015198 0.886264801025391 0.872790277004242 0.831177055835724 0.808165609836578 0.647198677062988 0.52905410528183 0.496402770280838 -3.4e+38 -3.4e+38 -3.4e+38 -3.4e+38 -3.4e+38 -3.4e+38 -3.4e+38 -3.4e+38 -3.4e+38 -3.4e+38 -3.4e+38 -3.4e+38 -3.4e+38 -3.4e+38 -3.4e+38 -3.4e+38 -3.4e+38 -3.4e+38 -3.4e+38
0.16124726831913 0.213470861315727 0.169547334313393 0.161318644881248 0.221439883112907 0.220258101820946 0.261108726263046 0.293985247612 0.340456336736679 0.378592938184738 0.43115708231926 0.445083051919937 0.461184710264206 0.493090122938156 0.605239510536194 0.617918968200684 0.659053683280945 0.669667720794678 0.633407711982727 0.630970120429993 0.677405476570129 0.62055242061615 0.605176508426666 0.664966404438019 0.723714470863342 0.755531311035156 0.846558034420013 0.719033300876617 0.561248242855072 0.588475406169891 0.522575974464417 -3.4e+38 -3.4e+38 -3.4e+38 -3.4e+38 -3.4e+38 -3.4e+38 -3.4e+38 -3.4e+38 -3.4e+38 -3.4e+38 -3.4e+38 -3.4e+38 -3.4e+38 -3.4e+38 -3.4e+38 -3.4e+38 -3.4e+38 -3.4e+38 -3.4e+38 -3.4e+38 -3.4e+38
0.20047964155674 0.21199443936348 0.162333264946938 0.2200887799263 0.236643493175507 0.218106329441071 0.293508946895599 0.401942759752274 0.412233352661133 0.374019026756287 0.365655571222305 0.386887699365616 0.373663991689682 0.445970892906189 0.464127272367477 0.510470390319824 0.559940218925476 0.641831398010254 0.627999365329742 0.683109879493713 0.700566828250885 0.710979342460632 0.705858767032623 0.659789383411407 0.683735430240631 0.588951885700226 0.54619973897934 0.525219857692719 0.458542823791504 0.433853924274445 -3.4e+38 -3.4e+38 -3.4e+38 -3.4e+38 -3.4e+38 -3.4e+38 -3.4e+38 -3.4e+38 -3.4e+38 -3.4e+38 -3.4e+38 -3.4e+38 -3.4e+38 -3.4e+38 -3.4e+38 -3.4e+38 -3.4e+38 -3.4e+38 -3.4e+38 -3.4e+38 -3.4e+38 -3.4e+38
0.163352504372597 0.186856374144554 0.204256802797318 0.309198558330536 0.292678385972977 0.264141082763672 0.239746496081352 0.286769777536392 0.297652453184128 0.318479984998703 0.355919271707535 0.386507213115692 0.446093410253525 0.444527983665466 0.509569406509399 0.59636777639389 0.616338074207306 0.662641048431396 0.69490647315979 0.685753703117371 0.597831249237061 0.617873907089233 0.659500181674957 0.71172571182251 0.707148849964142 0.603052139282227 0.461589753627777 0.426750719547272 0.448490262031555 -3.4e+38 -3.4e+38 -3.4e+38 -3.4e+38 -3.4e+38 -3.4e+38 -3.4e+38 -3.4e+38 -3.4e+38 -3.4e+38 -3.4e+38 -3.4e+38 -3.4e+38 -3.4e+38 -3.4e+38 -3.4e+38 -3.4e+38 -3.4e+38 -3.4e+38 -3.4e+38 -3.4e+38 -3.4e+38 -3.4e+38
0.229202181100845 0.174474358558655 0.242421522736549 0.318558752536774 0.324417531490326 0.311672985553741 0.294520676136017 0.25436919927597 0.297284513711929 0.343362540006638 0.373549431562424 0.385611951351166 0.466947197914124 0.525334715843201 0.594501554965973 0.708991646766663 0.719297826290131 0.655200779438019 0.601674020290375 0.681357026100159 0.653131484985352 0.698695838451385 0.650102555751801 0.566283822059631 0.662404716014862 0.484245300292969 0.454560041427612 0.421645522117615 -3.4e+38 -3.4e+38 -3.4e+38 -3.4e+38 -3.4e+38 -3.4e+38 -3.4e+38 -3.4e+38 -3.4e+38 -3.4e+38 -3.4e+38 -3.4e+38 -3.4e+38 -3.4e+38 -3.4e+38 -3.4e+38 -3.4e+38 -3.4e+38 -3.4e+38 -3.4e+38 -3.4e+38 -3.4e+38 -3.4e+38 -3.4e+38
0.230812057852745 0.240178644657135 0.254103094339371 0.248612195253372 0.258767902851105 0.257195979356766 0.289065629243851 0.277501374483109 0.318600177764893 0.39350163936615 0.399243324995041 0.460061192512512 0.537640810012817 0.63118988275528 0.660273909568787 0.644881069660187 0.628754556179047 0.624839425086975 0.551828503608704 0.600541532039642 0.697568595409393 0.672446012496948 0.648615539073944 0.555592358112335 0.460238873958588 0.435821563005447 -3.4e+38 -3.4e+38 -3.4e+38 -3.4e+38 -3.4e+38 -3.4e+38 -3.4e+38 -3.4e+38 -3.4e+38 -3.4e+38 -3.4e+38 -3.4e+38 -3.4e+38 -3.4e+38 -3.4e+38 -3.4e+38 -3.4e+38 -3.4e+38 -3.4e+38 -3.4e+38 -3.4e+38 -3.4e+38 -3.4e+38 -3.4e+38 -3.4e+38 -3.4e+38
0.235783874988556 0.302599459886551 0.314782857894897 0.296183258295059 0.30090144276619 0.321068584918976 0.333793789148331 0.292619287967682 0.364943087100983 0.409087330102921 0.623887479305267 0.624560654163361 0.54914802312851 0.501798272132874 0.600670695304871 0.555849492549896 0.550365686416626 0.574313223361969 0.597581505775452 0.415995061397552 0.546278297901154 0.539894580841064 0.425289183855057 0.394369870424271 -3.4e+38 -3.4e+38 -3.4e+38 -3.4e+38 -3.4e+38 -3.4e+38 -3.4e+38 -3.4e+38 -3.4e+38 -3.4e+38 -3.4e+38 -3.4e+38 -3.4e+38 -3.4e+38 -3.4e+38 -3.4e+38 -3.4e+38 -3.4e+38 -3.4e+38 -3.4e+38 -3.4e+38 -3.4e+38 -3.4e+38 -3.4e+38 -3.4e+38 -3.4e+38 -3.4e+38 -3.4e+38
