data/climate_estimation/maxent_output/Trillium_recurvatum.asc
NCOLS 265 
NROWS 156 
XLLCORNER -94.25 
YLLCORNER 31.75 
CELLSIZE 0.0833333333333333 
NODATA_value -3.4e+38 
[rows 120 to 139 of 156, columns 0 to 45 of 265]
0.246063381433487 0.248350843787193 0.24935407936573 0.254630774259567 0.259927242994308 0.272269695997238 0.283384829759598 0.282886952161789 0.291617542505264 0.298463433980942 0.296100527048111 0.290568709373474 0.279892057180405 0.617654740810394 0.611258745193481 0.602567791938782 0.61115300655365 0.617677330970764 0.62787389755249 0.635669708251953 0.651321470737457 0.682189047336578 0.703923046588898 0.717791140079498 0.732816874980927 0.728979229927063 0.734412729740143 0.721326231956482 0.734727144241333 0.732931613922119 0.731181919574738 0.579576373100281 0.592861950397491 0.593723058700562 0.717184960842133 0.606345295906067 0.609342277050018 0.61771023273468 0.616964876651764 0.625274360179901 0.641276359558105 0.643219709396362 0.617378711700439 0.622852206230164 0.617857277393341 0.605694711208344
0.236808553338051 0.238427758216858 0.244518935680389 0.252745002508163 0.263200402259827 0.270787209272385 0.280567735433578 0.288413733243942 0.288527607917786 0.295251697301865 0.289635568857193 0.284076750278473 0.624915480613708 0.615843772888184 0.598194897174835 0.596583664417267 0.605535745620728 0.6055006980896 0.61006486415863 0.61379063129425 0.636014103889465 0.656745195388794 0.672438085079193 0.695499956607819 0.707387447357178 0.706066966056824 0.712937653064728 0.561786890029907 0.566892325878143 0.576685070991516 0.573335409164429 0.575933814048767 0.693222880363464 0.709355533123016 0.723277926445007 0.72752183675766 0.604787111282349 0.615703046321869 0.617398083209991 0.628831446170807 0.636207520961761 0.641214370727539 0.626738846302032 0.606762111186981 0.60059130191803 0.595423340797424
0.236519202589989 0.235608220100403 0.242676287889481 0.250457555055618 0.256394118070602 0.265093058347702 0.274017572402954 0.279534786939621 0.285105437040329 0.623154044151306 0.618165731430054 0.611025154590607 0.5086270570755 0.50043398141861 0.59398365020752 0.57651162147522 0.570881605148315 0.584491729736328 0.588227689266205 0.607043385505676 0.607972383499146 0.630919694900513 0.649555385112762 0.665358126163483 0.686321079730988 0.683967351913452 0.696608483791351 0.550016582012177 0.557599008083344 0.569212675094604 0.562749862670898 0.559112787246704 0.573833882808685 0.60724949836731 0.61341404914856 0.732601583003998 0.733982443809509 0.610154867172241 0.61590588092804 0.616276919841766 0.628097355365753 0.62559849023819 0.622042179107666 0.612259745597839 0.598976969718933 0.582822680473328
0.229269579052925 0.23618657886982 0.238386735320091 0.24107138812542 0.249633714556694 0.25811779499054 0.264614850282669 0.273143917322159 0.582711338996887 0.602571904659271 0.608119964599609 0.494420647621155 0.500958144664764 0.492268055677414 0.486664026975632 0.458084374666214 0.442326962947845 0.568845987319946 0.579809427261353 0.595741271972656 0.601425230503082 0.618732213973999 0.619822442531586 0.627279341220856 0.654526889324188 0.663049340248108 0.66623866558075 0.537049531936646 0.534671425819397 0.554164052009583 0.556425094604492 0.568596363067627 0.579158246517181 0.609187066555023 0.611701130867004 0.61067670583725 0.60674923658371 0.602266132831573 0.611186325550079 0.611295640468597 0.609258055686951 0.602824151515961 0.608337044715881 0.604641973972321 0.575894415378571 0.563876986503601
0.233512341976166 0.236133515834808 0.238582372665405 0.241979494690895 0.246650353074074 0.253535360097885 0.577524065971375 0.590606868267059 0.589630842208862 0.597600519657135 0.485182613134384 0.481587529182434 0.473344504833221 0.46951961517334 0.467714220285416 0.444639593362808 0.431095987558365 0.424111396074295 0.571500837802887 0.56927901506424 0.577930331230164 0.593161761760712 0.608583331108093 0.620348513126373 0.629015266895294 0.648663520812988 0.647305607795715 0.525701522827148 0.533351838588715 0.540795743465424 0.549742519855499 0.556000709533691 0.569017052650452 0.590324699878693 0.599287748336792 0.592708468437195 0.590969145298004 0.59570300579071 0.592593848705292 0.601249396800995 0.59175968170166 0.596367835998535 0.585137128829956 0.582039296627045 0.571413278579712 0.546137034893036
0.237940907478333 0.241612672805786 0.242864385247231 0.246254622936249 0.249901995062828 0.584714591503143 0.581142604351044 0.587373316287994 0.481830835342407 0.47678941488266 0.479101747274399 0.477431744337082 0.469929128885269 0.466112017631531 0.446860820055008 0.439608991146088 0.4298375248909 0.411507427692413 0.42407900094986 0.571707963943481 0.581802606582642 0.594988107681274 0.604961156845093 0.613464295864105 0.619763791561127 0.634959042072296 0.648375928401947 0.510499954223633 0.519762635231018 0.52828460931778 0.541711688041687 0.555433988571167 0.559607625007629 0.574332475662231 0.572795569896698 0.575027883052826 0.579546868801117 0.584383368492126 0.590159296989441 0.582973420619965 0.585709691047668 0.588620185852051 0.554958164691925 0.548829913139343 0.550913989543915 0.548918187618256
0.240559265017509 0.247715011239052 0.246902599930763 0.250305205583572 0.591239035129547 0.582658171653748 0.591091156005859 0.477241307497025 0.479925990104675 0.477567136287689 0.471072733402252 0.460102379322052 0.448455035686493 0.451163738965988 0.44568595290184 0.441327482461929 0.421611845493317 0.414059013128281 0.415506809949875 0.42845419049263 0.568004369735718 0.569434702396393 0.579018533229828 0.587751030921936 0.60930997133255 0.613977670669556 0.632752537727356 0.499499619007111 0.519217908382416 0.521531581878662 0.523914039134979 0.520200788974762 0.536187052726746 0.548850238323212 0.552815556526184 0.562814772129059 0.556378245353699 0.564806222915649 0.566344678401947 0.566602230072021 0.569682359695435 0.567784428596497 0.540544807910919 0.532185971736908 0.523758232593536 0.511281788349152
0.247139781713486 0.250248312950134 0.604214668273926 0.609086275100708 0.596539437770844 0.600896656513214 0.481502324342728 0.462368667125702 0.459968984127045 0.463650435209274 0.459617495536804 0.455198407173157 0.457407057285309 0.446312934160233 0.551906764507294 0.438236474990845 0.424753427505493 0.422834932804108 0.408005952835083 0.418040245771408 0.566439807415009 0.575109601020813 0.583784103393555 0.585104703903198 0.612504184246063 0.61078542470932 0.476511418819427 0.49579182267189 0.501788675785065 0.514954030513763 0.506404280662537 0.511221051216125 0.51140421628952 0.517136514186859 0.531547605991364 0.53986132144928 0.539365708827972 0.542784452438354 0.552845358848572 0.56148886680603 0.551457107067108 0.537761211395264 0.531110048294067 0.520707011222839 0.507823824882507 0.500617682933807
0.246724084019661 0.608129501342773 0.605250120162964 0.593795657157898 0.587377727031708 0.472529530525208 0.47703418135643 0.475422114133835 0.468014866113663 0.462758213281631 0.465594351291656 0.455797135829926 0.450085014104843 0.537228286266327 0.537671267986298 0.539396524429321 0.531938374042511 0.414466679096222 0.419348001480103 0.552692472934723 0.428410470485687 0.573270559310913 0.444232195615768 0.583554446697235 0.581978559494019 0.605089128017426 0.461191773414612 0.475360542535782 0.487151622772217 0.485089272260666 0.490510374307632 0.485776007175446 0.492046147584915 0.494275867938995 0.505844056606293 0.520491302013397 0.535921037197113 0.540978670120239 0.546757161617279 0.557758450508118 0.547858417034149 0.532740890979767 0.5284024477005 0.517006576061249 0.505753099918365 0.499399840831757
0.595524251461029 0.598473906517029 0.592166602611542 0.591889917850494 0.471294641494751 0.472587794065475 0.471583127975464 0.462641298770905 0.463357418775558 0.453797399997711 0.448865294456482 0.443436622619629 0.548395276069641 0.540634632110596 0.542130172252655 0.540577709674835 0.530209362506866 0.41623991727829 0.421848922967911 0.4061099588871 0.432401090860367 0.552490830421448 0.556841433048248 0.560024440288544 0.440262913703918 0.442367404699326 0.455728054046631 0.456912070512772 0.45624041557312 0.460721224546432 0.47152453660965 0.474570721387863 0.465062111616135 0.478208780288696 0.484717309474945 0.49911105632782 0.517084538936615 0.532919526100159 0.546711683273315 0.553613066673279 0.541359841823578 0.526134550571442 0.516477823257446 0.503751397132874 0.503246665000916 0.487977743148804
0.606436848640442 0.582973003387451 0.583382725715637 0.466436743736267 0.463226705789566 0.454638004302979 0.460136860609055 0.462517976760864 0.43668058514595 0.440402090549469 0.542961895465851 0.531521499156952 0.529975414276123 0.516445696353912 0.522846639156342 0.526868402957916 0.533736109733582 0.426002472639084 0.415859013795853 0.4148950278759 0.414966434240341 0.423297345638275 0.422926783561707 0.427568584680557 0.434552311897278 0.434446930885315 0.430245250463486 0.444957703351974 0.440943449735641 0.441389143466949 0.451076716184616 0.444734394550323 0.464632719755173 0.45561671257019 0.479903757572174 0.500220477581024 0.51600593328476 0.530320286750793 0.549573361873627 0.524028658866882 0.527747809886932 0.519649982452393 0.512917578220367 0.490222096443176 0.501166343688965 0.487521260976791
0.591367602348328 0.586205840110779 0.453847378492355 0.446072638034821 0.435870081186295 0.443729072809219 0.435250252485275 0.443077713251114 0.42569237947464 0.421546787023544 0.51621812582016 0.508478283882141 0.51144939661026 0.506700575351715 0.513612508773804 0.513144612312317 0.518033564090729 0.41348522901535 0.412900656461716 0.414300978183746 0.413001477718353 0.412337929010391 0.423330008983612 0.418821603059769 0.411788076162338 0.413987427949905 0.427047073841095 0.42204886674881 0.421945095062256 0.439244538545609 0.438612550497055 0.460893511772156 0.463305234909058 0.459340006113052 0.482386738061905 0.49775505065918 0.508344829082489 0.524903774261475 0.532574772834778 0.521929562091827 0.521517038345337 0.5051628947258 0.491083145141602 0.483849257230759 0.47385847568512 0.463226139545441
0.580638527870178 0.453444272279739 0.449351668357849 0.43023493885994 0.430079966783524 0.420434087514877 0.42761904001236 0.439865350723267 0.428472608327866 0.402148604393005 0.494844943284988 0.484050393104553 0.498624742031097 0.495554983615875 0.502140581607819 0.505208611488342 0.412126213312149 0.420776873826981 0.400852531194687 0.397760361433029 0.39585667848587 0.398569107055664 0.415911823511124 0.413912892341614 0.396905571222305 0.401907622814178 0.413964599370956 0.420124977827072 0.416097283363342 0.418637752532959 0.433404982089996 0.453808277845383 0.45806759595871 0.479961186647415 0.481050550937653 0.500589668750763 0.49628734588623 0.511313915252686 0.506011724472046 0.511715054512024 0.514890074729919 0.503056645393372 0.485146075487137 0.477199643850327 0.471385508775711 0.459758192300797
0.576842546463013 0.453829318284988 0.4423967897892 0.426199525594711 0.410767138004303 0.417757570743561 0.409415692090988 0.415922433137894 0.4014712870121 0.398896068334579 0.381825953722 0.379808157682419 0.376070559024811 0.472858816385269 0.377159059047699 0.383809745311737 0.398280888795853 0.402844101190567 0.409915417432785 0.398310095071793 0.399739563465118 0.396912455558777 0.392354816198349 0.393128454685211 0.398361474275589 0.394279479980469 0.413197726011276 0.407904088497162 0.412963062524796 0.429332464933395 0.425400763750076 0.453139215707779 0.463693857192993 0.484014809131622 0.494750112295151 0.49797922372818 0.49529966711998 0.508236527442932 0.500755906105042 0.503182888031006 0.507490694522858 0.488323420286179 0.484250754117966 0.470025241374969 0.464875549077988 0.448594838380814
0.573410153388977 0.437877386808395 0.432908862829208 0.430809050798416 0.41399011015892 0.412439674139023 0.404578387737274 0.402592062950134 0.39022159576416 0.387533992528915 0.376884281635284 0.37090528011322 0.366318970918655 0.363751083612442 0.375736027956009 0.381262242794037 0.389751017093658 0.398912400007248 0.402201950550079 0.38188374042511 0.385237187147141 0.399150371551514 0.38812729716301 0.381582915782928 0.396056979894638 0.390067458152771 0.411502987146378 0.406748980283737 0.410047769546509 0.41616278886795 0.425820291042328 0.447796285152435 0.462175816297531 0.475348889827728 0.487402826547623 0.491504669189453 0.491871774196625 0.478164523839951 0.497257024049759 0.50232869386673 0.500921964645386 0.480710595846176 0.479263663291931 0.467334121465683 0.460729479789734 0.447253286838531
0.557294845581055 0.442411988973618 0.422900855541229 0.420721083879471 0.407304495573044 0.39776349067688 0.395472437143326 0.385307520627975 0.379812479019165 0.376103937625885 0.370780408382416 0.354171574115753 0.351280480623245 0.352016627788544 0.355374485254288 0.359798431396484 0.36491796374321 0.367645025253296 0.375111997127533 0.38118901848793 0.376324564218521 0.393625855445862 0.382029950618744 0.378811895847321 0.392603635787964 0.381545543670654 0.386237680912018 0.403086304664612 0.426632523536682 0.416532665491104 0.439458876848221 0.443458169698715 0.456422477960587 0.470265030860901 0.476773023605347 0.472750842571259 0.479734092950821 0.473193824291229 0.471187800168991 0.494503855705261 0.477253317832947 0.473551034927368 0.463342189788818 0.452914446592331 0.440980076789856 0.438667237758636
0.556657552719116 0.54382586479187 0.423589646816254 0.407221764326096 0.38981619477272 0.396405309438705 0.378935664892197 0.375037670135498 0.373670399188995 0.362214714288712 0.357005387544632 0.345756679773331 0.326053410768509 0.334600418806076 0.349876374006271 0.357547670602798 0.364776819944382 0.368217796087265 0.36929640173912 0.375008970499039 0.377319127321243 0.372239589691162 0.381282478570938 0.374901473522186 0.374460071325302 0.390422403812408 0.400304138660431 0.403086304664612 0.420532792806625 0.414383202791214 0.429162621498108 0.444924294948578 0.453037172555923 0.453209698200226 0.459073513746262 0.463888585567474 0.451532512903214 0.45473375916481 0.455370873212814 0.470437109470367 0.468692928552628 0.459878027439117 0.453465670347214 0.44788321852684 0.439663916826248 0.427249550819397
0.570498168468475 0.553790926933289 0.531772196292877 0.395894587039948 0.396158546209335 0.379590839147568 0.372897177934647 0.358691275119781 0.356701135635376 0.347977697849274 0.33755162358284 0.32517072558403 0.321196347475052 0.33105680346489 0.341134071350098 0.346939206123352 0.365146160125732 0.374792158603668 0.378799080848694 0.376293152570724 0.364164441823959 0.36941185593605 0.378185272216797 0.37571132183075 0.385197639465332 0.382538110017776 0.401457935571671 0.40109658241272 0.414486050605774 0.412890672683716 0.428613692522049 0.43260058760643 0.438649147748947 0.437640845775604 0.44788447022438 0.445149630308151 0.442590445280075 0.440761476755142 0.446347057819366 0.457548230886459 0.47087499499321 0.451523751020432 0.444653123617172 0.436054408550262 0.41983038187027 0.413317054510117
0.556732892990112 0.539845526218414 0.527862250804901 0.500448226928711 0.395155936479568 0.370409935712814 0.372797757387161 0.353573322296143 0.354900270700455 0.343697071075439 0.341167032718658 0.33849635720253 0.331175208091736 0.333577543497086 0.338282704353333 0.341421574354172 0.35966631770134 0.384076088666916 0.36569356918335 0.371777772903442 0.356759607791901 0.361268550157547 0.372413843870163 0.385034203529358 0.379626423120499 0.392098158597946 0.391360610723495 0.411325365304947 0.408391088247299 0.418287038803101 0.431341171264648 0.426965594291687 0.426343590021133 0.428888589143753 0.445656090974808 0.439402908086777 0.445543885231018 0.447705507278442 0.445971637964249 0.451938360929489 0.459598779678345 0.430082440376282 0.418048024177551 0.418592870235443 0.404763907194138 0.399203985929489
0.546602249145508 0.534264326095581 0.50643002986908 0.487565845251083 0.472639054059982 0.370073944330215 0.345383942127228 0.34534165263176 0.345959454774857 0.345198929309845 0.328535377979279 0.33965927362442 0.334617465734482 0.337425768375397 0.340544402599335 0.346940994262695 0.354540795087814 0.362190037965775 0.363560736179352 0.360565721988678 0.36569356918335 0.358137786388397 0.373066365718842 0.37746587395668 0.390481531620026 0.391409873962402 0.402945101261139 0.40567672252655 0.418554842472076 0.416317939758301 0.424094170331955 0.429538667201996 0.436369627714157 0.433912575244904 0.429280668497086 0.435288459062576 0.436491668224335 0.445821791887283 0.446283489465714 0.431625515222549 0.440911442041397 0.424179375171661 0.407960921525955 0.39911761879921 0.392195165157318 0.382503747940063
