data/climate_estimation/maxent_output/Trillium_catesbaei.asc
NCOLS 107 
NROWS 66 
XLLCORNER -87.25 
YLLCORNER 31 
CELLSIZE 0.0833333333333334 
NODATA_value -3.4e+38 
[rows 20 to 39 of 66, columns 0 to 45 of 107]
0.474271327257156 0.505060434341431 0.509400606155396 0.504492044448853 0.513691365718842 0.508389115333557 0.523850440979004 0.538652896881104 0.55909138917923 0.548180162906647 0.58711850643158 0.586578965187073 0.5913245677948 0.612366795539856 0.608707249164581 0.589952349662781 0.577087938785553 0.605538904666901 0.609890997409821 0.631822407245636 0.622363209724426 0.605512022972107 0.615645468235016 0.614717185497284 0.631556689739227 0.642883658409119 0.64572936296463 0.66667115688324 0.721637964248657 0.739430069923401 0.75274932384491 0.731675744056702 0.744256675243378 0.739123523235321 0.740268468856812 0.741323471069336 0.746684432029724 0.716951489448547 0.701819539070129 0.724912524223328 0.667517602443695 0.705273509025574 0.710872530937195 0.746151745319366 0.754611015319824 0.784962892532349
0.474760979413986 0.478979289531708 0.469161987304688 0.477567404508591 0.475000321865082 0.491129338741302 0.490261316299438 0.484446108341217 0.566779315471649 0.556359529495239 0.578329980373383 0.591499805450439 0.609750032424927 0.569006562232971 0.55388355255127 0.540871262550354 0.619934737682343 0.636066675186157 0.611270308494568 0.612132370471954 0.636687755584717 0.641048550605774 0.656701803207397 0.621681869029999 0.652246415615082 0.649914026260376 0.659293472766876 0.678734064102173 0.693890869617462 0.746542870998383 0.755887627601624 0.743526875972748 0.767237305641174 0.778047561645508 0.706271350383759 0.733316719532013 0.722430765628815 0.711450099945068 0.701819539070129 0.715372264385223 0.703250765800476 0.719783842563629 0.719042122364044 0.720456838607788 0.735713422298431 0.739127337932587
0.485435903072357 0.481126844882965 0.46298885345459 0.470974832773209 0.463770776987076 0.467153787612915 0.433063447475433 0.472536861896515 0.540975034236908 0.502138435840607 0.584776163101196 0.509760916233063 0.564269363880157 0.543967843055725 0.533483445644379 0.62832236289978 0.608615577220917 0.635976135730743 0.623817801475525 0.654330790042877 0.63808012008667 0.644209206104279 0.644675016403198 0.621821820735931 0.639513492584229 0.669845104217529 0.672720730304718 0.665687024593353 0.675850391387939 0.719330489635468 0.753148853778839 0.748629927635193 0.747731983661652 0.741520762443542 0.757640540599823 0.728224098682404 0.697701096534729 0.71179211139679 0.726818203926086 0.73905473947525 0.688844978809357 0.690286040306091 0.724512577056885 0.742159903049469 0.742159903049469 0.773482501506805
0.494044691324234 0.505358278751373 0.4962238073349 0.476584732532501 0.475666463375092 0.478235304355621 0.480874001979828 0.509764194488525 0.518411040306091 0.486411392688751 0.472157925367355 0.552903592586517 0.586078286170959 0.521556317806244 0.591395974159241 0.622696757316589 0.617974460124969 0.61928927898407 0.664986550807953 0.653710782527924 0.62790846824646 0.647744119167328 0.644645154476166 0.637677669525146 0.651872932910919 0.651199996471405 0.657733023166656 0.653523087501526 0.694231688976288 0.703735828399658 0.76524293422699 0.759234726428986 0.765048921108246 0.742948949337006 0.709124743938446 0.729628264904022 0.717632710933685 0.732590079307556 0.752674043178558 0.752674043178558 0.682156980037689 0.697293758392334 0.713890492916107 0.74751615524292 0.738167524337769 0.752841591835022
0.467876493930817 0.489941895008087 0.494723469018936 0.515137374401093 0.534085392951965 0.515072405338287 0.50516414642334 0.594566643238068 0.592160046100616 0.546113610267639 0.520779490470886 0.54397189617157 0.50970047712326 0.583653807640076 0.632316708564758 0.630491077899933 0.630248665809631 0.645969569683075 0.643807470798492 0.651332914829254 0.677313387393951 0.631296634674072 0.613566994667053 0.630589544773102 0.625478804111481 0.618140876293182 0.627861201763153 0.671386897563934 0.679926097393036 0.688592433929443 0.724818050861359 0.732478499412537 0.755638599395752 0.754990100860596 0.750102162361145 0.724519371986389 0.717973232269287 0.722036838531494 0.73152631521225 0.773640155792236 0.765930593013763 0.791253209114075 0.72889244556427 0.762039005756378 0.777625560760498 0.808782339096069
0.523968458175659 0.530230522155762 0.509634017944336 0.508310675621033 0.58387291431427 0.642846941947937 0.57744699716568 0.559231221675873 0.593052804470062 0.612698495388031 0.523936033248901 0.466446220874786 0.559028506278992 0.589380919933319 0.583657801151276 0.629973530769348 0.629116058349609 0.638040482997894 0.635959208011627 0.660075902938843 0.62687885761261 0.623989105224609 0.623924970626831 0.647797226905823 0.609666228294373 0.606454908847809 0.64913022518158 0.657923758029938 0.694692075252533 0.695995151996613 0.695554256439209 0.741029798984528 0.729812860488892 0.737819075584412 0.746474623680115 0.735721230506897 0.672735214233398 0.676899909973145 0.681058526039124 0.682504415512085 0.780112087726593 0.781432330608368 0.810992240905762 0.816549122333527 0.81876140832901 0.784207224845886
0.566504597663879 0.623801171779633 0.641422033309937 0.644240200519562 0.63863480091095 0.658159673213959 0.626002788543701 0.61900407075882 0.615996301174164 0.562017142772675 0.476600140333176 0.571836113929749 0.578846633434296 0.590016961097717 0.586587846279144 0.596930742263794 0.588749587535858 0.646182119846344 0.613214373588562 0.579150795936584 0.57867294549942 0.63537073135376 0.658117771148682 0.648873627185822 0.606490254402161 0.642353355884552 0.66985422372818 0.671417891979218 0.675064623355865 0.701106607913971 0.701780915260315 0.736006438732147 0.745927453041077 0.748526096343994 0.695111513137817 0.689537763595581 0.68394947052002 0.68394947052002 0.678348124027252 0.722369372844696 0.785733759403229 0.783540308475494 0.819091856479645 0.821812331676483 0.816184401512146 0.802679479122162
0.558926403522491 0.585802614688873 0.612539410591125 0.661371350288391 0.665646731853485 0.61370050907135 0.605222105979919 0.601767241954803 0.558132171630859 0.532343029975891 0.55469423532486 0.573212683200836 0.580648124217987 0.582165241241455 0.584917604923248 0.537116348743439 0.598693370819092 0.590954959392548 0.516501486301422 0.524261593818665 0.533512771129608 0.557804584503174 0.563882648944855 0.628221213817596 0.661119222640991 0.661119222640991 0.664787828922272 0.655319273471832 0.658364176750183 0.704794049263 0.702051401138306 0.696564495563507 0.710884928703308 0.662970364093781 0.690978348255157 0.685393691062927 0.685393691062927 0.685393691062927 0.696548104286194 0.733255922794342 0.729229927062988 0.790347933769226 0.786847352981567 0.816184401512146 0.804668307304382 0.789748430252075
0.562376081943512 0.581384718418121 0.587376236915588 0.575876772403717 0.581886529922485 0.588751256465912 0.561805069446564 0.564293503761292 0.561841368675232 0.546610891819 0.536720633506775 0.562152564525604 0.585821688175201 0.580183744430542 0.513895392417908 0.545184552669525 0.53294575214386 0.472367018461227 0.480343848466873 0.50730836391449 0.538280487060547 0.570984363555908 0.603569984436035 0.666279554367065 0.692029297351837 0.685436546802521 0.670167028903961 0.644280314445496 0.651334166526794 0.677835404872894 0.684773921966553 0.696838915348053 0.673793196678162 0.705857694149017 0.700921952724457 0.692417919635773 0.690978348255157 0.696548104286194 0.702101349830627 0.729229927062988 0.749381065368652 0.76096910238266 0.792888343334198 0.792152762413025 0.772345125675201 0.754498958587646
0.557089745998383 0.559726357460022 0.562945783138275 0.552095413208008 0.570611476898193 0.511060118675232 0.495974093675613 0.557395160198212 0.538698434829712 0.56196141242981 0.57177346944809 0.567796289920807 0.566182315349579 0.458727717399597 0.44969630241394 0.461875945329666 0.409137576818466 0.461229562759399 0.506881952285767 0.56789493560791 0.601090908050537 0.65972375869751 0.695774674415588 0.675112545490265 0.690352618694305 0.675693690776825 0.675773680210114 0.684362411499023 0.715542376041412 0.701651096343994 0.693357467651367 0.66545832157135 0.666911721229553 0.698249042034149 0.702101349830627 0.69798356294632 0.702101349830627 0.707636654376984 0.707636654376984 0.740050554275513 0.754695296287537 0.762400269508362 0.757364928722382 0.75581419467926 0.78659051656723 0.783789932727814
0.518556833267212 0.496734887361526 0.529860019683838 0.564806997776031 0.473319888114929 0.464845299720764 0.581630349159241 0.477114528417587 0.509368300437927 0.566244900226593 0.60431045293808 0.601784408092499 0.50406676530838 0.412033885717392 0.414185255765915 0.435973912477493 0.481550306081772 0.513344943523407 0.534463107585907 0.578606069087982 0.606643795967102 0.664140641689301 0.698947668075562 0.677052021026611 0.690352618694305 0.696945607662201 0.694602847099304 0.72791999578476 0.721485555171967 0.722956359386444 0.711024045944214 0.671775996685028 0.69971889257431 0.675640821456909 0.711395084857941 0.70906275510788 0.70906275510788 0.718647122383118 0.720062255859375 0.75075626373291 0.75945919752121 0.763754189014435 0.758727371692657 0.754446983337402 0.752890944480896 0.744348287582397
0.49255958199501 0.486010819673538 0.470137745141983 0.459572285413742 0.498646438121796 0.481239587068558 0.457655429840088 0.494698375463486 0.538649141788483 0.597287654876709 0.61261910200119 0.46771228313446 0.424693495035172 0.407632559537888 0.418175399303436 0.448994964361191 0.461315006017685 0.552216589450836 0.602878928184509 0.658224403858185 0.662193298339844 0.669336259365082 0.703832030296326 0.703447103500366 0.699332475662231 0.72791999578476 0.728298187255859 0.723875463008881 0.718833923339844 0.718833923339844 0.691911101341248 0.687193214893341 0.679381012916565 0.690390765666962 0.721358001232147 0.720062255859375 0.714573204517365 0.724119246006012 0.756062150001526 0.725528299808502 0.763754189014435 0.762985348701477 0.760087549686432 0.752890944480896 0.749957740306854 0.743157923221588
0.461241632699966 0.428082853555679 0.470035016536713 0.489876866340637 0.47136527299881 0.443237811326981 0.452752500772476 0.549490451812744 0.584230542182922 0.571032106876373 0.498077303171158 0.446252405643463 0.450024783611298 0.452829509973526 0.414889186620712 0.419055700302124 0.442806005477905 0.531985878944397 0.632982730865479 0.662951111793518 0.67067015171051 0.702517569065094 0.702517569065094 0.698014676570892 0.699332475662231 0.728298187255859 0.723875463008881 0.723495900630951 0.718833923339844 0.708451449871063 0.694052457809448 0.663497865200043 0.648934185504913 0.694563627243042 0.730949997901917 0.725528299808502 0.725528299808502 0.730436325073242 0.73339307308197 0.733470261096954 0.733470261096954 0.729681849479675 0.757179200649261 0.754260659217834 0.713473796844482 0.737606406211853
0.467468589544296 0.412530452013016 0.448184132575989 0.441298753023148 0.453364789485931 0.453218638896942 0.455875039100647 0.578001320362091 0.62001097202301 0.543098032474518 0.517157793045044 0.456198900938034 0.426693171262741 0.406786352396011 0.425005316734314 0.455595552921295 0.516328930854797 0.617138504981995 0.65431547164917 0.666244924068451 0.670949518680573 0.666385889053345 0.691425323486328 0.698946535587311 0.695208370685577 0.724254906177521 0.72754168510437 0.722901463508606 0.714760601520538 0.680923521518707 0.692783355712891 0.643371880054474 0.628696382045746 0.691300332546234 0.724095642566681 0.732592821121216 0.733749866485596 0.73339307308197 0.734867870807648 0.73386138677597 0.729681849479675 0.728086411952972 0.723671317100525 0.719124317169189 0.706720948219299 0.698509275913239
0.440414279699326 0.442260682582855 0.434350162744522 0.45322048664093 0.47545251250267 0.473370850086212 0.517708241939545 0.560964167118073 0.507408142089844 0.505209386348724 0.520330786705017 0.427726626396179 0.400639772415161 0.41389399766922 0.474018573760986 0.465114891529083 0.562432110309601 0.553495347499847 0.548053205013275 0.642169296741486 0.642391383647919 0.644679486751556 0.702517569065094 0.699332475662231 0.698946535587311 0.694434762001038 0.685931086540222 0.718840599060059 0.700781941413879 0.624478280544281 0.609813868999481 0.631657302379608 0.681161046028137 0.668687164783478 0.682606935501099 0.69417804479599 0.732755482196808 0.735388517379761 0.735388517379761 0.730204939842224 0.693039059638977 0.722786545753479 0.724031150341034 0.714003622531891 0.693929374217987 0.640397310256958
0.435108155012131 0.455896019935608 0.491614192724228 0.493977218866348 0.502823531627655 0.484662860631943 0.521491944789886 0.506719529628754 0.496049493551254 0.486789375543594 0.47174009680748 0.413885593414307 0.413885593414307 0.426493406295776 0.415687531232834 0.447443336248398 0.498465090990067 0.625340402126312 0.644457399845123 0.58943510055542 0.658100187778473 0.670279443264008 0.658100187778473 0.691425323486328 0.691345810890198 0.678050756454468 0.694434762001038 0.675361931324005 0.645232141017914 0.598131477832794 0.624397695064545 0.657948732376099 0.681161046028137 0.670139253139496 0.684051930904388 0.695615291595459 0.694798946380615 0.694798946380615 0.687206566333771 0.687206566333771 0.684122860431671 0.679588377475739 0.675147771835327 0.653109610080719 0.634724617004395 0.614874482154846
0.445392996072769 0.443864315748215 0.490286469459534 0.474829822778702 0.508009016513824 0.538542568683624 0.501907765865326 0.508857905864716 0.496754914522171 0.441184490919113 0.385635375976562 0.397697895765305 0.441502571105957 0.458713740110397 0.458713740110397 0.491394937038422 0.595403671264648 0.657746374607086 0.611039459705353 0.59420782327652 0.666385889053345 0.658100187778473 0.627715528011322 0.658100187778473 0.658019840717316 0.689745247364044 0.647808372974396 0.628268480300903 0.595852375030518 0.598131477832794 0.612689733505249 0.682606935501099 0.682606935501099 0.684051930904388 0.685496091842651 0.695615291595459 0.697051525115967 0.684675812721252 0.677049875259399 0.656886637210846 0.65241926908493 0.65241926908493 0.644730389118195 0.623622119426727 0.600683987140656 0.550968706607819
0.503475427627563 0.486125856637955 0.476643949747086 0.475458204746246 0.52961277961731 0.440866559743881 0.490722626447678 0.508857905864716 0.428319722414017 0.424352318048477 0.381922423839569 0.408213376998901 0.441502571105957 0.458713740110397 0.533830523490906 0.629782438278198 0.656962513923645 0.623409271240234 0.611039459705353 0.596485912799835 0.579637885093689 0.575107932090759 0.644679486751556 0.664770603179932 0.644679486751556 0.607390761375427 0.556693315505981 0.574170410633087 0.607529282569885 0.612770199775696 0.583544135093689 0.638095319271088 0.637266099452972 0.639554977416992 0.641014456748962 0.652108609676361 0.686939299106598 0.672217428684235 0.619928240776062 0.612238705158234 0.592148423194885 0.587599217891693 0.58181232213974 0.552001297473907 0.552001297473907 0.518006980419159
0.486125856637955 0.485919237136841 0.480870485305786 0.46621298789978 0.438254624605179 0.455396234989166 0.479835957288742 0.417485892772675 0.401209503412247 0.373817086219788 0.385635375976562 0.385635375976562 0.445561826229095 0.538264811038971 0.644376873970032 0.65276974439621 0.619216918945312 0.605789303779602 0.596405684947968 0.560643255710602 0.575107932090759 0.575107932090759 0.644679486751556 0.658100187778473 0.582397639751434 0.501403212547302 0.532031536102295 0.520758807659149 0.525152981281281 0.564872801303864 0.568856239318848 0.639554977416992 0.638725757598877 0.640185356140137 0.640185356140137 0.641014456748962 0.62908273935318 0.611951231956482 0.608838081359863 0.601161777973175 0.576594591140747 0.566317498683929 0.563248336315155 0.5411776304245 0.515028476715088 0.493288397789001
0.490185022354126 0.471572250127792 0.419452458620071 0.431034982204437 0.442615538835526 0.432308971881866 0.425365775823593 0.421414732933044 0.367491662502289 0.363898098468781 0.436635881662369 0.432623356580734 0.464327424764633 0.529744863510132 0.61511105298996 0.581905722618103 0.581825852394104 0.581825852394104 0.567399680614471 0.546064078807831 0.541608154773712 0.55593353509903 0.550607025623322 0.512195527553558 0.510968089103699 0.47776660323143 0.467022836208344 0.471206426620483 0.497090280056 0.527369558811188 0.600893318653107 0.576044082641602 0.619288563728333 0.619928240776062 0.627622961997986 0.642473816871643 0.62908273935318 0.563077867031097 0.547716796398163 0.540225267410278 0.513806462287903 0.503923177719116 0.499603301286697 0.529017925262451 0.500138998031616 0.462099194526672
