data/climate_estimation/maxent_output/Trillium_camschatcense.asc
NCOLS 416 
NROWS 234 
XLLCORNER 126.25 
YLLCORNER 37.1666666666667 
CELLSIZE 0.0833333333333333 
NODATA_value -3.4e+38 
[rows 138 to 160 of 234, columns 52 to 103 of 416]
0.00820788368582726 0.00732503458857536 0.0132233873009682 0.0126754436641932 0.0129214506596327 0.00982180517166853 0.00679074600338936 0.00484922947362065 0.0114022521302104 0.0118194352835417 0.00889931339770555 0.00844627898186445 0.0108780832961202 0.0121081694960594 0.00748705957084894 0.00817728135734797 0.00753627764061093 0.00680463202297688 0.0070855007506907 0.00735125504434109 0.00757875479757786 0.00833722483366728 0.00851084291934967 0.0103467041626573 0.0111705269664526 0.0109937647357583 0.0115730874240398 0.0117144761607051 0.0146310888230801 0.0148676428943872 0.014799409545958 0.0160937868058681 0.0172251500189304 0.0184517689049244 0.0215916689485312 0.0218707583844662 0.0221417397260666 0.0344846248626709 0.0929562896490097 0.0567412935197353 0.0387988835573196 0.043115857988596 0.0660155266523361 0.11244285851717 0.116500191390514 0.0808439329266548 0.119993060827255 0.199909463524818 0.162300989031792 0.186299175024033 0.203234136104584 0.216023445129395
0.00779206585139036 0.00820470135658979 0.0146693531423807 0.0157528407871723 0.0117906415835023 0.00855378713458776 0.00716715538874269 0.0105872415006161 0.00900058168917894 0.00918075442314148 0.00958916079252958 0.00907140132039785 0.00920591689646244 0.0120816947892308 0.00969141256064177 0.0160782989114523 0.00899759400635958 0.00686144456267357 0.00769444648176432 0.00788095686584711 0.00817482639104128 0.0102666616439819 0.0109879449009895 0.0112637905403972 0.0115989465266466 0.0116615574806929 0.0143972681835294 0.0144936461001635 0.0158923361450434 0.0161933433264494 0.0161763112992048 0.017086248844862 0.0199727024883032 0.0197511855512857 0.0215088687837124 0.0230727940797806 0.030907129868865 0.0540991462767124 0.0553379692137241 0.0468654967844486 0.0379623658955097 0.0503341667354107 0.111200243234634 0.131858885288239 0.125882774591446 0.124273389577866 0.112881258130074 0.150618746876717 0.171682074666023 0.186362743377686 0.222351714968681 0.240025594830513
0.00874961260706186 0.0131724122911692 0.0155262630432844 0.0189915467053652 0.0146125825121999 0.0171376448124647 0.0165250655263662 0.0131924785673618 0.0139200584962964 0.0143879167735577 0.0102817574515939 0.00691337045282125 0.00774556118994951 0.00784488301724195 0.00840808730572462 0.011241901665926 0.00794357992708683 0.00742464372888207 0.00773187167942524 0.00971082132309675 0.010800058953464 0.011039256118238 0.011379674077034 0.0121539831161499 0.0141937891021371 0.0142471333965659 0.015512753278017 0.0157153010368347 0.0173046812415123 0.0180520638823509 0.019266102463007 0.0196193400770426 0.0214140750467777 0.0232621096074581 0.0254564769566059 0.0252289492636919 0.0324136279523373 0.0384936071932316 0.0409368015825748 0.0344682596623898 0.04075837880373 0.0743127763271332 0.103025771677494 0.0907483920454979 0.093011163175106 0.104161366820335 0.128308311104774 0.191319018602371 0.188875690102577 0.216689273715019 0.211190968751907 0.269504427909851
0.0101232714951038 0.0154299791902304 0.0176594015210867 0.0201357863843441 0.0280336271971464 0.0251269955188036 0.0188080910593271 0.0151915643364191 0.0162065532058477 0.01535180862993 0.0177418049424887 0.0128714712336659 0.00977176614105701 0.0150205735117197 0.0135973114520311 0.00935275200754404 0.00877613015472889 0.00798276718705893 0.0101491091772914 0.0104350736364722 0.0117347538471222 0.0119746867567301 0.0119004948064685 0.0148598402738571 0.0152350589632988 0.0155980950221419 0.0174464844167233 0.0173744130879641 0.0189130231738091 0.020663782954216 0.0206424351781607 0.0244958493858576 0.0272640641778708 0.0310585536062717 0.0604289956390858 0.0401158258318901 0.0319718196988106 0.035793624818325 0.0388734266161919 0.0506497509777546 0.070673793554306 0.0773065611720085 0.0731867775321007 0.0815717279911041 0.0844490602612495 0.102854162454605 0.15321658551693 0.153746142983437 0.187228798866272 0.22950379550457 0.193568661808968 0.225002154707909
0.0164634231477976 0.0174453239887953 0.0245933700352907 0.0300708916038275 0.0473101288080215 0.0424658991396427 0.0296808741986752 0.0149484472349286 0.0109707619994879 0.0152131067588925 0.014254373498261 0.013427970930934 0.0154136940836906 0.0132968639954925 0.0134143577888608 0.0126676810905337 0.00923072267323732 0.0105084329843521 0.0110640982165933 0.0109062204137444 0.0116345789283514 0.0124820359051228 0.0144904246553779 0.0155655397102237 0.0163233429193497 0.0185099858790636 0.0181793943047523 0.020145857706666 0.0205846522003412 0.0242955405265093 0.0256090518087149 0.0334336757659912 0.0368007197976112 0.0471577942371368 0.0691875964403152 0.0554873421788216 0.0343277864158154 0.0374263226985931 0.0767769441008568 0.0941197276115417 0.0862573087215424 0.103299930691719 0.108279854059219 0.0738416686654091 0.0844269767403603 0.139013081789017 0.163455486297607 0.128751456737518 0.198754325509071 0.209218144416809 0.223922073841095 0.289944410324097
0.0182653591036797 0.0264284200966358 0.0342059209942818 0.0521591566503048 0.0459938570857048 0.0398425832390785 0.0252055302262306 0.0203639697283506 0.0166808664798737 0.0152312899008393 0.0184989832341671 0.0159764718264341 0.0134999975562096 0.0103980610147119 0.0161146074533463 0.0134969521313906 0.0113280694931746 0.0114010525867343 0.0114906942471862 0.0118918223306537 0.012225748039782 0.0153633197769523 0.0152278793975711 0.0165538415312767 0.0181666407734156 0.0193803757429123 0.0215060729533434 0.0228096470236778 0.0275462344288826 0.0325825847685337 0.0325317233800888 0.0393022559583187 0.0417646653950214 0.0418766885995865 0.0425697788596153 0.0387156754732132 0.0399382449686527 0.0403249971568584 0.104094915091991 0.097976878285408 0.0670980364084244 0.103655897080898 0.0840458199381828 0.0864701196551323 0.121650986373425 0.125573769211769 0.158288195729256 0.177414089441299 0.15991598367691 0.167969450354576 0.261570304632187 0.29822164773941
0.0188896469771862 0.0286625642329454 0.0366535894572735 0.0474966540932655 0.0254096053540707 0.0281146410852671 0.0241227149963379 0.0234682224690914 0.0217795465141535 0.0184302292764187 0.0159636568278074 0.0127459457144141 0.0107452478259802 0.0108785657212138 0.0126159274950624 0.0113716721534729 0.0119610754773021 0.0118499184027314 0.012346881441772 0.0127792898565531 0.0149484192952514 0.0158971585333347 0.0156468991190195 0.0189021583646536 0.0189850237220526 0.0212965905666351 0.0242308266460896 0.0260487124323845 0.0283946078270674 0.0344928838312626 0.0381988920271397 0.0480878725647926 0.0563198029994965 0.0515217669308186 0.0443116649985313 0.0446045733988285 0.0530398525297642 0.0579422861337662 0.0746899098157883 0.0763808041810989 0.0893257781863213 0.0796928703784943 0.0745857656002045 0.141600757837296 0.183090850710869 0.175120025873184 0.249716505408287 0.218189641833305 0.21733483672142 0.266674846410751 0.270102053880692 0.276766866445541
0.0261195376515388 0.029443958774209 0.028004476800561 0.025298960506916 0.0235241781920195 0.0245489329099655 0.0250456072390079 0.0252150408923626 0.0276488997042179 0.0199805162847042 0.0154159143567085 0.011891070753336 0.0119917001575232 0.0112814474850893 0.0118462350219488 0.0118621895089746 0.0124063296243548 0.0128784533590078 0.0133111961185932 0.0150098111480474 0.0166548434644938 0.01657141931355 0.0182507839053869 0.0198107939213514 0.0224258229136467 0.0257300976663828 0.0279134195297956 0.0305772088468075 0.0340922772884369 0.039924468845129 0.0555000454187393 0.063761331140995 0.0744234621524811 0.0604490749537945 0.0543327257037163 0.0469294264912605 0.0605058819055557 0.0912913605570793 0.141179263591766 0.107751362025738 0.103431865572929 0.085329644382 0.10609096288681 0.191475093364716 0.295432835817337 0.244945749640465 0.198797792196274 0.246115505695343 0.30068427324295 0.394502729177475 0.471640586853027 0.292919129133224
0.0308952238410711 0.0252714678645134 0.0202699638903141 0.0211984440684319 0.0278045441955328 0.0363590195775032 0.032745748758316 0.0241032876074314 0.0169796645641327 0.0150309661403298 0.0156046291813254 0.0151198385283351 0.0158475581556559 0.0144460815936327 0.012268309481442 0.0141681227833033 0.0145140131935477 0.0150352111086249 0.0150452340021729 0.0177166778594255 0.0172119047492743 0.01814373023808 0.0206558965146542 0.0211177282035351 0.0251179169863462 0.0318690538406372 0.0323071517050266 0.0346263945102692 0.0476165823638439 0.0918460488319397 0.153573989868164 0.14800700545311 0.215214252471924 0.0942549481987953 0.0536087602376938 0.0499623715877533 0.0704999193549156 0.0963901281356812 0.121232181787491 0.153064653277397 0.118436589837074 0.0921059772372246 0.138261169195175 0.181132704019547 0.22225958108902 0.242996737360954 0.270167022943497 0.237390786409378 0.322065263986588 0.516060292720795 0.41654160618782 0.354725122451782
0.034124068915844 0.0339595302939415 0.024098813533783 0.02951804921031 0.0345678329467773 0.0290391631424427 0.0324309393763542 0.0256966985762119 0.019047187641263 0.0130820805206895 0.0144265685230494 0.0152347264811397 0.0160005055367947 0.015061535872519 0.0175836123526096 0.016569871455431 0.0187726262956858 0.0189863014966249 0.0202080123126507 0.0181478839367628 0.0189661402255297 0.0210462920367718 0.0219887122511864 0.0236932244151831 0.0265916604548693 0.0311480313539505 0.0401214845478535 0.0605131350457668 0.140579774975777 0.122733235359192 0.0718738883733749 0.114622391760349 0.105870082974434 0.0719653591513634 0.056936789304018 0.0615982338786125 0.0844457894563675 0.146662101149559 0.21553173661232 0.138094305992126 0.104331582784653 0.13553623855114 0.170295730233192 0.143230631947517 0.146397724747658 0.197034016251564 0.215605512261391 0.225055351853371 0.263899832963943 0.336631029844284 0.319076359272003 0.355722308158875
0.0302601680159569 0.0330787152051926 0.0241450406610966 0.0344745106995106 0.0402184017002583 0.0412028953433037 0.0551955811679363 0.0533662438392639 0.0293340105563402 0.0202528275549412 0.0205104220658541 0.021616579964757 0.018795307725668 0.021157793700695 0.0200803130865097 0.017452459782362 0.0196936335414648 0.0200917683541775 0.0211879871785641 0.0210883840918541 0.0216789599508047 0.0217214934527874 0.0277484748512506 0.0339218899607658 0.0422960855066776 0.0476285591721535 0.081610232591629 0.0746151506900787 0.0744548738002777 0.0680848360061646 0.0593983009457588 0.0577336214482784 0.0551668852567673 0.0589470118284225 0.0692660287022591 0.0954829752445221 0.143990948796272 0.176431193947792 0.166306987404823 0.11049048602581 0.146038934588432 0.239380300045013 0.305902391672134 0.362147808074951 0.278124749660492 0.238350853323936 0.260251998901367 0.455978780984879 0.467236906290054 0.331931501626968 0.305971890687943 0.318988025188446
0.035452276468277 0.0284262262284756 0.0375871658325195 0.0489325225353241 0.0448362603783607 0.0673387870192528 0.0610817819833755 0.0588355399668217 0.0325657576322556 0.0378069393336773 0.0313697382807732 0.0219022259116173 0.0252606719732285 0.02019371278584 0.020817955955863 0.0178827159106731 0.0204792190343142 0.0229311920702457 0.0243173614144325 0.0245075728744268 0.0247179213911295 0.0250254180282354 0.0293632242828608 0.0419820696115494 0.0737517550587654 0.0578393675386906 0.0770552828907967 0.0612529255449772 0.0621053501963615 0.0629247277975082 0.0619813501834869 0.0575136132538319 0.0653229653835297 0.0779990777373314 0.0909934118390083 0.126271933317184 0.153488919138908 0.134456440806389 0.136125460267067 0.140855491161346 0.225300759077072 0.313384085893631 0.46161025762558 0.42059326171875 0.346225291490555 0.265134751796722 0.304316490888596 0.37373223900795 0.40695533156395 0.394701451063156 0.351334422826767 0.385317355394363
0.0390963181853294 0.0394170545041561 0.0380974598228931 0.0411652438342571 0.0378726162016392 0.0429838970303535 0.0538463965058327 0.0613295175135136 0.0236268360167742 0.0319094024598598 0.0267691910266876 0.019952554255724 0.0176163017749786 0.0171158760786057 0.0201814752072096 0.0209517013281584 0.0195312164723873 0.0220081489533186 0.0258921217173338 0.0290301311761141 0.0281471963971853 0.0305853802710772 0.0402230061590672 0.0440274253487587 0.0480221174657345 0.0514198131859303 0.0750681832432747 0.0742630064487457 0.0750516504049301 0.0695100724697113 0.0769336819648743 0.0687377452850342 0.102814488112926 0.175287082791328 0.141264751553535 0.175708711147308 0.154694959521294 0.143307238817215 0.168743431568146 0.148893252015114 0.263523131608963 0.373365312814713 0.392761021852493 0.310824483633041 0.375736802816391 0.341640681028366 0.386353313922882 0.341579049825668 0.429522335529327 0.52996414899826 0.50628274679184 0.505402743816376
0.0520653128623962 0.0479451045393944 0.032502006739378 0.0332517214119434 0.029724694788456 0.0269907638430595 0.0230412445962429 0.0205126535147429 0.0186022724956274 0.0167345907539129 0.0230078548192978 0.0223482977598906 0.020049212500453 0.0175061654299498 0.0209941975772381 0.0196592714637518 0.0208439137786627 0.0231225676834583 0.0295140296220779 0.0279929395765066 0.0332895666360855 0.0449163913726807 0.0387651994824409 0.046426247805357 0.0491613559424877 0.0644590631127357 0.106807321310043 0.116664618253708 0.117865487933159 0.114822633564472 0.0843987315893173 0.117419846355915 0.229993939399719 0.244835644960403 0.230604916810989 0.18441466987133 0.171344295144081 0.224296420812607 0.26136589050293 0.184387803077698 0.26446345448494 0.345720082521439 0.341629832983017 0.444617062807083 0.471929043531418 0.453905522823334 0.500284552574158 0.459647089242935 0.389432698488235 0.394835889339447 0.49701315164566 0.564388811588287
0.0527330823242664 0.0477824173867702 0.0368306897580624 0.0438195466995239 0.0491913743317127 0.0356087796390057 0.0330488979816437 0.0276590995490551 0.0278072468936443 0.027083208784461 0.0260002259165049 0.0234610605984926 0.018669119104743 0.0181321520358324 0.0175155997276306 0.0205619819462299 0.0193655900657177 0.0219038892537355 0.0332531742751598 0.0345960855484009 0.0409785658121109 0.0531824491918087 0.0444558896124363 0.0483439937233925 0.0704017654061317 0.0848932638764381 0.11994007229805 0.122575148940086 0.10362209379673 0.110385850071907 0.130384564399719 0.234774768352509 0.276106238365173 0.267930060625076 0.228343591094017 0.245200783014297 0.287090361118317 0.293967843055725 0.328040391206741 0.2916459441185 0.344253391027451 0.407482117414474 0.445522308349609 0.452988833189011 0.504781424999237 0.596428692340851 0.542346775531769 0.449871301651001 0.394758135080338 0.386717081069946 0.363089442253113 0.389269828796387
0.0369047112762928 0.0447831936180592 0.0484628230333328 0.0513968765735626 0.0439073033630848 0.0491941086947918 0.0476129315793514 0.0426323488354683 0.0392078384757042 0.0354857444763184 0.0339665040373802 0.0281134434044361 0.0252567417919636 0.0222529489547014 0.0200323089957237 0.0214215815067291 0.0227301698178053 0.0256536193192005 0.032073937356472 0.0417969785630703 0.0465658828616142 0.0598535686731339 0.0652226135134697 0.102901928126812 0.137709617614746 0.183819070458412 0.171160981059074 0.168396502733231 0.136989429593086 0.157540246844292 0.22177729010582 0.192103981971741 0.212370067834854 0.317344307899475 0.36434406042099 0.364174365997314 0.366518616676331 0.38166931271553 0.4417824447155 0.331318646669388 0.326869040727615 0.386527925729752 0.440108090639114 0.444187104701996 0.601561486721039 0.665007770061493 0.594027280807495 0.54266095161438 0.520881354808807 0.447579473257065 0.459700495004654 0.384043842554092
0.0488168708980083 0.0533458814024925 0.0518722273409367 0.0554865263402462 0.0512460544705391 0.060618694871664 0.072716236114502 0.0667207613587379 0.06471848487854 0.0553871281445026 0.0481224916875362 0.0378848239779472 0.0307505689561367 0.0250023230910301 0.0242189262062311 0.0265437848865986 0.0252906456589699 0.0312497727572918 0.0438947342336178 0.0572099350392818 0.0716545060276985 0.0993461981415749 0.132261365652084 0.123246163129807 0.161973193287849 0.177080169320107 0.213825404644012 0.219515427947044 0.175932034850121 0.238801598548889 0.272623866796494 0.245572105050087 0.303651630878448 0.395048379898071 0.435575991868973 0.467956125736237 0.353313118219376 0.359671264886856 0.340939849615097 0.387037038803101 0.475716680288315 0.52327024936676 0.578077375888824 0.550263464450836 0.619554162025452 0.719858884811401 0.765293955802917 0.717926263809204 0.504668235778809 0.490846782922745 0.387492924928665 0.316861242055893
0.0596497319638729 0.0513158962130547 0.0540909208357334 0.0543749444186687 0.0685373544692993 0.0904888957738876 0.0880920514464378 0.0903976112604141 0.085628367960453 0.103878982365131 0.0693016350269318 0.0522098690271378 0.0440952479839325 0.0430526696145535 0.0513954237103462 0.0387476459145546 0.0368880517780781 0.0454829409718513 0.0493855215609074 0.0927852094173431 0.118926890194416 0.147967085242271 0.184957504272461 0.173903927206993 0.19638791680336 0.251339346170425 0.286473244428635 0.310728758573532 0.269195288419724 0.285578310489655 0.343509912490845 0.338207185268402 0.350860327482224 0.385847300291061 0.50383049249649 0.498478949069977 0.607842028141022 0.478218197822571 0.422862559556961 0.402607560157776 0.44549623131752 0.510934770107269 0.626128494739532 0.767683029174805 0.725770354270935 0.757776856422424 0.719103872776031 0.544019281864166 0.572968780994415 0.523675918579102 0.562444031238556 0.603557229042053
0.071613535284996 0.0647927150130272 0.0674595683813095 0.0735780000686646 0.10773704200983 0.108878999948502 0.11101645976305 0.101147264242172 0.143028452992439 0.122510053217411 0.108028389513493 0.0877583995461464 0.0743482857942581 0.0758667215704918 0.0613677650690079 0.0457798168063164 0.0436120368540287 0.0636970028281212 0.0804590657353401 0.0857433006167412 0.114127568900585 0.139923259615898 0.161695763468742 0.121859960258007 0.203287973999977 0.319774627685547 0.391601890325546 0.389499455690384 0.345851004123688 0.298225492238998 0.414564669132233 0.46840488910675 0.418196618556976 0.406004041433334 0.455575376749039 0.554766654968262 0.624427855014801 0.614190220832825 0.575379550457001 0.550939083099365 0.518622636795044 0.486782491207123 0.554166376590729 0.622470378875732 0.634416103363037 0.679066479206085 0.543663442134857 0.453355640172958 0.468492835760117 0.622505962848663 0.698213815689087 0.588289558887482
0.0782756730914116 0.0854914262890816 0.115779124200344 0.114187598228455 0.13398964703083 0.135434731841087 0.126299858093262 0.14214900135994 0.158470407128334 0.149691119790077 0.133495226502419 0.124416254460812 0.134112849831581 0.105497926473618 0.0746471807360649 0.0556619688868523 0.071231484413147 0.0803082659840584 0.122095428407192 0.144385054707527 0.205971732735634 0.178463503718376 0.116850569844246 0.135499551892281 0.301004439592361 0.407331615686417 0.432035684585571 0.419310957193375 0.378443986177444 0.346166253089905 0.464027166366577 0.469904661178589 0.359060972929001 0.418448686599731 0.553697288036346 0.522847235202789 0.50355476140976 0.599620282649994 0.644991934299469 0.614643216133118 0.598372757434845 0.760035693645477 0.704560518264771 0.557663083076477 0.608284473419189 0.694631099700928 0.69048672914505 0.614598572254181 0.548733174800873 0.618195176124573 0.60684609413147 0.580786764621735
0.0979170873761177 0.140575274825096 0.137561619281769 0.14477127790451 0.143354907631874 0.181695684790611 0.170649126172066 0.170481011271477 0.180265560746193 0.179449170827866 0.153448343276978 0.122671879827976 0.126483365893364 0.0839325934648514 0.0677793622016907 0.0649784579873085 0.0921283885836601 0.120450407266617 0.0908212065696716 0.096844270825386 0.0923277735710144 0.126205757260323 0.115824170410633 0.225609809160233 0.307787477970123 0.391370177268982 0.458085626363754 0.447238057851791 0.446235448122025 0.512586176395416 0.460908859968185 0.455796748399734 0.362067341804504 0.325270444154739 0.428312331438065 0.511003732681274 0.600157260894775 0.530654430389404 0.49567773938179 0.421073019504547 0.493655800819397 0.551931023597717 0.631458938121796 0.685074865818024 0.620510518550873 0.616490840911865 0.528461456298828 0.492490589618683 0.453360110521317 0.373304694890976 0.499983280897141 0.450971066951752
0.144628867506981 0.151906684041023 0.150136083364487 0.127329185605049 0.150701507925987 0.135208815336227 0.124847143888474 0.165673106908798 0.189562723040581 0.139625012874603 0.146941751241684 0.124529905617237 0.1307732462883 0.109325565397739 0.0818072333931923 0.104380391538143 0.109721094369888 0.111208118498325 0.104597866535187 0.107336610555649 0.114961937069893 0.117702424526215 0.158518463373184 0.188254907727242 0.263917952775955 0.315886676311493 0.33221909403801 0.416646659374237 0.429401457309723 0.327313035726547 0.355488985776901 0.36599788069725 0.4090656042099 0.312121003866196 0.375567048788071 0.549103260040283 0.743200242519379 0.746252298355103 0.546050608158112 0.43526417016983 0.462179273366928 0.488690406084061 0.530709981918335 0.559632122516632 0.637556970119476 0.633665323257446 0.491919040679932 0.398979902267456 0.444348990917206 0.418361932039261 0.322200298309326 0.345338821411133
0.0947666466236115 0.0934658050537109 0.123767964541912 0.126967668533325 0.110680095851421 0.124330438673496 0.107630714774132 0.147850781679153 0.162304788827896 0.127761766314507 0.131437674164772 0.151184588670731 0.140977665781975 0.140234708786011 0.102019391953945 0.114198498427868 0.11066447943449 0.131095454096794 0.170144319534302 0.199540928006172 0.126335203647614 0.151615470647812 0.162925630807877 0.192706599831581 0.277907341718674 0.322217911481857 0.3889040350914 0.439877390861511 0.344061315059662 0.327161759138107 0.30229327082634 0.287885695695877 0.342554181814194 0.341368794441223 0.502755105495453 0.546651661396027 0.636249244213104 0.781888127326965 0.59721302986145 0.418914377689362 0.574059367179871 0.545403063297272 0.512795090675354 0.391117036342621 0.395584434270859 0.525652885437012 0.515062570571899 0.385841012001038 0.320571631193161 0.345996737480164 0.348105013370514 -3.4e+38
