data/climate_estimation/maxent_output/Trillium_lancifolium.asc
NCOLS 79 
NROWS 106 
XLLCORNER -88.4166666666667 
YLLCORNER 27.75 
CELLSIZE 0.0833333333333333 
NODATA_value -3.4e+38 
[rows 0 to 19 of 106, columns 0 to 44 of 79]
0.691234111785889 0.699360966682434 0.704703569412231 0.718440890312195 0.745395481586456 0.734856247901917 0.762351095676422 0.782739341259003 0.79435521364212 0.814235329627991 0.846217930316925 0.866294503211975 0.883601665496826 0.861895978450775 0.850766003131866 0.83467036485672 0.817612648010254 0.790889739990234 0.773838937282562 0.768161356449127 0.759899079799652 0.745454728603363 0.733818292617798 0.733422160148621 0.719895601272583 0.72085565328598 0.700478136539459 0.697237610816956 0.710140228271484 0.694513857364655 0.686437904834747 0.684012293815613 0.68006694316864 0.678896725177765 0.687754213809967 0.676638722419739 0.663409471511841 0.648746252059937 0.653274297714233 0.610696315765381 0.582599878311157 0.555763304233551 0.497437059879303 0.472204595804214 0.489283800125122
0.705734431743622 0.692867338657379 0.72102952003479 0.73005223274231 0.749630749225616 0.738146185874939 0.753042757511139 0.795271515846252 0.81607186794281 0.823902785778046 0.858072340488434 0.874236702919006 0.872697412967682 0.868895471096039 0.837460458278656 0.82012015581131 0.80821567773819 0.786068618297577 0.775236904621124 0.769285380840302 0.752520322799683 0.755370497703552 0.763870060443878 0.752208173274994 0.750785708427429 0.753297507762909 0.734018683433533 0.749023377895355 0.725618064403534 0.713110268115997 0.67493861913681 0.686198472976685 0.715792715549469 0.714515566825867 0.688896179199219 0.664339303970337 0.616442263126373 0.631395816802979 0.647226512432098 0.641540944576263 0.58137571811676 0.523893117904663 0.509414374828339 0.501330614089966 0.500729560852051
0.710358083248138 0.717573463916779 0.727995634078979 0.73850554227829 0.751646518707275 0.769391059875488 0.753494560718536 0.777707576751709 0.816945910453796 0.837085545063019 0.848422467708588 0.845643877983093 0.851434886455536 0.863462030887604 0.844629883766174 0.813203871250153 0.803095161914825 0.795574605464935 0.784186840057373 0.774311900138855 0.795554935932159 0.800741732120514 0.808776319026947 0.806170403957367 0.790989756584167 0.768637359142303 0.772787094116211 0.770963132381439 0.760329842567444 0.738023519515991 0.74376118183136 0.748551666736603 0.733547210693359 0.72951477766037 0.688703060150146 0.678496360778809 0.665488362312317 0.615105390548706 0.624890983104706 0.571262121200562 0.59463757276535 0.535538136959076 0.523066341876984 0.530060529708862 0.530018925666809
0.723362565040588 0.740167915821075 0.73713892698288 0.750069200992584 0.741054475307465 0.783075749874115 0.78328537940979 0.789667308330536 0.804052948951721 0.814689755439758 0.844277501106262 0.813207507133484 0.83965128660202 0.843297004699707 0.84069699048996 0.839100301265717 0.81262469291687 0.802481472492218 0.793647885322571 0.810228526592255 0.831029891967773 0.838463306427002 0.823167502880096 0.80658632516861 0.792898893356323 0.786083161830902 0.780391216278076 0.774429798126221 0.781600594520569 0.770228564739227 0.770712912082672 0.768883764743805 0.737022221088409 0.720402896404266 0.691628694534302 0.686847686767578 0.683951318264008 0.61995130777359 0.613585233688354 0.525857329368591 0.551981031894684 0.544586598873138 0.558239698410034 0.54604184627533 0.557569742202759
0.729157626628876 0.736633479595184 0.740353584289551 0.765281081199646 0.760414958000183 0.782849073410034 0.794161677360535 0.793334603309631 0.81361585855484 0.819453418254852 0.835270285606384 0.82297945022583 0.835732221603394 0.826866269111633 0.831717371940613 0.810564339160919 0.815316319465637 0.828539311885834 0.83230996131897 0.839508295059204 0.839680850505829 0.83938193321228 0.817345798015594 0.80992180109024 0.78497987985611 0.789956450462341 0.778503477573395 0.780278503894806 0.758015513420105 0.783912062644958 0.764903545379639 0.757313847541809 0.731060564517975 0.714134573936462 0.706260621547699 0.685838103294373 0.633259356021881 0.61678284406662 0.574069261550903 0.547983229160309 0.558062493801117 0.545977592468262 0.564193248748779 0.573931396007538 0.570349991321564
0.743909776210785 0.742616772651672 0.746744275093079 0.762235224246979 0.756555438041687 0.787284374237061 0.799235343933105 0.811242163181305 0.810088276863098 0.809599697589874 0.820243716239929 0.818858981132507 0.821613073348999 0.832580804824829 0.801495373249054 0.813148558139801 0.794283330440521 0.818856060504913 0.83781772851944 0.839712858200073 0.834861218929291 0.834587037563324 0.831315219402313 0.813619375228882 0.794027268886566 0.780259609222412 0.76975405216217 0.780174791812897 0.763494670391083 0.770219445228577 0.778927206993103 0.76349949836731 0.730918645858765 0.710337817668915 0.705147504806519 0.698068201541901 0.637011587619781 0.568519413471222 0.531910598278046 0.562448263168335 0.556764245033264 0.56936913728714 0.57874995470047 0.611064970493317 0.620196163654327
0.749987125396729 0.75324010848999 0.765028297901154 0.76640248298645 0.78919917345047 0.810049712657928 0.812834084033966 0.819344997406006 0.819626212120056 0.818349897861481 0.816589653491974 0.827371537685394 0.827645897865295 0.817219257354736 0.803213953971863 0.792201519012451 0.796940505504608 0.806414008140564 0.814385592937469 0.805937230587006 0.832366526126862 0.845459878444672 0.859398901462555 0.842681646347046 0.829999148845673 0.794612944126129 0.764561891555786 0.748906552791595 0.765867292881012 0.791819512844086 0.759288609027863 0.76387345790863 0.746816158294678 0.736205220222473 0.728396356105804 0.694920063018799 0.658775627613068 0.61838710308075 0.553083658218384 0.57382869720459 0.597202599048615 0.597338259220123 0.587543964385986 0.595869064331055 0.577063679695129
0.768968164920807 0.762170553207397 0.768494784832001 0.780357480049133 0.799408435821533 0.824005603790283 0.821602880954742 0.828340888023376 0.825851082801819 0.825004398822784 0.818075716495514 0.83554083108902 0.818664371967316 0.798394083976746 0.788622081279755 0.777962565422058 0.783295571804047 0.797675371170044 0.814120173454285 0.803077101707458 0.814567446708679 0.827556431293488 0.853013932704926 0.858322262763977 0.848851799964905 0.806447923183441 0.803118288516998 0.778929591178894 0.760470867156982 0.746678709983826 0.726360738277435 0.737147390842438 0.752408444881439 0.744633197784424 0.725397229194641 0.714692056179047 0.670732080936432 0.588714957237244 0.601400315761566 0.615288317203522 0.625847160816193 0.615425884723663 0.587846577167511 0.545446455478668 0.605415344238281
0.774054765701294 0.762737095355988 0.775454103946686 0.790960073471069 0.793937087059021 0.817796885967255 0.820388853549957 0.818803608417511 0.843487024307251 0.817937433719635 0.83763062953949 0.829265952110291 0.811175286769867 0.803881347179413 0.796049654483795 0.764608383178711 0.768917441368103 0.805975377559662 0.811448812484741 0.810161054134369 0.808186173439026 0.810894310474396 0.846408724784851 0.851053953170776 0.849170088768005 0.833470046520233 0.816498041152954 0.770437002182007 0.730189502239227 0.712690949440002 0.732991218566895 0.740032911300659 0.768830895423889 0.75092488527298 0.725857019424438 0.753684222698212 0.663434982299805 0.622981607913971 0.638210773468018 0.617674887180328 0.620825827121735 0.617328107357025 0.574355959892273 0.6441490650177 0.68264377117157
0.777219235897064 0.772456109523773 0.793636083602905 0.796658456325531 0.803562104701996 0.824369549751282 0.813907146453857 0.830542385578156 0.826833844184875 0.844629347324371 0.846028745174408 0.836871266365051 0.838285982608795 0.815286695957184 0.800736010074615 0.767692983150482 0.773267507553101 0.790618658065796 0.804637789726257 0.788052260875702 0.814240753650665 0.819715678691864 0.824748516082764 0.847457349300385 0.840453565120697 0.818510055541992 0.804885149002075 0.784078776836395 0.736515760421753 0.725795686244965 0.743125438690186 0.765687644481659 0.778075039386749 0.784639418125153 0.758712947368622 0.720421135425568 0.702281475067139 0.65747606754303 0.636471688747406 0.61965274810791 0.655904114246368 0.581424295902252 0.658101379871368 0.712534725666046 0.76273512840271
0.800929129123688 0.806904375553131 0.815848112106323 0.821516871452332 0.841971218585968 0.823835432529449 0.817610859870911 0.828689515590668 0.819104611873627 0.819352090358734 0.820898413658142 0.828378558158875 0.819632649421692 0.817468225955963 0.808285117149353 0.79253101348877 0.795192718505859 0.797104358673096 0.806089580059052 0.809443831443787 0.803737699985504 0.820654153823853 0.82080864906311 0.828854382038116 0.826059520244598 0.811620891094208 0.76331615447998 0.751849830150604 0.743310570716858 0.756785750389099 0.778343856334686 0.783173143863678 0.782939910888672 0.753464996814728 0.711753010749817 0.631229639053345 0.672187089920044 0.649328827857971 0.659721553325653 0.70365172624588 0.701440036296844 0.637268126010895 0.732789278030396 0.787678956985474 0.782298922538757
0.820572733879089 0.842780470848083 0.848348081111908 0.843699872493744 0.848808765411377 0.835295140743256 0.82506138086319 0.831270754337311 0.8211270570755 0.820083856582642 0.805898666381836 0.814451515674591 0.809456348419189 0.819855809211731 0.811784446239471 0.802481651306152 0.8076331615448 0.804767251014709 0.815930426120758 0.826413869857788 0.821776807308197 0.826783239841461 0.827564179897308 0.822002768516541 0.788781106472015 0.784458577632904 0.765240371227264 0.746848046779633 0.759956359863281 0.764660775661469 0.774982452392578 0.748800277709961 0.767505943775177 0.644978165626526 0.634532749652863 0.633420526981354 0.646888554096222 0.645391345024109 0.727115273475647 0.727237224578857 0.638868629932404 0.67958652973175 0.804043054580688 0.81205141544342 0.794779062271118
0.840177774429321 0.85303008556366 0.852646946907043 0.854821562767029 0.85940283536911 0.857501566410065 0.843399524688721 0.837363481521606 0.824256062507629 0.814168453216553 0.805645287036896 0.812970221042633 0.80521285533905 0.803963124752045 0.827109813690186 0.817746818065643 0.803177237510681 0.823958039283752 0.833486437797546 0.834387958049774 0.844392955303192 0.834689855575562 0.81985741853714 0.818084537982941 0.797803461551666 0.789200842380524 0.776482343673706 0.777385175228119 0.761629462242126 0.765866100788116 0.770882606506348 0.712337851524353 0.762206554412842 0.671678602695465 0.617727696895599 0.617790877819061 0.629194438457489 0.712126195430756 0.770841121673584 0.636473178863525 0.694465279579163 0.811374425888062 0.829751253128052 0.813299894332886 0.78015810251236
0.865598678588867 0.865020215511322 0.868020594120026 0.870740830898285 0.881038308143616 0.865958213806152 0.854183793067932 0.846906960010529 0.8373082280159 0.842112183570862 0.828651607036591 0.816935181617737 0.805044710636139 0.803087055683136 0.796555280685425 0.785827159881592 0.787845969200134 0.816404402256012 0.814355254173279 0.830431163311005 0.827682733535767 0.827558577060699 0.819860935211182 0.818725168704987 0.814562141895294 0.817296743392944 0.797825396060944 0.789963960647583 0.78196793794632 0.776769459247589 0.680384337902069 0.611970067024231 0.623782277107239 0.665826857089996 0.61499947309494 0.603650093078613 0.688535928726196 0.786753952503204 0.640781760215759 0.710353195667267 0.833821654319763 0.844256997108459 0.821712970733643 0.802759647369385 0.784293472766876
0.878570377826691 0.881518185138702 0.887495279312134 0.892763555049896 0.890246510505676 0.887884736061096 0.862701117992401 0.860214591026306 0.850561141967773 0.833884000778198 0.822994828224182 0.805359363555908 0.81236207485199 0.799283564090729 0.80486398935318 0.804926455020905 0.812897205352783 0.815815627574921 0.812862396240234 0.813826262950897 0.807902038097382 0.813941180706024 0.805265486240387 0.815690517425537 0.801333546638489 0.791522920131683 0.816742956638336 0.800642609596252 0.794706463813782 0.790129840373993 0.667223155498505 0.60247391462326 0.600983321666718 0.599240601062775 0.596227765083313 0.626677215099335 0.82664829492569 0.658714354038239 0.665067434310913 0.809414207935333 0.844131350517273 0.831178247928619 0.820029854774475 0.798970222473145 0.793163597583771
0.885951280593872 0.890689015388489 0.894487082958221 0.893349170684814 0.887570559978485 0.883911192417145 0.884503245353699 0.865433156490326 0.846921503543854 0.847010552883148 0.834913194179535 0.823403120040894 0.811558485031128 0.806902825832367 0.819568395614624 0.828580141067505 0.849292099475861 0.833053112030029 0.849499344825745 0.828720510005951 0.847795009613037 0.850910425186157 0.827389895915985 0.840273916721344 0.830130100250244 0.808155536651611 0.822305917739868 0.824716985225677 0.822491466999054 0.803080320358276 0.768143236637115 0.612852573394775 0.601959824562073 0.642337739467621 0.591249585151672 0.794445633888245 0.698101937770844 0.663257420063019 0.723013699054718 0.845927953720093 0.835982620716095 0.811352550983429 0.80713939666748 0.807166814804077 0.798241376876831
0.88851922750473 0.893427014350891 0.894071578979492 0.902803719043732 0.887207984924316 0.897700071334839 0.886392652988434 0.875532269477844 0.856419384479523 0.868238508701324 0.860364973545074 0.849449872970581 0.831473290920258 0.828436970710754 0.831848919391632 0.860591411590576 0.869832873344421 0.853146195411682 0.856628239154816 0.864147424697876 0.868808448314667 0.863197684288025 0.848345935344696 0.850588619709015 0.837830305099487 0.837278783321381 0.834867119789124 0.835149586200714 0.813493669033051 0.709872484207153 0.618748843669891 0.66497278213501 0.647499918937683 0.70041835308075 0.736503720283508 0.788230776786804 0.626002073287964 0.698896765708923 0.845250070095062 0.852322340011597 0.838131368160248 0.797593653202057 0.800662219524384 0.791683912277222 0.794532954692841
0.896764755249023 0.895969390869141 0.904667258262634 0.902079045772552 0.906902611255646 0.889438629150391 0.8868488073349 0.872206330299377 0.874422192573547 0.878451287746429 0.886759757995605 0.875060081481934 0.85740739107132 0.854063451290131 0.851687014102936 0.847712457180023 0.880093097686768 0.886900424957275 0.881172895431519 0.879643023014069 0.874778568744659 0.867823421955109 0.87040114402771 0.865168154239655 0.857737123966217 0.850364804267883 0.839186787605286 0.798913419246674 0.78224903345108 0.738077282905579 0.670927762985229 0.748540639877319 0.723620116710663 0.771445631980896 0.859135270118713 0.7176154255867 0.755250692367554 0.839502990245819 0.872327208518982 0.858706712722778 0.829518496990204 0.799967467784882 0.789115786552429 0.775317668914795 0.782016515731812
0.894836485385895 0.893447935581207 0.898653268814087 0.905684888362885 0.900972306728363 0.906170070171356 0.892839550971985 0.893025636672974 0.893293738365173 0.906261622905731 0.900367558002472 0.885331571102142 0.877695024013519 0.874547839164734 0.873098492622375 0.874141931533813 0.87987232208252 0.893122315406799 0.886815369129181 0.874252736568451 0.869694471359253 0.856650054454803 0.85730105638504 0.857349097728729 0.854374766349792 0.852662563323975 0.810540437698364 0.766322672367096 0.708582699298859 0.784628331661224 0.761452078819275 0.754198849201202 0.827472150325775 0.876729428768158 0.853233098983765 0.780952632427216 0.828417301177979 0.895809769630432 0.892270028591156 0.850476384162903 0.812080442905426 0.791209638118744 0.792202711105347 0.774325132369995 0.770754933357239
0.900488018989563 0.898634433746338 0.908947050571442 0.908463954925537 0.911539733409882 0.907199084758759 0.905817925930023 0.92373514175415 0.925601959228516 0.925418317317963 0.914727866649628 0.90987628698349 0.90021824836731 0.893110513687134 0.89009690284729 0.885009348392487 0.895359098911285 0.883651256561279 0.875774800777435 0.876919627189636 0.873684644699097 0.879835724830627 0.881223082542419 0.880518019199371 0.850749492645264 0.795411288738251 0.823196887969971 0.823800802230835 0.784333229064941 0.841659307479858 0.819405317306519 0.859348297119141 0.889219403266907 0.803154706954956 0.774855494499207 0.853330433368683 0.815115690231323 0.875102460384369 0.881386756896973 0.850748360157013 0.826397955417633 0.799190938472748 0.781704127788544 0.777827739715576 0.721470057964325
