data/climate_estimation/maxent_output/Trillium_recurvatum.asc
NCOLS 265 
NROWS 156 
XLLCORNER -94.25 
YLLCORNER 31.75 
CELLSIZE 0.0833333333333333 
NODATA_value -3.4e+38 
[rows 20 to 39 of 156, columns 92 to 137 of 265]
0.108722425997257 0.119268521666527 0.12963017821312 0.13972570002079 0.153122648596764 0.211575046181679 0.289199829101562 0.400859415531158 0.469415903091431 0.544758200645447 0.617019176483154 0.683994710445404 0.710040032863617 0.748324036598206 0.762701869010925 0.794794499874115 0.79760205745697 0.78756719827652 0.739732503890991 0.657688975334167 0.561246275901794 0.538482666015625 0.470045894384384 0.417744398117065 0.413240402936935 0.371952027082443 0.327519744634628 0.277923405170441 0.225754514336586 0.232686474919319 0.272347629070282 0.273616373538971 0.245727747678757 0.249066635966301 0.246743887662888 0.279494106769562 0.310419708490372 0.302715361118317 0.299979716539383 0.302198797464371 0.261833935976028 0.209676682949066 0.199470043182373 0.171229109168053 0.151975333690643 0.124503418803215
0.127997308969498 0.143582582473755 0.153233975172043 0.165114134550095 0.192808255553246 0.248425170779228 0.314354330301285 0.376686602830887 0.468237996101379 0.53126448392868 0.606639921665192 0.648999094963074 0.715222418308258 0.737049996852875 0.788114726543427 0.795459866523743 0.769477069377899 0.741332352161407 0.706098020076752 0.634217441082001 0.563840389251709 0.461410909891129 0.426481306552887 0.380494207143784 0.362257421016693 0.314986228942871 0.282599806785583 0.238430917263031 0.235767632722855 0.225107759237289 0.201941519975662 0.213370740413666 0.180435791611671 0.165654763579369 0.17451137304306 0.223719343543053 0.232777342200279 0.25873738527298 0.234321340918541 0.250909507274628 0.21942763030529 0.20853765308857 0.189080446958542 0.173571720719337 0.146796017885208 0.135914340615273
0.130732461810112 0.154283925890923 0.170250102877617 0.183998003602028 0.231536597013474 0.288802593946457 0.350040763616562 0.404247254133224 0.457342326641083 0.498822271823883 0.578916192054749 0.634775280952454 0.689922094345093 0.729308545589447 0.743558526039124 0.763226628303528 0.752664685249329 0.72126305103302 0.681604087352753 0.59191906452179 0.527068316936493 0.459905385971069 0.384739130735397 0.332399725914001 0.281929284334183 0.246890619397163 0.240558207035065 0.228913068771362 0.193883508443832 0.190820291638374 0.17015329003334 0.17916975915432 0.162552550435066 0.142220869660378 0.146049737930298 0.166505292057991 0.207851976156235 0.244135409593582 0.254273116588593 0.26266798377037 0.252676546573639 0.226454243063927 0.211620390415192 0.17725633084774 0.150435477495193 0.140256568789482
0.145299583673477 0.156140178442001 0.194699361920357 0.217015534639359 0.293736010789871 0.365950495004654 0.400329172611237 0.399220556020737 0.463981032371521 0.496555179357529 0.557271063327789 0.57146543264389 0.662081480026245 0.716605961322784 0.725398302078247 0.747081160545349 0.7434441447258 0.685092568397522 0.648184657096863 0.568718791007996 0.465860396623611 0.427391082048416 0.36109784245491 0.279366254806519 0.24146457016468 0.245939254760742 0.208542495965958 0.194831922650337 0.17223946750164 0.169271409511566 0.157844290137291 0.158238783478737 0.140846371650696 0.140935197472572 0.15254770219326 0.180974721908569 0.203029125928879 0.252800226211548 0.262541621923447 0.279971539974213 0.287332206964493 0.253116399049759 0.209684282541275 0.205704152584076 0.168918237090111 0.150167778134346
0.176245287060738 0.189701899886131 0.207566037774086 0.225051447749138 0.318098098039627 0.369933784008026 0.39653679728508 0.429303884506226 0.398748815059662 0.435489982366562 0.485318779945374 0.565837025642395 0.662355184555054 0.688576102256775 0.715245068073273 0.695569694042206 0.68175196647644 0.660799503326416 0.606283664703369 0.542396485805511 0.464176416397095 0.367568284273148 0.356438040733337 0.307993352413177 0.260997146368027 0.228168606758118 0.231106072664261 0.209023743867874 0.194997400045395 0.177509352564812 0.171959564089775 0.157116010785103 0.149486318230629 0.150426492094994 0.164761900901794 0.180035978555679 0.214067280292511 0.267551422119141 0.303426951169968 0.345466434955597 0.319587141275406 0.259421139955521 0.236011117696762 0.207588270306587 0.180942982435226 0.155826449394226
0.184237465262413 0.200318694114685 0.201222628355026 0.238935127854347 0.290607541799545 0.371724933385849 0.410994708538055 0.409958362579346 0.385674476623535 0.380466967821121 0.465946048498154 0.532742619514465 0.62658303976059 0.654181241989136 0.679501831531525 0.720896482467651 0.682037472724915 0.599667608737946 0.581212401390076 0.494908809661865 0.462128072977066 0.376002013683319 0.333789825439453 0.314182579517365 0.259326815605164 0.227896481752396 0.233197942376137 0.216824725270271 0.210718274116516 0.191058054566383 0.171962976455688 0.149486318230629 0.147028475999832 0.167391434311867 0.172153770923615 0.18627718091011 0.21347713470459 0.291982054710388 0.352532029151917 0.361398041248322 0.332728356122971 0.293314009904861 0.234008699655533 0.213954865932465 0.196156561374664 0.165767833590508
0.206145152449608 0.201648935675621 0.220912873744965 0.233978807926178 0.282501012086868 0.344755470752716 0.380261987447739 0.402193874120712 0.412929981946945 0.402635604143143 0.467130959033966 0.578557074069977 0.608847260475159 0.685320198535919 0.711495161056519 0.674338042736053 0.650926828384399 0.608209609985352 0.524045050144196 0.453149616718292 0.418229669332504 0.370217174291611 0.301610141992569 0.282985955476761 0.267731785774231 0.265097051858902 0.253662437200546 0.24814735352993 0.209829688072205 0.210400402545929 0.19193559885025 0.180987074971199 0.165531694889069 0.171386227011681 0.175275474786758 0.203510865569115 0.230168908834457 0.285404294729233 0.332643002271652 0.349268943071365 0.324728310108185 0.289809674024582 0.265705734491348 0.239669382572174 0.207037448883057 0.191134795546532
0.256455719470978 0.23852264881134 0.216506853699684 0.216825261712074 0.278940945863724 0.353173583745956 0.406276375055313 0.452111035585403 0.47016853094101 0.491545259952545 0.557613492012024 0.601808309555054 0.679791033267975 0.713643610477448 0.741848826408386 0.694179534912109 0.652967989444733 0.552700281143188 0.482908189296722 0.444866538047791 0.394478648900986 0.324879318475723 0.278471618890762 0.276799142360687 0.279202461242676 0.287364959716797 0.272781491279602 0.26158419251442 0.246181413531303 0.206944063305855 0.194358825683594 0.192069754004478 0.181746438145638 0.184786647558212 0.197916716337204 0.221037179231644 0.247936636209488 0.306848615407944 0.318800151348114 0.321749985218048 0.339411526918411 0.318136125802994 0.292194932699203 0.253417909145355 0.223335087299347 0.187619253993034
0.284592688083649 0.292421102523804 0.272639065980911 0.254224061965942 0.317549526691437 0.399660110473633 0.453440368175507 0.522185683250427 0.532162666320801 0.584837973117828 0.558566749095917 0.612761199474335 0.651713013648987 0.704035341739655 0.669199645519257 0.619583606719971 0.562165439128876 0.508863151073456 0.444372922182083 0.385465323925018 0.334021478891373 0.314981639385223 0.294012367725372 0.291267871856689 0.291116297245026 0.304447770118713 0.30273112654686 0.278460890054703 0.256312042474747 0.24069045484066 0.208268895745277 0.196824640035629 0.204911306500435 0.208182319998741 0.203666910529137 0.233408123254776 0.260287672281265 0.299040168523788 0.331962078809738 0.358092308044434 0.367577582597733 0.349415570497513 0.297722041606903 0.256294369697571 0.206132441759109 0.170471534132957
0.356981068849564 0.379528820514679 0.381610989570618 0.37412816286087 0.400499194860458 0.459775924682617 0.518801748752594 0.582457542419434 0.622449934482574 0.616997718811035 0.590811252593994 0.57306706905365 0.584578037261963 0.63184255361557 0.593593955039978 0.587868630886078 0.526069223880768 0.458071023225784 0.399156212806702 0.344310939311981 0.292086571455002 0.302931010723114 0.287803292274475 0.28617462515831 0.340481996536255 0.339200913906097 0.317898571491241 0.301774680614471 0.28150737285614 0.25949490070343 0.243802115321159 0.211934238672256 0.222591504454613 0.204931735992432 0.219111353158951 0.250811219215393 0.247772753238678 0.294896423816681 0.32671269774437 0.377991497516632 0.353820770978928 0.307791739702225 0.258777648210526 0.210527211427689 0.175101071596146 0.161481752991676
0.46621960401535 0.50097244977951 0.482015162706375 0.486278772354126 0.517088294029236 0.551223933696747 0.590852558612823 0.623471021652222 0.648977220058441 0.622648537158966 0.585785746574402 0.547169506549835 0.544113755226135 0.539906799793243 0.531202673912048 0.470923811197281 0.417384058237076 0.395105123519897 0.386665999889374 0.343806952238083 0.319393873214722 0.279906392097473 0.308644086122513 0.314368486404419 0.34374812245369 0.356613367795944 0.330605208873749 0.322454899549484 0.299123704433441 0.286784112453461 0.260565370321274 0.232881233096123 0.231860995292664 0.234993755817413 0.246065810322762 0.258315652608871 0.266657263040543 0.295315802097321 0.324446529150009 0.323985606431961 0.287983596324921 0.221162796020508 0.187954634428024 0.170876681804657 0.157972574234009 0.154018104076385
0.552862882614136 0.592679262161255 0.602910757064819 0.617514848709106 0.618033647537231 0.622109711170197 0.625076472759247 0.651709020137787 0.630672514438629 0.614333629608154 0.557564735412598 0.576170086860657 0.549985587596893 0.531278312206268 0.523799359798431 0.480147749185562 0.445842206478119 0.412222266197205 0.387409716844559 0.374148428440094 0.330494225025177 0.325841546058655 0.304888874292374 0.335558295249939 0.348093330860138 0.336659282445908 0.342631667852402 0.349581360816956 0.317312955856323 0.299973279237747 0.273092895746231 0.264843851327896 0.283362627029419 0.260748356580734 0.296712845563889 0.302687406539917 0.314710021018982 0.321205765008926 0.342990309000015 0.28486442565918 0.20747235417366 0.156249642372131 0.147790238261223 0.128067642450333 0.129277646541595 0.125366136431694
0.622848451137543 0.66854852437973 0.695150673389435 0.708916902542114 0.720004856586456 0.687919199466705 0.680903136730194 0.663666248321533 0.613581120967865 0.564975321292877 0.546924114227295 0.579804480075836 0.575414478778839 0.575414478778839 0.55695378780365 0.558430075645447 0.474999219179153 0.457753479480743 0.456169486045837 0.422077357769012 0.384162157773972 0.371090561151505 0.3467897772789 0.392959088087082 0.381852000951767 0.353745847940445 0.34039494395256 0.356349438428879 0.344010025262833 0.323431670665741 0.340790092945099 0.321820110082626 0.346208661794662 0.340042263269424 0.342226654291153 0.343881905078888 0.345117688179016 0.355507671833038 0.340550065040588 0.303445190191269 0.204827427864075 0.162873148918152 0.146931618452072 0.12827955186367 0.120658829808235 0.135904833674431
0.663092315196991 0.653111934661865 0.723621308803558 0.75310879945755 0.757210552692413 0.71634566783905 0.68709933757782 0.607836306095123 0.564000368118286 0.56917530298233 0.59242582321167 0.613959908485413 0.613959908485413 0.5998894572258 0.558922410011292 0.572482645511627 0.538286924362183 0.493105620145798 0.506385505199432 0.487056136131287 0.421084374189377 0.410016775131226 0.397525042295456 0.393747299909592 0.40210485458374 0.374415874481201 0.351312875747681 0.384318947792053 0.373581796884537 0.353978127241135 0.37364062666893 0.350220203399658 0.374088108539581 0.395311295986176 0.407580971717834 0.398456603288651 0.389355152845383 0.395283132791519 0.392681568861008 0.355250775814056 0.264476507902145 0.21034924685955 0.167786940932274 0.155632317066193 0.138817191123962 0.144777208566666
0.614279568195343 0.65671294927597 0.664417028427124 0.688593566417694 0.696509122848511 0.693084359169006 0.635038018226624 0.601705849170685 0.593452394008636 0.582297205924988 0.592020571231842 0.619234979152679 0.603551089763641 0.576711177825928 0.571598708629608 0.537800550460815 0.501587152481079 0.521261692047119 0.527557730674744 0.461583435535431 0.470644325017929 0.439812302589417 0.393747299909592 0.390929311513901 0.389848113059998 0.375740766525269 0.3887999355793 0.391832202672958 0.37844654917717 0.392198860645294 0.414979100227356 0.379223674535751 0.394611746072769 0.400306463241577 0.449091702699661 0.464089691638947 0.439427018165588 0.440134555101395 0.440619468688965 0.388954043388367 0.333522528409958 0.251219600439072 0.217103391885757 0.182848557829857 0.173327192664146 0.169221386313438
0.761081576347351 0.76400101184845 0.763070940971375 0.734148800373077 0.752804338932037 0.740424275398254 0.696048617362976 0.691291153430939 0.67869234085083 0.655394554138184 0.588307201862335 0.612147569656372 0.597234070301056 0.575315415859222 0.546823382377625 0.544933378696442 0.542293429374695 0.497204840183258 0.527007877826691 0.496826440095901 0.44128155708313 0.439057052135468 0.424590200185776 0.407623142004013 0.39887210726738 0.409215956926346 0.413088351488113 0.400000631809235 0.416198372840881 0.41522279381752 0.424246996641159 0.4196397960186 0.424070596694946 0.444246858358383 0.495771020650864 0.512559533119202 0.481202602386475 0.483884304761887 0.47826099395752 0.427730411291122 0.396213173866272 0.309479504823685 0.27336984872818 0.242100477218628 0.205040276050568 0.204192698001862
0.766235828399658 0.791227757930756 0.798424184322357 0.794668018817902 0.798591315746307 0.798019528388977 0.771998763084412 0.781742990016937 0.740074455738068 0.744127571582794 0.686416208744049 0.690799832344055 0.626313447952271 0.550807178020477 0.541032791137695 0.569227933883667 0.530152499675751 0.479513019323349 0.482250213623047 0.5118567943573 0.465908080339432 0.493411332368851 0.463695794343948 0.452207654714584 0.440341383218765 0.414303809404373 0.402385622262955 0.39557072520256 0.397243708372116 0.435593813657761 0.422344177961349 0.433265537023544 0.471148103475571 0.480490982532501 0.500672280788422 0.523849010467529 0.535604059696198 0.527265131473541 0.481676667928696 0.467780083417892 0.433964461088181 0.367459416389465 0.326241791248322 0.285725027322769 0.229288011789322 0.229972377419472
0.793269515037537 0.799248039722443 0.799339354038239 0.797190845012665 0.801170825958252 0.790367305278778 0.803662061691284 0.792297840118408 0.793020009994507 0.775273203849792 0.751189589500427 0.728966951370239 0.711782932281494 0.649207174777985 0.57958596944809 0.556001424789429 0.559667706489563 0.512629270553589 0.485960483551025 0.49413475394249 0.495506793260574 0.509358584880829 0.521405756473541 0.501968502998352 0.466286778450012 0.454136908054352 0.437684714794159 0.444598317146301 0.413883060216904 0.44368702173233 0.435519635677338 0.466447114944458 0.475388795137405 0.52349841594696 0.54380851984024 0.562900722026825 0.578375577926636 0.565592586994171 0.504570960998535 0.488737255334854 0.471712052822113 0.456633627414703 0.354939639568329 0.347043007612228 0.300006091594696 0.259778320789337
0.791405022144318 0.795036792755127 0.791129052639008 0.80785459280014 0.811668694019318 0.787263751029968 0.792660057544708 0.793160974979401 0.774178445339203 0.778802096843719 0.766739130020142 0.773712337017059 0.755979895591736 0.710895955562592 0.642143785953522 0.595423638820648 0.53865247964859 0.532557487487793 0.540762484073639 0.498763501644135 0.52706915140152 0.518463790416718 0.528457820415497 0.515906870365143 0.492332547903061 0.480362355709076 0.473354518413544 0.479561388492584 0.491672903299332 0.456379413604736 0.448835164308548 0.434157758951187 0.479661554098129 0.47079274058342 0.521429836750031 0.538398265838623 0.546497642993927 0.54344117641449 0.532032907009125 0.504094481468201 0.49371412396431 0.478785425424576 0.441920578479767 0.38623720407486 0.361958622932434 0.370697855949402
0.797167062759399 0.793496429920197 0.800774216651917 0.797481656074524 0.802554786205292 0.792835772037506 0.774389624595642 0.77323317527771 0.77522885799408 0.754989147186279 0.776265442371368 0.768111288547516 0.770121276378632 0.746050179004669 0.731780767440796 0.67572033405304 0.615919232368469 0.592593371868134 0.566822469234467 0.563348293304443 0.54017299413681 0.514358282089233 0.530428290367126 0.503130495548248 0.474084436893463 0.485854834318161 0.483119755983353 0.49933323264122 0.536956071853638 0.493244200944901 0.497094392776489 0.441531121730804 0.467050164937973 0.470562905073166 0.502070009708405 0.505707681179047 0.52131712436676 0.515224695205688 0.558219790458679 0.531559884548187 0.519336879253387 0.508210897445679 0.502344250679016 0.48450031876564 0.437349408864975 0.478487491607666
