data/climate_estimation/maxent_output/Trillium_catesbaei.asc
NCOLS 107 
NROWS 66 
XLLCORNER -87.25 
YLLCORNER 31 
CELLSIZE 0.0833333333333334 
NODATA_value -3.4e+38 
[rows 40 to 59 of 66, columns 0 to 45 of 107]
0.454101026058197 0.458223551511765 0.410840779542923 0.443110972642899 0.391393035650253 0.367491662502289 0.382870584726334 0.382870584726334 0.371109545230865 0.371109545230865 0.41308405995369 0.486247420310974 0.528501093387604 0.55192357301712 0.5496866106987 0.550531685352325 0.531822979450226 0.567399680614471 0.567399680614471 0.495480298995972 0.453913480043411 0.466020822525024 0.461861163377762 0.424974322319031 0.42894521355629 0.405647337436676 0.438495993614197 0.442505598068237 0.442320734262466 0.470664471387863 0.557278156280518 0.561308622360229 0.552161931991577 0.560279607772827 0.607006967067719 0.601201772689819 0.55056494474411 0.517117261886597 0.532283425331116 0.502255856990814 0.487209439277649 0.478919476270676 0.472795963287354 0.472795963287354 0.411684632301331 0.430705428123474
0.427042424678802 0.427042424678802 0.388671159744263 0.364171952009201 0.369435876607895 0.386589616537094 0.376441657543182 0.364815652370453 0.349943459033966 0.390332370996475 0.444724708795547 0.476898044347763 0.536383152008057 0.520038664340973 0.516891360282898 0.494331628084183 0.494331628084183 0.531822979450226 0.463345319032669 0.458035081624985 0.439698904752731 0.430353194475174 0.420215547084808 0.405647337436676 0.379464894533157 0.383161932229996 0.385396331548691 0.410918086767197 0.410193294286728 0.40262171626091 0.501416623592377 0.532151222229004 0.52914172410965 0.536894261837006 0.528022408485413 0.519008874893188 0.504091084003448 0.517117261886597 0.499814450740814 0.45972415804863 0.424956381320953 0.394264042377472 0.412829369306564 0.407454013824463 0.409290969371796 0.381618201732635
0.413326591253281 0.392131119966507 0.382862657308578 0.388307005167007 0.363161563873291 0.39409875869751 0.403470367193222 0.362153112888336 0.343904197216034 0.36841544508934 0.420913636684418 0.4528968334198 0.458144396543503 0.479979991912842 0.49741992354393 0.479473739862442 0.431966572999954 0.431966572999954 0.430840700864792 0.425558507442474 0.42160639166832 0.411594182252884 0.409507244825363 0.367775082588196 0.34674334526062 0.34674334526062 0.353559553623199 0.353823632001877 0.326701194047928 0.475705087184906 0.490295797586441 0.48046949505806 0.513876140117645 0.51382178068161 0.497150421142578 0.462461471557617 0.471459686756134 0.446174710988998 0.426284432411194 0.362721383571625 0.355277270078659 0.343379765748978 0.328980535268784 0.357020854949951 0.349274843931198 0.347799748182297
0.370816648006439 0.398364305496216 0.402481198310852 0.365089952945709 0.355332374572754 0.321095407009125 0.340040862560272 0.492502748966217 0.362153112888336 0.332999765872955 0.366750091314316 0.379495888948441 0.443466782569885 0.473986685276031 0.433699816465378 0.422087997198105 0.400609135627747 0.422087997198105 0.429532587528229 0.416870445013046 0.391210049390793 0.377298504114151 0.352372348308563 0.334691941738129 0.326586663722992 0.317284971475601 0.320699661970139 0.324991792440414 0.333618193864822 0.484831213951111 0.479703962802887 0.463618040084839 0.472217708826065 0.425588220357895 0.372660130262375 0.368050754070282 0.342451423406601 0.375028908252716 0.32942134141922 0.305261313915253 0.279847919940948 0.283258050680161 0.276529580354691 0.256043255329132 0.278970450162888 0.287088215351105
0.386288553476334 0.364807993173599 0.32990574836731 0.344167321920395 0.286143243312836 0.298956990242004 0.329226285219193 0.493869572877884 0.312210530042648 0.309019327163696 0.321095407009125 0.359940052032471 0.356392502784729 0.398155033588409 0.388544201850891 0.386815845966339 0.361868560314178 0.394614815711975 0.398478150367737 0.398478150367737 0.357787609100342 0.369259834289551 0.331352412700653 0.309199720621109 0.273616462945938 0.266585201025009 0.282675236463547 0.28798833489418 0.417656868696213 0.448395520448685 0.443055212497711 0.415526419878006 0.38137286901474 0.340772211551666 0.306701898574829 0.276996105909348 0.279646396636963 0.275386333465576 0.276652067899704 0.254860252141953 0.235708549618721 0.241675570607185 0.226486131548882 0.202443510293961 0.23343813419342 0.23139351606369
0.289765655994415 0.305846333503723 0.307305335998535 0.276669800281525 0.264623284339905 0.289150208234787 0.289150208234787 0.305204510688782 0.315426677465439 0.302068322896957 0.311958879232407 0.299389481544495 0.326910376548767 0.362818479537964 0.340406566858292 0.336474388837814 0.339223444461823 0.337374567985535 0.349553316831589 0.36491534113884 0.340495645999908 0.345978915691376 0.333601832389832 0.29582005739212 0.25308832526207 0.190446794033051 0.208318695425987 0.324770301580429 0.309077382087708 0.307759821414948 0.348553597927094 0.340234458446503 0.311640501022339 0.304800987243652 0.277435421943665 0.251958906650543 0.227851420640945 0.225743532180786 0.21375934779644 0.231397643685341 0.216112688183784 0.202309414744377 0.186479941010475 0.172267138957977 0.183834299445152 0.209778398275375
0.253005594015121 0.2557293176651 0.25699520111084 0.25699520111084 0.248312443494797 0.259754031896591 0.248312443494797 0.268761277198792 0.301822930574417 0.301822930574417 0.288913041353226 0.248312443494797 0.265660136938095 0.283327460289001 0.295239448547363 0.303988337516785 0.266432255506516 0.294866174459457 0.299143016338348 0.303341150283813 0.309882283210754 0.320607900619507 0.311052441596985 0.279547661542892 0.232072427868843 0.2860406935215 0.282484889030457 0.253957509994507 0.255073577165604 0.245443865656853 0.254728078842163 0.276975780725479 0.266675263643265 0.260837733745575 0.255235075950623 0.225823819637299 0.206458538770676 0.188239932060242 0.156175211071968 0.187822237610817 0.187147438526154 0.162092238664627 0.167472749948502 0.165695622563362 0.155842110514641 0.178483322262764
0.227805882692337 0.227826744318008 0.227826744318008 0.227826744318008 0.200154915452003 0.452323496341705 0.453633040189743 0.498957008123398 0.500331878662109 0.518182218074799 0.497396975755692 0.484112560749054 0.453794151544571 0.247669830918312 0.240642949938774 0.255480200052261 0.225486218929291 0.239947602152824 0.242660358548164 0.246623814105988 0.242437064647675 0.248469486832619 0.233439564704895 0.201677888631821 0.309417754411697 0.235358163714409 0.187505498528481 0.178270041942596 0.161072105169296 0.180926457047462 0.171958327293396 0.180904000997543 0.19298629462719 0.237090215086937 0.213167175650597 0.189849272370338 0.186137139797211 0.143856346607208 0.126686841249466 0.139469146728516 0.147261545062065 0.146114096045494 0.147742435336113 0.14624972641468 0.150644838809967 0.148858934640884
0.193137586116791 0.168479695916176 0.371262669563293 0.340740978717804 0.349512785673141 0.404969662427902 0.43289640545845 0.459990322589874 0.462815493345261 0.482758492231369 0.461311727762222 0.46263512969017 0.431827425956726 0.413985460996628 0.209132000803947 0.172961220145226 0.175840780138969 0.199697211384773 0.199184820055962 0.200467944145203 0.211635574698448 0.196255326271057 0.355010420084 0.284596353769302 0.228192552924156 0.183516517281532 0.161745637655258 0.123993873596191 0.118562370538712 0.133687928318977 0.142092570662498 0.147100195288658 0.173560485243797 0.166631728410721 0.177231475710869 0.144247099757195 0.13274359703064 0.127998933196068 0.108398981392384 0.117265872657299 0.118116073310375 0.12038591504097 0.124902181327343 0.132012292742729 0.131368339061737 0.145172595977783
0.178234860301018 0.322439402341843 0.303051799535751 0.279523313045502 0.307640910148621 0.328723251819611 0.378724426031113 0.37687548995018 0.40931761264801 0.405638784170151 0.430868804454803 0.43889644742012 0.433678150177002 0.370698392391205 0.36099648475647 0.38500714302063 0.378591239452362 0.382386058568954 0.385391086339951 0.338551789522171 0.355947881937027 0.337581753730774 0.319874405860901 0.241844177246094 0.221459075808525 0.181083768606186 0.131204590201378 0.105232618749142 0.102965801954269 0.0987041220068932 0.126418709754944 0.131996482610703 0.139788761734962 0.134588703513145 0.132753908634186 0.121501408517361 0.110035248100758 0.105224758386612 0.090084969997406 0.106539085507393 0.107996374368668 0.118257790803909 0.118689365684986 0.123146541416645 0.128598675131798 0.153647378087044
0.351273685693741 0.302958488464355 0.283244162797928 0.285656005144119 0.284155547618866 0.295576691627502 0.328914910554886 0.341327428817749 0.341327428817749 0.381807595491409 0.381380021572113 0.372895687818527 0.363981574773788 0.378483414649963 0.343295603990555 0.343295603990555 0.342501670122147 0.351264119148254 0.345902174711227 0.352335810661316 0.327489256858826 0.301384061574936 0.269683957099915 0.22933167219162 0.19840706884861 0.160706996917725 0.132830068469048 0.093816876411438 0.0870261713862419 0.087749183177948 0.100496143102646 0.105969429016113 0.124219074845314 0.112627610564232 0.102755635976791 0.0935221016407013 0.0935693606734276 0.0857396870851517 0.0814059227705002 0.0826640203595161 0.0975527241826057 0.107189528644085 0.110207863152027 0.10862659662962 0.121410213410854 0.137966692447662
0.316037178039551 0.277710229158401 0.262213110923767 0.28472426533699 0.319065868854523 0.290828436613083 0.310815036296844 0.311794489622116 0.336858421564102 0.336325317621231 0.338627189397812 0.352516025304794 0.345185101032257 0.316749572753906 0.360452234745026 0.335416048765182 0.341709077358246 0.337765961885452 0.338807910680771 0.312812745571136 0.301023751497269 0.271011412143707 0.237543299794197 0.203244835138321 0.174823954701424 0.154649645090103 0.135575130581856 0.0922942608594894 0.0919297263026237 0.089197464287281 0.0967293009161949 0.0944612547755241 0.0951236933469772 0.0952398702502251 0.0955805331468582 0.0957625359296799 0.0840532779693604 0.0772102549672127 0.0748275816440582 0.076050378382206 0.0768268555402756 0.0850836336612701 0.10092981159687 0.103171862661839 0.107760958373547 0.115372784435749
0.282442510128021 0.291073501110077 0.269290089607239 0.269575834274292 0.267929434776306 0.279057830572128 0.283377319574356 0.298333883285522 0.294419854879379 0.313067555427551 0.317079365253448 0.31483718752861 0.327530771493912 0.322568446397781 0.350676208734512 0.342770397663116 0.328822940587997 0.328822940587997 0.345162212848663 0.326935052871704 0.299512982368469 0.241197720170021 0.224018648266792 0.189598098397255 0.167581975460052 0.155565291643143 0.127512782812119 0.114106319844723 0.0931379646062851 0.0863378271460533 0.0914527177810669 0.0774805322289467 0.0791706964373589 0.0786003917455673 0.0791874825954437 0.078155592083931 0.071964368224144 0.0720211118459702 0.0653687044978142 0.0714320614933968 0.0685148760676384 0.0768264159560204 0.0859347656369209 0.0971452221274376 0.103578381240368 0.102924518287182
0.273609280586243 0.277979701757431 0.253551721572876 0.235635340213776 0.271374940872192 0.265340238809586 0.269238859415054 0.279926061630249 0.278485983610153 0.297650068998337 0.313645094633102 0.313886970281601 0.337799876928329 0.339862734079361 0.354237467050552 0.355050712823868 0.376567125320435 0.365326672792435 0.356130540370941 0.285120606422424 0.265603840351105 0.230482593178749 0.197664633393288 0.18136739730835 0.154627323150635 0.144394174218178 0.131042778491974 0.109410464763641 0.107626743614674 0.0955842658877373 0.081457294523716 0.0794075056910515 0.0742828026413918 0.0769511312246323 0.0797377079725266 0.0733752623200417 0.072363868355751 0.0650685578584671 0.0632542222738266 0.0578079521656036 0.0705059394240379 0.0702472329139709 0.0758901983499527 0.0892659202218056 0.0884122475981712 0.0925351455807686
0.283141613006592 0.262439608573914 0.246720135211945 0.244809910655022 0.260921686887741 0.257688701152802 0.256976157426834 0.273738831281662 0.307098180055618 0.296508222818375 0.309006541967392 0.313439846038818 0.310518682003021 0.316967487335205 0.339473277330399 0.340262144804001 0.341052323579788 0.333988547325134 0.338155210018158 0.288694232702255 0.253537476062775 0.220602720975876 0.196790650486946 0.175653129816055 0.158251613378525 0.13122271001339 0.122589588165283 0.111996300518513 0.100619956851006 0.083546094596386 0.0821223706007004 0.0858078077435493 0.0776347219944 0.073963575065136 0.0755689516663551 0.0698502585291862 0.0661427453160286 0.0660829469561577 0.0628169700503349 0.0586220435798168 0.0562441945075989 0.0599013194441795 0.0728960335254669 0.0801268666982651 0.0843065306544304 0.0900857597589493
0.32205668091774 0.292124330997467 0.275684744119644 0.274677962064743 0.272521018981934 0.26887783408165 0.26203191280365 0.255012780427933 0.295689940452576 0.281664878129959 0.306609481573105 0.315395951271057 0.317346841096878 0.323347508907318 0.320316314697266 0.323727905750275 0.323594987392426 0.317703932523727 0.293926656246185 0.254704982042313 0.23719634115696 0.219085574150085 0.189885079860687 0.163020700216293 0.14886662364006 0.125160038471222 0.12581667304039 0.115814618766308 0.103135481476784 0.0882343873381615 0.0873874649405479 0.0855604112148285 0.0811702534556389 0.0823557525873184 0.0766611248254776 0.0740522891283035 0.0671990290284157 0.0629744753241539 0.0624695904552937 0.0610054396092892 0.059761069715023 0.0608747228980064 0.0763114765286446 0.0773594751954079 0.083215594291687 0.08949314057827
0.280730366706848 0.284808665513992 0.28780460357666 0.280693650245667 0.260136693716049 0.272938787937164 0.268881857395172 0.284186363220215 0.279398441314697 0.29640531539917 0.306829869747162 0.3122199177742 0.323444038629532 0.325349807739258 0.326404720544815 0.326995939016342 0.325372606515884 0.307366997003555 0.280086606740952 0.242205262184143 0.2247364372015 0.209602415561676 0.193351477384567 0.16720674932003 0.151184782385826 0.116177394986153 0.11807607114315 0.105485431849957 0.106076247990131 0.100426495075226 0.0894126147031784 0.0825026705861092 0.084183931350708 0.0838469192385674 0.0809197798371315 0.0694181621074677 0.0674203708767891 0.0638503432273865 0.0607542507350445 0.059329017996788 0.0599839091300964 0.0644504129886627 0.0686625316739082 0.067691370844841 0.079521507024765 0.0844054892659187
0.288891166448593 0.283742636442184 0.319825112819672 0.289164930582047 0.267566829919815 0.302141457796097 0.294753968715668 0.290091425180435 0.290091425180435 0.306829869747162 0.323617905378342 0.322857618331909 0.35824179649353 0.335952430963516 0.339348256587982 0.334024250507355 0.305269688367844 0.316119819879532 0.270309835672379 0.264259308576584 0.214740991592407 0.199164554476738 0.1881442964077 0.172746673226357 0.145820617675781 0.111029207706451 0.111029207706451 0.109867177903652 0.107171058654785 0.0919519886374474 0.0917003005743027 0.0816727802157402 0.0856633484363556 0.0760941430926323 0.0763148814439774 0.0726160854101181 0.0659747570753098 0.0635398030281067 0.0645980685949326 0.062085222452879 0.0614066123962402 0.0644121542572975 0.0766842067241669 0.0687651708722115 0.0662439987063408 0.0794156119227409
0.343273133039474 0.340810298919678 0.333787351846695 0.277068972587585 0.271415650844574 0.293130844831467 0.306376367807388 0.309068232774734 0.320676118135452 0.328808754682541 0.32962092757225 0.334654957056046 0.358731269836426 0.367120146751404 0.324939280748367 0.313518464565277 0.307489007711411 0.292209625244141 0.268763035535812 0.250237345695496 0.234833016991615 0.200965940952301 0.176568984985352 0.176394522190094 0.148270949721336 0.134930863976479 0.102349773049355 0.103364244103432 0.101549796760082 0.0842902138829231 0.0824260786175728 0.0794957503676414 0.0770107060670853 0.0743009299039841 0.0695627555251122 0.0673529878258705 0.0650025457143784 0.0619851909577847 0.0626820176839828 0.0602431409060955 0.0633892342448235 0.0704251006245613 0.0709535032510757 0.0750389248132706 0.0727752894163132 0.0798654928803444
0.340884268283844 0.332490175962448 0.331756263971329 0.333792120218277 0.303427577018738 0.318152278661728 0.330854386091232 0.324842214584351 0.330888032913208 0.327554553747177 0.362280875444412 0.362325340509415 0.374550610780716 0.326368004083633 0.345206409692764 0.334410816431046 0.310242384672165 0.307088404893875 0.271044433116913 0.262164145708084 0.233808577060699 0.218707203865051 0.198502629995346 0.167651072144508 0.152657613158226 0.141384273767471 0.102475978434086 0.102615669369698 0.0937000811100006 0.0916687920689583 0.0757451429963112 0.0711212232708931 0.0651728212833405 0.0679802969098091 0.0662403851747513 0.0619988702237606 0.0649133026599884 0.0625275075435638 0.0624404810369015 0.0609697178006172 0.0704522207379341 0.0721965283155441 0.0720357745885849 0.0753428637981415 0.07175562530756 0.0738067105412483
