data/climate_estimation/maxent_output/Trillium_cernuum.asc
NCOLS 589 
NROWS 197 
XLLCORNER -102.666666666667 
YLLCORNER 38.5 
CELLSIZE 0.0833333333333333 
NODATA_value -3.4e+38 
[rows 84 to 104 of 197, columns 138 to 183 of 589]
0.733985900878906 0.704941272735596 0.682218790054321 0.669035255908966 0.639403820037842 0.605420291423798 0.554971873760223 0.511062681674957 0.456411004066467 0.437050640583038 0.426207453012466 0.419008105993271 0.434196710586548 0.472218632698059 0.484933078289032 0.485928028821945 0.477380871772766 0.498738974332809 0.519021093845367 0.544102370738983 0.524205148220062 0.541672468185425 0.515335202217102 0.530764997005463 0.541169404983521 0.493123322725296 0.525437712669373 0.472328156232834 0.464770078659058 0.477563291788101 0.53607714176178 0.529747128486633 0.520256698131561 0.556638538837433 0.548273503780365 0.597110629081726 0.558971703052521 0.569649457931519 0.575805127620697 0.566738367080688 0.555628657341003 0.543461680412292 0.532526612281799 0.530012249946594 0.507865726947784 0.506798565387726
0.719858944416046 0.702443540096283 0.667775094509125 0.673325955867767 0.628823578357697 0.609513521194458 0.564634203910828 0.503786206245422 0.469848215579987 0.440582185983658 0.463711500167847 0.476073443889618 0.478490144014359 0.464862942695618 0.464593946933746 0.472249954938889 0.473775863647461 0.495586454868317 0.516421556472778 0.535043776035309 0.550758898258209 0.532498240470886 0.507558524608612 0.544691920280457 0.492299854755402 0.506011605262756 0.519616007804871 0.468497335910797 0.479963004589081 0.49336975812912 0.486825674772263 0.527756810188293 0.532710552215576 0.525536715984344 0.568821549415588 0.559289574623108 0.582383036613464 0.572293162345886 0.580638229846954 0.569474339485168 0.563263475894928 0.562223672866821 0.548828363418579 0.536239445209503 0.525861144065857 0.52461051940918
0.702495634555817 0.693010866641998 0.672991156578064 0.664764285087585 0.640515625476837 0.61004227399826 0.570496380329132 0.563443064689636 0.544566333293915 0.526291608810425 0.510340750217438 0.500611662864685 0.489682257175446 0.485582202672958 0.472626179456711 0.479877501726151 0.502104163169861 0.506973206996918 0.526026785373688 0.542927026748657 0.54136860370636 0.542498111724854 0.52120840549469 0.539943993091583 0.508671879768372 0.518605947494507 0.517351865768433 0.480811923742294 0.492962747812271 0.489497631788254 0.498993188142776 0.496582716703415 0.533586859703064 0.543831646442413 0.568930149078369 0.580885291099548 0.591822504997253 0.601334691047668 0.613845109939575 0.594500124454498 0.598739743232727 0.575497269630432 0.556781053543091 0.554876446723938 0.542382180690765 0.531006097793579
0.682436406612396 0.677078306674957 0.674749433994293 0.66616827249527 0.638348698616028 0.621415793895721 0.59245377779007 0.580113172531128 0.539816379547119 0.537719905376434 0.508145451545715 0.497287899255753 0.499941110610962 0.49622431397438 0.483242124319077 0.474989533424377 0.482882976531982 0.520952880382538 0.546321272850037 0.564885973930359 0.56022834777832 0.555127680301666 0.574392557144165 0.556474387645721 0.554619550704956 0.517578363418579 0.533490061759949 0.479616343975067 0.492571324110031 0.489822238683701 0.499616175889969 0.512503087520599 0.503606975078583 0.549961745738983 0.543982923030853 0.587726533412933 0.572423458099365 0.60492354631424 0.616827070713043 0.608590245246887 0.612667441368103 0.601302266120911 0.592406392097473 0.580907702445984 0.580159902572632 0.578846454620361
0.681313455104828 0.679425418376923 0.678979396820068 0.6717649102211 0.633229076862335 0.626431286334991 0.601169764995575 0.57549262046814 0.553398549556732 0.533826112747192 0.52259886264801 0.511735320091248 0.500693261623383 0.493226647377014 0.481411188840866 0.492592602968216 0.509090602397919 0.533686339855194 0.538215935230255 0.562512516975403 0.583064675331116 0.556049168109894 0.575361490249634 0.535609543323517 0.554958879947662 0.516093075275421 0.535516023635864 0.495780438184738 0.493460059165955 0.507133662700653 0.516273617744446 0.512451529502869 0.505601763725281 0.519220590591431 0.545515894889832 0.53940224647522 0.602127254009247 0.612987518310547 0.604579865932465 0.617689728736877 0.616874039173126 0.609202325344086 0.610793232917786 0.600040137767792 0.599140524864197 0.597721993923187
0.69910329580307 0.698243319988251 0.69249564409256 0.669758200645447 0.642612397670746 0.636314332485199 0.599176466464996 0.590337514877319 0.554999828338623 0.554401695728302 0.53645384311676 0.511427223682404 0.507045328617096 0.502808451652527 0.494804084300995 0.520914196968079 0.523480534553528 0.535278260707855 0.552904367446899 0.571259140968323 0.573728322982788 0.577134907245636 0.575696706771851 0.594842970371246 0.553028643131256 0.570512890815735 0.534012258052826 0.501533806324005 0.511426448822021 0.523947477340698 0.517313897609711 0.529528498649597 0.524447619915009 0.517220258712769 0.565335512161255 0.608729183673859 0.634156703948975 0.646021962165833 0.649418473243713 0.651964843273163 0.656217038631439 0.6221843957901 0.624656319618225 0.615989446640015 0.615296065807343 0.616833806037903
0.70502758026123 0.702051877975464 0.697179079055786 0.666750907897949 0.656984686851501 0.631479859352112 0.623278558254242 0.593012630939484 0.570663869380951 0.551943838596344 0.538320362567902 0.518675088882446 0.521621406078339 0.515526652336121 0.51271253824234 0.529422223567963 0.554614782333374 0.563261687755585 0.585566818714142 0.577552139759064 0.591646015644073 0.576774418354034 0.595291912555695 0.596408784389496 0.611477613449097 0.571549654006958 0.532577693462372 0.498853832483292 0.512459218502045 0.524264633655548 0.469805955886841 0.481590360403061 0.523089587688446 0.567444503307343 0.679868578910828 0.677525699138641 0.668724060058594 0.657290756702423 0.653455972671509 0.633011996746063 0.66027045249939 0.652455270290375 0.635213911533356 0.629645764827728 0.633154630661011 0.635591208934784
0.702081739902496 0.698547899723053 0.693027675151825 0.688993871212006 0.656298398971558 0.646671533584595 0.622607886791229 0.591947317123413 0.58850085735321 0.561354994773865 0.548100590705872 0.537663042545319 0.528621971607208 0.540360510349274 0.542375028133392 0.566750586032867 0.557748198509216 0.595021426677704 0.600309252738953 0.608683586120605 0.609746217727661 0.591757655143738 0.612248539924622 0.618007779121399 0.59663325548172 0.59212201833725 0.587662279605865 0.551335453987122 0.517352223396301 0.529829025268555 0.474159717559814 0.484593689441681 0.635745465755463 0.634702503681183 0.630890548229218 0.632088840007782 0.613848388195038 0.651425659656525 0.645252346992493 0.662691712379456 0.671324670314789 0.662752628326416 0.647008180618286 0.653001308441162 0.643941819667816 0.649627327919006
0.710089564323425 0.710314631462097 0.698684453964233 0.681440949440002 0.672861039638519 0.648280262947083 0.627096772193909 0.625956773757935 0.59305727481842 0.580790400505066 0.567091524600983 0.569725513458252 0.554638803005219 0.553367972373962 0.565093338489532 0.583038330078125 0.587338328361511 0.612589776515961 0.623257696628571 0.623753547668457 0.609150230884552 0.612868368625641 0.617051839828491 0.615487217903137 0.618779301643372 0.616072237491608 0.596387505531311 0.557908117771149 0.522435307502747 0.531568586826324 0.521677792072296 0.639324367046356 0.63705438375473 0.593129754066467 0.594347655773163 0.573267877101898 0.624179899692535 0.619638800621033 0.653193831443787 0.670658886432648 0.679679572582245 0.674261450767517 0.678147554397583 0.662761628627777 0.674489915370941 0.658874928951263
0.71603924036026 0.717669367790222 0.700997054576874 0.681976914405823 0.663888335227966 0.642011046409607 0.632289826869965 0.617357552051544 0.606671452522278 0.597399413585663 0.584785342216492 0.586559116840363 0.569161593914032 0.585870146751404 0.596547663211823 0.597185909748077 0.611851811408997 0.629264652729034 0.6189826130867 0.637760996818542 0.646084368228912 0.627853274345398 0.634840071201324 0.62234628200531 0.640529453754425 0.641227841377258 0.619548797607422 0.595091342926025 0.604162216186523 0.61291629076004 0.578455805778503 0.58423924446106 0.558647274971008 0.586351037025452 0.585209012031555 0.584071040153503 0.613444685935974 0.645972728729248 0.661345183849335 0.677044093608856 0.686722695827484 0.681841373443604 0.667870044708252 0.675347745418549 0.678270816802979 0.67061173915863
0.723386108875275 0.708347380161285 0.70611447095871 0.691457986831665 0.666967988014221 0.647362053394318 0.628122806549072 0.616946756839752 0.60690712928772 0.608610153198242 0.602400779724121 0.598516464233398 0.603098452091217 0.607244253158569 0.613901674747467 0.639868855476379 0.626757264137268 0.647591829299927 0.655064582824707 0.657558619976044 0.667125701904297 0.633187830448151 0.650507271289825 0.638356029987335 0.625749528408051 0.643332540988922 0.62446117401123 0.649663388729095 0.682416200637817 0.69037652015686 0.655571937561035 0.586847007274628 0.583857178688049 0.599726498126984 0.580584347248077 0.626509726047516 0.625584304332733 0.65955001115799 0.65081912279129 0.666171133518219 0.675790965557098 0.682755768299103 0.676562309265137 0.682199597358704 0.688796401023865 0.681141018867493
0.732259452342987 0.715419411659241 0.697265923023224 0.680529713630676 0.656355738639832 0.631983995437622 0.617872655391693 0.609925806522369 0.607488811016083 0.614100873470306 0.601723313331604 0.611144423484802 0.623284518718719 0.6433966755867 0.654047071933746 0.651430368423462 0.664510667324066 0.662576138973236 0.674875557422638 0.67232757806778 0.662846744060516 0.669455945491791 0.670270383358002 0.633791983127594 0.654383778572083 0.639320015907288 0.654446065425873 0.677993655204773 0.682903826236725 0.667893350124359 0.64992344379425 0.631008625030518 0.630747735500336 0.575065910816193 0.6228067278862 0.619246482849121 0.652482032775879 0.649003922939301 0.6640664935112 0.656681835651398 0.665544867515564 0.672196567058563 0.687226235866547 0.697222530841827 0.69721907377243 0.70241504907608
0.738256931304932 0.718096852302551 0.695173680782318 0.677786946296692 0.662132918834686 0.628096282482147 0.617969393730164 0.613512516021729 0.616078794002533 0.611143529415131 0.615751266479492 0.612284004688263 0.635175108909607 0.648173093795776 0.654756247997284 0.662457227706909 0.666526615619659 0.67318207025528 0.673824965953827 0.677336931228638 0.680124402046204 0.666822910308838 0.664933025836945 0.664572954177856 0.681880295276642 0.66133314371109 0.666880369186401 0.672329545021057 0.658384025096893 0.642928302288055 0.622942805290222 0.638654351234436 0.599727809429169 0.617891490459442 0.650768637657166 0.646125793457031 0.658458173274994 0.670478343963623 0.680664837360382 0.668707013130188 0.680842041969299 0.688377320766449 0.694776773452759 0.685302078723907 0.69184809923172 0.698467433452606
0.722655177116394 0.704149782657623 0.700769364833832 0.689211368560791 0.670358717441559 0.635905981063843 0.626884460449219 0.623120784759521 0.621273398399353 0.623751163482666 0.622857332229614 0.638615310192108 0.637058019638062 0.664612233638763 0.664434790611267 0.682501018047333 0.685707211494446 0.694248139858246 0.717718183994293 0.718288421630859 0.708584845066071 0.696119487285614 0.694901466369629 0.674972474575043 0.673725962638855 0.673248171806335 0.671507656574249 0.673711359500885 0.667723536491394 0.634388267993927 0.623527407646179 0.638146102428436 0.616162896156311 0.673522472381592 0.679101705551147 0.679166793823242 0.683613657951355 0.675439894199371 0.697238147258759 0.68742573261261 0.702466666698456 0.687670052051544 0.68451589345932 0.707654476165771 0.711289823055267 0.702383816242218
0.715839684009552 0.713863909244537 0.712723731994629 0.696034908294678 0.676660776138306 0.647948861122131 0.639731287956238 0.632582247257233 0.627943754196167 0.631450235843658 0.625313997268677 0.626692354679108 0.643103420734406 0.650359690189362 0.667728126049042 0.666619479656219 0.675417304039001 0.714216113090515 0.722910702228546 0.737757563591003 0.719859540462494 0.723653972148895 0.70738285779953 0.689972937107086 0.672282695770264 0.670756578445435 0.652419686317444 0.649035334587097 0.638637602329254 0.623790562152863 0.630526304244995 0.647739291191101 0.665188312530518 0.683459222316742 0.702865481376648 0.698484182357788 0.68859738111496 0.681739389896393 0.698048651218414 0.714633584022522 0.729305028915405 0.715161979198456 0.715386927127838 0.69440096616745 0.696020662784576 0.70285040140152
0.725644588470459 0.724703431129456 0.716402769088745 0.697992742061615 0.681284189224243 0.653772294521332 0.642374873161316 0.638406813144684 0.632833480834961 0.621850311756134 0.631006062030792 0.620217323303223 0.629668474197388 0.629399001598358 0.646857976913452 0.661657512187958 0.66436892747879 0.687995195388794 0.717907547950745 0.731880366802216 0.724005281925201 0.707783162593842 0.692278146743774 0.673455476760864 0.668315768241882 0.647519469261169 0.653863728046417 0.639443159103394 0.647021532058716 0.61611807346344 0.635287344455719 0.651212632656097 0.668987929821014 0.687697350978851 0.676040232181549 0.684412598609924 0.665491223335266 0.678008615970612 0.672315537929535 0.685889661312103 0.705956399440765 0.718892812728882 0.741114974021912 0.733537018299103 0.715006113052368 0.705990970134735
0.745850682258606 0.738327443599701 0.719117283821106 0.70497739315033 0.686721980571747 0.667232692241669 0.654580056667328 0.647558033466339 0.637206435203552 0.638422131538391 0.619093954563141 0.615915715694427 0.632058680057526 0.632907330989838 0.631106019020081 0.633207619190216 0.655506253242493 0.677541971206665 0.701564610004425 0.703808844089508 0.707929670810699 0.694918513298035 0.678046405315399 0.655964374542236 0.640848636627197 0.63313102722168 0.629242539405823 0.630285084247589 0.636230945587158 0.64019763469696 0.640352368354797 0.655763924121857 0.667975068092346 0.662156581878662 0.658485233783722 0.649862825870514 0.661774575710297 0.6449014544487 0.635816276073456 0.682158231735229 0.696542382240295 0.708670914173126 0.735929608345032 0.762195646762848 0.736266374588013 0.702443659305573
0.746133029460907 0.744339406490326 0.728842258453369 0.708341360092163 0.690306663513184 0.675129771232605 0.661593794822693 0.656409025192261 0.646754741668701 0.632740497589111 0.621071994304657 0.611749410629272 0.598892092704773 0.611945390701294 0.614362299442291 0.619577884674072 0.637576818466187 0.643438398838043 0.663274168968201 0.674184679985046 0.67454332113266 0.657189071178436 0.661060154438019 0.644584774971008 0.639658868312836 0.635633230209351 0.63557231426239 0.634446799755096 0.641073644161224 0.649599313735962 0.645327210426331 0.641041219234467 0.639341294765472 0.649039030075073 0.642077147960663 0.62302154302597 0.639170944690704 0.64173698425293 0.635993540287018 0.647633910179138 0.670133888721466 0.69933557510376 0.725059986114502 0.752074062824249 0.738629937171936 0.708961188793182
0.748348593711853 0.735115230083466 0.734191954135895 0.72007828950882 0.70384818315506 0.688662350177765 0.679745852947235 0.66940575838089 0.652220249176025 0.638945162296295 0.623664498329163 0.613503158092499 0.611987233161926 0.61422735452652 0.615153193473816 0.617478966712952 0.623380839824677 0.624170124530792 0.633842468261719 0.641123056411743 0.640313982963562 0.64208197593689 0.640859723091125 0.644662022590637 0.642746686935425 0.640100121498108 0.63728255033493 0.650949001312256 0.648541271686554 0.649728357791901 0.647325396537781 0.649451553821564 0.64355742931366 0.63294392824173 0.621397197246552 0.622269630432129 0.6170614361763 0.612136840820312 0.62909346818924 0.639678657054901 0.662416219711304 0.680663049221039 0.712052464485168 0.719628214836121 0.718628287315369 0.711960256099701
0.744150161743164 0.726049840450287 0.722409009933472 0.709214270114899 0.707966864109039 0.692448079586029 0.68010550737381 0.663860082626343 0.654285192489624 0.642222762107849 0.632404088973999 0.62957090139389 0.630637347698212 0.621469736099243 0.623163461685181 0.627016544342041 0.63226842880249 0.632672548294067 0.633328855037689 0.638148725032806 0.634052336215973 0.638351619243622 0.640411198139191 0.644610464572906 0.640496611595154 0.641980648040771 0.641181528568268 0.650283455848694 0.65082198381424 0.650175154209137 0.651631772518158 0.651629507541656 0.647097885608673 0.633066892623901 0.634749412536621 0.62090015411377 0.618404805660248 0.616228640079498 0.620370805263519 0.630100965499878 0.653666496276855 0.66291332244873 0.690882384777069 0.709464132785797 0.689206302165985 0.701644897460938
0.744904041290283 0.728850305080414 0.723783552646637 0.723315238952637 0.709198355674744 0.704923152923584 0.687119722366333 0.669309377670288 0.659866631031036 0.650055885314941 0.643389105796814 0.639070451259613 0.641144812107086 0.646288275718689 0.650738179683685 0.651900589466095 0.645660996437073 0.640075981616974 0.637335658073425 0.640409648418427 0.64129227399826 0.642622351646423 0.639697730541229 0.642642974853516 0.643118023872375 0.641759395599365 0.650964021682739 0.650183200836182 0.651455521583557 0.650160014629364 0.652732372283936 0.655945420265198 0.656039834022522 0.646936237812042 0.635721147060394 0.63623434305191 0.630026876926422 0.61927855014801 0.610691726207733 0.623888254165649 0.631965935230255 0.64278769493103 0.662882268428802 0.665088593959808 0.684891104698181 0.668750405311584
