data/climate_estimation/maxent_output/Trillium_viridescens.asc
NCOLS 111 
NROWS 86 
XLLCORNER -99.6666666666667 
YLLCORNER 31.3333333333333 
CELLSIZE 0.0833333333333333 
NODATA_value -3.4e+38 
[rows 60 to 79 of 86, columns 0 to 43 of 111]
0.0354410037398338 0.0336253009736538 0.041683703660965 0.0416886918246746 0.0532878339290619 0.0578002631664276 0.0601875260472298 0.0628707036375999 0.0790902450680733 0.0895622074604034 0.118320852518082 0.131699740886688 0.161467283964157 0.194839015603065 0.204881027340889 0.245990291237831 0.277339369058609 0.282263904809952 0.312905251979828 0.309915125370026 0.375444531440735 0.407221496105194 0.408989489078522 0.420876711606979 0.416871577501297 0.438983976840973 0.487333804368973 0.589347124099731 0.660885453224182 0.713621616363525 0.770259737968445 0.83687025308609 0.826409935951233 0.77879524230957 0.743715107440948 0.673286199569702 0.691896140575409 0.669963777065277 0.692859292030334 0.719053983688354 0.762740433216095 0.807616353034973 0.78442519903183 0.802601873874664
0.0334042496979237 0.0355900898575783 0.0398315899074078 0.0503910034894943 0.0498542301356792 0.0570337176322937 0.0648726671934128 0.0703364163637161 0.079189345240593 0.0994856283068657 0.118879266083241 0.132390201091766 0.154220670461655 0.191929757595062 0.221298113465309 0.245226338505745 0.268268972635269 0.307549595832825 0.328119575977325 0.345448136329651 0.37623929977417 0.408296912908554 0.462774217128754 0.475052416324615 0.461344867944717 0.493770033121109 0.508079648017883 0.57668125629425 0.665994763374329 0.729168117046356 0.781898856163025 0.832102358341217 0.836316049098969 0.804341316223145 0.727284908294678 0.677337169647217 0.663864731788635 0.696967601776123 0.722900152206421 0.750100076198578 0.775219976902008 0.807995975017548 0.822168588638306 0.847975492477417
0.035717286169529 0.0348807945847511 0.0404910482466221 0.0407687053084373 0.0498594082891941 0.0615349672734737 0.0594502463936806 0.0737553015351295 0.0858485102653503 0.0947814956307411 0.116061590611935 0.149222031235695 0.169895157217979 0.177802130579948 0.226049289107323 0.236481830477715 0.255033433437347 0.295357227325439 0.31022921204567 0.357680976390839 0.398647755384445 0.46037819981575 0.502956986427307 0.56434565782547 0.507159113883972 0.506596863269806 0.579819858074188 0.583775281906128 0.651430487632751 0.690008044242859 0.73331618309021 0.788430452346802 0.802618086338043 0.789023220539093 0.721971273422241 0.669899642467499 0.66551798582077 0.693090677261353 0.755243003368378 0.786561846733093 0.812200546264648 0.825283348560333 0.857704281806946 0.876323699951172
0.032039362937212 0.0337807349860668 0.037811603397131 0.0412100963294506 0.0484956875443459 0.0555131770670414 0.0636176094412804 0.0664481073617935 0.0885983556509018 0.109375476837158 0.123706459999084 0.147101178765297 0.167077735066414 0.188910469412804 0.214624300599098 0.243466347455978 0.235242709517479 0.261623442173004 0.304429709911346 0.329179227352142 0.383514910936356 0.51864755153656 0.587598741054535 0.606181681156158 0.524640440940857 0.532509744167328 0.542493343353271 0.616804122924805 0.617419123649597 0.634614169597626 0.676681399345398 0.750574111938477 0.748913288116455 0.74370676279068 0.690785348415375 0.658738672733307 0.710370540618896 0.743413031101227 0.806670844554901 0.823444247245789 0.838696420192719 0.878174006938934 0.913994014263153 0.912342131137848
0.0299075022339821 0.0356238260865211 0.0357530973851681 0.0406491048634052 0.0476010777056217 0.0552610605955124 0.0691286996006966 0.0877396911382675 0.105071291327477 0.118129536509514 0.140438213944435 0.15636895596981 0.179207816720009 0.208930462598801 0.221316248178482 0.246468082070351 0.25366348028183 0.282656073570251 0.296129107475281 0.329683214426041 0.372836619615555 0.458910226821899 0.494889348745346 0.578289031982422 0.583360016345978 0.587827086448669 0.574432611465454 0.553026437759399 0.595757961273193 0.64042854309082 0.697015821933746 0.751503646373749 0.777491211891174 0.772065758705139 0.700092554092407 0.687446713447571 0.692049920558929 0.760426938533783 0.804382503032684 0.825323760509491 0.860051333904266 0.904284834861755 0.924222588539124 0.916533231735229
0.0279261246323586 0.0309670157730579 0.0350384153425694 0.0412018373608589 0.048139326274395 0.0537561774253845 0.0822348222136497 0.0846502780914307 0.102288834750652 0.120550528168678 0.156417012214661 0.170580431818962 0.208947107195854 0.220784574747086 0.235323294997215 0.257037729024887 0.267544597387314 0.275120913982391 0.281560271978378 0.345027506351471 0.388527929782867 0.400119096040726 0.510789811611176 0.520672798156738 0.526716411113739 0.524419784545898 0.531378865242004 0.546919345855713 0.587051689624786 0.64242696762085 0.66317617893219 0.700593531131744 0.747996628284454 0.737636387348175 0.67828780412674 0.694980561733246 0.744702756404877 0.744562447071075 0.811644196510315 0.822168290615082 0.887001752853394 0.888471961021423 0.916403412818909 0.943617641925812
0.027339236810803 0.0290407054126263 0.0305339582264423 0.0328099876642227 0.0431769974529743 0.0459762401878834 0.0712252780795097 0.0928119271993637 0.101067401468754 0.124403558671474 0.149682685732841 0.174535199999809 0.205734416842461 0.240148201584816 0.290808081626892 0.270533412694931 0.319217294454575 0.287966549396515 0.280366718769073 0.329536467790604 0.343445420265198 0.408364355564117 0.441052407026291 0.484049916267395 0.504839062690735 0.481769859790802 0.48096963763237 0.468000829219818 0.577578723430634 0.606718420982361 0.604743659496307 0.663478493690491 0.755115330219269 0.790186941623688 0.757879078388214 0.731889545917511 0.76396781206131 0.779512763023376 0.818312704563141 0.833752155303955 0.895214021205902 0.923283159732819 0.923754096031189 0.945803940296173
0.027332654222846 0.0253141783177853 0.034042663872242 0.0390434004366398 0.0437471978366375 0.0630798637866974 0.0739156976342201 0.0872028321027756 0.0973050743341446 0.132106140255928 0.145255044102669 0.191349372267723 0.20405612885952 0.253081530332565 0.28719624876976 0.31670817732811 0.305761903524399 0.327766329050064 0.280045479536057 0.276872932910919 0.358983784914017 0.366536945104599 0.451971679925919 0.448262840509415 0.421306520700455 0.446245491504669 0.430683374404907 0.472273141145706 0.514722466468811 0.58258843421936 0.620503604412079 0.651422619819641 0.703865468502045 0.688396096229553 0.759055137634277 0.765338599681854 0.77539736032486 0.836556911468506 0.833182692527771 0.896858990192413 0.89915919303894 0.928246974945068 0.216238588094711 0.224938824772835
0.0240472331643105 0.0284379851073027 0.0286859553307295 0.0351864472031593 0.0494173504412174 0.0569674223661423 0.0724887475371361 0.0926871448755264 0.103387996554375 0.112511925399303 0.148474529385567 0.185256361961365 0.19595231115818 0.229490801692009 0.266613453626633 0.33206170797348 0.318345129489899 0.286220103502274 0.27695620059967 0.253209799528122 0.311681687831879 0.380801439285278 0.403664022684097 0.432250380516052 0.422013193368912 0.359478265047073 0.334979712963104 0.363229334354401 0.448591649532318 0.516062617301941 0.553108334541321 0.58725643157959 0.610114455223083 0.671385884284973 0.672463417053223 0.765392601490021 0.831664741039276 0.788054585456848 0.882384121417999 0.913936376571655 0.932804226875305 0.221680000424385 0.21207357943058 0.221563220024109
0.0250555891543627 0.0269511938095093 0.0285059325397015 0.0329581387341022 0.0437285006046295 0.0550630353391171 0.0715465322136879 0.0748449116945267 0.102746918797493 0.110477395355701 0.138234972953796 0.155829221010208 0.17537733912468 0.216891333460808 0.278219223022461 0.278245002031326 0.342589110136032 0.310087502002716 0.264416456222534 0.297281980514526 0.332570940256119 0.397015959024429 0.409895867109299 0.420888870954514 0.433932453393936 0.403099358081818 0.359908372163773 0.385839939117432 0.462501645088196 0.521686673164368 0.564136385917664 0.576275527477264 0.618735373020172 0.62364250421524 0.721416473388672 0.751186490058899 0.817225635051727 0.836797118186951 0.916718304157257 0.172207340598106 0.193839862942696 0.207898169755936 0.222688764333725 0.248230263590813
0.0212170165032148 0.0239928383380175 0.0257402546703815 0.0357109941542149 0.0444415099918842 0.0570618063211441 0.0607558824121952 0.0767774507403374 0.09088484197855 0.110298350453377 0.119697481393814 0.139492183923721 0.176331371068954 0.202833071351051 0.255321562290192 0.273096263408661 0.260279327630997 0.268160223960876 0.284259438514709 0.270584315061569 0.312684148550034 0.435975044965744 0.45362177491188 0.385098814964294 0.39686906337738 0.422843813896179 0.426940441131592 0.449342966079712 0.489437073469162 0.535736441612244 0.562910735607147 0.604109644889832 0.640712976455688 0.668076813220978 0.697800159454346 0.733929932117462 0.807524502277374 0.815858364105225 0.172842875123024 0.190058499574661 0.196242451667786 0.196833267807961 0.208009377121925 0.239736154675484
0.0201394576579332 0.0211430806666613 0.0205113925039768 0.0326709747314453 0.0361559689044952 0.0479812361299992 0.054635614156723 0.061588428914547 0.0904772952198982 0.0955979079008102 0.120792992413044 0.13617180287838 0.159289166331291 0.213743582367897 0.235773235559464 0.235612362623215 0.240433230996132 0.268303751945496 0.252595335245132 0.316685438156128 0.334282636642456 0.36701899766922 0.401362657546997 0.397011011838913 0.345145881175995 0.426952391862869 0.44253072142601 0.463113844394684 0.492705345153809 0.522964417934418 0.598617851734161 0.608970105648041 0.593636870384216 0.648466348648071 0.704900979995728 0.776958286762238 0.145221352577209 0.149875491857529 0.161818519234657 0.172549113631248 0.18966269493103 0.188122883439064 0.218216955661774 0.223288148641586
0.0187319554388523 0.0182639807462692 0.0211379919201136 0.0232674367725849 0.0322135351598263 0.0407061390578747 0.0432162508368492 0.0582039840519428 0.0657489001750946 0.0879287123680115 0.0981192737817764 0.126601383090019 0.173262134194374 0.185312688350677 0.220609962940216 0.204655572772026 0.228338435292244 0.209228157997131 0.234556660056114 0.280366122722626 0.32608425617218 0.343968063592911 0.398502677679062 0.401927143335342 0.415264010429382 0.420687645673752 0.461091816425323 0.50230610370636 0.547094762325287 0.563208401203156 0.597768664360046 0.594819486141205 0.627981960773468 0.646561026573181 0.690829336643219 0.14035864174366 0.141255721449852 0.156565919518471 0.151574522256851 0.165846481919289 0.17711666226387 0.188155367970467 0.186037808656693 0.215007707476616
0.0157824698835611 0.0161408502608538 0.0170339588075876 0.0223560985177755 0.0300282929092646 0.0326214097440243 0.0423198714852333 0.0472156256437302 0.0651482939720154 0.083338238298893 0.101234517991543 0.119080744683743 0.146786570549011 0.181018799543381 0.187317997217178 0.173356354236603 0.184888675808907 0.226077124476433 0.249601155519485 0.290464520454407 0.30307674407959 0.345788955688477 0.397665768861771 0.424228817224503 0.430252552032471 0.469033122062683 0.52298492193222 0.546257555484772 0.57050609588623 0.568008184432983 0.61428838968277 0.609449028968811 0.622034966945648 0.652940452098846 0.700180470943451 0.140824735164642 0.138091057538986 0.154147446155548 0.149624407291412 0.167800411581993 0.181259885430336 0.175074055790901 0.177583917975426 0.196083813905716
0.0137602239847183 0.0157337728887796 0.0174320489168167 0.0212085098028183 0.025045296177268 0.0298428181558847 0.0361767746508121 0.0534878820180893 0.0558874346315861 0.0844596698880196 0.0909496247768402 0.114235647022724 0.150492131710052 0.159666746854782 0.17631883919239 0.171555384993553 0.19914622604847 0.199057757854462 0.2251365929842 0.268918514251709 0.337377548217773 0.354445159435272 0.415809601545334 0.417590945959091 0.439557641744614 0.453563868999481 0.558703005313873 0.576869428157806 0.581456542015076 0.587356626987457 0.610897302627563 0.601997137069702 0.606594145298004 0.640398681163788 0.121482670307159 0.139348104596138 0.138611763715744 0.150208279490471 0.167257696390152 0.162611395120621 0.172087118029594 0.161222547292709 0.16620272397995 0.175348088145256
0.0122380135580897 0.0140787567943335 0.0189637634903193 0.0207423288375139 0.0204362664371729 0.0282190479338169 0.0371285602450371 0.0469872988760471 0.0617905035614967 0.0772575065493584 0.0983071699738503 0.115304216742516 0.13821505010128 0.158979788422585 0.169809207320213 0.179965525865555 0.19478677213192 0.203755632042885 0.209660410881042 0.251893758773804 0.318285703659058 0.38713812828064 0.42664822936058 0.480172485113144 0.52952778339386 0.522297620773315 0.533975183963776 0.532591342926025 0.617500483989716 0.594919800758362 0.593933999538422 0.605277061462402 0.622626483440399 0.64916318655014 0.116008311510086 0.138205364346504 0.15623676776886 0.153849959373474 0.156605362892151 0.171605557203293 0.169504702091217 0.165072739124298 0.161058187484741 0.168395832180977
0.0122143877670169 0.013992739841342 0.0164358392357826 0.0217155255377293 0.0256683453917503 0.0315445028245449 0.037684578448534 0.043629352003336 0.06364406645298 0.0814740881323814 0.0950893834233284 0.111628212034702 0.138650044798851 0.151388585567474 0.177214428782463 0.222872823476791 0.20585110783577 0.204539403319359 0.210487827658653 0.22989684343338 0.259370356798172 0.339450091123581 0.420459032058716 0.448455780744553 0.521362781524658 0.580951809883118 0.653036713600159 0.640094399452209 0.647367238998413 0.544145286083221 0.618799328804016 0.630934536457062 0.674691677093506 0.696184039115906 0.108601599931717 0.122911483049393 0.137346923351288 0.140614524483681 0.149725317955017 0.146561041474342 0.154731944203377 0.150115683674812 0.166831895709038 0.163006201386452
0.011664648540318 0.014192271977663 0.0182289816439152 0.022852374240756 0.0265149176120758 0.0316585376858711 0.0406167171895504 0.0491442643105984 0.0525385439395905 0.0687695443630219 0.0912918448448181 0.107331462204456 0.116568490862846 0.146466612815857 0.173122301697731 0.197058811783791 0.180393218994141 0.187368527054787 0.200901746749878 0.274450749158859 0.314865469932556 0.374306976795197 0.390041381120682 0.476182788610458 0.543237686157227 0.578074991703033 0.591298639774323 0.627003848552704 0.605459034442902 0.621455132961273 0.624219298362732 0.663242995738983 0.645335257053375 0.664169013500214 0.692237734794617 0.100964054465294 0.118674904108047 0.148449271917343 0.135087192058563 0.145374909043312 0.140491932630539 0.163850918412209 0.151396200060844 0.149556994438171
0.0121477749198675 0.012741687707603 0.0172284916043282 0.0207726638764143 0.0247122831642628 0.0339240394532681 0.0407102704048157 0.0504010133445263 0.0506179556250572 0.0624862164258957 0.0781828165054321 0.0893936008214951 0.101305939257145 0.132934227585793 0.148067623376846 0.168774768710136 0.187009051442146 0.206999063491821 0.225852727890015 0.246320277452469 0.27442067861557 0.349495947360992 0.395295172929764 0.432111382484436 0.45032986998558 0.52681440114975 0.565444052219391 0.61366879940033 0.571483016014099 0.614066362380981 0.60088986158371 0.598588407039642 0.615476727485657 0.661560237407684 0.0931060835719109 0.112275153398514 0.130988672375679 0.141693875193596 0.148280024528503 0.143160089850426 0.153512835502625 0.1511320322752 0.158172264695168 0.153355345129967
0.0123335244134068 0.0143046341836452 0.0194481387734413 0.023881621658802 0.0292118564248085 0.0392862446606159 0.0410173982381821 0.0487710721790791 0.0494782701134682 0.0624024569988251 0.0663100108504295 0.0661694779992104 0.0807358175516129 0.0939272716641426 0.12281172722578 0.148441910743713 0.167742684483528 0.168741419911385 0.187440037727356 0.229681625962257 0.258119225502014 0.287919789552689 0.345102995634079 0.43002113699913 0.45508599281311 0.502760112285614 0.541197955608368 0.607556939125061 0.594386696815491 0.5861776471138 0.582043826580048 0.586491644382477 0.606814861297607 0.652574777603149 0.106285646557808 0.112156458199024 0.113131418824196 0.140256583690643 0.137596622109413 0.149793967604637 0.140043720602989 0.156373485922813 0.136183530092239 0.131709322333336
