data/climate_estimation/maxent_output/Trillium_discolor.asc
NCOLS 29 
NROWS 20 
XLLCORNER -84.3333333333333 
YLLCORNER 33.4166666666667 
CELLSIZE 0.0833333333333335 
NODATA_value -3.4e+38 
0.705486536026001 0.630443274974823 0.64736533164978 0.626298844814301 0.630312144756317 0.635653793811798 0.642310380935669 0.621683835983276 0.858432590961456 0.859707415103912 0.909586071968079 0.849948346614838 0.934223592281342 0.971607029438019 0.98939573764801 0.993599355220795 0.979999184608459 0.982641100883484 0.983226835727692 0.992684185504913 0.989495515823364 0.991116404533386 0.991116404533386 0.989618480205536 0.987928152084351 0.98696768283844 0.985955536365509 0.983831286430359 0.978678047657013
0.620134770870209 0.63118577003479 0.639087438583374 0.673183798789978 0.62308394908905 0.629307091236115 0.617568492889404 0.774520337581635 0.866028785705566 0.877741456031799 0.873425006866455 0.863966763019562 0.967684864997864 0.896176397800446 0.939159631729126 0.965078830718994 0.986961781978607 0.990703225135803 0.98864358663559 0.990083754062653 0.990257799625397 0.992428004741669 0.980849087238312 0.975139617919922 0.975214898586273 0.973545551300049 0.971956193447113 0.96453595161438 0.960249900817871
0.620713531970978 0.631459653377533 0.70917272567749 0.68223911523819 0.643155217170715 0.764957845211029 0.874403595924377 0.782485902309418 0.869323074817657 0.75980669260025 0.843461573123932 0.828407764434814 0.875847280025482 0.945055425167084 0.958614349365234 0.977488994598389 0.983212888240814 0.987341821193695 0.983598589897156 0.984410464763641 0.982047617435455 0.984460353851318 0.961495518684387 0.952310800552368 0.949860692024231 0.947391390800476 0.947575926780701 0.944756209850311 0.933876872062683
0.734782934188843 0.728283405303955 0.735200762748718 0.738157749176025 0.795045256614685 0.628488481044769 0.810147404670715 0.86531263589859 0.76308411359787 0.746263325214386 0.81515109539032 0.885727345943451 0.921502590179443 0.930913686752319 0.955832004547119 0.977069497108459 0.983857333660126 0.974736571311951 0.984486758708954 0.984460353851318 0.983304262161255 0.96759420633316 0.934940040111542 0.881999671459198 0.918566882610321 0.925941646099091 0.95013564825058 0.950314462184906 0.941683769226074
0.74011242389679 0.751922369003296 0.75403106212616 0.747621536254883 0.802871584892273 0.730292916297913 0.703478276729584 0.751831829547882 0.76605898141861 0.798923254013062 0.816504895687103 0.890557169914246 0.917629480361938 0.943712949752808 0.952290773391724 0.962739706039429 0.970868349075317 0.973144590854645 0.97325998544693 0.973076164722443 0.971345782279968 0.943486273288727 0.934814929962158 0.886165618896484 0.925576150417328 0.922307252883911 0.955057144165039 0.947447538375854 0.947447538375854
0.642602443695068 0.764590620994568 0.655684232711792 0.642733931541443 0.599240481853485 0.696052372455597 0.702099502086639 0.756898880004883 0.798884391784668 0.80227255821228 0.858556628227234 0.907198309898376 0.925378024578094 0.937408864498138 0.939128160476685 0.962555766105652 0.946373879909515 0.95159250497818 0.946636319160461 0.943872213363647 0.940674185752869 0.93786233663559 0.935026884078979 0.928665518760681 0.929115295410156 0.926172316074371 0.953112542629242 0.950093269348145 0.94244658946991
0.636427223682404 0.552710235118866 0.539328098297119 0.510825157165527 0.509199440479279 0.696499288082123 0.717594504356384 0.751129865646362 0.805415332317352 0.791895747184753 0.826749205589294 0.901602447032928 0.924377143383026 0.935813724994659 0.945766031742096 0.940736055374146 0.914065897464752 0.91413813829422 0.906890153884888 0.898745477199554 0.928890407085419 0.932111263275146 0.932111263275146 0.932329773902893 0.932548344135284 0.929063200950623 0.949132919311523 0.942732274532318 0.94525682926178
0.530386745929718 0.44745260477066 0.455356866121292 0.443172216415405 0.478420495986938 0.460208624601364 0.517726182937622 0.77723228931427 0.834040880203247 0.86342465877533 0.911383032798767 0.901589751243591 0.900020956993103 0.939606130123138 0.906442284584045 0.909910976886749 0.910169303417206 0.910211741924286 0.902504324913025 0.890794217586517 0.890794217586517 0.928731024265289 0.929115295410156 0.933066427707672 0.923880994319916 0.92262476682663 0.940007865428925 0.937146723270416 0.940326869487762
0.402855157852173 0.696235358715057 0.709186911582947 0.711566209793091 0.706319093704224 0.448535054922104 0.434232831001282 0.487078130245209 0.478304922580719 0.458515644073486 0.883760035037994 0.899136543273926 0.915789127349854 0.909910976886749 0.906285643577576 0.898829221725464 0.902459800243378 0.867778778076172 0.867472231388092 0.894717454910278 0.894717454910278 0.896158456802368 0.890194892883301 0.916630208492279 0.913963377475739 0.910776078701019 0.901372730731964 0.89834463596344 0.902614593505859
0.721878826618195 0.709276914596558 0.714853763580322 0.713084578514099 0.782574772834778 0.422811567783356 0.415190070867538 0.457079201936722 0.465664029121399 0.468058377504349 0.455018579959869 0.444515287876129 0.912851333618164 0.913421452045441 0.898389875888824 0.894306182861328 0.857927978038788 0.857982337474823 0.85799765586853 0.898526549339294 0.889917552471161 0.879662573337555 0.875783264636993 0.871538162231445 0.902822077274323 0.897072970867157 0.889889359474182 0.890184700489044 0.896664559841156
0.709032893180847 0.715263783931732 0.715263783931732 0.738609969615936 0.791712164878845 0.785666584968567 0.407405734062195 0.398993790149689 0.45492148399353 0.451734334230423 0.44412687420845 0.442946404218674 0.909433960914612 0.909952342510223 0.867136418819427 0.862433850765228 0.852786898612976 0.857330679893494 0.852800965309143 0.847064614295959 0.837943255901337 0.875134706497192 0.866857886314392 0.862502217292786 0.848898351192474 0.886897444725037 0.874547481536865 0.879651844501495 0.845946133136749
0.715028762817383 0.715380370616913 0.727818310260773 0.745969355106354 0.781449317932129 0.813249468803406 0.843613088130951 0.897636294364929 0.902323603630066 0.423899501562119 0.416899710893631 0.416899710893631 0.909657001495361 0.913430869579315 0.866827666759491 0.861764430999756 0.85246217250824 0.83848762512207 0.841332137584686 0.830273807048798 0.8153395652771 0.813348829746246 0.852901697158813 0.853119730949402 0.846356153488159 0.841691374778748 0.829118490219116 0.833158314228058 0.837938845157623
0.715037763118744 0.727828204631805 0.740031480789185 0.740606784820557 0.801896393299103 0.816155195236206 0.842053532600403 0.853544175624847 0.869224786758423 0.908075451850891 0.916059374809265 0.916549265384674 0.908897697925568 0.871110320091248 0.860817790031433 0.843140065670013 0.827589511871338 0.765333294868469 0.799032330513 0.799421906471252 0.795301377773285 0.787137389183044 0.785037577152252 0.843942821025848 0.831448674201965 0.831448674201965 0.821114599704742 0.826801776885986 0.832776308059692
0.721100807189941 0.733418941497803 0.751892328262329 0.756861507892609 0.805699944496155 0.815083026885986 0.83747786283493 0.849900960922241 0.853531122207642 0.869132459163666 0.876576960086823 0.865406334400177 0.868894279003143 0.853883624076843 0.826118528842926 0.835317313671112 0.805846273899078 0.712157785892487 0.711590111255646 0.771425664424896 0.751304149627686 0.749098658561707 0.759677529335022 0.751500368118286 0.756036698818207 0.756455302238464 0.811118960380554 0.748248159885406 0.748672425746918
0.733069062232971 0.72712641954422 0.751695811748505 0.808113932609558 0.749998927116394 0.820284366607666 0.838940799236298 0.846211850643158 0.851960182189941 0.862519502639771 0.858925044536591 0.843260943889618 0.836241602897644 0.827126979827881 0.825613439083099 0.738669216632843 0.722441911697388 0.693366229534149 0.706680238246918 0.757789194583893 0.75178599357605 0.741521656513214 0.730037987232208 0.725468277931213 0.736732602119446 0.737160921096802 0.722187995910645 0.70224803686142 0.722622752189636
0.726668953895569 0.732815265655518 0.749762356281281 0.756294548511505 0.756137430667877 0.762501895427704 0.781866252422333 0.832852721214294 0.84121435880661 0.791208207607269 0.834941804409027 0.825665414333344 0.734771549701691 0.752472341060638 0.735189080238342 0.714804649353027 0.681773364543915 0.686618566513062 0.727168679237366 0.71849513053894 0.704428136348724 0.716117739677429 0.704478323459625 0.710909426212311 0.698709487915039 0.692957639694214 0.690650641918182 0.704540610313416 0.703067362308502
0.743938803672791 0.743526577949524 0.749179184436798 0.747276544570923 0.759235143661499 0.763340294361115 0.753044426441193 0.756146430969238 0.751556038856506 0.764270305633545 0.740598022937775 0.728844165802002 0.646410703659058 0.705371975898743 0.695683777332306 0.677850306034088 0.663694798946381 0.646561682224274 0.616433680057526 0.634613394737244 0.694270372390747 0.69142073392868 0.692220866680145 0.692039430141449 0.683612704277039 0.66462230682373 0.665777504444122 0.618806004524231 0.609591722488403
0.679977476596832 0.747055530548096 0.742522537708282 0.731418430805206 0.732024312019348 0.678475499153137 0.721376061439514 0.727210342884064 0.733761370182037 0.719518601894379 0.643138527870178 0.631103813648224 0.612569868564606 0.606696009635925 0.617273688316345 0.59786319732666 0.56359988451004 0.562589824199677 0.603293836116791 0.598973393440247 0.59625118970871 0.65579628944397 0.655165016651154 0.675431489944458 0.6622673869133 0.589359939098358 0.574642360210419 0.573617100715637 0.587052047252655
0.675163269042969 0.670402586460114 0.655655920505524 0.65025132894516 0.649899363517761 0.635843694210052 0.64584755897522 0.638429939746857 0.643731236457825 0.625228345394135 0.624958693981171 0.604946970939636 0.573030948638916 0.514200329780579 0.511166870594025 0.504934191703796 0.556164979934692 0.546205639839172 0.544538855552673 0.604844689369202 0.578287482261658 0.638069450855255 0.655165314674377 0.643548667430878 0.630034446716309 0.567587971687317 0.56095153093338 0.513349592685699 0.548136234283447
0.649045586585999 0.644257307052612 0.625969886779785 0.627901196479797 0.615990519523621 0.607118368148804 0.606415152549744 0.609943926334381 0.598464071750641 0.591996967792511 0.530451059341431 0.578997015953064 0.484818130731583 0.480445772409439 0.482111722230911 0.478234320878983 0.519695341587067 0.502793312072754 0.51911848783493 0.585245430469513 0.563215732574463 0.572016477584839 0.571389973163605 0.605046391487122 0.545659720897675 0.544187664985657 0.537073194980621 0.431942313909531 0.397978752851486
