data/climate_estimation/maxent_output/Trillium_maculatum.asc
NCOLS 106 
NROWS 56 
XLLCORNER -87.75 
YLLCORNER 29.5 
CELLSIZE 0.0833333333333333 
NODATA_value -3.4e+38 
[rows 0 to 20 of 56, columns 0 to 47 of 106]
0.193112879991531 0.185383930802345 0.17938868701458 0.179555475711823 0.177961900830269 0.179634898900986 0.19315542280674 0.193643569946289 0.200827717781067 0.207971930503845 0.222452938556671 0.240842968225479 0.247974991798401 0.24102158844471 0.263919621706009 0.265949219465256 0.274919539690018 0.263756692409515 0.264760673046112 0.257587403059006 0.291827768087387 0.277761280536652 0.27489772439003 0.28766342997551 0.278999656438828 0.289999037981033 0.285174429416656 0.277166813611984 0.280886203050613 0.255421459674835 0.247574359178543 0.248239263892174 0.236398875713348 0.253274917602539 0.241954013705254 0.211928158998489 0.196504294872284 0.17250083386898 0.290763467550278 0.254047363996506 0.222747981548309 0.203525990247726 0.19368189573288 0.204086869955063 0.207703217864037 0.182979494333267 0.224084183573723 0.250148713588715
0.201792314648628 0.196804448962212 0.179987490177155 0.179876282811165 0.175131857395172 0.188105866312981 0.188537389039993 0.201297476887703 0.209537714719772 0.217173755168915 0.225883424282074 0.259819626808167 0.261747568845749 0.256333410739899 0.257641524076462 0.27035453915596 0.263171970844269 0.266207009553909 0.265899419784546 0.293324142694473 0.291411429643631 0.291098386049271 0.311774224042892 0.28007772564888 0.274638295173645 0.280758231878281 0.26623660326004 0.25730836391449 0.250311702489853 0.249737754464149 0.249421790242195 0.241612166166306 0.24420727789402 0.225356891751289 0.211366027593613 0.207505956292152 0.184657767415047 0.315912425518036 0.312445551156998 0.255995064973831 0.236924290657043 0.228148117661476 0.226830556988716 0.239908069372177 0.233841478824615 0.206021279096603 0.242840960621834 0.271864503622055
0.215633198618889 0.197286278009415 0.190598964691162 0.191065356135368 0.191035509109497 0.193144083023071 0.193585738539696 0.206341207027435 0.216095268726349 0.21381776034832 0.246125891804695 0.260226398706436 0.238146290183067 0.280569791793823 0.267786145210266 0.254965484142303 0.252278208732605 0.254954248666763 0.290204644203186 0.319967061281204 0.311420828104019 0.308776438236237 0.291223526000977 0.284896165132523 0.285578310489655 0.274881273508072 0.267454206943512 0.25007900595665 0.246619030833244 0.252024620771408 0.251271545886993 0.242152079939842 0.228182390332222 0.207624927163124 0.205667048692703 0.196220323443413 0.177423223853111 0.341657638549805 0.298669874668121 0.322851538658142 0.284997045993805 0.274824798107147 0.260087788105011 0.280996441841125 0.27976393699646 0.251745492219925 0.270803481340408 0.295839130878448
0.217311754822731 0.199828878045082 0.192302957177162 0.198271363973618 0.192863807082176 0.201409369707108 0.20284266769886 0.214984863996506 0.221834003925323 0.246417090296745 0.241964966058731 0.249507874250412 0.274778366088867 0.277713477611542 0.264093846082687 0.253120899200439 0.262080043554306 0.304614812135696 0.323345303535461 0.313293814659119 0.321566104888916 0.313550978899002 0.301474064588547 0.279921233654022 0.260060697793961 0.257918238639832 0.25046244263649 0.253980964422226 0.235241547226906 0.232851102948189 0.233974471688271 0.206836625933647 0.206116423010826 0.197213172912598 0.204121977090836 0.199797317385674 0.194319799542427 0.18584880232811 0.380156964063644 0.394759029150009 0.344729155302048 0.319496899843216 0.298705071210861 0.312773764133453 0.289813041687012 0.312427073717117 0.327356696128845 0.349517941474915
0.223154976963997 0.205827668309212 0.186754941940308 0.194446444511414 0.194642171263695 0.202156484127045 0.209169998764992 0.236098736524582 0.227329090237617 0.235644862055779 0.250723838806152 0.273543834686279 0.286250203847885 0.266526520252228 0.258678019046783 0.260652273893356 0.294379562139511 0.316818386316299 0.308682501316071 0.309453010559082 0.32465872168541 0.3259057700634 0.323617100715637 0.29051148891449 0.264954000711441 0.268482089042664 0.249270364642143 0.23380346596241 0.234777271747589 0.235152766108513 0.22785347700119 0.209868118166924 0.201468825340271 0.204998672008514 0.206215411424637 0.209477081894875 0.200973659753799 0.196311816573143 0.193629950284958 0.46431091427803 0.416021168231964 0.368728399276733 0.360248208045959 0.367884397506714 0.387635678052902 0.385943412780762 0.393350005149841 0.429751247167587
0.218586221337318 0.20759217441082 0.202392220497131 0.195315361022949 0.193705916404724 0.213798806071281 0.198354408144951 0.231768563389778 0.222059488296509 0.242782115936279 0.258308053016663 0.267756521701813 0.272506386041641 0.247431099414825 0.242866918444633 0.270273625850677 0.278991311788559 0.302152305841446 0.319934755563736 0.33618026971817 0.33733806014061 0.319439500570297 0.295003026723862 0.284202694892883 0.27790167927742 0.271781027317047 0.254756450653076 0.249946758151054 0.234281957149506 0.230510622262955 0.216339185833931 0.199288606643677 0.21556568145752 0.212996497750282 0.202957704663277 0.218023806810379 0.211076080799103 0.219417452812195 0.209219440817833 0.495166003704071 0.473074972629547 0.460745573043823 0.442155659198761 0.407728880643845 0.431328564882278 0.471030056476593 0.469853818416595 0.499130189418793
0.232282295823097 0.218271180987358 0.197393581271172 0.196914210915565 0.197068810462952 0.191831767559052 0.205515652894974 0.220733180642128 0.229537382721901 0.245851576328278 0.247657880187035 0.249712646007538 0.251436203718185 0.24734827876091 0.268307060003281 0.281540632247925 0.291780084371567 0.33330625295639 0.342632263898849 0.352686315774918 0.316743433475494 0.325520932674408 0.30276221036911 0.300919413566589 0.309684008359909 0.273265361785889 0.263572782278061 0.247288465499878 0.229101091623306 0.226020365953445 0.230811387300491 0.230946704745293 0.228111118078232 0.210243314504623 0.207848787307739 0.241546034812927 0.236216247081757 0.230001881718636 0.529745221138 0.539529323577881 0.531586945056915 0.517755627632141 0.499900102615356 0.497836381196976 0.501522183418274 0.531663596630096 0.56412935256958 0.566400051116943
0.218134671449661 0.210834950208664 0.194080546498299 0.191903173923492 0.192525535821915 0.199557170271873 0.214239090681076 0.2225451618433 0.221071943640709 0.21927335858345 0.229446411132812 0.234375342726707 0.251848876476288 0.255785703659058 0.271403551101685 0.291307598352432 0.314227163791656 0.337741851806641 0.337203472852707 0.345492333173752 0.355670928955078 0.336786836385727 0.321741968393326 0.283928960561752 0.266802340745926 0.286899149417877 0.252243608236313 0.247548744082451 0.250428766012192 0.236653432250023 0.230180293321609 0.229217678308487 0.230429664254189 0.236089646816254 0.247276365756989 0.253129005432129 0.236280590295792 0.222112596035004 0.535610735416412 0.567929089069366 0.562634289264679 0.547036349773407 0.566387057304382 0.571299076080322 0.606929004192352 0.607046663761139 0.629933595657349 0.64032918214798
0.225119858980179 0.225518509745598 0.196220010519028 0.198557183146477 0.191482990980148 0.199781715869904 0.209170043468475 0.233030661940575 0.22867226600647 0.235384166240692 0.220806166529655 0.226992160081863 0.238751173019409 0.25836980342865 0.275341093540192 0.303835958242416 0.333316206932068 0.343525618314743 0.335802465677261 0.336591303348541 0.334938138723373 0.314768761396408 0.277952194213867 0.234171703457832 0.261888653039932 0.275534182786942 0.246609404683113 0.254397660493851 0.251291066408157 0.251505225896835 0.252483516931534 0.231946647167206 0.243797719478607 0.25661700963974 0.265734732151031 0.251470237970352 0.249191790819168 0.55745130777359 0.554331660270691 0.569989144802094 0.579019784927368 0.544576644897461 0.566070735454559 0.603451371192932 0.634583950042725 0.682243585586548 0.699404358863831 0.699634492397308
0.226422995328903 0.219662010669708 0.196253374218941 0.192899987101555 0.201608330011368 0.211568683385849 0.20362015068531 0.211737513542175 0.239459574222565 0.24589179456234 0.226207971572876 0.271262943744659 0.259205371141434 0.263702034950256 0.296421617269516 0.310259521007538 0.350007385015488 0.339151352643967 0.341374844312668 0.341458380222321 0.313679456710815 0.263653635978699 0.24445116519928 0.246716633439064 0.257856100797653 0.270661115646362 0.268353253602982 0.274530321359634 0.253758907318115 0.24873511493206 0.258801490068436 0.273211151361465 0.271735191345215 0.27498459815979 0.260995715856552 0.263505756855011 0.245643183588982 0.62634539604187 0.639629006385803 0.627720177173615 0.634268343448639 0.598067283630371 0.596165835857391 0.622778177261353 0.701012313365936 0.727074205875397 0.761713922023773 0.7706618309021
0.225503146648407 0.217876195907593 0.20399634540081 0.20755223929882 0.198385700583458 0.202970892190933 0.21161724627018 0.222152590751648 0.237066462635994 0.238406404852867 0.260949224233627 0.262876987457275 0.275822758674622 0.309988111257553 0.312584161758423 0.332271069288254 0.347780138254166 0.348400413990021 0.339090913534164 0.315642178058624 0.26965144276619 0.245491862297058 0.245152786374092 0.242377683520317 0.253346592187881 0.270714461803436 0.278360962867737 0.275658965110779 0.248091086745262 0.265457451343536 0.291001349687576 0.295088797807693 0.283910363912582 0.29369592666626 0.283233851194382 0.279093116521835 0.272713840007782 0.643095195293427 0.659759163856506 0.66641241312027 0.666041672229767 0.628610968589783 0.684630572795868 0.709495604038239 0.729764223098755 0.753157138824463 0.777189970016479 0.785244405269623
0.234476700425148 0.230769589543343 0.220856562256813 0.207514628767967 0.203073516488075 0.212193354964256 0.215199992060661 0.225716203451157 0.253751546144485 0.272111982107162 0.284097492694855 0.295359075069427 0.296207129955292 0.307587862014771 0.333951741456985 0.345276594161987 0.325575083494186 0.335471928119659 0.316746294498444 0.294230222702026 0.264518111944199 0.266288340091705 0.250818818807602 0.250749468803406 0.247445106506348 0.275180071592331 0.279664754867554 0.286420971155167 0.302280902862549 0.303503751754761 0.313842326402664 0.307629883289337 0.31727808713913 0.308391749858856 0.291042476892471 0.280074268579483 0.69655966758728 0.740704834461212 0.725426852703094 0.719869136810303 0.687310218811035 0.657545745372772 0.692352890968323 0.767238914966583 0.791576683521271 0.805598974227905 0.824068069458008 0.828614056110382
0.228478774428368 0.226981967687607 0.212330907583237 0.216152504086494 0.209703981876373 0.20521904528141 0.224380373954773 0.22147536277771 0.242382824420929 0.255244225263596 0.307195246219635 0.338320255279541 0.338469743728638 0.337685585021973 0.327795505523682 0.332775950431824 0.325992405414581 0.312889665365219 0.306572586297989 0.279531329870224 0.287494868040085 0.27612292766571 0.273363620042801 0.266674339771271 0.259560227394104 0.290418326854706 0.313354462385178 0.329858303070068 0.335548430681229 0.359162241220474 0.350610285997391 0.354086667299271 0.330183207988739 0.320998132228851 0.312675625085831 0.295183002948761 0.748866379261017 0.754798412322998 0.780611157417297 0.769460201263428 0.735349893569946 0.734421789646149 0.775018513202667 0.813332200050354 0.812740623950958 0.821562349796295 0.838226020336151 0.842453718185425
0.245688393712044 0.238359108567238 0.215423673391342 0.21814900636673 0.202834501862526 0.20754399895668 0.21825647354126 0.221861034631729 0.261527955532074 0.296741425991058 0.31062912940979 0.334168821573257 0.344727575778961 0.332002460956573 0.330792218446732 0.32428503036499 0.309918314218521 0.297146916389465 0.285587877035141 0.283656388521194 0.280533850193024 0.283764868974686 0.282550096511841 0.275740206241608 0.294679880142212 0.311898052692413 0.318167477846146 0.333681046962738 0.343074709177017 0.355661392211914 0.365931659936905 0.356418818235397 0.351373672485352 0.319463163614273 0.321669548749924 0.321459203958511 0.79925262928009 0.803516924381256 0.804904341697693 0.807927548885345 0.800576746463776 0.809614241123199 0.824111521244049 0.815234184265137 0.818558394908905 0.837551236152649 0.85730504989624 0.871683657169342
0.239915803074837 0.233331903815269 0.219998896121979 0.204089611768723 0.199973329901695 0.197757437825203 0.21998505294323 0.230476096272469 0.263592928647995 0.278525918722153 0.315082132816315 0.319323509931564 0.320094972848892 0.327147126197815 0.333364874124527 0.327241778373718 0.31300288438797 0.300931662321091 0.294882506132126 0.295289933681488 0.292962998151779 0.288220435380936 0.299804091453552 0.300516933202744 0.308566093444824 0.31801900267601 0.323876798152924 0.332463085651398 0.361622631549835 0.363470196723938 0.359967023134232 0.357848435640335 0.352582454681396 0.34453558921814 0.35867166519165 0.834838449954987 0.821447789669037 0.835505664348602 0.811839759349823 0.807242393493652 0.830837428569794 0.849875032901764 0.838136255741119 0.846933662891388 0.853421807289124 0.882808148860931 0.879339635372162 0.892369866371155
0.243756860494614 0.221449375152588 0.229924499988556 0.218048363924026 0.201876252889633 0.200712323188782 0.228984624147415 0.241535887122154 0.260135412216187 0.286728531122208 0.300434023141861 0.324075430631638 0.335579425096512 0.854800641536713 0.327991634607315 0.327465623617172 0.311220645904541 0.318593442440033 0.29879093170166 0.289328426122665 0.302852302789688 0.297980278730392 0.306757390499115 0.295790582895279 0.316129952669144 0.30470335483551 0.338540852069855 0.358125388622284 0.364312618970871 0.388155519962311 0.361300498247147 0.372904658317566 0.374537169933319 0.356962412595749 0.358926355838776 0.826371490955353 0.805575489997864 0.850581169128418 0.849274039268494 0.861642599105835 0.888113379478455 0.88595449924469 0.892589390277863 0.866337537765503 0.879273772239685 0.900743901729584 0.90438836812973 0.901106357574463
0.241436928510666 0.249228492379189 0.231849193572998 0.230760455131531 0.219326943159103 0.223241060972214 0.235180884599686 0.259807735681534 0.286231398582458 0.290756791830063 0.33548179268837 0.336278289556503 0.328627556562424 0.844086825847626 0.33533501625061 0.343226909637451 0.330139338970184 0.311387240886688 0.31182587146759 0.306909739971161 0.312288016080856 0.312610894441605 0.322902381420135 0.312318742275238 0.302579402923584 0.301053464412689 0.331976562738419 0.341402947902679 0.368353486061096 0.370762467384338 0.396898210048676 0.385719269514084 0.376719892024994 0.379352629184723 0.887987196445465 0.873518168926239 0.866890490055084 0.875880599021912 0.883391678333282 0.890839517116547 0.903432190418243 0.917200922966003 0.905648827552795 0.896364986896515 0.895198345184326 0.888476014137268 0.85980236530304 0.854947447776794
0.245172649621964 0.263297915458679 0.258851438760757 0.249435111880302 0.247295662760735 0.278220325708389 0.282741189002991 0.278249502182007 0.299262970685959 0.327417969703674 0.328213393688202 0.329221487045288 0.325734704732895 0.317519307136536 0.326148718595505 0.326158940792084 0.310771077871323 0.312273263931274 0.314950197935104 0.304903984069824 0.308960616588593 0.309758841991425 0.310757488012314 0.333461374044418 0.321399211883545 0.321312934160233 0.32917320728302 0.338188707828522 0.353419244289398 0.376395225524902 0.390526801347733 0.418347626924515 0.40259376168251 0.921042442321777 0.926303327083588 0.914090216159821 0.893588185310364 0.892687082290649 0.901806175708771 0.90686446428299 0.904551446437836 0.897417902946472 0.852313697338104 0.849654138088226 0.809331297874451 0.844605028629303 0.801159143447876 0.763571858406067
0.268237262964249 0.267511636018753 0.280107259750366 0.276880413293839 0.28207528591156 0.285387694835663 0.321613550186157 0.316172927618027 0.33921292424202 0.342555791139603 0.333616524934769 0.331872433423996 0.328622460365295 0.336674004793167 0.300143539905548 0.299021184444427 0.297871321439743 0.323469549417496 0.311648815870285 0.320843189954758 0.317310512065887 0.32216614484787 0.339036971330643 0.335621148347855 0.332956403493881 0.324401140213013 0.322742104530334 0.328227370977402 0.3350850045681 0.370144307613373 0.378575176000595 0.932233870029449 0.913028120994568 0.88568252325058 0.877550184726715 0.880017399787903 0.909384727478027 0.888450086116791 0.890778839588165 0.88916939496994 0.884441018104553 0.857155799865723 0.801512837409973 0.767287015914917 0.730095982551575 0.753507256507874 0.761184871196747 0.74479478597641
0.278329789638519 0.306226164102554 0.31045600771904 0.314552187919617 0.328712373971939 0.321116179227829 0.348371833562851 0.345389902591705 0.34866389632225 0.352161824703217 0.38163760304451 0.880231976509094 0.866823554039001 0.838456690311432 0.823908388614655 0.812698125839233 0.816350221633911 0.819173157215118 0.845710575580597 0.327042192220688 0.335577398538589 0.329090058803558 0.347135424613953 0.344911366701126 0.342454254627228 0.341336160898209 0.350549727678299 0.357351422309875 0.369319200515747 0.383906364440918 0.906124293804169 0.887053608894348 0.778630495071411 0.730492234230042 0.682364881038666 0.696497738361359 0.700861752033234 0.746173739433289 0.792015075683594 0.847210347652435 0.800760269165039 0.755802750587463 0.752131164073944 0.688161134719849 0.636659622192383 0.685177087783813 0.677841663360596 0.677159249782562
0.300617307424545 0.305278390645981 0.319669872522354 0.331246107816696 0.361183524131775 0.34661728143692 0.366387903690338 0.387728810310364 0.91482537984848 0.924729824066162 0.924633622169495 0.897986114025116 0.877836287021637 0.856825828552246 0.852076888084412 0.826404392719269 0.831700086593628 0.823283731937408 0.838006913661957 0.847284734249115 0.340919345617294 0.383637726306915 0.375708907842636 0.364973127841949 0.363400757312775 0.361208975315094 0.359605520963669 0.368847131729126 0.881601393222809 0.914184212684631 0.874876439571381 0.759392499923706 0.657869815826416 0.524693846702576 0.526906967163086 0.553912878036499 0.591666221618652 0.6469886302948 0.730575144290924 0.731227517127991 0.70751953125 0.685670435428619 0.633128643035889 0.629160106182098 0.531793892383575 0.58249568939209 0.592592000961304 0.589716076850891
