data/climate_estimation/maxent_output/Trillium_luteum.asc
NCOLS 149 
NROWS 84 
XLLCORNER -87.75 
YLLCORNER 33 
CELLSIZE 0.0833333333333334 
NODATA_value -3.4e+38 
[rows 20 to 39 of 84, columns 45 to 89 of 149]
0.489526003599167 0.509640634059906 0.516861975193024 0.525137424468994 0.531528830528259 0.520173311233521 0.514552235603333 0.508585095405579 0.50265645980835 0.503119885921478 0.498530745506287 0.499312967061996 0.50699508190155 0.506765961647034 0.507088661193848 0.519793510437012 0.526068687438965 0.526070535182953 0.602209389209747 0.603225946426392 0.597371280193329 0.604155480861664 0.366787761449814 0.364127039909363 0.367897093296051 0.323225677013397 0.478364050388336 0.46560600399971 0.461782187223434 0.464092314243317 0.354490995407104 0.342538088560104 0.337188452482224 0.33226078748703 0.323428153991699 0.314085245132446 0.305123537778854 0.291498303413391 0.288225948810577 0.284386575222015 0.330701142549515 0.311855167150497 0.55940979719162 0.548565626144409 0.524311900138855
0.504963636398315 0.518511891365051 0.525229036808014 0.552614331245422 0.560610830783844 0.547748029232025 0.549389719963074 0.529004633426666 0.522509038448334 0.524573266506195 0.518197476863861 0.520640313625336 0.521274745464325 0.521586418151855 0.522426962852478 0.527897536754608 0.534563362598419 0.534003436565399 0.604006886482239 0.603974878787994 0.60484254360199 0.61217725276947 0.612234771251678 0.372955054044724 0.373264223337173 0.373598039150238 0.376933246850967 0.464652955532074 0.512851536273956 0.3719502389431 0.361968010663986 0.352940499782562 0.334551423788071 0.332605391740799 0.318650513887405 0.316390067338943 0.299259185791016 0.285423338413239 0.265635073184967 0.282544076442719 0.301170527935028 0.29004380106926 0.52582174539566 0.521463632583618 0.230620980262756
0.519481301307678 0.532911658287048 0.553959608078003 0.574424743652344 0.586685597896576 0.584509372711182 0.564640820026398 0.544074952602386 0.545367777347565 0.538807451725006 0.541046142578125 0.533747732639313 0.534678280353546 0.529001116752625 0.529088914394379 0.543115556240082 0.55565619468689 0.542704582214355 0.612177133560181 0.618138253688812 0.611640870571136 0.618886351585388 0.61885529756546 0.612323522567749 0.37109312415123 0.379383027553558 0.367224961519241 0.363543599843979 0.372046828269958 0.340606391429901 0.343313634395599 0.318151980638504 0.334941446781158 0.32802540063858 0.310700446367264 0.282429277896881 0.253991097211838 0.24596132338047 0.252427339553833 0.252969086170197 0.254413813352585 0.237989440560341 0.228499531745911 0.243063017725945 0.271892815828323
0.596113204956055 0.554438412189484 0.576513588428497 0.583453893661499 0.590877175331116 0.585033595561981 0.585724294185638 0.572721302509308 0.567286789417267 0.553942918777466 0.554908573627472 0.549370169639587 0.542794942855835 0.543403804302216 0.54386955499649 0.550390362739563 0.557760119438171 0.627192735671997 0.618198215961456 0.613373696804047 0.618346929550171 0.618320763111115 0.632740259170532 0.62553995847702 0.368628144264221 0.372680902481079 0.359933257102966 0.337787419557571 0.350513249635696 0.337210714817047 0.305619060993195 0.301440358161926 0.291448205709457 0.284526020288467 0.284960001707077 0.269700795412064 0.223161846399307 0.2455725222826 0.255206972360611 0.225826352834702 0.226621046662331 0.220536723732948 0.251662045717239 0.281798869371414 0.269806563854218
0.613597989082336 0.633240342140198 0.57816481590271 0.578553855419159 0.584855496883392 0.586410880088806 0.585784733295441 0.593417882919312 0.581837177276611 0.575807571411133 0.555911242961884 0.550070881843567 0.628082752227783 0.621933341026306 0.621247708797455 0.635669648647308 0.635073721408844 0.634417295455933 0.640835404396057 0.61990624666214 0.626232743263245 0.688781440258026 0.634117007255554 0.640334069728851 0.614026248455048 0.652967214584351 0.413510322570801 0.392067313194275 0.608511507511139 0.617608904838562 0.291969776153564 0.274854153394699 0.271369844675064 0.271314144134521 0.279546499252319 0.260771900415421 0.230695143342018 0.211161330342293 0.235254988074303 0.23369525372982 0.237485364079475 0.253964632749557 0.26398828625679 0.275119990110397 0.259547680616379
0.628871262073517 0.636932849884033 0.650247871875763 0.656473577022552 0.650752186775208 0.657938420772552 0.667002439498901 0.603568136692047 0.590118765830994 0.583539962768555 0.64175945520401 0.628261506557465 0.6297567486763 0.630766808986664 0.636948764324188 0.644716203212738 0.629808247089386 0.642682909965515 0.648096919059753 0.647936165332794 0.690345883369446 0.690139055252075 0.67818021774292 0.690962016582489 0.678975820541382 0.39825364947319 0.628220975399017 0.595108032226562 0.577590107917786 0.564912676811218 0.321223825216293 0.436077177524567 0.253051072359085 0.244015350937843 0.239873245358467 0.240611150860786 0.21391387283802 0.231143653392792 0.225519105792046 0.241999864578247 0.255359470844269 0.30115219950676 0.293911546468735 0.254570007324219 0.256359875202179
0.623646974563599 0.630913734436035 0.644148945808411 0.6533243060112 0.652889728546143 0.666227340698242 0.667852759361267 0.661609709262848 0.662038803100586 0.657270610332489 0.642070412635803 0.630588710308075 0.693866491317749 0.706899464130402 0.714513719081879 0.708494007587433 0.700441598892212 0.707233250141144 0.71232271194458 0.72139847278595 0.71853369474411 0.711119532585144 0.672662913799286 0.720779478549957 0.673809111118317 0.690223276615143 0.652537882328033 0.619394958019257 0.5464186668396 0.500298261642456 0.508501946926117 0.306794434785843 0.366442084312439 0.328502327203751 0.329928249120712 0.311497747898102 0.238675594329834 0.252639383077621 0.228795871138573 0.234271183609962 0.332015097141266 0.297297418117523 0.303421556949615 0.269108027219772 0.26555672287941
0.633212208747864 0.63242107629776 0.70378839969635 0.710048496723175 0.724010050296783 0.730510294437408 0.66948539018631 0.725857675075531 0.725972354412079 0.720371186733246 0.714225292205811 0.707770526409149 0.689209699630737 0.702094674110413 0.708716511726379 0.70845764875412 0.701891303062439 0.701775014400482 0.70753812789917 0.762607157230377 0.761445224285126 0.746959805488586 0.722584247589111 0.684342563152313 0.414414972066879 0.44823944568634 0.659878671169281 0.621109426021576 0.622267246246338 0.589768290519714 0.428383558988571 0.406874507665634 0.334972590208054 0.305752843618393 0.338860243558884 0.320750743150711 0.21937008202076 0.234997779130936 0.233493536710739 0.286470472812653 0.317620933055878 0.304026514291763 0.29943060874939 0.234963238239288 0.244514748454094
0.698456943035126 0.704924166202545 0.718543350696564 0.718659281730652 0.732085406780243 0.736690700054169 0.728255271911621 0.715510487556458 0.716432690620422 0.712285220623016 0.756263792514801 0.737621605396271 0.738522291183472 0.743946433067322 0.744422733783722 0.748560607433319 0.74445241689682 0.746786117553711 0.737339615821838 0.743000328540802 0.750237345695496 0.74735963344574 0.730467736721039 0.59053236246109 0.43063360452652 0.454275876283646 0.443333119153976 0.411301732063293 0.630811214447021 0.591519415378571 0.431867599487305 0.432796537876129 0.406546235084534 0.347615867853165 0.297031491994858 0.318557739257812 0.212995931506157 0.256107926368713 0.241215199232101 0.26791974902153 0.247074827551842 0.244097694754601 0.239346608519554 0.231275752186775 0.247546434402466
0.685739278793335 0.694258689880371 0.714829325675964 0.726970732212067 0.727773249149323 0.73157787322998 0.771196067333221 0.749659061431885 0.742420315742493 0.754250586032867 0.75101625919342 0.733482718467712 0.727201581001282 0.733281850814819 0.737212181091309 0.732630431652069 0.733005166053772 0.742528736591339 0.74201774597168 0.732015013694763 0.638434827327728 0.638082563877106 0.686513185501099 0.672458231449127 0.48680591583252 0.444771945476532 0.430098086595535 0.537916243076324 0.531392157077789 0.471752554178238 0.442474395036697 0.42438992857933 0.358593702316284 0.305236518383026 0.327519446611404 0.238534897565842 0.2321717441082 0.237543627619743 0.213195115327835 0.246923461556435 0.197850629687309 0.18764953315258 0.237700432538986 0.238367393612862 0.253685086965561
0.676726162433624 0.737042903900146 0.756328105926514 0.72341251373291 0.769342720508575 0.769632339477539 0.767971992492676 0.762443661689758 0.753601253032684 0.777959644794464 0.766006469726562 0.74809342622757 0.728993654251099 0.748621106147766 0.747672915458679 0.748344123363495 0.680078566074371 0.6817986369133 0.683791518211365 0.649372160434723 0.635926306247711 0.632423639297485 0.642612338066101 0.641123116016388 0.606125235557556 0.451520353555679 0.588608026504517 0.534632802009583 0.520765960216522 0.496271729469299 0.407401353120804 0.373129338026047 0.333346337080002 0.330569893121719 0.246845752000809 0.233919858932495 0.238876730203629 0.219520688056946 0.19612717628479 0.190961733460426 0.225369393825531 0.208370342850685 0.216863706707954 0.25993087887764 0.275862634181976
0.726661264896393 0.733908653259277 0.746476888656616 0.758112609386444 0.754434287548065 0.755088150501251 0.790194988250732 0.788667619228363 0.784118235111237 0.77881246805191 0.762127041816711 0.744480848312378 0.725295782089233 0.718545913696289 0.73235023021698 0.63919073343277 0.640502989292145 0.668980062007904 0.676625311374664 0.648022830486298 0.659222841262817 0.659629762172699 0.616783976554871 0.609760701656342 0.590298652648926 0.568507134914398 0.564663827419281 0.511331915855408 0.498003661632538 0.500150203704834 0.419177025556564 0.370913803577423 0.341608047485352 0.344612300395966 0.268806397914886 0.251799643039703 0.250978082418442 0.241891488432884 0.198539733886719 0.21126726269722 0.226549237966537 0.203421279788017 0.243612766265869 0.253437489271164 0.276210635900497
0.734933912754059 0.736332356929779 0.747575879096985 0.754076719284058 0.754654467105865 0.769885778427124 0.780426979064941 0.785549223423004 0.786226332187653 0.774130403995514 0.749309003353119 0.731758773326874 0.745608806610107 0.721227824687958 0.72212541103363 0.600071310997009 0.631186485290527 0.608004152774811 0.629922747612 0.637243866920471 0.628314733505249 0.586130678653717 0.615484237670898 0.578580796718597 0.557502746582031 0.497677505016327 0.4867342710495 0.500927627086639 0.495862275362015 0.450638055801392 0.438601434230804 0.399331659078598 0.35773491859436 0.342249274253845 0.290759205818176 0.290626019239426 0.242853790521622 0.242524489760399 0.224410101771355 0.22629725933075 0.214267536997795 0.211382150650024 0.252730786800385 0.278906255960464 0.309767514467239
0.736675381660461 0.744258940219879 0.744456470012665 0.775766909122467 0.781593024730682 0.776749134063721 0.765482723712921 0.775630533695221 0.769549369812012 0.782488644123077 0.770477175712585 0.746518313884735 0.728600859642029 0.722822964191437 0.7041255235672 0.615950584411621 0.577105581760406 0.583102524280548 0.584041714668274 0.584449291229248 0.620652318000793 0.605864584445953 0.591611623764038 0.582706987857819 0.5477374792099 0.513763427734375 0.441379398107529 0.430330723524094 0.478973865509033 0.426284104585648 0.382126480340958 0.357923120260239 0.366948962211609 0.366811722517014 0.300652474164963 0.287658840417862 0.273837864398956 0.246069982647896 0.219367727637291 0.217733442783356 0.224284246563911 0.259397745132446 0.28847262263298 0.324147462844849 0.35043141245842
0.737682163715363 0.745698809623718 0.757376074790955 0.777067363262177 0.771872401237488 0.777622759342194 0.76707261800766 0.77709025144577 0.757801115512848 0.740731120109558 0.754371404647827 0.742134749889374 0.730047225952148 0.711192488670349 0.70064902305603 0.636134743690491 0.575469613075256 0.58160400390625 0.58160400390625 0.581973850727081 0.58806574344635 0.603192627429962 0.574277341365814 0.532391309738159 0.510392308235168 0.490080863237381 0.491088658571243 0.468131184577942 0.446984499692917 0.416252791881561 0.387929290533066 0.357027888298035 0.35717511177063 0.289459615945816 0.30300709605217 0.294212102890015 0.282371640205383 0.261103898286819 0.210206389427185 0.220205932855606 0.231076136231422 0.281899333000183 0.308005928993225 0.320792376995087 0.374204158782959
0.74467796087265 0.745864510536194 0.759649813175201 0.784326314926147 0.773986458778381 0.778579294681549 0.7634596824646 0.761636853218079 0.73423182964325 0.715383768081665 0.710497915744781 0.711680293083191 0.712938010692596 0.681464672088623 0.636605501174927 0.59842711687088 0.543300986289978 0.55107182264328 0.559050023555756 0.551346242427826 0.550167262554169 0.528544664382935 0.555378973484039 0.528727948665619 0.542878150939941 0.534547090530396 0.515044629573822 0.466325104236603 0.420261740684509 0.423894464969635 0.384559512138367 0.371701002120972 0.294765442609787 0.301893472671509 0.296079874038696 0.299198865890503 0.288367569446564 0.262663394212723 0.212376281619072 0.201034441590309 0.260071963071823 0.314860612154007 0.310031116008759 0.297470718622208 0.284633725881577
0.758563697338104 0.77046000957489 0.76474928855896 0.786078453063965 0.770797669887543 0.760122835636139 0.748873591423035 0.742571711540222 0.723287224769592 0.691065788269043 0.677871942520142 0.660989284515381 0.66222608089447 0.609591066837311 0.612114191055298 0.628257751464844 0.60891854763031 0.51909476518631 0.539771437644958 0.532456994056702 0.56114274263382 0.575854003429413 0.580836832523346 0.56740128993988 0.524758696556091 0.438954621553421 0.399600058794022 0.441782563924789 0.507247030735016 0.472629219293594 0.355088651180267 0.309879571199417 0.332394123077393 0.337052524089813 0.327156901359558 0.319979161024094 0.290079921483994 0.245711162686348 0.239746540784836 0.257453501224518 0.262725114822388 0.291472047567368 0.292297005653381 0.305544942617416 0.314323544502258
0.770229399204254 0.787143409252167 0.783648312091827 0.767919480800629 0.766426563262939 0.74414736032486 0.732790410518646 0.732274413108826 0.724007606506348 0.705305159091949 0.667310774326324 0.6285520195961 0.636959075927734 0.610808849334717 0.652999043464661 0.635852038860321 0.548200905323029 0.490254700183868 0.564460098743439 0.605193912982941 0.599304020404816 0.562263190746307 0.532404601573944 0.482803761959076 0.498718023300171 0.521821975708008 0.53727799654007 0.529157221317291 0.397452354431152 0.377472549676895 0.359364748001099 0.349069863557816 0.333480060100555 0.346266359090805 0.333141773939133 0.326316863298416 0.321411609649658 0.277301907539368 0.272029876708984 0.28807657957077 0.30377721786499 0.291109293699265 0.278634339570999 0.301538288593292 0.320466071367264
0.780822515487671 0.774039566516876 0.778733849525452 0.75818806886673 0.752984702587128 0.746359348297119 0.745650589466095 0.735062301158905 0.692621111869812 0.680948138237 0.669335186481476 0.669034898281097 0.658657848834991 0.666102468967438 0.616691827774048 0.616815686225891 0.682699382305145 0.690166711807251 0.664428114891052 0.573515474796295 0.565085589885712 0.558496057987213 0.559278547763824 0.551670432090759 0.575589954853058 0.554696023464203 0.54169887304306 0.451936423778534 0.433699131011963 0.404836028814316 0.364147216081619 0.338486969470978 0.347857177257538 0.348878741264343 0.286859542131424 0.293528318405151 0.318592667579651 0.293545097112656 0.312964379787445 0.317209035158157 0.317777007818222 0.304936975240707 0.283690541982651 0.275519877672195 0.483964562416077
0.7697594165802 0.778625845909119 0.747935116291046 0.758789718151093 0.764265418052673 0.732124328613281 0.713480591773987 0.693194568157196 0.700332403182983 0.700633883476257 0.682915925979614 0.634782373905182 0.653256356716156 0.654529392719269 0.667310953140259 0.674376428127289 0.668807625770569 0.678811550140381 0.672434091567993 0.672712206840515 0.605013847351074 0.604918122291565 0.583280622959137 0.570102751255035 0.570394814014435 0.578156709671021 0.497411489486694 0.437490969896317 0.368994057178497 0.328548163175583 0.337330758571625 0.301431179046631 0.282855540513992 0.300454825162888 0.293790400028229 0.319406986236572 0.337211221456528 0.326011180877686 0.315070539712906 0.310792148113251 0.328020215034485 0.324381977319717 0.310385555028915 0.336913496255875 0.48483282327652
