data/climate_estimation/maxent_output/Trillium_albidum.asc
NCOLS 51 
NROWS 126 
XLLCORNER -124.166666666667 
YLLCORNER 36.9166666666667 
CELLSIZE 0.0833333333333333 
NODATA_value -3.4e+38 
[rows 100 to 119 of 126, columns 0 to 43 of 51]
-3.4e+38 -3.4e+38 -3.4e+38 -3.4e+38 -3.4e+38 0.381943136453629 0.471548855304718 0.555882513523102 0.630735337734222 0.796164572238922 0.86926531791687 0.857907652854919 0.757103621959686 0.881197035312653 0.51034814119339 0.303820729255676 0.323724955320358 0.410025417804718 0.294443875551224 0.237019181251526 0.386160969734192 0.174518391489983 0.11243300139904 0.0452653020620346 0.0290763322263956 0.0241984222084284 0.0227405019104481 0.0240839421749115 0.025497417896986 0.0289856120944023 0.0313005931675434 0.0383239611983299 0.0503597222268581 0.0682811066508293 0.13203290104866 0.308408111333847 0.465778946876526 0.593666255474091 0.566569864749908 0.569506585597992 0.65663480758667 0.612566649913788 0.788194298744202 0.881939113140106
-3.4e+38 -3.4e+38 -3.4e+38 -3.4e+38 -3.4e+38 0.233522370457649 0.403779715299606 0.514073967933655 0.623613953590393 0.692750632762909 0.850429177284241 0.903177797794342 0.771326959133148 0.657067716121674 0.766299068927765 0.453821033239365 0.631299674510956 0.362304151058197 0.289993852376938 0.324159979820251 0.324109941720963 0.198004633188248 0.218916475772858 0.0873015150427818 0.039876114577055 0.0264782942831516 0.0229707770049572 0.0225769653916359 0.0256258863955736 0.0265210885554552 0.0288995839655399 0.0360812060534954 0.0471113473176956 0.0632627755403519 0.091287836432457 0.20236711204052 0.408106029033661 0.515810191631317 0.511277675628662 0.548521816730499 0.548888862133026 0.614597260951996 0.680358409881592 0.84950590133667
-3.4e+38 -3.4e+38 -3.4e+38 -3.4e+38 -3.4e+38 0.224894642829895 0.357199132442474 0.474889934062958 0.5579993724823 0.66340571641922 0.811623334884644 0.833552241325378 0.832988917827606 0.741335511207581 0.859892666339874 0.826545894145966 0.851091086864471 0.813876569271088 0.454721063375473 0.433304488658905 0.563397645950317 0.439798057079315 0.334640681743622 0.103201828896999 0.0800689086318016 0.0316034480929375 0.0245722439140081 0.0241378284990788 0.0251490138471127 0.0287603251636028 0.0304949376732111 0.033642053604126 0.0461900755763054 0.0621325224637985 0.0843330547213554 0.143471866846085 0.259020954370499 0.377750515937805 0.489434123039246 0.519683301448822 0.480918169021606 0.568085551261902 0.804083824157715 0.86789208650589
-3.4e+38 -3.4e+38 -3.4e+38 -3.4e+38 -3.4e+38 -3.4e+38 0.333124667406082 0.375337362289429 0.461661338806152 0.566022396087646 0.674492001533508 0.823426961898804 0.802555918693542 0.72331029176712 0.655266642570496 0.754112124443054 0.885835111141205 0.884764850139618 0.516321182250977 0.407161176204681 0.336628884077072 0.382097244262695 0.332378000020981 0.148099452257156 0.100711479783058 0.0339995250105858 0.0303391441702843 0.0272567123174667 0.02913055755198 0.031453937292099 0.0342470780014992 0.0401668772101402 0.0480910688638687 0.0609144903719425 0.076618567109108 0.100555881857872 0.15975995361805 0.290020227432251 0.340012550354004 0.453596115112305 0.456112325191498 0.408147603273392 0.549559593200684 0.713377177715302
-3.4e+38 -3.4e+38 -3.4e+38 -3.4e+38 -3.4e+38 -3.4e+38 -3.4e+38 0.290309131145477 0.361598342657089 0.460656523704529 0.592274129390717 0.660804808139801 0.817839860916138 0.77137678861618 0.647790551185608 0.682447135448456 0.710922181606293 0.79472827911377 0.71376359462738 0.582885921001434 0.431199699640274 0.328199505805969 0.234121412038803 0.316475540399551 0.0786030516028404 0.0432621166110039 0.0345945991575718 0.0349565856158733 0.0344765409827232 0.0367249548435211 0.0398191623389721 0.0450060479342937 0.0540655739605427 0.0674079433083534 0.0747223123908043 0.0775663629174232 0.112520568072796 0.277796238660812 0.386210441589355 0.454036831855774 0.459105759859085 0.382419615983963 0.435686230659485 0.70818305015564
-3.4e+38 -3.4e+38 -3.4e+38 -3.4e+38 -3.4e+38 -3.4e+38 -3.4e+38 -3.4e+38 -3.4e+38 0.396300882101059 0.488840460777283 0.577061295509338 0.666479766368866 0.7729771733284 0.721890866756439 0.650218784809113 0.682264745235443 0.688649415969849 0.7086341381073 0.719978272914886 0.547520041465759 0.385542124509811 0.275054901838303 0.302882105112076 0.403902798891068 0.0707325488328934 0.0465430207550526 0.0432353764772415 0.0426361039280891 0.0440077111124992 0.0432796031236649 0.0456642210483551 0.0483293049037457 0.0594864822924137 0.069747731089592 0.0730831176042557 0.0991897955536842 0.182129919528961 0.323134183883667 0.391846626996994 0.43923220038414 0.404226273298264 0.408201694488525 0.678727686405182
-3.4e+38 -3.4e+38 -3.4e+38 -3.4e+38 -3.4e+38 -3.4e+38 -3.4e+38 -3.4e+38 -3.4e+38 0.177585735917091 0.393924862146378 0.522563874721527 0.581040561199188 0.674726188182831 0.717411160469055 0.65593022108078 0.68854022026062 0.769356250762939 0.761175811290741 0.701390624046326 0.605771243572235 0.532279253005981 0.5166055560112 0.248866468667984 0.292565375566483 0.131017863750458 0.0659515634179115 0.0600018873810768 0.0578992627561092 0.0520970113575459 0.0465315878391266 0.0480297245085239 0.0489896386861801 0.0546845011413097 0.0660634934902191 0.0734023526310921 0.0762629583477974 0.110868901014328 0.173628851771355 0.262579649686813 0.392767786979675 0.348634123802185 0.467049926519394 0.646644830703735
-3.4e+38 -3.4e+38 -3.4e+38 -3.4e+38 -3.4e+38 -3.4e+38 -3.4e+38 -3.4e+38 -3.4e+38 -3.4e+38 -3.4e+38 0.466240137815475 0.471880078315735 0.609437048435211 0.673544347286224 0.66109436750412 0.655435979366302 0.687775373458862 0.751747131347656 0.82120543718338 0.674906373023987 0.488108903169632 0.604957699775696 0.465705305337906 0.459021031856537 0.21003170311451 0.112161822617054 0.0835786089301109 0.0697666630148888 0.0599536634981632 0.0485052652657032 0.0478998944163322 0.0491033270955086 0.0556628219783306 0.0611340813338757 0.0625118613243103 0.0653908923268318 0.074352964758873 0.114226497709751 0.204646602272987 0.329199969768524 0.377820521593094 0.444431006908417 0.583036005496979
-3.4e+38 -3.4e+38 -3.4e+38 -3.4e+38 -3.4e+38 -3.4e+38 -3.4e+38 -3.4e+38 -3.4e+38 -3.4e+38 -3.4e+38 -3.4e+38 0.519718647003174 0.569100379943848 0.631089746952057 0.665267467498779 0.646986901760101 0.622876107692719 0.755777359008789 0.722372353076935 0.809836089611053 0.63747626543045 0.551024734973907 0.574699521064758 0.438618302345276 0.297196328639984 0.171302855014801 0.108055107295513 0.0792822241783142 0.058878306299448 0.0519099310040474 0.0515143275260925 0.0498725175857544 0.0530260652303696 0.0576654598116875 0.0571999028325081 0.0576438419520855 0.061116848140955 0.0701466649770737 0.138037160038948 0.286699682474136 0.305684268474579 0.356326878070831 0.470308035612106
-3.4e+38 -3.4e+38 -3.4e+38 -3.4e+38 -3.4e+38 -3.4e+38 -3.4e+38 -3.4e+38 -3.4e+38 -3.4e+38 -3.4e+38 -3.4e+38 -3.4e+38 0.483924895524979 0.558217942714691 0.586210668087006 0.619977593421936 0.553036451339722 0.604984283447266 0.706630408763885 0.543664336204529 0.655127584934235 0.54214733839035 0.654608547687531 0.449936807155609 0.297087430953979 0.190934896469116 0.121112644672394 0.0779965221881866 0.0621925294399261 0.0518447086215019 0.0499544106423855 0.0513398982584476 0.0569357052445412 0.0565417110919952 0.0510289371013641 0.0507723689079285 0.0505553670227528 0.0467705391347408 0.060077790170908 0.152712374925613 0.214373037219048 0.303147107362747 0.446479648351669
-3.4e+38 -3.4e+38 -3.4e+38 -3.4e+38 -3.4e+38 -3.4e+38 -3.4e+38 -3.4e+38 -3.4e+38 -3.4e+38 -3.4e+38 -3.4e+38 -3.4e+38 -3.4e+38 0.497225254774094 0.588730573654175 0.658096253871918 0.608011603355408 0.535133004188538 0.558018982410431 0.584677994251251 0.522030591964722 0.529035449028015 0.606449067592621 0.415891110897064 0.280290126800537 0.19046451151371 0.121411174535751 0.0797681659460068 0.0599941797554493 0.0460629425942898 0.0446395538747311 0.0469549372792244 0.053605243563652 0.0612513273954391 0.0554189756512642 0.0461165495216846 0.0370955802500248 0.0324207730591297 0.0371664054691792 0.0715939551591873 0.132312819361687 0.295886665582657 0.354213327169418
-3.4e+38 -3.4e+38 -3.4e+38 -3.4e+38 -3.4e+38 -3.4e+38 -3.4e+38 -3.4e+38 -3.4e+38 -3.4e+38 -3.4e+38 -3.4e+38 -3.4e+38 -3.4e+38 0.440459817647934 0.54128098487854 0.636306405067444 0.709754288196564 0.731400668621063 0.645441830158234 0.620258092880249 0.557158529758453 0.510709702968597 0.55106508731842 0.430735170841217 0.277288496494293 0.186730235815048 0.111983254551888 0.074348121881485 0.0501147024333477 0.0402041338384151 0.0406826883554459 0.042509313672781 0.0502857156097889 0.0596312545239925 0.0498269572854042 0.0390205830335617 0.0326518677175045 0.0283944066613913 0.0274773500859737 0.0625506490468979 0.261968225240707 0.124609351158142 0.258367866277695
-3.4e+38 -3.4e+38 -3.4e+38 -3.4e+38 -3.4e+38 -3.4e+38 -3.4e+38 -3.4e+38 -3.4e+38 -3.4e+38 -3.4e+38 -3.4e+38 -3.4e+38 0.314747601747513 0.381457149982452 0.517772734165192 0.592692971229553 0.699977219104767 0.766216337680817 0.754982352256775 0.742965877056122 0.471491694450378 0.417485356330872 0.474331587553024 0.325162321329117 0.263933390378952 0.19185383617878 0.102211676537991 0.0614161603152752 0.037958025932312 0.0317361503839493 0.0318365767598152 0.0320672579109669 0.0372535064816475 0.0394476689398289 0.0341060012578964 0.029366297647357 0.02568394318223 0.021619688719511 0.0209409110248089 0.0513258315622807 0.101966209709644 0.188479080796242 0.163220390677452
-3.4e+38 -3.4e+38 -3.4e+38 -3.4e+38 -3.4e+38 -3.4e+38 -3.4e+38 -3.4e+38 -3.4e+38 -3.4e+38 -3.4e+38 -3.4e+38 -3.4e+38 0.330827951431274 0.332245796918869 -3.4e+38 0.627856254577637 0.68276309967041 0.752017259597778 0.79054194688797 0.7320716381073 0.38730850815773 0.4516921043396 0.534471035003662 0.410019040107727 0.230651363730431 0.219166606664658 0.151306644082069 0.0622564144432545 0.0313443467020988 0.0272971447557211 0.0250847153365612 0.025048540905118 0.0258942544460297 0.0260033123195171 0.0230304393917322 0.021615931764245 0.0192615073174238 0.0175884049385786 0.0159516930580139 0.0218477174639702 0.0520553514361382 0.0513434819877148 0.0737030431628227
-3.4e+38 -3.4e+38 -3.4e+38 -3.4e+38 -3.4e+38 -3.4e+38 -3.4e+38 -3.4e+38 -3.4e+38 -3.4e+38 -3.4e+38 -3.4e+38 -3.4e+38 -3.4e+38 -3.4e+38 -3.4e+38 -3.4e+38 0.585765957832336 0.709290504455566 0.625543355941772 0.501682877540588 0.278174012899399 0.272471576929092 0.538951814174652 0.389669239521027 0.269244015216827 0.299972265958786 0.197769403457642 0.0777150020003319 0.0346430651843548 0.0225511901080608 0.0194953382015228 0.0182586535811424 0.0176869239658117 0.0175215266644955 0.0172658748924732 0.0167654566466808 0.0157404486089945 0.0142526375129819 0.0142878815531731 0.0147199230268598 0.0245594400912523 0.0304806549102068 0.0479242391884327
-3.4e+38 -3.4e+38 -3.4e+38 -3.4e+38 -3.4e+38 -3.4e+38 -3.4e+38 -3.4e+38 -3.4e+38 -3.4e+38 -3.4e+38 -3.4e+38 -3.4e+38 -3.4e+38 -3.4e+38 -3.4e+38 -3.4e+38 -3.4e+38 -3.4e+38 0.234873369336128 0.146259725093842 0.0878448560833931 0.141891330480576 0.291788309812546 0.342236816883087 0.329628735780716 0.189499884843826 0.136023372411728 0.104733012616634 0.0502123273909092 0.0240652002394199 0.0174790788441896 0.0143284574151039 0.0144035909324884 0.0127919157966971 0.0147022558376193 0.0135937053710222 0.0126136867329478 0.0130916861817241 0.0131441587582231 0.0137689923867583 0.0146133089438081 0.0181929115206003 0.0298096835613251
-3.4e+38 -3.4e+38 -3.4e+38 -3.4e+38 -3.4e+38 -3.4e+38 -3.4e+38 -3.4e+38 -3.4e+38 -3.4e+38 -3.4e+38 -3.4e+38 -3.4e+38 -3.4e+38 -3.4e+38 -3.4e+38 -3.4e+38 -3.4e+38 -3.4e+38 0.0674218386411667 0.137293055653572 0.0923649147152901 0.180984064936638 0.261935442686081 0.262133240699768 0.225242480635643 0.187679246068001 0.0940519422292709 0.0641432106494904 0.0489660874009132 0.0444430746138096 0.0240187924355268 0.014540103264153 0.0126570062711835 0.0123586412519217 0.0122999222949147 0.0127931898459792 0.0117943976074457 0.0122647499665618 0.0118521191179752 0.0117862867191434 0.0125707797706127 0.0132380034774542 0.0136716281995177
-3.4e+38 -3.4e+38 -3.4e+38 -3.4e+38 -3.4e+38 -3.4e+38 -3.4e+38 -3.4e+38 -3.4e+38 -3.4e+38 -3.4e+38 -3.4e+38 -3.4e+38 -3.4e+38 -3.4e+38 -3.4e+38 -3.4e+38 -3.4e+38 -3.4e+38 0.0787644386291504 0.175366327166557 0.128272861242294 0.155208572745323 -3.4e+38 0.1861452460289 0.169677153229713 0.269062042236328 0.104240171611309 0.0810433030128479 0.0681801959872246 0.0902825966477394 0.0506154671311378 0.0227647330611944 0.0137176951393485 0.012156811542809 0.0115683786571026 0.010324751958251 0.0106917414814234 0.0107194911688566 0.0106019275262952 0.0101443938910961 0.0105867953971028 0.0119669949635863 0.0119292987510562
-3.4e+38 -3.4e+38 -3.4e+38 -3.4e+38 -3.4e+38 -3.4e+38 -3.4e+38 -3.4e+38 -3.4e+38 -3.4e+38 -3.4e+38 -3.4e+38 -3.4e+38 -3.4e+38 -3.4e+38 -3.4e+38 -3.4e+38 -3.4e+38 -3.4e+38 0.0933748558163643 0.315497100353241 0.270895838737488 0.197354927659035 0.185301661491394 0.128563180565834 0.0950426757335663 0.0887992382049561 0.151649564504623 0.178557738661766 0.228633001446724 0.170215472579002 0.155503571033478 0.0728044286370277 0.0376735702157021 0.0154333179816604 0.0108008813112974 0.0100621953606606 0.00940836686640978 0.0095991613343358 0.00928803626447916 0.00946474075317383 0.0101593947038054 0.00105280079878867 0.00118065148126334
-3.4e+38 -3.4e+38 -3.4e+38 -3.4e+38 -3.4e+38 -3.4e+38 -3.4e+38 -3.4e+38 -3.4e+38 -3.4e+38 -3.4e+38 -3.4e+38 -3.4e+38 -3.4e+38 -3.4e+38 -3.4e+38 -3.4e+38 -3.4e+38 -3.4e+38 -3.4e+38 0.0999147742986679 0.379776865243912 0.408364683389664 0.193709418177605 0.116304636001587 0.0733440518379211 0.068642869591713 0.140848278999329 0.245788291096687 0.272842854261398 0.195904269814491 0.17920795083046 0.144841015338898 0.0697800293564796 0.0278262179344893 0.014362501911819 0.00974619667977095 0.00908248033374548 0.00807414390146732 0.00800752453505993 0.00754363182932138 0.000878457154612988 0.00100194464903325 0.00100129935890436
