data/climate_estimation/maxent_output/Trillium_stamineum.asc
NCOLS 35 
NROWS 67 
XLLCORNER -89 
YLLCORNER 31.25 
CELLSIZE 0.0833333333333335 
NODATA_value -3.4e+38 
[rows 0 to 24 of 67, columns 0 to 34 of 35]
0.466773152351379 0.467757970094681 0.46890863776207 0.480612128973007 0.477058708667755 0.477824777364731 0.465820819139481 0.456003665924072 0.44654592871666 0.4240902364254 0.423014312982559 0.420851081609726 0.412087738513947 0.41327041387558 0.417761743068695 0.412975162267685 0.402699261903763 0.400940626859665 0.407443702220917 0.435366004705429 0.438445180654526 0.445250689983368 0.451254159212112 0.438514351844788 0.427179008722305 0.418073028326035 0.399073719978333 0.395807296037674 0.386183977127075 0.361859917640686 0.379634767770767 0.401835560798645 0.402607411146164 0.408749610185623 0.39981484413147
0.47391664981842 0.478918075561523 0.488920480012894 0.491402328014374 0.489979326725006 0.4823157787323 0.476420789957047 0.477697044610977 0.459037840366364 0.451279133558273 0.433553129434586 0.431504130363464 0.434084564447403 0.433121085166931 0.440268099308014 0.445794820785522 0.425111562013626 0.429565459489822 0.435750693082809 0.47524955868721 0.487914115190506 0.469125688076019 0.460888564586639 0.455377131700516 0.442016541957855 0.434442847967148 0.405347168445587 0.401412934064865 0.385487467050552 0.374186962842941 0.389914721250534 0.398816168308258 0.407230764627457 0.410020500421524 0.401183754205704
0.471021890640259 0.481086581945419 0.485568135976791 0.490625888109207 0.480008870363235 0.482214242219925 0.479624897241592 0.48842915892601 0.470825493335724 0.460200905799866 0.456824600696564 0.450459212064743 0.44564950466156 0.450368672609329 0.457003623247147 0.46600803732872 0.484131187200546 0.466701120138168 0.504074931144714 0.533403515815735 0.529401481151581 0.512225866317749 0.481934070587158 0.458509385585785 0.452947080135345 0.433836340904236 0.42587599158287 0.418220102787018 0.396812081336975 0.402098268270493 0.397599428892136 0.403390973806381 0.416694790124893 0.412682116031647 0.422111451625824
0.473053902387619 0.482740104198456 0.497163563966751 0.488687366247177 0.487010180950165 0.483150273561478 0.490895062685013 0.490016669034958 0.487278401851654 0.468682825565338 0.458970725536346 0.471418052911758 0.468005418777466 0.471452176570892 0.488218069076538 0.495998710393906 0.515896081924438 0.516975104808807 0.557429790496826 0.573990225791931 0.546138226985931 0.528976559638977 0.497449815273285 0.466748893260956 0.44898134469986 0.423600852489471 0.41635599732399 0.401732236146927 0.40013325214386 0.396656930446625 0.414432257413864 0.43169492483139 0.440546900033951 0.432128041982651 0.442552506923676
0.475799858570099 0.481938064098358 0.496540188789368 0.493552714586258 0.489022463560104 0.500758767127991 0.494848817586899 0.49863189458847 0.471872746944427 0.478420376777649 0.484752118587494 0.480900794267654 0.484749853610992 0.497767686843872 0.502324938774109 0.519775152206421 0.543128371238708 0.555979549884796 0.556475520133972 0.575790882110596 0.559063971042633 0.535654246807098 0.505752742290497 0.476411491632462 0.438650846481323 0.39254903793335 0.386670738458633 0.384068876504898 0.390299737453461 0.403952360153198 0.420586764812469 0.442771434783936 0.466941922903061 0.464385569095612 0.477428257465363
0.472645193338394 0.480143994092941 0.494850605726242 0.508120656013489 0.503372967243195 0.506543278694153 0.509707093238831 0.507445335388184 0.490323454141617 0.486966580152512 0.482721656560898 0.507785677909851 0.501410126686096 0.516174256801605 0.523553073406219 0.542897880077362 0.55939519405365 0.561072468757629 0.569000244140625 0.572345733642578 0.550486028194427 0.542714476585388 0.512614130973816 0.467627048492432 0.420834064483643 0.403715223073959 0.356531232595444 0.354699581861496 0.365951120853424 0.387635171413422 0.410952270030975 0.46109876036644 0.476245582103729 0.489439606666565 0.505422115325928
0.475572317838669 0.482335805892944 0.498837113380432 0.516635060310364 0.516635060310364 0.528538644313812 0.515575408935547 0.503670692443848 0.506198585033417 0.491552799940109 0.50383985042572 0.508346498012543 0.521418273448944 0.541865825653076 0.541011869907379 0.547214448451996 0.5638068318367 0.575643837451935 0.551155388355255 0.561093866825104 0.543139815330505 0.529638528823853 0.493543684482574 0.472074329853058 0.426403045654297 0.38690921664238 0.34514331817627 0.311379492282867 0.315812855958939 0.342596769332886 0.393912613391876 0.448859512805939 0.47626057267189 0.50306499004364 0.522417187690735
0.473943710327148 0.489506870508194 0.509131371974945 0.514459609985352 0.518419623374939 0.523343443870544 0.528375506401062 0.517040848731995 0.518933475017548 0.510046720504761 0.516596436500549 0.525983393192291 0.548887491226196 0.568743765354156 0.556500971317291 0.55588835477829 0.561338186264038 0.571167051792145 0.545269370079041 0.568844497203827 0.536722898483276 0.529672145843506 0.50875186920166 0.470544874668121 0.424281984567642 0.355510950088501 0.308728009462357 0.278015941381454 0.278991222381592 0.324636518955231 0.372148782014847 0.446376591920853 0.490732491016388 0.506100654602051 0.53423660993576
0.484249234199524 0.484120696783066 0.49094220995903 0.500587701797485 0.506621360778809 0.536511719226837 0.548683404922485 0.535705029964447 0.53139191865921 0.516021251678467 0.52796596288681 0.540789127349854 0.555881917476654 0.564341068267822 0.566035091876984 0.551743924617767 0.554047226905823 0.557531595230103 0.544517636299133 0.5462406873703 0.546492576599121 0.533890783786774 0.512427031993866 0.480853676795959 0.441213101148605 0.363847434520721 0.31134033203125 0.260048031806946 0.26088809967041 0.288003951311111 0.349645406007767 0.44141212105751 0.489400804042816 0.531200706958771 0.565805017948151
0.483478158712387 0.470755130052567 0.485907971858978 0.490486949682236 0.502658605575562 0.519327342510223 0.53724730014801 0.543015480041504 0.522335886955261 0.521168351173401 0.537786841392517 0.557383477687836 0.569741427898407 0.588390350341797 0.580571472644806 0.579199850559235 0.565503835678101 0.554196834564209 0.556200742721558 0.554843962192535 0.53411066532135 0.526009380817413 0.505824744701385 0.504851341247559 0.475033640861511 0.43049094080925 0.375012904405594 0.311818301677704 0.272596448659897 0.270079255104065 0.332892686128616 0.432467937469482 0.506267130374908 0.545586109161377 0.55658745765686
0.45862877368927 0.464338511228561 0.467870205640793 0.464689999818802 0.484999239444733 0.507099270820618 0.518517911434174 0.540289580821991 0.526939928531647 0.533886730670929 0.557383477687836 0.546963334083557 0.57971853017807 0.586169958114624 0.586217522621155 0.582382678985596 0.566621899604797 0.5470250248909 0.568787336349487 0.539562523365021 0.528938353061676 0.53723019361496 0.514114201068878 0.51142030954361 0.501580357551575 0.487146705389023 0.439901322126389 0.380993276834488 0.344282060861588 0.311755001544952 0.368939936161041 0.447528898715973 0.526922225952148 0.568570911884308 0.590935885906219
0.471988618373871 0.478886932134628 0.474284887313843 0.474512904882431 0.488690733909607 0.489567995071411 0.495294481515884 0.520172417163849 0.524542510509491 0.541214942932129 0.545883357524872 0.565101623535156 0.566232323646545 0.585530340671539 0.577033936977386 0.579675316810608 0.561308145523071 0.555184066295624 0.560609698295593 0.540420889854431 0.554760277271271 0.537987649440765 0.535976469516754 0.519096791744232 0.532706558704376 0.524077713489532 0.506860554218292 0.477005958557129 0.455588787794113 0.411394506692886 0.446075052022934 0.510007739067078 0.551857650279999 0.588107228279114 0.592981278896332
0.451639384031296 0.45851993560791 0.462725788354874 0.469023138284683 0.484979927539825 0.499406963586807 0.496671855449677 0.516226649284363 0.526566028594971 0.539016842842102 0.557878077030182 0.560471713542938 0.58262687921524 0.568327009677887 0.571966350078583 0.559056460857391 0.573647677898407 0.561611533164978 0.552796244621277 0.561747610569 0.56536477804184 0.567629277706146 0.553709864616394 0.555505394935608 0.565911650657654 0.558334112167358 0.529961287975311 0.526530385017395 0.511374294757843 0.524693667888641 0.53561133146286 0.560055255889893 0.588410973548889 0.606465935707092 0.62008672952652
0.462910413742065 0.430876642465591 0.444068104028702 0.469922721385956 0.484676539897919 0.491000115871429 0.507695317268372 0.522675096988678 0.532755732536316 0.556479752063751 0.567311644554138 0.569691777229309 0.576474905014038 0.568931341171265 0.569706797599792 0.561569571495056 0.560345113277435 0.548078238964081 0.564685106277466 0.567549228668213 0.591427683830261 0.595146834850311 0.599295973777771 0.593904912471771 0.595338761806488 0.593409717082977 0.579035222530365 0.577043414115906 0.574816584587097 0.578717947006226 0.582739531993866 0.595200657844543 0.623174726963043 0.611950397491455 0.605866253376007
0.447335630655289 0.422533720731735 0.442183166742325 0.467132717370987 0.492740422487259 0.494816243648529 0.524313271045685 0.522186040878296 0.548101365566254 0.557392418384552 0.570813357830048 0.582536935806274 0.591428160667419 0.590837419033051 0.593605816364288 0.588281691074371 0.573306262493134 0.567292988300323 0.575315117835999 0.602004706859589 0.612437546253204 0.626261472702026 0.634333789348602 0.622372984886169 0.630705595016479 0.627072393894196 0.62138444185257 0.610275745391846 0.624193429946899 0.620178580284119 0.640638768672943 0.637337923049927 0.659669399261475 0.639522314071655 0.634669840335846
0.428725123405457 0.45527184009552 0.459531605243683 0.477420568466187 0.494769662618637 0.509371280670166 0.538444638252258 0.537307918071747 0.570960998535156 0.577655255794525 0.584263801574707 0.597971677780151 0.602911412715912 0.620364308357239 0.601132035255432 0.59613049030304 0.589452266693115 0.589452266693115 0.608358323574066 0.624706089496613 0.643423020839691 0.663173735141754 0.672859907150269 0.671998620033264 0.654412627220154 0.657758057117462 0.653059005737305 0.652258157730103 0.6561399102211 0.662513077259064 0.661579370498657 0.67958676815033 0.680360436439514 0.666665017604828 0.662388920783997
0.452535688877106 0.477282285690308 0.490104973316193 0.487985730171204 0.507583320140839 0.53273206949234 0.558947741985321 0.572897434234619 0.587260544300079 0.599526047706604 0.617241561412811 0.622174799442291 0.619810461997986 0.635717391967773 0.628955543041229 0.62290745973587 0.636836111545563 0.630879759788513 0.645498931407928 0.646261632442474 0.672871470451355 0.677201569080353 0.69007670879364 0.697023749351501 0.69575446844101 0.69558972120285 0.701496660709381 0.686852157115936 0.692099630832672 0.688820064067841 0.701469480991364 0.7060906291008 0.705095410346985 0.710756123065948 0.702044188976288
0.459927111864090 0.474202424287796 0.506678700447083 0.525619804859161 0.540134489536285 0.556040227413177 0.574353456497192 0.59584629535675 0.617037117481232 0.614704012870789 0.637873649597168 0.638563096523285 0.652474284172058 0.652771770954132 0.659647345542908 0.656100153923035 0.647805213928223 0.646228432655334 0.65409255027771 0.67462694644928 0.69238692522049 0.699856817722321 0.727663218975067 0.734450399875641 0.728322207927704 0.735844612121582 0.73120129108429 0.726016044616699 0.711426019668579 0.716111540794373 0.737908959388733 0.73579728603363 0.725229144096375 0.738588154315948 0.7288498878479
0.462885737419128 0.499045759439468 0.52774053812027 0.548185348510742 0.57187432050705 0.591864407062531 0.605448186397552 0.628885328769684 0.633600413799286 0.648355782032013 0.66188657283783 0.658400237560272 0.669781029224396 0.689172863960266 0.669107377529144 0.671542108058929 0.68224424123764 0.683768689632416 0.697647094726562 0.700018465518951 0.719154357910156 0.741298615932465 0.747140109539032 0.754987597465515 0.762454807758331 0.756009578704834 0.748673021793365 0.739253580570221 0.728330016136169 0.729831516742706 0.741713523864746 0.746250808238983 0.738324046134949 0.749301075935364 0.744181513786316
0.517864286899567 0.53028792142868 0.544344961643219 0.575517654418945 0.594964385032654 0.618220269680023 0.630635976791382 0.660470545291901 0.663677394390106 0.664138615131378 0.687008857727051 0.692056000232697 0.704519808292389 0.692233920097351 0.704688251018524 0.704278409481049 0.710708022117615 0.718598127365112 0.714296698570251 0.718174278736115 0.743503153324127 0.762827634811401 0.779298067092896 0.774891376495361 0.780412197113037 0.765642464160919 0.765514433383942 0.75268828868866 0.740600943565369 0.740791738033295 0.738973081111908 0.753018856048584 0.75793719291687 0.764457523822784 0.763045907020569
0.551229059696198 0.55565083026886 0.570027768611908 0.60222327709198 0.622057378292084 0.637509047985077 0.664552450180054 0.685531079769135 0.690606117248535 0.704248905181885 0.704753339290619 0.725452959537506 0.71558678150177 0.730480909347534 0.726366698741913 0.724756002426147 0.734885454177856 0.738670170307159 0.73427802324295 0.753523468971252 0.76498943567276 0.782447814941406 0.798784673213959 0.799713253974915 0.799834430217743 0.791455447673798 0.771077513694763 0.766207635402679 0.752593159675598 0.745277166366577 0.766016840934753 0.766016840934753 0.768795728683472 0.78125262260437 0.732799112796783
0.592860102653503 0.580493927001953 0.603684544563293 0.619546711444855 0.647872090339661 0.663015902042389 0.68388706445694 0.696266531944275 0.705114424228668 0.710052609443665 0.723255634307861 0.729442536830902 0.739252805709839 0.741307199001312 0.740121424198151 0.738406121730804 0.747307598590851 0.746522128582001 0.75474613904953 0.763828933238983 0.778636455535889 0.788908362388611 0.795659840106964 0.804924130439758 0.803821325302124 0.804323673248291 0.796888649463654 0.790019929409027 0.776024341583252 0.77260959148407 0.772355973720551 0.784619808197021 0.782240748405457 0.744602978229523 0.673002064228058
0.617741942405701 0.625580966472626 0.646568953990936 0.639592826366425 0.639293491840363 0.67503422498703 0.688692271709442 0.699546992778778 0.714564800262451 0.719156622886658 0.725357890129089 0.742013573646545 0.750198900699615 0.753817439079285 0.753220617771149 0.766611218452454 0.768016159534454 0.76928973197937 0.772788643836975 0.784977853298187 0.793770611286163 0.808349967002869 0.807936906814575 0.817196846008301 0.822578847408295 0.814904570579529 0.805309474468231 0.803980112075806 0.796356022357941 0.784450709819794 0.792560994625092 0.776839852333069 0.703874170780182 0.73798543214798 0.734942436218262
0.644883692264557 0.653427958488464 0.658935785293579 0.660229861736298 0.660457670688629 0.678735315799713 0.694526314735413 0.709678709506989 0.717391550540924 0.738209187984467 0.737548589706421 0.753190219402313 0.757316112518311 0.756657183170319 0.757545232772827 0.77260559797287 0.767563700675964 0.775555193424225 0.784571647644043 0.796980023384094 0.79777467250824 0.811311483383179 0.819336831569672 0.821293473243713 0.824612736701965 0.82147490978241 0.819501757621765 0.814693927764893 0.80005544424057 0.805851340293884 0.796504557132721 0.775326132774353 0.71875536441803 0.776793539524078 0.675173223018646
0.679722011089325 0.666262805461884 0.682982206344604 0.669445037841797 0.676731109619141 0.684661209583282 0.697479724884033 0.711089313030243 0.722331404685974 0.742891907691956 0.741953134536743 0.763582706451416 0.767545223236084 0.76663339138031 0.773457229137421 0.776741743087769 0.772012531757355 0.768554627895355 0.780521988868713 0.797155559062958 0.80127614736557 0.809538781642914 0.830881357192993 0.83516925573349 0.831754386425018 0.824658572673798 0.82603532075882 0.82060968875885 0.816763520240784 0.813646554946899 0.809162795543671 0.792865455150604 0.762907445430756 0.771018922328949 0.712563157081604
