data/climate_estimation/maxent_output/Trillium_apetalon.asc
NCOLS 186 
NROWS 145 
XLLCORNER 132.833333333333 
YLLCORNER 33.5 
CELLSIZE 0.0833333333333333 
NODATA_value -3.4e+38 
[rows 104 to 129 of 145, columns 0 to 58 of 186]
-3.4e+38 -3.4e+38 -3.4e+38 -3.4e+38 -3.4e+38 -3.4e+38 -3.4e+38 -3.4e+38 -3.4e+38 -3.4e+38 -3.4e+38 -3.4e+38 -3.4e+38 -3.4e+38 -3.4e+38 -3.4e+38 -3.4e+38 -3.4e+38 -3.4e+38 -3.4e+38 -3.4e+38 -3.4e+38 -3.4e+38 -3.4e+38 -3.4e+38 -3.4e+38 -3.4e+38 -3.4e+38 -3.4e+38 -3.4e+38 -3.4e+38 -3.4e+38 -3.4e+38 -3.4e+38 -3.4e+38 -3.4e+38 -3.4e+38 -3.4e+38 -3.4e+38 -3.4e+38 -3.4e+38 -3.4e+38 -3.4e+38 -3.4e+38 -3.4e+38 -3.4e+38 -3.4e+38 0.577212154865265 0.7131187915802 0.625996947288513 0.601817965507507 -3.4e+38 -3.4e+38 -3.4e+38 0.560927748680115 0.598872780799866 0.64913272857666 0.690202593803406 0.753223776817322
-3.4e+38 -3.4e+38 -3.4e+38 -3.4e+38 -3.4e+38 -3.4e+38 -3.4e+38 -3.4e+38 -3.4e+38 -3.4e+38 -3.4e+38 -3.4e+38 -3.4e+38 -3.4e+38 -3.4e+38 -3.4e+38 -3.4e+38 -3.4e+38 -3.4e+38 -3.4e+38 -3.4e+38 -3.4e+38 -3.4e+38 -3.4e+38 -3.4e+38 -3.4e+38 -3.4e+38 -3.4e+38 -3.4e+38 -3.4e+38 -3.4e+38 -3.4e+38 -3.4e+38 -3.4e+38 -3.4e+38 -3.4e+38 -3.4e+38 -3.4e+38 -3.4e+38 -3.4e+38 -3.4e+38 -3.4e+38 -3.4e+38 -3.4e+38 -3.4e+38 -3.4e+38 0.546599447727203 0.731504201889038 0.727999448776245 0.627023041248322 0.607909858226776 0.583938360214233 0.580580055713654 0.53727114200592 0.564356088638306 0.569366872310638 0.730373620986938 0.775400042533875 0.72637528181076
-3.4e+38 -3.4e+38 -3.4e+38 -3.4e+38 -3.4e+38 -3.4e+38 -3.4e+38 -3.4e+38 -3.4e+38 -3.4e+38 -3.4e+38 -3.4e+38 -3.4e+38 -3.4e+38 -3.4e+38 -3.4e+38 -3.4e+38 -3.4e+38 -3.4e+38 -3.4e+38 -3.4e+38 -3.4e+38 -3.4e+38 -3.4e+38 -3.4e+38 -3.4e+38 -3.4e+38 -3.4e+38 -3.4e+38 -3.4e+38 -3.4e+38 -3.4e+38 -3.4e+38 -3.4e+38 -3.4e+38 -3.4e+38 -3.4e+38 -3.4e+38 -3.4e+38 -3.4e+38 -3.4e+38 -3.4e+38 -3.4e+38 -3.4e+38 -3.4e+38 0.522948801517487 0.521272897720337 0.674046158790588 0.657398045063019 0.571737468242645 0.583547234535217 0.575622022151947 0.549854934215546 0.543148458003998 0.565774440765381 0.634049117565155 0.760911762714386 0.751673758029938 0.731123268604279
-3.4e+38 -3.4e+38 -3.4e+38 -3.4e+38 -3.4e+38 -3.4e+38 -3.4e+38 -3.4e+38 -3.4e+38 -3.4e+38 -3.4e+38 -3.4e+38 -3.4e+38 -3.4e+38 -3.4e+38 -3.4e+38 -3.4e+38 -3.4e+38 -3.4e+38 -3.4e+38 -3.4e+38 -3.4e+38 -3.4e+38 -3.4e+38 -3.4e+38 -3.4e+38 -3.4e+38 -3.4e+38 -3.4e+38 -3.4e+38 -3.4e+38 -3.4e+38 -3.4e+38 -3.4e+38 -3.4e+38 -3.4e+38 -3.4e+38 -3.4e+38 -3.4e+38 -3.4e+38 -3.4e+38 -3.4e+38 -3.4e+38 -3.4e+38 -3.4e+38 0.480163186788559 0.531257212162018 0.648226141929626 0.58095771074295 0.581479668617249 0.622130393981934 0.566684365272522 0.544389128684998 0.546851396560669 0.60713267326355 0.776014447212219 0.746927559375763 0.702536106109619 0.72148072719574
-3.4e+38 -3.4e+38 -3.4e+38 -3.4e+38 -3.4e+38 -3.4e+38 -3.4e+38 -3.4e+38 -3.4e+38 -3.4e+38 -3.4e+38 -3.4e+38 -3.4e+38 -3.4e+38 -3.4e+38 -3.4e+38 -3.4e+38 -3.4e+38 -3.4e+38 -3.4e+38 -3.4e+38 -3.4e+38 -3.4e+38 -3.4e+38 -3.4e+38 -3.4e+38 -3.4e+38 -3.4e+38 -3.4e+38 -3.4e+38 -3.4e+38 -3.4e+38 -3.4e+38 -3.4e+38 -3.4e+38 -3.4e+38 -3.4e+38 -3.4e+38 -3.4e+38 -3.4e+38 -3.4e+38 -3.4e+38 -3.4e+38 -3.4e+38 0.525847792625427 0.527749180793762 0.615821421146393 0.691468000411987 0.557071805000305 0.682383298873901 0.691955924034119 0.604167580604553 0.600873231887817 0.738674461841583 0.787085592746735 0.7574183344841 0.733747005462646 0.693711519241333 0.69601982831955
-3.4e+38 -3.4e+38 -3.4e+38 -3.4e+38 -3.4e+38 -3.4e+38 -3.4e+38 -3.4e+38 -3.4e+38 -3.4e+38 -3.4e+38 -3.4e+38 -3.4e+38 -3.4e+38 -3.4e+38 -3.4e+38 -3.4e+38 -3.4e+38 -3.4e+38 -3.4e+38 -3.4e+38 -3.4e+38 -3.4e+38 -3.4e+38 -3.4e+38 -3.4e+38 -3.4e+38 -3.4e+38 -3.4e+38 -3.4e+38 -3.4e+38 -3.4e+38 -3.4e+38 -3.4e+38 -3.4e+38 -3.4e+38 -3.4e+38 -3.4e+38 -3.4e+38 -3.4e+38 -3.4e+38 -3.4e+38 -3.4e+38 0.547934770584106 0.556001961231232 0.710021078586578 0.636963903903961 0.702212631702423 0.758517324924469 0.769964218139648 0.794642746448517 0.791868507862091 0.795923292636871 0.779594838619232 0.751154005527496 0.742070138454437 0.651349604129791 0.634495437145233 0.7208491563797
-3.4e+38 -3.4e+38 -3.4e+38 -3.4e+38 -3.4e+38 0.314064681529999 -3.4e+38 -3.4e+38 -3.4e+38 -3.4e+38 -3.4e+38 -3.4e+38 -3.4e+38 -3.4e+38 -3.4e+38 -3.4e+38 -3.4e+38 -3.4e+38 -3.4e+38 -3.4e+38 -3.4e+38 -3.4e+38 -3.4e+38 -3.4e+38 -3.4e+38 -3.4e+38 -3.4e+38 -3.4e+38 -3.4e+38 -3.4e+38 -3.4e+38 -3.4e+38 -3.4e+38 -3.4e+38 -3.4e+38 -3.4e+38 -3.4e+38 -3.4e+38 -3.4e+38 -3.4e+38 -3.4e+38 0.571157157421112 0.560350835323334 0.557641208171844 0.636032044887543 0.694362699985504 0.776850998401642 0.805752694606781 0.802793025970459 0.797521948814392 0.770459830760956 0.772862613201141 0.781435072422028 0.773659765720367 0.75740909576416 0.740396320819855 0.664281666278839 0.624332785606384 0.66715669631958
-339999999999999996123846586046231871488.000000000000000 -3.4e+38 -3.4e+38 -3.4e+38 0.359615564346313 0.37871453166008 0.361588388681412 -3.4e+38 -3.4e+38 -3.4e+38 -3.4e+38 -3.4e+38 -3.4e+38 -3.4e+38 -3.4e+38 -3.4e+38 -3.4e+38 -3.4e+38 -3.4e+38 -3.4e+38 -3.4e+38 -3.4e+38 -3.4e+38 -3.4e+38 -3.4e+38 -3.4e+38 -3.4e+38 -3.4e+38 -3.4e+38 -3.4e+38 -3.4e+38 -3.4e+38 -3.4e+38 -3.4e+38 -3.4e+38 -3.4e+38 -3.4e+38 -3.4e+38 -3.4e+38 -3.4e+38 0.549710035324097 0.61606639623642 0.603774130344391 0.69080263376236 0.69426029920578 0.702955424785614 0.806122958660126 0.776928067207336 0.805142164230347 0.770830035209656 0.777190446853638 0.787448287010193 0.769581079483032 0.772830247879028 0.766117572784424 0.751365005970001 0.722517788410187 0.674243807792664 0.675288200378418
-3.4e+38 -3.4e+38 -3.4e+38 -3.4e+38 0.372214615345001 0.339876443147659 0.337539702653885 -3.4e+38 -3.4e+38 -3.4e+38 -3.4e+38 -3.4e+38 -3.4e+38 -3.4e+38 -3.4e+38 -3.4e+38 -3.4e+38 -3.4e+38 -3.4e+38 -3.4e+38 -3.4e+38 -3.4e+38 -3.4e+38 -3.4e+38 -3.4e+38 -3.4e+38 -3.4e+38 -3.4e+38 -3.4e+38 -3.4e+38 -3.4e+38 -3.4e+38 -3.4e+38 -3.4e+38 -3.4e+38 -3.4e+38 -3.4e+38 -3.4e+38 -3.4e+38 0.545822441577911 0.547862410545349 0.69236147403717 0.732875883579254 0.702091813087463 0.796469330787659 0.794448494911194 0.769331276416779 0.755745649337769 0.777938008308411 0.760994911193848 0.775240242481232 0.772840619087219 0.78019642829895 0.7694993019104 0.758394837379456 0.743943095207214 0.733408689498901 0.716383397579193 0.716529965400696
-3.4e+38 0.364620536565781 0.363470107316971 0.333043456077576 -3.4e+38 0.319050997495651 -3.4e+38 -3.4e+38 -3.4e+38 -3.4e+38 -3.4e+38 -3.4e+38 -3.4e+38 -3.4e+38 -3.4e+38 -3.4e+38 -3.4e+38 -3.4e+38 -3.4e+38 -3.4e+38 -3.4e+38 -3.4e+38 -3.4e+38 -3.4e+38 -3.4e+38 -3.4e+38 -3.4e+38 -3.4e+38 -3.4e+38 -3.4e+38 -3.4e+38 -3.4e+38 -3.4e+38 -3.4e+38 -3.4e+38 -3.4e+38 -3.4e+38 -3.4e+38 0.774209260940552 0.669861733913422 0.536795556545258 0.618487536907196 0.698827147483826 0.704453885555267 0.779382228851318 0.808445870876312 0.774420380592346 0.724610149860382 0.766982555389404 0.773023664951324 0.768333315849304 0.769502818584442 0.773267090320587 0.769520044326782 0.75643265247345 0.737057626247406 0.638244032859802 0.724125802516937 0.730141878128052
-3.4e+38 0.371233999729156 0.359241873025894 0.332349866628647 -3.4e+38 -3.4e+38 -3.4e+38 -3.4e+38 -3.4e+38 -3.4e+38 -3.4e+38 -3.4e+38 -3.4e+38 -3.4e+38 -3.4e+38 -3.4e+38 -3.4e+38 -3.4e+38 -3.4e+38 -3.4e+38 -3.4e+38 -3.4e+38 -3.4e+38 -3.4e+38 -3.4e+38 -3.4e+38 -3.4e+38 -3.4e+38 -3.4e+38 -3.4e+38 -3.4e+38 -3.4e+38 -3.4e+38 -3.4e+38 -3.4e+38 -3.4e+38 -3.4e+38 -3.4e+38 0.755811274051666 0.687314629554749 0.531577050685883 0.657023310661316 0.727488696575165 0.683876216411591 0.69547301530838 0.792053520679474 0.781547009944916 0.765767157077789 0.774322748184204 0.776731431484222 0.764882504940033 0.762860476970673 0.761317610740662 0.762318670749664 0.749636650085449 0.741272628307343 0.729539632797241 0.723897159099579 0.72295606136322
-3.4e+38 -3.4e+38 -3.4e+38 -3.4e+38 -3.4e+38 -3.4e+38 -3.4e+38 -3.4e+38 -3.4e+38 -3.4e+38 -3.4e+38 -3.4e+38 -3.4e+38 -3.4e+38 -3.4e+38 -3.4e+38 -3.4e+38 -3.4e+38 -3.4e+38 -3.4e+38 -3.4e+38 -3.4e+38 -3.4e+38 -3.4e+38 -3.4e+38 -3.4e+38 -3.4e+38 -3.4e+38 -3.4e+38 -3.4e+38 -3.4e+38 -3.4e+38 -3.4e+38 -3.4e+38 -3.4e+38 -3.4e+38 -3.4e+38 0.733879864215851 0.74858421087265 0.589715242385864 0.579154014587402 0.734204769134521 0.692903101444244 0.693451225757599 0.692231357097626 0.807233989238739 0.790352046489716 0.783782780170441 0.785522282123566 0.767109751701355 0.763773262500763 0.765805423259735 0.767747819423676 0.760459303855896 0.742426574230194 0.727076470851898 0.731756150722504 0.732143878936768 0.726655125617981
-3.4e+38 -3.4e+38 -3.4e+38 -3.4e+38 -3.4e+38 -3.4e+38 -3.4e+38 -3.4e+38 -3.4e+38 -3.4e+38 -3.4e+38 -3.4e+38 -3.4e+38 -3.4e+38 -3.4e+38 -3.4e+38 -3.4e+38 -3.4e+38 -3.4e+38 -3.4e+38 -3.4e+38 -3.4e+38 -3.4e+38 -3.4e+38 -3.4e+38 -3.4e+38 -3.4e+38 -3.4e+38 -3.4e+38 -3.4e+38 -3.4e+38 -3.4e+38 -3.4e+38 -3.4e+38 -3.4e+38 -3.4e+38 -3.4e+38 -3.4e+38 0.744718909263611 0.680632948875427 0.628497898578644 0.691529035568237 0.737555801868439 0.796943664550781 0.802312314510345 0.802947580814362 0.800863027572632 0.783919274806976 0.794995605945587 0.776562035083771 0.775602161884308 0.768731117248535 0.770481765270233 0.751337826251984 0.737586081027985 0.686241626739502 0.729467809200287 0.73667848110199 0.732564866542816
-3.4e+38 -3.4e+38 -3.4e+38 -3.4e+38 -3.4e+38 -3.4e+38 -3.4e+38 -3.4e+38 -3.4e+38 -3.4e+38 -3.4e+38 -3.4e+38 -3.4e+38 -3.4e+38 -3.4e+38 -3.4e+38 -3.4e+38 -3.4e+38 -3.4e+38 -3.4e+38 -3.4e+38 -3.4e+38 -3.4e+38 -3.4e+38 -3.4e+38 -3.4e+38 -3.4e+38 -3.4e+38 0.513876378536224 0.345373928546906 -3.4e+38 -3.4e+38 -3.4e+38 -3.4e+38 -3.4e+38 -3.4e+38 -3.4e+38 -3.4e+38 0.543779671192169 0.68315178155899 0.67635315656662 0.729737341403961 0.807252109050751 0.800352096557617 0.799357354640961 0.797230541706085 0.782202661037445 0.781861543655396 0.787308216094971 0.776328325271606 0.777886569499969 0.773561298847198 0.769080996513367 0.759430408477783 0.738116204738617 0.736545979976654 0.737078189849854 0.737401604652405 0.735311269760132
-3.4e+38 -3.4e+38 -3.4e+38 -3.4e+38 -3.4e+38 -3.4e+38 -3.4e+38 -3.4e+38 -3.4e+38 -3.4e+38 -3.4e+38 -3.4e+38 -3.4e+38 -3.4e+38 -3.4e+38 -3.4e+38 -3.4e+38 -3.4e+38 -3.4e+38 -3.4e+38 -3.4e+38 -3.4e+38 -3.4e+38 -3.4e+38 -3.4e+38 0.460096031427383 0.387488633394241 0.475479304790497 0.629734098911285 0.405257642269135 -3.4e+38 0.298337668180466 -3.4e+38 -3.4e+38 -3.4e+38 -3.4e+38 -3.4e+38 0.579684793949127 0.63539069890976 0.677682638168335 0.779596984386444 0.80179238319397 0.799529910087585 0.802618622779846 0.798582196235657 0.797117233276367 0.786529004573822 0.788305521011353 0.784063220024109 0.724194526672363 0.778146266937256 0.714366734027863 0.766366958618164 0.759580254554749 0.752758681774139 0.742054581642151 0.733536779880524 0.738987445831299 0.737953960895538
-3.4e+38 -3.4e+38 -3.4e+38 0.329414337873459 -3.4e+38 -3.4e+38 -3.4e+38 -3.4e+38 -3.4e+38 -3.4e+38 -3.4e+38 -3.4e+38 -3.4e+38 -3.4e+38 -3.4e+38 -3.4e+38 -3.4e+38 0.306789726018906 0.406122386455536 0.398632526397705 0.551990926265717 0.465276807546616 0.496111065149307 0.468786209821701 0.430636912584305 0.425106018781662 0.433439522981644 0.53725254535675 0.616315722465515 0.299404054880142 -3.4e+38 0.269945800304413 -3.4e+38 -3.4e+38 -3.4e+38 0.327490448951721 0.298505216836929 0.412540078163147 0.526895642280579 0.66457998752594 0.788966774940491 0.796472787857056 0.797081708908081 0.795838594436646 0.794123530387878 0.793453454971313 0.791804909706116 0.774000108242035 0.781023800373077 0.600393891334534 0.596399962902069 0.658484876155853 0.686184883117676 0.75883960723877 0.752461135387421 0.751619040966034 0.743614077568054 0.742163062095642 0.729000210762024
0.465379506349564 0.421467334032059 0.421467334032059 0.454208254814148 0.359716892242432 0.376521706581116 -3.4e+38 0.341548323631287 0.368529170751572 0.358825415372849 0.312480479478836 -3.4e+38 0.284509390592575 0.290840774774551 0.279029458761215 0.261067867279053 0.261387586593628 0.360256671905518 0.481508582830429 0.640381157398224 0.661102592945099 0.739108741283417 0.646085560321808 0.423327058553696 0.463787466287613 0.572718322277069 0.565399527549744 0.421204894781113 0.372339606285095 0.417181640863419 0.469187200069427 0.469309747219086 0.248145297169685 0.394696712493896 0.396788001060486 0.325816363096237 0.339493483304977 0.74419379234314 0.765831649303436 0.72328794002533 0.707848191261292 0.79062020778656 0.789759039878845 0.789204597473145 0.78182053565979 0.63362330198288 0.54942798614502 0.462059736251831 0.442285865545273 0.454852133989334 0.516918540000916 0.614840030670166 0.745675802230835 0.754230201244354 0.750166237354279 0.65172004699707 0.741931140422821 0.737698614597321 0.730310797691345
0.360261708498001 0.312181651592255 0.320677429437637 0.325526684522629 0.321032047271729 0.342967540025711 0.354108810424805 0.516090929508209 0.62804114818573 0.622777760028839 0.438309013843536 0.316137135028839 0.346347570419312 0.645321071147919 0.488243997097015 0.416928052902222 0.303985387086868 0.393855959177017 0.75386106967926 0.77712070941925 0.768530786037445 0.770912289619446 0.61169970035553 0.412707090377808 0.503180265426636 0.537767708301544 0.701623797416687 0.697962522506714 0.506804883480072 0.378180682659149 0.400937497615814 0.581282079219818 0.502510845661163 0.482070088386536 0.455319166183472 0.519037544727325 0.597245752811432 0.765741884708405 0.584392070770264 0.514465987682343 0.46447229385376 0.677830934524536 0.781941413879395 0.781625986099243 0.692484021186829 0.408256232738495 0.379376381635666 0.380597025156021 0.366555601358414 0.366620987653732 0.366215616464615 0.454558372497559 0.636452734470367 0.718531787395477 0.614143967628479 0.695829153060913 0.739780068397522 0.728826224803925 0.733872592449188
0.369613766670227 0.482359200716019 0.598783373832703 0.554763674736023 0.458860337734222 0.415796637535095 0.433716237545013 0.639285862445831 0.775083899497986 0.772789657115936 0.689411640167236 0.64996999502182 0.649077951908112 0.770600318908691 0.775716364383698 0.712886273860931 0.405895590782166 0.56473296880722 0.744531810283661 0.780736267566681 0.781220316886902 0.764728486537933 0.668035328388214 0.501664876937866 0.681408524513245 0.757874608039856 0.712289214134216 0.478045046329498 0.420338362455368 0.482670098543167 0.625279664993286 0.753034949302673 0.757186710834503 0.753842115402222 0.753799438476562 0.780515670776367 0.775358974933624 0.662584602832794 0.439675062894821 0.423939436674118 0.436333239078522 0.508909821510315 0.704331040382385 0.752611398696899 0.466020584106445 0.347589045763016 0.318680822849274 0.298907399177551 0.308521538972855 0.35047048330307 0.414311945438385 0.429600030183792 0.476156204938889 0.610149741172791 0.740881443023682 0.734768092632294 0.733185350894928 0.72607809305191 0.723469495773315
0.479685455560684 0.557673275470734 0.682222008705139 0.6806960105896 0.693551480770111 0.675948798656464 0.702902615070343 0.726853847503662 0.766929507255554 0.768121123313904 0.765968859195709 0.766495585441589 0.770723819732666 0.771543145179749 0.771478533744812 0.770883500576019 0.755258619785309 0.771149218082428 0.776247143745422 0.776612222194672 0.776520848274231 0.774997174739838 0.755275368690491 0.751181304454803 0.664950489997864 0.678304970264435 0.514039158821106 0.414265304803848 0.424022406339645 0.494493961334229 0.644928514957428 0.768949389457703 0.766802668571472 0.772308111190796 0.775180101394653 0.775182604789734 0.77342814207077 0.764172732830048 0.459182173013687 0.44819250702858 0.461610496044159 0.603274583816528 0.767442762851715 0.736830294132233 0.641085267066956 0.317954301834106 0.304052948951721 0.282290428876877 0.271600365638733 0.295900285243988 0.366695612668991 0.466417282819748 0.663725316524506 0.728319406509399 0.703266143798828 0.680483102798462 0.673932135105133 0.691235959529877 0.674909710884094
0.670030176639557 0.683610081672668 0.723722040653229 0.73861289024353 0.751429617404938 0.763999223709106 0.761545956134796 0.762823045253754 0.764995336532593 0.763465523719788 0.757173359394073 0.763489484786987 0.759742856025696 0.760832846164703 0.758168876171112 0.761829674243927 0.762374460697174 0.764788031578064 0.767706394195557 0.768038034439087 0.766720950603485 0.765951633453369 0.768549501895905 0.764833688735962 0.76639723777771 0.763044357299805 0.573172867298126 0.495616763830185 0.547119557857513 0.58829128742218 0.60757178068161 0.628127038478851 0.726242184638977 0.754090964794159 0.762421667575836 0.766460955142975 0.764504432678223 0.442443251609802 0.42615482211113 0.43217271566391 0.448280721902847 0.581523418426514 0.757390260696411 0.726100265979767 0.721540033817291 0.403379410505295 0.292373955249786 0.277603566646576 0.256553053855896 0.248698249459267 0.300454378128052 0.478678524494171 0.531450271606445 0.512597322463989 0.651480555534363 0.63682895898819 0.633462846279144 0.634272873401642 0.621550321578979
0.745422840118408 0.747599959373474 0.746776878833771 0.751613855361938 0.764424383640289 0.759697258472443 0.761525213718414 0.761282861232758 0.757762491703033 0.753354728221893 0.750325560569763 0.74715918302536 0.74125337600708 0.694460868835449 0.660438358783722 0.727445423603058 0.728034615516663 0.743868589401245 0.752149522304535 0.754495680332184 0.754685461521149 0.756828308105469 0.757778167724609 0.754220962524414 0.754341185092926 0.651596069335938 0.511802852153778 0.587820887565613 0.64382666349411 0.670382261276245 0.648152589797974 0.478844672441483 0.558111548423767 0.74448573589325 0.751054584980011 0.749406158924103 0.580267548561096 0.395471185445786 0.407561898231506 0.428290665149689 0.462241321802139 0.724917471408844 0.743272960186005 0.721488177776337 0.430486679077148 0.40493842959404 0.292428404092789 0.268501728773117 0.244750812649727 0.2460767775774 0.267246901988983 0.331231325864792 0.362303078174591 0.475015640258789 0.607957184314728 0.620930969715118 0.548633217811584 0.523913860321045 0.510502636432648
0.749395310878754 0.751200497150421 0.756229162216187 0.76224684715271 0.761506319046021 0.760571777820587 0.752082705497742 0.749151587486267 0.746178269386292 0.741171836853027 0.705559074878693 0.650586724281311 0.667287945747375 0.507995545864105 0.458363384008408 0.47254404425621 0.513128638267517 0.582795083522797 0.570905685424805 0.661604523658752 0.619396924972534 0.73258113861084 0.690991818904877 0.615397453308105 0.62111508846283 0.456455141305923 0.591452181339264 0.6524578332901 0.666238069534302 0.704653680324554 0.730051696300507 0.611879110336304 0.389476865530014 0.672093689441681 0.424761444330215 0.441860407590866 0.448507755994797 0.376362770795822 0.42436808347702 0.455871373414993 0.490032762289047 0.658402562141418 0.732476353645325 0.668300628662109 0.365678519010544 0.325915068387985 0.29076099395752 0.266464829444885 0.24375793337822 0.236222416162491 0.260534971952438 0.288700580596924 0.369422346353531 0.586580276489258 0.555990517139435 0.527535200119019 0.482381224632263 0.45182541012764 0.433937013149261
0.741266191005707 0.758182227611542 0.757642865180969 0.754728436470032 0.753416061401367 0.751120746135712 0.746186554431915 0.733839869499207 0.736788690090179 0.718947410583496 0.698707461357117 0.626180529594421 0.714002847671509 0.611125528812408 0.558485329151154 0.47501066327095 0.629207611083984 0.597659587860107 0.542508602142334 0.564795315265656 0.487485706806183 0.519271671772003 0.453908115625381 0.43191123008728 0.449880629777908 0.404778093099594 0.492848694324493 0.536211311817169 0.53802078962326 0.561188519001007 0.542256116867065 0.601270616054535 0.603794753551483 0.593486607074738 0.255752176046371 0.291615873575211 0.480340451002121 0.457480102777481 0.674084484577179 0.569304287433624 0.525227010250092 0.673545598983765 0.688658237457275 0.613877296447754 0.352087795734406 0.315445214509964 0.307821661233902 -3.4e+38 0.266802042722702 0.249958366155624 0.266976445913315 0.284748822450638 0.371978223323822 0.479976326227188 0.528347790241241 0.476906687021255 0.387633591890335 0.411576062440872 0.393280535936356
0.737464070320129 0.745145201683044 0.746087789535522 0.749970972537994 0.745654284954071 0.740662038326263 0.740516722202301 0.735942661762238 0.726643681526184 0.65548849105835 0.721803367137909 0.620397388935089 0.52594268321991 0.493231356143951 0.504895627498627 0.520162582397461 0.585015952587128 0.545426905155182 0.426486134529114 0.514726877212524 0.387684285640717 0.35298490524292 0.368352234363556 0.397166967391968 0.370401114225388 0.362800717353821 0.407664060592651 0.421880275011063 0.427942782640457 0.50112920999527 0.411337733268738 0.506023645401001 0.426059395074844 0.324488580226898 0.236073732376099 0.282238095998764 0.43257674574852 0.668631792068481 0.701027929782867 0.620156407356262 0.514427065849304 0.664561033248901 0.539268434047699 0.361517727375031 0.313508123159409 0.291039258241653 -3.4e+38 -3.4e+38 0.264238446950912 0.248647600412369 0.279685467481613 0.308109223842621 0.382188737392426 0.412351757287979 0.396062552928925 0.315086305141449 0.321417957544327 0.345685929059982 0.32254758477211
0.652861297130585 0.671507000923157 0.740178763866425 0.743608951568604 0.741435647010803 0.736465454101562 0.735185980796814 0.721450090408325 0.673661589622498 0.604654610157013 0.64093416929245 0.528529524803162 0.417993724346161 0.336129814386368 0.311707705259323 0.356287807226181 0.363992750644684 0.450220972299576 0.353605449199677 0.325897753238678 0.296533554792404 0.270639002323151 0.28033572435379 0.311445146799088 0.334976524114609 0.36831322312355 0.385813355445862 0.543310642242432 0.655244052410126 0.632897198200226 0.266056686639786 0.240600183606148 0.227798640727997 0.219636052846909 0.293445885181427 0.261154115200043 0.427890002727509 0.585265517234802 0.642649173736572 0.492040812969208 0.496600031852722 0.636218905448914 0.589928567409515 0.315801113843918 0.287981957197189 0.278295487165451 -3.4e+38 -3.4e+38 0.270586311817169 0.252664148807526 0.268322229385376 0.341912001371384 0.303894132375717 0.296862930059433 0.248529523611069 0.293658643960953 0.235299780964851 0.216995283961296 0.206328004598618
