data/climate_estimation/maxent_output/Trillium_stamineum.asc
NCOLS 35 
NROWS 67 
XLLCORNER -89 
YLLCORNER 31.25 
CELLSIZE 0.0833333333333335 
NODATA_value -3.4e+38 
[rows 25 to 49 of 67, columns 0 to 34 of 35]
0.694171369075775 0.693898558616638 0.694444179534912 0.679564714431763 0.676405251026154 0.680738806724548 0.695645332336426 0.719412565231323 0.725346088409424 0.743185460567474 0.740948677062988 0.772207140922546 0.773866593837738 0.767260611057281 0.767753839492798 0.775004506111145 0.770869553089142 0.778784334659576 0.790802896022797 0.806283533573151 0.806283533573151 0.814349830150604 0.821345627307892 0.836641788482666 0.82498162984848 0.825670003890991 0.831060945987701 0.821029961109161 0.823140203952789 0.803483366966248 0.817605376243591 0.808669745922089 0.798352479934692 0.780930876731873 0.806742370128632
0.707441329956055 0.70938915014267 0.695782661437988 0.689454615116119 0.670318245887756 0.700305104255676 0.691996037960052 0.709605515003204 0.742038607597351 0.744712650775909 0.760526239871979 0.76706999540329 0.774938225746155 0.774559020996094 0.782756388187408 0.781656682491302 0.784598886966705 0.791771054267883 0.797255158424377 0.811753451824188 0.820766031742096 0.819604516029358 0.820766031742096 0.834166944026947 0.814373314380646 0.829247355461121 0.82833731174469 0.828523516654968 0.818773627281189 0.817589342594147 0.810133635997772 0.804926872253418 0.805994927883148 0.803190767765045 0.815935969352722
0.695352613925934 0.68892902135849 0.682965159416199 0.678439378738403 0.680463433265686 0.702234923839569 0.691974580287933 0.724574327468872 0.738427042961121 0.76325124502182 0.767180204391479 0.773407161235809 0.77853935956955 0.786037027835846 0.780049443244934 0.789239287376404 0.795560598373413 0.797111868858337 0.809602022171021 0.8250972032547 0.8250972032547 0.825381100177765 0.817567348480225 0.824807107448578 0.817723631858826 0.826053142547607 0.825365364551544 0.816554009914398 0.816397368907928 0.814048111438751 0.799578368663788 0.803858518600464 0.792846441268921 0.777956068515778 0.807129085063934
0.69373482465744 0.673160672187805 0.658705711364746 0.668395817279816 0.68296480178833 0.692566990852356 0.711440086364746 0.742457211017609 0.754706263542175 0.775676727294922 0.778407156467438 0.78689306974411 0.78781932592392 0.800562858581543 0.799229621887207 0.793209791183472 0.809316515922546 0.816061854362488 0.820943713188171 0.828288912773132 0.83269476890564 0.832244098186493 0.827034115791321 0.812790751457214 0.819837808609009 0.814299762248993 0.814989268779755 0.804983675479889 0.790183901786804 0.803002834320068 0.797463536262512 0.784243047237396 0.790738582611084 0.787256240844727 0.771952092647552
0.680112183094025 0.681018173694611 0.68262654542923 0.681886315345764 0.702689051628113 0.708863377571106 0.707388520240784 0.750209629535675 0.772925913333893 0.772133350372314 0.789692759513855 0.790961086750031 0.801230549812317 0.809924840927124 0.79497230052948 0.795583486557007 0.804541647434235 0.806340157985687 0.817699015140533 0.822810709476471 0.817682981491089 0.823093175888062 0.821475028991699 0.808758616447449 0.809115767478943 0.815820217132568 0.804559469223022 0.808144927024841 0.807661652565002 0.796423673629761 0.787132203578949 0.777821362018585 0.770043015480042 0.766395807266235 0.744542360305786
0.682243585586548 0.692969441413879 0.708837151527405 0.696884095668793 0.726627588272095 0.720338344573975 0.740556001663208 0.769410312175751 0.776987016201019 0.786222815513611 0.795309245586395 0.810941934585571 0.802347481250763 0.807245373725891 0.806647717952728 0.803624629974365 0.806089699268341 0.813804149627686 0.816513299942017 0.82072776556015 0.821307420730591 0.819814682006836 0.818742096424103 0.808821856975555 0.804198980331421 0.805499970912933 0.79647296667099 0.79413366317749 0.789550423622131 0.790290832519531 0.785203516483307 0.775872945785522 0.770537376403809 0.744898080825806 0.736418426036835
0.67788565158844 0.675480127334595 0.701788783073425 0.708623945713043 0.716119706630707 0.724814116954803 0.738049149513245 0.767318904399872 0.774285972118378 0.79442685842514 0.81083744764328 0.811835110187531 0.823625445365906 0.817551672458649 0.812334954738617 0.814676821231842 0.807994782924652 0.815340518951416 0.813559472560883 0.822493076324463 0.817467451095581 0.817467451095581 0.814904868602753 0.807182729244232 0.803674578666687 0.803842544555664 0.792612493038177 0.795063614845276 0.786137104034424 0.78265768289566 0.789630770683289 0.782907366752625 0.770155787467957 0.757222414016724 0.745487987995148
0.675134181976318 0.676112949848175 0.676158010959625 0.685957551002502 0.704696357250214 0.704343438148499 0.729903876781464 0.749025940895081 0.772005617618561 0.802593588829041 0.815801918506622 0.827999413013458 0.834416151046753 0.827117323875427 0.821067214012146 0.817986845970154 0.817717134952545 0.815945506095886 0.815593540668488 0.81688266992569 0.818064510822296 0.817145884037018 0.811703979969025 0.806132137775421 0.798855125904083 0.788299083709717 0.786067724227905 0.794017016887665 0.788282155990601 0.786305010318756 0.785542607307434 0.786784410476685 0.778056859970093 0.767198741436005 0.761322736740112
0.663559317588806 0.658908307552338 0.670526444911957 0.671205461025238 0.684437155723572 0.682243824005127 0.717924892902374 0.740849375724792 0.770989716053009 0.782811522483826 0.81120377779007 0.829011619091034 0.831735968589783 0.818642199039459 0.820503234863281 0.817809462547302 0.812820732593536 0.819129705429077 0.81936252117157 0.810739874839783 0.814800560474396 0.814196169376373 0.814276099205017 0.813333451747894 0.804550051689148 0.800352036952972 0.792171597480774 0.788917720317841 0.787947654724121 0.788302004337311 0.791798651218414 0.787533342838287 0.780542731285095 0.781043708324432 0.750509977340698
0.646223306655884 0.655039608478546 0.645531117916107 0.648021996021271 0.672568202018738 0.683203637599945 0.709240019321442 0.733812153339386 0.769208431243896 0.793648719787598 0.809660017490387 0.835194766521454 0.833832979202271 0.828204751014709 0.827976822853088 0.827862858772278 0.816389799118042 0.815317988395691 0.814377546310425 0.813462555408478 0.805889487266541 0.803997099399567 0.812893509864807 0.801185131072998 0.806470334529877 0.786188125610352 0.779857635498047 0.791626036167145 0.776152014732361 0.792848944664001 0.790136933326721 0.769950270652771 0.7633136510849 0.770687997341156 0.753703773021698
0.627774715423584 0.650061726570129 0.636753916740417 0.644700706005096 0.666314542293549 0.667555212974548 0.692582666873932 0.725272834300995 0.749863386154175 0.784400463104248 0.82123202085495 0.839509606361389 0.838043928146362 0.837488532066345 0.828731417655945 0.834724843502045 0.818078100681305 0.817287504673004 0.818020164966583 0.811829745769501 0.80969500541687 0.806786239147186 0.813633322715759 0.812046885490417 0.787980973720551 0.789351940155029 0.777968406677246 0.771730899810791 0.778772711753845 0.792226731777191 0.773108541965485 0.773505866527557 0.784127950668335 0.74875271320343 0.747131526470184
0.638795614242554 0.64225697517395 0.633984208106995 0.639163076877594 0.641516864299774 0.624902188777924 0.651756823062897 0.697833299636841 0.731688022613525 0.777463734149933 0.816057085990906 0.833489894866943 0.831094324588776 0.83218389749527 0.824319660663605 0.823565125465393 0.826704919338226 0.815999507904053 0.815092384815216 0.814618349075317 0.814618349075317 0.816081523895264 0.807059347629547 0.808295071125031 0.800344228744507 0.778140187263489 0.759567975997925 0.762290298938751 0.788280367851257 0.783937275409698 0.787560105323792 0.791370689868927 0.770339548587799 0.763866305351257 0.762710630893707
0.643535435199738 0.644532799720764 0.639210999011993 0.63024491071701 0.627165675163269 0.632982194423676 0.608509004116058 0.664544999599457 0.710796177387238 0.762443900108337 0.818599045276642 0.831771492958069 0.833505749702454 0.838399171829224 0.835839867591858 0.821272373199463 0.829782009124756 0.818575859069824 0.815487623214722 0.818653285503387 0.806341767311096 0.80924779176712 0.801671147346497 0.804833233356476 0.796916723251343 0.766967713832855 0.750363826751709 0.732361197471619 0.776405692100525 0.783164441585541 0.79073578119278 0.79468709230423 0.78058910369873 0.770444571971893 0.753934681415558
0.634757101535797 0.629046440124512 0.630569875240326 0.635970950126648 0.639432847499847 0.591589450836182 0.58284717798233 0.645476102828979 0.697538793087006 0.745224356651306 0.803545653820038 0.833959579467773 0.833105385303497 0.831432700157166 0.831301271915436 0.829052746295929 0.819792687892914 0.815605044364929 0.814429879188538 0.814084053039551 0.809659242630005 0.812451004981995 0.811741411685944 0.802517294883728 0.772972047328949 0.736696481704712 0.705428004264832 0.74207329750061 0.778681814670563 0.791800260543823 0.792881846427917 0.795135915279388 0.776491522789001 0.761207938194275 0.763701319694519
0.623507499694824 0.624462902545929 0.620857656002045 0.64754182100296 0.646656513214111 0.615033626556396 0.623245000839233 0.659235656261444 0.713194251060486 0.754901945590973 0.787347614765167 0.828830003738403 0.830577492713928 0.825811445713043 0.829208493232727 0.822313010692596 0.818785309791565 0.824511170387268 0.807387948036194 0.808230698108673 0.809130489826202 0.810989081859589 0.806266009807587 0.801356554031372 0.756376922130585 0.704032421112061 0.686110317707062 0.724081754684448 0.75357449054718 0.789009630680084 0.798041462898254 0.793407797813416 0.772654294967651 0.773414552211761 0.778134226799011
0.641354501247406 0.615045309066772 0.612604081630707 0.62251889705658 0.643888473510742 0.641487121582031 0.635359525680542 0.676736533641815 0.701779723167419 0.744561612606049 0.797079086303711 0.8089320063591 0.813237547874451 0.824484407901764 0.82859468460083 0.825050950050354 0.824361503124237 0.820391893386841 0.811196446418762 0.808296740055084 0.80650532245636 0.800923228263855 0.804905295372009 0.805084049701691 0.762751400470734 0.704574942588806 0.706599414348602 0.722842395305634 0.76577365398407 0.789108693599701 0.792824983596802 0.767353653907776 0.76931756734848 0.77545428276062 0.771966338157654
0.61565375328064 0.611172616481781 0.609976887702942 0.608539581298828 0.629877388477325 0.636363863945007 0.650804579257965 0.654333829879761 0.702449440956116 0.742832541465759 0.78118622303009 0.805122911930084 0.809161901473999 0.823740243911743 0.825925767421722 0.820618867874146 0.815671384334564 0.818348348140717 0.803096055984497 0.800560235977173 0.793915510177612 0.792821645736694 0.794471800327301 0.803599894046783 0.778718709945679 0.745588660240173 0.728391528129578 0.74985808134079 0.773106455802917 0.781520187854767 0.787984907627106 0.761224627494812 0.776907384395599 0.766743540763855 0.765375912189484
0.610398054122925 0.607440412044525 0.612693786621094 0.622261464595795 0.616982340812683 0.609411537647247 0.631323099136353 0.658017873764038 0.679244518280029 0.736581385135651 0.771816253662109 0.78916871547699 0.79733806848526 0.816609144210815 0.815110564231873 0.816401124000549 0.802418172359467 0.801426589488983 0.78930801153183 0.790935933589935 0.774195492267609 0.774759411811829 0.783497631549835 0.789819300174713 0.773817658424377 0.770927011966705 0.76509028673172 0.764255702495575 0.747975587844849 0.767257452011108 0.742907643318176 0.734090924263 0.738573908805847 0.740561783313751 0.720923364162445
0.61288446187973 0.616419553756714 0.604539275169373 0.611137092113495 0.616393268108368 0.620129942893982 0.644889891147614 0.653056383132935 0.679522633552551 0.733083486557007 0.765851855278015 0.783159017562866 0.781910002231598 0.797276020050049 0.797887802124023 0.789544880390167 0.769262671470642 0.766871988773346 0.759002208709717 0.747690200805664 0.742358148097992 0.748202621936798 0.776551127433777 0.777516186237335 0.778200685977936 0.778935790061951 0.75712513923645 0.743973970413208 0.746605813503265 0.719242513179779 0.722070157527924 0.712413132190704 0.712933897972107 0.708908557891846 0.690884530544281
0.611517250537872 0.619487583637238 0.601777791976929 0.608786880970001 0.608317255973816 0.634865880012512 0.652386009693146 0.663910150527954 0.67921507358551 0.718049705028534 0.763536036014557 0.774449586868286 0.766792476177216 0.765129089355469 0.763911485671997 0.751569449901581 0.74318790435791 0.7369344830513 0.723315179347992 0.700663328170776 0.687871873378754 0.710934400558472 0.72860449552536 0.758127748966217 0.748182535171509 0.732344627380371 0.707441806793213 0.705879986286163 0.702049851417542 0.689999759197235 0.679545760154724 0.687487781047821 0.689238607883453 0.682381927967072 0.676586627960205
0.612767279148102 0.617270588874817 0.606649160385132 0.611149847507477 0.615588486194611 0.643199145793915 0.655279695987701 0.68723201751709 0.706703007221222 0.731616854667664 0.731364369392395 0.76199746131897 0.754888951778412 0.769988238811493 0.750709176063538 0.737928628921509 0.717533528804779 0.712884962558746 0.668569803237915 0.662884950637817 0.638156592845917 0.64344185590744 0.666478335857391 0.714395701885223 0.72019350528717 0.708132147789001 0.687266290187836 0.669200360774994 0.661677300930023 0.648143768310547 0.659951746463776 0.687992215156555 0.675461888313293 0.652309000492096 0.66197657585144
0.601453900337219 0.608336865901947 0.630804896354675 0.632176995277405 0.632005572319031 0.653240978717804 0.661575675010681 0.679692983627319 0.70643562078476 0.7212855219841 0.740560948848724 0.734292507171631 0.733364105224609 0.732155978679657 0.726157784461975 0.696825385093689 0.689563512802124 0.679663002490997 0.654909789562225 0.598557233810425 0.558188021183014 0.548558413982391 0.604451596736908 0.656360030174255 0.681219816207886 0.670713543891907 0.657080829143524 0.644269406795502 0.629141509532928 0.58142876625061 0.617880761623383 0.649914264678955 0.648523569107056 0.641409814357758 0.647408306598663
0.602643013000488 0.597422540187836 0.613224506378174 0.632579505443573 0.639415979385376 0.639845252037048 0.669905304908752 0.691139996051788 0.714619636535645 0.728180766105652 0.735954165458679 0.732172667980194 0.715508759021759 0.697417438030243 0.677107632160187 0.686280071735382 0.697055041790009 0.675228476524353 0.611185550689697 0.585727989673615 0.522928535938263 0.5225989818573 0.581945538520813 0.651716291904449 0.650512039661407 0.650556564331055 0.626332700252533 0.609327673912048 0.377873063087463 0.605417311191559 0.586148321628571 0.631161332130432 0.615131080150604 0.629289388656616 0.632084846496582
0.617470622062683 0.619678437709808 0.621398389339447 0.611885845661163 0.622994840145111 0.618788480758667 0.66569322347641 0.679376661777496 0.720914542675018 0.72310471534729 0.730779469013214 0.714231550693512 0.691962957382202 0.680810987949371 0.656791031360626 0.686990976333618 0.666786789894104 0.66520369052887 0.629959225654602 0.598792850971222 0.558605372905731 0.551956593990326 0.577052175998688 0.599353492259979 0.641444146633148 0.599981367588043 0.60774827003479 0.595939159393311 0.390236616134644 0.579469978809357 0.56705117225647 0.586185276508331 0.604066669940948 0.586554527282715 0.595826625823975
0.633174121379852 0.627309083938599 0.627328991889954 0.602979123592377 0.613463819026947 0.639861404895782 0.658565044403076 0.683838665485382 0.709550380706787 0.720425426959991 0.719023525714874 0.698974132537842 0.690658330917358 0.669953405857086 0.662420988082886 0.668020725250244 0.686202526092529 0.664232730865479 0.641306102275848 0.613174676895142 0.583275079727173 0.551711857318878 0.573425114154816 0.594285607337952 0.591672837734222 0.601035952568054 0.594753384590149 0.5986567735672 0.590739011764526 0.575858414173126 0.553719699382782 0.551760613918304 0.55976128578186 0.586662232875824 0.582197427749634
