data/climate_estimation/maxent_output/Trillium_sessile.asc
NCOLS 225 
NROWS 134 
XLLCORNER -95.3333333333333 
YLLCORNER 31.9166666666667 
CELLSIZE 0.0833333333333333 
NODATA_value -3.4e+38 
[rows 40 to 59 of 134, columns 176 to 219 of 225]
0.578926503658295 0.594564855098724 0.533201813697815 0.559980869293213 0.625456035137177 0.602868437767029 0.63596647977829 0.638996005058289 0.692863523960114 0.71596348285675 0.351908773183823 0.201194584369659 0.284161180257797 0.180493116378784 0.172094225883484 0.27316826581955 0.0905107036232948 0.0706855729222298 0.0941310152411461 0.0820229202508926 0.089838445186615 0.416104227304459 0.794106841087341 0.788870811462402 0.717811465263367 0.784324169158936 0.778054535388947 0.777757167816162 0.790253400802612 0.787969946861267 0.810063779354095 0.797825276851654 0.735441207885742 0.734137535095215 0.737117350101471 0.731403410434723 0.641335606575012 0.615480124950409 0.422907382249832 0.536426663398743 0.551773548126221 0.551694095134735 0.550504684448242 0.545436680316925
0.62824958562851 0.588133215904236 0.544674456119537 0.584845960140228 0.547404229640961 0.597788155078888 0.627739369869232 0.664253711700439 0.710364103317261 0.530713081359863 0.277149885892868 0.311669111251831 0.235353499650955 0.145903676748276 0.124857269227505 0.109914720058441 0.0709742531180382 0.0736168622970581 0.07537791877985 0.0904739052057266 0.156988590955734 0.380087405443192 0.758714437484741 0.752528309822083 0.716264665126801 0.740628123283386 0.762418150901794 0.766787767410278 0.786262333393097 0.80842512845993 0.795550227165222 0.779621541500092 0.816031932830811 0.74344539642334 0.73925244808197 0.73678320646286 0.724664330482483 0.380214720964432 0.422635525465012 0.551864504814148 0.553380787372589 0.551943957805634 0.550164937973022 0.546948969364166
0.683081746101379 0.604481279850006 0.603708803653717 0.653304398059845 0.649075031280518 0.664643824100494 0.708971679210663 0.703751504421234 0.565759778022766 0.249268278479576 0.281470239162445 0.20235250890255 0.213606670498848 0.063618578016758 0.0589148327708244 0.0686620324850082 0.0605433955788612 0.0795100182294846 0.160899385809898 0.201210275292397 0.221636414527893 0.81565648317337 0.734758913516998 0.710813641548157 0.713966071605682 0.705909192562103 0.729605913162231 0.777458369731903 0.793247163295746 0.807070195674896 0.800178050994873 0.806019008159637 0.808698177337646 0.807616233825684 0.740314364433289 0.737847685813904 0.71373188495636 0.555001735687256 0.552599608898163 0.630893111228943 0.635470151901245 0.631829619407654 0.550494074821472 0.546691477298737
0.632718443870544 0.590257525444031 0.632475256919861 0.645530223846436 0.714580237865448 0.753474473953247 0.748185932636261 0.571102559566498 0.382970243692398 0.301800459623337 0.224350780248642 0.191904917359352 0.161513596773148 0.0640487968921661 0.0656357929110527 0.0603934079408646 0.0715299621224403 0.0721273198723793 0.215641498565674 0.342738658189774 0.728748321533203 0.781601846218109 0.760870456695557 0.73453813791275 0.731209635734558 0.726587116718292 0.729877412319183 0.702100038528442 0.788008570671082 0.754267573356628 0.83462917804718 0.8040691614151 0.809722781181335 0.807310044765472 0.726066887378693 0.735694646835327 0.717035174369812 0.721743583679199 0.71982353925705 0.611307263374329 0.635430932044983 0.632300913333893 0.624419510364532 0.541127622127533
0.711163461208344 0.654276847839355 0.672779023647308 0.73055511713028 0.739072501659393 0.745873212814331 0.691860973834991 0.634885013103485 0.498621165752411 0.39520075917244 0.211412534117699 0.167682245373726 0.122770316898823 0.0449884608387947 0.0629832074046135 0.0596111156046391 0.0596945062279701 0.0993950739502907 0.11731681227684 0.426090270280838 0.752027451992035 0.758510589599609 0.739740669727325 0.720148861408234 0.703337907791138 0.724074423313141 0.748067915439606 0.729564785957336 0.793583869934082 0.808134436607361 0.835611581802368 0.83962869644165 0.809416711330414 0.816162705421448 0.816399395465851 0.726485908031464 0.726818382740021 0.728567719459534 0.667352676391602 0.637276709079742 0.637185096740723 0.625944435596466 0.621443748474121 0.543810486793518
0.636242389678955 0.647575974464417 0.68582820892334 0.718978822231293 0.732705533504486 0.745218276977539 0.670621752738953 0.669882774353027 0.424752354621887 0.354471802711487 0.159745320677757 0.15978915989399 0.125245809555054 0.0590760931372643 0.0547586604952812 0.0405999347567558 0.0438940115272999 0.0463246181607246 0.150574266910553 0.511047601699829 0.7642502784729 0.752254486083984 0.736050128936768 0.54564368724823 0.624688267707825 0.691407322883606 0.710609436035156 0.760781466960907 0.776759326457977 0.775545299053192 0.821842551231384 0.817415058612823 0.838166415691376 0.817166388034821 0.816164255142212 0.729047536849976 0.735128462314606 0.721504092216492 0.695423603057861 0.725789725780487 0.717693626880646 0.623044312000275 0.626095414161682 0.546216130256653
0.622950613498688 0.608974933624268 0.64328271150589 0.66117912530899 0.669559359550476 0.697113692760468 0.537608981132507 0.480106830596924 0.351050555706024 0.29328116774559 0.0851605385541916 0.146816551685333 0.101010262966156 0.0442304164171219 0.0218018218874931 0.0189049709588289 0.0168184395879507 0.050967138260603 0.274379462003708 0.564366221427917 0.599193692207336 0.639382123947144 0.324020832777023 0.398520678281784 0.489863514900208 0.551983773708344 0.708333313465118 0.645775616168976 0.795792818069458 0.79742968082428 0.800344586372375 0.824301481246948 0.845213174819946 0.81975269317627 0.801111102104187 0.730261743068695 0.7366663813591 0.733761847019196 0.73340904712677 0.724581778049469 0.718157291412354 0.715722441673279 0.62465226650238 0.631484389305115
0.59084141254425 0.530149638652802 0.578406393527985 0.611244797706604 0.597074568271637 0.530060648918152 0.453164517879486 0.305078476667404 0.265604197978973 0.153324544429779 0.0885433927178383 0.174910619854927 0.0946977883577347 0.0182287767529488 0.0156940408051014 0.0133535237982869 0.0128793530166149 0.216527119278908 0.531145334243774 0.405907571315765 0.660466611385345 0.452438741922379 0.30044874548912 0.402883946895599 0.519357562065125 0.626931130886078 0.488095611333847 0.725492417812347 0.763012230396271 0.798207581043243 0.825706303119659 0.847297191619873 0.847617506980896 0.836141228675842 0.805145084857941 0.736471176147461 0.732183218002319 0.737038016319275 0.735952973365784 0.729813635349274 0.728968381881714 0.717276453971863 0.627116322517395 0.628473043441772
0.573296725749969 0.417700201272964 0.465281337499619 0.43321430683136 0.395972818136215 0.353873908519745 0.307924002408981 0.163830444216728 0.195385947823524 0.11998875439167 0.117688499391079 0.101653546094894 0.0510387718677521 0.0275155827403069 0.0116161769255996 0.00612846668809652 0.0341271832585335 0.350894570350647 0.621525228023529 0.67959463596344 0.630743861198425 0.22485813498497 0.36210224032402 0.467750638723373 0.473028123378754 0.367981374263763 0.662035346031189 0.690565288066864 0.754463076591492 0.796692490577698 0.818068981170654 0.847339630126953 0.829168319702148 0.829476296901703 0.813206970691681 0.736542761325836 0.735018908977509 0.734084129333496 0.736318707466125 0.649172067642212 0.731746554374695 0.726983726024628 0.722073793411255 0.637225031852722
0.585165441036224 0.550177395343781 0.439303994178772 0.407514661550522 0.333053022623062 0.271922826766968 0.171274438500404 0.0936473160982132 0.145843505859375 0.12371951341629 0.0892825126647949 0.0214485060423613 0.0231223553419113 0.0531544536352158 0.0139020923525095 0.00658401241526008 0.181009694933891 0.462363958358765 0.655660688877106 0.550689101219177 0.375680953264236 0.245648264884949 0.355782300233841 0.235226213932037 0.206093043088913 0.572544276714325 0.658450543880463 0.713646948337555 0.751714468002319 0.793423652648926 0.809632956981659 0.643813371658325 0.824443697929382 0.801347255706787 0.81008780002594 0.730267643928528 0.732194900512695 0.65038537979126 0.643966913223267 0.639871716499329 0.644652664661407 0.728407502174377 0.645699620246887 0.72463983297348
0.579145431518555 0.556391060352325 0.490456163883209 0.337733596563339 0.250667035579681 0.143526986241341 0.0796423554420471 0.0441213920712471 0.0403159633278847 0.135974124073982 0.0408636331558228 0.0246111545711756 0.0232732575386763 0.0136985937133431 0.0253923516720533 0.105943977832794 0.231370911002159 0.460726022720337 0.352590292692184 0.392837435007095 0.167256146669388 0.352394014596939 0.287382841110229 0.547377169132233 0.600898385047913 0.58133339881897 0.671625018119812 0.724953770637512 0.749147713184357 0.748994410037994 0.603569746017456 0.759366631507874 0.807914853096008 0.779856503009796 0.783597707748413 0.699533879756927 0.72091668844223 0.647949278354645 0.643587172031403 0.63420432806015 0.624977052211761 0.621835708618164 0.636319637298584 0.730716645717621
0.568317592144012 0.554913938045502 0.402277678251266 0.227948352694511 0.0826953873038292 0.0578302592039108 0.0238718967884779 0.0304412767291069 0.0360084176063538 0.0928394496440887 0.0111159328371286 0.013419627211988 0.0116994297131896 0.0108536528423429 0.0235408116132021 0.145085126161575 0.31336510181427 0.276377826929092 0.282200902700424 0.220751330256462 0.387528568506241 0.284064620733261 0.513555586338043 0.57678896188736 0.596401751041412 0.612537562847137 0.68205064535141 0.708271980285645 0.453935205936432 0.306700199842453 0.755778551101685 0.787232339382172 0.792167603969574 0.759365499019623 0.688612103462219 0.699213266372681 0.639100134372711 0.644136965274811 0.636443614959717 0.546876430511475 0.610280215740204 0.615380585193634 0.624158203601837 0.718021392822266
0.561597466468811 0.424660086631775 0.314601957798004 0.131628781557083 0.0263727232813835 0.0170612633228302 0.0100455563515425 0.0166283808648586 0.0825929716229439 0.00899242796003819 0.00704442663118243 0.00662459060549736 0.00525035103783011 0.00506782066076994 0.0677423626184464 0.0924718230962753 0.215041100978851 0.220438346266747 0.188796401023865 0.153592467308044 0.399479568004608 0.45317217707634 0.558338105678558 0.58663684129715 0.642021715641022 0.496681332588196 0.664497673511505 0.600311517715454 0.250873476266861 0.695490777492523 0.745705008506775 0.768214762210846 0.746446669101715 0.665340840816498 0.660233616828918 0.602930724620819 0.619877398014069 0.53835666179657 0.540662169456482 0.522804200649261 0.513903260231018 0.596935093402863 0.594774305820465 0.588611125946045
0.384273201227188 0.330093711614609 0.221920877695084 0.0758126974105835 0.014581523835659 0.00776355247944593 0.00532861007377505 0.0214129649102688 0.0172075591981411 0.00419906014576554 0.00896529201418161 0.00605462677776814 0.00618656584993005 0.0317045226693153 0.0187183618545532 0.189921423792839 0.151602312922478 0.328785538673401 0.0428061299026012 0.176173686981201 0.539819598197937 0.574335813522339 0.581688404083252 0.609052658081055 0.557241022586823 0.692603468894958 0.693580806255341 0.266023427248001 0.269731074571609 0.72131735086441 0.731883585453033 0.733293771743774 0.644180834293365 0.64661568403244 0.569549679756165 0.586797058582306 0.508708834648132 0.526872217655182 0.518465220928192 0.511586487293243 0.507691860198975 0.572012662887573 0.560653805732727 0.537564277648926
0.193643271923065 0.146223247051239 0.16368967294693 0.065023809671402 0.0242048483341932 0.0113291759043932 0.00757652195170522 0.0166245587170124 0.00385589082725346 0.00491681136190891 0.0187336076050997 0.00888676661998034 0.00973895192146301 0.0213430393487215 0.0458912998437881 0.128099098801613 0.231894388794899 0.066055491566658 0.0611242353916168 0.201649725437164 0.525119483470917 0.594873070716858 0.633718073368073 0.664377748966217 0.663886725902557 0.645653545856476 0.269813269376755 0.122715659439564 0.638540804386139 0.699480354785919 0.685728669166565 0.695673286914825 0.630637586116791 0.553134977817535 0.563421547412872 0.48826202750206 0.48826202750206 0.495935469865799 0.490134686231613 0.496389865875244 0.49204808473587 0.548280298709869 0.527152955532074 0.499339550733566
0.110416151583195 0.106723472476006 0.0793606489896774 0.0749911069869995 0.0192110948264599 0.0064800288528204 0.00744666298851371 0.00785628613084555 0.00240736966952682 0.0197352822870016 0.0236251167953014 0.00438056001439691 0.0155071960762143 0.0351996459066868 0.0385679416358471 0.136509999632835 0.125503733754158 0.0364715568721294 0.258097380399704 0.568073749542236 0.578491389751434 0.636009991168976 0.633531391620636 0.405816048383713 0.679937064647675 0.551026284694672 0.0867099761962891 0.314956694841385 0.653251171112061 0.664725005626678 0.665356040000916 0.593407511711121 0.524439632892609 0.530352592468262 0.462287843227386 0.459839910268784 0.473716080188751 0.397535413503647 0.402511566877365 0.472561478614807 0.46826297044754 0.456582456827164 0.524443209171295 0.499899983406067
0.111526139080524 0.0947668999433517 0.0278945751488209 0.015640165656805 0.00780131528154016 0.00464417552575469 0.0068778689019382 0.00891842972487211 0.0209417678415775 0.0400072894990444 0.0135670499876142 0.0134735442698002 0.0223250240087509 0.0254057981073856 0.0802502185106277 0.0921604260802269 0.0316429734230042 0.176286935806274 0.587890148162842 0.593607783317566 0.63516092300415 0.620585799217224 0.625685453414917 0.654804885387421 0.664558231830597 0.235342293977737 0.463317930698395 0.618631958961487 0.643167018890381 0.64962500333786 0.570616662502289 0.569538116455078 0.513651192188263 0.509368717670441 0.43714514374733 0.439740836620331 0.443341016769409 0.37569460272789 0.461552292108536 0.451742887496948 0.452591717243195 0.442077428102493 0.517551004886627 0.589557349681854
0.12759105861187 0.0583095252513885 0.0179020371288061 0.0101918708533049 0.00471546268090606 0.00630810530856252 0.0161215271800756 0.0288339946419001 0.0363053977489471 0.0334441475570202 0.017076414078474 0.0452540665864944 0.0457458756864071 0.140373781323433 0.14873181283474 0.066547118127346 0.161620423197746 0.323010981082916 0.574086487293243 0.583862721920013 0.605236887931824 0.621793031692505 0.631238639354706 0.425808161497116 0.270424336194992 0.587253391742706 0.671157598495483 0.641528308391571 0.631625950336456 0.547711193561554 0.543196260929108 0.46590319275856 0.46991291642189 0.492202669382095 0.416883498430252 0.418587774038315 0.425991714000702 0.362084895372391 0.368532121181488 0.357367902994156 0.434833765029907 0.430564880371094 0.511541187763214 0.516371190547943
0.0659168064594269 0.0556674897670746 0.0194297153502703 0.00620767613872886 0.00542951188981533 0.010831231251359 0.0439776405692101 0.0517205856740475 0.0505695380270481 0.0362954623997211 0.0495400913059711 0.0617937929928303 0.112120367586613 0.22267284989357 0.0939809009432793 0.325873583555222 0.0811498612165451 0.449082285165787 0.569793403148651 0.574069201946259 0.596840858459473 0.616864681243896 0.433696925640106 0.312356144189835 0.618332743644714 0.661779165267944 0.657942950725555 0.612800717353821 0.613619327545166 0.53149950504303 0.518048584461212 0.455050557851791 0.45196595788002 0.388531714677811 0.396210253238678 0.400854498147964 0.339432269334793 0.337766319513321 0.405407607555389 0.337969034910202 0.412698686122894 0.42723023891449 0.423786193132401 0.507538735866547
0.0238958913832903 0.0191108770668507 0.0102432779967785 0.0167458299547434 0.0380913391709328 0.111179627478123 0.0475355796515942 0.0392540097236633 0.0644052177667618 0.104912132024765 0.102219343185425 0.0696488842368126 0.238941386342049 0.151977390050888 0.152475669980049 0.203798815608025 0.133259996771812 0.360697209835052 0.412534534931183 0.517850041389465 0.536216199398041 0.540843725204468 0.248298719525337 0.569372951984406 0.656064093112946 0.654100239276886 0.644988059997559 0.607474148273468 0.578510165214539 0.586467802524567 0.500877141952515 0.434491008520126 0.439239948987961 0.44351065158844 0.383518695831299 0.383916974067688 0.389312475919724 0.388910531997681 0.394687235355377 0.33209040760994 0.394382297992706 0.405624479055405 0.48886513710022 0.490970730781555
