data/climate_estimation/maxent_output/Trillium_nivale.asc
NCOLS 300 
NROWS 107 
XLLCORNER -97.0833333333333 
YLLCORNER 36.8333333333333 
CELLSIZE 0.0833333333333333 
NODATA_value -3.4e+38 
[rows 40 to 59 of 107, columns 180 to 224 of 300]
0.20113967359066 0.199579507112503 0.203509911894798 0.201122984290123 0.179661139845848 0.16842032968998 0.168100953102112 0.150164872407913 0.140984982252121 0.133116811513901 0.148492708802223 0.14823605120182 0.148313000798225 0.174752578139305 0.184855401515961 0.195437550544739 0.194768935441971 0.18449954688549 0.195127710700035 0.189790681004524 0.211372956633568 0.234605193138123 0.259567767381668 0.272809118032455 0.332098305225372 0.373754620552063 0.410551011562347 0.41310703754425 0.408555835485458 0.409432023763657 0.39343672990799 0.345193535089493 0.292564272880554 0.293211102485657 0.253603726625443 0.292806804180145 0.368474632501602 0.367917746305466 0.320236325263977 0.348687648773193 0.236582860350609 0.215141445398331 0.210602343082428 0.229022964835167 0.204954028129578
0.200891673564911 0.199291229248047 0.202373996376991 0.190363541245461 0.188951343297958 0.178468748927116 0.176933214068413 0.158435940742493 0.166183710098267 0.148577019572258 0.162201821804047 0.156892940402031 0.171706393361092 0.18437585234642 0.194846719503403 0.206119880080223 0.205979824066162 0.217081725597382 0.215105816721916 0.252622812986374 0.273061960935593 0.30887371301651 0.332547634840012 0.373088657855988 0.409263402223587 0.467781037092209 0.467906028032303 0.44428014755249 0.432706207036972 0.350071966648102 0.306890994310379 0.283523052930832 0.28240117430687 0.311070024967194 0.24336351454258 0.292440444231033 0.36946901679039 0.290033370256424 0.275195479393005 0.25083863735199 0.227891609072685 0.216102346777916 0.187724381685257 0.204595953226089 0.191566601395607
0.206497460603714 0.209058001637459 0.213182926177979 0.200719252228737 0.19906122982502 0.198073223233223 0.177421644330025 0.175755992531776 0.175538718700409 0.162460446357727 0.17155921459198 0.170725643634796 0.190284937620163 0.201150089502335 0.223248302936554 0.236060708761215 0.239647746086121 0.253247767686844 0.264725565910339 0.292576640844345 0.323649913072586 0.356268644332886 0.40867668390274 0.442396759986877 0.481848388910294 0.488958328962326 0.435817778110504 0.370191395282745 0.31062838435173 0.27136954665184 0.285833120346069 0.327662944793701 0.28495866060257 0.342047840356827 0.28134024143219 0.306482762098312 0.400049269199371 0.334222704172134 0.252649813890457 0.251530766487122 0.228622496128082 0.246929287910461 0.210035890340805 0.195824235677719 0.223288387060165
0.204649344086647 0.210942268371582 0.209404543042183 0.20978756248951 0.209354996681213 0.187645956873894 0.186517402529716 0.195478335022926 0.192058131098747 0.180730402469635 0.190499573945999 0.190532967448235 0.20775879919529 0.231398597359657 0.248342499136925 0.24314934015274 0.273868560791016 0.289011299610138 0.302919328212738 0.339113682508469 0.38972407579422 0.423864006996155 0.460879176855087 0.506539463996887 0.472663253545761 0.399339705705643 0.321354925632477 0.307859808206558 0.295202404260635 0.297846138477325 0.284259736537933 0.328506886959076 0.374158948659897 0.37306472659111 0.404761463403702 0.420698195695877 0.3233382999897 0.321265041828156 0.307027965784073 0.32261061668396 0.24950122833252 0.257586866617203 0.241362646222115 0.248432084918022 0.256809532642365
0.192440390586853 0.209532454609871 0.219119310379028 0.21729251742363 0.19574362039566 0.194938406348228 0.205033704638481 0.201669901609421 0.190632417798042 0.200808376073837 0.211777225136757 0.212491825222969 0.230763480067253 0.25568351149559 0.25568351149559 0.282681286334991 0.297252207994461 0.333620369434357 0.349634528160095 0.370539456605911 0.388570934534073 0.465291321277618 0.490643203258514 0.434233367443085 0.363139361143112 0.349603563547134 0.333907961845398 0.32117360830307 0.322386056184769 0.324429541826248 0.325863063335419 0.356055974960327 0.373338490724564 0.391036301851273 0.462392628192902 0.406542241573334 0.295716166496277 0.357001453638077 0.309277057647705 0.209569573402405 0.181190714240074 0.251246392726898 0.197807520627975 0.230945870280266 0.282823234796524
0.196970641613007 0.206981211900711 0.216397330164909 0.203735157847404 0.202891066670418 0.203699558973312 0.192819371819496 0.188423082232475 0.197364240884781 0.209156259894371 0.228082627058029 0.241741016507149 0.267451524734497 0.296193987131119 0.339367419481277 0.338575452566147 0.378241360187531 0.377901971340179 0.414201021194458 0.439422398805618 0.458819180727005 0.469986826181412 0.416753470897675 0.365918159484863 0.367473363876343 0.383596241474152 0.369531244039536 0.353855788707733 0.325622797012329 0.37199941277504 0.392579883337021 0.37624779343605 0.34324985742569 0.393015891313553 0.412093430757523 0.447778731584549 0.266778647899628 0.342869162559509 0.232510030269623 0.181952342391014 0.184526473283768 0.238253951072693 0.200587511062622 0.230292290449142 0.291502267122269
0.215789094567299 0.238727822899818 0.225720390677452 0.22386822104454 0.211308509111404 0.211208090186119 0.222148224711418 0.205596685409546 0.217430233955383 0.224382638931274 0.238008990883827 0.292222797870636 0.308844983577728 0.353517860174179 0.388378769159317 0.407668441534042 0.465113520622253 0.474021583795547 0.463194519281387 0.462169975042343 0.470176488161087 0.435664117336273 0.383972674608231 0.402187496423721 0.402289301156998 0.420917421579361 0.389181703329086 0.389793276786804 0.3729287981987 0.358968764543533 0.392731606960297 0.376505792140961 0.431465119123459 0.450865179300308 0.450513571500778 0.471416234970093 0.325330018997192 0.356961816549301 0.252141118049622 0.187344163656235 0.171364113688469 0.190242633223534 0.187280058860779 0.242242097854614 0.316184818744659
0.24455638229847 0.23458956182003 0.245557129383087 0.231112778186798 0.243876799941063 0.23236109316349 0.230911433696747 0.238360404968262 0.245068341493607 0.260588228702545 0.275574028491974 0.321343749761581 0.376268476247787 0.413843899965286 0.432593256235123 0.495548397302628 0.473835825920105 0.474682211875916 0.465716481208801 0.46375498175621 0.465003311634064 0.434990495443344 0.43748277425766 0.419949263334274 0.441051453351974 0.442199468612671 0.408335983753204 0.408429086208344 0.408721387386322 0.376595050096512 0.377271175384521 0.415223330259323 0.414314866065979 0.451807379722595 0.415179997682571 0.469575792551041 0.341143757104874 0.283831119537354 0.283089280128479 0.211773842573166 0.184262722730637 0.180648624897003 0.197102323174477 0.242298319935799 0.238395765423775
0.267491787672043 0.265372931957245 0.255368560552597 0.267475038766861 0.252987772226334 0.266811013221741 0.240962773561478 0.252625912427902 0.262293994426727 0.292237222194672 0.345685631036758 0.408976852893829 0.428746551275253 0.460608392953873 0.491832852363586 0.493200451135635 0.503509879112244 0.481492877006531 0.483466356992722 0.483997464179993 0.485511124134064 0.430300354957581 0.455827206373215 0.457673490047455 0.443384915590286 0.444052129983902 0.443422794342041 0.438312441110611 0.410576224327087 0.411632299423218 0.431031167507172 0.414123773574829 0.444619566202164 0.415749341249466 0.375777810811996 0.342269688844681 0.393380701541901 0.303050667047501 0.255564093589783 0.222054913640022 0.207104653120041 0.193722933530807 0.211190477013588 0.218750193715096 0.254855901002884
0.29917585849762 0.292545676231384 0.287141144275665 0.275730937719345 0.260930418968201 0.275852888822556 0.276152968406677 0.309329271316528 0.328590869903564 0.356388837099075 0.408102959394455 0.411051958799362 0.43039083480835 0.479826301336288 0.496724128723145 0.540650427341461 0.523530542850494 0.521530151367188 0.544872760772705 0.544284105300903 0.525255858898163 0.506450533866882 0.489463865756989 0.471689224243164 0.480652004480362 0.4858578145504 0.466129839420319 0.458713293075562 0.458132088184357 0.442149877548218 0.425693809986115 0.427938371896744 0.481591582298279 0.427549242973328 0.413523852825165 0.394471973180771 0.375400483608246 0.338181018829346 0.286352455615997 0.225378587841988 0.249662548303604 0.22993828356266 0.237406566739082 0.211476698517799 0.241885259747505
0.296931266784668 0.290567606687546 0.287561446428299 0.281302511692047 0.300014942884445 0.304657876491547 0.311461806297302 0.349880546331406 0.385986536741257 0.426273614168167 0.428474992513657 0.448870807886124 0.467308610677719 0.525053739547729 0.532663822174072 0.559616088867188 0.540219485759735 0.561716616153717 0.563974440097809 0.544630229473114 0.566260933876038 0.528343379497528 0.549903988838196 0.532221436500549 0.555505812168121 0.517953455448151 0.538279712200165 0.539719641208649 0.500516772270203 0.475604623556137 0.446408182382584 0.458003520965576 0.427105963230133 0.463578045368195 0.408307641744614 0.357763528823853 0.358116865158081 0.32191127538681 0.286601841449738 0.285774379968643 0.314244449138641 0.2947056889534 0.245894432067871 0.237613886594772 0.329448521137238
0.358687788248062 0.354108303785324 0.311942756175995 0.320869535207748 0.317406505346298 0.320525735616684 0.331427931785583 0.386943817138672 0.382274389266968 0.437707543373108 0.476998090744019 0.506079316139221 0.525245606899261 0.55176454782486 0.525932371616364 0.570357918739319 0.591912388801575 0.615039467811584 0.583339929580688 0.599014759063721 0.642788827419281 0.591933250427246 0.574559390544891 0.534136891365051 0.577227711677551 0.601244986057281 0.615817666053772 0.577320277690887 0.55578750371933 0.536150813102722 0.516138315200806 0.498962908983231 0.465720802545547 0.424285084009171 0.404270857572556 0.374661505222321 0.37419655919075 0.356116741895676 0.354282170534134 0.351063042879105 0.351900607347488 0.280077517032623 0.313761711120605 0.303971409797668 0.33517649769783
0.395143091678619 0.38603612780571 0.354206204414368 0.353432178497314 0.310773879289627 0.317930340766907 0.342584431171417 0.380264848470688 0.417132794857025 0.444524854421616 0.484515488147736 0.544378221035004 0.542137980461121 0.522255003452301 0.561988651752472 0.568779230117798 0.568491399288177 0.634759664535522 0.655389726161957 0.639952123165131 0.684009671211243 0.63257896900177 0.594404995441437 0.595580041408539 0.600758969783783 0.62356698513031 0.667394161224365 0.63626366853714 0.597971439361572 0.538395404815674 0.515239000320435 0.475916087627411 0.456444710493088 0.435740351676941 0.441220968961716 0.430041074752808 0.410217195749283 0.389533787965775 0.385883688926697 0.352526694536209 0.276264578104019 0.285159468650818 0.270763635635376 0.33495706319809 0.379089713096619
0.401175439357758 0.401325941085815 0.353442549705505 0.353549361228943 0.337850123643875 0.370576500892639 0.370778530836105 0.395510077476501 0.435291796922684 0.458429932594299 0.501064002513885 0.524656653404236 0.54210764169693 0.575881600379944 0.567678987979889 0.587090373039246 0.610939383506775 0.653591692447662 0.676016569137573 0.719895660877228 0.683851003646851 0.631477773189545 0.613692104816437 0.597252190113068 0.598929286003113 0.623065710067749 0.66522341966629 0.639595925807953 0.619365334510803 0.578294813632965 0.536235809326172 0.53674328327179 0.522907137870789 0.480229824781418 0.440973728895187 0.391660928726196 0.375076740980148 0.373301893472672 0.340054094791412 0.338558882474899 0.35114786028862 0.291774660348892 0.351587682962418 0.413700073957443 0.39715701341629
0.393058747053146 0.380956798791885 0.362817764282227 0.381715774536133 0.388108253479004 0.443481653928757 0.463117152452469 0.482880055904388 0.525596499443054 0.567402899265289 0.58941262960434 0.610214531421661 0.620330035686493 0.654263615608215 0.657870888710022 0.664226412773132 0.710272908210754 0.697405993938446 0.714043617248535 0.718984425067902 0.64764678478241 0.630573987960815 0.633466899394989 0.594141781330109 0.617506444454193 0.618733882904053 0.636326849460602 0.658237218856812 0.660544633865356 0.599468111991882 0.622025728225708 0.610642731189728 0.564099013805389 0.501226484775543 0.448284476995468 0.430499225854874 0.428581148386002 0.393028527498245 0.391460210084915 0.404504626989365 0.33807498216629 0.383361101150513 0.418267905712128 0.314724087715149 0.270171642303467
0.469118356704712 0.467464804649353 0.468615293502808 0.467946767807007 0.474531918764114 0.516094744205475 0.537023365497589 0.582173585891724 0.625085592269897 0.668613374233246 0.689019858837128 0.687579274177551 0.684370160102844 0.711140215396881 0.745043039321899 0.755138576030731 0.748936235904694 0.744193196296692 0.715373635292053 0.734109044075012 0.662649393081665 0.66805499792099 0.608413517475128 0.609391689300537 0.611322164535522 0.635580599308014 0.638723731040955 0.614923238754272 0.676706433296204 0.679398477077484 0.660670340061188 0.622201561927795 0.56593269109726 0.503239154815674 0.507824897766113 0.466534554958344 0.428741067647934 0.408974230289459 0.425572335720062 0.440684080123901 0.438558220863342 0.34989869594574 0.264644801616669 0.272354513406754 0.342182755470276
0.544181048870087 0.543248414993286 0.548990786075592 0.549704372882843 0.530573487281799 0.593778312206268 0.623538255691528 0.64552366733551 0.689962863922119 0.711719870567322 0.71100652217865 0.722578108310699 0.740409851074219 0.753495752811432 0.751278400421143 0.764516234397888 0.764172732830048 0.748849868774414 0.735581755638123 0.733761727809906 0.733332991600037 0.681128621101379 0.645684242248535 0.646718263626099 0.627009153366089 0.630703628063202 0.634141027927399 0.639301359653473 0.660944283008575 0.6753289103508 0.624624371528625 0.605647385120392 0.584080398082733 0.591487765312195 0.52639776468277 0.484729796648026 0.408507853746414 0.390330612659454 0.44161993265152 0.456851184368134 0.368797898292542 0.318550109863281 0.289358615875244 0.471111088991165 0.501097679138184
0.623629927635193 0.620836615562439 0.606191158294678 0.627243876457214 0.628635883331299 0.651180028915405 0.703055262565613 0.726316809654236 0.732956886291504 0.725176572799683 0.725381314754486 0.743600904941559 0.741666257381439 0.719016551971436 0.710103154182434 0.730400860309601 0.749847769737244 0.729981362819672 0.693940103054047 0.710983097553253 0.737090647220612 0.679787218570709 0.659739971160889 0.62145072221756 0.625722885131836 0.628998756408691 0.67339414358139 0.653537631034851 0.63739287853241 0.659171223640442 0.653162002563477 0.662039697170258 0.642160058021545 0.587087154388428 0.504265487194061 0.445218473672867 0.461937934160233 0.480367004871368 0.438818067312241 0.351899683475494 0.35002389550209 0.43376961350441 0.487170249223709 0.499662816524506 0.398107320070267
0.618293642997742 0.624538600444794 0.619632244110107 0.663453221321106 0.685665369033813 0.716247797012329 0.737674236297607 0.748421490192413 0.74718451499939 0.727485775947571 0.707124412059784 0.704482913017273 0.720831215381622 0.697982788085938 0.676331281661987 0.708866357803345 0.70693701505661 0.714455962181091 0.733200550079346 0.731583893299103 0.728705167770386 0.71573132276535 0.697615385055542 0.680828452110291 0.683484077453613 0.663780510425568 0.708803236484528 0.67113584280014 0.672859728336334 0.654529452323914 0.674080789089203 0.677479922771454 0.603906571865082 0.562465906143188 0.541268765926361 0.520264685153961 0.480972468852997 0.44100746512413 0.367337733507156 0.416572272777557 0.472225069999695 0.45092910528183 0.44066447019577 0.43195852637291 0.356153190135956
0.621211886405945 0.67890191078186 0.637385010719299 0.66048139333725 0.69032895565033 0.690117835998535 0.760872721672058 0.760806858539581 0.760805130004883 0.740795254707336 0.725186109542847 0.723603844642639 0.699568927288055 0.678724050521851 0.694974422454834 0.707463800907135 0.715959072113037 0.715959072113037 0.751773536205292 0.752050876617432 0.695636332035065 0.736352860927582 0.737161576747894 0.739145398139954 0.761629223823547 0.72165060043335 0.705294728279114 0.666020572185516 0.690606415271759 0.691330850124359 0.702782928943634 0.64987576007843 0.59735244512558 0.622373580932617 0.58229786157608 0.562894403934479 0.473455995321274 0.416244029998779 0.413888961076736 0.493833810091019 0.471608996391296 0.448427587747574 0.437902301549911 0.459981322288513 0.387283265590668
