data/climate_estimation/maxent_output/Trillium_sulcatum.asc
NCOLS 108 
NROWS 70 
XLLCORNER -88.4166666666667 
YLLCORNER 32.4166666666667 
CELLSIZE 0.0833333333333333 
NODATA_value -3.4e+38 
[rows 20 to 39 of 70, columns 44 to 87 of 108]
0.921694755554199 0.93415629863739 0.948553323745728 0.952102243900299 0.945081174373627 0.907836437225342 0.882064700126648 0.847075283527374 0.854243338108063 0.801934897899628 0.881873369216919 0.80479770898819 0.73244720697403 0.683610200881958 0.693336546421051 0.667218327522278 0.654115200042725 0.634938061237335 0.530956506729126 0.483057796955109 0.478860527276993 0.464235335588455 0.458280742168427 0.515364706516266 0.452326685190201 0.46697148680687 0.35612940788269 0.481073051691055 0.566047310829163 0.607422828674316 0.720542132854462 0.769627630710602 0.803232252597809 0.870780289173126 0.829148650169373 0.849858999252319 0.844222962856293 0.831135451793671 0.859510481357574 0.848992943763733 0.83484423160553 0.753670632839203 0.714518427848816 0.631976246833801
0.906234264373779 0.917602062225342 0.961890935897827 0.924826979637146 0.924066007137299 0.906277656555176 0.910464882850647 0.892451763153076 0.87617027759552 0.799557268619537 0.770220994949341 0.708422362804413 0.722927451133728 0.716664791107178 0.666288495063782 0.553164541721344 0.527567267417908 0.492112427949905 0.523786544799805 0.491527497768402 0.464133113622665 0.394968330860138 0.362557530403137 0.389866322278976 0.454708695411682 0.431954950094223 0.438554614782333 0.415684938430786 0.513769268989563 0.591536402702332 0.757411003112793 0.850215911865234 0.872058272361755 0.843746364116669 0.852180480957031 0.859563052654266 0.855774581432343 0.861472010612488 0.864846706390381 0.86696058511734 0.79450261592865 0.77831768989563 0.774974167346954 0.696771383285522
0.910615861415863 0.919127821922302 0.927774012088776 0.927774012088776 0.935568928718567 0.94586044549942 0.925016164779663 0.796794831752777 0.756416618824005 0.700145959854126 0.700574517250061 0.686035752296448 0.564137578010559 0.568853914737701 0.487249493598938 0.498818129301071 0.539302885532379 0.480381965637207 0.444684982299805 0.401512742042542 0.350305438041687 0.353830337524414 0.405098348855972 0.447186678647995 0.463801443576813 0.507738351821899 0.522441744804382 0.519576609134674 0.593676209449768 0.644524097442627 0.755101323127747 0.794868290424347 0.880576491355896 0.887032926082611 0.917608559131622 0.870259821414948 0.844217121601105 0.826383531093597 0.844064593315125 0.874321103096008 0.836581230163574 0.826554894447327 0.837210476398468 0.916480720043182
0.882563591003418 0.937434732913971 0.935441792011261 0.953709900379181 0.942001938819885 0.958380162715912 0.856515347957611 0.763960480690002 0.70721161365509 0.69516658782959 0.572002589702606 0.667330026626587 0.682630002498627 0.68487137556076 0.536939740180969 0.492239475250244 0.409312456846237 0.387419551610947 0.369054913520813 0.313879936933517 0.367450058460236 0.374076426029205 0.352042138576508 0.398168414831161 0.507632672786713 0.512937247753143 0.535978496074677 0.543302118778229 0.636787831783295 0.67482715845108 0.775321960449219 0.872398376464844 0.864873945713043 0.922492206096649 0.890656530857086 0.877533435821533 0.821256697177887 0.850588858127594 0.881827652454376 0.881290316581726 0.91429340839386 0.945936799049377 0.95156466960907 0.953000664710999
0.909127235412598 0.913408160209656 0.933728396892548 0.967031300067902 0.964720904827118 0.926741003990173 0.9062380194664 0.646079897880554 0.685939192771912 0.612194120883942 0.666593968868256 0.658843159675598 0.653991460800171 0.54043310880661 0.468573778867722 0.41111832857132 0.428461253643036 0.43635493516922 0.342540442943573 0.302088260650635 0.28998127579689 0.309792101383209 0.316804200410843 0.417208403348923 0.42378556728363 0.441336572170258 0.548021852970123 0.537001490592957 0.723565697669983 0.761977255344391 0.842442989349365 0.806654334068298 0.800831496715546 0.803473830223083 0.750865876674652 0.877037942409515 0.858382284641266 0.87568211555481 0.920511841773987 0.935618817806244 0.953563094139099 0.96486496925354 0.954397678375244 0.937097132205963
0.855346620082855 0.838993012905121 0.932887852191925 0.95122617483139 0.946627080440521 0.924773275852203 0.750142693519592 0.612655401229858 0.598304808139801 0.60502153635025 0.597815334796906 0.616994321346283 0.465939491987228 0.438849031925201 0.45434045791626 0.460377961397171 0.45914763212204 0.344398081302643 0.290088683366776 0.291747570037842 0.301565587520599 0.336464434862137 0.363573133945465 0.379587352275848 0.439881205558777 0.525227904319763 0.612118661403656 0.625330448150635 0.75898551940918 0.829512298107147 0.828604578971863 0.781033873558044 0.785802125930786 0.764381527900696 0.741256296634674 0.822989106178284 0.900221645832062 0.911503970623016 0.975918471813202 0.966633260250092 0.956790745258331 0.945868015289307 0.945177316665649 0.963945150375366
0.908937036991119 0.868199169635773 0.864226281642914 0.838232755661011 0.693672657012939 0.59114408493042 0.555319964885712 0.526232182979584 0.594983637332916 0.583540558815002 0.533089637756348 0.479879647493362 0.481324255466461 0.486608296632767 0.484734326601028 0.499648004770279 0.426265001296997 0.308265835046768 0.300919473171234 0.327840983867645 0.342331916093826 0.351378560066223 0.317585706710815 0.449294686317444 0.710029065608978 0.795507788658142 0.699424505233765 0.793752908706665 0.826856374740601 0.821247398853302 0.866987943649292 0.838641107082367 0.814966976642609 0.817003011703491 0.836546957492828 0.959056973457336 0.963889837265015 0.968242406845093 0.973494172096252 0.956177234649658 0.954832315444946 0.986301302909851 0.987482905387878 0.988250195980072
0.916193246841431 0.818276882171631 0.708429217338562 0.567159652709961 0.538244426250458 0.59406703710556 0.557058870792389 0.544146537780762 0.515763878822327 0.456930369138718 0.49390909075737 0.493132501840591 0.493735045194626 0.458221316337585 0.463607728481293 0.433062195777893 0.364630222320557 0.43729493021965 0.365106165409088 0.367276430130005 0.420841783285141 0.442017316818237 0.415886998176575 0.522608399391174 0.448114842176437 0.789711177349091 0.825547754764557 0.818310141563416 0.801508128643036 0.863480865955353 0.871322751045227 0.912757098674774 0.90351927280426 0.908616960048676 0.881242513656616 0.975181639194489 0.982245445251465 0.943494915962219 0.941610276699066 0.977205872535706 0.98616886138916 0.982946217060089 0.945285439491272 0.968665838241577
0.846103370189667 0.720177054405212 0.617258012294769 0.591067969799042 0.573804676532745 0.552948713302612 0.510923862457275 0.507950067520142 0.471289128065109 0.440122574567795 0.542820692062378 0.575916945934296 0.537609457969666 0.522195994853973 0.494239211082458 0.497104346752167 0.560214400291443 0.552773237228394 0.400322288274765 0.48286896944046 0.42430305480957 0.506567716598511 0.469456911087036 0.379705995321274 0.492244213819504 0.624007940292358 0.786833763122559 0.790629386901855 0.837664783000946 0.83165717124939 0.902859389781952 0.906783938407898 0.946128189563751 0.959771931171417 0.969182133674622 0.972188293933868 0.953856408596039 0.938642859458923 0.912179291248322 0.968493402004242 0.937355935573578 0.943392276763916 0.915012896060944 0.95021390914917
0.666327357292175 0.643941760063171 0.632328867912292 0.596583545207977 0.592527747154236 0.565030813217163 0.509888052940369 0.477484732866287 0.509085416793823 0.474771291017532 0.512498497962952 0.687484622001648 0.737229406833649 0.652482450008392 0.582279920578003 0.581678032875061 0.582943439483643 0.566600978374481 0.614496946334839 0.603660106658936 0.693563878536224 0.886045038700104 0.647068619728088 0.636939883232117 0.402910947799683 0.416017264127731 0.553055465221405 0.771602928638458 0.876194715499878 0.859247505664825 0.887827217578888 0.937549650669098 0.981611013412476 0.979594171047211 0.970036685466766 0.954076647758484 0.938331604003906 0.930391907691956 0.94135707616806 0.93654191493988 0.890640020370483 0.892751455307007 0.891784012317657 0.869666755199432
0.657711625099182 0.687051177024841 0.687466740608215 0.648395001888275 0.622171521186829 0.607262134552002 0.576912641525269 0.635151147842407 0.626895129680634 0.631842136383057 0.761780083179474 0.743431925773621 0.808083891868591 0.82429563999176 0.764447689056396 0.870986700057983 0.86824369430542 0.948222458362579 0.963886916637421 0.950037717819214 0.690765082836151 0.839975953102112 0.881228744983673 0.652962207794189 0.48240464925766 0.503466546535492 0.662463068962097 0.856551229953766 0.887521207332611 0.874123692512512 0.920253932476044 0.965649962425232 0.972565472126007 0.969803869724274 0.959555387496948 0.952434182167053 0.951791346073151 0.965886890888214 0.9659184217453 0.916328847408295 0.893938064575195 0.896563649177551 0.874163627624512 0.85148423910141
0.673863768577576 0.765978753566742 0.801871418952942 0.757230579853058 0.767697155475616 0.712781012058258 0.676918089389801 0.690493583679199 0.73773455619812 0.866914629936218 0.859331548213959 0.889996230602264 0.881960809230804 0.951555609703064 0.933368623256683 0.937399685382843 0.943755865097046 0.944655656814575 0.967246532440186 0.919579029083252 0.91707855463028 0.799181878566742 0.886033177375793 0.837575614452362 0.645061314105988 0.657785773277283 0.681752383708954 0.809196531772614 0.88185441493988 0.884239614009857 0.94602906703949 0.972394406795502 0.975372612476349 0.973342716693878 0.964790642261505 0.978007793426514 0.985132217407227 0.98181539773941 0.960810005664825 0.908938407897949 0.876463115215302 0.84552127122879 0.840435981750488 0.860291481018066
0.772919535636902 0.794177532196045 0.822475373744965 0.825302183628082 0.788116693496704 0.768369376659393 0.736180186271667 0.72831130027771 0.789113879203796 0.875739097595215 0.950351595878601 0.957055985927582 0.95969957113266 0.942769885063171 0.95900160074234 0.956088125705719 0.93669992685318 0.921287477016449 0.950822651386261 0.961278557777405 0.923458158969879 0.81418389081955 0.831888973712921 0.836095035076141 0.726276338100433 0.788781881332397 0.775375008583069 0.849599659442902 0.887034893035889 0.901829838752747 0.942119777202606 0.981218218803406 0.97281402349472 0.968627989292145 0.969516515731812 0.975245296955109 0.976083993911743 0.969775021076202 0.951138913631439 0.904113948345184 0.868173599243164 0.835283517837524 0.828375697135925 0.847635328769684
0.784506618976593 0.795584082603455 0.798599302768707 0.781291425228119 0.811662018299103 0.806136190891266 0.79958301782608 0.898001670837402 0.954372942447662 0.890968143939972 0.928528726100922 0.914466857910156 0.90079653263092 0.929344534873962 0.926348984241486 0.913869678974152 0.916106283664703 0.937852799892426 0.955409348011017 0.956825911998749 0.964575171470642 0.961611032485962 0.953735411167145 0.951555490493774 0.947706818580627 0.915774345397949 0.857601404190063 0.853528678417206 0.9441077709198 0.932506024837494 0.980825245380402 0.955119788646698 0.95670211315155 0.948564350605011 0.947840213775635 0.97066056728363 0.950794756412506 0.895718157291412 0.875320553779602 0.875952541828156 0.857391834259033 0.819217205047607 0.83727502822876 0.80813205242157
0.788973748683929 0.782246887683868 0.797800660133362 0.850382268428802 0.843024790287018 0.824898779392242 0.927402794361115 0.954302906990051 0.955443382263184 0.948966085910797 0.926444709300995 0.934623956680298 0.930624902248383 0.934098243713379 0.895156502723694 0.94926393032074 0.948650538921356 0.943889141082764 0.937568664550781 0.968112051486969 0.971854448318481 0.973272204399109 0.968406081199646 0.98742151260376 0.984552204608917 0.967544615268707 0.936439990997314 0.936132073402405 0.939606964588165 0.971868991851807 0.959240734577179 0.953326821327209 0.9462651014328 0.952275693416595 0.947057902812958 0.949034035205841 0.949331820011139 0.908406794071198 0.879910528659821 0.876848518848419 0.853163778781891 0.839472353458405 0.809228181838989 0.81135618686676
0.778727889060974 0.787035822868347 0.839971244335175 0.960043907165527 0.936371922492981 0.955955982208252 0.963018774986267 0.941476106643677 0.931307673454285 0.931433796882629 0.910228073596954 0.930386066436768 0.933531045913696 0.930993020534515 0.941969871520996 0.950630843639374 0.96366673707962 0.951822102069855 0.967524290084839 0.967865705490112 0.976286709308624 0.969928205013275 0.976224720478058 0.990844190120697 0.99390721321106 0.993622243404388 0.992973446846008 0.98489785194397 0.985392808914185 0.98809427022934 0.977651655673981 0.961964726448059 0.953657746315002 0.953134298324585 0.955819129943848 0.946753561496735 0.949365079402924 0.895062685012817 0.878457188606262 0.85434889793396 0.872899651527405 0.842378675937653 0.741858601570129 0.720360934734344
0.790597379207611 0.80827385187149 0.955384969711304 0.911323070526123 0.946266829967499 0.951046586036682 0.964298129081726 0.946015477180481 0.952141344547272 0.938032329082489 0.910991191864014 0.889104425907135 0.921754837036133 0.93890643119812 0.932516098022461 0.950607419013977 0.9665247797966 0.959267020225525 0.974176108837128 0.97684383392334 0.97684383392334 0.990848064422607 0.989708840847015 0.995018422603607 0.996015012264252 0.998935580253601 0.998620688915253 0.997164309024811 0.997429370880127 0.998172640800476 0.970437943935394 0.963221907615662 0.958496570587158 0.958139717578888 0.948567986488342 0.90870475769043 0.906998634338379 0.883841693401337 0.876054406166077 0.860813438892365 0.874413549900055 0.805476367473602 0.761340498924255 0.711600482463837
0.874677360057831 0.942628681659698 0.935358703136444 0.961201429367065 0.956529855728149 0.94660359621048 0.933183550834656 0.928204894065857 0.918707966804504 0.912100613117218 0.930861055850983 0.935366928577423 0.913939476013184 0.930091321468353 0.936323046684265 0.937911510467529 0.953202545642853 0.9768927693367 0.960561215877533 0.969030022621155 0.988203704357147 0.995119988918304 0.994784295558929 0.995404720306396 0.997639536857605 0.999031245708466 0.999170184135437 0.989303886890411 0.991191208362579 0.986765921115875 0.971409916877747 0.964242994785309 0.928340971469879 0.956452429294586 0.919294357299805 0.926382482051849 0.912850201129913 0.876576483249664 0.854516804218292 0.809297978878021 0.791136860847473 0.792615294456482 0.673393189907074 0.635573446750641
0.89841091632843 0.937283873558044 0.960628688335419 0.957355856895447 0.943753719329834 0.959831297397614 0.933507680892944 0.924204707145691 0.914797723293304 0.907975494861603 0.921342194080353 0.91500997543335 0.91485720872879 0.91977471113205 0.940812230110168 0.954716682434082 0.941287994384766 0.951406300067902 0.976631999015808 0.987207055091858 0.986064553260803 0.995107471942902 0.995706260204315 0.997449278831482 0.999165773391724 0.968489944934845 0.964733123779297 0.96421605348587 0.95939028263092 0.948872089385986 0.945052206516266 0.940003156661987 0.934965670108795 0.926161289215088 0.904797852039337 0.909514248371124 0.867298185825348 0.877784848213196 0.79249370098114 0.752044260501862 0.767605900764465 0.697245717048645 0.674777507781982 0.647400736808777
0.936098575592041 0.959892451763153 0.963039398193359 0.95318865776062 0.941000699996948 0.941672205924988 0.933618128299713 0.915461421012878 0.939863443374634 0.918646812438965 0.911465704441071 0.892779052257538 0.920755684375763 0.925643384456635 0.920639276504517 0.924948394298553 0.935362637042999 0.972765147686005 0.974102377891541 0.987485229969025 0.987838506698608 0.976569771766663 0.974295198917389 0.978145956993103 0.973798394203186 0.973058342933655 0.959975957870483 0.94022411108017 0.93927663564682 0.918129861354828 0.904064953327179 0.885065257549286 0.849204421043396 0.81523722410202 0.798565983772278 0.807006478309631 0.783481180667877 0.778821766376495 0.758812248706818 0.664315581321716 0.667033314704895 0.663309693336487 0.673452258110046 0.577869772911072
