data/climate_estimation/maxent_output/Trillium_simile.asc
NCOLS 36 
NROWS 24 
XLLCORNER -84.75 
YLLCORNER 34.5833333333333 
CELLSIZE 0.0833333333333333 
NODATA_value -3.4e+38 
0.563208699226379 0.553003668785095 0.596478402614594 0.604320168495178 0.631802499294281 0.573440372943878 0.509369015693665 0.453466683626175 0.468559920787811 0.41098365187645 0.60360848903656 0.460334569215775 0.360927820205688 0.325372606515884 0.33148267865181 0.304388910531998 0.475081413984299 0.474338710308075 0.355191111564636 0.321817547082901 0.316598445177078 0.317059993743896 0.308899402618408 0.35971063375473 0.327858299016953 0.332351863384247 0.244841903448105 0.336660772562027 0.373136132955551 0.378901064395905 0.414695978164673 0.42436420917511 0.457725524902344 0.580223202705383 0.352455198764801 0.350108355283737
0.533323466777802 0.531842172145844 0.648454248905182 0.560344934463501 0.609356224536896 0.566979587078094 0.598530650138855 0.55648410320282 0.53570967912674 0.420214831829071 0.391822010278702 0.33947166800499 0.356496036052704 0.360006302595139 0.308111757040024 0.379398852586746 0.353285878896713 0.329268842935562 0.359694272279739 0.336256325244904 0.303595066070557 0.268595963716507 0.25894033908844 0.275168240070343 0.303848743438721 0.284566700458527 0.288068950176239 0.269995003938675 0.343153983354568 0.369604259729385 0.490043431520462 0.605232954025269 0.598656058311462 0.387523829936981 0.382539451122284 0.367398172616959
0.548517405986786 0.545372724533081 0.557989537715912 0.557989537715912 0.601138889789581 0.656422972679138 0.616247773170471 0.405901491641998 0.362865447998047 0.337328433990479 0.327715218067169 0.321817219257355 0.24159400165081 0.244921326637268 0.347035199403763 0.34671089053154 0.36175012588501 0.32867830991745 0.313662588596344 0.283185422420502 0.253852188587189 0.254857152700424 0.281129062175751 0.300796836614609 0.315638899803162 0.349022209644318 0.349412113428116 0.333960562944412 0.384591370820999 0.397332370281219 0.491755843162537 0.518725395202637 0.628965198993683 0.406229496002197 0.482383161783218 0.460024327039719
0.483660697937012 0.578242063522339 0.587267518043518 0.639663577079773 0.615859687328339 0.672694385051727 0.458551466464996 0.390660643577576 0.346130728721619 0.335874229669571 0.244660407304764 0.31061115860939 0.322080194950104 0.320733845233917 0.374452859163284 0.33666205406189 0.285350412130356 0.284317910671234 0.273039489984512 0.221607267856598 0.266949355602264 0.268850415945053 0.263260096311569 0.284340381622314 0.344177931547165 0.341502368450165 0.356921494007111 0.39316600561142 0.50340473651886 0.417870998382568 0.540600895881653 0.645470499992371 0.435626894235611 0.503728151321411 0.502309143543243 0.360309660434723
0.497311443090439 0.506149888038635 0.571801722049713 0.67874950170517 0.670699894428253 0.578569114208221 0.549416601657867 0.295130252838135 0.342880487442017 0.267089635133743 0.32437327504158 0.31124871969223 0.299200356006622 0.218160048127174 0.324364751577377 0.294635772705078 0.304352015256882 0.312766313552856 0.234597533941269 0.217709049582481 0.206127285957336 0.219975456595421 0.22762842476368 0.264316380023956 0.266358077526093 0.268162161111832 0.37447914481163 0.371645867824554 0.557339191436768 0.552750408649445 0.639876365661621 0.402166426181793 0.397532135248184 0.418497860431671 0.248268112540245 0.386333048343658
0.393458157777786 0.374871999025345 0.528675079345703 0.601637959480286 0.593677580356598 0.554090857505798 0.337155312299728 0.279057264328003 0.274794578552246 0.265100449323654 0.258226215839386 0.268227308988571 0.185906127095222 0.30783274769783 0.311774253845215 0.309127658605576 0.314972341060638 0.233614817261696 0.212743148207664 0.213212996721268 0.223064035177231 0.242132022976875 0.249066203832626 0.251922905445099 0.242886766791344 0.359671115875244 0.444858372211456 0.472835004329681 0.547372877597809 0.670466721057892 0.44274765253067 0.370848953723907 0.380305677652359 0.387037992477417 0.237224876880646 0.318257600069046
0.457006812095642 0.38384348154068 0.383358240127563 0.374846190214157 0.270120531320572 0.241148114204407 0.231439799070358 0.221376121044159 0.274333715438843 0.254179358482361 0.225423157215118 0.18902014195919 0.185543105006218 0.333367824554443 0.320538848638535 0.331603795289993 0.293796211481094 0.214339941740036 0.214399293065071 0.23058108985424 0.243655920028687 0.243855684995651 0.191582918167114 0.264794141054153 0.514004230499268 0.567547917366028 0.505705118179321 0.583398699760437 0.60691773891449 0.604259610176086 0.489509999752045 0.486887186765671 0.45308455824852 0.456154018640518 0.36262634396553 0.708981215953827
0.44300764799118 0.311236709356308 0.26760259270668 0.197760805487633 0.187439173460007 0.238621309399605 0.228258416056633 0.227017849683762 0.218780606985092 0.179759621620178 0.201566025614738 0.188117697834969 0.184575587511063 0.305139690637589 0.304310768842697 0.301095098257065 0.241975024342537 0.279541611671448 0.246338292956352 0.247211188077927 0.2796930372715 0.30274024605751 0.266310602426529 0.400993585586548 0.317312836647034 0.570306897163391 0.678253412246704 0.688118040561676 0.589489877223969 0.501147329807281 0.540479898452759 0.646429300308228 0.623825430870056 0.630926072597504 0.452585071325302 0.748099625110626
0.318868517875671 0.264386862516403 0.200110852718353 0.19741378724575 0.192528009414673 0.190782248973846 0.186365261673927 0.213899224996567 0.202651590108871 0.17764787375927 0.228930652141571 0.2292270809412 0.371417462825775 0.341536968946457 0.311215102672577 0.337909400463104 0.396514058113098 0.466867476701736 0.278638333082199 0.419648408889771 0.307602792978287 0.371478527784348 0.34912770986557 0.249474585056305 0.368600070476532 0.452708035707474 0.571220099925995 0.585019648075104 0.485405832529068 0.507432639598846 0.644232273101807 0.64591258764267 0.753215670585632 0.777675211429596 0.793950438499451 0.625684440135956
0.206140339374542 0.204065427184105 0.20364710688591 0.195294678211212 0.196613565087318 0.189834773540497 0.179884701967239 0.176740869879723 0.211994767189026 0.199110299348831 0.197852745652199 0.293514162302017 0.589126169681549 0.482243716716766 0.418528944253922 0.455516993999481 0.5051628947258 0.498474031686783 0.616442859172821 0.611247003078461 0.728181719779968 0.887194454669952 0.533944547176361 0.496696799993515 0.251042902469635 0.252287715673447 0.361257553100586 0.585474371910095 0.549234509468079 0.3308125436306 0.466047197580338 0.731153547763824 0.737337112426758 0.80526328086853 0.646031975746155 0.60559755563736
0.201278313994408 0.214553967118263 0.214633405208588 0.207307159900665 0.20021753013134 0.195666879415512 0.193382948637009 0.241233944892883 0.240837544202805 0.24747522175312 0.347890049219131 0.573461294174194 0.731805145740509 0.779777228832245 0.774519681930542 0.853292167186737 0.847946226596832 0.945732533931732 0.969334244728088 0.947919070720673 0.738041281700134 0.831559062004089 0.773226797580719 0.518811464309692 0.324435740709305 0.309945940971375 0.479984223842621 0.549177289009094 0.413899898529053 0.373825967311859 0.685162127017975 0.818445086479187 0.710765063762665 0.705409586429596 0.668477654457092 0.631672084331512
0.20150925219059 0.263936668634415 0.278455972671509 0.266532987356186 0.269095957279205 0.25083789229393 0.242446333169937 0.251555174589157 0.276429533958435 0.424187898635864 0.505775988101959 0.805498361587524 0.802566587924957 0.915165603160858 0.89816015958786 0.954703688621521 0.951866030693054 0.950908482074738 0.975839793682098 0.907384395599365 0.911657512187958 0.826355695724487 0.790571749210358 0.708302736282349 0.480257362127304 0.434068202972412 0.5030557513237 0.458447694778442 0.582405030727386 0.636240124702454 0.671912789344788 0.749078631401062 0.773708522319794 0.769337713718414 0.72618967294693 0.771152853965759
0.261673718690872 0.269556820392609 0.281953722238541 0.285530835390091 0.274805426597595 0.262284576892853 0.254442036151886 0.267427891492844 0.329448729753494 0.683164417743683 0.806444585323334 0.882711052894592 0.929107785224915 0.926312923431396 0.960377335548401 0.964193761348724 0.930494070053101 0.892694890499115 0.955499470233917 0.975424528121948 0.915274560451508 0.838792324066162 0.730804026126862 0.712387144565582 0.542067587375641 0.586378693580627 0.420458912849426 0.512814581394196 0.646506786346436 0.68425726890564 0.762557923793793 0.841535210609436 0.813827037811279 0.785674631595612 0.789940595626831 0.787681698799133
0.258098840713501 0.261509478092194 0.266154527664185 0.26181373000145 0.278917402029037 0.276655107736588 0.289041966199875 0.433470547199249 0.686453223228455 0.728166997432709 0.8366339802742 0.831963956356049 0.820473909378052 0.876104831695557 0.875842213630676 0.863180577754974 0.869043171405792 0.91206818819046 0.962311625480652 0.978541076183319 0.962356328964233 0.961321294307709 0.959789156913757 0.89851987361908 0.915275812149048 0.691886425018311 0.485707014799118 0.531904816627502 0.779734551906586 0.768709123134613 0.870061576366425 0.81039822101593 0.802690863609314 0.784047603607178 0.76724237203598 0.807370245456696
0.25471219420433 0.253081172704697 0.25689435005188 0.281455159187317 0.287047326564789 0.293012678623199 0.448142409324646 0.709316074848175 0.902529656887054 0.894959211349487 0.846716940402985 0.800633728504181 0.885424494743347 0.882545053958893 0.797315657138824 0.919484853744507 0.949996948242188 0.917013883590698 0.915097236633301 0.973455131053925 0.991414606571198 0.992212355136871 0.990629971027374 0.995769143104553 0.989280223846436 0.867197871208191 0.733031928539276 0.788473010063171 0.787131071090698 0.878791153430939 0.874316573143005 0.849955797195435 0.830855846405029 0.819958925247192 0.800264656543732 0.791924297809601
0.243026301264763 0.249275341629982 0.273561358451843 0.432969659566879 0.410311818122864 0.486438721418381 0.697194039821625 0.735792577266693 0.893099069595337 0.887598693370819 0.721463739871979 0.897438704967499 0.868882834911346 0.924313247203827 0.928112745285034 0.928188443183899 0.9615678191185 0.956676125526428 0.960324823856354 0.962759256362915 0.990907847881317 0.992152690887451 0.994522571563721 0.99535858631134 0.995594382286072 0.99573141336441 0.995611548423767 0.984467685222626 0.90391480922699 0.91622406244278 0.911316812038422 0.926720857620239 0.901289999485016 0.892708361148834 0.882121741771698 0.841712057590485
0.245317950844765 0.254718542098999 0.413364231586456 0.374265611171722 0.454203963279724 0.494573891162872 0.688804090023041 0.728133380413055 0.833769738674164 0.827497005462646 0.848505795001984 0.834729135036469 0.863202631473541 0.91571182012558 0.910949230194092 0.936588704586029 0.926084756851196 0.966976463794708 0.977788805961609 0.991886019706726 0.992466509342194 0.998441815376282 0.997226595878601 0.998514533042908 0.998188972473145 0.999660849571228 0.999505877494812 0.997814178466797 0.99631267786026 0.994546055793762 0.943751454353333 0.928475737571716 0.92071658372879 0.909920454025269 0.870796501636505 0.785938620567322
0.31117707490921 0.379606366157532 0.394661635160446 0.498938322067261 0.523486316204071 0.497587084770203 0.702573716640472 0.710988581180573 0.739523112773895 0.74237847328186 0.905770838260651 0.868136703968048 0.860804319381714 0.910197973251343 0.909237205982208 0.938991606235504 0.945620536804199 0.955666065216064 0.974517703056335 0.9777672290802 0.993320047855377 0.99563592672348 0.998752117156982 0.998858869075775 0.999684870243073 0.999847590923309 0.995782971382141 0.972888588905334 0.974174916744232 0.963168323040009 0.934505701065063 0.921452522277832 0.855381906032562 0.903577923774719 0.825696527957916 0.821967601776123
0.325318336486816 0.388992726802826 0.538693904876709 0.498424857854843 0.502388834953308 0.694682002067566 0.571172952651978 0.72014456987381 0.739831864833832 0.738039374351501 0.845578789710999 0.837429940700531 0.900404155254364 0.854326963424683 0.950417757034302 0.949149549007416 0.848318815231323 0.946276187896729 0.977534353733063 0.98158848285675 0.982816994190216 0.992037355899811 0.99167001247406 0.999014914035797 0.997509360313416 0.924474716186523 0.912066459655762 0.909386098384857 0.890469133853912 0.879120290279388 0.863157331943512 0.857519388198853 0.839528381824493 0.839566171169281 0.81138026714325 0.804292142391205
0.369611263275146 0.459221065044403 0.737301707267761 0.533784091472626 0.50304102897644 0.535723507404327 0.567071795463562 0.750901699066162 0.847580969333649 0.860351085662842 0.848646521568298 0.845493853092194 0.784423589706421 0.848264575004578 0.84661853313446 0.844491541385651 0.845096170902252 0.953583598136902 0.979849398136139 0.994145810604095 0.973275661468506 0.941197276115417 0.932485938072205 0.937426567077637 0.932031393051147 0.925473570823669 0.897070944309235 0.835181057453156 0.826925158500671 0.786516129970551 0.766540765762329 0.750718235969543 0.740699231624603 0.724525988101959 0.70408821105957 0.690008759498596
0.413993120193481 0.741570889949799 0.753404140472412 0.727692365646362 0.548561632633209 0.534662961959839 0.573490500450134 0.709206819534302 0.84563159942627 0.8509241938591 0.79846453666687 0.860372245311737 0.77651572227478 0.847863137722015 0.763023316860199 0.84140020608902 0.830077171325684 0.935221314430237 0.969378352165222 0.969390392303467 0.888834416866302 0.874493598937988 0.854384899139404 0.865746796131134 0.849348843097687 0.854366660118103 0.818876683712006 0.72501128911972 0.715718746185303 0.682827830314636 0.662115633487701 0.649716794490814 0.618303537368774 0.614238917827606 0.611604630947113 0.685815811157227
0.406060963869095 0.535954177379608 0.535338759422302 0.574703931808472 0.579409599304199 0.74516773223877 0.733819723129272 0.741578698158264 0.730719864368439 0.802759766578674 0.857431054115295 0.783548295497894 0.849075138568878 0.769488096237183 0.753228902816772 0.83327454328537 0.931691229343414 0.915159344673157 0.914643108844757 0.900635242462158 0.873614549636841 0.855756103992462 0.766672968864441 0.845357775688171 0.828404605388641 0.819640755653381 0.717354774475098 0.604709267616272 0.49810716509819 0.572911739349365 0.553541243076324 0.636926352977753 0.616733431816101 0.591478526592255 0.606172800064087 0.591958701610565
0.376373529434204 0.506497919559479 0.470559984445572 0.480407893657684 0.657989323139191 0.756136536598206 0.755712568759918 0.742818772792816 0.730866432189941 0.797288179397583 0.707274556159973 0.692666232585907 0.811352074146271 0.80797678232193 0.881761014461517 0.882791459560394 0.834317147731781 0.814719676971436 0.788028359413147 0.782416701316833 0.774212241172791 0.771641492843628 0.734429061412811 0.723183512687683 0.708026647567749 0.69950807094574 0.606296062469482 0.580997288227081 0.481457889080048 0.551300168037415 0.555387258529663 0.613824188709259 0.590642273426056 0.593687653541565 0.581395447254181 0.566003859043121
0.258210986852646 0.333820343017578 0.37585711479187 0.412399888038635 0.551037967205048 0.617623925209045 0.744788408279419 0.632962942123413 0.606913924217224 0.568084239959717 0.738118350505829 0.726109802722931 0.799106359481812 0.776667177677155 0.774559140205383 0.849503040313721 0.823201417922974 0.664613842964172 0.643481373786926 0.661513984203339 0.763902604579926 0.650614440441132 0.609822928905487 0.605967700481415 0.598141133785248 0.58047342300415 0.58273583650589 0.567776203155518 0.562998414039612 0.540772080421448 0.539627969264984 0.629325568675995 0.595232665538788 0.561210870742798 0.564066231250763 0.572665512561798
