data/climate_estimation/maxent_output/Tripladenia_cunninghamii.asc
NCOLS 140 
NROWS 303 
XLLCORNER 142.25 
YLLCORNER -36.5 
CELLSIZE 0.0833333333333333 
NODATA_value -3.4e+38 
[rows 190 to 208 of 303, columns 88 to 131 of 140]
0.00150557979941368 0.00161959405522794 0.00182560086250305 0.00225488236173987 0.0024523138999939 0.00266156508587301 0.0033730948343873 0.00379034131765366 0.0052569885738194 0.00622883811593056 0.00940639991313219 0.00864491332322359 0.00896547548472881 0.0110776955261827 0.0103363525122404 0.01122394669801 0.00908501166850328 0.0116917230188847 0.0155700091272593 0.026070361956954 0.0306126102805138 0.0252073481678963 0.0302430801093578 0.0364043042063713 0.0439573749899864 0.0634517818689346 0.193901777267456 0.221005752682686 0.209975600242615 0.365008980035782 0.362874746322632 0.299658954143524 0.288012862205505 0.205860123038292 0.183774337172508 0.508254945278168 0.54659903049469 0.789125025272369 0.791883707046509 0.688545286655426 0.645087420940399 0.68999058008194 0.683419704437256 0.636383652687073
0.00157997012138367 0.00196854956448078 0.00206392724066973 0.00231535662896931 0.00244221882894635 0.00256064906716347 0.00282551278360188 0.0035063165705651 0.00397495832294226 0.00604400737211108 0.00708699133247137 0.00796586740761995 0.00755908573046327 0.00872817169874907 0.0107685700058937 0.00870714895427227 0.00700409151613712 0.0092946570366621 0.0123058361932635 0.017459899187088 0.0163511484861374 0.019029701128602 0.0243142805993557 0.0290120802819729 0.0379600785672665 0.0549561865627766 0.140346795320511 0.258237063884735 0.376614034175873 0.532102286815643 0.503785133361816 0.445422798395157 0.312848478555679 0.244468465447426 0.246188640594482 0.295873165130615 0.646836757659912 0.766070663928986 0.635975778102875 0.696048200130463 0.593220174312592 0.610800862312317 0.638787806034088 -3.4e+38
0.00173534185159951 0.00195637624710798 0.00208806595765054 0.00215955264866352 0.00233556143939495 0.00263642217032611 0.00277225347235799 0.0038262230809778 0.00420959806069732 0.00538161816075444 0.00623004510998726 0.00724184000864625 0.0080631086602807 0.00865993928164244 0.00816980376839638 0.00707696238532662 0.00708080129697919 0.00729828979820013 0.00965855736285448 0.009830042719841 0.0111797228455544 0.0148291131481528 0.0219777189195156 0.0333580449223518 0.046821441501379 0.0608876869082451 0.117974117398262 0.242786392569542 0.468676686286926 0.574223875999451 0.574348151683807 0.566684484481812 0.484566986560822 0.307372063398361 0.24793516099453 0.215853199362755 0.518874883651733 0.795204222202301 0.799478828907013 0.608035326004028 0.562652349472046 0.597048044204712 0.688016891479492 0.677972614765167
0.00186910980846733 0.00239905249327421 0.00243793078698218 0.00246835732832551 0.00229682680219412 0.00241613574326038 0.00291195907630026 0.00366373034194112 0.00389642058871686 0.00515950610861182 0.00581948831677437 0.00544865150004625 0.0065009193494916 0.00614130031317472 0.00746858865022659 0.00796405132859945 0.00686777196824551 0.00901252031326294 0.0101134516298771 0.0109097240492702 0.0128290001302958 0.0139025803655386 0.0214836522936821 0.0256820060312748 0.0404422096908092 0.0524123720824718 0.0820903331041336 0.21297986805439 0.449765294790268 0.615102887153625 0.682714223861694 0.591054379940033 0.196085214614868 0.135893896222115 0.139731988310814 0.19263756275177 0.321458637714386 0.626212477684021 0.800949513912201 0.590950191020966 0.609091877937317 0.593382596969604 0.556292533874512 0.6235311627388
0.00241157994605601 0.00250141345895827 0.00251643010415137 0.00255731889046729 0.00267344014719129 0.00276559963822365 0.00325662782415748 0.00354314502328634 0.00451306812465191 0.00481146993115544 0.00442162714898586 0.00522374780848622 0.00649648671969771 0.00725058931857347 0.00845219008624554 0.00776106538251042 0.00869017653167248 0.0116973081603646 0.0122547764331102 0.0127942124381661 0.0125743085518479 0.0150290355086327 0.0180292036384344 0.0223214235156775 0.0339992307126522 0.0506070703268051 0.0874450206756592 0.239591866731644 0.5341517329216 0.248346880078316 0.415931522846222 0.510655105113983 0.193363711237907 0.0900773480534554 0.0971029698848724 0.133809164166451 0.208413258194923 0.308605372905731 0.641949772834778 0.673389852046967 0.62393981218338 0.472006618976593 0.484253525733948 0.631309390068054
0.00209963577799499 0.00261965161189437 0.00285782292485237 0.00294044846668839 0.00253419484943151 0.00276914821006358 0.00364062795415521 0.0039232699200511 0.00421830033883452 0.0046917861327529 0.00431246496737003 0.00511270435526967 0.0064215250313282 0.00708177359774709 0.00833395589143038 0.00882450863718987 0.0103126000612974 0.0148754958063364 0.0156219797208905 0.0129019441083074 0.0124626969918609 0.014755898155272 0.0149379000067711 0.0197073500603437 0.0321807116270065 0.0584673210978508 0.084006629884243 0.222248032689095 0.485357075929642 0.116908095777035 0.0932531580328941 0.101722158491611 0.0782519280910492 0.0761403143405914 0.109086260199547 0.150992333889008 0.16126661002636 0.195024475455284 0.266383588314056 0.359874218702316 0.387915253639221 0.556427359580994 0.650243580341339 0.717058539390564
0.00175661838147789 0.00188182562123984 0.00238903216086328 0.00236494769342244 0.00262936926446855 0.00321089755743742 0.00323484861291945 0.00359799130819738 0.00396070256829262 0.00439985981211066 0.00399336777627468 0.00470617553219199 0.00557355349883437 0.00611500581726432 0.00732113001868129 0.00814044289290905 0.0111218709498644 0.0170905012637377 0.0152820656076074 0.0134462527930737 0.0149619607254863 0.0148868877440691 0.0147425290197134 0.0221471507102251 0.0405280478298664 0.0707700029015541 0.081068143248558 0.177498877048492 0.416447013616562 0.187473148107529 0.121884062886238 0.0926859974861145 0.106687538325787 0.0855941697955132 0.139522269368172 0.134950220584869 0.114649005234241 0.127040848135948 0.191956579685211 0.263088911771774 0.38973930478096 0.526837825775146 0.652616620063782 0.731720149517059
0.00159071374218911 0.00174723612144589 0.00220127590000629 0.00224482198245823 0.00245648506097496 0.00277802394703031 0.00287724914960563 0.00313610699959099 0.00342041556723416 0.00385656906291842 0.00398438610136509 0.00435354979708791 0.00471785105764866 0.00559430522844195 0.00623742118477821 0.00881663803011179 0.0126269655302167 0.0168729703873396 0.0152631951496005 0.0157498437911272 0.0153094157576561 0.0143231004476547 0.0148910731077194 0.0157472807914019 0.0447391532361507 0.0648675635457039 0.0658068209886551 0.110115610063076 0.272115141153336 0.257665276527405 0.226765811443329 0.166192755103111 0.209791138768196 0.126159220933914 0.0903293713927269 0.0861965715885162 0.10520027577877 0.10345846414566 0.215178981423378 0.370410233736038 0.391799688339233 0.510611355304718 0.587941348552704 0.680123090744019
0.00155478250235319 0.0015560716856271 0.00195123115554452 0.00211107940413058 0.00232454715296626 0.00291450740769506 0.00282844295725226 0.00343823409639299 0.00317314919084311 0.00355566944926977 0.00409636506810784 0.00397041207179427 0.00591150810942054 0.00528115872293711 0.00786536280065775 0.00866514071822166 0.0120417242869735 0.0155793065205216 0.017423277720809 0.016219574958086 0.0168686639517546 0.0171569231897593 0.0138990459963679 0.0215436723083258 0.0344765409827232 0.0539088696241379 0.0866956561803818 0.132472068071365 0.182058975100517 0.256464034318924 0.349872529506683 0.255987137556076 0.50279301404953 0.168517738580704 0.0913698226213455 0.101029269397259 0.104639112949371 0.126143023371696 0.365572184324265 0.346692889928818 0.280918270349503 0.340642482042313 0.620055258274078 0.723130583763123
0.00138973980210721 0.00141524721402675 0.00177467649336904 0.00176801846828312 0.00221968768164515 0.00267929513938725 0.00243353773839772 0.00312123447656631 0.00267241196706891 0.00292859529145062 0.00384929636493325 0.00435295607894659 0.00555308628827333 0.00637141987681389 0.00717421481385827 0.00801655650138855 0.0120888911187649 0.0142207480967045 0.0208006948232651 0.0247655231505632 0.0171692110598087 0.0139409881085157 0.0161792393773794 0.0224985610693693 0.0323131270706654 0.0526512451469898 0.0935920178890228 0.114481344819069 0.118014216423035 0.192570924758911 0.390419632196426 0.29117476940155 0.573127329349518 0.406679004430771 0.103433676064014 0.1083984375 0.119015105068684 0.161258146166801 0.278335988521576 0.230664744973183 0.20898748934269 0.369240462779999 0.565493226051331 0.792403697967529
0.00140912679489702 0.00142846186645329 0.00175781617872417 0.00227346387691796 0.00241444120183587 0.00259819230996072 0.00222031539306045 0.0021094148978591 0.00310783158056438 0.00319413072429597 0.00380268669687212 0.0046186400577426 0.00572181586176157 0.0063453558832407 0.00740739982575178 0.00831805076450109 0.0113638527691364 0.0143965538591146 0.017015378922224 0.0198454335331917 0.0119989104568958 0.0121609177440405 0.0158594306558371 0.0274224244058132 0.045783519744873 0.0679258033633232 0.0892776176333427 0.11453390866518 0.139170736074448 0.18757002055645 0.37767368555069 0.47710058093071 0.577010929584503 0.65969979763031 0.137974217534065 0.111472591757774 0.157436236739159 0.164552196860313 0.282709419727325 0.267183572053909 0.233072683215141 0.436020135879517 0.674550592899323 0.78679358959198
0.00140613655094057 0.00157159694936126 0.00180079753044993 0.0022865803912282 0.00233236839994788 0.00254381820559502 0.00235775415785611 0.00250756088644266 0.00272026122547686 0.00330750760622323 0.00355942570604384 0.00438165804371238 0.00423936918377876 0.00476829800754786 0.00673262914642692 0.00815820135176182 0.0109497550874949 0.0148657876998186 0.0121480245143175 0.0127123966813087 0.01676787994802 0.0160149186849594 0.020647618919611 0.0289249774068594 0.0445789992809296 0.0651937946677208 0.0700355023145676 0.0926628112792969 0.118312440812588 0.158503398299217 0.235311195254326 0.329329490661621 0.481365233659744 0.644204616546631 0.202659800648689 0.168711677193642 0.184383422136307 0.302648991346359 0.455722481012344 0.514765501022339 0.386950135231018 0.589158236980438 0.812585175037384 0.793875336647034
0.00138650229200721 0.00155509694013745 0.00199970905669034 0.00239971792325377 0.00243163155391812 0.00270879617892206 0.00313036050647497 0.00303654675371945 0.00244347285479307 0.00283332285471261 0.00291814864613116 0.00322983996011317 0.00373505358584225 0.00407879799604416 0.0050260042771697 0.00739057315513492 0.00844018906354904 0.0140929846093059 0.0112009756267071 0.0094834640622139 0.0118354419246316 0.0193518083542585 0.0288920886814594 0.0294420998543501 0.0376884415745735 0.0495380908250809 0.0498823188245296 0.0630389004945755 0.0833139792084694 0.134386047720909 0.172186642885208 0.401520788669586 0.500577092170715 0.6879922747612 0.600171327590942 0.229608908295631 0.205236315727234 0.474336594343185 0.470025449991226 0.350418001413345 0.463133156299591 0.746307194232941 0.806510210037231 0.778668820858002
0.00112322100903839 0.00134299206547439 0.00188206695020199 0.0021162792108953 0.00261200778186321 0.00335089699365199 0.00436005787923932 0.00354265118949115 0.0029959948733449 0.00272192060947418 0.00251045357435942 0.00307161547243595 0.00366622651927173 0.00389906554482877 0.00448157917708158 0.00618356047198176 0.00770024443045259 0.0119714429602027 0.00948667339980602 0.00999038573354483 0.0132915172725916 0.0236894357949495 0.0391638055443764 0.0397826954722404 0.0440117157995701 0.0526844412088394 0.0465416945517063 0.0579259544610977 0.060231976211071 0.0839986056089401 0.145057365298271 0.224825844168663 0.485849142074585 0.674436211585999 0.698854386806488 0.609080791473389 0.685275316238403 0.681108772754669 0.496223151683807 0.456859409809113 0.619333982467651 0.802379488945007 0.711847960948944 0.74703186750412
0.00105605239514261 0.00113313109613955 0.00151912367437035 0.00208424008451402 0.0028774831444025 0.00425514951348305 0.00573893589898944 0.00371771189384162 0.00301206996664405 0.00275700236670673 0.00249854242429137 0.00296005490235984 0.00315919844433665 0.00344493030570447 0.00475812191143632 0.0056360149756074 0.00823499076068401 0.00958130694925785 0.00836467742919922 0.0104717658832669 0.0126912388950586 0.0251230243593454 0.0398186184465885 0.0507798455655575 0.0772217586636543 0.110013015568256 0.100180737674236 0.0516473799943924 0.0686475709080696 0.0816398859024048 0.11732243001461 0.167279914021492 0.463004529476166 0.675810754299164 0.712793350219727 0.741122424602509 0.746357321739197 0.787416517734528 0.652590990066528 0.783445656299591 0.803811609745026 0.809484362602234 0.636913955211639 0.764943480491638
0.000885408720932901 0.00112737168092281 0.00155278912279755 0.00217138300649822 0.00336695276200771 0.00473724631592631 0.00584692414849997 0.00389533489942551 0.00335576757788658 0.00269948621280491 0.00265580043196678 0.00261213374324143 0.00293384841643274 0.00362689443863928 0.0041259229183197 0.00564864324405789 0.00718233687803149 0.00817191135138273 0.00726508907973766 0.0103072514757514 0.0169888269156218 0.0263119377195835 0.0508900694549084 0.066201277077198 0.115356557071209 0.195720508694649 0.181847721338272 0.178436070680618 0.229863539338112 0.166663348674774 0.142557382583618 0.209725975990295 0.461974710226059 0.6842440366745 0.726607382297516 0.7532839179039 0.768812537193298 0.771449565887451 0.806491315364838 0.804523527622223 0.817061007022858 0.726575791835785 0.776624262332916 0.747242987155914
0.000759772839955986 0.00112457945942879 0.00187778647523373 0.00259633059613407 0.00352429016493261 0.00450708530843258 0.00571844587102532 0.00374160893261433 0.00247344328090549 0.00227743946015835 0.00263012503273785 0.00306798983365297 0.00332272239029408 0.00355571485124528 0.00459127360954881 0.0055791474878788 0.00586885027587414 0.00681107118725777 0.00844877958297729 0.0111813442781568 0.0198579058051109 0.0320011377334595 0.0458545051515102 0.0706126391887665 0.14785985648632 0.197934150695801 0.225654393434525 0.260420888662338 0.299893319606781 0.353026449680328 0.376519083976746 0.383718013763428 0.371657520532608 0.63905256986618 0.734543561935425 0.723278522491455 0.786857068538666 0.789151668548584 0.796506226062775 0.59460324048996 0.598125874996185 0.804961383342743 0.761900305747986 0.765430331230164
0.000942870217841119 0.00115921639371663 0.0018356820801273 0.00249792751856148 0.00329804862849414 0.00467257993295789 0.00483847502619028 0.00271778926253319 0.00151620269753039 0.00253938743844628 0.00286748097278178 0.00305343768559396 0.0033083432354033 0.00390313658863306 0.00433417875319719 0.00475529674440622 0.00645206961780787 0.00786725059151649 0.0118684768676758 0.0145714404061437 0.0210140533745289 0.02972705475986 0.0465070642530918 0.0747067704796791 0.142848342657089 0.190555647015572 0.227912083268166 0.265512943267822 0.316625744104385 0.372797042131424 0.424411505460739 0.421099692583084 0.390169531106949 0.71677154302597 0.666660666465759 0.766325294971466 0.747166216373444 0.770367085933685 0.791428446769714 0.654208600521088 0.418804615736008 0.680065333843231 0.80308872461319 0.787204742431641
0.000918846810236573 0.00131427869200706 0.00192902225535363 0.00286763207986951 0.00328714586794376 0.00352419866248965 0.00359808257780969 0.00278733926825225 0.00277837784960866 0.00324958865530789 0.00355965364724398 0.00377635471522808 0.0038281949236989 0.00423947302624583 0.00465612579137087 0.00667012901976705 0.00928349047899246 0.00752610061317682 0.0111527824774384 0.0165874976664782 0.0272597074508667 0.0332411676645279 0.051575493067503 0.103414565324783 0.125006332993507 0.199147716164589 0.222597435116768 0.251683473587036 0.314690411090851 0.383182227611542 0.471488147974014 0.515784919261932 0.417911499738693 0.7057084441185 0.771009862422943 0.731356561183929 0.504338264465332 0.793677628040314 0.351401448249817 0.247967809438705 0.380905002355576 0.753981292247772 0.768781006336212 0.764534294605255
