data/climate_estimation/maxent_output/Tripladenia_cunninghamii.asc
NCOLS 140 
NROWS 303 
XLLCORNER 142.25 
YLLCORNER -36.5 
CELLSIZE 0.0833333333333333 
NODATA_value -3.4e+38 
[rows 57 to 75 of 303, columns 0 to 43 of 140]
4.5387323552859e-06 4.69736050945357e-06 4.64808636024827e-06 5.22838672623038e-06 5.23538392371847e-06 5.00548503623577e-06 5.07589402332087e-06 4.69678570880205e-06 4.38380175182829e-06 5.19082550454186e-06 4.93020297653857e-06 5.39289567313972e-06 5.38523954674019e-06 5.79079187446041e-06 6.00253133598017e-06 6.29063879387104e-06 6.55860549159115e-06 6.32849605608499e-06 6.48825425741961e-06 6.84819542584592e-06 7.3060314207396e-06 7.88114721217426e-06 1.21414241220918e-05 1.27675402836758e-05 1.65555593412137e-05 2.66707229457097e-05 4.62408243038226e-05 6.10030947427731e-05 8.86602865648456e-05 0.00013475569721777 0.0002463371201884 0.000324219232425094 0.00052384240552783 0.000456846464658156 0.000629100075457245 0.000932636845391244 0.0017979743424803 0.0070112906396389 0.0027127293869853 -3.4e+38 -3.4e+38 -3.4e+38 -3.4e+38 -3.4e+38
4.69099995825673e-06 4.39108725913684e-06 4.37017251897487e-06 5.43201349501032e-06 5.19327477377374e-06 5.16023646923713e-06 4.62181378679816e-06 4.55379586128402e-06 4.49586468675989e-06 5.43497390026459e-06 5.46856244909577e-06 5.35765639142483e-06 5.53643621969968e-06 5.9575318118732e-06 6.09146582064568e-06 6.42779605186661e-06 7.00001555742347e-06 6.89458511260455e-06 7.09055302650086e-06 7.41043913876638e-06 8.10072015156038e-06 9.05523666006047e-06 1.62433880177559e-05 1.51653375723981e-05 1.9832799807773e-05 2.88282426481601e-05 4.25040270783938e-05 6.84810293023475e-05 0.000125603008200414 0.000154910288983956 0.000242947673541494 0.000488030025735497 0.00197447184473276 0.00156591553241014 0.000745981989894062 0.00112223229371011 0.00142635451629758 0.00878501404076815 0.00387033331207931 -3.4e+38 -3.4e+38 -3.4e+38 -3.4e+38 -3.4e+38
4.8487290769117e-06 4.80123344459571e-06 5.21996344104991e-06 5.3795201893081e-06 5.44624117537751e-06 4.77981893709511e-06 4.58502154287999e-06 4.59450802736683e-06 4.52595077149454e-06 4.71253770228941e-06 5.16770614922279e-06 5.48146726941923e-06 5.12880251335446e-06 6.01891997575876e-06 5.92029664403526e-06 6.30102795184939e-06 6.64226354274433e-06 6.91328204993624e-06 7.13942063157447e-06 6.61193689666106e-06 7.51519201003248e-06 8.64682988321874e-06 1.84603504749248e-05 1.80254974111449e-05 2.64748177869478e-05 5.10965328430757e-05 6.30570357316174e-05 0.000144140780321322 0.000135374400997534 0.000180530856596306 0.000355627707904205 0.000637391000054777 0.00784687325358391 0.00927101168781519 0.00324342562817037 0.00162041839212179 0.00102204282302409 0.00216031935997307 0.00172373803798109 -3.4e+38 -3.4e+38 -3.4e+38 -3.4e+38 -3.4e+38
4.89793501401437e-06 4.86300996271893e-06 5.59702039026888e-06 5.57062730877078e-06 4.63764172309311e-06 4.6266827666841e-06 4.40020676251152e-06 4.53942720923806e-06 4.46407148047001e-06 4.59289685750264e-06 5.19402374266065e-06 5.62778723178781e-06 5.06741253047949e-06 5.3695212045568e-06 5.7189663493773e-06 5.91185744269751e-06 6.28572797722882e-06 6.64889648760436e-06 6.53573215458891e-06 6.37831954009016e-06 6.70549297865364e-06 7.73341616877588e-06 1.27679113575141e-05 2.35005572903901e-05 2.91515880235238e-05 4.63746473542415e-05 7.8039251093287e-05 0.000154102410306223 0.000149063096614555 0.000222614136873744 0.000839609187096357 0.000843167421407998 0.00467928638681769 0.00778570119291544 0.00382292806170881 0.00511401845142245 0.00147455232217908 0.00195209856610745 0.00194556813221425 -3.4e+38 -3.4e+38 -3.4e+38 -3.4e+38 -3.4e+38
5.24439610671834e-06 5.46775527254795e-06 5.51106950297253e-06 4.69838960270863e-06 4.41306656284723e-06 4.55178042102489e-06 4.52975382359e-06 4.60853561889962e-06 4.29447891292511e-06 4.1971065911639e-06 5.09009942106786e-06 5.39548409506097e-06 5.37703999725636e-06 5.30737452208996e-06 5.26743178852485e-06 5.81770382268587e-06 6.11183304499718e-06 6.12849817116512e-06 6.26867677055998e-06 6.27693816568353e-06 6.94982190907467e-06 8.82779659150401e-06 1.21956518341904e-05 1.43641336762812e-05 2.43853592110099e-05 3.59890254912898e-05 6.90500455675647e-05 9.75731018115766e-05 9.44584826356731e-05 0.000167994148796424 0.000607679889071733 0.000878599646966904 0.00126811815425754 0.00129075197037309 0.00283448817208409 0.02039884775877 0.00705598620697856 0.00187128817196935 -3.4e+38 -3.4e+38 -3.4e+38 -3.4e+38 -3.4e+38 -3.4e+38
5.01639124195208e-06 4.90309548695222e-06 4.49658000434283e-06 4.62946127299801e-06 4.86201906824135e-06 4.76832246931735e-06 4.48981381850899e-06 4.43647741121822e-06 4.51784353572293e-06 4.4004032133671e-06 4.95918902743142e-06 5.17633043273236e-06 5.43091891813674e-06 5.24235747434432e-06 4.97611472383142e-06 5.45473358215531e-06 5.50540107724373e-06 5.82358779865899e-06 5.61556635148008e-06 6.33561558061047e-06 7.29177963876282e-06 9.22743402043125e-06 9.88934425549814e-06 1.15407228804543e-05 1.7171003491967e-05 2.51079691224732e-05 3.05617795675062e-05 5.10374084115028e-05 8.45764079713263e-05 0.000139425799716264 0.000252614932833239 0.000380154087906703 0.000683430465869606 0.000899956503417343 0.00292124110274017 0.0176983755081892 0.0180707257241011 0.00206706533208489 0.00172206293791533 -3.4e+38 -3.4e+38 -3.4e+38 -3.4e+38 -3.4e+38
4.80137578051654e-06 5.02539796798374e-06 5.01012755194097e-06 4.81011466035852e-06 4.88205932924757e-06 4.80441167383105e-06 4.5189817683422e-06 4.31498165198718e-06 4.33150535172899e-06 4.6104737521091e-06 5.08140738020302e-06 5.37533423994319e-06 5.22635764355073e-06 5.57622206542874e-06 5.22082336829044e-06 5.31821979166125e-06 5.90654872212326e-06 5.54330745217158e-06 5.60810622118879e-06 6.7392047640169e-06 8.63960758579196e-06 1.01949481177144e-05 1.1867065950355e-05 1.46430129461805e-05 1.8368533346802e-05 2.37187941820594e-05 2.78100524155889e-05 4.57333917438518e-05 8.48201962071471e-05 0.000115150280180387 0.000164033190230839 0.00026088091544807 0.000432950648246333 0.00080216204514727 0.00145137729123235 0.00422027381137013 0.0194077212363482 0.00594837963581085 0.00438686553388834 0.00258213258348405 -3.4e+38 -3.4e+38 -3.4e+38 -3.4e+38
5.08783341501839e-06 5.02886177855544e-06 4.89005606141291e-06 4.86198587168474e-06 5.07177765030065e-06 4.55940198662574e-06 4.49311119155027e-06 4.79381287732394e-06 4.57266833109315e-06 4.98029430673341e-06 5.61278056920855e-06 5.49286414752714e-06 5.56880513613578e-06 5.56880513613578e-06 5.67862798561691e-06 6.02930595050566e-06 6.05003197051701e-06 6.02690170126152e-06 5.89809269513353e-06 6.41917813481996e-06 8.31447778182337e-06 9.48407887335634e-06 1.34901392812026e-05 1.88943140528863e-05 2.15992822631961e-05 2.98116865451448e-05 3.16129699058365e-05 3.95096212741919e-05 5.8114921557717e-05 0.000102640733530279 0.000157506627147086 0.000300011422950774 0.000590619572903961 0.00112389505375177 0.00211279140785336 0.00274411123245955 0.00948471669107676 0.00863893236964941 0.013465111143887 0.0103807263076305 -3.4e+38 -3.4e+38 -3.4e+38 -3.4e+38
5.3139610827202e-06 5.11944017489441e-06 4.99932275488391e-06 4.91623723064549e-06 4.86797443954856e-06 4.94396044814494e-06 5.05398065797635e-06 4.89876492792973e-06 4.78942638437729e-06 5.04240824739099e-06 5.85489715376752e-06 5.94390485275653e-06 5.6651570048416e-06 5.77690434511169e-06 6.11751602264121e-06 6.13200245425105e-06 6.49094818072626e-06 6.49270668873214e-06 6.49011781206354e-06 6.45879435978713e-06 8.57508530316409e-06 9.47763783187838e-06 1.30177968458156e-05 2.11338501685532e-05 2.3090931790648e-05 3.45883236150257e-05 4.03209633077495e-05 5.01875038025901e-05 6.67978674755432e-05 0.000109831169538666 0.000160369047080167 0.000277287297649309 0.000554487749468535 0.00115500448737293 0.00305309100076556 0.00273389834910631 0.00505512813106179 0.0124917346984148 0.0173354260623455 0.0218097865581512 0.0300351604819298 0.00559885846450925 -3.4e+38 -3.4e+38
5.25917766935891e-06 5.18071601618431e-06 5.20786079505342e-06 4.91861283080652e-06 5.14838257004158e-06 5.33747288500308e-06 4.98376130053657e-06 5.04082572660991e-06 4.90978254674701e-06 4.99496582051506e-06 6.31414241070161e-06 6.39489826426143e-06 6.41710221316316e-06 6.26217615717906e-06 6.21271874479135e-06 6.27293275101692e-06 6.86194744048407e-06 6.93011998009752e-06 6.80238917993847e-06 8.18174430605723e-06 9.01204748515738e-06 1.02337971839006e-05 1.31299038912402e-05 1.8919996364275e-05 2.58539421338355e-05 4.66147685074247e-05 4.9466711061541e-05 6.83180769556202e-05 9.18729783734307e-05 0.000157292306539603 0.000273222860414535 0.000277428043773398 0.00055677501950413 0.00117268797475845 0.0024363836273551 0.00330743216909468 0.00445525208488107 0.00968334078788757 0.018054686486721 0.0324449986219406 0.0303965378552675 0.00824608933180571 -3.4e+38 -3.4e+38
5.522618721443e-06 5.55487213205197e-06 5.49108426639577e-06 5.37055666427477e-06 5.40062319487333e-06 5.60620946998824e-06 5.11799726155004e-06 5.45164220966399e-06 5.21383708473877e-06 5.36845209353487e-06 6.49019102638704e-06 6.34308025837527e-06 6.55777057545492e-06 6.95355220159399e-06 6.55084613754298e-06 6.39257314105635e-06 6.64017989038257e-06 7.18443152436521e-06 7.32320586394053e-06 8.79288836586056e-06 8.86779707798269e-06 1.04253531389986e-05 1.28361753013451e-05 1.8560269381851e-05 2.36668784054928e-05 4.15600552514661e-05 6.88372092554346e-05 0.00010250663763145 0.000196729728486389 0.000443785276729614 0.000475197477499023 0.000372231792425737 0.000537671206984669 0.0010545487748459 0.00203179661184549 0.0060586086474359 0.00683720503002405 0.00962093658745289 0.0168019700795412 0.0355943329632282 0.0389501862227917 0.0138483205810189 0.0161156672984362 0.0181234776973724
5.53702511751908e-06 5.21152924193302e-06 5.56294071429875e-06 5.54389225726482e-06 5.64032961847261e-06 5.45010107089183e-06 5.27571546626859e-06 5.46927822142607e-06 5.65098707738798e-06 6.71100588078843e-06 6.58591034152778e-06 6.88814134264248e-06 6.67855510982918e-06 6.9687407631136e-06 7.06952823747997e-06 7.18883484296384e-06 7.51072002458386e-06 7.65058393881191e-06 7.86541386332829e-06 8.47196042741416e-06 9.90698845271254e-06 1.05440003608237e-05 1.28545789266354e-05 1.82202147698263e-05 2.17605920624919e-05 3.26088193105534e-05 6.94876507623121e-05 8.95166376722045e-05 0.000184218952199444 0.00038464562385343 0.000383563106879592 0.000386372179491445 0.000540776527486742 0.00103612465318292 0.00197287905029953 0.00363280670717359 0.00750753749161959 0.0120640331879258 0.0282883625477552 0.040302935987711 0.0677579045295715 0.0244113430380821 0.0182922165840864 0.0261401757597923
6.04726301389746e-06 5.85003590458655e-06 5.88414377489244e-06 6.06871026320732e-06 6.0485385802167e-06 5.73514626012184e-06 5.94616085436428e-06 5.74547630094457e-06 6.00137855144567e-06 7.14740826879279e-06 7.22617232895573e-06 7.10315407559392e-06 7.88113720773254e-06 7.48535285310936e-06 7.60351076678489e-06 7.15971691533923e-06 7.73656938690692e-06 8.39409403852187e-06 8.78481023391942e-06 9.05264550965512e-06 1.13678415800678e-05 1.17756026156712e-05 1.2881621842098e-05 1.55062807607464e-05 2.38963020819938e-05 3.30496332026087e-05 4.54976361652371e-05 5.78129220230039e-05 0.000145616970257834 0.000168025377206504 0.000453464948805049 0.000626386143267155 0.000714357651304454 0.00093540787929669 0.0015107550425455 0.00310728861950338 0.00734091969206929 0.0148624163120985 0.0378398336470127 0.0696021839976311 0.133575782179832 0.0357190817594528 0.0179015919566154 0.0262060221284628
5.91656589676859e-06 6.11013092566282e-06 6.07490346737904e-06 6.13444672126207e-06 5.73710440221475e-06 6.0379461501725e-06 6.28921543466276e-06 6.17866317043081e-06 7.65466757002287e-06 7.86954115028493e-06 7.5388006735011e-06 8.13223959994502e-06 7.75042190070963e-06 8.28420706966426e-06 8.88629801920615e-06 7.92347054812126e-06 8.91815852810396e-06 8.79826438904274e-06 9.82881647360045e-06 1.06707157101482e-05 1.41897799039725e-05 1.39898565976182e-05 1.67250582308043e-05 1.87200403161114e-05 2.25102539843647e-05 3.59016594302375e-05 5.05688585690223e-05 6.37334378552623e-05 8.19626220618375e-05 0.00018740254745353 0.000284217443550006 0.000589745061006397 0.000513105711434036 0.000897326332051307 0.00154296157415956 0.00287682819180191 0.00649067619815469 0.019462076947093 0.0582538768649101 0.1253722012043 0.123913012444973 0.0303459707647562 0.0239293519407511 0.0286925043910742
6.44419378659222e-06 6.08462187301484e-06 6.407633463823e-06 6.03008083999157e-06 6.28098632660112e-06 6.43807106825989e-06 6.27429244559607e-06 7.81338530941866e-06 7.86874716141028e-06 7.61606042942731e-06 7.46066598367179e-06 7.93812705524033e-06 8.48499348649057e-06 8.84375458554132e-06 9.36134074436268e-06 9.23458264878718e-06 9.42256610869663e-06 1.01534833447658e-05 1.07916894194204e-05 1.31397609948181e-05 1.70065159181831e-05 1.68633487191983e-05 2.07583852898097e-05 2.37986132560764e-05 2.93133416562341e-05 3.41310005751438e-05 5.02677139593288e-05 7.70292172092013e-05 0.000104870392533485 0.00022640178212896 0.000313013471895829 0.000477935827802867 0.000460719456896186 0.000714347464963794 0.0016533563612029 0.00310697173699737 0.00742561789229512 0.0224373526871204 0.0781196355819702 0.106593564152718 0.114582218229771 0.0564474351704121 0.0845339745283127 0.0600233599543571
7.12046357875806e-06 6.42591294308659e-06 7.05196589478874e-06 6.50789115752559e-06 6.77137040838716e-06 6.40112830296857e-06 7.99506324256072e-06 8.09183165983995e-06 8.04158480605111e-06 8.23872687760741e-06 8.54703466757201e-06 8.88732847670326e-06 8.50362539495109e-06 8.92430216481443e-06 1.01496571005555e-05 1.07251998997526e-05 9.99471922114026e-06 1.13538517325651e-05 1.24896450870438e-05 1.31461738419603e-05 1.5166637240327e-05 1.98556263057981e-05 2.24139675992774e-05 2.71506578428671e-05 3.49117144651245e-05 4.46872218162753e-05 6.03000153205357e-05 0.00010578573710518 0.000122040190035477 0.000182696559932083 0.000358475634129718 0.00041956701898016 0.000425610778620467 0.000632335897535086 0.00110402598511428 0.00313961715437472 0.00784167647361755 0.0302161648869514 0.0913346111774445 0.116999283432961 0.119415432214737 0.0929706022143364 0.0541381537914276 0.093181848526001
7.1915806074685e-06 6.66317964714835e-06 7.05287357050111e-06 8.22567471914226e-06 8.03516195446718e-06 9.86994564300403e-06 9.90394710242981e-06 9.60210218181601e-06 8.49727530294331e-06 9.18202567845583e-06 8.94827826414257e-06 9.48823981161695e-06 9.73074475041358e-06 9.9457520263968e-06 1.04556829683133e-05 1.14293870865367e-05 1.31336164486129e-05 1.21199382192572e-05 1.25603364722338e-05 1.51891636051005e-05 1.68636524904286e-05 2.37341482716147e-05 2.80185104202246e-05 3.01030595437624e-05 4.1067622078117e-05 5.9748585044872e-05 6.54574614600278e-05 9.25385538721457e-05 0.000120095763122663 0.000196695837075822 0.000278963794698939 0.000348241213941947 0.000374561088392511 0.000584693450946361 0.000955833529587835 0.00197931076399982 0.00719660334289074 0.0287148151546717 0.10376351326704 0.146020412445068 0.12610824406147 0.130761623382568 0.145088702440262 0.0458132810890675
8.48651598062133e-06 8.41331893752795e-06 8.6882582763792e-06 8.57950089994119e-06 1.01404802990146e-05 1.08383383121691e-05 1.07893874883302e-05 1.04476594060543e-05 8.91181389306439e-06 9.53594098973554e-06 1.00075631053187e-05 1.08140484371688e-05 1.14863096314366e-05 1.0914433914877e-05 1.14346048576408e-05 1.20622271424509e-05 1.30053540488007e-05 1.40292440846679e-05 1.65057190315565e-05 1.58743314386811e-05 1.80643619387411e-05 2.46623822022229e-05 2.85531386907678e-05 3.74849078070838e-05 4.06925173592754e-05 5.25404138898011e-05 6.77210991852917e-05 8.02157082944177e-05 0.000103629819932394 0.000137289418489672 0.000233177692280151 0.000301783962640911 0.000522014277521521 0.000606167886871845 0.00108411652036011 0.00311272428371012 0.00619912287220359 0.0273645520210266 0.0907582268118858 0.189452737569809 0.126476436853409 0.098980188369751 0.0691693872213364 0.0310340318828821
9.29408815864008e-06 8.68058577907505e-06 9.55966879701009e-06 1.07358173409011e-05 1.07914083855576e-05 1.0766253581096e-05 1.12526358861942e-05 1.16797264126944e-05 9.97988809103845e-06 1.04964474303415e-05 1.08520889625652e-05 1.09711136246915e-05 1.12325824375148e-05 1.22715464385692e-05 1.25056303659221e-05 1.34208012241288e-05 1.47209684655536e-05 1.64376615430228e-05 2.04364096134668e-05 2.13732928386889e-05 2.08043911698041e-05 2.80611602647696e-05 3.31280825776048e-05 4.51563464594074e-05 5.56002269149758e-05 5.80350497330073e-05 7.75317894294858e-05 9.70496475929394e-05 0.00012509677617345 0.000147154394653626 0.000196194145246409 0.000299497158266604 0.000442384683992714 0.000768752535805106 0.00123804167378694 0.00331969116814435 0.00644087791442871 0.0301516447216272 0.103343069553375 0.236590042710304 0.147438123822212 0.0821761935949326 0.0533154010772705 0.0326510295271873
