data/climate_estimation/maxent_output/Tripladenia_cunninghamii.asc
NCOLS 140 
NROWS 303 
XLLCORNER 142.25 
YLLCORNER -36.5 
CELLSIZE 0.0833333333333333 
NODATA_value -3.4e+38 
[rows 190 to 208 of 303, columns 0 to 43 of 140]
9.32383613871934e-07 9.39538665534201e-07 9.43400266351091e-07 1.01743955838174e-06 1.06449363102001e-06 1.06218340079067e-06 1.07925143311149e-06 1.19090987027448e-06 1.63731226621167e-06 1.64671962465945e-06 1.66612517205067e-06 2.12387385545298e-06 2.51213418778207e-06 2.39821702052723e-06 2.45244586949411e-06 3.29289559886092e-06 3.27206043948536e-06 3.55493671122531e-06 4.71481189379119e-06 5.18699062013184e-06 5.00515352541697e-06 4.69881160825025e-06 4.69792757940013e-06 4.58003796666162e-06 5.47133731743088e-06 5.63186358704115e-06 6.24900849288679e-06 8.02014528744621e-06 8.87370970303891e-06 9.54066763370065e-06 1.03876927823876e-05 1.13002788566519e-05 1.23492163766059e-05 1.38282139232615e-05 1.45693729791674e-05 2.01008388103219e-05 2.04238003789214e-05 2.14090869121719e-05 2.82158653135411e-05 4.11769906349946e-05 4.24788595410064e-05 4.33913264714647e-05 4.80138478451408e-05 5.60716434847564e-05
1.02842568594497e-06 1.10507562567363e-06 1.07568166640704e-06 1.12404688934475e-06 1.06058621440752e-06 1.07265452697902e-06 1.09555321614607e-06 1.70945156696689e-06 1.65752680914011e-06 1.65526535056415e-06 1.6681716488165e-06 2.16837088373723e-06 2.418349367872e-06 2.59533180724247e-06 3.14092062581039e-06 3.15714260068489e-06 3.28012447425863e-06 3.33375669470115e-06 4.00354701923789e-06 4.9047243919631e-06 5.07176537212217e-06 4.86650014863699e-06 4.81618553749286e-06 5.03781257066294e-06 4.73366844744305e-06 5.96358313487144e-06 6.73955082675093e-06 8.97494737728266e-06 9.49646710068919e-06 9.66145853453781e-06 1.03151423900272e-05 1.13560472527752e-05 1.2646110917558e-05 1.38673667606781e-05 1.45514413816272e-05 1.89734801097075e-05 1.96379860426532e-05 2.17817978409585e-05 3.00506690109614e-05 3.99259697587695e-05 3.92654874303844e-05 4.35410074715037e-05 4.74649350508116e-05 5.44132199138403e-05
1.00230670341261e-06 1.01590421763831e-06 1.38922564474342e-06 1.08869812720513e-06 9.98675773189461e-07 1.08455810732266e-06 1.60505373969499e-06 1.60702381890587e-06 1.63129607244628e-06 1.67570840403641e-06 2.01633156393655e-06 2.34369258578226e-06 2.35674747273151e-06 2.59852367889835e-06 3.30838383888477e-06 3.40484643857053e-06 3.28133592120139e-06 3.35970071319025e-06 3.76970569959667e-06 3.84755730920006e-06 4.53920074505731e-06 3.98564634451759e-06 4.7780949898879e-06 4.9140844566864e-06 4.91360924570472e-06 5.94308221479878e-06 6.80372386341332e-06 9.77531271928456e-06 1.01016339613125e-05 1.0391570867796e-05 1.06573652374209e-05 1.14726462925319e-05 1.25375936477212e-05 1.38372133733355e-05 1.48227563840919e-05 1.88502363016596e-05 1.96137989405543e-05 2.30556997848907e-05 3.22699670505244e-05 3.23896856571082e-05 3.85804050893057e-05 3.91999565181322e-05 4.56134839623701e-05 5.29824756085873e-05
9.48791466726107e-07 1.02746298580314e-06 1.30652881580318e-06 1.05973026620632e-06 1.09390771285689e-06 9.85159203992225e-07 1.02235708254739e-06 9.68850599747384e-07 1.13536691515037e-06 1.92629636330821e-06 2.09280892704555e-06 2.28120848078106e-06 2.35096308642824e-06 2.96025223178731e-06 3.35755839842022e-06 3.5907639812649e-06 3.43852480000351e-06 3.29347381011758e-06 3.58570605385466e-06 3.79631910618627e-06 3.85705243388657e-06 3.88567877962487e-06 4.64418781120912e-06 4.81881443192833e-06 5.12472752234316e-06 6.33737863608985e-06 7.23105358702014e-06 9.63555885391543e-06 1.12947163870558e-05 1.15335224109003e-05 1.16763485493721e-05 1.20446029541199e-05 1.30735488710343e-05 1.76634130184539e-05 1.9279799744254e-05 1.8513725080993e-05 2.02402734430507e-05 2.78632305708015e-05 3.40284495905507e-05 3.22387750202324e-05 3.85226448997855e-05 3.8824957300676e-05 4.49980980192777e-05 5.23437120136805e-05
1.07755658973474e-06 1.27453836284985e-06 1.28272461097367e-06 1.32570369260065e-06 1.26526640542579e-06 1.04817866031226e-06 9.52104130647058e-07 1.13676094315451e-06 1.23755808090209e-06 1.94131598618696e-06 2.12648342312605e-06 2.26535030378727e-06 2.47633101935207e-06 3.16175965053844e-06 3.06086008095008e-06 3.5430675779935e-06 3.41323493557866e-06 3.22062032864778e-06 3.32892841470311e-06 3.65703976967779e-06 3.71686223843426e-06 4.44075521954801e-06 4.39339100921643e-06 4.79578875456355e-06 5.88913280807901e-06 6.64074559608707e-06 7.17167131369933e-06 1.03344445960829e-05 1.10336623038165e-05 1.14388076326577e-05 1.27021767184488e-05 1.38604218591354e-05 1.42275193866226e-05 1.93216164916521e-05 1.9375043848413e-05 1.94693038793048e-05 2.11802471312694e-05 2.90573661914095e-05 3.37449382641353e-05 4.04324673581868e-05 4.13406123698223e-05 4.16945549659431e-05 4.41409392806236e-05 4.83215844724327e-05
1.0913034884652e-06 1.38262396376376e-06 1.13420810521347e-06 1.31008948756062e-06 1.38649488690135e-06 1.22832909710269e-06 1.26072950479283e-06 1.26072950479283e-06 1.97254212253029e-06 2.11950782613712e-06 2.12471923077828e-06 2.88347087007423e-06 2.92814524982532e-06 2.97964948003937e-06 2.9895036277594e-06 3.5693105928658e-06 3.32671106662019e-06 3.2211025882134e-06 3.27657539855863e-06 3.34171545546269e-06 3.57918224835885e-06 3.92177025787532e-06 4.7098887989705e-06 4.72905685455771e-06 6.34595107840141e-06 6.71471252644551e-06 7.31429554434726e-06 9.92441891867202e-06 1.0376502359577e-05 1.23171721497783e-05 1.35730306283222e-05 1.42275193866226e-05 1.81036448339e-05 1.9393159163883e-05 1.96449145732913e-05 2.00290542125003e-05 2.12587237911066e-05 3.13286327582318e-05 3.21111219818704e-05 4.45055738964584e-05 4.56922280136496e-05 4.44259130745195e-05 4.55243898613844e-05 4.99843699799385e-05
1.03094851056085e-06 1.04953505797312e-06 1.06233153474022e-06 1.33768628529651e-06 1.3331253967408e-06 1.25889425817149e-06 1.23117649764026e-06 1.9495691958582e-06 2.11033079722256e-06 1.38700056595553e-06 2.27873829317105e-06 2.89767262984242e-06 2.95706968245213e-06 2.74258422905405e-06 3.03019692182716e-06 2.9895036277594e-06 3.30964621753083e-06 3.1614952149539e-06 2.93938182949205e-06 3.2211025882134e-06 3.81998370357906e-06 4.06188655688311e-06 4.28248995376634e-06 5.70095289731398e-06 6.07919037065585e-06 6.58458202451584e-06 7.54276743464288e-06 9.78253319772193e-06 1.07271098386263e-05 1.23171721497783e-05 1.36775724968174e-05 1.54485296661733e-05 1.55823308887193e-05 2.01290731638437e-05 1.96874680113979e-05 1.91994749911828e-05 2.1622225176543e-05 3.16782825393602e-05 3.19530627166387e-05 3.41927916451823e-05 4.34155517723411e-05 4.3966319935862e-05 4.38353672507219e-05 4.7139503294602e-05
9.52691095790215e-07 1.03251159089268e-06 1.31295087157923e-06 1.36643052428553e-06 1.36288781504845e-06 1.29227419165545e-06 1.30696764699678e-06 1.31017907278874e-06 1.41472401082865e-06 2.81738812191179e-06 2.84701536656939e-06 2.83891154140292e-06 2.93174525722861e-06 2.75948514172342e-06 2.57194051300758e-06 3.03019692182716e-06 3.07640766550321e-06 3.08777225654921e-06 2.8708454919979e-06 3.08658195535827e-06 3.62152036359475e-06 4.00140788769932e-06 4.14665692005656e-06 5.69101985092857e-06 5.96503650740488e-06 6.51040591037599e-06 8.71807787916623e-06 1.0326701158192e-05 1.10215296444949e-05 1.20787062769523e-05 1.45977110150852e-05 1.51512422235101e-05 1.56015394168207e-05 1.609406353964e-05 1.8005646779784e-05 1.76593512151157e-05 2.40783465415007e-05 3.23670792568009e-05 3.04975092149107e-05 3.19887803925667e-05 3.94905400753487e-05 4.21080585510936e-05 4.43043863924686e-05 4.71309103886597e-05
1.05522531157476e-06 1.07203595689498e-06 1.07807386484637e-06 1.33604692109657e-06 1.27704322494537e-06 1.27495445667591e-06 1.28996907733381e-06 1.41472401082865e-06 2.15923478208424e-06 2.78642460216361e-06 1.88563160463673e-06 3.01361910715059e-06 2.90237676381366e-06 2.90594402940769e-06 2.60693809650547e-06 2.60693809650547e-06 3.03690990222094e-06 3.83813994631055e-06 3.34283618030895e-06 3.08201924781315e-06 3.84985560231144e-06 3.9336591726169e-06 4.40974781668046e-06 5.49022888662876e-06 5.92689502809662e-06 6.27898725724663e-06 8.72645432536956e-06 1.05510425782995e-05 1.16376113510341e-05 1.19423148134956e-05 1.429358326277e-05 1.53768978634616e-05 1.59405935846735e-05 1.73352727870224e-05 1.78729551407741e-05 1.76104967977153e-05 2.3549751858809e-05 3.28497844748199e-05 3.2800468034111e-05 3.22301821142901e-05 3.70269954146352e-05 4.05769606004469e-05 4.64381555502769e-05 4.70019294880331e-05
1.03094851056085e-06 1.11459564777761e-06 1.06407981093071e-06 1.36921835292014e-06 1.36288781504845e-06 1.38196890020481e-06 1.40627855671482e-06 2.17340129893273e-06 2.73826731245208e-06 2.94225696961803e-06 2.23699225898599e-06 3.74742671738204e-06 3.82499229090172e-06 2.94185747407028e-06 2.51200572165544e-06 2.55871691479115e-06 2.80282392850495e-06 3.58659394805727e-06 3.33463140123058e-06 3.63844969797356e-06 3.81837298846222e-06 4.80682592751691e-06 5.34441778654582e-06 5.5587374845345e-06 5.93981803831412e-06 6.25656502961647e-06 9.18916975933826e-06 1.10589953692397e-05 1.16486835395335e-05 1.20456452350481e-05 1.34091187646845e-05 1.46763095472124e-05 1.66478293976979e-05 1.64033608598402e-05 1.73605803865939e-05 1.84376149263699e-05 2.38843622355489e-05 2.73077403107891e-05 3.44600885000546e-05 3.43235660693608e-05 4.05105638492387e-05 4.03880876547191e-05 4.58688155049458e-05 4.58688155049458e-05
1.07320488496043e-06 1.10148596377257e-06 1.12223335690942e-06 1.44758803344303e-06 1.47486673540698e-06 1.46645015774993e-06 1.510666379545e-06 1.93279856830486e-06 1.88748447271792e-06 3.23527751788788e-06 3.16455634674639e-06 2.62146363638749e-06 3.77829792341799e-06 3.10255791191594e-06 2.78948073173524e-06 3.24490565617452e-06 3.33053662870952e-06 3.32774379785405e-06 3.58519628207432e-06 4.14659598391154e-06 4.88422210764838e-06 5.11812231707154e-06 5.48916113984887e-06 5.6171625146817e-06 5.75681406189688e-06 7.8353095886996e-06 9.20911134016933e-06 1.09985521703493e-05 1.23560494103003e-05 1.26207687571878e-05 1.36255321194767e-05 1.546006751596e-05 1.63674594659824e-05 1.65991823450895e-05 1.76241901499452e-05 1.90200717042899e-05 2.6689132937463e-05 2.63474648818374e-05 2.82594573945971e-05 3.49210313288495e-05 4.02067198592704e-05 4.62666175735649e-05 4.64954791823402e-05 4.52464482805226e-05
1.18580078378727e-06 1.18469017706957e-06 1.39209430471965e-06 1.44818807257252e-06 1.52398251884733e-06 1.92839411283785e-06 2.10226698982297e-06 2.11572955777228e-06 3.10986752083409e-06 3.00845840683905e-06 3.00845840683905e-06 3.85859630114282e-06 3.02773923976929e-06 2.87328589365643e-06 2.69120141638268e-06 3.2052926144388e-06 3.42501698469277e-06 3.49007996192086e-06 4.19221669289982e-06 4.55174313174211e-06 4.7540574996674e-06 5.61187380299089e-06 5.41616600457928e-06 5.4524698498426e-06 7.02585384715348e-06 7.51965444578673e-06 9.1051115305163e-06 1.01391924545169e-05 1.21601460705278e-05 1.28717601910466e-05 1.36966991703957e-05 1.45033154694829e-05 1.60555846377974e-05 1.67430989677086e-05 1.67476009664824e-05 2.00923059310298e-05 2.13592902582604e-05 2.13999501283979e-05 2.63073306996375e-05 2.75290567515185e-05 3.9518519770354e-05 4.68987163912971e-05 4.70230261271354e-05 4.62050193164032e-05
1.57626209329464e-06 1.742654148984e-06 1.63422146215453e-06 1.52732741298678e-06 1.68464043781569e-06 2.14481951843482e-06 2.11606402444886e-06 2.1048481357866e-06 3.1264310109691e-06 3.198915919711e-06 3.04812874674099e-06 2.94514711640659e-06 3.03319961858506e-06 2.78572974821145e-06 3.36711673298851e-06 3.39201483257057e-06 3.75481999981275e-06 4.34473213317688e-06 4.47471666120691e-06 4.74478611067752e-06 5.1347242333577e-06 5.51620405531139e-06 5.70565589441685e-06 6.88841373630567e-06 6.94572145221173e-06 8.1442831287859e-06 8.99750193639193e-06 1.08877320599277e-05 1.24629768833984e-05 1.3758469322056e-05 1.36630042106844e-05 1.26850663946243e-05 1.33044231915846e-05 1.4088736861595e-05 1.87376845133258e-05 1.97967710846569e-05 1.99579026229912e-05 2.19882913370384e-05 2.16010357689811e-05 2.79307860182598e-05 3.43422871083021e-05 3.90234563383274e-05 4.66412238893099e-05 4.9223755922867e-05
1.82839073659125e-06 1.84014720616688e-06 1.84014720616688e-06 1.66501502008032e-06 3.3389626423741e-06 2.16451735468581e-06 2.16332159652666e-06 3.09131405629159e-06 1.99906276066031e-06 2.91680839836772e-06 2.87881516669586e-06 2.76230343843054e-06 2.78231254924322e-06 2.81435109172889e-06 3.55846623278921e-06 3.67364441444806e-06 5.10191966895945e-06 4.87270381199778e-06 4.79623440696741e-06 5.06797414345783e-06 5.81565291213337e-06 7.22893992133322e-06 7.28919940229389e-06 6.33000718153198e-06 6.48012428428046e-06 8.89300190465292e-06 1.02054236776894e-05 1.2514529771579e-05 1.409555261489e-05 1.35990403578035e-05 1.3508612937585e-05 1.23880290630041e-05 1.33665816974826e-05 1.47753935380024e-05 1.82133680937113e-05 1.91429135156795e-05 1.94476051547099e-05 2.08725650736596e-05 2.16276712308172e-05 2.71084063570015e-05 3.20654107781593e-05 3.4004588087555e-05 4.04313032049686e-05 4.26691221946385e-05
2.80969061350334e-06 2.65351332018327e-06 1.84769976385724e-06 1.81658924702788e-06 1.68762596786109e-06 2.62326034317084e-06 3.06032825392322e-06 2.84886391455075e-06 3.07789264297753e-06 3.1590684557159e-06 3.06481479128706e-06 3.00523015539511e-06 2.9227880986582e-06 3.8179287003004e-06 4.0728837120696e-06 4.34654930359102e-06 5.87306703891954e-06 5.17129728905275e-06 5.36901507075527e-06 5.80394134885864e-06 7.631294465682e-06 7.60822786105564e-06 6.28924271950382e-06 6.34875277683022e-06 6.41076167084975e-06 8.83404027263168e-06 1.04047840068233e-05 1.25954593386268e-05 1.49373581734835e-05 1.38563846121542e-05 1.24741654872196e-05 1.27574312500656e-05 1.37949728014064e-05 1.42659000630374e-05 1.62549968081294e-05 1.83568208740326e-05 2.01438215299277e-05 2.01394250325393e-05 2.62612102233106e-05 2.77162616839632e-05 2.64773643721128e-05 3.29289396177046e-05 3.25145265378524e-05 3.76783355022781e-05
3.00347164738923e-06 2.81658753920055e-06 1.95025313587394e-06 1.7907959772856e-06 1.68692679380911e-06 2.39683436120686e-06 2.44234047386271e-06 2.8593669867405e-06 2.86639055957494e-06 2.84886391455075e-06 2.87930765807687e-06 3.00193164548546e-06 2.97099199997319e-06 4.03735884901835e-06 4.32111437476124e-06 4.37330800195923e-06 5.48813522982528e-06 5.44864360563224e-06 5.91490106671699e-06 5.95622850596556e-06 6.69470364300651e-06 6.51466461931705e-06 6.83115467836615e-06 6.82840891386149e-06 6.84175665810471e-06 7.57553425501101e-06 1.03992360891425e-05 1.16565179268946e-05 1.29765012388816e-05 1.16904438982601e-05 1.22538731375244e-05 1.29557483887766e-05 1.43959287015605e-05 1.45027352118632e-05 1.6150082956301e-05 1.80598981387448e-05 2.02389146579662e-05 2.31741578318179e-05 2.21076315938262e-05 2.67724717559759e-05 2.67774794338038e-05 2.73177683993708e-05 3.20127983286511e-05 3.11996845994145e-05
3.04925492855546e-06 2.69396196017624e-06 2.88065211861976e-06 2.49125855589227e-06 2.65379389929876e-06 2.58315890278027e-06 2.58315890278027e-06 3.04947980112047e-06 3.1299216516345e-06 3.12353358822293e-06 3.17763760904199e-06 3.15433635478257e-06 3.36598304784275e-06 4.15985687141074e-06 4.38521237811074e-06 4.3798349906865e-06 4.66857272840571e-06 6.34979051028495e-06 6.55876010569045e-06 6.3739043980604e-06 6.44377951175557e-06 7.00403870723676e-06 6.53679126116913e-06 6.24551648797933e-06 6.9382440415211e-06 7.34430341253756e-06 8.87879377842182e-06 1.06397737908992e-05 1.0799165465869e-05 1.16389282993623e-05 1.20296099339612e-05 1.26835129776737e-05 1.35114414661075e-05 1.42504613904748e-05 1.52091397467302e-05 1.65553410624852e-05 2.00096492335433e-05 2.26932806981495e-05 2.22346079681301e-05 2.26744377869181e-05 2.63946731138276e-05 2.60322231042664e-05 2.45117607846623e-05 2.87645070784492e-05
2.87743728222267e-06 2.21295863411797e-06 2.88651494884107e-06 2.52507834375137e-06 2.61399031842302e-06 2.6107868507097e-06 3.02221451420337e-06 3.33802313434717e-06 3.06574429487227e-06 3.00374153994198e-06 3.00374153994198e-06 3.27278917211515e-06 4.20948799728649e-06 4.25969346906641e-06 4.25447160523618e-06 4.38395682067494e-06 6.19409502178314e-06 6.95712697051931e-06 6.68484290144988e-06 5.92709648117307e-06 6.53936422168044e-06 6.9879774855508e-06 6.5770195760706e-06 6.63543460177607e-06 5.97717325945268e-06 8.0068030001712e-06 8.84339715412352e-06 1.05119706859114e-05 9.90233365882887e-06 1.06384959508432e-05 1.19815786092659e-05 1.31709193738061e-05 1.37908400574815e-05 1.42787384902476e-05 1.48846138472436e-05 1.56915066327201e-05 1.92481511476217e-05 2.14325973502127e-05 2.15118780033663e-05 2.07878274522955e-05 2.52422905759886e-05 2.56682687904686e-05 2.4898368792492e-05 2.3322911147261e-05
3.08599328491255e-06 2.72135207524116e-06 2.97145356853434e-06 3.02134253615804e-06 2.82757878267148e-06 2.75907655122865e-06 3.24917641592037e-06 3.29466502080322e-06 3.31624528371322e-06 3.32438821715186e-06 3.26775375469879e-06 3.25974951920216e-06 3.45759531228396e-06 3.66538893104007e-06 4.23299707108526e-06 4.48077116743661e-06 5.1877909754694e-06 6.14216469330131e-06 6.51379696137155e-06 6.56815518595977e-06 5.48954312762362e-06 7.06557693774812e-06 7.03961495673866e-06 5.85615907766623e-06 6.24984295427566e-06 6.98211943017668e-06 8.86514135345351e-06 9.87989642453613e-06 1.02489366327063e-05 1.06646793938125e-05 1.18264561024262e-05 1.31444539874792e-05 1.27874118334148e-05 1.40735937748104e-05 1.46461088661454e-05 1.53076689457521e-05 1.76974353962578e-05 1.96716973732691e-05 2.06318909476977e-05 2.03609488380607e-05 2.11836922971997e-05 2.5761242795852e-05 2.47103725996567e-05 2.36902615142753e-05
