data/climate_estimation/maxent_output/Tulipa_turkestanica.asc
NCOLS 82 
NROWS 67 
XLLCORNER 67.75 
YLLCORNER 38.75 
CELLSIZE 0.0833333333333333 
NODATA_value -3.4e+38 
[rows 20 to 39 of 67, columns 0 to 43 of 82]
0.866945147514343 0.823759436607361 0.823462128639221 0.871197402477264 0.881281912326813 0.928418278694153 0.890295147895813 0.872335135936737 0.910352528095245 0.865536093711853 0.927699089050293 0.887654542922974 0.920293986797333 0.946867346763611 0.963667511940002 0.969311714172363 0.96067750453949 0.974905431270599 0.965272903442383 0.985736429691315 0.981472074985504 0.993036091327667 0.993975222110748 0.995227336883545 0.99806821346283 0.998148083686829 0.998854398727417 0.997299492359161 0.999322533607483 0.999465584754944 0.999104797840118 0.99819278717041 0.995675146579742 0.997455239295959 0.995857954025269 0.995369374752045 0.993567764759064 0.991470217704773 0.990061283111572 0.987615883350372 0.983796954154968 0.976469218730927 0.972456395626068 0.965307712554932
0.803741097450256 0.871515333652496 0.851807594299316 0.830484092235565 0.913869678974152 0.870889008045197 0.909296929836273 0.892387986183167 0.874157190322876 0.912392795085907 0.938290536403656 0.922073066234589 0.944166898727417 0.950089633464813 0.956075549125671 0.970913231372833 0.960789442062378 0.965085923671722 0.987632691860199 0.989317417144775 0.983692646026611 0.995014369487762 0.995867252349854 0.996522307395935 0.996585011482239 0.996762037277222 0.998762488365173 0.998917400836945 0.999076128005981 0.999543428421021 0.999406635761261 0.999178409576416 0.998301386833191 0.994485199451447 0.993477344512939 0.991208255290985 0.982708692550659 0.973426520824432 0.968754827976227 0.96740710735321 0.97632372379303 0.973003268241882 0.962303102016449 0.957586228847504
0.88198447227478 0.828531742095947 0.914296627044678 0.898187041282654 0.883119285106659 0.917333543300629 0.890368282794952 0.923522174358368 0.910527884960175 0.937346935272217 0.899282574653625 0.927381932735443 0.948803544044495 0.953180551528931 0.938958168029785 0.944868147373199 0.963397979736328 0.954704880714417 0.983083605766296 0.985769093036652 0.986358940601349 0.989005148410797 0.995109856128693 0.997594356536865 0.997703611850739 0.998193860054016 0.998743891716003 0.999114751815796 0.999454855918884 0.998398184776306 0.997402727603912 0.998966991901398 0.997249007225037 0.991266071796417 0.93168306350708 0.827881991863251 0.754823207855225 0.80350935459137 0.896525382995605 0.918091416358948 0.945323586463928 0.903260946273804 0.846259295940399 0.793672621250153
0.830531120300293 0.898579359054565 0.850915133953094 0.929556787014008 0.915712952613831 0.872327983379364 0.908452749252319 0.889003932476044 0.917640149593353 0.866975069046021 0.92458587884903 0.931327283382416 0.954948782920837 0.970714092254639 0.962371587753296 0.949152886867523 0.96916276216507 0.982064306735992 0.984887957572937 0.981290996074677 0.988807559013367 0.99179869890213 0.996664643287659 0.99873822927475 0.998824238777161 0.998955726623535 0.999182999134064 0.999088406562805 0.999169051647186 0.997637987136841 0.994175910949707 0.990435779094696 0.946959614753723 0.783122181892395 0.639996886253357 0.295474857091904 0.247701421380043 0.295840889215469 0.516744196414948 0.646768689155579 0.645147919654846 0.636321306228638 0.54409646987915 0.605816066265106
0.855075061321259 0.879249811172485 0.914264917373657 0.899797379970551 0.930964827537537 0.90848696231842 0.856365144252777 0.918455123901367 0.893117308616638 0.902043581008911 0.911371886730194 0.93726521730423 0.959519565105438 0.964081943035126 0.966598987579346 0.972586214542389 0.984747767448425 0.988171577453613 0.981462776660919 0.983169734477997 0.99195796251297 0.996594965457916 0.997620701789856 0.998797476291656 0.999249935150146 0.999332785606384 0.999597489833832 0.999192714691162 0.998737335205078 0.998005032539368 0.994014918804169 0.981806635856628 0.873394072055817 0.72539621591568 0.63655948638916 0.362269759178162 0.360300421714783 0.214484810829163 0.17328217625618 0.155703812837601 0.18963323533535 0.205021187663078 0.194760695099831 0.3678919672966
0.829006791114807 0.915604770183563 0.898084223270416 0.929563581943512 0.912735342979431 0.938477396965027 0.895567834377289 0.922683238983154 0.879202365875244 0.91119521856308 0.940938651561737 0.927261233329773 0.952021420001984 0.957038223743439 0.971686482429504 0.975177705287933 0.987571060657501 0.974035263061523 0.990870356559753 0.986203968524933 0.99372535943985 0.997236311435699 0.99822461605072 0.999170362949371 0.999304056167603 0.99863201379776 0.999276459217072 0.998723447322845 0.997158348560333 0.994870543479919 0.985309183597565 0.962284207344055 0.742951512336731 0.364647299051285 0.423501372337341 0.420818716287613 0.251034110784531 0.301384478807449 0.403112709522247 0.333306878805161 0.171906635165215 0.135621905326843 0.12286152690649 0.16295975446701
0.898545026779175 0.882846057415009 0.930800020694733 0.91423112154007 0.860815763473511 0.893911957740784 0.925769746303558 0.949386179447174 0.915671050548553 0.92284369468689 0.930715262889862 0.936904013156891 0.942962110042572 0.96136748790741 0.977091491222382 0.97811758518219 0.97059041261673 0.983377456665039 0.988061606884003 0.994785010814667 0.995843827724457 0.998258352279663 0.998648464679718 0.999041676521301 0.998887658119202 0.999379336833954 0.999476492404938 0.994683384895325 0.940664231777191 0.836360812187195 0.75599879026413 0.729735910892487 0.356864452362061 0.302564144134521 0.637060463428497 0.419511675834656 0.5514897108078 0.530183613300323 0.245098993182182 0.159740507602692 0.160006061196327 0.162302553653717 0.245061904191971 0.275463968515396
0.880931675434113 0.8569495677948 0.890299499034882 0.918670117855072 0.893413305282593 0.87142813205719 0.879137337207794 0.913923501968384 0.921304166316986 0.945103108882904 0.965218484401703 0.943063259124756 0.948298811912537 0.967989861965179 0.96957266330719 0.959716379642487 0.977427899837494 0.984464824199677 0.993287980556488 0.994621813297272 0.995384573936462 0.998131811618805 0.998807311058044 0.99886566400528 0.999000191688538 0.999197721481323 0.996572971343994 0.886452376842499 0.891404569149017 0.880355298519135 0.525589644908905 0.576426088809967 0.660281181335449 0.504370868206024 0.786700963973999 0.787233412265778 0.476126700639725 0.251380652189255 0.293340384960175 0.201714798808098 0.39521998167038 0.390900492668152 0.287569165229797 0.371035397052765
0.86372697353363 0.896467804908752 0.918601393699646 0.895212531089783 0.869889557361603 0.904572069644928 0.913449466228485 0.922080636024475 0.949388384819031 0.953339993953705 0.956502974033356 0.944202125072479 0.976694643497467 0.96912956237793 0.968045175075531 0.956076681613922 0.983666718006134 0.98473060131073 0.985711753368378 0.989168524742126 0.994351327419281 0.997314274311066 0.997913837432861 0.999113321304321 0.998288929462433 0.996105790138245 0.98905485868454 0.977993726730347 0.981243252754211 0.749731302261353 0.736661493778229 0.918942213058472 0.977242469787598 0.855692148208618 0.792868256568909 0.488873422145844 0.361747205257416 0.292858600616455 0.533947050571442 0.538526594638824 0.58725368976593 0.397560000419617 0.642088651657104 0.748597800731659
0.894246399402618 0.89947372674942 0.926390767097473 0.871979832649231 0.903192400932312 0.9123495221138 0.921059131622314 0.927952229976654 0.953486502170563 0.942629277706146 0.962185978889465 0.943601906299591 0.964094579219818 0.945030868053436 0.959124326705933 0.966172993183136 0.966929614543915 0.978923678398132 0.982320129871368 0.989431083202362 0.99056088924408 0.995586097240448 0.996460735797882 0.996810495853424 0.997299075126648 0.993674755096436 0.987656712532043 0.989990592002869 0.79611599445343 0.793204426765442 0.976420998573303 0.975924372673035 0.789611220359802 0.570573568344116 0.366780698299408 0.357688456773758 0.469986975193024 0.620346903800964 0.746168494224548 0.345464617013931 0.468106985092163 0.768432796001434 0.812620401382446 0.694697558879852
0.868615686893463 0.925028443336487 0.904081761837006 0.878944456577301 0.848899602890015 0.915039122104645 0.900643706321716 0.931473255157471 0.937784850597382 0.936062693595886 0.954766631126404 0.932519257068634 0.948299169540405 0.949587285518646 0.927348017692566 0.904599487781525 0.949308812618256 0.960475206375122 0.977283656597137 0.976195394992828 0.978435456752777 0.989215672016144 0.995402336120605 0.995179057121277 0.992497742176056 0.98297506570816 0.991102039813995 0.945678293704987 0.894342720508575 0.983476281166077 0.964340269565582 0.635276138782501 0.647264420986176 0.623294651508331 0.717067956924438 0.833227932453156 0.870631694793701 0.918274939060211 0.67629075050354 0.797739803791046 0.876759171485901 0.767032623291016 0.584860146045685 0.38766074180603
0.902496874332428 0.903787434101105 0.879230082035065 0.911741077899933 0.914733529090881 0.93996924161911 0.902471840381622 0.92563933134079 0.948168396949768 0.924331247806549 0.917840003967285 0.920221984386444 0.937634468078613 0.90913450717926 0.908413887023926 0.90688294172287 0.947539389133453 0.949748575687408 0.946903824806213 0.928622782230377 0.952143907546997 0.985156059265137 0.990223586559296 0.98565548658371 0.960039079189301 0.989848256111145 0.994842708110809 0.990440189838409 0.994549632072449 0.893753468990326 0.682406783103943 0.781186282634735 0.818662047386169 0.920718848705292 0.972641885280609 0.969691038131714 0.96920382976532 0.965867340564728 0.914072632789612 0.83803129196167 0.646501004695892 0.526232957839966 0.326428353786469 0.281650334596634
0.905368149280548 0.84679651260376 0.908206462860107 0.882238209247589 0.888813495635986 0.890865623950958 0.919169247150421 0.886435389518738 0.934918224811554 0.879079759120941 0.903859198093414 0.897949874401093 0.896640360355377 0.838194847106934 0.828344404697418 0.889023065567017 0.897649765014648 0.92970734834671 0.932003557682037 0.908979773521423 0.957214653491974 0.982641160488129 0.986057162284851 0.985768795013428 0.992994725704193 0.995995223522186 0.993692219257355 0.993805825710297 0.987938404083252 0.955822885036469 0.974667310714722 0.975386083126068 0.917488157749176 0.760397434234619 0.809390008449554 0.943777680397034 0.908893644809723 0.741553962230682 0.404865264892578 0.337067842483521 0.53609037399292 0.642978489398956 0.277580827474594 0.500340282917023
0.880890488624573 0.911211729049683 0.88450014591217 0.85230565071106 0.892046511173248 0.875282764434814 0.898718953132629 0.836175501346588 0.864422798156738 0.859547317028046 0.856402933597565 0.879360675811768 0.845269322395325 0.841886639595032 0.845065295696259 0.836370229721069 0.872444272041321 0.846700072288513 0.843817472457886 0.88380753993988 0.895614802837372 0.939115107059479 0.975205957889557 0.98555850982666 0.982366263866425 0.991342425346375 0.990294814109802 0.984180450439453 0.982678353786469 0.973857700824738 0.950323760509491 0.736351728439331 0.45325294137001 0.668038129806519 0.808730900287628 0.792911410331726 0.664206147193909 0.527003943920135 0.670069932937622 0.710105180740356 0.874375641345978 0.650712192058563 0.446429878473282 0.751874327659607
0.912913680076599 0.887401461601257 0.882936239242554 0.909126937389374 0.876319587230682 0.868772864341736 0.888284921646118 0.816326260566711 0.845618784427643 0.873211801052094 0.8401740193367 0.828814446926117 0.835361480712891 0.784105658531189 0.813763082027435 0.808750867843628 0.807387948036194 0.806506037712097 0.7851602435112 0.859406292438507 0.900255918502808 0.921729743480682 0.944468379020691 0.975323736667633 0.98902302980423 0.989990293979645 0.977850079536438 0.897429168224335 0.941357672214508 0.981981039047241 0.911861002445221 0.517788648605347 0.522654116153717 0.451837360858917 0.442028075456619 0.507405698299408 0.492680698633194 0.650960564613342 0.771664440631866 0.83049738407135 0.869523644447327 0.93418675661087 0.815698325634003 0.918853104114532
0.884618639945984 0.846256256103516 0.837087333202362 0.889661371707916 0.858607470989227 0.859123528003693 0.884976327419281 0.801124513149261 0.828143835067749 0.793433725833893 0.855040729045868 0.818041563034058 0.773736715316772 0.805499792098999 0.759576916694641 0.798138499259949 0.775055587291718 0.74245423078537 0.791009426116943 0.800585269927979 0.852145552635193 0.894802093505859 0.935909867286682 0.978477656841278 0.987085044384003 0.98849493265152 0.974570453166962 0.899185717105865 0.960621297359467 0.96574068069458 0.903759598731995 0.642539322376251 0.543782591819763 0.557941496372223 0.716914594173431 0.638655424118042 0.583529114723206 0.657041430473328 0.498807013034821 0.622322797775269 0.853574216365814 0.887895286083221 0.969828724861145 0.974639475345612
0.835471153259277 0.831609606742859 0.880485236644745 0.842331290245056 0.874251544475555 0.807398676872253 0.801297307014465 0.790525734424591 0.819063127040863 0.779807329177856 0.75907701253891 0.755344867706299 0.746681690216064 0.705907642841339 0.737914860248566 0.778804779052734 0.769082069396973 0.713685214519501 0.756196796894073 0.810248911380768 0.863581597805023 0.880090236663818 0.928185284137726 0.974532425403595 0.984309077262878 0.967796206474304 0.887588560581207 0.837275087833405 0.896924793720245 0.928627133369446 0.780205428600311 0.429206728935242 0.775790274143219 0.890813291072845 0.770507752895355 0.647980868816376 0.567044079303741 0.772913873195648 0.495240658521652 0.624554038047791 0.894742608070374 0.95118522644043 0.980080783367157 0.983539819717407
0.884630680084229 0.85435289144516 0.840291202068329 0.800299763679504 0.829226791858673 0.825233042240143 0.779192507266998 0.81769859790802 0.809986710548401 0.795120537281036 0.774651050567627 0.743339061737061 0.77715677022934 0.7249476313591 0.759229123592377 0.750504016876221 0.782625079154968 0.786498010158539 0.786615312099457 0.753784537315369 0.813022792339325 0.872332811355591 0.941621363162994 0.976066946983337 0.982114434242249 0.980846643447876 0.923425555229187 0.949792683124542 0.889956176280975 0.766528248786926 0.830288529396057 0.885226130485535 0.950176537036896 0.877411484718323 0.705678880214691 0.558493793010712 0.492911607027054 0.856847524642944 0.898687541484833 0.953797221183777 0.948742866516113 0.989389181137085 0.98466968536377 0.990862786769867
0.840742170810699 0.826545476913452 0.790615320205688 0.784566402435303 0.813772797584534 0.805518925189972 0.762586355209351 0.721434056758881 0.795656263828278 0.791367709636688 0.780849933624268 0.77350264787674 0.72217720746994 0.712261557579041 0.751261532306671 0.704176425933838 0.698354721069336 0.739451348781586 0.745079338550568 0.754376590251923 0.837954580783844 0.865947484970093 0.957797706127167 0.976452231407166 0.980296492576599 0.964310884475708 0.964832007884979 0.982504785060883 0.97975081205368 0.9129638671875 0.979907751083374 0.98852550983429 0.97084379196167 0.877871572971344 0.858561217784882 0.911987245082855 0.689169585704803 0.846902549266815 0.954381823539734 0.98118257522583 0.992963373661041 0.995761334896088 0.995009660720825 0.992826044559479
0.822771191596985 0.780514776706696 0.770930409431458 0.763143360614777 0.799014627933502 0.790172040462494 0.753496110439301 0.73669821023941 0.693882703781128 0.684651672840118 0.769563257694244 0.725752413272858 0.673913717269897 0.74429452419281 0.74386328458786 0.775337755680084 0.74386328458786 0.782601952552795 0.778031826019287 0.790989637374878 0.87800270318985 0.91009521484375 0.935420155525208 0.97283947467804 0.978518784046173 0.979119956493378 0.979300796985626 0.989331007003784 0.993089854717255 0.990172445774078 0.98789370059967 0.965487062931061 0.940924763679504 0.933200538158417 0.936625301837921 0.986991405487061 0.922765672206879 0.983497023582458 0.995155096054077 0.994920074939728 0.998121798038483 0.997608244419098 0.994429111480713 0.991480469703674
