data/climate_estimation/maxent_output/Tulipa_linifolia.asc
NCOLS 250 
NROWS 50 
XLLCORNER 50.75 
YLLCORNER 34.5 
CELLSIZE 0.0833333333333333 
NODATA_value -3.4e+38 
[rows 20 to 39 of 50, columns 0 to 43 of 250]
0.0713686421513557 0.070503368973732 0.0760853067040443 0.0773234218358994 0.0770286917686462 0.0783081501722336 0.0770885199308395 0.0767646655440331 0.0702673718333244 0.0696705058217049 0.0709609389305115 0.070217989385128 0.0768193751573563 0.076720155775547 0.078013613820076 0.0788904950022697 0.080159105360508 0.0886416509747505 0.0980425998568535 0.0997188985347748 0.111749164760113 0.123396627604961 0.138102918863297 0.139475643634796 0.148425132036209 0.160575836896896 0.185375213623047 0.201347827911377 0.216976791620255 0.236935615539551 0.257836192846298 0.301390767097473 0.33033075928688 0.362343847751617 0.366039007902145 0.373045384883881 0.38275220990181 0.389086991548538 0.39681088924408 0.375843226909637 0.383032828569412 0.386619299650192 0.4154392182827 0.417192280292511
0.0768277198076248 0.07697544246912 0.0773338377475739 0.077298030257225 0.0774202570319176 0.0773736014962196 0.0770612582564354 0.076015517115593 0.077013298869133 0.0702479481697083 0.0703223794698715 0.0700215548276901 0.0765502527356148 0.0762432664632797 0.0773377642035484 0.0777127519249916 0.0778103843331337 0.079863429069519 0.0880285501480103 0.0985195934772491 0.11096914857626 0.124408535659313 0.138886868953705 0.139068514108658 0.137641668319702 0.146969065070152 0.157418295741081 0.168548330664635 0.18172100186348 0.196104824542999 0.215823024511337 0.271308839321136 0.300752907991409 0.309212148189545 0.333676397800446 0.34214985370636 0.351145446300507 0.358755588531494 0.340604454278946 0.348744541406631 0.375682920217514 0.378434896469116 0.384993046522141 0.385529518127441
0.0916056483983994 0.0835892260074615 0.084620863199234 0.084788054227829 0.0839718654751778 0.0841179117560387 0.0779978260397911 0.0777624547481537 0.0767724886536598 0.0759565681219101 0.076218381524086 0.0755513161420822 0.0757707208395004 0.0762654468417168 0.0756085515022278 0.0760763362050056 0.0766172781586647 0.0781038776040077 0.0869161412119865 0.0894447788596153 0.0999217703938484 0.124310553073883 0.138413831591606 0.138777315616608 0.136501774191856 0.132114261388779 0.142202511429787 0.152058765292168 0.163053095340729 0.176926165819168 0.19260860979557 0.248164638876915 0.272392183542252 0.278450548648834 0.308109521865845 0.31209522485733 0.319936215877533 0.329040050506592 0.336217224597931 0.341371715068817 0.346590220928192 0.349570363759995 0.349976927042007 0.372353345155716
0.240357547998428 0.121266290545464 0.121947877109051 0.100271739065647 0.0919480845332146 0.0849410146474838 0.0840611830353737 0.0840347707271576 0.100804336369038 0.100368924438953 0.0995404869318008 0.0752997398376465 0.0754155442118645 0.0751975327730179 0.0756696835160255 0.0755948796868324 0.0756489560008049 0.0770463570952415 0.0778869539499283 0.0862829983234406 0.0976514890789986 0.112814426422119 0.137029409408569 0.138368770480156 0.133705377578735 0.130579859018326 0.137245610356331 0.136322319507599 0.146812185645103 0.158619955182076 0.173789858818054 0.224247142672539 0.245268687605858 0.249409377574921 0.256164640188217 0.284109711647034 0.311057180166245 0.321168541908264 0.351407259702682 0.386874943971634 0.484937489032745 0.532881438732147 0.570890665054321 0.603289902210236
0.470519363880157 0.38169077038765 0.382914811372757 0.319328606128693 0.268284261226654 0.269276052713394 0.24349807202816 0.153640255331993 0.129964202642441 0.118375934660435 0.107772022485733 0.106215618550777 0.0816192254424095 0.0808632746338844 0.0808110237121582 0.0742522850632668 0.0743100047111511 0.0753719881176949 0.0817882567644119 0.0836830735206604 0.0873662009835243 0.108044967055321 0.120376035571098 0.121645078063011 0.118860848248005 0.117728382349014 0.123399972915649 0.131316378712654 0.142011627554893 0.142548158764839 0.174943402409554 0.189160898327827 0.231068432331085 0.289120763540268 0.382954329252243 0.498833328485489 0.548543214797974 0.582982122898102 0.605901598930359 0.64781928062439 0.680969715118408 0.679969668388367 0.71190345287323 0.706342160701752
0.651848554611206 0.635737955570221 0.664414167404175 0.62566477060318 0.56501829624176 0.49238321185112 0.457801669836044 0.350153863430023 0.384482115507126 0.289599925279617 0.407171577215195 0.322353452444077 0.196962803602219 0.121642254292965 0.0874932706356049 0.080337181687355 0.0792930945754051 0.0797153115272522 0.0789629742503166 0.0799322128295898 0.0834179520606995 0.0946530997753143 0.105633154511452 0.107495039701462 0.114652745425701 0.112786859273911 0.120649337768555 0.114960245788097 0.12261938303709 0.135198920965195 0.164847657084465 0.202769473195076 0.2513068318367 0.313111960887909 0.389458566904068 0.545750081539154 0.614356577396393 0.650479555130005 0.686756432056427 0.722753763198853 0.71686315536499 0.720607936382294 0.745555818080902 0.7226802110672
0.694544136524200 0.681822001934052 0.543191850185394 0.704590260982513 0.683107197284698 0.645730674266815 0.383329391479492 0.427807152271271 0.534768223762512 0.653435587882996 0.663691401481628 0.646499574184418 0.604864716529846 0.373026609420776 0.278267174959183 0.166182905435562 0.100455492734909 0.0906449630856514 0.0823391824960709 0.0817543864250183 0.0860460177063942 0.0985318943858147 0.101624168455601 0.102693095803261 0.110319018363953 0.107573337852955 0.111323766410351 0.118045352399349 0.120462037622929 0.159784808754921 0.224805682897568 0.30221551656723 0.383772909641266 0.466373860836029 0.561694860458374 0.595986723899841 0.660662651062012 0.696238815784454 0.725607693195343 0.74691641330719 0.726427495479584 0.728337228298187 0.74575537443161 0.608451247215271
0.728451251983643 0.573273003101349 0.46741309762001 0.544832170009613 0.60015881061554 0.703274607658386 0.589194238185883 0.702364563941956 0.70164942741394 0.672834277153015 0.71266758441925 0.684231281280518 0.714352011680603 0.654164969921112 0.656605422496796 0.474693655967712 0.35468265414238 0.217938303947449 0.156522959470749 0.117555573582649 0.0999108180403709 0.103785522282124 0.107356980443001 0.107758723199368 0.114386193454266 0.111849687993526 0.134546160697937 0.180153548717499 0.197872593998909 0.218819886445999 0.301562428474426 0.412357270717621 0.516782283782959 0.608551979064941 0.66666305065155 0.701053440570831 0.738916337490082 0.737864792346954 0.752689003944397 0.733892858028412 0.739850401878357 0.737537384033203 0.762423992156982 0.755559027194977
0.556209683418274 0.578997433185577 0.567012846469879 0.582170784473419 0.747577548027039 0.721448421478271 0.729105293750763 0.607322335243225 0.755062639713287 0.748025953769684 0.770549058914185 0.745739340782166 0.761462867259979 0.734046578407288 0.731113195419312 0.713104367256165 0.690787732601166 0.685047149658203 0.468562752008438 0.259419918060303 0.232896134257317 0.174034535884857 0.173587039113045 0.174885153770447 0.172955140471458 0.204926952719688 0.247233793139458 0.338299185037613 0.332492977380753 0.300983071327209 0.423555999994278 0.459743291139603 0.609613299369812 0.624606609344482 0.675542593002319 0.718226850032806 0.722598612308502 0.767982006072998 0.756889998912811 0.748355746269226 0.71801745891571 0.746051430702209 0.745691180229187 0.743105471134186
0.796965956687927 0.797276079654694 0.779058456420898 0.766967415809631 0.635605096817017 0.757361948490143 0.776648998260498 0.754948318004608 0.601398706436157 0.61895090341568 0.775045871734619 0.76940256357193 0.789579331874847 0.79294341802597 0.785559952259064 0.770160436630249 0.744188010692596 0.715402662754059 0.719451367855072 0.514083504676819 0.616609215736389 0.549963712692261 0.415503263473511 0.308602422475815 0.246851593255997 0.306150674819946 0.308238476514816 0.378042906522751 0.601192772388458 0.569443643093109 0.428708791732788 0.521865248680115 0.662450075149536 0.69711446762085 0.728785336017609 0.765381515026093 0.763690948486328 0.761571764945984 0.761579394340515 0.753010988235474 0.757033050060272 0.725028932094574 0.718798756599426 0.715318560600281
0.790098547935486 0.770498216152191 0.780903160572052 0.61424732208252 0.64569479227066 0.630447149276733 0.768619120121002 0.622678756713867 0.560972929000854 0.604503750801086 0.611125290393829 0.770067691802979 0.784333646297455 0.777354836463928 0.590801298618317 0.770555794239044 0.792629897594452 0.759528517723083 0.670802235603333 0.7094407081604 0.779416382312775 0.748402237892151 0.742543995380402 0.711708247661591 0.697963774204254 0.708888292312622 0.604183197021484 0.510196924209595 0.673645555973053 0.680463314056396 0.615872085094452 0.726470232009888 0.739926755428314 0.740534245967865 0.798178851604462 0.800722718238831 0.776649057865143 0.802322149276733 0.791941404342651 0.771642982959747 0.737572968006134 0.73096090555191 0.730177283287048 0.723463654518127
0.836342632770538 0.833008944988251 0.808500349521637 0.800633251667023 0.820043623447418 0.805598199367523 0.806450605392456 0.678352236747742 0.618788957595825 0.572948038578033 0.617851734161377 0.629141569137573 0.634016692638397 0.600196242332458 0.570013403892517 0.626541078090668 0.638912379741669 0.804614186286926 0.773115158081055 0.777634263038635 0.789573311805725 0.791315257549286 0.643945753574371 0.814234137535095 0.808988153934479 0.749834477901459 0.763229191303253 0.716678261756897 0.775973320007324 0.79201751947403 0.777935862541199 0.812975704669952 0.805879771709442 0.80772078037262 0.821585178375244 0.806318759918213 0.805546581745148 0.809920310974121 0.789340734481812 0.753266274929047 0.745977580547333 0.740944921970367 0.737382054328918 0.737921833992004
0.848728835582733 0.846733093261719 0.861890733242035 0.845135152339935 0.838065981864929 0.799305319786072 0.8235142827034 0.816696584224701 0.841721057891846 0.840308129787445 0.667708039283752 0.666331708431244 0.678916692733765 0.674000859260559 0.664079666137695 0.617275774478912 0.542638599872589 0.816003739833832 0.818919658660889 0.660689055919647 0.623505771160126 0.631570219993591 0.643919229507446 0.804711043834686 0.806500971317291 0.7937051653862 0.818834125995636 0.79693591594696 0.801225662231445 0.823070526123047 0.632808566093445 0.79844731092453 0.82466983795166 0.828850984573364 0.833219826221466 0.83340060710907 0.826379537582397 0.804846882820129 0.799113631248474 0.794206142425537 0.762545168399811 0.757972180843353 0.75079882144928 0.744958758354187
0.85801237821579 0.859635055065155 0.863331317901611 0.877003073692322 0.856925904750824 0.840030312538147 0.866158723831177 0.668582499027252 0.818074882030487 0.850709855556488 0.865900814533234 0.838440001010895 0.829651296138763 0.831918060779572 0.829385817050934 0.836154162883759 0.842788636684418 0.840455651283264 0.81479275226593 0.656143546104431 0.676806151866913 0.830739378929138 0.820434272289276 0.819231331348419 0.825632989406586 0.824414789676666 0.851984918117523 0.816023826599121 0.825915694236755 0.839617431163788 0.847469806671143 0.81674736738205 0.834831118583679 0.854170441627502 0.836265683174133 0.841617107391357 0.847923696041107 0.845557749271393 0.812750935554504 0.810765504837036 0.806886672973633 0.799459099769592 0.791376173496246 0.787810027599335
0.864313304424286 0.868035495281219 0.87575751543045 0.880637884140015 0.885355830192566 0.889920830726624 0.89602392911911 0.900765836238861 0.91309267282486 0.899941921234131 0.900464713573456 0.890539050102234 0.869824469089508 0.883310198783875 0.84932553768158 0.844270706176758 0.830951511859894 0.672794222831726 0.652892172336578 0.691802680492401 0.841824769973755 0.86088353395462 0.861369609832764 0.870657920837402 0.870682656764984 0.860797643661499 0.845464825630188 0.845300674438477 0.838509440422058 0.825596690177917 0.839388430118561 0.859573304653168 0.855242908000946 0.863125801086426 0.871090829372406 0.849339663982391 0.850797832012177 0.85071724653244 0.844663977622986 0.845605254173279 0.843803584575653 0.813531517982483 0.803518891334534 0.801512360572815
0.871890187263489 0.877025246620178 0.888014614582062 0.88947468996048 0.900484442710876 0.904876708984375 0.912159621715546 0.931558668613434 0.933076143264771 0.927367150783539 0.91229784488678 0.915687680244446 0.907232880592346 0.904209434986115 0.888350963592529 0.878309011459351 0.879741191864014 0.695658028125763 0.703341126441956 0.835483133792877 0.849542140960693 0.878146827220917 0.875733613967896 0.884146392345428 0.860110282897949 0.876188278198242 0.851986050605774 0.85699987411499 0.853242993354797 0.853830873966217 0.882613182067871 0.897636473178864 0.896798312664032 0.88896781206131 0.871905326843262 0.873389959335327 0.870979428291321 0.8592329621315 0.872558414936066 0.8513463139534 0.855427384376526 0.847313582897186 0.820612728595734 0.816034972667694
0.880439579486847 0.907170236110687 0.894058406352997 0.897534370422363 0.916174530982971 0.90649425983429 0.930429577827454 0.932463943958282 0.933339774608612 0.934383571147919 0.934420824050903 0.91835618019104 0.91936582326889 0.91534686088562 0.903948545455933 0.913289546966553 0.896550953388214 0.908337652683258 0.900743424892426 0.897555887699127 0.901225090026855 0.902681589126587 0.888148665428162 0.874261200428009 0.874684393405914 0.855723798274994 0.861493051052094 0.879165887832642 0.899358093738556 0.907665491104126 0.94008207321167 0.944519519805908 0.908592879772186 0.90574437379837 0.897586286067963 0.902086555957794 0.893563210964203 0.872828364372253 0.865822017192841 0.867980897426605 0.863881587982178 0.858603239059448 0.854830324649811 0.848150312900543
0.910463213920593 0.915450215339661 0.919393479824066 0.93335098028183 0.935555934906006 0.939665675163269 0.941816627979279 0.941467940807343 0.938338756561279 0.937504351139069 0.940719902515411 0.942587852478027 0.939264893531799 0.916562736034393 0.919319272041321 0.905550599098206 0.914925277233124 0.906796395778656 0.916339457035065 0.912870585918427 0.901974558830261 0.90491247177124 0.906825602054596 0.877003908157349 0.841438829898834 0.884517312049866 0.901617825031281 0.895410418510437 0.915953576564789 0.927770435810089 0.952443301677704 0.953053712844849 0.947173058986664 0.914304912090302 0.909968674182892 0.901037991046906 0.894788205623627 0.904685318470001 0.898087918758392 0.894856750965118 0.873912811279297 0.869516491889954 0.864410221576691 0.861793458461761
0.916537582874298 0.918065071105957 0.920034885406494 0.92402446269989 0.937859356403351 0.940463244915009 0.946359753608704 0.943706333637238 0.940197706222534 0.936062633991241 0.935986042022705 0.939205944538116 0.953815996646881 0.943650722503662 0.941828489303589 0.953714787960052 0.952329695224762 0.9504474401474 0.92148357629776 0.91993659734726 0.912479102611542 0.914790034294128 0.894855439662933 0.894435048103333 0.878107905387878 0.903885364532471 0.912423729896545 0.92267644405365 0.950336217880249 0.951931357383728 0.952494919300079 0.947311401367188 0.945380389690399 0.950059354305267 0.94657701253891 0.925804674625397 0.921457707881927 0.915768265724182 0.902253389358521 0.902755439281464 0.900156021118164 0.877689898014069 0.868438303470612 0.869498610496521
0.920537531375885 0.923081696033478 0.922671854496002 0.941757917404175 0.927794694900513 0.930594503879547 0.94574099779129 0.938142061233521 0.941550493240356 0.953190803527832 0.951071560382843 0.95026421546936 0.950371921062469 0.950187623500824 0.953346252441406 0.955552279949188 0.956476390361786 0.956226468086243 0.937723815441132 0.954191446304321 0.950232148170471 0.93353658914566 0.911650776863098 0.918089807033539 0.92020308971405 0.927704155445099 0.946767270565033 0.950705707073212 0.951643347740173 0.95127546787262 0.949465215206146 0.946187615394592 0.947659611701965 0.949657738208771 0.947789072990417 0.945042133331299 0.941872119903564 0.921408593654633 0.914934515953064 0.905696868896484 0.903702318668365 0.899826228618622 0.894891619682312 0.888796806335449
