data/climate_estimation/maxent_output/Tulipa_humilis.asc
NCOLS 239 
NROWS 157 
XLLCORNER 32.0833333333333 
YLLCORNER 31.0833333333333 
CELLSIZE 0.0833333333333333 
NODATA_value -3.4e+38 
[rows 60 to 79 of 157, columns 0 to 44 of 239]
0.573705077171326 0.556776106357574 0.613307118415833 0.635767579078674 0.665942907333374 0.707635283470154 0.797512054443359 0.815092623233795 0.820664465427399 0.882136642932892 0.848253309726715 0.833232343196869 0.832643866539001 0.861325740814209 0.839766442775726 0.86980265378952 0.903990864753723 0.902184724807739 0.924724698066711 0.891461491584778 0.925679862499237 0.915398836135864 0.92004257440567 0.929008841514587 0.872804462909698 0.841685593128204 0.89347368478775 0.844554722309113 0.842761397361755 0.809085488319397 0.757977187633514 0.744640469551086 0.759532451629639 0.766246140003204 0.757108449935913 0.724953174591064 0.719017803668976 0.728680193424225 0.704964578151703 0.692713022232056 0.721394121646881 0.676442503929138 0.756063580513 0.699770629405975 0.611579835414886
0.580667316913605 0.576984405517578 0.669680595397949 0.655132293701172 0.671382308006287 0.783867478370667 0.795582592487335 0.838110864162445 0.891900658607483 0.904733598232269 0.919775485992432 0.928741276264191 0.904966473579407 0.91155731678009 0.920595467090607 0.907242476940155 0.936533749103546 0.945854187011719 0.948443472385406 0.933875858783722 0.860987603664398 0.839999973773956 0.837905824184418 0.821827292442322 0.801935613155365 0.816857159137726 0.846071779727936 0.782684922218323 0.792433857917786 0.866303324699402 0.829661190509796 0.758817076683044 0.771843552589417 0.77546900510788 0.776598989963531 0.730968952178955 0.748374104499817 0.717504382133484 0.732062339782715 0.766657471656799 0.749511063098907 0.672099769115448 0.677541077136993 0.673631012439728 0.551989614963531
0.574497580528259 0.577693104743958 0.599749982357025 0.67676717042923 0.735585510730743 0.787404716014862 0.840345680713654 0.897829294204712 0.906896591186523 0.923579931259155 0.942855536937714 0.941288769245148 0.937444865703583 0.923819303512573 0.930768668651581 0.916347444057465 0.90908271074295 0.926265716552734 0.940264999866486 0.928616464138031 0.917617976665497 0.880249202251434 0.855941951274872 0.863342463970184 0.814968407154083 0.785717904567719 0.80583655834198 0.764529764652252 0.8037468791008 0.870653033256531 0.820306539535522 0.81193482875824 0.839059948921204 0.866151571273804 0.805397570133209 0.777351915836334 0.768219351768494 0.789308309555054 0.72840541601181 0.709604144096375 0.691992402076721 0.659196317195892 0.738403558731079 0.694330155849457 0.567602336406708
0.555168747901917 0.551601111888885 0.641926229000092 0.663616299629211 0.709347486495972 0.816372096538544 0.85951554775238 0.915266573429108 0.957882702350616 0.97667133808136 0.975940763950348 0.976937472820282 0.973307728767395 0.967731773853302 0.955311298370361 0.917530596256256 0.908775269985199 0.901337862014771 0.924248337745667 0.926308035850525 0.91996693611145 0.897249042987823 0.897632002830505 0.849291503429413 0.828802525997162 0.798815727233887 0.762144088745117 0.729939579963684 0.768084466457367 0.856175661087036 0.841366589069366 0.774623095989227 0.771159291267395 0.830182671546936 0.790942072868347 0.782520353794098 0.74797523021698 0.67874413728714 0.665852904319763 0.732096493244171 0.739792048931122 0.631675958633423 0.565342307090759 0.620956540107727 0.582001090049744
0.530343115329742 0.532197713851929 0.541767597198486 0.6514732837677 0.703206598758698 0.793604671955109 0.891085803508759 0.931062340736389 0.976832926273346 0.980606913566589 0.991415619850159 0.990326583385468 0.976573824882507 0.970170617103577 0.963035762310028 0.952474653720856 0.902959287166595 0.87861829996109 0.896330058574677 0.928311288356781 0.874234676361084 0.885231852531433 0.896667540073395 0.848214387893677 0.830649375915527 0.85887199640274 0.809113442897797 0.783559799194336 0.714885294437408 0.726598560810089 0.800364792346954 0.729550659656525 0.805385410785675 0.773853778839111 0.760873436927795 0.701196134090424 0.707980692386627 0.697354316711426 0.681095242500305 0.691241264343262 0.625146985054016 0.565596401691437 0.649575233459473 0.679121255874634 0.710633933544159
0.464833945035934 0.526709198951721 0.541229903697968 0.637838661670685 0.67750871181488 0.791311800479889 0.884780287742615 0.940176367759705 0.981566607952118 0.992707073688507 0.993248701095581 0.991792440414429 0.987495839595795 0.970782577991486 0.962640762329102 0.948938727378845 0.897792339324951 0.868666231632233 0.846256911754608 0.858763694763184 0.84084814786911 0.880037724971771 0.893307447433472 0.883245885372162 0.816721320152283 0.786280870437622 0.812661707401276 0.75074166059494 0.729896128177643 0.755467355251312 0.73747307062149 0.751495897769928 0.740299224853516 0.739850163459778 0.775078535079956 0.797484874725342 0.769088983535767 0.766363322734833 0.686905920505524 0.64154577255249 0.603659570217133 0.619959890842438 0.690772593021393 0.720795929431915 0.785106301307678
0.464153110980988 0.521174728870392 0.541546285152435 0.62477707862854 0.664652645587921 0.780981004238129 0.887111723423004 0.927732408046722 0.977808475494385 0.992260932922363 0.994403779506683 0.98878687620163 0.987736701965332 0.970535159111023 0.959205269813538 0.943963170051575 0.922656416893005 0.838829219341278 0.819391906261444 0.788851857185364 0.770950198173523 0.824163258075714 0.851411700248718 0.924177289009094 0.899726808071136 0.842989385128021 0.779304802417755 0.827227592468262 0.819590926170349 0.829066038131714 0.828952729701996 0.847279608249664 0.862182080745697 0.805674314498901 0.85000467300415 0.852791011333466 0.839399695396423 0.74503493309021 0.780943512916565 0.861797213554382 0.848453938961029 0.829001903533936 0.775966763496399 0.734870374202728 0.735711097717285
0.464608728885651 0.532173871994019 0.541490733623505 0.607092797756195 0.65854948759079 0.764744639396667 0.822499573230743 0.919540345668793 0.968466222286224 0.988719582557678 0.987823963165283 0.98833692073822 0.984657883644104 0.959966897964478 0.953638017177582 0.931909680366516 0.906115889549255 0.82510232925415 0.794777035713196 0.691732406616211 0.677157342433929 0.745578408241272 0.759594202041626 0.80190634727478 0.883834183216095 0.873148381710052 0.809849143028259 0.837600767612457 0.847397148609161 0.873985469341278 0.901662409305573 0.90105527639389 0.867199778556824 0.852342844009399 0.855763673782349 0.895527720451355 0.853351175785065 0.743096709251404 0.872264564037323 0.704164505004883 0.461782664060593 0.703046321868896 0.81744110584259 0.765288233757019 0.704539239406586
0.495830923318863 0.533602356910706 0.536698520183563 0.614315748214722 0.634261250495911 0.754235088825226 0.8423210978508 0.896731853485107 0.953409492969513 0.965588092803955 0.984246551990509 0.982790768146515 0.982022702693939 0.957246720790863 0.944365620613098 0.912793636322021 0.877206206321716 0.793567359447479 0.759060859680176 0.725186705589294 0.647091031074524 0.636651813983917 0.706817984580994 0.785408198833466 0.802282094955444 0.783103466033936 0.814805865287781 0.823049545288086 0.836445510387421 0.922012209892273 0.923045575618744 0.912146508693695 0.889424860477448 0.903035998344421 0.885867238044739 0.881633758544922 0.76745742559433 0.729410171508789 0.786066472530365 0.875291466712952 0.892573833465576 0.840312957763672 0.834517300128937 0.797562777996063 0.726285755634308
0.496167123317719 0.492262244224548 0.535694301128387 0.550031542778015 0.627589583396912 0.738695740699768 0.823167622089386 0.859198808670044 0.933453798294067 0.94889509677887 0.95984423160553 0.978501260280609 0.955190300941467 0.94245707988739 0.925391376018524 0.90174812078476 0.866192638874054 0.772933900356293 0.730736136436462 0.688315629959106 0.685328662395477 0.61845451593399 0.650703549385071 0.705975890159607 0.754088699817657 0.771367967128754 0.77971363067627 0.807809948921204 0.868530511856079 0.866258025169373 0.878096044063568 0.890088856220245 0.919336915016174 0.893938183784485 0.916601598262787 0.882489800453186 0.747293889522552 0.722483992576599 0.721711456775665 0.745427548885345 0.78090626001358 0.83530592918396 0.79250705242157 0.753413259983063 0.808456420898438
0.516061782836914 0.512337684631348 0.555681049823761 0.550163567066193 0.641915440559387 0.700301945209503 0.721186995506287 0.81381767988205 0.905867099761963 0.927434086799622 0.931383728981018 0.936381459236145 0.930098533630371 0.916909694671631 0.902941763401031 0.879228949546814 0.835072815418243 0.752409100532532 0.715807616710663 0.678268790245056 0.674881935119629 0.61979728937149 0.647826254367828 0.658242285251617 0.749724507331848 0.795870721340179 0.822133481502533 0.922421157360077 0.942249774932861 0.909958004951477 0.874850153923035 0.852776706218719 0.877872467041016 0.904994308948517 0.908301889896393 0.867812097072601 0.752461016178131 0.726077795028687 0.720813453197479 0.712962627410889 0.759516537189484 0.862572371959686 0.768749833106995 0.776729106903076 0.785235941410065
0.564008057117462 0.552348673343658 0.610011339187622 0.604704082012177 0.663736939430237 0.701803505420685 0.68508243560791 0.795739769935608 0.829188227653503 0.867904663085938 0.917109251022339 0.910127997398376 0.910741806030273 0.894944548606873 0.886750340461731 0.855769276618958 0.832223057746887 0.739432573318481 0.71487957239151 0.679169833660126 0.685552477836609 0.638162076473236 0.66432523727417 0.662789404392242 0.768190264701843 0.856973588466644 0.874638617038727 0.910806000232697 0.938059091567993 0.953283190727234 0.917939066886902 0.854660511016846 0.858015120029449 0.871987700462341 0.872238099575043 0.87303352355957 0.811870098114014 0.744041502475739 0.72350937128067 0.737857162952423 0.830344498157501 0.830441296100616 0.79082840681076 0.738909542560577 0.750658214092255
0.656964123249054 0.698177218437195 0.712878346443176 0.786359667778015 0.728781998157501 0.661396682262421 0.71208256483078 0.785864949226379 0.818706333637238 0.85706090927124 0.883179128170013 0.902277827262878 0.875909864902496 0.877126753330231 0.859027028083801 0.840862154960632 0.810195744037628 0.728905618190765 0.703759789466858 0.697110295295715 0.703987836837769 0.717046499252319 0.674654722213745 0.715386629104614 0.952972948551178 0.864336907863617 0.966435015201569 0.87361216545105 0.937583148479462 0.920494914054871 0.943296194076538 0.894077718257904 0.863308846950531 0.862489283084869 0.891025960445404 0.892376601696014 0.886634230613708 0.861490309238434 0.867964923381805 0.784452795982361 0.811539113521576 0.846578299999237 0.849731028079987 0.868921279907227 0.859898567199707
0.661139965057373 0.707465946674347 0.751519441604614 0.788107931613922 0.69780170917511 0.698464512825012 0.734020590782166 0.747593462467194 0.764739751815796 0.840814352035522 0.884810388088226 0.883455693721771 0.84533029794693 0.847272396087646 0.831343352794647 0.828959703445435 0.804237961769104 0.726957857608795 0.712684988975525 0.706108510494232 0.726832389831543 0.725569188594818 0.748408079147339 0.718579351902008 0.826982200145721 0.861040592193604 0.82343065738678 0.883771598339081 0.944376587867737 0.772401988506317 0.947406351566315 0.860773503780365 0.882843792438507 0.920251548290253 0.937593996524811 0.919450223445892 0.915825009346008 0.880058646202087 0.90938013792038 0.903143584728241 0.868283212184906 0.858427762985229 0.872719347476959 0.919960737228394 0.910639107227325
0.797105193138123 0.664835572242737 0.743019938468933 0.734651863574982 0.676778018474579 0.652965664863586 0.709163963794708 0.742441713809967 0.766064643859863 0.831852197647095 0.834144294261932 0.856447339057922 0.85713130235672 0.828685820102692 0.812965929508209 0.810979068279266 0.799706161022186 0.804192543029785 0.71552175283432 0.708062529563904 0.700562536716461 0.725008487701416 0.717778027057648 0.747152090072632 0.731469452381134 0.752771496772766 0.744330525398254 0.787051498889923 0.864628553390503 0.895923912525177 0.877709805965424 0.870175659656525 0.939944446086884 0.948214113712311 0.950777113437653 0.956511199474335 0.94465160369873 0.541366636753082 0.787952125072479 0.95116651058197 0.87853878736496 0.888300001621246 0.929936587810516 0.902625441551208 0.857920825481415
0.737502157688141 0.821477949619293 0.714267671108246 0.693532705307007 0.683238625526428 0.656584978103638 0.724223971366882 0.737331867218018 0.748059093952179 0.816525101661682 0.830501735210419 0.84151828289032 0.866516351699829 0.844000160694122 0.81616085767746 0.798900485038757 0.786865770816803 0.78063303232193 0.756736636161804 0.686794281005859 0.739547550678253 0.769954860210419 0.730327785015106 0.727537930011749 0.671290338039398 0.695778548717499 0.692001104354858 0.765204727649689 0.775932312011719 0.785467505455017 0.842101454734802 0.917765736579895 0.948217511177063 0.875664830207825 0.947450757026672 0.914159834384918 0.895270526409149 0.455349683761597 0.683435320854187 0.937462687492371 0.858438968658447 0.817912101745605 0.864940583705902 0.859794616699219 0.803661823272705
0.813431859016418 0.776830554008484 0.835214197635651 0.694358706474304 0.696089923381805 0.676878452301025 0.736893773078918 0.742202877998352 0.761462390422821 0.827300429344177 0.822444200515747 0.835151016712189 0.820750832557678 0.799088835716248 0.80599057674408 0.798529267311096 0.786636888980865 0.767804682254791 0.748834133148193 0.700695216655731 0.871859848499298 0.785235106945038 0.718235671520233 0.708641231060028 0.656482994556427 0.646943509578705 0.667868673801422 0.684565305709839 0.6947420835495 0.724033057689667 0.78731906414032 0.901891946792603 0.954072296619415 0.947765111923218 0.910182774066925 0.912532091140747 0.705186665058136 0.446022272109985 0.916106224060059 0.857930660247803 0.831727087497711 0.881569743156433 0.835625171661377 0.750755250453949 0.787602841854095
0.870339691638947 0.804425299167633 0.785849809646606 0.767368018627167 0.780994236469269 0.737617194652557 0.786186754703522 0.787156224250793 0.794640481472015 0.837840020656586 0.826682567596436 0.827574849128723 0.813031852245331 0.790529847145081 0.774418354034424 0.76800262928009 0.775054097175598 0.756124913692474 0.762233376502991 0.782370209693909 0.81628805398941 0.692778468132019 0.677851974964142 0.675449132919312 0.608739793300629 0.646125793457031 0.662459492683411 0.684666216373444 0.728794872760773 0.789946913719177 0.865821421146393 0.872390151023865 0.919422328472137 0.953692555427551 0.938358962535858 0.964158356189728 0.716742694377899 0.915275812149048 0.925776064395905 0.872260630130768 0.777614593505859 0.813677191734314 0.786358118057251 0.643521904945374 0.598076224327087
0.864244818687439 0.86378014087677 0.831372737884521 0.840128123760223 0.802883505821228 0.802763640880585 0.835813283920288 0.816258609294891 0.812844336032867 0.855041265487671 0.834713637828827 0.821543276309967 0.809931457042694 0.794765651226044 0.78393828868866 0.76754093170166 0.750556826591492 0.761518537998199 0.767702579498291 0.673943936824799 0.672548413276672 0.664605736732483 0.650086760520935 0.603386342525482 0.615244090557098 0.660342156887054 0.697874009609222 0.7472003698349 0.82211446762085 0.850683033466339 0.901992678642273 0.867486894130707 0.914771139621735 0.934457957744598 0.869384050369263 0.929122567176819 0.936128497123718 0.91908186674118 0.77948659658432 0.717157423496246 0.887348353862762 0.70831960439682 0.500221490859985 0.669642865657806 0.659024715423584
0.889947593212128 0.877582728862762 0.864134073257446 0.863492608070374 0.839187562465668 0.877769410610199 0.82922375202179 0.858091413974762 0.836222469806671 0.815658330917358 0.793904960155487 0.772831678390503 0.747123718261719 0.751439869403839 0.77719122171402 0.714329779148102 0.771632730960846 0.751325666904449 0.684934735298157 0.683738470077515 0.669845581054688 0.664341986179352 0.6561598777771 0.591370165348053 0.637202441692352 0.713517546653748 0.779360949993134 0.839487910270691 0.858718991279602 0.850557386875153 0.847611606121063 0.844752967357635 0.885085940361023 0.916915833950043 0.898148119449615 0.935606002807617 0.883668065071106 0.781677007675171 0.754616320133209 0.774241149425507 0.729290127754211 0.651877820491791 0.544382691383362 0.330950021743774 0.42911821603775
