data/climate_estimation/maxent_output/Tulipa_systola.asc
NCOLS 238 
NROWS 92 
XLLCORNER 34 
YLLCORNER 30.25 
CELLSIZE 0.0833333333333333 
NODATA_value -3.4e+38 
[rows 38 to 56 of 92, columns 0 to 42 of 238]
-3.4e+38 -3.4e+38 -3.4e+38 -3.4e+38 -3.4e+38 -3.4e+38 -3.4e+38 -3.4e+38 -3.4e+38 -3.4e+38 -3.4e+38 -3.4e+38 -3.4e+38 -3.4e+38 -3.4e+38 -3.4e+38 -3.4e+38 -3.4e+38 -3.4e+38 -3.4e+38 -3.4e+38 -3.4e+38 -3.4e+38 0.531898021697998 0.576099336147308 0.795342743396759 0.770448744297028 0.777197122573853 0.786091148853302 0.848121166229248 0.869447350502014 0.833452165126801 0.756483972072601 0.577143728733063 0.483342438936234 0.349551022052765 0.299271732568741 0.247690871357918 0.20960308611393 0.177818015217781 0.0985715687274933 0.0751639381051064 0.0498650521039963
-3.4e+38 -3.4e+38 -3.4e+38 -3.4e+38 -3.4e+38 -3.4e+38 -3.4e+38 -3.4e+38 -3.4e+38 -3.4e+38 -3.4e+38 -3.4e+38 -3.4e+38 -3.4e+38 -3.4e+38 -3.4e+38 -3.4e+38 -3.4e+38 -3.4e+38 -3.4e+38 -3.4e+38 -3.4e+38 -3.4e+38 0.521584391593933 0.571068048477173 0.79949963092804 0.60186892747879 0.623986482620239 0.793993175029755 0.85526704788208 0.900164306163788 0.899669706821442 0.717465221881866 0.609484553337097 0.476063311100006 0.419136881828308 0.250811368227005 0.239111870527267 0.162288889288902 0.0840123817324638 0.0657322853803635 0.0526148118078709 0.038602776825428
-3.4e+38 -3.4e+38 -3.4e+38 -3.4e+38 -3.4e+38 -3.4e+38 -3.4e+38 -3.4e+38 -3.4e+38 -3.4e+38 -3.4e+38 -3.4e+38 -3.4e+38 -3.4e+38 -3.4e+38 -3.4e+38 -3.4e+38 -3.4e+38 -3.4e+38 -3.4e+38 -3.4e+38 -3.4e+38 -3.4e+38 0.51977127790451 0.572039663791656 0.610993027687073 0.505300402641296 0.436682105064392 0.628386378288269 0.781737804412842 0.838998854160309 0.772297322750092 0.68166047334671 0.54548043012619 0.408498853445053 0.311721533536911 0.298929870128632 0.197085008025169 0.130053952336311 0.0765138864517212 0.0417973436415195 0.0314581841230392 0.0292787682265043
-3.4e+38 -3.4e+38 -3.4e+38 -3.4e+38 -3.4e+38 -3.4e+38 -3.4e+38 -3.4e+38 -3.4e+38 -3.4e+38 -3.4e+38 -3.4e+38 -3.4e+38 -3.4e+38 -3.4e+38 -3.4e+38 -3.4e+38 -3.4e+38 -3.4e+38 -3.4e+38 -3.4e+38 0.480871349573135 0.530101418495178 0.561868011951447 0.535331666469574 0.46187761425972 0.378247976303101 0.349258303642273 0.536237001419067 0.769289612770081 0.795587301254272 0.649616420269012 0.539302408695221 0.448461323976517 0.344013929367065 0.288854777812958 0.204705983400345 0.153661832213402 0.10199848562479 0.0610760897397995 0.0347067192196846 0.0270030815154314 0.0235723443329334
-3.4e+38 -3.4e+38 -3.4e+38 -3.4e+38 -3.4e+38 -3.4e+38 -3.4e+38 -3.4e+38 -3.4e+38 -3.4e+38 -3.4e+38 -3.4e+38 -3.4e+38 -3.4e+38 -3.4e+38 -3.4e+38 -3.4e+38 -3.4e+38 -3.4e+38 -3.4e+38 0.553092360496521 0.541832447052002 0.532658934593201 0.49215692281723 0.418208181858063 0.354867100715637 0.53359317779541 0.474635064601898 0.52641350030899 0.654085338115692 0.617156744003296 0.392151057720184 0.349096924066544 0.405974984169006 0.334487527608871 0.220507651567459 0.17878457903862 0.101085849106312 0.0729881078004837 0.0522193685173988 0.027600234374404 0.0284695103764534 0.0183156114071608
-3.4e+38 -3.4e+38 -3.4e+38 -3.4e+38 -3.4e+38 -3.4e+38 -3.4e+38 -3.4e+38 -3.4e+38 -3.4e+38 -3.4e+38 -3.4e+38 -3.4e+38 -3.4e+38 -3.4e+38 -3.4e+38 -3.4e+38 -3.4e+38 -3.4e+38 -3.4e+38 0.52624785900116 0.558410286903381 0.513043940067291 0.436237841844559 0.35825303196907 0.239402696490288 0.518778741359711 0.519036591053009 0.530054569244385 0.439466446638107 0.340586513280869 0.295267075300217 0.249499127268791 0.217464908957481 0.196353018283844 0.124006673693657 0.100385636091232 0.0688821226358414 0.0495824366807938 0.0453934483230114 0.0256897117942572 0.0211574826389551 0.0164442490786314
-3.4e+38 -3.4e+38 -3.4e+38 -3.4e+38 -3.4e+38 -3.4e+38 -3.4e+38 -3.4e+38 -3.4e+38 -3.4e+38 -3.4e+38 -3.4e+38 -3.4e+38 -3.4e+38 -3.4e+38 -3.4e+38 -3.4e+38 -3.4e+38 -3.4e+38 0.546636462211609 0.513310015201569 0.446555912494659 0.430277585983276 0.422160714864731 0.401679366827011 0.556687772274017 0.519903421401978 0.399875909090042 0.423328191041946 0.390353620052338 0.377202481031418 0.366408824920654 0.221783146262169 0.109698310494423 0.0993653312325478 0.0695559680461884 0.0624099262058735 0.051956906914711 0.0396442227065563 0.0284735467284918 0.0352852493524551 0.0206369645893574 0.0187286417931318
-3.4e+38 -3.4e+38 -3.4e+38 -3.4e+38 -3.4e+38 -3.4e+38 -3.4e+38 -3.4e+38 -3.4e+38 -3.4e+38 -3.4e+38 -3.4e+38 -3.4e+38 -3.4e+38 -3.4e+38 -3.4e+38 -3.4e+38 -3.4e+38 -3.4e+38 0.588453412055969 0.493394702672958 0.468504667282104 0.459827601909637 0.638132333755493 0.419338673353195 0.326752215623856 0.31688117980957 0.410192966461182 0.497333288192749 0.433317989110947 0.405581176280975 0.347830921411514 0.153671324253082 0.0835805311799049 0.103278331458569 0.109452597796917 0.0425266362726688 0.0345521196722984 0.0368661247193813 0.0334162451326847 0.0241678282618523 0.0319134965538979 0.0217705518007278
-339999999999999996123846586046231871488.000000000000000 -3.4e+38 -3.4e+38 -3.4e+38 -3.4e+38 -3.4e+38 -3.4e+38 -3.4e+38 -3.4e+38 -3.4e+38 -3.4e+38 -3.4e+38 -3.4e+38 -3.4e+38 -3.4e+38 -3.4e+38 -3.4e+38 -3.4e+38 -3.4e+38 0.604032933712006 0.515075147151947 0.522756040096283 0.620631158351898 0.636356353759766 0.356344550848007 0.274895578622818 0.354115813970566 0.513345181941986 0.451979875564575 0.418312132358551 0.419050127267838 0.289814889431 0.109140552580357 0.0717339664697647 0.0912056788802147 0.0441707856953144 0.0420398414134979 0.0390687435865402 0.0241756420582533 0.0298524145036936 0.0286323372274637 0.0272931307554245 0.0319981276988983
-3.4e+38 -3.4e+38 -3.4e+38 -3.4e+38 -3.4e+38 -3.4e+38 -3.4e+38 -3.4e+38 -3.4e+38 -3.4e+38 -3.4e+38 -3.4e+38 -3.4e+38 -3.4e+38 -3.4e+38 -3.4e+38 -3.4e+38 -3.4e+38 -3.4e+38 0.58375096321106 0.457977563142776 0.533653497695923 0.416627019643784 0.648615598678589 0.430338174104691 0.342172235250473 0.563040733337402 0.500468611717224 0.489059388637543 0.463546425104141 0.412757486104965 0.271379739046097 0.105880580842495 0.0478781275451183 0.0369477570056915 0.0377954766154289 0.0243882313370705 0.0309095811098814 0.0192947257310152 0.0350930616259575 0.0330839678645134 0.0200550351291895 0.0220612920820713
-3.4e+38 -3.4e+38 -3.4e+38 -3.4e+38 -3.4e+38 -3.4e+38 -3.4e+38 -3.4e+38 -3.4e+38 -3.4e+38 -3.4e+38 -3.4e+38 -3.4e+38 -3.4e+38 -3.4e+38 -3.4e+38 -3.4e+38 0.747012376785278 0.749947428703308 0.516448497772217 0.515558779239655 0.573982119560242 0.505560755729675 0.515767633914948 0.352291822433472 0.555808186531067 0.604053020477295 0.512818217277527 0.523708641529083 0.47773739695549 0.411960333585739 0.31810861825943 0.112354010343552 0.045547179877758 0.0410314202308655 0.0232487916946411 0.0269327089190483 0.0235736854374409 0.0210413802415133 0.0198690313845873 0.0196759160608053 0.0237725339829922 0.0223347451537848
-3.4e+38 -3.4e+38 -3.4e+38 -3.4e+38 -3.4e+38 -3.4e+38 -3.4e+38 -3.4e+38 -3.4e+38 -3.4e+38 -3.4e+38 -3.4e+38 -3.4e+38 -3.4e+38 -3.4e+38 -3.4e+38 -3.4e+38 0.578628599643707 0.578273355960846 0.625831127166748 0.620769560337067 0.542532503604889 0.429547190666199 0.417751163244247 0.649562358856201 0.704177916049957 0.588159918785095 0.605551779270172 0.564025163650513 0.471989810466766 0.357480555772781 0.115493297576904 0.0449924506247044 0.0330113470554352 0.0326631665229797 0.0217136815190315 0.0305028557777405 0.0189339090138674 0.0215843003243208 0.0194852966815233 0.0206895880401134 0.0235770810395479 0.0227762889117002
-3.4e+38 -3.4e+38 -3.4e+38 -3.4e+38 -3.4e+38 -3.4e+38 -3.4e+38 -3.4e+38 -3.4e+38 -3.4e+38 -3.4e+38 -3.4e+38 -3.4e+38 -3.4e+38 -3.4e+38 -3.4e+38 -3.4e+38 0.543607771396637 0.610810399055481 0.664611339569092 0.647281229496002 0.485055506229401 0.595263540744781 0.672019064426422 0.687219262123108 0.676631987094879 0.611750483512878 0.606122732162476 0.5020672082901 0.367354661226273 0.170374572277069 0.0649264007806778 0.0565555728971958 0.0339274071156979 0.0311908219009638 0.027227096259594 0.0177540797740221 0.0228475220501423 0.0181046687066555 0.015034468844533 0.0135646434500813 0.0139517039060593 0.0196764636784792
-3.4e+38 -3.4e+38 -3.4e+38 -3.4e+38 -3.4e+38 -3.4e+38 -3.4e+38 -3.4e+38 -3.4e+38 -3.4e+38 -3.4e+38 -3.4e+38 -3.4e+38 -3.4e+38 -3.4e+38 -3.4e+38 0.769706964492798 0.561365306377411 0.66048139333725 0.723261833190918 0.688706994056702 0.600452661514282 0.718911111354828 0.784014582633972 0.633030354976654 0.555197834968567 0.558019816875458 0.434392780065536 0.320680350065231 0.174993738532066 0.0991287678480148 0.0575513578951359 0.0417199954390526 0.0312684327363968 0.0255816262215376 0.0270518381148577 0.0166014954447746 0.0208154618740082 0.0193256791681051 0.0136638637632132 0.0120275001972914 0.0105224763974547 0.0115718422457576
-3.4e+38 -3.4e+38 -3.4e+38 -3.4e+38 -3.4e+38 -3.4e+38 -3.4e+38 -3.4e+38 -3.4e+38 -3.4e+38 -3.4e+38 -3.4e+38 -3.4e+38 -3.4e+38 -3.4e+38 -3.4e+38 0.76945686340332 0.611693978309631 0.746459662914276 0.7623251080513 0.746778190135956 0.803426146507263 0.772001683712006 0.762045800685883 0.657756149768829 0.392852038145065 0.242648705840111 0.165701657533646 0.139420747756958 0.124029487371445 0.0940521657466888 0.0629770308732986 0.0474400222301483 0.0301230363547802 0.0263875797390938 0.0331519916653633 0.0202393904328346 0.022275697439909 0.0201413463801146 0.0133266020566225 0.0113424872979522 0.00798926502466202 0.00773206725716591
-3.4e+38 -3.4e+38 -3.4e+38 -3.4e+38 -3.4e+38 -3.4e+38 -3.4e+38 -3.4e+38 -3.4e+38 -3.4e+38 -3.4e+38 -3.4e+38 -3.4e+38 -3.4e+38 -3.4e+38 0.768938541412354 0.767111361026764 0.660866796970367 0.805984735488892 0.804946541786194 0.774577617645264 0.829256057739258 0.76522833108902 0.768136262893677 0.667934656143188 0.44189265370369 0.18366801738739 0.160903707146645 0.144246131181717 0.139761716127396 0.116964913904667 0.0778107345104218 0.0569235011935234 0.0427354015409946 0.0375541746616364 0.0217787809669971 0.0269600860774517 0.0151871992275119 0.0183917321264744 0.0134506486356258 0.0114499228075147 0.00730216363444924 0.0073041426949203
-3.4e+38 -3.4e+38 -3.4e+38 -3.4e+38 -3.4e+38 -3.4e+38 -3.4e+38 -3.4e+38 -3.4e+38 -3.4e+38 -3.4e+38 -3.4e+38 -3.4e+38 -3.4e+38 -3.4e+38 0.768287837505341 0.797191381454468 0.857299327850342 0.894251823425293 0.771149694919586 0.754633784294128 0.795874893665314 0.792393147945404 0.806401491165161 0.724052727222443 0.408496588468552 0.245127901434898 0.191351845860481 0.196704402565956 0.123764663934708 0.159447327256203 0.108834356069565 0.0779593512415886 0.0588169097900391 0.0501366518437862 0.028289433568716 0.0204449240118265 0.0198255386203527 0.019763795658946 0.0126807736232877 0.00733679905533791 0.0068655083887279 0.0110198361799121
-3.4e+38 -3.4e+38 -3.4e+38 -3.4e+38 -3.4e+38 -3.4e+38 -3.4e+38 -3.4e+38 -3.4e+38 -3.4e+38 -3.4e+38 -3.4e+38 -3.4e+38 -3.4e+38 0.705816566944122 0.75716358423233 0.827032446861267 0.894218981266022 0.923064112663269 0.896565496921539 0.893538653850555 0.859171807765961 0.843497276306152 0.825395703315735 0.73405659198761 0.46483102440834 0.348549097776413 0.268446236848831 0.207192182540894 0.172758147120476 0.128862276673317 0.0795238837599754 0.094657726585865 0.0674812272191048 0.034829068928957 0.0405439212918282 0.0200679954141378 0.0233508720993996 0.0120424563065171 0.0132087990641594 0.00738586485385895 0.00692214258015156 0.0048615369014442
-3.4e+38 -3.4e+38 -3.4e+38 -3.4e+38 -3.4e+38 -3.4e+38 -3.4e+38 -3.4e+38 -3.4e+38 -3.4e+38 -3.4e+38 -3.4e+38 -3.4e+38 -3.4e+38 0.720554709434509 0.759516835212708 0.892181158065796 0.914304733276367 0.918383300304413 0.76466029882431 0.901915013790131 0.899994194507599 0.873616635799408 0.839444518089294 0.782876312732697 0.611361086368561 0.39362907409668 0.393008798360825 0.238144963979721 0.265196025371552 0.175309300422668 0.137223646044731 0.101894997060299 0.0683752298355103 0.0527788400650024 0.0397904142737389 0.0270142294466496 0.0235851742327213 0.0137148173525929 0.0133014200255275 0.00852948520332575 0.00673680938780308 0.0095411753281951
