data/climate_estimation/maxent_output/Tulipa_linifolia.asc
NCOLS 250 
NROWS 50 
XLLCORNER 50.75 
YLLCORNER 34.5 
CELLSIZE 0.0833333333333333 
NODATA_value -3.4e+38 
[rows 20 to 39 of 50, columns 44 to 87 of 250]
0.41698494553566 0.445137113332748 0.472145050764084 0.494109123945236 0.550110757350922 0.575855016708374 0.603902757167816 0.642917931079865 0.66887229681015 0.716763019561768 0.71644401550293 0.722414791584015 0.730239033699036 0.731469333171844 0.715801537036896 0.733169615268707 0.748637020587921 0.778207004070282 0.786961078643799 0.797270715236664 0.803879141807556 0.808802127838135 0.821825325489044 0.830935537815094 0.833374559879303 0.844808459281921 0.846523642539978 0.84826397895813 0.854900896549225 0.854244649410248 0.851469397544861 0.858685851097107 0.859186291694641 0.860148251056671 0.855256915092468 0.846724271774292 0.839020311832428 0.840200304985046 0.829461395740509 0.797149479389191 0.778234779834747 0.739743530750275 0.74359256029129 0.720290780067444
0.384573757648468 0.406686693429947 0.465263277292252 0.515753149986267 0.543425977230072 0.612240493297577 0.638493239879608 0.710611820220947 0.716062724590302 0.717624545097351 0.711384832859039 0.724306643009186 0.728249251842499 0.729039192199707 0.73005598783493 0.766457319259644 0.780087888240814 0.783873856067657 0.787376344203949 0.791012465953827 0.797192513942719 0.803088426589966 0.824152827262878 0.834905922412872 0.838182926177979 0.840543627738953 0.843758106231689 0.84842187166214 0.848458528518677 0.848168075084686 0.848193824291229 0.848801136016846 0.853308200836182 0.854216158390045 0.859138071537018 0.856467247009277 0.855465948581696 0.84765237569809 0.832273066043854 0.826335549354553 0.811214745044708 0.802618801593781 0.785681664943695 0.762300193309784
0.423475384712219 0.456340402364731 0.545591354370117 0.607132613658905 0.640241324901581 0.707617938518524 0.710436284542084 0.711685836315155 0.709293305873871 0.730450570583344 0.715620934963226 0.72079336643219 0.759878516197205 0.764137029647827 0.768083512783051 0.769452929496765 0.779309630393982 0.787866353988647 0.789660513401031 0.798659682273865 0.810459315776825 0.819438457489014 0.828176438808441 0.833756566047668 0.83433872461319 0.836961030960083 0.842873454093933 0.845171570777893 0.847571492195129 0.852585017681122 0.855186760425568 0.857766151428223 0.854442417621613 0.858085095882416 0.851125419139862 0.853044629096985 0.850423693656921 0.848311305046082 0.850382387638092 0.844956755638123 0.829459369182587 0.812198638916016 0.803976535797119 0.7685506939888
0.641742289066315 0.675115406513214 0.678576529026031 0.700429677963257 0.71109002828598 0.709019303321838 0.731629133224487 0.714386999607086 0.752621710300446 0.756361842155457 0.756918132305145 0.76031219959259 0.759303569793701 0.767831921577454 0.772205352783203 0.779946625232697 0.787725746631622 0.791876912117004 0.799516916275024 0.806306004524231 0.813353061676025 0.818667411804199 0.827464461326599 0.833529472351074 0.834256887435913 0.841370165348053 0.84401798248291 0.84173995256424 0.840345323085785 0.84158855676651 0.842437863349915 0.848850667476654 0.849962770938873 0.851896047592163 0.854592382907867 0.878442168235779 0.879268050193787 0.87661737203598 0.875771343708038 0.869441568851471 0.862844705581665 0.855694174766541 0.819926559925079 0.788292586803436
0.706251919269562 0.733199834823608 0.726045429706573 0.568520128726959 0.561443090438843 0.718496382236481 0.722703278064728 0.752555966377258 0.756658792495728 0.759353995323181 0.765088796615601 0.760458409786224 0.771453559398651 0.771900951862335 0.771829843521118 0.780284225940704 0.788357138633728 0.794727444648743 0.803059995174408 0.805512368679047 0.811026751995087 0.818097293376923 0.826954960823059 0.832009077072144 0.828520476818085 0.833613336086273 0.832182943820953 0.823576986789703 0.812470853328705 0.802383005619049 0.807112097740173 0.823927938938141 0.834273159503937 0.861938834190369 0.866620242595673 0.872192800045013 0.874495685100555 0.880568623542786 0.874074518680573 0.870713472366333 0.864219427108765 0.85777872800827 0.854776084423065 0.842405080795288
0.573781371116638 0.715065121650696 0.72559255361557 0.726493299007416 0.714041769504547 0.749539971351624 0.759508788585663 0.759636759757996 0.758378684520721 0.761656701564789 0.768586337566376 0.769275546073914 0.774196088314056 0.773480236530304 0.780686736106873 0.785133123397827 0.791525959968567 0.795235514640808 0.801965653896332 0.801837682723999 0.805363774299622 0.813001930713654 0.829589545726776 0.835827708244324 0.828075170516968 0.822818696498871 0.832182943820953 0.8327716588974 0.822440922260284 0.779146790504456 0.761827111244202 0.783308267593384 0.830635488033295 0.844026744365692 0.849624514579773 0.856573879718781 0.864639818668365 0.86586719751358 0.86963427066803 0.872140944004059 0.871074616909027 0.86124849319458 0.85236006975174 0.846636354923248
0.59138959646225 0.724728643894196 0.737127661705017 0.726737201213837 0.757367253303528 0.763963282108307 0.762264788150787 0.761605858802795 0.764532387256622 0.767629146575928 0.765291273593903 0.767718255519867 0.778148055076599 0.78107225894928 0.784073770046234 0.788668632507324 0.793386101722717 0.798246562480927 0.80117255449295 0.801702320575714 0.807005345821381 0.812820792198181 0.823727786540985 0.831055283546448 0.83901971578598 0.844643115997314 0.844797730445862 0.839938759803772 0.840634107589722 0.82783967256546 0.823718547821045 0.817699074745178 0.799155116081238 0.798176050186157 0.797691881656647 0.817168414592743 0.828209936618805 0.843687236309052 0.843401670455933 0.852666795253754 0.85672801733017 0.859830856323242 0.85966831445694 0.848925352096558
0.73453676700592 0.736271619796753 0.756816744804382 0.765865683555603 0.761811196804047 0.766215860843658 0.765311300754547 0.766860246658325 0.769991219043732 0.772408545017242 0.775268495082855 0.776119887828827 0.779141366481781 0.783694744110107 0.778051257133484 0.784533560276031 0.793054759502411 0.798805594444275 0.799109160900116 0.804665207862854 0.813377141952515 0.821508049964905 0.826136231422424 0.841425836086273 0.84670877456665 0.873051643371582 0.877440214157104 0.87675929069519 0.878910958766937 0.880469799041748 0.873680114746094 0.870830595493317 0.855963826179504 0.834151089191437 0.797390460968018 0.796472072601318 0.832515180110931 0.83876770734787 0.827534139156342 0.820802271366119 0.827032506465912 0.839073896408081 0.847662925720215 0.841402888298035
0.742075085639954 0.741685032844543 0.738710343837738 0.74162745475769 0.742559194564819 0.740929305553436 0.772651314735413 0.77330470085144 0.776709735393524 0.777752459049225 0.778344869613647 0.778124153614044 0.778359889984131 0.776664078235626 0.780316948890686 0.788033425807953 0.792119681835175 0.803731799125671 0.810647130012512 0.814885973930359 0.818080842494965 0.825476944446564 0.835773944854736 0.869084358215332 0.877319931983948 0.879908442497253 0.881994187831879 0.882665455341339 0.888306260108948 0.888710796833038 0.88987785577774 0.889135599136353 0.885959208011627 0.88482677936554 0.877688705921173 0.871439933776855 0.872197031974792 0.877461493015289 0.876418352127075 0.863917887210846 0.855805933475494 0.851781666278839 0.851451098918915 0.831044256687164
0.718243002891541 0.71432763338089 0.713914573192596 0.745326936244965 0.748172760009766 0.752322614192963 0.783247828483582 0.78042858839035 0.7840895652771 0.78254359960556 0.7828449010849 0.786378800868988 0.785739660263062 0.780496120452881 0.784784257411957 0.787941932678223 0.802899777889252 0.809798240661621 0.817789494991302 0.819525837898254 0.827003955841064 0.834024488925934 0.866752922534943 0.872004687786102 0.877991855144501 0.880212545394897 0.883710145950317 0.888184666633606 0.887903988361359 0.893298804759979 0.89352422952652 0.895489752292633 0.895461618900299 0.894223153591156 0.897489905357361 0.900527715682983 0.898510575294495 0.91668039560318 0.916772425174713 0.914011359214783 0.908662676811218 0.902058243751526 0.891810119152069 0.881097495555878
0.721805512905121 0.726434826850891 0.726309061050415 0.757420122623444 0.758372366428375 0.757875382900238 0.788645446300507 0.788955628871918 0.789178907871246 0.793254911899567 0.791091918945312 0.791300714015961 0.790452778339386 0.791095435619354 0.790648818016052 0.802520394325256 0.807225048542023 0.817598402500153 0.822176337242126 0.826505482196808 0.857256591320038 0.860374748706818 0.869817793369293 0.87546718120575 0.878106832504272 0.882887542247772 0.887763440608978 0.890367567539215 0.888881504535675 0.894334375858307 0.896436989307404 0.898960888385773 0.897837281227112 0.899606823921204 0.901559948921204 0.905330121517181 0.921977400779724 0.920219123363495 0.917720913887024 0.913720607757568 0.910742282867432 0.904223918914795 0.896228194236755 0.888692736625671
0.734805941581726 0.734857082366943 0.76363742351532 0.762790679931641 0.767046689987183 0.765028595924377 0.76772803068161 0.796180725097656 0.798550963401794 0.799901008605957 0.798829138278961 0.799784243106842 0.79871928691864 0.795794606208801 0.803697168827057 0.810920774936676 0.816619217395782 0.820677280426025 0.848717272281647 0.851064622402191 0.854152143001556 0.866897404193878 0.874979853630066 0.879982888698578 0.877995073795319 0.882537543773651 0.887547194957733 0.889291942119598 0.892217457294464 0.891762614250183 0.896387875080109 0.896439909934998 0.900239586830139 0.900411367416382 0.901649594306946 0.902145981788635 0.91462904214859 0.914089798927307 0.909995138645172 0.905259191989899 0.901234805583954 0.893236696720123 0.881798505783081 0.882130086421967
0.746038913726807 0.774567306041718 0.774209976196289 0.774924516677856 0.776043593883514 0.77888947725296 0.804089188575745 0.804344356060028 0.807336866855621 0.806030035018921 0.807744026184082 0.80576878786087 0.83109712600708 0.832977652549744 0.837989568710327 0.839127242565155 0.844710826873779 0.837775349617004 0.835042297840118 0.851116180419922 0.860692262649536 0.869287490844727 0.877580881118774 0.882897973060608 0.881643712520599 0.881882190704346 0.88385134935379 0.887975335121155 0.888727366924286 0.89216023683548 0.892352104187012 0.89579701423645 0.898695528507233 0.900169968605042 0.89865505695343 0.914247989654541 0.905092239379883 0.886882841587067 0.873383104801178 0.875379085540771 0.877820730209351 0.881027460098267 0.878316938877106 0.876339614391327
0.787680804729462 0.788147330284119 0.787447452545166 0.785156548023224 0.785273730754852 0.812712132930756 0.813835263252258 0.813991665840149 0.816425859928131 0.816122770309448 0.817865133285522 0.819162249565125 0.816529452800751 0.845413982868195 0.846990764141083 0.847262024879456 0.845347166061401 0.846222341060638 0.855554044246674 0.860421478748322 0.868934392929077 0.874261617660522 0.881133258342743 0.87982851266861 0.880098760128021 0.8792684674263 0.888943135738373 0.889569997787476 0.888913214206696 0.890732169151306 0.890079140663147 0.886619091033936 0.893899023532867 0.893763899803162 0.908077001571655 0.901915371417999 0.895695626735687 0.871533989906311 0.79811418056488 0.778700292110443 0.848610281944275 0.860295176506042 0.862776577472687 0.864372551441193
0.800414741039276 0.799646854400635 0.795471906661987 0.798846662044525 0.822666823863983 0.821468591690063 0.821032047271729 0.82488089799881 0.823825120925903 0.823668479919434 0.820997655391693 0.843233823776245 0.848421156406403 0.847740769386292 0.849463701248169 0.851689994335175 0.850045084953308 0.852928280830383 0.861380219459534 0.867362797260284 0.877668976783752 0.878937959671021 0.884361505508423 0.884016513824463 0.877694010734558 0.884785354137421 0.891130447387695 0.888502836227417 0.88918536901474 0.891001880168915 0.887157201766968 0.885503888130188 0.884984791278839 0.873744964599609 0.883152723312378 0.873273551464081 0.880083620548248 0.873593032360077 0.84719580411911 0.802202045917511 0.832709431648254 0.841966927051544 0.842969119548798 0.848720133304596
0.81187242269516 0.804262161254883 0.833212494850159 0.830893754959106 0.830509901046753 0.829696118831635 0.830321431159973 0.827925503253937 0.84865665435791 0.852734088897705 0.84594988822937 0.839162051677704 0.843734562397003 0.852013051509857 0.854325592517853 0.861118018627167 0.8646360039711 0.86836439371109 0.873981416225433 0.880861163139343 0.88538521528244 0.883461654186249 0.887729108333588 0.885527014732361 0.881131172180176 0.886413991451263 0.887981772422791 0.888441443443298 0.885606467723846 0.886032044887543 0.890973091125488 0.886839330196381 0.877957105636597 0.883975207805634 0.869112491607666 0.86783355474472 0.874911844730377 0.876722097396851 0.867577075958252 0.85608184337616 0.84974592924118 0.842184782028198 0.841434478759766 0.844877183437347
0.84754079580307 0.844388365745544 0.84352046251297 0.841056525707245 0.839845299720764 0.840961337089539 0.837095201015472 0.836701810359955 0.856809914112091 0.852230250835419 0.85702645778656 0.857774913311005 0.860140860080719 0.866849660873413 0.869878888130188 0.874577581882477 0.877696931362152 0.898318290710449 0.90342128276825 0.890044987201691 0.890131056308746 0.893840372562408 0.894455134868622 0.891248285770416 0.885229468345642 0.879155933856964 0.880029857158661 0.883685290813446 0.888745605945587 0.882260024547577 0.883519887924194 0.880232274532318 0.9007488489151 0.890577375888824 0.884063839912415 0.879049122333527 0.880994260311127 0.876823484897614 0.875621438026428 0.865380764007568 0.858795881271362 0.845267593860626 0.846871972084045 0.847516894340515
0.85625034570694 0.854866743087769 0.849495768547058 0.848066747188568 0.847476363182068 0.847658276557922 0.848494112491608 0.844834685325623 0.848718166351318 0.867933213710785 0.866440236568451 0.870977699756622 0.872858583927155 0.875564217567444 0.878993153572083 0.899456560611725 0.905141472816467 0.905861496925354 0.892356514930725 0.894565105438232 0.896248817443848 0.898610770702362 0.914976954460144 0.896642565727234 0.895535528659821 0.893490552902222 0.883431911468506 0.86815482378006 0.879731357097626 0.887040555477142 0.88142454624176 0.891212522983551 0.89323091506958 0.89304906129837 0.896564722061157 0.895624995231628 0.891557455062866 0.889755308628082 0.886429965496063 0.870497226715088 0.864805817604065 0.843785405158997 0.832490086555481 0.825164318084717
0.885066449642181 0.879177629947662 0.872601985931396 0.86875993013382 0.872866451740265 0.854742646217346 0.876257956027985 0.857682049274445 0.876101791858673 0.854065597057343 0.877998113632202 0.879033803939819 0.885249435901642 0.882180035114288 0.904606938362122 0.909064292907715 0.909766852855682 0.893540740013123 0.894512236118317 0.899398982524872 0.90336811542511 0.921186149120331 0.922985434532166 0.905656278133392 0.902965843677521 0.898551106452942 0.896708726882935 0.883733808994293 0.879483163356781 0.879583299160004 0.900465488433838 0.902397274971008 0.907965421676636 0.905758142471313 0.905137062072754 0.900802433490753 0.90248054265976 0.897419691085815 0.89195591211319 0.883275151252747 0.86682403087616 0.846025407314301 0.838383495807648 0.842889249324799
0.884282350540161 0.877322673797607 0.876606047153473 0.877984166145325 0.884558260440826 0.861288130283356 0.884565889835358 0.883071660995483 0.884941935539246 0.863886117935181 0.887554407119751 0.891605913639069 0.904480516910553 0.908387422561646 0.909787178039551 0.913725912570953 0.897483706474304 0.899141073226929 0.900807797908783 0.920421540737152 0.920785844326019 0.924219131469727 0.909446656703949 0.909717738628387 0.910658299922943 0.909921944141388 0.906206846237183 0.898052155971527 0.881294190883636 0.897389054298401 0.90683388710022 0.911436140537262 0.911633193492889 0.908129453659058 0.903884768486023 0.897143125534058 0.90315306186676 0.90683650970459 0.905544698238373 0.894254148006439 0.882804095745087 0.880475342273712 0.87699431180954 0.871248424053192
