data/climate_estimation/maxent_output/Tulipa_linifolia.asc
NCOLS 250 
NROWS 50 
XLLCORNER 50.75 
YLLCORNER 34.5 
CELLSIZE 0.0833333333333333 
NODATA_value -3.4e+38 
[rows 0 to 19 of 50, columns 176 to 219 of 250]
0.910141468048096 0.904772877693176 0.903784513473511 0.90200936794281 0.897987186908722 0.895638346672058 0.893758058547974 0.887657344341278 0.881942093372345 0.876486659049988 0.869318008422852 0.858998358249664 0.824045538902283 0.798502266407013 0.784629225730896 0.760456919670105 0.734654247760773 0.637016236782074 0.627506673336029 0.607171475887299 0.609181940555573 0.508463859558105 0.373989909887314 0.529523432254791 0.404732823371887 0.454171687364578 0.463529258966446 0.562559962272644 0.711295008659363 0.621517896652222 0.571569383144379 0.688431799411774 0.704690158367157 0.774725437164307 0.783917427062988 0.729471981525421 0.702128052711487 0.785654366016388 0.788995981216431 0.809030890464783 0.820721328258514 0.767423391342163 0.768130660057068 0.77828186750412
0.907673358917236 0.900815010070801 0.899918735027313 0.901976227760315 0.89650696516037 0.892955422401428 0.89036226272583 0.880869626998901 0.87383246421814 0.868201434612274 0.858336865901947 0.846833467483521 0.838843047618866 0.820452570915222 0.802872240543365 0.763046860694885 0.676605820655823 0.643977999687195 0.608449757099152 0.503463566303253 0.495196610689163 0.439027905464172 0.49711012840271 0.420516431331635 0.545878052711487 0.634746015071869 0.558759152889252 0.647419631481171 0.759110033512115 0.77809077501297 0.787282824516296 0.805556893348694 0.812660336494446 0.832064390182495 0.833720803260803 0.82468456029892 0.825396120548248 0.833888649940491 0.835555970668793 0.84751945734024 0.851028561592102 0.850614130496979 0.850181043148041 0.847185790538788
0.906545460224152 0.902110517024994 0.895191550254822 0.895483255386353 0.897965371608734 0.887441098690033 0.885592699050903 0.87685626745224 0.865932404994965 0.848591923713684 0.832513630390167 0.81556910276413 0.82997739315033 0.788461148738861 0.765602171421051 0.710613608360291 0.632832467556 0.599748969078064 0.59964245557785 0.600946605205536 0.540474832057953 0.586789488792419 0.453536450862885 0.371649593114853 0.524541437625885 0.454068273305893 0.539264678955078 0.747063159942627 0.799161970615387 0.833454847335815 0.845379412174225 0.84609854221344 0.84829968214035 0.84393310546875 0.821089744567871 0.802859723567963 0.796781301498413 0.816499948501587 0.840548634529114 0.84418511390686 0.847579479217529 0.81344085931778 0.821472764015198 0.769806563854218
0.901835262775421 0.90029639005661 0.895743191242218 0.891862094402313 0.893548250198364 0.88848465681076 0.880879282951355 0.86825042963028 0.856114447116852 0.844602882862091 0.832619786262512 0.806743025779724 0.815331757068634 0.79575252532959 0.781262040138245 0.76207834482193 0.743352651596069 0.679557859897614 0.661657512187958 0.632976770401001 0.620583534240723 0.491969734430313 0.431326985359192 0.59427547454834 0.603814721107483 0.420274585485458 0.604665517807007 0.766168117523193 0.823277235031128 0.848726212978363 0.856149971485138 0.85948646068573 0.853447258472443 0.824803590774536 0.807670056819916 0.79474550485611 0.793911576271057 0.81093293428421 0.802082419395447 0.819044589996338 0.747235715389252 0.749842882156372 0.820526778697968 0.828639686107635
0.905638217926025 0.903031229972839 0.899515688419342 0.897137701511383 0.89037150144577 0.884812533855438 0.870700776576996 0.860752761363983 0.843014717102051 0.835606515407562 0.8297318816185 0.803368806838989 0.806513369083405 0.797143697738647 0.774648606777191 0.732882618904114 0.718477666378021 0.705254256725311 0.655936896800995 0.646845400333405 0.486215204000473 0.523119628429413 0.62262088060379 0.652447521686554 0.711867809295654 0.717248976230621 0.756332576274872 0.80515444278717 0.84373539686203 0.861199140548706 0.86585396528244 0.857294082641602 0.830583095550537 0.81272166967392 0.797800183296204 0.782423257827759 0.806062459945679 0.772720098495483 0.775222599506378 0.795214831829071 0.790613830089569 0.828554034233093 0.865442276000977 0.860840141773224
0.907754004001617 0.907050788402557 0.905942320823669 0.90260910987854 0.897788047790527 0.887082636356354 0.872080028057098 0.861627519130707 0.847097814083099 0.831253588199615 0.821992814540863 0.80122184753418 0.776780009269714 0.740460515022278 0.665245294570923 0.636447489261627 0.616152107715607 0.716779708862305 0.721384227275848 0.74607127904892 0.702886283397675 0.74418967962265 0.750020802021027 0.746485352516174 0.755759418010712 0.806008875370026 0.819605708122253 0.846830427646637 0.860175132751465 0.864367187023163 0.866666674613953 0.85188764333725 0.824231147766113 0.804211020469666 0.771245360374451 0.816794097423553 0.797921419143677 0.769004702568054 0.795012235641479 0.824200510978699 0.829107642173767 0.863150715827942 0.877452254295349 0.848577499389648
0.912491738796234 0.911689043045044 0.908578217029572 0.906717360019684 0.901641190052032 0.893704950809479 0.882960319519043 0.86230605840683 0.838332831859589 0.836867332458496 0.826017141342163 0.792084395885468 0.770432829856873 0.729231655597687 0.703452110290527 0.641288697719574 0.613662123680115 0.636843204498291 0.72774738073349 0.800620973110199 0.791464865207672 0.800054490566254 0.811052799224854 0.807994902133942 0.805767238140106 0.832714974880219 0.851593196392059 0.861642718315125 0.867906928062439 0.869942426681519 0.864864468574524 0.833300471305847 0.806066751480103 0.797423362731934 0.765684247016907 0.84704464673996 0.814130842685699 0.756385147571564 0.835938215255737 0.8557049036026 0.860551655292511 0.876131951808929 0.86463075876236 0.819275677204132
0.916201591491699 0.915270984172821 0.913396775722504 0.910076320171356 0.904198586940765 0.891764342784882 0.879202365875244 0.866744875907898 0.845377206802368 0.833620846271515 0.817534923553467 0.810533583164215 0.789965569972992 0.766936302185059 0.662015318870544 0.651814460754395 0.647948026657104 0.646803498268127 0.778610110282898 0.810528218746185 0.791541814804077 0.813634872436523 0.836834132671356 0.822659850120544 0.835903704166412 0.856331646442413 0.867232263088226 0.872529268264771 0.879530668258667 0.874626815319061 0.855805814266205 0.815783798694611 0.763221323490143 0.750490546226501 0.844930171966553 0.839522302150726 0.705897569656372 0.759389698505402 0.844308376312256 0.871876239776611 0.874093115329742 0.88260692358017 0.814512252807617 0.849774420261383
0.917802453041077 0.917102217674255 0.915696442127228 0.910963952541351 0.899830937385559 0.89653491973877 0.894042611122131 0.874794721603394 0.850063860416412 0.828105926513672 0.823451280593872 0.80501252412796 0.815183937549591 0.779255330562592 0.730610728263855 0.617987811565399 0.715526401996613 0.784919857978821 0.817689061164856 0.833454847335815 0.823819756507874 0.827487170696259 0.837819874286652 0.842255771160126 0.86520791053772 0.873981237411499 0.874494552612305 0.87741881608963 0.882822155952454 0.86848908662796 0.850313127040863 0.808676362037659 0.689062058925629 0.797415614128113 0.862550795078278 0.805374979972839 0.683870196342468 0.815677225589752 0.859346508979797 0.884427905082703 0.884957849979401 0.877120435237885 0.827021181583405 0.867784678936005
0.922496676445007 0.920113861560822 0.916065692901611 0.909891068935394 0.909306287765503 0.939420104026794 0.942483127117157 0.895316600799561 0.857747673988342 0.869139969348907 0.843171119689941 0.836921632289886 0.82689094543457 0.601489186286926 0.5663161277771 0.688591182231903 0.768925905227661 0.822903335094452 0.840238332748413 0.852460026741028 0.850409865379333 0.848965227603912 0.856365501880646 0.874443709850311 0.875760972499847 0.876548945903778 0.88262140750885 0.878457486629486 0.870968759059906 0.864139378070831 0.835066318511963 0.802970468997955 0.746867299079895 0.846188843250275 0.85242885351181 0.76536238193512 0.769811511039734 0.798210918903351 0.881216883659363 0.884595334529877 0.88401859998703 0.881671607494354 0.864205420017242 0.867622673511505
0.923675715923309 0.921739816665649 0.914154231548309 0.908045768737793 0.940235137939453 0.940770924091339 0.950900971889496 0.933781027793884 0.930357575416565 0.893050193786621 0.872663617134094 0.876937568187714 0.757687568664551 0.533024907112122 0.680905044078827 0.780318796634674 0.818239390850067 0.839008510112762 0.856010913848877 0.860694050788879 0.87192690372467 0.878300309181213 0.884005188941956 0.883614063262939 0.881323158740997 0.88731324672699 0.887539029121399 0.876622974872589 0.87472277879715 0.860170900821686 0.833595871925354 0.780153453350067 0.816208899021149 0.853225469589233 0.8285031914711 0.771613657474518 0.821632266044617 0.816222071647644 0.889544725418091 0.88901698589325 0.886427223682404 0.886549711227417 0.874122858047485 0.88583242893219
0.927098870277405 0.924803078174591 0.952009558677673 0.949442267417908 0.947554349899292 0.952758371829987 0.956099927425385 0.948881924152374 0.949678421020508 0.935699284076691 0.938777804374695 0.864078879356384 0.711586058139801 0.597389042377472 0.782723963260651 0.826783299446106 0.843185722827911 0.860567688941956 0.87762975692749 0.890730321407318 0.89606773853302 0.891323328018188 0.891544699668884 0.884545743465424 0.887907326221466 0.891256034374237 0.88493412733078 0.880249917507172 0.874127447605133 0.86478316783905 0.799173712730408 0.800222158432007 0.87206494808197 0.849638640880585 0.838236629962921 0.839194595813751 0.860908150672913 0.863651633262634 0.897949635982513 0.89417290687561 0.895516633987427 0.89045262336731 0.891888082027435 0.895907521247864
0.926692008972168 0.956010818481445 0.955443620681763 0.955043852329254 0.958456158638 0.959857821464539 0.9592325091362 0.959784984588623 0.958674788475037 0.950215637683868 0.951962232589722 0.940341413021088 0.818528711795807 0.740507185459137 0.849771916866302 0.863796830177307 0.870272755622864 0.90053778886795 0.90257602930069 0.902101337909698 0.899754762649536 0.896524369716644 0.892261862754822 0.88923716545105 0.896171927452087 0.89282488822937 0.882687211036682 0.873939216136932 0.885093688964844 0.868348360061646 0.838072061538696 0.859642028808594 0.88917064666748 0.866520643234253 0.846490919589996 0.875253021717072 0.888476848602295 0.881491959095001 0.9046630859375 0.900997459888458 0.902931988239288 0.899768531322479 0.903091609477997 0.899251639842987
0.926079094409943 0.956156849861145 0.95784854888916 0.959524393081665 0.959271550178528 0.961520254611969 0.961092352867126 0.962189853191376 0.959417223930359 0.95969820022583 0.957370460033417 0.956324577331543 0.937089443206787 0.887509167194366 0.882293105125427 0.897610306739807 0.905799031257629 0.913260221481323 0.911908566951752 0.906341373920441 0.906026482582092 0.903712749481201 0.893916189670563 0.900104999542236 0.899671792984009 0.891401648521423 0.876409471035004 0.891480028629303 0.891719877719879 0.884074985980988 0.865800023078918 0.881696224212646 0.892344117164612 0.884568572044373 0.862220764160156 0.885684728622437 0.911634802818298 0.914111793041229 0.912103950977325 0.901522159576416 0.909424304962158 0.907321155071259 0.905743479728699 0.887255012989044
0.926359236240387 0.956016063690186 0.958037555217743 0.958753526210785 0.961792767047882 0.961671590805054 0.963453114032745 0.964567363262177 0.963635623455048 0.9626544713974 0.962784886360168 0.955790877342224 0.941128492355347 0.948927223682404 0.952051758766174 0.951746821403503 0.953372657299042 0.923414826393127 0.917289078235626 0.915764212608337 0.909485399723053 0.904014647006989 0.900343716144562 0.901388108730316 0.903487265110016 0.893370628356934 0.886972963809967 0.905624508857727 0.898143112659454 0.885842680931091 0.845307111740112 0.899202704429626 0.900790333747864 0.905476212501526 0.888029515743256 0.885345637798309 0.915505766868591 0.921303033828735 0.918105721473694 0.909789204597473 0.910448789596558 0.914002120494843 0.893480956554413 0.864192545413971
0.956391930580139 0.956935226917267 0.96011757850647 0.95851993560791 0.962281942367554 0.962946951389313 0.963212788105011 0.965358436107635 0.966414868831635 0.964125514030457 0.964798390865326 0.960947513580322 0.962145388126373 0.961148321628571 0.961978793144226 0.961000382900238 0.958448529243469 0.957182049751282 0.926734685897827 0.920001685619354 0.916528642177582 0.909756422042847 0.906399011611938 0.907151222229004 0.908791780471802 0.909138560295105 0.90491783618927 0.911156952381134 0.902805745601654 0.895984828472137 0.875925064086914 0.899296700954437 0.914225578308105 0.892441093921661 0.875988066196442 0.900882542133331 0.92279452085495 0.926872074604034 0.923296988010406 0.922048985958099 0.91728675365448 0.921731650829315 0.920438945293427 0.913540005683899
0.954537332057953 0.957604050636292 0.959066867828369 0.959908068180084 0.961531519889832 0.963677942752838 0.964194416999817 0.965646743774414 0.964672923088074 0.965585887432098 0.965958893299103 0.965999722480774 0.965264737606049 0.965140402317047 0.964318931102753 0.962309181690216 0.962440490722656 0.959724545478821 0.957540690898895 0.927141427993774 0.920652687549591 0.915725708007812 0.913027703762054 0.912544131278992 0.914138853549957 0.920831263065338 0.919979214668274 0.923449158668518 0.91239994764328 0.898506045341492 0.890682280063629 0.917780756950378 0.923914968967438 0.907657563686371 0.906843483448029 0.92834997177124 0.933716475963593 0.932711958885193 0.930011451244354 0.935885310173035 0.93611603975296 0.937988579273224 0.940131366252899 0.941329836845398
0.955181956291199 0.95607191324234 0.958694577217102 0.961192786693573 0.961338520050049 0.964272320270538 0.965984582901001 0.966723620891571 0.966441690921783 0.966526806354523 0.966324746608734 0.966768085956573 0.967012465000153 0.967414140701294 0.966373920440674 0.967255592346191 0.965201377868652 0.965201377868652 0.962928473949432 0.933858573436737 0.929917454719543 0.921258509159088 0.920374870300293 0.920274078845978 0.928026735782623 0.926579892635345 0.930538833141327 0.932632684707642 0.929585218429565 0.912503182888031 0.908361971378326 0.92786580324173 0.95645809173584 0.914860010147095 0.91586434841156 0.958954095840454 0.96064567565918 0.961965978145599 0.962024390697479 0.96467524766922 0.945168137550354 0.946821987628937 0.947052955627441 0.946030795574188
0.955506384372711 0.957234859466553 0.959625840187073 0.961018443107605 0.963731467723846 0.964918673038483 0.966672897338867 0.966209053993225 0.967873752117157 0.969104290008545 0.967658519744873 0.969009637832642 0.969427525997162 0.968768358230591 0.970355212688446 0.969126284122467 0.969278275966644 0.969168424606323 0.967511713504791 0.966275811195374 0.963246405124664 0.937269330024719 0.933584213256836 0.933062016963959 0.93660968542099 0.936248183250427 0.960320055484772 0.960870444774628 0.959722936153412 0.954618752002716 0.902757287025452 0.959538638591766 0.958685278892517 0.957719326019287 0.955516874790192 0.958410859107971 0.965077340602875 0.965826869010925 0.965429484844208 0.967682600021362 0.9659623503685 0.944895267486572 0.942566215991974 0.947647035121918
0.954976558685303 0.957043349742889 0.958496928215027 0.962216436862946 0.962446987628937 0.964178144931793 0.967525660991669 0.968573331832886 0.969037711620331 0.969766497612 0.969728946685791 0.971952557563782 0.972306430339813 0.971208155155182 0.972747266292572 0.972480416297913 0.972163558006287 0.972798407077789 0.973144471645355 0.972417771816254 0.971560001373291 0.968711853027344 0.968348622322083 0.968338429927826 0.967398345470428 0.967326283454895 0.96578449010849 0.965685725212097 0.963482439517975 0.963550567626953 0.946915090084076 0.959912300109863 0.962969779968262 0.965434968471527 0.964574933052063 0.963742613792419 0.966694951057434 0.967317223548889 0.96742844581604 0.968490898609161 0.968676269054413 0.940211951732635 0.903417468070984 0.932501256465912
