data/climate_estimation/maxent_output/Tulipa_julia.asc
NCOLS 25 
NROWS 20 
XLLCORNER 44.1666666666667 
YLLCORNER 38.8333333333333 
CELLSIZE 0.0833333333333334 
NODATA_value -3.4e+38 
0.701569616794586 0.683544516563416 0.657968521118164 0.666110336780548 0.676251947879791 0.67354553937912 0.678427040576935 0.678718507289886 0.696022152900696 0.696753978729248 0.703165054321289 0.70381635427475 0.702297389507294 0.701263189315796 0.691705405712128 0.692051589488983 0.680815994739532 0.689598739147186 0.666304230690002 0.661534011363983 0.657394766807556 0.649691462516785 0.652952432632446 0.641441881656647 0.641878426074982
0.690119206905365 0.682012021541595 0.664657831192017 0.683565020561218 0.675021946430206 0.676962614059448 0.6914883852005 0.698012709617615 0.705151498317719 0.70744651556015 0.715580940246582 0.716425716876984 0.704979062080383 0.711522102355957 0.699811577796936 0.698432505130768 0.688721001148224 0.691709399223328 0.685379207134247 0.678437054157257 0.664516687393188 0.670093536376953 0.663312256336212 0.656214654445648 0.648863732814789
0.702930867671967 0.562415957450867 0.702274858951569 0.693791449069977 0.686504006385803 0.690799593925476 0.68810373544693 0.701733350753784 0.712303459644318 0.712131261825562 0.715917110443115 0.723658859729767 0.71531355381012 0.712955236434937 0.701916456222534 0.699083864688873 0.69622129201889 0.687661290168762 0.685457587242126 0.684462428092957 0.677995622158051 0.676814913749695 0.665111660957336 0.658429563045502 0.657638728618622
0.580305993556976 0.58178585767746 0.572107970714569 0.564321339130402 0.708804190158844 0.697752177715302 0.694323301315308 0.712771534919739 0.721782445907593 0.704264640808105 0.705248713493347 0.726001441478729 0.724817633628845 0.712851166725159 0.71866500377655 0.70787900686264 0.696858763694763 0.695795834064484 0.68510365486145 0.688113629817963 0.682174801826477 0.680746495723724 0.660768449306488 0.650262117385864 0.638156294822693
0.585170984268188 0.578823685646057 0.585651338100433 0.576556861400604 0.568156480789185 0.710233747959137 0.709068894386292 0.703105270862579 0.726014912128448 0.71525514125824 0.706879258155823 0.727208256721497 0.733304738998413 0.72877961397171 0.719460189342499 0.718595623970032 0.708872437477112 0.700662970542908 0.697113633155823 0.687041103839874 0.687046468257904 0.675393342971802 0.662833333015442 0.661422431468964 0.643683910369873
0.581923544406891 0.575263798236847 0.581441402435303 0.572137176990509 0.571681082248688 0.560507237911224 0.704095065593719 0.704124391078949 0.714656710624695 0.727378487586975 0.724564373493195 0.736197471618652 0.734719276428223 0.72342711687088 0.716389238834381 0.721644818782806 0.707594394683838 0.703986048698425 0.698142886161804 0.694138288497925 0.694186568260193 0.675328612327576 0.67127400636673 0.672797501087189 0.644623398780823
0.57138979434967 0.575906455516815 0.568439304828644 0.559344470500946 0.559609115123749 0.557691097259521 0.557821214199066 0.557740449905396 0.707456231117249 0.719479382038116 0.727167427539825 0.72766786813736 0.734400987625122 0.71682471036911 0.706603825092316 0.707059383392334 0.713518679141998 0.696912527084351 0.695596575737 0.688932001590729 0.68512761592865 0.685142040252686 0.686058580875397 0.669263422489166 0.657899975776672
0.550401747226715 0.558148384094238 0.561408162117004 0.560243546962738 0.550489783287048 0.560099363327026 0.551344931125641 0.559990227222443 0.71109938621521 0.723634004592896 0.728980302810669 0.726746380329132 0.72536426782608 0.712146580219269 0.721505761146545 0.712438225746155 0.712712407112122 0.703848004341125 0.710218071937561 0.690343499183655 0.681903660297394 0.67866450548172 0.681382417678833 0.671635746955872 0.668726027011871
0.722367703914642 0.71835720539093 0.559101223945618 0.562976241111755 0.537749409675598 0.550319969654083 0.544380009174347 0.542280972003937 0.569181621074677 0.711557030677795 0.720289289951324 0.707784414291382 0.707623481750488 0.701692163944244 0.701513588428497 0.709144353866577 0.708958864212036 0.705464422702789 0.697911083698273 0.69683313369751 0.681613743305206 0.681411981582642 0.682535171508789 0.672240078449249 0.666327953338623
0.608847856521606 0.59641444683075 0.739567995071411 0.565124690532684 0.54602313041687 0.548171758651733 0.547147989273071 0.544958531856537 0.543487071990967 0.544375360012054 0.556122064590454 0.54932689666748 0.545495927333832 0.694257378578186 0.695867717266083 0.695905089378357 0.691430330276489 0.694834470748901 0.699564278125763 0.695075154304504 0.697875916957855 0.68622362613678 0.676356256008148 0.681909203529358 0.669391632080078
0.577130734920502 0.600525856018066 0.603383421897888 0.57801628112793 0.54871529340744 0.536389410495758 0.551066994667053 0.54875248670578 0.538734257221222 0.536526203155518 0.545099198818207 0.544841706752777 0.71036958694458 0.719598531723022 0.712101519107819 0.700890481472015 0.699126064777374 0.707623064517975 0.70410031080246 0.698754131793976 0.68038147687912 0.682896852493286 0.677614212036133 0.681790411472321 0.673284888267517
0.580617845058441 0.571370780467987 0.571514070034027 0.567595839500427 0.575029611587524 0.572979211807251 0.554291307926178 0.540277123451233 0.539885342121124 0.540592312812805 0.539164483547211 0.53802227973938 0.544185996055603 0.719037771224976 0.701709806919098 0.700691819190979 0.696463525295258 0.701460480690002 0.700474202632904 0.696426391601562 0.67852920293808 0.685807585716248 0.670654773712158 0.679381966590881 0.675507307052612
0.605191230773926 0.580686748027802 0.572183549404144 0.572113871574402 0.571950316429138 0.563015580177307 0.547905027866364 0.541129589080811 0.535817503929138 0.54853218793869 0.524302661418915 0.53206205368042 0.549303472042084 0.546633660793304 0.540186882019043 0.546189248561859 0.53814172744751 0.530700027942657 0.678070247173309 0.690675914287567 0.691136062145233 0.677999496459961 0.674655675888062 0.665710747241974 0.667086720466614
0.612893581390381 0.605491638183594 0.580418467521667 0.564716160297394 0.559023141860962 0.548446178436279 0.563896417617798 0.544574320316315 0.531735062599182 0.535870432853699 0.526063919067383 0.533144176006317 0.522254645824432 0.526385188102722 0.524620890617371 0.529980063438416 0.535042881965637 0.524484694004059 0.676446318626404 0.686557710170746 0.680148780345917 0.678757965564728 0.676071226596832 0.671831011772156 0.673383414745331
0.61348956823349 0.610694646835327 0.601973652839661 0.580589354038239 0.580616056919098 0.558075726032257 0.545785665512085 0.53366219997406 0.539422571659088 0.53733229637146 0.535598635673523 0.526363611221313 0.536682426929474 0.518670737743378 0.524752557277679 0.5245720744133 0.512543916702271 0.524798154830933 0.533755362033844 0.534779727458954 0.539329707622528 0.679936051368713 0.677969992160797 0.681236386299133 0.668786346912384
0.617297828197479 0.623301863670349 0.612371742725372 0.608752489089966 0.603154301643372 0.563850581645966 0.555777966976166 0.537429988384247 0.544159531593323 0.524259090423584 0.529151737689972 0.534348011016846 0.524317681789398 0.523955106735229 0.527066588401794 0.524797260761261 0.526502132415771 0.52122974395752 0.52349066734314 0.530350267887115 0.542652368545532 0.548878848552704 0.543095529079437 0.527318298816681 0.529240012168884
0.627069532871246 0.621541678905487 0.601375877857208 0.598020613193512 0.582925736904144 0.576359510421753 0.571335017681122 0.554630935192108 0.53268837928772 0.529415488243103 0.533205509185791 0.513198792934418 0.519571244716644 0.51624858379364 0.516263782978058 0.521020770072937 0.512906551361084 0.520197987556458 0.516598880290985 0.519098162651062 0.523084819316864 0.538881421089172 0.545979142189026 0.533960580825806 0.526711702346802
0.628166496753693 0.614105820655823 0.601089358329773 0.604682564735413 0.592863917350769 0.601799249649048 0.588931441307068 0.574917018413544 0.531400978565216 0.536647319793701 0.521726191043854 0.510742127895355 0.502809643745422 0.515514194965363 0.524248600006104 0.518791973590851 0.517865538597107 0.518404424190521 0.516125798225403 0.520703256130219 0.523201465606689 0.524132013320923 0.537826299667358 0.53408008813858 0.523451745510101
0.624537706375122 0.618783116340637 0.614401042461395 0.607379138469696 0.593222558498383 0.601488828659058 0.578406572341919 0.55274498462677 0.538899183273315 0.529504656791687 0.512423694133759 0.517056345939636 0.509503126144409 0.52384889125824 0.519156992435455 0.526861667633057 0.513334512710571 0.51640373468399 0.522531569004059 0.528635263442993 0.527461171150208 0.522920489311218 0.525759100914001 0.52363395690918 0.528585135936737
0.612074136734009 0.619309723377228 0.601151525974274 0.598876774311066 0.584215879440308 0.588970899581909 0.562454283237457 0.551877439022064 0.534240961074829 0.517498135566711 0.506501495838165 0.509904026985168 0.504175245761871 0.498412191867828 0.517795741558075 0.51227068901062 0.509811043739319 0.511338353157043 0.509761929512024 0.515472948551178 0.517842292785645 0.528591573238373 0.527825117111206 0.534295976161957 0.53565913438797
