data/climate_estimation/maxent_output/Tulipa_undulatifolia.asc
NCOLS 595 
NROWS 83 
XLLCORNER 20.9166666666667 
YLLCORNER 35.25 
CELLSIZE 0.0833333333333333 
NODATA_value -3.4e+38 
[rows 60 to 79 of 83, columns 368 to 413 of 595]
-3.4e+38 -3.4e+38 -3.4e+38 -3.4e+38 -3.4e+38 -3.4e+38 -3.4e+38 -3.4e+38 -3.4e+38 -3.4e+38 -3.4e+38 -3.4e+38 -3.4e+38 -3.4e+38 -3.4e+38 -3.4e+38 0.638958990573883 0.680098414421082 0.680837094783783 0.68387895822525 0.714147388935089 0.879200100898743 0.892833471298218 0.904583930969238 0.902505099773407 0.917553782463074 0.929135799407959 0.91962993144989 0.924430429935455 0.93345707654953 0.912670373916626 0.92608517408371 0.914136111736298 0.926339268684387 0.902592897415161 0.907307744026184 0.919910609722137 0.923015415668488 0.927947700023651 0.952824652194977 0.960456073284149 0.975887894630432 0.98458057641983 0.982318043708801 0.994498193264008 0.997572243213654
-3.4e+38 -3.4e+38 -3.4e+38 -3.4e+38 -3.4e+38 -3.4e+38 -3.4e+38 -3.4e+38 -3.4e+38 -3.4e+38 -3.4e+38 -3.4e+38 -3.4e+38 -3.4e+38 -3.4e+38 -3.4e+38 0.630350410938263 0.625122606754303 0.650059163570404 0.644896686077118 0.680347144603729 0.847309112548828 0.867345929145813 0.866629660129547 0.883294582366943 0.884530186653137 0.893934905529022 0.897455811500549 0.887025058269501 0.899169027805328 0.902953684329987 0.902438342571259 0.887099266052246 0.897685170173645 0.871824502944946 0.874111771583557 0.904374599456787 0.899893879890442 0.929100453853607 0.93811309337616 0.949245572090149 0.968004405498505 0.983848333358765 0.992241561412811 0.996119678020477 0.999511659145355
0.409710586071014 0.407113373279572 0.413303703069687 0.41438415646553 0.441046088933945 0.450709283351898 0.457300752401352 0.489287853240967 0.502736985683441 0.527124226093292 0.54138457775116 0.57049286365509 0.607052087783813 0.605107665061951 0.589019358158112 0.608924210071564 0.61993819475174 0.624045729637146 0.621226847171783 0.629019439220428 0.655600130558014 0.815792381763458 0.843150973320007 0.858166635036469 0.862134754657745 0.873138129711151 0.879960834980011 0.872326791286469 0.869796812534332 0.88765424489975 0.866227030754089 0.877097427845001 0.876937031745911 0.856957674026489 0.853056848049164 0.868652760982513 0.88546097278595 0.881463587284088 0.927774727344513 0.927935361862183 0.954673588275909 0.987846255302429 0.992119491100311 0.997016131877899 0.999473571777344 0.997998595237732
0.4088514149189 0.404948741197586 0.409998774528503 0.409954160451889 0.439419060945511 0.424047112464905 0.42248609662056 0.436165392398834 0.462655425071716 0.499838888645172 0.537258565425873 0.570608079433441 0.60278856754303 0.595578849315643 0.581135272979736 0.589581191539764 0.582411706447601 0.570726096630096 0.592423796653748 0.586211442947388 0.625087261199951 0.788077354431152 0.832909524440765 0.814689040184021 0.836881756782532 0.848892033100128 0.869527816772461 0.852532625198364 0.859394967556 0.857240736484528 0.852551221847534 0.851211249828339 0.859544456005096 0.857545137405396 0.833761394023895 0.844596385955811 0.867554068565369 0.913564682006836 0.94406133890152 0.968376874923706 0.987514495849609 0.989307701587677 0.992260634899139 0.988079488277435 0.988588094711304 0.990536630153656
0.408522546291351 0.406625360250473 0.411317825317383 0.414785504341125 0.415476232767105 0.418723940849304 0.420433819293976 0.430320233106613 0.459191083908081 0.46889665722847 0.519051790237427 0.56632399559021 0.597141742706299 0.612492680549622 0.595906794071198 0.565881133079529 0.5608891248703 0.548349678516388 0.536483466625214 0.561892449855804 0.586538434028625 0.790253520011902 0.804644286632538 0.795159101486206 0.820868670940399 0.817537128925323 0.845164716243744 0.845641672611237 0.834604859352112 0.824479520320892 0.835302531719208 0.8198322057724 0.829867601394653 0.844547867774963 0.884454965591431 0.907373547554016 0.946259915828705 0.969922661781311 0.990240097045898 0.944755375385284 0.977031946182251 0.993849992752075 0.970384657382965 0.967859208583832 0.978329241275787 0.98677796125412
0.690455257892609 0.42531543970108 0.429612547159195 0.413318127393723 0.424131065607071 0.405781328678131 0.425360411405563 0.430236965417862 0.42710554599762 0.45102471113205 0.485596090555191 0.55879008769989 0.59448516368866 0.588346123695374 0.579309165477753 0.534739136695862 0.529802203178406 0.522761762142181 0.535108089447021 0.530912458896637 0.562378764152527 0.738896727561951 0.750467717647552 0.761243104934692 0.783513903617859 0.79428642988205 0.814119637012482 0.817001700401306 0.824925363063812 0.841277360916138 0.912566959857941 0.915361225605011 0.947154402732849 0.96639347076416 0.959142327308655 0.910591065883636 0.826208412647247 0.923902332782745 0.904328644275665 0.950641572475433 0.947724461555481 0.954156875610352 0.942272424697876 0.970925331115723 0.968729674816132 0.973357856273651
0.711960971355438 0.694543719291687 0.424956440925598 0.425421565771103 0.425897896289825 0.408108204603195 0.403678953647614 0.405847162008286 0.400459825992584 0.418281465768814 0.454326182603836 0.49552783370018 0.543099641799927 0.537366986274719 0.536360442638397 0.519658088684082 0.489422023296356 0.495530724525452 0.488600134849548 0.507515788078308 0.654701173305511 0.622949421405792 0.677351057529449 0.731488943099976 0.811289191246033 0.89247339963913 0.882664322853088 0.924706995487213 0.873288691043854 0.861601173877716 0.802882432937622 0.746223270893097 0.845112919807434 0.927633702754974 0.921697974205017 0.929140031337738 0.904678225517273 0.705728054046631 0.713894188404083 0.933434307575226 0.895254373550415 0.881327211856842 0.906525671482086 0.943378448486328 0.971037149429321 0.985526144504547
0.816642880439758 0.78667539358139 0.706957697868347 0.65902191400528 0.409645348787308 0.403214275836945 0.389438778162003 0.387989282608032 0.373337507247925 0.370863050222397 0.420276254415512 0.453901618719101 0.482438892126083 0.497711688280106 0.497767478227615 0.475496888160706 0.479906231164932 0.433640539646149 0.434520721435547 0.526243984699249 0.578508615493774 0.623083114624023 0.696448504924774 0.772919833660126 0.840344488620758 0.894186913967133 0.804472029209137 0.820533990859985 0.769856214523315 0.825512170791626 0.81049257516861 0.900359332561493 0.914381802082062 0.913599669933319 0.683501064777374 0.892898917198181 0.898023247718811 0.919598579406738 0.9372598528862 0.927562773227692 0.879868745803833 0.815587103366852 0.889168322086334 0.933545529842377 0.972242951393127 0.982871234416962
0.977599143981934 0.970985472202301 0.963680624961853 0.797666847705841 0.724299252033234 0.626550436019897 0.359382927417755 0.366857051849365 0.334017962217331 0.320838779211044 0.369183629751205 0.426921278238297 0.451161831617355 0.462779462337494 0.465085804462433 0.452568799257278 0.406675100326538 0.475518047809601 0.504134118556976 0.549367427825928 0.670161068439484 0.757867217063904 0.829804062843323 0.898829936981201 0.887354850769043 0.885984122753143 0.761279463768005 0.779670476913452 0.881279945373535 0.867332220077515 0.849832653999329 0.851203143596649 0.909787833690643 0.481122404336929 0.520064949989319 0.912509918212891 0.901086926460266 0.867090344429016 0.884876310825348 0.849414467811584 0.812279939651489 0.784659862518311 0.874920845031738 0.873280167579651 0.925261378288269 0.920490026473999
0.990681290626526 0.9821697473526 0.981774806976318 0.951376795768738 0.974932253360748 0.882337629795074 0.769675076007843 0.647339403629303 0.557022750377655 0.369976669549942 0.365156710147858 0.4090955555439 0.433361262083054 0.441794246435165 0.432794749736786 0.417175620794296 0.535379946231842 0.584980905056 0.633618652820587 0.643452942371368 0.762060642242432 0.841691970825195 0.879806101322174 0.861785650253296 0.733528316020966 0.839694499969482 0.859242379665375 0.846157968044281 0.877528309822083 0.837587058544159 0.734172105789185 0.788864433765411 0.897823393344879 0.881303548812866 0.871224045753479 0.877317368984222 0.901773452758789 0.823654115200043 0.818151473999023 0.793813407421112 0.766834557056427 0.853955090045929 0.799915015697479 0.822105050086975 0.88987398147583 0.899941504001617
0.938108205795288 0.995060205459595 0.995286643505096 0.980862379074097 0.976514875888824 0.980936229228973 0.968498229980469 0.941267013549805 0.872493028640747 0.701702177524567 0.657810747623444 0.607620477676392 0.628541469573975 0.640109062194824 0.62948352098465 0.657256662845612 0.703050076961517 0.780576407909393 0.761767625808716 0.746896803379059 0.857053518295288 0.869785964488983 0.857272803783417 0.802416443824768 0.734349370002747 0.708584427833557 0.693644106388092 0.907142758369446 0.874970138072968 0.731284260749817 0.734149694442749 0.724624335765839 0.794206082820892 0.79054868221283 0.86784690618515 0.86371910572052 0.841694355010986 0.851873397827148 0.843583643436432 0.837787568569183 0.802567064762115 0.776069343090057 0.833065032958984 0.872287392616272 0.869938135147095 0.892666757106781
0.921343684196472 0.904276371002197 0.936017394065857 0.92280638217926 0.907969534397125 0.978617191314697 0.965287446975708 0.91263073682785 0.896259069442749 0.882380127906799 0.944130599498749 0.918570518493652 0.83193039894104 0.749604225158691 0.6943678855896 0.751338362693787 0.762151062488556 0.784360289573669 0.921806812286377 0.897176384925842 0.84669691324234 0.893209993839264 0.807815432548523 0.607882380485535 0.686183035373688 0.73827451467514 0.73606550693512 0.810657501220703 0.692203938961029 0.80459201335907 0.666751861572266 0.75085574388504 0.819099426269531 0.87207043170929 0.92219340801239 0.946305930614471 0.948010623455048 0.923521995544434 0.881032288074493 0.852887213230133 0.755725979804993 0.802685618400574 0.757498145103455 0.828074514865875 0.82266104221344 0.860296070575714
0.622158944606781 0.897756159305573 0.913396060466766 0.879225194454193 0.557267308235168 0.832980155944824 0.860051572322845 0.914886116981506 0.961454749107361 0.889427483081818 0.937670707702637 0.929596781730652 0.897566795349121 0.84164822101593 0.825780630111694 0.816267549991608 0.931942462921143 0.869107723236084 0.90052604675293 0.802058517932892 0.910661935806274 0.706664204597473 0.596129596233368 0.606590151786804 0.824602723121643 0.747711181640625 0.660997331142426 0.729422211647034 0.845124363899231 0.61176198720932 0.710972130298615 0.867558360099792 0.87012243270874 0.864958167076111 0.87532639503479 0.910197615623474 0.910100340843201 0.953510522842407 0.883089005947113 0.88923168182373 0.862468302249908 0.805769205093384 0.813860297203064 0.856423079967499 0.792277038097382 0.846072733402252
0.267632484436035 0.264835834503174 0.265606641769409 0.242433577775955 0.204854041337967 0.253860384225845 0.542738676071167 0.938092947006226 0.814952790737152 0.943871974945068 0.78137218952179 0.783608257770538 0.473075479269028 0.763706684112549 0.83540153503418 0.639835953712463 0.789426028728485 0.818080961704254 0.695119142532349 0.604215264320374 0.706109046936035 0.849241733551025 0.836872577667236 0.763733923435211 0.668351709842682 0.836579263210297 0.783210694789886 0.781941413879395 0.579469919204712 0.683946073055267 0.746008813381195 0.80473130941391 0.858712375164032 0.863941967487335 0.904888868331909 0.859632849693298 0.903985321521759 0.903276264667511 0.873912811279297 0.922611355781555 0.884541630744934 0.894887864589691 0.846823513507843 0.877571165561676 0.768981635570526 0.817179143428802
0.282532423734665 0.278517484664917 0.257840186357498 0.273948758840561 0.261637300252914 0.23767177760601 0.168622747063637 0.801285982131958 0.822808384895325 0.221143215894699 0.219539016485214 0.21651503443718 0.203889444470406 0.745013892650604 0.756722867488861 0.887225806713104 0.762085318565369 0.607222974300385 0.60155463218689 0.690804362297058 0.397833466529846 0.659502148628235 0.701848804950714 0.6352618932724 0.607520222663879 0.602214753627777 0.668513000011444 0.631409227848053 0.583658277988434 0.632181763648987 0.676918208599091 0.74029666185379 0.796771705150604 0.791475892066956 0.796799898147583 0.867053091526031 0.850576281547546 0.834348678588867 0.866861820220947 0.86974048614502 0.833471238613129 0.892612338066101 0.840785026550293 0.856107532978058 0.853671610355377 0.832942247390747
0.508948743343353 0.509222626686096 0.475603193044662 0.451079368591309 0.443508625030518 0.417000323534012 0.413506358861923 0.745711207389832 0.396766036748886 0.19488400220871 0.191449731588364 0.377544224262238 0.368087261915207 0.692638039588928 0.684173107147217 0.72088348865509 0.620482921600342 0.697678923606873 0.784289479255676 0.5972700715065 0.606825947761536 0.657135128974915 0.639984667301178 0.529126167297363 0.698144733905792 0.588167428970337 0.504550099372864 0.543060839176178 0.512357175350189 0.552483737468719 0.607140243053436 0.668831944465637 0.724201261997223 0.785967826843262 0.794432103633881 0.795016229152679 0.863989889621735 0.808167576789856 0.808309853076935 0.890636444091797 0.885292291641235 0.836385905742645 0.855740249156952 0.851898550987244 0.882396221160889 0.834958493709564
0.831504285335541 0.788851976394653 0.74422025680542 0.360683470964432 0.418641149997711 0.406952738761902 0.391617178916931 0.211531013250351 0.206214606761932 0.172611072659492 0.683955132961273 0.598625004291534 0.577937066555023 0.536873579025269 0.497131437063217 0.539885342121124 0.59596049785614 0.306769013404846 0.324098527431488 0.617020130157471 0.593379259109497 0.516598045825958 0.568440198898315 0.454157263040543 0.459484606981277 0.532195329666138 0.5290447473526 0.507818937301636 0.53318202495575 0.57823771238327 0.594882249832153 0.596540093421936 0.713388681411743 0.717133581638336 0.653383731842041 0.7283074259758 0.803638100624084 0.747658789157867 0.817491710186005 0.815954923629761 0.815394759178162 0.781035542488098 0.847109198570251 0.814336538314819 0.829695224761963 0.610096991062164
0.773611485958099 0.774466872215271 0.653885960578918 0.625585675239563 0.583492994308472 0.585791051387787 0.309345245361328 0.172688022255898 0.165233582258224 0.321967154741287 0.351925879716873 0.274569243192673 0.506122887134552 0.448770791292191 0.5406174659729 0.253348171710968 0.560378193855286 0.523949980735779 0.552641153335571 0.533122956752777 0.442960411310196 0.374524146318436 0.37423250079155 0.377346575260162 0.516777694225311 0.422928959131241 0.423654496669769 0.544806599617004 0.416343659162521 0.504465699195862 0.503887057304382 0.510077238082886 0.560470640659332 0.645703077316284 0.714861690998077 0.699445247650146 0.714267313480377 0.729341447353363 0.729288339614868 0.752685129642487 0.76845395565033 0.72050154209137 0.525639653205872 0.540398001670837 0.518010318279266 0.559466421604156
0.346345037221909 0.675661385059357 0.707644879817963 0.636970937252045 0.523658871650696 0.210421651601791 0.47002238035202 0.19237619638443 0.220041826367378 0.219353720545769 0.189681887626648 0.183766707777977 0.382379919290543 0.426000326871872 0.230563670396805 0.284208238124847 0.263797044754028 0.441013306379318 0.370428383350372 0.341081231832504 0.384954273700714 0.367213487625122 0.401882648468018 0.385627001523972 0.308491855859756 0.305899232625961 0.319699674844742 0.507573902606964 0.48654904961586 0.462062388658524 0.591136753559113 0.531431972980499 0.571103990077972 0.678251802921295 0.656153917312622 0.656168401241302 0.698989570140839 0.700139939785004 0.705571234226227 0.790553748607635 0.71450936794281 0.664456903934479 0.490359306335449 0.485273867845535 0.540828883647919 0.545627117156982
0.903673410415649 0.815695762634277 0.781174540519714 0.542011260986328 0.202404081821442 0.212129890918732 0.173333257436752 0.393651604652405 0.155962914228439 0.158924147486687 0.360389173030853 0.367299139499664 0.159386396408081 0.226140290498734 0.260367542505264 0.212959408760071 0.173047065734863 0.34335258603096 0.308791637420654 0.273012548685074 0.353720128536224 0.316758841276169 0.249457910656929 0.333994507789612 0.33341708779335 0.355651348829269 0.454334765672684 0.308223932981491 0.286404639482498 0.312187224626541 0.484337508678436 0.543745458126068 0.542269945144653 0.526783585548401 0.538766384124756 0.550933539867401 0.647175550460815 0.654522001743317 0.635123431682587 0.700003445148468 0.757440328598022 0.742728114128113 0.779303431510925 0.555158138275146 0.562086045742035 0.623380064964294
