data/climate_estimation/maxent_output/Tulipa_systola.asc
NCOLS 238 
NROWS 92 
XLLCORNER 34 
YLLCORNER 30.25 
CELLSIZE 0.0833333333333333 
NODATA_value -3.4e+38 
[rows 0 to 18 of 92, columns 172 to 214 of 238]
0.00285795796662569 0.00430544838309288 0.00619208114221692 0.0028984509408474 0.00258929282426834 0.00703625800088048 0.0100821107625961 0.0166912395507097 0.0182905979454517 0.020783394575119 0.0207058098167181 0.0206670854240656 0.0214360523968935 0.0223523192107677 0.0225887186825275 0.021374985575676 0.0217351149767637 0.0199475642293692 0.0202411245554686 0.0206257943063974 0.0188924334943295 0.0191769041121006 0.0194843970239162 0.0190916024148464 0.0186447072774172 0.0188387762755156 0.0178371518850327 0.018560167402029 0.0175535213202238 0.0178314652293921 0.0180310066789389 0.0181545931845903 -3.4e+38 -3.4e+38 -3.4e+38 -3.4e+38 -3.4e+38 -3.4e+38 -3.4e+38 -3.4e+38 -3.4e+38 -3.4e+38 -3.4e+38
0.00360039644874632 0.00456174183636904 0.0048804865218699 0.00454012397676706 0.00312816118821502 0.00327903986908495 0.00892440509051085 0.0157251991331577 0.0184504520148039 0.0188647229224443 0.0193796623498201 0.0213554259389639 0.0212736632674932 0.02215869538486 0.0223300196230412 0.0212216712534428 0.0215239692479372 0.0205157622694969 0.0201066341251135 0.0184803605079651 0.0187918692827225 0.0190763492137194 0.0186379961669445 0.0188592858612537 0.0184789746999741 0.0180843695998192 0.0182705242186785 0.0172884240746498 0.0174803212285042 0.0176762137562037 0.0166801195591688 0.0162902344018221 -3.4e+38 -3.4e+38 -3.4e+38 -3.4e+38 -3.4e+38 -3.4e+38 -3.4e+38 -3.4e+38 -3.4e+38 -3.4e+38 -3.4e+38
0.00342275877483189 0.00368482200428843 0.00485136499628425 0.00585993146523833 0.00294821034185588 0.00495066773146391 0.00580376712605357 0.0128599284216762 0.0173408035188913 0.01892358250916 0.0193674024194479 0.0212920065969229 0.0211428683251143 0.0227414146065712 0.0221407692879438 0.0217624511569738 0.0221605021506548 0.0184347555041313 0.0187309142202139 0.0184159427881241 0.0187358912080526 0.0189507342875004 0.0173934809863567 0.0182469319552183 0.0183693338185549 0.0178838223218918 0.0169494673609734 0.017095785588026 0.016721349209547 0.0168731138110161 0.0170623324811459 0.0172775760293007 -3.4e+38 -3.4e+38 -3.4e+38 -3.4e+38 -3.4e+38 -3.4e+38 -3.4e+38 -3.4e+38 -3.4e+38 -3.4e+38 -3.4e+38
0.00365877896547318 0.00441000051796436 0.00465727318078279 0.00510478625074029 0.00347268115729094 0.0034051826223731 0.00587846664711833 0.00625807093456388 0.0144339771941304 0.0179256815463305 0.0194609984755516 0.0212526619434357 0.0217432174831629 0.021747263148427 0.0213240161538124 0.0202909056097269 0.0187384635210037 0.0190750993788242 0.0187605153769255 0.0172191988676786 0.0168655086308718 0.0171640794724226 0.0167357083410025 0.0163474548608065 0.0165130626410246 0.0166668258607388 0.0157182049006224 0.0164480730891228 0.016004515811801 0.0161824934184551 0.016351031139493 0.016492698341608 -3.4e+38 -3.4e+38 -3.4e+38 -3.4e+38 -3.4e+38 -3.4e+38 -3.4e+38 -3.4e+38 -3.4e+38 -3.4e+38 -3.4e+38
0.00462434813380241 0.00591975077986717 0.00592750124633312 0.00653435103595257 0.00516100693494081 0.00400882493704557 0.00452982354909182 0.00807793531566858 0.00931779574602842 0.0154938446357846 0.0197091270238161 0.0198968164622784 0.0217098593711853 0.021544873714447 0.0212596543133259 0.0183725524693727 0.0188347306102514 0.017303416505456 0.0170245822519064 0.0172646548599005 0.0158393904566765 0.0165459904819727 0.0166863743215799 0.0162558238953352 0.0158656649291515 0.016013503074646 0.0156258270144463 0.0157603770494461 0.0159072019159794 0.0160220563411713 0.0162144862115383 0.0164433773607016 -3.4e+38 -3.4e+38 -3.4e+38 -3.4e+38 -3.4e+38 -3.4e+38 -3.4e+38 -3.4e+38 -3.4e+38 -3.4e+38 -3.4e+38
0.00427454058080912 0.00593805406242609 0.00776942307129502 0.00699579296633601 0.00715433759614825 0.0045039989054203 0.00429013837128878 0.00608650082722306 0.00544219184666872 0.0147777264937758 0.0174956414848566 0.0195321068167686 0.0218599885702133 0.0202789343893528 0.0201117321848869 0.0180431921035051 0.0161157641559839 0.016385393217206 0.016096344217658 0.015760000795126 0.015918992459774 0.0155615443363786 0.0151353776454926 0.0157307405024767 0.014799639582634 0.0149169974029064 0.0155566297471523 0.0151525819674134 0.0152508765459061 0.0148720229044557 0.0150213725864887 0.0157208424061537 -3.4e+38 -3.4e+38 -3.4e+38 -3.4e+38 -3.4e+38 -3.4e+38 -3.4e+38 -3.4e+38 -3.4e+38 -3.4e+38 -3.4e+38
0.00439952174201608 0.0051905564032495 0.00880311895161867 0.00772452028468251 0.0060206213966012 0.00683728465810418 0.00503660691902041 0.00556738115847111 0.00484752608463168 0.0121099352836609 0.0161864422261715 0.0181656256318092 0.018457492813468 0.0178074184805155 0.0175226796418428 0.0156652797013521 0.0154562909156084 0.0151247978210449 0.0147815300151706 0.0148987649008632 0.0145388636738062 0.014120957814157 0.0141677977517247 0.0142674827948213 0.0138265443965793 0.0143818575888872 0.0149621246382594 0.0145588768646121 0.0146443825215101 0.0142928715795279 0.0149555401876569 0.0145962070673704 -3.4e+38 -3.4e+38 -3.4e+38 -3.4e+38 -3.4e+38 -3.4e+38 -3.4e+38 -3.4e+38 -3.4e+38 -3.4e+38 -3.4e+38
0.00428956700488925 0.00484135281294584 0.00531514221802354 0.00705975806340575 0.00561368186026812 0.00604027463123202 0.00687760533764958 0.00522220740094781 0.00833679735660553 0.0077766221947968 0.0133066279813647 0.0154677946120501 0.0157799646258354 0.0158510711044073 0.0145252738147974 0.0138043267652392 0.0134819410741329 0.013120761141181 0.0141126681119204 0.013703903183341 0.0132672684267163 0.0133052170276642 0.0128937596455216 0.0138069456443191 0.0138523038476706 0.0143237886950374 0.0144250020384789 0.0139809064567089 0.014084380120039 0.0137622049078345 0.0138593222945929 0.014009459875524 -3.4e+38 -3.4e+38 -3.4e+38 -3.4e+38 -3.4e+38 -3.4e+38 -3.4e+38 -3.4e+38 -3.4e+38 -3.4e+38 -3.4e+38
0.00550197251141071 0.00481664808467031 0.00533583480864763 0.0058414014056325 0.00634698756039143 0.00917897466570139 0.00888236798346043 0.00693021155893803 0.00541652273386717 0.00452626403421164 0.00943849794566631 0.0123215159401298 0.0130496257916093 0.0131164342164993 0.0115975746884942 0.0125647047534585 0.0121574550867081 0.0121654281392694 0.01258241571486 0.0121518634259701 0.0119518106803298 0.012223937548697 0.0130034871399403 0.0125501630827785 0.0129847405478358 0.01299430988729 0.0134515427052975 0.0134715409949422 0.0130663746967912 0.0136803900822997 0.0133646493777633 0.0134633770212531 -3.4e+38 -3.4e+38 -3.4e+38 -3.4e+38 -3.4e+38 -3.4e+38 -3.4e+38 -3.4e+38 -3.4e+38 -3.4e+38 -3.4e+38
0.00791778787970543 0.00563765969127417 0.00524131488054991 0.00588181987404823 0.00618375092744827 0.00723465345799923 0.00889725796878338 0.00907562393695116 0.00571227725595236 0.00661809183657169 0.00511322636157274 0.00831884238868952 0.0098296981304884 0.0104419710114598 0.00918014533817768 0.00942729040980339 0.0105942878872156 0.0102925300598145 0.0101754441857338 0.00762646133080125 0.00936361495405436 0.010096755810082 0.0114977257326245 0.0117870084941387 0.0125954039394855 0.0121316853910685 0.0129441861063242 0.0125495297834277 0.0126210013404489 0.0127540687099099 0.0128498999401927 0.0129783526062965 -3.4e+38 -3.4e+38 -3.4e+38 -3.4e+38 -3.4e+38 -3.4e+38 -3.4e+38 -3.4e+38 -3.4e+38 -3.4e+38 -3.4e+38
0.0110063487663865 0.0107886670157313 0.0101518891751766 0.00688804220408201 0.00638212030753493 0.0070866197347641 0.00702845398336649 0.0104648265987635 0.0119803082197905 0.0103494850918651 0.007131552323699 0.00955365784466267 0.00657971203327179 0.00622374005615711 0.00593506311997771 0.00775930285453796 0.00716631207615137 0.00624166522175074 0.00485928310081363 0.00958916451781988 0.00522819720208645 0.00521039636805654 0.00779715785756707 0.0101177543401718 0.0105200428515673 0.0118650002405047 0.012533025816083 0.0124957598745823 0.0121525824069977 0.0122649371623993 0.0119445594027638 0.0120885511860251 -3.4e+38 -3.4e+38 -3.4e+38 -3.4e+38 -3.4e+38 -3.4e+38 -3.4e+38 -3.4e+38 -3.4e+38 -3.4e+38 -3.4e+38
0.0127559714019299 0.013408618979156 0.0136508401483297 0.0126901995390654 0.00699508935213089 0.00743194622918963 0.00769207859411836 0.00722867017611861 0.00926265027374029 0.0132778855040669 0.0101117715239525 0.00894239731132984 0.00864430889487267 0.0095885843038559 0.00566729065030813 0.00495386542752385 0.00419279374182224 0.00984616577625275 0.00878664292395115 0.0106736877933145 0.00876194890588522 0.00992372632026672 0.00844280887395144 0.00484502082690597 0.00876074098050594 0.0107414685189724 0.00745441811159253 0.0111539447680116 0.0121208196505904 0.0114562408998609 0.0111987870186567 0.0109371738508344 0.0114075886085629 0.0115086566656828 0.0120018813759089 0.010960292071104 0.0118421139195561 0.01164719928056 0.0118129896000028 0.01279550883919 0.0126455184072256 0.0124196177348495 0.01223851647228
0.0159589014947414 0.0145922331139445 0.0130480257794261 0.0149489659816027 0.0132917463779449 0.00794822722673416 0.00682519841939211 0.00832566432654858 0.007231873460114 0.00941484607756138 0.0138440346345305 0.013327831402421 0.0100467950105667 0.00455111358314753 0.00524306995794177 0.00860080774873495 0.0137224346399307 0.0145301017910242 0.0170791186392307 0.0154752982780337 0.0149746360257268 0.0130723565816879 0.00833814032375813 0.0126211140304804 0.0150714358314872 0.0124154603108764 0.00791975855827332 0.00522361835464835 0.00949531048536301 0.0103818522766232 0.0104712182655931 0.0105522377416492 0.010650971904397 0.010743660852313 0.0101194176822901 0.011316342279315 0.0110419122502208 0.0119574042037129 0.0121108405292034 0.0123680084943771 0.0117438798770308 0.0119636589661241 0.0117992637678981
0.0194365158677101 0.0195780768990517 0.0158521458506584 0.0150089673697948 0.0151073429733515 0.0137342102825642 0.0103326784446836 0.00679117254912853 0.00818422995507717 0.00848452374339104 0.00768966367468238 0.00812880787998438 0.00844656582921743 0.00865704379975796 0.011228091083467 0.00985423382371664 0.0134491240605712 0.019271120429039 0.0185655672103167 0.0198974013328552 0.0177780613303185 0.0171797219663858 0.0177328437566757 0.0135680427774787 0.0224134232848883 0.0187315288931131 0.0132537633180618 0.00838190596550703 0.00492048682644963 0.00850473903119564 0.00926720723509789 0.00961148459464312 0.00964960362762213 0.0100315911695361 0.0104766497388482 0.010509037412703 0.0109904669225216 0.0110978521406651 0.0112379044294357 0.0114707397297025 0.0113299498334527 0.0115919262170792 0.0118180755525827
0.0176512505859137 0.0209565125405788 0.0180209185928106 0.0158289168030024 0.0153521802276373 0.0160271599888802 0.0155378058552742 0.0154590830206871 0.0103113297373056 0.0075733782723546 0.00763857597485185 0.0086366469040513 0.0040647299028933 0.00839388556778431 0.0114420242607594 0.0232795886695385 0.0227499101310968 0.0223165825009346 0.0229247268289328 0.0246235746890306 0.0260847415775061 0.0246048662811518 0.0257969032973051 0.0192886050790548 0.0181770157068968 0.0338189862668514 0.0220873802900314 0.0142748914659023 0.0083805238828063 0.0106293186545372 0.00582919456064701 0.00680307066068053 0.0083277877420187 0.00882354006171227 0.00979278329759836 0.0102224908769131 0.0105711212381721 0.0329190902411938 0.0344277545809746 0.033969834446907 0.0112667372450233 0.0115349199622869 0.0110594118013978
0.0216609314084053 0.0223551262170076 0.0225394815206528 0.0215538199990988 0.0181171838194132 0.0193918943405151 0.0194538701325655 0.0190421212464571 0.0181351210922003 0.020382646471262 0.0192385092377663 0.0126041099429131 0.00805013719946146 0.00850972160696983 0.00854077562689781 0.008335723541677 0.00903641246259212 0.00956240203231573 0.00994983967393637 0.0110068833455443 0.0135426418855786 0.016145272180438 0.0232994854450226 0.024489251896739 0.0288766324520111 0.0338255725800991 0.00981245469301939 0.0320125669240952 0.0136618679389358 0.00924783945083618 0.00803817994892597 0.00835163332521915 0.0101855406537652 0.0111657157540321 0.0115122413262725 0.0124643892049789 0.0216745901852846 0.0259301606565714 0.0288276039063931 0.0320017300546169 0.0313932672142982 0.0104857375845313 0.0103824138641357
0.0222656633704901 0.0240316931158304 0.0209600105881691 0.0170726682990789 0.0211300831288099 0.0214786697179079 0.0255154427140951 0.0245558731257915 0.0233024004846811 0.0245558731257915 0.0274998061358929 0.0166603364050388 0.0118587873876095 0.0113429594784975 0.00870925094932318 0.0132621265947819 0.0161602534353733 0.032340332865715 0.0302839111536741 0.0224796533584595 0.0203280802816153 0.0137143032625318 0.0118863005191088 0.0195523239672184 0.0332009755074978 0.0163141209632158 0.0147355562075973 0.0304690208286047 0.00930412858724594 0.0176973771303892 0.0185477044433355 0.0178152061998844 0.01416673976928 0.0104585839435458 0.00972146727144718 0.00975879468023777 0.011001561768353 0.00958542712032795 0.0114486329257488 0.0100529585033655 0.0114457253366709 0.0167126916348934 0.0233041476458311
0.023173188790679 0.0236283335834742 0.0232594907283783 0.0254878010600805 0.0228767357766628 0.0179123170673847 0.0267353951931 0.0254540406167507 0.0279960818588734 0.026126928627491 0.0264614876359701 0.0218048710376024 0.0214896816760302 0.0220975708216429 0.0172912459820509 0.0393368639051914 0.0431521460413933 0.0404878556728363 0.0477034188807011 0.0417346246540546 0.0430379062891006 0.0402919426560402 0.0200522169470787 0.0118017178028822 0.01896015368402 0.0211652088910341 0.0220350623130798 0.0305193644016981 0.0508486963808537 0.0308909527957439 0.0216486360877752 0.0143821146339178 0.0262495372444391 0.0171431340277195 0.013336930423975 0.0108518209308386 0.010482364334166 0.0103629529476166 0.0143071785569191 0.0125931538641453 0.0120680322870612 0.0120670022442937 0.010537451133132
0.0241002552211285 0.0254120882600546 0.0241588596254587 0.0264688599854708 0.0248507987707853 0.0256829857826233 0.0256424508988857 0.0250792000442743 0.0252627916634083 0.0296479165554047 0.0276827421039343 0.0306914187967777 0.0335299409925938 0.0216899421066046 0.0208468120545149 0.0315465219318867 0.0402449518442154 0.0388040393590927 0.0354534387588501 0.0343145281076431 0.0407871901988983 0.0475155673921108 0.0452257953584194 0.0383444726467133 0.0247133113443851 0.019825691357255 0.0218973681330681 0.0249168109148741 0.0371941439807415 0.0551282055675983 0.0166188478469849 0.0109471390023828 0.01332086045295 0.0136147309094667 0.0149599276483059 0.0110305724665523 0.0158656388521194 0.0167374480515718 0.015063083730638 0.0138781256973743 0.012289279140532 0.0113938366994262 0.0104048978537321
