data/climate_estimation/maxent_output/Tulipa_lehmanniana.asc
NCOLS 200 
NROWS 126 
XLLCORNER 60.8333333333333 
YLLCORNER 34.0833333333333 
CELLSIZE 0.0833333333333334 
NODATA_value -3.4e+38 
[rows 95 to 113 of 126, columns 0 to 43 of 200]
0.994426548480988 0.996769666671753 0.99774158000946 0.99802964925766 0.998326122760773 0.998643040657043 0.998648464679718 0.998534083366394 0.996879696846008 0.996097385883331 0.993287026882172 0.991456210613251 0.989330530166626 0.986862123012543 0.983153700828552 0.977520883083344 0.97270929813385 0.966416299343109 0.962173759937286 0.961654663085938 0.956962585449219 0.937711954116821 0.90604954957962 0.90558272600174 0.860521852970123 0.845205366611481 0.808335304260254 0.792807400226593 0.758678197860718 0.728957712650299 0.721482753753662 0.682248055934906 0.677548348903656 0.559517860412598 0.537321627140045 0.547537207603455 0.51983118057251 0.51690936088562 0.504016935825348 0.50656133890152 0.496299237012863 0.488658547401428 0.526173710823059 0.535739362239838
0.971973478794098 0.992033421993256 0.996968567371368 0.997915744781494 0.998806476593018 0.998662292957306 0.998117804527283 0.997421205043793 0.996526598930359 0.994551599025726 0.991153717041016 0.988903641700745 0.986089825630188 0.981278538703918 0.977466464042664 0.974892497062683 0.965912222862244 0.95811653137207 0.953490734100342 0.949467420578003 0.949095606803894 0.925905525684357 0.876513063907623 0.840680360794067 0.815192461013794 0.770633935928345 0.760764420032501 0.734017610549927 0.703593015670776 0.700632333755493 0.64441454410553 0.646696090698242 0.625349104404449 0.538613200187683 0.493435770273209 0.480390787124634 0.479659080505371 0.459701597690582 0.471601754426956 0.460503756999969 0.454688131809235 0.461817800998688 0.500025868415833 0.52313619852066
0.961836993694305 0.981952250003815 0.993792831897736 0.9974764585495 0.997631311416626 0.997659146785736 0.997293293476105 0.996433436870575 0.994996309280396 0.992904543876648 0.989252984523773 0.985566377639771 0.982320189476013 0.978623151779175 0.974785804748535 0.967802107334137 0.957007765769958 0.948855459690094 0.940455615520477 0.935530960559845 0.938337206840515 0.932186782360077 0.885417520999908 0.835216045379639 0.765840530395508 0.713240683078766 0.707020401954651 0.676460027694702 0.670907199382782 0.64702844619751 0.632254600524902 0.598713457584381 0.586171805858612 0.502775728702545 0.483237773180008 0.443660467863083 0.422697871923447 0.416443318128586 0.395106077194214 0.412265986204147 0.408632755279541 0.428843557834625 0.456287980079651 0.486645460128784
0.967371582984924 0.979959428310394 0.987519025802612 0.995306551456451 0.99309903383255 0.994203865528107 0.995091617107391 0.994459867477417 0.992202639579773 0.988224804401398 0.986535668373108 0.982257127761841 0.977511048316956 0.970703840255737 0.968157052993774 0.958246052265167 0.942102313041687 0.940006196498871 0.928758561611176 0.925404071807861 0.920177280902863 0.920437693595886 0.881386339664459 0.834693729877472 0.757057428359985 0.679522216320038 0.667409121990204 0.653990745544434 0.606916844844818 0.596964299678802 0.568074107170105 0.545821666717529 0.527210474014282 0.452952057123184 0.444031208753586 0.43552502989769 0.403705149888992 0.388225048780441 0.378562837839127 0.381781429052353 0.401064723730087 0.439796566963196 0.477646887302399 0.481216073036194
0.952526450157166 0.966827392578125 0.978326797485352 0.987568318843842 0.98474133014679 0.989631772041321 0.990089476108551 0.986562013626099 0.982763350009918 0.973401427268982 0.978459715843201 0.974646091461182 0.970497727394104 0.966017305850983 0.95493870973587 0.944981217384338 0.93503737449646 0.920921981334686 0.914230346679688 0.90747344493866 0.901629626750946 0.908601403236389 0.873559534549713 0.821976184844971 0.76574969291687 0.724081039428711 0.706364095211029 0.627018213272095 0.579664647579193 0.584432661533356 0.569356501102448 0.510380506515503 0.487835288047791 0.474098712205887 0.403034508228302 0.405084818601608 0.387399524450302 0.362233638763428 0.404952108860016 0.428591966629028 0.430857300758362 0.429324448108673 0.461927145719528 0.493400514125824
0.903885126113892 0.930791556835175 0.932945191860199 0.969360649585724 0.983722567558289 0.964866161346436 0.948153972625732 0.963445127010345 0.969470798969269 0.969287574291229 0.968890368938446 0.963797390460968 0.957318961620331 0.946936726570129 0.94017106294632 0.935508549213409 0.912090241909027 0.903598189353943 0.901112079620361 0.899536073207855 0.894757807254791 0.891473650932312 0.873370170593262 0.801556825637817 0.790214538574219 0.750137269496918 0.713808119297028 0.651611983776093 0.592334091663361 0.589817762374878 0.563830077648163 0.508409559726715 0.448251247406006 0.425084739923477 0.396616667509079 0.38827845454216 0.356739640235901 0.361326426267624 0.391017884016037 0.415215343236923 0.423921972513199 0.425809174776077 0.426297336816788 0.456420212984085
0.814629971981049 0.83485358953476 0.902178108692169 0.942480087280273 0.962634444236755 0.921951353549957 0.908651888370514 0.909982860088348 0.950065195560455 0.961215853691101 0.958603918552399 0.951627254486084 0.942677199840546 0.933644533157349 0.929106295108795 0.918812811374664 0.90105664730072 0.89733874797821 0.894334018230438 0.881997883319855 0.881008982658386 0.882535517215729 0.870920479297638 0.830178737640381 0.791082322597504 0.751178324222565 0.692130565643311 0.633397221565247 0.605456173419952 0.597352027893066 0.596076190471649 0.558340907096863 0.47811034321785 0.475598037242889 0.47695380449295 0.399293005466461 0.369808822870255 0.365310192108154 0.349653333425522 0.337234288454056 0.34432190656662 0.338391065597534 0.350657284259796 0.356142848730087
0.762587428092957 0.839006066322327 0.868289589881897 0.916553020477295 0.919384479522705 0.904118597507477 0.921499907970428 0.92375910282135 0.923943161964417 0.934698700904846 0.943195581436157 0.946143865585327 0.938659250736237 0.932453215122223 0.920329988002777 0.875364780426025 0.872317731380463 0.865799605846405 0.8786980509758 0.872803211212158 0.866192221641541 0.85743635892868 0.854102194309235 0.832968771457672 0.796631813049316 0.759505450725555 0.709445536136627 0.678622603416443 0.631988823413849 0.623310029506683 0.587082147598267 0.545573592185974 0.533388435840607 0.480570286512375 0.47162938117981 0.436890214681625 0.377992123365402 0.368257999420166 0.343320816755295 0.319038987159729 0.322204411029816 0.331735789775848 0.329785197973251 0.333330810070038
0.569464981555939 0.654325187206268 0.809396803379059 0.8849276304245 0.90149199962616 0.931372880935669 0.92984801530838 0.891698002815247 0.8881596326828 0.8875852227211 0.911210775375366 0.902394831180573 0.898055672645569 0.88443511724472 0.883330345153809 0.862028837203979 0.885803163051605 0.859494388103485 0.848944902420044 0.840219378471375 0.84829193353653 0.842464745044708 0.839466273784637 0.821017622947693 0.802214026451111 0.785915553569794 0.76407378911972 0.699567973613739 0.67367947101593 0.638341009616852 0.579383850097656 0.542284846305847 0.54193514585495 0.499466866254807 0.475159555673599 0.455213367938995 0.432188779115677 0.367378175258636 0.320787280797958 0.317980945110321 0.324463814496994 0.332196563482285 0.326034903526306 0.321130394935608
0.562229216098785 0.591764688491821 0.574195504188538 0.628325283527374 0.844155371189117 0.816322684288025 0.839581489562988 0.834944069385529 0.806740641593933 0.802094697952271 0.809286832809448 0.804422676563263 0.799131274223328 0.797224402427673 0.802661120891571 0.834635853767395 0.834712982177734 0.789565682411194 0.847720265388489 0.844676494598389 0.844163298606873 0.838498592376709 0.824983537197113 0.795312106609344 0.782180666923523 0.774185717105865 0.764690160751343 0.734504878520966 0.676026880741119 0.630188882350922 0.587727189064026 0.561767518520355 0.505290329456329 0.502789676189423 0.485344052314758 0.44568008184433 0.439789265394211 0.392081618309021 0.345656186342239 0.315814793109894 0.316189736127853 0.297475427389145 0.283944487571716 0.290244936943054
0.628905296325684 0.693482458591461 0.726766467094421 0.728406965732574 0.794962525367737 0.839919805526733 0.662371516227722 0.726352870464325 0.737276196479797 0.72180587053299 0.74943482875824 0.784044682979584 0.796629369258881 0.818448543548584 0.786618530750275 0.810026884078979 0.804894685745239 0.851085603237152 0.830952405929565 0.804233908653259 0.816266477108002 0.819936156272888 0.769362449645996 0.772834837436676 0.758791744709015 0.769079208374023 0.7240851521492 0.738580584526062 0.67445319890976 0.625011563301086 0.576998829841614 0.552752375602722 0.547595620155334 0.548601925373077 0.512432515621185 0.453149408102036 0.406915128231049 0.372259020805359 0.328186810016632 0.301554769277573 0.264199167490005 0.222257256507874 0.23034593462944 0.227508068084717
0.569713473320007 0.656435072422028 0.74193948507309 0.808647274971008 0.831989943981171 0.751063168048859 0.682475030422211 0.709274709224701 0.76498281955719 0.812686622142792 0.8324174284935 0.878365576267242 0.887565076351166 0.880253076553345 0.864302814006805 0.78173416852951 0.821477591991425 0.825949490070343 0.766165792942047 0.809820294380188 0.813082575798035 0.8075031042099 0.730789721012115 0.74914824962616 0.73840594291687 0.730885922908783 0.717488050460815 0.691668033599854 0.686732411384583 0.662232398986816 0.609057724475861 0.58803391456604 0.546063780784607 0.50355988740921 0.450841188430786 0.43242409825325 0.385574966669083 0.338433802127838 0.29601976275444 0.269911050796509 0.21723784506321 0.199943602085114 0.181433230638504 0.172724902629852
0.509329259395599 0.591341316699982 0.675421357154846 0.76017701625824 0.828482091426849 0.797289550304413 0.749556541442871 0.761054813861847 0.760244965553284 0.84462296962738 0.831566512584686 0.861003279685974 0.863332450389862 0.861984312534332 0.823771595954895 0.77958083152771 0.776433229446411 0.755919277667999 0.783041775226593 0.800820827484131 0.795473635196686 0.786409139633179 0.742646932601929 0.713832974433899 0.716279149055481 0.712063848972321 0.681376516819 0.617637455463409 0.640534698963165 0.652256846427917 0.598132967948914 0.533179223537445 0.468772053718567 0.433161646127701 0.382447868585587 0.363349765539169 0.311416238546371 0.258956164121628 0.251478046178818 0.235845506191254 0.19949246942997 0.202226221561432 0.194578438997269 0.194186195731163
0.391956299543381 0.404620736837387 0.575334787368774 0.724087417125702 0.8037189245224 0.815335094928741 0.777619540691376 0.757845401763916 0.756564915180206 0.723717629909515 0.75424063205719 0.798170149326324 0.81764829158783 0.792542040348053 0.801057457923889 0.781970739364624 0.720481514930725 0.776371896266937 0.777671813964844 0.779681503772736 0.790765523910522 0.774443328380585 0.730644285678864 0.706220924854279 0.697745621204376 0.689181447029114 0.675692856311798 0.598087906837463 0.590680360794067 0.590305805206299 0.610889196395874 0.491314470767975 0.385340601205826 0.270531505346298 0.220009878277779 0.225726053118706 0.206186935305595 0.162431567907333 0.167148515582085 0.191400915384293 0.168576315045357 0.168585494160652 0.173579037189484 0.172519564628601
0.327698856592178 0.369514673948288 0.45365697145462 0.646707952022552 0.793307662010193 0.809042930603027 0.789385437965393 0.75537770986557 0.757034122943878 0.713870346546173 0.769066631793976 0.756893694400787 0.76674747467041 0.765245616436005 0.779810011386871 0.764689803123474 0.757366895675659 0.779640138149261 0.793550133705139 0.769744634628296 0.76329493522644 0.749156773090363 0.714267134666443 0.658972561359406 0.632740557193756 0.671065747737885 0.638391554355621 0.496916592121124 0.405608773231506 0.342642337083817 0.500357151031494 0.330931514501572 0.196045592427254 0.178669571876526 0.151033103466034 0.155728846788406 0.160156592726707 0.161755621433258 0.161379680037498 0.167982071638107 0.172961011528969 0.175617724657059 0.174058154225349 0.172623932361603
0.493529289960861 0.476704359054565 0.534501850605011 0.609905123710632 0.764335095882416 0.719403803348541 0.754936635494232 0.734888255596161 0.698235392570496 0.727043688297272 0.772684752941132 0.814776837825775 0.813757419586182 0.814088940620422 0.802572846412659 0.797222673892975 0.785211503505707 0.770475208759308 0.779749035835266 0.741452693939209 0.736501514911652 0.736869990825653 0.691542446613312 0.627948760986328 0.659632802009583 0.672431647777557 0.537200391292572 0.423044562339783 0.330538868904114 0.270753562450409 0.317140281200409 0.465126663446426 0.237499445676804 0.196473151445389 0.18202118575573 0.16609950363636 0.188533216714859 0.194284975528717 0.203072503209114 0.187658369541168 0.188511863350868 0.185265004634857 0.181516274809837 0.195644870400429
0.638799905776978 0.639270007610321 0.661642014980316 0.749225556850433 0.778826296329498 0.73592334985733 0.664264380931854 0.70321661233902 0.707210719585419 0.781875669956207 0.787132382392883 0.804307281970978 0.788856983184814 0.781891047954559 0.746134996414185 0.755411207675934 0.720812678337097 0.712739527225494 0.76030707359314 0.690198540687561 0.642868041992188 0.685729503631592 0.619469165802002 0.568650901317596 0.634690225124359 0.658141672611237 0.591257810592651 0.50460684299469 0.457735151052475 0.405265241861343 0.414500087499619 0.495241314172745 0.358797371387482 0.317368537187576 0.211787968873978 0.19468966126442 0.203500807285309 0.20343405008316 0.210184276103973 0.218330949544907 0.226145073771477 0.211063161492348 0.218687415122986 0.216128617525101
0.719746530056 0.743899941444397 0.763029038906097 0.787332773208618 0.716127872467041 0.725107908248901 0.712899565696716 0.659855961799622 0.711077809333801 0.762409210205078 0.784018337726593 0.778921484947205 0.786940693855286 0.766596376895905 0.705473244190216 0.709527790546417 0.734310448169708 0.725697994232178 0.729087948799133 0.705037891864777 0.658619523048401 0.613981008529663 0.594505369663239 0.637699604034424 0.652282774448395 0.608563423156738 0.586111128330231 0.482358574867249 0.374221384525299 0.337193489074707 0.366860032081604 0.36820775270462 0.312989890575409 0.201111420989037 0.241020560264587 0.276752054691315 0.236887156963348 0.212803274393082 0.218126475811005 0.231075957417488 0.246069118380547 0.224331647157669 0.22788405418396 0.234420165419579
0.774402856826782 0.772449135780334 0.779373049736023 0.784697532653809 0.784282207489014 0.729358077049255 0.669303715229034 0.687699198722839 0.729753851890564 0.741806745529175 0.784346222877502 0.775209724903107 0.775730192661285 0.72319483757019 0.727970957756042 0.727343797683716 0.695807993412018 0.699441611766815 0.71084463596344 0.710561811923981 0.677826583385468 0.62764710187912 0.632699847221375 0.61615377664566 0.586154103279114 0.501068890094757 0.575284540653229 0.524369657039642 0.435398459434509 0.385619729757309 0.28773757815361 0.304225951433182 0.17207258939743 0.174321219325066 0.182974651455879 0.208450689911842 0.251253962516785 0.222543284296989 0.238816484808922 0.253172755241394 0.271228611469269 0.270957618951797 0.278385609388351 0.26188388466835
