data/climate_estimation/maxent_output/Tulipa_undulatifolia.asc
NCOLS 595 
NROWS 83 
XLLCORNER 20.9166666666667 
YLLCORNER 35.25 
CELLSIZE 0.0833333333333333 
NODATA_value -3.4e+38 
[rows 40 to 59 of 83, columns 322 to 367 of 595]
0.301697075366974 0.28445303440094 0.263907730579376 0.247554734349251 0.214302614331245 0.188825577497482 0.185469180345535 0.221139281988144 0.228811606764793 0.299870699644089 0.328916043043137 0.599920451641083 0.621908187866211 0.64730167388916 0.680472493171692 0.697000741958618 0.706056773662567 0.721006155014038 0.741826117038727 0.751581370830536 0.737466871738434 0.742704093456268 0.746730923652649 0.750896036624908 0.755041718482971 0.759420335292816 0.767800867557526 -3.4e+38 -3.4e+38 -3.4e+38 -3.4e+38 -3.4e+38 -3.4e+38 -3.4e+38 -3.4e+38 -3.4e+38 -3.4e+38 -3.4e+38 -3.4e+38 -3.4e+38 -3.4e+38 -3.4e+38 -3.4e+38 -3.4e+38 -3.4e+38 -3.4e+38
0.288722634315491 0.252100139856339 0.261527448892593 0.274340242147446 0.231974855065346 0.208126947283745 0.201471954584122 0.197101235389709 0.184171065688133 0.207248613238335 0.464201807975769 0.492023557424545 0.599335670471191 0.589900970458984 0.626463830471039 0.648250460624695 0.667183458805084 0.68042254447937 0.701751530170441 0.713658511638641 0.708074450492859 0.740072548389435 0.715061366558075 0.700506269931793 0.74192750453949 0.715202271938324 0.721889495849609 -3.4e+38 -3.4e+38 -3.4e+38 -3.4e+38 -3.4e+38 -3.4e+38 -3.4e+38 -3.4e+38 -3.4e+38 -3.4e+38 -3.4e+38 -3.4e+38 -3.4e+38 -3.4e+38 -3.4e+38 -3.4e+38 -3.4e+38 -3.4e+38 -3.4e+38
0.230282068252563 0.220390170812607 0.23869264125824 0.293457448482513 0.257176280021667 0.23657651245594 0.212440699338913 0.204716220498085 0.190015390515327 0.190804854035378 0.309842228889465 0.328805148601532 0.547272801399231 0.568474233150482 0.57159548997879 0.613741874694824 0.632256507873535 0.656133770942688 0.648141980171204 0.658018529415131 0.674342811107635 0.677495956420898 0.705740630626678 0.679487764835358 0.687876641750336 0.679841935634613 0.706044852733612 -3.4e+38 -3.4e+38 -3.4e+38 -3.4e+38 -3.4e+38 -3.4e+38 -3.4e+38 -3.4e+38 -3.4e+38 -3.4e+38 -3.4e+38 -3.4e+38 -3.4e+38 -3.4e+38 -3.4e+38 -3.4e+38 -3.4e+38 -3.4e+38 -3.4e+38
0.259087473154068 0.240441337227821 0.262181252241135 0.280150890350342 0.275352567434311 0.262054055929184 0.240312367677689 0.2108503729105 0.213045820593834 0.193986490368843 0.380289077758789 0.411422878503799 0.5469771027565 0.551640272140503 0.571767091751099 0.570216774940491 0.584970474243164 0.606562495231628 0.623826563358307 0.632821917533875 0.628514468669891 0.642703354358673 0.649451315402985 0.661303043365479 0.649170815944672 0.661846816539764 0.669957160949707 -3.4e+38 -3.4e+38 -3.4e+38 -3.4e+38 -3.4e+38 -3.4e+38 -3.4e+38 -3.4e+38 -3.4e+38 -3.4e+38 -3.4e+38 -3.4e+38 -3.4e+38 -3.4e+38 -3.4e+38 -3.4e+38 -3.4e+38 -3.4e+38 -3.4e+38
0.397296965122223 0.353012770414352 0.321188777685165 0.325054973363876 0.315898388624191 0.27978304028511 0.260482758283615 0.248265355825424 0.225667521357536 0.210519179701805 0.312419652938843 0.414787143468857 0.521886110305786 0.521020650863647 0.540306746959686 0.550392627716064 0.566934168338776 0.593259930610657 0.581621110439301 0.597419798374176 0.606786489486694 0.597844481468201 0.61084109544754 0.609958827495575 0.625789046287537 0.644674122333527 0.623690664768219 -3.4e+38 -3.4e+38 -3.4e+38 -3.4e+38 -3.4e+38 -3.4e+38 -3.4e+38 -3.4e+38 -3.4e+38 -3.4e+38 -3.4e+38 -3.4e+38 -3.4e+38 -3.4e+38 -3.4e+38 -3.4e+38 -3.4e+38 -3.4e+38 -3.4e+38
0.360912799835205 0.32764407992363 0.322187185287476 0.316087245941162 0.337061107158661 0.335983574390411 0.324662983417511 0.290407985448837 0.257747203111649 0.241388082504272 0.415958523750305 0.347580343484879 0.464805781841278 0.531239867210388 0.51436173915863 0.535760283470154 0.544403791427612 0.54754376411438 0.547902405261993 0.557417929172516 0.572616219520569 0.582405209541321 0.599430441856384 0.587126672267914 0.583918333053589 0.601350843906403 0.579733490943909 -3.4e+38 -3.4e+38 -3.4e+38 -3.4e+38 -3.4e+38 -3.4e+38 -3.4e+38 -3.4e+38 -3.4e+38 -3.4e+38 -3.4e+38 -3.4e+38 -3.4e+38 -3.4e+38 -3.4e+38 -3.4e+38 -3.4e+38 -3.4e+38 -3.4e+38
0.28677299618721 0.275585323572159 0.350724428892136 0.346706598997116 0.382122755050659 0.376036584377289 0.347567319869995 0.306198537349701 0.281873643398285 0.284884363412857 0.254746913909912 0.294687271118164 0.443225979804993 0.513023197650909 0.52847158908844 0.507422387599945 0.512874603271484 0.527631640434265 0.528893351554871 0.525371551513672 0.539973735809326 0.54706197977066 0.559978306293488 0.558751285076141 0.551167786121368 0.563009083271027 0.543181896209717 -3.4e+38 -3.4e+38 -3.4e+38 -3.4e+38 -3.4e+38 -3.4e+38 -3.4e+38 -3.4e+38 -3.4e+38 -3.4e+38 -3.4e+38 -3.4e+38 -3.4e+38 -3.4e+38 -3.4e+38 -3.4e+38 -3.4e+38 -3.4e+38 -3.4e+38
0.278252840042114 0.308180242776871 0.350281625986099 0.372808843851089 0.409695029258728 0.425111293792725 0.373646795749664 0.33839875459671 0.318290621042252 0.279564589262009 0.269407123327255 0.250766158103943 0.355020791292191 0.500407874584198 0.512266337871552 0.496293723583221 0.502205491065979 0.496183097362518 0.499835580587387 0.526857316493988 0.507547080516815 0.514755308628082 0.525178790092468 0.502612292766571 0.51738452911377 0.518808364868164 0.513287603855133 -3.4e+38 -3.4e+38 -3.4e+38 -3.4e+38 -3.4e+38 -3.4e+38 -3.4e+38 -3.4e+38 -3.4e+38 -3.4e+38 -3.4e+38 -3.4e+38 -3.4e+38 -3.4e+38 -3.4e+38 -3.4e+38 -3.4e+38 -3.4e+38 -3.4e+38
0.411903619766235 0.400791227817535 0.423873126506805 0.429990202188492 0.438211560249329 0.402210414409637 0.388911008834839 0.358438968658447 0.332242995500565 0.298356145620346 0.278362244367599 0.254011183977127 0.318263739347458 0.458755552768707 0.507611393928528 0.496325731277466 0.490201860666275 0.488098591566086 0.479621142148972 0.48086553812027 0.478706657886505 0.486408680677414 0.495807647705078 0.499949723482132 0.488973557949066 0.490859419107437 0.50482302904129 -3.4e+38 -3.4e+38 -3.4e+38 -3.4e+38 -3.4e+38 -3.4e+38 -3.4e+38 -3.4e+38 -3.4e+38 -3.4e+38 -3.4e+38 -3.4e+38 -3.4e+38 -3.4e+38 -3.4e+38 -3.4e+38 -3.4e+38 -3.4e+38 -3.4e+38
0.479821473360062 0.468451738357544 0.482272863388062 0.473385274410248 0.434898108243942 0.440715491771698 0.38744729757309 0.368971139192581 0.334503024816513 0.339162349700928 0.344515025615692 0.283682733774185 0.448321491479874 0.446755856275558 0.518088459968567 0.498877167701721 0.491535067558289 0.475103378295898 0.460263520479202 0.461150377988815 0.464020609855652 0.470091193914413 0.466180950403214 0.449589401483536 0.463049054145813 0.461947560310364 0.448887944221497 -3.4e+38 -3.4e+38 -3.4e+38 -3.4e+38 -3.4e+38 -3.4e+38 -3.4e+38 -3.4e+38 -3.4e+38 -3.4e+38 -3.4e+38 -3.4e+38 -3.4e+38 -3.4e+38 -3.4e+38 -3.4e+38 -3.4e+38 -3.4e+38 -3.4e+38
0.534168541431427 0.513640642166138 0.494791477918625 0.502056777477264 0.468362510204315 0.44677460193634 0.439255505800247 0.417131930589676 0.372455477714539 0.383926808834076 0.373270094394684 0.27604079246521 0.443057090044022 0.439530730247498 0.507173597812653 0.483356297016144 0.482032179832458 0.468211472034454 0.460730969905853 0.452415466308594 0.450280576944351 0.446343600749969 0.444414377212524 0.425395160913467 0.42063182592392 0.43912336230278 0.431524246931076 0.441430509090424 0.42384260892868 0.453878164291382 0.443819761276245 0.457878082990646 0.459884196519852 0.473211944103241 0.467210650444031 0.479172259569168 0.489398300647736 0.477620214223862 0.492988675832748 -3.4e+38 -3.4e+38 -3.4e+38 -3.4e+38 -3.4e+38 -3.4e+38 -3.4e+38
0.556375324726105 0.514165461063385 0.486946105957031 0.490987479686737 0.495045304298401 0.500242412090302 0.483685880899429 0.425905764102936 0.436546951532364 0.415142565965652 0.331789076328278 0.332279056310654 0.535518109798431 0.46499627828598 0.49788960814476 0.489472031593323 0.492813378572464 0.465810060501099 0.448412954807281 0.440521895885468 0.430105328559875 0.42584103345871 0.402426868677139 0.409805536270142 0.397610455751419 0.399761289358139 0.401998490095139 0.400070041418076 0.401676833629608 0.41558301448822 0.417935609817505 0.424569427967072 0.439706295728683 0.434664458036423 0.459063857793808 0.454609781503677 0.463880896568298 0.478693902492523 0.485442131757736 -3.4e+38 -3.4e+38 -3.4e+38 -3.4e+38 -3.4e+38 -3.4e+38 -3.4e+38
0.520344078540802 0.561899065971375 0.622500658035278 0.553619205951691 0.522381126880646 0.550455212593079 0.525518417358398 0.475600868463516 0.448359608650208 0.453443825244904 0.396114826202393 0.395680874586105 0.358178973197937 0.453007489442825 0.503821909427643 0.496987372636795 0.465057998895645 0.446896731853485 0.441438913345337 0.42685130238533 0.411731839179993 0.413155734539032 0.391105443239212 0.393204122781754 0.3784319460392 0.385678052902222 0.366900891065598 0.371500462293625 0.38579848408699 0.391563475131989 0.404891461133957 0.407206416130066 0.410338550806046 0.420419216156006 0.408158034086227 0.422089666128159 0.436915725469589 0.429710805416107 0.444837629795074 -3.4e+38 -3.4e+38 -3.4e+38 -3.4e+38 -3.4e+38 -3.4e+38 -3.4e+38
0.642735183238983 0.64688777923584 0.599143505096436 0.578075647354126 0.592956840991974 0.60917991399765 0.550439953804016 0.502830505371094 0.489884436130524 0.478545367717743 0.466306895017624 0.40071627497673 0.485749125480652 0.409596592187881 0.478342205286026 0.488987058401108 0.473971217870712 0.448315769433975 0.4404256939888 0.418119996786118 0.409879118204117 0.395676374435425 0.382366836071014 0.385614961385727 0.346333682537079 0.351760625839233 0.35495537519455 0.366214215755463 0.371912866830826 0.355742156505585 0.372740983963013 0.392001569271088 0.396788477897644 0.390125513076782 0.40196031332016 0.406486600637436 0.4173264503479 0.432053804397583 0.436024963855743 -3.4e+38 -3.4e+38 -3.4e+38 -3.4e+38 -3.4e+38 -3.4e+38 -3.4e+38
0.728836238384247 0.682817399501801 0.672103106975555 0.661143839359283 0.616035103797913 0.566244900226593 0.571288883686066 0.567337512969971 0.519060492515564 0.538459062576294 0.501498281955719 0.43666809797287 0.435403138399124 0.503502190113068 0.399988830089569 0.471735566854477 0.462666124105453 0.454827010631561 0.437812030315399 0.41176825761795 0.393577635288239 0.371197491884232 0.353460967540741 0.328670978546143 0.343602418899536 0.339375764131546 0.328969269990921 0.331339150667191 0.341689646244049 0.344303488731384 0.34988734126091 0.35191398859024 0.362184256315231 0.368361055850983 0.376675397157669 0.382006108760834 0.395367175340652 0.405078321695328 0.422070473432541 -3.4e+38 -3.4e+38 -3.4e+38 -3.4e+38 -3.4e+38 -3.4e+38 -3.4e+38
0.708255112171173 0.666033923625946 0.66244101524353 0.672197043895721 0.701019942760468 0.647060692310333 0.633418142795563 0.645762860774994 0.607127845287323 0.574894845485687 0.579487562179565 0.501728892326355 0.495554059743881 0.481110036373138 0.543087184429169 0.424707293510437 0.449491798877716 0.455676645040512 0.425365000963211 0.409707009792328 0.390469759702682 0.365525007247925 0.329227238893509 0.329056471586227 0.316701412200928 0.318837374448776 0.327990144491196 0.307043254375458 0.333824902772903 0.337741732597351 0.341321110725403 0.342816114425659 0.352238893508911 0.354021459817886 0.357850879430771 0.367561817169189 0.380671411752701 0.392912030220032 0.403493970632553 -3.4e+38 -3.4e+38 -3.4e+38 -3.4e+38 -3.4e+38 -3.4e+38 -3.4e+38
0.684691548347473 0.648870050907135 0.705757558345795 0.74863737821579 0.715164840221405 0.621484935283661 0.617046356201172 0.645830631256104 0.642424881458282 0.603918254375458 0.611593127250671 0.621897161006927 0.494865387678146 0.506622195243835 0.520171523094177 0.385267347097397 0.46345391869545 0.446297854185104 0.425692170858383 0.413491398096085 0.366219341754913 0.346441954374313 0.308340609073639 0.293372720479965 0.297610223293304 0.301219344139099 0.30436772108078 0.312792599201202 0.312454670667648 0.31758725643158 0.334018260240555 0.326492011547089 0.336503028869629 0.344014018774033 0.342190146446228 0.355555951595306 0.357450485229492 0.372223287820816 0.380463093519211 -3.4e+38 -3.4e+38 -3.4e+38 -3.4e+38 -3.4e+38 -3.4e+38 -3.4e+38
0.758962869644165 0.804241001605988 0.820272564888 0.803166329860687 0.780062615871429 0.667760252952576 0.737340092658997 0.65997326374054 0.716320872306824 0.646270990371704 0.658202350139618 0.646267592906952 0.640964567661285 0.561687052249908 0.53045380115509 0.381709903478622 0.438018471002579 0.452668756246567 0.42581707239151 0.387901693582535 0.34849938750267 0.317558348178864 0.281306862831116 0.284714370965958 0.287704229354858 0.287604480981827 0.298476487398148 0.299940794706345 0.301796734333038 0.313043057918549 0.313308924436569 0.312953948974609 0.328365504741669 0.333725273609161 0.337982714176178 0.346890538930893 0.347749471664429 0.356657832860947 0.362741351127625 -3.4e+38 -3.4e+38 -3.4e+38 -3.4e+38 -3.4e+38 -3.4e+38 -3.4e+38
0.792080402374268 0.803633809089661 0.855471789836884 0.874453127384186 0.866805553436279 0.783403038978577 0.661217451095581 0.635568082332611 0.658987641334534 0.710123658180237 0.746857404708862 0.689444482326508 0.6918705701828 0.670108318328857 0.55644291639328 0.555945515632629 0.408927828073502 0.429232269525528 0.416379749774933 0.385310173034668 0.334706425666809 0.285679548978806 0.262750685214996 0.263264089822769 0.263012319803238 0.289871215820312 0.287469625473022 0.28811439871788 0.299341529607773 0.29899874329567 0.317462027072906 0.317195296287537 0.334514886140823 0.330507010221481 0.329388678073883 0.336417019367218 0.329313397407532 0.341053068637848 0.354459881782532 -3.4e+38 -3.4e+38 -3.4e+38 -3.4e+38 -3.4e+38 -3.4e+38 -3.4e+38
0.788023412227631 0.790875256061554 0.838050007820129 0.870848715305328 0.903943061828613 0.883135616779327 0.802412331104279 0.713449358940125 0.631447196006775 0.672500908374786 0.709499180316925 0.719423174858093 0.800139904022217 0.734047949314117 0.687344014644623 0.575177013874054 0.36027804017067 0.391053140163422 0.404001772403717 0.378060966730118 0.334029138088226 0.28049236536026 0.270646631717682 0.267596006393433 0.271698206663132 0.282647550106049 0.286932587623596 0.292383909225464 0.29871478676796 0.30967453122139 0.304398506879807 0.315884977579117 0.313807457685471 0.324921786785126 0.321852087974548 0.325358092784882 0.327956169843674 0.33259242773056 0.344692379236221 -3.4e+38 -3.4e+38 -3.4e+38 -3.4e+38 -3.4e+38 -3.4e+38 -3.4e+38
