data/climate_estimation/maxent_output/Tulipa_orphanidea.asc
NCOLS 57 
NROWS 71 
XLLCORNER 21.75 
YLLCORNER 35 
CELLSIZE 0.0833333333333333 
NODATA_value -3.4e+38 
[rows 24 to 47 of 71, columns 0 to 54 of 57]
0.624246776103973 0.470967948436737 0.652812898159027 0.72607833147049 0.683314681053162 0.660034835338593 0.668896734714508 0.416876703500748 0.34288689494133 0.308647900819778 0.297737121582031 0.300125569105148 0.334903120994568 0.446863114833832 0.453646093606949 0.435921967029572 0.539120078086853 0.625446438789368 0.645935297012329 0.644789099693298 0.514097213745117 -3.4e+38 -3.4e+38 -3.4e+38 -3.4e+38 -3.4e+38 -3.4e+38 -3.4e+38 -3.4e+38 -3.4e+38 -3.4e+38 0.892654657363892 0.926221013069153 0.938158214092255 0.945271074771881 -3.4e+38 -3.4e+38 -3.4e+38 -3.4e+38 -3.4e+38 -3.4e+38 -3.4e+38 -3.4e+38 -3.4e+38 -3.4e+38 -3.4e+38 -3.4e+38 -3.4e+38 -3.4e+38 -3.4e+38 -3.4e+38 -3.4e+38 -3.4e+38 -3.4e+38 -3.4e+38
0.602746903896332 0.531975507736206 0.478973984718323 0.641601741313934 0.637729227542877 0.496224850416183 0.36988776922226 0.717838168144226 0.531856656074524 0.553031086921692 0.409545451402664 0.345682591199875 0.486692517995834 0.406074315309525 0.375190109014511 0.382179409265518 -3.4e+38 0.48363396525383 0.556715786457062 0.545002996921539 0.530569434165955 0.552672684192657 0.617449402809143 0.649356842041016 -3.4e+38 -3.4e+38 -3.4e+38 -3.4e+38 -3.4e+38 -3.4e+38 -3.4e+38 -3.4e+38 0.88464742898941 0.910364985466003 0.957515120506287 0.916906177997589 -3.4e+38 -3.4e+38 -3.4e+38 -3.4e+38 -3.4e+38 -3.4e+38 -3.4e+38 -3.4e+38 -3.4e+38 -3.4e+38 -3.4e+38 -3.4e+38 -3.4e+38 -3.4e+38 -3.4e+38 -3.4e+38 -3.4e+38 -3.4e+38 -3.4e+38
0.670636534690857 0.71212112903595 0.668332517147064 0.573902189731598 0.375428259372711 0.639770805835724 0.611878335475922 0.720834910869598 0.659771203994751 0.71196460723877 0.642270565032959 0.537556946277618 0.589728951454163 0.58219850063324 0.539480209350586 0.442384779453278 0.434969365596771 0.453848153352737 -3.4e+38 0.636216223239899 0.725290060043335 0.652571856975555 0.839043378829956 0.851922810077667 0.781688392162323 0.69640064239502 0.772982597351074 0.872628688812256 0.828234791755676 -3.4e+38 -3.4e+38 -3.4e+38 -3.4e+38 -3.4e+38 -3.4e+38 -3.4e+38 -3.4e+38 -3.4e+38 -3.4e+38 -3.4e+38 -3.4e+38 -3.4e+38 -3.4e+38 -3.4e+38 -3.4e+38 -3.4e+38 -3.4e+38 -3.4e+38 -3.4e+38 -3.4e+38 -3.4e+38 -3.4e+38 -3.4e+38 -3.4e+38 -3.4e+38
0.828997671604156 0.797307133674622 0.626456022262573 0.668555974960327 0.592707991600037 0.66335791349411 0.413130313158035 0.700615882873535 0.728395819664001 0.750013113021851 0.668653607368469 0.56947922706604 0.57734614610672 0.625469028949738 0.65770697593689 0.565103054046631 0.509406387805939 0.492715626955032 0.494019269943237 0.436730563640594 0.775434911251068 0.701464831829071 0.700196921825409 0.81351900100708 0.862212777137756 0.916285157203674 0.923984527587891 0.930671691894531 0.879053592681885 0.810794174671173 -3.4e+38 -3.4e+38 -3.4e+38 -3.4e+38 -3.4e+38 -3.4e+38 -3.4e+38 -3.4e+38 -3.4e+38 -3.4e+38 -3.4e+38 -3.4e+38 -3.4e+38 -3.4e+38 -3.4e+38 0.916165828704834 0.958133518695831 -3.4e+38 -3.4e+38 0.822792947292328 0.834278106689453 0.817196726799011 -3.4e+38 -3.4e+38 -3.4e+38
0.888161480426788 0.757067799568176 0.873613178730011 0.873756885528564 0.852718889713287 0.79854029417038 0.561009109020233 0.753887355327606 0.737884998321533 0.603751301765442 0.418656647205353 0.700465083122253 0.53879714012146 0.540537178516388 0.54310405254364 0.55418848991394 0.567111372947693 0.556859850883484 0.514376819133759 0.480955004692078 -3.4e+38 0.477115303277969 0.539120554924011 0.609896957874298 0.699505627155304 0.899045646190643 0.923073709011078 0.860115468502045 0.842472732067108 0.885021030902863 -3.4e+38 -3.4e+38 -3.4e+38 -3.4e+38 -3.4e+38 -3.4e+38 -3.4e+38 -3.4e+38 -3.4e+38 -3.4e+38 -3.4e+38 -3.4e+38 -3.4e+38 -3.4e+38 0.880083322525024 0.903782308101654 0.916993737220764 -3.4e+38 -3.4e+38 0.977122008800507 0.979655146598816 0.981497526168823 0.808994829654694 0.811823129653931 0.800947248935699
0.888642311096191 0.871076881885529 0.853183746337891 0.870272815227509 0.854173302650452 0.855549216270447 0.733287751674652 0.782248914241791 0.746442198753357 0.761231482028961 0.782756388187408 0.707309484481812 0.673964619636536 0.569739699363708 0.501876831054688 0.507373452186584 0.476589381694794 0.495710611343384 0.584939956665039 0.515389382839203 0.645750820636749 0.546396911144257 0.492866396903992 0.582926154136658 0.766084671020508 0.830266773700714 0.835137665271759 0.793471217155457 0.835335612297058 0.8573397397995 -3.4e+38 -3.4e+38 -3.4e+38 -3.4e+38 -3.4e+38 -3.4e+38 -3.4e+38 -3.4e+38 -3.4e+38 -3.4e+38 -3.4e+38 -3.4e+38 -3.4e+38 -3.4e+38 -3.4e+38 -3.4e+38 -3.4e+38 -3.4e+38 -3.4e+38 0.823441445827484 0.925585269927979 0.985211730003357 0.934654057025909 -3.4e+38 0.804760992527008
0.769038796424866 0.717721521854401 0.799236655235291 0.859562397003174 0.85442590713501 0.84726756811142 0.808764576911926 0.742232739925385 0.785628318786621 0.81065833568573 0.725349485874176 0.757045030593872 0.784318566322327 0.745530486106873 0.664556503295898 0.592369794845581 0.499611914157867 0.497048854827881 0.43571799993515 0.485845118761063 0.535449206829071 0.47932180762291 0.449600070714951 0.489757627248764 0.551855325698853 0.630389630794525 0.765316843986511 0.768777966499329 0.81231677532196 0.808510959148407 -3.4e+38 -3.4e+38 -3.4e+38 -3.4e+38 -3.4e+38 -3.4e+38 -3.4e+38 -3.4e+38 -3.4e+38 -3.4e+38 -3.4e+38 -3.4e+38 -3.4e+38 -3.4e+38 -3.4e+38 -3.4e+38 -3.4e+38 -3.4e+38 -3.4e+38 -3.4e+38 0.796511173248291 0.974432289600372 0.777249753475189 -3.4e+38 0.604098796844482
0.729017674922943 0.890673875808716 0.827789306640625 0.707731366157532 0.724039971828461 0.795001208782196 -3.4e+38 -3.4e+38 -3.4e+38 0.714070379734039 0.582036375999451 0.713856399059296 0.826304495334625 0.79986160993576 0.799527823925018 0.770888447761536 0.592745184898376 0.550200998783112 0.507404088973999 0.520039498806 0.530351221561432 0.505881786346436 0.452854990959167 0.469529688358307 0.583385169506073 0.702708303928375 0.698631525039673 0.775948822498322 0.802949607372284 0.850943207740784 0.76066666841507 -3.4e+38 -3.4e+38 -3.4e+38 -3.4e+38 -3.4e+38 -3.4e+38 -3.4e+38 -3.4e+38 -3.4e+38 -3.4e+38 -3.4e+38 -3.4e+38 -3.4e+38 -3.4e+38 -3.4e+38 -3.4e+38 -3.4e+38 -3.4e+38 0.808985471725464 0.818093597888947 0.851473391056061 0.523309528827667 0.589411199092865 0.626665592193604
0.868950664997101 0.751651048660278 0.875238358974457 0.853978633880615 0.838237524032593 0.762181043624878 0.75026148557663 0.700702667236328 -3.4e+38 -3.4e+38 -3.4e+38 -3.4e+38 0.618436515331268 0.626247823238373 0.538921654224396 0.589619815349579 0.569652557373047 0.671468913555145 0.722088873386383 0.685485780239105 0.702301502227783 0.703968465328217 0.754247963428497 0.852726578712463 0.806497991085052 0.728905916213989 0.784591197967529 0.663099825382233 0.75549978017807 0.799092411994934 0.842525601387024 0.727037787437439 -3.4e+38 -3.4e+38 -3.4e+38 -3.4e+38 -3.4e+38 -3.4e+38 -3.4e+38 -3.4e+38 -3.4e+38 -3.4e+38 -3.4e+38 -3.4e+38 -3.4e+38 -3.4e+38 -3.4e+38 -3.4e+38 -3.4e+38 0.819725751876831 0.83332633972168 0.55951988697052 0.544348418712616 -3.4e+38 0.615873754024506
0.892007172107697 0.883253574371338 0.887580454349518 0.867502748966217 0.874020516872406 0.858813524246216 0.838926672935486 0.821298837661743 0.781866133213043 0.711009860038757 0.593647241592407 -3.4e+38 -3.4e+38 -3.4e+38 -3.4e+38 -3.4e+38 -3.4e+38 0.514927268028259 0.759966194629669 0.725448191165924 0.478871315717697 0.485581576824188 0.710620641708374 0.778850674629211 0.663735270500183 0.744264543056488 0.615899622440338 0.586163878440857 -3.4e+38 0.803616762161255 0.909730613231659 0.892980456352234 0.921635568141937 0.908834993839264 0.737009346485138 -3.4e+38 -3.4e+38 -3.4e+38 -3.4e+38 -3.4e+38 -3.4e+38 -3.4e+38 -3.4e+38 -3.4e+38 -3.4e+38 -3.4e+38 -3.4e+38 -3.4e+38 -3.4e+38 -3.4e+38 -3.4e+38 0.61370313167572 -3.4e+38 -3.4e+38 -3.4e+38
0.875178217887878 0.900881230831146 0.8883016705513 0.873422265052795 0.851344227790833 0.755374610424042 0.799862504005432 0.866776347160339 0.858131647109985 0.807276725769043 0.753386795520782 0.63130521774292 0.580198705196381 0.531893908977509 0.630111038684845 0.686036586761475 0.730521678924561 0.553472936153412 0.43840017914772 0.470337986946106 0.406138002872467 0.305125087499619 0.329712331295013 0.335379362106323 0.442155420780182 0.704815328121185 0.609656393527985 0.520701229572296 -3.4e+38 0.767187416553497 0.760691940784454 0.815370500087738 0.946439623832703 0.910925626754761 0.684878945350647 -3.4e+38 -3.4e+38 -3.4e+38 -3.4e+38 -3.4e+38 -3.4e+38 -3.4e+38 -3.4e+38 -3.4e+38 -3.4e+38 -3.4e+38 -3.4e+38 -3.4e+38 -3.4e+38 -3.4e+38 -3.4e+38 -3.4e+38 -3.4e+38 -3.4e+38 -3.4e+38
0.879329025745392 0.828027188777924 0.848776638507843 0.881669342517853 0.881524801254272 0.705349624156952 0.781542241573334 0.747333705425262 0.812586545944214 0.843924522399902 0.820109784603119 0.678289532661438 0.559144377708435 0.512095272541046 0.532360076904297 0.575679540634155 0.55401599407196 0.541907370090485 0.461702525615692 0.339234918355942 0.339640915393829 0.32239904999733 0.305005580186844 0.286835998296738 0.614715397357941 0.484229266643524 0.496564358472824 0.510963618755341 -3.4e+38 0.721334993839264 0.746536016464233 0.746451199054718 0.807987689971924 0.709284782409668 -3.4e+38 0.744603991508484 0.766682267189026 0.527127027511597 -3.4e+38 -3.4e+38 -3.4e+38 -3.4e+38 -3.4e+38 -3.4e+38 -3.4e+38 -3.4e+38 -3.4e+38 -3.4e+38 -3.4e+38 -3.4e+38 -3.4e+38 -3.4e+38 -3.4e+38 -3.4e+38 -3.4e+38
0.902306258678436 0.901892364025116 0.889295339584351 0.874512910842896 0.859501242637634 0.862859070301056 0.857143640518188 0.847569584846497 0.840939879417419 0.825829148292542 0.78156179189682 0.76444548368454 0.628743410110474 0.635067760944366 0.547555923461914 0.489320427179337 0.468415766954422 -3.4e+38 -3.4e+38 0.370901167392731 0.35128590464592 0.319825321435928 -3.4e+38 0.298122763633728 0.488755077123642 0.427168607711792 0.523822367191315 0.564439415931702 -3.4e+38 -3.4e+38 -3.4e+38 -3.4e+38 -3.4e+38 -3.4e+38 -3.4e+38 0.577579855918884 0.77918142080307 0.843438446521759 0.603575766086578 -3.4e+38 -3.4e+38 -3.4e+38 -3.4e+38 -3.4e+38 -3.4e+38 -3.4e+38 -3.4e+38 -3.4e+38 -3.4e+38 -3.4e+38 -3.4e+38 -3.4e+38 -3.4e+38 -3.4e+38 -3.4e+38
0.86987316608429 0.890855371952057 0.902763664722443 0.827327191829681 0.86012190580368 0.843382775783539 0.842436015605927 0.861410558223724 0.843090176582336 0.825334310531616 0.791138768196106 0.780449986457825 0.766439497470856 0.779917359352112 0.76320743560791 0.737262427806854 0.58263111114502 0.44005474448204 0.400904655456543 -3.4e+38 0.390532732009888 0.345984131097794 -3.4e+38 -3.4e+38 0.380373299121857 0.449601352214813 0.582516074180603 0.591758251190186 0.516382813453674 -3.4e+38 -3.4e+38 -3.4e+38 -3.4e+38 -3.4e+38 -3.4e+38 -3.4e+38 0.613265752792358 0.826467990875244 0.628618121147156 -3.4e+38 -3.4e+38 -3.4e+38 -3.4e+38 -3.4e+38 -3.4e+38 -3.4e+38 -3.4e+38 -3.4e+38 -3.4e+38 -3.4e+38 -3.4e+38 -3.4e+38 -3.4e+38 -3.4e+38 -3.4e+38
0.837034583091736 0.75892561674118 0.878965020179749 0.89850926399231 0.877976834774017 0.885173857212067 0.842173516750336 0.855269908905029 0.842562019824982 0.817676842212677 0.769290089607239 0.69209212064743 0.707384169101715 0.792680740356445 0.849761784076691 0.761354088783264 0.551779448986053 0.462700009346008 0.395557254552841 0.438064455986023 0.444776952266693 0.416460067033768 -3.4e+38 -3.4e+38 -3.4e+38 0.445077210664749 0.502608716487885 0.530786871910095 0.615795373916626 -3.4e+38 0.511685907840729 0.500227570533752 -3.4e+38 -3.4e+38 -3.4e+38 -3.4e+38 -3.4e+38 0.617991626262665 0.62122631072998 0.319703549146652 -3.4e+38 -3.4e+38 -3.4e+38 -3.4e+38 -3.4e+38 -3.4e+38 -3.4e+38 -3.4e+38 -3.4e+38 -3.4e+38 -3.4e+38 -3.4e+38 -3.4e+38 -3.4e+38 0.601822853088379
0.710625648498535 0.713699221611023 0.865698397159576 0.907850384712219 0.882535219192505 0.871490120887756 0.859945833683014 0.788321793079376 0.808401465415955 0.844254612922668 0.811286211013794 0.692585647106171 0.621041178703308 0.695801675319672 0.787230849266052 0.789224147796631 0.636772274971008 0.600872039794922 0.499303132295609 0.591301441192627 -3.4e+38 -3.4e+38 -3.4e+38 -3.4e+38 -3.4e+38 -3.4e+38 0.481275528669357 0.549815058708191 0.594195306301117 -3.4e+38 0.547617495059967 0.730969846248627 -3.4e+38 -3.4e+38 -3.4e+38 0.560307264328003 -3.4e+38 -3.4e+38 0.344181269407272 0.386719942092896 0.384567677974701 0.415303707122803 0.314242094755173 -3.4e+38 -3.4e+38 -3.4e+38 -3.4e+38 -3.4e+38 -3.4e+38 -3.4e+38 -3.4e+38 0.689255118370056 0.679964601993561 0.665391683578491 0.644631445407867
0.779284834861755 0.746925294399261 0.765081465244293 0.834729731082916 0.897968530654907 0.894399642944336 0.855882108211517 0.807259082794189 0.807554006576538 0.828269839286804 0.822916567325592 0.709942638874054 0.669567704200745 0.649518966674805 0.667146384716034 0.719394087791443 0.705543398857117 0.75702977180481 0.634782552719116 0.496475607156754 0.474542915821075 0.498792618513107 -3.4e+38 -3.4e+38 -3.4e+38 -3.4e+38 -3.4e+38 -3.4e+38 -3.4e+38 -3.4e+38 0.567449867725372 0.530244529247284 -3.4e+38 -3.4e+38 -3.4e+38 -3.4e+38 -3.4e+38 0.299541056156158 -3.4e+38 -3.4e+38 0.371341705322266 0.377653241157532 -3.4e+38 -3.4e+38 -3.4e+38 -3.4e+38 -3.4e+38 -3.4e+38 -3.4e+38 -3.4e+38 0.610358595848083 0.897165358066559 0.889290571212769 0.674150347709656 -3.4e+38
0.878795921802521 0.885249018669128 0.895476877689362 0.780769407749176 0.783816576004028 0.873833179473877 0.859446406364441 0.808305680751801 0.808455526828766 0.826007187366486 0.829470872879028 0.834663033485413 0.666313529014587 -3.4e+38 0.645247995853424 0.661488771438599 0.752907276153564 0.752757906913757 0.68780130147934 0.674655020236969 0.642921268939972 0.463678538799286 -3.4e+38 -3.4e+38 -3.4e+38 0.414085775613785 0.44960805773735 -3.4e+38 -3.4e+38 -3.4e+38 -3.4e+38 0.358391135931015 0.315290987491608 -3.4e+38 -3.4e+38 -3.4e+38 -3.4e+38 0.306365758180618 0.328642398118973 -3.4e+38 -3.4e+38 0.154570534825325 0.177722170948982 0.172588840126991 0.176705330610275 -3.4e+38 -3.4e+38 -3.4e+38 -3.4e+38 -3.4e+38 -3.4e+38 -3.4e+38 -3.4e+38 -3.4e+38 -3.4e+38
0.800280690193176 0.816596806049347 0.892216086387634 0.774166762828827 0.738035321235657 0.830601036548615 0.847486972808838 0.874688625335693 0.887798428535461 0.89019650220871 0.864034950733185 0.820936799049377 0.682291209697723 -3.4e+38 -3.4e+38 0.634296059608459 0.620484113693237 0.608506858348846 0.573831975460052 0.53368204832077 0.633556306362152 0.653509318828583 -3.4e+38 -3.4e+38 -3.4e+38 -3.4e+38 -3.4e+38 -3.4e+38 -3.4e+38 -3.4e+38 -3.4e+38 0.319832891225815 0.336901485919952 -3.4e+38 -3.4e+38 -3.4e+38 -3.4e+38 0.297489255666733 0.305549323558807 -3.4e+38 -3.4e+38 0.150629237294197 0.153339818120003 0.16145546734333 -3.4e+38 0.162722423672676 -3.4e+38 -3.4e+38 -3.4e+38 -3.4e+38 -3.4e+38 -3.4e+38 -3.4e+38 -3.4e+38 -3.4e+38
0.750385344028473 0.69848245382309 0.665404081344604 0.783911228179932 0.803595662117004 0.820018172264099 0.810016274452209 0.878260433673859 0.890652716159821 0.898334503173828 0.908267617225647 0.893137097358704 0.907783687114716 0.70307457447052 -3.4e+38 -3.4e+38 0.630729496479034 0.643456339836121 0.641310155391693 0.651473164558411 0.665382325649261 0.544807910919189 -3.4e+38 -3.4e+38 -3.4e+38 -3.4e+38 -3.4e+38 -3.4e+38 -3.4e+38 -3.4e+38 -3.4e+38 0.323800534009933 0.275081366300583 -3.4e+38 0.289920508861542 -3.4e+38 -3.4e+38 -3.4e+38 -3.4e+38 -3.4e+38 -3.4e+38 -3.4e+38 -3.4e+38 -3.4e+38 -3.4e+38 -3.4e+38 -3.4e+38 -3.4e+38 -3.4e+38 -3.4e+38 -3.4e+38 -3.4e+38 -3.4e+38 -3.4e+38 -3.4e+38
0.820993065834045 0.75481516122818 0.608842968940735 0.702886343002319 0.867555737495422 0.903559386730194 0.832403242588043 0.809191882610321 0.860673904418945 0.898649096488953 0.926725387573242 0.905316650867462 0.921813488006592 0.866464555263519 -3.4e+38 -3.4e+38 0.684069037437439 0.557133555412292 -3.4e+38 -3.4e+38 -3.4e+38 -3.4e+38 -3.4e+38 -3.4e+38 -3.4e+38 -3.4e+38 -3.4e+38 -3.4e+38 -3.4e+38 -3.4e+38 -3.4e+38 -3.4e+38 0.361619651317596 0.324786245822906 -3.4e+38 -3.4e+38 -3.4e+38 -3.4e+38 -3.4e+38 -3.4e+38 -3.4e+38 -3.4e+38 -3.4e+38 -3.4e+38 0.142000526189804 0.193747088313103 -3.4e+38 -3.4e+38 -3.4e+38 -3.4e+38 -3.4e+38 -3.4e+38 -3.4e+38 -3.4e+38 -3.4e+38
0.849756121635437 0.759101271629333 0.622059404850006 0.617937982082367 0.866281151771545 0.875999987125397 0.922114670276642 0.785208702087402 0.835833549499512 0.902996182441711 0.92952424287796 0.932211875915527 0.927933812141418 0.892907738685608 0.800960421562195 -3.4e+38 -3.4e+38 -3.4e+38 -3.4e+38 -3.4e+38 -3.4e+38 -3.4e+38 -3.4e+38 -3.4e+38 -3.4e+38 -3.4e+38 -3.4e+38 -3.4e+38 -3.4e+38 -3.4e+38 -3.4e+38 -3.4e+38 0.37569671869278 0.316686481237411 -3.4e+38 -3.4e+38 -3.4e+38 -3.4e+38 -3.4e+38 -3.4e+38 0.143952786922455 0.137614116072655 0.129494488239288 0.133431911468506 0.198504269123077 0.507915198802948 0.154004216194153 0.174682676792145 0.240619480609894 0.207481443881989 -3.4e+38 -3.4e+38 -3.4e+38 -3.4e+38 -3.4e+38
0.824362218379974 0.759937584400177 0.577550411224365 0.518023133277893 0.658028483390808 0.910583972930908 0.929539620876312 0.881218433380127 0.793390333652496 0.839073419570923 0.87782609462738 0.918587028980255 0.940656065940857 0.929074287414551 0.936684966087341 0.632653057575226 -3.4e+38 -3.4e+38 -3.4e+38 -3.4e+38 -3.4e+38 -3.4e+38 -3.4e+38 -3.4e+38 -3.4e+38 -3.4e+38 -3.4e+38 -3.4e+38 -3.4e+38 -3.4e+38 -3.4e+38 -3.4e+38 -3.4e+38 -3.4e+38 0.179932549595833 0.195968210697174 -3.4e+38 -3.4e+38 -3.4e+38 0.146198958158493 0.157220467925072 0.192670896649361 0.129494488239288 0.138447836041451 0.208820894360542 0.436467885971069 0.145187601447105 -3.4e+38 -3.4e+38 -3.4e+38 -3.4e+38 -3.4e+38 -3.4e+38 -3.4e+38 -3.4e+38
0.813717663288116 0.799872815608978 0.621675193309784 -3.4e+38 0.707890391349792 0.841872036457062 0.917025923728943 0.92531830072403 0.838919937610626 0.816604733467102 0.845662713050842 0.853338003158569 0.907565534114838 0.941855728626251 0.946427822113037 0.762339234352112 -3.4e+38 -3.4e+38 -3.4e+38 -3.4e+38 0.513227462768555 -3.4e+38 -3.4e+38 -3.4e+38 -3.4e+38 -3.4e+38 -3.4e+38 -3.4e+38 -3.4e+38 -3.4e+38 -3.4e+38 -3.4e+38 -3.4e+38 -3.4e+38 -3.4e+38 0.205315113067627 0.158144295215607 -3.4e+38 0.144172728061676 0.163519874215126 0.143462151288986 0.148115858435631 -3.4e+38 0.136710211634636 0.198476806282997 0.207718878984451 0.16610461473465 -3.4e+38 -3.4e+38 -3.4e+38 0.287741512060165 0.359217435121536 -3.4e+38 -3.4e+38 0.380950093269348
