data/climate_estimation/maxent_output/Tulipa_turkestanica.asc
NCOLS 82 
NROWS 67 
XLLCORNER 67.75 
YLLCORNER 38.75 
CELLSIZE 0.0833333333333333 
NODATA_value -3.4e+38 
[rows 0 to 19 of 67, columns 0 to 43 of 82]
0.792963325977325 0.717648446559906 0.715203642845154 0.580312967300415 0.579333186149597 0.558044373989105 0.59074604511261 0.622719943523407 0.622486293315887 0.624503910541534 0.446981877088547 0.481335580348969 0.499204814434052 0.500240921974182 0.671776711940765 0.636488437652588 0.659939706325531 0.679700195789337 0.753510117530823 0.846403300762177 0.836565971374512 0.836565971374512 0.83896005153656 0.838707208633423 0.824568688869476 0.939195156097412 0.939112424850464 0.940203011035919 0.924909770488739 0.924909770488739 0.924778938293457 0.925150990486145 0.940261125564575 0.941701829433441 0.917279839515686 0.918882191181183 0.918874561786652 0.919317364692688 0.881811261177063 0.873311936855316 0.873204290866852 0.87329238653183 0.842582941055298 0.820619523525238
0.97185742855072 0.947508156299591 0.832024991512299 0.767754435539246 0.76673823595047 0.708106756210327 0.706854522228241 0.595578610897064 0.611464619636536 0.610225141048431 0.61192524433136 0.645222783088684 0.644934296607971 0.629846572875977 0.630936920642853 0.65565299987793 0.637272655963898 0.835441291332245 0.835957050323486 0.836508512496948 0.852467179298401 0.85179328918457 0.823347508907318 0.822619318962097 0.819969713687897 0.92199170589447 0.922365069389343 0.902971863746643 0.902971863746643 0.904362797737122 0.904728472232819 0.925360858440399 0.939552485942841 0.940877139568329 0.926045715808868 0.934366703033447 0.943294167518616 0.942307949066162 0.918455183506012 0.84136700630188 0.841432452201843 0.841388821601868 0.831814289093018 0.84576141834259
0.960663974285126 0.980742990970612 0.981312572956085 0.965794444084167 0.912872910499573 0.844569683074951 0.845203995704651 0.692193388938904 0.726614713668823 0.725197553634644 0.726960480213165 0.595063269138336 0.591942250728607 0.594543516635895 0.616656601428986 0.634861350059509 0.801307320594788 0.801944613456726 0.821141541004181 0.820329666137695 0.786922514438629 0.785934209823608 0.818653702735901 0.820202112197876 0.901798367500305 0.901610910892487 0.914515137672424 0.891802847385406 0.893649995326996 0.893810212612152 0.893721222877502 0.962474644184113 0.96580308675766 0.965777218341827 0.96580308675766 0.939428269863129 0.934914827346802 0.934828400611877 0.934841692447662 0.936230003833771 0.937556385993958 0.892699182033539 0.894418299198151 0.894498109817505
0.979608535766602 0.976752579212189 0.985967934131622 0.981697201728821 0.985778570175171 0.958148777484894 0.908161342144012 0.835873305797577 0.833602964878082 0.711324393749237 0.731655955314636 0.748247265815735 0.746863543987274 0.710085272789001 0.632191300392151 0.594565391540527 0.766618192195892 0.784128844738007 0.782979488372803 0.781893730163574 0.783567786216736 0.746816396713257 0.78533536195755 0.889053523540497 0.890380024909973 0.890171647071838 0.890684962272644 0.958031177520752 0.957961559295654 0.958070993423462 0.958384990692139 0.970101654529572 0.970034956932068 0.970879137516022 0.962405562400818 0.965491533279419 0.966384053230286 0.966574013233185 0.966616451740265 0.966595232486725 0.967412173748016 0.919506669044495 0.939938247203827 0.919822096824646
0.940845787525177 0.977096796035767 0.975642383098602 0.98010390996933 0.984757006168365 0.98670369386673 0.986359238624573 0.974409580230713 0.897145330905914 0.926729500293732 0.944356262683868 0.927718043327332 0.836437165737152 0.849145948886871 0.709835290908813 0.746892035007477 0.728083372116089 0.726941347122192 0.744343876838684 0.746348440647125 0.87373274564743 0.889314115047455 0.86271059513092 0.862700402736664 0.95534348487854 0.941580533981323 0.941524684429169 0.944405555725098 0.925189852714539 0.979174554347992 0.985187470912933 0.985309183597565 0.985755205154419 0.979884147644043 0.977313816547394 0.977445125579834 0.978038489818573 0.97156298160553 0.963265836238861 0.966365575790405 0.954825043678284 0.926638543605804 0.926660001277924 0.926929473876953
0.938782453536987 0.975104451179504 0.98725950717926 0.988208413124084 0.980507373809814 0.988431572914124 0.980651795864105 0.97696840763092 0.989526033401489 0.985925912857056 0.982685744762421 0.984739065170288 0.969393730163574 0.923276901245117 0.850922048091888 0.849556684494019 0.728157043457031 0.724323451519012 0.723479449748993 0.861632704734802 0.872188687324524 0.844692230224609 0.846050620079041 0.940737187862396 0.923965454101562 0.969230055809021 0.970146119594574 0.967324733734131 0.967523753643036 0.967839002609253 0.968663334846497 0.977470517158508 0.977438569068909 0.985591530799866 0.985641717910767 0.986140668392181 0.986082971096039 0.977887690067291 0.975645363330841 0.975635230541229 0.975810706615448 0.957054138183594 0.957104623317719 0.957160115242004
0.846986413002014 0.934395015239716 0.964906752109528 0.981002330780029 0.978357374668121 0.98199599981308 0.979971170425415 0.987955868244171 0.979786694049835 0.949929177761078 0.9110386967659 0.970351755619049 0.990652501583099 0.938011944293976 0.921028316020966 0.914794862270355 0.817766726016998 0.84896594285965 0.84746116399765 0.923665106296539 0.900970041751862 0.900410056114197 0.899661362171173 0.893236935138702 0.953139424324036 0.953075110912323 0.982606768608093 0.982795000076294 0.982943534851074 0.982883751392365 0.980576813220978 0.987209379673004 0.988802552223206 0.992707192897797 0.990658938884735 0.990886807441711 0.989636957645416 0.986052632331848 0.987967789173126 0.987642109394073 0.981771290302277 0.966039001941681 0.96609902381897 0.962211608886719
0.806608855724335 0.806288182735443 0.826730906963348 0.911205768585205 0.958568632602692 0.980369806289673 0.989341139793396 0.990309238433838 0.991352021694183 0.995085418224335 0.989942669868469 0.986117422580719 0.991963386535645 0.981311798095703 0.989331305027008 0.965323030948639 0.944285929203033 0.912780940532684 0.886922359466553 0.949410438537598 0.941875159740448 0.92179149389267 0.931545078754425 0.969457030296326 0.969345390796661 0.969289481639862 0.962210595607758 0.988214433193207 0.988633036613464 0.988707661628723 0.996367394924164 0.99114465713501 0.991130590438843 0.992981493473053 0.994598031044006 0.995155453681946 0.992779910564423 0.992970287799835 0.994051039218903 0.989920258522034 0.989901185035706 0.976906776428223 0.976906776428223 0.965874135494232
0.650737822055817 0.650737822055817 0.736472368240356 0.775668919086456 0.810882151126862 0.920801341533661 0.934218168258667 0.960302770137787 0.979664325714111 0.985046923160553 0.993082284927368 0.992604076862335 0.989650845527649 0.988352477550507 0.993160367012024 0.98830258846283 0.948567509651184 0.939726710319519 0.939371883869171 0.973359704017639 0.966619193553925 0.967618882656097 0.984511911869049 0.984291791915894 0.989695906639099 0.989949345588684 0.992278277873993 0.992199838161469 0.993793964385986 0.98482608795166 0.992450892925262 0.989998042583466 0.995390057563782 0.99715268611908 0.994174242019653 0.997002959251404 0.996190309524536 0.996433556079865 0.988258302211761 0.987691938877106 0.981784820556641 0.982305943965912 0.979702591896057 0.979729235172272
0.641606628894806 0.604650914669037 0.775376498699188 0.763035714626312 0.754188418388367 0.836413443088531 0.895299732685089 0.896343231201172 0.951952993869781 0.969102084636688 0.978432416915894 0.985392510890961 0.993467450141907 0.984475255012512 0.990502417087555 0.986574232578278 0.98788058757782 0.987271130084991 0.980501353740692 0.974379301071167 0.989190876483917 0.986597657203674 0.988922834396362 0.992335855960846 0.9948890209198 0.994841158390045 0.997882425785065 0.995923161506653 0.991478025913239 0.995944917201996 0.996102094650269 0.995009541511536 0.996213674545288 0.995771169662476 0.997071027755737 0.996361434459686 0.996879875659943 0.996423184871674 0.992703676223755 0.987762987613678 0.98815906047821 0.983511924743652 0.980837523937225 0.980933606624603
0.597276270389557 0.712387502193451 0.696337878704071 0.698077321052551 0.718010306358337 0.71787691116333 0.841777920722961 0.859275281429291 0.864271759986877 0.912595212459564 0.956386268138885 0.935519456863403 0.964838802814484 0.974709093570709 0.983634293079376 0.982407212257385 0.983349204063416 0.993511974811554 0.987605452537537 0.993305683135986 0.995562672615051 0.993202209472656 0.996481537818909 0.990528345108032 0.997936427593231 0.99701315164566 0.996367633342743 0.997926533222198 0.997156977653503 0.996456921100616 0.99675041437149 0.996062934398651 0.997598767280579 0.998493015766144 0.998489320278168 0.997710883617401 0.997494101524353 0.992413401603699 0.992994487285614 0.987845778465271 0.987847805023193 0.988218307495117 0.986057162284851 0.986092746257782
0.708697497844696 0.726740777492523 0.692375302314758 0.690914332866669 0.690778732299805 0.668865859508514 0.673885405063629 0.821622431278229 0.82294487953186 0.939788401126862 0.916738569736481 0.944438457489014 0.924721539020538 0.965363502502441 0.941785216331482 0.978035390377045 0.990351855754852 0.988196432590485 0.993896961212158 0.993826329708099 0.988981366157532 0.993444621562958 0.994539082050323 0.995818436145782 0.998602449893951 0.998576581478119 0.998647153377533 0.998326599597931 0.998576521873474 0.998084247112274 0.99696671962738 0.997989892959595 0.997993171215057 0.996509075164795 0.997809529304504 0.996815145015717 0.99648654460907 0.99599951505661 0.995241343975067 0.992925524711609 0.992734730243683 0.991695582866669 0.987809777259827 0.985994458198547
0.68766188621521 0.645556092262268 0.647358417510986 0.647221088409424 0.664032816886902 0.666023850440979 0.745289921760559 0.761445939540863 0.779547035694122 0.891555905342102 0.910498023033142 0.946343779563904 0.907013595104218 0.948904275894165 0.948887228965759 0.9382683634758 0.953420400619507 0.980659008026123 0.98593533039093 0.98904150724411 0.989048898220062 0.993811726570129 0.99584287405014 0.997982501983643 0.99767929315567 0.997758448123932 0.997719645500183 0.997872173786163 0.997958540916443 0.997507274150848 0.998943269252777 0.998797476291656 0.998382747173309 0.998479723930359 0.998062551021576 0.997767388820648 0.997284948825836 0.996054887771606 0.996092915534973 0.995944738388062 0.995329260826111 0.991741895675659 0.99151873588562 0.98863023519516
0.606272876262665 0.740148544311523 0.738779187202454 0.738726794719696 0.701029419898987 0.757919073104858 0.719159781932831 0.735277712345123 0.856149673461914 0.826928913593292 0.82836377620697 0.924169361591339 0.952586531639099 0.943394482135773 0.932138204574585 0.969372093677521 0.948335111141205 0.957427561283112 0.97709733247757 0.977074682712555 0.989303231239319 0.99118173122406 0.994158983230591 0.998171985149384 0.99711948633194 0.998593986034393 0.997054219245911 0.996845781803131 0.997897565364838 0.998957335948944 0.99902868270874 0.999152481555939 0.998664975166321 0.998724102973938 0.998412489891052 0.997949063777924 0.997745454311371 0.997256100177765 0.997286379337311 0.995502233505249 0.995266199111938 0.99466872215271 0.981970906257629 0.982524275779724
0.699580073356628 0.699472069740295 0.715417385101318 0.715136706829071 0.675720989704132 0.674580276012421 0.806647598743439 0.82045441865921 0.785355567932129 0.788006544113159 0.900388777256012 0.938896536827087 0.932071447372437 0.896991968154907 0.946536362171173 0.97123658657074 0.951637804508209 0.98079639673233 0.983865022659302 0.986797511577606 0.988391935825348 0.994219124317169 0.992599666118622 0.998331427574158 0.998263359069824 0.998595416545868 0.997377514839172 0.997452259063721 0.997161269187927 0.998768329620361 0.998085200786591 0.998914301395416 0.998375773429871 0.998957872390747 0.998591244220734 0.998168766498566 0.99809730052948 0.99749368429184 0.996944069862366 0.995974242687225 0.993353843688965 0.98956698179245 0.987149894237518 0.9824138879776
0.716132342815399 0.67641019821167 0.805442214012146 0.804268419742584 0.768665432929993 0.783044338226318 0.782908082008362 0.879675388336182 0.850550949573517 0.842124283313751 0.915002107620239 0.905200600624084 0.935704588890076 0.901166319847107 0.951802134513855 0.930215954780579 0.968549609184265 0.974545240402222 0.978343963623047 0.986693024635315 0.98104053735733 0.988905012607574 0.991493046283722 0.994247257709503 0.995333552360535 0.998685359954834 0.997873187065125 0.997660577297211 0.995255172252655 0.995204091072083 0.997811615467072 0.9967080950737 0.999098181724548 0.998971462249756 0.998769462108612 0.998388707637787 0.998248100280762 0.997952222824097 0.997272610664368 0.993995249271393 0.992620527744293 0.991441607475281 0.988665997982025 0.986424326896667
0.805887699127197 0.767269968986511 0.766376256942749 0.745693147182465 0.849989295005798 0.850864052772522 0.850567042827606 0.806172668933868 0.896985948085785 0.888696491718292 0.876628816127777 0.911946952342987 0.897762537002563 0.930670261383057 0.89384537935257 0.927444815635681 0.959521472454071 0.967054307460785 0.98048996925354 0.98688405752182 0.980038106441498 0.98919415473938 0.991691768169403 0.996326386928558 0.99905663728714 0.998487055301666 0.999306559562683 0.99906975030899 0.998084962368011 0.998360335826874 0.998017966747284 0.995312511920929 0.99452018737793 0.996118187904358 0.998180568218231 0.998676300048828 0.998536884784698 0.998565673828125 0.995285511016846 0.99403440952301 0.994684755802155 0.992677748203278 0.990214884281158 0.97967541217804
0.781868994235992 0.743052363395691 0.848104894161224 0.816313624382019 0.816092610359192 0.868433356285095 0.867739915847778 0.859877824783325 0.943187713623047 0.901306211948395 0.855386674404144 0.919765055179596 0.880453646183014 0.916785836219788 0.924695193767548 0.940254688262939 0.961952328681946 0.967172622680664 0.986636817455292 0.981207013130188 0.972110509872437 0.984508574008942 0.992198467254639 0.996597290039062 0.997229516506195 0.999282002449036 0.997722744941711 0.998540878295898 0.999207496643066 0.999467432498932 0.996351182460785 0.996003389358521 0.990857303142548 0.980081737041473 0.97687155008316 0.991468012332916 0.996827602386475 0.997102081775665 0.996904075145721 0.993739187717438 0.991907835006714 0.986750662326813 0.9831263422966 0.982082545757294
0.816945672035217 0.816806316375732 0.777930676937103 0.869004845619202 0.83799135684967 0.825630903244019 0.922685205936432 0.872683227062225 0.853229761123657 0.918129086494446 0.876357913017273 0.913746118545532 0.900245726108551 0.930748105049133 0.968963801860809 0.960216462612152 0.964499473571777 0.977690517902374 0.987162590026855 0.98396110534668 0.984934508800507 0.992369830608368 0.996435821056366 0.997874677181244 0.99879264831543 0.999059557914734 0.998243153095245 0.995857715606689 0.998133659362793 0.997528076171875 0.99758917093277 0.99745899438858 0.99355012178421 0.990214705467224 0.988891124725342 0.977744162082672 0.98330169916153 0.988347470760345 0.993501722812653 0.992163956165314 0.991741538047791 0.990119993686676 0.988667786121368 0.984305143356323
0.778371453285217 0.866792142391205 0.866005182266235 0.824033737182617 0.823976576328278 0.897847294807434 0.853727996349335 0.908737123012543 0.892706274986267 0.926156759262085 0.911925911903381 0.920281171798706 0.906373620033264 0.954630970954895 0.961351096630096 0.949043929576874 0.952096700668335 0.980427920818329 0.963479340076447 0.99107551574707 0.987786531448364 0.98882931470871 0.994568943977356 0.997977316379547 0.99739146232605 0.999328970909119 0.999258279800415 0.9990593791008 0.999299228191376 0.998382866382599 0.996395230293274 0.995389461517334 0.997578263282776 0.996781527996063 0.995428562164307 0.99355286359787 0.993008553981781 0.989112317562103 0.988766372203827 0.985101938247681 0.990544855594635 0.986541152000427 0.982504487037659 0.98063063621521
