data/climate_estimation/maxent_output/Tulipa_lehmanniana.asc
NCOLS 200 
NROWS 126 
XLLCORNER 60.8333333333333 
YLLCORNER 34.0833333333333 
CELLSIZE 0.0833333333333334 
NODATA_value -3.4e+38 
[rows 95 to 113 of 126, columns 88 to 131 of 200]
0.970105051994324 0.964299917221069 0.959403812885284 0.956473648548126 0.95415723323822 0.939346492290497 0.947438776493073 0.954051494598389 0.949887275695801 0.942509174346924 0.927713692188263 0.903515756130219 0.540536820888519 0.389983773231506 0.62264084815979 0.304117560386658 0.199547797441483 0.255153208971024 0.238296017050743 0.250240355730057 0.166467607021332 0.040712583810091 0.0226631686091423 0.0210580825805664 0.087179459631443 0.0585484951734543 0.0136499591171741 0.013234912417829 0.0102124325931072 0.00729655986651778 0.0203100387006998 0.0490386188030243 0.152811467647552 0.0558870136737823 0.0633512809872627 0.073573961853981 0.0867506265640259 0.0353289619088173 0.142418056726456 0.146346136927605 0.0861364901065826 0.0754856765270233 0.109398387372494 0.148634538054466
0.899899065494537 0.960655152797699 0.961402058601379 0.915670394897461 0.939305126667023 0.869306266307831 0.57902592420578 0.941584944725037 0.940661311149597 0.93316239118576 0.872540056705475 0.616716623306274 0.321417093276978 0.252059251070023 0.454499185085297 0.310319602489471 0.253853023052216 0.11121267080307 0.0742650702595711 0.0439034923911095 0.161106988787651 0.063439667224884 0.0182094257324934 0.00442385068163276 0.0423237532377243 0.0690886601805687 0.0366651900112629 0.0267071165144444 0.00665054051205516 0.0130461072549224 0.0409958623349667 0.0956859588623047 0.115372657775879 0.0965014919638634 0.0289580877870321 0.0233905427157879 0.0233230963349342 0.0834788009524345 0.159107252955437 0.046208243817091 0.0306921359151602 0.0420265197753906 0.0350383184850216 0.0682912841439247
0.743221580982208 0.886125922203064 0.924759566783905 0.944402098655701 0.911752879619598 0.941038191318512 0.91241180896759 0.713631987571716 0.92452210187912 0.824628114700317 0.48813983798027 0.464607924222946 0.276811301708221 0.254788547754288 0.373722523450851 0.230442509055138 0.215911522507668 0.0414275452494621 0.0110108172520995 0.027032284066081 0.0797154828906059 0.0156472083181143 0.00388196017593145 0.00351945450529456 0.0149207301437855 0.0226885229349136 0.00672268774360418 0.00777522986754775 0.00599348917603493 0.00600068224593997 0.0266357958316803 0.0960589423775673 0.0227613486349583 0.0284107569605112 0.0342918410897255 0.0121359620243311 0.0168822798877954 0.068058654665947 0.0806698352098465 0.0276988130062819 0.0216654315590858 0.0255567040294409 0.034478235989809 0.0215467251837254
0.515142261981964 0.464152276515961 0.749937474727631 0.84308648109436 0.865770161151886 0.915353238582611 0.925048410892487 0.924668192863464 0.910130441188812 0.576768279075623 0.332663834095001 0.430596321821213 0.34054234623909 0.391253858804703 0.286394119262695 0.0341654904186726 0.0895219668745995 0.00602714391425252 0.00281406147405505 0.00206498266197741 0.00970456842333078 0.0359672717750072 0.00913913082331419 0.00607045693323016 0.00252896617166698 0.00284849782474339 0.00303272344172001 0.0032476510386914 0.00302051566541195 0.00516082253307104 0.0326275452971458 0.0253772139549255 0.0107448287308216 0.0147668877616525 0.0118813114240766 0.0107782864943147 0.0264865159988403 0.0342074558138847 0.0252771023660898 0.0409793294966221 0.0324802733957767 0.0515147596597672 0.0309924203902483 0.0203652456402779
0.40496438741684 0.464479237794876 0.521472215652466 0.724267244338989 0.843006372451782 0.867408096790314 0.901571452617645 0.90751439332962 0.881984710693359 0.423443704843521 0.379380136728287 0.427823156118393 0.325554579496384 0.18804357945919 0.0284672006964684 0.00193846120964736 0.0231546461582184 0.00637146132066846 0.00132040865719318 0.000940508733037859 0.00227754935622215 0.0287095848470926 0.00680092442780733 0.00265304022468626 0.00259045581333339 0.00269385147839785 0.00244644191116095 0.00238490686751902 0.0040714405477047 0.0128956995904446 0.0188531074672937 0.0312383454293013 0.0070664850063622 0.00718510057777166 0.00837540347129107 0.0138839446008205 0.0269875414669514 0.0121949138119817 0.0204184893518686 0.0218651499599218 0.0373793356120586 0.0611823797225952 0.0772978886961937 0.018257325515151
0.705933749675751 0.586558282375336 0.739277064800262 0.492954164743423 0.802463233470917 0.852190911769867 0.890854835510254 0.886557638645172 0.812584221363068 0.54018223285675 0.248029246926308 0.439629673957825 0.234400302171707 0.0572968348860741 0.00542489113286138 0.00262701930478215 0.054094173014164 0.00586433848366141 0.0012735880445689 0.00167707691434771 0.00956706795841455 0.0164688918739557 0.0164596512913704 0.0132948728278279 0.00469894940033555 0.00210312148556113 0.00212422828190029 0.00228223623707891 0.00327868270687759 0.00489875627681613 0.00456283893436193 0.0192170385271311 0.006314926315099 0.00568729313090444 0.00758832879364491 0.0172597728669643 0.0178005676716566 0.0111495964229107 0.0126787647604942 0.020811416208744 0.034867886453867 0.0517303571105003 0.129707485437393 0.0352384932339191
0.458833485841751 0.371902614831924 0.505179703235626 0.791184186935425 0.899991154670715 0.872069299221039 0.877260029315948 0.810506582260132 0.527613997459412 0.570359647274017 0.415069282054901 0.348684877157211 0.0811847150325775 0.0185641944408417 0.00585243012756109 0.0084819421172142 0.0433438792824745 0.0283930972218513 0.00793464388698339 0.00118603429291397 0.00147137604653835 0.00218857475556433 0.00779046164825559 0.00188450026325881 0.00643838895484805 0.0049326871521771 0.00269060954451561 0.00244780629873276 0.00257662613876164 0.00460822135210037 0.00699739344418049 0.0104132136330009 0.00845038238912821 0.00545202242210507 0.00948252715170383 0.00968356803059578 0.0132012367248535 0.0163649190217257 0.022812882438302 0.0209932681173086 0.0366747118532658 0.0911005139350891 0.0963112786412239 0.0517978630959988
0.288020223379135 0.135867103934288 0.0348459295928478 0.169152975082397 0.871182680130005 0.919027388095856 0.821711361408234 0.498987466096878 0.35918664932251 0.547267317771912 0.531220674514771 0.430774837732315 0.133528187870979 0.0691745355725288 0.0133028673008084 0.0122032519429922 0.0857052877545357 0.0332431308925152 0.0161051657050848 0.00361472461372614 0.000859427207615227 0.00161247386131436 0.00311642605811357 0.00127160677220672 0.00198019319213927 0.00309669133275747 0.00251677120104432 0.00218776403926313 0.00387325021438301 0.00919277407228947 0.0208520945161581 0.0179024841636419 0.0169178657233715 0.0145899532362819 0.0105186440050602 0.00728794699534774 0.0104114161804318 0.0157598461955786 0.0383972711861134 0.0319210700690746 0.0576489977538586 0.100704200565815 0.221238359808922 0.284916430711746
0.183819428086281 0.0506233349442482 0.0316279642283916 0.518892228603363 0.922329545021057 0.92335844039917 0.867259562015533 0.443276524543762 0.47697576880455 0.288107872009277 0.321556806564331 0.124802455306053 0.0536969564855099 0.039291437715292 0.00146546261385083 0.0174215044826269 0.0397424846887589 0.0216028727591038 0.00340924947522581 0.00168049789499491 0.0010928267147392 0.000941351521760225 0.00190072669647634 0.00128290336579084 0.00140363944228739 0.00184958626050502 0.0021893500816077 0.00354029075242579 0.00809148512780666 0.00783701241016388 0.00754774082452059 0.00469493260607123 0.0128118628636003 0.0100159738212824 0.00617427658289671 0.0072508049197495 0.0186793673783541 0.0204607527703047 0.0177060328423977 0.042796827852726 0.120095983147621 0.044637568295002 0.0664717182517052 0.280143290758133
0.0753419399261475 0.0356521084904671 0.184716641902924 0.736319422721863 0.904579639434814 0.906830668449402 0.709542751312256 0.828851878643036 0.496674418449402 0.148523718118668 0.0550234988331795 0.0280088987201452 0.0209571421146393 0.0120959235355258 0.000523776223417372 0.00521238427609205 0.0099408533424139 0.0044290074147284 0.00318426685407758 0.000931906630285084 0.000817785679828376 0.000879578001331538 0.00110739562660456 0.001213229727 0.00130908272694796 0.00155780813656747 0.00269225030206144 0.00289437267929316 0.00347839016467333 0.00386629230342805 0.00350207719020545 0.00435949768871069 0.0137405144050717 0.00579433795064688 0.00507128937169909 0.00624563917517662 0.0105526335537434 0.0340144000947475 0.0335627049207687 0.0138903446495533 0.0203105583786964 0.0242020040750504 0.0621624067425728 0.335393339395523
0.00768511183559895 0.00868612248450518 0.130547732114792 0.508535742759705 0.720449566841125 0.710520386695862 0.644577503204346 0.846218168735504 0.481633514165878 0.150421664118767 0.0118709588423371 0.0212078485637903 0.00475260708481073 0.0161500051617622 0.00859675090759993 0.000972361245658249 0.00270239263772964 0.000730493164155632 0.000542398018296808 0.000762256910093129 0.000735904555767775 0.000825561059173197 0.000944254570640624 0.00116714322939515 0.00148073048330843 0.00156457570847124 0.00180422596167773 0.00227397005073726 0.00238965125754476 0.00329961674287915 0.00283242063596845 0.00798928365111351 0.00495342910289764 0.00424798158928752 0.00613351492211223 0.00921194162219763 0.016382897272706 0.0260897520929575 0.0364013090729713 0.0124791590496898 0.0173567906022072 0.0410947874188423 0.0734454691410065 0.324312746524811
0.00627190480008721 0.0255930498242378 0.0562121085822582 0.170073598623276 0.391207545995712 0.336955517530441 0.315625816583633 0.513411819934845 0.171697705984116 0.0496080443263054 0.0927053019404411 0.129277765750885 0.0215049739927053 0.061140812933445 0.0625747516751289 0.00311209773644805 0.000396028073737398 0.000451516505563632 0.000539502303581685 0.000599576451350003 0.000711249362211674 0.000924989290069789 0.00124373368453234 0.00195276504382491 0.00138768018223345 0.00149655633140355 0.00173525093123317 0.00198002904653549 0.00223810831084847 0.00280092074535787 0.00501411920413375 0.00625153537839651 0.00481154676526785 0.00493539636954665 0.00586810894310474 0.0130210453644395 0.00802857615053654 0.0181535147130489 0.0370543263852596 0.0179212037473917 0.0131971444934607 0.0385881550610065 0.0971685275435448 0.108055271208286
0.00520045682787895 0.0167062766849995 0.0881372839212418 0.395881682634354 0.671107411384583 0.605603218078613 0.731793403625488 0.47298789024353 0.347512662410736 0.238509267568588 0.129496440291405 0.178956687450409 0.133355170488358 0.0895416140556335 0.0228542163968086 0.0106749385595322 0.00266959331929684 0.00141818937845528 0.00105565355625004 0.000619558908510953 0.00141219678334892 0.00186027179006487 0.00231474963948131 0.00115247431676835 0.00129762548021972 0.00146512757055461 0.00212905323132873 0.00232270639389753 0.00223327032290399 0.0036106607876718 0.00311935134232044 0.00385079625993967 0.00412375526502728 0.004882478620857 0.0058965147472918 0.00652502616867423 0.00857707764953375 0.0262936428189278 0.032867006957531 0.0139582362025976 0.0126574225723743 0.0252638515084982 0.0738631039857864 0.131302937865257
0.0320275910198689 0.275871962308884 0.625894367694855 0.379982143640518 0.396117120981216 0.290421158075333 0.376585155725479 0.298919886350632 0.23880398273468 0.0870048478245735 0.0678536519408226 0.00212413840927184 0.0027490530628711 0.00357719650492072 0.000675926101393998 0.00186205236241221 0.000558464322239161 0.000453159475000575 0.000534042716026306 0.000763475894927979 0.00307320337742567 0.00144963280763477 0.00101288582663983 0.00120875635184348 0.00129954144358635 0.00196090084500611 0.00257249316200614 0.00319448905065656 0.00224152649752796 0.00290129915811121 0.00307686673477292 0.00319147761911154 0.00421630404889584 0.0059501901268959 0.00532431667670608 0.00766756338998675 0.0171794425696135 0.0304564703255892 0.0141076408326626 0.0118868518620729 0.0321515053510666 0.0236928090453148 0.0870528072118759 0.160930037498474
0.421370029449463 0.685705125331879 0.296742707490921 0.0654180347919464 0.0243917554616928 0.00693531986325979 0.01458047516644 0.0102615263313055 0.0119268866255879 0.00496094254776835 0.000710604770574719 0.0008020976674743 0.000304313667584211 0.000335218122927472 0.00034535612212494 0.000388522341381758 0.000440095231169835 0.000503537710756063 0.00161147059407085 0.00373583543114364 0.00135638355277479 0.000887418747879565 0.00096141267567873 0.00117959396447986 0.00137010065373033 0.00225687515921891 0.00490607274696231 0.00226105516776443 0.00222284090705216 0.00269778002984822 0.00408554403111339 0.00386287458240986 0.00577629450708628 0.00791578274220228 0.0047982344403863 0.00659726513549685 0.0103635778650641 0.0340767614543438 0.0347001701593399 0.056469414383173 0.0597958602011204 0.0462715551257133 0.141877889633179 0.0803569778800011
0.769379794597626 0.505059897899628 0.268279999494553 0.104159370064735 0.0242181252688169 0.00878422614187002 0.00129140238277614 0.000577261263970286 0.000516405154485255 0.000413091271184385 0.000252515368629247 0.000461714720586315 0.000324670108966529 0.000365600717486814 0.000353080919012427 0.000542561989277601 0.00154553493484855 0.0064805899746716 0.00224953913129866 0.001088977442123 0.000763023621402681 0.000880768406204879 0.00141511508263648 0.0038027036935091 0.00379972252994776 0.00505994679406285 0.00227204291149974 0.0023288307711482 0.00302864331752062 0.00514466222375631 0.00559649104252458 0.00357459881342947 0.00549575127661228 0.00856071244925261 0.00559157086536288 0.00775140570476651 0.00730677228420973 0.0198610052466393 0.0375594608485699 0.0641514882445335 0.130237951874733 0.111285984516144 0.0846568420529366 0.0325064286589622
0.29539743065834 0.107127353549004 0.0106588564813137 0.00316633237525821 0.00296972971409559 0.00102338346187025 0.000783097872044891 0.000629932037554681 0.000488255580421537 0.00050554407062009 0.000319086073432118 0.00201701396144927 0.0041857217438519 0.000823273439891636 0.00156441726721823 0.0104095200076699 0.00632133288308978 0.00372725864872336 0.00154540303628892 0.000862773740664124 0.000917219032999128 0.000895691686309874 0.00113626266829669 0.00522599834948778 0.011135364882648 0.00309726386331022 0.0066437148489058 0.0035878112539649 0.00262876390479505 0.0029151972848922 0.00565742515027523 0.0113606946542859 0.0127436136826873 0.00725155463442206 0.0137391174212098 0.00548356818035245 0.0067655979655683 0.020224304869771 0.0417688935995102 0.0418136082589626 0.138465896248817 0.0683322921395302 0.0281206108629704 0.029599716886878
0.102716989815235 0.0658781081438065 0.00619429722428322 0.00158999767154455 0.00211124634370208 0.00104169792030007 0.000843821559101343 0.00072586233727634 0.000778965768404305 0.000973785587120801 0.000532532227225602 0.00221026339568198 0.0314490757882595 0.040731780230999 0.0509199872612953 0.0105077214539051 0.00121065927669406 0.000811573874671012 0.00132409355137497 0.00136976852081716 0.0009991021361202 0.000988169224001467 0.00159355369396508 0.00779197877272964 0.0333944000303745 0.0406613685190678 0.0201214924454689 0.00471582589671016 0.00351467798464 0.00274662231095135 0.00352499471046031 0.0150945195928216 0.0173083040863276 0.0139676360413432 0.0133874882012606 0.00521256821230054 0.0128121664747596 0.0442856773734093 0.0840097665786743 0.0741851776838303 0.12475997209549 0.0416543483734131 0.0259950701147318 0.0539968721568584
0.0193597935140133 0.00636427337303758 0.00653750356286764 0.00220384611748159 0.00152675155550241 0.00143857556395233 0.00149500893894583 0.00301494263112545 0.00296476157382131 0.0179746653884649 0.0170157197862864 0.0348534509539604 0.175670653581619 0.317127197980881 0.136234059929848 0.0182404164224863 0.00146419578231871 0.00379258883185685 0.0017580856801942 0.000833955709822476 0.00103141367435455 0.00149367016274482 0.00120637798681855 0.00349623686634004 0.0111446781083941 0.0499962009489536 0.0225238725543022 0.00800815876573324 0.0200243107974529 0.00588995590806007 0.018354844301939 0.020274693146348 0.0204945672303438 0.0256281904876232 0.00542599661275744 0.00591303780674934 0.0339269042015076 0.0479764454066753 0.153630658984184 0.0612550899386406 0.0341220647096634 0.0405521579086781 0.0361720435321331 0.0420955047011375
