data/climate_estimation/maxent_output/Tulipa_undulatifolia.asc
NCOLS 595 
NROWS 83 
XLLCORNER 20.9166666666667 
YLLCORNER 35.25 
CELLSIZE 0.0833333333333333 
NODATA_value -3.4e+38 
[rows 60 to 79 of 83, columns 138 to 183 of 595]
0.714718997478485 0.690373659133911 0.654034376144409 0.727443397045135 0.780575752258301 0.667425692081451 0.604935586452484 0.717831611633301 0.823265075683594 0.804948687553406 0.775818288326263 0.701101958751678 0.663530707359314 0.596659064292908 0.506889343261719 0.482370257377625 0.457444906234741 0.360103487968445 0.290520042181015 0.258425116539001 0.240212187170982 0.236710458993912 0.252463579177856 0.300533980131149 0.547958731651306 0.802285432815552 0.927797615528107 0.93659645318985 0.96707284450531 0.96299934387207 0.955386638641357 0.939866602420807 0.927998781204224 0.920887589454651 0.911175131797791 0.906087279319763 0.889649569988251 0.87206357717514 0.814976036548615 0.77154666185379 0.744739234447479 0.722885608673096 0.753432333469391 0.771510183811188 0.813768148422241 0.854053914546967
0.643140077590942 0.824499845504761 0.819410979747772 0.852281987667084 0.9459428191185 0.926744639873505 0.631182253360748 0.616530120372772 0.682303071022034 0.713090479373932 0.670781135559082 0.644520699977875 0.613745450973511 0.517223477363586 0.4281385242939 0.399162381887436 0.338187515735626 0.319419473409653 0.297918498516083 0.268753290176392 0.274181425571442 0.260756283998489 0.381173253059387 0.627619206905365 0.790339171886444 0.82608026266098 0.945351660251617 0.974210262298584 0.97035825252533 0.970609664916992 0.961016297340393 0.954355239868164 0.945459485054016 0.934590041637421 0.926158726215363 0.912264764308929 0.918194532394409 0.90838760137558 0.872359097003937 0.837384819984436 0.766532599925995 0.740048110485077 0.77388733625412 0.826027452945709 0.799874782562256 0.90334814786911
0.566763579845428 0.731419324874878 0.541282892227173 0.536693274974823 0.728303492069244 0.818988263607025 0.938864469528198 0.976318776607513 0.752165019512177 0.596769869327545 0.575604677200317 0.528313815593719 0.578105092048645 0.518515884876251 0.41235539317131 0.386958807706833 0.345037043094635 0.322548776865005 0.329116493463516 0.354761838912964 0.36428964138031 0.422392547130585 0.436519026756287 0.614294409751892 0.933391332626343 0.940285384654999 0.977031171321869 0.975611090660095 0.972732186317444 0.973822772502899 0.968874871730804 0.963255763053894 0.961432158946991 0.956594109535217 0.94625324010849 0.936113238334656 0.934991300106049 0.932117283344269 0.901379883289337 0.878342986106873 0.792171776294708 0.785959184169769 0.808707416057587 0.770647704601288 0.757213115692139 0.880343973636627
0.483857810497284 0.573394477367401 0.636601388454437 0.555783987045288 0.494311451911926 0.605923175811768 0.639894723892212 0.96167516708374 0.940577924251556 0.948199212551117 0.6401646733284 0.553745269775391 0.710853397846222 0.637192487716675 0.506097495555878 0.440412819385529 0.450763314962387 0.463262230157852 0.431963890790939 0.412541568279266 0.540113806724548 0.519381403923035 0.769991099834442 0.923857510089874 0.971596777439117 0.977913200855255 0.979576110839844 0.980092167854309 0.97576242685318 0.977483808994293 0.972720444202423 0.974287807941437 0.971335709095001 0.971514880657196 0.968449234962463 0.965193450450897 0.957241415977478 0.960878610610962 0.934762179851532 0.908366441726685 0.858724296092987 0.796280086040497 0.803738355636597 -3.4e+38 0.73712420463562 0.805650174617767
0.594739854335785 0.479027599096298 0.510645389556885 0.625287652015686 0.568768739700317 0.480829209089279 0.456884056329727 0.513421297073364 0.946094572544098 0.861332833766937 0.945139050483704 0.837070047855377 0.736131966114044 0.576860427856445 0.546990573406219 0.501007378101349 0.536475718021393 0.600963890552521 0.601668536663055 0.706458985805511 0.707473516464233 0.756422638893127 0.876736700534821 0.975718080997467 0.973044097423553 0.980031788349152 0.983162224292755 0.97979462146759 0.977624654769897 0.976913928985596 0.976675093173981 0.975289106369019 0.973657131195068 0.97570264339447 0.97674697637558 0.967578530311584 0.965581178665161 0.959057033061981 0.930092930793762 0.901877462863922 0.853254795074463 0.827812790870667 -3.4e+38 -3.4e+38 -3.4e+38 0.813200831413269
0.614705979824066 0.591332137584686 0.548061549663544 0.816432178020477 0.842484772205353 0.517849922180176 0.602097451686859 0.58727902173996 0.888560891151428 0.944938540458679 0.89577841758728 0.867919981479645 0.920975863933563 0.863369345664978 0.853093445301056 0.880576848983765 0.757786512374878 0.685858070850372 0.763888895511627 0.822012603282928 0.858553647994995 0.965320467948914 0.971376955509186 0.974880039691925 0.974364757537842 0.978576123714447 -3.4e+38 -3.4e+38 -3.4e+38 0.973610162734985 0.97419548034668 0.974300682544708 0.965067625045776 0.967459321022034 0.970792233943939 0.971415400505066 0.971055328845978 0.969480693340302 0.955801427364349 0.93863445520401 -3.4e+38 -3.4e+38 -3.4e+38 -3.4e+38 -3.4e+38 0.912252724170685
0.619566142559052 0.573192119598389 0.660935580730438 0.756666839122772 0.876424551010132 0.861883342266083 0.78886342048645 0.854827702045441 0.863818466663361 0.923574447631836 0.844045460224152 0.819231867790222 0.866803109645844 0.931622445583344 0.93564361333847 0.947590231895447 0.710721552371979 0.767230331897736 0.881914138793945 0.943093538284302 0.963227450847626 0.964679300785065 0.962413430213928 0.971417665481567 0.970037579536438 -3.4e+38 -3.4e+38 -3.4e+38 -3.4e+38 -3.4e+38 -3.4e+38 -3.4e+38 0.964160621166229 0.963760912418365 0.967012286186218 0.969369351863861 0.970939159393311 0.97282874584198 0.971536219120026 -3.4e+38 -3.4e+38 -3.4e+38 -3.4e+38 -3.4e+38 0.877753496170044 0.956827580928802
0.638800203800201 0.639701008796692 0.685202538967133 0.715779960155487 0.717698156833649 0.887176334857941 0.920675873756409 0.87838226556778 0.925713956356049 0.930925309658051 0.902091205120087 0.843851029872894 0.838432133197784 0.862729966640472 0.925003051757812 0.925512671470642 0.869014918804169 0.913168489933014 0.948990821838379 0.961020410060883 0.960575580596924 0.961007535457611 0.958104610443115 -3.4e+38 -3.4e+38 -3.4e+38 -3.4e+38 -3.4e+38 -3.4e+38 -3.4e+38 -3.4e+38 -3.4e+38 -3.4e+38 -3.4e+38 0.963164567947388 0.966211020946503 -3.4e+38 0.97107321023941 -3.4e+38 -3.4e+38 -3.4e+38 -3.4e+38 -3.4e+38 0.928467333316803 0.936848819255829 0.968071579933167
0.604532778263092 0.538561940193176 0.533409178256989 0.545467019081116 0.596750736236572 0.705572485923767 0.800550639629364 0.797440767288208 0.808328449726105 0.852524697780609 0.932056844234467 0.923598647117615 0.897544622421265 0.883271157741547 0.902241349220276 0.927545368671417 0.949983894824982 0.953104555606842 0.951552271842957 0.949924767017365 0.830792486667633 0.840916097164154 -3.4e+38 -3.4e+38 -3.4e+38 -3.4e+38 -3.4e+38 -3.4e+38 -3.4e+38 -3.4e+38 -3.4e+38 -3.4e+38 -3.4e+38 -3.4e+38 -3.4e+38 -3.4e+38 -3.4e+38 -3.4e+38 -3.4e+38 -3.4e+38 -3.4e+38 0.9453284740448 0.9432412981987 0.96344268321991 0.798018515110016 0.947535455226898
0.701792418956757 0.506742298603058 0.42363029718399 0.491823673248291 0.570117175579071 0.669739425182343 0.762099087238312 0.780757188796997 0.814932763576508 0.838812470436096 0.915525019168854 0.933593034744263 0.905416488647461 0.928021371364594 0.950593531131744 0.944792985916138 0.935385584831238 0.781473577022552 0.429203510284424 0.810492396354675 0.816455543041229 -3.4e+38 -3.4e+38 -3.4e+38 -3.4e+38 -3.4e+38 -3.4e+38 -3.4e+38 -3.4e+38 -3.4e+38 -3.4e+38 -3.4e+38 -3.4e+38 -3.4e+38 -3.4e+38 -3.4e+38 -3.4e+38 -3.4e+38 -3.4e+38 -3.4e+38 0.952627837657928 0.952421188354492 0.920388281345367 0.712087452411652 0.776033580303192 0.974725067615509
0.731843650341034 0.726323306560516 0.520382583141327 0.509497404098511 0.796405673027039 0.72053325176239 0.703069925308228 0.851442217826843 0.813134849071503 0.865726709365845 0.924627602100372 0.915020048618317 0.921159386634827 0.914215505123138 0.934324502944946 0.933851599693298 0.779530227184296 0.41051909327507 0.419481724500656 0.792051374912262 0.799508810043335 -3.4e+38 -3.4e+38 -3.4e+38 -3.4e+38 -3.4e+38 -3.4e+38 -3.4e+38 -3.4e+38 -3.4e+38 -3.4e+38 -3.4e+38 -3.4e+38 -3.4e+38 -3.4e+38 -3.4e+38 -3.4e+38 -3.4e+38 -3.4e+38 -3.4e+38 0.781246304512024 0.548754811286926 0.519955217838287 0.635375916957855 0.927448332309723 0.982028901576996
0.712382197380066 0.695594489574432 0.786489307880402 0.788565635681152 0.80338180065155 0.818210363388062 0.843960702419281 0.833623051643372 0.857531011104584 0.843200325965881 0.897343754768372 0.856336832046509 0.867263495922089 0.865538418292999 0.882053136825562 0.701396822929382 0.746935725212097 -3.4e+38 0.420575708150864 -3.4e+38 -3.4e+38 -3.4e+38 -3.4e+38 -3.4e+38 -3.4e+38 -3.4e+38 -3.4e+38 -3.4e+38 -3.4e+38 -3.4e+38 -3.4e+38 -3.4e+38 -3.4e+38 -3.4e+38 -3.4e+38 -3.4e+38 -3.4e+38 -3.4e+38 -3.4e+38 -3.4e+38 -3.4e+38 0.71474814414978 0.734632730484009 0.917826354503632 0.97405332326889 0.963179171085358
0.669709324836731 0.700121700763702 0.769529521465302 0.752576887607574 0.734765231609344 0.67399138212204 0.720539629459381 0.785673797130585 0.741867005825043 0.779245674610138 0.830998122692108 0.615569174289703 0.638687551021576 0.665084660053253 0.636156499385834 0.341716408729553 -3.4e+38 -3.4e+38 -3.4e+38 -3.4e+38 -3.4e+38 -3.4e+38 -3.4e+38 -3.4e+38 -3.4e+38 -3.4e+38 -3.4e+38 -3.4e+38 -3.4e+38 -3.4e+38 -3.4e+38 -3.4e+38 -3.4e+38 -3.4e+38 -3.4e+38 -3.4e+38 -3.4e+38 -3.4e+38 -3.4e+38 -3.4e+38 -3.4e+38 0.855933666229248 0.860722303390503 0.967134058475494 0.9529709815979 0.94197404384613
-3.4e+38 -3.4e+38 0.67871218919754 0.710601270198822 0.471483588218689 0.439827620983124 -3.4e+38 -3.4e+38 0.515903830528259 -3.4e+38 -3.4e+38 -3.4e+38 -3.4e+38 -3.4e+38 -3.4e+38 -3.4e+38 -3.4e+38 -3.4e+38 -3.4e+38 -3.4e+38 -3.4e+38 -3.4e+38 -3.4e+38 -3.4e+38 -3.4e+38 -3.4e+38 -3.4e+38 -3.4e+38 -3.4e+38 -3.4e+38 -3.4e+38 -3.4e+38 -3.4e+38 -3.4e+38 -3.4e+38 -3.4e+38 -3.4e+38 -3.4e+38 -3.4e+38 -3.4e+38 -3.4e+38 -3.4e+38 0.950358748435974 0.838541746139526 0.687355875968933 0.886168479919434
-3.4e+38 -3.4e+38 -3.4e+38 -3.4e+38 -3.4e+38 -3.4e+38 -3.4e+38 -3.4e+38 -3.4e+38 -3.4e+38 -3.4e+38 -3.4e+38 -3.4e+38 -3.4e+38 -3.4e+38 -3.4e+38 -3.4e+38 -3.4e+38 -3.4e+38 -3.4e+38 -3.4e+38 -3.4e+38 -3.4e+38 -3.4e+38 -3.4e+38 -3.4e+38 -3.4e+38 -3.4e+38 -3.4e+38 -3.4e+38 -3.4e+38 -3.4e+38 -3.4e+38 -3.4e+38 -3.4e+38 -3.4e+38 -3.4e+38 -3.4e+38 -3.4e+38 -3.4e+38 -3.4e+38 0.794649720191956 0.436451286077499 0.618871808052063 0.645256876945496 0.8810213804245
-3.4e+38 -3.4e+38 -3.4e+38 -3.4e+38 -3.4e+38 -3.4e+38 -3.4e+38 -3.4e+38 -3.4e+38 -3.4e+38 -3.4e+38 -3.4e+38 -3.4e+38 -3.4e+38 -3.4e+38 -3.4e+38 -3.4e+38 -3.4e+38 -3.4e+38 -3.4e+38 -3.4e+38 -3.4e+38 -3.4e+38 -3.4e+38 -3.4e+38 -3.4e+38 -3.4e+38 -3.4e+38 -3.4e+38 -3.4e+38 -3.4e+38 -3.4e+38 -3.4e+38 -3.4e+38 -3.4e+38 -3.4e+38 -3.4e+38 -3.4e+38 -3.4e+38 -3.4e+38 0.800948858261108 0.792942881584167 0.597028791904449 0.75620710849762 0.781953930854797 0.876112639904022
-3.4e+38 -3.4e+38 -3.4e+38 -3.4e+38 -3.4e+38 -3.4e+38 -3.4e+38 -3.4e+38 -3.4e+38 -3.4e+38 -3.4e+38 -3.4e+38 -3.4e+38 -3.4e+38 -3.4e+38 -3.4e+38 -3.4e+38 -3.4e+38 -3.4e+38 -3.4e+38 -3.4e+38 -3.4e+38 -3.4e+38 -3.4e+38 -3.4e+38 -3.4e+38 -3.4e+38 -3.4e+38 -3.4e+38 -3.4e+38 -3.4e+38 -3.4e+38 -3.4e+38 -3.4e+38 -3.4e+38 -3.4e+38 -3.4e+38 -3.4e+38 -3.4e+38 -3.4e+38 -3.4e+38 0.754555523395538 0.726894676685333 0.759538352489471 0.814857482910156 0.833237648010254
-3.4e+38 -3.4e+38 -3.4e+38 -3.4e+38 -3.4e+38 -3.4e+38 -3.4e+38 -3.4e+38 -3.4e+38 -3.4e+38 -3.4e+38 -3.4e+38 -3.4e+38 -3.4e+38 -3.4e+38 -3.4e+38 -3.4e+38 -3.4e+38 -3.4e+38 -3.4e+38 -3.4e+38 -3.4e+38 -3.4e+38 -3.4e+38 -3.4e+38 0.600504696369171 0.592340171337128 -3.4e+38 -3.4e+38 -3.4e+38 -3.4e+38 -3.4e+38 -3.4e+38 -3.4e+38 -3.4e+38 -3.4e+38 -3.4e+38 -3.4e+38 -3.4e+38 -3.4e+38 0.69256466627121 0.739380180835724 0.731364727020264 0.777423143386841 0.758473813533783 0.506028234958649
-3.4e+38 -3.4e+38 -3.4e+38 -3.4e+38 -3.4e+38 -3.4e+38 -3.4e+38 -3.4e+38 -3.4e+38 -3.4e+38 -3.4e+38 -3.4e+38 -3.4e+38 -3.4e+38 -3.4e+38 -3.4e+38 -3.4e+38 -3.4e+38 -3.4e+38 -3.4e+38 -3.4e+38 -3.4e+38 0.661492347717285 0.64982795715332 0.639889299869537 0.621534287929535 -3.4e+38 -3.4e+38 -3.4e+38 -3.4e+38 -3.4e+38 -3.4e+38 -3.4e+38 -3.4e+38 -3.4e+38 -3.4e+38 -3.4e+38 -3.4e+38 -3.4e+38 0.595700085163116 0.68189263343811 0.700834333896637 0.763648688793182 0.726963222026825 0.597963929176331 0.398810982704163
-3.4e+38 -3.4e+38 -3.4e+38 -3.4e+38 -3.4e+38 -3.4e+38 -3.4e+38 -3.4e+38 -3.4e+38 -3.4e+38 -3.4e+38 -3.4e+38 -3.4e+38 -3.4e+38 -3.4e+38 -3.4e+38 -3.4e+38 -3.4e+38 -3.4e+38 -3.4e+38 0.357238382101059 0.35791227221489 0.332570791244507 0.63933128118515 0.633022487163544 -3.4e+38 -3.4e+38 -3.4e+38 -3.4e+38 -3.4e+38 -3.4e+38 -3.4e+38 -3.4e+38 -3.4e+38 -3.4e+38 -3.4e+38 -3.4e+38 -3.4e+38 -3.4e+38 -3.4e+38 0.641315400600433 0.702027261257172 0.735085368156433 0.692718207836151 0.649998962879181 0.509632766246796
