data/climate_estimation/maxent_output/Tulipa_orphanidea.asc
NCOLS 57 
NROWS 71 
XLLCORNER 21.75 
YLLCORNER 35 
CELLSIZE 0.0833333333333333 
NODATA_value -3.4e+38 
[rows 0 to 23 of 71, columns 0 to 54 of 57]
0.027198694646359 0.0334579572081566 0.0374897755682468 0.0457230284810066 0.0552480258047581 0.0573536530137062 0.0531669482588768 0.0572398379445076 0.0628321841359138 0.0727588906884193 0.0710361078381538 0.0781980082392693 0.0868028551340103 0.0952712297439575 0.103919081389904 0.104564674198627 0.102663189172745 0.102881141006947 0.115462720394135 0.142693012952805 0.182349562644958 0.210156485438347 0.259886354207993 0.280501306056976 0.310276329517365 0.363343179225922 0.300059914588928 0.235839232802391 0.373839974403381 0.506755292415619 0.530560314655304 0.500542283058167 -3.4e+38 -3.4e+38 0.492708712816238 0.476988434791565 0.499720066785812 0.499019831418991 -3.4e+38 -3.4e+38 -3.4e+38 -3.4e+38 -3.4e+38 -3.4e+38 0.546229422092438 0.646811902523041 0.622862935066223 0.652061402797699 0.607094883918762 0.614507734775543 0.599497377872467 0.642014861106873 0.626378118991852 0.522568821907043 0.619939506053925
0.0378611497581005 0.0398633629083633 0.0393704511225224 0.0505935661494732 0.0544328019022942 0.0607710927724838 0.0646776780486107 0.0694484859704971 0.0655797943472862 0.0737107023596764 0.0818622261285782 0.0869327932596207 0.0930473655462265 0.109279446303844 0.112500965595245 0.12727415561676 0.133462473750114 0.133522942662239 0.134144231677055 0.162692442536354 0.18728594481945 0.216557085514069 0.194117024540901 0.268590182065964 0.339464277029037 0.416956156492233 0.426082164049149 0.469747632741928 0.503035485744476 0.542481243610382 0.46355813741684 -3.4e+38 -3.4e+38 0.501649498939514 0.584311306476593 0.553415596485138 0.508206605911255 -3.4e+38 -3.4e+38 -3.4e+38 -3.4e+38 -3.4e+38 -3.4e+38 -3.4e+38 -3.4e+38 -3.4e+38 -3.4e+38 -3.4e+38 -3.4e+38 -3.4e+38 0.619596838951111 0.644549071788788 0.644504904747009 0.691936254501343 0.659323453903198
0.0420043654739857 0.0410174466669559 0.0385096818208694 0.0495320372283459 0.0578108243644238 0.0652957037091255 0.0622460804879665 0.0640151798725128 0.0749845653772354 0.0804089456796646 0.0886379182338715 0.0951590240001678 0.106172904372215 0.107717089354992 0.117839142680168 0.1338000446558 0.148039355874062 0.161284595727921 0.179509222507477 0.208004280924797 0.219394952058792 0.251720130443573 0.261468976736069 0.324862599372864 -3.4e+38 -3.4e+38 0.42900562286377 0.479081332683563 0.495635509490967 -3.4e+38 -3.4e+38 -3.4e+38 -3.4e+38 0.608866214752197 0.643720805644989 0.663221418857574 0.58659827709198 -3.4e+38 -3.4e+38 -3.4e+38 -3.4e+38 -3.4e+38 -3.4e+38 -3.4e+38 -3.4e+38 -3.4e+38 -3.4e+38 -3.4e+38 -3.4e+38 -3.4e+38 -3.4e+38 0.691799283027649 0.720738232135773 0.781798183917999 0.778004944324493
0.042126826941967 0.0339963324368 0.0299844034016132 0.0497930087149143 0.0576545037329197 0.0616166666150093 0.0688333287835121 0.070170633494854 0.0738980248570442 0.0807764902710915 0.084948867559433 0.0955677628517151 0.114849135279655 0.110281117260456 0.146331146359444 0.138209223747253 0.151786953210831 0.163353890180588 0.196334674954414 0.201240971684456 0.259269118309021 0.284746378660202 0.32851043343544 0.330588907003403 0.385840177536011 -3.4e+38 -3.4e+38 -3.4e+38 -3.4e+38 -3.4e+38 -3.4e+38 -3.4e+38 -3.4e+38 0.609331488609314 0.623495817184448 0.667665719985962 0.601551830768585 -3.4e+38 -3.4e+38 -3.4e+38 -3.4e+38 -3.4e+38 -3.4e+38 -3.4e+38 -3.4e+38 -3.4e+38 -3.4e+38 -3.4e+38 -3.4e+38 -3.4e+38 -3.4e+38 0.769602179527283 0.774314403533936 0.765216171741486 0.772489249706268
0.0425870642066002 0.0328909531235695 0.035121776163578 0.0405564829707146 0.0533988885581493 0.0594228096306324 0.0644713267683983 0.0737024918198586 0.0773911252617836 0.0847959071397781 0.0932908207178116 0.0997300371527672 0.112148605287075 -3.4e+38 0.137500256299973 0.158965647220612 0.155863389372826 0.162407219409943 0.194273993372917 0.229261517524719 0.26788917183876 0.30240461230278 0.284494578838348 0.301638007164001 0.401457250118256 0.497477263212204 -3.4e+38 -3.4e+38 -3.4e+38 -3.4e+38 -3.4e+38 -3.4e+38 -3.4e+38 -3.4e+38 -3.4e+38 -3.4e+38 -3.4e+38 -3.4e+38 -3.4e+38 -3.4e+38 -3.4e+38 -3.4e+38 -3.4e+38 -3.4e+38 0.80582058429718 0.816311538219452 0.832052230834961 -3.4e+38 -3.4e+38 -3.4e+38 -3.4e+38 -3.4e+38 -3.4e+38 -3.4e+38 -3.4e+38
0.0440791547298431 0.0426903627812862 0.0430849902331829 0.0382509529590607 0.0491703860461712 0.0594959519803524 0.0605014637112617 0.0725859254598618 0.0732566714286804 0.078530378639698 0.0837322399020195 -3.4e+38 0.133964136242867 0.131394281983376 0.148878842592239 0.157026171684265 0.180151849985123 0.203138008713722 0.190412312746048 0.207747459411621 0.238330543041229 0.22933441400528 0.321634501218796 0.347618043422699 0.446812331676483 0.429296314716339 -3.4e+38 0.458927810192108 -3.4e+38 -3.4e+38 -3.4e+38 -3.4e+38 -3.4e+38 -3.4e+38 -3.4e+38 -3.4e+38 -3.4e+38 -3.4e+38 -3.4e+38 -3.4e+38 -3.4e+38 -3.4e+38 -3.4e+38 -3.4e+38 0.813468813896179 0.919925332069397 0.907845616340637 0.918048679828644 -3.4e+38 -3.4e+38 -3.4e+38 -3.4e+38 -3.4e+38 -3.4e+38 -3.4e+38
0.0463302917778492 0.0465814433991909 0.0460201501846313 0.0502458363771439 0.0535127446055412 0.0620350055396557 0.0565750747919083 0.0694469437003136 0.0827970951795578 0.0844380855560303 0.0935774818062782 -3.4e+38 -3.4e+38 0.151551902294159 0.157530173659325 0.168305441737175 0.191523000597954 0.206818878650665 0.242070019245148 0.274606734514236 0.263230383396149 0.332747161388397 0.389263808727264 0.447465449571609 0.476920545101166 0.467518627643585 0.471039682626724 0.527598261833191 0.543668270111084 0.538238167762756 -3.4e+38 -3.4e+38 -3.4e+38 -3.4e+38 -3.4e+38 -3.4e+38 -3.4e+38 -3.4e+38 -3.4e+38 -3.4e+38 -3.4e+38 -3.4e+38 -3.4e+38 -3.4e+38 -3.4e+38 0.931925773620605 0.963644802570343 -3.4e+38 -3.4e+38 -3.4e+38 -3.4e+38 -3.4e+38 -3.4e+38 0.909773111343384 0.90932309627533
0.0517028123140335 0.0518774800002575 0.0501432418823242 0.0549598261713982 0.0580675713717937 0.0477182529866695 0.0634318962693214 0.0780941471457481 0.0812189131975174 0.0836706385016441 0.0989948809146881 -3.4e+38 -3.4e+38 -3.4e+38 -3.4e+38 0.178596332669258 0.198298662900925 0.241383790969849 0.268579661846161 0.303614407777786 0.324213176965714 0.367572069168091 0.442141383886337 0.445566326379776 -3.4e+38 0.442182004451752 -3.4e+38 0.616944432258606 0.6077641248703 0.659120738506317 0.59233021736145 -3.4e+38 -3.4e+38 -3.4e+38 -3.4e+38 -3.4e+38 -3.4e+38 -3.4e+38 -3.4e+38 -3.4e+38 -3.4e+38 -3.4e+38 -3.4e+38 -3.4e+38 -3.4e+38 -3.4e+38 -3.4e+38 -3.4e+38 -3.4e+38 -3.4e+38 -3.4e+38 -3.4e+38 -3.4e+38 0.930919528007507 0.928432524204254
0.0582332871854305 0.0595309101045132 0.0610502697527409 0.0583905652165413 0.0522436462342739 0.0506617166101933 0.067243680357933 0.0797529965639114 0.0875724852085114 0.0867750197649002 -3.4e+38 -3.4e+38 -3.4e+38 -3.4e+38 -3.4e+38 -3.4e+38 -3.4e+38 -3.4e+38 0.266798317432404 0.280909508466721 -3.4e+38 0.374671638011932 0.4008649289608 0.44474133849144 0.509965002536774 0.501184523105621 -3.4e+38 -3.4e+38 -3.4e+38 0.712832629680634 0.745991468429565 0.700332522392273 -3.4e+38 -3.4e+38 -3.4e+38 -3.4e+38 -3.4e+38 -3.4e+38 -3.4e+38 -3.4e+38 -3.4e+38 -3.4e+38 -3.4e+38 -3.4e+38 -3.4e+38 -3.4e+38 -3.4e+38 0.992622196674347 0.995806097984314 0.997856736183167 0.997489094734192 -3.4e+38 -3.4e+38 -3.4e+38 0.946329176425934
0.0683104544878006 0.0655151233077049 0.0609008744359016 0.0634760782122612 0.0615435652434826 0.0651075541973114 0.0639262795448303 0.0593494176864624 0.0843262821435928 0.0942521393299103 -3.4e+38 -3.4e+38 -3.4e+38 -3.4e+38 -3.4e+38 -3.4e+38 -3.4e+38 -3.4e+38 0.27607861161232 0.310910135507584 0.324406206607819 -3.4e+38 -3.4e+38 0.476407468318939 0.533089458942413 0.570753872394562 0.585788130760193 -3.4e+38 -3.4e+38 -3.4e+38 0.628293216228485 0.770543217658997 -3.4e+38 -3.4e+38 -3.4e+38 -3.4e+38 -3.4e+38 -3.4e+38 -3.4e+38 -3.4e+38 -3.4e+38 -3.4e+38 -3.4e+38 -3.4e+38 -3.4e+38 -3.4e+38 -3.4e+38 0.995558023452759 0.997107923030853 0.998550415039062 0.998485207557678 0.996506094932556 -3.4e+38 0.974263489246368 0.964615285396576
0.0731500685214996 0.0658339560031891 0.0652228370308876 0.0617755651473999 0.0720638409256935 0.0698050335049629 0.0620490349829197 0.0456058941781521 0.0816398486495018 0.0937397927045822 0.0931124091148376 -3.4e+38 -3.4e+38 -3.4e+38 -3.4e+38 -3.4e+38 -3.4e+38 -3.4e+38 -3.4e+38 0.329307168722153 0.348540455102921 0.401789128780365 -3.4e+38 -3.4e+38 0.501741170883179 0.564554572105408 0.570487797260284 0.533915281295776 -3.4e+38 -3.4e+38 -3.4e+38 -3.4e+38 -3.4e+38 -3.4e+38 -3.4e+38 -3.4e+38 -3.4e+38 -3.4e+38 -3.4e+38 -3.4e+38 0.788627564907074 0.842519044876099 -3.4e+38 0.935610771179199 0.944898068904877 -3.4e+38 -3.4e+38 -3.4e+38 -3.4e+38 -3.4e+38 -3.4e+38 -3.4e+38 -3.4e+38 0.98455548286438 0.949714183807373
0.0787565782666206 0.0722350776195526 0.0751841738820076 0.0693431124091148 0.0703475475311279 0.0803655609488487 0.0749295279383659 0.0796166360378265 0.0889308899641037 0.09918212890625 0.10884602367878 0.107914283871651 -3.4e+38 -3.4e+38 -3.4e+38 -3.4e+38 -3.4e+38 -3.4e+38 -3.4e+38 0.303038507699966 0.381535053253174 0.412792265415192 0.431721746921539 0.452679306268692 0.495643258094788 0.496473431587219 0.56855171918869 -3.4e+38 -3.4e+38 -3.4e+38 -3.4e+38 -3.4e+38 -3.4e+38 -3.4e+38 -3.4e+38 -3.4e+38 -3.4e+38 -3.4e+38 -3.4e+38 0.86908346414566 0.877294361591339 0.867280423641205 0.903313457965851 0.932386696338654 0.955222129821777 -3.4e+38 -3.4e+38 -3.4e+38 -3.4e+38 -3.4e+38 -3.4e+38 0.998951554298401 0.997360467910767 0.990969717502594 0.962247014045715
0.0865967124700546 0.0824746116995811 0.0862542688846588 0.0909044668078423 0.0898309797048569 0.0831252038478851 0.0937327370047569 0.0943022817373276 0.0935816839337349 0.104819573462009 0.127189859747887 0.150551110506058 0.150723680853844 -3.4e+38 -3.4e+38 -3.4e+38 -3.4e+38 -3.4e+38 -3.4e+38 -3.4e+38 -3.4e+38 -3.4e+38 -3.4e+38 0.48088812828064 -3.4e+38 -3.4e+38 -3.4e+38 -3.4e+38 -3.4e+38 -3.4e+38 -3.4e+38 -3.4e+38 -3.4e+38 -3.4e+38 -3.4e+38 -3.4e+38 -3.4e+38 -3.4e+38 -3.4e+38 0.805066823959351 0.861237049102783 0.868854939937592 0.923681199550629 0.930953741073608 -3.4e+38 -3.4e+38 -3.4e+38 -3.4e+38 -3.4e+38 -3.4e+38 0.998425424098969 0.998529970645905 0.996829748153687 0.994408369064331 0.972034275531769
0.103701643645763 0.0957199782133102 0.0978278145194054 0.104078315198421 0.0957693085074425 0.0922951176762581 0.0842305868864059 0.07795050740242 0.08709666877985 0.102502949535847 0.13246101140976 0.132082596421242 0.16587521135807 0.162705942988396 -3.4e+38 -3.4e+38 -3.4e+38 -3.4e+38 -3.4e+38 -3.4e+38 -3.4e+38 -3.4e+38 -3.4e+38 -3.4e+38 -3.4e+38 -3.4e+38 -3.4e+38 -3.4e+38 -3.4e+38 -3.4e+38 -3.4e+38 -3.4e+38 -3.4e+38 -3.4e+38 -3.4e+38 -3.4e+38 -3.4e+38 -3.4e+38 -3.4e+38 -3.4e+38 0.859688580036163 0.911580920219421 0.935667276382446 0.933929979801178 -3.4e+38 -3.4e+38 -3.4e+38 -3.4e+38 -3.4e+38 -3.4e+38 0.998426616191864 0.997956812381744 0.995470762252808 0.992705404758453 0.976515591144562
0.142906814813614 0.141376346349716 0.136786594986916 0.112796887755394 0.112814784049988 0.0998985841870308 0.104480177164078 0.0974419116973877 0.102379441261292 0.0907750055193901 0.137370824813843 0.170271575450897 0.162146002054214 0.149410858750343 -3.4e+38 -3.4e+38 -3.4e+38 -3.4e+38 -3.4e+38 -3.4e+38 -3.4e+38 -3.4e+38 -3.4e+38 -3.4e+38 -3.4e+38 -3.4e+38 -3.4e+38 -3.4e+38 -3.4e+38 -3.4e+38 -3.4e+38 -3.4e+38 -3.4e+38 -3.4e+38 -3.4e+38 -3.4e+38 -3.4e+38 -3.4e+38 -3.4e+38 -3.4e+38 -3.4e+38 -3.4e+38 -3.4e+38 -3.4e+38 -3.4e+38 -3.4e+38 -3.4e+38 -3.4e+38 -3.4e+38 -3.4e+38 -3.4e+38 -3.4e+38 0.99321848154068 0.995545029640198 0.984082877635956
0.19195531308651 0.183456003665924 0.148520961403847 0.136532545089722 0.125464275479317 0.10228143632412 0.108884111046791 0.0958819687366486 0.0986270532011986 0.105879127979279 0.127735063433647 0.144651249051094 0.196247965097427 0.213947504758835 0.195576786994934 -3.4e+38 -3.4e+38 -3.4e+38 -3.4e+38 -3.4e+38 -3.4e+38 -3.4e+38 -3.4e+38 -3.4e+38 -3.4e+38 -3.4e+38 -3.4e+38 -3.4e+38 -3.4e+38 -3.4e+38 -3.4e+38 -3.4e+38 -3.4e+38 -3.4e+38 -3.4e+38 -3.4e+38 -3.4e+38 -3.4e+38 -3.4e+38 -3.4e+38 -3.4e+38 -3.4e+38 -3.4e+38 -3.4e+38 -3.4e+38 -3.4e+38 -3.4e+38 -3.4e+38 -3.4e+38 -3.4e+38 -3.4e+38 -3.4e+38 0.992201864719391 0.995083093643188 0.989516973495483
0.218844458460808 0.176892936229706 0.148603484034538 0.128453195095062 0.134527072310448 0.124114297330379 0.089383527636528 0.0933374539017677 0.114420510828495 0.0997576713562012 0.138775914907455 0.159764230251312 0.179527536034584 0.250204682350159 0.293528258800507 0.29873251914978 0.26974418759346 -3.4e+38 -3.4e+38 -3.4e+38 -3.4e+38 -3.4e+38 -3.4e+38 -3.4e+38 -3.4e+38 -3.4e+38 -3.4e+38 -3.4e+38 -3.4e+38 0.773536264896393 -3.4e+38 -3.4e+38 -3.4e+38 -3.4e+38 -3.4e+38 -3.4e+38 -3.4e+38 -3.4e+38 0.926313817501068 0.923867881298065 -3.4e+38 -3.4e+38 -3.4e+38 -3.4e+38 -3.4e+38 -3.4e+38 -3.4e+38 -3.4e+38 -3.4e+38 -3.4e+38 -3.4e+38 0.993890583515167 0.991989612579346 0.994791984558105 0.991682469844818
0.26079198718071 0.211242198944092 0.172142162919044 0.154471457004547 0.135612338781357 0.122002772986889 0.128893837332726 0.111360110342503 0.113642700016499 0.157821953296661 0.15255281329155 0.135059654712677 0.182493820786476 0.206685423851013 0.31249412894249 0.310506254434586 0.327459156513214 -3.4e+38 -3.4e+38 -3.4e+38 -3.4e+38 -3.4e+38 -3.4e+38 -3.4e+38 -3.4e+38 -3.4e+38 -3.4e+38 -3.4e+38 -3.4e+38 0.793810844421387 -3.4e+38 -3.4e+38 -3.4e+38 -3.4e+38 -3.4e+38 -3.4e+38 -3.4e+38 -3.4e+38 0.933898389339447 0.920375883579254 -3.4e+38 -3.4e+38 -3.4e+38 -3.4e+38 -3.4e+38 -3.4e+38 -3.4e+38 -3.4e+38 -3.4e+38 -3.4e+38 -3.4e+38 0.995415449142456 0.997426569461823 0.995015919208527 0.985692262649536
0.371194779872894 0.252408176660538 0.213988021016121 0.180133998394012 0.155382841825485 0.140336588025093 0.13305751979351 0.147058993577957 0.155790567398071 0.203717216849327 0.215538546442986 0.200469687581062 0.199061259627342 0.203257083892822 0.260802924633026 0.388244718313217 0.411902368068695 0.379368603229523 0.332092851400375 -3.4e+38 -3.4e+38 -3.4e+38 -3.4e+38 -3.4e+38 -3.4e+38 -3.4e+38 -3.4e+38 0.808547377586365 0.84352833032608 0.862556397914886 0.914675831794739 -3.4e+38 -3.4e+38 -3.4e+38 -3.4e+38 -3.4e+38 -3.4e+38 -3.4e+38 -3.4e+38 -3.4e+38 -3.4e+38 -3.4e+38 -3.4e+38 -3.4e+38 -3.4e+38 -3.4e+38 -3.4e+38 -3.4e+38 -3.4e+38 -3.4e+38 -3.4e+38 -3.4e+38 -3.4e+38 0.9954514503479 0.988199234008789
0.426988154649734 0.355175584554672 0.270895808935165 0.230322614312172 0.195521757006645 0.173151105642319 0.160504430532455 0.188616961240768 0.186601534485817 0.193476527929306 0.221839800477028 0.214941024780273 0.212218180298805 0.223104506731033 0.244251295924187 0.298018455505371 0.332984864711761 0.422148197889328 0.41026359796524 -3.4e+38 -3.4e+38 -3.4e+38 -3.4e+38 -3.4e+38 -3.4e+38 -3.4e+38 0.7770134806633 0.805714428424835 0.828751087188721 -3.4e+38 -3.4e+38 -3.4e+38 -3.4e+38 -3.4e+38 -3.4e+38 -3.4e+38 -3.4e+38 -3.4e+38 -3.4e+38 -3.4e+38 -3.4e+38 -3.4e+38 -3.4e+38 -3.4e+38 -3.4e+38 -3.4e+38 -3.4e+38 -3.4e+38 -3.4e+38 0.986611127853394 0.98731929063797 0.992510795593262 0.995001912117004 0.995001256465912 0.985344648361206
0.436757326126099 0.4596107006073 0.442310810089111 0.370276004076004 0.264924377202988 0.22131684422493 0.222546204924583 0.351756274700165 0.317829847335815 0.279212087392807 0.233195081353188 0.203225344419479 0.179383635520935 0.251431375741959 -3.4e+38 -3.4e+38 0.313151478767395 0.447075724601746 0.456127732992172 0.422686457633972 0.551582872867584 0.502769410610199 0.609003782272339 -3.4e+38 -3.4e+38 0.792779386043549 0.790717601776123 -3.4e+38 -3.4e+38 -3.4e+38 -3.4e+38 -3.4e+38 -3.4e+38 -3.4e+38 -3.4e+38 -3.4e+38 -3.4e+38 -3.4e+38 -3.4e+38 -3.4e+38 -3.4e+38 -3.4e+38 -3.4e+38 -3.4e+38 -3.4e+38 -3.4e+38 -3.4e+38 -3.4e+38 -3.4e+38 0.990197718143463 0.995436549186707 0.995682060718536 0.994332790374756 0.9822998046875 0.975353240966797
0.498547583818436 0.434005498886108 0.471787512302399 0.516427755355835 0.47182509303093 0.442813634872437 0.387536108493805 0.356069475412369 0.37970820069313 0.424371004104614 0.437421023845673 0.389608412981033 0.263540595769882 0.291258811950684 0.29933699965477 0.378431528806686 0.392137736082077 0.406341850757599 0.460291355848312 0.445639222860336 0.482563227415085 0.479382693767548 0.676200449466705 0.680561900138855 0.761680662631989 0.740924656391144 -3.4e+38 -3.4e+38 0.84731924533844 -3.4e+38 -3.4e+38 -3.4e+38 -3.4e+38 -3.4e+38 -3.4e+38 -3.4e+38 -3.4e+38 -3.4e+38 -3.4e+38 -3.4e+38 -3.4e+38 -3.4e+38 -3.4e+38 -3.4e+38 -3.4e+38 -3.4e+38 -3.4e+38 -3.4e+38 -3.4e+38 0.98852151632309 0.987985491752625 0.994449138641357 0.984665334224701 0.973368048667908 0.977367997169495
0.546604514122009 0.484162509441376 0.49647057056427 0.547016501426697 0.560652494430542 0.514458954334259 0.480367451906204 0.491895735263824 0.478026241064072 0.457713037729263 0.42438668012619 0.435874760150909 0.476129114627838 0.337097555398941 0.349199444055557 0.371273517608643 0.36754047870636 0.380948960781097 0.450259238481522 0.438417851924896 -3.4e+38 -3.4e+38 -3.4e+38 0.681390762329102 -3.4e+38 -3.4e+38 0.763109803199768 0.824668765068054 0.842399299144745 -3.4e+38 -3.4e+38 -3.4e+38 -3.4e+38 -3.4e+38 -3.4e+38 -3.4e+38 -3.4e+38 -3.4e+38 -3.4e+38 -3.4e+38 -3.4e+38 -3.4e+38 -3.4e+38 -3.4e+38 -3.4e+38 -3.4e+38 -3.4e+38 -3.4e+38 -3.4e+38 -3.4e+38 -3.4e+38 -3.4e+38 0.977606296539307 0.971869230270386 0.98034256696701
0.405526757240295 0.532897651195526 0.667082965373993 0.668976426124573 0.506282091140747 0.444960355758667 0.435916781425476 0.471794188022614 0.540492653846741 0.511588871479034 0.537376701831818 0.533270359039307 0.513497412204742 0.332396298646927 0.394537389278412 0.36297219991684 0.382561504840851 0.458573698997498 0.575217247009277 0.533097624778748 0.497226387262344 -3.4e+38 -3.4e+38 -3.4e+38 -3.4e+38 -3.4e+38 -3.4e+38 -3.4e+38 -3.4e+38 -3.4e+38 -3.4e+38 -3.4e+38 0.91941636800766 0.933787882328033 -3.4e+38 -3.4e+38 -3.4e+38 -3.4e+38 -3.4e+38 -3.4e+38 -3.4e+38 -3.4e+38 -3.4e+38 -3.4e+38 -3.4e+38 -3.4e+38 -3.4e+38 -3.4e+38 -3.4e+38 -3.4e+38 -3.4e+38 -3.4e+38 -3.4e+38 -3.4e+38 0.956771969795227
