data/climate_estimation/maxent_output/Tulipa_biflora.asc
NCOLS 652 
NROWS 301 
XLLCORNER 32.3333333333333 
YLLCORNER 28.1666666666667 
CELLSIZE 0.0833333333333333 
NODATA_value -3.4e+38 
[rows 133 to 151 of 301, columns 88 to 131 of 652]
-3.4e+38 -3.4e+38 -3.4e+38 -3.4e+38 -3.4e+38 -3.4e+38 -3.4e+38 -3.4e+38 -3.4e+38 -3.4e+38 -3.4e+38 -3.4e+38 -3.4e+38 -3.4e+38 -3.4e+38 -3.4e+38 -3.4e+38 -3.4e+38 -3.4e+38 -3.4e+38 -3.4e+38 -3.4e+38 -3.4e+38 0.00893827714025974 0.00914246495813131 0.00916225463151932 0.00936613883823156 0.0094341179355979 0.00981753878295422 0.0105628790333867 0.0113046336919069 0.0122724343091249 0.0134785380214453 0.014567187987268 0.0152228148654103 0.0155915338546038 0.0158845819532871 0.022713303565979 0.0230762865394354 0.0254464894533157 0.0271776057779789 0.031791914254427 0.0392133817076683 0.0363105423748493
-3.4e+38 -3.4e+38 -3.4e+38 -3.4e+38 -3.4e+38 -3.4e+38 -3.4e+38 -3.4e+38 -3.4e+38 -3.4e+38 -3.4e+38 -3.4e+38 -3.4e+38 -3.4e+38 -3.4e+38 -3.4e+38 -3.4e+38 -3.4e+38 -3.4e+38 -3.4e+38 -3.4e+38 -3.4e+38 -3.4e+38 -3.4e+38 0.00860943179577589 0.00852378457784653 0.00816521886736155 0.00799720361828804 0.00797221530228853 0.00884512905031443 0.00931680947542191 0.0100593753159046 0.0113136526197195 0.0122688133269548 0.0133257191628218 0.014392638579011 0.0166920591145754 0.0180726610124111 0.0268524326384068 0.0327973403036594 0.0318044498562813 0.03394790366292 0.0410913527011871 0.0243176463991404
-3.4e+38 -3.4e+38 -3.4e+38 -3.4e+38 -3.4e+38 -3.4e+38 -3.4e+38 -3.4e+38 -3.4e+38 -3.4e+38 -3.4e+38 -3.4e+38 -3.4e+38 -3.4e+38 -3.4e+38 -3.4e+38 -3.4e+38 -3.4e+38 -3.4e+38 -3.4e+38 -3.4e+38 -3.4e+38 -3.4e+38 -3.4e+38 -3.4e+38 0.00745786773040891 0.00724218646064401 0.00756697868928313 0.00795700866729021 0.00848751794546843 0.00880279950797558 0.0102968718856573 0.0122405858710408 0.0156893096864223 0.0145698450505733 0.0120737198740244 0.00902422517538071 0.0180036760866642 0.0205631889402866 0.0192312598228455 0.0146806314587593 0.0151756247505546 0.0226933769881725 0.0366903655230999
-3.4e+38 -3.4e+38 -3.4e+38 -3.4e+38 -3.4e+38 -3.4e+38 -3.4e+38 -3.4e+38 -3.4e+38 -3.4e+38 -3.4e+38 -3.4e+38 -3.4e+38 -3.4e+38 -3.4e+38 -3.4e+38 -3.4e+38 -3.4e+38 -3.4e+38 -3.4e+38 -3.4e+38 -3.4e+38 -3.4e+38 -3.4e+38 -3.4e+38 0.00661566155031323 0.00664011435583234 0.00687803421169519 0.00726362271234393 0.00903669744729996 0.0110299848020077 0.00713658006861806 0.00733456620946527 0.0130872530862689 0.010379203595221 0.00549195660278201 0.00792016740888357 0.00655733048915863 0.00803786423057318 0.00605092477053404 0.00504767149686813 0.00349500426091254 0.00661749020218849 0.00810654554516077
-3.4e+38 -3.4e+38 -3.4e+38 -3.4e+38 -3.4e+38 -3.4e+38 -3.4e+38 -3.4e+38 -3.4e+38 -3.4e+38 -3.4e+38 -3.4e+38 -3.4e+38 -3.4e+38 -3.4e+38 -3.4e+38 -3.4e+38 -3.4e+38 -3.4e+38 -3.4e+38 -3.4e+38 -3.4e+38 -3.4e+38 -3.4e+38 0.00511460658162832 0.00574374850839376 0.00624506268650293 0.00746649457141757 0.0104236993938684 0.0056395810097456 0.00509501015767455 0.00586919020861387 0.00540997926145792 0.0068387733772397 0.0087768854573369 0.00631458265706897 0.00535027962177992 0.00687691103667021 0.00591627135872841 0.00438497820869088 0.00620641559362411 0.00612438796088099 0.0107009233906865 0.0123722236603498
-3.4e+38 -3.4e+38 -3.4e+38 -3.4e+38 -3.4e+38 -3.4e+38 -3.4e+38 -3.4e+38 -3.4e+38 -3.4e+38 -3.4e+38 -3.4e+38 -3.4e+38 -3.4e+38 -3.4e+38 -3.4e+38 -3.4e+38 -3.4e+38 -3.4e+38 -3.4e+38 -3.4e+38 -3.4e+38 -3.4e+38 -3.4e+38 0.00505247293040156 0.00578649481758475 0.00861327908933163 0.0117398845031857 0.0120925791561604 0.00879640784114599 0.0134105486795306 0.00834386702626944 0.0149014135822654 0.00778452772647142 0.0101102227345109 0.0124002080410719 0.00866134464740753 0.0107902633026242 0.0119272517040372 0.0109510300680995 0.0149787189438939 0.0195810571312904 0.00983870029449463 0.00502183521166444
-3.4e+38 -3.4e+38 -3.4e+38 -3.4e+38 -3.4e+38 -3.4e+38 -3.4e+38 -3.4e+38 -3.4e+38 -3.4e+38 -3.4e+38 -3.4e+38 -3.4e+38 -3.4e+38 -3.4e+38 -3.4e+38 -3.4e+38 -3.4e+38 -3.4e+38 -3.4e+38 -3.4e+38 -3.4e+38 0.00502818217501044 0.00492466473951936 0.00543967681005597 0.00982027873396873 0.00943886023014784 0.00928541645407677 0.0112639609724283 0.0137951001524925 0.0167893636971712 0.0209613610059023 0.0218043122440577 0.0142780328169465 0.00806640274822712 0.00874330755323172 0.00897518917918205 0.0175949726253748 0.0204700995236635 0.0176417175680399 0.0216732863336802 0.019393952563405 0.0137673066928983 0.00889989081770182
-3.4e+38 -3.4e+38 -3.4e+38 -3.4e+38 -3.4e+38 -3.4e+38 -3.4e+38 -3.4e+38 -3.4e+38 -3.4e+38 -3.4e+38 -3.4e+38 -3.4e+38 -3.4e+38 -3.4e+38 -3.4e+38 -3.4e+38 -3.4e+38 -3.4e+38 -3.4e+38 -3.4e+38 -3.4e+38 0.00563334953039885 0.00624228361994028 0.00626721931621432 0.00697071244940162 0.0101250065490603 0.0126717416569591 0.0165005195885897 0.0136422784999013 0.0145227005705237 0.0204460583627224 0.0194366239011288 0.0155016891658306 0.00918859429657459 0.0062893875874579 0.00865831039845943 0.0163587909191847 0.00827728118747473 0.00487356586381793 0.011212264187634 0.0081508057191968 0.0111708110198379 0.0128162615001202
-3.4e+38 -3.4e+38 -3.4e+38 -3.4e+38 -3.4e+38 -3.4e+38 -3.4e+38 -3.4e+38 -3.4e+38 -3.4e+38 -3.4e+38 -3.4e+38 -3.4e+38 -3.4e+38 -3.4e+38 -3.4e+38 -3.4e+38 -3.4e+38 -3.4e+38 -3.4e+38 -3.4e+38 0.00623019691556692 0.00677690329030156 0.00804645381867886 0.00719159189611673 0.0147613771259785 0.0147753804922104 0.0239270068705082 0.0138050885871053 0.0069283046759665 0.0104228807613254 0.00892412662506104 0.0102567374706268 0.00828665122389793 0.00466500082984567 0.00906012672930956 0.00841398537158966 0.00710351904854178 0.00536660337820649 0.00385866034775972 0.00310497405007482 0.00375773920677602 0.00647590821608901 0.0134222945198417
-3.4e+38 -3.4e+38 -3.4e+38 -3.4e+38 -3.4e+38 -3.4e+38 -3.4e+38 -3.4e+38 -3.4e+38 -3.4e+38 -3.4e+38 -3.4e+38 -3.4e+38 -3.4e+38 -3.4e+38 -3.4e+38 -3.4e+38 -3.4e+38 -3.4e+38 0.00551873166114092 0.00618544174358249 0.00668207928538322 0.0108434958383441 0.00961849093437195 0.00842264480888844 0.0263786911964417 0.0159843396395445 0.0106463301926851 0.00613040151074529 0.00838196743279696 0.025370491668582 0.0362551994621754 0.019885029643774 0.0102381752803922 0.00316866650246084 0.0041457200422883 0.0039690057747066 0.00476621091365814 0.00430537620559335 0.00261588767170906 0.0022160061635077 0.00400209426879883 0.00675895297899842 0.0105246230959892
-3.4e+38 -3.4e+38 -3.4e+38 -3.4e+38 -3.4e+38 -3.4e+38 -3.4e+38 -3.4e+38 -3.4e+38 -3.4e+38 -3.4e+38 -3.4e+38 -3.4e+38 -3.4e+38 -3.4e+38 -3.4e+38 -3.4e+38 0.00554407434538007 0.00582628091797233 0.00680588884279132 0.00829825364053249 0.0257182344794273 0.0163884088397026 0.0144256753847003 0.014847481623292 0.0163156595081091 0.0279603861272335 0.0139615181833506 0.0174790695309639 0.0329121053218842 0.0565982833504677 0.043224211782217 0.0374821238219738 0.0246842633932829 0.00568559253588319 0.00349156255833805 0.0059236865490675 0.0074722645804286 0.00723287183791399 0.0042105414904654 0.00369213707745075 0.00881669111549854 0.0108938030898571 0.00769941275939345
-3.4e+38 -3.4e+38 -3.4e+38 -3.4e+38 -3.4e+38 -3.4e+38 -3.4e+38 -3.4e+38 -3.4e+38 -3.4e+38 -3.4e+38 -3.4e+38 -3.4e+38 -3.4e+38 0.00548040820285678 0.00557360239326954 0.0059714918024838 0.00666223419830203 0.00778927374631166 0.0182737167924643 0.0279479846358299 0.0155029492452741 0.0411421693861485 0.016108799725771 0.0401386916637421 0.0213512443006039 0.0598828420042992 0.0460578054189682 0.0580657683312893 0.059183806180954 0.0392166823148727 0.0346313565969467 0.0162573531270027 0.0066448412835598 0.00578389782458544 0.00743774371221662 0.00595559598878026 0.0105945626273751 0.0108687821775675 0.00945761241018772 0.00875878054648638 0.0111438930034637 0.00884708296507597 0.00578369852155447
-3.4e+38 -3.4e+38 -3.4e+38 -3.4e+38 -3.4e+38 -3.4e+38 -3.4e+38 -3.4e+38 -3.4e+38 -3.4e+38 -3.4e+38 -3.4e+38 0.00583573058247566 0.0062886388041079 0.00627616420388222 0.00681039877235889 0.0078761912882328 0.014550369232893 0.0354812890291214 0.0121611887589097 0.0101718287914991 0.00443834811449051 0.012987076304853 0.0248893722891808 0.0350505337119102 0.0538735538721085 0.0606295429170132 0.0905088558793068 0.105517514050007 0.0681785866618156 0.0108541380614042 0.00500083947554231 0.00438990909606218 0.00691743660718203 0.0153572503477335 0.0166838876903057 0.0120592843741179 0.0101182200014591 0.0107092456892133 0.0087207667529583 0.0072198873385787 0.00820811651647091 0.00843516364693642 0.00641163205727935
0.0238724108785391 -3.4e+38 -3.4e+38 -3.4e+38 -3.4e+38 -3.4e+38 -3.4e+38 -3.4e+38 0.00880235992372036 0.00829317420721054 0.00784324202686548 0.00683051627129316 0.00661241076886654 0.00876245461404324 0.0142313567921519 0.0143925743177533 0.0147322546690702 0.0422220043838024 0.0247990768402815 0.019884891808033 0.0169928073883057 0.0128341959789395 0.0102399522438645 0.00696125300601125 0.0425906032323837 0.0905115827918053 0.0582812987267971 0.0281703099608421 0.0475800931453705 0.0218047238886356 0.0205402784049511 0.00556920887902379 0.00854774471372366 0.0122635969892144 0.0109343156218529 0.00968373101204634 0.00891053210943937 0.00845311488956213 0.00949262827634811 0.00668285228312016 0.00353984930552542 0.00542698008939624 0.00830397009849548 0.00829116627573967
0.026721864938736 0.0233356226235628 0.0224306806921959 0.0185065399855375 0.017057690769434 -3.4e+38 0.0141013208776712 0.0101287895813584 0.00943529140204191 0.00817983504384756 0.00854736007750034 0.0106295458972454 0.0380875691771507 0.0396210886538029 0.0796431750059128 0.0762702822685242 0.0799795389175415 0.0441616177558899 0.0145857641473413 0.0188870765268803 0.02619100920856 0.0528785586357117 0.0403137020766735 0.0238896515220404 0.0519669465720654 0.137493029236794 0.0360567457973957 0.0105973463505507 0.012078907340765 0.00813825521618128 0.00724910292774439 0.00683415774255991 0.0101327113807201 0.0112903667613864 0.00925556011497974 0.0102476393803954 0.00814013928174973 0.00838588550686836 0.00957660377025604 0.00808674562722445 0.00258175190538168 0.00248625106178224 0.00648202048614621 0.00883976835757494
0.0427757874131203 0.0634969398379326 0.0431531108915806 0.026609756052494 0.0194872803986073 0.0219203997403383 0.0225103795528412 0.0161825828254223 0.0161122400313616 0.0166539736092091 0.0426937490701675 0.0991390123963356 0.0661526843905449 0.0917071476578712 0.0464422665536404 0.0562321059405804 0.0233887638896704 0.0162240210920572 0.0137563059106469 0.0245051067322493 0.0262733809649944 0.0218925308436155 0.154016852378845 0.0484156794846058 0.162465557456017 0.0409344062209129 0.0158955864608288 0.0300820115953684 0.0431315340101719 0.0226786676794291 0.0274156648665667 0.0130005935207009 0.00983395706862211 0.0128505313768983 0.013468699529767 0.0146181220188737 0.0130295269191265 0.0109468381851912 0.00865520909428596 0.00773749267682433 0.00734083540737629 0.00557517213746905 0.00942401494830847 0.0140524003654718
0.094535306096077 0.0934272781014442 0.0975953191518784 0.0651571750640869 0.0607678256928921 0.066890686750412 0.0495773516595364 0.0483313202857971 0.104480512440205 0.0893962904810905 0.0848612636327744 0.101751163601875 0.0527891479432583 0.0210594329982996 0.0186253301799297 0.0221940334886312 0.0117213483899832 0.0122264828532934 0.0160407871007919 0.0221967007964849 0.0300302226096392 0.111629642546177 0.165679380297661 0.141744926571846 0.197399944067001 0.0430294014513493 0.0613505244255066 0.0952691733837128 0.047545712441206 0.0682537257671356 0.0533370897173882 0.0199716221541166 0.0077103148214519 0.00981423445045948 0.0111189568415284 0.0128370616585016 0.01032888982445 0.00732236634939909 0.00744389183819294 0.00674828561022878 0.00999742932617664 0.0168626103550196 0.0215764679014683 0.0251149702817202
0.0853182822465897 0.0879963785409927 0.113116651773453 0.0987208336591721 0.0954587757587433 0.107036218047142 0.106385551393032 0.0955247208476067 0.0674901828169823 0.0422511287033558 0.0683744251728058 0.094159722328186 0.0460090599954128 0.0279291272163391 0.0130426613613963 0.0145875476300716 0.022370582446456 0.0432957597076893 0.102456405758858 0.125114589929581 0.195823773741722 0.181962341070175 0.0320933386683464 0.0407823286950588 0.0653205215930939 0.059357438236475 0.05744643881917 0.0414418019354343 0.0304528102278709 0.0437061563134193 0.0990182757377625 0.0634815469384193 0.0222280044108629 0.0221055466681719 0.0121783250942826 0.00652005476877093 0.00624867388978601 0.00452952040359378 0.00544845778495073 0.00985643081367016 0.0165960416197777 0.0235119760036469 0.0229994300752878 0.0208707060664892
0.0544003844261169 0.0606413558125496 0.0862699374556541 0.0836546123027802 0.0553431622684002 0.0753196701407433 0.137303382158279 0.114431388676167 0.056003924459219 0.0297713652253151 0.0616077929735184 0.0527779124677181 0.0236782282590866 0.0169145129621029 0.0202601160854101 0.0415059514343739 0.0959639251232147 0.148435473442078 0.19305557012558 0.109850861132145 0.0975261032581329 0.0480576567351818 0.0967982113361359 0.201982796192169 0.0423984713852406 0.0241939146071672 0.0238330457359552 0.0243780054152012 0.0502240993082523 0.0954989194869995 0.0756217017769814 0.0414966009557247 0.0359228700399399 0.0126169500872493 0.00753548555076122 0.00464462582021952 0.0061682821251452 0.0108045553788543 0.010766907595098 0.0161229278892279 0.0224475488066673 0.0253076869994402 0.0217187963426113 0.0170633681118488
