data/climate_estimation/maxent_output/Tulipa_biflora.asc
NCOLS 652 
NROWS 301 
XLLCORNER 32.3333333333333 
YLLCORNER 28.1666666666667 
CELLSIZE 0.0833333333333333 
NODATA_value -3.4e+38 
[rows 38 to 56 of 301, columns 308 to 351 of 652]
0.841520011425018 0.81847095489502 0.815885007381439 0.834142208099365 0.836014330387115 0.800149261951447 0.814789772033691 0.814525663852692 0.802257776260376 0.80422055721283 0.788808166980743 0.790840804576874 0.792279899120331 0.781307876110077 0.77239716053009 0.753339231014252 0.717048346996307 0.739500343799591 0.72535502910614 0.725687623023987 0.725687623023987 0.726728975772858 0.645740211009979 0.658853828907013 0.673375844955444 0.695286512374878 0.698789238929749 0.686837196350098 0.60849142074585 0.61995542049408 0.621619760990143 0.636094510555267 0.635533213615417 0.623307108879089 0.595346450805664 0.637521266937256 0.598111510276794 0.587211608886719 0.603887915611267 0.574617266654968 0.615276873111725 0.615743696689606 0.628554880619049 0.612453520298004
0.837542116641998 0.795535206794739 0.81595915555954 0.825887560844421 0.794068932533264 0.812976777553558 0.79894357919693 0.811615645885468 0.788099765777588 0.774000465869904 0.809363305568695 0.801468074321747 0.776129424571991 0.792920410633087 0.794290363788605 0.785370767116547 0.749236583709717 0.723964750766754 0.725875973701477 0.73697304725647 0.748694479465485 0.695830881595612 0.697278618812561 0.709639728069305 0.74436229467392 0.681057989597321 0.680233895778656 0.670461535453796 0.630776286125183 0.630309760570526 0.644506931304932 0.64648175239563 0.630160212516785 0.618344962596893 0.619414806365967 0.620922088623047 0.622745454311371 0.652558088302612 0.613503277301788 0.625478148460388 0.627329647541046 0.614487767219543 0.667195677757263 0.663614571094513
0.83410257101059 0.824260234832764 0.811111152172089 0.778263866901398 0.821723163127899 0.819303870201111 0.819922089576721 0.786956191062927 0.78448349237442 0.794107437133789 0.82827216386795 0.820643961429596 0.788133561611176 0.779154062271118 0.803585231304169 0.794850528240204 0.733496069908142 0.755937933921814 0.757839441299438 0.75982266664505 0.733978092670441 0.706920564174652 0.77007395029068 0.743730127811432 0.729434013366699 0.72947233915329 0.679315149784088 0.64352947473526 0.642043173313141 0.656280755996704 0.658390164375305 0.681432008743286 0.682544648647308 0.681683957576752 0.643549740314484 0.606783747673035 0.609255611896515 0.60811460018158 0.608554005622864 0.663326740264893 0.664579272270203 0.647436797618866 0.662141740322113 0.664178550243378
0.830922782421112 0.809467971324921 0.851425766944885 0.831035017967224 0.857514560222626 0.837849617004395 0.838748693466187 0.81460040807724 0.792693316936493 0.793070614337921 0.78596568107605 0.795605778694153 0.786245763301849 0.803999483585358 0.80416065454483 0.76923394203186 0.744087994098663 0.745314836502075 0.756975650787354 0.743674993515015 0.766405820846558 0.777552127838135 0.777468919754028 0.727229058742523 0.751099407672882 0.714278697967529 0.705568194389343 0.717268347740173 0.706271648406982 0.70688009262085 0.71946257352829 0.693256974220276 0.69431209564209 0.616270661354065 0.656303107738495 0.68218195438385 0.645859777927399 0.644499719142914 0.646257877349854 0.646264851093292 0.647339165210724 0.668381035327911 0.670412719249725 0.684212505817413
0.840444087982178 0.852216958999634 0.857620000839233 0.816197454929352 0.834734916687012 0.845674812793732 0.847003519535065 0.807155430316925 0.799171090126038 0.821692943572998 0.77596527338028 0.795980334281921 0.776820421218872 0.768645346164703 0.777506172657013 0.775210022926331 0.775857329368591 0.777998566627502 0.768603980541229 0.765076577663422 0.765252530574799 0.751179099082947 0.725187242031097 0.736356437206268 0.761661946773529 0.782331764698029 0.763198792934418 0.717173933982849 0.718777656555176 0.702688932418823 0.676421463489532 0.675743341445923 0.678964614868164 0.680135011672974 0.681207418441772 0.681987106800079 0.691828310489655 0.695150911808014 0.693610489368439 0.66650253534317 0.715648531913757 0.649170100688934 0.653103053569794 0.655339658260345
0.865141451358795 0.844812512397766 0.832193911075592 0.841768622398376 0.843485236167908 0.852934777736664 0.853929340839386 0.84700334072113 0.832202076911926 0.840641677379608 0.801489770412445 0.787775814533234 0.730959177017212 0.77891731262207 0.799696981906891 0.786668241024017 0.770993709564209 0.751403391361237 0.788487434387207 0.764363408088684 0.786368131637573 0.761042952537537 0.772504985332489 0.761044263839722 0.772368669509888 0.787441611289978 0.713994741439819 0.71197110414505 0.712360739707947 0.686003565788269 0.684457361698151 0.725425899028778 0.69385951757431 0.695041060447693 0.689848363399506 0.696221888065338 0.71276730298996 0.687133967876434 0.646162033081055 0.608391523361206 0.612816512584686 0.651273250579834 0.665868639945984 0.666789948940277
0.87290894985199 0.845175921916962 0.869774341583252 0.86373245716095 0.863068997859955 0.844860196113586 0.854727745056152 0.846487283706665 0.83015763759613 0.797132074832916 0.790243268013 0.799970805644989 0.777827739715576 0.787221252918243 0.784684002399445 0.770465135574341 0.782727956771851 0.783599853515625 0.775550484657288 0.749360501766205 0.761470079421997 0.747285723686218 0.795410513877869 0.778251647949219 0.780706644058228 0.724722683429718 0.729959785938263 0.741076588630676 0.742240309715271 0.743599891662598 0.743891000747681 0.706713020801544 0.746810555458069 0.669682860374451 0.672992467880249 0.643528640270233 0.646060228347778 0.650593042373657 0.609439373016357 0.607720613479614 0.664127767086029 0.661100387573242 0.694449424743652 0.694035470485687
0.861354410648346 0.853507161140442 0.846146881580353 0.846526622772217 0.855981886386871 0.837219178676605 0.847003519535065 0.826145350933075 0.815944612026215 0.816854894161224 0.841756343841553 0.800856649875641 0.776246190071106 0.823026418685913 0.794119298458099 0.78071802854538 0.792124390602112 0.788920640945435 0.781716525554657 0.745896577835083 0.782732844352722 0.783887326717377 0.787804067134857 0.758369863033295 0.762519657611847 0.766567528247833 0.768404901027679 0.741698682308197 0.736701369285583 0.710540592670441 0.714293897151947 0.708359837532043 0.745932877063751 0.748139560222626 0.671687602996826 0.68365490436554 0.68588787317276 0.649844825267792 0.656570613384247 0.658517301082611 0.652938842773438 0.661496341228485 0.61809629201889 0.622484624385834
0.849078953266144 0.846475839614868 0.813837170600891 0.855034530162811 0.87220311164856 0.873193204402924 0.838228762149811 0.860359728336334 0.817133247852325 0.816300213336945 0.809118151664734 0.809859991073608 0.829131782054901 0.832224071025848 0.793705999851227 0.80589348077774 0.824591875076294 0.803401350975037 0.790603637695312 0.7744100689888 0.776311278343201 0.777863740921021 0.757979273796082 0.763517320156097 0.773243844509125 0.770418763160706 0.739414513111115 0.71045458316803 0.711470007896423 0.704789280891418 0.706432044506073 0.708585023880005 0.708687484264374 0.72179239988327 0.690431475639343 0.69074010848999 0.653347134590149 0.657380282878876 0.651096761226654 0.645617127418518 0.686489343643188 0.620060443878174 0.661752939224243 0.614348590373993
0.850844264030457 0.833410441875458 0.832392811775208 0.841907918453217 0.843994081020355 0.845819056034088 0.824283242225647 0.847497522830963 0.852713048458099 0.797962725162506 0.827962934970856 0.838333427906036 0.847626745700836 0.826125085353851 0.845417559146881 0.834021806716919 0.835782647132874 0.830210447311401 0.802553117275238 0.779499411582947 0.815396547317505 0.767931461334229 0.770963072776794 0.773494064807892 0.76854282617569 0.77157074213028 0.702527761459351 0.698391377925873 0.737255573272705 0.700675547122955 0.700794160366058 0.702557027339935 0.677116513252258 0.683324217796326 0.684052169322968 0.64553302526474 0.641094744205475 0.683138012886047 0.651973009109497 0.651546061038971 0.653360426425934 0.645958304405212 0.620320081710815 0.623230636119843
0.864514350891113 0.850442349910736 0.836992979049683 0.830738425254822 0.854245364665985 0.846231162548065 0.855697453022003 0.851617395877838 0.816755890846252 0.826821446418762 0.854184508323669 0.842445313930511 0.852150797843933 0.8530313372612 0.854239821434021 0.808077096939087 0.818572819232941 0.8358353972435 0.813395738601685 0.780572891235352 0.792293131351471 0.769651412963867 0.765985310077667 0.734483778476715 0.730919778347015 0.706629812717438 0.747179508209229 0.740312993526459 0.69757467508316 0.704877316951752 0.706369042396545 0.714135527610779 0.695823729038239 0.688121020793915 0.643857002258301 0.633916735649109 0.635001599788666 0.643082082271576 0.646095633506775 0.645557582378387 0.640628218650818 0.652036011219025 0.627548038959503 0.590004086494446
0.842006802558899 0.997705161571503 0.821980178356171 0.820986211299896 0.860113978385925 0.833074629306793 0.860723793506622 0.82497239112854 0.796181380748749 0.816518366336823 0.874558806419373 0.855069220066071 0.858610987663269 0.831601500511169 0.797055900096893 0.823077499866486 0.835667252540588 0.836074948310852 0.813309729099274 0.820500552654266 0.79221785068512 0.751053214073181 0.721409976482391 0.760148942470551 0.730005979537964 0.743030846118927 0.731593668460846 0.738138496875763 0.696156144142151 0.704982459545135 0.712780714035034 0.713305532932281 0.641551434993744 0.645077168941498 0.646359026432037 0.66827392578125 0.669148862361908 0.67695552110672 0.683099329471588 0.648761510848999 0.570418417453766 0.535687804222107 0.582428157329559 0.581124007701874
0.996992409229279 0.819343864917755 0.813619136810303 0.995649755001068 0.792634427547455 0.832184672355652 0.833875060081482 0.833588123321533 0.80661404132843 0.816882967948914 0.822253584861755 0.817570507526398 0.860742926597595 0.835358142852783 0.820351302623749 0.822149574756622 0.828185856342316 0.796778917312622 0.806962072849274 0.784267485141754 0.743199348449707 0.748409032821655 0.758660733699799 0.760148942470551 0.721989631652832 0.7281653881073 0.693368434906006 0.705359160900116 0.746672630310059 0.703509986400604 0.704372048377991 0.679120004177094 0.645746290683746 0.6105837225914 0.635976135730743 0.644463896751404 0.641854226589203 0.613756895065308 0.621088445186615 0.614638328552246 0.53515625 0.53515625 0.626667618751526 0.579820513725281
0.99539589881897 0.996214985847473 0.996349990367889 0.99648642539978 0.996934711933136 0.99672669172287 0.834009766578674 0.842041909694672 0.835591197013855 0.857564687728882 0.838092148303986 0.849538445472717 0.853106677532196 0.833716928958893 0.820351302623749 0.794864594936371 0.790029406547546 0.770233035087585 0.766508996486664 0.735638320446014 0.773020088672638 0.779698371887207 0.757073760032654 0.682883441448212 0.758840203285217 0.691680371761322 0.693586468696594 0.744597971439362 0.676562309265137 0.70866459608078 0.684301018714905 0.684409081935883 0.640250980854034 0.641647279262543 0.637338697910309 0.6796875 0.607921600341797 0.609399020671844 0.53012877702713 0.564063251018524 0.569433331489563 0.534159719944 0.545281410217285 0.575498878955841
0.995649755001068 0.994287967681885 0.994162917137146 0.994897425174713 0.996284484863281 0.996878385543823 0.823616027832031 0.824329018592834 0.825408637523651 0.836582243442535 0.815111815929413 0.822461664676666 0.832628726959229 0.815669178962708 0.776161253452301 0.783935785293579 0.8119957447052 0.764841556549072 0.770354509353638 0.770644009113312 0.771927654743195 0.773813545703888 0.711042821407318 0.68049156665802 0.714150130748749 0.716345608234406 0.699579417705536 0.698537588119507 0.702204048633575 0.642492532730103 0.642516613006592 0.644823014736176 0.640141665935516 0.636027455329895 0.678259193897247 0.679109990596771 0.607921600341797 0.561875224113464 0.555761277675629 0.562711119651794 0.566068232059479 0.567188441753387 0.567887663841248 0.567331552505493
0.991909563541412 0.993206739425659 0.99533224105835 0.995849847793579 0.997103691101074 0.997773289680481 0.997991442680359 0.997506439685822 0.997256636619568 0.828076064586639 0.82273530960083 0.82260650396347 0.829671323299408 0.776248395442963 0.779232442378998 0.80420708656311 0.713656783103943 0.752224385738373 0.757809519767761 0.759554386138916 0.759671986103058 0.779111206531525 0.711150527000427 0.707602024078369 0.712281286716461 0.709522783756256 0.71777081489563 0.687572300434113 0.671379148960114 0.673279345035553 0.63529759645462 0.677269458770752 0.639435172080994 0.595271468162537 0.596295952796936 0.598640024662018 0.602742850780487 0.557348310947418 0.552991986274719 0.583921372890472 0.592083275318146 0.523550987243652 0.491236567497253 0.529475688934326
0.989743947982788 0.989887058734894 0.990963339805603 0.993109703063965 0.993998289108276 0.996931314468384 0.997765243053436 0.997783005237579 0.997893989086151 0.997054934501648 0.805600643157959 0.996921837329865 0.764045894145966 0.763642907142639 0.724415242671967 0.704878687858582 0.743576526641846 0.757675230503082 0.750695645809174 0.71592503786087 0.694571435451508 0.69795548915863 0.700816333293915 0.742481887340546 0.713710606098175 0.709150671958923 0.651452720165253 0.64559531211853 0.646866738796234 0.653642177581787 0.655715703964233 0.629845261573792 0.592206418514252 0.555945038795471 0.558109521865845 0.516177713871002 0.518067598342896 0.51341050863266 0.513857007026672 0.489046543836594 0.483013123273849 0.484682738780975 0.495884120464325 0.53579193353653
0.988691806793213 0.9898481965065 0.991339564323425 0.993100225925446 0.994561672210693 0.997270166873932 0.99776166677475 0.996825277805328 0.996773958206177 0.996945202350616 0.996882259845734 0.755175828933716 0.990483105182648 0.985962331295013 0.692432403564453 0.741057097911835 0.73676061630249 0.713089644908905 0.754808902740479 0.714579403400421 0.716293692588806 0.738502025604248 0.735058307647705 0.743863761425018 0.746829926967621 0.752680361270905 0.723012566566467 0.724790334701538 0.693058252334595 0.65799868106842 0.654067814350128 0.620881259441376 0.623719155788422 0.549514591693878 0.548713564872742 0.552485704421997 0.51440155506134 0.513598799705505 0.483477145433426 0.478589296340942 0.482517331838608 0.492650926113129 0.490647554397583 0.497672080993652
0.985181748867035 0.986145615577698 0.991385519504547 0.992361664772034 0.99448424577713 0.997710943222046 0.997571766376495 0.996237218379974 0.994809031486511 0.995020568370819 0.993395209312439 0.990290701389313 0.984181821346283 0.983103036880493 0.694151163101196 0.735140085220337 0.698838353157043 0.745335698127747 0.717768609523773 0.712218880653381 0.715651035308838 0.702903389930725 0.69762510061264 0.743609368801117 0.700673341751099 0.71195125579834 0.755846738815308 0.758059501647949 0.656076908111572 0.652829110622406 0.65266215801239 0.620698213577271 0.593563735485077 0.586754739284515 0.598709881305695 0.516913771629333 0.516489863395691 0.508808255195618 0.491093546152115 0.483624249696732 0.486739814281464 0.488524377346039 0.526276350021362 0.501945197582245
