data/climate_estimation/maxent_output/Tulipa_humilis.asc
NCOLS 239 
NROWS 157 
XLLCORNER 32.0833333333333 
YLLCORNER 31.0833333333333 
CELLSIZE 0.0833333333333333 
NODATA_value -3.4e+38 
[rows 40 to 59 of 157, columns 90 to 134 of 239]
0.353327661752701 0.378391444683075 0.41432648897171 0.347192287445068 0.347905844449997 0.35070526599884 0.342865139245987 0.350399345159531 0.352685898542404 0.324125111103058 0.325326472520828 0.305686563253403 0.332115113735199 0.338145703077316 0.238693460822105 0.225671231746674 0.239267945289612 0.187871351838112 0.186703488230705 0.209480762481689 0.237390622496605 0.265531629323959 0.296965032815933 0.234073773026466 0.270937889814377 0.220687299966812 0.0166520159691572 0.0128595652058721 0.00935153849422932 0.0147132333368063 0.0114774480462074 0.0134090697392821 0.014055629260838 0.0105422735214233 0.0111844651401043 0.0115711586549878 0.0121804177761078 0.0116098150610924 0.0111254649236798 0.0109719941392541 0.0108810840174556 0.0127368355169892 0.0142738139256835 0.0130922803655267 0.0118614165112376
0.414735317230225 0.414883345365524 0.421123713254929 0.359746307134628 0.381266683340073 0.419688254594803 0.425877630710602 0.317920118570328 0.393597990274429 0.369516998529434 0.313151180744171 0.371458232402802 0.391609251499176 0.31899881362915 0.267176240682602 0.198141604661942 0.205422878265381 0.242104396224022 0.310299754142761 0.347066521644592 0.286236524581909 0.212287411093712 0.226553320884705 0.0183158572763205 0.0159374214708805 0.0116513753309846 0.0126086045056581 0.0130875082686543 0.0126648573204875 0.0150340218096972 0.0117131508886814 0.00808269064873457 0.00843967869877815 0.0145878735929728 0.013886840082705 0.0121166612952948 0.0104813678190112 0.0102320779114962 0.00930535700172186 0.01004877127707 0.0120840910822153 0.0137736443430185 0.0117015037685633 0.0121268900111318 0.0131606049835682
0.359591722488403 0.363541334867477 0.370104968547821 0.411523759365082 0.409076869487762 0.351386904716492 0.382759779691696 0.377977102994919 0.41451308131218 0.349934250116348 0.280321300029755 0.355367004871368 0.338980048894882 0.255486160516739 0.223497450351715 0.237445622682571 0.30315500497818 0.405388087034225 0.287564069032669 0.22613126039505 0.349622428417206 0.377134829759598 0.308301240205765 0.37790247797966 0.233354136347771 0.0125104868784547 0.0165936462581158 0.0158832240849733 0.0158211756497622 0.0106270350515842 0.00601158337667584 0.00708500295877457 0.0109864510595798 0.0121963871642947 0.0124028492718935 0.0107927359640598 0.00918038468807936 0.0103862201794982 0.0118261333554983 0.0121860625222325 0.0126099260523915 0.0121272122487426 0.0108379581943154 0.0126335825771093 0.0135812805965543
0.375636458396912 0.326507955789566 0.38239997625351 0.38978385925293 0.376526772975922 0.388922929763794 0.38033989071846 0.387425273656845 0.329527169466019 0.340970426797867 0.263686686754227 0.262227892875671 0.285083472728729 0.32953143119812 0.348114132881165 0.347793340682983 0.358016103506088 0.233840212225914 0.305064231157303 0.376661270856857 0.312258929014206 0.301814138889313 0.351594656705856 0.25654324889183 0.276273667812347 0.334246248006821 0.345477014780045 0.0131635284051299 0.00728053040802479 0.00706469686701894 0.0133352782577276 0.0150540862232447 0.011138416826725 0.0117282029241323 0.0100245755165815 0.0101001057773829 0.012550150975585 0.0128841809928417 0.0131038324907422 0.0130729814991355 0.0109555842354894 0.0100331474095583 0.010863708332181 0.0129221258684993 0.0122553808614612
0.5388223528862 0.505841910839081 0.438247114419937 0.385602533817291 0.399684309959412 0.423953860998154 0.379270762205124 0.41596195101738 0.460435122251511 0.442944139242172 0.399843841791153 0.408399045467377 0.38100278377533 0.312875300645828 0.293853133916855 0.319649755954742 0.270285785198212 0.318758904933929 0.33039179444313 0.277194797992706 0.351781517267227 0.375044703483582 0.254081010818481 0.359136193990707 0.34528061747551 0.390532642602921 0.406403213739395 0.370942264795303 0.00781184062361717 0.010776350274682 0.0136208795011044 0.0143546499311924 0.012157479301095 0.0123471319675446 0.0115737011656165 0.01200180221349 0.0131505252793431 0.0133951539173722 0.0125966463238001 0.0112899104133248 0.0099764671176672 0.0118286032229662 0.0120601151138544 0.0112665500491858 0.012220673263073
0.551407217979431 0.570106387138367 0.557882905006409 0.507898151874542 0.491030305624008 0.440660417079926 0.461509495973587 0.447044402360916 0.389094829559326 0.364958077669144 0.362367272377014 0.339385032653809 0.34808674454689 0.337943375110626 0.435386180877686 0.418740332126617 0.383622020483017 0.33207693696022 0.258396148681641 0.244086533784866 0.293324500322342 0.364783972501755 0.299774914979935 0.330056458711624 0.371440470218658 0.353399455547333 0.359368860721588 0.0112094916403294 0.00818927027285099 0.371935993432999 0.264841318130493 0.268805176019669 0.325030207633972 0.280709862709045 0.262710928916931 0.289670139551163 0.0130685325711966 0.01322350371629 0.0128477038815618 0.0123417414724827 0.0125789009034634 0.0123739056289196 0.011963645927608 0.0117586124688387 0.0119253173470497
0.681960701942444 0.637158632278442 0.637842297554016 0.594797730445862 0.545381188392639 0.54734879732132 0.516879200935364 0.466274470090866 0.442184001207352 0.442270457744598 0.465850532054901 0.431261837482452 0.412087321281433 0.414342969655991 0.429069429636002 0.404855012893677 0.381921172142029 0.391630321741104 0.346258789300919 0.26343560218811 0.318643450737 0.417720168828964 0.411411166191101 0.315996170043945 0.401375561952591 0.338449239730835 0.401802599430084 0.289199024438858 0.384663581848145 0.336696475744247 0.280521124601364 0.344255119562149 0.408709347248077 0.317474573850632 0.297351539134979 0.326160043478012 0.331292986869812 0.30813404917717 0.332741290330887 0.411956399679184 0.40898808836937 0.0121033797040582 0.0117352791130543 0.0116645405068994 0.0111960293725133
0.697727262973785 0.62730598449707 0.658986210823059 0.636175036430359 0.568494260311127 0.584766030311584 0.53813248872757 0.53945928812027 0.48838409781456 0.467314213514328 0.422409266233444 0.454653441905975 0.444565325975418 0.455936908721924 0.427322119474411 0.393843978643417 0.415786534547806 0.41875347495079 0.349869936704636 0.28702574968338 0.295213282108307 0.321948409080505 0.384571701288223 0.343723893165588 0.316041171550751 0.369936645030975 0.388484120368958 0.393073856830597 0.333992570638657 0.359140247106552 0.418155282735825 0.399774730205536 0.431417435407639 0.403435736894608 0.314810693264008 0.370424538850784 0.358095586299896 0.381349891424179 0.31528028845787 0.321356207132339 0.330602586269379 0.21504719555378 0.186683654785156 0.239691391587257 0.272713929414749
0.733769536018372 0.719661593437195 0.742522299289703 0.650830507278442 0.684518814086914 0.629618525505066 0.640188455581665 0.562643468379974 0.508226633071899 0.496320366859436 0.488049983978271 0.437419265508652 0.481676518917084 0.471825152635574 0.417917996644974 0.373806267976761 0.409657716751099 0.40461528301239 0.375221282243729 0.370589882135391 0.34330940246582 0.43965020775795 0.412886083126068 0.264232784509659 0.335019618272781 0.354398429393768 0.36377477645874 0.384338438510895 0.377399921417236 0.335197597742081 0.265791147947311 0.275931358337402 0.284438133239746 0.257109522819519 0.319679379463196 0.347968190908432 0.326182037591934 0.276489645242691 0.347968190908432 0.404315739870071 0.3046994805336 0.192115485668182 0.211391732096672 0.199009776115417 0.16697196662426
0.740277469158173 0.768204569816589 0.748183727264404 0.726913869380951 0.748652517795563 0.70389187335968 0.689755380153656 0.642314970493317 0.565713763237 0.439258754253387 0.5023552775383 0.473363101482391 0.481415778398514 0.475981175899506 0.477534502744675 0.461861193180084 0.433946698904037 0.407187551259995 0.350305259227753 0.355774968862534 0.332218021154404 0.363627165555954 0.409936636686325 0.438229590654373 0.327792227268219 0.344260782003403 0.33442011475563 0.382194310426712 0.283748984336853 0.206951856613159 0.204558610916138 0.19519829750061 0.211082428693771 0.306144237518311 0.423384994268417 0.405930578708649 0.331373542547226 0.276489645242691 0.211282387375832 0.271979480981827 0.354887783527374 0.364580571651459 0.35661906003952 0.36784902215004 0.402704954147339
0.815488576889038 0.839377880096436 0.774668276309967 0.789287209510803 0.738092958927155 0.679750382900238 0.681492567062378 0.667477309703827 0.592834234237671 0.628860592842102 0.507698237895966 0.495142698287964 0.435389518737793 0.449727445840836 0.382422775030136 0.380869299173355 0.353775084018707 0.354580879211426 0.340854495763779 0.311327964067459 0.326548188924789 0.369233220815659 0.332221627235413 0.29045957326889 0.26432877779007 0.252070307731628 0.237565144896507 0.226920261979103 0.226920261979103 0.234049752354622 0.249272093176842 0.271425426006317 0.295134216547012 0.427796185016632 0.360080599784851 0.383979946374893 0.404315739870071 0.368537366390228 0.379066318273544 0.345778912305832 0.371830105781555 0.36784902215004 0.385797888040543 0.375981897115707 0.393472731113434
0.771896004676819 0.771925866603851 0.844269633293152 0.819052696228027 0.758017361164093 0.647537231445312 0.597265779972076 0.558252155780792 0.66515588760376 0.6962890625 0.663241446018219 0.630889236927032 0.57832282781601 0.486589342355728 0.444234699010849 0.490556955337524 0.502057135105133 0.439967006444931 0.403481394052505 0.395128697156906 0.469223916530609 0.427115887403488 0.41980654001236 0.441809743642807 0.433373898267746 0.345701783895493 0.340350687503815 0.287719815969467 0.33583477139473 0.435777455568314 0.432158827781677 0.42326608300209 0.411956399679184 0.41713884472847 0.381002157926559 0.347806304693222 0.366088658571243 0.42162948846817 0.42162948846817 0.307475209236145 0.282987743616104 0.296431452035904 0.281743317842484 0.387291133403778 0.393472731113434
0.840077936649323 0.460751980543137 0.545172512531281 0.7839075922966 0.793282270431519 0.739690005779266 0.70374470949173 0.548983156681061 0.554935693740845 0.50601053237915 0.593031048774719 0.598125815391541 0.612367570400238 0.570227205753326 0.574520170688629 0.531481087207794 0.535476803779602 0.475544631481171 0.445354074239731 0.400570660829544 0.363931387662888 0.430713355541229 0.433444142341614 0.398378759622574 0.389312416315079 0.401238977909088 0.358076572418213 0.447388201951981 0.404816955327988 0.417020976543427 0.369968175888062 0.374073594808578 0.383868157863617 0.372640281915665 0.392235547304153 0.426864624023438 0.321798503398895 0.25826558470726 0.225464507937431 0.215229019522667 0.196152687072754 0.19277311861515 0.209126025438309 0.261425495147705 0.410146147012711
0.528653383255005 0.760241150856018 0.870028734207153 0.852057576179504 0.771959841251373 0.880862891674042 0.796171128749847 0.64383339881897 0.534620463848114 0.584173619747162 0.58122193813324 0.639990091323853 0.687812685966492 0.678725183010101 0.590782642364502 0.60732889175415 0.580538928508759 0.594274282455444 0.533616483211517 0.406649470329285 0.395761251449585 0.489009767770767 0.455456405878067 0.419519454240799 0.408267378807068 0.426236629486084 0.386263132095337 0.405577838420868 0.451390564441681 0.442739009857178 0.419567495584488 0.380077123641968 0.397260397672653 0.429446965456009 0.383868157863617 0.437950432300568 0.336614668369293 0.336614668369293 0.285266309976578 0.257799327373505 0.25244551897049 0.230003386735916 0.2077706605196 0.236376881599426 0.262682944536209
0.591905176639557 0.599083721637726 0.735972464084625 0.82818067073822 0.871573686599731 0.861734747886658 0.830192029476166 0.69353860616684 0.73386013507843 0.782130897045135 0.690792858600616 0.667571663856506 0.639488697052002 0.650002837181091 0.621781229972839 0.594667792320251 0.580036699771881 0.608529388904572 0.501012563705444 0.469671428203583 0.525619566440582 0.52922648191452 0.47760996222496 0.475834250450134 0.406884223222733 0.409492820501328 0.381035387516022 0.446154832839966 0.425671964883804 0.459537327289581 0.451863348484039 0.457800984382629 0.411600381135941 0.357576310634613 0.370245933532715 0.392977148294449 0.354731917381287 0.308024555444717 0.291537463665009 0.341442883014679 0.272945404052734 0.265496999025345 0.269926756620407 0.268075674772263 0.264455258846283
0.901972532272339 0.897213399410248 0.925023376941681 0.905514538288116 0.888027608394623 0.872071146965027 0.869890213012695 0.856111228466034 0.887903094291687 0.857079386711121 0.830450534820557 0.831316232681274 0.810837745666504 0.787106215953827 0.770674109458923 0.712953567504883 0.660229742527008 0.605543613433838 0.590469837188721 0.655938327312469 0.575283050537109 0.551482319831848 0.557532429695129 0.539852797985077 0.542424380779266 0.493465811014175 0.507807493209839 0.494697749614716 0.463646680116653 0.44271257519722 0.449161171913147 0.427741140127182 0.427745401859283 0.426992177963257 0.385958403348923 0.400093644857407 0.353032886981964 0.361956894397736 0.352730572223663 0.335974335670471 0.328282803297043 0.337991923093796 0.325846076011658 0.407228112220764 0.352477967739105
0.838646650314331 0.91728264093399 0.932937026023865 0.887590765953064 0.941457092761993 0.931765556335449 0.937085688114166 0.91475236415863 0.861437141895294 0.84354043006897 0.805755972862244 0.759418785572052 0.82373571395874 0.788866221904755 0.800145983695984 0.765955448150635 0.780651867389679 0.723069071769714 0.715224325656891 0.701678097248077 0.653609931468964 0.618876755237579 0.615034639835358 0.57623153924942 0.599309265613556 0.483362257480621 0.532541453838348 0.539230942726135 0.539314687252045 0.517368674278259 0.478199273347855 0.485701829195023 0.499056249856949 0.481245934963226 0.497252553701401 0.480151385068893 0.426465451717377 0.432678133249283 0.446197599172592 0.400973111391068 0.428843766450882 0.399708777666092 0.409986972808838 0.416812837123871 0.378759771585464
0.956882178783417 0.94658374786377 0.904630720615387 0.910619139671326 0.938854694366455 0.946275353431702 0.935238063335419 0.909461081027985 0.849545359611511 0.831523478031158 0.864214718341827 0.879433572292328 0.835877060890198 0.840061008930206 0.8411505818367 0.809659540653229 0.752994060516357 0.777523756027222 0.798821866512299 0.716771602630615 0.590887606143951 0.448451310396194 0.44951143860817 0.691824376583099 0.579540133476257 0.557483434677124 0.542697548866272 0.562608897686005 0.529266357421875 0.538119912147522 0.529358446598053 0.534399807453156 0.519823253154755 0.573387205600739 0.538611054420471 0.517066657543182 0.531794607639313 0.510447144508362 0.514499306678772 0.463633239269257 0.501732647418976 0.460928291082382 0.381154358386993 0.362171471118927 0.287303924560547
0.967134237289429 0.95522403717041 0.919775247573853 0.939699292182922 0.949268341064453 0.940348982810974 0.91010993719101 0.866433143615723 0.890117228031158 0.751037359237671 0.887732207775116 0.882768630981445 0.897775113582611 0.896263957023621 0.899826645851135 0.86899721622467 0.829628884792328 0.808317184448242 0.79716956615448 0.748381376266479 0.732232928276062 0.714707851409912 0.520154416561127 0.620346069335938 0.721960961818695 0.643642485141754 0.603272914886475 0.601361334323883 0.599450469017029 0.650230944156647 0.602731168270111 0.571624279022217 0.576777517795563 0.60642397403717 0.604506254196167 0.609399318695068 0.619169175624847 0.589531183242798 0.59344881772995 0.600554645061493 0.540343880653381 0.396944254636765 0.395352303981781 0.373625099658966 0.374617785215378
0.917228519916534 0.861854314804077 0.858331263065338 0.905656576156616 0.929063498973846 0.92100590467453 0.863426804542542 0.779373526573181 0.734984338283539 0.805930733680725 0.802337348461151 0.850867211818695 0.895133674144745 0.903055667877197 0.904542863368988 0.830448031425476 0.85841953754425 0.821634352207184 0.837603211402893 0.795878887176514 0.684072911739349 0.748898148536682 0.76056581735611 0.776647448539734 0.705486118793488 0.703603446483612 0.752860367298126 0.717389106750488 0.726995527744293 0.678152143955231 0.64076167345047 0.623697698116302 0.697408020496368 0.707632601261139 0.650635778903961 0.68793785572052 0.661047697067261 0.650088131427765 0.661142885684967 0.662194073200226 0.611819386482239 0.614149808883667 0.574699580669403 0.549730062484741 0.566959619522095
