data/climate_estimation/maxent_output/Tulipa_biflora.asc
NCOLS 652 
NROWS 301 
XLLCORNER 32.3333333333333 
YLLCORNER 28.1666666666667 
CELLSIZE 0.0833333333333333 
NODATA_value -3.4e+38 
[rows 114 to 132 of 301, columns 440 to 483 of 652]
0.995765030384064 0.995278596878052 0.994791209697723 0.99435818195343 0.991125583648682 0.991567730903625 0.991280376911163 0.99016261100769 0.987318992614746 0.986840963363647 0.986596822738647 0.986608862876892 0.983220815658569 0.985236883163452 0.985828697681427 0.983986139297485 0.98786872625351 0.987726867198944 0.986866891384125 0.988776028156281 0.98697954416275 0.989066064357758 0.991048514842987 0.991083741188049 0.986725866794586 0.98653519153595 0.984959721565247 0.984959721565247 0.981175422668457 0.982365548610687 0.980821490287781 0.984988451004028 0.982557654380798 0.981676876544952 0.982491731643677 0.984777569770813 0.984108626842499 0.986492931842804 0.9864821434021 0.988053023815155 0.988173007965088 0.982245028018951 0.985456883907318 0.98521089553833
0.99341893196106 0.992767870426178 0.993754267692566 0.993182957172394 0.991413593292236 0.990991353988647 0.989251852035522 0.987802863121033 0.986269533634186 0.982799410820007 0.983550131320953 0.982401371002197 0.981292009353638 0.978873908519745 0.980802834033966 0.982756793498993 0.984094738960266 0.983694195747375 0.983227252960205 0.984500229358673 0.98427140712738 0.985122859477997 0.988657414913177 0.984386444091797 0.984703838825226 0.982869744300842 0.984541356563568 0.984234750270844 0.984409868717194 0.984028041362762 0.983650267124176 0.986999034881592 0.984622657299042 0.985412776470184 0.98380571603775 0.982116341590881 0.985063850879669 0.985172808170319 0.986055195331573 0.986796021461487 0.987443327903748 0.987443327903748 0.987130999565125 0.986021339893341
0.990367829799652 0.990815043449402 0.986905515193939 0.989808619022369 0.987828493118286 0.985760033130646 0.983640849590302 0.986195504665375 0.981594204902649 0.979032814502716 0.977571845054626 0.97270005941391 0.977205038070679 0.978490889072418 0.973459720611572 0.97566294670105 0.978809416294098 0.979054808616638 0.976890981197357 0.977534174919128 0.981546700000763 0.980320274829865 0.980677902698517 0.981530427932739 0.978578090667725 0.980707585811615 0.980785250663757 0.979834377765656 0.980624973773956 0.981786787509918 0.980971455574036 0.982196867465973 0.982472002506256 0.981454014778137 0.983526885509491 0.984407603740692 0.985293626785278 0.987724900245667 0.987179279327393 0.986229538917542 0.984679579734802 0.985822081565857 0.987236499786377 0.986982405185699
0.988769590854645 0.988353610038757 0.984651267528534 0.984438061714172 0.979846835136414 0.975669741630554 0.976837337017059 0.978036046028137 0.975176393985748 0.970064043998718 0.972018241882324 0.972333490848541 0.969069182872772 0.970074594020844 0.968262553215027 0.971656382083893 0.976028978824615 0.972470223903656 0.971182584762573 0.970876038074493 0.976078391075134 0.975935041904449 0.968953311443329 0.975312888622284 0.97244119644165 0.972470998764038 0.974711954593658 0.97849452495575 0.978884816169739 0.979473948478699 0.978607177734375 0.976737201213837 0.980470716953278 0.982408106327057 0.98223352432251 0.98019951581955 0.980586349964142 0.986616015434265 0.981285035610199 0.982826709747314 0.986011862754822 0.986708343029022 0.986993789672852 0.985425889492035
0.978055536746979 0.976848423480988 0.98197603225708 0.976282179355621 0.974195659160614 0.973660171031952 0.966687858104706 0.968969106674194 0.969044387340546 0.968172073364258 0.961629807949066 0.965602040290833 0.962893486022949 0.958038330078125 0.964061319828033 0.958938181400299 0.959306001663208 0.959568202495575 0.967040002346039 0.961848020553589 0.967319846153259 0.968717634677887 0.969875812530518 0.968681454658508 0.967590153217316 0.972890377044678 0.973303735256195 0.972042977809906 0.971469342708588 0.975744366645813 0.970906138420105 0.975915968418121 0.97294408082962 0.977432489395142 0.978698670864105 0.979873239994049 0.982568979263306 0.980467855930328 0.983762800693512 0.978953659534454 0.980623424053192 0.985324800014496 0.98515510559082 0.98421984910965
0.971500158309937 0.973609387874603 0.966922700405121 0.968544125556946 0.9662104845047 0.966338634490967 0.962107241153717 0.96030992269516 0.956160426139832 0.954978704452515 0.951782464981079 0.955901384353638 0.946337938308716 0.956918478012085 0.95134299993515 0.946946322917938 0.949520409107208 0.951958060264587 0.950881004333496 0.961313128471375 0.956111073493958 0.954369187355042 0.959543466567993 0.961426258087158 0.967778027057648 0.968093514442444 0.965807259082794 0.964565932750702 0.971548557281494 0.963768601417542 0.971611857414246 0.971169829368591 0.973985970020294 0.978074848651886 0.977503836154938 0.978204429149628 0.973114252090454 0.977782726287842 0.976432800292969 0.980379223823547 0.981875240802765 0.982072532176971 0.983837902545929 0.980106890201569
0.960679054260254 0.966925024986267 0.961861312389374 0.955993711948395 0.955704569816589 0.95279848575592 0.947658956050873 0.945475578308105 0.939183294773102 0.945101976394653 0.941502451896667 0.907956957817078 0.931065022945404 0.938463628292084 0.940927028656006 0.939380526542664 0.941774010658264 0.942933142185211 0.937557697296143 0.942420303821564 0.951161861419678 0.949395775794983 0.946380794048309 0.954554319381714 0.953176379203796 0.958416938781738 0.961611211299896 0.953679919242859 0.957816183567047 0.961824834346771 0.961617887020111 0.963499307632446 0.968730688095093 0.969602286815643 0.974529027938843 0.976398527622223 0.973265171051025 0.976584374904633 0.978315770626068 0.97929847240448 0.980823159217834 0.981090366840363 0.975470066070557 0.978812575340271
0.943419694900513 0.955070734024048 0.949005246162415 0.937372744083405 0.941831409931183 0.935579717159271 0.933521151542664 0.927656352519989 0.925279498100281 0.918872594833374 0.926471590995789 0.927200496196747 0.909136176109314 0.907737135887146 0.926860094070435 0.922469198703766 0.92848014831543 0.924591779708862 0.927607238292694 0.936824679374695 0.945896446704865 0.937092244625092 0.942301332950592 0.940353572368622 0.945221424102783 0.949686288833618 0.952337622642517 0.946120917797089 0.951103031635284 0.958625972270966 0.955495715141296 0.954530596733093 0.964037716388702 0.962150096893311 0.972952723503113 0.970534980297089 0.971932888031006 0.971419334411621 0.976905405521393 0.976177871227264 0.977686703205109 0.975413858890533 0.975167632102966 0.978874683380127
0.947929322719574 0.936202526092529 0.941854596138 0.93029522895813 0.919658005237579 0.923874258995056 0.918849170207977 0.919270157814026 0.913269400596619 0.911604642868042 0.90160208940506 0.902267098426819 0.901115655899048 0.831969261169434 0.858371257781982 0.903013706207275 0.908007979393005 0.915737450122833 0.918323636054993 0.917895376682281 0.928206980228424 0.929359078407288 0.93136191368103 0.935967803001404 0.932600796222687 0.942927062511444 0.94416069984436 0.943241000175476 0.941204309463501 0.954346418380737 0.953453719615936 0.954031050205231 0.958020627498627 0.959544599056244 0.962931752204895 0.962812006473541 0.967336356639862 0.969831764698029 0.97174733877182 0.976661324501038 0.977734088897705 0.97980785369873 0.97980785369873 0.977935433387756
0.938059329986572 0.928250133991241 0.929948806762695 0.916898548603058 0.902133345603943 0.90967470407486 0.901015818119049 0.897075355052948 0.888867855072021 0.880928993225098 0.874465942382812 0.879857897758484 0.870019614696503 0.869656920433044 0.874452412128448 0.882486879825592 0.858828842639923 0.81749427318573 0.894169986248016 0.904541075229645 0.909677982330322 0.915213406085968 0.920306026935577 0.918942928314209 0.92560225725174 0.932321071624756 0.939359784126282 0.938575267791748 0.939478754997253 0.945568025112152 0.951823174953461 0.964061141014099 0.97013658285141 0.965783715248108 0.970460295677185 0.965264737606049 0.968047916889191 0.969811797142029 0.97524505853653 0.975782036781311 0.97888058423996 0.980238497257233 0.975332379341125 0.972516775131226
0.918884694576263 0.914486527442932 0.913119852542877 0.898225724697113 0.905431687831879 0.890017986297607 0.882750570774078 0.880917251110077 0.871687948703766 0.858568549156189 0.850043714046478 0.84390264749527 0.836713790893555 0.840325593948364 0.843509912490845 0.845210671424866 0.843744516372681 0.762882113456726 0.580193281173706 0.66637122631073 0.886332988739014 0.908330976963043 0.905699551105499 0.91909271478653 0.924874246120453 0.930059134960175 0.929463803768158 0.92888617515564 0.934494078159332 0.943538665771484 0.959537744522095 0.91386091709137 0.7993044257164 0.692308127880096 0.835757255554199 0.898810267448425 0.966794550418854 0.980051577091217 0.961228251457214 0.938699007034302 0.978965997695923 0.980388641357422 0.98111093044281 0.976290166378021
0.903146088123322 0.891831815242767 0.884890735149384 0.885166943073273 0.875144124031067 0.861736536026001 0.858816683292389 0.850193202495575 0.835163176059723 0.808857917785645 0.80100291967392 0.69311648607254 0.659381687641144 0.730065405368805 0.792844951152802 0.759050369262695 0.778233468532562 0.789493262767792 0.734614491462708 0.725398242473602 0.707650661468506 0.821087300777435 0.89557272195816 0.905394494533539 0.902060568332672 0.919035315513611 0.919718444347382 0.930011034011841 0.927568793296814 0.934933006763458 0.944706201553345 0.957245767116547 0.947428107261658 0.707126975059509 0.277687847614288 0.128622367978096 0.133515015244484 0.30046808719635 0.108223803341389 0.110886760056019 0.237903326749802 0.550622463226318 0.742161691188812 0.841756403446198
0.893298447132111 0.888524830341339 0.867520451545715 0.878542065620422 0.83813613653183 0.834952116012573 0.829911291599274 0.823691368103027 0.805807888507843 0.802156209945679 0.776492655277252 0.763222992420197 0.766240179538727 0.77526730298996 0.769668519496918 0.677606463432312 0.649948000907898 0.80409824848175 0.831430196762085 0.843182265758514 0.850175559520721 0.871338129043579 0.873856604099274 0.89122611284256 0.90233439207077 0.915479958057404 0.917380094528198 0.921185314655304 0.934899747371674 0.937913835048676 0.943046808242798 0.945969581604004 0.962238729000092 0.957028269767761 0.751029968261719 0.390872836112976 0.165628895163536 0.120137609541416 0.0668459162116051 0.047992181032896 0.0262215156108141 0.0331752486526966 0.0598684139549732 0.117835983633995
0.856121480464935 0.849977910518646 0.838415622711182 0.839537978172302 0.815188407897949 0.820372641086578 0.783326864242554 0.789919078350067 0.786621749401093 0.772457242012024 0.766712307929993 0.753162145614624 0.759827017784119 0.750463783740997 0.732108473777771 0.748208105564117 0.759641110897064 0.665361821651459 0.792237937450409 0.818149447441101 0.833489060401917 0.855771064758301 0.857389807701111 0.881544828414917 0.898139834403992 0.900732576847076 0.911846935749054 0.921349167823792 0.933491289615631 0.939824402332306 0.942206799983978 0.950679659843445 0.940203368663788 0.80800062417984 0.775201618671417 0.610867321491241 0.688437759876251 0.596235752105713 0.361618489027023 0.339411169290543 0.304221779108047 0.150781080126762 0.105609856545925 0.0994191095232964
0.816835522651672 0.821374535560608 0.804921329021454 0.795884013175964 0.775742650032043 0.762819707393646 0.738620102405548 0.755376935005188 0.735395550727844 0.743822634220123 0.740302741527557 0.726567149162292 0.71666693687439 0.701981961727142 0.727536082267761 0.724507331848145 0.73790043592453 0.746642112731934 0.703651607036591 0.751425862312317 0.722107946872711 0.611543595790863 0.595316827297211 0.638175308704376 0.73403525352478 0.836126327514648 0.846319258213043 0.828858613967896 0.836246907711029 0.865720272064209 0.913734614849091 0.940260231494904 0.951314806938171 0.942775547504425 0.953730821609497 0.921086966991425 0.898359954357147 0.908715307712555 0.889672577381134 0.792204201221466 0.721290409564972 0.504842281341553 0.379996836185455 0.498539924621582
0.794714689254761 0.782786190509796 0.788338184356689 0.749104142189026 0.740675926208496 0.719367921352386 0.720801949501038 0.697507381439209 0.694475650787354 0.690905749797821 0.691489815711975 0.676574349403381 0.655178666114807 0.640454113483429 0.637796342372894 0.624912202358246 0.708730041980743 0.714947938919067 0.594820201396942 0.291063785552979 0.167101517319679 0.13224895298481 0.177609875798225 0.300108104944229 0.434687554836273 0.548033118247986 0.434025883674622 0.397713720798492 0.311517506837845 0.384099215269089 0.543621957302094 0.441155821084976 0.425915360450745 0.569827258586884 0.815010666847229 0.870257914066315 0.888462662696838 0.860540986061096 0.796823024749756 0.78893780708313 0.70939576625824 0.657206237316132 0.574741959571838 0.46638086438179
0.762377023696899 0.748426854610443 0.722374320030212 0.713631808757782 0.707407355308533 0.679454445838928 0.672729909420013 0.6668741106987 0.649171233177185 0.650629997253418 0.641441524028778 0.627541720867157 0.61501944065094 0.58244925737381 0.542454779148102 0.455128937959671 0.377526521682739 0.212812021374702 0.0937406867742538 0.0665815249085426 0.0188544243574142 0.0155523745343089 0.0204723514616489 0.0545314587652683 0.102239161729813 0.118212260305882 0.112227320671082 0.0871404856443405 0.142746493220329 0.305808663368225 0.155829384922981 0.181647345423698 0.0446537509560585 0.185119122266769 0.132325619459152 0.517467081546783 0.445723742246628 0.444237947463989 0.225475922226906 0.33089005947113 0.173131734132767 0.188050270080566 0.127909362316132 0.100065872073174
0.718437433242798 0.700407803058624 0.686963856220245 0.657634913921356 0.663005113601685 0.639794945716858 0.611012041568756 0.612238883972168 0.590654969215393 0.618929147720337 0.608392179012299 0.587475597858429 0.551710307598114 0.539831578731537 0.480684548616409 0.375774651765823 0.275951087474823 0.131418779492378 0.0729677602648735 0.0564162880182266 0.0250184182077646 0.0241171829402447 0.0128097180277109 0.0107609918341041 0.00872841011732817 0.0120342774316669 0.0146404867991805 0.0145070878788829 0.0377814285457134 0.0545286647975445 0.0574592277407646 0.051348440349102 0.0821085572242737 0.0253632571548223 0.081412136554718 0.24861116707325 0.197417706251144 0.207821533083916 0.119478560984135 0.0458359383046627 0.0548648126423359 0.0167598258703947 0.0229477100074291 0.0117682460695505
0.68190997838974 0.6579669713974 0.654895663261414 0.617912650108337 0.62046217918396 0.598580002784729 0.590343415737152 0.577841639518738 0.56943142414093 0.588143587112427 0.584073185920715 0.547975301742554 0.532136857509613 0.486963927745819 0.405258983373642 0.316930532455444 0.212811961770058 0.0605457909405231 0.0207193307578564 0.0232716389000416 0.0279000401496887 0.0141292763873935 0.0203126035630703 0.0331273898482323 0.0224266871809959 0.0106643876060843 0.00843321904540062 0.00725743919610977 0.0115279220044613 0.0134431822225451 0.0311233010143042 0.0126519482582808 0.0201631132513285 0.0192180965095758 0.0224222373217344 0.057033360004425 0.0671625956892967 0.058547955006361 0.0488637574017048 0.0394740253686905 0.0270264986902475 0.018478075042367 0.0131983635947108 0.0177307315170765
