data/climate_estimation/maxent_output/Tulipa_lehmanniana.asc
NCOLS 200 
NROWS 126 
XLLCORNER 60.8333333333333 
YLLCORNER 34.0833333333333 
CELLSIZE 0.0833333333333334 
NODATA_value -3.4e+38 
[rows 76 to 94 of 126, columns 88 to 131 of 200]
0.305110543966293 0.205259054899216 0.314839273691177 0.23440620303154 0.158030241727829 0.194241926074028 0.257130056619644 0.250479847192764 0.405982285737991 0.48326188325882 0.310566186904907 0.198804810643196 0.160321965813637 0.202506825327873 0.169920518994331 0.270297855138779 0.288743853569031 0.360677659511566 0.29108852148056 0.219640552997589 0.256940186023712 0.256554484367371 0.21824124455452 0.146544069051743 0.0989713966846466 0.154563382267952 0.0564954839646816 0.0827148333191872 0.328711688518524 0.109970666468143 0.0377079918980598 0.0941408798098564 0.123458497226238 0.14028799533844 0.120823934674263 0.0474866144359112 0.070065088570118 0.359198659658432 0.791936039924622 0.483720004558563 0.294472694396973 0.302479982376099 0.157576039433479 0.103923603892326
0.296367943286896 0.204055473208427 0.456232964992523 0.292239457368851 0.14911013841629 0.344454288482666 0.432648867368698 0.438053846359253 0.524941325187683 0.438598930835724 0.225341215729713 0.177352234721184 0.312578767538071 0.387154012918472 0.40739169716835 0.393941551446915 0.310191214084625 0.393317133188248 0.260128349065781 0.301922291517258 0.372622311115265 0.282775461673737 0.275519669055939 0.113955810666084 0.172514051198959 0.0981607586145401 0.0623798780143261 0.283578366041183 0.211835667490959 0.0984077751636505 0.0477616749703884 0.0370075404644012 0.07960294932127 0.0453598462045193 0.0605132132768631 0.0413562543690205 0.144199535250664 0.539097547531128 0.690112113952637 0.190579205751419 0.111394129693508 0.316130787134171 0.11391893029213 0.179532989859581
0.193866923451424 0.495037376880646 0.449206292629242 0.141532927751541 0.158416196703911 0.414392411708832 0.575802028179169 0.57655256986618 0.598014533519745 0.236988380551338 0.35884889960289 0.380971401929855 0.378975987434387 0.497137159109116 0.491844594478607 0.312228262424469 0.406662672758102 0.443438827991486 0.371972799301147 0.498626410961151 0.407738745212555 0.295902132987976 0.183390960097313 0.116935595870018 0.265050441026688 0.12521867454052 0.219092845916748 0.214072227478027 0.0884536132216454 0.0446428172290325 0.0403582081198692 0.0398174300789833 0.0581424310803413 0.0507103800773621 0.0327220261096954 0.0990081578493118 0.353659838438034 0.236496657133102 0.157824590802193 0.077066458761692 0.125537663698196 0.256709903478622 0.426399976015091 0.30722314119339
0.327635437250137 0.603726148605347 0.314506322145462 0.117192924022675 0.311683177947998 0.527948021888733 0.664781928062439 0.667385876178741 0.605435967445374 0.297104895114899 0.492360919713974 0.332675188779831 0.364446461200714 0.546741902828217 0.340617656707764 0.312734186649323 0.471667110919952 0.518942832946777 0.538187384605408 0.617308795452118 0.410693019628525 0.205143123865128 0.119951121509075 0.208314418792725 0.40339607000351 0.199344322085381 0.0738778933882713 0.0623028352856636 0.143652573227882 0.147197157144547 0.0922268778085709 0.112894274294376 0.071435272693634 0.0490225777029991 0.0441012680530548 0.230938136577606 0.646682500839233 0.64905321598053 0.147721409797668 0.647325694561005 0.824279308319092 0.731585085391998 0.675692915916443 0.657441854476929
0.549339652061462 0.567348182201385 0.209202870726585 0.204993039369583 0.270804196596146 0.683562457561493 0.707234144210815 0.698835253715515 0.671208262443542 0.510290145874023 0.499709159135818 0.317484647035599 0.459294468164444 0.596265077590942 0.413898855447769 0.43042865395546 0.610646069049835 0.656519711017609 0.669223070144653 0.59025764465332 0.355713903903961 0.189935997128487 0.108959443867207 0.202844649553299 0.494753807783127 0.115138202905655 0.0499970279633999 0.0690151527523994 0.0683527514338493 0.0736492350697517 0.0784736350178719 0.0692496821284294 0.0430278889834881 0.0366817265748978 0.172713860869408 0.338016360998154 0.210642591118813 0.534966588020325 0.515987813472748 0.325709015130997 0.231654286384583 0.661522448062897 0.149716690182686 0.131107732653618
0.592765271663666 0.449693500995636 0.231871128082275 0.381967306137085 0.345714747905731 0.739002525806427 0.739525437355042 0.733290731906891 0.711737930774689 0.597018957138062 0.642695903778076 0.399511158466339 0.572642624378204 0.60866516828537 0.517246305942535 0.586417019367218 0.679067313671112 0.679400861263275 0.630824446678162 0.467350333929062 0.246950075030327 0.131121560931206 0.0829453840851784 0.151360794901848 0.336984395980835 0.323512852191925 0.0858553424477577 0.0806134790182114 0.0591246522963047 0.0456696860492229 0.0375607311725616 0.0339982807636261 0.036142572760582 0.125909060239792 0.310232549905777 0.228312909603119 0.0698219016194344 0.146349340677261 0.100236676633358 0.0791829153895378 0.6320561170578 0.482709676027298 0.217001751065254 0.0848252028226852
0.585843801498413 0.503389537334442 0.490377336740494 0.602354764938354 0.599292993545532 0.777996778488159 0.760559141635895 0.766980886459351 0.730636298656464 0.711760878562927 0.696364641189575 0.503827214241028 0.579928696155548 0.647189438343048 0.622185289859772 0.635793507099152 0.710719764232635 0.565356910228729 0.507300674915314 0.309722185134888 0.318533301353455 0.181013643741608 0.136073380708694 0.0973286926746368 0.178917676210403 0.341986805200577 0.197428166866302 0.10050942748785 0.0819995403289795 0.0785283371806145 0.103847362101078 0.0858717039227486 0.112224981188774 0.266681134700775 0.314433664083481 0.134195253252983 0.0582845248281956 0.0788050070405006 0.0562910996377468 0.15846149623394 0.759974241256714 0.202168971300125 0.0770398750901222 0.169240266084671
0.674827337265015 0.554489612579346 0.695464789867401 0.756336390972137 0.714377582073212 0.801391363143921 0.787913680076599 0.785756886005402 0.766339898109436 0.757363319396973 0.722121357917786 0.421606212854385 0.478292047977448 0.560536980628967 0.724693059921265 0.719224810600281 0.712813258171082 0.702671229839325 0.655010223388672 0.542762696743011 0.606223702430725 0.465015292167664 0.259110987186432 0.193867564201355 0.338931292295456 0.371532946825027 0.240546330809593 0.155283853411674 0.143625169992447 0.149516865611076 0.0975446775555611 0.0495403148233891 0.140435501933098 0.154559716582298 0.203850448131561 0.0909336805343628 0.0543706007301807 0.0832783430814743 0.0861626863479614 0.225829750299454 0.650572419166565 0.0761199146509171 0.228811860084534 0.541353046894073
0.778529524803162 0.643544912338257 0.759418070316315 0.840605318546295 0.84427273273468 0.828329026699066 0.791496217250824 0.81189626455307 0.786597967147827 0.762992560863495 0.640276491641998 0.245124399662018 0.445967823266983 0.617430090904236 0.741957426071167 0.73403126001358 0.735182762145996 0.722731113433838 0.663330078125 0.529359102249146 0.470035016536713 0.390518844127655 0.354510009288788 0.373751759529114 0.386321306228638 0.150842845439911 0.177171722054482 0.236769914627075 0.170446291565895 0.132977187633514 0.0930851474404335 0.0717061832547188 0.212887391448021 0.174231171607971 0.176115497946739 0.142730951309204 0.0832659229636192 0.0664972364902496 0.0916531682014465 0.571660220623016 0.506117701530457 0.474038243293762 0.686753273010254 0.311788290739059
0.843650639057159 0.786332905292511 0.761761426925659 0.85096675157547 0.862181603908539 0.848503828048706 0.814123153686523 0.809659123420715 0.806264996528625 0.700639963150024 0.494323998689651 0.41017484664917 0.432150393724442 0.603363871574402 0.769941210746765 0.767809867858887 0.752184808254242 0.729013502597809 0.592421650886536 0.421480774879456 0.281255573034286 0.122187756001949 0.158710539340973 0.257846653461456 0.283960968255997 0.0798948556184769 0.0720247700810432 0.101185709238052 0.148311793804169 0.168586194515228 0.140414893627167 0.0950704887509346 0.18583182990551 0.139044776558876 0.0897029638290405 0.156163662672043 0.0797975957393646 0.0593467839062214 0.098112054169178 0.396053642034531 0.62135112285614 0.581546366214752 0.183148741722107 0.174310639500618
0.811613500118256 0.724014222621918 0.820430815219879 0.875551462173462 0.88610178232193 0.864931881427765 0.855406403541565 0.829791307449341 0.833294570446014 0.815180659294128 0.773175656795502 0.75727117061615 0.414534211158752 0.520568072795868 0.800198554992676 0.784189403057098 0.769318342208862 0.706574678421021 0.491660416126251 0.425590425729752 0.235285609960556 0.106584951281548 0.122706852853298 0.159351199865341 0.125442892313004 0.0783184543251991 0.113846398890018 0.0945164039731026 0.0756327584385872 0.103781305253506 0.144011288881302 0.0871216654777527 0.164687991142273 0.148085564374924 0.150996506214142 0.138005316257477 0.0947058275341988 0.137385085225105 0.182247385382652 0.543081998825073 0.240217551589012 0.400061964988708 0.400620013475418 0.101271495223045
0.862939655780792 0.852864146232605 0.901561200618744 0.909896314144135 0.900738894939423 0.887886166572571 0.897020578384399 0.890159487724304 0.888760924339294 0.886623859405518 0.880332410335541 0.853236079216003 0.679735243320465 0.624450981616974 0.77709698677063 0.805332124233246 0.762968778610229 0.592667162418365 0.431992590427399 0.356601238250732 0.170649811625481 0.0893416702747345 0.0882310718297958 0.22372779250145 0.154297098517418 0.163744062185287 0.284587264060974 0.251676112413406 0.201191887259483 0.192010536789894 0.13190595805645 0.0875005498528481 0.146073505282402 0.220209658145905 0.194936528801918 0.135556399822235 0.0790291205048561 0.0550546236336231 0.0549373887479305 0.342793494462967 0.317183136940002 0.104018941521645 0.241189137101173 0.501809239387512
0.89045923948288 0.879779636859894 0.914718925952911 0.905311465263367 0.907510817050934 0.907427191734314 0.902531504631042 0.914692103862762 0.916732966899872 0.907426774501801 0.897134840488434 0.891735374927521 0.84140408039093 0.72954535484314 0.746229708194733 0.812110781669617 0.740571856498718 0.455393880605698 0.375344663858414 0.317146778106689 0.158112123608589 0.100417502224445 0.111764632165432 0.276999145746231 0.286572307348251 0.28047314286232 0.258509337902069 0.331045776605606 0.319112122058868 0.244255900382996 0.21579410135746 0.173361539840698 0.129294469952583 0.210683390498161 0.162378758192062 0.0652723535895348 0.0505953989923 0.0681528896093369 0.0999752208590508 0.458552271127701 0.251586318016052 0.105945840477943 0.0841837152838707 0.22139373421669
0.931801736354828 0.931973516941071 0.922891974449158 0.925222814083099 0.919776260852814 0.917102813720703 0.912555158138275 0.906242370605469 0.90764194726944 0.889444410800934 0.901600658893585 0.904369652271271 0.881415069103241 0.816553950309753 0.816412448883057 0.81513500213623 0.717522084712982 0.50871878862381 0.298842251300812 0.270911306142807 0.200190514326096 0.12117750197649 0.13891139626503 0.308934837579727 0.33181893825531 0.17706298828125 0.173590764403343 0.238477945327759 0.3493412733078 0.26420071721077 0.233882635831833 0.257967919111252 0.154140427708626 0.123191237449646 0.0788298100233078 0.0780911073088646 0.0802921056747437 0.145062014460564 0.0895435661077499 0.311824053525925 0.0759467706084251 0.110975988209248 0.070075698196888 0.135064139962196
0.941697359085083 0.93990558385849 0.935666024684906 0.929273009300232 0.928084790706635 0.925393402576447 0.922009468078613 0.919645249843597 0.89899754524231 0.706709265708923 0.846209645271301 0.902985155582428 0.895704686641693 0.848256587982178 0.796130657196045 0.758068323135376 0.731450259685516 0.617291867733002 0.345617145299911 0.156687259674072 0.0974554568529129 0.136288687586784 0.26888108253479 0.419988334178925 0.253156661987305 0.204402431845665 0.182315990328789 0.19804947078228 0.22951428592205 0.247347339987755 0.251545161008835 0.371318578720093 0.34207609295845 0.287406861782074 0.308997184038162 0.246071472764015 0.246270358562469 0.235315471887589 0.0837053656578064 0.328261733055115 0.171150296926498 0.0637705251574516 0.044886976480484 0.0795411467552185
0.942723393440247 0.944331645965576 0.941805958747864 0.938500225543976 0.936296701431274 0.931899726390839 0.932100057601929 0.931371748447418 0.925006806850433 0.874811828136444 0.887408316135406 0.907809257507324 0.894792318344116 0.814531087875366 0.751470625400543 0.619846820831299 0.572561025619507 0.614588677883148 0.551492691040039 0.221451669931412 0.130163758993149 0.287355184555054 0.47694805264473 0.321005672216415 0.220905229449272 0.176344364881516 0.138655737042427 0.127570077776909 0.0776725336909294 0.0914046168327332 0.115327417850494 0.197120428085327 0.397021114826202 0.264731645584106 0.288205027580261 0.106691733002663 0.0445293076336384 0.0746680423617363 0.0576029866933823 0.240649282932281 0.0861546024680138 0.0646992772817612 0.0411135852336884 0.0628338232636452
0.947994470596313 0.953201770782471 0.951500236988068 0.944656252861023 0.940794467926025 0.938445448875427 0.941646575927734 0.934362590312958 0.937179684638977 0.923428118228912 0.902262270450592 0.895255386829376 0.85351836681366 0.426218539476395 0.73673152923584 0.596521079540253 0.397281467914581 0.256688952445984 0.529533863067627 0.578565299510956 0.387112230062485 0.335766941308975 0.36655330657959 0.305976688861847 0.164303466677666 0.17987684905529 0.156354129314423 0.125268489122391 0.0605106838047504 0.0414819158613682 0.0621880106627941 0.214617595076561 0.331444472074509 0.12491899728775 0.193789690732956 0.160915225744247 0.0360575057566166 0.0362825244665146 0.0281394571065903 0.0870842561125755 0.300250858068466 0.119769096374512 0.0571517013013363 0.0377413704991341
0.955634951591492 0.955944657325745 0.955872774124146 0.952155888080597 0.949619889259338 0.947876274585724 0.947848200798035 0.94310200214386 0.945545136928558 0.937760949134827 0.920618891716003 0.741472601890564 0.61934506893158 0.475791215896606 0.768510401248932 0.734841406345367 0.574097573757172 0.375410407781601 0.285288542509079 0.333152949810028 0.172414660453796 0.161837220191956 0.256474763154984 0.305303126573563 0.114366807043552 0.0670528933405876 0.0932121649384499 0.043826125562191 0.0488212779164314 0.0227061957120895 0.0407058335840702 0.13058041036129 0.229552716016769 0.103941820561886 0.141404330730438 0.103282384574413 0.0345687754452229 0.0289063025265932 0.0414786785840988 0.040544081479311 0.315269082784653 0.129255756735802 0.0428881607949734 0.0480576865375042
0.957447826862335 0.954514920711517 0.955157876014709 0.954583585262299 0.920401334762573 0.898318707942963 0.953333735466003 0.947936415672302 0.949406504631042 0.948060631752014 0.931775629520416 0.906454384326935 0.822454690933228 0.801038682460785 0.70357871055603 0.643655717372894 0.645166575908661 0.519701898097992 0.183749303221703 0.12643139064312 0.0923417434096336 0.0372456014156342 0.0440326817333698 0.150532856583595 0.138737171888351 0.0303136147558689 0.0371545739471912 0.0496696978807449 0.0267758518457413 0.0103236939758062 0.0112561667338014 0.0714580416679382 0.195706471800804 0.147094815969467 0.080040842294693 0.138452082872391 0.0363927744328976 0.0247825663536787 0.0713639035820961 0.0823467075824738 0.251897215843201 0.345778286457062 0.198011338710785 0.187374591827393
