data/climate_estimation/maxent_output/Tulipa_humilis.asc
NCOLS 239 
NROWS 157 
XLLCORNER 32.0833333333333 
YLLCORNER 31.0833333333333 
CELLSIZE 0.0833333333333333 
NODATA_value -3.4e+38 
[rows 0 to 19 of 157, columns 135 to 179 of 239]
0.0121548548340797 0.0110116302967072 0.0100560411810875 0.00986377522349358 0.0097534041851759 0.00918287038803101 0.00900722295045853 0.00920899119228125 0.00850439444184303 0.00850428082048893 0.00787584763020277 0.00818596500903368 0.00783484987914562 0.00752008613198996 0.00721792224794626 0.00689186854287982 0.00671757338568568 0.00627471692860126 0.00586104718968272 0.0058015682734549 0.00541900657117367 0.00534875737503171 0.00499597936868668 0.00502749718725681 0.00477396044880152 0.00456184567883611 0.00426085758954287 0.00420559011399746 0.00415098248049617 0.00394161324948072 0.0036941752769053 0.00363587331958115 0.00333077902905643 0.0034076408483088 0.00331038562580943 0.00338677782565355 0.00333331921137869 0.00334486761130393 0.00330146169289947 0.00331289996393025 0.00345105165615678 0.00353068392723799 0.00360187608748674 0.00344174914062023 0.00340885692276061
0.0138521185144782 0.0123107805848122 0.0113702239468694 0.0111529733985662 0.0107614202424884 0.0101850461214781 0.00958951376378536 0.00943287741392851 0.00875667203217745 0.00888100918382406 0.00859325472265482 0.00838508456945419 0.00804830528795719 0.00772499945014715 0.00741463294252753 0.00751998601481318 0.00683067971840501 0.00679510412737727 0.0065219746902585 0.00623532151803374 0.0059584709815681 0.00569041119888425 0.00531515991315246 0.00524625321850181 0.00507906079292297 0.00501313991844654 0.00468250829726458 0.00447438843548298 0.00433174055069685 0.00411321828141809 0.00400719605386257 0.00386838079430163 0.00374496704898775 0.00350989843718708 0.00352201075293124 0.00348841026425362 0.0035004485398531 0.00351257505826652 0.00352474325336516 0.00341231934726238 0.00349105964414775 0.00327190244570374 0.00378244509920478 0.00367450108751655 0.00351115106604993
0.0160003770142794 0.0144981238991022 0.0129219582304358 0.0119349909946322 0.0110228378325701 0.0106358295306563 0.0102623384445906 0.0102622015401721 0.00990176480263472 0.00932271778583527 0.00880223792046309 0.00880212057381868 0.00828711036592722 0.00810934044420719 0.0080672400072217 0.00780574884265661 0.00763826491311193 0.00727258622646332 0.00673477118834853 0.00666497508063912 0.00639705918729305 0.00601588981226087 0.00593792600557208 0.00558137847110629 0.00540353450924158 0.00513108307495713 0.00499889068305492 0.00466913403943181 0.00460858317092061 0.00448982138186693 0.00418165046721697 0.00419607572257519 0.00399818317964673 0.0038072841707617 0.00374725041911006 0.00344467302784324 0.00358280795626342 0.00354862865060568 0.00363050866872072 0.00364308478310704 0.00359581597149372 0.00369147630408406 0.00345975975506008 0.00342669594101608 0.00381096475757658
0.0179248545318842 0.016159426420927 0.0140560418367386 0.0125276306644082 0.0119912615045905 0.0113493958488107 0.0105116963386536 0.0103107634931803 0.00994862988591194 0.00939337164163589 0.00923992414027452 0.00919198151677847 0.00904180854558945 0.00867876783013344 0.00833024270832539 0.00815155170857906 0.00782411452382803 0.00724566262215376 0.00720802927389741 0.00701668718829751 0.00673468131572008 0.00659019034355879 0.00617195339873433 0.00599871901795268 0.00584423914551735 0.0054588713683188 0.00521640526130795 0.00487233512103558 0.00474679283797741 0.0046852370724082 0.00444892188534141 0.0042512184008956 0.00410396745428443 0.00406470522284508 0.003859679447487 0.00387299619615078 0.00369031215086579 0.003775455057621 0.00373944151215255 0.00388937373645604 0.00390284508466721 0.00372936297208071 0.00369372731074691 0.00364802591502666 0.00355397304520011
0.0220378842204809 0.0183586645871401 0.0147114861756563 0.0132980458438396 0.0120479557663202 0.0109457494691014 0.0105614326894283 0.0105612929910421 0.0101375551894307 0.00978134479373693 0.00943771656602621 0.00923538021743298 0.00891084503382444 0.00874456390738487 0.00843720324337482 0.0082562267780304 0.00821336638182402 0.00788345653563738 0.00767425401136279 0.00724556623026729 0.00682131573557854 0.00651311920955777 0.00660570571199059 0.00630722008645535 0.00588379614055157 0.00569634372368455 0.00554962875321507 0.00528485048562288 0.005050094332546 0.0048891375772655 0.00467185536399484 0.00443627266213298 0.00430965237319469 0.00424165790900588 0.00425628991797566 0.00398919032886624 0.00400295341387391 0.00388872856274247 0.0039021975826472 0.00391566101461649 0.00409847125411034 0.00405931565910578 0.00394343351945281 0.00371931167319417 0.00367329409345984
0.0263898391276598 0.019585469737649 0.0163122601807117 0.0147042702883482 0.0128556452691555 0.0116799855604768 0.0109973819926381 0.0103544620797038 0.010019208304584 0.0100190751254559 0.00969462748616934 0.00953628309071064 0.0093805119395256 0.00917939562350512 0.00917939562350512 0.00883592292666435 0.00709586497396231 0.00829919893294573 0.00792449712753296 0.00775447487831116 0.007123664021492 0.0068018538877368 0.00665583787485957 0.00625120522454381 0.00606797821819782 0.00615425640717149 0.00558719737455249 0.00533904647454619 0.00518356822431087 0.00503567280247808 0.00487517472356558 0.00473605701699853 0.00458508636802435 0.00445422856137156 0.00429996056482196 0.00434208102524281 0.00404402986168861 0.00407203566282988 0.00409779138863087 0.00418039411306381 0.0039945999160409 0.00388061325065792 0.00384348398074508 0.00373380118981004 0.00380739173851907
0.0277770534157753 0.0243754107505083 0.0181643757969141 0.0151392556726933 0.0134238237515092 0.0121619831770658 0.0114839095622301 0.0110806571319699 0.0106916287913918 0.0112017886713147 0.0115719167515635 0.0109265595674515 0.0109265595674515 0.0107482029125094 0.0105179194360971 0.00865765102207661 0.00837721489369869 0.00819751992821693 0.00767756905406713 0.00715322559699416 0.00658979173749685 0.00748178316280246 0.00683728279545903 0.00652836728841066 0.00611404189839959 0.005837706848979 0.00575459375977516 0.00557124661281705 0.00523672811686993 0.00500403717160225 0.00500708678737283 0.00478463899344206 0.00463212328031659 0.00458782026544213 0.00451544672250748 0.00430252449586987 0.00438924552872777 0.00419418839737773 0.00420871330425143 0.00410023471340537 0.00398323964327574 0.00401082541793585 0.00397250568494201 0.00379593297839165 0.00382222374901175
0.0345882512629032 0.0293311830610037 0.0199386328458786 0.0161984823644161 0.0140900518745184 0.013267369940877 0.0130510563030839 0.0121513232588768 0.0112547716125846 0.0115336170420051 0.0129367355257273 0.0121741658076644 0.0116859460249543 0.0120721338316798 0.0131757017225027 0.0138753885403275 0.0142590347677469 0.0136881489306688 0.0128586022183299 0.0114099467173219 0.0106873391196132 0.00932735670357943 0.00890644174069166 0.00747759034857154 0.00602478394284844 0.00665583787485957 0.00620105536654592 0.00592079944908619 0.00557124661281705 0.00505536049604416 0.00507279252633452 0.0049111139960587 0.0049451095983386 0.00471197534352541 0.00456170970574021 0.0045181387104094 0.00460919551551342 0.00431999797001481 0.00441963644698262 0.00429354747757316 0.00425247568637133 0.00421185232698917 0.00403860118240118 0.00406656926497817 0.00388582400046289
0.0272676460444927 0.0337691679596901 0.0246397666633129 0.021246125921607 0.0183126740157604 0.0167243331670761 0.0149500640109181 0.0132184019312263 0.0127546368166804 0.012647770345211 0.0129976980388165 0.0119357816874981 0.013680168427527 0.016194261610508 0.0188615638762712 0.0163708310574293 0.0132326828315854 0.0118368286639452 0.0113033168017864 0.0107937203720212 0.0101388180628419 0.0101149119436741 0.0100102629512548 0.00863825157284737 0.0081397220492363 0.00713984901085496 0.00819779746234417 0.0073694484308362 0.00701659359037876 0.0060810181312263 0.00596815627068281 0.00515714753419161 0.00499576376751065 0.00491697061806917 0.00469851726666093 0.00462446315214038 0.00474742380902171 0.00470208330079913 0.00471836235374212 0.00449589360505342 0.00445294985547662 0.004269746132195 0.00422895792871714 0.00405500503256917 0.00401626387611032
0.0253380201756954 0.0325776971876621 0.0332241542637348 0.0318858623504639 0.0236147530376911 0.0225125793367624 0.0190834812819958 0.0157357137650251 0.0148947341367602 0.014298202469945 0.0141383800655603 0.0139723373576999 0.02095852419734 0.0240051336586475 0.0237381234765053 0.0219959504902363 0.018185980618 0.01889843121171 0.017418023198843 0.0137084256857634 0.0130911180749536 0.0117811216041446 0.0103362808004022 0.00884820614010096 0.00772134214639664 0.00701971910893917 0.00812506210058928 0.00706983264535666 0.00658685714006424 0.00666151521727443 0.00604651588946581 0.00662236986681819 0.0055971909314394 0.00506440550088882 0.00516644306480885 0.00493693305179477 0.00495402375236154 0.00500253448262811 0.00485985679551959 0.00490744784474373 0.00452702166512609 0.00439781695604324 0.00429931143298745 0.00427293078973889 0.00416285591199994
0.0263263136148453 0.0290344767272472 0.0328111685812473 0.0327798090875149 0.0312936678528786 0.0294643826782703 0.02718142606318 0.0226612631231546 0.0195163358002901 0.0210949052125216 0.0161393005400896 0.0170832965523005 0.0165315680205822 0.01716498285532 0.0192917622625828 0.0225078109651804 0.0231276303529739 0.0220906473696232 0.0173046216368675 0.014667903073132 0.011540568433702 0.0101865287870169 0.00855320133268833 0.00828307773917913 0.0080634206533432 0.00733082881197333 0.00798842217773199 0.00708647351711988 0.00687884911894798 0.00639058882370591 0.00630638375878334 0.0060328496620059 0.00595466652885079 0.00707375351339579 0.00609560264274478 0.00535497441887856 0.00556957395747304 0.00549745140597224 0.00564355822280049 0.00548264803364873 0.0050896517932415 0.00478676846250892 0.00467957137152553 0.00448706513270736 0.00430251797661185
0.0152561021968722 0.0200684685260057 0.0277507603168488 0.0303052961826324 0.0320383943617344 0.0320161283016205 0.0274790935218334 0.0247649550437927 0.0237865094095469 0.0201293770223856 0.0174164567142725 0.0175562724471092 0.0155602423474193 0.0175805687904358 0.0191665329039097 0.0211888663470745 0.0226769410073757 0.0209037102758884 0.024808194488287 0.0256443619728088 0.0173046216368675 0.0122854523360729 0.00938068795949221 0.00798793882131577 0.00722436513751745 0.00820200610905886 0.00779100973159075 0.00740053085610271 0.00777934724465013 0.00793114677071571 0.00705229630693793 0.00699583534151316 0.00733303697779775 0.00620435969904065 0.00758096342906356 0.00888975337147713 0.00805934611707926 0.00748414872214198 0.00703927455469966 0.00675002532079816 0.00690213916823268 0.00546788424253464 0.00526111060753465 0.00494811544194818 0.00459334580227733
0.0131158838048577 0.0229405462741852 0.0160085912793875 0.0190860778093338 0.0275293979793787 0.0322198383510113 0.0331280454993248 0.0297783277928829 0.0223216954618692 0.0209480579942465 0.0205085929483175 0.0174710918217897 0.0181815810501575 0.019851366057992 0.022173160687089 0.0246355812996626 0.0254438370466232 0.0268719047307968 0.0361430495977402 0.0294170062988997 0.0269846208393574 0.0201436020433903 0.0147024895995855 0.0113564757630229 0.00910615455359221 0.0083966962993145 0.00890266709029675 0.00711247231811285 0.0073543475009501 0.00711863255128264 0.00716190319508314 0.00775581225752831 0.0108309499919415 0.0123902577906847 0.0114534022286534 0.0146113755181432 0.0110964803025126 0.0111639415845275 0.0127047328278422 0.0120352990925312 0.0124835167080164 0.00756746996194124 0.00623176619410515 0.00904084555804729 0.00741677498444915
0.0120436549186707 0.0113067915663123 0.0104151675477624 0.0121511938050389 0.0147453872486949 0.0244338810443878 0.0232963114976883 0.0335958525538445 0.0332373529672623 0.0272633582353592 0.022614935413003 0.0245671570301056 0.0257549900561571 0.0246195737272501 0.0276501160115004 0.0313979499042034 0.0324897654354572 0.0332914888858795 0.0369426049292088 0.0358176194131374 0.0336223617196083 0.0260539166629314 0.024290019646287 0.0215170811861753 0.0176059603691101 0.0137848882004619 0.0114581240341067 0.0113396579399705 0.0103108203038573 0.0145541047677398 0.0124626392498612 0.0161595139652491 0.016793480142951 0.0142676513642073 0.0159238539636135 0.0147218117490411 0.0175876542925835 0.0186912678182125 0.0184987187385559 0.0205346904695034 0.0242661200463772 0.0159232225269079 0.0140186734497547 0.0111957667395473 0.0117162661626935
0.0093352422118187 0.00755898421630263 0.00836124736815691 0.00944394804537296 0.0157337728887796 0.0176791530102491 0.0149407302960753 0.0181246753782034 0.0235320422798395 0.0261573866009712 0.0305806063115597 0.0298467092216015 0.0335872955620289 0.0341576933860779 0.0396088063716888 0.0417259372770786 0.03968795388937 0.040543794631958 0.0402146689593792 0.0384327173233032 0.040005087852478 0.0346128419041634 0.0308377165347338 0.0275140423327684 0.0367830358445644 0.0321730934083462 0.0192178431898355 0.0212041344493628 0.0183705631643534 0.0192057602107525 0.0191066078841686 0.0236409772187471 0.0238509308546782 0.0236058719456196 0.0205607898533344 0.0229392629116774 0.0312634184956551 0.0327790938317776 0.0309880394488573 0.0293855890631676 0.0289572291076183 0.0321524031460285 0.013262502849102 0.0113420691341162 0.0120248589664698
0.00928994547575712 0.00879720039665699 0.0102933626621962 0.0125276958569884 0.013449776917696 0.0109347207471728 0.0139099089428782 0.0145677449181676 0.017882052809 0.0214545242488384 0.0186859723180532 0.0217280071228743 0.0223830342292786 0.0234878566116095 0.0246017370373011 0.0305654723197222 0.0243028979748487 0.0253549255430698 0.0254638213664293 0.0307429451495409 0.0242835842072964 0.0248332340270281 0.0239916574209929 0.0272935442626476 0.0265128761529922 0.0264162588864565 0.0367181301116943 0.0270277094095945 0.0256116185337305 0.0366965346038342 0.0310267210006714 0.029013192281127 0.0296460818499327 0.027507496997714 0.0272253956645727 0.0257697403430939 0.0254489220678806 0.0206515099853277 0.020699355751276 0.0205604787915945 0.021652290597558 0.0259981695562601 0.0245474260300398 0.0200815964490175 0.0130020473152399
0.0137745412066579 0.0156812593340874 0.0153312971815467 0.00958055444061756 0.00824197009205818 0.00673768622800708 0.0098562017083168 0.0145639078691602 0.0150675633922219 0.014587540179491 0.0153994802385569 0.0163330975919962 0.0161019861698151 0.0157294534146786 0.0146416295319796 0.0248901378363371 0.0224396474659443 0.0249158628284931 0.0234741047024727 0.0288457460701466 0.0243092961609364 0.0192765239626169 0.0210107117891312 0.0242628809064627 0.026282362639904 0.0257784854620695 0.032337099313736 0.0373237282037735 0.0357683971524239 0.0387025624513626 0.0362508483231068 0.0275080949068069 0.0213525649160147 0.0216154493391514 0.021036796271801 0.0253971293568611 0.0197763163596392 0.0254073683172464 0.0286441259086132 0.0348543934524059 0.0270157437771559 0.0222218502312899 0.0295904148370028 0.0321781113743782 0.0201456043869257
0.0151691408827901 0.0109041789546609 0.0168008822947741 0.016922241076827 0.0132730100303888 0.0096553135663271 0.0102467127144337 0.0148072941228747 0.0121132750064135 0.00968809518963099 0.0112419901415706 0.00936658121645451 0.0077014435082674 0.00759788323193789 0.00836101826280355 0.0209449287503958 0.0110953664407134 0.0130336200818419 0.0115935355424881 0.0207316596060991 0.0114261945709586 0.0147881619632244 0.0239515472203493 0.0238114204257727 0.0287667866796255 0.0317983441054821 0.036779448390007 0.0321238413453102 0.0274156741797924 0.0241908580064774 0.0288911685347557 0.0260850135236979 0.0273411273956299 0.0298421941697598 0.0319758802652359 0.0361349284648895 0.0340680964291096 0.0362830646336079 0.0292986799031496 0.0332434773445129 0.0265334565192461 0.033653736114502 0.0318938046693802 0.0290471259504557 0.0298885814845562
0.0200507845729589 0.0213031861931086 0.0206979103386402 0.0126643041148782 0.0104814898222685 0.01054079644382 0.011753142811358 0.0126537838950753 0.0139792505651712 0.0132012572139502 0.0115248477086425 0.0116177638992667 0.0133725954219699 0.0121190333738923 0.0134829040616751 0.0206504371017218 0.0119341537356377 0.0107308970764279 0.0136918388307095 0.0155963273718953 0.0133350500836968 0.0184290073812008 0.0191905498504639 0.0127610201016068 0.0143234059214592 0.0228775255382061 0.0149812316522002 0.022630363702774 0.02299371547997 0.0291676390916109 0.0261103268712759 0.0235029477626085 0.0214981883764267 0.0361626483500004 0.0356796756386757 0.0363045893609524 0.0293117072433233 0.0313643403351307 0.0326904654502869 0.0263680480420589 0.0223646648228168 0.0246451739221811 0.0313752219080925 0.0241749454289675 0.0271511077880859
0.0221026819199324 0.0208111237734556 0.0203945189714432 0.0173560008406639 0.0140532022342086 0.0132593512535095 0.0111147407442331 0.0108988862484694 0.0146276392042637 0.0167829561978579 0.0159351881593466 0.0113310553133488 0.0101766213774681 0.0136647652834654 0.0144672784954309 0.0148092322051525 0.0166469775140285 0.0119915474206209 0.0183086097240448 0.024348521605134 0.0167224016040564 0.0160867907106876 0.0197080839425325 0.0102681443095207 0.013513601385057 0.0159161519259214 0.0112445522099733 0.0113744596019387 0.0163861121982336 0.0167607143521309 0.0164638310670853 0.0171200390905142 0.0245928633958101 0.0365912765264511 0.0238313544541597 0.0214185602962971 0.0267848074436188 0.0189257692545652 0.0186861455440521 0.0255997721105814 0.0290553979575634 0.0270442608743906 0.0352295562624931 0.0268037505447865 0.0338845141232014
