data/climate_estimation/maxent_output/Tulipa_systola.asc
NCOLS 238 
NROWS 92 
XLLCORNER 34 
YLLCORNER 30.25 
CELLSIZE 0.0833333333333333 
NODATA_value -3.4e+38 
[rows 0 to 18 of 92, columns 43 to 85 of 238]
0.0148317264392972 0.0147478654980659 0.0141194593161345 0.0161119997501373 0.0139189502224326 0.0176182724535465 0.0188043378293514 0.0216208305209875 0.0186379831284285 0.0177635829895735 0.0247156415134668 0.0249598417431116 0.0204875729978085 0.0234226305037737 0.0246294271200895 0.0220133513212204 0.018020611256361 0.0119573380798101 0.0144460750743747 0.012284092605114 0.0133698750287294 0.0129247708246112 0.0155406910926104 0.0168982073664665 0.013350791297853 0.0186121147125959 0.0178420320153236 0.0139155862852931 0.0109188370406628 0.00828087795525789 0.00649367924779654 0.00858561974018812 0.00825393479317427 0.00567081850022078 0.00539826322346926 0.00491253612563014 0.00491292355582118 0.00477303424850106 0.00459461333230138 0.00435820408165455 0.00433629471808672 0.00332714430987835 0.00404965272173285
0.0153490025550127 0.0163983162492514 0.0167069546878338 0.0173720866441727 0.0177843198180199 0.0140447011217475 0.0147669604048133 0.0246699471026659 0.02545066177845 0.0240807831287384 0.0235409438610077 0.0223562885075808 0.0192971490323544 0.0180799756199121 0.0202531553804874 0.0161848962306976 0.0143324732780457 0.0162227097898722 0.0178969986736774 0.012042629532516 0.0122914854437113 0.0135665209963918 0.0144081432372332 0.0157788135111332 0.0129071911796927 0.0209481883794069 0.018072634935379 0.0170807540416718 0.0125501714646816 0.00966415926814079 0.00758332852274179 0.00996381044387817 0.00944292452186346 0.00828627124428749 0.00805375538766384 0.00525663979351521 0.00507517205551267 0.00496445130556822 0.00422038836404681 0.00422571646049619 0.00384223833680153 0.00419341586530209 0.00505074532702565
0.0162274744361639 0.01592767983675 0.0168085545301437 0.0151490783318877 0.013396848924458 0.0130392601713538 0.0216005276888609 0.022862508893013 0.0197676699608564 0.0198197495192289 0.0186281818896532 0.0189047642052174 0.0189815480262041 0.0169537272304296 0.0160108525305986 0.0142520628869534 0.014256457798183 0.013410422950983 0.0141913844272494 0.016346737742424 0.0157231297343969 0.0110792368650436 0.0170960277318954 0.0187897682189941 0.0209615491330624 0.0208628978580236 0.0240273047238588 0.0254758205264807 0.016459995880723 0.0120425298810005 0.00856714975088835 0.00731391599401832 0.0106863267719746 0.0097091905772686 0.00940847769379616 0.0100340824574232 0.00908835604786873 0.00944324489682913 0.00560402451083064 0.00545717403292656 0.00541737116873264 0.00554540567100048 0.00553884683176875
0.0175829511135817 0.0165564361959696 0.0153229963034391 0.0135251460596919 0.0201746933162212 0.0195979177951813 0.0181924514472485 0.0215560719370842 0.0187970642000437 0.0166554749011993 0.017722949385643 0.0177735406905413 0.0169568564742804 0.0159742645919323 0.0132079366594553 0.0132820606231689 0.0133116282522678 0.0133103262633085 0.0133063066750765 0.0148109281435609 0.0156883560121059 0.0160531010478735 0.0147222755476832 0.0163509380072355 0.0163743328303099 0.0191275458782911 0.0205188244581223 0.0239016208797693 0.01930782943964 0.0124046644195914 0.00972520560026169 0.0128266792744398 0.0127156432718039 0.0131608974188566 0.011228134855628 0.0132037764415145 0.0131473653018475 0.0136389313265681 0.0158688481897116 0.0128858471289277 0.00878867693245411 0.0112347202375531 0.0115170395001769
0.017172034829855 0.0163319539278746 0.0203580278903246 0.0192970894277096 0.0169049706310034 0.0192479211837053 0.0171224903315306 0.0187366511672735 0.016737962141633 0.0167639050632715 0.0156672149896622 0.014922765083611 0.0139704123139381 0.0179800502955914 0.0158320348709822 0.0149713503196836 0.0141166159883142 0.0132409036159515 0.0141892423853278 0.0148354452103376 0.0142201893031597 0.01505156327039 0.0152708617970347 0.0149675356224179 0.0151181658729911 0.015761137008667 0.0202770978212357 0.0223232693970203 0.0157538652420044 0.0114283096045256 0.00912741012871265 0.0100807258859277 0.0102525949478149 0.00992851983755827 0.015718387439847 0.0173168461769819 0.0178317259997129 0.0169481411576271 0.0178065784275532 0.0169677343219519 0.0130321299657226 0.0157148018479347 0.0138338599354029
0.0208626426756382 0.0195977780967951 0.0200082175433636 0.0175395514816046 0.0175155978649855 0.0164689533412457 0.0152095668017864 0.0132705057039857 0.0131365405395627 0.015936866402626 0.0148386135697365 0.0150111243128777 0.0140210883691907 0.0159633178263903 0.02007139287889 0.0193915348500013 0.0183819718658924 0.0168418474495411 0.0132471360266209 0.0141988294199109 0.0133699597790837 0.0141631700098515 0.0127286911010742 0.0134765496477485 0.0128201460465789 0.0134566649794579 0.0123359663411975 0.012301585637033 0.0104893296957016 0.00815161410719156 0.00865425076335669 0.0105365533381701 0.012714215554297 0.0168207585811615 0.0131214801222086 0.0133107816800475 0.0205559637397528 0.0226949378848076 0.0207840353250504 0.0216738637536764 0.022240687161684 0.021049352362752 0.0187151972204447
0.024354062974453 0.0200733486562967 0.0183193013072014 0.0172103438526392 0.0154771031811833 0.0160044301301241 0.0144976079463959 0.014267498627305 0.0133051071316004 0.0132013410329819 0.0159281194210052 0.0160383321344852 0.0141105344519019 0.01710413582623 0.0159120168536901 0.0183729995042086 0.0160148069262505 0.0163547154515982 0.0138863921165466 0.0144048221409321 0.0142317190766335 0.0120053719729185 0.0113777844235301 0.010221041738987 0.00979631673544645 0.00967508833855391 0.00960012432187796 0.00862072594463825 0.00732549978420138 0.0109711028635502 0.00993757974356413 0.0121288504451513 0.0118885822594166 0.0130324335768819 0.0130760874599218 0.0137208867818117 0.0235114898532629 0.0215880274772644 0.0223952140659094 0.0234372578561306 0.0245575997978449 0.0192955080419779 0.0153547776862979
0.0219028871506453 0.0182113368064165 0.0164532382041216 0.0153651982545853 0.0161428041756153 0.0160847548395395 0.016043983399868 0.0145207531750202 0.0149658871814609 0.0158878937363625 0.0169125068932772 0.0190870221704245 0.0190875716507435 0.0184975322335958 0.0168274510651827 0.0168270822614431 0.0125784166157246 0.0125638227909803 0.0125772021710873 0.0127063812687993 0.0110332034528255 0.0109946569427848 0.00910408515483141 0.00821047555655241 0.007156603038311 0.00664756679907441 0.00684064812958241 0.00978310033679008 0.00912702642381191 0.00827622320502996 0.0082802502438426 0.00826144870370626 0.00843927823007107 0.0133398631587625 0.0147192077711225 0.0165908671915531 0.0144032025709748 0.0127971610054374 0.0146590899676085 0.0175801571458578 0.0171129312366247 0.0195070747286081 0.0194372348487377
0.024422874674201 0.0248317550867796 0.0181664787232876 0.0131346751004457 0.0168630480766296 0.0172144025564194 0.0156047679483891 0.0166812911629677 0.01503667794168 0.0155327701941133 0.0181302633136511 0.0192920248955488 0.0210691671818495 0.0186068117618561 0.0134189631789923 0.0135267078876495 0.0111568076536059 0.00923265889286995 0.00924674235284328 0.0102473692968488 0.0115713132545352 0.0104549312964082 0.00918032694607973 0.00747412722557783 0.00655102729797363 0.00937878992408514 0.00871101208031178 0.00867178663611412 0.00754004437476397 0.00661549856886268 0.00662730727344751 0.00661909906193614 0.00758321769535542 0.00924199167639017 0.00869585480540991 0.00994579773396254 0.0113142281770706 0.0105552859604359 0.00908722169697285 0.0108515964820981 0.0106812668964267 0.0106653776019812 0.00933531764894724
0.0292816665023565 0.0200598556548357 0.0171090923249722 0.0180383343249559 0.0184259973466396 0.0214151460677385 0.0156958252191544 0.0166847947984934 0.0242910850793123 0.0220042057335377 0.0157762598246336 0.0172162987291813 0.0161408632993698 0.0156316682696342 0.0184425134211779 0.0125860469415784 0.0134807154536247 0.0126586174592376 0.0117771821096539 0.0125269619747996 0.00987549964338541 0.00896269269287586 0.00710043823346496 0.0116033321246505 0.00884487386792898 0.00855008698999882 0.00795232690870762 0.00692009320482612 0.0064492616802454 0.00685590645298362 0.00686672702431679 0.00734889041632414 0.00712537486106157 0.00763453124091029 0.00998245179653168 0.00934570841491222 0.0114526282995939 0.0107062021270394 0.00934107042849064 0.00762376608327031 0.00704238098114729 0.0074808644130826 0.00529531482607126
0.027975732460618 0.0217721257358789 0.0269968677312136 0.0184184070676565 0.01403983309865 0.0174556002020836 0.0222474653273821 0.0251682139933109 0.024645971134305 0.0197313539683819 0.0216846410185099 0.0222204253077507 0.0252732988446951 0.0226768832653761 0.0199360437691212 0.01371169090271 0.0120356818661094 0.010523583739996 0.00981632433831692 0.0123461447656155 0.0143445571884513 0.0130002610385418 0.0117504317313433 0.0095587745308876 0.00927531905472279 0.00703828362748027 0.00799490232020617 0.0065066097304225 0.00605262024328113 0.006018768530339 0.00690711662173271 0.00688631040975451 0.00740101188421249 0.00819810852408409 0.00940032955259085 0.0115139037370682 0.0115648657083511 0.0108466232195497 0.0088387718424201 0.00883394479751587 0.00676111178472638 0.00666240369901061 0.00669720349833369
0.0244598258286715 0.0360361039638519 0.025307672098279 0.0222152676433325 0.0170552935451269 0.0151370363309979 0.0187580659985542 0.023378387093544 0.0219963770359755 0.0207930412143469 0.019500058144331 0.0182207636535168 0.0212476905435324 0.0206166543066502 0.0167731605470181 0.0147881172597408 0.0114556914195418 0.0114031201228499 0.00993478205054998 0.01377266459167 0.0131644597277045 0.0123295858502388 0.00907649751752615 0.00905097275972366 0.00932770781219006 0.00707517936825752 0.00806107372045517 0.00699642393738031 0.00606415001675487 0.00529461773112416 0.00565161043778062 0.00618510926142335 0.00718054920434952 0.0082430811598897 0.0088385296985507 0.0100775053724647 0.0109059205278754 0.0101739792153239 0.0089493291452527 0.00840013474225998 0.00734401447698474 0.00732836360111833 0.00735021708533168
0.0401371642947197 0.0353140234947205 0.0324103496968746 0.0266785398125648 0.0219306070357561 0.0211979690939188 0.0244768522679806 0.0231988467276096 0.0216425471007824 0.0184713825583458 0.0199229083955288 0.0191823281347752 0.016640268266201 0.0172989405691624 0.0158266332000494 0.0135345030575991 0.011455474421382 0.0108271483331919 0.00986164156347513 0.0126939434558153 0.0117571512237191 0.0101979011669755 0.00985019002109766 0.00801024865359068 0.00821519270539284 0.00816714949905872 0.00711206765845418 0.00657939724624157 0.00581527268514037 0.00507969781756401 0.00473079783841968 0.00541696697473526 0.00677656009793282 0.00727124232798815 0.00832330342382193 0.00952056050300598 0.0102535495534539 0.00901106372475624 0.00965760555118322 0.00847251154482365 0.00848123617470264 0.00692389253526926 0.00743756908923388
0.0414419397711754 0.0400811992585659 0.0318313613533974 0.0318977609276772 0.0237154476344585 0.02154759503901 0.0192948970943689 0.0188499540090561 0.0242278333753347 0.0219826102256775 0.0199664384126663 0.0181186199188232 0.0153993647545576 0.0160795021802187 0.0132341627031565 0.0132876373827457 0.0105390148237348 0.0100802024826407 0.0118217542767525 0.0112538151443005 0.0119156697764993 0.0111120929941535 0.00933338049799204 0.00839625485241413 0.00832174532115459 0.00824445299804211 0.00766320107504725 0.00633920496329665 0.00552030745893717 0.00548385083675385 0.00584500376135111 0.00512034120038152 0.00682645849883556 0.00785426795482635 0.0073622539639473 0.00962187349796295 0.00845226366072893 0.00847034342586994 0.00910157058387995 0.00800248235464096 0.00799921993166208 0.0079940389841795 0.00798111595213413
0.048117633908987 0.0409583225846291 0.0421332530677319 0.0334071330726147 0.0313301496207714 0.0241685416549444 0.0218218490481377 0.019948311150074 0.0203616209328175 0.0222582388669252 0.0221895966678858 0.0196152422577143 0.0179178267717361 0.0149080799892545 0.0126326372846961 0.01312723942101 0.0110676046460867 0.0105492528527975 0.0104273976758122 0.0100033674389124 0.00991455186158419 0.010922777466476 0.00826192647218704 0.00912228971719742 0.00842698849737644 0.00780418608337641 0.00723777152597904 0.0073212799616158 0.00634936941787601 0.00591800594702363 0.00591138005256653 0.00593289453536272 0.00735139660537243 0.00690443115308881 0.00905588828027248 0.0103599894791842 0.00852979905903339 0.00856667663902044 0.00801364611834288 0.00857648067176342 0.0080428346991539 0.00804827176034451 0.00801879167556763
0.0496477149426937 0.0425932444632053 0.0372880026698112 0.0386015325784683 0.0306186135858297 0.0296206790953875 0.027551893144846 0.0227007772773504 0.0233852844685316 0.0223852526396513 0.0180599633604288 0.0198598019778728 0.0170767698436975 0.0167283248156309 0.0141648640856147 0.0152007881551981 0.0132849663496017 0.0122363679111004 0.0120666576549411 0.00953192915767431 0.0107668479904532 0.0103361373767257 0.00897057447582483 0.00918135140091181 0.00760907586663961 0.00788130331784487 0.00795733742415905 0.00688103167340159 0.00687331426888704 0.00682577211409807 0.00680920900776982 0.00597193278372288 0.00694989925250411 0.00699007650837302 0.00796632375568151 0.00915312953293324 0.00984627287834883 0.00863156747072935 0.00868905242532492 0.00810162723064423 0.00866482499986887 0.00809687189757824 0.00865693297237158
0.0541072823107243 0.0470283143222332 0.0456222891807556 0.0385539270937443 0.0398499630391598 0.0361491814255714 0.031677920371294 0.0245233811438084 0.0222502760589123 0.0242166966199875 0.0266114044934511 0.0242351591587067 0.0191252995282412 0.0157566666603088 0.0163918286561966 0.014336571097374 0.0129404524341226 0.0123938247561455 0.0123078562319279 0.0114181339740753 0.00956218782812357 0.00980089325457811 0.00938021205365658 0.00825969222933054 0.00935749895870686 0.00857075769454241 0.00967889279127121 0.00899226684123278 0.00775266671553254 0.00736550893634558 0.0073455017991364 0.00785205140709877 0.00687457900494337 0.00805458147078753 0.00754670798778534 0.00864117499440908 0.00869618356227875 0.00870490912348032 0.00873261224478483 0.00869378354400396 0.00932166818529367 0.00990164838731289 0.00921231973916292
0.0581846460700035 0.0475273318588734 0.0414250157773495 0.0400976538658142 0.0350744277238846 0.0377336256206036 0.0293032452464104 0.0283660888671875 0.0275851413607597 0.0272617004811764 0.0269082952290773 0.0268300920724869 0.0182173978537321 0.017033975571394 0.0182116609066725 0.0154498349875212 0.0130925113335252 0.0130146658048034 0.0124264378100634 0.0108125507831573 0.0111143263056874 0.0121423043310642 0.0101853422820568 0.0100628398358822 0.01064473669976 0.00983379408717155 0.0100969625636935 0.00899745523929596 0.0101833175867796 0.00919594615697861 0.0104785906150937 0.0100832553580403 0.0110801784321666 0.0115355169400573 0.0109225604683161 0.0103003568947315 0.010537838563323 0.00934233423322439 0.00820193625986576 0.00940397568047047 0.0100025134161115 0.00993379484862089 0.0106103960424662
0.0583673566579819 0.0434152036905289 0.0494579300284386 0.0406276546418667 0.0378617942333221 0.0420378260314465 0.0303477793931961 0.0306616462767124 0.0344319865107536 0.030950203537941 0.0270065031945705 0.0223257504403591 0.0189707763493061 0.0184816457331181 0.0184060204774141 0.0156100699678063 0.0178579483181238 0.0131701445207 0.014865992590785 0.0152152227237821 0.0140577154234052 0.0121710831299424 0.012968247756362 0.010469232685864 0.011076120659709 0.0125728342682123 0.0116021372377872 0.0118973767384887 0.0113575356081128 0.010864932090044 0.0118995578959584 0.0114937406033278 0.0110458517447114 0.0118361180648208 0.0141069646924734 0.0111043518409133 0.00935397110879421 0.00819761771708727 0.00885269697755575 0.00822193082422018 0.0107092829421163 0.0106628471985459 0.0121692214161158
