data/climate_estimation/maxent_output/Uvularia_perfoliata.asc
NCOLS 281 
NROWS 180 
XLLCORNER -94.3333333333333 
YLLCORNER 30.4166666666667 
CELLSIZE 0.0833333333333334 
NODATA_value -3.4e+38 
[rows 42 to 62 of 180, columns 47 to 93 of 281]
0.00211105053313076 0.00248347409069538 0.00268312403932214 0.00272528082132339 0.004031116142869 0.00474755140021443 0.00594167457893491 0.00598304904997349 0.0048453682102263 0.0052288225851953 0.00520625337958336 0.00518539175391197 0.00445489026606083 0.00440047821030021 0.00379150826483965 0.00375985261052847 0.00372206210158765 0.00373859913088381 0.00370063330046833 0.00394770503044128 0.00463361665606499 0.00576933706179261 0.00580915901809931 0.00684753293171525 0.00855895597487688 0.00861181691288948 0.0087248831987381 0.0094277486205101 0.0109743708744645 0.0120351277291775 0.0148600488901138 0.0150011079385877 0.018502639606595 0.0216195080429316 0.0233860220760107 0.0293142385780811 0.0299923717975616 0.0328201353549957 0.0379465334117413 0.0472224615514278 0.0571118146181107 0.0660455003380775 0.0814328789710999 0.100632682442665 0.123282678425312 0.123154319822788 0.141278713941574
0.00211526593193412 0.00306880450807512 0.00311503000557423 0.00314818485639989 0.00400866195559502 0.00505767483264208 0.00585305457934737 0.00514922942966223 0.00479381997138262 0.00482718693092465 0.00523615442216396 0.00520597025752068 0.00515545392408967 0.00442297058179975 0.00380391976796091 0.00376546592451632 0.00403010612353683 0.0040159160271287 0.00399669772014022 0.0040053972043097 0.00498928315937519 0.00584101537242532 0.00730345118790865 0.00843748915940523 0.00986557919532061 0.00996651314198971 0.0107057224959135 0.0107286889106035 0.0108940219506621 0.0117572573944926 0.014580886811018 0.0146230012178421 0.0181090794503689 0.0226064641028643 0.0230723582208157 0.0236316677182913 0.0297177620232105 0.0301852058619261 0.0380516909062862 0.0456361994147301 0.0565332099795341 0.0653786808252335 0.0929439887404442 0.11444416642189 0.130794078111649 0.159160628914833 0.159055054187775
0.0021158589515835 0.00265616527758539 0.00310011603869498 0.00338385021314025 0.00395753933116794 0.00500987842679024 0.00503554660826921 0.00511495303362608 0.00516372639685869 0.0051621226593852 0.00483574392274022 0.0051532699726522 0.0044629848562181 0.00441165408119559 0.00440386403352022 0.00406107120215893 0.00405835034325719 0.00350178382359445 0.00404495839029551 0.0049949842505157 0.00505672907456756 0.00587272690609097 0.0072635724209249 0.00847193039953709 0.0105520989745855 0.0107179637998343 0.0107297915965319 0.0107444496825337 0.0107171079143882 0.0134132076054811 0.0144861275330186 0.0144909247756004 0.0180513318628073 0.0180574171245098 0.0229616351425648 0.0235282685607672 0.0298251286149025 0.0302601102739573 0.03758405148983 0.043926440179348 0.0526309572160244 0.0652063488960266 0.0915629491209984 0.121118426322937 0.1476099640131 0.168169304728508 0.179771587252617
0.00210641161538661 0.00265133054926991 0.00329237710684538 0.00333340419456363 0.00421381089836359 0.00425707409158349 0.00496772211045027 0.00509257474914193 0.00512055726721883 0.00481458427384496 0.00512455217540264 0.00514009688049555 0.00509767839685082 0.00442293332889676 0.0047526340931654 0.00470800511538982 0.00408472074195743 0.00409958371892571 0.00505512813106179 0.00505484268069267 0.00631213327869773 0.00727721303701401 0.00728784501552582 0.00910785142332315 0.0105290878564119 0.0106445429846644 0.0106246238574386 0.0107607450336218 0.0107608279213309 0.0132836438715458 0.0133699849247932 0.0144342062994838 0.0145544894039631 0.0182088427245617 0.0185225866734982 0.0234765075147152 0.0240556914359331 0.0302166659384966 0.0305906012654305 0.0438905023038387 0.0541109032928944 0.0721853226423264 0.0978366360068321 0.13683807849884 0.190450489521027 0.167518451809883 0.167872041463852
0.00261848396621644 0.0026424452662468 0.00328274630010128 0.00330074946396053 0.00418619532138109 0.0042183892801404 0.00424928031861782 0.0043243421241641 0.00505922408774495 0.00510029261931777 0.0051061580888927 0.00512136891484261 0.00442745070904493 0.00440214574337006 0.00471629202365875 0.00470273708924651 0.00506378104910254 0.00508779985830188 0.00591137167066336 0.00637458264827728 0.00730115408077836 0.00784419570118189 0.009078917093575 0.0104535538703203 0.0105291688814759 0.0105445571243763 0.0105942217633128 0.0106518929824233 0.0107333632186055 0.0133030507713556 0.0133795915171504 0.0144602181389928 0.0145920179784298 0.0171028729528189 0.0187119320034981 0.0237159300595522 0.0225658249109983 0.0246918611228466 0.0307784155011177 0.0355762578547001 0.0506969839334488 0.0671938583254814 0.0825343802571297 0.115080118179321 0.136257499456406 0.155496343970299 0.136888116598129
0.00329435034655035 0.00329814967699349 0.00326975737698376 0.00355449691414833 0.00360145466402173 0.00363575317896903 0.00457058707252145 0.00431464379653335 0.00435759639367461 0.00507269613444805 0.00439772894605994 0.00438217446208 0.00471571879461408 0.00471105426549911 0.00469044083729386 0.00504370918497443 0.00588337238878012 0.00589809799566865 0.00739193428307772 0.00737845432013273 0.0079243304207921 0.00911550968885422 0.00911218300461769 0.0112585639581084 0.0112621383741498 0.0112698264420033 0.0131931947544217 0.013173196464777 0.0132068963721395 0.0133215710520744 0.013403108343482 0.0135449385270476 0.014681595377624 0.0170781463384628 0.0186859965324402 0.0220395103096962 0.0224924981594086 0.028298644348979 0.0285135693848133 0.0356410630047321 0.046968124806881 0.0470900386571884 0.0669732540845871 0.0942329168319702 0.115480348467827 0.115954354405403 0.136359259486198
0.00445873290300369 0.00382246077060699 0.00411930028349161 0.00412852596491575 0.00416051270440221 0.00365169299766421 0.00394965335726738 0.00400182092562318 0.00464136665686965 0.0046704588457942 0.00467894459143281 0.00470316270366311 0.004681630525738 0.00468185544013977 0.00502685597166419 0.00581685686483979 0.00732441060245037 0.00857073534280062 0.00927523337304592 0.0092820068821311 0.00909843482077122 0.00911505520343781 0.00970346201211214 0.00967216398566961 0.0111559387296438 0.0112699121236801 0.0131301460787654 0.0132117168977857 0.0132350958883762 0.0133306942880154 0.0134176341816783 0.0136185074225068 0.0137433111667633 0.0172531269490719 0.020108537748456 0.0251982845366001 0.0259964428842068 0.0282973125576973 0.0328350327908993 0.0334326215088367 0.0408853814005852 0.0473082512617111 0.0582747980952263 0.0671873688697815 0.0946908220648766 0.0941886454820633 0.115308456122875
0.00484840851277113 0.00479434709995985 0.00483150687068701 0.00517837330698967 0.00453075021505356 0.00393838435411453 0.0039587658829987 0.00399622553959489 0.00467023486271501 0.00468069082126021 0.00470804562792182 0.0046825441531837 0.00465065333992243 0.00495554693043232 0.00576793029904366 0.00719420751556754 0.00844251364469528 0.0106508797034621 0.0107687693089247 0.0115182334557176 0.0115014314651489 0.0113028660416603 0.0113152489066124 0.0112417759373784 0.0111640859395266 0.0130034508183599 0.0140531146898866 0.013211871497333 0.0131814675405622 0.0133355604484677 0.0135845383629203 0.0136533388867974 0.0170278679579496 0.0172206908464432 0.02171297557652 0.0253069698810577 0.0259209126234055 0.0325267612934113 0.0329152345657349 0.0334556698799133 0.038316760212183 0.0474730469286442 0.0542735382914543 0.0674456730484962 0.0827591568231583 0.0947508588433266 0.094417005777359
0.00607018126174808 0.00605278741568327 0.00602663028985262 0.0060625784099102 0.00610702438279986 0.00461608171463013 0.00427679810672998 0.00494384951889515 0.00498549081385136 0.00502381660044193 0.00582844344899058 0.00501636601984501 0.00501286471262574 0.00617243861779571 0.00720997992902994 0.00901440437883139 0.0105353565886617 0.0131671950221062 0.0133121609687805 0.0132491495460272 0.0141699146479368 0.0140831079334021 0.0122211491689086 0.0112982047721744 0.0121241249144077 0.0139619233086705 0.0141560267657042 0.0141345802694559 0.0141595797613263 0.0134479701519012 0.0167038775980473 0.0167999230325222 0.0169713459908962 0.0199705921113491 0.0216804891824722 0.0253520719707012 0.031907144933939 0.0303091425448656 0.0328198485076427 0.0331636108458042 0.038397591561079 0.0476414151489735 0.054371252655983 0.067421555519104 0.0769070908427238 0.0775063633918762 0.0944503396749496
0.0060990690253675 0.00606353441253304 0.00607936922460794 0.00610861647874117 0.00663588335737586 0.00572278397157788 0.00614012917503715 0.00540379015728831 0.00625543994829059 0.00579874543473125 0.00625279126688838 0.00578989600762725 0.00576426042243838 0.00719608180224895 0.00895822327584028 0.0104391286149621 0.0130475889891386 0.0163616631180048 0.0165048129856586 0.0164504628628492 0.0163563992828131 0.0141744427382946 0.0141030354425311 0.0139961950480938 0.0139655899256468 0.0140892136842012 0.0141252400353551 0.0141502227634192 0.0163094401359558 0.0165300741791725 0.0166926793754101 0.0169300679117441 0.021066864952445 0.0211810022592545 0.0249685514718294 0.025232445448637 0.0317318774759769 0.0322075933218002 0.0377781987190247 0.0379827097058296 0.0467743426561356 0.0474527589976788 0.0544103868305683 0.0673251897096634 0.0675422102212906 0.077016718685627 0.0768523365259171
0.00614121602848172 0.00619107717648149 0.00615307874977589 0.00659722881391644 0.00660962471738458 0.00710141658782959 0.00618055555969477 0.00623718276619911 0.00629659509286284 0.00722730485722423 0.00720359943807125 0.00718708941712976 0.00720284366980195 0.0089573310688138 0.0103476326912642 0.0130702387541533 0.016194699332118 0.018862659111619 0.0190068837255239 0.0164500121027231 0.016402080655098 0.0142351733520627 0.0142307924106717 0.0139998709782958 0.0140774976462126 0.0140884108841419 0.0161861814558506 0.0163166038691998 0.016417134553194 0.0189753584563732 0.0192732587456703 0.0193565934896469 0.0241399630904198 0.0243582036346197 0.024787487462163 0.0287677980959415 0.0315252169966698 0.0368612892925739 0.0373686105012894 0.0467574670910835 0.0468911565840244 0.0540980771183968 0.0542719438672066 0.0670655146241188 0.0673521384596825 0.0774547830224037 0.0775154531002045
0.00534958252683282 0.0066341613419354 0.00663484679535031 0.00659206975251436 0.00709105236455798 0.00714859459549189 0.00772007182240486 0.00778513634577394 0.00902712624520063 0.00901018362492323 0.0090027442201972 0.00890058558434248 0.0103315468877554 0.0103882905095816 0.0148813221603632 0.0186907052993774 0.0188412666320801 0.018909327685833 0.0202699843794107 0.0165087003260851 0.0143592143431306 0.0141983907669783 0.0142561262473464 0.0141687961295247 0.0173825398087502 0.0174860078841448 0.0162512641400099 0.0201578661799431 0.0203053168952465 0.0203337073326111 0.0235969386994839 0.0239581633359194 0.0240878611803055 0.0280884616076946 0.0282187405973673 0.0308937914669514 0.0358609221875668 0.036714643239975 0.0425525940954685 0.0433275327086449 0.0538052879273891 0.0539252683520317 0.0663478299975395 0.0664950385689735 0.0768066272139549 0.0770257487893105 0.0823000371456146
0.00576437823474407 0.00575415743514895 0.00662965839728713 0.00821786187589169 0.00828500371426344 0.00888886209577322 0.0103064849972725 0.0103863952681422 0.0104162832722068 0.0104533918201923 0.0110658453777432 0.0111510790884495 0.0128609724342823 0.0148535445332527 0.018507918342948 0.0186083260923624 0.0217798296362162 0.0202543903142214 0.0203295610845089 0.016418881714344 0.0143279880285263 0.0142334047704935 0.0141977481544018 0.0141520155593753 0.0163373593240976 0.0174145270138979 0.020126860588789 0.0201635677367449 0.0234594997018576 0.02362328954041 0.0237777158617973 0.0275747552514076 0.0279770903289318 0.0280568152666092 0.0303507912904024 0.0285375863313675 0.0356029272079468 0.0361742116510868 0.0426619574427605 0.0458069257438183 0.0533845946192741 0.057525210082531 0.0660963952541351 0.0712064430117607 0.0824851766228676 0.0823973715305328 0.0943468287587166
0.00586345139890909 0.00577245885506272 0.00709883449599147 0.00822048354893923 0.0102251628413796 0.0102487234398723 0.0103093469515443 0.0128246303647757 0.0129374824464321 0.014875890687108 0.0128518855199218 0.0160641111433506 0.0184801816940308 0.0184801816940308 0.0186554975807667 0.0214337985962629 0.0229990687221289 0.018846970051527 0.0202621705830097 0.01751977391541 0.0143124833703041 0.0152938514947891 0.015366512350738 0.0174939706921577 0.0174628626555204 0.0199725963175297 0.020074762403965 0.0234003234654665 0.0236214678734541 0.0292848534882069 0.0276056248694658 0.0346451550722122 0.0346428900957108 0.0347413048148155 0.03490324690938 0.0281682536005974 0.0354354828596115 0.0361348912119865 0.0416582897305489 0.0453804992139339 0.0526249222457409 0.0567899607121944 0.0660046637058258 0.0813564211130142 0.093555323779583 0.0938552469015121 0.0940278768539429
0.00507942354306579 0.0058037992566824 0.00830366555601358 0.0102690123021603 0.0127516873180866 0.0147926863282919 0.0148409605026245 0.0160228870809078 0.0149720208719373 0.0184517335146666 0.0184251945465803 0.0185131598263979 0.0230989269912243 0.0215255971997976 0.0229563321918249 0.023047611117363 0.0229736045002937 0.0201072748750448 0.0175894126296043 0.0175008978694677 0.0152733009308577 0.0153002990409732 0.0176533721387386 0.0176212266087532 0.0202408581972122 0.0202269349247217 0.0232027899473906 0.0234576910734177 0.0273248702287674 0.0340458117425442 0.0343538336455822 0.0398690849542618 0.0401879884302616 0.0350947715342045 0.0351179428398609 0.0350543111562729 0.0356934107840061 0.0412694960832596 0.0448604635894299 0.0453835353255272 0.0527803413569927 0.0572033673524857 0.0709119960665703 0.0815048068761826 0.0932321846485138 0.114389091730118 0.113990105688572
0.00676448689773679 0.00832712836563587 0.0103276316076517 0.0148004749789834 0.017046419903636 0.0182557571679354 0.0183830801397562 0.0183841921389103 0.0185307934880257 0.0185187645256519 0.023047611117363 0.023047611117363 0.0265273787081242 0.0231968779116869 0.0230368971824646 0.0230536852031946 0.0229964088648558 0.0199968386441469 0.0201292689889669 0.017524654045701 0.017640782520175 0.0177181176841259 0.0218698717653751 0.0219656340777874 0.0252948384732008 0.0234297178685665 0.0289527866989374 0.0294593814760447 0.0341402441263199 0.0344513542950153 0.0399216748774052 0.0402993150055408 0.0405041053891182 0.0404454916715622 0.0406964719295502 0.0409745872020721 0.0412097983062267 0.0418092869222164 0.0451057590544224 0.0454357601702213 0.045799732208252 0.0564315356314182 0.0653772056102753 0.0812137871980667 0.107601813971996 0.107104405760765 0.130636885762215
0.00848900340497494 0.0103948256000876 0.0148581061512232 0.0181135088205338 0.0209953933954239 0.0226365104317665 0.0225479062646627 0.0184031799435616 0.0184767730534077 0.0229300335049629 0.0230383295565844 0.0266432538628578 0.0286647975444794 0.0287464540451765 0.0287464540451765 0.023227808997035 0.0230942741036415 0.0232053268700838 0.0231392476707697 0.0202765148133039 0.0217423718422651 0.021899962797761 0.0220047608017921 0.0252928901463747 0.0252387076616287 0.0292024835944176 0.0336226336658001 0.0340749658644199 0.039417527616024 0.0399453900754452 0.0465222522616386 0.047114122658968 0.0472675003111362 0.0475757196545601 0.0477664433419704 0.0474927052855492 0.0514071024954319 0.0518161877989769 0.0452215261757374 0.0453226491808891 0.0454568080604076 0.0565961971879005 0.0653520375490189 0.0806710869073868 0.106473065912724 0.130182728171349 0.130534410476685
0.012165411375463 0.0149772632867098 0.0183793567121029 0.0210090894252062 0.0258096251636744 0.0276320613920689 0.0223675519227982 0.0226056799292564 0.0228282548487186 0.0230217501521111 0.0231548715382814 0.0286124870181084 0.0289559625089169 0.0291018355637789 0.0287548210471869 0.0286496840417385 0.0286184530705214 0.0266963820904493 0.0287987533956766 0.0290328934788704 0.0290023013949394 0.029255598783493 0.029255598783493 0.0293290596455336 0.0292003657668829 0.0338507927954197 0.0392556414008141 0.0456352978944778 0.0458502098917961 0.053565226495266 0.053797286003828 0.0546550713479519 0.0550896786153316 0.0555091686546803 0.0555691309273243 0.0596373602747917 0.059983529150486 0.0524173825979233 0.0525532774627209 0.0458464659750462 0.0458691492676735 0.0567150227725506 0.0655891969799995 0.0804420635104179 0.106174521148205 0.130360960960388 0.149078175425529
0.0152462283149362 0.0185868311673403 0.0225762408226728 0.024040911346674 0.0273311492055655 0.027442492544651 0.0278049856424332 0.0243977177888155 0.0246915742754936 0.0248448085039854 0.0233742762356997 0.0289980955421925 0.029111361131072 0.029111361131072 0.0291095040738583 0.0292261205613613 0.0289714783430099 0.0334697477519512 0.0334333181381226 0.0334487818181515 0.0360209755599499 0.033840723335743 0.0361614041030407 0.0338496416807175 0.0365278050303459 0.0392815992236137 0.0526021756231785 0.0528836250305176 0.0611488483846188 0.0618777759373188 0.0625926330685616 0.0633836463093758 0.0688877254724503 0.0641658902168274 0.0693573951721191 0.0695627555251122 0.0696623101830482 0.0609830990433693 0.061070691794157 0.0531400144100189 0.0573033913969994 0.0657491534948349 0.0806653723120689 0.0938867479562759 0.123458281159401 0.14984692633152 0.170107379555702
0.0191424749791622 0.0218414179980755 0.0229810904711485 0.0244198236614466 0.0280357468873262 0.0299358814954758 0.0241678953170776 0.0244338419288397 0.024881586432457 0.0250344313681126 0.028894467279315 0.029282758012414 0.0294615440070629 0.0295239705592394 0.0340915955603123 0.0340028740465641 0.0337937287986279 0.0420279242098331 0.0419532991945744 0.0416878797113895 0.0415373109281063 0.0417605675756931 0.0420914478600025 0.0486738309264183 0.0489718690514565 0.0525424666702747 0.0604252070188522 0.069945365190506 0.0710549503564835 0.0717698335647583 0.0779391452670097 0.0790349915623665 0.0794523954391479 0.0798835009336472 0.0809150338172913 0.0806851163506508 0.0872804597020149 0.0757915675640106 0.0758780166506767 0.0765586942434311 0.0765314325690269 0.0945738926529884 0.095208041369915 0.125004172325134 0.15123975276947 0.172062411904335 0.208936870098114
0.0225268043577671 0.0237632095813751 0.0251560378819704 0.0248211529105902 0.0245630312711 0.0245814975351095 0.0249707456678152 0.0249995719641447 0.0248634852468967 0.0252254828810692 0.0291050393134356 0.0296554416418076 0.0299785509705544 0.0299222338944674 0.0345500335097313 0.0429471768438816 0.0487926229834557 0.0487750209867954 0.0487588606774807 0.0557203032076359 0.0557820051908493 0.0595379583537579 0.0561148710548878 0.0564754605293274 0.0653699561953545 0.0754226595163345 0.0759880170226097 0.0872559621930122 0.0879377424716949 0.0890059843659401 0.0965133309364319 0.0977125391364098 0.113157756626606 0.114790260791779 0.114151835441589 0.0999492257833481 0.100696541368961 0.101703472435474 0.101882576942444 0.109797529876232 0.126276418566704 0.127384424209595 0.155930504202843 0.177123606204987 0.202751308679581 0.241320118308067 0.239837765693665
