data/climate_estimation/maxent_output/Uvularia_floridana.asc
NCOLS 36 
NROWS 27 
XLLCORNER -88.3333333333333 
YLLCORNER 31.0833333333333 
CELLSIZE 0.0833333333333333 
NODATA_value -3.4e+38 
0.782673776149750 0.817022860050201 0.820562481880188 0.829619944095612 0.828357756137848 0.862028837203979 0.864247679710388 0.864071249961853 0.857110023498535 0.879922807216644 0.871839284896851 0.893482685089111 0.879975140094757 0.884131193161011 0.885819613933563 0.888971924781799 0.889470815658569 0.897214531898499 0.890687525272369 0.883513748645782 0.859617412090302 0.870144665241241 0.837834596633911 0.836378931999207 0.840576767921448 0.820519685745239 0.793671488761902 0.80724823474884 0.799592852592468 0.752887189388275 0.763113737106323 0.770251035690308 0.787381172180176 0.77836138010025 0.771647155284882 0.790651798248291
0.787736892700195 0.822060108184814 0.829715549945831 0.830491423606873 0.827844142913818 0.859952569007874 0.863123297691345 0.860471069812775 0.866894841194153 0.862387001514435 0.874610781669617 0.890751123428345 0.885706841945648 0.876603424549103 0.887077212333679 0.865116000175476 0.861561715602875 0.860033392906189 0.855400800704956 0.856932997703552 0.859326601028442 0.833398044109344 0.837456107139587 0.815847516059875 0.816386163234711 0.805661201477051 0.789780557155609 0.811577141284943 0.776560604572296 0.77652382850647 0.776653289794922 0.776810109615326 0.788546800613403 0.784816980361938 0.777572691440582 0.774256765842438
0.785851538181305 0.791386246681213 0.830525636672974 0.825990736484528 0.828402101993561 0.826879024505615 0.85863995552063 0.860354721546173 0.867907643318176 0.874478459358215 0.865898549556732 0.885639429092407 0.876993179321289 0.876389026641846 0.877810657024384 0.861964821815491 0.852799773216248 0.827820718288422 0.832690119743347 0.82733815908432 0.823228597640991 0.822589874267578 0.82091099023819 0.812998175621033 0.796777188777924 0.788598418235779 0.780810654163361 0.788143813610077 0.783094942569733 0.793130815029144 0.781199395656586 0.778820216655731 0.753740429878235 0.763968706130981 0.755684733390808 0.751110255718231
0.811857461929321 0.826656401157379 0.796148300170898 0.832029819488525 0.821149230003357 0.851707279682159 0.85363644361496 0.856533288955688 0.855412304401398 0.871977567672729 0.860799551010132 0.881157994270325 0.871185541152954 0.87236225605011 0.875365555286407 0.85894501209259 0.829071342945099 0.830989420413971 0.824207186698914 0.821933627128601 0.819758594036102 0.821437060832977 0.807823896408081 0.804283261299133 0.796778440475464 0.779415786266327 0.787988483905792 0.789739310741425 0.799112975597382 0.801103711128235 0.789083898067474 0.761327683925629 0.76215797662735 0.765438616275787 0.764703273773193 0.758085668087006
0.81463885307312 0.824121534824371 0.824403762817383 0.820946156978607 0.818596005439758 0.84634655714035 0.850279271602631 0.855660200119019 0.845711350440979 0.85748165845871 0.874610662460327 0.867767870426178 0.888080477714539 0.85834789276123 0.874479830265045 0.849004149436951 0.852335453033447 0.822457432746887 0.81115448474884 0.808010518550873 0.81528639793396 0.810291647911072 0.806633055210114 0.797252714633942 0.793928384780884 0.790671050548553 0.792387127876282 0.79298061132431 0.805929243564606 0.773262977600098 0.772091209888458 0.77232700586319 0.770606756210327 0.771337747573853 0.765698552131653 0.755767047405243
0.811472237110138 0.819949686527252 0.823216140270233 0.822011470794678 0.817489385604858 0.810284376144409 0.814093410968781 0.844447314739227 0.864462673664093 0.861070692539215 0.845767438411713 0.864332437515259 0.885534286499023 0.865944087505341 0.867610454559326 0.841010451316833 0.813536584377289 0.820555984973907 0.789624273777008 0.780009627342224 0.58628511428833 0.808742523193359 0.814703464508057 0.808309972286224 0.802743852138519 0.789895117282867 0.787002623081207 0.761804342269897 0.769701778888702 0.774232923984528 0.773353159427643 0.769466280937195 0.772026479244232 0.727223932743073 0.721237361431122 0.719725072383881
0.812040388584137 0.813858807086945 0.817050755023956 0.812598884105682 0.80538284778595 0.810621738433838 0.808498501777649 0.839646458625793 0.835492074489594 0.862757444381714 0.849252104759216 0.873211979866028 0.869365274906158 0.865074217319489 0.839368283748627 0.817320108413696 0.82086706161499 0.796646595001221 0.795507729053497 0.780586838722229 0.592146694660187 0.780160248279572 0.778303682804108 0.774755001068115 0.80404007434845 0.761224091053009 0.756186842918396 0.768783032894135 0.768259227275848 0.776677250862122 0.774503350257874 0.774701476097107 0.771465003490448 0.736590802669525 0.726167738437653 0.723189234733582
0.801707267761230 0.804032921791077 0.814617455005646 0.810019910335541 0.807025134563446 0.805969655513763 0.808360576629639 0.838618993759155 0.839309334754944 0.83249044418335 0.852546513080597 0.845342993736267 0.821750581264496 0.822838723659515 0.82073700428009 0.825233399868011 0.798831701278687 0.808571338653564 0.796195507049561 0.795835316181183 0.787569284439087 0.778552174568176 0.778434097766876 0.815077126026154 0.77684098482132 0.769375443458557 0.762597858905792 0.770872831344604 0.769566357135773 0.773722171783447 0.739363968372345 0.738864839076996 0.733297765254974 0.7342369556427 0.724341690540314 0.718910574913025
0.801676154136658 0.801765024662018 0.803192615509033 0.807352006435394 0.809224426746368 0.800054430961609 0.804658830165863 0.814987182617188 0.845737874507904 0.842781722545624 0.836510896682739 0.826095163822174 0.823879182338715 0.796509802341461 0.800537168979645 0.79992413520813 0.806079089641571 0.814654946327209 0.806389689445496 0.805677771568298 0.792551696300507 0.821722388267517 0.818157017230988 0.814572811126709 0.785693109035492 0.781017780303955 0.778128027915955 0.776185095310211 0.774471580982208 0.743089377880096 0.745072484016418 0.743336796760559 0.740840494632721 0.743542671203613 0.733204483985901 0.726469278335571
0.798530280590057 0.80058217048645 0.79790598154068 0.799701988697052 0.802381932735443 0.806121051311493 0.800707221031189 0.811954438686371 0.818688690662384 0.815229058265686 0.806492686271667 0.80361932516098 0.808256030082703 0.805230677127838 0.809401392936707 0.810240209102631 0.816146433353424 0.78083598613739 0.622455418109894 0.621991634368896 0.649069249629974 0.6473268866539 0.623939156532288 0.639574348926544 0.645439207553864 0.608987927436829 0.781603336334229 0.78898823261261 0.785692393779755 0.759281039237976 0.753406345844269 0.751285135746002 0.753022789955139 0.752730309963226 0.741002857685089 0.719017684459686
0.801237165927887 0.797699451446533 0.808540940284729 0.808296144008636 0.807169735431671 0.832598805427551 0.798922181129456 0.814612925052643 0.821212351322174 0.820484936237335 0.816269874572754 0.775976955890656 0.807688355445862 0.775004863739014 0.780335068702698 0.593547880649567 0.59887683391571 0.598864793777466 0.631633222103119 0.624091386795044 0.662214338779449 0.65090411901474 0.639559388160706 0.640131235122681 0.641622006893158 0.648118078708649 0.599005043506622 0.794040679931641 0.76531994342804 0.766292452812195 0.762372314929962 0.758816480636597 0.756176769733429 0.746836245059967 0.741028428077698 0.544121325016022
0.798233151435852 0.796857953071594 0.807593166828156 0.808119356632233 0.809792220592499 0.809368073940277 0.816847801208496 0.821435213088989 0.826348781585693 0.791162729263306 0.784081518650055 0.787473022937775 0.783106684684753 0.778261303901672 0.593686103820801 0.597350001335144 0.600632071495056 0.603285312652588 0.596092045307159 0.631420731544495 0.629817485809326 0.662949740886688 0.656849205493927 0.64524644613266 0.646905303001404 0.648686408996582 0.620652139186859 0.620122194290161 0.617633998394012 0.619037270545959 0.612223029136658 0.609685122966766 0.563880503177643 0.59417587518692 0.589924514293671 0.577650487422943
0.79973441362381 0.803020358085632 0.807391762733459 0.814304411411285 0.815193891525269 0.815701365470886 0.821038246154785 0.831003189086914 0.827760338783264 0.785621881484985 0.784485340118408 0.783268392086029 0.784151196479797 0.593842506408691 0.599796712398529 0.597644865512848 0.595114409923553 0.597276568412781 0.596398830413818 0.636377334594727 0.623486399650574 0.616414964199066 0.65960693359375 0.652405023574829 0.653097033500671 0.656382620334625 0.654763102531433 0.610108196735382 0.613640606403351 0.616890430450439 0.611924052238464 0.602225422859192 0.600967645645142 0.589765250682831 0.585870087146759 0.577395558357239
0.809758961200714 0.81130450963974 0.809842348098755 0.815861403942108 0.819366097450256 0.817594885826111 0.81300151348114 0.817748546600342 0.827511131763458 0.788758933544159 0.787209093570709 0.786458015441895 0.595589816570282 0.598321855068207 0.602655231952667 0.605304896831512 0.596766710281372 0.627887010574341 0.589229702949524 0.636625707149506 0.632718205451965 0.621126115322113 0.659212350845337 0.664839029312134 0.652407705783844 0.657142877578735 0.614193856716156 0.647631406784058 0.60726922750473 0.609540283679962 0.604591608047485 0.600696206092834 0.592304050922394 0.585728943347931 0.583738744258881 0.580950200557709
0.805993914604187 0.810241520404816 0.813615202903748 0.821491897106171 0.847889602184296 0.849952042102814 0.817589521408081 0.816532135009766 0.823445677757263 0.790402054786682 0.790844142436981 0.790097653865814 0.600314319133759 0.602380633354187 0.597852051258087 0.593548536300659 0.601984977722168 0.601276218891144 0.632938086986542 0.633990466594696 0.634531080722809 0.629428923130035 0.661143660545349 0.659404873847961 0.658553838729858 0.649729669094086 0.65141624212265 0.644220352172852 0.637610971927643 0.6013303399086 0.597806096076965 0.581876397132874 0.576065838336945 0.571401834487915 0.575458526611328 0.573915243148804
0.837558031082153 0.846409380435944 0.816130042076111 0.852192342281342 0.852345168590546 0.821248710155487 0.852608025074005 0.824082016944885 0.827469110488892 0.829803705215454 0.785593211650848 0.786079347133636 0.600534856319427 0.597674489021301 0.599515974521637 0.598196089267731 0.607219338417053 0.641304671764374 0.63794869184494 0.631554543972015 0.626764059066772 0.626424312591553 0.657920360565186 0.654843270778656 0.647123992443085 0.64241099357605 0.639356195926666 0.635134816169739 0.631881594657898 0.618299901485443 0.62482476234436 0.617364883422852 0.570150554180145 0.574949622154236 0.570627391338348 0.573095679283142
0.8421311378479 0.842694044113159 0.848077237606049 0.850754916667938 0.822122037410736 0.852842330932617 0.848234117031097 0.852232038974762 0.825361251831055 0.828037202358246 0.792551517486572 0.784786343574524 0.602386593818665 0.595632672309875 0.599905133247375 0.602127969264984 0.605032861232758 0.643827676773071 0.637843728065491 0.641325354576111 0.630482494831085 0.662645936012268 0.65067720413208 0.641985654830933 0.636618137359619 0.640043199062347 0.643256604671478 0.634435772895813 0.631182551383972 0.624392211437225 0.618297040462494 0.615529656410217 0.611197650432587 0.561219036579132 0.56429249048233 0.562683045864105
0.846733331680298 0.848462641239166 0.850617289543152 0.843933641910553 0.848182916641235 0.846466302871704 0.841279208660126 0.843831777572632 0.819953501224518 0.826670944690704 0.649460673332214 0.643470644950867 0.602775931358337 0.643203914165497 0.637346982955933 0.647958397865295 0.647532105445862 0.637785315513611 0.636220991611481 0.633234262466431 0.630105197429657 0.665953457355499 0.660513579845428 0.65341454744339 0.635859251022339 0.645694196224213 0.63633406162262 0.628121018409729 0.625863611698151 0.617994785308838 0.615296244621277 0.607533633708954 0.568950116634369 0.561214625835419 0.553644597530365 0.553881883621216
0.840509533882141 0.847860276699066 0.849790930747986 0.845793604850769 0.849798858165741 0.84962260723114 0.848142921924591 0.851301312446594 0.844642400741577 0.824503004550934 0.654622495174408 0.644190430641174 0.644829034805298 0.644290208816528 0.641434729099274 0.641918063163757 0.639728486537933 0.644017577171326 0.636457622051239 0.638517498970032 0.672861635684967 0.667363345623016 0.665001034736633 0.656273186206818 0.65054452419281 0.638401448726654 0.635575175285339 0.629155695438385 0.61347496509552 0.613135576248169 0.6158766746521 0.606410503387451 0.567281186580658 0.56316614151001 0.557709455490112 0.554616451263428
0.836763620376587 0.839735269546509 0.848653078079224 0.848970353603363 0.847301065921783 0.842711210250854 0.841055393218994 0.845373868942261 0.677233040332794 0.646823942661285 0.643448293209076 0.638519525527954 0.646061956882477 0.645665287971497 0.635204672813416 0.630533516407013 0.636683702468872 0.641485571861267 0.67781275510788 0.67563933134079 0.677542567253113 0.674030900001526 0.663327932357788 0.664943277835846 0.657607316970825 0.682838797569275 0.640307247638702 0.630178332328796 0.620688319206238 0.613555788993835 0.613717317581177 0.614140272140503 0.599180817604065 0.555674135684967 0.556605637073517 0.556385457515717
0.866696894168854 0.866281151771545 0.841338813304901 0.6816565990448 0.685916125774384 0.674519896507263 0.672247111797333 0.680902540683746 0.683452427387238 0.682921767234802 0.644479215145111 0.677291870117188 0.638673424720764 0.677376270294189 0.663936138153076 0.670685887336731 0.639009892940521 0.641154885292053 0.678022146224976 0.673972845077515 0.675752460956573 0.667104482650757 0.659373700618744 0.664205372333527 0.657092273235321 0.693602502346039 0.680997431278229 0.631337285041809 0.624645471572876 0.610971093177795 0.608901262283325 0.603682577610016 0.59772127866745 0.592758536338806 0.545992314815521 0.550569117069244
0.703475713729858 0.707228302955627 0.713080048561096 0.717763662338257 0.714956343173981 0.716171383857727 0.717276513576508 0.681030094623566 0.684772431850433 0.683130741119385 0.674325823783875 0.659145057201385 0.668746173381805 0.665053308010101 0.664713084697723 0.672489762306213 0.672968745231628 0.671823143959045 0.668190360069275 0.662162899971008 0.660688638687134 0.657755076885223 0.657272815704346 0.692197740077972 0.696691632270813 0.683482229709625 0.637301683425903 0.668787360191345 0.621608912944794 0.607128143310547 0.598374903202057 0.588333785533905 0.586998879909515 0.585760891437531 0.584040760993958 0.58258581161499
0.695375382900238 0.700794816017151 0.713700950145721 0.713103175163269 0.718350470066071 0.710108458995819 0.710356593132019 0.709636270999908 0.710622131824493 0.710318267345428 0.689772665500641 0.690041482448578 0.692197203636169 0.649499177932739 0.659440398216248 0.662440061569214 0.664327025413513 0.66248494386673 0.662656724452972 0.653060555458069 0.689363181591034 0.686316549777985 0.686260402202606 0.684308886528015 0.676111459732056 0.676762342453003 0.676737308502197 0.671163856983185 0.614492475986481 0.635248363018036 0.580744087696075 0.57940661907196 0.572131812572479 0.57307356595993 0.571331858634949 0.579674184322357
0.73636257648468 0.742293000221252 0.738053143024445 0.706108033657074 0.710898756980896 0.707693338394165 0.708621978759766 0.709218382835388 0.703381180763245 0.696058392524719 0.685462474822998 0.673174798488617 0.67743319272995 0.681600391864777 0.641967833042145 0.643599092960358 0.65034556388855 0.650629699230194 0.683375000953674 0.687409937381744 0.676800787448883 0.67603862285614 0.674671351909637 0.664979934692383 0.667682290077209 0.659767329692841 0.66499650478363 0.65043967962265 0.634055376052856 0.615617632865906 0.56560492515564 0.558260798454285 0.56540846824646 0.577300667762756 0.585790753364563 0.588128507137299
0.726534843444824 0.731837272644043 0.741570115089417 0.742420732975006 0.745990216732025 0.741296589374542 0.744602143764496 0.73852401971817 0.72843599319458 0.718525886535645 0.716140568256378 0.670547068119049 0.664063692092896 0.665248811244965 0.661780953407288 0.663832247257233 0.662107944488525 0.662958323955536 0.664375603199005 0.667632520198822 0.659861087799072 0.665683627128601 0.658572912216187 0.655697882175446 0.657838463783264 0.646872878074646 0.654029071331024 0.637916445732117 0.619520962238312 0.569158852100372 0.565321326255798 0.572438836097717 0.568809688091278 0.58036732673645 0.592846810817719 0.601008534431458
0.729559898376465 0.730420112609863 0.732942759990692 0.738875448703766 0.740405321121216 0.737558901309967 0.739485740661621 0.722593069076538 0.715566098690033 0.7065749168396 0.703712701797485 0.698468387126923 0.653330028057098 0.657850623130798 0.652814030647278 0.646540999412537 0.641684055328369 0.643378436565399 0.648166179656982 0.649407625198364 0.648172497749329 0.646017074584961 0.645677506923676 0.642130017280579 0.642984509468079 0.645839512348175 0.648297190666199 0.638438940048218 0.635415136814117 0.580278933048248 0.586293160915375 0.551847279071808 0.583771049976349 0.588185667991638 0.600455284118652 0.59991067647934
0.728082299232483 0.730299293994904 0.738755524158478 0.733156263828278 0.738221526145935 0.741589844226837 0.73669958114624 0.724252343177795 0.712702035903931 0.715055227279663 0.702395081520081 0.705483496189117 0.691502451896667 0.653107285499573 0.644144177436829 0.640465676784515 0.643137335777283 0.646225810050964 0.645578265190125 0.684944927692413 0.68251371383667 0.689416170120239 0.652830600738525 0.65325653553009 0.656077682971954 0.656022489070892 0.662088513374329 0.615930318832397 0.610426664352417 0.605451703071594 0.603295207023621 0.560240924358368 0.593490481376648 0.597379267215729 0.606923520565033 0.610307455062866
