data/climate_estimation/maxent_output/Uvularia_puberula.asc
NCOLS 133 
NROWS 90 
XLLCORNER -85 
YLLCORNER 32.75 
CELLSIZE 0.0833333333333333 
NODATA_value -3.4e+38 
[rows 0 to 20 of 90, columns 0 to 45 of 133]
0.005400800146163 0.00590745126828551 0.00774043053388596 0.00958434492349625 0.0108364745974541 0.0130700850859284 0.0131443059071898 0.0128620471805334 0.0126931946724653 0.0129717718809843 0.0149102527648211 0.015202259644866 0.0128468740731478 0.0129984337836504 0.0118941515684128 0.0119795333594084 0.0112549010664225 0.00991143938153982 0.00899152364581823 0.0110805099830031 0.0117601566016674 0.0119553776457906 0.013910167850554 0.0140155609697104 0.0160905476659536 0.0176967084407806 0.0205618478357792 0.0204091649502516 0.0233325213193893 0.0265412554144859 0.0327112637460232 0.0380628034472466 0.039507694542408 0.0414879508316517 0.0371338203549385 0.0382804609835148 0.0387946106493473 0.0399171523749828 0.0487724728882313 0.040359191596508 0.0399542897939682 0.040452815592289 0.0449721030890942 0.0453099496662617 0.0458584204316139 0.0455205105245113
0.007754722610116 0.00791760254651308 0.0100118508562446 0.0113347098231316 0.0140682803466916 0.0153502142056823 0.0151407783851027 0.0146414116024971 0.0147661790251732 0.0148499431088567 0.0169225502759218 0.017557930201292 0.0182070806622505 0.0152289792895317 0.0139684863388538 0.0142768416553736 0.0145096192136407 0.0104546006768942 0.0104927746579051 0.0115493526682258 0.0135986851528287 0.0137535501271486 0.014127436093986 0.0159160010516644 0.0177513621747494 0.0178040713071823 0.0204671807587147 0.0231120623648167 0.0284447353333235 0.0334522277116776 0.0376226976513863 0.0384010002017021 0.0401758886873722 0.0414048619568348 0.0377441644668579 0.0392852388322353 0.0406226962804794 0.0457340925931931 0.0466760881245136 0.0460744686424732 0.0467558205127716 0.0415004082024097 0.0402142480015755 0.0412331745028496 0.0470639951527119 0.0534495674073696
0.0108682084828615 0.0132824992761016 0.0131660252809525 0.0150779318064451 0.0162277985364199 0.0179130248725414 0.0176357366144657 0.0152245052158833 0.0172811690717936 0.0168291442096233 0.0176096018403769 0.0207258705049753 0.0213499013334513 0.0178482178598642 0.0167628508061171 0.0147698782384396 0.014917878434062 0.0150713007897139 0.01312489900738 0.0132869398221374 0.0162949822843075 0.0154431257396936 0.0171360820531845 0.0158539041876793 0.0180109888315201 0.0179361253976822 0.0231540855020285 0.0237867161631584 0.0294648110866547 0.0331262871623039 0.0383239686489105 0.0391893200576305 0.0404698438942432 0.0421194508671761 0.0387920737266541 0.0407361425459385 0.0410401821136475 0.0479023903608322 0.0484375134110451 0.048035629093647 0.0518839843571186 0.0461947396397591 0.0414834171533585 0.0420491583645344 0.0482110977172852 0.0695943161845207
0.0178675670176744 0.0174261666834354 0.0186553113162518 0.0188214406371117 0.020969208329916 0.0203944854438305 0.0216180253773928 0.0210850518196821 0.021022692322731 0.0207090321928263 0.0215105693787336 0.0250583719462156 0.0220187641680241 0.0205413959920406 0.0174251571297646 0.0175238717347383 0.0194462891668081 0.0196563210338354 0.0176634211093187 0.0175214037299156 0.019385052844882 0.0192940998822451 0.0196868404746056 0.0194631665945053 0.0182743780314922 0.018171476200223 0.0208104439079762 0.0259263683110476 0.0277324002236128 0.0338399708271027 0.0337271951138973 0.0403196476399899 0.047327496111393 0.0437192916870117 0.0449530519545078 0.033746462315321 0.0392104983329773 0.0435537323355675 0.0491337515413761 0.0496097579598427 0.0542642623186111 0.0476917736232281 0.0487443841993809 0.0496621429920197 0.0570105537772179 0.0880710855126381
0.0255391355603933 0.024493969976902 0.0246454831212759 0.024164941161871 0.0240840092301369 0.0233684703707695 0.0249547008424997 0.0241133980453014 0.024019630625844 0.0268676895648241 0.0294216368347406 0.0309325736016035 0.0272009782493114 0.0240850672125816 0.0220441352576017 0.022398866713047 0.0251639150083065 0.0252211503684521 0.0221775323152542 0.0221863724291325 0.0227346569299698 0.0231839679181576 0.023075420409441 0.02051548846066 0.0204577129334211 0.0202092099934816 0.0233553815633059 0.0270495675504208 0.0302659478038549 0.0350745506584644 0.0407718867063522 0.0475216060876846 0.0482941716909409 0.0415566228330135 0.0380600690841675 0.0360087752342224 0.0414985977113247 0.0460037738084793 0.0518406592309475 0.0519365407526493 0.0524593442678452 0.056555338203907 0.0568771921098232 0.0575932115316391 0.0713566988706589 0.102342419326305
0.0341563560068607 0.0327215231955051 0.0326172076165676 0.031568631529808 0.0308066792786121 0.0289719775319099 0.0327185951173306 0.03166214376688 0.0331410132348537 0.0315660908818245 0.0367893874645233 0.044279620051384 0.0324321463704109 0.030271228402853 0.0255782697349787 0.0293822567909956 0.029437268152833 0.0296583250164986 0.0295316465198994 0.0295826569199562 0.0301410686224699 0.0266117062419653 0.0271510872989893 0.0240447279065847 0.0240221805870533 0.0237755309790373 0.027653381228447 0.0280818361788988 0.031565859913826 0.0364603735506535 0.0417688302695751 0.0490862056612968 0.0564071424305439 0.0586088001728058 0.0441825017333031 0.0413668528199196 0.0484050065279007 0.0605842992663383 0.0663182064890862 0.0662574395537376 0.0586012527346611 0.0577134005725384 0.0655925795435905 0.0807171016931534 0.102977454662323 0.140095353126526
0.0387844853103161 0.0431085266172886 0.0447591207921505 0.044140886515379 0.0383566692471504 0.0380311571061611 0.0406675711274147 0.0398970805108547 0.0389955453574657 0.0380785278975964 0.0443604327738285 0.0418005809187889 0.0415739640593529 0.0405693091452122 0.0387296117842197 0.0389101877808571 0.0386697202920914 0.042033426463604 0.0351364202797413 0.0351640731096268 0.0378310233354568 0.0381287857890129 0.0342966206371784 0.0348910428583622 0.0289970599114895 0.0288928728550673 0.0325235016644001 0.0376388877630234 0.0331983864307404 0.0378090143203735 0.0440966747701168 0.0496727079153061 0.058762114495039 0.0680054128170013 0.0520742125809193 0.0530243217945099 0.0689834952354431 0.0848410129547119 0.0848732367157936 0.0758825689554214 0.0809565931558609 0.0811776891350746 0.0906005054712296 0.0914231985807419 0.127696990966797 0.144063696265221
0.0551547557115555 0.0527943037450314 0.0521163679659367 0.0515420213341713 0.0446869060397148 0.0479761995375156 0.0475086271762848 0.0414079986512661 0.0470890775322914 0.053043719381094 0.0541104674339294 0.0515442490577698 0.0548698343336582 0.0542984530329704 0.0556970462203026 0.0550842881202698 0.0559543073177338 0.0559543073177338 0.0495990626513958 0.0497102104127407 0.0435938723385334 0.0445928461849689 0.0408778041601181 0.0377980209887028 0.0415390059351921 0.03914899751544 0.0434298478066921 0.0386991202831268 0.0438582971692085 0.0444013029336929 0.0512862838804722 0.0582773983478546 0.0673497095704079 0.0690085887908936 0.0716720372438431 0.0753730461001396 0.0941915139555931 0.118134267628193 0.117444179952145 0.104025602340698 0.0924062058329582 0.103986613452435 0.110668115317822 0.111420482397079 0.144959360361099 0.157232686877251
0.0620757788419724 0.0701363459229469 0.0604762025177479 0.0650915503501892 0.0561261400580406 0.0560312084853649 0.0560012049973011 0.0502127036452293 0.0565497949719429 0.0643889680504799 0.0658312663435936 0.0691942498087883 0.066318191587925 0.0686136335134506 0.078838162124157 0.0712453946471214 0.0725588276982307 0.0729573741555214 0.0575401559472084 0.0588613413274288 0.051432304084301 0.0526056587696075 0.0470925457775593 0.0473480634391308 0.0478771515190601 0.0460542589426041 0.0457207150757313 0.0513336956501007 0.0526582710444927 0.0597202517092228 0.0602308884263039 0.0614048354327679 0.0668804869055748 0.0771764144301414 0.0900529101490974 0.0915300697088242 0.114448674023151 0.129827857017517 0.143348947167397 0.127480760216713 0.111944571137428 0.111445710062981 0.124137595295906 0.136052653193474 0.173083767294884 0.174791589379311
0.0793186277151108 0.0843953564763069 0.0850868001580238 0.0745585709810257 0.0652609691023827 0.0706408396363258 0.0580093301832676 0.0712349340319633 0.0671870335936546 0.0753328502178192 0.0873782187700272 0.0890679955482483 0.103739827871323 0.0788262486457825 0.0697260648012161 0.0728242918848991 0.0826219990849495 0.0841352269053459 0.0755307003855705 0.0697503983974457 0.068511925637722 0.0614664740860462 0.0620577000081539 0.0564095713198185 0.0565136335790157 0.0569097027182579 0.0528375580906868 0.0536524467170238 0.0601844452321529 0.0699619874358177 0.0701810419559479 0.0760191380977631 0.0784102976322174 0.085441842675209 0.0988691821694374 0.113618135452271 0.13119176030159 0.159336298704147 0.160503923892975 0.14289927482605 0.139726623892784 0.150751113891602 0.133636936545372 0.151861950755119 0.212557226419449 0.242617502808571
0.0985242128372192 0.0981485992670059 0.0980087593197823 0.0913906022906303 0.0809220597147942 0.0804088860750198 0.0797656998038292 0.0922822505235672 0.0936244428157806 0.0928323268890381 0.101225428283215 0.11574849486351 0.119852505624294 0.0897159725427628 0.0822042375802994 0.0836026147007942 0.0913712084293365 0.0932045057415962 0.0887078195810318 0.0891436114907265 0.0810757949948311 0.08773023635149 0.0737261027097702 0.0649375319480896 0.0658018290996552 0.0746342986822128 0.0705670937895775 0.0710200741887093 0.0784517973661423 0.0781368613243103 0.0784817039966583 0.0807264149188995 0.0824000239372253 0.0877169668674469 0.0992629453539848 0.139675557613373 0.157581314444542 0.176043838262558 0.178630873560905 0.191196784377098 0.171402171254158 0.170726388692856 0.181864261627197 0.182396546006203 0.237330242991447 0.270560473203659
0.128710463643074 0.121908418834209 0.107828363776207 0.106771968305111 0.104142479598522 0.102252461016178 0.0912599489092827 0.10590760409832 0.108167313039303 0.1246517598629 0.126673504710197 0.133464872837067 0.137419253587723 0.112496994435787 0.104250647127628 0.119706735014915 0.122539550065994 0.111446559429169 0.10975007712841 0.11192848533392 0.114104948937893 0.103059194982052 0.0915265381336212 0.0916092693805695 0.0757488906383514 0.0764424502849579 0.0873443335294724 0.0776174068450928 0.0796630382537842 0.0805065333843231 0.0805371850728989 0.0814204886555672 0.0820890367031097 0.0998000949621201 0.122478611767292 0.158542349934578 0.157912313938141 0.191915944218636 0.214476719498634 0.211514443159103 0.1916573792696 0.205366268754005 0.235265284776688 0.264600366353989 0.342937350273132 0.357813537120819
0.158602148294449 0.156277760863304 0.138895645737648 0.123167708516121 0.120760515332222 0.118677258491516 0.105213567614555 0.120394892990589 0.124191924929619 0.141441106796265 0.164494708180428 0.164720594882965 0.170005768537521 0.143960893154144 0.132598280906677 0.140228062868118 0.154944822192192 0.130198925733566 0.128645375370979 0.128578901290894 0.131333962082863 0.132031187415123 0.132848933339119 0.120115049183369 0.1048544049263 0.0950348079204559 0.100819170475006 0.101927131414413 0.0927298069000244 0.0927298069000244 0.0912687256932259 0.101519227027893 0.101102091372013 0.115319386124611 0.140516176819801 0.158049553632736 0.218643307685852 0.214910745620728 0.256737947463989 0.255903422832489 0.258326947689056 0.259465515613556 0.287753522396088 0.340698301792145 0.359271973371506 0.366320580244064
0.182076632976532 0.160933405160904 0.17351770401001 0.172650411725044 0.138257578015327 0.129494652152061 0.127902165055275 0.131821304559708 0.153475552797318 0.175005838274956 0.187138125300407 0.188125550746918 0.195225700736046 0.180323168635368 0.163869366049767 0.168985113501549 0.177566602826118 0.158462643623352 0.147696807980537 0.161853954195976 0.135976985096931 0.135548561811447 0.123466551303864 0.108565606176853 0.0949849262833595 0.111516572535038 0.126232370734215 0.127806201577187 0.113905727863312 0.115071229636669 0.116265051066875 0.115216657519341 0.116558887064457 0.116023764014244 0.161153987050056 0.194514155387878 0.217230051755905 0.286248594522476 0.305219173431396 0.30531769990921 0.31864932179451 0.325636118650436 0.349299818277359 0.357985377311707 0.39285483956337 0.399924486875534
0.213615149259567 0.199431717395782 0.199054896831512 0.181326910853386 0.169641956686974 0.168100148439407 0.149729803204536 0.153374150395393 0.195838838815689 0.199213206768036 0.203464537858963 0.205111771821976 0.200078442692757 0.202458515763283 0.188030511140823 0.195128664374352 0.198364824056625 0.179567217826843 0.164572924375534 0.16643288731575 0.17002709209919 0.169502273201942 0.134568840265274 0.119054555892944 0.120500802993774 0.136478334665298 0.156273946166039 0.15559583902359 0.130642473697662 0.132335156202316 0.131684690713882 0.132130801677704 0.144673421978951 0.160711735486984 0.192254394292831 0.217926204204559 0.269592493772507 0.309270024299622 0.315733373165131 0.34652104973793 0.349986106157303 0.357889086008072 0.365754425525665 0.394098669290543 0.408276796340942 0.418040215969086
0.223428890109062 0.221542149782181 0.218161627650261 0.213499799370766 0.199252992868423 0.194815948605537 0.17594601213932 0.197642877697945 0.199729412794113 0.219171732664108 0.222780168056488 0.213194355368614 0.216537475585938 0.223620846867561 0.226537749171257 0.221210464835167 0.200528472661972 0.182016968727112 0.185919299721718 0.169598489999771 0.168808296322823 0.174988314509392 0.154169112443924 0.122814387083054 0.168156430125237 0.155843809247017 0.158989802002907 0.181134268641472 0.180360391736031 0.180115610361099 0.181198552250862 0.160688132047653 0.180771425366402 0.182950064539909 0.217349007725716 0.247161462903023 0.314340680837631 0.322376191616058 0.338338494300842 0.346752375364304 0.354602485895157 0.366697698831558 0.402665883302689 0.406755030155182 0.416793435811996 0.423397541046143
0.230431452393532 0.233081072568893 0.224588885903358 0.227549940347672 0.228529676795006 0.220682322978973 0.205024570226669 0.221050590276718 0.221419379115105 0.222158536314964 0.230005979537964 0.236286774277687 0.224708378314972 0.222212463617325 0.229643300175667 0.238147214055061 0.228090509772301 0.210539773106575 0.193016558885574 0.193866327404976 0.19651560485363 0.177053064107895 0.158851832151413 0.151607990264893 0.175166398286819 0.174927964806557 0.174927964806557 0.203691825270653 0.225361853837967 0.203834041953087 0.207298249006271 0.186009705066681 0.203875496983528 0.223494008183479 0.246602892875671 0.319868236780167 0.328811496496201 0.322610646486282 0.353453129529953 0.350698620080948 0.363353192806244 0.403224647045135 0.40790331363678 0.42171972990036 0.440253108739853 0.446913957595825
0.235093787312508 0.239987194538116 0.236341938376427 0.235987201333046 0.234468594193459 0.232346534729004 0.227546885609627 0.229442074894905 0.233999758958817 0.229285702109337 0.231193110346794 0.237502083182335 0.222517073154449 0.228815674781799 0.231902718544006 0.238585859537125 0.244543001055717 0.233874246478081 0.216774731874466 0.221162989735603 0.223231852054596 0.24536694586277 0.218095943331718 0.177196457982063 0.174327418208122 0.178480550646782 0.198217213153839 0.220965147018433 0.273876577615738 0.258137732744217 0.260628193616867 0.252060353755951 0.252145320177078 0.255542278289795 0.287486642599106 0.335266351699829 0.337355136871338 0.33908811211586 0.363311469554901 0.364380300045013 0.37181881070137 0.38727679848671 0.399085760116577 0.434412330389023 0.451387882232666 0.461413681507111
0.244278430938721 0.246695637702942 0.246377870440483 0.242486089468002 0.243120014667511 0.242123663425446 0.242521792650223 0.24073451757431 0.242204636335373 0.245561212301254 0.245561212301254 0.247092738747597 0.235069960355759 0.236316785216331 0.234533667564392 0.246437087655067 0.252023160457611 0.23753696680069 0.218379735946655 0.268456488847733 0.277272194623947 0.279949724674225 0.222181886434555 0.202039942145348 0.178148746490479 0.21527262032032 0.224458396434784 0.24728037416935 0.296823590993881 0.301639705896378 0.28246682882309 0.309938192367554 0.311252057552338 0.296654403209686 0.324328869581223 0.346525222063065 0.346977293491364 0.348851770162582 0.352752268314362 0.382298678159714 0.386681169271469 0.404000371694565 0.412543654441833 0.423569738864899 0.458896160125732 0.469668298959732
0.238751709461212 0.254179239273071 0.255131125450134 0.251877278089523 0.247830376029015 0.25080394744873 0.250274002552032 0.249865368008614 0.245004266500473 0.250515222549438 0.25339350104332 0.256507486104965 0.23992845416069 0.24866347014904 0.249970018863678 0.24924099445343 0.239780783653259 0.281435161828995 0.25014540553093 0.226533427834511 0.245664373040199 0.250454246997833 0.228710830211639 0.291517972946167 0.257912993431091 0.251939564943314 0.252145320177078 0.277874678373337 0.299939274787903 0.311825901269913 0.315248936414719 0.32110732793808 0.327478140592575 0.351899802684784 0.330239683389664 0.359185576438904 0.357250869274139 0.360107183456421 0.365023761987686 0.37191715836525 0.401790946722031 0.387472122907639 0.421446472406387 0.436297208070755 0.444762021303177 0.479748606681824
0.248021245002747 0.247366860508919 0.261941164731979 0.251673191785812 0.25109389424324 0.255222588777542 0.252617359161377 0.255724102258682 0.258897215127945 0.257098615169525 0.2650525867939 0.264964669942856 0.267761528491974 0.271454840898514 0.275409936904907 0.281428784132004 0.264060288667679 0.292257905006409 0.296961694955826 0.301584243774414 0.306021958589554 0.289496809244156 0.312068849802017 0.315104335546494 0.312639027833939 0.289091348648071 0.287675201892853 0.281640887260437 0.284485220909119 0.314382284879684 0.322532057762146 0.325939536094666 0.333581060171127 0.336558073759079 0.365296810865402 0.367897838354111 0.36295074224472 0.360126465559006 0.373971164226532 0.382080167531967 0.378825426101685 0.396782279014587 0.405520737171173 0.439359933137894 0.452189892530441 0.453623741865158
