data/climate_estimation/maxent_output/Uvularia_sessilifolia.asc
NCOLS 436 
NROWS 237 
XLLCORNER -96.5 
YLLCORNER 30 
CELLSIZE 0.0833333333333333 
NODATA_value -3.4e+38 
[rows 44 to 65 of 237, columns 200 to 249 of 436]
0.598300457000732 0.598277926445007 0.578109920024872 0.552755117416382 0.5575852394104 0.55780017375946 0.536419212818146 0.519113302230835 0.521746814250946 0.515066206455231 0.501365900039673 0.504768490791321 0.512323379516602 0.700095295906067 0.653552114963531 0.638117551803589 0.631548464298248 0.621195614337921 0.606157600879669 0.57451981306076 0.558988392353058 0.534771025180817 0.504785299301147 0.511407315731049 0.453677386045456 0.477686911821365 0.433700978755951 0.350717633962631 0.346655964851379 0.361163973808289 0.450714319944382 0.518541038036346 0.518633663654327 0.518596589565277 0.480746746063232 0.481773555278778 0.497725248336792 0.497543424367905 0.517788350582123 0.561436593532562 0.56884640455246 0.575420200824738 0.587365090847015 0.587452113628387 0.620715081691742 0.632416248321533 0.61128431558609 0.589864253997803 0.58073502779007 0.575436055660248
0.606351435184479 0.600503742694855 0.577852964401245 0.556005775928497 0.562655925750732 0.553486406803131 0.504493176937103 0.520941078662872 0.528213262557983 0.524840176105499 0.522757768630981 0.509196698665619 0.521499872207642 0.500407934188843 0.677019357681274 0.650679767131805 0.629561305046082 0.603485107421875 0.597014725208282 0.517177999019623 0.52056622505188 0.485055536031723 0.496464669704437 0.487417757511139 0.464235812425613 0.392538994550705 0.387332916259766 0.351584136486053 0.362055599689484 0.318987339735031 0.31386387348175 0.333022862672806 0.337255865335464 0.430701822042465 0.446827828884125 0.446219176054001 0.452562004327774 0.454034626483917 0.504603564739227 0.530810236930847 0.530687630176544 0.54286926984787 0.542533993721008 0.572129786014557 0.604123055934906 0.606047749519348 0.588299214839935 0.586382687091827 0.576914668083191 0.592711865901947
0.608385622501373 0.596002280712128 0.575604915618896 0.55833888053894 0.560567378997803 0.56059205532074 0.540361225605011 0.547010064125061 0.535950362682343 0.515594899654388 0.519143879413605 0.527509987354279 0.499378174543381 0.486125588417053 0.476532936096191 0.640190541744232 0.605544686317444 0.608928680419922 0.55458652973175 0.529213607311249 0.518467664718628 0.494424760341644 0.494447082281113 0.469312816858292 0.45293003320694 0.438118577003479 0.401133984327316 0.365802943706512 0.324091970920563 0.329770654439926 0.295156985521317 0.263638377189636 0.263403594493866 0.274918168783188 0.278677493333817 0.252987623214722 0.295289576053619 0.334114998579025 0.423499047756195 0.463738173246384 0.46902123093605 0.465132862329483 0.472559988498688 0.515013039112091 0.527075886726379 0.513313412666321 0.544427156448364 0.56876277923584 0.587663531303406 0.572991669178009
0.615780591964722 0.598333418369293 0.592564105987549 0.569093465805054 0.580291748046875 0.585013091564178 0.555948257446289 0.529335260391235 0.519334137439728 0.524527192115784 0.525433599948883 0.514758944511414 0.507308661937714 0.486444801092148 0.466882616281509 0.418265163898468 0.580650389194489 0.584805250167847 0.549487888813019 0.50676554441452 0.509510934352875 0.468163192272186 0.48562416434288 0.443729907274246 0.409539610147476 0.409507513046265 0.458066433668137 0.396394789218903 0.335328757762909 0.300350964069366 0.29176864027977 0.271326303482056 0.242008328437805 0.242396742105484 0.227122902870178 0.25877633690834 0.232594653964043 0.242382526397705 0.280862778425217 0.356969714164734 0.39810186624527 0.395058900117874 0.428055733442307 0.446805238723755 0.480599910020828 0.461758434772491 0.458073318004608 0.535547912120819 0.544385552406311 0.533490598201752
0.626227200031281 0.618451118469238 0.605672955513 0.594203591346741 0.585421204566956 0.590030074119568 0.586801588535309 0.543637752532959 0.534204244613647 0.522609174251556 0.516579926013947 0.515271127223969 0.499221414327621 0.47135066986084 0.450209885835648 0.421975165605545 0.378753662109375 0.53112804889679 0.511211395263672 0.525918662548065 0.469773590564728 0.459554195404053 0.45814710855484 0.438879787921906 0.3762167096138 0.361183136701584 0.365740984678268 0.368866980075836 0.334763914346695 0.311196357011795 0.273143649101257 0.274272501468658 0.244663268327713 0.224138930439949 0.226533204317093 0.231960356235504 0.232178121805191 0.217548906803131 0.247918009757996 0.283876359462738 0.284064084291458 0.3175008893013 0.373841792345047 0.37523227930069 0.367656618356705 0.409652143716812 0.414654046297073 0.477403879165649 0.526146948337555 0.529492676258087
0.615112245082855 0.62573516368866 0.609868466854095 0.607375025749207 0.604127526283264 0.577035129070282 0.571950733661652 0.5760737657547 0.562619149684906 0.52923446893692 0.532576024532318 0.50678277015686 0.484737634658813 0.47550642490387 0.437567830085754 0.406834840774536 0.37354588508606 0.512974083423615 0.492692977190018 0.477886497974396 0.467876881361008 0.429197579622269 0.420044004917145 0.382071733474731 0.435688108205795 0.365244299173355 0.32479664683342 0.268963932991028 0.2399632781744 0.276600748300552 0.252867370843887 0.225372388958931 0.223671838641167 0.226899072527885 0.199146658182144 0.209936618804932 0.215080365538597 0.189473420381546 0.191293865442276 0.222106710076332 0.232978835701942 0.251444905996323 0.288651049137115 0.300573140382767 0.332787662744522 0.327332586050034 0.364547163248062 0.369125604629517 0.47042977809906 0.474898636341095
0.603007674217224 0.613946497440338 0.612423598766327 0.599044680595398 0.605514585971832 0.602273046970367 0.583006381988525 0.587649524211884 0.56346207857132 0.53181266784668 0.5308877825737 0.519319891929626 0.500223755836487 0.453641206026077 0.444965869188309 0.378645449876785 0.354783743619919 0.327854692935944 0.490690499544144 0.434200167655945 0.412407726049423 0.393670439720154 0.385146349668503 0.370349794626236 0.390837669372559 0.343414843082428 0.345244407653809 0.301712840795517 0.269397437572479 0.247614428400993 0.220392927527428 0.232143521308899 0.230236232280731 0.205042362213135 0.205457806587219 0.185943722724915 0.210755422711372 0.223785534501076 0.173941791057587 0.172297716140747 0.173971712589264 0.190753236413002 0.190172523260117 0.189287438988686 0.209409669041634 0.267022281885147 0.385696560144424 0.394647538661957 0.354637205600739 0.390294760465622
0.596554398536682 0.607486128807068 0.625714898109436 0.603327989578247 0.604437112808228 0.607054948806763 0.600291192531586 0.60547137260437 0.579024970531464 0.558609783649445 0.50591778755188 0.477497160434723 0.455647230148315 0.447038561105728 0.409735798835754 0.397922605276108 0.354619681835175 0.312396615743637 0.45138493180275 0.441859304904938 0.407315790653229 0.392480343580246 0.382479459047318 0.34501513838768 0.360370546579361 0.323001086711884 0.335735768079758 0.36130878329277 0.374110400676727 0.387067168951035 0.333556860685349 0.266369104385376 0.261298090219498 0.233299046754837 0.213327571749687 0.213785231113434 0.191697761416435 0.193753436207771 0.193676829338074 0.173304334282875 0.171825259923935 0.145470827817917 0.145375996828079 0.16351093351841 0.185538917779922 0.182178065180779 0.230126395821571 0.292801260948181 0.313175588846207 0.300738990306854
0.57427442073822 0.609357953071594 0.616221249103546 0.616843402385712 0.609258472919464 0.619872033596039 0.629869341850281 0.628862857818604 0.625241100788116 0.5931636095047 0.55146998167038 0.497168570756912 0.482633978128433 0.421024322509766 0.404963374137878 0.382433533668518 0.347106099128723 0.307475715875626 0.453166007995605 0.418053418397903 0.407845228910446 0.391073167324066 0.377186685800552 0.369277060031891 0.346527844667435 0.315331310033798 0.307419270277023 0.347739368677139 0.364457100629807 0.367339462041855 0.412716090679169 0.362699747085571 0.343412429094315 0.307815045118332 0.244499027729034 0.245240077376366 0.21837329864502 0.218446910381317 0.220550939440727 0.196008056402206 0.171278834342957 0.149337083101273 0.14934279024601 0.163243994116783 0.181989699602127 0.202566415071487 0.201510772109032 0.221267566084862 0.266993880271912 0.30049729347229
0.574013590812683 0.60636043548584 0.623074531555176 0.614949941635132 0.621493518352509 0.612685918807983 0.631884396076202 0.629869341850281 0.62180632352829 0.612074911594391 0.549457550048828 0.529010534286499 0.47784835100174 0.439699947834015 0.397179573774338 0.358517080545425 0.329829275608063 0.307817041873932 0.440775215625763 0.388463407754898 0.375317096710205 0.383879750967026 0.356361895799637 0.311789393424988 0.29863902926445 0.308183550834656 0.316281080245972 0.292357861995697 0.309134364128113 0.326890677213669 0.33593937754631 0.336367160081863 0.373815506696701 0.374220669269562 0.344239175319672 0.278557598590851 0.213726922869682 0.19156539440155 0.215929761528969 0.193565934896469 0.190631285309792 0.17147833108902 0.148731097579002 0.148219048976898 0.180007115006447 0.20129631459713 0.226528525352478 0.244328290224075 0.269632160663605 0.30119252204895
0.585161805152893 0.617129623889923 0.639631032943726 0.627078950405121 0.615384817123413 0.61620420217514 0.628699123859406 0.615105867385864 0.620345950126648 0.626539528369904 0.578912138938904 0.551645636558533 0.51133668422699 0.441677004098892 0.405134856700897 0.362844347953796 0.320013582706451 0.292415052652359 0.285531401634216 0.379551351070404 0.358691781759262 0.332032561302185 0.339343965053558 0.313136875629425 0.300030380487442 0.261173963546753 0.273916333913803 0.300574064254761 0.321673005819321 0.320672571659088 0.324892908334732 0.29801020026207 0.298403888940811 0.305020391941071 0.271100431680679 0.273092329502106 0.272236824035645 0.242955282330513 0.241772472858429 0.218341454863548 0.192002072930336 0.188907966017723 0.165662750601768 0.141755014657974 0.159494072198868 0.201821550726891 0.22329469025135 0.220808401703835 0.274469196796417 0.297688752412796
0.612543165683746 0.634038805961609 0.6561558842659 0.646879851818085 0.613791346549988 0.615912675857544 0.62301242351532 0.616001009941101 0.622021853923798 0.611663222312927 0.588376402854919 0.54676741361618 0.488575041294098 0.471781045198441 0.434501945972443 0.382152825593948 0.335112720727921 0.303464859724045 0.25351881980896 0.344521790742874 0.318627119064331 0.284896284341812 0.278613924980164 0.288106650114059 0.275522977113724 0.268575012683868 0.274848639965057 0.281998157501221 0.311891943216324 0.322481960058212 0.333401471376419 0.341178804636002 0.332903563976288 0.298968702554703 0.298891544342041 0.299815446138382 0.299867421388626 0.266627997159958 0.266954779624939 0.23711197078228 0.209030732512474 0.207192078232765 0.186871290206909 0.162260323762894 0.17658719420433 0.197516024112701 0.219378679990768 0.243397563695908 0.271892219781876 0.302325218915939
0.635479271411896 0.644620954990387 0.646465539932251 0.638560116291046 0.646995604038239 0.652139365673065 0.64705753326416 0.624381482601166 0.634677946567535 0.610831141471863 0.569977700710297 0.526576459407806 0.510071754455566 0.46572145819664 0.441561013460159 0.389886319637299 0.351517826318741 0.318363308906555 0.270238965749741 0.321090459823608 0.309411078691483 0.285746455192566 0.285760790109634 0.266918897628784 0.257975578308105 0.239927545189857 0.26638188958168 0.266435146331787 0.266066998243332 0.302090495824814 0.302458167076111 0.334215760231018 0.350486904382706 0.32704821228981 0.342856913805008 0.320486277341843 0.327641785144806 0.292546600103378 0.286519348621368 0.259459763765335 0.22938559949398 0.202277317643166 0.18104350566864 0.179983392357826 0.200776502490044 0.227064847946167 0.250650346279144 0.242620408535004 0.267823606729507 0.296205282211304
0.680918216705322 0.665781557559967 0.66505366563797 0.659704506397247 0.646873414516449 0.660306513309479 0.637623965740204 0.641397833824158 0.623058617115021 0.578887939453125 0.547161459922791 0.510189712047577 0.492997318506241 0.445368528366089 0.411615908145905 0.395250618457794 0.334844172000885 0.294044643640518 0.257298678159714 0.332141786813736 0.290198028087616 0.243633523583412 0.249618053436279 0.243670627474785 0.224129855632782 0.235209494829178 0.240490272641182 0.264347732067108 0.283268481492996 0.290283441543579 0.307652056217194 0.280059367418289 0.314482390880585 0.279292792081833 0.31821009516716 0.287286877632141 0.318638533353806 0.284307211637497 0.250466793775558 0.256475567817688 0.225190028548241 0.221605032682419 0.221902683377266 0.22204127907753 0.222083941102028 0.247534617781639 0.276514410972595 0.275084346532822 0.298599123954773 0.328004598617554
0.677453815937042 0.678815841674805 0.666248619556427 0.657505035400391 0.648028314113617 0.634595036506653 0.624557435512543 0.589421451091766 0.572090208530426 0.508631229400635 0.472143232822418 0.456230491399765 0.428932011127472 0.403935432434082 0.392048388719559 0.35127392411232 0.290095508098602 0.280852973461151 0.24140290915966 0.301362365484238 0.274553000926971 0.274484813213348 0.253108292818069 0.253095507621765 0.262041598558426 0.262159824371338 0.271297246217728 0.274900645017624 0.307755291461945 0.315541803836823 0.284362941980362 0.302988260984421 0.311390042304993 0.311543077230453 0.31584694981575 0.318786263465881 0.309674650430679 0.312639713287354 0.310413807630539 0.277782738208771 0.277066290378571 0.245516136288643 0.245003506541252 0.245231732726097 0.242982655763626 0.271653890609741 0.269301265478134 0.30299237370491 0.335491448640823 0.371809810400009
0.669697403907776 0.662554502487183 0.639812588691711 0.604237675666809 0.54710179567337 0.557602167129517 0.549141645431519 0.531963586807251 0.498438626527786 0.47065082192421 0.442192792892456 0.421212911605835 0.390178322792053 0.351989686489105 0.31474643945694 0.305302679538727 0.275183379650116 0.239006012678146 0.204384937882423 0.287847697734833 0.287791073322296 0.256983667612076 0.259942173957825 0.263179332017899 0.265575408935547 0.265947341918945 0.272682785987854 0.281930059194565 0.289438873529434 0.327463328838348 0.337505400180817 0.337797909975052 0.333302289247513 0.342563182115555 0.342891722917557 0.339904010295868 0.339789718389511 0.336274355649948 0.336417764425278 0.334141552448273 0.334344267845154 0.298585832118988 0.270994782447815 0.26892015337944 0.299021512269974 0.300770431756973 0.330985307693481 0.335502684116364 0.404628425836563 0.430398613214493
0.632421553134918 0.574655771255493 0.523524343967438 0.463410526514053 0.431131303310394 0.432504504919052 0.448897629976273 0.417611539363861 0.391364812850952 0.38413342833519 0.362609088420868 0.329157322645187 0.297124475240707 0.267767012119293 0.267850309610367 0.233371019363403 0.2258540391922 0.276095241308212 0.272547721862793 0.265845268964767 0.236813127994537 0.242994204163551 0.236908137798309 0.242727398872375 0.267043024301529 0.27636930346489 0.30660954117775 0.314453631639481 0.328098356723785 0.328002899885178 0.37022939324379 0.374973267316818 0.37515115737915 0.337662696838379 0.338075786828995 0.372373044490814 0.4049411714077 0.401832610368729 0.360951244831085 0.365914702415466 0.361470997333527 0.366236239671707 0.325614213943481 0.323922365903854 0.328185230493546 0.361458033323288 0.361672461032867 0.403274267911911 0.485075414180756 0.512242496013641
0.517927587032318 0.480828315019608 0.430238753557205 0.406759440898895 0.383804142475128 0.356832355260849 0.353840202093124 0.320641398429871 0.297533214092255 0.297627985477448 0.268957078456879 0.269432097673416 0.242090314626694 0.212577953934669 0.212820664048195 0.190566956996918 0.190547257661819 0.225369364023209 0.248478785157204 0.218294888734818 0.218185991048813 0.210243478417397 0.243933483958244 0.244079574942589 0.244201377034187 0.280320376157761 0.317871510982513 0.321876019239426 0.330585777759552 0.331039428710938 0.366156935691833 0.370281547307968 0.369928985834122 0.370052367448807 0.403865575790405 0.4410540163517 0.437860667705536 0.438076347112656 0.43395733833313 0.429092049598694 0.434110850095749 0.352598965167999 0.352923184633255 0.353150278329849 0.354203879833221 0.394976496696472 0.396456599235535 0.440577536821365 0.518978774547577 0.548268973827362
0.40641114115715 0.382010728120804 0.357873857021332 0.334993124008179 0.284177929162979 0.25701892375946 0.231200709939003 0.237804070115089 0.23978890478611 0.237854421138763 0.216357186436653 0.19406969845295 0.173725098371506 0.171313911676407 0.174043238162994 0.155521750450134 0.200839698314667 0.179831281304359 0.199778765439987 0.198023185133934 0.1951694637537 0.218602940440178 0.212912574410439 0.215601593255997 0.248516753315926 0.254457861185074 0.31691712141037 0.357990384101868 0.358322829008102 0.360350757837296 0.360367774963379 0.401537895202637 0.401333302259445 0.443997502326965 0.439999401569366 0.48207300901413 0.471250534057617 0.471311748027802 0.498959094285965 0.499252676963806 0.459577023983002 0.424415498971939 0.385936379432678 0.385334044694901 0.379749655723572 0.423913210630417 0.427391916513443 0.474675327539444 0.509051024913788 0.558835983276367
0.260016411542892 0.256554394960403 0.204530894756317 0.204789415001869 0.183297753334045 0.161048591136932 0.161014154553413 0.163576617836952 0.167217701673508 0.168147519230843 0.168296903371811 0.15268911421299 0.136367931962013 0.137645125389099 0.136214196681976 0.157251864671707 0.158734411001205 0.156650111079216 0.1525898873806 0.152582094073296 0.16836878657341 0.191035702824593 0.211041361093521 0.21434673666954 0.246355637907982 0.277170807123184 0.309923440217972 0.347638428211212 0.353619366884232 0.389880686998367 0.389272660017014 0.428223490715027 0.480524331331253 0.473467767238617 0.510685980319977 0.506893813610077 0.502913415431976 0.525960743427277 0.509500801563263 0.517277657985687 0.487187504768372 0.487772107124329 0.452848225831985 0.451970010995865 0.445489764213562 0.447384893894196 0.483289331197739 0.480745851993561 0.511326134204865 0.574619829654694
0.21454644203186 0.211247384548187 0.201297998428345 0.178618893027306 0.159787356853485 0.159374341368675 0.159638181328773 0.14252196252346 0.160174071788788 0.149277627468109 0.150026351213455 0.133875131607056 0.120473802089691 0.119277700781822 0.13506081700325 0.136817082762718 0.136740833520889 0.136618763208389 0.1368448138237 0.131572052836418 0.145904809236526 0.164032354950905 0.20708903670311 0.208155527710915 0.241141676902771 0.273896783590317 0.303087770938873 0.34103262424469 0.379686892032623 0.41891685128212 0.459089338779449 0.499172449111938 0.537498772144318 0.53070604801178 0.562630236148834 0.55868536233902 0.557357668876648 0.554021060466766 0.548790991306305 0.54885733127594 0.523048162460327 0.496537774801254 0.504754364490509 0.49909120798111 0.472838252782822 0.504567205905914 0.501929104328156 0.497736006975174 0.518977522850037 0.548825681209564
0.212426617741585 0.226464062929153 0.19872410595417 0.17613473534584 0.155500963330269 0.155063807964325 0.155099138617516 0.140438303351402 0.159888938069344 0.165098831057549 0.14952951669693 0.134753793478012 0.120128788053989 0.132373407483101 0.117880046367645 0.131568685173988 0.119006641209126 0.104637794196606 0.100974969565868 0.128538519144058 0.142605274915695 0.162054926156998 0.199739649891853 0.227392062544823 0.234171703457832 0.26270854473114 0.293394416570663 0.366632461547852 0.405196756124496 0.398107618093491 0.444479912519455 0.518098533153534 0.548518776893616 0.455333352088928 0.550195515155792 0.579783499240875 0.592742145061493 0.58839350938797 0.571383714675903 0.561884164810181 0.549632251262665 0.551604866981506 0.524064481258392 0.51948606967926 0.492191761732101 0.505649209022522 0.539145946502686 0.57795375585556 0.579064607620239 0.604211330413818
