data/climate_estimation/maxent_output/Uvularia_perfoliata.asc
NCOLS 281 
NROWS 180 
XLLCORNER -94.3333333333333 
YLLCORNER 30.4166666666667 
CELLSIZE 0.0833333333333334 
NODATA_value -3.4e+38 
[rows 147 to 167 of 180, columns 47 to 93 of 281]
0.451958864927292 0.461683809757233 0.478226900100708 0.52330493927002 0.531304717063904 0.530477643013 0.531451344490051 0.516708672046661 0.508310854434967 0.501715123653412 0.509352207183838 0.517228007316589 0.555827617645264 0.562486350536346 0.569341778755188 0.575262367725372 0.575617551803589 0.553159177303314 0.55229526758194 0.536911070346832 0.530856072902679 0.531428575515747 0.524748504161835 0.524572908878326 0.492107540369034 0.491248697042465 0.489439159631729 0.515078663825989 0.521385073661804 0.509701192378998 0.510657668113708 0.533571720123291 0.526988327503204 0.513734996318817 0.561571478843689 0.577559411525726 0.613591313362122 0.627333700656891 0.630969405174255 0.639614045619965 0.60968405008316 0.621090531349182 0.588393867015839 0.583719551563263 0.590206027030945 0.589944183826447 0.589461028575897
0.456993490457535 0.465377688407898 0.492844134569168 0.532192945480347 0.538688540458679 0.538100957870483 0.52345883846283 0.516111373901367 0.503193557262421 0.495919734239578 0.502274572849274 0.515506744384766 0.547813236713409 0.554589807987213 0.568851411342621 0.568830490112305 0.550702154636383 0.550386369228363 0.551089942455292 0.544848501682281 0.539292931556702 0.534647881984711 0.527646839618683 0.518591046333313 0.519792020320892 0.520251214504242 0.511322915554047 0.486906141042709 0.511565327644348 0.5190749168396 0.54380339384079 0.529348731040955 0.523887097835541 0.524171531200409 0.564898788928986 0.572729825973511 0.612388849258423 0.62749856710434 0.62993460893631 0.632260739803314 0.604091703891754 0.581083536148071 0.589735507965088 0.597412884235382 0.598228633403778 0.597084283828735 0.590042889118195
0.438640624284744 0.482356786727905 0.495234847068787 0.507850110530853 0.514654159545898 0.512661695480347 0.499063491821289 0.49180006980896 0.502961337566376 0.502247393131256 0.502513110637665 0.509870767593384 0.522731363773346 0.562721014022827 0.562716960906982 0.570208430290222 0.544402599334717 0.551891565322876 0.551483035087585 0.553110778331757 0.553798615932465 0.535426378250122 0.529590964317322 0.52386748790741 0.523861348628998 0.51598197221756 0.515175580978394 0.515485882759094 0.520606279373169 0.520173728466034 0.546072483062744 0.533061444759369 0.525406539440155 0.532854616641998 0.580367267131805 0.619317591190338 0.625905692577362 0.65052193403244 0.628554463386536 0.625495612621307 0.610436797142029 0.62074226140976 0.597352981567383 0.600937604904175 0.601171374320984 0.601218521595001 0.596059739589691
0.447505623102188 0.484361439943314 0.490440636873245 0.501870512962341 0.507860541343689 0.514189124107361 0.507685363292694 0.493245840072632 0.50876784324646 0.50285804271698 0.509255528450012 0.509899199008942 0.524218082427979 0.556824505329132 0.565028011798859 0.545937061309814 0.546709716320038 0.545835912227631 0.552966058254242 0.553900837898254 0.555616557598114 0.544002175331116 0.531747579574585 0.525757253170013 0.524984240531921 0.520189881324768 0.520533263683319 0.513656437397003 0.517373204231262 0.517402052879333 0.517153382301331 0.503703773021698 0.535314500331879 0.575018167495728 0.575408756732941 0.587725877761841 0.626532018184662 0.65144270658493 0.62314647436142 0.633614659309387 0.621227324008942 0.598176836967468 0.600947499275208 0.575482189655304 0.575966477394104 0.570497512817383 0.600764572620392
0.484395951032639 0.489956796169281 0.488923400640488 0.464962244033813 0.494812041521072 0.47184944152832 0.495355188846588 0.493726849555969 0.486646682024002 0.508413910865784 0.508274078369141 0.510470390319824 0.518523037433624 0.558264136314392 0.565531194210052 0.566064953804016 0.579945743083954 0.554524719715118 0.555291831493378 0.550211012363434 0.551540970802307 0.54572319984436 0.508472084999084 0.52763831615448 0.51987224817276 0.521150052547455 0.520800411701202 0.514247536659241 0.513596773147583 0.518161594867706 0.511752188205719 0.511394798755646 0.543865084648132 0.536986708641052 0.569522976875305 0.591204106807709 0.623093903064728 0.62421327829361 0.633284151554108 0.617023885250092 0.594574332237244 0.600318074226379 0.567107796669006 0.573811113834381 0.576517105102539 0.570393443107605 0.575353026390076
0.482482880353928 0.476008921861649 0.475230544805527 0.467898219823837 0.474407911300659 0.482336699962616 0.482324689626694 0.48249426484108 0.481378555297852 0.504187047481537 0.502645373344421 0.50429105758667 0.549283385276794 0.558275759220123 0.566064953804016 0.566587746143341 0.575204193592072 0.556341767311096 0.557572066783905 0.552493989467621 0.514357089996338 0.516496479511261 0.534141778945923 0.496877044439316 0.520387232303619 0.520886540412903 0.513340294361115 0.514201879501343 0.5135098695755 0.519997477531433 0.512507319450378 0.512792110443115 0.538534581661224 0.540350377559662 0.547601878643036 0.586978673934937 0.601978838443756 0.571203529834747 0.572846531867981 0.587918639183044 0.590602099895477 0.567427098751068 0.561620116233826 0.574343621730804 0.573186576366425 0.575982272624969 0.575193762779236
0.468282967805862 0.467427045106888 0.466789305210114 0.46007838845253 0.460960417985916 0.468925893306732 0.475397169589996 0.475577116012573 0.498728275299072 0.50437319278717 0.503210604190826 0.535634398460388 0.544266521930695 0.559443593025208 0.566800713539124 0.574406981468201 0.576360940933228 0.55230438709259 0.546180367469788 0.547394931316376 0.516690909862518 0.510665118694305 0.503902912139893 0.497376471757889 0.51588499546051 0.508322954177856 0.51455557346344 0.520380437374115 0.514135777950287 0.514270067214966 0.513601362705231 0.514715969562531 0.508953034877777 0.535623610019684 0.544170796871185 0.558725357055664 0.573363184928894 0.581148684024811 0.550966203212738 0.559401154518127 0.561411261558533 0.563133358955383 0.563399136066437 0.569345355033875 0.561221897602081 0.566672921180725 0.596904754638672
0.473232746124268 0.473328411579132 0.472767561674118 0.458798706531525 0.453537434339523 0.460657864809036 0.492345988750458 0.493241667747498 0.499725550413132 0.529023885726929 0.530039489269257 0.536775648593903 0.544552803039551 0.553017437458038 0.560806035995483 0.569056510925293 0.571252286434174 0.54085510969162 0.542082250118256 0.53661835193634 0.537001252174377 0.499797254800797 0.492577016353607 0.523136675357819 0.522810280323029 0.515036404132843 0.508720576763153 0.51512885093689 0.522299766540527 0.516025841236115 0.515881359577179 0.523882865905762 0.519329905509949 0.514568388462067 0.522277295589447 0.536288559436798 0.537843406200409 0.545121788978577 0.547837913036346 0.547253251075745 0.548513650894165 0.550434112548828 0.52610969543457 0.551784873008728 0.549694180488586 0.580226957798004 0.578264534473419
0.47997522354126 0.475062906742096 0.474029213190079 0.491074085235596 0.484080523252487 0.486508429050446 0.493025839328766 0.49399322271347 0.523556351661682 0.53089314699173 0.537312805652618 0.570711970329285 0.545298218727112 0.554828882217407 0.561918139457703 0.557435512542725 0.558605790138245 0.535544216632843 0.536672472953796 0.524505317211151 0.532348096370697 0.53950959444046 0.52537339925766 0.519210040569305 0.518098413944244 0.517416000366211 0.510530292987823 0.511351823806763 0.511388421058655 0.511315524578094 0.5506471991539 0.533775866031647 0.522206842899323 0.524378180503845 0.53288334608078 0.533264100551605 0.515702843666077 0.547493994235992 0.523404896259308 0.510928094387054 0.499415546655655 0.494500994682312 0.501225352287292 0.539047181606293 0.543622016906738 0.55980372428894 0.564038038253784
0.487803876399994 0.48251023888588 0.475355565547943 0.491567462682724 0.484712719917297 0.509934484958649 0.512270212173462 0.525695025920868 0.532129287719727 0.563955247402191 0.577301442623138 0.579339265823364 0.579814314842224 0.581437826156616 0.563116490840912 0.558803081512451 0.554273664951324 0.530430912971497 0.525944411754608 0.521221399307251 0.521664321422577 0.541329443454742 0.540609300136566 0.526939392089844 0.519977629184723 0.519068002700806 0.519272089004517 0.513428747653961 0.513936042785645 0.514823794364929 0.520935535430908 0.523937106132507 0.525533020496368 0.526806592941284 0.510108590126038 0.517384052276611 0.511206209659576 0.51154750585556 0.518008947372437 0.500849723815918 0.486971110105515 0.488250344991684 0.494130074977875 0.50057590007782 0.531160652637482 0.522521734237671 0.552850723266602
0.513858556747437 0.513939261436462 0.50015127658844 0.491954147815704 0.517077505588531 0.524357974529266 0.525808572769165 0.527499318122864 0.559181034564972 0.565625905990601 0.572752594947815 0.580088913440704 0.581230759620667 0.583328306674957 0.558499097824097 0.559195816516876 0.55534040927887 0.526468515396118 0.520906865596771 0.522489547729492 0.530497193336487 0.536318004131317 0.534901022911072 0.53458297252655 0.52132648229599 0.521523535251617 0.514991223812103 0.514985263347626 0.508828520774841 0.510949552059174 0.518039405345917 0.519245862960815 0.521335244178772 0.522330820560455 0.510929584503174 0.512390673160553 0.513615846633911 0.506480574607849 0.507822334766388 0.4952592253685 0.495277166366577 0.494252979755402 0.502627372741699 0.50220000743866 0.533417999744415 0.539304077625275 0.537413418292999
0.52121514081955 0.514434337615967 0.500960171222687 0.526009023189545 0.525021910667419 0.525370121002197 0.533233284950256 0.534869313240051 0.566454231739044 0.56632661819458 0.580580413341522 0.574636578559875 0.582609474658966 0.551822662353516 0.584871590137482 0.561700463294983 0.558383584022522 0.527872264385223 0.523358881473541 0.518658936023712 0.53145295381546 0.530694842338562 0.529985427856445 0.528912425041199 0.515682518482208 0.509327232837677 0.51022070646286 0.510429382324219 0.50519460439682 0.511898458003998 0.519331932067871 0.526014089584351 0.527574479579926 0.522911429405212 0.50620311498642 0.506839096546173 0.507750272750854 0.502925395965576 0.502963185310364 0.496594458818436 0.497383862733841 0.510040760040283 0.542019248008728 0.516986966133118 0.535846054553986 0.542130649089813 0.546977162361145
0.521440923213959 0.509088575839996 0.526525139808655 0.526436984539032 0.533929526805878 0.533148765563965 0.559961080551147 0.560566365718842 0.560600638389587 0.574155390262604 0.581652224063873 0.575688362121582 0.577503621578217 0.579398989677429 0.555113613605499 0.555682361125946 0.55893862247467 0.522659063339233 0.525040447711945 0.495648801326752 0.527242720127106 0.525713860988617 0.529881715774536 0.559186458587646 0.553550601005554 0.514537930488586 0.5172318816185 0.511611700057983 0.506291449069977 0.543578743934631 0.544426381587982 0.527366280555725 0.528083026409149 0.523425400257111 0.500414133071899 0.501898050308228 0.502658843994141 0.504165053367615 0.497946292161942 0.50403505563736 0.512273550033569 0.505131781101227 0.505172729492188 0.531222641468048 0.539736390113831 0.535522162914276 0.531649827957153
0.543696224689484 0.535293757915497 0.529238700866699 0.53474622964859 0.566901922225952 0.561135351657867 0.562317252159119 0.568399548530579 0.56838059425354 0.573066234588623 0.574903786182404 0.573095500469208 0.571272075176239 0.573016405105591 0.581479430198669 0.550894975662231 0.560321927070618 0.555618405342102 0.52007520198822 0.521256327629089 0.496430844068527 0.526117265224457 0.520337164402008 0.545484304428101 0.545484304428101 0.537479043006897 0.526734232902527 0.491216033697128 0.522411942481995 0.528368651866913 0.504217743873596 0.543892979621887 0.517513990402222 0.517868101596832 0.517848670482635 0.494140446186066 0.498662829399109 0.502674400806427 0.500587344169617 0.503914952278137 0.499163925647736 0.493815422058105 0.521349608898163 0.514267921447754 0.524525821208954 0.509958982467651 0.504613935947418
0.513485610485077 0.520329594612122 0.52938175201416 0.537232279777527 0.536731779575348 0.569082021713257 0.569255769252777 0.579321920871735 0.567107141017914 0.565629899501801 0.564058363437653 0.569091022014618 0.571552872657776 0.574085772037506 0.568014919757843 0.575734794139862 0.552402794361115 0.555674612522125 0.521186649799347 0.51682585477829 0.510320425033569 0.513058960437775 0.501623094081879 0.49853977560997 0.484949111938477 0.514116108417511 0.517359972000122 0.497835397720337 0.503294289112091 0.477765649557114 0.512492418289185 0.52468466758728 0.53286075592041 0.501838088035583 0.506895422935486 0.480648994445801 0.488411694765091 0.496824592351913 0.495648920536041 0.491276532411575 0.493614882230759 0.488423764705658 0.505369782447815 0.501739263534546 0.498629301786423 0.500322461128235 0.510467767715454
0.490155190229416 0.504256904125214 0.523722529411316 0.523958146572113 0.53028666973114 0.56293112039566 0.574908912181854 0.571632266044617 0.553941190242767 0.582405567169189 0.543683886528015 0.549217283725739 0.57023674249649 0.558571100234985 0.557822108268738 0.542088627815247 0.538543045520782 0.529110312461853 0.527796745300293 0.515415012836456 0.487341403961182 0.483567267656326 0.471435219049454 0.488068014383316 0.482383102178574 0.475738823413849 0.481445163488388 0.471022725105286 0.482484370470047 0.479618221521378 0.489659905433655 0.491623342037201 0.498864263296127 0.477272033691406 0.465070486068726 0.461682796478271 0.481598407030106 0.47203129529953 0.516302525997162 0.498330324888229 0.500021696090698 0.498096227645874 0.497301310300827 0.490275174379349 0.476992249488831 0.463270723819733 0.48960867524147
0.49631655216217 0.483995050191879 0.507010221481323 0.512574076652527 0.555484712123871 0.552907824516296 0.546219408512115 0.57262247800827 0.564300239086151 0.543435454368591 0.546973288059235 0.52738893032074 0.547797620296478 0.546600341796875 0.539194107055664 0.536130785942078 0.510937929153442 0.520586788654327 0.502537667751312 0.483337461948395 0.470445662736893 0.475062191486359 0.465058624744415 0.471051931381226 0.467844903469086 0.459515631198883 0.455590754747391 0.448378354310989 0.448222458362579 0.44425156712532 0.447215378284454 0.453954547643661 0.464614242315292 0.473365306854248 0.449441999197006 0.449493408203125 0.46089506149292 0.465032279491425 0.475148409605026 0.485053241252899 0.49132826924324 0.477482169866562 0.470907270908356 0.463137090206146 0.454002469778061 0.466626107692719 0.457867950201035
0.466932415962219 0.479143530130386 0.511851012706757 0.499047964811325 0.533365845680237 0.519926071166992 0.554091393947601 0.535581171512604 0.517889857292175 0.505068361759186 0.514691233634949 0.522868931293488 0.504796326160431 0.515832841396332 0.509583413600922 0.507223963737488 0.509835362434387 0.509219229221344 0.490774899721146 0.478818237781525 0.479757696390152 0.442114919424057 0.446901649236679 0.442721426486969 0.440316647291183 0.436630040407181 0.430831104516983 0.435346752405167 0.422337144613266 0.434596002101898 0.431468158960342 0.448054045438766 0.43596950173378 0.440320640802383 0.411448627710342 0.44513276219368 0.451344102621078 0.444099485874176 0.454579919576645 0.449425488710403 0.481760859489441 0.459765464067459 0.451557010412216 0.464557886123657 0.451104253530502 0.44149923324585 0.44149923324585
0.43220591545105 0.463799685239792 0.474619060754776 0.489303112030029 0.490582287311554 0.515655636787415 0.509139776229858 0.515550255775452 0.487221121788025 0.482633024454117 0.5039381980896 0.506685018539429 0.508159399032593 0.500833630561829 0.506186842918396 0.505115866661072 0.486343026161194 0.482518196105957 0.458644658327103 0.463149517774582 0.44703483581543 0.445017158985138 0.447337448596954 0.446436941623688 0.418187737464905 0.431760400533676 0.429389715194702 0.415283173322678 0.39230027794838 0.397832036018372 0.399051576852798 0.410319268703461 0.397717922925949 0.406707882881165 0.417576193809509 0.404386609792709 0.449917078018188 0.449042946100235 0.465311676263809 0.466209292411804 0.48903214931488 0.436767369508743 0.424458146095276 0.447476923465729 0.437025159597397 0.440699368715286 0.42846691608429
0.422183573246002 0.449923127889633 0.456798911094666 0.464137256145477 0.480488181114197 0.483424812555313 0.483786225318909 0.476058691740036 0.492874354124069 0.484273612499237 0.47641196846962 0.476192742586136 0.493708193302155 0.497737616300583 0.49284964799881 0.487521141767502 0.456454396247864 0.461944103240967 0.461345851421356 0.466169565916061 0.434056222438812 0.417721718549728 0.424992233514786 0.427006989717484 0.421531438827515 0.422905266284943 0.403400987386703 0.404243409633636 0.409397661685944 0.391433894634247 0.4025659263134 0.407134413719177 0.386879444122314 0.382950842380524 0.401547998189926 0.418614089488983 0.420235991477966 0.432389289140701 0.438200354576111 0.451538950204849 0.44805446267128 0.452830910682678 0.434466242790222 0.425965338945389 0.422246485948563 0.412406831979752 0.407039314508438
0.41389125585556 0.422930359840393 0.44918617606163 0.438542723655701 0.446701556444168 0.454510241746902 0.451007723808289 0.461575537919998 0.467715322971344 0.46267506480217 0.456685423851013 0.454862713813782 0.465410053730011 0.456590712070465 0.4611996114254 0.483325839042664 0.466500461101532 0.44336062669754 0.432003051042557 0.439394682645798 0.437283605337143 0.435049265623093 0.38707959651947 0.407628268003464 0.403108239173889 0.390887469053268 0.386198818683624 0.390232890844345 0.381547421216965 0.369189321994781 0.373310089111328 0.380251407623291 0.384823173284531 0.387466847896576 0.393781006336212 0.424123287200928 0.446649998426437 0.442195922136307 0.417186170816422 0.418600857257843 0.406121402978897 0.420421272516251 0.412853568792343 0.407247304916382 0.409784972667694 0.418661743402481 0.412671208381653
