data/climate_estimation/maxent_output/Uvularia_sessilifolia.asc
NCOLS 436 
NROWS 237 
XLLCORNER -96.5 
YLLCORNER 30 
CELLSIZE 0.0833333333333333 
NODATA_value -3.4e+38 
[rows 88 to 109 of 237, columns 50 to 99 of 436]
0.328286856412888 0.320567727088928 0.294237315654755 0.296780854463577 0.296780854463577 0.296727776527405 0.281980395317078 0.28506937623024 0.289367765188217 0.293770641088486 0.291973918676376 0.299048811197281 0.308081954717636 0.280817568302155 0.267588526010513 0.270935773849487 0.254103064537048 0.24517659842968 0.23371809720993 0.234081730246544 0.241803571581841 0.238733887672424 0.232927367091179 0.240756317973137 0.24726103246212 0.244281247258186 0.24792106449604 0.254507422447205 0.253638803958893 0.24916498363018 0.255567759275436 0.24408395588398 0.247851133346558 0.263432949781418 0.258670061826706 0.249910160899162 0.243835955858231 0.253858327865601 0.253902345895767 0.259439289569855 0.255502223968506 0.255528390407562 0.262464731931686 0.260569751262665 0.263003885746002 0.255053102970123 0.250511288642883 0.262572407722473 0.269422233104706 0.267438918352127
0.308346062898636 0.287907272577286 0.283509939908981 0.294861674308777 0.297472089529037 0.272698611021042 0.270950466394424 0.274082273244858 0.278193056583405 0.278140515089035 0.268093556165695 0.268164306879044 0.277206182479858 0.284028828144073 0.264085233211517 0.250756144523621 0.24205394089222 0.242838233709335 0.241990879178047 0.245896190404892 0.24282494187355 0.237944811582565 0.237225994467735 0.236994192004204 0.245071336627007 0.241179838776588 0.244756937026978 0.248741999268532 0.252141773700714 0.255374073982239 0.253704518079758 0.258561491966248 0.255297422409058 0.254715263843536 0.256081193685532 0.244443327188492 0.257596790790558 0.247562944889069 0.254549950361252 0.253889352083206 0.256143242120743 0.262400656938553 0.257465392351151 0.24969308078289 0.261220097541809 0.261987298727036 0.255707859992981 0.264822959899902 0.269457519054413 0.26503050327301
0.287720769643784 0.285114228725433 0.278307884931564 0.27162966132164 0.273438572883606 0.260281145572662 0.260187059640884 0.251393109560013 0.241451695561409 0.241451695561409 0.265447109937668 0.267702430486679 0.246409803628922 0.252695530653 0.233280405402184 0.230854481458664 0.23816879093647 0.241896823048592 0.236718565225601 0.235999748110771 0.247092038393021 0.244752988219261 0.250650525093079 0.262095183134079 0.241275772452354 0.243280991911888 0.249789327383041 0.241393446922302 0.253403723239899 0.242737397551537 0.242091625928879 0.249721020460129 0.26312181353569 0.25981742143631 0.257537543773651 0.258357673883438 0.25674045085907 0.257426857948303 0.253701418638229 0.264687240123749 0.250671535730362 0.260894894599915 0.260648787021637 0.248948350548744 0.259571135044098 0.252703934907913 0.253237158060074 0.264844506978989 0.259180963039398 0.265023559331894
0.255293190479279 0.264830440282822 0.26245304942131 0.278977960348129 0.25384721159935 0.258511483669281 0.254606634378433 0.242212861776352 0.2218077480793 0.223842203617096 0.223810583353043 0.235133081674576 0.237270221114159 0.231598690152168 0.245809063315392 0.227845475077629 0.236639216542244 0.234612092375755 0.235869586467743 0.241698265075684 0.25082927942276 0.23715840280056 0.234818324446678 0.242772579193115 0.244219347834587 0.237249672412872 0.23972775042057 0.243928804993629 0.240144714713097 0.241795241832733 0.251663625240326 0.255794197320938 0.252057731151581 0.252097845077515 0.255832821130753 0.254345804452896 0.252111881971359 0.25131031870842 0.251258701086044 0.253668904304504 0.264099299907684 0.261550337076187 0.261536985635757 0.26154363155365 0.261392086744308 0.253308713436127 0.25403043627739 0.252512186765671 0.25512832403183 0.253597766160965
0.259780734777451 0.258202105760574 0.257582038640976 0.245137259364128 0.252091497182846 0.252118438482285 0.248371735215187 0.236138701438904 0.214190036058426 0.212727889418602 0.22434937953949 0.230044186115265 0.219451934099197 0.230808898806572 0.2269396930933 0.23153692483902 0.233684420585632 0.230893671512604 0.230182901024818 0.238855987787247 0.238094910979271 0.247783109545708 0.257465213537216 0.258959323167801 0.242755264043808 0.23956935107708 0.228072807192802 0.230518832802773 0.234861508011818 0.234861508011818 0.236574128270149 0.238915532827377 0.24053955078125 0.24515475332737 0.250506043434143 0.246700689196587 0.257625699043274 0.258440554141998 0.255236029624939 0.264727622270584 0.264005243778229 0.263250946998596 0.261530339717865 0.262383729219437 0.262946546077728 0.252762883901596 0.254249900579453 0.257602214813232 0.248897463083267 0.247980773448944
0.228501468896866 0.230785876512527 0.253434091806412 0.253677845001221 0.252069920301437 0.250683665275574 0.248397514224052 0.256079941987991 0.230928555130959 0.215446606278419 0.200201824307442 0.211840346455574 0.217403367161751 0.226498335599899 0.224898800253868 0.228627279400826 0.225857302546501 0.234588876366615 0.243461802601814 0.244868770241737 0.260761201381683 0.258378475904465 0.255921840667725 0.25279101729393 0.236823454499245 0.232980608940125 0.234830006957054 0.233604907989502 0.229955598711967 0.229149028658867 0.230654358863831 0.233002901077271 0.23675525188446 0.239029884338379 0.236971482634544 0.255052298307419 0.240567699074745 0.261400461196899 0.263849139213562 0.261474907398224 0.265597224235535 0.264980733394623 0.263224124908447 0.261715918779373 0.258977830410004 0.260165750980377 0.255240917205811 0.244872435927391 0.235175654292107 0.247997313737869
0.222245573997498 0.224411204457283 0.250388652086258 0.250485181808472 0.273771852254868 0.271360754966736 0.244559019804001 0.24675241112709 0.228791579604149 0.213379800319672 0.214744046330452 0.204801827669144 0.223014980554581 0.221923917531967 0.223601743578911 0.226574748754501 0.221757709980011 0.22806690633297 0.235910400748253 0.241618365049362 0.251481920480728 0.27393639087677 0.246789738535881 0.246629595756531 0.231070011854172 0.237458735704422 0.230657801032066 0.229598999023438 0.222290828824043 0.228369042277336 0.231319442391396 0.227157801389694 0.239491164684296 0.244982302188873 0.24343878030777 0.250360727310181 0.255140036344528 0.260552525520325 0.259004056453705 0.260739803314209 0.266455620527267 0.264913350343704 0.273915767669678 0.263181895017624 0.259625315666199 0.257172256708145 0.245854958891869 0.247884765267372 0.243905931711197 0.239259853959084
0.234347224235535 0.256467580795288 0.268629789352417 0.271274477243423 0.269598722457886 0.267184227705002 0.259971439838409 0.242901504039764 0.241347283124924 0.227210029959679 0.218106180429459 0.208073377609253 0.212095886468887 0.224883839488029 0.219484567642212 0.22324612736702 0.227277055382729 0.230097711086273 0.244566008448601 0.254709780216217 0.262623250484467 0.260299354791641 0.262634515762329 0.238384142518044 0.219788923859596 0.219552606344223 0.22359773516655 0.222506210207939 0.223038330674171 0.220796182751656 0.227829158306122 0.22022008895874 0.221590459346771 0.23442567884922 0.24116724729538 0.24280671775341 0.250344783067703 0.257394820451736 0.255125999450684 0.268701612949371 0.277154594659805 0.273026555776596 0.268018066883087 0.264407515525818 0.252331793308258 0.255382478237152 0.248025760054588 0.244777664542198 0.242361143231392 0.250966250896454
0.244863793253899 0.269519299268723 0.27041956782341 0.299727410078049 0.297928243875504 0.275535374879837 0.267100304365158 0.238990992307663 0.243427142500877 0.217409446835518 0.210587412118912 0.20278699696064 0.201109990477562 0.206496059894562 0.209871545433998 0.218043476343155 0.226345032453537 0.224985003471375 0.234902292490005 0.245476096868515 0.257210701704025 0.258863657712936 0.257163345813751 0.231805980205536 0.223288655281067 0.21614508330822 0.225576862692833 0.215048387646675 0.218990653753281 0.218904823064804 0.220801904797554 0.222132742404938 0.227223694324493 0.219527781009674 0.234569072723389 0.244076147675514 0.24576061964035 0.249669000506401 0.270310580730438 0.2745101749897 0.28478154540062 0.264665246009827 0.26281413435936 0.256226032972336 0.246221721172333 0.250024348497391 0.240416258573532 0.255221039056778 0.254893928766251 0.248662292957306
0.276249706745148 0.276316612958908 0.289179235696793 0.29446479678154 0.287434160709381 0.268759071826935 0.262237697839737 0.230864554643631 0.235186815261841 0.230795785784721 0.222230464220047 0.215283811092377 0.206671178340912 0.203657001256943 0.204401105642319 0.215084329247475 0.214432433247566 0.229584142565727 0.230439394712448 0.248509302735329 0.247913151979446 0.249379709362984 0.256313979625702 0.232010558247566 0.22331690788269 0.222449824213982 0.218058869242668 0.223336607217789 0.224673375487328 0.21565406024456 0.216703429818153 0.220783367753029 0.212554231286049 0.223075300455093 0.228689521551132 0.236191466450691 0.245714798569679 0.255724877119064 0.25513169169426 0.262129783630371 0.258177995681763 0.255614966154099 0.251660943031311 0.255764067173004 0.243289694190025 0.241651996970177 0.25454705953598 0.250702232122421 0.24658328294754 0.243264958262444
0.270528316497803 0.292707085609436 0.293499886989594 0.291757166385651 0.263209581375122 0.256712675094604 0.239675655961037 0.235964208841324 0.238045334815979 0.212456673383713 0.225631907582283 0.207875415682793 0.21853931248188 0.207845434546471 0.220053359866142 0.222911685705185 0.223647072911263 0.225051313638687 0.224457427859306 0.223246321082115 0.219603329896927 0.219603329896927 0.214696034789085 0.217282310128212 0.215680867433548 0.216829791665077 0.216744303703308 0.219231426715851 0.220589518547058 0.220470011234283 0.221672520041466 0.215351670980453 0.218690365552902 0.223690122365952 0.227224975824356 0.232937678694725 0.234458312392235 0.246507704257965 0.240668967366219 0.249366626143456 0.244811370968819 0.238906025886536 0.252673387527466 0.238845571875572 0.255204945802689 0.256294727325439 0.250851958990097 0.244577571749687 0.242929637432098 0.241121649742126
0.262414336204529 0.289147019386292 0.284734517335892 0.25909960269928 0.25439590215683 0.237475365400314 0.231546312570572 0.20654059946537 0.213823691010475 0.220317915081978 0.19901168346405 0.211012497544289 0.219853609800339 0.222740903496742 0.235587179660797 0.234323710203171 0.223437041044235 0.221737310290337 0.208504304289818 0.209400877356529 0.19793289899826 0.194791242480278 0.206023693084717 0.214242443442345 0.214759215712547 0.21476623415947 0.222155898809433 0.221946492791176 0.223294168710709 0.226671472191811 0.218195483088493 0.220058098435402 0.218106865882874 0.220715269446373 0.222133710980415 0.232157438993454 0.233735591173172 0.229573786258698 0.237962678074837 0.231559365987778 0.230946823954582 0.238031789660454 0.233762249350548 0.248193025588989 0.247127488255501 0.245502457022667 0.261972546577454 0.257924377918243 0.256108731031418 0.257740944623947
0.277186632156372 0.276242673397064 0.288143664598465 0.260493457317352 0.234435260295868 0.23221455514431 0.217239171266556 0.203714817762375 0.200746580958366 0.208803743124008 0.206752017140388 0.21403081715107 0.217448368668556 0.228462800383568 0.22459864616394 0.224879384040833 0.220391139388084 0.206353262066841 0.20913365483284 0.202565222978592 0.205321788787842 0.198890894651413 0.21066814661026 0.201720505952835 0.209563165903091 0.217474743723869 0.216768428683281 0.218656644225121 0.22322404384613 0.233068093657494 0.234411761164665 0.225720271468163 0.224924340844154 0.219980716705322 0.223434865474701 0.221471354365349 0.220926150679588 0.22698001563549 0.219478234648705 0.22761358320713 0.226118668913841 0.243221297860146 0.241595074534416 0.244934171438217 0.243277952075005 0.252945452928543 0.245304524898529 0.243185788393021 0.250629067420959 0.254869431257248
0.242024511098862 0.26539534330368 0.251929581165314 0.227148860692978 0.237107560038567 0.211407199501991 0.200905025005341 0.179202288389206 0.187338188290596 0.19580739736557 0.214746206998825 0.214126795530319 0.223089635372162 0.226577207446098 0.222073435783386 0.232144802808762 0.216992571949959 0.212332725524902 0.197982460260391 0.193651929497719 0.198761150240898 0.201420053839684 0.201191499829292 0.206643611192703 0.207252934575081 0.208635896444321 0.220099106431007 0.22834587097168 0.236831739544868 0.240508362650871 0.238168448209763 0.227137386798859 0.226404428482056 0.219879359006882 0.211508557200432 0.207728996872902 0.21682670712471 0.213663652539253 0.220744594931602 0.221275553107262 0.240559697151184 0.239756360650063 0.256456762552261 0.256487399339676 0.253900855779648 0.25220775604248 0.244651928544044 0.244791865348816 0.24772122502327 0.270782381296158
0.224163413047791 0.224941670894623 0.223462268710136 0.210696652531624 0.208115115761757 0.196673154830933 0.17682746052742 0.17625205218792 0.184433907270432 0.194654658436775 0.194552913308144 0.212825521826744 0.223268806934357 0.243301495909691 0.229218736290932 0.228113099932671 0.219878911972046 0.207981422543526 0.195128172636032 0.190844282507896 0.197301104664803 0.198594942688942 0.201156228780746 0.210280701518059 0.211420446634293 0.210837110877037 0.211608871817589 0.215575948357582 0.231679007411003 0.249143376946449 0.237155854701996 0.235433489084244 0.236876413226128 0.22311532497406 0.218805849552155 0.207588061690331 0.219906195998192 0.219221159815788 0.234793663024902 0.237208858132362 0.259216994047165 0.260686695575714 0.260790467262268 0.281135141849518 0.27699738740921 0.26910999417305 0.249317392706871 0.259461432695389 0.262775480747223 0.270617842674255
0.199905171990395 0.200641795992851 0.209735229611397 0.197816073894501 0.176715925335884 0.184232354164124 0.170789882540703 0.176579847931862 0.179821491241455 0.187510177493095 0.187461629509926 0.202995479106903 0.226056933403015 0.244760125875473 0.229403361678123 0.213950842618942 0.217274472117424 0.203308269381523 0.190782561898232 0.190121456980705 0.201848149299622 0.196078613400459 0.207643106579781 0.210201323032379 0.210299029946327 0.209602624177933 0.208871781826019 0.221057742834091 0.22784361243248 0.239713370800018 0.246846348047256 0.239376038312912 0.224709883332253 0.229677617549896 0.206570282578468 0.199852213263512 0.207952618598938 0.225812301039696 0.231489479541779 0.254339635372162 0.276379495859146 0.274809569120407 0.280525505542755 0.279565006494522 0.276138931512833 0.272034823894501 0.267775923013687 0.267824858427048 0.261265516281128 0.261209577322006
0.197633311152458 0.204505503177643 0.194259196519852 0.17612025141716 0.163079231977463 0.170633807778358 0.177625969052315 0.168708011507988 0.179758101701736 0.180345937609673 0.189863920211792 0.189352467656136 0.215707182884216 0.215038433670998 0.212905868887901 0.214134380221367 0.22366738319397 0.201078474521637 0.189944535493851 0.19527579843998 0.195556536316872 0.199802681803703 0.205105051398277 0.209000423550606 0.211382403969765 0.209401741623878 0.21786929666996 0.21649831533432 0.229240208864212 0.235743060708046 0.235579937696457 0.230536237359047 0.226834878325462 0.219187408685684 0.209555819630623 0.203704729676247 0.220508575439453 0.222661241889 0.246800139546394 0.269925624132156 0.274849116802216 0.275090783834457 0.271750807762146 0.273596256971359 0.275331646203995 0.272902548313141 0.269090354442596 0.266315758228302 0.26762917637825 0.27107360959053
0.20110759139061 0.183456838130951 0.191229805350304 0.179693505167961 0.167950510978699 0.175155520439148 0.170173808932304 0.176901057362556 0.178621977567673 0.174828186631203 0.182188883423805 0.190052539110184 0.197680413722992 0.197843253612518 0.205506876111031 0.214318856596947 0.204952195286751 0.195960149168968 0.196443602442741 0.193636417388916 0.206012710928917 0.207829117774963 0.205087125301361 0.211865842342377 0.216081649065018 0.213293418288231 0.215299531817436 0.22449791431427 0.222301363945007 0.242030069231987 0.243485391139984 0.235140576958656 0.235750839114189 0.223963066935539 0.214305594563484 0.215975299477577 0.217344209551811 0.241845563054085 0.268401592969894 0.271738350391388 0.270303636789322 0.289755344390869 0.26722452044487 0.265168309211731 0.268496632575989 0.269744873046875 0.267485857009888 0.291935473680496 0.290380507707596 0.270980507135391
0.197016313672066 0.187141731381416 0.186386302113533 0.178106084465981 0.173471868038177 0.174689203500748 0.175808727741241 0.184549629688263 0.186426907777786 0.185276314616203 0.187067314982414 0.190067782998085 0.189588323235512 0.188420563936234 0.192993193864822 0.194599375128746 0.196944087743759 0.190105423331261 0.191324234008789 0.201631367206573 0.207252025604248 0.205278813838959 0.210841834545135 0.219075873494148 0.218430295586586 0.210768491029739 0.219498857855797 0.222113087773323 0.233243077993393 0.23822146654129 0.235908150672913 0.234653413295746 0.229107081890106 0.231995299458504 0.226797640323639 0.234844177961349 0.240657433867455 0.261460334062576 0.265424787998199 0.270571649074554 0.286500543355942 0.285733342170715 0.26020485162735 0.259826272726059 0.262313336133957 0.265419214963913 0.263125240802765 0.267741739749908 0.285795271396637 0.289269536733627
0.198779612779617 0.187493652105331 0.194727972149849 0.182615041732788 0.183135345578194 0.18078875541687 0.176285773515701 0.185072481632233 0.185805901885033 0.188982665538788 0.190204113721848 0.190981760621071 0.189868420362473 0.19104628264904 0.187079772353172 0.179829835891724 0.183714896440506 0.192181140184402 0.188886702060699 0.200413927435875 0.200211331248283 0.201323553919792 0.211150005459785 0.213626876473427 0.211778730154037 0.218028098344803 0.214444160461426 0.232775747776031 0.228507116436958 0.227835670113564 0.243727058172226 0.245171010494232 0.24836990237236 0.224506810307503 0.258579820394516 0.261902332305908 0.260185539722443 0.258664637804031 0.263736218214035 0.282785266637802 0.261855214834213 0.282576650381088 0.276454955339432 0.25429767370224 0.277400821447372 0.277291774749756 0.282430648803711 0.285710245370865 0.286193013191223 0.286065965890884
0.196226388216019 0.184963181614876 0.175585806369781 0.184237688779831 0.177351385354996 0.178630813956261 0.181402936577797 0.185596629977226 0.188967272639275 0.1877810806036 0.19950744509697 0.198993965983391 0.189120903611183 0.186734601855278 0.18546299636364 0.180701017379761 0.188513487577438 0.188319072127342 0.19969217479229 0.200134515762329 0.198415517807007 0.201334834098816 0.205428645014763 0.214508846402168 0.206025972962379 0.212247252464294 0.231368258595467 0.251168668270111 0.254917293787003 0.250020056962967 0.265747159719467 0.241252765059471 0.259321689605713 0.252131462097168 0.26055046916008 0.281281411647797 0.262946039438248 0.279617488384247 0.27633199095726 0.275489240884781 0.273657083511353 0.273207157850266 0.268605470657349 0.266465127468109 0.272889316082001 0.280823171138763 0.280866712331772 0.285842150449753 0.289127141237259 0.290938377380371
0.184607595205307 0.192297026515007 0.174523591995239 0.1814054697752 0.177328273653984 0.179831445217133 0.181505426764488 0.185311794281006 0.196899846196175 0.197007954120636 0.196483880281448 0.195347860455513 0.189977616071701 0.187685906887054 0.181177765130997 0.187226638197899 0.186557590961456 0.188247919082642 0.197778582572937 0.197154238820076 0.197154238820076 0.198719725012779 0.198876783251762 0.200123399496078 0.20716281235218 0.226538226008415 0.251145333051682 0.256062030792236 0.267563700675964 0.263694494962692 0.263061910867691 0.258543789386749 0.250746726989746 0.279948651790619 0.278135627508163 0.284129112958908 0.27725487947464 0.275627046823502 0.277409374713898 0.275016963481903 0.270656436681747 0.273630797863007 0.271937638521194 0.274925500154495 0.27661806344986 0.304471105337143 0.306300967931747 0.314245045185089 0.293698459863663 0.31822270154953
