data/climate_estimation/maxent_output/Uvularia_perfoliata.asc
NCOLS 281 
NROWS 180 
XLLCORNER -94.3333333333333 
YLLCORNER 30.4166666666667 
CELLSIZE 0.0833333333333334 
NODATA_value -3.4e+38 
[rows 84 to 104 of 180, columns 188 to 234 of 281]
0.655988097190857 0.692263960838318 0.683948814868927 0.675365805625916 0.66885381937027 0.666903495788574 0.686531126499176 0.683664798736572 0.701451182365417 0.701484084129333 0.7234206199646 0.722977161407471 0.722533583641052 0.744469821453094 0.719502151012421 0.720233678817749 0.720424294471741 0.722291886806488 0.702322423458099 0.681263327598572 0.703254044055939 0.700504779815674 0.700056791305542 0.720230638980865 0.719857513904572 0.693345248699188 0.672175943851471 0.670721292495728 0.671990871429443 0.675008952617645 0.653157949447632 0.655769526958466 0.659836530685425 0.663593709468842 0.643475115299225 0.648326575756073 0.631364047527313 0.633338272571564 0.637565791606903 0.640377819538116 0.639213263988495 0.663530945777893 0.641863226890564 0.665984869003296 -3.4e+38 -3.4e+38 -3.4e+38
0.693627297878265 0.680311918258667 0.648032903671265 0.667017817497253 0.666176319122314 0.688185036182404 0.68674910068512 0.708123207092285 0.707224726676941 0.703775882720947 0.72578352689743 0.725709676742554 0.723727405071259 0.744782507419586 0.742925047874451 0.745503127574921 0.722337126731873 0.724192798137665 0.701824307441711 0.70105105638504 0.695851981639862 0.697483897209167 0.698140799999237 0.69633412361145 0.694767653942108 0.694047212600708 0.670070230960846 0.670878946781158 0.673784792423248 0.652812898159027 0.654232621192932 0.656494438648224 0.659450769424438 0.665658712387085 0.647361814975739 0.65274703502655 0.634557902812958 0.63766622543335 0.638563394546509 0.642959475517273 0.643083214759827 0.644230365753174 0.64441704750061 0.644371569156647 -3.4e+38 -3.4e+38 -3.4e+38
0.656823933124542 0.646953582763672 0.644599139690399 0.668623208999634 0.667167901992798 0.688219428062439 0.689312875270844 0.708866715431213 0.707300245761871 0.729275047779083 0.727872014045715 0.725925922393799 0.747501909732819 0.748491048812866 0.72495424747467 0.747401356697083 0.723931491374969 0.722045183181763 0.723121166229248 0.697753250598907 0.695318639278412 0.694553196430206 0.694511234760284 0.695363521575928 0.694723665714264 0.67462420463562 0.673706233501434 0.651001036167145 -3.4e+38 -3.4e+38 0.654610872268677 0.658056855201721 0.662769556045532 0.667319476604462 0.648334443569183 0.655207991600037 0.636541247367859 0.636829316616058 0.641714453697205 0.644212365150452 0.645700514316559 0.646770000457764 0.648813009262085 -3.4e+38 -3.4e+38 -3.4e+38 -3.4e+38
0.645558655261993 0.645594239234924 0.643699884414673 0.66698956489563 0.670543432235718 0.667284786701202 0.689094483852386 0.709396362304688 0.708572030067444 0.707182288169861 0.72871607542038 0.728642225265503 0.726958572864532 0.727032482624054 0.724640607833862 0.747079312801361 0.724957406520844 0.723579585552216 0.699382424354553 0.697454929351807 0.69805634021759 0.698832988739014 0.676359534263611 0.674293994903564 0.672355890274048 0.65444815158844 0.676409959793091 0.652992486953735 0.651843070983887 -3.4e+38 0.6570143699646 0.659001231193542 0.66416597366333 0.665786743164062 0.648073732852936 0.653245985507965 0.63528573513031 0.637606561183929 0.640182375907898 0.620346665382385 0.646885395050049 0.652437627315521 -3.4e+38 -3.4e+38 -3.4e+38 -3.4e+38 -3.4e+38
0.670183062553406 0.666262269020081 0.665626704692841 0.667288839817047 0.667245864868164 0.666477143764496 0.688656032085419 0.711890399456024 0.710991024971008 0.731627106666565 0.729303598403931 0.729042947292328 0.729116022586823 0.726652503013611 0.725187003612518 0.725452244281769 0.726305663585663 0.725768804550171 0.724171042442322 0.700337707996368 0.698068380355835 0.676788985729218 0.676788985729218 0.676119565963745 0.67824786901474 0.658035516738892 0.659746050834656 0.655554890632629 0.657381534576416 -3.4e+38 -3.4e+38 0.662930965423584 0.662019729614258 0.644206583499908 0.647402465343475 0.65332168340683 0.636155366897583 0.637778222560883 0.643178462982178 0.625867187976837 0.629806995391846 0.630627512931824 -3.4e+38 -3.4e+38 -3.4e+38 -3.4e+38 -3.4e+38
0.669623196125031 0.667881786823273 0.665640711784363 0.666225373744965 0.666321218013763 0.66769939661026 0.689565300941467 0.713342905044556 0.711683094501495 0.711215913295746 0.730758666992188 0.730758666992188 0.729963481426239 0.729076504707336 0.727762043476105 0.725630700588226 0.726241052150726 0.723809957504272 0.700525939464569 0.700884282588959 0.678703725337982 0.678456127643585 0.679595530033112 0.6571404337883 0.680658519268036 0.663295149803162 0.661880671977997 0.662094712257385 0.665315091609955 -3.4e+38 -3.4e+38 0.662996172904968 0.664057195186615 0.644201993942261 0.646342754364014 0.654123425483704 0.63724946975708 0.641166806221008 0.64916318655014 0.630214631557465 0.631393671035767 -3.4e+38 -3.4e+38 -3.4e+38 -3.4e+38 -3.4e+38 -3.4e+38
0.691819250583649 0.666690647602081 0.667532384395599 0.668307244777679 0.667858779430389 0.668640792369843 0.692353665828705 0.713417589664459 0.713284134864807 0.732398986816406 0.733672440052032 0.732251524925232 0.729150474071503 0.730571568012238 0.727870583534241 0.727944552898407 0.728591918945312 0.704652488231659 0.702976584434509 0.683690845966339 0.683538913726807 0.683893322944641 0.684037268161774 0.660519003868103 0.668524920940399 0.667188465595245 0.665394604206085 0.665104627609253 0.666073858737946 0.66726815700531 -3.4e+38 0.668262839317322 0.648041069507599 -3.4e+38 0.653703808784485 0.656410694122314 0.663571774959564 0.671711027622223 0.652229785919189 0.652453184127808 0.631619095802307 -3.4e+38 -3.4e+38 -3.4e+38 -3.4e+38 -3.4e+38 -3.4e+38
0.690869867801666 0.691086411476135 0.66747123003006 0.6684849858284 0.69383579492569 0.693977653980255 0.693123459815979 0.714231550693512 0.712139129638672 0.732767522335052 0.732398986816406 0.734516441822052 0.731864273548126 0.731807708740234 0.708408236503601 0.707074284553528 0.705820083618164 0.707100808620453 0.70756584405899 0.691460371017456 0.687127292156219 0.687687933444977 0.672211647033691 0.650348365306854 0.647912204265594 0.670730829238892 0.67199569940567 0.668795824050903 0.668576776981354 -3.4e+38 -3.4e+38 -3.4e+38 0.671463966369629 0.675344824790955 0.681063771247864 0.660652220249176 0.665874600410461 0.668043375015259 0.64643919467926 -3.4e+38 -3.4e+38 -3.4e+38 -3.4e+38 -3.4e+38 -3.4e+38 -3.4e+38 -3.4e+38
0.690521597862244 0.690064787864685 0.69113552570343 0.691954672336578 0.693660616874695 0.717606663703918 0.714439213275909 0.713110983371735 0.711921572685242 0.734036862850189 0.734148502349854 0.734516441822052 0.733723878860474 0.732305467128754 0.709709465503693 0.707813501358032 0.708950579166412 0.686915993690491 0.672052025794983 0.672052025794983 0.674273788928986 0.674121558666229 0.675186693668365 0.676978468894958 0.652987658977509 0.65448009967804 0.65268337726593 0.675332427024841 0.673969388008118 -3.4e+38 -3.4e+38 -3.4e+38 -3.4e+38 0.658923923969269 0.684528112411499 0.668125748634338 0.670725882053375 0.67004531621933 -3.4e+38 -3.4e+38 -3.4e+38 -3.4e+38 -3.4e+38 -3.4e+38 -3.4e+38 -3.4e+38 -3.4e+38
0.713973224163055 0.692045629024506 0.714482545852661 0.71525114774704 0.71603661775589 0.715065002441406 0.714353382587433 0.736075282096863 0.733868777751923 0.733980417251587 0.732728183269501 0.732193648815155 0.73283863067627 0.734202265739441 0.708882451057434 0.686619877815247 0.688484609127045 0.688465595245361 0.67594450712204 0.676325380802155 0.677279710769653 0.656663537025452 0.678994417190552 0.655975520610809 0.658534467220306 0.658033967018127 0.658180296421051 0.678330421447754 0.679125785827637 -3.4e+38 -3.4e+38 -3.4e+38 0.685936212539673 0.686777591705322 0.69087940454483 0.6952263712883 0.674166619777679 -3.4e+38 -3.4e+38 -3.4e+38 -3.4e+38 -3.4e+38 -3.4e+38 -3.4e+38 -3.4e+38 -3.4e+38 -3.4e+38
0.711753010749817 0.71340936422348 0.714541554450989 0.714262902736664 0.736480295658112 0.736386656761169 0.735707104206085 0.735042810440063 0.735560834407806 0.735672295093536 0.73585718870163 0.733796238899231 0.734349489212036 0.709933221340179 0.709577918052673 0.687439024448395 0.665497481822968 0.674451172351837 0.677848160266876 0.679068028926849 0.65643572807312 0.658657550811768 0.660109102725983 0.661101937294006 0.66128933429718 0.662618041038513 0.662303864955902 0.660311818122864 0.660952925682068 -3.4e+38 -3.4e+38 -3.4e+38 0.687190234661102 0.692441940307617 0.693669259548187 0.696191430091858 0.677074134349823 -3.4e+38 -3.4e+38 -3.4e+38 -3.4e+38 -3.4e+38 -3.4e+38 -3.4e+38 -3.4e+38 -3.4e+38 -3.4e+38
0.733936429023743 0.735628604888916 0.736021459102631 0.736446619033813 0.737310886383057 0.734564185142517 0.735559582710266 0.735705673694611 0.75701516866684 0.736497581005096 0.735212743282318 0.734990775585175 0.708779752254486 0.710978507995605 0.686650156974792 0.649592697620392 0.652592480182648 0.653092384338379 0.656513214111328 0.658353924751282 0.660693407058716 0.662985742092133 0.663520991802216 0.6653071641922 0.642524778842926 0.643776297569275 0.666773796081543 0.664632320404053 0.665460765361786 -3.4e+38 -3.4e+38 -3.4e+38 0.693961024284363 0.693286597728729 0.697583138942719 0.677291035652161 0.682212769985199 -3.4e+38 -3.4e+38 -3.4e+38 -3.4e+38 -3.4e+38 -3.4e+38 -3.4e+38 -3.4e+38 -3.4e+38 -3.4e+38
0.731548666954041 0.734892964363098 0.75712388753891 0.758713781833649 0.757900893688202 0.75739574432373 0.757285416126251 0.757232844829559 0.736423552036285 0.735632419586182 0.73631364107132 0.735540747642517 0.712442278862 0.696240186691284 0.673525452613831 0.649857461452484 0.652474999427795 0.632283210754395 0.658549189567566 0.660206377506256 0.639864802360535 0.642521679401398 0.645796895027161 0.646947205066681 0.648204028606415 0.647301197052002 0.646604120731354 0.668329358100891 0.667711198329926 0.668567478656769 -3.4e+38 0.67288875579834 0.671935677528381 0.696627259254456 0.675533056259155 0.678219437599182 -3.4e+38 -3.4e+38 -3.4e+38 -3.4e+38 -3.4e+38 -3.4e+38 -3.4e+38 -3.4e+38 -3.4e+38 -3.4e+38 -3.4e+38
0.754214227199554 0.754858016967773 0.755915522575378 0.742807626724243 0.74329936504364 0.756962478160858 0.758045136928558 0.75766521692276 0.758938312530518 0.721203148365021 0.721706509590149 0.721147537231445 0.698544085025787 0.674484372138977 0.675095200538635 0.653900980949402 0.654364585876465 0.657477855682373 0.636947631835938 0.639924228191376 0.642274498939514 0.621900677680969 0.627379059791565 0.629067361354828 0.627922832965851 0.626592397689819 0.625111401081085 0.627433657646179 0.649240553379059 -3.4e+38 -3.4e+38 0.674891948699951 0.67678689956665 0.678492903709412 0.682533800601959 0.682157158851624 -3.4e+38 -3.4e+38 -3.4e+38 -3.4e+38 -3.4e+38 -3.4e+38 -3.4e+38 -3.4e+38 -3.4e+38 -3.4e+38 -3.4e+38
0.752062022686005 0.73755270242691 0.754122734069824 0.741387367248535 0.742270290851593 0.758414208889008 0.758549928665161 0.744719088077545 0.743861258029938 0.722362339496613 0.722194969654083 0.722197771072388 0.69644296169281 0.697355985641479 0.674408257007599 0.655331015586853 0.657331645488739 0.658606827259064 0.638469874858856 0.640898585319519 0.644182324409485 0.624859869480133 0.627916216850281 0.607680141925812 0.609038770198822 0.60755068063736 0.630550146102905 0.628590404987335 -3.4e+38 -3.4e+38 -3.4e+38 0.679366827011108 0.658522665500641 0.662253499031067 0.662480890750885 -3.4e+38 -3.4e+38 -3.4e+38 -3.4e+38 -3.4e+38 -3.4e+38 -3.4e+38 -3.4e+38 -3.4e+38 -3.4e+38 -3.4e+38 -3.4e+38
0.760065317153931 0.758695542812347 0.761363923549652 0.763555288314819 0.763603687286377 0.764981925487518 0.744779467582703 0.745011448860168 0.745266199111938 0.724560499191284 0.72431892156601 0.697316646575928 0.699058592319489 0.676750600337982 0.67758971452713 0.656873464584351 0.657794237136841 0.637186825275421 0.641218364238739 0.644583225250244 0.624029815196991 0.627141177654266 0.605167269706726 0.585244178771973 0.586817979812622 0.585784435272217 0.608177900314331 0.631207346916199 0.630858540534973 -3.4e+38 -3.4e+38 -3.4e+38 0.662956714630127 0.666220366954803 -3.4e+38 -3.4e+38 -3.4e+38 -3.4e+38 -3.4e+38 -3.4e+38 -3.4e+38 -3.4e+38 -3.4e+38 -3.4e+38 -3.4e+38 -3.4e+38 -3.4e+38
0.758031666278839 0.759294271469116 0.759419739246368 0.760016679763794 0.761724233627319 0.765648365020752 0.743994891643524 0.744227051734924 0.746927320957184 0.721998393535614 0.720914721488953 0.700385451316833 0.699967861175537 0.678437352180481 0.656492292881012 0.65571665763855 0.636835098266602 0.639549851417542 0.645286560058594 0.623055517673492 0.627448678016663 0.605703115463257 0.608647882938385 0.588261425495148 0.588854610919952 0.587599992752075 0.61006498336792 0.610563039779663 0.609998404979706 -3.4e+38 -3.4e+38 -3.4e+38 -3.4e+38 -3.4e+38 -3.4e+38 -3.4e+38 -3.4e+38 -3.4e+38 -3.4e+38 -3.4e+38 -3.4e+38 -3.4e+38 -3.4e+38 -3.4e+38 -3.4e+38 -3.4e+38 -3.4e+38
0.757570922374725 0.756969928741455 0.75802081823349 0.757766783237457 0.761497974395752 0.76352059841156 0.745114743709564 0.747183561325073 0.745038211345673 0.725090980529785 0.72579699754715 0.701294004917145 0.702768385410309 0.679969906806946 0.657417595386505 0.657633900642395 0.638455152511597 0.641849160194397 0.623055517673492 0.627089142799377 0.629831910133362 0.609892070293427 0.611324548721313 0.591072857379913 0.590993702411652 0.593096375465393 0.591998040676117 0.589302062988281 0.593463540077209 0.574119806289673 0.576551496982574 0.607323944568634 0.585861444473267 -3.4e+38 -3.4e+38 -3.4e+38 -3.4e+38 -3.4e+38 -3.4e+38 -3.4e+38 -3.4e+38 -3.4e+38 -3.4e+38 -3.4e+38 -3.4e+38 -3.4e+38 -3.4e+38
0.7580246925354 0.757066071033478 0.756268501281738 0.756941616535187 0.760938823223114 0.764023303985596 0.745529651641846 0.745733201503754 0.747263431549072 0.72720992565155 0.726056396961212 0.704809129238129 0.680836737155914 0.680695354938507 0.659827947616577 0.660825788974762 0.642029762268066 0.644620478153229 0.625038504600525 0.629370629787445 0.612190723419189 0.611706972122192 0.614975690841675 0.593943178653717 0.593810558319092 0.597127497196198 0.596157312393188 0.57270336151123 0.575761139392853 0.58014315366745 0.583681464195251 0.587678849697113 0.592323899269104 -3.4e+38 -3.4e+38 -3.4e+38 -3.4e+38 -3.4e+38 -3.4e+38 -3.4e+38 -3.4e+38 -3.4e+38 -3.4e+38 -3.4e+38 -3.4e+38 -3.4e+38 -3.4e+38
0.758820474147797 0.757013976573944 0.757375657558441 0.759761333465576 0.739490270614624 0.740647733211517 0.744309186935425 0.748340904712677 0.729231834411621 0.731599509716034 0.70586633682251 0.706582248210907 0.684464156627655 0.661906659603119 0.662365853786469 0.64140772819519 0.643646419048309 0.624986529350281 0.629704475402832 0.634569942951202 0.612880527973175 0.616965711116791 0.619623899459839 0.597881734371185 0.597901284694672 0.598967552185059 0.600471794605255 0.579898655414581 0.581771731376648 0.560079395771027 0.566443562507629 0.569586157798767 0.571409463882446 -3.4e+38 -3.4e+38 -3.4e+38 -3.4e+38 -3.4e+38 -3.4e+38 -3.4e+38 -3.4e+38 -3.4e+38 -3.4e+38 -3.4e+38 -3.4e+38 -3.4e+38 -3.4e+38
0.74006599187851 0.738231122493744 0.738912343978882 0.73933619260788 0.742449223995209 0.744127333164215 0.746025264263153 0.727025151252747 0.730453252792358 0.709575057029724 0.709650456905365 0.685151100158691 0.661368370056152 0.662771642208099 0.642139077186584 0.646350920200348 0.624934554100037 0.629574120044708 0.632827937602997 0.614384829998016 0.617884337902069 0.620619297027588 0.624657034873962 0.602091908454895 0.602473735809326 0.604536175727844 0.582350611686707 0.58529257774353 0.563620030879974 0.566687226295471 0.546140015125275 0.550681412220001 0.577537536621094 0.554777145385742 -3.4e+38 -3.4e+38 -3.4e+38 -3.4e+38 -3.4e+38 -3.4e+38 -3.4e+38 -3.4e+38 -3.4e+38 -3.4e+38 -3.4e+38 -3.4e+38 -3.4e+38
