data/climate_estimation/maxent_output/Uvularia_puberula.asc
NCOLS 133 
NROWS 90 
XLLCORNER -85 
YLLCORNER 32.75 
CELLSIZE 0.0833333333333333 
NODATA_value -3.4e+38 
[rows 63 to 83 of 90, columns 0 to 45 of 133]
0.171307072043419 0.184731513261795 0.191760554909706 0.246782720088959 0.326077312231064 0.519956111907959 0.384305030107498 0.361420184373856 0.386513650417328 0.412029534578323 0.690746545791626 0.728985846042633 0.742725253105164 0.743980050086975 0.751250863075256 0.586196064949036 0.691446661949158 0.682550311088562 0.64920449256897 0.611195921897888 0.7305948138237 0.838492691516876 0.864113688468933 0.811836898326874 0.778163731098175 0.7635498046875 0.770906269550323 0.761149764060974 0.753469049930573 0.72764253616333 0.703746199607849 0.705832600593567 0.685711562633514 0.677050232887268 0.67386132478714 0.676622986793518 0.675767123699188 0.677134335041046 0.67745840549469 0.67682820558548 0.676691651344299 0.675342619419098 0.647081851959229 0.640460669994354 0.694881677627563 0.693046450614929
0.165366545319557 0.181447356939316 0.197351768612862 0.282242327928543 0.530110716819763 0.573328793048859 0.488779664039612 0.388664811849594 0.377851814031601 0.404604583978653 0.483687043190002 0.730794906616211 0.741172969341278 0.568599581718445 0.695649802684784 0.600371181964874 0.679657578468323 0.538289487361908 0.591403007507324 0.543314278125763 0.798287749290466 0.812532246112823 0.810931622982025 0.747500479221344 0.732106685638428 0.706348419189453 0.721087753772736 0.705704391002655 0.710438370704651 0.689773321151733 0.655848145484924 0.656729876995087 0.645728290081024 0.642101883888245 0.63941890001297 0.63107568025589 0.637206554412842 0.645772933959961 0.675821304321289 0.677120089530945 0.67587548494339 0.647476077079773 0.63981693983078 0.693159937858582 0.663658201694489 0.664563179016113
0.16099639236927 0.179530709981918 0.190232127904892 0.279576390981674 0.375104993581772 0.367936074733734 0.401914298534393 0.403788924217224 0.494276612997055 0.48472785949707 0.535531401634216 0.55837082862854 0.599588871002197 0.751536190509796 0.639126837253571 0.679802298545837 0.547779679298401 0.515134274959564 0.544417381286621 0.789965867996216 0.774649262428284 0.774546146392822 0.763698637485504 0.734890043735504 0.714896738529205 0.66851395368576 0.703695237636566 0.693718671798706 0.691797852516174 0.651553690433502 0.614296615123749 0.580593585968018 0.606215298175812 0.602889776229858 0.632766604423523 0.630288481712341 0.629821836948395 0.639779448509216 0.64033031463623 0.63969624042511 0.649058759212494 0.692993760108948 0.660342335700989 0.661591589450836 0.664414346218109 0.665800094604492
0.161157429218292 0.165153175592422 0.189033046364784 0.251345634460449 0.345156461000443 0.31565859913826 0.3182093501091 0.458427906036377 0.498772889375687 0.522366285324097 0.548319935798645 0.559774875640869 0.610991299152374 0.554302334785461 0.525790989398956 0.732522666454315 0.733058214187622 0.769090473651886 0.768608808517456 0.739976763725281 0.72959566116333 0.706417500972748 0.698218882083893 0.688137829303741 0.676555454730988 0.655420422554016 0.65167248249054 0.644041061401367 0.642969250679016 0.612749576568604 0.605961322784424 0.573535740375519 0.597305119037628 0.60503226518631 0.625411212444305 0.629378736019135 0.630825221538544 0.632271707057953 0.632202804088593 0.638855516910553 0.692200660705566 0.660930752754211 0.631038427352905 0.634697675704956 0.632714688777924 0.631893634796143
0.154754474759102 0.158550411462784 0.173775091767311 0.201855450868607 0.252543777227402 0.27979701757431 0.301436215639114 0.363560765981674 0.412481009960175 0.555250108242035 0.454908937215805 0.430058211088181 0.39939546585083 0.698934495449066 0.701215147972107 0.731393754482269 0.720886051654816 0.720166921615601 0.749133884906769 0.731530845165253 0.652069568634033 0.636863470077515 0.642282783985138 0.677200138568878 0.628486335277557 0.608651995658875 0.613121151924133 0.611025333404541 0.604024767875671 0.607995331287384 0.604245603084564 0.602361083030701 0.597563505172729 0.60364294052124 0.639178276062012 0.631358742713928 0.630053222179413 0.631430804729462 0.638910114765167 0.66163170337677 0.659600794315338 0.658177316188812 0.628048777580261 0.625096261501312 0.630092024803162 0.632597208023071
0.149443075060844 0.163736626505852 0.166727006435394 0.205985873937607 0.236782491207123 0.254690647125244 0.301899284124374 0.437936455011368 0.404655367136002 0.348989605903625 0.328180313110352 0.300445586442947 0.301813066005707 0.654813349246979 0.696593999862671 0.687824189662933 0.716075003147125 0.72102677822113 0.712798535823822 0.672750949859619 0.652715981006622 0.636107563972473 0.623022556304932 0.62839549779892 0.587934553623199 0.57465535402298 0.569614589214325 0.570194125175476 0.603731036186218 0.603643715381622 0.602274060249329 0.599054455757141 0.597136735916138 0.595545470714569 0.63161826133728 0.636205494403839 0.632031202316284 0.631692051887512 0.59459513425827 0.658350646495819 0.62815535068512 0.625819742679596 0.623560130596161 0.598104953765869 0.599283218383789 0.600185811519623
0.154229581356049 0.161800593137741 0.159929245710373 0.179304331541061 0.215065822005272 0.265955060720444 0.276220798492432 0.286049902439117 0.327498376369476 0.2710000872612 0.272412240505219 0.26386097073555 0.266234576702118 0.270016103982925 0.298962503671646 0.678491115570068 0.70738422870636 0.695650577545166 0.659941256046295 0.605899751186371 0.604703068733215 0.624509572982788 0.599463284015656 0.581118285655975 0.577320098876953 0.564755320549011 0.561277627944946 0.56562328338623 0.566709578037262 0.596579432487488 0.601196825504303 0.594831228256226 0.592370569705963 0.590370655059814 0.622220933437347 0.631485402584076 0.629060328006744 0.630046129226685 0.658832430839539 0.656159162521362 0.626502394676208 0.624753713607788 0.593630969524384 0.595452845096588 0.596560537815094 0.594304800033569
0.152708649635315 0.170906648039818 0.165726527571678 0.168382063508034 0.20827428996563 0.233698070049286 0.227381721138954 0.221715062856674 0.238667160272598 0.600593447685242 0.601760387420654 0.60206663608551 0.60317999124527 0.251753956079483 0.24625751376152 0.263532817363739 0.247313559055328 0.21567414700985 0.62201589345932 0.60497510433197 0.587105512619019 0.584646701812744 0.59056431055069 0.593928873538971 0.57532799243927 0.532059788703918 0.521105885505676 0.559563100337982 0.561257421970367 0.558603703975677 0.55941641330719 0.59370630979538 0.592172265052795 0.581865251064301 0.58222883939743 0.595291554927826 0.592946112155914 0.591733276844025 0.65479451417923 0.622923374176025 0.623293995857239 0.592730522155762 0.594440340995789 0.593913853168488 0.566094756126404 0.5645472407341
0.154713958501816 0.155896589159966 0.162698939442635 0.181498140096664 0.224087566137314 0.210554629564285 0.206082701683044 0.580075204372406 0.588516294956207 0.594186723232269 0.597558379173279 0.602059483528137 0.625347435474396 0.236569538712502 0.230568796396255 0.222591131925583 0.214742168784142 0.206105470657349 0.198537319898605 0.191065564751625 0.579892516136169 0.575151443481445 0.588912546634674 0.588460505008698 0.547134220600128 0.536290407180786 0.523928642272949 0.550557851791382 0.549356698989868 0.558828711509705 0.54766172170639 0.557937979698181 0.585937917232513 0.58662348985672 0.582311391830444 0.579929709434509 0.58451783657074 0.577936112880707 0.621280610561371 0.62199878692627 0.5934157371521 0.594369947910309 0.56406956911087 0.566631019115448 0.568137586116791 0.535539329051971
0.140526100993156 0.141883939504623 0.157148808240891 0.16853791475296 0.169678404927254 0.171485558152199 0.540880858898163 0.580796718597412 0.590328693389893 0.592343389987946 0.594244182109833 0.583555102348328 0.614345073699951 0.617616236209869 0.213991194963455 0.193306267261505 0.206662878394127 0.199012398719788 0.192023679614067 0.191256940364838 0.579037249088287 0.574570775032043 0.543181955814362 0.54347437620163 0.541852176189423 0.530812323093414 0.527192652225494 0.511409640312195 0.509495556354523 0.537330448627472 0.535781681537628 0.549550890922546 0.548826217651367 0.587952733039856 0.584401667118073 0.580846548080444 0.539081335067749 0.56833815574646 0.617651402950287 0.588980913162231 0.590044140815735 0.566505670547485 0.569001853466034 0.541652500629425 0.531721889972687 0.529169738292694
0.137028127908707 0.137308746576309 0.147741630673409 0.152327716350555 0.158917456865311 0.522285461425781 0.554183661937714 0.5655637383461 0.579115390777588 0.586832046508789 0.58123517036438 0.57555627822876 0.615152060985565 0.593025863170624 0.576852738857269 0.597635865211487 0.590078413486481 0.1858219653368 0.178458377718925 0.178308069705963 0.577142417430878 0.56354171037674 0.533289909362793 0.519592881202698 0.533237457275391 0.534077167510986 0.519053101539612 0.501604795455933 0.497581422328949 0.495299100875854 0.524932682514191 0.536652982234955 0.535667240619659 0.549772024154663 0.549394071102142 0.543598830699921 0.529211819171906 0.526736378669739 0.496797859668732 0.589353680610657 0.559426426887512 0.563555538654327 0.537704527378082 0.533676862716675 0.504860460758209 0.503744602203369
0.148399755358696 0.159216403961182 0.153630241751671 0.153884381055832 0.519167423248291 0.514572501182556 0.559070706367493 0.56546688079834 0.572229206562042 0.572318375110626 0.566619873046875 0.569765567779541 0.600235998630524 0.586293160915375 0.571169555187225 0.560100734233856 0.542877018451691 0.571235179901123 0.555567383766174 0.552483379840851 0.552594363689423 0.520134091377258 0.510129630565643 0.510514497756958 0.509288370609283 0.482759535312653 0.494592756032944 0.491892844438553 0.48755070567131 0.486905366182327 0.484388411045074 0.524727582931519 0.525021374225616 0.525487899780273 0.53552109003067 0.534175515174866 0.529238998889923 0.488074451684952 0.483641684055328 0.556316912174225 0.560071170330048 0.533259630203247 0.531396448612213 0.506252765655518 0.479349941015244 0.452888488769531
0.178215473890305 0.160362645983696 0.165250539779663 0.161430835723877 0.512293100357056 0.547395348548889 0.516035735607147 0.549551546573639 0.556342542171478 0.560133934020996 0.552167117595673 0.550402998924255 0.585561156272888 0.578792989253998 0.564815402030945 0.553577661514282 0.552416563034058 0.52913898229599 0.513190805912018 0.496963769197464 0.509121179580688 0.508689224720001 0.499653071165085 0.510842859745026 0.49710288643837 0.459069430828094 0.457313746213913 0.482562214136124 0.467060625553131 0.465288639068604 0.478003859519958 0.474580556154251 0.487837612628937 0.484571784734726 0.523476541042328 0.482150703668594 0.478963404893875 0.477873414754868 0.448094487190247 0.558294177055359 0.534540355205536 0.536695539951324 0.513704299926758 0.515099942684174 0.482929557561874 0.391995817422867
0.180491715669632 0.162334948778152 0.161333933472633 0.150077924132347 0.150133088231087 0.505408704280853 0.496087044477463 0.534372568130493 0.541158854961395 0.551188111305237 0.545109272003174 0.575577020645142 0.544159412384033 0.563827991485596 0.554837226867676 0.545628786087036 0.530194282531738 0.515596508979797 0.5012566447258 0.486670523881912 0.48514798283577 0.499002784490585 0.499978363513947 0.460767447948456 0.458818942308426 0.462713479995728 0.471087336540222 0.499185502529144 0.481690675020218 0.468516737222672 0.467311173677444 0.464875459671021 0.475886225700378 0.472659170627594 0.471667885780334 0.459352403879166 0.468896418809891 0.471824586391449 0.456193476915359 0.428707301616669 0.540511071681976 0.51251357793808 0.509229838848114 0.483317673206329 0.4580959379673 0.394125938415527
0.17550265789032 0.163313522934914 0.157093197107315 0.152550712227821 0.141716420650482 0.13707572221756 0.484993696212769 0.522458553314209 0.533967435359955 0.535811960697174 0.532804012298584 0.5277019739151 0.529118359088898 0.527578115463257 0.506018161773682 0.533366858959198 0.51777708530426 0.475578010082245 0.489014834165573 0.488659083843231 0.435929358005524 0.459669828414917 0.463283121585846 0.462084770202637 0.452237367630005 0.464165031909943 0.492320656776428 0.488528579473495 0.476347893476486 0.474178045988083 0.471216142177582 0.468007951974869 0.453558743000031 0.452715218067169 0.449663817882538 0.461997002363205 0.474473118782043 0.462318241596222 0.461374253034592 0.41070693731308 0.535302460193634 0.481164246797562 0.415420830249786 0.4576615691185 0.435577124357224 0.437656700611115
0.170609310269356 0.165035218000412 0.152389779686928 0.153408348560333 0.13759645819664 0.133057564496994 0.487683564424515 0.514631688594818 0.511287569999695 0.515353918075562 0.525438129901886 0.5189169049263 0.504395663738251 0.504941999912262 0.482268869876862 0.481428116559982 0.46772763133049 0.463276654481888 0.440202504396439 0.437420338392258 0.40018019080162 0.4387366771698 0.451462537050247 0.451495736837387 0.454237520694733 0.453799724578857 0.445036858320236 0.455822676420212 0.480127424001694 0.477408349514008 0.462400257587433 0.457250028848648 0.455589890480042 0.442703157663345 0.44208613038063 0.419608980417252 0.422724485397339 0.453252822160721 0.409662783145905 0.407081812620163 0.436546295881271 0.442324578762054 0.419719398021698 0.383861392736435 0.361049473285675 0.341845870018005
0.172694250941277 0.161710813641548 0.134511291980743 0.129358500242233 0.138719111680984 0.483601957559586 0.481441557407379 0.471801280975342 0.47285532951355 0.502208888530731 0.493209689855576 0.495351701974869 0.48180103302002 0.454448312520981 0.470521748065948 0.470993041992188 0.455132395029068 0.441799640655518 0.403954386711121 0.391002893447876 0.391319036483765 0.402563095092773 0.428213655948639 0.428489983081818 0.419001996517181 0.41908523440361 0.433300167322159 0.446270406246185 0.432935386896133 0.456645220518112 0.453368484973907 0.463885515928268 0.44873371720314 0.402228534221649 0.38005855679512 0.341955810785294 0.401341766119003 0.376711934804916 0.332231432199478 0.481293499469757 0.440725445747375 0.379582166671753 0.383974850177765 0.329129606485367 0.331326425075531 0.281067818403244
0.150969982147217 0.140916362404823 0.131433442234993 0.135886341333389 0.146022692322731 0.485665619373322 0.473040789365768 0.463798224925995 0.465218096971512 0.453275918960571 0.455894976854324 0.443958163261414 0.444019705057144 0.433961242437363 0.432017207145691 0.420984029769897 0.40634697675705 0.396103024482727 0.393781393766403 0.392440855503082 0.381862848997116 0.370568454265594 0.382654160261154 0.396754145622253 0.420590609312057 0.422229945659637 0.423990875482559 0.448684811592102 0.437874674797058 0.461669653654099 0.469650208950043 0.455431431531906 0.438655436038971 0.406084686517715 0.382476836442947 0.296377927064896 0.348155587911606 0.25678163766861 0.274648100137711 0.44423696398735 0.404801934957504 0.348403722047806 0.315644025802612 0.26987013220787 0.253874242305756 0.249272227287292
0.13598857820034 0.131895825266838 0.133200645446777 0.137143149971962 0.480046898126602 0.479533463716507 0.466578274965286 0.456430703401566 0.470158100128174 0.458148837089539 0.447143703699112 0.434059202671051 0.422072231769562 0.411430060863495 0.411547958850861 0.39881357550621 0.387559056282043 0.374792158603668 0.360855638980865 0.383837938308716 0.325095891952515 0.334835350513458 0.345359623432159 0.380657613277435 0.413554757833481 0.40298980474472 0.416560053825378 0.443172186613083 0.442353695631027 0.43897670507431 0.435776144266129 0.448428303003311 0.420027315616608 0.412028193473816 0.386609882116318 0.252732396125793 0.190196543931961 0.21097993850708 0.370222002267838 0.371553659439087 0.315882056951523 0.318701952695847 0.271142244338989 0.243203416466713 0.20054417848587 0.180891320109367
0.123219832777977 0.133161380887032 0.138276189565659 0.130254000425339 0.446070373058319 0.432213962078094 0.434463918209076 0.42339426279068 0.435951113700867 0.449498683214188 0.448729127645493 0.401459932327271 0.388869643211365 0.368119597434998 0.365984946489334 0.355493754148483 0.342375308275223 0.342218697071075 0.31744447350502 0.34705725312233 0.326104342937469 0.29507714509964 0.267993748188019 0.26903110742569 0.350806444883347 0.398432374000549 0.394551306962967 0.406063109636307 0.433154761791229 0.418799668550491 0.416103214025497 0.413967728614807 0.418622881174088 0.392257869243622 0.304771572351456 0.221856459975243 0.155629232525826 0.159947663545609 0.173205330967903 0.338507503271103 0.287910491228104 0.270834743976593 0.245132565498352 0.218878775835037 0.189998477697372 0.176469922065735
0.115263871848583 0.115735590457916 0.124832257628441 0.129925325512886 0.437821120023727 0.425857990980148 0.414979726076126 0.415928542613983 0.427665859460831 0.404952734708786 0.40353325009346 0.393877685070038 0.381837278604507 0.358429282903671 0.347249686717987 0.336834162473679 0.330715000629425 0.307990610599518 0.278361082077026 0.286377221345901 0.257793098688126 0.232664838433266 0.234559834003448 0.242640644311905 0.280050337314606 0.304533720016479 0.323390185832977 0.381794691085815 0.386792212724686 0.396121919155121 0.407312095165253 0.390675932168961 0.365705788135529 0.341062724590302 0.278965771198273 0.225405484437943 0.182147040963173 0.127008870244026 0.258872717618942 0.260732650756836 0.244820684194565 0.242380514740944 0.194564342498779 0.182285070419312 0.165539562702179 0.167516797780991
