data/climate_estimation/maxent_output/Uvularia_grandiflora.asc
NCOLS 310 
NROWS 232 
XLLCORNER -96.0833333333333 
YLLCORNER 31 
CELLSIZE 0.0833333333333333 
NODATA_value -3.4e+38 
[rows 80 to 99 of 232, columns 92 to 137 of 310]
0.660624265670776 0.662491977214813 0.678758978843689 0.685416877269745 0.685948848724365 0.693043351173401 0.667527556419373 0.645092189311981 0.636181652545929 0.627793669700623 0.616736888885498 0.599388897418976 0.575326204299927 0.559296429157257 0.565918028354645 0.548127293586731 0.560716092586517 0.573352694511414 0.578667342662811 0.58172208070755 0.582686424255371 0.589887797832489 0.621782958507538 0.626989424228668 0.648734867572784 0.679670631885529 0.696860253810883 0.731165170669556 0.734433233737946 0.748037397861481 0.760551035404205 0.774356126785278 0.759489715099335 0.762436807155609 0.77278459072113 0.761758863925934 0.765086829662323 0.748796582221985 0.751950263977051 0.762402057647705 0.733649730682373 0.71779853105545 0.713232278823853 0.68976229429245 0.706159591674805 0.706925272941589
0.666566431522369 0.674241304397583 0.668033123016357 0.676275610923767 0.67186051607132 0.660675406455994 0.645632922649384 0.623403906822205 0.607543766498566 0.598389208316803 0.605006396770477 0.593892097473145 0.569582343101501 0.570202767848969 0.555472731590271 0.555883228778839 0.577238440513611 0.58273321390152 0.570747077465057 0.596969962120056 0.598902642726898 0.583562970161438 0.588974118232727 0.618805706501007 0.643490731716156 0.655700445175171 0.685740113258362 0.711459159851074 0.733185708522797 0.75678688287735 0.75351357460022 0.749472260475159 0.779909670352936 0.76686304807663 0.772107005119324 0.776995718479156 0.772503256797791 0.77149224281311 0.751644730567932 0.745070338249207 0.736678659915924 0.727746784687042 0.709061801433563 0.692842304706573 0.688884675502777 0.692401945590973
0.668696165084839 0.674654543399811 0.673951148986816 0.664414882659912 0.654822885990143 0.641992330551147 0.611808657646179 0.592722177505493 0.596387445926666 0.600238680839539 0.597045302391052 0.592163801193237 0.581432640552521 0.567896962165833 0.5762779712677 0.577150702476501 0.569236636161804 0.5766561627388 0.584442496299744 0.599521815776825 0.596804797649384 0.598066866397858 0.597207009792328 0.615996122360229 0.62838226556778 0.645598411560059 0.672946035861969 0.700639188289642 0.723924577236176 0.73206627368927 0.750608205795288 0.763982951641083 0.773555934429169 0.766913831233978 0.775086045265198 0.766751527786255 0.77770733833313 0.773781001567841 0.752703368663788 0.747158408164978 0.756776452064514 0.738106667995453 0.708035945892334 0.703032076358795 0.686355233192444 0.677192687988281
0.68633496761322 0.674038410186768 0.665840566158295 0.663470268249512 0.646710276603699 0.617471575737 0.5903360247612 0.58240419626236 0.588540554046631 0.590356707572937 0.587929308414459 0.58396577835083 0.572359144687653 0.57021290063858 0.574932515621185 0.573344707489014 0.569017946720123 0.571500360965729 0.577835500240326 0.589810311794281 0.597179710865021 0.596627116203308 0.598031461238861 0.602006256580353 0.618652880191803 0.632349848747253 0.676406383514404 0.68664026260376 0.706600844860077 0.737644791603088 0.739662706851959 0.760193049907684 0.770514011383057 0.765639662742615 0.774085760116577 0.788713574409485 0.776318073272705 0.777150869369507 0.764182806015015 0.752533137798309 0.739846348762512 0.740459084510803 0.732674777507782 0.717894792556763 0.708108186721802 0.682526171207428
0.684183359146118 0.676731765270233 0.660642623901367 0.661069273948669 0.64290189743042 0.616357922554016 0.586655616760254 0.59543365240097 0.588504612445831 0.582233607769012 0.577789127826691 0.573396861553192 0.588886380195618 0.578596591949463 0.580198585987091 0.574320495128632 0.578829824924469 0.573071658611298 0.594251811504364 0.588982880115509 0.587608337402344 0.588257789611816 0.591013669967651 0.616329967975616 0.63154411315918 0.637913644313812 0.657074630260468 0.678436279296875 0.712165951728821 0.725152015686035 0.735050559043884 0.751810550689697 0.767669558525085 0.777614295482635 0.774651885032654 0.768732786178589 0.779125213623047 0.780213892459869 0.783881306648254 0.76015830039978 0.74697345495224 0.730775833129883 0.725085735321045 0.713567197322845 0.705740094184875 0.703925371170044
0.684667646884918 0.690204620361328 0.665756940841675 0.663892030715942 0.654184103012085 0.642868757247925 0.620875597000122 0.60028749704361 0.5826176404953 0.57409530878067 0.572396516799927 0.582304775714874 0.580534815788269 0.570587337017059 0.574567317962646 0.589033961296082 0.581305086612701 0.580985128879547 0.591014266014099 0.589487791061401 0.589939594268799 0.612068593502045 0.613172173500061 0.619282066822052 0.618466973304749 0.630551755428314 0.656717240810394 0.676365494728088 0.705830216407776 0.732385694980621 0.743918776512146 0.749528408050537 0.768856883049011 0.778310596942902 0.772421956062317 0.781879961490631 0.782309114933014 0.783391177654266 0.790271937847137 0.776506304740906 0.761896848678589 0.73284387588501 0.716479003429413 0.724518597126007 0.713593423366547 0.711773991584778
0.701496779918671 0.699462950229645 0.687170028686523 0.686907231807709 0.684359788894653 0.675759732723236 0.643214464187622 0.614337861537933 0.601323246955872 0.578243553638458 0.59730064868927 0.581704139709473 0.58614456653595 0.591347098350525 0.563782870769501 0.583554923534393 0.58955055475235 0.597341418266296 0.596119999885559 0.594008445739746 0.61509907245636 0.608504772186279 0.613309442996979 0.631272733211517 0.637383639812469 0.637899398803711 0.645541250705719 0.66007673740387 0.691672086715698 0.723970115184784 0.738301515579224 0.762106359004974 0.76035875082016 0.773919820785522 0.787695169448853 0.780672192573547 0.794401288032532 0.801276504993439 0.788213610649109 0.777729272842407 0.768303751945496 0.752230107784271 0.725402176380157 0.731880962848663 0.715848565101624 0.711024641990662
0.700967490673065 0.717168271541595 0.717668950557709 0.71329528093338 0.704825699329376 0.678977012634277 0.63640946149826 0.607988357543945 0.600480616092682 0.589859068393707 0.574729859828949 0.573193550109863 0.576717436313629 0.583255469799042 0.58735066652298 0.587740957736969 0.601640641689301 0.602461218833923 0.595287978649139 0.612546503543854 0.612513542175293 0.61011677980423 0.612390637397766 0.632250785827637 0.639424741268158 0.645080387592316 0.654083549976349 0.666009545326233 0.693113088607788 0.724391102790833 0.7417973279953 0.752943634986877 0.771010398864746 0.785525381565094 0.780394315719604 0.795981228351593 0.785845875740051 0.797904491424561 0.7973672747612 0.793678641319275 0.767403066158295 0.750815868377686 0.733323276042938 0.737063884735107 0.714246511459351 0.7066730260849
0.725166440010071 0.722682297229767 0.718258559703827 0.713671386241913 0.695687234401703 0.67949253320694 0.648993253707886 0.618501842021942 0.591305136680603 0.590160727500916 0.589866578578949 0.575364410877228 0.582004725933075 0.588704288005829 0.583969235420227 0.583668351173401 0.588024616241455 0.601778984069824 0.596869647502899 0.619918942451477 0.616503477096558 0.620333313941956 0.622189044952393 0.646999478340149 0.650431752204895 0.656231045722961 0.654985666275024 0.677573204040527 0.698359549045563 0.718464493751526 0.740813970565796 0.756689131259918 0.757113575935364 0.777964115142822 0.792478144168854 0.785871386528015 0.798209607601166 0.803180277347565 0.781357705593109 0.776427268981934 0.772329211235046 0.7620849609375 0.735396325588226 0.715314507484436 0.722286522388458 0.697770297527313
0.726154744625092 0.727555274963379 0.709462583065033 0.705118060112 0.689277648925781 0.662433862686157 0.620076656341553 0.619191348552704 0.591478645801544 0.583059549331665 0.59302818775177 0.580462634563446 0.584620893001556 0.594779670238495 0.581935882568359 0.592844843864441 0.607898652553558 0.60624372959137 0.60313081741333 0.622718989849091 0.62100887298584 0.617367208003998 0.625901699066162 0.637006521224976 0.658907413482666 0.66545706987381 0.671380221843719 0.688129067420959 0.710131525993347 0.722244560718536 0.735278308391571 0.74899286031723 0.752195656299591 0.78158700466156 0.780882060527802 0.781162679195404 0.78985607624054 0.783104658126831 0.779323220252991 0.772252321243286 0.765129625797272 0.735630393028259 0.724100589752197 0.714111924171448 0.70974200963974 0.697342216968536
0.739440143108368 0.726407706737518 0.705587327480316 0.707174360752106 0.671268224716187 0.651676654815674 0.623245894908905 0.601436376571655 0.587670266628265 0.580127537250519 0.568363010883331 0.57495105266571 0.592297255992889 0.597042918205261 0.605785369873047 0.597207725048065 0.609573781490326 0.619695663452148 0.609906315803528 0.625866055488586 0.618418872356415 0.631563127040863 0.645587682723999 0.650777101516724 0.65275239944458 0.677159786224365 0.687390506267548 0.70641165971756 0.71946907043457 0.719745934009552 0.750080764293671 0.748702645301819 0.761601090431213 0.76969963312149 0.77620655298233 0.775679707527161 0.780987620353699 0.774029791355133 0.764216721057892 0.75186812877655 0.747173845767975 0.733328104019165 0.713816106319427 0.704453110694885 0.703120052814484 0.67909175157547
0.757846534252167 0.733202338218689 0.712024509906769 0.691123902797699 0.678323984146118 0.645925402641296 0.605745255947113 0.59393709897995 0.585082828998566 0.567283451557159 0.578095376491547 0.581456482410431 0.594763696193695 0.594250082969666 0.59367823600769 0.602028548717499 0.615158081054688 0.620268166065216 0.633187770843506 0.635513663291931 0.633082568645477 0.652511358261108 0.662434816360474 0.668220102787018 0.653232216835022 0.661250352859497 0.693174362182617 0.710428953170776 0.717754065990448 0.739489674568176 0.731812655925751 0.744525551795959 0.743203341960907 0.766867578029633 0.776601731777191 0.770417332649231 0.766421020030975 0.766141712665558 0.749417841434479 0.762388646602631 0.738678634166718 0.728940904140472 0.712463080883026 0.689625024795532 0.699487626552582 0.688242614269257
0.775829434394836 0.748006284236908 0.727884292602539 0.706815659999847 0.674637198448181 0.647336661815643 0.615860879421234 0.588244080543518 0.572319626808167 0.573590755462646 0.579664170742035 0.58897477388382 0.5982825756073 0.609705090522766 0.611252844333649 0.607764005661011 0.609022915363312 0.624136388301849 0.648468375205994 0.643453121185303 0.643181979656219 0.641053855419159 0.662401795387268 0.666917860507965 0.667826771736145 0.682117402553558 0.682202458381653 0.722233057022095 0.736703991889954 0.737539947032928 0.748671174049377 0.744087219238281 0.753266990184784 0.759012639522552 0.76758885383606 0.763525068759918 0.757102906703949 0.769935667514801 0.763364195823669 0.734125137329102 0.748772263526917 0.715361058712006 0.711108863353729 0.695482492446899 0.693138182163239 0.693040192127228
0.772360563278198 0.743351638317108 0.727908074855804 0.711698174476624 0.678347110748291 0.656693637371063 0.631844341754913 0.582420349121094 0.592009127140045 0.597071409225464 0.595992743968964 0.600491046905518 0.611575126647949 0.61941009759903 0.628789067268372 0.616598188877106 0.637115061283112 0.629869520664215 0.648260653018951 0.654460549354553 0.671275198459625 0.659924149513245 0.672428607940674 0.668766856193542 0.674938023090363 0.677832126617432 0.697354316711426 0.714693665504456 0.732652187347412 0.733491718769073 0.752995908260345 0.747943878173828 0.752456784248352 0.764153361320496 0.763211488723755 0.770143747329712 0.764928996562958 0.759467661380768 0.757213294506073 0.748496830463409 0.717279434204102 0.704673707485199 0.697813987731934 0.691074252128601 0.682481288909912 0.681924402713776
0.768464684486389 0.76192718744278 0.745976865291595 0.726544320583344 0.69749915599823 0.680176615715027 0.638447940349579 0.617623805999756 0.607547581195831 0.608501672744751 0.609959304332733 0.620068252086639 0.622065901756287 0.627285242080688 0.627673804759979 0.630816578865051 0.647619962692261 0.647696971893311 0.660852909088135 0.65913987159729 0.686102688312531 0.679668128490448 0.688017725944519 0.681665062904358 0.670795619487762 0.671491324901581 0.695139944553375 0.720315754413605 0.737705886363983 0.748741507530212 0.756469905376434 0.756005764007568 0.771609425544739 0.769933819770813 0.77759313583374 0.776858627796173 0.773015975952148 0.76300173997879 0.755338966846466 0.737272977828979 0.722020268440247 0.713762104511261 0.70661187171936 0.700499176979065 0.687929332256317 0.676523745059967
0.762106955051422 0.760618984699249 0.74733579158783 0.729330718517303 0.706924676895142 0.690913796424866 0.671717464923859 0.635894298553467 0.627908110618591 0.61956113576889 0.624654531478882 0.628282785415649 0.633004069328308 0.627256870269775 0.64806079864502 0.638393104076385 0.654735684394836 0.680339455604553 0.677261710166931 0.679679393768311 0.693318963050842 0.698372960090637 0.692209422588348 0.694550335407257 0.688368320465088 0.681243002414703 0.703524589538574 0.732967376708984 0.748820960521698 0.767400741577148 0.767014563083649 0.775617003440857 0.775840759277344 0.774074554443359 0.774486660957336 0.775036036968231 0.760525822639465 0.749296009540558 0.735121250152588 0.726756393909454 0.71318382024765 0.700265824794769 0.68920773267746 0.692741572856903 0.685958623886108 0.673440992832184
0.763820290565491 0.760811984539032 0.746053397655487 0.729466795921326 0.723824024200439 0.716264188289642 0.68212103843689 0.672345340251923 0.661217868328094 0.657800912857056 0.638940393924713 0.645178914070129 0.652755737304688 0.658415853977203 0.655081450939178 0.651187062263489 0.671019196510315 0.685454964637756 0.683432936668396 0.708506762981415 0.713958024978638 0.712344825267792 0.710107386112213 0.715255498886108 0.716993808746338 0.721861720085144 0.72921222448349 0.745075166225433 0.76171463727951 0.77283239364624 0.780258655548096 0.782228767871857 0.773007392883301 0.772114276885986 0.764163196086884 0.763864696025848 0.758385717868805 0.757155418395996 0.729927480220795 0.711292505264282 0.698947429656982 0.685930371284485 0.670083522796631 0.682693958282471 0.681025385856628 0.679376542568207
0.763935983181 0.754082977771759 0.746014416217804 0.72700434923172 0.730619788169861 0.721859514713287 0.717318177223206 0.711579322814941 0.688480317592621 0.685039103031158 0.687685966491699 0.685581028461456 0.666578471660614 0.674350082874298 0.671720445156097 0.664744317531586 0.682522118091583 0.703844487667084 0.698471367359161 0.716688334941864 0.727444231510162 0.73104602098465 0.748869121074677 0.757429718971252 0.757102966308594 0.759784519672394 0.76740837097168 0.765403926372528 0.776652336120605 0.780425369739532 0.784845471382141 0.77126270532608 0.77487450838089 0.752809941768646 0.75667405128479 0.743923246860504 0.742824673652649 0.729759931564331 0.700831890106201 0.696498811244965 0.690259337425232 0.695761322975159 0.680714428424835 0.685088634490967 0.693941235542297 0.697935342788696
0.747160732746124 0.75622022151947 0.743588805198669 0.752501606941223 0.730870187282562 0.747753858566284 0.74627411365509 0.724220871925354 0.716798961162567 0.700898408889771 0.702434241771698 0.699593782424927 0.680614590644836 0.691499173641205 0.693954408168793 0.696152567863464 0.689581215381622 0.717994153499603 0.715541481971741 0.736688852310181 0.7388516664505 0.763799428939819 0.765975594520569 0.772729158401489 0.784894704818726 0.792674243450165 0.780088067054749 0.778868615627289 0.777304410934448 0.785839080810547 0.785094022750854 0.771290600299835 0.753636062145233 0.763108789920807 0.760141134262085 0.739505767822266 0.739139556884766 0.718403935432434 0.703286409378052 0.692235469818115 0.686363279819489 0.691237568855286 0.695977687835693 0.690491557121277 0.68460887670517 0.69346159696579
0.764782965183258 0.756108462810516 0.750996947288513 0.754143297672272 0.759669482707977 0.760620594024658 0.753831505775452 0.737955749034882 0.738998770713806 0.737588286399841 0.722061634063721 0.705434560775757 0.723210513591766 0.703633308410645 0.70127660036087 0.718105912208557 0.705686390399933 0.727279663085938 0.747470498085022 0.743973314762115 0.745243728160858 0.773813784122467 0.778753876686096 0.791357278823853 0.795183539390564 0.802586495876312 0.798909962177277 0.789322137832642 0.787069022655487 0.788517117500305 0.770606458187103 0.76349937915802 0.752394258975983 0.765544056892395 0.749772727489471 0.749772727489471 0.742397964000702 0.743279218673706 0.706434369087219 0.701629042625427 0.723391830921173 0.71252828836441 0.70255970954895 0.710965037345886 0.704521179199219 0.728870868682861
