data/climate_estimation/maxent_output/Uvularia_grandiflora.asc
NCOLS 310 
NROWS 232 
XLLCORNER -96.0833333333333 
YLLCORNER 31 
CELLSIZE 0.0833333333333333 
NODATA_value -3.4e+38 
[rows 60 to 79 of 232, columns 230 to 275 of 310]
0.760134994983673 0.638320326805115 0.624553918838501 0.675354659557343 0.582036316394806 0.580288708209991 0.516769587993622 0.470071077346802 0.463106691837311 0.527960002422333 0.585542917251587 0.653619468212128 0.684570848941803 0.73836225271225 0.783752679824829 0.805851221084595 0.822128593921661 0.824151337146759 0.829646289348602 0.863511741161346 0.84044224023819 0.849234402179718 0.854886293411255 0.853933870792389 0.858491063117981 0.860311925411224 0.869068741798401 0.870945692062378 0.868082046508789 0.875401318073273 0.878494024276733 0.877270758152008 0.880740344524384 0.884926557540894 0.887139678001404 0.886446177959442 0.888279378414154 0.888400852680206 0.87238621711731 0.875938475131989 0.882672786712646 0.873155236244202 0.878134667873383 0.876799345016479 0.871097147464752 0.869285583496094
0.757218420505524 0.729914247989655 0.704615414142609 0.690153896808624 0.647451400756836 0.603839337825775 0.558761179447174 0.516443908214569 0.433599889278412 0.482746690511703 0.58094733953476 0.638674914836884 0.657527923583984 0.772876858711243 0.781257748603821 0.807961344718933 0.820465862751007 0.851049721240997 0.831008315086365 0.834229707717896 0.842883348464966 0.847529232501984 0.853502929210663 0.858329474925995 0.862594664096832 0.866978824138641 0.874396681785583 0.851414322853088 0.879884243011475 0.881363213062286 0.887252569198608 0.886360287666321 0.88897979259491 0.889101684093475 0.888193249702454 0.889056205749512 0.870607376098633 0.871750473976135 0.876492023468018 0.870479106903076 0.872523844242096 0.859611511230469 0.862233281135559 0.870016694068909 0.865077078342438 0.863588809967041
0.776584982872009 0.760486543178558 0.740789294242859 0.710045337677002 0.687518537044525 0.645506858825684 0.598966062068939 0.557018101215363 0.513669431209564 0.536523640155792 0.577402293682098 0.648111462593079 0.71336030960083 0.762934267520905 0.809943854808807 0.804803848266602 0.820734679698944 0.823543190956116 0.832723379135132 0.841810047626495 0.844320595264435 0.849829852581024 0.855060398578644 0.838213503360748 0.843064904212952 0.851038157939911 0.858621835708618 0.860788524150848 0.863770961761475 0.868476629257202 0.890692412853241 0.895797550678253 0.893381476402283 0.89500766992569 0.87735790014267 0.878941357135773 0.86559796333313 0.861531913280487 0.854231178760529 0.856057822704315 0.846655368804932 0.852686882019043 0.855706930160522 0.844911634922028 0.851088762283325 0.857779264450073
0.755036652088165 0.777781128883362 0.736109554767609 0.713599443435669 0.706309795379639 0.651606202125549 0.610043942928314 0.552288949489594 0.564032196998596 0.61008882522583 0.66604620218277 0.722696006298065 0.700050830841064 0.753297626972198 0.806681871414185 0.831611156463623 0.82068920135498 0.829769194126129 0.836656749248505 0.839635729789734 0.848527610301971 0.853800535202026 0.83765035867691 0.84106457233429 0.852449357509613 0.837610304355621 0.846425950527191 0.854186236858368 0.87291294336319 0.870131611824036 0.877290546894073 0.898653924465179 0.899333834648132 0.897876262664795 0.866851806640625 0.865695118904114 0.84207820892334 0.840389251708984 0.830555856227875 0.832786440849304 0.836047351360321 0.82347172498703 0.827968716621399 0.836898446083069 0.839907109737396 0.844211101531982
0.727894484996796 0.773495256900787 0.731604874134064 0.734203100204468 0.735115110874176 0.679010510444641 0.69572377204895 0.661304414272308 0.661763787269592 0.661905169487 0.719853281974792 0.769532084465027 0.780603289604187 0.799078166484833 0.826472461223602 0.838655054569244 0.818294763565063 0.827531099319458 0.839434504508972 0.843640923500061 0.853216946125031 0.859370589256287 0.842876970767975 0.850758910179138 0.839397192001343 0.847526907920837 0.845337986946106 0.846224009990692 0.862299263477325 0.864995658397675 0.867206871509552 0.879926145076752 0.87586909532547 0.84645003080368 0.823655128479004 0.74004715681076 0.726022243499756 0.778472065925598 0.798588573932648 0.799430131912231 0.784230589866638 0.777653813362122 0.781146049499512 0.798646092414856 0.820438504219055 0.827893376350403
0.768314480781555 0.745603203773499 0.770410180091858 0.792915880680084 0.748803377151489 0.76892501115799 0.731770575046539 0.711646616458893 0.746794700622559 0.711186349391937 0.777243494987488 0.776423931121826 0.817102491855621 0.844137251377106 0.86190927028656 0.844498455524445 0.823861658573151 0.813523709774017 0.820608615875244 0.823605000972748 0.836657285690308 0.844084978103638 0.837313234806061 0.831943929195404 0.830950140953064 0.842908203601837 0.835325479507446 0.841939568519592 0.85775899887085 0.855070650577545 0.843086779117584 0.836723625659943 0.796764731407166 0.677705824375153 0.619523346424103 0.580629527568817 0.683392882347107 0.737106025218964 0.773776471614838 0.777512192726135 0.759900093078613 0.760227203369141 0.760074019432068 0.793507874011993 0.79983001947403 0.807593762874603
0.792567610740662 0.792340874671936 0.795466482639313 0.79575651884079 0.817390620708466 0.817774057388306 0.807087540626526 0.778001666069031 0.777862548828125 0.789775133132935 0.803378582000732 0.8402139544487 0.8390873670578 0.855899512767792 0.841942250728607 0.853413462638855 0.832650780677795 0.819792628288269 0.829204976558685 0.820815324783325 0.823416948318481 0.831850230693817 0.829319000244141 0.823655366897583 0.832485556602478 0.834869027137756 0.829528570175171 0.83317106962204 0.8338303565979 0.811837077140808 0.722788691520691 0.674750328063965 0.630863606929779 0.454467207193375 0.438417851924896 0.533088266849518 0.450946718454361 0.518847167491913 0.61405348777771 0.669849514961243 0.749936103820801 0.750263690948486 0.753350377082825 0.768199443817139 0.782445967197418 0.802432119846344
0.800106346607208 0.808027267456055 0.807326018810272 0.803515613079071 0.823899388313293 0.80449903011322 0.824478328227997 0.798115789890289 0.813275754451752 0.811795353889465 0.835979700088501 0.836368560791016 0.840763926506042 0.86170357465744 0.840541243553162 0.858766078948975 0.839487493038177 0.814040243625641 0.820105493068695 0.822521209716797 0.831753075122833 0.82927018404007 0.831118822097778 0.821853995323181 0.83279937505722 0.821116864681244 0.817354381084442 0.784065723419189 0.70772784948349 0.58534187078476 0.536262333393097 0.491570204496384 0.540406286716461 0.475985497236252 0.438228338956833 0.5076984167099 0.273195534944534 0.472474098205566 0.708328425884247 0.76037323474884 0.743255019187927 0.735849142074585 0.744622349739075 0.769263744354248 0.795051217079163 0.781286656856537
0.808531045913696 0.807956218719482 0.80830180644989 0.779030382633209 0.758145809173584 0.779295206069946 0.806824922561646 0.807460725307465 0.807905316352844 0.831871569156647 0.835942983627319 0.846639931201935 0.851031064987183 0.861850678920746 0.87267678976059 0.861818015575409 0.822887122631073 0.813898265361786 0.811531364917755 0.818002939224243 0.825751781463623 0.809951543807983 0.823117315769196 0.822206556797028 0.796244025230408 0.746755182743073 0.701456844806671 0.632455885410309 0.558322966098785 0.581843614578247 0.531212329864502 0.494987398386002 0.443420857191086 0.453408658504486 0.453446745872498 0.48155465722084 0.621026873588562 0.741431713104248 0.751008987426758 0.762000799179077 0.74197119474411 0.736519157886505 0.768607139587402 0.768393695354462 0.785570740699768 0.785534143447876
0.79812353849411 0.778997242450714 0.779096484184265 0.763397455215454 0.763869047164917 0.779761135578156 0.793851435184479 0.807550966739655 0.819410800933838 0.83302366733551 0.847728967666626 0.848779797554016 0.858838319778442 0.866961121559143 0.854335606098175 0.867414355278015 0.832201421260834 0.824207603931427 0.818071961402893 0.825892329216003 0.82833343744278 0.820096135139465 0.804787039756775 0.777048587799072 0.711656928062439 0.625063419342041 0.626538872718811 0.554458796977997 0.50410783290863 0.530044555664062 0.485626578330994 0.507309079170227 0.420465141534805 0.386728078126907 0.472955316305161 0.568360090255737 0.642918467521667 0.647845983505249 0.673335492610931 0.765111923217773 0.755553960800171 0.773295700550079 0.763330101966858 0.77521675825119 0.79240083694458 0.78753650188446
0.79855215549469 0.796246409416199 0.783963859081268 0.738002359867096 0.763526320457458 0.757519602775574 0.781853675842285 0.815122723579407 0.826017320156097 0.820301234722137 0.827605605125427 0.833370685577393 0.839800179004669 0.849450767040253 0.861515998840332 0.850868999958038 0.838463008403778 0.821497857570648 0.825062394142151 0.830780506134033 0.831283390522003 0.80292135477066 0.752792775630951 0.709101021289825 0.64093428850174 0.617765545845032 0.594101786613464 0.549643695354462 0.528211295604706 0.50342869758606 0.504287540912628 0.47784686088562 0.459998607635498 0.462697356939316 0.46381738781929 0.537190556526184 0.42226430773735 0.63805490732193 0.779573440551758 0.792625367641449 0.769325315952301 0.783663749694824 0.790858685970306 0.783197939395905 0.796945512294769 0.79657369852066
0.804662764072418 0.778983056545258 0.706913352012634 0.709503173828125 0.70981377363205 0.726159393787384 0.764823794364929 0.786202967166901 0.801207542419434 0.819381594657898 0.833260715007782 0.839855015277863 0.848029971122742 0.825801491737366 0.835706830024719 0.829743921756744 0.830787122249603 0.836037814617157 0.83147919178009 0.821986079216003 0.813342750072479 0.785472571849823 0.749578058719635 0.657999396324158 0.587756216526031 0.540601670742035 0.561526656150818 0.539597392082214 0.55897730588913 0.496104806661606 0.451229870319366 0.496417015790939 0.478912085294724 0.498465418815613 0.372338801622391 0.265510022640228 0.250734984874725 0.765451431274414 0.791915059089661 0.605823397636414 0.796084761619568 0.798848569393158 0.799929082393646 0.809094846248627 0.801480829715729 0.8003009557724
0.815640091896057 0.754318118095398 0.727632522583008 0.702668428421021 0.700839936733246 0.746244370937347 0.765812158584595 0.794017255306244 0.822546780109406 0.824085712432861 0.806803286075592 0.819857180118561 0.823905825614929 0.834200322628021 0.845821380615234 0.830775558948517 0.834451377391815 0.838345348834991 0.837477624416351 0.830190241336823 0.821396470069885 0.740995585918427 0.645949423313141 0.575978577136993 0.57551246881485 0.572498500347137 0.54729688167572 0.527619242668152 0.481774210929871 0.502447962760925 0.521635115146637 0.508035659790039 0.483832657337189 0.48756405711174 0.322467476129532 0.401061594486237 0.214931949973106 0.68259596824646 0.279496788978577 0.457987606525421 0.813543617725372 0.807506501674652 0.815890967845917 0.814804315567017 0.810705244541168 0.80640834569931
0.641554117202759 0.619340538978577 0.763465940952301 0.681014716625214 0.70619124174118 0.764855802059174 0.780122995376587 0.774980843067169 0.822323858737946 0.801306784152985 0.811496198177338 0.817291140556335 0.829553067684174 0.845409691333771 0.828382670879364 0.836691677570343 0.819883227348328 0.830093264579773 0.822479248046875 0.803052365779877 0.773383736610413 0.661442339420319 0.617343723773956 0.566177308559418 0.542639076709747 0.518561005592346 0.493452936410904 0.490782827138901 0.487094193696976 0.491833359003067 0.486057847738266 0.425884246826172 0.27761635184288 0.206984609365463 0.197251632809639 0.292519897222519 0.156750410795212 0.52466207742691 0.254822075366974 0.773012816905975 0.81248140335083 0.83098840713501 0.826139986515045 0.835018992424011 0.82919305562973 0.805667877197266
0.645507574081421 0.63879257440567 0.777166128158569 0.730321705341339 0.728610932826996 0.778852224349976 0.79315972328186 0.76236891746521 0.754208505153656 0.760512113571167 0.770642578601837 0.790356636047363 0.83599317073822 0.855852663516998 0.858394742012024 0.833926796913147 0.836103677749634 0.818278312683105 0.811230301856995 0.804223775863647 0.699461102485657 0.560815155506134 0.560712873935699 0.538110136985779 0.512816667556763 0.464140951633453 0.399913489818573 0.457066684961319 0.476516932249069 0.36761349439621 0.407923400402069 0.409212291240692 0.201467260718346 0.170523911714554 0.152001619338989 0.0773298591375351 0.0931875184178352 0.206823363900185 0.309775173664093 0.710280060768127 0.670292019844055 0.830489158630371 0.846521258354187 0.851211547851562 0.841224431991577 0.812096416950226
0.658693492412567 0.650273382663727 0.627407789230347 0.762505769729614 0.756020426750183 0.789305329322815 0.736754655838013 0.754881739616394 0.75665283203125 0.766305923461914 0.771549820899963 0.792903661727905 0.788825750350952 0.818285465240479 0.814088404178619 0.849975109100342 0.83501923084259 0.814495027065277 0.775827348232269 0.7374387383461 0.674708068370819 0.563305735588074 0.498301416635513 0.478047877550125 0.471000820398331 0.465428024530411 0.442996770143509 0.459162414073944 0.428310394287109 0.402020424604416 0.377547472715378 0.376615673303604 0.305420815944672 0.232971504330635 0.344734638929367 0.187386065721512 0.211774200201035 0.181388795375824 0.647160470485687 0.72174346446991 0.777591824531555 0.848926484584808 0.860625326633453 0.840644955635071 0.843746602535248 0.832017004489899
0.657134234905243 0.660339295864105 0.810435235500336 0.641398966312408 0.802173912525177 0.772482752799988 0.751065909862518 0.76100105047226 0.764810085296631 0.770656883716583 0.781858146190643 0.79678076505661 0.802042722702026 0.731437563896179 0.732201278209686 0.779338300228119 0.82550984621048 0.80932629108429 0.792047739028931 0.7116819024086 0.628838121891022 0.556764185428619 0.45248818397522 0.450122177600861 0.471207857131958 0.498603671789169 0.469164788722992 0.411178529262543 0.384285509586334 0.399365872144699 0.289935022592545 0.268338650465012 0.385149151086807 0.407771348953247 0.371055245399475 0.352288007736206 0.34081244468689 0.510344564914703 0.767477512359619 0.713667690753937 0.813792705535889 0.849843561649323 0.86331582069397 0.866545140743256 0.838319957256317 0.830857694149017
0.657083749771118 0.819247603416443 0.661336004734039 0.81352698802948 0.784025251865387 0.753284513950348 0.788231790065765 0.792865037918091 0.765654861927032 0.771978378295898 0.777050495147705 0.776548027992249 0.704659163951874 0.604479193687439 0.587969541549683 0.667940855026245 0.780015468597412 0.821875393390656 0.802915036678314 0.741266131401062 0.639886438846588 0.576654136180878 0.512461602687836 0.490187436342239 0.42142042517662 0.393895149230957 0.390189290046692 0.437268018722534 0.410685777664185 0.361451029777527 0.291494637727737 0.308826833963394 0.421535789966583 0.338983327150345 0.381642669439316 0.385633260011673 0.42846354842186 0.665225684642792 0.818152785301208 0.794552803039551 0.784142136573792 0.853501856327057 0.880802392959595 0.873627901077271 0.855737566947937 0.8485466837883
0.823856294155121 0.820492148399353 0.818514287471771 0.811189651489258 0.812738299369812 0.781597554683685 0.783880889415741 0.791075170040131 0.795885682106018 0.765481412410736 0.775238990783691 0.721633732318878 0.643904447555542 0.561252057552338 0.568565368652344 0.550156712532043 0.63035523891449 0.822670996189117 0.815813839435577 0.724436581134796 0.662568330764771 0.576047420501709 0.473365694284439 0.446926146745682 0.479400396347046 0.467623233795166 0.458200752735138 0.446413189172745 0.313579589128494 0.263322979211807 0.316142618656158 0.376589119434357 0.419416964054108 0.403516829013824 0.480805575847626 0.602269887924194 0.679311752319336 0.821170091629028 0.812897562980652 0.694992899894714 0.804672479629517 0.869333267211914 0.879745781421661 0.865740716457367 0.859363615512848 0.859052360057831
0.817828238010406 0.818913280963898 0.814246356487274 0.810760796070099 0.806795716285706 0.774650871753693 0.782734930515289 0.789259910583496 0.797811448574066 0.805086016654968 0.751473367214203 0.655906140804291 0.616882622241974 0.559710800647736 0.502774834632874 0.491422086954117 0.521478712558746 0.677114903926849 0.867798089981079 0.768077611923218 0.713620901107788 0.628922939300537 0.564592063426971 0.550645887851715 0.54308670759201 0.452991873025894 0.40632501244545 0.373916327953339 0.25360968708992 0.264955133199692 0.210867807269096 0.368512272834778 0.321751922369003 0.312307447195053 0.408709645271301 0.773579180240631 0.810985624790192 0.849379539489746 0.843998432159424 0.816610276699066 0.817235589027405 0.878647983074188 0.889301419258118 0.885981619358063 0.860058605670929 0.822485148906708
