data/climate_estimation/maxent_output/Uvularia_puberula.asc
NCOLS 133 
NROWS 90 
XLLCORNER -85 
YLLCORNER 32.75 
CELLSIZE 0.0833333333333333 
NODATA_value -3.4e+38 
[rows 42 to 62 of 90, columns 46 to 91 of 133]
0.71499764919281 0.725476264953613 0.690490245819092 0.718824923038483 0.72372305393219 0.722323775291443 0.722135007381439 0.723999679088593 0.716742932796478 0.747952938079834 0.715660810470581 0.705085694789886 0.667182624340057 0.658110797405243 0.646590530872345 0.682774543762207 0.678641378879547 0.67884749174118 0.708058834075928 0.702409386634827 0.716627836227417 0.701830446720123 0.687042534351349 0.655422151088715 0.647228181362152 0.637834429740906 0.640963971614838 0.646378576755524 0.630869209766388 0.626347243785858 0.627042889595032 0.623716056346893 0.627400815486908 0.630530893802643 0.638588190078735 0.657906472682953 0.66262149810791 0.643713235855103 0.649968326091766 0.626354277133942 0.619191348552704 0.58399760723114 0.548396527767181 0.545001745223999 0.521480739116669 0.530579566955566
0.726618587970734 0.729357957839966 0.72804844379425 0.727434277534485 0.724817633628845 0.7490074634552 0.716573596000671 0.733061730861664 0.75211089849472 0.73662269115448 0.690531134605408 0.67409086227417 0.668287336826324 0.658734321594238 0.694099843502045 0.682775318622589 0.673326075077057 0.681399345397949 0.697834312915802 0.677637457847595 0.662348985671997 0.647909462451935 0.645971119403839 0.644721150398254 0.640749216079712 0.649793326854706 0.654514908790588 0.645276010036469 0.646178364753723 0.614368915557861 0.63886958360672 0.635043501853943 0.632956326007843 0.609506070613861 0.626396715641022 0.626396715641022 0.646982610225677 0.621136784553528 0.630180835723877 0.627538800239563 0.593878507614136 0.563597202301025 0.56236732006073 0.524014949798584 0.531387805938721 0.5048588514328
0.722850799560547 0.731079876422882 0.727246701717377 0.750496864318848 0.71705687046051 0.715335071086884 0.708828270435333 0.714913785457611 0.727551400661469 0.704333782196045 0.70242702960968 0.698336184024811 0.693893373012543 0.695127844810486 0.691362380981445 0.68470299243927 0.672084271907806 0.672572076320648 0.654137134552002 0.666710019111633 0.653322517871857 0.639492213726044 0.633171439170837 0.637204885482788 0.655349254608154 0.630856335163116 0.627928793430328 0.63370156288147 0.627092361450195 0.627580940723419 0.622913539409637 0.619576811790466 0.618332505226135 0.628276586532593 0.630711555480957 0.639962494373322 0.650738716125488 0.636377930641174 0.60358077287674 0.604760408401489 0.60302609205246 0.565447270870209 0.530380427837372 0.528367042541504 0.508289217948914 0.512787818908691
0.699551463127136 0.751122295856476 0.764808058738708 0.744065403938293 0.721068203449249 0.710867881774902 0.70570707321167 0.71024227142334 0.704810261726379 0.70494556427002 0.696082055568695 0.701407372951508 0.694784224033356 0.695130109786987 0.687591850757599 0.687598824501038 0.668422818183899 0.671191573143005 0.664404690265656 0.646079063415527 0.633143424987793 0.620761036872864 0.618961453437805 0.624036490917206 0.629257798194885 0.647405803203583 0.644689917564392 0.646428048610687 0.652541816234589 0.642744481563568 0.612174034118652 0.618224084377289 0.614541709423065 0.610026001930237 0.623092293739319 0.625178575515747 0.641592800617218 0.648338675498962 0.613787472248077 0.614482402801514 0.573337733745575 0.543326616287231 0.499213635921478 0.503480494022369 0.510933518409729 0.523970603942871
0.786522269248962 0.779027760028839 0.77713406085968 0.736034035682678 0.723684430122375 0.707746624946594 0.710456848144531 0.700529754161835 0.706175327301025 0.702634394168854 0.713492870330811 0.705362856388092 0.691163003444672 0.678440570831299 0.682096898555756 0.680032730102539 0.686572015285492 0.689525783061981 0.66911518573761 0.655667662620544 0.644340515136719 0.639200508594513 0.629808723926544 0.637464344501495 0.65032547712326 0.656361043453217 0.668699145317078 0.638322114944458 0.630669474601746 0.625592589378357 0.623157799243927 0.631298780441284 0.595683157444 0.635056912899017 0.633317947387695 0.615454912185669 0.624352157115936 0.632350981235504 0.601307332515717 0.59818297624588 0.596662819385529 0.553720355033875 0.514249384403229 0.51824164390564 0.523240089416504 0.541667520999908
0.747244596481323 0.730426132678986 0.761365115642548 0.744876265525818 0.735425651073456 0.725412487983704 0.732101619243622 0.719832956790924 0.722726345062256 0.724942147731781 0.690819978713989 0.675679385662079 0.680858075618744 0.680718302726746 0.685605108737946 0.691928565502167 0.691108644008636 0.686233162879944 0.681207299232483 0.668008863925934 0.658583521842957 0.654699563980103 0.647058248519897 0.654493093490601 0.667040407657623 0.677960276603699 0.638669908046722 0.645972013473511 0.646112680435181 0.612607657909393 0.613997578620911 0.612401127815247 0.612678945064545 0.627970099449158 0.628110527992249 0.623937547206879 0.632631838321686 0.606990396976471 0.609072804450989 0.606857299804688 0.575971305370331 0.56348991394043 0.528130054473877 0.526255965232849 0.514554142951965 0.527293801307678
0.730150461196899 0.718423783779144 0.745139360427856 0.744684517383575 0.741716206073761 0.739744484424591 0.734234511852264 0.720173835754395 0.713761568069458 0.712608873844147 0.682441413402557 0.676581561565399 0.683339476585388 0.687125325202942 0.687673330307007 0.686437427997589 0.696186661720276 0.686233162879944 0.678792953491211 0.638533651828766 0.659278333187103 0.659764587879181 0.632969379425049 0.671329498291016 0.681543171405792 0.678096413612366 0.654933512210846 0.654933512210846 0.629085898399353 0.623385071754456 0.625754237174988 0.623319268226624 0.624779224395752 0.630337655544281 0.609005987644196 0.607617676258087 0.619287073612213 0.593356251716614 0.593572795391083 0.588601052761078 0.582740366458893 0.546688199043274 0.546688199043274 0.554031312465668 0.530115306377411 0.542669832706451
0.739439904689789 0.774523019790649 0.739853143692017 0.754959046840668 0.738214612007141 0.702723562717438 0.70116251707077 0.693098723888397 0.684377372264862 0.701871931552887 0.694554805755615 0.671400189399719 0.705210566520691 0.685061037540436 0.69008457660675 0.697284877300262 0.693313241004944 0.661187410354614 0.662021994590759 0.643056213855743 0.630952298641205 0.635265946388245 0.649864852428436 0.65388810634613 0.68567305803299 0.662351965904236 0.663391411304474 0.628317892551422 0.625547409057617 0.630972802639008 0.62415599822998 0.641061663627625 0.638204336166382 0.607418954372406 0.611716747283936 0.593625605106354 0.598203301429749 0.60292786359787 0.60384076833725 0.599897265434265 0.57354873418808 0.574580729007721 0.571626305580139 0.547140896320343 0.548020899295807 0.531777381896973
0.803792834281921 0.789233446121216 0.754756152629852 0.745935320854187 0.710334777832031 0.735373198986053 0.693777799606323 0.686237335205078 0.711811006069183 0.704539835453033 0.670233368873596 0.700172424316406 0.702078223228455 0.685206592082977 0.692423820495605 0.698792517185211 0.666253983974457 0.663275361061096 0.657999455928802 0.652236640453339 0.618657350540161 0.618309676647186 0.659584164619446 0.676393032073975 0.676524519920349 0.680111229419708 0.678051114082336 0.641193687915802 0.639115631580353 0.639331638813019 0.642669141292572 0.65204519033432 0.624164998531342 0.626392543315887 0.599663317203522 0.602989792823792 0.58253687620163 0.584686815738678 0.583745896816254 0.587200105190277 0.555168867111206 0.55735570192337 0.558721899986267 0.524336755275726 0.530906438827515 0.541878640651703
0.769307732582092 0.735616624355316 0.762218177318573 0.745745718479156 0.715760290622711 0.699593365192413 0.695839166641235 0.686720728874207 0.710252165794373 0.699356734752655 0.677811980247498 0.682110071182251 0.663504540920258 0.676028311252594 0.701731085777283 0.67691433429718 0.678145051002502 0.67621374130249 0.677940130233765 0.645723223686218 0.640771567821503 0.641260027885437 0.645564258098602 0.68664962053299 0.69637668132782 0.690359354019165 0.653834700584412 0.654606223106384 0.652262628078461 0.623275458812714 0.653793394565582 0.628777205944061 0.635850846767426 0.643768846988678 0.612708866596222 0.615362942218781 0.589318215847015 0.595293045043945 0.564159154891968 0.567885756492615 0.56508469581604 0.537782251834869 0.538705050945282 0.538379788398743 0.512712895870209 0.518107056617737
0.763874650001526 0.757623553276062 0.718714773654938 0.721965730190277 0.712183058261871 0.706759691238403 0.693922817707062 0.682590425014496 0.678387939929962 0.704746901988983 0.673315942287445 0.674852132797241 0.662361443042755 0.672814071178436 0.675252974033356 0.68518990278244 0.652892410755157 0.668004214763641 0.667452275753021 0.658903419971466 0.662858128547668 0.657449305057526 0.658412992954254 0.666512072086334 0.674452006816864 0.67094224691391 0.656969845294952 0.629112660884857 0.63254189491272 0.632193863391876 0.63629138469696 0.639009714126587 0.647341310977936 0.616390407085419 0.619534730911255 0.597332179546356 0.567380964756012 0.568928062915802 0.567131876945496 0.570702135562897 0.542758584022522 0.545824885368347 0.514388561248779 0.485895574092865 0.487318068742752 0.490303248167038
0.728166997432709 0.730916321277618 0.758939862251282 0.723310589790344 0.708450615406036 0.699389696121216 0.686853647232056 0.688922345638275 0.711746871471405 0.684042453765869 0.681737661361694 0.654391407966614 0.666305959224701 0.635192334651947 0.685061931610107 0.659426212310791 0.672657668590546 0.669670224189758 0.64178204536438 0.678626954555511 0.659124910831451 0.65647429227829 0.647725760936737 0.672956705093384 0.676536023616791 0.642237901687622 0.64176344871521 0.646016478538513 0.643662512302399 0.648057401180267 0.618796050548553 0.621601641178131 0.625565230846405 0.625852882862091 0.59881067276001 0.572638213634491 0.572518765926361 0.542808592319489 0.54174542427063 0.543707728385925 0.516030848026276 0.515964388847351 0.488101214170456 0.487581819295883 0.48797133564949 0.465110003948212
0.726168096065521 0.724702477455139 0.721553564071655 0.718733191490173 0.705187022686005 0.725764274597168 0.6882284283638 0.692355036735535 0.71222335100174 0.691399991512299 0.693800628185272 0.670551955699921 0.713292956352234 0.684500813484192 0.653265237808228 0.668235063552856 0.682653844356537 0.647487759590149 0.649573564529419 0.661632180213928 0.664039850234985 0.662696838378906 0.658711791038513 0.653645753860474 0.657415747642517 0.614038527011871 0.618209719657898 0.625926852226257 0.63209992647171 0.629779040813446 0.627304375171661 0.626177549362183 0.599123239517212 0.602529466152191 0.574283301830292 0.545679748058319 0.543938875198364 0.514732956886292 0.512944400310516 0.515748798847198 0.490722060203552 0.492499142885208 0.492564290761948 0.464036792516708 0.465621441602707 0.465557992458344
0.74121218919754 0.728387773036957 0.720553994178772 0.711091458797455 0.711091458797455 0.729448318481445 0.722877442836761 0.69488513469696 0.70069831609726 0.698796153068542 0.701325714588165 0.678014695644379 0.688207149505615 0.660324394702911 0.665540158748627 0.679955661296844 0.660788238048553 0.653537154197693 0.651799976825714 0.632571578025818 0.635443925857544 0.631569027900696 0.628717362880707 0.628652155399323 0.595357596874237 0.588502466678619 0.594713449478149 0.603134214878082 0.606105387210846 0.604645550251007 0.605446398258209 0.604745984077454 0.575177550315857 0.575449168682098 0.546558797359467 0.517566204071045 0.492239415645599 0.488560438156128 0.489532798528671 0.464061558246613 0.466085374355316 0.468519300222397 0.441511154174805 0.441695928573608 0.444469928741455 0.442987829446793
0.7459596991539 0.730404496192932 0.690909028053284 0.715629041194916 0.734712779521942 0.726698100566864 0.698298811912537 0.704237401485443 0.711247980594635 0.708467364311218 0.689237892627716 0.689377129077911 0.676234364509583 0.677615284919739 0.644086420536041 0.659694194793701 0.65919440984726 0.626552402973175 0.624576389789581 0.628902852535248 0.600538492202759 0.596135318279266 0.594544470310211 0.593204736709595 0.56964248418808 0.568916380405426 0.572111308574677 0.578368127346039 0.580046653747559 0.578463852405548 0.578322470188141 0.578268766403198 0.548591792583466 0.521201968193054 0.492564290761948 0.493084251880646 0.46667468547821 0.439808547496796 0.441466331481934 0.442081212997437 0.443212896585464 0.444410771131516 0.418742060661316 0.419040590524673 0.42167067527771 0.4204480946064
0.717451274394989 0.699407994747162 0.688104212284088 0.713746190071106 0.70437490940094 0.688433706760406 0.694950044155121 0.698241651058197 0.679728388786316 0.687646448612213 0.667383432388306 0.67637437582016 0.648492991924286 0.643325567245483 0.656718313694 0.656005144119263 0.628277182579041 0.628003001213074 0.592777192592621 0.599621772766113 0.596790552139282 0.568066298961639 0.569134056568146 0.575439095497131 0.573367059230804 0.546469151973724 0.547577381134033 0.548496663570404 0.548954606056213 0.551717579364777 0.554005444049835 0.524339258670807 0.523891448974609 0.494255155324936 0.468955904245377 0.440974771976471 0.417562961578369 0.41797947883606 0.41797947883606 0.395096898078918 0.421285599470139 0.398547619581223 0.398779183626175 0.400750935077667 0.399358451366425 0.401418089866638
0.699473202228546 0.690060615539551 0.67146509885788 0.715775847434998 0.706757366657257 0.699063539505005 0.693383932113647 0.676212191581726 0.68490743637085 0.665792107582092 0.673059463500977 0.648649096488953 0.651247322559357 0.621610105037689 0.657255411148071 0.622854650020599 0.627124011516571 0.60031646490097 0.599765121936798 0.601931273937225 0.568956673145294 0.571613252162933 0.545659959316254 0.546759724617004 0.515668928623199 0.488873541355133 0.492310136556625 0.519681036472321 0.520331621170044 0.522578835487366 0.528617382049561 0.501027345657349 0.498693585395813 0.470926076173782 0.444422125816345 0.419409453868866 0.394199728965759 0.370191246271133 0.349205374717712 0.375034093856812 0.377340078353882 0.40275564789772 0.380670577287674 0.406700760126114 0.380642354488373 0.379297256469727
0.67241370677948 0.647984862327576 0.674173057079315 0.698680400848389 0.695042550563812 0.684207022190094 0.680084466934204 0.696235120296478 0.672368049621582 0.674992799758911 0.650599002838135 0.622882544994354 0.623498857021332 0.623422503471375 0.596282422542572 0.592362105846405 0.600451052188873 0.604010283946991 0.601357936859131 0.571362614631653 0.543509364128113 0.542919993400574 0.516280591487885 0.515486717224121 0.490086615085602 0.460240811109543 0.432912021875381 0.458480775356293 0.4657361805439 0.469824254512787 0.47126778960228 0.473157793283463 0.448729425668716 0.42239785194397 0.422517657279968 0.399131596088409 0.373337924480438 0.351409196853638 0.329892098903656 0.35318648815155 0.356207400560379 0.359083265066147 0.38407427072525 0.385657012462616 0.383680522441864 0.384719371795654
0.717590630054474 0.697247445583344 0.695536375045776 0.693685114383698 0.693342447280884 0.70618349313736 0.680843234062195 0.675478279590607 0.653057336807251 0.651735305786133 0.651152670383453 0.620404362678528 0.616306960582733 0.588854134082794 0.586800396442413 0.588101506233215 0.565484344959259 0.571102142333984 0.569304883480072 0.540565371513367 0.542285025119781 0.517835557460785 0.487683057785034 0.460387498140335 0.406344801187515 0.314623683691025 0.316353052854538 0.350578248500824 0.41016474366188 0.44403201341629 0.447039395570755 0.424437195062637 0.42654287815094 0.399039477109909 0.379405468702316 0.377506226301193 0.354733228683472 0.332129806280136 0.335762977600098 0.336252629756927 0.337848752737045 0.338187038898468 0.363143086433411 0.364557892084122 0.363762229681015 0.364578247070312
0.688538253307343 0.679900348186493 0.670152544975281 0.667177557945251 0.67856901884079 0.690531194210052 0.687342584133148 0.657955706119537 0.659494638442993 0.630241930484772 0.62609338760376 0.593083500862122 0.586943387985229 0.5549276471138 0.549909293651581 0.556002020835876 0.562677919864655 0.538591802120209 0.538316190242767 0.511914789676666 0.514666438102722 0.490747570991516 0.489485144615173 0.46383872628212 0.382760673761368 0.297394514083862 0.269085973501205 0.298251092433929 0.386907666921616 0.421269714832306 0.399756789207458 0.401357412338257 0.403917104005814 0.377952814102173 0.380302011966705 0.358406990766525 0.335275858640671 0.335045218467712 0.315431386232376 0.316758126020432 0.340642303228378 0.342097342014313 0.342409819364548 0.342930912971497 0.342045485973358 0.36601534485817
0.688538253307343 0.683097720146179 0.649692237377167 0.647275507450104 0.659696042537689 0.664218544960022 0.666028499603271 0.665633618831635 0.635936737060547 0.6331587433815 0.600606262683868 0.594206929206848 0.560199677944183 0.557443141937256 0.528843641281128 0.527640163898468 0.53238308429718 0.507891476154327 0.508292257785797 0.508737862110138 0.484632581472397 0.462146490812302 0.462245941162109 0.437473446130753 0.38537260890007 0.297448575496674 0.298251092433929 0.308394104242325 0.388136982917786 0.398277550935745 0.401557117700577 0.379965633153915 0.381002813577652 0.356472700834274 0.359864264726639 0.338780999183655 0.319153845310211 0.317524254322052 0.318364053964615 0.318514555692673 0.31972262263298 0.321678042411804 0.322841346263885 0.322392106056213 0.343627125024796 0.344776183366776
