data/climate_estimation/maxent_output/Veratrum_insolitum.asc
NCOLS 24 
NROWS 60 
XLLCORNER -124.25 
YLLCORNER 40.0833333333333 
CELLSIZE 0.0833333333333333 
NODATA_value -3.4e+38 
[rows 0 to 35 of 60, columns 0 to 23 of 24]
-339999999999999996123846586046231871488.000000000000000 -3.4e+38 0.0735633000731468 0.0947325378656387 0.141604989767075 0.2157002389431 0.287390828132629 0.448323011398315 0.589949786663055 0.656282365322113 0.678723335266113 0.643014013767242 0.64807391166687 0.680944204330444 0.549006342887878 0.506307899951935 0.513206243515015 0.531033933162689 0.553167402744293 0.671135067939758 0.642185211181641 0.629250228404999 0.546509265899658 0.525291085243225
-3.4e+38 -3.4e+38 0.100784607231617 0.113911330699921 0.170660108327866 0.170555040240288 0.226004779338837 0.260890781879425 0.380702137947083 0.514300763607025 0.675782740116119 0.693603992462158 0.603872001171112 0.660270571708679 0.544421792030334 0.564555406570435 0.509300708770752 0.600759506225586 0.676116943359375 0.601953983306885 0.558041751384735 0.562242329120636 0.584705054759979 0.570596694946289
-3.4e+38 -3.4e+38 0.112378053367138 0.142802938818932 0.200285464525223 0.255136460065842 0.334377944469452 0.293107897043228 0.474764943122864 0.65602433681488 0.683747291564941 0.704775452613831 0.606792151927948 0.678614258766174 0.637765407562256 0.597749590873718 0.581556499004364 0.616910099983215 0.668909907341003 0.506356060504913 0.492363274097443 0.477217674255371 0.540526390075684 0.610740303993225
-3.4e+38 -3.4e+38 0.124454200267792 0.188216850161552 0.25537770986557 0.367584645748138 0.420858830213547 0.471424669027328 0.516433417797089 0.713494896888733 0.722753047943115 0.723912000656128 0.650351047515869 0.566912233829498 0.616842091083527 0.580381095409393 0.574638843536377 0.580918669700623 0.649502336978912 0.655643343925476 0.66510671377182 0.728704154491425 0.730529844760895 0.668169140815735
-3.4e+38 -3.4e+38 0.152496859431267 0.222181141376495 0.341446489095688 0.46817272901535 0.619197487831116 0.59385746717453 0.702190399169922 0.758700788021088 0.792823731899261 0.783358216285706 0.644050896167755 0.604979574680328 0.571720719337463 0.524257063865662 0.531792938709259 0.597460210323334 0.664762258529663 0.675237953662872 0.674252867698669 0.691504955291748 0.688999712467194 0.70874011516571
-3.4e+38 -3.4e+38 0.16370952129364 0.264158695936203 0.416332334280014 0.578242599964142 0.661494493484497 0.756221771240234 0.775524616241455 0.788944900035858 0.815716683864594 0.829332292079926 0.668571591377258 0.600553154945374 0.572726249694824 0.532697677612305 0.50869619846344 0.515202820301056 0.720409452915192 0.625637292861938 0.586287677288055 0.569496870040894 0.679147303104401 0.693559944629669
-3.4e+38 -3.4e+38 0.209161296486855 0.31176695227623 0.40559309720993 0.603707671165466 0.724223732948303 0.73152768611908 0.70519232749939 0.830038726329803 0.730289161205292 0.671996235847473 0.627299726009369 0.602983474731445 0.564214408397675 0.573330938816071 0.535523593425751 0.543567478656769 0.692316710948944 0.649821877479553 0.663836896419525 0.676775097846985 0.706972658634186 0.738036215305328
-3.4e+38 -3.4e+38 0.268380343914032 0.378117263317108 0.383420914411545 0.546428143978119 0.59641045331955 0.688342154026031 0.703436434268951 0.820817351341248 0.719514310359955 0.654568433761597 0.600518465042114 0.568261861801147 0.5638108253479 0.629242241382599 0.738837897777557 0.54972517490387 0.734602391719818 0.715755581855774 0.742914736270905 0.771324634552002 0.741759300231934 0.738384187221527
-3.4e+38 0.302824556827545 0.309832125902176 0.434644848108292 0.570325374603271 0.697210371494293 0.751362442970276 0.796282291412354 0.843180239200592 0.834609985351562 0.770230829715729 0.673583626747131 0.627173244953156 0.606638789176941 0.556816041469574 0.616068065166473 0.722075521945953 0.667796611785889 0.706676542758942 0.724059581756592 0.724922239780426 0.753342032432556 0.769180774688721 0.704930305480957
-3.4e+38 0.319225311279297 0.330720901489258 0.485805988311768 0.614301860332489 0.767482042312622 0.8041130900383 0.805919289588928 0.743252754211426 0.865265846252441 0.814210116863251 0.723972856998444 0.637347936630249 0.63946932554245 0.602655231952667 0.795666635036469 0.75199031829834 0.763587594032288 0.72298526763916 0.713708698749542 0.724888026714325 0.68517541885376 0.754880905151367 0.663827955722809
-3.4e+38 0.312195807695389 0.3790083527565 0.442775368690491 0.666969060897827 0.766689836978912 0.829351127147675 0.797333300113678 0.852622866630554 0.886867344379425 0.856974303722382 0.719229519367218 0.659821569919586 0.666158735752106 0.711042523384094 0.749695539474487 0.781592786312103 0.757515966892242 0.691175997257233 0.703142642974854 0.71657931804657 0.750424325466156 0.727974057197571 0.74508535861969
-3.4e+38 0.350785374641418 0.418111890554428 0.582403838634491 0.693884432315826 0.791493952274323 0.825529396533966 0.859230220317841 0.875152468681335 0.866426408290863 0.835188746452332 0.698350131511688 0.683379173278809 0.708516716957092 0.692855358123779 0.802928924560547 0.751147568225861 0.770875334739685 0.763611555099487 0.709651410579681 0.730113327503204 0.786023318767548 0.726000905036926 0.708396136760712
-3.4e+38 0.432482540607452 0.484315454959869 0.610441744327545 0.759877800941467 0.795307040214539 0.838924169540405 0.869471490383148 0.87940639257431 0.88561999797821 0.817729532718658 0.708256244659424 0.715324819087982 0.691371977329254 0.610719501972198 0.574397444725037 0.666525542736053 0.747574388980865 0.784081339836121 0.753438353538513 0.77814245223999 0.759750247001648 0.714597046375275 0.655956387519836
-3.4e+38 0.454861521720886 0.505415260791779 0.662775218486786 0.754634618759155 0.808936178684235 0.84028035402298 0.859975576400757 0.860609412193298 0.874857127666473 0.88613373041153 0.792608797550201 0.736752808094025 0.742379486560822 0.594037234783173 0.548715353012085 0.577723026275635 0.614141583442688 0.700028002262115 0.803482830524445 0.771177649497986 0.753689169883728 0.685889720916748 0.614486277103424
-3.4e+38 0.486034750938416 0.590568780899048 0.68724799156189 0.770814955234528 0.803278863430023 0.852877199649811 0.859735131263733 0.87736988067627 0.871274411678314 0.89129376411438 0.875513255596161 0.781282961368561 0.774210095405579 0.60801887512207 0.81365442276001 0.81425678730011 0.694661855697632 0.702766001224518 0.745411932468414 0.797549724578857 0.724242627620697 0.724409639835358 0.667727708816528
0.440972000360489 0.486823499202728 0.617613911628723 0.724826276302338 0.785529911518097 0.871552467346191 0.87097042798996 0.846841633319855 0.875617027282715 0.871986031532288 0.882789313793182 0.822858572006226 0.775156021118164 0.757378876209259 0.587238609790802 0.71393346786499 0.851286947727203 0.796434700489044 0.763212323188782 0.801658689975739 0.794936418533325 0.743185877799988 0.721491634845734 0.660372853279114
0.4856858253479 0.550363302230835 0.626372814178467 0.73229593038559 0.821736991405487 0.841892242431641 0.872844219207764 0.856578588485718 0.856277525424957 0.839188933372498 0.852417826652527 0.742499530315399 0.726746201515198 0.824254214763641 0.792969286441803 0.781869649887085 0.828531265258789 0.814184963703156 0.838548541069031 0.812109768390656 0.764683067798615 0.593032836914062 0.664170384407043 0.635190367698669
0.521786391735077 0.585520684719086 0.66967761516571 0.744285523891449 0.834298193454742 0.882248282432556 0.83673620223999 0.787474572658539 0.786492347717285 0.84031617641449 0.834614336490631 0.720389485359192 0.672364294528961 0.8406081199646 0.870266914367676 0.828591406345367 0.836933732032776 0.849097073078156 0.852641224861145 0.797741293907166 0.747472882270813 0.617800712585449 0.694286346435547 0.604421436786652
0.502264797687531 0.57483434677124 0.705498695373535 0.776046693325043 0.811669945716858 0.897607326507568 0.881431400775909 0.871272802352905 0.790225386619568 0.883642017841339 0.871018171310425 0.713346421718597 0.830812036991119 0.864465951919556 0.871950268745422 0.828534066677094 0.840117156505585 0.85771244764328 0.819704830646515 0.788263559341431 0.74263209104538 0.706214070320129 0.713147640228271 0.646649360656738
0.521090269088745 0.652855753898621 0.70056277513504 0.800823330879211 0.85013473033905 0.865864813327789 0.886063694953918 0.866749167442322 0.81631475687027 0.809486210346222 0.673817098140717 0.579642236232758 0.646659195423126 0.783288836479187 0.868229150772095 0.862377107143402 0.874907195568085 0.873729825019836 0.824930846691132 0.786711454391479 0.753163158893585 0.693248987197876 0.632861375808716 0.611105620861053
0.57125186920166 0.645262777805328 0.765422940254211 0.830647170543671 0.881046831607819 0.911701858043671 0.881424963474274 0.880303144454956 0.818162262439728 0.648259043693542 0.548344910144806 0.5807124376297 0.684103786945343 0.778961300849915 0.89742112159729 0.869257092475891 0.899539649486542 0.872745633125305 0.844915688037872 0.77255254983902 0.750227570533752 0.70600700378418 0.711805462837219 0.644199013710022
0.556926667690277 0.662176609039307 0.75553560256958 0.837395012378693 0.88226854801178 0.900501430034637 0.904732465744019 0.89778745174408 0.896836340427399 0.497260361909866 0.457951575517654 0.494013130664825 0.499844908714294 0.555970191955566 0.756068050861359 0.89033454656601 0.873857498168945 0.87842720746994 0.828870534896851 0.722212374210358 0.65203183889389 0.613556444644928 0.574661672115326 0.519005417823792
0.585298955440521 0.746078968048096 0.766618192195892 0.841304421424866 0.863710582256317 0.867553472518921 0.898118495941162 0.891182601451874 0.766945421695709 0.541213274002075 0.41084498167038 0.468515545129776 0.486960113048553 0.769267678260803 0.734287440776825 0.864987134933472 0.880973815917969 0.873691320419312 0.870801329612732 0.82131415605545 0.754302084445953 0.693035662174225 0.590677499771118 0.667429804801941
0.660566449165344 0.759144961833954 0.839317202568054 0.868282318115234 0.921521008014679 0.898248434066772 0.891036868095398 0.863533854484558 0.705379843711853 0.486761569976807 0.396911770105362 0.578400254249573 0.623797714710236 0.685884356498718 0.793634593486786 0.879910230636597 0.89656662940979 0.833980083465576 0.797555506229401 0.747206687927246 0.699738442897797 0.778220117092133 0.750119864940643 0.724766910076141
0.717919707298279 0.75934249162674 0.84738153219223 0.881005346775055 0.888301134109497 0.904718339443207 0.890320658683777 0.857035934925079 0.702804327011108 0.68045562505722 0.509984612464905 0.496353179216385 0.494427084922791 0.559438049793243 0.643212497234344 0.829713404178619 0.776691138744354 0.612967014312744 0.578002691268921 0.707818567752838 0.727898240089417 0.815113186836243 0.632189869880676 0.630920886993408
0.714525401592255 0.793643355369568 0.875240087509155 0.874059081077576 0.911421060562134 0.905548453330994 0.903426587581635 0.902054667472839 0.819751858711243 0.759632527828217 0.483618974685669 0.392861425876617 0.404906213283539 0.413409024477005 0.487959116697311 0.55071097612381 0.487886190414429 0.651252269744873 0.59998232126236 0.724671721458435 0.778757393360138 0.665390253067017 0.553784191608429 0.61342465877533
0.705223858356476 0.807052314281464 0.886282742023468 0.861242771148682 0.872439861297607 0.886928379535675 0.914426505565643 0.881780862808228 0.73789393901825 0.748364090919495 0.726499676704407 0.676037132740021 0.636666119098663 0.673235774040222 0.617624700069427 0.529775202274323 0.515001535415649 0.778457224369049 0.746065080165863 0.773933947086334 0.649390816688538 0.552519559860229 0.649302244186401 0.752163708209991
0.72626656293869 0.806328952312469 0.862812399864197 0.862091362476349 0.887791454792023 0.889644205570221 0.929664731025696 0.851701617240906 0.759683549404144 0.776226162910461 0.659709095954895 0.610647022724152 0.629298508167267 0.750617325305939 0.698593497276306 0.765794336795807 0.718363404273987 0.683541178703308 0.552852511405945 0.503646075725555 0.637315809726715 0.465121895074844 0.579172015190125 0.727865159511566
0.706088662147522 0.758765339851379 0.877265095710754 0.882474482059479 0.899023771286011 0.911181569099426 0.901278078556061 0.833805680274963 0.783673882484436 0.62275618314743 0.506495177745819 0.675126075744629 0.772259175777435 0.670123398303986 0.702619314193726 0.694119870662689 0.297251671552658 0.452289134263992 0.259031057357788 0.340832322835922 0.543534874916077 0.400069892406464 0.432893127202988 0.575700998306274
0.748299896717072 0.820971608161926 0.901755154132843 0.877117216587067 0.881322741508484 0.905825257301331 0.884763777256012 0.8149573802948 0.647398352622986 0.527822136878967 0.466879576444626 0.658785939216614 0.494441658258438 0.294054538011551 0.244931563735008 0.190060913562775 0.19330245256424 0.0712676420807838 0.0929843261837959 0.318086385726929 0.597393095493317 0.425997287034988 0.533665001392365 0.602098345756531
0.738775968551636 0.83043509721756 0.878698647022247 0.894294917583466 0.893351376056671 0.900636434555054 0.90269935131073 0.712272047996521 0.621041238307953 0.349850565195084 0.274358868598938 0.460107386112213 0.18531060218811 0.0855079665780067 0.109190717339516 0.043887373059988 0.0203779749572277 0.0263367034494877 0.0989822745323181 0.169982552528381 0.251020550727844 0.171250805258751 0.310825705528259 0.612595915794373
0.730749547481537 0.786327123641968 0.861503839492798 0.911044061183929 0.886019051074982 0.917915105819702 0.896653771400452 0.850032210350037 0.614096879959106 0.284449219703674 0.192407041788101 0.169110670685768 0.123861350119114 0.0523808747529984 0.0306561328470707 0.0124737834557891 0.00926439557224512 0.00975356157869101 0.0182855688035488 0.0362007431685925 0.260933667421341 0.273499578237534 0.367793768644333 0.642393529415131
0.709513485431671 0.802379965782166 0.873706758022308 0.893062114715576 0.895891427993774 0.918634176254272 0.916693925857544 0.846723616123199 0.490044206380844 0.273916482925415 0.182714059948921 0.185363247990608 0.171333685517311 0.0546872764825821 0.0697349533438683 0.014206531457603 0.00596668664366007 0.0174450036138296 0.0337631441652775 0.0491677969694138 0.0684631690382957 0.204696640372276 0.381725817918777 0.356390804052353
0.724957764148712 0.803519546985626 0.885172069072723 0.909419596195221 0.915662348270416 0.923836827278137 0.886732161045074 0.703588366508484 0.508268237113953 0.551504552364349 0.578410983085632 0.191290646791458 0.0811414867639542 0.143648624420166 0.0870515033602715 0.0274712648242712 0.0103491637855768 0.0136256590485573 0.11650949716568 0.251111954450607 0.360845744609833 0.309803694486618 0.295732408761978 0.21357735991478
0.765057623386383 0.775055766105652 0.898808300495148 0.881477653980255 0.892378747463226 0.915166199207306 0.838104963302612 0.641415894031525 0.592943906784058 0.78838974237442 0.70766144990921 0.18513248860836 0.144404649734497 0.145323395729065 0.0336795337498188 0.067110650241375 0.142676576972008 0.0289527643471956 0.0165296569466591 0.0269497074186802 0.192756846547127 0.31673064827919 0.219052389264107 0.096124529838562
0.682235956192017 0.778441727161407 0.889946341514587 0.891671121120453 0.906254768371582 0.914281189441681 0.81651896238327 0.484482049942017 0.491335511207581 0.65373557806015 0.787772238254547 0.725863993167877 0.369898617267609 0.141219064593315 0.0577365085482597 0.0533394999802113 0.119363680481911 0.360222339630127 0.246146261692047 0.0390507765114307 0.0356259159743786 0.143719986081123 0.0530229061841965 0.0452983640134335
