data/climate_estimation/maxent_output/Veratrum_formosanum.asc
NCOLS 12 
NROWS 19 
XLLCORNER 120.75 
YLLCORNER 23.6666666666667 
CELLSIZE 0.0833333333333333 
NODATA_value -3.4e+38 
-339999999999999996123846586046231871488.000000000000000 -3.4e+38 -3.4e+38 -3.4e+38 -3.4e+38 -3.4e+38 -3.4e+38 0.0583929121494293 0.0584031566977501 0.638833165168762 0.270900934934616 0.00993293058127165
-3.4e+38 -3.4e+38 -3.4e+38 -3.4e+38 -3.4e+38 0.0255213361233473 0.0560769736766815 0.0954717919230461 0.0459759421646595 0.583943247795105 0.430017471313477 0.0438518039882183
-3.4e+38 -3.4e+38 -3.4e+38 0.0078422361984849 0.00719101866707206 0.0142507376149297 0.0409015119075775 0.126875802874565 0.0357752330601215 0.137097999453545 0.491821438074112 0.788367509841919
-3.4e+38 -3.4e+38 0.0142786735668778 0.0113495364785194 0.0126924216747284 0.0335139036178589 0.0611448734998703 0.113512329757214 0.207645118236542 0.616821646690369 0.693326532840729 0.87866997718811
-3.4e+38 -3.4e+38 0.020319364964962 0.0227737575769424 0.0407776311039925 0.122748896479607 0.177038684487343 0.523503541946411 0.792006254196167 0.818857312202454 0.80750048160553 0.928143262863159
-339999999999999996123846586046231871488.000000000000000 0.0259881373494864 0.0286745671182871 0.0280159395188093 0.0841216444969177 0.429616689682007 0.628599345684052 0.714813351631165 0.88004744052887 0.887637972831726 0.941830158233643 0.768915593624115
0.0175812300294638 0.0221951957792044 0.0280925389379263 0.0769895315170288 0.249581590294838 0.583134055137634 0.786333918571472 0.7743119597435 0.881785154342651 0.894427001476288 0.854907989501953 0.619000494480133
0.0169402118772268 0.0195071715861559 0.067599892616272 0.2742700278759 0.556198596954346 0.778239488601685 0.776691377162933 0.837350368499756 0.866760969161987 0.838625431060791 0.820902347564697 0.843747556209564
0.018755005672574 0.0640416443347931 0.240602523088455 0.622132062911987 0.723254382610321 0.862481653690338 0.874309241771698 0.840598285198212 0.812791526317596 0.879178881645203 0.906578302383423 0.895657956600189
0.0662937834858894 0.128862738609314 0.288826107978821 0.683903574943542 0.815457999706268 0.92922705411911 0.956173896789551 0.742450833320618 0.789638996124268 0.900449097156525 0.873489022254944 0.847619473934174
0.082013025879860 0.133357584476471 0.271684110164642 0.659640491008759 0.921217799186707 0.969473838806152 0.901895046234131 0.894776701927185 0.969806969165802 0.882328748703003 0.766009628772736 0.866645932197571
0.0609085373580456 0.123874224722385 0.484213620424271 0.855438888072968 0.866813600063324 0.889246881008148 0.890777111053467 0.956051468849182 0.914131164550781 0.795323729515076 0.888944029808044 0.735828936100006
0.0713546350598335 0.158111050724983 0.521752238273621 0.676980257034302 0.889037311077118 0.882774651050568 0.967634379863739 0.960436522960663 0.374013721942902 0.616077244281769 0.814109861850739 0.81694632768631
0.0709983631968498 0.179902493953705 0.421399503946304 0.647886574268341 0.643010377883911 0.840295910835266 0.975552201271057 0.966072678565979 0.947440207004547 0.500570714473724 0.694034039974213 -3.4e+38
0.0886782184243202 0.124759167432785 0.186662063002586 0.537662744522095 0.554533898830414 0.775183022022247 0.961956977844238 0.866136848926544 0.854764461517334 0.422325551509857 0.596863389015198 -3.4e+38
0.091516129672527 0.204535692930222 0.233893364667892 0.395059376955032 0.500142335891724 0.763965964317322 0.971509635448456 0.852082788944244 0.217526629567146 0.406343966722488 0.531370460987091 -3.4e+38
0.135811060667038 0.242665529251099 0.316798806190491 0.344996303319931 0.848135888576508 0.91206967830658 0.938162982463837 0.240688025951385 0.2430190294981 0.289576798677444 0.55722439289093 -3.4e+38
0.14214588701725 0.194767668843269 0.305302292108536 0.248130559921265 0.749664127826691 0.963645040988922 0.666326224803925 0.228322073817253 0.31479749083519 0.463189572095871 -3.4e+38 -3.4e+38
0.200432538986206 0.225749760866165 0.595965206623077 0.344764858484268 0.567228496074677 0.884603559970856 0.689904093742371 0.159059926867485 0.425406873226166 0.561999619007111 -3.4e+38 -3.4e+38
