data/climate_estimation/maxent_output/Veratrum_stamineum.asc
NCOLS 81 
NROWS 126 
XLLCORNER 136.25 
YLLCORNER 34.9166666666667 
CELLSIZE 0.0833333333333333 
NODATA_value -3.4e+38 
[rows 96 to 119 of 126, columns 0 to 54 of 81]
-339999999999999996123846586046231871488.000000000000000 -3.4e+38 -3.4e+38 -3.4e+38 -3.4e+38 0.344653517007828 0.409439623355865 0.365966200828552 0.423403203487396 0.412818491458893 0.393552392721176 0.371391534805298 0.337035924196243 -3.4e+38 -3.4e+38 -3.4e+38 -3.4e+38 -3.4e+38 -3.4e+38 -3.4e+38 -3.4e+38 -3.4e+38 -3.4e+38 -3.4e+38 -3.4e+38 -3.4e+38 0.31680229306221 0.306900411844254 0.34311854839325 0.380332738161087 0.354601740837097 0.700206220149994 0.629724681377411 0.622409582138062 0.82149863243103 0.910060942173004 0.773077487945557 0.75845867395401 0.741699278354645 0.757939398288727 0.874044001102448 0.88761031627655 0.859647154808044 0.844564139842987 0.862304925918579 0.864286720752716 0.838708877563477 0.743245303630829 0.36466908454895 0.280023366212845 0.277541100978851 0.282116740942001 0.201346561312675 0.271836489439011 0.131802335381508
-3.4e+38 -3.4e+38 -3.4e+38 -3.4e+38 -3.4e+38 0.368663221597672 0.391578286886215 0.382484674453735 0.403097778558731 0.396149724721909 0.377864241600037 0.364486634731293 0.336956650018692 -3.4e+38 -3.4e+38 -3.4e+38 -3.4e+38 -3.4e+38 -3.4e+38 -3.4e+38 -3.4e+38 -3.4e+38 -3.4e+38 -3.4e+38 -3.4e+38 0.250144183635712 0.364169776439667 0.379419803619385 0.370057910680771 0.372944533824921 0.366465747356415 0.665513038635254 0.683465659618378 0.56388932466507 0.75034087896347 0.901968002319336 0.785268127918243 0.757561266422272 0.874083817005157 0.881395757198334 0.873457133769989 0.890905737876892 0.886796593666077 0.865507125854492 0.868178009986877 0.858685731887817 0.804516494274139 0.503278851509094 0.355574995279312 0.237607836723328 0.207393795251846 0.249747276306152 0.140742391347885 0.175542503595352 0.108173005282879
-3.4e+38 -3.4e+38 -3.4e+38 -3.4e+38 -3.4e+38 0.376339882612228 0.446795403957367 0.385568201541901 0.339638024568558 0.347037523984909 -3.4e+38 -3.4e+38 -3.4e+38 -3.4e+38 -3.4e+38 -3.4e+38 -3.4e+38 -3.4e+38 -3.4e+38 -3.4e+38 -3.4e+38 -3.4e+38 0.200760051608086 0.208217188715935 0.215310782194138 0.243927538394928 0.314353853464127 0.696548163890839 0.67510974407196 0.669350922107697 0.657667219638824 0.676493942737579 0.646492898464203 0.534795522689819 0.785230875015259 0.905370116233826 0.902764737606049 0.892483711242676 0.88618403673172 0.878207147121429 0.868639945983887 0.883588194847107 0.856025397777557 0.869868397712708 0.809886813163757 0.812690675258636 0.628787755966187 0.409214079380035 0.281352281570435 0.170691654086113 0.14798666536808 0.159148693084717 0.132867515087128 0.0918430760502815 0.07356858253479
-3.4e+38 -3.4e+38 -3.4e+38 -3.4e+38 -3.4e+38 0.349989533424377 0.379083424806595 0.359571516513824 0.367191404104233 0.341825246810913 -3.4e+38 -3.4e+38 -3.4e+38 -3.4e+38 -3.4e+38 -3.4e+38 -3.4e+38 -3.4e+38 -3.4e+38 -3.4e+38 0.211905896663666 0.276732414960861 0.274605572223663 0.247515305876732 0.220903098583221 0.265918910503387 0.326375216245651 0.675791323184967 0.672057330608368 0.668077111244202 0.577584147453308 0.511302649974823 0.513191819190979 0.912523627281189 0.899273455142975 0.89476466178894 0.876243412494659 0.842089116573334 0.852695167064667 0.862676560878754 0.820658087730408 0.849089324474335 0.828971087932587 0.78950697183609 0.765313148498535 0.721936047077179 0.479498445987701 0.29306772351265 0.189979791641235 0.117417171597481 0.115922756493092 0.111183419823647 0.122714750468731 0.0736908167600632 0.0458726286888123
-3.4e+38 -3.4e+38 -3.4e+38 -3.4e+38 -3.4e+38 0.352381646633148 0.364837735891342 0.373286306858063 0.370671689510345 0.402369409799576 -3.4e+38 -3.4e+38 -3.4e+38 -3.4e+38 -3.4e+38 -3.4e+38 -3.4e+38 0.445381343364716 0.460328936576843 0.226349040865898 0.578914523124695 0.565130054950714 0.492376089096069 0.606808364391327 0.258356690406799 0.636371612548828 0.497193247079849 0.597620368003845 0.514205038547516 0.501900672912598 0.549433827400208 0.486916154623032 0.77117121219635 0.897183179855347 0.849916338920593 0.852416813373566 0.838856935501099 0.814445316791534 0.807262003421783 0.801445603370667 0.786767244338989 0.788158893585205 0.765753626823425 0.753133773803711 0.664463520050049 0.506254553794861 0.32505190372467 0.258693069219589 0.181019887328148 0.0942700505256653 0.107192382216454 0.103546269237995 0.0720030590891838 0.0500210002064705 0.0377228744328022
-3.4e+38 -3.4e+38 -3.4e+38 -3.4e+38 -3.4e+38 -3.4e+38 0.369146555662155 0.407815426588058 0.47761994600296 0.417414903640747 -3.4e+38 -3.4e+38 -3.4e+38 -3.4e+38 0.396077454090118 0.416973859071732 0.395660310983658 0.412302494049072 0.439994513988495 0.496184945106506 0.888656854629517 0.897400438785553 0.890765726566315 0.53337037563324 0.53337037563324 0.709227919578552 0.547436952590942 0.539154350757599 0.543011128902435 0.771903276443481 0.689983904361725 0.750340342521667 0.883582651615143 0.861652970314026 0.84333199262619 0.81406843662262 0.798106610774994 0.783990442752838 0.764561057090759 0.7527095079422 0.749273300170898 0.740182936191559 0.738582253456116 0.648127377033234 0.461256265640259 0.31389057636261 0.224781960248947 0.199147447943687 0.220529064536095 0.0881016552448273 0.0748474076390266 0.11616163700819 0.0765340551733971 0.0352187640964985 0.0299920197576284
-3.4e+38 -3.4e+38 -3.4e+38 -3.4e+38 -3.4e+38 -3.4e+38 0.376908093690872 0.451942414045334 0.3925701379776 0.382308691740036 -3.4e+38 -3.4e+38 -3.4e+38 0.410786479711533 0.404900372028351 0.365131437778473 0.669223010540009 0.894207715988159 0.893358409404755 0.783552289009094 0.884526133537292 0.874082088470459 0.878723859786987 0.824798166751862 0.852046370506287 0.377971410751343 0.890076160430908 0.885188698768616 0.893059492111206 0.874117791652679 0.897233605384827 0.892752051353455 0.855460703372955 0.862536132335663 0.827624797821045 0.796553313732147 0.774384677410126 0.762987375259399 0.733840048313141 0.715133249759674 0.69214540719986 0.597119212150574 0.574943780899048 0.423129290342331 0.303888142108917 0.23673440515995 0.161867409944534 0.130552366375923 0.106932736933231 0.0589424632489681 0.0655863881111145 0.110031880438328 0.0736338719725609 0.0313524752855301 0.0260186288505793
-3.4e+38 -3.4e+38 -3.4e+38 -3.4e+38 -3.4e+38 0.382220447063446 0.463605254888535 0.423812001943588 0.410182148218155 0.40127170085907 0.388734310865402 0.394400298595428 0.371583700180054 0.346295446157455 0.28677836060524 0.754358172416687 0.882149457931519 0.875218987464905 0.861932933330536 0.882682681083679 0.87836629152298 0.87006413936615 0.873830914497375 0.766372621059418 0.73105776309967 0.713319718837738 0.878426432609558 0.869905292987823 0.877033412456512 0.866146564483643 0.87409120798111 0.860328912734985 0.85434490442276 0.842671573162079 0.797839343547821 0.789710283279419 0.755298376083374 0.742253422737122 0.719604730606079 0.700668811798096 0.449771195650101 0.371166914701462 0.323626756668091 0.265777200460434 0.218446433544159 0.148337960243225 0.10449380427599 0.08518385887146 0.0603048019111156 0.0517778433859348 0.0529593676328659 0.0751891732215881 0.0461342222988605 0.0270704943686724 0.0272638574242592
-3.4e+38 -3.4e+38 -3.4e+38 -3.4e+38 0.387992084026337 0.385121047496796 0.426417142152786 0.420815855264664 0.400283098220825 0.40629768371582 0.400153517723083 0.36844664812088 0.334485530853271 0.323235362768173 0.560434937477112 0.897553980350494 0.889669418334961 0.875550866127014 0.873295366764069 0.863621115684509 0.864343345165253 0.860288858413696 0.859588027000427 0.662296235561371 0.544380843639374 0.710300207138062 0.868989706039429 0.854971945285797 0.861733496189117 0.854654669761658 0.869304001331329 0.848593413829803 0.787167072296143 0.783164441585541 0.785133719444275 0.770873188972473 0.73669421672821 0.701320290565491 0.595424056053162 0.454540729522705 0.280812591314316 0.262613147497177 0.228530511260033 0.177400216460228 0.131986886262894 0.108340568840504 0.0754614695906639 0.0652929618954659 0.0600742660462856 0.0425943247973919 0.0403314903378487 0.0459051057696342 0.0366069935262203 0.0226924978196621 -3.4e+38
-3.4e+38 -3.4e+38 -3.4e+38 -3.4e+38 0.377525925636292 0.378374755382538 0.391772568225861 0.36040335893631 0.359590023756027 0.340809851884842 0.319415748119354 0.304928183555603 0.302939593791962 0.354177743196487 0.869918942451477 0.888054430484772 0.85993891954422 0.866721630096436 0.870136499404907 0.852880656719208 0.762396991252899 0.737409055233002 0.600700736045837 0.439472049474716 0.626907646656036 0.825599491596222 0.84497731924057 0.848574578762054 0.832023084163666 0.859345674514771 0.831631064414978 0.805988550186157 0.81179416179657 0.705174803733826 0.7515469789505 0.768560111522675 0.653153777122498 0.555395364761353 0.429004579782486 0.313174396753311 0.202708438038826 0.161616131663322 0.123728424310684 0.104368828237057 0.0861693322658539 0.0707898214459419 0.0654739886522293 0.0536182411015034 0.0454493425786495 0.0435931608080864 0.037996057420969 0.0367979370057583 0.0314166322350502 0.0233034770935774 -3.4e+38
-3.4e+38 -3.4e+38 -3.4e+38 0.398676127195358 0.38360321521759 0.346336722373962 0.42348501086235 0.30482429265976 0.388250023126602 0.494188874959946 0.348231077194214 0.340901166200638 0.715263426303864 0.879082322120667 0.892094314098358 0.878171920776367 0.849106788635254 0.849821388721466 0.863003194332123 0.842867374420166 0.617429912090302 0.575478494167328 0.460151195526123 0.485275328159332 0.654722213745117 0.767552554607391 0.727392852306366 0.609288454055786 0.695714831352234 0.734478831291199 0.765809893608093 0.761300921440125 0.637729167938232 0.519424974918365 0.71290922164917 0.595759630203247 0.459496349096298 0.393526464700699 0.315408110618591 0.159874647855759 0.107860177755356 0.094788059592247 0.078461229801178 0.068466529250145 0.0652195736765862 0.0618652738630772 0.0562268532812595 0.0504431091248989 0.0513131842017174 0.045413788408041 0.0375267267227173 0.0322987549006939 0.0275370609015226 -3.4e+38 -3.4e+38
-3.4e+38 -3.4e+38 0.406922370195389 0.407619029283524 0.416273325681686 0.412370800971985 0.530107259750366 0.767491817474365 0.826951861381531 0.897664546966553 0.902616798877716 0.880514562129974 0.897472023963928 0.889884352684021 0.883979976177216 0.812801837921143 0.79197484254837 0.864141643047333 0.861307799816132 0.569992482662201 0.439578294754028 0.488627791404724 0.394090801477432 0.377124398946762 0.439152926206589 0.590303063392639 0.589709341526031 0.518742203712463 0.487701773643494 0.559382081031799 0.49731382727623 0.625003933906555 0.428016632795334 0.162846326828003 0.233689174056053 0.235197126865387 0.155567467212677 0.16948875784874 0.113547705113888 0.0835803523659706 0.0729204043745995 0.0606230348348618 0.057737935334444 0.0504666939377785 0.0478799566626549 0.0516932643949986 0.050077635794878 0.0455215685069561 0.0506244860589504 0.0462035909295082 0.0453147627413273 0.0418122448027134 0.0356804393231869 -3.4e+38 -3.4e+38
0.416632026433945 0.418325126171112 0.428900718688965 0.430013239383698 0.442128926515579 0.860886693000793 0.928505599498749 0.913410365581512 0.916236698627472 0.912832081317902 0.905314922332764 0.90009742975235 0.891873180866241 0.884307742118835 0.881402015686035 0.824502646923065 0.78252649307251 0.823533594608307 0.857681810855865 0.395914852619171 0.284408241510391 0.462903439998627 0.237394362688065 0.189241528511047 0.178146705031395 0.328271090984344 0.498417943716049 0.46042937040329 0.333225429058075 0.373749762773514 0.26649808883667 0.240449219942093 0.102982319891453 0.0436926633119583 0.0328953303396702 0.0361330099403858 0.0454209484159946 0.0489092841744423 0.0462011471390724 0.0458702407777309 0.0472320541739464 0.0500829555094242 0.0491616725921631 0.0468648038804531 0.0467189326882362 0.0456155128777027 0.048602432012558 0.0508160181343555 0.0583486296236515 0.0637035220861435 0.062478993088007 0.0592252276837826 0.0590883195400238 -3.4e+38 -3.4e+38
0.44794574379921 0.468881487846375 0.473973602056503 0.453480035066605 0.551620185375214 0.927087545394897 0.927122473716736 0.912603974342346 0.915247142314911 0.910139143466949 0.898345410823822 0.893717586994171 0.883543193340302 0.874898552894592 0.877466022968292 0.867509782314301 0.830282747745514 0.828939318656921 0.829263627529144 0.281481295824051 0.176588729023933 0.472023189067841 0.371686398983002 0.154121741652489 0.104902021586895 0.105586841702461 0.106366708874702 0.147878408432007 0.193993493914604 0.171494901180267 0.160302713513374 0.104108661413193 0.0478686690330505 0.0239020325243473 0.0224471725523472 0.0265092402696609 0.0285846386104822 0.0295569691807032 0.0323388315737247 0.0367520824074745 0.040346521884203 0.0406249798834324 0.040492869913578 0.0403763689100742 0.045235525816679 0.0505714938044548 0.0488523207604885 0.056899793446064 0.0597079545259476 0.0694609954953194 0.0839764475822449 0.0820967108011246 0.0725206434726715 -3.4e+38 -3.4e+38
0.50413715839386 0.514860808849335 0.534068644046783 0.916579067707062 0.907403409481049 0.926383793354034 0.916130721569061 0.922772765159607 0.91158801317215 0.906489372253418 0.899520993232727 0.880078256130219 0.87677001953125 0.874366641044617 0.876113772392273 0.871377766132355 0.859544992446899 0.857795059680939 0.700613081455231 0.18258772790432 0.0767558887600899 0.429190456867218 0.633208930492401 0.273593634366989 0.195778340101242 0.133365094661713 0.0831518471240997 0.131329476833344 0.152856707572937 0.101579949259758 0.102314792573452 0.089907743036747 0.0627059563994408 0.0324552096426487 0.022083343937993 0.0204965118318796 0.0238651931285858 0.0244030859321356 0.0279492810368538 0.0328148975968361 0.0363329872488976 0.0372071042656898 0.0425632372498512 0.0419780313968658 0.0476278141140938 0.0466902516782284 0.0557449609041214 0.0532540194690228 0.0628748759627342 0.0867520645260811 0.101121127605438 0.105193398892879 -3.4e+38 -3.4e+38 -3.4e+38
0.467888802289963 0.483701676130295 0.564996898174286 0.85944014787674 0.930517852306366 0.92767459154129 0.899447202682495 0.916452944278717 0.910530507564545 0.90503340959549 0.894722700119019 0.879169464111328 0.869461178779602 0.872660458087921 0.876007199287415 0.798721671104431 0.862986743450165 0.812311351299286 0.770455479621887 0.38956406712532 0.135741889476776 0.454694747924805 0.479639083147049 0.490861058235168 0.558245241641998 0.362051218748093 0.118695750832558 0.16959011554718 0.205750823020935 0.12184626609087 0.191802501678467 0.173006355762482 0.122599497437477 0.0708397030830383 0.0348118916153908 0.0222139973193407 0.0231045354157686 0.0251726359128952 0.0279761534184217 0.0334815047681332 0.0373778715729713 0.0432092435657978 0.0441446006298065 0.0498590730130672 0.0493197366595268 0.0507215969264507 0.0487158186733723 0.0531552843749523 0.0821540802717209 0.107068561017513 0.119988359510899 0.118199393153191 0.114028446376324 -3.4e+38 -3.4e+38
0.497761875391006 0.503027439117432 0.443934202194214 0.49720224738121 0.935380876064301 0.927843868732452 0.919078826904297 0.915483951568604 0.908522129058838 0.90315055847168 0.89583021402359 0.888331890106201 0.874696493148804 0.872147977352142 0.868142902851105 0.867175102233887 0.862964928150177 0.858186185359955 0.791704893112183 0.514961063861847 0.365051716566086 0.26174795627594 0.238089352846146 0.245189413428307 0.490065306425095 0.627827703952789 0.183262959122658 0.178542390465736 0.354396373033524 0.202528804540634 0.207857638597488 0.187998056411743 0.060699824243784 0.0442986115813255 0.0504748933017254 0.0433565117418766 0.0288839712738991 0.0307073574513197 0.0337081290781498 0.0375711023807526 0.0435036569833755 0.049523901194334 0.0496015101671219 0.0515975840389729 0.0562802739441395 0.0497624129056931 0.046340599656105 0.0655417516827583 0.106800124049187 0.114685200154781 0.127679228782654 0.126360416412354 0.12103483825922 -3.4e+38 -3.4e+38
0.478439390659332 0.460586786270142 0.483241885900497 0.474527180194855 0.93035876750946 0.926316678524017 0.919931411743164 0.91073876619339 0.908076107501984 0.902722537517548 0.894046068191528 0.880318284034729 0.873006820678711 0.874782621860504 0.870888888835907 0.864492952823639 0.814827382564545 0.773678719997406 0.610355615615845 0.636786222457886 0.363309651613235 0.333530455827713 0.367888003587723 0.208925187587738 0.392289489507675 0.653157651424408 0.330610692501068 0.289459764957428 0.37650939822197 0.429037988185883 0.292338460683823 0.201519727706909 0.125443816184998 0.0775157660245895 0.135011449456215 0.0821175277233124 0.0389815755188465 0.0394013971090317 0.0438326261937618 0.0481610931456089 0.056178130209446 0.0571870803833008 0.0643839687108994 0.0669194757938385 0.0629547759890556 0.055605199187994 0.0611210055649281 0.0870767086744308 0.113514013588428 0.117419086396694 0.121493987739086 0.129851043224335 0.125868901610374 0.130143731832504 -3.4e+38
0.420907646417618 0.568777084350586 0.931840300559998 0.929783225059509 0.917155563831329 0.909804344177246 0.915414810180664 0.898272514343262 0.903146266937256 0.890856921672821 0.886247098445892 0.870640695095062 0.876686453819275 0.876195907592773 0.844352602958679 0.865451276302338 0.723099052906036 0.625782191753387 0.67801171541214 0.619220376014709 0.340343207120895 0.351328492164612 0.419969081878662 0.432828158140182 0.192156299948692 0.190390050411224 0.183408081531525 0.283540159463882 0.54889965057373 0.496954679489136 0.386950343847275 0.375141680240631 0.340446978807449 0.301104456186295 0.218048453330994 0.0719530433416367 0.055012471973896 0.0623304285109043 0.0656457766890526 0.0640424937009811 0.0718807354569435 0.0720309764146805 0.0803166404366493 0.0819102451205254 0.0836713686585426 0.0761721432209015 0.0888424664735794 0.103852607309818 0.108340837061405 0.118756994605064 0.129868268966675 0.139939233660698 0.138838395476341 0.14227494597435 0.143468424677849
0.514597952365875 0.893429100513458 0.915098071098328 0.921391427516937 0.913380265235901 0.919577836990356 0.911704063415527 0.897441327571869 0.875134587287903 0.880410134792328 0.871401607990265 0.863399028778076 0.865683317184448 0.871466279029846 0.864396870136261 0.832715928554535 0.713060796260834 0.636867642402649 0.797019898891449 0.634523749351501 0.363442033529282 0.359052151441574 0.419238775968552 0.598165690898895 0.315885126590729 0.14459639787674 0.145936921238899 0.237505286931992 0.33510360121727 0.259838670492172 0.305505692958832 0.309062421321869 0.25881290435791 0.249553143978119 0.175385683774948 0.0949825122952461 0.0755107402801514 0.0806198045611382 0.0919006764888763 0.0876882523298264 0.0857891663908958 0.0893516018986702 0.0920191556215286 0.0868170782923698 0.0876952111721039 0.0908225402235985 0.0933848693966866 0.0997111946344376 0.113688491284847 0.117603823542595 0.133498400449753 0.143505826592445 0.155976682901382 0.15143495798111 0.130240350961685
0.884118139743805 0.888754665851593 0.87264883518219 0.887940347194672 0.888056695461273 0.908687174320221 0.895973920822144 0.890225648880005 0.862119853496552 0.864849746227264 0.85026615858078 0.845714747905731 0.849410891532898 0.843205392360687 0.843283891677856 0.826744556427002 0.726349055767059 0.622621476650238 0.794613122940063 0.552364230155945 0.373911321163177 0.42077448964119 0.530290484428406 0.714712977409363 0.612295031547546 0.313457071781158 0.1656404286623 0.151978179812431 0.180931180715561 0.123209953308105 0.257717788219452 0.35046598315239 0.255590200424194 0.244116634130478 0.168838664889336 0.11091686040163 0.0984315350651741 0.112345688045025 0.112016350030899 0.102324761450291 0.0926835909485817 0.0872742831707001 0.0846643596887589 0.0842940136790276 0.0884860903024673 0.0893126204609871 0.0912199839949608 0.0973427966237068 0.109439074993134 0.122416131198406 0.135868087410927 0.145581513643265 0.150672644376755 0.13721552491188 0.1234275624156
0.863902270793915 0.855998337268829 0.84408438205719 0.853445112705231 0.818080723285675 0.854790329933167 0.840212345123291 0.853842675685883 0.80891227722168 0.802871108055115 0.808447897434235 0.799716949462891 0.800601661205292 0.808973014354706 0.772537291049957 0.7552210688591 0.676167368888855 0.701312899589539 0.733468949794769 0.474267721176147 0.396643936634064 0.413424223661423 0.569007039070129 0.688521564006805 0.480361133813858 0.345550209283829 0.18023644387722 0.160667538642883 0.145371571183205 0.186510533094406 0.249687403440475 0.255779713392258 0.166114628314972 0.178057953715324 0.126943916082382 0.140865609049797 0.123387545347214 0.117546737194061 0.113481886684895 0.102275043725967 0.0942419171333313 0.0935712531208992 0.0848804712295532 0.0882109478116035 0.0882680267095566 0.0865264162421227 0.0886657610535622 0.101578667759895 0.114834867417812 0.126219630241394 0.139293253421783 0.152585625648499 0.144909575581551 -3.4e+38 -3.4e+38
0.796896278858185 0.854785680770874 0.822104394435883 0.738930344581604 0.689498782157898 0.717454731464386 0.69160270690918 0.689431190490723 0.703696012496948 0.724367678165436 0.74638819694519 0.767374515533447 0.772466957569122 0.761011838912964 0.699189126491547 0.693644642829895 0.66297435760498 0.62580531835556 0.532263934612274 0.450641334056854 0.406362593173981 0.451863884925842 0.656912207603455 0.692444026470184 0.433965027332306 0.355876445770264 0.20464688539505 0.212693452835083 0.239746674895287 0.294232398271561 0.283410876989365 0.217418923974037 0.242500245571136 0.256262093782425 0.21071220934391 0.158950358629227 0.131254449486732 0.121641159057617 0.113918654620647 0.108293116092682 0.0986032858490944 0.0905100256204605 0.0891701132059097 -3.4e+38 -3.4e+38 0.0906531438231468 0.0945783033967018 0.107155963778496 0.116871945559978 0.134167894721031 0.144063130021095 -3.4e+38 -3.4e+38 -3.4e+38 -3.4e+38
0.452814817428589 0.776053547859192 0.781133949756622 0.642792701721191 0.59241110086441 0.575279176235199 0.576399862766266 0.584463357925415 0.6023029088974 0.603464603424072 0.647022068500519 0.698170244693756 0.695213675498962 0.65583461523056 0.650713384151459 0.709169209003448 0.695969045162201 0.575921058654785 0.506414532661438 0.436464369297028 0.468777149915695 0.575075685977936 0.686733782291412 0.601658284664154 0.448070079088211 0.262420475482941 0.203653559088707 0.265075951814651 0.279071301221848 0.297271728515625 0.271479457616806 0.288957953453064 0.29050549864769 0.25102886557579 0.302794098854065 0.242989256978035 0.135965138673782 0.11205018311739 0.112115293741226 0.110077910125256 0.100550413131714 0.099625401198864 0.0908242091536522 0.103641390800476 0.101550884544849 0.105894938111305 0.111872248351574 0.118751049041748 0.128272220492363 0.138010680675507 0.137011960148811 -3.4e+38 -3.4e+38 -3.4e+38 -3.4e+38
