data/climate_estimation/maxent_output/Veratrum_maackii.asc
NCOLS 451 
NROWS 339 
XLLCORNER 106.333333333333 
YLLCORNER 21.8333333333333 
CELLSIZE 0.0833333333333333 
NODATA_value -3.4e+38 
[rows 132 to 153 of 339, columns 0 to 48 of 451]
5.27465181221487e-06 5.08728408021852e-06 5.28494774698629e-06 7.08756397216348e-06 7.24155552234151e-06 7.79248694016133e-06 1.14017575469916e-05 1.227085795108e-05 1.30837124743266e-05 1.73079406522447e-05 1.94180283870082e-05 2.15462387131993e-05 2.84599373117089e-05 3.18510865326971e-05 4.40628355136141e-05 5.24503921042196e-05 7.70628685131669e-05 0.000107431507785805 0.000108947620901745 0.000159382630954497 0.000165756733622402 0.000223655995796435 0.000240680019487627 0.000309299939544871 0.000443660101154819 0.000449669256340712 0.000589020841289312 0.000635587726719677 0.000694337242748588 0.00085109518840909 0.000973583257291466 0.00118960661347955 0.00128808279987425 0.00157888152170926 0.00199775164946914 0.00244398135691881 0.00320060783997178 0.00342202023603022 0.00414583925157785 0.00470449216663837 0.00542731489986181 0.00529867876321077 0.00566981825977564 0.00651075411587954 0.00742411985993385 0.00856098253279924 0.00874401163309813 0.00893726106733084 0.00931924022734165
4.9890081754711e-06 7.01117050994071e-06 7.1486988417746e-06 7.28161694496521e-06 7.94398056314094e-06 7.96984477346996e-06 1.20509912449052e-05 1.77427264134167e-05 1.79287399078021e-05 1.77916372194886e-05 1.99871446966426e-05 2.93236080324277e-05 3.02912449114956e-05 3.29339818563312e-05 4.76186214655172e-05 6.92562898620963e-05 7.6593627454713e-05 0.000104125974758063 0.000114620110252872 0.000157379952725023 0.000216004205867648 0.000219949492020532 0.000286216789390892 0.000309218972688541 0.000422744895331562 0.000452414940809831 0.000585975823923945 0.000640872574876994 0.000839329499285668 0.000905288383364677 0.00110201467759907 0.00120228691957891 0.00164842256344855 0.00185972172766924 0.00228451914153993 0.00247033196501434 0.00319841224700212 0.00323556014336646 0.00395879941061139 0.00422492530196905 0.0052215363830328 0.00528703955933452 0.00645635509863496 0.0061957067809999 0.00694209989160299 0.00898528005927801 0.00962917320430279 0.0102142347022891 0.00978170055896044
7.05575030224281e-06 7.07226809026906e-06 7.21301466910518e-06 7.92547962191748e-06 1.06429306470091e-05 1.08355852717068e-05 1.69707964232657e-05 1.92038332897937e-05 2.60009510384407e-05 2.76838836725801e-05 3.05942339764442e-05 4.16817201767117e-05 4.45179284724873e-05 4.89008416479919e-05 6.24445674475282e-05 6.88742366037332e-05 7.49009996070527e-05 9.86523737083189e-05 0.000144281206303276 0.000157061076606624 0.000225701660383493 0.000292171374894679 0.000298268889309838 0.000325261382386088 0.00041863537626341 0.000452100968686864 0.000592144438996911 0.000610362098086625 0.000869289040565491 0.00113919877912849 0.0011748691322282 0.00162488454952836 0.00172129552811384 0.00210785865783691 0.00232206913642585 0.00285551301203668 0.00302426284179091 0.00373193761333823 0.00398858636617661 0.00484802667051554 0.00516813946887851 0.00636101141571999 0.00639915466308594 0.00612406292930245 0.00765303429216146 0.00814802851527929 0.00988718401640654 0.0100114867091179 0.00977301225066185
7.09978939994471e-06 7.40227733331267e-06 7.47423064240138e-06 1.00266870504129e-05 1.08294525489327e-05 1.58936745719984e-05 1.85990174941253e-05 2.67546656687045e-05 2.73416371783242e-05 2.78478037216701e-05 4.11772598454263e-05 4.36619666288607e-05 4.50479237770196e-05 5.77115861233324e-05 6.724276317982e-05 6.8443885538727e-05 9.49253080761991e-05 0.000103116362879518 0.00015170915867202 0.000196555411093868 0.000252622034167871 0.000291104486677796 0.000315465236781165 0.000412833876907825 0.000535585859324783 0.000545353104826063 0.000588835799135268 0.00080246152356267 0.000874970981385559 0.00115075777284801 0.00131150730885565 0.00159082689788193 0.00208539981395006 0.00215623597614467 0.00229170708917081 0.00284550664946437 0.00304021034389734 0.003700788365677 0.00399266555905342 0.00489042839035392 0.00517303682863712 0.0063228840008378 0.00633680680766702 0.00616075610741973 0.00711660785600543 0.00769197195768356 0.00996321346610785 0.0106398379430175 0.0118167800828815
7.50636536395177e-06 9.67705727816792e-06 1.03138281701831e-05 1.06208308352507e-05 1.53208784468006e-05 1.79771268449258e-05 2.4593678972451e-05 2.68931653408799e-05 2.74282792815939e-05 3.76848875021096e-05 4.3244959670119e-05 5.87991053180303e-05 6.05708410148509e-05 6.20851060375571e-05 8.52411540108733e-05 9.15867785806768e-05 9.55649593379349e-05 0.000131093969685026 0.000141663709655404 0.000207532692002133 0.000281069631455466 0.000304255401715636 0.000376502517610788 0.000384799030143768 0.000415833288570866 0.000540335313417017 0.000583310262300074 0.000763746502343565 0.00105112825985998 0.00113633251748979 0.00149624759797007 0.00171065726317465 0.00196641962975264 0.00212712190113962 0.00262022623792291 0.0028227383736521 0.00329285976476967 0.00370979635044932 0.00398561265319586 0.00485403975471854 0.00461295899003744 0.00585079612210393 0.00629612011834979 0.00609516631811857 0.0070617669261992 0.00710973097011447 0.00930410251021385 0.0105586368590593 0.0123941199854016
9.9551389212138e-06 1.0612238838803e-05 1.06670850072987e-05 1.18767484309501e-05 1.76531102624722e-05 2.41456855292199e-05 2.64081609202549e-05 3.38798236043658e-05 3.68426226486918e-05 3.9588881918462e-05 5.4409567383118e-05 5.91246607655194e-05 8.10212004580535e-05 8.30397693789564e-05 8.9924200437963e-05 9.18971563805826e-05 0.000126007726066746 0.000137428811285645 0.000188399601029232 0.000256495492067188 0.00027784300618805 0.000287235248833895 0.00037169994902797 0.000404287013225257 0.000496003427542746 0.000563211913686246 0.00074170611333102 0.000799852947238833 0.00104547513183206 0.00120201578829437 0.00146907311864197 0.00150035147089511 0.00198793993331492 0.00201239786110818 0.00248075649142265 0.00267384527251124 0.00327714625746012 0.00350944302044809 0.00430257664993405 0.00433716224506497 0.00531117944046855 0.005904505494982 0.00676127942278981 0.00690943654626608 0.00703972252085805 0.00676574138924479 0.0078207291662693 0.0120435673743486 0.0128027880564332
9.9464705272112e-06 1.01187861218932e-05 1.06979478005087e-05 1.6200012396439e-05 2.21993868763093e-05 2.42661863012472e-05 3.33523130393587e-05 3.62395330739673e-05 3.87193940696307e-05 4.96042812301312e-05 5.40973851457238e-05 6.11866635154001e-05 8.07899486972019e-05 8.09428020147607e-05 8.87586793396622e-05 0.000121463330287952 0.000131917317048647 0.000182260249857791 0.000184820455615409 0.000253660808084533 0.000277640676358715 0.000340427010087296 0.00036604527849704 0.000398322445107624 0.000521921494510025 0.000677546544466168 0.000775656895712018 0.00101589842233807 0.00103491020854563 0.00136235577519983 0.00146005221176893 0.00182998937088996 0.00196008966304362 0.0025754920206964 0.00262811873108149 0.00323884165845811 0.00345878396183252 0.00398659380152822 0.00402842042967677 0.0040491484105587 0.0049593560397625 0.005257039796561 0.00637891655787826 0.00681731663644314 0.00688001047819853 0.00852289982140064 0.00858605653047562 0.00874823145568371 0.0114770736545324
1.0130585906154e-05 1.08467165773618e-05 1.49777379192528e-05 2.14217070606537e-05 2.3833932573325e-05 3.25964756484609e-05 3.47419154422823e-05 4.79950831504539e-05 4.85623640997801e-05 5.53577920072712e-05 7.09920423105359e-05 7.6879805419594e-05 8.46777256811038e-05 8.52776211104356e-05 0.0001097373169614 0.000119809155876283 0.000156501118908636 0.000169426362845115 0.000222886548726819 0.000255184364505112 0.000261993031017482 0.000335324875777587 0.000382694095605984 0.000453538203146309 0.000546201597899199 0.000672690395731479 0.000732671702280641 0.00100163894239813 0.00109425222035497 0.00134510500356555 0.00137516914401203 0.00181927124504 0.00193698529619724 0.00255646929144859 0.00261229532770813 0.00320490030571818 0.00394184328615665 0.00422748411074281 0.00427554454654455 0.00398916658014059 0.00441935751587152 0.00488908682018518 0.00597670534625649 0.00666588312014937 0.00824671518057585 0.00843765027821064 0.00895851198583841 0.0099148228764534 0.0106152454391122
1.08080448626424e-05 1.44621253639343e-05 1.67677317222115e-05 2.31911144510377e-05 3.15342804242391e-05 3.21215920848772e-05 4.38371134805493e-05 5.00962269143201e-05 5.1133509259671e-05 6.95563285262324e-05 7.5672403909266e-05 9.70372348092496e-05 8.2531405496411e-05 8.3962848293595e-05 0.000110260720248334 0.000126111903227866 0.000165168574312702 0.000187080833711661 0.000244493217905983 0.000249764299951494 0.000345215521520004 0.000353212206391618 0.000436317903222516 0.000528636912349612 0.000616376055404544 0.000702472520060837 0.000866289949044585 0.000948463857639581 0.00123300577979535 0.00127036240883172 0.00174378813244402 0.00179300107993186 0.00210116268135607 0.00240306323394179 0.00297559844329953 0.00337423174642026 0.00418190425261855 0.00401074858382344 0.00460892776027322 0.00435572117567062 0.00405493332073092 0.00410095928236842 0.00555103411898017 0.00626909825950861 0.00690268073230982 0.0082531925290823 0.0102122277021408 0.00977205205708742 0.0103819193318486
1.46293350553606e-05 1.98519992409274e-05 2.12784816540079e-05 2.92875392915448e-05 3.173028017045e-05 4.06738763558678e-05 4.62491443613544e-05 4.93346888106316e-05 6.43324747215956e-05 7.30917163309641e-05 0.000100124154414516 0.000102320067526307 9.79424366960302e-05 0.000106218096334487 0.000109625507320743 0.000149286832311191 0.000161868301802315 0.000211383390706033 0.000243148155277595 0.000298579165246338 0.000322839099681005 0.00043947299127467 0.000485529191792011 0.000497262226417661 0.000652309972792864 0.000661655038129538 0.000905643042642623 0.000931482238229364 0.00122285063844174 0.0014978121034801 0.00164243695326149 0.00169000599998981 0.00200725859031081 0.00225418782792985 0.00278634973801672 0.00385491619817913 0.00395698798820376 0.00396063691005111 0.0045892633497715 0.00403970759361982 0.00354317133314908 0.0037818388082087 0.00493616564199328 0.00580604653805494 0.00755610782653093 0.00944709591567516 0.0100473174825311 0.0102320509031415 0.0125560238957405
1.94458243640838e-05 2.79681389656616e-05 2.68146250164136e-05 3.06285837723408e-05 3.12838928948622e-05 4.28537859988865e-05 4.84625634271652e-05 5.93439945077989e-05 6.75933770253323e-05 7.1584596298635e-05 9.37261429498903e-05 9.62613194133155e-05 0.000108701853605453 0.000104699880466796 0.000119553318654653 0.000157286500325426 0.00016119507199619 0.000210332713322714 0.000240454421145841 0.000294122030027211 0.000408815627451986 0.000446313468273729 0.000455449742730707 0.000625315238721669 0.00064111064421013 0.00078367511741817 0.00085346563719213 0.00105655007064342 0.00120958930347115 0.00148414447903633 0.00161804188974202 0.00200560851953924 0.00194272969383746 0.00218022777698934 0.00271903653629124 0.00329494825564325 0.00340086757205427 0.00440419465303421 0.0042021507397294 0.00373092177323997 0.00328921712934971 0.00362839759327471 0.00455239741131663 0.0062845409847796 0.0074228597804904 0.00912779103964567 0.00986949540674686 0.0116107119247317 0.011567217297852
1.92482239071978e-05 2.08745586860459e-05 2.81496340903686e-05 3.05402427329682e-05 4.17823321186006e-05 4.25673497375101e-05 6.1150909459684e-05 6.1890903452877e-05 7.04781268723309e-05 9.65371436905116e-05 9.87663515843451e-05 9.949691593647e-05 0.000102904115919955 0.000109779110061936 0.000143845478305593 0.00015346851432696 0.000202234106836841 0.000207317425520159 0.000271173368673772 0.000327795103657991 0.000402978708734736 0.000438830233179033 0.000538749154657125 0.000589617004152387 0.000717603485099971 0.000822320929728448 0.000966531748417765 0.00103933934587985 0.00137108145281672 0.0013953015441075 0.0014215667033568 0.00182355381548405 0.00190143031068146 0.00212805485352874 0.00287321745418012 0.00301258941181004 0.00331652909517288 0.00365879107266665 0.0036280732601881 0.00362991471774876 0.00345492409542203 0.00392118655145168 0.00496414257213473 0.00650758948177099 0.00806069001555443 0.00902745872735977 0.0106881493702531 0.0114005133509636 0.0122092785313725
1.92919142136816e-05 2.78168536169687e-05 3.60904778062832e-05 3.86241408705246e-05 4.39845971413888e-05 5.62851491849869e-05 5.71255877730437e-05 6.22783481958322e-05 8.43372836243361e-05 9.59360259003006e-05 0.000124762664199807 0.000127199804410338 0.000105934937892016 0.00012926451745443 0.000141805459861644 0.000185825323569588 0.000199451533262618 0.000259942462434992 0.000299686944345012 0.000372162292478606 0.000401990313548595 0.000492586987093091 0.000565860595088452 0.000695821770932525 0.000709021231159568 0.000808306387625635 0.000951605325099081 0.00101985433138907 0.00128025782760233 0.00135674083139747 0.00160414283163846 0.00156693602912128 0.00205389456823468 0.00205591367557645 0.0024681503418833 0.00264161359518766 0.00282678962685168 0.00328648649156094 0.00301783834584057 0.00304031139239669 0.00367529015056789 0.0040668691508472 0.00535794068127871 0.00609044544398785 0.00837127026170492 0.00852018129080534 0.0103776128962636 0.0111502623185515 0.0131187243387103
2.02156807063147e-05 2.77190592896659e-05 4.02918813051656e-05 5.22184564033523e-05 5.25883951922879e-05 5.66809867450502e-05 7.71524428273551e-05 8.31685028970242e-05 8.47152841743082e-05 9.06163841136731e-05 0.000123546196846291 0.000132892208057456 0.000133707639179192 0.000127957362565212 0.000138946081278846 0.000182832081918605 0.000240740162553266 0.000244247319642454 0.000338737794663757 0.000387918262276798 0.000476325862109661 0.000486861768877134 0.000558556756004691 0.00064955570269376 0.000746184901800007 0.000916435790713876 0.000933821895159781 0.0012260100338608 0.00125508650671691 0.00155688694212586 0.00175958010368049 0.00208429642952979 0.0021737942006439 0.00293827010318637 0.00299932877533138 0.00287261791527271 0.00371120520867407 0.00370480795390904 0.00428617047145963 0.00431796442717314 0.00477523822337389 0.00521946651861072 0.0054558333940804 0.00669791596010327 0.00822666846215725 0.00962476152926683 0.0109219718724489 0.0133334686979651 0.0127877295017242
2.53911857726052e-05 3.71334826922975e-05 5.1283546781633e-05 7.47134181438014e-05 6.671212031506e-05 7.19185991329141e-05 7.67307719797827e-05 8.21448120404966e-05 0.000106081992271356 0.00011467922013253 0.000140488307806663 0.000130585554870777 0.000135074064019136 0.000134324334794655 0.000168353013577871 0.000192051826161332 0.000235608516959473 0.000327876536175609 0.000333880190737545 0.000380639656214043 0.000447847764007747 0.000508539262227714 0.000624602835159749 0.000683923601172864 0.000836262363009155 0.000852165976539254 0.00118156219832599 0.00120430113747716 0.00140681397169828 0.001617202302441 0.00189447146840394 0.00204025884158909 0.00238742190413177 0.0028673387132585 0.00337561639025807 0.00338612101040781 0.00364193483255804 0.00420360919088125 0.00450113695114851 0.00450635422021151 0.00547913368791342 0.0058550382964313 0.00675871595740318 0.00720135355368257 0.00878801569342613 0.0100324843078852 0.0117449630051851 0.0126162488013506 0.0135031286627054
3.43856336257886e-05 3.89035849366337e-05 5.10177706019022e-05 6.63778191665187e-05 6.67428466840647e-05 7.17622315278277e-05 7.65763834351674e-05 0.000103906830190681 0.000105984472611453 0.000162634227308445 0.000155486253788695 0.000149530096678063 0.000131834909552708 0.000163071250426583 0.000176016095792875 0.000215993539313786 0.000261746667092666 0.000321193248964846 0.000351195456460118 0.000429313746280968 0.00053866533562541 0.000572532881051302 0.000626441207714379 0.000770395330619067 0.000789655139669776 0.00107607163954526 0.00109810184221715 0.00112612103112042 0.00148081209044904 0.00182751147076488 0.00197044876404107 0.00244703167118132 0.00234350701794028 0.00268331309780478 0.00310901459306479 0.00332534499466419 0.00406485563144088 0.00435764295980334 0.00475892564281821 0.00537018990144134 0.00539805786684155 0.00662072608247399 0.00663661444559693 0.00782515108585358 0.00871296320110559 0.0102774351835251 0.0115742292255163 0.0122685777023435 0.01433190330863
3.68739856639877e-05 3.64965744665824e-05 5.02883522131015e-05 5.13474988110829e-05 6.65588013362139e-05 7.10133535903879e-05 9.68669337453321e-05 9.86999220913276e-05 0.000143161159940064 0.000153414002852514 0.000196451001102105 0.000200675538508222 0.000158030292368494 0.000161829011631198 0.000209088873816654 0.000240635476075113 0.000295029865810648 0.000321393803460523 0.000393666123272851 0.000428315135650337 0.000557036371901631 0.000600558531004936 0.000698929303325713 0.00071330473292619 0.000989679829217494 0.00101569388061762 0.00133558816742152 0.0013620862737298 0.00167401204816997 0.00181237061042339 0.00220181071199477 0.00240388512611389 0.00256753992289305 0.00316445669159293 0.00339237484149635 0.00391782494261861 0.0037815582472831 0.00465547293424606 0.00490488857030869 0.00525743560865521 0.00578894698992372 0.00622595008462667 0.00765141053125262 0.0085644731298089 0.0100224250927567 0.0106708463281393 0.0114215360954404 0.0133032370358706 0.0140704400837421
4.4222495489521e-05 5.0451562856324e-05 6.16256729699671e-05 6.5753236413002e-05 7.07935250829905e-05 9.10742601263337e-05 0.000129681677208282 0.000138949762913398 0.000140469215693884 0.00018346167053096 0.000196552195120603 0.000199268528376706 0.000190802515135147 0.000194722437299788 0.000264559377683327 0.000288196984911337 0.000354649469954893 0.000386583444196731 0.000448366685304791 0.000508242112118751 0.000672567111905664 0.000720747106242925 0.00073582271579653 0.000863717461470515 0.000978110008873045 0.00120985636021942 0.00122730911243707 0.00151874194853008 0.00165436638053507 0.00203283550217748 0.00216938392259181 0.00221783178858459 0.00275580654852092 0.00340208900161088 0.00356559711508453 0.00381631078198552 0.00423974730074406 0.0045751784928143 0.00460616499185562 0.00566381402313709 0.00632287329062819 0.00668744510039687 0.00747028272598982 0.00874775461852551 0.00979719869792461 0.0104267047718167 0.0121987946331501 0.0129488687962294 0.0137118035927415
4.41012562077958e-05 5.99642953602597e-05 8.71031370479614e-05 9.31648246478289e-05 9.38805460464209e-05 0.000115118200483266 0.000130590895423666 0.000159009723574854 0.000162248237757012 0.000218534303712659 0.000249535893090069 0.000227124241064303 0.000200770009541884 0.000264051457634196 0.000279658677754924 0.000330268550897017 0.000373752467567101 0.000459718314232305 0.000468628655653447 0.000604884757194668 0.000628182606305927 0.000672951049637049 0.000787655473686755 0.000891431816853583 0.00104340026155114 0.00111895834561437 0.00144489761441946 0.00152982410509139 0.00191414169967175 0.00196777679957449 0.00251608970575035 0.00242349994368851 0.00268317852169275 0.0030982387252152 0.00344004179351032 0.00405718805268407 0.00413725292310119 0.00448710471391678 0.00548118678852916 0.00553877837955952 0.00648574996739626 0.00695567019283772 0.00775035982951522 0.00853084772825241 0.00914655067026615 0.0112540666013956 0.0106912357732654 0.0126881403848529 0.0120708430185914
5.98829901719e-05 8.12659855000675e-05 8.75117329997011e-05 8.73887911438942e-05 0.000114799127914011 0.00012273495667614 0.000157382179168053 0.000167435733601451 0.000215800493606366 0.000220312635065056 0.000235010447795503 0.000236895808484405 0.000245701492531225 0.000314466451527551 0.000404549326049164 0.000414306501625106 0.000509141769725829 0.000575630168896168 0.000748492253478616 0.000758360256440938 0.000732213084120303 0.000839695916511118 0.000984193407930434 0.000987262581475079 0.00129513547290117 0.00138362008146942 0.00159113365225494 0.00170639483258128 0.00184090260881931 0.00219615478999913 0.00230651441961527 0.00249064224772155 0.00282653956674039 0.00302112591452897 0.00370493205264211 0.00399763742461801 0.00435883738100529 0.00477419653907418 0.00510077411308885 0.00627282867208123 0.00600055232644081 0.00671531958505511 0.00833125319331884 0.00797547027468681 0.00896395090967417 0.0105048026889563 0.0104245096445084 0.0109493331983685 0.0130486581474543
0.000103717611636966 8.69531504577026e-05 0.000105143946711905 0.000113134519779123 0.000120573393360246 0.000147053448017687 0.000189652724657208 0.000214793442864902 0.000279038504231721 0.00036140056909062 0.000363502331310883 0.000369625951861963 0.000392571848351508 0.00048221621545963 0.000622067949734628 0.000497375789564103 0.000605752575211227 0.000827978015877306 0.000693399575538933 0.00082809547893703 0.000886439636815339 0.000888816372025758 0.00111903459765017 0.00111801899038255 0.00127703533507884 0.00149736134335399 0.00158394034951925 0.00168597744777799 0.00199465709738433 0.00214934209361672 0.00229039811529219 0.00281665869988501 0.00294772698543966 0.00368203152902424 0.00351867103017867 0.00375832105055451 0.00457271514460444 0.00459367502480745 0.00541607709601521 0.00617791106924415 0.00660788733512163 0.00730943959206343 0.00775755988433957 0.00857697241008282 0.00959095545113087 0.00914968084543943 0.0118348645046353 0.0118254721164703 0.0109456973150373
0.000132825400214642 0.000109635126136709 0.000135763024445623 0.000145135505590588 0.000146443810081109 0.000198719717445783 0.000200755195692182 0.000258489220868796 0.000430087995482609 0.000340378668624908 0.00034549314295873 0.000348573870724067 0.000405348575441167 0.000433711858931929 0.000592381169553846 0.000713941059075296 0.00077643635449931 0.000749757047742605 0.000801269256044179 0.000849075091537088 0.000996612943708897 0.00101390981581062 0.00109246256761253 0.00118043704424053 0.00136031676083803 0.00145551504101604 0.00170137779787183 0.00192910269834101 0.00193379889242351 0.00228397618047893 0.00243982183746994 0.00265303277410567 0.00333830970339477 0.00343700405210257 0.00338706420734525 0.00411734683439136 0.00439681159332395 0.00472370721399784 0.00502090202644467 0.00564563972875476 0.00668989960104227 0.00669949501752853 0.00750417774543166 0.00795544125139713 0.0088958851993084 0.00882712658494711 0.0103319017216563 0.0110510271042585 0.00987001694738865
