data/climate_estimation/maxent_output/Veratrum_maackii.asc
NCOLS 451 
NROWS 339 
XLLCORNER 106.333333333333 
YLLCORNER 21.8333333333333 
CELLSIZE 0.0833333333333333 
NODATA_value -3.4e+38 
[rows 176 to 197 of 339, columns 343 to 391 of 451]
0.775073051452637 0.736640393733978 0.596053123474121 0.557360947132111 0.592773497104645 0.672226190567017 0.771136105060577 0.791511595249176 0.778741478919983 0.786023736000061 0.885213971138 0.859745025634766 0.698126256465912 0.558711349964142 0.536703824996948 0.532750368118286 0.677814841270447 0.82076358795166 0.86325591802597 0.73644357919693 0.64449006319046 0.61871737241745 0.581491470336914 0.577160716056824 0.611220717430115 0.674175143241882 0.687952518463135 0.727292656898499 0.820188641548157 0.902824282646179 0.901493072509766 0.905438780784607 0.896397590637207 0.892438292503357 0.875161170959473 0.869045495986938 0.87011456489563 0.875880002975464 0.779980003833771 0.829265892505646 0.860573649406433 0.832497179508209 0.779446542263031 0.825977802276611 0.821006119251251 0.721843898296356 0.816184282302856 0.819009363651276 0.782613515853882
0.699762165546417 0.581673562526703 0.515125930309296 0.5110222697258 0.563601076602936 0.673750042915344 0.847933530807495 0.846562504768372 0.872974991798401 0.88655161857605 0.887299358844757 0.883345544338226 0.854247689247131 0.636632025241852 0.630488932132721 0.637026250362396 0.742989182472229 0.916238784790039 0.877386391162872 0.832977473735809 0.605483651161194 0.587486147880554 0.547988653182983 0.515725255012512 0.520955920219421 0.59578949213028 0.686309158802032 0.845376789569855 0.894776999950409 0.891788303852081 0.897464156150818 0.896241843700409 0.896129310131073 0.888434231281281 0.870564579963684 0.866264641284943 0.875776052474976 0.833793640136719 0.836247861385345 0.866622507572174 0.862515091896057 0.835970997810364 0.768247187137604 0.773534595966339 0.769126534461975 0.836085677146912 0.838670372962952 0.788314878940582 0.775217115879059
0.823454916477203 0.685052871704102 0.62493622303009 0.658913016319275 0.697998046875 0.709569275379181 0.741111218929291 0.80102813243866 0.830215990543365 0.863821864128113 0.879432857036591 0.875872910022736 0.633642733097076 0.616516053676605 0.616049587726593 0.634752511978149 0.730209589004517 0.909201145172119 0.87980729341507 0.878381729125977 0.66904878616333 0.56274938583374 0.525368452072144 0.485221832990646 0.466988533735275 0.515891492366791 0.682868480682373 0.741146564483643 0.747861742973328 0.869459688663483 0.899255335330963 0.897081434726715 0.892429769039154 0.883526146411896 0.870222389698029 0.864473402500153 0.871382355690002 0.863059341907501 0.862024784088135 0.848871886730194 0.832204401493073 0.822313666343689 0.787248253822327 0.672303199768066 0.620496451854706 0.718246340751648 0.797140061855316 0.731947183609009 0.756883978843689
0.732689738273621 0.62529057264328 0.679315686225891 0.729842782020569 0.740845680236816 0.734774827957153 0.62401157617569 0.687023043632507 0.815757930278778 0.845764756202698 0.841914772987366 0.717342257499695 0.641156494617462 0.643421411514282 0.659176051616669 0.690227627754211 0.865508913993835 0.898052036762238 0.892171561717987 0.694485247135162 0.666408836841583 0.556116819381714 0.513594686985016 0.479040116071701 0.478275835514069 0.499150484800339 0.550786077976227 0.591527998447418 0.726299226284027 0.893040060997009 0.90280669927597 0.89338231086731 0.885261476039886 0.871443152427673 0.850906789302826 0.851637303829193 0.865288913249969 0.864651143550873 0.827993929386139 0.831269979476929 0.806944727897644 0.795260071754456 0.760045111179352 0.722489774227142 0.614289045333862 0.553618431091309 0.593210279941559 0.597402155399323 0.675230920314789
0.578749656677246 0.681061625480652 0.72566282749176 0.742695987224579 0.766181707382202 0.808259129524231 0.761739909648895 0.556507349014282 0.811149299144745 0.651870727539062 0.664860546588898 0.670598328113556 0.612790167331696 0.653995215892792 0.669737577438354 0.701584696769714 0.816992163658142 0.904233396053314 0.869561195373535 0.644164800643921 0.602508544921875 0.559882342815399 0.519015491008759 0.49668276309967 0.488224864006042 0.494765847921371 0.517699122428894 0.597920894622803 0.851103186607361 0.886544525623322 0.890816748142242 0.86139452457428 0.86657041311264 0.841631352901459 0.846577525138855 0.837103366851807 0.827228128910065 0.82582414150238 0.810225427150726 0.805557310581207 0.781196653842926 0.717758476734161 0.673647463321686 0.623090744018555 -3.4e+38 -3.4e+38 0.668896675109863 0.64363020658493 0.659824073314667
0.586605072021484 0.662617921829224 0.689537882804871 0.704905390739441 0.723655700683594 0.7103431224823 0.750496685504913 0.762259423732758 0.753900706768036 0.494467526674271 0.527208387851715 0.682489693164825 0.670276463031769 0.812557578086853 0.748162925243378 0.722455739974976 0.832309603691101 0.874295175075531 0.814147889614105 0.637184381484985 0.596510708332062 0.580105125904083 -3.4e+38 0.536653637886047 0.512926340103149 0.515512108802795 0.519793391227722 0.601288616657257 0.740838706493378 0.860897541046143 0.869070708751678 0.762814164161682 0.807678997516632 0.83741694688797 0.815359830856323 0.796873509883881 0.808979690074921 0.808103859424591 0.791703164577484 0.780419707298279 0.732070028781891 0.657373368740082 0.656717896461487 0.606094777584076 -3.4e+38 -3.4e+38 0.710848212242126 0.713568866252899 0.663330912590027
0.55462920665741 0.597107708454132 0.618397414684296 0.629380226135254 0.681143462657928 0.608296990394592 0.685253798961639 0.625930070877075 0.53730970621109 0.457041382789612 0.509026229381561 0.642898976802826 0.809363067150116 0.834679782390594 0.784650504589081 0.714212834835052 0.840203881263733 0.7664794921875 0.647318720817566 0.610819160938263 0.589045166969299 -3.4e+38 -3.4e+38 0.550248444080353 0.521330952644348 0.528693377971649 0.548848807811737 0.626151323318481 0.687280654907227 0.714419722557068 0.66502833366394 0.707432508468628 0.759833812713623 0.748706459999084 0.686655342578888 0.745759725570679 0.757999300956726 0.782889127731323 0.746379315853119 0.703472077846527 0.65691864490509 0.672456800937653 -3.4e+38 -3.4e+38 -3.4e+38 -3.4e+38 0.670331239700317 0.741411745548248 0.746120870113373
0.556862413883209 0.593928039073944 0.72222888469696 0.81347382068634 0.790455102920532 0.479039818048477 0.448251307010651 0.428930073976517 0.428313672542572 0.503790080547333 0.480720221996307 0.644572854042053 0.764762878417969 0.806879103183746 0.704465925693512 0.712043166160583 0.855889976024628 0.827494025230408 0.619591891765594 0.596441328525543 0.584422469139099 -3.4e+38 -3.4e+38 0.56640636920929 0.536974728107452 0.538325309753418 0.609158992767334 0.555753350257874 0.572820067405701 0.565182983875275 0.658168852329254 0.619531214237213 0.631990015506744 0.63765025138855 0.618001341819763 0.634312093257904 0.643619775772095 0.67252105474472 0.706172525882721 0.660064339637756 0.635442912578583 0.632481753826141 -3.4e+38 -3.4e+38 -3.4e+38 -3.4e+38 0.635991632938385 0.715626120567322 0.686751782894135
0.554020464420319 0.582673966884613 0.66455352306366 0.661651730537415 0.536112904548645 0.464216023683548 0.448583900928497 0.420298367738724 0.448878109455109 0.568802654743195 0.466915458440781 0.640519738197327 0.768436133861542 0.694574058055878 0.657631874084473 0.763344526290894 0.858767330646515 0.687911093235016 0.615921020507812 0.600608944892883 -3.4e+38 -3.4e+38 -3.4e+38 0.595217525959015 0.568363547325134 -3.4e+38 -3.4e+38 0.610069692134857 0.575645327568054 0.591157972812653 0.624949336051941 0.602829933166504 0.596701562404633 0.616804659366608 0.615895330905914 0.614201486110687 0.644985973834991 0.658645927906036 0.671344339847565 0.65166300535202 0.622077107429504 -3.4e+38 -3.4e+38 -3.4e+38 -3.4e+38 0.619633734226227 0.619759917259216 0.622474491596222 0.590551614761353
0.563776314258575 0.544487237930298 0.541396260261536 0.495954096317291 -3.4e+38 -3.4e+38 0.508641064167023 0.460247218608856 0.503148853778839 0.555274724960327 0.475534081459045 0.742075741291046 0.851387798786163 0.8260218501091 0.758467257022858 0.853420376777649 0.824034869670868 0.707076609134674 0.63979309797287 0.619065403938293 0.613594949245453 -3.4e+38 -3.4e+38 -3.4e+38 -3.4e+38 0.578831255435944 0.603363454341888 0.590821146965027 0.596302628517151 0.612500727176666 0.580795168876648 -3.4e+38 -3.4e+38 0.609253466129303 0.617471933364868 0.615655720233917 -3.4e+38 0.631581962108612 0.642846465110779 0.644241154193878 -3.4e+38 -3.4e+38 -3.4e+38 -3.4e+38 -3.4e+38 -3.4e+38 0.559097051620483 0.546768009662628 0.553003013134003
0.637495398521423 0.545274615287781 -3.4e+38 -3.4e+38 -3.4e+38 0.562474727630615 0.567748785018921 0.534470021724701 0.524479627609253 0.543897926807404 0.5152947306633 0.709220588207245 0.846878230571747 0.860427498817444 0.87252402305603 0.871105849742889 0.852116167545319 0.85161691904068 0.790655612945557 0.65788471698761 0.640851140022278 0.637915849685669 0.62717467546463 0.630126595497131 -3.4e+38 0.577174246311188 -3.4e+38 -3.4e+38 -3.4e+38 -3.4e+38 -3.4e+38 -3.4e+38 -3.4e+38 -3.4e+38 -3.4e+38 -3.4e+38 -3.4e+38 -3.4e+38 -3.4e+38 -3.4e+38 -3.4e+38 -3.4e+38 -3.4e+38 -3.4e+38 -3.4e+38 -3.4e+38 -3.4e+38 -3.4e+38 -3.4e+38
0.618728637695312 -3.4e+38 -3.4e+38 -3.4e+38 0.535217761993408 0.567429721355438 0.592865765094757 0.607262551784515 0.714315354824066 0.78490024805069 0.640116155147552 0.856777012348175 0.849288284778595 0.873152613639832 0.879777789115906 0.882405519485474 0.868195474147797 0.841833889484406 0.772950649261475 0.732451736927032 0.701438248157501 0.746066391468048 0.764606714248657 0.668846189975739 0.636349499225616 -3.4e+38 -3.4e+38 -3.4e+38 -3.4e+38 -3.4e+38 -3.4e+38 -3.4e+38 -3.4e+38 -3.4e+38 -3.4e+38 -3.4e+38 -3.4e+38 -3.4e+38 -3.4e+38 -3.4e+38 -3.4e+38 -3.4e+38 -3.4e+38 -3.4e+38 -3.4e+38 -3.4e+38 -3.4e+38 -3.4e+38 -3.4e+38
-3.4e+38 -3.4e+38 -3.4e+38 0.521901249885559 0.56049257516861 0.668563544750214 0.81661581993103 0.832425832748413 0.821236073970795 0.759248197078705 0.760114192962646 0.845117688179016 0.86881023645401 0.89244282245636 0.89374190568924 0.880710959434509 0.870612740516663 0.850536346435547 0.84678727388382 0.862815082073212 0.810834407806396 0.796644508838654 0.737540066242218 0.688057243824005 0.646299779415131 -3.4e+38 -3.4e+38 -3.4e+38 -3.4e+38 -3.4e+38 -3.4e+38 -3.4e+38 -3.4e+38 -3.4e+38 -3.4e+38 -3.4e+38 -3.4e+38 -3.4e+38 -3.4e+38 -3.4e+38 -3.4e+38 -3.4e+38 -3.4e+38 -3.4e+38 -3.4e+38 -3.4e+38 -3.4e+38 -3.4e+38 -3.4e+38
0.568098783493042 0.50832062959671 0.548446834087372 0.621579349040985 0.631382644176483 0.695499897003174 0.721326291561127 0.732113063335419 0.807092189788818 0.843541264533997 0.862640202045441 0.887401938438416 0.895978808403015 0.890025019645691 0.897771835327148 0.889093458652496 0.889614880084991 0.881744921207428 0.871810853481293 0.843672275543213 0.785486042499542 0.730479657649994 0.709218978881836 0.693987905979156 -3.4e+38 -3.4e+38 -3.4e+38 -3.4e+38 -3.4e+38 -3.4e+38 -3.4e+38 -3.4e+38 -3.4e+38 -3.4e+38 -3.4e+38 -3.4e+38 -3.4e+38 -3.4e+38 -3.4e+38 -3.4e+38 -3.4e+38 -3.4e+38 -3.4e+38 -3.4e+38 -3.4e+38 -3.4e+38 -3.4e+38 -3.4e+38 -3.4e+38
-3.4e+38 -3.4e+38 0.48122563958168 0.494175761938095 0.561711072921753 0.703820824623108 0.822811484336853 0.84897768497467 0.869530558586121 0.868533134460449 0.880342841148376 0.899606823921204 0.904000222682953 0.900902569293976 0.903728306293488 0.899097800254822 0.872974216938019 0.863126277923584 0.823037564754486 0.759034752845764 -3.4e+38 -3.4e+38 -3.4e+38 -3.4e+38 -3.4e+38 -3.4e+38 -3.4e+38 -3.4e+38 -3.4e+38 -3.4e+38 -3.4e+38 -3.4e+38 -3.4e+38 -3.4e+38 -3.4e+38 -3.4e+38 -3.4e+38 -3.4e+38 -3.4e+38 -3.4e+38 -3.4e+38 -3.4e+38 -3.4e+38 -3.4e+38 -3.4e+38 -3.4e+38 -3.4e+38 -3.4e+38 -3.4e+38
-3.4e+38 -3.4e+38 0.54231595993042 0.695822358131409 0.761674582958221 0.79596871137619 0.828147649765015 0.8520547747612 0.874956429004669 0.877662181854248 0.878106713294983 0.898747503757477 0.894367396831512 0.894229054450989 0.901921093463898 0.910645663738251 0.866032361984253 -3.4e+38 -3.4e+38 -3.4e+38 -3.4e+38 -3.4e+38 -3.4e+38 -3.4e+38 -3.4e+38 -3.4e+38 -3.4e+38 -3.4e+38 -3.4e+38 -3.4e+38 -3.4e+38 -3.4e+38 -3.4e+38 -3.4e+38 -3.4e+38 -3.4e+38 -3.4e+38 -3.4e+38 -3.4e+38 -3.4e+38 -3.4e+38 -3.4e+38 -3.4e+38 -3.4e+38 -3.4e+38 -3.4e+38 -3.4e+38 -3.4e+38 -3.4e+38
-3.4e+38 -3.4e+38 0.515378057956696 0.597276449203491 0.742451429367065 0.810506045818329 0.84113997220993 0.870414137840271 0.87496817111969 0.869519114494324 0.873628795146942 0.892147302627563 0.892478823661804 0.895959079265594 0.900114178657532 0.928594708442688 0.908457100391388 -3.4e+38 -3.4e+38 -3.4e+38 -3.4e+38 -3.4e+38 -3.4e+38 -3.4e+38 -3.4e+38 -3.4e+38 -3.4e+38 -3.4e+38 -3.4e+38 -3.4e+38 -3.4e+38 -3.4e+38 -3.4e+38 -3.4e+38 -3.4e+38 -3.4e+38 -3.4e+38 -3.4e+38 -3.4e+38 -3.4e+38 -3.4e+38 -3.4e+38 -3.4e+38 -3.4e+38 -3.4e+38 -3.4e+38 -3.4e+38 -3.4e+38 -3.4e+38
-3.4e+38 0.547348380088806 0.597646832466125 0.698729753494263 0.728992164134979 0.79035222530365 0.819297075271606 0.843194603919983 0.863175511360168 0.860261380672455 0.871846914291382 0.886516690254211 0.898697972297668 0.906566500663757 0.910689234733582 0.926679670810699 0.908116281032562 -3.4e+38 -3.4e+38 -3.4e+38 -3.4e+38 -3.4e+38 -3.4e+38 -3.4e+38 -3.4e+38 -3.4e+38 -3.4e+38 -3.4e+38 -3.4e+38 -3.4e+38 -3.4e+38 -3.4e+38 -3.4e+38 -3.4e+38 -3.4e+38 -3.4e+38 -3.4e+38 -3.4e+38 -3.4e+38 -3.4e+38 -3.4e+38 -3.4e+38 -3.4e+38 -3.4e+38 -3.4e+38 -3.4e+38 -3.4e+38 -3.4e+38 -3.4e+38
-3.4e+38 0.552675843238831 0.574609398841858 0.597586274147034 0.710469543933868 0.771588861942291 0.80349326133728 0.831030488014221 0.854981601238251 0.860816895961761 0.868113815784454 0.881049871444702 0.898699104785919 0.909085988998413 0.8957479596138 0.898176968097687 -3.4e+38 -3.4e+38 -3.4e+38 -3.4e+38 -3.4e+38 -3.4e+38 -3.4e+38 -3.4e+38 -3.4e+38 -3.4e+38 -3.4e+38 -3.4e+38 -3.4e+38 -3.4e+38 -3.4e+38 -3.4e+38 -3.4e+38 -3.4e+38 -3.4e+38 -3.4e+38 -3.4e+38 -3.4e+38 -3.4e+38 -3.4e+38 -3.4e+38 -3.4e+38 -3.4e+38 -3.4e+38 -3.4e+38 -3.4e+38 -3.4e+38 -3.4e+38 -3.4e+38
-3.4e+38 -3.4e+38 -3.4e+38 0.588505923748016 0.636169970035553 0.693463146686554 0.781518876552582 0.804169297218323 0.834774851799011 0.851181089878082 0.857774496078491 0.877764821052551 0.896827101707458 0.846074342727661 -3.4e+38 -3.4e+38 -3.4e+38 -3.4e+38 -3.4e+38 -3.4e+38 -3.4e+38 -3.4e+38 -3.4e+38 -3.4e+38 -3.4e+38 -3.4e+38 -3.4e+38 -3.4e+38 -3.4e+38 -3.4e+38 -3.4e+38 -3.4e+38 -3.4e+38 -3.4e+38 -3.4e+38 -3.4e+38 -3.4e+38 -3.4e+38 -3.4e+38 -3.4e+38 -3.4e+38 -3.4e+38 -3.4e+38 -3.4e+38 -3.4e+38 -3.4e+38 -3.4e+38 -3.4e+38 -3.4e+38
-3.4e+38 -3.4e+38 -3.4e+38 -3.4e+38 -3.4e+38 0.59461522102356 0.71876722574234 0.783608973026276 0.833143413066864 0.850584626197815 0.857231676578522 0.873674988746643 0.878470480442047 0.807877123355865 -3.4e+38 -3.4e+38 -3.4e+38 -3.4e+38 -3.4e+38 -3.4e+38 -3.4e+38 -3.4e+38 -3.4e+38 -3.4e+38 -3.4e+38 -3.4e+38 -3.4e+38 -3.4e+38 -3.4e+38 -3.4e+38 -3.4e+38 -3.4e+38 -3.4e+38 -3.4e+38 -3.4e+38 -3.4e+38 -3.4e+38 -3.4e+38 -3.4e+38 -3.4e+38 -3.4e+38 -3.4e+38 -3.4e+38 -3.4e+38 -3.4e+38 -3.4e+38 -3.4e+38 -3.4e+38 -3.4e+38
-3.4e+38 -3.4e+38 -3.4e+38 -3.4e+38 -3.4e+38 0.637170970439911 0.728933930397034 0.775312602519989 0.80499255657196 0.811439275741577 0.826038062572479 0.837024986743927 0.791155159473419 -3.4e+38 -3.4e+38 -3.4e+38 -3.4e+38 -3.4e+38 -3.4e+38 -3.4e+38 -3.4e+38 -3.4e+38 -3.4e+38 -3.4e+38 -3.4e+38 -3.4e+38 -3.4e+38 -3.4e+38 -3.4e+38 -3.4e+38 -3.4e+38 -3.4e+38 -3.4e+38 -3.4e+38 -3.4e+38 -3.4e+38 -3.4e+38 -3.4e+38 -3.4e+38 -3.4e+38 -3.4e+38 -3.4e+38 -3.4e+38 -3.4e+38 -3.4e+38 -3.4e+38 -3.4e+38 -3.4e+38 -3.4e+38
