data/climate_estimation/maxent_output/Veratrum_maackii.asc
NCOLS 451 
NROWS 339 
XLLCORNER 106.333333333333 
YLLCORNER 21.8333333333333 
CELLSIZE 0.0833333333333333 
NODATA_value -3.4e+38 
[rows 66 to 87 of 339, columns 49 to 97 of 451]
1.06561435586627e-06 1.59466344484827e-06 1.518732005934e-06 1.58473699229944e-06 1.44228681620007e-06 1.42223245802597e-06 1.67653047355998e-06 1.45925321248797e-06 1.75861396201071e-06 1.21338598546572e-06 1.19358378469769e-06 1.70922476172564e-06 1.59800731580617e-06 2.21593222704541e-06 2.24936889026139e-06 2.27524787987932e-06 2.13419093597622e-06 2.00477597900317e-06 2.70792634182726e-06 2.7288238015899e-06 2.81988036476832e-06 2.75227012025425e-06 2.60505817095691e-06 2.43398699240061e-06 3.08765834233782e-06 3.28977716890222e-06 4.43500675828545e-06 4.20014293922577e-06 4.22029097535415e-06 5.41717645319295e-06 5.70143947697943e-06 5.6454805417161e-06 5.68599625694333e-06 7.77795321482699e-06 7.94539118942339e-06 7.78741559770424e-06 8.01075748313451e-06 9.89174350252142e-06 1.03167194538401e-05 8.41435121401446e-06 1.15310858745943e-05 1.10663058876526e-05 1.19964151963359e-05 1.27961866382975e-05 1.28670926642371e-05 1.59099381562555e-05 1.57638805831084e-05 1.86685247172136e-05 1.83014981303131e-05
7.75144314957288e-07 1.02952640190779e-06 1.00061754437775e-06 1.52207871906285e-06 1.42444923767471e-06 1.43829504395399e-06 1.47133141581435e-06 1.20780055112846e-06 1.20442223305872e-06 1.19917251595325e-06 1.70283112765901e-06 1.67419398167112e-06 1.55443819949141e-06 1.50700782342028e-06 2.07156040232803e-06 2.20516267290805e-06 2.08697360903898e-06 2.06272216018988e-06 2.05224614546751e-06 2.06317395168298e-06 1.88072442597331e-06 2.51640767601202e-06 2.55277927863062e-06 2.96232155960752e-06 3.13855389322271e-06 3.88057742384262e-06 4.06722438128782e-06 4.2007732190541e-06 4.24645168095594e-06 4.12053032050608e-06 5.65318669032422e-06 5.83475866733352e-06 5.94069251746987e-06 7.23136645319755e-06 7.43593818697263e-06 7.85440533945803e-06 8.128326953738e-06 8.07363539934158e-06 8.23324353405042e-06 1.05791114037856e-05 1.14708727778634e-05 1.07577970993589e-05 1.14729064080166e-05 1.16624332804349e-05 1.2731596143567e-05 1.32752484205412e-05 1.61128173203906e-05 1.79313610715326e-05 1.89414222404594e-05
7.85707925388124e-07 8.19535898699542e-07 9.93293383544369e-07 1.51645849655324e-06 1.53179598783026e-06 1.55744157837034e-06 1.23942982099834e-06 1.21791924811987e-06 1.6974757954813e-06 1.16618582524097e-06 1.19621245175949e-06 1.17713591407664e-06 1.65788230788166e-06 2.11254382520565e-06 2.14660644815012e-06 2.11073574973852e-06 2.14113833862939e-06 2.18374975702318e-06 2.01860916604346e-06 2.01403440769354e-06 1.99125338440354e-06 2.51878623203083e-06 2.35892593991593e-06 3.02645571537141e-06 2.91638070848421e-06 3.8197999856493e-06 3.7962661281199e-06 3.95773395212018e-06 4.41171232523629e-06 3.88835815101629e-06 5.34806713403668e-06 5.75999047214282e-06 5.95110532231047e-06 5.69597386856913e-06 7.63025764172198e-06 7.93855724623427e-06 8.50871674629161e-06 8.62225260789273e-06 8.53505207487615e-06 1.07152991404291e-05 1.10151095213951e-05 1.13380938273622e-05 1.16340061140363e-05 1.270514621865e-05 1.28743822642718e-05 1.36853623189381e-05 1.31680908452836e-05 1.54754252434941e-05 1.99592996068532e-05
8.15211933513638e-07 1.0936654462057e-06 1.05002334294113e-06 8.17191903479397e-07 8.32102386993938e-07 1.58371472025465e-06 1.50704647694511e-06 1.23640438687289e-06 1.16990020160301e-06 1.17060380944167e-06 1.72660338648711e-06 1.61476430093899e-06 1.51910012391454e-06 1.61600655701477e-06 1.60184015385312e-06 1.56025828346174e-06 1.5140283267101e-06 2.07769676308089e-06 2.02087494471925e-06 1.95802681446366e-06 1.99541250367474e-06 1.78157188202022e-06 2.51680398832832e-06 2.33097921409353e-06 3.12261317958473e-06 2.99002226711309e-06 3.10011114379449e-06 2.97126371151535e-06 4.12886993217398e-06 4.5054393922328e-06 4.1596590563131e-06 5.47537638340145e-06 6.18375315752928e-06 5.9357062127674e-06 6.19928641754086e-06 6.48174955131253e-06 6.78867036185693e-06 8.78472928889096e-06 8.86653378984192e-06 9.09858863451518e-06 9.64482478593709e-06 9.17696615942987e-06 9.95887785393279e-06 1.32420509544318e-05 1.31788019643864e-05 1.38809591589961e-05 1.42527351272292e-05 1.49671632243553e-05 2.07258708542213e-05
8.36637866541423e-07 8.55409837186016e-07 8.54658367188676e-07 1.58640784775343e-06 1.5395473837998e-06 1.56928501837683e-06 1.83704412393126e-06 1.67013627105916e-06 1.20352763133269e-06 1.66294125847344e-06 1.55257816913945e-06 1.64152788784122e-06 1.69327290677757e-06 1.79952064627287e-06 1.74521733242727e-06 1.74328783941746e-06 1.64777929967386e-06 1.49820493788866e-06 1.45241790505679e-06 2.05401602215716e-06 1.9765529941651e-06 1.97102122001525e-06 2.4307148578373e-06 2.44557440964854e-06 2.34097478823969e-06 3.07419463752012e-06 2.95743279821181e-06 3.08761241285538e-06 3.12274983116367e-06 4.45210980615229e-06 4.33251670983736e-06 4.85146392747993e-06 4.7011935748742e-06 4.61959598396788e-06 6.29245460004313e-06 6.39112886346993e-06 6.94859500072198e-06 7.05191587258014e-06 7.23180755812791e-06 1.0026430572907e-05 9.55393352342071e-06 9.73189617070602e-06 1.04252703749808e-05 1.05485787571524e-05 1.43591696541989e-05 1.39541343742167e-05 1.48725403050776e-05 1.6098741980386e-05 1.59432347572874e-05
8.52520884109254e-07 8.56561484852136e-07 8.61969795096229e-07 1.55259510847827e-06 1.45654064453993e-06 1.72586953794962e-06 1.68864937677426e-06 1.6968836007436e-06 1.20783488455345e-06 1.60635704560264e-06 1.65059748269414e-06 1.65305357313628e-06 1.23494396575552e-06 1.21968048460985e-06 1.82127155312628e-06 1.76246112459921e-06 1.57294539349095e-06 1.53670760028035e-06 1.50598134496249e-06 1.36026176278392e-06 1.95149664250494e-06 1.90181333437067e-06 1.79278788436932e-06 2.50593575401581e-06 2.24288965000596e-06 3.13721761813213e-06 3.15533293360204e-06 3.33527486873209e-06 3.35098411596846e-06 3.4439572118572e-06 3.29909653373761e-06 4.82127825307543e-06 4.68924145025085e-06 5.06349624629365e-06 4.8461420192325e-06 5.28657346876571e-06 9.46386717259884e-06 7.55405881136539e-06 7.58900387154426e-06 9.89293221209664e-06 1.03487718661199e-05 1.06055076685152e-05 1.07217319964548e-05 1.12914076453308e-05 1.05693288787734e-05 1.42992421388044e-05 1.47446016853792e-05 1.64668945217272e-05 1.6074649465736e-05
8.82399774582154e-07 8.64508422182553e-07 8.65623746904021e-07 1.54554641085269e-06 1.43936983931781e-06 1.68455062521389e-06 1.68623716945149e-06 1.60999411491503e-06 1.6609523072475e-06 1.65056314926915e-06 1.67952487117873e-06 1.76968762843899e-06 1.79922517418163e-06 1.21592802315718e-06 1.78996754129912e-06 1.68344399753551e-06 1.58966531671467e-06 1.5891367866061e-06 1.45785884342331e-06 1.93527375813574e-06 1.77729782535607e-06 1.84570365036052e-06 1.83896520411508e-06 2.47695652433322e-06 2.49819777309312e-06 2.28742214858357e-06 2.36670211961609e-06 3.3364608498232e-06 3.45660714629048e-06 3.59933665095014e-06 3.8594048419327e-06 4.52442918685847e-06 4.88434989165398e-06 6.69185055812704e-06 6.83521420796751e-06 6.60529076412786e-06 9.12223913474008e-06 7.71237318986095e-06 7.70339465816505e-06 9.77388208411867e-06 9.55717951001134e-06 1.02424819488078e-05 1.34467791212955e-05 1.33538551381207e-05 1.4240665223042e-05 1.53700530063361e-05 1.51119284055312e-05 1.64149860211182e-05 2.18868535739603e-05
8.48539457365405e-07 8.53587152960245e-07 8.6744654481663e-07 1.55410293700697e-06 1.46675017731468e-06 1.48351375628408e-06 1.25331621347868e-06 1.18501964152529e-06 1.19661001463101e-06 1.19902915685088e-06 1.19052560876298e-06 1.19804474252305e-06 1.22115648082399e-06 1.23130325846432e-06 1.18273919724743e-06 1.72728152847412e-06 1.58862906118884e-06 1.56413693730428e-06 1.40522422498179e-06 1.79399103217293e-06 1.71058491105214e-06 1.63604761382885e-06 1.80834547336417e-06 1.70219675510452e-06 2.45515821006848e-06 2.51420738095476e-06 2.61339187090925e-06 2.63435640590615e-06 2.56059979619749e-06 3.52480969922908e-06 3.60027183887723e-06 4.84843349113362e-06 4.75842489322531e-06 6.64946264805621e-06 6.68415123072919e-06 6.7486917032511e-06 7.24876099411631e-06 7.74459203967126e-06 7.43128339308896e-06 9.53508515522117e-06 9.4730276032351e-06 1.21458970170352e-05 1.37798542709788e-05 1.45240073834429e-05 1.50360529005411e-05 1.52476013681735e-05 1.63009135576431e-05 1.63473650900414e-05 2.13393777812598e-05
8.39814561004459e-07 8.62492242958979e-07 8.31238367027254e-07 8.41314090394008e-07 1.25243616366788e-06 1.29807438042917e-06 1.26169993563963e-06 1.24507960208575e-06 1.25961776120675e-06 1.23528593576339e-06 1.24018652059021e-06 1.24729274375568e-06 1.20422225791117e-06 1.22560004456318e-06 1.24335758755478e-06 1.21532264074631e-06 1.7600488035896e-06 1.70320743109187e-06 1.526184632894e-06 1.330362920271e-06 1.80037477548467e-06 1.72258842212614e-06 1.73178193563217e-06 1.73738794728706e-06 1.76048945377261e-06 2.47724688051676e-06 2.56171210821776e-06 2.62708863374428e-06 3.6390104014572e-06 3.69205690731178e-06 4.59561715615564e-06 4.98893859912641e-06 5.06982951264945e-06 6.75733917887555e-06 5.52445771972998e-06 5.5543478083564e-06 7.56507324695121e-06 7.07602021066123e-06 9.79295327852014e-06 9.41857979341876e-06 1.3248439245217e-05 1.3986526937515e-05 1.45496724144323e-05 1.50155738083413e-05 1.55867419380229e-05 1.66208228620235e-05 2.16808366531041e-05 2.22371727431891e-05 2.18497971218312e-05
8.17087311588693e-07 8.40917039113265e-07 8.59730675983883e-07 1.23715653899126e-06 1.24748794405605e-06 1.28232920815208e-06 1.26759300655976e-06 1.17173362923495e-06 1.21676373510127e-06 1.20591391805647e-06 1.19435992473882e-06 1.18255445613613e-06 1.20789081847761e-06 1.19978744805849e-06 1.26948805245775e-06 1.22621986520244e-06 1.23299480492278e-06 1.21997140922758e-06 1.52525569774298e-06 1.34537651774735e-06 1.3552499922298e-06 1.94952781384927e-06 1.89732486433059e-06 1.88602382422687e-06 1.82703945483809e-06 2.68954750026751e-06 2.54811470767891e-06 2.67875179815746e-06 3.68380528925627e-06 4.70778832095675e-06 4.62256866740063e-06 3.82735152015812e-06 5.28073451278033e-06 5.29802491655573e-06 5.04724039274151e-06 7.01329781804816e-06 7.07333128957544e-06 7.1135309553938e-06 9.63106595008867e-06 1.27469547805958e-05 1.40668435051339e-05 1.3298783414939e-05 1.47018390634912e-05 1.47419577842811e-05 1.55039469973417e-05 1.58204129547812e-05 1.71388601302169e-05 2.24869509111159e-05 2.30504265346099e-05
8.27934229619132e-07 8.27656208457483e-07 1.26076861306501e-06 1.29605803067534e-06 1.27935925320344e-06 1.20659342428553e-06 1.19457376968057e-06 1.19699222977943e-06 1.21989330637007e-06 1.20778292966861e-06 1.20482832244306e-06 1.18305001706176e-06 1.19105334306369e-06 1.18702257623227e-06 1.28130136545224e-06 1.18699654194643e-06 1.17499826046696e-06 1.17407728339458e-06 1.39301982926554e-06 1.33030232518649e-06 1.35790560307214e-06 1.98142902263498e-06 1.9334074750077e-06 1.9606115984061e-06 1.93998221220681e-06 2.70262671620003e-06 2.74551371148846e-06 2.54957967626979e-06 3.60200465365779e-06 3.45622811437352e-06 4.48495575255947e-06 4.58753038401483e-06 4.86903672936023e-06 4.98595409226255e-06 6.55218855172279e-06 7.18504406904685e-06 7.20633579476271e-06 7.70171845942969e-06 1.07333726191428e-05 1.35242971737171e-05 1.37083125082427e-05 1.42712769957143e-05 1.45688663906185e-05 1.57950507855276e-05 1.63118074851809e-05 1.7575453966856e-05 2.22341241169488e-05 2.32215952564729e-05 2.32746260735439e-05
8.0405663993588e-07 1.31422063986975e-06 1.26792963328626e-06 1.26383372389682e-06 1.188315309264e-06 1.18331331577792e-06 1.22522465062502e-06 1.22180529160687e-06 1.15546754386742e-06 1.15058173832949e-06 1.67435871389898e-06 1.68502515407454e-06 1.66989298122644e-06 1.67727478128654e-06 1.18848663532845e-06 1.1830233006549e-06 1.66464599260507e-06 1.57882755047467e-06 1.5918317330943e-06 2.20213337343012e-06 2.29856937039585e-06 2.26081715481996e-06 2.19925050259917e-06 2.88444994112069e-06 2.84106272374629e-06 2.66630081569019e-06 2.75956313089409e-06 3.55771885551803e-06 3.4143363336625e-06 3.39586745212728e-06 4.85770397062879e-06 4.64855384052498e-06 5.27961037732894e-06 5.41338022230775e-06 7.16686508894782e-06 7.29051453163265e-06 7.24117353456677e-06 1.09875045382068e-05 1.0837929949048e-05 1.38694549605134e-05 1.42543367473991e-05 1.49542720464524e-05 1.51494550664211e-05 1.65825822477927e-05 1.75975601450773e-05 2.26557931455318e-05 2.17121851164848e-05 2.81065331364516e-05 2.3413385861204e-05
1.54761073645204e-06 1.5805054545126e-06 1.49206380228861e-06 1.4816386055827e-06 1.71930878423154e-06 1.82490907718602e-06 1.71787348790531e-06 1.75362322352157e-06 1.65089500114846e-06 1.60488605160936e-06 1.57359227159759e-06 1.51831682160264e-06 1.59475746386306e-06 1.61512173235678e-06 1.68069914252555e-06 1.68218582530244e-06 1.54153451603634e-06 1.63382469509088e-06 1.71809028870484e-06 2.27863370128034e-06 2.2622621145274e-06 2.24825816985685e-06 2.98451664093591e-06 2.90932189273008e-06 2.96091911877738e-06 3.00033821076795e-06 3.68360429092718e-06 3.71313717550947e-06 3.56344071406056e-06 4.7572916628269e-06 4.90890943183331e-06 4.99452244184795e-06 5.14499561177217e-06 6.86262910676305e-06 7.372924756055e-06 7.3007963692362e-06 1.016518126562e-05 1.00682864285773e-05 1.38803115987685e-05 1.50748110172572e-05 1.53881246660603e-05 1.56807564053452e-05 1.68375972862123e-05 2.14197170862462e-05 2.14585852518212e-05 2.12640097743133e-05 2.84102934529074e-05 2.78616826108191e-05 2.8802756787627e-05
1.47863579513796e-06 1.48155754686741e-06 1.79544394995901e-06 1.61186540026392e-06 1.69970451224799e-06 1.74339106706611e-06 1.72624493188778e-06 1.74611477632425e-06 1.6469427919219e-06 1.43681643294258e-06 2.22334051613871e-06 1.40096551604074e-06 1.49184359088395e-06 1.60506692736817e-06 1.59991168402485e-06 1.59811293087841e-06 1.60663591941557e-06 1.54241411109979e-06 1.69738075328496e-06 2.4087448764476e-06 2.3010068161966e-06 2.27260193241818e-06 3.17389753945463e-06 2.97294491247158e-06 3.01778914035822e-06 2.93357652481063e-06 3.91749199479818e-06 3.83938186132582e-06 5.05558273289353e-06 4.86725457449211e-06 5.01745171277435e-06 5.1368501772231e-06 5.27991096532787e-06 5.80852793063968e-06 7.65538061386906e-06 1.03418497019447e-05 1.01178538898239e-05 1.3235478036222e-05 1.12051802716451e-05 1.19536753118155e-05 1.16800947580487e-05 1.59141891344916e-05 1.718856037769e-05 2.20131405512802e-05 2.18193181353854e-05 2.29295292228926e-05 2.37495296460111e-05 3.13068157993257e-05 3.36526027240325e-05
2.21577192860423e-06 2.03050944946881e-06 1.77673382495414e-06 1.65429457865685e-06 1.58502461999888e-06 1.58096213453973e-06 1.50699736423121e-06 1.69294776242168e-06 1.52434927258582e-06 1.49895765844121e-06 2.08220626518596e-06 2.07595962820051e-06 1.51683650528867e-06 1.65071548963169e-06 1.59538763000455e-06 1.59415947109665e-06 1.67769144354679e-06 2.37981134887377e-06 2.40971030507353e-06 2.36086725635687e-06 2.3414681891154e-06 3.30522993863269e-06 3.09899678541115e-06 3.32815966430644e-06 3.09726465275162e-06 4.15131898989785e-06 4.02513342123711e-06 3.84322311219876e-06 5.04983836435713e-06 5.25724590261234e-06 5.1892020564992e-06 5.72238650420331e-06 5.6064441196213e-06 6.0464340094768e-06 8.17045838630293e-06 8.57028499012813e-06 1.15486373033491e-05 1.17374538604054e-05 1.19510650620214e-05 1.27271814562846e-05 1.3618138837046e-05 1.82681978913024e-05 2.10742055060109e-05 2.20194797293516e-05 2.26809625019087e-05 2.38573829847155e-05 2.53527996392222e-05 3.24867214658298e-05 3.45220541930757e-05
2.06957292903098e-06 1.83010808996187e-06 1.85983856226812e-06 1.71246733771113e-06 1.64960033544048e-06 1.55455688855e-06 1.55999634898762e-06 1.56641499415855e-06 1.55975112647866e-06 2.16789499063452e-06 2.22074481825985e-06 2.27985947276466e-06 1.56282612806535e-06 1.62215690124867e-06 1.71529654835467e-06 1.5929691699057e-06 2.54174187830358e-06 2.40673557527771e-06 2.46970535044966e-06 2.55147142524947e-06 2.39862856687978e-06 3.45620833286375e-06 3.34476931129757e-06 3.43794363288907e-06 4.26433825850836e-06 4.28927341999952e-06 4.09726999350823e-06 5.28593272974831e-06 5.28053169546183e-06 5.51114408153808e-06 5.40828250450431e-06 5.5144132602436e-06 5.59307045477908e-06 8.28013980935793e-06 8.86020188772818e-06 8.89046350494027e-06 1.17200579552446e-05 1.22898527479265e-05 1.20555841931491e-05 1.29291320263292e-05 1.7508882592665e-05 1.85609915206442e-05 2.3003391106613e-05 2.39371202042094e-05 2.38987649936462e-05 2.52087484113872e-05 2.49908516707364e-05 3.45041953551117e-05 3.67052307410631e-05
1.78308391696191e-06 1.80615575118281e-06 1.82691849204275e-06 1.6647916254442e-06 1.64161519933259e-06 1.74747049186408e-06 1.55730140249943e-06 2.26413112613955e-06 2.2039057512302e-06 2.24111863644794e-06 2.36908363149269e-06 2.4041921733442e-06 1.75869661234174e-06 1.74104991401691e-06 1.71224587575125e-06 2.52892164098739e-06 2.49958816311846e-06 2.52676250056538e-06 2.5255299078708e-06 3.67040547644137e-06 3.45232160725573e-06 3.3979717954935e-06 3.44966588272655e-06 4.76322793474537e-06 4.54204109701095e-06 4.26547967435909e-06 5.37020196134108e-06 5.28617692907574e-06 5.50125105291954e-06 5.45164084542193e-06 5.39977509106393e-06 5.35904109710827e-06 7.81864764576312e-06 8.39989843370859e-06 9.02485135156894e-06 1.17883564598742e-05 1.24720154417446e-05 1.25564629342989e-05 1.30532225739444e-05 1.78248119482305e-05 1.66847421496641e-05 2.34019371418981e-05 2.34090894082328e-05 2.51405599556165e-05 2.52829286182532e-05 2.54749647865538e-05 3.27727320836857e-05 3.5209483030485e-05 3.81639219995122e-05
1.72448721968976e-06 1.67839141340664e-06 1.60015520123125e-06 1.6134165434778e-06 1.58629075031058e-06 2.26153633775539e-06 2.42283590523584e-06 2.27536384045379e-06 2.30719433602644e-06 2.35880747823103e-06 2.54461951953999e-06 2.54981296166079e-06 2.52278346124513e-06 2.53957318818721e-06 2.7118944672111e-06 2.72716283689078e-06 2.62291882791033e-06 3.70046200259821e-06 3.52127676706004e-06 3.75867057300638e-06 3.5638968256535e-06 3.46975639331504e-06 3.56474356522085e-06 4.82681434732513e-06 4.65801622340223e-06 4.41247539129108e-06 5.80256073590135e-06 5.69317353438237e-06 5.7302781897306e-06 5.65075060876552e-06 7.72874045651406e-06 7.97560551291099e-06 8.88513568497729e-06 8.69898303790251e-06 1.11049403130892e-05 1.1876288226631e-05 1.21461935123079e-05 1.68731257872423e-05 1.70893199538114e-05 1.81734340003459e-05 1.81357318069786e-05 2.37489475694019e-05 2.51889014180051e-05 2.5678349629743e-05 2.59194312093314e-05 3.32413037540391e-05 3.50953960150946e-05 3.57228163920809e-05 3.92785841540899e-05
1.78724610577774e-06 1.60571687501943e-06 1.74439992406406e-06 2.3479672108806e-06 2.29538204621349e-06 2.31010562856682e-06 2.41603697759274e-06 2.34311619351502e-06 2.62999151345866e-06 2.66842152996105e-06 2.75320280707092e-06 2.64099026026088e-06 2.68070539277687e-06 2.706175109779e-06 3.54106168742874e-06 2.82353630609578e-06 3.59579280484468e-06 3.79735479327792e-06 3.60288163392397e-06 3.69810277334182e-06 3.51115454577666e-06 5.08685116074048e-06 4.88489740746445e-06 4.83332587464247e-06 4.54008932138095e-06 5.9324765970814e-06 6.04074830334866e-06 5.88973625781364e-06 5.75004332858953e-06 5.62484501642757e-06 8.61036096466705e-06 9.0022085714736e-06 8.58965995576e-06 9.75808052317007e-06 1.20609111036174e-05 1.27485773191438e-05 1.69140566868009e-05 1.71965439221822e-05 1.83910415216815e-05 1.89108995982679e-05 2.40509853028925e-05 2.61975346802501e-05 2.62117409874918e-05 2.61309869529214e-05 3.36174016410951e-05 3.515070056892e-05 3.58022189175244e-05 4.98512454214506e-05 4.98754779982846e-05
2.39094765674963e-06 2.34191134040884e-06 2.31046374210564e-06 2.44387479142461e-06 2.46532954406575e-06 2.47900447902794e-06 2.48073615694011e-06 2.45209889726539e-06 2.65049629888381e-06 2.61967875303526e-06 2.68506937572965e-06 2.62647290583118e-06 2.60426827480842e-06 2.86308363683929e-06 2.90312505057955e-06 3.86651845474262e-06 3.85118573831278e-06 3.83337555831531e-06 4.10422990171355e-06 3.72487716049363e-06 5.14555904373992e-06 5.14063503942452e-06 4.76120976600214e-06 4.61876561530516e-06 4.69815768155968e-06 6.10394408795401e-06 5.84819918003632e-06 6.09297285336652e-06 8.34941056382377e-06 8.17868567537516e-06 8.54903464642121e-06 9.24433606996899e-06 9.50614594330546e-06 1.23884019558318e-05 1.31045353555237e-05 1.59173250722233e-05 1.72891268448438e-05 1.69423292391002e-05 1.80069509951863e-05 1.94791555259144e-05 2.63643742073327e-05 2.63117890426656e-05 2.6573718059808e-05 3.54922776750755e-05 3.59208061126992e-05 4.51942105428316e-05 4.9253514589509e-05 5.23712260473985e-05 5.14503808517475e-05
2.40543226937007e-06 2.44341549660021e-06 2.3849545414123e-06 2.34259141507209e-06 2.43879594563623e-06 2.59666217061749e-06 2.62790354099707e-06 2.79384607893007e-06 2.71252383754472e-06 2.74384251497395e-06 2.69454722001683e-06 2.69020938503672e-06 2.78737957160047e-06 4.04643060392118e-06 4.32205797551433e-06 4.07336347052478e-06 3.92329047826934e-06 3.79870925826253e-06 5.66119706491008e-06 5.50616005057236e-06 5.27144129591761e-06 5.27564452568186e-06 5.1014312703046e-06 5.31522891833447e-06 5.10414747623145e-06 6.31121611149865e-06 6.75976025377167e-06 8.88493468664819e-06 8.46888542582747e-06 8.31384295452153e-06 9.41167036216939e-06 9.84050348051824e-06 1.05520102806622e-05 1.37280921990168e-05 1.35668942675693e-05 1.72917480085744e-05 1.84526761586312e-05 1.77821602846961e-05 2.22135276999325e-05 2.46982363023562e-05 2.56505027209641e-05 2.58091367868474e-05 3.48001995007508e-05 5.46163209946826e-05 4.57615424238611e-05 5.07599543198012e-05 5.13906161359046e-05 5.69761905353516e-05 8.5869432950858e-05
3.62510286322504e-06 3.42547241416469e-06 3.50802042703435e-06 3.5170337469026e-06 2.53332200372824e-06 2.48501078203844e-06 3.86626925319433e-06 3.82175539925811e-06 3.73793045582715e-06 3.78563163394574e-06 3.76653451894526e-06 4.06322988055763e-06 4.12381405112683e-06 4.30869795309263e-06 4.13822999689728e-06 5.76610364078078e-06 5.88083867114619e-06 5.93987988395384e-06 5.5232344493561e-06 5.60939633942326e-06 5.38119820703287e-06 5.41777080798056e-06 5.06114520248957e-06 7.42473457648885e-06 7.08738707544398e-06 7.2107441155822e-06 9.0567400548025e-06 8.61037005961407e-06 8.71018710313365e-06 8.8987862909562e-06 8.99678434507223e-06 1.049039838108e-05 1.40463334901142e-05 1.40105657919776e-05 1.39539397423505e-05 1.90736609511077e-05 1.79634080268443e-05 2.37536842178088e-05 2.52242425631266e-05 2.59800581261516e-05 2.78871157206595e-05 3.59677578671835e-05 5.37375308340415e-05 5.44402282685041e-05 5.15339452249464e-05 5.23143280588556e-05 5.52137171325739e-05 8.82937019923702e-05 7.23035773262382e-05
