data/climate_estimation/maxent_output/Veratrum_californicum.asc
NCOLS 243 
NROWS 266 
XLLCORNER -124.666666666667 
YLLCORNER 27.3333333333333 
CELLSIZE 0.0833333333333333 
NODATA_value -3.4e+38 
[rows 80 to 99 of 266, columns 176 to 219 of 243]
0.0115280551835895 0.0121979983523488 0.00850745290517807 0.00823827087879181 0.0128687703981996 0.0855208188295364 0.266848742961884 0.390672743320465 0.424932211637497 0.57496565580368 0.424050956964493 0.269373029470444 0.235057339072227 0.0610237047076225 0.00413494603708386 0.00175481685437262 0.000714412832167 0.00075588229810819 0.00100710487458855 0.000389877852285281 0.000339766789693385 0.000680356461089104 0.00263118464499712 0.0029469549190253 0.00158017373178154 0.00269475928507745 0.00256051705218852 0.00231179920956492 0.00519978580996394 0.0096942288801074 0.0185838080942631 0.0221595913171768 0.0201592370867729 0.0105163473635912 0.00816531199961901 0.00595402112230659 0.00537473149597645 0.00472308741882443 0.00418958626687527 0.00364531693048775 0.00276633491739631 0.0027125021442771 0.00415884470567107 0.00763026811182499
0.00703357346355915 0.00788859091699123 0.00563553627580404 0.00516067398712039 0.0076968134380877 0.00937855243682861 0.0784686207771301 0.164261102676392 0.237015396356583 0.395379960536957 0.576681971549988 0.358620852231979 0.234323680400848 0.115069799125195 0.0548273734748363 0.00471958145499229 0.00116092769894749 0.00126838206779212 0.00130486721172929 0.000543575617484748 0.000545045419130474 0.00161914469208568 0.00923177227377892 0.0087314685806632 0.0091199828311801 0.0121280280873179 0.0060368599370122 0.00605165306478739 0.00963663961738348 0.0121418479830027 0.0135811856016517 0.0165446493774652 0.0166544374078512 0.0194520894438028 0.0166744031012058 0.013115624897182 0.0114210518077016 0.0112136509269476 0.00656018359586596 0.00380385294556618 0.00243213889189065 0.00313424807973206 0.0111082913354039 0.0383816063404083
0.00422163400799036 0.00319568999111652 0.0034529659897089 0.00439548445865512 0.00633188663050532 0.00678243860602379 0.00969917513430119 0.0243919175118208 0.120806567370892 0.195541426539421 0.313723057508469 0.551467597484589 0.601346909999847 0.200734436511993 0.0921765342354774 0.0470759235322475 0.00644938834011555 0.00416359584778547 0.00421788962557912 0.00133212166838348 0.00186075165402144 0.00547615857794881 0.00666077993810177 0.00573881668969989 0.00672141509130597 0.00708598783239722 0.00618215743452311 0.00608854461461306 0.00552373891696334 0.00769340340048075 0.00800816901028156 0.0105233360081911 0.00817739311605692 0.00799010321497917 0.0078133586794138 0.0052132410928607 0.00522847147658467 0.00696665747091174 0.00848210696130991 0.00367953418754041 0.00202500517480075 0.0028319307602942 0.00466871494427323 0.0171400010585785
0.00215917732566595 0.00288445386104286 0.00325171649456024 0.0044333478435874 0.00518410559743643 0.0054331892170012 0.00574589846655726 0.00755726313218474 0.0183711629360914 0.057780347764492 0.0804206430912018 0.0931141003966331 0.174299880862236 0.179980963468552 0.112055376172066 0.0740824118256569 0.0453763902187347 0.0119957029819489 0.00718875275924802 0.00609500287100673 0.00684363069012761 0.00490643596276641 0.00434663332998753 0.00445740669965744 0.00327449757605791 0.00428850436583161 0.00340929627418518 0.00333148194476962 0.00453668134287 0.00826673302799463 0.00866269692778587 0.007687006611377 0.00694496277719736 0.0038662317674607 0.00307100615464151 0.00278187822550535 0.00327796768397093 0.00573812797665596 0.0042840619571507 0.00284437858499587 0.00325495470315218 0.00432250183075666 0.00805392395704985 0.0180210061371326
0.00296727241948247 0.0023390690330416 0.00250154663808644 0.0028026991058141 0.00326460623182356 0.00301054446026683 0.00376962893642485 0.00469919573515654 0.00661748694255948 0.0120117822661996 0.0417024306952953 0.045803464949131 0.0590934678912163 0.0633952245116234 0.255090922117233 0.0428143925964832 0.0399335250258446 0.0364197827875614 0.0139046497642994 0.00954448990523815 0.00602401839569211 0.00810062792152166 0.00679445313289762 0.00515255471691489 0.00520198373124003 0.00414734566584229 0.00401510950177908 0.00467492686584592 0.00454367697238922 0.0053083342500031 0.00442923977971077 0.00352131156250834 0.005240214522928 0.00351257366128266 0.0047754948027432 0.00416695326566696 0.00352273811586201 0.00376774673350155 0.00677576335147023 0.0130207138136029 0.0148111619055271 0.0175538565963507 0.0138509720563889 0.0317233428359032
0.00262529659084976 0.0021022129803896 0.00201350939460099 0.00199104030616581 0.00164772581774741 0.00206360383890569 0.00249246996827424 0.00346312508918345 0.00484264735132456 0.00537816202268004 0.00833755452185869 0.0105508640408516 0.0300137624144554 0.0351171866059303 0.0341434068977833 0.0312745980918407 0.0284735597670078 0.0187834519892931 0.0158787854015827 0.0147138116881251 0.00889901351183653 0.00721434317529202 0.00989633798599243 0.0130359223112464 0.0199547111988068 0.010114511474967 0.0202634185552597 0.0298722852021456 0.0178979337215424 0.00960942823439837 0.00671219639480114 0.00580070074647665 0.00634983321651816 0.00710992934182286 0.0072018806822598 0.0047370265237987 0.0032692076638341 0.00791981071233749 0.0141477799043059 0.0177916418761015 0.0296434313058853 0.0387639030814171 0.0343899428844452 0.0291264206171036
0.00206381478346884 0.00164494302589446 0.00154373678378761 0.00138948357198387 0.00109593290835619 0.00108262407593429 0.00138870358932763 0.00172766111791134 0.00256271520629525 0.00369977694936097 0.00478284107521176 0.00694662891328335 0.00972494296729565 0.0351305268704891 0.0366874821484089 0.0381462089717388 0.0326373018324375 0.0134201142936945 0.0119360834360123 0.00986767001450062 0.0075038019567728 0.0107365474104881 0.00957361981272697 0.00725827878341079 0.00863027665764093 0.0106792664155364 0.0160054247826338 0.0289314333349466 0.0322842411696911 0.0198553819209337 0.00942293182015419 0.0286339838057756 0.0402591936290264 0.031309898942709 0.0115273119881749 0.00534991407766938 0.00394627172499895 0.0080359997227788 0.014308943413198 0.0184446759521961 0.0333872586488724 0.0413889028131962 0.0440851449966431 0.0470722019672394
0.00173194147646427 0.00159759656526148 0.00109582010190934 0.000996090937405825 0.000883237400557846 0.000844640366267413 0.000959661323577166 0.00113725836854428 0.00183536298573017 0.00259160553105175 0.00428076833486557 0.00706299906596541 0.010920119471848 0.030329767614603 0.010801182128489 0.00973164383322001 0.00922742579132318 0.00655296398326755 0.00671800132840872 0.00731736375018954 0.00778328254818916 0.00583913363516331 0.00497880112379789 0.00529257254675031 0.00783280190080404 0.0113102225586772 0.0138055561110377 0.019013799726963 0.0189889818429947 0.0101286806166172 0.00833550840616226 0.0136949839070439 0.0221555456519127 0.0260714143514633 0.0154210245236754 0.0264928638935089 0.016772823408246 0.00625794334337115 0.0121050700545311 0.0370235852897167 0.0661009028553963 0.0656770169734955 0.0416137278079987 0.0440888479351997
0.000887252623215318 0.000877666112501174 0.000948920554947108 0.0010568507714197 0.000922864011954516 0.000715285888873041 0.000656223855912685 0.000849956762976944 0.00139133643824607 0.00271191191859543 0.00506032956764102 0.00832785572856665 0.00880630128085613 0.0141656026244164 0.00921550765633583 0.00734282983466983 0.00637913402169943 0.00516053382307291 0.00472274562343955 0.00373605848290026 0.00359502853825688 0.00373304542154074 0.00349970534443855 0.00381563557311893 0.00510789034888148 0.00600407505407929 0.00774344895035028 0.012097179889679 0.0125348884612322 0.0117944069206715 0.00656802859157324 0.00792172830551863 0.0102036315947771 0.0131816668435931 0.0208743419498205 0.0231724828481674 0.0177179630845785 0.0104143349453807 0.0197028964757919 0.037795078009367 0.0859130024909973 0.0755959823727608 0.0541593432426453 0.0533303879201412
0.000572672637645155 0.000552755314856768 0.000529814104083925 0.000735143607016653 0.00068260874832049 0.000605377717874944 0.000680122000630945 0.000844375172164291 0.00157790689263493 0.00339976325631142 0.00575447268784046 0.0106130875647068 0.0109900832176208 0.0127630373463035 0.00900859013199806 0.0059889773838222 0.00459509436041117 0.0041242097504437 0.00422417279332876 0.00384278269484639 0.00301055004820228 0.00247704680077732 0.00233620032668114 0.00213430123403668 0.00250122672878206 0.00323903560638428 0.00354374293237925 0.00468481192365289 0.00627852836623788 0.00927583780139685 0.00740689923986793 0.00673933234065771 0.00710278516635299 0.0094746770337224 0.0171706080436707 0.0121663119643927 0.00944876205176115 0.00824717152863741 0.0100278435274959 0.0138921411707997 0.0220431573688984 0.019249826669693 0.0245259944349527 0.0303413923829794
0.000503361283335835 0.000545578659512103 0.000459282018709928 0.000517112493980676 0.000654451723676175 0.000722713361028582 0.000887334055732936 0.00135581335052848 0.00327105075120926 0.00182791659608483 0.00304040382616222 0.00776929734274745 0.0122425751760602 0.00602546334266663 0.00431266520172358 0.00376989529468119 0.00309708109125495 0.00316803390160203 0.00269020814448595 0.00235377275384963 0.00253787939436734 0.00189431116450578 0.00182153901550919 0.00186445715371519 0.00213109934702516 0.00230377679690719 0.0030541738960892 0.00351793062873185 0.00431604310870171 0.00486464984714985 0.00671522738412023 0.00864030607044697 0.0161055289208889 0.00779923377558589 0.023570753633976 0.0165325198322535 0.0123250400647521 0.00965430215001106 0.0116627020761371 0.016096718609333 0.0244031026959419 0.033636286854744 0.0358137711882591 0.0270594321191311
0.000666956417262554 0.000513011647854 0.000509100267663598 0.000557166233193129 0.000806618540082127 0.00113942276220769 0.00131994183175266 0.00198250007815659 0.00419665360823274 0.00186728220432997 0.00379306776449084 0.00763347558677197 0.00676323287189007 0.00502869766205549 0.00436769472435117 0.00425317930057645 0.00354175199754536 0.00294433278031647 0.00227865832857788 0.00213186955079436 0.00215259497053921 0.00237306696362793 0.00259597506374121 0.00257808226160705 0.00237690261565149 0.00259136850945652 0.00338328722864389 0.00376954535022378 0.00497603509575129 0.00453293696045876 0.00647812290117145 0.0137128978967667 0.0210115388035774 0.0121625317260623 0.0126905338838696 0.011157707311213 0.0115202702581882 0.0128186075016856 0.01879190094769 0.0220334436744452 0.0325094237923622 0.0401180423796177 0.0434662215411663 0.0340861901640892
0.000842216133605689 0.000876833393704146 0.000694030139129609 0.000684919417835772 0.00102954730391502 0.00154672237113118 0.0016521840589121 0.00254553603008389 0.00278510968200862 0.00206711352802813 0.00347206857986748 0.0071123712696135 0.00959951151162386 0.00684115570038557 0.0046146628446877 0.00625404203310609 0.00689182383939624 0.00454215332865715 0.00285369134508073 0.0025291652418673 0.00177583622280508 0.0016118842177093 0.00157428521197289 0.0016737604746595 0.00194971589371562 0.00234720762819052 0.00476968055590987 0.00485385907813907 0.00561493635177612 0.00561099080368876 0.00564933428540826 0.0122834276407957 0.0162031389772892 0.0110902367159724 0.0105848973616958 0.00914264097809792 0.0135407596826553 0.0206212513148785 0.0237445030361414 0.0434092953801155 0.0365332886576653 0.0531476736068726 0.0727674290537834 0.0633278861641884
0.000844417372718453 0.00102193211205304 0.00095528841484338 0.00079756259219721 0.00109434325713664 0.001570840831846 0.00263440911658108 0.00481419917196035 0.00344786909408867 0.00213948194868863 0.00250287726521492 0.00268628820776939 0.00373370479792356 0.0042745596729219 0.00388916349038482 0.00418988754972816 0.00485629262402654 0.00477305799722672 0.00332151702605188 0.00274468027055264 0.00270735565572977 0.00176839192863554 0.00149223033804446 0.00138816796243191 0.00158294930588454 0.00235870480537415 0.00471341656520963 0.00476625142619014 0.00514119118452072 0.0060495319776237 0.00888715032488108 0.013201791793108 0.0206016022711992 0.0263099763542414 0.0198376756161451 0.0130482837557793 0.014310629107058 0.0179852824658155 0.0222402773797512 0.0296400990337133 0.0704876631498337 0.0990171357989311 0.0901124477386475 0.0890878289937973
0.000926664681173861 0.000894652912393212 0.000934929354116321 0.00111908128019422 0.00144126440864056 0.00173958297818899 0.00320732803083956 0.00781177310273051 0.00540554523468018 0.00229827547445893 0.00239772698841989 0.00255903787910938 0.00272694695740938 0.00501163583248854 0.00500162737444043 0.00384909752756357 0.00523485522717237 0.00499115511775017 0.00346955750137568 0.00378465442918241 0.00401448039337993 0.00307271094061434 0.0021096277050674 0.00199748412705958 0.00162474170792848 0.00221872865222394 0.00437588151544333 0.00572860520333052 0.00740544823929667 0.00954705011099577 0.021874638274312 0.0361090265214443 0.0223340839147568 0.0225187372416258 0.0259601622819901 0.0228848811239004 0.0170731078833342 0.0247342549264431 0.0311554446816444 0.0384195037186146 0.095599964261055 0.229316160082817 0.12560062110424 0.131650611758232
0.00110953906551003 0.00124500819947571 0.00113341538235545 0.00107053155079484 0.0017023419495672 0.00210540369153023 0.00266774976626039 0.00455994205549359 0.00258929817937315 0.00377790094353259 0.00399683183059096 0.00337043963372707 0.00415610056370497 0.00716766249388456 0.0083147631958127 0.00445795431733131 0.00454118242487311 0.00385087472386658 0.00517945410683751 0.00669867172837257 0.00631586834788322 0.00499208876863122 0.00392388692125678 0.00214889575727284 0.00192614982370287 0.00221964856609702 0.00398316793143749 0.00648245261982083 0.00963978003710508 0.0159840565174818 0.0329364128410816 0.0478777177631855 0.029339449480176 0.018209233880043 0.0169961787760258 0.0220242626965046 0.0215906910598278 0.0237979758530855 0.0280418992042542 0.0427941493690014 0.128866225481033 0.145047098398209 0.167392253875732 0.219371736049652
0.00189633411355317 0.00147186766844243 0.0015375817893073 0.00167420459911227 0.00180979236029088 0.00457189930602908 0.00479683419689536 0.00377560406923294 0.0044482471421361 0.00784191582351923 0.0167846623808146 0.0108509520068765 0.00592259783297777 0.00852407608181238 0.00874940864741802 0.00735850632190704 0.00705650588497519 0.00677644833922386 0.00525486748665571 0.00757625512778759 0.00501076644286513 0.00506165530532598 0.0036475860979408 0.0026652158703655 0.00210126047022641 0.00249804649502039 0.00352222169749439 0.00473183859139681 0.0078298095613718 0.0169531665742397 0.0231092795729637 0.0583625063300133 0.0541617795825005 0.0362048298120499 0.0534106455743313 0.0629898756742477 0.040314432233572 0.0262408424168825 0.0283871237188578 0.0498580671846867 0.135820940136909 0.247618183493614 0.254597723484039 0.268687337636948
0.00339319510385394 0.00206386554054916 0.00188249500934035 0.00181899534072727 0.00215020775794983 0.00405881460756063 0.00345624424517155 0.00532204052433372 0.00837168283760548 0.013377976603806 0.021204449236393 0.0166235938668251 0.00770434783771634 0.0114679075777531 0.0115701723843813 0.0162479411810637 0.0255706422030926 0.0130948927253485 0.0088555971160531 0.00599166750907898 0.00641134707257152 0.00452069099992514 0.0038532770704478 0.00380067597143352 0.00303388573229313 0.00225428282283247 0.00331971631385386 0.00495312875136733 0.00545573979616165 0.0173573531210423 0.0306833796203136 0.0479194782674313 0.064722441136837 0.0745644718408585 0.0739825740456581 0.0621167048811913 0.0538100302219391 0.0413912534713745 0.0510924085974693 0.0570568144321442 0.111425340175629 0.198141515254974 0.285149991512299 0.294781118631363
0.00311040924862027 0.00319117051549256 0.00245222402736545 0.0027358029037714 0.00271584605798125 0.0024422921705991 0.0044688219204545 0.012747123837471 0.0137840071693063 0.020001532509923 0.0264762826263905 0.0149524323642254 0.0113001419231296 0.0099477618932724 0.0118713257834315 0.0219438560307026 0.0304990522563457 0.0144877433776855 0.00908308103680611 0.00722281401976943 0.00444157188758254 0.00301277358084917 0.00309344520792365 0.00389990559779108 0.00546927377581596 0.00400834856554866 0.00344168953597546 0.00402364227920771 0.00504222558811307 0.0145274074748158 0.0286510605365038 0.0354175455868244 0.0491039268672466 0.0948756039142609 0.164555221796036 0.189433410763741 0.11051619052887 0.0728457570075989 0.0660173073410988 0.0683671981096268 0.093971773982048 0.198190033435822 0.272747248411179 0.293629884719849
0.0139657454565167 0.00733830826357007 0.00573949655517936 0.00683073000982404 0.00302402046509087 0.00302198925055563 0.00821972358971834 0.0227683857083321 0.0278372876346111 0.026586152613163 0.0473165065050125 0.0261245872825384 0.0282426439225674 0.0173773355782032 0.0189401619136333 0.02229393273592 0.0215428750962019 0.0143111515790224 0.00831543281674385 0.0078557338565588 0.00619115866720676 0.00316248019225895 0.0034280673135072 0.00294071855023503 0.00583721604198217 0.00993974599987268 0.00683230254799128 0.00421377411112189 0.00799921993166208 0.013388835825026 0.0417846702039242 0.0457960702478886 0.0869602784514427 0.110657587647438 0.27288031578064 0.306478887796402 0.259787976741791 0.146271273493767 0.0936150997877121 0.0879331454634666 0.110214740037918 0.131833210587502 0.226408079266548 0.283944666385651
