data/climate_estimation/maxent_output/Veratrum_schindleri.asc
NCOLS 279 
NROWS 101 
XLLCORNER 98.25 
YLLCORNER 22.0833333333333 
CELLSIZE 0.0833333333333333 
NODATA_value -3.4e+38 
[rows 40 to 59 of 101, columns 90 to 134 of 279]
0.212593376636505 0.222076952457428 0.251290857791901 0.273503750562668 0.296494781970978 0.313636064529419 0.322140008211136 0.328329592943192 0.343333154916763 0.344815999269485 0.355455964803696 0.363360315561295 0.358021259307861 0.372764885425568 0.380674093961716 0.402437746524811 0.414443582296371 0.410086840391159 0.393040478229523 0.400371938943863 0.41567850112915 0.400536805391312 0.418870568275452 0.424069404602051 0.442013025283813 0.414541572332382 0.401814520359039 0.394507080316544 0.384619981050491 0.342101186513901 0.313082903623581 0.318202763795853 0.307597786188126 0.256428897380829 0.269642859697342 0.290513277053833 0.318222850561142 0.36104878783226 0.394457519054413 0.435740053653717 0.48322582244873 0.521886229515076 0.572264671325684 0.613273322582245 0.646182358264923
0.273509919643402 0.277952611446381 0.31000617146492 0.328843832015991 0.334424465894699 0.350573033094406 0.352649480104446 0.368322104215622 0.369872808456421 0.378261566162109 0.373190313577652 0.385829031467438 0.38021120429039 0.381764054298401 0.398371040821075 0.417734742164612 0.419430106878281 0.428634315729141 0.403854161500931 0.400873810052872 0.413863241672516 0.40497288107872 0.4166539311409 0.44529116153717 0.450636804103851 0.455164104700089 0.442590355873108 0.440369695425034 0.443760931491852 0.41766881942749 0.427327692508698 0.404690504074097 0.339350938796997 0.261542290449142 0.256265193223953 0.287297189235687 0.324782699346542 0.369024693965912 0.404915452003479 0.448317319154739 0.487099975347519 0.54110312461853 0.571618795394897 0.613863229751587 0.652144432067871
0.325793117284775 0.351920664310455 0.354625761508942 0.370539724826813 0.381822943687439 0.400566518306732 0.402195632457733 0.406734794378281 0.409816920757294 0.413519501686096 0.408975422382355 0.412247508764267 0.4049271941185 0.424928814172745 0.434764236211777 0.429792672395706 0.435286015272141 0.435286015272141 0.423718988895416 0.419402152299881 0.42106032371521 0.416968435049057 0.437668591737747 0.457709312438965 0.463080108165741 0.432826459407806 0.426646083593369 0.43877962231636 0.43656200170517 0.403419971466064 0.363124400377274 0.346643954515457 0.293269574642181 0.26172661781311 0.264431416988373 0.295094907283783 0.33091938495636 0.375394374132156 0.418621897697449 0.460086166858673 0.495447129011154 0.539088904857635 0.593014359474182 0.620360016822815 0.667367339134216
0.381683111190796 0.40123176574707 0.397321820259094 0.413371831178665 0.437444478273392 0.446596324443817 0.457387417554855 0.449427604675293 0.456160485744476 0.448875099420547 0.448875099420547 0.448047757148743 0.453598827123642 0.449328750371933 0.446764796972275 0.444377511739731 0.451234191656113 0.448937296867371 0.453435778617859 0.436829596757889 0.450840532779694 0.44706654548645 0.456607818603516 0.46627476811409 0.455810964107513 0.438817352056503 0.422490924596786 0.42871955037117 0.409705281257629 0.422685474157333 0.406756818294525 0.36845526099205 0.306461840867996 0.289708256721497 0.300946533679962 0.323094695806503 0.360602825880051 0.393244445323944 0.433494627475739 0.461612403392792 0.514651954174042 0.558573067188263 0.596513986587524 0.642550230026245 0.675133526325226
0.438090592622757 0.465143918991089 0.471776813268661 0.488702595233917 0.497381716966629 0.494140177965164 0.513108730316162 0.49786502122879 0.502831161022186 0.498256206512451 0.482491314411163 0.48510730266571 0.481139928102493 0.480675220489502 0.479817807674408 0.473641216754913 0.478873729705811 0.475940763950348 0.47850313782692 0.4573774933815 0.469482392072678 0.47526153922081 0.481163561344147 0.481599241495132 0.469518929719925 0.457637041807175 0.438817352056503 0.440965443849564 0.43770644068718 0.423376798629761 0.401430517435074 0.367995202541351 0.33147057890892 0.300721168518066 0.341762751340866 0.379564642906189 0.389216393232346 0.412980765104294 0.454774349927902 0.496877640485764 0.529082596302032 0.570883452892303 0.61103355884552 0.653290927410126 0.691259801387787
0.515609681606293 0.540690064430237 0.549516201019287 0.562043964862823 0.556998491287231 0.562163174152374 0.556558549404144 0.555590093135834 0.539414882659912 0.532177925109863 0.543606340885162 0.527881264686584 0.512399673461914 0.500145554542542 0.511040925979614 0.494967877864838 0.492768228054047 0.500915467739105 0.483091443777084 0.485842019319534 0.489929378032684 0.489263474941254 0.491041928529739 0.477044492959976 0.465506494045258 0.467735320329666 0.465096026659012 0.458585023880005 0.431728720664978 0.42207658290863 0.400400370359421 0.361898243427277 0.343933254480362 0.334660023450851 0.365042626857758 0.389956206083298 0.415057092905045 0.451927423477173 0.47834187746048 0.514661312103271 0.557601153850555 0.593833863735199 0.643422424793243 0.676556289196014 0.730688750743866
0.578925430774689 0.592832505702972 0.622374355792999 0.617932438850403 0.627874791622162 0.617213666439056 0.627169132232666 0.608386516571045 0.596984565258026 0.580357134342194 0.578945994377136 0.56153005361557 0.520929515361786 0.533038437366486 0.533017039299011 0.516980469226837 0.520669102668762 0.516585946083069 0.50459885597229 0.497404932975769 0.515739142894745 0.508752107620239 0.501493752002716 0.486649960279465 0.475402414798737 0.468791961669922 0.470656096935272 0.442674577236176 0.439414620399475 0.41518372297287 0.395029872655869 0.381242841482162 0.35742112994194 0.364036351442337 0.371554762125015 0.409611195325851 0.433963358402252 0.481519252061844 0.513560771942139 0.551728248596191 0.577951610088348 0.625295519828796 0.666938304901123 0.708312630653381 0.74049586057663
0.605061292648315 0.614754199981689 0.638691961765289 0.664549708366394 0.681086361408234 0.658265769481659 0.650924742221832 0.644768297672272 0.635949432849884 0.619649648666382 0.597494184970856 0.553713023662567 0.558683753013611 0.566868364810944 0.55838268995285 0.550868988037109 0.546186149120331 0.537446141242981 0.528353452682495 0.514604449272156 0.523607134819031 0.51386946439743 0.512564599514008 0.497455030679703 0.504383563995361 0.482061743736267 0.469469487667084 0.450525641441345 0.446816861629486 0.417845010757446 0.426379024982452 0.403846383094788 0.404642879962921 0.400569826364517 0.417008608579636 0.477432429790497 0.48529052734375 0.504778146743774 0.544660747051239 0.570336163043976 0.616477727890015 0.658473551273346 0.696270227432251 0.749128580093384 0.777279138565063
0.662808418273926 0.670001447200775 0.670637667179108 0.689176857471466 0.69242137670517 0.677903056144714 0.695998668670654 0.680317223072052 0.679640650749207 0.655904293060303 0.627896308898926 0.593804895877838 0.601568162441254 0.595622718334198 0.567904055118561 0.565119862556458 0.557755768299103 0.551158487796783 0.53939962387085 0.548012852668762 0.532178521156311 0.538016200065613 0.520222008228302 0.52100396156311 0.507709622383118 0.492224127054214 0.488679349422455 0.471860378980637 0.450664877891541 0.443062454462051 0.43319496512413 0.422716498374939 0.415300160646439 0.412331461906433 0.468842357397079 0.505588233470917 0.524610459804535 0.536001861095428 0.572044909000397 0.62077921628952 0.652685582637787 0.696875691413879 0.738936960697174 0.770433783531189 0.810247123241425
0.705557227134705 0.681921780109406 0.684161245822906 0.677584052085876 0.696784794330597 0.689374506473541 0.706964910030365 0.703228712081909 0.69831371307373 0.686402440071106 0.652386963367462 0.623378694057465 0.634640038013458 0.619703531265259 0.604818642139435 0.595975637435913 0.579119026660919 0.570709347724915 0.570944130420685 0.566958963871002 0.552071213722229 0.548824071884155 0.538295209407806 0.530562877655029 0.5211021900177 0.51006543636322 0.496607452630997 0.488275766372681 0.476409673690796 0.477660626173019 0.47309547662735 0.45793217420578 0.447025209665298 0.453653812408447 0.471924036741257 0.505643904209137 0.581774592399597 0.591660797595978 0.606423497200012 0.654148101806641 0.681272447109222 0.736338019371033 0.778592050075531 0.805251717567444 0.836140155792236
0.701944351196289 0.686317145824432 0.696223378181458 0.696620404720306 0.700030446052551 0.703884601593018 0.711243510246277 0.704412043094635 0.702033698558807 0.706704258918762 0.682645738124847 0.652736902236938 0.657887101173401 0.635085940361023 0.624848902225494 0.608545660972595 0.605639219284058 0.589543998241425 0.585748314857483 0.584352791309357 0.577895820140839 0.560440182685852 0.553460657596588 0.55741012096405 0.546841025352478 0.528536140918732 0.524837017059326 0.519393146038055 0.5069500207901 0.502031087875366 0.498569160699844 0.490018039941788 0.48355370759964 0.492164969444275 0.494041532278061 0.549916446208954 0.586883306503296 0.617289543151855 0.665009796619415 0.695806562900543 0.738599538803101 0.784773945808411 0.809405386447906 0.826171696186066 0.863463222980499
0.707946836948395 0.700255513191223 0.707000851631165 0.702459633350372 0.708811163902283 0.712117195129395 0.712426602840424 0.704360783100128 0.695496797561646 0.711118400096893 0.694551587104797 0.681973278522491 0.677250564098358 0.667940199375153 0.645897388458252 0.644612729549408 0.624094486236572 0.614470899105072 0.618821144104004 0.604338228702545 0.592970132827759 0.573433101177216 0.571090817451477 0.563329935073853 0.552797377109528 0.549035429954529 0.556435763835907 0.543754696846008 0.534306645393372 0.5321364402771 0.520640909671783 0.521035313606262 0.51693457365036 0.525022387504578 0.53063690662384 0.594689905643463 0.648078739643097 0.664064884185791 0.699065864086151 0.739621102809906 0.782079935073853 0.814311325550079 0.844604671001434 0.853801906108856 0.884737014770508
0.713942766189575 0.721593022346497 0.713638365268707 0.717613279819489 0.722243010997772 0.720425546169281 0.70318877696991 0.708658218383789 0.697983503341675 0.714713871479034 0.703751981258392 0.712579905986786 0.693704724311829 0.675337910652161 0.662727057933807 0.647349953651428 0.62785816192627 0.642582833766937 0.628852427005768 0.627364695072174 0.607723593711853 0.598869264125824 0.581625699996948 0.591080248355865 0.580234706401825 0.563336908817291 0.561935424804688 0.570824265480042 0.571808516979218 0.570950508117676 0.562402307987213 0.558941543102264 0.565467119216919 0.558658480644226 0.592818379402161 0.633322179317474 0.675177574157715 0.707307398319244 0.7501580119133 0.781023979187012 0.826231420040131 0.855241775512695 0.880626320838928 0.895325839519501 0.893042027950287
0.723398804664612 0.728106021881104 0.703033089637756 0.714314043521881 0.725241005420685 0.726938247680664 0.712874114513397 0.704266250133514 0.719635128974915 0.731727480888367 0.722148597240448 0.715569376945496 0.706608235836029 0.693397760391235 0.677832543849945 0.647275805473328 0.645716071128845 0.65324467420578 0.645547926425934 0.643718540668488 0.624746859073639 0.617174923419952 0.625354886054993 0.614477336406708 0.595195531845093 0.583337604999542 0.595990419387817 0.597087919712067 0.605502605438232 0.601943075656891 0.580683171749115 0.595034003257751 0.604749798774719 0.603040218353271 0.651798009872437 0.676470398902893 0.692227721214294 0.733214139938354 0.790235042572021 0.810375928878784 0.858527660369873 0.837734818458557 0.875047385692596 0.879628300666809 0.874750733375549
0.740451276302338 0.730895340442657 0.705356359481812 0.710201621055603 0.724426448345184 0.721967220306396 0.716885924339294 0.709751904010773 0.723113596439362 0.728641211986542 0.715974450111389 0.709692537784576 0.716375350952148 0.705364286899567 0.698325991630554 0.646694719791412 0.672878980636597 0.664610385894775 0.635037899017334 0.646112740039825 0.633615493774414 0.648276269435883 0.655332207679749 0.636150062084198 0.587039828300476 0.600228190422058 0.615541398525238 0.623952090740204 0.6406409740448 0.638623833656311 0.643847525119781 0.642975568771362 0.644486129283905 0.654671907424927 0.690983653068542 0.703433394432068 0.7360018491745 0.777481138706207 0.819587886333466 0.845820426940918 0.890110075473785 0.860187172889709 0.905904710292816 0.891310274600983 0.912475228309631
0.730611741542816 0.734153091907501 0.722565650939941 0.708737373352051 0.721904993057251 0.726207196712494 0.720753192901611 0.719498693943024 0.7271768450737 0.729979515075684 0.709597945213318 0.722208917140961 0.72065007686615 0.710562705993652 0.700257003307343 0.65288245677948 0.685035169124603 0.656413495540619 0.628606677055359 0.644442856311798 0.65917557477951 0.663940250873566 0.669636130332947 0.665392160415649 0.62240195274353 0.639789819717407 0.656878530979156 0.65706205368042 0.669657528400421 0.6647869348526 0.674602031707764 0.674126505851746 0.685160398483276 0.711030125617981 0.749167025089264 0.770229518413544 0.79269003868103 0.826675713062286 0.843717813491821 0.890376150608063 0.89163726568222 0.890898287296295 0.918062210083008 0.918694138526917 0.931354165077209
0.734989583492279 0.733284950256348 0.732274889945984 0.724181115627289 0.717036485671997 0.720840156078339 0.721871137619019 0.726326704025269 0.727391541004181 0.723087728023529 0.721312403678894 0.725016415119171 0.698197185993195 0.721470236778259 0.713880121707916 0.663665294647217 0.677327275276184 0.655463814735413 0.609768092632294 0.656816184520721 0.694128274917603 0.68202817440033 0.684994876384735 0.670896947383881 0.657917261123657 0.675076127052307 0.675416111946106 0.682446241378784 0.688079714775085 0.702628910541534 0.729044854640961 0.731882631778717 0.756459295749664 0.771269083023071 0.795559585094452 0.823652267456055 0.847946763038635 0.871764838695526 0.883783936500549 0.904921650886536 0.903895914554596 0.92001074552536 0.9211106300354 0.930173814296722 0.936398029327393
0.710403501987457 0.725252509117126 0.727096080780029 0.726818203926086 0.726961851119995 0.725931167602539 0.722245037555695 0.723137199878693 0.726033985614777 0.726338028907776 0.724288821220398 0.724355340003967 0.688765406608582 0.70356696844101 0.703201055526733 0.663582265377045 0.648940443992615 0.653043568134308 0.629401862621307 0.654804944992065 0.688298106193542 0.693076729774475 0.6954465508461 0.68861722946167 0.697886407375336 0.701335787773132 0.704672992229462 0.726755023002625 0.743988633155823 0.748825550079346 0.761609852313995 0.772484242916107 0.797667503356934 0.817406892776489 0.834561765193939 0.854459941387177 0.873250126838684 0.898119747638702 0.903498947620392 0.893536806106567 0.923394024372101 0.917144894599915 0.927273035049438 0.931312322616577 0.936581015586853
0.708680629730225 0.724994003772736 0.72399514913559 0.722078263759613 0.727041721343994 0.721071422100067 0.719695925712585 0.718720614910126 0.721798360347748 0.722365260124207 0.724741816520691 0.722749292850494 0.688303351402283 0.696803867816925 0.703302979469299 0.655312776565552 0.643125534057617 0.627023994922638 0.629880666732788 0.6571004986763 0.691335260868073 0.70810067653656 0.708011031150818 0.704662024974823 0.717259705066681 0.71811854839325 0.716783940792084 0.758065402507782 0.774831533432007 0.77973884344101 0.79350358247757 0.810266435146332 0.825970590114594 0.843550622463226 0.861421406269073 0.856573283672333 0.879158735275269 0.890066742897034 0.904129862785339 0.912684977054596 0.911600351333618 0.92191618680954 0.923721432685852 0.92495322227478 0.933976531028748
0.706934452056885 0.711732625961304 0.714942336082458 0.712642788887024 0.716124296188354 0.709502100944519 0.709889471530914 0.718206524848938 0.712827384471893 0.707984387874603 0.712298333644867 0.716108322143555 0.664500653743744 0.61837637424469 0.678149580955505 0.645973026752472 0.642928242683411 0.663243472576141 0.651508986949921 0.672879874706268 0.697857916355133 0.705773293972015 0.716837882995605 0.715680778026581 0.741909861564636 0.749779999256134 0.743023335933685 0.778722941875458 0.804958462715149 0.814572155475616 0.799549162387848 0.79185962677002 0.820203244686127 0.833859145641327 0.857590198516846 0.827568113803864 0.859513401985168 0.86628246307373 0.895232975482941 0.90643984079361 0.915210127830505 0.921727478504181 0.927074432373047 0.93031120300293 0.9306361079216
