data/climate_estimation/maxent_output/Veratrum_woodii.asc
NCOLS 205 
NROWS 137 
XLLCORNER -95 
YLLCORNER 30.8333333333333 
CELLSIZE 0.0833333333333333 
NODATA_value -3.4e+38 
[rows 0 to 19 of 137, columns 132 to 175 of 205]
0.0547250285744667 0.0586455874145031 0.0589158199727535 0.0632414296269417 0.0709884986281395 0.0820821449160576 0.0899521261453629 0.0983228236436844 0.0900895297527313 0.0760390087962151 0.0609507523477077 0.0521806441247463 0.0475969761610031 0.0462092645466328 0.0459318645298481 0.0453434735536575 0.0488122627139091 0.0486224815249443 0.0557281300425529 0.0598920062184334 0.0693576112389565 0.0684720724821091 0.0727138519287109 0.0722239390015602 0.0666761174798012 0.0621597282588482 0.053088303655386 0.0488946996629238 0.0450375899672508 0.0388756059110165 0.0354597195982933 0.0335012786090374 0.0307871829718351 0.0311801303178072 0.0305695831775665 0.0331965573132038 0.0360097102820873 0.0387661196291447 0.0423132516443729 0.0413887836039066 0.0449689924716949 0.0463639907538891 0.0500417575240135 0.0545122921466827
0.0666160881519318 0.0713288560509682 0.0661166831851006 0.0764504000544548 0.0811972916126251 0.0878836512565613 0.0971245840191841 0.0981101170182228 0.0767762586474419 0.0567441657185555 0.0434499494731426 0.040906734764576 0.0370758809149265 0.0372442081570625 0.0370257720351219 0.0436115637421608 0.0458675362169743 0.0487440079450607 0.0566131435334682 0.0594371110200882 0.0625331997871399 0.0664044618606567 0.0710828602313995 0.071191743016243 0.0649333819746971 0.0595931187272072 0.055509589612484 0.0517131872475147 0.0440317131578922 0.0407070890069008 0.0401608347892761 0.0384343452751637 0.0347529239952564 0.0350126437842846 0.0353306047618389 0.0383979082107544 0.0420357510447502 0.0451192781329155 0.0445324033498764 0.0477275513112545 0.0516579374670982 0.0546102337539196 0.0578648708760738 0.0669681504368782
0.0809139907360077 0.0882548689842224 0.0883230939507484 0.0852530598640442 0.0852630734443665 0.0955606698989868 0.103476405143738 0.0972450971603394 0.0827301219105721 0.0570774599909782 0.0443084537982941 0.040454275906086 0.0358625091612339 0.0347745232284069 0.0379709266126156 0.0438117198646069 0.04717618227005 0.0529707111418247 0.0553491897881031 0.0631458461284637 0.0669516772031784 0.0664432495832443 0.0651707127690315 0.0631049275398254 0.0645368993282318 0.0635063722729683 0.0580123662948608 0.0497799664735794 0.0457791537046432 0.0460607036948204 0.0430417321622372 0.0397571660578251 0.0400087274610996 0.0402625799179077 0.0409549325704575 0.0440025962889194 0.0476738624274731 0.0474552288651466 0.051334947347641 0.0549933053553104 0.0587997101247311 0.0625883638858795 0.0653534159064293 0.0660462975502014
0.0888929590582848 0.0981787741184235 0.108214490115643 0.11832931637764 0.108974874019623 0.121467620134354 0.130790233612061 0.114484511315823 0.0980154275894165 0.0700310245156288 0.0575402118265629 0.0458429716527462 0.0423228591680527 0.0382934957742691 0.0408077538013458 0.0439408011734486 0.0498073883354664 0.0538630746304989 0.0568175315856934 0.062458373606205 0.0665422230958939 0.0699134767055511 0.0689525976777077 0.0629251748323441 0.0629080533981323 0.0618167072534561 0.0559864267706871 0.0521335452795029 0.0484691523015499 0.0450071766972542 0.0420363135635853 0.0413795858621597 0.0418062098324299 0.0456457361578941 0.0463808737695217 0.0498754940927029 0.0545529648661613 0.0620573908090591 0.0611343495547771 0.0691775232553482 0.0685784742236137 0.0741390213370323 0.0741277113556862 0.0744149833917618
0.102808281779289 0.122897207736969 0.122597880661488 0.138676449656487 0.154352188110352 0.166226506233215 0.166027724742889 0.156493112444878 0.11198765784502 0.0900864824652672 0.0660208463668823 0.0559645220637321 0.0473279990255833 0.0445799827575684 0.0435294061899185 0.0515205599367619 0.0558096617460251 0.0581879355013371 0.059945248067379 0.0629288256168365 0.0707422718405724 0.0755935534834862 0.0684571415185928 0.0661723613739014 0.0710803270339966 0.065198116004467 0.0595461279153824 0.054596159607172 0.0508619733154774 0.0512672029435635 0.0469776317477226 0.04714285582304 0.0476018898189068 0.0482338853180408 0.0573410242795944 0.057904377579689 0.065045565366745 0.0704279541969299 0.0713118687272072 0.0788910388946533 0.084289088845253 0.0851128250360489 0.0837474092841148 0.088837668299675
0.119687467813492 0.121144913136959 0.14500093460083 0.17388541996479 0.193870201706886 0.206587195396423 0.20779837667942 0.180525988340378 0.131312638521194 0.102467462420464 0.0759391412138939 0.0659181103110313 0.0621615052223206 0.0527058094739914 0.0524854585528374 0.0556349605321884 0.0578886643052101 0.0683265179395676 0.0699467808008194 0.0733622685074806 0.0703201070427895 0.0797891318798065 0.0770979970693588 0.0760709270834923 0.0691570118069649 0.0684241130948067 0.0616393983364105 0.0625652074813843 0.0578640513122082 0.0533764474093914 0.0540227815508842 0.0538513511419296 0.0555301308631897 0.055904746055603 0.0610376223921776 0.0682611912488937 0.0745047554373741 0.0753959715366364 0.092058926820755 0.084115706384182 0.0906145423650742 0.100003346800804 0.0973454490303993 0.104374282062054
0.124192699790001 0.143356084823608 0.156497403979301 0.186658069491386 0.239973992109299 0.279215723276138 0.255369514226913 0.20531839132309 0.16296511888504 0.116592258214951 0.0872796252369881 0.0752192512154579 0.0641748979687691 0.0508880764245987 0.0510662049055099 0.0602205470204353 0.0689970925450325 0.0700341910123825 0.0808916762471199 0.0848230943083763 0.0801213532686234 0.0834075212478638 0.0891008004546165 0.0803530514240265 0.0780635252594948 0.0716162249445915 0.0711528062820435 0.0650477632880211 0.0660687312483788 0.0562178641557693 0.0561457723379135 0.0570955872535706 0.0585626475512981 0.0616593398153782 0.0648382902145386 0.0671091824769974 0.0771490857005119 0.0868627801537514 0.0886359512805939 0.104669280350208 0.0955007374286652 0.104447059333324 0.111447617411613 0.120172120630741
0.141653597354889 0.153654769062996 0.182271033525467 0.217445611953735 0.273380100727081 0.320542514324188 0.289689242839813 0.203312113881111 0.171526581048965 0.143964096903801 0.116167299449444 0.0770514234900475 0.0791588947176933 0.0628243014216423 0.0542689338326454 0.0621821582317352 0.0709697231650352 0.0861112326383591 0.0874107331037521 0.0961815714836121 0.0916663184762001 0.0950648188591003 0.0990357249975204 0.09732636064291 0.0886285603046417 0.0810019075870514 0.0735562816262245 0.0672899857163429 0.0679754987359047 0.0639216750860214 0.0659978911280632 0.0631871223449707 0.0590107068419456 0.06112390011549 0.0681768506765366 0.0732528194785118 0.0817077308893204 0.0897719785571098 0.0990853309631348 0.110389895737171 0.10761846601963 0.125825807452202 0.12451933324337 0.135139957070351
0.139741703867912 0.155385673046112 0.153934851288795 0.194976255297661 0.230463773012161 0.250129401683807 0.246614560484886 0.212227046489716 0.166082724928856 0.142770692706108 0.120235979557037 0.0976994782686234 0.0833098739385605 0.0768380686640739 0.0771264955401421 0.0817352533340454 0.0856878012418747 0.0882707461714745 0.0936403498053551 0.0957304239273071 0.103084564208984 0.108307167887688 0.114027850329876 0.101581260561943 0.0907731652259827 0.0842797085642815 0.0760617181658745 0.0766922682523727 0.0736702308058739 0.0664940923452377 0.064986027777195 0.0659675598144531 0.0681746080517769 0.0662592574954033 0.0772880017757416 0.0817797034978867 0.089621976017952 0.100228078663349 0.103641338646412 0.105235062539577 0.112145394086838 0.122707225382328 0.13307897746563 0.152085512876511
0.151898697018623 0.142951175570488 0.153833419084549 0.165955513715744 0.178445190191269 0.197468876838684 0.193100154399872 0.207818567752838 0.173906400799751 0.148359417915344 0.127361387014389 0.118984878063202 0.108697399497032 0.0931051820516586 0.108607910573483 0.10524645447731 0.111192889511585 0.098870113492012 0.102634154260159 0.107814624905586 0.108888640999794 0.113673225045204 0.120414458215237 0.117229454219341 0.107220098376274 0.0834534466266632 0.0793319717049599 0.077452041208744 0.0728457048535347 0.0636129751801491 0.0706202685832977 0.068537637591362 0.0737514719367027 0.0798540487885475 0.0849619880318642 0.0896681770682335 0.107048898935318 0.104503519833088 0.112250685691833 0.116476207971573 0.126543983817101 0.128233715891838 0.149278998374939 0.210079118609428
0.161395043134689 0.151776969432831 0.141474634408951 0.15235523879528 0.163816645741463 0.177131399512291 0.185653269290924 0.175756648182869 0.174302220344543 0.159599170088768 0.135196790099144 0.122322425246239 0.135220110416412 0.122983813285828 0.113782823085785 0.10919962823391 0.101956374943256 0.106752015650272 0.115395769476891 0.108317814767361 0.117905549705029 0.103984870016575 0.119088605046272 0.126105308532715 0.106660671532154 0.0899759903550148 0.0844725146889687 0.0653003305196762 0.0713050737977028 0.0707530081272125 0.0726848319172859 0.0789436027407646 0.0768890678882599 0.0835830718278885 0.0946163013577461 0.100460961461067 0.109059736132622 0.115499451756477 0.129418030381203 0.122181788086891 0.14232987165451 0.150506138801575 0.180527850985527 0.218821212649345
0.183253169059753 0.158763200044632 0.156927511096001 0.150361627340317 0.173757046461105 0.186259940266609 0.204127281904221 0.17110700905323 0.169440269470215 0.18203030526638 0.151431366801262 0.167162954807281 0.140802502632141 0.132580876350403 0.126060098409653 0.121505901217461 0.114099003374577 0.107587479054928 0.109133929014206 0.0979418382048607 0.0971981436014175 0.112577356398106 0.118258662521839 0.115705534815788 0.105496093630791 0.0845143049955368 0.0801414921879768 0.0722177997231483 0.0815437510609627 0.0795595273375511 0.077315978705883 0.08543461561203 0.0864474847912788 0.0934994742274284 0.108590707182884 0.118301063776016 0.134876891970634 0.135278284549713 0.14175420999527 0.137684181332588 0.147235840559006 0.157671242952347 0.192049831151962 0.215158104896545
0.196257665753365 0.171106845140457 0.156999140977859 0.178466349840164 0.188478410243988 0.201416864991188 0.21275706589222 0.2097497433424 0.210551872849464 0.206113293766975 0.185593396425247 0.191687449812889 0.149559617042542 0.145902380347252 0.132158532738686 0.127656638622284 0.115718811750412 0.107900835573673 0.109062165021896 0.106307677924633 0.111007340252399 0.107955373823643 0.108687505125999 0.100575692951679 0.0927118733525276 0.0851714313030243 0.0831456333398819 0.0822525545954704 0.0951746106147766 0.106634028255939 0.102809309959412 0.112333863973618 0.121644504368305 0.124594062566757 0.132978305220604 0.145200982689857 0.164616584777832 0.163034379482269 0.17605747282505 0.170461118221283 0.168733924627304 0.170207992196083 0.190448686480522 0.198224529623985
0.181863591074944 0.166305184364319 0.168605864048004 0.188220456242561 0.202046245336533 0.213499039411545 0.226553291082382 0.238405421376228 0.252844482660294 0.246291548013687 0.227030456066132 0.201758280396461 0.158824816346169 0.143968924880028 0.140118837356567 0.135457724332809 0.125747233629227 0.11632327735424 0.116858474910259 0.11680942773819 0.111450113356113 0.128553792834282 0.125101611018181 0.11261598020792 0.10412609577179 0.104866020381451 0.103323742747307 0.102422937750816 0.116747803986073 0.124158203601837 0.130404904484749 0.140663385391235 0.152489423751831 0.161489173769951 0.160071298480034 0.164787590503693 0.188609778881073 0.193968027830124 0.221271559596062 0.201931372284889 0.190856352448463 0.171747654676437 0.177907854318619 0.173559188842773
0.19477953016758 0.188098043203354 0.188805639743805 0.183016821742058 0.229114010930061 0.223584413528442 0.238617673516273 0.252706259489059 0.285555005073547 0.260429620742798 0.257666438817978 0.230209827423096 0.178148448467255 0.15429599583149 0.163520231842995 0.147615760564804 0.136575534939766 0.126532703638077 0.127913743257523 0.118641778826714 0.119555838406086 0.117323398590088 0.122276946902275 0.125001594424248 0.116914749145508 0.11950846016407 0.120315000414848 0.113900318741798 0.136802837252617 0.146435111761093 0.147157847881317 0.160918533802032 0.173249900341034 0.173456400632858 0.183513224124908 0.188738748431206 0.195002987980843 0.191839218139648 0.204273343086243 0.202769458293915 0.184558689594269 0.181118369102478 0.175972759723663 0.185076281428337
0.177222207188606 0.186185359954834 0.202879205346107 0.22599184513092 0.22254653275013 0.270549803972244 0.264891475439072 0.300776064395905 0.295777201652527 0.273552477359772 0.256281703710556 0.205063045024872 0.202746495604515 0.17396491765976 0.160629376769066 0.151080116629601 0.138777479529381 0.128123864531517 0.132234632968903 0.138544231653214 0.141921147704124 0.129748806357384 0.122939378023148 0.127444103360176 0.123173847794533 0.131852567195892 0.139289125800133 0.141553267836571 0.151496112346649 0.170537784695625 0.186236053705215 0.183432444930077 0.195499002933502 0.197368666529655 0.205261707305908 0.202470406889915 0.187722653150558 0.178526520729065 0.188223481178284 0.197517439723015 0.186702832579613 0.169237658381462 0.162253752350807 0.166186392307281
0.205194056034088 0.204490914940834 0.214236631989479 0.241225898265839 0.254994481801987 0.269467622041702 0.285002917051315 0.293444693088531 0.285087585449219 0.286613017320633 0.273039489984512 0.255919486284256 0.215767830610275 0.186027199029922 0.161927491426468 0.151482433080673 0.128397583961487 0.149735122919083 0.153559535741806 0.155155077576637 0.158843100070953 0.147302851080894 0.15339107811451 0.126512333750725 0.136333391070366 0.120534889400005 0.13778230547905 0.147269383072853 0.173961773514748 0.186099544167519 0.212118893861771 0.209705024957657 0.212339207530022 0.213456645607948 0.210814297199249 0.200567498803139 0.186840012669563 0.186843395233154 0.184063673019409 0.169994980096817 0.177097946405411 0.173716753721237 0.170400857925415 0.165306940674782
0.204099535942078 0.224731132388115 0.231545671820641 0.240026161074638 0.290248662233353 0.285594463348389 0.326860696077347 0.306795328855515 0.305015444755554 0.28149625658989 0.268352568149567 0.247108563780785 0.231606528162956 0.201877519488335 0.175203382968903 0.152854025363922 0.124078460037708 0.141057729721069 0.153405696153641 0.176423445343971 0.17560587823391 0.176802098751068 0.160443350672722 0.147718697786331 0.145044788718224 0.136414751410484 0.148016840219498 0.173108965158463 0.172033280134201 0.228169232606888 0.228781372308731 0.227086409926414 0.228581368923187 0.21997943520546 0.216801464557648 0.198450684547424 0.199019119143486 0.189404979348183 0.180924147367477 0.189494669437408 0.189494669437408 0.179698601365089 0.179399758577347 0.146258756518364
0.19052343070507 0.218660563230515 0.228800550103188 0.257496416568756 0.304568290710449 0.323014110326767 0.307239294052124 0.332378804683685 0.306833893060684 0.302956640720367 0.285935133695602 0.262923121452332 0.247304931282997 0.213816374540329 0.177434355020523 0.143615379929543 0.148273721337318 0.145802229642868 0.1650320738554 0.182664290070534 0.185427665710449 0.183232992887497 0.185312032699585 0.173543140292168 0.180239766836166 0.161739766597748 0.16424360871315 0.18770332634449 0.227318659424782 0.258073449134827 0.280456781387329 0.260821938514709 0.255891889333725 0.234816178679466 0.23373219370842 0.21449214220047 0.190482959151268 0.18735958635807 0.202811479568481 0.192513644695282 0.198768094182014 0.193528905510902 0.168455123901367 0.16750730574131
0.189033403992653 0.218107879161835 0.240261852741241 0.254026412963867 0.303891688585281 0.344588756561279 0.338188350200653 0.306943297386169 0.332488238811493 0.304734647274017 0.309084206819534 0.283610463142395 0.259753346443176 0.230135679244995 0.206906571984291 0.173704445362091 0.167711436748505 0.180580705404282 0.177609264850616 0.184405565261841 0.228089481592178 0.212546855211258 0.19624437391758 0.209053173661232 0.209372937679291 0.196902304887772 0.187221586704254 0.230347990989685 0.262116342782974 0.293855786323547 0.31165423989296 0.290754586458206 0.272799223661423 0.252290338277817 0.248724028468132 0.230131834745407 0.211867570877075 0.20263110101223 0.214246779680252 0.215746447443962 0.223677664995193 0.206982091069221 0.187245488166809 0.183620929718018
