data/climate_estimation/maxent_output/Veratrum_schindleri.asc
NCOLS 279 
NROWS 101 
XLLCORNER 98.25 
YLLCORNER 22.0833333333333 
CELLSIZE 0.0833333333333333 
NODATA_value -3.4e+38 
[rows 60 to 79 of 101, columns 45 to 89 of 279]
0.468557119369507 0.47119614481926 0.382049918174744 0.309067666530609 0.266160607337952 0.304838359355927 0.34226530790329 0.354604810476303 0.349437296390533 0.367502838373184 0.409662306308746 0.472724676132202 0.483199208974838 0.279510021209717 0.313532054424286 0.229642540216446 0.210311472415924 0.207637548446655 0.212147638201714 0.220408961176872 0.187637761235237 0.163109824061394 0.214127942919731 0.259793490171432 0.311651527881622 0.398925930261612 0.322027325630188 0.412753283977509 0.512952148914337 0.545773506164551 0.642038106918335 0.657716631889343 0.651339650154114 0.662170171737671 0.697897017002106 0.683736801147461 0.698879778385162 0.725836217403412 0.732152044773102 0.731786072254181 0.723316967487335 0.727456212043762 0.72031158208847 0.726597666740417 0.720574080944061
0.302912950515747 0.385558903217316 0.280269056558609 0.223391830921173 0.405183792114258 0.328495264053345 0.331600368022919 0.378054559230804 0.461717247962952 0.451030999422073 0.469210505485535 0.482947260141373 0.335539788007736 0.295088976621628 0.292518496513367 0.275667428970337 0.223443001508713 0.257770538330078 0.266177475452423 0.240072578191757 0.255991607904434 0.232386603951454 0.200700774788857 0.228632092475891 0.336062401533127 0.336218774318695 0.328638225793839 0.37443420290947 0.485701829195023 0.500042200088501 0.644612789154053 0.681594014167786 0.67656797170639 0.699372291564941 0.713379085063934 0.707440733909607 0.70131516456604 0.70147716999054 0.714740455150604 0.735277652740479 0.726730167865753 0.710363984107971 0.716587543487549 0.720962584018707 0.706134855747223
0.19006210565567 0.265437573194504 0.190318733453751 0.252167791128159 0.464402884244919 0.264937400817871 0.380681723356247 0.352292895317078 0.392730087041855 0.433540642261505 0.409887254238129 0.377236485481262 0.298627883195877 0.290077596902847 0.301494538784027 0.298598885536194 0.269283980131149 0.253726065158844 0.257770538330078 0.274166077375412 0.297498017549515 0.295226275920868 0.196717649698257 0.247011005878448 0.328484296798706 0.306503593921661 0.332686334848404 0.354414433240891 0.469419211149216 0.469294518232346 0.521795690059662 0.655279159545898 0.693068206310272 0.711782574653625 0.722922265529633 0.715562462806702 0.715635359287262 0.704801619052887 0.711089193820953 0.721983969211578 0.730706453323364 0.720916867256165 0.72141969203949 0.722669780254364 0.694933950901031
0.143572017550468 0.1564000248909 0.213563203811646 0.259417057037354 0.419185638427734 0.338003844022751 0.249348267912865 0.397850900888443 0.416120976209641 0.434198945760727 0.410788595676422 0.379072070121765 0.329786568880081 0.360678046941757 0.268487483263016 0.272398084402084 0.264655441045761 0.255912631750107 0.293706566095352 0.302979111671448 0.262077271938324 0.285878241062164 0.236143290996552 0.298833101987839 0.275027215480804 0.317694306373596 0.340818226337433 0.37042161822319 0.453185468912125 0.463329493999481 0.498988747596741 0.63069349527359 0.692667305469513 0.698285222053528 0.708860039710999 0.717295467853546 0.716163873672485 0.716464936733246 0.711106717586517 0.718317091464996 0.726625025272369 0.714870750904083 0.707889378070831 0.707592189311981 0.705703139305115
0.126368299126625 0.137219697237015 0.284422159194946 0.276114940643311 0.338748127222061 0.395791441202164 0.408174514770508 0.371651351451874 0.344749301671982 0.37642964720726 0.418901324272156 0.41063603758812 0.44985818862915 0.379479438066483 0.291964262723923 0.255341857671738 0.254066050052643 0.284637868404388 0.287507623434067 0.247461199760437 0.216471254825592 0.233011558651924 0.312896996736526 0.269743114709854 0.264931738376617 0.312144905328751 0.343335300683975 0.388630270957947 0.464152008295059 0.503105342388153 0.572619915008545 0.635907828807831 0.683914303779602 0.67571234703064 0.704979419708252 0.710102021694183 0.713477551937103 0.720440328121185 0.726602435112 0.72067129611969 0.722601234912872 0.704563498497009 0.701707422733307 0.701730072498322 0.70277202129364
0.145954877138138 0.155082836747169 0.332682400941849 0.235722661018372 0.29586860537529 0.400804847478867 0.402401089668274 0.341221034526825 0.308283537626266 0.348142296075821 0.384139448404312 0.463948041200638 0.447851091623306 0.377388656139374 0.249359995126724 0.255894750356674 0.26806452870369 0.307905524969101 0.263709247112274 0.2371985912323 0.222389236092567 0.31973072886467 0.350409030914307 0.27781730890274 0.272890269756317 0.321187943220139 0.343335300683975 0.355099320411682 0.453270852565765 0.501818776130676 0.561962723731995 0.616310238838196 0.665421307086945 0.655034601688385 0.695817172527313 0.69597315788269 0.710542023181915 0.71862268447876 0.722606480121613 0.716671288013458 0.71279776096344 0.704637587070465 0.697254121303558 0.693786799907684 0.69588577747345
0.0685383528470993 0.179805502295494 0.215355098247528 0.229434281587601 0.249769106507301 0.257408857345581 0.312993407249451 0.333424627780914 0.301935583353043 0.344322860240936 0.398064821958542 0.418249577283859 0.363908410072327 0.320476651191711 0.255827277898788 0.294619858264923 0.29810956120491 0.267539501190186 0.251922398805618 0.249204739928246 0.235644355416298 0.333671152591705 0.318812549114227 0.30516529083252 0.291789293289185 0.280730873346329 0.309869199991226 0.346316635608673 0.402947187423706 0.460323810577393 0.505517661571503 0.560380339622498 0.603372395038605 0.610598921775818 0.684520661830902 0.691129982471466 0.689802169799805 0.697439193725586 0.692187666893005 0.658599674701691 0.647111415863037 0.692909121513367 0.698864758014679 0.693392336368561 0.680371880531311
0.095087930560112 0.235711738467216 0.195205733180046 0.260441869497299 0.279906302690506 0.237764492630959 0.263648957014084 0.314868092536926 0.303913325071335 0.327953010797501 0.399172484874725 0.403173834085464 0.397320002317429 0.311084270477295 0.321708351373672 0.310655117034912 0.299519121646881 0.297588437795639 0.293212026357651 0.325815081596375 0.316048920154572 0.334995210170746 0.321017891168594 0.292287290096283 0.267410099506378 0.275428354740143 0.291017979383469 0.313965559005737 0.363717943429947 0.413739323616028 0.459935337305069 0.510833501815796 0.542467892169952 0.625712990760803 0.680591225624084 0.675372302532196 0.650538384914398 0.691522717475891 0.701668500900269 0.697363972663879 0.677588760852814 0.623847424983978 0.653788864612579 0.673076808452606 0.677225530147552
0.188613176345825 0.258003771305084 0.185376301407814 0.272487699985504 0.315256327390671 0.313580006361008 0.309220105409622 0.283655107021332 0.284038066864014 0.330256581306458 0.460308343172073 0.463814824819565 0.424631744623184 0.284918785095215 0.345491915941238 0.279321134090424 0.307607799768448 0.319519609212875 0.345244526863098 0.380187481641769 0.325176477432251 0.280550569295883 0.278381317853928 0.271438479423523 0.26606160402298 0.294219493865967 0.318330198526382 0.280134409666061 0.32062891125679 0.36163866519928 0.411820888519287 0.465790867805481 0.523951530456543 0.586276412010193 0.617978930473328 0.638904809951782 0.647264420986176 0.678984940052032 0.688851892948151 0.663464784622192 0.64256364107132 0.628170073032379 0.606980800628662 0.603174030780792 0.61499685049057
0.319842010736465 0.193990394473076 0.090943917632103 0.281103432178497 0.251263499259949 0.319445967674255 0.33979532122612 0.252675920724869 0.285182267427444 0.365296900272369 0.404537588357925 0.379895985126495 0.345291316509247 0.383896499872208 0.303750246763229 0.287987053394318 0.323997437953949 0.343704521656036 0.347077369689941 0.360012590885162 0.262926191091537 0.24781496822834 0.253152400255203 0.272588819265366 0.326857268810272 0.373404949903488 0.303989231586456 0.260866641998291 0.291456073522568 0.319100588560104 0.346888422966003 0.408781349658966 0.460572242736816 0.516337513923645 0.566352963447571 0.641091465950012 0.664752066135406 0.681615054607391 0.690763115882874 0.70066249370575 0.682660639286041 0.64902263879776 0.654968678951263 0.621196627616882 0.597453951835632
0.3211629986763 0.268418729305267 0.0889555290341377 0.261612623929977 0.249917343258858 0.387754768133163 0.330248087644577 0.293392151594162 0.33344578742981 0.367452770471573 0.24656468629837 0.307993859052658 0.326601356267929 0.343567609786987 0.294533014297485 0.326594233512878 0.332851767539978 0.345135033130646 0.33419468998909 0.285982757806778 0.248584017157555 0.235053569078445 0.266273707151413 0.286258310079575 0.299778252840042 0.391048103570938 0.272024601697922 0.213780745863914 0.244530528783798 0.273888736963272 0.314421594142914 0.352068603038788 0.401836425065994 0.460572242736816 0.526017725467682 0.58182829618454 0.660401225090027 0.668988049030304 0.670749247074127 0.693189978599548 0.687844574451447 0.675017356872559 0.672192275524139 0.651720225811005 0.615718364715576
0.0644465461373329 0.102125994861126 0.0788358673453331 0.328058332204819 0.359886676073074 0.364107757806778 0.29851496219635 0.382748335599899 0.383135080337524 0.428531587123871 0.230055838823318 0.285242795944214 0.26334136724472 0.235406294465065 0.307335436344147 0.357829004526138 0.334296882152557 0.285534977912903 0.241977959871292 0.252116024494171 0.231309697031975 0.267539232969284 0.403282523155212 0.307900667190552 0.236089035868645 0.238767758011818 0.175709217786789 0.189151003956795 0.213680937886238 0.248035356402397 0.275753200054169 0.310291767120361 0.352068603038788 0.404568731784821 0.463907659053802 0.552133977413177 0.635259449481964 0.65742027759552 0.670192778110504 0.67538720369339 0.681501865386963 0.666443169116974 0.663736283779144 0.647962391376495 0.603623151779175
0.0926501974463463 0.106422893702984 0.0752356350421906 0.215786695480347 0.399822264909744 0.363524824380875 0.204777017235756 0.334677040576935 0.335577249526978 0.291520714759827 0.223248705267906 0.3304343521595 0.275955975055695 0.179501980543137 0.328239500522614 0.370239943265915 0.266283482313156 0.187337517738342 0.220882371068001 0.281818777322769 0.238012552261353 0.404168009757996 0.375572443008423 0.195424497127533 0.151182144880295 0.134139627218246 0.150622084736824 0.170212104916573 0.191765710711479 0.222506001591682 0.247735396027565 0.269026637077332 0.316121518611908 0.351373702287674 0.415145188570023 0.503127932548523 0.59015154838562 0.610828995704651 0.624519109725952 0.67101663351059 0.676396906375885 0.657108068466187 0.614456176757812 0.610230684280396 0.583664059638977
0.0983414724469185 0.214770942926407 0.127849161624908 0.35554450750351 0.30140432715416 0.151750832796097 0.0745596364140511 0.23678907752037 0.222617030143738 0.216602295637131 0.289968132972717 0.393799483776093 0.296621590852737 0.154031738638878 0.355874359607697 0.376862466335297 0.209308236837387 0.177428185939789 0.270315080881119 0.306200385093689 0.245706886053085 0.405168354511261 0.213662728667259 0.139722540974617 0.149167850613594 0.14376737177372 0.178286880254745 0.184240266680717 0.246077552437782 0.209092617034912 0.211359336972237 0.269040197134018 0.296252489089966 0.331298023462296 0.385476320981979 0.454114943742752 0.553880393505096 0.629561185836792 0.62994909286499 0.604750454425812 0.617158770561218 0.610759973526001 0.597973704338074 0.586279809474945 0.58627188205719
0.114512383937836 0.28070068359375 0.08673345297575 0.257224500179291 0.213206857442856 0.176940754055977 0.158956497907639 0.19540748000145 0.214971616864204 0.217613890767097 0.407986491918564 0.367496460676193 0.355565249919891 0.145536452531815 0.317135035991669 0.328093588352203 0.168064922094345 0.194962993264198 0.349469602108002 0.366178214550018 0.277739614248276 0.131867617368698 0.291729927062988 0.233076199889183 0.15620656311512 0.171637445688248 0.224860072135925 0.218500152230263 0.251880884170532 0.233887359499931 0.205010488629341 0.244919657707214 0.322596400976181 0.289764612913132 0.342056721448898 0.40552681684494 0.494505375623703 0.581930994987488 0.621604979038239 0.617569744586945 0.597911298274994 0.593613624572754 0.571397364139557 0.568739235401154 0.55042976140976
0.131246089935303 0.15144008398056 0.0861337631940842 0.305859565734863 0.169729828834534 0.157659888267517 0.20867358148098 0.315179228782654 0.336268067359924 0.275429755449295 0.283006548881531 0.251975655555725 0.355064153671265 0.118592865765095 0.276933550834656 0.276648312807083 0.177593111991882 0.190962582826614 0.346183478832245 0.278474658727646 0.169023066759109 0.277412533760071 0.453025072813034 0.281818777322769 0.184258311986923 0.194775953888893 0.21887494623661 0.250772088766098 0.218603417277336 0.184549704194069 0.190213397145271 0.264890223741531 0.359594285488129 0.342077940702438 0.324373632669449 0.419848024845123 0.42041677236557 0.515774607658386 0.606013715267181 0.614039242267609 0.63102912902832 0.640639305114746 0.625431060791016 0.615244626998901 0.603919863700867
0.107081688940525 0.0748872831463814 0.0834621265530586 0.259389162063599 0.217390209436417 0.152513787150383 0.206202402710915 0.378819495439529 0.264180839061737 0.287635296583176 0.402688384056091 0.283765077590942 0.266179591417313 0.1504877358675 0.316326558589935 0.238047644495964 0.15977568924427 0.162255063652992 0.180068165063858 0.174632608890533 0.255562901496887 0.45352178812027 0.467021286487579 0.267565727233887 0.19522862136364 0.177267462015152 0.205391481518745 0.231862112879753 0.224380731582642 0.219628721475601 0.184356018900871 0.21684330701828 0.310291171073914 0.33992525935173 0.310859084129333 0.359962821006775 0.384644955396652 0.466548591852188 0.555655241012573 0.633484840393066 0.601665079593658 0.607468903064728 0.582239210605621 0.580817997455597 0.566726326942444
0.185625150799751 0.0658286139369011 0.0470591448247433 0.204245254397392 0.358298122882843 0.381275951862335 0.275221228599548 0.221878111362457 0.293369293212891 0.310638576745987 0.263580828905106 0.18895161151886 0.181348294019699 0.159997150301933 0.244945406913757 0.296031564474106 0.150254279375076 0.138682693243027 0.157182633876801 0.162664905190468 0.406802415847778 0.534296452999115 0.555548846721649 0.502635180950165 0.431413859128952 0.266773611307144 0.204319313168526 0.231113195419312 0.252001643180847 0.246716216206551 0.222107455134392 0.264021575450897 0.30379194021225 0.291122019290924 0.285368293523788 0.296252489089966 0.318929940462112 0.470610052347183 0.586995184421539 0.629392683506012 0.628810107707977 0.59749698638916 0.605358421802521 0.613089859485626 0.608636975288391
0.445875138044357 0.102644115686417 0.245528519153595 0.158162415027618 0.463427305221558 0.460918933153152 0.426496356725693 0.263975203037262 0.166729167103767 0.127969339489937 0.162512257695198 0.343263149261475 0.261834323406219 0.156021863222122 0.175418689846992 0.20373597741127 0.112867787480354 0.149066597223282 0.147822722792625 0.139654368162155 0.260047972202301 0.321477681398392 0.509003520011902 0.528778433799744 0.497440278530121 0.3325375020504 0.250794380903244 0.28259351849556 0.246643126010895 0.255272597074509 0.285635441541672 0.295339286327362 0.280431658029556 0.291311740875244 0.294759422540665 0.297638922929764 0.384286016225815 0.461359858512878 0.580230295658112 0.639268398284912 0.605816602706909 0.600168645381927 0.612758159637451 0.650861978530884 0.649064362049103
0.25625866651535 0.0892966613173485 0.205689445137978 0.20068596303463 0.224365174770355 0.426692247390747 0.425396800041199 0.357937514781952 0.257080912590027 0.218954712152481 0.280245393514633 0.356834799051285 0.200698390603065 0.177966371178627 0.189343735575676 0.175508633255959 0.127765282988548 0.122729860246181 0.140503466129303 0.157170191407204 0.222707882523537 0.226491391658783 0.305524796247482 0.353805899620056 0.37964278459549 0.333032727241516 0.297719985246658 0.282258003950119 0.260704278945923 0.285906583070755 0.32709538936615 0.434394985437393 0.407828599214554 0.371622443199158 0.414157509803772 0.427926182746887 0.455932199954987 0.5191290974617 0.581111013889313 0.628412961959839 0.639443218708038 0.595532655715942 0.644749820232391 0.656977713108063 0.644436419010162
