data/climate_estimation/maxent_output/Veratrum_californicum.asc
NCOLS 243 
NROWS 266 
XLLCORNER -124.666666666667 
YLLCORNER 27.3333333333333 
CELLSIZE 0.0833333333333333 
NODATA_value -3.4e+38 
[rows 100 to 119 of 266, columns 44 to 87 of 243]
0.409312129020691 0.460262358188629 0.59025377035141 0.64086526632309 0.670574307441711 0.693632185459137 0.654297292232513 0.503452301025391 0.694288969039917 0.751182854175568 0.739800572395325 0.485903769731522 0.267208606004715 0.147481739521027 0.416077554225922 0.486808121204376 0.25648108124733 0.180679500102997 0.440523087978363 0.243832036852837 0.310218244791031 0.248336091637611 0.00287832808680832 0.00194157694932073 0.00428281724452972 0.00147260818630457 0.00134170474484563 0.00120309379417449 0.00352903595194221 0.060024805366993 0.00301312911324203 0.00213137362152338 0.0020836831536144 0.00183753203600645 0.00233576656319201 0.00711255287751555 0.00705911824479699 0.00252655753865838 0.00949794892221689 0.00748075870797038 0.0033863284625113 0.00380851421505213 0.0163814835250378 0.107836604118347
0.679579436779022 0.568214774131775 0.698452770709991 0.558198094367981 0.594012856483459 0.583119511604309 0.528615295886993 0.658718526363373 0.65697306394577 0.675651907920837 0.675392687320709 0.476377785205841 0.176499724388123 0.0580375790596008 0.112686544656754 0.146978691220284 0.268016159534454 0.606553435325623 0.311421811580658 0.081076979637146 0.0658839643001556 0.147170826792717 0.00234003434889019 0.00176937447395176 0.00618526246398687 0.00126120634377003 0.00116345111746341 0.00160290382336825 0.00887824222445488 0.039638914167881 0.00754190236330032 0.00299394689500332 0.00225889519788325 0.00167112948838621 0.00245522777549922 0.0057625905610621 0.00385087914764881 0.00369202764704823 0.0149185415357351 0.00342888222075999 0.00297582289204001 0.00267760478891432 0.010536746121943 0.0102845849469304
0.674037575721741 0.716882824897766 0.707049965858459 0.698207020759583 0.608810663223267 0.427918195724487 0.6353879570961 0.69217175245285 0.532961964607239 0.445933550596237 0.567063689231873 0.651999592781067 0.365315616130829 0.155772626399994 0.0603321306407452 0.062221996486187 0.209000959992409 0.385919451713562 0.158284112811089 0.00874713715165854 0.00546823581680655 0.0165229812264442 0.00162390084005892 0.00142292259261012 0.0016516795149073 0.00103864108677953 0.00106993014924228 0.00146965414751321 0.00423559779301286 0.00749756582081318 0.00922515988349915 0.0016479711048305 0.00157276296522468 0.001673478865996 0.00325182266533375 0.00535895908251405 0.00266055669635534 0.00276726996526122 0.00349143682979047 0.00489718606695533 0.0527092479169369 0.00659374706447124 0.00397813133895397 0.00638090167194605
0.591146886348724 0.727019488811493 0.655782759189606 0.528910100460052 0.488919854164124 0.404257357120514 0.362116932868958 0.339241325855255 0.251885026693344 0.252090603113174 0.379893153905869 0.563554465770721 0.619522333145142 0.462741523981094 0.126442894339561 0.268060386180878 0.195474982261658 0.0768357887864113 0.331801950931549 0.0111053306609392 0.0029525316786021 0.00204633292742074 0.00153293553739786 0.00138005195185542 0.00119034061208367 0.00126010878011584 0.00124893919564784 0.0023364620283246 0.00529802590608597 0.00656281225383282 0.00357817835174501 0.00131275318562984 0.00160148274153471 0.008892429061234 0.00848419964313507 0.00182021141517907 0.00247150496579707 0.00404761312529445 0.00216114707291126 0.0299816410988569 0.622103273868561 0.0565645322203636 0.0126701770350337 0.0077969622798264
0.763047575950623 0.766231179237366 0.724851012229919 0.586958944797516 0.674424767494202 0.599846303462982 0.580034196376801 0.354099273681641 0.354781627655029 0.49310290813446 0.459401458501816 0.363664269447327 0.322530001401901 0.180540442466736 0.128072842955589 0.289295852184296 0.225866764783859 0.0197569280862808 0.224379658699036 0.0842636898159981 0.00328987441025674 0.00198540324345231 0.00153744127601385 0.00223720842041075 0.0021907277405262 0.00207948219031096 0.00202024425379932 0.00853047613054514 0.0147420763969421 0.0239617619663477 0.0137655008584261 0.00190892978571355 0.00275496207177639 0.0489164851605892 0.00748156569898129 0.00159859214909375 0.0125197442248464 0.0603196248412132 0.00234798504970968 0.00843367539346218 0.241390213370323 0.191295757889748 0.00723018543794751 0.00745630031451583
0.776524841785431 0.746085166931152 0.656744360923767 0.488736093044281 0.727569401264191 0.560294032096863 0.492452412843704 0.415017038583755 0.434021800756454 0.671801686286926 0.209259361028671 0.284143358469009 0.283816039562225 0.100595630705357 0.0526088401675224 0.195752829313278 0.0779280811548233 0.00501088472083211 0.00504751829430461 0.0173116680234671 0.00303005147725344 0.00344904814846814 0.00632685050368309 0.0136967655271292 0.00587745988741517 0.0082426629960537 0.00792066752910614 0.00545975146815181 0.00787263363599777 0.0410054996609688 0.0116695975884795 0.00176120747346431 0.00129612034652382 0.00216034078039229 0.00135403720196337 0.00169052602723241 0.00442712334915996 0.0373993255198002 0.00400472106412053 0.00252755172550678 0.0445234850049019 0.0370272360742092 0.00944848731160164 0.0383442863821983
0.797392785549164 0.777924180030823 0.522640943527222 0.503805875778198 0.624942719936371 0.531155228614807 0.331183850765228 0.431403011083603 0.264332324266434 0.242358908057213 0.239687517285347 0.148721754550934 0.0678941830992699 0.0937271267175674 0.0132698016241193 0.0108611946925521 0.00686448765918612 0.00387911754660308 0.00428898632526398 0.00300860963761806 0.012138806283474 0.00984553340822458 0.0171076506376266 0.017270227894187 0.0298776179552078 0.00644053379073739 0.0180085077881813 0.0106931598857045 0.007603595033288 0.0227161832153797 0.0227258466184139 0.00184118770994246 0.00120755541138351 0.00315315322950482 0.00681173242628574 0.0022303219884634 0.00495688803493977 0.0654440000653267 0.00753309763967991 0.00237700599245727 0.00807229615747929 0.0199304111301899 0.0712855234742165 0.0201733894646168
0.817821800708771 0.795206189155579 0.633790612220764 0.741907358169556 0.403908640146255 0.466465830802917 0.232483774423599 0.164111107587814 0.109240420162678 0.104684174060822 0.200225010514259 0.110054425895214 0.0695399791002274 0.0365028046071529 0.0100537063553929 0.00735402526333928 0.00640685390681028 0.0295908488333225 0.00469792122021317 0.00381296896375716 0.0236203465610743 0.0129279242828488 0.00875991862267256 0.0138475736603141 0.0329036265611649 0.0165405068546534 0.153793230652809 0.0149773377925158 0.00894191674888134 0.00827411375939846 0.00477655930444598 0.00203307718038559 0.00169035699218512 0.193576604127884 0.085001714527607 0.00221318053081632 0.0335738994181156 0.133379548788071 0.0224695727229118 0.0118789868429303 0.0046197259798646 0.026572996750474 0.274637043476105 0.00957193039357662
0.820173144340515 0.806317806243896 0.808108687400818 0.617234230041504 0.44333153963089 0.336440831422806 0.143241986632347 0.297541350126266 0.151474580168724 0.112584434449673 0.17428269982338 0.198369428515434 0.236039578914642 0.0254363212734461 0.00953452941030264 0.0068112276494503 0.0179682653397322 0.101548440754414 0.00500926561653614 0.0069927554577589 0.048802450299263 0.013897430151701 0.0048034624196589 0.00426809070631862 0.00447719544172287 0.0096316821873188 0.0237047094851732 0.00261124735698104 0.00350043270736933 0.0117989415302873 0.00795181188732386 0.00287294504232705 0.00172805518377572 0.172220781445503 0.0213650446385145 0.0013311937218532 0.00179024564567953 0.00981541350483894 0.149501547217369 0.0275888033211231 0.00471563823521137 0.0478297956287861 0.0981395095586777 0.00277026672847569
0.801892876625061 0.801546812057495 0.596209704875946 0.46310555934906 0.164916962385178 0.115713112056255 0.0968205407261848 0.102184005081654 0.072842113673687 0.119701109826565 0.577165186405182 0.390474319458008 0.203673362731934 0.0444925613701344 0.0113661121577024 0.00820375978946686 0.132488146424294 0.0824514850974083 0.0046819462440908 0.00709215877577662 0.0414165370166302 0.00873425602912903 0.00359889608807862 0.00594807928428054 0.00343964784406126 0.00199169362895191 0.00189454201608896 0.00282026687636971 0.0145976468920708 0.0745938569307327 0.00762680824846029 0.00197688862681389 0.00140318914782256 0.159206911921501 0.021465728059411 0.00093248498160392 0.000687404710333794 0.0016537377377972 0.0885848328471184 0.00663778278976679 0.0023449722211808 0.341892421245575 0.0179738085716963 0.00211004330776632
0.720715403556824 0.841798663139343 0.839865684509277 0.826761484146118 0.794193387031555 0.390500158071518 0.101894617080688 0.0723175182938576 0.0617188103497028 0.0561356507241726 0.0995046719908714 0.0861241742968559 0.101005390286446 0.0485856495797634 0.0155058242380619 0.0113935368135571 0.0118661178275943 0.0228265449404716 0.0165243465453386 0.00709995254874229 0.00327452924102545 0.00569801637902856 0.00611857138574123 0.00988238397985697 0.000890133145730942 0.000869300332851708 0.00337812677025795 0.0128522142767906 0.0132578713819385 0.0100000323727727 0.00151942460797727 0.00124227837659419 0.00409330148249865 0.0236843414604664 0.0434479154646397 0.00100249645765871 0.000581269094254822 0.00268655456602573 0.110622175037861 0.00539062079042196 0.00833273585885763 0.0378781259059906 0.00590942753478885 0.00675687892362475
0.772757411003113 0.760847330093384 0.652388036251068 0.826539516448975 0.706539690494537 0.770994365215302 0.53721809387207 0.0882841423153877 0.0687368363142014 0.0552897937595844 0.0500020533800125 0.0403452515602112 0.0319824181497097 0.0398308038711548 0.022720493376255 0.02044921182096 0.00696554919704795 0.00594623619690537 0.178637593984604 0.00409314362332225 0.00299106840975583 0.0343244820833206 0.0455136448144913 0.0124461222440004 0.000903950131032616 0.000955829862505198 0.00479994155466557 0.0371478460729122 0.00333847478032112 0.00106897088699043 0.00084769690874964 0.00248299306258559 0.0106053594499826 0.00539223104715347 0.0604760050773621 0.000906437519006431 0.000510297773871571 0.00124232459347695 0.0114907817915082 0.000784283271059394 0.00559019111096859 0.00195291521959007 0.00869422126561403 0.184178799390793
0.439190983772278 0.168588131666183 0.355101555585861 0.840947270393372 0.720340490341187 0.697450041770935 0.730697989463806 0.5968217253685 0.433214515447617 0.0927438139915466 0.0630325451493263 0.0468698628246784 0.0331008359789848 0.0307990685105324 0.0772064179182053 0.0118356291204691 0.00568682746961713 0.00402764417231083 0.107351377606392 0.00400792341679335 0.00549907796084881 0.0343596488237381 0.0386152788996696 0.00396135402843356 0.000975475762970746 0.00112296012230217 0.00788562931120396 0.0108390571549535 0.0013789861695841 0.000745725352317095 0.000621064507868141 0.00243764836341143 0.00244908221065998 0.00107818748801947 0.00110154377762228 0.000555135833565146 0.000606589193921536 0.00392575049772859 0.00600720383226871 0.000503983930684626 0.000267419294686988 0.000421229604398832 0.0201974678784609 0.0919795259833336
0.335385531187057 0.756112635135651 0.657274603843689 0.469728767871857 0.778585493564606 0.767969191074371 0.759191334247589 0.772314786911011 0.765991628170013 0.646857023239136 0.120082445442677 0.316017389297485 0.321712136268616 0.376856803894043 0.684816777706146 0.185158222913742 0.00706330686807632 0.00407845387235284 0.0196460075676441 0.00293687568046153 0.00454766256734729 0.0296195112168789 0.0190456360578537 0.00684195524081588 0.00133320968598127 0.00114279077388346 0.00679952884092927 0.00256437202915549 0.000533413433004171 0.000449498125817627 0.000799714354798198 0.00287484028376639 0.00070987141225487 0.000620803912170231 0.000893637305125594 0.00196064356714487 0.0223413351923227 0.026131508871913 0.000274793012067676 0.000120452830742579 0.000239200599025935 0.0246085748076439 0.0047912965528667 0.00317772408016026
0.243243634700775 0.269910991191864 0.840118646621704 0.857236444950104 0.8576899766922 0.822867453098297 0.747658014297485 0.765556156635284 0.815592527389526 0.709612190723419 0.691132426261902 0.14927439391613 0.177927643060684 0.274326026439667 0.379336178302765 0.631402373313904 0.0160347688943148 0.00408471515402198 0.00748851057142019 0.00299866311252117 0.00275066820904613 0.012146488763392 0.00680652167648077 0.00304086110554636 0.00294184987433255 0.00200724531896412 0.00157403049524873 0.000737726513762027 0.000533072918187827 0.000723070930689573 0.000668892927933484 0.000422631565015763 0.000434585177572444 0.000523795722983778 0.00303983991034329 0.0437802486121655 0.00406431872397661 0.000252352387178689 0.000106584266177379 0.000166892496054061 0.000557304883841425 0.0144984358921647 0.00327903404831886 0.00326444371603429
0.827027976512909 0.677679002285004 0.589822769165039 0.664949297904968 0.857616543769836 0.846257865428925 0.811715424060822 0.730160474777222 0.781839609146118 0.611715376377106 0.648227095603943 0.269814252853394 0.272189021110535 0.247288942337036 0.330707579851151 0.0297447610646486 0.0200251098722219 0.0166100300848484 0.00353523134253919 0.0022467824164778 0.00384628959000111 0.00745148304849863 0.00496667809784412 0.00151814380660653 0.00201863422989845 0.000889096641913056 0.000528096919879317 0.000622917956206948 0.000705184647813439 0.000438076735008508 0.000490696693304926 0.000408566324040294 0.000417498871684074 0.00127045041881502 0.051977414637804 0.00544954743236303 0.000110166678496171 9.68315725913271e-05 0.000145034500746988 0.000422273558797315 0.00112663547042757 0.00203943927772343 0.00563418865203857 0.00502783292904496
0.850295901298523 0.871505618095398 0.852154970169067 0.824036180973053 0.702764332294464 0.67164272069931 0.699503064155579 0.496134400367737 0.392708867788315 0.376713663339615 0.413502246141434 0.305342257022858 0.661322891712189 0.441196262836456 0.183010801672935 0.0255775451660156 0.0167394522577524 0.14500792324543 0.357769191265106 0.00379261188209057 0.00332485465332866 0.0117715951055288 0.010168875567615 0.000871993601322174 0.00158707390073687 0.00101606850512326 0.000613963347859681 0.000524502771440893 0.000504136143717915 0.000468492624349892 0.00044926765258424 0.000389269291190431 0.000418356095906347 0.0113572813570499 0.0020979221444577 0.00015135298599489 9.37849908950739e-05 0.000157918169861659 0.00118621822912246 0.0125316986814141 0.0129560483619571 0.0329319350421429 0.0131986560299993 0.00751486513763666
0.858600497245789 0.865660846233368 0.879990696907043 0.88180947303772 0.860304772853851 0.787851870059967 0.739060521125793 0.544951140880585 0.448606073856354 0.541354358196259 0.767479956150055 0.443824052810669 0.477120488882065 0.267554193735123 0.133891046047211 0.0420120507478714 0.0607462227344513 0.0439667440950871 0.515205383300781 0.00864448305219412 0.00264117587357759 0.00919899437576532 0.00203043641522527 0.000960240780841559 0.00110598502214998 0.000678090087603778 0.000593222153838724 0.000568178133107722 0.000533700978849083 0.000486650242237374 0.000473039282951504 0.000379630946554244 0.00131028483156115 0.00799525529146194 0.0001525384868728 0.000105997241917066 0.00018368850578554 0.00207732315175235 0.115126013755798 0.0935411378741264 0.00592411682009697 0.00882834009826183 0.0929714515805244 0.0251306351274252
0.815853238105774 0.868913590908051 0.754705905914307 0.878745019435883 0.872210204601288 0.874080538749695 0.848515570163727 0.654527187347412 0.828648030757904 0.771618664264679 0.847626388072968 0.658307790756226 0.594652652740479 0.27081099152565 0.119729660451412 0.0210416298359632 0.0691495835781097 0.149321004748344 0.135191380977631 0.00455215247347951 0.00162611564155668 0.00102306890767068 0.000525110401213169 0.0011108658509329 0.000529438897501677 0.000538606022018939 0.000627152156084776 0.000635292264632881 0.00055526162032038 0.000536323699634522 0.000419249729020521 0.000440096599049866 0.00530080171301961 0.0166319794952869 0.000138293748022988 0.000240286855841987 0.0268090460449457 0.132872477173805 0.117150165140629 0.00507774762809277 0.00377736683003604 0.0217657648026943 0.337993294000626 0.113066770136356
0.607085645198822 0.620635211467743 0.700979292392731 0.858186841011047 0.864488780498505 0.877167999744415 0.87499076128006 0.852100908756256 0.847422659397125 0.8521968126297 0.83961421251297 0.764631688594818 0.575054347515106 0.261368274688721 0.0398595035076141 0.0204023029655218 0.0245197862386703 0.0171419624239206 0.00635712267830968 0.0329421795904636 0.00469344574958086 0.00167026009876281 0.000838365405797958 0.000374427938368171 0.000469895574497059 0.000607572728767991 0.000745945610105991 0.00077440490713343 0.000628515845164657 0.000558044645003974 0.000572408724110574 0.00355497281998396 0.152997002005577 0.00754531985148787 0.000235271727433428 0.00104667199775577 0.281892865896225 0.253620088100433 0.00655485084280372 0.00476632639765739 0.0250806137919426 0.0681388154625893 0.0719554871320724 0.130583927035332
