data/climate_estimation/maxent_output/Veratrum_virginicum.asc
NCOLS 305 
NROWS 182 
XLLCORNER -96.1666666666667 
YLLCORNER 27.6666666666667 
CELLSIZE 0.0833333333333333 
NODATA_value -3.4e+38 
[rows 105 to 125 of 182, columns 94 to 140 of 305]
0.676894724369049 0.682690739631653 0.738623142242432 0.737259328365326 0.745156824588776 0.745057940483093 0.744425415992737 0.744013845920563 0.734906733036041 0.772930204868317 0.772852659225464 0.761834621429443 0.770459353923798 0.765442311763763 0.771735072135925 0.76930046081543 0.770348012447357 0.763291239738464 0.720779478549957 0.716746687889099 0.707581043243408 0.703209280967712 0.692008435726166 0.670353353023529 0.656100213527679 0.655921220779419 0.634677886962891 0.633725345134735 0.650064468383789 0.638959050178528 0.672838807106018 0.664259254932404 0.720560371875763 0.70426732301712 0.669029355049133 0.720944464206696 0.72458678483963 0.712668776512146 0.69421124458313 0.701078593730927 0.678523600101471 0.71789276599884 0.724572896957397 0.716970860958099 0.756913244724274 0.758593440055847 0.788098812103271
0.674364149570465 0.684711575508118 0.685274183750153 0.737977266311646 0.746847033500671 0.746196508407593 0.747485458850861 0.747523784637451 0.744381904602051 0.742199778556824 0.742516815662384 0.737016141414642 0.729272305965424 0.724010705947876 0.735713243484497 0.728628098964691 0.767015159130096 0.718598544597626 0.713222444057465 0.748766005039215 0.709630966186523 0.714758694171906 0.684680581092834 0.654715776443481 0.640286386013031 0.63174444437027 0.659307658672333 0.657619059085846 0.661566376686096 0.664841949939728 0.6608607172966 0.667013466358185 0.711232304573059 0.704946160316467 0.673253178596497 0.712206721305847 0.725882768630981 0.713703095912933 0.689077317714691 0.669889450073242 0.703362584114075 0.721901178359985 0.712588548660278 0.701787531375885 0.762701213359833 0.793974161148071 0.754053831100464
0.672248303890228 0.675348818302155 0.686961710453033 0.7418412566185 0.746459484100342 0.746645152568817 0.749682545661926 0.747078001499176 0.75130969285965 0.748599886894226 0.744349420070648 0.742963671684265 0.740836977958679 0.736801147460938 0.733887135982513 0.729339241981506 0.716934323310852 0.719431161880493 0.715698778629303 0.707582294940948 0.711828529834747 0.702142834663391 0.666002631187439 0.668622136116028 0.668191850185394 0.660783648490906 0.659050822257996 0.660006880760193 0.66436231136322 0.666089236736298 0.713867783546448 0.693976283073425 0.669992983341217 0.674100339412689 0.665720224380493 0.691197991371155 0.698853135108948 0.68244731426239 0.713918924331665 0.701473653316498 0.696844935417175 0.713893294334412 0.709744989871979 0.725684404373169 0.711151778697968 0.764577329158783 0.775234222412109
0.666809141635895 0.672098994255066 0.683442950248718 0.690042436122894 0.7029088139534 0.699402034282684 0.704311668872833 0.71013879776001 0.752667903900146 0.753062307834625 0.750619053840637 0.744933009147644 0.74212235212326 0.736489295959473 0.688098132610321 0.72807765007019 0.724812924861908 0.715913832187653 0.703025579452515 0.705315172672272 0.703435301780701 0.686818599700928 0.699102103710175 0.713318288326263 0.666428327560425 0.664946317672729 0.665307939052582 0.660970449447632 0.661505043506622 0.665640950202942 0.715982496738434 0.686880648136139 0.684278249740601 0.650288760662079 0.711919188499451 0.711968779563904 0.705010652542114 0.686984419822693 0.705615341663361 0.701394319534302 0.703768253326416 0.715104579925537 0.718272686004639 0.714119791984558 0.715449869632721 0.722553074359894 0.774936616420746
0.636926114559174 0.637014329433441 0.67581307888031 0.683756828308105 0.692210674285889 0.69116085767746 0.68835186958313 0.702596366405487 0.748515427112579 0.753260910511017 0.750858068466187 0.742597222328186 0.69974148273468 0.743001043796539 0.685041785240173 0.72590035200119 0.714934289455414 0.709679007530212 0.706016182899475 0.705061972141266 0.743978977203369 0.730189800262451 0.715318441390991 0.716610610485077 0.671089768409729 0.665533661842346 0.657970607280731 0.661804497241974 0.667613625526428 0.713084876537323 0.690777003765106 0.69172877073288 0.68584942817688 0.6823650598526 0.683382153511047 0.731656312942505 0.700783729553223 0.680513203144073 0.69928240776062 0.71881502866745 0.71053421497345 0.705347061157227 0.656617760658264 0.712467432022095 0.730854034423828 0.726205766201019 0.768143236637115
0.628119826316833 0.636360287666321 0.64401513338089 0.677014350891113 0.683363735675812 0.695167362689972 0.691397666931152 0.695993483066559 0.698269426822662 0.752350091934204 0.752488732337952 0.745348334312439 0.74463015794754 0.734325766563416 0.727542877197266 0.718591094017029 0.714069306850433 0.745861232280731 0.743092238903046 0.750572025775909 0.752867043018341 0.718886375427246 0.718396842479706 0.721284031867981 0.665996670722961 0.65729022026062 0.658754467964172 0.710735261440277 0.671077251434326 0.704163670539856 0.72232049703598 0.681864857673645 0.707834482192993 0.710698306560516 0.702019572257996 0.716827511787415 0.696675598621368 0.698694050312042 0.691120207309723 0.681618273258209 0.701259851455688 0.703351855278015 0.685894370079041 0.691863715648651 0.727926552295685 0.767332017421722 0.762536823749542
0.622184097766876 0.633826076984406 0.640442430973053 0.673526406288147 0.682011187076569 0.691713392734528 0.68283998966217 0.69359427690506 0.691224217414856 0.741406321525574 0.751339256763458 0.74508661031723 0.738187670707703 0.727423906326294 0.727865695953369 0.764457285404205 0.758442759513855 0.783577859401703 0.778593480587006 0.750019609928131 0.752903819084167 0.719986617565155 0.718040883541107 0.715527951717377 0.663803160190582 0.663576185703278 0.664362728595734 0.65994268655777 0.670886337757111 0.677702367305756 0.700565993785858 0.697011888027191 0.675751507282257 0.690695405006409 0.664832949638367 0.69286721944809 0.731683552265167 0.71898889541626 0.709870100021362 0.688975393772125 0.686881124973297 0.694365680217743 0.693341434001923 0.674120783805847 0.713454127311707 0.769576668739319 0.77346795797348
0.626786708831787 0.638368785381317 0.637773752212524 0.644258141517639 0.64678543806076 0.681820154190063 0.675240814685822 0.679292380809784 0.679507493972778 0.732672154903412 0.742473661899567 0.739912569522858 0.737641096115112 0.730189681053162 0.722180008888245 0.762911736965179 0.752257227897644 0.786110401153564 0.788738071918488 0.783363223075867 0.754871368408203 0.722678244113922 0.70876157283783 0.660646140575409 0.662272095680237 0.676633477210999 0.680419325828552 0.678861081600189 0.683814764022827 0.636083900928497 0.605605602264404 0.626144707202911 0.666606068611145 0.685450553894043 0.6965092420578 0.713410794734955 0.692015528678894 0.674460172653198 0.70211786031723 0.720119893550873 0.718905746936798 0.708981156349182 0.68545126914978 0.673019707202911 0.772035241127014 0.770308494567871 0.776402294635773
0.619494557380676 0.631713151931763 0.629990637302399 0.6358642578125 0.641542136669159 0.67166656255722 0.665655195713043 0.674209356307983 0.672175347805023 0.721781194210052 0.735199749469757 0.733123481273651 0.734856963157654 0.773957192897797 0.769648730754852 0.757428884506226 0.751925647258759 0.795297980308533 0.735267877578735 0.752626061439514 0.758170664310455 0.707213342189789 0.707734882831573 0.661030769348145 0.670035779476166 0.679985702037811 0.683466017246246 0.68803209066391 0.673305988311768 0.625502824783325 0.584586441516876 0.625543057918549 0.656729698181152 0.670190334320068 0.68047046661377 0.705403685569763 0.673561811447144 0.695823550224304 0.704417765140533 0.699993789196014 0.674915552139282 0.714928150177002 0.689738869667053 0.683785378932953 0.741947293281555 0.747483372688293 0.735338807106018
0.604476690292358 0.628202497959137 0.634428858757019 0.630826830863953 0.635941445827484 0.666021049022675 0.659865736961365 0.662447333335876 0.664909899234772 0.712792992591858 0.719164848327637 0.765464425086975 0.772132039070129 0.768083274364471 0.767471730709076 0.762461066246033 0.75758558511734 0.742461085319519 0.747922658920288 0.754682898521423 0.704744875431061 0.7028728723526 0.66294264793396 0.66871041059494 0.669874370098114 0.686356008052826 0.678840577602386 0.659623384475708 0.637095510959625 0.570005238056183 0.596373021602631 0.626499354839325 0.677883207798004 0.683215260505676 0.681136429309845 0.695677816867828 0.692760527133942 0.723697125911713 0.675951540470123 0.708180546760559 0.702934861183167 0.68956732749939 0.659202337265015 0.705881297588348 0.743400633335114 0.749557733535767 0.746422946453094
0.597260355949402 0.624033987522125 0.628842294216156 0.630342364311218 0.633629024028778 0.659492313861847 0.655219197273254 0.653275787830353 0.640207827091217 0.649883210659027 0.707885026931763 0.756999313831329 0.758845388889313 0.766391158103943 0.764665007591248 0.714670956134796 0.713607549667358 0.716671407222748 0.713412046432495 0.712231695652008 0.712191760540009 0.66251266002655 0.660649478435516 0.688315749168396 0.687869071960449 0.692947030067444 0.665523767471313 0.670900821685791 0.629481136798859 0.614327013492584 0.614273607730865 0.637010931968689 0.67538046836853 0.689468264579773 0.689087092876434 0.693379998207092 0.687404751777649 0.681398928165436 0.674149513244629 0.667400300502777 0.664756000041962 0.688993990421295 0.680150210857391 0.716572940349579 0.731332898139954 0.768909990787506 0.765331506729126
0.605158030986786 0.611073017120361 0.625332176685333 0.634665429592133 0.625388741493225 0.625802278518677 0.651844680309296 0.645705223083496 0.634375393390656 0.696998655796051 0.703539311885834 0.746383786201477 0.754688799381256 0.757262408733368 0.763150095939636 0.718007445335388 0.723472714424133 0.674202919006348 0.665346682071686 0.669614613056183 0.668350219726562 0.665869534015656 0.669043004512787 0.681561946868896 0.689182698726654 0.663707673549652 0.641358613967896 0.645791828632355 0.655048727989197 0.663730382919312 0.640370845794678 0.628939390182495 0.661183774471283 0.670867085456848 0.66565203666687 0.66284191608429 0.644847631454468 0.645495414733887 0.639546394348145 0.664407432079315 0.6626797914505 0.660257875919342 0.69064724445343 0.735829830169678 0.732790768146515 0.734799385070801 0.724842429161072
0.621020197868347 0.616019904613495 0.608694553375244 0.62157130241394 0.630459427833557 0.65949285030365 0.647894263267517 0.638789296150208 0.63647872209549 0.692591071128845 0.691786885261536 0.742965340614319 0.749240756034851 0.748784422874451 0.752506911754608 0.706707000732422 0.665975630283356 0.670704126358032 0.675087332725525 0.670807242393494 0.666170537471771 0.661103546619415 0.672790288925171 0.686336815357208 0.678402781486511 0.639992117881775 0.649224758148193 0.66306859254837 0.687961995601654 0.687213599681854 0.66530430316925 0.667685329914093 0.673787117004395 0.668109893798828 0.661684691905975 0.655902206897736 0.644495725631714 0.634055912494659 0.634251058101654 0.63682234287262 0.660344541072845 0.655462741851807 0.65412425994873 0.704371571540833 0.745132684707642 0.741647064685822 0.73626846075058
0.616809189319611 0.616345167160034 0.618840634822845 0.625435709953308 0.62859582901001 0.653663098812103 0.643623948097229 0.63120698928833 0.639925241470337 0.698512434959412 0.748221814632416 0.745374858379364 0.780915081501007 0.740642726421356 0.737978875637054 0.704928398132324 0.711034893989563 0.670293629169464 0.675997316837311 0.666178226470947 0.664463698863983 0.658687174320221 0.668038904666901 0.68092542886734 0.67553299665451 0.680840015411377 0.675218999385834 0.672050654888153 0.678304016590118 0.662958085536957 0.663378059864044 0.666063368320465 0.666557550430298 0.666696190834045 0.660616815090179 0.656906962394714 0.638823091983795 0.628035068511963 0.62493759393692 0.629869222640991 0.629932403564453 0.626545011997223 0.704084753990173 0.706724584102631 0.70087593793869 0.739893794059753 0.735874593257904
0.619870722293854 0.619710505008698 0.615670204162598 0.621705770492554 0.620578229427338 0.622618019580841 0.607757747173309 0.637640476226807 0.695327520370483 0.691435277462006 0.697292745113373 0.746253669261932 0.776694416999817 0.728167951107025 0.740376710891724 0.712356805801392 0.67054682970047 0.67125278711319 0.641629278659821 0.639090478420258 0.692420423030853 0.663908243179321 0.659881711006165 0.672555029392242 0.678860247135162 0.679059088230133 0.665112137794495 0.642300724983215 0.655674576759338 0.663435816764832 0.65434330701828 0.653258204460144 0.657576084136963 0.651073157787323 0.652464926242828 0.644169330596924 0.632005870342255 0.621168375015259 0.616835594177246 0.619803369045258 0.621086359024048 0.621598720550537 0.700168907642365 0.682846307754517 0.700217366218567 0.736315250396729 0.682838201522827
0.624284744262695 0.623818635940552 0.619783401489258 0.618562281131744 0.623784124851227 0.614055573940277 0.611840903759003 0.644375085830688 0.639764130115509 0.687318563461304 0.698585271835327 0.738439202308655 0.734371244907379 0.738401651382446 0.702036082744598 0.661056041717529 0.668422698974609 0.632045865058899 0.636999607086182 0.638943672180176 0.690764665603638 0.636738479137421 0.634175539016724 0.643499135971069 0.678461909294128 0.654430091381073 0.637773275375366 0.656651973724365 0.656839728355408 0.658162176609039 0.64958381652832 0.638447821140289 0.644652128219604 0.645954728126526 0.647463500499725 0.640784859657288 0.627737522125244 0.608193099498749 0.602244973182678 0.609491169452667 0.61255943775177 0.666101157665253 0.691747009754181 0.691082775592804 0.686464846134186 0.677001357078552 0.660931348800659
0.629726111888885 0.628421247005463 0.622600674629211 0.621374070644379 0.625380754470825 0.615109741687775 0.614162862300873 0.640915811061859 0.640939652919769 0.645998418331146 0.694327533245087 0.700413644313812 0.646270096302032 0.643195688724518 0.65516984462738 0.656813085079193 0.631300568580627 0.628362715244293 0.63675320148468 0.634153306484222 0.636057496070862 0.636157989501953 0.634479284286499 0.656865060329437 0.640010476112366 0.649283826351166 0.645963430404663 0.642831385135651 0.643302321434021 0.639727532863617 0.624743759632111 0.627189338207245 0.616696953773499 0.633626103401184 0.63493138551712 0.63657021522522 0.625614523887634 0.607030987739563 0.580702483654022 0.592690110206604 0.643726229667664 0.636887311935425 0.638639986515045 0.670142829418182 0.666280210018158 0.658069014549255 0.649138987064362
0.625349402427673 0.633586227893829 0.636500298976898 0.626934289932251 0.621206760406494 0.621349930763245 0.617361962795258 0.608689725399017 0.632653176784515 0.637015998363495 0.642857074737549 0.650162100791931 0.651631653308868 0.615189611911774 0.622629642486572 0.623187959194183 0.626740455627441 0.626678705215454 0.629187881946564 0.621355950832367 0.625381529331207 0.654729187488556 0.653157591819763 0.646764636039734 0.613687098026276 0.630229532718658 0.64183521270752 0.651463449001312 0.650428473949432 0.637591779232025 0.636910617351532 0.639601528644562 0.629464209079742 0.628518998622894 0.627050817012787 0.634372532367706 0.620590448379517 0.608286619186401 0.626348972320557 0.617617249488831 0.613635659217834 0.620420694351196 0.621078014373779 0.620503067970276 0.64520925283432 0.645834386348724 0.634174287319183
0.634388864040375 0.630573749542236 0.634543180465698 0.639863848686218 0.625628054141998 0.61941933631897 0.621544599533081 0.615056097507477 0.605010569095612 0.606711030006409 0.613417685031891 0.611702680587769 0.611065745353699 0.606978416442871 0.605829656124115 0.608215749263763 0.611809730529785 0.600847184658051 0.673682749271393 0.66834545135498 0.700369358062744 0.69544529914856 0.705386579036713 0.683645486831665 0.673512578010559 0.660528957843781 0.630389511585236 0.634689629077911 0.642845630645752 0.631478250026703 0.635636210441589 0.633398711681366 0.6328404545784 0.627705931663513 0.625576674938202 0.619164288043976 0.604876935482025 0.645546495914459 0.611738741397858 0.578935027122498 0.563300311565399 0.533329427242279 0.536287307739258 0.536803185939789 0.539768218994141 0.560317039489746 0.617336988449097
0.638699769973755 0.633769810199738 0.627915740013123 0.627978265285492 0.623256802558899 0.655901491641998 0.633189558982849 0.617167472839355 0.61517322063446 0.613735973834991 0.609881818294525 0.598441243171692 0.606302618980408 0.59428334236145 0.580958247184753 0.633814990520477 0.626618206501007 0.632722079753876 0.65468293428421 0.659455418586731 0.674668490886688 0.67558491230011 0.672595739364624 0.65897274017334 0.658204615116119 0.667562067508698 0.668809652328491 0.619747340679169 0.609468936920166 0.6146399974823 0.623006761074066 0.621227860450745 0.619170904159546 0.619607031345367 0.613255977630615 0.656388163566589 0.639831840991974 0.616538882255554 0.582152187824249 0.528813719749451 0.459867298603058 0.453364610671997 0.463856488466263 0.48203831911087 0.514150261878967 0.55281537771225 0.540698766708374
0.642065227031708 0.642433941364288 0.633532583713531 0.628073215484619 0.625149428844452 0.628577291965485 0.623931050300598 0.61770099401474 0.616421222686768 0.606422185897827 0.606603860855103 0.592058539390564 0.588154911994934 0.587672173976898 0.62591153383255 0.611041188240051 0.607459604740143 0.615229368209839 0.625389099121094 0.640737175941467 0.63273561000824 0.658028125762939 0.646123707294464 0.640693545341492 0.654224038124084 0.667450726032257 0.643797814846039 0.652488470077515 0.667289316654205 0.669707059860229 0.674083590507507 0.671956241130829 0.661611378192902 0.667034149169922 0.660158157348633 0.655872225761414 0.626978754997253 0.616155803203583 0.564131915569305 0.474745780229568 0.409043878316879 0.409130692481995 0.409298956394196 0.471688359975815 0.515746593475342 0.535552740097046 0.505534529685974
