data/climate_estimation/maxent_output/Veratrum_woodii.asc
NCOLS 205 
NROWS 137 
XLLCORNER -95 
YLLCORNER 30.8333333333333 
CELLSIZE 0.0833333333333333 
NODATA_value -3.4e+38 
[rows 20 to 39 of 137, columns 88 to 131 of 205]
0.40179705619812 0.403083771467209 0.410379260778427 0.437079459428787 0.431991100311279 0.422579050064087 0.39290851354599 0.364211529493332 0.38206148147583 0.392545968294144 0.413362622261047 0.402904629707336 0.467951148748398 0.47138848900795 0.445778459310532 0.492789089679718 0.433141320943832 0.413361549377441 0.394850879907608 0.449414551258087 0.413336008787155 0.464461803436279 0.484220147132874 0.445223957300186 0.41166678071022 0.343226045370102 0.306407451629639 0.288205534219742 0.282756388187408 0.298498541116714 0.299928665161133 0.295643955469131 0.315313935279846 0.2935491502285 0.274445742368698 0.252138942480087 0.235120758414268 0.216207772493362 0.204625889658928 0.202495977282524 0.202216923236847 0.201858833432198 0.221772149205208 0.220045119524002
0.439315408468246 0.438617467880249 0.480065643787384 0.441803872585297 0.411879569292068 0.405274540185928 0.401458084583282 0.347686320543289 0.396155476570129 0.404885470867157 0.415160864591599 0.404674381017685 0.462947934865952 0.490856021642685 0.505972564220428 0.443093836307526 0.446867883205414 0.470090538263321 0.497417509555817 0.469532787799835 0.464239776134491 0.499486923217773 0.49279659986496 0.48265478014946 0.394449830055237 0.323393285274506 0.28738260269165 0.250289052724838 0.263833403587341 0.279212027788162 0.255556493997574 0.253827422857285 0.235091537237167 0.255418181419373 0.248862072825432 0.230578601360321 0.227863177657127 0.214002922177315 0.199028357863426 0.184147253632545 0.19972987473011 0.200352504849434 0.205970332026482 0.198874771595001
0.48055100440979 0.514284670352936 0.484832763671875 0.483852654695511 0.418291747570038 0.441480994224548 0.414261788129807 0.438259154558182 0.408228367567062 0.418374359607697 0.403304308652878 0.420999050140381 0.487163841724396 0.48825404047966 0.526373445987701 0.508102118968964 0.553372859954834 0.557991504669189 0.545740485191345 0.544969141483307 0.556824743747711 0.515779078006744 0.5107501745224 0.454004198312759 0.395536720752716 0.377364099025726 0.304485380649567 0.268302083015442 0.258794128894806 0.264805525541306 0.242912635207176 0.238561987876892 0.23621492087841 0.252107977867126 0.230304732918739 0.246047496795654 0.242696806788445 0.224088847637177 0.193622022867203 0.193373158574104 0.194602847099304 0.198443740606308 0.199696347117424 0.209428295493126
0.533326506614685 0.528442621231079 0.530478656291962 0.531669616699219 0.521017611026764 0.488481342792511 0.461001604795456 0.461240649223328 0.43628916144371 0.428028851747513 0.394591480493546 0.45524001121521 0.481247007846832 0.540736079216003 0.543219387531281 0.591412484645844 0.57152384519577 0.613807857036591 0.609442293643951 0.579532504081726 0.57587593793869 0.537610232830048 0.503147304058075 0.439985632896423 0.39023420214653 0.351904720067978 0.34851610660553 0.324247419834137 0.276922702789307 0.234742134809494 0.238795161247253 0.238347142934799 0.23686321079731 0.230802834033966 0.225522547960281 0.244132712483406 0.221291586756706 0.238568931818008 0.237850844860077 0.222128972411156 0.222549870610237 0.202365085482597 0.223940491676331 0.218104124069214
0.633315145969391 0.641978740692139 0.641771793365479 0.626713216304779 0.562753856182098 0.561456680297852 0.535552740097046 0.507308185100555 0.465786278247833 0.496593862771988 0.465845465660095 0.485996901988983 0.5856973528862 0.590677738189697 0.592429995536804 0.635755062103271 0.646527707576752 0.645640850067139 0.618061006069183 0.621445119380951 0.617488384246826 0.557248473167419 0.516410768032074 0.460980743169785 0.432372212409973 0.385008335113525 0.342466503381729 0.322162270545959 0.275150060653687 0.24824470281601 0.231938913464546 0.234277874231339 0.230952620506287 0.265082001686096 0.25300595164299 0.247945487499237 0.241584494709969 0.244302943348885 0.241758197546005 0.245241686701775 0.247382402420044 0.24387364089489 0.248660683631897 0.249095588922501
0.667180895805359 0.672648310661316 0.680307686328888 0.709274411201477 0.642699897289276 0.641795456409454 0.605324566364288 0.567585468292236 0.572485029697418 0.556167542934418 0.56342339515686 0.590661525726318 0.629518389701843 0.674814820289612 0.70574164390564 0.651307702064514 0.695164620876312 0.691457092761993 0.694058477878571 0.668468356132507 0.663783431053162 0.596821963787079 0.533439218997955 0.479071229696274 0.452826648950577 0.42938020825386 0.378821074962616 0.354958862066269 0.28406223654747 0.278074413537979 0.263870596885681 0.241556793451309 0.247330501675606 0.258155137300491 0.269200831651688 0.276629984378815 0.291545659303665 0.294819504022598 0.291466534137726 0.313912093639374 0.310251116752625 0.287340372800827 0.273274958133698 0.276263356208801
0.731667339801788 0.764416396617889 0.683408796787262 0.762083888053894 0.727279126644135 0.697287082672119 0.657805621623993 0.660463988780975 0.64898806810379 0.613341569900513 0.634106874465942 0.642770171165466 0.645259022712708 0.686275005340576 0.691487371921539 0.719493091106415 0.722559332847595 0.717372596263885 0.721099436283112 0.676543116569519 0.68293958902359 0.64481246471405 0.580680251121521 0.54922878742218 0.518614590167999 0.472074329853058 0.446760833263397 0.420865088701248 0.333788067102432 0.33240133523941 0.307950675487518 0.306673347949982 0.303140491247177 0.328688472509384 0.347997277975082 0.349853694438934 0.378535360097885 0.375020802021027 0.397696137428284 0.395525127649307 0.364545702934265 0.382325917482376 0.333839565515518 0.295510530471802
0.764174044132233 0.784819066524506 0.813464283943176 0.814826250076294 0.789960503578186 0.776929378509521 0.730523228645325 0.688951253890991 0.682389378547668 0.656067311763763 0.658182322978973 0.701250612735748 0.71241569519043 0.71626752614975 0.759574234485626 0.720986604690552 0.729425847530365 0.744252264499664 0.745393812656403 0.744643867015839 0.692118048667908 0.684092938899994 0.671420991420746 0.639160454273224 0.596643269062042 0.546928942203522 0.510984659194946 0.473247975111008 0.435331612825394 0.401131391525269 0.400250852108002 0.40280020236969 0.428816199302673 0.434130966663361 0.492443799972534 0.485157281160355 0.476015120744705 0.475077629089355 0.48301038146019 0.478739112615585 0.493370771408081 0.46481642127037 0.41675990819931 0.36675101518631
0.834186255931854 0.829548120498657 0.84194815158844 0.853756010532379 0.833267748355865 0.829838693141937 0.794399380683899 0.757188618183136 0.690957903862 0.712159633636475 0.681982398033142 0.701987326145172 0.708961367607117 0.709846377372742 0.745737612247467 0.779537677764893 0.775631546974182 0.787077844142914 0.795515835285187 0.716946721076965 0.686389803886414 0.71393233537674 0.679752707481384 0.698856830596924 0.644236743450165 0.564209580421448 0.550860464572906 0.496460884809494 0.43044313788414 0.395078808069229 0.411097437143326 0.44060206413269 0.539183378219604 0.576480507850647 0.548946022987366 0.554364860057831 0.571204423904419 0.584242582321167 0.591414868831635 0.589501321315765 0.539019823074341 0.505921185016632 0.457063436508179 0.34096172451973
0.845521569252014 0.870377600193024 0.872246563434601 0.896558463573456 0.874213516712189 0.852285325527191 0.845318198204041 0.785900831222534 0.754475891590118 0.764431774616241 0.728334009647369 0.737692952156067 0.69306468963623 0.709848523139954 0.763123571872711 0.789186894893646 0.826880395412445 0.829725980758667 0.785876512527466 0.743235409259796 0.745250761508942 0.764461159706116 0.726325511932373 0.687612891197205 0.65506786108017 0.611249208450317 0.57585608959198 0.51522308588028 0.481404185295105 0.443791031837463 0.476878225803375 0.520858108997345 0.579225361347198 0.594113707542419 0.57174551486969 0.580881834030151 0.630237638950348 0.704856991767883 0.658593952655792 0.656584858894348 0.663962423801422 0.628604412078857 0.524752557277679 0.34824737906456
0.892978191375732 0.909845232963562 0.880367875099182 0.916792631149292 0.897874712944031 0.884659767150879 0.845319926738739 0.822351217269897 0.821969330310822 0.786249279975891 0.778336048126221 0.788671791553497 0.762489557266235 0.763713419437408 0.781129777431488 0.804350674152374 0.814100027084351 0.804741501808167 0.807099163532257 0.794922053813934 0.777077436447144 0.775154232978821 0.774190604686737 0.698506951332092 0.664722919464111 0.642414748668671 0.607581198215485 0.563210189342499 0.534391760826111 0.490510612726212 0.589199304580688 0.596811592578888 0.629569411277771 0.591973125934601 0.660449862480164 0.664395093917847 0.688240706920624 0.719955444335938 0.730697691440582 0.715235590934753 0.711203396320343 0.674896061420441 0.555025458335876 0.481502413749695
0.894998669624329 0.905974566936493 0.919874846935272 0.913514852523804 0.913490116596222 0.889850378036499 0.868316769599915 0.825643539428711 0.816849708557129 0.838819861412048 0.809398412704468 0.774315893650055 0.803710758686066 0.77200323343277 0.767580568790436 0.783760249614716 0.788493573665619 0.821675002574921 0.777808964252472 0.755975604057312 0.780639290809631 0.778007626533508 0.7781041264534 0.757858574390411 0.724267244338989 0.664673805236816 0.626426696777344 0.631136000156403 0.58987033367157 0.602292537689209 0.662475407123566 0.634987056255341 0.707749128341675 0.696807444095612 0.70043820142746 0.696443378925323 0.720783650875092 0.704609215259552 0.723325669765472 0.740285277366638 0.733380556106567 0.664600551128387 0.605446636676788 0.550475776195526
0.904630362987518 0.907404959201813 0.914186835289001 0.910248100757599 0.889796793460846 0.892374932765961 0.87867933511734 0.851322412490845 0.837538182735443 0.839454233646393 0.815532684326172 0.774695098400116 0.76224559545517 0.761082887649536 0.762903213500977 0.769009411334991 0.793768465518951 0.778896391391754 0.778896391391754 0.812410652637482 0.777443706989288 0.820181131362915 0.764347434043884 0.735742449760437 0.718905806541443 0.688480615615845 0.650940477848053 0.649840891361237 0.638234257698059 0.694628238677979 0.726069331169128 0.752588033676147 0.751744031906128 0.726288437843323 0.733577311038971 0.742185533046722 0.769990861415863 0.720110595226288 0.736132621765137 0.745467364788055 0.692203879356384 0.668072044849396 0.60164475440979 0.600764870643616
0.928387820720673 0.926829636096954 0.907522916793823 0.887974679470062 0.896623015403748 0.89592844247818 0.870715498924255 0.870272219181061 0.849455654621124 0.815564870834351 0.815086901187897 0.773347318172455 0.766902804374695 0.753439664840698 0.759864926338196 0.752714335918427 0.770470976829529 0.778863310813904 0.783532440662384 0.807020545005798 0.831507086753845 0.825609922409058 0.802391588687897 0.750300228595734 0.725309550762177 0.669582664966583 0.670168399810791 0.630785405635834 0.65766304731369 0.774608731269836 0.787884891033173 0.816462337970734 0.787143647670746 0.770599663257599 0.759065866470337 0.779938995838165 0.773817181587219 0.780148506164551 0.783831179141998 0.727860808372498 0.686578691005707 0.662246823310852 0.622082948684692 0.57119220495224
0.935904204845428 0.938078880310059 0.920850157737732 0.89101368188858 0.886812150478363 0.912027418613434 0.887146174907684 0.889221012592316 0.849279522895813 0.795352041721344 0.816197991371155 0.796676635742188 0.829604208469391 0.774336755275726 0.748982191085815 0.757411539554596 0.758750140666962 0.770572602748871 0.745289504528046 0.820944607257843 0.844703435897827 0.849489271640778 0.806668400764465 0.794186294078827 0.762861609458923 0.690579891204834 0.69533634185791 0.690246820449829 0.725862681865692 0.763203918933868 0.799994349479675 0.818065881729126 0.833580553531647 0.776306807994843 0.789117276668549 0.790357232093811 0.807802081108093 0.800648510456085 0.756854176521301 0.712668716907501 0.698663413524628 0.682021915912628 0.642118811607361 0.589218735694885
0.963543891906738 0.954929053783417 0.934172689914703 0.905751168727875 0.877707600593567 0.919824421405792 0.902731955051422 0.888169050216675 0.864534676074982 0.836381852626801 0.829230785369873 0.783118903636932 0.814086854457855 0.780156016349792 0.757019639015198 0.763226687908173 0.752180278301239 0.760532021522522 0.75581431388855 0.319214046001434 0.351615875959396 0.353433191776276 0.335312992334366 0.803833484649658 0.782205164432526 0.725738883018494 0.694727003574371 0.69416481256485 0.738085985183716 0.771865963935852 0.762378811836243 0.786207616329193 0.781122088432312 0.834252715110779 0.829377233982086 0.831751108169556 0.794720888137817 0.778102695941925 0.791524946689606 0.727780163288116 0.69576621055603 0.664045453071594 0.609151184558868 0.586293041706085
0.976117789745331 0.960515975952148 0.953596651554108 0.928906977176666 0.929633140563965 0.918281853199005 0.910236597061157 0.895354866981506 0.874632835388184 0.86219197511673 0.807163417339325 0.801591575145721 0.795774459838867 0.796906650066376 0.758106827735901 0.744853675365448 0.76009327173233 0.763796746730804 0.743814051151276 0.288820832967758 0.336815506219864 0.356495946645737 0.338355839252472 0.804819643497467 0.785082578659058 0.762536644935608 0.769040584564209 0.742405891418457 0.738496363162994 0.759231567382812 0.756132960319519 0.77300351858139 0.781777381896973 0.785816013813019 0.815555930137634 0.795475900173187 0.738817751407623 0.759388267993927 0.801764965057373 0.716747045516968 0.707746565341949 0.631971895694733 0.599266529083252 0.572628498077393
0.983275294303894 0.978608548641205 0.972972691059113 0.949880540370941 0.938924908638 0.916742324829102 0.906625807285309 0.908269762992859 0.886292159557343 0.83888179063797 0.839579045772552 0.82080340385437 0.784637331962585 0.790930867195129 0.792483389377594 0.796543896198273 0.742008984088898 0.74454265832901 0.388985753059387 0.311314016580582 0.320938378572464 0.341522067785263 0.324081152677536 0.806041657924652 0.805125951766968 0.795393228530884 0.768176317214966 0.746678709983826 0.748352289199829 0.746633887290955 0.733762741088867 0.750186741352081 0.792062282562256 0.802539169788361 0.797755300998688 0.752824187278748 0.744154989719391 0.806112885475159 0.809297382831573 0.758051455020905 0.687069952487946 0.686505734920502 0.608626186847687 0.56172102689743
0.989640772342682 0.988591134548187 0.978607594966888 0.97251832485199 0.954533934593201 0.942034602165222 0.940498352050781 0.922588467597961 0.907321155071259 0.90352588891983 0.874063968658447 0.81213790178299 0.803978860378265 0.808591723442078 0.795256018638611 0.767073035240173 0.747819364070892 0.754481673240662 0.270138144493103 0.299082338809967 0.305398613214493 0.327307462692261 0.342857986688614 0.345580071210861 0.807279050350189 0.809964597225189 0.76648074388504 0.756210327148438 0.754932701587677 0.748422682285309 0.776841402053833 0.779182374477386 0.809202253818512 0.807158231735229 0.739354610443115 0.721814095973969 0.725549876689911 0.744198620319366 0.765325725078583 0.742794930934906 0.674383878707886 0.62602698802948 0.626661002635956 0.582012712955475
0.989239871501923 0.988762080669403 0.984238743782043 0.979955017566681 0.965839862823486 0.974855840206146 0.971090912818909 0.946717500686646 0.945459306240082 0.928464293479919 0.905702769756317 0.870254993438721 0.813572585582733 0.795716226100922 0.772058427333832 0.750201225280762 0.732976853847504 0.397421538829803 0.291345298290253 0.318112373352051 0.466533780097961 0.336426347494125 0.351801842451096 0.343789428472519 0.821164786815643 0.801007270812988 0.778514564037323 0.769779860973358 0.76591432094574 0.761616587638855 0.802931427955627 0.785949110984802 0.759265303611755 0.776832461357117 0.752044260501862 0.712659478187561 0.679833889007568 0.705967545509338 0.721119999885559 0.704373240470886 0.727222740650177 0.609877407550812 0.592701435089111 0.567188799381256
