data/climate_estimation/maxent_output/Veratrum_grandiflorum.asc
NCOLS 175 
NROWS 149 
XLLCORNER 101.75 
YLLCORNER 24.4166666666667 
CELLSIZE 0.0833333333333333 
NODATA_value -3.4e+38 
[rows 80 to 99 of 149, columns 0 to 43 of 175]
0.8021120429039 0.854993522167206 0.855376780033112 0.851823091506958 0.885710775852203 0.853884041309357 0.910362541675568 0.886888921260834 0.88769268989563 0.941436767578125 0.976966142654419 0.995920240879059 0.968257009983063 0.926775455474854 0.980190873146057 0.959318101406097 0.922049462795258 0.917203724384308 0.921109974384308 0.916228771209717 0.921653151512146 0.920959234237671 0.912439227104187 0.920932829380035 0.932011246681213 0.934547185897827 0.953806161880493 0.959608435630798 0.960025012493134 0.959678053855896 0.956808626651764 0.957038760185242 0.959741830825806 0.95953643321991 0.950656652450562 0.928293168544769 0.914610624313354 0.883936285972595 0.864606499671936 0.810459673404694 0.80012834072113 0.717958748340607 0.636722505092621 0.588392436504364
0.853527784347534 0.878729045391083 0.897782564163208 0.865098178386688 0.859817385673523 0.86391019821167 0.915018260478973 0.861008584499359 0.952233195304871 0.978822827339172 0.994758903980255 0.982971012592316 0.938073456287384 0.927441298961639 0.983115375041962 0.911782741546631 0.861918091773987 0.899866759777069 0.923331081867218 0.91095370054245 0.891954779624939 0.895518839359283 0.891478836536407 0.905252516269684 0.917905151844025 0.933655500411987 0.940236926078796 0.946690440177917 0.955847382545471 0.947054505348206 0.945406556129456 0.94229793548584 0.946725785732269 0.946192502975464 0.938835501670837 0.925580680370331 0.896986663341522 0.868716418743134 0.818159937858582 0.796080052852631 0.757412970066071 0.757984101772308 0.656068325042725 0.580793619155884
0.870401501655579 0.897841691970825 0.901255130767822 0.739632427692413 0.906054437160492 0.843283295631409 0.908748805522919 0.907694518566132 0.954216957092285 0.970028460025787 0.984394192695618 0.99621707201004 0.973923444747925 0.972643136978149 0.928247570991516 0.939276039600372 0.859145700931549 0.902856469154358 0.861704707145691 0.848316073417664 0.872568130493164 0.882098138332367 0.89917403459549 0.901561439037323 0.903253376483917 0.91599428653717 0.92625892162323 0.951135158538818 0.942290306091309 0.934818506240845 0.944498717784882 0.941359102725983 0.94155079126358 0.929919123649597 0.921428143978119 0.901190400123596 0.893786549568176 0.832860350608826 0.811777710914612 0.763929128646851 0.74656480550766 0.709391057491302 0.663692474365234 0.620278596878052
0.845237374305725 0.860223829746246 0.895031154155731 0.94260436296463 0.927789688110352 0.877679944038391 0.917341530323029 0.916541635990143 0.936058223247528 0.962345898151398 0.990545272827148 0.993953585624695 0.988010942935944 0.965500891208649 0.979809165000916 0.948240458965302 0.958757877349854 0.852682709693909 0.838775515556335 0.838620245456696 0.845676243305206 0.87078845500946 0.870150506496429 0.88632869720459 0.899912595748901 0.905155837535858 0.9261754155159 0.938812375068665 0.935985267162323 0.932268500328064 0.932173013687134 0.935761094093323 0.93828272819519 0.932105302810669 0.919972717761993 0.88109427690506 0.848221004009247 0.816043436527252 0.758862435817719 0.748083651065826 0.710340201854706 0.710208833217621 0.636728584766388 0.597862958908081
0.809823989868164 0.630609452724457 0.834292709827423 0.933102309703827 0.951795339584351 0.90048748254776 0.922624349594116 0.961239218711853 0.959454715251923 0.974878132343292 0.994867026805878 0.989505469799042 0.967098772525787 0.974813222885132 0.993138253688812 0.981300592422485 0.958057522773743 0.884712934494019 0.921727538108826 0.867066442966461 0.867546677589417 0.84954422712326 0.867256999015808 0.882905244827271 0.88127201795578 0.9107945561409 0.920006692409515 0.926354348659515 0.921409904956818 0.920567989349365 0.924212396144867 0.93293160200119 0.939678192138672 0.936107397079468 0.922507286071777 0.889519453048706 0.81329333782196 0.768382906913757 0.74297308921814 0.731059491634369 0.703265428543091 0.671671450138092 0.639427542686462 0.587922990322113
0.840057969093323 0.648235559463501 0.956827938556671 0.930315852165222 0.938112437725067 0.897271275520325 0.952165544033051 0.94353848695755 0.967277705669403 0.97722202539444 0.993941724300385 0.997858881950378 0.985722184181213 0.987790286540985 0.9977667927742 0.981063663959503 0.984136044979095 0.929295837879181 0.959686875343323 0.927278935909271 0.900770366191864 0.841455340385437 0.847170293331146 0.88102924823761 0.885527908802032 0.913282096385956 0.907640933990479 0.903351902961731 0.905080378055573 0.923364460468292 0.922837436199188 0.930417120456696 0.941290259361267 0.936714589595795 0.928855538368225 0.925776720046997 0.86057460308075 0.761709332466125 0.721722483634949 0.706028759479523 0.713776409626007 0.664614796638489 0.616542935371399 0.55130660533905
0.867589890956879 0.371909201145172 0.450041621923447 0.961444556713104 0.873294830322266 0.907054960727692 0.971235394477844 0.965119242668152 0.955985426902771 0.981946349143982 0.997823178768158 0.999493718147278 0.995820701122284 0.998111486434937 0.998599231243134 0.990760505199432 0.990590631961823 0.967646777629852 0.978997766971588 0.9695183634758 0.872556686401367 0.814539670944214 0.841291785240173 0.866885006427765 0.876843273639679 0.895990431308746 0.894742131233215 0.893934547901154 0.898477554321289 0.907956659793854 0.921008169651031 0.941165566444397 0.944644212722778 0.926629483699799 0.929137647151947 0.901069819927216 0.819172739982605 0.748404383659363 0.68002986907959 0.688253462314606 0.714437544345856 0.653122007846832 0.618374109268188 0.546550631523132
0.964023232460022 0.53930401802063 0.922907590866089 0.987686455249786 0.932636201381683 0.929772973060608 0.987709820270538 0.9746013879776 0.964960157871246 0.965512692928314 0.987321555614471 0.999521136283875 0.999440848827362 0.999161779880524 0.998989403247833 0.998802959918976 0.996801495552063 0.998040020465851 0.997213244438171 0.987222909927368 0.851750314235687 0.838159203529358 0.838056147098541 0.85572212934494 0.868294537067413 0.873688638210297 0.886920094490051 0.890677213668823 0.900462031364441 0.908853590488434 0.921541750431061 0.93554013967514 0.921322405338287 0.902626931667328 0.867638289928436 0.806012392044067 0.762960910797119 0.69579952955246 0.641318023204803 0.666206121444702 0.684601426124573 0.643374383449554 0.597312569618225 0.552170932292938
0.921797215938568 0.984225869178772 0.96257209777832 0.993087351322174 0.961153507232666 0.864729344844818 0.976073145866394 0.996491611003876 0.99750554561615 0.982943892478943 0.959781587123871 0.999635815620422 0.998752176761627 0.997965037822723 0.999076902866364 0.998529255390167 0.998574078083038 0.99836254119873 0.997248768806458 0.973884224891663 0.959839165210724 0.894553124904633 0.851085066795349 0.851098775863647 0.857088804244995 0.861087024211884 0.874179184436798 0.884245276451111 0.882272243499756 0.896688044071198 0.91417396068573 0.877566039562225 0.872362673282623 0.858933866024017 0.838905930519104 0.800722002983093 0.761578440666199 0.705625116825104 0.66954243183136 0.655329644680023 0.648494958877563 0.633763015270233 0.608160972595215 0.561015129089355
0.880995392799377 0.990644872188568 0.991729915142059 0.976860582828522 0.967959046363831 0.901194453239441 0.95015960931778 0.996108651161194 0.985393941402435 0.984438955783844 0.924124538898468 0.985815346240997 0.999488174915314 0.999188899993896 0.999190211296082 0.998911082744598 0.998751759529114 0.997004985809326 0.974692046642303 0.983893752098083 0.98369437456131 0.935293018817902 0.896569728851318 0.878502368927002 0.864915668964386 0.876823902130127 0.881034255027771 0.890344262123108 0.877645194530487 0.870372235774994 0.863650500774384 0.855051159858704 0.854779064655304 0.847922146320343 0.834199488162994 0.809030652046204 0.741716921329498 0.692159950733185 0.675512552261353 0.633271515369415 0.620723247528076 0.61922562122345 0.570710003376007 0.525236845016479
0.968590974807739 0.831657409667969 0.884495675563812 0.997696757316589 0.998415112495422 0.941404044628143 0.856793344020844 0.963296115398407 0.880269944667816 0.918265759944916 0.912258505821228 0.964791238307953 0.985325515270233 0.997364223003387 0.999003827571869 0.998671770095825 0.987935483455658 0.994008719921112 0.962753057479858 0.962042689323425 0.966226637363434 0.949114859104156 0.919417798519135 0.917633056640625 0.888574182987213 0.867178797721863 0.876118659973145 0.869002640247345 0.868695318698883 0.853783071041107 0.852144777774811 0.852021455764771 0.844006299972534 0.824303507804871 0.822713911533356 0.811708986759186 0.767688035964966 0.680621266365051 0.663271009922028 0.622903883457184 0.590847253799438 0.566028952598572 0.509268343448639 0.457243800163269
0.933658301830292 0.990348756313324 0.997978210449219 0.997240245342255 0.991633176803589 0.955081760883331 0.897609889507294 0.872677803039551 0.989313244819641 0.991474390029907 0.997238516807556 0.998348534107208 0.992673456668854 0.992081344127655 0.999103248119354 0.994017779827118 0.991722226142883 0.978503167629242 0.991939842700958 0.993860900402069 0.992918312549591 0.972112953662872 0.952468633651733 0.932221233844757 0.917968571186066 0.884389162063599 0.859900057315826 0.850712180137634 0.86897611618042 0.859813868999481 0.841309130191803 0.839207470417023 0.820838689804077 0.825228869915009 0.832044363021851 0.813694059848785 0.773462057113647 0.715864300727844 0.642361998558044 0.593027889728546 0.582718849182129 0.538063168525696 0.48454412817955 0.408948659896851
0.966482400894165 0.930024266242981 0.997347056865692 0.998250424861908 0.996047616004944 0.999553740024567 0.98513799905777 0.965380609035492 0.996654152870178 0.999568819999695 0.999211251735687 0.999566316604614 0.999510765075684 0.998210549354553 0.999404668807983 0.998498022556305 0.994827747344971 0.996042966842651 0.998194932937622 0.997965812683105 0.995902121067047 0.984908938407898 0.947970867156982 0.920276939868927 0.945273995399475 0.875211000442505 0.853768408298492 0.85298103094101 0.870907127857208 0.8570157289505 0.841964066028595 0.814624190330505 0.812354326248169 0.818977773189545 0.80620950460434 0.801948130130768 0.760860443115234 0.703384757041931 0.620444178581238 0.595498979091644 0.555817067623138 0.510757148265839 0.44728946685791 0.417841792106628
0.990539789199829 0.969426810741425 0.999471783638 0.995166659355164 0.98598051071167 0.995268285274506 0.997886538505554 0.997307419776917 0.999869823455811 0.999463677406311 0.989305019378662 0.954819023609161 0.979788780212402 0.999595284461975 0.998460829257965 0.99936431646347 0.997589826583862 0.998024344444275 0.998026907444 0.998104512691498 0.996854245662689 0.99134224653244 0.979041993618011 0.918081045150757 0.957097232341766 0.896697521209717 0.87507688999176 0.867751955986023 0.866029620170593 0.838717401027679 0.836020231246948 0.816807627677917 0.814452946186066 0.806136250495911 0.791566789150238 0.798034191131592 0.761288344860077 0.72436797618866 0.658962726593018 0.586376965045929 0.511064052581787 0.457200348377228 0.41494557261467 0.387656897306442
0.998203754425049 0.990831077098846 0.999666512012482 0.998833775520325 0.999220550060272 0.999851167201996 0.995728731155396 0.999861001968384 0.998991966247559 0.999822735786438 0.998051881790161 0.929271459579468 0.952329635620117 0.999288558959961 0.995018362998962 0.999309778213501 0.999180614948273 0.999145269393921 0.997821807861328 0.998289883136749 0.987588107585907 0.966091752052307 0.969315350055695 0.948529422283173 0.98233962059021 0.934138894081116 0.925118803977966 0.915958285331726 0.923423767089844 0.854318559169769 0.830479323863983 0.818832874298096 0.815352082252502 0.785844683647156 0.793126404285431 0.781710267066956 0.769709646701813 0.701214909553528 0.64482045173645 0.56278532743454 0.514155626296997 0.446311682462692 0.393917173147202 0.361128956079483
0.998697817325592 0.992406785488129 0.997904241085052 0.996855318546295 0.999659538269043 0.999875664710999 0.999691426753998 0.999757707118988 0.993251502513885 0.999581634998322 0.989395022392273 0.968976140022278 0.963376820087433 0.999647378921509 0.998367786407471 0.999518156051636 0.998922765254974 0.999247550964355 0.998624324798584 0.996185004711151 0.987912535667419 0.973107576370239 0.98667985200882 0.989487588405609 0.989036619663239 0.972924053668976 0.940230488777161 0.932391583919525 0.970368385314941 0.940540432929993 0.841047942638397 0.819892644882202 0.825097799301147 0.796718716621399 0.765831291675568 0.773961424827576 0.72220116853714 0.703685104846954 0.60236656665802 0.547096252441406 0.48281055688858 0.432667076587677 0.389659494161606 0.34606659412384
0.9994797706604 0.995725572109222 0.997888207435608 0.999616980552673 0.999527096748352 0.999475359916687 0.999223649501801 0.999207556247711 0.999662756919861 0.996690094470978 0.998735964298248 0.999814808368683 0.999700307846069 0.999612808227539 0.99897027015686 0.999401450157166 0.998278260231018 0.999222576618195 0.998656332492828 0.989874839782715 0.98893129825592 0.974452555179596 0.983004808425903 0.98573499917984 0.980371236801147 0.983294725418091 0.972541213035583 0.950182199478149 0.970277488231659 0.975942373275757 0.910239815711975 0.825113832950592 0.797059893608093 0.77286821603775 0.759103357791901 0.761761605739594 0.711274564266205 0.662055194377899 0.604833662509918 0.525783121585846 0.47720792889595 0.411041587591171 0.381108343601227 0.332820117473602
0.999679625034332 0.999691426753998 0.999618232250214 0.998815655708313 0.999002277851105 0.981988728046417 0.999763786792755 0.992579817771912 0.99954217672348 0.976987361907959 0.999274253845215 0.999617338180542 0.999821603298187 0.999685227870941 0.998136043548584 0.999411463737488 0.999425649642944 0.99906986951828 0.998659193515778 0.998371720314026 0.962873101234436 0.96269816160202 0.969457149505615 0.965212464332581 0.965384304523468 0.956238806247711 0.971462845802307 0.965317189693451 0.956468343734741 0.94234961271286 0.943894386291504 0.897644877433777 0.852243423461914 0.791778206825256 0.809237658977509 0.760719299316406 0.714805066585541 0.674539148807526 0.588130712509155 0.525609314441681 0.481735467910767 0.452596366405487 0.428435951471329 0.361545950174332
0.997738420963287 0.974536895751953 0.99463427066803 0.999755024909973 0.988523006439209 0.975761294364929 0.999871134757996 0.998769223690033 0.99666303396225 0.99351692199707 0.996812045574188 0.99939626455307 0.99954628944397 0.996882259845734 0.998527467250824 0.999255180358887 0.999435186386108 0.994505524635315 0.998330414295197 0.98877477645874 0.942879259586334 0.945036709308624 0.949215054512024 0.940944910049438 0.949410140514374 0.933471441268921 0.925864100456238 0.929099202156067 0.914825558662415 0.918282985687256 0.894729435443878 0.873245000839233 0.832356512546539 0.818431377410889 0.771159291267395 0.747801899909973 0.692156732082367 0.613065540790558 0.558103799819946 0.538796126842499 0.489056468009949 0.474063783884048 0.414057791233063 0.402330011129379
0.989721179008484 0.992024660110474 0.997088074684143 0.99801629781723 0.956655621528625 0.967011094093323 0.999736309051514 0.999566435813904 0.991132616996765 0.997567892074585 0.997118651866913 0.999761343002319 0.999559164047241 0.998266875743866 0.999705791473389 0.999698519706726 0.999481797218323 0.99731969833374 0.998917818069458 0.945554792881012 0.923825144767761 0.931231915950775 0.917842090129852 0.917278587818146 0.920185685157776 0.921697199344635 0.911461472511292 0.928054332733154 0.9174485206604 0.905750215053558 0.856133937835693 0.812894523143768 0.811332762241364 0.779982924461365 0.750158905982971 0.704104959964752 0.674040555953979 0.593198776245117 0.534351766109467 0.530019402503967 0.489876627922058 0.473392307758331 0.419856131076813 0.359686344861984
